ID,insum,outsum,diff
100000001,115,79,36
100000002,1437,2087,-650
100000003,1020,2041,-1021
100000004,109,574,-465
100000005,766,1379,-613
100000006,1,21,-20
100000007,102,64,38
100000008,0,0,0
100000009,14,18,-4
100000010,1,24,-23
100000011,7,15,-8
100000012,0,0,0
100000013,0,0,0
100000014,0,0,0
100000015,130,215,-85
100000016,1,0,1
100000017,1,0,1
100000018,83,54,29
100000019,125,257,-132
100000020,58,251,-193
100000021,1,0,1
100000022,97,93,4
100000023,18,0,18
100000025,1,2,-1
100000028,15,17,-2
100000029,0,0,0
100000030,0,0,0
100000031,121,445,-324
100000032,132,174,-42
100000033,134,111,23
100000034,0,0,0
100000035,8,67,-59
100000036,43,74,-31
100000037,24,35,-11
100000038,244,46,198
100000039,111,4,107
100000040,0,15,-15
100000041,59,48,11
100000042,87,74,13
100000043,26,42,-16
100000044,0,0,0
100000045,0,1,-1
100000046,0,0,0
100000047,0,0,0
100000048,0,0,0
100000049,0,0,0
100000051,0,0,0
100000053,0,0,0
100000054,13,8,5
100000055,0,0,0
100000056,13,30,-17
100000057,102,60,42
100000058,0,0,0
100000059,1,1,0
100000060,80,15,65
100000061,58,22,36
100000062,65,56,9
100000063,95,45,50
100000064,149,15,134
100000065,23,5,18
100000066,1,2,-1
100000067,7,10,-3
100000068,39,11,28
100000069,8,13,-5
100000072,0,0,0
100000073,0,0,0
100000075,0,0,0
100000076,175,921,-746
100000077,39,45,-6
100000078,18,230,-212
100000079,1,113,-112
100000080,2,43,-41
100000081,2,23,-21
100000102,345,1297,-952
100000103,110,120,-10
100000104,95,112,-17
100000105,0,0,0
100000106,100,1350,-1250
100000107,10,425,-415
100000108,2,25,-23
100000109,76,34,42
100000116,71,98,-27
100000117,2,88,-86
100000118,399,40,359
100000119,149,23,126
100000121,34,16,18
100000122,103,100,3
100000123,248,94,154
100000124,95,104,-9
100000125,23,45,-22
100000126,3,9,-6
100000127,2,1,1
100000128,2,13,-11
100000129,8,5,3
100000130,0,0,0
100000131,0,1,-1
100000132,10,124,-114
100000133,214,93,121
100000135,110,103,7
100000139,44,122,-78
100000140,0,0,0
100000142,74,34,40
100000143,0,0,0
100000144,0,0,0
100000147,262,1162,-900
100000150,10,21,-11
100000151,107,549,-442
100000153,0,0,0
100000154,0,0,0
100000155,0,51,-51
100000156,22,100,-78
100000157,315,68,247
100000158,47,87,-40
100000159,3,52,-49
100000165,58,29,29
100000169,0,0,0
100000174,0,0,0
100000179,2,17,-15
100000180,0,0,0
100000181,0,0,0
100000188,0,0,0
100000189,114,18,96
100000190,39,237,-198
100000191,4,215,-211
100000192,0,222,-222
100000193,48,42,6
100000330,0,0,0
100000355,5,0,5
100000362,185,56,129
100000363,1686,2441,-755
100000364,0,0,0
100000365,2618,1148,1470
100000366,431,311,120
100000367,2231,1733,498
100000368,89,35,54
100000369,68,807,-739
100000370,3,19,-16
100000376,1,3,-2
100000379,67,566,-499
100000380,836,1431,-595
100000384,1249,2226,-977
100000385,115,592,-477
100000386,436,1116,-680
100000387,228,1290,-1062
100000388,1309,982,327
100000389,1225,2012,-787
100000390,657,272,385
100000391,538,1937,-1399
100000392,140,183,-43
100000393,85,703,-618
100000394,80,283,-203
100000395,93,232,-139
100000396,215,320,-105
100000397,317,645,-328
100000398,2200,845,1355
100000413,0,0,0
100900002,0,0,0
100900003,0,0,0
100900004,0,0,0
100900005,0,0,0
100900006,0,0,0
100900007,0,0,0
100900008,0,0,0
100900009,0,0,0
100900010,0,0,0
100900011,0,0,0
100900012,0,0,0
100900013,0,0,0
100900014,0,0,0
100900015,0,0,0
100900016,0,0,0
100900017,0,0,0
100900018,0,0,0
100900019,0,0,0
100900020,0,0,0
100900021,0,0,0
100900022,0,0,0
100900023,0,0,0
100900024,0,0,0
100900025,0,0,0
100900026,0,0,0
100900027,0,0,0
100900028,0,0,0
100900029,0,0,0
100900030,0,0,0
100900031,0,0,0
100900032,0,0,0
100900033,0,0,0
100900034,0,0,0
100900035,0,0,0
100900036,0,0,0
100900037,0,0,0
100900038,0,0,0
100900039,0,0,0
100900040,0,0,0
100900041,0,0,0
100900042,6,3,3
100900043,0,0,0
100900044,0,0,0
100900045,0,0,0
100900046,0,0,0
100900047,0,0,0
100900048,0,0,0
100900049,0,0,0
100900050,0,0,0
100900051,0,0,0
100900052,0,0,0
100900053,0,0,0
100900054,0,0,0
100900055,0,0,0
100900056,0,0,0
100900057,0,0,0
100900058,0,0,0
100900059,0,0,0
100900060,0,0,0
100900061,0,0,0
100900062,0,0,0
100900063,0,0,0
100900064,0,0,0
100900065,0,0,0
100900066,0,0,0
100900067,0,0,0
100900068,0,0,0
100900069,0,0,0
100900070,0,0,0
100900071,0,0,0
100900072,0,0,0
100900073,0,0,0
100900074,0,0,0
100900075,0,0,0
100900076,0,0,0
100900077,0,0,0
100900078,0,0,0
100900079,0,0,0
100900080,0,0,0
100900081,0,0,0
100900082,0,0,0
100900083,0,0,0
100900085,0,0,0
100900086,0,0,0
100900088,0,0,0
100900089,0,0,0
100900090,0,0,0
100900091,0,0,0
100900092,0,0,0
100900093,0,0,0
100900094,0,0,0
100900095,0,0,0
100900096,0,0,0
100900097,0,0,0
100900098,0,0,0
100900099,0,0,0
100900100,0,0,0
100900101,0,0,0
100900102,0,0,0
100900103,0,0,0
100900104,0,0,0
100900105,0,0,0
100900106,0,0,0
100900107,0,0,0
100900108,0,0,0
100900109,0,0,0
100900110,0,0,0
100900111,0,0,0
100900112,0,0,0
100900113,0,0,0
100900114,0,0,0
100900115,0,0,0
100900116,0,0,0
100900117,0,0,0
100900118,0,0,0
100900119,0,0,0
100900120,0,0,0
100900121,0,0,0
100900122,0,0,0
100900123,0,0,0
100900124,0,0,0
100900125,0,0,0
100900126,0,0,0
100900127,0,0,0
100900128,0,0,0
100900129,0,0,0
100900131,0,0,0
100900133,0,0,0
100900134,0,0,0
100900135,0,0,0
100900137,0,0,0
100900138,0,0,0
100900139,0,0,0
100900140,0,0,0
100900141,0,0,0
100900142,0,0,0
100900143,0,0,0
100900144,0,0,0
100900145,0,0,0
100900146,0,0,0
100900147,0,0,0
100900148,0,0,0
100900149,0,0,0
100900150,0,0,0
100900151,0,0,0
100900152,0,0,0
100900153,0,0,0
100900154,0,0,0
100900155,0,0,0
100900156,0,0,0
100900157,0,0,0
100900159,0,0,0
100900160,0,0,0
100900161,0,0,0
100900162,0,0,0
100900163,0,0,0
100900164,0,0,0
100900165,0,0,0
100900166,0,0,0
100900167,0,0,0
100900168,0,0,0
100900169,0,0,0
100900170,0,0,0
100900171,0,0,0
100900172,0,0,0
100900173,0,0,0
100900174,0,0,0
100900176,0,0,0
100900177,0,0,0
100900178,0,0,0
100900179,0,0,0
100900180,0,0,0
100900181,0,0,0
100900182,0,0,0
100900184,0,0,0
100900186,0,0,0
100900187,0,0,0
100900188,0,0,0
100900189,0,0,0
100900191,0,0,0
100900192,0,0,0
100900195,0,0,0
100900197,0,0,0
100900198,0,0,0
100900199,0,0,0
100900200,0,0,0
100900201,0,0,0
100900202,0,0,0
100900203,0,0,0
100900204,0,0,0
100900205,0,0,0
100900206,0,0,0
100900207,0,0,0
100900210,0,0,0
100900211,0,0,0
100900213,0,0,0
100900214,0,0,0
100900215,0,0,0
100900217,0,0,0
101000001,126,284,-158
101000002,37,106,-69
101000003,1,32,-31
101000004,1083,1212,-129
101000005,740,1370,-630
101000006,351,77,274
101000007,23,344,-321
101000008,208,702,-494
101000009,193,28,165
101000010,54,26,28
101000011,16,52,-36
101000012,0,0,0
101000013,19,101,-82
101000014,45,173,-128
101000015,12,9,3
101000016,0,0,0
101000017,0,0,0
101000018,95,9,86
101000020,101,40,61
101000021,20,122,-102
101000022,0,0,0
101000023,43,195,-152
101000025,0,0,0
101000026,0,0,0
101000027,112,172,-60
101000028,0,0,0
101000029,0,0,0
101000030,0,0,0
101000031,1,27,-26
101000032,532,911,-379
101000033,7,8,-1
101000034,46,76,-30
101000035,0,0,0
101000036,3,33,-30
101000037,61,264,-203
101000039,0,0,0
101000040,67,119,-52
101000041,850,1614,-764
101000042,9,175,-166
101000043,26,176,-150
101000045,54,208,-154
101000046,309,410,-101
101000047,373,257,116
101000048,41,99,-58
101000049,0,5,-5
101000050,50,194,-144
101000051,43,458,-415
101000052,139,472,-333
101000053,159,139,20
101000054,156,36,120
101000055,375,557,-182
101000056,0,2,-2
101000057,31,2,29
101000058,26,309,-283
101000059,238,1180,-942
101000060,23,1,22
101000061,53,1053,-1000
101000062,14,0,14
101000063,58,625,-567
101000064,33,1,32
101000065,61,262,-201
101000066,94,202,-108
101000067,24,3,21
101000068,36,42,-6
101000069,68,16,52
101000070,179,21,158
101000071,36,54,-18
101000072,668,455,213
101000073,158,126,32
101000074,1049,364,685
101000075,1186,293,893
101000077,316,44,272
101000078,195,53,142
101000079,274,217,57
101000080,56,9,47
101000081,257,75,182
101000082,49,27,22
101000083,338,148,190
101000084,29,9,20
101000085,382,264,118
101000086,0,0,0
101000087,0,0,0
101000088,366,177,189
101000089,119,88,31
101000090,0,0,0
101000091,11,3,8
101000092,244,39,205
101000093,142,48,94
101000094,9,52,-43
101000095,2,19,-17
101000096,101,29,72
101000097,7,9,-2
101000098,1,10,-9
101000099,26,116,-90
101000100,2,5,-3
101000101,81,44,37
101000102,29,76,-47
101000103,53,61,-8
101000104,13,136,-123
101000105,7,54,-47
101000106,0,0,0
101000107,0,0,0
101000108,0,0,0
101000109,0,0,0
101000110,0,0,0
101000111,0,0,0
101000113,0,0,0
101000114,249,106,143
101000115,0,0,0
101000116,0,0,0
101000117,0,0,0
101000119,0,0,0
101000120,0,0,0
101000121,0,0,0
101000122,0,0,0
101000123,0,0,0
101000124,0,0,0
101000125,1,1,0
101000128,0,0,0
101000130,27,13,14
101000131,74,16,58
101000132,6,4,2
101000135,0,0,0
101000136,0,0,0
101000137,0,2,-2
101000141,199,1669,-1470
101000147,9,7,2
101000148,0,0,0
101000149,0,0,0
101000150,0,0,0
101000151,0,0,0
101000152,14,10,4
101000153,11,9,2
101000154,1,5,-4
101000155,0,0,0
101000156,0,0,0
101000157,0,0,0
101000160,0,0,0
101000163,25,155,-130
101000164,0,0,0
101000165,65,65,0
101000166,42,21,21
101000168,0,0,0
101000252,276,77,199
101000254,0,0,0
101000258,0,0,0
101000261,4,0,4
101000262,213,2081,-1868
101000263,74,258,-184
101000265,0,0,0
101000266,0,0,0
101000269,0,0,0
101000290,66,93,-27
101000293,0,0,0
101000294,14,9,5
101000295,2,18,-16
101000301,5,5,0
101000304,128,526,-398
101000305,298,344,-46
101000328,23,163,-140
101900001,0,0,0
101900002,0,0,0
101900003,0,0,0
101900004,0,0,0
101900005,0,0,0
101900006,0,0,0
101900007,0,0,0
101900008,0,0,0
101900009,0,0,0
101900010,0,0,0
101900011,0,0,0
101900012,0,0,0
101900013,0,0,0
101900017,0,0,0
101900018,0,0,0
101900019,0,0,0
101900020,0,0,0
101900021,0,0,0
101900022,0,0,0
101900023,0,0,0
101900026,0,0,0
101900027,0,0,0
102000001,252,432,-180
102000002,78,85,-7
102000003,70,277,-207
102000004,109,340,-231
102000005,43,323,-280
102000006,31,267,-236
102000007,46,408,-362
102000008,351,221,130
102000009,367,540,-173
102000010,296,325,-29
102000011,193,557,-364
102000012,370,417,-47
102000018,92,125,-33
102000019,0,0,0
102000026,0,0,0
102000029,0,0,0
102000030,0,0,0
102000031,0,0,0
102000032,0,0,0
102000033,0,0,0
102000034,0,0,0
102000035,0,0,0
102000036,0,0,0
102000037,0,0,0
102000038,0,0,0
102000039,0,0,0
102000040,0,0,0
102000041,0,0,0
102000042,0,0,0
102000043,0,0,0
102000044,0,0,0
102000045,114,61,53
102000046,0,0,0
102000047,24,85,-61
102000048,0,0,0
102000049,0,0,0
102000050,103,61,42
102000051,0,0,0
102000052,145,93,52
102000053,0,0,0
102000054,60,4,56
102000055,54,0,54
102000056,323,31,292
102000057,32,100,-68
102000058,38,8,30
102000059,17,22,-5
102000060,436,290,146
102000061,4,18,-14
102000062,186,135,51
102000063,4,5,-1
102000064,4,38,-34
102000065,0,1,-1
102000066,32,14,18
102000067,22,112,-90
102000068,326,287,39
102000069,0,0,0
102000070,0,0,0
102000071,680,473,207
102000072,409,432,-23
102000073,0,0,0
102000074,0,0,0
102000075,0,0,0
102000076,0,0,0
102000077,5,1,4
102000078,0,0,0
102000079,2,1,1
102000080,0,0,0
102000081,27,2,25
102000082,0,0,0
102000083,0,4,-4
102000084,145,28,117
102000085,2,3,-1
102000086,118,59,59
102000087,8,8,0
102000088,15,29,-14
102000089,98,78,20
102000090,90,158,-68
102000091,215,173,42
102000092,56,102,-46
102000093,133,140,-7
102000094,90,43,47
102000095,0,0,0
102000096,370,153,217
102000097,0,0,0
102000098,55,73,-18
102000099,38,5,33
102000100,45,29,16
102000101,19,44,-25
102000102,8,27,-19
102000103,1,42,-41
102000104,0,0,0
102000105,0,0,0
102000106,0,0,0
102000107,0,0,0
102000108,0,0,0
102000109,0,0,0
102000110,0,0,0
102000111,0,0,0
102000112,0,0,0
102000113,0,0,0
102000114,0,0,0
102000115,0,0,0
102000116,5,76,-71
102000117,0,0,0
102000118,47,340,-293
102000119,0,0,0
102000120,0,0,0
102000121,0,0,0
102000122,0,0,0
102000123,0,0,0
102000124,0,0,0
102000125,0,0,0
102000126,0,0,0
102000127,0,0,0
102000128,0,0,0
102000129,0,0,0
102000130,0,0,0
102000131,0,0,0
102000132,0,0,0
102000133,177,34,143
102000134,57,67,-10
102000135,0,0,0
102000136,0,0,0
102000137,0,0,0
102000138,0,0,0
102000139,0,0,0
102000140,0,0,0
102000141,0,0,0
102000142,0,0,0
102000143,0,0,0
102000144,0,0,0
102000145,0,0,0
102000146,0,0,0
102000147,0,0,0
102000148,0,0,0
102000149,0,0,0
102000150,0,0,0
102000151,0,0,0
102000152,0,0,0
102000153,0,0,0
102000154,0,0,0
102000155,0,0,0
102000156,0,0,0
102000157,0,0,0
102000158,0,0,0
102000159,0,0,0
102000161,0,0,0
102000162,0,0,0
102000163,0,0,0
102000164,0,0,0
102000165,0,0,0
102000166,0,3,-3
102000167,0,0,0
102000168,1,1,0
102000169,1,3,-2
102000170,0,0,0
102000171,0,0,0
102000172,0,0,0
102000173,4,7,-3
102000174,0,0,0
102000175,8,0,8
102000176,0,1,-1
102000178,0,9,-9
102000179,8,19,-11
102000180,37,4,33
102000181,69,7,62
102000182,44,5,39
102000183,160,90,70
102000184,21,3,18
102000185,220,57,163
102000186,26,3,23
102000187,49,20,29
102000188,169,77,92
102000189,34,16,18
102000190,106,163,-57
102000191,67,43,24
102000192,0,0,0
102000193,0,0,0
102000194,0,0,0
102000195,0,0,0
102000196,0,0,0
102000197,0,0,0
102000198,0,0,0
102000199,0,0,0
102000200,0,0,0
102000201,0,0,0
102000202,0,0,0
102000203,0,0,0
102000204,0,0,0
102000205,0,0,0
102000206,0,0,0
102000207,0,0,0
102000208,0,0,0
102000209,0,0,0
102000210,0,0,0
102000211,0,0,0
102000212,0,0,0
102000213,0,0,0
102000214,0,0,0
102000215,0,0,0
102000216,0,0,0
102000217,0,0,0
102000218,0,0,0
102000219,0,0,0
102000225,212,168,44
102000226,0,0,0
102000227,0,0,0
102000228,0,0,0
102000229,0,0,0
102000230,14,26,-12
102000231,0,0,0
102000232,0,0,0
102000233,50,71,-21
102000234,11,205,-194
102000236,0,0,0
102000237,0,0,0
102000238,0,0,0
102000240,0,0,0
102000241,0,0,0
102000243,0,4,-4
102000245,0,0,0
102000246,0,0,0
102000247,1,39,-38
102000248,24,137,-113
102000249,0,0,0
102000250,0,0,0
102000254,43,32,11
102000266,0,0,0
102000271,0,0,0
102000286,0,6,-6
102000297,0,0,0
102000299,0,0,0
102000301,0,0,0
102000303,0,0,0
102000305,0,0,0
102000307,0,0,0
102900001,0,0,0
102900002,0,0,0
102900003,0,0,0
102900005,0,0,0
102900006,0,0,0
102900007,0,0,0
102900008,0,0,0
102900009,0,0,0
102900010,0,0,0
102900011,0,0,0
102900012,0,0,0
102900013,0,0,0
102900015,0,0,0
102900016,0,0,0
102900017,0,0,0
102900018,0,0,0
102900019,0,0,0
102900020,0,0,0
102900021,0,0,0
102900022,0,0,0
102900023,0,0,0
102900024,0,0,0
102900025,0,0,0
102900026,0,0,0
102900027,0,0,0
102900028,0,0,0
102900029,0,0,0
102900030,0,0,0
102900031,0,0,0
102900032,0,0,0
102900033,0,0,0
102900034,0,0,0
102900035,0,0,0
102900036,0,0,0
102900037,0,0,0
102900038,0,0,0
102900039,0,0,0
102900040,0,0,0
102900041,0,0,0
102900042,0,0,0
102900043,0,0,0
102900044,0,0,0
102900045,0,0,0
102900046,0,0,0
102900047,0,0,0
102900048,0,0,0
102900049,0,0,0
102900050,0,0,0
102900051,0,0,0
102900053,0,0,0
102900054,0,0,0
102900055,0,0,0
102900056,0,0,0
102900057,0,0,0
102900058,0,0,0
102900059,0,0,0
102900060,0,0,0
102900061,0,0,0
102900062,0,0,0
102900063,0,0,0
102900064,0,0,0
102900065,0,0,0
102900066,0,0,0
102900068,0,0,0
102900070,0,0,0
102900072,0,0,0
102900073,0,0,0
102900075,0,0,0
102900076,0,0,0
102900077,0,0,0
102900078,0,0,0
102900079,0,0,0
102900080,0,0,0
102900081,0,0,0
102900082,0,0,0
102900083,0,0,0
102900084,0,0,0
102900085,0,0,0
102900086,0,0,0
102900087,0,0,0
102900088,0,0,0
102900089,0,0,0
102900090,0,0,0
102900091,0,0,0
102900092,0,0,0
102900094,0,0,0
102900095,0,0,0
102900096,0,0,0
102900097,0,0,0
103000001,145,69,76
103000002,33,48,-15
103000003,74,120,-46
103000004,5,21,-16
103000005,528,251,277
103000006,168,145,23
103000007,7,13,-6
103000008,0,0,0
103000009,95,103,-8
103000010,0,0,0
103000011,17,29,-12
103000012,389,419,-30
103000013,120,9,111
103000014,355,685,-330
103000015,0,0,0
103000016,50,93,-43
103000017,90,49,41
103000018,0,0,0
103000019,133,77,56
103000020,3,57,-54
103000021,899,666,233
103000022,19,46,-27
103000023,387,635,-248
103000024,0,0,0
103000025,8,143,-135
103000026,0,0,0
103000027,60,65,-5
103000028,20,24,-4
103000029,41,49,-8
103000030,29,58,-29
103000031,100,237,-137
103000032,183,162,21
103000033,1623,669,954
103000034,14,15,-1
103000035,59,184,-125
103000036,7,247,-240
103000037,7,9,-2
103000038,181,243,-62
103000039,1,37,-36
103000040,14,69,-55
103000041,158,197,-39
103000042,47,15,32
103000043,98,88,10
103000044,0,0,0
103000046,0,0,0
103000047,0,0,0
103000048,0,0,0
103000049,0,0,0
103000050,0,0,0
103000051,0,0,0
103000052,0,0,0
103000053,0,0,0
103000054,251,17,234
103000055,451,49,402
103000056,18,38,-20
103000057,258,146,112
103000058,190,17,173
103000059,32,34,-2
103000060,91,32,59
103000061,67,78,-11
103000062,0,0,0
103000063,107,91,16
103000064,0,0,0
103000065,0,0,0
103000066,0,0,0
103000069,0,0,0
103000070,0,0,0
103000071,40,34,6
103000072,0,0,0
103000073,84,3,81
103000074,96,8,88
103000075,0,0,0
103000076,15,27,-12
103000077,0,0,0
103000078,70,37,33
103000079,18,54,-36
103000080,213,30,183
103000081,3,111,-108
103000082,145,15,130
103000083,0,0,0
103000084,3,0,3
103000085,0,0,0
103000086,144,89,55
103000087,63,173,-110
103000088,0,0,0
103000089,72,121,-49
103000090,434,297,137
103000091,70,78,-8
103000092,293,31,262
103000093,0,0,0
103000094,109,21,88
103000095,0,0,0
103000096,182,12,170
103000097,0,0,0
103000098,183,4,179
103000099,0,0,0
103000100,0,0,0
103000101,139,9,130
103000102,0,0,0
103000103,94,16,78
103000104,1,0,1
103000105,40,1,39
103000106,0,0,0
103000107,48,1,47
103000108,84,35,49
103000109,19,13,6
103000110,63,56,7
103000111,0,0,0
103000112,28,26,2
103000113,0,0,0
103000114,244,91,153
103000115,61,16,45
103000116,53,13,40
103000117,127,8,119
103000118,0,0,0
103000119,0,0,0
103000120,0,0,0
103000121,8,9,-1
103000122,276,856,-580
103000125,1,11,-10
103000126,79,1,78
103000127,0,10,-10
103000128,1,2,-1
103000129,1,6,-5
103000130,39,0,39
103000131,1,27,-26
103000132,2,4,-2
103000133,0,20,-20
103000134,116,46,70
103000135,93,36,57
103000136,295,60,235
103000137,34,132,-98
103000138,80,182,-102
103000139,0,0,0
103000140,19,30,-11
103000141,0,0,0
103000142,20,14,6
103000143,0,0,0
103000144,21,5,16
103000145,1,3,-2
103000150,0,0,0
103000152,0,0,0
103000153,60,17,43
103000156,0,17,-17
103000157,47,0,47
103000159,0,0,0
103000162,1,0,1
103000163,0,30,-30
103000164,0,0,0
103000165,0,0,0
103000166,43,55,-12
103000167,15,7,8
103000168,0,0,0
103000169,75,13,62
103000170,403,299,104
103000171,1,2,-1
103000172,108,11,97
103000173,0,0,0
103000174,98,8,90
103000175,0,0,0
103000176,3,16,-13
103000177,0,0,0
103000178,0,0,0
103000179,0,0,0
103000183,63,0,63
103000185,10,0,10
103000186,48,4,44
103000187,0,0,0
103000188,0,0,0
103000189,0,0,0
103000191,0,0,0
103000292,1,57,-56
103000293,24,169,-145
103000295,65,14,51
103000296,3,1,2
103000297,7,1,6
103000504,0,0,0
103000505,0,0,0
103000506,0,0,0
103000507,0,0,0
103000508,0,0,0
103000509,0,0,0
103900001,0,0,0
103900002,0,0,0
103900003,0,0,0
103900004,0,0,0
103900005,0,0,0
103900006,0,0,0
103900007,0,0,0
103900008,0,0,0
103900009,0,0,0
103900010,0,0,0
103900011,0,0,0
103900012,0,0,0
103900013,0,0,0
103900014,0,0,0
103900015,0,0,0
103900016,0,0,0
103900017,0,0,0
103900018,0,0,0
103900019,0,0,0
103900020,0,0,0
103900021,0,0,0
103900022,0,0,0
103900023,0,0,0
103900024,0,0,0
103900025,0,0,0
103900026,0,0,0
103900027,0,0,0
103900028,0,0,0
103900029,0,0,0
103900030,0,0,0
103900031,0,0,0
103900032,0,0,0
103900033,0,0,0
103900034,0,0,0
103900035,0,0,0
103900036,0,0,0
103900037,0,0,0
103900038,0,0,0
103900039,0,0,0
103900040,0,0,0
103900041,0,0,0
103900042,0,0,0
103900043,0,0,0
103900044,0,0,0
103900045,0,0,0
103900047,0,0,0
103900048,0,0,0
103900049,0,0,0
103900050,0,0,0
103900051,0,0,0
103900052,0,0,0
103900053,0,0,0
103900054,0,0,0
103900055,0,0,0
103900056,0,0,0
103900057,0,0,0
103900058,0,0,0
103900059,0,0,0
103900060,0,0,0
103900061,0,0,0
103900062,0,0,0
103900063,0,0,0
103900064,0,0,0
103900065,0,0,0
103900066,0,0,0
103900067,0,0,0
103900068,0,0,0
103900069,0,0,0
103900070,0,0,0
103900071,0,0,0
103900072,0,0,0
103900073,0,0,0
103900074,0,0,0
103900075,0,0,0
103900076,0,0,0
103900077,0,0,0
103900078,0,0,0
103900079,0,0,0
103900080,0,0,0
103900081,0,0,0
103900082,0,0,0
103900083,0,0,0
103900084,0,0,0
103900085,0,0,0
103900086,0,0,0
103900088,0,0,0
103900089,0,0,0
103900090,0,0,0
103900091,0,0,0
103900092,0,0,0
103900093,0,0,0
103900094,0,0,0
103900095,0,0,0
103900096,0,0,0
103900097,0,0,0
103900098,0,0,0
103900099,0,0,0
103900100,0,0,0
103900101,0,0,0
103900102,0,0,0
103900104,0,0,0
103900105,0,0,0
103900106,0,0,0
103900107,0,0,0
103900108,0,0,0
103900109,0,0,0
103900110,0,0,0
103900111,0,0,0
103900112,0,0,0
103900113,0,0,0
103900114,0,0,0
103900115,0,0,0
103900116,0,0,0
103900117,0,0,0
103900119,0,0,0
103900120,0,0,0
103900122,0,0,0
103900123,0,0,0
103900124,0,0,0
103900125,0,0,0
103900126,0,0,0
103900127,0,0,0
103900128,0,0,0
103900131,0,0,0
103900133,0,0,0
103900134,0,0,0
103900135,0,0,0
103900137,0,0,0
103900138,0,0,0
103900139,0,0,0
103900140,0,0,0
103900141,0,0,0
103900142,0,0,0
103900143,0,0,0
103900144,0,0,0
103900145,0,0,0
103900146,0,0,0
103900147,0,0,0
103900148,0,0,0
103900149,0,0,0
103900150,0,0,0
103900151,0,0,0
103900152,0,0,0
103900153,0,0,0
103900154,0,0,0
103900155,0,0,0
103900156,0,0,0
103900157,0,0,0
103900158,0,0,0
103900159,0,0,0
103900160,0,0,0
103900161,0,0,0
103900162,0,0,0
103900163,0,0,0
103900167,0,0,0
103900168,0,0,0
103900169,0,0,0
103900170,0,0,0
103900171,0,0,0
103900172,0,0,0
103900173,0,0,0
103900174,0,0,0
103900175,0,0,0
103900176,0,0,0
103900177,0,0,0
103900178,0,0,0
103900179,0,0,0
103900180,0,0,0
103900181,0,0,0
103900182,0,0,0
103900184,0,0,0
103900185,0,0,0
103900187,0,0,0
103900188,0,0,0
103900189,0,0,0
103900190,0,0,0
103900191,0,0,0
103900192,0,0,0
103900193,0,0,0
103900194,0,0,0
103900195,0,0,0
103900196,0,0,0
103900197,0,0,0
103900198,0,0,0
103900199,0,0,0
103900200,0,0,0
103900201,0,0,0
103900202,0,0,0
103900203,0,0,0
103900204,0,0,0
103900207,0,0,0
103900208,0,0,0
103900209,0,0,0
103900210,0,0,0
103900211,0,0,0
103900212,0,0,0
103900213,0,82,-82
103900214,49,127,-78
103900215,34,50,-16
103900216,0,0,0
103900217,0,0,0
103900218,0,0,0
103900219,0,0,0
103900233,0,0,0
103900235,0,0,0
103900236,0,0,0
103900242,0,0,0
103900243,0,0,0
103900244,0,0,0
103900245,0,0,0
103900246,0,0,0
103900247,0,0,0
103900248,0,0,0
103900249,0,0,0
103900250,0,0,0
103900251,0,0,0
103900253,0,0,0
103900254,0,0,0
103900255,0,0,0
103900256,0,0,0
103900257,0,0,0
103900258,0,0,0
103900259,0,0,0
103900261,0,0,0
103900262,0,0,0
103900263,0,0,0
103900264,0,0,0
103900265,0,0,0
103900266,0,0,0
103900267,0,0,0
103900268,0,0,0
103900269,0,0,0
103900270,0,0,0
103900271,0,0,0
103900272,0,0,0
103900273,0,0,0
103900274,0,0,0
103900275,0,0,0
103900276,0,0,0
103900277,0,0,0
103900278,0,0,0
103900279,0,0,0
103900280,0,0,0
104000001,537,246,291
104000002,29,64,-35
104000003,820,437,383
104000004,794,287,507
104000005,487,559,-72
104000006,1086,309,777
104000007,783,188,595
104000008,113,93,20
104000009,121,65,56
104000010,150,49,101
104000011,0,0,0
104000012,0,0,0
104000013,167,55,112
104000014,0,0,0
104000015,153,23,130
104000016,0,0,0
104000018,169,85,84
104000019,270,203,67
104000020,60,100,-40
104000021,132,90,42
104000022,7,29,-22
104000023,164,21,143
104000024,0,0,0
104000026,0,0,0
104000027,29,24,5
104000028,248,41,207
104000029,12,36,-24
104000030,221,66,155
104000031,80,16,64
104000032,0,0,0
104000033,247,9,238
104000034,0,0,0
104000035,289,23,266
104000036,266,71,195
104000037,0,0,0
104000038,202,76,126
104000039,58,49,9
104000040,35,60,-25
104000041,90,40,50
104000042,41,19,22
104000043,70,26,44
104000044,95,25,70
104000045,110,41,69
104000046,115,71,44
104000047,31,249,-218
104000048,169,371,-202
104000049,3,2,1
104000050,4,5,-1
104000051,0,0,0
104000052,242,82,160
104000053,72,44,28
104000054,4,0,4
104000055,305,134,171
104000056,11,1,10
104000057,0,0,0
104000058,248,37,211
104000059,138,158,-20
104000060,195,61,134
104000061,50,47,3
104000062,32,0,32
104000064,0,0,0
104000065,0,1,-1
104000069,0,0,0
104000070,0,0,0
104000071,0,0,0
104000072,28,12,16
104000075,0,0,0
104000076,0,0,0
104000082,165,238,-73
104000083,6,21,-15
104000084,15,51,-36
104000085,20,0,20
104000086,3,35,-32
104000087,5,0,5
104000090,0,0,0
104000092,0,0,0
104000094,0,0,0
104000095,36,297,-261
104000096,165,2,163
104000097,698,49,649
104000098,801,66,735
104000100,936,96,840
104000101,180,211,-31
104000106,3,9,-6
104000107,129,13,116
104000108,60,3,57
104000109,68,9,59
104000110,70,10,60
104000111,111,36,75
104000112,4,23,-19
104000116,0,0,0
104000117,77,18,59
104000118,35,5,30
104000119,27,8,19
104000120,21,2,19
104000121,0,36,-36
104000122,202,22,180
104000123,52,137,-85
104000124,322,437,-115
104000125,60,33,27
104000126,261,50,211
104000127,72,402,-330
104000128,262,30,232
104000129,100,0,100
104000130,2,0,2
104000131,0,0,0
104000132,0,0,0
104000133,52,4,48
104000134,43,68,-25
104000135,63,131,-68
104000136,291,166,125
104000137,328,90,238
104000138,0,0,0
104000139,615,440,175
104000141,77,156,-79
104000142,0,0,0
104000143,0,0,0
104000144,0,0,0
104000145,233,26,207
104000146,0,0,0
104000147,0,0,0
104000148,33,35,-2
104000149,0,0,0
104000150,255,128,127
104000151,0,0,0
104000152,0,0,0
104000153,99,52,47
104000154,0,0,0
104000155,102,54,48
104000157,71,5,66
104000158,23,10,13
104000159,5,8,-3
104000160,233,83,150
104000161,20,23,-3
104000162,25,80,-55
104000165,189,304,-115
104000167,89,177,-88
104000168,74,0,74
104000169,51,1,50
104000170,0,0,0
104000248,0,0,0
104000251,0,0,0
104000272,0,0,0
104000273,0,0,0
104000274,0,0,0
104000275,0,0,0
104000279,4,24,-20
104000290,0,0,0
104000291,144,179,-35
104000293,98,87,11
104000294,0,0,0
104000295,89,58,31
104000296,186,168,18
104000297,59,176,-117
104000298,331,70,261
104000299,158,118,40
104900001,0,0,0
104900002,0,0,0
104900003,0,0,0
104900004,0,0,0
104900005,0,0,0
104900006,0,0,0
104900007,0,0,0
104900009,0,0,0
104900010,0,0,0
104900011,0,0,0
104900012,0,0,0
104900013,0,0,0
104900014,0,0,0
104900015,0,0,0
104900016,0,0,0
104900017,0,0,0
104900018,0,0,0
104900019,0,0,0
104900020,0,0,0
104900021,0,0,0
104900022,0,0,0
104900023,0,0,0
104900024,0,0,0
104900025,0,0,0
104900026,0,0,0
104900027,0,0,0
104900028,0,0,0
104900029,0,0,0
104900030,0,0,0
104900031,0,0,0
104900032,0,0,0
104900033,0,0,0
104900034,0,0,0
104900035,0,0,0
104900036,0,0,0
104900037,0,0,0
104900038,0,0,0
104900039,0,0,0
104900040,0,0,0
104900041,0,0,0
104900042,0,0,0
104900043,0,0,0
104900044,0,0,0
104900045,0,0,0
104900046,0,0,0
104900047,0,0,0
104900048,0,0,0
104900049,0,0,0
104900050,0,0,0
104900051,0,0,0
104900052,0,0,0
104900053,0,0,0
104900054,0,0,0
104900055,0,0,0
104900056,0,0,0
104900057,0,0,0
104900058,0,0,0
104900059,0,0,0
104900060,0,0,0
104900061,0,0,0
104900063,0,0,0
104900064,0,0,0
104900065,0,0,0
104900066,0,0,0
104900067,0,0,0
104900068,0,0,0
104900070,0,0,0
104900071,0,0,0
104900072,0,0,0
104900073,0,0,0
104900074,0,0,0
104900075,0,0,0
104900076,0,0,0
104900077,0,0,0
104900078,0,0,0
104900079,0,0,0
104900080,0,0,0
104900082,0,0,0
104900085,0,0,0
104900087,0,0,0
104900089,0,0,0
104900090,0,0,0
104900091,0,0,0
104900093,0,0,0
104900097,0,0,0
104900098,0,0,0
104900099,0,0,0
104900100,0,0,0
104900102,0,0,0
104900103,0,0,0
104900104,0,0,0
104900106,0,0,0
104900107,0,0,0
104900108,0,0,0
104900109,0,0,0
104900110,0,0,0
104900111,0,0,0
104900112,0,0,0
104900113,0,0,0
104900114,0,0,0
104900115,0,0,0
104900116,0,0,0
104900118,0,0,0
104900119,0,0,0
104900120,0,0,0
104900121,0,0,0
104900122,0,0,0
104900123,0,0,0
104900124,0,0,0
104900125,0,0,0
104900126,0,0,0
104900127,0,0,0
104900128,0,0,0
104900129,0,0,0
105000001,784,241,543
105000002,283,281,2
105000003,392,268,124
105000004,13,40,-27
105000005,58,256,-198
105000006,154,366,-212
105000007,55,226,-171
105000008,4,454,-450
105000009,1696,880,816
105000010,45,125,-80
105000011,747,781,-34
105000012,34,61,-27
105000013,327,634,-307
105000014,2185,993,1192
105000015,1417,2359,-942
105000016,108,181,-73
105000017,30,20,10
105000018,62,113,-51
105000019,0,0,0
105000020,0,0,0
105000021,0,0,0
105000022,3,13,-10
105000023,0,0,0
105000028,0,0,0
105000029,0,15,-15
105000030,260,189,71
105000031,0,0,0
105000033,74,93,-19
105000034,0,0,0
105000037,0,0,0
105000038,300,382,-82
105000039,97,156,-59
105000040,215,240,-25
105000041,37,64,-27
105000042,819,270,549
105000043,75,69,6
105000044,193,98,95
105000045,5,56,-51
105000046,407,29,378
105000047,25,50,-25
105000048,342,153,189
105000049,1,1,0
105000050,394,233,161
105000051,0,0,0
105000052,53,74,-21
105000053,4,22,-18
105000054,72,51,21
105000055,0,0,0
105000056,363,164,199
105000057,18,2,16
105000058,15,28,-13
105000059,361,142,219
105000060,1,1,0
105000061,427,76,351
105000062,0,2,-2
105000063,0,0,0
105000064,357,85,272
105000065,0,0,0
105000066,60,4,56
105000067,434,154,280
105000068,18,20,-2
105000069,46,93,-47
105000070,30,57,-27
105000071,199,113,86
105000072,344,64,280
105000073,260,89,171
105000074,0,0,0
105000075,4,14,-10
105000076,28,19,9
105000077,89,12,77
105000078,24,62,-38
105000079,2,15,-13
105000080,483,532,-49
105000081,24,3,21
105000082,201,517,-316
105000083,769,591,178
105000084,0,0,0
105000085,645,760,-115
105000086,0,0,0
105000087,0,0,0
105000088,246,399,-153
105000089,35,97,-62
105000090,33,25,8
105000091,0,0,0
105000092,0,0,0
105000093,0,0,0
105000094,68,3,65
105000095,0,0,0
105000096,161,106,55
105000097,0,0,0
105000098,198,75,123
105000099,0,0,0
105000100,0,0,0
105000101,195,48,147
105000102,0,0,0
105000103,178,59,119
105000104,0,0,0
105000105,161,60,101
105000106,57,1,56
105000107,6,1,5
105000108,22,12,10
105000109,30,1,29
105000110,22,16,6
105000111,3,1,2
105000112,68,15,53
105000113,1,1,0
105000114,20,65,-45
105000115,0,0,0
105000116,69,20,49
105000117,0,0,0
105000118,4,11,-7
105000119,0,0,0
105000120,210,31,179
105000121,0,0,0
105000122,22,5,17
105000123,145,11,134
105000124,94,70,24
105000125,144,26,118
105000126,33,33,0
105000127,116,41,75
105000128,45,11,34
105000129,8,36,-28
105000130,3,441,-438
105000131,0,0,0
105000132,104,100,4
105000133,0,0,0
105000134,184,31,153
105000135,0,0,0
105000136,0,0,0
105000137,279,16,263
105000138,0,0,0
105000139,0,0,0
105000140,359,26,333
105000141,0,0,0
105000142,152,33,119
105000143,0,0,0
105000144,0,0,0
105000145,126,109,17
105000146,0,0,0
105000147,300,101,199
105000148,270,38,232
105000149,649,105,544
105000150,0,0,0
105000151,0,0,0
105000152,0,0,0
105000153,0,0,0
105000154,0,0,0
105000155,0,0,0
105000156,6,3,3
105000157,15,18,-3
105000158,50,7,43
105000159,13,11,2
105000160,32,51,-19
105000161,36,9,27
105000162,31,29,2
105000163,63,12,51
105000164,2,5,-3
105000165,47,42,5
105000166,12,66,-54
105000167,19,92,-73
105000168,137,84,53
105000169,19,14,5
105000170,0,0,0
105000171,0,0,0
105000172,2,0,2
105000173,4,0,4
105000174,0,0,0
105000175,0,0,0
105000176,2,1,1
105000177,47,36,11
105000178,5,0,5
105000179,26,0,26
105000180,0,0,0
105000181,0,0,0
105000182,0,0,0
105000183,0,0,0
105000184,0,0,0
105000185,36,267,-231
105000186,0,0,0
105000187,79,30,49
105000188,9,48,-39
105000189,0,0,0
105000190,130,57,73
105000191,11,0,11
105000192,111,48,63
105000193,0,7,-7
105000194,110,19,91
105000195,0,26,-26
105000196,14,32,-18
105000197,1,2,-1
105000198,0,0,0
105000199,1,81,-80
105000200,6,98,-92
105000201,8,0,8
105000203,0,0,0
105000204,2,5,-3
105000205,0,0,0
105000207,0,0,0
105000208,11,112,-101
105000209,0,0,0
105000211,0,0,0
105000212,74,6,68
105000213,64,20,44
105000214,5,16,-11
105000215,84,74,10
105000216,5,0,5
105000217,0,0,0
105000218,140,24,116
105000221,7,9,-2
105000222,92,0,92
105000223,49,1,48
105000226,3,9,-6
105000227,2,4,-2
105000228,0,4,-4
105000229,12,234,-222
105000231,126,29,97
105000233,207,471,-264
105000234,61,230,-169
105000235,206,79,127
105000237,22,1,21
105000243,0,0,0
105000248,0,0,0
105000262,0,0,0
105000269,0,0,0
105000270,101,0,101
105000271,0,0,0
105000282,11,1,10
105000287,0,0,0
105000288,0,7,-7
105000289,288,290,-2
105000290,0,0,0
105000402,29,88,-59
105000426,0,0,0
105000438,45,117,-72
105000440,0,0,0
105000446,381,338,43
105000447,128,29,99
105000454,0,0,0
105000455,0,0,0
105000474,4,0,4
105000477,0,0,0
105000478,446,1177,-731
105000479,0,0,0
105000480,1629,1470,159
105000481,927,387,540
105000482,143,233,-90
105000483,221,729,-508
105000484,92,290,-198
105000485,212,1153,-941
105000486,220,288,-68
105000488,50,140,-90
105000489,323,58,265
105000549,0,47,-47
105000550,0,0,0
105000551,23,12,11
105000552,154,101,53
105000555,202,242,-40
105000556,0,0,0
105000557,0,0,0
105900001,0,0,0
105900002,1,1,0
105900003,0,0,0
105900004,0,0,0
105900005,0,0,0
105900006,0,0,0
105900007,0,0,0
105900008,0,0,0
105900009,0,0,0
105900011,0,0,0
105900012,0,0,0
105900013,0,0,0
105900014,0,0,0
105900015,0,0,0
105900016,0,0,0
105900017,0,0,0
105900018,0,0,0
105900019,0,0,0
105900020,0,0,0
105900021,0,0,0
105900022,0,0,0
105900023,0,0,0
105900024,0,0,0
105900025,0,0,0
105900026,0,0,0
105900027,0,0,0
105900028,0,0,0
105900029,0,0,0
105900030,0,0,0
105900031,0,0,0
105900032,0,0,0
105900033,0,0,0
105900034,0,0,0
105900035,0,0,0
105900036,0,0,0
105900037,0,0,0
105900038,0,0,0
105900039,0,0,0
105900040,0,0,0
105900041,0,0,0
105900042,0,0,0
105900043,0,0,0
105900044,0,0,0
105900045,0,0,0
105900046,0,0,0
105900047,0,0,0
105900048,22,2,20
105900050,0,0,0
105900051,0,0,0
105900052,0,0,0
105900053,0,0,0
105900054,0,0,0
105900056,0,0,0
105900057,0,0,0
105900058,0,0,0
105900059,0,0,0
106000001,577,321,256
106000002,10,152,-142
106000003,1158,698,460
106000004,60,284,-224
106000005,1913,1139,774
106000006,76,264,-188
106000007,591,51,540
106000008,45,95,-50
106000009,443,172,271
106000010,18,87,-69
106000011,634,358,276
106000012,30,35,-5
106000013,1022,367,655
106000014,54,60,-6
106000015,1235,470,765
106000016,62,111,-49
106000017,445,142,303
106000018,125,128,-3
106000019,163,169,-6
106000020,4,51,-47
106000021,290,124,166
106000022,68,26,42
106000023,416,36,380
106000024,24,55,-31
106000025,190,136,54
106000026,17,58,-41
106000027,895,563,332
106000028,7,37,-30
106000029,43,42,1
106000030,0,0,0
106000034,0,0,0
106000035,154,261,-107
106000036,0,0,0
106000037,0,0,0
106000038,0,0,0
106000039,0,0,0
106000040,0,0,0
106000041,235,63,172
106000043,63,24,39
106000046,0,0,0
106000047,0,0,0
106000049,202,10,192
106000050,0,0,0
106000051,98,100,-2
106000052,0,0,0
106000053,226,24,202
106000054,0,0,0
106000055,155,9,146
106000056,0,0,0
106000057,175,62,113
106000058,0,0,0
106000059,247,82,165
106000060,0,0,0
106000061,32,125,-93
106000062,0,0,0
106000063,465,127,338
106000064,0,0,0
106000065,197,3,194
106000066,1,3,-2
106000067,180,4,176
106000068,0,1,-1
106000069,3,1,2
106000070,17,2,15
106000071,170,7,163
106000072,190,178,12
106000073,296,104,192
106000074,148,108,40
106000075,132,160,-28
106000076,538,147,391
106000077,644,42,602
106000078,263,41,222
106000079,374,29,345
106000080,342,39,303
106000081,527,117,410
106000082,376,20,356
106000083,354,122,232
106000084,384,13,371
106000085,543,164,379
106000086,593,91,502
106000087,194,15,179
106000088,166,27,139
106000089,370,20,350
106000090,398,43,355
106000091,7,0,7
106000092,166,52,114
106000093,145,9,136
106000094,0,0,0
106000095,213,17,196
106000096,283,18,265
106000097,184,22,162
106000098,321,10,311
106000099,14,15,-1
106000100,620,7,613
106000101,329,4,325
106000102,1,17,-16
106000103,1,69,-68
106000104,90,40,50
106000105,6,43,-37
106000106,99,10,89
106000107,18,81,-63
106000108,57,5,52
106000109,2,71,-69
106000110,73,4,69
106000111,3,31,-28
106000112,107,6,101
106000113,22,45,-23
106000114,26,18,8
106000115,20,54,-34
106000116,70,68,2
106000117,0,0,0
106000118,268,65,203
106000119,0,0,0
106000120,309,193,116
106000121,6,11,-5
106000122,0,0,0
106000123,18,21,-3
106000124,0,0,0
106000125,0,0,0
106000126,29,3,26
106000127,0,0,0
106000128,136,21,115
106000129,0,0,0
106000130,266,42,224
106000131,0,0,0
106000132,170,9,161
106000133,0,0,0
106000134,233,77,156
106000135,0,0,0
106000136,325,68,257
106000137,0,0,0
106000138,285,1,284
106000139,100,30,70
106000140,0,0,0
106000141,0,0,0
106000142,49,13,36
106000143,0,0,0
106000144,118,5,113
106000145,0,0,0
106000146,303,119,184
106000147,63,12,51
106000148,56,73,-17
106000149,182,31,151
106000150,86,94,-8
106000151,207,93,114
106000152,95,157,-62
106000153,1,11,-10
106000154,39,6,33
106000155,7,26,-19
106000156,256,16,240
106000157,126,62,64
106000158,498,91,407
106000159,156,56,100
106000160,200,106,94
106000161,92,3,89
106000162,226,37,189
106000163,53,4,49
106000164,175,6,169
106000165,57,14,43
106000166,219,14,205
106000167,87,43,44
106000168,208,26,182
106000169,22,31,-9
106000170,203,10,193
106000171,17,105,-88
106000172,382,55,327
106000173,66,161,-95
106000174,192,8,184
106000175,83,4,79
106000176,302,57,245
106000177,0,0,0
106000178,411,34,377
106000179,0,0,0
106000180,116,33,83
106000181,51,33,18
106000182,471,30,441
106000183,504,54,450
106000184,265,41,224
106000185,42,30,12
106000186,38,3,35
106000187,0,11,-11
106000188,0,0,0
106000189,1,5,-4
106000190,5,0,5
106000191,80,4,76
106000192,0,0,0
106000193,60,38,22
106000194,0,6,-6
106000195,25,0,25
106000196,0,37,-37
106000197,127,0,127
106000198,0,21,-21
106000199,119,3,116
106000200,4,56,-52
106000201,49,29,20
106000202,37,15,22
106000203,0,0,0
106000204,22,6,16
106000205,0,0,0
106000206,23,9,14
106000207,0,15,-15
106000208,356,20,336
106000209,586,87,499
106000210,0,35,-35
106000211,7,84,-77
106000212,926,87,839
106000213,0,0,0
106000214,252,31,221
106000215,2,60,-58
106000216,149,28,121
106000217,3,82,-79
106000218,100,38,62
106000219,0,68,-68
106000220,99,9,90
106000221,0,0,0
106000222,116,11,105
106000223,126,33,93
106000224,0,0,0
106000225,1,134,-133
106000226,0,0,0
106000228,0,0,0
106000229,0,0,0
106000231,177,1,176
106000232,0,0,0
106000233,36,6,30
106000234,0,0,0
106000235,30,27,3
106000236,0,0,0
106000237,0,0,0
106000238,0,0,0
106000239,0,0,0
106000240,0,0,0
106000241,0,49,-49
106000242,110,39,71
106000249,90,33,57
106000250,0,44,-44
106000251,0,0,0
106000252,0,0,0
106000253,0,0,0
106000254,0,0,0
106000255,0,0,0
106000256,0,0,0
106000257,23,15,8
106000258,0,0,0
106000259,0,0,0
106000260,0,0,0
106000261,0,0,0
106000262,0,0,0
106000263,0,0,0
106000264,0,0,0
106000265,0,0,0
106000266,0,0,0
106000267,0,0,0
106000268,0,0,0
106000269,0,0,0
106000270,21,0,21
106000271,0,0,0
106000272,0,0,0
106000273,0,0,0
106000274,0,0,0
106000275,0,0,0
106000276,0,0,0
106000277,0,0,0
106000278,0,0,0
106000279,0,0,0
106000280,0,0,0
106000281,0,0,0
106000282,0,0,0
106000283,0,0,0
106000284,0,0,0
106000285,0,0,0
106000286,0,0,0
106000287,0,0,0
106000288,0,0,0
106000289,0,0,0
106000290,0,0,0
106000291,0,0,0
106000292,0,0,0
106000293,0,0,0
106000294,0,0,0
106000295,0,0,0
106000296,0,0,0
106000297,0,0,0
106000298,0,0,0
106000299,0,0,0
106000300,0,0,0
106000301,0,0,0
106000303,0,0,0
106000304,0,0,0
106000305,0,0,0
106000306,0,0,0
106000307,0,0,0
106000308,0,0,0
106000309,0,0,0
106000310,33,6,27
106000311,72,17,55
106000312,2,17,-15
106000313,28,2,26
106000318,0,0,0
106000319,348,23,325
106000320,0,0,0
106000321,0,0,0
106000322,0,0,0
106000324,0,0,0
106000325,1292,293,999
106000326,62,62,0
106000327,158,9,149
106000328,0,0,0
106000329,2,0,2
106000330,0,9,-9
106000428,49,158,-109
106000429,0,0,0
106000430,0,0,0
106000431,264,251,13
106000432,6,128,-122
106000433,794,457,337
106000434,1013,324,689
106000435,4,105,-101
106000436,0,0,0
106000437,6,5,1
106000438,4,1,3
106000439,0,0,0
106000440,18,39,-21
106000441,2,0,2
106000442,37,0,37
106000443,5,4,1
106000450,0,0,0
106000451,28,15,13
106000454,0,0,0
106000455,0,26,-26
106000456,40,0,40
106000457,0,0,0
106000458,148,4,144
106000459,0,0,0
106000460,216,5,211
106000461,0,0,0
106000462,0,0,0
106000463,0,2,-2
106000464,0,0,0
106000465,140,0,140
106000466,0,0,0
106000467,0,50,-50
106000468,21,15,6
106000469,9,0,9
106000470,0,0,0
106000471,0,0,0
106000472,18,0,18
106000473,0,0,0
106000474,16,41,-25
106000475,94,66,28
106000476,18,26,-8
106000477,0,0,0
106000480,0,0,0
106900001,0,0,0
106900002,0,0,0
106900003,0,0,0
106900004,0,0,0
106900006,0,0,0
106900007,0,0,0
106900008,0,0,0
106900009,0,0,0
106900010,0,0,0
106900012,0,0,0
106900013,0,0,0
106900014,0,0,0
106900015,0,0,0
106900016,0,0,0
106900017,0,0,0
106900018,0,0,0
106900019,0,0,0
106900020,0,0,0
106900021,0,0,0
106900022,0,0,0
106900023,0,0,0
106900024,0,0,0
106900025,0,0,0
106900026,0,0,0
106900027,129,0,129
107000001,1457,2414,-957
107000002,180,323,-143
107000003,4152,3816,336
107000004,296,272,24
107000005,4398,2674,1724
107000006,273,184,89
107000007,1584,2169,-585
107000008,395,281,114
107000009,3895,3003,892
107000010,295,301,-6
107000011,0,0,0
107000012,0,0,0
107000013,0,0,0
107000014,0,0,0
107000015,0,0,0
107000016,0,0,0
107000017,14,3,11
107000018,0,0,0
107000020,57,374,-317
107000021,29,8,21
107000022,27,338,-311
107000023,251,2,249
107000024,111,187,-76
107000025,43,15,28
107000026,31,32,-1
107000027,177,42,135
107000028,19,68,-49
107000029,785,89,696
107000030,64,90,-26
107000031,772,244,528
107000032,84,118,-34
107000033,128,42,86
107000034,0,0,0
107000035,29,48,-19
107000036,0,0,0
107000037,28,116,-88
107000038,4,38,-34
107000039,127,266,-139
107000040,54,10,44
107000041,464,51,413
107000042,16,67,-51
107000043,288,123,165
107000044,40,14,26
107000045,6,12,-6
107000046,353,65,288
107000047,18,62,-44
107000048,232,26,206
107000049,12,97,-85
107000050,327,99,228
107000051,16,154,-138
107000052,180,108,72
107000053,260,42,218
107000054,13,153,-140
107000055,134,63,71
107000056,39,50,-11
107000057,96,113,-17
107000058,892,969,-77
107000059,0,0,0
107000060,1994,1726,268
107000061,7,9,-2
107000062,1606,1054,552
107000063,26,30,-4
107000064,1111,909,202
107000065,5,16,-11
107000066,722,562,160
107000067,138,130,8
107000068,84,154,-70
107000069,173,287,-114
107000070,209,0,209
107000071,552,5,547
107000072,0,0,0
107000073,165,33,132
107000074,0,0,0
107000075,1274,26,1248
107000076,0,0,0
107000077,1087,28,1059
107000078,0,0,0
107000079,932,58,874
107000080,0,0,0
107000081,943,173,770
107000082,0,0,0
107000083,328,397,-69
107000084,0,0,0
107000085,735,561,174
107000086,66,263,-197
107000087,464,219,245
107000088,53,78,-25
107000089,396,193,203
107000090,94,44,50
107000091,336,130,206
107000092,65,31,34
107000093,197,349,-152
107000094,50,55,-5
107000095,1101,459,642
107000096,0,0,0
107000097,292,94,198
107000098,0,0,0
107000099,210,146,64
107000100,0,0,0
107000101,98,75,23
107000102,0,0,0
107000103,166,92,74
107000104,0,0,0
107000105,190,46,144
107000106,0,0,0
107000107,315,97,218
107000108,0,1,-1
107000109,199,31,168
107000110,0,0,0
107000111,119,6,113
107000112,0,0,0
107000113,274,41,233
107000114,0,0,0
107000115,402,30,372
107000116,0,0,0
107000117,171,44,127
107000118,0,0,0
107000119,716,182,534
107000120,0,0,0
107000121,460,25,435
107000122,11,88,-77
107000123,464,37,427
107000124,11,57,-46
107000125,470,34,436
107000126,50,60,-10
107000129,0,0,0
107000130,251,97,154
107000131,0,0,0
107000132,252,146,106
107000133,5,0,5
107000134,40,0,40
107000135,0,0,0
107000136,88,0,88
107000137,0,2,-2
107000138,0,0,0
107000139,0,4,-4
107000140,89,0,89
107000141,0,5,-5
107000142,77,0,77
107000143,0,3,-3
107000144,23,0,23
107000145,0,11,-11
107000146,0,0,0
107000147,1,11,-10
107000150,0,0,0
107000151,0,0,0
107000152,17,97,-80
107000153,0,0,0
107000154,0,0,0
107000155,45,0,45
107000156,138,0,138
107000157,0,0,0
107000158,6,0,6
107000159,0,0,0
107000160,114,56,58
107000161,1,0,1
107000162,33,50,-17
107000163,43,1,42
107000164,0,0,0
107000165,0,0,0
107000166,0,0,0
107000167,0,0,0
107000168,575,86,489
107000169,5,7,-2
107000170,497,75,422
107000171,11,20,-9
107000172,330,61,269
107000173,2,3,-1
107000174,167,164,3
107000175,29,19,10
107000176,17,0,17
107000177,0,0,0
107000178,1,1,0
107000179,0,0,0
107000180,547,19,528
107000181,0,0,0
107000182,495,30,465
107000183,0,0,0
107000184,341,44,297
107000185,0,0,0
107000186,491,49,442
107000187,54,34,20
107000188,0,0,0
107000189,28,24,4
107000190,0,0,0
107000191,32,105,-73
107000192,0,0,0
107000193,48,46,2
107000194,0,0,0
107000197,203,26,177
107000198,0,0,0
107000199,130,73,57
107000200,10,6,4
107000201,88,59,29
107000202,98,52,46
107000203,38,158,-120
107000204,78,537,-459
107000205,66,24,42
107000206,20,382,-362
107000207,23,47,-24
107000208,7,45,-38
107000209,0,0,0
107000210,0,0,0
107000211,0,0,0
107000212,0,0,0
107000213,0,0,0
107000214,0,0,0
107000215,0,0,0
107000216,0,0,0
107000217,0,0,0
107000219,0,0,0
107000220,0,0,0
107000222,30,22,8
107000224,13,1,12
107000225,0,0,0
107000226,117,6,111
107000227,0,0,0
107000228,0,0,0
107000229,0,0,0
107000230,37,4,33
107000231,29,43,-14
107000232,0,0,0
107000233,0,0,0
107000234,0,0,0
107000235,195,0,195
107000236,0,0,0
107000237,2,0,2
107000238,19,0,19
107000239,0,0,0
107000240,0,0,0
107000243,0,0,0
107000244,11,0,11
107000246,0,0,0
107000249,0,0,0
107000251,0,0,0
107000252,0,0,0
107000255,0,0,0
107000257,0,0,0
107000258,0,0,0
107000259,0,0,0
107000260,0,0,0
107000262,0,0,0
107000263,0,0,0
107000266,0,0,0
107000267,0,0,0
107000268,0,0,0
107000269,0,0,0
107000270,0,0,0
107000271,0,0,0
107000272,0,0,0
107000273,0,0,0
107000274,1,0,1
107000275,0,0,0
107000280,30,0,30
107000281,0,0,0
107000282,0,0,0
107000290,0,0,0
107000291,0,0,0
107000292,0,0,0
107000293,0,0,0
107000294,0,0,0
107000295,0,0,0
107000296,1,0,1
107000444,50,0,50
107000496,0,0,0
107000497,0,0,0
107000500,0,0,0
107000501,0,0,0
107000502,0,0,0
107000505,0,17,-17
107000506,0,0,0
107000508,0,0,0
107000509,21,51,-30
107000510,0,0,0
107000514,0,0,0
107000515,0,0,0
107000516,125,107,18
107000518,341,16,325
107000519,0,0,0
107000520,0,0,0
107000521,0,0,0
107000522,386,132,254
107900001,0,0,0
107900002,0,0,0
107900003,0,0,0
107900004,0,0,0
107900005,0,0,0
107900006,0,0,0
107900007,0,0,0
107900008,0,0,0
107900009,0,0,0
107900010,0,0,0
107900012,0,0,0
107900013,0,0,0
107900014,0,0,0
107900015,0,0,0
107900016,0,0,0
107900017,0,0,0
107900018,0,0,0
107900019,0,0,0
107900020,0,0,0
107900021,0,0,0
107900023,0,0,0
107900024,0,0,0
107900025,0,0,0
107900026,0,0,0
107900027,0,0,0
107900028,0,0,0
107900030,0,0,0
107900031,0,0,0
107900032,0,0,0
107900033,0,0,0
107900034,0,0,0
107900035,0,0,0
107900036,0,0,0
107900037,0,0,0
107900038,0,0,0
107900039,0,0,0
107900040,0,0,0
107900041,0,0,0
107900043,0,0,0
107900044,0,0,0
107900045,0,0,0
107900046,0,0,0
107900047,0,0,0
107900048,0,0,0
107900049,0,0,0
107900050,0,0,0
107900051,0,0,0
107900052,0,0,0
107900053,0,0,0
107900055,0,0,0
107900056,0,0,0
107900057,0,0,0
107900058,0,0,0
107900060,0,0,0
107900061,0,0,0
107900063,0,0,0
107900064,0,0,0
107900065,0,0,0
107900066,0,0,0
107900067,0,0,0
107900068,0,0,0
107900069,0,0,0
107900070,0,0,0
107900071,0,0,0
107900072,0,0,0
107900073,0,0,0
107900074,0,0,0
107900076,0,0,0
107900077,0,0,0
107900079,0,0,0
107900080,0,0,0
107900081,0,0,0
107900082,0,0,0
107900083,0,0,0
107900084,0,0,0
107900086,0,0,0
107900087,0,0,0
107900088,0,0,0
107900089,0,0,0
107900090,0,0,0
107900091,0,0,0
107900093,0,0,0
107900095,0,0,0
107900097,0,0,0
107900098,0,0,0
107900100,0,0,0
107900101,0,0,0
107900102,0,0,0
107900103,0,0,0
107900104,0,0,0
107900105,0,0,0
107900106,0,0,0
107900107,0,0,0
107900108,0,0,0
107900109,0,0,0
107900110,0,0,0
107900111,0,0,0
107900112,0,0,0
107900113,0,0,0
107900114,0,0,0
107900115,0,0,0
107900116,0,0,0
107900117,0,0,0
107900118,0,0,0
107900119,0,0,0
107900120,0,0,0
107900121,0,0,0
107900122,0,0,0
107900123,0,0,0
107900124,0,0,0
107900125,0,0,0
107900126,0,0,0
107900127,0,0,0
107900128,0,0,0
107900129,0,0,0
107900130,0,0,0
107900131,0,0,0
107900132,0,0,0
107900133,0,0,0
107900134,0,0,0
107900135,0,0,0
107900136,0,0,0
107900137,0,0,0
107900138,0,0,0
107900139,0,0,0
107900141,0,0,0
107900142,0,0,0
107900143,0,0,0
107900144,0,0,0
107900145,0,0,0
107900146,0,0,0
107900147,0,0,0
107900148,0,0,0
107900149,0,0,0
107900150,0,0,0
107900151,0,0,0
107900152,0,0,0
107900153,0,0,0
107900154,0,0,0
107900155,0,0,0
107900156,0,0,0
107900157,0,0,0
107900158,0,0,0
107900159,0,0,0
107900160,0,0,0
107900161,0,0,0
107900162,0,0,0
107900163,0,0,0
107900164,0,0,0
107900165,0,0,0
107900166,0,0,0
107900167,0,0,0
107900168,0,0,0
107900169,0,0,0
107900171,0,0,0
107900172,0,0,0
107900173,0,0,0
107900174,0,0,0
107900175,0,0,0
107900176,0,0,0
107900177,0,0,0
107900178,0,0,0
107900179,0,0,0
107900180,0,0,0
107900181,0,0,0
107900182,0,0,0
107900183,0,0,0
107900184,0,0,0
107900185,0,0,0
107900186,0,0,0
107900187,0,0,0
107900188,0,0,0
107900189,0,0,0
107900190,0,0,0
107900191,0,0,0
107900193,0,0,0
107900194,0,0,0
107900195,0,0,0
107900196,0,0,0
107900197,0,0,0
107900199,0,0,0
107900201,0,0,0
107900203,0,0,0
107900204,0,0,0
107900206,0,0,0
107900207,0,0,0
107900208,0,0,0
107900209,0,0,0
107900210,0,0,0
107900213,0,0,0
107900214,0,0,0
107900215,0,0,0
107900216,0,0,0
107900217,0,0,0
107900218,0,0,0
107900219,0,0,0
107900220,0,0,0
107900221,0,0,0
107900223,0,0,0
107900224,0,0,0
107900225,0,0,0
107900226,0,0,0
107900227,0,0,0
107900228,0,0,0
107900229,0,0,0
107900230,0,0,0
107900231,0,0,0
107900232,0,0,0
107900233,0,0,0
107900234,0,0,0
107900235,0,0,0
107900236,0,0,0
107900237,0,0,0
107900238,0,0,0
107900239,0,0,0
107900240,0,0,0
107900241,0,0,0
107900242,0,0,0
107900243,0,0,0
107900244,0,0,0
107900245,0,0,0
107900246,0,0,0
107900248,0,0,0
107900249,0,0,0
107900250,0,0,0
107900251,0,0,0
107900252,0,0,0
107900253,0,0,0
107900254,0,0,0
107900255,0,0,0
107900256,0,0,0
107900257,0,0,0
107900258,0,0,0
107900259,0,0,0
107900261,0,0,0
107900262,0,0,0
107900264,0,0,0
107900265,0,0,0
107900267,0,0,0
107900268,0,0,0
107900269,0,0,0
107900270,0,0,0
107900271,0,0,0
107900272,0,0,0
107900273,0,0,0
107900274,0,0,0
107900275,0,0,0
107900276,0,0,0
107900277,0,0,0
107900278,0,0,0
107900279,0,0,0
107900280,0,0,0
107900281,0,0,0
107900282,0,0,0
107900283,0,0,0
107900284,0,0,0
107900285,0,0,0
107900286,0,0,0
107900287,0,0,0
107900290,0,0,0
107900291,0,0,0
107900292,0,0,0
107900293,0,0,0
107900295,0,0,0
107900297,0,0,0
107900298,0,0,0
107900299,0,0,0
107900301,2,80,-78
107900302,0,0,0
107900303,0,0,0
107900304,0,0,0
107900305,0,0,0
107900306,0,0,0
107900307,0,0,0
107900308,0,0,0
107900309,0,0,0
107900310,0,0,0
107900311,0,0,0
107900312,0,0,0
107900313,0,0,0
107900314,0,0,0
107900315,0,0,0
107900316,0,0,0
107900317,0,0,0
107900318,0,0,0
107900319,0,0,0
107900320,0,0,0
107900321,0,0,0
107900322,0,0,0
107900323,0,0,0
107900324,0,0,0
107900325,0,0,0
107900326,0,0,0
107900327,0,0,0
107900328,0,0,0
107900329,0,0,0
107900330,0,0,0
107900331,0,0,0
107900332,0,0,0
107900333,0,0,0
107900334,0,0,0
107900335,0,0,0
107900336,0,0,0
107900337,0,0,0
107900338,0,0,0
107900339,0,0,0
107900340,0,0,0
107900341,0,0,0
107900342,0,0,0
107900343,0,0,0
107900344,0,0,0
107900345,6,5,1
107900346,0,0,0
107900347,0,0,0
107900348,0,0,0
107900349,0,0,0
107900350,0,0,0
107900351,0,0,0
107900352,0,0,0
107900353,0,0,0
107900354,0,0,0
108000001,1946,1120,826
108000002,62,189,-127
108000003,1443,743,700
108000004,353,1474,-1121
108000005,4329,1524,2805
108000006,137,568,-431
108000007,3817,898,2919
108000008,414,281,133
108000009,2521,1037,1484
108000010,187,261,-74
108000011,4456,1533,2923
108000012,495,661,-166
108000014,164,1,163
108000015,463,11,452
108000016,0,2,-2
108000017,699,44,655
108000018,1371,63,1308
108000019,182,33,149
108000020,455,53,402
108000021,0,0,0
108000022,28,44,-16
108000023,522,62,460
108000024,221,12,209
108000025,28,1,27
108000026,377,13,364
108000027,63,5,58
108000028,411,3,408
108000029,73,3,70
108000030,293,4,289
108000031,14,0,14
108000032,1142,76,1066
108000033,0,0,0
108000034,1011,31,980
108000035,0,0,0
108000036,21,35,-14
108000037,414,52,362
108000038,868,44,824
108000039,10,19,-9
108000040,1069,162,907
108000041,9,26,-17
108000042,246,2,244
108000043,49,0,49
108000044,609,13,596
108000045,21,0,21
108000046,1058,141,917
108000047,0,0,0
108000048,0,0,0
108000049,314,30,284
108000050,1,1,0
108000051,132,35,97
108000052,4,11,-7
108000053,280,39,241
108000054,24,9,15
108000055,319,119,200
108000056,25,20,5
108000057,292,407,-115
108000058,441,637,-196
108000059,1,92,-91
108000060,148,163,-15
108000061,0,0,0
108000062,181,118,63
108000063,0,0,0
108000064,130,125,5
108000065,0,0,0
108000066,387,43,344
108000067,796,14,782
108000068,625,105,520
108000069,0,0,0
108000070,1428,111,1317
108000071,0,0,0
108000072,1517,115,1402
108000073,0,0,0
108000074,520,106,414
108000075,0,0,0
108000076,905,291,614
108000077,0,0,0
108000078,1715,666,1049
108000079,0,0,0
108000080,926,294,632
108000081,0,0,0
108000082,0,0,0
108000083,113,28,85
108000084,0,0,0
108000085,90,51,39
108000086,0,0,0
108000087,17,222,-205
108000088,548,39,509
108000089,0,0,0
108000091,0,0,0
108000092,507,16,491
108000093,0,0,0
108000094,691,81,610
108000095,0,0,0
108000096,438,290,148
108000097,0,0,0
108000098,1092,83,1009
108000099,63,16,47
108000100,128,75,53
108000101,960,207,753
108000102,355,586,-231
108000106,167,0,167
108000107,0,0,0
108000108,69,1,68
108000109,0,0,0
108000110,27,19,8
108000111,0,0,0
108000112,0,20,-20
108000113,85,28,57
108000115,43,23,20
108000117,208,7,201
108000118,6,71,-65
108000119,80,11,69
108000120,502,132,370
108000121,45,40,5
108000122,632,53,579
108000123,395,49,346
108000124,0,0,0
108000125,410,46,364
108000126,0,0,0
108000127,441,42,399
108000128,0,0,0
108000129,0,0,0
108000130,294,38,256
108000131,316,70,246
108000132,0,0,0
108000133,841,41,800
108000134,0,0,0
108000135,1275,15,1260
108000136,0,0,0
108000137,36,1,35
108000138,21,24,-3
108000139,56,48,8
108000140,0,0,0
108000141,0,0,0
108000142,0,0,0
108000143,0,0,0
108000144,0,0,0
108000145,0,0,0
108000146,0,0,0
108000147,0,0,0
108000148,0,0,0
108000149,0,0,0
108000150,0,0,0
108000151,0,0,0
108000152,0,0,0
108000153,0,0,0
108000154,0,0,0
108000155,0,0,0
108000156,0,0,0
108000157,0,0,0
108000158,0,0,0
108000159,31,4,27
108000160,102,10,92
108000161,223,76,147
108000165,0,0,0
108000172,0,0,0
108000173,0,0,0
108000175,287,12,275
108000178,0,0,0
108000179,59,506,-447
108000181,0,0,0
108000182,0,0,0
108000183,0,0,0
108000184,22,206,-184
108000185,0,0,0
108000186,0,0,0
108000187,0,0,0
108000188,0,0,0
108000189,91,18,73
108000190,0,0,0
108000192,0,0,0
108000193,0,153,-153
108000194,6,0,6
108000195,0,0,0
108000196,20,0,20
108000198,0,0,0
108000199,0,0,0
108000200,0,0,0
108000203,0,0,0
108000204,0,0,0
108000205,0,0,0
108000339,177,15,162
108000364,16,17,-1
108000365,2,22,-20
108000367,0,0,0
108000368,0,0,0
108000369,0,0,0
108000371,0,0,0
108000372,133,0,133
108000373,34,19,15
108000376,0,0,0
108000377,47,75,-28
108000378,5287,2521,2766
108000379,0,0,0
108000381,0,0,0
108000382,61,0,61
108000383,0,0,0
108900001,0,0,0
108900002,0,0,0
108900003,0,0,0
108900004,130,52,78
108900007,80,18,62
108900008,2,4,-2
108900009,6,0,6
108900010,0,0,0
108900011,87,18,69
108900012,28,0,28
108900013,63,16,47
108900014,0,0,0
108900015,0,0,0
108900016,0,0,0
108900017,0,0,0
108900018,0,0,0
108900019,0,0,0
108900020,0,0,0
108900021,0,0,0
108900022,0,0,0
108900023,0,0,0
108900024,0,0,0
108900025,0,0,0
108900026,0,0,0
108900027,0,0,0
108900028,0,0,0
108900029,0,0,0
108900030,0,0,0
108900031,0,0,0
108900032,0,0,0
108900033,0,0,0
108900034,0,0,0
108900035,0,0,0
108900038,0,0,0
108900039,0,0,0
108900040,0,0,0
108900041,221,65,156
108900042,0,0,0
108900043,0,0,0
108900044,0,0,0
108900045,0,0,0
108900046,0,0,0
108900047,0,0,0
108900048,0,0,0
108900049,0,0,0
108900050,0,0,0
108900051,0,0,0
108900052,0,0,0
108900053,0,0,0
108900054,0,0,0
108900055,0,0,0
108900056,0,0,0
108900057,0,0,0
108900058,0,0,0
108900059,0,0,0
108900060,1,1,0
108900061,0,0,0
108900062,0,0,0
108900063,0,0,0
108900064,0,0,0
108900065,0,0,0
108900066,14,0,14
108900067,0,0,0
108900068,0,0,0
108900069,0,0,0
108900070,0,0,0
108900071,1,0,1
108900072,0,0,0
108900073,0,0,0
108900074,0,0,0
108900075,0,0,0
108900076,1,1,0
108900077,0,0,0
108900078,0,0,0
108900079,0,0,0
108900080,0,0,0
108900081,0,0,0
108900082,0,0,0
108900083,0,0,0
108900085,0,0,0
108900086,0,0,0
108900087,0,0,0
108900088,29,1,28
108900089,0,0,0
108900090,0,0,0
108900091,0,0,0
108900092,46,6,40
108900093,0,0,0
108900094,0,0,0
108900095,0,0,0
108900096,0,0,0
108900097,12,2,10
108900098,0,0,0
108900099,12,1,11
108900100,0,0,0
108900101,0,0,0
108900102,0,0,0
108900103,0,0,0
108900105,0,0,0
108900106,18,0,18
108900108,0,0,0
108900109,0,0,0
108900110,1,1,0
108900111,13,0,13
108900113,0,0,0
108900114,0,0,0
108900115,0,0,0
108900116,0,0,0
108900117,0,0,0
108900118,0,0,0
108900119,0,0,0
108900120,0,0,0
108900121,0,0,0
108900122,0,0,0
108900123,0,0,0
108900124,0,0,0
108900125,0,0,0
108900126,0,0,0
108900127,0,0,0
108900128,0,0,0
108900129,0,0,0
108900130,0,0,0
108900131,0,0,0
108900132,0,0,0
108900133,0,0,0
108900134,0,0,0
108900135,0,0,0
108900136,0,0,0
108900137,0,0,0
108900138,0,0,0
108900140,0,0,0
108900141,0,0,0
108900142,0,0,0
108900143,0,0,0
108900144,0,0,0
108900145,0,0,0
108900146,0,0,0
108900147,0,0,0
108900148,0,0,0
108900150,0,0,0
108900151,0,0,0
108900152,0,0,0
108900153,0,0,0
108900154,8,2,6
108900156,0,0,0
108900157,0,0,0
108900158,0,0,0
108900159,0,0,0
108900160,0,0,0
108900161,0,0,0
108900162,0,0,0
108900163,0,0,0
108900164,0,0,0
108900168,0,0,0
108900169,0,0,0
108900171,30,49,-19
108900172,0,0,0
108900173,0,0,0
108900174,0,0,0
108900176,0,0,0
108900177,0,0,0
108900178,0,0,0
108900180,0,6,-6
108900183,0,0,0
108900184,47,0,47
108900185,0,0,0
108900186,0,0,0
108900189,19,0,19
108900190,0,0,0
108900192,0,0,0
108900195,0,1,-1
108900196,0,0,0
108900199,0,0,0
108900200,0,0,0
108900201,0,0,0
108900203,0,0,0
108900204,0,0,0
108900205,0,0,0
108900206,0,0,0
108900207,0,0,0
108900208,0,0,0
108900209,0,0,0
108900210,0,0,0
108900211,0,0,0
108900212,0,0,0
108900215,0,0,0
108900216,0,0,0
108900217,0,0,0
108900218,0,0,0
108900221,0,0,0
108900224,0,0,0
108900225,0,0,0
108900227,0,0,0
108900230,0,0,0
108900232,0,0,0
108900233,0,0,0
108900234,0,0,0
108900235,0,0,0
108900236,0,0,0
108900240,0,0,0
108900241,0,0,0
108900245,0,0,0
108900250,0,0,0
108900258,0,0,0
108900259,0,0,0
108900260,0,0,0
108900261,0,0,0
108900262,0,0,0
108900263,0,0,0
108900264,0,0,0
108900265,0,0,0
108900266,0,0,0
108900267,0,0,0
108900268,0,0,0
108900269,0,0,0
108900270,0,0,0
108900271,0,0,0
108900272,0,0,0
108900273,0,0,0
108900274,0,0,0
109000001,698,464,234
109000002,1,301,-300
109000003,1641,197,1444
109000004,0,216,-216
109000005,1457,121,1336
109000006,2,164,-162
109000007,1438,243,1195
109000008,1,103,-102
109000009,1616,218,1398
109000010,12,190,-178
109000011,2145,546,1599
109000012,21,201,-180
109000013,2576,658,1918
109000014,29,188,-159
109000015,3344,445,2899
109000016,92,227,-135
109000017,1788,363,1425
109000018,65,274,-209
109000019,1450,278,1172
109000020,16,101,-85
109000023,8,0,8
109000024,0,0,0
109000025,0,0,0
109000026,38,0,38
109000027,0,0,0
109000028,16,1,15
109000029,0,0,0
109000030,0,0,0
109000031,258,37,221
109000032,0,0,0
109000033,163,36,127
109000034,0,0,0
109000035,0,0,0
109000036,5,18,-13
109000037,0,0,0
109000038,42,28,14
109000039,0,0,0
109000040,0,0,0
109000041,59,58,1
109000042,22,36,-14
109000044,92,16,76
109000045,0,0,0
109000046,142,6,136
109000047,0,0,0
109000048,195,36,159
109000049,0,0,0
109000050,223,86,137
109000051,0,0,0
109000052,0,0,0
109000053,0,0,0
109000054,0,0,0
109000055,0,0,0
109000056,0,0,0
109000057,0,0,0
109000058,0,0,0
109000059,0,0,0
109000060,4,15,-11
109000061,0,0,0
109000062,1,3,-2
109000063,0,0,0
109000064,1,7,-6
109000065,0,0,0
109000066,3,0,3
109000067,0,0,0
109000068,131,1,130
109000069,269,21,248
109000070,0,0,0
109000071,0,0,0
109000072,0,0,0
109000073,0,0,0
109000074,0,6,-6
109000075,0,0,0
109000076,14,33,-19
109000077,29,6,23
109000078,1,12,-11
109000079,0,1,-1
109000080,5,2,3
109000081,24,0,24
109000082,25,5,20
109000083,36,3,33
109000088,0,21,-21
109000089,0,0,0
109000090,0,17,-17
109000091,0,0,0
109000092,0,13,-13
109000093,0,0,0
109000094,4,0,4
109000095,0,4,-4
109000096,50,1,49
109000097,0,0,0
109000098,27,6,21
109000099,223,4,219
109000100,10,10,0
109000101,274,20,254
109000102,5,41,-36
109000103,10,23,-13
109000104,476,12,464
109000105,12,59,-47
109000106,328,19,309
109000107,6,65,-59
109000108,414,31,383
109000109,22,50,-28
109000110,52,87,-35
109000111,17,200,-183
109000112,0,0,0
109000113,7,13,-6
109000114,151,59,92
109000115,223,18,205
109000116,0,3,-3
109000117,115,4,111
109000118,0,8,-8
109000119,306,1,305
109000120,0,1,-1
109000121,227,10,217
109000122,3,0,3
109000123,0,0,0
109000124,53,1,52
109000125,519,9,510
109000126,5,1,4
109000127,547,9,538
109000128,13,3,10
109000129,394,49,345
109000130,0,1,-1
109000131,74,199,-125
109000132,16,52,-36
109000133,0,0,0
109000134,0,0,0
109000135,0,0,0
109000136,30,18,12
109000137,80,1,79
109000138,44,15,29
109000139,93,25,68
109000140,9,4,5
109000141,125,6,119
109000142,0,5,-5
109000143,0,0,0
109000145,0,0,0
109000146,45,21,24
109000148,0,0,0
109000149,0,0,0
109000150,12,99,-87
109000155,0,0,0
109000156,305,35,270
109000158,0,0,0
109000159,41,15,26
109000160,0,0,0
109000161,509,58,451
109000162,55,6,49
109000163,487,28,459
109000164,63,18,45
109000165,373,116,257
109000166,51,3,48
109000167,1,3,-2
109000170,0,0,0
109000171,0,0,0
109000172,0,0,0
109000173,0,0,0
109000174,0,0,0
109000175,0,0,0
109000176,17,2,15
109000177,0,0,0
109000178,24,0,24
109000179,0,0,0
109000180,0,0,0
109000181,0,0,0
109000182,0,0,0
109000183,2,1,1
109000184,0,0,0
109000185,11,2,9
109000188,26,25,1
109000189,47,3,44
109000190,0,0,0
109000191,361,44,317
109000192,0,0,0
109000193,0,0,0
109000194,0,0,0
109000195,0,0,0
109000196,0,0,0
109000197,0,0,0
109000198,0,0,0
109000199,0,0,0
109000206,0,0,0
109000207,0,0,0
109000208,0,0,0
109000209,0,0,0
109000210,0,8,-8
109000211,0,2,-2
109000214,54,46,8
109000215,270,19,251
109000216,34,166,-132
109000217,0,0,0
109000218,0,0,0
109000221,0,13,-13
109000222,9,16,-7
109000223,2,62,-60
109000224,0,0,0
109000225,1,0,1
109000226,12,2,10
109000227,40,4,36
109000228,0,0,0
109000231,0,1,-1
109000232,84,2,82
109000236,0,0,0
109000241,39,27,12
109000242,333,49,284
109000293,0,0,0
109000361,8,24,-16
109000364,0,0,0
109000396,0,6,-6
109000397,2,0,2
109000399,4,7,-3
109000400,0,0,0
109000403,0,0,0
109000406,163,1,162
109000407,0,0,0
109000408,0,80,-80
109000410,0,0,0
109000411,31,0,31
109900001,0,0,0
109900002,0,0,0
109900003,0,0,0
109900004,0,0,0
109900005,0,0,0
109900006,0,0,0
109900007,0,0,0
109900008,0,0,0
109900009,0,0,0
109900010,0,0,0
109900011,0,0,0
109900012,0,0,0
109900013,0,0,0
109900014,0,0,0
109900015,0,0,0
109900016,0,0,0
109900017,0,0,0
109900018,0,0,0
109900019,0,0,0
109900020,0,0,0
109900021,0,0,0
109900022,5,0,5
109900023,0,0,0
109900024,0,0,0
109900025,0,0,0
109900026,0,0,0
109900027,0,0,0
109900028,0,0,0
109900029,0,0,0
109900030,0,0,0
109900031,0,0,0
109900032,0,0,0
109900033,0,0,0
109900034,0,0,0
109900035,0,0,0
109900036,0,0,0
109900037,0,0,0
109900038,0,0,0
109900039,0,0,0
109900040,0,0,0
109900041,0,0,0
109900042,0,0,0
109900044,0,0,0
109900045,0,0,0
109900046,23,3,20
109900047,0,0,0
109900048,0,0,0
109900049,0,0,0
109900050,0,0,0
109900051,0,0,0
109900052,0,0,0
109900053,0,0,0
109900054,0,0,0
109900055,0,0,0
109900056,0,0,0
109900057,0,0,0
109900058,0,0,0
109900059,0,0,0
109900060,0,0,0
109900061,0,0,0
109900062,0,0,0
109900063,0,0,0
109900064,15,0,15
109900065,0,0,0
109900066,0,0,0
109900067,0,0,0
109900068,0,0,0
109900069,0,0,0
109900070,0,0,0
109900071,0,0,0
109900072,0,0,0
109900073,0,0,0
109900074,0,0,0
109900075,0,0,0
109900076,0,0,0
109900077,0,0,0
109900078,0,0,0
109900080,0,0,0
109900081,0,0,0
109900082,0,0,0
109900083,0,0,0
109900084,0,0,0
109900085,0,0,0
109900086,0,0,0
109900087,0,0,0
109900089,0,0,0
109900090,0,0,0
109900091,0,0,0
109900092,0,0,0
109900093,0,0,0
109900094,0,0,0
109900095,0,0,0
109900096,0,0,0
109900097,0,0,0
109900098,0,0,0
109900099,0,0,0
109900100,0,0,0
109900101,0,0,0
109900102,0,0,0
109900103,0,0,0
109900104,0,0,0
109900105,0,0,0
109900106,0,0,0
109900107,0,0,0
109900108,0,0,0
109900109,0,0,0
109900110,0,0,0
109900111,0,0,0
109900112,0,0,0
109900113,0,0,0
109900114,0,0,0
109900115,0,0,0
109900117,0,0,0
109900118,0,0,0
109900119,0,0,0
109900120,0,0,0
109900121,0,0,0
109900122,0,0,0
109900123,0,0,0
109900124,0,0,0
109900125,0,0,0
109900126,0,0,0
109900128,0,0,0
109900130,0,0,0
109900131,0,0,0
109900132,0,0,0
109900133,0,0,0
109900134,0,0,0
109900135,0,0,0
109900136,0,0,0
109900137,0,0,0
109900140,0,0,0
109900142,0,0,0
109900145,0,0,0
109900146,0,0,0
109900148,0,0,0
109900149,0,0,0
109900150,0,0,0
109900151,0,0,0
109900152,0,0,0
109900153,0,0,0
109900154,0,0,0
109900155,0,0,0
109900157,0,0,0
109900158,0,0,0
109900159,0,0,0
109900160,0,0,0
109900161,0,0,0
109900162,0,0,0
109900163,0,0,0
109900164,0,0,0
109900165,0,0,0
109900166,0,0,0
109900167,0,0,0
109900168,0,0,0
109900169,0,0,0
109900170,0,0,0
109900171,0,0,0
109900172,0,0,0
109900173,0,0,0
109900174,0,0,0
109900175,0,0,0
109900176,0,0,0
109900177,0,0,0
109900178,0,0,0
109900179,0,0,0
109900180,0,0,0
110000001,45,68,-23
110000002,587,290,297
110000003,108,253,-145
110000004,523,167,356
110000005,22,41,-19
110000006,2,34,-32
110000007,15,20,-5
110000008,0,0,0
110000009,1,0,1
110000010,0,0,0
110000011,7,0,7
110000012,0,0,0
110000013,0,14,-14
110000014,13,16,-3
110000015,10,20,-10
110000016,54,43,11
110000017,107,66,41
110000018,20,44,-24
110000019,0,0,0
110000020,0,0,0
110000021,49,3,46
110000022,0,0,0
110000023,0,0,0
110000024,0,0,0
110000025,0,0,0
110000026,0,0,0
110000027,6,48,-42
110000028,120,29,91
110000029,0,0,0
110000030,79,6,73
110000031,0,0,0
110000032,147,5,142
110000033,4,17,-13
110000034,3,0,3
110000035,17,40,-23
110000036,39,0,39
110000037,0,23,-23
110000038,24,1,23
110000039,113,51,62
110000040,0,0,0
110000041,185,129,56
110000042,0,0,0
110000043,74,55,19
110000044,0,0,0
110000045,1,35,-34
110000046,0,0,0
110000047,0,20,-20
110000048,0,0,0
110000049,1,0,1
110000050,0,0,0
110000051,0,0,0
110000052,3,6,-3
110000053,1,1,0
110000054,0,0,0
110000055,23,3,20
110000056,101,27,74
110000057,0,0,0
110000058,68,82,-14
110000059,19,51,-32
110000060,771,230,541
110000061,49,119,-70
110000062,660,182,478
110000063,0,0,0
110000064,3,6,-3
110000065,0,0,0
110000066,0,0,0
110000067,7,5,2
110000068,2,5,-3
110000069,0,0,0
110000071,0,0,0
110000073,0,0,0
110000075,0,0,0
110000076,0,0,0
110000077,0,0,0
110000078,1,0,1
110000080,28,6,22
110000081,0,0,0
110000082,0,0,0
110000083,27,154,-127
110000084,369,141,228
110000085,254,382,-128
110000086,373,203,170
110000087,0,22,-22
110000088,1,125,-124
110000089,347,1,346
110000090,0,0,0
110000091,0,0,0
110000092,0,0,0
110000093,64,3,61
110000094,6,1,5
110000095,330,27,303
110000096,79,33,46
110000097,550,64,486
110000098,415,44,371
110000099,30,90,-60
110000100,39,0,39
110000101,0,0,0
110000102,0,0,0
110000104,0,0,0
110000105,51,5,46
110000106,0,0,0
110000107,3,31,-28
110000108,290,2,288
110000109,0,0,0
110000110,947,159,788
110000111,0,0,0
110000112,0,0,0
110000113,0,0,0
110000114,1,3,-2
110000115,15,11,4
110000116,4,7,-3
110000117,0,0,0
110000118,119,23,96
110000119,0,0,0
110000120,35,9,26
110000121,0,0,0
110000122,29,1,28
110000123,76,53,23
110000124,0,0,0
110000125,216,26,190
110000126,90,10,80
110000127,218,6,212
110000128,0,0,0
110000129,0,0,0
110000130,53,5,48
110000131,0,0,0
110000132,0,0,0
110000133,0,0,0
110000134,0,0,0
110000135,14,0,14
110000136,0,0,0
110000137,113,1,112
110000138,0,0,0
110000139,78,1,77
110000140,607,19,588
110000143,103,7,96
110000144,1001,295,706
110000145,260,84,176
110000146,744,45,699
110000147,0,0,0
110000148,100,19,81
110000151,15,45,-30
110000152,0,8,-8
110000153,0,0,0
110000154,0,0,0
110000155,73,357,-284
110000156,28,106,-78
110000157,38,297,-259
110000160,0,0,0
110000161,0,0,0
110000166,0,0,0
110000167,292,41,251
110000168,460,47,413
110000169,224,90,134
110000170,7,30,-23
110000171,155,1,154
110000172,12,45,-33
110000173,45,12,33
110000174,0,0,0
110000175,40,2,38
110000176,24,27,-3
110000177,10,62,-52
110000178,120,43,77
110000179,57,73,-16
110000180,57,36,21
110000181,103,16,87
110000182,70,2,68
110000183,291,120,171
110000184,110,79,31
110000185,0,0,0
110000186,0,0,0
110000191,90,0,90
110000192,0,0,0
110000193,0,0,0
110000194,0,0,0
110000195,0,0,0
110000196,0,0,0
110000197,0,0,0
110000198,0,0,0
110000199,0,0,0
110000200,18,0,18
110000201,0,0,0
110000202,0,0,0
110000203,0,0,0
110000204,0,0,0
110000205,0,0,0
110000206,0,0,0
110000207,0,0,0
110000208,0,0,0
110000209,0,0,0
110000210,776,185,591
110000211,560,225,335
110000212,89,33,56
110000213,2,3,-1
110000214,2,1,1
110000215,0,0,0
110000216,0,0,0
110000217,143,0,143
110000218,0,0,0
110000219,59,1,58
110000220,0,0,0
110000221,22,0,22
110000222,0,0,0
110000223,0,0,0
110000224,0,0,0
110000225,0,0,0
110000226,356,22,334
110000227,0,0,0
110000228,23,0,23
110000229,0,0,0
110000230,317,64,253
110000231,59,73,-14
110000232,0,0,0
110000233,29,27,2
110000234,137,24,113
110000235,131,60,71
110000236,0,0,0
110000237,0,0,0
110000238,308,103,205
110000239,0,0,0
110000240,0,0,0
110000242,0,0,0
110000243,0,0,0
110000244,0,0,0
110000245,0,0,0
110000246,13,7,6
110000247,79,65,14
110000248,41,31,10
110000249,0,0,0
110000250,0,10,-10
110000251,1,13,-12
110000252,54,6,48
110000253,67,31,36
110000254,0,0,0
110000255,0,0,0
110000256,36,47,-11
110000257,24,0,24
110000258,0,5,-5
110000259,0,0,0
110000260,0,1,-1
110000263,0,0,0
110000264,10,7,3
110000265,875,110,765
110000266,406,323,83
110000267,0,0,0
110000268,0,0,0
110000269,0,0,0
110000270,0,0,0
110000271,163,6,157
110000272,166,154,12
110000273,112,165,-53
110000274,54,179,-125
110000275,110,40,70
110000276,14,97,-83
110000277,479,36,443
110000278,3,119,-116
110000279,374,95,279
110000280,241,41,200
110000281,0,0,0
110000282,40,1,39
110000283,0,0,0
110000284,0,0,0
110000285,0,0,0
110000286,29,2,27
110000287,14,0,14
110000288,0,0,0
110000289,0,0,0
110000290,0,0,0
110000291,183,6,177
110000292,0,0,0
110000293,154,14,140
110000294,0,0,0
110000295,75,6,69
110000296,0,0,0
110000297,0,0,0
110000298,0,0,0
110000299,0,0,0
110000301,0,0,0
110000302,0,0,0
110000303,0,0,0
110000304,0,0,0
110000305,79,0,79
110000306,0,0,0
110000307,80,0,80
110000308,134,1,133
110000309,0,0,0
110000310,94,0,94
110000311,0,0,0
110000312,14,0,14
110000313,0,0,0
110000314,0,0,0
110000315,31,174,-143
110000316,6,99,-93
110000317,0,0,0
110000318,0,0,0
110000319,0,0,0
110000320,0,0,0
110000321,0,0,0
110000322,5,11,-6
110000323,0,0,0
110000324,0,0,0
110000325,421,256,165
110000327,104,2,102
110000328,0,0,0
110000333,40,100,-60
110000334,0,2,-2
110000335,44,31,13
110000336,2,7,-5
110000337,598,175,423
110000338,21,6,15
110000339,22,34,-12
110000340,0,2,-2
110000341,56,2,54
110000342,19,0,19
110000343,0,0,0
110000344,0,0,0
110000345,3,4,-1
110000346,221,183,38
110000347,619,171,448
110000348,0,0,0
110000349,0,0,0
110000350,0,0,0
110000351,376,121,255
110000352,0,0,0
110000353,721,66,655
110000354,1,9,-8
110000355,0,0,0
110000356,117,0,117
110000357,0,0,0
110000361,0,0,0
110000362,0,0,0
110000363,63,0,63
110000364,92,74,18
110000365,25,0,25
110000366,0,0,0
110000367,0,0,0
110000368,0,0,0
110000369,14,0,14
110000373,0,0,0
110000374,0,0,0
110000375,65,17,48
110000376,0,0,0
110000377,84,113,-29
110000378,0,0,0
110000379,419,189,230
110000380,84,3,81
110000383,6,8,-2
110000384,148,12,136
110000385,0,0,0
110000387,27,0,27
110000388,0,0,0
110000389,594,2,592
110000391,201,22,179
110000396,0,0,0
110000397,0,0,0
110000398,0,0,0
110000399,487,0,487
110000587,0,1,-1
110000589,4,1,3
110000640,0,0,0
110000652,0,0,0
110000653,0,0,0
110000654,0,0,0
110000656,0,0,0
110000674,0,0,0
110000675,0,0,0
110000676,0,0,0
110000679,8,10,-2
110000682,14,26,-12
110000683,77,32,45
110000684,0,0,0
110000685,0,0,0
110000686,0,0,0
110000687,0,0,0
110000688,49,0,49
110000689,0,0,0
110000692,0,1,-1
110000693,0,0,0
110000694,0,0,0
110000695,0,0,0
110000696,41,21,20
110900001,0,0,0
110900002,0,0,0
110900003,0,0,0
110900004,0,0,0
110900005,0,0,0
110900006,0,0,0
110900007,0,0,0
110900008,0,0,0
110900009,0,0,0
110900010,0,0,0
110900011,0,0,0
110900012,0,0,0
110900013,0,0,0
110900014,0,0,0
110900015,0,0,0
110900016,0,0,0
110900017,0,0,0
110900018,0,0,0
110900019,0,0,0
110900020,0,0,0
110900021,0,0,0
110900022,0,0,0
110900023,0,0,0
110900024,0,0,0
110900025,0,0,0
110900027,0,0,0
110900028,0,0,0
110900029,0,0,0
110900030,0,0,0
110900031,0,0,0
110900032,0,0,0
110900033,0,0,0
110900035,0,0,0
110900036,0,0,0
110900037,0,0,0
110900038,0,0,0
110900039,0,0,0
110900040,0,0,0
110900041,0,0,0
110900042,0,0,0
110900043,0,0,0
110900044,0,0,0
110900045,0,0,0
110900046,0,0,0
110900047,0,0,0
110900049,0,0,0
110900050,0,0,0
110900051,0,0,0
110900052,0,0,0
110900053,0,0,0
110900054,0,0,0
110900055,0,0,0
110900056,0,0,0
110900057,0,0,0
110900058,0,0,0
110900059,0,0,0
110900060,0,0,0
110900061,0,0,0
110900062,0,0,0
110900063,0,0,0
110900064,0,0,0
110900065,0,0,0
110900066,0,0,0
110900067,0,0,0
110900068,0,0,0
110900069,0,0,0
110900070,0,0,0
110900071,0,0,0
110900073,0,0,0
110900074,0,0,0
110900075,0,0,0
110900077,0,0,0
110900078,0,0,0
110900079,16,0,16
110900080,0,0,0
110900081,0,0,0
110900082,0,0,0
110900083,0,0,0
110900084,0,0,0
110900085,0,0,0
110900086,0,0,0
110900087,0,0,0
110900088,0,0,0
110900090,0,0,0
110900091,0,0,0
110900093,0,0,0
110900095,0,0,0
110900097,0,0,0
110900098,0,0,0
110900099,0,0,0
110900100,0,0,0
110900102,0,0,0
110900105,0,0,0
110900108,0,0,0
110900111,0,0,0
110900112,0,0,0
110900113,0,0,0
110900115,0,0,0
110900116,0,0,0
110900118,0,0,0
110900119,0,0,0
110900120,0,0,0
110900121,0,0,0
110900122,0,0,0
110900125,0,0,0
110900127,0,0,0
110900128,0,0,0
110900129,0,0,0
110900130,0,0,0
110900131,0,0,0
110900132,0,0,0
110900133,0,0,0
110900135,0,0,0
110900136,0,0,0
110900138,0,0,0
110900139,0,0,0
110900140,0,0,0
110900141,0,0,0
110900142,0,0,0
110900143,0,0,0
110900144,0,0,0
110900145,0,0,0
110900146,0,0,0
110900147,0,0,0
110900148,0,0,0
110900149,0,0,0
110900150,0,0,0
110900151,0,0,0
110900152,0,0,0
110900153,0,0,0
111000001,61,40,21
111000002,0,0,0
111000003,404,85,319
111000004,0,0,0
111000005,510,68,442
111000006,0,0,0
111000007,703,75,628
111000008,0,0,0
111000009,30,186,-156
111000010,528,119,409
111000011,49,35,14
111000012,303,63,240
111000013,7,59,-52
111000014,590,82,508
111000017,0,0,0
111000018,0,0,0
111000020,0,0,0
111000021,35,3,32
111000023,36,0,36
111000025,96,158,-62
111000029,0,0,0
111000030,0,0,0
111000031,519,101,418
111000032,49,1,48
111000033,58,14,44
111000034,3,28,-25
111000037,0,0,0
111000038,42,16,26
111000039,5,4,1
111000040,1,24,-23
111000041,0,0,0
111000042,0,0,0
111000043,800,106,694
111000044,828,82,746
111000045,1028,262,766
111000046,416,148,268
111000047,521,163,358
111000049,96,9,87
111000050,0,0,0
111000051,0,0,0
111000052,0,0,0
111000053,0,0,0
111000054,0,0,0
111000055,5,0,5
111000056,0,0,0
111000057,0,0,0
111000058,88,0,88
111000059,293,67,226
111000060,1562,84,1478
111000061,137,14,123
111000062,332,1,331
111000063,627,27,600
111000064,640,44,596
111000065,607,32,575
111000066,178,11,167
111000067,0,0,0
111000068,0,0,0
111000069,0,0,0
111000070,0,0,0
111000071,0,0,0
111000072,831,136,695
111000073,489,188,301
111000074,1065,254,811
111000075,210,24,186
111000076,259,53,206
111000077,729,158,571
111000078,206,34,172
111000079,306,22,284
111000080,103,43,60
111000081,79,66,13
111000082,122,18,104
111000084,55,171,-116
111000085,61,30,31
111000086,90,20,70
111000087,93,4,89
111000088,96,19,77
111000089,136,4,132
111000090,42,41,1
111000091,0,0,0
111000092,0,0,0
111000093,0,0,0
111000094,17,0,17
111000095,7,14,-7
111000096,49,16,33
111000097,0,0,0
111000098,0,0,0
111000099,0,0,0
111000100,0,0,0
111000101,0,0,0
111000102,0,0,0
111000104,73,12,61
111000107,0,0,0
111000109,65,34,31
111000110,350,89,261
111000111,1042,29,1013
111000112,886,14,872
111000113,364,152,212
111000114,279,118,161
111000115,1359,120,1239
111000116,232,37,195
111000117,53,22,31
111000118,220,37,183
111000119,230,72,158
111000120,299,45,254
111000121,149,27,122
111000122,5,3,2
111000123,5,4,1
111000124,0,0,0
111000125,0,0,0
111000126,0,0,0
111000127,263,9,254
111000128,757,5,752
111000129,1151,16,1135
111000130,1339,46,1293
111000131,780,16,764
111000132,461,86,375
111000133,13,18,-5
111000134,31,12,19
111000135,0,0,0
111000136,232,1,231
111000138,0,0,0
111000140,0,0,0
111000141,0,1,-1
111000142,0,0,0
111000143,0,0,0
111000144,0,0,0
111000145,3,0,3
111000146,2,0,2
111000147,20,0,20
111000148,44,9,35
111000149,0,0,0
111000150,21,1,20
111000151,0,0,0
111000153,122,3,119
111000154,19,2,17
111000155,46,7,39
111000156,144,23,121
111000157,95,105,-10
111000158,190,171,19
111000159,239,135,104
111000160,41,17,24
111000161,1,60,-59
111000162,0,0,0
111000163,0,0,0
111000164,0,0,0
111000165,215,18,197
111000166,0,0,0
111000167,0,0,0
111000168,25,25,0
111000169,51,19,32
111000170,78,4,74
111000171,49,10,39
111000172,5,6,-1
111000173,57,12,45
111000174,8,24,-16
111000175,0,5,-5
111000176,0,0,0
111000177,0,0,0
111000178,0,0,0
111000179,0,0,0
111000180,0,0,0
111000181,107,1,106
111000182,100,2,98
111000183,49,6,43
111000184,114,22,92
111000185,7,14,-7
111000186,12,1,11
111000187,14,0,14
111000188,2,3,-1
111000189,0,0,0
111000190,0,0,0
111000191,0,0,0
111000192,0,0,0
111000193,0,0,0
111000194,0,0,0
111000195,0,0,0
111000196,0,0,0
111000197,80,8,72
111000198,141,5,136
111000199,67,6,61
111000200,267,16,251
111000201,76,4,72
111000202,123,2,121
111000203,142,23,119
111000204,58,175,-117
111000213,79,47,32
111000214,144,43,101
111000215,172,48,124
111000217,280,16,264
111000218,101,154,-53
111000219,0,0,0
111000220,168,46,122
111000221,17,44,-27
111000224,0,0,0
111000225,47,14,33
111000226,4,3,1
111000227,13,0,13
111000228,0,0,0
111000229,0,0,0
111000230,4,5,-1
111000231,172,14,158
111000232,0,0,0
111000233,0,0,0
111000234,0,0,0
111000239,0,0,0
111000240,11,19,-8
111000241,0,0,0
111000242,32,9,23
111000243,0,0,0
111000244,66,10,56
111000245,191,16,175
111000246,137,40,97
111000247,0,0,0
111000248,97,34,63
111000249,0,0,0
111000250,0,0,0
111000251,0,0,0
111000253,0,0,0
111000255,0,0,0
111000257,0,0,0
111000260,0,0,0
111000261,71,1,70
111000271,0,0,0
111000273,109,19,90
111000274,199,179,20
111000275,44,1,43
111000276,0,0,0
111000277,0,0,0
111000278,130,6,124
111000291,158,412,-254
111000298,0,0,0
111000299,110,0,110
111000300,0,0,0
111000302,0,0,0
111000303,0,0,0
111000312,0,0,0
111000315,0,0,0
111000320,9,14,-5
111000321,7,19,-12
111000322,73,3,70
111000323,4,1,3
111000324,5,1,4
111000325,0,0,0
111000326,16,0,16
111000327,79,13,66
111000328,21,40,-19
111000329,0,0,0
111000330,3,0,3
111000331,30,0,30
111000332,130,61,69
111000334,24,22,2
111000335,31,0,31
111000337,189,5,184
111000338,0,0,0
111000339,1,0,1
111000340,2,2,0
111000341,149,6,143
111000342,0,0,0
111000344,254,28,226
111000345,13,7,6
111000346,0,0,0
111000347,1,0,1
111000350,30,3,27
111000351,0,0,0
111000352,24,5,19
111000353,0,0,0
111000354,19,1,18
111000355,0,0,0
111000358,40,10,30
111000360,33,8,25
111000361,44,2,42
111000546,1,0,1
111000547,87,3,84
111000548,0,0,0
111000549,114,2,112
111000550,0,0,0
111000551,78,4,74
111000552,2,0,2
111000907,260,1,259
111000908,7,1,6
111000916,117,1,116
111000917,0,0,0
111000918,11,19,-8
111000920,57,0,57
111000921,0,0,0
111000922,0,0,0
111000924,0,0,0
111000925,1983,240,1743
111000926,133,78,55
111000927,1958,450,1508
111000928,355,387,-32
111000929,1321,222,1099
111000930,30,143,-113
111000931,1452,318,1134
111000932,128,133,-5
111000933,1553,440,1113
111000934,9,120,-111
111000935,852,89,763
111000936,3,60,-57
111000937,596,176,420
111000938,8,146,-138
111000939,166,1,165
111000940,2,0,2
111000941,44,4,40
111000943,0,0,0
111000944,22,10,12
111000945,21,0,21
111001109,160,8,152
111001110,0,0,0
111001111,0,0,0
111001112,174,0,174
111001113,1,90,-89
111001114,5,5,0
111001115,0,0,0
111001116,520,36,484
111001117,0,0,0
111001120,3,14,-11
111001121,0,0,0
111001122,0,0,0
111001123,6,11,-5
111001124,0,0,0
111001125,0,75,-75
111001126,0,0,0
111900001,0,0,0
111900002,0,0,0
111900003,0,0,0
111900004,0,0,0
111900006,0,0,0
111900007,0,0,0
111900008,0,0,0
111900009,0,0,0
111900010,0,0,0
111900012,0,0,0
111900013,0,0,0
111900014,14,0,14
111900015,0,0,0
111900016,0,0,0
111900017,0,0,0
111900018,0,0,0
111900019,0,0,0
111900020,0,0,0
111900021,0,0,0
111900022,0,0,0
111900023,0,0,0
111900024,0,0,0
111900025,0,0,0
111900026,0,0,0
111900027,0,0,0
111900028,0,0,0
111900029,0,0,0
111900030,0,0,0
111900031,0,0,0
111900032,0,0,0
111900033,0,0,0
111900034,0,0,0
111900035,0,0,0
111900036,0,0,0
111900038,0,0,0
111900039,0,0,0
111900040,0,0,0
111900042,0,0,0
111900043,0,0,0
111900044,0,0,0
111900046,0,0,0
111900048,0,0,0
111900049,0,0,0
111900050,0,0,0
111900051,0,0,0
111900052,0,0,0
111900053,0,0,0
111900054,0,0,0
111900055,0,0,0
111900056,0,0,0
111900057,15,0,15
111900058,0,0,0
111900059,12,15,-3
111900060,0,0,0
111900061,0,0,0
111900062,0,0,0
111900063,0,0,0
111900064,0,0,0
111900065,0,0,0
111900066,0,0,0
111900067,0,0,0
111900068,0,0,0
111900069,0,0,0
111900070,0,0,0
111900071,0,0,0
111900072,0,0,0
111900073,0,0,0
111900074,0,0,0
111900075,0,0,0
111900076,0,0,0
111900077,0,0,0
111900078,0,0,0
111900079,0,0,0
111900080,0,0,0
111900082,0,0,0
111900083,0,0,0
111900084,0,0,0
111900085,0,0,0
111900086,0,0,0
111900087,0,0,0
111900088,0,0,0
111900089,0,0,0
111900090,0,0,0
111900091,0,0,0
111900092,0,0,0
111900093,0,0,0
111900094,0,0,0
111900095,0,0,0
111900096,0,0,0
111900097,0,0,0
111900098,0,0,0
111900099,0,0,0
111900100,0,0,0
111900101,0,0,0
111900102,0,0,0
111900103,0,0,0
111900104,0,0,0
111900105,0,0,0
111900106,0,0,0
111900110,0,0,0
111900111,2,0,2
111900112,0,0,0
111900113,0,0,0
111900118,0,0,0
111900119,0,0,0
111900122,0,0,0
111900123,0,0,0
111900124,0,0,0
111900125,0,0,0
111900126,0,0,0
111900127,0,0,0
111900128,0,0,0
111900129,0,0,0
111900130,0,0,0
111900131,0,0,0
111900132,0,0,0
111900133,0,0,0
111900134,0,0,0
111900135,0,0,0
111900136,0,0,0
111900137,0,0,0
111900138,0,0,0
111900139,0,0,0
111900140,0,0,0
111900141,0,0,0
111900142,0,0,0
111900143,0,0,0
111900144,0,0,0
111900145,0,0,0
111900146,0,0,0
111900147,0,0,0
111900148,0,0,0
111900149,0,0,0
111900150,0,0,0
111900151,0,0,0
111900152,0,0,0
111900153,0,0,0
111900154,0,0,0
111900155,0,0,0
111900156,0,0,0
111900157,0,0,0
111900158,0,0,0
111900159,0,0,0
111900160,0,0,0
111900161,0,0,0
111900162,0,0,0
111900163,0,0,0
111900164,0,0,0
111901113,0,0,0
111901114,0,0,0
111901115,0,0,0
111901116,0,0,0
111901117,0,0,0
111901118,0,0,0
111901119,0,0,0
111901121,0,0,0
111901122,0,0,0
111901123,0,0,0
111901124,0,0,0
111901125,30,51,-21
111901127,0,0,0
111901128,0,0,0
111901129,0,0,0
111901130,0,0,0
111901131,0,0,0
111901132,0,0,0
111901133,0,0,0
111901134,0,0,0
111901135,0,0,0
111901136,0,0,0
111901137,0,0,0
111901138,0,0,0
111901139,0,0,0
111901140,0,0,0
111901141,0,0,0
111901142,0,0,0
111901143,0,0,0
111901144,0,0,0
111901145,0,0,0
111901146,0,0,0
111901147,0,0,0
111901148,0,0,0
111901149,0,0,0
112000001,1009,249,760
112000002,0,0,0
112000003,544,110,434
112000004,0,0,0
112000005,2707,1202,1505
112000006,0,0,0
112000007,892,806,86
112000008,1610,1599,11
112000009,589,50,539
112000010,216,781,-565
112000011,126,51,75
112000012,676,1346,-670
112000013,83,66,17
112000014,159,580,-421
112000015,0,0,0
112000016,109,251,-142
112000017,0,0,0
112000024,0,0,0
112000026,0,0,0
112000027,456,428,28
112000028,0,0,0
112000029,0,0,0
112000030,0,0,0
112000031,0,35,-35
112000032,0,0,0
112000033,1,31,-30
112000034,0,0,0
112000035,0,0,0
112000036,0,0,0
112000037,0,0,0
112000038,0,0,0
112000039,18,23,-5
112000040,0,0,0
112000041,0,0,0
112000042,0,0,0
112000050,680,461,219
112000051,617,935,-318
112000054,22,129,-107
112000057,0,0,0
112000058,0,0,0
112000059,0,0,0
112000061,0,0,0
112000062,11,108,-97
112000063,0,0,0
112000064,0,0,0
112000065,0,0,0
112000066,66,295,-229
112000067,0,0,0
112000068,35,146,-111
112000069,0,0,0
112000070,10,22,-12
112000071,0,0,0
112000072,140,5,135
112000073,0,0,0
112000074,87,5,82
112000075,363,74,289
112000076,93,60,33
112000077,73,6,67
112000078,173,19,154
112000079,91,21,70
112000080,54,18,36
112000081,22,117,-95
112000082,157,130,27
112000083,90,43,47
112000084,137,84,53
112000085,229,22,207
112000086,327,82,245
112000087,64,12,52
112000088,111,42,69
112000089,1,9,-8
112000090,23,7,16
112000091,33,27,6
112000092,1108,67,1041
112000093,145,14,131
112000094,431,100,331
112000095,118,1,117
112000096,436,95,341
112000097,561,281,280
112000098,0,0,0
112000099,32,991,-959
112000100,643,64,579
112000101,0,0,0
112000102,336,49,287
112000103,0,0,0
112000105,0,0,0
112000106,461,93,368
112000107,0,3,-3
112000108,0,0,0
112000109,26,1,25
112000110,181,21,160
112000111,2,29,-27
112000112,234,10,224
112000113,5,3,2
112000114,264,27,237
112000115,0,0,0
112000116,0,0,0
112000117,0,0,0
112000118,0,0,0
112000119,0,0,0
112000120,0,0,0
112000121,0,0,0
112000122,55,15,40
112000123,152,16,136
112000124,22,3,19
112000125,27,2,25
112000126,0,0,0
112000127,30,38,-8
112000128,0,0,0
112000129,73,5,68
112000130,0,0,0
112000131,0,0,0
112000132,0,0,0
112000133,75,0,75
112000134,80,12,68
112000135,184,47,137
112000136,0,0,0
112000137,260,104,156
112000138,3,1,2
112000139,7,10,-3
112000140,0,0,0
112000141,31,7,24
112000142,0,0,0
112000143,134,6,128
112000144,0,0,0
112000145,394,9,385
112000146,0,0,0
112000147,137,11,126
112000148,0,0,0
112000149,6,16,-10
112000150,0,0,0
112000151,33,1,32
112000152,0,0,0
112000153,7,1,6
112000154,45,0,45
112000155,0,0,0
112000157,25,284,-259
112000158,32,5,27
112000159,0,0,0
112000167,0,0,0
112000169,0,0,0
112000173,0,0,0
112000175,9,7,2
112000176,0,0,0
112000177,0,0,0
112000178,0,0,0
112000179,0,0,0
112000180,0,0,0
112000181,81,4,77
112000182,176,12,164
112000183,44,1,43
112000184,6,0,6
112000185,0,0,0
112000187,0,0,0
112000195,0,0,0
112000196,0,0,0
112000197,0,0,0
112000198,0,0,0
112000199,0,0,0
112000202,318,3,315
112000216,0,0,0
112000230,0,0,0
112000231,0,0,0
112000256,5,33,-28
112000313,0,0,0
112000314,0,0,0
112000337,0,0,0
112000352,0,0,0
112000392,94,143,-49
112000398,212,67,145
112000399,291,1703,-1412
112000400,5,34,-29
112000401,41,39,2
112000402,627,1572,-945
112000403,89,973,-884
112000404,124,266,-142
112000405,997,583,414
112000406,18,94,-76
112000407,2615,453,2162
112000408,50,98,-48
112000409,4,112,-108
112000410,0,0,0
112000411,0,0,0
112000412,0,0,0
112000413,0,0,0
112000414,0,0,0
112000415,0,0,0
112000416,797,197,600
112000417,27,20,7
112000421,0,0,0
112000422,9,2,7
112000424,0,0,0
112000425,0,0,0
112000426,0,0,0
112000427,0,0,0
112000428,0,0,0
112000429,276,330,-54
112000430,351,670,-319
112000431,10,35,-25
112000432,0,0,0
112000433,14,78,-64
112000437,3,9,-6
112900001,0,0,0
112900002,0,0,0
112900003,0,0,0
112900004,0,0,0
112900005,0,0,0
112900006,0,0,0
112900007,0,0,0
112900008,0,0,0
112900009,0,0,0
112900010,0,0,0
112900011,0,0,0
112900012,0,0,0
112900013,0,0,0
112900014,0,0,0
112900015,0,0,0
112900016,0,0,0
112900017,0,0,0
112900018,0,0,0
112900019,0,0,0
112900020,0,0,0
112900021,0,0,0
112900022,0,0,0
112900023,0,0,0
112900024,0,0,0
112900025,0,0,0
112900026,0,0,0
112900027,0,0,0
112900028,0,0,0
112900029,0,0,0
112900030,0,0,0
112900031,0,0,0
112900032,0,0,0
112900034,0,0,0
112900035,0,0,0
112900036,0,0,0
112900037,0,0,0
112900038,0,0,0
112900039,0,0,0
112900040,0,0,0
112900041,0,0,0
112900042,0,0,0
112900043,0,0,0
112900044,0,0,0
112900045,0,0,0
112900046,0,0,0
112900047,0,0,0
112900049,0,0,0
112900050,0,0,0
112900051,0,0,0
112900052,0,0,0
112900053,0,0,0
112900054,0,0,0
112900055,0,0,0
112900056,0,0,0
112900057,0,0,0
112900058,0,0,0
112900059,0,0,0
112900060,0,0,0
112900061,0,0,0
112900062,0,0,0
112900063,0,0,0
112900064,0,0,0
112900065,0,0,0
112900066,0,0,0
112900067,0,0,0
112900068,0,0,0
112900069,0,0,0
112900071,0,0,0
112900072,0,0,0
112900073,0,0,0
112900074,0,0,0
112900075,0,0,0
112900076,0,0,0
112900078,0,0,0
112900079,0,0,0
112900080,0,0,0
112900081,0,0,0
112900082,0,0,0
112900083,0,0,0
112900084,0,0,0
112900086,0,0,0
112900087,0,0,0
112900088,0,0,0
112900089,0,0,0
112900090,0,0,0
112900091,0,0,0
112900092,0,0,0
112900093,0,0,0
112900095,0,0,0
112900096,0,0,0
112900097,0,0,0
112900098,0,0,0
112900099,0,0,0
112900100,0,0,0
112900101,0,0,0
112900102,0,0,0
112900103,0,0,0
112900104,0,0,0
112900105,0,0,0
112900106,0,0,0
112900107,0,0,0
112900108,0,0,0
112900109,0,0,0
112900110,0,0,0
112900111,0,0,0
112900112,0,0,0
112900113,0,0,0
112900114,0,0,0
112900115,0,0,0
112900116,0,0,0
112900117,0,0,0
112900118,0,0,0
112900119,0,0,0
112900120,0,0,0
112900121,0,0,0
112900122,0,0,0
112900123,0,0,0
112900124,0,0,0
112900125,0,0,0
112900126,0,0,0
112900127,0,0,0
112900128,0,0,0
112900129,0,0,0
112900130,0,0,0
112900131,0,0,0
112900132,0,0,0
112900133,0,0,0
112900134,0,0,0
112900135,0,0,0
112900137,0,0,0
112900138,0,0,0
112900139,0,0,0
112900141,0,0,0
112900142,0,0,0
112900143,0,0,0
112900144,0,0,0
112900145,0,0,0
112900146,0,0,0
112900147,0,0,0
112900148,0,0,0
112900149,0,0,0
112900151,0,0,0
112900152,0,0,0
112900153,0,0,0
112900154,0,0,0
112900155,0,0,0
112900156,0,0,0
112900157,0,0,0
112900158,0,0,0
112900159,0,0,0
112900160,0,0,0
112900161,0,0,0
112900162,0,0,0
112900163,0,0,0
112900164,0,0,0
112900165,0,0,0
112900166,0,0,0
112900167,0,0,0
112900168,0,0,0
112900169,0,0,0
112900170,0,0,0
112900172,0,0,0
112900173,0,0,0
112900174,0,0,0
112900175,0,0,0
112900176,0,0,0
112900177,0,0,0
112900178,0,0,0
112900179,0,0,0
112900180,0,0,0
112900181,0,0,0
112900182,0,0,0
112900183,0,0,0
112900184,0,0,0
112900185,0,0,0
112900186,0,0,0
112900187,0,0,0
112900188,0,0,0
112900189,0,0,0
112900190,0,0,0
112900192,0,0,0
112900193,0,0,0
112900194,0,0,0
112900195,0,0,0
112900196,0,0,0
112900197,0,0,0
112900199,0,0,0
112900200,0,0,0
112900201,0,0,0
112900202,0,0,0
112900203,0,0,0
112900204,0,0,0
112900205,0,0,0
112900206,0,0,0
112900207,0,0,0
112900208,0,0,0
112900209,0,0,0
112900210,0,0,0
112900211,0,0,0
112900212,0,0,0
112900213,0,0,0
112900214,0,0,0
112900215,0,0,0
112900216,0,0,0
112900217,0,0,0
112900218,0,0,0
112900219,0,0,0
112900220,0,0,0
112900221,0,0,0
112900222,0,0,0
112900223,0,0,0
112900224,0,0,0
112900225,0,0,0
112900226,0,0,0
112900227,0,0,0
112900228,0,0,0
112900229,0,0,0
112900230,0,0,0
112900232,0,0,0
112900233,0,0,0
112900234,0,0,0
112900235,0,0,0
112900236,0,0,0
112900237,0,0,0
112900238,0,0,0
112900239,0,0,0
112900240,0,0,0
112900241,0,0,0
112900242,0,0,0
112900243,0,0,0
112900244,0,0,0
112900245,0,0,0
112900246,0,0,0
112900247,0,0,0
112900248,0,0,0
112900249,0,0,0
112900250,0,0,0
112900251,0,0,0
112900252,0,0,0
112900253,0,0,0
112900254,0,0,0
112900255,0,0,0
112900256,0,0,0
112900257,0,0,0
112900258,0,0,0
113000001,212,326,-114
113000002,237,268,-31
113000003,133,127,6
113000004,97,154,-57
113000005,66,70,-4
113000006,49,116,-67
113000007,63,18,45
113000008,68,42,26
113000009,58,25,33
113000010,222,42,180
113000011,0,0,0
113000012,609,85,524
113000013,8,32,-24
113000014,9,7,2
113000015,2,2,0
113000016,0,3,-3
113000017,0,0,0
113000018,34,9,25
113000019,0,0,0
113000020,117,1,116
113000021,210,29,181
113000022,52,3,49
113000025,0,0,0
113000026,29,13,16
113000027,95,0,95
113000028,0,1,-1
113000029,21,15,6
113000030,0,0,0
113000031,0,0,0
113000032,41,41,0
113000033,67,16,51
113000034,0,0,0
113000035,0,0,0
113000036,0,0,0
113000037,0,0,0
113000038,0,0,0
113000039,0,0,0
113000040,0,0,0
113000042,0,0,0
113000051,168,123,45
113000052,166,41,125
113000053,29,9,20
113000054,21,49,-28
113000055,121,31,90
113000056,149,36,113
113000058,0,0,0
113000059,212,51,161
113000060,1,0,1
113000061,81,77,4
113000062,0,0,0
113000063,0,0,0
113000064,0,0,0
113000065,2,9,-7
113000066,163,10,153
113000067,44,0,44
113000068,26,17,9
113000069,15,21,-6
113000070,19,3,16
113000071,24,40,-16
113000072,121,1,120
113000073,0,76,-76
113000074,75,3,72
113000075,201,5,196
113000076,2,167,-165
113000077,55,66,-11
113000078,0,0,0
113000079,0,0,0
113000080,86,46,40
113000081,179,96,83
113000082,0,0,0
113000083,143,182,-39
113000084,27,0,27
113000085,198,138,60
113000086,12,10,2
113000087,100,452,-352
113000088,17,5,12
113000089,192,436,-244
113000090,5,36,-31
113000091,4,0,4
113000094,123,11,112
113000095,0,0,0
113000096,0,0,0
113000097,56,6,50
113000098,1,0,1
113000099,56,5,51
113000100,1,0,1
113000101,0,0,0
113000102,21,43,-22
113000103,0,0,0
113000104,250,121,129
113000105,596,113,483
113000106,0,0,0
113000107,281,380,-99
113000108,59,17,42
113000109,0,0,0
113000110,53,76,-23
113000111,0,0,0
113000112,1,28,-27
113000113,36,20,16
113000114,0,0,0
113000116,0,0,0
113000117,0,0,0
113000118,0,3,-3
113000119,0,0,0
113000120,0,3,-3
113000121,0,0,0
113000124,15,14,1
113000125,0,0,0
113000127,0,0,0
113000128,0,0,0
113000129,0,0,0
113000133,21,1,20
113000134,1,55,-54
113000135,925,883,42
113000137,271,289,-18
113000139,33,20,13
113000140,0,0,0
113000141,14,17,-3
113000142,0,0,0
113000143,0,12,-12
113000144,0,0,0
113000145,0,0,0
113000146,0,0,0
113000147,0,0,0
113000148,0,0,0
113000149,0,0,0
113000150,0,0,0
113000151,0,0,0
113000152,0,0,0
113000153,0,0,0
113000154,12,52,-40
113000155,28,66,-38
113000156,0,0,0
113000157,0,0,0
113000158,0,0,0
113000159,0,0,0
113000160,0,0,0
113000161,0,0,0
113000162,0,0,0
113000163,0,0,0
113000164,0,0,0
113000166,52,1,51
113000167,0,0,0
113000168,0,0,0
113000169,116,1,115
113000170,128,5,123
113000171,0,0,0
113000172,44,4,40
113000173,22,4,18
113000174,0,0,0
113000175,80,2,78
113000176,253,1,252
113000177,0,0,0
113000178,0,0,0
113000179,111,26,85
113000180,66,1,65
113000181,70,33,37
113000182,0,1,-1
113000183,3,53,-50
113000184,0,0,0
113000189,0,0,0
113000190,0,0,0
113000192,75,244,-169
113000193,80,14,66
113000194,15,47,-32
113000195,47,54,-7
113000196,122,19,103
113000197,43,4,39
113000198,0,0,0
113000199,4,0,4
113000201,0,0,0
113000202,0,0,0
113000203,4,4,0
113000204,26,149,-123
113000205,0,0,0
113000206,0,0,0
113000207,0,0,0
113000208,0,0,0
113000209,0,0,0
113000210,0,0,0
113000211,0,0,0
113000212,0,0,0
113000213,17,0,17
113000214,0,0,0
113000234,0,0,0
113000410,0,13,-13
113000411,46,105,-59
113000412,442,317,125
113000413,254,391,-137
113000414,261,360,-99
113000415,14,54,-40
113000416,59,64,-5
113000417,14,62,-48
113000418,367,162,205
113000419,87,111,-24
113000420,425,175,250
113000421,1508,1060,448
113000422,300,381,-81
113000423,275,322,-47
113000424,750,381,369
113000425,0,0,0
113000428,0,0,0
113000430,0,0,0
113000432,197,6,191
113000433,0,0,0
113000434,0,0,0
113000435,0,0,0
113000436,0,0,0
113000437,19,0,19
113000438,4,0,4
113000439,0,0,0
113000440,1,1,0
113000441,6,1,5
113000442,0,0,0
113000443,0,0,0
113000444,0,0,0
113000445,0,0,0
113000446,0,0,0
113000448,0,0,0
113000449,1,1,0
113000450,1,4,-3
113000451,0,0,0
113000452,1,7,-6
113000453,0,0,0
113000454,0,5,-5
113000455,0,0,0
113000456,0,0,0
113000468,0,0,0
113000469,0,0,0
113000470,0,0,0
113000471,0,0,0
113000472,0,0,0
113000474,6,71,-65
113000475,95,78,17
113000476,167,197,-30
113000477,805,323,482
113000478,449,121,328
113000479,0,0,0
113000485,0,0,0
113000486,0,0,0
113000487,0,0,0
113000488,0,0,0
113000489,0,0,0
113000490,0,0,0
113000491,0,0,0
113000492,0,0,0
113000493,0,0,0
113000495,0,0,0
113000496,1,1,0
113000497,0,0,0
113000499,0,0,0
113900001,0,0,0
113900002,0,0,0
113900003,0,0,0
113900004,0,0,0
113900005,0,0,0
113900006,0,0,0
113900007,0,0,0
113900008,0,0,0
113900009,0,0,0
113900010,0,0,0
113900011,0,0,0
113900012,0,0,0
113900013,0,0,0
113900014,0,0,0
113900015,0,0,0
113900016,0,0,0
113900017,0,0,0
113900018,0,0,0
113900019,0,0,0
113900020,0,0,0
113900022,0,0,0
113900023,0,0,0
113900024,0,0,0
113900025,0,0,0
113900026,0,0,0
113900027,0,0,0
113900028,0,0,0
113900029,0,0,0
113900030,0,0,0
113900031,0,0,0
113900032,0,0,0
113900033,0,0,0
113900035,0,0,0
113900036,0,0,0
113900037,0,0,0
113900038,0,0,0
113900039,0,0,0
113900040,0,0,0
113900041,0,0,0
113900042,0,0,0
113900043,0,0,0
113900044,0,0,0
113900045,0,0,0
113900046,0,0,0
113900047,0,0,0
113900048,0,0,0
113900049,0,0,0
113900050,0,0,0
113900051,0,0,0
113900052,0,0,0
113900053,0,0,0
113900054,0,0,0
113900055,0,0,0
113900056,0,0,0
113900057,0,0,0
113900058,0,0,0
113900059,0,0,0
113900060,0,0,0
113900061,0,0,0
113900062,0,0,0
113900063,0,0,0
113900064,0,0,0
113900065,0,0,0
113900066,0,0,0
113900067,0,0,0
113900068,0,0,0
113900069,0,0,0
113900070,0,0,0
113900071,0,0,0
113900072,0,0,0
113900073,0,0,0
113900074,0,0,0
113900075,0,0,0
113900076,0,0,0
113900077,0,0,0
113900078,0,0,0
113900079,0,0,0
113900080,0,0,0
113900081,0,0,0
113900082,0,0,0
113900083,0,0,0
113900084,0,0,0
113900085,0,0,0
113900086,0,0,0
113900087,0,0,0
113900088,0,0,0
113900089,0,0,0
113900090,0,0,0
113900091,0,0,0
113900092,0,0,0
113900093,0,0,0
113900094,0,0,0
113900095,0,0,0
113900096,0,0,0
113900097,0,0,0
113900098,0,0,0
113900099,0,0,0
113900100,0,0,0
113900101,0,0,0
113900102,0,0,0
113900103,0,0,0
113900104,0,0,0
113900105,0,0,0
113900106,0,0,0
113900107,0,0,0
113900108,0,0,0
113900109,0,0,0
113900110,0,0,0
113900111,0,0,0
113900112,0,0,0
113900113,0,0,0
113900114,0,0,0
113900115,0,0,0
113900116,0,0,0
113900117,0,0,0
113900118,0,0,0
113900119,0,0,0
113900120,0,0,0
113900121,0,0,0
113900122,0,0,0
113900123,0,0,0
113900124,0,0,0
113900125,0,0,0
113900126,0,0,0
113900127,0,0,0
113900128,0,0,0
113900129,0,0,0
113900130,0,0,0
113900131,0,0,0
113900132,0,0,0
113900133,0,0,0
113900135,0,0,0
113900136,0,0,0
113900137,0,0,0
113900138,0,0,0
113900139,0,0,0
113900140,0,0,0
113900141,0,0,0
113900142,0,0,0
113900143,0,0,0
113900144,0,0,0
113900145,0,0,0
113900146,0,0,0
113900148,0,0,0
113900149,0,0,0
113900150,0,0,0
113900151,0,0,0
113900152,0,0,0
113900153,0,0,0
113900154,0,0,0
113900155,0,0,0
113900156,0,0,0
113900157,0,0,0
113900158,0,0,0
113900159,0,0,0
113900160,0,0,0
113900161,0,0,0
113900162,0,0,0
113900163,0,0,0
113900164,0,0,0
113900165,0,0,0
113900166,0,0,0
113900167,0,0,0
113900168,0,0,0
113900169,0,0,0
113900171,0,0,0
113900172,0,0,0
113900173,0,0,0
113900174,0,0,0
113900175,0,0,0
113900176,0,0,0
113900177,0,0,0
113900178,0,0,0
113900179,0,0,0
113900180,0,0,0
113900181,0,0,0
113900182,0,0,0
113900183,0,0,0
113900184,0,0,0
113900185,0,0,0
113900186,0,0,0
113900187,0,0,0
113900188,0,0,0
113900189,0,0,0
113900190,0,0,0
113900191,0,0,0
113900192,0,0,0
113900193,0,0,0
113900194,0,0,0
113900195,0,0,0
113900196,0,0,0
113900197,0,0,0
113900198,0,0,0
113900199,0,0,0
113900200,0,0,0
113900201,0,0,0
113900202,0,0,0
113900203,0,0,0
113900204,0,0,0
113900205,0,0,0
113900206,0,0,0
113900207,0,0,0
113900208,0,0,0
113900209,0,0,0
113900210,0,0,0
113900211,0,0,0
113900212,0,0,0
113900214,0,0,0
113900215,0,0,0
113900216,0,0,0
113900217,0,0,0
113900218,0,0,0
113900219,0,0,0
113900220,0,0,0
113900221,0,0,0
113900222,0,0,0
113900223,0,0,0
113900224,0,0,0
113900225,0,0,0
113900226,0,0,0
113900227,0,0,0
113900228,0,0,0
113900229,0,0,0
113900230,0,0,0
113900231,0,0,0
113900232,0,0,0
113900233,0,0,0
113900234,0,0,0
113900235,0,0,0
113900236,0,0,0
113900237,0,0,0
113900238,0,0,0
113900239,0,0,0
113900240,0,0,0
113900241,0,0,0
113900242,0,0,0
113900243,0,0,0
113900244,0,0,0
113900245,0,0,0
113900246,0,0,0
113900247,0,0,0
113900248,0,0,0
113900249,0,0,0
113900250,0,0,0
113900251,0,0,0
113900252,0,0,0
113900253,0,0,0
113900254,0,0,0
113900255,0,0,0
113900256,0,0,0
113900257,0,0,0
113900258,0,0,0
113900259,0,0,0
113900260,0,0,0
113900261,0,0,0
113900262,0,0,0
113900263,0,0,0
113900264,0,0,0
113900265,0,0,0
113900266,0,0,0
113900267,0,0,0
113900268,0,0,0
113900269,0,0,0
113900270,0,0,0
113900271,0,0,0
113900273,0,0,0
113900274,0,0,0
113900275,0,0,0
113900276,0,0,0
113900277,0,0,0
113900278,0,0,0
113900279,0,0,0
113900280,0,0,0
113900281,0,0,0
113900282,0,0,0
113900283,0,0,0
113900284,0,0,0
113900285,0,0,0
113900286,0,0,0
113900287,0,0,0
113900288,0,0,0
113900289,0,0,0
113900290,0,0,0
113900291,0,0,0
113900292,0,0,0
113900293,0,0,0
113900294,0,0,0
113900295,0,5,-5
113900296,0,0,0
113900297,0,0,0
113900298,0,0,0
113900299,0,0,0
113900300,0,0,0
113900301,0,0,0
113900302,0,0,0
113900303,0,0,0
113900304,0,0,0
113900305,0,0,0
113900306,0,0,0
113900307,0,0,0
113900308,0,0,0
113900309,0,0,0
113900310,0,0,0
113900311,0,0,0
113900312,0,0,0
113900313,0,0,0
114000001,205,52,153
114000002,35,16,19
114000003,0,0,0
114000004,0,0,0
114000005,0,0,0
114000006,0,0,0
114000007,0,0,0
114000008,3,107,-104
114000009,17,18,-1
114000011,644,112,532
114000012,460,46,414
114000013,380,73,307
114000014,0,0,0
114000015,0,0,0
114000016,0,0,0
114000017,38,5,33
114000018,0,0,0
114000026,262,77,185
114000027,274,151,123
114000028,262,200,62
114000038,0,0,0
114000039,0,0,0
114000040,6,0,6
114000042,0,0,0
114000043,0,0,0
114000044,6,15,-9
114000045,0,0,0
114000046,0,0,0
114000047,0,0,0
114000048,0,45,-45
114000049,50,82,-32
114000050,8,104,-96
114000051,21,223,-202
114000052,21,142,-121
114000053,0,0,0
114000054,0,0,0
114000055,0,0,0
114000056,0,0,0
114000057,311,125,186
114000058,0,0,0
114000059,0,0,0
114000060,0,0,0
114000061,44,133,-89
114000062,32,105,-73
114000063,5,7,-2
114000064,8,3,5
114000065,17,23,-6
114000066,41,33,8
114000067,25,10,15
114000068,12,13,-1
114000069,61,2,59
114000070,749,341,408
114000071,0,0,0
114000072,0,0,0
114000073,0,0,0
114000074,0,0,0
114000075,57,0,57
114000076,4,2,2
114000077,16,0,16
114000078,0,1,-1
114000079,0,0,0
114000080,0,6,-6
114000081,9,19,-10
114000082,0,0,0
114000083,0,0,0
114000084,0,0,0
114000085,0,0,0
114000086,0,0,0
114000087,0,0,0
114000088,0,0,0
114000089,8,5,3
114000090,63,63,0
114000091,27,24,3
114000092,49,16,33
114000093,63,49,14
114000094,59,28,31
114000095,3,16,-13
114000096,0,0,0
114000097,0,0,0
114000098,45,5,40
114000099,0,0,0
114000100,834,8,826
114000101,0,0,0
114000102,84,8,76
114000103,0,0,0
114000104,0,0,0
114000105,0,0,0
114000106,0,0,0
114000107,0,0,0
114000108,0,0,0
114000109,377,204,173
114000110,0,0,0
114000111,484,129,355
114000112,0,0,0
114000113,291,23,268
114000114,0,0,0
114000115,583,120,463
114000116,377,148,229
114000117,952,61,891
114000118,493,80,413
114000119,707,43,664
114000120,125,4,121
114000121,0,0,0
114000122,114,9,105
114000123,403,32,371
114000124,91,57,34
114000125,24,111,-87
114000126,274,12,262
114000127,1,0,1
114000128,34,8,26
114000130,6,5,1
114000131,3,8,-5
114000132,0,0,0
114000133,0,0,0
114000134,0,0,0
114000138,0,0,0
114000139,14,60,-46
114000144,168,52,116
114000145,0,0,0
114000146,0,0,0
114000147,290,40,250
114000148,12,29,-17
114000149,29,45,-16
114000150,0,0,0
114000151,53,24,29
114000152,1,28,-27
114000153,0,0,0
114000154,19,5,14
114000155,227,142,85
114000156,71,38,33
114000157,9,42,-33
114000158,0,0,0
114000159,0,0,0
114000160,0,0,0
114000161,323,437,-114
114000162,679,600,79
114000163,0,0,0
114000165,4,69,-65
114000166,81,18,63
114000167,269,50,219
114000168,0,0,0
114000169,331,312,19
114000170,444,214,230
114000171,933,125,808
114000174,0,0,0
114000176,0,0,0
114000177,0,0,0
114000178,24,6,18
114000179,205,19,186
114000180,0,0,0
114000181,211,577,-366
114000182,141,163,-22
114000183,112,90,22
114000184,62,117,-55
114000185,287,90,197
114000189,223,8,215
114000190,879,4,875
114000191,0,0,0
114000192,0,23,-23
114000193,0,0,0
114000194,155,18,137
114000195,0,0,0
114000196,0,0,0
114000197,366,0,366
114000198,0,0,0
114000199,0,0,0
114000200,19,0,19
114000201,1,8,-7
114000202,211,99,112
114000203,52,44,8
114000204,0,0,0
114000205,0,8,-8
114000206,0,0,0
114000207,5,86,-81
114000208,0,23,-23
114000209,5,79,-74
114000210,2,46,-44
114000211,573,217,356
114000212,94,267,-173
114000213,382,172,210
114000214,1,0,1
114000215,0,0,0
114000216,282,109,173
114000217,64,19,45
114000218,19,0,19
114000219,291,5,286
114000220,0,23,-23
114000221,203,12,191
114000222,69,72,-3
114000223,295,22,273
114000224,37,40,-3
114000225,16,6,10
114000226,148,24,124
114000227,271,108,163
114000228,323,81,242
114000229,124,37,87
114000230,418,81,337
114000231,91,60,31
114000232,340,108,232
114000233,631,53,578
114000234,569,163,406
114000235,165,21,144
114000236,0,0,0
114000237,3,0,3
114000238,0,170,-170
114000239,0,0,0
114000240,74,51,23
114000241,24,32,-8
114000242,105,36,69
114000243,529,180,349
114000244,428,118,310
114000245,0,0,0
114000246,0,0,0
114000247,274,73,201
114000248,249,147,102
114000249,256,247,9
114000250,100,8,92
114000251,93,18,75
114000252,0,0,0
114000253,31,0,31
114000254,0,0,0
114000255,0,0,0
114000256,11,102,-91
114000257,0,175,-175
114000258,55,0,55
114000259,1,13,-12
114000260,0,0,0
114000261,100,19,81
114000262,0,0,0
114000263,50,0,50
114000264,0,0,0
114000265,0,0,0
114000267,0,268,-268
114000268,0,0,0
114000270,26,0,26
114000271,131,0,131
114000283,198,12,186
114000285,0,0,0
114000288,0,4,-4
114000289,0,0,0
114000293,17,4,13
114000294,0,7,-7
114000395,359,3,356
114000396,61,33,28
114000402,0,0,0
114000403,50,14,36
114000405,56,29,27
114000423,129,31,98
114000424,65,13,52
114000425,110,38,72
114000426,67,11,56
114000427,0,0,0
114000428,0,0,0
114000429,0,29,-29
114000432,0,0,0
114000434,0,0,0
114000435,0,0,0
114900001,0,0,0
114900002,0,0,0
114900003,0,0,0
114900004,0,0,0
114900005,0,0,0
114900006,0,0,0
114900007,0,0,0
114900008,0,0,0
114900010,0,0,0
114900011,0,0,0
114900013,0,0,0
114900015,0,0,0
114900018,0,0,0
114900020,0,0,0
114900022,0,0,0
114900024,0,0,0
114900025,0,0,0
114900026,0,0,0
114900027,0,0,0
114900029,0,0,0
114900030,0,0,0
114900031,0,0,0
114900032,0,0,0
114900033,0,0,0
114900034,0,0,0
114900035,0,0,0
114900036,0,0,0
114900037,0,0,0
114900038,0,0,0
114900039,0,0,0
114900040,0,0,0
114900041,0,0,0
114900042,0,0,0
114900043,0,0,0
114900044,0,0,0
114900046,0,0,0
114900047,0,0,0
114900048,0,0,0
114900049,0,0,0
114900050,0,0,0
114900051,0,0,0
114900052,0,0,0
114900053,0,0,0
114900054,0,0,0
114900057,0,0,0
114900058,0,0,0
114900059,0,0,0
114900060,0,0,0
114900061,0,0,0
114900062,0,0,0
114900063,0,0,0
114900064,0,0,0
114900065,0,0,0
114900067,0,0,0
114900068,0,0,0
114900069,0,0,0
114900070,0,0,0
114900072,0,0,0
114900073,0,0,0
114900074,0,0,0
114900075,0,0,0
114900076,0,0,0
114900080,0,0,0
114900082,0,0,0
114900083,0,0,0
114900090,0,0,0
114900091,0,0,0
114900095,0,0,0
114900096,0,0,0
114900097,0,0,0
114900098,0,0,0
114900099,0,0,0
115000001,129,141,-12
115000002,1302,449,853
115000003,145,121,24
115000004,1125,1001,124
115000005,19,111,-92
115000006,459,413,46
115000007,0,0,0
115000008,169,102,67
115000009,0,0,0
115000010,150,168,-18
115000013,0,0,0
115000015,0,0,0
115000016,0,0,0
115000019,28,120,-92
115000020,0,0,0
115000021,3,214,-211
115000022,4,30,-26
115000023,547,208,339
115000024,3,57,-54
115000025,413,50,363
115000026,0,0,0
115000027,201,39,162
115000028,0,0,0
115000029,530,8,522
115000030,3,78,-75
115000031,550,24,526
115000032,0,0,0
115000033,75,4,71
115000034,0,0,0
115000035,440,4,436
115000036,0,0,0
115000037,209,2,207
115000038,24,30,-6
115000039,0,30,-30
115000040,222,45,177
115000041,11,51,-40
115000042,147,35,112
115000043,798,419,379
115000044,558,61,497
115000045,101,13,88
115000046,714,174,540
115000047,935,158,777
115000048,99,110,-11
115000049,92,229,-137
115000050,1244,409,835
115000051,498,204,294
115000052,144,136,8
115000053,412,206,206
115000054,84,29,55
115000055,0,0,0
115000056,56,41,15
115000057,0,0,0
115000058,35,39,-4
115000059,0,0,0
115000061,59,5,54
115000062,0,0,0
115000063,0,0,0
115000064,110,11,99
115000065,0,0,0
115000067,9,11,-2
115000069,0,0,0
115000070,0,17,-17
115000071,14,2,12
115000072,0,0,0
115000073,208,7,201
115000075,0,0,0
115000076,589,288,301
115000077,173,166,7
115000078,107,95,12
115000079,271,155,116
115000080,428,167,261
115000081,0,0,0
115000082,1021,544,477
115000083,0,0,0
115000084,611,151,460
115000085,0,0,0
115000086,433,64,369
115000087,0,0,0
115000088,737,98,639
115000089,0,0,0
115000090,78,89,-11
115000091,101,25,76
115000092,318,7,311
115000093,494,1,493
115000094,1433,351,1082
115000095,1006,152,854
115000096,268,13,255
115000097,257,48,209
115000098,289,31,258
115000099,643,224,419
115000100,470,105,365
115000101,0,9,-9
115000102,360,90,270
115000103,2,1,1
115000105,9,4,5
115000106,244,36,208
115000107,2,23,-21
115000108,72,47,25
115000109,814,751,63
115000110,213,105,108
115000111,21,87,-66
115000112,72,22,50
115000113,6,54,-48
115000114,53,48,5
115000116,101,90,11
115000117,68,32,36
115000118,102,174,-72
115000119,79,55,24
115000120,13,284,-271
115000121,69,51,18
115000122,60,9,51
115000123,125,440,-315
115000124,63,43,20
115000125,154,54,100
115000126,40,37,3
115000127,16,1,15
115000128,14,53,-39
115000129,60,1,59
115000130,63,5,58
115000131,66,29,37
115000132,54,9,45
115000133,57,5,52
115000134,50,4,46
115000135,20,0,20
115000136,36,26,10
115000137,0,0,0
115000138,144,19,125
115000139,0,0,0
115000140,138,11,127
115000141,0,0,0
115000142,0,0,0
115000143,187,37,150
115000144,0,0,0
115000145,0,0,0
115000146,101,29,72
115000147,0,0,0
115000148,0,0,0
115000149,0,11,-11
115000150,0,0,0
115000151,45,13,32
115000152,0,0,0
115000153,32,12,20
115000154,8,11,-3
115000155,0,0,0
115000156,9,28,-19
115000157,0,0,0
115000158,0,0,0
115000159,0,0,0
115000160,0,0,0
115000161,0,0,0
115000162,238,59,179
115000163,0,0,0
115000164,0,0,0
115000165,55,45,10
115000167,7,5,2
115000168,66,36,30
115000169,0,0,0
115000170,0,0,0
115000171,75,79,-4
115000172,0,0,0
115000173,2,2,0
115000174,36,38,-2
115000175,0,0,0
115000176,5,5,0
115000177,0,0,0
115000178,0,0,0
115000179,9,0,9
115000180,0,0,0
115000181,166,5,161
115000182,177,11,166
115000183,0,0,0
115000186,149,2,147
115000187,34,47,-13
115000188,104,22,82
115000189,10,47,-37
115000190,448,28,420
115000191,3,17,-14
115000194,0,0,0
115000195,1,1,0
115000196,1,0,1
115000197,0,0,0
115000198,56,0,56
115000199,0,0,0
115000200,8,2,6
115000201,0,0,0
115000206,194,1,193
115000207,0,0,0
115000208,15,41,-26
115000209,376,3,373
115000210,17,53,-36
115000211,7,3,4
115000212,13,2,11
115000224,0,0,0
115000225,0,0,0
115000229,5,0,5
115000230,0,0,0
115000231,56,2,54
115000232,403,2,401
115000233,0,0,0
115000234,0,0,0
115000241,0,0,0
115000242,0,0,0
115000243,0,0,0
115000244,0,0,0
115000246,0,0,0
115000247,0,0,0
115000248,0,0,0
115000249,0,0,0
115000250,0,0,0
115000251,0,0,0
115000252,0,0,0
115000253,0,0,0
115000258,0,0,0
115000259,0,0,0
115000261,0,0,0
115000262,0,0,0
115000263,0,0,0
115000264,0,0,0
115000267,0,0,0
115000268,0,0,0
115000269,0,0,0
115000270,0,0,0
115000272,3,1,2
115000273,0,0,0
115000280,11,253,-242
115000281,0,0,0
115000282,253,155,98
115000284,0,0,0
115000296,288,0,288
115000297,5,207,-202
115000298,0,0,0
115000300,0,0,0
115000302,73,3,70
115000303,110,1,109
115000304,90,16,74
115000305,0,0,0
115000306,0,0,0
115000307,0,0,0
115000308,0,0,0
115000309,0,0,0
115000310,0,0,0
115000311,400,55,345
115000313,0,0,0
115000314,41,33,8
115000315,24,79,-55
115000316,0,0,0
115000317,67,17,50
115000318,310,12,298
115000319,3,31,-28
115000320,1,55,-54
115000321,61,2,59
115000322,0,32,-32
115000449,0,0,0
115000557,0,0,0
115000558,152,5,147
115000587,5,2,3
115000588,56,216,-160
115000589,1769,912,857
115000590,20,57,-37
115000591,424,333,91
115000592,25,42,-17
115000593,595,162,433
115000594,68,87,-19
115000609,0,6,-6
115000617,86,26,60
115000624,0,0,0
115000633,229,77,152
115000634,1150,174,976
115000635,302,75,227
115000638,0,0,0
115000641,0,0,0
115000642,92,8,84
115000643,0,9,-9
115000644,1,4,-3
115000646,67,59,8
115000647,37,23,14
115000648,255,10,245
115000893,1346,409,937
115000894,1,63,-62
115000895,16,101,-85
115000896,710,191,519
115000897,41,25,16
115000898,43,13,30
115000899,7,27,-20
115000900,0,44,-44
115000901,2,15,-13
115000912,69,1,68
115000913,0,0,0
115000915,4,0,4
115000916,1,0,1
115000917,0,0,0
115000918,0,0,0
115000919,0,0,0
115000920,0,0,0
115000921,0,0,0
115000922,157,253,-96
115000923,12,79,-67
115000925,0,0,0
115000927,0,0,0
115000933,0,10,-10
115000934,0,0,0
115000935,0,0,0
115000936,0,0,0
115000937,9,25,-16
115000938,6,7,-1
115000939,5,20,-15
115000940,0,2,-2
115000941,0,0,0
115000942,0,11,-11
115000943,0,0,0
115000944,0,0,0
115900001,0,0,0
115900002,0,0,0
115900003,0,0,0
115900004,0,0,0
115900005,0,0,0
115900006,0,0,0
115900008,0,0,0
115900009,0,0,0
115900010,0,0,0
115900011,0,0,0
115900012,0,0,0
115900013,0,0,0
115900014,0,0,0
115900015,0,0,0
115900016,0,0,0
115900017,0,0,0
115900018,0,0,0
115900019,0,0,0
115900020,0,0,0
115900021,0,0,0
115900022,0,0,0
115900023,0,0,0
115900025,0,0,0
115900026,0,0,0
115900027,0,0,0
115900028,0,0,0
115900029,0,0,0
115900030,0,0,0
115900031,0,0,0
115900032,0,0,0
115900033,0,0,0
115900034,0,0,0
115900035,0,0,0
115900036,0,0,0
115900037,0,0,0
115900038,0,0,0
115900039,0,0,0
115900041,0,0,0
115900042,0,0,0
115900043,0,0,0
115900044,0,0,0
115900046,0,0,0
115900047,0,0,0
115900049,0,0,0
115900051,0,0,0
115900052,0,0,0
115900053,0,0,0
115900054,0,0,0
115900055,0,0,0
115900056,0,0,0
115900057,0,0,0
115900058,0,0,0
115900060,0,0,0
115900061,0,0,0
115900062,0,0,0
115900063,0,0,0
115900064,0,0,0
115900065,0,0,0
115900066,0,0,0
115900067,0,0,0
115900068,0,0,0
115900069,0,0,0
115900070,0,0,0
115900071,0,0,0
115900072,0,0,0
115900073,0,0,0
115900074,0,0,0
115900075,0,0,0
115900076,0,0,0
115900077,0,0,0
115900078,0,0,0
115900079,0,0,0
115900080,0,0,0
115900081,0,0,0
115900082,0,0,0
115900084,0,0,0
115900085,0,0,0
115900086,0,0,0
115900088,0,0,0
115900089,0,0,0
115900090,0,0,0
115900091,0,0,0
115900092,0,0,0
115900093,0,0,0
115900094,0,0,0
115900096,0,0,0
115900097,0,0,0
115900098,0,0,0
115900099,0,0,0
115900100,0,0,0
115900101,0,0,0
115900102,0,0,0
115900103,0,0,0
115900104,0,0,0
115900105,0,0,0
115900106,0,0,0
115900107,0,0,0
115900108,0,0,0
115900109,0,0,0
115900110,0,0,0
115900111,0,0,0
115900112,0,0,0
115900113,0,0,0
115900114,0,0,0
115900115,0,0,0
115900116,0,0,0
115900117,0,0,0
115900118,0,0,0
115900119,0,0,0
115900120,0,0,0
115900121,0,0,0
115900124,0,0,0
115900125,0,0,0
115900126,0,0,0
115900127,0,0,0
115900128,0,0,0
115900129,0,0,0
115900130,0,0,0
115900131,0,0,0
115900132,0,0,0
115900134,0,0,0
115900135,0,0,0
115900137,0,0,0
115900139,0,0,0
115900140,0,0,0
115900141,0,0,0
115900142,0,0,0
115900143,0,0,0
115900144,0,0,0
115900146,0,0,0
115900147,0,0,0
115900148,0,0,0
115900149,0,0,0
115900150,0,0,0
115900151,0,0,0
115900152,0,0,0
115900153,0,0,0
115900154,0,0,0
115900155,0,0,0
115900156,0,0,0
115900157,0,0,0
115900158,0,0,0
115900159,0,0,0
115900160,0,0,0
115900161,0,0,0
115900163,0,0,0
115900164,0,0,0
115900166,0,0,0
115900168,0,0,0
115900171,0,0,0
115900172,0,0,0
115900173,0,0,0
115900174,0,0,0
115900175,0,0,0
115900178,0,0,0
115900179,0,0,0
115900180,0,0,0
115900181,0,0,0
115900182,0,0,0
115900183,0,0,0
115900184,0,0,0
115900187,0,0,0
115900189,0,0,0
115900190,0,0,0
115900191,0,0,0
115900192,0,0,0
115900193,0,0,0
115900194,0,0,0
115900195,0,0,0
115900198,0,0,0
115900199,0,0,0
115900200,0,0,0
115900201,0,0,0
115900202,0,0,0
115900203,0,0,0
115900204,0,0,0
115900205,0,0,0
115900206,0,0,0
115900207,0,0,0
115900208,0,0,0
115900209,0,0,0
115900210,0,0,0
115900211,0,0,0
115900212,0,0,0
115900213,0,0,0
115900214,0,0,0
115900215,0,0,0
115900216,0,0,0
115900217,0,0,0
115900218,0,0,0
115900219,0,0,0
115900220,0,0,0
115900221,0,0,0
115900222,0,0,0
115900223,0,0,0
115900224,0,0,0
115900225,0,0,0
115900226,0,0,0
115900227,0,0,0
115900228,0,0,0
115900229,0,0,0
115900230,0,0,0
115900231,0,0,0
115900232,0,0,0
115900233,0,0,0
115900234,0,0,0
115900235,0,0,0
115900236,0,0,0
115900237,0,0,0
115900238,0,0,0
115900239,0,0,0
115900240,0,0,0
115900241,0,0,0
115900242,2,2,0
115900243,0,0,0
115900244,0,0,0
115900245,0,0,0
115900246,0,0,0
115900247,0,0,0
115900248,0,0,0
115900249,0,0,0
115900250,0,0,0
115900251,0,0,0
115900252,0,0,0
115900253,0,0,0
115900254,0,0,0
115900255,0,0,0
115900256,0,0,0
115900257,0,0,0
115900258,0,0,0
115900259,0,0,0
115900260,0,0,0
115900261,0,0,0
115900262,0,0,0
115900263,0,0,0
115900264,0,0,0
115900265,0,0,0
115900266,0,0,0
115900267,0,0,0
115900268,0,0,0
115900269,0,0,0
115900270,0,0,0
115900271,0,0,0
115900272,0,0,0
115900273,0,0,0
115900274,0,0,0
115900275,0,0,0
115900276,0,0,0
115900277,0,0,0
115900278,0,0,0
115900279,0,0,0
115900280,0,0,0
115900281,0,0,0
115900282,0,0,0
115900283,0,0,0
115900284,0,0,0
116000001,95,193,-98
116000002,1257,1917,-660
116000003,27,104,-77
116000004,520,1714,-1194
116000005,28,111,-83
116000006,246,578,-332
116000007,114,152,-38
116000008,595,473,122
116000009,26,106,-80
116000010,538,428,110
116000011,49,177,-128
116000012,600,171,429
116000013,160,429,-269
116000014,0,0,0
116000015,3,0,3
116000016,891,22,869
116000017,49,30,19
116000018,76,20,56
116000019,16,0,16
116000020,276,60,216
116000021,82,1,81
116000022,167,48,119
116000023,1,14,-13
116000024,182,37,145
116000025,18,16,2
116000026,315,40,275
116000027,266,57,209
116000028,427,503,-76
116000029,0,0,0
116000030,365,250,115
116000031,0,0,0
116000032,136,2,134
116000033,504,195,309
116000034,1302,1319,-17
116000035,243,76,167
116000036,0,0,0
116000037,11,36,-25
116000038,32,90,-58
116000039,0,0,0
116000040,80,180,-100
116000041,0,0,0
116000042,287,257,30
116000043,0,0,0
116000044,0,0,0
116000045,1295,1889,-594
116000046,133,46,87
116000047,169,45,124
116000048,1350,839,511
116000049,1122,567,555
116000050,324,209,115
116000051,1724,337,1387
116000052,551,197,354
116000053,691,274,417
116000054,0,0,0
116000055,0,0,0
116000056,377,852,-475
116000057,0,0,0
116000058,160,85,75
116000059,529,1867,-1338
116000060,70,68,2
116000061,96,338,-242
116000062,39,24,15
116000063,108,545,-437
116000066,57,317,-260
116000067,0,0,0
116000068,37,110,-73
116000069,0,0,0
116000078,171,282,-111
116000080,0,0,0
116000082,0,0,0
116000083,187,99,88
116000084,25,273,-248
116000085,266,57,209
116000086,14,101,-87
116000087,719,160,559
116000088,59,48,11
116000089,0,0,0
116000090,1,3,-2
116000091,0,0,0
116000093,183,145,38
116000094,1,49,-48
116000095,296,12,284
116000096,23,105,-82
116000097,340,31,309
116000098,8,279,-271
116000099,490,3,487
116000100,50,0,50
116000101,12,1,11
116000102,146,19,127
116000103,77,25,52
116000104,23,5,18
116000105,95,1,94
116000106,56,2,54
116000107,193,5,188
116000108,1,6,-5
116000111,6,0,6
116000113,23,1,22
116000114,0,0,0
116000115,51,13,38
116000116,0,0,0
116000117,182,397,-215
116000118,0,0,0
116000119,842,273,569
116000120,0,0,0
116000121,184,165,19
116000122,0,0,0
116000123,801,101,700
116000124,0,0,0
116000125,843,48,795
116000126,0,0,0
116000127,0,0,0
116000128,768,77,691
116000129,0,0,0
116000130,0,0,0
116000133,338,9,329
116000134,110,8,102
116000135,817,157,660
116000136,100,58,42
116000137,300,104,196
116000138,0,0,0
116000139,540,957,-417
116000140,0,3,-3
116000141,29,0,29
116000142,267,736,-469
116000143,418,181,237
116000144,117,181,-64
116000145,1544,232,1312
116000146,96,1,95
116000147,81,216,-135
116000148,0,2,-2
116000149,0,0,0
116000151,34,59,-25
116000153,104,529,-425
116000155,103,387,-284
116000156,2,17,-15
116000157,138,0,138
116000158,429,18,411
116000159,67,1,66
116000160,0,0,0
116000161,0,0,0
116000162,0,0,0
116000163,0,0,0
116000164,0,0,0
116000177,9,2,7
116000194,0,0,0
116000195,758,148,610
116000196,0,0,0
116000197,0,0,0
116000198,409,335,74
116000200,0,25,-25
116000201,0,0,0
116000202,0,0,0
116000203,0,0,0
116000204,0,0,0
116000205,0,0,0
116000206,0,0,0
116000207,0,0,0
116000233,0,0,0
116000287,0,0,0
116000288,144,83,61
116000292,0,0,0
116000296,1,0,1
116000297,0,0,0
116000304,0,0,0
116000305,0,0,0
116000346,0,0,0
116000352,0,0,0
116000354,0,0,0
116000357,0,0,0
116000358,0,0,0
116000361,0,0,0
116000372,0,0,0
116000381,0,0,0
116000388,0,0,0
116000389,120,3,117
116000445,0,0,0
116000446,369,49,320
116000447,0,0,0
116000448,510,302,208
116000563,137,813,-676
116000565,0,0,0
116000568,0,0,0
116000579,0,0,0
116000583,0,0,0
116000584,0,0,0
116000585,0,0,0
116000586,0,0,0
116000587,381,23,358
116000589,0,0,0
116000590,6,1,5
116000591,112,12,100
116000592,19,4,15
116000593,0,0,0
116000594,0,0,0
116000595,0,0,0
116000596,0,0,0
116000597,176,5,171
116000598,0,0,0
116000605,0,0,0
116000606,20,5,15
116000607,0,0,0
116000609,0,0,0
116000611,0,0,0
116000612,1086,411,675
116000613,330,115,215
116000614,0,0,0
116000615,0,0,0
116000616,0,0,0
116000617,0,0,0
116000618,0,0,0
116000619,0,4,-4
116000620,701,54,647
116000621,2,46,-44
116000622,91,34,57
116000624,1,0,1
116000627,0,0,0
116000628,0,0,0
116000629,0,0,0
116000630,2,0,2
116000631,0,0,0
116000632,121,1,120
116000633,21,1,20
116000634,0,0,0
116000635,1339,1267,72
116000636,140,215,-75
116000637,0,0,0
116000638,49,0,49
116000640,19,0,19
116000641,0,0,0
116000644,0,0,0
116900001,0,0,0
116900002,0,0,0
116900003,0,0,0
116900004,0,0,0
116900005,0,0,0
116900006,0,1,-1
116900007,0,0,0
116900008,0,0,0
116900009,0,0,0
116900010,0,0,0
116900011,0,0,0
116900012,0,0,0
116900013,0,0,0
116900014,0,0,0
116900015,0,0,0
116900016,0,0,0
116900017,0,0,0
116900018,0,0,0
116900019,0,0,0
116900020,0,0,0
116900023,0,0,0
116900024,0,0,0
116900025,0,0,0
116900026,0,0,0
116900027,0,0,0
116900028,0,0,0
116900029,0,0,0
116900031,0,0,0
116900032,0,0,0
116900033,0,0,0
116900034,0,0,0
116900035,0,0,0
116900036,0,0,0
116900038,0,0,0
116900041,0,0,0
116900042,0,0,0
116900043,0,0,0
116900047,0,0,0
116900049,0,0,0
116900050,0,0,0
116900051,0,0,0
116900052,0,0,0
116900055,0,0,0
116900057,0,0,0
116900058,0,0,0
116900059,0,0,0
116900060,0,0,0
116900062,0,0,0
116900064,0,0,0
116900065,0,0,0
116900067,0,0,0
116900068,0,0,0
116900070,0,0,0
116900072,0,0,0
116900073,0,0,0
116900074,0,0,0
116900076,0,0,0
116900077,0,0,0
116900078,0,0,0
116900079,0,0,0
116900080,0,0,0
116900081,0,0,0
116900082,0,0,0
116900083,0,0,0
116900084,0,0,0
116900085,0,0,0
116900086,0,0,0
116900088,0,0,0
116900090,0,0,0
116900091,0,0,0
116900092,0,0,0
116900093,0,0,0
116900094,0,0,0
116900095,0,0,0
116900096,0,0,0
116900097,0,0,0
116900098,0,0,0
116900099,0,0,0
116900100,0,0,0
116900101,0,0,0
116900103,0,0,0
116900104,0,0,0
116900105,0,0,0
116900106,0,0,0
116900107,0,0,0
116900110,0,0,0
116900111,255,0,255
116900112,123,3,120
116900113,35,7,28
116900116,0,0,0
116900117,0,0,0
116900118,0,0,0
116900120,0,0,0
116900121,0,0,0
116900122,0,0,0
116900123,0,0,0
116900124,0,0,0
116900125,0,0,0
116900126,0,0,0
116900128,0,0,0
116900129,0,0,0
116900130,0,0,0
116900131,0,0,0
116900132,0,0,0
116900133,0,0,0
116900134,0,0,0
116900136,0,0,0
116900137,0,0,0
116900138,0,0,0
116900139,0,0,0
116900140,0,0,0
116900141,0,0,0
116900142,0,0,0
116900143,0,0,0
116900144,0,0,0
116900145,0,0,0
116900147,0,0,0
116900148,0,0,0
116900149,0,0,0
116900150,0,0,0
116900151,0,0,0
116900153,0,0,0
116900154,0,0,0
116900155,0,0,0
116900157,0,0,0
116900158,0,0,0
116900159,0,0,0
116900160,0,0,0
116900161,0,0,0
116900162,0,0,0
116900163,0,0,0
116900164,0,0,0
116900165,0,0,0
116900166,0,0,0
116900167,0,0,0
116900168,0,0,0
116900169,0,0,0
116900170,0,0,0
116900171,0,0,0
116900172,0,0,0
116900173,0,0,0
116900174,0,0,0
116900175,0,0,0
116900178,0,0,0
116900179,0,0,0
116900180,0,0,0
116900182,0,0,0
116900183,0,0,0
116900185,0,0,0
116900186,0,0,0
116900187,0,0,0
116900188,0,0,0
116900189,0,0,0
116900191,0,0,0
116900192,0,0,0
116900194,0,0,0
116900195,0,0,0
116900196,0,0,0
116900197,0,0,0
116900198,0,0,0
116900200,0,0,0
116900201,0,0,0
116900202,0,0,0
116900203,0,0,0
116900204,0,0,0
116900206,0,0,0
116900207,0,0,0
116900208,8,0,8
116900209,0,0,0
116900210,0,0,0
116900211,0,0,0
116900212,0,0,0
116900213,0,0,0
116900214,0,0,0
116900215,0,0,0
116900216,0,0,0
116900218,0,0,0
116900219,0,0,0
116900220,0,0,0
116900221,0,0,0
116900222,185,83,102
116900223,0,0,0
116900226,0,0,0
116900227,0,0,0
116900228,0,0,0
116900230,0,0,0
116900231,0,0,0
116900232,0,0,0
116900233,0,0,0
116900234,0,0,0
116900235,0,0,0
116900238,0,0,0
116900239,0,0,0
116900240,0,0,0
116900241,0,0,0
116900242,0,0,0
116900243,0,0,0
116900245,0,0,0
116900246,0,0,0
116900247,0,0,0
116900248,0,0,0
116900249,0,0,0
116900250,0,0,0
116900251,0,0,0
116900252,169,2,167
116900253,0,0,0
116900254,0,0,0
116900255,0,0,0
116900256,0,0,0
116900257,0,0,0
116900258,0,0,0
116900259,0,0,0
116900260,0,0,0
116900261,0,0,0
116900262,0,0,0
116900263,0,0,0
116900264,114,0,114
116900265,0,0,0
116900266,0,0,0
116900267,0,0,0
116900268,0,0,0
116900269,152,65,87
116900271,0,0,0
116900272,0,0,0
116900273,0,0,0
116900274,0,0,0
116900275,0,0,0
116900276,74,0,74
116900277,0,0,0
116900278,0,0,0
116900279,0,0,0
116900280,0,0,0
116900281,0,0,0
116900282,0,0,0
116900283,0,0,0
116900284,0,0,0
116900285,0,0,0
116900286,0,0,0
116900287,0,0,0
116900288,0,0,0
116900289,0,0,0
116900290,0,0,0
116900291,0,0,0
116900292,0,0,0
116900293,0,0,0
116900294,0,0,0
116900295,0,0,0
116900296,0,0,0
116900297,0,0,0
116900298,0,0,0
116900299,0,0,0
116900300,0,0,0
116900301,0,0,0
116900302,0,0,0
116900303,0,0,0
116900304,0,0,0
116900305,0,0,0
116900306,1,4,-3
116900307,0,0,0
116900308,0,0,0
116900309,0,0,0
117000001,989,484,505
117000002,13,27,-14
117000003,2021,1021,1000
117000004,185,192,-7
117000005,1358,552,806
117000006,79,185,-106
117000007,2765,771,1994
117000008,59,142,-83
117000009,1806,267,1539
117000010,120,102,18
117000011,1085,237,848
117000012,150,59,91
117000013,1012,124,888
117000014,19,227,-208
117000015,404,211,193
117000016,16,9,7
117000017,49,22,27
117000018,3,30,-27
117000019,31,6,25
117000020,30,35,-5
117000021,55,5,50
117000022,102,27,75
117000023,31,9,22
117000024,0,0,0
117000025,0,0,0
117000026,954,1111,-157
117000027,0,0,0
117000028,247,193,54
117000030,174,45,129
117000031,150,163,-13
117000032,468,340,128
117000033,319,261,58
117000034,120,79,41
117000035,426,76,350
117000036,74,70,4
117000037,423,39,384
117000038,100,102,-2
117000039,418,70,348
117000040,0,0,0
117000041,462,26,436
117000044,0,0,0
117000045,23,44,-21
117000046,0,0,0
117000047,582,332,250
117000048,0,0,0
117000049,0,28,-28
117000050,1,1,0
117000051,599,168,431
117000052,0,0,0
117000053,0,0,0
117000054,1072,53,1019
117000055,0,22,-22
117000056,378,96,282
117000057,1,21,-20
117000060,0,0,0
117000061,405,356,49
117000062,0,0,0
117000063,318,179,139
117000064,0,0,0
117000066,4,4,0
117000067,25,80,-55
117000074,0,37,-37
117000076,6,2,4
117000077,124,26,98
117000078,0,0,0
117000079,63,22,41
117000080,0,0,0
117000081,143,8,135
117000082,0,0,0
117000083,65,3,62
117000084,45,4,41
117000085,34,27,7
117000086,213,289,-76
117000087,20,52,-32
117000088,261,130,131
117000089,1186,251,935
117000090,16,50,-34
117000091,803,85,718
117000092,0,32,-32
117000093,1292,178,1114
117000094,76,94,-18
117000095,2107,128,1979
117000096,33,58,-25
117000097,1328,203,1125
117000098,71,79,-8
117000099,1566,189,1377
117000100,0,0,0
117000101,0,0,0
117000102,776,191,585
117000103,24,29,-5
117000104,698,211,487
117000105,4,25,-21
117000106,771,195,576
117000107,61,20,41
117000108,877,515,362
117000109,163,13,150
117000110,900,873,27
117000111,1912,1311,601
117000112,562,432,130
117000113,0,0,0
117000114,0,4,-4
117000115,0,0,0
117000116,1,2,-1
117000117,104,104,0
117000118,3,17,-14
117000119,0,68,-68
117000120,0,37,-37
117000121,0,78,-78
117000122,1,107,-106
117000123,130,68,62
117000124,0,1,-1
117000125,4,0,4
117000126,16,0,16
117000127,3,1,2
117000128,1,0,1
117000129,169,577,-408
117000130,7,0,7
117000131,0,0,0
117000132,1620,27,1593
117000133,0,0,0
117000134,0,0,0
117000135,0,0,0
117000136,0,0,0
117000137,0,0,0
117000138,0,0,0
117000140,20,58,-38
117000141,919,192,727
117000181,0,0,0
117000182,0,0,0
117000195,0,0,0
117000196,0,0,0
117000225,0,0,0
117000226,0,0,0
117000276,0,0,0
117000277,0,0,0
117000310,1,274,-273
117000315,0,0,0
117000320,148,0,148
117000906,119,3,116
117000907,0,0,0
117000909,0,15,-15
117000910,0,0,0
117000911,0,45,-45
117000915,0,0,0
117000916,27,34,-7
117000917,360,10,350
117000918,25,64,-39
117000919,0,0,0
117000920,0,33,-33
117000921,0,0,0
117000922,8,1,7
117000924,57,302,-245
117000926,44,3,41
117000927,66,582,-516
117000928,0,0,0
117000929,0,0,0
117000930,0,0,0
117000931,0,0,0
117900002,0,0,0
117900003,0,0,0
117900005,0,0,0
117900006,0,0,0
117900007,0,0,0
117900008,0,0,0
117900010,0,0,0
117900011,0,0,0
117900012,0,0,0
117900013,0,0,0
117900014,0,0,0
117900015,0,0,0
117900016,0,0,0
117900017,0,0,0
117900018,0,0,0
117900019,0,0,0
117900020,0,0,0
117900021,0,0,0
117900022,0,0,0
117900023,0,0,0
117900024,0,0,0
117900025,0,0,0
117900026,0,0,0
117900028,0,0,0
117900029,0,0,0
117900030,0,0,0
117900031,0,0,0
117900032,0,0,0
117900033,0,0,0
117900034,0,0,0
117900035,0,0,0
117900036,0,0,0
117900037,0,0,0
117900038,0,0,0
117900039,0,0,0
117900040,0,0,0
117900041,0,0,0
117900042,0,0,0
117900043,0,0,0
117900044,0,0,0
117900045,0,0,0
117900048,0,0,0
117900049,0,0,0
117900050,0,0,0
117900051,0,0,0
117900052,0,0,0
117900053,0,0,0
117900054,0,0,0
117900055,0,0,0
117900056,0,0,0
117900057,0,0,0
117900058,0,0,0
117900059,0,0,0
117900060,0,0,0
117900061,0,0,0
117900063,0,0,0
117900065,0,0,0
117900066,0,0,0
117900067,0,0,0
117900069,0,0,0
117900070,0,0,0
117900071,0,0,0
117900073,0,0,0
117900074,0,0,0
117900075,0,0,0
117900076,0,0,0
117900077,0,0,0
117900078,0,0,0
117900080,0,0,0
117900081,0,0,0
117900082,0,0,0
117900083,0,0,0
117900086,0,0,0
117900087,0,0,0
117900088,0,0,0
117900089,0,0,0
117900090,0,0,0
117900091,0,0,0
117900092,0,0,0
117900093,0,0,0
117900094,0,0,0
117900095,0,0,0
117900096,0,0,0
117900097,0,0,0
117900098,0,0,0
117900099,0,0,0
117900100,0,0,0
117900101,0,0,0
117900102,0,0,0
117900103,0,0,0
117900104,0,0,0
117900105,0,0,0
117900106,0,0,0
117900107,0,0,0
117900109,0,0,0
117900110,0,0,0
117900111,0,0,0
117900112,0,0,0
117900113,0,0,0
117900114,0,0,0
117900115,0,0,0
117900116,0,0,0
117900117,0,0,0
117900118,0,0,0
117900119,0,0,0
117900120,0,0,0
117900121,1,0,1
117900122,0,0,0
117900123,0,0,0
117900124,0,0,0
117900125,0,0,0
117900126,0,0,0
117900127,0,0,0
117900128,0,0,0
117900129,0,0,0
117900130,0,0,0
117900131,0,0,0
117900132,0,0,0
117900133,0,0,0
117900134,0,0,0
117900135,0,0,0
117900136,0,0,0
117900137,0,0,0
117900138,0,0,0
117900139,0,0,0
117900140,0,0,0
117900141,0,0,0
117900142,0,0,0
117900144,0,0,0
117900145,0,0,0
117900146,0,0,0
117900147,0,0,0
117900148,0,0,0
117900149,0,0,0
117900150,0,0,0
117900151,0,0,0
117900152,0,0,0
117900153,0,0,0
117900154,0,0,0
117900156,0,0,0
117900157,0,0,0
117900158,0,0,0
117900160,0,0,0
117900161,0,0,0
117900162,0,0,0
117900163,0,0,0
117900165,0,0,0
117900166,0,0,0
117900168,0,0,0
117900169,0,0,0
117900170,0,0,0
117900171,0,0,0
117900172,0,0,0
117900173,0,0,0
117900174,0,0,0
117900175,0,0,0
117900176,0,0,0
117900177,0,0,0
117900178,0,0,0
117900180,0,0,0
117900181,0,0,0
117900182,0,0,0
117900183,0,0,0
117900184,0,0,0
117900185,0,0,0
117900186,0,0,0
117900187,0,0,0
117900188,0,0,0
117900189,0,0,0
117900190,0,0,0
117900191,0,0,0
117900192,0,0,0
117900193,0,0,0
117900194,0,0,0
117900195,0,0,0
117900196,0,0,0
117900207,0,0,0
117900208,0,0,0
117900209,0,0,0
117900210,0,0,0
117900211,0,0,0
117900212,0,0,0
117900213,0,0,0
117900214,0,0,0
117900215,0,0,0
117900216,0,0,0
117900217,0,0,0
117900218,0,0,0
117900219,0,0,0
117900220,0,0,0
117900222,0,0,0
117900223,0,0,0
118000001,192,497,-305
118000002,6,78,-72
118000003,839,1771,-932
118000004,36,70,-34
118000005,1714,1877,-163
118000006,123,233,-110
118000007,122,723,-601
118000008,124,355,-231
118000009,37,205,-168
118000010,122,387,-265
118000011,0,0,0
118000012,0,0,0
118000013,0,0,0
118000014,0,4,-4
118000016,0,0,0
118000017,26,76,-50
118000018,0,0,0
118000019,0,0,0
118000020,0,1,-1
118000021,0,2,-2
118000022,50,56,-6
118000023,181,122,59
118000024,248,254,-6
118000027,130,110,20
118000029,33,415,-382
118000032,259,786,-527
118000033,646,1263,-617
118000034,42,92,-50
118000035,61,403,-342
118000036,89,203,-114
118000037,0,0,0
118000038,24,74,-50
118000039,0,0,0
118000040,182,178,4
118000041,0,0,0
118000045,2,69,-67
118000046,2,166,-164
118000047,0,0,0
118000048,123,138,-15
118000051,0,167,-167
118000052,8,52,-44
118000053,1,8,-7
118000054,28,111,-83
118000055,3,9,-6
118000056,0,0,0
118000057,0,1,-1
118000058,0,0,0
118000059,12,29,-17
118000060,7,1,6
118000061,14,94,-80
118000062,0,0,0
118000063,1,28,-27
118000064,5,98,-93
118000065,103,74,29
118000066,1,200,-199
118000067,4,30,-26
118000068,19,194,-175
118000069,1,30,-29
118000070,3,76,-73
118000071,58,83,-25
118000072,297,537,-240
118000073,22,113,-91
118000074,1,7,-6
118000075,0,46,-46
118000076,685,2117,-1432
118000077,0,0,0
118000078,643,831,-188
118000079,47,64,-17
118000080,0,0,0
118000081,369,681,-312
118000082,0,0,0
118000083,0,0,0
118000084,0,0,0
118000086,0,0,0
118000087,40,21,19
118000088,150,508,-358
118000089,420,137,283
118000090,0,21,-21
118000091,41,171,-130
118000092,0,0,0
118000093,0,0,0
118000096,0,0,0
118000097,0,0,0
118000098,0,0,0
118000099,0,0,0
118000101,393,219,174
118000102,119,21,98
118000107,23,2,21
118000108,26,3,23
118000110,0,0,0
118000111,0,0,0
118000112,132,0,132
118000113,0,0,0
118000114,91,0,91
118000115,0,0,0
118000116,0,0,0
118000117,24,25,-1
118000118,291,355,-64
118000119,220,383,-163
118000120,62,4,58
118000121,0,0,0
118000122,0,0,0
118000123,0,0,0
118000125,0,0,0
118000126,7,10,-3
118000127,91,283,-192
118000128,0,0,0
118000129,114,82,32
118000130,8,27,-19
118000131,14,23,-9
118000132,218,316,-98
118000133,114,180,-66
118000135,116,196,-80
118000136,0,19,-19
118000137,0,0,0
118000138,2,0,2
118000139,0,0,0
118000140,0,9,-9
118000141,920,876,44
118000142,0,0,0
118000143,358,428,-70
118000144,97,75,22
118000145,382,136,246
118000146,383,59,324
118000147,267,63,204
118000148,22,67,-45
118000149,3,0,3
118000150,367,156,211
118000151,27,38,-11
118000153,625,539,86
118000154,336,304,32
118000155,637,544,93
118000156,219,100,119
118000157,320,48,272
118000158,0,6,-6
118000159,40,146,-106
118000160,579,180,399
118000161,0,0,0
118000162,154,93,61
118000163,158,199,-41
118000164,603,239,364
118000168,0,0,0
118000169,0,0,0
118000170,31,10,21
118000171,0,4,-4
118000172,2,2,0
118000173,167,181,-14
118000175,222,421,-199
118000176,252,494,-242
118000177,85,318,-233
118000178,0,0,0
118000179,510,705,-195
118000180,519,445,74
118000181,9,37,-28
118000182,49,65,-16
118000183,66,90,-24
118000184,683,243,440
118000185,0,0,0
118000186,0,0,0
118000187,0,0,0
118000188,0,0,0
118000189,0,0,0
118000190,0,0,0
118000191,0,0,0
118000192,0,26,-26
118000193,0,0,0
118000194,669,822,-153
118000195,14,45,-31
118000196,0,0,0
118000197,5,5,0
118000198,2,68,-66
118000199,153,171,-18
118000200,0,0,0
118000201,0,0,0
118000202,0,0,0
118000203,0,0,0
118000204,1,19,-18
118000205,49,19,30
118000206,70,17,53
118000207,0,0,0
118000208,181,348,-167
118000209,206,58,148
118000210,47,20,27
118000211,62,8,54
118000213,0,14,-14
118000214,54,14,40
118000215,0,0,0
118000216,0,0,0
118000217,0,0,0
118000218,0,0,0
118000219,0,0,0
118000220,51,23,28
118000221,0,0,0
118000222,0,0,0
118000223,7,10,-3
118000224,0,0,0
118000225,0,0,0
118000226,6,2,4
118000227,30,47,-17
118000228,0,0,0
118000229,0,0,0
118000230,0,0,0
118000231,0,0,0
118000232,0,0,0
118000233,114,42,72
118000234,0,0,0
118000236,1,0,1
118000237,0,0,0
118000238,0,0,0
118000239,89,20,69
118000240,0,0,0
118000241,0,0,0
118000242,0,0,0
118000243,0,0,0
118000244,0,0,0
118000246,0,0,0
118000255,8,4,4
118000256,4,0,4
118000259,0,0,0
118000260,0,0,0
118000261,0,0,0
118000263,0,0,0
118000266,1,0,1
118000267,0,0,0
118000268,80,21,59
118000270,0,0,0
118000271,2,1,1
118000272,0,0,0
118000273,0,0,0
118000274,0,0,0
118000276,0,0,0
118000295,0,0,0
118000298,0,0,0
118000299,0,0,0
118000301,0,0,0
118000302,0,0,0
118000311,0,0,0
118000312,0,0,0
118000313,0,0,0
118000314,0,0,0
118000315,0,0,0
118000316,0,0,0
118000325,0,0,0
118000326,0,0,0
118000331,1,0,1
118000332,2,0,2
118000333,17,1,16
118000335,72,0,72
118000336,0,0,0
118000407,0,0,0
118000457,0,0,0
118000465,69,121,-52
118000480,0,0,0
118000489,8,79,-71
118000490,0,0,0
118000492,136,8,128
118000510,0,0,0
118000514,0,7,-7
118000515,66,0,66
118000517,0,0,0
118000524,0,0,0
118000525,0,0,0
118000530,4,60,-56
118000531,89,27,62
118000532,0,0,0
118000533,0,0,0
118000534,0,0,0
118000535,88,25,63
118000536,0,0,0
118000537,0,0,0
118000538,0,0,0
118000539,0,26,-26
118000540,0,0,0
118000541,0,0,0
118000542,50,15,35
118000543,16,7,9
118000546,0,0,0
118000553,0,0,0
118000557,0,0,0
118000560,0,0,0
118000562,0,0,0
118000563,275,651,-376
118000576,20,0,20
118000577,0,9,-9
118000578,14,1,13
118000579,5,11,-6
118000583,0,0,0
118000595,54,95,-41
118000596,0,0,0
118000597,1,14,-13
118000598,0,0,0
118000599,0,0,0
118000600,0,0,0
118000601,0,0,0
118000602,1,0,1
118000603,0,0,0
118000605,0,0,0
118900001,0,0,0
118900002,0,0,0
118900003,0,0,0
118900004,0,0,0
118900005,0,0,0
118900006,0,0,0
118900007,0,0,0
118900008,0,0,0
118900009,0,0,0
118900010,0,0,0
118900011,0,0,0
118900012,11,0,11
118900013,0,0,0
118900015,0,0,0
118900016,0,0,0
118900017,0,0,0
118900018,0,0,0
118900019,0,0,0
118900020,0,0,0
118900021,0,0,0
118900022,0,0,0
118900023,0,0,0
118900024,0,0,0
118900025,0,0,0
118900026,0,0,0
118900027,0,0,0
118900028,0,0,0
118900029,0,0,0
118900030,0,0,0
118900031,0,0,0
118900032,0,0,0
118900033,0,0,0
118900034,0,0,0
118900035,0,0,0
118900036,0,0,0
118900037,0,0,0
118900038,0,0,0
118900039,0,0,0
118900040,0,0,0
118900041,0,0,0
118900042,0,0,0
118900045,0,0,0
118900046,0,0,0
118900047,0,0,0
118900048,0,0,0
118900049,0,0,0
118900050,0,0,0
118900051,5,20,-15
118900052,0,0,0
118900053,0,0,0
118900054,0,0,0
118900055,0,0,0
118900056,0,0,0
118900057,0,0,0
118900058,0,0,0
118900059,0,0,0
118900060,0,0,0
118900062,0,0,0
118900064,0,0,0
118900065,0,0,0
118900066,0,0,0
118900067,0,0,0
118900068,0,0,0
118900069,0,0,0
118900071,0,0,0
118900072,0,0,0
118900073,0,0,0
118900074,0,0,0
118900075,0,0,0
118900076,0,0,0
118900077,0,0,0
118900078,0,0,0
118900079,0,0,0
118900080,0,0,0
118900081,0,0,0
118900082,0,0,0
118900083,0,0,0
118900084,0,0,0
118900085,0,0,0
118900086,0,0,0
118900087,0,0,0
118900088,0,0,0
118900089,0,0,0
118900090,0,0,0
118900091,0,0,0
118900092,0,0,0
118900093,0,0,0
118900096,2,52,-50
118900097,0,0,0
118900099,0,0,0
118900100,0,0,0
118900101,0,0,0
118900102,0,0,0
118900103,0,0,0
118900104,0,0,0
118900105,0,0,0
118900107,0,0,0
118900108,0,0,0
118900110,0,0,0
118900111,0,0,0
118900112,0,0,0
118900113,0,0,0
118900114,0,0,0
118900115,0,0,0
118900116,0,0,0
118900117,0,0,0
118900118,0,0,0
118900119,0,0,0
118900120,0,0,0
118900121,0,0,0
118900122,0,0,0
118900123,0,0,0
118900124,0,0,0
118900126,0,0,0
118900129,0,0,0
118900130,0,0,0
118900131,0,0,0
118900132,0,0,0
118900133,0,0,0
118900135,0,0,0
118900136,0,0,0
118900137,0,0,0
118900139,0,0,0
118900140,0,0,0
118900141,0,0,0
118900144,0,0,0
118900145,0,0,0
118900146,0,0,0
118900147,0,0,0
118900148,0,0,0
118900150,0,0,0
118900152,0,0,0
118900157,0,0,0
118900158,0,0,0
118900159,0,0,0
118900161,0,0,0
118900163,0,0,0
118900164,0,0,0
118900165,0,0,0
118900166,0,0,0
118900167,0,0,0
118900168,0,0,0
118900169,0,0,0
118900170,0,0,0
118900171,0,0,0
118900174,0,0,0
118900175,0,0,0
118900176,0,0,0
118900177,0,0,0
118900178,0,0,0
118900179,0,0,0
118900181,0,0,0
118900182,0,0,0
118900183,0,0,0
118900184,0,0,0
118900185,0,0,0
118900186,0,0,0
118900187,0,0,0
118900188,0,0,0
118900189,0,0,0
118900190,0,0,0
118900191,0,0,0
118900192,0,0,0
118900193,0,0,0
118900195,0,0,0
118900196,0,0,0
118900197,0,0,0
118900198,0,0,0
118900199,0,0,0
118900200,0,0,0
118900201,0,0,0
118900202,0,0,0
118900203,0,0,0
118900204,0,0,0
118900205,0,0,0
118900206,0,0,0
119000001,453,388,65
119000002,606,208,398
119000003,57,88,-31
119000004,26,79,-53
119000005,214,81,133
119000006,151,58,93
119000007,726,513,213
119000008,0,0,0
119000009,250,338,-88
119000010,0,0,0
119000011,443,367,76
119000012,42,81,-39
119000013,1498,571,927
119000014,16,54,-38
119000019,0,0,0
119000020,40,38,2
119000021,83,71,12
119000022,0,0,0
119000023,110,128,-18
119000024,173,1108,-935
119000025,22,67,-45
119000026,0,0,0
119000027,5,42,-37
119000028,67,61,6
119000029,0,0,0
119000030,27,119,-92
119000031,0,1,-1
119000032,0,27,-27
119000033,361,86,275
119000034,7,3,4
119000035,0,0,0
119000036,127,19,108
119000037,3,16,-13
119000038,0,3,-3
119000039,24,23,1
119000040,3,280,-277
119000041,9,37,-28
119000048,320,135,185
119000049,24,61,-37
119000050,6,2,4
119000051,32,134,-102
119000052,1,1,0
119000053,71,131,-60
119000054,188,86,102
119000055,1370,144,1226
119000056,548,301,247
119000057,67,54,13
119000058,56,46,10
119000059,639,180,459
119000060,0,0,0
119000061,99,119,-20
119000062,0,0,0
119000063,43,41,2
119000064,28,58,-30
119000065,23,13,10
119000066,91,94,-3
119000067,187,60,127
119000068,138,8,130
119000069,329,124,205
119000070,112,14,98
119000071,0,0,0
119000072,259,89,170
119000073,95,52,43
119000074,284,117,167
119000075,252,55,197
119000076,0,0,0
119000077,0,0,0
119000078,0,0,0
119000079,0,0,0
119000080,0,0,0
119000081,0,0,0
119000082,0,0,0
119000083,0,0,0
119000084,0,0,0
119000085,0,0,0
119000086,0,0,0
119000087,0,0,0
119000088,0,0,0
119000089,0,0,0
119000090,0,0,0
119000091,0,0,0
119000092,0,0,0
119000093,248,94,154
119000094,824,183,641
119000095,105,111,-6
119000097,127,90,37
119000098,208,490,-282
119000099,477,82,395
119000100,400,292,108
119000101,0,0,0
119000102,0,0,0
119000103,18,9,9
119000104,0,0,0
119000105,47,68,-21
119000106,0,0,0
119000107,120,103,17
119000108,0,0,0
119000109,0,0,0
119000110,0,0,0
119000111,0,0,0
119000112,0,0,0
119000113,0,0,0
119000114,0,40,-40
119000115,0,0,0
119000116,1,22,-21
119000117,0,0,0
119000118,0,0,0
119000123,0,0,0
119000124,113,24,89
119000125,322,23,299
119000126,252,34,218
119000127,0,0,0
119000128,0,0,0
119000131,0,0,0
119000132,0,0,0
119000133,0,0,0
119000134,181,213,-32
119000135,0,0,0
119000136,0,0,0
119000137,0,0,0
119000138,0,0,0
119000139,0,0,0
119000140,0,0,0
119000284,0,0,0
119000285,0,0,0
119000286,0,0,0
119000287,0,0,0
119000288,0,0,0
119000289,0,0,0
119000290,64,5,59
119000291,0,0,0
119000293,0,11,-11
119000294,143,68,75
119000295,0,0,0
119000296,0,0,0
119000302,0,0,0
119000303,0,10,-10
119000304,0,0,0
119000310,0,0,0
119000314,0,0,0
119000315,0,0,0
119000316,0,0,0
119000317,0,0,0
119900001,0,0,0
119900002,0,0,0
119900003,0,0,0
119900004,0,0,0
119900005,0,0,0
119900006,0,0,0
119900007,0,0,0
119900008,0,0,0
119900009,0,0,0
119900010,0,0,0
119900011,0,0,0
119900012,0,0,0
119900013,0,0,0
119900014,0,0,0
119900015,0,0,0
119900016,0,0,0
119900017,0,0,0
119900018,0,0,0
119900019,0,0,0
119900020,0,0,0
119900021,0,0,0
119900022,0,0,0
119900023,0,0,0
119900025,0,0,0
119900026,0,0,0
119900027,0,0,0
119900028,0,0,0
119900029,0,0,0
119900030,0,0,0
119900031,0,0,0
119900033,0,0,0
119900034,0,0,0
119900037,0,0,0
119900038,0,0,0
119900039,0,0,0
119900040,0,0,0
119900041,0,0,0
119900042,0,0,0
119900043,0,0,0
119900044,0,0,0
119900046,0,0,0
119900047,0,0,0
119900048,0,0,0
119900049,0,0,0
119900050,0,0,0
119900051,0,0,0
119900052,0,0,0
119900053,0,0,0
119900054,0,0,0
119900055,0,0,0
119900057,0,0,0
119900058,0,0,0
119900059,0,0,0
119900060,0,0,0
119900061,0,0,0
119900062,0,0,0
119900063,0,0,0
119900065,0,0,0
119900066,0,0,0
119900067,0,0,0
119900068,0,0,0
119900069,0,0,0
119900070,0,0,0
119900071,0,0,0
119900073,0,0,0
119900074,0,0,0
119900075,0,0,0
119900076,0,0,0
119900077,0,0,0
119900078,0,0,0
119900079,0,0,0
119900080,0,0,0
119900081,0,0,0
119900082,0,0,0
119900083,0,0,0
119900084,0,0,0
119900085,0,0,0
119900086,0,0,0
119900087,0,0,0
119900088,0,0,0
119900089,0,0,0
119900090,0,0,0
119900091,0,0,0
119900092,0,0,0
119900093,0,0,0
119900094,0,0,0
119900095,0,0,0
119900096,0,0,0
119900097,0,0,0
119900098,0,0,0
119900099,0,0,0
119900100,0,0,0
119900101,0,0,0
119900102,0,0,0
119900103,0,0,0
119900104,0,0,0
119900105,0,0,0
119900106,0,0,0
119900107,0,0,0
119900108,0,0,0
119900109,0,0,0
119900110,0,0,0
119900111,0,0,0
119900112,0,0,0
119900113,0,0,0
119900114,0,0,0
119900115,0,0,0
119900116,0,0,0
119900117,0,0,0
119900118,0,0,0
119900119,0,0,0
119900120,0,0,0
119900121,0,0,0
119900122,0,0,0
119900123,0,0,0
119900124,0,0,0
119900125,0,0,0
119900126,0,0,0
119900127,0,0,0
119900128,0,0,0
119900129,0,0,0
119900130,0,0,0
119900131,0,0,0
119900132,0,0,0
119900133,0,0,0
119900134,0,0,0
119900135,0,0,0
119900136,0,0,0
119900138,0,0,0
119900139,0,0,0
119900140,0,0,0
119900141,0,0,0
119900142,0,0,0
119900143,0,0,0
119900144,0,0,0
119900145,0,0,0
119900146,0,0,0
119900147,0,0,0
119900148,0,0,0
119900149,0,0,0
119900150,0,0,0
119900151,0,0,0
119900152,0,0,0
119900153,0,0,0
119900154,0,0,0
119900155,0,0,0
119900156,0,0,0
119900157,0,0,0
119900158,0,0,0
119900159,0,0,0
119900160,0,0,0
119900161,0,0,0
119900162,0,0,0
119900163,0,0,0
119900164,0,0,0
119900165,0,0,0
119900166,0,0,0
119900167,0,0,0
119900168,0,0,0
119900169,0,0,0
119900170,0,0,0
119900171,0,0,0
119900172,0,0,0
119900173,0,0,0
119900174,0,0,0
119900175,0,0,0
119900177,0,0,0
119900178,0,0,0
119900179,0,0,0
119900180,0,0,0
119900181,0,0,0
119900182,0,0,0
119900183,0,0,0
119900184,0,0,0
119900185,0,0,0
119900186,0,0,0
119900187,0,0,0
119900188,0,0,0
119900189,0,0,0
119900190,0,0,0
119900191,0,0,0
119900192,0,0,0
119900193,0,0,0
119900194,0,0,0
119900195,0,0,0
119900196,0,0,0
119900197,0,0,0
119900198,0,0,0
119900199,0,0,0
119900200,0,0,0
119900201,0,0,0
119900202,0,0,0
119900203,0,0,0
119900204,0,0,0
119900205,0,0,0
119900206,0,0,0
119900208,0,0,0
119900209,0,0,0
119900210,0,0,0
119900211,0,0,0
119900212,0,0,0
119900213,0,0,0
119900214,0,0,0
119900215,0,0,0
119900216,0,0,0
119900217,0,0,0
119900218,0,0,0
119900219,0,0,0
119900220,0,0,0
119900221,0,0,0
119900222,0,0,0
119900223,0,0,0
119900224,0,0,0
119900225,0,0,0
119900226,0,0,0
119900227,0,0,0
119900228,0,0,0
119900229,0,0,0
119900230,0,0,0
119900231,0,0,0
119900232,0,0,0
119900233,0,0,0
119900234,0,0,0
119900235,0,0,0
119900236,0,0,0
119900237,0,0,0
119900238,0,0,0
119900240,0,0,0
119900241,0,0,0
119900242,0,0,0
119900244,0,0,0
119900245,0,0,0
119900246,0,0,0
119900247,0,0,0
119900248,0,0,0
119900249,0,0,0
119900253,0,0,0
119900254,0,0,0
119900255,0,0,0
119900256,0,0,0
119900257,0,0,0
119900258,0,0,0
119900259,0,0,0
119900260,0,0,0
119900261,0,0,0
119900262,0,0,0
119900263,0,0,0
119900264,0,0,0
119900265,0,0,0
119900266,0,0,0
119900267,0,0,0
119900268,0,0,0
119900269,0,0,0
119900271,0,0,0
119900272,0,0,0
119900275,0,0,0
119900276,0,0,0
119900277,0,0,0
119900278,0,0,0
119900279,0,0,0
119900280,0,0,0
119900281,0,0,0
119900282,0,0,0
119900283,0,0,0
119900284,0,0,0
119900285,0,0,0
119900286,0,0,0
119900288,0,0,0
119900289,0,0,0
119900290,0,0,0
119900291,0,0,0
119900292,0,0,0
119900293,0,0,0
119900294,0,0,0
119900295,0,0,0
119900296,0,0,0
119900297,0,0,0
119900298,0,0,0
119900299,0,0,0
119900300,0,0,0
119900301,0,0,0
119900302,0,0,0
119900303,0,0,0
119900304,0,0,0
119900305,0,0,0
119900306,0,0,0
119900307,0,0,0
119900308,0,0,0
119900309,0,0,0
119900310,0,0,0
119900311,0,0,0
119900312,0,0,0
119900313,0,0,0
119900314,0,0,0
119900315,0,0,0
119900318,0,0,0
119900319,0,0,0
119900320,0,0,0
119900321,0,0,0
120000001,2045,2109,-64
120000002,98,111,-13
120000003,65,56,9
120000004,65,125,-60
120000005,193,205,-12
120000006,65,55,10
120000007,102,54,48
120000008,14,89,-75
120000009,3,1,2
120000010,68,62,6
120000011,31,76,-45
120000012,33,221,-188
120000013,566,216,350
120000014,168,295,-127
120000015,827,434,393
120000016,2028,716,1312
120000017,698,413,285
120000018,1366,511,855
120000019,304,128,176
120000020,931,410,521
120000021,323,893,-570
120000022,2220,1426,794
120000023,376,276,100
120000024,277,303,-26
120000025,816,327,489
120000026,364,550,-186
120000027,525,705,-180
120000028,0,0,0
120000029,25,187,-162
120000030,8,136,-128
120000031,646,429,217
120000032,404,173,231
120000033,222,71,151
120000034,316,67,249
120000035,549,101,448
120000036,1077,806,271
120000037,341,619,-278
120000038,280,654,-374
120000039,2,60,-58
120000040,1,35,-34
120000041,7,16,-9
120000042,37,27,10
120000043,135,61,74
120000044,11,4,7
120000045,4,0,4
120000046,50,23,27
120000047,3,5,-2
120000048,563,206,357
120000049,527,273,254
120000050,71,215,-144
120000051,14,254,-240
120000052,0,0,0
120000053,144,25,119
120000054,165,30,135
120000055,116,23,93
120000056,377,241,136
120000057,304,108,196
120000058,55,88,-33
120000059,2,266,-264
120000061,0,4,-4
120000062,0,0,0
120000063,88,1,87
120000064,49,1,48
120000065,134,7,127
120000066,50,2,48
120000067,0,2,-2
120000068,18,39,-21
120000069,93,51,42
120000070,10,7,3
120000071,317,146,171
120000072,467,191,276
120000073,199,172,27
120000074,83,73,10
120000075,514,61,453
120000076,881,136,745
120000077,338,177,161
120000078,557,355,202
120000079,0,0,0
120000080,0,0,0
120000081,0,0,0
120000082,0,0,0
120000083,0,0,0
120000084,38,0,38
120000085,3,1,2
120000086,43,21,22
120000087,4,5,-1
120000088,334,57,277
120000089,677,72,605
120000090,262,58,204
120000091,607,144,463
120000092,705,105,600
120000093,75,128,-53
120000094,93,385,-292
120000095,0,0,0
120000096,0,0,0
120000098,177,26,151
120000099,6,0,6
120000100,106,0,106
120000101,86,5,81
120000102,44,568,-524
120000103,570,641,-71
120000104,1045,89,956
120000105,1601,56,1545
120000106,1576,33,1543
120000107,1554,56,1498
120000108,875,19,856
120000109,313,10,303
120000110,0,43,-43
120000111,1,9,-8
120000112,1,16,-15
120000113,8,11,-3
120000114,37,7,30
120000115,4,15,-11
120000116,27,31,-4
120000117,0,0,0
120000118,0,0,0
120000119,4,75,-71
120000120,0,0,0
120000121,21,67,-46
120000122,94,16,78
120000123,307,183,124
120000124,222,107,115
120000125,5,9,-4
120000126,84,137,-53
120000127,163,149,14
120000128,126,8,118
120000129,165,69,96
120000130,546,109,437
120000131,60,78,-18
120000134,0,0,0
120000135,0,0,0
120000137,0,0,0
120000138,0,0,0
120000139,0,0,0
120000140,0,0,0
120000141,0,0,0
120000142,0,0,0
120000143,0,0,0
120000144,0,0,0
120000145,0,0,0
120000146,357,739,-382
120000149,0,0,0
120000150,0,0,0
120000151,116,31,85
120000152,150,29,121
120000153,0,0,0
120000154,86,5,81
120000155,129,31,98
120000156,136,27,109
120000157,182,96,86
120000158,0,0,0
120000159,110,256,-146
120000160,585,231,354
120000161,312,107,205
120000162,14,185,-171
120000163,0,0,0
120000164,0,0,0
120000165,74,16,58
120000166,109,59,50
120000167,0,0,0
120000168,0,0,0
120000169,0,0,0
120000170,0,0,0
120000171,0,0,0
120000172,0,0,0
120000173,0,0,0
120000174,0,0,0
120000175,0,0,0
120000176,0,0,0
120000177,0,0,0
120000178,0,0,0
120000179,0,0,0
120000180,0,0,0
120000181,0,0,0
120000182,0,0,0
120000183,0,0,0
120000184,0,0,0
120000186,0,0,0
120000187,0,0,0
120000188,0,0,0
120000190,0,0,0
120000191,0,0,0
120000192,0,0,0
120000193,0,0,0
120000195,0,0,0
120000196,0,0,0
120000197,0,0,0
120000198,0,0,0
120000199,0,0,0
120000200,0,0,0
120000201,0,0,0
120000202,0,0,0
120000203,0,0,0
120000207,0,0,0
120000208,0,0,0
120000209,0,0,0
120000210,0,0,0
120000211,0,0,0
120000212,0,0,0
120000213,0,0,0
120000214,0,0,0
120000215,0,0,0
120000216,0,0,0
120000217,0,0,0
120000218,0,0,0
120000219,0,0,0
120000220,0,0,0
120000225,0,0,0
120000226,0,0,0
120000227,0,0,0
120000228,0,0,0
120000230,0,0,0
120000231,0,0,0
120000233,322,0,322
120000235,0,29,-29
120000236,921,27,894
120000237,0,0,0
120000238,0,0,0
120000241,546,408,138
120000412,0,0,0
120000413,0,0,0
120000414,0,0,0
120000415,0,0,0
120000416,0,0,0
120000417,0,0,0
120000418,0,0,0
120000419,0,0,0
120000420,16,0,16
120000421,472,357,115
120000422,0,0,0
120000423,0,0,0
120000424,0,0,0
120000436,117,34,83
120000437,0,0,0
120000438,0,0,0
120000439,273,121,152
120000443,0,0,0
120000444,526,100,426
120000445,317,254,63
120000446,193,37,156
120000447,403,3,400
120000449,0,0,0
120000450,0,0,0
120000451,51,46,5
120000452,46,0,46
120000453,0,0,0
120000454,1,1,0
120000455,14,17,-3
120000456,8,115,-107
120000457,30,23,7
120000458,0,0,0
120000459,54,13,41
120000665,4,204,-200
120000668,1,42,-41
120000669,26,8,18
120000670,2,35,-33
120000671,107,58,49
120000672,0,3,-3
120900001,0,0,0
120900002,0,0,0
120900003,0,0,0
120900004,0,0,0
120900005,0,0,0
120900006,0,0,0
120900007,0,0,0
120900008,0,0,0
120900009,0,0,0
120900010,0,0,0
120900011,0,0,0
120900012,0,0,0
120900013,0,0,0
120900014,0,0,0
120900015,0,0,0
120900016,0,0,0
120900017,0,0,0
120900018,0,0,0
120900019,0,0,0
120900020,0,0,0
120900021,0,0,0
120900022,0,0,0
120900023,0,0,0
120900024,0,0,0
120900025,0,0,0
120900026,0,0,0
120900027,0,0,0
120900028,0,0,0
120900029,0,0,0
120900030,0,0,0
120900031,0,0,0
120900032,0,0,0
120900033,0,0,0
120900034,0,0,0
120900035,0,0,0
120900037,0,0,0
120900038,0,0,0
120900039,0,0,0
120900040,0,0,0
120900041,0,0,0
120900042,0,0,0
120900043,0,0,0
120900044,0,0,0
120900045,0,0,0
120900046,0,0,0
120900047,0,0,0
120900048,0,0,0
120900049,0,0,0
120900050,0,0,0
120900051,0,0,0
120900052,0,0,0
120900053,0,0,0
120900054,0,0,0
120900055,0,0,0
120900056,0,0,0
120900057,0,0,0
120900058,0,0,0
120900059,0,0,0
120900060,0,0,0
120900061,0,0,0
120900062,0,0,0
120900063,0,0,0
120900064,0,0,0
120900065,0,0,0
120900066,0,0,0
120900067,0,0,0
120900068,0,0,0
120900069,0,0,0
120900071,0,0,0
120900072,0,0,0
120900073,0,0,0
120900074,0,0,0
120900076,0,0,0
120900077,0,0,0
120900078,0,0,0
120900079,0,0,0
120900080,0,0,0
120900081,0,0,0
120900082,2,0,2
120900083,0,0,0
120900084,0,0,0
120900085,0,0,0
120900086,0,0,0
120900087,0,0,0
120900088,0,0,0
120900089,0,0,0
120900090,0,0,0
120900091,0,0,0
120900092,0,0,0
120900093,0,0,0
120900094,0,0,0
120900095,0,0,0
120900096,0,0,0
120900097,0,0,0
120900098,0,0,0
120900099,0,0,0
120900100,0,0,0
120900101,0,0,0
120900102,0,0,0
120900103,0,0,0
120900104,0,0,0
120900105,0,0,0
120900106,0,0,0
120900107,0,0,0
120900108,0,0,0
120900109,0,0,0
120900110,0,0,0
120900111,0,0,0
120900112,0,0,0
120900113,0,0,0
120900114,0,0,0
120900115,121,27,94
120900116,0,0,0
120900117,0,0,0
120900118,0,0,0
120900119,0,0,0
120900120,0,0,0
120900121,0,0,0
120900122,0,0,0
120900123,0,0,0
120900124,0,0,0
120900125,0,0,0
120900126,0,0,0
120900127,0,0,0
120900128,0,0,0
120900129,0,0,0
120900130,0,0,0
120900131,0,0,0
120900132,0,0,0
120900133,0,0,0
120900134,0,0,0
120900135,0,0,0
120900136,0,0,0
120900137,0,0,0
120900138,0,0,0
120900139,0,0,0
120900140,0,0,0
120900141,0,0,0
120900142,0,0,0
120900143,0,0,0
120900144,0,0,0
120900145,0,0,0
120900146,0,0,0
120900147,0,0,0
120900148,0,0,0
120900149,0,0,0
120900150,0,0,0
120900151,0,0,0
120900152,0,0,0
120900153,0,0,0
120900154,0,0,0
120900155,0,0,0
120900156,0,0,0
120900157,0,0,0
120900158,0,0,0
120900159,0,0,0
120900160,0,0,0
120900161,0,0,0
120900162,0,0,0
120900163,0,0,0
120900164,0,0,0
120900165,0,0,0
120900166,0,0,0
120900167,0,0,0
120900169,0,0,0
120900170,0,0,0
120900171,0,0,0
120900172,0,0,0
120900173,0,0,0
120900174,0,0,0
120900175,0,0,0
120900176,0,0,0
120900177,0,0,0
120900178,0,0,0
120900179,0,0,0
120900180,0,0,0
120900181,0,0,0
120900182,0,0,0
120900183,0,0,0
120900184,0,0,0
120900185,0,0,0
120900186,0,0,0
120900187,0,0,0
120900188,0,0,0
120900189,0,0,0
120900190,0,0,0
120900191,0,0,0
120900192,0,0,0
120900194,0,0,0
120900195,0,0,0
120900196,0,0,0
120900197,0,0,0
120900198,0,0,0
120900199,0,0,0
120900200,0,0,0
120900201,0,0,0
120900202,0,0,0
120900203,0,0,0
120900204,0,0,0
120900205,0,0,0
120900206,0,0,0
120900207,0,0,0
121000001,0,0,0
121000002,176,154,22
121000003,0,1,-1
121000004,204,162,42
121000005,6,38,-32
121000006,91,306,-215
121000007,6,29,-23
121000008,375,338,37
121000009,34,71,-37
121000010,523,253,270
121000011,270,171,99
121000012,1370,582,788
121000013,339,394,-55
121000014,1761,557,1204
121000015,532,881,-349
121000016,735,644,91
121000017,74,147,-73
121000018,173,162,11
121000019,119,157,-38
121000020,597,907,-310
121000021,20,24,-4
121000022,75,331,-256
121000023,26,14,12
121000024,735,671,64
121000025,32,85,-53
121000026,38,85,-47
121000027,42,130,-88
121000028,10,50,-40
121000029,37,4,33
121000030,0,0,0
121000031,7,3,4
121000032,0,0,0
121000034,11,11,0
121000035,0,0,0
121000036,28,35,-7
121000037,61,45,16
121000038,35,142,-107
121000039,0,0,0
121000041,0,0,0
121000042,1,32,-31
121000043,47,18,29
121000044,0,44,-44
121000045,0,18,-18
121000046,0,0,0
121000047,0,0,0
121000049,89,33,56
121000050,46,218,-172
121000051,6,32,-26
121000052,14,65,-51
121000053,3,3,0
121000054,0,0,0
121000055,0,0,0
121000056,348,283,65
121000057,0,0,0
121000058,0,0,0
121000059,17,21,-4
121000060,66,31,35
121000061,0,16,-16
121000062,0,19,-19
121000063,6,23,-17
121000064,22,8,14
121000065,13,9,4
121000066,0,0,0
121000067,0,0,0
121000068,28,9,19
121000069,1,8,-7
121000070,54,121,-67
121000071,36,215,-179
121000072,32,26,6
121000073,41,180,-139
121000074,0,0,0
121000075,0,0,0
121000076,1,1,0
121000077,4,3,1
121000078,0,0,0
121000080,76,45,31
121000081,253,259,-6
121000082,21,45,-24
121000083,11,7,4
121000084,0,0,0
121000085,86,34,52
121000086,0,89,-89
121000087,0,138,-138
121000088,0,0,0
121000089,0,141,-141
121000090,0,0,0
121000091,462,84,378
121000092,13,11,2
121000093,6,54,-48
121000094,41,40,1
121000095,0,1,-1
121000096,0,0,0
121000097,0,0,0
121000098,19,40,-21
121000099,4,8,-4
121000100,0,0,0
121000101,4,12,-8
121000102,0,0,0
121000103,0,8,-8
121000104,0,0,0
121000105,0,0,0
121000106,2,3,-1
121000107,191,209,-18
121000109,88,256,-168
121000110,0,0,0
121000114,279,336,-57
121000115,0,0,0
121000116,0,0,0
121000117,0,0,0
121000118,0,0,0
121000119,0,0,0
121000120,2,52,-50
121000121,1,6,-5
121000123,0,0,0
121000127,0,0,0
121000128,0,0,0
121000129,0,0,0
121000130,12,18,-6
121000131,0,0,0
121000132,13,40,-27
121000135,0,0,0
121000136,61,112,-51
121000137,0,0,0
121000138,1,32,-31
121000139,0,0,0
121000141,0,0,0
121000142,0,0,0
121000143,0,0,0
121000144,0,0,0
121000145,0,0,0
121000146,52,9,43
121000147,25,76,-51
121000148,0,0,0
121000149,155,305,-150
121000152,10,15,-5
121000153,69,17,52
121000154,98,10,88
121000155,134,61,73
121000156,88,52,36
121000157,49,22,27
121000158,79,29,50
121000159,37,22,15
121000160,0,1,-1
121000161,0,0,0
121000162,0,0,0
121000165,60,657,-597
121000166,5,29,-24
121000168,2,82,-80
121000169,1,10,-9
121000170,58,62,-4
121000171,20,44,-24
121000172,28,73,-45
121000173,3,5,-2
121000174,0,8,-8
121000175,16,5,11
121000176,18,27,-9
121000177,5,1,4
121000178,0,0,0
121000179,5,11,-6
121000181,23,124,-101
121000182,32,81,-49
121000183,19,37,-18
121000184,4,60,-56
121000185,0,29,-29
121000186,0,22,-22
121000187,0,0,0
121000188,0,0,0
121000192,12,4,8
121000193,0,0,0
121000194,25,137,-112
121000195,1,0,1
121000196,0,0,0
121000197,2,0,2
121000198,0,0,0
121000199,12,0,12
121000200,0,0,0
121000201,0,0,0
121000202,0,0,0
121000203,0,0,0
121000204,0,0,0
121000205,14,14,0
121000206,0,0,0
121000207,0,0,0
121000208,0,0,0
121000209,54,5,49
121000210,0,0,0
121000211,0,0,0
121000212,0,0,0
121000213,28,113,-85
121000214,15,173,-158
121000215,82,86,-4
121000216,51,27,24
121000217,516,186,330
121000218,0,16,-16
121000219,164,141,23
121000220,0,0,0
121000221,2,82,-80
121000222,15,61,-46
121000223,0,0,0
121000224,0,0,0
121000225,4,39,-35
121000226,15,197,-182
121000227,0,0,0
121000228,0,0,0
121000229,0,0,0
121000230,0,0,0
121000231,160,0,160
121000232,0,0,0
121000233,139,7,132
121000234,5,27,-22
121000235,0,14,-14
121000236,1,0,1
121000237,24,1,23
121000238,0,1,-1
121000239,2,0,2
121000240,0,5,-5
121000241,44,0,44
121000242,0,13,-13
121000243,48,0,48
121000244,1,1,0
121000245,1,0,1
121000246,0,2,-2
121000247,29,0,29
121000248,29,15,14
121000249,0,0,0
121000250,25,128,-103
121000251,0,0,0
121000252,2,48,-46
121000253,0,0,0
121000254,142,12,130
121000255,0,0,0
121000256,11,25,-14
121000257,0,0,0
121000258,18,24,-6
121000259,0,0,0
121000260,0,0,0
121000261,4,33,-29
121000262,0,0,0
121000263,8,63,-55
121000271,0,0,0
121000273,0,0,0
121000274,1,8,-7
121000275,0,0,0
121000276,1,2,-1
121000278,18,0,18
121000279,0,0,0
121000280,7,26,-19
121000289,6,0,6
121000290,34,48,-14
121000294,0,0,0
121000297,63,49,14
121000299,0,0,0
121000300,0,0,0
121000302,1,68,-67
121000303,5,4,1
121000304,170,70,100
121000305,43,61,-18
121000306,37,63,-26
121000308,0,0,0
121000309,0,0,0
121000310,0,0,0
121000311,0,0,0
121000312,60,44,16
121000313,0,0,0
121000314,0,0,0
121000315,0,0,0
121000530,200,153,47
121000531,401,143,258
121000532,817,280,537
121000533,3228,959,2269
121000918,0,0,0
121000919,0,0,0
121000938,0,0,0
121000939,19,24,-5
121000956,0,0,0
121000957,0,0,0
121000958,0,2,-2
121000959,30,14,16
121000960,20,53,-33
121000961,100,0,100
121000962,3,16,-13
121000963,0,0,0
121000973,0,0,0
121000976,0,0,0
121000979,0,0,0
121000981,50,3,47
121000982,0,0,0
121000983,6,1,5
121000984,0,0,0
121000985,0,0,0
121000986,0,0,0
121000987,0,0,0
121000988,184,20,164
121001302,0,0,0
121001308,0,0,0
121001309,0,0,0
121001313,0,0,0
121001314,0,0,0
121001315,1311,69,1242
121001326,0,0,0
121900001,1,54,-53
121900002,0,0,0
121900003,0,0,0
121900004,0,0,0
121900005,0,0,0
121900006,0,0,0
121900007,0,0,0
121900008,0,0,0
121900009,0,0,0
121900010,0,0,0
121900011,0,0,0
121900012,0,0,0
121900013,0,0,0
121900014,0,0,0
121900015,0,0,0
121900016,0,0,0
121900017,0,0,0
121900018,0,0,0
121900019,0,0,0
121900020,0,0,0
121900021,0,0,0
121900022,0,0,0
121900023,0,0,0
121900024,0,0,0
121900025,0,0,0
121900026,0,0,0
121900027,0,0,0
121900028,0,0,0
121900029,0,0,0
121900030,0,0,0
121900031,0,0,0
121900032,0,0,0
121900033,0,0,0
121900034,0,0,0
121900035,0,0,0
121900036,0,0,0
121900037,0,0,0
121900038,0,0,0
121900039,0,0,0
121900040,0,0,0
121900041,0,0,0
121900042,0,0,0
121900043,0,0,0
121900044,0,0,0
121900046,0,0,0
121900047,0,0,0
121900048,0,0,0
121900050,0,0,0
121900051,0,0,0
121900052,0,0,0
121900053,0,0,0
121900054,0,0,0
121900055,0,0,0
121900058,0,0,0
121900059,0,0,0
121900060,0,0,0
121900061,0,0,0
121900062,0,0,0
121900063,0,0,0
121900064,0,0,0
121900066,0,0,0
121900067,0,0,0
121900069,0,0,0
121900070,0,0,0
121900071,0,0,0
121900072,0,0,0
121900073,0,0,0
121900074,0,0,0
121900075,0,0,0
121900076,0,0,0
121900077,0,0,0
121900078,0,0,0
121900079,0,0,0
121900080,0,0,0
121900082,0,0,0
121900084,0,0,0
121900085,0,0,0
121900086,0,0,0
121900087,0,0,0
121900088,0,0,0
121900089,0,0,0
121900090,0,0,0
121900091,0,0,0
121900092,0,0,0
121900093,0,0,0
121900094,0,0,0
121900095,0,0,0
121900096,0,0,0
121900097,0,0,0
121900098,0,0,0
121900099,0,0,0
121900100,0,0,0
121900101,0,0,0
121900102,0,0,0
121900103,0,0,0
121900104,0,0,0
121900105,0,0,0
121900106,0,0,0
121900107,0,0,0
121900108,0,0,0
121900109,0,0,0
121900110,0,0,0
121900111,0,0,0
121900112,0,0,0
121900113,0,0,0
121900117,0,0,0
121900118,0,0,0
121900119,0,0,0
121900120,0,0,0
121900121,0,0,0
121900122,0,0,0
121900123,0,0,0
121900124,0,0,0
121900125,0,0,0
121900127,0,0,0
121900128,0,0,0
121900129,0,0,0
121900130,0,0,0
121900131,0,0,0
121900132,0,0,0
121900133,0,0,0
121900134,0,0,0
121900135,0,0,0
121900136,0,0,0
121900137,0,0,0
121900138,0,0,0
121900139,0,0,0
121900140,0,0,0
121900141,0,0,0
121900142,0,0,0
121900143,0,0,0
121900144,0,0,0
121900145,0,0,0
121900146,0,0,0
121900147,0,0,0
121900148,0,0,0
121900149,0,0,0
121900150,0,0,0
121900151,0,0,0
121900152,0,0,0
121900153,0,0,0
121900154,0,0,0
121900155,0,0,0
121900156,0,0,0
121900157,0,0,0
121900158,0,0,0
121900159,0,0,0
121900160,0,0,0
121900161,0,0,0
121900162,0,0,0
121900163,0,0,0
121900164,0,0,0
121900165,0,0,0
121900166,0,0,0
121900167,0,0,0
121900168,0,0,0
121900169,0,0,0
121900170,0,0,0
121900171,0,0,0
121900172,0,0,0
121900173,0,0,0
121900174,0,0,0
121900175,0,0,0
121900176,0,0,0
121900177,0,0,0
121900178,0,0,0
121900179,0,0,0
121900180,0,0,0
121900182,0,0,0
121900183,0,0,0
121900184,0,0,0
121900186,0,0,0
121900187,0,0,0
121900188,0,0,0
121900189,0,0,0
121900190,0,0,0
121900191,0,0,0
121900192,0,0,0
121900193,0,0,0
121900194,0,0,0
121900195,0,0,0
121900196,0,0,0
121900197,0,0,0
121900198,0,0,0
121900199,0,0,0
121900200,0,0,0
121900201,0,0,0
121900202,0,0,0
121900203,0,0,0
121900204,0,0,0
121900205,0,0,0
121900206,0,0,0
121900207,0,0,0
121900208,0,0,0
121900209,0,0,0
121900210,0,0,0
121900211,0,0,0
121900212,0,0,0
121900213,0,0,0
121900214,0,0,0
121900215,0,0,0
121900216,0,0,0
121900217,0,0,0
121900218,0,0,0
121900220,0,0,0
121900221,0,0,0
121900222,0,0,0
121900223,0,0,0
121900224,0,0,0
121900225,0,0,0
121900226,0,0,0
121900227,0,0,0
121900228,0,0,0
121900230,0,0,0
121900231,0,0,0
121900232,0,0,0
121900233,0,0,0
121900234,0,0,0
121900235,0,0,0
121900236,0,0,0
121900237,0,0,0
121900238,0,0,0
121900239,0,0,0
121900240,0,0,0
121900241,0,0,0
121900242,0,0,0
121900245,0,0,0
121900246,0,0,0
121900247,0,0,0
121900248,0,0,0
121900250,0,0,0
121900251,0,0,0
121900252,0,0,0
121900253,0,0,0
121900254,0,0,0
121900255,0,0,0
121900258,0,0,0
121900259,0,0,0
121900260,0,0,0
121900261,0,0,0
121900262,0,0,0
121900263,0,0,0
121900264,0,0,0
121900265,0,0,0
121900266,0,0,0
121900267,0,0,0
121900269,0,0,0
121900270,0,0,0
121900271,0,0,0
121900273,0,0,0
121900274,0,0,0
121900277,0,0,0
121900278,0,0,0
121900279,0,0,0
121900280,0,0,0
121900281,0,0,0
121900284,0,0,0
121900286,0,0,0
121900287,0,0,0
121900288,0,0,0
121900290,0,0,0
121900291,0,0,0
121900292,0,0,0
121900293,0,0,0
121900294,0,0,0
121900295,0,0,0
121900296,0,0,0
121900298,0,0,0
121900299,0,0,0
121900300,0,0,0
121900301,0,0,0
121900302,0,0,0
121900303,0,0,0
121900304,0,0,0
121900305,0,0,0
121900306,0,0,0
121900307,0,0,0
121900308,0,0,0
121900309,0,0,0
121900310,0,0,0
121900311,0,0,0
121900312,0,0,0
121900313,0,0,0
121900314,0,0,0
121900315,0,0,0
121900316,0,0,0
121900317,0,0,0
121900318,0,0,0
121900319,0,0,0
121900320,0,0,0
121900321,0,0,0
121900322,0,0,0
121900323,0,0,0
121900324,0,0,0
121900325,0,0,0
121900326,0,0,0
121900327,0,0,0
121900328,0,0,0
121900329,0,0,0
121900330,0,0,0
121900331,0,0,0
121900332,0,0,0
121900333,0,0,0
121900334,0,0,0
122000001,46,79,-33
122000002,55,48,7
122000003,38,61,-23
122000004,107,58,49
122000005,312,644,-332
122000006,49,176,-127
122000007,39,189,-150
122000008,105,243,-138
122000009,23,47,-24
122000010,670,243,427
122000011,140,129,11
122000012,99,77,22
122000013,11,29,-18
122000014,0,3,-3
122000015,14,41,-27
122000016,2,80,-78
122000017,1,1,0
122000018,0,0,0
122000019,0,5,-5
122000020,0,0,0
122000021,0,0,0
122000022,73,13,60
122000023,23,20,3
122000024,258,144,114
122000025,37,156,-119
122000026,322,259,63
122000027,0,2,-2
122000028,115,10,105
122000029,11,5,6
122000030,0,0,0
122000031,0,11,-11
122000032,49,56,-7
122000033,119,192,-73
122000034,0,0,0
122000035,0,0,0
122000036,0,0,0
122000037,2,2,0
122000038,13,4,9
122000039,0,0,0
122000040,0,0,0
122000041,0,11,-11
122000042,0,11,-11
122000043,0,0,0
122000044,0,0,0
122000045,101,34,67
122000046,60,25,35
122000047,0,0,0
122000048,259,475,-216
122000049,465,159,306
122000050,37,14,23
122000051,2,27,-25
122000052,2,19,-17
122000053,31,516,-485
122000054,44,148,-104
122000055,461,650,-189
122000056,247,126,121
122000057,98,227,-129
122000058,104,78,26
122000059,128,84,44
122000060,0,0,0
122000061,0,0,0
122000062,27,8,19
122000063,1,6,-5
122000064,27,52,-25
122000065,129,234,-105
122000066,82,87,-5
122000067,144,407,-263
122000068,76,270,-194
122000069,28,45,-17
122000070,221,45,176
122000071,15,69,-54
122000072,0,0,0
122000073,0,0,0
122000074,49,60,-11
122000075,33,44,-11
122000076,92,113,-21
122000077,0,0,0
122000078,437,237,200
122000079,0,66,-66
122000080,0,0,0
122000081,0,0,0
122000082,107,83,24
122000083,0,0,0
122000084,0,0,0
122000085,0,10,-10
122000086,24,305,-281
122000087,5,19,-14
122000088,0,0,0
122000089,87,252,-165
122000090,0,0,0
122000091,0,0,0
122000092,0,0,0
122000093,172,485,-313
122000094,313,293,20
122000095,16,54,-38
122000096,13,160,-147
122000098,311,430,-119
122000099,4,11,-7
122000100,1,0,1
122000101,0,6,-6
122000102,0,0,0
122000103,0,0,0
122000104,1,0,1
122000105,0,5,-5
122000106,9,6,3
122000107,2,7,-5
122000108,0,0,0
122000109,4,3,1
122000110,0,0,0
122000111,386,109,277
122000112,57,79,-22
122000113,39,23,16
122000114,302,613,-311
122000115,450,344,106
122000116,4,99,-95
122000117,81,5,76
122000118,18,25,-7
122000119,0,0,0
122000120,0,0,0
122000121,26,5,21
122000122,4,12,-8
122000123,90,58,32
122000124,7,77,-70
122000125,5,86,-81
122000126,1,31,-30
122000127,13,35,-22
122000128,3,5,-2
122000129,33,0,33
122000130,99,42,57
122000131,2,12,-10
122000132,0,0,0
122000133,0,0,0
122000134,41,30,11
122000135,5,14,-9
122000136,24,29,-5
122000137,8,19,-11
122000139,2,91,-89
122000140,0,0,0
122000141,3,6,-3
122000142,0,0,0
122000143,0,0,0
122000144,17,22,-5
122000145,4,1,3
122000146,30,22,8
122000147,2,53,-51
122000148,180,149,31
122000149,103,22,81
122000150,88,45,43
122000151,0,0,0
122000152,0,0,0
122000153,51,113,-62
122000154,93,24,69
122000155,102,77,25
122000156,332,413,-81
122000157,167,257,-90
122000158,0,2,-2
122000159,31,30,1
122000160,217,51,166
122000161,34,28,6
122000162,49,11,38
122000163,0,0,0
122000164,0,0,0
122000165,0,5,-5
122000166,66,19,47
122000167,0,0,0
122000168,0,11,-11
122000169,0,0,0
122000170,0,0,0
122000171,0,0,0
122000172,0,0,0
122000173,0,0,0
122000174,332,375,-43
122000175,0,0,0
122000176,0,2,-2
122000177,276,377,-101
122000178,378,99,279
122000179,0,2,-2
122000180,185,322,-137
122000181,462,504,-42
122000182,83,63,20
122000183,15,1,14
122000184,421,366,55
122000185,77,136,-59
122000186,0,0,0
122000187,67,34,33
122000188,0,0,0
122000189,15,13,2
122000190,177,92,85
122000191,26,1,25
122000192,0,0,0
122000193,0,1,-1
122000194,0,0,0
122000195,0,0,0
122000196,0,0,0
122000197,5,14,-9
122000198,0,0,0
122000199,12,45,-33
122000200,27,30,-3
122000201,251,141,110
122000202,128,163,-35
122000203,0,0,0
122000204,0,0,0
122000205,0,0,0
122000206,128,30,98
122000207,57,38,19
122000208,75,31,44
122000209,174,35,139
122000210,12,3,9
122000211,0,29,-29
122000212,33,41,-8
122000213,43,136,-93
122000214,120,108,12
122000215,75,64,11
122000217,12,31,-19
122000218,38,31,7
122000219,43,65,-22
122000220,21,31,-10
122000221,0,1,-1
122000222,9,0,9
122000223,39,35,4
122000225,41,7,34
122000226,5,18,-13
122000227,0,4,-4
122000228,0,1,-1
122000229,0,0,0
122000230,0,4,-4
122000231,0,40,-40
122000232,0,11,-11
122000233,0,0,0
122000234,3,0,3
122000235,24,2,22
122000236,12,0,12
122000237,0,0,0
122000238,6,9,-3
122000239,10,1,9
122000240,59,4,55
122000241,47,17,30
122000242,0,0,0
122000243,0,0,0
122000244,0,0,0
122000245,2,0,2
122000246,28,59,-31
122000247,14,0,14
122000248,1,13,-12
122000249,109,131,-22
122000250,180,53,127
122000251,0,0,0
122000252,5,7,-2
122000253,0,0,0
122000254,0,2,-2
122000255,0,0,0
122000256,10,35,-25
122000257,2,17,-15
122000258,21,24,-3
122000259,0,0,0
122000260,0,0,0
122000261,0,2,-2
122000262,0,0,0
122000263,0,0,0
122000264,116,19,97
122000265,126,8,118
122000266,140,5,135
122000267,0,0,0
122000268,0,0,0
122000269,0,0,0
122000270,0,0,0
122000271,0,0,0
122000272,0,0,0
122000273,0,0,0
122000274,0,0,0
122000275,0,0,0
122000276,35,93,-58
122000277,117,128,-11
122000278,87,54,33
122000279,4,16,-12
122000280,2,4,-2
122000281,2,4,-2
122000282,3,11,-8
122000283,0,0,0
122000284,0,0,0
122000285,0,0,0
122000286,0,0,0
122000287,435,91,344
122000288,46,10,36
122000291,796,37,759
122000293,0,0,0
122000294,95,7,88
122000295,137,0,137
122000296,23,61,-38
122000297,642,393,249
122000299,46,14,32
122000300,0,9,-9
122000301,32,24,8
122000302,6,7,-1
122000303,46,95,-49
122000304,0,0,0
122000305,320,112,208
122000306,1,23,-22
122000307,0,0,0
122000309,0,0,0
122000310,0,0,0
122000311,0,0,0
122000312,4,67,-63
122000313,27,49,-22
122000314,41,49,-8
122000315,0,0,0
122000316,7,13,-6
122000317,51,14,37
122000318,19,47,-28
122000319,8,9,-1
122000320,0,0,0
122000321,0,0,0
122000322,72,59,13
122000323,81,42,39
122000324,1,6,-5
122000325,50,137,-87
122000326,0,0,0
122000327,0,8,-8
122000328,0,0,0
122000330,70,93,-23
122000332,0,0,0
122000333,0,0,0
122000337,18,25,-7
122000338,1,2,-1
122000340,0,0,0
122000342,18,39,-21
122000343,0,3,-3
122000344,15,0,15
122000345,1,1,0
122000346,0,0,0
122000348,28,8,20
122000349,0,0,0
122000351,0,0,0
122000352,0,0,0
122000353,0,0,0
122000355,0,1,-1
122000356,31,15,16
122000357,0,1,-1
122000358,0,0,0
122000359,0,0,0
122000360,0,0,0
122000362,0,0,0
122000364,0,0,0
122000365,0,0,0
122000366,0,0,0
122000368,0,0,0
122000370,0,0,0
122000371,0,0,0
122000372,0,0,0
122000381,0,0,0
122000382,0,0,0
122000384,1,5,-4
122000385,0,0,0
122000386,3,122,-119
122000387,0,0,0
122000388,34,43,-9
122000389,0,0,0
122000390,10,39,-29
122000391,0,0,0
122000392,0,0,0
122000393,0,0,0
122000394,0,0,0
122000395,0,0,0
122000396,0,0,0
122000397,0,0,0
122000398,19,46,-27
122000399,0,0,0
122000400,15,56,-41
122000401,0,0,0
122000402,40,11,29
122000403,0,0,0
122000404,96,11,85
122000408,195,205,-10
122000503,0,0,0
122000524,0,0,0
122000544,0,0,0
122000616,0,0,0
122000640,0,0,0
122000641,0,0,0
122000642,0,0,0
122000643,29,6,23
122000644,0,0,0
122000645,0,0,0
122000651,9,16,-7
122000664,12,30,-18
122000665,0,0,0
122000666,35,15,20
122000673,0,0,0
122000674,29,11,18
122000675,22,27,-5
122000686,51,12,39
122000687,58,2,56
122000688,75,25,50
122000689,99,14,85
122000690,277,0,277
122000691,341,48,293
122000692,48,1,47
122000693,16,13,3
122000695,0,0,0
122000696,69,7,62
122000698,0,0,0
122000699,13,0,13
122000701,81,26,55
122000702,56,36,20
122000703,13,3,10
122000712,0,0,0
122000717,0,0,0
122000718,70,185,-115
122000719,0,15,-15
122000720,71,5,66
122000724,0,0,0
122900001,0,0,0
122900002,0,0,0
122900003,0,0,0
122900004,0,0,0
122900005,0,0,0
122900006,0,0,0
122900007,0,0,0
122900008,0,0,0
122900009,0,0,0
122900010,0,0,0
122900012,0,0,0
122900014,0,0,0
122900015,0,0,0
122900016,0,0,0
122900017,0,0,0
122900018,0,0,0
122900019,0,0,0
122900020,0,0,0
122900021,0,0,0
122900022,0,0,0
122900023,0,0,0
122900024,0,0,0
122900025,0,0,0
122900026,0,0,0
122900027,0,0,0
122900028,0,0,0
122900029,0,0,0
122900030,0,0,0
122900031,0,0,0
122900032,0,0,0
122900033,0,0,0
122900034,0,0,0
122900035,0,0,0
122900036,0,0,0
122900037,0,0,0
122900038,0,0,0
122900039,0,0,0
122900040,0,0,0
122900041,0,0,0
122900042,0,0,0
122900043,0,0,0
122900044,0,0,0
122900045,0,0,0
122900046,0,0,0
122900047,0,0,0
122900048,0,0,0
122900049,0,0,0
122900051,0,0,0
122900052,0,0,0
122900053,0,0,0
122900055,0,0,0
122900057,0,0,0
122900061,0,0,0
122900062,0,0,0
122900063,0,0,0
122900064,0,0,0
122900065,0,0,0
122900066,0,0,0
122900067,0,0,0
122900068,0,0,0
122900069,0,0,0
122900070,0,0,0
122900071,0,0,0
122900072,0,0,0
122900073,0,0,0
122900074,0,0,0
122900075,0,0,0
122900076,0,0,0
122900077,0,0,0
122900078,0,0,0
122900080,0,0,0
122900081,0,0,0
122900082,0,0,0
122900083,0,0,0
122900084,0,0,0
122900086,0,0,0
122900087,0,0,0
122900088,0,0,0
122900089,0,0,0
122900090,0,0,0
122900091,0,0,0
122900092,0,0,0
122900093,0,0,0
122900094,0,0,0
122900095,0,0,0
122900096,0,0,0
122900097,0,0,0
122900098,0,0,0
122900099,0,0,0
122900100,0,0,0
122900101,0,0,0
122900102,0,0,0
122900103,0,0,0
122900104,0,0,0
122900105,0,0,0
122900106,0,0,0
122900107,0,0,0
122900108,0,0,0
123000001,83,28,55
123000002,205,1158,-953
123000003,739,250,489
123000004,93,335,-242
123000005,882,340,542
123000006,199,327,-128
123000007,674,321,353
123000008,55,109,-54
123000009,2146,1503,643
123000010,109,238,-129
123000011,693,658,35
123000012,46,162,-116
123000013,694,247,447
123000014,10,143,-133
123000015,1141,280,861
123000016,22,148,-126
123000017,665,270,395
123000018,99,0,99
123000019,149,0,149
123000020,91,0,91
123000021,38,2,36
123000022,287,22,265
123000023,125,75,50
123000024,75,63,12
123000025,0,1,-1
123000026,0,0,0
123000027,0,0,0
123000028,1,118,-117
123000029,0,0,0
123000030,0,0,0
123000031,26,1,25
123000032,11,10,1
123000033,3,16,-13
123000034,138,13,125
123000035,59,87,-28
123000036,10,394,-384
123000037,0,0,0
123000038,0,0,0
123000039,0,0,0
123000040,0,0,0
123000041,7,436,-429
123000042,0,0,0
123000043,178,123,55
123000044,55,37,18
123000045,0,0,0
123000046,0,0,0
123000047,0,0,0
123000048,8,159,-151
123000049,2830,1026,1804
123000050,100,120,-20
123000051,2,5,-3
123000052,146,280,-134
123000053,725,287,438
123000054,97,296,-199
123000055,419,696,-277
123000056,12,39,-27
123000057,61,75,-14
123000058,0,0,0
123000059,0,2,-2
123000060,6,1,5
123000061,0,5,-5
123000063,19,13,6
123000064,8,1,7
123000065,8,26,-18
123000066,0,12,-12
123000067,5,3,2
123000068,35,113,-78
123000069,78,106,-28
123000070,0,0,0
123000071,92,31,61
123000072,0,0,0
123000073,145,35,110
123000074,0,0,0
123000075,17,37,-20
123000076,0,0,0
123000077,0,0,0
123000078,265,98,167
123000079,423,146,277
123000080,0,0,0
123000081,0,0,0
123000082,0,0,0
123000083,22,4,18
123000084,0,0,0
123000085,0,0,0
123000086,0,0,0
123000087,0,0,0
123000088,0,0,0
123000089,195,104,91
123000090,0,0,0
123000091,204,44,160
123000092,0,0,0
123000094,3,3,0
123000095,34,39,-5
123000096,15,7,8
123000097,0,0,0
123000098,69,10,59
123000099,0,0,0
123000100,0,0,0
123000101,45,17,28
123000102,73,66,7
123000104,0,0,0
123000105,0,0,0
123000106,0,0,0
123000107,0,0,0
123000108,0,0,0
123000111,7,9,-2
123000112,12,6,6
123000113,0,0,0
123000114,3,33,-30
123000115,15,15,0
123000116,0,0,0
123000117,1,8,-7
123000118,5,4,1
123000119,3,6,-3
123000120,12,22,-10
123000121,0,0,0
123000122,0,0,0
123000123,0,0,0
123000124,0,0,0
123000125,42,108,-66
123000126,196,253,-57
123000127,0,0,0
123000128,0,0,0
123000129,263,10,253
123000130,83,0,83
123000131,61,20,41
123000132,0,0,0
123000133,0,0,0
123000134,0,0,0
123000135,29,31,-2
123000136,0,0,0
123000137,0,0,0
123000138,0,0,0
123000139,92,14,78
123000140,0,0,0
123000141,50,6,44
123000142,0,0,0
123000143,0,0,0
123000144,0,0,0
123000145,0,0,0
123000146,0,0,0
123000147,0,0,0
123000149,17,49,-32
123000150,21,13,8
123000151,47,32,15
123000152,0,0,0
123000153,4,36,-32
123000154,15,51,-36
123000155,11,18,-7
123000156,0,0,0
123000157,27,7,20
123000158,74,51,23
123000159,80,180,-100
123000160,21,51,-30
123000161,114,16,98
123000162,178,96,82
123000163,67,1,66
123000164,292,51,241
123000165,0,0,0
123000166,0,0,0
123000167,25,5,20
123000168,58,0,58
123000169,114,23,91
123000170,2,0,2
123000171,188,0,188
123000172,0,0,0
123000173,66,36,30
123000174,117,21,96
123000175,0,0,0
123000176,108,7,101
123000177,0,0,0
123000178,153,9,144
123000179,0,0,0
123000180,438,57,381
123000181,0,0,0
123000182,0,0,0
123000183,77,10,67
123000184,0,0,0
123000185,189,13,176
123000186,0,0,0
123000187,331,4,327
123000188,314,1,313
123000189,224,1,223
123000190,73,0,73
123000192,0,0,0
123000193,0,0,0
123000194,0,0,0
123000195,301,1,300
123000196,342,5,337
123000197,88,0,88
123000198,0,0,0
123000199,0,0,0
123000200,291,26,265
123000201,333,9,324
123000202,0,0,0
123000203,517,23,494
123000204,0,0,0
123000205,0,0,0
123000206,524,22,502
123000207,0,0,0
123000208,78,2,76
123000209,248,19,229
123000210,0,0,0
123000211,0,0,0
123000212,477,18,459
123000213,209,3,206
123000215,143,110,33
123000216,18,115,-97
123000217,73,3,70
123000218,0,0,0
123000219,55,12,43
123000220,115,7,108
123000221,2,2,0
123000222,3,7,-4
123000223,36,15,21
123000224,50,56,-6
123000225,13,0,13
123000226,68,1,67
123000227,0,0,0
123000228,38,1,37
123000229,0,0,0
123000232,0,0,0
123000233,181,8,173
123000234,0,0,0
123000235,151,36,115
123000236,0,1,-1
123000237,57,18,39
123000238,0,0,0
123000239,0,0,0
123000240,0,0,0
123000241,23,23,0
123000242,0,0,0
123000243,4,75,-71
123000244,13,53,-40
123000245,0,0,0
123000249,0,0,0
123000252,229,123,106
123000253,282,143,139
123000254,16,26,-10
123000255,84,86,-2
123000256,0,0,0
123000257,0,0,0
123000258,0,0,0
123000259,23,3,20
123000260,5,20,-15
123000261,0,0,0
123000262,0,0,0
123000263,87,4,83
123000264,25,0,25
123000265,0,0,0
123000266,2,8,-6
123000267,32,96,-64
123000268,0,0,0
123000269,0,28,-28
123000270,6,1,5
123000271,0,0,0
123000272,267,30,237
123000273,58,439,-381
123000274,235,103,132
123000275,0,0,0
123000278,0,15,-15
123000279,3,24,-21
123000280,5,3,2
123000281,88,1,87
123000282,0,0,0
123000283,1,2,-1
123000284,0,0,0
123000286,0,1,-1
123000287,22,28,-6
123000288,201,102,99
123000289,52,77,-25
123000291,0,0,0
123000294,0,0,0
123000295,317,200,117
123000296,125,125,0
123000297,0,0,0
123000298,3,22,-19
123000299,7,71,-64
123000300,38,30,8
123000301,0,0,0
123000302,82,9,73
123000303,1,105,-104
123000305,0,0,0
123000306,0,0,0
123000309,0,0,0
123000310,32,0,32
123000311,0,0,0
123000312,0,0,0
123000313,88,12,76
123000315,122,21,101
123000316,521,4,517
123000317,0,0,0
123000318,0,0,0
123000329,0,0,0
123000337,49,9,40
123000338,18,1,17
123000339,0,0,0
123000340,15,38,-23
123000342,0,0,0
123000343,2,0,2
123000344,17,0,17
123000345,2,1,1
123000346,100,61,39
123000352,0,0,0
123000353,0,0,0
123000354,342,1,341
123000355,0,0,0
123000356,51,0,51
123000357,0,0,0
123000359,0,0,0
123000360,123,27,96
123000361,0,0,0
123000362,95,3,92
123000363,57,0,57
123000364,25,15,10
123000365,0,0,0
123000366,2,76,-74
123000367,0,4,-4
123000370,0,0,0
123000371,93,10,83
123000372,95,1,94
123000373,0,0,0
123000374,0,0,0
123000375,109,4,105
123000376,82,49,33
123000377,69,0,69
123000378,0,0,0
123000379,0,0,0
123000380,0,0,0
123000381,25,19,6
123000382,71,10,61
123000383,0,0,0
123000384,50,1,49
123000385,0,0,0
123000436,2,405,-403
123000507,0,33,-33
123000508,196,651,-455
123000517,0,0,0
123000518,0,0,0
123000519,0,0,0
123000520,0,0,0
123000521,0,0,0
123000522,0,0,0
123000541,0,0,0
123000542,0,0,0
123000565,39,1,38
123000566,3,0,3
123000567,8,0,8
123000573,0,0,0
123000574,28,6,22
123000575,147,21,126
123000576,44,2,42
123000577,0,0,0
123000578,28,7,21
123000579,638,278,360
123000580,1,0,1
123000582,60,3,57
123000583,0,0,0
123000584,46,57,-11
123000585,0,0,0
123000586,21,0,21
123000596,0,0,0
123000597,6,7,-1
123000602,1,1,0
123000603,145,1,144
123000604,8,12,-4
123000605,997,460,537
123000606,0,0,0
123000609,0,0,0
123000610,30,47,-17
123000613,0,0,0
123000614,23,6,17
123000615,0,0,0
123000616,33,16,17
123000617,0,0,0
123000618,0,0,0
123000619,7,15,-8
123000620,0,0,0
123000622,45,8,37
123000624,61,12,49
123000630,383,46,337
123000631,75,42,33
123000632,0,0,0
123000633,0,170,-170
123000634,0,0,0
123000635,0,0,0
123000636,0,0,0
123000637,0,0,0
123000638,12,11,1
123000639,324,195,129
123000640,0,0,0
123000648,1,10,-9
123000649,0,0,0
123900001,0,0,0
123900002,0,0,0
123900003,0,0,0
123900005,0,0,0
123900006,0,0,0
124000001,432,112,320
124000002,0,137,-137
124000003,186,19,167
124000004,0,22,-22
124000005,156,13,143
124000006,2,15,-13
124000007,78,23,55
124000008,0,0,0
124000009,182,31,151
124000010,0,0,0
124000011,222,96,126
124000012,0,0,0
124000017,133,47,86
124000018,0,0,0
124000019,174,23,151
124000020,0,0,0
124000021,167,18,149
124000022,0,0,0
124000023,465,50,415
124000024,0,0,0
124000025,343,50,293
124000026,0,0,0
124000027,1509,277,1232
124000028,88,610,-522
124000030,0,0,0
124000031,317,82,235
124000032,2,20,-18
124000033,238,11,227
124000034,0,41,-41
124000035,15,7,8
124000036,0,24,-24
124000037,19,45,-26
124000038,0,9,-9
124000039,43,1,42
124000040,39,94,-55
124000041,98,0,98
124000042,1,12,-11
124000043,24,1,23
124000044,0,14,-14
124000045,118,10,108
124000046,0,0,0
124000047,189,19,170
124000048,0,0,0
124000049,252,28,224
124000050,0,0,0
124000051,153,10,143
124000052,0,0,0
124000053,142,50,92
124000054,0,0,0
124000055,347,70,277
124000056,0,0,0
124000057,129,68,61
124000058,0,0,0
124000059,88,86,2
124000060,0,0,0
124000061,91,125,-34
124000062,0,0,0
124000063,0,0,0
124000064,0,0,0
124000065,0,0,0
124000066,32,52,-20
124000067,51,11,40
124000068,0,0,0
124000069,144,13,131
124000070,0,0,0
124000071,50,16,34
124000072,0,0,0
124000073,145,10,135
124000074,0,0,0
124000075,67,44,23
124000076,0,0,0
124000077,0,0,0
124000078,89,167,-78
124000079,0,0,0
124000080,160,40,120
124000081,0,0,0
124000082,9,67,-58
124000083,0,0,0
124000084,24,80,-56
124000085,0,0,0
124000086,0,0,0
124000087,0,0,0
124000088,3,28,-25
124000089,136,4,132
124000090,0,0,0
124000091,71,35,36
124000092,0,0,0
124000093,2,0,2
124000094,0,0,0
124000095,57,0,57
124000096,0,0,0
124000097,64,6,58
124000098,0,0,0
124000099,26,0,26
124000100,0,0,0
124000101,33,24,9
124000102,0,0,0
124000103,14,9,5
124000104,0,0,0
124000105,10,2,8
124000106,0,0,0
124000107,0,22,-22
124000108,0,0,0
124000109,52,0,52
124000110,0,0,0
124000111,126,3,123
124000112,0,0,0
124000113,39,38,1
124000114,0,0,0
124000115,0,0,0
124000116,34,51,-17
124000117,0,0,0
124000118,8,30,-22
124000119,0,0,0
124000120,59,11,48
124000121,137,36,101
124000122,0,0,0
124000123,211,19,192
124000124,11,53,-42
124000125,89,6,83
124000126,7,23,-16
124000127,300,12,288
124000128,67,51,16
124000129,139,82,57
124000130,64,51,13
124000131,55,99,-44
124000132,68,136,-68
124000133,294,36,258
124000134,0,0,0
124000135,309,65,244
124000136,0,0,0
124000137,49,20,29
124000138,0,0,0
124000139,26,12,14
124000140,0,0,0
124000141,5,5,0
124000142,0,0,0
124000143,0,0,0
124000144,0,0,0
124000145,11,0,11
124000146,0,0,0
124000148,0,5,-5
124000149,91,19,72
124000150,0,0,0
124000151,38,18,20
124000152,0,0,0
124000153,90,24,66
124000154,0,0,0
124000155,160,33,127
124000156,0,0,0
124000169,1,17,-16
124000170,0,0,0
124000171,22,10,12
124000172,0,0,0
124000173,26,27,-1
124000174,0,0,0
124000175,0,0,0
124000176,103,42,61
124000177,0,0,0
124000178,37,5,32
124000190,0,13,-13
124000191,0,0,0
124000192,147,95,52
124000193,0,0,0
124000194,38,36,2
124000195,85,7,78
124000196,0,0,0
124000197,0,0,0
124000198,0,8,-8
124000201,0,0,0
124000202,166,0,166
124000203,0,0,0
124000204,173,6,167
124000205,86,0,86
124000206,391,1,390
124000207,0,0,0
124000209,41,0,41
124000210,98,48,50
124000211,307,2,305
124000212,0,0,0
124000213,0,0,0
124000214,170,2,168
124000215,26,4,22
124000216,0,0,0
124000329,0,0,0
124000338,0,0,0
124000339,126,4,122
124000341,71,0,71
124000344,21,1,20
124000357,439,149,290
124000358,741,277,464
124000359,351,55,296
124000360,107,76,31
124000361,520,127,393
124000362,0,0,0
124000363,0,0,0
124000364,0,0,0
124000365,38,252,-214
124000366,6,144,-138
124000367,0,0,0
124000368,35,49,-14
124000369,7,55,-48
124000370,0,0,0
124000402,1,1,0
124000403,3,0,3
124000404,0,0,0
124000405,301,34,267
124000406,10,51,-41
124000407,0,0,0
124000411,0,0,0
124000412,28,0,28
124000413,0,21,-21
124000414,51,0,51
124000415,0,0,0
124000416,0,0,0
124000417,25,7,18
124000418,21,2,19
124000419,0,0,0
124000420,46,2,44
124000421,0,0,0
124000422,0,0,0
124000423,0,0,0
124000424,0,0,0
124000425,16,0,16
124000426,0,0,0
124000427,0,0,0
124000428,0,0,0
124000429,22,0,22
124000430,0,0,0
124000431,0,0,0
124000432,0,2,-2
124000439,0,0,0
124000443,0,0,0
124000445,1,81,-80
124000446,0,0,0
124000447,0,0,0
124900001,0,0,0
124900002,0,0,0
124900003,0,0,0
124900004,0,0,0
124900005,0,0,0
124900006,0,0,0
124900008,0,0,0
124900009,0,0,0
124900010,0,0,0
124900011,0,0,0
124900012,0,0,0
124900013,0,0,0
124900014,0,0,0
124900015,0,0,0
124900016,0,0,0
124900017,0,0,0
124900018,0,0,0
124900020,0,0,0
124900021,0,0,0
124900022,0,0,0
124900024,0,0,0
124900026,0,0,0
124900027,0,0,0
124900028,0,0,0
124900029,0,0,0
124900030,0,0,0
124900031,0,0,0
124900032,0,0,0
124900033,0,0,0
124900034,0,0,0
124900035,0,0,0
124900036,0,0,0
124900037,0,0,0
124900038,0,0,0
124900039,0,0,0
124900040,0,0,0
124900041,0,0,0
124900042,0,0,0
124900043,0,0,0
124900044,0,0,0
124900045,0,0,0
124900047,0,0,0
124900048,0,0,0
124900050,0,0,0
124900052,0,0,0
124900053,0,0,0
124900054,0,0,0
124900055,0,0,0
124900057,0,0,0
124900060,0,0,0
124900061,0,0,0
124900062,0,0,0
124900066,0,0,0
124900067,0,0,0
124900068,0,0,0
124900070,0,0,0
124900072,0,0,0
124900075,0,0,0
124900076,0,0,0
124900077,0,0,0
124900078,0,0,0
124900079,0,0,0
124900080,0,0,0
124900081,0,0,0
124900082,0,0,0
124900083,0,0,0
124900085,0,0,0
124900086,0,0,0
124900087,0,0,0
124900088,0,0,0
124900089,0,0,0
124900090,0,0,0
124900091,0,0,0
124900092,0,0,0
124900093,0,0,0
124900094,0,0,0
124900095,0,0,0
124900096,0,0,0
124900097,0,0,0
124900098,0,0,0
124900099,0,0,0
124900100,0,0,0
124900101,0,0,0
124900102,0,0,0
124900103,0,0,0
124900104,0,0,0
124900105,0,0,0
124900106,0,0,0
124900107,0,0,0
124900108,0,0,0
124900111,0,0,0
124900112,0,0,0
124900113,0,0,0
124900114,0,0,0
124900115,0,0,0
124900116,0,0,0
124900117,0,0,0
124900118,0,0,0
124900119,0,0,0
124900120,0,0,0
124900121,0,0,0
124900122,0,0,0
124900123,0,0,0
124900124,0,0,0
204000001,46,3,43
204000002,5,7,-2
204000003,0,17,-17
204000004,4,0,4
204000005,440,180,260
204000006,1598,981,617
204000011,0,0,0
204000012,0,0,0
204000019,559,293,266
204000020,118,80,38
204000021,70,52,18
204000022,563,131,432
204000023,0,0,0
204000031,2,17,-15
204000032,219,4,215
204000034,0,0,0
204000035,0,0,0
204000036,0,0,0
204000037,0,0,0
204000038,0,0,0
204000039,0,0,0
204000040,0,0,0
204000041,0,0,0
204000042,1,5,-4
204000043,2,0,2
204000044,3,1,2
204000045,0,0,0
204000046,0,0,0
204000057,0,0,0
204000062,0,0,0
204000068,0,0,0
204000069,0,0,0
204000070,314,257,57
204000080,0,0,0
204000085,0,0,0
204000086,0,0,0
204000087,0,0,0
204000088,0,0,0
204000090,0,0,0
204000093,336,11,325
204000096,493,237,256
204000097,95,4,91
204000099,927,466,461
204000100,682,430,252
204000105,0,0,0
204000110,0,0,0
204000111,0,0,0
204000112,0,0,0
204000113,0,0,0
204000114,106,162,-56
204000115,48,76,-28
204000116,66,31,35
204000119,1161,524,637
204000132,474,44,430
204000133,658,81,577
204000134,114,44,70
204000135,505,25,480
204000136,344,331,13
204000138,450,82,368
204000140,265,156,109
204000141,239,82,157
204000144,1,26,-25
204000145,42,0,42
204000146,0,0,0
204000147,0,0,0
204000148,188,9,179
204000154,2,0,2
204000155,0,0,0
204000177,109,22,87
204000179,23,4,19
204000180,0,0,0
204000222,0,0,0
204000235,0,0,0
204000236,5,17,-12
204000238,10,9,1
204000240,15,1,14
204000263,0,0,0
204000268,601,167,434
204000308,30,15,15
204000317,0,0,0
204000322,0,0,0
204000323,2,6,-4
204000328,141,33,108
204000329,0,0,0
204000330,75,29,46
204000331,0,0,0
205000001,0,0,0
205000013,0,0,0
205000014,0,0,0
205000015,0,0,0
205000016,0,0,0
205000017,0,0,0
205000022,0,0,0
205000025,0,0,0
205000029,48,7,41
205000045,0,0,0
205000046,0,0,0
205000047,0,0,0
205000048,0,0,0
205000049,0,0,0
205000050,0,0,0
205000059,0,0,0
205000060,0,0,0
205000061,0,0,0
205000062,0,0,0
205000063,0,0,0
205000064,0,0,0
205000065,0,0,0
205000066,0,0,0
205000067,0,0,0
205000069,0,0,0
205000082,116,68,48
205000110,0,0,0
205000111,0,0,0
205000112,95,87,8
205000113,0,0,0
205000121,199,68,131
205000123,0,0,0
205000126,827,100,727
205000127,841,76,765
205000128,336,11,325
205000129,424,11,413
205000130,103,1,102
205000131,4,0,4
205000132,55,0,55
205000133,10,0,10
205000134,212,0,212
205000137,0,0,0
205000138,0,0,0
205000139,0,0,0
205000144,85,43,42
205000145,126,25,101
205000151,48,7,41
205000152,64,8,56
205000153,228,11,217
205000154,81,45,36
205000155,95,5,90
205000207,0,0,0
205000233,10,0,10
205000234,0,0,0
205000243,0,0,0
205000244,0,0,0
205000245,0,0,0
205000249,0,0,0
205000250,9,1,8
205000264,0,0,0
206000027,28,6,22
206000028,14,1,13
206000043,0,0,0
206000053,0,0,0
206000054,0,0,0
206000055,0,0,0
206000075,0,0,0
206000076,0,0,0
206000077,0,0,0
206000078,0,0,0
206000079,0,0,0
206000082,175,1,174
206000100,0,0,0
206000103,0,0,0
206000104,0,0,0
206000105,0,0,0
206000106,0,0,0
206000125,130,1,129
206000157,0,0,0
206000170,0,0,0
206000171,0,0,0
206000172,0,0,0
206000173,0,0,0
206000174,0,0,0
206000175,0,0,0
206000176,0,0,0
206000177,0,0,0
206000178,0,0,0
206000179,0,0,0
206000180,0,0,0
206000181,0,0,0
206000182,0,0,0
206000183,0,0,0
206000184,0,0,0
206000185,0,0,0
206000186,0,0,0
206000223,0,0,0
206000226,3,2,1
206000227,6,1,5
206000237,0,0,0
206000238,0,0,0
206000239,0,0,0
206000240,0,0,0
206000241,0,0,0
206000242,0,0,0
206000243,0,0,0
206000244,0,0,0
206000245,104,2,102
206000246,51,1,50
206000247,37,0,37
206000248,30,3,27
206000252,0,0,0
206000258,0,0,0
206000315,0,0,0
206000317,77,2,75
206000318,88,8,80
206000319,94,2,92
206000320,75,1,74
206000321,26,0,26
206000322,20,2,18
206000323,34,0,34
206000324,32,0,32
206000325,13,1,12
206000326,16,19,-3
206000327,5,3,2
206000328,99,1,98
206000329,47,1,46
206000330,8,0,8
206000331,80,0,80
206000332,2,0,2
206000333,97,0,97
206000334,42,1,41
206000335,0,0,0
206000361,0,0,0
206000392,0,0,0
206000405,91,0,91
206000441,70,28,42
206000498,13,0,13
206000515,0,0,0
206000530,9,6,3
206000531,11,9,2
206000532,58,12,46
206000535,0,0,0
206000536,0,0,0
206000537,0,0,0
206000613,99,5,94
206000784,285,81,204
207000001,0,0,0
207000002,0,0,0
207000003,0,0,0
207000007,285,95,190
207000008,0,0,0
207000009,0,0,0
207000010,6,16,-10
207000012,100,94,6
207000015,4,29,-25
207000019,194,11,183
207000021,289,69,220
207000022,160,39,121
207000023,245,4,241
207000024,4,7,-3
207000025,5,19,-14
207000026,0,0,0
207000027,0,0,0
207000028,0,0,0
207000029,0,0,0
207000033,235,205,30
207000034,51,13,38
207000039,143,13,130
207000040,263,10,253
207000041,27,0,27
207000042,179,39,140
207000043,191,57,134
207000051,0,0,0
207000052,0,0,0
207000053,0,0,0
207000054,0,0,0
207000055,0,0,0
207000056,0,0,0
207000057,0,0,0
207000058,0,0,0
207000059,0,0,0
207000060,0,0,0
207000061,42,301,-259
207000062,145,55,90
207000063,101,182,-81
207000064,224,90,134
207000065,267,67,200
207000066,269,66,203
207000067,74,12,62
207000068,94,9,85
207000069,495,69,426
207000082,0,4,-4
207000083,2,3,-1
207000084,86,48,38
207000085,0,0,0
207000086,0,0,0
207000106,14,4,10
207000107,101,1,100
207000108,97,0,97
207000109,47,2,45
207000110,50,11,39
207000111,144,4,140
207000112,67,45,22
207000114,0,0,0
207000115,0,0,0
207000116,0,0,0
207000117,0,0,0
207000118,0,0,0
207000119,0,0,0
207000123,72,1,71
207000124,68,1,67
207000125,43,2,41
207000126,58,6,52
207000134,0,0,0
207000135,0,0,0
207000148,214,63,151
207000149,0,0,0
207000152,0,0,0
207000153,0,0,0
207000154,260,11,249
207000159,0,0,0
207000160,0,0,0
207000238,0,0,0
207000242,0,0,0
207000248,0,0,0
207000249,0,0,0
207000250,0,0,0
207000251,0,0,0
207000252,0,0,0
207000278,41,25,16
207000279,0,0,0
207000280,122,32,90
207000281,33,56,-23
207000282,0,7,-7
207000283,0,1,-1
207000284,0,0,0
207000285,0,9,-9
207000291,0,0,0
207000304,21,24,-3
207000306,0,0,0
207000310,87,112,-25
207000353,27,0,27
207000356,0,0,0
207000357,0,32,-32
207000358,0,4,-4
207000415,0,0,0
207000417,32,0,32
207000418,59,24,35
207000438,0,0,0
207000439,674,89,585
207000446,62,1,61
207000460,0,0,0
207000466,0,0,0
207000467,103,10,93
207000468,0,0,0
207000476,0,0,0
207000477,0,0,0
207000478,0,0,0
207000523,0,0,0
207000524,2,0,2
207000527,321,60,261
207000530,235,0,235
207000531,61,0,61
207000532,50,2,48
207000534,248,13,235
207000535,0,0,0
207000537,0,0,0
207000540,0,0,0
207000541,0,0,0
207000548,0,0,0
207000549,70,2,68
207000561,90,10,80
207000562,0,0,0
207000567,0,0,0
207000568,0,0,0
207000569,0,0,0
207000584,0,0,0
207000585,25,46,-21
207000587,99,21,78
207000616,0,0,0
207000617,119,0,119
207000624,6,1,5
207000631,0,3,-3
207900008,0,0,0
208000001,54,155,-101
208000002,110,95,15
208000003,146,148,-2
208000004,252,143,109
208000005,0,0,0
208000019,278,142,136
208000020,380,102,278
208000021,0,0,0
208000022,0,0,0
208000028,0,0,0
208000033,0,0,0
208000034,0,0,0
208000037,52,1,51
208000040,31,52,-21
208000041,316,63,253
208000042,216,63,153
208000047,0,0,0
208000064,565,298,267
208000066,346,216,130
208000070,56,22,34
208000071,82,33,49
208000072,53,73,-20
208000080,116,118,-2
208000081,77,19,58
208000082,0,0,0
208000083,0,0,0
208000084,3,4,-1
208000085,0,0,0
208000086,0,0,0
208000087,0,0,0
208000089,0,0,0
208000090,0,0,0
208000093,0,0,0
208000094,0,0,0
208000095,1,0,1
208000104,577,75,502
208000105,325,104,221
208000114,151,140,11
208000115,119,52,67
208000116,178,199,-21
208000117,0,7,-7
208000118,8,10,-2
208000155,0,0,0
208000158,0,0,0
208000186,488,385,103
208000204,0,0,0
208000205,0,0,0
208000282,0,0,0
209000004,2,40,-38
209000005,28,1,27
209000006,183,13,170
209000007,0,0,0
209000010,0,0,0
209000011,0,0,0
209000012,0,0,0
209000013,0,0,0
209000014,0,0,0
209000025,116,24,92
209000026,122,14,108
209000027,0,0,0
209000028,0,0,0
209000029,0,0,0
209000030,0,0,0
209000031,0,0,0
209000034,0,0,0
209000035,0,0,0
209000036,0,0,0
209000037,6,0,6
209000038,0,0,0
209000039,0,0,0
209000040,0,0,0
209000041,0,0,0
209000042,0,0,0
209000043,0,0,0
209000044,0,0,0
209000045,193,15,178
209000046,134,53,81
209000047,230,4,226
209000048,292,25,267
209000049,0,0,0
209000050,0,0,0
209000051,0,0,0
209000052,0,0,0
209000062,0,0,0
209000063,0,0,0
209000064,0,0,0
209000065,3,3,0
209000066,10,5,5
209000067,41,10,31
209000080,0,0,0
209000082,14,1,13
209000091,0,0,0
209000093,0,0,0
209000094,0,0,0
209000110,34,63,-29
209000111,147,83,64
209000112,79,19,60
209000113,143,41,102
209000114,33,1,32
209000115,0,0,0
209000116,0,0,0
209000118,1,6,-5
209000119,0,0,0
209000121,0,0,0
209000135,14,43,-29
209000142,111,35,76
209000143,0,0,0
209000144,0,0,0
209000229,87,12,75
209000240,0,0,0
209000259,0,0,0
209000260,0,0,0
209000261,0,0,0
209000262,0,0,0
209000263,0,0,0
209000264,0,0,0
209000265,26,1,25
209000266,5,0,5
209000267,199,4,195
209000268,461,7,454
210000037,31,0,31
210000047,57,1,56
210000048,38,0,38
210000049,2,0,2
210000052,0,0,0
210000053,0,0,0
210000054,0,0,0
210000070,28,0,28
210000071,55,0,55
210000072,3,0,3
210000073,0,0,0
210000074,0,0,0
210000075,0,0,0
210000076,0,0,0
210000077,0,0,0
210000078,0,0,0
210000079,7,1,6
210000080,73,11,62
210000081,34,1,33
210000082,0,0,0
210000083,21,0,21
210000084,62,0,62
210000085,0,0,0
210000086,0,0,0
210000099,0,0,0
210000100,0,0,0
210000101,0,0,0
210000105,0,0,0
210000159,0,0,0
210000163,0,0,0
210000164,80,30,50
210000168,15,1,14
210000187,0,0,0
210000188,0,0,0
210000214,46,0,46
210000219,22,0,22
210000220,9,3,6
210000232,0,0,0
210000233,0,0,0
210000234,0,0,0
210000235,0,0,0
210000245,0,0,0
210000246,14,3,11
210000258,0,0,0
210000259,99,1,98
210000282,0,0,0
210000285,0,0,0
210000286,0,0,0
210000290,0,0,0
210000295,0,0,0
210000296,0,0,0
210000320,74,1,73
210000321,4,0,4
210000338,0,0,0
210000339,0,0,0
210000340,0,0,0
210000341,0,0,0
210000342,0,0,0
210000343,0,0,0
210000344,0,0,0
210000345,0,0,0
210000346,0,0,0
210000347,0,0,0
210000348,0,0,0
210000349,0,0,0
210000350,0,0,0
210000351,0,0,0
210000352,6,2,4
210000353,53,13,40
210000354,30,20,10
210000355,10,8,2
210000356,0,10,-10
210000357,5,25,-20
210000358,9,12,-3
210000359,50,9,41
210000360,129,34,95
210000361,74,56,18
210000362,74,36,38
210000363,261,53,208
210000364,108,56,52
210000365,86,10,76
210000366,109,3,106
210000367,67,2,65
210000368,63,1,62
210000369,16,2,14
210000370,23,0,23
210000372,0,14,-14
210000373,1,4,-3
210000374,130,1,129
210000375,29,3,26
210000376,83,5,78
210000404,0,0,0
210000439,20,1,19
210000472,10,0,10
210000482,17,2,15
210000564,253,46,207
210000567,0,0,0
210000568,27,0,27
211000092,0,0,0
211000094,0,0,0
211000169,0,0,0
211000172,0,0,0
211000209,0,0,0
211000226,1,0,1
211000270,0,0,0
211000275,0,0,0
211000276,0,0,0
211000279,0,0,0
211000281,0,0,0
211000302,0,0,0
211507980,0,0,0
211977296,0,0,0
212000003,34,10,24
212000004,0,0,0
212000005,0,0,0
212000006,0,0,0
212000008,0,0,0
212000009,0,0,0
212000012,0,0,0
212000013,0,0,0
212000014,0,0,0
212000015,0,0,0
212000016,0,0,0
212000027,407,64,343
212000028,191,104,87
212000029,158,149,9
212000030,23,18,5
212000031,15,7,8
212000048,0,0,0
212000049,0,0,0
212000050,0,0,0
212000051,0,0,0
212000052,0,0,0
212000053,0,0,0
212000054,144,15,129
212000055,210,42,168
212000056,5,25,-20
212000057,0,13,-13
212000058,1,3,-2
212000070,0,0,0
212000077,0,0,0
212000099,145,41,104
212000108,188,29,159
212000111,68,8,60
212000120,0,0,0
212000138,0,0,0
212000156,0,0,0
212000158,0,33,-33
212000159,450,49,401
212000160,420,42,378
212000161,7,12,-5
212000310,0,0,0
212000311,8,26,-18
212000374,0,0,0
213000001,0,0,0
213000005,217,1,216
213000006,170,53,117
213000007,1,1,0
213000009,243,40,203
213000010,250,13,237
213000011,76,8,68
213000012,0,0,0
213000014,37,66,-29
213000015,177,0,177
213000016,74,0,74
213000017,19,0,19
213000018,0,0,0
213000019,0,0,0
213000020,0,0,0
213000021,0,0,0
213000023,1042,7,1035
213000033,0,0,0
213000034,244,25,219
213000035,189,22,167
213000045,0,0,0
213000046,0,0,0
213000047,0,0,0
213000056,184,8,176
213000069,5,0,5
213000073,0,0,0
213000074,0,0,0
213000075,326,10,316
213000076,5,0,5
213000085,0,0,0
213000086,0,0,0
213000091,242,1,241
213000092,15,0,15
213000099,0,0,0
213000100,203,55,148
213000101,396,6,390
213000102,385,3,382
213000103,281,13,268
213000104,0,0,0
213000105,0,0,0
213000106,0,0,0
213000107,0,0,0
213000108,0,0,0
213000109,0,0,0
213000110,0,0,0
213000111,0,0,0
213000112,0,0,0
213000115,37,0,37
213000116,0,0,0
213000117,0,0,0
213000118,109,158,-49
213000119,0,0,0
213000120,0,0,0
213000122,0,0,0
213000123,0,0,0
213000124,0,0,0
213000125,75,80,-5
213000126,0,0,0
213000127,0,0,0
213000128,0,0,0
213000129,183,83,100
213000130,373,74,299
213000132,236,45,191
213000133,451,83,368
213000134,378,1,377
213000136,232,2,230
213000137,445,4,441
213000139,75,0,75
213000147,6,0,6
213000148,14,0,14
213000149,1,0,1
213000150,0,0,0
213000151,0,0,0
213000152,0,0,0
213000153,0,0,0
213000154,0,0,0
213000155,0,0,0
213000156,0,0,0
213000157,0,0,0
213000158,0,0,0
213000159,415,43,372
213000163,214,112,102
213000165,350,67,283
213000171,0,0,0
213000172,0,0,0
213000173,0,0,0
213000174,0,0,0
213000175,0,0,0
213000176,246,24,222
213000177,82,8,74
213000178,302,2,300
213000179,99,0,99
213000180,152,1,151
213000184,0,0,0
213000188,84,6,78
213000189,171,1,170
213000190,165,1,164
213000191,200,0,200
213000192,89,1,88
213000193,0,0,0
213000194,0,0,0
213000195,0,0,0
213000196,0,0,0
213000197,417,48,369
213000198,8,0,8
213000200,0,0,0
213000201,0,0,0
213000202,0,0,0
213000203,638,95,543
213000204,507,35,472
213000205,203,17,186
213000206,502,16,486
213000207,6,0,6
213000208,0,0,0
213000209,8,0,8
213000210,53,0,53
213000211,0,0,0
213000212,0,0,0
213000213,0,0,0
213000218,40,149,-109
213000219,304,8,296
213000220,109,35,74
213000223,19,70,-51
213000224,1,3,-2
213000225,38,0,38
213000226,40,1,39
213000227,498,2,496
213000228,260,15,245
213000229,14,0,14
213000230,108,1,107
213000232,0,0,0
213000233,0,0,0
213000234,0,0,0
213000293,0,0,0
213000294,2,1,1
213000295,0,0,0
213000296,9,4,5
213000297,0,0,0
213000298,0,0,0
213000299,4,3,1
213000300,0,3,-3
213000303,0,0,0
213000304,0,0,0
213000305,0,17,-17
213000306,0,0,0
213000307,2,4,-2
213000308,0,0,0
213000309,69,8,61
213000310,121,12,109
213000311,0,0,0
213000315,0,0,0
213000316,50,9,41
213000322,0,0,0
213000323,0,0,0
213000324,0,0,0
213000325,0,0,0
213000326,0,0,0
213000327,0,0,0
213000328,0,0,0
213000329,0,0,0
213000340,0,0,0
213000341,198,14,184
213000346,0,14,-14
213000347,147,29,118
213000348,0,0,0
213000349,0,0,0
213000350,0,0,0
213000366,0,0,0
213000367,34,7,27
213000379,0,0,0
213000386,0,0,0
213000406,0,0,0
213000417,505,85,420
213000425,0,0,0
213000426,0,0,0
213000427,0,0,0
213000428,0,0,0
213000429,0,0,0
213000430,0,0,0
213000431,0,0,0
213000432,0,0,0
213000433,0,0,0
213000434,0,0,0
213000435,0,0,0
213000436,0,0,0
213000437,0,0,0
213000438,0,0,0
213000439,0,0,0
213000440,0,0,0
213000441,0,0,0
213000442,0,0,0
213000443,0,0,0
213000444,0,0,0
213000445,0,0,0
213000446,0,0,0
213000447,0,0,0
213000448,0,0,0
213000449,0,0,0
213000450,0,0,0
213000451,0,0,0
213000452,0,0,0
213000453,0,0,0
213000455,39,1,38
213000456,0,0,0
213000481,12,0,12
213000482,20,0,20
213000489,20,0,20
213000491,0,0,0
213000492,47,0,47
213000493,0,0,0
213000494,118,9,109
213000495,0,0,0
213000496,521,102,419
213000497,0,0,0
213000498,0,0,0
213000499,0,0,0
213000500,241,2,239
213000501,39,3,36
213000502,30,6,24
213000503,0,0,0
213000504,0,0,0
213000505,60,0,60
213000506,0,0,0
213000507,0,0,0
213900244,63,2,61
213900245,0,0,0
218000003,0,0,0
218000004,0,0,0
218000005,0,2,-2
218000006,0,0,0
218000007,0,0,0
218000012,0,0,0
218000013,13,25,-12
218000014,64,60,4
218000019,0,0,0
218000020,0,0,0
218000021,0,0,0
218000022,0,0,0
218000023,0,0,0
218000024,0,0,0
218000025,0,0,0
218000026,0,0,0
218000027,0,0,0
218000028,0,0,0
218000029,0,0,0
218000030,0,0,0
218000031,0,0,0
218000032,0,0,0
218000040,1,1,0
218000046,2,7,-5
218000047,0,7,-7
218000048,3,15,-12
218000049,7,16,-9
218000050,8,35,-27
218000051,2,77,-75
218000052,0,9,-9
218000053,0,0,0
218000054,0,36,-36
218000055,1,4,-3
218000056,5,35,-30
218000057,0,4,-4
218000064,0,0,0
218000065,70,2,68
218000066,11,7,4
218000067,0,0,0
218000068,0,0,0
218000069,0,0,0
218000070,0,0,0
218000071,0,0,0
218000072,0,0,0
218000078,0,0,0
218000079,0,0,0
218000080,0,0,0
218000081,0,0,0
218000082,0,0,0
218000083,0,0,0
218000084,0,0,0
218000085,0,0,0
218000086,0,0,0
218000087,0,0,0
218000090,0,0,0
218000091,103,35,68
218000092,0,0,0
218000093,9,0,9
218000094,0,0,0
218000099,29,43,-14
218000100,14,11,3
218000101,4,3,1
218000102,122,6,116
218000103,29,3,26
218000104,23,0,23
218000105,0,0,0
218000106,0,0,0
218000107,0,0,0
218000108,0,0,0
218000112,0,0,0
218000117,29,20,9
218000134,0,0,0
218000135,0,0,0
218000136,0,0,0
218000137,0,0,0
218000138,0,0,0
218000139,0,0,0
218000140,0,0,0
218000141,0,0,0
218000142,0,0,0
218000143,0,0,0
218000144,0,0,0
218000145,0,0,0
218000146,0,0,0
218000151,0,1,-1
218000152,39,14,25
218000153,0,0,0
218000154,0,0,0
218000155,0,0,0
218000156,0,0,0
218000157,0,0,0
218000158,0,0,0
218000159,0,0,0
218000160,0,0,0
218000161,0,0,0
218000162,0,0,0
218000163,0,0,0
218000164,0,0,0
218000165,0,0,0
218000170,0,1,-1
218000171,43,5,38
218000172,1,0,1
218000173,2,24,-22
218000174,14,8,6
218000176,136,9,127
218000177,252,29,223
218000178,102,31,71
218000179,275,27,248
218000180,8,1,7
218000181,96,2,94
218000187,0,0,0
218000188,0,0,0
218000189,0,0,0
218000190,0,0,0
218000191,0,0,0
218000192,0,0,0
218000193,0,0,0
218000194,0,0,0
218000195,0,0,0
218000196,0,0,0
218000197,0,0,0
218000198,2,0,2
218000199,0,0,0
218000200,4,1,3
218000201,0,0,0
218000202,0,0,0
218000207,0,0,0
218000208,0,0,0
218000211,0,0,0
218000212,0,0,0
218000213,7,17,-10
218000214,3,3,0
218000215,1,4,-3
218000217,0,9,-9
218000218,39,178,-139
218000219,0,36,-36
218000220,38,32,6
218000221,144,123,21
218000222,1,7,-6
218000223,27,133,-106
218000224,14,88,-74
218000225,121,15,106
218000226,75,11,64
218000230,0,0,0
218000232,0,0,0
218000239,24,0,24
218000240,0,0,0
218000241,0,0,0
218000242,0,0,0
218000243,1,0,1
218000244,0,0,0
218000245,1,0,1
218000246,0,0,0
218000247,0,0,0
218000248,0,0,0
218000249,0,0,0
218000250,0,0,0
218000251,0,0,0
218000252,0,0,0
218000253,0,0,0
218000254,0,0,0
218000255,0,0,0
218000256,0,0,0
218000267,0,0,0
218000268,0,0,0
218000269,0,0,0
218000270,0,0,0
218000271,0,0,0
218000273,68,13,55
218000274,34,1,33
218000275,0,0,0
218000276,0,0,0
218000278,0,0,0
218000279,0,0,0
218000280,0,0,0
218000281,0,0,0
218000282,32,5,27
218000284,90,48,42
218000301,0,0,0
218000302,0,0,0
218000303,0,0,0
218000316,9,27,-18
218000317,0,0,0
218000318,0,0,0
218000319,0,0,0
218000320,0,0,0
218000338,0,0,0
218000345,0,0,0
218000346,27,20,7
218000459,19,25,-6
218000490,0,0,0
218000501,8,0,8
218000502,0,0,0
218000503,1,0,1
218000504,21,0,21
218000505,0,0,0
218000506,0,0,0
218000508,0,0,0
218000510,35,1,34
218000520,0,0,0
218000521,0,0,0
218000522,0,0,0
218000523,21,2,19
218000524,0,0,0
218000525,30,0,30
218000526,0,0,0
218000529,0,0,0
218000530,0,0,0
218000531,27,0,27
218000532,0,0,0
218000534,9,1,8
218000537,5,12,-7
218000538,0,0,0
218000540,0,0,0
218000543,0,0,0
218000544,0,0,0
218000545,0,0,0
218000546,0,0,0
218000547,0,0,0
218000548,0,0,0
218000549,132,1,131
218000550,0,0,0
218000551,0,0,0
218000552,62,1,61
218000553,0,0,0
218000554,0,0,0
218000555,2,3,-1
218000556,0,0,0
218000557,36,30,6
218000558,33,0,33
218000559,0,0,0
218000560,0,0,0
218000561,1,0,1
218000562,0,0,0
218000563,97,0,97
218000564,0,0,0
218000565,14,0,14
218000566,5,0,5
218000567,0,0,0
218000568,0,0,0
218000569,0,0,0
218000570,0,0,0
218000571,0,0,0
218000572,0,0,0
218000573,0,0,0
218000574,3,1,2
218000575,57,0,57
218000576,0,0,0
218000577,25,1,24
218000578,0,0,0
218000579,0,0,0
218000581,0,0,0
218000582,0,0,0
218000583,0,0,0
218000584,0,0,0
218000585,0,0,0
218000586,0,0,0
218000587,0,0,0
218000588,0,0,0
218000589,0,0,0
218000590,0,0,0
218000591,0,0,0
218000592,0,0,0
218000593,0,0,0
218000594,0,0,0
218000597,0,0,0
218000598,0,0,0
218000599,0,0,0
218000600,0,0,0
218000601,0,0,0
218000602,0,0,0
218000603,0,0,0
218000604,3,0,3
218000605,0,0,0
218000606,1,0,1
218000607,0,0,0
218000608,0,0,0
218000609,0,0,0
218000610,0,0,0
218000611,0,0,0
218000612,0,0,0
218000613,0,0,0
218000614,0,0,0
218000615,0,0,0
218000616,0,0,0
218000617,0,0,0
218000618,0,0,0
218000619,0,2,-2
218000620,0,0,0
218000621,0,5,-5
218000622,0,1,-1
218000623,0,0,0
218000624,0,2,-2
218000625,0,0,0
218000626,0,1,-1
218000628,11,22,-11
218000631,0,2,-2
218000632,0,0,0
218000633,0,0,0
218000634,0,0,0
218000635,0,2,-2
218000636,0,0,0
218000637,0,0,0
218000638,147,33,114
218000639,0,0,0
218000640,86,15,71
218000641,0,0,0
218000652,34,6,28
218000653,223,20,203
218000663,0,0,0
218000675,9,1,8
218000676,0,0,0
218000677,0,0,0
218000680,0,0,0
218000681,64,1,63
218000691,0,0,0
218000693,106,6,100
218000703,0,0,0
218000718,0,0,0
218000719,3,19,-16
218000720,0,0,0
218000721,1,0,1
218000725,0,0,0
218001147,0,0,0
218001214,0,0,0
218001258,68,0,68
218001329,24,11,13
218001330,0,0,0
218001351,1,2,-1
218001352,0,0,0
218001353,1,0,1
218001354,0,0,0
218001355,0,0,0
218001356,49,10,39
218001357,0,0,0
218001358,16,0,16
218001361,112,3,109
218001362,0,0,0
219000001,0,0,0
219000002,0,0,0
219000003,41,4,37
219000004,12,50,-38
219000017,0,0,0
219000020,63,0,63
219000022,72,1,71
219000023,64,0,64
219000029,0,0,0
219000034,6,24,-18
219000039,0,0,0
219000040,0,0,0
219000041,0,0,0
219000051,0,0,0
219000052,0,0,0
219000053,0,0,0
219000054,0,0,0
219000055,0,0,0
219000056,0,0,0
219000057,0,0,0
219000062,0,0,0
219000063,0,0,0
219000064,0,0,0
219000110,56,13,43
219000111,26,20,6
219000112,65,1,64
219000113,77,0,77
219000114,67,0,67
219000116,0,1,-1
219000117,0,1,-1
219000118,8,4,4
219000123,52,0,52
219000124,2,0,2
219000125,0,0,0
219000126,0,0,0
219000127,0,0,0
219000128,0,0,0
219000129,0,0,0
219000130,0,0,0
219000131,195,93,102
219000133,0,1,-1
219000134,6,11,-5
219000135,25,14,11
219000136,28,26,2
219000138,2,0,2
219000139,0,0,0
219000140,1,0,1
219000141,0,0,0
219000142,0,0,0
219000143,0,0,0
219000145,10,1,9
219000146,0,0,0
219000147,0,0,0
219000148,0,0,0
219000149,0,0,0
219000150,0,0,0
219000151,0,0,0
219000157,8,3,5
219000158,0,0,0
219000161,0,0,0
219000163,11,13,-2
219000166,4,24,-20
219000167,0,0,0
219000168,50,13,37
219000174,33,4,29
219000175,0,0,0
219000176,0,0,0
219000177,0,0,0
219000178,0,0,0
219000179,0,0,0
219000180,0,0,0
219000182,25,0,25
219000183,15,0,15
219000184,17,0,17
219000185,0,0,0
219000186,13,0,13
219000187,4,0,4
219000189,0,0,0
219000190,0,0,0
219000191,0,0,0
219000192,11,4,7
219000193,0,0,0
219000195,0,0,0
219000196,0,0,0
219000198,0,0,0
219000199,0,0,0
219000200,0,0,0
219000201,0,0,0
219000203,0,0,0
219000204,0,0,0
219000205,0,0,0
219000207,0,0,0
219000209,0,0,0
219000210,0,0,0
219000213,0,0,0
219000239,0,0,0
219000240,0,0,0
219000241,0,0,0
219000242,0,0,0
219000243,0,0,0
219000244,0,0,0
219000245,0,0,0
219000246,7,6,1
219000247,45,3,42
219000248,93,44,49
219000249,35,9,26
219000250,17,18,-1
219000251,66,70,-4
219000252,83,99,-16
219000253,98,4,94
219000255,2,8,-6
219000256,15,9,6
219000257,48,0,48
219000262,0,0,0
219000263,0,0,0
219000267,0,0,0
219000268,0,0,0
219000269,0,0,0
219000270,0,0,0
219000271,0,0,0
219000278,0,0,0
219000279,0,0,0
219000283,0,0,0
219000295,0,0,0
219000296,0,0,0
219000297,0,0,0
219000298,0,0,0
219000299,127,0,127
219000300,0,0,0
219000301,0,0,0
219000302,0,0,0
219000307,0,0,0
219000308,0,0,0
219000311,64,14,50
219000312,100,10,90
219000313,62,3,59
219000314,0,0,0
219000315,165,0,165
219000316,140,1,139
219000317,17,2,15
219000320,0,0,0
219000321,0,0,0
219000323,0,0,0
219000325,0,0,0
219000326,0,0,0
219000327,0,0,0
219000328,0,0,0
219000329,0,0,0
219000330,0,0,0
219000331,0,0,0
219000332,12,3,9
219000333,0,0,0
219000335,0,0,0
219000337,3,0,3
219000338,3,0,3
219000344,0,0,0
219000345,0,0,0
219000346,0,0,0
219000348,0,0,0
219000349,0,0,0
219000350,0,0,0
219000351,0,0,0
219000352,5,9,-4
219000353,1,12,-11
219000354,23,5,18
219000355,13,9,4
219000356,24,18,6
219000363,65,0,65
219000364,43,2,41
219000365,24,0,24
219000366,62,1,61
219000368,31,30,1
219000370,47,37,10
219000371,0,0,0
219000382,0,0,0
219000383,0,0,0
219000385,0,0,0
219000386,0,0,0
219000387,0,0,0
219000390,0,0,0
219000391,0,0,0
219000397,0,0,0
219000398,0,0,0
219000401,0,0,0
219000402,0,0,0
219000403,0,0,0
219000404,0,0,0
219000407,0,0,0
219000409,6,13,-7
219000410,46,1,45
219000411,22,1,21
219000446,0,0,0
219000447,0,0,0
219000448,13,0,13
219000452,0,0,0
219000453,0,0,0
219000454,16,27,-11
219000556,16,6,10
219000558,0,0,0
219000590,0,0,0
219000591,21,2,19
219000592,0,0,0
219000595,0,0,0
219000635,34,0,34
219000636,0,0,0
219000657,0,0,0
219000658,0,0,0
219000673,0,0,0
219000676,2,0,2
219000679,1,0,1
219000684,0,0,0
219000685,0,0,0
219000686,0,0,0
219000688,0,0,0
219000689,0,0,0
219000690,294,6,288
219000691,0,0,0
219000692,62,0,62
219000693,0,0,0
219000694,0,0,0
219000695,0,0,0
219000698,18,0,18
219000699,0,0,0
219000727,0,0,0
219000728,0,0,0
219000770,2,0,2
219000771,0,0,0
219000788,0,0,0
219001150,0,0,0
219001151,0,0,0
219001166,26,1,25
219001167,0,0,0
219001178,80,0,80
220000001,0,2,-2
220000002,0,0,0
220000003,0,0,0
220000004,0,0,0
220000005,0,0,0
220000006,0,0,0
220000007,0,0,0
220000008,0,0,0
220000009,0,0,0
220000010,0,0,0
220000011,6,0,6
220000012,1,0,1
220000014,0,0,0
220000015,0,0,0
220000017,0,0,0
220000018,0,0,0
220000019,0,0,0
220000020,16,2,14
220000021,0,0,0
220000022,0,0,0
220000023,0,0,0
220000024,0,1,-1
220000025,2,4,-2
220000026,2,9,-7
220000027,0,4,-4
220000028,0,6,-6
220000029,0,0,0
220000030,0,0,0
220000031,17,11,6
220000064,0,0,0
221000046,2,0,2
221000047,0,0,0
221000048,0,0,0
221000049,0,0,0
221000050,42,0,42
221000055,31,0,31
221000057,105,1,104
221000068,276,38,238
221000069,179,14,165
221000070,121,8,113
221000071,96,2,94
221000072,171,2,169
221000073,132,5,127
221000074,0,0,0
221000075,0,0,0
221000076,0,0,0
221000077,0,0,0
221000081,7,0,7
221000082,23,0,23
221000083,22,19,3
221000084,3,0,3
221000085,2,0,2
221000086,0,0,0
221000087,0,0,0
221000088,0,0,0
221000089,0,0,0
221000090,0,0,0
221000098,61,2,59
221000099,82,1,81
221000100,95,3,92
221000101,115,23,92
221000102,69,0,69
221000109,0,0,0
221000110,0,0,0
221000111,0,0,0
221000112,0,0,0
221000113,0,0,0
221000114,0,0,0
221000120,0,0,0
221000121,0,25,-25
221000122,3,2,1
221000123,0,0,0
221000124,0,0,0
221000155,24,6,18
221000156,3,0,3
221000175,0,0,0
221000176,0,0,0
221000182,10,0,10
221000241,644,34,610
221000242,0,0,0
221000243,266,11,255
221000244,0,0,0
221000245,117,14,103
221000246,0,0,0
221000247,173,25,148
221000248,0,0,0
221000267,0,0,0
221000325,0,0,0
221000331,0,0,0
221000338,0,3,-3
221000378,74,8,66
221000381,0,0,0
222000282,1,0,1
222000296,0,0,0
222000568,83,0,83
222000569,78,6,72
222000570,43,0,43
222000571,231,14,217
222000577,0,0,0
222000578,0,0,0
222000579,0,0,0
222000580,0,0,0
222000599,0,0,0
222000600,0,0,0
222000601,0,0,0
222000603,0,0,0
222000604,0,0,0
222000605,0,0,0
222000606,0,0,0
222000607,0,0,0
222000608,0,0,0
222000609,0,0,0
222000616,46,1,45
222000617,0,1,-1
222000618,0,0,0
222000620,0,0,0
222000621,21,2,19
222000623,183,1,182
222000624,168,1,167
222000625,185,0,185
222000636,1,0,1
222000686,0,0,0
222000687,1,1,0
222001066,172,2,170
222001067,30,0,30
222001068,56,0,56
222001069,3,0,3
222001082,0,0,0
222001083,0,0,0
222001084,0,0,0
222001085,0,0,0
222001111,0,0,0
222001112,46,15,31
222001313,0,0,0
222001314,0,0,0
222001464,21,1,20
222001465,0,0,0
222001484,9,0,9
222001485,0,0,0
222001494,70,1,69
222001495,0,0,0
222001496,59,2,57
222001497,0,0,0
222001502,0,0,0
222001503,27,6,21
222001504,0,0,0
222001505,94,0,94
222001506,0,0,0
222001507,118,0,118
222001510,153,3,150
222001511,0,0,0
222001514,249,24,225
222001515,0,0,0
222001518,37,16,21
222001519,0,0,0
222001527,20,2,18
222001528,0,0,0
222001529,106,0,106
222001530,0,0,0
222001533,0,0,0
222001534,276,1,275
222001535,8,18,-10
222001536,0,0,0
222001537,4,1,3
222001538,0,0,0
222001563,308,5,303
222001564,0,0,0
222001568,0,2,-2
222001576,0,0,0
222001579,0,0,0
222001583,0,0,0
222001584,5,1,4
222001596,0,0,0
222001597,166,16,150
222001626,0,0,0
222001650,0,10,-10
222001651,1,0,1
222001914,27,0,27
222001915,0,0,0
222001968,61,7,54
222001969,0,0,0
222001970,0,0,0
222001971,0,0,0
222001972,0,0,0
225000001,107,23,84
225000002,149,24,125
225000003,77,3,74
225000004,69,24,45
225000005,40,22,18
225000006,0,0,0
225000007,0,0,0
225000010,8,0,8
225000011,79,202,-123
225000012,64,161,-97
225000013,91,17,74
225000014,96,20,76
225000015,0,0,0
225000021,194,36,158
225000027,0,0,0
225000032,226,69,157
225000042,0,0,0
225000049,0,0,0
225000050,22,0,22
225000053,0,0,0
225000058,202,41,161
225000067,0,0,0
225000068,0,0,0
225000069,0,0,0
225000070,0,0,0
225000071,0,0,0
225000075,0,0,0
225000076,0,0,0
225000078,1,25,-24
225000085,0,1,-1
225000086,32,2,30
225000087,60,0,60
225000088,0,0,0
225000089,0,0,0
225000090,0,0,0
225000091,0,0,0
225000092,0,0,0
225000093,0,0,0
225000094,0,0,0
225000095,0,0,0
225000096,0,0,0
225000098,202,55,147
225000099,190,10,180
225000100,26,37,-11
225000104,0,0,0
225000110,0,0,0
225000111,0,0,0
225000112,0,0,0
225000113,0,0,0
225000114,0,0,0
225000115,0,0,0
225000116,126,49,77
225000117,240,231,9
225000118,294,84,210
225000119,40,6,34
225000120,148,2,146
225000121,101,1,100
225000123,767,10,757
225000125,171,17,154
225000126,198,81,117
225000127,387,94,293
225000128,208,119,89
225000132,0,0,0
225000133,0,0,0
225000134,115,61,54
225000135,20,0,20
225000136,11,0,11
225000137,6,0,6
225000138,152,2,150
225000143,0,0,0
225000144,0,0,0
225000145,51,8,43
225000146,0,0,0
225000147,0,0,0
225000148,0,0,0
225000149,0,0,0
225000151,0,0,0
225000155,0,0,0
225000156,0,0,0
225000157,0,0,0
225000158,0,0,0
225000171,0,0,0
225000180,7,0,7
225000181,0,0,0
225000182,29,1,28
225000185,0,0,0
225000187,0,0,0
225000191,7,0,7
225000194,0,0,0
225000208,0,0,0
225000209,77,23,54
225000210,0,0,0
225000217,0,0,0
225000218,44,0,44
225000223,0,0,0
225000224,2,0,2
225000225,0,0,0
225000226,447,15,432
225000227,0,0,0
225000228,1,3,-2
225000229,0,0,0
225000230,0,0,0
225000231,0,0,0
225000232,59,0,59
225000241,101,0,101
225000242,0,0,0
225000249,32,0,32
225000250,0,0,0
225000251,0,0,0
226000042,0,0,0
226000043,0,0,0
226000044,0,0,0
226000045,0,0,0
226000046,112,9,103
226000047,54,6,48
226000048,90,4,86
226000049,64,82,-18
226000070,0,0,0
226000071,0,0,0
226000072,0,0,0
226000073,0,0,0
226000074,0,0,0
226000084,0,0,0
226000085,0,0,0
226000086,0,0,0
226000087,0,0,0
226000088,0,0,0
226000090,1,14,-13
226000091,0,0,0
226000092,0,0,0
226000093,0,0,0
226000094,0,7,-7
226000095,1,60,-59
226000105,0,0,0
226000106,1,0,1
226000107,1,0,1
226000108,0,0,0
226000109,12,0,12
226000124,27,9,18
226000134,59,44,15
226000135,122,26,96
226000136,25,23,2
226000137,0,0,0
226000138,0,0,0
226000139,0,0,0
226000156,84,2,82
226000157,118,0,118
226000163,0,0,0
226000202,0,0,0
226000231,216,1,215
226000232,1,1,0
227000033,77,9,68
227000036,100,2,98
227000037,87,0,87
227000038,21,0,21
227000049,0,0,0
227000050,0,0,0
227000055,0,0,0
227000056,0,0,0
227000084,0,0,0
227000085,0,0,0
227000088,7,0,7
227000089,0,0,0
227000090,0,0,0
227000091,10,0,10
227000093,2,0,2
227000094,0,0,0
227000130,0,0,0
227000131,0,0,0
227000132,0,0,0
227000133,0,0,0
227000134,0,0,0
227000152,0,0,0
227000153,0,0,0
227000155,0,0,0
227000156,0,0,0
227000165,0,0,0
227000196,35,3,32
227000199,108,4,104
227000230,0,0,0
227000232,42,7,35
227000242,0,0,0
227000243,130,14,116
227000245,0,0,0
227000246,0,0,0
227000247,184,5,179
227000248,3,5,-2
227000249,0,0,0
227000250,8,13,-5
227000251,0,0,0
227000252,0,0,0
227000253,77,3,74
227000262,244,3,241
227000266,159,0,159
227000267,0,0,0
227000282,0,0,0
227000284,147,6,141
227000286,0,0,0
227000287,0,0,0
227000291,0,0,0
227000484,133,4,129
227000485,0,0,0
227000655,27,0,27
227000656,85,2,83
227000657,5,2,3
227000661,55,2,53
227000680,0,0,0
229000265,23,0,23
229000296,0,0,0
229000297,0,0,0
229000298,0,0,0
229000320,0,0,0
229000321,0,0,0
229000412,0,0,0
229000414,0,0,0
229000415,0,0,0
229000416,0,0,0
229000417,0,0,0
229000419,2,4,-2
229000440,73,3,70
229000442,0,0,0
229000443,0,0,0
229000444,0,0,0
229000445,2,0,2
229000446,21,2,19
229000491,0,0,0
229000492,0,0,0
229000493,0,0,0
229000494,0,0,0
229000495,0,0,0
229000496,0,0,0
229000507,0,0,0
229000508,0,0,0
229000509,0,0,0
229000510,0,0,0
229000511,0,0,0
229000512,0,0,0
229000513,0,0,0
229000514,0,0,0
229000517,0,0,0
229000518,0,0,0
229000519,0,0,0
229000520,0,0,0
229000521,0,0,0
229000522,0,0,0
229000523,0,0,0
229000524,0,0,0
229000527,0,0,0
229000528,0,0,0
229000529,0,0,0
229000530,0,0,0
229000531,0,0,0
229000532,0,1,-1
229000533,4,0,4
229000534,5,3,2
229000564,27,1,26
229000565,9,1,8
229000566,0,0,0
229000567,0,0,0
229000582,9,3,6
229000583,4,2,2
229000584,0,0,0
229000585,0,0,0
229000718,0,0,0
229000719,0,0,0
229000720,0,0,0
229000721,0,0,0
229000722,0,0,0
229000723,0,0,0
229000724,0,0,0
229000725,0,0,0
229000738,0,0,0
229000739,1,0,1
229000740,1,0,1
229000741,12,0,12
229000742,14,0,14
229000743,3,0,3
229000744,0,0,0
229000745,0,0,0
229000746,30,0,30
229000847,0,0,0
229000848,0,0,0
229000849,0,0,0
229000851,0,0,0
229000854,0,0,0
229000856,0,0,0
229000857,0,0,0
229000858,0,0,0
229000919,0,0,0
229000930,0,0,0
229000937,86,1,85
229000966,22,3,19
229000981,0,0,0
229000985,0,0,0
229000986,0,0,0
229000987,0,0,0
229000988,0,0,0
229000989,0,0,0
229000990,0,0,0
229000991,0,0,0
229000992,1,0,1
229000993,8,0,8
229000998,0,0,0
229000999,2,0,2
229001034,0,0,0
229001035,0,0,0
229001037,9,0,9
229001042,4,0,4
229001047,0,0,0
229001050,24,0,24
229001168,0,0,0
229001200,0,0,0
229001338,0,0,0
229001394,176,1,175
229001422,45,5,40
229001423,0,0,0
229001431,39,5,34
229001432,0,0,0
229001444,47,1,46
229001445,0,7,-7
229001479,0,0,0
229001503,105,12,93
229001504,0,0,0
229001505,105,5,100
229001506,0,0,0
229001509,1,0,1
229001545,34,0,34
229001546,0,0,0
229001553,18,1,17
229001554,0,0,0
229001559,0,0,0
229001560,0,0,0
229001630,9,1,8
229001631,0,0,0
229001635,0,0,0
229001636,0,0,0
229001658,0,0,0
229001659,20,0,20
229001660,0,0,0
229001661,0,0,0
229001662,19,0,19
229001663,0,1,-1
229002584,6,5,1
229002831,0,3,-3
229002841,0,0,0
229002842,0,1,-1
229002843,0,0,0
229002844,0,2,-2
229002845,0,0,0
229002846,0,0,0
229002847,0,0,0
229002848,3,0,3
229002849,0,1,-1
229002850,21,1,20
229002851,2,2,0
229002852,5,1,4
229002853,13,1,12
229002854,0,0,0
229002855,0,0,0
229002856,0,1,-1
229002857,0,1,-1
229002858,0,0,0
229002859,0,0,0
229002860,1,0,1
229002861,0,1,-1
229002862,0,0,0
229002863,0,0,0
229002864,3,0,3
229002865,0,0,0
229002866,0,5,-5
229002867,0,0,0
229002868,26,1,25
229002869,0,2,-2
229002870,2,0,2
235000066,190,2,188
235000067,143,10,133
235000072,0,0,0
235000073,0,0,0
235000074,0,0,0
235000080,0,0,0
235000081,0,0,0
235000082,144,1,143
235000083,104,4,100
235000084,16,0,16
235000085,180,3,177
235000089,30,0,30
235000092,0,0,0
235000093,0,0,0
235000097,1,1,0
235000098,77,0,77
235000099,2,4,-2
235000116,9,0,9
235000117,59,1,58
235000133,0,0,0
235000134,0,0,0
235000206,0,1,-1
235000207,0,0,0
235000208,1,0,1
235000209,1,0,1
235000210,1,0,1
235000212,0,0,0
235000213,0,0,0
235000220,0,0,0
235000221,0,0,0
235000238,1,205,-204
235000239,0,8,-8
235000242,27,418,-391
235000245,0,0,0
235000246,0,0,0
235000284,0,0,0
235000295,11,0,11
235000305,57,30,27
235000306,61,0,61
235000307,45,0,45
235000308,0,0,0
235000309,0,0,0
235000310,2,0,2
235000311,9,0,9
235000322,0,0,0
235000323,0,0,0
235000324,0,0,0
235000325,0,0,0
235000326,0,0,0
235000351,0,0,0
235000352,0,0,0
235000353,0,0,0
235000354,0,0,0
235000355,0,0,0
235000356,10,0,10
235000357,10,0,10
235000358,2,8,-6
235000359,0,2,-2
235000360,1,0,1
235000361,3,0,3
235000381,0,0,0
235000382,84,2,82
235000390,1,0,1
235000391,83,2,81
235000392,176,17,159
235000393,79,11,68
235000395,71,3,68
235000396,231,24,207
235000400,13,2,11
235000401,0,0,0
235000405,0,0,0
235000406,0,0,0
235000407,0,0,0
235000409,0,0,0
235000410,0,0,0
235000411,0,0,0
235000485,0,0,0
235000486,48,0,48
235000549,34,7,27
235000550,0,0,0
235000599,0,0,0
235000600,0,0,0
235000601,8,2,6
235000602,40,5,35
235000614,0,0,0
235000648,0,0,0
235000649,27,0,27
235000685,0,0,0
235000815,0,0,0
235000834,0,0,0
235000855,63,5,58
235000862,0,0,0
235000891,0,0,0
235000892,1,0,1
235000901,0,0,0
235000907,0,0,0
235001010,20,1,19
235001029,0,0,0
235001030,294,7,287
235001078,68,8,60
235001079,0,0,0
235001147,0,6,-6
235001166,2,3,-1
235001167,0,0,0
235001169,0,0,0
235001188,0,0,0
235001189,4,0,4
235001197,0,0,0
235001200,0,0,0
235001207,77,1,76
235001210,0,0,0
235001215,0,0,0
235001239,0,0,0
235001244,0,0,0
235016267,0,0,0
277101746,0,0,0
277102712,0,0,0
277103813,0,0,0
277103814,0,0,0
277103898,0,0,0
277104249,0,0,0
277104250,0,0,0
277104251,0,0,0
277104252,0,0,0
990011530,0,0,0
990014944,0,0,0
990015176,8,0,8
990015618,0,0,0
990016032,0,0,0
990032570,0,2,-2
990070001,33,2,31
990070103,0,0,0
990070601,0,0,0
990070751,0,0,0
990070766,0,0,0
990071180,352,2,350
990071343,10,0,10
990071387,0,0,0
990071823,36,0,36
990072600,0,0,0
990072964,0,0,0
990073285,0,0,0
990074393,0,0,0
990074870,325,2,323
990075106,179,0,179
990075746,181,2,179
990076437,1257,19,1238
990076458,0,0,0
997000007,117,0,117
997000041,0,0,0
997000058,76,0,76
997000062,12,0,12
997000069,0,0,0
997000070,0,0,0
997000100,0,0,0
997000141,0,0,0
997000198,0,0,0
998000475,0,0,0
998000736,0,0,0
998000965,0,0,0
998001031,0,0,0
998001700,0,0,0
998001899,0,0,0
998001900,13,123,-110
998003073,354,24,330
998101900,0,23,-23
998102850,0,0,0
998501927,183,1,182
998501929,415,7,408
998501930,24,0,24
998501931,178,0,178
998501932,0,0,0
998501933,378,1,377
998501937,17,1,16
998501944,0,0,0
998501950,0,0,0
998501970,68,18,50
998501971,0,115,-115
998501973,0,0,0
998501974,0,0,0
998501975,40,1,39
998501976,19,0,19
998501977,0,2,-2
998501978,3,0,3
998501979,0,0,0
998501980,91,0,91
998501981,140,0,140
998501982,0,0,0
998501983,0,0,0
998502024,0,0,0
998502032,0,3,-3
998502062,10,0,10
998502063,0,0,0
998502173,4,0,4
998502269,0,0,0
998502546,0,0,0
998502578,0,0,0
998502599,0,0,0
998601159,0,0,0
998601292,0,0,0
999033574,0,0,0
999800001,7,0,7
999800002,0,0,0
999800003,3,0,3
999800004,0,0,0
999800005,0,0,0
