ID,insum,outsum,diff
100000001,453,665,-212
100000002,4952,1622,3330
100000003,5742,3346,2396
100000004,1463,1013,450
100000005,2626,4432,-1806
100000006,1283,166,1117
100000007,3413,877,2536
100000008,447,561,-114
100000009,937,292,645
100000010,280,68,212
100000011,2117,144,1973
100000012,265,986,-721
100000013,865,263,602
100000014,843,317,526
100000015,2204,3316,-1112
100000016,1284,1544,-260
100000017,1431,915,516
100000018,2117,730,1387
100000019,5289,2356,2933
100000020,2301,8242,-5941
100000021,5354,2632,2722
100000022,2189,2158,31
100000023,5694,1626,4068
100000025,2013,926,1087
100000028,1725,900,825
100000029,258,214,44
100000030,350,43,307
100000031,5706,8227,-2521
100000032,3179,3702,-523
100000033,1251,2725,-1474
100000034,538,449,89
100000035,2576,1342,1234
100000036,3084,1454,1630
100000037,762,490,272
100000038,2425,1107,1318
100000039,1007,240,767
100000040,275,178,97
100000041,1135,456,679
100000042,2314,598,1716
100000043,1815,480,1335
100000044,633,931,-298
100000045,955,1400,-445
100000046,780,1234,-454
100000047,468,751,-283
100000048,972,706,266
100000049,2099,2432,-333
100000051,613,1218,-605
100000053,389,16,373
100000054,1036,52,984
100000055,2332,364,1968
100000056,823,550,273
100000057,2147,755,1392
100000058,1283,1307,-24
100000059,18,137,-119
100000060,481,344,137
100000061,2413,539,1874
100000062,2501,658,1843
100000063,729,250,479
100000064,1826,489,1337
100000065,519,1051,-532
100000066,226,828,-602
100000067,538,861,-323
100000068,622,1998,-1376
100000069,474,1717,-1243
100000072,472,1146,-674
100000073,1349,1249,100
100000075,844,406,438
100000076,3122,3016,106
100000077,360,185,175
100000078,40,38,2
100000079,46,70,-24
100000080,47,59,-12
100000081,159,219,-60
100000102,2987,1889,1098
100000103,4885,1573,3312
100000104,6156,2881,3275
100000105,3231,1552,1679
100000106,2392,2426,-34
100000107,686,970,-284
100000108,793,1034,-241
100000109,3504,1349,2155
100000116,1615,911,704
100000117,79,124,-45
100000118,2038,1061,977
100000119,692,799,-107
100000121,328,498,-170
100000122,816,1038,-222
100000123,3399,4481,-1082
100000124,7058,6888,170
100000125,3175,1219,1956
100000126,970,392,578
100000127,1905,392,1513
100000128,2359,1800,559
100000129,516,597,-81
100000130,468,620,-152
100000131,2607,3210,-603
100000132,1611,2666,-1055
100000133,6305,2826,3479
100000135,637,1098,-461
100000139,605,353,252
100000140,491,254,237
100000142,471,879,-408
100000143,1976,744,1232
100000144,4166,1114,3052
100000147,1150,2524,-1374
100000150,42,489,-447
100000151,1060,958,102
100000153,260,385,-125
100000154,123,146,-23
100000155,32,62,-30
100000156,470,333,137
100000157,135,85,50
100000158,297,108,189
100000159,320,521,-201
100000165,1960,807,1153
100000169,515,586,-71
100000174,1271,530,741
100000179,136,581,-445
100000180,3876,1655,2221
100000181,849,297,552
100000188,100,293,-193
100000189,1354,429,925
100000190,1083,708,375
100000191,712,464,248
100000192,69,132,-63
100000193,209,196,13
100000330,1611,939,672
100000355,392,666,-274
100000362,6599,3790,2809
100000363,3935,5594,-1659
100000364,371,242,129
100000365,5912,5500,412
100000366,8381,3350,5031
100000367,5907,5265,642
100000368,3381,1678,1703
100000369,1517,1895,-378
100000370,335,873,-538
100000376,189,108,81
100000379,2902,1364,1538
100000380,5491,2985,2506
100000384,5783,4202,1581
100000385,4707,3871,836
100000386,8079,4892,3187
100000387,5693,4938,755
100000388,8129,5971,2158
100000389,7389,5631,1758
100000390,8530,5827,2703
100000391,6563,6635,-72
100000392,5033,3582,1451
100000393,3431,3952,-521
100000394,9707,7018,2689
100000395,5843,3557,2286
100000396,10146,3570,6576
100000397,6450,5071,1379
100000398,13056,8640,4416
100000413,33,22,11
100900002,20,57,-37
100900003,312,156,156
100900004,14,568,-554
100900005,134,28,106
100900006,13,127,-114
100900007,443,9,434
100900008,2,328,-326
100900009,89,170,-81
100900010,88,107,-19
100900011,109,264,-155
100900012,0,241,-241
100900013,974,13,961
100900014,3,11,-8
100900015,98,79,19
100900016,14,51,-37
100900017,1124,53,1071
100900018,0,22,-22
100900019,20,136,-116
100900020,459,15,444
100900021,217,1,216
100900022,12,50,-38
100900023,0,56,-56
100900024,970,8,962
100900025,14,12,2
100900026,110,133,-23
100900027,643,2606,-1963
100900028,164,207,-43
100900029,132,16,116
100900030,2,30,-28
100900031,718,57,661
100900032,126,0,126
100900033,158,143,15
100900034,557,4,553
100900035,864,3,861
100900036,10,0,10
100900037,70,189,-119
100900038,116,34,82
100900039,371,850,-479
100900040,1429,721,708
100900041,600,702,-102
100900042,1377,410,967
100900043,0,10,-10
100900044,2353,792,1561
100900045,73,1,72
100900046,441,5,436
100900047,854,286,568
100900048,197,40,157
100900049,147,195,-48
100900050,5,24,-19
100900051,50,80,-30
100900052,455,70,385
100900053,308,50,258
100900054,17,100,-83
100900055,235,642,-407
100900056,242,309,-67
100900057,489,1270,-781
100900058,238,46,192
100900059,174,3,171
100900060,126,13,113
100900061,418,267,151
100900062,12,39,-27
100900063,202,586,-384
100900064,304,6,298
100900065,80,98,-18
100900066,115,166,-51
100900067,6,8,-2
100900068,155,75,80
100900069,819,10,809
100900070,339,7,332
100900071,849,273,576
100900072,4,57,-53
100900073,199,500,-301
100900074,1,28,-27
100900075,1535,360,1175
100900076,21,36,-15
100900077,26,111,-85
100900078,87,341,-254
100900079,5,32,-27
100900080,32,206,-174
100900081,51,150,-99
100900082,140,729,-589
100900083,10,47,-37
100900085,8,92,-84
100900086,188,851,-663
100900088,98,586,-488
100900089,5,43,-38
100900090,174,486,-312
100900091,0,28,-28
100900092,347,236,111
100900093,242,388,-146
100900094,89,502,-413
100900095,1,38,-37
100900096,56,85,-29
100900097,2,20,-18
100900098,67,38,29
100900099,44,505,-461
100900100,15,461,-446
100900101,321,66,255
100900102,84,77,7
100900103,32,28,4
100900104,10,129,-119
100900105,23,371,-348
100900106,71,10,61
100900107,1560,725,835
100900108,11,23,-12
100900109,18,37,-19
100900110,7,46,-39
100900111,55,128,-73
100900112,2,9,-7
100900113,32,26,6
100900114,16,36,-20
100900115,2,44,-42
100900116,817,984,-167
100900117,298,735,-437
100900118,29,53,-24
100900119,17,39,-22
100900120,3,15,-12
100900121,232,692,-460
100900122,189,248,-59
100900123,71,282,-211
100900124,24,9,15
100900125,15,74,-59
100900126,263,347,-84
100900127,9,14,-5
100900128,74,152,-78
100900129,8,96,-88
100900131,87,270,-183
100900133,105,41,64
100900134,10,11,-1
100900135,0,128,-128
100900137,327,176,151
100900138,643,536,107
100900139,4,19,-15
100900140,7,411,-404
100900141,1,387,-386
100900142,1,6,-5
100900143,1345,398,947
100900144,13,5,8
100900145,195,216,-21
100900146,1,8,-7
100900147,27,310,-283
100900148,48,740,-692
100900149,90,194,-104
100900150,0,3,-3
100900151,112,475,-363
100900152,170,10,160
100900153,12,169,-157
100900154,2,58,-56
100900155,6,33,-27
100900156,19,12,7
100900157,4,163,-159
100900159,3,29,-26
100900160,18,12,6
100900161,94,10,84
100900162,17,313,-296
100900163,216,251,-35
100900164,44,69,-25
100900165,7,41,-34
100900166,22,9,13
100900167,21,51,-30
100900168,36,156,-120
100900169,129,864,-735
100900170,50,13,37
100900171,18,550,-532
100900172,0,9,-9
100900173,10,482,-472
100900174,549,70,479
100900176,1350,167,1183
100900177,632,281,351
100900178,490,157,333
100900179,128,237,-109
100900180,5,6,-1
100900181,131,63,68
100900182,40,13,27
100900184,10,165,-155
100900186,840,469,371
100900187,11,173,-162
100900188,28,11,17
100900189,963,272,691
100900191,1356,1111,245
100900192,305,331,-26
100900195,113,132,-19
100900197,24,105,-81
100900198,18,203,-185
100900199,7,16,-9
100900200,598,385,213
100900201,59,601,-542
100900202,122,0,122
100900203,0,110,-110
100900204,511,550,-39
100900205,194,496,-302
100900206,150,80,70
100900207,256,154,102
100900210,119,517,-398
100900211,414,155,259
100900213,94,59,35
100900214,750,326,424
100900215,5,68,-63
100900217,137,112,25
101000001,4575,2925,1650
101000002,4265,4540,-275
101000003,671,1818,-1147
101000004,9210,7097,2113
101000005,4121,4706,-585
101000006,6807,7176,-369
101000007,2729,3015,-286
101000008,3708,2942,766
101000009,2732,1582,1150
101000010,1077,1226,-149
101000011,1591,602,989
101000012,2024,802,1222
101000013,803,1055,-252
101000014,594,737,-143
101000015,1081,818,263
101000016,456,399,57
101000017,657,504,153
101000018,3807,2448,1359
101000020,5122,1148,3974
101000021,889,372,517
101000022,153,62,91
101000023,1681,790,891
101000025,229,435,-206
101000026,512,19,493
101000027,1772,2012,-240
101000028,1264,232,1032
101000029,241,1587,-1346
101000030,2176,134,2042
101000031,1000,404,596
101000032,11192,3895,7297
101000033,2678,3522,-844
101000034,2960,1716,1244
101000035,891,493,398
101000036,1772,906,866
101000037,3750,1675,2075
101000039,3211,2137,1074
101000040,3350,3323,27
101000041,12398,7079,5319
101000042,649,1200,-551
101000043,9337,6376,2961
101000045,2124,932,1192
101000046,5103,1219,3884
101000047,2876,2371,505
101000048,975,708,267
101000049,1054,1848,-794
101000050,2154,1710,444
101000051,2469,2319,150
101000052,1789,849,940
101000053,1354,2276,-922
101000054,1962,1807,155
101000055,1487,1215,272
101000056,70,105,-35
101000057,2328,1096,1232
101000058,1502,1147,355
101000059,2759,2222,537
101000060,1576,559,1017
101000061,888,1473,-585
101000062,774,805,-31
101000063,768,998,-230
101000064,1545,978,567
101000065,400,382,18
101000066,1116,791,325
101000067,1377,864,513
101000068,518,380,138
101000069,462,75,387
101000070,1449,1010,439
101000071,2472,947,1525
101000072,889,3204,-2315
101000073,1085,766,319
101000074,7624,3307,4317
101000075,6503,4079,2424
101000077,1451,1080,371
101000078,1206,2244,-1038
101000079,947,451,496
101000080,1057,442,615
101000081,1623,1453,170
101000082,3555,3405,150
101000083,2550,2270,280
101000084,1478,1102,376
101000085,1696,1353,343
101000086,1219,1208,11
101000087,927,1286,-359
101000088,1082,1144,-62
101000089,930,1630,-700
101000090,2332,1545,787
101000091,482,1163,-681
101000092,821,1195,-374
101000093,1418,835,583
101000094,840,1212,-372
101000095,436,682,-246
101000096,439,578,-139
101000097,456,351,105
101000098,480,534,-54
101000099,1333,1336,-3
101000100,1024,785,239
101000101,490,348,142
101000102,809,479,330
101000103,1010,541,469
101000104,431,554,-123
101000105,1645,508,1137
101000106,1408,827,581
101000107,204,326,-122
101000108,1198,411,787
101000109,287,73,214
101000110,56,620,-564
101000111,234,321,-87
101000113,206,668,-462
101000114,10320,4124,6196
101000115,259,291,-32
101000116,382,308,74
101000117,1352,517,835
101000119,87,55,32
101000120,123,36,87
101000121,71,31,40
101000122,147,71,76
101000123,93,105,-12
101000124,726,166,560
101000125,367,475,-108
101000128,709,344,365
101000130,281,322,-41
101000131,765,674,91
101000132,587,1202,-615
101000135,124,40,84
101000136,608,128,480
101000137,47,351,-304
101000141,1555,2579,-1024
101000147,1044,593,451
101000148,1882,27,1855
101000149,553,434,119
101000150,126,897,-771
101000151,233,83,150
101000152,391,430,-39
101000153,1016,414,602
101000154,244,1210,-966
101000155,191,156,35
101000156,34,293,-259
101000157,47,24,23
101000160,141,80,61
101000163,301,255,46
101000164,621,374,247
101000165,253,415,-162
101000166,263,383,-120
101000168,878,424,454
101000252,1669,962,707
101000254,591,69,522
101000258,43,8,35
101000261,168,53,115
101000262,1278,1735,-457
101000263,308,829,-521
101000265,104,930,-826
101000266,439,368,71
101000269,50,13,37
101000290,1773,3692,-1919
101000293,17,156,-139
101000294,600,528,72
101000295,172,593,-421
101000301,910,432,478
101000304,2171,2761,-590
101000305,3979,1514,2465
101000328,170,348,-178
101900001,58,96,-38
101900002,0,9,-9
101900003,111,107,4
101900004,7,65,-58
101900005,4196,1752,2444
101900006,918,65,853
101900007,724,168,556
101900008,79,366,-287
101900009,36,544,-508
101900010,1102,763,339
101900011,259,1446,-1187
101900012,173,403,-230
101900013,1297,177,1120
101900017,15,182,-167
101900018,1234,215,1019
101900019,397,208,189
101900020,124,69,55
101900021,0,53,-53
101900022,144,1140,-996
101900023,166,290,-124
101900026,128,42,86
101900027,11,150,-139
102000001,3265,4320,-1055
102000002,3994,1540,2454
102000003,4024,6429,-2405
102000004,8590,3286,5304
102000005,1267,2087,-820
102000006,1366,2026,-660
102000007,1644,4466,-2822
102000008,5229,1866,3363
102000009,5994,7656,-1662
102000010,7105,3728,3377
102000011,2980,2455,525
102000012,3670,3540,130
102000018,3248,3100,148
102000019,2745,1487,1258
102000026,232,629,-397
102000029,271,220,51
102000030,124,357,-233
102000031,65,200,-135
102000032,438,390,48
102000033,300,421,-121
102000034,549,420,129
102000035,970,676,294
102000036,32,237,-205
102000037,274,76,198
102000038,214,267,-53
102000039,195,85,110
102000040,552,182,370
102000041,200,279,-79
102000042,201,203,-2
102000043,319,196,123
102000044,410,434,-24
102000045,860,1016,-156
102000046,956,596,360
102000047,877,1126,-249
102000048,393,778,-385
102000049,996,778,218
102000050,1140,1282,-142
102000051,497,613,-116
102000052,1464,854,610
102000053,888,929,-41
102000054,652,967,-315
102000055,1132,952,180
102000056,807,1409,-602
102000057,1763,674,1089
102000058,1178,1836,-658
102000059,1856,1712,144
102000060,1414,1064,350
102000061,1829,2400,-571
102000062,1771,1305,466
102000063,1398,1639,-241
102000064,743,896,-153
102000065,68,149,-81
102000066,1919,1129,790
102000067,3087,4034,-947
102000068,9181,3189,5992
102000069,90,1851,-1761
102000070,2283,69,2214
102000071,8514,10405,-1891
102000072,3494,4557,-1063
102000073,1777,1551,226
102000074,1167,1121,46
102000075,181,604,-423
102000076,254,727,-473
102000077,661,1159,-498
102000078,1649,1148,501
102000079,198,281,-83
102000080,389,337,52
102000081,522,879,-357
102000082,1068,461,607
102000083,532,387,145
102000084,281,370,-89
102000085,1712,1165,547
102000086,1106,1228,-122
102000087,990,1958,-968
102000088,356,321,35
102000089,1273,477,796
102000090,616,1354,-738
102000091,1664,587,1077
102000092,566,971,-405
102000093,936,949,-13
102000094,1059,734,325
102000095,1078,1207,-129
102000096,934,928,6
102000097,1004,789,215
102000098,666,842,-176
102000099,995,842,153
102000100,1140,1596,-456
102000101,1530,970,560
102000102,553,2018,-1465
102000103,1516,465,1051
102000104,721,321,400
102000105,259,693,-434
102000106,822,702,120
102000107,1095,710,385
102000108,921,192,729
102000109,666,619,47
102000110,1081,1444,-363
102000111,15,336,-321
102000112,367,138,229
102000113,17,34,-17
102000114,833,352,481
102000115,232,300,-68
102000116,872,388,484
102000117,418,491,-73
102000118,1742,1281,461
102000119,2194,768,1426
102000120,225,456,-231
102000121,963,527,436
102000122,496,963,-467
102000123,1439,1091,348
102000124,1239,1172,67
102000125,1112,966,146
102000126,1252,867,385
102000127,1676,824,852
102000128,804,1002,-198
102000129,1318,908,410
102000130,740,694,46
102000131,1141,673,468
102000132,440,623,-183
102000133,2045,1949,96
102000134,669,803,-134
102000135,785,822,-37
102000136,933,532,401
102000137,830,786,44
102000138,325,387,-62
102000139,204,434,-230
102000140,511,339,172
102000141,234,445,-211
102000142,705,385,320
102000143,161,482,-321
102000144,287,535,-248
102000145,435,441,-6
102000146,426,344,82
102000147,445,545,-100
102000148,216,978,-762
102000149,135,472,-337
102000150,259,154,105
102000151,94,331,-237
102000152,121,180,-59
102000153,1237,624,613
102000154,409,742,-333
102000155,142,359,-217
102000156,332,105,227
102000157,143,329,-186
102000158,603,466,137
102000159,1222,410,812
102000161,4253,2248,2005
102000162,228,182,46
102000163,103,567,-464
102000164,1181,1292,-111
102000165,533,161,372
102000166,176,228,-52
102000167,345,258,87
102000168,268,176,92
102000169,167,658,-491
102000170,627,210,417
102000171,426,222,204
102000172,417,472,-55
102000173,638,353,285
102000174,101,90,11
102000175,239,146,93
102000176,44,34,10
102000178,337,539,-202
102000179,378,305,73
102000180,969,722,247
102000181,651,683,-32
102000182,733,660,73
102000183,1899,2054,-155
102000184,2031,920,1111
102000185,2332,1690,642
102000186,1251,2058,-807
102000187,1338,1775,-437
102000188,1520,1583,-63
102000189,2334,934,1400
102000190,635,2829,-2194
102000191,1311,576,735
102000192,1315,1475,-160
102000193,77,160,-83
102000194,81,134,-53
102000195,418,465,-47
102000196,200,482,-282
102000197,643,478,165
102000198,181,838,-657
102000199,784,378,406
102000200,346,1064,-718
102000201,955,494,461
102000202,8,110,-102
102000203,404,241,163
102000204,368,771,-403
102000205,972,519,453
102000206,656,734,-78
102000207,710,466,244
102000208,449,498,-49
102000209,94,72,22
102000210,555,513,42
102000211,484,310,174
102000212,308,13,295
102000213,5,423,-418
102000214,230,12,218
102000215,7,471,-464
102000216,53,55,-2
102000217,14,136,-122
102000218,322,134,188
102000219,449,347,102
102000225,784,654,130
102000226,5626,1294,4332
102000227,127,2,125
102000228,2,127,-125
102000229,40,46,-6
102000230,295,453,-158
102000231,284,547,-263
102000232,30,162,-132
102000233,519,918,-399
102000234,105,1498,-1393
102000236,372,65,307
102000237,595,123,472
102000238,214,274,-60
102000240,789,683,106
102000241,200,182,18
102000243,37,94,-57
102000245,44,148,-104
102000246,32,29,3
102000247,1967,1359,608
102000248,1033,1302,-269
102000249,254,203,51
102000250,162,440,-278
102000254,83,335,-252
102000266,34,254,-220
102000271,23,0,23
102000286,475,445,30
102000297,1793,1093,700
102000299,0,0,0
102000301,0,0,0
102000303,0,0,0
102000305,0,0,0
102000307,0,2,-2
102900001,1516,1045,471
102900002,659,85,574
102900003,77,220,-143
102900005,227,282,-55
102900006,315,144,171
102900007,649,36,613
102900008,92,49,43
102900009,498,230,268
102900010,917,787,130
102900011,2116,322,1794
102900012,383,74,309
102900013,34,97,-63
102900015,735,564,171
102900016,77,133,-56
102900017,140,708,-568
102900018,38,159,-121
102900019,418,517,-99
102900020,129,27,102
102900021,16,127,-111
102900022,816,173,643
102900023,21,66,-45
102900024,27,70,-43
102900025,340,143,197
102900026,452,1901,-1449
102900027,65,50,15
102900028,175,709,-534
102900029,175,164,11
102900030,771,288,483
102900031,179,181,-2
102900032,71,114,-43
102900033,122,238,-116
102900034,541,121,420
102900035,151,362,-211
102900036,353,546,-193
102900037,776,582,194
102900038,802,596,206
102900039,13,542,-529
102900040,175,260,-85
102900041,62,180,-118
102900042,190,302,-112
102900043,125,325,-200
102900044,720,2377,-1657
102900045,120,744,-624
102900046,124,344,-220
102900047,113,616,-503
102900048,760,715,45
102900049,135,391,-256
102900050,355,371,-16
102900051,265,200,65
102900053,424,732,-308
102900054,751,1268,-517
102900055,71,230,-159
102900056,91,421,-330
102900057,23,59,-36
102900058,333,60,273
102900059,23,71,-48
102900060,108,495,-387
102900061,172,494,-322
102900062,211,980,-769
102900063,1078,510,568
102900064,169,484,-315
102900065,2314,766,1548
102900066,221,16,205
102900068,156,85,71
102900070,267,516,-249
102900072,99,58,41
102900073,347,7,340
102900075,53,69,-16
102900076,217,119,98
102900077,32,57,-25
102900078,46,126,-80
102900079,188,31,157
102900080,412,67,345
102900081,114,332,-218
102900082,19,268,-249
102900083,323,10,313
102900084,8,44,-36
102900085,394,157,237
102900086,14,49,-35
102900087,107,118,-11
102900088,40,28,12
102900089,253,106,147
102900090,3,436,-433
102900091,177,4,173
102900092,249,1167,-918
102900094,1,82,-81
102900095,139,1,138
102900096,79,40,39
102900097,3,101,-98
103000001,2262,2918,-656
103000002,2364,2699,-335
103000003,3282,3057,225
103000004,984,841,143
103000005,1663,2982,-1319
103000006,727,1493,-766
103000007,433,794,-361
103000008,986,800,186
103000009,898,1076,-178
103000010,295,177,118
103000011,1574,1456,118
103000012,1244,1579,-335
103000013,4562,2225,2337
103000014,1330,2463,-1133
103000015,1755,745,1010
103000016,513,1426,-913
103000017,234,478,-244
103000018,697,473,224
103000019,280,276,4
103000020,2725,1527,1198
103000021,1849,1697,152
103000022,780,1088,-308
103000023,614,1665,-1051
103000024,119,196,-77
103000025,156,596,-440
103000026,1327,164,1163
103000027,436,521,-85
103000028,513,415,98
103000029,320,269,51
103000030,1866,880,986
103000031,1470,1644,-174
103000032,2302,2123,179
103000033,2957,3153,-196
103000034,1724,1266,458
103000035,395,1443,-1048
103000036,429,574,-145
103000037,726,501,225
103000038,523,1049,-526
103000039,387,482,-95
103000040,538,1115,-577
103000041,1682,2580,-898
103000042,1100,632,468
103000043,544,1098,-554
103000044,307,192,115
103000046,242,471,-229
103000047,705,906,-201
103000048,184,204,-20
103000049,193,234,-41
103000050,673,648,25
103000051,470,609,-139
103000052,910,497,413
103000053,217,903,-686
103000054,2749,1746,1003
103000055,2160,2295,-135
103000056,590,1794,-1204
103000057,546,318,228
103000058,699,981,-282
103000059,488,985,-497
103000060,921,1022,-101
103000061,405,1101,-696
103000062,1141,729,412
103000063,764,939,-175
103000064,144,272,-128
103000065,7,436,-429
103000066,237,16,221
103000069,520,477,43
103000070,1278,1055,223
103000071,1134,528,606
103000072,128,689,-561
103000073,582,132,450
103000074,575,111,464
103000075,144,702,-558
103000076,350,268,82
103000077,80,462,-382
103000078,1402,618,784
103000079,1040,853,187
103000080,1349,402,947
103000081,624,1276,-652
103000082,644,164,480
103000083,131,333,-202
103000084,167,9,158
103000085,2,179,-177
103000086,771,352,419
103000087,149,600,-451
103000088,529,330,199
103000089,251,511,-260
103000090,2049,758,1291
103000091,609,475,134
103000092,262,334,-72
103000093,291,467,-176
103000094,260,88,172
103000095,64,416,-352
103000096,604,127,477
103000097,76,748,-672
103000098,974,167,807
103000099,390,645,-255
103000100,93,765,-672
103000101,784,120,664
103000102,92,722,-630
103000103,671,247,424
103000104,55,146,-91
103000105,114,112,2
103000106,9,108,-99
103000107,225,74,151
103000108,840,607,233
103000109,358,324,34
103000110,456,404,52
103000111,488,447,41
103000112,366,234,132
103000113,708,652,56
103000114,1186,385,801
103000115,553,494,59
103000116,470,439,31
103000117,314,496,-182
103000118,954,884,70
103000119,1462,663,799
103000120,80,123,-43
103000121,1005,1046,-41
103000122,952,829,123
103000125,20,329,-309
103000126,652,9,643
103000127,1,168,-167
103000128,164,2,162
103000129,0,112,-112
103000130,76,43,33
103000131,146,86,60
103000132,111,136,-25
103000133,22,128,-106
103000134,837,825,12
103000135,641,328,313
103000136,792,527,265
103000137,630,641,-11
103000138,889,873,16
103000139,1,59,-58
103000140,116,36,80
103000141,52,114,-62
103000142,211,75,136
103000143,114,180,-66
103000144,245,65,180
103000145,42,94,-52
103000150,210,87,123
103000152,222,251,-29
103000153,293,200,93
103000156,4,410,-406
103000157,337,4,333
103000159,101,21,80
103000162,180,55,125
103000163,34,67,-33
103000164,77,15,62
103000165,114,382,-268
103000166,218,336,-118
103000167,203,132,71
103000168,100,268,-168
103000169,210,540,-330
103000170,757,639,118
103000171,252,103,149
103000172,458,546,-88
103000173,412,702,-290
103000174,165,485,-320
103000175,240,435,-195
103000176,819,825,-6
103000177,686,508,178
103000178,298,312,-14
103000179,287,75,212
103000183,111,46,65
103000185,109,57,52
103000186,126,279,-153
103000187,438,498,-60
103000188,15,77,-62
103000189,751,952,-201
103000191,447,514,-67
103000292,1942,1580,362
103000293,1044,1827,-783
103000295,163,132,31
103000296,422,5,417
103000297,21,13,8
103000504,57,6,51
103000505,7,19,-12
103000506,3,322,-319
103000507,274,7,267
103000508,64,49,15
103000509,269,665,-396
103900001,2,109,-107
103900002,1477,220,1257
103900003,1760,468,1292
103900004,76,1,75
103900005,3,278,-275
103900006,16,32,-16
103900007,18,0,18
103900008,7,0,7
103900010,170,441,-271
103900012,18,28,-10
103900014,34,19,15
103900015,54,27,27
103900017,60,140,-80
103900018,835,262,573
103900019,61,316,-255
103900020,223,488,-265
103900021,631,299,332
103900022,1201,826,375
103900023,178,1,177
103900024,120,294,-174
103900025,13,38,-25
103900026,417,2,415
103900027,745,311,434
103900028,160,448,-288
103900029,1124,180,944
103900030,259,61,198
103900031,34,18,16
103900032,70,79,-9
103900033,117,19,98
103900034,32,207,-175
103900035,79,57,22
103900036,38,23,15
103900037,127,51,76
103900038,110,219,-109
103900039,84,463,-379
103900040,11,134,-123
103900041,58,72,-14
103900042,65,445,-380
103900043,149,116,33
103900044,93,254,-161
103900045,362,267,95
103900047,75,39,36
103900048,231,32,199
103900049,273,1268,-995
103900050,7,84,-77
103900051,0,42,-42
103900053,241,753,-512
103900054,92,427,-335
103900055,163,68,95
103900056,122,76,46
103900057,35,229,-194
103900058,275,738,-463
103900059,3,51,-48
103900060,66,226,-160
103900061,128,72,56
103900062,279,96,183
103900063,58,1,57
103900064,134,7,127
103900065,699,266,433
103900066,144,23,121
103900067,151,18,133
103900068,33,1,32
103900069,104,18,86
103900070,167,287,-120
103900071,25,133,-108
103900072,10,288,-278
103900073,27,28,-1
103900074,93,108,-15
103900075,211,97,114
103900076,393,709,-316
103900077,45,83,-38
103900078,272,144,128
103900079,115,260,-145
103900080,13,41,-28
103900081,196,26,170
103900082,27,189,-162
103900083,1661,927,734
103900084,78,142,-64
103900085,93,153,-60
103900086,552,398,154
103900088,394,429,-35
103900089,42,115,-73
103900090,3,157,-154
103900091,1223,335,888
103900092,527,517,10
103900093,150,330,-180
103900094,13,149,-136
103900095,714,539,175
103900096,22,249,-227
103900097,8,429,-421
103900098,289,181,108
103900099,66,222,-156
103900100,160,440,-280
103900101,192,1187,-995
103900102,6,39,-33
103900104,4,39,-35
103900105,191,280,-89
103900106,0,159,-159
103900107,85,236,-151
103900108,40,339,-299
103900109,94,91,3
103900110,186,46,140
103900111,60,614,-554
103900112,30,66,-36
103900113,78,107,-29
103900114,602,602,0
103900115,265,155,110
103900116,5413,2599,2814
103900117,213,91,122
103900119,41,81,-40
103900120,45,89,-44
103900122,105,375,-270
103900123,1846,713,1133
103900124,63,571,-508
103900125,118,126,-8
103900126,481,475,6
103900127,275,371,-96
103900128,366,377,-11
103900131,44,171,-127
103900133,962,210,752
103900134,0,6,-6
103900135,1,3,-2
103900137,0,15,-15
103900138,86,235,-149
103900139,283,1561,-1278
103900140,6,97,-91
103900141,290,96,194
103900142,148,161,-13
103900143,37,3,34
103900144,0,50,-50
103900145,178,246,-68
103900146,367,294,73
103900147,324,121,203
103900148,385,611,-226
103900149,244,617,-373
103900150,6527,3637,2890
103900151,106,293,-187
103900152,440,601,-161
103900153,6,0,6
103900154,1700,1720,-20
103900155,57,254,-197
103900156,31,230,-199
103900157,48,283,-235
103900158,77,199,-122
103900159,140,88,52
103900160,68,45,23
103900161,99,220,-121
103900162,360,467,-107
103900163,5,490,-485
103900167,26,116,-90
103900168,89,112,-23
103900169,65,31,34
103900170,1,133,-132
103900171,0,53,-53
103900172,9,33,-24
103900173,13,25,-12
103900174,138,60,78
103900175,84,72,12
103900176,20,61,-41
103900177,9,90,-81
103900178,54,60,-6
103900179,75,151,-76
103900180,6,75,-69
103900181,73,57,16
103900182,85,23,62
103900184,480,72,408
103900185,190,319,-129
103900187,45,80,-35
103900188,66,14,52
103900189,110,9,101
103900190,66,79,-13
103900191,27,39,-12
103900192,33,74,-41
103900193,113,137,-24
103900194,73,287,-214
103900195,13,102,-89
103900196,59,56,3
103900197,18,30,-12
103900198,16,56,-40
103900199,153,70,83
103900200,122,184,-62
103900201,144,178,-34
103900202,30,81,-51
103900203,67,18,49
103900204,1,122,-121
103900207,2,133,-131
103900208,84,1,83
103900209,7,80,-73
103900210,43,27,16
103900211,447,432,15
103900212,240,555,-315
103900213,71,276,-205
103900214,304,174,130
103900215,501,440,61
103900216,8,463,-455
103900217,309,6,303
103900218,110,562,-452
103900219,181,361,-180
103900233,27,0,27
103900235,30,6,24
103900236,25,5,20
103900242,17,38,-21
103900243,26,17,9
103900244,89,221,-132
103900245,90,217,-127
103900246,78,29,49
103900247,47,147,-100
103900248,26,79,-53
103900249,34,43,-9
103900250,55,31,24
103900251,6,38,-32
103900253,8,64,-56
103900254,5,34,-29
103900255,15,40,-25
103900256,7,52,-45
103900257,224,166,58
103900258,68,6,62
103900259,109,4,105
103900261,11,3,8
103900262,33,5,28
103900263,40,51,-11
103900264,95,40,55
103900265,194,48,146
103900266,2,77,-75
103900267,13,108,-95
103900268,11,130,-119
103900269,113,67,46
103900270,77,205,-128
103900271,32,101,-69
103900272,53,93,-40
103900273,58,69,-11
103900274,73,12,61
103900275,29,9,20
103900276,3,89,-86
103900277,4,91,-87
103900278,9,69,-60
103900279,6,18,-12
103900280,6,135,-129
104000001,2030,2162,-132
104000002,1707,2836,-1129
104000003,2373,2606,-233
104000004,2857,2610,247
104000005,1608,2292,-684
104000006,3493,3345,148
104000007,4947,4834,113
104000008,263,347,-84
104000009,115,100,15
104000010,138,223,-85
104000011,587,372,215
104000012,117,401,-284
104000013,198,186,12
104000014,226,756,-530
104000015,264,196,68
104000016,586,486,100
104000018,797,206,591
104000019,520,168,352
104000020,166,684,-518
104000021,266,683,-417
104000022,187,307,-120
104000023,1261,392,869
104000024,304,396,-92
104000026,57,458,-401
104000027,268,369,-101
104000028,422,276,146
104000029,417,490,-73
104000030,249,280,-31
104000031,1131,423,708
104000032,231,313,-82
104000033,596,490,106
104000034,309,348,-39
104000035,692,455,237
104000036,599,546,53
104000037,287,208,79
104000038,585,721,-136
104000039,188,297,-109
104000040,397,415,-18
104000041,2380,402,1978
104000042,267,490,-223
104000043,586,481,105
104000044,336,714,-378
104000045,1167,1313,-146
104000046,1364,1795,-431
104000047,917,1316,-399
104000048,880,1697,-817
104000049,664,332,332
104000050,249,683,-434
104000051,133,587,-454
104000052,2483,2062,421
104000053,1372,676,696
104000054,592,370,222
104000055,3647,2305,1342
104000056,1572,297,1275
104000057,281,708,-427
104000058,997,805,192
104000059,621,1374,-753
104000060,1118,1305,-187
104000061,1456,1176,280
104000062,465,210,255
104000064,597,355,242
104000065,252,650,-398
104000069,1390,1120,270
104000070,60,501,-441
104000071,362,707,-345
104000072,659,439,220
104000075,75,318,-243
104000076,523,82,441
104000082,1903,3015,-1112
104000083,838,197,641
104000084,118,511,-393
104000085,273,338,-65
104000086,183,445,-262
104000087,437,1552,-1115
104000090,702,1492,-790
104000092,995,2390,-1395
104000094,820,1757,-937
104000095,2047,1559,488
104000096,1537,134,1403
104000097,1500,941,559
104000098,1824,1037,787
104000100,1538,642,896
104000101,1275,1950,-675
104000106,194,678,-484
104000107,613,567,46
104000108,309,505,-196
104000109,281,78,203
104000110,985,977,8
104000111,3672,1988,1684
104000112,2288,524,1764
104000116,5,1202,-1197
104000117,172,624,-452
104000118,472,249,223
104000119,548,265,283
104000120,280,732,-452
104000121,229,706,-477
104000122,583,803,-220
104000123,858,1112,-254
104000124,948,2137,-1189
104000125,3321,3622,-301
104000126,315,415,-100
104000127,1469,2911,-1442
104000128,649,447,202
104000129,412,35,377
104000130,12,253,-241
104000131,763,547,216
104000132,496,618,-122
104000133,1316,867,449
104000134,963,1534,-571
104000135,462,1596,-1134
104000136,920,3257,-2337
104000137,1431,397,1034
104000138,965,320,645
104000139,6600,2685,3915
104000141,1140,1307,-167
104000142,566,695,-129
104000143,563,565,-2
104000144,102,264,-162
104000145,340,202,138
104000146,409,572,-163
104000147,114,377,-263
104000148,244,168,76
104000149,128,357,-229
104000150,903,521,382
104000151,367,480,-113
104000152,499,600,-101
104000153,505,531,-26
104000154,1059,667,392
104000155,422,576,-154
104000157,919,1550,-631
104000158,550,419,131
104000159,717,473,244
104000160,1644,1839,-195
104000161,188,247,-59
104000162,71,204,-133
104000165,1388,1136,252
104000167,670,1064,-394
104000168,425,9,416
104000169,95,62,33
104000170,519,457,62
104000248,270,639,-369
104000251,73,287,-214
104000272,0,0,0
104000273,0,0,0
104000274,0,0,0
104000275,0,0,0
104000279,3536,2419,1117
104000290,97,246,-149
104000291,705,1243,-538
104000293,707,704,3
104000294,21,0,21
104000295,580,842,-262
104000296,478,882,-404
104000297,1009,1870,-861
104000298,2616,968,1648
104000299,724,1621,-897
104000302,124,136,-12
104000303,195,180,15
104900001,158,451,-293
104900002,36,142,-106
104900003,42,377,-335
104900004,116,344,-228
104900005,207,194,13
104900006,231,116,115
104900007,198,168,30
104900009,123,335,-212
104900010,54,86,-32
104900011,70,15,55
104900012,342,63,279
104900013,170,23,147
104900014,2278,266,2012
104900015,115,5,110
104900016,237,216,21
104900017,203,203,0
104900018,3,213,-210
104900019,307,2297,-1990
104900020,62,355,-293
104900021,1,193,-192
104900022,7,106,-99
104900023,1,79,-78
104900024,16,104,-88
104900025,136,259,-123
104900026,0,83,-83
104900027,452,285,167
104900028,26,79,-53
104900029,48,93,-45
104900030,457,238,219
104900031,106,248,-142
104900032,53,127,-74
104900033,115,212,-97
104900034,292,226,66
104900035,274,201,73
104900036,156,120,36
104900037,148,229,-81
104900038,525,799,-274
104900039,717,310,407
104900040,467,144,323
104900041,210,116,94
104900042,133,244,-111
104900043,15,132,-117
104900044,529,218,311
104900045,395,69,326
104900046,172,142,30
104900047,238,144,94
104900048,199,75,124
104900049,32,35,-3
104900050,441,115,326
104900051,282,43,239
104900052,39,0,39
104900053,372,85,287
104900054,101,31,70
104900055,87,3,84
104900056,375,18,357
104900057,55,0,55
104900058,748,217,531
104900059,274,68,206
104900061,202,628,-426
104900063,62,140,-78
104900064,2,100,-98
104900065,1,195,-194
104900066,2,166,-164
104900067,3,307,-304
104900068,14,271,-257
104900070,225,342,-117
104900071,0,503,-503
104900072,54,294,-240
104900073,51,161,-110
104900074,54,252,-198
104900075,38,49,-11
104900076,84,360,-276
104900077,829,235,594
104900078,163,614,-451
104900079,97,369,-272
104900080,75,589,-514
104900082,9,465,-456
104900085,53,344,-291
104900089,152,0,152
104900091,1389,552,837
104900093,231,586,-355
104900097,2655,1908,747
104900098,143,50,93
104900099,57,499,-442
104900100,429,252,177
104900102,52,154,-102
104900103,439,81,358
104900106,98,139,-41
104900107,148,208,-60
104900108,35,208,-173
104900109,98,221,-123
104900110,6,67,-61
104900111,117,96,21
104900112,231,738,-507
104900113,657,350,307
104900114,333,465,-132
104900115,622,481,141
104900116,183,208,-25
104900118,24,67,-43
104900119,19,66,-47
104900120,79,239,-160
104900121,0,72,-72
104900122,2,68,-66
104900123,22,5,17
104900124,53,5,48
104900125,291,7,284
104900126,83,62,21
104900127,38,133,-95
104900128,47,97,-50
104900129,1780,1483,297
105000001,2372,1794,578
105000002,2226,1687,539
105000003,3274,3777,-503
105000004,624,1079,-455
105000005,716,1070,-354
105000006,1305,1613,-308
105000007,1105,1333,-228
105000008,2061,2563,-502
105000009,1939,3073,-1134
105000010,3603,2692,911
105000011,3071,2463,608
105000012,4936,3440,1496
105000013,1096,1133,-37
105000014,2410,2470,-60
105000015,9581,11841,-2260
105000016,3622,2288,1334
105000017,1866,906,960
105000018,1462,1390,72
105000019,2178,854,1324
105000020,181,444,-263
105000021,369,117,252
105000022,326,64,262
105000023,634,405,229
105000028,99,159,-60
105000029,533,991,-458
105000030,4490,2945,1545
105000031,10,55,-45
105000033,1473,2258,-785
105000034,183,920,-737
105000037,628,367,261
105000038,1880,1519,361
105000039,3056,1654,1402
105000040,1051,970,81
105000041,699,1409,-710
105000042,3115,1489,1626
105000043,2201,2157,44
105000044,620,347,273
105000045,316,1018,-702
105000046,925,418,507
105000047,492,1736,-1244
105000048,626,273,353
105000049,227,791,-564
105000050,633,420,213
105000051,241,525,-284
105000052,566,821,-255
105000053,237,184,53
105000054,438,957,-519
105000055,997,417,580
105000056,2483,2608,-125
105000057,2311,911,1400
105000058,1353,1379,-26
105000059,611,647,-36
105000060,390,663,-273
105000061,531,647,-116
105000062,631,905,-274
105000063,280,595,-315
105000064,1050,1003,47
105000065,361,696,-335
105000066,1055,1648,-593
105000067,1117,931,186
105000068,589,955,-366
105000069,2251,1601,650
105000070,739,783,-44
105000071,276,780,-504
105000072,1012,1952,-940
105000073,728,570,158
105000074,1157,943,214
105000075,587,857,-270
105000076,1304,1136,168
105000077,2940,985,1955
105000078,1334,1263,71
105000079,1766,2911,-1145
105000080,1702,1255,447
105000081,4057,1303,2754
105000082,1037,1367,-330
105000083,4526,2682,1844
105000084,935,996,-61
105000085,1779,1564,215
105000086,673,1162,-489
105000087,1655,1928,-273
105000088,1570,1807,-237
105000089,3502,2464,1038
105000090,1129,1011,118
105000091,1647,1618,29
105000092,1079,1004,75
105000093,343,251,92
105000094,256,250,6
105000095,145,560,-415
105000096,1209,899,310
105000097,1113,707,406
105000098,920,731,189
105000099,1026,739,287
105000100,1211,1227,-16
105000101,2714,2040,674
105000102,1676,1590,86
105000103,1782,2278,-496
105000104,3026,977,2049
105000105,1931,2268,-337
105000106,1524,2067,-543
105000107,1125,938,187
105000108,1249,1600,-351
105000109,1272,1916,-644
105000110,598,736,-138
105000111,624,947,-323
105000112,1127,798,329
105000113,456,843,-387
105000114,2989,1167,1822
105000115,356,1220,-864
105000116,696,623,73
105000117,926,1292,-366
105000118,608,535,73
105000119,759,1322,-563
105000120,978,616,362
105000121,946,1303,-357
105000122,462,862,-400
105000123,1696,1439,257
105000124,1984,1056,928
105000125,776,2234,-1458
105000126,1865,1883,-18
105000127,2378,2335,43
105000128,2095,1340,755
105000129,1230,482,748
105000130,361,2290,-1929
105000131,1083,510,573
105000132,742,619,123
105000133,532,1117,-585
105000134,645,653,-8
105000135,532,842,-310
105000136,201,445,-244
105000137,451,306,145
105000138,240,443,-203
105000139,1180,1194,-14
105000140,362,653,-291
105000141,330,725,-395
105000142,166,589,-423
105000143,259,803,-544
105000144,351,1037,-686
105000145,614,489,125
105000146,516,1082,-566
105000147,485,379,106
105000148,1165,692,473
105000149,2255,2099,156
105000150,2219,2033,186
105000151,525,484,41
105000152,172,516,-344
105000153,490,905,-415
105000154,519,664,-145
105000155,490,1219,-729
105000156,925,727,198
105000157,767,1583,-816
105000158,1675,916,759
105000159,211,1016,-805
105000160,1633,717,916
105000161,642,1143,-501
105000162,493,1562,-1069
105000163,1119,933,186
105000164,191,258,-67
105000165,1105,4533,-3428
105000166,5439,850,4589
105000167,2282,1341,941
105000168,308,778,-470
105000169,432,491,-59
105000170,211,1453,-1242
105000171,1138,276,862
105000172,301,82,219
105000173,167,121,46
105000174,60,86,-26
105000175,53,151,-98
105000176,292,173,119
105000177,242,238,4
105000178,87,477,-390
105000179,376,382,-6
105000180,131,137,-6
105000181,130,322,-192
105000182,89,74,15
105000183,3124,1773,1351
105000184,2293,1046,1247
105000185,1693,712,981
105000186,882,719,163
105000187,848,213,635
105000188,554,192,362
105000189,420,543,-123
105000190,356,507,-151
105000191,438,447,-9
105000192,304,79,225
105000193,99,140,-41
105000194,454,136,318
105000195,304,770,-466
105000196,78,273,-195
105000197,229,600,-371
105000198,688,319,369
105000199,456,730,-274
105000200,135,210,-75
105000201,181,27,154
105000203,8,244,-236
105000204,107,69,38
105000205,148,252,-104
105000207,554,274,280
105000208,184,446,-262
105000209,248,435,-187
105000211,229,32,197
105000212,1209,1387,-178
105000213,173,241,-68
105000214,166,373,-207
105000215,265,233,32
105000216,135,502,-367
105000217,130,390,-260
105000218,1252,1484,-232
105000221,145,248,-103
105000222,674,95,579
105000223,488,248,240
105000226,85,248,-163
105000227,115,192,-77
105000228,371,1366,-995
105000229,185,382,-197
105000231,287,272,15
105000233,1002,735,267
105000234,1001,1290,-289
105000235,354,634,-280
105000237,696,80,616
105000243,18,57,-39
105000248,84,82,2
105000262,364,1418,-1054
105000269,120,250,-130
105000270,381,79,302
105000271,2,217,-215
105000282,72,76,-4
105000287,431,142,289
105000288,846,485,361
105000289,3142,1884,1258
105000290,77,5,72
105000402,3685,3090,595
105000426,560,595,-35
105000438,4252,1350,2902
105000440,24,64,-40
105000446,12285,5827,6458
105000447,7764,3052,4712
105000454,414,855,-441
105000455,299,232,67
105000474,32,2,30
105000477,309,581,-272
105000478,1572,3569,-1997
105000479,167,131,36
105000480,9366,5300,4066
105000481,4550,3343,1207
105000482,5818,7290,-1472
105000483,1487,1604,-117
105000484,2394,3359,-965
105000485,1609,2545,-936
105000486,5223,2714,2509
105000488,11334,5997,5337
105000489,841,1038,-197
105000549,227,188,39
105000550,645,1743,-1098
105000551,35,181,-146
105000552,3581,2007,1574
105000555,1622,970,652
105000556,42,40,2
105000557,54,307,-253
105900001,12,1062,-1050
105900002,1248,691,557
105900003,7,154,-147
105900004,344,152,192
105900005,4,310,-306
105900006,16,100,-84
105900007,126,25,101
105900008,51,634,-583
105900009,21,18,3
105900011,128,65,63
105900012,395,109,286
105900013,1,29,-28
105900014,11,56,-45
105900015,179,306,-127
105900016,336,451,-115
105900017,1460,74,1386
105900018,200,178,22
105900019,57,247,-190
105900020,35,54,-19
105900021,22,169,-147
105900022,303,172,131
105900023,8,87,-79
105900024,5,120,-115
105900025,177,34,143
105900026,219,15,204
105900027,4238,6212,-1974
105900028,643,235,408
105900029,1451,356,1095
105900030,180,284,-104
105900031,408,259,149
105900032,51,197,-146
105900033,358,161,197
105900034,237,256,-19
105900035,120,208,-88
105900036,48,187,-139
105900037,115,81,34
105900038,124,297,-173
105900039,97,111,-14
105900040,106,138,-32
105900041,166,201,-35
105900042,47,152,-105
105900043,1167,28,1139
105900044,4,334,-330
105900045,7,614,-607
105900046,3,342,-339
105900047,5,40,-35
105900048,127,570,-443
105900050,5306,1545,3761
105900051,15,762,-747
105900052,424,315,109
105900053,3246,2642,604
105900054,332,197,135
105900056,723,333,390
105900057,24,111,-87
105900058,21,25,-4
105900059,0,34,-34
106000001,4813,2643,2170
106000002,2785,5189,-2404
106000003,2850,3917,-1067
106000004,1926,3009,-1083
106000005,2854,5900,-3046
106000006,5825,4819,1006
106000007,565,763,-198
106000008,408,410,-2
106000009,532,469,63
106000010,547,594,-47
106000011,835,1058,-223
106000012,821,1534,-713
106000013,1690,2061,-371
106000014,1941,1737,204
106000015,1445,1301,144
106000016,1335,2429,-1094
106000017,712,785,-73
106000018,718,499,219
106000019,364,506,-142
106000020,318,367,-49
106000021,252,483,-231
106000022,355,265,90
106000023,565,468,97
106000024,507,660,-153
106000025,118,230,-112
106000026,149,345,-196
106000027,1207,1629,-422
106000028,627,604,23
106000029,846,1454,-608
106000030,685,444,241
106000034,216,700,-484
106000035,1139,1800,-661
106000036,248,459,-211
106000037,2221,1711,510
106000038,489,139,350
106000039,137,71,66
106000040,167,1016,-849
106000041,796,423,373
106000043,553,184,369
106000046,417,104,313
106000047,102,406,-304
106000049,943,242,701
106000050,332,832,-500
106000051,567,445,122
106000052,122,673,-551
106000053,287,139,148
106000054,350,480,-130
106000055,834,1265,-431
106000056,271,429,-158
106000057,275,429,-154
106000058,138,193,-55
106000059,302,360,-58
106000060,403,600,-197
106000061,199,530,-331
106000062,139,576,-437
106000063,653,553,100
106000064,50,419,-369
106000065,315,300,15
106000066,145,388,-243
106000067,886,122,764
106000068,72,679,-607
106000069,191,98,93
106000070,452,854,-402
106000071,953,318,635
106000072,3254,1662,1592
106000073,1785,2982,-1197
106000074,554,715,-161
106000075,309,1586,-1277
106000076,1989,2308,-319
106000077,3691,1512,2179
106000078,842,1013,-171
106000079,642,1123,-481
106000080,1163,685,478
106000081,666,1267,-601
106000082,2145,869,1276
106000083,392,1624,-1232
106000084,1044,652,392
106000085,1605,1560,45
106000086,586,868,-282
106000087,839,549,290
106000088,472,818,-346
106000089,831,432,399
106000090,250,699,-449
106000091,200,514,-314
106000092,558,280,278
106000093,362,184,178
106000094,155,270,-115
106000095,633,883,-250
106000096,921,794,127
106000097,956,1052,-96
106000098,1036,1200,-164
106000099,208,937,-729
106000100,1165,236,929
106000101,1787,421,1366
106000102,459,790,-331
106000103,543,645,-102
106000104,1526,556,970
106000105,504,731,-227
106000106,693,592,101
106000107,220,432,-212
106000108,381,412,-31
106000109,146,378,-232
106000110,231,461,-230
106000111,243,563,-320
106000112,225,627,-402
106000113,805,634,171
106000114,633,868,-235
106000115,200,534,-334
106000116,266,289,-23
106000117,930,702,228
106000118,1062,1461,-399
106000119,1665,1076,589
106000120,587,1137,-550
106000121,155,141,14
106000122,110,287,-177
106000123,364,182,182
106000124,67,307,-240
106000125,34,311,-277
106000126,290,177,113
106000127,801,945,-144
106000128,705,315,390
106000129,483,839,-356
106000130,608,488,120
106000131,118,937,-819
106000132,584,235,349
106000133,2248,1366,882
106000134,645,2218,-1573
106000135,277,721,-444
106000136,717,954,-237
106000137,87,1061,-974
106000138,1278,107,1171
106000139,52,141,-89
106000140,46,80,-34
106000141,94,94,0
106000142,61,72,-11
106000143,93,114,-21
106000144,72,57,15
106000145,204,297,-93
106000146,317,195,122
106000147,691,763,-72
106000148,1151,1201,-50
106000149,509,729,-220
106000150,516,2092,-1576
106000151,4190,961,3229
106000152,1420,1980,-560
106000153,180,1991,-1811
106000154,1711,285,1426
106000155,112,303,-191
106000156,565,280,285
106000157,591,1630,-1039
106000158,2405,867,1538
106000159,3248,1778,1470
106000160,351,2387,-2036
106000161,1408,457,951
106000162,234,891,-657
106000163,513,491,22
106000164,370,329,41
106000165,154,604,-450
106000166,744,346,398
106000167,338,1196,-858
106000168,389,299,90
106000169,203,640,-437
106000170,919,271,648
106000171,235,1285,-1050
106000172,2485,1466,1019
106000173,1187,2687,-1500
106000174,930,397,533
106000175,274,941,-667
106000176,1438,781,657
106000177,784,2415,-1631
106000178,2966,1668,1298
106000179,1116,2614,-1498
106000180,789,1481,-692
106000181,601,1763,-1162
106000182,1102,720,382
106000183,1096,738,358
106000184,1255,670,585
106000185,846,1068,-222
106000186,939,169,770
106000187,205,1142,-937
106000188,0,1,-1
106000189,10,90,-80
106000190,37,1,36
106000191,637,255,382
106000192,2,18,-16
106000193,383,228,155
106000194,149,361,-212
106000195,531,101,430
106000196,151,378,-227
106000197,497,275,222
106000198,185,283,-98
106000199,943,657,286
106000200,214,180,34
106000201,535,2488,-1953
106000202,4233,633,3600
106000203,86,269,-183
106000204,92,10,82
106000205,16,137,-121
106000206,81,24,57
106000207,55,744,-689
106000208,1232,223,1009
106000209,1307,312,995
106000210,240,1119,-879
106000211,397,1249,-852
106000212,788,338,450
106000213,702,1688,-986
106000214,2727,676,2051
106000215,592,535,57
106000216,789,336,453
106000217,299,470,-171
106000218,618,471,147
106000219,140,382,-242
106000220,436,345,91
106000221,168,271,-103
106000222,49,95,-46
106000223,209,124,85
106000224,205,264,-59
106000225,63,110,-47
106000226,136,328,-192
106000228,33,109,-76
106000229,103,764,-661
106000231,851,137,714
106000232,92,361,-269
106000233,577,86,491
106000234,167,208,-41
106000235,1426,103,1323
106000236,611,79,532
106000237,18,18,0
106000238,272,18,254
106000239,3,183,-180
106000240,46,14,32
106000241,26,723,-697
106000242,292,39,253
106000249,80,68,12
106000250,60,518,-458
106000251,119,41,78
106000252,32,109,-77
106000253,31,95,-64
106000254,44,52,-8
106000255,18,152,-134
106000256,61,51,10
106000257,120,199,-79
106000258,595,25,570
106000259,22,41,-19
106000260,34,3,31
106000261,9,60,-51
106000262,186,14,172
106000263,20,88,-68
106000264,227,16,211
106000265,10,146,-136
106000266,107,21,86
106000267,8,66,-58
106000268,631,86,545
106000269,104,49,55
106000270,145,589,-444
106000271,63,230,-167
106000272,256,53,203
106000273,15,260,-245
106000274,154,41,113
106000275,157,313,-156
106000276,97,46,51
106000277,151,266,-115
106000278,175,48,127
106000279,17,36,-19
106000280,67,107,-40
106000281,102,56,46
106000282,83,85,-2
106000283,82,77,5
106000284,54,117,-63
106000285,100,105,-5
106000286,85,147,-62
106000287,107,121,-14
106000288,101,157,-56
106000289,84,92,-8
106000290,68,81,-13
106000291,88,81,7
106000292,75,110,-35
106000293,108,110,-2
106000294,170,128,42
106000295,56,36,20
106000296,53,132,-79
106000297,63,234,-171
106000298,153,82,71
106000299,49,120,-71
106000300,50,91,-41
106000301,64,103,-39
106000303,24,103,-79
106000304,39,23,16
106000305,54,62,-8
106000306,40,76,-36
106000307,42,51,-9
106000308,9,138,-129
106000309,14,70,-56
106000310,287,613,-326
106000311,312,177,135
106000312,82,187,-105
106000313,147,201,-54
106000318,127,394,-267
106000319,1188,208,980
106000320,2,58,-56
106000321,419,91,328
106000322,138,197,-59
106000324,12,161,-149
106000325,1419,1008,411
106000326,968,1919,-951
106000327,161,149,12
106000328,20,157,-137
106000329,84,257,-173
106000330,55,73,-18
106000428,95,224,-129
106000429,129,557,-428
106000430,388,1412,-1024
106000431,2498,536,1962
106000432,2131,3358,-1227
106000433,2158,1401,757
106000434,2915,1628,1287
106000435,1825,2760,-935
106000436,15,258,-243
106000437,352,35,317
106000438,315,142,173
106000439,50,379,-329
106000440,260,605,-345
106000441,2,0,2
106000442,167,15,152
106000443,143,403,-260
106000450,7,215,-208
106000451,45,47,-2
106000454,11,404,-393
106000455,23,231,-208
106000456,150,61,89
106000457,27,1101,-1074
106000458,879,149,730
106000459,643,487,156
106000460,1590,60,1530
106000461,163,1419,-1256
106000462,6,71,-65
106000463,1,27,-26
106000464,7,527,-520
106000465,554,2,552
106000466,4,697,-693
106000467,561,704,-143
106000468,96,179,-83
106000469,213,0,213
106000470,326,1735,-1409
106000471,31,598,-567
106000472,117,17,100
106000473,31,19,12
106000474,419,584,-165
106000475,368,316,52
106000476,162,210,-48
106000477,49,192,-143
106000480,4,792,-788
106900001,0,22,-22
106900002,4,444,-440
106900003,299,960,-661
106900004,1,58,-57
106900006,0,16,-16
106900007,1,19,-18
106900008,270,270,0
106900009,304,367,-63
106900010,253,273,-20
106900012,1736,2125,-389
106900013,828,92,736
106900014,29,3,26
106900015,21,1,20
106900016,263,2,261
106900017,7,0,7
106900018,2,0,2
106900019,29,0,29
106900020,2446,1259,1187
106900021,50,67,-17
106900022,457,2,455
106900023,289,299,-10
106900024,576,39,537
106900025,42,618,-576
106900026,3,666,-663
106900027,931,5,926
107000001,4323,3456,867
107000002,3903,5939,-2036
107000003,5268,7062,-1794
107000004,5113,5730,-617
107000005,4312,5820,-1508
107000006,6353,5714,639
107000007,5430,10666,-5236
107000008,13562,10188,3374
107000009,6749,7661,-912
107000010,14062,11953,2109
107000011,1557,1701,-144
107000012,5651,3940,1711
107000013,98,182,-84
107000014,66,375,-309
107000015,704,993,-289
107000016,682,1070,-388
107000017,4073,1302,2771
107000018,16,641,-625
107000020,2302,833,1469
107000021,1556,768,788
107000022,1005,1353,-348
107000023,2226,327,1899
107000024,594,1532,-938
107000025,247,431,-184
107000026,287,590,-303
107000027,1358,1273,85
107000028,1367,1777,-410
107000029,3285,2882,403
107000030,3524,3937,-413
107000031,3721,2677,1044
107000032,555,1104,-549
107000033,3401,5380,-1979
107000034,3895,2002,1893
107000035,433,261,172
107000036,420,1321,-901
107000037,109,868,-759
107000038,292,268,24
107000039,796,778,18
107000040,195,459,-264
107000041,1354,704,650
107000042,675,2002,-1327
107000043,2783,1110,1673
107000044,598,389,209
107000045,144,313,-169
107000046,814,438,376
107000047,506,941,-435
107000048,649,378,271
107000049,568,902,-334
107000050,1055,598,457
107000051,497,414,83
107000052,1181,1056,125
107000053,371,232,139
107000054,87,327,-240
107000055,341,171,170
107000056,576,846,-270
107000057,1909,350,1559
107000058,2142,2150,-8
107000059,2266,3630,-1364
107000060,3752,5551,-1799
107000061,5213,4179,1034
107000062,3486,3230,256
107000063,4319,6133,-1814
107000064,4282,2376,1906
107000065,4649,5591,-942
107000066,1861,2683,-822
107000067,1023,1165,-142
107000068,1438,736,702
107000069,734,465,269
107000070,1579,7,1572
107000071,2849,55,2794
107000072,50,3247,-3197
107000073,702,340,362
107000074,197,1055,-858
107000075,1650,419,1231
107000076,816,1766,-950
107000077,3253,1305,1948
107000078,2961,3977,-1016
107000079,2578,1132,1446
107000080,1417,3682,-2265
107000081,1616,760,856
107000082,724,2418,-1694
107000083,1240,469,771
107000084,630,2080,-1450
107000085,3093,4061,-968
107000086,4121,4077,44
107000087,2760,2256,504
107000088,4282,4306,-24
107000089,1497,2012,-515
107000090,1039,1167,-128
107000091,1080,900,180
107000092,760,1268,-508
107000093,1074,938,136
107000094,1234,1337,-103
107000095,866,793,73
107000096,655,959,-304
107000097,1026,435,591
107000098,634,817,-183
107000099,503,335,168
107000100,272,317,-45
107000101,74,235,-161
107000102,267,357,-90
107000103,373,202,171
107000104,217,384,-167
107000105,424,113,311
107000106,231,336,-105
107000107,652,254,398
107000108,231,801,-570
107000109,715,239,476
107000110,91,523,-432
107000111,393,67,326
107000112,72,346,-274
107000113,666,144,522
107000114,136,614,-478
107000115,515,171,344
107000116,99,792,-693
107000117,143,669,-526
107000118,123,224,-101
107000119,1510,1540,-30
107000120,1476,470,1006
107000121,752,800,-48
107000122,1112,1137,-25
107000123,396,791,-395
107000124,575,1166,-591
107000125,811,706,105
107000126,891,1072,-181
107000129,336,1032,-696
107000130,738,262,476
107000131,439,736,-297
107000132,470,342,128
107000133,1305,91,1214
107000134,365,3,362
107000135,2,255,-253
107000136,925,10,915
107000137,22,465,-443
107000138,623,35,588
107000139,17,500,-483
107000140,2064,107,1957
107000141,169,880,-711
107000142,780,120,660
107000143,61,742,-681
107000144,838,601,237
107000145,178,536,-358
107000146,201,471,-270
107000147,4872,1482,3390
107000150,798,2794,-1996
107000151,58,106,-48
107000152,498,1233,-735
107000153,207,461,-254
107000154,315,278,37
107000155,865,31,834
107000156,1120,30,1090
107000157,55,1779,-1724
107000158,699,21,678
107000159,49,1252,-1203
107000160,862,146,716
107000161,91,1654,-1563
107000162,297,561,-264
107000163,346,4,342
107000164,742,3,739
107000165,809,7,802
107000166,65,1288,-1223
107000167,595,315,280
107000168,928,592,336
107000169,1018,1061,-43
107000170,1763,1082,681
107000171,665,2326,-1661
107000172,1054,1452,-398
107000173,704,1180,-476
107000174,870,4343,-3473
107000175,7276,2187,5089
107000176,1,9,-8
107000177,1,2,-1
107000178,4,46,-42
107000179,283,2654,-2371
107000180,1261,345,916
107000181,357,1600,-1243
107000182,1509,963,546
107000183,145,1032,-887
107000184,949,760,189
107000185,448,1443,-995
107000186,1030,481,549
107000187,1796,1556,240
107000188,746,663,83
107000189,413,1204,-791
107000190,633,763,-130
107000191,842,1504,-662
107000192,1698,845,853
107000193,418,485,-67
107000194,942,698,244
107000197,851,324,527
107000198,390,956,-566
107000199,674,944,-270
107000200,794,666,128
107000201,863,265,598
107000202,454,482,-28
107000203,1733,623,1110
107000204,1413,715,698
107000205,2225,958,1267
107000206,807,1136,-329
107000207,711,1105,-394
107000208,1035,466,569
107000209,1858,1130,728
107000210,860,454,406
107000211,7,48,-41
107000212,16,340,-324
107000213,10,13,-3
107000214,16,146,-130
107000215,288,312,-24
107000216,342,338,4
107000217,334,137,197
107000219,88,108,-20
107000220,385,208,177
107000222,269,890,-621
107000224,355,62,293
107000225,182,542,-360
107000226,393,88,305
107000227,112,343,-231
107000228,60,228,-168
107000229,162,113,49
107000230,1212,549,663
107000231,1782,1533,249
107000232,97,43,54
107000233,1611,943,668
107000234,1,57,-56
107000235,104,9,95
107000236,24,582,-558
107000237,26,5,21
107000238,21,0,21
107000239,3700,574,3126
107000240,76,992,-916
107000243,0,81,-81
107000244,6,79,-73
107000246,4,1213,-1209
107000249,2,1202,-1200
107000251,4,371,-367
107000252,1,1147,-1146
107000255,347,47,300
107000257,3,492,-489
107000258,1,143,-142
107000259,20,180,-160
107000260,684,21,663
107000262,19,627,-608
107000263,218,21,197
107000266,3,43,-40
107000267,81,168,-87
107000268,155,187,-32
107000269,712,51,661
107000270,2,6,-4
107000271,19,865,-846
107000272,14,177,-163
107000273,3,264,-261
107000274,1447,2,1445
107000275,848,1301,-453
107000280,811,38,773
107000281,66,1069,-1003
107000282,50,1078,-1028
107000290,3,27,-24
107000291,19,8,11
107000292,0,47,-47
107000293,124,6,118
107000294,0,38,-38
107000295,68,3,65
107000296,0,17,-17
107000444,454,6,448
107000496,2,29,-27
107000497,1482,2832,-1350
107000500,314,409,-95
107000501,179,170,9
107000502,248,384,-136
107000505,396,896,-500
107000506,1,25,-24
107000508,5,732,-727
107000509,282,1163,-881
107000510,165,15,150
107000514,48,297,-249
107000515,23,235,-212
107000516,293,243,50
107000518,917,1248,-331
107000519,2347,1166,1181
107000520,83,41,42
107000521,663,504,159
107000522,911,722,189
107900001,47,238,-191
107900002,48,2,46
107900003,88,52,36
107900004,1,1,0
107900005,1248,2,1246
107900006,105,2,103
107900007,271,40,231
107900008,120,23,97
107900009,145,7,138
107900010,19,2,17
107900012,221,22,199
107900013,215,32,183
107900014,50,6,44
107900015,731,6,725
107900016,324,75,249
107900017,7,2,5
107900018,53,90,-37
107900019,8,49,-41
107900020,67,11,56
107900021,70,185,-115
107900023,5,1,4
107900024,0,9,-9
107900025,151,215,-64
107900026,79,67,12
107900027,85,66,19
107900028,57,79,-22
107900030,151,23,128
107900031,72,90,-18
107900032,26,3,23
107900033,9,11,-2
107900034,296,16,280
107900035,721,46,675
107900036,54,7,47
107900037,0,13,-13
107900038,153,206,-53
107900039,34,61,-27
107900040,48,87,-39
107900041,2,1,1
107900043,30,84,-54
107900044,13,11,2
107900045,85,64,21
107900046,123,155,-32
107900047,15,22,-7
107900048,155,11,144
107900049,322,1337,-1015
107900050,171,355,-184
107900051,82,69,13
107900052,29,19,10
107900053,23,83,-60
107900055,414,158,256
107900056,178,40,138
107900057,0,1,-1
107900058,42,602,-560
107900060,73,33,40
107900061,16,6,10
107900063,74,106,-32
107900064,221,126,95
107900065,141,3,138
107900066,48,7,41
107900067,0,0,0
107900068,180,274,-94
107900069,54,1860,-1806
107900070,126,54,72
107900071,22,781,-759
107900072,79,153,-74
107900073,414,98,316
107900074,924,234,690
107900076,84,61,23
107900077,54,2,52
107900079,13,20,-7
107900080,255,300,-45
107900081,42,136,-94
107900082,29,15,14
107900083,334,142,192
107900084,93,98,-5
107900086,261,126,135
107900087,656,145,511
107900088,35,4,31
107900089,277,946,-669
107900090,563,2390,-1827
107900091,214,554,-340
107900093,118,89,29
107900095,4142,2552,1590
107900097,12,63,-51
107900098,41,160,-119
107900100,1118,1114,4
107900101,1165,242,923
107900102,17,7,10
107900103,43,183,-140
107900104,188,7,181
107900105,2,583,-581
107900106,7,1310,-1303
107900107,985,559,426
107900108,363,152,211
107900109,957,12,945
107900110,45,81,-36
107900111,12,971,-959
107900112,101,317,-216
107900113,165,114,51
107900114,147,177,-30
107900115,4,58,-54
107900116,137,218,-81
107900117,412,554,-142
107900118,60,178,-118
107900119,73,304,-231
107900120,34,37,-3
107900121,9,221,-212
107900122,2,47,-45
107900123,14,47,-33
107900124,20,32,-12
107900125,29,140,-111
107900126,9,47,-38
107900127,479,295,184
107900128,125,62,63
107900129,52,48,4
107900130,56,36,20
107900131,757,250,507
107900132,131,444,-313
107900133,1,84,-83
107900134,18,70,-52
107900135,9,160,-151
107900136,35,39,-4
107900137,291,94,197
107900138,65,54,11
107900139,35,97,-62
107900141,49,45,4
107900142,197,839,-642
107900143,47,29,18
107900144,3,145,-142
107900145,15,108,-93
107900146,59,105,-46
107900147,31,35,-4
107900148,177,146,31
107900149,1048,274,774
107900150,121,718,-597
107900151,42,107,-65
107900152,11,197,-186
107900153,224,305,-81
107900154,60,29,31
107900155,70,126,-56
107900156,2,358,-356
107900157,26,46,-20
107900158,621,17,604
107900159,35,859,-824
107900160,122,195,-73
107900161,25,266,-241
107900162,2,32,-30
107900163,69,41,28
107900164,14,37,-23
107900165,70,101,-31
107900166,22,246,-224
107900167,49,35,14
107900168,17,40,-23
107900169,218,213,5
107900171,6,1673,-1667
107900172,2,407,-405
107900173,14,188,-174
107900174,96,6,90
107900175,39,23,16
107900176,31,48,-17
107900177,0,76,-76
107900178,0,226,-226
107900179,10,188,-178
107900180,586,418,168
107900181,300,286,14
107900182,450,1701,-1251
107900183,44,313,-269
107900184,216,200,16
107900185,96,4,92
107900186,22,52,-30
107900187,1,155,-154
107900188,794,164,630
107900189,48,114,-66
107900190,90,100,-10
107900191,72,106,-34
107900193,47,90,-43
107900194,198,17,181
107900195,2999,446,2553
107900196,55,102,-47
107900197,1037,312,725
107900199,2,1364,-1362
107900201,54,99,-45
107900203,73,79,-6
107900204,229,162,67
107900206,980,141,839
107900207,3,671,-668
107900208,12,703,-691
107900209,397,138,259
107900210,82,120,-38
107900213,425,381,44
107900214,20,148,-128
107900215,185,291,-106
107900216,152,66,86
107900217,41,76,-35
107900218,38,1576,-1538
107900219,39,102,-63
107900220,266,314,-48
107900221,153,252,-99
107900223,72,626,-554
107900224,114,354,-240
107900225,12,754,-742
107900226,110,126,-16
107900227,120,518,-398
107900228,10,99,-89
107900229,0,270,-270
107900230,17,149,-132
107900231,9,188,-179
107900232,82,211,-129
107900233,11,131,-120
107900234,106,132,-26
107900235,24,103,-79
107900236,90,104,-14
107900237,91,425,-334
107900238,23,81,-58
107900239,961,496,465
107900240,20,159,-139
107900241,17,102,-85
107900242,35,301,-266
107900243,3,75,-72
107900244,300,2,298
107900245,632,36,596
107900246,493,6,487
107900248,418,375,43
107900249,560,22,538
107900250,2,555,-553
107900251,118,1705,-1587
107900252,867,12,855
107900253,136,3,133
107900254,74,692,-618
107900255,338,89,249
107900256,2056,978,1078
107900257,164,92,72
107900258,64,200,-136
107900259,115,1588,-1473
107900261,4,276,-272
107900262,58,104,-46
107900264,355,9,346
107900265,613,179,434
107900267,189,35,154
107900268,12,0,12
107900269,0,3,-3
107900270,0,0,0
107900271,0,8,-8
107900272,45,6,39
107900273,32,80,-48
107900274,49,0,49
107900275,25,1,24
107900276,0,74,-74
107900277,4,194,-190
107900278,216,354,-138
107900279,109,150,-41
107900280,1972,2748,-776
107900281,1967,2264,-297
107900282,64,406,-342
107900283,1086,439,647
107900284,383,516,-133
107900285,72,99,-27
107900286,101,68,33
107900287,156,172,-16
107900290,0,125,-125
107900291,375,12,363
107900292,133,266,-133
107900293,67,612,-545
107900295,60,54,6
107900297,1,354,-353
107900298,818,1047,-229
107900299,3039,1983,1056
107900301,1137,682,455
107900302,88,74,14
107900303,232,399,-167
107900304,200,524,-324
107900305,252,7,245
107900306,10,14,-4
107900307,74,276,-202
107900308,182,86,96
107900309,199,0,199
107900310,543,5,538
107900311,10,347,-337
107900312,90,2,88
107900313,1,162,-161
107900314,2,53,-51
107900315,2,52,-50
107900316,40,4,36
107900317,126,19,107
107900318,31,162,-131
107900319,2,184,-182
107900320,2,158,-156
107900321,102,8,94
107900322,2,123,-121
107900323,7,145,-138
107900324,153,6,147
107900325,103,0,103
107900326,278,337,-59
107900327,1,72,-71
107900328,149,0,149
107900329,213,116,97
107900330,7,420,-413
107900331,176,37,139
107900332,239,41,198
107900333,56,15,41
107900334,8,184,-176
107900335,52,44,8
107900336,37,62,-25
107900337,1212,843,369
107900338,3,140,-137
107900339,0,35,-35
107900340,1,52,-51
107900341,84,1,83
107900342,159,145,14
107900343,98,3,95
107900344,5,68,-63
107900345,88,27,61
107900346,18,2,16
107900347,38,5,33
107900348,3,2,1
107900349,17,5,12
107900350,32,260,-228
107900351,4,220,-216
107900352,5,36,-31
107900353,28,9,19
107900354,16,50,-34
108000001,2786,3906,-1120
108000002,2259,3128,-869
108000003,3419,3127,292
108000004,14293,17677,-3384
108000005,8165,6140,2025
108000006,9362,8978,384
108000007,5085,4321,764
108000008,4975,7359,-2384
108000009,3413,4509,-1096
108000010,3398,5257,-1859
108000011,12117,12455,-338
108000012,20539,18161,2378
108000014,1752,828,924
108000015,859,341,518
108000016,353,821,-468
108000017,963,436,527
108000018,1792,638,1154
108000019,2782,916,1866
108000020,1310,598,712
108000021,405,2031,-1626
108000022,490,1367,-877
108000023,1105,238,867
108000024,422,625,-203
108000025,368,312,56
108000026,693,575,118
108000027,791,823,-32
108000028,761,254,507
108000029,658,1058,-400
108000030,541,237,304
108000031,209,700,-491
108000032,1384,691,693
108000033,753,1297,-544
108000034,1525,534,991
108000035,820,2662,-1842
108000036,345,1154,-809
108000037,1480,441,1039
108000038,2388,605,1783
108000039,618,2422,-1804
108000040,1567,954,613
108000041,647,2677,-2030
108000042,333,288,45
108000043,203,361,-158
108000044,433,206,227
108000045,298,817,-519
108000046,1372,337,1035
108000047,466,1215,-749
108000048,216,452,-236
108000049,1043,307,736
108000050,165,679,-514
108000051,335,145,190
108000052,236,727,-491
108000053,424,208,216
108000054,546,1065,-519
108000055,938,525,413
108000056,1359,1442,-83
108000057,686,1075,-389
108000058,1986,3799,-1813
108000059,3546,2247,1299
108000060,187,638,-451
108000061,383,599,-216
108000062,695,557,138
108000063,435,577,-142
108000064,201,291,-90
108000065,550,640,-90
108000066,1489,729,760
108000067,1645,622,1023
108000068,789,466,323
108000069,238,1175,-937
108000070,1696,841,855
108000071,710,1854,-1144
108000072,1620,1369,251
108000073,1507,2121,-614
108000074,567,481,86
108000075,357,1033,-676
108000076,688,718,-30
108000077,644,806,-162
108000078,1934,1418,516
108000079,1083,2127,-1044
108000080,1213,562,651
108000081,672,2220,-1548
108000082,1038,1990,-952
108000083,1650,1032,618
108000084,583,1312,-729
108000085,809,462,347
108000086,915,814,101
108000087,123,1739,-1616
108000088,638,185,453
108000089,291,443,-152
108000091,208,506,-298
108000092,199,98,101
108000093,184,660,-476
108000094,646,118,528
108000095,162,406,-244
108000096,372,190,182
108000097,147,477,-330
108000098,1543,1463,80
108000099,1467,339,1128
108000100,138,482,-344
108000101,2115,1504,611
108000102,1784,3631,-1847
108000106,1359,4,1355
108000107,2,829,-827
108000108,958,67,891
108000109,11,800,-789
108000110,225,415,-190
108000111,202,648,-446
108000112,59,175,-116
108000113,605,301,304
108000115,315,331,-16
108000117,754,372,382
108000118,627,1588,-961
108000119,761,435,326
108000120,166,744,-578
108000121,203,578,-375
108000122,573,329,244
108000123,1035,266,769
108000124,684,676,8
108000125,555,291,264
108000126,257,531,-274
108000127,589,451,138
108000128,705,675,30
108000129,533,1280,-747
108000130,645,298,347
108000131,883,570,313
108000132,2209,1650,559
108000133,806,548,258
108000134,652,738,-86
108000135,1024,673,351
108000136,523,1113,-590
108000137,436,355,81
108000138,374,1240,-866
108000139,505,442,63
108000140,119,29,90
108000141,41,79,-38
108000142,72,101,-29
108000143,33,579,-546
108000144,333,59,274
108000145,38,36,2
108000146,510,90,420
108000147,52,34,18
108000148,554,107,447
108000149,44,23,21
108000150,50,6,44
108000151,681,97,584
108000152,145,568,-423
108000153,432,173,259
108000154,64,21,43
108000155,45,23,22
108000156,916,544,372
108000157,127,861,-734
108000158,100,719,-619
108000159,604,252,352
108000160,3707,1338,2369
108000161,2650,2355,295
108000165,3,143,-140
108000172,7,350,-343
108000173,2289,2083,206
108000175,477,130,347
108000178,470,400,70
108000179,198,812,-614
108000181,63,32,31
108000182,292,110,182
108000183,198,523,-325
108000184,1118,2174,-1056
108000185,242,747,-505
108000186,327,659,-332
108000187,126,701,-575
108000188,560,286,274
108000189,2387,6964,-4577
108000190,33,117,-84
108000192,207,624,-417
108000193,1023,35,988
108000194,61,26,35
108000195,2,1148,-1146
108000196,283,161,122
108000198,735,461,274
108000199,0,229,-229
108000200,486,635,-149
108000203,122,888,-766
108000204,130,62,68
108000205,413,527,-114
108000339,1536,440,1096
108000364,354,769,-415
108000365,107,319,-212
108000367,127,399,-272
108000368,7,68,-61
108000369,1138,215,923
108000371,8,795,-787
108000372,696,10,686
108000373,281,201,80
108000376,68,32,36
108000377,363,323,40
108000378,8936,10680,-1744
108000379,24,195,-171
108000381,67,27,40
108000382,279,2,277
108000383,0,229,-229
108900001,123,1185,-1062
108900002,184,55,129
108900003,321,741,-420
108900004,471,478,-7
108900007,189,223,-34
108900008,81,129,-48
108900009,61,128,-67
108900010,219,191,28
108900011,471,476,-5
108900012,255,486,-231
108900013,166,260,-94
108900014,5,119,-114
108900015,39,57,-18
108900016,1,223,-222
108900017,218,338,-120
108900018,113,414,-301
108900019,27,1022,-995
108900020,35,238,-203
108900021,90,250,-160
108900022,88,8,80
108900023,1,22,-21
108900024,22,146,-124
108900025,125,139,-14
108900026,20,88,-68
108900027,0,88,-88
108900028,85,372,-287
108900029,57,331,-274
108900030,1,96,-95
108900031,94,448,-354
108900032,7,236,-229
108900033,0,74,-74
108900034,0,271,-271
108900035,326,1597,-1271
108900038,1,397,-396
108900039,0,570,-570
108900040,10,127,-117
108900041,5276,2858,2418
108900042,5,321,-316
108900043,52,440,-388
108900044,4,552,-548
108900045,55,607,-552
108900046,53,804,-751
108900047,12,139,-127
108900048,142,1015,-873
108900049,4039,1502,2537
108900050,0,274,-274
108900051,1,224,-223
108900052,39,296,-257
108900053,113,182,-69
108900054,67,212,-145
108900055,44,350,-306
108900056,0,191,-191
108900057,3,163,-160
108900058,33,445,-412
108900059,391,40,351
108900060,65,133,-68
108900061,104,34,70
108900062,5,300,-295
108900063,16,335,-319
108900064,170,95,75
108900065,8,307,-299
108900066,321,155,166
108900067,25,166,-141
108900068,12,207,-195
108900069,52,101,-49
108900070,35,120,-85
108900071,65,77,-12
108900072,1877,707,1170
108900073,33,389,-356
108900074,169,512,-343
108900075,83,57,26
108900076,223,98,125
108900077,154,440,-286
108900078,29,187,-158
108900079,954,225,729
108900080,31,773,-742
108900081,53,221,-168
108900082,72,138,-66
108900083,38,239,-201
108900085,2423,235,2188
108900086,81,290,-209
108900087,126,183,-57
108900088,948,424,524
108900089,27,140,-113
108900090,16,362,-346
108900091,123,77,46
108900092,404,340,64
108900093,119,86,33
108900094,199,99,100
108900095,73,397,-324
108900096,406,24,382
108900097,267,266,1
108900098,2543,598,1945
108900099,372,310,62
108900100,64,157,-93
108900101,151,143,8
108900102,79,765,-686
108900103,70,153,-83
108900105,16,1121,-1105
108900106,333,442,-109
108900108,332,51,281
108900109,330,57,273
108900110,183,545,-362
108900111,402,655,-253
108900113,63,54,9
108900114,54,20,34
108900115,54,61,-7
108900116,108,12,96
108900117,167,18,149
108900118,465,14,451
108900119,243,24,219
108900120,263,227,36
108900121,251,91,160
108900122,99,13,86
108900123,124,142,-18
108900124,379,216,163
108900125,338,9,329
108900126,112,17,95
108900127,152,27,125
108900128,100,49,51
108900129,608,177,431
108900130,303,0,303
108900131,374,3,371
108900132,374,71,303
108900133,301,69,232
108900134,262,293,-31
108900135,128,12,116
108900136,35,0,35
108900137,120,0,120
108900138,558,34,524
108900140,253,326,-73
108900141,243,18,225
108900142,174,7,167
108900143,39,0,39
108900144,81,0,81
108900145,123,14,109
108900146,73,1,72
108900147,168,3,165
108900148,104,43,61
108900150,253,3,250
108900151,332,5,327
108900152,188,3,185
108900153,136,407,-271
108900154,4760,473,4287
108900156,71,8,63
108900157,33,552,-519
108900158,493,44,449
108900159,5,231,-226
108900160,17,294,-277
108900161,6,448,-442
108900162,104,1,103
108900163,9,273,-264
108900164,67,78,-11
108900168,8819,2445,6374
108900169,57,104,-47
108900171,8198,2599,5599
108900172,140,45,95
108900173,220,345,-125
108900174,667,728,-61
108900176,102,553,-451
108900177,5893,4426,1467
108900178,4031,2954,1077
108900180,86,261,-175
108900183,231,197,34
108900184,406,207,199
108900185,92,282,-190
108900186,70,430,-360
108900189,234,126,108
108900190,68,3157,-3089
108900192,83,207,-124
108900195,77,340,-263
108900196,17,440,-423
108900199,275,372,-97
108900200,596,326,270
108900201,439,1541,-1102
108900203,441,85,356
108900204,360,21,339
108900205,139,31,108
108900206,407,34,373
108900207,171,66,105
108900208,32,276,-244
108900209,316,542,-226
108900210,194,197,-3
108900211,165,419,-254
108900212,693,1180,-487
108900215,88,500,-412
108900216,806,221,585
108900217,208,0,208
108900218,152,26,126
108900221,52,132,-80
108900224,29,184,-155
108900225,2,203,-201
108900227,87,186,-99
108900230,263,235,28
108900232,1,249,-248
108900233,290,89,201
108900234,255,204,51
108900235,232,598,-366
108900236,26,332,-306
108900240,102,114,-12
108900241,32,33,-1
108900245,11,1250,-1239
108900250,143,132,11
108900258,10,196,-186
108900259,109,89,20
108900260,7,141,-134
108900261,141,193,-52
108900262,188,137,51
108900263,26,150,-124
108900264,718,250,468
108900265,943,278,665
108900266,967,512,455
108900267,5,78,-73
108900268,11,6,5
108900269,67,12,55
108900270,51,7,44
108900271,42,11,31
108900272,219,6,213
108900273,1126,637,489
108900274,87,72,15
109000001,4689,1561,3128
109000002,2196,1782,414
109000003,2480,555,1925
109000004,567,2621,-2054
109000005,2526,861,1665
109000006,897,2197,-1300
109000007,1333,724,609
109000008,495,1875,-1380
109000009,3806,1516,2290
109000010,1683,4343,-2660
109000011,3176,2169,1007
109000012,1776,3772,-1996
109000013,3082,2976,106
109000014,1996,3333,-1337
109000015,4986,8645,-3659
109000016,7391,4216,3175
109000017,2199,1412,787
109000018,1039,3412,-2373
109000019,2790,1630,1160
109000020,1248,2092,-844
109000023,231,42,189
109000024,7,218,-211
109000025,414,541,-127
109000026,882,372,510
109000027,81,424,-343
109000028,129,101,28
109000029,121,194,-73
109000030,104,606,-502
109000031,234,193,41
109000032,132,490,-358
109000033,410,223,187
109000034,44,40,4
109000035,39,98,-59
109000036,218,415,-197
109000037,187,1190,-1003
109000038,727,436,291
109000039,821,543,278
109000040,2431,5354,-2923
109000041,4014,1741,2273
109000042,705,1236,-531
109000044,448,260,188
109000045,114,388,-274
109000046,302,92,210
109000047,109,484,-375
109000048,1479,531,948
109000049,311,629,-318
109000050,726,820,-94
109000051,417,356,61
109000052,588,1129,-541
109000053,981,275,706
109000054,1282,592,690
109000055,683,338,345
109000056,443,431,12
109000057,553,455,98
109000058,2617,722,1895
109000059,1044,1282,-238
109000060,994,467,527
109000061,1187,1114,73
109000062,123,411,-288
109000063,199,263,-64
109000064,278,197,81
109000065,113,312,-199
109000066,452,135,317
109000067,74,368,-294
109000068,4105,17,4088
109000069,1402,42,1360
109000070,11,1307,-1296
109000071,383,82,301
109000072,172,825,-653
109000073,78,120,-42
109000074,52,277,-225
109000075,94,366,-272
109000076,195,361,-166
109000077,428,447,-19
109000078,68,216,-148
109000079,164,218,-54
109000080,132,148,-16
109000081,125,593,-468
109000082,712,240,472
109000083,280,961,-681
109000088,145,574,-429
109000089,259,36,223
109000090,194,474,-280
109000091,283,166,117
109000092,358,579,-221
109000093,204,242,-38
109000094,422,3,419
109000095,146,476,-330
109000096,594,292,302
109000097,88,202,-114
109000098,62,174,-112
109000099,1011,322,689
109000100,304,725,-421
109000101,1364,781,583
109000102,305,816,-511
109000103,836,817,19
109000104,1482,713,769
109000105,489,1409,-920
109000106,1654,961,693
109000107,614,2595,-1981
109000108,1451,699,752
109000109,375,2112,-1737
109000110,1168,662,506
109000111,1024,2178,-1154
109000112,859,200,659
109000113,730,184,546
109000114,282,542,-260
109000115,1184,149,1035
109000116,18,723,-705
109000117,186,118,68
109000118,24,353,-329
109000119,1233,312,921
109000120,203,933,-730
109000121,670,139,531
109000122,135,879,-744
109000123,51,234,-183
109000124,545,693,-148
109000125,965,466,499
109000126,526,968,-442
109000127,1168,350,818
109000128,433,1731,-1298
109000129,1693,752,941
109000130,974,3140,-2166
109000131,1407,1035,372
109000132,1223,3165,-1942
109000133,369,1066,-697
109000134,860,1549,-689
109000135,1263,1874,-611
109000136,463,371,92
109000137,438,396,42
109000138,572,369,203
109000139,514,482,32
109000140,528,763,-235
109000141,758,615,143
109000142,128,486,-358
109000143,108,130,-22
109000145,143,490,-347
109000146,144,139,5
109000148,3299,2204,1095
109000149,27,80,-53
109000150,213,237,-24
109000155,696,664,32
109000156,1181,682,499
109000158,127,298,-171
109000159,108,544,-436
109000160,955,253,702
109000161,349,1220,-871
109000162,1719,815,904
109000163,867,1941,-1074
109000164,1163,2759,-1596
109000165,1282,720,562
109000166,606,172,434
109000167,118,571,-453
109000170,65,67,-2
109000171,77,51,26
109000172,54,115,-61
109000173,31,96,-65
109000174,100,69,31
109000175,107,382,-275
109000176,267,268,-1
109000177,29,113,-84
109000178,607,506,101
109000179,4525,4237,288
109000180,4970,3337,1633
109000181,21,31,-10
109000182,34,36,-2
109000183,41,50,-9
109000184,30,30,0
109000185,17,77,-60
109000188,1134,2309,-1175
109000189,5008,1218,3790
109000190,1290,495,795
109000191,621,536,85
109000192,348,354,-6
109000193,177,406,-229
109000194,280,151,129
109000195,153,419,-266
109000196,304,174,130
109000197,154,438,-284
109000198,358,114,244
109000199,110,484,-374
109000206,212,44,168
109000207,111,26,85
109000208,82,96,-14
109000209,174,161,13
109000210,198,608,-410
109000211,606,616,-10
109000214,528,1134,-606
109000215,209,136,73
109000216,229,258,-29
109000217,291,149,142
109000218,1330,241,1089
109000221,605,1249,-644
109000222,1003,278,725
109000223,282,280,2
109000224,58,185,-127
109000225,68,42,26
109000226,93,247,-154
109000227,829,1130,-301
109000228,2,732,-730
109000231,2,287,-285
109000232,281,404,-123
109000236,190,829,-639
109000241,2110,2374,-264
109000242,1824,1750,74
109000293,175,248,-73
109000361,327,369,-42
109000364,293,646,-353
109000396,1,565,-564
109000397,429,7,422
109000399,178,515,-337
109000400,128,427,-299
109000403,346,1839,-1493
109000406,539,4,535
109000407,413,307,106
109000408,1,637,-636
109000410,974,245,729
109000411,229,43,186
109900001,117,0,117
109900002,833,14,819
109900003,221,0,221
109900005,15,0,15
109900006,407,329,78
109900007,584,628,-44
109900008,0,67,-67
109900009,114,610,-496
109900010,536,22,514
109900011,125,51,74
109900012,543,294,249
109900013,453,193,260
109900015,427,227,200
109900017,46,20,26
109900018,178,52,126
109900019,230,57,173
109900020,45,78,-33
109900021,27,31,-4
109900022,160,249,-89
109900023,14,4,10
109900024,48,4,44
109900025,27,47,-20
109900027,16,81,-65
109900028,1890,992,898
109900029,1,396,-395
109900030,46,5,41
109900031,0,95,-95
109900032,11,375,-364
109900033,3,439,-436
109900034,35,2,33
109900035,16,33,-17
109900036,56,83,-27
109900037,24,494,-470
109900038,77,189,-112
109900039,18,0,18
109900040,16,653,-637
109900041,77,362,-285
109900042,48,477,-429
109900044,566,299,267
109900045,389,123,266
109900046,124,110,14
109900047,387,359,28
109900048,20,121,-101
109900049,15,40,-25
109900050,2,180,-178
109900051,0,81,-81
109900052,85,428,-343
109900053,3,327,-324
109900054,508,202,306
109900055,61,365,-304
109900056,43,317,-274
109900057,3,208,-205
109900058,0,113,-113
109900060,377,183,194
109900061,54,286,-232
109900062,2,168,-166
109900064,454,295,159
109900065,113,156,-43
109900066,345,896,-551
109900067,2,310,-308
109900068,27,3,24
109900069,1,39,-38
109900071,2,39,-37
109900072,33,189,-156
109900073,335,520,-185
109900074,8,59,-51
109900075,54,33,21
109900076,34,402,-368
109900077,36,84,-48
109900078,97,218,-121
109900080,166,339,-173
109900081,28,189,-161
109900082,29,386,-357
109900083,33,62,-29
109900084,71,160,-89
109900085,192,754,-562
109900086,158,509,-351
109900087,372,450,-78
109900089,691,229,462
109900092,1060,35,1025
109900093,796,146,650
109900094,75,115,-40
109900095,225,162,63
109900096,53,2,51
109900097,95,2,93
109900098,334,34,300
109900099,104,1,103
109900100,34,0,34
109900101,345,15,330
109900102,381,23,358
109900103,315,85,230
109900104,476,975,-499
109900105,395,29,366
109900106,355,69,286
109900107,490,82,408
109900108,125,376,-251
109900109,46,126,-80
109900111,278,891,-613
109900114,832,496,336
109900115,206,89,117
109900117,897,130,767
109900121,688,765,-77
109900123,15,165,-150
109900125,1,159,-158
109900126,175,121,54
109900130,7291,1951,5340
109900131,64,230,-166
109900132,31,175,-144
109900134,112,150,-38
109900135,400,84,316
109900137,86,297,-211
109900140,194,239,-45
109900149,37,75,-38
109900150,9,130,-121
109900151,12,53,-41
109900152,1,44,-43
109900153,2,61,-59
109900154,109,0,109
109900155,41,22,19
109900157,43,267,-224
109900159,370,85,285
109900161,186,53,133
109900162,329,271,58
109900163,624,254,370
109900164,75,304,-229
109900165,891,10,881
109900166,1,194,-193
109900167,163,555,-392
109900168,169,720,-551
109900169,182,217,-35
109900170,640,630,10
109900171,121,111,10
109900172,215,282,-67
109900173,3303,2231,1072
109900174,55,103,-48
109900175,170,99,71
109900176,124,226,-102
109900177,46,210,-164
109900178,14,145,-131
109900179,182,32,150
109900180,11,23,-12
110000001,1027,620,407
110000002,761,891,-130
110000003,768,797,-29
110000004,484,778,-294
110000005,478,1739,-1261
110000006,413,356,57
110000007,95,126,-31
110000008,29,62,-33
110000009,60,42,18
110000010,30,76,-46
110000011,31,80,-49
110000012,635,433,202
110000013,59,769,-710
110000014,969,491,478
110000015,265,978,-713
110000016,275,1895,-1620
110000017,2864,322,2542
110000018,2836,504,2332
110000019,7,100,-93
110000020,314,203,111
110000021,1058,570,488
110000022,910,200,710
110000023,6,135,-129
110000024,653,421,232
110000025,287,5,282
110000026,1,284,-283
110000027,1145,418,727
110000028,995,1022,-27
110000029,542,724,-182
110000030,216,562,-346
110000031,306,519,-213
110000032,659,644,15
110000033,338,88,250
110000034,472,1332,-860
110000035,936,580,356
110000036,1171,1299,-128
110000037,230,459,-229
110000038,229,1019,-790
110000039,829,3622,-2793
110000040,399,368,31
110000041,359,1580,-1221
110000042,181,381,-200
110000043,1097,513,584
110000044,156,161,-5
110000045,1409,140,1269
110000046,21,30,-9
110000047,193,32,161
110000048,28,41,-13
110000049,116,14,102
110000050,10,33,-23
110000051,120,22,98
110000052,32,45,-13
110000053,168,12,156
110000054,656,289,367
110000055,1369,49,1320
110000056,461,106,355
110000057,392,629,-237
110000058,1248,560,688
110000059,1072,571,501
110000060,874,1121,-247
110000061,920,756,164
110000062,655,1083,-428
110000063,26,126,-100
110000064,103,64,39
110000065,86,170,-84
110000066,62,72,-10
110000067,111,250,-139
110000068,332,230,102
110000069,232,159,73
110000071,115,232,-117
110000073,9,14,-5
110000075,14,264,-250
110000076,290,426,-136
110000077,427,1268,-841
110000078,30,77,-47
110000080,333,783,-450
110000081,91,355,-264
110000082,84,422,-338
110000083,375,785,-410
110000084,1370,860,510
110000085,2837,1918,919
110000086,2121,1986,135
110000087,22,68,-46
110000088,76,261,-185
110000089,211,115,96
110000090,224,287,-63
110000091,1246,423,823
110000092,36,82,-46
110000093,61,17,44
110000094,576,330,246
110000095,262,635,-373
110000096,2396,2149,247
110000097,1111,1475,-364
110000098,2099,765,1334
110000099,845,1794,-949
110000100,717,631,86
110000101,36,395,-359
110000102,92,58,34
110000104,1250,140,1110
110000105,207,353,-146
110000106,677,439,238
110000107,366,448,-82
110000108,130,98,32
110000109,262,301,-39
110000110,3348,3819,-471
110000111,6589,3202,3387
110000112,1478,1163,315
110000113,444,2447,-2003
110000114,152,781,-629
110000115,475,484,-9
110000116,50,79,-29
110000117,178,341,-163
110000118,320,197,123
110000119,163,332,-169
110000120,352,183,169
110000121,101,464,-363
110000122,415,660,-245
110000123,462,752,-290
110000124,3,1070,-1067
110000125,1050,3,1047
110000126,305,26,279
110000127,1107,58,1049
110000128,43,1384,-1341
110000129,6,716,-710
110000130,393,173,220
110000131,104,534,-430
110000132,9,884,-875
110000133,53,614,-561
110000134,13,465,-452
110000135,193,41,152
110000136,73,331,-258
110000137,509,595,-86
110000138,680,816,-136
110000139,687,1320,-633
110000140,1055,627,428
110000143,674,457,217
110000144,5749,1611,4138
110000145,2016,903,1113
110000146,1755,816,939
110000147,459,714,-255
110000148,659,294,365
110000151,941,731,210
110000152,863,469,394
110000153,75,62,13
110000154,5,19,-14
110000155,1531,4118,-2587
110000156,1286,2317,-1031
110000157,1680,1880,-200
110000160,367,385,-18
110000161,202,417,-215
110000166,490,152,338
110000167,758,595,163
110000168,932,575,357
110000169,799,414,385
110000170,144,124,20
110000171,779,186,593
110000172,139,902,-763
110000173,1281,1423,-142
110000174,206,1287,-1081
110000175,514,87,427
110000176,241,298,-57
110000177,194,884,-690
110000178,409,1670,-1261
110000179,1209,356,853
110000180,149,260,-111
110000181,362,584,-222
110000182,319,145,174
110000183,9595,6935,2660
110000184,484,2503,-2019
110000185,1224,699,525
110000186,746,826,-80
110000191,776,369,407
110000192,539,11,528
110000193,1235,8,1227
110000194,31,1217,-1186
110000195,336,322,14
110000196,369,421,-52
110000197,85,183,-98
110000198,211,99,112
110000199,114,116,-2
110000200,1902,513,1389
110000201,1664,950,714
110000202,1270,657,613
110000203,993,924,69
110000204,5,274,-269
110000205,130,55,75
110000206,777,1589,-812
110000207,811,368,443
110000208,321,220,101
110000209,162,859,-697
110000210,1111,734,377
110000211,1075,904,171
110000212,410,1090,-680
110000213,174,109,65
110000214,252,163,89
110000215,193,391,-198
110000216,100,396,-296
110000217,261,170,91
110000218,134,378,-244
110000219,261,105,156
110000220,70,308,-238
110000221,266,91,175
110000222,60,236,-176
110000223,11,174,-163
110000224,99,18,81
110000225,258,757,-499
110000226,227,67,160
110000227,813,866,-53
110000228,369,427,-58
110000229,3,279,-276
110000230,699,739,-40
110000231,344,221,123
110000232,369,212,157
110000233,251,251,0
110000234,809,621,188
110000235,848,1097,-249
110000236,757,937,-180
110000237,2530,1259,1271
110000238,1367,1531,-164
110000239,2028,1249,779
110000240,2,83,-81
110000242,1,7,-6
110000243,100,151,-51
110000244,132,414,-282
110000245,63,355,-292
110000246,1275,701,574
110000247,1316,5315,-3999
110000248,2318,1663,655
110000249,117,9,108
110000250,158,253,-95
110000251,369,640,-271
110000252,265,225,40
110000253,1508,785,723
110000254,879,1359,-480
110000255,333,973,-640
110000256,534,365,169
110000257,700,478,222
110000258,20,440,-420
110000259,129,10,119
110000260,30,287,-257
110000263,637,159,478
110000264,263,437,-174
110000265,1457,2169,-712
110000266,2321,2861,-540
110000267,28,183,-155
110000268,306,420,-114
110000269,4,61,-57
110000270,59,4,55
110000271,1610,274,1336
110000272,1230,1064,166
110000273,3827,1618,2209
110000274,516,1402,-886
110000275,2249,686,1563
110000276,519,302,217
110000277,698,392,306
110000278,561,722,-161
110000279,945,835,110
110000280,545,465,80
110000281,28,312,-284
110000282,320,50,270
110000283,116,158,-42
110000284,110,54,56
110000285,9,483,-474
110000286,34,0,34
110000287,135,3,132
110000288,61,112,-51
110000289,467,1556,-1089
110000290,1047,747,300
110000291,5143,1463,3680
110000292,1321,4271,-2950
110000293,998,856,142
110000294,1014,1142,-128
110000295,174,813,-639
110000296,431,343,88
110000297,2531,393,2138
110000298,287,817,-530
110000299,436,92,344
110000301,524,47,477
110000302,599,1185,-586
110000303,555,3,552
110000304,228,299,-71
110000305,1010,9,1001
110000306,150,1263,-1113
110000307,1443,7,1436
110000308,428,8,420
110000309,6,911,-905
110000310,648,89,559
110000311,21,639,-618
110000312,529,76,453
110000313,3017,4271,-1254
110000314,1,368,-367
110000315,3640,2575,1065
110000316,579,1408,-829
110000317,708,432,276
110000318,18,92,-74
110000319,51,39,12
110000320,150,60,90
110000321,14,44,-30
110000322,374,425,-51
110000323,612,222,390
110000324,3469,1714,1755
110000325,3060,3286,-226
110000327,612,318,294
110000328,253,429,-176
110000333,1311,795,516
110000334,1047,1510,-463
110000335,1181,680,501
110000336,1329,1213,116
110000337,2466,657,1809
110000338,479,248,231
110000339,527,233,294
110000340,283,181,102
110000341,577,609,-32
110000342,540,9,531
110000343,0,17,-17
110000344,994,183,811
110000345,1380,161,1219
110000346,2691,2068,623
110000347,1178,923,255
110000348,19,20,-1
110000349,5,55,-50
110000350,50,6,44
110000351,912,1066,-154
110000352,570,1660,-1090
110000353,2891,922,1969
110000354,1167,3303,-2136
110000355,101,134,-33
110000356,726,7,719
110000357,473,15,458
110000361,14,74,-60
110000362,32,21,11
110000363,291,116,175
110000364,196,390,-194
110000365,203,2,201
110000366,1,82,-81
110000367,368,189,179
110000368,1,42,-41
110000369,113,3,110
110000373,5,219,-214
110000374,528,24,504
110000375,126,1233,-1107
110000376,38,128,-90
110000377,70,576,-506
110000378,20,323,-303
110000379,3134,2239,895
110000380,82,9,73
110000383,0,1032,-1032
110000384,2994,1010,1984
110000385,0,176,-176
110000387,69,9,60
110000388,21,252,-231
110000389,634,11,623
110000391,1110,341,769
110000396,131,166,-35
110000397,100,175,-75
110000398,7,34,-27
110000399,227,1,226
110000587,199,67,132
110000589,260,317,-57
110000640,224,95,129
110000652,42,131,-89
110000653,394,522,-128
110000654,235,157,78
110000656,0,656,-656
110000674,22,14,8
110000675,35,10,25
110000676,7,30,-23
110000679,545,1150,-605
110000682,129,212,-83
110000683,559,896,-337
110000684,4,30,-26
110000685,5,8,-3
110000686,1,24,-23
110000687,36,4,32
110000688,60,773,-713
110000689,42,68,-26
110000692,170,160,10
110000693,197,449,-252
110000694,0,264,-264
110000695,510,650,-140
110000696,92,88,4
110900001,152,2,150
110900002,760,174,586
110900003,620,664,-44
110900004,390,201,189
110900005,2934,1937,997
110900006,66,8,58
110900007,107,9,98
110900008,23,98,-75
110900009,318,65,253
110900010,10,85,-75
110900011,10,96,-86
110900012,6,123,-117
110900013,901,275,626
110900014,400,11,389
110900015,584,449,135
110900016,32,177,-145
110900017,347,67,280
110900018,451,69,382
110900019,222,17,205
110900020,89,310,-221
110900021,89,518,-429
110900022,110,340,-230
110900023,84,493,-409
110900024,18,406,-388
110900025,31,66,-35
110900027,53,201,-148
110900028,34,126,-92
110900029,21,345,-324
110900030,50,236,-186
110900031,185,157,28
110900032,0,96,-96
110900033,59,187,-128
110900035,19,538,-519
110900036,107,24,83
110900037,46,49,-3
110900038,914,186,728
110900039,5,219,-214
110900040,191,30,161
110900041,10,122,-112
110900042,97,44,53
110900043,5,131,-126
110900044,220,25,195
110900045,39,368,-329
110900046,60,269,-209
110900047,521,270,251
110900049,77,68,9
110900050,19,3,16
110900051,44,254,-210
110900052,1,160,-159
110900053,75,45,30
110900054,40,191,-151
110900055,37,1,36
110900056,62,98,-36
110900057,1,162,-161
110900058,254,206,48
110900059,672,544,128
110900060,428,114,314
110900061,26,46,-20
110900062,138,279,-141
110900063,20,171,-151
110900064,22,1,21
110900065,439,157,282
110900066,1,62,-61
110900067,315,668,-353
110900068,207,240,-33
110900069,173,243,-70
110900070,127,56,71
110900071,304,589,-285
110900073,0,21,-21
110900074,292,102,190
110900075,363,105,258
110900077,655,741,-86
110900078,36,67,-31
110900079,2757,1277,1480
110900080,99,92,7
110900081,8,73,-65
110900082,113,147,-34
110900083,141,53,88
110900084,53,144,-91
110900085,49,314,-265
110900086,34,252,-218
110900087,298,74,224
110900088,13,1,12
110900090,26,39,-13
110900091,0,59,-59
110900093,309,109,200
110900095,38,50,-12
110900097,16,34,-18
110900098,23,104,-81
110900099,33,385,-352
110900100,0,35,-35
110900102,209,23,186
110900105,500,244,256
110900108,21,71,-50
110900111,354,265,89
110900112,739,4,735
110900113,529,45,484
110900115,4,68,-64
110900116,550,1545,-995
110900118,229,2682,-2453
110900119,3833,336,3497
110900120,16,81,-65
110900121,91,0,91
110900122,293,152,141
110900125,307,382,-75
110900127,549,1165,-616
110900128,444,502,-58
110900129,340,561,-221
110900130,1359,692,667
110900131,164,48,116
110900132,229,47,182
110900133,62,221,-159
110900135,64,296,-232
110900136,304,20,284
110900138,0,0,0
110900139,38,1,37
110900140,7,0,7
110900141,755,214,541
110900142,54,212,-158
110900143,117,91,26
110900144,1,807,-806
110900145,199,30,169
110900146,613,156,457
110900147,140,323,-183
110900148,7,266,-259
110900149,7,77,-70
110900150,46,18,28
110900151,1,101,-100
110900152,56,238,-182
110900153,120,28,92
111000001,679,625,54
111000002,1014,942,72
111000003,1225,898,327
111000004,715,1417,-702
111000005,1562,1342,220
111000006,1178,2039,-861
111000007,4276,3182,1094
111000008,2992,3972,-980
111000009,575,1058,-483
111000010,855,299,556
111000011,526,1277,-751
111000012,816,480,336
111000013,452,1218,-766
111000014,1451,710,741
111000017,96,939,-843
111000018,307,455,-148
111000020,1164,2779,-1615
111000021,83,128,-45
111000023,167,106,61
111000025,5133,4581,552
111000029,171,133,38
111000030,63,138,-75
111000031,2321,1794,527
111000032,1080,500,580
111000033,326,396,-70
111000034,295,324,-29
111000037,2009,1544,465
111000038,4079,2771,1308
111000039,2017,2614,-597
111000040,1823,2856,-1033
111000041,2062,2026,36
111000042,3738,2952,786
111000043,1767,3308,-1541
111000044,1690,1252,438
111000045,2214,2529,-315
111000046,1334,1777,-443
111000047,2113,4196,-2083
111000049,562,558,4
111000050,1624,1675,-51
111000051,588,1246,-658
111000052,825,2001,-1176
111000053,399,1047,-648
111000054,373,1083,-710
111000055,1252,2161,-909
111000056,344,571,-227
111000057,93,696,-603
111000058,354,109,245
111000059,1425,398,1027
111000060,5257,1058,4199
111000061,529,435,94
111000062,750,372,378
111000063,3135,1112,2023
111000064,632,675,-43
111000065,1078,1349,-271
111000066,475,641,-166
111000067,635,746,-111
111000068,710,1238,-528
111000069,2018,2628,-610
111000070,1599,1316,283
111000071,362,852,-490
111000072,997,531,466
111000073,390,1146,-756
111000074,1627,1822,-195
111000075,1158,779,379
111000076,539,838,-299
111000077,1804,2167,-363
111000078,3031,1888,1143
111000079,1545,1010,535
111000080,609,861,-252
111000081,1749,4705,-2956
111000082,701,917,-216
111000084,937,751,186
111000085,1384,1731,-347
111000086,2728,1491,1237
111000087,797,807,-10
111000088,5126,2035,3091
111000089,785,1048,-263
111000090,1010,1655,-645
111000091,820,641,179
111000092,1148,1116,32
111000093,965,1208,-243
111000094,2623,1369,1254
111000095,658,2592,-1934
111000096,2196,8369,-6173
111000097,5357,1986,3371
111000098,948,1337,-389
111000099,665,2138,-1473
111000100,358,2028,-1670
111000101,499,877,-378
111000102,249,620,-371
111000104,796,239,557
111000107,123,734,-611
111000109,664,387,277
111000110,1784,972,812
111000111,2156,583,1573
111000112,1812,754,1058
111000113,951,1947,-996
111000114,2454,4386,-1932
111000115,6951,1403,5548
111000116,1011,1188,-177
111000117,551,1043,-492
111000118,2329,1118,1211
111000119,1083,1234,-151
111000120,436,729,-293
111000121,241,782,-541
111000122,675,1411,-736
111000123,1072,3275,-2203
111000124,591,3054,-2463
111000125,288,1626,-1338
111000126,127,1056,-929
111000127,903,248,655
111000128,2025,446,1579
111000129,2558,661,1897
111000130,1755,1049,706
111000131,1488,817,671
111000132,1125,871,254
111000133,133,194,-61
111000134,216,191,25
111000135,51,165,-114
111000136,324,346,-22
111000138,33,21,12
111000140,3,11,-8
111000141,350,397,-47
111000142,21,126,-105
111000143,3,114,-111
111000144,94,250,-156
111000145,4358,60,4298
111000146,186,38,148
111000147,412,94,318
111000148,268,60,208
111000149,8,38,-30
111000150,66,14,52
111000151,3,54,-51
111000153,693,843,-150
111000154,982,225,757
111000155,105,170,-65
111000156,446,569,-123
111000157,258,958,-700
111000158,1004,825,179
111000159,2711,791,1920
111000160,461,464,-3
111000161,25,294,-269
111000162,86,203,-117
111000163,876,1205,-329
111000164,858,4786,-3928
111000165,1420,685,735
111000166,2395,459,1936
111000167,205,540,-335
111000168,321,610,-289
111000169,312,860,-548
111000170,613,655,-42
111000171,618,856,-238
111000172,237,663,-426
111000173,499,1092,-593
111000174,189,436,-247
111000175,53,312,-259
111000176,418,162,256
111000177,339,249,90
111000178,1474,482,992
111000179,301,285,16
111000180,249,592,-343
111000181,1220,273,947
111000182,290,284,6
111000183,952,382,570
111000184,405,301,104
111000185,553,614,-61
111000186,830,313,517
111000187,117,302,-185
111000188,202,502,-300
111000189,1301,701,600
111000190,208,470,-262
111000191,189,438,-249
111000192,193,624,-431
111000193,417,414,3
111000194,51,402,-351
111000195,157,376,-219
111000196,73,285,-212
111000197,337,176,161
111000198,671,191,480
111000199,196,215,-19
111000200,368,399,-31
111000201,570,377,193
111000202,249,275,-26
111000203,316,287,29
111000204,573,995,-422
111000213,200,641,-441
111000214,1646,1755,-109
111000215,1263,1628,-365
111000217,1269,841,428
111000218,1156,1127,29
111000219,502,239,263
111000220,2057,755,1302
111000221,1024,109,915
111000224,136,482,-346
111000225,438,351,87
111000226,160,5,155
111000227,45,4,41
111000228,28,399,-371
111000229,36,841,-805
111000230,342,445,-103
111000231,968,1131,-163
111000232,1070,1218,-148
111000233,762,892,-130
111000234,174,371,-197
111000239,135,170,-35
111000240,40,214,-174
111000241,39,318,-279
111000242,119,78,41
111000243,344,672,-328
111000244,623,115,508
111000245,2477,654,1823
111000246,602,492,110
111000247,224,1165,-941
111000248,656,626,30
111000249,516,945,-429
111000250,45,110,-65
111000251,25,113,-88
111000253,7,18,-11
111000255,21,8,13
111000257,40,20,20
111000260,76,1163,-1087
111000261,1331,131,1200
111000271,76,364,-288
111000273,4258,2033,2225
111000274,1359,2467,-1108
111000275,194,102,92
111000276,365,2151,-1786
111000277,212,499,-287
111000278,674,371,303
111000291,969,5203,-4234
111000298,456,423,33
111000299,704,173,531
111000300,119,668,-549
111000302,244,185,59
111000303,80,261,-181
111000312,50,97,-47
111000315,21,142,-121
111000320,460,765,-305
111000321,361,107,254
111000322,377,564,-187
111000323,202,20,182
111000324,523,402,121
111000325,37,84,-47
111000326,233,438,-205
111000327,509,560,-51
111000328,326,660,-334
111000329,4,56,-52
111000330,69,10,59
111000331,33,9,24
111000332,560,1500,-940
111000334,428,1681,-1253
111000335,1034,374,660
111000337,1294,548,746
111000338,117,124,-7
111000339,464,393,71
111000340,151,641,-490
111000341,1193,1037,156
111000342,676,889,-213
111000344,1076,718,358
111000345,583,75,508
111000346,35,111,-76
111000347,117,13,104
111000350,223,161,62
111000351,157,267,-110
111000352,204,138,66
111000353,121,319,-198
111000354,713,156,557
111000355,454,628,-174
111000358,132,1389,-1257
111000360,148,758,-610
111000361,120,328,-208
111000546,1260,703,557
111000547,477,499,-22
111000548,107,320,-213
111000549,290,323,-33
111000550,120,920,-800
111000551,802,158,644
111000552,4652,184,4468
111000907,544,20,524
111000908,21,0,21
111000916,1751,418,1333
111000917,52,404,-352
111000918,232,972,-740
111000920,507,59,448
111000921,10,346,-336
111000922,542,317,225
111000924,66,952,-886
111000925,3495,2719,776
111000926,1329,2248,-919
111000927,3280,5728,-2448
111000928,4836,4153,683
111000929,2874,1475,1399
111000930,1383,2716,-1333
111000931,1870,3014,-1144
111000932,4461,2668,1793
111000933,4083,2610,1473
111000934,2490,3862,-1372
111000935,1377,1347,30
111000936,1230,2437,-1207
111000937,1061,2085,-1024
111000938,1610,2336,-726
111000939,523,70,453
111000940,413,222,191
111000941,743,479,264
111000943,396,377,19
111000944,206,504,-298
111000945,140,1761,-1621
111001109,393,308,85
111001110,222,625,-403
111001111,70,11,59
111001112,186,26,160
111001113,0,243,-243
111001114,1205,109,1096
111001115,97,459,-362
111001116,5897,4856,1041
111001117,848,3920,-3072
111001120,104,345,-241
111001121,210,325,-115
111001122,294,635,-341
111001123,303,168,135
111001124,198,270,-72
111001125,4,152,-148
111001126,6,0,6
111001127,0,61,-61
111001128,536,649,-113
111900001,7,231,-224
111900002,8,719,-711
111900003,1,380,-379
111900004,42,134,-92
111900006,8,25,-17
111900007,40,6,34
111900008,120,3,117
111900009,102,2,100
111900010,287,463,-176
111900012,58,108,-50
111900013,26,65,-39
111900014,5754,3156,2598
111900015,1,69,-68
111900016,0,183,-183
111900017,0,152,-152
111900018,210,4,206
111900019,3,93,-90
111900020,5,56,-51
111900021,58,131,-73
111900022,12,77,-65
111900023,82,107,-25
111900024,32,85,-53
111900025,0,35,-35
111900026,1,105,-104
111900027,9,154,-145
111900028,26,471,-445
111900029,2,100,-98
111900030,55,345,-290
111900032,4,341,-337
111900033,4,125,-121
111900034,330,484,-154
111900035,198,229,-31
111900036,0,295,-295
111900038,349,563,-214
111900039,47,389,-342
111900040,5,588,-583
111900042,20,177,-157
111900043,6,359,-353
111900044,404,221,183
111900046,73,184,-111
111900048,164,772,-608
111900049,44,205,-161
111900050,76,27,49
111900051,2,210,-208
111900052,451,423,28
111900053,1378,1187,191
111900054,108,5,103
111900055,20,383,-363
111900056,264,253,11
111900057,80,88,-8
111900058,312,613,-301
111900059,2106,535,1571
111900060,349,1,348
111900061,11,209,-198
111900062,44,94,-50
111900063,405,214,191
111900064,185,298,-113
111900065,53,29,24
111900066,112,134,-22
111900067,0,372,-372
111900068,72,48,24
111900069,55,37,18
111900070,105,124,-19
111900071,3,235,-232
111900072,39,25,14
111900073,546,123,423
111900074,16,178,-162
111900075,86,3,83
111900076,134,61,73
111900077,35,0,35
111900078,216,21,195
111900079,45,39,6
111900080,261,242,19
111900082,151,22,129
111900083,134,21,113
111900084,103,5,98
111900085,25,118,-93
111900086,29,1,28
111900087,42,0,42
111900088,430,5,425
111900089,78,3,75
111900090,40,31,9
111900091,177,4,173
111900092,79,2,77
111900093,374,5,369
111900094,99,1,98
111900095,177,18,159
111900096,123,2,121
111900097,63,0,63
111900098,180,1,179
111900099,61,0,61
111900100,308,3,305
111900101,100,34,66
111900102,436,595,-159
111900103,62,58,4
111900104,131,66,65
111900105,347,164,183
111900106,1043,54,989
111900110,1755,392,1363
111900111,245,172,73
111900112,565,2328,-1763
111900113,317,143,174
111900118,265,110,155
111900119,273,146,127
111900122,204,68,136
111900123,10,42,-32
111900124,24,92,-68
111900125,533,26,507
111900126,235,2,233
111900127,2,685,-683
111900128,3,631,-628
111900129,260,21,239
111900130,166,19,147
111900131,576,1,575
111900132,23,1037,-1014
111900133,75,489,-414
111900134,23,220,-197
111900135,8,31,-23
111900136,60,129,-69
111900137,58,82,-24
111900138,11,85,-74
111900139,16,149,-133
111900140,70,19,51
111900141,77,10,67
111900142,99,38,61
111900143,12,191,-179
111900144,0,85,-85
111900145,2,457,-455
111900146,1,236,-235
111900147,135,467,-332
111900148,32,653,-621
111900149,7,284,-277
111900150,13,140,-127
111900151,3,18,-15
111900152,86,77,9
111900153,1644,478,1166
111900154,12,185,-173
111900155,23,68,-45
111900156,26,83,-57
111900157,76,18,58
111900158,552,33,519
111900159,263,8,255
111900160,244,1,243
111900161,139,0,139
111900162,545,443,102
111900163,65,221,-156
111900164,85,59,26
111901113,379,269,110
111901114,503,234,269
111901115,36,1,35
111901116,61,2,59
111901117,20,73,-53
111901118,87,504,-417
111901119,893,141,752
111901121,174,205,-31
111901122,6,529,-523
111901123,135,356,-221
111901124,183,2,181
111901125,334,228,106
111901127,540,337,203
111901129,12,89,-77
111901130,140,307,-167
111901131,3,303,-300
111901132,309,24,285
111901133,47,2,45
111901134,78,4,74
111901135,10,16,-6
111901136,22,77,-55
111901138,202,34,168
111901139,83,38,45
111901140,7,85,-78
111901141,7,155,-148
111901142,25,194,-169
111901143,12,245,-233
111901144,49,42,7
111901145,161,302,-141
111901146,503,21,482
111901147,711,189,522
111901148,37,48,-11
111901149,16,4,12
111901150,25,0,25
111901151,0,0,0
111901152,8,41,-33
112000001,1675,866,809
112000002,794,2542,-1748
112000003,1119,1004,115
112000004,787,1281,-494
112000005,2930,3380,-450
112000006,2436,2119,317
112000007,2607,1979,628
112000008,2473,4297,-1824
112000009,4065,4399,-334
112000010,2898,3101,-203
112000011,2298,2075,223
112000012,4257,3098,1159
112000013,6400,3341,3059
112000014,3858,1158,2700
112000015,5895,3538,2357
112000016,5431,1126,4305
112000017,3192,1932,1260
112000024,2807,1256,1551
112000026,5088,5896,-808
112000027,947,774,173
112000028,1901,1717,184
112000029,490,755,-265
112000030,225,130,95
112000031,1340,3934,-2594
112000032,503,69,434
112000033,2632,1266,1366
112000034,351,68,283
112000035,177,278,-101
112000036,1328,805,523
112000037,3028,669,2359
112000038,2870,907,1963
112000039,57,105,-48
112000040,148,304,-156
112000041,585,549,36
112000042,1289,433,856
112000050,1284,1786,-502
112000051,1026,1220,-194
112000054,1733,2141,-408
112000057,441,407,34
112000058,427,631,-204
112000059,553,940,-387
112000061,3524,2138,1386
112000062,1573,670,903
112000063,1176,1698,-522
112000064,4580,6082,-1502
112000065,2544,2776,-232
112000066,3768,1630,2138
112000067,953,788,165
112000068,3437,2591,846
112000069,1312,1922,-610
112000070,3389,1002,2387
112000071,1107,2734,-1627
112000072,2208,1112,1096
112000073,1863,2138,-275
112000074,1689,1104,585
112000075,1507,1287,220
112000076,3661,2939,722
112000077,634,656,-22
112000078,1714,715,999
112000079,1295,1433,-138
112000080,726,978,-252
112000081,1637,2436,-799
112000082,1600,921,679
112000083,698,1366,-668
112000084,1245,1100,145
112000085,1514,1169,345
112000086,1993,1729,264
112000087,424,825,-401
112000088,754,750,4
112000089,298,382,-84
112000090,258,303,-45
112000091,667,1245,-578
112000092,1656,1391,265
112000093,1714,1212,502
112000094,587,1026,-439
112000095,664,982,-318
112000096,507,824,-317
112000097,1137,721,416
112000098,952,1249,-297
112000099,660,1324,-664
112000100,1635,1091,544
112000101,585,1140,-555
112000102,1095,695,400
112000103,337,1214,-877
112000105,716,2104,-1388
112000106,1706,649,1057
112000107,87,236,-149
112000108,332,2025,-1693
112000109,199,137,62
112000110,2286,717,1569
112000111,1240,3246,-2006
112000112,4310,674,3636
112000113,905,1717,-812
112000114,2452,1144,1308
112000115,448,515,-67
112000116,615,1239,-624
112000117,1155,1060,95
112000118,1079,1123,-44
112000119,492,921,-429
112000120,82,405,-323
112000121,125,520,-395
112000122,238,185,53
112000123,605,180,425
112000124,329,90,239
112000125,235,224,11
112000126,233,691,-458
112000127,2478,1941,537
112000128,1046,651,395
112000129,141,170,-29
112000130,188,81,107
112000131,41,380,-339
112000132,152,266,-114
112000133,363,236,127
112000134,457,352,105
112000135,1905,770,1135
112000136,1618,1412,206
112000137,2340,1715,625
112000138,2820,1315,1505
112000139,1089,622,467
112000140,1366,1243,123
112000141,746,373,373
112000142,193,675,-482
112000143,1022,268,754
112000144,298,1377,-1079
112000145,2187,732,1455
112000146,695,2298,-1603
112000147,2508,2059,449
112000148,1859,2555,-696
112000149,447,828,-381
112000150,552,786,-234
112000151,429,394,35
112000152,295,551,-256
112000153,189,351,-162
112000154,120,261,-141
112000155,143,126,17
112000157,790,544,246
112000158,290,579,-289
112000159,482,422,60
112000167,350,155,195
112000169,437,429,8
112000173,552,202,350
112000175,397,411,-14
112000176,3246,2080,1166
112000177,560,142,418
112000178,110,451,-341
112000179,210,103,107
112000180,245,387,-142
112000181,1295,2144,-849
112000182,1002,2026,-1024
112000183,44,62,-18
112000184,357,414,-57
112000185,473,671,-198
112000187,3851,2307,1544
112000195,141,24,117
112000196,243,2,241
112000197,217,153,64
112000198,32,260,-228
112000199,1374,1305,69
112000202,396,32,364
112000216,59,303,-244
112000230,81,6,75
112000231,5,215,-210
112000256,40,217,-177
112000313,120,186,-66
112000314,74,29,45
112000337,302,574,-272
112000352,424,352,72
112000392,1348,1338,10
112000398,1134,1088,46
112000399,2036,1960,76
112000400,1941,3856,-1915
112000401,3343,2806,537
112000402,2926,2953,-27
112000403,2046,2939,-893
112000404,1243,854,389
112000405,1999,3292,-1293
112000406,3626,3145,481
112000407,6641,8648,-2007
112000408,9154,8668,486
112000409,1817,5768,-3951
112000410,510,250,260
112000411,4571,1672,2899
112000412,1508,594,914
112000413,9367,4596,4771
112000414,83,145,-62
112000415,103,55,48
112000416,2269,1787,482
112000417,306,87,219
112000421,72,169,-97
112000422,413,414,-1
112000424,2516,2430,86
112000425,392,1247,-855
112000426,136,413,-277
112000427,0,19,-19
112000428,445,368,77
112000429,2429,3005,-576
112000430,2404,3193,-789
112000431,108,123,-15
112000432,638,1516,-878
112000433,577,850,-273
112000437,59,271,-212
112900001,76,5,71
112900002,362,1204,-842
112900003,71,430,-359
112900004,42,305,-263
112900005,208,285,-77
112900007,53,251,-198
112900008,0,32,-32
112900009,388,110,278
112900010,380,943,-563
112900011,252,286,-34
112900012,0,57,-57
112900013,6,209,-203
112900014,4,385,-381
112900015,424,765,-341
112900016,4,277,-273
112900017,63,195,-132
112900018,171,796,-625
112900019,64,286,-222
112900020,438,1134,-696
112900021,3,331,-328
112900022,17,87,-70
112900023,1,261,-260
112900024,45,279,-234
112900025,85,281,-196
112900026,9,228,-219
112900027,16,1309,-1293
112900028,25,138,-113
112900029,17,732,-715
112900030,248,190,58
112900031,7,525,-518
112900032,176,311,-135
112900034,3,43,-40
112900035,7,442,-435
112900036,34,143,-109
112900037,166,261,-95
112900038,523,172,351
112900039,15,359,-344
112900040,5,365,-360
112900041,920,1137,-217
112900042,59,348,-289
112900043,34,72,-38
112900044,517,466,51
112900045,458,303,155
112900046,205,71,134
112900047,10,36,-26
112900049,207,100,107
112900050,45,603,-558
112900051,306,726,-420
112900052,10,1039,-1029
112900053,352,80,272
112900054,179,54,125
112900055,163,36,127
112900056,408,225,183
112900057,30,663,-633
112900058,291,311,-20
112900059,114,131,-17
112900060,12,175,-163
112900061,98,103,-5
112900062,96,153,-57
112900063,173,26,147
112900064,177,226,-49
112900065,27,24,3
112900066,232,161,71
112900067,534,220,314
112900068,45,46,-1
112900069,2021,767,1254
112900071,40,9,31
112900072,215,1853,-1638
112900073,507,92,415
112900074,93,256,-163
112900075,1524,857,667
112900076,130,33,97
112900078,310,415,-105
112900079,416,38,378
112900080,50,5,45
112900081,45,274,-229
112900082,445,19,426
112900083,97,85,12
112900084,187,120,67
112900086,159,0,159
112900087,716,197,519
112900088,124,12,112
112900089,672,14,658
112900090,53,28,25
112900091,223,7,216
112900092,213,239,-26
112900093,1651,13,1638
112900095,39,0,39
112900096,440,189,251
112900097,95,336,-241
112900098,122,3,119
112900099,918,12,906
112900100,49,1,48
112900101,266,2,264
112900102,158,7,151
112900103,265,3,262
112900104,530,3,527
112900105,19,0,19
112900106,436,215,221
112900107,7,1,6
112900108,67,1,66
112900109,93,0,93
112900110,1014,14,1000
112900111,753,2,751
112900112,337,2,335
112900113,0,18,-18
112900114,129,113,16
112900115,1077,1,1076
112900116,170,46,124
112900117,163,108,55
112900118,28,112,-84
112900119,172,3,169
112900120,828,300,528
112900121,199,222,-23
112900122,24,117,-93
112900123,168,28,140
112900124,11,88,-77
112900125,44,409,-365
112900126,210,247,-37
112900127,351,105,246
112900128,392,798,-406
112900129,4,873,-869
112900130,315,84,231
112900131,72,300,-228
112900132,146,507,-361
112900133,36,986,-950
112900134,0,276,-276
112900135,97,51,46
112900137,40,610,-570
112900138,6,313,-307
112900139,221,1164,-943
112900141,620,40,580
112900142,74,146,-72
112900143,40,524,-484
112900144,13,912,-899
112900145,82,527,-445
112900146,10,1233,-1223
112900147,4,2095,-2091
112900148,86,2,84
112900149,237,673,-436
112900151,23,79,-56
112900152,4290,1083,3207
112900153,2038,1874,164
112900154,15,152,-137
112900155,205,15,190
112900156,289,1291,-1002
112900157,430,200,230
112900158,48,37,11
112900159,207,88,119
112900160,79,271,-192
112900161,130,57,73
112900162,38,20,18
112900163,97,25,72
112900164,29,300,-271
112900165,269,27,242
112900166,26,80,-54
112900167,4,54,-50
112900168,1,2,-1
112900169,9,13,-4
112900170,70,99,-29
112900172,42,18,24
112900173,238,110,128
112900174,231,50,181
112900175,128,127,1
112900176,8,24,-16
112900177,296,48,248
112900178,842,2759,-1917
112900179,60,482,-422
112900180,1819,1607,212
112900181,406,5,401
112900182,31,1137,-1106
112900183,177,377,-200
112900184,396,384,12
112900185,262,546,-284
112900186,1293,936,357
112900187,80,632,-552
112900188,868,315,553
112900189,7,35,-28
112900190,21,72,-51
112900192,534,620,-86
112900193,1030,360,670
112900194,65,105,-40
112900195,881,38,843
112900196,230,313,-83
112900197,222,404,-182
112900199,385,361,24
112900200,477,267,210
112900201,105,123,-18
112900202,324,951,-627
112900203,232,306,-74
112900204,957,569,388
112900205,45,42,3
112900206,34,73,-39
112900207,16,0,16
112900208,78,298,-220
112900209,649,421,228
112900210,0,48,-48
112900211,52,65,-13
112900212,0,153,-153
112900213,63,5,58
112900214,37,19,18
112900215,8,200,-192
112900216,65,76,-11
112900217,1,54,-53
112900218,62,2,60
112900219,59,19,40
112900220,6,0,6
112900221,36,134,-98
112900222,1,25,-24
112900223,784,10,774
112900224,232,511,-279
112900225,358,363,-5
112900226,181,371,-190
112900227,329,876,-547
112900228,52,51,1
112900229,127,64,63
112900230,6501,4440,2061
112900232,247,221,26
112900233,82,127,-45
112900234,10,89,-79
112900235,124,40,84
112900236,167,11,156
112900237,342,345,-3
112900238,3,52,-49
112900239,1758,382,1376
112900240,4,103,-99
112900241,32,139,-107
112900242,4,186,-182
112900243,10,249,-239
112900244,3,87,-84
112900245,1,39,-38
112900246,0,19,-19
112900247,190,30,160
112900248,9,1,8
112900249,52,2,50
112900250,63,21,42
112900251,85,4,81
112900252,56,22,34
112900253,20,14,6
112900254,6,8,-2
112900255,0,34,-34
112900256,8,48,-40
112900257,11,70,-59
112900258,19,33,-14
113000001,5168,5228,-60
113000002,3447,4160,-713
113000003,2046,1859,187
113000004,1906,2684,-778
113000005,1516,979,537
113000006,1108,1541,-433
113000007,2145,1291,854
113000008,1736,1781,-45
113000009,1065,922,143
113000010,1250,1536,-286
113000011,665,1633,-968
113000012,1620,733,887
113000013,2494,804,1690
113000014,2212,1629,583
113000015,797,240,557
113000016,536,767,-231
113000017,57,359,-302
113000018,672,56,616
113000019,178,297,-119
113000020,546,60,486
113000021,1496,691,805
113000022,639,1289,-650
113000025,374,593,-219
113000026,494,428,66
113000027,667,491,176
113000028,759,397,362
113000029,749,827,-78
113000030,442,724,-282
113000031,265,365,-100
113000032,265,302,-37
113000033,294,406,-112
113000034,411,359,52
113000035,22,39,-17
113000036,14,69,-55
113000037,92,44,48
113000038,12,71,-59
113000039,105,445,-340
113000040,64,117,-53
113000042,823,630,193
113000051,800,2798,-1998
113000052,1863,900,963
113000053,337,457,-120
113000054,302,936,-634
113000055,1194,771,423
113000056,800,1026,-226
113000058,830,956,-126
113000059,1081,682,399
113000060,229,601,-372
113000061,523,965,-442
113000062,1104,286,818
113000063,136,138,-2
113000064,53,345,-292
113000065,196,986,-790
113000066,601,104,497
113000067,1767,1552,215
113000068,424,1874,-1450
113000069,639,1461,-822
113000070,2606,1128,1478
113000071,405,717,-312
113000072,798,485,313
113000073,402,1620,-1218
113000074,988,460,528
113000075,1844,713,1131
113000076,737,2095,-1358
113000077,1269,645,624
113000078,812,2156,-1344
113000079,953,893,60
113000080,771,661,110
113000081,763,844,-81
113000082,1195,853,342
113000083,531,891,-360
113000084,1592,1397,195
113000085,927,901,26
113000086,2041,1520,521
113000087,1209,987,222
113000088,2296,1318,978
113000089,969,1626,-657
113000090,234,544,-310
113000091,592,432,160
113000094,1312,207,1105
113000095,206,783,-577
113000096,171,737,-566
113000097,1056,352,704
113000098,133,49,84
113000099,1110,368,742
113000100,201,425,-224
113000101,337,578,-241
113000102,610,411,199
113000103,2752,847,1905
113000104,448,2347,-1899
113000105,782,412,370
113000106,421,716,-295
113000107,835,879,-44
113000108,1010,1622,-612
113000109,638,2222,-1584
113000110,1650,531,1119
113000111,228,592,-364
113000112,363,450,-87
113000113,1525,478,1047
113000114,408,1305,-897
113000116,607,386,221
113000117,866,168,698
113000118,158,559,-401
113000119,453,287,166
113000120,104,264,-160
113000121,755,837,-82
113000124,308,189,119
113000125,56,760,-704
113000127,2798,425,2373
113000128,449,501,-52
113000129,525,986,-461
113000133,2539,1877,662
113000134,5,1180,-1175
113000135,3968,4847,-879
113000137,1846,3108,-1262
113000139,337,176,161
113000140,147,251,-104
113000141,270,157,113
113000142,622,1142,-520
113000143,262,204,58
113000144,310,696,-386
113000145,61,128,-67
113000146,134,84,50
113000147,166,155,11
113000148,135,136,-1
113000149,89,118,-29
113000150,457,393,64
113000151,91,51,40
113000152,31,83,-52
113000153,1484,534,950
113000154,660,1564,-904
113000155,320,497,-177
113000156,142,421,-279
113000157,345,1059,-714
113000158,805,256,549
113000159,851,806,45
113000160,760,1136,-376
113000161,227,389,-162
113000162,669,443,226
113000163,203,60,143
113000164,43,92,-49
113000166,195,111,84
113000167,43,128,-85
113000168,77,130,-53
113000169,169,124,45
113000170,70,91,-21
113000171,50,110,-60
113000172,216,53,163
113000173,80,19,61
113000174,120,576,-456
113000175,417,137,280
113000176,517,187,330
113000177,202,547,-345
113000178,197,398,-201
113000179,322,208,114
113000180,791,1466,-675
113000181,1396,970,426
113000182,294,395,-101
113000183,249,661,-412
113000184,66,110,-44
113000189,456,723,-267
113000190,1207,579,628
113000192,1789,1726,63
113000193,3531,1209,2322
113000194,1937,1220,717
113000195,2301,686,1615
113000196,320,97,223
113000197,1557,1063,494
113000198,91,417,-326
113000199,1318,295,1023
113000201,455,300,155
113000202,3468,1312,2156
113000203,253,238,15
113000204,1618,1822,-204
113000205,17,20,-3
113000206,3,53,-50
113000207,74,29,45
113000208,44,75,-31
113000209,15,36,-21
113000210,4,34,-30
113000211,201,216,-15
113000212,171,41,130
113000213,55,153,-98
113000214,217,243,-26
113000234,210,964,-754
113000410,434,237,197
113000411,3105,4937,-1832
113000412,7934,3043,4891
113000413,3153,3147,6
113000414,7917,13973,-6056
113000415,2345,3427,-1082
113000416,9543,4792,4751
113000417,2626,3260,-634
113000418,4770,3402,1368
113000419,1574,1936,-362
113000420,4233,5492,-1259
113000421,4428,6167,-1739
113000422,13579,11365,2214
113000423,2219,5092,-2873
113000424,3756,9863,-6107
113000425,21,100,-79
113000428,124,41,83
113000430,39,160,-121
113000432,2146,196,1950
113000433,109,954,-845
113000434,25,137,-112
113000435,104,616,-512
113000436,51,1172,-1121
113000437,961,27,934
113000438,193,39,154
113000439,39,155,-116
113000440,116,28,88
113000441,192,232,-40
113000442,155,217,-62
113000443,236,297,-61
113000444,240,303,-63
113000445,150,138,12
113000446,49,115,-66
113000448,257,173,84
113000449,286,1227,-941
113000450,457,2541,-2084
113000451,1448,226,1222
113000452,374,546,-172
113000453,104,373,-269
113000454,1598,75,1523
113000455,87,242,-155
113000456,4067,2630,1437
113000468,1907,220,1687
113000469,110,72,38
113000470,436,29,407
113000471,15,455,-440
113000472,96,374,-278
113000474,607,689,-82
113000475,2122,1970,152
113000476,1888,2074,-186
113000477,3161,2438,723
113000478,5014,6375,-1361
113000479,66,271,-205
113000484,0,0,0
113000485,3,0,3
113000486,23,0,23
113000487,1,2,-1
113000488,2,4,-2
113000489,0,19,-19
113000490,0,2,-2
113000491,17,34,-17
113000492,4,6,-2
113000493,7,0,7
113000495,250,205,45
113000496,158,145,13
113000499,0,1,-1
113900001,3,237,-234
113900002,2,136,-134
113900003,1,84,-83
113900004,4,37,-33
113900005,2,62,-60
113900006,0,31,-31
113900007,38,0,38
113900008,81,1,80
113900009,159,0,159
113900010,172,3,169
113900011,127,0,127
113900012,54,0,54
113900013,419,2,417
113900014,605,3,602
113900015,9,73,-64
113900016,26,2,24
113900017,6,20,-14
113900018,409,188,221
113900019,106,44,62
113900020,138,0,138
113900022,11,0,11
113900023,63,0,63
113900024,57,59,-2
113900025,273,19,254
113900026,37,0,37
113900027,4,31,-27
113900028,34,498,-464
113900029,53,233,-180
113900030,244,2,242
113900031,10,1,9
113900032,36,0,36
113900033,79,67,12
113900035,59,0,59
113900036,6,72,-66
113900037,156,493,-337
113900038,59,128,-69
113900039,130,12,118
113900040,10,15,-5
113900041,5,3,2
113900042,132,44,88
113900043,155,151,4
113900044,539,380,159
113900045,75,1,74
113900046,286,523,-237
113900047,9,43,-34
113900048,218,92,126
113900049,673,379,294
113900050,193,299,-106
113900051,185,411,-226
113900052,179,171,8
113900053,599,457,142
113900054,10,4,6
113900055,83,364,-281
113900056,12,85,-73
113900057,15,57,-42
113900058,52,145,-93
113900059,206,353,-147
113900060,171,190,-19
113900061,1036,292,744
113900062,74,8,66
113900063,34,51,-17
113900064,13,105,-92
113900065,595,17,578
113900066,325,325,0
113900067,107,217,-110
113900068,378,402,-24
113900069,32,30,2
113900070,156,521,-365
113900071,35,38,-3
113900072,59,215,-156
113900073,229,422,-193
113900074,95,300,-205
113900075,1350,1105,245
113900076,126,12,114
113900077,77,195,-118
113900078,12,21,-9
113900079,0,22,-22
113900080,392,256,136
113900081,72,209,-137
113900082,134,205,-71
113900083,256,483,-227
113900084,290,115,175
113900085,42,261,-219
113900086,4,13,-9
113900087,56,133,-77
113900088,60,126,-66
113900089,473,55,418
113900090,552,404,148
113900091,19,17,2
113900092,80,86,-6
113900093,77,645,-568
113900094,314,425,-111
113900095,111,103,8
113900096,168,50,118
113900097,66,99,-33
113900098,555,61,494
113900099,1,63,-62
113900100,0,1,-1
113900101,33,77,-44
113900102,155,150,5
113900103,275,269,6
113900104,118,218,-100
113900105,92,311,-219
113900106,0,80,-80
113900107,0,33,-33
113900108,268,248,20
113900109,345,202,143
113900110,50,21,29
113900111,181,127,54
113900112,205,164,41
113900113,1192,464,728
113900114,2,80,-78
113900115,1,107,-106
113900116,116,155,-39
113900117,70,29,41
113900118,220,268,-48
113900119,283,517,-234
113900120,48,39,9
113900121,47,89,-42
113900122,374,1883,-1509
113900123,442,212,230
113900124,3,62,-59
113900125,962,119,843
113900126,217,83,134
113900127,241,596,-355
113900128,168,82,86
113900129,19,136,-117
113900130,2,20,-18
113900131,189,102,87
113900132,39,39,0
113900133,27,69,-42
113900135,264,416,-152
113900136,88,76,12
113900137,351,259,92
113900138,42,121,-79
113900139,367,171,196
113900140,279,289,-10
113900141,459,362,97
113900142,96,73,23
113900143,12,40,-28
113900144,265,175,90
113900145,328,183,145
113900146,127,58,69
113900148,142,303,-161
113900149,146,85,61
113900150,712,577,135
113900151,311,182,129
113900152,30,63,-33
113900153,315,551,-236
113900154,2,126,-124
113900155,197,123,74
113900156,260,380,-120
113900157,43,252,-209
113900158,360,359,1
113900159,24,226,-202
113900160,1110,518,592
113900161,60,214,-154
113900162,469,616,-147
113900163,208,308,-100
113900164,291,37,254
113900165,883,398,485
113900166,250,163,87
113900167,269,53,216
113900168,129,123,6
113900169,202,364,-162
113900171,247,60,187
113900172,10,198,-188
113900173,48,650,-602
113900174,422,617,-195
113900175,330,130,200
113900176,323,561,-238
113900177,295,180,115
113900178,897,164,733
113900179,20,414,-394
113900180,137,92,45
113900181,484,130,354
113900182,684,1055,-371
113900183,30,64,-34
113900184,26,588,-562
113900185,159,104,55
113900186,31,58,-27
113900187,20,128,-108
113900188,37,142,-105
113900189,259,100,159
113900190,297,105,192
113900191,92,209,-117
113900192,1356,1513,-157
113900193,34,225,-191
113900194,1326,1242,84
113900195,295,352,-57
113900196,7,133,-126
113900197,1,185,-184
113900198,27,206,-179
113900199,150,707,-557
113900200,6,242,-236
113900201,1,177,-176
113900202,26,250,-224
113900203,7,150,-143
113900204,40,445,-405
113900205,13,166,-153
113900206,14,161,-147
113900207,1,75,-74
113900208,0,64,-64
113900209,0,93,-93
113900210,573,679,-106
113900211,143,71,72
113900212,145,447,-302
113900214,395,362,33
113900215,34,140,-106
113900216,114,963,-849
113900217,62,273,-211
113900218,176,91,85
113900219,62,251,-189
113900220,123,142,-19
113900221,399,208,191
113900222,937,692,245
113900223,101,1154,-1053
113900224,93,80,13
113900225,517,245,272
113900226,297,107,190
113900227,530,222,308
113900228,253,443,-190
113900229,51,690,-639
113900230,3769,2548,1221
113900231,153,152,1
113900232,84,95,-11
113900233,45,54,-9
113900234,252,421,-169
113900235,80,37,43
113900236,112,285,-173
113900237,149,11,138
113900238,223,526,-303
113900239,68,91,-23
113900240,6,144,-138
113900241,123,37,86
113900242,56,106,-50
113900243,134,437,-303
113900244,337,210,127
113900245,1300,248,1052
113900246,21,35,-14
113900247,157,451,-294
113900248,2341,1679,662
113900249,945,419,526
113900250,42,130,-88
113900251,623,204,419
113900252,532,15,517
113900253,721,38,683
113900254,854,126,728
113900255,408,24,384
113900256,393,40,353
113900257,28,609,-581
113900258,12,375,-363
113900259,400,190,210
113900260,172,13,159
113900261,47,156,-109
113900262,172,556,-384
113900263,182,666,-484
113900264,9,508,-499
113900265,312,278,34
113900266,33,223,-190
113900267,94,475,-381
113900268,287,397,-110
113900269,86,141,-55
113900270,386,645,-259
113900271,593,1363,-770
113900273,239,12,227
113900274,100,29,71
113900275,27,65,-38
113900276,5,174,-169
113900277,134,2,132
113900278,327,149,178
113900279,103,111,-8
113900280,1445,561,884
113900281,647,1213,-566
113900282,1063,651,412
113900283,464,546,-82
113900284,860,167,693
113900285,150,41,109
113900286,19,125,-106
113900287,50,18,32
113900288,6,250,-244
113900289,1089,159,930
113900290,456,198,258
113900291,97,217,-120
113900292,15,2,13
113900293,5,283,-278
113900294,380,41,339
113900295,359,333,26
113900296,1216,248,968
113900297,2162,40,2122
113900298,24,1636,-1612
113900299,84,211,-127
113900300,3099,2195,904
113900301,569,127,442
113900302,2687,964,1723
113900303,446,386,60
113900304,4,117,-113
113900305,94,1,93
113900306,31,0,31
113900307,22,0,22
113900308,93,130,-37
113900309,7,950,-943
113900310,0,10,-10
113900311,15,1,14
113900312,197,231,-34
113900313,22,9,13
113900314,6,24,-18
113900315,74,2,72
114000001,899,2954,-2055
114000002,256,424,-168
114000003,256,991,-735
114000004,478,393,85
114000005,252,410,-158
114000006,2947,2360,587
114000007,642,1294,-652
114000008,1650,1806,-156
114000009,672,315,357
114000011,2404,2550,-146
114000012,2647,1865,782
114000013,1760,1645,115
114000014,757,544,213
114000015,2761,439,2322
114000016,243,375,-132
114000017,84,279,-195
114000018,294,90,204
114000026,1575,1256,319
114000027,2702,2069,633
114000028,2611,2598,13
114000038,314,220,94
114000039,191,232,-41
114000040,76,251,-175
114000042,144,199,-55
114000043,400,378,22
114000044,294,238,56
114000045,53,67,-14
114000046,4079,5186,-1107
114000047,42,89,-47
114000048,132,182,-50
114000049,1641,1779,-138
114000050,1618,2490,-872
114000051,3267,2037,1230
114000052,5040,1458,3582
114000053,159,550,-391
114000054,249,781,-532
114000055,815,19,796
114000056,1133,805,328
114000057,5706,2255,3451
114000058,564,1310,-746
114000059,321,366,-45
114000060,729,1017,-288
114000061,3634,2767,867
114000062,2362,1315,1047
114000063,3204,1899,1305
114000064,6412,3736,2676
114000065,1658,2566,-908
114000066,477,660,-183
114000067,25,709,-684
114000068,471,773,-302
114000069,826,688,138
114000070,2106,1811,295
114000071,720,480,240
114000072,449,204,245
114000073,13,79,-66
114000074,33,32,1
114000075,31,93,-62
114000076,19,100,-81
114000077,8,40,-32
114000078,462,687,-225
114000079,169,24,145
114000080,93,106,-13
114000081,76,99,-23
114000082,64,505,-441
114000083,49,276,-227
114000084,295,65,230
114000085,122,642,-520
114000086,219,470,-251
114000087,107,139,-32
114000088,46,61,-15
114000089,981,391,590
114000090,794,1105,-311
114000091,1352,994,358
114000092,919,713,206
114000093,1094,1120,-26
114000094,511,446,65
114000095,255,145,110
114000096,177,458,-281
114000097,160,786,-626
114000098,452,145,307
114000099,532,744,-212
114000100,1106,812,294
114000101,474,972,-498
114000102,518,426,92
114000103,219,435,-216
114000104,39,241,-202
114000105,185,132,53
114000106,796,956,-160
114000107,316,146,170
114000108,2471,1401,1070
114000109,511,1440,-929
114000110,575,1726,-1151
114000111,1460,816,644
114000112,501,2746,-2245
114000113,1561,599,962
114000114,1371,1911,-540
114000115,2058,1106,952
114000116,781,1415,-634
114000117,2291,645,1646
114000118,2172,627,1545
114000119,1579,497,1082
114000120,556,1210,-654
114000121,459,825,-366
114000122,471,390,81
114000123,1658,550,1108
114000124,843,368,475
114000125,1171,1659,-488
114000126,5144,329,4815
114000127,296,227,69
114000128,1042,523,519
114000130,773,613,160
114000131,334,256,78
114000132,580,761,-181
114000133,826,1427,-601
114000134,58,136,-78
114000138,43,189,-146
114000139,469,283,186
114000144,754,516,238
114000145,82,191,-109
114000146,97,235,-138
114000147,1252,1594,-342
114000148,2306,2218,88
114000149,431,372,59
114000150,2111,1571,540
114000151,1788,1597,191
114000152,141,39,102
114000153,1213,2738,-1525
114000154,920,1161,-241
114000155,2480,2201,279
114000156,954,648,306
114000157,419,1034,-615
114000158,1728,899,829
114000159,283,562,-279
114000160,163,447,-284
114000161,1502,2843,-1341
114000162,961,2080,-1119
114000163,12,114,-102
114000165,486,311,175
114000166,748,377,371
114000167,3332,1528,1804
114000168,831,732,99
114000169,1490,1074,416
114000170,1365,978,387
114000171,1037,3053,-2016
114000174,244,446,-202
114000176,641,491,150
114000177,2117,996,1121
114000178,75,51,24
114000179,1252,1017,235
114000180,451,919,-468
114000181,1554,3487,-1933
114000182,3579,2550,1029
114000183,969,1172,-203
114000184,4807,1513,3294
114000185,1188,1090,98
114000189,723,111,612
114000190,2138,300,1838
114000191,45,67,-22
114000192,296,1515,-1219
114000193,819,2958,-2139
114000194,1267,1273,-6
114000195,190,53,137
114000196,1,341,-340
114000197,1095,98,997
114000198,1058,338,720
114000199,2103,1734,369
114000200,633,1865,-1232
114000201,151,834,-683
114000202,1650,758,892
114000203,615,957,-342
114000204,226,495,-269
114000205,324,1522,-1198
114000206,599,1347,-748
114000207,619,1901,-1282
114000208,391,2796,-2405
114000209,561,2593,-2032
114000210,289,1494,-1205
114000211,936,2754,-1818
114000212,750,782,-32
114000213,1456,593,863
114000214,101,226,-125
114000215,194,80,114
114000216,2095,866,1229
114000217,292,517,-225
114000218,117,369,-252
114000219,1208,298,910
114000220,16,1150,-1134
114000221,774,181,593
114000222,168,1236,-1068
114000223,471,130,341
114000224,91,617,-526
114000225,291,697,-406
114000226,130,274,-144
114000227,1004,706,298
114000228,804,929,-125
114000229,1078,1266,-188
114000230,1976,1387,589
114000231,910,1327,-417
114000232,450,117,333
114000233,1696,96,1600
114000234,1275,1193,82
114000235,1288,1724,-436
114000236,3,415,-412
114000237,142,956,-814
114000238,338,149,189
114000239,324,1269,-945
114000240,790,769,21
114000241,302,1139,-837
114000242,1042,1038,4
114000243,1698,896,802
114000244,2192,422,1770
114000245,391,770,-379
114000246,234,51,183
114000247,2199,797,1402
114000248,1184,611,573
114000249,452,974,-522
114000250,423,778,-355
114000251,280,301,-21
114000252,130,98,32
114000253,59,126,-67
114000254,61,62,-1
114000255,664,189,475
114000256,1939,1811,128
114000257,935,1585,-650
114000258,590,445,145
114000259,333,227,106
114000260,1,38,-37
114000261,68,41,27
114000262,154,148,6
114000263,15,0,15
114000264,1064,459,605
114000265,0,4,-4
114000267,6,3240,-3234
114000268,6,1662,-1656
114000270,139,2,137
114000271,778,98,680
114000283,1633,491,1142
114000285,25,254,-229
114000288,72,300,-228
114000289,1394,214,1180
114000293,180,468,-288
114000294,202,302,-100
114000395,2745,78,2667
114000396,525,444,81
114000402,428,373,55
114000403,288,381,-93
114000405,86,554,-468
114000423,321,511,-190
114000424,378,198,180
114000425,609,498,111
114000426,274,1100,-826
114000427,83,84,-1
114000428,310,145,165
114000429,8,216,-208
114000432,117,152,-35
114000434,28,83,-55
114000435,1,347,-346
114900001,675,1037,-362
114900002,1424,149,1275
114900003,579,1680,-1101
114900004,314,361,-47
114900005,491,882,-391
114900006,66,47,19
114900007,279,28,251
114900008,151,151,0
114900010,2236,1970,266
114900011,146,190,-44
114900013,184,150,34
114900018,848,50,798
114900020,191,111,80
114900022,38,605,-567
114900025,466,220,246
114900026,106,125,-19
114900029,166,51,115
114900030,354,310,44
114900031,349,64,285
114900032,269,57,212
114900034,39,210,-171
114900035,173,233,-60
114900036,260,692,-432
114900039,541,487,54
114900040,80,164,-84
114900041,660,537,123
114900042,770,700,70
114900044,158,20,138
114900047,219,1730,-1511
114900048,89,326,-237
114900049,38,254,-216
114900050,42,453,-411
114900051,21,378,-357
114900052,217,182,35
114900053,501,280,221
114900054,38,113,-75
114900057,212,8,204
114900058,0,108,-108
114900059,69,41,28
114900063,62,238,-176
114900064,1111,569,542
114900065,295,639,-344
114900067,169,480,-311
114900068,63,227,-164
114900069,236,137,99
114900070,521,537,-16
114900072,2,350,-348
114900073,5,282,-277
114900074,481,679,-198
114900075,178,9,169
114900076,4,523,-519
114900080,1877,477,1400
114900082,4045,1968,2077
114900083,1718,1124,594
114900090,302,368,-66
114900091,118,202,-84
114900097,135,3,132
114900098,3,269,-266
114900099,211,21,190
115000001,6751,5126,1625
115000002,3554,4309,-755
115000003,5020,4223,797
115000004,3704,6332,-2628
115000005,1850,2614,-764
115000006,957,1742,-785
115000007,124,176,-52
115000008,737,607,130
115000009,178,288,-110
115000010,279,158,121
115000013,86,274,-188
115000015,115,386,-271
115000016,61,230,-169
115000019,40,529,-489
115000020,117,594,-477
115000021,277,624,-347
115000022,482,356,126
115000023,415,503,-88
115000024,1183,542,641
115000025,744,674,70
115000026,150,505,-355
115000027,230,275,-45
115000028,179,897,-718
115000029,500,103,397
115000030,745,1133,-388
115000031,1183,230,953
115000032,14,342,-328
115000033,532,51,481
115000034,125,1188,-1063
115000035,1122,68,1054
115000036,0,505,-505
115000037,604,12,592
115000038,73,200,-127
115000039,3682,3073,609
115000040,6610,3395,3215
115000041,2150,3004,-854
115000042,1627,561,1066
115000043,3351,2088,1263
115000044,3537,3874,-337
115000045,2785,2378,407
115000046,2072,2407,-335
115000047,2059,1603,456
115000048,1696,2978,-1282
115000049,1744,3998,-2254
115000050,2905,2107,798
115000051,1610,2716,-1106
115000052,2977,2075,902
115000053,1577,1596,-19
115000054,732,1418,-686
115000055,212,668,-456
115000056,248,552,-304
115000057,865,835,30
115000058,620,229,391
115000059,221,162,59
115000061,298,142,156
115000062,282,308,-26
115000063,286,438,-152
115000064,201,108,93
115000065,48,469,-421
115000067,241,33,208
115000069,99,316,-217
115000070,22,844,-822
115000071,179,23,156
115000072,13,76,-63
115000073,1134,46,1088
115000075,116,79,37
115000076,3924,2968,956
115000077,2319,2769,-450
115000078,1264,1761,-497
115000079,2145,2231,-86
115000080,3400,2620,780
115000081,459,1136,-677
115000082,3633,3650,-17
115000083,2040,2845,-805
115000084,1750,1158,592
115000085,787,1127,-340
115000086,948,904,44
115000087,376,1623,-1247
115000088,1717,723,994
115000089,1523,1326,197
115000090,510,1077,-567
115000091,245,1037,-792
115000092,538,344,194
115000093,394,3,391
115000094,7143,5504,1639
115000095,5064,5875,-811
115000096,692,1862,-1170
115000097,861,1025,-164
115000098,969,845,124
115000099,2423,3221,-798
115000100,934,393,541
115000101,460,1769,-1309
115000102,437,257,180
115000103,300,782,-482
115000105,66,250,-184
115000106,597,306,291
115000107,174,603,-429
115000108,3513,2849,664
115000109,4526,3953,573
115000110,1314,1223,91
115000111,650,1978,-1328
115000112,611,654,-43
115000113,619,893,-274
115000114,2332,921,1411
115000116,3848,1804,2044
115000117,4095,3447,648
115000118,2088,1592,496
115000119,2122,2350,-228
115000120,578,1190,-612
115000121,1750,1031,719
115000122,4031,1520,2511
115000123,1516,2146,-630
115000124,1072,936,136
115000125,564,674,-110
115000126,160,342,-182
115000127,476,94,382
115000128,755,962,-207
115000129,325,389,-64
115000130,435,811,-376
115000131,724,338,386
115000132,486,379,107
115000133,1042,329,713
115000134,1007,368,639
115000135,753,211,542
115000136,484,407,77
115000137,144,212,-68
115000138,277,311,-34
115000139,263,261,2
115000140,319,229,90
115000141,260,330,-70
115000142,228,303,-75
115000143,718,529,189
115000144,496,245,251
115000145,291,387,-96
115000146,688,339,349
115000147,859,650,209
115000148,344,1225,-881
115000149,518,225,293
115000150,652,1022,-370
115000151,1047,917,130
115000152,725,1286,-561
115000153,1076,1066,10
115000154,800,492,308
115000155,544,1046,-502
115000156,1090,755,335
115000157,706,874,-168
115000158,697,390,307
115000159,809,440,369
115000160,624,312,312
115000161,185,555,-370
115000162,828,774,54
115000163,600,802,-202
115000164,787,613,174
115000165,363,490,-127
115000167,213,115,98
115000168,749,378,371
115000169,528,328,200
115000170,221,159,62
115000171,375,203,172
115000172,1176,673,503
115000173,326,511,-185
115000174,217,351,-134
115000175,239,154,85
115000176,152,107,45
115000177,137,87,50
115000178,29,253,-224
115000179,96,26,70
115000180,107,847,-740
115000181,633,151,482
115000182,887,334,553
115000183,334,953,-619
115000186,740,268,472
115000187,221,768,-547
115000188,501,434,67
115000189,261,479,-218
115000190,720,367,353
115000191,209,489,-280
115000194,163,286,-123
115000195,318,383,-65
115000196,171,137,34
115000197,184,356,-172
115000198,259,208,51
115000199,202,259,-57
115000200,333,126,207
115000201,180,395,-215
115000206,576,65,511
115000207,133,354,-221
115000208,443,655,-212
115000209,1094,356,738
115000210,153,138,15
115000211,294,273,21
115000212,1449,255,1194
115000224,467,68,399
115000225,41,90,-49
115000229,192,177,15
115000230,137,405,-268
115000231,363,1861,-1498
115000232,1327,363,964
115000233,161,223,-62
115000234,35,362,-327
115000241,66,286,-220
115000242,80,417,-337
115000243,58,281,-223
115000244,28,143,-115
115000246,162,52,110
115000247,11,2,9
115000248,5,5,0
115000249,8,5,3
115000250,371,111,260
115000251,528,553,-25
115000252,421,505,-84
115000253,45,301,-256
115000258,381,493,-112
115000259,378,191,187
115000261,1,8,-7
115000262,12,42,-30
115000263,14,67,-53
115000264,95,110,-15
115000267,78,106,-28
115000268,36,128,-92
115000269,111,68,43
115000270,8,25,-17
115000272,33,185,-152
115000273,329,67,262
115000280,1766,167,1599
115000281,317,934,-617
115000282,714,665,49
115000284,391,155,236
115000296,1233,16,1217
115000297,157,101,56
115000298,77,451,-374
115000300,193,194,-1
115000302,528,151,377
115000303,688,139,549
115000304,583,73,510
115000305,107,677,-570
115000306,166,310,-144
115000307,87,215,-128
115000308,39,17,22
115000310,949,1085,-136
115000311,758,1319,-561
115000313,194,668,-474
115000314,401,190,211
115000315,1142,573,569
115000316,41,92,-51
115000317,187,436,-249
115000318,835,379,456
115000319,76,375,-299
115000320,10,312,-302
115000321,437,5,432
115000322,58,251,-193
115000449,235,179,56
115000557,1,1064,-1063
115000558,558,62,496
115000587,557,655,-98
115000588,2678,3141,-463
115000589,3779,2562,1217
115000590,1220,1444,-224
115000591,2426,716,1710
115000592,597,1834,-1237
115000593,1448,654,794
115000594,1129,2534,-1405
115000609,207,381,-174
115000617,2290,3314,-1024
115000624,207,100,107
115000633,371,2380,-2009
115000634,2600,821,1779
115000635,618,195,423
115000638,882,823,59
115000641,58,119,-61
115000642,528,565,-37
115000643,187,691,-504
115000644,255,489,-234
115000646,851,1466,-615
115000647,181,504,-323
115000648,1754,2255,-501
115000893,3707,1607,2100
115000894,159,1339,-1180
115000895,653,1179,-526
115000896,1804,359,1445
115000897,527,229,298
115000898,611,269,342
115000899,668,1374,-706
115000900,189,473,-284
115000901,111,141,-30
115000912,384,184,200
115000913,2,20,-18
115000915,44,2,42
115000916,11,0,11
115000917,0,9,-9
115000918,67,246,-179
115000919,8,9,-1
115000920,75,52,23
115000921,628,101,527
115000922,1422,811,611
115000923,632,1329,-697
115000925,127,75,52
115000927,167,148,19
115000933,386,286,100
115000934,145,175,-30
115000935,143,124,19
115000936,40,591,-551
115000937,1066,271,795
115000938,247,278,-31
115000939,296,228,68
115000940,101,39,62
115000941,27,17,10
115000942,95,108,-13
115000943,92,25,67
115000944,8,16,-8
115900001,81,48,33
115900002,93,97,-4
115900003,146,118,28
115900004,1,76,-75
115900005,153,7,146
115900006,77,239,-162
115900008,49,10,39
115900009,66,201,-135
115900010,215,157,58
115900011,469,332,137
115900012,158,99,59
115900013,344,136,208
115900014,105,175,-70
115900015,152,64,88
115900016,133,35,98
115900017,11,5,6
115900018,187,98,89
115900019,142,9,133
115900020,33,1,32
115900021,1545,158,1387
115900022,1676,13,1663
115900023,65,11,54
115900025,35,193,-158
115900026,765,297,468
115900027,2,275,-273
115900028,642,61,581
115900029,10,423,-413
115900030,25,13,12
115900031,380,257,123
115900032,477,658,-181
115900033,0,36,-36
115900034,28,393,-365
115900035,45,18,27
115900036,133,579,-446
115900037,57,395,-338
115900038,37,12,25
115900039,192,228,-36
115900041,604,551,53
115900042,12,10,2
115900043,82,79,3
115900044,271,243,28
115900046,191,319,-128
115900047,148,107,41
115900049,152,314,-162
115900051,1,66,-65
115900052,10,270,-260
115900053,165,249,-84
115900054,178,52,126
115900055,31,145,-114
115900056,195,276,-81
115900057,56,25,31
115900058,26,59,-33
115900060,103,168,-65
115900061,176,1,175
115900062,34,357,-323
115900063,99,9,90
115900064,149,251,-102
115900065,136,116,20
115900066,247,164,83
115900067,14,824,-810
115900068,3487,1011,2476
115900069,140,131,9
115900070,189,199,-10
115900071,1,395,-394
115900072,65,167,-102
115900073,82,58,24
115900074,2,390,-388
115900075,36,257,-221
115900076,7,72,-65
115900077,3,327,-324
115900078,138,126,12
115900079,107,20,87
115900080,554,308,246
115900081,16,71,-55
115900082,148,190,-42
115900084,324,22,302
115900085,40,78,-38
115900086,1397,658,739
115900088,5,51,-46
115900089,304,733,-429
115900090,228,18,210
115900091,10,51,-41
115900092,20,213,-193
115900093,1,30,-29
115900094,6,315,-309
115900096,5,23,-18
115900097,7,415,-408
115900098,161,382,-221
115900099,348,63,285
115900100,9,534,-525
115900101,121,325,-204
115900102,164,108,56
115900103,280,172,108
115900104,58,140,-82
115900105,220,578,-358
115900106,57,43,14
115900107,125,153,-28
115900108,131,87,44
115900109,60,401,-341
115900110,2,40,-38
115900111,0,107,-107
115900112,36,838,-802
115900113,38,31,7
115900114,0,164,-164
115900115,60,293,-233
115900116,94,745,-651
115900117,48,27,21
115900118,3,316,-313
115900119,122,182,-60
115900120,33,356,-323
115900121,125,238,-113
115900124,359,691,-332
115900125,243,38,205
115900126,552,107,445
115900127,589,80,509
115900128,9,135,-126
115900129,613,65,548
115900130,23,254,-231
115900131,461,29,432
115900132,404,11,393
115900134,263,8,255
115900135,473,944,-471
115900137,36,3,33
115900139,38,33,5
115900140,212,28,184
115900141,3,31,-28
115900142,2,6,-4
115900143,288,259,29
115900144,53,189,-136
115900146,4,150,-146
115900147,230,232,-2
115900148,33,5,28
115900149,63,26,37
115900150,52,50,2
115900151,9,90,-81
115900152,111,326,-215
115900153,110,206,-96
115900154,431,389,42
115900155,0,42,-42
115900156,545,830,-285
115900157,143,474,-331
115900158,17,9,8
115900159,119,308,-189
115900160,5,11,-6
115900161,106,172,-66
115900163,152,141,11
115900164,457,67,390
115900166,189,142,47
115900168,134,256,-122
115900171,96,422,-326
115900172,63,135,-72
115900173,244,120,124
115900174,250,259,-9
115900175,100,261,-161
115900178,13,663,-650
115900179,230,19,211
115900180,58,231,-173
115900181,173,259,-86
115900182,305,295,10
115900183,68,42,26
115900184,1832,19,1813
115900187,4,112,-108
115900189,1,239,-238
115900190,232,1086,-854
115900191,65,356,-291
115900192,8,113,-105
115900193,218,150,68
115900194,497,52,445
115900195,606,1722,-1116
115900198,218,386,-168
115900199,186,242,-56
115900200,251,296,-45
115900201,538,475,63
115900202,2,27,-25
115900203,10,23,-13
115900204,2,7,-5
115900205,195,21,174
115900206,161,210,-49
115900207,46,40,6
115900208,146,197,-51
115900209,6,216,-210
115900210,3,137,-134
115900211,11,200,-189
115900212,126,367,-241
115900213,182,46,136
115900214,360,296,64
115900215,25,130,-105
115900216,1,97,-96
115900217,17,57,-40
115900218,1,45,-44
115900219,67,8,59
115900220,114,16,98
115900221,81,23,58
115900222,32,20,12
115900223,8,274,-266
115900224,1283,1073,210
115900225,68,34,34
115900226,30,40,-10
115900227,9,36,-27
115900228,7,33,-26
115900229,2,51,-49
115900230,38,120,-82
115900231,159,16,143
115900232,66,2,64
115900233,104,18,86
115900234,77,25,52
115900235,84,34,50
115900236,244,26,218
115900237,66,26,40
115900238,80,29,51
115900239,54,39,15
115900240,8,48,-40
115900241,199,245,-46
115900242,289,414,-125
115900243,4,5,-1
115900244,11,11,0
115900245,35,5,30
115900246,36,9,27
115900247,30,7,23
115900248,12,2,10
115900249,1,17,-16
115900250,2,27,-25
115900251,0,8,-8
115900252,4,4,0
115900253,5,22,-17
115900254,7,30,-23
115900255,3,15,-12
115900256,17,47,-30
115900257,6,11,-5
115900258,0,0,0
115900259,6,0,6
115900260,8,5,3
115900261,10,2,8
115900262,2,0,2
115900263,12,0,12
115900264,4,0,4
115900265,0,5,-5
115900266,2,6,-4
115900267,10,11,-1
115900268,4,6,-2
115900269,387,631,-244
115900270,264,429,-165
115900271,77,0,77
115900272,19,2,17
115900273,8,9,-1
115900274,0,10,-10
115900275,0,27,-27
115900276,0,23,-23
115900277,1,69,-68
115900278,40,111,-71
115900279,32,158,-126
115900280,25,343,-318
115900281,549,300,249
115900282,17,11,6
115900283,11,29,-18
115900284,12,14,-2
116000001,12848,5563,7285
116000002,4659,9087,-4428
116000003,1774,2049,-275
116000004,2364,3294,-930
116000005,3781,3758,23
116000006,3218,2454,764
116000007,3446,4010,-564
116000008,4252,2046,2206
116000009,2308,3279,-971
116000010,3000,1508,1492
116000011,1058,2456,-1398
116000012,1608,1232,376
116000013,10473,4385,6088
116000014,13724,10587,3137
116000015,248,1101,-853
116000016,5313,2760,2553
116000017,35,635,-600
116000018,638,271,367
116000019,569,302,267
116000020,463,765,-302
116000021,358,299,59
116000022,389,370,19
116000023,960,675,285
116000024,702,794,-92
116000025,720,686,34
116000026,1789,2345,-556
116000027,674,581,93
116000028,538,753,-215
116000029,789,825,-36
116000030,822,458,364
116000031,164,332,-168
116000032,445,238,207
116000033,316,475,-159
116000034,619,1026,-407
116000035,417,869,-452
116000036,1658,878,780
116000037,717,569,148
116000038,376,357,19
116000039,462,343,119
116000040,989,273,716
116000041,214,405,-191
116000042,636,235,401
116000043,68,613,-545
116000044,16,112,-96
116000045,1800,1327,473
116000046,1186,1577,-391
116000047,1828,2407,-579
116000048,2089,1857,232
116000049,1163,2447,-1284
116000050,1406,1461,-55
116000051,6064,2201,3863
116000052,5778,4810,968
116000053,1848,1108,740
116000054,778,2541,-1763
116000055,597,1156,-559
116000056,864,1198,-334
116000057,3402,2157,1245
116000058,3474,2799,675
116000059,3711,4854,-1143
116000060,2412,965,1447
116000061,642,1109,-467
116000062,812,251,561
116000063,682,1185,-503
116000066,261,519,-258
116000067,359,557,-198
116000068,241,299,-58
116000069,283,483,-200
116000078,514,1223,-709
116000080,1984,1429,555
116000082,16,75,-59
116000083,1567,589,978
116000084,2102,4622,-2520
116000085,2146,1803,343
116000086,2407,1843,564
116000087,1751,1614,137
116000088,689,1114,-425
116000089,244,121,123
116000090,159,173,-14
116000091,759,382,377
116000093,539,350,189
116000094,604,788,-184
116000095,777,482,295
116000096,722,1927,-1205
116000097,2006,780,1226
116000098,201,9552,-9351
116000099,6569,347,6222
116000100,228,24,204
116000101,1342,991,351
116000102,293,1532,-1239
116000103,708,395,313
116000104,265,1503,-1238
116000105,1084,176,908
116000106,2325,1155,1170
116000107,6419,383,6036
116000108,2366,248,2118
116000111,159,53,106
116000113,91,101,-10
116000114,52,163,-111
116000115,234,116,118
116000116,336,588,-252
116000117,1386,1719,-333
116000118,1367,1465,-98
116000119,2868,2074,794
116000120,2895,5029,-2134
116000121,882,598,284
116000122,1371,2092,-721
116000123,956,510,446
116000124,459,1151,-692
116000125,2753,769,1984
116000126,502,1858,-1356
116000127,1127,1501,-374
116000128,1305,898,407
116000129,942,218,724
116000130,482,433,49
116000133,860,1036,-176
116000134,1817,2429,-612
116000135,1967,1683,284
116000136,1288,2406,-1118
116000137,1216,760,456
116000138,792,442,350
116000139,1713,2150,-437
116000140,125,227,-102
116000141,368,847,-479
116000142,3907,3376,531
116000143,2059,1870,189
116000144,1586,2789,-1203
116000145,1603,1325,278
116000146,424,256,168
116000147,309,138,171
116000148,454,488,-34
116000149,490,588,-98
116000151,784,639,145
116000153,111,409,-298
116000155,227,229,-2
116000156,404,1104,-700
116000157,82,37,45
116000158,326,378,-52
116000159,24,7,17
116000160,6,85,-79
116000161,7,83,-76
116000162,121,73,48
116000163,22,6,16
116000164,9,37,-28
116000177,2272,122,2150
116000194,98,380,-282
116000195,1613,835,778
116000196,11,6,5
116000197,11,22,-11
116000198,2712,1035,1677
116000200,662,444,218
116000201,666,718,-52
116000202,17,327,-310
116000203,4,126,-122
116000204,14,98,-84
116000205,1,218,-217
116000206,0,141,-141
116000207,7,59,-52
116000233,195,485,-290
116000287,196,582,-386
116000288,228,220,8
116000292,33,106,-73
116000296,30,234,-204
116000297,180,34,146
116000304,230,53,177
116000305,33,64,-31
116000346,118,87,31
116000352,63,40,23
116000354,39,14,25
116000357,27,22,5
116000358,312,46,266
116000361,662,1,661
116000372,7307,3791,3516
116000381,107,4,103
116000388,2,59,-57
116000389,866,528,338
116000445,268,726,-458
116000446,499,764,-265
116000447,21,532,-511
116000448,656,267,389
116000563,1367,852,515
116000565,52,473,-421
116000568,66,155,-89
116000579,33,123,-90
116000583,137,75,62
116000584,19,11,8
116000585,20,29,-9
116000586,153,128,25
116000587,532,642,-110
116000589,70,66,4
116000590,44,129,-85
116000591,248,276,-28
116000592,14,105,-91
116000593,0,22,-22
116000594,485,587,-102
116000595,613,172,441
116000596,89,2,87
116000597,328,137,191
116000598,22,222,-200
116000605,286,151,135
116000606,53,329,-276
116000607,2,45,-43
116000609,208,932,-724
116000611,117,639,-522
116000612,857,1981,-1124
116000613,555,402,153
116000614,452,734,-282
116000615,4,339,-335
116000616,42,100,-58
116000617,94,77,17
116000618,5,93,-88
116000619,101,75,26
116000620,94,537,-443
116000621,46,117,-71
116000622,71,172,-101
116000624,632,121,511
116000627,88,88,0
116000628,94,466,-372
116000629,44,322,-278
116000630,282,83,199
116000631,112,109,3
116000632,583,141,442
116000633,118,267,-149
116000634,411,219,192
116000635,3237,2154,1083
116000636,1500,1303,197
116000637,412,84,328
116000638,123,469,-346
116000639,172,3,169
116000640,8,18,-10
116000641,45,189,-144
116000643,5,167,-162
116000644,17,710,-693
116000645,140,13,127
116900001,191,163,28
116900002,218,2,216
116900003,40,75,-35
116900004,35,67,-32
116900005,236,63,173
116900006,164,155,9
116900007,110,200,-90
116900008,333,315,18
116900009,10,11,-1
116900010,240,1691,-1451
116900011,12,34,-22
116900012,217,189,28
116900013,4,145,-141
116900014,78,290,-212
116900015,310,73,237
116900016,215,10,205
116900017,4,658,-654
116900018,47,78,-31
116900019,8,350,-342
116900020,1107,960,147
116900023,185,17,168
116900024,497,62,435
116900025,936,851,85
116900026,140,585,-445
116900027,16,64,-48
116900028,3,82,-79
116900029,0,36,-36
116900031,1,15,-14
116900032,7,391,-384
116900033,10,18,-8
116900034,6,60,-54
116900035,191,184,7
116900036,4,118,-114
116900038,174,3,171
116900041,27,14,13
116900042,717,249,468
116900043,17,64,-47
116900047,51,159,-108
116900049,35,379,-344
116900050,109,548,-439
116900051,101,153,-52
116900052,230,71,159
116900055,1,6,-5
116900057,18,238,-220
116900058,30,399,-369
116900059,2,108,-106
116900060,140,198,-58
116900062,0,22,-22
116900064,82,839,-757
116900065,16,122,-106
116900067,97,92,5
116900068,185,242,-57
116900070,0,1,-1
116900072,25,428,-403
116900073,21,154,-133
116900074,3,52,-49
116900076,10,30,-20
116900077,9,159,-150
116900078,235,94,141
116900079,30,241,-211
116900080,14,23,-9
116900081,391,1297,-906
116900082,412,855,-443
116900083,63,49,14
116900084,151,53,98
116900085,34,193,-159
116900086,85,214,-129
116900088,332,77,255
116900090,240,40,200
116900091,302,46,256
116900092,81,752,-671
116900093,1596,1655,-59
116900094,3858,3032,826
116900095,180,100,80
116900096,90,332,-242
116900097,3574,2432,1142
116900098,776,286,490
116900099,891,579,312
116900100,853,24,829
116900101,272,460,-188
116900103,2,1,1
116900104,95,111,-16
116900105,241,113,128
116900106,1322,191,1131
116900107,4066,2184,1882
116900110,6,0,6
116900111,439,902,-463
116900112,228,1124,-896
116900113,2071,1673,398
116900116,92,431,-339
116900117,222,95,127
116900118,661,610,51
116900120,287,67,220
116900121,166,24,142
116900122,713,837,-124
116900123,173,759,-586
116900124,176,1078,-902
116900125,323,218,105
116900126,154,554,-400
116900128,0,41,-41
116900129,1,337,-336
116900130,590,3085,-2495
116900131,115,372,-257
116900132,40,107,-67
116900133,119,175,-56
116900134,239,305,-66
116900136,335,156,179
116900137,317,137,180
116900138,231,184,47
116900139,99,337,-238
116900140,182,165,17
116900141,811,438,373
116900142,2,60,-58
116900143,258,399,-141
116900144,18,108,-90
116900145,66,240,-174
116900147,442,314,128
116900148,4,43,-39
116900149,75,298,-223
116900150,7,21,-14
116900151,31,13,18
116900153,94,86,8
116900154,526,528,-2
116900155,70,74,-4
116900157,437,358,79
116900158,1141,304,837
116900159,48,216,-168
116900160,936,452,484
116900161,6205,4850,1355
116900162,16,148,-132
116900163,147,187,-40
116900164,386,55,331
116900165,240,133,107
116900166,28,99,-71
116900167,403,78,325
116900168,331,89,242
116900169,490,279,211
116900170,247,422,-175
116900171,38,201,-163
116900172,214,335,-121
116900173,117,48,69
116900174,100,63,37
116900175,164,128,36
116900178,8,129,-121
116900179,95,316,-221
116900180,104,25,79
116900182,333,313,20
116900183,153,108,45
116900185,40,46,-6
116900186,106,308,-202
116900187,107,47,60
116900188,132,33,99
116900189,158,2,156
116900191,323,663,-340
116900192,189,99,90
116900194,149,1180,-1031
116900195,50,17,33
116900196,16,82,-66
116900197,70,14,56
116900198,223,202,21
116900200,49,39,10
116900201,97,7,90
116900202,111,59,52
116900203,123,12,111
116900204,49,97,-48
116900206,7,34,-27
116900207,45,59,-14
116900208,27,137,-110
116900209,124,85,39
116900210,426,353,73
116900211,203,3,200
116900212,59,105,-46
116900213,156,136,20
116900214,158,192,-34
116900215,39,72,-33
116900216,392,246,146
116900218,11,240,-229
116900219,1362,423,939
116900220,78,189,-111
116900221,69,309,-240
116900222,435,429,6
116900223,71,317,-246
116900226,88,75,13
116900227,154,88,66
116900228,350,274,76
116900230,74,288,-214
116900231,39,419,-380
116900232,7,492,-485
116900233,163,93,70
116900234,10,5,5
116900235,440,407,33
116900238,1803,339,1464
116900239,10,1287,-1277
116900240,6066,4328,1738
116900241,86,126,-40
116900242,960,464,496
116900243,1,39,-38
116900245,27,30,-3
116900246,161,32,129
116900247,980,67,913
116900248,59,35,24
116900249,233,117,116
116900250,399,67,332
116900251,562,541,21
116900252,129,966,-837
116900254,25,149,-124
116900255,110,47,63
116900256,301,105,196
116900257,39,555,-516
116900258,31,313,-282
116900259,438,19,419
116900260,2,159,-157
116900261,51,3,48
116900262,312,214,98
116900263,1,8,-7
116900264,98,68,30
116900265,43,0,43
116900266,27,51,-24
116900267,1,3,-2
116900268,165,88,77
116900269,299,584,-285
116900271,1254,151,1103
116900272,386,313,73
116900273,180,52,128
116900274,111,102,9
116900275,191,137,54
116900276,379,110,269
116900277,476,12,464
116900278,5,4,1
116900279,0,19,-19
116900280,17,30,-13
116900281,6387,3486,2901
116900282,7,103,-96
116900283,17,134,-117
116900284,9,248,-239
116900285,332,200,132
116900286,217,22,195
116900287,7,61,-54
116900288,85,131,-46
116900289,9,23,-14
116900290,0,41,-41
116900291,15,11,4
116900292,0,12,-12
116900293,40,71,-31
116900294,18,140,-122
116900295,201,33,168
116900296,183,57,126
116900297,10,83,-73
116900298,80,37,43
116900299,101,31,70
116900300,0,63,-63
116900301,81,118,-37
116900302,69,60,9
116900303,333,126,207
116900304,0,123,-123
116900305,26,45,-19
116900306,155,172,-17
116900307,130,0,130
116900308,6,144,-138
116900309,93,90,3
116900310,19,69,-50
117000001,1846,1674,172
117000002,2271,5092,-2821
117000003,6525,3197,3328
117000004,4231,5675,-1444
117000005,2337,1884,453
117000006,1486,4397,-2911
117000007,3604,1479,2125
117000008,1199,4341,-3142
117000009,4886,2165,2721
117000010,2928,4681,-1753
117000011,2621,1915,706
117000012,1534,1738,-204
117000013,1898,1095,803
117000014,1573,2511,-938
117000015,3143,1582,1561
117000016,355,75,280
117000017,344,115,229
117000018,171,440,-269
117000019,219,32,187
117000020,376,1140,-764
117000021,2192,651,1541
117000022,432,79,353
117000023,434,226,208
117000024,334,105,229
117000025,593,603,-10
117000026,2707,877,1830
117000027,3026,3777,-751
117000028,5206,1654,3552
117000030,752,492,260
117000031,394,338,56
117000032,1940,1206,734
117000033,1468,807,661
117000034,510,354,156
117000035,401,352,49
117000036,475,377,98
117000037,349,265,84
117000038,257,638,-381
117000039,441,221,220
117000040,207,1070,-863
117000041,811,198,613
117000044,16,989,-973
117000045,489,79,410
117000046,512,809,-297
117000047,855,609,246
117000048,2018,1383,635
117000049,91,617,-526
117000050,184,2665,-2481
117000051,2432,190,2242
117000052,49,419,-370
117000053,637,75,562
117000054,1650,8,1642
117000055,123,3404,-3281
117000056,617,25,592
117000057,756,2515,-1759
117000060,447,1547,-1100
117000061,1505,874,631
117000062,227,644,-417
117000063,1751,981,770
117000064,905,966,-61
117000066,977,865,112
117000067,124,521,-397
117000074,190,238,-48
117000076,76,56,20
117000077,165,220,-55
117000078,121,742,-621
117000079,356,237,119
117000080,1,397,-396
117000081,1084,150,934
117000082,33,97,-64
117000083,523,383,140
117000084,295,1,294
117000085,341,723,-382
117000086,981,529,452
117000087,111,561,-450
117000088,320,206,114
117000089,1623,285,1338
117000090,291,1578,-1287
117000091,798,367,431
117000092,404,1534,-1130
117000093,1052,786,266
117000094,1249,3274,-2025
117000095,3303,988,2315
117000096,694,2766,-2072
117000097,1396,1428,-32
117000098,2769,5502,-2733
117000099,2917,1527,1390
117000100,158,317,-159
117000101,238,1320,-1082
117000102,1318,840,478
117000103,813,2053,-1240
117000104,1258,756,502
117000105,899,1994,-1095
117000106,1030,975,55
117000107,779,2119,-1340
117000108,1549,972,577
117000109,1780,2648,-868
117000110,1362,1013,349
117000111,3622,4985,-1363
117000112,3031,1933,1098
117000113,357,317,40
117000114,271,184,87
117000115,165,180,-15
117000116,133,246,-113
117000117,1547,927,620
117000118,421,185,236
117000119,1558,157,1401
117000120,268,424,-156
117000121,208,1152,-944
117000122,315,877,-562
117000123,1918,47,1871
117000124,1051,54,997
117000125,383,70,313
117000126,92,18,74
117000127,173,284,-111
117000128,512,675,-163
117000129,447,649,-202
117000130,182,3,179
117000131,1,125,-124
117000132,4489,45,4444
117000133,1286,93,1193
117000134,1,43,-42
117000135,4,32,-28
117000136,1,32,-31
117000137,105,113,-8
117000138,4,618,-614
117000140,469,1803,-1334
117000141,1503,639,864
117000181,734,465,269
117000182,318,483,-165
117000195,232,1167,-935
117000196,293,102,191
117000225,212,27,185
117000226,16,125,-109
117000276,253,9,244
117000277,1,424,-423
117000310,1744,2689,-945
117000315,34,930,-896
117000320,123,1,122
117000906,300,18,282
117000907,11,364,-353
117000909,78,32,46
117000910,231,151,80
117000911,131,225,-94
117000915,11,637,-626
117000916,17,7,10
117000917,782,43,739
117000918,73,69,4
117000919,7,126,-119
117000920,6,1501,-1495
117000921,2,1531,-1529
117000922,65,146,-81
117000924,573,977,-404
117000926,1034,75,959
117000927,2435,900,1535
117000928,0,181,-181
117000929,218,569,-351
117000930,201,28,173
117000931,692,150,542
117900002,117,409,-292
117900003,767,372,395
117900005,9,31,-22
117900006,0,28,-28
117900007,156,127,29
117900008,0,39,-39
117900010,579,101,478
117900011,28,52,-24
117900012,121,91,30
117900013,1,240,-239
117900014,761,180,581
117900015,19,112,-93
117900016,1229,629,600
117900017,635,389,246
117900018,168,81,87
117900019,379,323,56
117900020,87,381,-294
117900021,66,53,13
117900023,660,400,260
117900024,52,75,-23
117900025,67,16,51
117900026,448,323,125
117900028,116,6,110
117900029,221,804,-583
117900031,379,85,294
117900032,1187,637,550
117900033,218,733,-515
117900034,78,37,41
117900035,560,147,413
117900036,220,505,-285
117900037,107,220,-113
117900038,12,392,-380
117900039,8,67,-59
117900040,123,488,-365
117900041,4,59,-55
117900042,4006,426,3580
117900043,47,69,-22
117900044,31,4472,-4441
117900045,158,103,55
117900048,292,417,-125
117900049,265,563,-298
117900050,7,37,-30
117900051,31,1,30
117900052,55,359,-304
117900053,1601,871,730
117900054,0,30,-30
117900055,142,347,-205
117900056,365,45,320
117900057,1674,1680,-6
117900058,94,25,69
117900059,343,132,211
117900060,2246,5928,-3682
117900061,51,265,-214
117900063,363,204,159
117900065,1261,1379,-118
117900066,3,65,-62
117900067,338,177,161
117900069,701,297,404
117900070,237,13,224
117900071,84,157,-73
117900073,394,348,46
117900074,210,25,185
117900075,76,82,-6
117900076,26,77,-51
117900077,298,307,-9
117900078,392,856,-464
117900080,160,48,112
117900081,525,445,80
117900082,397,416,-19
117900083,324,451,-127
117900086,117,43,74
117900087,217,129,88
117900088,3622,2071,1551
117900089,1803,771,1032
117900090,482,566,-84
117900091,124,226,-102
117900092,66,42,24
117900093,71,133,-62
117900094,44,24,20
117900095,388,566,-178
117900096,104,238,-134
117900097,227,210,17
117900098,47,8,39
117900099,347,237,110
117900100,158,3,155
117900101,400,1807,-1407
117900102,46,84,-38
117900103,117,3,114
117900104,54,106,-52
117900105,123,196,-73
117900106,113,61,52
117900107,50,0,50
117900109,460,375,85
117900110,158,1,157
117900111,337,15,322
117900112,63,31,32
117900113,3566,1859,1707
117900114,22,0,22
117900115,324,71,253
117900116,992,967,25
117900117,394,416,-22
117900118,62,1,61
117900119,145,219,-74
117900120,216,92,124
117900121,90,21,69
117900122,1189,3374,-2185
117900123,851,440,411
117900124,1176,745,431
117900125,1661,1982,-321
117900126,239,576,-337
117900127,444,460,-16
117900128,426,696,-270
117900129,91,2,89
117900130,1530,436,1094
117900131,2,130,-128
117900132,29,127,-98
117900133,11,143,-132
117900134,38,215,-177
117900135,14,210,-196
117900136,0,41,-41
117900137,44,397,-353
117900138,0,65,-65
117900139,128,150,-22
117900140,3856,227,3629
117900141,123,194,-71
117900142,449,20,429
117900144,89,92,-3
117900145,68,31,37
117900146,199,90,109
117900147,68,47,21
117900148,2785,1487,1298
117900149,81,257,-176
117900150,45,38,7
117900151,63,102,-39
117900152,155,65,90
117900153,43,122,-79
117900154,380,651,-271
117900156,980,971,9
117900157,123,601,-478
117900158,242,252,-10
117900160,704,670,34
117900161,2900,2281,619
117900162,566,465,101
117900163,175,83,92
117900165,0,19,-19
117900166,140,455,-315
117900168,47,269,-222
117900169,1,168,-167
117900170,2,41,-39
117900171,2,32,-30
117900172,15,45,-30
117900173,165,69,96
117900174,49,59,-10
117900175,5,58,-53
117900176,7,39,-32
117900177,18,79,-61
117900178,117,39,78
117900180,316,75,241
117900181,187,409,-222
117900182,4,40,-36
117900183,71,261,-190
117900184,15,50,-35
117900185,37,58,-21
117900186,32,15,17
117900187,14,13,1
117900188,300,48,252
117900189,110,35,75
117900190,31,4,27
117900191,64,8,56
117900192,309,3,306
117900193,6,118,-112
117900194,17,23,-6
117900195,43,74,-31
117900196,10,68,-58
117900207,158,170,-12
117900208,17,34,-17
117900209,181,196,-15
117900210,93,223,-130
117900211,3,192,-189
117900212,142,181,-39
117900213,39,21,18
117900214,5,32,-27
117900215,36,45,-9
117900216,49,22,27
117900217,182,314,-132
117900218,186,212,-26
117900219,15,91,-76
117900220,133,43,90
117900222,246,406,-160
117900223,199,306,-107
118000001,1089,887,202
118000002,1182,2306,-1124
118000003,2351,2645,-294
118000004,3701,2842,859
118000005,5935,4998,937
118000006,7526,9476,-1950
118000007,6711,3209,3502
118000008,6406,3753,2653
118000009,2787,2964,-177
118000010,4735,4087,648
118000011,1311,2416,-1105
118000012,1189,2625,-1436
118000013,2868,2547,321
118000014,2617,3362,-745
118000016,250,371,-121
118000017,332,462,-130
118000018,462,453,9
118000019,2622,1566,1056
118000020,1610,2645,-1035
118000021,827,2590,-1763
118000022,1913,732,1181
118000023,1136,344,792
118000024,1662,1092,570
118000027,17657,11149,6508
118000029,1138,756,382
118000032,1653,3574,-1921
118000033,3230,4217,-987
118000034,5887,2377,3510
118000035,1763,2458,-695
118000036,1345,1064,281
118000037,780,1061,-281
118000038,172,80,92
118000039,90,271,-181
118000040,1653,1336,317
118000041,2098,1645,453
118000045,635,160,475
118000046,1687,437,1250
118000047,1259,640,619
118000048,3206,1627,1579
118000051,2091,844,1247
118000052,1592,637,955
118000053,520,436,84
118000054,2137,1782,355
118000055,1796,1817,-21
118000056,980,387,593
118000057,455,364,91
118000058,2950,1238,1712
118000059,2001,793,1208
118000060,1080,598,482
118000061,1802,1393,409
118000062,689,219,470
118000063,373,436,-63
118000064,816,1169,-353
118000065,4447,1552,2895
118000066,693,1344,-651
118000067,1474,895,579
118000068,1812,4340,-2528
118000069,3204,1036,2168
118000070,5644,1664,3980
118000071,3116,6334,-3218
118000072,2077,1115,962
118000073,2603,549,2054
118000074,627,693,-66
118000075,906,297,609
118000076,1279,1957,-678
118000077,1421,1391,30
118000078,1817,1888,-71
118000079,274,412,-138
118000080,1248,975,273
118000081,1894,1158,736
118000082,316,1059,-743
118000083,1639,1560,79
118000084,3094,1959,1135
118000086,298,668,-370
118000087,5251,2840,2411
118000088,1835,1838,-3
118000089,3345,2054,1291
118000090,1855,2791,-936
118000091,1216,2428,-1212
118000092,1288,519,769
118000093,116,732,-616
118000096,548,716,-168
118000097,895,691,204
118000098,289,201,88
118000099,562,766,-204
118000101,1038,427,611
118000102,436,1432,-996
118000107,1940,501,1439
118000108,693,1963,-1270
118000110,0,20,-20
118000111,0,435,-435
118000112,504,2,502
118000113,13,733,-720
118000114,482,10,472
118000115,30,24,6
118000116,70,1,69
118000117,1290,806,484
118000118,840,709,131
118000119,950,1035,-85
118000120,1724,1319,405
118000121,135,730,-595
118000122,1546,438,1108
118000123,53,356,-303
118000125,1827,1027,800
118000126,1039,1687,-648
118000127,2039,669,1370
118000128,863,1276,-413
118000129,1473,480,993
118000130,3148,4593,-1445
118000131,1282,1241,41
118000132,2825,1917,908
118000133,1125,534,591
118000135,623,391,232
118000136,117,567,-450
118000137,807,97,710
118000138,439,581,-142
118000139,400,136,264
118000140,3346,4268,-922
118000141,1957,2071,-114
118000142,1663,1731,-68
118000143,2295,1291,1004
118000144,1381,1000,381
118000145,2636,2340,296
118000146,1226,1051,175
118000147,918,1677,-759
118000148,638,1367,-729
118000149,794,1039,-245
118000150,406,351,55
118000151,495,494,1
118000153,1151,1249,-98
118000154,1352,1650,-298
118000155,1248,1439,-191
118000156,2241,2574,-333
118000157,576,440,136
118000158,306,526,-220
118000159,20,121,-101
118000160,429,460,-31
118000161,406,789,-383
118000162,1517,1066,451
118000163,793,866,-73
118000164,2015,1479,536
118000168,1142,303,839
118000169,1121,1229,-108
118000170,4192,5858,-1666
118000171,295,701,-406
118000172,150,303,-153
118000173,1029,1254,-225
118000175,297,349,-52
118000176,236,468,-232
118000177,267,523,-256
118000178,48,67,-19
118000179,1468,1095,373
118000180,797,681,116
118000181,932,362,570
118000182,335,290,45
118000183,259,242,17
118000184,650,818,-168
118000185,1127,1068,59
118000186,703,1057,-354
118000187,1182,865,317
118000188,567,191,376
118000189,421,673,-252
118000190,16,9,7
118000191,35,19,16
118000192,623,398,225
118000193,531,581,-50
118000194,1806,1039,767
118000195,606,793,-187
118000196,345,143,202
118000197,444,178,266
118000198,753,620,133
118000199,927,409,518
118000200,62,174,-112
118000201,454,450,4
118000202,40,42,-2
118000203,1109,468,641
118000204,236,395,-159
118000205,260,394,-134
118000206,193,244,-51
118000207,0,53,-53
118000208,1201,1525,-324
118000209,1832,1962,-130
118000210,56,71,-15
118000211,25,35,-10
118000213,858,1101,-243
118000214,666,583,83
118000215,303,223,80
118000216,1255,2627,-1372
118000217,39,163,-124
118000218,67,146,-79
118000219,427,352,75
118000220,4,31,-27
118000221,131,271,-140
118000222,42,8,34
118000223,33,50,-17
118000224,153,95,58
118000225,113,647,-534
118000226,1028,150,878
118000227,905,404,501
118000228,177,203,-26
118000229,165,60,105
118000230,132,249,-117
118000231,83,230,-147
118000232,631,943,-312
118000233,924,789,135
118000234,338,181,157
118000236,272,276,-4
118000237,86,344,-258
118000238,196,165,31
118000239,295,270,25
118000240,376,162,214
118000241,97,177,-80
118000242,305,726,-421
118000243,255,193,62
118000244,59,140,-81
118000246,0,9,-9
118000255,110,280,-170
118000256,147,264,-117
118000259,23,54,-31
118000260,169,93,76
118000261,46,57,-11
118000263,77,174,-97
118000266,803,292,511
118000267,0,104,-104
118000268,305,18,287
118000270,115,30,85
118000271,236,336,-100
118000272,112,27,85
118000273,117,78,39
118000274,123,250,-127
118000276,368,285,83
118000295,5,93,-88
118000298,151,369,-218
118000299,77,210,-133
118000301,0,58,-58
118000302,53,92,-39
118000311,346,104,242
118000312,271,147,124
118000313,29,143,-114
118000314,60,80,-20
118000315,29,80,-51
118000316,633,482,151
118000325,68,68,0
118000326,19,37,-18
118000331,44,54,-10
118000332,24,25,-1
118000333,23,67,-44
118000335,325,0,325
118000336,0,252,-252
118000407,118,71,47
118000457,13,42,-29
118000465,4431,4332,99
118000480,27,104,-77
118000489,133,337,-204
118000490,161,452,-291
118000492,317,208,109
118000510,74,8,66
118000514,162,268,-106
118000515,621,606,15
118000517,388,202,186
118000524,500,261,239
118000525,795,807,-12
118000530,14,92,-78
118000531,233,266,-33
118000532,255,314,-59
118000533,386,159,227
118000534,507,375,132
118000535,241,135,106
118000536,901,1225,-324
118000537,33,78,-45
118000538,36,47,-11
118000539,13,79,-66
118000540,254,132,122
118000541,153,65,88
118000542,88,158,-70
118000543,114,142,-28
118000546,56,17,39
118000553,0,3,-3
118000560,2855,1880,975
118000562,15,192,-177
118000563,1775,1480,295
118000576,230,191,39
118000577,269,219,50
118000578,218,117,101
118000579,708,1007,-299
118000583,0,0,0
118000595,188,91,97
118000596,0,58,-58
118000597,162,127,35
118000598,3,1,2
118000599,40,63,-23
118000600,2,11,-9
118000601,5,1,4
118000602,1,6,-5
118000603,0,32,-32
118000605,49,443,-394
118000606,19,37,-18
118900001,677,1058,-381
118900002,883,705,178
118900003,266,15,251
118900004,56,62,-6
118900005,59,4,55
118900006,135,1,134
118900007,2,2,0
118900008,1352,54,1298
118900009,34,28,6
118900010,61,6,55
118900011,150,41,109
118900012,470,235,235
118900013,431,84,347
118900015,140,56,84
118900016,7,7,0
118900017,274,287,-13
118900018,638,21,617
118900019,40,8,32
118900020,212,152,60
118900021,181,253,-72
118900022,142,83,59
118900023,137,114,23
118900024,65,96,-31
118900025,25,15,10
118900026,48,78,-30
118900027,360,254,106
118900028,142,127,15
118900029,290,257,33
118900030,214,82,132
118900031,136,98,38
118900032,155,181,-26
118900033,341,347,-6
118900034,151,48,103
118900035,121,189,-68
118900036,1012,603,409
118900037,372,215,157
118900038,333,232,101
118900039,369,175,194
118900040,170,179,-9
118900041,568,236,332
118900042,168,91,77
118900045,301,149,152
118900046,883,312,571
118900047,522,221,301
118900048,215,138,77
118900049,49,51,-2
118900050,10,118,-108
118900051,187,133,54
118900052,196,161,35
118900053,46,81,-35
118900054,122,39,83
118900055,70,89,-19
118900056,25,249,-224
118900057,611,405,206
118900058,288,271,17
118900059,20,77,-57
118900060,259,130,129
118900062,424,119,305
118900064,653,475,178
118900065,54,125,-71
118900066,97,97,0
118900067,4561,3026,1535
118900068,5,224,-219
118900069,296,246,50
118900071,1,56,-55
118900072,362,422,-60
118900073,108,105,3
118900074,103,232,-129
118900075,34,72,-38
118900076,166,108,58
118900077,140,155,-15
118900078,48,6,42
118900079,53,236,-183
118900080,8,132,-124
118900081,86,29,57
118900082,494,163,331
118900083,28,8,20
118900084,9,20,-11
118900085,702,948,-246
118900086,27,70,-43
118900087,10,170,-160
118900088,1,4,-3
118900089,14,11,3
118900090,403,441,-38
118900091,132,175,-43
118900092,57,108,-51
118900093,137,20,117
118900096,95,129,-34
118900097,215,483,-268
118900099,60,187,-127
118900100,120,202,-82
118900101,66,469,-403
118900102,26,100,-74
118900103,26,73,-47
118900104,135,135,0
118900105,203,107,96
118900107,156,96,60
118900108,111,76,35
118900110,1352,622,730
118900111,511,505,6
118900112,62,172,-110
118900113,166,433,-267
118900114,27,75,-48
118900115,138,325,-187
118900116,136,191,-55
118900117,100,186,-86
118900118,209,348,-139
118900119,118,311,-193
118900120,72,340,-268
118900121,14,186,-172
118900122,10,760,-750
118900123,99,228,-129
118900124,51,231,-180
118900126,27,353,-326
118900129,232,207,25
118900130,81,141,-60
118900131,178,212,-34
118900132,290,212,78
118900133,25,106,-81
118900135,158,181,-23
118900136,190,489,-299
118900137,13,32,-19
118900139,237,396,-159
118900140,358,506,-148
118900141,110,159,-49
118900144,98,375,-277
118900145,33,133,-100
118900146,260,649,-389
118900147,185,172,13
118900148,47,46,1
118900150,300,535,-235
118900152,498,802,-304
118900157,130,182,-52
118900158,47,67,-20
118900159,1,192,-191
118900161,104,8,96
118900163,198,119,79
118900164,9,124,-115
118900165,45,196,-151
118900166,27,1,26
118900167,63,109,-46
118900168,10,84,-74
118900169,86,333,-247
118900170,79,139,-60
118900171,19,33,-14
118900174,54,56,-2
118900175,336,552,-216
118900176,146,285,-139
118900177,31,55,-24
118900178,68,154,-86
118900179,2,32,-30
118900181,97,113,-16
118900182,72,31,41
118900183,28,114,-86
118900184,313,99,214
118900185,160,146,14
118900186,99,121,-22
118900187,195,245,-50
118900188,278,210,68
118900189,29,584,-555
118900190,6,292,-286
118900191,149,39,110
118900192,161,21,140
118900193,438,14,424
118900195,291,596,-305
118900196,29,130,-101
118900197,104,53,51
118900198,16,17,-1
118900199,69,42,27
118900200,14,13,1
118900201,39,18,21
118900202,12,47,-35
118900203,0,23,-23
118900204,21,32,-11
118900205,0,17,-17
118900206,1,23,-22
119000001,1443,1391,52
119000002,3646,2524,1122
119000003,2241,1369,872
119000004,2719,1447,1272
119000005,1598,1960,-362
119000006,2762,1861,901
119000007,2969,3284,-315
119000008,1899,1954,-55
119000009,3702,4440,-738
119000010,6794,4354,2440
119000011,4399,2660,1739
119000012,3186,3589,-403
119000013,2286,1554,732
119000014,2270,3412,-1142
119000019,289,150,139
119000020,2456,1332,1124
119000021,4005,2320,1685
119000022,2371,2156,215
119000023,370,310,60
119000024,1633,8994,-7361
119000025,7985,1515,6470
119000026,144,396,-252
119000027,312,499,-187
119000028,2143,1078,1065
119000029,92,320,-228
119000030,670,1148,-478
119000031,945,826,119
119000032,2072,2677,-605
119000033,2167,1655,512
119000034,1122,1274,-152
119000035,28,414,-386
119000036,1630,969,661
119000037,1049,2099,-1050
119000038,135,1015,-880
119000039,254,260,-6
119000040,840,539,301
119000041,803,1369,-566
119000048,3519,3471,48
119000049,1920,2960,-1040
119000050,1767,2275,-508
119000051,2070,1078,992
119000052,1970,3215,-1245
119000053,2049,1417,632
119000054,3007,3652,-645
119000055,3989,3789,200
119000056,2059,2293,-234
119000057,1392,2251,-859
119000058,1902,1985,-83
119000059,1261,1578,-317
119000060,1269,1178,91
119000061,926,870,56
119000062,1179,1394,-215
119000063,457,533,-76
119000064,1480,1738,-258
119000065,2206,3387,-1181
119000066,2001,1328,673
119000067,1968,2467,-499
119000068,1538,1322,216
119000069,1547,2601,-1054
119000070,2126,1275,851
119000071,623,626,-3
119000072,5750,3248,2502
119000073,5073,6874,-1801
119000074,1372,3380,-2008
119000075,1860,2774,-914
119000076,449,893,-444
119000077,862,545,317
119000078,530,285,245
119000079,214,760,-546
119000080,372,185,187
119000081,237,414,-177
119000082,746,258,488
119000083,491,426,65
119000084,393,535,-142
119000085,469,275,194
119000086,245,486,-241
119000087,1760,1114,646
119000088,359,282,77
119000089,86,182,-96
119000090,146,152,-6
119000091,126,389,-263
119000092,522,192,330
119000093,3624,2825,799
119000094,2770,5808,-3038
119000095,1447,2732,-1285
119000097,2275,1576,699
119000098,843,2270,-1427
119000099,2291,1892,399
119000100,2977,2939,38
119000101,3628,2029,1599
119000102,866,860,6
119000103,1652,572,1080
119000104,2538,1445,1093
119000105,940,1813,-873
119000106,331,1566,-1235
119000107,711,541,170
119000108,438,1060,-622
119000109,119,377,-258
119000110,534,348,186
119000111,89,555,-466
119000112,199,90,109
119000113,2188,315,1873
119000114,693,1003,-310
119000115,128,149,-21
119000116,111,96,15
119000117,124,357,-233
119000118,3,5,-2
119000123,4216,811,3405
119000124,1062,236,826
119000125,2999,793,2206
119000126,912,858,54
119000127,584,767,-183
119000128,9,3,6
119000131,878,957,-79
119000132,5,3,2
119000133,5,9,-4
119000134,2120,651,1469
119000135,133,227,-94
119000136,217,242,-25
119000137,142,432,-290
119000138,265,357,-92
119000139,248,245,3
119000140,145,308,-163
119000284,1394,3191,-1797
119000285,2252,2403,-151
119000286,8359,6454,1905
119000287,1973,2703,-730
119000288,1960,1751,209
119000289,2370,3616,-1246
119000290,189,566,-377
119000291,3,336,-333
119000293,130,189,-59
119000294,67,46,21
119000295,1600,400,1200
119000296,223,156,67
119000297,0,0,0
119000302,3166,1573,1593
119000303,56,152,-96
119000310,0,0,0
119000314,1347,8910,-7563
119000315,4,595,-591
119000316,124,136,-12
119000317,72,421,-349
119000319,506,307,199
119900001,241,1266,-1025
119900002,179,335,-156
119900003,55,1120,-1065
119900004,429,995,-566
119900005,102,124,-22
119900006,154,419,-265
119900007,1214,245,969
119900008,146,34,112
119900009,693,846,-153
119900010,1030,938,92
119900011,28,86,-58
119900012,15,103,-88
119900013,1839,1020,819
119900014,504,197,307
119900015,96,42,54
119900016,44,80,-36
119900017,33,47,-14
119900018,2101,701,1400
119900019,33,9,24
119900020,153,196,-43
119900021,140,124,16
119900022,96,440,-344
119900023,647,1137,-490
119900025,152,28,124
119900026,743,129,614
119900027,35,32,3
119900028,633,108,525
119900029,1,8,-7
119900030,482,620,-138
119900031,110,393,-283
119900033,1838,264,1574
119900034,314,124,190
119900037,216,47,169
119900038,49,261,-212
119900039,54,5,49
119900040,415,72,343
119900041,65,37,28
119900042,239,170,69
119900043,68,193,-125
119900044,171,649,-478
119900046,85,59,26
119900047,236,60,176
119900049,132,6,126
119900050,109,94,15
119900051,845,13,832
119900052,45,42,3
119900053,134,148,-14
119900054,93,13,80
119900055,1113,436,677
119900057,188,56,132
119900058,166,4,162
119900059,162,62,100
119900060,281,15,266
119900061,223,6,217
119900062,39,26,13
119900063,28,41,-13
119900065,202,4,198
119900067,246,33,213
119900068,344,1,343
119900069,90,25,65
119900070,737,7,730
119900071,521,18,503
119900073,1865,659,1206
119900074,76,28,48
119900075,5531,2594,2937
119900076,611,435,176
119900077,747,1208,-461
119900078,739,1098,-359
119900079,544,276,268
119900080,493,335,158
119900081,531,213,318
119900082,868,132,736
119900083,372,134,238
119900084,623,300,323
119900085,102,77,25
119900086,496,1451,-955
119900087,527,344,183
119900088,23,54,-31
119900089,30,625,-595
119900090,135,75,60
119900091,62,1134,-1072
119900092,163,368,-205
119900093,985,248,737
119900094,96,232,-136
119900095,160,115,45
119900096,37,124,-87
119900097,723,180,543
119900098,34,62,-28
119900099,28,194,-166
119900100,2654,1998,656
119900101,294,940,-646
119900102,35,269,-234
119900103,51,347,-296
119900104,24,172,-148
119900105,584,1411,-827
119900106,21,231,-210
119900107,341,3115,-2774
119900108,1952,681,1271
119900109,36,177,-141
119900110,521,685,-164
119900111,94,371,-277
119900112,2033,609,1424
119900113,109,314,-205
119900114,190,1424,-1234
119900115,182,1312,-1130
119900116,191,523,-332
119900117,295,790,-495
119900118,38,1130,-1092
119900119,220,245,-25
119900120,553,651,-98
119900121,365,1358,-993
119900122,595,398,197
119900123,261,352,-91
119900124,217,953,-736
119900125,60,311,-251
119900126,4089,234,3855
119900127,2742,1001,1741
119900128,584,881,-297
119900129,247,715,-468
119900130,40,232,-192
119900131,47,330,-283
119900132,2,259,-257
119900133,38,121,-83
119900134,2218,260,1958
119900135,0,431,-431
119900136,155,388,-233
119900138,353,462,-109
119900139,60,191,-131
119900140,5,123,-118
119900141,123,549,-426
119900142,0,18,-18
119900143,19,233,-214
119900144,1674,262,1412
119900145,78,190,-112
119900146,167,303,-136
119900147,0,99,-99
119900148,156,65,91
119900149,1413,3273,-1860
119900150,154,171,-17
119900151,1437,632,805
119900152,76,355,-279
119900153,166,107,59
119900154,16,626,-610
119900155,37,46,-9
119900156,20,9,11
119900157,124,250,-126
119900158,141,113,28
119900159,8,1591,-1583
119900160,26,175,-149
119900161,260,219,41
119900162,708,901,-193
119900163,160,174,-14
119900164,4,2,2
119900165,150,265,-115
119900166,70,71,-1
119900167,128,107,21
119900168,748,499,249
119900169,96,264,-168
119900170,196,295,-99
119900171,1237,454,783
119900172,121,30,91
119900173,10,511,-501
119900174,4,146,-142
119900175,1075,858,217
119900177,43,234,-191
119900178,4,156,-152
119900179,75,400,-325
119900180,872,943,-71
119900181,50,142,-92
119900182,6,401,-395
119900183,158,778,-620
119900184,2491,522,1969
119900185,40,139,-99
119900186,95,630,-535
119900187,10,421,-411
119900188,54,415,-361
119900189,514,471,43
119900190,37,250,-213
119900191,294,141,153
119900192,57,171,-114
119900193,255,248,7
119900194,15,74,-59
119900195,23,177,-154
119900196,1343,417,926
119900197,156,195,-39
119900198,248,360,-112
119900199,128,27,101
119900200,514,731,-217
119900201,370,169,201
119900202,273,193,80
119900203,160,442,-282
119900204,210,310,-100
119900205,515,684,-169
119900206,100,146,-46
119900208,144,179,-35
119900209,455,1010,-555
119900210,29,33,-4
119900211,108,20,88
119900212,188,384,-196
119900213,10,89,-79
119900214,35,106,-71
119900215,58,101,-43
119900216,11,71,-60
119900217,16,70,-54
119900218,36,92,-56
119900219,17,116,-99
119900220,3,85,-82
119900221,39,268,-229
119900222,18,172,-154
119900223,20,61,-41
119900224,5,8,-3
119900225,792,44,748
119900226,607,1445,-838
119900227,1023,287,736
119900228,207,260,-53
119900229,368,397,-29
119900230,1522,628,894
119900231,195,207,-12
119900232,213,96,117
119900233,85,4,81
119900234,27,55,-28
119900235,23,66,-43
119900236,38,231,-193
119900237,43,391,-348
119900238,9,83,-74
119900240,87,153,-66
119900241,181,309,-128
119900242,1314,1304,10
119900244,598,1316,-718
119900245,200,188,12
119900246,274,619,-345
119900247,30,92,-62
119900248,61,144,-83
119900249,243,100,143
119900253,3093,419,2674
119900254,62,526,-464
119900255,91,517,-426
119900256,490,1010,-520
119900257,59,1,58
119900258,85,4,81
119900259,13,140,-127
119900260,94,8,86
119900261,349,206,143
119900262,2,276,-274
119900263,986,398,588
119900264,122,191,-69
119900265,513,444,69
119900266,275,302,-27
119900267,254,424,-170
119900268,320,202,118
119900269,1256,1342,-86
119900271,27,95,-68
119900272,315,115,200
119900275,114,16,98
119900276,47,2,45
119900277,13,8,5
119900278,214,70,144
119900279,115,353,-238
119900280,863,235,628
119900281,1,183,-182
119900282,60,57,3
119900283,8,301,-293
119900284,29,143,-114
119900285,46,99,-53
119900286,7,30,-23
119900288,4,39,-35
119900289,0,47,-47
119900290,4,36,-32
119900291,0,38,-38
119900292,26,58,-32
119900293,36,123,-87
119900294,61,83,-22
119900295,12,58,-46
119900296,15,228,-213
119900297,2,8,-6
119900298,7,5,2
119900299,93,220,-127
119900300,382,199,183
119900301,40,24,16
119900302,25,57,-32
119900303,262,319,-57
119900304,218,64,154
119900305,9,117,-108
119900306,26,2,24
119900307,26,102,-76
119900308,4,18,-14
119900309,38,110,-72
119900310,261,308,-47
119900311,53,110,-57
119900312,99,111,-12
119900313,253,320,-67
119900314,123,382,-259
119900315,1294,2496,-1202
119900318,13,20,-7
119900319,1,291,-290
119900320,94,648,-554
119900321,70,1,69
120000001,6336,13087,-6751
120000002,2758,3183,-425
120000003,3738,2051,1687
120000004,3145,2717,428
120000005,5227,2441,2786
120000006,1275,1736,-461
120000007,4116,3371,745
120000008,1023,1495,-472
120000009,3928,1136,2792
120000010,2084,3056,-972
120000011,1216,2145,-929
120000012,1576,3002,-1426
120000013,2856,3006,-150
120000014,724,1568,-844
120000015,2729,1646,1083
120000016,3373,2541,832
120000017,4400,2537,1863
120000018,4113,9525,-5412
120000019,975,1544,-569
120000020,3314,3326,-12
120000021,1841,2489,-648
120000022,2877,4382,-1505
120000023,1170,2083,-913
120000024,1608,2883,-1275
120000025,2483,2352,131
120000026,1464,2057,-593
120000027,1842,2540,-698
120000028,1143,803,340
120000029,4504,693,3811
120000030,3145,1066,2079
120000031,1970,7289,-5319
120000032,8783,5138,3645
120000033,5307,2460,2847
120000034,1849,2448,-599
120000035,1751,2427,-676
120000036,2764,5306,-2542
120000037,752,1480,-728
120000038,7391,3679,3712
120000039,607,1082,-475
120000040,622,267,355
120000041,2511,1684,827
120000042,2115,2918,-803
120000043,4859,2079,2780
120000044,4972,2053,2919
120000045,5280,1580,3700
120000046,2626,3073,-447
120000047,1338,5525,-4187
120000048,7117,4270,2847
120000049,3479,3149,330
120000050,4011,4451,-440
120000051,3079,4336,-1257
120000052,10012,2502,7510
120000053,1354,3152,-1798
120000054,1515,4911,-3396
120000055,1913,5329,-3416
120000056,3584,3773,-189
120000057,3061,736,2325
120000058,6005,638,5367
120000059,27,1774,-1747
120000061,189,792,-603
120000062,253,355,-102
120000063,1936,2774,-838
120000064,362,1429,-1067
120000065,1825,1767,58
120000066,353,566,-213
120000067,119,500,-381
120000068,221,1087,-866
120000069,993,1469,-476
120000070,97,1062,-965
120000071,428,263,165
120000072,636,641,-5
120000073,765,140,625
120000074,186,93,93
120000075,1057,329,728
120000076,4324,528,3796
120000077,2401,749,1652
120000078,3360,1260,2100
120000079,486,666,-180
120000080,226,437,-211
120000081,589,291,298
120000082,276,333,-57
120000083,180,766,-586
120000084,361,372,-11
120000085,379,378,1
120000086,337,620,-283
120000087,256,789,-533
120000088,1027,1303,-276
120000089,1122,776,346
120000090,707,569,138
120000091,1298,1287,11
120000092,1265,890,375
120000093,376,646,-270
120000094,147,843,-696
120000095,1025,639,386
120000096,274,1065,-791
120000098,1132,1230,-98
120000099,687,951,-264
120000100,767,1136,-369
120000101,494,552,-58
120000102,531,889,-358
120000103,1542,981,561
120000104,1622,652,970
120000105,2553,926,1627
120000106,2264,773,1491
120000107,3628,824,2804
120000108,1251,176,1075
120000109,984,74,910
120000110,97,1140,-1043
120000111,150,1272,-1122
120000112,975,3757,-2782
120000113,830,2629,-1799
120000114,1183,3550,-2367
120000115,368,2855,-2487
120000116,932,2328,-1396
120000117,1247,1620,-373
120000118,62,30,32
120000119,48,83,-35
120000120,44,61,-17
120000121,27,40,-13
120000122,293,372,-79
120000123,5886,4805,1081
120000124,485,390,95
120000125,589,824,-235
120000126,475,851,-376
120000127,2968,993,1975
120000128,3813,3388,425
120000129,305,357,-52
120000130,1040,718,322
120000131,336,667,-331
120000134,412,1230,-818
120000135,378,512,-134
120000137,259,1687,-1428
120000138,717,582,135
120000139,347,947,-600
120000140,718,579,139
120000141,599,616,-17
120000142,960,709,251
120000143,1,107,-106
120000144,73,1,72
120000145,387,1,386
120000146,1790,912,878
120000149,678,1450,-772
120000150,4105,12350,-8245
120000151,438,591,-153
120000152,489,264,225
120000153,162,632,-470
120000154,524,489,35
120000155,132,290,-158
120000156,1404,988,416
120000157,1157,954,203
120000158,926,1077,-151
120000159,2243,2780,-537
120000160,2286,1428,858
120000161,1901,2708,-807
120000162,125,331,-206
120000163,747,1644,-897
120000164,446,549,-103
120000165,521,1378,-857
120000166,1329,797,532
120000167,51,71,-20
120000168,10,196,-186
120000169,47,612,-565
120000170,43,415,-372
120000171,27,139,-112
120000172,45,133,-88
120000173,4428,758,3670
120000174,612,19,593
120000175,538,38,500
120000176,457,49,408
120000177,1312,139,1173
120000178,140,15,125
120000179,353,42,311
120000180,677,87,590
120000181,137,486,-349
120000182,82,324,-242
120000183,11,250,-239
120000184,95,820,-725
120000186,103,186,-83
120000187,72,143,-71
120000188,198,212,-14
120000190,1183,31,1152
120000191,1240,39,1201
120000192,1063,18,1045
120000193,329,14,315
120000195,110,2,108
120000196,346,50,296
120000197,102,173,-71
120000198,123,74,49
120000199,100,0,100
120000200,80,5,75
120000201,12,20,-8
120000202,2,44,-42
120000203,30,218,-188
120000207,2,57,-55
120000208,22,314,-292
120000209,8,101,-93
120000210,117,89,28
120000211,89,5,84
120000212,140,0,140
120000213,108,437,-329
120000214,3,359,-356
120000215,7,151,-144
120000216,34,9,25
120000217,619,1090,-471
120000218,199,985,-786
120000219,9,590,-581
120000220,28,1890,-1862
120000225,1589,2,1587
120000226,309,4,305
120000227,748,31,717
120000228,6793,2603,4190
120000230,332,11,321
120000231,1109,2578,-1469
120000233,367,125,242
120000235,218,788,-570
120000236,940,1,939
120000237,2,1644,-1642
120000238,2,447,-445
120000241,1217,3575,-2358
120000412,901,30,871
120000413,266,248,18
120000414,86,2,84
120000415,3,163,-160
120000416,130,1,129
120000417,5,100,-95
120000418,72,18,54
120000419,16,362,-346
120000420,45,32,13
120000421,11554,6461,5093
120000422,127,1081,-954
120000423,1,43,-42
120000424,55,157,-102
120000436,143,603,-460
120000437,182,150,32
120000438,4022,349,3673
120000439,148,491,-343
120000443,159,0,159
120000444,1719,732,987
120000445,2268,1186,1082
120000446,793,299,494
120000447,224,13,211
120000449,73,5,68
120000450,2,216,-214
120000451,103,289,-186
120000452,48,2,46
120000453,0,350,-350
120000454,73,49,24
120000455,113,54,59
120000456,2559,3656,-1097
120000457,1043,700,343
120000458,704,934,-230
120000459,53,102,-49
120000665,1104,245,859
120000668,112,358,-246
120000669,52,223,-171
120000670,370,390,-20
120000671,1310,453,857
120000672,146,612,-466
120900001,82,100,-18
120900002,400,341,59
120900003,365,25,340
120900004,13,61,-48
120900005,9,1343,-1334
120900006,438,225,213
120900007,126,141,-15
120900008,241,1423,-1182
120900009,952,57,895
120900010,351,113,238
120900011,318,207,111
120900012,491,1076,-585
120900013,341,77,264
120900014,5,654,-649
120900015,1948,107,1841
120900016,814,73,741
120900017,2774,98,2676
120900018,120,549,-429
120900019,478,283,195
120900020,897,1172,-275
120900021,529,154,375
120900022,46,320,-274
120900023,656,41,615
120900024,2013,497,1516
120900025,2082,1106,976
120900026,258,203,55
120900027,919,38,881
120900028,290,103,187
120900029,193,439,-246
120900030,1002,751,251
120900031,222,95,127
120900032,1024,135,889
120900033,1018,65,953
120900034,49,2171,-2122
120900035,23,67,-44
120900037,293,6,287
120900038,48,238,-190
120900039,90,35,55
120900040,200,1,199
120900041,138,25,113
120900042,550,47,503
120900043,66,26,40
120900044,20,338,-318
120900045,130,100,30
120900046,344,8,336
120900047,183,101,82
120900048,153,11,142
120900049,315,1,314
120900050,2654,1286,1368
120900051,309,132,177
120900052,501,6,495
120900053,236,110,126
120900054,1969,509,1460
120900055,403,0,403
120900056,406,21,385
120900057,143,14,129
120900058,421,1,420
120900059,80,5,75
120900060,46,36,10
120900061,312,242,70
120900062,225,1,224
120900063,463,5,458
120900064,428,0,428
120900065,380,2,378
120900066,267,304,-37
120900067,159,69,90
120900068,251,2,249
120900069,194,55,139
120900071,2,0,2
120900072,649,2,647
120900073,395,99,296
120900074,573,9,564
120900076,272,2,270
120900077,3035,370,2665
120900078,681,1224,-543
120900079,683,133,550
120900080,669,2490,-1821
120900081,980,882,98
120900082,547,739,-192
120900083,86,0,86
120900084,202,349,-147
120900085,119,141,-22
120900086,135,290,-155
120900087,379,340,39
120900088,135,333,-198
120900089,3971,2204,1767
120900090,182,194,-12
120900091,738,1009,-271
120900092,1674,690,984
120900093,2837,238,2599
120900094,644,181,463
120900095,509,30,479
120900096,26,216,-190
120900097,777,870,-93
120900098,421,237,184
120900099,57,80,-23
120900100,115,319,-204
120900101,868,333,535
120900102,23,112,-89
120900103,58,304,-246
120900104,25,44,-19
120900105,55,753,-698
120900106,1495,637,858
120900107,285,127,158
120900108,10,785,-775
120900109,56,824,-768
120900110,25,1001,-976
120900111,210,409,-199
120900112,23,1136,-1113
120900113,32,979,-947
120900114,46,197,-151
120900115,151,269,-118
120900116,254,520,-266
120900117,2,638,-636
120900118,8,926,-918
120900119,4174,6660,-2486
120900120,93,676,-583
120900121,144,550,-406
120900122,313,615,-302
120900123,8,482,-474
120900124,0,772,-772
120900125,19,907,-888
120900126,1928,1319,609
120900127,16,509,-493
120900128,1455,1678,-223
120900129,57,392,-335
120900130,1,362,-361
120900131,65,125,-60
120900132,756,369,387
120900133,213,1077,-864
120900134,1026,466,560
120900135,12,744,-732
120900136,49,296,-247
120900137,164,104,60
120900138,15,234,-219
120900139,12,781,-769
120900140,5,202,-197
120900141,128,143,-15
120900142,23,691,-668
120900143,1,1001,-1000
120900144,0,197,-197
120900145,1075,986,89
120900146,6,1216,-1210
120900147,0,594,-594
120900148,117,139,-22
120900149,0,387,-387
120900150,75,708,-633
120900151,14,742,-728
120900152,0,52,-52
120900153,30,116,-86
120900154,2,314,-312
120900155,222,1163,-941
120900156,83,447,-364
120900157,66,275,-209
120900158,80,786,-706
120900159,179,440,-261
120900160,39,941,-902
120900161,64,488,-424
120900162,37,586,-549
120900163,38,413,-375
120900164,4,10,-6
120900165,17,46,-29
120900166,106,220,-114
120900167,273,142,131
120900169,77,474,-397
120900170,1898,2502,-604
120900171,1073,301,772
120900172,1200,665,535
120900173,9,62,-53
120900174,9,96,-87
120900175,333,185,148
120900176,5,311,-306
120900177,1,981,-980
120900178,1,264,-263
120900179,1233,494,739
120900180,100,152,-52
120900181,273,74,199
120900182,19,471,-452
120900183,412,74,338
120900184,183,55,128
120900185,10,454,-444
120900186,1,508,-507
120900187,342,1038,-696
120900188,201,9,192
120900189,147,998,-851
120900190,78,13,65
120900191,6,34,-28
120900192,11909,6656,5253
120900194,40,101,-61
120900195,109,307,-198
120900196,945,54,891
120900197,647,120,527
120900198,394,637,-243
120900199,449,335,114
120900200,79,89,-10
120900201,553,151,402
120900202,4,182,-178
120900203,29,134,-105
120900204,182,267,-85
120900205,48,56,-8
120900206,14,42,-28
120900207,74,1441,-1367
121000001,769,1019,-250
121000002,2166,1487,679
121000003,3038,1947,1091
121000004,2638,4140,-1502
121000005,2124,2768,-644
121000006,3473,1678,1795
121000007,2823,2986,-163
121000008,6013,3351,2662
121000009,5534,5486,48
121000010,8622,4970,3652
121000011,8599,12107,-3508
121000012,16098,10182,5916
121000013,5192,7343,-2151
121000014,6973,6002,971
121000015,4370,7863,-3493
121000016,5006,3759,1247
121000017,2118,3818,-1700
121000018,2447,2165,282
121000019,21155,13628,7527
121000020,14539,17437,-2898
121000021,4552,3326,1226
121000022,4464,2914,1550
121000023,5437,3421,2016
121000024,6351,5082,1269
121000025,594,1453,-859
121000026,368,160,208
121000027,1645,1220,425
121000028,872,489,383
121000029,1196,784,412
121000030,662,430,232
121000031,594,627,-33
121000032,191,122,69
121000034,559,243,316
121000035,320,160,160
121000036,1110,894,216
121000037,611,573,38
121000038,664,775,-111
121000039,446,392,54
121000041,772,480,292
121000042,351,431,-80
121000043,685,545,140
121000044,1648,888,760
121000045,452,278,174
121000046,616,886,-270
121000047,957,316,641
121000049,1676,643,1033
121000050,376,1157,-781
121000051,1034,308,726
121000052,754,621,133
121000053,382,113,269
121000054,54,404,-350
121000055,1374,1132,242
121000056,801,1055,-254
121000057,381,599,-218
121000058,441,191,250
121000059,2132,1449,683
121000060,557,1166,-609
121000061,145,196,-51
121000062,230,412,-182
121000063,957,771,186
121000064,730,905,-175
121000065,459,477,-18
121000066,670,610,60
121000067,866,505,361
121000068,868,334,534
121000069,736,536,200
121000070,2266,1321,945
121000071,1745,1250,495
121000072,1503,713,790
121000073,1241,917,324
121000074,165,215,-50
121000075,94,219,-125
121000076,1484,363,1121
121000077,144,142,2
121000078,186,162,24
121000080,2273,634,1639
121000081,2893,2824,69
121000082,137,285,-148
121000083,214,119,95
121000084,184,142,42
121000085,319,565,-246
121000086,270,944,-674
121000087,58,428,-370
121000088,547,634,-87
121000089,373,392,-19
121000090,497,404,93
121000091,1450,734,716
121000092,201,79,122
121000093,218,189,29
121000094,472,814,-342
121000095,318,620,-302
121000096,2253,2463,-210
121000097,1067,1864,-797
121000098,783,1618,-835
121000099,805,995,-190
121000100,1086,655,431
121000101,406,295,111
121000102,309,359,-50
121000103,215,291,-76
121000104,287,214,73
121000105,424,351,73
121000106,361,411,-50
121000107,2186,3172,-986
121000109,1355,1169,186
121000110,284,805,-521
121000114,2476,2037,439
121000115,869,881,-12
121000116,319,857,-538
121000117,894,291,603
121000118,1480,258,1222
121000119,661,445,216
121000120,343,690,-347
121000121,638,1024,-386
121000123,2054,600,1454
121000127,186,145,41
121000128,1466,685,781
121000129,1021,628,393
121000130,641,1201,-560
121000131,3096,2244,852
121000132,2063,1876,187
121000135,449,354,95
121000136,2085,699,1386
121000137,545,253,292
121000138,1338,744,594
121000139,695,182,513
121000141,332,143,189
121000142,878,1323,-445
121000143,184,34,150
121000144,1123,1688,-565
121000145,776,1234,-458
121000146,1390,935,455
121000147,1262,533,729
121000148,1079,1323,-244
121000149,2388,1502,886
121000152,464,673,-209
121000153,1819,734,1085
121000154,873,730,143
121000155,1421,1344,77
121000156,450,1178,-728
121000157,1210,1787,-577
121000158,419,613,-194
121000159,208,412,-204
121000160,398,532,-134
121000161,160,421,-261
121000162,87,222,-135
121000165,1604,1821,-217
121000166,28,783,-755
121000168,542,284,258
121000169,117,190,-73
121000170,379,126,253
121000171,93,148,-55
121000172,617,603,14
121000173,1395,1219,176
121000174,381,431,-50
121000175,859,383,476
121000176,427,220,207
121000177,1187,645,542
121000178,181,85,96
121000179,216,108,108
121000181,487,464,23
121000182,143,187,-44
121000183,110,109,1
121000184,268,104,164
121000185,43,209,-166
121000186,259,436,-177
121000187,225,229,-4
121000188,179,288,-109
121000192,826,365,461
121000193,661,712,-51
121000194,2731,2250,481
121000195,304,875,-571
121000196,773,213,560
121000197,242,724,-482
121000198,209,80,129
121000199,167,372,-205
121000200,546,76,470
121000201,11,187,-176
121000202,910,128,782
121000203,888,2215,-1327
121000204,2711,863,1848
121000205,194,295,-101
121000206,158,26,132
121000207,2891,380,2511
121000208,9,363,-354
121000209,429,323,106
121000210,627,482,145
121000211,234,200,34
121000212,328,641,-313
121000213,8594,2634,5960
121000214,778,2692,-1914
121000215,1103,810,293
121000216,548,872,-324
121000217,4636,3382,1254
121000218,553,1729,-1176
121000219,2074,452,1622
121000220,236,55,181
121000221,127,189,-62
121000222,2824,2119,705
121000223,747,340,407
121000224,475,209,266
121000225,2244,1366,878
121000226,5202,1273,3929
121000227,22,148,-126
121000228,21,578,-557
121000229,291,335,-44
121000230,46,1374,-1328
121000231,820,37,783
121000232,385,265,120
121000233,618,398,220
121000234,22,49,-27
121000235,78,92,-14
121000236,9,51,-42
121000237,55,22,33
121000238,7,93,-86
121000239,81,10,71
121000240,18,195,-177
121000241,160,19,141
121000242,66,314,-248
121000243,850,225,625
121000244,30,91,-61
121000245,153,47,106
121000246,1,120,-119
121000247,128,8,120
121000248,2032,585,1447
121000249,205,248,-43
121000250,992,170,822
121000251,23,414,-391
121000252,124,52,72
121000253,480,450,30
121000254,859,301,558
121000255,280,172,108
121000256,629,206,423
121000257,116,105,11
121000258,341,55,286
121000259,118,76,42
121000260,219,129,90
121000261,501,71,430
121000262,957,800,157
121000263,564,580,-16
121000271,326,1609,-1283
121000273,159,3,156
121000274,12,33,-21
121000275,3,13,-10
121000276,10,11,-1
121000278,64,34,30
121000279,56,12,44
121000280,99,31,68
121000289,209,14,195
121000290,1119,792,327
121000294,188,205,-17
121000297,937,1162,-225
121000299,312,322,-10
121000300,765,692,73
121000302,120,1250,-1130
121000303,640,574,66
121000304,508,41,467
121000305,137,40,97
121000306,84,144,-60
121000308,172,329,-157
121000309,375,495,-120
121000310,102,336,-234
121000311,67,909,-842
121000312,283,201,82
121000313,328,437,-109
121000314,184,182,2
121000315,49,212,-163
121000530,1602,1230,372
121000531,3143,1538,1605
121000532,6560,6886,-326
121000533,3029,3126,-97
121000918,97,162,-65
121000919,87,49,38
121000938,353,461,-108
121000939,544,473,71
121000956,1498,1401,97
121000957,6,16,-10
121000958,148,44,104
121000959,795,951,-156
121000960,3268,2272,996
121000961,297,246,51
121000962,323,748,-425
121000963,0,0,0
121000973,0,142,-142
121000976,22,185,-163
121000979,426,169,257
121000981,586,469,117
121000982,332,165,167
121000983,526,495,31
121000984,53,59,-6
121000985,677,499,178
121000986,311,205,106
121000987,263,1176,-913
121000988,777,140,637
121001302,349,133,216
121001308,2,10,-8
121001309,106,129,-23
121001311,0,0,0
121001313,204,235,-31
121001314,2843,3394,-551
121001315,4514,2403,2111
121001326,644,510,134
121900001,131,205,-74
121900002,58,15,43
121900003,405,7,398
121900004,126,331,-205
121900005,35,4,31
121900006,85,19,66
121900007,1755,2764,-1009
121900008,1075,309,766
121900009,445,29,416
121900010,215,3,212
121900011,172,359,-187
121900012,19,2,17
121900013,1681,100,1581
121900014,1163,432,731
121900015,197,250,-53
121900016,7,51,-44
121900017,640,410,230
121900018,551,8,543
121900019,415,346,69
121900020,84,10,74
121900021,743,14,729
121900022,254,193,61
121900023,143,241,-98
121900024,348,129,219
121900025,537,353,184
121900026,327,76,251
121900027,422,118,304
121900028,198,18,180
121900029,107,182,-75
121900030,502,487,15
121900031,1003,6287,-5284
121900032,77,70,7
121900033,190,152,38
121900034,374,114,260
121900035,2196,2035,161
121900036,63,336,-273
121900037,149,599,-450
121900038,28,143,-115
121900039,424,39,385
121900040,67,101,-34
121900041,87,159,-72
121900042,323,127,196
121900043,7,4,3
121900044,144,40,104
121900046,313,330,-17
121900047,175,76,99
121900048,36,110,-74
121900050,37,38,-1
121900051,162,217,-55
121900052,174,51,123
121900053,1018,423,595
121900054,495,915,-420
121900055,0,13,-13
121900058,185,152,33
121900059,338,231,107
121900060,121,364,-243
121900062,207,86,121
121900063,1477,424,1053
121900064,227,583,-356
121900066,82,24,58
121900067,132,60,72
121900069,230,105,125
121900070,190,79,111
121900071,275,267,8
121900072,54,193,-139
121900073,290,236,54
121900074,710,961,-251
121900075,478,448,30
121900076,339,576,-237
121900078,265,22,243
121900079,1,0,1
121900080,897,412,485
121900082,54,139,-85
121900084,8,183,-175
121900086,22,21,1
121900087,182,107,75
121900088,1582,2704,-1122
121900089,153,333,-180
121900090,24,95,-71
121900091,97,186,-89
121900092,72,78,-6
121900093,57,82,-25
121900094,31,8,23
121900095,227,127,100
121900096,1296,981,315
121900097,585,180,405
121900098,1,0,1
121900099,190,87,103
121900100,318,500,-182
121900101,97,119,-22
121900102,9,212,-203
121900103,874,315,559
121900104,1509,376,1133
121900105,346,142,204
121900106,6,9,-3
121900107,26,27,-1
121900108,1,35,-34
121900109,311,172,139
121900110,558,1004,-446
121900111,1124,157,967
121900112,190,121,69
121900113,49,361,-312
121900114,44,121,-77
121900117,297,49,248
121900118,1804,483,1321
121900119,182,178,4
121900120,46,1491,-1445
121900121,526,35,491
121900122,30,54,-24
121900123,201,411,-210
121900124,141,185,-44
121900125,1107,1009,98
121900127,36,81,-45
121900128,114,89,25
121900129,730,187,543
121900130,116,202,-86
121900131,309,127,182
121900132,64,96,-32
121900133,100,692,-592
121900134,42,158,-116
121900135,1996,345,1651
121900136,330,389,-59
121900137,44,373,-329
121900138,117,178,-61
121900139,354,460,-106
121900140,67,236,-169
121900141,108,77,31
121900142,143,154,-11
121900143,6,180,-174
121900144,102,265,-163
121900145,155,213,-58
121900146,553,750,-197
121900147,62,162,-100
121900148,200,253,-53
121900149,364,598,-234
121900150,80,138,-58
121900151,76,236,-160
121900152,70,134,-64
121900153,121,641,-520
121900154,16,250,-234
121900155,3,119,-116
121900156,154,74,80
121900157,1,354,-353
121900158,83,88,-5
121900159,1,267,-266
121900160,26,323,-297
121900161,328,400,-72
121900162,66,149,-83
121900163,317,887,-570
121900164,526,186,340
121900165,291,143,148
121900166,370,177,193
121900167,129,118,11
121900168,140,220,-80
121900169,0,231,-231
121900170,15,256,-241
121900171,723,483,240
121900172,463,202,261
121900173,1077,207,870
121900174,34,93,-59
121900175,180,225,-45
121900176,608,1464,-856
121900177,197,54,143
121900178,40,56,-16
121900179,404,161,243
121900180,4121,3853,268
121900182,675,241,434
121900183,736,783,-47
121900184,45,508,-463
121900186,6,276,-270
121900187,87,154,-67
121900188,455,549,-94
121900189,26,131,-105
121900190,226,485,-259
121900191,152,199,-47
121900192,287,640,-353
121900193,53,183,-130
121900194,4,118,-114
121900195,72,96,-24
121900196,945,896,49
121900197,318,1657,-1339
121900198,1006,928,78
121900199,0,33,-33
121900200,93,246,-153
121900201,1046,732,314
121900202,181,571,-390
121900203,209,823,-614
121900204,731,1135,-404
121900205,7,83,-76
121900206,14,17,-3
121900207,156,34,122
121900208,299,246,53
121900209,61,36,25
121900210,1131,1075,56
121900211,378,677,-299
121900212,206,122,84
121900213,149,89,60
121900214,3,536,-533
121900215,80,112,-32
121900216,76,138,-62
121900217,191,124,67
121900218,201,363,-162
121900220,148,8,140
121900221,216,574,-358
121900222,146,152,-6
121900223,161,51,110
121900224,107,32,75
121900225,172,101,71
121900226,271,520,-249
121900227,177,488,-311
121900228,196,415,-219
121900230,156,149,7
121900231,403,932,-529
121900232,311,433,-122
121900233,169,204,-35
121900234,271,291,-20
121900235,507,184,323
121900236,295,181,114
121900237,216,270,-54
121900238,132,279,-147
121900239,202,22,180
121900240,236,94,142
121900241,45,50,-5
121900242,6,0,6
121900243,4,0,4
121900244,23,0,23
121900245,179,65,114
121900246,1802,264,1538
121900248,1388,1375,13
121900250,210,256,-46
121900251,314,61,253
121900252,571,106,465
121900253,285,858,-573
121900254,569,220,349
121900255,314,82,232
121900258,2880,2094,786
121900259,408,587,-179
121900260,65,159,-94
121900261,231,518,-287
121900262,367,1044,-677
121900263,257,265,-8
121900264,1718,1457,261
121900265,213,263,-50
121900266,422,145,277
121900267,106,35,71
121900269,180,650,-470
121900270,33,212,-179
121900271,43,141,-98
121900273,419,1818,-1399
121900274,299,210,89
121900277,534,1410,-876
121900278,146,867,-721
121900279,167,196,-29
121900280,165,299,-134
121900281,416,291,125
121900284,62,8,54
121900286,195,182,13
121900287,28,26,2
121900288,13,5,8
121900290,182,289,-107
121900291,427,553,-126
121900292,191,155,36
121900293,945,2675,-1730
121900294,240,5,235
121900295,107,241,-134
121900296,106,109,-3
121900298,256,666,-410
121900299,0,8,-8
121900300,228,6,222
121900301,74,4,70
121900302,1,23,-22
121900303,425,314,111
121900304,0,11,-11
121900305,1,9,-8
121900306,145,0,145
121900307,58,26,32
121900308,44,286,-242
121900309,18,273,-255
121900310,46,515,-469
121900311,368,49,319
121900312,339,34,305
121900313,380,25,355
121900314,6,76,-70
121900315,3,1,2
121900316,2,27,-25
121900317,13,5,8
121900318,5,25,-20
121900319,36,143,-107
121900320,47,86,-39
121900321,29,9,20
121900322,6,16,-10
121900323,8,6,2
121900324,3,81,-78
121900325,10,19,-9
121900326,11,24,-13
121900327,1,93,-92
121900328,2,31,-29
121900329,2,282,-280
121900330,0,26,-26
121900331,13,4,9
121900332,103,39,64
121900333,26,2,24
121900334,135,60,75
122000001,2619,5260,-2641
122000002,6027,1855,4172
122000003,2511,2802,-291
122000004,3610,1654,1956
122000005,2515,1612,903
122000006,1836,979,857
122000007,1381,1912,-531
122000008,4524,5092,-568
122000009,528,441,87
122000010,2156,2866,-710
122000011,3027,1390,1637
122000012,1368,1525,-157
122000013,1276,871,405
122000014,1529,1274,255
122000015,1462,1054,408
122000016,579,839,-260
122000017,1154,1005,149
122000018,1443,1221,222
122000019,759,1229,-470
122000020,163,226,-63
122000021,383,464,-81
122000022,1227,1005,222
122000023,693,1872,-1179
122000024,691,1051,-360
122000025,1188,1464,-276
122000026,1361,996,365
122000027,587,2714,-2127
122000028,854,436,418
122000029,392,445,-53
122000030,300,154,146
122000031,160,237,-77
122000032,1723,2148,-425
122000033,744,1147,-403
122000034,675,520,155
122000035,278,692,-414
122000036,598,663,-65
122000037,388,248,140
122000038,220,377,-157
122000039,662,481,181
122000040,282,266,16
122000041,476,606,-130
122000042,388,479,-91
122000043,135,133,2
122000044,151,176,-25
122000045,1251,449,802
122000046,802,709,93
122000047,273,240,33
122000048,3952,4413,-461
122000049,5894,3409,2485
122000050,1518,732,786
122000051,344,289,55
122000052,520,377,143
122000053,184,785,-601
122000054,2616,1999,617
122000055,2438,3117,-679
122000056,5310,3738,1572
122000057,3447,3554,-107
122000058,3484,1220,2264
122000059,3208,1720,1488
122000060,694,642,52
122000061,664,450,214
122000062,1430,325,1105
122000063,1260,624,636
122000064,3254,2801,453
122000065,4493,2380,2113
122000066,541,392,149
122000067,1810,1133,677
122000068,1526,1225,301
122000069,1126,716,410
122000070,936,2067,-1131
122000071,1491,1348,143
122000072,403,394,9
122000073,413,637,-224
122000074,2729,1619,1110
122000075,842,1255,-413
122000076,2040,1138,902
122000077,1475,777,698
122000078,2802,2676,126
122000079,1779,1144,635
122000080,964,341,623
122000081,209,274,-65
122000082,1053,854,199
122000083,1439,2257,-818
122000084,1663,793,870
122000085,329,1176,-847
122000086,2121,4617,-2496
122000087,408,197,211
122000088,272,389,-117
122000089,5071,2344,2727
122000090,184,428,-244
122000091,296,82,214
122000092,206,17,189
122000093,1561,1380,181
122000094,6142,2023,4119
122000095,2813,2965,-152
122000096,2394,1511,883
122000098,3362,1893,1469
122000099,2272,635,1637
122000100,1036,640,396
122000101,397,764,-367
122000102,1899,1196,703
122000103,2340,1892,448
122000104,741,167,574
122000105,1411,284,1127
122000106,496,562,-66
122000107,1158,441,717
122000108,464,707,-243
122000109,375,324,51
122000110,409,496,-87
122000111,2713,1191,1522
122000112,847,1373,-526
122000113,684,652,32
122000114,2856,1335,1521
122000115,1937,1340,597
122000116,632,526,106
122000117,1741,465,1276
122000118,708,979,-271
122000119,3741,2893,848
122000120,2174,4956,-2782
122000121,2485,3229,-744
122000122,898,1961,-1063
122000123,2025,2439,-414
122000124,1078,676,402
122000125,791,828,-37
122000126,707,1745,-1038
122000127,1100,2018,-918
122000128,651,911,-260
122000129,608,1522,-914
122000130,3099,1781,1318
122000131,1511,1803,-292
122000132,847,694,153
122000133,879,1454,-575
122000134,921,994,-73
122000135,826,781,45
122000136,921,913,8
122000137,1512,1048,464
122000139,1292,3059,-1767
122000140,950,551,399
122000141,3700,890,2810
122000142,362,825,-463
122000143,510,614,-104
122000144,1442,1454,-12
122000145,1489,946,543
122000146,586,1175,-589
122000147,702,522,180
122000148,2067,1726,341
122000149,2280,1985,295
122000150,1196,1118,78
122000151,264,375,-111
122000152,385,452,-67
122000153,323,372,-49
122000154,235,204,31
122000155,1445,2568,-1123
122000156,2238,1977,261
122000157,1522,1530,-8
122000158,451,795,-344
122000159,817,1974,-1157
122000160,3665,3033,632
122000161,1181,1160,21
122000162,2404,1877,527
122000163,266,128,138
122000164,30,112,-82
122000165,856,618,238
122000166,1175,907,268
122000167,323,292,31
122000168,178,540,-362
122000169,453,217,236
122000170,310,249,61
122000171,52,79,-27
122000172,1514,1390,124
122000173,1314,2110,-796
122000174,2406,845,1561
122000175,1299,327,972
122000176,310,704,-394
122000177,1605,1257,348
122000178,2559,2384,175
122000179,1398,2327,-929
122000180,1637,1263,374
122000181,1748,2922,-1174
122000182,1780,1240,540
122000183,1770,1090,680
122000184,2690,1885,805
122000185,1288,1336,-48
122000186,521,774,-253
122000187,1782,1147,635
122000188,433,206,227
122000189,229,266,-37
122000190,1048,1128,-80
122000191,725,571,154
122000192,1061,337,724
122000193,431,568,-137
122000194,634,223,411
122000195,163,487,-324
122000196,1372,627,745
122000197,628,610,18
122000198,476,843,-367
122000199,372,306,66
122000200,1175,623,552
122000201,1187,1386,-199
122000202,1197,1264,-67
122000203,2829,1598,1231
122000204,2052,2131,-79
122000205,1715,1541,174
122000206,2520,884,1636
122000207,1934,1229,705
122000208,2201,1466,735
122000209,2105,386,1719
122000210,2432,1626,806
122000211,1532,1058,474
122000212,936,521,415
122000213,1123,1294,-171
122000214,1988,1796,192
122000215,1807,1687,120
122000217,2482,1427,1055
122000218,803,67,736
122000219,1339,1066,273
122000220,464,708,-244
122000221,84,418,-334
122000222,727,162,565
122000223,1618,531,1087
122000225,863,314,549
122000226,2853,1847,1006
122000227,374,2625,-2251
122000228,631,491,140
122000229,72,581,-509
122000230,325,551,-226
122000231,464,867,-403
122000232,761,1057,-296
122000233,1,116,-115
122000234,398,156,242
122000235,1211,202,1009
122000236,1146,152,994
122000237,164,96,68
122000238,942,306,636
122000239,630,138,492
122000240,1399,589,810
122000241,1784,547,1237
122000242,879,191,688
122000243,339,92,247
122000244,72,452,-380
122000245,139,351,-212
122000246,468,239,229
122000247,848,775,73
122000248,1324,1895,-571
122000249,1811,979,832
122000250,2302,1409,893
122000251,290,592,-302
122000252,569,163,406
122000253,70,306,-236
122000254,310,134,176
122000255,814,1848,-1034
122000256,556,1050,-494
122000257,240,336,-96
122000258,472,353,119
122000259,24,517,-493
122000260,246,642,-396
122000261,11,234,-223
122000262,6,67,-61
122000263,267,91,176
122000264,1136,527,609
122000265,2481,922,1559
122000266,4422,645,3777
122000267,235,143,92
122000268,142,454,-312
122000269,850,362,488
122000270,833,172,661
122000271,328,935,-607
122000272,417,942,-525
122000273,448,467,-19
122000274,248,261,-13
122000275,241,221,20
122000276,987,555,432
122000277,1632,1508,124
122000278,2581,960,1621
122000279,222,521,-299
122000280,1270,749,521
122000281,904,731,173
122000282,283,204,79
122000283,876,80,796
122000284,311,99,212
122000285,760,114,646
122000286,274,149,125
122000287,1424,1377,47
122000288,826,279,547
122000291,1856,870,986
122000293,396,337,59
122000294,147,248,-101
122000295,1888,231,1657
122000296,102,766,-664
122000297,2496,3109,-613
122000299,400,408,-8
122000300,578,602,-24
122000301,10889,3559,7330
122000302,835,1560,-725
122000303,3957,1509,2448
122000304,66,248,-182
122000305,1005,904,101
122000306,24,892,-868
122000307,367,148,219
122000309,231,90,141
122000310,78,95,-17
122000311,252,162,90
122000312,176,141,35
122000313,111,100,11
122000314,118,251,-133
122000315,298,44,254
122000316,747,235,512
122000317,1596,297,1299
122000318,257,518,-261
122000319,292,412,-120
122000320,642,1820,-1178
122000321,100,255,-155
122000322,2326,2338,-12
122000323,1613,2105,-492
122000324,1194,1237,-43
122000325,1008,1497,-489
122000326,66,116,-50
122000327,549,1015,-466
122000328,1100,749,351
122000330,1806,813,993
122000333,15,167,-152
122000337,1012,1647,-635
122000338,453,356,97
122000340,340,474,-134
122000342,2031,1056,975
122000343,559,1347,-788
122000344,73,20,53
122000345,46,59,-13
122000346,342,539,-197
122000348,859,714,145
122000349,120,671,-551
122000351,140,236,-96
122000352,543,167,376
122000353,92,114,-22
122000355,153,221,-68
122000356,1365,964,401
122000357,123,37,86
122000358,0,52,-52
122000359,0,33,-33
122000360,0,44,-44
122000362,14,76,-62
122000364,152,370,-218
122000365,5,40,-35
122000366,23,13,10
122000368,430,633,-203
122000370,40,59,-19
122000371,24,1,23
122000372,67,0,67
122000381,71,320,-249
122000382,117,315,-198
122000384,3131,1467,1664
122000385,90,0,90
122000386,501,1253,-752
122000387,575,572,3
122000388,1562,748,814
122000389,164,596,-432
122000390,388,257,131
122000391,326,156,170
122000392,320,224,96
122000393,267,261,6
122000394,666,323,343
122000395,252,224,28
122000396,391,139,252
122000397,65,63,2
122000398,56,55,1
122000399,157,46,111
122000400,104,414,-310
122000401,130,120,10
122000402,229,101,128
122000403,497,982,-485
122000404,174,279,-105
122000408,1090,1415,-325
122000503,15,121,-106
122000524,179,107,72
122000544,58,2787,-2729
122000614,416,323,93
122000616,309,1,308
122000640,127,174,-47
122000641,120,387,-267
122000642,1721,1051,670
122000643,51,137,-86
122000644,231,35,196
122000645,101,186,-85
122000651,1648,755,893
122000664,214,62,152
122000665,1211,657,554
122000666,595,1051,-456
122000673,73,350,-277
122000674,199,78,121
122000675,2058,1177,881
122000686,726,1120,-394
122000687,2241,365,1876
122000688,341,828,-487
122000689,940,524,416
122000690,1980,629,1351
122000691,743,2012,-1269
122000692,1501,454,1047
122000693,505,1821,-1316
122000695,383,435,-52
122000696,389,341,48
122000698,362,704,-342
122000699,195,85,110
122000701,1463,408,1055
122000702,533,1314,-781
122000703,127,50,77
122000712,0,0,0
122000717,234,69,165
122000718,958,1870,-912
122000719,135,77,58
122000720,529,324,205
122000724,318,324,-6
122900001,34,3,31
122900002,1280,4358,-3078
122900003,377,54,323
122900004,550,43,507
122900005,119,33,86
122900006,1519,193,1326
122900007,178,60,118
122900008,888,30,858
122900009,706,387,319
122900010,189,164,25
122900012,184,371,-187
122900014,185,335,-150
122900015,1954,746,1208
122900016,167,263,-96
122900017,352,621,-269
122900018,206,11,195
122900020,422,365,57
122900021,113,706,-593
122900022,780,822,-42
122900023,266,160,106
122900024,135,118,17
122900025,19,183,-164
122900026,128,397,-269
122900027,62,808,-746
122900028,176,182,-6
122900029,4337,3002,1335
122900030,1003,520,483
122900031,82,246,-164
122900032,91,398,-307
122900033,291,105,186
122900034,4443,4835,-392
122900035,26,18,8
122900036,63,105,-42
122900037,351,148,203
122900038,143,3179,-3036
122900039,92,495,-403
122900040,287,285,2
122900041,368,216,152
122900042,146,312,-166
122900043,313,159,154
122900044,70,322,-252
122900045,100,103,-3
122900046,208,110,98
122900047,230,178,52
122900048,41,218,-177
122900049,1553,141,1412
122900051,68,120,-52
122900052,111,213,-102
122900053,58,32,26
122900055,363,130,233
122900057,281,77,204
122900061,538,239,299
122900062,631,770,-139
122900063,224,374,-150
122900064,1311,459,852
122900065,580,203,377
122900066,658,382,276
122900067,1065,737,328
122900069,310,1764,-1454
122900070,570,57,513
122900071,187,464,-277
122900073,37,338,-301
122900074,575,555,20
122900075,1,51,-50
122900076,7,259,-252
122900077,16,159,-143
122900078,221,85,136
122900080,72,35,37
122900081,318,185,133
122900082,917,322,595
122900083,197,215,-18
122900084,3,271,-268
122900086,10,96,-86
122900087,290,433,-143
122900088,39,140,-101
122900089,133,212,-79
122900090,10,616,-606
122900091,172,2,170
122900092,179,244,-65
122900093,3,249,-246
122900094,2,200,-198
122900095,161,11,150
122900096,150,153,-3
122900097,49,27,22
122900098,84,95,-11
122900099,39,5,34
122900100,675,178,497
122900101,513,245,268
122900102,31,23,8
122900103,164,11,153
122900104,155,10,145
122900105,14,9,5
122900106,7,73,-66
122900107,2,263,-261
122900108,11,328,-317
122900109,175,154,21
123000001,1648,569,1079
123000002,4475,4761,-286
123000003,3888,3901,-13
123000004,3167,4221,-1054
123000005,2693,3139,-446
123000006,2348,2688,-340
123000007,5656,3123,2533
123000008,4768,3677,1091
123000009,4793,3371,1422
123000010,3764,3797,-33
123000011,3119,975,2144
123000012,1043,2452,-1409
123000013,3989,1127,2862
123000014,1155,3715,-2560
123000015,4975,1359,3616
123000016,5064,4430,634
123000017,3311,2071,1240
123000018,69,120,-51
123000019,254,299,-45
123000020,144,118,26
123000021,69,378,-309
123000022,286,3071,-2785
123000023,2552,1642,910
123000024,1671,799,872
123000025,321,268,53
123000026,190,85,105
123000027,1031,332,699
123000028,2001,341,1660
123000029,2161,599,1562
123000030,370,396,-26
123000031,152,276,-124
123000032,344,186,158
123000033,349,78,271
123000034,1531,1328,203
123000035,446,521,-75
123000036,252,1105,-853
123000037,275,351,-76
123000038,163,256,-93
123000039,418,1485,-1067
123000040,904,409,495
123000041,1412,1279,133
123000042,1135,753,382
123000043,2059,4973,-2914
123000044,4939,2377,2562
123000045,7172,2554,4618
123000046,922,1640,-718
123000047,1309,685,624
123000048,84,556,-472
123000049,4492,6713,-2221
123000050,1469,1437,32
123000051,167,258,-91
123000052,1009,3283,-2274
123000053,2973,3318,-345
123000054,1553,1427,126
123000055,1249,1978,-729
123000056,2109,2001,108
123000057,9472,4379,5093
123000058,584,289,295
123000059,276,236,40
123000060,840,423,417
123000061,378,433,-55
123000063,804,906,-102
123000064,2179,940,1239
123000065,5212,2654,2558
123000066,597,581,16
123000067,1135,1007,128
123000068,2970,2952,18
123000069,6413,3544,2869
123000070,173,142,31
123000071,1519,1180,339
123000072,1238,1050,188
123000073,1063,798,265
123000074,811,1000,-189
123000075,489,1087,-598
123000076,708,800,-92
123000077,2744,3417,-673
123000078,1469,2019,-550
123000079,1473,2366,-893
123000080,2702,2230,472
123000081,231,679,-448
123000082,701,1530,-829
123000083,1160,558,602
123000084,2397,1113,1284
123000085,2422,1533,889
123000086,750,690,60
123000087,733,505,228
123000088,2905,1071,1834
123000089,521,1254,-733
123000090,1127,977,150
123000091,1590,1903,-313
123000092,1116,1279,-163
123000094,642,617,25
123000095,676,795,-119
123000096,639,505,134
123000097,437,833,-396
123000098,792,642,150
123000099,657,836,-179
123000100,577,665,-88
123000101,657,688,-31
123000102,760,790,-30
123000104,415,511,-96
123000105,524,488,36
123000106,499,549,-50
123000107,469,604,-135
123000108,786,1168,-382
123000111,1458,1220,238
123000112,760,816,-56
123000113,1017,1609,-592
123000114,543,667,-124
123000115,493,337,156
123000116,52,200,-148
123000117,2428,1753,675
123000118,448,963,-515
123000119,377,1012,-635
123000120,1413,1304,109
123000121,633,687,-54
123000122,338,295,43
123000123,527,734,-207
123000124,486,501,-15
123000125,905,1071,-166
123000126,1079,2678,-1599
123000127,1025,717,308
123000128,415,469,-54
123000129,763,238,525
123000130,588,82,506
123000131,661,617,44
123000132,454,812,-358
123000133,334,477,-143
123000134,422,231,191
123000135,2281,2909,-628
123000136,258,902,-644
123000137,115,317,-202
123000138,140,403,-263
123000139,404,146,258
123000140,169,809,-640
123000141,704,165,539
123000142,1221,1048,173
123000143,1923,2221,-298
123000144,41,23,18
123000145,459,127,332
123000146,50,86,-36
123000147,146,120,26
123000149,784,641,143
123000150,360,317,43
123000151,567,584,-17
123000152,167,363,-196
123000153,251,785,-534
123000154,2418,2293,125
123000155,2662,1107,1555
123000156,86,196,-110
123000157,784,1029,-245
123000158,643,873,-230
123000159,2919,2841,78
123000160,1297,1159,138
123000161,1299,1049,250
123000162,713,1313,-600
123000163,576,305,271
123000164,1069,407,662
123000165,332,1387,-1055
123000166,48,195,-147
123000167,119,319,-200
123000168,296,293,3
123000169,722,148,574
123000170,133,224,-91
123000171,543,59,484
123000172,392,679,-287
123000173,520,261,259
123000174,817,353,464
123000175,909,1320,-411
123000176,996,372,624
123000177,376,1081,-705
123000178,1023,522,501
123000179,25,358,-333
123000180,1663,386,1277
123000181,351,1914,-1563
123000182,189,427,-238
123000183,233,641,-408
123000184,219,622,-403
123000185,530,620,-90
123000186,7,797,-790
123000187,578,9,569
123000188,199,3,196
123000189,29,195,-166
123000190,5,91,-86
123000192,49,775,-726
123000193,70,1150,-1080
123000194,507,500,7
123000195,599,107,492
123000196,144,115,29
123000197,63,57,6
123000198,5,204,-199
123000199,1,424,-423
123000200,515,22,493
123000201,422,10,412
123000202,10,839,-829
123000203,834,74,760
123000204,54,807,-753
123000205,642,2424,-1782
123000206,2419,337,2082
123000207,134,854,-720
123000208,909,594,315
123000209,2670,965,1705
123000210,399,2217,-1818
123000211,429,2572,-2143
123000212,3310,726,2584
123000213,1118,141,977
123000215,189,258,-69
123000216,181,1778,-1597
123000217,179,45,134
123000218,60,637,-577
123000219,1049,150,899
123000220,521,84,437
123000221,226,145,81
123000222,375,401,-26
123000223,182,382,-200
123000224,478,627,-149
123000225,323,109,214
123000226,120,339,-219
123000227,153,341,-188
123000228,265,78,187
123000229,1149,2075,-926
123000232,125,678,-553
123000233,687,215,472
123000234,160,890,-730
123000235,873,358,515
123000236,246,1030,-784
123000237,381,114,267
123000238,103,622,-519
123000239,539,1706,-1167
123000240,44,373,-329
123000241,549,122,427
123000242,105,191,-86
123000243,955,981,-26
123000244,1101,821,280
123000245,63,238,-175
123000249,476,764,-288
123000252,824,248,576
123000253,1027,565,462
123000254,801,1278,-477
123000255,1116,1112,4
123000256,155,808,-653
123000257,2354,2610,-256
123000258,1340,1626,-286
123000259,355,440,-85
123000260,380,483,-103
123000261,143,133,10
123000262,145,271,-126
123000263,338,110,228
123000264,214,97,117
123000265,62,165,-103
123000266,592,893,-301
123000267,492,330,162
123000268,38,100,-62
123000269,53,57,-4
123000270,36,66,-30
123000271,103,86,17
123000272,728,266,462
123000273,254,674,-420
123000274,1270,709,561
123000275,247,910,-663
123000278,4132,3339,793
123000279,119,125,-6
123000280,817,394,423
123000281,377,86,291
123000282,153,343,-190
123000283,86,76,10
123000284,75,98,-23
123000286,301,349,-48
123000287,664,282,382
123000288,1167,712,455
123000289,546,1013,-467
123000291,284,886,-602
123000294,291,332,-41
123000295,1042,1007,35
123000296,670,468,202
123000297,683,909,-226
123000298,605,468,137
123000299,155,395,-240
123000300,2035,1205,830
123000301,130,197,-67
123000302,81,191,-110
123000303,166,136,30
123000305,1120,1034,86
123000306,124,220,-96
123000309,71,106,-35
123000310,42,48,-6
123000311,380,221,159
123000312,785,1143,-358
123000313,480,658,-178
123000315,65,324,-259
123000316,1594,402,1192
123000317,294,88,206
123000318,76,264,-188
123000329,14,24,-10
123000337,1644,435,1209
123000338,948,53,895
123000339,177,189,-12
123000340,241,513,-272
123000342,118,168,-50
123000343,44,12,32
123000344,1321,543,778
123000345,345,675,-330
123000346,358,90,268
123000352,1397,874,523
123000353,23,169,-146
123000354,715,56,659
123000355,4,508,-504
123000356,429,3,426
123000357,6,176,-170
123000359,7,162,-155
123000360,158,115,43
123000361,369,299,70
123000362,304,124,180
123000363,111,188,-77
123000364,735,650,85
123000365,9,372,-363
123000366,460,1708,-1248
123000367,622,2193,-1571
123000370,36,264,-228
123000371,857,33,824
123000372,514,35,479
123000373,5,420,-415
123000374,11,224,-213
123000375,358,50,308
123000376,904,681,223
123000377,284,18,266
123000378,17,279,-262
123000379,1,236,-235
123000380,70,375,-305
123000381,214,41,173
123000382,1295,139,1156
123000383,222,1450,-1228
123000384,440,93,347
123000385,379,702,-323
123000436,77,1036,-959
123000507,262,377,-115
123000508,266,977,-711
123000517,306,40,266
123000518,46,279,-233
123000519,188,89,99
123000520,59,228,-169
123000521,319,93,226
123000522,138,421,-283
123000541,11,1,10
123000542,0,23,-23
123000565,852,48,804
123000566,260,864,-604
123000567,91,288,-197
123000573,64,989,-925
123000574,783,89,694
123000575,1377,1251,126
123000576,824,1679,-855
123000577,81,549,-468
123000578,629,83,546
123000579,3759,5491,-1732
123000580,129,34,95
123000582,355,36,319
123000583,41,335,-294
123000584,284,316,-32
123000585,0,174,-174
123000586,99,1,98
123000596,100,158,-58
123000597,84,148,-64
123000602,28,4,24
123000603,644,870,-226
123000604,617,920,-303
123000605,1252,15,1237
123000606,3,468,-465
123000609,21,415,-394
123000610,200,127,73
123000613,79,223,-144
123000614,266,57,209
123000615,110,228,-118
123000616,730,63,667
123000617,132,471,-339
123000618,88,547,-459
123000619,525,53,472
123000620,11,436,-425
123000622,395,29,366
123000624,126,68,58
123000630,1132,528,604
123000631,285,1672,-1387
123000632,1847,1732,115
123000633,1,557,-556
123000634,88,118,-30
123000635,136,119,17
123000636,70,711,-641
123000637,324,33,291
123000638,827,87,740
123000639,1184,3847,-2663
123000640,31,779,-748
123000648,1262,817,445
123000649,427,1235,-808
123000650,567,74,493
123000651,210,162,48
123000652,161,6,155
123000653,0,0,0
123900001,1327,66,1261
123900002,55,1541,-1486
123900003,383,410,-27
123900005,239,152,87
123900006,297,37,260
124000001,2058,194,1864
124000002,113,1847,-1734
124000003,805,174,631
124000004,95,541,-446
124000005,974,437,537
124000006,237,1187,-950
124000007,461,125,336
124000008,22,588,-566
124000009,693,266,427
124000010,229,623,-394
124000011,1053,279,774
124000012,283,634,-351
124000017,125,211,-86
124000018,110,104,6
124000019,119,216,-97
124000020,60,239,-179
124000021,96,123,-27
124000022,79,215,-136
124000023,903,157,746
124000024,1134,498,636
124000025,821,472,349
124000026,747,447,300
124000027,1678,788,890
124000028,2879,1209,1670
124000031,1490,2339,-849
124000032,2551,1387,1164
124000033,1102,630,472
124000034,623,1405,-782
124000035,376,175,201
124000036,237,772,-535
124000037,802,1168,-366
124000038,47,132,-85
124000039,1462,601,861
124000040,728,1163,-435
124000041,670,78,592
124000042,312,495,-183
124000043,189,114,75
124000044,91,242,-151
124000045,1048,692,356
124000046,339,897,-558
124000047,1248,1139,109
124000048,1136,1463,-327
124000049,1810,825,985
124000050,881,1865,-984
124000051,974,771,203
124000052,808,1108,-300
124000053,550,1789,-1239
124000054,1102,715,387
124000055,1409,2655,-1246
124000056,2462,1865,597
124000057,1053,644,409
124000058,444,1601,-1157
124000059,548,1133,-585
124000060,1344,721,623
124000061,1436,4906,-3470
124000062,7097,2181,4916
124000063,1777,2056,-279
124000064,2811,1712,1099
124000065,184,732,-548
124000066,370,159,211
124000067,246,239,7
124000068,73,141,-68
124000069,794,270,524
124000070,297,586,-289
124000071,1786,129,1657
124000072,718,533,185
124000073,908,224,684
124000074,363,853,-490
124000075,275,57,218
124000076,24,256,-232
124000077,2197,756,1441
124000078,2913,1597,1316
124000079,589,1157,-568
124000080,1077,175,902
124000081,332,500,-168
124000082,114,215,-101
124000083,162,159,3
124000084,133,451,-318
124000085,112,62,50
124000086,94,108,-14
124000087,580,92,488
124000088,217,292,-75
124000089,928,433,495
124000090,153,423,-270
124000091,599,195,404
124000092,133,726,-593
124000093,109,171,-62
124000094,234,522,-288
124000095,73,177,-104
124000096,198,295,-97
124000097,158,222,-64
124000098,79,144,-65
124000099,306,176,130
124000100,52,140,-88
124000101,92,164,-72
124000102,130,88,42
124000103,92,119,-27
124000104,136,86,50
124000105,84,140,-56
124000106,133,103,30
124000107,24,169,-145
124000108,66,41,25
124000109,168,187,-19
124000110,354,144,210
124000111,197,223,-26
124000112,637,764,-127
124000113,74,143,-69
124000114,324,570,-246
124000115,449,687,-238
124000116,92,265,-173
124000117,57,92,-35
124000118,45,92,-47
124000119,1080,557,523
124000120,547,497,50
124000121,2467,1058,1409
124000122,642,1444,-802
124000123,1237,558,679
124000124,592,1205,-613
124000125,434,488,-54
124000126,306,708,-402
124000127,781,495,286
124000128,568,1079,-511
124000129,2206,1546,660
124000130,747,793,-46
124000131,835,542,293
124000132,864,897,-33
124000133,892,883,9
124000134,832,846,-14
124000135,1680,1792,-112
124000136,967,1257,-290
124000137,1207,703,504
124000138,1459,1391,68
124000139,1445,82,1363
124000140,140,667,-527
124000141,910,57,853
124000142,78,711,-633
124000143,267,20,247
124000144,9,216,-207
124000145,385,58,327
124000146,119,103,16
124000148,54,204,-150
124000149,1659,656,1003
124000150,474,663,-189
124000151,1123,601,522
124000152,897,1507,-610
124000153,826,792,34
124000154,532,794,-262
124000155,1317,1194,123
124000156,1942,1142,800
124000169,191,402,-211
124000170,647,516,131
124000171,292,221,71
124000172,276,580,-304
124000173,475,234,241
124000174,464,681,-217
124000175,13,122,-109
124000176,79,19,60
124000177,13,30,-17
124000178,211,51,160
124000185,159,35,124
124000186,20,81,-61
124000187,6,125,-119
124000188,80,10,70
124000190,182,40,142
124000191,309,133,176
124000192,2063,343,1720
124000193,629,866,-237
124000194,493,554,-61
124000195,246,603,-357
124000196,1072,1067,5
124000197,80,76,4
124000198,42,82,-40
124000201,433,1119,-686
124000202,807,302,505
124000203,593,812,-219
124000204,889,457,432
124000205,94,589,-495
124000206,727,405,322
124000207,1,52,-51
124000209,253,557,-304
124000210,416,215,201
124000211,502,2,500
124000212,1,495,-494
124000213,389,376,13
124000214,295,596,-301
124000215,475,29,446
124000216,3,440,-437
124000329,148,1857,-1709
124000338,107,919,-812
124000339,1044,203,841
124000341,1367,198,1169
124000344,74,11,63
124000357,1508,3567,-2059
124000358,1422,3057,-1635
124000359,1105,820,285
124000360,921,669,252
124000361,2173,759,1414
124000362,1466,1682,-216
124000363,361,399,-38
124000364,669,1000,-331
124000365,789,1383,-594
124000366,2153,1656,497
124000367,168,515,-347
124000368,610,346,264
124000369,118,211,-93
124000370,80,470,-390
124000402,51,11,40
124000403,172,29,143
124000404,11,140,-129
124000405,1087,892,195
124000406,774,886,-112
124000407,2,67,-65
124000411,14,363,-349
124000412,462,13,449
124000413,370,40,330
124000414,74,150,-76
124000415,68,163,-95
124000416,161,249,-88
124000417,195,160,35
124000418,161,124,37
124000419,113,148,-35
124000420,70,129,-59
124000421,73,203,-130
124000422,25,30,-5
124000423,157,38,119
124000424,9,192,-183
124000425,121,19,102
124000426,6,226,-220
124000427,170,10,160
124000428,12,56,-44
124000429,52,73,-21
124000430,899,468,431
124000431,478,499,-21
124000432,182,989,-807
124000439,3,12,-9
124000443,0,6,-6
124000445,660,1155,-495
124000446,1960,124,1836
124000447,29,152,-123
124000448,75,16,59
124000449,137,27,110
124000450,12,247,-235
124000451,3,172,-169
124000452,333,61,272
124000453,2613,4043,-1430
124000454,3211,5498,-2287
124900001,577,477,100
124900002,108,370,-262
124900003,926,936,-10
124900004,514,497,17
124900005,426,151,275
124900006,610,495,115
124900008,1640,630,1010
124900009,175,355,-180
124900010,169,189,-20
124900011,374,469,-95
124900012,488,128,360
124900013,635,165,470
124900014,651,65,586
124900015,154,373,-219
124900016,66,122,-56
124900017,632,1472,-840
124900018,31,19,12
124900020,95,72,23
124900021,452,76,376
124900022,92,25,67
124900024,262,56,206
124900026,331,7,324
124900027,103,331,-228
124900028,387,99,288
124900029,19,603,-584
124900030,8,85,-77
124900031,47,299,-252
124900032,167,339,-172
124900033,247,318,-71
124900034,3,92,-89
124900035,194,412,-218
124900036,2,58,-56
124900037,177,338,-161
124900038,263,417,-154
124900039,1,81,-80
124900040,150,77,73
124900041,311,1161,-850
124900042,254,2,252
124900043,554,1086,-532
124900044,68,4,64
124900045,788,1184,-396
124900047,135,158,-23
124900048,212,119,93
124900050,186,267,-81
124900052,122,361,-239
124900053,326,331,-5
124900054,1924,535,1389
124900055,1,162,-161
124900057,15,143,-128
124900060,62,275,-213
124900061,145,14,131
124900062,175,19,156
124900066,1,12,-11
124900067,5,178,-173
124900068,194,464,-270
124900070,141,232,-91
124900072,109,45,64
124900075,211,284,-73
124900076,31,1276,-1245
124900077,29,133,-104
124900078,121,11,110
124900079,658,286,372
124900080,330,678,-348
124900081,866,468,398
124900082,353,1107,-754
124900083,265,571,-306
124900085,1439,297,1142
124900086,53,1179,-1126
124900087,749,112,637
124900088,663,116,547
124900089,1291,38,1253
124900090,244,271,-27
124900091,327,416,-89
124900092,204,283,-79
124900093,251,233,18
124900094,253,304,-51
124900095,81,437,-356
124900096,460,246,214
124900097,303,108,195
124900098,134,517,-383
124900099,511,548,-37
124900100,292,181,111
124900101,111,280,-169
124900102,196,60,136
124900103,158,274,-116
124900104,70,190,-120
124900105,119,194,-75
124900106,336,108,228
124900107,104,11,93
124900108,163,83,80
124900111,4,131,-127
124900112,59,527,-468
124900113,171,270,-99
124900114,257,152,105
124900115,298,39,259
124900116,187,109,78
124900117,530,120,410
124900118,238,278,-40
124900119,336,209,127
124900120,81,405,-324
124900121,155,437,-282
124900122,374,259,115
124900123,369,233,136
124900124,119,486,-367
124900125,522,11,511
124900126,0,171,-171
204000001,175,8,167
204000002,41,8,33
204000003,50,2,48
204000004,14,2,12
204000005,682,637,45
204000006,1419,1548,-129
204000011,13,68,-55
204000012,96,158,-62
204000019,790,680,110
204000020,721,759,-38
204000021,2242,911,1331
204000022,718,525,193
204000023,654,1170,-516
204000031,178,36,142
204000032,733,50,683
204000034,66,226,-160
204000035,5,11,-6
204000036,13,15,-2
204000037,6,17,-11
204000038,1,20,-19
204000039,76,43,33
204000040,4,23,-19
204000041,11,24,-13
204000042,53,10,43
204000043,56,2,54
204000044,51,3,48
204000045,53,8,45
204000046,10,3,7
204000057,5,17,-12
204000062,51,118,-67
204000068,43,293,-250
204000069,63,383,-320
204000070,127,199,-72
204000080,103,90,13
204000085,2249,2041,208
204000086,3131,2674,457
204000087,54,21,33
204000088,7,157,-150
204000090,153,309,-156
204000093,357,104,253
204000096,880,1239,-359
204000097,387,47,340
204000099,1227,1642,-415
204000100,1247,2195,-948
204000105,2381,1731,650
204000110,1265,1770,-505
204000111,533,998,-465
204000112,2003,765,1238
204000113,530,706,-176
204000114,786,902,-116
204000115,681,399,282
204000116,3668,647,3021
204000119,2245,2768,-523
204000132,743,532,211
204000133,867,566,301
204000134,314,176,138
204000135,1065,163,902
204000136,1025,349,676
204000138,406,884,-478
204000140,264,200,64
204000141,218,98,120
204000144,13,18,-5
204000145,516,29,487
204000146,18,339,-321
204000147,66,272,-206
204000148,1175,40,1135
204000154,10,2,8
204000155,5,15,-10
204000177,95,66,29
204000179,29,9,20
204000180,3,55,-52
204000222,3,4,-1
204000235,27,19,8
204000236,57,313,-256
204000238,21,43,-22
204000240,398,82,316
204000263,759,1284,-525
204000268,1371,853,518
204000308,185,52,133
204000317,20,90,-70
204000322,13,36,-23
204000323,26,13,13
204000328,242,136,106
204000329,112,194,-82
204000330,174,95,79
204000331,159,144,15
205000001,1433,2036,-603
205000013,6,61,-55
205000014,24,83,-59
205000015,36,245,-209
205000016,28,181,-153
205000017,16,87,-71
205000022,432,1086,-654
205000025,1711,1498,213
205000029,266,10,256
205000045,164,336,-172
205000046,150,737,-587
205000047,85,577,-492
205000048,440,1423,-983
205000049,165,1073,-908
205000050,1022,419,603
205000059,1,228,-227
205000060,0,90,-90
205000061,3,76,-73
205000062,1,98,-97
205000063,14,76,-62
205000064,22,114,-92
205000065,48,552,-504
205000066,99,998,-899
205000067,42,1117,-1075
205000069,252,19,233
205000082,176,165,11
205000110,96,345,-249
205000111,235,298,-63
205000112,245,203,42
205000113,205,372,-167
205000121,248,49,199
205000123,34,211,-177
205000126,420,162,258
205000127,744,182,562
205000128,552,117,435
205000129,712,137,575
205000130,606,32,574
205000131,221,6,215
205000132,475,4,471
205000133,466,1,465
205000134,258,1,257
205000137,44,164,-120
205000138,213,323,-110
205000139,28,112,-84
205000144,212,73,139
205000145,421,217,204
205000151,178,61,117
205000152,293,27,266
205000153,275,41,234
205000154,90,68,22
205000155,104,12,92
205000207,19,266,-247
205000233,32,0,32
205000234,0,0,0
205000243,0,0,0
205000244,0,10,-10
205000245,27,179,-152
205000249,1,32,-31
205000250,5,0,5
205000264,5,86,-81
206000027,4,3,1
206000028,5,4,1
206000043,23,58,-35
206000053,3,6,-3
206000054,2,25,-23
206000055,5,34,-29
206000075,11,9,2
206000076,20,19,1
206000077,35,16,19
206000078,22,4,18
206000079,19,3,16
206000082,337,43,294
206000100,61,484,-423
206000103,12,14,-2
206000104,28,29,-1
206000105,6,17,-11
206000106,13,28,-15
206000125,55,0,55
206000157,73,596,-523
206000170,0,175,-175
206000171,1,213,-212
206000172,7,537,-530
206000173,4,267,-263
206000174,10,107,-97
206000175,2,125,-123
206000176,20,220,-200
206000177,2,176,-174
206000178,3,114,-111
206000179,25,80,-55
206000180,16,157,-141
206000181,16,177,-161
206000182,8,211,-203
206000183,23,573,-550
206000184,2,346,-344
206000185,14,197,-183
206000186,122,1200,-1078
206000223,11,198,-187
206000226,21,1,20
206000227,25,5,20
206000237,29,348,-319
206000238,48,576,-528
206000239,304,2064,-1760
206000240,3,69,-66
206000241,0,89,-89
206000242,4,273,-269
206000243,16,276,-260
206000244,63,582,-519
206000245,697,62,635
206000246,171,17,154
206000247,186,9,177
206000248,360,11,349
206000252,65,24,41
206000258,29,35,-6
206000315,33,7,26
206000317,552,74,478
206000318,482,86,396
206000319,1213,145,1068
206000320,190,57,133
206000321,179,14,165
206000322,372,18,354
206000323,103,17,86
206000324,131,4,127
206000325,187,8,179
206000326,185,6,179
206000327,459,6,453
206000328,165,3,162
206000329,269,5,264
206000330,64,6,58
206000331,164,6,158
206000332,36,6,30
206000333,478,0,478
206000334,191,2,189
206000335,0,23,-23
206000361,3,198,-195
206000392,3,23,-20
206000405,109,1,108
206000441,20,15,5
206000498,26,9,17
206000515,65,40,25
206000530,267,54,213
206000531,259,182,77
206000532,2050,271,1779
206000535,288,2061,-1773
206000536,11,223,-212
206000537,42,213,-171
206000613,1381,187,1194
206000784,484,48,436
207000001,188,586,-398
207000002,121,331,-210
207000003,208,171,37
207000007,1043,301,742
207000008,66,23,43
207000009,114,63,51
207000010,602,515,87
207000012,277,280,-3
207000015,394,1558,-1164
207000019,381,88,293
207000021,531,202,329
207000022,143,133,10
207000023,241,56,185
207000024,13,14,-1
207000025,43,82,-39
207000026,192,48,144
207000027,34,76,-42
207000028,49,176,-127
207000029,220,446,-226
207000033,246,377,-131
207000034,331,99,232
207000039,389,131,258
207000040,264,141,123
207000041,189,51,138
207000042,224,74,150
207000043,349,199,150
207000051,189,239,-50
207000052,192,172,20
207000053,481,656,-175
207000054,38,131,-93
207000055,174,149,25
207000056,286,374,-88
207000057,169,289,-120
207000058,380,340,40
207000059,84,688,-604
207000060,102,286,-184
207000061,356,525,-169
207000062,315,38,277
207000063,373,167,206
207000064,520,187,333
207000065,439,255,184
207000066,264,181,83
207000067,87,104,-17
207000068,124,79,45
207000069,778,407,371
207000082,16,350,-334
207000083,139,407,-268
207000084,317,276,41
207000085,262,26,236
207000086,222,4,218
207000106,36,38,-2
207000107,81,22,59
207000108,66,25,41
207000109,87,14,73
207000110,137,92,45
207000111,60,90,-30
207000112,167,598,-431
207000114,25,36,-11
207000115,42,75,-33
207000116,13,398,-385
207000117,13,123,-110
207000118,10,109,-99
207000119,27,91,-64
207000123,202,30,172
207000124,55,35,20
207000125,56,54,2
207000126,66,97,-31
207000134,112,208,-96
207000135,14,302,-288
207000148,49,281,-232
207000149,108,59,49
207000152,135,439,-304
207000153,1056,1250,-194
207000154,447,132,315
207000159,191,274,-83
207000160,177,553,-376
207000238,0,203,-203
207000242,6,257,-251
207000248,205,33,172
207000249,191,54,137
207000250,743,81,662
207000251,87,100,-13
207000252,130,69,61
207000278,140,86,54
207000279,27,182,-155
207000280,615,91,524
207000281,119,1145,-1026
207000282,430,122,308
207000283,195,267,-72
207000284,104,239,-135
207000285,170,81,89
207000291,20,121,-101
207000304,136,71,65
207000306,113,394,-281
207000310,72,75,-3
207000353,362,4,358
207000356,35,31,4
207000357,30,10,20
207000358,12,22,-10
207000415,2,310,-308
207000417,44,11,33
207000418,166,191,-25
207000438,0,1,-1
207000439,1033,628,405
207000446,130,11,119
207000460,25,15,10
207000466,222,128,94
207000467,242,145,97
207000468,58,435,-377
207000476,6,56,-50
207000477,571,71,500
207000478,2,33,-31
207000523,0,18,-18
207000524,140,0,140
207000527,160,226,-66
207000530,511,9,502
207000531,333,14,319
207000532,124,28,96
207000534,530,48,482
207000535,51,414,-363
207000537,303,126,177
207000540,10,244,-234
207000541,4,453,-449
207000548,32,328,-296
207000549,653,15,638
207000561,176,154,22
207000562,43,210,-167
207000567,224,245,-21
207000568,274,84,190
207000569,547,1212,-665
207000584,371,200,171
207000585,69,382,-313
207000587,166,32,134
207000616,0,149,-149
207000617,289,2,287
207000624,72,51,21
207000631,20,100,-80
207900008,224,202,22
208000001,621,910,-289
208000002,1204,531,673
208000003,1103,466,637
208000004,1352,713,639
208000005,6,21,-15
208000019,1059,1253,-194
208000020,149,596,-447
208000021,236,406,-170
208000022,1253,613,640
208000028,1789,1014,775
208000033,552,782,-230
208000034,1148,1531,-383
208000037,342,28,314
208000040,147,234,-87
208000041,1075,753,322
208000042,2046,878,1168
208000047,146,304,-158
208000064,2844,1709,1135
208000066,1976,2256,-280
208000070,329,487,-158
208000071,329,1062,-733
208000072,342,1544,-1202
208000080,273,409,-136
208000081,338,189,149
208000082,332,332,0
208000083,164,524,-360
208000084,14,12,2
208000085,1055,779,276
208000086,591,1310,-719
208000087,796,932,-136
208000089,1006,477,529
208000090,930,831,99
208000093,184,116,68
208000094,1140,476,664
208000095,760,456,304
208000104,873,1231,-358
208000105,1144,1304,-160
208000114,111,357,-246
208000115,550,485,65
208000116,567,1225,-658
208000117,188,140,48
208000118,110,108,2
208000155,876,1158,-282
208000158,1701,3285,-1584
208000186,4315,4051,264
208000204,765,969,-204
208000205,1144,1169,-25
208000282,6452,2822,3630
209000004,599,220,379
209000005,73,37,36
209000006,354,211,143
209000007,321,276,45
209000010,507,137,370
209000011,289,266,23
209000012,446,215,231
209000013,307,450,-143
209000014,658,1196,-538
209000025,234,76,158
209000026,568,121,447
209000027,736,975,-239
209000028,386,770,-384
209000029,555,706,-151
209000030,632,1550,-918
209000031,3118,2516,602
209000034,192,246,-54
209000035,121,196,-75
209000036,146,154,-8
209000037,250,264,-14
209000038,85,159,-74
209000039,67,138,-71
209000040,259,553,-294
209000041,196,443,-247
209000042,222,425,-203
209000043,735,914,-179
209000044,226,786,-560
209000045,1738,598,1140
209000046,506,889,-383
209000047,627,244,383
209000048,699,477,222
209000049,108,177,-69
209000050,269,214,55
209000051,416,388,28
209000052,199,383,-184
209000062,47,136,-89
209000063,93,94,-1
209000064,83,96,-13
209000065,71,29,42
209000066,40,31,9
209000067,76,54,22
209000080,34,278,-244
209000082,74,25,49
209000091,51,126,-75
209000093,53,26,27
209000094,233,227,6
209000110,29,118,-89
209000111,477,1499,-1022
209000112,828,873,-45
209000113,1358,812,546
209000114,660,397,263
209000115,108,178,-70
209000116,694,602,92
209000118,21,49,-28
209000119,107,13,94
209000121,200,512,-312
209000135,56,146,-90
209000142,700,1321,-621
209000143,114,127,-13
209000144,42,120,-78
209000229,327,299,28
209000240,36,342,-306
209000259,85,154,-69
209000260,40,932,-892
209000261,3,454,-451
209000262,3,449,-446
209000263,0,213,-213
209000264,0,86,-86
209000265,848,31,817
209000266,372,2,370
209000267,929,13,916
209000268,612,42,570
210000037,87,17,70
210000047,46,19,27
210000048,56,21,35
210000049,57,8,49
210000052,56,83,-27
210000053,33,60,-27
210000054,85,86,-1
210000070,85,2,83
210000071,142,0,142
210000072,134,1,133
210000073,1,45,-44
210000074,1,142,-141
210000075,2,93,-91
210000076,16,152,-136
210000077,15,38,-23
210000078,34,19,15
210000079,18,8,10
210000080,108,61,47
210000081,166,17,149
210000082,201,4,197
210000083,104,2,102
210000084,68,0,68
210000085,1,115,-114
210000086,2,162,-160
210000099,36,251,-215
210000100,42,207,-165
210000101,93,194,-101
210000105,54,178,-124
210000159,1,133,-132
210000163,164,224,-60
210000164,234,136,98
210000168,126,25,101
210000187,0,21,-21
210000188,1,30,-29
210000214,47,0,47
210000219,45,55,-10
210000220,78,64,14
210000232,1,27,-26
210000233,30,44,-14
210000234,19,97,-78
210000235,38,118,-80
210000245,0,29,-29
210000246,41,0,41
210000258,15,101,-86
210000259,453,55,398
210000282,157,263,-106
210000285,1,103,-102
210000286,12,207,-195
210000290,1,32,-31
210000295,42,123,-81
210000296,31,49,-18
210000320,182,83,99
210000321,96,80,16
210000338,67,70,-3
210000339,427,1157,-730
210000340,142,371,-229
210000341,247,237,10
210000342,215,202,13
210000343,307,182,125
210000344,219,93,126
210000345,170,232,-62
210000346,95,109,-14
210000347,97,31,66
210000348,130,19,111
210000349,125,24,101
210000350,143,92,51
210000351,165,156,9
210000352,49,86,-37
210000353,60,106,-46
210000354,204,106,98
210000355,48,110,-62
210000356,40,52,-12
210000357,78,32,46
210000358,261,140,121
210000359,112,81,31
210000360,174,112,62
210000361,181,153,28
210000362,262,230,32
210000363,856,269,587
210000364,170,166,4
210000365,114,82,32
210000366,133,45,88
210000367,66,21,45
210000368,146,19,127
210000369,11,14,-3
210000370,42,28,14
210000372,30,42,-12
210000373,45,17,28
210000374,34,12,22
210000375,35,77,-42
210000376,102,171,-69
210000404,62,149,-87
210000439,37,38,-1
210000472,110,1,109
210000482,70,92,-22
210000564,457,280,177
210000567,3,50,-47
210000568,318,1,317
211000092,69,66,3
211000094,32,11,21
211000169,316,17,299
211000172,28,297,-269
211000209,0,11,-11
211000226,13,89,-76
211000270,33,30,3
211000275,25,21,4
211000276,82,12,70
211000279,55,54,1
211000281,49,42,7
211000302,32,86,-54
211507980,1,42,-41
211977296,89,4,85
212000003,114,37,77
212000004,54,27,27
212000005,34,32,2
212000006,81,66,15
212000008,193,240,-47
212000009,24,163,-139
212000012,103,90,13
212000013,52,77,-25
212000014,319,212,107
212000015,327,349,-22
212000016,533,685,-152
212000027,442,487,-45
212000028,289,521,-232
212000029,211,276,-65
212000030,40,31,9
212000031,84,73,11
212000048,44,152,-108
212000049,29,123,-94
212000050,21,15,6
212000051,241,310,-69
212000052,214,384,-170
212000053,452,821,-369
212000054,171,132,39
212000055,228,270,-42
212000056,20,60,-40
212000057,12,45,-33
212000058,290,31,259
212000070,159,298,-139
212000077,180,945,-765
212000099,226,341,-115
212000108,157,189,-32
212000111,224,113,111
212000120,100,97,3
212000138,119,49,70
212000156,10,156,-146
212000158,28,17,11
212000159,385,54,331
212000160,585,355,230
212000161,71,5,66
212000310,65,21,44
212000311,10,94,-84
212000374,53,16,37
213000001,33,326,-293
213000005,488,186,302
213000006,844,362,482
213000007,244,21,223
213000009,926,492,434
213000010,232,299,-67
213000011,257,151,106
213000012,123,305,-182
213000014,64,16,48
213000015,256,6,250
213000016,771,3,768
213000017,67,0,67
213000018,9,187,-178
213000019,4,193,-189
213000020,107,394,-287
213000021,6,118,-112
213000023,278,169,109
213000033,314,1793,-1479
213000034,774,297,477
213000035,154,348,-194
213000045,203,281,-78
213000046,249,229,20
213000047,834,1338,-504
213000056,188,41,147
213000069,157,5,152
213000073,1,46,-45
213000074,59,427,-368
213000075,539,8,531
213000076,89,6,83
213000085,10,46,-36
213000086,26,191,-165
213000091,140,10,130
213000092,145,9,136
213000099,167,1198,-1031
213000100,1208,272,936
213000101,328,136,192
213000102,384,313,71
213000103,854,943,-89
213000104,59,346,-287
213000105,3,154,-151
213000106,94,150,-56
213000107,171,619,-448
213000108,49,496,-447
213000109,6,263,-257
213000110,10,88,-78
213000111,12,91,-79
213000112,124,89,35
213000115,56,22,34
213000116,46,513,-467
213000117,14,842,-828
213000118,374,329,45
213000119,38,725,-687
213000120,155,589,-434
213000122,208,656,-448
213000123,460,1236,-776
213000124,114,1252,-1138
213000125,166,25,141
213000126,67,159,-92
213000127,133,171,-38
213000128,534,943,-409
213000129,428,625,-197
213000130,475,288,187
213000132,293,103,190
213000133,508,129,379
213000134,794,27,767
213000136,604,31,573
213000137,534,119,415
213000139,1013,31,982
213000147,164,9,155
213000148,48,8,40
213000149,61,13,48
213000150,0,188,-188
213000151,4,108,-104
213000152,7,79,-72
213000153,5,70,-65
213000154,76,238,-162
213000155,49,220,-171
213000156,94,679,-585
213000157,581,538,43
213000158,296,948,-652
213000159,420,626,-206
213000163,705,96,609
213000165,781,229,552
213000171,41,191,-150
213000172,50,353,-303
213000173,29,244,-215
213000174,3,116,-113
213000175,33,66,-33
213000176,13,131,-118
213000177,29,29,0
213000178,105,17,88
213000179,221,63,158
213000180,143,81,62
213000184,148,398,-250
213000188,327,130,197
213000189,354,45,309
213000190,937,960,-23
213000191,306,541,-235
213000192,203,544,-341
213000193,1050,273,777
213000194,4,76,-72
213000195,21,485,-464
213000196,298,1309,-1011
213000197,365,758,-393
213000198,145,2,143
213000200,140,912,-772
213000201,115,52,63
213000202,12,665,-653
213000203,3476,851,2625
213000204,743,85,658
213000205,313,81,232
213000206,585,70,515
213000207,255,19,236
213000208,199,5,194
213000209,251,4,247
213000210,681,7,674
213000211,4,12,-8
213000212,24,37,-13
213000213,21,44,-23
213000218,251,652,-401
213000219,459,14,445
213000220,498,15,483
213000223,193,289,-96
213000224,47,60,-13
213000225,93,8,85
213000226,77,10,67
213000227,1012,338,674
213000228,650,115,535
213000229,627,59,568
213000230,657,43,614
213000232,110,991,-881
213000233,10,72,-62
213000234,7,45,-38
213000293,9,62,-53
213000294,260,11,249
213000295,19,117,-98
213000296,108,32,76
213000297,23,102,-79
213000298,27,85,-58
213000299,98,47,51
213000300,35,3,32
213000303,8,27,-19
213000304,6,11,-5
213000305,7,6,1
213000306,59,14,45
213000307,213,83,130
213000308,141,184,-43
213000309,138,84,54
213000310,275,131,144
213000311,338,643,-305
213000315,87,120,-33
213000316,238,138,100
213000322,49,61,-12
213000323,64,41,23
213000340,197,643,-446
213000341,554,147,407
213000346,245,264,-19
213000347,751,414,337
213000348,27,107,-80
213000349,27,13,14
213000350,360,1139,-779
213000366,85,316,-231
213000367,263,28,235
213000379,203,70,133
213000386,20,290,-270
213000406,89,409,-320
213000417,1152,512,640
213000425,130,57,73
213000426,90,55,35
213000427,34,256,-222
213000428,39,195,-156
213000429,21,5,16
213000430,115,789,-674
213000431,183,3,180
213000432,3,22,-19
213000433,29,150,-121
213000434,73,107,-34
213000435,88,71,17
213000439,86,23,63
213000441,6,0,6
213000443,552,387,165
213000445,1,93,-92
213000446,0,23,-23
213000447,4,81,-77
213000448,9,99,-90
213000449,202,11,191
213000450,27,50,-23
213000451,175,117,58
213000452,42,24,18
213000453,45,294,-249
213000455,617,22,595
213000456,1,353,-352
213000481,58,2,56
213000482,43,4,39
213000489,383,131,252
213000491,2,144,-142
213000492,500,4,496
213000493,0,95,-95
213000494,219,150,69
213000495,1,99,-98
213000496,435,164,271
213000497,70,227,-157
213000498,108,171,-63
213000499,156,478,-322
213000500,402,126,276
213000501,117,47,70
213000502,266,124,142
213000503,4,62,-58
213000504,7,108,-101
213000505,10,14,-4
213000506,0,12,-12
213000507,5,119,-114
213900244,22,0,22
213900245,0,36,-36
218000003,35,35,0
218000004,66,33,33
218000005,142,51,91
218000006,80,18,62
218000007,14,23,-9
218000012,248,233,15
218000013,140,158,-18
218000014,440,464,-24
218000019,799,629,170
218000020,276,472,-196
218000040,12,3,9
218000046,75,114,-39
218000047,19,195,-176
218000048,76,200,-124
218000049,116,167,-51
218000050,328,319,9
218000051,89,301,-212
218000052,3,119,-116
218000053,1,14,-13
218000054,11,36,-25
218000055,11,15,-4
218000056,18,22,-4
218000057,1,32,-31
218000064,3,6,-3
218000065,73,72,1
218000066,10,80,-70
218000067,38,103,-65
218000068,101,70,31
218000069,322,191,131
218000070,218,262,-44
218000071,188,181,7
218000072,264,197,67
218000078,767,1014,-247
218000079,130,96,34
218000080,104,81,23
218000081,303,279,24
218000082,60,155,-95
218000083,55,69,-14
218000084,140,162,-22
218000085,163,384,-221
218000086,90,159,-69
218000087,159,197,-38
218000090,23,198,-175
218000091,1063,631,432
218000092,45,185,-140
218000093,73,71,2
218000094,509,866,-357
218000099,323,699,-376
218000100,273,320,-47
218000101,290,144,146
218000102,382,297,85
218000103,103,161,-58
218000104,91,43,48
218000105,22,26,-4
218000106,14,12,2
218000107,76,78,-2
218000108,5,55,-50
218000112,82,36,46
218000117,39,106,-67
218000134,478,745,-267
218000135,38,114,-76
218000136,167,83,84
218000137,230,174,56
218000138,35,108,-73
218000139,178,347,-169
218000140,356,314,42
218000141,86,60,26
218000142,216,166,50
218000143,88,243,-155
218000144,168,79,89
218000145,302,393,-91
218000146,80,175,-95
218000151,6,27,-21
218000152,185,63,122
218000170,13,50,-37
218000171,71,8,63
218000172,75,17,58
218000173,168,16,152
218000174,54,12,42
218000176,200,32,168
218000177,319,234,85
218000178,89,190,-101
218000179,146,120,26
218000180,87,41,46
218000181,189,31,158
218000187,10,44,-34
218000188,35,63,-28
218000189,24,84,-60
218000190,11,12,-1
218000191,190,82,108
218000192,179,239,-60
218000193,401,333,68
218000194,89,326,-237
218000195,138,70,68
218000196,275,313,-38
218000197,215,343,-128
218000198,69,182,-113
218000199,41,37,4
218000200,72,33,39
218000201,13,18,-5
218000202,108,269,-161
218000207,4,40,-36
218000208,84,52,32
218000211,109,17,92
218000213,108,73,35
218000214,4,13,-9
218000215,72,45,27
218000217,4,127,-123
218000218,140,66,74
218000219,35,19,16
218000220,117,274,-157
218000221,867,259,608
218000222,27,33,-6
218000223,39,290,-251
218000224,12,84,-72
218000225,213,24,189
218000226,185,57,128
218000232,26,63,-37
218000239,505,35,470
218000240,64,6,58
218000241,150,15,135
218000242,297,10,287
218000243,828,5,823
218000244,187,3,184
218000245,34,4,30
218000246,19,0,19
218000247,2,0,2
218000248,0,17,-17
218000249,1,8,-7
218000250,1,16,-15
218000251,3,40,-37
218000252,17,53,-36
218000253,8,50,-42
218000254,2,33,-31
218000255,1,25,-24
218000256,30,77,-47
218000267,709,1305,-596
218000268,12,63,-51
218000269,12,18,-6
218000270,121,65,56
218000271,45,74,-29
218000273,9,13,-4
218000274,12,4,8
218000275,28,69,-41
218000276,21,64,-43
218000278,23,53,-30
218000279,73,81,-8
218000280,48,37,11
218000281,17,15,2
218000282,540,522,18
218000284,93,14,79
218000301,80,120,-40
218000302,97,71,26
218000303,55,58,-3
218000316,772,1223,-451
218000317,1040,1376,-336
218000318,630,1003,-373
218000319,1009,1236,-227
218000320,809,713,96
218000338,56,45,11
218000345,183,136,47
218000346,52,199,-147
218000459,40,290,-250
218000490,56,48,8
218000501,157,64,93
218000502,31,116,-85
218000503,114,24,90
218000504,204,42,162
218000505,57,210,-153
218000506,44,311,-267
218000508,7,9,-2
218000510,181,23,158
218000520,109,93,16
218000521,12,67,-55
218000522,1,140,-139
218000523,248,24,224
218000524,85,177,-92
218000525,150,20,130
218000526,61,159,-98
218000529,40,200,-160
218000531,14,21,-7
218000532,40,29,11
218000534,191,18,173
218000537,36,65,-29
218000538,142,243,-101
218000540,325,70,255
218000543,139,53,86
218000544,84,111,-27
218000545,62,76,-14
218000546,66,89,-23
218000547,122,138,-16
218000548,161,123,38
218000549,543,402,141
218000550,319,349,-30
218000551,177,1024,-847
218000552,646,52,594
218000553,47,117,-70
218000554,63,49,14
218000555,60,61,-1
218000556,269,316,-47
218000557,386,228,158
218000558,99,0,99
218000559,0,54,-54
218000560,0,12,-12
218000561,66,0,66
218000562,34,201,-167
218000563,242,14,228
218000564,15,111,-96
218000565,264,35,229
218000566,589,32,557
218000567,4,104,-100
218000568,47,1,46
218000569,24,157,-133
218000570,197,8,189
218000571,5,177,-172
218000572,140,0,140
218000573,30,178,-148
218000574,246,44,202
218000575,102,1,101
218000576,1,106,-105
218000577,150,4,146
218000578,1,90,-89
218000579,64,25,39
218000581,5,44,-39
218000582,42,3,39
218000583,12,0,12
218000584,0,35,-35
218000585,51,3,48
218000586,11,42,-31
218000587,13,2,11
218000588,4,9,-5
218000589,2,1,1
218000590,11,1,10
218000591,3,3,0
218000592,62,5,57
218000593,82,3,79
218000594,20,3,17
218000597,7,1,6
218000598,1,1,0
218000599,22,0,22
218000600,61,4,57
218000601,5,2,3
218000602,2,19,-17
218000603,0,11,-11
218000604,48,1,47
218000605,0,179,-179
218000606,593,4,589
218000607,9,36,-27
218000608,64,13,51
218000609,4,67,-63
218000610,70,5,65
218000611,32,0,32
218000612,1,25,-24
218000613,74,0,74
218000614,2,43,-41
218000615,161,0,161
218000616,3,167,-164
218000617,29,4,25
218000618,2,13,-11
218000619,18,20,-2
218000620,3,10,-7
218000621,1,1,0
218000622,0,35,-35
218000623,121,3,118
218000624,17,14,3
218000625,26,0,26
218000626,2,10,-8
218000628,206,69,137
218000631,96,17,79
218000632,0,146,-146
218000633,134,3,131
218000634,23,23,0
218000635,20,8,12
218000636,1065,1408,-343
218000637,1030,648,382
218000638,123,37,86
218000639,11,199,-188
218000640,193,26,167
218000641,146,350,-204
218000652,48,85,-37
218000653,151,50,101
218000663,16,277,-261
218000675,100,68,32
218000680,372,487,-115
218000681,539,137,402
218000691,204,288,-84
218000693,280,214,66
218000718,847,1075,-228
218000719,1701,601,1100
218000720,78,184,-106
218000721,613,38,575
218001147,8,322,-314
218001214,12,24,-12
218001258,398,8,390
218001329,215,162,53
218001330,231,142,89
218001351,39,14,25
218001352,27,20,7
218001353,27,20,7
218001354,14,28,-14
218001355,51,406,-355
218001356,282,39,243
218001357,49,289,-240
218001358,465,34,431
218001361,287,6,281
218001362,0,262,-262
219000001,79,80,-1
219000002,57,64,-7
219000003,66,44,22
219000004,54,66,-12
219000017,104,22,82
219000020,176,158,18
219000022,170,12,158
219000023,461,1,460
219000029,0,101,-101
219000034,83,26,57
219000039,93,67,26
219000040,64,31,33
219000041,124,44,80
219000051,0,39,-39
219000052,0,22,-22
219000053,3,138,-135
219000055,173,0,173
219000056,17,0,17
219000057,76,2,74
219000062,24,78,-54
219000063,99,7,92
219000064,2,131,-129
219000110,586,67,519
219000111,257,50,207
219000112,228,99,129
219000113,171,149,22
219000114,370,399,-29
219000116,77,62,15
219000117,151,85,66
219000118,526,45,481
219000123,349,123,226
219000124,199,87,112
219000125,36,26,10
219000126,157,121,36
219000127,1,6,-5
219000128,21,100,-79
219000129,30,170,-140
219000130,563,520,43
219000131,725,997,-272
219000133,76,41,35
219000134,29,26,3
219000135,43,62,-19
219000136,117,309,-192
219000138,60,11,49
219000139,40,62,-22
219000140,47,0,47
219000141,14,153,-139
219000142,13,102,-89
219000143,14,127,-113
219000145,33,42,-9
219000146,8,48,-40
219000147,3,45,-42
219000148,4,38,-34
219000149,7,96,-89
219000150,1,107,-106
219000151,3,37,-34
219000157,314,195,119
219000158,258,265,-7
219000161,139,15,124
219000163,1578,654,924
219000166,234,231,3
219000167,229,268,-39
219000168,323,216,107
219000174,442,146,296
219000175,72,0,72
219000176,89,12,77
219000177,47,4,43
219000178,48,6,42
219000179,17,5,12
219000180,36,19,17
219000182,162,22,140
219000183,121,39,82
219000184,128,7,121
219000185,2,48,-46
219000186,78,41,37
219000187,48,104,-56
219000189,149,173,-24
219000190,176,229,-53
219000191,1169,1333,-164
219000192,155,157,-2
219000193,341,156,185
219000195,0,78,-78
219000196,15,113,-98
219000198,18,156,-138
219000199,77,327,-250
219000200,79,226,-147
219000201,61,248,-187
219000203,63,129,-66
219000204,349,251,98
219000205,163,169,-6
219000207,214,345,-131
219000209,38,93,-55
219000210,88,132,-44
219000213,13,156,-143
219000239,211,314,-103
219000240,265,421,-156
219000241,115,190,-75
219000242,66,155,-89
219000243,84,245,-161
219000244,51,95,-44
219000245,48,50,-2
219000246,71,16,55
219000247,149,31,118
219000248,818,337,481
219000249,152,109,43
219000250,137,110,27
219000251,582,286,296
219000252,234,185,49
219000253,565,96,469
219000255,205,121,84
219000256,340,91,249
219000257,149,1,148
219000262,302,172,130
219000263,85,190,-105
219000267,1,168,-167
219000268,3,5,-2
219000269,20,3,17
219000270,7,0,7
219000271,107,5,102
219000278,1,6,-5
219000279,12,1,11
219000283,0,23,-23
219000295,4,104,-100
219000296,61,624,-563
219000297,14,163,-149
219000298,29,176,-147
219000299,455,95,360
219000300,31,230,-199
219000301,270,392,-122
219000302,55,304,-249
219000307,85,70,15
219000308,65,80,-15
219000311,215,81,134
219000312,777,145,632
219000313,471,64,407
219000314,49,482,-433
219000315,241,92,149
219000316,554,67,487
219000317,84,20,64
219000320,1,76,-75
219000321,1,29,-28
219000323,7,81,-74
219000325,0,25,-25
219000326,58,100,-42
219000327,88,60,28
219000328,39,55,-16
219000329,264,122,142
219000330,69,31,38
219000331,69,35,34
219000332,99,101,-2
219000333,9,5,4
219000335,49,0,49
219000337,33,1,32
219000338,65,2,63
219000344,95,95,0
219000345,90,93,-3
219000346,38,129,-91
219000348,127,86,41
219000349,48,149,-101
219000350,94,173,-79
219000351,4,1,3
219000352,354,75,279
219000353,100,47,53
219000354,200,129,71
219000355,234,125,109
219000356,1446,1563,-117
219000363,263,52,211
219000364,103,38,65
219000365,118,26,92
219000366,239,382,-143
219000368,501,582,-81
219000370,1227,568,659
219000371,12,34,-22
219000382,20,34,-14
219000383,776,907,-131
219000385,727,519,208
219000386,889,1403,-514
219000387,3,12,-9
219000390,4,4,0
219000391,3,7,-4
219000397,68,58,10
219000398,80,80,0
219000401,17,139,-122
219000402,103,159,-56
219000403,201,339,-138
219000404,43,161,-118
219000407,5,55,-50
219000409,36,63,-27
219000410,172,32,140
219000411,85,19,66
219000446,176,287,-111
219000447,1,31,-30
219000448,24,7,17
219000452,110,101,9
219000453,81,127,-46
219000454,280,310,-30
219000556,303,126,177
219000558,359,199,160
219000590,37,162,-125
219000591,88,82,6
219000592,98,401,-303
219000595,7,25,-18
219000635,364,54,310
219000636,36,115,-79
219000657,21,28,-7
219000658,35,78,-43
219000673,0,17,-17
219000676,17,1,16
219000679,66,9,57
219000684,104,0,104
219000685,2,86,-84
219000686,3,3,0
219000688,0,73,-73
219000689,29,252,-223
219000690,112,28,84
219000691,45,216,-171
219000692,138,27,111
219000693,1,24,-23
219000694,8,0,8
219000695,37,8,29
219000698,29,1,28
219000699,0,24,-24
219000727,3,143,-140
219000728,304,1,303
219000770,47,0,47
219000771,0,36,-36
219000788,878,305,573
219001150,0,24,-24
219001151,0,7,-7
219001166,41,23,18
219001167,4,133,-129
219001178,102,2,100
220000001,50,82,-32
220000002,16,139,-123
220000003,1002,307,695
220000004,938,513,425
220000005,1862,1691,171
220000006,477,961,-484
220000007,477,724,-247
220000008,427,998,-571
220000009,288,478,-190
220000010,259,139,120
220000011,610,3957,-3347
220000012,79,359,-280
220000014,142,51,91
220000015,94,204,-110
220000017,44,270,-226
220000018,4278,1076,3202
220000019,125,301,-176
220000020,426,275,151
220000021,765,243,522
220000022,879,464,415
220000023,422,161,261
220000024,1687,459,1228
220000025,782,867,-85
220000026,360,249,111
220000027,94,105,-11
220000028,67,45,22
220000029,129,213,-84
220000030,192,93,99
220000031,436,365,71
220000064,7,743,-736
221000046,22,0,22
221000047,1,11,-10
221000048,1,2,-1
221000049,0,4,-4
221000050,37,2,35
221000055,69,47,22
221000068,225,148,77
221000069,276,96,180
221000070,162,21,141
221000071,46,7,39
221000072,196,18,178
221000073,277,53,224
221000074,0,26,-26
221000075,21,23,-2
221000076,19,51,-32
221000077,31,172,-141
221000081,80,16,64
221000082,69,12,57
221000083,45,7,38
221000084,23,4,19
221000085,91,62,29
221000086,19,131,-112
221000087,6,174,-168
221000088,13,223,-210
221000089,37,302,-265
221000090,166,548,-382
221000098,115,16,99
221000099,162,8,154
221000100,113,6,107
221000101,293,29,264
221000103,21,41,-20
221000104,6,69,-63
221000107,60,5,55
221000108,30,21,9
221000111,35,256,-221
221000112,9,202,-193
221000113,20,184,-164
221000114,13,182,-169
221000120,43,32,11
221000121,1,36,-35
221000122,57,27,30
221000123,18,32,-14
221000124,44,276,-232
221000155,95,17,78
221000156,77,23,54
221000175,24,6,18
221000176,4,4,0
221000182,56,23,33
221000241,854,315,539
221000242,192,463,-271
221000243,779,200,579
221000244,220,500,-280
221000245,200,142,58
221000246,54,299,-245
221000247,132,160,-28
221000248,130,194,-64
221000267,77,694,-617
221000325,233,75,158
221000331,51,101,-50
221000338,9,24,-15
221000378,235,19,216
221000381,64,100,-36
222000282,12,0,12
222000296,7,28,-21
222000568,267,15,252
222000569,184,31,153
222000570,149,17,132
222000571,185,11,174
222000577,14,232,-218
222000578,28,217,-189
222000579,49,175,-126
222000580,78,1178,-1100
222000599,0,177,-177
222000600,6,417,-411
222000601,11,1199,-1188
222000603,31,53,-22
222000604,15,42,-27
222000605,33,44,-11
222000606,4,16,-12
222000607,20,12,8
222000608,31,15,16
222000609,92,243,-151
222000616,281,57,224
222000617,28,14,14
222000618,12,9,3
222000620,52,12,40
222000621,103,17,86
222000623,618,6,612
222000624,321,4,317
222000625,528,54,474
222000636,36,2,34
222000686,78,23,55
222000687,66,32,34
222001066,206,6,200
222001067,10,1,9
222001068,46,14,32
222001069,27,26,1
222001082,3,50,-47
222001083,18,72,-54
222001084,0,65,-65
222001085,1,119,-118
222001111,40,184,-144
222001112,91,22,69
222001313,44,7,37
222001314,7,169,-162
222001464,161,68,93
222001465,22,206,-184
222001484,127,61,66
222001485,17,42,-25
222001494,402,172,230
222001495,181,311,-130
222001496,387,100,287
222001497,219,566,-347
222001502,14,95,-81
222001503,85,52,33
222001504,19,303,-284
222001505,345,28,317
222001506,75,346,-271
222001507,246,17,229
222001510,403,53,350
222001511,38,390,-352
222001514,484,159,325
222001515,169,609,-440
222001518,298,83,215
222001519,49,264,-215
222001527,221,106,115
222001528,52,183,-131
222001529,234,51,183
222001530,57,271,-214
222001533,221,312,-91
222001534,303,99,204
222001535,242,310,-68
222001536,255,289,-34
222001537,309,58,251
222001538,79,469,-390
222001563,690,96,594
222001564,61,599,-538
222001568,679,151,528
222001576,5,3,2
222001579,2,6,-4
222001583,15,151,-136
222001584,89,44,45
222001596,872,1278,-406
222001597,2341,351,1990
222001626,0,247,-247
222001650,131,93,38
222001651,90,153,-63
222001914,213,54,159
222001915,53,257,-204
222001968,522,373,149
222001969,606,877,-271
222001970,163,252,-89
222001971,16,5,11
222001972,3,31,-28
225000001,490,200,290
225000002,1328,158,1170
225000003,799,146,653
225000004,325,301,24
225000005,122,57,65
225000006,0,209,-209
225000007,1874,1602,272
225000010,270,7,263
225000011,432,899,-467
225000012,195,455,-260
225000013,78,139,-61
225000014,710,104,606
225000015,90,182,-92
225000021,667,165,502
225000027,215,573,-358
225000032,522,148,374
225000042,85,661,-576
225000049,81,60,21
225000050,59,19,40
225000053,12,312,-300
225000058,590,141,449
225000067,309,140,169
225000068,131,359,-228
225000069,119,496,-377
225000070,95,351,-256
225000071,36,162,-126
225000075,29,1140,-1111
225000076,65,131,-66
225000078,62,48,14
225000085,59,155,-96
225000086,175,80,95
225000087,295,19,276
225000088,14,181,-167
225000089,362,984,-622
225000090,52,429,-377
225000091,170,178,-8
225000092,70,64,6
225000093,312,313,-1
225000094,28,259,-231
225000095,299,419,-120
225000096,378,479,-101
225000098,541,326,215
225000099,289,234,55
225000100,277,196,81
225000104,130,465,-335
225000110,19,438,-419
225000111,227,1159,-932
225000112,383,1201,-818
225000113,195,574,-379
225000114,76,304,-228
225000115,1961,680,1281
225000116,1023,197,826
225000117,749,243,506
225000118,800,223,577
225000119,165,65,100
225000120,1046,72,974
225000121,300,26,274
225000123,555,32,523
225000125,294,220,74
225000126,901,205,696
225000127,748,1358,-610
225000128,544,681,-137
225000132,275,66,209
225000133,293,43,250
225000134,621,151,470
225000135,84,9,75
225000136,188,29,159
225000137,294,81,213
225000138,390,60,330
225000143,88,315,-227
225000144,4,493,-489
225000145,90,57,33
225000146,107,147,-40
225000147,26,315,-289
225000148,11,222,-211
225000149,121,530,-409
225000151,30,236,-206
225000155,472,567,-95
225000156,218,911,-693
225000157,245,406,-161
225000158,85,333,-248
225000171,6,178,-172
225000180,125,82,43
225000181,0,30,-30
225000182,96,28,68
225000185,16,398,-382
225000187,176,351,-175
225000191,125,1,124
225000194,0,15,-15
225000208,0,48,-48
225000209,79,24,55
225000210,7,241,-234
225000217,2,12,-10
225000218,36,0,36
225000223,0,62,-62
225000224,99,0,99
225000225,0,55,-55
225000226,22,2,20
225000227,38,147,-109
225000228,7,23,-16
225000229,0,88,-88
225000230,82,1,81
225000231,0,90,-90
225000232,230,0,230
225000241,106,1,105
225000242,1,84,-83
225000249,37,1,36
225000250,51,942,-891
225000251,347,50,297
226000042,398,571,-173
226000043,62,315,-253
226000044,198,663,-465
226000045,73,421,-348
226000046,359,109,250
226000047,344,153,191
226000048,405,159,246
226000049,240,269,-29
226000070,0,40,-40
226000071,0,71,-71
226000072,0,14,-14
226000073,0,2,-2
226000074,0,7,-7
226000084,1,83,-82
226000085,2,9,-7
226000086,4,13,-9
226000087,25,11,14
226000088,32,17,15
226000090,339,183,156
226000091,19,28,-9
226000092,31,4,27
226000093,42,1,41
226000094,29,0,29
226000095,93,4,89
226000105,41,1,40
226000106,6,0,6
226000107,9,3,6
226000108,79,0,79
226000109,89,0,89
226000124,108,73,35
226000134,549,433,116
226000135,1189,508,681
226000136,1230,371,859
226000137,19,458,-439
226000138,12,326,-314
226000139,4,28,-24
226000156,172,8,164
226000157,418,22,396
226000163,142,172,-30
226000202,13,446,-433
226000231,479,35,444
226000232,137,19,118
227000033,353,84,269
227000036,289,26,263
227000037,326,32,294
227000038,345,62,283
227000049,0,23,-23
227000050,0,79,-79
227000055,115,1,114
227000056,56,0,56
227000084,2,142,-140
227000085,1,62,-61
227000088,91,3,88
227000089,141,1,140
227000090,63,2,61
227000091,18,5,13
227000093,133,0,133
227000094,41,0,41
227000130,81,67,14
227000131,103,279,-176
227000132,21,250,-229
227000133,24,268,-244
227000134,34,391,-357
227000152,0,6,-6
227000153,1,84,-83
227000155,1,17,-16
227000156,0,16,-16
227000165,6,26,-20
227000196,244,211,33
227000199,263,430,-167
227000230,17,262,-245
227000232,263,26,237
227000242,48,582,-534
227000243,369,114,255
227000245,26,389,-363
227000246,114,546,-432
227000247,318,95,223
227000248,324,37,287
227000249,43,250,-207
227000250,586,209,377
227000251,224,343,-119
227000252,33,400,-367
227000253,101,34,67
227000262,299,37,262
227000266,872,16,856
227000267,40,1259,-1219
227000282,3,144,-141
227000284,362,17,345
227000286,4,70,-66
227000287,17,77,-60
227000291,19,446,-427
227000484,199,12,187
227000485,12,664,-652
227000655,127,27,100
227000656,367,32,335
227000657,159,4,155
227000661,155,25,130
227000680,291,61,230
229000265,17,39,-22
229000296,8,9,-1
229000297,11,29,-18
229000298,0,133,-133
229000320,11,14,-3
229000321,107,6,101
229000412,27,52,-25
229000414,12,53,-41
229000415,36,4,32
229000416,2,9,-7
229000417,3,23,-20
229000419,128,277,-149
229000440,435,62,373
229000442,21,8,13
229000443,5,6,-1
229000444,1,25,-24
229000445,93,12,81
229000446,63,33,30
229000847,85,0,85
229000848,56,0,56
229000849,132,1,131
229000851,30,1,29
229000854,0,43,-43
229000856,0,147,-147
229000857,0,67,-67
229000858,1,88,-87
229000919,14,124,-110
229000930,1,420,-419
229000937,138,18,120
229000966,38,20,18
229000981,18,65,-47
229000985,6,21,-15
229000986,1,6,-5
229000987,0,1,-1
229000988,2,7,-5
229000989,11,11,0
229000990,4,0,4
229000991,1,3,-2
229000992,13,14,-1
229000993,157,28,129
229000998,1,62,-61
229000999,80,18,62
229001034,0,11,-11
229001035,3,2,1
229001037,51,9,42
229001042,18,13,5
229001047,6,43,-37
229001050,42,37,5
229001200,11,7,4
229001338,4,40,-36
229001394,259,3,256
229001422,115,27,88
229001423,36,180,-144
229001431,77,78,-1
229001432,61,111,-50
229001444,188,50,138
229001445,35,189,-154
229001503,182,95,87
229001504,111,231,-120
229001505,139,66,73
229001506,156,208,-52
229001509,45,21,24
229001545,77,13,64
229001546,5,133,-128
229001553,78,18,60
229001554,103,133,-30
229001559,7,15,-8
229001560,21,23,-2
229001630,99,13,86
229001631,13,18,-5
229001635,0,9,-9
229001636,14,1,13
229001658,0,152,-152
229001659,96,5,91
229001660,17,7,10
229001661,12,13,-1
229001662,25,0,25
229001663,0,11,-11
229002584,195,195,0
229002831,177,130,47
229002841,11,18,-7
229002842,26,19,7
229002843,80,17,63
229002844,34,61,-27
229002845,21,59,-38
229002846,50,21,29
229002847,3,8,-5
229002848,14,31,-17
229002849,7,55,-48
229002850,26,3,23
229002851,32,78,-46
229002852,215,42,173
229002853,158,19,139
229002854,34,36,-2
229002855,11,27,-16
229002856,36,14,22
229002857,7,58,-51
229002858,12,9,3
229002859,38,29,9
229002860,286,17,269
229002861,126,33,93
229002862,17,23,-6
229002863,20,18,2
229002864,41,46,-5
229002865,9,9,0
229002866,25,18,7
229002867,3,28,-25
229002868,13,20,-7
229002869,12,145,-133
229002870,44,9,35
235000066,424,96,328
235000067,110,138,-28
235000072,12,111,-99
235000073,59,500,-441
235000074,117,70,47
235000080,38,98,-60
235000081,131,132,-1
235000082,205,142,63
235000083,123,137,-14
235000084,80,89,-9
235000085,104,70,34
235000089,79,46,33
235000092,54,284,-230
235000093,13,5,8
235000097,4,8,-4
235000098,79,11,68
235000099,74,27,47
235000116,100,22,78
235000117,865,9,856
235000133,8,451,-443
235000134,14,154,-140
235000206,12,5,7
235000207,11,1,10
235000208,12,2,10
235000209,8,5,3
235000210,14,2,12
235000212,11,29,-18
235000213,2,18,-16
235000220,1,4,-3
235000221,63,13,50
235000238,11,80,-69
235000239,5,15,-10
235000242,366,573,-207
235000245,743,179,564
235000246,13,59,-46
235000284,13,120,-107
235000295,260,5,255
235000305,416,18,398
235000306,159,16,143
235000307,30,9,21
235000308,23,1,22
235000309,53,1,52
235000310,19,1,18
235000311,97,55,42
235000322,0,32,-32
235000323,0,54,-54
235000324,1,35,-34
235000325,3,17,-14
235000326,12,211,-199
235000351,2,71,-69
235000352,4,40,-36
235000353,11,28,-17
235000354,16,41,-25
235000355,7,62,-55
235000356,202,5,197
235000357,34,13,21
235000358,242,2,240
235000359,17,3,14
235000360,103,14,89
235000361,87,2,85
235000381,95,257,-162
235000382,129,41,88
235000390,11,5,6
235000391,103,32,71
235000392,227,280,-53
235000393,145,197,-52
235000395,96,96,0
235000396,334,135,199
235000400,70,161,-91
235000401,30,177,-147
235000405,96,269,-173
235000406,33,279,-246
235000407,145,77,68
235000409,376,172,204
235000410,38,252,-214
235000411,0,68,-68
235000485,0,13,-13
235000486,17,0,17
235000549,446,91,355
235000550,104,163,-59
235000599,129,38,91
235000600,15,10,5
235000601,7,36,-29
235000602,98,98,0
235000614,5,1,4
235000648,1,26,-25
235000649,53,2,51
235000685,3,5,-2
235000815,11,33,-22
235000834,0,19,-19
235000855,348,80,268
235000862,62,187,-125
235000891,0,14,-14
235000892,10,2,8
235000901,436,85,351
235000907,7,11,-4
235001010,143,62,81
235001029,594,353,241
235001030,375,272,103
235001078,102,182,-80
235001079,69,93,-24
235001147,32,89,-57
235001166,41,75,-34
235001167,34,44,-10
235001169,42,318,-276
235001188,4,11,-7
235001189,13,5,8
235001197,10,18,-8
235001200,48,43,5
235001207,433,144,289
235001210,95,288,-193
235001215,34,210,-176
235001239,1,60,-59
235001244,0,5,-5
235016267,1,91,-90
277102712,3,0,3
277103813,0,0,0
277103814,0,0,0
277104249,0,5,-5
277104250,0,6,-6
277104251,0,14,-14
277104252,0,0,0
990011530,0,210,-210
990014944,6,574,-568
990015176,83,1,82
990015618,18,257,-239
990016032,1,363,-362
990032570,0,36,-36
990070001,117,4,113
990070103,0,2,-2
990070601,0,34,-34
990070751,618,1,617
990070766,1,457,-456
990071180,427,160,267
990071343,23,0,23
990071387,0,22,-22
990071823,31,0,31
990072600,1,894,-893
990072964,2,583,-581
990073285,0,1,-1
990074393,2,805,-803
990074870,1357,20,1337
990075106,2039,18,2021
990075746,532,47,485
990076437,983,9,974
990076458,4,757,-753
997000007,904,8,896
997000041,1,212,-211
997000058,25,2,23
997000062,58,41,17
997000069,0,2,-2
997000070,0,34,-34
997000100,15,0,15
997000141,6,2122,-2116
997000198,850,1775,-925
998000475,3,32,-29
998000736,0,212,-212
998000965,0,10,-10
998001031,0,83,-83
998001700,0,33,-33
998001899,0,0,0
998001900,12,0,12
998003073,1134,3,1131
998101900,0,0,0
998102850,5,128,-123
998501927,1366,608,758
998501929,129,22,107
998501930,90,0,90
998501931,146,4,142
998501932,13,1,12
998501933,46,1,45
998501937,14,3,11
998501944,8,2,6
998501950,0,7,-7
998501970,46,2,44
998501971,0,94,-94
998501973,0,49,-49
998501974,2,312,-310
998501975,181,6,175
998501976,142,1,141
998501977,0,34,-34
998501978,27,0,27
998501979,1,11,-10
998501980,140,1,139
998501981,37,6,31
998501982,0,98,-98
998501983,0,3,-3
998502006,0,1,-1
998502024,0,13,-13
998502032,0,5,-5
998502062,20,0,20
998502063,0,0,0
998502173,34,1,33
998502269,0,0,0
998502546,0,163,-163
998502578,2,9,-7
998502599,81,271,-190
998502621,0,0,0
998601159,1,198,-197
998601292,0,27,-27
999033574,3,566,-563
999800001,74,42,32
999800002,0,7,-7
999800003,0,0,0
999800004,0,1,-1
999800005,0,5,-5
