dong,insum,outsum,diff
강남구 개포1동,404,570,-166
강남구 개포2동,7047,4551,2496
강남구 개포4동,5177,4997,180
강남구 논현1동,11016,11096,-80
강남구 논현2동,5336,7796,-2460
강남구 대치1동,3398,4597,-1199
강남구 대치2동,9130,11751,-2621
강남구 대치4동,9238,7180,2058
강남구 도곡1동,6854,9010,-2156
강남구 도곡2동,3230,2773,457
강남구 삼성1동,12619,14245,-1626
강남구 삼성2동,4651,8484,-3833
강남구 세곡동,18798,9051,9747
강남구 수서동,6298,13266,-6968
강남구 신사동,4632,6473,-1841
강남구 압구정동,10624,14383,-3759
강남구 역삼1동,21097,23943,-2846
강남구 역삼2동,8838,10001,-1163
강남구 일원1동,4577,5184,-607
강남구 일원2동,957,953,4
강남구 일원본동,6860,4827,2033
강남구 청담동,9066,13396,-4330
강동구 강일동,12528,4949,7579
강동구 고덕제1동,3281,1641,1640
강동구 고덕제2동,4100,9871,-5771
강동구 길동,7327,3976,3351
강동구 둔촌제1동,26,629,-603
강동구 둔촌제2동,4180,5022,-842
강동구 명일제1동,5109,4265,844
강동구 명일제2동,3405,3088,317
강동구 상일동,7959,8089,-130
강동구 성내제1동,3774,2613,1161
강동구 성내제2동,5158,6515,-1357
강동구 성내제3동,4692,4896,-204
강동구 암사제1동,5440,1574,3866
강동구 암사제2동,1072,3340,-2268
강동구 암사제3동,1304,254,1050
강동구 천호제1동,2407,1159,1248
강동구 천호제2동,7326,7975,-649
강동구 천호제3동,3792,3575,217
강북구 미아동,6135,7113,-978
강북구 번1동,12034,13569,-1535
강북구 번2동,5252,2886,2366
강북구 번3동,11501,3626,7875
강북구 삼각산동,4910,1335,3575
강북구 삼양동,9238,3041,6197
강북구 송중동,16877,17915,-1038
강북구 송천동,20808,11333,9475
강북구 수유1동,13641,5688,7953
강북구 수유2동,9513,2934,6579
강북구 수유3동,15110,23947,-8837
강북구 우이동,8587,4637,3950
강북구 월곡제1동,1086,746,340
강북구 인수동,8743,3570,5173
강서구 가양제1동,5084,6372,-1288
강서구 가양제2동,1353,763,590
강서구 가양제3동,1493,903,590
강서구 공항동,4974,6268,-1294
강서구 등촌제1동,6397,8978,-2581
강서구 등촌제2동,4838,2257,2581
강서구 등촌제3동,7030,8482,-1452
강서구 발산제1동,10055,8943,1112
강서구 방화제1동,4897,4088,809
강서구 방화제2동,4482,5409,-927
강서구 방화제3동,1409,670,739
강서구 염창동,5903,3404,2499
강서구 우장산동,7232,5955,1277
강서구 화곡본동,7275,3613,3662
강서구 화곡제1동,17536,17485,51
강서구 화곡제2동,6277,1955,4322
강서구 화곡제3동,3532,5276,-1744
강서구 화곡제4동,5795,3119,2676
강서구 화곡제6동,10524,6666,3858
강서구 화곡제8동,6142,7926,-1784
관악구 낙성대동,9456,17643,-8187
관악구 난곡동,15589,3209,12380
관악구 난향동,7625,1659,5966
관악구 남현동,7319,7026,293
관악구 대학동,14137,8284,5853
관악구 미성동,13701,8439,5262
관악구 보라매동,8769,5549,3220
관악구 삼성동,11957,6293,5664
관악구 서림동,16686,4444,12242
관악구 서원동,17869,32340,-14471
관악구 성현동,11009,3206,7803
관악구 신림동,15047,23549,-8502
관악구 신사동,7528,5081,2447
관악구 신원동,3002,1276,1726
관악구 은천동,10277,7919,2358
관악구 인헌동,6448,5045,1403
관악구 조원동,11247,28244,-16997
관악구 중앙동,3501,1462,2039
관악구 청룡동,8342,8847,-505
관악구 청림동,4467,787,3680
관악구 행운동,12995,12786,209
광진구 광장동,3672,2700,972
광진구 구의제1동,5249,4546,703
광진구 구의제2동,7287,5551,1736
광진구 구의제3동,2638,6003,-3365
광진구 군자동,7534,7049,485
광진구 능동,5341,4300,1041
광진구 자양제1동,2595,1269,1326
광진구 자양제2동,11286,6183,5103
광진구 자양제3동,2826,1189,1637
광진구 자양제4동,8296,8232,64
광진구 중곡제1동,4275,2680,1595
광진구 중곡제2동,6440,5235,1205
광진구 중곡제3동,5522,2383,3139
광진구 중곡제4동,4336,1515,2821
광진구 화양동,5277,8328,-3051
구로구 가리봉동,4657,6425,-1768
구로구 개봉제1동,17790,14886,2904
구로구 개봉제2동,11305,11345,-40
구로구 개봉제3동,6167,2050,4117
구로구 고척제1동,12198,7858,4340
구로구 고척제2동,13275,3464,9811
구로구 구로제1동,7190,4998,2192
구로구 구로제2동,14431,12693,1738
구로구 구로제3동,13266,23441,-10175
구로구 구로제4동,9396,7470,1926
구로구 구로제5동,7995,15558,-7563
구로구 수궁동,11433,11448,-15
구로구 신도림동,10538,20351,-9813
구로구 오류제1동,7667,4637,3030
구로구 오류제2동,7109,6586,523
구로구 항동,5418,925,4493
금천구 가산동,20949,26764,-5815
금천구 독산제1동,18670,17685,985
금천구 독산제2동,12565,4283,8282
금천구 독산제3동,14166,8408,5758
금천구 독산제4동,9405,2621,6784
금천구 미성동,29,60,-31
금천구 시흥제1동,14440,15451,-1011
금천구 시흥제2동,8517,2370,6147
금천구 시흥제3동,5895,6165,-270
금천구 시흥제4동,9760,1405,8355
금천구 시흥제5동,13565,3640,9925
노원구 공릉1동,8219,8008,211
노원구 공릉2동,9245,11115,-1870
노원구 상계10동,3490,2845,645
노원구 상계1동,8207,6489,1718
노원구 상계2동,5434,10951,-5517
노원구 상계3.4동,1213,944,269
노원구 상계5동,6263,5504,759
노원구 상계6.7동,5255,6139,-884
노원구 상계8동,4940,2109,2831
노원구 상계9동,4412,2402,2010
노원구 월계1동,13785,16892,-3107
노원구 월계2동,7878,3045,4833
노원구 월계3동,5334,3922,1412
노원구 중계1동,6935,1477,5458
노원구 중계2.3동,5695,6933,-1238
노원구 중계4동,3128,6781,-3653
노원구 중계본동,8643,1926,6717
노원구 하계1동,7586,6484,1102
노원구 하계2동,4756,4884,-128
도봉구 도봉제1동,8575,3086,5489
도봉구 도봉제2동,6151,7073,-922
도봉구 방학제1동,9908,4218,5690
도봉구 방학제2동,5414,1938,3476
도봉구 방학제3동,11129,2126,9003
도봉구 쌍문제1동,7104,2639,4465
도봉구 쌍문제2동,12329,8609,3720
도봉구 쌍문제3동,5588,12888,-7300
도봉구 쌍문제4동,7306,1677,5629
도봉구 창제1동,6873,13366,-6493
도봉구 창제2동,6885,3098,3787
도봉구 창제3동,7298,2087,5211
도봉구 창제4동,7430,10167,-2737
도봉구 창제5동,4033,4785,-752
동대문구 답십리제1동,9695,8209,1486
동대문구 답십리제2동,10588,5655,4933
동대문구 면목제5동,121,38,83
동대문구 용신동,16329,19624,-3295
동대문구 이문제1동,4312,3431,881
동대문구 이문제2동,2476,2307,169
동대문구 장안제1동,12750,14769,-2019
동대문구 장안제2동,10993,6020,4973
동대문구 전농제1동,10895,9472,1423
동대문구 전농제2동,9814,3525,6289
동대문구 제기동,14096,15074,-978
동대문구 청량리동,11615,15192,-3577
동대문구 회기동,2279,3949,-1670
동대문구 휘경제1동,9099,9611,-512
동대문구 휘경제2동,6861,4377,2484
동작구 노량진제1동,15335,25923,-10588
동작구 노량진제2동,8555,8531,24
동작구 대방동,19715,14728,4987
동작구 사당제1동,4999,5235,-236
동작구 사당제2동,7163,6260,903
동작구 사당제3동,6373,1727,4646
동작구 사당제4동,999,449,550
동작구 사당제5동,3861,1458,2403
동작구 상도제1동,21016,15789,5227
동작구 상도제2동,9087,6762,2325
동작구 상도제3동,8197,3898,4299
동작구 상도제4동,10128,2628,7500
동작구 신대방제1동,4236,3572,664
동작구 신대방제2동,12313,10406,1907
동작구 흑석동,12087,9305,2782
마포구 공덕동,7315,4974,2341
마포구 대흥동,8085,6957,1128
마포구 도화동,1958,2675,-717
마포구 망원제1동,5511,2552,2959
마포구 망원제2동,4162,1914,2248
마포구 상암동,17162,17752,-590
마포구 서강동,4094,2281,1813
마포구 서교동,19771,28273,-8502
마포구 성산제1동,5076,2720,2356
마포구 성산제2동,11322,4454,6868
마포구 신수동,1726,903,823
마포구 아현동,10917,6605,4312
마포구 연남동,5847,4269,1578
마포구 염리동,1412,871,541
마포구 용강동,4942,4270,672
마포구 합정동,3057,6429,-3372
서대문구 남가좌제1동,6969,4046,2923
서대문구 남가좌제2동,12581,3842,8739
서대문구 북가좌제1동,4740,4003,737
서대문구 북가좌제2동,12096,2949,9147
서대문구 북아현동,6307,4896,1411
서대문구 신촌동,19485,28285,-8800
서대문구 연희동,19643,14659,4984
서대문구 천연동,12375,10090,2285
서대문구 충현동,10722,17629,-6907
서대문구 홍은제1동,10074,5201,4873
서대문구 홍은제2동,15349,7341,8008
서대문구 홍제제1동,11211,11561,-350
서대문구 홍제제2동,5286,2234,3052
서대문구 홍제제3동,8359,6555,1804
서초구 내곡동,5497,10826,-5329
서초구 반포1동,9857,6354,3503
서초구 반포2동,1906,2188,-282
서초구 반포3동,4359,6747,-2388
서초구 반포4동,7948,16998,-9050
서초구 반포본동,3799,4190,-391
서초구 방배1동,6140,4016,2124
서초구 방배2동,6654,8057,-1403
서초구 방배3동,6606,6752,-146
서초구 방배4동,6883,6133,750
서초구 방배본동,4457,3039,1418
서초구 서초1동,5877,7222,-1345
서초구 서초2동,12477,20366,-7889
서초구 서초3동,11492,13230,-1738
서초구 서초4동,12932,9591,3341
서초구 양재1동,27424,22316,5108
서초구 양재2동,13306,11418,1888
서초구 잠원동,7945,8317,-372
성동구 금호1가동,4183,2000,2183
성동구 금호2.3가동,5170,3927,1243
성동구 금호4가동,4379,1647,2732
성동구 마장동,5258,8011,-2753
성동구 사근동,2692,3302,-610
성동구 성수1가제1동,2781,3282,-501
성동구 성수1가제2동,1750,3473,-1723
성동구 성수2가제1동,3618,1877,1741
성동구 성수2가제3동,2843,4796,-1953
성동구 송정동,3839,2009,1830
성동구 옥수동,4233,4225,8
성동구 왕십리도선동,4889,4497,392
성동구 왕십리제2동,4928,3514,1414
성동구 용답동,5127,4590,537
성동구 응봉동,4090,1329,2761
성동구 행당제1동,3465,6964,-3499
성동구 행당제2동,6352,4561,1791
성북구 길음제1동,14024,13754,270
성북구 길음제2동,4289,8224,-3935
성북구 돈암제1동,9170,6338,2832
성북구 돈암제2동,5828,1184,4644
성북구 동선동,7866,11321,-3455
성북구 보문동,4679,3264,1415
성북구 삼선동,9381,8083,1298
성북구 석관동,6201,5245,956
성북구 성북동,10878,10473,405
성북구 안암동,3747,5208,-1461
성북구 월곡제1동,8092,5618,2474
성북구 월곡제2동,2809,3848,-1039
성북구 장위제1동,9070,3611,5459
성북구 장위제2동,5769,5596,173
성북구 장위제3동,5885,3533,2352
성북구 정릉제1동,6901,4915,1986
성북구 정릉제2동,12604,4060,8544
성북구 정릉제3동,3321,2776,545
성북구 정릉제4동,11210,4851,6359
성북구 종암동,17281,10175,7106
송파구 가락1동,2783,1479,1304
송파구 가락2동,7365,5086,2279
송파구 가락본동,7325,8540,-1215
송파구 거여1동,2581,1713,868
송파구 거여2동,765,293,472
송파구 마천1동,4878,3062,1816
송파구 마천2동,7279,2869,4410
송파구 문정1동,2811,1706,1105
송파구 문정2동,7657,12628,-4971
송파구 방이1동,3415,1809,1606
송파구 방이2동,6623,5803,820
송파구 삼전동,7876,3064,4812
송파구 석촌동,8600,8398,202
송파구 송파1동,6412,4113,2299
송파구 송파2동,2703,1441,1262
송파구 오금동,7844,7234,610
송파구 오륜동,2736,5012,-2276
송파구 위례동,8826,3433,5393
송파구 잠실2동,1383,2643,-1260
송파구 잠실3동,10017,16158,-6141
송파구 잠실4동,262,619,-357
송파구 잠실6동,3077,9499,-6422
송파구 잠실7동,2475,3215,-740
송파구 잠실본동,8167,6129,2038
송파구 장지동,7803,3810,3993
송파구 풍납1동,5322,2449,2873
송파구 풍납2동,6222,8719,-2497
양천구 목1동,6519,11394,-4875
양천구 목2동,9578,9533,45
양천구 목3동,9542,8318,1224
양천구 목4동,10544,3059,7485
양천구 목5동,9976,7025,2951
양천구 신월1동,5975,1978,3997
양천구 신월2동,6260,4726,1534
양천구 신월3동,5148,2949,2199
양천구 신월4동,5751,2352,3399
양천구 신월5동,5299,3428,1871
양천구 신월6동,4348,2007,2341
양천구 신월7동,11504,4226,7278
양천구 신정1동,4374,4578,-204
양천구 신정2동,4377,1179,3198
양천구 신정3동,18293,9719,8574
양천구 신정4동,8518,16185,-7667
양천구 신정6동,2667,1277,1390
양천구 신정7동,5212,2998,2214
영등포구 당산제1동,3891,5175,-1284
영등포구 당산제2동,9273,14204,-4931
영등포구 대림제1동,5026,4651,375
영등포구 대림제2동,1990,2559,-569
영등포구 대림제3동,7711,4616,3095
영등포구 도림동,6638,2521,4117
영등포구 문래동,6642,8904,-2262
영등포구 신길제1동,7628,3867,3761
영등포구 신길제3동,9357,3050,6307
영등포구 신길제4동,3388,1014,2374
영등포구 신길제5동,4939,4991,-52
영등포구 신길제6동,6531,3728,2803
영등포구 신길제7동,7137,3726,3411
영등포구 양평제1동,3552,2788,764
영등포구 양평제2동,6440,7618,-1178
영등포구 여의동,19096,51654,-32558
영등포구 영등포동,14905,20164,-5259
영등포구 영등포본동,7247,8923,-1676
용산구 남영동,12959,14630,-1671
용산구 보광동,4363,1493,2870
용산구 서빙고동,4855,4118,737
용산구 용문동,1585,821,764
용산구 용산2가동,5539,3011,2528
용산구 원효로제1동,4969,3659,1310
용산구 원효로제2동,4372,1987,2385
용산구 이촌제1동,3838,3739,99
용산구 이촌제2동,2941,875,2066
용산구 이태원제1동,4274,5058,-784
용산구 이태원제2동,3035,1626,1409
용산구 청파동,6121,3558,2563
용산구 필동,34,50,-16
용산구 한강로동,11222,20862,-9640
용산구 한남동,13315,17641,-4326
용산구 효창동,3618,1219,2399
용산구 후암동,4978,1889,3089
은평구 갈현제1동,9046,3478,5568
은평구 갈현제2동,7166,3094,4072
은평구 구산동,11526,2265,9261
은평구 녹번동,9865,6269,3596
은평구 대조동,11224,20151,-8927
은평구 불광제1동,9202,6068,3134
은평구 불광제2동,11262,9672,1590
은평구 수색동,5785,5774,11
은평구 신사제1동,9014,6618,2396
은평구 신사제2동,9390,8311,1079
은평구 역촌동,14072,5404,8668
은평구 응암제1동,11947,16267,-4320
은평구 응암제2동,7908,2322,5586
은평구 응암제3동,7406,3774,3632
은평구 증산동,8558,8933,-375
은평구 진관동,18023,14056,3967
종로구 가회동,1331,1565,-234
종로구 교남동,2273,1905,368
종로구 무악동,846,861,-15
종로구 부암동,5184,3433,1751
종로구 사직동,10062,23835,-13773
종로구 삼청동,725,2368,-1643
종로구 숭인제1동,532,360,172
종로구 숭인제2동,5549,6959,-1410
종로구 이화동,5360,7001,-1641
종로구 종로1.2.3.4가동,19121,48068,-28947
종로구 종로5.6가동,3038,6898,-3860
종로구 창신제1동,5162,3703,1459
종로구 창신제2동,3334,5080,-1746
종로구 창신제3동,1709,599,1110
종로구 청운효자동,3719,5199,-1480
종로구 충현동,1024,670,354
종로구 평창동,6864,4832,2032
종로구 혜화동,9034,8668,366
중구 광희동,5295,8247,-2952
중구 다산동,3245,2176,1069
중구 동화동,745,458,287
중구 명동,7057,17465,-10408
중구 소공동,6819,20454,-13635
중구 신당동,4376,3465,911
중구 신당제5동,3689,3574,115
중구 약수동,2227,1440,787
중구 을지로동,855,4745,-3890
중구 장충동,1562,3392,-1830
중구 중림동,3197,2746,451
중구 청구동,1459,1068,391
중구 필동,1067,2315,-1248
중구 황학동,3500,2525,975
중구 회현동,12308,27995,-15687
중랑구 망우본동,13301,9125,4176
중랑구 망우제3동,6720,1354,5366
중랑구 면목본동,9649,10296,-647
중랑구 면목제2동,6078,1987,4091
중랑구 면목제3.8동,10120,5814,4306
중랑구 면목제4동,5524,3239,2285
중랑구 면목제5동,5235,2806,2429
중랑구 면목제7동,3538,2491,1047
중랑구 묵제1동,4894,4628,266
중랑구 묵제2동,3473,1023,2450
중랑구 상봉제1동,5293,3951,1342
중랑구 상봉제2동,7921,10028,-2107
중랑구 신내1동,14988,7045,7943
중랑구 신내2동,8261,7446,815
중랑구 중화제1동,2920,4186,-1266
중랑구 중화제2동,9637,5764,3873
NA,280664,153065,127599
