ID,insum,outsum,diff
100000001,404,259,145
100000002,721,303,418
100000003,4373,1093,3280
100000004,1160,306,854
100000005,1128,1391,-263
100000006,124,51,73
100000007,289,195,94
100000008,46,292,-246
100000009,108,94,14
100000010,9,20,-11
100000011,159,48,111
100000012,30,380,-350
100000013,7,88,-81
100000014,99,198,-99
100000015,447,402,45
100000016,433,755,-322
100000017,171,580,-409
100000018,675,309,366
100000019,2918,897,2021
100000020,830,1041,-211
100000021,4029,920,3109
100000022,515,306,209
100000023,3513,364,3149
100000025,1399,206,1193
100000028,800,369,431
100000029,123,100,23
100000030,363,13,350
100000031,2020,1507,513
100000032,1595,1316,279
100000033,288,964,-676
100000034,546,152,394
100000035,700,292,408
100000036,1228,522,706
100000037,181,198,-17
100000038,526,484,42
100000039,248,83,165
100000040,32,37,-5
100000041,136,175,-39
100000042,189,184,5
100000043,206,114,92
100000044,281,418,-137
100000045,332,822,-490
100000046,262,725,-463
100000047,104,452,-348
100000048,134,447,-313
100000049,930,1751,-821
100000051,148,845,-697
100000053,6,2,4
100000054,43,11,32
100000055,237,203,34
100000056,82,303,-221
100000057,813,387,426
100000058,305,997,-692
100000059,2,38,-36
100000060,96,168,-72
100000061,756,253,503
100000062,583,258,325
100000063,239,137,102
100000064,297,193,104
100000065,250,635,-385
100000066,141,606,-465
100000067,200,530,-330
100000068,233,883,-650
100000069,121,946,-825
100000072,259,975,-716
100000073,495,723,-228
100000075,282,223,59
100000076,894,809,85
100000077,422,23,399
100000078,76,20,56
100000079,52,19,33
100000080,12,11,1
100000081,4,11,-7
100000102,914,458,456
100000103,1650,433,1217
100000104,2221,487,1734
100000105,2360,220,2140
100000106,1069,510,559
100000107,230,127,103
100000108,559,736,-177
100000109,1973,747,1226
100000116,565,238,327
100000117,6,14,-8
100000118,621,306,315
100000119,313,191,122
100000121,88,409,-321
100000122,454,365,89
100000123,2568,2340,228
100000124,5549,2771,2778
100000125,2059,484,1575
100000126,411,136,275
100000127,1148,223,925
100000128,482,484,-2
100000129,292,203,89
100000130,176,332,-156
100000131,3182,1331,1851
100000132,1465,671,794
100000133,6730,1612,5118
100000135,164,330,-166
100000139,92,198,-106
100000140,94,244,-150
100000142,176,423,-247
100000143,1153,702,451
100000144,2551,763,1788
100000147,539,1183,-644
100000150,16,226,-210
100000151,228,182,46
100000153,180,106,74
100000154,34,27,7
100000155,1,14,-13
100000156,14,34,-20
100000157,67,130,-63
100000158,54,68,-14
100000159,319,169,150
100000165,732,500,232
100000169,294,131,163
100000174,718,134,584
100000179,79,362,-283
100000180,267,527,-260
100000181,69,156,-87
100000188,43,163,-120
100000189,187,147,40
100000190,210,137,73
100000191,340,251,89
100000192,42,55,-13
100000193,76,71,5
100000330,1052,240,812
100000355,271,373,-102
100000362,2946,2014,932
100000363,1048,1814,-766
100000364,218,154,64
100000365,1956,3216,-1260
100000366,2799,1599,1200
100000367,1402,2032,-630
100000368,1221,1132,89
100000369,319,590,-271
100000370,32,180,-148
100000376,69,28,41
100000379,940,550,390
100000380,1626,805,821
100000384,2800,996,1804
100000385,2562,1257,1305
100000386,4746,1344,3402
100000387,4057,1466,2591
100000388,9019,1482,7537
100000389,7074,1556,5518
100000390,8011,1283,6728
100000391,4633,1596,3037
100000392,1675,539,1136
100000393,666,560,106
100000394,3565,1166,2399
100000395,1514,425,1089
100000396,2326,707,1619
100000397,1203,626,577
100000398,7165,4859,2306
100000413,7,1,6
100900002,2,45,-43
100900003,72,64,8
100900004,14,620,-606
100900005,18,2,16
100900006,4,136,-132
100900007,82,2,80
100900008,1,321,-320
100900009,5,15,-10
100900010,2,90,-88
100900011,11,188,-177
100900012,0,140,-140
100900013,148,4,144
100900014,0,3,-3
100900015,92,48,44
100900016,1,37,-36
100900017,190,32,158
100900018,0,3,-3
100900019,6,12,-6
100900020,48,0,48
100900021,428,0,428
100900022,3,6,-3
100900023,0,5,-5
100900024,232,0,232
100900025,13,5,8
100900026,21,103,-82
100900027,265,807,-542
100900028,31,67,-36
100900029,57,8,49
100900030,1,6,-5
100900031,109,27,82
100900032,52,0,52
100900033,149,40,109
100900034,106,0,106
100900035,114,0,114
100900036,6,0,6
100900037,8,254,-246
100900038,19,6,13
100900039,137,414,-277
100900040,93,600,-507
100900041,88,737,-649
100900042,150,203,-53
100900043,0,0,0
100900044,1710,102,1608
100900045,20,0,20
100900046,257,2,255
100900047,479,41,438
100900048,27,1,26
100900049,12,165,-153
100900050,1,21,-20
100900051,17,14,3
100900052,11,11,0
100900053,47,6,41
100900054,2,87,-85
100900055,49,76,-27
100900056,3,37,-34
100900057,263,130,133
100900058,40,24,16
100900059,14,5,9
100900060,29,15,14
100900061,171,114,57
100900062,2,23,-21
100900063,49,177,-128
100900064,232,9,223
100900065,24,25,-1
100900066,5,14,-9
100900067,1,4,-3
100900068,4,75,-71
100900069,63,0,63
100900070,21,0,21
100900071,398,116,282
100900072,0,40,-40
100900073,19,325,-306
100900074,0,0,0
100900075,1557,150,1407
100900076,8,11,-3
100900077,2,84,-82
100900078,48,43,5
100900079,0,19,-19
100900080,1,84,-83
100900081,9,11,-2
100900082,22,581,-559
100900083,0,22,-22
100900085,0,51,-51
100900086,33,91,-58
100900088,18,515,-497
100900089,0,11,-11
100900090,40,265,-225
100900091,0,7,-7
100900092,39,45,-6
100900093,21,97,-76
100900094,41,508,-467
100900095,1,8,-7
100900096,5,56,-51
100900097,1,2,-1
100900098,0,77,-77
100900099,15,357,-342
100900100,1,103,-102
100900101,171,7,164
100900102,0,16,-16
100900103,0,43,-43
100900104,4,76,-72
100900105,1,47,-46
100900106,21,1,20
100900107,830,187,643
100900108,0,0,0
100900109,0,20,-20
100900110,2,12,-10
100900111,41,76,-35
100900112,0,3,-3
100900113,2,4,-2
100900114,0,6,-6
100900115,1,25,-24
100900116,408,111,297
100900117,95,147,-52
100900118,0,23,-23
100900119,0,11,-11
100900120,0,4,-4
100900121,146,77,69
100900122,87,129,-42
100900123,5,34,-29
100900124,0,4,-4
100900125,10,45,-35
100900126,23,74,-51
100900127,0,5,-5
100900128,28,53,-25
100900129,0,26,-26
100900131,14,74,-60
100900133,6,41,-35
100900134,0,3,-3
100900135,0,49,-49
100900137,202,72,130
100900138,184,84,100
100900139,0,5,-5
100900140,3,628,-625
100900141,3,123,-120
100900142,1,1,0
100900143,614,107,507
100900144,4,2,2
100900145,6,55,-49
100900146,21,1,20
100900147,8,91,-83
100900148,18,618,-600
100900149,4,20,-16
100900150,1,3,-2
100900151,41,321,-280
100900152,59,6,53
100900153,1,66,-65
100900154,1,1,0
100900155,2,5,-3
100900156,12,0,12
100900157,2,51,-49
100900159,0,10,-10
100900160,0,4,-4
100900161,64,0,64
100900162,0,114,-114
100900163,110,143,-33
100900164,10,8,2
100900165,28,43,-15
100900166,39,0,39
100900167,6,53,-47
100900168,5,61,-56
100900169,89,824,-735
100900170,3,6,-3
100900171,16,602,-586
100900172,0,1,-1
100900173,4,423,-419
100900174,33,13,20
100900176,571,38,533
100900177,639,71,568
100900178,86,64,22
100900179,44,17,27
100900180,2,1,1
100900181,44,6,38
100900182,1,2,-1
100900184,0,72,-72
100900186,636,298,338
100900187,3,152,-149
100900188,14,8,6
100900189,422,107,315
100900191,652,276,376
100900192,101,46,55
100900195,21,76,-55
100900197,0,39,-39
100900198,7,147,-140
100900199,1,3,-2
100900200,401,200,201
100900201,8,570,-562
100900202,1,0,1
100900203,0,23,-23
100900204,47,41,6
100900205,35,87,-52
100900206,18,13,5
100900207,55,37,18
100900210,31,569,-538
100900211,112,7,105
100900213,5,4,1
100900214,591,32,559
100900215,1,19,-18
100900217,43,14,29
101000001,2739,1368,1371
101000002,1693,1270,423
101000003,342,547,-205
101000004,4966,2820,2146
101000005,2929,2160,769
101000006,3823,2892,931
101000007,1078,1443,-365
101000008,1797,1332,465
101000009,701,1568,-867
101000010,359,981,-622
101000011,1240,275,965
101000012,1158,200,958
101000013,311,368,-57
101000014,306,306,0
101000015,521,555,-34
101000016,152,170,-18
101000017,248,218,30
101000018,2327,1366,961
101000020,2857,469,2388
101000021,434,81,353
101000022,213,33,180
101000023,1021,379,642
101000025,49,168,-119
101000026,292,31,261
101000027,779,759,20
101000028,464,75,389
101000029,3,272,-269
101000030,260,48,212
101000031,92,86,6
101000032,2333,1083,1250
101000033,1541,766,775
101000034,1467,539,928
101000035,712,96,616
101000036,976,188,788
101000037,2936,540,2396
101000039,1891,371,1520
101000040,2316,1048,1268
101000041,3578,1094,2484
101000042,218,181,37
101000043,2775,920,1855
101000045,370,131,239
101000046,1013,480,533
101000047,529,533,-4
101000048,282,374,-92
101000049,280,245,35
101000050,865,195,670
101000051,1485,409,1076
101000052,923,249,674
101000053,547,532,15
101000054,942,573,369
101000055,1047,460,587
101000056,42,18,24
101000057,1343,258,1085
101000058,932,270,662
101000059,1878,790,1088
101000060,1309,119,1190
101000061,873,299,574
101000062,1161,149,1012
101000063,267,112,155
101000064,720,163,557
101000065,109,132,-23
101000066,148,95,53
101000067,468,139,329
101000068,168,94,74
101000069,217,20,197
101000070,1224,261,963
101000071,980,374,606
101000072,565,1400,-835
101000073,336,206,130
101000074,2139,1046,1093
101000075,3248,1364,1884
101000077,1077,654,423
101000078,660,965,-305
101000079,258,818,-560
101000080,443,448,-5
101000081,638,631,7
101000082,2231,1517,714
101000083,1098,763,335
101000084,727,853,-126
101000085,1190,612,578
101000086,984,719,265
101000087,675,943,-268
101000088,455,570,-115
101000089,516,710,-194
101000090,1660,861,799
101000091,212,1066,-854
101000092,435,682,-247
101000093,845,429,416
101000094,327,777,-450
101000095,107,532,-425
101000096,166,335,-169
101000097,113,165,-52
101000098,186,289,-103
101000099,749,688,61
101000100,438,316,122
101000101,202,163,39
101000102,399,161,238
101000103,496,235,261
101000104,133,192,-59
101000105,559,71,488
101000106,303,185,118
101000107,84,188,-104
101000108,989,194,795
101000109,82,38,44
101000110,17,512,-495
101000111,44,81,-37
101000113,49,182,-133
101000114,1072,788,284
101000115,14,55,-41
101000116,20,34,-14
101000117,60,125,-65
101000119,75,7,68
101000120,174,4,170
101000121,26,4,22
101000122,47,7,40
101000123,11,7,4
101000124,172,244,-72
101000125,85,236,-151
101000128,446,136,310
101000130,206,143,63
101000131,257,483,-226
101000132,108,1018,-910
101000135,28,2,26
101000136,94,34,60
101000137,24,93,-69
101000141,1361,645,716
101000147,885,403,482
101000148,1710,12,1698
101000149,27,12,15
101000150,21,830,-809
101000151,28,74,-46
101000152,227,217,10
101000153,422,294,128
101000154,55,1236,-1181
101000155,66,108,-42
101000156,6,150,-144
101000157,52,17,35
101000160,5,32,-27
101000163,64,36,28
101000164,318,157,161
101000165,131,203,-72
101000166,114,204,-90
101000168,355,170,185
101000252,568,434,134
101000254,147,9,138
101000258,44,17,27
101000261,79,95,-16
101000262,291,550,-259
101000263,85,323,-238
101000265,15,214,-199
101000266,138,109,29
101000269,56,1,55
101000290,694,570,124
101000293,0,54,-54
101000294,273,269,4
101000295,133,309,-176
101000301,519,75,444
101000304,1163,1562,-399
101000305,1375,949,426
101000328,25,211,-186
101900001,21,59,-38
101900002,0,27,-27
101900003,36,43,-7
101900004,4,21,-17
101900005,3711,545,3166
101900006,500,3,497
101900007,276,18,258
101900008,89,89,0
101900009,29,127,-98
101900010,635,178,457
101900011,170,271,-101
101900012,47,36,11
101900013,667,36,631
101900017,6,41,-35
101900018,1215,60,1155
101900019,43,48,-5
101900020,68,43,25
101900021,2,22,-20
101900022,17,1030,-1013
101900023,12,133,-121
101900026,33,39,-6
101900027,2,92,-90
102000001,1113,2174,-1061
102000002,1649,773,876
102000003,1912,1793,119
102000004,4854,1143,3711
102000005,945,1301,-356
102000006,1357,595,762
102000007,928,2148,-1220
102000008,5271,862,4409
102000009,3626,4398,-772
102000010,4793,1808,2985
102000011,1199,1302,-103
102000012,1816,1768,48
102000018,2348,1266,1082
102000019,1717,637,1080
102000026,137,183,-46
102000029,360,79,281
102000030,30,121,-91
102000031,13,150,-137
102000032,159,231,-72
102000033,86,276,-190
102000034,245,221,24
102000035,555,310,245
102000036,5,114,-109
102000037,90,38,52
102000038,37,58,-21
102000039,57,27,30
102000040,326,30,296
102000041,105,97,8
102000042,32,35,-3
102000043,95,108,-13
102000044,154,293,-139
102000045,448,642,-194
102000046,477,233,244
102000047,363,606,-243
102000048,82,419,-337
102000049,467,337,130
102000050,526,689,-163
102000051,145,315,-170
102000052,619,587,32
102000053,218,473,-255
102000054,137,389,-252
102000055,415,700,-285
102000056,354,643,-289
102000057,747,269,478
102000058,720,1071,-351
102000059,553,684,-131
102000060,491,404,87
102000061,616,1743,-1127
102000062,389,729,-340
102000063,622,863,-241
102000064,370,416,-46
102000065,25,76,-51
102000066,541,555,-14
102000067,1375,1574,-199
102000068,4951,1574,3377
102000069,17,841,-824
102000070,2241,35,2206
102000071,3846,5870,-2024
102000072,2309,2799,-490
102000073,112,584,-472
102000074,129,507,-378
102000075,79,234,-155
102000076,106,294,-188
102000077,167,1029,-862
102000078,344,668,-324
102000079,63,189,-126
102000080,75,95,-20
102000081,155,605,-450
102000082,420,100,320
102000083,118,529,-411
102000084,74,444,-370
102000085,985,945,40
102000086,625,872,-247
102000087,348,1717,-1369
102000088,132,201,-69
102000089,441,426,15
102000090,261,833,-572
102000091,774,308,466
102000092,393,432,-39
102000093,332,283,49
102000094,893,249,644
102000095,601,454,147
102000096,1171,395,776
102000097,1429,725,704
102000098,420,520,-100
102000099,613,285,328
102000100,639,326,313
102000101,800,160,640
102000102,202,823,-621
102000103,898,161,737
102000104,739,237,502
102000105,88,633,-545
102000106,256,616,-360
102000107,398,367,31
102000108,231,175,56
102000109,98,396,-298
102000110,223,995,-772
102000111,4,186,-182
102000112,95,84,11
102000113,1,28,-27
102000114,585,132,453
102000115,153,79,74
102000116,176,137,39
102000117,129,272,-143
102000118,1220,607,613
102000119,1817,265,1552
102000120,44,255,-211
102000121,425,276,149
102000122,139,456,-317
102000123,747,374,373
102000124,507,483,24
102000125,624,333,291
102000126,304,433,-129
102000127,599,353,246
102000128,240,592,-352
102000129,304,471,-167
102000130,181,338,-157
102000131,210,305,-95
102000132,140,196,-56
102000133,547,2002,-1455
102000134,212,456,-244
102000135,897,368,529
102000136,695,179,516
102000137,580,428,152
102000138,167,225,-58
102000139,33,229,-196
102000140,128,147,-19
102000141,98,318,-220
102000142,98,241,-143
102000143,28,356,-328
102000144,31,314,-283
102000145,107,233,-126
102000146,116,157,-41
102000147,167,139,28
102000148,142,127,15
102000149,35,456,-421
102000150,125,129,-4
102000151,56,262,-206
102000152,57,84,-27
102000153,468,137,331
102000154,224,363,-139
102000155,36,205,-169
102000156,314,38,276
102000157,40,85,-45
102000158,230,132,98
102000159,1022,87,935
102000161,2725,705,2020
102000162,103,48,55
102000163,81,202,-121
102000164,617,343,274
102000165,144,75,69
102000166,15,30,-15
102000167,70,143,-73
102000168,126,89,37
102000169,47,230,-183
102000170,490,87,403
102000171,69,27,42
102000172,10,146,-136
102000173,155,98,57
102000174,16,25,-9
102000175,26,106,-80
102000176,2,26,-24
102000178,90,346,-256
102000179,134,144,-10
102000180,216,371,-155
102000181,135,563,-428
102000182,167,456,-289
102000183,519,1310,-791
102000184,552,705,-153
102000185,850,1186,-336
102000186,343,1426,-1083
102000187,203,1383,-1180
102000188,246,1033,-787
102000189,2602,668,1934
102000190,503,1210,-707
102000191,757,304,453
102000192,429,674,-245
102000193,12,121,-109
102000194,25,105,-80
102000195,153,376,-223
102000196,29,438,-409
102000197,124,373,-249
102000198,52,747,-695
102000199,140,269,-129
102000200,119,870,-751
102000201,168,333,-165
102000202,0,85,-85
102000203,81,198,-117
102000204,129,741,-612
102000205,310,640,-330
102000206,186,487,-301
102000207,208,372,-164
102000208,97,370,-273
102000209,21,44,-23
102000210,86,367,-281
102000211,117,293,-176
102000212,30,18,12
102000213,1,221,-220
102000214,30,11,19
102000215,1,424,-423
102000216,12,15,-3
102000217,4,188,-184
102000218,47,22,25
102000219,201,276,-75
102000225,555,502,53
102000226,1033,71,962
102000227,18,0,18
102000228,0,59,-59
102000229,14,13,1
102000230,156,411,-255
102000231,137,262,-125
102000232,2,92,-90
102000233,244,317,-73
102000234,46,1214,-1168
102000236,223,27,196
102000237,220,89,131
102000238,83,141,-58
102000240,544,355,189
102000241,187,65,122
102000243,9,18,-9
102000245,14,56,-42
102000246,31,11,20
102000247,428,516,-88
102000248,255,328,-73
102000249,46,117,-71
102000250,33,258,-225
102000254,19,439,-420
102000266,28,90,-62
102000271,16,1,15
102000286,179,190,-11
102000297,862,492,370
102000301,0,0,0
102000303,0,0,0
102000307,0,4,-4
102900001,695,538,157
102900002,231,54,177
102900003,8,228,-220
102900005,158,193,-35
102900006,209,116,93
102900007,270,28,242
102900008,76,46,30
102900009,240,66,174
102900010,390,266,124
102900011,1685,121,1564
102900012,234,30,204
102900013,6,28,-22
102900015,357,86,271
102900016,14,54,-40
102900017,37,367,-330
102900018,7,74,-67
102900019,83,271,-188
102900020,20,28,-8
102900021,3,99,-96
102900022,183,28,155
102900023,7,23,-16
102900024,11,25,-14
102900025,104,71,33
102900026,307,767,-460
102900027,25,31,-6
102900028,27,246,-219
102900029,29,56,-27
102900030,143,104,39
102900031,94,100,-6
102900032,10,103,-93
102900033,9,84,-75
102900034,106,76,30
102900035,30,318,-288
102900036,68,401,-333
102900037,57,550,-493
102900038,204,328,-124
102900039,11,202,-191
102900040,44,125,-81
102900041,28,110,-82
102900042,80,246,-166
102900043,79,177,-98
102900044,238,1381,-1143
102900045,25,315,-290
102900046,83,236,-153
102900047,38,505,-467
102900048,250,532,-282
102900049,34,227,-193
102900050,151,272,-121
102900051,69,117,-48
102900052,7,6,1
102900053,168,487,-319
102900054,623,417,206
102900055,23,52,-29
102900056,67,283,-216
102900057,1,9,-8
102900058,140,28,112
102900059,5,23,-18
102900060,27,307,-280
102900061,24,325,-301
102900062,34,1118,-1084
102900063,281,318,-37
102900064,104,197,-93
102900065,997,584,413
102900066,178,16,162
102900068,39,58,-19
102900070,52,543,-491
102900072,8,9,-1
102900073,80,4,76
102900075,4,1,3
102900076,110,11,99
102900077,26,18,8
102900078,19,56,-37
102900079,75,8,67
102900080,140,28,112
102900081,44,141,-97
102900082,0,188,-188
102900083,138,3,135
102900084,1,6,-5
102900085,36,30,6
102900086,0,9,-9
102900087,10,82,-72
102900088,11,30,-19
102900089,124,60,64
102900090,0,276,-276
102900091,36,1,35
102900092,39,388,-349
102900093,118,109,9
102900094,1,20,-19
102900095,54,5,49
102900096,2,1,1
102900097,70,354,-284
102900098,36,4,32
103000001,1329,1765,-436
103000002,1045,1137,-92
103000003,1866,1672,194
103000004,601,404,197
103000005,1370,1295,75
103000006,406,774,-368
103000007,334,570,-236
103000008,579,791,-212
103000009,361,473,-112
103000010,122,87,35
103000011,1192,534,658
103000012,541,668,-127
103000013,4552,1096,3456
103000014,853,825,28
103000015,1709,605,1104
103000016,348,473,-125
103000017,69,157,-88
103000018,644,211,433
103000019,50,75,-25
103000020,980,905,75
103000021,674,758,-84
103000022,662,777,-115
103000023,287,644,-357
103000024,88,83,5
103000025,46,141,-95
103000026,1337,61,1276
103000027,201,148,53
103000028,480,206,274
103000029,410,84,326
103000030,1443,313,1130
103000031,934,622,312
103000032,1362,1152,210
103000033,2030,1560,470
103000034,1087,462,625
103000035,311,457,-146
103000036,288,244,44
103000037,591,266,325
103000038,399,562,-163
103000039,93,341,-248
103000040,119,941,-822
103000041,911,2191,-1280
103000042,431,473,-42
103000043,187,1006,-819
103000044,57,197,-140
103000046,142,220,-78
103000047,279,447,-168
103000048,62,66,-4
103000049,40,103,-63
103000050,250,353,-103
103000051,188,355,-167
103000052,590,326,264
103000053,87,265,-178
103000054,922,675,247
103000055,804,1051,-247
103000056,269,1615,-1346
103000057,305,174,131
103000058,179,665,-486
103000059,213,582,-369
103000060,517,572,-55
103000061,324,525,-201
103000062,464,565,-101
103000063,319,512,-193
103000064,80,216,-136
103000065,2,192,-190
103000066,17,3,14
103000069,47,323,-276
103000070,296,778,-482
103000071,339,225,114
103000072,37,820,-783
103000073,145,94,51
103000074,148,26,122
103000075,87,623,-536
103000076,92,68,24
103000077,27,217,-190
103000078,735,122,613
103000079,1024,222,802
103000080,580,101,479
103000081,248,349,-101
103000082,232,87,145
103000083,45,300,-255
103000084,89,3,86
103000085,1,58,-57
103000086,347,174,173
103000087,28,177,-149
103000088,151,217,-66
103000089,104,201,-97
103000090,794,796,-2
103000091,276,297,-21
103000092,114,216,-102
103000093,242,366,-124
103000094,67,68,-1
103000095,14,281,-267
103000096,404,61,343
103000097,26,534,-508
103000098,741,79,662
103000099,215,430,-215
103000100,18,526,-508
103000101,275,124,151
103000102,52,468,-416
103000103,194,131,63
103000104,11,111,-100
103000105,28,91,-63
103000106,3,75,-72
103000107,182,42,140
103000108,341,396,-55
103000109,224,244,-20
103000110,207,256,-49
103000111,262,222,40
103000112,171,162,9
103000113,244,413,-169
103000114,461,227,234
103000115,195,283,-88
103000116,199,335,-136
103000117,99,306,-207
103000118,683,700,-17
103000119,1423,704,719
103000120,33,62,-29
103000121,100,299,-199
103000122,124,114,10
103000125,3,441,-438
103000126,86,1,85
103000127,0,205,-205
103000128,35,0,35
103000129,2,124,-122
103000130,14,2,12
103000131,170,58,112
103000132,50,29,21
103000133,2,97,-95
103000134,424,251,173
103000135,496,151,345
103000136,466,172,294
103000137,348,343,5
103000138,614,442,172
103000139,3,38,-35
103000140,67,23,44
103000141,17,62,-45
103000142,104,47,57
103000143,28,144,-116
103000144,102,56,46
103000145,4,14,-10
103000150,28,28,0
103000152,103,179,-76
103000153,58,120,-62
103000156,1,360,-359
103000157,93,3,90
103000159,77,87,-10
103000162,29,4,25
103000163,2,4,-2
103000164,6,7,-1
103000165,131,295,-164
103000166,65,67,-2
103000167,75,116,-41
103000168,38,90,-52
103000169,66,118,-52
103000170,355,420,-65
103000171,21,53,-32
103000172,109,206,-97
103000173,137,560,-423
103000174,123,149,-26
103000175,103,391,-288
103000176,437,141,296
103000177,494,268,226
103000178,322,137,185
103000179,48,10,38
103000183,37,16,21
103000185,22,65,-43
103000186,37,96,-59
103000187,96,525,-429
103000188,8,61,-53
103000189,429,711,-282
103000191,405,443,-38
103000292,1949,306,1643
103000293,988,478,510
103000295,30,60,-30
103000296,39,0,39
103000297,41,2,39
103000504,93,9,84
103000505,1,5,-4
103000506,1,172,-171
103000507,53,2,51
103000508,13,11,2
103000509,88,343,-255
103900001,2,307,-305
103900002,1232,97,1135
103900003,1075,45,1030
103900004,5,3,2
103900005,1,155,-154
103900006,0,0,0
103900007,3,1,2
103900008,1,0,1
103900009,54,177,-123
103900010,88,147,-59
103900011,35,164,-129
103900012,1,2,-1
103900013,6,82,-76
103900014,16,10,6
103900015,28,6,22
103900016,101,291,-190
103900017,6,49,-43
103900018,589,111,478
103900019,48,76,-28
103900020,61,133,-72
103900021,640,23,617
103900022,411,455,-44
103900023,31,1,30
103900024,55,383,-328
103900025,3,32,-29
103900026,0,0,0
103900027,122,142,-20
103900028,10,144,-134
103900029,384,56,328
103900030,46,13,33
103900031,5,1,4
103900032,17,12,5
103900033,41,4,37
103900034,9,104,-95
103900035,22,54,-32
103900036,49,9,40
103900037,12,22,-10
103900038,40,41,-1
103900039,10,363,-353
103900040,3,224,-221
103900041,5,9,-4
103900042,9,400,-391
103900043,21,85,-64
103900044,159,65,94
103900045,95,126,-31
103900047,9,22,-13
103900048,22,17,5
103900049,78,631,-553
103900050,4,40,-36
103900051,0,27,-27
103900052,54,545,-491
103900053,30,906,-876
103900054,20,453,-433
103900055,116,145,-29
103900056,6,22,-16
103900057,5,213,-208
103900058,39,568,-529
103900059,0,3,-3
103900060,6,151,-145
103900061,40,50,-10
103900062,23,32,-9
103900063,0,0,0
103900064,16,1,15
103900065,537,141,396
103900066,14,3,11
103900067,15,4,11
103900068,0,0,0
103900069,7,0,7
103900070,52,133,-81
103900071,30,118,-88
103900072,4,288,-284
103900073,6,6,0
103900074,7,101,-94
103900075,52,86,-34
103900076,111,476,-365
103900077,38,34,4
103900078,36,108,-72
103900079,69,161,-92
103900080,2,18,-16
103900081,23,2,21
103900082,4,70,-66
103900083,1525,136,1389
103900084,4,46,-42
103900085,65,70,-5
103900086,70,164,-94
103900088,418,127,291
103900089,77,193,-116
103900090,0,123,-123
103900091,674,154,520
103900092,151,396,-245
103900093,78,335,-257
103900094,5,147,-142
103900095,104,148,-44
103900096,3,311,-308
103900097,5,458,-453
103900098,66,25,41
103900099,7,182,-175
103900100,36,228,-192
103900101,27,629,-602
103900102,0,18,-18
103900104,3,20,-17
103900105,84,95,-11
103900106,0,10,-10
103900107,9,114,-105
103900108,20,389,-369
103900109,10,41,-31
103900110,73,26,47
103900111,19,563,-544
103900112,6,36,-30
103900113,74,114,-40
103900114,390,230,160
103900115,126,59,67
103900116,4296,444,3852
103900117,151,108,43
103900119,16,18,-2
103900120,26,58,-32
103900122,7,310,-303
103900123,889,287,602
103900124,13,457,-444
103900125,42,56,-14
103900126,102,269,-167
103900127,57,600,-543
103900128,11,179,-168
103900131,6,100,-94
103900133,420,5,415
103900134,0,0,0
103900135,5,11,-6
103900137,0,19,-19
103900138,11,291,-280
103900139,106,503,-397
103900140,5,7,-2
103900141,134,75,59
103900142,32,106,-74
103900143,7,0,7
103900144,1,51,-50
103900145,110,228,-118
103900146,155,187,-32
103900147,117,73,44
103900148,58,155,-97
103900149,16,400,-384
103900150,4383,748,3635
103900151,9,72,-63
103900152,93,505,-412
103900153,0,0,0
103900154,950,399,551
103900155,3,142,-139
103900156,5,113,-108
103900157,6,125,-119
103900158,8,142,-134
103900159,10,42,-32
103900160,13,8,5
103900161,27,114,-87
103900162,77,135,-58
103900163,1,246,-245
103900167,2,41,-39
103900168,6,74,-68
103900169,4,24,-20
103900170,1,63,-62
103900171,2,64,-62
103900172,1,39,-38
103900173,5,7,-2
103900174,41,32,9
103900175,35,15,20
103900176,10,6,4
103900177,4,29,-25
103900178,3,30,-27
103900179,4,90,-86
103900180,5,108,-103
103900181,23,16,7
103900182,10,5,5
103900184,304,6,298
103900185,102,30,72
103900187,34,7,27
103900188,17,0,17
103900189,22,1,21
103900190,13,22,-9
103900191,21,23,-2
103900192,23,30,-7
103900193,61,61,0
103900194,23,183,-160
103900195,0,12,-12
103900196,5,14,-9
103900197,3,14,-11
103900198,4,30,-26
103900199,30,52,-22
103900200,49,110,-61
103900201,20,151,-131
103900202,1,38,-37
103900203,4,16,-12
103900204,1,116,-115
103900207,1,103,-102
103900208,14,2,12
103900209,14,78,-64
103900210,4,19,-15
103900211,130,445,-315
103900212,18,350,-332
103900213,18,133,-115
103900214,118,68,50
103900215,634,203,431
103900216,3,325,-322
103900217,130,20,110
103900218,1,134,-133
103900219,30,167,-137
103900233,29,0,29
103900235,11,23,-12
103900236,11,2,9
103900242,0,0,0
103900243,1,2,-1
103900244,8,253,-245
103900245,14,126,-112
103900246,32,13,19
103900247,9,94,-85
103900248,0,13,-13
103900249,5,11,-6
103900250,11,12,-1
103900251,0,27,-27
103900253,24,16,8
103900254,4,2,2
103900255,3,5,-2
103900256,7,8,-1
103900257,62,28,34
103900258,14,1,13
103900259,47,3,44
103900261,4,2,2
103900262,4,5,-1
103900263,20,11,9
103900264,19,2,17
103900265,17,0,17
103900266,0,16,-16
103900267,1,56,-55
103900268,4,86,-82
103900269,29,20,9
103900270,12,90,-78
103900271,27,155,-128
103900272,2,25,-23
103900273,0,5,-5
103900274,2,2,0
103900275,1,0,1
103900276,0,9,-9
103900277,0,3,-3
103900278,4,3,1
103900279,0,0,0
103900280,0,28,-28
104000001,1270,1473,-203
104000002,927,1803,-876
104000003,1322,1548,-226
104000004,2404,1741,663
104000005,609,1297,-688
104000006,1607,1893,-286
104000007,2177,2330,-153
104000008,249,479,-230
104000009,62,116,-54
104000010,71,136,-65
104000011,581,428,153
104000012,69,398,-329
104000013,55,93,-38
104000014,125,552,-427
104000015,125,141,-16
104000016,242,317,-75
104000018,295,99,196
104000019,171,82,89
104000020,124,704,-580
104000021,206,581,-375
104000022,68,264,-196
104000023,278,212,66
104000024,99,284,-185
104000026,20,219,-199
104000027,155,317,-162
104000028,188,234,-46
104000029,293,565,-272
104000030,80,209,-129
104000031,317,173,144
104000032,164,314,-150
104000033,199,230,-31
104000034,134,354,-220
104000035,264,326,-62
104000036,228,438,-210
104000037,123,248,-125
104000038,121,164,-43
104000039,85,404,-319
104000040,294,449,-155
104000041,243,253,-10
104000042,176,394,-218
104000043,156,282,-126
104000044,184,642,-458
104000045,455,947,-492
104000046,954,1168,-214
104000047,304,1078,-774
104000048,736,1752,-1016
104000049,204,270,-66
104000050,80,400,-320
104000051,46,579,-533
104000052,486,998,-512
104000053,402,494,-92
104000054,317,407,-90
104000055,2998,2271,727
104000056,1271,130,1141
104000057,42,365,-323
104000058,307,582,-275
104000059,195,733,-538
104000060,318,703,-385
104000061,797,929,-132
104000062,66,128,-62
104000064,589,151,438
104000065,86,239,-153
104000069,1006,435,571
104000070,35,195,-160
104000071,85,274,-189
104000072,582,143,439
104000075,18,135,-117
104000076,230,10,220
104000082,1436,1506,-70
104000083,415,130,285
104000084,44,268,-224
104000085,106,141,-35
104000086,95,272,-177
104000087,329,539,-210
104000090,354,1268,-914
104000092,370,1946,-1576
104000094,390,1541,-1151
104000095,853,969,-116
104000096,474,282,192
104000097,703,825,-122
104000098,689,1071,-382
104000100,554,454,100
104000101,682,1789,-1107
104000106,57,339,-282
104000107,297,408,-111
104000108,184,356,-172
104000109,141,28,113
104000110,534,619,-85
104000111,3553,866,2687
104000112,1518,336,1182
104000116,2,1111,-1109
104000117,46,703,-657
104000118,148,176,-28
104000119,237,164,73
104000120,94,737,-643
104000121,119,428,-309
104000122,234,557,-323
104000123,588,991,-403
104000124,1113,1881,-768
104000125,3440,1657,1783
104000126,106,309,-203
104000127,1202,3119,-1917
104000128,469,320,149
104000129,308,8,300
104000130,7,115,-108
104000131,795,518,277
104000132,452,874,-422
104000133,803,519,284
104000134,543,816,-273
104000135,323,513,-190
104000136,665,1028,-363
104000137,1384,129,1255
104000138,956,197,759
104000139,6841,2090,4751
104000141,1006,1391,-385
104000142,409,902,-493
104000143,262,719,-457
104000144,33,122,-89
104000145,219,72,147
104000146,277,404,-127
104000147,59,258,-199
104000148,99,71,28
104000149,172,326,-154
104000150,269,292,-23
104000151,165,520,-355
104000152,254,554,-300
104000153,106,266,-160
104000154,891,481,410
104000155,168,287,-119
104000157,910,1317,-407
104000158,102,135,-33
104000159,234,183,51
104000160,995,825,170
104000161,142,115,27
104000162,16,80,-64
104000165,932,588,344
104000167,293,296,-3
104000168,270,1,269
104000169,13,30,-17
104000170,773,167,606
104000248,83,585,-502
104000251,48,319,-271
104000272,0,0,0
104000273,0,0,0
104000274,0,0,0
104000275,0,0,0
104000279,454,367,87
104000290,27,282,-255
104000291,658,755,-97
104000293,339,543,-204
104000294,3,1,2
104000295,233,574,-341
104000296,236,540,-304
104000297,562,968,-406
104000298,1477,812,665
104000299,308,948,-640
104900001,71,275,-204
104900002,21,54,-33
104900003,22,310,-288
104900004,42,249,-207
104900005,88,158,-70
104900006,37,45,-8
104900007,62,141,-79
104900009,49,337,-288
104900010,7,10,-3
104900011,2,2,0
104900012,59,1,58
104900013,26,0,26
104900014,3304,224,3080
104900015,54,2,52
104900016,35,266,-231
104900017,6,126,-120
104900018,1,155,-154
104900019,237,612,-375
104900020,15,217,-202
104900021,1,194,-193
104900022,4,83,-79
104900023,1,67,-66
104900024,3,55,-52
104900025,30,330,-300
104900026,0,63,-63
104900027,125,104,21
104900028,9,80,-71
104900029,17,35,-18
104900030,193,90,103
104900031,105,123,-18
104900032,35,94,-59
104900033,23,80,-57
104900034,106,42,64
104900035,51,53,-2
104900036,38,35,3
104900037,59,151,-92
104900038,348,115,233
104900039,391,44,347
104900040,50,58,-8
104900041,30,66,-36
104900042,45,268,-223
104900043,5,7,-2
104900044,100,107,-7
104900045,102,27,75
104900046,28,68,-40
104900047,97,63,34
104900048,72,44,28
104900049,2,3,-1
104900050,35,19,16
104900051,31,15,16
104900052,9,0,9
104900053,119,19,100
104900054,22,7,15
104900055,4,0,4
104900056,68,10,58
104900057,3,0,3
104900058,85,35,50
104900059,9,18,-9
104900060,1,250,-249
104900061,175,524,-349
104900063,0,50,-50
104900064,0,57,-57
104900065,0,63,-63
104900066,2,91,-89
104900067,2,116,-114
104900068,3,174,-171
104900070,26,278,-252
104900071,2,530,-528
104900072,9,160,-151
104900073,6,194,-188
104900074,26,169,-143
104900075,13,62,-49
104900076,16,372,-356
104900077,660,32,628
104900078,56,714,-658
104900079,68,119,-51
104900080,11,525,-514
104900082,9,228,-219
104900085,2,225,-223
104900087,212,7,205
104900089,26,0,26
104900090,159,266,-107
104900091,302,641,-339
104900093,119,345,-226
104900097,2042,716,1326
104900098,27,29,-2
104900099,180,282,-102
104900100,569,80,489
104900102,11,148,-137
104900103,191,61,130
104900104,2054,547,1507
104900106,30,145,-115
104900107,21,235,-214
104900108,1,184,-183
104900109,47,29,18
104900110,3,22,-19
104900111,51,59,-8
104900112,68,729,-661
104900113,228,309,-81
104900114,132,509,-377
104900115,174,427,-253
104900116,57,279,-222
104900118,7,82,-75
104900119,0,25,-25
104900120,92,11,81
104900121,0,66,-66
104900122,1,39,-38
104900123,5,3,2
104900124,5,0,5
104900125,174,1,173
104900126,68,40,28
104900127,14,11,3
104900128,40,53,-13
104900129,1663,522,1141
105000001,1214,1206,8
105000002,1136,1366,-230
105000003,1485,2755,-1270
105000004,260,713,-453
105000005,299,659,-360
105000006,569,940,-371
105000007,486,792,-306
105000008,299,868,-569
105000009,566,1603,-1037
105000010,1932,1723,209
105000011,959,1098,-139
105000012,2487,2339,148
105000013,330,576,-246
105000014,628,1259,-631
105000015,3657,2447,1210
105000016,2047,1069,978
105000017,996,749,247
105000018,747,533,214
105000019,920,642,278
105000020,78,209,-131
105000021,151,99,52
105000022,48,15,33
105000023,187,151,36
105000028,36,156,-120
105000029,187,440,-253
105000030,2812,2504,308
105000033,765,1608,-843
105000034,46,297,-251
105000037,344,353,-9
105000038,804,606,198
105000039,2260,1175,1085
105000040,328,342,-14
105000041,238,985,-747
105000042,1084,650,434
105000043,1221,1446,-225
105000044,149,238,-89
105000045,122,600,-478
105000046,238,229,9
105000047,215,1117,-902
105000048,224,163,61
105000049,151,582,-431
105000050,241,232,9
105000051,157,455,-298
105000052,152,583,-431
105000053,82,164,-82
105000054,88,608,-520
105000055,139,303,-164
105000056,325,1657,-1332
105000057,594,826,-232
105000058,990,1107,-117
105000059,259,292,-33
105000060,313,453,-140
105000061,198,220,-22
105000062,650,824,-174
105000063,153,511,-358
105000064,280,336,-56
105000065,205,820,-615
105000066,440,1650,-1210
105000067,281,282,-1
105000068,400,699,-299
105000069,1730,377,1353
105000070,604,662,-58
105000071,150,265,-115
105000072,440,480,-40
105000073,328,252,76
105000074,519,778,-259
105000075,314,522,-208
105000076,886,847,39
105000077,1298,555,743
105000078,1006,690,316
105000079,1121,1084,37
105000080,872,481,391
105000081,476,421,55
105000082,346,262,84
105000083,413,321,92
105000084,289,797,-508
105000085,515,578,-63
105000086,302,605,-303
105000087,1476,1172,304
105000088,822,777,45
105000089,1780,1564,216
105000090,800,645,155
105000091,1586,1430,156
105000092,495,946,-451
105000093,224,186,38
105000094,146,113,33
105000095,68,294,-226
105000096,577,370,207
105000097,852,455,397
105000098,320,318,2
105000099,387,717,-330
105000100,492,880,-388
105000101,1063,1321,-258
105000102,513,1236,-723
105000103,628,1477,-849
105000104,569,749,-180
105000105,403,1128,-725
105000106,468,938,-470
105000107,397,606,-209
105000108,533,1223,-690
105000109,483,1098,-615
105000110,280,566,-286
105000111,276,383,-107
105000112,455,657,-202
105000113,120,281,-161
105000114,2552,586,1966
105000115,193,366,-173
105000116,198,231,-33
105000117,388,1041,-653
105000118,120,257,-137
105000119,238,887,-649
105000120,288,487,-199
105000121,408,762,-354
105000122,110,268,-158
105000123,670,1068,-398
105000124,717,642,75
105000125,407,1144,-737
105000126,987,1510,-523
105000127,1145,1249,-104
105000128,123,960,-837
105000129,310,208,102
105000130,36,427,-391
105000131,173,207,-34
105000132,273,218,55
105000133,144,760,-616
105000134,141,369,-228
105000135,213,494,-281
105000136,48,230,-182
105000137,159,140,19
105000138,164,290,-126
105000139,590,710,-120
105000140,127,265,-138
105000141,54,469,-415
105000142,46,261,-215
105000143,113,441,-328
105000144,146,421,-275
105000145,236,307,-71
105000146,303,449,-146
105000147,302,209,93
105000148,591,370,221
105000149,699,672,27
105000150,1234,841,393
105000151,149,170,-21
105000152,101,475,-374
105000153,304,191,113
105000154,508,647,-139
105000155,184,266,-82
105000156,513,581,-68
105000157,677,1131,-454
105000158,1101,552,549
105000159,190,752,-562
105000160,834,404,430
105000161,514,1321,-807
105000162,161,745,-584
105000163,786,802,-16
105000164,145,221,-76
105000165,963,1979,-1016
105000166,4739,158,4581
105000167,1788,710,1078
105000168,97,681,-584
105000169,136,359,-223
105000170,31,724,-693
105000171,585,213,372
105000172,30,30,0
105000173,25,12,13
105000174,16,12,4
105000175,66,104,-38
105000176,46,41,5
105000177,38,69,-31
105000178,50,413,-363
105000179,70,96,-26
105000180,25,68,-43
105000181,27,356,-329
105000182,16,78,-62
105000183,1661,847,814
105000184,836,363,473
105000185,589,285,304
105000186,214,588,-374
105000187,341,206,135
105000188,82,46,36
105000189,77,322,-245
105000190,49,171,-122
105000191,152,349,-197
105000192,37,59,-22
105000193,23,72,-49
105000194,68,20,48
105000195,157,943,-786
105000196,10,33,-23
105000197,84,614,-530
105000198,226,144,82
105000199,90,88,2
105000200,80,160,-80
105000201,62,15,47
105000203,18,215,-197
105000204,48,53,-5
105000205,52,169,-117
105000207,397,162,235
105000208,132,137,-5
105000209,100,302,-202
105000212,550,971,-421
105000213,135,81,54
105000214,42,100,-58
105000215,52,143,-91
105000216,35,248,-213
105000217,71,289,-218
105000218,277,624,-347
105000221,50,202,-152
105000222,38,38,0
105000223,45,147,-102
105000226,13,249,-236
105000227,3,125,-122
105000228,66,413,-347
105000229,33,175,-142
105000231,59,153,-94
105000233,265,371,-106
105000234,341,689,-348
105000235,80,308,-228
105000237,243,44,199
105000243,8,20,-12
105000248,60,18,42
105000262,142,1252,-1110
105000269,30,74,-44
105000270,122,89,33
105000271,1,199,-198
105000282,45,23,22
105000287,173,78,95
105000288,76,207,-131
105000289,408,457,-49
105000290,7,2,5
105000402,3173,754,2419
105000426,191,305,-114
105000438,244,289,-45
105000446,7421,2793,4628
105000447,4103,1716,2387
105000454,52,613,-561
105000455,267,157,110
105000474,9,2,7
105000477,64,231,-167
105000478,622,940,-318
105000479,83,80,3
105000480,729,997,-268
105000481,1053,1249,-196
105000482,2876,1805,1071
105000483,642,670,-28
105000484,1528,1825,-297
105000485,537,808,-271
105000486,1918,1344,574
105000488,1471,1548,-77
105000489,304,464,-160
105000549,7,95,-88
105000550,365,661,-296
105000551,9,42,-33
105000552,2305,1275,1030
105000555,474,380,94
105000556,6,10,-4
105000557,1,37,-36
105900001,1,361,-360
105900002,935,175,760
105900003,6,50,-44
105900004,244,69,175
105900005,4,131,-127
105900006,9,27,-18
105900007,6,5,1
105900008,19,572,-553
105900009,3,9,-6
105900011,29,41,-12
105900012,118,131,-13
105900013,0,12,-12
105900014,0,48,-48
105900015,43,234,-191
105900016,52,440,-388
105900017,249,31,218
105900018,141,187,-46
105900019,15,318,-303
105900020,13,34,-21
105900021,7,202,-195
105900022,74,209,-135
105900023,3,72,-69
105900024,2,111,-109
105900025,16,20,-4
105900026,84,21,63
105900027,2443,1127,1316
105900028,5,68,-63
105900029,1334,205,1129
105900030,71,171,-100
105900031,188,138,50
105900032,18,96,-78
105900033,11,87,-76
105900034,56,177,-121
105900035,71,75,-4
105900036,5,57,-52
105900037,33,44,-11
105900038,49,191,-142
105900039,24,94,-70
105900040,41,64,-23
105900041,65,234,-169
105900042,12,94,-82
105900043,1099,20,1079
105900044,4,77,-73
105900045,1,260,-259
105900046,2,102,-100
105900047,1,13,-12
105900048,63,249,-186
105900050,787,260,527
105900051,1,753,-752
105900052,135,19,116
105900053,2329,491,1838
105900054,135,131,4
105900056,654,83,571
105900057,8,115,-107
105900058,5,18,-13
105900059,0,13,-13
106000001,1580,681,899
106000002,1326,2209,-883
106000003,1879,1482,397
106000004,1661,1395,266
106000005,1184,2703,-1519
106000006,3789,2937,852
106000007,332,357,-25
106000008,233,207,26
106000009,297,233,64
106000010,300,370,-70
106000011,302,635,-333
106000012,471,1155,-684
106000013,828,1235,-407
106000014,1237,1271,-34
106000015,496,717,-221
106000016,578,1695,-1117
106000017,415,464,-49
106000018,312,508,-196
106000019,111,261,-150
106000020,90,391,-301
106000021,136,356,-220
106000022,187,342,-155
106000023,299,230,69
106000024,327,723,-396
106000025,77,147,-70
106000026,85,319,-234
106000027,378,691,-313
106000028,347,613,-266
106000029,472,1138,-666
106000030,546,163,383
106000034,68,361,-293
106000035,467,530,-63
106000036,207,205,2
106000037,815,1052,-237
106000038,209,43,166
106000039,93,20,73
106000040,86,423,-337
106000041,505,157,348
106000043,290,46,244
106000046,205,11,194
106000047,20,216,-196
106000049,212,86,126
106000050,139,561,-422
106000051,157,256,-99
106000052,31,452,-421
106000053,89,38,51
106000054,162,322,-160
106000055,356,424,-68
106000056,143,382,-239
106000057,123,94,29
106000058,95,142,-47
106000059,82,139,-57
106000060,281,498,-217
106000061,98,222,-124
106000062,126,445,-319
106000063,254,246,8
106000064,20,263,-243
106000065,96,44,52
106000066,36,287,-251
106000067,79,58,21
106000068,35,485,-450
106000069,78,48,30
106000070,181,567,-386
106000071,265,210,55
106000072,2924,788,2136
106000073,971,1025,-54
106000074,117,424,-307
106000075,157,533,-376
106000076,644,992,-348
106000077,1506,712,794
106000078,240,526,-286
106000079,253,605,-352
106000080,427,609,-182
106000081,291,535,-244
106000082,1342,723,619
106000083,212,712,-500
106000084,334,483,-149
106000085,793,689,104
106000086,365,419,-54
106000087,354,355,-1
106000088,219,510,-291
106000089,284,313,-29
106000090,139,448,-309
106000091,143,491,-348
106000092,343,147,196
106000093,93,61,32
106000094,46,301,-255
106000095,241,939,-698
106000096,380,522,-142
106000097,358,1187,-829
106000098,205,682,-477
106000099,111,617,-506
106000100,247,243,4
106000101,314,194,120
106000102,38,391,-353
106000103,98,546,-448
106000104,224,213,11
106000105,249,739,-490
106000106,208,299,-91
106000107,52,415,-363
106000108,87,249,-162
106000109,51,355,-304
106000110,76,183,-107
106000111,72,569,-497
106000112,65,197,-132
106000113,811,499,312
106000114,244,222,22
106000115,116,554,-438
106000116,88,171,-83
106000117,606,606,0
106000118,516,695,-179
106000119,1547,746,801
106000120,405,438,-33
106000121,63,144,-81
106000122,15,248,-233
106000123,87,232,-145
106000124,17,221,-204
106000125,16,279,-263
106000126,45,156,-111
106000127,223,820,-597
106000128,168,198,-30
106000129,169,559,-390
106000130,268,260,8
106000131,68,423,-355
106000132,641,160,481
106000133,3052,497,2555
106000134,439,390,49
106000135,133,666,-533
106000136,275,209,66
106000137,40,1337,-1297
106000138,353,27,326
106000139,13,69,-56
106000140,19,69,-50
106000141,11,129,-118
106000142,7,29,-22
106000143,27,131,-104
106000144,9,47,-38
106000145,56,323,-267
106000146,83,68,15
106000147,229,348,-119
106000148,469,442,27
106000149,267,246,21
106000150,244,1095,-851
106000151,2890,481,2409
106000152,1023,640,383
106000153,55,806,-751
106000154,1081,152,929
106000155,38,147,-109
106000156,249,167,82
106000157,256,1125,-869
106000158,2138,440,1698
106000159,3408,674,2734
106000160,87,886,-799
106000161,733,368,365
106000162,55,362,-307
106000163,88,410,-322
106000164,73,215,-142
106000165,70,470,-400
106000166,142,195,-53
106000167,94,1122,-1028
106000168,80,174,-94
106000169,45,625,-580
106000170,120,165,-45
106000171,29,638,-609
106000172,1352,460,892
106000173,443,1648,-1205
106000174,371,191,180
106000175,172,632,-460
106000176,413,353,60
106000177,335,1414,-1079
106000178,1822,885,937
106000179,680,1223,-543
106000180,528,1340,-812
106000181,181,1269,-1088
106000182,254,459,-205
106000183,241,698,-457
106000184,586,771,-185
106000185,439,496,-57
106000186,536,91,445
106000187,124,576,-452
106000188,0,1,-1
106000189,1,28,-27
106000190,4,1,3
106000191,409,122,287
106000192,0,18,-18
106000193,196,87,109
106000194,83,284,-201
106000195,61,39,22
106000196,13,179,-166
106000197,110,177,-67
106000198,51,208,-157
106000199,585,362,223
106000200,292,103,189
106000201,322,595,-273
106000202,4533,356,4177
106000203,135,88,47
106000204,16,3,13
106000205,8,107,-99
106000206,34,7,27
106000207,26,660,-634
106000208,293,37,256
106000209,386,121,265
106000210,118,913,-795
106000211,200,1147,-947
106000212,269,66,203
106000213,472,697,-225
106000214,1595,299,1296
106000215,97,350,-253
106000216,168,233,-65
106000217,133,387,-254
106000218,212,187,25
106000219,40,263,-223
106000220,213,173,40
106000221,47,204,-157
106000222,13,140,-127
106000223,23,115,-92
106000224,79,241,-162
106000225,35,37,-2
106000226,53,297,-244
106000228,8,91,-83
106000229,52,652,-600
106000231,180,63,117
106000232,36,278,-242
106000233,212,70,142
106000234,58,212,-154
106000235,56,25,31
106000236,20,36,-16
106000237,0,6,-6
106000238,1,5,-4
106000239,1,65,-64
106000240,5,0,5
106000241,16,445,-429
106000242,89,5,84
106000249,17,23,-6
106000250,11,248,-237
106000251,19,15,4
106000252,5,89,-84
106000253,6,36,-30
106000254,20,53,-33
106000255,3,72,-69
106000256,41,60,-19
106000257,40,193,-153
106000258,51,8,43
106000259,0,62,-62
106000260,3,3,0
106000261,1,43,-42
106000262,12,14,-2
106000263,1,75,-74
106000264,29,8,21
106000265,7,87,-80
106000266,49,7,42
106000267,5,72,-67
106000268,204,12,192
106000269,46,49,-3
106000270,94,288,-194
106000271,26,139,-113
106000272,66,36,30
106000273,6,95,-89
106000274,126,29,97
106000275,26,94,-68
106000276,68,47,21
106000277,60,95,-35
106000278,112,21,91
106000279,1,52,-51
106000280,8,94,-86
106000281,63,58,5
106000282,50,32,18
106000283,21,101,-80
106000284,22,72,-50
106000285,46,83,-37
106000286,34,86,-52
106000287,24,75,-51
106000288,22,112,-90
106000289,19,45,-26
106000290,37,77,-40
106000291,22,60,-38
106000292,31,138,-107
106000293,36,51,-15
106000294,45,115,-70
106000295,16,41,-25
106000296,49,75,-26
106000297,51,112,-61
106000298,78,34,44
106000299,62,63,-1
106000300,29,56,-27
106000301,33,59,-26
106000303,8,24,-16
106000304,25,24,1
106000305,18,12,6
106000306,42,48,-6
106000307,11,2,9
106000308,22,107,-85
106000309,4,44,-40
106000310,63,334,-271
106000311,142,67,75
106000312,32,138,-106
106000313,40,155,-115
106000318,105,121,-16
106000319,186,22,164
106000320,5,18,-13
106000321,165,25,140
106000322,34,152,-118
106000324,3,90,-87
106000325,514,563,-49
106000326,463,1372,-909
106000327,43,128,-85
106000328,5,50,-45
106000329,10,215,-205
106000330,31,36,-5
106000428,33,147,-114
106000429,88,419,-331
106000430,158,1250,-1092
106000431,333,250,83
106000432,794,1899,-1105
106000433,553,472,81
106000434,1280,489,791
106000435,1388,1740,-352
106000436,13,215,-202
106000437,65,20,45
106000438,198,67,131
106000439,78,306,-228
106000440,115,401,-286
106000441,0,1,-1
106000442,64,3,61
106000443,25,486,-461
106000450,4,89,-85
106000451,14,5,9
106000454,5,76,-71
106000455,8,96,-88
106000456,52,19,33
106000457,2,784,-782
106000458,90,108,-18
106000459,18,336,-318
106000460,201,23,178
106000461,12,1408,-1396
106000462,0,1,-1
106000463,1,14,-13
106000464,1,456,-455
106000465,76,0,76
106000466,1,457,-456
106000467,398,381,17
106000468,17,148,-131
106000469,164,3,161
106000470,114,794,-680
106000471,11,346,-335
106000472,33,3,30
106000473,9,22,-13
106000474,120,637,-517
106000475,130,87,43
106000476,126,90,36
106000477,7,141,-134
106000480,0,40,-40
106900001,0,6,-6
106900002,1,359,-358
106900003,141,463,-322
106900004,0,27,-27
106900006,0,10,-10
106900007,0,9,-9
106900008,53,212,-159
106900009,82,254,-172
106900010,54,230,-176
106900012,1165,519,646
106900013,81,16,65
106900014,9,2,7
106900015,5,0,5
106900016,35,0,35
106900017,0,0,0
106900018,3,0,3
106900019,10,1,9
106900020,1810,265,1545
106900021,6,20,-14
106900022,84,0,84
106900023,3,230,-227
106900024,87,1,86
106900025,26,342,-316
106900026,1,697,-696
106900027,86,2,84
107000001,1268,901,367
107000002,1717,2275,-558
107000003,2454,2916,-462
107000004,3798,4308,-510
107000005,1003,1954,-951
107000006,1917,4785,-2868
107000007,3093,2779,314
107000008,13902,8102,5800
107000009,2545,2640,-95
107000010,7019,8018,-999
107000011,610,895,-285
107000012,2770,2765,5
107000013,34,132,-98
107000014,8,198,-190
107000015,243,668,-425
107000016,191,984,-793
107000017,1078,464,614
107000018,3,133,-130
107000020,625,237,388
107000021,397,649,-252
107000022,444,926,-482
107000023,812,267,545
107000024,287,1465,-1178
107000025,59,321,-262
107000026,83,543,-460
107000027,749,526,223
107000028,692,1311,-619
107000029,669,771,-102
107000030,2237,2325,-88
107000031,1254,897,357
107000032,133,566,-433
107000033,3312,2453,859
107000034,3790,1399,2391
107000035,203,78,125
107000036,274,534,-260
107000037,43,429,-386
107000038,185,187,-2
107000039,292,284,8
107000040,66,233,-167
107000041,784,306,478
107000042,438,1067,-629
107000043,1985,480,1505
107000044,360,280,80
107000045,110,216,-106
107000046,241,198,43
107000047,205,648,-443
107000048,175,183,-8
107000049,300,433,-133
107000050,399,279,120
107000051,358,170,188
107000052,737,373,364
107000053,157,85,72
107000054,22,195,-173
107000055,217,112,105
107000056,344,589,-245
107000057,1293,153,1140
107000058,1004,1112,-108
107000059,1172,1862,-690
107000060,1890,2817,-927
107000061,3418,2434,984
107000062,1235,1661,-426
107000063,2213,4308,-2095
107000064,1455,1199,256
107000065,1940,4260,-2320
107000066,572,1019,-447
107000067,386,650,-264
107000068,923,409,514
107000069,336,277,59
107000070,134,2,132
107000071,607,11,596
107000072,15,2714,-2699
107000073,106,74,32
107000074,67,616,-549
107000075,388,78,310
107000076,519,1348,-829
107000077,937,211,726
107000078,968,2480,-1512
107000079,735,213,522
107000080,591,2315,-1724
107000081,447,251,196
107000082,250,2238,-1988
107000083,312,145,167
107000084,291,1871,-1580
107000085,1701,1991,-290
107000086,2555,1835,720
107000087,1406,1231,175
107000088,1604,2194,-590
107000089,913,1114,-201
107000090,532,723,-191
107000091,646,819,-173
107000092,409,752,-343
107000093,392,552,-160
107000094,588,1083,-495
107000095,260,517,-257
107000096,390,701,-311
107000097,234,234,0
107000098,186,679,-493
107000099,223,173,50
107000100,178,299,-121
107000101,29,80,-51
107000102,275,364,-89
107000103,214,103,111
107000104,170,230,-60
107000105,137,106,31
107000106,76,221,-145
107000107,201,127,74
107000108,76,719,-643
107000109,174,37,137
107000110,28,375,-347
107000111,43,15,28
107000112,14,285,-271
107000113,148,29,119
107000114,30,578,-548
107000115,91,44,47
107000116,39,766,-727
107000117,125,116,9
107000118,90,180,-90
107000119,1300,499,801
107000120,1925,247,1678
107000121,176,442,-266
107000122,539,578,-39
107000123,85,597,-512
107000124,181,562,-381
107000125,186,682,-496
107000126,331,773,-442
107000129,68,802,-734
107000130,103,124,-21
107000131,168,564,-396
107000132,187,173,14
107000133,310,71,239
107000134,66,1,65
107000135,4,162,-158
107000136,193,3,190
107000137,16,209,-193
107000138,116,9,107
107000139,7,212,-205
107000140,272,12,260
107000141,65,477,-412
107000142,186,31,155
107000143,19,604,-585
107000144,125,126,-1
107000145,63,448,-385
107000146,108,62,46
107000147,3069,684,2385
107000150,677,707,-30
107000151,18,24,-6
107000152,310,255,55
107000153,269,157,112
107000154,116,36,80
107000155,214,4,210
107000156,324,2,322
107000157,12,2108,-2096
107000158,263,3,260
107000159,22,1218,-1196
107000160,207,46,161
107000161,31,1736,-1705
107000162,77,119,-42
107000163,13,0,13
107000164,50,0,50
107000165,166,1,165
107000166,20,1110,-1090
107000167,152,163,-11
107000168,321,158,163
107000169,631,870,-239
107000170,397,275,122
107000171,272,2281,-2009
107000172,405,350,55
107000173,629,887,-258
107000174,658,969,-311
107000175,8190,1038,7152
107000176,0,0,0
107000177,0,0,0
107000178,4,33,-29
107000179,123,2632,-2509
107000180,436,246,190
107000181,113,1030,-917
107000182,423,468,-45
107000183,91,785,-694
107000184,293,510,-217
107000185,94,999,-905
107000186,148,182,-34
107000187,579,717,-138
107000188,254,247,7
107000189,157,545,-388
107000190,226,445,-219
107000191,309,881,-572
107000192,621,677,-56
107000193,180,208,-28
107000194,515,509,6
107000197,231,130,101
107000198,93,572,-479
107000199,437,521,-84
107000200,682,308,374
107000201,220,172,48
107000202,164,404,-240
107000203,378,307,71
107000204,400,479,-79
107000205,1935,644,1291
107000206,479,417,62
107000207,502,481,21
107000208,837,133,704
107000209,1305,263,1042
107000210,1020,124,896
107000211,4,17,-13
107000212,7,117,-110
107000213,14,15,-1
107000214,13,74,-61
107000215,107,324,-217
107000216,64,301,-237
107000217,21,114,-93
107000219,43,96,-53
107000220,29,299,-270
107000222,175,476,-301
107000224,192,13,179
107000225,83,488,-405
107000226,119,47,72
107000227,37,366,-329
107000228,50,117,-67
107000229,115,64,51
107000230,655,329,326
107000231,508,214,294
107000232,32,51,-19
107000233,296,132,164
107000234,1,15,-14
107000235,14,1,13
107000236,16,223,-207
107000237,0,0,0
107000238,7,1,6
107000239,4312,204,4108
107000240,30,973,-943
107000243,1,25,-24
107000244,11,72,-61
107000246,3,924,-921
107000249,2,574,-572
107000251,0,250,-250
107000252,1,1174,-1173
107000255,419,52,367
107000257,3,531,-528
107000258,0,90,-90
107000259,3,172,-169
107000260,145,0,145
107000262,5,645,-640
107000263,37,2,35
107000266,3,2,1
107000267,14,147,-133
107000268,104,149,-45
107000269,83,41,42
107000270,0,4,-4
107000271,3,858,-855
107000272,8,198,-190
107000273,0,193,-193
107000274,155,115,40
107000275,3,413,-410
107000280,138,8,130
107000281,10,931,-921
107000282,3,1238,-1235
107000290,2,54,-52
107000291,4,5,-1
107000292,0,23,-23
107000293,31,1,30
107000294,1,34,-33
107000295,34,3,31
107000296,0,7,-7
107000444,48,2,46
107000496,1,30,-29
107000497,758,2606,-1848
107000500,158,248,-90
107000501,25,124,-99
107000502,70,346,-276
107000505,445,520,-75
107000506,0,4,-4
107000508,1,569,-568
107000509,89,328,-239
107000510,13,11,2
107000514,3,156,-153
107000515,10,245,-235
107000516,104,126,-22
107000518,217,166,51
107000519,2532,823,1709
107000520,17,1,16
107000521,191,327,-136
107000522,221,505,-284
107900001,18,158,-140
107900002,13,0,13
107900003,28,2,26
107900004,3,0,3
107900005,144,1,143
107900006,19,0,19
107900007,49,14,35
107900008,19,25,-6
107900009,27,0,27
107900010,11,2,9
107900012,107,2,105
107900013,96,44,52
107900014,3,1,2
107900015,161,1,160
107900016,262,76,186
107900017,8,1,7
107900018,15,23,-8
107900019,3,52,-49
107900020,27,6,21
107900021,4,104,-100
107900023,1,1,0
107900024,0,38,-38
107900025,145,239,-94
107900026,19,87,-68
107900027,2,27,-25
107900028,10,76,-66
107900030,53,0,53
107900031,22,138,-116
107900032,6,0,6
107900033,5,3,2
107900034,67,7,60
107900035,181,6,175
107900036,10,4,6
107900037,0,53,-53
107900038,78,56,22
107900039,11,44,-33
107900040,59,18,41
107900041,0,0,0
107900043,15,54,-39
107900044,1,1,0
107900045,14,9,5
107900046,43,18,25
107900047,13,68,-55
107900048,31,2,29
107900049,125,149,-24
107900050,45,187,-142
107900051,31,58,-27
107900052,2,5,-3
107900053,7,47,-40
107900055,127,56,71
107900056,21,4,17
107900057,1,0,1
107900058,6,512,-506
107900060,5,23,-18
107900061,8,2,6
107900063,46,104,-58
107900064,137,18,119
107900065,31,1,30
107900066,1,1,0
107900067,0,0,0
107900068,65,178,-113
107900069,42,237,-195
107900070,12,6,6
107900071,4,723,-719
107900072,35,137,-102
107900073,6,72,-66
107900074,628,75,553
107900076,41,33,8
107900077,31,3,28
107900079,8,5,3
107900080,66,105,-39
107900081,1,59,-58
107900082,18,16,2
107900083,97,47,50
107900084,23,52,-29
107900086,27,51,-24
107900087,157,12,145
107900088,3,1,2
107900089,186,480,-294
107900090,177,281,-104
107900091,77,294,-217
107900092,0,0,0
107900093,33,38,-5
107900095,1953,497,1456
107900097,6,14,-8
107900098,12,73,-61
107900100,594,281,313
107900101,701,69,632
107900102,8,0,8
107900103,14,115,-101
107900104,42,1,41
107900105,0,423,-423
107900106,3,1271,-1268
107900107,795,63,732
107900108,148,40,108
107900109,172,1,171
107900110,2,60,-58
107900111,4,893,-889
107900112,37,131,-94
107900113,28,62,-34
107900114,51,177,-126
107900115,1,35,-34
107900116,18,132,-114
107900117,126,246,-120
107900118,24,87,-63
107900119,14,19,-5
107900120,9,5,4
107900121,0,70,-70
107900122,4,66,-62
107900123,1,2,-1
107900124,4,14,-10
107900125,4,119,-115
107900126,0,14,-14
107900127,309,28,281
107900128,67,21,46
107900129,10,22,-12
107900130,10,12,-2
107900131,79,26,53
107900132,43,289,-246
107900133,4,55,-51
107900134,2,4,-2
107900135,2,117,-115
107900136,26,11,15
107900137,36,32,4
107900138,4,21,-17
107900139,6,18,-12
107900141,83,5,78
107900142,14,695,-681
107900143,23,12,11
107900144,0,102,-102
107900145,4,51,-47
107900146,29,69,-40
107900147,5,14,-9
107900148,66,116,-50
107900149,1397,58,1339
107900150,32,495,-463
107900151,0,73,-73
107900152,6,171,-165
107900153,53,77,-24
107900154,2,6,-4
107900155,10,14,-4
107900156,0,303,-303
107900157,17,67,-50
107900158,194,4,190
107900159,28,853,-825
107900160,21,105,-84
107900161,6,162,-156
107900162,0,73,-73
107900163,6,8,-2
107900164,3,10,-7
107900165,20,44,-24
107900166,14,188,-174
107900167,11,11,0
107900168,6,42,-36
107900169,1,188,-187
107900171,10,1279,-1269
107900172,2,252,-250
107900173,3,139,-136
107900174,13,3,10
107900175,1,6,-5
107900176,6,30,-24
107900177,0,58,-58
107900178,0,199,-199
107900179,5,86,-81
107900180,722,100,622
107900181,178,330,-152
107900182,5,1171,-1166
107900183,0,277,-277
107900184,17,174,-157
107900185,13,1,12
107900186,7,26,-19
107900187,0,98,-98
107900188,502,29,473
107900189,4,99,-95
107900190,117,22,95
107900191,9,104,-95
107900193,1,24,-23
107900194,31,1,30
107900195,2852,205,2647
107900196,9,31,-22
107900197,230,26,204
107900199,0,818,-818
107900201,47,89,-42
107900203,12,40,-28
107900204,169,138,31
107900206,100,131,-31
107900207,2,492,-490
107900208,6,734,-728
107900209,259,62,197
107900210,39,86,-47
107900213,138,213,-75
107900214,0,118,-118
107900215,86,174,-88
107900216,16,28,-12
107900217,10,33,-23
107900218,3,1073,-1070
107900219,1,115,-114
107900220,115,23,92
107900221,85,131,-46
107900223,30,378,-348
107900224,109,188,-79
107900225,3,576,-573
107900226,18,63,-45
107900227,63,364,-301
107900228,1,53,-52
107900229,1,208,-207
107900230,0,79,-79
107900231,1,153,-152
107900232,17,193,-176
107900233,5,83,-78
107900234,19,126,-107
107900235,31,69,-38
107900236,31,88,-57
107900237,71,354,-283
107900238,8,75,-67
107900239,852,210,642
107900240,6,97,-91
107900241,10,59,-49
107900242,2,294,-292
107900243,0,31,-31
107900244,87,0,87
107900245,80,13,67
107900246,20,8,12
107900248,91,393,-302
107900249,113,7,106
107900250,0,346,-346
107900251,19,760,-741
107900252,99,4,95
107900253,24,1,23
107900254,21,42,-21
107900255,296,17,279
107900256,120,341,-221
107900257,27,10,17
107900258,16,164,-148
107900259,64,317,-253
107900261,1,341,-340
107900262,24,91,-67
107900264,24,0,24
107900265,25,132,-107
107900267,18,5,13
107900268,59,2,57
107900269,0,9,-9
107900270,0,0,0
107900271,2,1,1
107900272,97,17,80
107900273,3,68,-65
107900274,15,0,15
107900275,5,0,5
107900276,0,45,-45
107900277,0,233,-233
107900278,58,233,-175
107900279,158,44,114
107900280,1233,448,785
107900281,2420,475,1945
107900282,26,103,-77
107900283,1090,223,867
107900284,49,607,-558
107900285,30,79,-49
107900286,85,29,56
107900287,44,42,2
107900290,0,52,-52
107900291,106,1,105
107900292,72,210,-138
107900293,22,363,-341
107900295,13,96,-83
107900297,0,162,-162
107900298,409,533,-124
107900299,2806,704,2102
107900300,5,48,-43
107900301,202,102,100
107900302,46,6,40
107900303,20,182,-162
107900304,60,399,-339
107900305,90,3,87
107900306,3,6,-3
107900307,26,241,-215
107900308,90,19,71
107900309,3,1,2
107900310,0,0,0
107900311,50,23,27
107900312,0,0,0
107900313,2,44,-42
107900314,0,26,-26
107900315,0,35,-35
107900316,9,1,8
107900317,13,1,12
107900318,0,74,-74
107900319,1,168,-167
107900320,3,136,-133
107900321,26,2,24
107900322,0,197,-197
107900323,1,91,-90
107900324,44,1,43
107900325,20,0,20
107900326,79,239,-160
107900327,0,0,0
107900328,0,0,0
107900329,0,0,0
107900330,0,251,-251
107900331,40,17,23
107900332,36,20,16
107900333,13,10,3
107900334,2,142,-140
107900335,21,35,-14
107900336,3,16,-13
107900337,873,263,610
107900338,0,67,-67
107900339,0,10,-10
107900340,1,28,-27
107900341,16,1,15
107900342,52,39,13
107900343,5,0,5
107900344,0,52,-52
107900345,25,16,9
107900346,2,0,2
107900347,1,1,0
107900348,0,0,0
107900349,3,1,2
107900350,31,194,-163
107900351,0,215,-215
107900352,1,68,-67
107900353,8,8,0
107900354,0,52,-52
108000001,1677,1606,71
108000002,1885,2616,-731
108000003,1653,851,802
108000004,12447,11011,1436
108000005,2170,1536,634
108000006,2678,3901,-1223
108000007,2329,2096,233
108000008,3365,4318,-953
108000009,1164,1663,-499
108000010,1392,3812,-2420
108000011,5692,4051,1641
108000012,12317,11288,1029
108000014,211,259,-48
108000015,235,195,40
108000016,110,431,-321
108000017,336,218,118
108000018,503,269,234
108000019,594,346,248
108000020,464,238,226
108000021,285,1185,-900
108000022,332,1031,-699
108000023,444,88,356
108000024,69,572,-503
108000025,52,131,-79
108000026,131,477,-346
108000027,122,434,-312
108000028,105,224,-119
108000029,142,730,-588
108000030,100,167,-67
108000031,78,479,-401
108000032,401,259,142
108000033,267,957,-690
108000034,491,183,308
108000035,442,1931,-1489
108000036,196,1243,-1047
108000037,577,185,392
108000038,792,147,645
108000039,258,1775,-1517
108000040,540,241,299
108000041,417,2016,-1599
108000042,63,196,-133
108000043,114,205,-91
108000044,98,111,-13
108000045,63,542,-479
108000046,519,127,392
108000047,180,800,-620
108000048,71,379,-308
108000049,167,89,78
108000050,70,479,-409
108000051,55,42,13
108000052,196,523,-327
108000053,89,53,36
108000054,289,648,-359
108000055,454,172,282
108000056,743,704,39
108000057,269,337,-68
108000058,1212,1057,155
108000059,2629,1160,1469
108000060,52,225,-173
108000061,183,425,-242
108000062,184,160,24
108000063,141,507,-366
108000064,39,152,-113
108000065,230,402,-172
108000066,820,404,416
108000067,527,210,317
108000068,243,176,67
108000069,113,932,-819
108000070,535,317,218
108000071,296,1360,-1064
108000072,439,495,-56
108000073,809,1384,-575
108000074,165,218,-53
108000075,134,555,-421
108000076,295,197,98
108000077,384,723,-339
108000078,736,619,117
108000079,696,1467,-771
108000080,432,252,180
108000081,246,2249,-2003
108000082,706,1047,-341
108000083,936,387,549
108000084,175,802,-627
108000085,140,113,27
108000086,446,528,-82
108000087,56,628,-572
108000088,151,48,103
108000089,105,146,-41
108000090,77,28,49
108000091,95,481,-386
108000092,48,38,10
108000093,49,680,-631
108000094,168,72,96
108000095,42,419,-377
108000096,81,88,-7
108000097,41,482,-441
108000098,351,978,-627
108000099,227,155,72
108000100,36,218,-182
108000101,377,484,-107
108000102,546,899,-353
108000106,348,0,348
108000107,0,446,-446
108000108,160,12,148
108000109,1,570,-569
108000110,48,131,-83
108000111,75,470,-395
108000112,42,59,-17
108000113,410,177,233
108000115,317,230,87
108000117,512,143,369
108000118,173,260,-87
108000119,518,315,203
108000120,66,299,-233
108000121,90,426,-336
108000122,130,173,-43
108000123,176,252,-76
108000124,91,430,-339
108000125,42,366,-324
108000126,49,555,-506
108000127,102,350,-248
108000128,138,678,-540
108000129,84,1165,-1081
108000130,56,260,-204
108000131,259,80,179
108000132,757,780,-23
108000133,251,208,43
108000134,397,667,-270
108000135,241,173,68
108000136,547,836,-289
108000137,73,258,-185
108000138,109,786,-677
108000139,51,258,-207
108000140,16,21,-5
108000141,7,105,-98
108000142,11,68,-57
108000143,18,220,-202
108000144,44,38,6
108000145,16,7,9
108000146,69,16,53
108000147,13,25,-12
108000148,49,29,20
108000149,3,24,-21
108000150,4,2,2
108000151,65,24,41
108000152,37,523,-486
108000153,67,65,2
108000154,19,6,13
108000155,7,9,-2
108000156,351,154,197
108000157,47,166,-119
108000158,46,226,-180
108000159,500,91,409
108000160,3863,395,3468
108000161,3290,560,2730
108000165,1,40,-39
108000172,1,101,-100
108000173,1794,612,1182
108000175,112,54,58
108000178,357,237,120
108000179,120,282,-162
108000181,28,42,-14
108000182,140,32,108
108000183,9,136,-127
108000184,768,731,37
108000185,47,538,-491
108000186,60,229,-169
108000187,15,652,-637
108000188,88,162,-74
108000189,681,866,-185
108000190,22,47,-25
108000192,36,518,-482
108000193,402,12,390
108000194,8,0,8
108000195,4,793,-789
108000196,36,69,-33
108000198,163,264,-101
108000199,3,96,-93
108000200,96,405,-309
108000203,32,782,-750
108000204,39,20,19
108000205,397,380,17
108000339,1000,178,822
108000364,203,184,19
108000365,27,314,-287
108000367,78,145,-67
108000368,5,30,-25
108000369,1120,71,1049
108000371,4,425,-421
108000372,107,2,105
108000373,65,136,-71
108000376,36,5,31
108000377,169,233,-64
108000378,6250,4159,2091
108000379,12,95,-83
108000381,13,4,9
108000382,53,0,53
108000383,0,64,-64
108900001,127,905,-778
108900002,105,27,78
108900003,243,775,-532
108900004,1773,166,1607
108900005,4,23,-19
108900006,126,55,71
108900007,29,68,-39
108900008,29,90,-61
108900009,11,70,-59
108900010,30,95,-65
108900011,87,245,-158
108900012,53,353,-300
108900013,19,180,-161
108900014,2,32,-30
108900015,0,8,-8
108900016,0,122,-122
108900017,63,115,-52
108900018,28,445,-417
108900019,10,836,-826
108900020,21,235,-214
108900021,49,190,-141
108900022,4,1,3
108900023,0,15,-15
108900024,2,157,-155
108900025,21,95,-74
108900026,5,52,-47
108900027,0,91,-91
108900028,14,420,-406
108900029,9,225,-216
108900030,0,94,-94
108900031,11,554,-543
108900032,3,209,-206
108900033,0,59,-59
108900034,0,194,-194
108900035,97,1721,-1624
108900036,56,132,-76
108900037,5,155,-150
108900038,0,299,-299
108900039,0,393,-393
108900040,0,50,-50
108900041,4299,990,3309
108900042,5,157,-152
108900043,10,337,-327
108900044,4,653,-649
108900045,11,511,-500
108900046,40,920,-880
108900047,1,70,-69
108900048,31,692,-661
108900049,3838,354,3484
108900050,2,241,-239
108900051,0,110,-110
108900052,1,179,-178
108900053,36,55,-19
108900054,25,154,-129
108900055,26,372,-346
108900056,0,144,-144
108900057,0,136,-136
108900058,7,386,-379
108900059,70,13,57
108900060,15,22,-7
108900061,27,20,7
108900062,2,283,-281
108900063,2,318,-316
108900064,45,54,-9
108900065,6,277,-271
108900066,72,51,21
108900067,10,218,-208
108900068,0,158,-158
108900069,10,58,-48
108900070,24,147,-123
108900071,12,26,-14
108900072,1686,122,1564
108900073,9,419,-410
108900074,18,372,-354
108900075,31,58,-27
108900076,67,24,43
108900077,97,522,-425
108900078,3,151,-148
108900079,543,127,416
108900080,6,182,-176
108900081,37,160,-123
108900082,26,65,-39
108900083,4,86,-82
108900084,108,32,76
108900085,1567,70,1497
108900086,10,269,-259
108900087,81,115,-34
108900088,243,164,79
108900089,5,56,-51
108900090,5,354,-349
108900091,105,57,48
108900092,92,94,-2
108900093,18,23,-5
108900094,60,20,40
108900095,47,497,-450
108900096,381,13,368
108900097,89,113,-24
108900098,2274,147,2127
108900099,131,235,-104
108900100,18,98,-80
108900101,38,33,5
108900102,44,280,-236
108900103,17,30,-13
108900104,75,81,-6
108900105,7,257,-250
108900106,114,441,-327
108900108,52,21,31
108900109,68,21,47
108900110,28,361,-333
108900111,49,538,-489
108900112,20,2,18
108900113,14,5,9
108900114,11,4,7
108900115,31,27,4
108900116,5,4,1
108900117,14,6,8
108900118,100,2,98
108900119,27,11,16
108900120,72,54,18
108900121,71,7,64
108900122,15,22,-7
108900123,38,15,23
108900124,99,39,60
108900125,88,0,88
108900126,31,5,26
108900127,54,22,32
108900128,11,0,11
108900129,189,18,171
108900130,34,0,34
108900131,92,0,92
108900132,133,41,92
108900133,37,12,25
108900134,52,189,-137
108900135,22,1,21
108900136,4,0,4
108900137,8,0,8
108900138,144,9,135
108900139,37,26,11
108900140,67,149,-82
108900141,52,12,40
108900142,20,0,20
108900143,0,0,0
108900144,11,0,11
108900145,20,2,18
108900146,4,0,4
108900147,22,0,22
108900148,39,20,19
108900149,86,81,5
108900150,122,0,122
108900151,1,1,0
108900152,3,6,-3
108900153,18,406,-388
108900154,1238,120,1118
108900155,31,19,12
108900156,8,4,4
108900157,6,550,-544
108900158,51,17,34
108900159,3,265,-262
108900160,6,181,-175
108900161,5,385,-380
108900162,18,0,18
108900163,0,74,-74
108900164,14,74,-60
108900165,56,11,45
108900167,388,439,-51
108900168,8307,851,7456
108900169,11,56,-45
108900171,3644,552,3092
108900172,66,11,55
108900173,106,184,-78
108900174,112,219,-107
108900176,61,486,-425
108900177,6271,798,5473
108900178,3840,570,3270
108900179,83,153,-70
108900180,40,41,-1
108900182,2,38,-36
108900183,115,162,-47
108900184,75,85,-10
108900185,20,218,-198
108900186,4,222,-218
108900187,33,13,20
108900188,32,8,24
108900189,72,41,31
108900190,11,2234,-2223
108900191,41,4,37
108900192,22,232,-210
108900193,7,7,0
108900194,2,109,-107
108900195,15,228,-213
108900196,0,392,-392
108900198,1,181,-180
108900199,42,218,-176
108900200,133,186,-53
108900201,68,721,-653
108900203,85,6,79
108900204,76,0,76
108900205,73,3,70
108900206,55,6,49
108900207,41,16,25
108900208,20,229,-209
108900209,149,395,-246
108900210,50,123,-73
108900211,80,114,-34
108900212,360,431,-71
108900215,39,492,-453
108900216,163,24,139
108900217,24,0,24
108900218,38,2,36
108900219,12,0,12
108900220,5,3,2
108900221,16,23,-7
108900222,10,1,9
108900223,0,14,-14
108900224,12,48,-36
108900225,0,74,-74
108900227,13,33,-20
108900230,288,213,75
108900231,14,79,-65
108900232,4,244,-240
108900233,73,14,59
108900234,115,12,103
108900235,104,489,-385
108900236,6,248,-242
108900237,4,93,-89
108900240,12,29,-17
108900241,6,3,3
108900245,0,240,-240
108900249,16,2,14
108900250,42,48,-6
108900257,7,171,-164
108900258,5,214,-209
108900259,15,55,-40
108900260,8,85,-77
108900261,115,70,45
108900262,259,51,208
108900263,16,227,-211
108900264,187,132,55
108900265,895,116,779
108900266,811,117,694
108900267,6,37,-31
108900268,4,1,3
108900269,9,3,6
108900270,27,1,26
108900271,2,2,0
108900272,10,1,9
108900273,691,154,537
108900274,3,14,-11
109000001,1787,672,1115
109000002,2578,953,1625
109000003,1046,356,690
109000004,329,2287,-1958
109000005,804,508,296
109000006,459,1580,-1121
109000007,479,357,122
109000008,268,1594,-1326
109000009,1585,590,995
109000010,948,2983,-2035
109000011,1166,848,318
109000012,1184,3245,-2061
109000013,1302,917,385
109000014,896,2997,-2101
109000015,1718,2042,-324
109000016,7338,3078,4260
109000017,974,642,332
109000018,457,2660,-2203
109000019,1395,641,754
109000020,895,1724,-829
109000023,104,4,100
109000024,1,122,-121
109000025,220,161,59
109000026,425,200,225
109000027,47,165,-118
109000028,86,50,36
109000029,92,56,36
109000030,39,366,-327
109000031,27,47,-20
109000032,40,316,-276
109000033,62,40,22
109000034,43,11,32
109000035,16,32,-16
109000036,53,277,-224
109000037,93,379,-286
109000038,327,192,135
109000039,334,151,183
109000040,3447,1565,1882
109000041,3989,598,3391
109000042,573,596,-23
109000044,104,43,61
109000045,39,410,-371
109000046,79,47,32
109000047,28,311,-283
109000048,347,44,303
109000049,111,324,-213
109000050,151,75,76
109000051,180,209,-29
109000052,265,1354,-1089
109000053,46,50,-4
109000054,71,443,-372
109000055,35,126,-91
109000056,77,450,-373
109000057,80,124,-44
109000058,661,148,513
109000059,293,763,-470
109000060,247,95,152
109000061,1211,246,965
109000062,72,101,-29
109000063,89,143,-54
109000064,37,88,-51
109000065,47,280,-233
109000066,58,78,-20
109000067,41,297,-256
109000068,99,1,98
109000069,214,7,207
109000070,3,584,-581
109000071,118,52,66
109000072,43,256,-213
109000073,12,30,-18
109000074,19,175,-156
109000075,37,344,-307
109000076,67,79,-12
109000077,208,175,33
109000078,16,88,-72
109000079,85,230,-145
109000080,45,121,-76
109000081,22,430,-408
109000082,119,259,-140
109000083,94,680,-586
109000088,46,304,-258
109000089,51,18,33
109000090,150,388,-238
109000091,142,33,109
109000092,237,444,-207
109000093,93,22,71
109000094,75,0,75
109000095,49,611,-562
109000096,151,66,85
109000097,46,71,-25
109000098,24,23,1
109000099,296,218,78
109000100,94,388,-294
109000101,334,517,-183
109000102,151,705,-554
109000103,126,429,-303
109000104,539,391,148
109000105,183,1240,-1057
109000106,654,370,284
109000107,200,1403,-1203
109000108,529,250,279
109000109,280,1452,-1172
109000110,433,215,218
109000111,540,1901,-1361
109000112,217,111,106
109000113,98,168,-70
109000114,70,418,-348
109000115,576,64,512
109000116,1,164,-163
109000117,36,43,-7
109000118,0,262,-262
109000119,232,196,36
109000120,33,980,-947
109000121,76,42,34
109000122,28,923,-895
109000123,10,58,-48
109000124,193,280,-87
109000125,225,250,-25
109000126,167,709,-542
109000127,254,118,136
109000128,210,1939,-1729
109000129,596,175,421
109000130,398,2054,-1656
109000131,347,154,193
109000132,411,1092,-681
109000133,227,686,-459
109000134,314,1138,-824
109000135,500,864,-364
109000136,92,327,-235
109000137,85,137,-52
109000138,140,378,-238
109000139,140,310,-170
109000140,30,394,-364
109000141,111,403,-292
109000142,48,381,-333
109000143,48,23,25
109000145,47,70,-23
109000146,60,38,22
109000148,2949,396,2553
109000149,13,19,-6
109000150,47,133,-86
109000155,116,380,-264
109000156,603,728,-125
109000158,4,197,-193
109000159,23,435,-412
109000160,233,221,12
109000161,153,1067,-914
109000162,693,724,-31
109000163,349,1264,-915
109000164,416,1807,-1391
109000165,411,580,-169
109000166,151,86,65
109000167,58,672,-614
109000170,21,38,-17
109000171,47,37,10
109000172,38,33,5
109000173,12,29,-17
109000174,20,47,-27
109000175,24,100,-76
109000176,98,279,-181
109000177,17,125,-108
109000178,146,224,-78
109000179,5249,1324,3925
109000180,3552,2173,1379
109000181,9,28,-19
109000182,9,54,-45
109000183,10,40,-30
109000184,16,23,-7
109000185,5,63,-58
109000188,235,2035,-1800
109000189,798,590,208
109000190,185,430,-245
109000191,130,534,-404
109000192,88,142,-54
109000193,37,289,-252
109000194,67,81,-14
109000195,61,404,-343
109000196,70,58,12
109000197,59,411,-352
109000198,55,25,30
109000199,44,361,-317
109000206,58,33,25
109000207,30,21,9
109000208,66,21,45
109000209,104,54,50
109000210,151,315,-164
109000211,82,237,-155
109000214,109,470,-361
109000215,43,45,-2
109000216,62,58,4
109000217,78,53,25
109000218,29,68,-39
109000221,114,850,-736
109000222,200,38,162
109000223,119,105,14
109000224,33,266,-233
109000225,52,38,14
109000226,17,229,-212
109000227,314,1084,-770
109000228,0,199,-199
109000231,2,339,-337
109000232,94,369,-275
109000236,123,596,-473
109000241,554,1243,-689
109000242,468,836,-368
109000293,5,10,-5
109000361,45,107,-62
109000364,131,482,-351
109000396,1,748,-747
109000397,100,2,98
109000399,90,388,-298
109000400,18,324,-306
109000403,17,118,-101
109000406,41,3,38
109000407,101,186,-85
109000408,2,450,-448
109000410,434,107,327
109000411,38,34,4
109900001,42,1,41
109900002,124,3,121
109900003,22,0,22
109900004,313,121,192
109900005,9,7,2
109900006,74,165,-91
109900007,153,710,-557
109900008,0,14,-14
109900009,65,752,-687
109900010,146,10,136
109900011,13,18,-5
109900012,88,83,5
109900013,82,48,34
109900014,44,15,29
109900015,193,39,154
109900016,44,24,20
109900017,11,18,-7
109900018,27,83,-56
109900019,26,57,-31
109900020,3,16,-13
109900021,7,8,-1
109900022,66,271,-205
109900023,13,0,13
109900024,1,0,1
109900025,1,44,-43
109900026,0,109,-109
109900027,6,5,1
109900028,1748,151,1597
109900029,3,360,-357
109900030,0,1,-1
109900031,0,24,-24
109900032,2,203,-201
109900033,1,328,-327
109900034,2,0,2
109900035,5,7,-2
109900036,5,53,-48
109900037,6,405,-399
109900038,5,170,-165
109900039,1,0,1
109900040,9,554,-545
109900041,21,361,-340
109900042,3,460,-457
109900044,15,211,-196
109900045,25,25,0
109900046,18,43,-25
109900047,163,310,-147
109900048,0,52,-52
109900049,1,14,-13
109900050,0,225,-225
109900051,1,27,-26
109900052,14,193,-179
109900053,1,372,-371
109900054,145,71,74
109900055,19,202,-183
109900056,28,38,-10
109900057,3,148,-145
109900058,0,95,-95
109900059,135,34,101
109900060,94,88,6
109900061,77,256,-179
109900062,1,193,-192
109900063,1,183,-182
109900064,96,142,-46
109900065,58,93,-35
109900066,136,751,-615
109900067,0,350,-350
109900068,7,2,5
109900069,1,19,-18
109900070,29,229,-200
109900071,0,23,-23
109900072,3,92,-89
109900073,54,415,-361
109900074,0,34,-34
109900075,4,9,-5
109900076,8,292,-284
109900077,7,62,-55
109900078,51,173,-122
109900080,70,218,-148
109900081,2,40,-38
109900082,10,342,-332
109900083,5,22,-17
109900084,10,111,-101
109900085,91,898,-807
109900086,40,88,-48
109900087,105,222,-117
109900089,132,26,106
109900090,243,656,-413
109900091,54,37,17
109900092,101,2,99
109900093,158,61,97
109900094,8,64,-56
109900095,45,148,-103
109900096,2,0,2
109900097,17,0,17
109900098,95,15,80
109900099,19,0,19
109900100,8,1,7
109900101,70,1,69
109900102,149,8,141
109900103,2,16,-14
109900104,59,871,-812
109900105,128,9,119
109900106,52,39,13
109900107,85,53,32
109900108,39,434,-395
109900109,40,157,-117
109900110,15,346,-331
109900111,92,728,-636
109900112,170,734,-564
109900113,132,127,5
109900114,570,54,516
109900115,32,42,-10
109900117,213,79,134
109900118,110,267,-157
109900119,322,198,124
109900120,15,5,10
109900121,166,53,113
109900122,85,1,84
109900123,1,107,-106
109900124,25,557,-532
109900125,1,189,-188
109900126,29,125,-96
109900128,41,27,14
109900130,8049,692,7357
109900131,33,80,-47
109900132,12,119,-107
109900133,22,350,-328
109900134,26,21,5
109900135,288,32,256
109900136,10,106,-96
109900137,7,303,-296
109900140,71,236,-165
109900142,200,158,42
109900145,1,53,-52
109900146,161,16,145
109900148,14,31,-17
109900149,28,21,7
109900150,2,31,-29
109900151,2,42,-40
109900152,0,38,-38
109900153,0,18,-18
109900154,2,0,2
109900155,4,1,3
109900157,9,147,-138
109900158,69,65,4
109900159,36,9,27
109900160,23,19,4
109900161,84,16,68
109900162,34,19,15
109900163,513,156,357
109900164,16,176,-160
109900165,55,2,53
109900166,2,144,-142
109900167,62,483,-421
109900168,60,382,-322
109900169,41,119,-78
109900170,77,203,-126
109900171,28,41,-13
109900172,45,80,-35
109900173,3021,448,2573
109900174,12,91,-79
109900175,10,60,-50
109900176,42,150,-108
109900177,15,212,-197
109900178,1,84,-83
109900179,3,14,-11
109900180,1,4,-3
110000001,489,341,148
110000002,276,268,8
110000003,686,455,231
110000004,398,365,33
110000005,554,670,-116
110000006,350,201,149
110000007,51,127,-76
110000008,12,48,-36
110000009,2,32,-30
110000010,11,46,-35
110000011,8,52,-44
110000012,399,329,70
110000013,25,252,-227
110000014,464,261,203
110000015,309,358,-49
110000016,222,513,-291
110000017,3128,187,2941
110000018,2496,316,2180
110000019,12,151,-139
110000020,261,129,132
110000021,231,310,-79
110000022,340,56,284
110000023,5,126,-121
110000024,505,315,190
110000025,82,2,80
110000026,4,468,-464
110000027,289,189,100
110000028,442,587,-145
110000029,300,589,-289
110000030,118,303,-185
110000031,112,422,-310
110000032,409,370,39
110000033,46,49,-3
110000034,128,911,-783
110000035,202,676,-474
110000036,211,789,-578
110000037,50,490,-440
110000038,104,595,-491
110000039,259,800,-541
110000040,240,326,-86
110000041,58,278,-220
110000042,30,226,-196
110000043,125,57,68
110000044,17,46,-29
110000045,55,18,37
110000046,0,4,-4
110000047,0,13,-13
110000048,2,5,-3
110000049,6,3,3
110000050,6,4,2
110000051,5,2,3
110000052,6,20,-14
110000053,5,0,5
110000054,49,113,-64
110000055,123,40,83
110000056,38,22,16
110000057,237,541,-304
110000058,271,440,-169
110000059,283,395,-112
110000060,314,673,-359
110000061,729,580,149
110000062,531,542,-11
110000063,12,67,-55
110000064,18,87,-69
110000065,26,101,-75
110000066,28,69,-41
110000067,41,185,-144
110000068,42,298,-256
110000069,38,107,-69
110000071,18,181,-163
110000073,2,23,-21
110000075,1,103,-102
110000076,179,96,83
110000077,246,158,88
110000078,5,53,-48
110000080,170,497,-327
110000081,7,193,-186
110000082,13,123,-110
110000083,131,457,-326
110000084,354,356,-2
110000085,2596,914,1682
110000086,1076,424,652
110000087,1,39,-38
110000088,16,181,-165
110000089,93,106,-13
110000090,21,157,-136
110000091,1264,192,1072
110000092,6,74,-68
110000093,19,5,14
110000094,246,160,86
110000095,64,235,-171
110000096,2853,1316,1537
110000097,604,553,51
110000098,793,276,517
110000099,594,1184,-590
110000100,116,584,-468
110000101,10,533,-523
110000102,22,18,4
110000104,28,58,-30
110000105,19,185,-166
110000106,172,93,79
110000107,242,371,-129
110000108,99,18,81
110000109,190,207,-17
110000110,3544,1950,1594
110000111,6459,936,5523
110000112,900,201,699
110000113,554,514,40
110000114,32,223,-191
110000115,112,198,-86
110000116,20,28,-8
110000117,65,479,-414
110000118,144,179,-35
110000119,92,281,-189
110000120,128,122,6
110000121,48,173,-125
110000122,122,426,-304
110000123,138,317,-179
110000124,0,754,-754
110000125,474,2,472
110000126,101,9,92
110000127,229,13,216
110000128,23,1532,-1509
110000129,0,430,-430
110000130,43,47,-4
110000131,51,365,-314
110000132,0,549,-549
110000133,38,171,-133
110000134,17,194,-177
110000135,166,20,146
110000136,25,258,-233
110000137,165,439,-274
110000138,243,756,-513
110000139,423,1125,-702
110000140,397,227,170
110000143,530,226,304
110000144,2512,666,1846
110000145,928,357,571
110000146,871,358,513
110000147,74,366,-292
110000148,142,226,-84
110000151,670,427,243
110000152,662,193,469
110000153,24,38,-14
110000154,14,7,7
110000155,909,1023,-114
110000156,441,698,-257
110000157,570,933,-363
110000160,194,275,-81
110000161,75,332,-257
110000166,109,67,42
110000167,306,301,5
110000168,402,157,245
110000169,143,196,-53
110000170,60,85,-25
110000171,255,200,55
110000172,67,701,-634
110000173,880,1067,-187
110000174,53,1042,-989
110000175,172,70,102
110000176,18,215,-197
110000177,81,464,-383
110000178,299,401,-102
110000179,863,187,676
110000180,28,265,-237
110000181,111,236,-125
110000182,171,222,-51
110000183,7217,2465,4752
110000184,383,962,-579
110000185,338,391,-53
110000186,376,308,68
110000191,107,255,-148
110000192,136,1,135
110000193,162,0,162
110000194,3,928,-925
110000195,87,268,-181
110000196,120,471,-351
110000197,15,143,-128
110000198,14,40,-26
110000199,34,57,-23
110000200,875,420,455
110000201,234,261,-27
110000202,415,197,218
110000203,341,521,-180
110000204,3,265,-262
110000205,40,67,-27
110000206,240,1073,-833
110000207,180,214,-34
110000208,41,102,-61
110000209,45,595,-550
110000210,129,437,-308
110000211,232,477,-245
110000212,101,531,-430
110000213,17,75,-58
110000214,35,105,-70
110000215,41,490,-449
110000216,28,465,-437
110000217,73,194,-121
110000218,53,407,-354
110000219,97,44,53
110000220,9,442,-433
110000221,131,87,44
110000222,5,238,-233
110000223,1,34,-33
110000224,47,7,40
110000225,74,366,-292
110000226,88,26,62
110000227,223,208,15
110000228,74,122,-48
110000229,2,174,-172
110000230,201,497,-296
110000231,86,114,-28
110000232,43,128,-85
110000233,60,176,-116
110000234,308,187,121
110000235,559,508,51
110000236,102,698,-596
110000237,645,834,-189
110000238,464,972,-508
110000239,484,824,-340
110000240,1,34,-33
110000242,0,2,-2
110000243,31,190,-159
110000244,68,228,-160
110000245,26,316,-290
110000246,256,477,-221
110000247,2329,2478,-149
110000248,3156,851,2305
110000249,53,4,49
110000250,0,143,-143
110000251,34,257,-223
110000252,138,192,-54
110000253,685,250,435
110000254,878,953,-75
110000255,190,880,-690
110000256,331,107,224
110000257,642,214,428
110000258,3,350,-347
110000259,40,10,30
110000260,10,405,-395
110000263,643,50,593
110000264,97,497,-400
110000265,548,1041,-493
110000266,1001,1692,-691
110000267,6,147,-141
110000268,136,301,-165
110000269,0,53,-53
110000270,12,1,11
110000271,1618,212,1406
110000272,373,626,-253
110000273,1171,716,455
110000274,94,780,-686
110000275,2108,299,1809
110000276,69,196,-127
110000277,78,194,-116
110000278,117,525,-408
110000279,455,443,12
110000280,99,279,-180
110000281,8,167,-159
110000282,89,38,51
110000283,10,75,-65
110000284,15,16,-1
110000285,1,113,-112
110000286,4,0,4
110000287,21,1,20
110000288,0,89,-89
110000289,207,620,-413
110000290,1001,474,527
110000291,4368,874,3494
110000292,850,4063,-3213
110000293,196,821,-625
110000294,343,880,-537
110000295,50,534,-484
110000296,128,273,-145
110000297,3346,186,3160
110000298,642,276,366
110000299,1160,17,1143
110000301,196,6,190
110000302,111,987,-876
110000303,112,2,110
110000304,61,218,-157
110000305,223,5,218
110000306,82,1859,-1777
110000307,379,1,378
110000308,99,9,90
110000309,1,1116,-1115
110000310,219,56,163
110000311,9,610,-601
110000312,604,21,583
110000313,4381,1106,3275
110000314,0,171,-171
110000315,1897,975,922
110000316,360,844,-484
110000317,270,231,39
110000318,0,55,-55
110000319,7,23,-16
110000320,7,45,-38
110000321,9,63,-54
110000322,66,348,-282
110000323,151,258,-107
110000324,3562,617,2945
110000325,1503,1949,-446
110000327,322,131,191
110000328,84,367,-283
110000333,384,514,-130
110000334,438,861,-423
110000335,751,425,326
110000336,165,974,-809
110000337,395,439,-44
110000338,56,170,-114
110000339,65,185,-120
110000340,12,110,-98
110000341,101,417,-316
110000342,216,1,215
110000343,0,10,-10
110000344,10,143,-133
110000345,10,63,-53
110000346,1529,975,554
110000347,830,574,256
110000348,2,24,-22
110000349,2,52,-50
110000350,13,2,11
110000351,288,677,-389
110000352,189,978,-789
110000353,2168,706,1462
110000354,384,984,-600
110000355,25,54,-29
110000356,175,0,175
110000357,168,3,165
110000361,0,89,-89
110000362,26,75,-49
110000363,66,89,-23
110000364,44,260,-216
110000365,82,4,78
110000366,1,61,-60
110000367,111,162,-51
110000368,0,54,-54
110000369,11,1,10
110000373,4,230,-226
110000374,5,4,1
110000375,66,452,-386
110000376,27,111,-84
110000377,16,122,-106
110000378,24,248,-224
110000379,2686,593,2093
110000380,19,6,13
110000383,1,331,-330
110000384,953,164,789
110000385,0,155,-155
110000387,26,10,16
110000388,18,175,-157
110000389,123,1,122
110000391,128,324,-196
110000396,11,105,-94
110000397,21,138,-117
110000398,1,16,-15
110000399,62,2,60
110000587,18,49,-31
110000589,57,151,-94
110000640,83,198,-115
110000652,2,51,-49
110000653,63,334,-271
110000654,1,13,-12
110000656,2,467,-465
110000674,6,9,-3
110000675,2,4,-2
110000676,1,19,-18
110000679,516,193,323
110000682,36,61,-25
110000683,225,430,-205
110000684,2,57,-55
110000685,3,9,-6
110000686,0,18,-18
110000687,0,0,0
110000688,37,318,-281
110000689,18,114,-96
110000692,32,187,-155
110000693,70,209,-139
110000694,0,74,-74
110000695,57,465,-408
110000696,51,91,-40
110900001,23,13,10
110900002,20,157,-137
110900003,112,846,-734
110900004,61,211,-150
110900005,3387,757,2630
110900006,35,3,32
110900007,12,8,4
110900008,6,36,-30
110900009,118,24,94
110900010,0,72,-72
110900011,0,55,-55
110900012,4,86,-82
110900013,328,95,233
110900014,49,3,46
110900015,553,147,406
110900016,5,139,-134
110900017,68,22,46
110900018,173,13,160
110900019,36,11,25
110900020,9,366,-357
110900021,21,554,-533
110900022,25,339,-314
110900023,24,238,-214
110900024,13,472,-459
110900025,2,35,-33
110900027,16,163,-147
110900028,10,109,-99
110900029,27,383,-356
110900030,7,294,-287
110900031,1,146,-145
110900032,0,88,-88
110900033,11,240,-229
110900035,14,350,-336
110900036,30,13,17
110900037,12,10,2
110900038,719,106,613
110900039,6,173,-167
110900040,90,13,77
110900041,1,134,-133
110900042,17,28,-11
110900043,3,152,-149
110900044,161,10,151
110900045,18,572,-554
110900046,80,246,-166
110900047,568,55,513
110900049,13,20,-7
110900050,7,0,7
110900051,21,138,-117
110900052,2,205,-203
110900053,26,35,-9
110900054,13,232,-219
110900055,6,0,6
110900056,45,102,-57
110900057,0,174,-174
110900058,56,243,-187
110900059,347,598,-251
110900060,154,50,104
110900061,27,17,10
110900062,17,295,-278
110900063,10,35,-25
110900064,4,0,4
110900065,296,52,244
110900066,0,32,-32
110900067,461,209,252
110900068,153,147,6
110900069,1,13,-12
110900070,91,49,42
110900071,166,117,49
110900073,1,15,-14
110900074,147,54,93
110900075,70,34,36
110900077,130,224,-94
110900078,4,115,-111
110900079,1483,255,1228
110900080,52,40,12
110900081,1,84,-83
110900082,20,150,-130
110900083,51,13,38
110900084,5,152,-147
110900085,24,228,-204
110900086,29,66,-37
110900087,74,53,21
110900088,3,2,1
110900090,20,16,4
110900091,1,44,-43
110900093,106,27,79
110900095,25,40,-15
110900097,1,16,-15
110900098,3,51,-48
110900099,26,302,-276
110900100,0,19,-19
110900102,8,16,-8
110900105,298,193,105
110900108,1,45,-44
110900111,110,15,95
110900112,156,0,156
110900113,403,6,397
110900115,3,58,-55
110900116,85,1874,-1789
110900118,93,587,-494
110900119,4542,194,4348
110900120,2,127,-125
110900121,44,1,43
110900122,114,74,40
110900125,61,103,-42
110900127,438,274,164
110900128,150,104,46
110900129,121,117,4
110900130,680,135,545
110900131,21,29,-8
110900132,96,25,71
110900133,29,282,-253
110900135,42,390,-348
110900136,81,3,78
110900139,30,0,30
110900140,5,0,5
110900141,126,75,51
110900142,24,127,-103
110900143,24,39,-15
110900144,2,388,-386
110900145,33,8,25
110900146,193,17,176
110900147,110,155,-45
110900148,1,238,-237
110900149,0,32,-32
110900150,2,12,-10
110900151,1,35,-34
110900152,11,234,-223
110900153,20,7,13
111000001,116,273,-157
111000002,330,499,-169
111000003,198,267,-69
111000004,279,864,-585
111000005,381,340,41
111000006,500,841,-341
111000007,2152,897,1255
111000008,2631,2281,350
111000009,181,651,-470
111000010,212,107,105
111000011,254,622,-368
111000012,341,155,186
111000013,161,894,-733
111000014,454,244,210
111000017,58,273,-215
111000018,112,295,-183
111000020,1555,1222,333
111000021,33,106,-73
111000023,55,77,-22
111000025,4621,1055,3566
111000029,39,68,-29
111000030,26,49,-23
111000031,1491,381,1110
111000032,276,149,127
111000033,157,74,83
111000034,196,119,77
111000037,2003,652,1351
111000038,2079,1447,632
111000039,781,1513,-732
111000040,886,1543,-657
111000041,1122,880,242
111000042,4924,1899,3025
111000043,999,857,142
111000044,573,235,338
111000045,655,928,-273
111000046,557,662,-105
111000047,833,1115,-282
111000049,159,419,-260
111000050,1226,1261,-35
111000051,213,734,-521
111000052,401,1012,-611
111000053,248,703,-455
111000054,305,763,-458
111000055,801,1589,-788
111000056,52,644,-592
111000057,47,742,-695
111000058,48,82,-34
111000059,134,189,-55
111000060,1357,399,958
111000061,475,158,317
111000062,247,128,119
111000063,1230,451,779
111000064,204,347,-143
111000065,420,450,-30
111000066,98,132,-34
111000067,223,494,-271
111000068,118,398,-280
111000069,995,1307,-312
111000070,1745,974,771
111000071,129,588,-459
111000072,263,188,75
111000073,43,268,-225
111000074,832,729,103
111000075,233,410,-177
111000076,130,583,-453
111000077,592,782,-190
111000078,1124,710,414
111000079,834,527,307
111000080,195,464,-269
111000081,1418,1847,-429
111000082,298,569,-271
111000084,334,386,-52
111000085,604,1517,-913
111000086,2224,1039,1185
111000087,578,692,-114
111000088,4129,983,3146
111000089,319,673,-354
111000090,898,956,-58
111000091,327,654,-327
111000092,491,1049,-558
111000093,290,477,-187
111000094,1055,517,538
111000095,603,1065,-462
111000096,2043,3714,-1671
111000097,4407,833,3574
111000098,174,1077,-903
111000099,153,1954,-1801
111000100,137,1831,-1694
111000101,260,658,-398
111000102,28,635,-607
111000104,86,106,-20
111000107,26,546,-520
111000109,82,86,-4
111000110,270,247,23
111000111,458,182,276
111000112,428,134,294
111000113,289,172,117
111000114,619,464,155
111000115,5531,450,5081
111000116,575,421,154
111000117,377,412,-35
111000118,1193,617,576
111000119,479,1121,-642
111000120,149,316,-167
111000121,156,342,-186
111000122,227,768,-541
111000123,398,2434,-2036
111000124,239,3080,-2841
111000125,86,1637,-1551
111000126,42,823,-781
111000127,299,66,233
111000128,307,146,161
111000129,725,179,546
111000130,491,464,27
111000131,337,399,-62
111000132,250,237,13
111000133,93,107,-14
111000134,51,51,0
111000135,17,88,-71
111000136,104,202,-98
111000138,2,6,-4
111000140,0,1,-1
111000141,18,138,-120
111000142,13,92,-79
111000143,0,62,-62
111000144,0,93,-93
111000145,29,0,29
111000146,13,4,9
111000147,29,0,29
111000148,24,34,-10
111000149,1,24,-23
111000150,6,5,1
111000151,1,10,-9
111000153,451,313,138
111000154,537,99,438
111000155,38,94,-56
111000156,310,115,195
111000157,56,212,-156
111000158,392,338,54
111000159,1637,440,1197
111000160,93,319,-226
111000161,2,182,-180
111000162,1,89,-88
111000163,172,507,-335
111000164,593,1075,-482
111000165,882,251,631
111000166,493,158,335
111000167,94,300,-206
111000168,147,316,-169
111000169,150,223,-73
111000170,335,174,161
111000171,252,696,-444
111000172,36,394,-358
111000173,125,866,-741
111000174,36,356,-320
111000175,18,229,-211
111000176,53,138,-85
111000177,48,206,-158
111000178,257,287,-30
111000179,36,206,-170
111000180,80,175,-95
111000181,252,208,44
111000182,69,81,-12
111000183,73,190,-117
111000184,161,170,-9
111000185,170,349,-179
111000186,68,210,-142
111000187,39,236,-197
111000188,55,291,-236
111000189,1028,472,556
111000190,139,493,-354
111000191,57,373,-316
111000192,107,477,-370
111000193,305,261,44
111000194,10,355,-345
111000195,25,364,-339
111000196,10,297,-287
111000197,106,120,-14
111000198,135,94,41
111000199,27,142,-115
111000200,40,227,-187
111000201,142,167,-25
111000202,82,116,-34
111000203,133,149,-16
111000204,125,206,-81
111000213,84,256,-172
111000214,795,1029,-234
111000215,541,962,-421
111000217,477,686,-209
111000218,583,665,-82
111000219,298,165,133
111000220,1916,325,1591
111000221,377,64,313
111000224,83,230,-147
111000225,100,127,-27
111000226,47,1,46
111000227,25,2,23
111000228,1,82,-81
111000229,16,152,-136
111000230,76,316,-240
111000231,95,947,-852
111000232,97,705,-608
111000233,110,475,-365
111000234,20,100,-80
111000239,115,108,7
111000240,13,42,-29
111000241,33,327,-294
111000242,20,8,12
111000243,26,725,-699
111000244,47,42,5
111000245,125,465,-340
111000246,38,468,-430
111000247,51,1022,-971
111000248,127,244,-117
111000249,210,744,-534
111000250,22,134,-112
111000251,9,83,-74
111000253,0,0,0
111000255,0,0,0
111000257,0,0,0
111000260,11,802,-791
111000261,162,39,123
111000271,10,279,-269
111000273,4197,730,3467
111000274,706,1147,-441
111000275,44,46,-2
111000276,118,1854,-1736
111000277,76,399,-323
111000278,217,200,17
111000291,201,1560,-1359
111000298,168,209,-41
111000299,274,41,233
111000300,21,441,-420
111000302,67,78,-11
111000303,30,176,-146
111000312,18,33,-15
111000315,8,151,-143
111000320,165,460,-295
111000321,139,18,121
111000322,71,378,-307
111000323,43,10,33
111000324,197,157,40
111000325,21,48,-27
111000326,56,301,-245
111000327,176,455,-279
111000328,92,273,-181
111000329,1,14,-13
111000330,20,5,15
111000331,6,2,4
111000332,163,740,-577
111000334,185,1307,-1122
111000335,128,58,70
111000337,136,305,-169
111000338,6,81,-75
111000339,61,436,-375
111000340,45,743,-698
111000341,280,96,184
111000342,34,97,-63
111000344,302,554,-252
111000345,18,11,7
111000346,5,64,-59
111000347,16,3,13
111000350,104,115,-11
111000351,59,149,-90
111000352,42,118,-76
111000353,17,210,-193
111000354,113,107,6
111000355,73,496,-423
111000358,49,1339,-1290
111000360,80,782,-702
111000361,27,285,-258
111000546,80,531,-451
111000547,86,413,-327
111000548,34,130,-96
111000549,50,250,-200
111000550,52,139,-87
111000551,310,56,254
111000552,132,19,113
111000907,60,5,55
111000908,7,0,7
111000916,291,165,126
111000917,36,243,-207
111000918,51,813,-762
111000920,110,13,97
111000921,0,296,-296
111000922,70,255,-185
111000924,6,736,-730
111000925,752,756,-4
111000926,503,1919,-1416
111000927,1990,1382,608
111000928,4856,2658,2198
111000929,363,479,-116
111000930,366,1697,-1331
111000931,599,757,-158
111000932,2221,1529,692
111000933,1525,888,637
111000934,1398,1732,-334
111000935,393,593,-200
111000936,415,1703,-1288
111000937,380,498,-118
111000938,1104,1859,-755
111000939,159,13,146
111000940,146,150,-4
111000941,55,406,-351
111000943,82,193,-111
111000944,47,414,-367
111000945,14,1621,-1607
111001109,93,43,50
111001110,76,569,-493
111001111,6,2,4
111001112,31,0,31
111001113,24,65,-41
111001114,580,61,519
111001115,106,201,-95
111001116,2818,473,2345
111001117,382,356,26
111001120,67,246,-179
111001121,63,299,-236
111001122,86,605,-519
111001123,41,133,-92
111001124,30,439,-409
111001125,2,6,-4
111900001,2,93,-91
111900002,0,552,-552
111900003,0,283,-283
111900004,9,130,-121
111900006,4,3,1
111900007,14,5,9
111900008,5,0,5
111900009,14,115,-101
111900010,81,399,-318
111900012,52,69,-17
111900013,3,54,-51
111900014,5650,915,4735
111900015,0,44,-44
111900016,0,114,-114
111900017,1,85,-84
111900018,43,8,35
111900019,0,34,-34
111900020,1,27,-26
111900021,12,41,-29
111900022,3,21,-18
111900023,90,29,61
111900024,1,43,-42
111900025,0,30,-30
111900026,0,42,-42
111900027,1,142,-141
111900028,0,305,-305
111900029,0,50,-50
111900030,21,237,-216
111900031,1,19,-18
111900032,4,396,-392
111900033,4,61,-57
111900034,96,371,-275
111900035,5,177,-172
111900036,2,359,-357
111900038,183,435,-252
111900039,24,306,-282
111900040,5,651,-646
111900042,29,25,4
111900043,3,375,-372
111900044,139,135,4
111900046,31,121,-90
111900048,20,582,-562
111900049,20,278,-258
111900050,25,13,12
111900051,1,156,-155
111900052,300,532,-232
111900053,811,155,656
111900054,21,0,21
111900055,10,505,-495
111900056,76,28,48
111900057,10,20,-10
111900058,61,579,-518
111900059,1331,147,1184
111900060,59,0,59
111900061,3,242,-239
111900062,8,19,-11
111900063,53,122,-69
111900064,71,192,-121
111900065,6,6,0
111900066,15,50,-35
111900067,1,244,-243
111900068,33,20,13
111900069,12,6,6
111900070,36,78,-42
111900071,1,213,-212
111900072,14,3,11
111900073,171,26,145
111900074,1,124,-123
111900075,9,3,6
111900076,16,5,11
111900077,1,1,0
111900078,50,2,48
111900079,2,5,-3
111900080,116,51,65
111900082,13,4,9
111900083,21,2,19
111900084,12,2,10
111900085,7,10,-3
111900086,25,0,25
111900087,8,0,8
111900088,101,1,100
111900089,13,0,13
111900090,22,3,19
111900091,11,0,11
111900092,9,0,9
111900093,60,0,60
111900094,24,0,24
111900095,40,1,39
111900096,15,0,15
111900097,15,0,15
111900098,52,0,52
111900099,8,0,8
111900100,10,1,9
111900101,41,1,40
111900102,62,586,-524
111900103,38,18,20
111900104,26,58,-32
111900105,51,61,-10
111900106,1102,25,1077
111900110,2591,79,2512
111900111,21,142,-121
111900112,467,460,7
111900113,184,61,123
111900118,63,6,57
111900119,86,28,58
111900122,38,6,32
111900123,6,25,-19
111900124,18,54,-36
111900125,75,3,72
111900126,30,0,30
111900127,0,495,-495
111900128,3,477,-474
111900129,40,5,35
111900130,33,3,30
111900131,51,0,51
111900132,17,868,-851
111900133,5,185,-180
111900134,18,236,-218
111900135,0,1,-1
111900136,20,44,-24
111900137,22,24,-2
111900138,4,23,-19
111900139,8,94,-86
111900140,11,15,-4
111900141,5,3,2
111900142,37,5,32
111900143,5,181,-176
111900144,2,174,-172
111900145,2,475,-473
111900146,3,306,-303
111900147,81,434,-353
111900148,39,668,-629
111900149,19,354,-335
111900150,3,175,-172
111900151,0,15,-15
111900152,68,8,60
111900153,929,103,826
111900154,0,50,-50
111900155,31,9,22
111900156,8,13,-5
111900157,12,8,4
111900158,52,4,48
111900159,46,4,42
111900160,47,4,43
111900161,28,9,19
111900162,80,32,48
111900163,29,105,-76
111900164,13,9,4
111901113,32,104,-72
111901114,5,293,-288
111901115,7,0,7
111901116,19,0,19
111901117,4,1,3
111901118,81,6,75
111901119,1009,39,970
111901121,87,247,-160
111901122,2,517,-515
111901123,30,374,-344
111901124,25,0,25
111901125,47,109,-62
111901127,558,75,483
111901128,10,57,-47
111901129,0,78,-78
111901130,4,163,-159
111901131,0,204,-204
111901132,8,4,4
111901133,2,3,-1
111901134,6,0,6
111901135,0,3,-3
111901136,1,6,-5
111901137,0,5,-5
111901138,23,23,0
111901139,22,41,-19
111901140,2,102,-100
111901141,4,130,-126
111901142,3,115,-112
111901143,1,77,-76
111901144,29,7,22
111901145,32,103,-71
111901146,119,3,116
111901147,491,27,464
111901148,7,17,-10
112000001,626,479,147
112000002,479,1714,-1235
112000003,291,432,-141
112000004,325,1224,-899
112000005,629,704,-75
112000006,819,1331,-512
112000007,849,652,197
112000008,1141,1817,-676
112000009,2526,2309,217
112000010,1075,1469,-394
112000011,1058,1543,-485
112000012,4119,803,3316
112000013,5125,2189,2936
112000014,2031,264,1767
112000015,2743,1061,1682
112000016,1790,484,1306
112000017,741,518,223
112000024,1206,329,877
112000026,3612,4095,-483
112000027,403,229,174
112000028,1209,1271,-62
112000029,120,277,-157
112000030,143,75,68
112000031,952,1166,-214
112000032,409,29,380
112000033,1419,358,1061
112000034,338,12,326
112000035,32,171,-139
112000036,352,272,80
112000037,273,676,-403
112000038,380,503,-123
112000039,14,62,-48
112000040,88,257,-169
112000041,229,464,-235
112000042,440,249,191
112000050,226,891,-665
112000051,283,418,-135
112000054,1029,1648,-619
112000057,435,205,230
112000058,199,312,-113
112000059,541,217,324
112000061,4838,882,3956
112000062,3058,302,2756
112000063,1944,438,1506
112000064,4046,4228,-182
112000065,1922,2107,-185
112000066,1781,546,1235
112000067,449,463,-14
112000068,1019,634,385
112000069,424,1658,-1234
112000070,760,276,484
112000071,451,2579,-2128
112000072,430,503,-73
112000073,726,1402,-676
112000074,312,418,-106
112000075,454,589,-135
112000076,1930,2012,-82
112000077,217,554,-337
112000078,621,524,97
112000079,705,1039,-334
112000080,307,779,-472
112000081,563,1556,-993
112000082,536,385,151
112000083,294,1475,-1181
112000084,474,415,59
112000085,609,1104,-495
112000086,853,1075,-222
112000087,103,465,-362
112000088,114,625,-511
112000089,113,202,-89
112000090,143,277,-134
112000091,433,975,-542
112000092,574,495,79
112000093,877,891,-14
112000094,169,587,-418
112000095,264,520,-256
112000096,133,546,-413
112000097,244,281,-37
112000098,415,1186,-771
112000099,234,262,-28
112000100,526,613,-87
112000101,193,749,-556
112000102,306,341,-35
112000103,103,1067,-964
112000105,336,1605,-1269
112000106,328,247,81
112000107,4,48,-44
112000108,123,1323,-1200
112000109,54,33,21
112000110,568,299,269
112000111,888,3531,-2643
112000112,1385,311,1074
112000113,663,1813,-1150
112000114,927,481,446
112000115,72,443,-371
112000116,65,669,-604
112000117,220,364,-144
112000118,368,647,-279
112000119,215,652,-437
112000120,33,237,-204
112000121,34,560,-526
112000122,74,135,-61
112000123,137,79,58
112000124,62,47,15
112000125,24,61,-37
112000126,38,577,-539
112000127,1481,541,940
112000128,814,264,550
112000129,37,86,-49
112000130,22,18,4
112000131,9,240,-231
112000132,50,210,-160
112000133,124,156,-32
112000134,229,344,-115
112000135,315,345,-30
112000136,406,978,-572
112000137,469,787,-318
112000138,691,1021,-330
112000139,437,138,299
112000140,533,857,-324
112000141,181,141,40
112000142,75,738,-663
112000143,251,142,109
112000144,141,1372,-1231
112000145,736,416,320
112000146,392,1916,-1524
112000147,718,973,-255
112000148,908,1700,-792
112000149,87,531,-444
112000150,76,474,-398
112000151,204,457,-253
112000152,105,261,-156
112000153,156,226,-70
112000154,51,104,-53
112000155,56,44,12
112000157,272,269,3
112000158,69,466,-397
112000159,163,184,-21
112000167,55,5,50
112000169,199,186,13
112000173,215,188,27
112000175,101,259,-158
112000176,4182,1098,3084
112000177,104,38,66
112000178,34,341,-307
112000179,47,145,-98
112000180,156,165,-9
112000181,597,1410,-813
112000182,267,1537,-1270
112000183,8,52,-44
112000184,111,417,-306
112000185,117,438,-321
112000187,1070,1230,-160
112000195,41,8,33
112000196,45,2,43
112000197,38,46,-8
112000198,10,338,-328
112000199,412,815,-403
112000202,84,12,72
112000216,28,93,-65
112000230,16,2,14
112000231,0,320,-320
112000256,21,63,-42
112000313,109,182,-73
112000314,6,5,1
112000337,78,442,-364
112000352,69,62,7
112000392,1625,709,916
112000398,402,416,-14
112000399,1117,624,493
112000400,938,2950,-2012
112000401,1514,1686,-172
112000402,636,944,-308
112000403,965,915,50
112000404,164,283,-119
112000405,813,1500,-687
112000406,2156,2325,-169
112000407,1739,3199,-1460
112000408,5467,4444,1023
112000409,1093,3304,-2211
112000410,66,67,-1
112000411,2943,205,2738
112000412,492,85,407
112000413,6523,876,5647
112000414,27,56,-29
112000415,47,32,15
112000416,733,713,20
112000417,82,38,44
112000421,13,76,-63
112000422,121,380,-259
112000424,1448,832,616
112000425,170,953,-783
112000426,28,156,-128
112000427,0,7,-7
112000428,17,333,-316
112000429,932,1856,-924
112000430,839,2307,-1468
112000431,23,40,-17
112000432,232,1749,-1517
112000433,469,286,183
112000437,8,268,-260
112900001,11,0,11
112900002,44,1068,-1024
112900003,8,171,-163
112900004,8,237,-229
112900005,32,199,-167
112900006,6,288,-282
112900007,6,100,-94
112900008,0,5,-5
112900009,178,60,118
112900010,21,501,-480
112900011,188,146,42
112900012,0,30,-30
112900013,0,48,-48
112900014,0,221,-221
112900015,176,703,-527
112900016,1,227,-226
112900017,8,129,-121
112900018,1,230,-229
112900019,38,103,-65
112900020,337,1306,-969
112900021,3,180,-177
112900022,1,30,-29
112900023,1,265,-264
112900024,10,95,-85
112900025,29,100,-71
112900026,4,221,-217
112900027,2,1029,-1027
112900028,9,56,-47
112900029,3,386,-383
112900030,216,95,121
112900031,1,405,-404
112900032,42,146,-104
112900034,0,18,-18
112900035,1,349,-348
112900036,19,75,-56
112900037,62,38,24
112900038,81,66,15
112900039,11,293,-282
112900040,7,223,-216
112900041,784,305,479
112900042,17,284,-267
112900043,6,16,-10
112900044,322,169,153
112900045,478,165,313
112900046,169,41,128
112900047,22,7,15
112900049,8,47,-39
112900050,51,531,-480
112900051,232,433,-201
112900052,3,743,-740
112900053,164,66,98
112900054,166,10,156
112900055,65,2,63
112900056,94,56,38
112900057,1,569,-568
112900058,129,39,90
112900059,12,103,-91
112900060,3,134,-131
112900061,6,110,-104
112900062,10,110,-100
112900063,27,3,24
112900064,79,89,-10
112900065,3,3,0
112900066,40,23,17
112900067,435,68,367
112900068,18,9,9
112900069,1923,160,1763
112900071,6,1,5
112900072,91,150,-59
112900073,125,13,112
112900074,23,31,-8
112900075,1722,233,1489
112900076,12,3,9
112900078,40,97,-57
112900079,32,8,24
112900080,3,0,3
112900081,38,41,-3
112900082,88,3,85
112900083,9,13,-4
112900084,65,11,54
112900086,15,0,15
112900087,107,10,97
112900088,8,1,7
112900089,237,5,232
112900090,4,3,1
112900091,22,0,22
112900092,59,49,10
112900093,201,0,201
112900095,0,1,-1
112900096,107,31,76
112900097,7,250,-243
112900098,3,0,3
112900099,146,6,140
112900100,9,0,9
112900101,52,2,50
112900102,32,2,30
112900103,34,0,34
112900104,24,5,19
112900105,1,0,1
112900106,152,19,133
112900107,0,1,-1
112900108,0,0,0
112900109,18,0,18
112900110,192,2,190
112900111,145,1,144
112900112,22,0,22
112900113,0,9,-9
112900114,7,8,-1
112900115,164,2,162
112900116,20,18,2
112900117,61,72,-11
112900118,5,51,-46
112900119,15,0,15
112900120,438,90,348
112900121,83,94,-11
112900122,5,115,-110
112900123,87,1,86
112900124,0,76,-76
112900125,28,141,-113
112900126,54,204,-150
112900127,77,21,56
112900128,331,538,-207
112900129,4,869,-865
112900130,55,21,34
112900131,24,148,-124
112900132,22,345,-323
112900133,12,978,-966
112900134,0,201,-201
112900135,31,6,25
112900137,0,713,-713
112900138,1,485,-484
112900139,97,852,-755
112900141,129,9,120
112900142,23,18,5
112900143,17,465,-448
112900144,3,249,-246
112900145,30,320,-290
112900146,7,854,-847
112900147,4,1872,-1868
112900148,2,0,2
112900149,75,283,-208
112900151,17,23,-6
112900152,3566,653,2913
112900153,708,379,329
112900154,0,55,-55
112900155,22,0,22
112900156,25,1366,-1341
112900157,40,179,-139
112900158,4,5,-1
112900159,97,16,81
112900160,9,198,-189
112900161,18,6,12
112900162,9,2,7
112900163,55,10,45
112900164,13,30,-17
112900165,26,15,11
112900166,7,20,-13
112900167,2,4,-2
112900168,0,0,0
112900169,2,1,1
112900170,24,41,-17
112900172,62,5,57
112900173,121,88,33
112900174,82,7,75
112900175,100,21,79
112900176,14,12,2
112900177,38,2,36
112900178,187,293,-106
112900179,28,500,-472
112900180,350,1628,-1278
112900181,102,11,91
112900182,10,1158,-1148
112900183,43,72,-29
112900184,218,141,77
112900185,94,236,-142
112900186,839,276,563
112900187,10,99,-89
112900188,504,130,374
112900189,1,20,-19
112900190,1,51,-50
112900192,134,69,65
112900193,458,109,349
112900194,3,104,-101
112900195,137,9,128
112900196,175,461,-286
112900197,60,296,-236
112900199,84,391,-307
112900200,81,149,-68
112900201,20,38,-18
112900202,31,657,-626
112900203,16,181,-165
112900204,314,157,157
112900205,0,6,-6
112900206,1,20,-19
112900207,0,0,0
112900208,39,47,-8
112900209,184,225,-41
112900210,0,17,-17
112900211,18,13,5
112900212,1,29,-28
112900213,5,4,1
112900214,2,3,-1
112900215,1,133,-132
112900216,12,16,-4
112900217,0,47,-47
112900218,1,15,-14
112900219,9,59,-50
112900220,0,0,0
112900221,1,73,-72
112900222,0,5,-5
112900223,144,2,142
112900224,33,536,-503
112900225,105,484,-379
112900226,159,102,57
112900227,84,1083,-999
112900228,12,18,-6
112900229,19,53,-34
112900230,5639,1036,4603
112900232,84,68,16
112900233,13,135,-122
112900234,4,91,-87
112900235,23,4,19
112900236,28,7,21
112900237,23,207,-184
112900238,0,31,-31
112900239,328,183,145
112900240,1,72,-71
112900241,6,115,-109
112900242,2,111,-109
112900243,2,110,-108
112900244,0,66,-66
112900245,0,30,-30
112900246,0,14,-14
112900247,28,6,22
112900248,10,0,10
112900249,19,5,14
112900250,9,13,-4
112900251,5,4,1
112900252,2,15,-13
112900253,10,8,2
112900254,1,3,-2
112900255,0,5,-5
112900256,4,8,-4
112900257,6,6,0
113000001,3017,2566,451
113000002,2213,2060,153
113000003,1268,962,306
113000004,1409,1169,240
113000005,682,591,91
113000006,472,889,-417
113000007,822,782,40
113000008,732,1095,-363
113000009,375,614,-239
113000010,448,1068,-620
113000011,347,1336,-989
113000012,468,505,-37
113000013,558,290,268
113000014,1206,944,262
113000015,403,182,221
113000016,169,166,3
113000017,6,181,-175
113000018,70,28,42
113000019,10,135,-125
113000020,20,5,15
113000021,395,418,-23
113000022,233,868,-635
113000025,19,172,-153
113000026,77,199,-122
113000027,380,155,225
113000028,603,199,404
113000029,544,362,182
113000030,474,439,35
113000031,292,191,101
113000032,174,102,72
113000033,263,265,-2
113000034,379,219,160
113000035,8,13,-5
113000036,13,51,-38
113000037,52,13,39
113000038,11,41,-30
113000039,26,264,-238
113000040,57,54,3
113000042,575,541,34
113000051,280,946,-666
113000052,1511,668,843
113000053,103,420,-317
113000054,74,446,-372
113000055,477,613,-136
113000056,373,1409,-1036
113000058,492,645,-153
113000059,725,612,113
113000060,56,438,-382
113000061,401,633,-232
113000062,849,74,775
113000063,32,152,-120
113000064,15,258,-243
113000065,147,919,-772
113000066,229,60,169
113000067,688,617,71
113000068,344,1595,-1251
113000069,206,987,-781
113000070,469,448,21
113000071,112,457,-345
113000072,131,255,-124
113000073,379,1096,-717
113000074,672,190,482
113000075,1305,283,1022
113000076,951,1011,-60
113000077,1276,248,1028
113000078,718,844,-126
113000079,579,386,193
113000080,465,345,120
113000081,763,560,203
113000082,898,575,323
113000083,411,547,-136
113000084,1291,749,542
113000085,743,372,371
113000086,663,637,26
113000087,937,636,301
113000088,1286,776,510
113000089,569,992,-423
113000090,195,182,13
113000091,533,139,394
113000094,291,82,209
113000095,152,732,-580
113000096,170,602,-432
113000097,259,196,63
113000098,43,14,29
113000099,780,124,656
113000100,95,273,-178
113000101,194,266,-72
113000102,224,137,87
113000103,1539,466,1073
113000104,202,1471,-1269
113000105,226,321,-95
113000106,169,338,-169
113000107,262,577,-315
113000108,628,1091,-463
113000109,195,1279,-1084
113000110,834,211,623
113000111,59,288,-229
113000112,252,220,32
113000113,1642,175,1467
113000114,345,504,-159
113000116,436,142,294
113000117,424,120,304
113000118,86,149,-63
113000119,82,228,-146
113000120,13,127,-114
113000121,191,486,-295
113000124,49,90,-41
113000125,18,338,-320
113000127,2751,420,2331
113000128,277,310,-33
113000129,397,781,-384
113000133,2537,395,2142
113000134,7,306,-299
113000135,1748,1136,612
113000137,1997,807,1190
113000139,301,77,224
113000140,117,140,-23
113000141,192,41,151
113000142,348,402,-54
113000143,222,93,129
113000144,226,383,-157
113000145,25,91,-66
113000146,37,52,-15
113000147,56,92,-36
113000148,39,133,-94
113000149,61,95,-34
113000150,362,244,118
113000151,159,47,112
113000152,27,99,-72
113000153,1182,300,882
113000154,363,623,-260
113000155,161,187,-26
113000156,72,257,-185
113000157,212,469,-257
113000158,315,152,163
113000159,529,358,171
113000160,360,800,-440
113000161,104,598,-494
113000162,268,193,75
113000163,37,27,10
113000164,15,89,-74
113000166,53,20,33
113000167,24,156,-132
113000168,30,187,-157
113000169,41,21,20
113000170,42,26,16
113000171,22,78,-56
113000172,123,34,89
113000173,18,9,9
113000174,85,462,-377
113000175,147,86,61
113000176,201,74,127
113000177,67,360,-293
113000178,101,378,-277
113000179,109,33,76
113000180,224,783,-559
113000181,371,706,-335
113000182,90,138,-48
113000183,123,371,-248
113000184,19,87,-68
113000189,671,289,382
113000190,977,182,795
113000192,2072,845,1227
113000193,3140,532,2608
113000194,1247,686,561
113000195,1500,286,1214
113000196,69,49,20
113000197,612,471,141
113000198,10,214,-204
113000199,275,273,2
113000201,161,99,62
113000202,1999,784,1215
113000203,343,33,310
113000204,1031,765,266
113000205,15,12,3
113000206,5,17,-12
113000207,25,13,12
113000208,22,33,-11
113000209,24,9,15
113000210,8,20,-12
113000211,270,83,187
113000212,227,14,213
113000213,9,79,-70
113000214,47,91,-44
113000234,90,1106,-1016
113000410,27,79,-52
113000411,1479,2250,-771
113000412,9131,1182,7949
113000413,3440,1097,2343
113000414,8794,4349,4445
113000415,1780,1195,585
113000416,7589,1795,5794
113000417,2641,1413,1228
113000418,2148,1542,606
113000419,1257,844,413
113000420,2902,1742,1160
113000421,2868,2440,428
113000422,12683,3620,9063
113000423,2181,1761,420
113000424,3449,3900,-451
113000425,10,58,-48
113000428,58,4,54
113000430,7,16,-9
113000432,489,36,453
113000433,132,804,-672
113000434,14,321,-307
113000435,8,777,-769
113000436,38,1128,-1090
113000437,191,8,183
113000438,72,4,68
113000439,8,150,-142
113000440,37,32,5
113000441,47,134,-87
113000442,83,224,-141
113000443,29,230,-201
113000444,61,250,-189
113000445,31,101,-70
113000446,12,70,-58
113000448,151,116,35
113000449,192,449,-257
113000450,389,977,-588
113000451,1008,86,922
113000452,283,238,45
113000453,160,168,-8
113000454,498,20,478
113000455,68,111,-43
113000456,2449,1199,1250
113000468,1825,175,1650
113000469,151,26,125
113000470,384,58,326
113000471,4,203,-199
113000472,36,148,-112
113000474,118,540,-422
113000475,882,1022,-140
113000476,585,1606,-1021
113000477,1002,1689,-687
113000478,1854,3851,-1997
113000479,11,198,-187
113000483,0,0,0
113000484,0,0,0
113000485,0,0,0
113000486,0,0,0
113000487,0,0,0
113000488,0,0,0
113000489,0,0,0
113000490,0,0,0
113000491,0,0,0
113000492,0,0,0
113000493,0,0,0
113000495,117,170,-53
113000496,28,84,-56
113000499,0,0,0
113900001,1,28,-27
113900002,1,67,-66
113900003,1,20,-19
113900004,0,9,-9
113900005,0,6,-6
113900006,1,10,-9
113900007,25,3,22
113900008,36,0,36
113900009,96,0,96
113900010,66,0,66
113900011,8,0,8
113900012,7,0,7
113900013,148,1,147
113900014,414,2,412
113900015,0,47,-47
113900016,5,0,5
113900017,0,27,-27
113900018,279,39,240
113900019,11,34,-23
113900020,16,0,16
113900022,2,0,2
113900023,1,0,1
113900024,22,60,-38
113900025,221,8,213
113900026,37,0,37
113900027,3,29,-26
113900028,7,284,-277
113900029,4,220,-216
113900030,59,0,59
113900031,0,0,0
113900032,2,0,2
113900033,33,47,-14
113900035,19,0,19
113900036,11,44,-33
113900037,18,423,-405
113900038,54,34,20
113900039,21,1,20
113900040,1,0,1
113900041,0,3,-3
113900042,21,19,2
113900043,98,83,15
113900044,82,12,70
113900045,14,0,14
113900046,312,553,-241
113900047,4,92,-88
113900048,172,17,155
113900049,651,43,608
113900050,100,226,-126
113900051,96,281,-185
113900052,102,90,12
113900053,197,66,131
113900054,9,2,7
113900055,66,405,-339
113900056,20,78,-58
113900057,6,87,-81
113900058,26,110,-84
113900059,71,255,-184
113900060,65,219,-154
113900061,546,17,529
113900062,42,8,34
113900063,33,72,-39
113900064,8,141,-133
113900065,277,12,265
113900066,126,355,-229
113900067,19,245,-226
113900068,220,202,18
113900069,70,3,67
113900070,111,274,-163
113900071,61,35,26
113900072,12,111,-99
113900073,68,300,-232
113900074,10,312,-302
113900075,474,597,-123
113900076,69,1,68
113900077,10,179,-169
113900078,24,21,3
113900079,0,40,-40
113900080,216,82,134
113900081,18,146,-128
113900082,71,136,-65
113900083,52,514,-462
113900084,103,44,59
113900085,23,247,-224
113900086,7,11,-4
113900087,14,171,-157
113900088,12,21,-9
113900089,201,26,175
113900090,186,180,6
113900091,5,6,-1
113900092,27,44,-17
113900093,29,287,-258
113900094,61,396,-335
113900095,43,61,-18
113900096,43,27,16
113900097,1,106,-105
113900098,186,31,155
113900099,0,49,-49
113900100,0,1,-1
113900101,4,33,-29
113900102,31,55,-24
113900103,130,229,-99
113900104,66,92,-26
113900105,5,260,-255
113900106,0,72,-72
113900107,0,18,-18
113900108,72,89,-17
113900109,144,73,71
113900110,9,8,1
113900111,22,70,-48
113900112,14,64,-50
113900113,257,278,-21
113900114,0,115,-115
113900115,0,86,-86
113900116,20,72,-52
113900117,25,6,19
113900118,46,101,-55
113900119,174,108,66
113900120,9,16,-7
113900121,21,32,-11
113900122,96,793,-697
113900123,160,122,38
113900124,0,81,-81
113900125,1029,109,920
113900126,57,18,39
113900127,108,231,-123
113900128,47,15,32
113900129,1,40,-39
113900130,0,6,-6
113900131,30,29,1
113900132,18,43,-25
113900133,5,15,-10
113900135,99,315,-216
113900136,52,42,10
113900137,153,117,36
113900138,12,66,-54
113900139,330,26,304
113900140,315,79,236
113900141,122,380,-258
113900142,23,47,-24
113900143,1,4,-3
113900144,209,49,160
113900145,46,136,-90
113900146,15,35,-20
113900148,71,108,-37
113900149,68,10,58
113900150,996,340,656
113900151,62,153,-91
113900152,7,51,-44
113900153,356,241,115
113900154,6,44,-38
113900155,146,34,112
113900156,121,429,-308
113900157,7,144,-137
113900158,209,67,142
113900159,5,108,-103
113900160,195,432,-237
113900161,8,119,-111
113900162,288,210,78
113900163,191,132,59
113900164,74,29,45
113900165,538,335,203
113900166,117,32,85
113900167,152,12,140
113900168,51,87,-36
113900169,108,324,-216
113900171,36,17,19
113900172,2,129,-127
113900173,31,502,-471
113900174,143,595,-452
113900175,111,16,95
113900176,106,537,-431
113900177,156,136,20
113900178,63,90,-27
113900179,20,481,-461
113900180,67,80,-13
113900181,195,36,159
113900182,193,668,-475
113900183,12,41,-29
113900184,9,357,-348
113900185,75,55,20
113900186,22,33,-11
113900187,8,112,-104
113900188,34,93,-59
113900189,84,46,38
113900190,233,60,173
113900191,36,116,-80
113900192,0,158,-158
113900193,15,219,-204
113900194,1407,598,809
113900195,235,315,-80
113900196,0,88,-88
113900197,0,260,-260
113900198,5,81,-76
113900199,114,473,-359
113900200,1,145,-144
113900201,1,193,-192
113900202,9,168,-159
113900203,2,211,-209
113900204,16,533,-517
113900205,9,69,-60
113900206,2,70,-68
113900207,0,44,-44
113900208,0,58,-58
113900209,0,62,-62
113900210,297,219,78
113900211,42,17,25
113900212,49,414,-365
113900214,274,192,82
113900215,18,95,-77
113900216,10,991,-981
113900217,19,332,-313
113900218,41,14,27
113900219,63,346,-283
113900220,43,39,4
113900221,164,85,79
113900222,149,106,43
113900223,6,748,-742
113900224,52,44,8
113900225,494,119,375
113900226,124,78,46
113900227,139,74,65
113900228,186,180,6
113900229,10,320,-310
113900230,3187,553,2634
113900231,51,151,-100
113900232,34,63,-29
113900233,10,29,-19
113900234,64,202,-138
113900235,9,7,2
113900236,25,184,-159
113900237,15,4,11
113900238,111,150,-39
113900239,32,31,1
113900240,4,54,-50
113900241,42,26,16
113900242,31,105,-74
113900243,55,255,-200
113900244,313,88,225
113900245,891,88,803
113900246,9,13,-4
113900247,86,80,6
113900248,2644,527,2117
113900249,676,84,592
113900250,29,34,-5
113900251,175,151,24
113900252,154,4,150
113900253,287,16,271
113900254,141,35,106
113900255,163,2,161
113900256,123,9,114
113900257,17,654,-637
113900258,8,440,-432
113900259,147,185,-38
113900260,42,16,26
113900261,4,125,-121
113900262,71,577,-506
113900263,34,382,-348
113900264,5,476,-471
113900265,68,148,-80
113900266,8,207,-199
113900267,80,256,-176
113900268,85,160,-75
113900269,48,86,-38
113900270,119,246,-127
113900271,334,1131,-797
113900273,8,2,6
113900274,3,0,3
113900275,4,36,-32
113900276,0,212,-212
113900277,20,0,20
113900278,177,117,60
113900279,71,76,-5
113900280,624,303,321
113900281,119,520,-401
113900282,506,188,318
113900283,189,191,-2
113900284,238,38,200
113900285,28,14,14
113900286,2,97,-95
113900287,0,62,-62
113900288,0,63,-63
113900289,1081,28,1053
113900290,210,28,182
113900291,121,130,-9
113900292,2,3,-1
113900293,0,153,-153
113900294,168,12,156
113900295,439,168,271
113900296,1924,245,1679
113900297,240,10,230
113900298,5,1124,-1119
113900299,3,69,-66
113900300,3949,1260,2689
113900301,454,161,293
113900302,1819,330,1489
113900303,405,80,325
113900304,0,116,-116
113900305,29,1,28
113900306,1,0,1
113900307,27,1,26
113900308,49,51,-2
113900309,2,585,-583
113900310,1,10,-9
113900311,0,0,0
113900312,31,78,-47
113900313,18,10,8
114000001,736,2272,-1536
114000002,67,404,-337
114000003,26,222,-196
114000004,161,338,-177
114000005,97,202,-105
114000006,4453,1245,3208
114000007,400,932,-532
114000008,1557,624,933
114000009,130,120,10
114000011,1373,2362,-989
114000012,817,2073,-1256
114000013,531,1547,-1016
114000014,247,285,-38
114000015,465,465,0
114000016,224,342,-118
114000017,43,159,-116
114000018,179,49,130
114000026,371,1333,-962
114000027,870,1426,-556
114000028,905,1233,-328
114000038,52,111,-59
114000039,23,60,-37
114000040,54,111,-57
114000042,53,226,-173
114000043,21,142,-121
114000044,42,30,12
114000045,49,72,-23
114000046,2116,2913,-797
114000047,5,41,-36
114000048,20,44,-24
114000049,1194,641,553
114000050,1700,641,1059
114000051,4123,850,3273
114000052,2663,627,2036
114000053,32,239,-207
114000054,31,933,-902
114000055,133,13,120
114000056,675,365,310
114000057,6271,1496,4775
114000058,297,287,10
114000059,108,107,1
114000060,276,743,-467
114000061,2413,724,1689
114000062,1044,313,731
114000063,2916,1103,1813
114000064,6005,1429,4576
114000065,1469,1346,123
114000066,139,401,-262
114000067,12,223,-211
114000068,339,220,119
114000069,431,213,218
114000070,1817,724,1093
114000071,236,376,-140
114000072,67,270,-203
114000073,3,82,-79
114000074,2,11,-9
114000075,13,164,-151
114000076,8,121,-113
114000077,2,57,-55
114000078,50,918,-868
114000079,15,35,-20
114000080,54,54,0
114000081,22,49,-27
114000082,48,512,-464
114000083,9,275,-266
114000084,39,65,-26
114000085,106,719,-613
114000086,52,591,-539
114000087,5,231,-226
114000088,4,41,-37
114000089,1179,421,758
114000090,485,239,246
114000091,1100,252,848
114000092,725,172,553
114000093,576,428,148
114000094,230,321,-91
114000095,47,51,-4
114000096,39,406,-367
114000097,72,840,-768
114000098,95,33,62
114000099,61,810,-749
114000100,278,558,-280
114000101,147,1205,-1058
114000102,84,203,-119
114000103,55,428,-373
114000104,2,278,-276
114000105,6,77,-71
114000106,467,156,311
114000107,60,67,-7
114000108,1392,867,525
114000109,82,211,-129
114000110,268,1271,-1003
114000111,321,185,136
114000112,147,1422,-1275
114000113,245,152,93
114000114,755,1276,-521
114000115,552,225,327
114000116,167,359,-192
114000117,549,208,341
114000118,487,194,293
114000119,356,93,263
114000120,339,683,-344
114000121,208,367,-159
114000122,181,175,6
114000123,278,124,154
114000124,120,138,-18
114000125,464,1165,-701
114000126,341,97,244
114000127,32,78,-46
114000128,270,301,-31
114000130,187,210,-23
114000131,52,14,38
114000132,459,696,-237
114000133,972,1014,-42
114000134,41,176,-135
114000138,35,181,-146
114000139,559,70,489
114000144,332,187,145
114000145,54,145,-91
114000146,43,310,-267
114000147,513,415,98
114000148,1360,502,858
114000149,220,75,145
114000150,844,495,349
114000151,385,429,-44
114000152,183,10,173
114000153,822,785,37
114000154,588,468,120
114000155,1009,863,146
114000156,734,277,457
114000157,183,463,-280
114000158,2013,506,1507
114000159,199,269,-70
114000160,131,119,12
114000161,1097,546,551
114000162,545,397,148
114000163,0,110,-110
114000165,123,62,61
114000166,563,80,483
114000167,3646,827,2819
114000168,916,533,383
114000169,1321,275,1046
114000170,670,217,453
114000171,337,538,-201
114000174,124,240,-116
114000176,633,301,332
114000177,1272,552,720
114000178,23,41,-18
114000179,786,338,448
114000180,195,410,-215
114000181,795,1151,-356
114000182,4057,1506,2551
114000183,784,799,-15
114000184,4694,1352,3342
114000185,502,502,0
114000189,149,19,130
114000190,600,58,542
114000191,7,26,-19
114000192,248,1302,-1054
114000193,728,2540,-1812
114000194,635,891,-256
114000195,22,5,17
114000196,2,267,-265
114000197,334,36,298
114000198,786,264,522
114000199,1075,640,435
114000200,394,2033,-1639
114000201,67,942,-875
114000202,417,486,-69
114000203,215,582,-367
114000204,46,250,-204
114000205,145,1494,-1349
114000206,157,868,-711
114000207,434,1838,-1404
114000208,251,2493,-2242
114000209,365,2598,-2233
114000210,226,1451,-1225
114000211,480,1152,-672
114000212,280,567,-287
114000213,506,419,87
114000214,32,212,-180
114000215,17,56,-39
114000216,262,100,162
114000217,46,206,-160
114000218,45,191,-146
114000219,238,175,63
114000220,8,1108,-1100
114000221,172,34,138
114000222,82,927,-845
114000223,201,17,184
114000224,92,496,-404
114000225,65,415,-350
114000226,33,208,-175
114000227,398,330,68
114000228,239,743,-504
114000229,245,1048,-803
114000230,653,1140,-487
114000231,268,909,-641
114000232,201,66,135
114000233,643,94,549
114000234,547,878,-331
114000235,385,1092,-707
114000236,1,444,-443
114000237,63,951,-888
114000238,14,130,-116
114000239,88,1217,-1129
114000240,322,452,-130
114000241,156,892,-736
114000242,730,751,-21
114000243,473,497,-24
114000244,200,177,23
114000245,224,462,-238
114000246,84,24,60
114000247,273,505,-232
114000248,414,315,99
114000249,167,295,-128
114000250,99,393,-294
114000251,74,311,-237
114000252,24,60,-36
114000253,30,185,-155
114000254,4,67,-63
114000255,210,94,116
114000256,891,200,691
114000257,386,1668,-1282
114000258,61,400,-339
114000259,22,212,-190
114000260,0,17,-17
114000261,12,11,1
114000262,19,161,-142
114000263,0,0,0
114000264,114,403,-289
114000265,0,3,-3
114000267,2,778,-776
114000268,4,1683,-1679
114000270,80,2,78
114000271,147,45,102
114000283,329,333,-4
114000285,42,256,-214
114000288,29,328,-299
114000289,643,117,526
114000293,50,276,-226
114000294,109,287,-178
114000395,494,31,463
114000396,78,178,-100
114000402,153,284,-131
114000403,138,420,-282
114000405,98,472,-374
114000423,26,435,-409
114000424,171,153,18
114000425,95,480,-385
114000426,171,217,-46
114000427,16,104,-88
114000428,261,36,225
114000429,8,191,-183
114000432,22,89,-67
114000434,21,104,-83
114000435,0,105,-105
114900001,115,1229,-1114
114900002,145,30,115
114900003,96,1724,-1628
114900004,50,67,-17
114900005,93,756,-663
114900006,17,14,3
114900007,25,3,22
114900008,54,19,35
114900010,2238,1355,883
114900011,27,35,-8
114900013,31,28,3
114900015,10,115,-105
114900018,388,42,346
114900020,21,29,-8
114900022,16,252,-236
114900024,43,67,-24
114900025,115,151,-36
114900026,14,18,-4
114900027,125,136,-11
114900029,9,9,0
114900030,83,104,-21
114900031,47,27,20
114900032,37,23,14
114900033,737,158,579
114900034,27,266,-239
114900035,75,128,-53
114900036,153,882,-729
114900037,54,199,-145
114900038,92,1006,-914
114900039,313,734,-421
114900040,32,135,-103
114900041,162,599,-437
114900042,245,708,-463
114900043,474,221,253
114900044,29,11,18
114900046,35,144,-109
114900047,146,832,-686
114900048,28,174,-146
114900049,7,199,-192
114900050,17,478,-461
114900051,7,423,-416
114900052,34,155,-121
114900053,22,174,-152
114900054,20,105,-85
114900057,95,4,91
114900058,0,65,-65
114900059,26,31,-5
114900060,1105,176,929
114900061,56,172,-116
114900062,256,158,98
114900063,24,230,-206
114900064,257,579,-322
114900065,97,494,-397
114900067,5,300,-295
114900068,30,134,-104
114900069,175,134,41
114900070,100,480,-380
114900072,6,185,-179
114900073,0,133,-133
114900074,86,871,-785
114900075,53,0,53
114900076,4,280,-276
114900080,2109,249,1860
114900082,2826,997,1829
114900083,202,549,-347
114900090,70,41,29
114900091,97,135,-38
114900095,288,76,212
114900096,513,359,154
114900097,29,0,29
114900098,3,172,-169
114900099,52,3,49
115000001,6819,5224,1595
115000002,1824,2049,-225
115000003,2619,3565,-946
115000004,1196,2868,-1672
115000005,678,2222,-1544
115000006,260,770,-510
115000007,52,85,-33
115000008,212,354,-142
115000009,71,272,-201
115000010,155,76,79
115000013,55,82,-27
115000015,111,116,-5
115000016,47,126,-79
115000019,8,260,-252
115000020,138,143,-5
115000021,156,330,-174
115000022,260,305,-45
115000023,173,185,-12
115000024,641,501,140
115000025,359,234,125
115000026,61,259,-198
115000027,74,101,-27
115000028,53,358,-305
115000029,101,71,30
115000030,129,422,-293
115000031,371,88,283
115000032,7,235,-228
115000033,48,12,36
115000034,57,713,-656
115000035,447,17,430
115000036,0,320,-320
115000037,76,2,74
115000038,32,147,-115
115000039,1798,957,841
115000040,4643,2062,2581
115000041,703,1489,-786
115000042,451,389,62
115000043,2135,1648,487
115000044,2365,3566,-1201
115000045,1200,2209,-1009
115000046,805,1421,-616
115000047,815,1306,-491
115000048,890,2630,-1740
115000049,914,2212,-1298
115000050,1203,1088,115
115000051,1287,799,488
115000052,2540,1531,1009
115000053,807,709,98
115000054,713,1126,-413
115000055,24,336,-312
115000056,80,150,-70
115000057,142,503,-361
115000058,162,81,81
115000059,79,234,-155
115000061,79,47,32
115000062,38,211,-173
115000063,58,310,-252
115000064,105,133,-28
115000065,12,137,-125
115000067,88,20,68
115000069,40,166,-126
115000070,28,469,-441
115000071,65,2,63
115000072,19,37,-18
115000073,803,19,784
115000075,15,37,-22
115000076,2452,2585,-133
115000077,770,3184,-2414
115000078,264,1569,-1305
115000079,499,2008,-1509
115000080,769,2494,-1725
115000081,281,786,-505
115000082,1681,1938,-257
115000083,984,2834,-1850
115000084,478,691,-213
115000085,190,825,-635
115000086,264,771,-507
115000087,354,1145,-791
115000088,859,464,395
115000089,1363,1224,139
115000090,646,405,241
115000091,205,1053,-848
115000092,208,231,-23
115000093,274,0,274
115000094,5254,2608,2646
115000095,4467,2684,1783
115000096,438,1763,-1325
115000097,183,536,-353
115000098,302,702,-400
115000099,675,2319,-1644
115000100,312,292,20
115000101,205,1201,-996
115000102,159,110,49
115000103,288,759,-471
115000105,47,185,-138
115000106,95,122,-27
115000107,114,492,-378
115000108,2723,2409,314
115000109,3529,1089,2440
115000110,815,444,371
115000111,500,926,-426
115000112,285,245,40
115000113,425,585,-160
115000114,983,558,425
115000116,1747,707,1040
115000117,2295,973,1322
115000118,1413,752,661
115000119,1495,899,596
115000120,545,370,175
115000121,1265,389,876
115000122,2540,382,2158
115000123,1203,631,572
115000124,415,410,5
115000125,211,391,-180
115000126,65,155,-90
115000127,178,74,104
115000128,710,489,221
115000129,133,95,38
115000130,102,846,-744
115000131,161,248,-87
115000132,49,380,-331
115000133,107,292,-185
115000134,50,134,-84
115000135,40,183,-143
115000136,62,164,-102
115000137,47,116,-69
115000138,101,162,-61
115000139,107,252,-145
115000140,69,143,-74
115000141,97,263,-166
115000142,35,279,-244
115000143,146,352,-206
115000144,175,43,132
115000145,95,405,-310
115000146,113,167,-54
115000147,163,451,-288
115000148,147,1224,-1077
115000149,214,117,97
115000150,322,1160,-838
115000151,203,275,-72
115000152,259,1560,-1301
115000153,205,268,-63
115000154,269,215,54
115000155,242,1037,-795
115000156,504,351,153
115000157,601,657,-56
115000158,343,194,149
115000159,456,157,299
115000160,314,124,190
115000161,122,439,-317
115000162,358,262,96
115000163,397,399,-2
115000164,338,330,8
115000165,194,216,-22
115000167,63,48,15
115000168,371,247,124
115000169,331,279,52
115000170,64,109,-45
115000171,218,137,81
115000172,1282,390,892
115000173,154,169,-15
115000174,12,126,-114
115000175,71,99,-28
115000176,65,30,35
115000177,20,92,-72
115000178,1,228,-227
115000179,17,21,-4
115000180,39,536,-497
115000181,148,85,63
115000182,284,275,9
115000183,60,763,-703
115000186,348,183,165
115000187,86,529,-443
115000188,317,242,75
115000189,162,294,-132
115000190,392,174,218
115000191,189,255,-66
115000194,88,69,19
115000195,314,139,175
115000196,77,102,-25
115000197,65,314,-249
115000198,64,193,-129
115000199,41,251,-210
115000200,195,79,116
115000201,30,301,-271
115000206,67,23,44
115000207,16,274,-258
115000208,358,508,-150
115000209,116,112,4
115000210,63,49,14
115000211,95,119,-24
115000212,881,230,651
115000224,82,30,52
115000225,35,31,4
115000229,212,100,112
115000230,52,328,-276
115000231,239,1952,-1713
115000232,492,294,198
115000233,36,211,-175
115000234,14,178,-164
115000241,22,185,-163
115000242,37,204,-167
115000243,16,248,-232
115000244,8,66,-58
115000246,14,4,10
115000247,9,20,-11
115000248,7,3,4
115000249,50,6,44
115000250,63,35,28
115000251,30,93,-63
115000252,4,88,-84
115000253,5,83,-78
115000258,52,156,-104
115000259,128,77,51
115000261,6,42,-36
115000262,1,14,-13
115000263,1,31,-30
115000264,13,21,-8
115000267,7,42,-35
115000268,14,46,-32
115000269,21,35,-14
115000270,1,11,-10
115000272,11,97,-86
115000273,106,12,94
115000280,1855,33,1822
115000281,663,56,607
115000282,629,178,451
115000284,274,37,237
115000296,210,2,208
115000297,108,9,99
115000298,173,43,130
115000300,33,170,-137
115000302,81,142,-61
115000303,170,107,63
115000304,194,66,128
115000305,20,861,-841
115000306,48,510,-462
115000307,14,284,-270
115000308,33,7,26
115000309,8,3,5
115000310,351,1091,-740
115000311,184,998,-814
115000313,40,617,-577
115000314,75,48,27
115000315,1184,187,997
115000316,5,43,-38
115000317,93,426,-333
115000318,208,131,77
115000319,13,180,-167
115000320,3,70,-67
115000321,125,6,119
115000322,16,189,-173
115000449,220,53,167
115000557,0,177,-177
115000558,85,49,36
115000587,120,184,-64
115000588,1518,3296,-1778
115000589,1702,1916,-214
115000590,409,1067,-658
115000591,617,411,206
115000592,510,886,-376
115000593,992,244,748
115000594,592,842,-250
115000609,145,119,26
115000617,767,591,176
115000624,60,68,-8
115000633,214,1277,-1063
115000634,1546,381,1165
115000635,106,69,37
115000638,967,513,454
115000641,109,60,49
115000642,307,165,142
115000643,71,368,-297
115000644,83,398,-315
115000646,380,554,-174
115000647,64,295,-231
115000648,464,1218,-754
115000893,2626,596,2030
115000894,44,919,-875
115000895,165,650,-485
115000896,567,173,394
115000897,354,31,323
115000898,708,121,587
115000899,720,609,111
115000900,47,229,-182
115000901,68,61,7
115000912,118,45,73
115000913,3,25,-22
115000915,9,0,9
115000916,3,0,3
115000917,0,2,-2
115000918,55,76,-21
115000919,18,1,17
115000920,5,18,-13
115000921,976,21,955
115000922,846,232,614
115000923,394,559,-165
115000925,14,48,-34
115000927,11,9,2
115000933,272,87,185
115000934,39,180,-141
115000935,13,53,-40
115000936,22,102,-80
115000937,860,103,757
115000938,91,74,17
115000939,108,56,52
115000940,1,4,-3
115000941,1,4,-3
115000942,29,24,5
115000943,58,9,49
115000944,11,6,5
115900001,7,100,-93
115900002,108,138,-30
115900003,38,98,-60
115900004,2,31,-29
115900005,29,2,27
115900006,36,296,-260
115900008,12,2,10
115900009,24,199,-175
115900010,57,146,-89
115900011,95,239,-144
115900012,7,67,-60
115900013,398,116,282
115900014,35,81,-46
115900015,10,128,-118
115900016,33,22,11
115900017,2,0,2
115900018,111,44,67
115900019,221,11,210
115900020,5,0,5
115900021,1374,54,1320
115900022,1557,3,1554
115900023,0,0,0
115900025,32,96,-64
115900026,758,364,394
115900027,2,330,-328
115900028,388,29,359
115900029,5,437,-432
115900030,6,7,-1
115900031,207,74,133
115900032,171,489,-318
115900033,0,32,-32
115900034,5,460,-455
115900035,47,63,-16
115900036,113,95,18
115900037,11,412,-401
115900038,3,7,-4
115900039,38,222,-184
115900041,127,122,5
115900042,2,0,2
115900043,14,106,-92
115900044,106,97,9
115900046,74,230,-156
115900047,20,8,12
115900049,39,142,-103
115900051,0,65,-65
115900052,4,359,-355
115900053,36,213,-177
115900054,28,33,-5
115900055,14,177,-163
115900056,29,259,-230
115900057,0,4,-4
115900058,44,95,-51
115900060,21,79,-58
115900061,25,0,25
115900062,5,282,-277
115900063,52,10,42
115900064,111,139,-28
115900065,21,69,-48
115900066,103,143,-40
115900067,3,602,-599
115900068,3141,78,3063
115900069,44,132,-88
115900070,60,210,-150
115900071,1,572,-571
115900072,54,142,-88
115900073,11,13,-2
115900074,1,326,-325
115900075,13,260,-247
115900076,1,103,-102
115900077,11,281,-270
115900078,20,161,-141
115900079,27,3,24
115900080,256,83,173
115900081,1,70,-69
115900082,68,83,-15
115900084,53,13,40
115900085,38,12,26
115900086,977,252,725
115900088,5,9,-4
115900089,61,700,-639
115900090,41,5,36
115900091,0,4,-4
115900092,4,210,-206
115900093,1,28,-27
115900094,6,371,-365
115900096,0,13,-13
115900097,12,527,-515
115900098,32,372,-340
115900099,11,113,-102
115900100,5,436,-431
115900101,45,225,-180
115900102,10,45,-35
115900103,89,162,-73
115900104,16,96,-80
115900105,14,525,-511
115900106,11,11,0
115900107,10,153,-143
115900108,24,28,-4
115900109,23,320,-297
115900110,0,3,-3
115900111,0,38,-38
115900112,12,602,-590
115900113,21,7,14
115900114,0,133,-133
115900115,8,139,-131
115900116,41,773,-732
115900117,8,10,-2
115900118,0,295,-295
115900119,17,70,-53
115900120,24,219,-195
115900121,58,173,-115
115900124,61,124,-63
115900125,59,14,45
115900126,172,10,162
115900127,182,16,166
115900128,3,43,-40
115900129,277,13,264
115900130,22,136,-114
115900131,36,27,9
115900132,79,7,72
115900134,49,8,41
115900135,503,328,175
115900137,18,2,16
115900139,41,8,33
115900140,16,3,13
115900141,6,21,-15
115900142,1,2,-1
115900143,38,113,-75
115900144,10,108,-98
115900146,3,78,-75
115900147,98,89,9
115900148,1,4,-3
115900149,14,52,-38
115900150,10,50,-40
115900151,4,29,-25
115900152,30,211,-181
115900153,10,203,-193
115900154,242,182,60
115900155,0,52,-52
115900156,234,464,-230
115900157,37,345,-308
115900158,16,6,10
115900159,13,184,-171
115900160,14,1,13
115900161,13,119,-106
115900163,65,67,-2
115900164,86,23,63
115900166,112,135,-23
115900168,7,103,-96
115900171,34,191,-157
115900172,13,113,-100
115900173,68,141,-73
115900174,180,154,26
115900175,23,90,-67
115900178,2,608,-606
115900179,30,14,16
115900180,24,270,-246
115900181,39,269,-230
115900182,94,220,-126
115900183,39,6,33
115900184,785,15,770
115900187,10,101,-91
115900189,0,52,-52
115900190,387,237,150
115900191,55,423,-368
115900192,1,31,-30
115900193,47,16,31
115900194,126,14,112
115900195,289,316,-27
115900198,157,169,-12
115900199,117,162,-45
115900200,278,199,79
115900201,79,116,-37
115900202,0,3,-3
115900203,0,0,0
115900204,0,0,0
115900205,9,7,2
115900206,20,110,-90
115900207,5,13,-8
115900208,13,232,-219
115900209,3,109,-106
115900210,2,131,-129
115900211,1,186,-185
115900212,25,195,-170
115900213,9,7,2
115900214,62,261,-199
115900215,22,14,8
115900216,5,42,-37
115900217,3,35,-32
115900218,0,35,-35
115900219,7,1,6
115900220,23,10,13
115900221,5,16,-11
115900222,8,4,4
115900223,1,21,-20
115900224,1072,155,917
115900225,90,11,79
115900226,8,30,-22
115900227,6,23,-17
115900228,0,21,-21
115900229,1,23,-22
115900230,30,47,-17
115900231,53,0,53
115900232,8,0,8
115900233,16,5,11
115900234,16,7,9
115900235,2,3,-1
115900236,3,15,-12
115900237,2,30,-28
115900238,2,12,-10
115900239,3,17,-14
115900240,0,43,-43
115900241,35,38,-3
115900242,92,82,10
115900243,0,2,-2
115900244,0,11,-11
115900245,4,9,-5
115900246,4,0,4
115900247,16,2,14
115900248,12,1,11
115900249,1,1,0
115900250,2,7,-5
115900251,0,8,-8
115900252,0,4,-4
115900253,6,3,3
115900254,6,19,-13
115900255,4,3,1
115900256,6,3,3
115900257,0,3,-3
115900258,0,3,-3
115900259,0,1,-1
115900260,15,1,14
115900261,3,0,3
115900262,0,0,0
115900263,3,0,3
115900264,1,1,0
115900265,2,7,-5
115900266,2,7,-5
115900267,0,4,-4
115900268,0,3,-3
115900269,77,250,-173
115900270,103,576,-473
115900271,12,0,12
115900272,3,0,3
115900273,0,2,-2
115900274,0,14,-14
115900275,0,22,-22
115900276,0,52,-52
115900277,0,87,-87
115900278,3,61,-58
115900279,3,69,-66
115900280,16,74,-58
115900281,364,62,302
115900282,9,9,0
115900283,0,1,-1
115900284,4,5,-1
116000001,13037,3266,9771
116000002,1811,2198,-387
116000003,881,1250,-369
116000004,657,796,-139
116000005,1515,1917,-402
116000006,913,597,316
116000007,2540,2677,-137
116000008,1496,899,597
116000009,1104,1931,-827
116000010,604,398,206
116000011,506,1298,-792
116000012,253,312,-59
116000013,12642,3146,9496
116000014,16019,3037,12982
116000015,220,282,-62
116000016,5175,711,4464
116000017,16,198,-182
116000018,364,236,128
116000019,197,155,42
116000020,167,814,-647
116000021,95,150,-55
116000022,117,321,-204
116000023,254,272,-18
116000024,368,965,-597
116000025,424,294,130
116000026,863,1273,-410
116000027,228,221,7
116000028,176,197,-21
116000029,715,346,369
116000030,169,85,84
116000031,77,181,-104
116000032,48,215,-167
116000033,58,256,-198
116000034,153,539,-386
116000035,74,312,-238
116000036,1219,190,1029
116000037,305,183,122
116000038,284,168,116
116000039,426,181,245
116000040,438,124,314
116000041,134,387,-253
116000042,213,131,82
116000043,39,350,-311
116000044,5,76,-71
116000045,494,431,63
116000046,429,481,-52
116000047,970,978,-8
116000048,804,739,65
116000049,313,814,-501
116000050,483,874,-391
116000051,986,695,291
116000052,1293,1950,-657
116000053,460,616,-156
116000054,271,1742,-1471
116000055,104,1072,-968
116000056,197,471,-274
116000057,1593,1580,13
116000058,1538,1125,413
116000059,1172,1776,-604
116000060,1790,424,1366
116000061,387,651,-264
116000062,354,150,204
116000063,213,828,-615
116000066,57,120,-63
116000067,143,434,-291
116000068,100,75,25
116000069,89,399,-310
116000078,86,509,-423
116000080,574,697,-123
116000082,8,58,-50
116000083,710,262,448
116000084,1310,2731,-1421
116000085,1137,473,664
116000086,1337,1198,139
116000087,680,483,197
116000088,423,745,-322
116000089,76,65,11
116000090,71,163,-92
116000091,80,60,20
116000093,569,282,287
116000094,157,472,-315
116000095,278,294,-16
116000096,255,714,-459
116000097,173,454,-281
116000098,145,1932,-1787
116000099,5423,212,5211
116000100,21,8,13
116000101,197,1104,-907
116000102,82,959,-877
116000103,121,162,-41
116000104,72,1228,-1156
116000105,364,158,206
116000106,106,746,-640
116000107,347,469,-122
116000108,9,143,-134
116000111,16,3,13
116000113,59,31,28
116000114,24,109,-85
116000115,49,17,32
116000116,88,439,-351
116000117,422,966,-544
116000118,520,1107,-587
116000119,764,862,-98
116000120,1305,3596,-2291
116000121,346,274,72
116000122,801,1776,-975
116000123,190,256,-66
116000124,119,872,-753
116000125,568,305,263
116000126,97,1073,-976
116000127,508,1127,-619
116000128,582,444,138
116000129,187,166,21
116000130,74,104,-30
116000133,153,633,-480
116000134,610,1992,-1382
116000135,614,826,-212
116000136,522,1605,-1083
116000137,177,366,-189
116000138,911,280,631
116000139,967,1582,-615
116000140,46,142,-96
116000141,182,732,-550
116000142,2567,3001,-434
116000143,1300,869,431
116000144,678,2414,-1736
116000145,910,1087,-177
116000146,115,229,-114
116000147,88,54,34
116000148,127,264,-137
116000149,179,392,-213
116000151,294,723,-429
116000153,19,240,-221
116000155,129,121,8
116000156,640,502,138
116000157,19,11,8
116000158,53,281,-228
116000159,3,3,0
116000160,24,65,-41
116000161,5,66,-61
116000162,22,14,8
116000163,8,4,4
116000164,0,7,-7
116000177,6,52,-46
116000194,32,234,-202
116000195,550,398,152
116000196,1,0,1
116000197,4,4,0
116000198,1606,616,990
116000200,397,149,248
116000201,275,525,-250
116000202,1,203,-202
116000203,0,64,-64
116000204,10,43,-33
116000205,0,89,-89
116000206,1,57,-56
116000207,3,37,-34
116000233,74,580,-506
116000287,34,407,-373
116000288,59,173,-114
116000292,6,157,-151
116000296,4,145,-141
116000297,26,28,-2
116000304,9,33,-24
116000305,8,56,-48
116000346,29,153,-124
116000352,10,27,-17
116000354,15,9,6
116000357,0,2,-2
116000358,47,9,38
116000361,366,2,364
116000372,8034,1150,6884
116000381,17,0,17
116000388,2,22,-20
116000389,302,399,-97
116000445,89,577,-488
116000446,88,730,-642
116000447,4,266,-262
116000448,352,151,201
116000563,359,205,154
116000565,52,309,-257
116000568,31,82,-51
116000579,14,86,-72
116000584,4,18,-14
116000585,5,6,-1
116000586,130,42,88
116000587,30,238,-208
116000589,8,84,-76
116000590,18,16,2
116000591,26,171,-145
116000592,16,116,-100
116000593,0,27,-27
116000594,123,444,-321
116000595,205,109,96
116000596,12,5,7
116000597,84,21,63
116000598,13,163,-150
116000605,73,85,-12
116000606,7,90,-83
116000607,1,34,-33
116000609,124,304,-180
116000611,22,415,-393
116000612,293,1270,-977
116000613,106,232,-126
116000614,251,660,-409
116000615,1,67,-66
116000616,11,141,-130
116000617,20,101,-81
116000618,3,144,-141
116000619,4,28,-24
116000620,4,10,-6
116000621,13,39,-26
116000622,7,76,-69
116000624,37,30,7
116000627,7,29,-22
116000628,40,736,-696
116000629,16,425,-409
116000630,80,27,53
116000631,38,34,4
116000632,139,104,35
116000633,69,358,-289
116000634,61,255,-194
116000635,1483,794,689
116000636,532,460,72
116000637,83,89,-6
116000638,34,403,-369
116000640,9,5,4
116000641,49,118,-69
116000644,17,1013,-996
116900001,80,83,-3
116900002,158,1,157
116900003,1,49,-48
116900004,9,31,-22
116900005,58,26,32
116900006,116,87,29
116900007,58,128,-70
116900008,90,410,-320
116900009,7,2,5
116900010,5,1372,-1367
116900011,13,24,-11
116900012,30,139,-109
116900013,6,99,-93
116900014,8,281,-273
116900015,54,48,6
116900016,14,0,14
116900017,2,518,-516
116900018,10,20,-10
116900019,2,327,-325
116900020,991,122,869
116900023,7,8,-1
116900024,77,62,15
116900025,203,843,-640
116900026,99,471,-372
116900027,10,17,-7
116900028,1,86,-85
116900029,13,9,4
116900031,0,3,-3
116900032,1,249,-248
116900033,1,2,-1
116900034,6,60,-54
116900035,33,106,-73
116900036,1,57,-56
116900038,5,1,4
116900041,11,7,4
116900042,665,114,551
116900043,0,49,-49
116900047,32,11,21
116900049,35,137,-102
116900050,40,220,-180
116900051,7,167,-160
116900052,92,34,58
116900055,0,1,-1
116900057,5,158,-153
116900058,22,302,-280
116900059,0,88,-88
116900060,44,139,-95
116900062,0,0,0
116900064,23,714,-691
116900065,4,57,-53
116900067,24,83,-59
116900068,61,392,-331
116900070,0,2,-2
116900072,13,348,-335
116900073,13,113,-100
116900074,1,16,-15
116900076,3,9,-6
116900077,3,140,-137
116900078,139,63,76
116900079,9,227,-218
116900080,1,11,-10
116900081,75,872,-797
116900082,97,806,-709
116900083,18,38,-20
116900084,101,43,58
116900085,8,103,-95
116900086,13,156,-143
116900088,225,43,182
116900090,76,42,34
116900091,50,42,8
116900092,31,627,-596
116900093,1335,976,359
116900094,4447,1078,3369
116900095,80,130,-50
116900096,28,49,-21
116900097,2015,627,1388
116900098,700,61,639
116900099,219,148,71
116900100,191,9,182
116900101,156,459,-303
116900103,0,0,0
116900104,12,30,-18
116900105,91,7,84
116900106,298,278,20
116900107,2849,533,2316
116900110,8,0,8
116900111,114,901,-787
116900112,56,522,-466
116900113,1878,458,1420
116900116,61,130,-69
116900117,4,43,-39
116900118,762,243,519
116900120,54,47,7
116900121,22,24,-2
116900122,125,622,-497
116900123,28,602,-574
116900124,43,474,-431
116900125,70,121,-51
116900126,136,243,-107
116900128,0,32,-32
116900129,3,227,-224
116900130,768,1243,-475
116900131,15,93,-78
116900132,5,33,-28
116900133,23,73,-50
116900134,53,113,-60
116900136,31,103,-72
116900137,80,130,-50
116900138,60,142,-82
116900139,42,273,-231
116900140,48,145,-97
116900141,174,237,-63
116900142,0,10,-10
116900143,59,334,-275
116900144,4,13,-9
116900145,56,289,-233
116900147,392,223,169
116900148,0,12,-12
116900149,13,45,-32
116900150,2,2,0
116900151,34,8,26
116900153,47,40,7
116900154,178,68,110
116900155,18,19,-1
116900157,72,168,-96
116900158,25,28,-3
116900159,31,111,-80
116900160,211,159,52
116900161,6030,1523,4507
116900162,3,134,-131
116900163,23,104,-81
116900164,7,17,-10
116900165,47,35,12
116900166,3,57,-54
116900167,59,36,23
116900168,40,67,-27
116900169,355,70,285
116900170,42,132,-90
116900171,11,174,-163
116900172,123,28,95
116900173,8,45,-37
116900174,4,16,-12
116900175,67,25,42
116900178,5,142,-137
116900179,44,21,23
116900180,11,22,-11
116900182,135,150,-15
116900183,49,50,-1
116900185,3,12,-9
116900186,32,195,-163
116900187,7,8,-1
116900188,33,5,28
116900189,16,0,16
116900191,124,203,-79
116900192,83,87,-4
116900194,10,190,-180
116900195,15,4,11
116900196,11,83,-72
116900197,20,0,20
116900198,288,92,196
116900200,12,41,-29
116900201,16,1,15
116900202,65,23,42
116900203,28,1,27
116900204,18,37,-19
116900206,2,35,-33
116900207,1,13,-12
116900208,2,76,-74
116900209,9,102,-93
116900210,136,97,39
116900211,78,14,64
116900212,2,61,-59
116900213,84,145,-61
116900214,24,97,-73
116900215,9,63,-54
116900216,88,255,-167
116900218,3,316,-313
116900219,367,293,74
116900220,22,138,-116
116900221,18,194,-176
116900222,178,186,-8
116900223,41,107,-66
116900226,7,69,-62
116900227,35,46,-11
116900228,78,238,-160
116900230,15,240,-225
116900231,3,373,-370
116900232,7,355,-348
116900233,50,41,9
116900234,5,3,2
116900235,47,179,-132
116900238,829,164,665
116900239,31,360,-329
116900240,3886,902,2984
116900241,15,88,-73
116900242,1002,133,869
116900243,0,30,-30
116900245,7,11,-4
116900246,7,15,-8
116900247,76,7,69
116900248,16,32,-16
116900249,50,58,-8
116900250,66,13,53
116900251,375,73,302
116900252,19,616,-597
116900253,20,54,-34
116900254,2,66,-64
116900255,74,19,55
116900256,59,40,19
116900257,4,473,-469
116900258,2,267,-265
116900259,13,1,12
116900260,0,102,-102
116900261,3,1,2
116900262,27,66,-39
116900263,0,3,-3
116900264,8,11,-3
116900265,3,0,3
116900266,0,33,-33
116900267,7,0,7
116900268,11,3,8
116900269,159,332,-173
116900271,1464,47,1417
116900272,352,363,-11
116900273,113,6,107
116900274,69,58,11
116900275,34,98,-64
116900276,310,23,287
116900277,374,10,364
116900278,1,3,-2
116900279,0,11,-11
116900280,6,11,-5
116900281,5242,871,4371
116900282,3,75,-72
116900283,4,77,-73
116900284,8,133,-125
116900285,245,88,157
116900286,117,5,112
116900287,2,60,-58
116900288,8,93,-85
116900289,1,33,-32
116900290,0,30,-30
116900291,0,1,-1
116900292,0,0,0
116900293,7,73,-66
116900294,5,61,-56
116900295,94,36,58
116900296,14,24,-10
116900297,0,17,-17
116900298,65,14,51
116900299,10,30,-20
116900300,29,103,-74
116900301,27,50,-23
116900302,18,34,-16
116900303,349,9,340
116900304,0,79,-79
116900305,18,22,-4
116900306,8,83,-75
116900307,7,0,7
116900308,0,137,-137
116900309,10,113,-103
117000001,529,626,-97
117000002,832,2816,-1984
117000003,3787,1414,2373
117000004,2922,3271,-349
117000005,608,910,-302
117000006,589,3159,-2570
117000007,1264,754,510
117000008,751,2859,-2108
117000009,2582,726,1856
117000010,1816,2767,-951
117000011,553,876,-323
117000012,631,1443,-812
117000013,465,730,-265
117000014,438,1928,-1490
117000015,1488,707,781
117000016,249,49,200
117000017,275,100,175
117000018,101,169,-68
117000019,123,5,118
117000020,526,461,65
117000021,2389,391,1998
117000022,407,30,377
117000023,416,120,296
117000024,327,59,268
117000025,601,410,191
117000026,1710,468,1242
117000027,1061,648,413
117000028,489,247,242
117000030,347,394,-47
117000031,224,148,76
117000032,1268,926,342
117000033,607,497,110
117000034,96,191,-95
117000035,123,146,-23
117000036,136,204,-68
117000037,69,150,-81
117000038,122,230,-108
117000039,95,206,-111
117000040,62,1167,-1105
117000041,273,97,176
117000044,14,908,-894
117000045,153,37,116
117000046,262,686,-424
117000047,235,418,-183
117000048,1367,1037,330
117000049,92,202,-110
117000050,51,1980,-1929
117000051,721,125,596
117000052,6,545,-539
117000053,76,29,47
117000054,622,3,619
117000055,5,2742,-2737
117000056,224,10,214
117000057,434,1334,-900
117000060,244,1833,-1589
117000061,641,363,278
117000062,84,388,-304
117000063,363,339,24
117000064,583,537,46
117000066,640,395,245
117000067,91,189,-98
117000074,95,72,23
117000076,65,35,30
117000077,94,53,41
117000078,40,304,-264
117000079,96,88,8
117000080,0,317,-317
117000081,383,85,298
117000082,8,68,-60
117000083,50,6,44
117000084,156,1,155
117000085,59,264,-205
117000086,617,576,41
117000087,76,299,-223
117000088,145,105,40
117000089,705,189,516
117000090,106,1337,-1231
117000091,199,259,-60
117000092,171,1556,-1385
117000093,355,415,-60
117000094,370,1898,-1528
117000095,684,438,246
117000096,266,2027,-1761
117000097,370,728,-358
117000098,1818,4581,-2763
117000099,918,489,429
117000100,37,62,-25
117000101,157,1103,-946
117000102,417,304,113
117000103,462,1491,-1029
117000104,406,367,39
117000105,370,1700,-1330
117000106,257,384,-127
117000107,205,2154,-1949
117000108,369,443,-74
117000109,1102,2357,-1255
117000110,508,360,148
117000111,1733,2938,-1205
117000112,1058,1125,-67
117000113,44,308,-264
117000114,35,37,-2
117000115,15,175,-160
117000116,25,123,-98
117000117,877,159,718
117000118,137,168,-31
117000119,189,18,171
117000120,69,43,26
117000121,18,150,-132
117000122,315,454,-139
117000123,856,18,838
117000124,96,23,73
117000125,181,27,154
117000126,28,45,-17
117000127,126,179,-53
117000128,289,274,15
117000129,293,224,69
117000130,36,5,31
117000131,2,179,-177
117000132,579,43,536
117000133,289,63,226
117000134,0,44,-44
117000135,1,29,-28
117000136,0,55,-55
117000137,24,20,4
117000138,1,278,-277
117000140,186,1458,-1272
117000141,428,338,90
117000181,672,330,342
117000182,152,78,74
117000195,78,1064,-986
117000196,46,12,34
117000225,122,4,118
117000226,0,84,-84
117000276,26,5,21
117000277,1,446,-445
117000310,1338,1706,-368
117000315,14,281,-267
117000320,54,1,53
117000906,48,21,27
117000907,4,390,-386
117000909,57,33,24
117000910,134,80,54
117000911,82,188,-106
117000915,2,535,-533
117000916,2,3,-1
117000917,247,7,240
117000918,14,12,2
117000919,16,118,-102
117000920,3,1351,-1348
117000921,4,1993,-1989
117000922,12,32,-20
117000924,112,324,-212
117000926,886,59,827
117000927,368,176,192
117000928,0,213,-213
117000929,65,476,-411
117000930,26,9,17
117000931,216,18,198
117900002,66,234,-168
117900003,570,149,421
117900005,0,6,-6
117900006,0,16,-16
117900007,28,140,-112
117900008,1,33,-32
117900010,92,147,-55
117900011,14,8,6
117900012,8,131,-123
117900013,1,234,-233
117900014,135,246,-111
117900015,7,225,-218
117900016,628,198,430
117900017,139,447,-308
117900018,206,33,173
117900019,101,465,-364
117900020,24,89,-65
117900021,7,109,-102
117900022,10,23,-13
117900023,499,47,452
117900024,43,159,-116
117900025,21,10,11
117900026,83,338,-255
117900028,11,4,7
117900029,53,811,-758
117900030,74,96,-22
117900031,63,37,26
117900032,256,103,153
117900033,64,829,-765
117900034,30,28,2
117900035,36,24,12
117900036,59,648,-589
117900037,15,82,-67
117900038,7,317,-310
117900039,0,44,-44
117900040,49,483,-434
117900041,6,45,-39
117900042,2849,215,2634
117900043,8,36,-28
117900044,14,911,-897
117900045,51,33,18
117900048,57,179,-122
117900049,23,588,-565
117900050,6,25,-19
117900051,13,3,10
117900052,30,205,-175
117900053,330,485,-155
117900054,1,12,-11
117900055,83,46,37
117900056,57,17,40
117900057,408,945,-537
117900058,27,8,19
117900059,544,31,513
117900060,374,3567,-3193
117900061,4,101,-97
117900063,84,135,-51
117900065,407,727,-320
117900066,5,36,-31
117900067,150,217,-67
117900069,195,322,-127
117900070,111,7,104
117900071,45,82,-37
117900073,66,259,-193
117900074,83,2,81
117900075,19,86,-67
117900076,8,38,-30
117900077,32,76,-44
117900078,124,180,-56
117900080,58,38,20
117900081,400,237,163
117900082,109,131,-22
117900083,85,544,-459
117900086,27,29,-2
117900087,12,41,-29
117900088,1625,818,807
117900089,498,124,374
117900090,79,685,-606
117900091,88,75,13
117900092,8,33,-25
117900093,33,41,-8
117900094,1,2,-1
117900095,101,429,-328
117900096,26,141,-115
117900097,33,52,-19
117900098,1,1,0
117900099,51,240,-189
117900100,22,2,20
117900101,263,569,-306
117900102,8,40,-32
117900103,4,0,4
117900104,6,78,-72
117900105,70,89,-19
117900106,19,26,-7
117900107,2,0,2
117900109,148,188,-40
117900110,12,0,12
117900111,105,1,104
117900112,8,8,0
117900113,2043,1015,1028
117900114,2,0,2
117900115,38,5,33
117900116,507,362,145
117900117,151,171,-20
117900118,25,0,25
117900119,25,195,-170
117900120,40,65,-25
117900121,20,15,5
117900122,515,657,-142
117900123,274,629,-355
117900124,231,306,-75
117900125,617,374,243
117900126,238,388,-150
117900127,127,384,-257
117900128,96,648,-552
117900129,8,0,8
117900130,391,213,178
117900131,0,73,-73
117900132,4,60,-56
117900133,1,95,-94
117900134,23,158,-135
117900135,7,229,-222
117900136,0,36,-36
117900137,10,275,-265
117900138,0,28,-28
117900139,18,92,-74
117900140,3303,107,3196
117900141,103,136,-33
117900142,4,8,-4
117900144,52,50,2
117900145,18,3,15
117900146,59,48,11
117900147,40,35,5
117900148,1788,627,1161
117900149,6,115,-109
117900150,14,77,-63
117900151,15,155,-140
117900152,49,63,-14
117900153,1,58,-57
117900154,103,412,-309
117900156,351,315,36
117900157,45,196,-151
117900158,68,22,46
117900160,166,159,7
117900161,1503,1589,-86
117900162,90,266,-176
117900163,45,15,30
117900165,0,7,-7
117900166,55,59,-4
117900168,33,97,-64
117900169,1,97,-96
117900170,0,22,-22
117900171,3,13,-10
117900172,6,25,-19
117900173,97,34,63
117900174,23,23,0
117900175,2,19,-17
117900176,2,48,-46
117900177,2,26,-24
117900178,35,19,16
117900180,152,12,140
117900181,55,39,16
117900182,0,12,-12
117900183,9,87,-78
117900184,1,19,-18
117900185,7,11,-4
117900186,9,21,-12
117900187,4,7,-3
117900188,90,12,78
117900189,31,4,27
117900190,3,0,3
117900191,21,0,21
117900192,11,0,11
117900193,3,14,-11
117900194,4,2,2
117900195,0,12,-12
117900196,3,9,-6
117900207,47,11,36
117900208,4,19,-15
117900209,74,84,-10
117900210,84,96,-12
117900211,2,117,-115
117900212,38,84,-46
117900213,4,3,1
117900214,0,31,-31
117900215,5,41,-36
117900216,25,6,19
117900217,34,22,12
117900218,184,79,105
117900219,0,23,-23
117900220,31,59,-28
117900222,88,176,-88
117900223,41,87,-46
118000001,371,245,126
118000002,879,1039,-160
118000003,883,596,287
118000004,2195,1532,663
118000005,2547,870,1677
118000006,4934,3621,1313
118000007,3139,1074,2065
118000008,2840,1774,1066
118000009,1318,1766,-448
118000010,1753,2596,-843
118000011,343,2221,-1878
118000012,575,2078,-1503
118000013,2375,2011,364
118000014,1329,2959,-1630
118000016,193,439,-246
118000017,98,231,-133
118000018,95,523,-428
118000019,1019,710,309
118000020,634,670,-36
118000021,538,967,-429
118000022,1483,416,1067
118000023,871,137,734
118000024,909,323,586
118000027,9229,2531,6698
118000029,720,288,432
118000032,583,774,-191
118000033,1422,1311,111
118000034,2542,1022,1520
118000035,925,958,-33
118000036,616,761,-145
118000037,322,499,-177
118000038,80,107,-27
118000039,49,191,-142
118000040,878,1759,-881
118000041,1068,957,111
118000045,348,47,301
118000046,838,309,529
118000047,971,207,764
118000048,2376,692,1684
118000051,806,277,529
118000052,382,159,223
118000053,189,161,28
118000054,1500,580,920
118000055,1044,744,300
118000056,150,141,9
118000057,139,235,-96
118000058,1632,535,1097
118000059,1085,320,765
118000060,292,494,-202
118000061,238,662,-424
118000062,282,105,177
118000063,192,223,-31
118000064,474,672,-198
118000065,3397,783,2614
118000066,451,545,-94
118000067,1096,700,396
118000068,1114,1581,-467
118000069,2143,740,1403
118000070,5723,929,4794
118000071,2348,2218,130
118000072,1283,628,655
118000073,1571,301,1270
118000074,128,268,-140
118000075,377,226,151
118000076,647,725,-78
118000077,840,694,146
118000078,1199,1419,-220
118000079,176,283,-107
118000080,799,488,311
118000081,967,845,122
118000082,202,376,-174
118000083,1704,602,1102
118000084,1879,1096,783
118000086,85,588,-503
118000087,4579,1463,3116
118000088,1498,1292,206
118000089,2996,1566,1430
118000090,1473,1159,314
118000091,911,1016,-105
118000092,1039,270,769
118000093,76,384,-308
118000096,300,280,20
118000097,320,336,-16
118000098,138,96,42
118000099,101,836,-735
118000101,309,300,9
118000102,151,1299,-1148
118000107,2266,265,2001
118000108,214,427,-213
118000110,0,9,-9
118000111,4,431,-427
118000112,57,0,57
118000113,3,691,-688
118000114,98,1,97
118000115,4,1,3
118000116,8,0,8
118000117,715,550,165
118000118,441,567,-126
118000119,381,857,-476
118000120,926,857,69
118000121,43,278,-235
118000122,555,64,491
118000123,31,191,-160
118000125,941,769,172
118000126,253,1311,-1058
118000127,999,478,521
118000128,518,838,-320
118000129,440,153,287
118000130,2377,3242,-865
118000131,468,731,-263
118000132,1565,1101,464
118000133,246,368,-122
118000135,176,167,9
118000136,61,371,-310
118000137,357,66,291
118000138,93,571,-478
118000139,73,122,-49
118000140,1075,1454,-379
118000141,958,1499,-541
118000142,700,1735,-1035
118000143,438,560,-122
118000144,906,632,274
118000145,616,2248,-1632
118000146,532,1356,-824
118000147,431,1447,-1016
118000148,180,871,-691
118000149,266,790,-524
118000150,73,151,-78
118000151,97,326,-229
118000153,344,743,-399
118000154,349,1144,-795
118000155,371,890,-519
118000156,1412,1283,129
118000157,180,230,-50
118000158,69,317,-248
118000159,2,26,-24
118000160,108,224,-116
118000161,203,720,-517
118000162,495,485,10
118000163,191,412,-221
118000164,1428,780,648
118000168,1149,162,987
118000169,723,1634,-911
118000170,2469,5071,-2602
118000171,155,504,-349
118000172,40,149,-109
118000173,388,673,-285
118000175,79,165,-86
118000176,69,216,-147
118000177,70,303,-233
118000178,18,22,-4
118000179,1069,257,812
118000180,365,496,-131
118000181,351,246,105
118000182,106,189,-83
118000183,95,118,-23
118000184,170,868,-698
118000185,421,405,16
118000186,263,514,-251
118000187,416,847,-431
118000188,115,151,-36
118000189,136,623,-487
118000190,2,17,-15
118000191,3,19,-16
118000192,43,50,-7
118000193,32,127,-95
118000194,1058,616,442
118000195,546,272,274
118000196,197,47,150
118000197,102,55,47
118000198,422,152,270
118000199,311,111,200
118000200,36,95,-59
118000201,227,135,92
118000202,19,22,-3
118000203,926,147,779
118000204,132,78,54
118000205,244,175,69
118000206,72,112,-40
118000207,1,70,-69
118000208,762,1043,-281
118000209,709,1189,-480
118000210,7,20,-13
118000211,1,15,-14
118000213,280,276,4
118000214,456,135,321
118000215,81,145,-64
118000216,510,1860,-1350
118000217,6,100,-94
118000218,30,71,-41
118000219,261,255,6
118000220,1,7,-6
118000221,35,126,-91
118000222,39,26,13
118000223,4,14,-10
118000224,165,101,64
118000225,52,563,-511
118000226,243,58,185
118000227,734,227,507
118000228,139,76,63
118000229,74,10,64
118000230,32,162,-130
118000231,18,91,-73
118000232,294,734,-440
118000233,278,510,-232
118000234,84,187,-103
118000236,101,323,-222
118000237,17,499,-482
118000238,55,218,-163
118000239,99,206,-107
118000240,283,40,243
118000241,38,164,-126
118000242,134,532,-398
118000243,37,95,-58
118000244,15,114,-99
118000246,0,7,-7
118000255,35,134,-99
118000256,33,154,-121
118000259,1,29,-28
118000260,25,90,-65
118000261,7,33,-26
118000263,29,126,-97
118000266,59,297,-238
118000267,0,72,-72
118000268,97,0,97
118000270,12,13,-1
118000271,49,135,-86
118000272,14,26,-12
118000273,24,59,-35
118000274,91,263,-172
118000276,80,107,-27
118000295,3,47,-44
118000298,59,291,-232
118000299,24,165,-141
118000301,0,53,-53
118000302,35,65,-30
118000311,52,104,-52
118000312,59,146,-87
118000313,5,78,-73
118000314,8,65,-57
118000315,6,30,-24
118000316,232,298,-66
118000325,8,16,-8
118000326,2,35,-33
118000331,22,26,-4
118000332,7,22,-15
118000333,5,30,-25
118000335,37,0,37
118000336,0,301,-301
118000407,15,80,-65
118000457,3,45,-42
118000465,1660,1356,304
118000480,11,72,-61
118000489,44,72,-28
118000490,74,318,-244
118000492,101,117,-16
118000510,44,9,35
118000514,66,188,-122
118000515,267,198,69
118000517,265,106,159
118000524,389,111,278
118000525,575,666,-91
118000530,7,72,-65
118000531,73,138,-65
118000532,44,190,-146
118000533,141,96,45
118000534,169,273,-104
118000535,38,48,-10
118000536,151,155,-4
118000537,19,25,-6
118000538,20,62,-42
118000539,6,56,-50
118000540,127,173,-46
118000541,106,79,27
118000542,62,65,-3
118000543,48,82,-34
118000546,20,17,3
118000553,0,8,-8
118000560,2356,337,2019
118000562,2,206,-204
118000563,1253,1040,213
118000576,66,182,-116
118000577,118,115,3
118000578,111,105,6
118000579,487,508,-21
118000583,0,6,-6
118000595,92,37,55
118000596,0,30,-30
118000597,61,128,-67
118000598,2,0,2
118000599,8,20,-12
118000600,0,4,-4
118000601,0,0,0
118000602,0,5,-5
118000603,0,41,-41
118000605,36,368,-332
118900001,859,461,398
118900002,758,214,544
118900003,28,3,25
118900004,9,35,-26
118900005,47,1,46
118900006,29,0,29
118900007,3,2,1
118900008,358,34,324
118900009,15,5,10
118900010,3,3,0
118900011,39,5,34
118900012,107,153,-46
118900013,515,15,500
118900015,52,17,35
118900016,11,12,-1
118900017,52,53,-1
118900018,833,15,818
118900019,16,1,15
118900020,75,69,6
118900021,49,208,-159
118900022,37,100,-63
118900023,33,52,-19
118900024,33,142,-109
118900025,15,11,4
118900026,22,72,-50
118900027,209,145,64
118900028,14,107,-93
118900029,33,287,-254
118900030,19,24,-5
118900031,32,82,-50
118900032,18,131,-113
118900033,165,549,-384
118900034,25,1,24
118900035,36,222,-186
118900036,182,359,-177
118900037,90,203,-113
118900038,80,280,-200
118900039,86,167,-81
118900040,87,78,9
118900041,104,169,-65
118900042,37,36,1
118900045,43,97,-54
118900046,563,112,451
118900047,517,124,393
118900048,38,124,-86
118900049,22,7,15
118900050,8,91,-83
118900051,34,30,4
118900052,116,134,-18
118900053,11,40,-29
118900054,17,63,-46
118900055,13,84,-71
118900056,17,47,-30
118900057,66,139,-73
118900058,137,330,-193
118900059,2,41,-39
118900060,2,71,-69
118900062,40,122,-82
118900064,334,210,124
118900065,20,60,-40
118900066,40,69,-29
118900067,5098,1772,3326
118900068,1,53,-52
118900069,69,114,-45
118900071,2,18,-16
118900072,150,209,-59
118900073,54,40,14
118900074,55,63,-8
118900075,8,35,-27
118900076,96,32,64
118900077,49,131,-82
118900078,3,4,-1
118900079,29,79,-50
118900080,1,34,-33
118900081,34,17,17
118900082,151,82,69
118900083,3,10,-7
118900084,9,7,2
118900085,202,482,-280
118900086,4,42,-38
118900087,23,53,-30
118900088,0,14,-14
118900089,13,7,6
118900090,206,278,-72
118900091,108,58,50
118900092,54,63,-9
118900093,34,3,31
118900096,14,31,-17
118900097,78,661,-583
118900099,6,162,-156
118900100,93,76,17
118900101,14,376,-362
118900102,4,35,-31
118900103,29,21,8
118900104,33,93,-60
118900105,69,48,21
118900107,104,65,39
118900108,19,65,-46
118900110,1132,201,931
118900111,121,394,-273
118900112,5,49,-44
118900113,62,392,-330
118900114,6,57,-51
118900115,29,152,-123
118900116,15,93,-78
118900117,13,120,-107
118900118,65,357,-292
118900119,18,189,-171
118900120,34,201,-167
118900121,1,234,-233
118900122,2,154,-152
118900123,66,128,-62
118900124,37,111,-74
118900126,4,102,-98
118900129,30,69,-39
118900130,24,26,-2
118900131,26,136,-110
118900132,75,79,-4
118900133,9,46,-37
118900135,57,138,-81
118900136,152,570,-418
118900137,0,9,-9
118900139,40,344,-304
118900140,198,766,-568
118900141,26,249,-223
118900144,53,502,-449
118900145,14,134,-120
118900146,96,503,-407
118900147,46,73,-27
118900148,12,35,-23
118900150,60,160,-100
118900152,139,639,-500
118900157,59,64,-5
118900158,6,84,-78
118900159,1,166,-165
118900161,16,1,15
118900163,130,29,101
118900164,3,83,-80
118900165,9,225,-216
118900166,16,2,14
118900167,24,123,-99
118900168,2,43,-41
118900169,23,371,-348
118900170,13,83,-70
118900171,6,37,-31
118900174,11,41,-30
118900175,51,137,-86
118900176,18,87,-69
118900177,6,23,-17
118900178,5,82,-77
118900179,0,21,-21
118900181,31,78,-47
118900182,54,21,33
118900183,2,39,-37
118900184,114,15,99
118900185,42,80,-38
118900186,17,68,-51
118900187,41,209,-168
118900188,51,154,-103
118900189,4,160,-156
118900190,7,511,-504
118900191,49,21,28
118900192,45,21,24
118900193,39,2,37
118900195,216,612,-396
118900196,7,130,-123
118900197,32,76,-44
118900198,1,34,-33
118900199,3,35,-32
118900200,4,4,0
118900201,1,5,-4
118900202,3,45,-42
118900203,5,23,-18
118900204,2,25,-23
118900205,0,18,-18
118900206,0,26,-26
119000001,409,482,-73
119000002,1202,1269,-67
119000003,506,1175,-669
119000004,731,808,-77
119000005,743,863,-120
119000006,702,961,-259
119000007,1415,1608,-193
119000008,850,1691,-841
119000009,2953,1516,1437
119000010,7766,2504,5262
119000011,5065,1090,3975
119000012,5103,1766,3337
119000013,1720,835,885
119000014,1533,2221,-688
119000019,140,138,2
119000020,576,920,-344
119000021,1360,1064,296
119000022,2103,639,1464
119000023,345,140,205
119000024,2049,2995,-946
119000025,9823,747,9076
119000026,403,159,244
119000027,799,225,574
119000028,1198,778,420
119000029,91,171,-80
119000030,221,814,-593
119000031,333,492,-159
119000032,1558,1244,314
119000033,947,1177,-230
119000034,538,687,-149
119000035,13,251,-238
119000036,463,937,-474
119000037,436,1869,-1433
119000038,43,857,-814
119000039,74,231,-157
119000040,748,415,333
119000041,547,563,-16
119000048,2732,3123,-391
119000049,781,2952,-2171
119000050,852,1645,-793
119000051,849,646,203
119000052,1712,1989,-277
119000053,1029,776,253
119000054,1413,2652,-1239
119000055,1135,2697,-1562
119000056,869,1523,-654
119000057,699,1867,-1168
119000058,905,1803,-898
119000059,598,997,-399
119000060,632,508,124
119000061,454,613,-159
119000062,515,917,-402
119000063,111,123,-12
119000064,625,856,-231
119000065,1107,2340,-1233
119000066,672,613,59
119000067,1048,1943,-895
119000068,631,739,-108
119000069,532,1743,-1211
119000070,752,871,-119
119000071,302,699,-397
119000072,4012,2520,1492
119000073,2698,3459,-761
119000074,352,2948,-2596
119000075,393,1923,-1530
119000076,274,616,-342
119000077,345,327,18
119000078,126,206,-80
119000079,21,527,-506
119000080,73,190,-117
119000081,69,271,-202
119000082,123,209,-86
119000083,150,284,-134
119000084,139,477,-338
119000085,384,226,158
119000086,99,371,-272
119000087,1013,745,268
119000088,165,231,-66
119000089,22,88,-66
119000090,151,78,73
119000091,102,180,-78
119000092,464,198,266
119000093,2915,2906,9
119000094,1103,3133,-2030
119000095,605,2154,-1549
119000097,2780,1152,1628
119000098,347,894,-547
119000099,1309,1203,106
119000100,1188,1392,-204
119000101,1375,1422,-47
119000102,484,292,192
119000103,894,375,519
119000104,2187,1100,1087
119000105,317,535,-218
119000106,94,1640,-1546
119000107,193,375,-182
119000108,102,1201,-1099
119000109,34,195,-161
119000110,211,310,-99
119000111,8,368,-360
119000112,62,116,-54
119000113,1747,124,1623
119000114,366,271,95
119000115,86,70,16
119000116,52,40,12
119000117,49,190,-141
119000118,0,2,-2
119000123,1356,368,988
119000124,161,186,-25
119000125,735,813,-78
119000126,253,859,-606
119000127,104,747,-643
119000128,27,3,24
119000131,243,990,-747
119000132,2,5,-3
119000133,0,5,-5
119000134,2225,332,1893
119000135,29,188,-159
119000136,32,269,-237
119000137,32,430,-398
119000138,71,364,-293
119000139,59,276,-217
119000140,82,143,-61
119000284,1078,1669,-591
119000285,1990,1611,379
119000286,4331,3185,1146
119000287,974,1520,-546
119000288,941,1445,-504
119000289,1514,3102,-1588
119000290,122,393,-271
119000291,2,220,-218
119000293,30,132,-102
119000294,18,16,2
119000295,1355,454,901
119000296,70,126,-56
119000299,10,9,1
119000302,3675,956,2719
119000303,4,60,-56
119000310,0,0,0
119000314,1035,3043,-2008
119000315,1,630,-629
119000316,20,70,-50
119000317,18,462,-444
119900001,49,351,-302
119900002,19,208,-189
119900003,25,1027,-1002
119900004,256,146,110
119900005,39,135,-96
119900006,58,209,-151
119900007,264,16,248
119900008,14,46,-32
119900009,201,458,-257
119900010,517,726,-209
119900011,21,17,4
119900012,0,30,-30
119900013,830,357,473
119900014,251,125,126
119900015,41,8,33
119900016,9,68,-59
119900017,11,24,-13
119900018,806,69,737
119900019,4,1,3
119900020,47,142,-95
119900021,24,24,0
119900022,42,124,-82
119900023,579,201,378
119900025,26,18,8
119900026,760,48,712
119900027,0,11,-11
119900028,50,33,17
119900029,0,9,-9
119900030,196,293,-97
119900031,4,93,-89
119900033,1722,79,1643
119900034,64,95,-31
119900037,15,7,8
119900038,15,56,-41
119900039,12,2,10
119900040,18,5,13
119900041,54,59,-5
119900042,15,95,-80
119900043,23,126,-103
119900044,124,145,-21
119900046,7,68,-61
119900047,43,42,1
119900048,8,35,-27
119900049,17,4,13
119900050,15,29,-14
119900051,142,5,137
119900052,6,56,-50
119900053,33,128,-95
119900054,12,1,11
119900055,285,150,135
119900057,28,25,3
119900058,46,0,46
119900059,60,27,33
119900060,48,4,44
119900061,9,1,8
119900062,2,22,-20
119900063,1,36,-35
119900065,56,0,56
119900066,0,1,-1
119900067,19,19,0
119900068,84,1,83
119900069,21,1,20
119900070,134,1,133
119900071,53,4,49
119900073,1037,266,771
119900074,8,9,-1
119900075,4075,1010,3065
119900076,79,417,-338
119900077,133,1241,-1108
119900078,112,664,-552
119900079,74,361,-287
119900080,101,316,-215
119900081,100,76,24
119900082,141,172,-31
119900083,172,45,127
119900084,192,64,128
119900085,173,40,133
119900086,59,655,-596
119900087,83,86,-3
119900088,50,39,11
119900089,4,440,-436
119900090,123,37,86
119900091,7,894,-887
119900092,0,304,-304
119900093,393,30,363
119900094,9,176,-167
119900095,85,44,41
119900096,15,47,-32
119900097,173,111,62
119900098,9,19,-10
119900099,9,247,-238
119900100,2055,818,1237
119900101,109,412,-303
119900102,10,322,-312
119900103,15,375,-360
119900104,14,206,-192
119900105,246,758,-512
119900106,4,184,-180
119900107,217,2912,-2695
119900108,964,537,427
119900109,6,150,-144
119900110,146,549,-403
119900111,21,303,-282
119900112,2339,278,2061
119900113,33,453,-420
119900114,72,1495,-1423
119900115,28,1148,-1120
119900116,107,142,-35
119900117,57,803,-746
119900118,11,986,-975
119900119,32,196,-164
119900120,454,591,-137
119900121,88,1178,-1090
119900122,173,407,-234
119900123,70,137,-67
119900124,17,811,-794
119900125,17,426,-409
119900126,4460,137,4323
119900127,1980,632,1348
119900128,105,672,-567
119900129,31,622,-591
119900130,37,194,-157
119900131,8,269,-261
119900132,4,253,-249
119900133,2,14,-12
119900134,1510,130,1380
119900135,0,400,-400
119900136,119,526,-407
119900138,284,614,-330
119900139,3,60,-57
119900140,3,120,-117
119900141,74,181,-107
119900142,1,12,-11
119900143,4,145,-141
119900144,2119,115,2004
119900145,35,214,-179
119900146,69,66,3
119900147,3,55,-52
119900148,41,28,13
119900149,1424,980,444
119900150,105,136,-31
119900151,953,559,394
119900152,26,349,-323
119900153,44,38,6
119900154,5,326,-321
119900155,8,16,-8
119900156,3,1,2
119900157,27,256,-229
119900158,35,58,-23
119900159,4,1284,-1280
119900160,0,212,-212
119900161,96,176,-80
119900162,304,306,-2
119900163,67,64,3
119900164,0,0,0
119900165,17,210,-193
119900166,17,22,-5
119900167,19,100,-81
119900168,149,236,-87
119900169,72,97,-25
119900170,69,84,-15
119900171,270,402,-132
119900172,52,16,36
119900173,0,399,-399
119900174,0,211,-211
119900175,254,430,-176
119900177,3,191,-188
119900178,26,182,-156
119900179,9,140,-131
119900180,280,385,-105
119900181,15,12,3
119900182,2,327,-325
119900183,66,823,-757
119900184,2065,305,1760
119900185,4,47,-43
119900186,13,173,-160
119900187,5,445,-440
119900188,15,266,-251
119900189,169,77,92
119900190,58,63,-5
119900191,101,56,45
119900192,3,181,-178
119900193,67,118,-51
119900194,9,18,-9
119900195,5,150,-145
119900196,1238,263,975
119900197,44,71,-27
119900198,25,431,-406
119900199,69,7,62
119900200,89,425,-336
119900201,297,127,170
119900202,139,28,111
119900203,61,129,-68
119900204,66,220,-154
119900205,95,551,-456
119900206,31,80,-49
119900208,35,59,-24
119900209,154,202,-48
119900210,6,33,-27
119900211,53,5,48
119900212,22,170,-148
119900213,2,14,-12
119900214,3,61,-58
119900215,4,86,-82
119900216,5,75,-70
119900217,5,57,-52
119900218,3,56,-53
119900219,2,101,-99
119900220,8,133,-125
119900221,4,424,-420
119900222,7,231,-224
119900223,4,93,-89
119900224,9,22,-13
119900225,1066,11,1055
119900226,881,543,338
119900227,1274,276,998
119900228,26,192,-166
119900229,145,268,-123
119900230,989,351,638
119900231,22,108,-86
119900232,79,32,47
119900233,12,3,9
119900234,8,13,-5
119900235,5,6,-1
119900236,2,175,-173
119900237,15,343,-328
119900238,0,58,-58
119900240,13,123,-110
119900241,90,211,-121
119900242,1112,425,687
119900244,395,720,-325
119900245,36,67,-31
119900246,69,103,-34
119900247,3,22,-19
119900248,14,24,-10
119900249,60,27,33
119900253,2888,174,2714
119900254,26,83,-57
119900255,45,421,-376
119900256,92,1077,-985
119900257,9,0,9
119900258,24,7,17
119900259,1,152,-151
119900260,11,1,10
119900261,37,154,-117
119900262,0,222,-222
119900263,605,282,323
119900264,22,232,-210
119900265,68,220,-152
119900266,68,237,-169
119900267,52,329,-277
119900268,22,237,-215
119900269,81,845,-764
119900271,10,53,-43
119900272,39,10,29
119900275,52,7,45
119900276,10,0,10
119900277,1,2,-1
119900278,87,8,79
119900279,44,58,-14
119900280,660,116,544
119900281,0,38,-38
119900282,29,15,14
119900283,2,299,-297
119900284,20,145,-125
119900285,1,12,-11
119900286,2,7,-5
119900288,2,25,-23
119900289,0,22,-22
119900290,0,13,-13
119900291,0,12,-12
119900292,14,2,12
119900293,8,17,-9
119900294,7,16,-9
119900295,0,17,-17
119900296,1,37,-36
119900297,0,4,-4
119900298,0,0,0
119900299,22,194,-172
119900300,63,202,-139
119900301,9,9,0
119900302,0,12,-12
119900303,70,157,-87
119900304,22,6,16
119900305,15,52,-37
119900306,7,1,6
119900307,6,102,-96
119900308,2,6,-4
119900309,3,14,-11
119900310,143,180,-37
119900311,10,103,-93
119900312,15,59,-44
119900313,60,324,-264
119900314,37,150,-113
119900315,246,2073,-1827
119900318,3,9,-6
119900319,15,321,-306
119900320,18,550,-532
119900321,7,0,7
119900322,19,32,-13
119900323,3,50,-47
119900324,0,29,-29
119900325,9,175,-166
119900326,80,9,71
120000001,5326,4464,862
120000002,1587,2691,-1104
120000003,2573,1687,886
120000004,2311,1838,473
120000005,4081,1638,2443
120000006,1225,1111,114
120000007,2198,1643,555
120000008,795,1143,-348
120000009,4339,814,3525
120000010,878,3043,-2165
120000011,664,1776,-1112
120000012,1039,2475,-1436
120000013,1236,2253,-1017
120000014,236,1384,-1148
120000015,1272,1280,-8
120000016,1910,1582,328
120000017,945,1029,-84
120000018,4165,3852,313
120000019,485,540,-55
120000020,1723,1289,434
120000021,1659,1149,510
120000022,1999,2117,-118
120000023,470,1239,-769
120000024,794,1795,-1001
120000025,927,1796,-869
120000026,425,1474,-1049
120000027,813,1175,-362
120000028,243,201,42
120000029,1060,264,796
120000030,48,374,-326
120000031,1252,2627,-1375
120000032,7897,2372,5525
120000033,1373,1194,179
120000034,604,1776,-1172
120000035,841,1939,-1098
120000036,1468,2751,-1283
120000037,277,419,-142
120000038,8814,2304,6510
120000039,262,759,-497
120000040,16,57,-41
120000041,174,1666,-1492
120000042,815,3995,-3180
120000043,2848,2187,661
120000044,1816,854,962
120000045,1738,588,1150
120000046,943,1258,-315
120000047,1306,1853,-547
120000048,6942,2375,4567
120000049,1479,2031,-552
120000050,1464,3372,-1908
120000051,3101,2776,325
120000052,12766,1963,10803
120000053,552,3937,-3385
120000054,1140,6282,-5142
120000055,580,3722,-3142
120000056,2319,3990,-1671
120000057,902,737,165
120000058,150,124,26
120000059,52,774,-722
120000061,46,413,-367
120000062,150,120,30
120000063,1754,2887,-1133
120000064,207,1553,-1346
120000065,150,1705,-1555
120000066,62,408,-346
120000067,20,364,-344
120000068,88,855,-767
120000069,310,1510,-1200
120000070,8,957,-949
120000071,77,148,-71
120000072,111,336,-225
120000073,115,42,73
120000074,21,48,-27
120000075,106,165,-59
120000076,385,150,235
120000077,530,275,255
120000078,3093,338,2755
120000079,89,474,-385
120000080,35,217,-182
120000081,127,149,-22
120000082,106,200,-94
120000083,79,203,-124
120000084,343,483,-140
120000085,245,334,-89
120000086,128,675,-547
120000087,64,1108,-1044
120000088,313,893,-580
120000089,439,284,155
120000090,226,336,-110
120000091,285,597,-312
120000092,445,341,104
120000093,151,361,-210
120000094,59,192,-133
120000095,416,577,-161
120000096,161,1136,-975
120000098,338,830,-492
120000099,140,588,-448
120000100,262,781,-519
120000101,244,434,-190
120000102,165,268,-103
120000103,344,198,146
120000104,515,137,378
120000105,623,199,424
120000106,616,179,437
120000107,761,259,502
120000108,198,100,98
120000109,354,56,298
120000110,42,834,-792
120000111,71,1220,-1149
120000112,377,3669,-3292
120000113,271,2667,-2396
120000114,244,1856,-1612
120000115,174,1691,-1517
120000116,377,1710,-1333
120000117,884,1423,-539
120000118,8,11,-3
120000119,20,29,-9
120000120,31,9,22
120000121,20,32,-12
120000122,109,141,-32
120000123,5506,1189,4317
120000124,237,318,-81
120000125,132,570,-438
120000126,148,410,-262
120000127,665,303,362
120000128,1566,1057,509
120000129,160,193,-33
120000130,367,392,-25
120000131,130,269,-139
120000134,167,1050,-883
120000135,46,228,-182
120000137,38,1773,-1735
120000138,133,396,-263
120000139,48,876,-828
120000140,83,539,-456
120000141,70,480,-410
120000142,87,486,-399
120000143,1,78,-77
120000144,12,2,10
120000145,37,5,32
120000146,1179,351,828
120000149,250,766,-516
120000150,4346,4193,153
120000151,338,280,58
120000152,125,217,-92
120000153,54,493,-439
120000154,232,304,-72
120000155,54,103,-49
120000156,1283,247,1036
120000157,585,401,184
120000158,409,700,-291
120000159,1592,1871,-279
120000160,1347,936,411
120000161,557,2231,-1674
120000162,18,163,-145
120000163,139,1217,-1078
120000164,167,429,-262
120000165,122,761,-639
120000166,225,408,-183
120000167,9,14,-5
120000168,4,33,-29
120000169,107,91,16
120000170,114,40,74
120000171,11,15,-4
120000172,17,8,9
120000173,1543,47,1496
120000174,270,1,269
120000175,398,3,395
120000176,86,75,11
120000177,859,373,486
120000178,47,3,44
120000179,180,3,177
120000180,235,12,223
120000181,32,30,2
120000182,68,22,46
120000183,10,124,-114
120000184,73,1290,-1217
120000186,38,34,4
120000187,70,22,48
120000188,155,14,141
120000190,627,3,624
120000191,1046,6,1040
120000192,1013,13,1000
120000193,175,0,175
120000195,18,0,18
120000196,91,20,71
120000197,30,49,-19
120000198,26,169,-143
120000199,25,0,25
120000200,32,1,31
120000201,6,6,0
120000202,3,39,-36
120000203,11,331,-320
120000207,2,97,-95
120000208,13,369,-356
120000209,4,142,-138
120000210,150,67,83
120000211,22,0,22
120000212,26,1,25
120000213,32,378,-346
120000214,2,366,-364
120000215,3,106,-103
120000216,17,4,13
120000217,634,1238,-604
120000218,230,1514,-1284
120000219,11,838,-827
120000220,9,3180,-3171
120000225,360,1,359
120000226,100,2,98
120000227,549,12,537
120000228,7465,898,6567
120000230,47,0,47
120000231,176,1929,-1753
120000233,62,18,44
120000235,68,611,-543
120000236,193,1,192
120000237,3,2053,-2050
120000238,0,65,-65
120000241,723,1684,-961
120000412,1395,8,1387
120000413,80,381,-301
120000414,14,1,13
120000415,4,161,-157
120000416,13,19,-6
120000417,2,80,-78
120000418,14,7,7
120000419,7,424,-417
120000420,38,25,13
120000421,13271,5133,8138
120000422,192,227,-35
120000423,2,23,-21
120000424,19,195,-176
120000436,63,202,-139
120000437,132,137,-5
120000438,4173,202,3971
120000439,71,143,-72
120000443,49,0,49
120000444,228,374,-146
120000445,874,858,16
120000446,713,169,544
120000447,53,6,47
120000449,45,8,37
120000450,6,410,-404
120000451,25,168,-143
120000452,55,0,55
120000453,0,265,-265
120000454,38,18,20
120000455,15,67,-52
120000456,2603,1418,1185
120000457,855,819,36
120000458,282,497,-215
120000459,31,32,-1
120000665,342,88,254
120000668,42,67,-25
120000669,35,436,-401
120000670,164,293,-129
120000671,188,98,90
120000672,42,346,-304
120900001,36,14,22
120900002,57,141,-84
120900003,148,19,129
120900004,3,17,-14
120900005,79,1590,-1511
120900006,58,104,-46
120900007,32,112,-80
120900008,27,770,-743
120900009,145,49,96
120900010,89,28,61
120900011,127,34,93
120900012,746,300,446
120900013,81,8,73
120900014,107,621,-514
120900015,66,54,12
120900016,153,41,112
120900017,2720,73,2647
120900018,22,373,-351
120900019,108,46,62
120900020,320,210,110
120900021,144,17,127
120900022,16,274,-258
120900023,26,28,-2
120900024,878,317,561
120900025,1793,548,1245
120900026,5,107,-102
120900027,340,84,256
120900028,52,19,33
120900029,22,143,-121
120900030,305,224,81
120900031,18,15,3
120900032,186,129,57
120900033,171,8,163
120900034,37,1072,-1035
120900035,21,104,-83
120900037,29,4,25
120900038,11,53,-42
120900039,14,8,6
120900040,54,1,53
120900041,137,69,68
120900042,74,66,8
120900043,13,3,10
120900044,0,303,-303
120900045,47,87,-40
120900046,85,13,72
120900047,28,13,15
120900048,42,6,36
120900049,49,0,49
120900050,2636,379,2257
120900051,68,87,-19
120900052,75,0,75
120900053,46,74,-28
120900054,708,498,210
120900055,51,3,48
120900056,103,0,103
120900057,45,19,26
120900058,63,0,63
120900059,7,0,7
120900060,13,33,-20
120900061,146,245,-99
120900062,25,0,25
120900063,107,1,106
120900064,73,0,73
120900065,63,2,61
120900066,35,376,-341
120900067,43,13,30
120900068,41,0,41
120900069,68,89,-21
120900071,1,3,-2
120900072,144,3,141
120900073,88,167,-79
120900074,124,40,84
120900076,30,1,29
120900077,2688,129,2559
120900078,119,513,-394
120900079,112,71,41
120900080,96,2320,-2224
120900081,295,637,-342
120900082,424,169,255
120900083,24,7,17
120900084,59,111,-52
120900085,74,25,49
120900086,108,67,41
120900087,118,24,94
120900088,74,130,-56
120900089,4320,475,3845
120900090,21,158,-137
120900091,201,98,103
120900092,331,625,-294
120900093,4039,220,3819
120900094,329,131,198
120900095,68,10,58
120900096,9,72,-63
120900097,451,1218,-767
120900098,180,160,20
120900099,23,76,-53
120900100,19,424,-405
120900101,215,309,-94
120900102,5,62,-57
120900103,8,121,-113
120900104,25,48,-23
120900105,19,915,-896
120900106,941,497,444
120900107,362,183,179
120900108,4,972,-968
120900109,12,711,-699
120900110,0,327,-327
120900111,54,283,-229
120900112,4,1386,-1382
120900113,7,959,-952
120900114,18,307,-289
120900115,101,94,7
120900116,41,477,-436
120900117,0,593,-593
120900118,2,943,-941
120900119,2885,1922,963
120900120,20,686,-666
120900121,68,327,-259
120900122,40,560,-520
120900123,1,444,-443
120900124,5,707,-702
120900125,5,975,-970
120900126,616,594,22
120900127,6,482,-476
120900128,583,692,-109
120900129,35,487,-452
120900130,0,398,-398
120900131,11,44,-33
120900132,162,290,-128
120900133,138,1169,-1031
120900134,196,380,-184
120900135,4,707,-703
120900136,5,10,-5
120900137,17,66,-49
120900138,5,228,-223
120900139,4,774,-770
120900140,0,19,-19
120900141,16,65,-49
120900142,9,804,-795
120900143,4,985,-981
120900144,0,224,-224
120900145,21,877,-856
120900146,1,989,-988
120900147,2,205,-203
120900148,49,73,-24
120900149,2,321,-319
120900150,13,437,-424
120900151,1,616,-615
120900152,0,39,-39
120900153,1,40,-39
120900154,1,262,-261
120900155,40,1091,-1051
120900156,4,302,-298
120900157,1,171,-170
120900158,12,457,-445
120900159,42,515,-473
120900160,14,280,-266
120900161,5,857,-852
120900162,7,1016,-1009
120900163,6,64,-58
120900164,5,1,4
120900165,0,1,-1
120900166,9,36,-27
120900167,50,56,-6
120900169,17,514,-497
120900170,1937,706,1231
120900171,1052,248,804
120900172,546,50,496
120900173,0,41,-41
120900174,6,91,-85
120900175,338,186,152
120900176,6,119,-113
120900177,0,232,-232
120900178,0,80,-80
120900179,396,283,113
120900180,54,34,20
120900181,7,36,-29
120900182,9,254,-245
120900183,340,45,295
120900184,82,50,32
120900185,3,234,-231
120900186,0,488,-488
120900187,92,300,-208
120900188,27,5,22
120900189,53,173,-120
120900190,4,8,-4
120900191,3,8,-5
120900192,12700,1086,11614
120900194,16,39,-23
120900195,53,289,-236
120900196,196,16,180
120900197,129,21,108
120900198,86,559,-473
120900199,112,69,43
120900200,57,47,10
120900201,505,126,379
120900202,2,200,-198
120900203,13,49,-36
120900204,259,370,-111
120900205,52,73,-21
120900206,2,11,-9
120900207,41,1078,-1037
121000001,803,744,59
121000002,1096,755,341
121000003,2913,1431,1482
121000004,1559,1641,-82
121000005,1467,1848,-381
121000006,1670,747,923
121000007,2230,2042,188
121000008,2877,1683,1194
121000009,6850,3023,3827
121000010,7501,2037,5464
121000011,9840,5287,4553
121000012,13659,3582,10077
121000013,4276,3986,290
121000014,5307,3926,1381
121000015,2813,3919,-1106
121000016,3622,2406,1216
121000017,986,2814,-1828
121000018,1176,1118,58
121000019,10531,5204,5327
121000020,6399,3788,2611
121000021,1573,2134,-561
121000022,728,923,-195
121000023,3181,2165,1016
121000024,1656,1888,-232
121000025,558,510,48
121000026,177,88,89
121000027,1258,566,692
121000028,390,297,93
121000029,569,428,141
121000030,230,215,15
121000031,271,406,-135
121000032,74,63,11
121000034,185,100,85
121000035,56,50,6
121000036,560,570,-10
121000037,375,431,-56
121000038,416,354,62
121000039,184,182,2
121000041,173,277,-104
121000042,128,143,-15
121000043,731,355,376
121000044,1292,409,883
121000045,206,188,18
121000046,167,388,-221
121000047,7,65,-58
121000049,1387,501,886
121000050,166,674,-508
121000051,264,263,1
121000052,129,370,-241
121000053,206,45,161
121000054,14,100,-86
121000055,1335,633,702
121000056,483,796,-313
121000057,69,202,-133
121000058,301,62,239
121000059,1036,385,651
121000060,372,425,-53
121000061,37,57,-20
121000062,88,131,-43
121000063,338,348,-10
121000064,203,334,-131
121000065,303,290,13
121000066,350,292,58
121000067,616,149,467
121000068,201,107,94
121000069,75,122,-47
121000070,997,929,68
121000071,534,501,33
121000072,866,579,287
121000073,485,472,13
121000074,93,68,25
121000075,9,13,-4
121000076,395,175,220
121000077,40,39,1
121000078,29,46,-17
121000080,1898,403,1495
121000081,1554,914,640
121000082,134,239,-105
121000083,215,78,137
121000084,118,106,12
121000085,441,335,106
121000086,95,537,-442
121000087,69,131,-62
121000088,188,320,-132
121000089,303,98,205
121000090,207,179,28
121000091,1347,338,1009
121000092,64,42,22
121000093,112,99,13
121000094,286,183,103
121000095,124,303,-179
121000096,1890,1371,519
121000097,1086,927,159
121000098,204,885,-681
121000099,205,566,-361
121000100,178,525,-347
121000101,80,140,-60
121000102,38,390,-352
121000103,37,167,-130
121000104,36,118,-82
121000105,152,242,-90
121000106,87,197,-110
121000107,1643,3030,-1387
121000109,1178,751,427
121000110,175,249,-74
121000114,1786,1381,405
121000115,592,622,-30
121000116,429,456,-27
121000117,879,173,706
121000118,793,181,612
121000119,83,208,-125
121000120,120,334,-214
121000121,269,618,-349
121000123,1068,418,650
121000127,48,70,-22
121000128,200,460,-260
121000129,201,324,-123
121000130,207,692,-485
121000131,1121,500,621
121000132,485,462,23
121000135,276,119,157
121000136,988,402,586
121000137,252,87,165
121000138,616,226,390
121000139,321,54,267
121000141,76,71,5
121000142,760,269,491
121000143,100,5,95
121000144,474,365,109
121000145,189,757,-568
121000146,498,441,57
121000147,408,245,163
121000148,347,729,-382
121000149,1095,793,302
121000152,183,409,-226
121000153,1203,298,905
121000154,432,231,201
121000155,611,535,76
121000156,299,479,-180
121000157,1036,1318,-282
121000158,305,482,-177
121000159,101,550,-449
121000160,151,582,-431
121000161,37,266,-229
121000162,17,245,-228
121000165,1279,961,318
121000166,25,222,-197
121000168,63,162,-99
121000169,8,112,-104
121000170,33,24,9
121000171,16,88,-72
121000172,285,319,-34
121000173,723,448,275
121000174,110,277,-167
121000175,265,305,-40
121000176,224,150,74
121000177,326,384,-58
121000178,44,28,16
121000179,53,40,13
121000181,276,198,78
121000182,27,110,-83
121000183,19,54,-35
121000184,32,20,12
121000185,5,77,-72
121000186,96,172,-76
121000187,107,209,-102
121000188,44,203,-159
121000192,298,241,57
121000193,287,258,29
121000194,1793,1500,293
121000195,308,721,-413
121000196,488,155,333
121000197,93,426,-333
121000198,61,44,17
121000199,44,406,-362
121000200,77,34,43
121000201,3,142,-139
121000202,109,29,80
121000203,278,1648,-1370
121000204,592,298,294
121000205,91,180,-89
121000206,75,27,48
121000207,606,258,348
121000208,5,352,-347
121000209,65,428,-363
121000210,97,340,-243
121000211,43,97,-54
121000212,141,589,-448
121000213,5572,1462,4110
121000214,438,763,-325
121000215,869,429,440
121000216,297,291,6
121000217,2551,1400,1151
121000218,338,1289,-951
121000219,608,264,344
121000220,204,48,156
121000221,88,205,-117
121000222,1656,1678,-22
121000223,573,167,406
121000224,364,40,324
121000225,859,486,373
121000226,1104,331,773
121000227,22,193,-171
121000228,7,768,-761
121000229,53,383,-330
121000230,61,1607,-1546
121000231,123,5,118
121000232,296,88,208
121000233,191,198,-7
121000234,1,19,-18
121000235,6,8,-2
121000236,3,32,-29
121000237,3,2,1
121000238,1,44,-43
121000239,6,2,4
121000240,2,122,-120
121000241,25,4,21
121000242,8,95,-87
121000243,52,17,35
121000244,0,41,-41
121000245,1,23,-22
121000246,0,59,-59
121000247,10,2,8
121000248,224,284,-60
121000249,26,129,-103
121000250,79,70,9
121000251,11,475,-464
121000252,27,19,8
121000253,96,446,-350
121000254,199,188,11
121000255,123,87,36
121000256,146,100,46
121000257,11,47,-36
121000258,14,27,-13
121000259,8,24,-16
121000260,29,70,-41
121000261,6,32,-26
121000262,913,350,563
121000263,206,290,-84
121000271,148,1250,-1102
121000273,24,10,14
121000274,3,34,-31
121000275,0,17,-17
121000276,0,5,-5
121000278,17,75,-58
121000279,28,8,20
121000280,21,32,-11
121000289,40,11,29
121000290,542,491,51
121000294,27,166,-139
121000297,628,426,202
121000299,98,131,-33
121000300,438,297,141
121000302,79,275,-196
121000303,245,159,86
121000304,245,31,214
121000305,69,46,23
121000306,16,92,-76
121000308,85,176,-91
121000309,275,339,-64
121000310,29,297,-268
121000311,68,537,-469
121000312,202,119,83
121000313,365,384,-19
121000314,114,65,49
121000315,44,25,19
121000530,483,1035,-552
121000531,594,1026,-432
121000532,3312,2278,1034
121000533,1458,1332,126
121000918,10,191,-181
121000919,5,15,-10
121000938,309,90,219
121000939,467,65,402
121000956,269,749,-480
121000957,0,7,-7
121000958,21,34,-13
121000959,116,1033,-917
121000960,666,1567,-901
121000961,89,13,76
121000962,134,362,-228
121000963,0,0,0
121000973,1,160,-159
121000976,4,111,-107
121000979,63,22,41
121000981,174,29,145
121000982,128,189,-61
121000983,109,329,-220
121000984,7,17,-10
121000985,110,470,-360
121000986,32,310,-278
121000987,54,1083,-1029
121000988,236,59,177
121001302,271,80,191
121001308,2,5,-3
121001309,57,29,28
121001313,63,431,-368
121001314,3353,2905,448
121001315,2846,774,2072
121900001,35,128,-93
121900002,6,18,-12
121900003,133,4,129
121900004,56,231,-175
121900005,5,3,2
121900006,28,22,6
121900007,1071,1150,-79
121900008,40,22,18
121900009,187,8,179
121900010,191,5,186
121900011,58,232,-174
121900012,0,0,0
121900013,515,10,505
121900014,587,179,408
121900015,34,106,-72
121900016,4,31,-27
121900017,90,283,-193
121900018,186,5,181
121900019,79,139,-60
121900020,27,0,27
121900021,399,3,396
121900022,147,84,63
121900023,8,186,-178
121900024,218,16,202
121900025,217,122,95
121900026,72,10,62
121900027,57,29,28
121900028,71,6,65
121900029,61,85,-24
121900030,309,339,-30
121900031,445,1477,-1032
121900032,31,24,7
121900033,63,74,-11
121900034,145,37,108
121900035,1310,882,428
121900036,33,200,-167
121900037,34,300,-266
121900038,33,93,-60
121900039,150,10,140
121900040,7,36,-29
121900041,23,74,-51
121900042,129,59,70
121900043,2,0,2
121900044,194,19,175
121900046,65,43,22
121900047,46,29,17
121900048,4,75,-71
121900050,16,19,-3
121900051,22,69,-47
121900052,39,28,11
121900053,85,114,-29
121900054,342,425,-83
121900055,0,5,-5
121900058,34,132,-98
121900059,110,40,70
121900060,29,144,-115
121900061,49,61,-12
121900062,31,28,3
121900063,146,104,42
121900064,65,444,-379
121900066,3,5,-2
121900067,0,0,0
121900069,150,77,73
121900070,71,44,27
121900071,18,138,-120
121900072,31,53,-22
121900073,83,112,-29
121900074,173,206,-33
121900075,157,118,39
121900076,92,346,-254
121900077,0,8,-8
121900078,4,11,-7
121900079,0,0,0
121900080,230,221,9
121900082,17,66,-49
121900084,0,175,-175
121900085,0,5,-5
121900086,0,10,-10
121900087,142,53,89
121900088,1405,965,440
121900089,27,299,-272
121900090,2,40,-38
121900091,5,52,-47
121900092,37,29,8
121900093,41,66,-25
121900094,5,2,3
121900095,63,65,-2
121900096,930,110,820
121900097,43,76,-33
121900098,1,1,0
121900099,27,15,12
121900100,13,69,-56
121900101,31,48,-17
121900102,3,36,-33
121900103,272,50,222
121900104,392,122,270
121900105,30,21,9
121900106,0,3,-3
121900107,2,11,-9
121900108,0,0,0
121900109,207,68,139
121900110,74,873,-799
121900111,550,99,451
121900112,63,34,29
121900113,19,54,-35
121900114,0,0,0
121900117,32,11,21
121900118,1495,126,1369
121900119,47,103,-56
121900120,7,821,-814
121900121,252,25,227
121900122,2,4,-2
121900123,75,189,-114
121900124,38,143,-105
121900125,375,666,-291
121900127,1,22,-21
121900128,16,74,-58
121900129,822,33,789
121900130,33,107,-74
121900131,46,98,-52
121900132,9,57,-48
121900133,32,27,5
121900134,4,52,-48
121900135,1216,119,1097
121900136,31,290,-259
121900137,11,133,-122
121900138,5,106,-101
121900139,220,206,14
121900140,5,67,-62
121900141,2,17,-15
121900142,12,61,-49
121900143,4,66,-62
121900144,207,220,-13
121900145,52,84,-32
121900146,276,400,-124
121900147,38,183,-145
121900148,53,175,-122
121900149,82,449,-367
121900150,49,149,-100
121900151,35,108,-73
121900152,23,56,-33
121900153,31,252,-221
121900154,2,49,-47
121900155,0,30,-30
121900156,53,72,-19
121900157,2,282,-280
121900158,18,54,-36
121900159,1,95,-94
121900160,6,153,-147
121900161,288,106,182
121900162,58,43,15
121900163,16,434,-418
121900164,109,88,21
121900165,35,92,-57
121900166,50,86,-36
121900167,49,46,3
121900168,126,55,71
121900169,2,225,-223
121900170,0,94,-94
121900171,188,204,-16
121900172,103,136,-33
121900173,374,85,289
121900174,12,15,-3
121900175,17,76,-59
121900176,223,1072,-849
121900177,96,20,76
121900178,4,62,-58
121900179,90,21,69
121900180,3877,1272,2605
121900182,137,122,15
121900183,212,183,29
121900184,13,308,-295
121900186,0,231,-231
121900187,3,51,-48
121900188,293,161,132
121900189,8,75,-67
121900190,86,245,-159
121900191,14,52,-38
121900192,350,237,113
121900193,29,140,-111
121900194,0,113,-113
121900195,47,44,3
121900196,286,180,106
121900197,215,1323,-1108
121900198,572,539,33
121900199,0,19,-19
121900200,60,74,-14
121900201,464,326,138
121900202,46,142,-96
121900203,92,294,-202
121900204,601,293,308
121900205,10,51,-41
121900206,3,5,-2
121900207,101,9,92
121900208,81,118,-37
121900209,45,6,39
121900210,364,407,-43
121900211,106,177,-71
121900212,37,56,-19
121900213,13,50,-37
121900214,2,162,-160
121900215,8,10,-2
121900216,18,38,-20
121900217,81,45,36
121900218,103,186,-83
121900220,60,4,56
121900221,81,332,-251
121900222,8,87,-79
121900223,43,21,22
121900224,16,25,-9
121900225,37,14,23
121900226,71,34,37
121900227,45,184,-139
121900228,113,107,6
121900230,40,23,17
121900231,77,109,-32
121900232,34,207,-173
121900233,155,175,-20
121900234,73,173,-100
121900235,71,130,-59
121900236,82,47,35
121900237,118,162,-44
121900238,71,96,-25
121900239,52,17,35
121900240,114,55,59
121900241,1,16,-15
121900242,0,0,0
121900243,0,0,0
121900244,0,0,0
121900245,67,81,-14
121900246,561,252,309
121900247,126,147,-21
121900248,417,278,139
121900250,142,113,29
121900251,77,11,66
121900252,606,64,542
121900253,129,650,-521
121900254,346,148,198
121900255,63,41,22
121900258,1116,632,484
121900259,203,221,-18
121900260,14,77,-63
121900261,79,188,-109
121900262,173,278,-105
121900263,43,169,-126
121900264,1615,528,1087
121900265,64,224,-160
121900266,47,92,-45
121900267,7,3,4
121900269,29,125,-96
121900270,3,80,-77
121900271,5,58,-53
121900273,283,659,-376
121900274,35,136,-101
121900277,94,809,-715
121900278,6,459,-453
121900279,59,199,-140
121900280,65,127,-62
121900281,68,17,51
121900284,21,3,18
121900286,18,102,-84
121900287,3,4,-1
121900288,1,0,1
121900290,97,79,18
121900291,232,269,-37
121900292,95,53,42
121900293,575,2009,-1434
121900294,116,0,116
121900295,20,137,-117
121900296,3,18,-15
121900298,79,207,-128
121900299,0,0,0
121900300,6,0,6
121900301,49,0,49
121900302,1,25,-24
121900303,84,335,-251
121900304,1,0,1
121900305,0,0,0
121900306,13,0,13
121900307,4,13,-9
121900308,2,268,-266
121900309,9,157,-148
121900310,8,424,-416
121900311,60,5,55
121900312,43,7,36
121900313,80,5,75
121900314,0,29,-29
121900315,2,0,2
121900316,0,5,-5
121900317,1,0,1
121900318,0,14,-14
121900319,1,16,-15
121900320,16,76,-60
121900321,3,1,2
121900322,0,27,-27
121900323,11,3,8
121900324,4,33,-29
121900325,0,0,0
121900326,0,30,-30
121900327,0,35,-35
121900328,1,13,-12
121900329,1,135,-134
121900330,1,31,-30
121900331,11,3,8
121900332,35,8,27
121900333,10,2,8
121900334,23,18,5
122000001,1531,1544,-13
122000002,3076,744,2332
122000003,1261,749,512
122000004,1623,474,1149
122000005,1477,508,969
122000006,1374,251,1123
122000007,746,576,170
122000008,4091,1944,2147
122000009,478,130,348
122000010,1630,1405,225
122000011,2455,417,2038
122000012,793,552,241
122000013,1179,703,476
122000014,917,1023,-106
122000015,912,562,350
122000016,285,492,-207
122000017,646,687,-41
122000018,774,695,79
122000019,404,954,-550
122000020,106,71,35
122000021,459,219,240
122000022,699,941,-242
122000023,336,1815,-1479
122000024,773,563,210
122000025,863,628,235
122000026,1574,540,1034
122000027,375,2710,-2335
122000028,443,170,273
122000029,275,137,138
122000030,260,49,211
122000031,77,109,-32
122000032,732,1639,-907
122000033,504,441,63
122000034,427,322,105
122000035,249,376,-127
122000036,268,417,-149
122000037,173,165,8
122000038,161,212,-51
122000039,494,326,168
122000040,305,165,140
122000041,214,271,-57
122000042,114,209,-95
122000043,65,62,3
122000044,105,108,-3
122000045,783,348,435
122000046,377,521,-144
122000047,191,129,62
122000048,1644,1789,-145
122000049,2743,1304,1439
122000050,978,358,620
122000051,204,155,49
122000052,322,126,196
122000053,73,260,-187
122000054,1361,1026,335
122000055,1412,1189,223
122000056,2743,1593,1150
122000057,2306,1303,1003
122000058,2776,797,1979
122000059,2089,1011,1078
122000060,722,289,433
122000061,516,114,402
122000062,953,189,764
122000063,490,243,247
122000064,2359,1857,502
122000065,4037,1903,2134
122000066,988,633,355
122000067,905,866,39
122000068,538,867,-329
122000069,393,463,-70
122000070,272,1322,-1050
122000071,522,833,-311
122000072,165,191,-26
122000073,184,223,-39
122000074,803,537,266
122000075,253,577,-324
122000076,813,599,214
122000077,903,383,520
122000078,1944,1102,842
122000079,680,390,290
122000080,369,173,196
122000081,76,107,-31
122000082,976,453,523
122000083,586,2172,-1586
122000084,448,449,-1
122000085,150,1169,-1019
122000086,1352,2151,-799
122000087,168,73,95
122000088,190,120,70
122000089,3065,1875,1190
122000090,110,201,-91
122000091,115,48,67
122000092,51,3,48
122000093,954,746,208
122000094,3733,885,2848
122000095,1389,774,615
122000096,1050,734,316
122000098,1400,923,477
122000099,1381,457,924
122000100,943,331,612
122000101,100,587,-487
122000102,827,611,216
122000103,839,709,130
122000104,101,98,3
122000105,166,165,1
122000106,451,291,160
122000107,511,309,202
122000108,269,596,-327
122000109,157,163,-6
122000110,149,302,-153
122000111,1820,844,976
122000112,375,934,-559
122000113,284,339,-55
122000114,1662,1035,627
122000115,1380,623,757
122000116,315,317,-2
122000117,528,175,353
122000118,205,259,-54
122000119,1921,902,1019
122000120,2598,1439,1159
122000121,3221,1383,1838
122000122,665,775,-110
122000123,2166,642,1524
122000124,643,290,353
122000125,341,364,-23
122000126,401,359,42
122000127,1679,476,1203
122000128,483,603,-120
122000129,155,214,-59
122000130,1491,217,1274
122000131,1450,226,1224
122000132,861,315,546
122000133,597,1294,-697
122000134,275,310,-35
122000135,503,794,-291
122000136,150,106,44
122000137,557,392,165
122000139,840,1848,-1008
122000140,733,290,443
122000141,3695,520,3175
122000142,307,311,-4
122000143,463,124,339
122000144,1856,441,1415
122000145,994,469,525
122000146,476,573,-97
122000147,678,240,438
122000148,1505,947,558
122000149,1451,441,1010
122000150,1016,407,609
122000151,365,280,85
122000152,406,192,214
122000153,321,148,173
122000154,314,97,217
122000155,1627,1276,351
122000156,1796,1302,494
122000157,1460,775,685
122000158,151,364,-213
122000159,1067,875,192
122000160,4086,389,3697
122000161,993,365,628
122000162,1272,919,353
122000163,184,25,159
122000164,16,24,-8
122000165,637,428,209
122000166,687,538,149
122000167,81,147,-66
122000168,149,316,-167
122000169,312,98,214
122000170,90,209,-119
122000171,24,50,-26
122000172,868,977,-109
122000173,890,1286,-396
122000174,988,517,471
122000175,759,251,508
122000176,175,404,-229
122000177,987,1047,-60
122000178,1693,1250,443
122000179,1257,1631,-374
122000180,1152,635,517
122000181,1608,1194,414
122000182,1938,429,1509
122000183,1180,508,672
122000184,3085,992,2093
122000185,1233,753,480
122000186,408,531,-123
122000187,846,786,60
122000188,413,131,282
122000189,213,157,56
122000190,718,769,-51
122000191,633,350,283
122000192,659,178,481
122000193,184,418,-234
122000194,344,96,248
122000195,80,251,-171
122000196,455,290,165
122000197,317,352,-35
122000198,380,610,-230
122000199,295,234,61
122000200,823,300,523
122000201,942,1358,-416
122000202,595,718,-123
122000203,2212,871,1341
122000204,1160,1085,75
122000205,838,493,345
122000206,1240,489,751
122000207,903,712,191
122000208,1020,887,133
122000209,1412,194,1218
122000210,850,1390,-540
122000211,545,836,-291
122000212,302,359,-57
122000213,540,783,-243
122000214,1039,1171,-132
122000215,912,1054,-142
122000217,1142,855,287
122000218,308,43,265
122000219,938,809,129
122000220,136,627,-491
122000221,47,251,-204
122000222,356,31,325
122000223,452,361,91
122000225,354,199,155
122000226,718,1237,-519
122000227,147,1055,-908
122000228,235,302,-67
122000229,15,253,-238
122000230,40,587,-547
122000231,104,478,-374
122000232,230,519,-289
122000233,1,96,-95
122000234,60,108,-48
122000235,179,126,53
122000236,270,121,149
122000237,24,36,-12
122000238,62,73,-11
122000239,142,63,79
122000240,366,158,208
122000241,256,230,26
122000242,144,98,46
122000243,70,45,25
122000244,19,350,-331
122000245,40,264,-224
122000246,102,81,21
122000247,416,884,-468
122000248,1176,1826,-650
122000249,184,337,-153
122000250,997,255,742
122000251,195,249,-54
122000252,436,36,400
122000253,35,216,-181
122000254,71,41,30
122000255,308,1513,-1205
122000256,250,1121,-871
122000257,51,255,-204
122000258,35,138,-103
122000259,11,490,-479
122000260,6,77,-71
122000261,0,127,-127
122000262,2,61,-59
122000263,38,99,-61
122000264,291,295,-4
122000265,1161,403,758
122000266,2615,300,2315
122000267,53,107,-54
122000268,36,326,-290
122000269,289,171,118
122000270,243,69,174
122000271,176,754,-578
122000272,265,791,-526
122000273,156,317,-161
122000274,48,80,-32
122000275,16,114,-98
122000276,86,311,-225
122000277,279,740,-461
122000278,400,610,-210
122000279,57,487,-430
122000280,299,556,-257
122000281,221,618,-397
122000282,66,236,-170
122000283,232,57,175
122000284,45,84,-39
122000285,200,91,109
122000286,68,121,-53
122000287,328,828,-500
122000288,139,167,-28
122000291,341,213,128
122000293,272,272,0
122000294,53,78,-25
122000295,686,113,573
122000296,69,412,-343
122000297,2044,1080,964
122000299,124,335,-211
122000300,167,313,-146
122000301,9386,1417,7969
122000302,597,317,280
122000303,2578,666,1912
122000304,13,97,-84
122000305,527,161,366
122000306,21,613,-592
122000307,68,85,-17
122000309,18,31,-13
122000310,16,1,15
122000311,15,26,-11
122000312,29,20,9
122000313,7,24,-17
122000314,51,124,-73
122000315,87,15,72
122000316,129,138,-9
122000317,462,153,309
122000318,58,208,-150
122000319,121,314,-193
122000320,216,1549,-1333
122000321,24,207,-183
122000322,1871,1145,726
122000323,1064,709,355
122000324,908,752,156
122000325,563,566,-3
122000326,3,83,-80
122000327,86,246,-160
122000328,855,625,230
122000330,1165,364,801
122000332,79,209,-130
122000333,11,112,-101
122000337,240,1913,-1673
122000338,79,379,-300
122000340,236,183,53
122000342,1491,690,801
122000343,269,1195,-926
122000344,5,8,-3
122000345,6,31,-25
122000346,218,376,-158
122000348,186,478,-292
122000349,74,534,-460
122000351,68,152,-84
122000352,310,43,267
122000353,35,138,-103
122000355,94,104,-10
122000356,885,522,363
122000357,21,18,3
122000358,1,53,-52
122000359,0,31,-31
122000360,0,45,-45
122000362,6,76,-70
122000364,62,348,-286
122000365,0,18,-18
122000366,1,1,0
122000368,282,601,-319
122000370,2,57,-55
122000371,3,0,3
122000372,1,1,0
122000381,22,232,-210
122000382,39,192,-153
122000384,2823,1338,1485
122000385,8,0,8
122000386,212,397,-185
122000387,181,330,-149
122000388,854,197,657
122000389,182,532,-350
122000390,182,141,41
122000391,143,32,111
122000392,122,201,-79
122000393,9,156,-147
122000394,192,236,-44
122000395,50,134,-84
122000396,112,104,8
122000397,19,103,-84
122000398,3,29,-26
122000399,29,92,-63
122000400,152,217,-65
122000401,48,91,-43
122000402,22,52,-30
122000403,143,885,-742
122000404,73,153,-80
122000408,493,584,-91
122000503,11,43,-32
122000524,124,57,67
122000544,21,674,-653
122000616,613,0,613
122000640,23,175,-152
122000641,11,400,-389
122000642,628,1041,-413
122000643,6,61,-55
122000644,111,37,74
122000645,96,107,-11
122000651,1096,451,645
122000664,124,21,103
122000665,605,356,249
122000666,302,841,-539
122000673,14,274,-260
122000674,55,42,13
122000675,808,878,-70
122000686,121,863,-742
122000687,247,321,-74
122000688,114,570,-456
122000689,175,418,-243
122000690,203,455,-252
122000691,184,1980,-1796
122000692,363,297,66
122000693,166,1256,-1090
122000695,58,440,-382
122000696,66,170,-104
122000698,63,826,-763
122000699,59,32,27
122000701,518,257,261
122000702,313,1660,-1347
122000703,49,28,21
122000712,0,0,0
122000717,166,32,134
122000718,253,122,131
122000719,27,31,-4
122000720,72,173,-101
122000724,145,14,131
122900001,7,0,7
122900002,647,880,-233
122900003,77,21,56
122900004,416,5,411
122900005,29,49,-20
122900006,515,324,191
122900007,54,8,46
122900008,360,52,308
122900009,402,71,331
122900010,82,66,16
122900012,343,167,176
122900014,85,206,-121
122900015,1160,151,1009
122900016,21,232,-211
122900017,378,497,-119
122900018,73,6,67
122900019,4,119,-115
122900020,183,247,-64
122900021,22,246,-224
122900022,178,851,-673
122900023,143,248,-105
122900024,37,49,-12
122900025,5,63,-58
122900026,111,277,-166
122900027,25,417,-392
122900028,49,117,-68
122900029,2628,885,1743
122900030,926,245,681
122900031,35,79,-44
122900032,75,165,-90
122900033,184,124,60
122900034,2021,2233,-212
122900035,5,7,-2
122900036,3,52,-49
122900037,259,139,120
122900038,146,1057,-911
122900039,91,280,-189
122900040,88,219,-131
122900041,136,111,25
122900042,37,176,-139
122900043,144,71,73
122900044,58,195,-137
122900045,53,57,-4
122900046,49,47,2
122900047,81,83,-2
122900048,23,85,-62
122900049,1014,62,952
122900051,50,62,-12
122900052,16,44,-28
122900053,12,10,2
122900055,64,26,38
122900057,110,9,101
122900061,337,67,270
122900062,208,313,-105
122900063,64,356,-292
122900064,525,439,86
122900065,176,101,75
122900066,214,152,62
122900067,1130,630,500
122900068,174,300,-126
122900069,80,602,-522
122900070,39,38,1
122900071,53,331,-278
122900072,12,490,-478
122900073,43,193,-150
122900074,117,525,-408
122900075,0,46,-46
122900076,2,110,-108
122900077,2,141,-139
122900078,39,85,-46
122900080,40,7,33
122900081,84,62,22
122900082,244,114,130
122900083,119,51,68
122900084,2,112,-110
122900086,1,20,-19
122900087,91,389,-298
122900088,20,39,-19
122900089,10,94,-84
122900090,7,426,-419
122900091,29,0,29
122900092,1,257,-256
122900093,0,320,-320
122900094,3,174,-171
122900095,50,0,50
122900096,22,136,-114
122900097,9,8,1
122900098,58,70,-12
122900099,1,6,-5
122900100,72,63,9
122900101,577,93,484
122900102,12,8,4
122900103,15,9,6
122900104,25,3,22
122900105,6,1,5
122900106,1,79,-78
122900107,1,183,-182
122900108,3,146,-143
123000001,1124,218,906
123000002,3415,1382,2033
123000003,2830,1500,1330
123000004,2982,3026,-44
123000005,1509,1471,38
123000006,2459,2244,215
123000007,1575,1344,231
123000008,1576,2947,-1371
123000009,2825,2173,652
123000010,3030,3018,12
123000011,2199,792,1407
123000012,956,1847,-891
123000013,2517,767,1750
123000014,1277,2776,-1499
123000015,2140,419,1721
123000016,4381,1572,2809
123000017,1954,1099,855
123000018,20,71,-51
123000019,71,185,-114
123000020,56,95,-39
123000021,26,86,-60
123000022,192,449,-257
123000023,815,868,-53
123000024,630,337,293
123000025,35,51,-16
123000026,7,89,-82
123000027,83,226,-143
123000028,341,175,166
123000029,503,270,233
123000030,71,630,-559
123000031,41,278,-237
123000032,90,158,-68
123000033,110,54,56
123000034,335,297,38
123000035,100,142,-42
123000036,134,229,-95
123000037,74,241,-167
123000038,58,176,-118
123000039,522,616,-94
123000040,828,272,556
123000041,522,276,246
123000042,463,342,121
123000043,1908,2688,-780
123000044,3900,1195,2705
123000045,6775,795,5980
123000046,548,410,138
123000047,2346,639,1707
123000048,24,138,-114
123000049,4094,2166,1928
123000050,390,664,-274
123000051,73,82,-9
123000052,306,1098,-792
123000053,1795,1391,404
123000054,764,683,81
123000055,435,623,-188
123000056,644,1309,-665
123000057,11349,3154,8195
123000058,258,518,-260
123000059,199,219,-20
123000060,414,261,153
123000061,78,373,-295
123000063,550,329,221
123000064,750,147,603
123000065,5677,2492,3185
123000066,955,561,394
123000067,220,405,-185
123000068,2225,2113,112
123000069,7262,2423,4839
123000070,246,496,-250
123000071,360,827,-467
123000072,568,1383,-815
123000073,455,682,-227
123000074,729,1797,-1068
123000075,212,480,-268
123000076,234,930,-696
123000077,1618,2865,-1247
123000078,585,1400,-815
123000079,542,1497,-955
123000080,1186,1945,-759
123000081,134,422,-288
123000082,356,931,-575
123000083,431,74,357
123000084,227,579,-352
123000085,40,78,-38
123000086,91,459,-368
123000087,76,415,-339
123000088,532,919,-387
123000089,233,924,-691
123000090,873,967,-94
123000091,1126,978,148
123000092,962,840,122
123000094,305,195,110
123000095,143,412,-269
123000096,213,383,-170
123000097,145,986,-841
123000098,279,353,-74
123000099,369,709,-340
123000100,267,362,-95
123000101,359,259,100
123000102,408,362,46
123000104,247,205,42
123000105,421,336,85
123000106,434,181,253
123000107,396,334,62
123000108,1052,790,262
123000111,278,170,108
123000112,343,330,13
123000113,625,1274,-649
123000114,252,255,-3
123000115,133,237,-104
123000116,22,159,-137
123000117,841,1809,-968
123000118,324,779,-455
123000119,125,845,-720
123000120,210,722,-512
123000121,298,485,-187
123000122,290,206,84
123000123,411,409,2
123000124,557,354,203
123000125,905,512,393
123000126,1760,1117,643
123000127,1755,708,1047
123000128,228,333,-105
123000129,216,89,127
123000130,169,32,137
123000131,275,251,24
123000132,254,380,-126
123000133,428,263,165
123000134,609,146,463
123000135,693,604,89
123000136,82,1116,-1034
123000137,74,315,-241
123000138,56,351,-295
123000139,256,76,180
123000140,107,551,-444
123000141,655,53,602
123000142,588,674,-86
123000143,946,2249,-1303
123000144,11,5,6
123000145,129,79,50
123000146,12,76,-64
123000147,20,63,-43
123000149,260,212,48
123000150,101,149,-48
123000151,203,341,-138
123000152,34,229,-195
123000153,132,276,-144
123000154,1338,932,406
123000155,1612,510,1102
123000156,35,58,-23
123000157,460,701,-241
123000158,579,319,260
123000159,1698,980,718
123000160,181,259,-78
123000161,648,412,236
123000162,184,632,-448
123000163,113,23,90
123000164,294,136,158
123000165,211,1646,-1435
123000166,15,160,-145
123000167,68,262,-194
123000168,102,279,-177
123000169,203,75,128
123000170,24,282,-258
123000171,67,25,42
123000172,177,585,-408
123000173,171,76,95
123000174,423,101,322
123000175,841,1307,-466
123000176,166,40,126
123000177,191,909,-718
123000178,176,28,148
123000179,16,689,-673
123000180,703,211,492
123000181,193,1195,-1002
123000182,89,372,-283
123000183,105,104,1
123000184,47,751,-704
123000185,123,246,-123
123000186,5,520,-515
123000187,190,0,190
123000188,59,1,58
123000189,66,201,-135
123000190,12,55,-43
123000192,18,301,-283
123000193,25,391,-366
123000194,308,226,82
123000195,152,5,147
123000196,79,0,79
123000197,37,58,-21
123000198,1,167,-166
123000199,5,434,-429
123000200,171,5,166
123000201,260,13,247
123000202,22,1014,-992
123000203,243,20,223
123000204,40,1000,-960
123000205,176,1930,-1754
123000206,587,74,513
123000207,35,819,-784
123000208,112,52,60
123000209,580,170,410
123000210,205,1271,-1066
123000211,485,2401,-1916
123000212,891,191,700
123000213,186,31,155
123000215,89,45,44
123000216,143,230,-87
123000217,87,9,78
123000218,61,158,-97
123000219,481,14,467
123000220,266,25,241
123000221,79,90,-11
123000222,161,424,-263
123000223,69,436,-367
123000224,300,649,-349
123000225,69,40,29
123000226,66,266,-200
123000227,55,295,-240
123000228,75,39,36
123000229,891,1343,-452
123000232,64,555,-491
123000233,252,50,202
123000234,83,522,-439
123000235,137,202,-65
123000236,67,639,-572
123000237,113,21,92
123000238,33,451,-418
123000239,301,1648,-1347
123000240,12,133,-121
123000241,747,71,676
123000242,47,124,-77
123000243,272,603,-331
123000244,427,279,148
123000245,30,99,-69
123000249,311,451,-140
123000252,305,72,233
123000253,271,162,109
123000254,300,762,-462
123000255,343,451,-108
123000256,16,215,-199
123000257,2322,1867,455
123000258,594,1016,-422
123000259,98,253,-155
123000260,164,416,-252
123000261,48,179,-131
123000262,48,240,-192
123000263,168,67,101
123000264,96,39,57
123000265,24,135,-111
123000266,246,478,-232
123000267,117,147,-30
123000268,13,44,-31
123000269,22,21,1
123000270,17,35,-18
123000271,33,43,-10
123000272,604,154,450
123000273,126,337,-211
123000274,579,183,396
123000275,149,737,-588
123000278,2364,1856,508
123000279,30,62,-32
123000280,158,306,-148
123000281,124,27,97
123000282,40,160,-120
123000283,55,20,35
123000284,39,83,-44
123000286,235,164,71
123000287,537,177,360
123000288,454,256,198
123000289,276,313,-37
123000291,215,577,-362
123000294,135,207,-72
123000295,465,672,-207
123000296,161,358,-197
123000297,151,736,-585
123000298,175,616,-441
123000299,41,209,-168
123000300,474,364,110
123000301,53,109,-56
123000302,31,122,-91
123000303,10,62,-52
123000305,685,629,56
123000306,17,198,-181
123000309,54,60,-6
123000310,69,17,52
123000311,0,143,-143
123000312,585,853,-268
123000313,109,130,-21
123000315,50,232,-182
123000316,1098,93,1005
123000317,161,22,139
123000318,32,260,-228
123000329,12,11,1
123000337,77,213,-136
123000338,205,27,178
123000339,46,298,-252
123000340,88,279,-191
123000342,5,139,-134
123000343,17,0,17
123000344,559,303,256
123000345,268,405,-137
123000346,103,44,59
123000352,1635,551,1084
123000353,16,103,-87
123000354,77,1,76
123000355,0,263,-263
123000356,51,1,50
123000357,1,220,-219
123000359,3,193,-190
123000360,39,1,38
123000361,360,150,210
123000362,91,82,9
123000363,36,193,-157
123000364,307,168,139
123000365,20,167,-147
123000366,130,678,-548
123000367,155,928,-773
123000370,13,225,-212
123000371,36,4,32
123000372,61,2,59
123000373,2,249,-247
123000374,4,95,-91
123000375,59,9,50
123000376,424,425,-1
123000377,107,4,103
123000378,6,372,-366
123000379,1,145,-144
123000380,27,141,-114
123000381,54,29,25
123000382,385,21,364
123000383,105,429,-324
123000384,215,44,171
123000385,277,309,-32
123000436,21,433,-412
123000507,143,180,-37
123000508,119,264,-145
123000517,217,12,205
123000518,40,155,-115
123000519,88,64,24
123000520,37,162,-125
123000521,155,79,76
123000522,152,454,-302
123000541,0,0,0
123000542,0,17,-17
123000565,123,15,108
123000566,43,726,-683
123000567,54,232,-178
123000573,18,768,-750
123000574,262,40,222
123000575,866,786,80
123000576,419,1234,-815
123000577,42,297,-255
123000578,480,99,381
123000579,3469,1475,1994
123000580,60,15,45
123000582,86,29,57
123000583,5,328,-323
123000584,73,144,-71
123000585,1,76,-75
123000586,10,0,10
123000596,86,93,-7
123000597,30,52,-22
123000602,5,0,5
123000603,134,622,-488
123000604,176,945,-769
123000605,443,51,392
123000606,1,223,-222
123000609,5,269,-264
123000610,26,86,-60
123000613,57,97,-40
123000614,99,25,74
123000615,51,209,-158
123000616,137,23,114
123000617,27,319,-292
123000618,16,394,-378
123000619,354,6,348
123000620,4,398,-394
123000622,199,17,182
123000624,124,49,75
123000630,325,263,62
123000631,93,1626,-1533
123000632,843,936,-93
123000633,1,99,-98
123000634,70,15,55
123000635,160,99,61
123000636,3,470,-467
123000637,72,19,53
123000638,196,61,135
123000639,440,1348,-908
123000640,47,963,-916
123000648,65,35,30
123000649,29,605,-576
123900001,1017,53,964
123900002,11,546,-535
123900003,188,442,-254
123900005,73,41,32
123900006,96,5,91
124000001,787,86,701
124000002,90,1202,-1112
124000003,169,107,62
124000004,29,533,-504
124000005,344,105,239
124000006,167,1295,-1128
124000007,309,52,257
124000008,9,300,-291
124000009,188,160,28
124000010,49,466,-417
124000011,317,159,158
124000012,136,847,-711
124000017,21,74,-53
124000018,55,77,-22
124000019,67,85,-18
124000020,33,202,-169
124000021,37,48,-11
124000022,67,191,-124
124000023,661,810,-149
124000024,886,571,315
124000025,716,732,-16
124000026,737,779,-42
124000027,4082,1903,2179
124000028,2324,2474,-150
124000030,2826,935,1891
124000031,408,675,-267
124000032,3955,841,3114
124000033,373,227,146
124000034,1232,809,423
124000035,84,49,35
124000036,58,511,-453
124000037,134,186,-52
124000038,23,68,-45
124000039,827,136,691
124000040,448,280,168
124000041,101,36,65
124000042,31,201,-170
124000043,21,48,-27
124000044,28,263,-235
124000045,267,375,-108
124000046,134,631,-497
124000047,412,613,-201
124000048,198,1437,-1239
124000049,503,529,-26
124000050,213,1999,-1786
124000051,191,388,-197
124000052,213,1258,-1045
124000053,248,579,-331
124000054,434,561,-127
124000055,662,696,-34
124000056,2842,1040,1802
124000057,469,283,186
124000058,223,1225,-1002
124000059,238,314,-76
124000060,669,673,-4
124000061,715,1697,-982
124000062,7290,1555,5735
124000063,1093,1253,-160
124000064,2033,1595,438
124000065,69,139,-70
124000066,202,42,160
124000067,53,169,-116
124000068,23,74,-51
124000069,176,121,55
124000070,80,438,-358
124000071,36,41,-5
124000072,94,449,-355
124000073,296,33,263
124000074,101,746,-645
124000075,55,21,34
124000076,5,157,-152
124000077,1385,433,952
124000078,2228,248,1980
124000079,611,528,83
124000080,144,63,81
124000081,64,702,-638
124000082,6,67,-61
124000083,20,119,-99
124000084,16,162,-146
124000085,40,48,-8
124000086,40,53,-13
124000087,44,34,10
124000088,40,133,-93
124000089,256,205,51
124000090,72,364,-292
124000091,177,95,82
124000092,55,650,-595
124000093,52,32,20
124000094,40,247,-207
124000095,38,51,-13
124000096,34,211,-177
124000097,36,44,-8
124000098,36,129,-93
124000099,45,69,-24
124000100,11,60,-49
124000101,21,109,-88
124000102,53,80,-27
124000103,36,66,-30
124000104,61,64,-3
124000105,24,40,-16
124000106,91,72,19
124000107,6,63,-57
124000108,23,20,3
124000109,87,24,63
124000110,65,83,-18
124000111,109,143,-34
124000112,329,448,-119
124000113,30,44,-14
124000114,97,386,-289
124000115,249,583,-334
124000116,68,46,22
124000117,68,59,9
124000118,19,26,-7
124000119,469,366,103
124000120,241,441,-200
124000121,1978,528,1450
124000122,446,624,-178
124000123,455,265,190
124000124,373,640,-267
124000125,266,290,-24
124000126,295,406,-111
124000127,450,238,212
124000128,533,857,-324
124000129,1068,861,207
124000130,571,375,196
124000131,745,385,360
124000132,671,581,90
124000133,367,553,-186
124000134,405,574,-169
124000135,895,887,8
124000136,643,875,-232
124000137,690,326,364
124000138,883,616,267
124000139,195,17,178
124000140,20,304,-284
124000141,167,14,153
124000142,19,334,-315
124000143,22,6,16
124000144,7,125,-118
124000145,33,23,10
124000146,4,123,-119
124000148,7,35,-28
124000149,329,154,175
124000150,232,449,-217
124000151,314,150,164
124000152,451,861,-410
124000153,215,291,-76
124000154,149,681,-532
124000155,584,453,131
124000156,862,674,188
124000169,155,137,18
124000170,528,320,208
124000171,137,149,-12
124000172,236,454,-218
124000173,108,228,-120
124000174,116,590,-474
124000175,6,116,-110
124000176,18,7,11
124000177,11,57,-46
124000178,7,5,2
124000190,156,30,126
124000191,325,53,272
124000192,1112,170,942
124000193,270,937,-667
124000194,288,482,-194
124000195,166,368,-202
124000196,648,1010,-362
124000197,28,49,-21
124000198,12,15,-3
124000201,95,818,-723
124000202,355,50,305
124000203,72,761,-689
124000204,170,352,-182
124000205,10,454,-444
124000206,76,291,-215
124000207,1,38,-37
124000209,78,495,-417
124000210,65,147,-82
124000211,92,0,92
124000212,1,406,-405
124000213,50,278,-228
124000214,91,564,-473
124000215,35,4,31
124000216,2,484,-482
124000329,25,2031,-2006
124000338,11,1075,-1064
124000339,164,29,135
124000341,252,37,215
124000344,14,4,10
124000357,555,924,-369
124000358,575,829,-254
124000359,423,338,85
124000360,241,268,-27
124000361,606,532,74
124000362,1266,2002,-736
124000363,196,397,-201
124000364,401,803,-402
124000365,622,964,-342
124000366,1713,677,1036
124000367,66,416,-350
124000368,131,106,25
124000369,78,77,1
124000370,61,646,-585
124000402,10,5,5
124000403,9,7,2
124000404,5,90,-85
124000405,680,516,164
124000406,737,582,155
124000407,1,18,-17
124000411,2,308,-306
124000412,78,5,73
124000413,132,12,120
124000414,26,75,-49
124000415,30,190,-160
124000416,58,333,-275
124000417,40,104,-64
124000418,28,99,-71
124000419,56,168,-112
124000420,13,60,-47
124000421,18,299,-281
124000422,21,6,15
124000423,60,13,47
124000424,3,170,-167
124000425,21,11,10
124000426,1,246,-245
124000427,23,21,2
124000428,3,36,-33
124000429,11,37,-26
124000430,316,501,-185
124000431,163,517,-354
124000432,49,690,-641
124000439,4,3,1
124000443,0,5,-5
124000445,301,224,77
124000446,2156,77,2079
124000447,0,3,-3
124900001,181,176,5
124900002,66,326,-260
124900003,313,408,-95
124900004,135,239,-104
124900005,116,142,-26
124900006,141,238,-97
124900008,645,287,358
124900009,65,62,3
124900010,41,20,21
124900011,98,69,29
124900012,115,34,81
124900013,159,65,94
124900014,68,34,34
124900015,52,86,-34
124900016,5,25,-20
124900017,276,134,142
124900018,3,3,0
124900020,21,26,-5
124900021,55,22,33
124900022,10,4,6
124900024,60,3,57
124900026,55,4,51
124900027,35,127,-92
124900028,409,60,349
124900029,9,193,-184
124900030,4,84,-80
124900031,11,315,-304
124900032,114,116,-2
124900033,35,288,-253
124900034,6,64,-58
124900035,50,305,-255
124900036,0,26,-26
124900037,60,254,-194
124900038,270,363,-93
124900039,0,35,-35
124900040,23,48,-25
124900041,130,1195,-1065
124900042,12,0,12
124900043,228,1013,-785
124900044,11,0,11
124900045,343,550,-207
124900047,56,114,-58
124900048,51,110,-59
124900050,72,180,-108
124900052,51,216,-165
124900053,12,287,-275
124900054,1948,217,1731
124900055,0,68,-68
124900057,3,45,-42
124900060,26,146,-120
124900061,15,1,14
124900062,9,5,4
124900066,0,14,-14
124900067,2,113,-111
124900068,119,116,3
124900070,13,14,-1
124900072,14,4,10
124900075,43,182,-139
124900076,17,206,-189
124900077,15,60,-45
124900078,17,1,16
124900079,415,25,390
124900080,95,699,-604
124900081,437,110,327
124900082,212,952,-740
124900083,110,536,-426
124900085,1120,148,972
124900086,42,357,-315
124900087,313,34,279
124900088,654,67,587
124900089,963,23,940
124900090,68,120,-52
124900091,143,411,-268
124900092,94,408,-314
124900093,71,106,-35
124900094,72,120,-48
124900095,21,174,-153
124900096,301,49,252
124900097,86,37,49
124900098,62,246,-184
124900099,279,189,90
124900100,45,29,16
124900101,5,369,-364
124900102,98,3,95
124900103,32,197,-165
124900104,25,151,-126
124900105,22,93,-71
124900106,111,17,94
124900107,19,3,16
124900108,121,18,103
124900111,0,29,-29
124900112,29,511,-482
124900113,93,66,27
124900114,197,25,172
124900115,28,35,-7
124900116,44,52,-8
124900117,524,60,464
124900118,100,41,59
124900119,124,38,86
124900120,17,295,-278
124900121,51,77,-26
124900122,451,135,316
124900123,449,26,423
124900124,144,116,28
204000001,20,16,4
204000002,3,16,-13
204000003,2,1,1
204000004,0,0,0
204000005,228,183,45
204000006,372,422,-50
204000011,3,63,-60
204000012,9,86,-77
204000019,274,292,-18
204000020,283,557,-274
204000021,1326,499,827
204000022,279,277,2
204000023,212,1124,-912
204000031,60,22,38
204000032,408,19,389
204000034,42,293,-251
204000035,0,2,-2
204000036,14,22,-8
204000037,0,10,-10
204000038,0,21,-21
204000039,2,38,-36
204000040,2,51,-49
204000041,3,49,-46
204000042,11,13,-2
204000043,9,6,3
204000044,9,1,8
204000045,8,13,-5
204000046,3,3,0
204000057,0,24,-24
204000062,5,165,-160
204000068,54,93,-39
204000069,23,89,-66
204000070,30,121,-91
204000080,5,42,-37
204000085,637,1184,-547
204000086,2198,1598,600
204000087,36,25,11
204000088,6,95,-89
204000090,9,353,-344
204000093,167,58,109
204000096,258,435,-177
204000097,140,16,124
204000099,450,671,-221
204000100,319,514,-195
204000105,1518,889,629
204000110,437,1090,-653
204000111,207,631,-424
204000112,334,780,-446
204000113,235,754,-519
204000114,249,261,-12
204000115,199,267,-68
204000116,356,373,-17
204000119,945,852,93
204000132,189,136,53
204000133,338,210,128
204000134,79,127,-48
204000135,164,124,40
204000136,106,149,-43
204000138,136,153,-17
204000140,62,73,-11
204000141,77,60,17
204000144,0,8,-8
204000145,494,12,482
204000146,69,269,-200
204000147,55,112,-57
204000148,355,21,334
204000154,0,0,0
204000155,0,9,-9
204000177,40,34,6
204000179,8,3,5
204000180,0,44,-44
204000222,4,5,-1
204000235,8,2,6
204000236,64,234,-170
204000238,27,5,22
204000240,238,36,202
204000263,389,1040,-651
204000268,433,240,193
204000308,101,10,91
204000317,4,61,-57
204000322,4,33,-29
204000323,12,10,2
204000328,105,37,68
204000329,84,93,-9
204000330,169,38,131
204000331,51,124,-73
205000001,735,1028,-293
205000013,5,99,-94
205000014,18,103,-85
205000015,50,218,-168
205000016,10,207,-197
205000017,30,118,-88
205000022,160,492,-332
205000025,1168,741,427
205000029,115,4,111
205000045,22,168,-146
205000046,30,425,-395
205000047,19,421,-402
205000048,84,889,-805
205000049,47,574,-527
205000050,968,200,768
205000059,0,221,-221
205000060,0,29,-29
205000061,4,16,-12
205000062,1,33,-32
205000063,5,41,-36
205000064,17,56,-39
205000065,52,564,-512
205000066,42,564,-522
205000067,20,860,-840
205000069,131,20,111
205000082,132,106,26
205000110,32,174,-142
205000111,70,277,-207
205000112,30,60,-30
205000113,149,183,-34
205000121,73,61,12
205000123,63,162,-99
205000126,137,42,95
205000127,166,52,114
205000128,232,30,202
205000129,122,37,85
205000130,77,4,73
205000131,66,3,63
205000132,244,1,243
205000133,46,0,46
205000134,27,0,27
205000137,68,118,-50
205000138,213,212,1
205000139,16,70,-54
205000144,18,27,-9
205000145,131,58,73
205000151,57,11,46
205000152,35,15,20
205000153,101,13,88
205000154,11,27,-16
205000155,38,3,35
205000207,26,102,-76
205000233,6,0,6
205000234,0,0,0
205000243,0,0,0
205000244,0,7,-7
205000245,19,295,-276
205000249,0,24,-24
205000250,1,0,1
205000264,0,103,-103
206000027,5,3,2
206000028,5,0,5
206000043,6,114,-108
206000053,9,5,4
206000054,23,22,1
206000055,2,35,-33
206000075,6,9,-3
206000076,20,4,16
206000077,18,4,14
206000078,3,8,-5
206000079,12,2,10
206000082,312,8,304
206000100,39,477,-438
206000103,5,13,-8
206000104,20,16,4
206000105,6,12,-6
206000106,17,21,-4
206000125,16,0,16
206000157,99,615,-516
206000170,2,228,-226
206000171,3,222,-219
206000172,3,885,-882
206000173,1,338,-337
206000174,9,158,-149
206000175,1,238,-237
206000176,11,420,-409
206000177,2,248,-246
206000178,1,187,-186
206000179,2,125,-123
206000180,32,162,-130
206000181,14,269,-255
206000182,46,365,-319
206000183,26,1028,-1002
206000184,2,340,-338
206000185,5,316,-311
206000186,99,1469,-1370
206000223,14,250,-236
206000226,17,1,16
206000227,15,1,14
206000237,27,388,-361
206000238,39,667,-628
206000239,575,2302,-1727
206000240,0,53,-53
206000241,1,128,-127
206000242,6,417,-411
206000243,14,365,-351
206000244,68,959,-891
206000245,225,27,198
206000246,49,11,38
206000247,83,10,73
206000248,111,9,102
206000252,59,18,41
206000258,17,36,-19
206000315,14,2,12
206000317,168,59,109
206000318,61,70,-9
206000319,331,59,272
206000320,19,17,2
206000321,38,11,27
206000322,107,9,98
206000323,78,2,76
206000324,21,8,13
206000325,55,11,44
206000326,33,3,30
206000327,130,4,126
206000328,31,4,27
206000329,45,4,41
206000330,14,6,8
206000331,52,1,51
206000332,8,5,3
206000333,102,0,102
206000334,109,1,108
206000335,0,40,-40
206000361,9,177,-168
206000392,12,32,-20
206000405,66,0,66
206000441,12,8,4
206000498,12,2,10
206000515,130,24,106
206000530,42,27,15
206000531,63,42,21
206000532,912,76,836
206000535,176,1987,-1811
206000536,19,227,-208
206000537,13,153,-140
206000613,696,135,561
206000784,380,24,356
207000001,97,333,-236
207000002,45,231,-186
207000003,100,241,-141
207000007,429,354,75
207000008,22,3,19
207000009,45,27,18
207000010,390,509,-119
207000012,178,193,-15
207000015,304,1616,-1312
207000019,106,65,41
207000021,463,115,348
207000022,59,95,-36
207000023,64,46,18
207000024,3,10,-7
207000025,10,65,-55
207000026,75,62,13
207000027,19,77,-58
207000028,32,223,-191
207000029,147,345,-198
207000033,170,166,4
207000034,166,47,119
207000039,186,152,34
207000040,97,175,-78
207000041,37,67,-30
207000042,151,78,73
207000043,97,230,-133
207000051,67,310,-243
207000052,6,188,-182
207000053,344,677,-333
207000054,35,135,-100
207000055,67,197,-130
207000056,173,427,-254
207000057,98,290,-192
207000058,85,472,-387
207000059,32,868,-836
207000060,27,288,-261
207000061,33,127,-94
207000062,102,53,49
207000063,109,172,-63
207000064,229,210,19
207000065,140,173,-33
207000066,66,179,-113
207000067,39,130,-91
207000068,67,69,-2
207000069,579,404,175
207000082,46,387,-341
207000083,60,341,-281
207000084,74,157,-83
207000085,86,8,78
207000086,59,6,53
207000106,12,42,-30
207000107,22,17,5
207000108,17,11,6
207000109,28,8,20
207000110,61,16,45
207000111,74,34,40
207000112,49,140,-91
207000114,18,13,5
207000115,15,44,-29
207000116,7,123,-116
207000117,6,122,-116
207000118,2,68,-66
207000119,17,80,-63
207000123,203,17,186
207000124,53,11,42
207000125,37,19,18
207000126,66,15,51
207000134,20,279,-259
207000135,22,276,-254
207000148,24,97,-73
207000149,62,28,34
207000152,101,366,-265
207000153,910,843,67
207000154,271,140,131
207000159,27,229,-202
207000160,35,580,-545
207000238,0,41,-41
207000242,1,159,-158
207000248,38,5,33
207000249,102,37,65
207000250,435,53,382
207000251,83,43,40
207000252,25,42,-17
207000278,19,52,-33
207000279,14,209,-195
207000280,122,77,45
207000281,55,1116,-1061
207000282,50,31,19
207000283,130,119,11
207000284,17,48,-31
207000285,163,28,135
207000291,12,78,-66
207000304,96,51,45
207000306,37,383,-346
207000310,19,113,-94
207000353,129,5,124
207000356,4,11,-7
207000357,2,5,-3
207000358,0,9,-9
207000415,4,146,-142
207000417,7,1,6
207000418,119,155,-36
207000438,0,1,-1
207000439,1349,252,1097
207000446,56,7,49
207000460,4,7,-3
207000466,138,149,-11
207000467,117,98,19
207000468,12,434,-422
207000476,0,64,-64
207000477,120,132,-12
207000478,0,1,-1
207000523,0,7,-7
207000524,10,0,10
207000527,78,152,-74
207000530,69,3,66
207000531,74,1,73
207000532,30,5,25
207000534,736,36,700
207000535,51,109,-58
207000537,18,95,-77
207000540,3,187,-184
207000541,4,299,-295
207000548,6,228,-222
207000549,46,9,37
207000561,61,51,10
207000562,21,143,-122
207000567,123,265,-142
207000568,26,94,-68
207000569,63,858,-795
207000584,377,100,277
207000585,43,108,-65
207000587,16,26,-10
207000616,0,265,-265
207000617,30,0,30
207000624,37,5,32
207000631,3,23,-20
207900008,49,190,-141
208000001,247,396,-149
208000002,155,365,-210
208000003,397,317,80
208000004,588,454,134
208000005,5,9,-4
208000019,233,544,-311
208000020,49,282,-233
208000021,48,393,-345
208000022,302,538,-236
208000028,631,483,148
208000033,215,463,-248
208000034,589,963,-374
208000037,172,18,154
208000040,32,146,-114
208000041,356,343,13
208000042,319,327,-8
208000047,72,319,-247
208000064,1627,913,714
208000066,767,417,350
208000070,90,389,-299
208000071,136,626,-490
208000072,136,753,-617
208000080,56,204,-148
208000081,99,119,-20
208000082,157,200,-43
208000083,68,271,-203
208000084,4,9,-5
208000085,503,452,51
208000086,296,662,-366
208000087,141,542,-401
208000089,310,533,-223
208000090,283,790,-507
208000093,20,96,-76
208000094,204,423,-219
208000095,385,246,139
208000104,443,576,-133
208000105,327,694,-367
208000114,27,61,-34
208000115,194,210,-16
208000116,95,716,-621
208000117,19,79,-60
208000118,40,53,-13
208000155,319,585,-266
208000158,1089,1469,-380
208000186,2117,976,1141
208000204,226,588,-362
208000205,491,931,-440
208000282,2253,704,1549
209000004,43,114,-71
209000005,11,14,-3
209000006,156,61,95
209000007,162,109,53
209000010,241,104,137
209000011,97,128,-31
209000012,128,198,-70
209000013,92,458,-366
209000014,574,1354,-780
209000025,79,24,55
209000026,330,35,295
209000027,217,845,-628
209000028,160,990,-830
209000029,313,798,-485
209000030,298,1300,-1002
209000031,3210,2093,1117
209000034,80,174,-94
209000035,78,75,3
209000036,81,93,-12
209000037,67,179,-112
209000038,54,128,-74
209000039,47,141,-94
209000040,175,416,-241
209000041,109,275,-166
209000042,166,312,-146
209000043,502,419,83
209000044,135,286,-151
209000045,596,240,356
209000046,144,258,-114
209000047,119,113,6
209000048,121,129,-8
209000049,76,178,-102
209000050,178,176,2
209000051,156,319,-163
209000052,83,337,-254
209000062,16,140,-124
209000063,13,107,-94
209000064,9,157,-148
209000065,21,25,-4
209000066,19,37,-18
209000067,21,53,-32
209000080,10,128,-118
209000082,33,26,7
209000091,17,54,-37
209000093,48,25,23
209000094,111,47,64
209000110,23,34,-11
209000111,212,566,-354
209000112,236,228,8
209000113,541,241,300
209000114,141,145,-4
209000115,36,157,-121
209000116,774,410,364
209000118,2,18,-16
209000119,5,4,1
209000121,102,568,-466
209000135,50,42,8
209000142,520,442,78
209000143,48,39,9
209000144,16,53,-37
209000229,52,122,-70
209000240,15,325,-310
209000259,70,96,-26
209000260,19,800,-781
209000261,1,420,-419
209000262,1,339,-338
209000263,0,102,-102
209000264,0,12,-12
209000265,85,0,85
209000266,19,0,19
209000267,124,1,123
209000268,252,9,243
210000037,43,19,24
210000047,13,12,1
210000048,13,20,-7
210000049,41,17,24
210000052,14,113,-99
210000053,11,49,-38
210000054,45,90,-45
210000070,25,1,24
210000071,9,0,9
210000072,16,0,16
210000073,0,17,-17
210000074,0,76,-76
210000075,0,39,-39
210000076,2,94,-92
210000077,18,29,-11
210000078,25,13,12
210000079,12,5,7
210000080,54,14,40
210000081,52,0,52
210000082,46,1,45
210000083,70,0,70
210000084,7,0,7
210000085,0,69,-69
210000086,2,89,-87
210000099,34,220,-186
210000100,16,237,-221
210000101,67,181,-114
210000105,45,114,-69
210000159,1,120,-119
210000163,140,151,-11
210000164,247,68,179
210000168,83,6,77
210000187,0,3,-3
210000188,1,20,-19
210000214,9,0,9
210000219,11,17,-6
210000220,27,67,-40
210000232,4,16,-12
210000233,20,29,-9
210000234,20,108,-88
210000235,7,119,-112
210000245,0,15,-15
210000246,15,3,12
210000258,17,125,-108
210000259,65,4,61
210000282,19,173,-154
210000285,0,102,-102
210000286,2,143,-141
210000290,4,8,-4
210000295,21,84,-63
210000296,18,43,-25
210000320,45,82,-37
210000321,41,57,-16
210000338,34,75,-41
210000339,594,488,106
210000340,86,125,-39
210000341,103,148,-45
210000342,104,189,-85
210000343,51,182,-131
210000344,124,80,44
210000345,133,69,64
210000346,20,48,-28
210000347,32,14,18
210000348,34,10,24
210000349,38,20,18
210000350,32,48,-16
210000351,52,62,-10
210000352,47,67,-20
210000353,17,83,-66
210000354,51,107,-56
210000355,36,91,-55
210000356,29,37,-8
210000357,18,30,-12
210000358,216,62,154
210000359,41,44,-3
210000360,71,65,6
210000361,77,101,-24
210000362,115,123,-8
210000363,658,64,594
210000364,82,56,26
210000365,48,26,22
210000366,57,43,14
210000367,21,10,11
210000368,67,16,51
210000369,14,29,-15
210000370,34,41,-7
210000372,16,17,-1
210000373,12,1,11
210000374,35,5,30
210000375,17,77,-60
210000376,31,138,-107
210000404,69,98,-29
210000439,22,37,-15
210000472,54,5,49
210000482,76,36,40
210000564,619,86,533
210000567,1,14,-13
210000568,355,4,351
211000092,23,47,-24
211000094,66,15,51
211000169,184,2,182
211000172,3,148,-145
211000209,0,12,-12
211000226,6,16,-10
211000270,6,13,-7
211000275,16,25,-9
211000276,31,14,17
211000279,3,50,-47
211000281,5,49,-44
211000302,1,5,-4
211507980,0,11,-11
211977296,2,3,-1
212000003,65,41,24
212000004,27,16,11
212000005,10,29,-19
212000006,12,86,-74
212000008,52,263,-211
212000009,9,120,-111
212000012,17,68,-51
212000013,7,41,-34
212000014,159,147,12
212000015,126,222,-96
212000016,289,470,-181
212000027,300,335,-35
212000028,137,260,-123
212000029,101,183,-82
212000030,26,26,0
212000031,20,64,-44
212000048,9,70,-61
212000049,6,39,-33
212000050,6,12,-6
212000051,92,192,-100
212000052,73,377,-304
212000053,175,471,-296
212000054,63,103,-40
212000055,92,184,-92
212000056,4,35,-31
212000057,11,26,-15
212000058,276,8,268
212000070,49,250,-201
212000077,42,550,-508
212000099,99,177,-78
212000108,110,119,-9
212000111,130,124,6
212000120,78,127,-49
212000138,36,11,25
212000156,6,84,-78
212000158,5,5,0
212000159,132,54,78
212000160,218,166,52
212000161,14,11,3
212000310,12,13,-1
212000311,2,63,-61
212000374,5,11,-6
213000001,8,503,-495
213000005,197,30,167
213000006,788,43,745
213000007,55,4,51
213000009,198,95,103
213000010,70,78,-8
213000011,87,62,25
213000012,81,289,-208
213000014,11,7,4
213000015,61,1,60
213000016,70,0,70
213000017,8,0,8
213000018,3,131,-128
213000019,2,109,-107
213000020,56,205,-149
213000021,3,92,-89
213000023,87,102,-15
213000033,193,469,-276
213000034,179,254,-75
213000035,41,78,-37
213000045,68,190,-122
213000046,68,122,-54
213000047,255,467,-212
213000056,10,8,2
213000069,15,1,14
213000073,0,9,-9
213000074,110,381,-271
213000075,171,1,170
213000076,10,1,9
213000085,4,41,-37
213000086,14,191,-177
213000091,10,4,6
213000092,1,2,-1
213000099,128,627,-499
213000100,722,118,604
213000101,70,148,-78
213000102,121,372,-251
213000103,325,582,-257
213000104,12,348,-336
213000105,2,47,-45
213000106,8,164,-156
213000107,71,642,-571
213000108,3,441,-438
213000109,0,237,-237
213000110,2,35,-33
213000111,4,37,-33
213000112,113,117,-4
213000115,8,2,6
213000116,67,491,-424
213000117,1,659,-658
213000118,159,203,-44
213000119,38,649,-611
213000120,51,607,-556
213000122,144,640,-496
213000123,511,900,-389
213000124,26,1149,-1123
213000125,68,14,54
213000126,18,81,-63
213000127,92,100,-8
213000128,568,348,220
213000129,396,162,234
213000130,196,100,96
213000132,60,39,21
213000133,65,53,12
213000134,328,5,323
213000136,114,10,104
213000137,254,39,215
213000139,145,7,138
213000147,6,1,5
213000148,2,3,-1
213000149,9,11,-2
213000150,0,41,-41
213000151,2,50,-48
213000152,1,67,-66
213000153,0,26,-26
213000154,10,201,-191
213000155,26,269,-243
213000156,32,470,-438
213000157,511,491,20
213000158,163,511,-348
213000159,284,417,-133
213000163,214,40,174
213000165,377,64,313
213000171,1,115,-114
213000172,0,249,-249
213000173,2,222,-220
213000174,1,199,-198
213000175,9,118,-109
213000176,1,5,-4
213000177,5,0,5
213000178,10,0,10
213000179,49,0,49
213000180,13,0,13
213000184,44,270,-226
213000188,91,69,22
213000189,106,19,87
213000190,649,402,247
213000191,91,268,-177
213000192,58,453,-395
213000193,1206,108,1098
213000194,0,10,-10
213000195,12,388,-376
213000196,62,490,-428
213000197,160,111,49
213000198,6,0,6
213000200,67,838,-771
213000201,153,78,75
213000202,5,488,-483
213000203,1853,199,1654
213000204,258,9,249
213000205,87,14,73
213000206,85,25,60
213000207,18,4,14
213000208,14,0,14
213000209,15,0,15
213000210,140,3,137
213000211,1,3,-2
213000212,1,33,-32
213000213,2,9,-7
213000218,74,792,-718
213000219,311,12,299
213000220,286,5,281
213000223,146,64,82
213000224,1,13,-12
213000225,10,4,6
213000226,7,2,5
213000227,286,151,135
213000228,46,73,-27
213000229,121,15,106
213000230,155,4,151
213000232,25,301,-276
213000233,2,21,-19
213000234,1,13,-12
213000293,0,40,-40
213000294,36,3,33
213000295,2,70,-68
213000296,77,7,70
213000297,4,43,-39
213000298,4,50,-46
213000299,68,16,52
213000300,8,3,5
213000303,2,33,-31
213000304,2,4,-2
213000305,5,5,0
213000306,20,17,3
213000307,118,81,37
213000308,56,204,-148
213000309,41,44,-3
213000310,136,36,100
213000311,206,382,-176
213000315,28,117,-89
213000316,23,48,-25
213000322,31,104,-73
213000323,19,76,-57
213000324,10,80,-70
213000325,13,84,-71
213000326,4,13,-9
213000327,3,54,-51
213000328,2,50,-48
213000329,13,25,-12
213000340,56,814,-758
213000341,111,65,46
213000346,96,38,58
213000347,616,60,556
213000348,13,109,-96
213000349,28,10,18
213000350,102,1179,-1077
213000366,21,218,-197
213000367,82,12,70
213000379,84,150,-66
213000386,1,106,-105
213000406,98,213,-115
213000417,401,183,218
213000425,50,25,25
213000426,63,63,0
213000427,9,215,-206
213000428,9,145,-136
213000429,12,2,10
213000430,29,691,-662
213000431,41,1,40
213000432,2,3,-1
213000433,3,64,-61
213000434,36,86,-50
213000435,43,64,-21
213000436,11,70,-59
213000437,1,49,-48
213000438,39,47,-8
213000439,5,5,0
213000440,1,107,-106
213000441,1,2,-1
213000442,1,24,-23
213000443,228,186,42
213000444,13,71,-58
213000445,0,82,-82
213000446,0,6,-6
213000447,0,12,-12
213000448,0,42,-42
213000449,50,1,49
213000450,8,45,-37
213000451,27,60,-33
213000452,32,15,17
213000453,13,186,-173
213000455,117,1,116
213000456,1,137,-136
213000481,16,5,11
213000482,52,2,50
213000489,202,15,187
213000491,0,50,-50
213000492,46,9,37
213000493,0,12,-12
213000494,81,85,-4
213000495,0,58,-58
213000496,147,185,-38
213000497,11,321,-310
213000498,43,229,-186
213000499,58,617,-559
213000500,120,70,50
213000501,32,16,16
213000502,56,18,38
213000503,1,42,-41
213000504,3,157,-154
213000505,1,7,-6
213000506,0,7,-7
213000507,1,174,-173
213900244,2,0,2
213900245,0,15,-15
218000003,13,10,3
218000004,9,6,3
218000005,7,28,-21
218000006,23,19,4
218000007,1,11,-10
218000012,208,97,111
218000013,62,105,-43
218000014,473,267,206
218000019,775,299,476
218000020,294,340,-46
218000021,28,73,-45
218000022,7,38,-31
218000023,0,50,-50
218000024,3,13,-10
218000025,8,14,-6
218000026,5,48,-43
218000027,0,21,-21
218000028,1,6,-5
218000029,0,2,-2
218000030,8,13,-5
218000031,0,22,-22
218000032,1,22,-21
218000040,0,2,-2
218000046,20,164,-144
218000047,6,176,-170
218000048,31,209,-178
218000049,40,119,-79
218000050,156,262,-106
218000051,22,287,-265
218000052,0,62,-62
218000053,0,18,-18
218000054,22,24,-2
218000055,2,14,-12
218000056,1,41,-40
218000057,4,22,-18
218000064,0,4,-4
218000065,26,43,-17
218000066,7,48,-41
218000067,22,51,-29
218000068,24,81,-57
218000069,89,149,-60
218000070,143,293,-150
218000071,125,257,-132
218000072,216,225,-9
218000078,471,1048,-577
218000079,29,41,-12
218000080,70,76,-6
218000081,151,159,-8
218000082,5,87,-82
218000083,4,43,-39
218000084,54,154,-100
218000085,100,357,-257
218000086,40,123,-83
218000087,92,205,-113
218000090,3,36,-33
218000091,432,342,90
218000092,28,108,-80
218000093,42,96,-54
218000094,316,617,-301
218000099,223,284,-61
218000100,172,225,-53
218000101,108,105,3
218000102,96,216,-120
218000103,30,184,-154
218000104,19,42,-23
218000105,21,6,15
218000106,10,9,1
218000107,28,118,-90
218000108,2,76,-74
218000112,36,7,29
218000117,21,53,-32
218000134,239,637,-398
218000135,9,62,-53
218000136,91,29,62
218000137,47,117,-70
218000138,2,58,-56
218000139,35,287,-252
218000140,94,153,-59
218000141,13,34,-21
218000142,43,103,-60
218000143,20,118,-98
218000144,15,49,-34
218000145,148,343,-195
218000146,28,100,-72
218000151,16,11,5
218000152,19,26,-7
218000153,0,0,0
218000154,3,1,2
218000155,2,1,1
218000156,21,20,1
218000157,4,9,-5
218000158,0,4,-4
218000159,1,4,-3
218000160,2,2,0
218000161,12,2,10
218000162,12,14,-2
218000163,2,1,1
218000164,9,8,1
218000165,28,26,2
218000170,0,15,-15
218000171,9,5,4
218000172,8,13,-5
218000173,19,10,9
218000174,0,2,-2
218000176,62,6,56
218000177,158,53,105
218000178,48,56,-8
218000179,64,22,42
218000180,22,8,14
218000181,55,11,44
218000187,11,11,0
218000188,31,27,4
218000189,1,40,-39
218000190,0,13,-13
218000191,25,90,-65
218000192,73,391,-318
218000193,158,298,-140
218000194,37,318,-281
218000195,53,66,-13
218000196,151,180,-29
218000197,78,298,-220
218000198,4,143,-139
218000199,7,22,-15
218000200,25,26,-1
218000201,24,9,15
218000202,67,102,-35
218000207,9,38,-29
218000208,18,20,-2
218000211,19,14,5
218000212,0,8,-8
218000213,86,45,41
218000214,0,16,-16
218000215,26,85,-59
218000217,2,73,-71
218000218,119,37,82
218000219,9,6,3
218000220,58,206,-148
218000221,172,79,93
218000222,39,13,26
218000223,29,88,-59
218000224,3,42,-39
218000225,144,13,131
218000226,44,42,2
218000230,0,2,-2
218000232,35,54,-19
218000239,8,1,7
218000240,5,1,4
218000241,3,0,3
218000242,1,0,1
218000243,3,1,2
218000244,1,1,0
218000245,1,0,1
218000246,0,0,0
218000247,0,0,0
218000248,0,29,-29
218000249,0,2,-2
218000250,0,13,-13
218000251,0,11,-11
218000252,0,23,-23
218000253,0,4,-4
218000254,0,19,-19
218000255,0,4,-4
218000256,0,29,-29
218000267,622,709,-87
218000268,2,39,-37
218000269,1,6,-5
218000270,47,59,-12
218000271,27,53,-26
218000273,10,3,7
218000274,14,5,9
218000275,15,31,-16
218000276,3,28,-25
218000278,12,35,-23
218000279,28,87,-59
218000280,4,37,-33
218000281,20,15,5
218000282,318,136,182
218000284,70,10,60
218000301,12,76,-64
218000302,25,36,-11
218000303,8,51,-43
218000316,586,1057,-471
218000317,373,1081,-708
218000318,205,917,-712
218000319,524,1383,-859
218000320,390,618,-228
218000338,6,17,-11
218000345,47,52,-5
218000346,35,100,-65
218000459,25,217,-192
218000490,11,20,-9
218000501,24,15,9
218000502,18,135,-117
218000503,29,11,18
218000504,87,9,78
218000505,31,220,-189
218000506,21,134,-113
218000508,0,1,-1
218000510,159,15,144
218000520,34,62,-28
218000521,4,57,-53
218000522,0,103,-103
218000523,10,3,7
218000524,35,72,-37
218000525,13,9,4
218000526,45,51,-6
218000529,10,197,-187
218000530,3,4,-1
218000531,3,16,-13
218000532,8,25,-17
218000534,31,18,13
218000537,15,36,-21
218000538,38,119,-81
218000540,147,57,90
218000543,56,36,20
218000544,44,105,-61
218000545,26,37,-11
218000546,38,85,-47
218000547,30,79,-49
218000548,34,155,-121
218000549,225,56,169
218000550,164,378,-214
218000551,130,181,-51
218000552,251,30,221
218000553,11,54,-43
218000554,11,14,-3
218000555,3,46,-43
218000556,51,350,-299
218000557,156,138,18
218000558,35,1,34
218000559,0,17,-17
218000560,0,4,-4
218000561,6,0,6
218000562,15,95,-80
218000563,55,5,50
218000564,7,87,-80
218000565,161,5,156
218000566,173,16,157
218000567,10,31,-21
218000568,6,2,4
218000569,6,25,-19
218000570,86,7,79
218000571,0,78,-78
218000572,13,2,11
218000573,21,29,-8
218000574,124,58,66
218000575,11,0,11
218000576,1,75,-74
218000577,6,0,6
218000578,0,93,-93
218000579,15,2,13
218000581,0,48,-48
218000582,5,3,2
218000583,2,0,2
218000584,1,11,-10
218000585,7,1,6
218000586,0,32,-32
218000587,0,0,0
218000588,0,0,0
218000589,0,0,0
218000590,0,0,0
218000591,0,2,-2
218000592,0,0,0
218000593,0,0,0
218000594,0,0,0
218000597,0,0,0
218000598,0,0,0
218000599,0,0,0
218000600,0,0,0
218000601,0,0,0
218000602,0,0,0
218000603,0,2,-2
218000604,1,0,1
218000605,0,3,-3
218000606,8,0,8
218000607,5,16,-11
218000608,6,4,2
218000609,0,29,-29
218000610,48,0,48
218000611,2,0,2
218000612,2,63,-61
218000613,9,0,9
218000614,0,60,-60
218000615,10,0,10
218000616,0,93,-93
218000617,3,1,2
218000618,0,18,-18
218000619,9,4,5
218000620,2,8,-6
218000621,0,0,0
218000622,0,1,-1
218000623,0,0,0
218000624,0,11,-11
218000625,0,1,-1
218000626,0,3,-3
218000628,22,19,3
218000631,7,20,-13
218000632,0,53,-53
218000633,19,0,19
218000634,3,11,-8
218000635,5,4,1
218000636,407,1188,-781
218000637,369,588,-219
218000638,55,31,24
218000639,6,170,-164
218000640,45,22,23
218000641,37,303,-266
218000652,66,115,-49
218000653,76,35,41
218000663,0,80,-80
218000675,16,36,-20
218000676,0,37,-37
218000677,4,8,-4
218000680,75,425,-350
218000681,184,109,75
218000691,72,393,-321
218000693,66,69,-3
218000703,2,33,-31
218000718,162,133,29
218000719,157,30,127
218000720,7,17,-10
218000721,12,14,-2
218000725,3,8,-5
218001147,2,177,-175
218001214,3,2,1
218001258,22,2,20
218001329,94,102,-8
218001330,114,79,35
218001351,18,6,12
218001352,3,9,-6
218001353,3,9,-6
218001354,1,6,-5
218001355,22,351,-329
218001356,141,7,134
218001357,18,262,-244
218001358,107,4,103
218001361,71,3,68
218001362,0,256,-256
219000001,13,54,-41
219000002,21,68,-47
219000003,35,28,7
219000004,58,36,22
219000017,36,36,0
219000020,52,5,47
219000022,59,2,57
219000023,34,1,33
219000029,0,72,-72
219000034,15,8,7
219000039,6,35,-29
219000040,7,17,-10
219000041,47,32,15
219000051,0,35,-35
219000052,0,18,-18
219000053,2,178,-176
219000054,16,66,-50
219000055,25,1,24
219000056,2,1,1
219000057,26,0,26
219000062,5,191,-186
219000063,26,3,23
219000064,1,42,-41
219000110,147,20,127
219000111,101,26,75
219000112,121,56,65
219000113,83,29,54
219000114,399,13,386
219000116,60,21,39
219000117,137,149,-12
219000118,28,97,-69
219000123,119,80,39
219000124,48,43,5
219000125,2,25,-23
219000126,27,97,-70
219000127,0,5,-5
219000128,31,85,-54
219000129,25,109,-84
219000130,1052,531,521
219000131,969,732,237
219000133,21,16,5
219000134,10,16,-6
219000135,15,29,-14
219000136,132,139,-7
219000138,30,11,19
219000139,16,48,-32
219000140,11,1,10
219000141,8,119,-111
219000142,7,118,-111
219000143,12,124,-112
219000145,11,27,-16
219000146,3,64,-61
219000147,0,50,-50
219000148,2,65,-63
219000149,18,194,-176
219000150,3,138,-135
219000151,2,89,-87
219000157,129,108,21
219000158,60,149,-89
219000161,91,9,82
219000163,1292,389,903
219000166,43,136,-93
219000167,44,180,-136
219000168,490,81,409
219000174,208,70,138
219000175,21,1,20
219000176,46,1,45
219000177,6,0,6
219000178,8,2,6
219000179,6,5,1
219000180,24,24,0
219000182,53,9,44
219000183,13,27,-14
219000184,27,2,25
219000185,0,113,-113
219000186,10,29,-19
219000187,23,122,-99
219000189,92,116,-24
219000190,115,135,-20
219000191,1413,549,864
219000192,100,98,2
219000193,433,149,284
219000195,1,94,-93
219000196,5,129,-124
219000198,21,177,-156
219000199,79,195,-116
219000200,26,201,-175
219000201,106,241,-135
219000203,15,104,-89
219000204,147,143,4
219000205,74,197,-123
219000207,342,155,187
219000209,13,81,-68
219000210,19,115,-96
219000213,4,186,-182
219000239,169,185,-16
219000240,97,192,-95
219000241,67,171,-104
219000242,88,182,-94
219000243,42,195,-153
219000244,10,63,-53
219000245,5,16,-11
219000246,6,11,-5
219000247,33,28,5
219000248,328,126,202
219000249,140,34,106
219000250,32,67,-35
219000251,280,97,183
219000252,73,52,21
219000253,54,28,26
219000255,44,36,8
219000256,79,66,13
219000257,37,0,37
219000262,93,223,-130
219000263,26,189,-163
219000267,2,143,-141
219000268,4,4,0
219000269,2,0,2
219000270,3,0,3
219000271,34,4,30
219000278,1,12,-11
219000279,1,6,-5
219000283,0,10,-10
219000295,7,103,-96
219000296,46,519,-473
219000297,6,174,-168
219000298,14,222,-208
219000299,308,29,279
219000300,19,338,-319
219000301,137,290,-153
219000302,20,167,-147
219000307,64,50,14
219000308,41,43,-2
219000311,90,32,58
219000312,167,33,134
219000313,86,17,69
219000314,90,564,-474
219000315,77,24,53
219000316,131,8,123
219000317,40,0,40
219000320,0,28,-28
219000321,0,10,-10
219000323,6,44,-38
219000325,0,29,-29
219000326,48,102,-54
219000327,34,35,-1
219000328,18,24,-6
219000329,187,68,119
219000330,27,15,12
219000331,18,39,-21
219000332,39,56,-17
219000333,3,4,-1
219000335,21,1,20
219000337,4,0,4
219000338,16,1,15
219000344,14,107,-93
219000345,68,112,-44
219000346,17,173,-156
219000348,56,165,-109
219000349,16,225,-209
219000350,22,34,-12
219000351,0,3,-3
219000352,144,44,100
219000353,60,42,18
219000354,56,95,-39
219000355,58,55,3
219000356,1485,256,1229
219000363,198,22,176
219000364,47,13,34
219000365,50,8,42
219000366,209,56,153
219000368,315,302,13
219000370,739,127,612
219000371,20,10,10
219000382,1,14,-13
219000383,589,424,165
219000385,504,356,148
219000386,832,857,-25
219000387,1,3,-2
219000390,3,0,3
219000391,2,0,2
219000397,85,73,12
219000398,67,28,39
219000401,4,83,-79
219000402,10,57,-47
219000403,37,110,-73
219000404,19,63,-44
219000407,3,17,-14
219000409,19,28,-9
219000410,11,19,-8
219000411,27,6,21
219000446,194,303,-109
219000447,0,25,-25
219000448,7,2,5
219000452,78,31,47
219000453,49,63,-14
219000454,193,112,81
219000556,74,39,35
219000558,63,249,-186
219000590,14,119,-105
219000591,21,29,-8
219000592,85,364,-279
219000595,1,22,-21
219000635,37,14,23
219000636,11,107,-96
219000657,20,23,-3
219000658,7,25,-18
219000673,0,24,-24
219000676,3,1,2
219000679,11,5,6
219000684,21,2,19
219000685,0,58,-58
219000686,0,2,-2
219000688,1,116,-115
219000689,60,141,-81
219000690,156,6,150
219000691,48,85,-37
219000692,81,20,61
219000693,0,24,-24
219000694,3,0,3
219000695,7,0,7
219000698,4,0,4
219000699,0,8,-8
219000727,1,133,-132
219000728,7,2,5
219000770,7,1,6
219000771,1,21,-20
219000788,220,140,80
219001150,0,9,-9
219001151,0,6,-6
219001166,17,3,14
219001167,0,59,-59
219001178,11,0,11
220000001,5,13,-8
220000002,3,95,-92
220000003,249,285,-36
220000004,341,499,-158
220000005,867,992,-125
220000006,72,685,-613
220000007,142,725,-583
220000008,131,916,-785
220000009,89,364,-275
220000010,45,82,-37
220000011,427,1328,-901
220000012,33,85,-52
220000014,31,54,-23
220000015,19,103,-84
220000017,4,190,-186
220000018,3036,489,2547
220000019,39,199,-160
220000020,75,126,-51
220000021,260,101,159
220000022,262,316,-54
220000023,49,110,-61
220000024,746,171,575
220000025,257,253,4
220000026,137,85,52
220000027,5,47,-42
220000028,15,28,-13
220000029,28,89,-61
220000030,39,60,-21
220000031,71,183,-112
220000064,19,639,-620
221000046,7,0,7
221000047,0,2,-2
221000048,0,4,-4
221000049,0,15,-15
221000050,11,1,10
221000055,27,72,-45
221000057,43,5,38
221000068,251,69,182
221000069,156,32,124
221000070,90,12,78
221000071,30,8,22
221000072,93,15,78
221000073,90,35,55
221000074,1,22,-21
221000075,29,10,19
221000076,9,26,-17
221000077,12,81,-69
221000081,6,2,4
221000082,17,4,13
221000083,16,7,9
221000084,3,3,0
221000085,7,42,-35
221000086,14,150,-136
221000087,5,151,-146
221000088,15,116,-101
221000089,24,189,-165
221000090,114,333,-219
221000098,83,21,62
221000099,83,14,69
221000100,53,4,49
221000101,296,8,288
221000102,106,14,92
221000109,5,65,-60
221000110,6,138,-132
221000111,15,130,-115
221000112,6,125,-119
221000113,6,172,-166
221000114,14,189,-175
221000120,12,14,-2
221000121,0,8,-8
221000122,9,5,4
221000123,9,26,-17
221000124,13,286,-273
221000155,52,6,46
221000156,27,15,12
221000175,0,3,-3
221000176,0,1,-1
221000182,17,2,15
221000241,504,130,374
221000242,229,251,-22
221000243,289,70,219
221000244,180,263,-83
221000245,41,105,-64
221000246,17,189,-172
221000247,26,111,-85
221000248,28,189,-161
221000267,20,419,-399
221000325,42,45,-3
221000331,0,42,-42
221000338,1,11,-10
221000378,61,18,43
221000381,83,100,-17
222000282,1,0,1
222000296,0,8,-8
222000568,166,12,154
222000569,90,11,79
222000570,66,0,66
222000571,52,2,50
222000577,2,157,-155
222000578,10,150,-140
222000579,19,89,-70
222000580,112,659,-547
222000599,1,109,-108
222000600,0,240,-240
222000601,9,645,-636
222000603,13,9,4
222000604,5,18,-13
222000605,2,5,-3
222000606,0,3,-3
222000607,0,4,-4
222000608,1,24,-23
222000609,29,250,-221
222000616,40,32,8
222000617,0,4,-4
222000618,0,2,-2
222000620,5,3,2
222000621,6,4,2
222000623,351,4,347
222000624,132,2,130
222000625,203,44,159
222000636,22,0,22
222000686,5,9,-4
222000687,12,30,-18
222001066,95,1,94
222001067,8,5,3
222001068,3,28,-25
222001069,13,22,-9
222001082,0,36,-36
222001083,4,61,-57
222001084,0,50,-50
222001085,0,103,-103
222001111,6,181,-175
222001112,13,16,-3
222001313,2,5,-3
222001314,2,38,-36
222001464,35,56,-21
222001465,5,154,-149
222001484,48,50,-2
222001485,13,65,-52
222001494,60,88,-28
222001495,79,320,-241
222001496,77,43,34
222001497,99,446,-347
222001502,27,95,-68
222001503,9,6,3
222001504,6,249,-243
222001505,14,2,12
222001506,16,150,-134
222001507,20,6,14
222001510,49,1,48
222001511,18,288,-270
222001514,128,16,112
222001515,138,469,-331
222001518,12,9,3
222001519,18,263,-245
222001527,27,7,20
222001528,40,108,-68
222001529,10,3,7
222001530,17,131,-114
222001533,118,284,-166
222001534,7,2,5
222001535,46,84,-38
222001536,68,285,-217
222001537,20,3,17
222001538,30,349,-319
222001563,45,15,30
222001564,17,577,-560
222001568,58,45,13
222001576,0,3,-3
222001579,0,1,-1
222001583,9,206,-197
222001584,35,20,15
222001596,226,878,-652
222001597,355,83,272
222001626,1,158,-157
222001650,27,38,-11
222001651,22,56,-34
222001914,32,16,16
222001915,32,157,-125
222001968,326,105,221
222001969,384,706,-322
222001970,27,109,-82
222001971,0,7,-7
222001972,0,19,-19
225000001,317,75,242
225000002,199,56,143
225000003,210,41,169
225000004,122,110,12
225000005,7,48,-41
225000006,1,92,-91
225000007,2350,737,1613
225000010,31,2,29
225000011,275,397,-122
225000012,73,189,-116
225000013,41,107,-66
225000014,303,31,272
225000015,79,143,-64
225000021,266,71,195
225000027,188,296,-108
225000032,459,58,401
225000042,27,515,-488
225000049,19,60,-41
225000050,25,5,20
225000053,3,71,-68
225000058,202,71,131
225000067,60,150,-90
225000068,53,366,-313
225000069,159,342,-183
225000070,46,413,-367
225000071,8,252,-244
225000075,30,570,-540
225000076,63,61,2
225000078,21,12,9
225000085,14,76,-62
225000086,52,26,26
225000087,80,12,68
225000088,6,100,-94
225000089,309,316,-7
225000090,14,240,-226
225000091,18,185,-167
225000092,5,54,-49
225000093,86,332,-246
225000094,7,348,-341
225000095,183,409,-226
225000096,63,293,-230
225000098,211,112,99
225000099,86,76,10
225000100,65,59,6
225000104,31,285,-254
225000110,7,326,-319
225000111,94,777,-683
225000112,128,705,-577
225000113,51,504,-453
225000114,31,207,-176
225000115,2033,325,1708
225000116,808,34,774
225000117,394,148,246
225000118,326,105,221
225000119,55,25,30
225000120,230,30,200
225000121,154,14,140
225000123,384,7,377
225000125,101,166,-65
225000126,534,127,407
225000127,728,351,377
225000128,111,243,-132
225000132,106,9,97
225000133,131,18,113
225000134,290,39,251
225000135,15,2,13
225000136,69,7,62
225000137,37,23,14
225000138,119,3,116
225000143,49,119,-70
225000144,1,256,-255
225000145,5,24,-19
225000146,32,83,-51
225000147,9,243,-234
225000148,0,145,-145
225000149,24,248,-224
225000151,28,185,-157
225000155,93,180,-87
225000156,61,420,-359
225000157,78,281,-203
225000158,27,243,-216
225000171,9,154,-145
225000180,18,10,8
225000181,1,36,-35
225000182,10,2,8
225000185,15,174,-159
225000187,29,271,-242
225000191,15,2,13
225000194,0,6,-6
225000208,0,48,-48
225000209,15,3,12
225000210,2,117,-115
225000217,1,11,-10
225000218,3,3,0
225000223,0,43,-43
225000224,35,0,35
225000225,1,1,0
225000226,12,0,12
225000227,20,60,-40
225000228,0,0,0
225000229,0,70,-70
225000230,1,0,1
225000231,0,95,-95
225000232,33,0,33
225000241,33,3,30
225000242,4,25,-21
225000249,1,0,1
225000250,19,657,-638
225000251,167,13,154
226000042,316,266,50
226000043,38,168,-130
226000044,59,457,-398
226000045,62,328,-266
226000046,137,31,106
226000047,155,13,142
226000048,213,19,194
226000049,105,39,66
226000070,2,43,-41
226000071,0,51,-51
226000072,0,5,-5
226000073,0,9,-9
226000074,0,9,-9
226000084,1,36,-35
226000085,1,3,-2
226000086,1,6,-5
226000087,0,4,-4
226000088,12,4,8
226000090,7,6,1
226000091,5,2,3
226000092,1,1,0
226000093,3,1,2
226000094,4,0,4
226000095,10,1,9
226000105,1,0,1
226000106,2,0,2
226000107,1,2,-1
226000108,5,0,5
226000109,19,0,19
226000124,80,21,59
226000134,183,212,-29
226000135,438,373,65
226000136,85,176,-91
226000137,8,392,-384
226000138,3,239,-236
226000139,1,4,-3
226000156,26,0,26
226000157,44,6,38
226000163,25,21,4
226000202,0,310,-310
226000231,54,8,46
226000232,17,9,8
227000033,221,40,181
227000036,135,17,118
227000037,93,14,79
227000038,93,13,80
227000049,0,6,-6
227000050,0,29,-29
227000055,4,0,4
227000056,4,0,4
227000084,1,18,-17
227000085,0,25,-25
227000088,23,2,21
227000089,69,2,67
227000090,11,0,11
227000091,9,0,9
227000092,0,0,0
227000093,32,0,32
227000094,4,0,4
227000130,10,70,-60
227000131,16,312,-296
227000132,12,247,-235
227000133,22,294,-272
227000134,11,537,-526
227000152,0,2,-2
227000153,0,33,-33
227000154,0,1,-1
227000155,0,19,-19
227000156,0,27,-27
227000165,0,11,-11
227000196,111,258,-147
227000199,61,439,-378
227000230,7,404,-397
227000232,134,3,131
227000242,51,466,-415
227000243,460,49,411
227000245,20,386,-366
227000246,80,443,-363
227000247,205,75,130
227000248,76,23,53
227000249,16,228,-212
227000250,375,178,197
227000251,143,337,-194
227000252,14,443,-429
227000253,85,15,70
227000262,201,20,181
227000266,322,19,303
227000267,35,1902,-1867
227000282,3,191,-188
227000284,75,7,68
227000286,3,65,-62
227000287,7,106,-99
227000291,23,532,-509
227000484,428,14,414
227000485,22,474,-452
227000655,34,5,29
227000656,362,13,349
227000657,34,16,18
227000661,135,4,131
227000680,18,9,9
229000265,2,10,-8
229000296,1,4,-3
229000297,2,16,-14
229000298,3,43,-40
229000320,0,0,0
229000321,2,1,1
229000412,1,28,-27
229000414,1,33,-32
229000415,2,0,2
229000416,0,4,-4
229000417,1,21,-20
229000419,46,118,-72
229000440,97,41,56
229000442,6,0,6
229000443,0,0,0
229000444,1,11,-10
229000445,4,10,-6
229000446,12,7,5
229000491,0,20,-20
229000492,8,71,-63
229000493,1,59,-58
229000494,12,3,9
229000495,57,7,50
229000496,5,2,3
229000507,0,13,-13
229000508,1,9,-8
229000509,0,18,-18
229000510,1,10,-9
229000511,2,33,-31
229000512,0,24,-24
229000513,0,0,0
229000514,0,0,0
229000517,0,7,-7
229000518,1,18,-17
229000519,2,3,-1
229000520,1,32,-31
229000521,3,5,-2
229000522,1,8,-7
229000523,2,12,-10
229000524,0,9,-9
229000527,0,0,0
229000528,1,0,1
229000529,1,0,1
229000530,18,0,18
229000531,7,2,5
229000532,9,1,8
229000533,63,2,61
229000534,37,0,37
229000564,8,0,8
229000565,1,0,1
229000566,0,24,-24
229000567,1,61,-60
229000582,62,1,61
229000583,1,0,1
229000584,0,26,-26
229000585,1,23,-22
229000718,0,1,-1
229000719,0,1,-1
229000720,0,9,-9
229000721,0,9,-9
229000722,0,16,-16
229000723,0,17,-17
229000724,0,1,-1
229000725,0,4,-4
229000738,0,0,0
229000739,0,0,0
229000740,1,0,1
229000741,4,0,4
229000742,2,0,2
229000743,7,0,7
229000744,0,0,0
229000745,0,0,0
229000746,3,0,3
229000847,3,0,3
229000848,5,0,5
229000849,26,0,26
229000851,2,0,2
229000854,1,55,-54
229000856,0,94,-94
229000857,0,37,-37
229000858,0,81,-81
229000919,2,95,-93
229000930,1,162,-161
229000937,61,10,51
229000966,19,22,-3
229000981,9,54,-45
229000985,2,12,-10
229000986,0,2,-2
229000987,0,0,0
229000988,1,1,0
229000989,0,4,-4
229000990,0,0,0
229000991,0,1,-1
229000992,1,1,0
229000993,65,8,57
229000998,13,19,-6
229000999,65,0,65
229001034,1,7,-6
229001035,2,0,2
229001037,11,6,5
229001042,2,5,-3
229001047,0,12,-12
229001050,11,20,-9
229001168,0,6,-6
229001200,0,2,-2
229001338,0,13,-13
229001394,220,1,219
229001422,95,10,85
229001423,32,122,-90
229001431,36,22,14
229001432,31,57,-26
229001444,33,33,0
229001445,6,92,-86
229001479,2,3,-1
229001503,83,82,1
229001504,46,130,-84
229001505,91,38,53
229001506,33,130,-97
229001509,12,19,-7
229001545,35,6,29
229001546,5,107,-102
229001553,21,15,6
229001554,12,85,-73
229001559,1,7,-6
229001560,3,6,-3
229001630,29,3,26
229001631,14,15,-1
229001635,0,6,-6
229001636,0,0,0
229001658,7,75,-68
229001659,98,1,97
229001660,0,0,0
229001661,1,10,-9
229001662,10,1,9
229001663,0,13,-13
229002584,71,53,18
229002831,48,49,-1
229002841,0,31,-31
229002842,0,2,-2
229002843,11,0,11
229002844,4,23,-19
229002845,2,49,-47
229002846,3,6,-3
229002847,1,2,-1
229002848,1,4,-3
229002849,0,35,-35
229002850,0,0,0
229002851,8,45,-37
229002852,22,13,9
229002853,9,11,-2
229002854,6,23,-17
229002855,0,40,-40
229002856,24,3,21
229002857,1,26,-25
229002858,2,0,2
229002859,8,5,3
229002860,4,0,4
229002861,4,10,-6
229002862,0,7,-7
229002863,3,10,-7
229002864,1,11,-10
229002865,0,5,-5
229002866,1,11,-10
229002867,1,5,-4
229002868,1,8,-7
229002869,4,40,-36
229002870,6,9,-3
235000066,206,76,130
235000067,80,126,-46
235000072,21,40,-19
235000073,109,247,-138
235000074,21,105,-84
235000080,3,50,-47
235000081,51,165,-114
235000082,38,50,-12
235000083,61,58,3
235000084,15,54,-39
235000085,26,24,2
235000089,6,63,-57
235000092,9,138,-129
235000093,0,1,-1
235000097,0,2,-2
235000098,22,43,-21
235000099,5,31,-26
235000116,35,38,-3
235000117,665,7,658
235000133,5,238,-233
235000134,9,75,-66
235000206,2,8,-6
235000207,0,4,-4
235000208,0,0,0
235000209,0,1,-1
235000210,1,1,0
235000212,1,9,-8
235000213,1,8,-7
235000220,0,2,-2
235000221,9,7,2
235000238,2,11,-9
235000239,0,1,-1
235000242,140,185,-45
235000245,967,190,777
235000246,10,45,-35
235000284,5,25,-20
235000295,18,1,17
235000305,16,4,12
235000306,15,0,15
235000307,5,0,5
235000308,1,0,1
235000309,4,0,4
235000310,11,0,11
235000311,12,2,10
235000322,0,13,-13
235000323,0,19,-19
235000324,0,8,-8
235000325,0,6,-6
235000326,0,224,-224
235000351,0,29,-29
235000352,8,21,-13
235000353,0,10,-10
235000354,0,26,-26
235000355,0,37,-37
235000356,13,0,13
235000357,4,3,1
235000358,3,3,0
235000359,3,0,3
235000360,4,2,2
235000361,3,0,3
235000381,28,257,-229
235000382,52,41,11
235000390,6,4,2
235000391,63,16,47
235000392,57,102,-45
235000393,55,49,6
235000395,27,44,-17
235000396,115,39,76
235000400,44,28,16
235000401,25,123,-98
235000405,54,413,-359
235000406,45,266,-221
235000407,44,155,-111
235000409,167,161,6
235000410,29,191,-162
235000411,0,68,-68
235000485,0,7,-7
235000486,1,0,1
235000549,30,58,-28
235000550,61,157,-96
235000599,58,67,-9
235000600,6,6,0
235000601,11,28,-17
235000602,28,108,-80
235000614,0,0,0
235000648,1,39,-38
235000649,11,0,11
235000685,0,8,-8
235000815,4,11,-7
235000834,0,5,-5
235000855,16,35,-19
235000862,16,182,-166
235000891,0,3,-3
235000892,14,1,13
235000901,66,70,-4
235000907,8,3,5
235001010,15,46,-31
235001029,611,315,296
235001030,384,97,287
235001078,83,63,20
235001079,59,117,-58
235001147,14,35,-21
235001166,3,62,-59
235001167,1,68,-67
235001169,7,168,-161
235001188,1,6,-5
235001189,0,2,-2
235001197,3,10,-7
235001200,34,25,9
235001207,59,10,49
235001210,37,90,-53
235001215,35,118,-83
235001239,0,26,-26
235001244,0,3,-3
235016267,0,7,-7
277101746,0,2,-2
277102712,0,0,0
277103813,0,0,0
277103814,0,0,0
277103898,0,0,0
277104249,0,15,-15
277104250,0,9,-9
277104251,0,4,-4
277104252,0,3,-3
990011530,0,195,-195
990014944,1,400,-399
990015176,5,7,-2
990015618,0,62,-62
990016032,0,269,-269
990032570,1,21,-20
990070001,5,2,3
990070103,0,1,-1
990070601,0,25,-25
990070751,114,0,114
990070766,1,750,-749
990071180,137,122,15
990071343,2,1,1
990071387,2,3,-1
990071823,123,2,121
990072600,1,391,-390
990072964,0,354,-354
990073285,0,1,-1
990074393,1,771,-770
990074870,150,6,144
990075106,142,2,140
990075746,47,6,41
990076437,138,3,135
990076458,0,1017,-1017
997000007,70,6,64
997000041,0,118,-118
997000058,7,1,6
997000062,7,1,6
997000069,0,8,-8
997000070,1,23,-22
997000100,3,0,3
997000141,0,32,-32
997000198,220,59,161
998000475,0,14,-14
998000736,0,204,-204
998000965,0,0,0
998001031,1,27,-26
998001700,0,21,-21
998001899,0,0,0
998001900,2,0,2
998003073,196,1,195
998101900,0,0,0
998102850,0,39,-39
998501927,81,177,-96
998501929,92,8,84
998501930,37,0,37
998501931,22,2,20
998501932,2,0,2
998501933,6,2,4
998501937,3,0,3
998501944,0,0,0
998501950,0,4,-4
998501970,15,7,8
998501971,0,39,-39
998501973,0,57,-57
998501974,0,205,-205
998501975,77,12,65
998501976,20,1,19
998501977,0,15,-15
998501978,29,1,28
998501979,0,7,-7
998501980,97,1,96
998501981,8,1,7
998501982,0,40,-40
998501983,0,1,-1
998502024,0,0,0
998502032,0,1,-1
998502062,2,0,2
998502063,0,0,0
998502173,14,0,14
998502269,0,1,-1
998502546,0,70,-70
998502578,1,3,-2
998502599,64,52,12
998601159,1,293,-292
998601292,0,3,-3
999033574,2,483,-481
999800001,7,2,5
999800002,0,0,0
999800003,2,2,0
999800004,0,5,-5
999800005,0,7,-7
