ID,insum,outsum,diff
100000001,919,789,130
100000002,4342,6062,-1720
100000003,4186,6093,-1907
100000004,285,1303,-1018
100000005,2657,4196,-1539
100000006,527,341,186
100000007,2546,861,1685
100000008,103,699,-596
100000009,412,333,79
100000010,34,83,-49
100000011,449,123,326
100000012,48,544,-496
100000013,6,280,-274
100000014,259,462,-203
100000015,1453,2130,-677
100000016,499,1940,-1441
100000017,574,1751,-1177
100000018,772,873,-101
100000019,3373,2696,677
100000020,1279,5583,-4304
100000021,4686,1876,2810
100000022,758,3223,-2465
100000023,3949,1814,2135
100000025,415,2128,-1713
100000028,427,1949,-1522
100000029,61,1018,-957
100000030,30,66,-36
100000031,2070,6999,-4929
100000032,1713,4497,-2784
100000033,1334,3338,-2004
100000034,139,1567,-1428
100000035,975,1576,-601
100000036,678,1969,-1291
100000037,642,385,257
100000038,2291,1021,1270
100000039,304,286,18
100000040,360,169,191
100000041,1365,671,694
100000042,1080,412,668
100000043,663,511,152
100000044,152,749,-597
100000045,263,568,-305
100000046,367,539,-172
100000047,149,267,-118
100000048,190,291,-101
100000049,1393,956,437
100000051,514,466,48
100000053,46,3,43
100000054,290,25,265
100000055,490,321,169
100000056,418,679,-261
100000057,1861,641,1220
100000058,648,643,5
100000059,78,185,-107
100000060,595,250,345
100000061,1834,442,1392
100000062,1603,679,924
100000063,773,307,466
100000064,1097,715,382
100000065,241,768,-527
100000066,216,556,-340
100000067,196,575,-379
100000068,332,1251,-919
100000069,281,1032,-751
100000072,183,372,-189
100000073,788,753,35
100000075,894,233,661
100000076,1217,5078,-3861
100000077,83,483,-400
100000078,7,60,-53
100000079,9,93,-84
100000080,12,99,-87
100000081,48,196,-148
100000102,3178,6847,-3669
100000103,1376,1732,-356
100000104,2911,2288,623
100000105,1064,2161,-1097
100000106,765,4150,-3385
100000107,105,1634,-1529
100000108,198,994,-796
100000109,517,1597,-1080
100000116,384,618,-234
100000117,44,233,-189
100000118,412,1007,-595
100000119,785,1028,-243
100000121,209,604,-395
100000122,425,2025,-1600
100000123,1096,2891,-1795
100000124,2060,3145,-1085
100000125,6377,2363,4014
100000126,616,1123,-507
100000127,1080,1036,44
100000128,743,2513,-1770
100000129,230,1159,-929
100000130,576,220,356
100000131,769,1622,-853
100000132,943,1583,-640
100000133,1361,1001,360
100000135,719,1401,-682
100000139,160,532,-372
100000140,99,164,-65
100000142,575,581,-6
100000143,1332,396,936
100000144,1613,683,930
100000147,1476,3987,-2511
100000150,89,590,-501
100000151,471,2439,-1968
100000153,112,593,-481
100000154,21,547,-526
100000155,6,69,-63
100000156,181,357,-176
100000157,311,293,18
100000158,238,235,3
100000159,143,1666,-1523
100000165,579,620,-41
100000169,41,1463,-1422
100000174,218,911,-693
100000179,105,870,-765
100000180,456,1828,-1372
100000181,341,386,-45
100000188,68,231,-163
100000189,818,506,312
100000190,393,1764,-1371
100000191,769,803,-34
100000192,15,200,-185
100000193,308,251,57
100000330,585,1021,-436
100000355,191,729,-538
100000362,2194,1056,1138
100000363,6053,6791,-738
100000364,108,331,-223
100000365,5754,9715,-3961
100000366,1757,1233,524
100000367,4855,6692,-1837
100000368,2074,807,1267
100000369,533,2317,-1784
100000370,234,1541,-1307
100000376,63,215,-152
100000379,790,2804,-2014
100000380,2967,7548,-4581
100000384,5161,7537,-2376
100000385,996,4352,-3356
100000386,2241,8356,-6115
100000387,2842,7775,-4933
100000388,1756,6759,-5003
100000389,3387,8704,-5317
100000390,2803,5768,-2965
100000391,1981,11437,-9456
100000392,824,3220,-2396
100000393,743,6419,-5676
100000394,2581,6438,-3857
100000395,1294,5825,-4531
100000396,1854,2635,-781
100000397,1843,7778,-5935
100000398,5666,4126,1540
100000413,12,4,8
100900002,10,7,3
100900003,410,290,120
100900004,18,934,-916
100900005,136,45,91
100900006,23,31,-8
100900007,161,3,158
100900008,3,423,-420
100900009,43,82,-39
100900010,62,12,50
100900011,199,125,74
100900012,0,93,-93
100900013,1051,27,1024
100900014,2,4,-2
100900015,46,68,-22
100900016,6,29,-23
100900017,1009,59,950
100900018,1,11,-10
100900019,40,70,-30
100900020,425,3,422
100900021,350,2,348
100900022,10,20,-10
100900023,0,33,-33
100900024,358,2,356
100900025,3,6,-3
100900026,132,53,79
100900027,442,2425,-1983
100900028,140,553,-413
100900029,100,2,98
100900030,4,452,-448
100900031,772,43,729
100900032,509,2,507
100900033,122,410,-288
100900034,1286,6,1280
100900035,136,0,136
100900036,3,1,2
100900037,172,105,67
100900038,36,140,-104
100900039,164,259,-95
100900040,666,219,447
100900041,955,220,735
100900042,775,2144,-1369
100900043,0,35,-35
100900044,982,665,317
100900045,2,0,2
100900046,1092,26,1066
100900047,582,173,409
100900048,120,29,91
100900049,80,78,2
100900050,5,5,0
100900051,12,109,-97
100900052,226,22,204
100900053,721,22,699
100900054,5,58,-53
100900055,255,1121,-866
100900056,40,91,-51
100900057,2185,685,1500
100900058,115,127,-12
100900059,129,12,117
100900060,238,8,230
100900061,172,201,-29
100900062,1,63,-62
100900063,240,890,-650
100900064,554,28,526
100900065,51,164,-113
100900066,212,164,48
100900067,3,3,0
100900068,155,150,5
100900069,160,5,155
100900070,508,13,495
100900071,269,128,141
100900072,9,70,-61
100900073,169,223,-54
100900074,1,30,-29
100900075,1673,107,1566
100900076,5,26,-21
100900077,68,12,56
100900078,88,236,-148
100900079,5,60,-55
100900080,59,52,7
100900081,34,86,-52
100900082,150,168,-18
100900083,10,51,-41
100900085,12,520,-508
100900086,61,351,-290
100900088,176,170,6
100900089,2,24,-22
100900090,94,1083,-989
100900091,2,7,-5
100900092,78,119,-41
100900093,327,341,-14
100900094,176,142,34
100900095,3,43,-40
100900096,26,331,-305
100900097,6,1,5
100900098,27,22,5
100900099,11,367,-356
100900100,16,463,-447
100900101,205,50,155
100900102,8,80,-72
100900103,6,42,-36
100900104,9,321,-312
100900105,21,523,-502
100900106,26,4,22
100900107,2052,910,1142
100900108,3,21,-18
100900109,27,47,-20
100900110,3,19,-16
100900111,14,217,-203
100900112,5,29,-24
100900113,17,8,9
100900114,15,24,-9
100900115,4,17,-13
100900116,900,474,426
100900117,214,1139,-925
100900118,15,20,-5
100900119,7,20,-13
100900120,35,3,32
100900121,278,343,-65
100900122,165,105,60
100900123,128,86,42
100900124,4,9,-5
100900125,23,83,-60
100900126,357,104,253
100900127,6,3,3
100900128,66,507,-441
100900129,0,310,-310
100900131,22,176,-154
100900133,93,31,62
100900134,9,2,7
100900135,6,908,-902
100900137,328,208,120
100900138,306,343,-37
100900139,2,25,-23
100900140,10,199,-189
100900141,4,725,-721
100900142,0,6,-6
100900143,328,728,-400
100900144,1,3,-2
100900145,74,336,-262
100900146,8,32,-24
100900147,11,1393,-1382
100900148,62,157,-95
100900149,47,360,-313
100900150,1,12,-11
100900151,84,347,-263
100900152,130,2,128
100900153,3,236,-233
100900154,7,190,-183
100900155,13,6,7
100900156,15,1,14
100900157,15,997,-982
100900159,1,67,-66
100900160,23,27,-4
100900161,18,5,13
100900162,16,434,-418
100900163,77,69,8
100900164,131,37,94
100900165,30,27,3
100900166,5,1,4
100900167,28,52,-24
100900168,21,172,-151
100900169,68,728,-660
100900170,7,0,7
100900171,33,426,-393
100900172,1,39,-38
100900173,4,73,-69
100900174,33,19,14
100900176,1670,217,1453
100900177,364,165,199
100900178,157,255,-98
100900179,423,304,119
100900180,5,1,4
100900181,35,27,8
100900182,36,18,18
100900184,20,74,-54
100900186,408,241,167
100900187,54,58,-4
100900188,16,10,6
100900189,2526,233,2293
100900191,425,1241,-816
100900192,114,505,-391
100900195,107,254,-147
100900197,20,55,-35
100900198,32,54,-22
100900199,10,4,6
100900200,627,288,339
100900201,40,546,-506
100900202,21,0,21
100900203,1,74,-73
100900204,42,570,-528
100900205,110,666,-556
100900206,243,141,102
100900207,219,152,67
100900210,109,164,-55
100900211,428,157,271
100900213,163,70,93
100900214,392,152,240
100900215,39,40,-1
100900217,107,119,-12
101000001,1568,1814,-246
101000002,6354,6756,-402
101000003,311,821,-510
101000004,7931,9524,-1593
101000006,5477,8905,-3428
101000007,2315,4496,-2181
101000008,1459,2666,-1207
101000009,2596,788,1808
101000010,872,567,305
101000011,1163,285,878
101000012,288,559,-271
101000013,523,1225,-702
101000014,229,328,-99
101000015,1991,1346,645
101000016,247,810,-563
101000017,295,568,-273
101000018,1244,4826,-3582
101000020,1292,720,572
101000021,441,871,-430
101000022,34,172,-138
101000023,867,962,-95
101000025,360,680,-320
101000026,258,22,236
101000027,1643,4158,-2515
101000028,977,366,611
101000029,71,1231,-1160
101000030,591,156,435
101000031,101,684,-583
101000032,1702,4150,-2448
101000033,1109,4617,-3508
101000034,797,2730,-1933
101000035,455,382,73
101000036,664,2177,-1513
101000037,1036,3396,-2360
101000039,1618,3275,-1657
101000040,2320,5959,-3639
101000041,1721,6162,-4441
101000042,81,800,-719
101000043,2626,7190,-4564
101000045,249,792,-543
101000046,690,1774,-1084
101000047,668,3825,-3157
101000048,395,310,85
101000049,541,1958,-1417
101000050,487,1737,-1250
101000051,612,2233,-1621
101000052,1061,1362,-301
101000053,531,1362,-831
101000054,1489,889,600
101000055,779,1845,-1066
101000056,25,142,-117
101000057,678,2082,-1404
101000058,704,1554,-850
101000059,1615,2575,-960
101000060,1556,1080,476
101000061,320,2222,-1902
101000062,223,683,-460
101000063,163,1920,-1757
101000064,367,1099,-732
101000065,218,1078,-860
101000066,274,1428,-1154
101000067,321,892,-571
101000068,93,351,-258
101000069,132,73,59
101000070,404,692,-288
101000071,2345,1259,1086
101000072,418,2374,-1956
101000073,456,1151,-695
101000074,1519,2951,-1432
101000075,1524,3023,-1499
101000077,1319,1625,-306
101000078,566,974,-408
101000079,820,920,-100
101000080,829,1014,-185
101000081,1602,1603,-1
101000082,1939,1831,108
101000083,3421,2211,1210
101000084,827,510,317
101000085,1243,1115,128
101000086,860,1241,-381
101000087,777,855,-78
101000088,1702,1158,544
101000089,989,1625,-636
101000090,1554,724,830
101000091,521,460,61
101000092,2614,696,1918
101000093,1567,588,979
101000094,1058,831,227
101000095,575,427,148
101000096,745,388,357
101000097,299,692,-393
101000098,505,783,-278
101000099,503,942,-439
101000100,604,996,-392
101000101,198,540,-342
101000102,410,942,-532
101000103,367,886,-519
101000104,217,1013,-796
101000105,243,486,-243
101000106,211,1131,-920
101000107,290,470,-180
101000108,549,100,449
101000109,686,90,596
101000110,32,174,-142
101000111,37,130,-93
101000113,147,947,-800
101000114,1894,7468,-5574
101000115,31,29,2
101000116,8,24,-16
101000117,1130,170,960
101000119,19,122,-103
101000120,74,125,-51
101000121,42,75,-33
101000122,30,102,-72
101000123,25,75,-50
101000124,515,390,125
101000125,98,220,-122
101000128,168,803,-635
101000130,154,183,-29
101000131,1532,364,1168
101000132,819,527,292
101000135,10,32,-22
101000136,104,149,-45
101000137,42,476,-434
101000141,488,4262,-3774
101000147,1292,412,880
101000148,806,11,795
101000149,34,204,-170
101000150,133,265,-132
101000151,417,25,392
101000152,321,353,-32
101000153,365,122,243
101000154,442,426,16
101000155,568,172,396
101000156,63,507,-444
101000157,110,62,48
101000160,6,25,-19
101000163,60,501,-441
101000164,381,122,259
101000165,316,477,-161
101000166,196,210,-14
101000168,1037,680,357
101000252,2566,1072,1494
101000254,50,91,-41
101000258,74,10,64
101000261,66,86,-20
101000262,1049,4930,-3881
101000263,206,1370,-1164
101000265,101,834,-733
101000266,257,232,25
101000269,17,12,5
101000290,263,2951,-2688
101000293,21,86,-65
101000294,553,487,66
101000295,285,237,48
101000301,192,558,-366
101000304,1935,3182,-1247
101000305,2621,1039,1582
101000328,101,537,-436
101900001,15,33,-18
101900002,0,4,-4
101900003,15,201,-186
101900004,0,325,-325
101900005,1193,3718,-2525
101900006,1748,91,1657
101900007,417,209,208
101900008,34,225,-191
101900009,20,423,-403
101900010,461,675,-214
101900011,71,985,-914
101900012,312,60,252
101900013,441,119,322
101900017,13,113,-100
101900018,733,298,435
101900019,55,193,-138
101900020,45,30,15
101900021,1,55,-54
101900022,218,523,-305
101900023,235,154,81
101900026,163,24,139
101900027,33,127,-94
102000001,3054,5856,-2802
102000002,2251,1684,567
102000003,2184,6799,-4615
102000004,3258,2636,622
102000005,1035,3409,-2374
102000006,667,1520,-853
102000007,1920,4306,-2386
102000008,3918,1501,2417
102000009,6927,8673,-1746
102000010,3266,2441,825
102000011,4525,4112,413
102000012,3208,2748,460
102000018,2860,3182,-322
102000019,2379,1633,746
102000026,550,409,141
102000029,203,294,-91
102000030,162,364,-202
102000031,69,127,-58
102000032,644,456,188
102000033,363,317,46
102000034,433,401,32
102000035,1520,505,1015
102000036,15,239,-224
102000037,294,38,256
102000038,99,748,-649
102000039,109,262,-153
102000040,173,554,-381
102000041,40,1093,-1053
102000042,100,671,-571
102000043,50,624,-574
102000044,435,1276,-841
102000045,618,909,-291
102000046,1133,867,266
102000047,653,771,-118
102000048,516,708,-192
102000049,955,1357,-402
102000050,1122,1456,-334
102000051,209,852,-643
102000052,1080,1524,-444
102000053,688,1574,-886
102000054,981,903,78
102000055,1605,261,1344
102000056,1612,226,1386
102000057,1828,400,1428
102000058,1049,739,310
102000059,918,1305,-387
102000060,887,835,52
102000061,1659,1520,139
102000062,2347,965,1382
102000063,1310,1331,-21
102000064,630,642,-12
102000065,39,167,-128
102000066,719,991,-272
102000067,4529,3662,867
102000068,9132,3652,5480
102000069,96,2860,-2764
102000070,1836,50,1786
102000071,7695,10515,-2820
102000072,2306,4458,-2152
102000073,636,610,26
102000074,718,925,-207
102000075,230,236,-6
102000076,341,172,169
102000077,638,359,279
102000078,1561,276,1285
102000079,147,115,32
102000080,389,241,148
102000081,248,1134,-886
102000082,702,430,272
102000083,931,165,766
102000084,599,177,422
102000085,2669,606,2063
102000086,1515,809,706
102000087,735,951,-216
102000088,431,253,178
102000089,1439,335,1104
102000090,335,917,-582
102000091,1274,452,822
102000092,337,521,-184
102000093,1274,495,779
102000094,476,373,103
102000095,672,689,-17
102000096,374,430,-56
102000097,606,445,161
102000098,344,846,-502
102000099,1043,1070,-27
102000100,209,1820,-1611
102000101,474,682,-208
102000102,794,1128,-334
102000103,3920,414,3506
102000104,825,293,532
102000105,237,553,-316
102000106,906,412,494
102000107,2012,251,1761
102000108,867,256,611
102000109,799,486,313
102000110,1635,605,1030
102000111,10,539,-529
102000112,209,119,90
102000113,39,47,-8
102000114,1124,345,779
102000115,247,411,-164
102000116,247,709,-462
102000117,105,1301,-1196
102000118,927,1780,-853
102000119,1090,1890,-800
102000120,248,594,-346
102000121,865,380,485
102000122,525,969,-444
102000123,978,772,206
102000124,1269,1406,-137
102000125,339,622,-283
102000126,437,963,-526
102000127,971,546,425
102000128,678,1086,-408
102000129,1313,552,761
102000130,697,756,-59
102000131,807,483,324
102000132,332,531,-199
102000133,3053,1424,1629
102000134,978,759,219
102000135,876,660,216
102000136,1311,477,834
102000137,383,1104,-721
102000138,243,386,-143
102000139,76,865,-789
102000140,111,1540,-1429
102000141,141,305,-164
102000142,413,228,185
102000143,368,223,145
102000144,401,272,129
102000145,399,295,104
102000146,447,268,179
102000147,504,374,130
102000148,365,476,-111
102000149,278,111,167
102000150,648,75,573
102000151,115,118,-3
102000152,291,190,101
102000153,863,893,-30
102000154,162,497,-335
102000155,52,789,-737
102000156,188,232,-44
102000157,35,1243,-1208
102000158,268,408,-140
102000159,1733,1191,542
102000161,1978,1863,115
102000162,159,244,-85
102000163,109,444,-335
102000164,549,716,-167
102000165,197,206,-9
102000166,52,142,-90
102000167,225,292,-67
102000168,209,164,45
102000169,97,567,-470
102000170,779,151,628
102000171,102,132,-30
102000172,25,332,-307
102000173,411,311,100
102000174,116,57,59
102000175,72,64,8
102000176,76,21,55
102000178,253,495,-242
102000179,464,253,211
102000180,1051,280,771
102000181,1117,283,834
102000182,619,358,261
102000183,2051,1086,965
102000184,2335,609,1726
102000185,3174,699,2475
102000186,2136,1025,1111
102000187,1393,949,444
102000188,1408,1214,194
102000189,1795,335,1460
102000190,548,2336,-1788
102000191,1143,253,890
102000192,2385,1842,543
102000193,97,110,-13
102000194,55,199,-144
102000195,500,387,113
102000196,270,205,65
102000197,1002,220,782
102000198,243,420,-177
102000199,1494,149,1345
102000200,210,428,-218
102000201,1434,312,1122
102000202,9,126,-117
102000203,466,157,309
102000204,574,432,142
102000205,1337,458,879
102000206,719,369,350
102000207,777,506,271
102000208,558,552,6
102000209,114,91,23
102000210,582,361,221
102000211,635,190,445
102000212,448,20,428
102000213,7,160,-153
102000214,492,8,484
102000215,5,164,-159
102000216,75,94,-19
102000217,17,68,-51
102000218,315,248,67
102000219,210,118,92
102000225,340,520,-180
102000226,169,344,-175
102000227,142,1,141
102000228,0,138,-138
102000229,54,56,-2
102000230,413,333,80
102000231,294,271,23
102000232,94,272,-178
102000233,989,396,593
102000234,111,994,-883
102000236,322,106,216
102000237,620,470,150
102000238,267,425,-158
102000240,454,973,-519
102000241,252,96,156
102000243,11,23,-12
102000245,9,87,-78
102000246,6,39,-33
102000247,298,424,-126
102000248,329,667,-338
102000249,163,84,79
102000250,70,203,-133
102000254,267,172,95
102000266,10,833,-823
102000271,45,4,41
102000286,427,325,102
102000297,2177,1239,938
102000299,0,0,0
102000301,0,0,0
102000305,0,0,0
102000307,0,9,-9
102900001,1024,490,534
102900002,302,52,250
102900003,104,135,-31
102900005,507,212,295
102900006,558,64,494
102900007,790,10,780
102900008,290,16,274
102900009,353,461,-108
102900010,147,1231,-1084
102900011,1003,442,561
102900012,552,90,462
102900013,78,54,24
102900015,702,602,100
102900016,98,25,73
102900017,390,222,168
102900018,80,65,15
102900019,419,420,-1
102900020,290,25,265
102900021,63,47,16
102900022,150,107,43
102900023,21,71,-50
102900024,50,25,25
102900025,156,95,61
102900026,398,2297,-1899
102900027,109,75,34
102900028,243,859,-616
102900029,114,309,-195
102900030,471,290,181
102900031,323,117,206
102900032,129,39,90
102900033,124,177,-53
102900034,639,60,579
102900035,161,184,-23
102900036,420,183,237
102900037,307,176,131
102900038,457,179,278
102900039,16,674,-658
102900040,165,260,-95
102900041,79,97,-18
102900042,354,173,181
102900043,237,163,74
102900044,510,1180,-670
102900045,247,324,-77
102900046,244,112,132
102900047,203,645,-442
102900048,577,175,402
102900049,104,420,-316
102900050,257,403,-146
102900051,183,215,-32
102900053,284,482,-198
102900054,271,1271,-1000
102900055,197,328,-131
102900056,103,307,-204
102900057,4,87,-83
102900058,572,93,479
102900059,48,40,8
102900060,122,332,-210
102900061,161,229,-68
102900062,362,360,2
102900063,1766,358,1408
102900064,88,475,-387
102900065,767,214,553
102900066,350,13,337
102900068,85,263,-178
102900070,201,329,-128
102900072,14,32,-18
102900073,70,12,58
102900075,15,142,-127
102900076,39,172,-133
102900077,23,30,-7
102900078,26,40,-14
102900079,258,5,253
102900080,377,19,358
102900081,77,229,-152
102900082,14,291,-277
102900083,144,14,130
102900084,1,58,-57
102900085,202,95,107
102900086,22,104,-82
102900087,221,135,86
102900088,52,39,13
102900089,190,395,-205
102900090,0,213,-213
102900091,214,2,212
102900092,597,175,422
102900094,3,331,-328
102900095,72,1,71
102900096,61,12,49
102900097,4,27,-23
103000001,1887,2110,-223
103000002,2238,2654,-416
103000003,2898,3104,-206
103000004,768,705,63
103000005,1641,4470,-2829
103000006,1022,1570,-548
103000007,504,650,-146
103000008,916,701,215
103000009,2148,1000,1148
103000010,285,188,97
103000011,1178,864,314
103000012,1244,1726,-482
103000013,2174,1441,733
103000014,1320,2979,-1659
103000015,1530,765,765
103000016,664,2138,-1474
103000017,345,612,-267
103000018,770,225,545
103000019,548,531,17
103000020,1281,1137,144
103000021,1715,2428,-713
103000022,681,778,-97
103000023,769,2497,-1728
103000024,98,93,5
103000025,170,1158,-988
103000026,439,109,330
103000027,294,664,-370
103000028,184,279,-95
103000029,77,172,-95
103000030,1830,1569,261
103000031,767,2426,-1659
103000032,1743,1116,627
103000033,2770,2884,-114
103000034,1045,792,253
103000035,267,1077,-810
103000036,228,350,-122
103000037,455,415,40
103000038,377,754,-377
103000039,666,245,421
103000040,743,462,281
103000041,1736,1027,709
103000042,1830,175,1655
103000043,969,551,418
103000044,254,82,172
103000046,415,444,-29
103000047,793,280,513
103000048,253,117,136
103000049,105,99,6
103000050,799,184,615
103000051,565,389,176
103000052,813,195,618
103000053,211,376,-165
103000054,1830,769,1061
103000055,1670,1361,309
103000056,737,674,63
103000057,1397,207,1190
103000058,613,533,80
103000059,791,566,225
103000060,743,245,498
103000061,577,647,-70
103000062,721,275,446
103000063,1064,896,168
103000064,200,97,103
103000065,4,164,-160
103000066,250,18,232
103000069,365,150,215
103000070,711,495,216
103000071,1638,666,972
103000072,174,438,-264
103000073,1071,87,984
103000074,728,139,589
103000075,166,491,-325
103000076,365,872,-507
103000077,32,256,-224
103000078,941,1611,-670
103000079,509,1147,-638
103000080,564,458,106
103000081,349,1506,-1157
103000082,563,107,456
103000083,109,475,-366
103000084,109,10,99
103000085,1,179,-178
103000086,378,660,-282
103000087,125,765,-640
103000088,180,441,-261
103000089,231,832,-601
103000090,4972,1310,3662
103000091,1749,515,1234
103000092,349,229,120
103000093,323,613,-290
103000094,249,118,131
103000095,67,336,-269
103000096,496,64,432
103000097,58,873,-815
103000098,544,96,448
103000099,138,633,-495
103000100,138,403,-265
103000101,1433,82,1351
103000102,105,279,-174
103000103,829,117,712
103000104,151,59,92
103000105,254,74,180
103000106,16,140,-124
103000107,238,123,115
103000108,1743,1816,-73
103000109,944,660,284
103000110,843,559,284
103000111,297,671,-374
103000112,218,523,-305
103000113,252,1350,-1098
103000114,1423,1428,-5
103000115,875,774,101
103000116,687,377,310
103000117,585,485,100
103000118,338,349,-11
103000119,856,245,611
103000120,83,148,-65
103000121,133,149,-16
103000122,333,429,-96
103000125,48,93,-45
103000126,890,0,890
103000127,11,81,-70
103000128,267,3,264
103000129,8,82,-74
103000130,82,57,25
103000131,111,103,8
103000132,71,155,-84
103000133,16,118,-102
103000134,187,973,-786
103000135,634,263,371
103000136,619,540,79
103000137,386,780,-394
103000138,638,848,-210
103000139,1,107,-106
103000140,181,42,139
103000141,48,234,-186
103000142,113,174,-61
103000143,92,240,-148
103000144,160,175,-15
103000145,12,411,-399
103000150,98,49,49
103000152,140,541,-401
103000153,241,423,-182
103000156,15,129,-114
103000157,602,1,601
103000159,141,32,109
103000162,34,17,17
103000163,14,19,-5
103000164,8,2,6
103000165,55,159,-104
103000166,327,582,-255
103000167,268,255,13
103000168,183,124,59
103000169,178,696,-518
103000170,1167,150,1017
103000171,35,137,-102
103000172,865,136,729
103000173,959,121,838
103000174,335,197,138
103000175,338,137,201
103000176,872,838,34
103000177,227,390,-163
103000178,110,204,-94
103000179,137,34,103
103000183,368,5,363
103000185,203,45,158
103000186,233,98,135
103000187,935,143,792
103000188,29,117,-88
103000189,787,959,-172
103000191,381,336,45
103000292,541,2237,-1696
103000293,745,3342,-2597
103000295,76,132,-56
103000296,91,8,83
103000297,4,31,-27
103000504,21,21,0
103000505,8,61,-53
103000506,1,99,-98
103000507,270,13,257
103000508,98,69,29
103000509,252,570,-318
103900001,3,21,-18
103900002,596,115,481
103900003,741,197,544
103900004,127,1,126
103900005,1,67,-66
103900006,7,3,4
103900007,166,3,163
103900008,39,1,38
103900009,449,318,131
103900010,274,179,95
103900011,622,78,544
103900012,15,32,-17
103900013,93,20,73
103900014,76,15,61
103900015,122,4,118
103900016,196,121,75
103900017,82,81,1
103900018,345,81,264
103900019,45,401,-356
103900020,301,486,-185
103900021,130,44,86
103900022,676,494,182
103900023,294,1,293
103900024,87,212,-125
103900025,26,17,9
103900026,7,0,7
103900027,487,202,285
103900028,46,302,-256
103900029,1445,181,1264
103900030,479,240,239
103900031,72,1,71
103900032,126,135,-9
103900033,61,52,9
103900034,40,34,6
103900035,63,27,36
103900036,99,82,17
103900037,122,54,68
103900038,76,258,-182
103900039,160,77,83
103900040,19,114,-95
103900041,71,22,49
103900042,155,66,89
103900043,392,47,345
103900044,27,655,-628
103900045,311,111,200
103900047,150,21,129
103900048,17,56,-39
103900049,73,1427,-1354
103900050,16,195,-179
103900051,4,51,-47
103900052,221,392,-171
103900053,398,165,233
103900054,248,165,83
103900055,535,178,357
103900056,59,48,11
103900057,122,54,68
103900058,477,185,292
103900059,0,70,-70
103900060,96,42,54
103900061,283,28,255
103900062,670,188,482
103900063,4,0,4
103900064,282,4,278
103900065,310,281,29
103900066,358,74,284
103900067,270,8,262
103900068,4,0,4
103900069,170,42,128
103900070,136,148,-12
103900071,28,50,-22
103900072,34,50,-16
103900073,57,68,-11
103900074,139,14,125
103900075,446,80,366
103900076,755,197,558
103900077,34,299,-265
103900078,302,39,263
103900079,178,152,26
103900080,6,29,-23
103900081,37,46,-9
103900082,63,148,-85
103900083,1880,2019,-139
103900084,122,180,-58
103900085,65,108,-43
103900086,1204,281,923
103900088,321,510,-189
103900089,49,135,-86
103900090,1,52,-51
103900091,657,137,520
103900092,726,604,122
103900093,41,342,-301
103900094,12,37,-25
103900095,269,242,27
103900096,93,61,32
103900097,21,232,-211
103900098,415,99,316
103900099,197,43,154
103900100,394,132,262
103900101,243,802,-559
103900102,0,41,-41
103900104,1,17,-16
103900105,38,71,-33
103900106,0,199,-199
103900107,248,56,192
103900108,63,134,-71
103900109,271,51,220
103900110,267,44,223
103900111,125,175,-50
103900112,29,67,-38
103900113,94,297,-203
103900114,555,203,352
103900115,191,201,-10
103900116,1413,2943,-1530
103900117,93,18,75
103900119,35,165,-130
103900120,151,45,106
103900122,248,63,185
103900123,525,737,-212
103900124,83,210,-127
103900125,191,81,110
103900126,732,141,591
103900127,181,183,-2
103900128,188,57,131
103900131,30,107,-77
103900133,1093,18,1075
103900134,1,15,-14
103900135,2,2,0
103900137,0,4,-4
103900138,223,61,162
103900139,254,3564,-3310
103900140,14,337,-323
103900141,210,45,165
103900142,452,75,377
103900143,107,2,105
103900144,0,27,-27
103900145,117,147,-30
103900146,233,102,131
103900147,589,65,524
103900148,402,105,297
103900149,342,193,149
103900150,3641,5620,-1979
103900151,14,126,-112
103900152,1323,181,1142
103900153,5,8,-3
103900154,296,2384,-2088
103900155,63,82,-19
103900156,61,45,16
103900157,123,60,63
103900158,200,34,166
103900159,262,21,241
103900160,44,29,15
103900161,81,146,-65
103900162,47,63,-16
103900163,8,242,-234
103900167,11,113,-102
103900168,98,47,51
103900169,13,83,-70
103900170,0,40,-40
103900171,7,30,-23
103900172,1,6,-5
103900173,12,30,-18
103900174,260,43,217
103900175,25,82,-57
103900176,11,47,-36
103900177,25,24,1
103900178,68,17,51
103900179,80,29,51
103900180,8,33,-25
103900181,18,46,-28
103900182,23,22,1
103900184,178,109,69
103900185,67,738,-671
103900187,24,126,-102
103900188,139,44,95
103900189,162,10,152
103900190,84,35,49
103900191,25,60,-35
103900192,37,82,-45
103900193,54,198,-144
103900194,78,98,-20
103900195,7,189,-182
103900196,74,32,42
103900197,7,9,-2
103900198,11,21,-10
103900199,169,68,101
103900200,223,61,162
103900201,73,97,-24
103900202,10,41,-31
103900203,38,39,-1
103900204,0,37,-37
103900207,0,15,-15
103900208,191,0,191
103900209,6,62,-56
103900210,40,27,13
103900211,752,104,648
103900212,203,98,105
103900213,48,340,-292
103900214,263,314,-51
103900215,131,329,-198
103900216,12,133,-121
103900217,249,57,192
103900218,0,285,-285
103900219,188,131,57
103900233,273,28,245
103900235,10,234,-224
103900236,8,60,-52
103900242,2,4,-2
103900243,1,0,1
103900244,102,114,-12
103900245,160,87,73
103900246,20,36,-16
103900247,20,50,-30
103900248,1,79,-78
103900249,10,57,-47
103900250,72,53,19
103900251,4,27,-23
103900253,6,55,-49
103900254,2,38,-36
103900255,2,38,-36
103900256,22,22,0
103900257,312,313,-1
103900258,10,7,3
103900259,36,5,31
103900261,37,4,33
103900262,23,3,20
103900263,17,72,-55
103900264,9,6,3
103900265,22,2,20
103900266,4,86,-82
103900267,7,53,-46
103900268,45,22,23
103900269,207,11,196
103900270,113,87,26
103900271,134,42,92
103900272,63,16,47
103900273,90,3,87
103900274,188,1,187
103900275,134,11,123
103900276,3,11,-8
103900277,2,6,-4
103900278,2,41,-39
103900279,4,48,-44
103900280,1,29,-28
104000001,3184,1999,1185
104000002,1945,1687,258
104000003,2167,1871,296
104000004,2240,2363,-123
104000005,2413,2121,292
104000006,2820,2134,686
104000007,4007,3686,321
104000008,211,214,-3
104000009,324,116,208
104000010,186,392,-206
104000011,275,256,19
104000012,93,190,-97
104000013,325,346,-21
104000014,247,334,-87
104000015,496,143,353
104000016,285,202,83
104000018,902,243,659
104000019,626,273,353
104000020,97,258,-161
104000021,323,293,30
104000022,249,306,-57
104000023,1205,395,810
104000024,302,264,38
104000026,115,183,-68
104000027,303,223,80
104000028,545,236,309
104000029,376,240,136
104000030,363,232,131
104000031,1289,309,980
104000032,144,133,11
104000033,751,558,193
104000034,320,152,168
104000035,1238,345,893
104000036,1366,367,999
104000037,249,106,143
104000038,593,363,230
104000039,161,104,57
104000040,168,445,-277
104000041,583,355,228
104000042,152,184,-32
104000043,221,245,-24
104000044,284,407,-123
104000045,701,546,155
104000046,554,949,-395
104000047,483,859,-376
104000048,800,745,55
104000049,850,316,534
104000050,91,866,-775
104000051,281,583,-302
104000052,2116,1893,223
104000053,1135,459,676
104000054,456,111,345
104000055,2501,1851,650
104000056,836,286,550
104000057,346,351,-5
104000058,1032,760,272
104000059,655,797,-142
104000060,1119,1461,-342
104000061,1069,618,451
104000062,649,170,479
104000064,648,356,292
104000065,167,732,-565
104000069,596,1614,-1018
104000070,74,532,-458
104000071,369,431,-62
104000072,645,362,283
104000075,65,202,-137
104000076,465,80,385
104000082,2090,3727,-1637
104000083,610,230,380
104000084,114,338,-224
104000085,553,342,211
104000086,382,401,-19
104000087,379,1716,-1337
104000090,1181,720,461
104000092,1765,915,850
104000094,905,674,231
104000095,3274,1536,1738
104000096,1979,46,1933
104000097,2735,463,2272
104000098,3710,524,3186
104000100,2477,654,1823
104000101,1408,1376,32
104000106,111,736,-625
104000107,672,215,457
104000108,197,235,-38
104000109,375,175,200
104000110,670,879,-209
104000111,2109,2744,-635
104000112,718,488,230
104000116,0,425,-425
104000117,350,314,36
104000118,1219,124,1095
104000119,802,266,536
104000120,286,313,-27
104000121,345,449,-104
104000122,1139,652,487
104000123,662,438,224
104000124,436,904,-468
104000125,2147,4775,-2628
104000126,704,592,112
104000127,1178,1168,10
104000128,640,170,470
104000129,392,9,383
104000130,10,281,-271
104000131,286,439,-153
104000132,298,590,-292
104000133,1644,698,946
104000134,1012,1334,-322
104000135,646,1549,-903
104000136,805,2937,-2132
104000137,2223,283,1940
104000138,1251,379,872
104000139,2921,2117,804
104000141,1086,580,506
104000142,661,384,277
104000143,725,303,422
104000144,186,190,-4
104000145,514,166,348
104000146,140,502,-362
104000147,155,308,-153
104000148,505,162,343
104000149,184,81,103
104000150,1160,535,625
104000151,341,194,147
104000152,656,269,387
104000153,747,633,114
104000154,762,261,501
104000155,649,839,-190
104000157,1565,1057,508
104000158,144,575,-431
104000159,782,747,35
104000160,1624,2212,-588
104000161,325,150,175
104000162,122,137,-15
104000165,716,696,20
104000167,785,1629,-844
104000168,757,3,754
104000169,220,42,178
104000170,228,342,-114
104000248,343,468,-125
104000251,93,102,-9
104000272,0,0,0
104000273,0,0,0
104000274,0,0,0
104000275,0,0,0
104000279,597,357,240
104000290,95,260,-165
104000291,544,1139,-595
104000293,1426,1257,169
104000294,66,0,66
104000295,588,711,-123
104000296,598,444,154
104000297,601,1672,-1071
104000298,1738,675,1063
104000299,736,932,-196
104000302,153,108,45
104000303,191,142,49
104900001,104,217,-113
104900002,113,274,-161
104900003,76,172,-96
104900004,70,109,-39
104900005,410,313,97
104900006,773,93,680
104900007,375,195,180
104900009,154,115,39
104900010,67,31,36
104900011,3,24,-21
104900012,174,33,141
104900013,143,22,121
104900014,1117,292,825
104900015,106,0,106
104900016,234,130,104
104900017,130,142,-12
104900018,27,119,-92
104900019,162,5384,-5222
104900020,33,261,-228
104900021,1,22,-21
104900022,11,345,-334
104900023,1,14,-13
104900024,32,888,-856
104900025,82,131,-49
104900026,0,72,-72
104900027,722,322,400
104900028,29,165,-136
104900029,12,19,-7
104900030,589,201,388
104900031,90,276,-186
104900032,79,55,24
104900033,236,207,29
104900034,396,149,247
104900035,426,201,225
104900036,290,44,246
104900037,204,168,36
104900038,158,1271,-1113
104900039,260,349,-89
104900040,498,71,427
104900041,424,151,273
104900042,198,239,-41
104900043,29,254,-225
104900044,860,146,714
104900045,429,49,380
104900046,403,75,328
104900047,470,103,367
104900048,441,39,402
104900049,63,47,16
104900050,457,53,404
104900051,298,28,270
104900052,196,1,195
104900053,533,60,473
104900054,265,24,241
104900055,307,1,306
104900056,230,22,208
104900057,81,1,80
104900058,360,349,11
104900059,84,52,32
104900060,0,214,-214
104900061,128,205,-77
104900063,8,319,-311
104900064,0,117,-117
104900065,1,282,-281
104900066,1,59,-58
104900067,4,288,-284
104900068,57,134,-77
104900070,104,151,-47
104900071,1,376,-375
104900072,48,146,-98
104900073,68,38,30
104900074,84,83,1
104900075,44,26,18
104900076,144,119,25
104900077,251,229,22
104900078,189,206,-17
104900079,100,1034,-934
104900080,90,260,-170
104900082,23,237,-214
104900085,6,92,-86
104900087,290,6,284
104900089,457,0,457
104900090,1510,789,721
104900091,548,368,180
104900093,193,243,-50
104900097,1048,3226,-2178
104900098,356,33,323
104900099,116,1054,-938
104900100,347,180,167
104900102,49,80,-31
104900103,339,41,298
104900104,1361,1800,-439
104900106,321,92,229
104900107,103,108,-5
104900108,32,99,-67
104900109,83,102,-19
104900110,11,111,-100
104900111,447,58,389
104900112,305,282,23
104900113,852,189,663
104900114,716,312,404
104900115,790,152,638
104900116,577,80,497
104900118,18,26,-8
104900119,2,31,-29
104900120,26,673,-647
104900121,0,20,-20
104900122,12,33,-21
104900123,87,23,64
104900124,50,2,48
104900125,407,2,405
104900126,20,22,-2
104900127,9,46,-37
104900128,104,114,-10
104900129,836,2716,-1880
105000001,3001,1400,1601
105000002,2548,1650,898
105000003,2627,3973,-1346
105000004,900,659,241
105000005,1521,1015,506
105000006,1382,1785,-403
105000007,1472,2544,-1072
105000008,884,3867,-2983
105000009,2979,3273,-294
105000010,2317,888,1429
105000011,3706,3159,547
105000012,2159,1623,536
105000013,1238,1223,15
105000014,3076,3764,-688
105000015,7525,13770,-6245
105000016,1043,1042,1
105000017,1190,786,404
105000018,947,1715,-768
105000019,737,1170,-433
105000020,108,508,-400
105000021,280,192,88
105000022,118,241,-123
105000023,622,223,399
105000028,19,50,-31
105000029,570,1438,-868
105000030,2541,1579,962
105000031,9,44,-35
105000033,968,987,-19
105000034,129,1063,-934
105000037,537,145,392
105000038,1415,1808,-393
105000039,1205,890,315
105000040,848,1356,-508
105000041,228,838,-610
105000042,2306,1648,658
105000043,699,1128,-429
105000044,654,385,269
105000045,258,289,-31
105000046,1089,243,846
105000047,534,354,180
105000048,850,303,547
105000049,213,324,-111
105000050,867,384,483
105000051,146,263,-117
105000052,726,738,-12
105000053,66,78,-12
105000054,506,894,-388
105000055,829,245,584
105000056,1425,1521,-96
105000057,1087,480,607
105000058,955,635,320
105000059,889,594,295
105000060,417,425,-8
105000061,1241,623,618
105000062,574,397,177
105000063,352,232,120
105000064,2271,669,1602
105000065,358,602,-244
105000066,790,1065,-275
105000067,1540,1058,482
105000068,269,668,-399
105000069,1467,2239,-772
105000070,357,1269,-912
105000071,300,1523,-1223
105000072,1296,4633,-3337
105000073,1034,713,321
105000074,567,452,115
105000075,478,414,64
105000076,944,913,31
105000077,1650,803,847
105000078,746,1159,-413
105000079,761,2610,-1849
105000080,1799,1409,390
105000081,1520,1217,303
105000082,609,1784,-1175
105000083,1885,3228,-1343
105000084,556,503,53
105000085,2097,2144,-47
105000086,704,746,-42
105000087,1496,1320,176
105000088,1660,2051,-391
105000089,1673,1330,343
105000090,593,508,85
105000091,751,1148,-397
105000092,463,1037,-574
105000093,361,436,-75
105000094,282,205,77
105000095,116,594,-478
105000096,1333,1998,-665
105000097,777,727,50
105000098,1270,897,373
105000099,602,789,-187
105000100,1936,926,1010
105000101,2520,1056,1464
105000102,1570,1265,305
105000103,1111,1537,-426
105000104,2033,957,1076
105000105,1014,1298,-284
105000106,1383,849,534
105000107,1584,745,839
105000108,1725,1157,568
105000109,2203,1041,1162
105000110,1016,482,534
105000111,1522,454,1068
105000112,1196,648,548
105000113,547,636,-89
105000114,1590,1379,211
105000115,373,1623,-1250
105000116,1299,621,678
105000117,893,714,179
105000118,867,365,502
105000119,446,364,82
105000120,1532,570,962
105000121,747,448,299
105000122,396,655,-259
105000123,577,631,-54
105000124,2296,621,1675
105000125,807,987,-180
105000126,2133,1279,854
105000127,2827,1177,1650
105000128,770,876,-106
105000129,1175,217,958
105000130,226,3263,-3037
105000131,434,156,278
105000132,1400,678,722
105000133,410,626,-216
105000134,1138,615,523
105000135,457,603,-146
105000136,140,179,-39
105000137,722,240,482
105000138,183,193,-10
105000139,785,384,401
105000140,613,301,312
105000141,407,239,168
105000142,329,294,35
105000143,183,369,-186
105000144,315,392,-77
105000145,791,180,611
105000146,335,585,-250
105000147,683,276,407
105000148,909,725,184
105000149,2706,2741,-35
105000150,1237,856,381
105000151,643,480,163
105000152,139,327,-188
105000153,764,654,110
105000154,602,418,184
105000155,467,713,-246
105000156,372,550,-178
105000157,642,1302,-660
105000158,1992,899,1093
105000159,373,784,-411
105000160,3604,801,2803
105000161,692,1025,-333
105000162,851,2650,-1799
105000163,918,913,5
105000164,165,341,-176
105000165,630,8387,-7757
105000166,4340,1303,3037
105000167,1035,2322,-1287
105000168,378,345,33
105000169,868,98,770
105000170,336,1047,-711
105000171,1223,120,1103
105000172,250,12,238
105000173,319,21,298
105000174,79,45,34
105000175,107,60,47
105000176,621,80,541
105000177,425,282,143
105000178,289,274,15
105000179,837,85,752
105000180,273,59,214
105000181,203,143,60
105000182,64,20,44
105000183,1622,2407,-785
105000184,704,916,-212
105000185,744,1134,-390
105000186,486,549,-63
105000187,848,234,614
105000188,160,210,-50
105000189,101,533,-432
105000190,202,277,-75
105000191,305,293,12
105000192,391,65,326
105000193,78,89,-11
105000194,870,124,746
105000195,238,571,-333
105000196,105,414,-309
105000197,223,441,-218
105000198,326,179,147
105000199,121,773,-652
105000200,90,330,-240
105000201,45,38,7
105000203,14,104,-90
105000204,85,77,8
105000205,127,160,-33
105000207,159,121,38
105000208,158,501,-343
105000209,201,161,40
105000211,453,9,444
105000212,1182,464,718
105000213,61,216,-155
105000214,150,151,-1
105000215,337,169,168
105000216,228,111,117
105000217,272,167,105
105000218,1943,898,1045
105000221,150,206,-56
105000222,266,228,38
105000223,470,178,292
105000226,112,103,9
105000227,98,85,13
105000228,96,2050,-1954
105000229,212,517,-305
105000231,608,262,346
105000233,1074,800,274
105000234,451,735,-284
105000235,504,506,-2
105000237,1322,113,1209
105000243,85,25,60
105000248,61,46,15
105000262,428,503,-75
105000269,139,162,-23
105000270,616,36,580
105000271,0,143,-143
105000282,32,66,-34
105000287,268,75,193
105000288,761,346,415
105000289,862,1758,-896
105000290,8,15,-7
105000402,2058,3663,-1605
105000426,232,420,-188
105000438,1354,1052,302
105000440,35,18,17
105000446,5225,3944,1281
105000447,2171,1278,893
105000454,807,233,574
105000455,233,88,145
105000474,67,0,67
105000477,686,577,109
105000478,2263,5517,-3254
105000479,109,152,-43
105000480,5078,7657,-2579
105000481,4510,4580,-70
105000482,2248,3522,-1274
105000483,2061,2998,-937
105000484,1262,1775,-513
105000485,1056,3181,-2125
105000486,1412,1774,-362
105000488,3539,2135,1404
105000489,1282,976,306
105000549,118,166,-48
105000550,346,1087,-741
105000551,44,90,-46
105000552,1736,891,845
105000555,939,1228,-289
105000556,73,30,43
105000557,60,176,-116
105900001,6,2084,-2078
105900002,590,1093,-503
105900003,33,105,-72
105900004,153,87,66
105900005,48,132,-84
105900006,9,73,-64
105900007,33,22,11
105900008,145,321,-176
105900009,37,13,24
105900011,147,28,119
105900012,441,80,361
105900013,4,30,-26
105900014,4,71,-67
105900015,105,285,-180
105900016,542,269,273
105900017,1359,31,1328
105900018,188,125,63
105900019,89,197,-108
105900020,45,62,-17
105900021,38,219,-181
105900022,290,113,177
105900023,12,74,-62
105900024,10,225,-215
105900025,194,14,180
105900026,153,12,141
105900027,10174,4578,5596
105900028,195,591,-396
105900029,2128,323,1805
105900030,191,306,-115
105900031,365,162,203
105900032,133,141,-8
105900033,52,68,-16
105900034,355,137,218
105900035,303,137,166
105900036,174,88,86
105900037,170,46,124
105900038,197,214,-17
105900039,146,78,68
105900040,118,112,6
105900041,149,102,47
105900042,82,171,-89
105900043,792,32,760
105900044,1,355,-354
105900045,4,1062,-1058
105900046,6,222,-216
105900047,15,47,-32
105900048,139,322,-183
105900050,3226,5945,-2719
105900051,79,1042,-963
105900052,735,193,542
105900053,1766,2966,-1200
105900054,191,111,80
105900056,387,478,-91
105900057,9,67,-58
105900058,25,10,15
105900059,1,57,-56
106000001,1647,1962,-315
106000002,826,3044,-2218
106000003,2533,3720,-1187
106000004,1212,2175,-963
106000005,3699,4024,-325
106000006,3986,1699,2287
106000007,491,395,96
106000008,455,314,141
106000009,469,306,163
106000010,458,466,-8
106000011,1514,940,574
106000012,819,724,95
106000013,1843,1684,159
106000014,1650,1019,631
106000015,2344,1029,1315
106000016,1270,1243,27
106000017,540,788,-248
106000018,430,470,-40
106000019,390,475,-85
106000020,393,303,90
106000021,342,412,-70
106000022,401,167,234
106000023,838,298,540
106000024,574,271,303
106000025,161,179,-18
106000026,77,151,-74
106000027,2029,1499,530
106000028,755,201,554
106000029,664,572,92
106000030,174,545,-371
106000034,145,377,-232
106000035,874,1874,-1000
106000036,147,336,-189
106000037,992,1135,-143
106000038,69,148,-79
106000039,42,116,-74
106000040,87,797,-710
106000041,638,408,230
106000043,578,252,326
106000046,329,51,278
106000047,29,484,-455
106000049,1166,168,998
106000050,228,302,-74
106000051,872,532,340
106000052,136,214,-78
106000053,515,143,372
106000054,278,176,102
106000055,1082,527,555
106000056,213,197,16
106000057,558,230,328
106000058,111,97,14
106000059,509,237,272
106000060,253,296,-43
106000061,179,694,-515
106000062,189,289,-100
106000063,903,716,187
106000064,25,143,-118
106000065,491,203,288
106000066,103,175,-72
106000067,396,68,328
106000068,112,386,-274
106000069,331,114,217
106000070,287,383,-96
106000071,821,261,560
106000072,2425,1415,1010
106000073,1330,4433,-3103
106000074,674,698,-24
106000075,471,1124,-653
106000076,1501,1229,272
106000077,1785,880,905
106000078,1371,473,898
106000079,965,517,448
106000080,1143,312,831
106000081,997,757,240
106000082,1641,509,1132
106000083,459,1131,-672
106000084,781,492,289
106000085,1361,1160,201
106000086,482,546,-64
106000087,867,363,504
106000088,394,625,-231
106000089,1064,228,836
106000090,374,569,-195
106000091,286,323,-37
106000092,1182,203,979
106000093,453,92,361
106000094,94,235,-141
106000095,1193,575,618
106000096,1061,414,647
106000097,1436,566,870
106000098,958,615,343
106000099,166,604,-438
106000100,1344,177,1167
106000101,679,264,415
106000102,170,469,-299
106000103,266,429,-163
106000104,1136,312,824
106000105,416,430,-14
106000106,997,249,748
106000107,189,168,21
106000108,576,182,394
106000109,235,144,91
106000110,444,112,332
106000111,242,192,50
106000112,310,750,-440
106000113,521,485,36
106000114,563,899,-336
106000115,302,326,-24
106000116,387,177,210
106000117,734,492,242
106000118,1607,1280,327
106000119,971,533,438
106000120,895,1580,-685
106000121,342,154,188
106000122,198,72,126
106000123,941,106,835
106000124,148,112,36
106000125,40,125,-85
106000126,529,74,455
106000127,1364,497,867
106000128,1029,134,895
106000129,709,269,440
106000130,1069,232,837
106000131,122,737,-615
106000132,529,119,410
106000133,1579,1523,56
106000134,396,2952,-2556
106000135,149,516,-367
106000136,656,1203,-547
106000137,121,582,-461
106000138,1995,103,1892
106000139,57,48,9
106000140,78,44,34
106000141,153,35,118
106000142,144,50,94
106000143,37,41,-4
106000144,70,79,-9
106000145,469,78,391
106000146,470,115,355
106000147,532,303,229
106000148,638,440,198
106000149,639,384,255
106000150,655,1953,-1298
106000151,2419,529,1890
106000152,722,2620,-1898
106000153,109,1640,-1531
106000154,950,128,822
106000155,194,305,-111
106000156,1302,118,1184
106000157,691,1405,-714
106000158,1296,785,511
106000159,1845,2133,-288
106000160,481,3604,-3123
106000161,987,162,825
106000162,361,1189,-828
106000163,437,197,240
106000164,738,204,534
106000165,297,275,22
106000166,1064,246,818
106000167,434,587,-153
106000168,835,213,622
106000169,290,247,43
106000170,1167,138,1029
106000171,239,958,-719
106000172,2353,1144,1209
106000173,940,2389,-1449
106000174,1171,279,892
106000175,220,446,-226
106000176,2076,709,1367
106000177,745,1318,-573
106000178,2751,1232,1519
106000179,532,1101,-569
106000180,511,507,4
106000181,1024,1038,-14
106000182,1877,525,1352
106000183,1793,317,1476
106000184,1540,434,1106
106000185,1180,950,230
106000186,492,72,420
106000187,42,824,-782
106000188,1,0,1
106000189,19,35,-16
106000190,48,1,47
106000191,633,81,552
106000192,2,5,-3
106000193,374,141,233
106000194,124,242,-118
106000195,269,97,172
106000196,65,297,-232
106000197,584,238,346
106000198,207,144,63
106000199,572,853,-281
106000200,282,199,83
106000201,419,3733,-3314
106000202,1799,417,1382
106000203,48,245,-197
106000204,107,12,95
106000205,15,140,-125
106000206,111,29,82
106000207,17,250,-233
106000208,1550,192,1358
106000209,1832,371,1461
106000210,300,559,-259
106000211,157,877,-720
106000212,1091,462,629
106000213,189,948,-759
106000214,1003,297,706
106000215,309,309,0
106000216,425,305,120
106000217,224,271,-47
106000218,312,266,46
106000219,147,200,-53
106000220,561,140,421
106000221,326,101,225
106000222,116,63,53
106000223,493,77,416
106000224,272,59,213
106000225,121,132,-11
106000226,91,92,-1
106000228,89,118,-29
106000229,88,483,-395
106000231,1230,117,1113
106000232,82,208,-126
106000233,463,71,392
106000234,78,290,-212
106000235,314,167,147
106000236,96,194,-98
106000237,0,8,-8
106000238,13,38,-25
106000239,3,117,-114
106000240,39,9,30
106000241,19,464,-445
106000242,267,36,231
106000249,73,39,34
106000250,46,404,-358
106000251,137,11,126
106000252,28,80,-52
106000253,50,66,-16
106000254,70,39,31
106000255,41,146,-105
106000256,44,33,11
106000257,172,116,56
106000258,146,33,113
106000259,10,132,-122
106000260,41,14,27
106000261,6,62,-56
106000262,96,4,92
106000263,38,21,17
106000264,173,6,167
106000265,9,89,-80
106000266,156,22,134
106000267,2,68,-66
106000268,245,76,169
106000269,33,33,0
106000270,73,214,-141
106000271,134,121,13
106000272,126,52,74
106000273,28,256,-228
106000274,115,25,90
106000275,173,155,18
106000276,47,25,22
106000277,127,235,-108
106000278,114,32,82
106000279,5,17,-12
106000280,104,52,52
106000281,141,34,107
106000282,60,56,4
106000283,153,40,113
106000284,167,69,98
106000285,112,93,19
106000286,144,81,63
106000287,153,69,84
106000288,83,134,-51
106000289,113,57,56
106000290,88,26,62
106000291,104,89,15
106000292,78,54,24
106000293,164,105,59
106000294,74,46,28
106000295,28,81,-53
106000296,29,69,-40
106000297,34,267,-233
106000298,52,72,-20
106000299,81,80,1
106000300,55,72,-17
106000301,56,111,-55
106000303,21,47,-26
106000304,76,7,69
106000305,59,39,20
106000306,46,51,-5
106000307,108,22,86
106000308,31,66,-35
106000309,29,46,-17
106000310,425,226,199
106000311,435,150,285
106000312,191,96,95
106000313,428,142,286
106000318,56,362,-306
106000319,1227,268,959
106000320,1,50,-49
106000321,184,134,50
106000322,215,84,131
106000324,15,59,-44
106000325,2037,779,1258
106000326,1085,988,97
106000327,338,57,281
106000328,59,120,-61
106000329,132,201,-69
106000330,65,89,-24
106000428,83,170,-87
106000429,122,252,-130
106000430,278,715,-437
106000431,2275,353,1922
106000432,916,1808,-892
106000433,2178,1373,805
106000434,3193,1238,1955
106000435,856,1665,-809
106000436,19,117,-98
106000437,335,55,280
106000438,267,220,47
106000439,55,398,-343
106000440,164,367,-203
106000441,1,0,1
106000442,204,8,196
106000443,329,203,126
106000450,4,78,-74
106000451,22,99,-77
106000454,13,100,-87
106000455,15,165,-150
106000456,83,43,40
106000457,42,275,-233
106000458,1112,37,1075
106000459,266,120,146
106000460,1547,25,1522
106000461,194,296,-102
106000462,5,72,-67
106000463,6,15,-9
106000464,8,427,-419
106000465,906,4,902
106000466,3,299,-296
106000467,238,245,-7
106000468,92,99,-7
106000469,63,1,62
106000470,196,1875,-1679
106000471,17,304,-287
106000472,136,21,115
106000473,64,22,42
106000474,522,331,191
106000475,722,164,558
106000476,121,295,-174
106000477,52,65,-13
106000480,2,451,-449
106900001,0,14,-14
106900002,1,181,-180
106900003,107,899,-792
106900004,0,7,-7
106900006,0,8,-8
106900007,0,9,-9
106900008,611,94,517
106900009,442,129,313
106900010,326,146,180
106900012,805,2951,-2146
106900013,499,248,251
106900014,65,1,64
106900015,13,2,11
106900016,541,32,509
106900017,16,0,16
106900018,8,0,8
106900019,83,0,83
106900020,1579,2321,-742
106900021,172,114,58
106900022,1419,2,1417
106900023,33,138,-105
106900024,594,73,521
106900025,29,453,-424
106900026,0,163,-163
106900027,865,4,861
107000001,2474,5555,-3081
107000002,1277,2181,-904
107000003,6827,5939,888
107000004,2814,1590,1224
107000005,7566,6113,1453
107000006,2715,1349,1366
107000007,5509,8401,-2892
107000008,3773,2908,865
107000009,9545,8053,1492
107000010,4923,3714,1209
107000011,554,624,-70
107000012,1713,1387,326
107000013,97,22,75
107000014,59,76,-17
107000015,425,252,173
107000016,787,289,498
107000017,588,2783,-2195
107000018,4,2393,-2389
107000020,563,3158,-2595
107000021,1050,456,594
107000022,935,1984,-1049
107000023,1689,184,1505
107000024,700,1471,-771
107000025,250,279,-29
107000026,423,336,87
107000027,1570,712,858
107000028,1254,653,601
107000029,4024,3352,672
107000030,2207,1601,606
107000031,5266,2230,3036
107000032,262,706,-444
107000033,1892,2762,-870
107000034,3963,853,3110
107000035,427,176,251
107000036,427,1138,-711
107000037,116,690,-574
107000038,228,139,89
107000039,1117,775,342
107000040,234,155,79
107000041,1122,698,424
107000042,465,1866,-1401
107000043,1453,958,495
107000044,315,234,81
107000045,78,195,-117
107000046,837,407,430
107000047,453,501,-48
107000048,713,262,451
107000049,508,543,-35
107000050,843,420,423
107000051,210,259,-49
107000052,1052,1331,-279
107000053,410,342,68
107000054,61,142,-81
107000055,407,162,245
107000056,477,488,-11
107000057,1393,197,1196
107000058,1989,2449,-460
107000059,1576,2172,-596
107000060,5002,4932,70
107000061,3351,1935,1416
107000062,6204,2759,3445
107000063,3290,2275,1015
107000064,5672,2862,2810
107000065,2700,2435,265
107000066,1692,2936,-1244
107000067,1408,1531,-123
107000068,812,1338,-526
107000069,1200,721,479
107000070,1058,31,1027
107000071,3938,58,3880
107000072,17,975,-958
107000073,983,578,405
107000074,54,500,-446
107000075,2137,624,1513
107000076,288,664,-376
107000077,3703,1430,2273
107000078,1028,1443,-415
107000079,2805,990,1815
107000080,575,1445,-870
107000081,2739,573,2166
107000082,529,530,-1
107000083,1474,627,847
107000084,251,627,-376
107000085,2826,3135,-309
107000086,2443,2024,419
107000087,3270,2300,970
107000088,2578,2498,80
107000089,1942,1973,-31
107000090,1144,663,481
107000091,2107,1124,983
107000092,940,656,284
107000093,1531,1002,529
107000094,845,672,173
107000095,900,493,407
107000096,505,402,103
107000097,930,224,706
107000098,374,362,12
107000099,483,283,200
107000100,269,229,40
107000101,149,209,-60
107000102,208,195,13
107000103,309,187,122
107000104,127,208,-81
107000105,489,161,328
107000106,154,134,20
107000107,648,149,499
107000108,131,403,-272
107000109,762,116,646
107000110,59,169,-110
107000111,446,34,412
107000112,27,105,-78
107000113,1089,96,993
107000114,96,245,-149
107000115,888,392,496
107000116,88,386,-298
107000117,140,1507,-1367
107000118,49,105,-56
107000119,1026,1638,-612
107000120,668,676,-8
107000121,1109,634,475
107000122,791,532,259
107000123,646,491,155
107000124,715,329,386
107000125,1364,334,1030
107000126,1221,274,947
107000129,201,298,-97
107000130,693,189,504
107000131,283,317,-34
107000132,534,222,312
107000133,352,310,42
107000134,225,2,223
107000135,0,316,-316
107000136,539,3,536
107000137,9,539,-530
107000138,126,28,98
107000139,8,705,-697
107000140,1900,77,1823
107000141,100,756,-656
107000142,596,80,516
107000143,39,487,-448
107000144,618,558,60
107000145,112,275,-163
107000146,146,255,-109
107000147,4252,811,3441
107000150,337,3630,-3293
107000151,20,41,-21
107000152,1188,2260,-1072
107000153,64,186,-122
107000154,31,501,-470
107000155,1035,8,1027
107000156,1444,9,1435
107000157,72,431,-359
107000158,1195,20,1175
107000159,22,410,-388
107000160,1824,209,1615
107000161,38,417,-379
107000162,304,662,-358
107000163,216,3,213
107000164,873,7,866
107000165,1634,11,1623
107000166,32,226,-194
107000167,905,179,726
107000168,1021,580,441
107000169,352,363,-11
107000170,3211,655,2556
107000171,436,570,-134
107000172,1655,1826,-171
107000173,316,402,-86
107000174,1138,6535,-5397
107000175,2686,788,1898
107000176,0,1,-1
107000177,0,3,-3
107000178,48,7,41
107000179,346,732,-386
107000180,2099,142,1957
107000181,407,439,-32
107000182,2209,461,1748
107000183,169,394,-225
107000184,1568,397,1171
107000185,342,635,-293
107000186,1328,286,1042
107000187,1280,1040,240
107000188,522,408,114
107000189,610,643,-33
107000190,641,500,141
107000191,998,988,10
107000192,1556,453,1103
107000193,342,497,-155
107000194,871,485,386
107000197,946,218,728
107000198,329,348,-19
107000199,1335,544,791
107000200,550,659,-109
107000201,381,440,-59
107000202,390,411,-21
107000203,627,1823,-1196
107000204,535,1986,-1451
107000205,924,639,285
107000206,453,1740,-1287
107000207,516,1442,-926
107000208,572,627,-55
107000209,733,1006,-273
107000210,132,197,-65
107000211,4,55,-51
107000212,25,171,-146
107000213,14,20,-6
107000214,21,52,-31
107000215,582,201,381
107000216,547,287,260
107000217,161,102,59
107000219,91,279,-188
107000220,225,90,135
107000222,245,285,-40
107000224,696,60,636
107000225,193,185,8
107000226,582,89,493
107000227,107,109,-2
107000228,452,387,65
107000229,73,156,-83
107000230,1067,373,694
107000231,482,2354,-1872
107000232,173,16,157
107000233,193,1241,-1048
107000234,3,54,-51
107000235,75,43,32
107000236,10,480,-470
107000237,9,1,8
107000238,33,12,21
107000239,1892,650,1242
107000240,111,353,-242
107000243,0,15,-15
107000244,4,62,-58
107000246,4,619,-615
107000249,2,713,-711
107000251,1,184,-183
107000252,1,380,-379
107000255,232,258,-26
107000257,2,368,-366
107000258,3,183,-180
107000259,10,123,-113
107000260,2042,19,2023
107000262,31,222,-191
107000263,466,11,455
107000266,7,12,-5
107000267,30,69,-39
107000268,197,73,124
107000269,83,5,78
107000270,315,112,203
107000271,3,0,3
107000272,173,0,173
107000273,4,139,-135
107000274,368,58,310
107000275,89,1833,-1744
107000280,1328,24,1304
107000281,16,261,-245
107000282,44,282,-238
107000290,28,56,-28
107000291,30,5,25
107000292,6,517,-511
107000293,40,15,25
107000294,0,78,-78
107000295,47,6,41
107000296,0,13,-13
107000444,271,5,266
107000496,5,4,1
107000497,788,1004,-216
107000500,389,272,117
107000501,129,153,-24
107000502,186,283,-97
107000505,204,541,-337
107000506,0,1,-1
107000508,5,157,-152
107000509,139,620,-481
107000510,68,36,32
107000514,37,491,-454
107000515,23,88,-65
107000516,578,354,224
107000518,1539,2523,-984
107000519,977,463,514
107000520,130,44,86
107000521,921,189,732
107000522,1356,304,1052
107900001,74,42,32
107900002,77,15,62
107900003,495,16,479
107900004,11,0,11
107900005,2317,4,2313
107900006,174,5,169
107900007,538,53,485
107900008,38,5,33
107900009,157,19,138
107900010,60,6,54
107900012,384,61,323
107900013,141,17,124
107900014,90,2,88
107900015,1442,11,1431
107900016,331,76,255
107900017,32,1,31
107900018,80,343,-263
107900019,18,11,7
107900020,22,27,-5
107900021,147,45,102
107900023,1,0,1
107900024,0,4,-4
107900025,291,146,145
107900026,57,16,41
107900027,25,50,-25
107900028,178,31,147
107900030,251,56,195
107900031,89,95,-6
107900032,12,4,8
107900033,26,3,23
107900034,316,16,300
107900035,1551,62,1489
107900036,106,41,65
107900037,0,11,-11
107900038,40,315,-275
107900039,49,24,25
107900040,2,209,-207
107900041,2,2,0
107900043,74,94,-20
107900044,29,9,20
107900045,142,46,96
107900046,326,197,129
107900047,48,16,32
107900048,269,39,230
107900049,260,942,-682
107900050,43,112,-69
107900051,59,23,36
107900052,5,71,-66
107900053,116,71,45
107900055,308,230,78
107900056,152,97,55
107900057,17,0,17
107900058,21,279,-258
107900060,6,24,-18
107900061,3,6,-3
107900063,113,101,12
107900064,163,307,-144
107900065,435,16,419
107900066,39,12,27
107900067,0,0,0
107900068,87,1120,-1033
107900069,20,3052,-3032
107900070,217,115,102
107900071,17,234,-217
107900072,245,64,181
107900073,127,44,83
107900074,192,291,-99
107900076,179,16,163
107900077,145,4,141
107900079,14,20,-6
107900080,189,886,-697
107900081,103,90,13
107900082,5,8,-3
107900083,332,150,182
107900084,98,90,8
107900086,93,222,-129
107900087,160,87,73
107900088,98,37,61
107900089,282,554,-272
107900090,316,2137,-1821
107900091,146,80,66
107900093,65,68,-3
107900095,1280,1664,-384
107900097,39,44,-5
107900098,50,145,-95
107900100,965,1488,-523
107900101,345,70,275
107900102,81,6,75
107900103,60,111,-51
107900104,225,8,217
107900105,1,131,-130
107900106,7,323,-316
107900107,757,386,371
107900108,149,51,98
107900109,2008,68,1940
107900110,55,38,17
107900111,14,212,-198
107900112,77,529,-452
107900113,253,58,195
107900114,283,70,213
107900115,1,13,-12
107900116,259,49,210
107900117,156,82,74
107900118,10,59,-49
107900119,125,185,-60
107900120,39,76,-37
107900121,0,84,-84
107900122,3,108,-105
107900123,23,55,-32
107900124,24,87,-63
107900125,34,189,-155
107900126,46,54,-8
107900127,366,268,98
107900128,109,53,56
107900129,102,13,89
107900130,125,6,119
107900131,94,732,-638
107900132,41,198,-157
107900133,2,40,-38
107900134,38,141,-103
107900135,7,90,-83
107900136,40,31,9
107900137,102,93,9
107900138,99,23,76
107900139,143,36,107
107900141,10,21,-11
107900142,24,369,-345
107900143,61,15,46
107900144,1,59,-58
107900145,14,51,-37
107900146,33,88,-55
107900147,27,37,-10
107900148,126,66,60
107900149,346,69,277
107900150,13,181,-168
107900151,41,17,24
107900152,14,53,-39
107900153,83,289,-206
107900154,45,28,17
107900155,81,76,5
107900156,2,61,-59
107900157,21,36,-15
107900158,971,31,940
107900159,25,234,-209
107900160,203,73,130
107900161,66,31,35
107900162,0,26,-26
107900163,9,80,-71
107900164,35,28,7
107900165,26,142,-116
107900166,38,35,3
107900167,9,60,-51
107900168,73,15,58
107900169,2,710,-708
107900171,2,220,-218
107900172,0,101,-101
107900173,31,56,-25
107900174,167,3,164
107900175,3,68,-65
107900176,88,26,62
107900177,0,72,-72
107900178,0,90,-90
107900179,21,60,-39
107900180,453,1061,-608
107900181,151,147,4
107900182,1,216,-215
107900183,55,33,22
107900184,94,86,8
107900185,198,7,191
107900186,18,26,-8
107900187,0,57,-57
107900188,341,86,255
107900189,23,106,-83
107900190,36,149,-113
107900191,53,70,-17
107900193,1,67,-66
107900194,206,13,193
107900195,921,193,728
107900196,158,33,125
107900197,148,414,-266
107900199,1,322,-321
107900201,84,22,62
107900203,33,33,0
107900204,166,118,48
107900206,463,543,-80
107900207,2,120,-118
107900208,23,131,-108
107900209,213,138,75
107900210,35,43,-8
107900213,214,262,-48
107900214,29,23,6
107900215,67,370,-303
107900216,68,31,37
107900217,32,73,-41
107900218,9,1109,-1100
107900219,23,30,-7
107900220,36,193,-157
107900221,87,98,-11
107900223,174,115,59
107900224,68,378,-310
107900225,1,275,-274
107900226,38,56,-18
107900227,80,171,-91
107900228,63,72,-9
107900229,0,50,-50
107900230,43,20,23
107900231,11,56,-45
107900232,170,50,120
107900233,20,58,-38
107900234,132,100,32
107900235,8,48,-40
107900236,384,42,342
107900237,6,162,-156
107900238,51,23,28
107900239,175,510,-335
107900240,68,34,34
107900241,8,17,-9
107900242,14,55,-41
107900243,0,31,-31
107900244,377,3,374
107900245,910,17,893
107900246,251,22,229
107900248,444,71,373
107900249,1062,97,965
107900250,1,172,-171
107900251,27,568,-541
107900252,825,36,789
107900253,251,22,229
107900254,60,187,-127
107900255,125,85,40
107900256,448,957,-509
107900257,244,126,118
107900258,180,94,86
107900259,32,3194,-3162
107900261,4,155,-151
107900262,33,40,-7
107900264,622,51,571
107900265,72,63,9
107900267,402,7,395
107900268,10,1,9
107900269,0,0,0
107900270,0,0,0
107900271,13,36,-23
107900272,30,40,-10
107900273,63,68,-5
107900274,233,0,233
107900275,41,0,41
107900276,0,33,-33
107900277,0,79,-79
107900278,476,131,345
107900279,49,68,-19
107900280,2110,1168,942
107900281,507,5122,-4615
107900282,51,837,-786
107900283,567,786,-219
107900284,764,176,588
107900285,130,28,102
107900286,24,50,-26
107900287,357,158,199
107900290,2,374,-372
107900291,490,20,470
107900292,145,64,81
107900293,47,130,-83
107900295,68,22,46
107900297,1,200,-199
107900298,379,310,69
107900299,1220,2575,-1355
107900301,692,746,-54
107900302,97,32,65
107900303,249,131,118
107900304,489,72,417
107900305,332,18,314
107900306,4,47,-43
107900307,31,151,-120
107900308,159,134,25
107900309,41,0,41
107900310,43,2,41
107900311,4,325,-321
107900312,57,0,57
107900313,1,171,-170
107900314,1,87,-86
107900315,3,45,-42
107900316,31,0,31
107900317,74,7,67
107900318,3,196,-193
107900319,8,45,-37
107900320,5,40,-35
107900321,239,3,236
107900322,3,48,-45
107900323,7,55,-48
107900324,66,0,66
107900325,160,1,159
107900326,473,61,412
107900327,3,132,-129
107900328,22,0,22
107900329,66,201,-135
107900330,6,80,-74
107900331,559,8,551
107900332,582,19,563
107900333,75,23,52
107900334,2,39,-37
107900335,28,56,-28
107900336,46,78,-32
107900337,392,1071,-679
107900338,6,49,-43
107900339,0,9,-9
107900340,0,90,-90
107900341,60,0,60
107900342,116,80,36
107900343,34,6,28
107900344,13,21,-8
107900345,101,45,56
107900346,20,1,19
107900347,10,2,8
107900348,1,5,-4
107900349,17,8,9
107900350,9,91,-82
107900351,4,45,-41
107900352,3,15,-12
107900353,8,6,2
107900354,11,21,-10
108000001,4113,3547,566
108000002,1754,1431,323
108000003,2823,3434,-611
108000004,8524,9185,-661
108000005,6790,5405,1385
108000006,3624,3697,-73
108000007,4697,4468,229
108000008,2773,3247,-474
108000009,4867,5309,-442
108000010,2083,2710,-627
108000011,11992,10835,1157
108000012,7831,7660,171
108000014,487,1032,-545
108000015,905,183,722
108000016,249,556,-307
108000017,1198,314,884
108000018,1809,554,1255
108000019,925,711,214
108000020,1161,425,736
108000021,228,1031,-803
108000022,294,601,-307
108000023,1396,290,1106
108000024,397,243,154
108000025,402,133,269
108000026,1073,213,860
108000027,854,223,631
108000028,1100,157,943
108000029,835,361,474
108000030,511,100,411
108000031,196,267,-71
108000032,2288,572,1716
108000033,583,526,57
108000034,1769,559,1210
108000035,519,1119,-600
108000036,347,584,-237
108000037,2299,295,2004
108000038,3388,482,2906
108000039,448,1082,-634
108000040,2142,908,1234
108000041,452,1461,-1009
108000042,455,106,349
108000043,312,117,195
108000044,805,90,715
108000045,340,131,209
108000046,1980,294,1686
108000047,308,410,-102
108000048,74,158,-84
108000049,1043,144,899
108000050,73,359,-286
108000051,452,211,241
108000052,109,329,-220
108000053,523,287,236
108000054,309,680,-371
108000055,1092,804,288
108000056,636,1161,-525
108000057,696,1598,-902
108000058,1837,4134,-2297
108000059,1565,1204,361
108000060,253,1019,-766
108000061,219,269,-50
108000062,1273,541,732
108000063,376,307,69
108000064,304,169,135
108000065,552,318,234
108000066,1311,719,592
108000067,2155,748,1407
108000068,1044,430,614
108000069,168,465,-297
108000070,2293,783,1510
108000071,446,806,-360
108000072,1649,770,879
108000073,727,769,-42
108000074,679,384,295
108000075,310,358,-48
108000076,1057,522,535
108000077,485,273,212
108000078,2402,785,1617
108000079,457,610,-153
108000080,1826,356,1470
108000081,479,631,-152
108000082,613,1018,-405
108000083,1933,941,992
108000084,382,613,-231
108000085,1264,564,700
108000086,423,360,63
108000087,212,2369,-2157
108000088,940,230,710
108000089,362,306,56
108000091,194,328,-134
108000092,207,59,148
108000093,218,277,-59
108000094,648,103,545
108000095,208,198,10
108000096,411,148,263
108000097,152,224,-72
108000098,2058,858,1200
108000099,1157,221,936
108000100,208,550,-342
108000101,1490,1559,-69
108000102,1426,3851,-2425
108000106,1029,0,1029
108000107,1,583,-582
108000108,605,77,528
108000109,4,430,-426
108000110,439,226,213
108000111,215,432,-217
108000112,71,166,-95
108000113,324,165,159
108000115,220,215,5
108000117,305,376,-71
108000118,339,2306,-1967
108000119,386,180,206
108000120,141,921,-780
108000121,178,302,-124
108000122,688,300,388
108000123,695,128,567
108000124,396,301,95
108000125,825,121,704
108000126,264,201,63
108000127,705,204,501
108000128,677,176,501
108000129,415,332,83
108000130,598,158,440
108000131,848,495,353
108000132,565,634,-69
108000133,1214,502,712
108000134,467,259,208
108000135,1142,650,492
108000136,236,357,-121
108000137,667,188,479
108000138,498,398,100
108000139,636,147,489
108000140,336,24,312
108000141,52,46,6
108000142,43,39,4
108000143,57,167,-110
108000144,662,46,616
108000145,49,6,43
108000146,1021,49,972
108000147,56,8,48
108000148,863,48,815
108000149,23,10,13
108000150,118,6,112
108000151,50,37,13
108000152,110,247,-137
108000153,928,96,832
108000154,51,1,50
108000155,71,25,46
108000156,452,297,155
108000157,167,1888,-1721
108000158,91,1022,-931
108000159,310,318,-8
108000160,1357,1395,-38
108000161,1168,3913,-2745
108000165,1,327,-326
108000172,0,324,-324
108000173,548,2318,-1770
108000175,803,105,698
108000178,356,276,80
108000179,155,1060,-905
108000181,149,31,118
108000182,114,61,53
108000183,12,165,-153
108000184,572,3636,-3064
108000185,280,184,96
108000186,534,133,401
108000187,161,153,8
108000188,855,120,735
108000189,1068,12736,-11668
108000190,25,60,-35
108000192,256,139,117
108000193,283,5,278
108000194,83,38,45
108000195,2,388,-386
108000196,166,93,73
108000198,900,100,800
108000199,1,393,-392
108000200,482,200,282
108000203,158,200,-42
108000204,193,88,105
108000205,149,151,-2
108000339,698,342,356
108000364,157,535,-378
108000365,62,232,-170
108000367,182,123,59
108000368,6,55,-49
108000369,378,146,232
108000371,1,522,-521
108000372,798,6,792
108000373,194,85,109
108000376,156,45,111
108000377,784,127,657
108000378,7657,12222,-4565
108000379,47,179,-132
108000381,143,10,133
108000382,164,0,164
108000383,0,230,-230
108900001,33,260,-227
108900002,167,96,71
108900003,183,426,-243
108900004,303,475,-172
108900007,385,112,273
108900008,135,79,56
108900009,156,102,54
108900010,402,105,297
108900011,955,204,751
108900012,473,231,242
108900013,176,159,17
108900014,28,52,-24
108900015,0,142,-142
108900016,2,202,-200
108900017,174,483,-309
108900018,200,180,20
108900019,31,251,-220
108900020,39,84,-45
108900021,168,109,59
108900022,122,8,114
108900023,10,42,-32
108900024,86,40,46
108900025,307,31,276
108900026,15,31,-16
108900027,0,14,-14
108900028,102,70,32
108900029,72,167,-95
108900030,0,24,-24
108900031,204,89,115
108900032,5,100,-95
108900033,1,43,-42
108900034,0,73,-73
108900035,215,318,-103
108900038,0,54,-54
108900039,0,124,-124
108900040,9,36,-27
108900041,2506,3196,-690
108900042,3,277,-274
108900043,33,169,-136
108900044,0,102,-102
108900045,114,116,-2
108900046,16,173,-157
108900047,4,265,-261
108900048,88,286,-198
108900049,995,2347,-1352
108900050,0,58,-58
108900051,1,84,-83
108900052,30,71,-41
108900053,44,343,-299
108900054,46,89,-43
108900055,12,275,-263
108900056,11,63,-52
108900057,1,32,-31
108900058,35,97,-62
108900059,872,49,823
108900060,97,168,-71
108900061,66,22,44
108900062,0,86,-86
108900063,7,75,-68
108900064,355,9,346
108900065,5,79,-74
108900066,620,138,482
108900067,8,118,-110
108900068,12,51,-39
108900069,94,38,56
108900070,28,30,-2
108900071,158,56,102
108900072,952,418,534
108900073,72,110,-38
108900074,424,52,372
108900075,22,20,2
108900076,562,36,526
108900077,50,142,-92
108900078,53,34,19
108900079,209,77,132
108900080,21,947,-926
108900081,25,195,-170
108900082,141,34,107
108900083,14,270,-256
108900085,770,118,652
108900086,241,104,137
108900087,43,123,-80
108900088,744,372,372
108900089,27,237,-210
108900090,94,73,21
108900091,162,36,126
108900092,509,250,259
108900093,74,107,-33
108900094,298,99,199
108900095,24,109,-85
108900096,206,3,203
108900097,301,76,225
108900098,806,913,-107
108900099,559,67,492
108900100,56,80,-24
108900101,238,284,-46
108900102,47,1412,-1365
108900103,168,180,-12
108900105,7,1896,-1889
108900106,522,106,416
108900108,406,25,381
108900109,659,74,585
108900110,184,125,59
108900111,537,180,357
108900113,50,60,-10
108900114,106,12,94
108900115,156,86,70
108900116,99,9,90
108900117,293,20,273
108900118,889,36,853
108900119,390,23,367
108900120,293,182,111
108900121,269,129,140
108900122,213,16,197
108900123,223,107,116
108900124,973,208,765
108900125,795,7,788
108900126,264,43,221
108900127,333,15,318
108900128,312,57,255
108900129,1186,189,997
108900130,586,2,584
108900131,516,6,510
108900132,631,49,582
108900133,470,45,425
108900134,1045,114,931
108900135,285,5,280
108900136,43,2,41
108900137,241,9,232
108900138,1237,63,1174
108900140,565,68,497
108900141,615,4,611
108900142,86,16,70
108900143,130,0,130
108900144,125,4,121
108900145,373,22,351
108900146,120,1,119
108900147,242,0,242
108900148,98,7,91
108900150,244,14,230
108900151,64,6,58
108900152,247,36,211
108900153,266,109,157
108900154,4872,401,4471
108900156,74,2,72
108900157,13,181,-168
108900158,481,38,443
108900159,41,96,-55
108900160,20,128,-108
108900161,37,144,-107
108900162,228,2,226
108900163,9,375,-366
108900164,61,37,24
108900168,2821,2463,358
108900169,103,126,-23
108900171,1887,3378,-1491
108900172,170,49,121
108900173,89,197,-108
108900174,1269,384,885
108900176,132,190,-58
108900177,2301,7974,-5673
108900178,1702,4550,-2848
108900180,110,293,-183
108900183,146,191,-45
108900184,520,193,327
108900185,77,226,-149
108900186,51,199,-148
108900189,395,87,308
108900190,86,1101,-1015
108900192,66,173,-107
108900195,103,54,49
108900196,38,182,-144
108900199,174,236,-62
108900200,594,254,340
108900201,283,799,-516
108900203,479,177,302
108900204,454,14,440
108900205,337,32,305
108900206,384,80,304
108900207,252,233,19
108900208,7,204,-197
108900209,196,243,-47
108900210,115,123,-8
108900211,214,634,-420
108900212,154,1672,-1518
108900215,68,313,-245
108900216,176,301,-125
108900217,66,1,65
108900218,31,8,23
108900221,35,56,-21
108900224,23,127,-104
108900225,0,173,-173
108900227,191,423,-232
108900230,98,133,-35
108900232,0,93,-93
108900233,469,126,343
108900234,283,122,161
108900235,142,201,-59
108900236,43,130,-87
108900240,139,75,64
108900241,50,38,12
108900245,2,1704,-1702
108900250,244,78,166
108900258,2,84,-82
108900259,41,21,20
108900260,4,40,-36
108900261,38,46,-8
108900262,77,138,-61
108900263,44,170,-126
108900264,147,356,-209
108900265,694,567,127
108900266,257,1313,-1056
108900267,4,258,-254
108900268,19,23,-4
108900269,198,26,172
108900270,189,16,173
108900271,66,18,48
108900272,335,16,319
108900273,311,997,-686
108900274,100,37,63
109000001,2897,2227,670
109000002,750,2050,-1300
109000003,3456,528,2928
109000004,598,1556,-958
109000005,2335,772,1563
109000006,747,1438,-691
109000007,2030,718,1312
109000008,657,1199,-542
109000009,3383,1230,2153
109000010,842,2255,-1413
109000011,4531,2186,2345
109000012,1493,2006,-513
109000013,4819,4103,716
109000014,1694,1682,12
109000015,3734,10191,-6457
109000016,4175,1939,2236
109000017,3337,1222,2115
109000018,1064,1653,-589
109000019,2902,1521,1381
109000020,981,1626,-645
109000023,268,24,244
109000024,6,140,-134
109000025,303,699,-396
109000026,556,289,267
109000027,106,497,-391
109000028,123,47,76
109000029,77,380,-303
109000030,22,329,-307
109000031,273,147,126
109000032,166,347,-181
109000033,445,192,253
109000034,44,75,-31
109000035,11,80,-69
109000036,47,254,-207
109000037,345,2592,-2247
109000038,283,240,43
109000039,1196,793,403
109000040,2726,13054,-10328
109000041,1520,2484,-964
109000042,439,1397,-958
109000044,408,98,310
109000045,88,309,-221
109000046,506,98,408
109000047,51,337,-286
109000048,509,268,241
109000049,270,370,-100
109000050,363,247,116
109000051,139,106,33
109000052,540,446,94
109000053,334,115,219
109000054,516,373,143
109000055,331,481,-150
109000056,352,248,104
109000057,867,367,500
109000058,371,120,251
109000059,308,1197,-889
109000060,193,530,-337
109000061,433,1345,-912
109000062,140,441,-301
109000063,173,92,81
109000064,410,107,303
109000065,216,134,82
109000066,567,38,529
109000067,88,161,-73
109000068,851,3,848
109000069,691,30,661
109000070,75,1287,-1212
109000071,462,72,390
109000072,110,199,-89
109000073,91,75,16
109000074,27,100,-73
109000075,61,232,-171
109000076,164,350,-186
109000077,320,143,177
109000078,153,174,-21
109000079,94,74,20
109000080,415,110,305
109000081,172,244,-72
109000082,1284,122,1162
109000083,313,317,-4
109000088,135,228,-93
109000089,245,77,168
109000090,161,221,-60
109000091,399,178,221
109000092,279,266,13
109000093,410,164,246
109000094,981,6,975
109000095,202,205,-3
109000096,965,261,704
109000097,84,108,-24
109000098,55,97,-42
109000099,705,126,579
109000100,294,416,-122
109000101,1578,433,1145
109000102,504,437,67
109000103,721,386,335
109000104,2310,340,1970
109000105,467,722,-255
109000106,2114,403,1711
109000107,452,1065,-613
109000108,2295,482,1813
109000109,422,878,-456
109000110,1341,487,854
109000111,579,1494,-915
109000112,251,97,154
109000113,306,101,205
109000114,181,290,-109
109000115,949,72,877
109000116,17,207,-190
109000117,308,27,281
109000118,8,176,-168
109000119,1620,110,1510
109000120,294,263,31
109000121,657,39,618
109000122,196,244,-48
109000123,84,49,35
109000124,895,182,713
109000125,915,214,701
109000126,557,305,252
109000127,1335,152,1183
109000128,634,565,69
109000129,2857,558,2299
109000130,338,676,-338
109000131,942,757,185
109000132,424,978,-554
109000133,246,435,-189
109000134,544,661,-117
109000135,540,963,-423
109000136,226,189,37
109000137,346,250,96
109000138,536,128,408
109000139,556,224,332
109000140,215,125,90
109000141,735,257,478
109000142,189,383,-194
109000143,129,90,39
109000145,127,424,-297
109000146,48,62,-14
109000148,1252,1397,-145
109000149,15,92,-77
109000150,126,237,-111
109000155,1166,624,542
109000156,766,354,412
109000158,79,170,-91
109000159,49,308,-259
109000160,1226,131,1095
109000161,612,574,38
109000162,2144,400,1744
109000163,1345,1011,334
109000164,1574,1532,42
109000165,1583,456,1127
109000166,1203,64,1139
109000167,152,261,-109
109000170,75,47,28
109000171,125,61,64
109000172,18,60,-42
109000173,23,108,-85
109000174,277,29,248
109000175,99,35,64
109000176,511,131,380
109000177,24,70,-46
109000178,996,178,818
109000179,2216,5565,-3349
109000180,2456,2800,-344
109000181,16,10,6
109000182,38,8,30
109000183,88,16,72
109000184,78,20,58
109000185,44,7,37
109000188,474,731,-257
109000189,2492,533,1959
109000190,767,412,355
109000191,391,375,16
109000192,620,79,541
109000193,302,88,214
109000194,372,42,330
109000195,147,97,50
109000196,348,50,298
109000197,142,197,-55
109000198,413,38,375
109000199,164,217,-53
109000206,168,38,130
109000207,225,41,184
109000208,101,129,-28
109000209,204,189,15
109000210,134,317,-183
109000211,1023,302,721
109000214,518,140,378
109000215,170,62,108
109000216,366,289,77
109000217,179,149,30
109000218,239,199,40
109000221,217,570,-353
109000222,695,191,504
109000223,501,316,185
109000224,69,66,3
109000225,181,18,163
109000226,69,151,-82
109000227,1762,354,1408
109000228,1,1439,-1438
109000231,7,116,-109
109000232,588,108,480
109000236,173,407,-234
109000241,1804,1152,652
109000242,1626,603,1023
109000293,19,44,-25
109000361,141,197,-56
109000364,74,278,-204
109000396,2,228,-226
109000397,797,17,780
109000399,119,266,-147
109000400,108,135,-27
109000403,34,867,-833
109000406,681,41,640
109000407,362,137,225
109000408,0,258,-258
109000410,1032,212,820
109000411,312,43,269
109900001,151,0,151
109900002,944,17,927
109900003,470,1,469
109900004,323,67,256
109900005,25,1,24
109900006,539,143,396
109900007,1309,178,1131
109900008,0,25,-25
109900009,134,155,-21
109900010,651,37,614
109900011,36,32,4
109900012,367,203,164
109900013,406,143,263
109900014,513,42,471
109900015,169,105,64
109900016,209,6,203
109900017,236,277,-41
109900018,201,32,169
109900019,276,31,245
109900020,43,37,6
109900021,29,13,16
109900022,158,173,-15
109900023,25,2,23
109900024,27,1,26
109900025,29,38,-9
109900026,1,123,-122
109900027,28,49,-21
109900028,406,1918,-1512
109900029,3,122,-119
109900030,41,9,32
109900031,0,204,-204
109900032,6,212,-206
109900033,3,322,-319
109900034,47,6,41
109900035,27,28,-1
109900036,32,16,16
109900037,16,275,-259
109900038,102,195,-93
109900039,19,2,17
109900040,44,252,-208
109900041,60,124,-64
109900042,18,524,-506
109900044,66,104,-38
109900045,122,151,-29
109900046,193,49,144
109900047,179,197,-18
109900048,4,48,-44
109900049,14,19,-5
109900050,0,65,-65
109900051,1,15,-14
109900052,76,110,-34
109900053,0,65,-65
109900054,1001,127,874
109900055,86,82,4
109900056,33,353,-320
109900057,3,55,-52
109900058,0,61,-61
109900059,1203,84,1119
109900060,957,77,880
109900061,32,96,-64
109900062,0,47,-47
109900063,7,241,-234
109900064,585,170,415
109900065,47,84,-37
109900066,182,303,-121
109900067,1,65,-64
109900068,75,4,71
109900069,37,23,14
109900070,12,118,-106
109900071,6,5,1
109900072,3,80,-77
109900073,531,93,438
109900074,20,7,13
109900075,31,21,10
109900076,13,101,-88
109900077,49,15,34
109900078,45,158,-113
109900080,96,113,-17
109900081,11,191,-180
109900082,48,140,-92
109900083,32,50,-18
109900084,97,71,26
109900085,95,246,-151
109900086,141,597,-456
109900087,71,378,-307
109900089,844,159,685
109900090,198,455,-257
109900091,477,63,414
109900092,223,38,185
109900093,1243,128,1115
109900094,113,61,52
109900095,69,120,-51
109900096,146,7,139
109900097,171,4,167
109900098,687,28,659
109900099,454,4,450
109900100,63,0,63
109900101,758,4,754
109900102,447,15,432
109900103,29,30,-1
109900104,1117,171,946
109900105,639,36,603
109900106,348,30,318
109900107,558,44,514
109900108,163,87,76
109900109,54,58,-4
109900110,69,109,-40
109900111,99,291,-192
109900112,118,228,-110
109900113,853,569,284
109900114,749,1227,-478
109900115,204,57,147
109900117,1134,65,1069
109900118,98,206,-108
109900119,268,345,-77
109900120,101,24,77
109900121,316,382,-66
109900122,627,4,623
109900123,23,53,-30
109900124,47,170,-123
109900125,0,126,-126
109900126,280,11,269
109900128,346,32,314
109900130,2219,3079,-860
109900131,21,98,-77
109900132,21,149,-128
109900133,105,158,-53
109900134,46,100,-54
109900135,191,28,163
109900136,54,50,4
109900137,202,113,89
109900140,243,31,212
109900142,1516,192,1324
109900145,2,562,-560
109900146,185,45,140
109900148,28,72,-44
109900149,32,55,-23
109900150,3,26,-23
109900151,9,22,-13
109900152,0,30,-30
109900153,1,61,-60
109900154,59,0,59
109900155,80,34,46
109900157,59,140,-81
109900158,47,129,-82
109900159,149,53,96
109900160,124,71,53
109900161,248,103,145
109900162,344,192,152
109900163,232,150,82
109900164,53,186,-133
109900165,421,9,412
109900166,1,72,-71
109900167,166,183,-17
109900168,254,347,-93
109900169,216,64,152
109900170,307,1169,-862
109900171,272,76,196
109900172,314,421,-107
109900173,920,2880,-1960
109900174,47,101,-54
109900175,135,70,65
109900176,121,181,-60
109900177,35,80,-45
109900178,9,147,-138
109900179,15,9,6
109900180,14,10,4
110000001,639,478,161
110000002,455,702,-247
110000003,647,671,-24
110000004,400,483,-83
110000005,314,1925,-1611
110000006,218,239,-21
110000007,105,89,16
110000008,33,122,-89
110000009,40,30,10
110000010,33,107,-74
110000011,21,23,-2
110000012,587,205,382
110000013,104,729,-625
110000014,470,296,174
110000015,215,657,-442
110000016,183,1512,-1329
110000017,2250,288,1962
110000018,1750,218,1532
110000019,3,73,-70
110000020,601,189,412
110000021,232,314,-82
110000022,756,98,658
110000023,5,107,-102
110000024,416,327,89
110000025,644,6,638
110000026,7,191,-184
110000027,566,1209,-643
110000028,1108,548,560
110000029,517,527,-10
110000030,326,336,-10
110000031,381,214,167
110000032,793,284,509
110000033,218,124,94
110000034,495,424,71
110000035,639,344,295
110000036,1113,435,678
110000037,270,266,4
110000038,215,644,-429
110000039,902,4059,-3157
110000040,308,194,114
110000041,373,1981,-1608
110000042,79,376,-297
110000043,627,292,335
110000044,19,518,-499
110000045,147,105,42
110000046,3,51,-48
110000047,4,108,-104
110000048,2,33,-31
110000049,16,7,9
110000050,4,60,-56
110000051,25,8,17
110000052,69,32,37
110000053,26,9,17
110000054,119,636,-517
110000055,134,83,51
110000056,63,108,-45
110000057,329,503,-174
110000058,915,361,554
110000059,901,404,497
110000060,1100,838,262
110000061,435,532,-97
110000062,560,859,-299
110000063,119,250,-131
110000064,117,49,68
110000065,121,107,14
110000066,72,47,25
110000067,66,139,-73
110000068,361,58,303
110000069,464,32,432
110000071,349,32,317
110000073,40,2,38
110000075,16,66,-50
110000076,348,344,4
110000077,173,856,-683
110000078,84,19,65
110000080,251,370,-119
110000081,61,134,-73
110000082,57,313,-256
110000083,236,378,-142
110000084,1432,973,459
110000085,812,1178,-366
110000086,947,2275,-1328
110000087,33,49,-16
110000088,119,203,-84
110000089,343,42,301
110000090,178,152,26
110000091,770,159,611
110000092,55,29,26
110000093,74,36,38
110000094,338,137,201
110000095,161,585,-424
110000096,1220,1762,-542
110000097,795,1567,-772
110000098,1704,775,929
110000099,668,1291,-623
110000100,1416,209,1207
110000101,29,124,-95
110000102,109,39,70
110000104,391,201,190
110000105,36,249,-213
110000106,557,567,-10
110000107,161,306,-145
110000108,162,93,69
110000109,156,297,-141
110000110,1269,3508,-2239
110000111,2717,3067,-350
110000112,277,1195,-918
110000113,79,2639,-2560
110000114,314,670,-356
110000115,572,202,370
110000116,61,99,-38
110000117,372,138,234
110000118,625,212,413
110000119,307,178,129
110000120,328,169,159
110000121,89,259,-170
110000122,309,319,-10
110000123,587,516,71
110000124,3,452,-449
110000125,1098,3,1095
110000126,283,21,262
110000127,1253,70,1183
110000128,34,501,-467
110000129,1,283,-282
110000130,361,220,141
110000131,72,302,-230
110000132,1,321,-320
110000133,34,385,-351
110000134,37,265,-228
110000135,246,38,208
110000136,125,263,-138
110000137,749,305,444
110000138,839,448,391
110000139,1234,435,799
110000140,951,650,301
110000143,449,290,159
110000144,2385,2222,163
110000145,1444,1490,-46
110000146,1165,616,549
110000147,471,649,-178
110000148,648,147,501
110000151,531,1530,-999
110000152,522,544,-22
110000153,153,20,133
110000154,21,41,-20
110000155,545,3231,-2686
110000156,790,2273,-1483
110000157,1233,2306,-1073
110000160,383,309,74
110000161,237,141,96
110000166,642,73,569
110000167,964,576,388
110000168,919,501,418
110000169,878,296,582
110000170,213,53,160
110000171,576,119,457
110000172,239,443,-204
110000173,645,703,-58
110000174,139,467,-328
110000175,1051,45,1006
110000176,185,598,-413
110000177,247,1319,-1072
110000178,490,2104,-1614
110000179,1016,256,760
110000180,251,203,48
110000181,1033,329,704
110000182,351,84,267
110000183,4234,6780,-2546
110000184,223,2475,-2252
110000185,465,648,-183
110000186,562,728,-166
110000191,1411,126,1285
110000192,638,17,621
110000193,1207,10,1197
110000194,12,725,-713
110000195,641,136,505
110000196,572,81,491
110000197,104,61,43
110000198,113,57,56
110000199,50,88,-38
110000200,642,273,369
110000201,854,1045,-191
110000202,1080,482,598
110000203,417,416,1
110000204,8,136,-128
110000205,266,53,213
110000206,457,492,-35
110000207,1333,256,1077
110000208,148,222,-74
110000209,83,505,-422
110000210,1370,317,1053
110000211,881,450,431
110000212,405,1089,-684
110000213,320,65,255
110000214,466,45,421
110000215,162,120,42
110000216,166,121,45
110000217,539,65,474
110000218,248,120,128
110000219,524,49,475
110000220,60,125,-65
110000221,508,15,493
110000222,74,257,-183
110000223,8,260,-252
110000224,4,4,0
110000225,258,555,-297
110000226,326,70,256
110000227,924,740,184
110000228,388,73,315
110000229,0,67,-67
110000230,487,522,-35
110000231,232,192,40
110000232,156,171,-15
110000233,129,246,-117
110000234,385,994,-609
110000235,865,813,52
110000236,548,351,197
110000237,2254,1103,1151
110000238,1018,907,111
110000239,2031,744,1287
110000240,1,42,-41
110000242,0,11,-11
110000243,213,48,165
110000244,111,256,-145
110000245,26,208,-182
110000246,896,338,558
110000247,676,3151,-2475
110000248,943,1180,-237
110000249,52,4,48
110000250,36,190,-154
110000251,381,220,161
110000252,375,104,271
110000253,1553,383,1170
110000254,439,528,-89
110000255,124,583,-459
110000256,404,202,202
110000257,411,320,91
110000258,4,159,-155
110000259,213,29,184
110000260,35,119,-84
110000263,394,37,357
110000264,521,208,313
110000265,1252,1689,-437
110000266,835,1981,-1146
110000267,28,92,-64
110000268,232,246,-14
110000269,5,43,-38
110000270,94,7,87
110000271,1285,137,1148
110000272,1260,887,373
110000273,1455,1058,397
110000274,196,2037,-1841
110000275,1129,469,660
110000276,484,501,-17
110000277,353,350,3
110000278,500,603,-103
110000279,898,563,335
110000280,607,418,189
110000281,99,223,-124
110000282,180,25,155
110000283,54,35,19
110000284,14,24,-10
110000285,2,554,-552
110000286,5,0,5
110000287,114,3,111
110000288,5,50,-45
110000289,501,2592,-2091
110000290,419,456,-37
110000291,3077,928,2149
110000292,889,5095,-4206
110000293,659,422,237
110000294,1421,1104,317
110000295,212,522,-310
110000296,607,224,383
110000297,1932,219,1713
110000298,145,444,-299
110000299,84,55,29
110000301,273,19,254
110000302,557,548,9
110000303,443,9,434
110000304,243,195,48
110000305,1255,19,1236
110000306,216,667,-451
110000307,1685,4,1681
110000308,390,39,351
110000309,3,428,-425
110000310,964,30,934
110000311,14,412,-398
110000312,488,60,428
110000313,1375,1874,-499
110000314,3,204,-201
110000315,1409,1961,-552
110000316,420,885,-465
110000317,113,797,-684
110000318,4,84,-80
110000319,36,35,1
110000320,79,58,21
110000321,38,80,-42
110000322,269,156,113
110000323,491,112,379
110000324,2291,1295,996
110000325,1249,3273,-2024
110000327,249,263,-14
110000328,151,248,-97
110000333,819,813,6
110000334,417,1065,-648
110000335,547,348,199
110000336,646,812,-166
110000337,1907,484,1423
110000338,611,284,327
110000339,415,168,247
110000340,157,125,32
110000341,629,331,298
110000342,114,8,106
110000343,0,15,-15
110000344,65,256,-191
110000345,105,234,-129
110000346,1151,1326,-175
110000347,1305,585,720
110000348,37,15,22
110000349,62,11,51
110000350,84,3,81
110000351,1165,445,720
110000352,903,1353,-450
110000353,1906,363,1543
110000354,992,3511,-2519
110000355,91,56,35
110000356,833,13,820
110000357,503,16,487
110000361,8,16,-8
110000362,84,3,81
110000363,747,52,695
110000364,260,217,43
110000365,173,2,171
110000366,1,104,-103
110000367,391,121,270
110000368,6,49,-43
110000369,96,1,95
110000373,1,215,-214
110000374,76,31,45
110000375,99,969,-870
110000376,17,76,-59
110000377,86,377,-291
110000378,20,329,-309
110000379,1761,2355,-594
110000380,81,12,69
110000383,3,1087,-1084
110000384,570,615,-45
110000385,0,128,-128
110000387,63,3,60
110000388,45,161,-116
110000389,1091,49,1042
110000391,1018,118,900
110000396,256,49,207
110000397,201,54,147
110000398,4,24,-20
110000399,161,0,161
110000587,140,113,27
110000589,213,128,85
110000640,219,22,197
110000652,4,395,-391
110000653,339,236,103
110000654,12,609,-597
110000656,0,145,-145
110000674,21,16,5
110000675,25,32,-7
110000676,2,42,-40
110000679,134,1173,-1039
110000682,104,240,-136
110000683,134,443,-309
110000684,0,49,-49
110000685,9,6,3
110000686,6,46,-40
110000687,25,6,19
110000688,57,1440,-1383
110000689,77,14,63
110000692,19,115,-96
110000693,31,281,-250
110000694,2,89,-87
110000695,135,440,-305
110000696,65,44,21
110900001,377,13,364
110900002,307,382,-75
110900003,951,208,743
110900004,537,49,488
110900005,1150,3790,-2640
110900006,94,34,60
110900007,167,71,96
110900008,8,41,-33
110900009,374,270,104
110900010,15,31,-16
110900011,30,66,-36
110900012,15,38,-23
110900013,1181,115,1066
110900014,417,25,392
110900015,354,672,-318
110900016,101,51,50
110900017,689,56,633
110900018,343,40,303
110900019,354,10,344
110900020,223,109,114
110900021,123,321,-198
110900022,82,100,-18
110900023,30,424,-394
110900024,25,152,-127
110900025,8,41,-33
110900027,24,123,-99
110900028,30,90,-60
110900029,9,91,-82
110900030,32,52,-20
110900031,0,116,-116
110900032,0,30,-30
110900033,45,119,-74
110900035,13,407,-394
110900036,128,3,125
110900037,65,14,51
110900038,468,177,291
110900039,3,264,-261
110900040,281,12,269
110900041,25,27,-2
110900042,175,75,100
110900043,2,23,-21
110900044,173,13,160
110900045,92,116,-24
110900046,20,98,-78
110900047,229,397,-168
110900049,155,111,44
110900050,53,6,47
110900051,36,106,-70
110900052,8,100,-92
110900053,134,12,122
110900054,39,82,-43
110900055,22,3,19
110900056,20,90,-70
110900057,2,75,-73
110900058,285,113,172
110900059,442,120,322
110900060,406,175,231
110900061,4,52,-48
110900062,226,76,150
110900063,50,50,0
110900064,13,0,13
110900065,74,146,-72
110900066,7,23,-16
110900067,126,650,-524
110900068,197,128,69
110900069,11,7,4
110900070,121,39,82
110900071,231,815,-584
110900073,0,19,-19
110900074,562,90,472
110900075,444,41,403
110900077,1202,362,840
110900078,117,31,86
110900079,1143,1623,-480
110900080,258,53,205
110900081,15,14,1
110900082,214,49,165
110900083,125,30,95
110900084,95,19,76
110900085,33,141,-108
110900086,91,301,-210
110900087,407,66,341
110900088,4,2,2
110900090,80,82,-2
110900091,4,29,-25
110900093,253,71,182
110900095,62,10,52
110900097,15,38,-23
110900098,15,48,-33
110900099,27,264,-237
110900100,0,8,-8
110900102,90,3,87
110900105,946,117,829
110900108,18,13,5
110900111,333,65,268
110900112,787,15,772
110900113,243,82,161
110900115,3,43,-40
110900116,1175,501,674
110900118,54,3778,-3724
110900119,1199,158,1041
110900120,61,46,15
110900121,128,2,126
110900122,677,173,504
110900125,447,481,-34
110900127,362,1543,-1181
110900128,223,631,-408
110900129,158,1095,-937
110900130,372,764,-392
110900131,362,28,334
110900132,496,71,425
110900133,113,90,23
110900135,63,158,-95
110900136,487,28,459
110900138,0,0,0
110900139,2,0,2
110900140,0,0,0
110900141,299,391,-92
110900142,53,100,-47
110900143,195,73,122
110900144,0,164,-164
110900145,165,103,62
110900146,180,246,-66
110900147,53,348,-295
110900148,2,152,-150
110900149,0,49,-49
110900150,25,13,12
110900151,8,55,-47
110900152,40,50,-10
110900153,266,55,211
111000001,992,583,409
111000002,606,305,301
111000003,2100,995,1105
111000004,565,822,-257
111000005,1478,1625,-147
111000006,968,1734,-766
111000007,3787,4015,-228
111000008,2250,2491,-241
111000009,297,440,-143
111000010,950,229,721
111000011,193,712,-519
111000012,403,391,12
111000013,365,1018,-653
111000014,1552,459,1093
111000017,72,750,-678
111000018,120,346,-226
111000020,535,1146,-611
111000021,40,79,-39
111000023,112,45,67
111000025,3002,3587,-585
111000029,103,119,-16
111000030,40,120,-80
111000031,1470,739,731
111000032,614,323,291
111000033,223,146,77
111000034,34,261,-227
111000037,933,418,515
111000038,1724,925,799
111000039,1547,1283,264
111000040,1553,1340,213
111000041,555,595,-40
111000042,1620,1714,-94
111000043,2031,5098,-3067
111000044,1717,1024,693
111000045,1796,1430,366
111000046,2325,2050,275
111000047,3325,5548,-2223
111000049,292,348,-56
111000050,685,506,179
111000051,435,647,-212
111000052,466,1080,-614
111000053,261,517,-256
111000054,212,532,-320
111000055,1455,1206,249
111000056,211,320,-109
111000057,172,356,-184
111000058,778,70,708
111000059,759,209,550
111000060,4308,872,3436
111000061,811,235,576
111000062,1061,431,630
111000063,1593,1084,509
111000064,1039,489,550
111000065,1227,745,482
111000066,691,254,437
111000067,920,362,558
111000068,636,605,31
111000069,1121,1214,-93
111000070,750,471,279
111000071,186,334,-148
111000072,1501,636,865
111000073,371,1482,-1111
111000074,1503,1442,61
111000075,704,545,159
111000076,736,495,241
111000077,993,690,303
111000078,1896,890,1006
111000079,856,604,252
111000080,599,457,142
111000081,1448,4131,-2683
111000082,1023,566,457
111000084,848,299,549
111000085,976,820,156
111000086,1521,691,830
111000087,695,423,272
111000088,3538,3281,257
111000089,739,577,162
111000090,514,923,-409
111000091,676,275,401
111000092,1709,684,1025
111000093,888,1224,-336
111000094,1560,1243,317
111000095,738,2414,-1676
111000096,711,7336,-6625
111000097,2666,1058,1608
111000098,381,672,-291
111000099,417,985,-568
111000100,415,588,-173
111000101,315,486,-171
111000102,196,343,-147
111000104,668,124,544
111000107,201,320,-119
111000109,898,200,698
111000110,1484,548,936
111000111,3750,401,3349
111000112,2554,394,2160
111000113,912,2044,-1132
111000114,1302,4294,-2992
111000115,2815,868,1947
111000116,866,682,184
111000117,292,794,-502
111000118,832,606,226
111000119,1550,622,928
111000120,646,535,111
111000121,348,630,-282
111000122,581,638,-57
111000123,1086,1233,-147
111000124,484,1235,-751
111000125,267,507,-240
111000126,122,374,-252
111000127,1336,110,1226
111000128,3120,221,2899
111000129,3557,459,3098
111000130,2744,367,2377
111000131,2918,453,2465
111000132,2240,1392,848
111000133,244,86,158
111000134,155,71,84
111000135,70,131,-61
111000136,467,273,194
111000138,19,6,13
111000140,3,2,1
111000141,95,460,-365
111000142,5,176,-171
111000143,2,368,-366
111000144,52,1291,-1239
111000145,126,7,119
111000146,80,12,68
111000147,117,30,87
111000148,96,51,45
111000149,13,4,9
111000150,65,18,47
111000151,4,8,-4
111000153,477,544,-67
111000154,307,262,45
111000155,201,155,46
111000156,685,465,220
111000157,203,806,-603
111000158,748,945,-197
111000159,3110,852,2258
111000160,418,322,96
111000161,6,466,-460
111000162,15,86,-71
111000163,1004,547,457
111000164,401,2516,-2115
111000165,592,195,397
111000166,438,147,291
111000167,121,226,-105
111000168,271,239,32
111000169,281,339,-58
111000170,267,202,65
111000171,414,352,62
111000172,242,230,12
111000173,335,551,-216
111000174,321,133,188
111000175,51,235,-184
111000176,418,46,372
111000177,678,104,574
111000178,2073,138,1935
111000179,483,72,411
111000180,321,363,-42
111000181,2230,137,2093
111000182,302,91,211
111000183,213,187,26
111000184,382,147,235
111000185,427,216,211
111000186,322,124,198
111000187,284,82,202
111000188,383,260,123
111000189,330,424,-94
111000190,239,199,40
111000191,182,127,55
111000192,115,233,-118
111000193,317,163,154
111000194,75,202,-127
111000195,104,223,-119
111000196,102,86,16
111000197,674,124,550
111000198,733,91,642
111000199,333,122,211
111000200,752,297,455
111000201,923,140,783
111000202,429,176,253
111000203,535,342,193
111000204,348,1813,-1465
111000213,226,403,-177
111000214,1452,850,602
111000215,1325,720,605
111000217,1903,700,1203
111000218,1590,953,637
111000219,602,386,216
111000220,600,523,77
111000221,254,98,156
111000224,26,111,-85
111000225,446,289,157
111000226,119,2,117
111000227,41,2,39
111000228,18,622,-604
111000229,67,1330,-1263
111000230,170,111,59
111000231,988,252,736
111000232,758,532,226
111000233,1518,438,1080
111000234,259,552,-293
111000239,94,43,51
111000240,56,301,-245
111000241,51,131,-80
111000242,346,65,281
111000243,111,230,-119
111000244,740,100,640
111000245,1003,189,814
111000246,753,125,628
111000247,564,292,272
111000248,828,278,550
111000249,571,203,368
111000250,78,45,33
111000251,52,40,12
111000253,27,20,7
111000255,88,12,76
111000257,105,11,94
111000260,65,606,-541
111000261,1320,63,1257
111000271,41,221,-180
111000273,1978,839,1139
111000274,1698,2510,-812
111000275,158,53,105
111000276,269,704,-435
111000277,301,177,124
111000278,454,222,232
111000291,1750,10386,-8636
111000298,494,159,335
111000299,770,158,612
111000300,56,464,-408
111000302,377,55,322
111000303,150,85,65
111000312,40,45,-5
111000315,2,81,-79
111000320,92,222,-130
111000321,462,138,324
111000322,410,209,201
111000323,386,57,329
111000324,278,197,81
111000325,53,47,6
111000326,356,359,-3
111000327,335,284,51
111000328,712,713,-1
111000329,1,19,-18
111000330,68,8,60
111000331,15,8,7
111000332,1382,1502,-120
111000334,192,706,-514
111000335,1618,215,1403
111000337,1849,141,1708
111000338,77,50,27
111000339,814,82,732
111000340,238,402,-164
111000341,1754,796,958
111000342,44,846,-802
111000344,1122,570,552
111000345,63,100,-37
111000346,34,237,-203
111000347,213,9,204
111000350,231,73,158
111000351,138,255,-117
111000352,177,76,101
111000353,119,118,1
111000354,480,156,324
111000355,326,298,28
111000358,153,429,-276
111000360,222,119,103
111000361,166,61,105
111000546,691,297,394
111000547,468,287,181
111000548,200,245,-45
111000549,280,183,97
111000550,46,875,-829
111000551,404,166,238
111000552,358,181,177
111000907,783,11,772
111000908,70,0,70
111000916,2234,176,2058
111000917,46,244,-198
111000918,250,236,14
111000920,814,6,808
111000921,9,72,-63
111000922,751,129,622
111000924,37,242,-205
111000925,4256,2053,2203
111000926,1063,1312,-249
111000927,2723,4264,-1541
111000928,2218,1458,760
111000929,1883,1330,553
111000930,814,1194,-380
111000931,2016,2521,-505
111000932,2075,1187,888
111000933,3121,3088,33
111000934,1332,1799,-467
111000935,2667,925,1742
111000936,1019,1270,-251
111000937,1473,1270,203
111000938,1189,767,422
111000939,807,25,782
111000940,693,41,652
111000941,309,233,76
111000943,744,257,487
111000944,181,159,22
111000945,157,667,-510
111001109,500,883,-383
111001110,270,344,-74
111001111,96,8,88
111001112,61,1,60
111001113,0,182,-182
111001114,629,286,343
111001115,26,2022,-1996
111001116,1786,4559,-2773
111001117,315,2707,-2392
111001120,82,152,-70
111001121,144,124,20
111001122,299,148,151
111001123,457,85,372
111001124,153,68,85
111001125,2,360,-358
111001126,14,0,14
111001127,0,24,-24
111001128,1640,617,1023
111900001,2,51,-49
111900002,0,127,-127
111900003,1,108,-107
111900004,8,23,-15
111900006,17,95,-78
111900007,309,15,294
111900008,449,2,447
111900009,259,3,256
111900010,104,191,-87
111900012,25,42,-17
111900013,31,19,12
111900014,1685,6321,-4636
111900015,0,20,-20
111900016,0,24,-24
111900017,0,24,-24
111900018,292,8,284
111900019,0,79,-79
111900020,1,21,-20
111900021,16,34,-18
111900022,6,13,-7
111900023,52,41,11
111900024,99,24,75
111900025,4,8,-4
111900026,0,12,-12
111900027,3,39,-36
111900028,0,47,-47
111900029,0,20,-20
111900030,5,199,-194
111900031,14,15,-1
111900032,1,62,-61
111900033,4,59,-55
111900034,83,230,-147
111900035,95,157,-62
111900036,1,63,-62
111900038,86,221,-135
111900039,31,160,-129
111900040,1,118,-117
111900042,5,58,-53
111900043,0,98,-98
111900044,76,138,-62
111900046,13,36,-23
111900048,501,185,316
111900049,15,121,-106
111900050,105,21,84
111900051,4,118,-114
111900052,111,210,-99
111900053,427,2495,-2068
111900054,161,8,153
111900055,4,127,-123
111900056,107,458,-351
111900057,144,8,136
111900058,939,179,760
111900059,925,802,123
111900060,303,11,292
111900061,3,73,-70
111900062,30,91,-61
111900063,346,240,106
111900064,52,86,-34
111900065,142,24,118
111900066,237,160,77
111900067,0,197,-197
111900068,47,93,-46
111900069,83,16,67
111900070,304,77,227
111900071,1,106,-105
111900072,96,39,57
111900073,1289,228,1061
111900074,14,129,-115
111900075,126,8,118
111900076,351,91,260
111900077,38,1,37
111900078,563,59,504
111900079,69,71,-2
111900080,126,235,-109
111900082,260,79,181
111900083,301,37,264
111900084,328,8,320
111900085,35,118,-83
111900086,86,11,75
111900087,171,1,170
111900088,875,21,854
111900089,154,6,148
111900090,65,69,-4
111900091,679,9,670
111900092,185,13,172
111900093,595,6,589
111900094,162,1,161
111900095,464,33,431
111900096,370,2,368
111900097,120,2,118
111900098,332,6,326
111900099,123,0,123
111900100,218,9,209
111900101,153,37,116
111900102,837,218,619
111900103,57,47,10
111900104,142,32,110
111900105,287,213,74
111900106,254,11,243
111900110,973,221,752
111900111,179,33,146
111900112,380,4799,-4419
111900113,225,97,128
111900118,438,110,328
111900119,300,151,149
111900122,101,71,30
111900123,10,29,-19
111900124,16,16,0
111900125,685,71,614
111900126,356,3,353
111900127,0,153,-153
111900128,6,139,-133
111900129,355,5,350
111900130,168,48,120
111900131,847,3,844
111900132,11,349,-338
111900133,7,118,-111
111900134,3,91,-88
111900135,13,58,-45
111900136,45,184,-139
111900137,32,32,0
111900138,5,42,-37
111900139,17,49,-32
111900140,149,32,117
111900141,136,17,119
111900142,112,38,74
111900143,61,97,-36
111900144,0,27,-27
111900145,0,118,-118
111900146,3,62,-59
111900147,28,170,-142
111900148,21,316,-295
111900149,5,109,-104
111900150,17,79,-62
111900151,2,25,-23
111900152,80,89,-9
111900153,500,846,-346
111900154,37,656,-619
111900155,91,152,-61
111900156,136,89,47
111900157,333,31,302
111900158,782,92,690
111900159,476,53,423
111900160,353,2,351
111900161,354,3,351
111900162,154,276,-122
111900163,29,107,-78
111900164,110,42,68
111901113,643,45,598
111901114,219,293,-74
111901115,251,6,245
111901116,62,2,60
111901117,20,57,-37
111901118,14,461,-447
111901119,277,51,226
111901121,22,62,-40
111901122,0,95,-95
111901123,367,100,267
111901124,419,2,417
111901125,827,216,611
111901127,417,959,-542
111901128,10,64,-54
111901129,5,51,-46
111901130,3,81,-78
111901131,1,216,-215
111901132,127,60,67
111901133,64,0,64
111901134,167,5,162
111901135,109,27,82
111901136,9,37,-28
111901138,66,33,33
111901139,8,13,-5
111901140,5,21,-16
111901141,4,50,-46
111901142,2,49,-47
111901143,1,52,-51
111901144,42,44,-2
111901145,68,431,-363
111901146,62,9,53
111901147,198,331,-133
111901148,14,65,-51
111901149,27,4,23
111901150,78,3,75
111901151,0,0,0
112000001,2365,616,1749
112000002,844,1657,-813
112000003,2471,1012,1459
112000004,750,277,473
112000005,3777,4009,-232
112000006,783,645,138
112000007,4824,3251,1573
112000008,3236,4220,-984
112000009,2662,1310,1352
112000010,4116,5351,-1235
112000011,1608,1045,563
112000012,3499,5980,-2481
112000013,1738,3016,-1278
112000014,1207,3723,-2516
112000015,1553,3164,-1611
112000016,1810,3122,-1312
112000017,520,3750,-3230
112000024,861,425,436
112000026,1677,1638,39
112000027,550,770,-220
112000028,692,805,-113
112000029,770,765,5
112000030,118,24,94
112000031,1357,3926,-2569
112000032,95,20,75
112000033,1196,3536,-2340
112000034,90,25,65
112000035,29,949,-920
112000036,247,1404,-1157
112000037,597,863,-266
112000038,1040,1536,-496
112000039,120,59,61
112000040,38,102,-64
112000041,144,161,-17
112000042,582,259,323
112000050,1407,1088,319
112000051,1387,2468,-1081
112000054,1222,1274,-52
112000057,699,201,498
112000058,168,432,-264
112000059,412,757,-345
112000061,2090,950,1140
112000062,531,1268,-737
112000063,252,3535,-3283
112000064,2224,2898,-674
112000065,899,2108,-1209
112000066,3279,1714,1565
112000067,404,476,-72
112000068,3431,3336,95
112000069,481,1454,-973
112000070,1574,1180,394
112000071,936,1280,-344
112000072,2574,834,1740
112000073,1165,1517,-352
112000074,1238,1098,140
112000075,1341,1240,101
112000076,2836,1924,912
112000077,1107,348,759
112000078,2235,491,1744
112000079,1792,1148,644
112000080,818,503,315
112000081,737,1080,-343
112000082,1045,592,453
112000083,742,935,-193
112000084,1290,460,830
112000085,1468,681,787
112000086,1893,660,1233
112000087,711,218,493
112000088,1148,259,889
112000089,357,697,-340
112000090,342,163,179
112000091,519,432,87
112000092,2394,752,1642
112000093,1474,368,1106
112000094,872,667,205
112000095,867,417,450
112000096,766,631,135
112000097,1971,706,1265
112000098,412,425,-13
112000099,715,2054,-1339
112000100,2341,602,1739
112000101,610,337,273
112000102,1897,412,1485
112000103,396,327,69
112000105,514,511,3
112000106,2927,346,2581
112000107,179,86,93
112000108,569,667,-98
112000109,270,66,204
112000110,1978,567,1411
112000111,424,1683,-1259
112000112,2432,468,1964
112000113,653,775,-122
112000114,2599,684,1915
112000115,341,283,58
112000116,543,505,38
112000117,1007,480,527
112000118,698,552,146
112000119,380,533,-153
112000120,66,221,-155
112000121,205,230,-25
112000122,374,94,280
112000123,944,90,854
112000124,739,62,677
112000125,373,278,95
112000126,435,203,232
112000127,1969,2966,-997
112000128,470,498,-28
112000129,151,79,72
112000130,374,131,243
112000131,58,133,-75
112000132,218,190,28
112000133,382,117,265
112000134,452,274,178
112000135,1135,612,523
112000136,702,859,-157
112000137,1502,1741,-239
112000138,933,1009,-76
112000139,577,875,-298
112000140,254,920,-666
112000141,1096,579,517
112000142,140,315,-175
112000143,1645,273,1372
112000144,205,592,-387
112000145,3014,467,2547
112000146,560,861,-301
112000147,2941,1626,1315
112000148,933,988,-55
112000149,497,300,197
112000150,425,154,271
112000151,371,166,205
112000152,1001,225,776
112000153,117,195,-78
112000154,243,308,-65
112000155,148,133,15
112000157,447,1006,-559
112000158,353,206,147
112000159,792,139,653
112000167,401,203,198
112000169,229,658,-429
112000173,1160,216,944
112000175,436,187,249
112000176,702,1224,-522
112000177,1133,266,867
112000178,81,186,-105
112000179,399,53,346
112000180,502,311,191
112000181,1124,726,398
112000182,1851,455,1396
112000183,43,13,30
112000184,651,173,478
112000185,1139,219,920
112000187,3772,2497,1275
112000195,130,6,124
112000196,165,0,165
112000197,89,154,-65
112000198,30,229,-199
112000199,617,487,130
112000202,662,2,660
112000216,54,121,-67
112000230,200,4,196
112000231,2,94,-92
112000256,99,280,-181
112000313,52,30,22
112000314,56,101,-45
112000337,149,474,-325
112000352,117,291,-174
112000392,1881,823,1058
112000398,2074,673,1401
112000399,1258,6312,-5054
112000400,1022,988,34
112000401,1420,965,455
112000402,4353,5078,-725
112000403,1125,6140,-5015
112000404,1828,1637,191
112000405,3221,3874,-653
112000406,2422,1193,1229
112000407,9445,7491,1954
112000408,4469,2186,2283
112000409,1613,1821,-208
112000410,359,522,-163
112000411,1546,1605,-59
112000412,566,418,148
112000413,2977,8199,-5222
112000414,167,29,138
112000415,113,18,95
112000416,3964,1227,2737
112000417,339,76,263
112000421,94,32,62
112000422,251,158,93
112000424,864,3514,-2650
112000425,448,377,71
112000426,334,527,-193
112000427,3,28,-25
112000428,409,163,246
112000429,2308,1932,376
112000430,2748,3325,-577
112000431,138,163,-25
112000432,455,447,8
112000433,351,761,-410
112000437,91,72,19
112900001,133,1,132
112900002,856,215,641
112900003,91,96,-5
112900004,123,83,40
112900005,410,80,330
112900006,17,113,-96
112900007,39,53,-14
112900008,1,91,-90
112900009,721,183,538
112900010,616,297,319
112900011,58,202,-144
112900012,2,19,-17
112900013,3,131,-128
112900014,7,80,-73
112900015,98,508,-410
112900016,3,172,-169
112900017,29,71,-42
112900018,307,147,160
112900019,23,168,-145
112900020,256,668,-412
112900021,8,161,-153
112900022,13,18,-5
112900023,0,23,-23
112900024,11,91,-80
112900025,66,89,-23
112900026,2,35,-33
112900027,1,193,-192
112900028,14,59,-45
112900029,12,143,-131
112900030,55,30,25
112900031,1,111,-110
112900032,209,184,25
112900034,0,21,-21
112900035,2,107,-105
112900036,9,71,-62
112900037,332,282,50
112900038,723,64,659
112900039,21,97,-76
112900040,14,500,-486
112900041,360,1200,-840
112900042,65,165,-100
112900043,34,52,-18
112900044,223,176,47
112900045,83,159,-76
112900046,58,52,6
112900047,5,25,-20
112900049,520,48,472
112900050,18,369,-351
112900051,164,298,-134
112900052,7,239,-232
112900053,134,147,-13
112900054,156,77,79
112900055,80,42,38
112900056,399,271,128
112900057,33,190,-157
112900058,333,401,-68
112900059,124,344,-220
112900060,40,37,3
112900061,98,121,-23
112900062,116,82,34
112900063,38,21,17
112900064,85,235,-150
112900065,15,40,-25
112900066,204,249,-45
112900067,274,35,239
112900068,39,85,-46
112900069,1171,1308,-137
112900071,54,16,38
112900072,60,4158,-4098
112900073,521,143,378
112900074,95,376,-281
112900075,614,1650,-1036
112900076,27,36,-9
112900078,368,733,-365
112900079,304,27,277
112900080,183,11,172
112900081,89,411,-322
112900082,722,80,642
112900083,181,138,43
112900084,383,260,123
112900086,152,2,150
112900087,1661,135,1526
112900088,266,11,255
112900089,952,41,911
112900090,149,67,82
112900091,420,20,400
112900092,68,675,-607
112900093,1444,45,1399
112900095,81,1,80
112900096,627,155,472
112900097,120,162,-42
112900098,105,0,105
112900099,1199,36,1163
112900100,144,1,143
112900101,472,3,469
112900102,119,24,95
112900103,308,12,296
112900104,407,3,404
112900105,37,0,37
112900106,438,101,337
112900107,3,3,0
112900108,0,0,0
112900109,249,1,248
112900110,1837,29,1808
112900111,1306,10,1296
112900112,399,5,394
112900113,0,2,-2
112900114,348,15,333
112900115,1926,1,1925
112900116,130,44,86
112900117,59,38,21
112900118,12,122,-110
112900119,325,10,315
112900120,347,217,130
112900121,31,69,-38
112900122,10,78,-68
112900123,134,18,116
112900124,4,54,-50
112900125,26,376,-350
112900126,99,85,14
112900127,462,147,315
112900128,61,330,-269
112900129,1,297,-296
112900130,209,104,105
112900131,33,293,-260
112900132,106,257,-151
112900133,17,785,-768
112900134,0,163,-163
112900135,87,57,30
112900137,1,274,-273
112900138,8,64,-56
112900139,100,472,-372
112900141,920,27,893
112900142,58,285,-227
112900143,8,208,-200
112900144,3,226,-223
112900145,30,265,-235
112900146,7,352,-345
112900147,1,437,-436
112900148,66,3,63
112900149,214,298,-84
112900151,4,40,-36
112900152,2219,363,1856
112900153,419,3000,-2581
112900154,1,52,-51
112900155,219,10,209
112900156,508,380,128
112900157,689,29,660
112900158,89,4,85
112900159,162,256,-94
112900160,23,153,-130
112900161,228,59,169
112900162,12,23,-11
112900163,28,45,-17
112900164,66,186,-120
112900165,104,43,61
112900166,14,112,-98
112900167,3,154,-151
112900168,5,7,-2
112900169,6,20,-14
112900170,172,69,103
112900172,34,29,5
112900173,101,69,32
112900174,404,59,345
112900175,149,237,-88
112900176,12,62,-50
112900177,304,92,212
112900178,635,3628,-2993
112900179,36,251,-215
112900180,2263,983,1280
112900181,1117,4,1113
112900182,52,259,-207
112900183,87,236,-149
112900184,363,445,-82
112900185,93,562,-469
112900186,736,885,-149
112900187,61,576,-515
112900188,490,2645,-2155
112900189,8,16,-8
112900190,12,57,-45
112900192,578,618,-40
112900193,940,305,635
112900194,86,19,67
112900195,641,62,579
112900196,266,354,-88
112900197,81,244,-163
112900199,933,233,700
112900200,520,57,463
112900201,194,108,86
112900202,664,344,320
112900203,355,48,307
112900204,409,451,-42
112900205,11,7,4
112900206,26,37,-11
112900207,16,0,16
112900208,70,393,-323
112900209,164,279,-115
112900210,0,11,-11
112900211,77,3,74
112900212,0,43,-43
112900213,84,6,78
112900214,18,25,-7
112900215,10,39,-29
112900216,26,17,9
112900217,0,56,-56
112900218,114,19,95
112900219,166,9,157
112900220,1,0,1
112900221,39,59,-20
112900222,0,20,-20
112900223,941,19,922
112900224,583,225,358
112900225,574,148,426
112900226,121,344,-223
112900227,867,262,605
112900228,96,35,61
112900229,519,12,507
112900230,6699,2431,4268
112900232,300,295,5
112900233,88,90,-2
112900234,17,11,6
112900235,28,15,13
112900236,495,13,482
112900237,403,72,331
112900238,8,8,0
112900239,440,740,-300
112900240,10,11,-1
112900241,19,37,-18
112900242,10,84,-74
112900243,17,41,-24
112900244,17,31,-14
112900245,0,4,-4
112900246,0,6,-6
112900247,60,34,26
112900248,11,0,11
112900249,35,1,34
112900250,55,3,52
112900251,81,9,72
112900252,86,14,72
112900253,48,0,48
112900254,19,3,16
112900255,10,26,-16
112900256,4,29,-25
112900257,11,27,-16
112900258,64,6,58
113000001,5324,5230,94
113000002,4786,3577,1209
113000003,2008,1725,283
113000004,1815,2045,-230
113000005,1928,1345,583
113000006,1076,1502,-426
113000007,2309,1462,847
113000008,1806,1817,-11
113000009,1572,547,1025
113000010,1499,1007,492
113000011,1150,847,303
113000012,1377,582,795
113000013,789,546,243
113000014,759,1246,-487
113000015,92,137,-45
113000016,282,581,-299
113000017,22,382,-360
113000018,254,28,226
113000019,95,191,-96
113000020,306,57,249
113000021,1220,930,290
113000022,762,2429,-1667
113000025,203,330,-127
113000026,492,674,-182
113000027,453,1136,-683
113000028,333,1674,-1341
113000029,971,929,42
113000030,161,417,-256
113000031,123,182,-59
113000032,248,536,-288
113000033,238,337,-99
113000034,229,165,64
113000035,30,33,-3
113000036,15,65,-50
113000037,33,26,7
113000038,12,61,-49
113000039,49,200,-151
113000040,42,121,-79
113000042,704,510,194
113000051,1631,2494,-863
113000052,2147,511,1636
113000053,576,401,175
113000054,736,728,8
113000055,2070,389,1681
113000056,1659,938,721
113000058,500,848,-348
113000059,738,416,322
113000060,377,520,-143
113000061,509,701,-192
113000062,389,365,24
113000063,387,53,334
113000064,83,131,-48
113000065,230,319,-89
113000066,984,117,867
113000067,2947,791,2156
113000068,586,392,194
113000069,636,455,181
113000070,2754,727,2027
113000071,620,317,303
113000072,1327,352,975
113000073,290,1053,-763
113000074,852,342,510
113000075,1483,731,752
113000076,422,3637,-3215
113000077,647,1206,-559
113000078,425,1846,-1421
113000079,325,1273,-948
113000080,626,1158,-532
113000081,660,907,-247
113000082,879,781,98
113000083,654,759,-105
113000084,1896,844,1052
113000085,941,807,134
113000086,850,1143,-293
113000087,851,1391,-540
113000088,1552,1315,237
113000089,733,1900,-1167
113000090,164,673,-509
113000091,252,471,-219
113000094,1535,305,1230
113000095,205,751,-546
113000096,206,832,-626
113000097,1212,493,719
113000098,157,66,91
113000099,1217,587,630
113000100,147,387,-240
113000101,209,766,-557
113000102,692,888,-196
113000103,2491,294,2197
113000104,617,2612,-1995
113000105,911,404,507
113000106,440,210,230
113000107,999,888,111
113000108,875,683,192
113000109,521,1155,-634
113000110,5928,892,5036
113000111,281,626,-345
113000112,645,350,295
113000113,1338,394,944
113000114,309,1198,-889
113000116,537,258,279
113000117,991,133,858
113000118,53,635,-582
113000119,364,362,2
113000120,71,330,-259
113000121,430,1122,-692
113000124,395,124,271
113000125,29,1098,-1069
113000127,1639,174,1465
113000128,1245,200,1045
113000129,387,607,-220
113000133,2416,620,1796
113000134,7,1293,-1286
113000135,4452,4412,40
113000137,802,3415,-2613
113000139,320,226,94
113000140,49,116,-67
113000141,65,163,-98
113000142,183,517,-334
113000143,264,124,140
113000144,218,404,-186
113000145,110,128,-18
113000146,162,31,131
113000147,186,35,151
113000148,222,126,96
113000149,170,157,13
113000150,305,321,-16
113000151,31,26,5
113000152,57,173,-116
113000153,833,258,575
113000154,371,1340,-969
113000155,281,576,-295
113000156,193,248,-55
113000157,247,323,-76
113000158,422,230,192
113000159,853,391,462
113000160,590,339,251
113000161,316,145,171
113000162,840,190,650
113000163,196,51,145
113000164,27,30,-3
113000166,248,49,199
113000167,92,95,-3
113000168,110,101,9
113000169,238,38,200
113000170,145,75,70
113000171,49,79,-30
113000172,324,28,296
113000173,74,17,57
113000174,179,120,59
113000175,598,56,542
113000176,637,81,556
113000177,208,134,74
113000178,174,140,34
113000179,334,140,194
113000180,643,1250,-607
113000181,1118,606,512
113000182,128,343,-215
113000183,215,595,-380
113000184,28,105,-77
113000189,277,655,-378
113000190,164,244,-80
113000192,651,6538,-5887
113000193,1357,4915,-3558
113000194,783,3640,-2857
113000195,1037,3419,-2382
113000196,285,98,187
113000197,949,2730,-1781
113000198,136,294,-158
113000199,1515,297,1218
113000201,394,772,-378
113000202,13363,1592,11771
113000203,132,1263,-1131
113000204,500,8619,-8119
113000205,14,17,-3
113000206,8,65,-57
113000207,90,10,80
113000208,29,70,-41
113000209,10,16,-6
113000210,6,29,-23
113000211,82,464,-382
113000212,65,84,-19
113000213,19,60,-41
113000214,151,289,-138
113000234,236,635,-399
113000410,30,177,-147
113000411,1339,2387,-1048
113000412,4493,1498,2995
113000413,884,2975,-2091
113000414,3229,11179,-7950
113000415,1680,1354,326
113000416,2256,2110,146
113000417,993,1596,-603
113000418,4464,3506,958
113000419,1325,2275,-950
113000420,2025,5630,-3605
113000421,4431,6601,-2170
113000422,7574,8766,-1192
113000423,994,5597,-4603
113000424,1591,9828,-8237
113000425,29,89,-60
113000428,3,15,-12
113000430,5,42,-37
113000432,2611,218,2393
113000433,94,388,-294
113000434,11,102,-91
113000435,27,143,-116
113000436,40,799,-759
113000437,1362,26,1336
113000438,444,9,435
113000439,32,45,-13
113000440,180,37,143
113000441,217,125,92
113000442,230,41,189
113000443,394,78,316
113000444,342,32,310
113000445,135,53,82
113000446,65,78,-13
113000448,1219,287,932
113000449,120,976,-856
113000450,1208,2623,-1415
113000451,4886,422,4464
113000452,108,626,-518
113000453,54,1105,-1051
113000454,443,163,280
113000455,33,2346,-2313
113000456,1889,2196,-307
113000468,938,71,867
113000469,75,84,-9
113000470,692,23,669
113000471,6,355,-349
113000472,51,235,-184
113000474,1394,667,727
113000475,1103,887,216
113000476,2406,1816,590
113000477,4468,1785,2683
113000478,2770,2434,336
113000479,200,69,131
113000485,0,0,0
113000486,0,0,0
113000487,0,0,0
113000488,0,0,0
113000489,0,0,0
113000490,0,0,0
113000491,0,0,0
113000492,0,0,0
113000495,443,137,306
113000496,259,128,131
113000497,0,2,-2
113000499,0,0,0
113900001,31,3212,-3181
113900002,3,98,-95
113900003,7,296,-289
113900004,7,520,-513
113900005,11,951,-940
113900006,1,73,-72
113900007,43,2,41
113900008,22,2,20
113900009,125,5,120
113900010,77,10,67
113900011,153,1,152
113900012,96,4,92
113900013,83,6,77
113900014,764,2,762
113900015,0,23,-23
113900016,62,0,62
113900017,1,103,-102
113900018,132,277,-145
113900019,181,44,137
113900020,153,8,145
113900022,104,3,101
113900023,47,0,47
113900024,66,55,11
113900025,182,9,173
113900026,91,1,90
113900027,11,114,-103
113900028,39,153,-114
113900029,118,106,12
113900030,362,6,356
113900031,57,1,56
113900032,49,0,49
113900033,98,30,68
113900035,70,0,70
113900036,31,62,-31
113900037,271,171,100
113900038,33,187,-154
113900039,241,17,224
113900040,14,54,-40
113900041,16,21,-5
113900042,61,33,28
113900043,164,72,92
113900044,134,327,-193
113900045,111,0,111
113900046,307,1137,-830
113900047,134,76,58
113900048,94,110,-16
113900049,170,307,-137
113900050,286,392,-106
113900051,296,178,118
113900052,98,81,17
113900053,588,711,-123
113900054,41,0,41
113900055,133,377,-244
113900056,33,97,-64
113900057,10,29,-19
113900058,78,81,-3
113900059,311,155,156
113900060,72,169,-97
113900061,489,113,376
113900062,178,8,170
113900063,151,72,79
113900064,31,42,-11
113900065,520,10,510
113900066,617,141,476
113900067,270,102,168
113900068,497,878,-381
113900069,24,19,5
113900070,69,208,-139
113900071,93,37,56
113900072,65,58,7
113900073,451,310,141
113900074,194,181,13
113900075,851,2024,-1173
113900076,151,30,121
113900077,90,108,-18
113900078,46,33,13
113900079,4,12,-8
113900080,511,202,309
113900081,63,92,-29
113900082,153,205,-52
113900083,491,156,335
113900084,173,108,65
113900085,61,211,-150
113900086,66,6,60
113900087,109,66,43
113900088,112,102,10
113900089,377,47,330
113900090,520,249,271
113900091,12,9,3
113900092,12,96,-84
113900093,50,1099,-1049
113900094,626,270,356
113900095,153,229,-76
113900096,261,88,173
113900097,5,47,-42
113900098,1076,122,954
113900099,3,23,-20
113900100,0,1,-1
113900101,10,80,-70
113900102,85,130,-45
113900103,224,473,-249
113900104,115,299,-184
113900105,350,40,310
113900106,1,39,-38
113900107,3,4,-1
113900108,120,308,-188
113900109,239,236,3
113900110,34,38,-4
113900111,240,61,179
113900112,207,36,171
113900113,962,354,608
113900114,2,12,-10
113900115,0,29,-29
113900116,42,160,-118
113900117,31,44,-13
113900118,165,479,-314
113900119,101,400,-299
113900120,70,36,34
113900121,94,33,61
113900122,352,3455,-3103
113900123,433,224,209
113900124,0,77,-77
113900125,820,137,683
113900126,88,59,29
113900127,383,839,-456
113900128,228,57,171
113900129,14,166,-152
113900130,1,163,-162
113900131,274,39,235
113900132,30,107,-77
113900133,5,24,-19
113900135,324,356,-32
113900136,93,40,53
113900137,319,315,4
113900138,16,237,-221
113900139,246,251,-5
113900140,21,245,-224
113900141,666,190,476
113900142,126,30,96
113900143,13,45,-32
113900144,62,257,-195
113900145,388,115,273
113900146,188,69,119
113900148,49,318,-269
113900149,129,123,6
113900150,252,253,-1
113900151,414,119,295
113900152,52,48,4
113900153,78,359,-281
113900154,4,67,-63
113900155,60,165,-105
113900156,210,231,-21
113900157,53,304,-251
113900158,98,288,-190
113900159,6,177,-171
113900160,411,368,43
113900161,124,320,-196
113900162,135,575,-440
113900163,256,163,93
113900164,410,60,350
113900165,562,287,275
113900166,34,51,-17
113900167,351,19,332
113900168,65,44,21
113900169,182,175,7
113900171,195,47,148
113900172,6,56,-50
113900173,28,279,-251
113900174,413,366,47
113900175,231,192,39
113900176,260,198,62
113900177,364,143,221
113900178,254,191,63
113900179,22,224,-202
113900180,133,114,19
113900181,971,174,797
113900182,533,395,138
113900183,107,33,74
113900184,23,221,-198
113900185,111,37,74
113900186,46,12,34
113900187,38,121,-83
113900188,28,82,-54
113900189,311,272,39
113900190,176,71,105
113900191,48,100,-52
113900192,3,601,-598
113900193,14,69,-55
113900194,1156,485,671
113900195,214,373,-159
113900196,0,180,-180
113900197,0,69,-69
113900198,12,666,-654
113900199,43,435,-392
113900200,17,84,-67
113900201,0,64,-64
113900202,50,138,-88
113900203,0,43,-43
113900204,11,182,-171
113900205,3,36,-33
113900206,5,74,-69
113900207,1,40,-39
113900208,0,54,-54
113900209,0,16,-16
113900210,488,552,-64
113900211,189,99,90
113900212,207,242,-35
113900214,216,513,-297
113900215,157,81,76
113900216,154,391,-237
113900217,174,83,91
113900218,91,83,8
113900219,118,762,-644
113900220,102,194,-92
113900221,315,339,-24
113900222,76,570,-494
113900223,219,215,4
113900224,73,64,9
113900225,404,60,344
113900226,347,101,246
113900227,264,187,77
113900228,217,529,-312
113900229,34,895,-861
113900230,1537,2841,-1304
113900231,125,66,59
113900232,249,30,219
113900233,96,58,38
113900234,451,380,71
113900235,73,28,45
113900236,330,158,172
113900237,182,19,163
113900238,193,706,-513
113900239,40,224,-184
113900240,6,231,-225
113900241,59,98,-39
113900242,48,363,-315
113900243,26,275,-249
113900244,124,186,-62
113900245,549,330,219
113900246,12,23,-11
113900247,73,617,-544
113900248,2037,1500,537
113900249,397,561,-164
113900250,29,185,-156
113900251,1156,54,1102
113900252,1046,21,1025
113900253,700,44,656
113900254,605,202,403
113900255,690,9,681
113900256,476,22,454
113900257,14,282,-268
113900258,12,285,-273
113900259,787,78,709
113900260,304,7,297
113900261,15,28,-13
113900262,197,253,-56
113900263,22,336,-314
113900264,4,189,-185
113900265,91,266,-175
113900266,42,138,-96
113900267,65,956,-891
113900268,272,443,-171
113900269,174,114,60
113900270,110,475,-365
113900271,583,351,232
113900273,20,17,3
113900274,40,28,12
113900275,28,142,-114
113900276,0,100,-100
113900277,111,8,103
113900278,171,139,32
113900279,50,50,0
113900280,1206,540,666
113900281,201,1163,-962
113900282,282,302,-20
113900283,424,625,-201
113900284,909,65,844
113900285,103,45,58
113900286,35,41,-6
113900287,137,19,118
113900288,1,108,-107
113900289,272,152,120
113900290,262,428,-166
113900291,73,71,2
113900292,6,5,1
113900293,1,102,-101
113900294,662,6,656
113900295,431,353,78
113900296,1638,293,1345
113900297,2148,39,2109
113900298,27,1139,-1112
113900299,195,35,160
113900300,4385,4079,306
113900301,676,582,94
113900302,1081,1006,75
113900303,147,702,-555
113900304,1,69,-68
113900305,168,2,166
113900306,167,1,166
113900307,5,0,5
113900308,43,82,-39
113900309,0,260,-260
113900310,2,3,-1
113900311,17,1,16
113900312,121,203,-82
113900313,6,2,4
113900314,0,8,-8
113900315,96,3,93
114000001,801,1789,-988
114000002,426,243,183
114000003,324,452,-128
114000004,586,162,424
114000005,364,136,228
114000006,1092,1564,-472
114000007,539,926,-387
114000008,1308,2058,-750
114000009,1019,224,795
114000011,3012,1717,1295
114000012,3765,1149,2616
114000013,2217,842,1375
114000014,605,245,360
114000015,2171,128,2043
114000016,292,80,212
114000017,65,834,-769
114000018,80,19,61
114000026,2983,727,2256
114000027,4599,1824,2775
114000028,1959,3317,-1358
114000038,352,68,284
114000039,190,87,103
114000040,135,254,-119
114000042,246,174,72
114000043,265,124,141
114000044,482,64,418
114000045,55,37,18
114000046,1559,3711,-2152
114000047,4,94,-90
114000048,102,71,31
114000049,1422,1509,-87
114000050,1538,2043,-505
114000051,2434,2144,290
114000052,3034,2247,787
114000053,72,712,-640
114000054,157,641,-484
114000055,266,48,218
114000056,168,1237,-1069
114000057,3297,1734,1563
114000058,63,1132,-1069
114000059,15,500,-485
114000060,543,853,-310
114000061,2215,3663,-1448
114000062,340,1556,-1216
114000063,1127,1281,-154
114000064,1600,3639,-2039
114000065,904,1991,-1087
114000066,469,593,-124
114000067,6,782,-776
114000068,553,695,-142
114000069,841,645,196
114000070,1727,1747,-20
114000071,769,449,320
114000072,497,129,368
114000073,30,14,16
114000074,95,15,80
114000075,61,13,48
114000076,31,29,2
114000077,18,10,8
114000078,264,324,-60
114000079,239,15,224
114000080,61,58,3
114000081,100,72,28
114000082,31,238,-207
114000083,85,62,23
114000084,265,141,124
114000085,59,227,-168
114000086,257,146,111
114000087,210,34,176
114000088,66,30,36
114000089,348,208,140
114000090,838,1156,-318
114000091,774,944,-170
114000092,625,338,287
114000093,1199,568,631
114000094,460,339,121
114000095,197,175,22
114000096,35,128,-93
114000097,63,129,-66
114000098,596,95,501
114000099,1014,126,888
114000100,1733,293,1440
114000101,554,262,292
114000102,704,303,401
114000103,108,169,-61
114000104,37,164,-127
114000105,192,89,103
114000106,708,2001,-1293
114000107,755,104,651
114000108,758,788,-30
114000109,908,2798,-1890
114000110,345,600,-255
114000111,2464,1211,1253
114000112,302,1003,-701
114000113,2285,559,1726
114000114,528,628,-100
114000115,2753,1052,1701
114000116,1063,3812,-2749
114000117,4614,745,3869
114000118,3871,445,3426
114000119,2935,523,2412
114000120,546,555,-9
114000121,558,638,-80
114000122,431,370,61
114000123,2416,389,2027
114000124,1214,380,834
114000125,1085,824,261
114000126,1644,211,1433
114000127,244,106,138
114000128,1036,174,862
114000130,467,507,-40
114000131,343,105,238
114000132,529,345,184
114000133,434,910,-476
114000134,74,40,34
114000138,34,120,-86
114000139,407,511,-104
114000144,704,693,11
114000145,34,72,-38
114000146,100,57,43
114000147,1349,2665,-1316
114000148,962,1753,-791
114000149,247,479,-232
114000150,587,1324,-737
114000151,1097,3319,-2222
114000152,78,39,39
114000153,630,2117,-1487
114000154,624,699,-75
114000155,1105,2841,-1736
114000156,732,664,68
114000157,316,1593,-1277
114000158,1063,545,518
114000159,109,434,-325
114000160,54,565,-511
114000161,931,3169,-2238
114000162,1338,3110,-1772
114000163,31,38,-7
114000165,434,535,-101
114000166,567,521,46
114000167,1950,1274,676
114000168,339,261,78
114000169,953,1453,-500
114000170,1053,1456,-403
114000171,1349,9079,-7730
114000174,151,293,-142
114000176,235,479,-244
114000177,640,301,339
114000178,60,54,6
114000179,854,868,-14
114000180,240,268,-28
114000181,1344,5328,-3984
114000182,775,2293,-1518
114000183,461,560,-99
114000184,1768,485,1283
114000185,1216,583,633
114000189,1402,117,1285
114000190,3486,423,3063
114000191,94,271,-177
114000192,86,621,-535
114000193,208,839,-631
114000194,1401,572,829
114000195,255,133,122
114000196,0,60,-60
114000197,2156,19,2137
114000198,556,264,292
114000199,1356,1635,-279
114000200,411,768,-357
114000201,155,452,-297
114000202,712,385,327
114000203,819,492,327
114000204,103,437,-334
114000205,123,702,-579
114000206,724,995,-271
114000207,352,664,-312
114000208,437,964,-527
114000209,319,1042,-723
114000210,166,563,-397
114000211,1296,895,401
114000212,662,837,-175
114000213,1633,369,1264
114000214,65,61,4
114000215,218,61,157
114000216,1686,298,1388
114000217,474,146,328
114000218,303,77,226
114000219,1623,114,1509
114000220,32,322,-290
114000221,1175,161,1014
114000222,97,388,-291
114000223,731,162,569
114000224,37,302,-265
114000225,251,266,-15
114000226,219,169,50
114000227,947,474,473
114000228,869,403,466
114000229,1454,1017,437
114000230,1572,687,885
114000231,1204,1306,-102
114000232,1189,186,1003
114000233,2779,88,2691
114000234,1172,472,700
114000235,1320,979,341
114000236,0,218,-218
114000237,138,586,-448
114000238,120,244,-124
114000239,117,718,-601
114000240,770,861,-91
114000241,342,413,-71
114000242,644,464,180
114000243,1903,769,1134
114000244,473,252,221
114000245,476,777,-301
114000246,77,35,42
114000247,432,505,-73
114000248,1613,504,1109
114000249,534,372,162
114000250,788,281,507
114000251,384,115,269
114000252,74,14,60
114000253,30,68,-38
114000254,100,37,63
114000255,603,170,433
114000256,453,1900,-1447
114000257,465,745,-280
114000258,306,141,165
114000259,130,158,-28
114000260,0,27,-27
114000261,43,35,8
114000262,260,104,156
114000263,9,0,9
114000264,1179,236,943
114000265,0,1,-1
114000267,4,1621,-1617
114000268,2,385,-383
114000270,182,4,178
114000271,292,78,214
114000283,1330,250,1080
114000285,15,89,-74
114000288,152,217,-65
114000289,1938,195,1743
114000293,222,517,-295
114000294,184,226,-42
114000395,1156,12,1144
114000396,600,771,-171
114000402,938,184,754
114000403,359,223,136
114000405,279,178,101
114000423,425,97,328
114000424,424,102,322
114000425,1071,82,989
114000426,310,835,-525
114000427,133,61,72
114000428,60,197,-137
114000429,9,99,-90
114000432,142,32,110
114000434,28,48,-20
114000435,0,30,-30
114900001,692,263,429
114900002,355,115,240
114900003,932,299,633
114900004,197,425,-228
114900005,633,212,421
114900006,62,66,-4
114900007,304,30,274
114900008,249,121,128
114900010,948,1498,-550
114900011,228,120,108
114900013,302,91,211
114900018,1573,47,1526
114900020,147,83,64
114900022,21,602,-581
114900025,413,129,284
114900026,94,114,-20
114900029,189,24,165
114900030,262,182,80
114900031,651,47,604
114900032,546,30,516
114900034,34,43,-9
114900035,54,292,-238
114900036,159,245,-86
114900039,525,186,339
114900040,99,51,48
114900041,1118,149,969
114900042,1529,155,1374
114900044,227,54,173
114900047,300,3472,-3172
114900048,45,154,-109
114900049,32,83,-51
114900050,70,113,-43
114900051,30,135,-105
114900052,17,141,-124
114900053,34,122,-88
114900054,26,31,-5
114900057,185,15,170
114900058,0,35,-35
114900059,124,103,21
114900063,95,51,44
114900064,2364,152,2212
114900065,588,609,-21
114900067,25,316,-291
114900068,17,69,-52
114900069,120,40,80
114900070,621,160,461
114900072,0,164,-164
114900073,2,28,-26
114900074,945,145,800
114900075,346,8,338
114900076,3,119,-116
114900080,860,143,717
114900082,1728,2903,-1175
114900083,370,729,-359
114900090,434,192,242
114900091,95,101,-6
114900097,156,1,155
114900098,2,90,-88
114900099,294,7,287
115000001,3945,1813,2132
115000002,4080,5732,-1652
115000003,3665,1510,2155
115000004,5134,6005,-871
115000005,2010,1884,126
115000006,1279,1608,-329
115000007,613,216,397
115000008,493,559,-66
115000009,466,247,219
115000010,272,149,123
115000013,72,203,-131
115000015,16,375,-359
115000016,46,258,-212
115000019,40,466,-426
115000020,242,1090,-848
115000021,257,322,-65
115000022,462,196,266
115000023,321,498,-177
115000024,752,254,498
115000025,939,556,383
115000026,185,239,-54
115000027,368,194,174
115000028,153,546,-393
115000029,833,89,744
115000030,500,834,-334
115000031,887,207,680
115000032,3,196,-193
115000033,227,39,188
115000034,82,663,-581
115000035,912,93,819
115000036,0,297,-297
115000037,590,19,571
115000038,109,221,-112
115000039,3147,3797,-650
115000040,3026,2262,764
115000041,2056,4752,-2696
115000042,388,586,-198
115000043,4325,3040,1285
115000044,2806,2844,-38
115000045,2593,1025,1568
115000046,3364,2842,522
115000047,2980,1424,1556
115000048,2145,1497,648
115000049,1130,2462,-1332
115000050,3357,1290,2067
115000051,1574,4147,-2573
115000052,951,1318,-367
115000053,2731,2196,535
115000054,513,661,-148
115000055,153,822,-669
115000056,112,493,-381
115000057,514,1322,-808
115000058,177,377,-200
115000059,358,283,75
115000061,143,190,-47
115000062,244,317,-73
115000063,394,320,74
115000064,269,145,124
115000065,91,418,-327
115000067,249,45,204
115000069,129,240,-111
115000070,34,882,-848
115000071,55,15,40
115000072,18,65,-47
115000073,1304,84,1220
115000075,121,44,77
115000076,2003,1828,175
115000077,2113,1154,959
115000078,1601,619,982
115000079,1768,912,856
115000080,3467,1238,2229
115000081,331,527,-196
115000082,5186,4476,710
115000083,2127,915,1212
115000084,3393,989,2404
115000085,1201,573,628
115000086,1321,492,829
115000087,459,1265,-806
115000088,1673,626,1047
115000089,1330,902,428
115000090,421,915,-494
115000091,277,422,-145
115000092,1038,792,246
115000093,737,7,730
115000094,4361,7631,-3270
115000095,3422,6794,-3372
115000096,1150,731,419
115000097,2028,1192,836
115000098,1756,482,1274
115000099,2886,1286,1600
115000100,1547,303,1244
115000101,559,774,-215
115000102,666,290,376
115000103,345,470,-125
115000105,79,76,3
115000106,917,422,495
115000107,213,267,-54
115000108,1558,1735,-177
115000109,3269,5310,-2041
115000110,1236,1899,-663
115000111,397,991,-594
115000112,680,777,-97
115000113,436,697,-261
115000114,1206,414,792
115000116,2148,1884,264
115000117,1727,1844,-117
115000118,1872,1843,29
115000119,1530,1608,-78
115000120,736,1451,-715
115000121,572,614,-42
115000122,591,1410,-819
115000123,720,2014,-1294
115000124,627,993,-366
115000125,348,848,-500
115000126,95,446,-351
115000127,336,136,200
115000128,284,826,-542
115000129,197,494,-297
115000130,448,507,-59
115000131,953,197,756
115000132,427,395,32
115000133,791,273,518
115000134,374,273,101
115000135,246,183,63
115000136,271,173,98
115000137,64,198,-134
115000138,415,233,182
115000139,216,169,47
115000140,455,204,251
115000141,315,127,188
115000142,258,84,174
115000143,951,728,223
115000144,566,83,483
115000145,272,147,125
115000146,536,470,66
115000147,402,358,44
115000148,308,442,-134
115000149,891,232,659
115000150,606,359,247
115000151,1247,430,817
115000152,786,723,63
115000153,1376,430,946
115000154,916,265,651
115000155,701,879,-178
115000156,668,811,-143
115000157,342,1081,-739
115000158,150,416,-266
115000159,385,530,-145
115000160,304,360,-56
115000161,166,400,-234
115000162,399,866,-467
115000163,428,665,-237
115000164,545,861,-316
115000165,173,678,-505
115000167,84,83,1
115000168,416,596,-180
115000169,256,1062,-806
115000170,80,206,-126
115000171,168,514,-346
115000172,580,568,12
115000173,281,719,-438
115000174,57,386,-329
115000175,197,93,104
115000176,28,56,-28
115000177,53,84,-31
115000178,15,118,-103
115000179,21,30,-9
115000180,54,267,-213
115000181,840,120,720
115000182,1094,188,906
115000183,393,404,-11
115000186,607,145,462
115000187,159,362,-203
115000188,428,539,-111
115000189,234,260,-26
115000190,824,369,455
115000191,215,427,-212
115000194,87,150,-63
115000195,136,380,-244
115000196,226,101,125
115000197,254,162,92
115000198,618,116,502
115000199,593,107,486
115000200,412,135,277
115000201,244,206,38
115000206,349,23,326
115000207,175,180,-5
115000208,206,498,-292
115000209,685,311,374
115000210,139,114,25
115000211,260,217,43
115000212,1020,265,755
115000224,239,80,159
115000225,108,49,59
115000229,186,63,123
115000230,204,556,-352
115000231,364,673,-309
115000232,2792,287,2505
115000233,203,209,-6
115000234,39,316,-277
115000241,79,102,-23
115000242,203,105,98
115000243,79,89,-10
115000244,6,173,-167
115000246,106,43,63
115000247,68,36,32
115000248,66,6,60
115000249,7,22,-15
115000250,267,27,240
115000251,429,73,356
115000252,101,247,-146
115000253,13,457,-444
115000258,478,70,408
115000259,218,95,123
115000261,15,23,-8
115000262,23,59,-36
115000263,23,27,-4
115000264,26,21,5
115000267,62,67,-5
115000268,69,128,-59
115000269,89,62,27
115000270,3,27,-24
115000272,65,78,-13
115000273,648,47,601
115000280,1551,177,1374
115000281,201,644,-443
115000282,693,629,64
115000284,153,174,-21
115000296,648,7,641
115000297,78,115,-37
115000298,29,335,-306
115000300,180,136,44
115000302,683,85,598
115000303,1146,57,1089
115000304,856,70,786
115000305,98,268,-170
115000306,188,100,88
115000307,126,144,-18
115000308,27,36,-9
115000309,1,9,-8
115000310,1851,485,1366
115000311,1618,993,625
115000313,104,314,-210
115000314,719,284,435
115000315,1020,1204,-184
115000316,199,130,69
115000317,145,377,-232
115000318,763,261,502
115000319,76,240,-164
115000320,8,414,-406
115000321,209,15,194
115000322,63,138,-75
115000449,141,147,-6
115000557,3,1646,-1643
115000558,273,105,168
115000587,731,307,424
115000588,2128,2461,-333
115000589,3789,2534,1255
115000590,875,1672,-797
115000591,1301,851,450
115000592,401,1876,-1475
115000593,1483,849,634
115000594,269,2815,-2546
115000609,227,187,40
115000617,458,2160,-1702
115000624,414,25,389
115000633,224,1028,-804
115000634,2880,707,2173
115000635,766,150,616
115000638,266,349,-83
115000641,40,261,-221
115000642,200,152,48
115000643,108,249,-141
115000644,132,253,-121
115000646,686,1509,-823
115000647,157,406,-249
115000648,2704,851,1853
115000893,1792,1434,358
115000894,99,671,-572
115000895,214,1453,-1239
115000896,1199,713,486
115000897,492,139,353
115000898,399,303,96
115000899,173,1488,-1315
115000900,28,742,-714
115000901,96,313,-217
115000912,546,105,441
115000913,4,30,-26
115000915,11,0,11
115000916,3,0,3
115000917,0,3,-3
115000918,14,563,-549
115000919,1,23,-22
115000920,15,84,-69
115000921,269,87,182
115000922,479,1507,-1028
115000923,90,2517,-2427
115000925,183,144,39
115000927,69,56,13
115000933,77,985,-908
115000934,181,131,50
115000935,198,64,134
115000936,77,847,-770
115000937,1464,391,1073
115000938,68,449,-381
115000939,35,224,-189
115000940,3,11,-8
115000941,7,61,-54
115000942,8,183,-175
115000943,5,128,-123
115000944,6,17,-11
115900001,200,19,181
115900002,88,56,32
115900003,197,48,149
115900004,2,12,-10
115900005,214,17,197
115900006,83,94,-11
115900008,129,2,127
115900009,67,179,-112
115900010,468,72,396
115900011,281,277,4
115900012,362,26,336
115900013,224,128,96
115900014,138,152,-14
115900015,307,17,290
115900016,57,45,12
115900017,29,8,21
115900018,217,25,192
115900019,37,13,24
115900020,96,2,94
115900021,740,293,447
115900022,741,1,740
115900023,17,6,11
115900025,31,210,-179
115900026,663,65,598
115900027,2,118,-116
115900028,257,40,217
115900029,10,161,-151
115900030,61,21,40
115900031,125,280,-155
115900032,245,583,-338
115900033,0,75,-75
115900034,36,112,-76
115900035,49,85,-36
115900036,50,2228,-2178
115900037,35,132,-97
115900038,67,47,20
115900039,190,121,69
115900041,119,913,-794
115900042,53,13,40
115900043,152,39,113
115900044,150,293,-143
115900046,708,127,581
115900047,124,302,-178
115900049,199,117,82
115900051,12,10,2
115900052,28,90,-62
115900053,287,69,218
115900054,437,24,413
115900055,33,45,-12
115900056,220,72,148
115900057,46,30,16
115900058,15,49,-34
115900060,92,93,-1
115900061,274,1,273
115900062,45,73,-28
115900063,43,4,39
115900064,149,257,-108
115900065,218,74,144
115900066,65,42,23
115900067,9,97,-88
115900068,1150,1425,-275
115900069,83,127,-44
115900070,193,63,130
115900071,0,109,-109
115900072,29,92,-63
115900073,167,134,33
115900074,2,125,-123
115900075,26,145,-119
115900076,23,22,1
115900077,4,54,-50
115900078,37,373,-336
115900079,350,12,338
115900080,190,132,58
115900081,34,25,9
115900082,100,122,-22
115900084,730,16,714
115900085,76,99,-23
115900086,947,312,635
115900088,6,68,-62
115900089,534,323,211
115900090,746,10,736
115900091,6,38,-32
115900092,61,59,2
115900093,4,14,-10
115900094,8,77,-69
115900096,29,7,22
115900097,14,107,-93
115900098,377,150,227
115900099,57,57,0
115900100,15,136,-121
115900101,275,130,145
115900102,184,72,112
115900103,375,102,273
115900104,159,52,107
115900105,314,203,111
115900106,120,12,108
115900107,117,37,80
115900108,222,11,211
115900109,22,151,-129
115900110,4,1,3
115900111,8,44,-36
115900112,43,501,-458
115900113,88,13,75
115900114,2,92,-90
115900115,74,184,-110
115900116,71,431,-360
115900117,128,19,109
115900118,3,58,-55
115900119,124,92,32
115900120,16,198,-182
115900121,297,114,183
115900124,239,910,-671
115900125,475,86,389
115900126,978,51,927
115900127,1040,50,990
115900128,3,103,-100
115900129,639,51,588
115900130,10,394,-384
115900131,414,31,383
115900132,756,3,753
115900134,322,24,298
115900135,460,1022,-562
115900137,21,8,13
115900139,19,146,-127
115900140,593,39,554
115900141,3,62,-59
115900142,6,40,-34
115900143,305,439,-134
115900144,244,184,60
115900146,22,57,-35
115900147,185,248,-63
115900148,168,7,161
115900149,244,9,235
115900150,209,16,193
115900151,18,87,-69
115900152,222,146,76
115900153,168,108,60
115900154,304,401,-97
115900155,0,15,-15
115900156,902,835,67
115900157,302,472,-170
115900158,1,5,-4
115900159,205,147,58
115900160,1,2,-1
115900161,33,70,-37
115900163,262,99,163
115900164,651,12,639
115900166,101,134,-33
115900168,193,56,137
115900171,106,441,-335
115900172,77,146,-69
115900173,194,81,113
115900174,228,469,-241
115900175,150,136,14
115900178,2,178,-176
115900179,382,11,371
115900180,51,79,-28
115900181,247,72,175
115900182,623,94,529
115900183,15,138,-123
115900184,485,7,478
115900187,8,197,-189
115900189,1,165,-164
115900190,134,1149,-1015
115900191,35,105,-70
115900192,14,106,-92
115900193,130,113,17
115900194,1070,75,995
115900195,446,2873,-2427
115900198,248,177,71
115900199,304,69,235
115900200,271,113,158
115900201,221,250,-29
115900202,3,69,-66
115900203,30,10,20
115900204,0,17,-17
115900205,44,20,24
115900206,341,79,262
115900207,53,7,46
115900208,146,59,87
115900209,7,48,-41
115900210,8,120,-112
115900211,3,98,-95
115900212,172,79,93
115900213,77,109,-32
115900214,903,184,719
115900215,13,376,-363
115900216,5,46,-41
115900217,7,9,-2
115900218,1,10,-9
115900219,173,2,171
115900220,282,2,280
115900221,189,9,180
115900222,108,60,48
115900223,15,721,-706
115900224,494,1953,-1459
115900225,30,34,-4
115900226,27,32,-5
115900227,13,85,-72
115900228,14,48,-34
115900229,1,24,-23
115900230,49,52,-3
115900231,151,3,148
115900232,61,3,58
115900233,133,2,131
115900234,58,41,17
115900235,29,57,-28
115900236,9,98,-89
115900237,26,20,6
115900238,37,27,10
115900239,20,18,2
115900240,16,21,-5
115900241,274,38,236
115900242,372,570,-198
115900243,26,4,22
115900244,21,8,13
115900245,85,9,76
115900246,8,11,-3
115900247,11,2,9
115900248,16,3,13
115900249,24,9,15
115900250,24,27,-3
115900251,16,3,13
115900252,11,8,3
115900253,19,11,8
115900254,8,69,-61
115900255,6,70,-64
115900256,43,113,-70
115900257,4,11,-7
115900258,0,1,-1
115900259,4,0,4
115900260,14,3,11
115900261,4,0,4
115900262,4,1,3
115900263,11,2,9
115900264,10,3,7
115900265,4,24,-20
115900266,2,19,-17
115900267,2,9,-7
115900268,6,10,-4
115900269,692,129,563
115900270,434,114,320
115900271,193,0,193
115900272,109,16,93
115900273,21,43,-22
115900274,1,2,-1
115900275,0,5,-5
115900276,1,15,-14
115900277,0,42,-42
115900278,106,98,8
115900279,38,221,-183
115900280,21,816,-795
115900281,191,392,-201
115900282,50,56,-6
115900283,28,5,23
115900284,20,16,4
116000001,6049,1888,4161
116000002,4867,14415,-9548
116000003,1077,1475,-398
116000004,3693,5663,-1970
116000005,1064,2966,-1902
116000006,2684,4363,-1679
116000007,1447,1782,-335
116000008,4874,2988,1886
116000009,873,1093,-220
116000010,3028,1696,1332
116000011,589,825,-236
116000012,1950,1249,701
116000013,3816,4537,-721
116000014,10089,22181,-12092
116000015,164,1630,-1466
116000016,4149,4941,-792
116000017,22,709,-687
116000018,510,337,173
116000019,1326,290,1036
116000020,701,1082,-381
116000021,789,312,477
116000022,478,352,126
116000023,1427,866,561
116000024,614,847,-233
116000025,580,629,-49
116000026,1559,2982,-1423
116000027,398,776,-378
116000028,490,1294,-804
116000029,387,476,-89
116000030,589,764,-175
116000031,91,174,-83
116000032,370,113,257
116000033,690,441,249
116000034,796,668,128
116000035,413,373,40
116000036,472,4133,-3661
116000037,311,519,-208
116000038,193,1467,-1274
116000039,300,1736,-1436
116000040,718,1637,-919
116000041,137,1293,-1156
116000042,1019,938,81
116000043,115,498,-383
116000044,12,42,-30
116000045,1852,1308,544
116000046,1030,2013,-983
116000047,1600,2794,-1194
116000048,2692,1334,1358
116000049,1697,2977,-1280
116000050,1638,1111,527
116000051,4229,3280,949
116000052,4463,4081,382
116000053,2499,832,1667
116000054,1320,2693,-1373
116000055,1081,977,104
116000056,1892,1147,745
116000057,2783,1238,1545
116000058,3770,2772,998
116000059,2259,3900,-1641
116000060,2533,1256,1277
116000061,767,1430,-663
116000062,470,426,44
116000063,610,2153,-1543
116000066,268,651,-383
116000067,309,325,-16
116000068,171,384,-213
116000069,297,182,115
116000078,611,856,-245
116000080,2041,648,1393
116000082,26,9,17
116000083,2141,484,1657
116000084,1270,1768,-498
116000085,2010,2080,-70
116000086,891,642,249
116000087,3008,1993,1015
116000088,989,613,376
116000089,212,90,122
116000090,138,133,5
116000091,248,469,-221
116000093,618,416,202
116000094,775,284,491
116000095,996,523,473
116000096,1217,1600,-383
116000097,1380,671,709
116000098,125,8194,-8069
116000099,4133,328,3805
116000100,462,13,449
116000101,1182,394,788
116000102,307,608,-301
116000103,439,294,145
116000104,192,649,-457
116000105,1595,112,1483
116000106,518,938,-420
116000107,2909,269,2640
116000108,64,320,-256
116000111,132,25,107
116000113,178,70,108
116000114,28,153,-125
116000115,363,88,275
116000116,252,169,83
116000117,1398,1143,255
116000118,1677,878,799
116000119,3491,1182,2309
116000120,2347,2218,129
116000121,998,603,395
116000122,626,813,-187
116000123,1375,506,869
116000124,431,381,50
116000125,3135,652,2483
116000126,406,532,-126
116000127,724,521,203
116000128,2019,734,1285
116000129,1561,194,1367
116000130,1127,695,432
116000133,1652,732,920
116000134,1558,852,706
116000135,2984,1275,1709
116000136,794,1093,-299
116000137,1315,753,562
116000138,1581,900,681
116000139,2079,3867,-1788
116000140,135,254,-119
116000141,490,280,210
116000142,2860,1818,1042
116000143,2198,1465,733
116000144,1524,1403,121
116000145,2437,635,1802
116000146,1121,87,1034
116000147,270,281,-11
116000148,881,1420,-539
116000149,862,877,-15
116000151,657,429,228
116000153,139,349,-210
116000155,211,414,-203
116000156,587,652,-65
116000157,82,23,59
116000158,439,195,244
116000159,22,30,-8
116000160,43,59,-16
116000161,12,37,-25
116000162,85,260,-175
116000163,70,26,44
116000164,16,59,-43
116000177,104,250,-146
116000194,79,255,-176
116000195,1235,482,753
116000196,38,8,30
116000197,30,20,10
116000198,2044,951,1093
116000200,723,747,-24
116000201,517,526,-9
116000202,20,136,-116
116000203,1,46,-45
116000204,11,29,-18
116000205,0,80,-80
116000206,2,172,-170
116000207,6,53,-47
116000233,216,323,-107
116000287,244,155,89
116000288,390,139,251
116000292,77,119,-42
116000296,13,98,-85
116000297,193,18,175
116000304,178,26,152
116000305,32,69,-37
116000346,222,74,148
116000352,129,83,46
116000354,35,16,19
116000357,9,17,-8
116000358,419,92,327
116000361,190,8,182
116000372,3763,7724,-3961
116000381,142,4,138
116000388,3,24,-21
116000389,875,305,570
116000445,819,212,607
116000446,732,269,463
116000447,37,598,-561
116000448,551,163,388
116000563,527,610,-83
116000565,25,352,-327
116000568,48,552,-504
116000579,18,79,-61
116000583,156,49,107
116000584,24,9,15
116000585,42,30,12
116000586,96,77,19
116000587,449,453,-4
116000589,26,54,-28
116000590,132,71,61
116000591,261,251,10
116000592,16,29,-13
116000593,0,11,-11
116000594,1065,147,918
116000595,782,41,741
116000596,252,5,247
116000597,549,162,387
116000598,38,102,-64
116000605,165,106,59
116000606,36,281,-245
116000607,1,139,-138
116000609,47,935,-888
116000611,247,183,64
116000612,1572,2017,-445
116000613,854,293,561
116000614,427,213,214
116000615,2,672,-670
116000616,118,48,70
116000617,138,35,103
116000618,9,82,-73
116000619,71,85,-14
116000620,214,85,129
116000621,126,62,64
116000622,217,92,125
116000624,170,54,116
116000627,163,20,143
116000628,37,101,-64
116000629,55,91,-36
116000630,540,9,531
116000631,248,16,232
116000632,1012,39,973
116000633,332,101,231
116000634,449,49,400
116000635,1970,3542,-1572
116000636,457,2403,-1946
116000637,807,23,784
116000638,107,180,-73
116000639,97,5,92
116000640,41,25,16
116000641,15,52,-37
116000643,1,26,-25
116000644,34,70,-36
116000645,57,4,53
116900001,417,124,293
116900002,343,1,342
116900003,57,15,42
116900004,30,83,-53
116900005,296,83,213
116900006,85,146,-61
116900007,157,281,-124
116900008,607,84,523
116900009,25,5,20
116900010,0,456,-456
116900011,7,19,-12
116900012,312,340,-28
116900013,0,37,-37
116900014,320,40,280
116900016,327,2,325
116900017,2,359,-357
116900018,122,62,60
116900019,0,94,-94
116900020,378,1700,-1322
116900023,53,15,38
116900025,1429,383,1046
116900026,49,371,-322
116900027,47,50,-3
116900028,1,59,-58
116900029,0,125,-125
116900031,0,1,-1
116900032,4,113,-109
116900033,54,6,48
116900034,3,16,-13
116900035,151,159,-8
116900036,9,144,-135
116900038,44,3,41
116900041,88,13,75
116900042,226,176,50
116900043,23,66,-43
116900047,12,207,-195
116900049,36,170,-134
116900050,87,193,-106
116900051,195,41,154
116900052,245,57,188
116900055,2,16,-14
116900057,35,61,-26
116900058,33,223,-190
116900059,1,62,-61
116900060,141,392,-251
116900062,1,43,-42
116900064,108,205,-97
116900065,37,69,-32
116900067,158,63,95
116900068,217,115,102
116900070,2,5,-3
116900072,60,130,-70
116900073,33,75,-42
116900074,0,20,-20
116900076,19,116,-97
116900077,4,28,-24
116900078,107,34,73
116900079,47,89,-42
116900080,6,22,-16
116900081,228,558,-330
116900082,262,808,-546
116900083,3,21,-18
116900084,89,47,42
116900085,23,76,-53
116900086,75,122,-47
116900088,288,38,250
116900090,32,22,10
116900091,484,47,437
116900092,81,314,-233
116900093,3998,1381,2617
116900094,3057,5734,-2677
116900095,223,574,-351
116900096,63,437,-374
116900097,1361,3662,-2301
116900098,754,573,181
116900099,260,1032,-772
116900100,1113,69,1044
116900101,194,545,-351
116900103,23,0,23
116900104,60,223,-163
116900105,303,203,100
116900106,2919,119,2800
116900107,1256,2870,-1614
116900110,7,2,5
116900111,745,213,532
116900112,366,520,-154
116900113,932,2355,-1423
116900116,49,1226,-1177
116900117,200,97,103
116900118,1614,979,635
116900120,440,71,369
116900121,272,21,251
116900122,967,215,752
116900123,336,238,98
116900124,136,445,-309
116900125,677,64,613
116900126,86,521,-435
116900128,0,96,-96
116900129,1,185,-184
116900130,1247,4381,-3134
116900131,62,293,-231
116900132,55,63,-8
116900133,203,127,76
116900134,347,200,147
116900136,197,111,86
116900137,214,104,110
116900138,182,74,108
116900139,60,244,-184
116900140,147,65,82
116900141,382,174,208
116900142,1,73,-72
116900143,350,161,189
116900144,31,58,-27
116900145,40,131,-91
116900147,210,2857,-2647
116900148,17,25,-8
116900149,75,244,-169
116900150,6,2,4
116900151,103,136,-33
116900153,210,68,142
116900154,168,487,-319
116900155,65,127,-62
116900157,906,70,836
116900158,88,314,-226
116900159,93,660,-567
116900160,859,725,134
116900161,3315,10150,-6835
116900162,11,64,-53
116900163,316,41,275
116900164,88,62,26
116900165,574,324,250
116900166,61,24,37
116900167,462,33,429
116900168,444,49,395
116900169,186,2492,-2306
116900170,621,538,83
116900171,50,69,-19
116900172,90,633,-543
116900173,270,23,247
116900174,85,118,-33
116900175,270,672,-402
116900178,72,59,13
116900179,41,476,-435
116900180,63,5,58
116900182,1603,350,1253
116900183,242,92,150
116900185,66,57,9
116900186,128,69,59
116900187,45,91,-46
116900188,136,23,113
116900189,49,0,49
116900191,328,381,-53
116900192,351,110,241
116900194,102,1911,-1809
116900195,61,20,41
116900196,25,38,-13
116900197,140,9,131
116900198,43,408,-365
116900200,198,3,195
116900201,211,8,203
116900202,48,25,23
116900203,147,26,121
116900204,26,180,-154
116900206,47,1,46
116900207,15,23,-8
116900208,12,54,-42
116900209,12,34,-22
116900210,764,319,445
116900211,219,3,216
116900212,140,19,121
116900213,252,98,154
116900214,345,201,144
116900215,57,77,-20
116900216,435,193,242
116900218,3,199,-196
116900219,625,218,407
116900220,149,247,-98
116900221,194,265,-71
116900222,537,333,204
116900223,174,258,-84
116900226,118,28,90
116900227,258,39,219
116900228,377,159,218
116900230,169,269,-100
116900233,939,115,824
116900234,15,12,3
116900235,147,233,-86
116900238,820,187,633
116900239,57,741,-684
116900240,3312,3529,-217
116900241,179,37,142
116900242,457,1070,-613
116900243,0,16,-16
116900245,48,56,-8
116900246,147,31,116
116900247,1202,45,1157
116900248,77,14,63
116900249,553,33,520
116900250,511,46,465
116900251,317,831,-514
116900252,182,415,-233
116900254,58,96,-38
116900255,207,101,106
116900256,650,109,541
116900257,24,211,-187
116900258,8,66,-58
116900259,488,15,473
116900260,0,40,-40
116900261,101,1,100
116900262,204,80,124
116900263,2,13,-11
116900264,86,53,33
116900265,128,0,128
116900266,31,8,23
116900267,26,2,24
116900268,128,120,8
116900269,379,1043,-664
116900271,562,450,112
116900272,651,417,234
116900273,53,622,-569
116900274,194,15,179
116900275,218,52,166
116900276,245,278,-33
116900277,175,27,148
116900278,1,0,1
116900279,1,22,-21
116900280,39,23,16
116900281,2320,5470,-3150
116900282,4,31,-27
116900283,7,43,-36
116900284,3,62,-59
116900285,116,311,-195
116900286,76,15,61
116900287,18,21,-3
116900288,115,23,92
116900289,45,2,43
116900290,23,1,22
116900291,48,16,32
116900292,0,48,-48
116900293,94,7,87
116900294,18,151,-133
116900295,175,642,-467
116900296,63,367,-304
116900297,1,163,-162
116900298,105,445,-340
116900299,34,556,-522
116900300,13,164,-151
116900301,60,926,-866
116900302,13,196,-183
116900303,124,190,-66
116900304,0,190,-190
116900305,18,18,0
116900306,288,92,196
116900307,160,3,157
116900308,1,40,-39
116900309,155,14,141
116900310,31,49,-18
117000001,2809,3029,-220
117000002,2024,3442,-1418
117000003,6126,3785,2341
117000004,2311,4966,-2655
117000005,4288,2492,1796
117000006,1053,1946,-893
117000007,6559,1316,5243
117000008,974,2454,-1480
117000009,4735,1731,3004
117000010,1535,2533,-998
117000011,3171,1328,1843
117000012,1550,831,719
117000013,2316,977,1339
117000014,1395,1955,-560
117000015,2898,1324,1574
117000016,483,621,-138
117000017,121,1572,-1451
117000018,101,1188,-1087
117000019,105,128,-23
117000020,750,2191,-1441
117000021,2224,972,1252
117000022,217,717,-500
117000023,72,1327,-1255
117000024,86,1494,-1408
117000025,164,4443,-4279
117000026,1664,5110,-3446
117000027,1212,4810,-3598
117000028,1050,3734,-2684
117000030,434,400,34
117000031,557,534,23
117000032,1456,1714,-258
117000033,1774,861,913
117000034,416,253,163
117000035,348,656,-308
117000036,556,225,331
117000037,404,246,158
117000038,355,457,-102
117000039,410,255,155
117000040,242,540,-298
117000041,1271,96,1175
117000044,13,525,-512
117000045,1054,181,873
117000046,446,775,-329
117000047,1117,732,385
117000048,1425,779,646
117000049,41,336,-295
117000050,251,1146,-895
117000051,3026,84,2942
117000052,48,185,-137
117000053,785,18,767
117000054,1904,3,1901
117000055,13,1107,-1094
117000056,750,24,726
117000057,509,1331,-822
117000060,553,1087,-534
117000061,2625,1398,1227
117000062,169,712,-543
117000063,2266,1039,1227
117000064,634,645,-11
117000066,527,682,-155
117000067,149,659,-510
117000074,31,110,-79
117000076,57,34,23
117000077,221,165,56
117000078,92,449,-357
117000079,415,247,168
117000080,0,392,-392
117000081,1036,191,845
117000082,27,48,-21
117000083,155,11,144
117000084,157,2,155
117000085,346,775,-429
117000086,567,291,276
117000087,128,450,-322
117000088,285,99,186
117000089,2286,199,2087
117000090,329,574,-245
117000091,1328,239,1089
117000092,544,670,-126
117000093,2041,627,1414
117000094,932,1176,-244
117000095,3750,675,3075
117000096,688,1342,-654
117000097,2224,772,1452
117000098,1598,2072,-474
117000099,5090,1029,4061
117000100,275,299,-24
117000101,159,585,-426
117000102,2679,690,1989
117000103,458,833,-375
117000104,2056,608,1448
117000105,541,892,-351
117000106,2069,600,1469
117000107,576,1060,-484
117000108,2846,886,1960
117000109,716,1282,-566
117000110,2314,1790,524
117000111,4442,3900,542
117000112,3982,1328,2654
117000113,196,90,106
117000114,331,224,107
117000115,91,54,37
117000116,277,232,45
117000117,1745,1123,622
117000118,557,255,302
117000119,177,793,-616
117000120,75,2085,-2010
117000121,46,1308,-1262
117000122,1233,1704,-471
117000123,3228,95,3133
117000124,105,279,-174
117000125,61,1095,-1034
117000126,56,25,31
117000127,138,553,-415
117000128,95,1655,-1560
117000129,340,2159,-1819
117000130,238,0,238
117000131,0,48,-48
117000132,3998,22,3976
117000133,2814,9,2805
117000134,1,282,-281
117000135,6,251,-245
117000136,0,69,-69
117000137,248,150,98
117000138,0,1096,-1096
117000140,366,795,-429
117000141,2647,511,2136
117000181,310,232,78
117000182,2904,1123,1781
117000195,154,559,-405
117000196,375,156,219
117000225,33,354,-321
117000226,7,517,-510
117000276,321,26,295
117000277,0,130,-130
117000310,1092,1984,-892
117000315,230,821,-591
117000320,85,0,85
117000906,531,11,520
117000907,5,152,-147
117000909,114,112,2
117000910,267,155,112
117000911,75,90,-15
117000915,3,203,-200
117000916,110,7,103
117000917,1875,34,1841
117000918,339,104,235
117000919,26,37,-11
117000920,2,599,-597
117000921,1,354,-353
117000922,25,57,-32
117000924,901,815,86
117000926,765,628,137
117000927,278,893,-615
117000928,0,154,-154
117000929,466,162,304
117000930,695,13,682
117000931,112,219,-107
117900002,52,1194,-1142
117900003,130,184,-54
117900005,5,352,-347
117900006,0,33,-33
117900007,178,80,98
117900008,0,5,-5
117900010,527,83,444
117900011,28,966,-938
117900012,96,92,4
117900013,0,168,-168
117900014,926,178,748
117900015,23,131,-108
117900016,931,892,39
117900017,1061,804,257
117900018,485,1503,-1018
117900019,993,282,711
117900020,43,406,-363
117900021,60,122,-62
117900023,3764,81,3683
117900024,117,61,56
117900025,33,3,30
117900026,550,151,399
117900028,77,7,70
117900029,478,466,12
117900030,585,237,348
117900031,320,909,-589
117900032,838,681,157
117900033,655,405,250
117900034,74,42,32
117900035,249,156,93
117900036,512,210,302
117900037,229,91,138
117900038,38,78,-40
117900039,2,23,-21
117900040,224,191,33
117900041,1,29,-28
117900042,2304,315,1989
117900043,3,25,-22
117900044,65,5647,-5582
117900045,326,141,185
117900048,482,130,352
117900049,594,325,269
117900050,18,1243,-1225
117900051,27,14,13
117900052,148,456,-308
117900053,1852,201,1651
117900054,3,31,-28
117900055,3016,468,2548
117900056,48,257,-209
117900057,844,727,117
117900058,33,202,-169
117900059,68,136,-68
117900060,2876,1808,1068
117900061,23,553,-530
117900063,652,126,526
117900065,284,704,-420
117900066,11,116,-105
117900067,1270,191,1079
117900069,1147,217,930
117900070,84,409,-325
117900071,227,185,42
117900073,791,231,560
117900074,63,684,-621
117900075,91,62,29
117900076,94,112,-18
117900077,643,103,540
117900078,457,689,-232
117900080,277,41,236
117900081,251,262,-11
117900082,632,362,270
117900083,683,251,432
117900086,339,41,298
117900087,151,40,111
117900088,1070,1186,-116
117900089,2515,575,1940
117900090,721,391,330
117900091,104,58,46
117900092,140,17,123
117900093,114,32,82
117900094,47,38,9
117900095,609,2417,-1808
117900096,271,431,-160
117900097,216,18,198
117900098,56,11,45
117900099,324,918,-594
117900100,637,7,630
117900101,815,2473,-1658
117900102,111,8,103
117900103,63,2,61
117900104,3,460,-457
117900105,50,141,-91
117900106,138,41,97
117900107,38,1,37
117900109,995,345,650
117900110,199,5,194
117900111,629,40,589
117900112,30,7,23
117900113,1090,2112,-1022
117900114,25,0,25
117900115,60,419,-359
117900116,644,581,63
117900117,811,125,686
117900118,169,0,169
117900119,234,42,192
117900120,879,125,754
117900121,137,22,115
117900122,992,5058,-4066
117900123,1368,329,1039
117900124,277,427,-150
117900125,1491,1539,-48
117900126,123,266,-143
117900127,587,188,399
117900128,346,251,95
117900129,154,2,152
117900130,672,533,139
117900131,10,54,-44
117900132,21,57,-36
117900133,30,70,-40
117900134,36,175,-139
117900135,26,79,-53
117900136,0,13,-13
117900137,75,152,-77
117900138,0,15,-15
117900139,115,85,30
117900140,6476,829,5647
117900141,108,324,-216
117900142,50,571,-521
117900144,55,1872,-1817
117900145,11,257,-246
117900146,428,365,63
117900147,126,76,50
117900148,3265,3060,205
117900149,119,92,27
117900150,125,48,77
117900151,56,210,-154
117900152,172,117,55
117900153,30,234,-204
117900154,680,376,304
117900156,512,582,-70
117900157,86,491,-405
117900158,330,112,218
117900160,703,763,-60
117900161,920,902,18
117900162,1105,447,658
117900163,43,1118,-1075
117900165,0,14,-14
117900166,56,524,-468
117900168,91,151,-60
117900169,4,50,-46
117900170,1,8,-7
117900171,1,19,-18
117900172,30,4,26
117900173,75,64,11
117900174,9,31,-22
117900175,11,24,-13
117900176,9,30,-21
117900177,22,19,3
117900178,83,35,48
117900180,162,46,116
117900181,50,415,-365
117900182,1,31,-30
117900183,107,143,-36
117900184,27,61,-34
117900185,66,24,42
117900186,67,11,56
117900187,24,9,15
117900188,113,57,56
117900189,67,24,43
117900190,32,1,31
117900191,99,0,99
117900192,223,1,222
117900193,23,54,-31
117900194,23,9,14
117900195,18,99,-81
117900196,23,16,7
117900207,65,169,-104
117900208,19,13,6
117900209,158,114,44
117900210,126,149,-23
117900211,6,102,-96
117900212,115,175,-60
117900213,55,5,50
117900214,14,12,2
117900215,62,30,32
117900216,40,58,-18
117900217,34,369,-335
117900218,128,202,-74
117900219,2,284,-282
117900220,41,634,-593
117900222,221,132,89
117900223,105,311,-206
118000001,620,2373,-1753
118000002,305,1173,-868
118000003,2407,4989,-2582
118000004,1231,5362,-4131
118000005,3767,3703,64
118000006,4091,5535,-1444
118000007,4432,9248,-4816
118000008,1189,4705,-3516
118000009,1489,3009,-1520
118000010,4062,3486,576
118000011,1935,1028,907
118000012,1186,1424,-238
118000013,2268,1810,458
118000014,1854,1293,561
118000016,275,198,77
118000017,995,470,525
118000018,350,228,122
118000019,1202,2518,-1316
118000020,645,2670,-2025
118000021,607,3499,-2892
118000022,973,687,286
118000023,449,340,109
118000024,432,1021,-589
118000027,9275,8039,1236
118000029,528,722,-194
118000032,169,2436,-2267
118000033,1733,5070,-3337
118000034,2981,3714,-733
118000035,2100,2735,-635
118000036,909,1342,-433
118000037,604,1884,-1280
118000038,855,109,746
118000039,99,98,1
118000040,1651,1578,73
118000041,3437,1501,1936
118000045,234,268,-34
118000046,950,1891,-941
118000047,549,3462,-2913
118000048,1250,3942,-2692
118000051,651,4289,-3638
118000052,285,1943,-1658
118000053,288,538,-250
118000054,2675,669,2006
118000055,2281,1531,750
118000056,165,527,-362
118000057,156,327,-171
118000058,1645,4605,-2960
118000059,1342,2514,-1172
118000060,963,579,384
118000061,1183,1025,158
118000062,423,326,97
118000063,279,1144,-865
118000064,558,1447,-889
118000065,1434,1554,-120
118000066,1596,4212,-2616
118000067,490,555,-65
118000068,723,8730,-8007
118000069,1012,1389,-377
118000070,4953,2305,2648
118000071,3234,9733,-6499
118000072,638,3599,-2961
118000073,456,1795,-1339
118000074,557,683,-126
118000075,491,356,135
118000076,1863,6376,-4513
118000077,1094,2496,-1402
118000078,1812,3368,-1556
118000079,191,523,-332
118000080,673,1524,-851
118000081,1459,2502,-1043
118000082,331,1360,-1029
118000083,1418,1958,-540
118000084,2005,2204,-199
118000086,180,634,-454
118000087,3654,2200,1454
118000088,1145,1649,-504
118000089,3725,2679,1046
118000090,786,3417,-2631
118000091,979,3930,-2951
118000092,751,657,94
118000093,95,759,-664
118000096,549,829,-280
118000097,615,794,-179
118000098,255,341,-86
118000099,1015,421,594
118000101,1856,376,1480
118000102,408,524,-116
118000107,2540,714,1826
118000108,678,4108,-3430
118000110,0,50,-50
118000111,0,122,-122
118000112,1191,3,1188
118000113,18,299,-281
118000114,785,13,772
118000115,8,10,-2
118000116,25,0,25
118000117,707,883,-176
118000118,992,2151,-1159
118000119,1095,2012,-917
118000120,1241,1186,55
118000121,29,684,-655
118000122,635,352,283
118000123,73,355,-282
118000125,975,1635,-660
118000126,508,2337,-1829
118000127,1169,1114,55
118000128,292,2179,-1887
118000129,1579,678,901
118000130,1891,2560,-669
118000131,185,659,-474
118000132,3000,2272,728
118000133,1479,769,710
118000135,441,1048,-607
118000136,192,906,-714
118000137,445,163,282
118000138,381,366,15
118000139,476,147,329
118000140,4008,7922,-3914
118000141,3052,1397,1655
118000142,3049,1522,1527
118000143,3474,1494,1980
118000144,1080,474,606
118000145,1422,1061,361
118000146,1482,395,1087
118000147,1208,911,297
118000148,769,1165,-396
118000149,1049,436,613
118000150,692,421,271
118000151,984,291,693
118000153,2330,796,1534
118000154,1633,1225,408
118000155,3033,1187,1846
118000156,1772,3320,-1548
118000157,698,305,393
118000158,428,471,-43
118000159,56,76,-20
118000160,994,377,617
118000161,759,277,482
118000162,1387,876,511
118000163,1126,891,235
118000164,1968,1364,604
118000168,408,786,-378
118000169,1055,718,337
118000170,2441,2162,279
118000171,424,341,83
118000172,118,128,-10
118000173,885,1067,-182
118000175,317,337,-20
118000176,407,503,-96
118000177,393,710,-317
118000178,47,34,13
118000179,989,1320,-331
118000180,705,597,108
118000181,793,214,579
118000182,344,219,125
118000183,280,263,17
118000184,1275,508,767
118000185,709,1853,-1144
118000186,555,1192,-637
118000187,2393,398,1995
118000188,689,70,619
118000189,1039,287,752
118000190,6,3,3
118000191,14,20,-6
118000192,36,118,-82
118000193,6,142,-136
118000194,1476,759,717
118000195,245,5038,-4793
118000196,133,718,-585
118000197,90,244,-154
118000198,318,1511,-1193
118000199,313,1134,-821
118000200,63,734,-671
118000201,158,909,-751
118000202,36,370,-334
118000203,367,1189,-822
118000204,36,580,-544
118000205,118,300,-182
118000206,282,316,-34
118000207,0,46,-46
118000208,1292,1250,42
118000209,2665,877,1788
118000210,182,51,131
118000211,129,50,79
118000213,363,4541,-4178
118000214,279,776,-497
118000215,443,49,394
118000216,5881,1501,4380
118000217,19,40,-21
118000218,56,50,6
118000219,252,268,-16
118000220,29,31,-2
118000221,537,442,95
118000222,69,19,50
118000223,111,60,51
118000224,137,40,97
118000225,157,1550,-1393
118000226,1109,235,874
118000227,1025,723,302
118000228,87,443,-356
118000229,33,520,-487
118000230,131,186,-55
118000231,57,365,-308
118000232,1035,267,768
118000233,1465,481,984
118000234,573,102,471
118000236,294,329,-35
118000237,152,186,-34
118000238,212,223,-11
118000239,318,263,55
118000240,186,119,67
118000241,251,130,121
118000242,530,178,352
118000243,303,156,147
118000244,91,65,26
118000246,2,31,-29
118000255,48,162,-114
118000256,120,127,-7
118000259,2,55,-53
118000260,200,33,167
118000261,44,6,38
118000263,90,99,-9
118000266,190,229,-39
118000267,0,379,-379
118000268,160,5,155
118000270,129,9,120
118000271,356,229,127
118000272,73,9,64
118000273,405,38,367
118000274,81,225,-144
118000276,485,203,282
118000295,38,136,-98
118000298,104,158,-54
118000299,88,75,13
118000301,0,196,-196
118000302,138,31,107
118000311,994,41,953
118000312,401,84,317
118000313,63,54,9
118000314,181,21,160
118000315,23,22,1
118000316,1114,370,744
118000325,102,30,72
118000326,43,20,23
118000331,38,11,27
118000332,19,21,-2
118000333,27,46,-19
118000335,587,1,586
118000336,0,125,-125
118000407,255,39,216
118000457,3,114,-111
118000465,600,2948,-2348
118000480,51,36,15
118000489,13,487,-474
118000490,9,194,-185
118000492,567,160,407
118000510,78,36,42
118000514,63,640,-577
118000515,504,1001,-497
118000517,319,202,117
118000524,130,358,-228
118000525,452,558,-106
118000530,19,201,-182
118000531,523,196,327
118000532,359,169,190
118000533,295,133,162
118000534,661,310,351
118000535,404,151,253
118000536,57,534,-477
118000537,16,103,-87
118000538,35,104,-69
118000539,12,110,-98
118000540,139,171,-32
118000541,101,96,5
118000542,93,270,-177
118000543,157,393,-236
118000546,31,42,-11
118000553,0,1,-1
118000560,1070,2431,-1361
118000562,51,123,-72
118000563,1111,990,121
118000576,160,41,119
118000577,259,225,34
118000578,134,40,94
118000579,901,1939,-1038
118000583,0,0,0
118000595,222,98,124
118000596,1,632,-631
118000597,283,156,127
118000598,2,1,1
118000599,184,29,155
118000600,4,2,2
118000601,6,0,6
118000602,0,4,-4
118000603,0,6,-6
118000605,101,172,-71
118000606,28,28,0
118900001,480,1234,-754
118900002,729,969,-240
118900003,566,47,519
118900004,104,11,93
118900005,95,9,86
118900006,227,1,226
118900007,4,0,4
118900008,974,53,921
118900009,61,97,-36
118900010,100,11,89
118900011,179,10,169
118900012,292,227,65
118900013,972,319,653
118900015,270,50,220
118900016,7,6,1
118900017,37,223,-186
118900018,1120,32,1088
118900019,10,13,-3
118900020,45,324,-279
118900021,100,535,-435
118900022,154,49,105
118900023,101,190,-89
118900024,99,212,-113
118900025,46,38,8
118900026,117,18,99
118900027,501,161,340
118900028,220,114,106
118900029,232,437,-205
118900030,555,51,504
118900031,190,32,158
118900032,372,94,278
118900033,281,703,-422
118900034,173,34,139
118900035,97,59,38
118900036,1192,404,788
118900037,263,512,-249
118900038,520,77,443
118900039,719,121,598
118900040,273,81,192
118900041,608,338,270
118900042,156,70,86
118900045,228,253,-25
118900046,419,412,7
118900047,317,366,-49
118900048,169,597,-428
118900049,79,52,27
118900050,85,26,59
118900051,51,148,-97
118900052,230,585,-355
118900053,11,97,-86
118900054,197,63,134
118900055,152,28,124
118900056,122,289,-167
118900057,735,470,265
118900058,464,415,49
118900059,25,144,-119
118900060,88,91,-3
118900062,261,122,139
118900064,197,670,-473
118900065,53,110,-57
118900066,138,63,75
118900067,3021,3901,-880
118900068,20,318,-298
118900069,725,210,515
118900071,7,14,-7
118900072,896,460,436
118900073,283,90,193
118900074,231,29,202
118900075,178,16,162
118900076,212,230,-18
118900077,334,154,180
118900078,10,1,9
118900079,73,119,-46
118900080,37,50,-13
118900081,63,103,-40
118900082,1817,178,1639
118900083,29,0,29
118900084,15,16,-1
118900085,489,413,76
118900086,49,133,-84
118900087,116,581,-465
118900088,0,3,-3
118900089,18,31,-13
118900090,469,171,298
118900091,79,274,-195
118900092,219,76,143
118900093,82,12,70
118900096,167,310,-143
118900097,280,444,-164
118900099,87,94,-7
118900100,83,253,-170
118900101,94,115,-21
118900102,38,104,-66
118900103,8,113,-105
118900104,72,39,33
118900105,203,84,119
118900107,76,28,48
118900108,85,79,6
118900110,1238,882,356
118900111,742,304,438
118900112,161,270,-109
118900113,86,261,-175
118900114,20,214,-194
118900115,87,380,-293
118900116,133,165,-32
118900117,190,142,48
118900118,308,184,124
118900119,214,141,73
118900120,64,284,-220
118900121,37,72,-35
118900122,10,1014,-1004
118900123,185,247,-62
118900124,99,139,-40
118900126,46,403,-357
118900129,299,203,96
118900130,14,350,-336
118900131,336,101,235
118900132,277,206,71
118900133,8,168,-160
118900135,237,124,113
118900136,266,259,7
118900137,14,85,-71
118900139,321,157,164
118900140,568,370,198
118900141,130,80,50
118900144,231,213,18
118900145,17,67,-50
118900146,378,410,-32
118900147,99,541,-442
118900148,41,53,-12
118900150,87,499,-412
118900152,543,465,78
118900157,48,282,-234
118900158,130,22,108
118900159,0,96,-96
118900161,48,10,38
118900163,43,45,-2
118900164,0,23,-23
118900165,59,20,39
118900166,29,3,26
118900167,108,40,68
118900168,16,229,-213
118900169,117,59,58
118900170,250,21,229
118900171,41,42,-1
118900174,116,42,74
118900175,691,434,257
118900176,272,251,21
118900177,98,15,83
118900178,117,85,32
118900179,5,2,3
118900181,108,35,73
118900182,20,41,-21
118900183,38,117,-79
118900184,227,58,169
118900185,208,53,155
118900186,89,143,-54
118900187,126,454,-328
118900188,254,302,-48
118900189,21,657,-636
118900190,46,121,-75
118900191,437,25,412
118900192,469,7,462
118900193,782,1,781
118900195,140,322,-182
118900196,51,193,-142
118900197,320,39,281
118900198,30,5,25
118900199,139,8,131
118900200,19,10,9
118900201,20,54,-34
118900202,7,38,-31
118900203,45,3,42
118900204,27,6,21
118900205,2,6,-4
118900206,3,1,2
119000001,1626,2208,-582
119000002,3429,3208,221
119000003,3283,725,2558
119000004,2886,1702,1184
119000005,2402,2603,-201
119000006,4531,1781,2750
119000007,3753,3632,121
119000008,2030,1573,457
119000009,2662,6433,-3771
119000010,3811,3862,-51
119000011,1799,2700,-901
119000012,893,2739,-1846
119000013,3189,2013,1176
119000014,1307,1846,-539
119000019,254,147,107
119000020,2725,1879,846
119000021,6039,3654,2385
119000022,1028,3510,-2482
119000023,269,273,-4
119000024,1848,17768,-15920
119000025,3377,748,2629
119000026,44,619,-575
119000027,215,369,-154
119000028,1375,500,875
119000029,63,290,-227
119000030,579,717,-138
119000031,855,470,385
119000032,1798,1580,218
119000033,1989,1034,955
119000034,1175,467,708
119000035,33,161,-128
119000036,2726,465,2261
119000037,1433,652,781
119000038,227,316,-89
119000039,697,326,371
119000040,989,849,140
119000041,601,1381,-780
119000048,2298,1431,867
119000049,3212,1378,1834
119000050,1487,1292,195
119000051,2585,1109,1476
119000052,3336,2496,840
119000053,1924,1008,916
119000054,3875,1585,2290
119000055,5564,2241,3323
119000056,3888,1456,2432
119000057,1979,945,1034
119000058,1735,1043,692
119000059,1069,1047,22
119000060,1786,745,1041
119000061,984,578,406
119000062,1056,900,156
119000063,735,558,177
119000064,871,769,102
119000065,1208,2682,-1474
119000066,1949,1247,702
119000067,1883,1340,543
119000068,1937,974,963
119000069,1969,1506,463
119000070,3063,678,2385
119000071,366,508,-142
119000072,4414,2365,2049
119000073,3141,9359,-6218
119000074,1693,1419,274
119000075,3581,2319,1262
119000076,175,1363,-1188
119000077,520,559,-39
119000078,554,205,349
119000079,241,620,-379
119000080,956,130,826
119000081,178,254,-76
119000082,935,225,710
119000083,759,476,283
119000084,347,245,102
119000085,480,141,339
119000086,324,650,-326
119000087,656,293,363
119000088,350,130,220
119000089,111,180,-69
119000090,139,63,76
119000091,94,279,-185
119000092,257,129,128
119000093,3972,2240,1732
119000094,4565,5153,-588
119000095,2560,3756,-1196
119000097,1770,820,950
119000098,1454,4624,-3170
119000099,2178,879,1299
119000100,4611,3026,1585
119000101,3035,1509,1526
119000102,438,1704,-1266
119000103,919,586,333
119000104,1307,824,483
119000105,830,3033,-2203
119000106,413,595,-182
119000107,1366,611,755
119000108,716,442,274
119000109,178,655,-477
119000110,336,412,-76
119000111,95,939,-844
119000112,185,150,35
119000113,1133,417,716
119000114,1648,1245,403
119000115,156,144,12
119000116,103,99,4
119000117,150,382,-232
119000118,3,0,3
119000123,2510,4071,-1561
119000124,1195,131,1064
119000125,5332,395,4937
119000126,1891,483,1408
119000127,1084,176,908
119000128,15,6,9
119000131,1209,208,1001
119000132,17,3,14
119000133,1,5,-4
119000134,1219,568,651
119000135,288,238,50
119000136,393,98,295
119000137,337,175,162
119000138,927,72,855
119000139,209,74,135
119000140,362,325,37
119000284,910,1652,-742
119000285,1480,1064,416
119000286,3054,2734,320
119000287,1321,1504,-183
119000288,1788,780,1008
119000289,1102,2646,-1544
119000290,239,208,31
119000291,38,148,-110
119000293,133,171,-38
119000294,43,32,11
119000295,1220,168,1052
119000296,265,121,144
119000302,1371,1037,334
119000303,135,244,-109
119000304,0,0,0
119000314,1211,14142,-12931
119000315,1,106,-105
119000316,280,90,190
119000317,128,98,30
119900001,149,2050,-1901
119900002,225,224,1
119900003,35,484,-449
119900004,130,2724,-2594
119900005,214,69,145
119900006,116,507,-391
119900007,644,241,403
119900008,98,36,62
119900009,553,316,237
119900010,565,681,-116
119900011,25,334,-309
119900012,17,152,-135
119900013,2103,1493,610
119900014,446,197,249
119900015,391,53,338
119900016,59,47,12
119900017,73,45,28
119900018,904,1264,-360
119900019,34,14,20
119900020,110,142,-32
119900021,231,57,174
119900022,88,1085,-997
119900023,295,3061,-2766
119900025,495,32,463
119900026,518,209,309
119900027,13,27,-14
119900028,273,168,105
119900029,7,7,0
119900030,413,269,144
119900031,87,975,-888
119900033,1222,310,912
119900034,1077,63,1014
119900037,249,10,239
119900038,60,534,-474
119900039,54,6,48
119900040,150,42,108
119900041,197,9,188
119900042,85,193,-108
119900043,181,113,68
119900044,143,1032,-889
119900046,264,15,249
119900047,418,183,235
119900048,342,10,332
119900049,306,4,302
119900050,140,137,3
119900051,1380,18,1362
119900052,98,13,85
119900053,346,82,264
119900054,420,6,414
119900055,1648,359,1289
119900057,312,24,288
119900058,401,3,398
119900059,107,23,84
119900060,317,37,280
119900061,346,8,338
119900062,131,11,120
119900063,6,81,-75
119900065,321,10,311
119900067,134,3,131
119900068,950,2,948
119900069,156,10,146
119900070,865,8,857
119900071,877,37,840
119900073,972,391,581
119900074,20,35,-15
119900075,1490,1857,-367
119900076,1172,150,1022
119900077,1186,354,832
119900078,1027,608,419
119900079,729,136,593
119900080,461,303,158
119900081,1160,33,1127
119900082,2083,246,1837
119900083,328,96,232
119900084,266,275,-9
119900085,57,32,25
119900086,458,350,108
119900087,469,839,-370
119900088,24,21,3
119900089,56,126,-70
119900090,51,29,22
119900091,69,203,-134
119900092,28,161,-133
119900093,1644,171,1473
119900094,26,111,-85
119900095,148,94,54
119900096,27,69,-42
119900097,142,167,-25
119900098,61,47,14
119900099,28,80,-52
119900100,562,2628,-2066
119900101,108,1726,-1618
119900102,68,129,-61
119900103,40,112,-72
119900104,28,86,-58
119900105,539,2489,-1950
119900106,6,87,-81
119900107,202,958,-756
119900108,3753,612,3141
119900109,26,105,-79
119900110,678,280,398
119900111,158,84,74
119900112,544,725,-181
119900113,79,204,-125
119900114,197,439,-242
119900115,511,276,235
119900116,68,388,-320
119900117,424,268,156
119900118,159,212,-53
119900119,436,133,303
119900120,440,270,170
119900121,654,370,284
119900122,105,142,-37
119900123,186,254,-68
119900124,292,337,-45
119900125,24,246,-222
119900126,2046,210,1836
119900127,732,574,158
119900128,510,325,185
119900129,384,125,259
119900130,17,192,-175
119900131,29,88,-59
119900132,0,89,-89
119900133,122,75,47
119900134,559,78,481
119900135,2,119,-117
119900136,101,216,-115
119900138,184,278,-94
119900139,9,95,-86
119900140,2,85,-83
119900141,24,839,-815
119900142,4,21,-17
119900143,33,187,-154
119900144,989,178,811
119900145,112,72,40
119900146,81,129,-48
119900147,1,121,-120
119900148,378,37,341
119900149,415,5707,-5292
119900150,101,62,39
119900151,1301,741,560
119900152,193,107,86
119900153,257,31,226
119900154,49,142,-93
119900155,41,25,16
119900156,20,6,14
119900157,197,99,98
119900158,272,41,231
119900159,13,360,-347
119900160,44,64,-20
119900161,123,86,37
119900162,1175,659,516
119900163,43,98,-55
119900164,7,3,4
119900165,173,52,121
119900166,122,35,87
119900167,32,52,-20
119900168,1477,345,1132
119900169,33,233,-200
119900170,152,303,-151
119900171,762,212,550
119900172,64,16,48
119900173,5,118,-113
119900174,9,81,-72
119900175,1923,280,1643
119900177,19,88,-69
119900178,37,125,-88
119900179,124,831,-707
119900180,1117,676,441
119900181,21,119,-98
119900182,6,83,-77
119900183,148,377,-229
119900184,622,218,404
119900185,77,274,-197
119900186,14,1442,-1428
119900187,5,178,-173
119900188,170,253,-83
119900189,126,305,-179
119900190,81,291,-210
119900191,123,486,-363
119900192,66,111,-45
119900193,480,118,362
119900194,17,82,-65
119900195,56,163,-107
119900196,244,99,145
119900197,343,174,169
119900198,397,226,171
119900199,96,12,84
119900200,665,401,264
119900201,142,102,40
119900202,66,240,-174
119900203,171,645,-474
119900204,271,193,78
119900205,1172,272,900
119900206,281,119,162
119900208,123,114,9
119900209,638,1897,-1259
119900210,57,29,28
119900211,124,7,117
119900212,435,309,126
119900213,11,82,-71
119900214,116,28,88
119900215,81,23,58
119900216,59,15,44
119900217,21,12,9
119900218,12,123,-111
119900219,4,51,-47
119900220,15,23,-8
119900221,82,71,11
119900222,64,70,-6
119900223,11,24,-13
119900224,14,4,10
119900225,292,28,264
119900226,193,1816,-1623
119900227,282,159,123
119900228,56,167,-111
119900229,233,239,-6
119900230,801,214,587
119900231,359,48,311
119900232,140,79,61
119900233,130,9,121
119900234,9,88,-79
119900235,7,37,-30
119900236,25,176,-151
119900237,49,278,-229
119900238,4,40,-36
119900240,125,63,62
119900241,173,134,39
119900242,1215,1107,108
119900244,498,989,-491
119900245,166,223,-57
119900246,236,553,-317
119900247,10,122,-112
119900248,39,376,-337
119900249,397,78,319
119900253,1080,283,797
119900254,84,1361,-1277
119900255,142,1029,-887
119900256,933,263,670
119900257,136,6,130
119900258,253,11,242
119900259,20,39,-19
119900260,160,12,148
119900261,638,258,380
119900262,0,90,-90
119900263,1561,239,1322
119900264,154,64,90
119900265,558,218,340
119900266,413,121,292
119900267,151,219,-68
119900268,280,87,193
119900269,1361,429,932
119900271,28,46,-18
119900272,205,280,-75
119900275,202,50,152
119900276,162,8,154
119900277,17,8,9
119900278,282,71,211
119900279,89,238,-149
119900280,480,81,399
119900281,1,382,-381
119900282,33,194,-161
119900283,20,74,-54
119900284,25,99,-74
119900285,12,63,-51
119900286,2,11,-9
119900288,3,5,-2
119900289,0,5,-5
119900290,7,15,-8
119900291,0,26,-26
119900292,41,49,-8
119900293,22,26,-4
119900294,56,47,9
119900295,40,15,25
119900296,82,28,54
119900297,2,10,-8
119900298,5,5,0
119900299,53,197,-144
119900300,237,192,45
119900301,50,127,-77
119900302,22,81,-59
119900303,386,195,191
119900304,282,106,176
119900305,2,36,-34
119900306,12,4,8
119900307,69,29,40
119900308,1,25,-24
119900309,31,242,-211
119900310,308,215,93
119900311,154,35,119
119900312,168,47,121
119900313,313,153,160
119900314,239,410,-171
119900315,1949,801,1148
119900318,22,82,-60
119900319,1,75,-74
119900320,338,187,151
119900321,203,3,200
120000001,6405,29625,-23220
120000002,2507,2497,10
120000003,2050,1171,879
120000004,2634,1143,1491
120000005,2414,1264,1150
120000006,1643,1047,596
120000007,2513,4939,-2426
120000008,944,1330,-386
120000009,1480,881,599
120000010,2463,2284,179
120000011,1181,1108,73
120000012,1680,1454,226
120000013,3944,2467,1477
120000014,839,1133,-294
120000015,2779,1303,1476
120000016,4944,2196,2748
120000017,5264,3978,1286
120000018,3274,18306,-15032
120000019,1421,1930,-509
120000020,2582,4036,-1454
120000021,2129,2545,-416
120000022,2724,3939,-1215
120000023,1651,1610,41
120000024,1272,2214,-942
120000025,3200,1697,1503
120000026,4119,1865,2254
120000027,2953,2275,678
120000028,934,3083,-2149
120000029,830,1814,-984
120000030,539,779,-240
120000031,1972,4906,-2934
120000032,4312,3007,1305
120000033,4192,1446,2746
120000034,3316,1174,2142
120000035,3775,1878,1897
120000036,3907,5247,-1340
120000037,634,2029,-1395
120000038,3587,2947,640
120000039,955,1009,-54
120000040,145,1018,-873
120000041,413,1081,-668
120000042,1955,1389,566
120000043,4512,1062,3450
120000044,6613,1341,5272
120000045,9583,777,8806
120000046,6233,3380,2853
120000047,377,8972,-8595
120000048,7651,4498,3153
120000049,4444,3673,771
120000050,3681,4940,-1259
120000051,2380,4191,-1811
120000052,6405,1464,4941
120000053,1790,1509,281
120000054,1621,2231,-610
120000055,1550,2993,-1443
120000056,5439,3263,2176
120000057,5800,1633,4167
120000058,1331,1993,-662
120000059,11,1871,-1860
120000061,98,407,-309
120000062,175,327,-152
120000063,613,1851,-1238
120000064,249,659,-410
120000065,470,776,-306
120000066,241,393,-152
120000067,15,223,-208
120000068,269,368,-99
120000069,681,397,284
120000070,169,329,-160
120000071,871,80,791
120000072,1051,371,680
120000073,1057,84,973
120000074,78,153,-75
120000075,1281,420,861
120000076,2996,424,2572
120000077,2600,716,1884
120000078,2775,1306,1469
120000079,725,371,354
120000080,453,404,49
120000081,625,294,331
120000082,545,376,169
120000083,146,1134,-988
120000084,296,345,-49
120000085,290,398,-108
120000086,334,321,13
120000087,263,269,-6
120000088,968,882,86
120000089,1228,305,923
120000090,981,364,617
120000091,1196,699,497
120000092,1198,509,689
120000093,955,522,433
120000094,407,950,-543
120000095,902,306,596
120000096,400,390,10
120000098,765,356,409
120000099,316,412,-96
120000100,836,538,298
120000101,939,420,519
120000102,1049,1083,-34
120000103,1681,1108,573
120000104,2521,478,2043
120000105,3495,534,2961
120000106,3563,601,2962
120000107,6535,718,5817
120000108,2336,104,2232
120000109,1380,96,1284
120000110,46,501,-455
120000111,127,558,-431
120000112,576,1270,-694
120000113,560,1207,-647
120000114,462,1247,-785
120000115,380,1246,-866
120000116,532,1202,-670
120000117,521,906,-385
120000118,173,61,112
120000119,34,45,-11
120000120,185,95,90
120000121,41,62,-21
120000122,205,409,-204
120000123,2291,10351,-8060
120000124,598,955,-357
120000125,1071,403,668
120000126,275,1640,-1365
120000127,1134,1938,-804
120000128,2002,5221,-3219
120000129,266,428,-162
120000130,1174,887,287
120000131,742,638,104
120000134,371,312,59
120000135,1137,479,658
120000137,290,310,-20
120000138,2022,203,1819
120000139,308,269,39
120000140,1469,186,1283
120000141,284,627,-343
120000142,985,459,526
120000143,2,52,-50
120000144,130,3,127
120000145,819,9,810
120000146,1053,1819,-766
120000149,536,679,-143
120000150,1904,13034,-11130
120000151,542,380,162
120000152,814,115,699
120000153,572,409,163
120000154,682,694,-12
120000155,279,565,-286
120000156,482,2882,-2400
120000157,1046,622,424
120000158,1081,639,442
120000159,2058,1774,284
120000160,2533,2068,465
120000161,3659,2449,1210
120000162,170,384,-214
120000163,1036,524,512
120000164,819,150,669
120000165,892,393,499
120000166,1562,280,1282
120000167,433,293,140
120000168,10,994,-984
120000169,118,3182,-3064
120000170,45,3818,-3773
120000171,14,1283,-1269
120000172,22,846,-824
120000173,298,3031,-2733
120000174,39,91,-52
120000175,39,134,-95
120000176,28,42,-14
120000177,566,115,451
120000178,8,31,-23
120000179,38,90,-52
120000180,58,62,-4
120000181,52,1771,-1719
120000182,34,1088,-1054
120000183,2,387,-385
120000184,415,1395,-980
120000186,55,2757,-2702
120000187,29,1235,-1206
120000188,34,1152,-1118
120000190,87,116,-29
120000191,118,253,-135
120000192,101,60,41
120000193,37,8,29
120000195,18,2,16
120000196,49,4,45
120000197,8,12,-4
120000198,343,30,313
120000199,493,2,491
120000200,345,1,344
120000201,39,80,-41
120000202,1,42,-41
120000203,122,84,38
120000207,1,62,-61
120000208,12,100,-88
120000209,24,37,-13
120000210,299,232,67
120000211,237,2,235
120000212,220,0,220
120000213,159,57,102
120000214,0,85,-85
120000215,2,58,-56
120000216,185,24,161
120000217,300,870,-570
120000218,27,429,-402
120000219,1,317,-316
120000220,1,639,-638
120000225,2873,5,2868
120000226,657,8,649
120000227,1206,94,1112
120000228,13052,5114,7938
120000230,634,24,610
120000231,2190,693,1497
120000233,509,2,507
120000235,442,304,138
120000236,1313,2,1311
120000237,0,581,-581
120000238,1,1472,-1471
120000241,1367,4776,-3409
120000412,300,9,291
120000413,625,148,477
120000414,421,2,419
120000415,0,24,-24
120000416,130,5,125
120000417,10,131,-121
120000418,374,10,364
120000419,15,55,-40
120000420,240,104,136
120000421,6405,3725,2680
120000422,114,2171,-2057
120000423,1,82,-81
120000424,290,71,219
120000436,111,1040,-929
120000437,91,118,-27
120000438,1603,266,1337
120000439,323,671,-348
120000443,171,0,171
120000444,1979,366,1613
120000445,2826,1229,1597
120000446,1820,400,1420
120000447,253,3,250
120000449,318,1,317
120000450,13,131,-118
120000451,251,157,94
120000452,136,0,136
120000453,0,34,-34
120000454,124,243,-119
120000455,160,39,121
120000456,2495,5188,-2693
120000457,458,333,125
120000458,352,372,-20
120000459,155,56,99
120000665,209,383,-174
120000668,167,2066,-1899
120000669,305,152,153
120000670,77,1257,-1180
120000671,2744,879,1865
120000672,70,335,-265
120900001,55,88,-33
120900002,116,842,-726
120900003,221,16,205
120900004,39,181,-142
120900005,32,432,-400
120900006,978,300,678
120900007,266,66,200
120900008,440,474,-34
120900009,552,39,513
120900010,871,174,697
120900011,78,342,-264
120900012,50,1573,-1523
120900013,389,98,291
120900014,1,332,-331
120900015,1086,107,979
120900016,1915,60,1855
120900017,1437,27,1410
120900018,163,174,-11
120900019,637,537,100
120900020,782,1144,-362
120900021,722,209,513
120900022,13,245,-232
120900023,538,83,455
120900024,1579,377,1202
120900025,1128,1088,40
120900026,141,92,49
120900027,715,13,702
120900028,789,168,621
120900029,56,1149,-1093
120900030,3299,859,2440
120900031,410,109,301
120900032,1809,102,1707
120900033,1518,118,1400
120900034,35,4356,-4321
120900035,25,49,-24
120900037,365,15,350
120900038,213,619,-406
120900039,272,69,203
120900040,548,9,539
120900041,47,28,19
120900042,816,32,784
120900043,146,54,92
120900044,12,552,-540
120900045,92,34,58
120900046,1103,7,1096
120900047,336,233,103
120900048,315,48,267
120900049,735,3,732
120900050,1089,2823,-1734
120900051,412,90,322
120900052,1215,5,1210
120900053,554,32,522
120900054,633,295,338
120900055,916,5,911
120900056,1461,51,1410
120900057,488,26,462
120900058,940,2,938
120900059,253,7,246
120900060,63,31,32
120900061,217,171,46
120900062,446,6,440
120900063,1653,17,1636
120900064,958,2,956
120900065,974,0,974
120900066,686,82,604
120900067,315,129,186
120900068,429,1,428
120900069,755,16,739
120900071,52,2,50
120900072,1759,18,1741
120900073,1125,54,1071
120900074,939,58,881
120900076,484,4,480
120900077,1272,339,933
120900078,1122,428,694
120900079,1482,80,1402
120900080,1505,381,1124
120900081,2103,257,1846
120900082,241,486,-245
120900083,170,70,100
120900084,908,676,232
120900085,58,135,-77
120900086,83,777,-694
120900087,454,465,-11
120900088,207,812,-605
120900089,1314,4684,-3370
120900090,315,13,302
120900091,488,1011,-523
120900092,361,279,82
120900093,1044,109,935
120900094,260,126,134
120900095,285,9,276
120900096,63,112,-49
120900097,644,427,217
120900098,97,132,-35
120900099,127,90,37
120900100,24,189,-165
120900101,151,118,33
120900102,83,42,41
120900103,94,193,-99
120900104,24,77,-53
120900105,26,291,-265
120900106,510,241,269
120900107,127,116,11
120900108,13,270,-257
120900109,24,222,-198
120900110,22,204,-182
120900111,156,192,-36
120900112,19,341,-322
120900113,27,300,-273
120900114,22,131,-109
120900115,134,283,-149
120900116,723,129,594
120900117,11,96,-85
120900118,54,252,-198
120900119,10692,2918,7774
120900120,71,359,-288
120900121,29,256,-227
120900122,1067,127,940
120900123,8,132,-124
120900124,0,176,-176
120900125,8,263,-255
120900126,681,552,129
120900127,16,136,-120
120900128,579,824,-245
120900129,18,174,-156
120900130,3,207,-204
120900131,285,62,223
120900132,1273,117,1156
120900133,39,329,-290
120900134,196,229,-33
120900135,3,293,-290
120900136,41,66,-25
120900137,422,59,363
120900138,16,164,-148
120900139,3,297,-294
120900140,2,103,-101
120900141,215,165,50
120900142,21,158,-137
120900143,0,285,-285
120900144,0,27,-27
120900145,182,651,-469
120900146,0,310,-310
120900147,3,403,-400
120900148,186,77,109
120900149,0,83,-83
120900150,107,176,-69
120900151,0,187,-187
120900152,17,13,4
120900153,0,0,0
120900154,2,74,-72
120900155,246,324,-78
120900156,192,180,12
120900157,0,2,-2
120900158,105,194,-89
120900159,1,30,-29
120900160,38,346,-308
120900161,75,309,-234
120900162,88,470,-382
120900163,347,1082,-735
120900164,2,104,-102
120900165,1,244,-243
120900166,68,818,-750
120900167,156,51,105
120900169,162,136,26
120900170,283,5082,-4799
120900171,291,163,128
120900172,136,2986,-2850
120900173,7,31,-24
120900174,6,94,-88
120900175,154,117,37
120900176,60,354,-294
120900177,0,1663,-1663
120900178,1,694,-693
120900179,274,238,36
120900180,47,106,-59
120900181,53,29,24
120900182,22,122,-100
120900183,1119,151,968
120900184,410,49,361
120900185,1319,1903,-584
120900186,1,133,-132
120900187,666,831,-165
120900188,415,12,403
120900189,142,4787,-4645
120900190,321,3,318
120900191,86,24,62
120900192,4663,15846,-11183
120900194,67,110,-43
120900195,123,222,-99
120900196,563,36,527
120900197,886,170,716
120900198,262,305,-43
120900199,398,412,-14
120900200,34,99,-65
120900201,261,97,164
120900202,0,62,-62
120900203,46,56,-10
120900204,80,149,-69
120900205,61,8,53
120900206,124,92,32
120900207,40,539,-499
121000001,497,2208,-1711
121000002,2318,1994,324
121000003,4981,1888,3093
121000004,2377,3128,-751
121000005,1845,2590,-745
121000006,2943,3099,-156
121000007,2200,6874,-4674
121000008,3599,6292,-2693
121000009,4345,9177,-4832
121000010,6372,7980,-1608
121000011,5988,11415,-5427
121000012,10682,7617,3065
121000013,6298,7558,-1260
121000014,5698,5352,346
121000015,5367,9423,-4056
121000016,4461,4392,69
121000017,2200,1910,290
121000018,3366,1797,1569
121000019,7109,6736,373
121000020,10520,14959,-4439
121000021,1683,1492,191
121000022,2451,3133,-682
121000023,2340,1057,1283
121000024,5157,4565,592
121000025,369,1514,-1145
121000026,444,233,211
121000027,1812,1609,203
121000028,942,999,-57
121000029,817,645,172
121000030,748,459,289
121000031,705,857,-152
121000032,228,153,75
121000034,385,538,-153
121000035,282,235,47
121000036,897,1140,-243
121000037,440,1782,-1342
121000038,368,1105,-737
121000039,214,438,-224
121000041,464,558,-94
121000042,194,387,-193
121000043,575,908,-333
121000044,1398,1400,-2
121000045,383,222,161
121000046,835,882,-47
121000047,25,73,-48
121000049,834,734,100
121000050,315,2248,-1933
121000051,669,324,345
121000052,469,1203,-734
121000053,327,143,184
121000054,52,396,-344
121000055,904,3531,-2627
121000056,1023,1350,-327
121000057,185,751,-566
121000058,157,249,-92
121000059,3056,1463,1593
121000060,567,1314,-747
121000061,65,386,-321
121000062,150,823,-673
121000063,940,1451,-511
121000064,681,1181,-500
121000065,173,1234,-1061
121000066,757,1809,-1052
121000067,411,768,-357
121000068,512,681,-169
121000069,144,1290,-1146
121000070,1113,1519,-406
121000071,1602,2384,-782
121000072,1206,1165,41
121000073,968,1895,-927
121000074,86,312,-226
121000075,12,115,-103
121000076,310,358,-48
121000077,166,186,-20
121000078,91,215,-124
121000080,1905,620,1285
121000081,3839,3859,-20
121000082,112,459,-347
121000083,97,264,-167
121000084,239,294,-55
121000085,481,508,-27
121000086,1184,563,621
121000087,79,284,-205
121000088,717,762,-45
121000089,224,790,-566
121000090,225,672,-447
121000091,1281,1172,109
121000092,222,72,150
121000093,183,252,-69
121000094,297,749,-452
121000095,156,1254,-1098
121000096,6493,2824,3669
121000097,477,3160,-2683
121000098,739,533,206
121000099,798,613,185
121000100,866,185,681
121000101,412,251,161
121000102,292,163,129
121000103,181,140,41
121000104,244,59,185
121000105,361,77,284
121000106,327,160,167
121000107,1625,3030,-1405
121000109,1148,815,333
121000110,202,720,-518
121000114,5114,2428,2686
121000115,4329,997,3332
121000116,348,1385,-1037
121000117,236,427,-191
121000118,1606,283,1323
121000119,361,273,88
121000120,453,405,48
121000121,439,1697,-1258
121000123,826,595,231
121000127,160,123,37
121000128,1110,158,952
121000129,975,298,677
121000130,689,570,119
121000131,1050,1010,40
121000132,750,1524,-774
121000135,256,316,-60
121000136,891,1300,-409
121000137,794,351,443
121000138,505,1412,-907
121000139,266,569,-303
121000141,278,204,74
121000142,564,1102,-538
121000143,200,27,173
121000144,439,957,-518
121000145,662,1098,-436
121000146,1021,1879,-858
121000147,935,652,283
121000148,988,1107,-119
121000149,2223,2985,-762
121000152,299,269,30
121000153,1563,473,1090
121000154,1866,739,1127
121000155,2594,1390,1204
121000156,398,1172,-774
121000157,781,1216,-435
121000158,285,288,-3
121000159,273,396,-123
121000160,315,452,-137
121000161,297,299,-2
121000162,186,93,93
121000165,1086,2190,-1104
121000166,29,522,-493
121000168,423,310,113
121000169,73,153,-80
121000170,303,74,229
121000171,69,197,-128
121000172,1159,1093,66
121000173,1869,1564,305
121000174,751,797,-46
121000175,2092,630,1462
121000176,529,423,106
121000177,734,711,23
121000178,58,105,-47
121000179,41,64,-23
121000181,449,407,42
121000182,150,415,-265
121000183,78,159,-81
121000184,41,272,-231
121000185,38,402,-364
121000186,305,730,-425
121000187,330,130,200
121000188,399,63,336
121000192,655,613,42
121000193,747,366,381
121000194,1911,2111,-200
121000195,301,1678,-1377
121000196,674,521,153
121000197,93,1713,-1620
121000198,207,236,-29
121000199,148,210,-62
121000200,656,195,461
121000201,16,297,-281
121000202,700,183,517
121000203,600,2484,-1884
121000204,3051,908,2143
121000205,61,291,-230
121000206,114,90,24
121000207,2067,648,1419
121000208,4,339,-335
121000209,738,95,643
121000210,863,229,634
121000211,355,228,127
121000212,466,780,-314
121000213,19571,3453,16118
121000214,1187,2240,-1053
121000215,863,2830,-1967
121000216,619,705,-86
121000217,3952,3631,321
121000218,366,2582,-2216
121000219,1669,920,749
121000220,133,67,66
121000221,137,489,-352
121000222,3849,3102,747
121000223,281,1392,-1111
121000224,248,709,-461
121000225,530,4458,-3928
121000226,986,1879,-893
121000227,43,151,-108
121000228,36,753,-717
121000229,459,540,-81
121000230,64,2782,-2718
121000231,1715,43,1672
121000232,542,478,64
121000233,645,416,229
121000234,17,72,-55
121000235,45,86,-41
121000236,6,104,-98
121000237,23,15,8
121000238,14,85,-71
121000239,99,8,91
121000240,5,145,-140
121000241,93,28,65
121000242,50,538,-488
121000243,163,94,69
121000244,10,67,-57
121000245,27,8,19
121000246,3,99,-96
121000247,166,9,157
121000248,426,1223,-797
121000249,25,323,-298
121000250,564,389,175
121000251,16,241,-225
121000252,130,104,26
121000253,367,425,-58
121000254,831,248,583
121000255,133,270,-137
121000256,330,273,57
121000257,28,105,-77
121000258,58,187,-129
121000259,33,121,-88
121000260,58,119,-61
121000261,74,170,-96
121000262,2608,413,2195
121000263,425,414,11
121000271,1339,2066,-727
121000273,44,19,25
121000274,8,128,-120
121000275,1,16,-15
121000276,28,64,-36
121000278,65,44,21
121000279,20,52,-32
121000280,26,22,4
121000289,493,15,478
121000290,1986,1796,190
121000294,287,39,248
121000297,369,1107,-738
121000299,104,2231,-2127
121000300,2174,970,1204
121000302,16,748,-732
121000303,487,220,267
121000304,532,103,429
121000305,318,100,218
121000306,214,284,-70
121000308,69,287,-218
121000309,275,430,-155
121000310,111,307,-196
121000311,48,364,-316
121000312,576,360,216
121000313,345,254,91
121000314,51,77,-26
121000315,16,55,-39
121000530,1874,2220,-346
121000531,2179,1747,432
121000532,5556,7261,-1705
121000533,3399,4461,-1062
121000918,18,54,-36
121000919,29,59,-30
121000938,47,76,-29
121000939,16,96,-80
121000956,1748,1784,-36
121000957,0,23,-23
121000958,10,113,-103
121000959,1193,283,910
121000960,1411,1637,-226
121000961,381,73,308
121000962,831,461,370
121000963,0,0,0
121000973,1,226,-225
121000976,7,122,-115
121000979,499,158,341
121000981,431,152,279
121000982,476,173,303
121000983,467,272,195
121000984,11,85,-74
121000985,1111,349,762
121000986,459,102,357
121000987,218,560,-342
121000988,1115,156,959
121001302,218,147,71
121001308,0,44,-44
121001309,26,422,-396
121001313,220,58,162
121001314,1293,1440,-147
121001315,6101,4011,2090
121001326,662,402,260
121900001,168,333,-165
121900002,17,59,-42
121900003,517,8,509
121900004,63,556,-493
121900005,25,6,19
121900006,128,25,103
121900007,2019,1522,497
121900008,85,447,-362
121900009,1153,25,1128
121900010,251,7,244
121900011,208,176,32
121900012,4,0,4
121900013,302,90,212
121900014,2118,413,1705
121900015,187,138,49
121900016,7,34,-27
121900017,752,861,-109
121900018,643,5,638
121900019,610,183,427
121900020,91,1,90
121900021,907,36,871
121900022,230,349,-119
121900023,144,327,-183
121900024,413,48,365
121900025,564,556,8
121900026,418,101,317
121900027,401,197,204
121900028,206,2,204
121900029,92,230,-138
121900030,431,571,-140
121900031,1431,6033,-4602
121900032,100,32,68
121900033,201,373,-172
121900034,249,202,47
121900035,5670,3291,2379
121900036,151,472,-321
121900037,112,1618,-1506
121900038,33,54,-21
121900039,299,56,243
121900040,39,92,-53
121900041,46,352,-306
121900042,381,242,139
121900043,1,8,-7
121900044,76,19,57
121900046,195,260,-65
121900047,232,121,111
121900048,63,46,17
121900050,19,97,-78
121900051,125,290,-165
121900052,193,52,141
121900053,574,304,270
121900054,279,1923,-1644
121900055,5,16,-11
121900058,404,492,-88
121900059,327,181,146
121900060,105,629,-524
121900061,173,112,61
121900062,113,137,-24
121900063,1446,438,1008
121900064,290,684,-394
121900066,73,20,53
121900067,82,27,55
121900069,154,205,-51
121900070,110,224,-114
121900071,859,280,579
121900072,97,160,-63
121900073,185,391,-206
121900074,341,578,-237
121900075,316,1000,-684
121900076,421,923,-502
121900078,96,14,82
121900079,0,0,0
121900080,1008,301,707
121900082,87,145,-58
121900084,27,23,4
121900086,26,43,-17
121900087,61,165,-104
121900088,1194,2481,-1287
121900089,244,209,35
121900090,36,65,-29
121900091,110,37,73
121900092,135,125,10
121900093,83,58,25
121900094,19,14,5
121900095,373,127,246
121900096,844,862,-18
121900097,722,137,585
121900098,3,2,1
121900099,251,40,211
121900100,73,274,-201
121900101,104,121,-17
121900102,1,103,-102
121900103,354,279,75
121900104,1842,512,1330
121900105,288,151,137
121900106,10,3,7
121900107,83,6,77
121900108,2,21,-19
121900109,220,212,8
121900110,714,525,189
121900111,574,281,293
121900112,91,244,-153
121900113,76,448,-372
121900114,98,85,13
121900117,113,134,-21
121900118,3063,831,2232
121900119,130,51,79
121900120,45,793,-748
121900121,510,46,464
121900122,35,54,-19
121900123,206,347,-141
121900124,333,197,136
121900125,3374,1602,1772
121900127,7,127,-120
121900128,89,56,33
121900129,204,264,-60
121900130,133,289,-156
121900131,328,190,138
121900132,70,66,4
121900133,28,729,-701
121900134,26,669,-643
121900135,5456,479,4977
121900136,362,191,171
121900137,42,306,-264
121900138,43,158,-115
121900139,385,4987,-4602
121900140,47,182,-135
121900141,101,44,57
121900142,98,50,48
121900143,30,136,-106
121900144,178,989,-811
121900145,110,271,-161
121900146,410,733,-323
121900147,88,505,-417
121900148,286,680,-394
121900149,280,453,-173
121900150,68,224,-156
121900151,63,572,-509
121900152,206,75,131
121900153,24,256,-232
121900154,3,587,-584
121900155,2,239,-237
121900156,108,240,-132
121900157,1,371,-370
121900158,69,161,-92
121900159,1,179,-178
121900160,58,415,-357
121900161,207,726,-519
121900162,97,137,-40
121900163,414,181,233
121900164,188,471,-283
121900165,175,251,-76
121900166,69,170,-101
121900167,60,78,-18
121900168,101,130,-29
121900169,24,261,-237
121900170,27,132,-105
121900171,968,965,3
121900172,732,417,315
121900173,739,435,304
121900174,53,61,-8
121900175,84,472,-388
121900176,535,2059,-1524
121900177,126,104,22
121900178,66,104,-38
121900179,478,422,56
121900180,1783,5729,-3946
121900182,664,1266,-602
121900183,443,1549,-1106
121900184,73,1688,-1615
121900186,17,810,-793
121900187,12,141,-129
121900188,826,220,606
121900189,86,49,37
121900190,263,457,-194
121900191,45,945,-900
121900192,194,3274,-3080
121900193,57,433,-376
121900194,14,371,-357
121900195,21,52,-31
121900196,829,1013,-184
121900197,311,1058,-747
121900198,4761,2724,2037
121900199,0,38,-38
121900200,83,185,-102
121900201,835,607,228
121900202,141,718,-577
121900203,72,2189,-2117
121900204,1592,1392,200
121900205,16,184,-168
121900206,12,57,-45
121900207,47,57,-10
121900208,95,790,-695
121900209,50,50,0
121900210,3271,1968,1303
121900211,1234,467,767
121900212,24,205,-181
121900213,354,44,310
121900214,9,472,-463
121900215,49,162,-113
121900216,39,269,-230
121900217,224,248,-24
121900218,123,1243,-1120
121900220,175,31,144
121900221,638,508,130
121900222,296,116,180
121900223,170,179,-9
121900224,107,78,29
121900225,101,268,-167
121900226,264,39,225
121900227,319,1703,-1384
121900228,127,164,-37
121900230,56,367,-311
121900231,30,1657,-1627
121900232,137,462,-325
121900233,465,201,264
121900234,253,186,67
121900235,626,187,439
121900236,295,138,157
121900237,193,775,-582
121900238,191,393,-202
121900239,186,62,124
121900240,167,150,17
121900241,52,46,6
121900242,8,0,8
121900243,15,0,15
121900244,23,8,15
121900245,369,145,224
121900246,9315,766,8549
121900248,1921,817,1104
121900250,142,653,-511
121900251,606,15,591
121900252,311,138,173
121900253,113,1528,-1415
121900254,293,747,-454
121900255,581,149,432
121900258,5393,1417,3976
121900259,163,626,-463
121900260,90,70,20
121900261,102,915,-813
121900262,940,1408,-468
121900263,247,170,77
121900264,861,782,79
121900265,425,121,304
121900266,627,98,529
121900267,93,35,58
121900269,180,866,-686
121900270,43,186,-143
121900271,47,196,-149
121900273,428,1754,-1326
121900274,386,400,-14
121900277,299,1007,-708
121900278,88,1526,-1438
121900279,159,216,-57
121900280,76,707,-631
121900281,108,599,-491
121900284,47,3,44
121900286,144,113,31
121900287,19,21,-2
121900288,1,25,-24
121900290,233,1828,-1595
121900291,418,1401,-983
121900292,173,219,-46
121900293,828,6022,-5194
121900294,447,10,437
121900295,145,131,14
121900296,80,230,-150
121900298,123,1177,-1054
121900299,1,6,-5
121900300,43,6,37
121900301,55,1,54
121900302,8,89,-81
121900303,181,597,-416
121900304,2,17,-15
121900305,3,7,-4
121900306,329,2,327
121900307,156,5,151
121900308,16,84,-68
121900309,2,96,-94
121900310,4,148,-144
121900311,777,24,753
121900312,590,33,557
121900313,570,15,555
121900314,4,7,-3
121900315,62,0,62
121900316,0,6,-6
121900317,47,8,39
121900318,1,6,-5
121900319,38,294,-256
121900320,47,44,3
121900321,30,1,29
121900322,7,5,2
121900323,52,33,19
121900324,3,34,-31
121900325,27,2,25
121900326,7,10,-3
121900327,1,37,-36
121900328,1,29,-28
121900329,0,62,-62
121900330,1,153,-152
121900331,25,150,-125
121900332,64,11,53
121900333,124,2,122
121900334,41,65,-24
122000001,1279,6022,-4743
122000002,2079,1224,855
122000003,1144,3086,-1942
122000004,1216,1303,-87
122000005,7000,3086,3914
122000006,738,1930,-1192
122000007,632,2236,-1604
122000008,1020,3921,-2901
122000009,879,662,217
122000010,3250,3483,-233
122000011,8868,3282,5586
122000012,659,6238,-5579
122000013,555,2986,-2431
122000014,7104,2281,4823
122000015,1157,1034,123
122000016,454,799,-345
122000017,1502,1704,-202
122000018,3375,2529,846
122000019,1012,2828,-1816
122000020,156,768,-612
122000021,165,447,-282
122000022,1547,2282,-735
122000023,1310,2172,-862
122000024,538,4101,-3563
122000025,601,4713,-4112
122000026,298,1805,-1507
122000027,686,974,-288
122000028,2275,915,1360
122000029,221,1310,-1089
122000030,152,215,-63
122000031,166,419,-253
122000032,9741,4473,5268
122000033,428,6828,-6400
122000034,328,1239,-911
122000035,211,769,-558
122000036,520,697,-177
122000037,1443,417,1026
122000038,294,752,-458
122000039,623,1441,-818
122000040,293,392,-99
122000041,1208,1350,-142
122000042,469,1090,-621
122000043,85,245,-160
122000044,108,181,-73
122000045,3439,1645,1794
122000046,1014,2154,-1140
122000047,78,304,-226
122000048,2094,3613,-1519
122000049,8023,4000,4023
122000050,593,1410,-817
122000051,177,682,-505
122000052,443,588,-145
122000053,309,1179,-870
122000054,1462,2862,-1400
122000055,1658,4760,-3102
122000056,2902,2992,-90
122000057,5330,4890,440
122000058,686,3202,-2516
122000059,806,5879,-5073
122000060,236,1822,-1586
122000061,178,1151,-973
122000062,454,274,180
122000063,378,2267,-1889
122000064,2930,8693,-5763
122000065,2284,3803,-1519
122000066,234,1425,-1191
122000067,1132,2275,-1143
122000068,3006,1223,1783
122000069,1506,1817,-311
122000070,1227,1477,-250
122000071,5328,1288,4040
122000072,1921,1466,455
122000073,210,3001,-2791
122000074,2681,1711,970
122000075,1297,1104,193
122000076,13837,2994,10843
122000077,546,3389,-2843
122000078,483,7119,-6636
122000079,224,4034,-3810
122000080,465,1081,-616
122000081,82,356,-274
122000082,254,1900,-1646
122000083,6738,936,5802
122000084,6255,1682,4573
122000085,352,906,-554
122000086,3889,7787,-3898
122000087,307,455,-148
122000088,57,331,-274
122000089,7220,2753,4467
122000090,307,1356,-1049
122000091,116,745,-629
122000092,38,104,-66
122000093,1736,5731,-3995
122000094,7139,3625,3514
122000095,661,5563,-4902
122000096,364,3102,-2738
122000098,4368,4988,-620
122000099,607,2408,-1801
122000100,737,1115,-378
122000101,396,418,-22
122000102,3802,1085,2717
122000103,1293,1785,-492
122000104,2835,173,2662
122000105,637,801,-164
122000106,461,2938,-2477
122000107,1255,548,707
122000108,844,912,-68
122000109,614,331,283
122000110,940,906,34
122000111,4941,1669,3272
122000112,2289,1710,579
122000113,940,1079,-139
122000114,1722,4168,-2446
122000115,2378,1374,1004
122000116,415,640,-225
122000117,1680,472,1208
122000118,758,607,151
122000119,3160,2055,1105
122000120,776,4150,-3374
122000121,725,2252,-1527
122000122,332,805,-473
122000123,1029,1550,-521
122000124,627,565,62
122000125,463,562,-99
122000126,330,670,-340
122000127,354,677,-323
122000128,261,405,-144
122000129,416,1937,-1521
122000130,2701,1378,1323
122000131,885,1444,-559
122000132,196,620,-424
122000133,864,970,-106
122000134,1173,664,509
122000135,461,332,129
122000136,990,574,416
122000137,2180,982,1198
122000139,854,3526,-2672
122000140,276,1823,-1547
122000141,5526,3248,2278
122000142,112,3240,-3128
122000143,284,733,-449
122000144,1367,1686,-319
122000145,608,1237,-629
122000146,499,4046,-3547
122000147,552,1030,-478
122000148,497,1712,-1215
122000149,1717,1321,396
122000150,1425,944,481
122000151,112,452,-340
122000152,331,412,-81
122000153,456,619,-163
122000154,324,244,80
122000155,1608,2503,-895
122000156,10167,4929,5238
122000157,642,9822,-9180
122000158,348,1266,-918
122000159,580,1757,-1177
122000160,1881,2262,-381
122000161,1002,1209,-207
122000162,885,1788,-903
122000163,413,202,211
122000164,83,281,-198
122000165,1456,1857,-401
122000166,819,3131,-2312
122000167,360,639,-279
122000168,204,1440,-1236
122000169,454,291,163
122000170,385,480,-95
122000171,31,128,-97
122000172,2408,1580,828
122000173,1818,3042,-1224
122000174,1532,2257,-725
122000175,792,550,242
122000176,316,1869,-1553
122000177,957,1869,-912
122000178,7940,4129,3811
122000179,4119,4703,-584
122000180,699,1181,-482
122000181,815,2260,-1445
122000182,1689,1116,573
122000183,2683,1142,1541
122000184,3293,4034,-741
122000185,1111,4370,-3259
122000186,819,2922,-2103
122000187,1770,1565,205
122000188,440,471,-31
122000189,195,554,-359
122000190,736,2706,-1970
122000191,711,889,-178
122000192,1099,475,624
122000193,362,791,-429
122000194,500,301,199
122000195,125,1032,-907
122000196,868,388,480
122000197,436,716,-280
122000198,456,3180,-2724
122000199,381,628,-247
122000200,1093,881,212
122000201,1469,3499,-2030
122000202,862,2681,-1819
122000203,2302,1466,836
122000204,1173,1585,-412
122000205,557,877,-320
122000206,5714,1249,4465
122000207,1825,1955,-130
122000208,2036,2531,-495
122000209,2247,874,1373
122000210,2076,3051,-975
122000211,1009,1866,-857
122000212,757,626,131
122000213,921,1673,-752
122000214,1660,1763,-103
122000215,2302,1948,354
122000217,1368,3156,-1788
122000218,783,72,711
122000219,1207,961,246
122000220,224,746,-522
122000221,111,288,-177
122000222,582,171,411
122000223,910,669,241
122000225,610,549,61
122000226,1505,1369,136
122000227,228,1775,-1547
122000228,248,307,-59
122000229,65,430,-365
122000230,39,327,-288
122000231,260,632,-372
122000232,491,620,-129
122000233,0,65,-65
122000234,525,62,463
122000235,467,76,391
122000236,1437,60,1377
122000237,104,87,17
122000238,230,319,-89
122000239,799,157,642
122000240,1597,668,929
122000241,2081,516,1565
122000242,694,163,531
122000243,467,52,415
122000244,162,261,-99
122000245,134,139,-5
122000246,432,195,237
122000247,658,297,361
122000248,883,736,147
122000249,1662,1120,542
122000250,2145,1181,964
122000251,85,412,-327
122000252,160,125,35
122000253,40,180,-140
122000254,332,74,258
122000255,573,664,-91
122000256,209,429,-220
122000257,133,105,28
122000258,324,263,61
122000259,30,225,-195
122000260,3,60,-57
122000261,16,284,-268
122000262,1,37,-36
122000263,255,475,-220
122000264,1592,432,1160
122000265,2785,1185,1600
122000266,3794,694,3100
122000267,81,126,-45
122000268,179,467,-288
122000269,939,451,488
122000270,480,242,238
122000271,277,2287,-2010
122000272,422,1597,-1175
122000273,504,670,-166
122000274,339,196,143
122000275,64,206,-142
122000276,1145,435,710
122000277,1187,1467,-280
122000278,2067,335,1732
122000279,193,209,-16
122000280,584,340,244
122000281,650,477,173
122000282,209,390,-181
122000283,154,197,-43
122000284,151,79,72
122000285,287,77,210
122000286,29,158,-129
122000287,1600,1263,337
122000288,596,264,332
122000291,3313,804,2509
122000293,166,115,51
122000294,171,373,-202
122000295,1265,246,1019
122000296,25,975,-950
122000297,1805,3948,-2143
122000299,684,609,75
122000300,392,368,24
122000301,6635,3720,2915
122000302,391,2269,-1878
122000303,1707,903,804
122000304,69,192,-123
122000305,1322,700,622
122000306,56,308,-252
122000307,111,137,-26
122000309,63,35,28
122000310,23,110,-87
122000311,67,116,-49
122000312,100,352,-252
122000313,70,132,-62
122000314,116,482,-366
122000315,312,49,263
122000316,1181,295,886
122000317,2449,377,2072
122000318,355,912,-557
122000319,124,486,-362
122000320,268,919,-651
122000321,54,127,-73
122000322,1984,2462,-478
122000323,600,4714,-4114
122000324,2363,3074,-711
122000325,686,6669,-5983
122000326,186,64,122
122000327,433,1213,-780
122000328,472,371,101
122000330,3318,2634,684
122000332,224,394,-170
122000333,12,71,-59
122000337,1014,344,670
122000338,451,225,226
122000340,186,4326,-4140
122000342,1535,595,940
122000343,619,477,142
122000344,98,10,88
122000345,26,16,10
122000346,209,158,51
122000348,692,713,-21
122000349,65,431,-366
122000351,212,317,-105
122000352,196,171,25
122000353,174,92,82
122000355,140,280,-140
122000356,391,2773,-2382
122000357,79,21,58
122000358,2,16,-14
122000359,0,24,-24
122000360,0,15,-15
122000362,5,24,-19
122000364,278,174,104
122000365,2,27,-25
122000366,13,8,5
122000368,465,752,-287
122000370,21,23,-2
122000371,38,1,37
122000372,10,1,9
122000381,194,441,-247
122000382,79,191,-112
122000384,1477,1466,11
122000385,66,0,66
122000386,148,2228,-2080
122000387,409,1657,-1248
122000388,934,1530,-596
122000389,177,2235,-2058
122000390,367,535,-168
122000391,197,1472,-1275
122000392,166,152,14
122000393,46,125,-79
122000394,682,170,512
122000395,114,114,0
122000396,369,94,275
122000397,20,50,-30
122000398,9,54,-45
122000399,161,82,79
122000400,58,1555,-1497
122000401,146,70,76
122000402,393,234,159
122000403,435,319,116
122000404,184,169,15
122000408,516,790,-274
122000503,5,66,-61
122000524,76,479,-403
122000544,79,2359,-2280
122000614,294,379,-85
122000616,192,2,190
122000640,134,56,78
122000641,199,188,11
122000642,1317,547,770
122000643,31,209,-178
122000644,98,27,71
122000645,53,197,-144
122000651,457,4042,-3585
122000664,172,88,84
122000665,1493,663,830
122000666,535,1030,-495
122000673,38,124,-86
122000674,298,123,175
122000675,1864,447,1417
122000686,374,2027,-1653
122000687,1584,349,1235
122000688,263,270,-7
122000689,1114,138,976
122000690,3042,220,2822
122000691,901,516,385
122000692,1079,223,856
122000693,326,784,-458
122000695,341,186,155
122000696,659,80,579
122000698,341,198,143
122000699,236,44,192
122000701,2182,234,1948
122000702,464,1247,-783
122000703,241,106,135
122000712,0,1,-1
122000717,64,84,-20
122000718,595,3014,-2419
122000719,115,106,9
122000720,927,70,857
122000724,224,275,-51
122900001,74,12,62
122900002,609,6267,-5658
122900003,421,22,399
122900004,1780,95,1685
122900005,66,79,-13
122900006,269,817,-548
122900007,73,104,-31
122900008,161,188,-27
122900009,1267,411,856
122900010,246,143,103
122900012,157,433,-276
122900014,118,121,-3
122900015,798,1101,-303
122900016,137,200,-63
122900017,222,1639,-1417
122900018,241,13,228
122900019,7,88,-81
122900020,133,318,-185
122900021,45,249,-204
122900022,1277,692,585
122900023,497,96,401
122900024,108,110,-2
122900025,5,301,-296
122900026,26,126,-100
122900027,35,450,-415
122900028,74,106,-32
122900029,6586,2282,4304
122900030,2453,443,2010
122900031,53,414,-361
122900032,605,327,278
122900033,144,155,-11
122900034,3360,3980,-620
122900035,135,79,56
122900036,41,46,-5
122900037,495,324,171
122900038,88,3120,-3032
122900039,53,467,-414
122900040,206,1504,-1298
122900041,246,395,-149
122900042,128,282,-154
122900043,298,218,80
122900044,117,316,-199
122900045,177,318,-141
122900046,107,276,-169
122900047,118,235,-117
122900048,17,242,-225
122900049,3540,186,3354
122900051,27,646,-619
122900052,184,85,99
122900053,12,19,-7
122900055,279,74,205
122900057,251,45,206
122900061,469,90,379
122900062,498,671,-173
122900063,251,153,98
122900064,623,387,236
122900065,596,299,297
122900066,715,285,430
122900067,648,422,226
122900069,459,1448,-989
122900070,368,49,319
122900071,142,235,-93
122900073,19,88,-69
122900074,948,183,765
122900075,1,66,-65
122900076,2,242,-240
122900077,7,41,-34
122900078,237,17,220
122900080,27,75,-48
122900081,150,142,8
122900082,1002,149,853
122900083,90,75,15
122900084,9,96,-87
122900086,12,112,-100
122900087,456,408,48
122900088,61,947,-886
122900089,8,109,-101
122900090,10,370,-360
122900091,421,4,417
122900092,0,78,-78
122900093,0,101,-101
122900094,3,93,-90
122900095,237,53,184
122900096,724,273,451
122900097,107,146,-39
122900098,38,141,-103
122900099,131,21,110
122900100,52,849,-797
122900101,493,317,176
122900102,67,74,-7
122900103,294,8,286
122900104,328,9,319
122900105,41,22,19
122900106,13,26,-13
122900107,6,40,-34
122900108,8,90,-82
122900109,350,128,222
123000001,679,1702,-1023
123000002,2239,7768,-5529
123000003,5117,4480,637
123000004,3027,4108,-1081
123000005,3427,2792,635
123000006,2355,1851,504
123000007,4096,2895,1201
123000008,2415,2602,-187
123000009,4032,2936,1096
123000010,3198,3994,-796
123000011,1402,2196,-794
123000012,630,4758,-4128
123000013,4578,1708,2870
123000014,838,3906,-3068
123000015,2146,1421,725
123000016,2625,2681,-56
123000017,4806,2050,2756
123000018,92,137,-45
123000019,675,47,628
123000020,439,36,403
123000021,279,268,11
123000022,536,2070,-1534
123000023,2346,2674,-328
123000024,1910,1184,726
123000025,390,124,266
123000026,46,186,-140
123000027,54,1025,-971
123000028,723,1758,-1035
123000029,436,1566,-1130
123000030,227,57,170
123000031,351,189,162
123000032,794,97,697
123000033,386,172,214
123000034,1231,842,389
123000035,465,620,-155
123000036,218,1483,-1265
123000037,255,131,124
123000038,58,346,-288
123000039,477,1806,-1329
123000040,437,252,185
123000041,673,1836,-1163
123000042,408,1553,-1145
123000043,1484,12028,-10544
123000044,2556,2527,29
123000045,3299,2260,1039
123000046,271,1380,-1109
123000047,744,1607,-863
123000048,61,1623,-1562
123000049,5274,10002,-4728
123000050,2285,1708,577
123000051,103,212,-109
123000052,830,3632,-2802
123000053,2463,3076,-613
123000054,2648,1616,1032
123000055,2056,4951,-2895
123000056,1001,793,208
123000057,3677,5119,-1442
123000058,607,1385,-778
123000059,247,424,-177
123000060,1161,463,698
123000061,327,628,-301
123000063,1225,1020,205
123000064,1583,259,1324
123000065,3321,2212,1109
123000066,465,575,-110
123000067,1055,473,582
123000068,1699,2086,-387
123000069,3158,1396,1762
123000070,191,496,-305
123000071,2285,896,1389
123000072,1335,463,872
123000073,2869,969,1900
123000074,1268,797,471
123000075,580,1960,-1380
123000076,789,451,338
123000077,2384,1443,941
123000078,3577,1643,1934
123000079,2843,1739,1104
123000080,2595,812,1783
123000081,238,315,-77
123000082,355,1157,-802
123000083,1370,388,982
123000084,871,556,315
123000085,598,143,455
123000086,1213,90,1123
123000087,587,257,330
123000088,1698,673,1025
123000089,1165,999,166
123000090,1646,823,823
123000091,2015,1548,467
123000092,1074,1183,-109
123000094,762,245,517
123000095,1171,606,565
123000096,1521,333,1188
123000097,844,342,502
123000098,1284,477,807
123000099,779,381,398
123000100,277,852,-575
123000101,410,516,-106
123000102,659,942,-283
123000104,566,511,55
123000105,280,457,-177
123000106,581,466,115
123000107,298,413,-115
123000108,481,901,-420
123000111,1305,438,867
123000112,1340,458,882
123000113,531,535,-4
123000114,476,801,-325
123000115,383,285,98
123000116,74,87,-13
123000117,1868,1068,800
123000118,538,467,71
123000119,271,500,-229
123000120,306,478,-172
123000121,744,1076,-332
123000122,477,334,143
123000123,634,738,-104
123000124,408,370,38
123000125,1299,1200,99
123000126,1429,7934,-6505
123000127,563,776,-213
123000128,244,366,-122
123000129,962,278,684
123000130,875,105,770
123000131,1710,1181,529
123000132,314,593,-279
123000133,133,256,-123
123000134,229,136,93
123000135,1990,703,1287
123000136,211,419,-208
123000137,126,192,-66
123000138,151,230,-79
123000139,720,151,569
123000140,42,326,-284
123000141,635,119,516
123000142,1082,771,311
123000143,862,1670,-808
123000144,7,39,-32
123000145,177,295,-118
123000146,17,247,-230
123000147,56,192,-136
123000149,316,354,-38
123000150,141,233,-92
123000151,201,663,-462
123000152,19,338,-319
123000153,92,770,-678
123000154,962,2118,-1156
123000155,1771,1303,468
123000156,16,149,-133
123000157,579,777,-198
123000158,508,1054,-546
123000159,3113,3705,-592
123000160,1454,1541,-87
123000161,1553,991,562
123000162,1490,1894,-404
123000163,915,237,678
123000164,2468,238,2230
123000165,400,824,-424
123000166,35,77,-42
123000167,168,188,-20
123000168,436,123,313
123000169,1061,136,925
123000170,150,47,103
123000171,1156,9,1147
123000172,115,385,-270
123000173,743,420,323
123000174,816,522,294
123000175,381,844,-463
123000176,1047,289,758
123000177,202,797,-595
123000178,1150,184,966
123000179,35,413,-378
123000180,1474,468,1006
123000181,162,527,-365
123000183,157,637,-480
123000184,104,376,-272
123000186,6,277,-271
123000187,649,13,636
123000188,345,3,342
123000189,241,218,23
123000190,112,104,8
123000192,16,289,-273
123000193,79,483,-404
123000194,244,265,-21
123000195,426,40,386
123000196,564,23,541
123000197,109,114,-5
123000198,58,611,-553
123000199,17,487,-470
123000200,883,5,878
123000201,1587,16,1571
123000202,20,426,-406
123000203,1326,47,1279
123000204,64,375,-311
123000205,261,603,-342
123000206,2988,292,2696
123000207,57,446,-389
123000208,865,243,622
123000209,2354,732,1622
123000210,265,1128,-863
123000211,307,1382,-1075
123000212,4096,504,3592
123000213,651,82,569
123000215,123,253,-130
123000216,158,1032,-874
123000217,259,35,224
123000218,26,629,-603
123000219,769,99,670
123000220,664,103,561
123000221,230,298,-68
123000222,292,256,36
123000223,535,137,398
123000224,467,270,197
123000225,373,53,320
123000226,154,413,-259
123000227,115,237,-122
123000228,257,50,207
123000229,651,960,-309
123000232,130,435,-305
123000233,1056,103,953
123000234,244,479,-235
123000235,1448,295,1153
123000236,251,399,-148
123000237,510,121,389
123000238,48,314,-266
123000239,451,607,-156
123000240,101,1230,-1129
123000241,465,127,338
123000242,122,350,-228
123000243,827,755,72
123000244,692,397,295
123000245,30,123,-93
123000249,271,437,-166
123000252,1011,377,634
123000253,1555,594,961
123000254,723,669,54
123000255,970,778,192
123000256,15,119,-104
123000257,1764,840,924
123000258,1380,629,751
123000259,715,536,179
123000260,786,259,527
123000261,325,207,118
123000262,91,109,-18
123000263,489,126,363
123000264,156,169,-13
123000265,27,117,-90
123000266,518,460,58
123000267,640,272,368
123000268,34,38,-4
123000269,95,95,0
123000270,32,69,-37
123000271,61,44,17
123000272,800,365,435
123000273,257,1017,-760
123000274,1113,787,326
123000275,251,768,-517
123000278,1590,2767,-1177
123000279,153,74,79
123000280,407,238,169
123000281,340,173,167
123000282,73,350,-277
123000283,213,101,112
123000284,52,38,14
123000286,131,545,-414
123000287,312,433,-121
123000288,915,1236,-321
123000289,212,1474,-1262
123000291,129,907,-778
123000294,139,288,-149
123000295,565,1101,-536
123000296,726,470,256
123000297,907,344,563
123000298,1214,276,938
123000299,200,176,24
123000300,2039,1380,659
123000301,178,532,-354
123000302,155,120,35
123000303,52,395,-343
123000305,1134,1072,62
123000306,282,50,232
123000309,32,85,-53
123000310,55,68,-13
123000311,0,87,-87
123000312,619,616,3
123000313,1732,775,957
123000315,138,216,-78
123000316,769,641,128
123000317,290,111,179
123000318,78,185,-107
123000329,4,25,-21
123000337,334,525,-191
123000338,143,221,-78
123000339,440,60,380
123000340,114,200,-86
123000342,11,103,-92
123000343,69,40,29
123000344,552,283,269
123000345,351,584,-233
123000346,697,42,655
123000352,1249,828,421
123000353,109,115,-6
123000354,235,3,232
123000355,0,197,-197
123000356,546,14,532
123000357,0,73,-73
123000359,28,83,-55
123000360,255,142,113
123000361,225,170,55
123000362,413,77,336
123000363,90,123,-33
123000364,555,661,-106
123000365,17,482,-465
123000366,354,2879,-2525
123000367,539,573,-34
123000370,36,534,-498
123000371,437,121,316
123000372,475,32,443
123000373,4,320,-316
123000374,21,66,-45
123000375,520,45,475
123000376,997,861,136
123000377,493,32,461
123000378,12,191,-179
123000379,6,232,-226
123000380,19,295,-276
123000381,49,98,-49
123000382,435,103,332
123000383,152,711,-559
123000384,663,158,505
123000385,136,599,-463
123000436,32,668,-636
123000507,77,160,-83
123000508,260,1641,-1381
123000517,310,44,266
123000518,36,138,-102
123000519,204,81,123
123000520,80,88,-8
123000521,794,138,656
123000522,110,238,-128
123000541,5,0,5
123000542,0,3,-3
123000565,1249,21,1228
123000566,477,175,302
123000567,59,89,-30
123000573,37,613,-576
123000574,682,77,605
123000575,1704,633,1071
123000576,723,950,-227
123000577,96,695,-599
123000578,328,164,164
123000579,1020,8125,-7105
123000580,154,83,71
123000582,405,48,357
123000583,9,302,-293
123000584,222,318,-96
123000585,0,49,-49
123000586,131,6,125
123000596,62,114,-52
123000597,47,301,-254
123000602,190,18,172
123000603,1425,598,827
123000604,811,335,476
123000605,754,26,728
123000606,0,437,-437
123000609,25,347,-322
123000610,99,76,23
123000613,52,206,-154
123000614,234,47,187
123000615,117,112,5
123000616,737,77,660
123000617,103,145,-42
123000618,35,453,-418
123000619,311,71,240
123000620,21,333,-312
123000622,466,6,460
123000624,198,53,145
123000630,2147,297,1850
123000631,287,548,-261
123000632,816,840,-24
123000633,34,244,-210
123000634,67,358,-291
123000635,66,143,-77
123000636,246,541,-295
123000637,182,16,166
123000638,548,33,515
123000639,655,5447,-4792
123000640,16,324,-308
123000648,673,140,533
123000649,29,362,-333
123000650,847,327,520
123000651,111,312,-201
123900001,891,58,833
123900002,33,1227,-1194
123900003,124,361,-237
123900005,329,288,41
123900006,434,109,325
124000001,1671,142,1529
124000002,37,916,-879
124000003,1213,154,1059
124000004,85,418,-333
124000005,1410,732,678
124000006,151,346,-195
124000007,599,83,516
124000008,24,351,-327
124000009,1060,269,791
124000010,294,245,49
124000011,891,358,533
124000012,192,214,-22
124000017,291,128,163
124000018,92,44,48
124000019,229,217,12
124000020,28,72,-44
124000021,158,130,28
124000022,64,120,-56
124000023,1212,1452,-240
124000024,1077,475,602
124000025,1139,1601,-462
124000026,893,878,15
124000027,3185,3934,-749
124000028,1076,2727,-1651
124000030,1186,587,599
124000031,1330,4699,-3369
124000032,1160,502,658
124000033,855,685,170
124000034,540,696,-156
124000035,331,198,133
124000036,174,330,-156
124000037,332,966,-634
124000038,11,99,-88
124000039,308,244,64
124000040,152,899,-747
124000041,369,148,221
124000042,119,301,-182
124000043,102,136,-34
124000044,86,139,-53
124000045,1221,288,933
124000046,199,521,-322
124000047,1932,557,1375
124000048,798,510,288
124000049,2132,430,1702
124000050,853,913,-60
124000051,1413,352,1061
124000052,664,422,242
124000053,659,2258,-1599
124000054,521,248,273
124000055,1102,4421,-3319
124000056,1246,736,510
124000057,1500,491,1009
124000058,553,804,-251
124000059,1241,1283,-42
124000060,492,451,41
124000061,1541,6630,-5089
124000062,1426,1229,197
124000063,1323,976,347
124000064,1289,935,354
124000065,47,242,-195
124000066,284,135,149
124000067,187,107,80
124000068,131,283,-152
124000069,743,129,614
124000070,294,225,69
124000071,420,138,282
124000072,227,141,86
124000073,1005,184,821
124000074,164,354,-190
124000075,389,20,369
124000076,35,62,-27
124000077,410,544,-134
124000078,1366,1343,23
124000079,204,998,-794
124000080,952,176,776
124000081,206,336,-130
124000082,86,228,-142
124000083,14,79,-65
124000084,58,914,-856
124000085,69,32,37
124000086,14,157,-143
124000087,102,134,-32
124000088,73,440,-367
124000089,709,170,539
124000090,209,192,17
124000091,650,94,556
124000092,213,387,-174
124000093,145,96,49
124000094,124,362,-238
124000095,135,112,23
124000096,227,198,29
124000097,221,132,89
124000098,96,90,6
124000099,303,100,203
124000100,47,169,-122
124000101,158,162,-4
124000102,134,40,94
124000103,242,153,89
124000104,142,45,97
124000105,197,140,57
124000106,151,34,117
124000107,26,319,-293
124000108,50,15,35
124000109,246,105,141
124000110,109,76,33
124000111,282,86,196
124000112,1021,454,567
124000113,105,139,-34
124000114,478,238,240
124000115,298,654,-356
124000116,122,246,-124
124000117,25,125,-100
124000118,35,123,-88
124000119,964,1055,-91
124000120,629,873,-244
124000121,1060,592,468
124000122,397,1127,-730
124000123,899,438,461
124000124,248,584,-336
124000125,477,401,76
124000126,234,355,-121
124000127,1095,312,783
124000128,481,501,-20
124000129,1729,1323,406
124000130,376,416,-40
124000131,738,726,12
124000132,471,528,-57
124000133,1283,903,380
124000134,713,497,216
124000135,1375,1674,-299
124000136,461,741,-280
124000137,818,785,33
124000138,792,987,-195
124000139,485,202,283
124000140,36,535,-499
124000141,972,38,934
124000142,48,353,-305
124000143,102,13,89
124000144,12,95,-83
124000145,178,44,134
124000146,40,60,-20
124000148,73,104,-31
124000149,1091,300,791
124000150,226,571,-345
124000151,1008,393,615
124000152,780,947,-167
124000153,727,651,76
124000154,322,483,-161
124000155,1208,764,444
124000156,710,705,5
124000169,161,634,-473
124000170,968,616,352
124000171,391,339,52
124000172,322,528,-206
124000173,909,192,717
124000174,398,525,-127
124000175,4,45,-41
124000176,60,22,38
124000177,5,23,-18
124000178,56,62,-6
124000185,61,11,50
124000186,12,34,-22
124000187,0,59,-59
124000188,82,19,63
124000190,38,70,-32
124000191,31,387,-356
124000192,770,514,256
124000193,111,2240,-2129
124000194,226,406,-180
124000195,367,582,-215
124000196,758,713,45
124000197,37,73,-36
124000198,63,65,-2
124000201,142,388,-246
124000202,562,33,529
124000203,617,134,483
124000204,1195,94,1101
124000205,140,200,-60
124000206,918,77,841
124000207,0,20,-20
124000209,243,110,133
124000210,769,188,581
124000211,868,14,854
124000212,0,113,-113
124000213,701,140,561
124000214,539,390,149
124000215,442,27,415
124000216,2,114,-112
124000329,8,219,-211
124000338,197,460,-263
124000339,1602,84,1518
124000341,1850,70,1780
124000344,78,45,33
124000357,1022,2497,-1475
124000358,791,1552,-761
124000359,1087,877,210
124000360,1068,484,584
124000361,1321,1003,318
124000362,1180,1609,-429
124000363,381,285,96
124000364,471,452,19
124000365,687,835,-148
124000366,1882,546,1336
124000367,81,202,-121
124000368,485,646,-161
124000369,59,75,-16
124000370,61,472,-411
124000402,43,9,34
124000403,141,26,115
124000404,24,41,-17
124000405,755,563,192
124000406,424,445,-21
124000407,0,15,-15
124000411,5,146,-141
124000412,571,24,547
124000413,103,166,-63
124000414,161,139,22
124000415,59,33,26
124000416,159,168,-9
124000417,345,118,227
124000418,399,59,340
124000419,188,58,130
124000420,171,50,121
124000421,68,38,30
124000422,20,22,-2
124000423,154,31,123
124000424,5,37,-32
124000425,139,4,135
124000426,2,62,-60
124000427,218,6,212
124000428,8,297,-289
124000429,63,24,39
124000430,597,227,370
124000431,485,217,268
124000432,248,574,-326
124000439,4,9,-5
124000443,0,8,-8
124000445,168,2536,-2368
124000446,592,342,250
124000447,32,177,-145
124000448,176,8,168
124000449,201,11,190
124000450,27,36,-9
124000451,0,11,-11
124900001,1014,394,620
124900002,315,150,165
124900003,1364,403,961
124900004,1225,206,1019
124900005,199,80,119
124900006,1057,219,838
124900008,709,394,315
124900009,61,379,-318
124900010,143,210,-67
124900011,548,329,219
124900012,425,82,343
124900013,602,149,453
124900014,451,39,412
124900015,150,366,-216
124900016,66,96,-30
124900017,398,2269,-1871
124900018,75,8,67
124900020,163,44,119
124900021,380,43,337
124900022,42,2,40
124900024,417,10,407
124900026,71,54,17
124900027,135,426,-291
124900028,226,108,118
124900029,24,560,-536
124900030,1,39,-38
124900031,35,148,-113
124900032,107,228,-121
124900033,157,244,-87
124900034,10,61,-51
124900035,177,293,-116
124900036,0,73,-73
124900037,171,141,30
124900039,5,55,-50
124900040,155,83,72
124900042,47,3,44
124900043,669,488,181
124900044,113,4,109
124900045,282,903,-621
124900047,258,320,-62
124900048,269,74,195
124900050,212,99,113
124900052,84,226,-142
124900053,331,237,94
124900054,556,460,96
124900055,2,244,-242
124900057,8,37,-29
124900060,297,393,-96
124900061,113,6,107
124900062,205,19,186
124900066,0,93,-93
124900067,3,70,-67
124900068,121,498,-377
124900070,67,31,36
124900072,137,28,109
124900075,521,135,386
124900076,28,2093,-2065
124900077,28,83,-55
124900078,76,13,63
124900079,204,174,30
124900080,571,308,263
124900081,1558,246,1312
124900082,612,784,-172
124900083,586,681,-95
124900085,1117,1130,-13
124900086,21,1162,-1141
124900087,743,113,630
124900088,341,220,121
124900089,538,17,521
124900090,645,245,400
124900091,337,170,167
124900092,285,140,145
124900093,523,114,409
124900094,765,232,533
124900095,92,594,-502
124900096,330,164,166
124900097,557,52,505
124900098,189,186,3
124900099,170,515,-345
124900100,355,57,298
124900101,180,339,-159
124900102,328,10,318
124900103,194,118,76
124900104,34,94,-60
124900105,112,91,21
124900106,295,39,256
124900107,103,17,86
124900108,152,142,10
124900111,0,257,-257
124900112,263,295,-32
124900113,56,252,-196
124900114,71,147,-76
124900115,112,25,87
124900116,327,345,-18
124900117,185,225,-40
124900118,84,988,-904
124900119,296,163,133
124900120,17,189,-172
124900121,67,346,-279
124900122,177,159,18
124900123,195,101,94
124900124,36,381,-345
204000001,256,7,249
204000002,18,4,14
204000003,9,1,8
204000004,1,1,0
204000005,562,521,41
204000006,981,1221,-240
204000011,9,36,-27
204000012,67,112,-45
204000019,1121,369,752
204000020,1185,610,575
204000021,1409,760,649
204000022,1289,430,859
204000023,571,478,93
204000031,52,10,42
204000032,224,20,204
204000034,65,78,-13
204000035,3,0,3
204000036,3,8,-5
204000037,2,39,-37
204000038,1,9,-8
204000039,10,5,5
204000040,4,7,-3
204000041,3,8,-5
204000042,14,23,-9
204000043,21,3,18
204000044,50,4,46
204000045,34,2,32
204000046,10,2,8
204000057,8,2,6
204000062,33,43,-10
204000068,30,629,-599
204000069,117,519,-402
204000070,60,59,1
204000080,105,79,26
204000085,1410,1037,373
204000086,1840,1175,665
204000087,45,12,33
204000088,9,69,-60
204000090,200,178,22
204000093,503,84,419
204000096,1446,910,536
204000097,414,25,389
204000099,1132,2108,-976
204000100,1828,1382,446
204000105,1046,640,406
204000110,325,815,-490
204000111,631,417,214
204000112,536,424,112
204000113,256,532,-276
204000114,963,1179,-216
204000115,1169,513,656
204000116,585,777,-192
204000119,2192,2116,76
204000132,750,526,224
204000133,799,145,654
204000134,199,59,140
204000135,698,45,653
204000136,446,172,274
204000138,373,632,-259
204000140,229,122,107
204000141,183,43,140
204000144,15,20,-5
204000145,501,41,460
204000146,19,258,-239
204000147,38,210,-172
204000148,238,31,207
204000154,9,3,6
204000155,0,1,-1
204000177,84,43,41
204000179,96,24,72
204000180,0,37,-37
204000222,5,7,-2
204000235,23,16,7
204000236,31,224,-193
204000238,5,36,-31
204000240,268,59,209
204000263,625,858,-233
204000268,645,553,92
204000308,155,34,121
204000317,17,77,-60
204000322,18,58,-40
204000323,32,3,29
204000328,224,77,147
204000329,130,167,-37
204000330,192,35,157
204000331,194,199,-5
205000001,574,913,-339
205000013,20,75,-55
205000014,50,62,-12
205000015,52,70,-18
205000016,17,64,-47
205000017,43,58,-15
205000022,252,543,-291
205000025,1250,641,609
205000029,348,10,338
205000045,140,554,-414
205000046,126,515,-389
205000047,76,260,-184
205000048,473,398,75
205000049,185,505,-320
205000050,719,223,496
205000059,0,131,-131
205000060,0,151,-151
205000061,3,492,-489
205000062,0,603,-603
205000063,18,645,-627
205000064,23,103,-80
205000065,146,529,-383
205000066,102,380,-278
205000067,82,477,-395
205000069,154,16,138
205000082,151,124,27
205000110,113,132,-19
205000111,220,187,33
205000112,189,191,-2
205000113,87,191,-104
205000121,191,44,147
205000123,40,139,-99
205000126,577,67,510
205000127,940,132,808
205000128,505,54,451
205000129,757,41,716
205000130,74,16,58
205000131,42,14,28
205000132,89,6,83
205000133,59,0,59
205000134,231,0,231
205000137,136,67,69
205000138,137,146,-9
205000139,54,81,-27
205000144,125,96,29
205000145,405,144,261
205000151,163,34,129
205000152,142,20,122
205000153,222,13,209
205000154,71,32,39
205000155,149,14,135
205000207,5,116,-111
205000233,29,1,28
205000234,0,0,0
205000243,3,0,3
205000244,0,2,-2
205000245,11,179,-168
205000249,0,6,-6
205000250,13,0,13
205000264,18,89,-71
206000027,1,6,-5
206000028,3,4,-1
206000043,4,55,-51
206000053,2,3,-1
206000054,3,12,-9
206000055,0,5,-5
206000075,11,10,1
206000076,7,20,-13
206000077,12,11,1
206000078,11,11,0
206000079,11,5,6
206000082,351,121,230
206000100,22,387,-365
206000103,0,13,-13
206000104,7,10,-3
206000105,2,9,-7
206000106,1,49,-48
206000125,104,0,104
206000157,24,388,-364
206000170,1,81,-80
206000171,3,159,-156
206000172,13,87,-74
206000173,1,102,-101
206000174,12,35,-23
206000175,4,39,-35
206000176,26,62,-36
206000177,0,27,-27
206000178,2,162,-160
206000179,1,164,-163
206000180,6,70,-64
206000181,8,23,-15
206000182,5,81,-76
206000183,5,71,-66
206000184,3,86,-83
206000185,8,27,-19
206000186,87,261,-174
206000223,0,174,-174
206000226,20,0,20
206000227,40,5,35
206000237,19,93,-74
206000238,26,186,-160
206000239,214,1032,-818
206000240,0,66,-66
206000241,0,61,-61
206000242,3,130,-127
206000243,6,75,-69
206000244,64,148,-84
206000245,1001,41,960
206000246,420,15,405
206000247,435,9,426
206000248,480,36,444
206000252,33,42,-9
206000258,10,54,-44
206000315,56,4,52
206000317,609,105,504
206000318,877,84,793
206000319,2109,70,2039
206000320,376,27,349
206000321,399,7,392
206000322,683,33,650
206000323,304,7,297
206000324,344,8,336
206000325,230,6,224
206000326,161,15,146
206000327,62,16,46
206000328,210,2,208
206000329,341,3,338
206000330,39,2,37
206000331,284,1,283
206000332,38,4,34
206000333,943,3,940
206000334,310,4,306
206000335,0,23,-23
206000361,6,121,-115
206000392,4,18,-14
206000405,111,0,111
206000441,91,23,68
206000498,58,25,33
206000515,43,37,6
206000530,392,53,339
206000531,249,383,-134
206000532,1345,524,821
206000535,93,3800,-3707
206000536,11,48,-37
206000537,19,110,-91
206000613,1288,214,1074
206000784,521,50,471
207000001,111,484,-373
207000002,117,437,-320
207000003,128,160,-32
207000007,1733,244,1489
207000008,113,8,105
207000009,97,26,71
207000010,319,215,104
207000012,442,146,296
207000015,255,484,-229
207000019,309,93,216
207000021,331,183,148
207000022,183,164,19
207000023,216,70,146
207000024,3,31,-28
207000025,21,80,-59
207000026,99,37,62
207000027,11,62,-51
207000028,74,109,-35
207000029,126,328,-202
207000033,250,443,-193
207000034,320,126,194
207000039,518,73,445
207000040,630,32,598
207000041,42,36,6
207000042,132,60,72
207000043,245,144,101
207000051,130,183,-53
207000052,5,140,-135
207000053,285,336,-51
207000054,32,77,-45
207000055,182,61,121
207000056,255,191,64
207000057,128,233,-105
207000058,157,197,-40
207000059,159,198,-39
207000060,48,166,-118
207000061,116,884,-768
207000062,691,34,657
207000063,643,40,603
207000064,412,57,355
207000065,311,155,156
207000066,377,104,273
207000067,66,48,18
207000068,176,38,138
207000069,753,239,514
207000082,7,144,-137
207000083,73,130,-57
207000084,444,272,172
207000085,304,46,258
207000086,385,4,381
207000106,66,23,43
207000107,90,8,82
207000108,95,11,84
207000109,61,4,57
207000110,56,45,11
207000111,76,111,-35
207000112,75,1008,-933
207000114,9,40,-31
207000115,24,58,-34
207000116,25,350,-325
207000117,19,68,-49
207000118,2,28,-26
207000119,35,34,1
207000123,214,16,198
207000124,110,33,77
207000125,66,18,48
207000126,57,44,13
207000134,167,112,55
207000135,26,144,-118
207000148,78,348,-270
207000149,42,31,11
207000152,110,342,-232
207000153,284,880,-596
207000154,297,222,75
207000159,66,132,-66
207000160,193,212,-19
207000238,1,177,-176
207000242,5,93,-88
207000248,32,21,11
207000249,104,11,93
207000250,402,97,305
207000251,108,114,-6
207000252,70,42,28
207000278,123,125,-2
207000279,17,94,-77
207000280,1140,72,1068
207000281,145,298,-153
207000282,50,383,-333
207000283,27,202,-175
207000284,25,847,-822
207000285,63,123,-60
207000291,8,54,-46
207000304,106,79,27
207000306,60,249,-189
207000310,126,62,64
207000353,73,2,71
207000356,21,44,-23
207000357,6,23,-17
207000358,1,35,-34
207000415,11,85,-74
207000417,54,1,53
207000418,127,80,47
207000438,2,3,-1
207000439,490,436,54
207000446,214,7,207
207000460,80,10,70
207000466,264,93,171
207000467,308,74,234
207000468,97,176,-79
207000476,5,26,-21
207000477,690,25,665
207000478,0,77,-77
207000523,0,16,-16
207000524,99,0,99
207000527,251,146,105
207000530,522,5,517
207000531,299,7,292
207000532,28,19,9
207000534,175,52,123
207000535,38,542,-504
207000537,12,57,-45
207000540,7,58,-51
207000541,7,182,-175
207000548,15,120,-105
207000549,318,9,309
207000561,252,186,66
207000562,28,106,-78
207000567,98,168,-70
207000568,396,21,375
207000569,757,137,620
207000584,102,229,-127
207000585,20,176,-156
207000587,174,38,136
207000616,0,84,-84
207000617,128,0,128
207000624,81,28,53
207000631,14,46,-32
207900008,319,111,208
208000001,617,1230,-613
208000002,754,632,122
208000003,1051,485,566
208000004,912,871,41
208000005,14,23,-9
208000019,924,511,413
208000020,271,293,-22
208000021,302,190,112
208000022,955,581,374
208000028,796,1196,-400
208000033,663,408,255
208000034,970,1688,-718
208000037,348,23,325
208000040,202,65,137
208000041,897,510,387
208000042,859,544,315
208000047,183,107,76
208000064,1732,1659,73
208000066,1101,2113,-1012
208000070,546,281,265
208000071,632,324,308
208000072,696,708,-12
208000080,341,400,-59
208000081,549,130,419
208000082,458,97,361
208000083,240,191,49
208000084,20,38,-18
208000085,718,462,256
208000086,454,835,-381
208000087,340,677,-337
208000089,1141,269,872
208000090,1079,316,763
208000093,82,108,-26
208000094,470,350,120
208000095,851,497,354
208000104,1203,569,634
208000105,771,738,33
208000114,73,315,-242
208000115,355,264,91
208000116,821,891,-70
208000117,56,101,-45
208000118,144,233,-89
208000155,615,1123,-508
208000158,1452,3287,-1835
208000186,1195,2994,-1799
208000204,857,1071,-214
208000205,1569,702,867
208000282,1368,1992,-624
209000004,547,206,341
209000005,68,31,37
209000006,326,231,95
209000007,305,557,-252
209000010,234,153,81
209000011,57,249,-192
209000012,74,135,-61
209000013,226,157,69
209000014,374,448,-74
209000025,603,74,529
209000026,1019,124,895
209000027,304,297,7
209000028,186,236,-50
209000029,318,970,-652
209000030,234,1322,-1088
209000031,2517,1008,1509
209000034,321,329,-8
209000035,173,341,-168
209000036,297,240,57
209000037,420,299,121
209000038,209,165,44
209000039,120,160,-40
209000040,339,552,-213
209000041,222,292,-70
209000042,282,237,45
209000043,420,680,-260
209000044,260,818,-558
209000045,642,300,342
209000046,565,421,144
209000047,362,213,149
209000048,484,284,200
209000049,143,70,73
209000050,248,80,168
209000051,353,158,195
209000052,204,169,35
209000062,79,49,30
209000063,73,60,13
209000064,20,28,-8
209000065,200,41,159
209000066,133,30,103
209000067,225,51,174
209000080,12,177,-165
209000082,77,72,5
209000091,22,71,-49
209000093,54,16,38
209000094,70,123,-53
209000110,36,241,-205
209000111,514,1754,-1240
209000112,1147,711,436
209000113,1590,1002,588
209000114,855,777,78
209000115,68,72,-4
209000116,375,149,226
209000118,13,103,-90
209000119,12,31,-19
209000121,81,292,-211
209000135,67,319,-252
209000142,526,1889,-1363
209000143,46,41,5
209000144,62,189,-127
209000229,183,91,92
209000240,25,178,-153
209000259,32,102,-70
209000260,87,619,-532
209000261,11,191,-180
209000262,1,225,-224
209000263,0,368,-368
209000264,1,362,-361
209000265,323,0,323
209000266,84,2,82
209000267,1101,12,1089
209000268,445,56,389
210000037,116,27,89
210000047,107,12,95
210000048,198,22,176
210000049,63,4,59
210000052,57,87,-30
210000053,50,37,13
210000054,38,90,-52
210000070,176,9,167
210000071,143,0,143
210000072,34,0,34
210000073,0,26,-26
210000074,0,152,-152
210000075,1,199,-198
210000076,1,211,-210
210000077,6,136,-130
210000078,28,133,-105
210000079,31,15,16
210000080,35,155,-120
210000081,143,26,117
210000082,40,2,38
210000083,69,3,66
210000084,86,0,86
210000085,0,50,-50
210000086,0,68,-68
210000099,63,173,-110
210000100,140,103,37
210000101,94,138,-44
210000105,35,295,-260
210000159,2,219,-217
210000163,73,292,-219
210000164,221,271,-50
210000168,127,75,52
210000187,0,21,-21
210000188,0,19,-19
210000214,6,0,6
210000219,42,39,3
210000220,124,26,98
210000232,7,17,-10
210000233,37,55,-18
210000234,63,108,-45
210000235,73,51,22
210000245,0,43,-43
210000246,23,7,16
210000258,18,63,-45
210000259,187,26,161
210000282,45,160,-115
210000285,2,150,-148
210000286,13,105,-92
210000290,6,9,-3
210000295,54,177,-123
210000296,67,55,12
210000320,241,41,200
210000321,132,26,106
210000338,69,67,2
210000339,112,764,-652
210000340,84,239,-155
210000341,172,233,-61
210000342,231,180,51
210000343,163,227,-64
210000344,82,198,-116
210000345,121,285,-164
210000346,66,147,-81
210000347,67,81,-14
210000348,92,44,48
210000349,50,17,33
210000350,134,64,70
210000351,174,24,150
210000352,73,41,32
210000353,40,22,18
210000354,56,52,4
210000355,28,85,-57
210000356,11,97,-86
210000357,52,73,-21
210000358,227,222,5
210000359,47,149,-102
210000360,134,202,-68
210000361,183,142,41
210000362,253,199,54
210000363,411,237,174
210000364,145,232,-87
210000365,223,97,126
210000366,153,52,101
210000367,120,32,88
210000368,112,18,94
210000369,26,30,-4
210000370,57,55,2
210000372,16,28,-12
210000373,11,58,-47
210000374,46,39,7
210000375,39,35,4
210000376,24,114,-90
210000404,40,108,-68
210000439,49,24,25
210000472,31,2,29
210000482,78,110,-32
210000564,216,269,-53
210000567,1,68,-67
210000568,233,0,233
211000092,33,22,11
211000094,30,20,10
211000169,150,16,134
211000172,9,222,-213
211000209,0,98,-98
211000226,4,31,-27
211000270,52,15,37
211000275,21,22,-1
211000276,112,14,98
211000279,12,20,-8
211000281,111,18,93
211000302,29,28,1
211507980,4,55,-51
211977296,30,2,28
212000003,172,36,136
212000004,18,63,-45
212000005,19,58,-39
212000006,44,41,3
212000008,218,93,125
212000009,29,53,-24
212000012,109,33,76
212000013,31,24,7
212000014,200,114,86
212000015,279,161,118
212000016,460,351,109
212000027,472,216,256
212000028,342,265,77
212000029,236,193,43
212000030,50,17,33
212000031,75,31,44
212000048,36,255,-219
212000049,28,205,-177
212000050,18,6,12
212000051,218,67,151
212000052,240,126,114
212000053,226,182,44
212000054,381,56,325
212000055,446,131,315
212000056,12,39,-27
212000057,10,25,-15
212000058,137,26,111
212000070,115,105,10
212000077,172,216,-44
212000099,296,198,98
212000108,227,137,90
212000111,276,59,217
212000120,177,62,115
212000138,153,26,127
212000156,1,74,-73
212000158,2,27,-25
212000159,523,59,464
212000160,679,145,534
212000161,89,4,85
212000310,70,11,59
212000311,7,47,-40
212000374,53,10,43
213000001,22,339,-317
213000005,452,112,340
213000006,561,252,309
213000007,49,35,14
213000009,310,276,34
213000010,321,201,120
213000011,171,181,-10
213000012,272,204,68
213000014,68,24,44
213000015,349,7,342
213000016,535,1,534
213000017,97,1,96
213000018,0,20,-20
213000019,0,59,-59
213000020,103,154,-51
213000021,4,69,-65
213000023,420,275,145
213000033,356,1161,-805
213000034,415,193,222
213000035,140,242,-102
213000045,253,281,-28
213000046,204,172,32
213000047,356,1197,-841
213000056,129,19,110
213000069,142,11,131
213000073,0,81,-81
213000074,368,727,-359
213000075,537,6,531
213000076,10,4,6
213000085,4,47,-43
213000086,16,110,-94
213000091,359,9,350
213000092,48,8,40
213000099,197,1380,-1183
213000100,693,298,395
213000101,719,79,640
213000102,803,76,727
213000103,762,475,287
213000104,50,242,-192
213000105,131,1805,-1674
213000106,17,67,-50
213000107,123,218,-95
213000108,31,231,-200
213000109,7,149,-142
213000110,31,77,-46
213000111,3,82,-79
213000112,56,75,-19
213000115,68,3,65
213000116,84,526,-442
213000117,3,474,-471
213000118,972,271,701
213000119,51,412,-361
213000120,138,187,-49
213000122,164,266,-102
213000123,239,449,-210
213000124,182,605,-423
213000125,160,43,117
213000126,35,93,-58
213000127,37,150,-113
213000128,109,1162,-1053
213000129,198,979,-781
213000130,1184,438,746
213000132,768,149,619
213000133,1330,77,1253
213000134,1715,16,1699
213000136,588,19,569
213000137,721,75,646
213000139,218,17,201
213000147,25,10,15
213000148,10,16,-6
213000149,65,15,50
213000150,1,344,-343
213000151,9,207,-198
213000152,2,156,-154
213000153,7,211,-204
213000154,86,200,-114
213000155,38,120,-82
213000156,107,311,-204
213000157,723,333,390
213000158,398,574,-176
213000159,562,331,231
213000163,1359,182,1177
213000165,892,312,580
213000171,0,24,-24
213000172,2,67,-65
213000173,3,73,-70
213000174,1,45,-44
213000175,267,167,100
213000176,49,25,24
213000177,65,2,63
213000178,196,0,196
213000179,212,0,212
213000180,242,0,242
213000184,94,379,-285
213000188,360,76,284
213000189,538,34,504
213000190,492,542,-50
213000191,484,241,243
213000192,388,151,237
213000193,739,231,508
213000194,0,90,-90
213000195,13,285,-272
213000196,241,1491,-1250
213000197,521,746,-225
213000198,13,1,12
213000200,93,465,-372
213000201,69,90,-21
213000202,28,575,-547
213000203,1850,424,1426
213000204,962,40,922
213000205,426,49,377
213000206,648,30,618
213000207,48,6,42
213000208,90,4,86
213000209,68,6,62
213000210,206,3,203
213000211,5,12,-7
213000212,32,41,-9
213000213,24,45,-21
213000218,336,382,-46
213000219,955,37,918
213000220,774,9,765
213000223,157,206,-49
213000224,22,73,-51
213000225,59,23,36
213000226,108,28,80
213000227,1073,172,901
213000228,541,83,458
213000229,84,30,54
213000230,593,26,567
213000232,76,118,-42
213000233,11,97,-86
213000234,4,50,-46
213000293,27,59,-32
213000294,73,45,28
213000295,47,75,-28
213000296,43,17,26
213000297,10,49,-39
213000298,7,65,-58
213000299,33,18,15
213000300,7,14,-7
213000303,1,28,-27
213000304,7,23,-16
213000305,5,33,-28
213000306,16,154,-138
213000307,114,159,-45
213000308,61,150,-89
213000309,153,47,106
213000310,365,229,136
213000311,169,1089,-920
213000315,110,119,-9
213000316,144,64,80
213000322,116,56,60
213000323,156,134,22
213000324,76,83,-7
213000325,61,225,-164
213000326,36,58,-22
213000327,286,157,129
213000328,207,65,142
213000329,256,302,-46
213000340,129,265,-136
213000341,841,72,769
213000346,170,327,-157
213000347,342,758,-416
213000348,3,645,-642
213000349,6,43,-37
213000350,339,816,-477
213000366,84,164,-80
213000367,332,16,316
213000379,39,444,-405
213000386,49,79,-30
213000406,169,125,44
213000417,1491,426,1065
213000425,577,288,289
213000426,445,295,150
213000427,56,77,-21
213000428,37,72,-35
213000429,4,10,-6
213000430,82,284,-202
213000431,11,0,11
213000432,4,124,-120
213000433,11,63,-52
213000434,185,86,99
213000435,245,209,36
213000436,52,53,-1
213000437,144,119,25
213000438,212,124,88
213000439,32,12,20
213000440,150,159,-9
213000441,2,2,0
213000442,183,178,5
213000443,373,291,82
213000444,63,106,-43
213000445,1,56,-55
213000446,0,77,-77
213000447,2,85,-83
213000448,13,176,-163
213000449,775,12,763
213000450,36,35,1
213000451,266,61,205
213000452,13,25,-12
213000453,40,162,-122
213000455,223,132,91
213000456,2,257,-255
213000481,1,2,-1
213000482,57,5,52
213000489,121,53,68
213000491,7,212,-205
213000492,87,1,86
213000493,1,148,-147
213000494,335,113,222
213000495,0,19,-19
213000496,532,92,440
213000497,73,128,-55
213000498,155,80,75
213000499,191,153,38
213000500,779,84,695
213000501,230,18,212
213000502,138,120,18
213000503,1,16,-15
213000504,24,38,-14
213000505,42,29,13
213000506,0,17,-17
213000507,5,44,-39
213900244,95,0,95
213900245,0,8,-8
218000003,19,48,-29
218000004,29,77,-48
218000005,28,34,-6
218000006,74,28,46
218000007,12,16,-4
218000012,194,140,54
218000013,165,157,8
218000014,267,232,35
218000019,439,473,-34
218000020,201,231,-30
218000040,7,7,0
218000046,63,34,29
218000047,17,26,-9
218000048,49,36,13
218000049,52,51,1
218000050,177,134,43
218000051,52,74,-22
218000052,0,28,-28
218000053,1,20,-19
218000054,1,54,-53
218000055,4,18,-14
218000056,16,31,-15
218000057,0,10,-10
218000064,0,11,-11
218000065,49,99,-50
218000066,11,15,-4
218000067,70,56,14
218000068,113,61,52
218000069,282,74,208
218000070,151,132,19
218000071,168,151,17
218000072,165,171,-6
218000078,1350,314,1036
218000079,223,51,172
218000080,160,36,124
218000081,532,84,448
218000082,79,59,20
218000083,92,37,55
218000084,199,65,134
218000085,155,161,-6
218000086,90,61,29
218000087,229,69,160
218000090,22,141,-119
218000091,1106,416,690
218000092,144,114,30
218000093,86,55,31
218000094,535,422,113
218000099,243,531,-288
218000100,465,241,224
218000101,345,124,221
218000102,590,137,453
218000103,123,66,57
218000104,144,20,124
218000105,11,40,-29
218000106,8,7,1
218000107,98,53,45
218000108,1,35,-34
218000112,100,36,64
218000117,37,94,-57
218000134,554,294,260
218000135,27,74,-47
218000136,151,69,82
218000137,134,122,12
218000138,80,129,-49
218000139,173,158,15
218000140,641,256,385
218000141,135,68,67
218000142,144,107,37
218000143,90,310,-220
218000144,45,124,-79
218000145,553,284,269
218000146,138,107,31
218000151,3,14,-11
218000152,61,33,28
218000170,1,26,-25
218000171,55,13,42
218000172,10,8,2
218000173,15,31,-16
218000174,13,24,-11
218000176,215,53,162
218000177,374,177,197
218000178,94,129,-35
218000179,215,54,161
218000180,174,18,156
218000181,317,59,258
218000187,20,54,-34
218000188,17,112,-95
218000189,11,84,-73
218000190,8,15,-7
218000191,324,47,277
218000192,323,96,227
218000193,577,224,353
218000194,227,195,32
218000195,124,38,86
218000196,307,144,163
218000197,570,162,408
218000198,50,53,-3
218000199,56,18,38
218000200,40,28,12
218000201,21,51,-30
218000202,73,437,-364
218000207,3,16,-13
218000208,43,34,9
218000211,31,30,1
218000213,94,32,62
218000214,1,8,-7
218000215,47,32,15
218000217,5,29,-24
218000218,92,13,79
218000219,4,70,-66
218000220,23,694,-671
218000221,413,200,213
218000222,3,97,-94
218000223,21,296,-275
218000224,2,73,-71
218000225,225,35,190
218000226,127,48,79
218000232,30,31,-1
218000239,61,13,48
218000240,8,6,2
218000241,17,0,17
218000242,7,3,4
218000243,15,3,12
218000244,41,1,40
218000245,24,7,17
218000246,2,2,0
218000247,1,0,1
218000248,1,17,-16
218000249,0,1,-1
218000250,2,21,-19
218000251,6,94,-88
218000252,0,196,-196
218000253,1,127,-126
218000254,2,45,-43
218000255,7,30,-23
218000256,2,56,-54
218000267,343,1007,-664
218000268,9,32,-23
218000269,2,8,-6
218000270,143,30,113
218000271,9,31,-22
218000273,40,2,38
218000274,6,2,4
218000275,56,51,5
218000276,12,28,-16
218000278,12,85,-73
218000279,71,20,51
218000280,6,41,-35
218000281,11,31,-20
218000282,448,676,-228
218000284,39,1,38
218000301,65,121,-56
218000302,58,53,5
218000303,2,56,-54
218000316,855,577,278
218000317,1571,557,1014
218000318,1258,323,935
218000319,1374,554,820
218000320,1354,462,892
218000338,23,94,-71
218000345,158,80,78
218000346,96,118,-22
218000459,16,80,-64
218000490,19,102,-83
218000501,103,35,68
218000502,55,40,15
218000503,83,22,61
218000504,117,19,98
218000505,24,91,-67
218000506,25,220,-195
218000508,2,6,-4
218000510,127,14,113
218000520,97,81,16
218000521,6,29,-23
218000522,1,259,-258
218000523,172,0,172
218000524,10,696,-686
218000525,104,29,75
218000526,10,394,-384
218000529,51,96,-45
218000531,14,14,0
218000532,26,14,12
218000534,198,19,179
218000537,12,40,-28
218000538,61,336,-275
218000540,91,87,4
218000543,165,64,101
218000544,56,101,-45
218000545,116,69,47
218000546,25,59,-34
218000547,110,125,-15
218000548,113,57,56
218000549,590,190,400
218000550,182,141,41
218000551,101,669,-568
218000552,226,356,-130
218000553,31,105,-74
218000554,34,55,-21
218000555,16,94,-78
218000556,214,123,91
218000557,329,241,88
218000558,48,0,48
218000559,0,24,-24
218000560,0,49,-49
218000561,7,0,7
218000562,14,152,-138
218000563,178,31,147
218000564,8,81,-73
218000565,74,59,15
218000566,56,38,18
218000567,0,102,-102
218000568,8,2,6
218000569,0,510,-510
218000570,52,42,10
218000571,0,86,-86
218000572,166,1,165
218000573,5,333,-328
218000574,27,50,-23
218000575,135,0,135
218000576,6,69,-63
218000577,131,0,131
218000578,0,74,-74
218000579,22,35,-13
218000581,6,58,-52
218000582,45,12,33
218000583,3,0,3
218000584,3,26,-23
218000585,46,2,44
218000586,26,61,-35
218000587,0,8,-8
218000588,0,2,-2
218000589,1,5,-4
218000590,2,1,1
218000591,0,14,-14
218000592,3,3,0
218000593,8,3,5
218000594,0,3,-3
218000597,0,6,-6
218000598,0,1,-1
218000599,0,4,-4
218000600,3,0,3
218000601,0,2,-2
218000602,0,6,-6
218000603,0,0,0
218000604,14,0,14
218000605,0,57,-57
218000606,100,2,98
218000607,11,78,-67
218000608,74,20,54
218000609,3,52,-49
218000610,66,9,57
218000611,55,1,54
218000612,0,54,-54
218000613,44,0,44
218000614,0,58,-58
218000615,155,6,149
218000616,5,110,-105
218000617,16,0,16
218000618,0,27,-27
218000619,30,7,23
218000620,6,34,-28
218000621,0,0,0
218000622,0,46,-46
218000623,26,0,26
218000624,0,24,-24
218000625,7,0,7
218000626,0,19,-19
218000628,193,100,93
218000631,49,17,32
218000632,3,91,-88
218000633,119,0,119
218000634,2,43,-41
218000635,8,42,-34
218000636,912,432,480
218000637,855,274,581
218000638,216,11,205
218000639,17,60,-43
218000640,299,13,286
218000641,101,92,9
218000652,28,22,6
218000653,258,43,215
218000663,13,86,-73
218000675,43,97,-54
218000680,266,168,98
218000681,386,143,243
218000691,283,108,175
218000693,368,82,286
218000718,27,203,-176
218000719,50,316,-266
218000720,5,374,-369
218000721,63,68,-5
218001147,4,86,-82
218001214,23,78,-55
218001258,402,12,390
218001329,134,97,37
218001330,148,131,17
218001351,21,16,5
218001352,10,35,-25
218001353,5,12,-7
218001354,11,37,-26
218001355,8,86,-78
218001356,649,65,584
218001357,15,80,-65
218001358,423,23,400
218001361,465,3,462
218001362,0,43,-43
219000001,31,36,-5
219000002,47,18,29
219000003,46,43,3
219000004,64,57,7
219000017,45,114,-69
219000020,203,53,150
219000022,126,2,124
219000023,93,3,90
219000029,1,94,-93
219000034,31,41,-10
219000039,34,211,-177
219000040,30,79,-49
219000041,90,36,54
219000051,0,49,-49
219000052,0,26,-26
219000053,2,38,-36
219000054,3,12,-9
219000055,324,2,322
219000056,5,0,5
219000057,47,0,47
219000062,41,99,-58
219000063,101,18,83
219000064,2,57,-55
219000110,298,126,172
219000111,83,50,33
219000112,179,40,139
219000113,177,35,142
219000114,109,48,61
219000116,168,72,96
219000117,215,95,120
219000118,158,65,93
219000123,165,66,99
219000124,55,38,17
219000125,21,17,4
219000126,60,104,-44
219000127,1,6,-5
219000128,15,144,-129
219000129,17,131,-114
219000130,201,595,-394
219000131,794,1179,-385
219000133,36,104,-68
219000134,15,41,-26
219000135,27,70,-43
219000136,63,193,-130
219000138,87,13,74
219000139,69,22,47
219000140,97,1,96
219000141,20,50,-30
219000142,8,43,-35
219000143,32,26,6
219000145,18,17,1
219000146,2,6,-4
219000147,4,28,-24
219000148,3,7,-4
219000149,9,28,-19
219000150,3,26,-23
219000151,1,24,-23
219000157,229,68,161
219000158,131,148,-17
219000161,145,11,134
219000163,909,368,541
219000166,112,247,-135
219000167,108,114,-6
219000168,162,104,58
219000174,530,125,405
219000175,114,3,111
219000176,223,9,214
219000177,94,3,91
219000178,59,3,56
219000179,43,3,40
219000180,25,17,8
219000182,227,16,211
219000183,113,25,88
219000184,148,13,135
219000185,0,26,-26
219000186,88,16,72
219000187,12,56,-44
219000189,45,241,-196
219000190,52,243,-191
219000191,171,1880,-1709
219000192,201,178,23
219000193,114,172,-58
219000195,4,59,-55
219000196,6,84,-78
219000198,7,44,-37
219000199,31,150,-119
219000200,69,111,-42
219000201,57,117,-60
219000203,31,114,-83
219000204,75,341,-266
219000205,30,196,-166
219000207,88,166,-78
219000209,41,24,17
219000210,34,180,-146
219000213,19,134,-115
219000239,168,210,-42
219000240,252,421,-169
219000241,158,144,14
219000242,59,175,-116
219000243,120,218,-98
219000244,12,55,-43
219000245,35,43,-8
219000246,12,61,-49
219000247,165,49,116
219000248,392,412,-20
219000249,138,202,-64
219000250,210,169,41
219000251,535,258,277
219000252,395,154,241
219000253,309,57,252
219000255,187,136,51
219000256,294,80,214
219000257,153,1,152
219000262,36,93,-57
219000263,56,89,-33
219000267,2,59,-57
219000268,2,12,-10
219000269,4,0,4
219000270,11,0,11
219000271,162,1,161
219000278,0,8,-8
219000279,0,19,-19
219000283,0,9,-9
219000295,13,100,-87
219000296,48,233,-185
219000297,36,34,2
219000298,35,46,-11
219000299,356,62,294
219000300,66,52,14
219000301,87,188,-101
219000302,21,157,-136
219000307,35,21,14
219000308,66,88,-22
219000311,230,84,146
219000312,488,176,312
219000313,448,55,393
219000314,57,121,-64
219000315,386,37,349
219000316,512,43,469
219000317,163,35,128
219000320,4,70,-66
219000321,0,23,-23
219000323,2,43,-41
219000325,2,7,-5
219000326,62,43,19
219000327,37,15,22
219000328,20,19,1
219000329,238,86,152
219000330,16,21,-5
219000331,30,51,-21
219000332,187,141,46
219000333,35,10,25
219000335,56,0,56
219000337,28,0,28
219000338,53,1,52
219000344,18,51,-33
219000345,53,28,25
219000346,14,41,-27
219000348,147,44,103
219000349,52,98,-46
219000350,117,421,-304
219000351,0,3,-3
219000352,245,84,161
219000353,138,46,92
219000354,178,51,127
219000355,173,64,109
219000356,307,2264,-1957
219000363,96,64,32
219000364,138,55,83
219000365,94,21,73
219000366,150,504,-354
219000368,336,456,-120
219000370,485,860,-375
219000371,13,32,-19
219000382,30,29,1
219000383,211,1559,-1348
219000385,323,683,-360
219000386,594,1598,-1004
219000387,1,42,-41
219000390,9,0,9
219000391,2,0,2
219000397,32,33,-1
219000398,51,58,-7
219000401,18,49,-31
219000402,27,71,-44
219000403,97,263,-166
219000404,14,113,-99
219000407,9,25,-16
219000409,74,34,40
219000410,113,21,92
219000411,97,10,87
219000446,72,361,-289
219000447,2,29,-27
219000448,9,12,-3
219000452,79,114,-35
219000453,61,273,-212
219000454,192,356,-164
219000556,245,87,158
219000558,97,140,-43
219000590,25,160,-135
219000591,144,94,50
219000592,44,196,-152
219000595,2,11,-9
219000635,179,46,133
219000636,48,36,12
219000657,16,15,1
219000658,26,135,-109
219000673,0,12,-12
219000676,19,2,17
219000679,14,5,9
219000684,75,5,70
219000685,0,29,-29
219000686,0,5,-5
219000688,0,36,-36
219000689,12,157,-145
219000690,134,29,105
219000691,25,189,-164
219000692,129,20,109
219000693,0,14,-14
219000694,3,0,3
219000695,52,3,49
219000698,8,0,8
219000699,0,47,-47
219000727,1,64,-63
219000728,83,1,82
219000770,29,2,27
219000771,0,55,-55
219000788,208,352,-144
219001150,1,39,-38
219001151,0,3,-3
219001166,30,48,-18
219001167,6,46,-40
219001178,47,1,46
220000001,36,129,-93
220000002,12,116,-104
220000003,169,119,50
220000004,261,239,22
220000005,561,976,-415
220000006,122,427,-305
220000007,303,161,142
220000008,229,417,-188
220000009,257,362,-105
220000010,145,103,42
220000011,340,3053,-2713
220000012,30,282,-252
220000014,156,55,101
220000015,97,523,-426
220000017,31,379,-348
220000018,6097,1977,4120
220000019,135,515,-380
220000020,550,121,429
220000021,924,170,754
220000022,1178,308,870
220000023,477,107,370
220000024,998,540,458
220000025,601,1498,-897
220000026,315,414,-99
220000027,15,145,-130
220000028,36,75,-39
220000029,26,63,-37
220000030,41,108,-67
220000031,626,332,294
220000064,41,1595,-1554
221000046,3,0,3
221000047,0,0,0
221000048,0,1,-1
221000049,0,11,-11
221000050,8,0,8
221000055,40,31,9
221000057,79,8,71
221000068,216,92,124
221000069,269,59,210
221000070,229,34,195
221000071,141,7,134
221000072,311,7,304
221000073,143,37,106
221000074,2,12,-10
221000075,21,59,-38
221000076,7,18,-11
221000077,12,85,-73
221000081,21,4,17
221000082,99,7,92
221000083,22,16,6
221000084,11,10,1
221000085,18,41,-23
221000086,9,86,-77
221000087,17,90,-73
221000088,10,60,-50
221000089,38,116,-78
221000090,82,302,-220
221000098,83,13,70
221000099,188,15,173
221000100,127,7,120
221000101,187,14,173
221000102,117,12,105
221000109,8,63,-55
221000110,5,40,-35
221000111,24,123,-99
221000112,6,73,-67
221000113,13,57,-44
221000114,10,59,-49
221000120,32,46,-14
221000121,1,33,-32
221000122,29,97,-68
221000123,21,47,-26
221000124,14,110,-96
221000155,78,11,67
221000156,100,102,-2
221000175,4,22,-18
221000176,0,3,-3
221000182,46,5,41
221000241,342,308,34
221000242,117,321,-204
221000243,381,377,4
221000244,151,495,-344
221000245,121,86,35
221000246,66,360,-294
221000247,110,68,42
221000248,132,158,-26
221000267,39,807,-768
221000325,22,118,-96
221000331,7,38,-31
221000338,10,67,-57
221000378,208,83,125
221000381,60,101,-41
222000282,6,5,1
222000296,0,29,-29
222000568,352,24,328
222000569,176,68,108
222000570,172,33,139
222000571,349,17,332
222000577,16,58,-42
222000578,7,102,-95
222000579,11,57,-46
222000580,47,422,-375
222000599,0,70,-70
222000600,1,140,-139
222000601,5,493,-488
222000603,29,29,0
222000604,1,77,-76
222000605,16,61,-45
222000606,0,35,-35
222000607,5,8,-3
222000608,28,22,6
222000609,23,66,-43
222000616,431,24,407
222000617,18,21,-3
222000618,3,17,-14
222000620,18,17,1
222000621,41,33,8
222000623,503,10,493
222000624,545,12,533
222000625,687,6,681
222000636,43,8,35
222000686,40,42,-2
222000687,56,43,13
222001066,237,0,237
222001067,23,0,23
222001068,51,7,44
222001069,119,19,100
222001082,14,9,5
222001083,40,18,22
222001084,0,72,-72
222001085,0,83,-83
222001111,65,42,23
222001112,275,26,249
222001313,7,8,-1
222001314,6,134,-128
222001464,355,62,293
222001465,7,93,-86
222001484,231,33,198
222001485,17,38,-21
222001494,702,138,564
222001495,98,90,8
222001496,394,108,286
222001497,101,183,-82
222001502,19,36,-17
222001503,90,18,72
222001504,28,170,-142
222001505,376,11,365
222001506,51,304,-253
222001507,199,23,176
222001510,660,12,648
222001511,73,184,-111
222001514,510,111,399
222001515,80,343,-263
222001518,468,43,425
222001519,70,62,8
222001527,173,60,113
222001528,28,75,-47
222001529,434,36,398
222001530,111,132,-21
222001533,133,122,11
222001534,451,47,404
222001535,350,262,88
222001536,35,102,-67
222001537,379,40,339
222001538,46,326,-280
222001563,1017,58,959
222001564,98,180,-82
222001568,193,220,-27
222001576,0,3,-3
222001579,0,21,-21
222001583,18,26,-8
222001584,80,66,14
222001596,660,1080,-420
222001597,1066,235,831
222001626,0,51,-51
222001650,7,85,-78
222001651,26,463,-437
222001914,199,50,149
222001915,55,248,-193
222001968,488,320,168
222001969,173,385,-212
222001970,181,423,-242
222001971,41,2,39
222001972,3,8,-5
225000001,355,127,228
225000002,707,161,546
225000003,565,49,516
225000004,523,180,343
225000005,64,34,30
225000006,0,171,-171
225000007,970,1003,-33
225000010,185,6,179
225000011,278,1300,-1022
225000012,354,700,-346
225000013,131,99,32
225000014,585,88,497
225000015,109,106,3
225000021,674,130,544
225000027,137,281,-144
225000032,646,107,539
225000042,67,446,-379
225000049,24,41,-17
225000050,138,12,126
225000053,15,173,-158
225000058,737,195,542
225000067,131,78,53
225000068,56,206,-150
225000069,30,305,-275
225000070,93,191,-98
225000071,31,60,-29
225000075,24,544,-520
225000076,26,111,-85
225000078,54,47,7
225000085,96,129,-33
225000086,343,97,246
225000087,151,6,145
225000088,6,124,-118
225000089,75,834,-759
225000090,32,343,-311
225000091,100,56,44
225000092,61,38,23
225000093,167,156,11
225000094,15,81,-66
225000095,201,250,-49
225000096,165,343,-178
225000098,719,274,445
225000099,561,132,429
225000100,458,99,359
225000104,74,281,-207
225000110,4,273,-269
225000111,174,635,-461
225000112,248,748,-500
225000113,178,529,-351
225000114,109,235,-126
225000115,940,502,438
225000116,519,159,360
225000117,710,338,372
225000118,1078,283,795
225000119,269,73,196
225000120,628,30,598
225000121,154,9,145
225000123,518,12,506
225000125,618,160,458
225000126,873,238,635
225000127,523,1420,-897
225000128,553,861,-308
225000132,622,31,591
225000133,271,20,251
225000134,737,129,608
225000135,74,11,63
225000136,441,23,418
225000137,215,68,147
225000138,496,53,443
225000143,40,147,-107
225000144,5,255,-250
225000145,66,14,52
225000146,63,31,32
225000147,48,78,-30
225000148,3,59,-56
225000149,51,152,-101
225000151,37,91,-54
225000155,226,263,-37
225000156,252,701,-449
225000157,393,330,63
225000158,54,189,-135
225000171,2,100,-98
225000180,37,8,29
225000181,0,52,-52
225000182,63,4,59
225000185,1,274,-273
225000187,31,252,-221
225000191,39,1,38
225000194,0,2,-2
225000208,1,31,-30
225000209,117,8,109
225000210,4,172,-168
225000217,0,4,-4
225000218,12,2,10
225000223,0,101,-101
225000224,27,0,27
225000225,0,45,-45
225000226,10,1,9
225000227,26,89,-63
225000228,16,13,3
225000229,0,47,-47
225000230,8,1,7
225000231,0,27,-27
225000232,115,0,115
225000241,102,1,101
225000242,0,48,-48
225000249,11,0,11
225000250,79,318,-239
225000251,573,53,520
226000042,147,223,-76
226000043,35,190,-155
226000044,124,300,-176
226000045,34,177,-143
226000046,515,77,438
226000047,482,144,338
226000048,437,111,326
226000049,388,327,61
226000070,0,25,-25
226000071,0,46,-46
226000072,1,29,-28
226000073,0,12,-12
226000074,0,22,-22
226000084,3,28,-25
226000085,2,7,-5
226000086,2,11,-9
226000087,3,43,-40
226000088,5,58,-53
226000090,75,223,-148
226000091,13,83,-70
226000092,1,10,-9
226000093,8,1,7
226000094,13,6,7
226000095,9,6,3
226000105,28,0,28
226000106,5,0,5
226000107,4,0,4
226000108,11,3,8
226000109,76,0,76
226000124,144,94,50
226000134,782,514,268
226000135,1400,619,781
226000136,605,352,253
226000137,8,153,-145
226000138,30,82,-52
226000139,1,47,-46
226000156,320,8,312
226000157,276,10,266
226000163,88,144,-56
226000202,17,144,-127
226000231,761,2,759
226000232,36,3,33
227000033,392,63,329
227000036,517,24,493
227000037,472,34,438
227000038,150,35,115
227000049,0,36,-36
227000050,1,56,-55
227000055,57,1,56
227000056,42,0,42
227000084,1,107,-106
227000085,0,79,-79
227000088,20,2,18
227000089,92,3,89
227000090,39,1,38
227000091,47,4,43
227000093,59,1,58
227000094,7,0,7
227000130,14,149,-135
227000131,20,77,-57
227000132,4,78,-74
227000133,11,54,-43
227000134,16,131,-115
227000152,0,12,-12
227000153,0,67,-67
227000155,4,32,-28
227000156,0,9,-9
227000165,2,112,-110
227000196,284,89,195
227000199,581,222,359
227000230,35,103,-68
227000232,433,42,391
227000242,36,374,-338
227000243,332,80,252
227000245,16,238,-222
227000246,72,143,-71
227000247,472,39,433
227000248,146,64,82
227000249,37,276,-239
227000250,271,211,60
227000251,99,488,-389
227000252,35,109,-74
227000253,245,36,209
227000262,589,43,546
227000266,1342,65,1277
227000267,33,515,-482
227000282,4,40,-36
227000284,544,16,528
227000286,0,27,-27
227000287,28,31,-3
227000291,10,230,-220
227000484,93,11,82
227000485,10,502,-492
227000655,121,4,117
227000656,411,22,389
227000657,87,9,78
227000661,157,17,140
227000680,118,55,63
229000265,38,25,13
229000296,4,15,-11
229000297,2,13,-11
229000298,2,48,-46
229000320,4,6,-2
229000321,5,7,-2
229000412,5,11,-6
229000414,5,28,-23
229000415,7,0,7
229000416,2,22,-20
229000417,2,11,-9
229000419,38,158,-120
229000440,208,53,155
229000442,20,19,1
229000443,4,7,-3
229000444,0,35,-35
229000445,59,4,55
229000446,30,36,-6
229000847,68,0,68
229000848,26,1,25
229000849,53,6,47
229000851,38,0,38
229000854,0,6,-6
229000856,1,40,-39
229000857,0,9,-9
229000858,0,6,-6
229000919,12,40,-28
229000930,2,211,-209
229000937,110,9,101
229000966,56,35,21
229000981,15,30,-15
229000985,17,18,-1
229000986,3,6,-3
229000987,0,0,0
229000988,2,3,-1
229000989,6,8,-2
229000990,1,2,-1
229000991,1,0,1
229000992,9,6,3
229000993,97,26,71
229000998,12,18,-6
229000999,57,3,54
229001034,1,5,-4
229001035,4,2,2
229001037,93,3,90
229001042,10,18,-8
229001047,7,22,-15
229001050,39,26,13
229001200,19,16,3
229001338,0,5,-5
229001394,179,12,167
229001422,164,20,144
229001423,15,67,-52
229001431,32,77,-45
229001432,11,30,-19
229001444,198,39,159
229001445,15,90,-75
229001503,309,76,233
229001504,97,83,14
229001505,133,24,109
229001506,50,66,-16
229001509,41,11,30
229001545,97,3,94
229001546,7,39,-32
229001553,93,5,88
229001554,7,59,-52
229001559,0,6,-6
229001560,3,20,-17
229001630,85,6,79
229001631,2,15,-13
229001635,0,9,-9
229001636,1,1,0
229001658,0,77,-77
229001659,60,5,55
229001660,2,7,-5
229001661,3,23,-20
229001662,29,0,29
229001663,0,41,-41
229002584,113,115,-2
229002831,76,85,-9
229002841,5,37,-32
229002842,27,17,10
229002843,34,8,26
229002844,17,50,-33
229002845,6,97,-91
229002846,27,20,7
229002847,3,13,-10
229002848,8,6,2
229002849,1,38,-37
229002850,17,2,15
229002851,14,108,-94
229002852,113,16,97
229002853,100,21,79
229002854,38,19,19
229002855,5,14,-9
229002856,17,6,11
229002857,6,55,-49
229002858,15,6,9
229002859,13,42,-29
229002860,41,14,27
229002861,50,20,30
229002862,14,21,-7
229002863,27,52,-25
229002864,29,25,4
229002865,24,10,14
229002866,25,32,-7
229002867,0,20,-20
229002868,12,37,-25
229002869,32,99,-67
229002870,52,9,43
235000066,158,45,113
235000067,48,42,6
235000072,17,54,-37
235000073,60,256,-196
235000074,32,32,0
235000080,11,26,-15
235000081,96,46,50
235000082,199,11,188
235000083,150,34,116
235000084,62,33,29
235000085,160,30,130
235000089,25,42,-17
235000092,35,110,-75
235000093,11,12,-1
235000097,0,1,-1
235000098,35,5,30
235000099,24,21,3
235000116,10,12,-2
235000117,368,8,360
235000133,7,482,-475
235000134,14,207,-193
235000206,5,2,3
235000207,3,2,1
235000208,1,2,-1
235000209,7,1,6
235000210,6,2,4
235000212,3,20,-17
235000213,1,7,-6
235000220,2,5,-3
235000221,33,20,13
235000238,15,192,-177
235000239,0,42,-42
235000242,300,813,-513
235000245,326,180,146
235000246,29,46,-17
235000284,3,71,-68
235000295,75,15,60
235000305,230,34,196
235000306,406,19,387
235000307,28,9,19
235000308,14,2,12
235000309,50,0,50
235000310,35,0,35
235000311,385,12,373
235000322,0,54,-54
235000323,0,68,-68
235000324,0,29,-29
235000325,0,32,-32
235000326,22,66,-44
235000351,14,38,-24
235000352,4,25,-21
235000353,2,17,-15
235000354,22,40,-18
235000355,17,44,-27
235000356,36,1,35
235000357,37,6,31
235000358,24,5,19
235000359,7,4,3
235000360,13,9,4
235000361,84,18,66
235000381,91,46,45
235000382,115,20,95
235000390,16,5,11
235000391,157,9,148
235000392,215,217,-2
235000393,103,135,-32
235000395,124,43,81
235000396,409,67,342
235000400,61,126,-65
235000401,17,80,-63
235000405,70,125,-55
235000406,26,96,-70
235000407,37,59,-22
235000409,129,61,68
235000410,63,135,-72
235000411,1,29,-28
235000485,0,3,-3
235000486,9,0,9
235000549,76,48,28
235000550,119,35,84
235000599,119,23,96
235000600,7,22,-15
235000601,23,16,7
235000602,61,46,15
235000614,3,5,-2
235000648,0,2,-2
235000649,27,4,23
235000685,4,1,3
235000815,22,87,-65
235000834,0,37,-37
235000855,38,13,25
235000862,44,62,-18
235000891,0,26,-26
235000892,12,0,12
235000901,37,50,-13
235000907,0,6,-6
235001010,55,14,41
235001029,141,164,-23
235001030,193,101,92
235001078,89,103,-14
235001079,49,49,0
235001147,17,117,-100
235001166,9,19,-10
235001167,19,14,5
235001169,66,174,-108
235001188,2,9,-7
235001189,4,0,4
235001197,5,28,-23
235001200,54,75,-21
235001207,462,47,415
235001210,148,86,62
235001215,17,103,-86
235001239,1,30,-29
235001244,1,8,-7
235016267,0,33,-33
277102712,0,0,0
277103813,1,5,-4
277103814,0,0,0
277104249,0,1,-1
277104250,0,12,-12
277104251,0,3,-3
277104252,0,1,-1
990011530,2,222,-220
990014944,0,165,-165
990015176,149,0,149
990015618,0,42,-42
990016032,1,170,-169
990032570,0,15,-15
990070001,88,48,40
990070103,0,1,-1
990070601,1,7,-6
990070751,1797,2,1795
990070766,2,172,-170
990071180,450,210,240
990071343,38,1,37
990071387,0,6,-6
990071823,301,5,296
990072600,0,788,-788
990072964,2,285,-283
990073285,0,0,0
990074393,1,322,-321
990074870,1725,21,1704
990075106,589,2,587
990075746,598,5,593
990076437,2688,2,2686
990076458,11,196,-185
997000007,395,22,373
997000041,0,143,-143
997000058,87,2,85
997000062,24,1,23
997000069,0,4,-4
997000070,0,13,-13
997000100,63,0,63
997000141,0,247,-247
997000198,46,440,-394
998000475,0,1,-1
998000736,0,60,-60
998000965,0,8,-8
998001031,0,40,-40
998001700,1,26,-25
998001899,0,0,0
998001900,12,1,11
998003073,1007,17,990
998101900,0,0,0
998102850,1,156,-155
998501927,521,941,-420
998501929,99,6,93
998501930,66,0,66
998501931,111,4,107
998501932,13,0,13
998501933,31,0,31
998501937,117,126,-9
998501944,3,0,3
998501950,0,2,-2
998501970,96,0,96
998501971,0,51,-51
998501973,1,16,-15
998501974,3,131,-128
998501975,61,0,61
998501976,324,53,271
998501977,7,22,-15
998501978,0,0,0
998501979,0,4,-4
998501980,77,4,73
998501981,74,0,74
998501982,0,99,-99
998501983,0,0,0
998502006,0,0,0
998502024,0,4,-4
998502032,1,3,-2
998502062,5,1,4
998502063,0,0,0
998502173,14,0,14
998502269,0,5,-5
998502546,0,290,-290
998502578,1,0,1
998502599,36,545,-509
998502621,0,1,-1
998601159,1,19,-18
998601292,0,12,-12
999033574,2,183,-181
999800001,29,2,27
999800002,0,1,-1
999800003,5,1,4
999800004,0,3,-3
999800005,0,3,-3
