ID,insum,outsum,diff
100000001,339,140,199
100000002,1440,2752,-1312
100000003,1779,2419,-640
100000004,120,684,-564
100000005,1394,1811,-417
100000006,231,238,-7
100000007,753,997,-244
100000008,30,214,-184
100000009,88,573,-485
100000010,9,86,-77
100000011,80,41,39
100000012,48,139,-91
100000013,4,67,-63
100000014,27,281,-254
100000015,396,848,-452
100000016,49,814,-765
100000017,80,1162,-1082
100000018,293,187,106
100000019,776,1115,-339
100000020,415,1807,-1392
100000021,2013,610,1403
100000022,167,1314,-1147
100000023,1529,566,963
100000025,146,623,-477
100000028,268,751,-483
100000029,3,245,-242
100000030,28,9,19
100000031,862,3201,-2339
100000032,633,1949,-1316
100000033,452,1454,-1002
100000034,36,612,-576
100000035,240,443,-203
100000036,154,583,-429
100000037,457,249,208
100000038,1601,552,1049
100000039,126,142,-16
100000040,194,72,122
100000041,792,294,498
100000042,404,212,192
100000043,241,138,103
100000044,40,96,-56
100000045,92,157,-65
100000046,111,153,-42
100000047,35,141,-106
100000048,61,182,-121
100000049,573,488,85
100000051,179,176,3
100000053,44,0,44
100000054,95,5,90
100000055,288,185,103
100000056,146,214,-68
100000057,966,147,819
100000058,374,280,94
100000059,27,103,-76
100000060,346,196,150
100000061,1168,374,794
100000062,592,471,121
100000063,449,288,161
100000064,729,271,458
100000065,154,364,-210
100000066,65,265,-200
100000067,121,163,-42
100000068,266,626,-360
100000069,125,516,-391
100000072,100,184,-84
100000073,606,337,269
100000075,351,52,299
100000076,545,2674,-2129
100000077,34,265,-231
100000078,1,13,-12
100000079,0,114,-114
100000080,4,68,-64
100000081,4,29,-25
100000102,983,2431,-1448
100000103,700,1787,-1087
100000104,1442,1105,337
100000105,584,433,151
100000106,355,1386,-1031
100000107,39,444,-405
100000108,79,194,-115
100000109,208,384,-176
100000116,111,195,-84
100000117,5,50,-45
100000118,395,406,-11
100000119,629,586,43
100000121,53,289,-236
100000122,202,909,-707
100000123,560,914,-354
100000124,685,1188,-503
100000125,2808,1926,882
100000126,216,250,-34
100000127,414,311,103
100000128,125,1604,-1479
100000129,90,475,-385
100000130,436,110,326
100000131,322,553,-231
100000132,317,1022,-705
100000133,514,241,273
100000135,384,592,-208
100000139,61,417,-356
100000140,42,50,-8
100000142,428,253,175
100000143,300,112,188
100000144,661,219,442
100000147,642,2555,-1913
100000150,57,249,-192
100000151,46,846,-800
100000153,12,170,-158
100000154,4,231,-227
100000155,0,19,-19
100000156,19,124,-105
100000157,131,230,-99
100000158,131,173,-42
100000159,54,615,-561
100000165,419,200,219
100000169,12,668,-656
100000174,189,441,-252
100000179,13,270,-257
100000180,245,640,-395
100000181,52,107,-55
100000188,26,29,-3
100000189,232,114,118
100000190,167,554,-387
100000191,317,251,66
100000192,6,78,-72
100000193,163,65,98
100000330,166,336,-170
100000355,83,237,-154
100000362,935,321,614
100000363,3198,3416,-218
100000364,92,168,-76
100000365,3605,4627,-1022
100000366,974,419,555
100000367,2766,3292,-526
100000368,539,399,140
100000369,154,1072,-918
100000370,90,524,-434
100000376,20,239,-219
100000379,191,1354,-1163
100000380,1038,2888,-1850
100000384,2177,2912,-735
100000385,396,1812,-1416
100000386,648,2092,-1444
100000387,1020,2719,-1699
100000388,800,1605,-805
100000389,1347,2496,-1149
100000390,952,1053,-101
100000391,1416,3261,-1845
100000392,348,882,-534
100000393,428,1954,-1526
100000394,611,2078,-1467
100000395,302,1821,-1519
100000396,466,921,-455
100000397,620,3099,-2479
100000398,3648,1724,1924
100000413,0,3,-3
100900002,2,1,1
100900003,264,227,37
100900004,1,92,-91
100900005,111,3,108
100900006,25,1,24
100900007,63,1,62
100900008,0,41,-41
100900009,37,46,-9
100900010,33,2,31
100900011,119,86,33
100900012,0,24,-24
100900013,592,9,583
100900014,1,0,1
100900015,12,9,3
100900016,1,27,-26
100900017,460,21,439
100900018,0,4,-4
100900019,0,6,-6
100900020,189,0,189
100900021,231,1,230
100900022,3,14,-11
100900023,0,12,-12
100900024,154,0,154
100900025,2,0,2
100900026,93,19,74
100900027,127,1085,-958
100900028,29,110,-81
100900029,62,2,60
100900030,0,37,-37
100900031,508,18,490
100900032,206,0,206
100900033,8,64,-56
100900034,913,1,912
100900035,90,0,90
100900036,2,0,2
100900037,114,19,95
100900038,7,6,1
100900039,167,68,99
100900040,580,137,443
100900041,430,24,406
100900042,126,2004,-1878
100900043,0,9,-9
100900044,336,265,71
100900045,0,0,0
100900046,451,3,448
100900047,345,63,282
100900048,70,0,70
100900049,7,15,-8
100900050,0,3,-3
100900051,13,38,-25
100900052,93,5,88
100900053,382,2,380
100900054,0,22,-22
100900055,78,492,-414
100900056,1,30,-29
100900057,679,73,606
100900058,173,24,149
100900059,90,0,90
100900060,221,2,219
100900061,20,72,-52
100900062,1,4,-3
100900063,126,345,-219
100900064,173,6,167
100900065,31,96,-65
100900066,96,15,81
100900067,0,1,-1
100900068,66,87,-21
100900069,47,0,47
100900070,342,9,333
100900071,64,30,34
100900072,0,8,-8
100900073,29,113,-84
100900074,3,3,0
100900075,357,30,327
100900076,0,4,-4
100900077,48,0,48
100900078,11,50,-39
100900079,0,2,-2
100900080,54,65,-11
100900081,0,80,-80
100900082,119,54,65
100900083,1,0,1
100900085,1,140,-139
100900086,7,201,-194
100900088,92,62,30
100900089,2,46,-44
100900090,19,182,-163
100900091,0,3,-3
100900092,31,136,-105
100900093,187,213,-26
100900094,72,17,55
100900095,3,14,-11
100900096,15,33,-18
100900097,1,0,1
100900098,16,3,13
100900099,0,78,-78
100900100,1,43,-42
100900101,100,9,91
100900102,3,49,-46
100900103,2,2,0
100900104,0,44,-44
100900105,0,43,-43
100900106,1,2,-1
100900107,491,195,296
100900108,0,3,-3
100900109,18,7,11
100900110,0,13,-13
100900111,2,39,-37
100900112,1,0,1
100900113,3,15,-12
100900114,2,16,-14
100900115,6,6,0
100900116,280,210,70
100900117,62,725,-663
100900118,1,14,-13
100900119,2,11,-9
100900120,9,0,9
100900121,165,148,17
100900122,17,20,-3
100900123,129,18,111
100900124,0,5,-5
100900125,4,1,3
100900126,218,4,214
100900127,4,0,4
100900128,23,60,-37
100900129,0,150,-150
100900131,3,24,-21
100900133,31,8,23
100900134,4,0,4
100900135,0,101,-101
100900137,33,26,7
100900138,61,74,-13
100900139,0,0,0
100900140,0,33,-33
100900141,0,158,-158
100900142,0,1,-1
100900143,119,84,35
100900144,1,12,-11
100900145,5,30,-25
100900146,4,7,-3
100900147,3,501,-498
100900148,7,56,-49
100900149,1,215,-214
100900150,0,30,-30
100900151,4,136,-132
100900152,11,0,11
100900153,0,177,-177
100900154,11,18,-7
100900155,12,4,8
100900156,3,0,3
100900157,2,78,-76
100900159,0,5,-5
100900160,3,1,2
100900161,0,0,0
100900162,6,63,-57
100900163,19,12,7
100900164,24,2,22
100900165,49,46,3
100900166,0,0,0
100900167,6,11,-5
100900168,2,26,-24
100900169,15,192,-177
100900170,18,0,18
100900171,1,181,-180
100900172,0,130,-130
100900173,0,18,-18
100900174,2,11,-9
100900176,362,31,331
100900177,91,58,33
100900178,74,79,-5
100900179,29,56,-27
100900180,1,0,1
100900181,0,1,-1
100900182,8,2,6
100900184,5,48,-43
100900186,135,33,102
100900187,23,49,-26
100900188,53,6,47
100900189,778,143,635
100900191,61,389,-328
100900192,18,67,-49
100900195,38,57,-19
100900197,22,30,-8
100900198,15,9,6
100900199,1,2,-1
100900200,351,44,307
100900201,16,230,-214
100900202,7,0,7
100900203,0,14,-14
100900204,27,58,-31
100900205,29,430,-401
100900206,96,87,9
100900207,110,24,86
100900210,7,22,-15
100900211,37,40,-3
100900213,40,2,38
100900214,82,23,59
100900215,6,0,6
100900217,31,15,16
101000001,725,1084,-359
101000002,1938,2215,-277
101000003,66,429,-363
101000004,2039,4229,-2190
101000005,916,2482,-1566
101000006,2458,5228,-2770
101000007,683,2119,-1436
101000008,833,1106,-273
101000009,1017,259,758
101000010,393,300,93
101000011,289,175,114
101000012,123,167,-44
101000013,230,570,-340
101000014,188,163,25
101000015,1372,542,830
101000016,83,272,-189
101000017,172,209,-37
101000018,681,1503,-822
101000020,584,433,151
101000021,202,169,33
101000022,12,41,-29
101000023,334,381,-47
101000025,198,259,-61
101000026,246,15,231
101000027,743,1444,-701
101000028,490,206,284
101000029,6,372,-366
101000030,195,128,67
101000031,21,537,-516
101000032,949,2263,-1314
101000033,406,1886,-1480
101000034,154,1351,-1197
101000035,62,143,-81
101000036,95,947,-852
101000037,333,1721,-1388
101000039,661,928,-267
101000040,914,1882,-968
101000041,771,3166,-2395
101000042,10,479,-469
101000043,1217,2344,-1127
101000045,153,531,-378
101000046,365,968,-603
101000047,475,1892,-1417
101000048,158,214,-56
101000049,174,509,-335
101000050,169,725,-556
101000051,188,909,-721
101000052,548,802,-254
101000053,141,476,-335
101000054,374,237,137
101000055,526,810,-284
101000056,1,99,-98
101000057,253,968,-715
101000058,235,631,-396
101000059,552,1403,-851
101000060,588,309,279
101000061,64,1183,-1119
101000062,70,315,-245
101000063,62,579,-517
101000064,58,514,-456
101000065,68,468,-400
101000066,143,841,-698
101000067,133,319,-186
101000068,81,233,-152
101000069,71,73,-2
101000070,191,270,-79
101000071,1389,576,813
101000072,226,857,-631
101000073,179,966,-787
101000074,901,1523,-622
101000075,1086,915,171
101000077,1040,921,119
101000078,448,490,-42
101000079,576,698,-122
101000080,569,273,296
101000081,767,752,15
101000082,813,704,109
101000083,1546,907,639
101000084,501,133,368
101000085,929,607,322
101000086,424,319,105
101000087,286,391,-105
101000088,750,458,292
101000089,428,673,-245
101000090,574,266,308
101000091,228,177,51
101000092,1136,383,753
101000093,628,221,407
101000094,258,184,74
101000095,209,272,-63
101000096,307,175,132
101000097,168,164,4
101000098,196,295,-99
101000099,213,509,-296
101000100,499,851,-352
101000101,99,253,-154
101000102,136,503,-367
101000103,191,314,-123
101000104,116,501,-385
101000105,202,338,-136
101000106,124,1494,-1370
101000107,104,130,-26
101000108,144,23,121
101000109,248,58,190
101000110,1,71,-70
101000111,45,36,9
101000113,41,390,-349
101000114,840,2367,-1527
101000115,1,0,1
101000116,0,2,-2
101000117,240,12,228
101000119,31,95,-64
101000120,5,50,-45
101000121,15,45,-30
101000122,26,77,-51
101000123,18,42,-24
101000124,658,329,329
101000125,60,109,-49
101000128,64,345,-281
101000130,108,74,34
101000131,635,141,494
101000132,306,165,141
101000135,2,30,-28
101000136,26,87,-61
101000137,0,218,-218
101000141,213,2217,-2004
101000147,644,114,530
101000148,347,2,345
101000149,4,42,-38
101000150,71,93,-22
101000151,196,16,180
101000152,160,104,56
101000153,113,73,40
101000154,390,204,186
101000155,342,63,279
101000156,8,128,-120
101000157,5,10,-5
101000160,1,5,-4
101000163,41,479,-438
101000164,132,81,51
101000165,90,258,-168
101000166,61,138,-77
101000168,527,166,361
101000252,1414,355,1059
101000254,11,19,-8
101000258,64,1,63
101000261,99,48,51
101000262,370,2478,-2108
101000263,118,554,-436
101000265,2,270,-268
101000266,102,145,-43
101000269,17,4,13
101000290,65,1485,-1420
101000293,0,3,-3
101000294,111,107,4
101000295,113,126,-13
101000301,86,389,-303
101000304,720,1276,-556
101000305,1189,563,626
101000328,40,728,-688
101900001,22,43,-21
101900002,0,1,-1
101900003,10,14,-4
101900004,0,34,-34
101900005,528,1619,-1091
101900006,422,21,401
101900007,74,60,14
101900008,6,78,-72
101900009,2,193,-191
101900010,228,309,-81
101900011,55,441,-386
101900012,84,27,57
101900013,75,33,42
101900017,5,54,-49
101900018,233,95,138
101900019,33,22,11
101900020,39,8,31
101900021,0,22,-22
101900022,48,176,-128
101900023,67,44,23
101900026,9,23,-14
101900027,4,72,-68
102000001,1316,2849,-1533
102000002,1158,530,628
102000003,773,2422,-1649
102000004,942,1156,-214
102000005,414,1685,-1271
102000006,247,567,-320
102000007,407,2335,-1928
102000008,1554,652,902
102000009,3480,3625,-145
102000010,1503,903,600
102000011,2380,2422,-42
102000012,1897,1289,608
102000018,1158,1292,-134
102000019,930,619,311
102000026,129,172,-43
102000029,120,65,55
102000030,73,197,-124
102000031,31,48,-17
102000032,339,167,172
102000033,217,139,78
102000034,147,92,55
102000035,292,139,153
102000036,1,110,-109
102000037,47,5,42
102000038,8,39,-31
102000039,13,61,-48
102000040,80,109,-29
102000041,12,245,-233
102000042,21,214,-193
102000043,8,158,-150
102000044,137,438,-301
102000045,223,446,-223
102000046,597,313,284
102000047,322,251,71
102000048,192,193,-1
102000049,394,264,130
102000050,303,615,-312
102000051,83,210,-127
102000052,406,494,-88
102000053,359,511,-152
102000054,439,232,207
102000055,305,122,183
102000056,677,130,547
102000057,731,184,547
102000058,297,224,73
102000059,275,297,-22
102000060,599,813,-214
102000061,703,582,121
102000062,1115,535,580
102000063,440,691,-251
102000064,364,467,-103
102000065,24,128,-104
102000066,430,197,233
102000067,1134,1995,-861
102000068,2308,1115,1193
102000069,16,848,-832
102000070,1077,5,1072
102000071,3037,5538,-2501
102000072,921,1287,-366
102000073,173,250,-77
102000074,237,249,-12
102000075,58,69,-11
102000076,127,41,86
102000077,287,127,160
102000078,678,50,628
102000079,52,28,24
102000080,181,42,139
102000081,79,362,-283
102000082,237,235,2
102000083,355,50,305
102000084,564,60,504
102000085,529,181,348
102000086,794,264,530
102000087,184,363,-179
102000088,232,88,144
102000089,797,120,677
102000090,160,532,-372
102000091,637,272,365
102000092,51,254,-203
102000093,411,400,11
102000094,138,106,32
102000095,260,415,-155
102000096,118,83,35
102000097,183,166,17
102000098,51,123,-72
102000099,307,304,3
102000100,70,270,-200
102000101,69,249,-180
102000102,137,336,-199
102000103,959,270,689
102000104,223,130,93
102000105,105,154,-49
102000106,389,100,289
102000107,942,122,820
102000108,238,114,124
102000109,205,161,44
102000110,626,198,428
102000111,2,208,-206
102000112,38,82,-44
102000113,2,14,-12
102000114,349,233,116
102000115,133,144,-11
102000116,142,386,-244
102000117,28,253,-225
102000118,438,1120,-682
102000119,240,702,-462
102000120,132,209,-77
102000121,311,98,213
102000122,196,395,-199
102000123,349,194,155
102000124,300,421,-121
102000125,176,126,50
102000126,140,257,-117
102000127,431,116,315
102000128,242,252,-10
102000129,409,151,258
102000130,166,194,-28
102000131,264,162,102
102000132,115,174,-59
102000133,1866,489,1377
102000134,645,331,314
102000135,107,306,-199
102000136,337,171,166
102000137,136,90,46
102000138,87,56,31
102000139,87,68,19
102000140,46,121,-75
102000141,27,441,-414
102000142,123,397,-274
102000143,110,72,38
102000144,173,45,128
102000145,130,63,67
102000146,134,68,66
102000147,168,190,-22
102000148,47,152,-105
102000149,166,60,106
102000150,323,9,314
102000151,68,28,40
102000152,188,59,129
102000153,353,222,131
102000154,84,137,-53
102000155,9,199,-190
102000156,88,61,27
102000157,27,160,-133
102000158,63,302,-239
102000159,332,444,-112
102000161,904,859,45
102000162,54,64,-10
102000163,49,216,-167
102000164,160,377,-217
102000165,113,41,72
102000166,8,51,-43
102000167,49,75,-26
102000168,37,53,-16
102000169,37,329,-292
102000170,180,33,147
102000171,4,60,-56
102000172,5,184,-179
102000173,183,184,-1
102000174,68,41,27
102000175,61,24,37
102000176,5,33,-28
102000178,122,278,-156
102000179,200,130,70
102000180,452,155,297
102000181,626,127,499
102000182,339,137,202
102000183,916,364,552
102000184,863,272,591
102000185,1572,213,1359
102000186,666,404,262
102000187,389,146,243
102000188,721,466,255
102000189,731,96,635
102000190,196,930,-734
102000191,265,154,111
102000192,507,545,-38
102000193,35,32,3
102000194,29,80,-51
102000195,380,110,270
102000196,138,156,-18
102000197,715,67,648
102000198,83,122,-39
102000199,621,61,560
102000200,109,152,-43
102000201,793,174,619
102000202,2,23,-21
102000203,131,73,58
102000204,292,114,178
102000205,630,105,525
102000206,137,120,17
102000207,221,200,21
102000208,202,206,-4
102000209,4,26,-22
102000210,257,34,223
102000211,393,25,368
102000212,298,13,285
102000213,0,48,-48
102000214,385,4,381
102000215,6,63,-57
102000216,116,65,51
102000217,1,21,-20
102000218,66,107,-41
102000219,26,41,-15
102000225,94,349,-255
102000226,126,162,-36
102000227,87,0,87
102000228,0,11,-11
102000229,54,50,4
102000230,137,161,-24
102000231,145,192,-47
102000232,28,173,-145
102000233,345,98,247
102000234,28,471,-443
102000236,110,10,100
102000237,325,43,282
102000238,42,111,-69
102000240,49,198,-149
102000241,150,12,138
102000243,2,28,-26
102000245,6,24,-18
102000246,19,68,-49
102000247,96,215,-119
102000248,269,521,-252
102000249,70,36,34
102000250,29,43,-14
102000254,259,37,222
102000266,2,36,-34
102000271,14,0,14
102000286,121,181,-60
102000297,553,338,215
102000301,0,0,0
102000303,0,0,0
102000305,0,4,-4
102000307,0,3,-3
102900001,524,134,390
102900002,121,5,116
102900003,37,34,3
102900005,150,81,69
102900006,186,28,158
102900007,290,0,290
102900008,105,16,89
102900009,67,69,-2
102900010,94,435,-341
102900011,262,79,183
102900012,146,30,116
102900013,13,6,7
102900015,347,141,206
102900016,53,7,46
102900017,132,30,102
102900018,24,15,9
102900019,110,123,-13
102900020,97,2,95
102900021,20,3,17
102900022,15,7,8
102900023,9,0,9
102900024,23,9,14
102900025,23,15,8
102900026,100,896,-796
102900027,49,19,30
102900028,20,450,-430
102900029,6,79,-73
102900030,106,178,-72
102900031,95,23,72
102900032,36,30,6
102900033,38,80,-42
102900034,328,15,313
102900035,64,60,4
102900036,205,91,114
102900037,32,66,-34
102900038,114,52,62
102900039,37,263,-226
102900040,31,72,-41
102900041,26,19,7
102900042,38,30,8
102900043,128,9,119
102900044,134,383,-249
102900045,51,94,-43
102900046,163,41,122
102900047,40,105,-65
102900048,139,56,83
102900049,38,67,-29
102900050,60,76,-16
102900051,41,65,-24
102900053,89,57,32
102900054,43,257,-214
102900055,11,139,-128
102900056,9,70,-61
102900057,3,32,-29
102900058,127,27,100
102900059,5,1,4
102900060,6,59,-53
102900061,62,49,13
102900062,109,114,-5
102900063,962,74,888
102900064,15,146,-131
102900065,416,112,304
102900066,111,3,108
102900068,4,52,-48
102900070,86,87,-1
102900072,2,10,-8
102900073,6,0,6
102900075,0,12,-12
102900076,3,8,-5
102900077,1,2,-1
102900078,2,2,0
102900079,93,0,93
102900080,228,0,228
102900081,3,58,-55
102900082,18,12,6
102900083,40,0,40
102900084,0,1,-1
102900085,30,5,25
102900086,0,6,-6
102900087,108,40,68
102900088,17,5,12
102900089,110,12,98
102900090,1,20,-19
102900091,140,1,139
102900092,170,45,125
102900094,1,20,-19
102900095,66,1,65
102900096,20,2,18
102900097,1,12,-11
103000001,1178,1232,-54
103000002,1644,1635,9
103000003,1439,1170,269
103000004,345,214,131
103000005,718,1641,-923
103000006,494,772,-278
103000007,183,149,34
103000008,562,323,239
103000009,824,491,333
103000010,119,21,98
103000011,649,248,401
103000012,632,624,8
103000013,826,505,321
103000014,724,1180,-456
103000015,710,312,398
103000016,240,657,-417
103000017,124,494,-370
103000018,203,118,85
103000019,153,291,-138
103000020,770,635,135
103000021,1372,2266,-894
103000022,349,739,-390
103000023,544,1192,-648
103000024,44,82,-38
103000025,33,653,-620
103000026,122,67,55
103000027,25,428,-403
103000028,137,149,-12
103000029,38,99,-61
103000030,681,711,-30
103000031,443,1368,-925
103000032,1045,449,596
103000033,2323,1852,471
103000034,550,323,227
103000035,72,562,-490
103000036,105,142,-37
103000037,345,202,143
103000038,158,407,-249
103000039,224,102,122
103000040,519,277,242
103000041,853,584,269
103000042,574,75,499
103000043,464,228,236
103000044,182,50,132
103000046,82,140,-58
103000047,306,112,194
103000048,120,41,79
103000049,28,38,-10
103000050,283,42,241
103000051,370,162,208
103000052,292,66,226
103000053,158,73,85
103000054,807,103,704
103000055,918,440,478
103000056,336,381,-45
103000057,857,89,768
103000058,405,113,292
103000059,435,228,207
103000060,336,111,225
103000061,333,335,-2
103000062,263,42,221
103000063,528,373,155
103000064,62,19,43
103000065,1,85,-84
103000066,102,17,85
103000069,120,81,39
103000070,324,95,229
103000071,640,349,291
103000072,145,143,2
103000073,518,19,499
103000074,584,46,538
103000075,28,151,-123
103000076,143,468,-325
103000077,1,155,-154
103000078,348,373,-25
103000079,139,408,-269
103000080,149,170,-21
103000081,161,706,-545
103000082,262,86,176
103000083,38,94,-56
103000084,47,7,40
103000085,0,61,-61
103000086,227,299,-72
103000087,52,447,-395
103000088,92,265,-173
103000089,127,406,-279
103000090,2682,973,1709
103000091,686,438,248
103000092,116,78,38
103000093,123,212,-89
103000094,136,45,91
103000095,27,148,-121
103000096,270,2,268
103000097,9,265,-256
103000098,255,7,248
103000099,33,167,-134
103000100,109,122,-13
103000101,806,20,786
103000102,100,91,9
103000103,496,22,474
103000104,98,35,63
103000105,144,22,122
103000106,2,96,-94
103000107,141,34,107
103000108,890,770,120
103000109,231,507,-276
103000110,331,663,-332
103000111,174,275,-101
103000112,118,200,-82
103000113,124,476,-352
103000114,775,269,506
103000115,607,463,144
103000116,544,217,327
103000117,462,367,95
103000118,144,171,-27
103000119,459,160,299
103000120,13,144,-131
103000121,139,179,-40
103000122,416,863,-447
103000125,2,23,-21
103000126,338,0,338
103000127,0,45,-45
103000128,64,0,64
103000129,0,78,-78
103000130,32,10,22
103000131,34,49,-15
103000132,27,45,-18
103000133,15,120,-105
103000134,115,405,-290
103000135,220,135,85
103000136,127,137,-10
103000137,136,362,-226
103000138,227,344,-117
103000139,0,18,-18
103000140,33,13,20
103000141,13,23,-10
103000142,39,37,2
103000143,41,63,-22
103000144,166,20,146
103000145,7,68,-61
103000150,23,9,14
103000152,24,199,-175
103000153,79,162,-83
103000156,0,87,-87
103000157,198,1,197
103000159,56,14,42
103000162,6,7,-1
103000163,0,13,-13
103000164,12,41,-29
103000165,21,57,-36
103000166,178,345,-167
103000167,99,65,34
103000168,117,36,81
103000169,160,340,-180
103000170,978,138,840
103000171,2,42,-40
103000172,559,51,508
103000173,383,70,313
103000174,248,137,111
103000175,205,61,144
103000176,405,391,14
103000177,151,177,-26
103000178,38,82,-44
103000179,37,3,34
103000183,243,2,241
103000185,110,25,85
103000186,145,35,110
103000187,550,61,489
103000188,13,43,-30
103000189,345,372,-27
103000191,142,116,26
103000292,283,635,-352
103000293,195,1299,-1104
103000295,36,41,-5
103000296,49,6,43
103000297,0,2,-2
103000504,17,2,15
103000505,0,4,-4
103000506,0,52,-52
103000507,84,0,84
103000508,46,26,20
103000509,140,210,-70
103900001,5,7,-2
103900002,194,23,171
103900003,230,149,81
103900004,49,0,49
103900005,0,38,-38
103900006,3,0,3
103900007,57,0,57
103900008,2,0,2
103900009,136,42,94
103900010,166,9,157
103900011,157,20,137
103900012,3,39,-36
103900013,24,5,19
103900014,71,1,70
103900015,52,6,46
103900016,33,13,20
103900017,30,14,16
103900018,58,7,51
103900019,7,232,-225
103900020,100,237,-137
103900021,64,10,54
103900022,225,90,135
103900023,180,0,180
103900024,4,55,-51
103900025,0,1,-1
103900026,0,0,0
103900027,95,39,56
103900028,26,91,-65
103900029,647,65,582
103900030,132,88,44
103900031,16,0,16
103900032,78,110,-32
103900033,14,0,14
103900034,25,13,12
103900035,23,12,11
103900036,24,37,-13
103900037,28,6,22
103900038,16,151,-135
103900039,113,68,45
103900040,6,58,-52
103900041,53,14,39
103900042,122,58,64
103900043,328,11,317
103900044,10,167,-157
103900045,181,97,84
103900047,70,7,63
103900048,4,5,-1
103900049,17,317,-300
103900050,6,107,-101
103900051,2,46,-44
103900052,97,109,-12
103900053,175,36,139
103900054,62,13,49
103900055,155,93,62
103900056,1,6,-5
103900057,47,20,27
103900058,254,35,219
103900059,1,29,-28
103900060,55,17,38
103900061,172,9,163
103900062,200,103,97
103900063,0,0,0
103900064,148,0,148
103900065,86,90,-4
103900066,174,43,131
103900067,115,2,113
103900068,0,0,0
103900069,23,1,22
103900070,32,70,-38
103900071,0,26,-26
103900072,12,57,-45
103900073,25,7,18
103900074,29,0,29
103900075,117,43,74
103900076,438,133,305
103900077,4,58,-54
103900078,67,24,43
103900079,28,19,9
103900080,0,6,-6
103900081,4,2,2
103900082,35,29,6
103900083,372,880,-508
103900084,8,30,-22
103900085,5,21,-16
103900086,541,107,434
103900088,93,144,-51
103900089,10,53,-43
103900090,0,20,-20
103900091,265,40,225
103900092,439,144,295
103900093,1,75,-74
103900094,5,8,-3
103900095,50,106,-56
103900096,43,14,29
103900097,6,52,-46
103900098,107,43,64
103900099,96,1,95
103900100,219,16,203
103900101,109,258,-149
103900102,2,1,1
103900104,0,6,-6
103900105,3,5,-2
103900106,0,81,-81
103900107,139,29,110
103900108,56,28,28
103900109,67,17,50
103900110,83,12,71
103900111,102,82,20
103900112,12,14,-2
103900113,27,40,-13
103900114,148,62,86
103900115,33,85,-52
103900116,334,734,-400
103900117,43,5,38
103900119,33,169,-136
103900120,34,16,18
103900122,161,47,114
103900123,98,301,-203
103900124,19,44,-25
103900125,96,31,65
103900126,297,15,282
103900127,59,34,25
103900128,103,4,99
103900131,5,10,-5
103900133,481,3,478
103900134,0,6,-6
103900135,0,0,0
103900137,0,0,0
103900138,182,16,166
103900139,67,1515,-1448
103900140,1,221,-220
103900141,70,34,36
103900142,286,27,259
103900143,122,0,122
103900144,0,6,-6
103900145,50,40,10
103900146,141,28,113
103900147,200,32,168
103900148,185,29,156
103900149,206,25,181
103900150,935,2038,-1103
103900151,4,4,0
103900152,469,22,447
103900153,1,1,0
103900154,30,944,-914
103900155,4,46,-42
103900156,18,9,9
103900157,52,7,45
103900158,128,6,122
103900159,145,1,144
103900160,2,4,-2
103900161,20,44,-24
103900162,9,12,-3
103900163,0,75,-75
103900167,1,26,-25
103900168,17,4,13
103900169,16,10,6
103900170,0,11,-11
103900171,0,1,-1
103900172,0,0,0
103900173,5,5,0
103900174,164,9,155
103900175,6,119,-113
103900176,3,17,-14
103900177,0,1,-1
103900178,43,0,43
103900179,22,2,20
103900180,4,2,2
103900181,7,16,-9
103900182,3,17,-14
103900184,44,9,35
103900185,8,231,-223
103900187,22,47,-25
103900188,42,38,4
103900189,56,0,56
103900190,72,0,72
103900191,2,17,-15
103900192,41,8,33
103900193,8,2,6
103900194,5,8,-3
103900195,0,44,-44
103900196,54,17,37
103900197,2,1,1
103900198,1,1,0
103900199,95,9,86
103900200,134,2,132
103900201,22,2,20
103900202,1,1,0
103900203,37,21,16
103900204,0,8,-8
103900207,0,16,-16
103900208,76,0,76
103900209,3,1,2
103900210,26,11,15
103900211,346,37,309
103900212,25,11,14
103900213,4,50,-46
103900214,54,128,-74
103900215,35,92,-57
103900216,3,30,-27
103900217,133,25,108
103900218,17,117,-100
103900219,168,36,132
103900233,23,0,23
103900235,35,35,0
103900236,9,11,-2
103900242,0,2,-2
103900243,1,1,0
103900244,37,24,13
103900245,47,7,40
103900246,0,2,-2
103900247,1,13,-12
103900248,0,18,-18
103900249,0,100,-100
103900250,1,2,-1
103900251,0,6,-6
103900253,0,3,-3
103900254,1,6,-5
103900255,1,0,1
103900256,5,20,-15
103900257,43,30,13
103900258,14,0,14
103900259,0,1,-1
103900261,3,0,3
103900262,4,0,4
103900263,14,1,13
103900264,11,0,11
103900265,2,1,1
103900266,0,42,-42
103900267,1,27,-26
103900268,5,18,-13
103900269,113,6,107
103900270,21,23,-2
103900271,19,7,12
103900272,15,4,11
103900273,10,0,10
103900274,22,0,22
103900275,58,2,56
103900276,1,4,-3
103900277,0,0,0
103900278,0,4,-4
103900279,0,17,-17
103900280,1,0,1
104000001,1106,602,504
104000002,1124,1059,65
104000003,1084,703,381
104000004,1603,953,650
104000005,1057,937,120
104000006,1513,960,553
104000007,2785,2051,734
104000008,173,96,77
104000009,318,86,232
104000010,93,241,-148
104000011,143,81,62
104000012,79,117,-38
104000013,127,286,-159
104000014,105,114,-9
104000015,190,57,133
104000016,126,105,21
104000018,507,81,426
104000019,452,81,371
104000020,16,147,-131
104000021,140,96,44
104000022,88,194,-106
104000023,989,218,771
104000024,182,93,89
104000026,14,40,-26
104000027,156,48,108
104000028,349,192,157
104000029,223,103,120
104000030,313,248,65
104000031,735,73,662
104000032,110,104,6
104000033,572,107,465
104000034,168,126,42
104000035,758,98,660
104000036,589,191,398
104000037,86,96,-10
104000038,285,153,132
104000039,177,47,130
104000040,39,203,-164
104000041,423,150,273
104000042,229,112,117
104000043,87,111,-24
104000044,173,164,9
104000045,384,184,200
104000046,189,227,-38
104000047,219,315,-96
104000048,372,339,33
104000049,267,174,93
104000050,50,303,-253
104000051,75,215,-140
104000052,951,624,327
104000053,719,266,453
104000054,247,65,182
104000055,1186,692,494
104000056,747,91,656
104000057,280,123,157
104000058,580,484,96
104000059,379,447,-68
104000060,673,656,17
104000061,431,475,-44
104000062,281,55,226
104000064,193,92,101
104000065,24,218,-194
104000069,75,509,-434
104000070,30,281,-251
104000071,93,40,53
104000072,330,123,207
104000075,2,60,-58
104000076,191,24,167
104000082,927,1271,-344
104000083,206,70,136
104000084,59,143,-84
104000085,153,64,89
104000086,186,183,3
104000087,102,420,-318
104000090,393,214,179
104000092,745,324,421
104000094,228,287,-59
104000095,1325,520,805
104000096,1065,6,1059
104000097,1308,111,1197
104000098,2192,113,2079
104000100,1441,223,1218
104000101,630,553,77
104000106,49,330,-281
104000107,423,161,262
104000108,91,69,22
104000109,136,52,84
104000110,265,566,-301
104000111,640,1313,-673
104000112,236,188,48
104000116,0,263,-263
104000117,222,131,91
104000118,748,62,686
104000119,439,113,326
104000120,275,94,181
104000121,126,211,-85
104000122,382,284,98
104000123,356,257,99
104000124,186,427,-241
104000125,583,1635,-1052
104000126,209,271,-62
104000127,796,771,25
104000128,295,67,228
104000129,164,5,159
104000130,7,284,-277
104000131,118,229,-111
104000132,275,241,34
104000133,711,517,194
104000134,549,1012,-463
104000135,145,522,-377
104000136,369,965,-596
104000137,892,158,734
104000138,844,381,463
104000139,868,965,-97
104000141,240,319,-79
104000142,318,156,162
104000143,469,143,326
104000144,48,103,-55
104000145,139,79,60
104000146,47,191,-144
104000147,61,159,-98
104000148,191,89,102
104000149,69,48,21
104000150,590,212,378
104000151,193,140,53
104000152,268,157,111
104000153,584,277,307
104000154,240,207,33
104000155,191,632,-441
104000157,798,460,338
104000158,27,229,-202
104000159,398,148,250
104000160,1128,1286,-158
104000161,69,52,17
104000162,75,40,35
104000165,458,283,175
104000167,403,945,-542
104000168,642,6,636
104000169,188,46,142
104000170,97,98,-1
104000248,199,227,-28
104000251,1,87,-86
104000272,0,0,0
104000273,0,0,0
104000274,0,0,0
104000275,0,0,0
104000279,356,328,28
104000290,7,508,-501
104000291,520,520,0
104000293,508,428,80
104000294,36,0,36
104000295,766,674,92
104000296,339,215,124
104000297,704,1429,-725
104000298,856,403,453
104000299,462,483,-21
104000302,21,44,-23
104000303,107,111,-4
104900001,9,30,-21
104900002,15,117,-102
104900003,38,49,-11
104900004,18,22,-4
104900005,154,39,115
104900006,195,19,176
104900007,214,42,172
104900009,26,78,-52
104900010,42,1,41
104900011,0,2,-2
104900012,55,6,49
104900013,20,3,17
104900014,216,56,160
104900015,51,4,47
104900016,66,20,46
104900017,16,54,-38
104900018,0,32,-32
104900019,38,2419,-2381
104900020,52,60,-8
104900021,0,11,-11
104900022,2,61,-59
104900023,1,10,-9
104900024,2,66,-64
104900025,24,20,4
104900026,0,22,-22
104900027,409,184,225
104900028,4,29,-25
104900029,9,33,-24
104900030,243,93,150
104900031,4,92,-88
104900032,5,11,-6
104900033,108,51,57
104900034,146,91,55
104900035,183,113,70
104900036,348,23,325
104900037,57,57,0
104900038,28,604,-576
104900039,155,794,-639
104900040,388,5,383
104900041,180,43,137
104900042,146,57,89
104900043,41,232,-191
104900044,595,27,568
104900045,90,73,17
104900046,278,20,258
104900047,230,30,200
104900048,359,16,343
104900049,116,40,76
104900050,305,5,300
104900051,257,19,238
104900052,174,0,174
104900053,248,17,231
104900054,155,19,136
104900055,270,0,270
104900056,152,7,145
104900057,31,0,31
104900058,155,11,144
104900059,57,41,16
104900060,128,86,42
104900061,31,36,-5
104900063,4,31,-27
104900064,0,38,-38
104900065,7,59,-52
104900066,0,7,-7
104900067,0,43,-43
104900068,6,18,-12
104900070,22,30,-8
104900071,0,55,-55
104900072,4,29,-25
104900073,30,4,26
104900074,13,15,-2
104900075,16,1,15
104900076,58,8,50
104900077,35,27,8
104900078,30,14,16
104900079,12,316,-304
104900080,25,59,-34
104900082,1,22,-21
104900085,45,147,-102
104900087,106,1,105
104900089,511,0,511
104900090,698,277,421
104900091,123,112,11
104900093,22,50,-28
104900097,323,917,-594
104900098,72,7,65
104900099,11,210,-199
104900100,123,24,99
104900102,57,51,6
104900103,65,10,55
104900104,504,871,-367
104900106,51,19,32
104900107,11,37,-26
104900108,0,17,-17
104900109,63,64,-1
104900110,7,27,-20
104900111,75,6,69
104900112,176,40,136
104900113,337,30,307
104900114,231,66,165
104900115,289,34,255
104900116,173,21,152
104900118,0,11,-11
104900119,0,9,-9
104900120,20,295,-275
104900121,0,8,-8
104900122,0,8,-8
104900123,168,33,135
104900124,81,0,81
104900125,127,2,125
104900126,0,17,-17
104900127,2,11,-9
104900128,21,13,8
104900129,277,1294,-1017
105000001,963,378,585
105000002,957,590,367
105000003,1430,1693,-263
105000004,574,348,226
105000005,1084,571,513
105000006,476,984,-508
105000007,613,1047,-434
105000008,249,1364,-1115
105000009,2176,1656,520
105000010,1136,529,607
105000011,1877,1649,228
105000012,932,765,167
105000013,599,518,81
105000014,1855,1502,353
105000015,4016,6764,-2748
105000016,528,612,-84
105000017,939,610,329
105000018,351,540,-189
105000019,478,446,32
105000020,31,229,-198
105000021,165,73,92
105000022,33,33,0
105000023,393,95,298
105000028,10,38,-28
105000029,230,535,-305
105000030,1614,1008,606
105000031,1,5,-4
105000033,448,496,-48
105000034,38,500,-462
105000037,222,54,168
105000038,392,570,-178
105000039,288,331,-43
105000040,449,463,-14
105000041,79,266,-187
105000042,836,608,228
105000043,330,314,16
105000044,329,91,238
105000045,96,140,-44
105000046,614,53,561
105000047,195,146,49
105000048,789,171,618
105000049,129,126,3
105000050,620,223,397
105000051,109,169,-60
105000052,320,463,-143
105000053,55,75,-20
105000054,207,333,-126
105000055,386,91,295
105000056,1017,813,204
105000057,788,202,586
105000058,583,408,175
105000059,691,286,405
105000060,298,172,126
105000061,868,284,584
105000062,294,301,-7
105000063,128,191,-63
105000064,1658,279,1379
105000065,276,145,131
105000066,475,260,215
105000067,1007,387,620
105000068,158,318,-160
105000069,618,1539,-921
105000070,217,620,-403
105000071,123,1091,-968
105000072,699,2745,-2046
105000073,629,348,281
105000074,238,229,9
105000075,205,252,-47
105000076,677,378,299
105000077,740,205,535
105000078,382,389,-7
105000079,440,803,-363
105000080,1001,1027,-26
105000081,614,810,-196
105000082,425,1104,-679
105000083,1458,1780,-322
105000084,345,432,-87
105000085,1630,1445,185
105000086,268,322,-54
105000087,487,510,-23
105000088,1251,1515,-264
105000089,877,390,487
105000090,164,138,26
105000091,224,219,5
105000092,193,166,27
105000093,70,248,-178
105000094,92,76,16
105000095,70,265,-195
105000096,629,1093,-464
105000097,150,281,-131
105000098,826,861,-35
105000099,378,397,-19
105000100,1065,371,694
105000101,992,397,595
105000102,837,432,405
105000103,639,513,126
105000104,1035,280,755
105000105,611,289,322
105000106,904,318,586
105000107,988,181,807
105000108,993,255,738
105000109,1386,270,1116
105000110,572,99,473
105000111,1034,232,802
105000112,426,148,278
105000113,381,392,-11
105000114,464,692,-228
105000115,147,1062,-915
105000116,838,193,645
105000117,359,242,117
105000118,445,176,269
105000119,285,265,20
105000120,1046,197,849
105000121,565,290,275
105000122,323,159,164
105000123,287,313,-26
105000124,1102,212,890
105000125,578,362,216
105000126,1097,562,535
105000127,1565,525,1040
105000128,293,696,-403
105000129,650,113,537
105000130,114,2402,-2288
105000131,178,68,110
105000132,775,530,245
105000133,69,194,-125
105000134,956,158,798
105000135,117,71,46
105000136,10,28,-18
105000137,392,20,372
105000138,100,17,83
105000139,450,148,302
105000140,579,100,479
105000141,240,81,159
105000142,183,137,46
105000143,76,156,-80
105000144,192,174,18
105000145,599,129,470
105000146,148,107,41
105000147,469,97,372
105000148,472,330,142
105000149,1773,722,1051
105000150,427,233,194
105000151,467,256,211
105000152,147,191,-44
105000153,581,142,439
105000154,266,236,30
105000155,372,180,192
105000156,91,193,-102
105000157,324,305,19
105000158,1293,252,1041
105000159,161,262,-101
105000160,1981,266,1715
105000161,345,199,146
105000162,360,1269,-909
105000163,373,228,145
105000164,25,69,-44
105000165,184,4953,-4769
105000166,1132,969,163
105000167,610,1298,-688
105000168,194,66,128
105000169,539,66,473
105000170,235,512,-277
105000171,504,78,426
105000172,269,4,265
105000173,521,3,518
105000174,95,13,82
105000175,51,39,12
105000176,310,32,278
105000177,284,151,133
105000178,190,74,116
105000179,900,9,891
105000180,212,15,197
105000181,116,65,51
105000182,55,26,29
105000183,992,1446,-454
105000184,49,163,-114
105000185,102,708,-606
105000186,131,312,-181
105000187,302,157,145
105000188,82,115,-33
105000189,58,299,-241
105000190,160,93,67
105000191,90,175,-85
105000192,213,50,163
105000193,57,29,28
105000194,536,24,512
105000195,101,154,-53
105000196,44,210,-166
105000197,104,131,-27
105000198,52,60,-8
105000199,44,473,-429
105000200,39,302,-263
105000201,67,23,44
105000203,0,55,-55
105000204,40,27,13
105000205,46,59,-13
105000207,76,19,57
105000208,66,209,-143
105000209,26,26,0
105000211,312,2,310
105000212,522,294,228
105000213,41,81,-40
105000214,86,49,37
105000215,108,78,30
105000216,85,22,63
105000217,81,41,40
105000218,1564,237,1327
105000221,119,77,42
105000222,134,25,109
105000223,221,51,170
105000226,22,59,-37
105000227,56,34,22
105000228,25,724,-699
105000229,74,278,-204
105000231,181,60,121
105000233,559,355,204
105000234,248,462,-214
105000235,339,235,104
105000237,790,54,736
105000243,68,31,37
105000248,18,39,-21
105000262,161,99,62
105000269,68,31,37
105000270,520,2,518
105000271,0,69,-69
105000282,10,11,-1
105000287,70,39,31
105000288,525,316,209
105000289,640,1095,-455
105000290,5,7,-2
105000402,629,1655,-1026
105000426,104,134,-30
105000438,799,873,-74
105000440,18,4,14
105000446,2122,1915,207
105000447,1057,790,267
105000454,381,61,320
105000455,93,41,52
105000474,66,2,64
105000477,504,238,266
105000478,1583,2770,-1187
105000479,71,49,22
105000480,3235,4183,-948
105000481,2453,1788,665
105000482,1025,1865,-840
105000483,740,1069,-329
105000484,648,870,-222
105000485,584,1479,-895
105000486,770,747,23
105000488,1312,1338,-26
105000489,936,284,652
105000549,124,35,89
105000550,83,274,-191
105000551,1,37,-36
105000552,686,410,276
105000555,429,781,-352
105000556,29,6,23
105000557,35,80,-45
105900001,2,735,-733
105900002,248,592,-344
105900003,0,83,-83
105900004,11,3,8
105900005,1,62,-61
105900006,15,15,0
105900007,16,6,10
105900008,31,77,-46
105900009,58,6,52
105900011,31,16,15
105900012,128,22,106
105900013,0,10,-10
105900014,5,4,1
105900015,35,64,-29
105900016,228,113,115
105900017,1087,9,1078
105900018,41,65,-24
105900019,5,48,-43
105900020,34,59,-25
105900021,18,98,-80
105900022,75,80,-5
105900023,4,36,-32
105900024,24,63,-39
105900025,213,1,212
105900026,121,0,121
105900027,2258,845,1413
105900028,99,39,60
105900029,672,105,567
105900030,47,98,-51
105900031,235,19,216
105900032,50,6,44
105900033,19,18,1
105900034,76,31,45
105900035,24,25,-1
105900036,51,18,33
105900037,75,6,69
105900038,50,69,-19
105900039,64,8,56
105900040,57,11,46
105900041,68,32,36
105900042,31,43,-12
105900043,242,14,228
105900044,0,96,-96
105900045,0,316,-316
105900046,0,44,-44
105900047,5,2,3
105900048,51,84,-33
105900050,140,493,-353
105900051,8,182,-174
105900052,176,8,168
105900053,689,1773,-1084
105900054,57,31,26
105900056,160,189,-29
105900057,3,36,-33
105900058,24,6,18
105900059,0,49,-49
106000001,1110,765,345
106000002,421,1095,-674
106000003,1478,1823,-345
106000004,949,1410,-461
106000005,2640,2047,593
106000006,1877,964,913
106000007,430,84,346
106000008,145,174,-29
106000009,341,81,260
106000010,115,338,-223
106000011,974,331,643
106000012,373,214,159
106000013,1296,727,569
106000014,549,368,181
106000015,1703,432,1271
106000016,570,603,-33
106000017,808,335,473
106000018,267,271,-4
106000019,385,151,234
106000020,92,169,-77
106000021,371,151,220
106000022,136,96,40
106000023,687,121,566
106000024,236,215,21
106000025,248,167,81
106000026,61,39,22
106000027,1735,594,1141
106000028,281,112,169
106000029,376,248,128
106000030,36,175,-139
106000034,9,116,-107
106000035,690,983,-293
106000036,23,232,-209
106000037,273,383,-110
106000038,15,60,-45
106000039,32,71,-39
106000040,49,952,-903
106000041,417,210,207
106000043,215,84,131
106000046,103,25,78
106000047,44,272,-228
106000049,873,37,836
106000050,17,183,-166
106000051,674,288,386
106000052,9,5,4
106000053,383,75,308
106000054,6,2,4
106000055,543,183,360
106000056,3,4,-1
106000057,420,64,356
106000058,1,4,-3
106000059,372,145,227
106000060,16,55,-39
106000061,142,435,-293
106000062,35,50,-15
106000063,535,448,87
106000064,0,0,0
106000065,478,137,341
106000066,50,18,32
106000067,298,43,255
106000068,39,17,22
106000069,352,26,326
106000070,176,19,157
106000071,502,134,368
106000072,809,560,249
106000073,651,3000,-2349
106000074,323,417,-94
106000075,269,464,-195
106000076,668,452,216
106000077,961,279,682
106000078,785,218,567
106000079,599,192,407
106000080,891,195,696
106000081,661,251,410
106000082,718,242,476
106000083,216,499,-283
106000084,392,271,121
106000085,682,419,263
106000086,203,116,87
106000087,369,195,174
106000088,225,198,27
106000089,804,106,698
106000090,213,250,-37
106000091,181,270,-89
106000092,438,177,261
106000093,333,47,286
106000094,37,115,-78
106000095,938,329,609
106000096,1284,99,1185
106000097,986,418,568
106000098,704,123,581
106000099,66,230,-164
106000100,992,94,898
106000101,553,79,474
106000102,50,184,-134
106000103,160,198,-38
106000104,842,150,692
106000105,293,189,104
106000106,621,102,519
106000107,68,123,-55
106000108,442,78,364
106000109,80,68,12
106000110,357,49,308
106000111,88,76,12
106000112,219,586,-367
106000113,140,292,-152
106000114,217,521,-304
106000115,131,224,-93
106000116,181,50,131
106000117,357,149,208
106000118,687,652,35
106000119,276,203,73
106000120,465,756,-291
106000121,172,67,105
106000122,230,111,119
106000123,658,15,643
106000124,86,61,25
106000125,27,141,-114
106000126,410,16,394
106000127,815,278,537
106000128,723,62,661
106000129,349,202,147
106000130,837,148,689
106000131,70,380,-310
106000132,360,70,290
106000133,863,887,-24
106000134,128,1752,-1624
106000135,133,349,-216
106000136,657,942,-285
106000137,100,564,-464
106000138,1566,49,1517
106000139,104,66,38
106000140,3,7,-4
106000141,17,2,15
106000142,211,70,141
106000143,3,6,-3
106000144,41,43,-2
106000145,77,23,54
106000146,469,52,417
106000147,615,264,351
106000148,790,354,436
106000149,524,210,314
106000150,545,1186,-641
106000151,1279,335,944
106000152,553,1091,-538
106000153,34,838,-804
106000154,645,89,556
106000155,138,207,-69
106000156,705,75,630
106000157,306,730,-424
106000158,509,333,176
106000159,778,1155,-377
106000160,280,1697,-1417
106000161,372,68,304
106000162,371,847,-476
106000163,182,57,125
106000164,375,33,342
106000165,99,140,-41
106000166,624,46,578
106000167,284,185,99
106000168,489,50,439
106000169,91,84,7
106000170,632,65,567
106000171,125,336,-211
106000172,1239,311,928
106000173,515,545,-30
106000174,851,98,753
106000175,102,123,-21
106000176,1395,257,1138
106000177,484,456,28
106000178,1959,383,1576
106000179,372,255,117
106000180,423,206,217
106000181,1126,528,598
106000182,1327,113,1214
106000183,1145,109,1036
106000184,663,152,511
106000185,672,656,16
106000186,124,11,113
106000187,3,408,-405
106000188,0,0,0
106000189,7,6,1
106000190,30,0,30
106000191,284,16,268
106000192,0,1,-1
106000193,56,86,-30
106000194,28,84,-56
106000195,17,28,-11
106000196,13,52,-39
106000197,315,62,253
106000198,123,24,99
106000199,326,709,-383
106000200,90,68,22
106000201,123,3754,-3631
106000202,767,236,531
106000203,10,74,-64
106000204,45,2,43
106000205,2,49,-47
106000206,47,5,42
106000207,8,90,-82
106000208,1125,34,1091
106000209,1577,141,1436
106000210,121,287,-166
106000211,124,512,-388
106000212,1105,197,908
106000213,111,695,-584
106000214,628,138,490
106000215,301,211,90
106000216,607,100,507
106000217,106,236,-130
106000218,320,47,273
106000219,114,188,-74
106000220,546,91,455
106000221,111,17,94
106000222,56,54,2
106000223,305,29,276
106000224,77,42,35
106000225,25,86,-61
106000226,49,90,-41
106000228,2,4,-2
106000229,55,104,-49
106000231,919,39,880
106000232,75,48,27
106000233,382,23,359
106000234,33,153,-120
106000235,124,83,41
106000236,38,218,-180
106000237,3,126,-123
106000238,19,12,7
106000239,0,48,-48
106000240,10,1,9
106000241,4,352,-348
106000242,122,13,109
106000249,115,59,56
106000250,10,242,-232
106000251,65,1,64
106000252,10,2,8
106000253,66,15,51
106000254,35,0,35
106000255,60,48,12
106000256,13,6,7
106000257,13,84,-71
106000258,8,25,-17
106000259,1,20,-19
106000260,14,1,13
106000261,0,17,-17
106000262,69,2,67
106000263,14,5,9
106000264,64,3,61
106000265,26,18,8
106000266,113,12,101
106000267,4,23,-19
106000268,105,2,103
106000269,1,6,-5
106000270,56,91,-35
106000271,31,28,3
106000272,42,3,39
106000273,8,54,-46
106000274,89,0,89
106000275,85,65,20
106000276,3,2,1
106000277,67,72,-5
106000278,39,0,39
106000279,2,1,1
106000280,100,7,93
106000281,31,30,1
106000282,47,26,21
106000283,21,11,10
106000284,61,25,36
106000285,11,30,-19
106000286,48,11,37
106000287,43,20,23
106000288,92,12,80
106000289,40,27,13
106000290,58,5,53
106000291,59,18,41
106000292,18,8,10
106000293,53,13,40
106000294,25,14,11
106000295,19,11,8
106000296,2,6,-4
106000297,4,40,-36
106000298,17,17,0
106000299,14,10,4
106000300,15,13,2
106000301,14,40,-26
106000303,32,13,19
106000304,5,2,3
106000305,69,23,46
106000306,5,10,-5
106000307,121,5,116
106000308,0,19,-19
106000309,2,22,-20
106000310,190,127,63
106000311,334,46,288
106000312,99,22,77
106000313,148,45,103
106000318,5,133,-128
106000319,601,186,415
106000320,4,93,-89
106000321,27,265,-238
106000322,94,23,71
106000324,44,104,-60
106000325,1512,331,1181
106000326,349,408,-59
106000327,274,17,257
106000328,15,14,1
106000329,25,88,-63
106000330,15,58,-43
106000428,65,134,-69
106000429,129,220,-91
106000430,254,473,-219
106000431,1794,223,1571
106000432,540,749,-209
106000433,1604,743,861
106000434,2272,662,1610
106000435,950,760,190
106000436,3,80,-77
106000437,417,37,380
106000438,101,264,-163
106000439,5,315,-310
106000440,138,195,-57
106000441,0,0,0
106000442,132,0,132
106000443,143,90,53
106000450,0,72,-72
106000451,24,54,-30
106000454,0,56,-56
106000455,2,55,-53
106000456,58,13,45
106000457,4,94,-90
106000458,842,836,6
106000459,116,268,-152
106000460,1369,34,1335
106000461,108,195,-87
106000462,1,15,-14
106000463,3,178,-175
106000464,0,153,-153
106000465,735,0,735
106000466,0,106,-106
106000467,62,266,-204
106000468,124,60,64
106000469,980,7,973
106000470,77,827,-750
106000471,4,141,-137
106000472,111,10,101
106000473,7,18,-11
106000474,496,272,224
106000475,537,135,402
106000476,140,143,-3
106000477,8,37,-29
106000480,0,196,-196
106900001,0,0,0
106900002,0,87,-87
106900003,30,350,-320
106900004,3,4,-1
106900006,0,6,-6
106900007,0,0,0
106900008,248,4,244
106900009,257,87,170
106900010,110,65,45
106900012,292,1499,-1207
106900013,333,158,175
106900014,43,5,38
106900015,3,1,2
106900016,273,7,266
106900017,3,0,3
106900018,24,0,24
106900019,161,1,160
106900020,598,828,-230
106900021,147,62,85
106900022,1207,5,1202
106900023,20,52,-32
106900024,350,40,310
106900025,2,101,-99
106900026,0,92,-92
106900027,762,0,762
107000001,1772,2309,-537
107000002,598,598,0
107000003,4453,4419,34
107000004,1621,838,783
107000005,4960,3223,1737
107000006,1360,798,562
107000007,2480,2928,-448
107000008,1646,855,791
107000009,4980,3681,1299
107000010,2327,1566,761
107000011,329,313,16
107000012,852,562,290
107000013,20,38,-18
107000014,38,9,29
107000015,175,100,75
107000016,332,118,214
107000017,479,425,54
107000018,0,275,-275
107000020,424,383,41
107000021,414,158,256
107000022,483,444,39
107000023,782,70,712
107000024,654,657,-3
107000025,154,114,40
107000026,201,175,26
107000027,934,220,714
107000028,675,347,328
107000029,2329,1553,776
107000030,977,743,234
107000031,2785,1008,1777
107000032,148,357,-209
107000033,861,1418,-557
107000034,1098,331,767
107000035,141,89,52
107000036,191,660,-469
107000037,57,399,-342
107000038,92,97,-5
107000039,505,442,63
107000040,67,43,24
107000041,436,217,219
107000042,128,956,-828
107000043,509,206,303
107000044,103,110,-7
107000045,25,101,-76
107000046,353,84,269
107000047,205,210,-5
107000048,376,99,277
107000049,182,252,-70
107000050,291,180,111
107000051,108,150,-42
107000052,422,1110,-688
107000053,191,301,-110
107000054,22,97,-75
107000055,213,122,91
107000056,354,317,37
107000057,605,89,516
107000058,1470,1112,358
107000059,442,620,-178
107000060,3803,2746,1057
107000061,1719,897,822
107000062,4404,1372,3032
107000063,1327,987,340
107000064,3319,1831,1488
107000065,1182,1394,-212
107000066,664,1313,-649
107000067,510,404,106
107000068,318,366,-48
107000069,580,330,250
107000070,684,2,682
107000071,2231,25,2206
107000072,1,429,-428
107000073,612,413,199
107000074,40,162,-122
107000075,1219,82,1137
107000076,93,337,-244
107000077,2080,247,1833
107000078,261,408,-147
107000079,1956,355,1601
107000080,163,524,-361
107000081,2714,377,2337
107000082,235,251,-16
107000083,922,406,516
107000084,99,187,-88
107000085,1139,1125,14
107000086,997,646,351
107000087,1575,922,653
107000088,804,923,-119
107000089,1008,950,58
107000090,405,307,98
107000091,844,420,424
107000092,308,286,22
107000093,855,437,418
107000094,339,191,148
107000095,934,405,529
107000096,287,280,7
107000097,1336,147,1189
107000098,187,311,-124
107000099,317,153,164
107000100,84,128,-44
107000101,91,155,-64
107000102,117,168,-51
107000103,283,176,107
107000104,86,163,-77
107000105,379,148,231
107000106,63,89,-26
107000107,735,106,629
107000108,70,119,-49
107000109,736,83,653
107000110,7,124,-117
107000111,463,12,451
107000112,1,126,-125
107000113,770,36,734
107000114,4,358,-354
107000115,575,301,274
107000116,21,335,-314
107000117,55,1094,-1039
107000118,8,46,-38
107000119,415,1351,-936
107000120,687,473,214
107000121,512,200,312
107000122,310,246,64
107000123,482,166,316
107000124,324,149,175
107000125,777,81,696
107000126,877,129,748
107000129,150,201,-51
107000130,712,286,426
107000131,192,579,-387
107000132,429,146,283
107000133,223,30,193
107000134,123,1,122
107000135,0,179,-179
107000136,264,2,262
107000137,9,114,-105
107000138,12,3,9
107000139,2,169,-167
107000140,645,27,618
107000141,52,283,-231
107000142,254,28,226
107000143,13,306,-293
107000144,292,325,-33
107000145,18,103,-85
107000146,166,163,3
107000147,1916,300,1616
107000150,76,2180,-2104
107000151,10,7,3
107000152,211,1771,-1560
107000153,13,61,-48
107000154,0,88,-88
107000155,565,1,564
107000156,642,2,640
107000157,2,183,-181
107000158,773,1,772
107000159,3,151,-148
107000160,1134,60,1074
107000161,6,198,-192
107000162,104,286,-182
107000163,72,2,70
107000164,661,0,661
107000165,1136,10,1126
107000166,2,60,-58
107000167,445,88,357
107000168,597,188,409
107000169,92,163,-71
107000170,2446,251,2195
107000171,118,176,-58
107000172,847,1181,-334
107000173,121,93,28
107000174,704,3454,-2750
107000175,1051,235,816
107000176,0,1,-1
107000177,4,0,4
107000178,64,0,64
107000179,168,581,-413
107000180,1389,97,1292
107000181,211,181,30
107000182,1675,196,1479
107000183,83,182,-99
107000184,955,218,737
107000185,156,308,-152
107000186,542,104,438
107000187,615,380,235
107000188,360,154,206
107000189,453,231,222
107000190,509,159,350
107000191,625,276,349
107000192,780,128,652
107000193,189,162,27
107000194,323,105,218
107000197,683,59,624
107000198,179,363,-184
107000199,175,161,14
107000200,454,296,158
107000201,95,91,4
107000202,121,246,-125
107000203,162,367,-205
107000204,135,796,-661
107000205,205,90,115
107000206,98,418,-320
107000207,115,192,-77
107000208,70,138,-68
107000209,206,287,-81
107000210,38,100,-62
107000211,23,15,8
107000212,66,45,21
107000213,0,1,-1
107000214,1,17,-16
107000215,258,42,216
107000216,200,64,136
107000217,112,32,80
107000219,51,47,4
107000220,36,36,0
107000222,68,78,-10
107000224,282,61,221
107000225,52,85,-33
107000226,330,33,297
107000227,55,44,11
107000228,22,134,-112
107000229,31,61,-30
107000230,333,181,152
107000231,174,473,-299
107000232,48,4,44
107000233,58,281,-223
107000234,0,45,-45
107000235,38,10,28
107000236,1,78,-77
107000237,118,0,118
107000238,23,4,19
107000239,641,220,421
107000240,46,67,-21
107000243,2,48,-46
107000244,2,13,-11
107000246,0,187,-187
107000249,1,401,-400
107000251,0,14,-14
107000252,1,101,-100
107000255,46,69,-23
107000257,0,322,-322
107000258,0,122,-122
107000259,0,72,-72
107000260,1126,8,1118
107000262,4,81,-77
107000263,371,1,370
107000266,5,3,2
107000267,10,28,-18
107000268,82,17,65
107000269,6,0,6
107000270,90,29,61
107000271,0,0,0
107000272,46,0,46
107000273,1,73,-72
107000274,174,1,173
107000275,15,226,-211
107000280,973,21,952
107000281,5,86,-81
107000282,3,164,-161
107000290,11,5,6
107000291,11,24,-13
107000292,0,38,-38
107000293,3,0,3
107000294,1,65,-64
107000295,21,3,18
107000296,0,11,-11
107000444,178,0,178
107000496,1,9,-8
107000497,419,518,-99
107000500,213,121,92
107000501,20,45,-25
107000502,142,135,7
107000505,133,273,-140
107000506,0,0,0
107000508,0,45,-45
107000509,61,229,-168
107000510,16,8,8
107000514,40,274,-234
107000515,5,32,-27
107000516,439,102,337
107000518,912,1340,-428
107000519,265,146,119
107000520,113,16,97
107000521,713,61,652
107000522,1018,507,511
107900001,35,34,1
107900002,5,0,5
107900003,166,1,165
107900004,0,0,0
107900005,1791,19,1772
107900006,38,2,36
107900007,186,8,178
107900008,27,6,21
107900009,81,1,80
107900010,63,0,63
107900012,264,72,192
107900013,70,3,67
107900014,85,0,85
107900015,1160,9,1151
107900016,55,51,4
107900017,33,0,33
107900018,40,272,-232
107900019,3,0,3
107900020,4,21,-17
107900021,117,3,114
107900023,5,0,5
107900024,0,2,-2
107900025,77,31,46
107900026,37,3,34
107900027,5,137,-132
107900028,133,1,132
107900030,207,1,206
107900031,72,24,48
107900032,31,0,31
107900033,28,12,16
107900034,96,3,93
107900035,1134,32,1102
107900036,14,25,-11
107900037,2,7,-5
107900038,10,118,-108
107900039,23,2,21
107900040,11,166,-155
107900041,0,0,0
107900043,44,8,36
107900044,1,9,-8
107900045,33,23,10
107900046,271,95,176
107900047,55,1,54
107900048,232,8,224
107900049,96,370,-274
107900050,19,39,-20
107900051,26,6,20
107900052,0,63,-63
107900053,83,20,63
107900055,92,26,66
107900056,13,80,-67
107900057,0,0,0
107900058,40,77,-37
107900060,0,11,-11
107900061,1,21,-20
107900063,43,31,12
107900064,69,323,-254
107900065,416,2,414
107900066,20,1,19
107900067,0,0,0
107900068,13,201,-188
107900069,1,1871,-1870
107900070,138,106,32
107900071,8,105,-97
107900072,63,19,44
107900073,74,4,70
107900074,83,190,-107
107900076,95,4,91
107900077,121,2,119
107900079,11,3,8
107900080,8,365,-357
107900081,1,28,-27
107900082,6,1,5
107900083,248,94,154
107900084,108,42,66
107900086,21,125,-104
107900087,64,10,54
107900088,17,3,14
107900089,68,121,-53
107900090,78,904,-826
107900091,25,45,-20
107900093,58,15,43
107900095,363,553,-190
107900097,13,10,3
107900098,83,111,-28
107900100,121,735,-614
107900101,89,18,71
107900102,23,0,23
107900103,11,18,-7
107900104,251,2,249
107900105,0,43,-43
107900106,0,71,-71
107900107,219,140,79
107900108,24,7,17
107900109,1387,14,1373
107900110,42,19,23
107900111,0,97,-97
107900112,25,231,-206
107900113,109,3,106
107900114,300,22,278
107900115,1,4,-3
107900116,154,28,126
107900117,77,61,16
107900118,2,35,-33
107900119,39,68,-29
107900120,6,3,3
107900121,0,31,-31
107900122,1,3,-2
107900123,1,30,-29
107900124,3,9,-6
107900125,1,19,-18
107900126,10,3,7
107900127,335,66,269
107900128,38,9,29
107900129,110,6,104
107900130,111,1,110
107900131,4,40,-36
107900132,4,64,-60
107900133,0,21,-21
107900134,3,4,-1
107900135,0,24,-24
107900136,4,8,-4
107900137,6,8,-2
107900138,83,2,81
107900139,72,2,70
107900141,7,12,-5
107900142,5,78,-73
107900143,9,3,6
107900144,0,19,-19
107900145,0,9,-9
107900146,6,18,-12
107900147,5,3,2
107900148,72,52,20
107900149,156,20,136
107900150,2,73,-71
107900151,58,24,34
107900152,0,17,-17
107900153,12,57,-45
107900154,41,1,40
107900155,51,7,44
107900156,0,27,-27
107900157,0,20,-20
107900158,821,52,769
107900159,4,94,-90
107900160,40,57,-17
107900161,31,36,-5
107900162,0,23,-23
107900163,3,57,-54
107900164,7,2,5
107900165,7,122,-115
107900166,6,26,-20
107900167,1,59,-58
107900168,21,0,21
107900169,2,136,-134
107900171,0,106,-106
107900172,12,27,-15
107900173,79,16,63
107900174,59,0,59
107900175,1,34,-33
107900176,40,1,39
107900177,0,54,-54
107900178,0,10,-10
107900179,1,18,-17
107900180,32,694,-662
107900181,62,156,-94
107900182,0,96,-96
107900183,33,25,8
107900184,47,9,38
107900185,11,4,7
107900186,10,1,9
107900187,0,30,-30
107900188,106,21,85
107900189,4,6,-2
107900190,15,52,-37
107900191,40,28,12
107900193,3,22,-19
107900194,52,4,48
107900195,141,50,91
107900196,47,1,46
107900197,63,61,2
107900199,0,129,-129
107900201,25,14,11
107900203,16,6,10
107900204,57,44,13
107900206,30,334,-304
107900207,0,74,-74
107900208,0,67,-67
107900209,43,24,19
107900210,27,2,25
107900213,29,54,-25
107900214,0,9,-9
107900215,38,128,-90
107900216,0,15,-15
107900217,60,10,50
107900218,0,141,-141
107900219,0,3,-3
107900220,2,54,-52
107900221,4,10,-6
107900223,81,21,60
107900224,21,163,-142
107900225,0,40,-40
107900226,2,69,-67
107900227,18,34,-16
107900228,23,27,-4
107900229,0,49,-49
107900230,33,13,20
107900231,43,16,27
107900232,137,5,132
107900233,0,25,-25
107900234,148,26,122
107900235,0,25,-25
107900236,266,32,234
107900237,14,120,-106
107900238,6,6,0
107900239,54,198,-144
107900240,6,5,1
107900241,1,39,-38
107900242,17,46,-29
107900243,0,4,-4
107900244,329,17,312
107900245,499,14,485
107900246,99,23,76
107900248,269,13,256
107900249,560,26,534
107900250,1,93,-92
107900251,0,105,-105
107900252,313,45,268
107900253,124,5,119
107900254,13,56,-43
107900255,8,7,1
107900256,71,282,-211
107900257,104,58,46
107900258,63,20,43
107900259,7,1560,-1553
107900261,0,51,-51
107900262,13,12,1
107900264,242,22,220
107900265,47,42,5
107900267,302,0,302
107900268,0,0,0
107900269,0,0,0
107900270,0,3,-3
107900271,1,30,-29
107900272,16,23,-7
107900273,25,60,-35
107900274,111,0,111
107900275,10,2,8
107900276,0,32,-32
107900277,0,5,-5
107900278,145,45,100
107900279,12,40,-28
107900280,780,202,578
107900281,286,3894,-3608
107900282,21,607,-586
107900283,194,348,-154
107900284,497,148,349
107900285,110,38,72
107900286,2,2,0
107900287,346,46,300
107900290,0,296,-296
107900291,219,16,203
107900292,31,31,0
107900293,30,93,-63
107900295,26,4,22
107900297,2,86,-84
107900298,190,229,-39
107900299,1152,1637,-485
107900301,195,229,-34
107900302,45,2,43
107900303,304,116,188
107900304,278,63,215
107900305,212,0,212
107900306,0,15,-15
107900307,14,94,-80
107900308,153,20,133
107900309,12,0,12
107900310,3,0,3
107900311,199,220,-21
107900312,39,0,39
107900313,1,54,-53
107900314,0,64,-64
107900315,1,48,-47
107900316,23,0,23
107900317,55,1,54
107900318,1,113,-112
107900319,0,18,-18
107900320,0,38,-38
107900321,44,0,44
107900322,0,17,-17
107900323,0,49,-49
107900324,9,1,8
107900325,132,0,132
107900326,282,46,236
107900327,0,32,-32
107900328,1,0,1
107900329,2,15,-13
107900330,5,32,-27
107900331,368,3,365
107900332,348,5,343
107900333,95,2,93
107900334,6,23,-17
107900335,28,4,24
107900336,37,12,25
107900337,220,612,-392
107900338,5,86,-81
107900339,2,3,-1
107900340,0,88,-88
107900341,21,0,21
107900342,168,42,126
107900343,46,0,46
107900344,3,4,-1
107900345,30,25,5
107900346,3,0,3
107900347,19,1,18
107900348,0,1,-1
107900349,30,0,30
107900350,3,38,-35
107900351,11,5,6
107900352,0,6,-6
107900353,10,2,8
107900354,2,202,-200
108000001,2712,1550,1162
108000002,436,542,-106
108000003,1567,818,749
108000004,3633,3673,-40
108000005,5307,2269,3038
108000006,1448,1368,80
108000007,3580,1672,1908
108000008,1145,1149,-4
108000009,3218,1778,1440
108000010,969,1222,-253
108000011,8587,4490,4097
108000012,3051,3281,-230
108000014,208,773,-565
108000015,457,137,320
108000016,56,272,-216
108000017,743,193,550
108000018,1048,247,801
108000019,326,191,135
108000020,506,150,356
108000021,90,377,-287
108000022,129,306,-177
108000023,886,82,804
108000024,257,139,118
108000025,312,41,271
108000026,630,84,546
108000027,641,84,557
108000028,767,88,679
108000029,308,159,149
108000030,243,94,149
108000031,69,95,-26
108000032,1645,209,1436
108000033,182,183,-1
108000034,1600,143,1457
108000035,239,348,-109
108000036,91,287,-196
108000037,1437,80,1357
108000038,2440,95,2345
108000039,105,419,-314
108000040,1280,242,1038
108000041,176,393,-217
108000042,422,48,374
108000043,17,59,-42
108000044,634,21,613
108000045,34,102,-68
108000046,1281,77,1204
108000047,119,178,-59
108000048,52,62,-10
108000049,701,70,631
108000050,61,148,-87
108000051,276,135,141
108000052,73,150,-77
108000053,218,97,121
108000054,117,273,-156
108000055,595,173,422
108000056,142,338,-196
108000057,486,735,-249
108000058,808,1889,-1081
108000059,767,394,373
108000060,183,400,-217
108000061,180,143,37
108000062,668,166,502
108000063,246,135,111
108000064,365,123,242
108000065,321,194,127
108000066,645,227,418
108000067,1367,303,1064
108000068,666,208,458
108000069,107,223,-116
108000070,1747,227,1520
108000071,214,364,-150
108000072,994,245,749
108000073,327,354,-27
108000074,712,152,560
108000075,89,161,-72
108000076,779,147,632
108000077,256,193,63
108000078,2045,347,1698
108000079,185,245,-60
108000080,1483,163,1320
108000081,144,299,-155
108000082,180,280,-100
108000083,1202,330,872
108000084,89,213,-124
108000085,811,185,626
108000086,114,90,24
108000087,39,1335,-1296
108000088,671,110,561
108000089,95,148,-53
108000091,19,192,-173
108000092,458,18,440
108000093,186,202,-16
108000094,853,27,826
108000095,49,154,-105
108000096,472,63,409
108000097,53,100,-47
108000098,1470,500,970
108000099,657,86,571
108000100,169,281,-112
108000101,869,523,346
108000102,897,2144,-1247
108000106,592,1,591
108000107,2,310,-308
108000108,460,66,394
108000109,2,268,-266
108000110,341,74,267
108000111,117,179,-62
108000112,24,66,-42
108000113,182,87,95
108000115,93,72,21
108000117,202,146,56
108000118,88,961,-873
108000119,233,109,124
108000120,82,629,-547
108000121,176,189,-13
108000122,683,178,505
108000123,336,56,280
108000124,133,37,96
108000125,424,47,377
108000126,203,30,173
108000127,495,57,438
108000128,490,28,462
108000129,142,69,73
108000130,349,61,288
108000131,499,87,412
108000132,98,216,-118
108000133,957,100,857
108000134,146,45,101
108000135,1094,252,842
108000136,78,47,31
108000137,380,63,317
108000138,294,134,160
108000139,436,96,340
108000140,431,4,427
108000141,9,11,-2
108000142,10,9,1
108000143,21,85,-64
108000144,607,15,592
108000145,33,2,31
108000146,693,9,684
108000147,4,0,4
108000148,607,26,581
108000149,7,0,7
108000150,43,1,42
108000151,17,16,1
108000152,26,44,-18
108000153,545,38,507
108000154,11,0,11
108000155,65,17,48
108000156,259,106,153
108000157,50,1254,-1204
108000158,23,440,-417
108000159,76,117,-41
108000160,754,787,-33
108000161,560,2219,-1659
108000165,4,191,-187
108000172,7,125,-118
108000173,276,1034,-758
108000175,759,35,724
108000178,183,94,89
108000179,51,602,-551
108000181,80,2,78
108000182,58,14,44
108000183,2,56,-54
108000184,151,1915,-1764
108000185,110,53,57
108000186,484,30,454
108000187,58,104,-46
108000188,716,44,672
108000189,331,8054,-7723
108000190,7,23,-16
108000192,163,72,91
108000193,151,9,142
108000194,7,1,6
108000195,2,219,-217
108000196,55,53,2
108000198,384,38,346
108000199,0,51,-51
108000200,809,25,784
108000203,56,87,-31
108000204,182,64,118
108000205,41,72,-31
108000339,289,183,106
108000364,63,160,-97
108000365,6,70,-64
108000367,28,62,-34
108000368,5,19,-14
108000369,161,92,69
108000371,4,389,-385
108000372,556,2,554
108000373,208,66,142
108000376,109,6,103
108000377,493,83,410
108000378,5459,7326,-1867
108000379,5,44,-39
108000381,133,8,125
108000382,30,0,30
108000383,3,122,-119
108900001,12,86,-74
108900002,130,20,110
108900003,48,174,-126
108900004,168,287,-119
108900007,264,45,219
108900008,165,13,152
108900009,34,60,-26
108900010,299,23,276
108900011,758,67,691
108900012,460,94,366
108900013,86,77,9
108900014,9,20,-11
108900015,1,143,-142
108900016,1,99,-98
108900017,23,152,-129
108900018,95,96,-1
108900019,3,149,-146
108900020,9,31,-22
108900021,24,40,-16
108900022,61,0,61
108900023,4,72,-68
108900024,26,36,-10
108900025,190,19,171
108900026,19,14,5
108900027,0,28,-28
108900028,97,34,63
108900029,16,23,-7
108900030,0,1,-1
108900031,28,20,8
108900032,0,15,-15
108900033,0,22,-22
108900034,0,18,-18
108900035,65,224,-159
108900038,0,35,-35
108900039,0,54,-54
108900040,0,35,-35
108900041,1303,1143,160
108900042,1,202,-201
108900043,12,181,-169
108900044,0,66,-66
108900045,86,78,8
108900046,1,95,-94
108900047,0,74,-74
108900048,13,141,-128
108900049,373,990,-617
108900050,2,115,-113
108900051,0,33,-33
108900052,2,27,-25
108900053,8,149,-141
108900054,46,33,13
108900055,20,78,-58
108900056,0,30,-30
108900057,0,35,-35
108900058,10,60,-50
108900059,428,26,402
108900060,18,38,-20
108900061,7,5,2
108900062,0,62,-62
108900063,20,52,-32
108900064,211,0,211
108900065,10,61,-51
108900066,211,11,200
108900067,0,68,-68
108900068,23,44,-21
108900069,39,7,32
108900070,4,19,-15
108900071,57,15,42
108900072,588,114,474
108900073,10,22,-12
108900074,297,49,248
108900075,3,5,-2
108900076,424,0,424
108900077,37,133,-96
108900078,49,22,27
108900079,107,19,88
108900080,3,498,-495
108900081,18,65,-47
108900082,35,28,7
108900083,3,114,-111
108900085,398,48,350
108900086,138,25,113
108900087,65,51,14
108900088,179,79,100
108900089,2,27,-25
108900090,63,20,43
108900091,48,22,26
108900092,166,93,73
108900093,25,11,14
108900094,122,29,93
108900095,14,41,-27
108900096,99,1,98
108900097,88,56,32
108900098,480,524,-44
108900099,132,26,106
108900100,33,26,7
108900101,93,101,-8
108900102,1,835,-834
108900103,266,87,179
108900105,1,1402,-1401
108900106,243,29,214
108900108,136,5,131
108900109,561,14,547
108900110,24,52,-28
108900111,117,89,28
108900113,43,19,24
108900114,149,13,136
108900115,126,48,78
108900116,28,3,25
108900117,154,1,153
108900118,409,14,395
108900119,295,5,290
108900120,241,110,131
108900121,130,29,101
108900122,180,10,170
108900123,310,26,284
108900124,417,22,395
108900125,662,1,661
108900126,81,19,62
108900127,191,34,157
108900128,163,17,146
108900129,798,53,745
108900130,284,0,284
108900131,505,2,503
108900132,359,8,351
108900133,233,10,223
108900134,570,23,547
108900135,293,3,290
108900136,14,1,13
108900137,159,0,159
108900138,405,16,389
108900140,433,10,423
108900141,376,11,365
108900142,33,2,31
108900143,98,0,98
108900144,62,0,62
108900145,189,9,180
108900146,47,0,47
108900147,240,1,239
108900148,19,1,18
108900150,100,14,86
108900151,24,1,23
108900152,34,6,28
108900153,63,39,24
108900154,3138,191,2947
108900156,61,0,61
108900157,2,52,-50
108900158,371,20,351
108900159,7,43,-36
108900160,5,81,-76
108900161,1,131,-130
108900162,126,14,112
108900163,4,324,-320
108900164,18,5,13
108900168,1396,949,447
108900169,25,43,-18
108900171,820,2166,-1346
108900172,54,17,37
108900173,20,64,-44
108900174,853,58,795
108900176,12,64,-52
108900177,1082,4691,-3609
108900178,763,2655,-1892
108900180,54,93,-39
108900183,38,25,13
108900184,261,76,185
108900185,20,93,-73
108900186,14,133,-119
108900189,198,9,189
108900190,15,286,-271
108900192,26,44,-18
108900195,43,21,22
108900196,1,76,-75
108900199,100,70,30
108900200,502,181,321
108900201,118,235,-117
108900203,251,29,222
108900204,263,1,262
108900205,152,24,128
108900206,187,43,144
108900207,148,106,42
108900208,10,75,-65
108900209,95,101,-6
108900210,105,31,74
108900211,86,227,-141
108900212,28,708,-680
108900215,33,103,-70
108900216,105,191,-86
108900217,37,0,37
108900218,20,5,15
108900221,55,43,12
108900224,64,39,25
108900225,0,110,-110
108900227,71,112,-41
108900230,41,60,-19
108900232,8,96,-88
108900233,232,42,190
108900234,96,66,30
108900235,70,170,-100
108900236,6,132,-126
108900240,69,22,47
108900241,89,33,56
108900245,0,924,-924
108900250,167,26,141
108900258,1,38,-37
108900259,3,9,-6
108900260,5,4,1
108900261,16,17,-1
108900262,61,10,51
108900263,23,9,14
108900264,12,19,-7
108900265,66,187,-121
108900266,46,484,-438
108900267,1,167,-166
108900268,4,4,0
108900269,38,16,22
108900270,79,9,70
108900271,29,3,26
108900272,163,0,163
108900273,98,216,-118
108900274,27,9,18
109000001,2097,2243,-146
109000002,305,1100,-795
109000003,1973,263,1710
109000004,281,668,-387
109000005,1431,251,1180
109000006,224,444,-220
109000007,1638,220,1418
109000008,307,449,-142
109000009,2252,311,1941
109000010,213,755,-542
109000011,3389,941,2448
109000012,494,563,-69
109000013,3632,2720,912
109000014,674,437,237
109000015,2267,7046,-4779
109000016,876,500,376
109000017,2802,479,2323
109000018,616,727,-111
109000019,1966,601,1365
109000020,476,459,17
109000023,119,6,113
109000024,11,108,-97
109000025,79,321,-242
109000026,193,122,71
109000027,36,317,-281
109000028,60,34,26
109000029,34,261,-227
109000030,9,60,-51
109000031,436,37,399
109000032,16,129,-113
109000033,529,82,447
109000034,16,9,7
109000035,1,7,-6
109000036,54,231,-177
109000037,204,2383,-2179
109000038,142,117,25
109000039,648,427,221
109000040,956,9757,-8801
109000041,518,1616,-1098
109000042,327,1071,-744
109000044,301,26,275
109000045,88,34,54
109000046,352,15,337
109000047,31,19,12
109000048,288,114,174
109000049,38,26,12
109000050,248,154,94
109000051,14,15,-1
109000052,228,174,54
109000053,1340,68,1272
109000054,29,135,-106
109000055,83,84,-1
109000056,115,88,27
109000057,438,239,199
109000058,153,97,56
109000059,29,591,-562
109000060,112,396,-284
109000061,152,851,-699
109000062,50,246,-196
109000063,103,9,94
109000064,514,19,495
109000065,109,18,91
109000066,314,50,264
109000067,23,43,-20
109000068,222,0,222
109000069,311,12,299
109000070,1,295,-294
109000071,100,28,72
109000072,61,139,-78
109000073,10,54,-44
109000074,6,87,-81
109000075,29,27,2
109000076,119,132,-13
109000077,131,90,41
109000078,70,86,-16
109000079,68,108,-40
109000080,189,41,148
109000081,95,114,-19
109000082,563,64,499
109000083,161,135,26
109000088,104,73,31
109000089,368,28,340
109000090,37,98,-61
109000091,391,52,339
109000092,91,82,9
109000093,271,39,232
109000094,798,3,795
109000095,75,151,-76
109000096,711,39,672
109000097,9,56,-47
109000098,38,84,-46
109000099,540,82,458
109000100,174,235,-61
109000101,1044,254,790
109000102,242,211,31
109000103,1169,116,1053
109000104,1770,136,1634
109000105,236,184,52
109000106,1274,128,1146
109000107,256,258,-2
109000108,1740,230,1510
109000109,178,178,0
109000110,851,253,598
109000111,373,337,36
109000112,77,77,0
109000113,126,46,80
109000114,80,86,-6
109000115,333,25,308
109000116,26,325,-299
109000117,160,14,146
109000118,11,116,-105
109000119,1382,43,1339
109000120,220,142,78
109000121,816,19,797
109000122,114,117,-3
109000123,27,120,-93
109000124,530,85,445
109000125,666,98,568
109000126,270,124,146
109000127,1930,38,1892
109000128,276,203,73
109000129,2579,138,2441
109000130,254,327,-73
109000131,1114,592,522
109000132,276,533,-257
109000133,59,275,-216
109000134,180,372,-192
109000135,275,323,-48
109000136,98,105,-7
109000137,146,135,11
109000138,165,77,88
109000139,344,119,225
109000140,95,172,-77
109000141,585,137,448
109000142,75,109,-34
109000143,25,35,-10
109000145,69,75,-6
109000146,27,32,-5
109000148,500,417,83
109000149,3,48,-45
109000150,18,54,-36
109000155,570,514,56
109000156,439,64,375
109000158,11,110,-99
109000159,62,175,-113
109000160,1038,52,986
109000161,357,250,107
109000162,1344,102,1242
109000163,941,259,682
109000164,915,687,228
109000165,1088,204,884
109000166,632,58,574
109000167,48,82,-34
109000170,11,14,-3
109000171,44,5,39
109000172,5,15,-10
109000173,4,94,-90
109000174,157,11,146
109000175,82,42,40
109000176,240,57,183
109000177,17,25,-8
109000178,655,70,585
109000179,990,3487,-2497
109000180,1034,1409,-375
109000181,38,2,36
109000182,41,8,33
109000183,36,2,34
109000184,47,14,33
109000185,23,3,20
109000188,176,340,-164
109000189,1786,260,1526
109000190,374,204,170
109000191,166,160,6
109000192,420,21,399
109000193,210,20,190
109000194,191,9,182
109000195,118,19,99
109000196,94,6,88
109000197,118,57,61
109000198,209,23,186
109000199,27,42,-15
109000206,90,2,88
109000207,133,2,131
109000208,59,55,4
109000209,99,29,70
109000210,70,83,-13
109000211,939,121,818
109000214,130,146,-16
109000215,61,70,-9
109000216,215,209,6
109000217,19,91,-72
109000218,119,68,51
109000221,62,170,-108
109000222,278,19,259
109000223,317,206,111
109000224,68,43,25
109000225,178,14,164
109000226,38,37,1
109000227,1434,127,1307
109000228,0,120,-120
109000231,1,40,-39
109000232,506,35,471
109000236,92,172,-80
109000241,1019,252,767
109000242,828,164,664
109000293,38,41,-3
109000361,169,45,124
109000364,17,85,-68
109000396,2,124,-122
109000397,534,3,531
109000399,27,92,-65
109000400,111,78,33
109000403,6,817,-811
109000406,485,13,472
109000407,69,17,52
109000408,0,2,-2
109000410,377,84,293
109000411,91,16,75
109900001,68,0,68
109900002,557,11,546
109900003,612,2,610
109900004,8,4,4
109900005,2,1,1
109900006,369,38,331
109900007,935,66,869
109900008,0,1,-1
109900009,32,95,-63
109900010,515,4,511
109900011,55,7,48
109900012,228,57,171
109900013,258,29,229
109900014,143,5,138
109900015,52,3,49
109900016,54,3,51
109900017,167,37,130
109900018,85,4,81
109900019,61,6,55
109900020,36,7,29
109900021,20,1,19
109900022,107,53,54
109900023,30,16,14
109900024,6,0,6
109900025,0,6,-6
109900026,0,9,-9
109900027,38,6,32
109900028,210,1549,-1339
109900029,0,33,-33
109900030,3,1,2
109900031,0,197,-197
109900032,24,55,-31
109900033,0,162,-162
109900034,4,25,-21
109900035,11,15,-4
109900036,0,10,-10
109900037,2,76,-74
109900038,68,37,31
109900039,0,0,0
109900040,4,88,-84
109900041,19,60,-41
109900042,18,110,-92
109900044,19,23,-4
109900045,74,52,22
109900046,200,18,182
109900047,35,66,-31
109900048,0,23,-23
109900049,2,41,-39
109900050,0,3,-3
109900051,0,6,-6
109900052,18,31,-13
109900053,0,42,-42
109900054,1023,33,990
109900055,106,64,42
109900056,6,92,-86
109900057,0,19,-19
109900058,0,26,-26
109900059,137,5,132
109900060,639,30,609
109900061,16,25,-9
109900062,0,51,-51
109900063,2,26,-24
109900064,355,31,324
109900065,39,37,2
109900066,35,137,-102
109900067,0,52,-52
109900068,44,2,42
109900069,5,6,-1
109900070,1,7,-6
109900071,0,1,-1
109900072,1,18,-17
109900073,341,82,259
109900074,1,12,-11
109900075,2,7,-5
109900076,15,31,-16
109900077,12,33,-21
109900078,39,33,6
109900080,64,33,31
109900081,0,85,-85
109900082,24,41,-17
109900083,3,8,-5
109900084,2,45,-43
109900085,20,64,-44
109900086,18,839,-821
109900087,28,83,-55
109900089,411,25,386
109900090,23,15,8
109900091,63,1,62
109900092,133,17,116
109900093,761,57,704
109900094,6,17,-11
109900095,9,60,-51
109900096,66,1,65
109900097,85,0,85
109900098,610,17,593
109900099,336,0,336
109900100,19,0,19
109900101,932,5,927
109900102,272,5,267
109900103,2,28,-26
109900104,917,80,837
109900105,462,26,436
109900106,250,19,231
109900107,360,24,336
109900108,55,26,29
109900109,19,16,3
109900110,2,6,-4
109900111,8,78,-70
109900112,9,10,-1
109900113,83,17,66
109900114,83,556,-473
109900115,111,21,90
109900117,1168,37,1131
109900118,15,8,7
109900119,3,18,-15
109900120,2,3,-1
109900121,47,32,15
109900122,76,0,76
109900123,2,23,-21
109900124,1,6,-5
109900125,0,56,-56
109900126,308,14,294
109900128,24,0,24
109900130,1179,2032,-853
109900131,6,11,-5
109900132,3,43,-40
109900133,5,7,-2
109900134,43,10,33
109900135,62,18,44
109900136,0,6,-6
109900137,101,37,64
109900140,56,14,42
109900142,240,5,235
109900145,0,47,-47
109900146,7,1,6
109900148,0,0,0
109900149,16,4,12
109900150,7,7,0
109900151,2,4,-2
109900152,2,3,-1
109900153,0,6,-6
109900154,1,0,1
109900155,4,18,-14
109900157,55,21,34
109900158,4,2,2
109900159,26,3,23
109900160,7,3,4
109900161,306,8,298
109900162,200,13,187
109900163,154,20,134
109900164,49,130,-81
109900165,88,3,85
109900166,0,29,-29
109900167,90,101,-11
109900168,79,151,-72
109900169,123,48,75
109900170,43,813,-770
109900171,179,80,99
109900172,91,140,-49
109900173,427,1354,-927
109900174,5,28,-23
109900175,23,12,11
109900176,46,25,21
109900177,4,8,-4
109900178,0,73,-73
109900179,5,37,-32
109900180,1,0,1
110000001,181,118,63
110000002,403,306,97
110000003,168,370,-202
110000004,314,300,14
110000005,198,1493,-1295
110000006,102,239,-137
110000007,60,19,41
110000008,13,115,-102
110000009,4,3,1
110000010,10,61,-51
110000011,11,23,-12
110000012,235,155,80
110000013,31,379,-348
110000014,533,251,282
110000015,86,335,-249
110000016,184,900,-716
110000017,1281,125,1156
110000018,949,229,720
110000019,6,27,-21
110000020,98,90,8
110000021,73,72,1
110000022,459,21,438
110000023,0,20,-20
110000024,141,146,-5
110000025,672,2,670
110000026,1,45,-44
110000027,143,236,-93
110000028,546,148,398
110000029,153,321,-168
110000030,229,246,-17
110000031,125,116,9
110000032,620,48,572
110000033,38,86,-48
110000034,627,181,446
110000035,179,526,-347
110000036,924,154,770
110000037,40,298,-258
110000038,132,449,-317
110000039,458,3557,-3099
110000040,107,169,-62
110000041,283,2185,-1902
110000042,65,115,-50
110000043,509,206,303
110000044,11,47,-36
110000045,53,68,-15
110000046,1,21,-20
110000047,8,31,-23
110000048,1,102,-101
110000049,4,1,3
110000050,0,120,-120
110000051,9,1,8
110000052,22,89,-67
110000053,3,4,-1
110000054,35,134,-99
110000055,53,32,21
110000056,54,33,21
110000057,108,402,-294
110000058,245,166,79
110000059,239,239,0
110000060,769,232,537
110000061,141,261,-120
110000062,435,303,132
110000063,28,95,-67
110000064,28,10,18
110000065,94,88,6
110000066,34,14,20
110000067,16,31,-15
110000068,187,39,148
110000069,592,1,591
110000071,372,6,366
110000073,20,0,20
110000075,25,7,18
110000076,319,250,69
110000077,108,581,-473
110000078,65,9,56
110000080,65,119,-54
110000081,37,49,-12
110000082,10,139,-129
110000083,86,143,-57
110000084,709,491,218
110000085,647,338,309
110000086,357,983,-626
110000087,18,4,14
110000088,155,79,76
110000089,137,45,92
110000090,75,81,-6
110000091,188,36,152
110000092,11,27,-16
110000093,49,7,42
110000094,120,42,78
110000095,80,466,-386
110000096,473,1509,-1036
110000097,319,990,-671
110000098,770,145,625
110000099,571,757,-186
110000100,1485,78,1407
110000101,144,70,74
110000102,81,40,41
110000104,250,132,118
110000105,66,167,-101
110000106,128,360,-232
110000107,78,130,-52
110000108,55,89,-34
110000109,62,102,-40
110000110,710,1298,-588
110000111,976,1588,-612
110000112,86,279,-193
110000113,20,1454,-1434
110000114,244,349,-105
110000115,475,46,429
110000116,30,28,2
110000117,286,45,241
110000118,559,57,502
110000119,427,53,374
110000120,220,13,207
110000121,41,232,-191
110000122,114,203,-89
110000123,286,152,134
110000124,1,254,-253
110000125,302,1,301
110000126,73,1,72
110000127,448,4,444
110000128,3,200,-197
110000129,1,105,-104
110000130,201,64,137
110000131,63,120,-57
110000132,0,155,-155
110000133,13,135,-122
110000134,30,168,-138
110000135,146,3,143
110000136,41,90,-49
110000137,460,63,397
110000138,455,125,330
110000139,790,93,697
110000140,428,223,205
110000143,110,157,-47
110000144,585,629,-44
110000145,527,427,100
110000146,409,167,242
110000147,126,377,-251
110000148,535,56,479
110000151,180,341,-161
110000152,177,208,-31
110000153,263,16,247
110000154,7,27,-20
110000155,139,710,-571
110000156,322,473,-151
110000157,298,996,-698
110000160,70,76,-6
110000161,49,123,-74
110000166,537,18,519
110000167,1139,360,779
110000168,327,375,-48
110000169,369,185,184
110000170,109,70,39
110000171,220,47,173
110000172,151,166,-15
110000173,192,171,21
110000174,53,126,-73
110000175,1080,47,1033
110000176,2,464,-462
110000177,107,961,-854
110000178,203,1662,-1459
110000179,492,79,413
110000180,188,97,91
110000181,645,172,473
110000182,75,48,27
110000183,2808,4053,-1245
110000184,166,1755,-1589
110000185,123,263,-140
110000186,180,565,-385
110000191,948,146,802
110000192,537,2,535
110000193,974,1,973
110000194,10,152,-142
110000195,340,10,330
110000196,481,45,436
110000197,34,13,21
110000198,18,3,15
110000199,35,36,-1
110000200,203,110,93
110000201,473,565,-92
110000202,566,155,411
110000203,40,95,-55
110000204,4,35,-31
110000205,286,7,279
110000206,157,187,-30
110000207,1133,43,1090
110000208,45,179,-134
110000209,20,86,-66
110000210,1320,150,1170
110000211,605,256,349
110000212,304,780,-476
110000213,192,1,191
110000214,317,7,310
110000215,23,56,-33
110000216,30,32,-2
110000217,316,11,305
110000218,69,28,41
110000219,242,21,221
110000220,0,32,-32
110000221,384,3,381
110000222,54,74,-20
110000223,14,50,-36
110000224,0,0,0
110000225,101,192,-91
110000226,273,22,251
110000227,153,284,-131
110000228,291,7,284
110000229,0,57,-57
110000230,285,210,75
110000231,115,165,-50
110000232,46,55,-9
110000233,55,107,-52
110000234,207,95,112
110000235,508,287,221
110000236,125,78,47
110000237,1086,397,689
110000238,553,274,279
110000239,1154,237,917
110000240,0,16,-16
110000242,0,7,-7
110000243,66,44,22
110000244,14,73,-59
110000245,5,157,-152
110000246,671,80,591
110000247,414,510,-96
110000248,638,131,507
110000249,113,3,110
110000250,2,41,-39
110000251,152,39,113
110000252,382,45,337
110000253,1122,68,1054
110000254,472,118,354
110000255,105,133,-28
110000256,324,38,286
110000257,87,29,58
110000258,0,30,-30
110000259,188,2,186
110000260,84,11,73
110000263,354,19,335
110000264,353,40,313
110000265,787,534,253
110000266,464,613,-149
110000267,16,9,7
110000268,187,24,163
110000269,2,5,-3
110000270,73,0,73
110000271,565,41,524
110000272,425,421,4
110000273,300,336,-36
110000274,88,1494,-1406
110000275,366,191,175
110000276,114,336,-222
110000277,297,86,211
110000278,203,231,-28
110000279,591,162,429
110000280,503,112,391
110000281,56,29,27
110000282,61,6,55
110000283,53,35,18
110000284,0,7,-7
110000285,0,56,-56
110000286,0,0,0
110000287,73,1,72
110000288,0,10,-10
110000289,147,1658,-1511
110000290,318,404,-86
110000291,806,295,511
110000292,152,4346,-4194
110000293,349,146,203
110000294,1274,1112,162
110000295,36,143,-107
110000296,437,83,354
110000297,1602,39,1563
110000298,29,127,-98
110000299,121,21,100
110000301,269,7,262
110000302,337,283,54
110000303,450,1,449
110000304,162,81,81
110000305,1293,12,1281
110000306,306,159,147
110000307,1590,5,1585
110000308,258,25,233
110000309,2,96,-94
110000310,581,33,548
110000311,0,76,-76
110000312,425,26,399
110000313,1105,367,738
110000314,1,57,-56
110000315,520,796,-276
110000316,129,402,-273
110000317,113,249,-136
110000318,0,30,-30
110000319,27,3,24
110000320,3,25,-22
110000321,56,20,36
110000322,63,126,-63
110000323,545,31,514
110000324,596,479,117
110000325,949,3004,-2055
110000327,147,58,89
110000328,32,166,-134
110000333,539,574,-35
110000334,87,240,-153
110000335,485,119,366
110000336,109,196,-87
110000337,1256,132,1124
110000338,248,82,166
110000339,465,35,430
110000340,10,38,-28
110000341,275,94,181
110000342,30,0,30
110000343,0,1,-1
110000344,17,125,-108
110000345,22,133,-111
110000346,613,746,-133
110000347,760,288,472
110000348,24,15,9
110000349,10,5,5
110000350,43,1,42
110000351,1110,171,939
110000352,220,1052,-832
110000353,1319,141,1178
110000354,281,2042,-1761
110000355,243,17,226
110000356,195,1,194
110000357,530,0,530
110000361,3,8,-5
110000362,140,0,140
110000363,512,7,505
110000364,229,86,143
110000365,31,0,31
110000366,0,79,-79
110000367,229,48,181
110000368,0,63,-63
110000369,24,0,24
110000373,0,66,-66
110000374,41,28,13
110000375,44,316,-272
110000376,20,28,-8
110000377,32,205,-173
110000378,1,256,-255
110000379,885,2019,-1134
110000380,104,34,70
110000383,1,146,-145
110000384,387,26,361
110000385,0,23,-23
110000387,87,1,86
110000388,10,66,-56
110000389,250,1,249
110000391,720,158,562
110000396,159,30,129
110000397,92,15,77
110000398,0,5,-5
110000399,36,0,36
110000587,98,84,14
110000589,164,23,141
110000640,46,16,30
110000652,5,109,-104
110000653,168,134,34
110000654,0,129,-129
110000656,0,90,-90
110000674,23,11,12
110000675,1,16,-15
110000676,0,11,-11
110000679,74,436,-362
110000682,91,87,4
110000683,146,74,72
110000684,0,17,-17
110000685,3,32,-29
110000686,1,38,-37
110000687,12,1,11
110000688,37,902,-865
110000689,26,12,14
110000692,1,50,-49
110000693,9,145,-136
110000694,0,15,-15
110000695,16,132,-116
110000696,29,17,12
110900001,170,3,167
110900002,139,51,88
110900003,1137,61,1076
110900004,404,14,390
110900005,610,2509,-1899
110900006,43,26,17
110900007,160,61,99
110900008,1,3,-2
110900009,203,320,-117
110900010,1,20,-19
110900011,1,3,-2
110900012,0,49,-49
110900013,861,34,827
110900014,220,2,218
110900015,88,366,-278
110900016,41,156,-115
110900017,369,13,356
110900018,420,17,403
110900019,371,2,369
110900020,190,16,174
110900021,66,102,-36
110900022,40,45,-5
110900023,22,180,-158
110900024,64,30,34
110900025,0,3,-3
110900027,6,18,-12
110900028,0,18,-18
110900029,5,45,-40
110900030,3,39,-36
110900031,49,56,-7
110900032,0,10,-10
110900033,26,52,-26
110900035,18,282,-264
110900036,70,0,70
110900037,62,2,60
110900038,133,44,89
110900039,3,82,-79
110900040,75,0,75
110900041,13,13,0
110900042,45,33,12
110900043,0,6,-6
110900044,24,4,20
110900045,84,86,-2
110900046,1,16,-15
110900047,37,240,-203
110900049,55,53,2
110900050,13,0,13
110900051,6,70,-64
110900052,0,104,-104
110900053,86,1,85
110900054,3,20,-17
110900055,2,0,2
110900056,4,58,-54
110900057,0,118,-118
110900058,255,12,243
110900059,145,146,-1
110900060,212,5,207
110900061,6,15,-9
110900062,113,24,89
110900063,6,28,-22
110900064,11,0,11
110900065,39,62,-23
110900066,14,32,-18
110900067,32,453,-421
110900068,68,20,48
110900069,6,5,1
110900070,84,12,72
110900071,50,784,-734
110900073,0,6,-6
110900074,542,38,504
110900075,425,7,418
110900077,922,86,836
110900078,102,5,97
110900079,554,262,292
110900080,123,30,93
110900081,16,3,13
110900082,223,25,198
110900083,62,35,27
110900084,106,3,103
110900085,41,74,-33
110900086,11,104,-93
110900087,305,8,297
110900088,3,0,3
110900090,12,57,-45
110900091,0,12,-12
110900093,103,27,76
110900095,11,5,6
110900097,11,4,7
110900098,11,10,1
110900099,24,116,-92
110900100,0,5,-5
110900102,15,64,-49
110900105,144,52,92
110900108,16,15,1
110900111,141,17,124
110900112,415,1,414
110900113,77,24,53
110900115,3,7,-4
110900116,962,254,708
110900118,28,3030,-3002
110900119,904,52,852
110900120,59,23,36
110900121,38,2,36
110900122,249,47,202
110900125,174,352,-178
110900127,56,369,-313
110900128,62,158,-96
110900129,32,405,-373
110900130,100,204,-104
110900131,87,5,82
110900132,363,7,356
110900133,52,17,35
110900135,39,31,8
110900136,268,1,267
110900138,0,0,0
110900139,31,0,31
110900140,2,0,2
110900141,206,53,153
110900142,18,11,7
110900143,244,22,222
110900144,0,46,-46
110900145,73,98,-25
110900146,101,136,-35
110900147,4,11,-7
110900148,0,9,-9
110900149,0,8,-8
110900150,6,17,-11
110900151,0,24,-24
110900152,13,14,-1
110900153,152,5,147
111000001,623,398,225
111000002,551,559,-8
111000003,1974,715,1259
111000004,357,682,-325
111000005,974,863,111
111000006,631,1234,-603
111000007,1804,2383,-579
111000008,1800,1928,-128
111000009,202,485,-283
111000010,953,245,708
111000011,34,472,-438
111000012,194,333,-139
111000013,226,659,-433
111000014,1172,216,956
111000017,30,463,-433
111000018,52,215,-163
111000020,185,378,-193
111000021,3,34,-31
111000023,74,47,27
111000025,1285,1516,-231
111000029,55,14,41
111000030,4,14,-10
111000031,854,295,559
111000032,491,83,408
111000033,114,38,76
111000034,156,87,69
111000037,302,125,177
111000038,828,452,376
111000039,519,359,160
111000040,588,319,269
111000041,175,128,47
111000042,981,962,19
111000043,1011,2184,-1173
111000044,1010,163,847
111000045,1937,794,1143
111000046,1237,607,630
111000047,1874,3617,-1743
111000049,67,99,-32
111000050,409,217,192
111000051,213,157,56
111000052,167,233,-66
111000053,91,193,-102
111000054,144,166,-22
111000055,421,452,-31
111000056,91,260,-169
111000057,86,198,-112
111000058,484,41,443
111000059,399,140,259
111000060,3015,374,2641
111000061,523,99,424
111000062,892,177,715
111000063,738,492,246
111000064,1048,207,841
111000065,983,266,717
111000066,549,96,453
111000067,739,136,603
111000068,479,127,352
111000069,462,501,-39
111000070,416,233,183
111000071,75,107,-32
111000072,991,416,575
111000073,140,1103,-963
111000074,909,544,365
111000075,407,124,283
111000076,468,224,244
111000077,629,393,236
111000078,729,183,546
111000079,465,158,307
111000080,369,162,207
111000081,957,3213,-2256
111000082,683,111,572
111000084,449,245,204
111000085,513,592,-79
111000086,945,262,683
111000087,420,143,277
111000088,1694,1706,-12
111000089,444,366,78
111000090,247,337,-90
111000091,285,192,93
111000092,1153,342,811
111000093,605,367,238
111000094,801,370,431
111000095,499,1382,-883
111000096,402,4232,-3830
111000097,1144,405,739
111000098,83,230,-147
111000099,162,450,-288
111000100,203,423,-220
111000101,181,281,-100
111000102,58,83,-25
111000104,855,46,809
111000107,38,143,-105
111000109,826,53,773
111000110,762,275,487
111000111,2821,61,2760
111000112,1628,50,1578
111000113,636,1714,-1078
111000114,613,2622,-2009
111000115,1302,342,960
111000116,400,243,157
111000117,164,223,-59
111000118,397,277,120
111000119,1090,258,832
111000120,627,254,373
111000121,283,204,79
111000122,146,264,-118
111000123,483,562,-79
111000124,116,685,-569
111000125,164,219,-55
111000126,85,128,-43
111000127,782,31,751
111000128,1969,45,1924
111000129,2440,72,2368
111000130,2092,106,1986
111000131,2307,132,2175
111000132,1488,1115,373
111000133,72,27,45
111000134,66,19,47
111000135,56,85,-29
111000136,371,95,276
111000138,27,8,19
111000140,1,45,-44
111000141,36,202,-166
111000142,3,105,-102
111000143,2,120,-118
111000144,10,242,-232
111000145,30,3,27
111000146,104,1,103
111000147,31,3,28
111000148,72,30,42
111000149,0,145,-145
111000150,59,3,56
111000151,0,22,-22
111000153,123,108,15
111000154,181,89,92
111000155,164,55,109
111000156,369,116,253
111000157,91,183,-92
111000158,541,399,142
111000159,1045,317,728
111000160,361,122,239
111000161,1,226,-225
111000162,3,41,-38
111000163,457,342,115
111000164,201,1006,-805
111000165,300,75,225
111000166,85,51,34
111000167,53,140,-87
111000168,73,121,-48
111000169,160,96,64
111000170,112,76,36
111000171,145,116,29
111000172,103,226,-123
111000173,160,492,-332
111000174,213,57,156
111000175,37,60,-23
111000176,354,22,332
111000177,813,142,671
111000178,1813,138,1675
111000179,371,37,334
111000180,251,161,90
111000181,1566,56,1510
111000182,182,77,105
111000183,142,85,57
111000184,208,66,142
111000185,38,53,-15
111000186,104,66,38
111000187,120,50,70
111000188,252,48,204
111000189,106,190,-84
111000190,84,87,-3
111000191,116,45,71
111000192,39,91,-52
111000193,141,41,100
111000194,42,22,20
111000195,28,61,-33
111000196,28,47,-19
111000197,483,32,451
111000198,249,10,239
111000199,339,92,247
111000200,372,160,212
111000201,616,39,577
111000202,316,14,302
111000203,414,60,354
111000204,155,914,-759
111000213,146,134,12
111000214,530,248,282
111000215,686,311,375
111000217,1151,98,1053
111000218,1331,237,1094
111000219,154,96,58
111000220,351,325,26
111000221,83,15,68
111000224,13,78,-65
111000225,397,397,0
111000226,27,1,26
111000227,11,3,8
111000228,1,563,-562
111000229,9,1561,-1552
111000230,21,64,-43
111000231,474,69,405
111000232,477,135,342
111000233,1333,155,1178
111000234,143,221,-78
111000239,46,15,31
111000240,25,218,-193
111000241,35,40,-5
111000242,161,37,124
111000243,102,86,16
111000244,663,60,603
111000245,324,67,257
111000246,552,56,496
111000247,376,89,287
111000248,424,59,365
111000249,436,53,383
111000250,36,34,2
111000251,17,17,0
111000253,17,11,6
111000255,105,17,88
111000257,24,24,0
111000260,4,350,-346
111000261,1051,32,1019
111000271,12,105,-93
111000273,1005,372,633
111000274,1013,1301,-288
111000275,37,10,27
111000276,96,222,-126
111000277,164,80,84
111000278,177,68,109
111000291,1053,7349,-6296
111000298,298,41,257
111000299,316,49,267
111000300,29,105,-76
111000302,324,30,294
111000303,98,42,56
111000312,16,17,-1
111000315,1,90,-89
111000320,97,116,-19
111000321,345,52,293
111000322,269,85,184
111000323,435,17,418
111000324,147,29,118
111000325,11,19,-8
111000326,63,85,-22
111000327,176,114,62
111000328,284,228,56
111000329,0,17,-17
111000330,56,0,56
111000331,15,2,13
111000332,238,271,-33
111000334,114,274,-160
111000335,834,27,807
111000337,1270,73,1197
111000338,28,23,5
111000339,617,44,573
111000340,43,151,-108
111000341,1135,426,709
111000342,12,368,-356
111000344,867,183,684
111000345,34,84,-50
111000346,9,115,-106
111000347,90,0,90
111000350,75,47,28
111000351,34,180,-146
111000352,182,23,159
111000353,61,79,-18
111000354,217,47,170
111000355,160,84,76
111000358,98,196,-98
111000360,65,127,-62
111000361,168,62,106
111000546,391,86,305
111000547,282,107,175
111000548,43,24,19
111000549,128,43,85
111000550,11,338,-327
111000551,120,37,83
111000552,161,42,119
111000907,875,22,853
111000908,28,1,27
111000916,1873,30,1843
111000917,66,164,-98
111000918,67,103,-36
111000920,590,12,578
111000921,0,30,-30
111000922,493,41,452
111000924,11,110,-99
111000925,3070,1006,2064
111000926,787,452,335
111000927,1681,2228,-547
111000928,1702,503,1199
111000929,1549,380,1169
111000930,566,537,29
111000931,1226,657,569
111000932,1579,627,952
111000933,2022,1524,498
111000934,506,572,-66
111000935,1658,409,1249
111000936,270,479,-209
111000937,1187,558,629
111000938,478,378,100
111000939,535,12,523
111000940,906,17,889
111000941,314,30,284
111000943,811,32,779
111000944,64,50,14
111000945,127,216,-89
111001109,218,439,-221
111001110,104,81,23
111001111,130,5,125
111001112,128,13,115
111001113,0,124,-124
111001114,160,47,113
111001115,7,212,-205
111001116,568,3731,-3163
111001117,108,1258,-1150
111001120,53,60,-7
111001121,50,70,-20
111001122,192,55,137
111001123,455,39,416
111001124,105,72,33
111001125,18,446,-428
111001126,11,0,11
111001127,0,6,-6
111001128,699,130,569
111900001,0,8,-8
111900002,0,8,-8
111900003,0,12,-12
111900004,0,4,-4
111900006,3,39,-36
111900007,216,0,216
111900008,344,0,344
111900009,211,0,211
111900010,16,104,-88
111900012,16,12,4
111900013,20,0,20
111900014,698,4064,-3366
111900015,0,28,-28
111900016,0,21,-21
111900017,0,29,-29
111900018,123,0,123
111900019,1,55,-54
111900020,0,14,-14
111900021,6,3,3
111900022,10,2,8
111900023,69,0,69
111900024,51,3,48
111900025,0,21,-21
111900026,0,16,-16
111900027,0,1,-1
111900028,19,53,-34
111900029,0,3,-3
111900030,5,150,-145
111900031,1,1,0
111900032,1,68,-67
111900033,0,4,-4
111900034,23,147,-124
111900035,29,123,-94
111900036,0,28,-28
111900038,24,128,-104
111900039,11,61,-50
111900040,1,92,-91
111900042,3,20,-17
111900043,0,23,-23
111900044,5,13,-8
111900046,2,11,-9
111900048,287,80,207
111900049,3,46,-43
111900050,140,3,137
111900051,0,29,-29
111900052,55,63,-8
111900053,248,1602,-1354
111900054,284,2,282
111900055,0,49,-49
111900056,31,199,-168
111900057,58,2,56
111900058,475,141,334
111900059,435,564,-129
111900060,184,1,183
111900061,1,25,-24
111900062,25,29,-4
111900063,215,35,180
111900064,8,48,-40
111900065,167,9,158
111900066,160,56,104
111900067,0,52,-52
111900068,31,42,-11
111900069,34,0,34
111900070,179,8,171
111900071,0,16,-16
111900072,21,25,-4
111900073,791,77,714
111900074,2,26,-24
111900075,46,8,38
111900076,289,22,267
111900077,35,1,34
111900078,278,12,266
111900079,5,37,-32
111900080,42,50,-8
111900082,130,53,77
111900083,152,19,133
111900084,54,17,37
111900085,21,35,-14
111900086,105,7,98
111900087,130,1,129
111900088,592,6,586
111900089,88,0,88
111900090,20,48,-28
111900091,564,4,560
111900092,193,2,191
111900093,588,12,576
111900094,91,0,91
111900095,342,3,339
111900096,271,3,268
111900097,129,0,129
111900098,318,3,315
111900099,29,0,29
111900100,60,0,60
111900101,191,0,191
111900102,587,113,474
111900103,41,24,17
111900104,98,10,88
111900105,89,117,-28
111900106,30,2,28
111900110,436,88,348
111900111,231,7,224
111900112,79,2926,-2847
111900113,122,38,84
111900118,287,20,267
111900119,88,45,43
111900122,7,33,-26
111900123,4,5,-1
111900124,1,14,-13
111900125,248,89,159
111900126,239,3,236
111900127,0,73,-73
111900128,0,78,-78
111900129,260,38,222
111900130,43,19,24
111900131,477,6,471
111900132,8,141,-133
111900133,2,55,-53
111900134,18,33,-15
111900135,0,15,-15
111900136,3,46,-43
111900137,10,14,-4
111900138,2,19,-17
111900139,13,28,-15
111900140,165,10,155
111900141,56,0,56
111900142,43,0,43
111900143,55,21,34
111900144,0,4,-4
111900145,1,88,-87
111900146,0,34,-34
111900147,8,74,-66
111900148,1,100,-99
111900149,6,30,-24
111900150,1,2,-1
111900151,0,3,-3
111900152,27,24,3
111900153,243,655,-412
111900154,20,492,-472
111900155,51,73,-22
111900156,66,51,15
111900157,220,9,211
111900158,448,63,385
111900159,309,49,260
111900160,260,4,256
111900161,348,2,346
111900162,55,187,-132
111900163,0,43,-43
111900164,60,25,35
111901113,646,33,613
111901114,150,106,44
111901115,128,0,128
111901116,32,0,32
111901117,3,24,-21
111901118,6,253,-247
111901119,105,6,99
111901121,5,14,-9
111901122,0,53,-53
111901123,313,33,280
111901124,355,1,354
111901125,784,91,693
111901127,128,627,-499
111901128,2,11,-9
111901129,0,7,-7
111901130,1,20,-19
111901131,0,195,-195
111901132,74,36,38
111901133,59,0,59
111901134,134,0,134
111901135,50,0,50
111901136,4,8,-4
111901138,7,1,6
111901139,0,8,-8
111901140,7,10,-3
111901141,2,18,-16
111901142,0,27,-27
111901143,0,31,-31
111901144,54,17,37
111901145,51,170,-119
111901146,4,0,4
111901147,64,359,-295
111901148,2,79,-77
111901149,9,1,8
111901150,18,0,18
111901151,53,0,53
112000001,2170,655,1515
112000002,629,1507,-878
112000003,2561,368,2193
112000004,488,195,293
112000005,2825,2829,-4
112000006,329,214,115
112000007,3305,2192,1113
112000008,1840,2710,-870
112000009,1348,675,673
112000010,1575,2477,-902
112000011,745,476,269
112000012,1876,2608,-732
112000013,1000,863,137
112000014,502,2034,-1532
112000015,863,1451,-588
112000016,1049,2446,-1397
112000017,262,1572,-1310
112000024,128,155,-27
112000026,1060,881,179
112000027,486,236,250
112000028,396,348,48
112000029,210,345,-135
112000030,88,10,78
112000031,400,1559,-1159
112000032,91,9,82
112000033,615,1643,-1028
112000034,141,9,132
112000035,33,306,-273
112000036,101,664,-563
112000037,286,558,-272
112000038,314,445,-131
112000039,78,32,46
112000040,31,53,-22
112000041,142,220,-78
112000042,232,39,193
112000050,680,317,363
112000051,616,901,-285
112000054,532,359,173
112000057,296,125,171
112000058,131,162,-31
112000059,234,197,37
112000061,768,322,446
112000062,146,444,-298
112000063,135,933,-798
112000064,1183,955,228
112000065,478,464,14
112000066,1123,761,362
112000067,160,154,6
112000068,1475,1079,396
112000069,229,519,-290
112000070,564,358,206
112000071,371,517,-146
112000072,1476,418,1058
112000073,258,550,-292
112000074,456,397,59
112000075,866,642,224
112000076,1081,755,326
112000077,629,261,368
112000078,1207,306,901
112000079,873,618,255
112000080,484,281,203
112000081,441,600,-159
112000082,560,231,329
112000083,343,437,-94
112000084,830,260,570
112000085,993,348,645
112000086,1312,319,993
112000087,696,125,571
112000088,424,213,211
112000089,134,86,48
112000090,77,121,-44
112000091,277,121,156
112000092,1588,235,1353
112000093,763,252,511
112000094,527,272,255
112000095,612,159,453
112000096,668,182,486
112000097,1565,211,1354
112000098,92,151,-59
112000099,447,1358,-911
112000100,1858,201,1657
112000101,298,101,197
112000102,1430,183,1247
112000103,158,108,50
112000105,210,193,17
112000106,2308,117,2191
112000107,233,37,196
112000108,778,267,511
112000109,334,33,301
112000110,1353,249,1104
112000111,268,794,-526
112000112,1162,116,1046
112000113,385,308,77
112000114,1439,275,1164
112000115,235,64,171
112000116,450,137,313
112000117,344,187,157
112000118,270,209,61
112000119,136,201,-65
112000120,32,101,-69
112000121,39,82,-43
112000122,318,29,289
112000123,599,17,582
112000124,325,11,314
112000125,181,88,93
112000126,479,111,368
112000127,711,1071,-360
112000128,229,281,-52
112000129,72,7,65
112000130,224,46,178
112000131,25,29,-4
112000132,99,62,37
112000133,362,38,324
112000134,202,80,122
112000135,702,187,515
112000136,471,452,19
112000137,830,617,213
112000138,545,510,35
112000139,157,218,-61
112000140,68,250,-182
112000141,544,115,429
112000142,52,188,-136
112000143,791,68,723
112000144,112,199,-87
112000145,2146,160,1986
112000146,311,356,-45
112000147,2351,677,1674
112000148,329,412,-83
112000149,287,191,96
112000150,275,88,187
112000151,235,113,122
112000152,608,94,514
112000153,28,70,-42
112000154,77,120,-43
112000155,61,31,30
112000157,149,302,-153
112000158,199,56,143
112000159,703,78,625
112000167,81,81,0
112000169,53,511,-458
112000173,759,48,711
112000175,215,76,139
112000176,402,437,-35
112000177,774,156,618
112000178,36,93,-57
112000179,204,15,189
112000180,214,72,142
112000181,451,238,213
112000182,1435,220,1215
112000183,8,5,3
112000184,490,135,355
112000185,544,71,473
112000187,1795,1061,734
112000195,52,0,52
112000196,23,0,23
112000197,25,77,-52
112000198,28,52,-24
112000199,217,182,35
112000202,367,0,367
112000216,16,32,-16
112000230,114,1,113
112000231,4,44,-40
112000256,37,121,-84
112000313,21,25,-4
112000314,15,24,-9
112000337,71,251,-180
112000352,27,82,-55
112000392,695,210,485
112000398,1094,179,915
112000399,349,2060,-1711
112000400,301,433,-132
112000401,489,574,-85
112000402,2158,2211,-53
112000403,469,2940,-2471
112000404,614,398,216
112000405,2223,1870,353
112000406,789,672,117
112000407,5518,4766,752
112000408,2065,906,1159
112000409,663,710,-47
112000410,34,207,-173
112000411,1369,897,472
112000412,248,118,130
112000413,979,4110,-3131
112000414,99,27,72
112000415,85,2,83
112000416,2294,366,1928
112000417,202,31,171
112000421,92,20,72
112000422,116,85,31
112000424,351,1327,-976
112000425,150,118,32
112000426,125,209,-84
112000427,0,23,-23
112000428,232,109,123
112000429,837,764,73
112000430,1167,1225,-58
112000431,63,61,2
112000432,207,127,80
112000433,200,168,32
112000437,21,53,-32
112900001,47,1,46
112900002,607,130,477
112900003,57,29,28
112900004,64,72,-8
112900005,156,20,136
112900007,42,8,34
112900008,0,38,-38
112900009,155,100,55
112900010,248,94,154
112900011,9,16,-7
112900012,0,4,-4
112900013,2,35,-33
112900014,3,32,-29
112900015,14,136,-122
112900016,7,30,-23
112900017,29,28,1
112900018,177,79,98
112900019,5,43,-38
112900020,113,143,-30
112900021,0,73,-73
112900022,2,9,-7
112900023,0,26,-26
112900024,1,59,-58
112900025,26,33,-7
112900026,10,11,-1
112900027,2,106,-104
112900028,3,26,-23
112900029,2,22,-20
112900030,26,8,18
112900031,0,36,-36
112900032,55,35,20
112900034,1,4,-3
112900035,0,25,-25
112900036,10,16,-6
112900037,22,131,-109
112900038,476,31,445
112900039,0,27,-27
112900040,3,109,-106
112900041,44,387,-343
112900042,127,61,66
112900043,15,9,6
112900044,22,170,-148
112900045,52,24,28
112900046,11,5,6
112900047,1,6,-5
112900049,173,0,173
112900050,2,169,-167
112900051,26,76,-50
112900052,2,151,-149
112900053,20,69,-49
112900054,49,28,21
112900055,17,14,3
112900056,157,113,44
112900057,4,71,-67
112900058,160,108,52
112900059,43,53,-10
112900060,10,6,4
112900061,36,16,20
112900062,30,16,14
112900063,4,8,-4
112900064,25,5,20
112900065,1,0,1
112900066,88,219,-131
112900067,135,5,130
112900068,14,73,-59
112900069,273,504,-231
112900071,17,5,12
112900072,12,1930,-1918
112900073,251,114,137
112900074,30,246,-216
112900075,198,640,-442
112900076,5,22,-17
112900078,135,432,-297
112900079,123,3,120
112900080,71,0,71
112900081,44,222,-178
112900082,466,5,461
112900083,99,94,5
112900084,112,109,3
112900086,85,0,85
112900087,717,47,670
112900088,86,1,85
112900089,582,12,570
112900090,55,45,10
112900091,209,7,202
112900092,39,349,-310
112900093,863,18,845
112900095,81,0,81
112900096,407,67,340
112900097,6,55,-49
112900098,20,0,20
112900099,845,4,841
112900100,93,2,91
112900101,302,0,302
112900102,54,8,46
112900103,141,3,138
112900104,642,4,638
112900105,21,0,21
112900106,143,46,97
112900107,5,0,5
112900108,1,4,-3
112900109,114,0,114
112900110,1156,7,1149
112900111,538,0,538
112900112,270,0,270
112900113,0,0,0
112900114,294,3,291
112900115,1833,3,1830
112900116,53,3,50
112900117,12,8,4
112900118,1,6,-5
112900119,71,0,71
112900120,139,82,57
112900121,29,13,16
112900122,0,7,-7
112900123,104,14,90
112900124,1,11,-10
112900125,8,46,-38
112900126,17,45,-28
112900127,231,14,217
112900128,27,16,11
112900129,0,151,-151
112900130,83,28,55
112900131,4,21,-17
112900132,2,62,-60
112900133,10,121,-111
112900134,0,29,-29
112900135,56,6,50
112900137,0,101,-101
112900138,0,39,-39
112900139,13,253,-240
112900141,539,3,536
112900142,13,124,-111
112900143,1,432,-431
112900144,0,94,-94
112900145,0,89,-89
112900146,0,24,-24
112900147,1,190,-189
112900148,7,1,6
112900149,42,99,-57
112900151,0,6,-6
112900152,933,81,852
112900153,61,948,-887
112900154,0,10,-10
112900155,52,18,34
112900156,234,146,88
112900157,377,14,363
112900158,38,0,38
112900159,72,105,-33
112900160,13,41,-28
112900161,34,14,20
112900162,2,9,-7
112900163,1,33,-32
112900164,6,70,-64
112900165,4,15,-11
112900166,1,35,-34
112900167,0,49,-49
112900168,9,0,9
112900169,3,4,-1
112900170,134,9,125
112900172,21,22,-1
112900173,62,5,57
112900174,147,19,128
112900175,30,31,-1
112900176,16,63,-47
112900177,324,19,305
112900178,173,1765,-1592
112900179,23,108,-85
112900180,861,540,321
112900181,649,2,647
112900182,12,130,-118
112900183,39,82,-43
112900184,49,85,-36
112900185,18,76,-58
112900186,294,227,67
112900187,5,286,-281
112900188,243,540,-297
112900189,2,0,2
112900190,1,0,1
112900192,159,116,43
112900193,238,47,191
112900194,35,0,35
112900195,278,9,269
112900196,138,99,39
112900197,7,86,-79
112900199,350,36,314
112900200,238,11,227
112900201,180,7,173
112900202,282,102,180
112900203,166,32,134
112900204,30,66,-36
112900205,1,0,1
112900206,2,11,-9
112900207,57,0,57
112900208,37,60,-23
112900209,24,74,-50
112900210,0,0,0
112900211,18,1,17
112900212,0,0,0
112900213,81,0,81
112900214,3,3,0
112900215,12,13,-1
112900216,1,18,-17
112900217,0,1,-1
112900218,41,12,29
112900219,99,8,91
112900220,0,0,0
112900221,24,22,2
112900222,0,11,-11
112900223,307,5,302
112900224,557,38,519
112900225,283,24,259
112900226,16,67,-51
112900227,469,101,368
112900228,74,47,27
112900229,275,3,272
112900230,2018,933,1085
112900232,122,197,-75
112900233,27,25,2
112900234,69,0,69
112900235,19,1,18
112900236,522,3,519
112900237,196,429,-233
112900238,19,0,19
112900239,77,571,-494
112900240,0,7,-7
112900241,0,26,-26
112900242,3,10,-7
112900243,6,23,-17
112900244,1,5,-4
112900245,0,6,-6
112900246,1,11,-10
112900247,70,2,68
112900248,5,0,5
112900249,4,3,1
112900250,76,1,75
112900251,80,0,80
112900252,116,1,115
112900253,75,0,75
112900254,12,7,5
112900255,5,27,-22
112900256,5,30,-25
112900257,16,13,3
112900258,22,4,18
113000001,2059,1896,163
113000002,1684,1404,280
113000003,534,601,-67
113000004,707,887,-180
113000005,621,409,212
113000006,477,484,-7
113000007,884,394,490
113000008,728,395,333
113000009,586,200,386
113000010,729,330,399
113000011,270,403,-133
113000012,552,194,358
113000013,256,280,-24
113000014,295,452,-157
113000015,47,112,-65
113000016,58,259,-201
113000017,33,92,-59
113000018,222,18,204
113000019,41,37,4
113000020,119,22,97
113000021,958,164,794
113000022,501,667,-166
113000025,64,70,-6
113000026,340,233,107
113000027,318,277,41
113000028,118,113,5
113000029,168,332,-164
113000030,54,129,-75
113000031,46,66,-20
113000032,71,71,0
113000033,187,59,128
113000034,68,29,39
113000035,3,2,1
113000036,22,8,14
113000037,12,7,5
113000038,7,13,-6
113000039,5,87,-82
113000040,25,9,16
113000042,241,239,2
113000051,288,940,-652
113000052,662,101,561
113000053,209,93,116
113000054,174,298,-124
113000055,715,150,565
113000056,942,267,675
113000058,102,280,-178
113000059,607,81,526
113000060,131,241,-110
113000061,254,324,-70
113000062,103,169,-66
113000063,233,19,214
113000064,157,72,85
113000065,180,199,-19
113000066,643,52,591
113000067,1615,152,1463
113000068,214,152,62
113000069,197,138,59
113000070,1856,185,1671
113000071,252,112,140
113000072,490,94,396
113000073,146,270,-124
113000074,374,207,167
113000075,910,269,641
113000076,130,743,-613
113000077,254,311,-57
113000078,212,330,-118
113000079,124,172,-48
113000080,169,267,-98
113000081,353,300,53
113000082,213,122,91
113000083,332,280,52
113000084,539,187,352
113000085,668,217,451
113000086,308,267,41
113000087,543,559,-16
113000088,312,294,18
113000089,333,581,-248
113000090,36,265,-229
113000091,31,44,-13
113000094,611,77,534
113000095,113,56,57
113000096,31,123,-92
113000097,425,141,284
113000098,27,5,22
113000099,410,87,323
113000100,48,89,-41
113000101,24,106,-82
113000102,313,135,178
113000103,1584,181,1403
113000104,404,1267,-863
113000105,509,188,321
113000106,257,96,161
113000107,573,415,158
113000108,477,346,131
113000109,160,550,-390
113000110,1312,256,1056
113000111,122,210,-88
113000112,348,219,129
113000113,628,200,428
113000114,52,278,-226
113000116,144,64,80
113000117,230,68,162
113000118,34,215,-181
113000119,154,240,-86
113000120,30,241,-211
113000121,143,324,-181
113000124,147,55,92
113000125,8,518,-510
113000127,401,46,355
113000128,356,103,253
113000129,102,151,-49
113000133,531,55,476
113000134,0,559,-559
113000135,1853,1758,95
113000137,432,1333,-901
113000139,58,38,20
113000140,16,21,-5
113000141,32,23,9
113000142,77,104,-27
113000143,86,43,43
113000144,55,74,-19
113000145,32,28,4
113000146,14,5,9
113000147,52,9,43
113000148,132,33,99
113000149,76,56,20
113000150,178,90,88
113000151,10,10,0
113000152,11,88,-77
113000153,212,83,129
113000154,109,675,-566
113000155,122,280,-158
113000156,18,41,-23
113000157,107,77,30
113000158,120,44,76
113000159,316,56,260
113000160,148,93,55
113000161,114,60,54
113000162,280,18,262
113000163,41,3,38
113000164,10,3,7
113000166,252,28,224
113000167,32,34,-2
113000168,94,34,60
113000169,178,1,177
113000170,75,21,54
113000171,22,40,-18
113000172,140,12,128
113000173,53,13,40
113000174,58,40,18
113000175,290,13,277
113000176,414,26,388
113000177,84,38,46
113000178,44,51,-7
113000179,254,26,228
113000180,487,1103,-616
113000181,1122,637,485
113000182,21,120,-99
113000183,274,345,-71
113000184,0,7,-7
113000189,56,213,-157
113000190,90,56,34
113000192,335,1243,-908
113000193,708,951,-243
113000194,392,965,-573
113000195,665,561,104
113000196,381,69,312
113000197,659,879,-220
113000198,20,84,-64
113000199,551,191,360
113000201,161,154,7
113000202,1737,408,1329
113000203,41,160,-119
113000204,201,1138,-937
113000205,4,0,4
113000206,11,9,2
113000207,17,0,17
113000208,5,5,0
113000209,11,12,-1
113000210,0,25,-25
113000211,33,37,-4
113000212,7,7,0
113000213,6,38,-32
113000214,69,81,-12
113000234,90,101,-11
113000410,24,67,-43
113000411,536,889,-353
113000412,1940,522,1418
113000413,423,876,-453
113000414,1154,4932,-3778
113000415,570,522,48
113000416,789,547,242
113000417,310,294,16
113000418,1986,1565,421
113000419,527,530,-3
113000420,1261,1941,-680
113000421,2015,3075,-1060
113000422,3197,3548,-351
113000423,401,1438,-1037
113000424,563,3608,-3045
113000425,0,27,-27
113000428,3,3,0
113000430,0,56,-56
113000432,1772,100,1672
113000433,118,230,-112
113000434,15,39,-24
113000435,13,59,-46
113000436,3,317,-314
113000437,735,39,696
113000438,105,13,92
113000439,15,6,9
113000440,110,30,80
113000441,74,100,-26
113000442,113,3,110
113000443,382,39,343
113000444,142,6,136
113000445,84,17,67
113000446,32,22,10
113000448,79,93,-14
113000449,33,619,-586
113000450,111,1652,-1541
113000451,897,208,689
113000452,15,273,-258
113000453,39,191,-152
113000454,70,100,-30
113000455,1,208,-207
113000456,282,485,-203
113000468,330,33,297
113000469,30,74,-44
113000470,191,10,181
113000471,2,152,-150
113000472,33,54,-21
113000474,971,299,672
113000475,498,654,-156
113000476,1071,1011,60
113000477,2649,771,1878
113000478,1386,1327,59
113000479,37,85,-48
113000485,0,0,0
113000486,0,0,0
113000487,0,0,0
113000488,0,0,0
113000489,0,0,0
113000490,0,0,0
113000491,0,0,0
113000492,0,0,0
113000493,0,0,0
113000495,79,17,62
113000496,57,67,-10
113000499,0,0,0
113900001,1,167,-166
113900002,0,33,-33
113900003,0,9,-9
113900004,0,49,-49
113900005,1,81,-80
113900006,2,140,-138
113900007,0,0,0
113900008,0,0,0
113900009,0,0,0
113900010,0,0,0
113900011,0,0,0
113900012,99,0,99
113900013,7,0,7
113900014,248,1,247
113900015,0,7,-7
113900016,18,0,18
113900017,0,11,-11
113900018,10,135,-125
113900019,78,8,70
113900020,177,0,177
113900022,36,1,35
113900023,21,0,21
113900024,31,3,28
113900025,67,22,45
113900026,10,0,10
113900027,15,14,1
113900028,7,90,-83
113900029,37,36,1
113900030,351,2,349
113900031,45,0,45
113900032,11,0,11
113900033,3,0,3
113900035,44,0,44
113900036,9,6,3
113900037,101,209,-108
113900038,20,70,-50
113900039,94,13,81
113900040,3,1,2
113900041,24,0,24
113900042,13,3,10
113900043,60,7,53
113900044,19,109,-90
113900045,17,0,17
113900046,16,205,-189
113900047,77,6,71
113900048,15,32,-17
113900049,75,220,-145
113900050,45,35,10
113900051,47,36,11
113900052,2,10,-8
113900053,78,412,-334
113900054,0,0,0
113900055,14,108,-94
113900056,17,2,15
113900057,0,12,-12
113900058,30,1,29
113900059,70,13,57
113900060,26,39,-13
113900061,153,24,129
113900062,17,1,16
113900063,15,4,11
113900064,2,20,-18
113900065,398,6,392
113900066,186,26,160
113900067,98,13,85
113900068,202,329,-127
113900069,7,2,5
113900070,24,53,-29
113900071,54,5,49
113900072,1,4,-3
113900073,183,122,61
113900074,100,28,72
113900075,176,786,-610
113900076,45,0,45
113900077,27,50,-23
113900078,5,10,-5
113900079,1,10,-9
113900080,130,51,79
113900081,11,8,3
113900082,52,60,-8
113900083,186,27,159
113900084,71,26,45
113900085,0,45,-45
113900086,41,3,38
113900087,17,34,-17
113900088,76,129,-53
113900089,121,12,109
113900090,88,44,44
113900091,1,0,1
113900092,6,10,-4
113900093,2,331,-329
113900094,235,73,162
113900095,68,8,60
113900096,70,13,57
113900097,11,7,4
113900098,247,39,208
113900099,0,0,0
113900100,0,0,0
113900101,1,37,-36
113900102,7,15,-8
113900103,48,99,-51
113900104,12,43,-31
113900105,115,11,104
113900106,0,0,0
113900107,1,0,1
113900108,13,13,0
113900109,17,24,-7
113900110,3,1,2
113900111,67,12,55
113900112,88,8,80
113900113,260,64,196
113900114,0,0,0
113900115,0,0,0
113900116,11,19,-8
113900117,16,1,15
113900118,30,268,-238
113900119,47,95,-48
113900120,43,3,40
113900121,72,18,54
113900122,71,1732,-1661
113900123,150,26,124
113900124,0,16,-16
113900125,156,13,143
113900126,2,14,-12
113900127,72,231,-159
113900128,77,12,65
113900129,0,35,-35
113900130,1,22,-21
113900131,61,6,55
113900132,9,8,1
113900133,1,26,-25
113900135,109,49,60
113900136,15,1,14
113900137,75,75,0
113900138,3,27,-24
113900139,37,60,-23
113900140,27,77,-50
113900141,244,101,143
113900142,42,2,40
113900143,0,7,-7
113900144,29,45,-16
113900145,54,5,49
113900146,79,15,64
113900148,4,31,-27
113900149,33,90,-57
113900150,118,32,86
113900151,221,30,191
113900152,0,58,-58
113900153,17,30,-13
113900154,0,37,-37
113900155,20,22,-2
113900156,26,39,-13
113900157,6,235,-229
113900158,30,42,-12
113900159,0,37,-37
113900160,56,45,11
113900161,46,56,-10
113900162,28,60,-32
113900163,119,46,73
113900164,219,5,214
113900165,58,60,-2
113900166,4,23,-19
113900167,215,6,209
113900168,9,1,8
113900169,17,62,-45
113900171,122,16,106
113900172,1,6,-5
113900173,1,47,-46
113900174,33,95,-62
113900175,34,62,-28
113900176,42,34,8
113900177,38,25,13
113900178,46,51,-5
113900179,1,151,-150
113900180,30,4,26
113900181,352,50,302
113900182,103,39,64
113900183,2,6,-4
113900184,3,80,-77
113900185,7,2,5
113900186,0,1,-1
113900187,3,5,-2
113900188,0,13,-13
113900189,101,40,61
113900190,98,13,85
113900191,3,15,-12
113900192,0,68,-68
113900193,3,38,-35
113900194,406,62,344
113900195,53,55,-2
113900196,0,23,-23
113900197,1,15,-14
113900198,0,60,-60
113900199,3,19,-16
113900200,0,21,-21
113900201,0,29,-29
113900202,8,13,-5
113900203,2,7,-5
113900204,7,23,-16
113900205,0,3,-3
113900206,0,6,-6
113900207,0,11,-11
113900208,0,2,-2
113900209,0,1,-1
113900210,79,62,17
113900211,44,7,37
113900212,231,129,102
113900214,47,64,-17
113900215,185,12,173
113900216,46,41,5
113900217,62,47,15
113900218,25,61,-36
113900219,52,59,-7
113900220,31,51,-20
113900221,39,126,-87
113900222,12,147,-135
113900223,120,53,67
113900224,17,4,13
113900225,90,13,77
113900226,72,20,52
113900227,76,23,53
113900228,44,132,-88
113900229,24,224,-200
113900230,326,662,-336
113900231,7,8,-1
113900232,20,1,19
113900233,25,16,9
113900234,76,128,-52
113900235,52,11,41
113900236,211,33,178
113900237,46,8,38
113900238,69,109,-40
113900239,2,28,-26
113900240,0,24,-24
113900241,3,8,-5
113900242,3,25,-22
113900243,3,37,-34
113900244,28,33,-5
113900245,132,48,84
113900246,1,16,-15
113900247,27,196,-169
113900248,326,427,-101
113900249,76,251,-175
113900250,7,70,-63
113900251,577,20,557
113900252,368,6,362
113900253,176,3,173
113900254,143,12,131
113900255,563,9,554
113900256,212,21,191
113900257,2,86,-84
113900258,1,125,-124
113900259,321,32,289
113900260,115,1,114
113900261,17,12,5
113900262,108,126,-18
113900263,1,37,-36
113900264,0,85,-85
113900265,49,46,3
113900266,13,37,-24
113900267,22,159,-137
113900268,18,54,-36
113900269,15,40,-25
113900270,108,63,45
113900271,66,69,-3
113900273,4,1,3
113900274,37,2,35
113900275,0,6,-6
113900276,1,20,-19
113900277,100,3,97
113900278,17,19,-2
113900279,3,6,-3
113900280,181,112,69
113900281,74,373,-299
113900282,35,43,-8
113900283,145,209,-64
113900284,464,38,426
113900285,37,18,19
113900286,43,5,38
113900287,31,9,22
113900288,0,60,-60
113900289,85,43,42
113900290,37,127,-90
113900291,14,42,-28
113900292,0,0,0
113900293,2,63,-61
113900294,350,11,339
113900295,67,55,12
113900296,406,156,250
113900297,874,12,862
113900298,9,127,-118
113900299,74,65,9
113900300,1036,1678,-642
113900301,71,250,-179
113900302,683,243,440
113900303,54,341,-287
113900304,0,43,-43
113900305,94,0,94
113900306,56,0,56
113900307,8,0,8
113900308,3,4,-1
113900309,1,275,-274
113900310,0,4,-4
113900311,2,0,2
113900312,8,25,-17
113900313,0,0,0
113900314,0,0,0
113900315,146,1,145
114000001,433,514,-81
114000002,197,114,83
114000003,186,153,33
114000004,472,75,397
114000005,289,84,205
114000006,338,209,129
114000007,331,395,-64
114000008,689,520,169
114000009,935,75,860
114000011,1359,651,708
114000012,2441,508,1933
114000013,1332,365,967
114000014,350,94,256
114000015,1130,80,1050
114000016,157,24,133
114000017,68,518,-450
114000018,39,1,38
114000026,1970,356,1614
114000027,2618,916,1702
114000028,971,1612,-641
114000038,225,20,205
114000039,128,19,109
114000040,105,235,-130
114000042,82,78,4
114000043,80,120,-40
114000044,401,23,378
114000045,16,8,8
114000046,465,976,-511
114000047,0,33,-33
114000048,88,39,49
114000049,977,527,450
114000050,935,330,605
114000051,1417,891,526
114000052,1376,1252,124
114000053,12,336,-324
114000054,71,270,-199
114000055,155,11,144
114000056,50,177,-127
114000057,1124,725,399
114000058,11,298,-287
114000059,6,316,-310
114000060,92,174,-82
114000061,721,705,16
114000062,77,391,-314
114000063,351,329,22
114000064,534,1402,-868
114000065,376,512,-136
114000066,375,375,0
114000067,6,549,-543
114000068,118,317,-199
114000069,431,78,353
114000070,708,667,41
114000071,577,82,495
114000072,500,42,458
114000073,20,28,-8
114000074,49,9,40
114000075,80,3,77
114000076,27,6,21
114000077,2,5,-3
114000078,214,54,160
114000079,272,18,254
114000080,23,39,-16
114000081,64,16,48
114000082,11,64,-53
114000083,18,5,13
114000084,100,43,57
114000085,20,38,-18
114000086,138,53,85
114000087,152,7,145
114000088,53,13,40
114000089,191,72,119
114000090,435,306,129
114000091,366,325,41
114000092,204,98,106
114000093,604,78,526
114000094,246,146,100
114000095,188,147,41
114000096,33,90,-57
114000097,57,141,-84
114000098,609,108,501
114000099,451,115,336
114000100,1544,154,1390
114000101,110,167,-57
114000102,740,101,639
114000103,98,162,-64
114000104,3,20,-17
114000105,173,43,130
114000106,221,1141,-920
114000107,284,63,221
114000108,366,296,70
114000109,564,1656,-1092
114000110,351,259,92
114000111,1474,652,822
114000112,105,506,-401
114000113,1737,133,1604
114000114,161,230,-69
114000115,1764,252,1512
114000116,627,2629,-2002
114000117,2644,206,2438
114000118,2412,125,2287
114000119,2090,244,1846
114000120,646,451,195
114000121,175,155,20
114000122,171,116,55
114000123,1499,154,1345
114000124,852,122,730
114000125,685,523,162
114000126,1021,147,874
114000127,39,73,-34
114000128,539,136,403
114000130,313,410,-97
114000131,299,7,292
114000132,295,61,234
114000133,198,148,50
114000134,26,2,24
114000138,0,5,-5
114000139,194,77,117
114000144,344,190,154
114000145,8,1,7
114000146,80,28,52
114000147,479,1437,-958
114000148,406,746,-340
114000149,99,148,-49
114000150,113,159,-46
114000151,272,2563,-2291
114000152,15,1,14
114000153,273,480,-207
114000154,191,123,68
114000155,547,1801,-1254
114000156,447,215,232
114000157,150,568,-418
114000158,232,158,74
114000159,102,95,7
114000160,22,95,-73
114000161,405,558,-153
114000162,537,836,-299
114000163,0,6,-6
114000165,135,127,8
114000166,103,164,-61
114000167,983,649,334
114000168,256,54,202
114000169,384,424,-40
114000170,568,392,176
114000171,697,5942,-5245
114000174,76,39,37
114000176,92,118,-26
114000177,262,199,63
114000178,39,8,31
114000179,496,521,-25
114000180,147,159,-12
114000181,681,2656,-1975
114000182,331,804,-473
114000183,261,217,44
114000184,899,193,706
114000185,740,467,273
114000189,1200,114,1086
114000190,2271,303,1968
114000191,103,192,-89
114000192,75,171,-96
114000193,121,403,-282
114000194,1048,494,554
114000195,202,149,53
114000196,0,37,-37
114000197,1752,38,1714
114000198,214,192,22
114000199,453,875,-422
114000200,290,461,-171
114000201,119,249,-130
114000202,485,429,56
114000203,759,506,253
114000204,27,104,-77
114000205,183,367,-184
114000206,280,418,-138
114000207,228,253,-25
114000208,251,241,10
114000209,234,363,-129
114000210,128,401,-273
114000211,1592,465,1127
114000212,828,672,156
114000213,1754,258,1496
114000214,48,8,40
114000215,58,10,48
114000216,956,377,579
114000217,307,182,125
114000218,274,114,160
114000219,1113,54,1059
114000220,14,172,-158
114000221,1072,61,1011
114000222,110,231,-121
114000223,473,59,414
114000224,32,105,-73
114000225,209,135,74
114000226,273,64,209
114000227,918,336,582
114000228,751,218,533
114000229,1296,602,694
114000230,1298,315,983
114000231,892,776,116
114000232,873,95,778
114000233,1594,19,1575
114000234,932,347,585
114000235,1204,629,575
114000236,0,89,-89
114000237,58,273,-215
114000238,82,182,-100
114000239,62,290,-228
114000240,599,808,-209
114000241,319,416,-97
114000242,523,324,199
114000243,1384,808,576
114000244,306,161,145
114000245,286,692,-406
114000246,72,35,37
114000247,366,332,34
114000248,1092,370,722
114000249,697,224,473
114000250,650,107,543
114000251,165,67,98
114000252,31,18,13
114000253,38,16,22
114000254,29,7,22
114000255,72,53,19
114000256,80,292,-212
114000257,302,413,-111
114000258,240,34,206
114000259,95,155,-60
114000260,0,4,-4
114000261,67,12,55
114000262,213,23,190
114000263,3,0,3
114000264,965,89,876
114000265,0,0,0
114000267,1,1262,-1261
114000268,0,360,-360
114000270,148,1,147
114000271,127,162,-35
114000283,1283,89,1194
114000285,1,109,-108
114000288,80,107,-27
114000289,1433,57,1376
114000293,210,114,96
114000294,126,152,-26
114000395,929,21,908
114000396,297,120,177
114000402,464,111,353
114000403,345,106,239
114000405,258,145,113
114000423,431,66,365
114000424,500,93,407
114000425,1071,77,994
114000426,299,609,-310
114000427,34,2,32
114000428,79,33,46
114000429,11,27,-16
114000432,75,16,59
114000434,2,10,-8
114000435,0,51,-51
114900001,418,107,311
114900002,94,35,59
114900003,403,101,302
114900004,70,255,-185
114900005,214,87,127
114900006,10,50,-40
114900007,84,1,83
114900008,326,13,313
114900010,270,768,-498
114900011,325,71,254
114900013,170,27,143
114900020,36,39,-3
114900025,325,29,296
114900026,110,27,83
114900029,191,11,180
114900030,261,42,219
114900031,466,1,465
114900032,469,0,469
114900034,7,7,0
114900035,15,100,-85
114900036,79,64,15
114900039,450,99,351
114900040,114,7,107
114900041,733,39,694
114900042,613,29,584
114900044,63,28,35
114900047,6,2050,-2044
114900048,2,29,-27
114900049,8,35,-27
114900050,10,32,-22
114900051,6,69,-63
114900052,2,101,-99
114900053,7,59,-52
114900054,6,5,1
114900057,56,15,41
114900058,0,20,-20
114900059,88,25,63
114900063,30,1,29
114900064,1422,36,1386
114900065,215,375,-160
114900067,0,34,-34
114900068,11,27,-16
114900069,95,23,72
114900070,407,46,361
114900072,1,31,-30
114900073,1,18,-17
114900074,751,10,741
114900075,190,2,188
114900076,2,16,-14
114900080,150,50,100
114900082,788,1033,-245
114900083,26,165,-139
114900090,416,63,353
114900091,51,44,7
114900097,167,0,167
114900098,5,25,-20
114900099,169,17,152
115000001,1448,883,565
115000002,1924,3599,-1675
115000003,1505,659,846
115000004,2527,3298,-771
115000005,718,920,-202
115000006,836,578,258
115000007,125,90,35
115000008,170,223,-53
115000009,178,69,109
115000010,110,94,16
115000013,24,71,-47
115000015,4,126,-122
115000016,26,78,-52
115000019,24,340,-316
115000020,40,480,-440
115000021,111,200,-89
115000022,85,97,-12
115000023,182,249,-67
115000024,154,86,68
115000025,494,215,279
115000026,143,23,120
115000027,227,128,99
115000028,55,82,-27
115000029,576,30,546
115000030,235,118,117
115000031,337,45,292
115000032,1,62,-61
115000033,69,6,63
115000034,82,194,-112
115000035,313,60,253
115000036,0,57,-57
115000037,357,45,312
115000038,49,84,-35
115000039,1329,1895,-566
115000040,1269,1288,-19
115000041,626,2439,-1813
115000042,207,234,-27
115000043,1621,1054,567
115000044,1185,1002,183
115000045,1130,390,740
115000046,2352,1174,1178
115000047,1715,670,1045
115000048,1225,689,536
115000049,848,1032,-184
115000050,1828,664,1164
115000051,785,2450,-1665
115000052,677,833,-156
115000053,1257,1801,-544
115000054,418,425,-7
115000055,75,493,-418
115000056,122,138,-16
115000057,325,721,-396
115000058,55,212,-157
115000059,124,330,-206
115000061,102,194,-92
115000062,240,344,-104
115000063,272,141,131
115000064,112,46,66
115000065,77,345,-268
115000067,179,8,171
115000069,57,115,-58
115000070,35,589,-554
115000071,75,18,57
115000072,4,53,-49
115000073,813,25,788
115000075,36,66,-30
115000076,814,569,245
115000077,977,431,546
115000078,876,204,672
115000079,771,440,331
115000080,2001,503,1498
115000081,94,216,-122
115000082,2673,1967,706
115000083,1256,373,883
115000084,2245,283,1962
115000085,656,216,440
115000086,567,198,369
115000087,300,682,-382
115000088,1029,298,731
115000089,776,497,279
115000090,171,400,-229
115000091,200,240,-40
115000092,861,339,522
115000093,578,0,578
115000094,2176,4616,-2440
115000095,1499,3668,-2169
115000096,670,234,436
115000097,1225,891,334
115000098,1061,123,938
115000099,1447,446,1001
115000100,1312,262,1050
115000101,301,272,29
115000102,349,103,246
115000103,178,211,-33
115000105,74,49,25
115000106,531,197,334
115000107,68,120,-52
115000108,840,582,258
115000109,1258,3583,-2325
115000110,499,1189,-690
115000111,114,306,-192
115000112,265,254,11
115000113,129,178,-49
115000114,228,66,162
115000116,527,671,-144
115000117,574,637,-63
115000118,640,764,-124
115000119,524,664,-140
115000120,282,661,-379
115000121,228,257,-29
115000122,273,580,-307
115000123,272,686,-414
115000124,308,495,-187
115000125,154,465,-311
115000126,60,197,-137
115000127,216,67,149
115000128,79,312,-233
115000129,117,331,-214
115000130,150,148,2
115000131,377,80,297
115000132,264,99,165
115000133,447,36,411
115000134,242,43,199
115000135,79,61,18
115000136,120,74,46
115000137,47,61,-14
115000138,137,95,42
115000139,78,26,52
115000140,311,42,269
115000141,145,60,85
115000142,121,10,111
115000143,568,158,410
115000144,231,23,208
115000145,112,58,54
115000146,270,107,163
115000147,150,89,61
115000148,139,302,-163
115000149,347,97,250
115000150,219,104,115
115000151,600,117,483
115000152,337,151,186
115000153,685,130,555
115000154,526,128,398
115000155,333,207,126
115000156,241,335,-94
115000157,105,171,-66
115000158,17,97,-80
115000159,182,167,15
115000160,104,116,-12
115000161,86,215,-129
115000162,210,565,-355
115000163,110,142,-32
115000164,187,267,-80
115000165,108,255,-147
115000167,23,25,-2
115000168,276,116,160
115000169,85,427,-342
115000170,46,99,-53
115000171,100,225,-125
115000172,269,304,-35
115000173,157,500,-343
115000174,46,193,-147
115000175,96,109,-13
115000176,14,111,-97
115000177,9,150,-141
115000178,0,111,-111
115000179,5,85,-80
115000180,74,119,-45
115000181,415,62,353
115000182,709,106,603
115000183,337,126,211
115000186,309,25,284
115000187,202,77,125
115000188,179,129,50
115000189,186,231,-45
115000190,272,195,77
115000191,125,298,-173
115000194,58,36,22
115000195,18,14,4
115000196,154,12,142
115000197,120,99,21
115000198,359,15,344
115000199,338,82,256
115000200,298,38,260
115000201,175,100,75
115000206,367,4,363
115000207,116,48,68
115000208,83,242,-159
115000209,297,182,115
115000210,69,60,9
115000211,87,121,-34
115000212,353,145,208
115000224,107,6,101
115000225,76,11,65
115000229,91,39,52
115000230,13,64,-51
115000231,276,348,-72
115000232,1680,131,1549
115000233,41,49,-8
115000234,21,79,-58
115000241,50,32,18
115000242,80,13,67
115000243,77,23,54
115000244,13,33,-20
115000246,21,8,13
115000247,22,1,21
115000248,49,5,44
115000249,7,0,7
115000250,142,7,135
115000251,196,12,184
115000252,57,68,-11
115000253,0,220,-220
115000258,201,30,171
115000259,37,5,32
115000261,39,3,36
115000262,1,14,-13
115000263,1,21,-20
115000264,1,2,-1
115000267,13,9,4
115000268,16,31,-15
115000269,63,21,42
115000270,4,8,-4
115000272,34,31,3
115000273,250,5,245
115000280,253,267,-14
115000281,32,841,-809
115000282,251,730,-479
115000284,84,142,-58
115000296,231,7,224
115000297,10,284,-274
115000298,6,457,-451
115000300,77,96,-19
115000302,289,18,271
115000303,657,10,647
115000304,568,51,517
115000305,67,54,13
115000306,255,34,221
115000307,133,62,71
115000308,5,7,-2
115000310,1197,187,1010
115000311,891,387,504
115000313,52,57,-5
115000314,271,120,151
115000315,115,342,-227
115000316,29,80,-51
115000317,59,140,-81
115000318,607,143,464
115000319,93,67,26
115000320,2,257,-255
115000321,213,40,173
115000322,28,87,-59
115000449,43,97,-54
115000557,2,1431,-1429
115000558,89,38,51
115000587,491,104,387
115000588,855,1066,-211
115000589,2435,1068,1367
115000590,282,438,-156
115000591,769,308,461
115000592,343,492,-149
115000593,1013,187,826
115000594,235,889,-654
115000609,142,138,4
115000617,234,1643,-1409
115000624,227,4,223
115000633,156,693,-537
115000634,1473,305,1168
115000635,334,82,252
115000638,88,256,-168
115000641,7,111,-104
115000642,128,80,48
115000643,29,123,-94
115000644,67,102,-35
115000646,274,340,-66
115000647,76,183,-107
115000648,1693,190,1503
115000893,635,339,296
115000894,47,331,-284
115000895,132,292,-160
115000896,446,145,301
115000897,122,89,33
115000898,95,123,-28
115000899,88,526,-438
115000900,13,75,-62
115000901,30,133,-103
115000912,154,53,101
115000913,2,4,-2
115000915,5,0,5
115000916,3,1,2
115000917,0,28,-28
115000918,3,530,-527
115000919,0,73,-73
115000920,3,25,-22
115000921,54,27,27
115000922,182,333,-151
115000923,20,515,-495
115000925,66,42,24
115000927,32,76,-44
115000933,7,205,-198
115000934,36,102,-66
115000935,59,21,38
115000936,51,464,-413
115000937,127,97,30
115000938,2,28,-26
115000939,2,48,-46
115000940,7,26,-19
115000941,1,39,-38
115000942,0,45,-45
115000943,2,49,-47
115000944,0,5,-5
115900001,254,9,245
115900002,22,38,-16
115900003,122,10,112
115900004,0,7,-7
115900005,271,4,267
115900006,44,38,6
115900008,148,0,148
115900009,12,29,-17
115900010,347,20,327
115900011,142,34,108
115900012,159,17,142
115900013,277,21,256
115900014,61,26,35
115900015,166,6,160
115900016,28,14,14
115900017,20,30,-10
115900018,37,11,26
115900019,5,5,0
115900020,120,0,120
115900021,241,161,80
115900022,190,0,190
115900023,1,14,-13
115900025,5,19,-14
115900026,226,28,198
115900027,0,60,-60
115900028,66,8,58
115900029,0,38,-38
115900030,34,24,10
115900031,13,73,-60
115900032,64,107,-43
115900033,0,12,-12
115900034,12,48,-36
115900035,4,21,-17
115900036,13,748,-735
115900037,0,40,-40
115900038,25,5,20
115900039,53,28,25
115900041,55,443,-388
115900042,17,1,16
115900043,48,2,46
115900044,29,298,-269
115900046,392,25,367
115900047,82,108,-26
115900049,125,62,63
115900051,0,20,-20
115900052,2,63,-61
115900053,179,19,160
115900054,353,28,325
115900055,13,49,-36
115900056,31,8,23
115900057,15,19,-4
115900058,2,9,-7
115900060,8,7,1
115900061,189,0,189
115900062,17,9,8
115900063,4,0,4
115900064,63,72,-9
115900065,122,7,115
115900066,33,17,16
115900067,29,28,1
115900068,729,1144,-415
115900069,32,47,-15
115900070,117,5,112
115900071,0,38,-38
115900072,12,28,-16
115900073,214,78,136
115900074,0,85,-85
115900075,12,25,-13
115900076,0,15,-15
115900077,0,30,-30
115900078,24,24,0
115900079,223,0,223
115900080,67,4,63
115900081,18,14,4
115900082,49,7,42
115900084,538,3,535
115900085,6,10,-4
115900086,274,64,210
115900088,0,52,-52
115900089,290,77,213
115900090,543,0,543
115900091,0,7,-7
115900092,23,26,-3
115900093,1,2,-1
115900094,1,51,-50
115900096,2,5,-3
115900097,3,125,-122
115900098,218,67,151
115900099,14,23,-9
115900100,0,120,-120
115900101,76,32,44
115900102,60,15,45
115900103,165,34,131
115900104,121,20,101
115900105,219,78,141
115900106,98,2,96
115900107,87,10,77
115900108,132,0,132
115900109,5,166,-161
115900110,21,1,20
115900111,0,31,-31
115900112,24,128,-104
115900113,38,0,38
115900114,1,24,-23
115900115,58,39,19
115900116,21,88,-67
115900117,76,0,76
115900118,13,77,-64
115900119,107,28,79
115900120,17,38,-21
115900121,134,6,128
115900124,47,453,-406
115900125,241,23,218
115900126,596,8,588
115900127,497,3,494
115900128,1,98,-97
115900129,182,2,180
115900130,2,240,-238
115900131,309,9,300
115900132,305,1,304
115900134,225,8,217
115900135,246,242,4
115900137,21,2,19
115900139,7,30,-23
115900140,415,1,414
115900141,0,33,-33
115900142,3,18,-15
115900143,181,57,124
115900144,132,45,87
115900146,0,19,-19
115900147,56,190,-134
115900148,17,11,6
115900149,89,6,83
115900150,101,2,99
115900151,36,28,8
115900152,9,39,-30
115900153,101,27,74
115900154,46,111,-65
115900155,0,13,-13
115900156,217,186,31
115900157,157,148,9
115900158,6,3,3
115900159,175,40,135
115900160,0,3,-3
115900161,5,9,-4
115900163,163,9,154
115900164,486,8,478
115900166,64,11,53
115900168,337,37,300
115900171,27,45,-18
115900172,2,12,-10
115900173,43,16,27
115900174,60,54,6
115900175,79,21,58
115900178,32,114,-82
115900179,291,0,291
115900180,52,26,26
115900181,181,41,140
115900182,382,23,359
115900183,1,71,-70
115900184,105,2,103
115900187,2,195,-193
115900189,0,60,-60
115900190,22,199,-177
115900191,3,58,-55
115900192,4,64,-60
115900193,19,12,7
115900194,495,6,489
115900195,91,1323,-1232
115900198,94,84,10
115900199,121,4,117
115900200,93,24,69
115900201,89,213,-124
115900202,0,108,-108
115900203,1,2,-1
115900204,0,60,-60
115900205,10,2,8
115900206,348,12,336
115900207,33,3,30
115900208,100,17,83
115900209,9,46,-37
115900210,1,74,-73
115900211,16,14,2
115900212,133,27,106
115900213,62,154,-92
115900214,361,12,349
115900215,10,111,-101
115900216,0,28,-28
115900217,17,3,14
115900218,0,5,-5
115900219,151,0,151
115900220,273,13,260
115900221,217,2,215
115900222,90,5,85
115900223,0,237,-237
115900224,148,1288,-1140
115900225,16,33,-17
115900226,10,22,-12
115900227,7,8,-1
115900228,1,2,-1
115900229,0,4,-4
115900230,5,11,-6
115900231,66,0,66
115900232,49,0,49
115900233,68,0,68
115900234,18,16,2
115900235,3,12,-9
115900236,0,6,-6
115900237,13,15,-2
115900238,7,7,0
115900239,1,3,-2
115900240,1,12,-11
115900241,219,4,215
115900242,268,218,50
115900243,7,4,3
115900244,0,0,0
115900245,90,3,87
115900246,0,0,0
115900247,2,0,2
115900248,0,1,-1
115900249,0,0,0
115900250,1,1,0
115900251,3,0,3
115900252,1,0,1
115900253,41,0,41
115900254,2,19,-17
115900255,0,5,-5
115900256,2,145,-143
115900257,0,1,-1
115900258,0,0,0
115900259,11,0,11
115900260,4,0,4
115900261,0,0,0
115900262,6,0,6
115900263,0,0,0
115900264,0,0,0
115900265,0,0,0
115900266,17,7,10
115900267,0,0,0
115900268,1,11,-10
115900269,695,31,664
115900270,235,40,195
115900271,192,0,192
115900272,18,1,17
115900273,2,13,-11
115900274,0,0,0
115900275,0,0,0
115900276,0,1,-1
115900277,0,19,-19
115900278,74,17,57
115900279,10,126,-116
115900280,3,392,-389
115900281,64,199,-135
115900282,2,80,-78
115900283,69,2,67
115900284,1,0,1
116000001,2034,644,1390
116000002,2306,9266,-6960
116000003,423,459,-36
116000004,2185,3603,-1418
116000005,498,1314,-816
116000006,1221,1979,-758
116000007,772,843,-71
116000008,2393,1083,1310
116000009,388,1003,-615
116000010,1880,846,1034
116000011,305,413,-108
116000012,1449,569,880
116000013,2164,1336,828
116000014,5156,12305,-7149
116000015,16,390,-374
116000016,1391,3003,-1612
116000017,18,268,-250
116000018,57,71,-14
116000019,574,155,419
116000020,226,194,32
116000021,438,120,318
116000022,235,131,104
116000023,687,499,188
116000024,389,215,174
116000025,552,360,192
116000026,525,866,-341
116000027,195,287,-92
116000028,328,567,-239
116000029,125,164,-39
116000030,390,294,96
116000031,1,15,-14
116000032,141,14,127
116000033,540,100,440
116000034,534,406,128
116000035,195,55,140
116000036,62,407,-345
116000037,95,170,-75
116000038,46,183,-137
116000039,125,199,-74
116000040,233,339,-106
116000041,25,200,-175
116000042,377,235,142
116000043,18,142,-124
116000044,1,26,-25
116000045,705,633,72
116000046,317,537,-220
116000047,871,1184,-313
116000048,1563,497,1066
116000049,1079,968,111
116000050,672,458,214
116000051,1674,892,782
116000052,1394,1091,303
116000053,1657,270,1387
116000054,515,783,-268
116000055,536,333,203
116000056,1428,688,740
116000057,944,191,753
116000058,1144,1420,-276
116000059,928,3037,-2109
116000060,898,599,299
116000061,104,1009,-905
116000062,334,285,49
116000063,275,1039,-764
116000066,166,373,-207
116000067,114,195,-81
116000068,65,237,-172
116000069,127,118,9
116000078,269,473,-204
116000080,841,282,559
116000082,5,14,-9
116000083,1201,152,1049
116000084,382,826,-444
116000085,1062,1030,32
116000086,271,272,-1
116000087,2337,1133,1204
116000088,473,319,154
116000089,111,35,76
116000090,155,82,73
116000091,106,422,-316
116000093,396,85,311
116000094,531,152,379
116000095,572,127,445
116000096,728,1197,-469
116000097,434,199,235
116000098,128,5138,-5010
116000099,2287,430,1857
116000100,150,7,143
116000101,927,75,852
116000102,228,235,-7
116000103,283,150,133
116000104,188,292,-104
116000105,856,54,802
116000106,395,374,21
116000107,1546,145,1401
116000108,7,297,-290
116000111,133,5,128
116000113,48,7,41
116000114,0,13,-13
116000115,204,14,190
116000116,155,88,67
116000117,929,540,389
116000118,732,303,429
116000119,2609,695,1914
116000120,1423,800,623
116000121,917,181,736
116000122,491,245,246
116000123,1382,91,1291
116000124,387,171,216
116000125,1744,113,1631
116000126,121,185,-64
116000127,357,250,107
116000128,1848,166,1682
116000129,622,52,570
116000130,428,234,194
116000133,1206,123,1083
116000134,810,393,417
116000135,1957,451,1506
116000136,370,611,-241
116000137,773,221,552
116000138,372,146,226
116000139,1276,2195,-919
116000140,296,225,71
116000141,321,259,62
116000142,2643,1320,1323
116000143,1567,1212,355
116000144,1691,853,838
116000145,2209,517,1692
116000146,610,76,534
116000147,101,143,-42
116000148,481,412,69
116000149,287,228,59
116000151,580,243,337
116000153,85,232,-147
116000155,100,210,-110
116000156,308,236,72
116000157,49,0,49
116000158,265,49,216
116000159,3,2,1
116000160,48,28,20
116000161,0,37,-37
116000162,13,64,-51
116000163,20,9,11
116000164,2,2,0
116000177,77,168,-91
116000194,27,100,-73
116000195,1031,190,841
116000196,20,0,20
116000197,16,20,-4
116000198,806,468,338
116000200,202,440,-238
116000201,420,126,294
116000202,18,72,-54
116000203,3,11,-8
116000204,0,3,-3
116000205,0,6,-6
116000206,0,49,-49
116000207,6,41,-35
116000233,25,47,-22
116000287,194,49,145
116000288,223,136,87
116000292,60,11,49
116000296,10,47,-37
116000297,105,1,104
116000304,224,2,222
116000305,1,5,-4
116000346,163,28,135
116000352,100,18,82
116000354,20,7,13
116000357,1,2,-1
116000358,182,115,67
116000361,27,1,26
116000372,1526,3669,-2143
116000381,133,2,131
116000388,8,27,-19
116000389,436,48,388
116000445,725,59,666
116000446,586,50,536
116000447,4,231,-227
116000448,226,25,201
116000563,246,429,-183
116000565,135,108,27
116000568,30,153,-123
116000579,8,135,-127
116000584,19,1,18
116000585,31,34,-3
116000586,24,53,-29
116000587,261,131,130
116000589,28,22,6
116000590,100,4,96
116000591,224,52,172
116000592,30,24,6
116000593,0,5,-5
116000594,731,125,606
116000595,481,8,473
116000596,116,0,116
116000597,381,115,266
116000598,22,117,-95
116000605,76,31,45
116000606,22,112,-90
116000607,1,1,0
116000609,36,878,-842
116000611,144,87,57
116000612,1121,1755,-634
116000613,650,246,404
116000614,332,101,231
116000615,0,0,0
116000616,23,10,13
116000617,73,8,65
116000618,0,15,-15
116000619,9,85,-76
116000620,375,141,234
116000621,67,45,22
116000622,95,63,32
116000624,76,33,43
116000627,352,42,310
116000628,75,98,-23
116000629,8,107,-99
116000630,433,7,426
116000631,171,35,136
116000632,1384,38,1346
116000633,273,93,180
116000634,493,7,486
116000635,996,937,59
116000636,298,778,-480
116000637,727,3,724
116000638,124,162,-38
116000639,62,0,62
116000640,35,33,2
116000641,4,12,-8
116000643,0,13,-13
116000644,27,22,5
116000645,41,12,29
116900001,34,31,3
116900002,115,1,114
116900003,58,1,57
116900004,18,44,-26
116900005,219,6,213
116900006,94,115,-21
116900007,14,40,-26
116900008,531,52,479
116900009,8,8,0
116900010,0,149,-149
116900011,0,10,-10
116900012,64,57,7
116900013,21,33,-12
116900014,146,25,121
116900015,366,12,354
116900016,241,5,236
116900017,0,151,-151
116900019,0,43,-43
116900020,221,1201,-980
116900023,19,0,19
116900024,479,8,471
116900025,1056,248,808
116900026,32,202,-170
116900027,35,19,16
116900028,0,12,-12
116900029,4,110,-106
116900031,0,0,0
116900032,1,43,-42
116900033,67,10,57
116900034,10,6,4
116900035,84,26,58
116900036,0,45,-45
116900038,26,0,26
116900041,42,1,41
116900042,33,29,4
116900043,34,23,11
116900047,5,215,-210
116900049,6,41,-35
116900050,8,48,-40
116900051,214,3,211
116900052,59,22,37
116900055,0,7,-7
116900057,9,24,-15
116900058,2,51,-49
116900059,0,16,-16
116900060,76,79,-3
116900062,1,33,-32
116900064,9,19,-10
116900065,1,31,-30
116900067,79,0,79
116900068,75,80,-5
116900070,21,2,19
116900072,4,44,-40
116900073,3,33,-30
116900074,4,7,-3
116900076,13,18,-5
116900077,2,46,-44
116900078,44,21,23
116900079,24,47,-23
116900080,0,4,-4
116900081,71,162,-91
116900082,28,429,-401
116900083,13,2,11
116900084,11,10,1
116900085,2,26,-24
116900086,19,379,-360
116900088,47,1,46
116900090,12,4,8
116900091,274,4,270
116900092,20,110,-90
116900093,662,602,60
116900094,1412,3172,-1760
116900095,183,31,152
116900096,189,157,32
116900097,725,2064,-1339
116900098,146,54,92
116900099,59,658,-599
116900100,872,46,826
116900101,77,112,-35
116900103,1,0,1
116900104,9,1265,-1256
116900105,290,143,147
116900106,2258,21,2237
116900107,646,2518,-1872
116900110,0,0,0
116900111,489,84,405
116900112,227,152,75
116900113,204,881,-677
116900116,29,143,-114
116900117,138,24,114
116900118,300,650,-350
116900120,341,22,319
116900121,158,8,150
116900122,1024,123,901
116900123,180,123,57
116900124,39,92,-53
116900125,360,70,290
116900126,18,333,-315
116900128,0,5,-5
116900129,0,64,-64
116900130,160,2653,-2493
116900131,17,116,-99
116900132,54,50,4
116900133,108,45,63
116900134,138,123,15
116900136,88,15,73
116900137,54,59,-5
116900138,81,19,62
116900139,35,34,1
116900140,64,19,45
116900141,228,41,187
116900142,0,1,-1
116900143,200,17,183
116900144,18,9,9
116900145,20,20,0
116900147,67,229,-162
116900148,0,12,-12
116900149,45,123,-78
116900150,14,1,13
116900151,45,17,28
116900153,114,32,82
116900154,64,226,-162
116900155,32,12,20
116900157,838,32,806
116900158,173,193,-20
116900159,16,140,-124
116900160,420,277,143
116900161,1035,5320,-4285
116900163,252,6,246
116900164,100,49,51
116900165,442,123,319
116900166,28,15,13
116900167,399,7,392
116900168,374,9,365
116900169,46,230,-184
116900170,404,157,247
116900171,69,35,34
116900172,38,312,-274
116900173,463,6,457
116900174,28,89,-61
116900175,101,143,-42
116900178,22,44,-22
116900179,24,289,-265
116900180,60,0,60
116900182,289,72,217
116900183,211,28,183
116900185,21,17,4
116900186,54,38,16
116900187,35,41,-6
116900188,74,4,70
116900189,16,0,16
116900191,69,63,6
116900192,205,57,148
116900194,144,518,-374
116900195,47,0,47
116900196,107,72,35
116900197,99,2,97
116900198,13,384,-371
116900200,130,1,129
116900201,260,3,257
116900202,40,47,-7
116900203,126,0,126
116900204,61,158,-97
116900206,25,1,24
116900207,10,4,6
116900208,2,30,-28
116900209,25,27,-2
116900210,62,64,-2
116900211,170,0,170
116900212,56,0,56
116900213,58,7,51
116900214,203,26,177
116900215,26,5,21
116900216,49,39,10
116900218,0,74,-74
116900219,235,94,141
116900220,61,77,-16
116900221,131,176,-45
116900222,157,79,78
116900223,33,32,1
116900226,114,2,112
116900227,196,12,184
116900228,298,18,280
116900230,81,150,-69
116900231,30,218,-188
116900232,604,24,580
116900233,752,192,560
116900234,14,2,12
116900235,348,113,235
116900238,234,55,179
116900239,4,1104,-1100
116900240,3016,2727,289
116900241,62,11,51
116900242,407,564,-157
116900243,0,5,-5
116900245,26,30,-4
116900246,96,8,88
116900247,680,20,660
116900248,59,4,55
116900249,299,25,274
116900250,201,6,195
116900251,129,675,-546
116900252,141,240,-99
116900254,82,304,-222
116900255,45,81,-36
116900256,433,108,325
116900257,12,48,-36
116900258,0,6,-6
116900259,188,2,186
116900260,0,4,-4
116900261,49,0,49
116900262,144,64,80
116900263,0,0,0
116900264,70,52,18
116900265,65,0,65
116900266,7,0,7
116900267,0,0,0
116900268,0,88,-88
116900269,184,349,-165
116900271,171,284,-113
116900272,83,129,-46
116900273,1,45,-44
116900274,64,7,57
116900275,185,90,95
116900276,114,201,-87
116900277,67,12,55
116900278,0,2,-2
116900279,1,15,-14
116900280,10,2,8
116900281,1305,3666,-2361
116900282,0,10,-10
116900283,1,20,-19
116900284,11,60,-49
116900285,9,200,-191
116900286,34,0,34
116900287,14,5,9
116900288,141,22,119
116900289,16,0,16
116900290,5,0,5
116900291,25,31,-6
116900292,0,24,-24
116900293,59,4,55
116900294,3,20,-17
116900295,104,257,-153
116900296,60,26,34
116900297,0,37,-37
116900298,14,175,-161
116900299,5,817,-812
116900300,0,26,-26
116900301,38,41,-3
116900302,2,92,-90
116900303,48,36,12
116900304,0,81,-81
116900305,1,15,-14
116900306,168,198,-30
116900307,156,0,156
116900308,0,32,-32
116900309,225,12,213
116900310,27,20,7
117000001,1643,1394,249
117000002,1293,1617,-324
117000003,3418,1359,2059
117000004,1397,1886,-489
117000005,2506,708,1798
117000006,607,1000,-393
117000007,4019,720,3299
117000008,707,1064,-357
117000009,2552,806,1746
117000010,560,810,-250
117000011,2142,412,1730
117000012,1099,435,664
117000013,1733,451,1282
117000014,1007,1532,-525
117000015,1688,868,820
117000016,98,185,-87
117000017,54,162,-108
117000018,31,636,-605
117000019,16,81,-65
117000020,269,1638,-1369
117000021,792,584,208
117000022,121,249,-128
117000023,32,388,-356
117000024,49,196,-147
117000025,166,1633,-1467
117000026,748,1652,-904
117000027,379,977,-598
117000028,224,400,-176
117000030,134,146,-12
117000031,242,148,94
117000032,871,957,-86
117000033,793,360,433
117000034,120,185,-65
117000035,164,118,46
117000036,268,264,4
117000037,226,72,154
117000038,121,361,-240
117000039,97,156,-59
117000040,50,293,-243
117000041,1016,25,991
117000044,3,204,-201
117000045,477,113,364
117000046,203,549,-346
117000047,603,451,152
117000048,715,505,210
117000049,14,122,-108
117000050,151,531,-380
117000051,1959,31,1928
117000052,43,81,-38
117000053,784,4,780
117000054,1042,2,1040
117000055,3,470,-467
117000056,462,41,421
117000057,193,570,-377
117000060,311,529,-218
117000061,1855,702,1153
117000062,194,388,-194
117000063,1002,485,517
117000064,297,231,66
117000066,181,238,-57
117000067,60,289,-229
117000074,3,58,-55
117000076,1,10,-9
117000077,52,38,14
117000078,168,170,-2
117000079,106,93,13
117000080,0,284,-284
117000081,211,32,179
117000082,45,48,-3
117000083,161,281,-120
117000084,97,0,97
117000085,241,263,-22
117000086,202,120,82
117000087,78,223,-145
117000088,276,41,235
117000089,2041,92,1949
117000090,343,336,7
117000091,1052,54,998
117000092,325,345,-20
117000093,1697,78,1619
117000094,432,438,-6
117000095,2181,92,2089
117000096,364,601,-237
117000097,1451,296,1155
117000098,783,903,-120
117000099,3629,389,3240
117000100,175,119,56
117000101,63,223,-160
117000102,1567,174,1393
117000103,186,424,-238
117000104,1548,182,1366
117000105,241,440,-199
117000106,1641,134,1507
117000107,301,458,-157
117000108,1894,476,1418
117000109,445,675,-230
117000110,1187,1035,152
117000111,2608,2356,252
117000112,2201,781,1420
117000113,20,28,-8
117000114,288,51,237
117000115,57,12,45
117000116,185,41,144
117000117,915,702,213
117000118,263,399,-136
117000119,50,353,-303
117000120,3,327,-324
117000121,0,311,-311
117000122,399,621,-222
117000123,321,40,281
117000124,16,37,-21
117000125,15,396,-381
117000126,12,3,9
117000127,38,201,-163
117000128,52,156,-104
117000129,118,600,-482
117000130,135,1,134
117000131,0,29,-29
117000132,2451,7,2444
117000133,2553,6,2547
117000134,0,0,0
117000135,0,33,-33
117000136,0,8,-8
117000137,298,29,269
117000138,3,0,3
117000140,177,332,-155
117000141,1714,149,1565
117000181,139,63,76
117000182,632,762,-130
117000195,24,201,-177
117000196,397,115,282
117000225,1,35,-34
117000226,0,61,-61
117000276,376,7,369
117000277,1,97,-96
117000310,630,2073,-1443
117000315,69,246,-177
117000320,75,0,75
117000906,632,5,627
117000907,0,100,-100
117000909,72,62,10
117000910,213,69,144
117000911,45,31,14
117000915,4,126,-122
117000916,70,0,70
117000917,927,3,924
117000918,143,49,94
117000919,0,7,-7
117000920,0,262,-262
117000921,0,198,-198
117000922,16,7,9
117000924,798,535,263
117000926,229,100,129
117000927,113,249,-136
117000928,0,64,-64
117000929,355,112,243
117000930,318,5,313
117000931,74,62,12
117900002,18,424,-406
117900003,21,20,1
117900005,4,66,-62
117900006,0,34,-34
117900007,53,31,22
117900008,0,7,-7
117900010,302,97,205
117900011,2,157,-155
117900012,17,30,-13
117900013,0,67,-67
117900014,558,280,278
117900015,2,80,-78
117900016,179,477,-298
117900017,604,332,272
117900018,115,189,-74
117900019,533,111,422
117900020,26,56,-30
117900021,31,60,-29
117900023,709,32,677
117900024,44,49,-5
117900025,4,0,4
117900026,346,75,271
117900028,19,1,18
117900029,155,87,68
117900031,146,43,103
117900032,710,205,505
117900033,325,97,228
117900034,26,7,19
117900035,195,34,161
117900036,215,114,101
117900037,209,29,180
117900038,18,21,-3
117900039,0,14,-14
117900040,51,35,16
117900041,2,20,-18
117900042,984,153,831
117900043,0,8,-8
117900044,24,2652,-2628
117900045,101,32,69
117900048,255,40,215
117900049,289,473,-184
117900050,1,42,-41
117900051,18,2,16
117900052,25,558,-533
117900053,1412,84,1328
117900054,0,2,-2
117900055,177,63,114
117900056,12,25,-13
117900057,433,327,106
117900058,2,61,-59
117900059,56,75,-19
117900060,1634,665,969
117900061,1,164,-163
117900063,372,88,284
117900065,74,331,-257
117900066,1,96,-95
117900067,659,51,608
117900069,707,41,666
117900070,45,193,-148
117900071,145,77,68
117900073,517,34,483
117900074,18,61,-43
117900075,125,80,45
117900076,14,85,-71
117900077,414,27,387
117900078,430,200,230
117900080,80,65,15
117900081,106,67,39
117900082,446,145,301
117900083,513,231,282
117900086,105,51,54
117900087,157,4,153
117900088,278,280,-2
117900089,1712,319,1393
117900090,433,202,231
117900091,215,24,191
117900092,132,15,117
117900093,141,2,139
117900094,26,55,-29
117900095,316,325,-9
117900096,112,175,-63
117900097,129,6,123
117900098,85,7,78
117900099,198,1731,-1533
117900100,366,2,364
117900101,612,1837,-1225
117900102,90,7,83
117900103,68,0,68
117900104,2,957,-955
117900105,45,53,-8
117900106,72,15,57
117900107,38,0,38
117900109,788,531,257
117900110,151,0,151
117900111,706,35,671
117900112,25,0,25
117900113,456,1732,-1276
117900114,25,0,25
117900115,30,93,-63
117900116,317,191,126
117900117,621,139,482
117900118,75,0,75
117900119,217,6,211
117900120,492,179,313
117900121,54,11,43
117900122,137,3487,-3350
117900123,440,202,238
117900124,43,161,-118
117900125,908,372,536
117900126,41,175,-134
117900127,311,76,235
117900128,242,107,135
117900129,50,0,50
117900130,438,139,299
117900131,0,30,-30
117900132,1,7,-6
117900133,5,3,2
117900134,22,23,-1
117900135,10,37,-27
117900136,0,2,-2
117900137,4,40,-36
117900138,0,6,-6
117900139,22,27,-5
117900140,4234,422,3812
117900141,29,133,-104
117900142,37,260,-223
117900144,7,84,-77
117900145,0,66,-66
117900146,67,241,-174
117900147,39,28,11
117900148,1170,1629,-459
117900149,38,11,27
117900150,57,28,29
117900151,21,70,-49
117900152,35,44,-9
117900153,13,118,-105
117900154,286,205,81
117900156,262,136,126
117900157,98,121,-23
117900158,396,15,381
117900160,473,353,120
117900161,300,286,14
117900162,499,226,273
117900163,18,466,-448
117900165,2,3,-1
117900166,0,72,-72
117900168,61,36,25
117900169,3,4,-1
117900170,0,26,-26
117900171,2,1,1
117900172,23,2,21
117900173,6,2,4
117900174,0,6,-6
117900175,1,3,-2
117900176,2,22,-20
117900177,0,4,-4
117900178,10,11,-1
117900180,80,13,67
117900181,7,409,-402
117900182,0,52,-52
117900183,127,102,25
117900184,29,19,10
117900185,83,9,74
117900186,53,2,51
117900187,21,3,18
117900188,76,5,71
117900189,36,12,24
117900190,13,2,11
117900191,46,2,44
117900192,102,0,102
117900193,249,253,-4
117900194,2,0,2
117900195,7,20,-13
117900196,14,3,11
117900207,5,42,-37
117900208,3,8,-5
117900209,90,18,72
117900210,13,5,8
117900211,0,15,-15
117900212,87,66,21
117900213,18,0,18
117900214,0,13,-13
117900215,12,34,-22
117900216,22,6,16
117900217,56,38,18
117900218,57,90,-33
117900219,3,85,-82
117900220,8,53,-45
117900222,60,33,27
117900223,43,180,-137
118000001,276,751,-475
118000002,165,629,-464
118000003,950,1870,-920
118000004,906,939,-33
118000005,1409,1256,153
118000006,603,1440,-837
118000007,2290,4265,-1975
118000008,614,2447,-1833
118000009,837,1796,-959
118000010,1170,1808,-638
118000011,1137,348,789
118000012,408,411,-3
118000013,746,722,24
118000014,795,567,228
118000016,143,126,17
118000017,422,222,200
118000018,106,115,-9
118000019,647,1065,-418
118000020,215,928,-713
118000021,202,1353,-1151
118000022,449,264,185
118000023,164,116,48
118000024,322,337,-15
118000027,3361,3256,105
118000029,239,494,-255
118000032,76,665,-589
118000033,921,1803,-882
118000034,1072,1075,-3
118000035,871,981,-110
118000036,435,436,-1
118000037,346,482,-136
118000038,247,20,227
118000039,85,63,22
118000040,819,637,182
118000041,1162,660,502
118000045,50,100,-50
118000046,219,424,-205
118000047,140,727,-587
118000048,431,1048,-617
118000051,308,917,-609
118000052,74,470,-396
118000053,57,379,-322
118000054,1056,488,568
118000055,575,505,70
118000056,68,212,-144
118000057,61,211,-150
118000058,618,1792,-1174
118000059,382,1408,-1026
118000060,553,274,279
118000061,628,681,-53
118000062,256,89,167
118000063,133,684,-551
118000064,241,591,-350
118000065,877,521,356
118000066,571,1403,-832
118000067,177,222,-45
118000068,212,4359,-4147
118000069,395,530,-135
118000070,1608,1035,573
118000071,997,4454,-3457
118000072,280,1641,-1361
118000073,221,1197,-976
118000074,205,448,-243
118000075,265,374,-109
118000076,841,3126,-2285
118000077,527,629,-102
118000078,1020,1147,-127
118000079,66,150,-84
118000080,212,258,-46
118000081,638,623,15
118000082,119,627,-508
118000083,551,716,-165
118000084,438,754,-316
118000086,172,262,-90
118000087,1838,1255,583
118000088,523,503,20
118000089,1460,1636,-176
118000090,556,1461,-905
118000091,405,1874,-1469
118000092,244,222,22
118000093,61,364,-303
118000096,380,318,62
118000097,259,184,75
118000098,116,62,54
118000099,385,98,287
118000101,667,116,551
118000102,260,217,43
118000107,468,158,310
118000108,139,2274,-2135
118000110,1,4,-3
118000111,0,21,-21
118000112,1177,1,1176
118000113,0,58,-58
118000114,560,2,558
118000115,2,3,-1
118000116,27,12,15
118000117,269,450,-181
118000118,638,682,-44
118000119,628,699,-71
118000120,508,456,52
118000121,4,180,-176
118000122,136,63,73
118000123,79,73,6
118000125,463,700,-237
118000126,294,1084,-790
118000127,370,514,-144
118000128,199,1107,-908
118000129,416,284,132
118000130,721,1674,-953
118000131,162,391,-229
118000132,1817,1568,249
118000133,869,364,505
118000135,260,384,-124
118000136,57,159,-102
118000137,220,58,162
118000138,199,143,56
118000139,236,49,187
118000140,1505,4998,-3493
118000141,1864,1004,860
118000142,1431,696,735
118000143,1904,924,980
118000144,364,170,194
118000145,476,400,76
118000146,716,166,550
118000147,505,403,102
118000148,599,934,-335
118000149,371,193,178
118000150,601,150,451
118000151,606,131,475
118000153,1060,340,720
118000154,1094,586,508
118000155,1649,568,1081
118000156,1072,1356,-284
118000157,326,77,249
118000158,167,344,-177
118000159,57,73,-16
118000160,437,107,330
118000161,357,124,233
118000162,780,402,378
118000163,614,634,-20
118000164,1231,697,534
118000168,168,335,-167
118000169,363,383,-20
118000170,1012,1025,-13
118000171,187,128,59
118000172,56,98,-42
118000173,532,860,-328
118000175,99,98,1
118000176,162,175,-13
118000177,204,302,-98
118000178,4,25,-21
118000179,358,325,33
118000180,403,195,208
118000181,298,67,231
118000182,104,53,51
118000183,175,101,74
118000184,716,249,467
118000185,225,743,-518
118000186,146,513,-367
118000187,1174,132,1042
118000188,756,9,747
118000189,572,20,552
118000190,11,12,-1
118000191,1,0,1
118000192,8,46,-38
118000193,1,154,-153
118000194,677,451,226
118000195,58,732,-674
118000196,12,107,-95
118000197,42,213,-171
118000198,172,1046,-874
118000199,156,574,-418
118000200,5,115,-110
118000201,52,268,-216
118000202,10,74,-64
118000203,51,593,-542
118000204,25,258,-233
118000205,54,82,-28
118000206,137,92,45
118000207,0,19,-19
118000208,831,694,137
118000209,1339,349,990
118000210,150,8,142
118000211,79,31,48
118000213,128,830,-702
118000214,54,209,-155
118000215,354,21,333
118000216,2482,626,1856
118000217,6,26,-20
118000218,23,8,15
118000219,73,77,-4
118000220,9,6,3
118000221,237,319,-82
118000222,61,0,61
118000223,93,23,70
118000224,37,18,19
118000225,51,242,-191
118000226,804,35,769
118000227,221,245,-24
118000228,1,104,-103
118000229,13,85,-72
118000230,47,105,-58
118000231,11,139,-128
118000232,429,90,339
118000233,956,231,725
118000234,303,51,252
118000236,175,133,42
118000237,115,47,68
118000238,148,21,127
118000239,176,214,-38
118000240,43,49,-6
118000241,151,36,115
118000242,229,19,210
118000243,49,103,-54
118000244,11,11,0
118000246,0,3,-3
118000255,25,102,-77
118000256,58,77,-19
118000259,1,55,-54
118000260,124,11,113
118000261,45,7,38
118000263,51,84,-33
118000266,75,55,20
118000267,0,33,-33
118000268,56,1,55
118000270,59,5,54
118000271,245,79,166
118000272,14,5,9
118000273,153,5,148
118000274,22,39,-17
118000276,339,82,257
118000295,16,57,-41
118000298,14,31,-17
118000299,2,37,-35
118000301,0,52,-52
118000302,33,2,31
118000311,767,8,759
118000312,227,30,197
118000313,15,32,-17
118000314,122,6,116
118000315,16,7,9
118000316,720,94,626
118000325,61,0,61
118000326,26,12,14
118000331,41,2,39
118000332,7,2,5
118000333,54,3,51
118000335,402,0,402
118000336,0,51,-51
118000407,210,35,175
118000457,4,17,-13
118000465,329,994,-665
118000480,10,13,-3
118000489,6,236,-230
118000490,2,99,-97
118000492,544,39,505
118000510,8,2,6
118000514,29,128,-99
118000515,248,667,-419
118000517,52,78,-26
118000524,142,203,-61
118000525,89,255,-166
118000530,18,56,-38
118000531,316,87,229
118000532,46,163,-117
118000533,85,42,43
118000534,472,139,333
118000535,274,23,251
118000536,23,140,-117
118000537,24,20,4
118000538,16,20,-4
118000539,0,24,-24
118000540,96,19,77
118000541,39,21,18
118000542,55,74,-19
118000543,49,54,-5
118000546,60,8,52
118000553,0,0,0
118000560,210,793,-583
118000562,41,28,13
118000563,879,488,391
118000576,58,21,37
118000577,65,80,-15
118000578,91,25,66
118000579,287,812,-525
118000583,0,0,0
118000595,143,30,113
118000596,0,78,-78
118000597,118,57,61
118000598,2,0,2
118000599,215,13,202
118000600,1,2,-1
118000601,2,0,2
118000602,0,11,-11
118000603,0,4,-4
118000605,36,22,14
118000606,3,7,-4
118900001,168,294,-126
118900002,274,281,-7
118900003,277,1,276
118900004,49,5,44
118900005,16,2,14
118900006,55,0,55
118900007,0,0,0
118900008,577,9,568
118900009,48,93,-45
118900010,56,3,53
118900011,80,11,69
118900012,79,81,-2
118900013,146,174,-28
118900015,195,5,190
118900016,2,1,1
118900017,4,31,-27
118900018,442,29,413
118900019,2,1,1
118900020,0,27,-27
118900021,58,188,-130
118900022,71,13,58
118900023,11,38,-27
118900024,24,18,6
118900025,5,34,-29
118900026,18,7,11
118900027,144,52,92
118900028,102,46,56
118900029,109,45,64
118900030,585,24,561
118900031,19,7,12
118900032,72,21,51
118900033,184,163,21
118900034,115,37,78
118900035,41,11,30
118900036,935,124,811
118900037,103,211,-108
118900038,401,38,363
118900039,399,30,369
118900040,188,41,147
118900041,204,59,145
118900042,130,38,92
118900045,70,119,-49
118900046,230,274,-44
118900047,138,233,-95
118900048,2,175,-173
118900049,1,22,-21
118900050,44,1,43
118900051,55,44,11
118900052,58,126,-68
118900053,1,14,-13
118900054,92,14,78
118900055,91,12,79
118900056,4,23,-19
118900057,375,232,143
118900058,178,111,67
118900059,0,22,-22
118900060,95,33,62
118900062,41,38,3
118900064,56,248,-192
118900065,4,33,-29
118900066,40,43,-3
118900067,1153,2420,-1267
118900068,2,106,-104
118900069,458,30,428
118900071,1,2,-1
118900072,150,111,39
118900073,157,21,136
118900074,30,2,28
118900075,47,2,45
118900076,149,11,138
118900077,136,67,69
118900078,12,0,12
118900079,15,7,8
118900080,20,5,15
118900081,8,37,-29
118900082,773,51,722
118900083,8,1,7
118900084,3,0,3
118900085,251,132,119
118900086,46,20,26
118900087,71,359,-288
118900088,0,0,0
118900089,3,2,1
118900090,126,33,93
118900091,101,52,49
118900092,94,28,66
118900093,5,0,5
118900096,77,41,36
118900097,71,103,-32
118900099,18,17,1
118900100,10,16,-6
118900101,73,46,27
118900102,19,18,1
118900103,2,18,-16
118900104,57,26,31
118900105,25,12,13
118900107,16,32,-16
118900108,5,25,-20
118900110,255,483,-228
118900111,155,56,99
118900112,114,45,69
118900113,5,26,-21
118900114,0,11,-11
118900115,24,106,-82
118900116,90,36,54
118900117,66,38,28
118900118,173,44,129
118900119,123,74,49
118900120,30,84,-54
118900121,4,145,-141
118900122,0,376,-376
118900123,29,48,-19
118900124,27,22,5
118900126,6,120,-114
118900129,148,31,117
118900130,0,37,-37
118900131,137,27,110
118900132,203,82,121
118900133,3,20,-17
118900135,71,76,-5
118900136,221,70,151
118900137,3,15,-12
118900139,113,57,56
118900140,356,188,168
118900141,11,18,-7
118900144,62,106,-44
118900145,2,43,-41
118900146,103,83,20
118900147,23,81,-58
118900148,7,7,0
118900150,49,187,-138
118900152,222,157,65
118900157,14,55,-41
118900158,106,4,102
118900159,0,18,-18
118900161,10,6,4
118900163,14,20,-6
118900164,0,6,-6
118900165,18,50,-32
118900166,4,0,4
118900167,44,15,29
118900168,2,17,-15
118900169,58,52,6
118900170,156,4,152
118900171,24,2,22
118900174,2,4,-2
118900175,424,143,281
118900176,92,106,-14
118900177,84,12,72
118900178,24,11,13
118900179,1,1,0
118900181,39,4,35
118900182,14,5,9
118900183,18,15,3
118900184,63,15,48
118900185,157,20,137
118900186,59,27,32
118900187,97,115,-18
118900188,86,130,-44
118900189,11,416,-405
118900190,16,32,-16
118900191,298,4,294
118900192,268,4,264
118900193,709,3,706
118900195,88,105,-17
118900196,6,27,-21
118900197,203,2,201
118900198,17,2,15
118900199,76,2,74
118900200,31,9,22
118900201,6,4,2
118900202,0,23,-23
118900203,2,5,-3
118900204,4,15,-11
118900205,0,3,-3
118900206,0,3,-3
119000001,1073,688,385
119000002,1934,1301,633
119000003,2270,278,1992
119000004,1497,917,580
119000005,1231,1312,-81
119000006,2388,1013,1375
119000007,2220,1896,324
119000008,767,497,270
119000009,1579,3042,-1463
119000010,2060,2205,-145
119000011,1295,972,323
119000012,517,1350,-833
119000013,2059,1098,961
119000014,718,1076,-358
119000019,114,58,56
119000020,1320,1029,291
119000021,2869,1941,928
119000022,501,1395,-894
119000023,145,121,24
119000024,634,8996,-8362
119000025,1213,330,883
119000026,9,249,-240
119000027,33,199,-166
119000028,780,261,519
119000029,9,79,-70
119000030,364,422,-58
119000031,433,330,103
119000032,428,721,-293
119000033,997,578,419
119000034,540,254,286
119000035,5,61,-56
119000036,1425,339,1086
119000037,861,365,496
119000038,239,300,-61
119000039,499,157,342
119000040,533,501,32
119000041,259,716,-457
119000048,1203,713,490
119000049,1263,597,666
119000050,517,606,-89
119000051,987,384,603
119000052,722,904,-182
119000053,1089,546,543
119000054,1743,472,1271
119000055,3166,734,2432
119000056,2082,672,1410
119000057,949,330,619
119000058,464,342,122
119000059,450,302,148
119000060,885,195,690
119000061,351,219,132
119000062,472,254,218
119000063,295,241,54
119000064,174,287,-113
119000065,513,890,-377
119000066,1104,520,584
119000067,797,381,416
119000068,900,276,624
119000069,805,301,504
119000070,1716,308,1408
119000071,146,72,74
119000072,1159,865,294
119000073,1759,3824,-2065
119000074,892,532,360
119000075,2845,757,2088
119000076,106,171,-65
119000077,379,131,248
119000078,260,51,209
119000079,102,130,-28
119000080,220,10,210
119000081,127,76,51
119000082,360,84,276
119000083,333,108,225
119000084,159,89,70
119000085,247,46,201
119000086,202,132,70
119000087,241,80,161
119000088,209,109,100
119000090,61,47,14
119000091,80,124,-44
119000092,41,98,-57
119000093,1359,878,481
119000094,2444,1781,663
119000095,1245,1225,20
119000097,677,382,295
119000098,613,2316,-1703
119000099,747,362,385
119000100,2781,1298,1483
119000101,1430,828,602
119000102,83,805,-722
119000103,332,257,75
119000104,362,167,195
119000105,467,1283,-816
119000106,174,228,-54
119000107,812,345,467
119000108,259,303,-44
119000109,40,123,-83
119000110,40,51,-11
119000111,14,251,-237
119000112,45,10,35
119000113,138,47,91
119000114,260,547,-287
119000115,34,100,-66
119000116,39,90,-51
119000117,24,151,-127
119000118,7,0,7
119000123,437,1327,-890
119000124,741,125,616
119000125,2857,248,2609
119000126,1441,323,1118
119000127,533,90,443
119000128,35,1,34
119000131,669,66,603
119000132,1,3,-2
119000133,1,2,-1
119000134,472,245,227
119000135,138,98,40
119000136,183,10,173
119000137,199,40,159
119000138,568,46,522
119000139,40,18,22
119000140,34,37,-3
119000284,452,921,-469
119000285,620,392,228
119000286,1374,985,389
119000287,688,680,8
119000288,938,373,565
119000289,493,874,-381
119000290,63,121,-58
119000291,20,162,-142
119000293,148,234,-86
119000294,39,30,9
119000295,514,116,398
119000296,385,84,301
119000302,685,725,-40
119000303,47,49,-2
119000310,0,0,0
119000314,613,7177,-6564
119000315,0,21,-21
119000316,118,16,102
119000317,67,46,21
119000319,206,63,143
119900001,45,451,-406
119900002,68,39,29
119900003,0,75,-75
119900004,18,1088,-1070
119900005,152,23,129
119900006,40,141,-101
119900007,191,94,97
119900008,2,37,-35
119900009,146,66,80
119900010,219,182,37
119900011,19,165,-146
119900012,2,63,-61
119900013,701,497,204
119900014,253,28,225
119900015,126,8,118
119900016,24,13,11
119900017,29,9,20
119900018,372,821,-449
119900019,24,1,23
119900020,25,16,9
119900021,20,3,17
119900022,35,402,-367
119900023,143,1446,-1303
119900025,215,1,214
119900026,130,66,64
119900027,3,8,-5
119900028,101,120,-19
119900029,1,0,1
119900030,200,65,135
119900031,25,459,-434
119900033,183,111,72
119900034,406,7,399
119900037,161,2,159
119900038,4,134,-130
119900039,68,7,61
119900040,96,12,84
119900041,86,7,79
119900042,27,26,1
119900043,49,46,3
119900044,58,402,-344
119900046,93,12,81
119900047,125,114,11
119900048,275,4,271
119900049,118,0,118
119900050,14,89,-75
119900051,935,2,933
119900052,40,8,32
119900053,131,48,83
119900054,172,2,170
119900055,844,132,712
119900057,236,23,213
119900058,191,0,191
119900059,15,6,9
119900060,341,10,331
119900061,387,1,386
119900062,71,2,69
119900063,0,20,-20
119900065,224,0,224
119900067,46,7,39
119900068,465,2,463
119900069,80,2,78
119900070,449,0,449
119900071,590,13,577
119900073,323,45,278
119900074,5,65,-60
119900075,475,861,-386
119900076,509,68,441
119900077,961,97,864
119900078,429,153,276
119900079,355,20,335
119900080,258,142,116
119900081,815,16,799
119900082,1331,155,1176
119900083,154,55,99
119900084,78,14,64
119900085,12,4,8
119900086,251,104,147
119900087,103,34,69
119900088,16,3,13
119900089,8,42,-34
119900090,5,3,2
119900091,4,140,-136
119900092,0,88,-88
119900093,248,67,181
119900094,3,76,-73
119900095,48,56,-8
119900096,43,10,33
119900097,35,105,-70
119900098,22,5,17
119900099,2,22,-20
119900100,251,954,-703
119900101,37,270,-233
119900102,5,18,-13
119900103,25,34,-9
119900104,10,20,-10
119900105,156,537,-381
119900106,0,51,-51
119900107,24,557,-533
119900108,1102,323,779
119900109,11,102,-91
119900110,237,71,166
119900111,112,38,74
119900112,506,302,204
119900113,8,69,-61
119900114,150,117,33
119900115,355,95,260
119900116,22,136,-114
119900117,81,97,-16
119900118,62,99,-37
119900119,105,40,65
119900120,129,97,32
119900121,295,136,159
119900122,8,33,-25
119900123,31,68,-37
119900124,74,123,-49
119900125,10,47,-37
119900126,637,72,565
119900127,183,91,92
119900128,243,114,129
119900129,133,43,90
119900130,0,30,-30
119900131,11,24,-13
119900132,4,20,-16
119900133,28,4,24
119900134,181,33,148
119900135,0,35,-35
119900136,17,39,-22
119900138,25,59,-34
119900139,1,26,-25
119900140,0,16,-16
119900141,22,332,-310
119900142,1,10,-9
119900143,19,29,-10
119900144,406,48,358
119900145,10,37,-27
119900146,23,25,-2
119900147,0,87,-87
119900148,210,7,203
119900149,141,2603,-2462
119900150,48,17,31
119900151,399,314,85
119900152,74,36,38
119900153,142,3,139
119900154,6,66,-60
119900155,9,15,-6
119900156,1,0,1
119900157,147,65,82
119900158,118,17,101
119900159,6,123,-117
119900160,25,20,5
119900161,79,20,59
119900162,513,263,250
119900163,17,23,-6
119900164,0,0,0
119900165,108,21,87
119900166,59,10,49
119900167,1,6,-5
119900168,606,96,510
119900169,8,136,-128
119900170,40,60,-20
119900171,138,157,-19
119900172,4,6,-2
119900173,1,36,-35
119900174,0,7,-7
119900175,1062,76,986
119900177,5,26,-21
119900178,10,34,-24
119900179,71,733,-662
119900180,544,163,381
119900181,0,10,-10
119900182,0,24,-24
119900183,37,157,-120
119900184,202,55,147
119900185,24,170,-146
119900186,6,791,-785
119900187,26,74,-48
119900188,74,81,-7
119900189,31,44,-13
119900190,15,187,-172
119900191,35,66,-31
119900192,12,55,-43
119900193,403,48,355
119900194,9,7,2
119900195,2,50,-48
119900196,68,22,46
119900197,144,50,94
119900198,55,44,11
119900199,79,0,79
119900200,390,142,248
119900201,53,29,24
119900202,4,42,-38
119900203,35,220,-185
119900204,38,81,-43
119900205,618,51,567
119900206,207,43,164
119900208,63,12,51
119900209,282,587,-305
119900210,46,10,36
119900211,33,2,31
119900212,356,140,216
119900213,3,39,-36
119900214,59,1,58
119900215,17,8,9
119900216,12,8,4
119900217,2,12,-10
119900218,23,16,7
119900219,8,13,-5
119900220,1,19,-18
119900221,9,26,-17
119900222,8,31,-23
119900223,1,4,-3
119900224,0,3,-3
119900225,142,19,123
119900226,27,786,-759
119900227,81,82,-1
119900228,3,81,-78
119900229,16,77,-61
119900230,314,75,239
119900231,249,16,233
119900232,92,17,75
119900233,83,0,83
119900234,8,35,-27
119900235,1,12,-11
119900236,14,27,-13
119900237,34,98,-64
119900238,0,8,-8
119900240,36,23,13
119900241,89,31,58
119900242,471,336,135
119900244,121,280,-159
119900245,62,62,0
119900246,28,120,-92
119900247,5,7,-2
119900248,12,164,-152
119900249,193,11,182
119900253,328,224,104
119900254,48,546,-498
119900255,17,175,-158
119900256,494,113,381
119900257,142,6,136
119900258,127,10,117
119900259,7,14,-7
119900260,149,3,146
119900261,182,22,160
119900262,3,29,-26
119900263,547,54,493
119900264,111,24,87
119900265,322,22,300
119900266,237,13,224
119900267,65,79,-14
119900268,82,14,68
119900269,441,122,319
119900271,17,9,8
119900272,18,18,0
119900275,125,28,97
119900276,71,2,69
119900277,20,7,13
119900278,104,46,58
119900279,28,122,-94
119900280,106,9,97
119900281,0,54,-54
119900282,12,29,-17
119900283,5,14,-9
119900284,19,40,-21
119900285,0,56,-56
119900286,1,3,-2
119900288,0,0,0
119900289,0,0,0
119900290,0,0,0
119900291,0,0,0
119900292,6,51,-45
119900293,24,4,20
119900294,19,97,-78
119900295,17,41,-24
119900296,38,46,-8
119900297,1,4,-3
119900298,5,11,-6
119900299,9,36,-27
119900300,143,60,83
119900301,13,94,-81
119900302,0,16,-16
119900303,178,31,147
119900304,102,8,94
119900305,0,15,-15
119900306,0,0,0
119900307,17,3,14
119900308,0,12,-12
119900309,19,107,-88
119900310,72,36,36
119900311,140,6,134
119900312,68,9,59
119900313,17,61,-44
119900314,149,154,-5
119900315,1092,379,713
119900318,23,48,-25
119900319,0,57,-57
119900320,217,73,144
119900321,170,4,166
120000001,3657,14955,-11298
120000002,1325,897,428
120000003,986,407,579
120000004,1159,434,725
120000005,1131,402,729
120000006,595,337,258
120000007,1303,1855,-552
120000008,503,373,130
120000009,760,382,378
120000010,1030,954,76
120000011,536,379,157
120000012,876,665,211
120000013,2333,1469,864
120000014,486,651,-165
120000015,1510,779,731
120000016,2197,1401,796
120000017,2252,1796,456
120000018,1789,10258,-8469
120000019,673,508,165
120000020,1092,1521,-429
120000021,895,627,268
120000022,2024,2577,-553
120000023,855,809,46
120000024,771,891,-120
120000025,2044,611,1433
120000026,2489,1092,1397
120000027,1771,1396,375
120000028,433,580,-147
120000029,387,538,-151
120000030,130,352,-222
120000031,766,2050,-1284
120000032,1819,1006,813
120000033,1863,432,1431
120000034,2183,336,1847
120000035,1825,442,1383
120000036,1531,1809,-278
120000037,345,1050,-705
120000038,1124,898,226
120000039,196,432,-236
120000040,20,385,-365
120000041,260,430,-170
120000042,1072,534,538
120000043,2804,430,2374
120000044,4216,966,3250
120000045,5483,366,5117
120000046,3793,2579,1214
120000047,162,3456,-3294
120000048,3009,1431,1578
120000049,2500,1002,1498
120000050,1653,1330,323
120000051,1163,1680,-517
120000052,2776,642,2134
120000053,696,1196,-500
120000054,493,1494,-1001
120000055,682,1120,-438
120000056,1928,1129,799
120000057,1800,433,1367
120000058,743,578,165
120000059,13,1562,-1549
120000061,45,226,-181
120000062,87,130,-43
120000063,237,445,-208
120000064,203,366,-163
120000065,172,409,-237
120000066,128,82,46
120000067,16,130,-114
120000068,100,130,-30
120000069,377,136,241
120000070,127,183,-56
120000071,798,25,773
120000072,843,187,656
120000073,768,36,732
120000074,34,22,12
120000075,931,49,882
120000076,1869,139,1730
120000077,1766,203,1563
120000078,1328,295,1033
120000079,310,203,107
120000080,114,93,21
120000081,311,82,229
120000082,445,179,266
120000083,55,691,-636
120000084,139,91,48
120000085,85,62,23
120000086,110,116,-6
120000087,124,115,9
120000088,343,328,15
120000089,465,95,370
120000090,300,80,220
120000091,862,187,675
120000092,645,196,449
120000093,775,153,622
120000094,208,193,15
120000095,214,151,63
120000096,252,142,110
120000098,420,108,312
120000099,75,199,-124
120000100,296,234,62
120000101,460,92,368
120000102,357,725,-368
120000103,1009,376,633
120000104,1718,138,1580
120000105,1845,86,1759
120000106,2491,86,2405
120000107,4382,142,4240
120000108,1562,38,1524
120000109,998,34,964
120000110,9,329,-320
120000111,53,259,-206
120000112,142,787,-645
120000113,94,505,-411
120000114,134,452,-318
120000115,122,434,-312
120000116,113,431,-318
120000117,206,323,-117
120000118,107,43,64
120000119,2,15,-13
120000120,72,31,41
120000121,19,10,9
120000122,54,129,-75
120000123,1075,6565,-5490
120000124,249,460,-211
120000125,444,187,257
120000126,106,398,-292
120000127,375,254,121
120000128,802,1203,-401
120000129,132,121,11
120000130,345,215,130
120000131,286,213,73
120000134,59,71,-12
120000135,550,289,261
120000137,218,87,131
120000138,1013,70,943
120000139,152,114,38
120000140,907,67,840
120000141,182,152,30
120000142,629,128,501
120000143,0,19,-19
120000144,81,10,71
120000145,426,0,426
120000146,470,574,-104
120000149,178,176,2
120000150,630,6778,-6148
120000151,360,156,204
120000152,688,77,611
120000153,360,89,271
120000154,277,273,4
120000155,93,133,-40
120000156,184,1087,-903
120000157,532,185,347
120000158,477,148,329
120000159,1025,589,436
120000160,1116,1145,-29
120000161,2246,1376,870
120000162,109,210,-101
120000163,613,122,491
120000164,483,35,448
120000165,727,109,618
120000166,1540,137,1403
120000167,28,37,-9
120000168,1,128,-127
120000169,3,280,-277
120000170,11,276,-265
120000171,1,41,-40
120000172,3,124,-121
120000173,69,121,-52
120000174,14,27,-13
120000175,20,38,-18
120000176,33,32,1
120000177,185,71,114
120000178,21,19,2
120000179,28,23,5
120000180,36,11,25
120000181,2,220,-218
120000182,13,214,-201
120000183,10,77,-67
120000184,37,273,-236
120000186,11,253,-242
120000187,4,76,-72
120000188,10,45,-35
120000190,36,41,-5
120000191,78,25,53
120000192,35,3,32
120000193,41,1,40
120000195,8,1,7
120000196,14,4,10
120000197,7,14,-7
120000198,218,2,216
120000199,245,0,245
120000200,182,2,180
120000201,48,88,-40
120000202,0,18,-18
120000203,38,26,12
120000207,0,9,-9
120000208,3,37,-34
120000209,1,0,1
120000210,10,4,6
120000211,153,0,153
120000212,222,0,222
120000213,171,39,132
120000214,0,14,-14
120000215,1,7,-6
120000216,138,9,129
120000217,130,182,-52
120000218,10,133,-123
120000219,0,153,-153
120000220,1,378,-377
120000225,2376,3,2373
120000226,496,1,495
120000227,614,60,554
120000228,2775,2061,714
120000230,270,22,248
120000231,1064,219,845
120000233,420,4,416
120000235,77,122,-45
120000236,949,0,949
120000237,0,141,-141
120000238,0,84,-84
120000241,900,2077,-1177
120000412,237,15,222
120000413,341,73,268
120000414,187,0,187
120000415,0,31,-31
120000416,38,0,38
120000417,2,71,-69
120000418,335,5,330
120000419,2,33,-31
120000420,36,15,21
120000421,3328,2095,1233
120000422,65,1315,-1250
120000423,0,23,-23
120000424,36,1,35
120000436,68,940,-872
120000437,23,28,-5
120000438,955,103,852
120000439,155,367,-212
120000443,188,1,187
120000444,1421,125,1296
120000445,1274,647,627
120000446,384,112,272
120000447,374,1,373
120000449,120,3,117
120000450,0,21,-21
120000451,84,56,28
120000452,13,0,13
120000453,0,5,-5
120000454,50,30,20
120000455,44,16,28
120000456,499,1904,-1405
120000457,148,196,-48
120000458,139,134,5
120000459,157,42,115
120000665,81,104,-23
120000668,23,307,-284
120000669,87,73,14
120000670,15,305,-290
120000671,1021,436,585
120000672,28,174,-146
120900001,142,8,134
120900002,41,89,-48
120900003,30,5,25
120900004,8,54,-46
120900005,38,188,-150
120900006,451,39,412
120900007,8,28,-20
120900008,473,188,285
120900009,72,10,62
120900010,570,90,480
120900011,5,85,-80
120900012,8,753,-745
120900013,301,46,255
120900014,1,90,-89
120900015,871,30,841
120900016,1247,13,1234
120900017,451,25,426
120900018,137,122,15
120900019,218,188,30
120900020,221,298,-77
120900021,475,34,441
120900022,0,47,-47
120900023,535,33,502
120900024,521,152,369
120900025,461,279,182
120900026,16,52,-36
120900027,99,6,93
120900028,570,95,475
120900029,5,692,-687
120900030,1621,171,1450
120900031,419,57,362
120900032,1337,71,1266
120900033,860,34,826
120900034,14,1729,-1715
120900035,36,10,26
120900037,324,3,321
120900038,30,557,-527
120900039,205,23,182
120900040,380,2,378
120900041,3,20,-17
120900042,395,25,370
120900043,64,17,47
120900044,5,192,-187
120900045,57,20,37
120900046,678,4,674
120900047,143,225,-82
120900048,134,4,130
120900049,524,2,522
120900050,403,1894,-1491
120900051,311,56,255
120900052,1090,0,1090
120900053,293,34,259
120900054,273,60,213
120900055,541,1,540
120900056,586,14,572
120900057,170,17,153
120900058,771,1,770
120900059,74,2,72
120900060,57,1,56
120900061,119,8,111
120900062,287,0,287
120900063,717,6,711
120900064,687,0,687
120900065,898,1,897
120900066,449,42,407
120900067,110,37,73
120900068,387,2,385
120900069,382,11,371
120900071,9,0,9
120900072,960,5,955
120900073,814,9,805
120900074,860,16,844
120900076,427,0,427
120900077,456,126,330
120900078,759,67,692
120900079,987,48,939
120900080,1025,206,819
120900081,1571,207,1364
120900082,195,168,27
120900083,172,0,172
120900084,351,336,15
120900085,21,14,7
120900086,29,441,-412
120900087,398,95,303
120900088,82,521,-439
120900089,560,2740,-2180
120900090,256,22,234
120900091,132,492,-360
120900092,25,87,-62
120900093,622,51,571
120900094,59,30,29
120900095,102,0,102
120900096,26,67,-41
120900097,190,284,-94
120900098,37,31,6
120900099,11,6,5
120900100,3,21,-18
120900101,13,71,-58
120900102,33,24,9
120900103,18,39,-21
120900104,4,3,1
120900105,1,102,-101
120900106,154,49,105
120900107,77,28,49
120900108,2,118,-116
120900109,6,78,-72
120900110,1,46,-45
120900111,42,42,0
120900112,0,110,-110
120900113,14,94,-80
120900114,23,56,-33
120900115,61,114,-53
120900116,488,81,407
120900117,0,85,-85
120900118,12,88,-76
120900119,2058,1108,950
120900120,12,122,-110
120900121,14,137,-123
120900122,731,70,661
120900123,1,98,-97
120900124,0,79,-79
120900125,0,120,-120
120900126,113,137,-24
120900127,2,110,-108
120900128,85,300,-215
120900129,4,89,-85
120900130,18,58,-40
120900131,27,41,-14
120900132,841,52,789
120900133,29,117,-88
120900134,27,112,-85
120900135,0,163,-163
120900136,5,33,-28
120900137,280,5,275
120900138,1,128,-127
120900139,0,135,-135
120900140,1,69,-68
120900141,103,29,74
120900142,0,108,-108
120900143,0,128,-128
120900144,0,56,-56
120900145,39,215,-176
120900146,0,130,-130
120900147,0,1,-1
120900148,48,16,32
120900149,0,76,-76
120900150,42,71,-29
120900151,0,36,-36
120900152,0,1,-1
120900153,9,0,9
120900154,0,35,-35
120900155,123,88,35
120900156,99,59,40
120900157,0,0,0
120900158,16,97,-81
120900159,1,8,-7
120900160,4,118,-114
120900161,1,150,-149
120900162,7,162,-155
120900163,9,175,-166
120900164,0,31,-31
120900165,0,100,-100
120900166,10,209,-199
120900167,48,11,37
120900169,23,22,1
120900170,133,3262,-3129
120900171,151,48,103
120900172,52,289,-237
120900173,0,8,-8
120900174,1,17,-16
120900175,71,14,57
120900176,2,193,-191
120900177,1,938,-937
120900178,0,221,-221
120900179,26,42,-16
120900180,20,69,-49
120900181,5,8,-3
120900182,10,57,-47
120900183,278,68,210
120900184,15,16,-1
120900185,89,429,-340
120900186,0,59,-59
120900187,256,149,107
120900188,249,26,223
120900189,6,1956,-1950
120900190,101,4,97
120900191,43,0,43
120900192,2689,8560,-5871
120900194,84,20,64
120900195,33,46,-13
120900196,55,12,43
120900197,608,13,595
120900198,33,255,-222
120900199,125,197,-72
120900200,10,27,-17
120900201,123,26,97
120900202,0,22,-22
120900203,28,13,15
120900204,21,51,-30
120900205,29,11,18
120900206,40,5,35
120900207,4,161,-157
121000001,372,459,-87
121000002,593,1005,-412
121000003,2087,1138,949
121000004,579,1680,-1101
121000005,1657,2111,-454
121000006,990,1313,-323
121000007,1121,1945,-824
121000008,1473,1715,-242
121000009,2561,3069,-508
121000010,1905,1824,81
121000011,1990,2732,-742
121000012,3518,1719,1799
121000013,2684,2303,381
121000014,2004,1302,702
121000015,2162,3232,-1070
121000016,1384,853,531
121000017,943,1273,-330
121000018,1146,558,588
121000019,2398,3570,-1172
121000020,4161,6584,-2423
121000021,630,698,-68
121000022,907,1796,-889
121000023,896,391,505
121000024,1949,2523,-574
121000025,136,399,-263
121000026,81,86,-5
121000027,656,591,65
121000028,246,380,-134
121000029,220,294,-74
121000030,95,211,-116
121000031,152,236,-84
121000032,54,104,-50
121000034,47,123,-76
121000035,28,126,-98
121000036,511,407,104
121000037,200,799,-599
121000038,178,272,-94
121000039,23,131,-108
121000041,108,327,-219
121000042,74,256,-182
121000043,206,483,-277
121000044,423,300,123
121000045,222,244,-22
121000046,283,313,-30
121000047,66,1339,-1273
121000049,434,450,-16
121000050,87,947,-860
121000051,257,89,168
121000052,160,863,-703
121000053,78,122,-44
121000054,24,156,-132
121000055,300,663,-363
121000056,419,812,-393
121000057,46,129,-83
121000058,110,33,77
121000059,2199,536,1663
121000060,516,607,-91
121000061,10,400,-390
121000062,29,159,-130
121000063,520,642,-122
121000064,475,329,146
121000065,110,257,-147
121000066,133,264,-131
121000067,280,213,67
121000068,168,389,-221
121000069,61,790,-729
121000070,313,410,-97
121000071,668,699,-31
121000072,230,140,90
121000073,377,415,-38
121000074,30,109,-79
121000075,0,10,-10
121000076,180,72,108
121000077,45,78,-33
121000078,14,154,-140
121000080,395,228,167
121000081,711,1673,-962
121000082,82,80,2
121000083,52,52,0
121000084,43,162,-119
121000085,145,102,43
121000086,258,269,-11
121000087,13,106,-93
121000088,170,130,40
121000089,81,146,-65
121000090,88,211,-123
121000091,430,348,82
121000092,98,19,79
121000093,147,49,98
121000094,138,252,-114
121000095,90,391,-301
121000096,2096,420,1676
121000097,307,789,-482
121000098,172,277,-105
121000099,311,218,93
121000100,646,97,549
121000101,138,38,100
121000102,161,28,133
121000103,67,58,9
121000104,183,14,169
121000105,114,24,90
121000106,37,88,-51
121000107,806,1061,-255
121000109,375,629,-254
121000110,71,329,-258
121000114,1325,978,347
121000115,317,203,114
121000116,126,143,-17
121000117,169,64,105
121000118,652,45,607
121000119,402,221,181
121000120,154,360,-206
121000121,289,2192,-1903
121000123,182,131,51
121000127,58,93,-35
121000128,675,91,584
121000129,611,111,500
121000130,208,1086,-878
121000131,440,459,-19
121000132,136,602,-466
121000135,58,146,-88
121000136,290,927,-637
121000137,137,213,-76
121000138,185,2394,-2209
121000139,30,395,-365
121000141,143,45,98
121000142,161,362,-201
121000143,3,6,-3
121000144,156,545,-389
121000145,239,253,-14
121000146,374,598,-224
121000147,530,210,320
121000148,291,237,54
121000149,867,985,-118
121000152,128,129,-1
121000153,754,184,570
121000154,600,253,347
121000155,1395,354,1041
121000156,143,390,-247
121000157,343,363,-20
121000158,139,146,-7
121000159,177,155,22
121000160,207,112,95
121000161,145,170,-25
121000162,100,24,76
121000165,430,1256,-826
121000166,25,296,-271
121000168,147,370,-223
121000169,28,162,-134
121000170,97,15,82
121000171,47,116,-69
121000172,446,298,148
121000173,678,647,31
121000174,395,363,32
121000175,748,232,516
121000176,136,197,-61
121000177,351,354,-3
121000178,94,40,54
121000179,71,28,43
121000181,72,191,-119
121000182,141,424,-283
121000183,20,238,-218
121000184,17,228,-211
121000185,19,383,-364
121000186,120,426,-306
121000187,157,47,110
121000188,72,14,58
121000192,255,263,-8
121000193,298,99,199
121000194,632,916,-284
121000195,177,451,-274
121000196,297,149,148
121000197,28,162,-134
121000198,44,109,-65
121000199,89,116,-27
121000200,343,66,277
121000201,2,152,-150
121000202,303,35,268
121000203,239,425,-186
121000204,1749,242,1507
121000205,151,183,-32
121000206,16,89,-73
121000207,1202,705,497
121000208,2,169,-167
121000209,642,69,573
121000210,393,225,168
121000211,164,16,148
121000212,230,265,-35
121000213,5427,1441,3986
121000214,383,759,-376
121000215,432,472,-40
121000216,206,320,-114
121000217,1497,2278,-781
121000218,223,738,-515
121000219,578,247,331
121000220,208,60,148
121000221,156,293,-137
121000222,2423,1995,428
121000223,138,404,-266
121000224,72,187,-115
121000225,209,3321,-3112
121000226,582,1398,-816
121000227,4,45,-41
121000228,13,182,-169
121000229,143,221,-78
121000230,43,663,-620
121000231,977,40,937
121000232,178,78,100
121000233,355,159,196
121000234,2,33,-31
121000235,23,93,-70
121000236,2,29,-27
121000237,1,23,-22
121000238,0,43,-43
121000239,46,0,46
121000240,4,50,-46
121000241,27,0,27
121000242,3,138,-135
121000243,103,7,96
121000244,0,26,-26
121000245,6,3,3
121000246,0,56,-56
121000247,66,0,66
121000248,117,250,-133
121000249,31,131,-100
121000250,386,424,-38
121000251,0,232,-232
121000252,63,41,22
121000253,183,235,-52
121000254,668,222,446
121000255,42,390,-348
121000256,150,243,-93
121000257,2,207,-205
121000258,14,166,-152
121000259,5,121,-116
121000260,3,60,-57
121000261,15,197,-182
121000262,387,219,168
121000263,186,269,-83
121000271,331,649,-318
121000273,24,7,17
121000274,10,92,-82
121000275,0,1,-1
121000276,1,85,-84
121000278,53,7,46
121000279,9,36,-27
121000280,4,46,-42
121000289,89,4,85
121000290,347,605,-258
121000294,86,20,66
121000297,133,512,-379
121000299,189,816,-627
121000300,567,225,342
121000302,9,591,-582
121000303,306,94,212
121000304,320,7,313
121000305,153,40,113
121000306,130,46,84
121000308,71,67,4
121000309,58,116,-58
121000310,29,38,-9
121000311,35,76,-41
121000312,215,129,86
121000313,75,66,9
121000314,5,6,-1
121000315,3,42,-39
121000530,1006,1058,-52
121000531,1010,906,104
121000532,2743,3125,-382
121000533,1772,1243,529
121000918,1,89,-88
121000919,42,60,-18
121000938,28,58,-30
121000939,32,127,-95
121000956,936,710,226
121000957,16,22,-6
121000958,3,78,-75
121000959,735,254,481
121000960,943,418,525
121000961,174,4,170
121000962,183,136,47
121000963,0,0,0
121000973,0,127,-127
121000976,0,10,-10
121000979,88,142,-54
121000981,246,20,226
121000982,448,272,176
121000983,335,46,289
121000984,3,22,-19
121000985,556,342,214
121000986,454,51,403
121000987,92,274,-182
121000988,693,39,654
121001302,32,38,-6
121001308,1,5,-4
121001309,10,266,-256
121001313,118,97,21
121001314,625,887,-262
121001315,2559,1979,580
121001326,229,186,43
121900001,56,219,-163
121900002,10,0,10
121900003,64,1,63
121900004,28,187,-159
121900005,3,0,3
121900006,48,5,43
121900007,1519,570,949
121900008,44,35,9
121900009,491,82,409
121900010,20,2,18
121900011,104,37,67
121900012,16,0,16
121900013,30,21,9
121900014,623,98,525
121900015,110,43,67
121900016,6,3,3
121900017,131,292,-161
121900018,117,0,117
121900019,162,41,121
121900020,6,3,3
121900021,540,7,533
121900022,63,54,9
121900023,26,243,-217
121900024,72,50,22
121900025,228,74,154
121900026,152,12,140
121900027,129,45,84
121900028,71,1,70
121900029,13,301,-288
121900030,173,131,42
121900031,273,2639,-2366
121900032,32,5,27
121900033,60,66,-6
121900034,139,59,80
121900035,1282,597,685
121900036,23,453,-430
121900037,55,501,-446
121900038,11,13,-2
121900039,135,3,132
121900040,16,7,9
121900041,34,231,-197
121900042,188,74,114
121900043,0,0,0
121900044,11,28,-17
121900046,30,63,-33
121900047,12,54,-42
121900048,10,1,9
121900050,22,1,21
121900051,85,226,-141
121900052,19,36,-17
121900053,239,103,136
121900054,114,271,-157
121900055,0,31,-31
121900058,94,25,69
121900059,48,32,16
121900060,39,133,-94
121900062,47,39,8
121900063,796,148,648
121900064,223,224,-1
121900066,23,13,10
121900067,19,1,18
121900069,88,42,46
121900070,39,118,-79
121900071,352,71,281
121900072,22,7,15
121900073,19,129,-110
121900074,178,227,-49
121900075,121,289,-168
121900076,256,256,0
121900078,13,45,-32
121900079,0,0,0
121900080,203,100,103
121900082,17,20,-3
121900084,11,8,3
121900086,10,17,-7
121900087,8,25,-17
121900088,285,449,-164
121900089,92,79,13
121900090,3,6,-3
121900091,6,11,-5
121900092,51,40,11
121900093,24,22,2
121900094,3,4,-1
121900095,138,88,50
121900096,343,236,107
121900097,170,79,91
121900098,0,0,0
121900099,95,32,63
121900100,1,52,-51
121900101,61,22,39
121900102,1,15,-14
121900103,130,165,-35
121900104,833,92,741
121900105,62,54,8
121900106,0,2,-2
121900107,44,20,24
121900108,0,2,-2
121900109,105,28,77
121900110,272,74,198
121900111,63,71,-8
121900112,43,26,17
121900113,25,78,-53
121900114,24,3,21
121900117,2,10,-8
121900118,396,50,346
121900119,89,13,76
121900120,11,133,-122
121900121,20,0,20
121900122,4,18,-14
121900123,105,103,2
121900124,18,36,-18
121900125,590,168,422
121900127,8,171,-163
121900128,9,5,4
121900129,68,30,38
121900130,20,484,-464
121900131,59,2,57
121900132,7,6,1
121900133,3,247,-244
121900134,0,70,-70
121900135,4318,373,3945
121900136,53,41,12
121900137,0,73,-73
121900138,19,53,-34
121900139,197,1586,-1389
121900140,3,3,0
121900141,21,12,9
121900142,20,8,12
121900143,1,34,-33
121900144,39,131,-92
121900145,30,42,-12
121900146,52,48,4
121900147,5,69,-64
121900148,30,34,-4
121900149,22,41,-19
121900150,9,27,-18
121900151,11,66,-55
121900152,6,7,-1
121900153,1,45,-44
121900154,1,64,-63
121900155,0,34,-34
121900156,24,7,17
121900157,0,17,-17
121900158,7,9,-2
121900159,0,16,-16
121900160,7,37,-30
121900161,41,126,-85
121900162,37,4,33
121900163,177,80,97
121900164,47,70,-23
121900165,46,27,19
121900166,133,29,104
121900167,66,3,63
121900168,39,4,35
121900169,0,0,0
121900170,10,16,-6
121900171,298,197,101
121900172,193,47,146
121900173,124,62,62
121900174,23,6,17
121900175,18,98,-80
121900176,131,428,-297
121900177,31,14,17
121900178,10,14,-4
121900179,72,74,-2
121900180,502,3267,-2765
121900182,241,185,56
121900183,77,1274,-1197
121900184,16,861,-845
121900186,30,282,-252
121900187,0,44,-44
121900188,771,68,703
121900189,1,24,-23
121900190,40,281,-241
121900191,2,189,-187
121900192,49,727,-678
121900193,1,65,-64
121900194,0,82,-82
121900195,1,18,-17
121900196,65,542,-477
121900197,112,270,-158
121900198,3208,391,2817
121900199,0,19,-19
121900200,1,41,-40
121900201,138,202,-64
121900202,6,226,-220
121900203,10,152,-142
121900204,242,348,-106
121900205,3,39,-36
121900206,4,45,-41
121900207,26,7,19
121900208,46,138,-92
121900209,4,8,-4
121900210,525,273,252
121900211,216,119,97
121900212,7,32,-25
121900213,89,33,56
121900214,0,193,-193
121900215,12,90,-78
121900216,0,147,-147
121900217,31,55,-24
121900218,71,130,-59
121900220,37,3,34
121900221,111,85,26
121900222,80,19,61
121900223,17,59,-42
121900224,26,20,6
121900225,15,102,-87
121900226,33,6,27
121900227,70,221,-151
121900228,29,47,-18
121900230,25,82,-57
121900231,26,111,-85
121900232,51,114,-63
121900233,43,49,-6
121900234,44,72,-28
121900235,218,32,186
121900236,107,26,81
121900237,33,92,-59
121900238,19,79,-60
121900239,49,10,39
121900240,47,22,25
121900241,2,9,-7
121900242,0,0,0
121900243,0,0,0
121900244,0,0,0
121900245,40,12,28
121900246,1515,113,1402
121900248,264,202,62
121900250,33,178,-145
121900251,184,35,149
121900252,62,54,8
121900253,25,440,-415
121900254,51,99,-48
121900255,173,20,153
121900258,2186,709,1477
121900259,28,165,-137
121900260,25,3,22
121900261,36,187,-151
121900262,81,153,-72
121900263,33,32,1
121900264,167,142,25
121900265,103,18,85
121900266,181,38,143
121900267,15,6,9
121900269,69,215,-146
121900270,22,70,-48
121900271,6,436,-430
121900273,162,927,-765
121900274,215,94,121
121900277,85,221,-136
121900278,20,314,-294
121900279,54,71,-17
121900280,10,192,-182
121900281,52,74,-22
121900284,4,2,2
121900286,86,7,79
121900287,1,3,-2
121900288,0,0,0
121900290,13,169,-156
121900291,171,272,-101
121900292,37,66,-29
121900293,317,1247,-930
121900294,59,0,59
121900295,30,11,19
121900296,78,75,3
121900298,26,341,-315
121900299,3,95,-92
121900300,17,16,1
121900301,34,0,34
121900302,1,85,-84
121900303,32,79,-47
121900304,0,1,-1
121900305,0,0,0
121900306,220,0,220
121900307,160,4,156
121900308,18,59,-41
121900309,1,41,-40
121900310,5,99,-94
121900311,215,0,215
121900312,193,8,185
121900313,162,2,160
121900314,0,0,0
121900315,13,0,13
121900316,0,4,-4
121900317,8,24,-16
121900318,0,10,-10
121900319,36,80,-44
121900320,53,37,16
121900321,16,0,16
121900322,0,3,-3
121900323,17,34,-17
121900324,0,11,-11
121900325,1,0,1
121900326,11,21,-10
121900327,3,12,-9
121900328,0,0,0
121900329,0,11,-11
121900330,1,43,-42
121900331,10,1,9
121900332,27,8,19
121900333,14,1,13
121900334,11,16,-5
122000001,472,892,-420
122000002,913,188,725
122000003,312,619,-307
122000004,290,333,-43
122000005,1624,1407,217
122000006,217,447,-230
122000007,188,452,-264
122000008,301,813,-512
122000009,61,72,-11
122000010,761,845,-84
122000011,839,468,371
122000012,225,479,-254
122000013,163,679,-516
122000014,1631,575,1056
122000015,416,309,107
122000016,156,303,-147
122000017,302,678,-376
122000018,515,775,-260
122000019,227,771,-544
122000020,55,117,-62
122000021,50,106,-56
122000022,270,450,-180
122000023,154,462,-308
122000024,154,580,-426
122000025,247,618,-371
122000026,214,328,-114
122000027,192,289,-97
122000028,371,288,83
122000029,101,204,-103
122000031,53,398,-345
122000032,716,676,40
122000033,86,419,-333
122000034,72,335,-263
122000035,29,190,-161
122000036,124,146,-22
122000037,147,87,60
122000038,126,120,6
122000039,108,117,-9
122000040,214,101,113
122000041,263,580,-317
122000042,232,383,-151
122000043,21,63,-42
122000044,14,42,-28
122000045,366,298,68
122000046,179,279,-100
122000047,45,34,11
122000048,868,1576,-708
122000049,2089,1118,971
122000050,203,365,-162
122000051,38,427,-389
122000052,170,348,-178
122000053,129,1049,-920
122000054,916,788,128
122000055,1131,1857,-726
122000056,1116,1133,-17
122000057,818,1492,-674
122000058,255,757,-502
122000059,256,1028,-772
122000060,172,255,-83
122000061,100,149,-49
122000062,363,119,244
122000063,128,540,-412
122000064,1255,2470,-1215
122000065,1073,1069,4
122000066,74,268,-194
122000067,572,1110,-538
122000068,605,734,-129
122000069,436,349,87
122000070,258,505,-247
122000071,1375,429,946
122000072,96,149,-53
122000073,152,329,-177
122000074,762,536,226
122000075,315,312,3
122000076,1156,395,761
122000077,238,832,-594
122000078,227,811,-584
122000079,163,803,-640
122000080,180,197,-17
122000081,28,196,-168
122000082,125,502,-377
122000083,1193,516,677
122000084,1124,338,786
122000085,66,283,-217
122000086,824,2722,-1898
122000087,130,134,-4
122000088,58,152,-94
122000089,1603,1266,337
122000090,58,476,-418
122000091,63,211,-148
122000092,54,29,25
122000093,614,1524,-910
122000094,2521,1200,1321
122000095,332,1506,-1174
122000096,254,725,-471
122000098,1278,2241,-963
122000099,187,848,-661
122000100,347,190,157
122000101,105,176,-71
122000102,639,351,288
122000103,375,667,-292
122000104,327,166,161
122000105,124,167,-43
122000106,129,546,-417
122000107,588,184,404
122000108,168,252,-84
122000109,63,116,-53
122000110,102,294,-192
122000111,744,499,245
122000112,512,692,-180
122000113,214,160,54
122000114,324,1392,-1068
122000115,687,1091,-404
122000116,57,172,-115
122000117,185,146,39
122000118,255,62,193
122000119,432,384,48
122000120,184,314,-130
122000121,327,478,-151
122000122,109,321,-212
122000123,333,570,-237
122000124,206,171,35
122000125,45,169,-124
122000126,68,188,-120
122000127,109,98,11
122000128,149,121,28
122000129,136,668,-532
122000130,775,255,520
122000131,298,133,165
122000132,111,71,40
122000133,276,236,40
122000134,366,465,-99
122000135,216,150,66
122000136,198,209,-11
122000137,579,249,330
122000139,285,796,-511
122000140,95,283,-188
122000141,1875,486,1389
122000142,45,853,-808
122000143,158,211,-53
122000144,610,158,452
122000145,339,236,103
122000146,127,1013,-886
122000147,112,225,-113
122000148,184,381,-197
122000149,518,183,335
122000150,663,273,390
122000151,7,78,-71
122000152,98,72,26
122000153,120,44,76
122000154,42,99,-57
122000155,397,588,-191
122000156,1691,1356,335
122000157,310,1831,-1521
122000158,91,186,-95
122000159,409,385,24
122000160,756,255,501
122000161,447,251,196
122000162,203,423,-220
122000163,121,31,90
122000164,9,59,-50
122000165,212,706,-494
122000166,227,937,-710
122000167,79,161,-82
122000168,67,942,-875
122000169,183,62,121
122000170,89,113,-24
122000171,6,17,-11
122000172,807,529,278
122000173,694,803,-109
122000174,334,1290,-956
122000175,221,93,128
122000176,108,1609,-1501
122000177,360,812,-452
122000178,1512,1078,434
122000179,1038,1406,-368
122000180,260,469,-209
122000181,222,745,-523
122000182,311,337,-26
122000183,500,276,224
122000184,1133,897,236
122000185,287,780,-493
122000186,143,308,-165
122000187,810,303,507
122000188,71,60,11
122000189,48,67,-19
122000190,397,675,-278
122000191,190,200,-10
122000192,198,141,57
122000193,209,389,-180
122000194,372,157,215
122000195,67,516,-449
122000196,439,175,264
122000197,196,364,-168
122000198,123,703,-580
122000199,81,86,-5
122000200,327,218,109
122000201,329,1398,-1069
122000202,274,1134,-860
122000203,831,352,479
122000204,391,405,-14
122000205,227,289,-62
122000206,1444,491,953
122000207,1194,878,316
122000208,894,583,311
122000209,667,104,563
122000210,565,601,-36
122000211,368,573,-205
122000212,338,343,-5
122000213,308,667,-359
122000214,783,727,56
122000215,1246,1136,110
122000217,485,516,-31
122000218,314,36,278
122000219,528,240,288
122000220,97,318,-221
122000221,57,328,-271
122000222,28,28,0
122000223,151,244,-93
122000225,230,164,66
122000226,568,597,-29
122000227,35,373,-338
122000228,68,97,-29
122000229,14,220,-206
122000230,15,225,-210
122000231,102,375,-273
122000232,138,349,-211
122000233,0,63,-63
122000234,274,85,189
122000235,159,46,113
122000236,898,56,842
122000237,23,19,4
122000238,51,357,-306
122000239,208,58,150
122000240,533,147,386
122000241,807,143,664
122000242,165,7,158
122000243,137,34,103
122000244,24,60,-36
122000245,45,49,-4
122000246,214,144,70
122000247,132,223,-91
122000248,385,375,10
122000249,594,427,167
122000250,611,355,256
122000251,43,53,-10
122000252,118,46,72
122000253,12,46,-34
122000254,93,40,53
122000255,249,503,-254
122000256,142,382,-240
122000257,183,332,-149
122000258,124,244,-120
122000259,20,304,-284
122000261,18,163,-145
122000262,0,20,-20
122000263,61,116,-55
122000264,749,173,576
122000265,1013,366,647
122000266,1435,215,1220
122000267,10,67,-57
122000268,52,58,-6
122000269,418,93,325
122000270,161,73,88
122000271,73,292,-219
122000272,84,108,-24
122000273,76,63,13
122000274,79,96,-17
122000275,11,49,-38
122000276,687,245,442
122000277,376,1186,-810
122000278,838,125,713
122000279,116,82,34
122000280,213,127,86
122000281,284,125,159
122000282,35,695,-660
122000283,25,151,-126
122000284,45,15,30
122000285,246,64,182
122000286,20,167,-147
122000287,676,1234,-558
122000288,148,156,-8
122000291,903,312,591
122000293,100,70,30
122000294,38,155,-117
122000295,751,139,612
122000296,31,654,-623
122000297,859,2841,-1982
122000299,215,152,63
122000300,111,243,-132
122000301,2982,1932,1050
122000302,93,954,-861
122000303,544,371,173
122000304,7,85,-78
122000305,971,315,656
122000306,36,168,-132
122000307,48,77,-29
122000309,10,97,-87
122000310,2,88,-86
122000311,38,82,-44
122000312,88,199,-111
122000313,16,131,-115
122000314,109,268,-159
122000315,68,9,59
122000316,545,153,392
122000317,1078,137,941
122000318,329,540,-211
122000319,79,163,-84
122000320,228,644,-416
122000321,18,45,-27
122000322,607,465,142
122000323,210,493,-283
122000324,451,944,-493
122000325,219,546,-327
122000326,89,58,31
122000327,94,262,-168
122000328,281,113,168
122000330,905,495,410
122000332,72,424,-352
122000333,25,71,-46
122000337,549,207,342
122000338,242,51,191
122000340,42,658,-616
122000342,704,437,267
122000343,354,214,140
122000344,57,13,44
122000345,90,29,61
122000346,56,18,38
122000348,209,228,-19
122000349,37,124,-87
122000351,84,211,-127
122000352,427,59,368
122000353,79,16,63
122000355,63,284,-221
122000356,149,371,-222
122000357,43,5,38
122000358,0,0,0
122000359,0,0,0
122000360,0,1,-1
122000362,3,16,-13
122000364,146,137,9
122000365,0,13,-13
122000366,44,1,43
122000368,241,124,117
122000370,3,13,-10
122000371,54,1,53
122000372,4,0,4
122000381,93,133,-40
122000382,4,119,-115
122000384,452,516,-64
122000385,24,0,24
122000386,77,520,-443
122000387,75,427,-352
122000388,414,319,95
122000389,114,216,-102
122000390,178,184,-6
122000391,16,617,-601
122000392,66,146,-80
122000393,0,127,-127
122000394,303,135,168
122000395,25,90,-65
122000396,176,24,152
122000397,19,50,-31
122000398,8,158,-150
122000399,65,52,13
122000400,13,200,-187
122000401,82,14,68
122000402,224,38,186
122000403,100,145,-45
122000404,200,81,119
122000408,181,501,-320
122000503,5,44,-39
122000524,32,87,-55
122000544,31,881,-850
122000614,62,83,-21
122000616,66,0,66
122000640,89,29,60
122000641,56,141,-85
122000642,785,343,442
122000643,15,157,-142
122000644,67,27,40
122000645,19,74,-55
122000651,135,662,-527
122000664,76,28,48
122000665,236,169,67
122000666,67,200,-133
122000673,34,95,-61
122000674,375,116,259
122000675,1337,496,841
122000686,242,453,-211
122000687,1204,134,1070
122000688,233,163,70
122000689,735,109,626
122000690,2095,65,2030
122000691,728,270,458
122000692,774,69,705
122000693,189,481,-292
122000695,261,138,123
122000696,308,20,288
122000698,135,97,38
122000699,214,26,188
122000701,892,143,749
122000702,229,736,-507
122000703,37,22,15
122000712,0,0,0
122000717,3,87,-84
122000718,335,1566,-1231
122000719,50,35,15
122000720,543,32,511
122000724,38,69,-31
122900001,14,12,2
122900002,243,3090,-2847
122900003,149,5,144
122900004,2029,55,1974
122900005,14,145,-131
122900006,75,948,-873
122900007,28,41,-13
122900008,111,332,-221
122900009,68,36,32
122900010,94,37,57
122900012,128,169,-41
122900014,34,13,21
122900015,788,206,582
122900016,26,107,-81
122900017,177,336,-159
122900018,43,6,37
122900019,8,350,-342
122900020,62,521,-459
122900021,7,196,-189
122900024,114,45,69
122900025,0,50,-50
122900026,1,40,-39
122900027,15,296,-281
122900028,44,29,15
122900029,2107,812,1295
122900030,271,24,247
122900031,22,161,-139
122900032,123,105,18
122900033,123,87,36
122900034,1201,1445,-244
122900035,3,2,1
122900036,36,6,30
122900037,134,40,94
122900038,12,798,-786
122900039,2,162,-160
122900040,167,305,-138
122900041,42,191,-149
122900042,65,55,10
122900043,107,101,6
122900044,40,156,-116
122900045,22,91,-69
122900046,41,277,-236
122900047,44,14,30
122900048,5,159,-154
122900049,906,27,879
122900051,5,128,-123
122900052,102,61,41
122900053,1,24,-23
122900055,88,27,61
122900057,98,0,98
122900061,248,6,242
122900062,222,334,-112
122900063,111,63,48
122900064,492,318,174
122900065,114,21,93
122900066,161,122,39
122900067,371,137,234
122900069,173,778,-605
122900070,301,160,141
122900071,28,51,-23
122900073,23,48,-25
122900074,779,73,706
122900075,1,48,-47
122900076,0,33,-33
122900077,0,13,-13
122900078,158,2,156
122900080,0,21,-21
122900081,91,128,-37
122900082,810,56,754
122900083,23,37,-14
122900084,16,72,-56
122900086,0,28,-28
122900087,295,336,-41
122900088,4,205,-201
122900089,30,243,-213
122900090,0,123,-123
122900091,247,1,246
122900092,105,35,70
122900093,0,7,-7
122900094,0,54,-54
122900095,106,3,103
122900096,294,20,274
122900097,34,14,20
122900098,0,35,-35
122900099,118,21,97
122900100,11,410,-399
122900101,58,39,19
122900102,38,33,5
122900103,269,0,269
122900104,158,2,156
122900105,3,1,2
122900106,0,8,-8
122900107,0,14,-14
122900108,2,44,-42
122900109,427,255,172
123000001,364,371,-7
123000002,1450,3831,-2381
123000003,1913,1503,410
123000004,1457,2146,-689
123000005,1769,1049,720
123000006,1151,946,205
123000007,1575,1157,418
123000008,989,1489,-500
123000009,1889,1905,-16
123000010,1730,1965,-235
123000011,832,638,194
123000012,218,1062,-844
123000013,2179,516,1663
123000014,272,1330,-1058
123000015,1209,723,486
123000016,1374,1453,-79
123000017,3335,1672,1663
123000018,140,25,115
123000019,336,10,326
123000020,296,20,276
123000021,215,162,53
123000022,673,1032,-359
123000023,1570,1063,507
123000024,1005,526,479
123000025,283,45,238
123000026,41,94,-53
123000027,12,492,-480
123000028,54,2712,-2658
123000029,150,1167,-1017
123000030,144,78,66
123000031,364,65,299
123000032,472,141,331
123000033,150,88,62
123000034,487,418,69
123000035,127,271,-144
123000036,77,558,-481
123000037,64,86,-22
123000038,19,256,-237
123000039,275,979,-704
123000040,244,79,165
123000041,233,427,-194
123000042,219,315,-96
123000043,671,5730,-5059
123000044,1626,897,729
123000045,1678,553,1125
123000046,88,400,-312
123000047,132,360,-228
123000048,23,966,-943
123000049,2130,3609,-1479
123000050,843,629,214
123000051,24,30,-6
123000052,253,848,-595
123000053,808,811,-3
123000054,816,786,30
123000055,1231,1963,-732
123000056,440,283,157
123000057,1366,1698,-332
123000058,226,657,-431
123000059,27,195,-168
123000060,660,251,409
123000061,100,216,-116
123000063,507,344,163
123000064,782,47,735
123000065,1289,877,412
123000066,84,211,-127
123000067,295,156,139
123000068,595,476,119
123000069,1160,410,750
123000070,96,168,-72
123000071,811,248,563
123000072,443,236,207
123000073,962,236,726
123000074,414,526,-112
123000075,135,614,-479
123000076,249,151,98
123000077,835,503,332
123000078,1281,436,845
123000079,1184,550,634
123000080,1100,257,843
123000081,78,120,-42
123000082,81,257,-176
123000083,489,87,402
123000084,383,260,123
123000085,385,15,370
123000086,528,12,516
123000087,159,107,52
123000088,581,211,370
123000089,506,293,213
123000090,551,238,313
123000091,765,524,241
123000092,420,477,-57
123000094,296,42,254
123000095,454,98,356
123000096,494,132,362
123000097,366,89,277
123000098,456,117,339
123000099,289,104,185
123000100,170,414,-244
123000101,184,100,84
123000102,263,637,-374
123000104,96,172,-76
123000105,142,76,66
123000106,238,101,137
123000107,117,76,41
123000108,237,322,-85
123000111,536,65,471
123000112,590,65,525
123000113,376,183,193
123000114,123,172,-49
123000115,123,206,-83
123000116,70,39,31
123000117,1015,583,432
123000118,242,129,113
123000119,138,114,24
123000120,109,186,-77
123000121,348,200,148
123000122,154,96,58
123000123,270,166,104
123000124,203,109,94
123000125,559,516,43
123000126,589,1581,-992
123000127,218,136,82
123000128,94,101,-7
123000129,711,20,691
123000130,640,16,624
123000131,827,351,476
123000132,134,210,-76
123000133,72,56,16
123000134,145,21,124
123000135,1242,188,1054
123000136,80,141,-61
123000137,36,87,-51
123000138,39,106,-67
123000139,426,48,378
123000140,16,90,-74
123000141,190,21,169
123000142,595,384,211
123000143,481,927,-446
123000144,0,10,-10
123000147,81,434,-353
123000149,137,171,-34
123000150,48,82,-34
123000151,97,281,-184
123000152,12,64,-52
123000153,41,383,-342
123000154,534,1097,-563
123000155,505,589,-84
123000156,1,39,-38
123000157,296,483,-187
123000158,201,359,-158
123000159,879,2142,-1263
123000160,360,582,-222
123000161,663,683,-20
123000162,717,1096,-379
123000163,429,70,359
123000164,954,16,938
123000165,80,461,-381
123000167,1,16,-15
123000168,251,78,173
123000169,591,11,580
123000170,81,13,68
123000171,784,9,775
123000172,118,378,-260
123000173,368,113,255
123000174,552,230,322
123000175,88,323,-235
123000176,380,110,270
123000177,118,294,-176
123000178,538,64,474
123000179,9,257,-248
123000180,573,103,470
123000181,208,357,-149
123000182,196,136,60
123000183,27,134,-107
123000184,27,139,-112
123000185,581,371,210
123000186,2,230,-228
123000187,384,14,370
123000188,323,2,321
123000189,498,46,452
123000190,19,150,-131
123000192,2,90,-88
123000193,16,158,-142
123000194,133,118,15
123000195,249,3,246
123000196,267,7,260
123000197,38,22,16
123000198,8,377,-369
123000199,0,293,-293
123000200,325,36,289
123000201,587,4,583
123000202,5,157,-152
123000203,578,8,570
123000204,26,210,-184
123000205,82,258,-176
123000206,1362,62,1300
123000207,100,406,-306
123000208,778,24,754
123000209,2571,291,2280
123000210,193,748,-555
123000211,136,491,-355
123000212,2476,156,2320
123000213,315,27,288
123000215,77,131,-54
123000216,47,589,-542
123000217,152,12,140
123000218,70,186,-116
123000219,314,38,276
123000220,224,53,171
123000221,83,29,54
123000222,156,92,64
123000223,366,75,291
123000224,267,106,161
123000225,159,21,138
123000226,138,77,61
123000227,58,26,32
123000228,220,22,198
123000229,288,188,100
123000232,29,88,-59
123000233,550,14,536
123000234,153,178,-25
123000235,596,158,438
123000236,130,213,-83
123000237,355,72,283
123000238,18,83,-65
123000239,131,162,-31
123000240,42,415,-373
123000241,85,11,74
123000242,35,75,-40
123000243,365,867,-502
123000244,418,211,207
123000245,0,34,-34
123000249,169,298,-129
123000252,448,59,389
123000253,882,281,601
123000254,308,162,146
123000255,285,314,-29
123000256,2,42,-40
123000257,648,372,276
123000258,454,217,237
123000259,319,233,86
123000260,533,77,456
123000261,192,45,147
123000263,251,208,43
123000264,210,35,175
123000265,20,31,-11
123000266,195,137,58
123000267,514,115,399
123000268,19,12,7
123000269,151,7,144
123000270,72,49,23
123000271,24,39,-15
123000272,305,175,130
123000273,144,671,-527
123000274,857,374,483
123000275,82,268,-186
123000278,650,1442,-792
123000279,134,33,101
123000280,179,137,42
123000281,88,21,67
123000282,24,101,-77
123000283,34,63,-29
123000284,11,22,-11
123000286,208,157,51
123000287,217,134,83
123000288,299,414,-115
123000289,93,617,-524
123000291,21,266,-245
123000294,149,199,-50
123000295,610,1470,-860
123000296,541,954,-413
123000297,531,182,349
123000298,993,470,523
123000299,416,178,238
123000300,695,324,371
123000301,59,171,-112
123000302,182,34,148
123000303,14,525,-511
123000305,234,322,-88
123000306,173,7,166
123000309,14,26,-12
123000310,45,46,-1
123000311,2,59,-57
123000312,526,176,350
123000313,369,307,62
123000315,220,56,164
123000316,708,198,510
123000317,426,47,379
123000318,27,340,-313
123000329,1,13,-12
123000337,452,823,-371
123000338,82,228,-146
123000339,283,34,249
123000340,67,133,-66
123000342,2,13,-11
123000343,94,2,92
123000344,214,31,183
123000345,102,93,9
123000346,468,25,443
123000352,302,322,-20
123000353,68,11,57
123000354,284,0,284
123000355,0,652,-652
123000356,183,2,181
123000357,0,31,-31
123000359,1,15,-14
123000360,67,46,21
123000361,423,82,341
123000362,146,25,121
123000363,105,32,73
123000364,169,213,-44
123000365,1,125,-124
123000366,141,973,-832
123000367,100,198,-98
123000370,26,20,6
123000371,431,15,416
123000372,172,2,170
123000373,0,33,-33
123000374,0,8,-8
123000375,283,33,250
123000376,674,567,107
123000377,409,0,409
123000378,5,33,-28
123000379,0,72,-72
123000380,1,83,-82
123000381,71,107,-36
123000382,424,89,335
123000383,41,216,-175
123000384,554,161,393
123000385,14,53,-39
123000436,31,1001,-970
123000507,57,94,-37
123000508,95,852,-757
123000517,54,0,54
123000518,25,27,-2
123000519,46,20,26
123000520,10,39,-29
123000521,251,39,212
123000522,23,59,-36
123000541,4,5,-1
123000542,0,0,0
123000565,695,22,673
123000566,264,173,91
123000567,211,90,121
123000573,1,82,-81
123000574,712,49,663
123000575,1485,63,1422
123000576,424,234,190
123000577,12,125,-113
123000578,201,98,103
123000579,553,2687,-2134
123000580,178,35,143
123000582,371,4,367
123000583,2,100,-98
123000584,179,130,49
123000585,0,11,-11
123000586,88,18,70
123000596,88,106,-18
123000597,155,108,47
123000602,40,8,32
123000603,978,97,881
123000604,483,118,365
123000605,207,1,206
123000606,0,29,-29
123000609,20,142,-122
123000610,35,44,-9
123000613,50,35,15
123000614,198,19,179
123000615,15,115,-100
123000616,618,10,608
123000617,43,68,-25
123000618,24,182,-158
123000619,240,34,206
123000620,4,91,-87
123000622,238,4,234
123000624,234,28,206
123000630,1585,324,1261
123000631,61,282,-221
123000632,229,142,87
123000633,0,118,-118
123000634,4,218,-214
123000635,20,39,-19
123000636,42,269,-227
123000637,151,5,146
123000638,411,192,219
123000639,690,3529,-2839
123000640,14,163,-149
123000648,345,5,340
123000649,7,132,-125
123000650,35,117,-82
123000651,0,273,-273
123900001,747,27,720
123900002,20,472,-452
123900003,32,112,-80
123900005,143,173,-30
123900006,220,30,190
124000001,1208,163,1045
124000002,3,263,-260
124000003,810,62,748
124000004,13,83,-70
124000005,703,446,257
124000006,45,137,-92
124000007,460,78,382
124000008,19,142,-123
124000009,728,194,534
124000010,101,177,-76
124000011,539,138,401
124000012,73,294,-221
124000017,126,76,50
124000018,5,18,-13
124000019,156,35,121
124000020,9,17,-8
124000021,80,43,37
124000022,31,18,13
124000023,399,230,169
124000024,73,121,-48
124000025,450,363,87
124000026,172,119,53
124000027,791,347,444
124000028,1055,656,399
124000031,553,4900,-4347
124000032,587,177,410
124000033,543,754,-211
124000034,132,275,-143
124000035,206,78,128
124000036,23,190,-167
124000037,80,299,-219
124000038,2,7,-5
124000039,99,64,35
124000040,49,238,-189
124000041,425,14,411
124000042,116,46,70
124000043,111,35,76
124000044,14,22,-8
124000045,846,92,754
124000046,68,189,-121
124000047,1324,128,1196
124000048,388,193,195
124000049,1322,137,1185
124000050,328,426,-98
124000051,1045,160,885
124000052,261,259,2
124000053,319,1176,-857
124000054,288,111,177
124000055,568,2017,-1449
124000056,528,196,332
124000057,1066,193,873
124000058,221,386,-165
124000059,603,614,-11
124000060,183,255,-72
124000061,639,3247,-2608
124000062,842,444,398
124000063,719,348,371
124000064,644,402,242
124000065,0,0,0
124000066,115,80,35
124000067,122,71,51
124000068,12,47,-35
124000069,271,67,204
124000070,76,79,-3
124000071,43,22,21
124000072,0,0,0
124000073,288,20,268
124000074,37,70,-33
124000075,351,42,309
124000076,0,4,-4
124000077,58,362,-304
124000078,463,440,23
124000079,46,306,-260
124000080,480,37,443
124000081,54,66,-12
124000082,53,113,-60
124000083,1,18,-17
124000084,13,648,-635
124000085,26,7,19
124000086,118,116,2
124000088,49,60,-11
124000089,359,33,326
124000090,104,125,-21
124000091,402,14,388
124000092,189,306,-117
124000093,119,19,100
124000094,13,104,-91
124000095,102,11,91
124000096,42,61,-19
124000097,109,49,60
124000098,199,46,153
124000099,156,51,105
124000100,33,182,-149
124000101,98,85,13
124000102,55,13,42
124000103,77,48,29
124000104,40,53,-13
124000105,83,36,47
124000106,29,37,-8
124000107,14,153,-139
124000108,15,13,2
124000109,181,44,137
124000110,82,18,64
124000111,108,71,37
124000112,562,181,381
124000113,83,118,-35
124000114,236,217,19
124000115,93,326,-233
124000116,76,133,-57
124000117,7,11,-4
124000118,14,61,-47
124000119,399,119,280
124000120,301,75,226
124000121,517,349,168
124000122,216,712,-496
124000123,247,174,73
124000124,212,148,64
124000125,183,105,78
124000126,108,110,-2
124000127,673,119,554
124000128,352,133,219
124000129,762,364,398
124000130,154,84,70
124000131,504,210,294
124000132,131,190,-59
124000133,972,372,600
124000134,146,59,87
124000135,1289,973,316
124000136,158,266,-108
124000137,488,480,8
124000138,292,795,-503
124000139,402,66,336
124000140,7,289,-282
124000141,1056,18,1038
124000142,7,169,-162
124000143,46,11,35
124000144,1,70,-69
124000145,114,10,104
124000146,2,22,-20
124000148,0,18,-18
124000149,507,97,410
124000150,119,248,-129
124000151,709,71,638
124000152,160,257,-97
124000153,404,224,180
124000154,49,147,-98
124000155,475,245,230
124000156,229,161,68
124000169,56,169,-113
124000170,152,178,-26
124000171,167,148,19
124000172,132,182,-50
124000173,381,90,291
124000174,368,159,209
124000175,0,1,-1
124000176,32,8,24
124000177,0,0,0
124000178,20,34,-14
124000185,35,0,35
124000186,22,15,7
124000187,1,10,-9
124000188,110,2,108
124000190,20,49,-29
124000191,16,262,-246
124000192,374,339,35
124000193,57,950,-893
124000194,124,76,48
124000195,329,188,141
124000196,325,300,25
124000197,38,20,18
124000198,34,32,2
124000201,9,259,-250
124000202,359,22,337
124000203,213,41,172
124000204,1035,10,1025
124000205,122,28,94
124000206,1001,64,937
124000207,0,91,-91
124000209,86,34,52
124000210,803,172,631
124000211,738,2,736
124000212,0,46,-46
124000213,441,61,380
124000214,549,31,518
124000215,625,21,604
124000216,0,205,-205
124000329,7,298,-291
124000338,1,297,-296
124000339,1564,7,1557
124000341,1603,13,1590
124000344,38,12,26
124000357,1160,2357,-1197
124000358,787,1634,-847
124000359,937,365,572
124000360,1067,319,748
124000361,1259,864,395
124000362,447,1645,-1198
124000363,189,101,88
124000364,294,235,59
124000365,403,416,-13
124000366,1285,865,420
124000367,25,148,-123
124000368,270,682,-412
124000369,32,49,-17
124000370,10,515,-505
124000402,3,4,-1
124000403,92,27,65
124000404,8,20,-12
124000405,461,154,307
124000406,234,92,142
124000407,2,16,-14
124000411,3,69,-66
124000412,322,4,318
124000413,44,96,-52
124000414,161,43,118
124000415,25,45,-20
124000416,108,46,62
124000417,201,69,132
124000418,286,28,258
124000419,45,28,17
124000420,101,4,97
124000421,42,26,16
124000422,5,9,-4
124000423,64,7,57
124000424,3,19,-16
124000425,74,4,70
124000426,0,36,-36
124000427,133,2,131
124000428,9,159,-150
124000429,91,17,74
124000430,541,193,348
124000431,274,107,167
124000432,180,598,-418
124000439,1,19,-18
124000443,0,0,0
124000445,36,1761,-1725
124000446,327,341,-14
124000447,10,193,-183
124000448,220,3,217
124000449,323,0,323
124000450,1,50,-49
124000451,0,10,-10
124000452,160,57,103
124000453,1327,1402,-75
124000454,791,2606,-1815
124900001,514,91,423
124900002,45,49,-4
124900003,430,59,371
124900004,435,84,351
124900005,81,24,57
124900006,544,81,463
124900008,269,142,127
124900009,21,179,-158
124900010,114,31,83
124900011,293,151,142
124900012,155,20,135
124900013,348,60,288
124900014,291,75,216
124900015,43,198,-155
124900016,45,77,-32
124900017,185,2000,-1815
124900018,240,15,225
124900020,73,18,55
124900021,195,14,181
124900024,255,0,255
124900026,12,0,12
124900027,69,66,3
124900028,131,10,121
124900030,0,7,-7
124900031,3,23,-20
124900033,11,9,2
124900035,30,30,0
124900036,4,55,-51
124900037,17,61,-44
124900039,1,70,-69
124900040,5,71,-66
124900042,9,15,-6
124900043,143,97,46
124900044,9,0,9
124900045,101,183,-82
124900047,93,78,15
124900050,272,13,259
124900052,17,69,-52
124900053,72,156,-84
124900054,181,136,45
124900055,0,3,-3
124900057,0,0,0
124900060,133,73,60
124900061,111,7,104
124900062,126,1,125
124900066,0,0,0
124900067,2,4,-2
124900068,61,265,-204
124900070,28,8,20
124900072,265,41,224
124900075,235,85,150
124900076,99,663,-564
124900077,99,64,35
124900078,18,0,18
124900080,177,63,114
124900081,789,75,714
124900082,235,299,-64
124900083,262,147,115
124900085,462,314,148
124900086,8,295,-287
124900087,375,10,365
124900088,92,62,30
124900089,168,18,150
124900090,375,33,342
124900091,102,42,60
124900092,77,29,48
124900093,329,28,301
124900094,415,48,367
124900095,95,289,-194
124900096,109,45,64
124900097,273,14,259
124900098,37,79,-42
124900099,28,96,-68
124900100,234,2,232
124900101,190,1,189
124900102,282,0,282
124900103,22,21,1
124900104,6,22,-16
124900105,25,24,1
124900106,149,5,144
124900107,133,5,128
124900108,61,37,24
124900111,0,0,0
124900112,121,77,44
124900113,1,24,-23
124900114,4,14,-10
124900115,7,6,1
124900116,169,200,-31
124900117,55,72,-17
124900118,16,568,-552
124900119,162,44,118
124900120,10,14,-4
124900121,100,156,-56
124900122,31,5,26
124900123,80,233,-153
124900124,41,63,-22
124900125,140,2,138
124900126,0,0,0
204000001,212,6,206
204000002,23,15,8
204000003,17,19,-2
204000004,11,0,11
204000005,289,235,54
204000006,878,954,-76
204000011,0,0,0
204000012,8,2,6
204000019,1086,252,834
204000020,740,179,561
204000021,472,571,-99
204000022,970,318,652
204000023,174,328,-154
204000031,9,7,2
204000032,70,14,56
204000034,56,7,49
204000035,0,8,-8
204000036,0,5,-5
204000037,0,53,-53
204000038,1,10,-9
204000039,5,22,-17
204000040,8,3,5
204000041,1,35,-34
204000042,19,8,11
204000043,18,1,17
204000044,23,0,23
204000045,32,4,28
204000046,6,3,3
204000057,0,36,-36
204000062,5,113,-108
204000068,5,17,-12
204000069,4,94,-90
204000070,95,33,62
204000080,20,10,10
204000085,380,188,192
204000086,628,512,116
204000087,34,2,32
204000088,0,0,0
204000090,94,21,73
204000093,401,17,384
204000096,704,251,453
204000097,264,3,261
204000099,748,1343,-595
204000100,1121,460,661
204000105,458,116,342
204000110,127,369,-242
204000111,185,232,-47
204000112,85,133,-48
204000113,95,218,-123
204000114,505,853,-348
204000115,575,204,371
204000116,338,129,209
204000119,1955,642,1313
204000132,524,351,173
204000133,551,58,493
204000134,191,32,159
204000135,457,14,443
204000136,425,76,349
204000138,229,525,-296
204000140,290,99,191
204000141,135,32,103
204000144,2,47,-45
204000145,160,13,147
204000146,7,15,-8
204000147,2,24,-22
204000148,83,11,72
204000154,0,0,0
204000155,0,27,-27
204000177,49,31,18
204000179,15,3,12
204000180,0,14,-14
204000222,0,33,-33
204000235,7,28,-21
204000236,21,9,12
204000238,24,5,19
204000240,97,15,82
204000263,138,191,-53
204000268,490,148,342
204000308,16,3,13
204000317,4,28,-24
204000322,20,20,0
204000323,2,16,-14
204000328,172,11,161
204000329,21,27,-6
204000330,109,10,99
204000331,65,9,56
205000001,186,274,-88
205000013,1,17,-16
205000014,5,6,-1
205000015,4,5,-1
205000016,5,11,-6
205000017,16,1,15
205000022,97,191,-94
205000025,326,153,173
205000029,491,4,487
205000045,94,66,28
205000046,23,43,-20
205000047,18,19,-1
205000048,130,42,88
205000049,58,44,14
205000050,73,12,61
205000059,0,32,-32
205000060,0,52,-52
205000061,1,140,-139
205000062,1,87,-86
205000063,3,186,-183
205000064,6,44,-38
205000065,60,208,-148
205000066,47,96,-49
205000067,36,176,-140
205000069,111,2,109
205000082,66,80,-14
205000110,27,13,14
205000111,29,13,16
205000112,34,96,-62
205000113,12,32,-20
205000121,84,101,-17
205000123,12,3,9
205000126,468,61,407
205000127,535,51,484
205000128,243,46,197
205000129,543,71,472
205000130,88,13,75
205000131,30,21,9
205000132,54,17,37
205000133,52,0,52
205000134,255,2,253
205000137,10,8,2
205000138,16,25,-9
205000139,1,9,-8
205000144,40,31,9
205000145,120,42,78
205000151,100,48,52
205000152,85,24,61
205000153,170,22,148
205000154,36,62,-26
205000155,97,42,55
205000207,0,0,0
205000233,38,0,38
205000234,0,0,0
205000243,0,0,0
205000244,0,1,-1
205000245,0,7,-7
205000249,0,22,-22
205000250,4,0,4
205000264,3,6,-3
206000027,2,1,1
206000028,1,8,-7
206000043,0,15,-15
206000053,1,6,-5
206000054,0,5,-5
206000055,0,2,-2
206000075,1,8,-7
206000076,4,1,3
206000077,6,1,5
206000078,9,1,8
206000079,21,0,21
206000082,222,61,161
206000100,1,156,-155
206000103,0,0,0
206000104,0,0,0
206000105,0,0,0
206000106,0,0,0
206000125,171,0,171
206000157,0,37,-37
206000170,0,94,-94
206000171,0,105,-105
206000172,11,39,-28
206000173,2,20,-18
206000174,3,6,-3
206000175,2,7,-5
206000176,16,23,-7
206000177,0,16,-16
206000178,0,103,-103
206000179,0,12,-12
206000180,1,20,-19
206000181,2,31,-29
206000182,6,18,-12
206000183,7,64,-57
206000184,1,18,-17
206000185,1,6,-5
206000186,4,69,-65
206000223,0,124,-124
206000226,34,0,34
206000227,15,0,15
206000237,6,58,-52
206000238,24,131,-107
206000239,73,383,-310
206000240,0,0,0
206000241,1,32,-31
206000242,3,25,-22
206000243,2,22,-20
206000244,3,44,-41
206000245,1941,29,1912
206000246,531,1,530
206000247,639,0,639
206000248,711,0,711
206000252,22,31,-9
206000258,0,0,0
206000315,9,1,8
206000317,665,146,519
206000318,894,21,873
206000319,2504,22,2482
206000320,850,16,834
206000321,803,0,803
206000322,1079,4,1075
206000323,441,1,440
206000324,450,1,449
206000325,203,10,193
206000326,259,10,249
206000327,24,6,18
206000328,277,1,276
206000329,672,1,671
206000330,185,1,184
206000331,351,0,351
206000332,92,0,92
206000333,1348,2,1346
206000334,813,3,810
206000335,0,14,-14
206000361,0,13,-13
206000392,1,0,1
206000405,189,3,186
206000441,48,34,14
206000498,48,1,47
206000515,30,25,5
206000530,449,80,369
206000531,205,162,43
206000532,820,150,670
206000535,29,874,-845
206000536,5,49,-44
206000537,5,65,-60
206000613,1185,269,916
206000784,340,19,321
207000001,39,135,-96
207000002,27,129,-102
207000003,49,146,-97
207000007,1694,123,1571
207000008,327,0,327
207000009,82,5,77
207000010,65,107,-42
207000012,497,57,440
207000015,38,305,-267
207000019,279,36,243
207000021,249,144,105
207000022,160,84,76
207000023,217,28,189
207000024,2,4,-2
207000025,11,29,-18
207000026,0,0,0
207000027,0,0,0
207000028,1,30,-29
207000029,2,56,-54
207000033,120,193,-73
207000034,141,29,112
207000039,577,49,528
207000040,765,17,748
207000041,54,0,54
207000042,240,13,227
207000043,181,132,49
207000051,0,0,0
207000052,1,3,-2
207000053,115,174,-59
207000054,25,64,-39
207000055,56,32,24
207000056,74,134,-60
207000057,34,56,-22
207000058,36,106,-70
207000059,32,127,-95
207000060,8,255,-247
207000061,93,1071,-978
207000062,791,48,743
207000063,511,35,476
207000064,297,19,278
207000065,285,82,203
207000066,496,72,424
207000067,46,28,18
207000068,111,26,85
207000069,576,117,459
207000082,7,117,-110
207000083,45,105,-60
207000084,520,108,412
207000085,339,26,313
207000086,504,1,503
207000106,88,20,68
207000107,92,7,85
207000108,111,3,108
207000109,48,1,47
207000110,19,8,11
207000111,73,2,71
207000112,27,223,-196
207000114,0,0,0
207000115,0,0,0
207000116,0,0,0
207000117,0,0,0
207000118,0,0,0
207000119,0,0,0
207000123,212,3,209
207000124,98,14,84
207000125,45,0,45
207000126,90,0,90
207000134,201,51,150
207000135,72,103,-31
207000148,135,137,-2
207000149,0,0,0
207000152,5,133,-128
207000153,19,370,-351
207000154,206,70,136
207000159,2,4,-2
207000160,9,20,-11
207000238,0,0,0
207000242,0,0,0
207000248,0,0,0
207000249,0,0,0
207000250,0,0,0
207000251,0,0,0
207000252,0,0,0
207000278,167,84,83
207000279,0,22,-22
207000280,1269,25,1244
207000281,44,174,-130
207000282,13,496,-483
207000283,21,82,-61
207000284,8,1415,-1407
207000285,43,110,-67
207000291,0,0,0
207000304,40,26,14
207000306,15,199,-184
207000310,156,72,84
207000353,81,4,77
207000356,1,6,-5
207000357,1,12,-11
207000358,0,5,-5
207000415,0,0,0
207000417,6,7,-1
207000418,71,32,39
207000438,0,2,-2
207000439,223,76,147
207000446,70,10,60
207000460,143,3,140
207000466,0,1,-1
207000467,649,18,631
207000468,9,20,-11
207000476,3,31,-28
207000477,220,25,195
207000478,1,16,-15
207000523,0,0,0
207000524,41,1,40
207000527,298,88,210
207000530,160,6,154
207000531,138,0,138
207000532,30,20,10
207000534,112,14,98
207000535,0,0,0
207000537,0,0,0
207000540,0,0,0
207000541,0,0,0
207000548,0,0,0
207000549,69,4,65
207000561,127,43,84
207000562,0,0,0
207000567,14,102,-88
207000568,358,25,333
207000569,829,91,738
207000584,0,0,0
207000585,3,22,-19
207000587,314,1,313
207000616,0,19,-19
207000617,244,0,244
207000624,8,11,-3
207000631,1,28,-27
207900008,566,17,549
208000001,341,538,-197
208000002,519,542,-23
208000003,577,383,194
208000004,683,393,290
208000005,0,0,0
208000019,871,343,528
208000020,149,172,-23
208000021,158,154,4
208000022,298,436,-138
208000028,379,732,-353
208000033,149,224,-75
208000034,350,474,-124
208000037,179,8,171
208000040,103,46,57
208000041,402,337,65
208000042,891,292,599
208000047,36,57,-21
208000064,1166,809,357
208000066,717,527,190
208000070,695,318,377
208000071,531,70,461
208000072,763,198,565
208000080,214,287,-73
208000081,377,69,308
208000082,134,52,82
208000083,99,96,3
208000084,2,86,-84
208000085,229,87,142
208000086,358,226,132
208000087,266,406,-140
208000089,541,102,439
208000090,386,162,224
208000093,5,38,-33
208000094,83,145,-62
208000095,538,275,263
208000104,873,174,699
208000105,478,281,197
208000114,24,219,-195
208000115,290,219,71
208000116,929,813,116
208000117,2,80,-78
208000118,77,211,-134
208000155,313,388,-75
208000158,860,1097,-237
208000186,370,897,-527
208000204,455,488,-33
208000205,760,343,417
208000282,418,326,92
209000004,414,104,310
209000005,32,14,18
209000006,303,120,183
209000007,217,267,-50
209000010,0,0,0
209000011,0,0,0
209000012,16,31,-15
209000013,30,11,19
209000014,16,46,-30
209000025,508,50,458
209000026,1287,178,1109
209000027,20,39,-19
209000028,30,45,-15
209000029,77,19,58
209000030,126,87,39
209000031,509,135,374
209000034,185,145,40
209000035,247,202,45
209000036,406,47,359
209000037,560,140,420
209000038,322,74,248
209000039,125,61,64
209000040,233,173,60
209000041,114,161,-47
209000042,277,155,122
209000043,442,290,152
209000044,294,332,-38
209000045,316,53,263
209000046,326,96,230
209000047,191,91,100
209000048,394,305,89
209000049,32,15,17
209000050,142,38,104
209000051,158,24,134
209000052,16,28,-12
209000062,0,0,0
209000063,1,0,1
209000064,4,2,2
209000065,267,7,260
209000066,189,14,175
209000067,231,18,213
209000080,4,9,-5
209000082,102,30,72
209000091,0,0,0
209000093,0,0,0
209000094,0,0,0
209000110,46,101,-55
209000111,378,1780,-1402
209000112,1239,295,944
209000113,1912,427,1485
209000114,1093,352,741
209000115,12,30,-18
209000116,75,91,-16
209000118,2,103,-101
209000119,0,0,0
209000121,6,28,-22
209000135,99,73,26
209000142,538,1655,-1117
209000143,0,0,0
209000144,42,129,-87
209000229,132,37,95
209000240,1,9,-8
209000259,9,13,-4
209000260,14,94,-80
209000261,0,55,-55
209000262,0,41,-41
209000263,0,42,-42
209000264,0,38,-38
209000265,185,0,185
209000266,90,1,89
209000267,712,0,712
209000268,293,56,237
210000037,166,39,127
210000047,36,4,32
210000048,90,17,73
210000049,53,0,53
210000052,14,2,12
210000053,4,0,4
210000054,2,30,-28
210000070,142,18,124
210000071,112,1,111
210000072,31,0,31
210000073,0,1,-1
210000074,0,0,0
210000075,0,0,0
210000076,0,15,-15
210000077,2,28,-26
210000078,0,56,-56
210000079,7,7,0
210000080,26,100,-74
210000081,42,4,38
210000082,40,0,40
210000083,33,0,33
210000084,96,0,96
210000085,0,6,-6
210000086,0,1,-1
210000099,7,8,-1
210000100,5,16,-11
210000101,1,14,-13
210000105,1,38,-37
210000159,0,3,-3
210000163,6,22,-16
210000164,225,110,115
210000168,155,13,142
210000187,0,0,0
210000188,0,0,0
210000214,28,0,28
210000219,113,36,77
210000220,142,7,135
210000232,0,0,0
210000233,0,0,0
210000234,0,1,-1
210000235,6,3,3
210000245,1,0,1
210000246,6,0,6
210000258,1,14,-13
210000259,140,11,129
210000282,1,10,-9
210000285,0,0,0
210000286,0,4,-4
210000290,0,21,-21
210000295,10,47,-37
210000296,12,4,8
210000320,199,14,185
210000321,93,2,91
210000338,10,10,0
210000339,3,75,-72
210000340,7,20,-13
210000341,36,29,7
210000342,62,14,48
210000343,46,57,-11
210000344,30,22,8
210000345,17,43,-26
210000346,15,27,-12
210000347,5,37,-32
210000348,10,42,-32
210000349,8,25,-17
210000350,44,26,18
210000351,66,19,47
210000352,37,16,21
210000353,47,15,32
210000354,31,37,-6
210000355,9,81,-72
210000356,26,81,-55
210000357,22,119,-97
210000358,161,138,23
210000359,75,148,-73
210000360,183,198,-15
210000361,125,76,49
210000362,258,31,227
210000363,299,120,179
210000364,187,63,124
210000365,145,7,138
210000366,302,45,257
210000367,51,21,30
210000368,112,23,89
210000369,29,21,8
210000370,131,37,94
210000372,23,22,1
210000373,2,8,-6
210000374,53,40,13
210000375,3,25,-22
210000376,7,129,-122
210000404,3,11,-8
210000439,10,9,1
210000472,35,0,35
210000482,178,58,120
210000564,142,96,46
210000567,0,87,-87
210000568,251,3,248
211000092,25,36,-11
211000094,44,0,44
211000169,200,4,196
211000172,4,61,-57
211000209,0,29,-29
211000226,26,6,20
211000270,73,1,72
211000275,50,17,33
211000276,126,11,115
211000279,33,21,12
211000281,105,7,98
211000302,22,12,10
211507980,0,16,-16
211977296,24,0,24
212000003,205,34,171
212000004,0,43,-43
212000005,7,35,-28
212000006,7,119,-112
212000008,57,116,-59
212000009,18,77,-59
212000012,25,38,-13
212000013,6,13,-7
212000014,99,45,54
212000015,124,42,82
212000016,160,148,12
212000027,481,111,370
212000028,244,111,133
212000029,260,130,130
212000030,24,11,13
212000031,47,20,27
212000048,2,120,-118
212000049,0,122,-122
212000050,0,5,-5
212000051,161,30,131
212000052,126,53,73
212000053,64,96,-32
212000054,523,22,501
212000055,380,52,328
212000056,23,20,3
212000057,13,29,-16
212000058,83,17,66
212000070,86,35,51
212000077,45,108,-63
212000099,370,48,322
212000108,246,109,137
212000111,346,50,296
212000120,48,140,-92
212000138,42,5,37
212000156,0,45,-45
212000158,6,36,-30
212000159,430,32,398
212000160,532,26,506
212000161,105,14,91
212000310,17,1,16
212000311,25,51,-26
212000374,10,8,2
213000001,14,138,-124
213000005,444,13,431
213000006,471,41,430
213000007,49,9,40
213000009,130,76,54
213000010,269,25,244
213000011,225,21,204
213000012,73,148,-75
213000014,52,15,37
213000015,163,21,142
213000016,137,1,136
213000017,76,0,76
213000018,0,15,-15
213000019,0,24,-24
213000020,51,39,12
213000021,1,35,-34
213000023,279,149,130
213000033,147,606,-459
213000034,249,74,175
213000035,139,260,-121
213000045,110,132,-22
213000046,33,45,-12
213000047,116,602,-486
213000056,99,10,89
213000069,38,2,36
213000073,0,34,-34
213000074,87,206,-119
213000075,504,1,503
213000076,6,0,6
213000085,0,1,-1
213000086,1,9,-8
213000091,260,11,249
213000092,17,12,5
213000099,106,516,-410
213000100,645,142,503
213000101,444,48,396
213000102,467,91,376
213000103,277,162,115
213000104,32,140,-108
213000105,25,763,-738
213000106,22,81,-59
213000107,72,131,-59
213000108,42,174,-132
213000109,2,121,-119
213000110,1,81,-80
213000111,2,140,-138
213000112,19,233,-214
213000115,30,0,30
213000116,35,174,-139
213000117,2,189,-187
213000118,790,272,518
213000119,12,141,-129
213000120,2,88,-86
213000122,38,214,-176
213000123,24,212,-188
213000124,59,283,-224
213000125,180,22,158
213000126,17,45,-28
213000127,7,80,-73
213000128,47,267,-220
213000129,179,1088,-909
213000130,879,377,502
213000132,722,88,634
213000133,706,32,674
213000134,808,7,801
213000136,462,17,445
213000137,434,37,397
213000139,273,23,250
213000147,3,9,-6
213000148,29,13,16
213000149,7,1,6
213000150,1,188,-187
213000151,0,79,-79
213000152,1,175,-174
213000153,4,156,-152
213000154,62,207,-145
213000155,38,129,-91
213000156,94,191,-97
213000157,812,165,647
213000158,281,237,44
213000159,443,109,334
213000163,1474,151,1323
213000165,440,114,326
213000171,34,8,26
213000172,55,34,21
213000173,14,25,-11
213000174,19,25,-6
213000175,11,20,-9
213000176,17,85,-68
213000177,92,9,83
213000178,130,2,128
213000179,284,5,279
213000180,273,9,264
213000184,46,143,-97
213000188,384,41,343
213000189,619,25,594
213000190,454,46,408
213000191,555,64,491
213000192,225,20,205
213000193,190,99,91
213000194,2,197,-195
213000195,47,191,-144
213000196,243,614,-371
213000197,395,373,22
213000198,11,1,10
213000200,70,204,-134
213000201,5,53,-48
213000202,9,215,-206
213000203,874,178,696
213000204,861,10,851
213000205,221,12,209
213000206,388,16,372
213000207,25,3,22
213000208,6,1,5
213000209,56,0,56
213000210,50,2,48
213000211,0,38,-38
213000212,0,62,-62
213000213,2,90,-88
213000218,168,231,-63
213000219,787,23,764
213000220,751,3,748
213000223,175,71,104
213000224,6,48,-42
213000225,56,23,33
213000226,23,5,18
213000227,1031,111,920
213000228,515,31,484
213000229,99,9,90
213000230,474,4,470
213000232,57,952,-895
213000233,5,102,-97
213000234,0,5,-5
213000293,1,118,-117
213000294,68,16,52
213000295,3,95,-92
213000296,84,21,63
213000297,0,19,-19
213000298,0,33,-33
213000299,19,23,-4
213000300,4,26,-22
213000303,1,8,-7
213000304,1,11,-10
213000305,1,23,-22
213000306,11,14,-3
213000307,58,115,-57
213000308,14,42,-28
213000309,106,5,101
213000310,154,87,67
213000311,53,301,-248
213000315,31,21,10
213000316,210,12,198
213000322,78,16,62
213000323,77,12,65
213000340,22,133,-111
213000341,965,35,930
213000346,74,202,-128
213000347,91,261,-170
213000348,0,81,-81
213000349,1,43,-42
213000350,81,347,-266
213000366,31,116,-85
213000367,375,5,370
213000379,21,99,-78
213000386,9,204,-195
213000406,107,268,-161
213000417,1005,224,781
213000425,276,23,253
213000426,182,16,166
213000427,45,69,-24
213000428,29,39,-10
213000429,1,2,-1
213000430,59,97,-38
213000431,10,0,10
213000432,6,240,-234
213000433,16,33,-17
213000435,62,24,38
213000439,29,5,24
213000441,0,2,-2
213000443,261,330,-69
213000445,0,71,-71
213000446,21,256,-235
213000447,3,58,-55
213000448,71,52,19
213000449,638,6,632
213000450,94,20,74
213000451,57,11,46
213000452,213,15,198
213000453,1,60,-59
213000455,74,21,53
213000456,1,63,-62
213000481,2,2,0
213000482,11,0,11
213000489,78,28,50
213000491,8,381,-373
213000492,33,0,33
213000493,0,240,-240
213000494,306,34,272
213000495,0,16,-16
213000496,324,166,158
213000497,42,355,-313
213000498,39,186,-147
213000499,70,175,-105
213000500,424,18,406
213000501,145,19,126
213000502,51,10,41
213000503,0,49,-49
213000504,3,70,-67
213000505,15,2,13
213000506,0,0,0
213000507,1,47,-46
213900244,43,0,43
213900245,0,0,0
218000003,54,39,15
218000004,34,24,10
218000005,8,58,-50
218000006,38,21,17
218000007,4,37,-33
218000012,24,142,-118
218000013,92,61,31
218000014,63,53,10
218000019,207,143,64
218000020,167,245,-78
218000040,7,0,7
218000046,100,86,14
218000047,49,71,-22
218000048,111,55,56
218000049,37,84,-47
218000050,179,79,100
218000051,112,113,-1
218000052,0,32,-32
218000053,0,8,-8
218000054,5,17,-12
218000055,1,21,-20
218000056,26,42,-16
218000057,2,23,-21
218000064,1,15,-14
218000065,56,5,51
218000066,5,43,-38
218000067,75,56,19
218000068,105,17,88
218000069,329,18,311
218000070,223,118,105
218000071,209,103,106
218000072,109,103,6
218000078,581,239,342
218000079,315,16,299
218000080,128,10,118
218000081,607,25,582
218000082,173,16,157
218000083,6,9,-3
218000084,37,34,3
218000085,27,19,8
218000086,4,12,-8
218000087,44,8,36
218000090,16,175,-159
218000091,936,280,656
218000092,73,101,-28
218000093,42,20,22
218000094,255,129,126
218000099,106,73,33
218000100,107,56,51
218000101,110,43,67
218000102,112,53,59
218000103,45,1,44
218000104,34,1,33
218000105,20,0,20
218000106,47,7,40
218000107,78,28,50
218000108,0,24,-24
218000112,17,3,14
218000117,67,61,6
218000134,236,87,149
218000135,4,44,-40
218000136,73,118,-45
218000137,95,33,62
218000138,13,25,-12
218000139,89,140,-51
218000140,371,124,247
218000141,21,30,-9
218000142,62,42,20
218000143,48,116,-68
218000144,10,137,-127
218000145,356,135,221
218000146,64,15,49
218000151,1,34,-33
218000152,29,34,-5
218000170,0,65,-65
218000171,24,5,19
218000172,1,1,0
218000173,7,8,-1
218000174,19,7,12
218000176,258,9,249
218000177,328,15,313
218000178,120,23,97
218000179,164,45,119
218000180,56,9,47
218000181,288,22,266
218000187,3,14,-11
218000188,13,16,-3
218000189,3,50,-47
218000190,1,0,1
218000191,97,28,69
218000192,73,43,30
218000193,146,34,112
218000194,96,37,59
218000195,154,44,110
218000196,297,51,246
218000197,545,65,480
218000198,79,40,39
218000199,20,6,14
218000200,18,4,14
218000201,0,4,-4
218000202,10,241,-231
218000207,29,4,25
218000208,12,38,-26
218000211,18,1,17
218000213,192,110,82
218000214,1,51,-50
218000215,113,57,56
218000217,0,51,-51
218000218,248,64,184
218000219,2,25,-23
218000220,47,213,-166
218000221,512,215,297
218000222,0,110,-110
218000223,3,252,-249
218000224,1,106,-105
218000225,80,9,71
218000226,202,23,179
218000232,34,27,7
218000239,64,11,53
218000240,2,2,0
218000241,6,1,5
218000242,0,0,0
218000243,4,0,4
218000244,21,1,20
218000245,15,3,12
218000246,0,4,-4
218000247,0,0,0
218000248,0,34,-34
218000249,2,2,0
218000250,2,3,-1
218000251,0,29,-29
218000252,2,53,-51
218000253,0,21,-21
218000254,0,4,-4
218000255,1,7,-6
218000256,24,10,14
218000267,304,418,-114
218000268,0,6,-6
218000269,0,3,-3
218000270,33,8,25
218000271,1,26,-25
218000273,64,1,63
218000274,6,1,5
218000275,72,77,-5
218000276,18,9,9
218000278,3,25,-22
218000279,68,29,39
218000280,0,7,-7
218000281,2,8,-6
218000282,401,554,-153
218000284,16,2,14
218000301,5,39,-34
218000302,25,5,20
218000303,1,52,-51
218000316,1102,417,685
218000317,2045,213,1832
218000318,1326,119,1207
218000319,666,270,396
218000320,259,147,112
218000338,30,49,-19
218000345,66,62,4
218000346,88,66,22
218000459,23,132,-109
218000490,2,25,-23
218000501,69,14,55
218000502,41,20,21
218000503,140,7,133
218000504,71,4,67
218000505,5,43,-38
218000506,9,94,-85
218000508,0,0,0
218000510,82,3,79
218000520,86,76,10
218000521,1,14,-13
218000522,2,362,-360
218000523,76,12,64
218000524,1,108,-107
218000525,30,5,25
218000526,0,123,-123
218000529,40,17,23
218000531,35,20,15
218000532,96,20,76
218000534,413,36,377
218000537,11,112,-101
218000538,18,101,-83
218000540,32,55,-23
218000543,169,25,144
218000544,1,14,-13
218000545,136,16,120
218000546,7,4,3
218000547,104,54,50
218000548,67,74,-7
218000549,532,93,439
218000550,9,99,-90
218000551,41,230,-189
218000552,264,83,181
218000553,73,27,46
218000554,2,1,1
218000555,53,57,-4
218000556,103,48,55
218000557,626,298,328
218000558,13,0,13
218000559,0,41,-41
218000560,0,7,-7
218000561,4,0,4
218000562,0,71,-71
218000563,84,15,69
218000564,0,70,-70
218000565,56,31,25
218000566,11,19,-8
218000567,1,64,-63
218000568,1,2,-1
218000569,0,112,-112
218000570,35,8,27
218000571,0,96,-96
218000572,30,0,30
218000573,1,152,-151
218000574,41,5,36
218000575,88,0,88
218000576,0,79,-79
218000577,18,0,18
218000578,0,73,-73
218000579,1,2,-1
218000581,4,4,0
218000582,91,0,91
218000583,18,8,10
218000584,0,24,-24
218000585,38,2,36
218000586,2,13,-11
218000587,1,0,1
218000588,0,1,-1
218000589,2,55,-53
218000590,8,1,7
218000591,1,138,-137
218000592,1,25,-24
218000593,16,168,-152
218000594,0,28,-28
218000597,0,56,-56
218000598,0,10,-10
218000599,8,204,-196
218000600,0,27,-27
218000601,0,70,-70
218000602,0,0,0
218000603,0,4,-4
218000604,50,0,50
218000605,2,385,-383
218000606,399,2,397
218000607,4,99,-95
218000608,8,1,7
218000609,2,25,-23
218000610,90,1,89
218000611,2,0,2
218000612,1,7,-6
218000613,44,0,44
218000614,28,30,-2
218000615,106,0,106
218000616,1,144,-143
218000617,1,0,1
218000618,0,20,-20
218000619,50,1,49
218000620,6,24,-18
218000621,0,1,-1
218000622,0,75,-75
218000623,3,0,3
218000624,0,56,-56
218000625,2,1,1
218000626,0,36,-36
218000628,190,67,123
218000631,151,31,120
218000632,0,151,-151
218000633,19,0,19
218000634,1,2,-1
218000635,1,7,-6
218000636,362,206,156
218000637,926,86,840
218000638,381,3,378
218000639,25,13,12
218000640,541,4,537
218000641,142,31,111
218000652,27,24,3
218000653,172,13,159
218000663,4,18,-14
218000675,17,19,-2
218000680,92,94,-2
218000681,551,72,479
218000691,190,171,19
218000693,663,71,592
218000718,16,128,-112
218000719,6,132,-126
218000720,1,116,-115
218000721,8,1,7
218001147,1,59,-58
218001214,9,15,-6
218001258,564,15,549
218001329,207,142,65
218001330,15,200,-185
218001351,5,21,-16
218001352,21,11,10
218001353,3,9,-6
218001354,19,23,-4
218001355,2,30,-28
218001356,696,78,618
218001357,1,29,-28
218001358,525,1,524
218001361,905,66,839
218001362,0,44,-44
219000001,0,0,0
219000002,0,0,0
219000003,46,17,29
219000004,18,70,-52
219000017,41,23,18
219000020,154,42,112
219000022,222,2,220
219000023,26,2,24
219000029,0,0,0
219000034,68,57,11
219000039,1,1,0
219000040,9,22,-13
219000041,116,10,106
219000051,0,0,0
219000052,0,0,0
219000053,0,0,0
219000055,264,0,264
219000056,0,0,0
219000057,57,0,57
219000062,3,29,-26
219000063,162,4,158
219000064,0,15,-15
219000110,140,225,-85
219000111,67,62,5
219000112,197,20,177
219000113,192,7,185
219000114,80,23,57
219000116,91,67,24
219000117,47,23,24
219000118,24,24,0
219000123,74,2,72
219000124,6,2,4
219000125,0,0,0
219000126,0,0,0
219000127,0,0,0
219000128,1,6,-5
219000129,0,7,-7
219000130,32,68,-36
219000131,468,663,-195
219000133,23,82,-59
219000134,2,25,-23
219000135,11,27,-16
219000136,46,150,-104
219000138,74,1,73
219000139,30,2,28
219000140,142,0,142
219000141,63,0,63
219000142,2,2,0
219000143,0,0,0
219000145,5,16,-11
219000146,0,0,0
219000147,0,0,0
219000148,0,0,0
219000149,0,0,0
219000150,0,0,0
219000151,0,0,0
219000157,214,59,155
219000158,174,48,126
219000161,182,2,180
219000163,633,170,463
219000166,127,60,67
219000167,25,18,7
219000168,242,20,222
219000174,422,72,350
219000175,135,5,130
219000176,178,12,166
219000177,103,2,101
219000178,85,1,84
219000179,64,22,42
219000180,42,0,42
219000182,64,2,62
219000183,58,5,53
219000184,45,1,44
219000185,0,0,0
219000186,38,6,32
219000187,15,12,3
219000189,2,7,-5
219000190,2,4,-2
219000191,13,179,-166
219000192,297,157,140
219000193,14,1,13
219000195,0,0,0
219000196,0,0,0
219000198,0,0,0
219000199,0,0,0
219000200,0,0,0
219000201,1,0,1
219000203,0,3,-3
219000204,3,33,-30
219000205,3,31,-28
219000207,8,8,0
219000209,0,0,0
219000210,0,0,0
219000213,0,38,-38
219000239,62,73,-11
219000240,69,133,-64
219000241,59,29,30
219000242,12,44,-32
219000243,29,175,-146
219000244,4,215,-211
219000245,11,84,-73
219000246,86,13,73
219000247,226,45,181
219000248,372,300,72
219000249,203,106,97
219000250,169,26,143
219000251,316,66,250
219000252,269,67,202
219000253,154,3,151
219000255,129,114,15
219000256,246,12,234
219000257,69,0,69
219000262,2,30,-28
219000263,8,21,-13
219000267,0,0,0
219000268,0,0,0
219000269,0,1,-1
219000270,4,1,3
219000271,202,3,199
219000278,0,0,0
219000279,0,0,0
219000283,0,2,-2
219000295,7,33,-26
219000296,4,53,-49
219000297,0,2,-2
219000298,0,2,-2
219000299,184,50,134
219000300,7,2,5
219000301,1,10,-9
219000302,3,4,-1
219000307,0,0,0
219000308,74,28,46
219000311,137,23,114
219000312,224,68,156
219000313,236,28,208
219000314,13,1,12
219000315,223,9,214
219000316,337,14,323
219000317,82,7,75
219000320,0,0,0
219000321,0,0,0
219000323,0,0,0
219000325,0,0,0
219000326,4,5,-1
219000327,0,0,0
219000328,0,0,0
219000329,219,82,137
219000330,6,5,1
219000331,18,2,16
219000332,135,15,120
219000333,29,0,29
219000335,93,1,92
219000337,2,0,2
219000338,35,0,35
219000344,0,0,0
219000345,0,0,0
219000346,0,0,0
219000348,12,2,10
219000349,4,23,-19
219000350,0,2,-2
219000351,0,0,0
219000352,34,36,-2
219000353,116,34,82
219000354,444,41,403
219000355,96,30,66
219000356,207,523,-316
219000363,82,39,43
219000364,145,14,131
219000365,98,0,98
219000366,150,569,-419
219000368,160,234,-74
219000370,408,310,98
219000371,0,0,0
219000382,0,5,-5
219000383,30,182,-152
219000385,31,164,-133
219000386,54,350,-296
219000387,0,0,0
219000390,8,0,8
219000391,0,0,0
219000397,0,0,0
219000398,39,47,-8
219000401,4,4,0
219000402,7,4,3
219000403,33,26,7
219000404,11,16,-5
219000407,5,11,-6
219000409,41,10,31
219000410,116,1,115
219000411,83,2,81
219000446,0,57,-57
219000447,0,0,0
219000448,0,8,-8
219000452,60,58,2
219000453,7,96,-89
219000454,193,216,-23
219000556,458,26,432
219000558,22,62,-40
219000590,12,74,-62
219000591,190,19,171
219000592,1,20,-19
219000595,0,0,0
219000635,66,38,28
219000636,3,0,3
219000657,3,1,2
219000658,0,1,-1
219000673,0,0,0
219000676,2,0,2
219000679,21,3,18
219000684,111,0,111
219000685,0,3,-3
219000686,0,2,-2
219000688,0,1,-1
219000689,0,80,-80
219000690,84,5,79
219000691,23,40,-17
219000692,75,4,71
219000693,0,0,0
219000694,17,0,17
219000695,130,7,123
219000698,3,0,3
219000699,0,0,0
219000727,0,4,-4
219000728,64,1,63
219000770,11,0,11
219000771,0,0,0
219000788,40,172,-132
219001150,0,70,-70
219001151,0,0,0
219001166,10,34,-24
219001167,2,13,-11
219001178,54,0,54
220000001,6,75,-69
220000002,1,26,-25
220000003,30,20,10
220000004,70,111,-41
220000005,152,197,-45
220000006,54,65,-11
220000007,126,49,77
220000008,62,134,-72
220000009,40,88,-48
220000010,25,53,-28
220000011,197,2105,-1908
220000012,8,200,-192
220000014,69,28,41
220000015,62,305,-243
220000017,32,140,-108
220000018,4167,439,3728
220000019,51,325,-274
220000020,275,161,114
220000021,551,96,455
220000022,689,135,554
220000023,232,61,171
220000024,468,323,145
220000025,324,1062,-738
220000026,161,491,-330
220000027,15,155,-140
220000028,27,228,-201
220000029,2,28,-26
220000030,13,40,-27
220000031,528,339,189
220000064,45,546,-501
221000046,0,0,0
221000047,0,0,0
221000048,0,2,-2
221000049,0,1,-1
221000050,1,0,1
221000055,21,66,-45
221000068,243,100,143
221000069,243,15,228
221000070,182,6,176
221000071,65,0,65
221000072,166,7,159
221000073,186,5,181
221000074,0,6,-6
221000075,0,20,-20
221000076,1,13,-12
221000077,9,13,-4
221000081,79,15,64
221000082,47,4,43
221000083,10,4,6
221000084,7,8,-1
221000085,3,140,-137
221000086,2,182,-180
221000087,0,123,-123
221000088,3,48,-45
221000089,5,53,-48
221000090,21,100,-79
221000098,134,12,122
221000099,128,3,125
221000100,145,1,144
221000101,253,2,251
221000102,0,0,0
221000107,12,0,12
221000108,12,4,8
221000109,0,5,-5
221000110,0,32,-32
221000111,3,14,-11
221000112,1,25,-24
221000113,3,17,-14
221000114,0,48,-48
221000120,2,55,-53
221000121,3,19,-16
221000122,8,60,-52
221000123,2,42,-40
221000124,2,143,-141
221000155,46,6,40
221000156,140,24,116
221000175,7,6,1
221000176,1,9,-8
221000182,64,0,64
221000241,292,291,1
221000242,22,102,-80
221000243,276,102,174
221000244,30,339,-309
221000245,105,25,80
221000246,6,252,-246
221000247,195,34,161
221000248,107,186,-79
221000267,45,150,-105
221000325,22,56,-34
221000331,1,46,-45
221000338,2,26,-24
221000378,365,38,327
221000381,15,60,-45
222000282,0,1,-1
222000296,1,31,-30
222000568,272,14,258
222000569,88,20,68
222000570,103,15,88
222000571,327,8,319
222000577,1,57,-56
222000578,0,95,-95
222000579,25,28,-3
222000580,15,621,-606
222000599,0,48,-48
222000600,0,52,-52
222000601,0,151,-151
222000603,7,24,-17
222000604,0,55,-55
222000605,2,108,-106
222000606,2,38,-36
222000607,0,24,-24
222000608,2,13,-11
222000609,23,22,1
222000616,566,10,556
222000617,1,8,-7
222000618,1,2,-1
222000620,4,16,-12
222000621,5,12,-7
222000623,348,2,346
222000624,347,2,345
222000625,816,3,813
222000636,22,2,20
222000686,9,49,-40
222000687,12,16,-4
222001066,327,0,327
222001067,81,2,79
222001068,217,10,207
222001069,187,8,179
222001082,35,18,17
222001083,86,18,68
222001084,0,38,-38
222001085,3,170,-167
222001111,70,8,62
222001112,300,29,271
222001313,4,2,2
222001314,0,16,-16
222001464,486,13,473
222001465,28,29,-1
222001484,245,32,213
222001485,16,27,-11
222001494,722,116,606
222001495,85,56,29
222001496,426,13,413
222001497,36,169,-133
222001502,0,7,-7
222001503,182,8,174
222001504,1,14,-13
222001505,359,9,350
222001506,0,8,-8
222001507,136,2,134
222001510,560,5,555
222001511,6,59,-53
222001514,637,10,627
222001515,5,67,-62
222001518,500,11,489
222001519,1,26,-25
222001527,61,12,49
222001528,0,25,-25
222001529,340,26,314
222001530,5,21,-16
222001533,8,13,-5
222001534,590,23,567
222001535,497,61,436
222001536,5,151,-146
222001537,258,10,248
222001538,6,80,-74
222001563,1005,14,991
222001564,6,65,-59
222001568,86,12,74
222001576,0,2,-2
222001579,0,7,-7
222001583,3,30,-27
222001584,223,3,220
222001596,92,154,-62
222001597,1025,76,949
222001626,0,34,-34
222001650,1,19,-18
222001651,12,163,-151
222001914,371,14,357
222001915,7,17,-10
222001968,419,70,349
222001969,65,209,-144
222001970,30,152,-122
222001971,47,0,47
222001972,5,3,2
225000001,397,88,309
225000002,520,52,468
225000003,916,40,876
225000004,490,65,425
225000005,31,22,9
225000006,0,0,0
225000007,115,366,-251
225000010,141,16,125
225000011,114,872,-758
225000012,176,593,-417
225000013,65,44,21
225000014,364,43,321
225000015,44,74,-30
225000021,390,80,310
225000027,62,50,12
225000032,508,57,451
225000042,43,83,-40
225000049,10,6,4
225000050,105,8,97
225000053,0,0,0
225000058,483,74,409
225000067,9,9,0
225000068,9,19,-10
225000069,5,47,-42
225000070,9,57,-48
225000071,1,53,-52
225000075,13,399,-386
225000076,0,0,0
225000078,24,26,-2
225000085,91,23,68
225000086,252,16,236
225000087,99,10,89
225000088,7,14,-7
225000089,0,0,0
225000090,0,0,0
225000091,0,0,0
225000092,5,13,-8
225000093,16,15,1
225000094,0,9,-9
225000095,30,21,9
225000096,12,28,-16
225000098,712,75,637
225000099,367,10,357
225000100,876,130,746
225000104,150,194,-44
225000110,18,102,-84
225000111,372,128,244
225000112,334,528,-194
225000113,40,712,-672
225000114,44,310,-266
225000115,1040,708,332
225000116,256,74,182
225000117,630,552,78
225000118,1288,384,904
225000119,576,62,514
225000120,770,34,736
225000121,278,20,258
225000123,1106,16,1090
225000125,1164,286,878
225000126,888,262,626
225000127,810,3466,-2656
225000128,804,2296,-1492
225000132,842,12,830
225000133,404,10,394
225000134,1060,232,828
225000135,184,6,178
225000136,616,6,610
225000137,666,34,632
225000138,702,118,584
225000143,0,0,0
225000144,0,2,-2
225000145,110,58,52
225000146,0,0,0
225000147,0,0,0
225000148,0,0,0
225000149,0,0,0
225000151,0,0,0
225000155,22,46,-24
225000156,56,872,-816
225000157,392,204,188
225000158,24,18,6
225000171,0,74,-74
225000180,16,0,16
225000181,0,4,-4
225000182,26,34,-8
225000185,2,176,-174
225000187,68,108,-40
225000191,30,0,30
225000194,0,10,-10
225000208,0,8,-8
225000209,72,4,68
225000210,0,0,0
225000217,0,0,0
225000218,26,0,26
225000223,2,334,-332
225000224,4,2,2
225000225,2,398,-396
225000226,112,10,102
225000227,6,146,-140
225000228,2,10,-8
225000229,0,18,-18
225000230,4,0,4
225000231,0,22,-22
225000232,296,0,296
225000241,78,0,78
225000242,2,12,-10
225000249,10,2,8
225000250,0,0,0
225000251,1024,84,940
226000042,4,10,-6
226000043,2,10,-8
226000044,20,44,-24
226000045,2,36,-34
226000046,1732,96,1636
226000047,920,154,766
226000048,844,128,716
226000049,990,266,724
226000070,0,0,0
226000071,0,0,0
226000072,0,0,0
226000073,0,0,0
226000074,0,0,0
226000084,0,0,0
226000085,0,0,0
226000086,0,0,0
226000087,0,0,0
226000088,0,0,0
226000090,264,114,150
226000091,2,28,-26
226000092,20,24,-4
226000093,0,58,-58
226000094,8,10,-2
226000095,50,24,26
226000105,0,0,0
226000106,0,0,0
226000107,8,0,8
226000108,4,2,2
226000109,264,2,262
226000124,418,176,242
226000134,1954,610,1344
226000135,3312,464,2848
226000136,1202,208,994
226000137,0,0,0
226000138,0,0,0
226000139,0,0,0
226000156,646,4,642
226000157,280,0,280
226000163,0,0,0
226000202,0,0,0
226000231,1604,0,1604
226000232,126,0,126
227000033,884,12,872
227000036,1636,50,1586
227000037,1390,20,1370
227000038,280,40,240
227000049,0,0,0
227000050,0,0,0
227000055,96,0,96
227000056,8,0,8
227000084,0,0,0
227000085,0,0,0
227000088,52,2,50
227000089,84,2,82
227000090,74,0,74
227000091,116,6,110
227000093,126,0,126
227000094,10,0,10
227000130,0,0,0
227000131,0,0,0
227000132,0,0,0
227000133,0,2,-2
227000134,0,2,-2
227000152,0,0,0
227000153,0,0,0
227000155,0,0,0
227000156,0,0,0
227000165,0,0,0
227000196,758,72,686
227000199,818,42,776
227000230,0,80,-80
227000232,1192,36,1156
227000242,0,6,-6
227000243,732,24,708
227000245,0,2,-2
227000246,2,2,0
227000247,1158,16,1142
227000248,348,152,196
227000249,4,16,-12
227000250,748,444,304
227000251,26,136,-110
227000252,2,8,-6
227000253,622,144,478
227000262,1332,18,1314
227000266,3202,12,3190
227000267,2,120,-118
227000282,0,4,-4
227000284,958,16,942
227000286,0,2,-2
227000287,0,0,0
227000291,0,8,-8
227000484,260,16,244
227000485,0,6,-6
227000655,718,28,690
227000656,718,2,716
227000657,312,24,288
227000661,102,8,94
227000680,598,382,216
229000265,132,26,106
229000296,4,12,-8
229000297,0,66,-66
229000298,2,330,-328
229000320,8,0,8
229000321,8,0,8
229000412,10,10,0
229000414,26,32,-6
229000415,8,0,8
229000416,2,0,2
229000417,0,0,0
229000419,288,216,72
229000440,288,48,240
229000442,8,4,4
229000443,18,0,18
229000444,0,116,-116
229000445,80,4,76
229000446,38,8,30
229000847,216,0,216
229000848,270,2,268
229000849,350,10,340
229000851,254,2,252
229000854,0,0,0
229000856,0,0,0
229000857,0,0,0
229000858,0,0,0
229000919,0,0,0
229000930,0,0,0
229000937,184,48,136
229000966,88,36,52
229000981,0,0,0
229000985,2,6,-4
229000986,0,0,0
229000987,0,0,0
229000988,0,10,-10
229000989,10,0,10
229000990,0,2,-2
229000991,0,16,-16
229000992,12,20,-8
229000993,312,12,300
229000998,20,38,-18
229000999,92,26,66
229001034,0,32,-32
229001035,6,0,6
229001037,82,0,82
229001042,6,10,-4
229001047,0,66,-66
229001050,142,18,124
229001200,72,0,72
229001338,2,4,-2
229001394,428,30,398
229001422,322,2,320
229001423,0,0,0
229001431,36,50,-14
229001432,0,0,0
229001444,292,52,240
229001445,184,98,86
229001503,424,42,382
229001504,0,0,0
229001505,148,8,140
229001506,0,0,0
229001509,218,10,208
229001545,156,58,98
229001546,0,0,0
229001553,144,34,110
229001554,0,0,0
229001559,0,0,0
229001560,14,32,-18
229001630,166,0,166
229001631,0,46,-46
229001635,0,6,-6
229001636,0,0,0
229001658,0,0,0
229001659,126,16,110
229001660,2,0,2
229001661,0,22,-22
229001662,92,0,92
229001663,0,0,0
229002584,230,134,96
229002831,126,140,-14
229002841,8,26,-18
229002842,16,40,-24
229002843,62,26,36
229002844,14,168,-154
229002845,4,136,-132
229002846,6,20,-14
229002847,0,4,-4
229002848,14,46,-32
229002849,4,204,-200
229002850,4,26,-22
229002851,56,176,-120
229002852,124,86,38
229002853,82,10,72
229002854,36,40,-4
229002855,0,14,-14
229002856,58,16,42
229002857,100,50,50
229002858,66,0,66
229002859,4,2,2
229002860,52,4,48
229002861,88,122,-34
229002862,8,12,-4
229002863,0,52,-52
229002864,72,22,50
229002865,0,22,-22
229002866,20,18,2
229002867,0,16,-16
229002868,10,8,2
229002869,0,156,-156
229002870,52,16,36
235000066,222,74,148
235000067,66,86,-20
235000072,0,0,0
235000073,0,0,0
235000074,0,0,0
235000080,0,0,0
235000081,0,0,0
235000082,972,36,936
235000083,480,92,388
235000084,76,68,8
235000085,332,58,274
235000089,6,60,-54
235000092,0,0,0
235000093,0,0,0
235000097,0,18,-18
235000098,122,22,100
235000099,10,38,-28
235000116,4,14,-10
235000117,1128,6,1122
235000133,0,0,0
235000134,0,0,0
235000206,8,4,4
235000207,2,8,-6
235000208,0,12,-12
235000209,0,8,-8
235000210,18,0,18
235000212,0,0,0
235000213,0,0,0
235000220,0,0,0
235000221,0,0,0
235000238,8,566,-558
235000239,0,38,-38
235000242,364,2176,-1812
235000245,0,0,0
235000246,0,0,0
235000284,4,164,-160
235000295,64,2,62
235000305,480,48,432
235000306,682,4,678
235000307,18,2,16
235000308,4,0,4
235000309,104,0,104
235000310,44,0,44
235000311,56,8,48
235000322,0,10,-10
235000323,0,20,-20
235000324,0,8,-8
235000325,0,18,-18
235000326,0,154,-154
235000351,40,186,-146
235000352,46,112,-66
235000353,34,66,-32
235000354,0,14,-14
235000355,22,80,-58
235000356,136,26,110
235000357,20,4,16
235000358,38,0,38
235000359,0,10,-10
235000360,42,4,38
235000361,146,4,142
235000381,0,0,0
235000382,276,78,198
235000390,2,0,2
235000391,274,6,268
235000392,306,202,104
235000393,244,176,68
235000395,172,26,146
235000396,994,120,874
235000400,156,142,14
235000401,0,0,0
235000405,0,0,0
235000406,0,0,0
235000407,0,0,0
235000409,0,0,0
235000410,0,0,0
235000411,0,0,0
235000485,0,0,0
235000486,0,0,0
235000549,148,238,-90
235000550,0,0,0
235000599,0,0,0
235000600,0,0,0
235000601,74,12,62
235000602,152,58,94
235000614,0,0,0
235000648,0,0,0
235000649,10,0,10
235000685,0,0,0
235000815,16,54,-38
235000834,0,26,-26
235000855,34,60,-26
235000862,0,0,0
235000891,0,0,0
235000892,4,0,4
235000901,0,0,0
235000907,0,0,0
235001010,106,38,68
235001029,0,0,0
235001030,292,50,242
235001078,352,82,270
235001079,0,0,0
235001147,16,76,-60
235001166,4,50,-46
235001167,0,0,0
235001169,22,210,-188
235001188,0,0,0
235001189,0,12,-12
235001197,0,0,0
235001200,0,0,0
235001207,858,76,782
235001210,0,0,0
235001215,0,0,0
235001239,0,0,0
235001244,0,6,-6
235016267,0,36,-36
277102712,6,2,4
277103813,2,0,2
277103814,0,0,0
277104249,0,0,0
277104250,0,24,-24
277104251,0,6,-6
277104252,0,2,-2
990011530,0,142,-142
990014944,0,114,-114
990015176,8,24,-16
990015618,4,18,-14
990016032,0,122,-122
990032570,6,110,-104
990070001,122,4,118
990070103,0,2,-2
990070601,0,14,-14
990070751,2612,16,2596
990070766,0,84,-84
990071180,516,74,442
990071343,22,0,22
990071387,0,0,0
990071823,18,0,18
990072600,0,986,-986
990072964,0,104,-104
990073285,0,2,-2
990074393,0,294,-294
990074870,2308,48,2260
990075106,374,2,372
990075746,1076,12,1064
990076437,5740,6,5734
990076458,2,640,-638
997000007,252,12,240
997000041,2,260,-258
997000058,102,0,102
997000062,50,2,48
997000069,0,14,-14
997000070,0,20,-20
997000100,46,0,46
997000141,0,0,0
997000198,0,16,-16
998000475,0,0,0
998000736,0,56,-56
998000965,0,72,-72
998001031,0,74,-74
998001700,0,8,-8
998001899,0,0,0
998001900,4,8,-4
998003073,2608,90,2518
998101900,0,0,0
998102850,0,216,-216
998501927,286,204,82
998501929,148,4,144
998501930,138,0,138
998501931,186,14,172
998501932,20,4,16
998501933,80,2,78
998501937,12,0,12
998501944,70,56,14
998501950,0,0,0
998501970,110,0,110
998501971,0,44,-44
998501973,0,8,-8
998501974,2,262,-260
998501975,206,2,204
998501976,186,16,170
998501977,0,34,-34
998501978,0,0,0
998501979,0,0,0
998501980,194,20,174
998501981,102,0,102
998501982,0,64,-64
998501983,0,2,-2
998502006,0,0,0
998502024,0,10,-10
998502032,0,0,0
998502062,42,30,12
998502063,0,0,0
998502173,28,0,28
998502269,0,0,0
998502546,0,118,-118
998502578,0,0,0
998502599,18,518,-500
998502621,2,0,2
998601159,0,14,-14
998601292,0,4,-4
999033574,0,732,-732
999800001,12,2,10
999800002,0,0,0
999800003,4,8,-4
999800004,0,4,-4
999800005,0,0,0
