ID,insum,outsum,diff
100000001,382,202,180
100000002,554,183,371
100000003,2934,674,2260
100000004,566,136,430
100000005,471,703,-232
100000006,66,25,41
100000007,114,122,-8
100000008,32,245,-213
100000009,24,50,-26
100000010,1,11,-10
100000011,23,13,10
100000012,17,278,-261
100000013,3,74,-71
100000014,68,207,-139
100000015,163,138,25
100000016,202,622,-420
100000017,131,622,-491
100000018,370,196,174
100000019,2004,625,1379
100000020,470,466,4
100000021,2946,640,2306
100000022,243,234,9
100000023,2379,300,2079
100000025,1112,211,901
100000028,555,323,232
100000029,93,73,20
100000030,187,5,182
100000031,951,797,154
100000032,1206,906,300
100000033,205,733,-528
100000034,388,181,207
100000035,443,261,182
100000036,669,286,383
100000037,136,156,-20
100000038,224,205,19
100000039,89,59,30
100000040,87,23,64
100000041,81,123,-42
100000042,69,85,-16
100000043,71,63,8
100000044,68,355,-287
100000045,134,653,-519
100000046,169,551,-382
100000047,82,426,-344
100000048,210,340,-130
100000049,556,1259,-703
100000051,119,575,-456
100000053,4,0,4
100000054,11,13,-2
100000055,98,156,-58
100000056,80,170,-90
100000057,401,202,199
100000058,223,673,-450
100000059,1,37,-36
100000060,55,129,-74
100000061,242,143,99
100000062,202,124,78
100000063,88,93,-5
100000064,139,132,7
100000065,86,630,-544
100000066,29,504,-475
100000067,89,386,-297
100000068,134,556,-422
100000069,62,726,-664
100000072,177,565,-388
100000073,376,653,-277
100000075,151,144,7
100000076,621,543,78
100000077,166,17,149
100000078,59,6,53
100000079,20,12,8
100000080,8,5,3
100000081,18,5,13
100000102,352,378,-26
100000103,678,207,471
100000104,1259,281,978
100000105,1412,181,1231
100000106,465,382,83
100000107,73,78,-5
100000108,243,496,-253
100000109,1214,585,629
100000116,499,211,288
100000117,7,5,2
100000118,464,558,-94
100000119,164,410,-246
100000121,29,226,-197
100000122,159,220,-61
100000123,1632,1607,25
100000124,4797,1742,3055
100000125,1434,117,1317
100000126,151,105,46
100000127,562,138,424
100000128,238,288,-50
100000129,158,158,0
100000130,151,252,-101
100000131,2279,1001,1278
100000132,1010,391,619
100000133,4987,1452,3535
100000135,97,298,-201
100000139,43,546,-503
100000140,35,97,-62
100000142,73,123,-50
100000143,889,476,413
100000144,1830,784,1046
100000147,290,729,-439
100000150,3,201,-198
100000151,155,139,16
100000153,97,57,40
100000154,10,26,-16
100000155,0,4,-4
100000156,7,11,-4
100000157,14,91,-77
100000158,11,80,-69
100000159,79,124,-45
100000165,440,309,131
100000169,128,79,49
100000174,453,149,304
100000179,26,255,-229
100000180,187,422,-235
100000181,26,136,-110
100000188,28,145,-117
100000189,91,122,-31
100000190,152,96,56
100000191,171,144,27
100000192,47,27,20
100000193,14,43,-29
100000330,721,219,502
100000355,19,219,-200
100000362,1325,1317,8
100000363,578,916,-338
100000364,219,351,-132
100000365,1571,4243,-2672
100000366,1527,1022,505
100000367,953,1723,-770
100000368,924,779,145
100000369,148,262,-114
100000370,23,128,-105
100000376,14,37,-23
100000379,540,256,284
100000380,797,600,197
100000384,2191,764,1427
100000385,1736,1232,504
100000386,2152,780,1372
100000387,2633,1170,1463
100000388,5674,1181,4493
100000389,4972,1143,3829
100000390,5733,1180,4553
100000391,3357,1016,2341
100000392,1616,406,1210
100000393,365,333,32
100000394,2371,1165,1206
100000395,1089,414,675
100000396,1587,652,935
100000397,804,405,399
100000398,5838,3884,1954
100000413,4,0,4
100000414,349,156,193
100900002,0,0,0
100900003,34,33,1
100900004,10,586,-576
100900005,6,0,6
100900006,0,0,0
100900007,0,0,0
100900008,1,314,-313
100900009,2,6,-4
100900010,0,0,0
100900011,4,133,-129
100900012,0,161,-161
100900013,74,1,73
100900014,0,0,0
100900015,28,10,18
100900016,0,4,-4
100900017,56,12,44
100900018,0,0,0
100900019,0,0,0
100900020,30,0,30
100900021,264,1,263
100900022,0,0,0
100900023,0,0,0
100900024,23,0,23
100900025,0,0,0
100900026,0,40,-40
100900027,123,504,-381
100900028,4,27,-23
100900029,13,0,13
100900030,0,1,-1
100900031,24,6,18
100900032,23,1,22
100900033,56,54,2
100900034,76,1,75
100900035,27,0,27
100900036,0,0,0
100900037,0,183,-183
100900038,5,3,2
100900039,63,394,-331
100900040,56,535,-479
100900041,14,444,-430
100900042,101,12,89
100900043,0,0,0
100900044,571,34,537
100900045,3,0,3
100900046,164,1,163
100900047,2,0,2
100900048,6,1,5
100900049,7,63,-56
100900050,0,3,-3
100900051,7,21,-14
100900052,6,3,3
100900053,54,4,50
100900054,0,25,-25
100900055,12,30,-18
100900056,1,19,-18
100900057,101,121,-20
100900058,4,4,0
100900059,2,0,2
100900060,18,4,14
100900061,94,47,47
100900062,0,19,-19
100900063,20,78,-58
100900064,111,1,110
100900065,2,7,-5
100900066,16,15,1
100900067,0,0,0
100900068,1,58,-57
100900069,20,0,20
100900070,61,1,60
100900071,126,43,83
100900072,0,18,-18
100900073,10,168,-158
100900074,0,0,0
100900075,1419,52,1367
100900076,3,5,-2
100900077,0,0,0
100900078,10,35,-25
100900079,0,8,-8
100900080,0,0,0
100900081,2,7,-5
100900082,0,342,-342
100900083,0,8,-8
100900085,2,20,-18
100900086,13,47,-34
100900088,0,290,-290
100900089,0,3,-3
100900090,5,127,-122
100900091,0,0,0
100900092,6,9,-3
100900093,15,39,-24
100900094,8,219,-211
100900095,0,4,-4
100900096,1,41,-40
100900097,0,0,0
100900098,0,4,-4
100900099,1,147,-146
100900100,0,25,-25
100900101,140,5,135
100900102,0,7,-7
100900103,1,2,-1
100900104,6,40,-34
100900105,0,7,-7
100900106,14,0,14
100900107,611,101,510
100900108,0,5,-5
100900109,0,7,-7
100900110,0,0,0
100900111,22,38,-16
100900112,0,0,0
100900113,1,5,-4
100900114,0,2,-2
100900115,0,0,0
100900116,130,42,88
100900117,24,67,-43
100900118,0,15,-15
100900119,0,2,-2
100900120,0,0,0
100900121,70,20,50
100900122,45,68,-23
100900123,0,4,-4
100900124,0,1,-1
100900125,1,15,-14
100900126,3,33,-30
100900127,0,0,0
100900128,31,43,-12
100900129,0,8,-8
100900131,5,14,-9
100900133,2,6,-4
100900134,0,0,0
100900135,0,12,-12
100900137,129,28,101
100900138,47,47,0
100900139,0,2,-2
100900140,2,331,-329
100900141,0,35,-35
100900142,0,0,0
100900143,357,81,276
100900144,0,1,-1
100900145,0,31,-31
100900146,0,0,0
100900147,0,59,-59
100900148,8,507,-499
100900149,10,4,6
100900150,0,0,0
100900151,28,275,-247
100900152,0,0,0
100900153,0,40,-40
100900154,1,0,1
100900155,0,0,0
100900156,0,0,0
100900157,0,23,-23
100900159,1,1,0
100900160,2,1,1
100900161,0,0,0
100900162,1,46,-45
100900163,29,94,-65
100900164,1,2,-1
100900165,2,5,-3
100900166,0,0,0
100900167,0,24,-24
100900168,1,10,-9
100900169,69,767,-698
100900170,0,0,0
100900171,5,505,-500
100900172,0,0,0
100900173,1,347,-346
100900174,0,0,0
100900176,285,5,280
100900177,346,32,314
100900178,1,32,-31
100900179,11,7,4
100900180,0,0,0
100900181,0,0,0
100900182,0,0,0
100900184,0,0,0
100900186,348,100,248
100900187,0,80,-80
100900188,11,0,11
100900189,106,13,93
100900191,454,127,327
100900192,84,21,63
100900195,36,64,-28
100900197,0,0,0
100900198,2,72,-70
100900199,0,0,0
100900200,264,131,133
100900201,15,381,-366
100900202,0,0,0
100900203,0,19,-19
100900204,37,14,23
100900205,18,50,-32
100900206,26,11,15
100900207,28,43,-15
100900210,22,302,-280
100900211,47,6,41
100900213,1,4,-3
100900214,285,17,268
100900215,0,6,-6
100900217,30,15,15
101000001,1880,846,1034
101000002,1932,986,946
101000003,348,378,-30
101000004,417,514,-97
101000005,1781,1524,257
101000006,1124,2052,-928
101000007,495,506,-11
101000008,5674,1538,4136
101000009,438,1080,-642
101000010,171,565,-394
101000011,922,153,769
101000012,302,58,244
101000013,179,230,-51
101000014,116,97,19
101000015,384,414,-30
101000016,74,132,-58
101000017,297,257,40
101000018,2064,1171,893
101000020,2210,511,1699
101000021,255,62,193
101000022,169,12,157
101000023,632,439,193
101000025,4,43,-39
101000026,183,7,176
101000027,703,649,54
101000028,617,146,471
101000029,0,118,-118
101000030,248,51,197
101000031,124,47,77
101000032,1590,906,684
101000033,1038,455,583
101000034,944,397,547
101000035,884,135,749
101000036,576,167,409
101000037,1660,395,1265
101000039,1467,281,1186
101000040,1769,795,974
101000041,1735,471,1264
101000042,170,164,6
101000043,1652,733,919
101000045,274,50,224
101000046,699,381,318
101000047,440,340,100
101000048,188,121,67
101000049,261,295,-34
101000050,368,168,200
101000051,700,460,240
101000052,974,181,793
101000053,391,168,223
101000054,998,191,807
101000055,1103,303,800
101000056,41,19,22
101000057,1081,267,814
101000058,944,222,722
101000059,1131,445,686
101000060,1108,90,1018
101000061,354,131,223
101000062,1274,129,1145
101000063,97,50,47
101000064,883,153,730
101000065,92,122,-30
101000066,31,23,8
101000067,310,113,197
101000068,189,105,84
101000069,181,28,153
101000070,630,283,347
101000071,753,304,449
101000072,553,907,-354
101000073,88,57,31
101000074,1754,509,1245
101000075,4322,1914,2408
101000077,629,478,151
101000078,353,429,-76
101000079,191,1143,-952
101000080,447,994,-547
101000081,389,383,6
101000082,1558,1005,553
101000083,574,458,116
101000084,497,752,-255
101000085,682,246,436
101000086,804,658,146
101000087,543,591,-48
101000088,269,195,74
101000089,266,335,-69
101000090,1471,670,801
101000091,148,611,-463
101000092,517,378,139
101000093,527,242,285
101000094,228,489,-261
101000095,64,379,-315
101000096,115,246,-131
101000097,82,122,-40
101000098,136,178,-42
101000099,505,346,159
101000100,302,226,76
101000101,76,109,-33
101000102,403,133,270
101000103,318,139,179
101000104,75,102,-27
101000105,131,29,102
101000106,77,54,23
101000107,43,92,-49
101000108,555,107,448
101000109,48,40,8
101000110,8,230,-222
101000111,17,45,-28
101000113,83,175,-92
101000114,1586,814,772
101000115,9,1,8
101000116,5,21,-16
101000117,16,32,-16
101000119,90,12,78
101000120,113,2,111
101000121,24,2,22
101000122,27,12,15
101000123,23,15,8
101000124,327,604,-277
101000125,134,177,-43
101000128,249,127,122
101000130,421,266,155
101000131,193,325,-132
101000132,174,818,-644
101000135,46,2,44
101000136,98,70,28
101000137,18,106,-88
101000141,949,363,586
101000147,425,391,34
101000148,1270,9,1261
101000149,9,1,8
101000150,1,473,-472
101000151,5,43,-38
101000152,154,130,24
101000153,301,153,148
101000154,36,924,-888
101000155,39,49,-10
101000156,11,74,-63
101000157,23,5,18
101000160,0,13,-13
101000163,1,0,1
101000164,254,130,124
101000165,136,77,59
101000166,93,133,-40
101000168,169,86,83
101000252,229,254,-25
101000254,139,5,134
101000258,44,37,7
101000261,134,129,5
101000262,150,369,-219
101000263,43,169,-126
101000265,6,126,-120
101000266,127,66,61
101000269,92,6,86
101000290,566,392,174
101000293,4,18,-14
101000294,293,207,86
101000295,72,203,-131
101000301,278,71,207
101000304,841,1020,-179
101000305,829,731,98
101000328,46,136,-90
101900001,11,27,-16
101900002,0,15,-15
101900003,60,43,17
101900004,2,17,-15
101900005,2126,260,1866
101900006,208,46,162
101900007,72,4,68
101900008,48,13,35
101900009,9,27,-18
101900010,348,87,261
101900011,23,28,-5
101900012,11,9,2
101900013,481,23,458
101900017,7,27,-20
101900018,530,26,504
101900019,47,8,39
101900020,41,7,34
101900021,1,6,-5
101900022,0,406,-406
101900023,6,93,-87
101900026,25,7,18
101900027,5,76,-71
102000001,350,840,-490
102000002,136,145,-9
102000003,1634,1306,328
102000004,2131,612,1519
102000005,1014,710,304
102000006,2138,514,1624
102000007,963,1308,-345
102000008,1959,447,1512
102000009,2493,2187,306
102000010,3034,760,2274
102000011,1996,1622,374
102000012,4385,1885,2500
102000018,1030,400,630
102000019,1142,355,787
102000026,84,55,29
102000029,152,69,83
102000030,36,48,-12
102000031,3,70,-67
102000032,109,131,-22
102000033,38,123,-85
102000034,155,103,52
102000035,233,121,112
102000036,13,41,-28
102000038,2,8,-6
102000039,7,22,-15
102000040,132,37,95
102000041,16,57,-41
102000042,11,15,-4
102000043,55,74,-19
102000044,50,115,-65
102000045,280,335,-55
102000046,312,143,169
102000047,265,430,-165
102000048,55,123,-68
102000049,167,187,-20
102000050,263,380,-117
102000051,146,112,34
102000052,365,311,54
102000053,110,222,-112
102000054,152,310,-158
102000055,367,445,-78
102000056,162,200,-38
102000057,371,64,307
102000058,438,633,-195
102000059,425,531,-106
102000060,271,181,90
102000061,463,1223,-760
102000062,182,360,-178
102000063,460,631,-171
102000064,259,281,-22
102000065,10,37,-27
102000066,354,441,-87
102000067,542,776,-234
102000068,3381,1122,2259
102000069,12,453,-441
102000070,1525,31,1494
102000071,3175,4664,-1489
102000072,1759,2576,-817
102000073,70,370,-300
102000074,91,325,-234
102000075,39,162,-123
102000076,55,317,-262
102000077,79,647,-568
102000078,157,433,-276
102000079,55,133,-78
102000080,10,32,-22
102000081,66,333,-267
102000082,324,197,127
102000083,48,448,-400
102000084,25,149,-124
102000085,723,529,194
102000086,381,375,6
102000087,250,994,-744
102000088,88,107,-19
102000089,159,198,-39
102000090,156,520,-364
102000091,688,255,433
102000092,267,317,-50
102000093,328,220,108
102000094,222,72,150
102000095,282,278,4
102000096,323,132,191
102000097,696,435,261
102000098,195,251,-56
102000099,355,225,130
102000100,254,154,100
102000101,363,111,252
102000102,96,219,-123
102000103,398,146,252
102000104,530,187,343
102000105,59,518,-459
102000106,129,520,-391
102000107,93,162,-69
102000108,169,143,26
102000109,71,222,-151
102000110,86,209,-123
102000111,107,416,-309
102000112,27,18,9
102000113,1,11,-10
102000114,254,163,91
102000115,149,53,96
102000116,61,94,-33
102000117,27,202,-175
102000118,592,456,136
102000119,1201,193,1008
102000120,64,141,-77
102000121,138,338,-200
102000122,61,219,-158
102000123,517,336,181
102000124,308,329,-21
102000125,269,176,93
102000126,219,224,-5
102000127,353,188,165
102000128,207,339,-132
102000129,281,390,-109
102000130,132,280,-148
102000131,159,259,-100
102000132,143,238,-95
102000133,320,1155,-835
102000134,134,257,-123
102000135,570,213,357
102000136,396,85,311
102000137,245,219,26
102000138,146,116,30
102000139,17,158,-141
102000140,79,136,-57
102000141,49,266,-217
102000142,28,159,-131
102000143,17,224,-207
102000144,8,197,-189
102000145,55,141,-86
102000146,73,166,-93
102000147,46,62,-16
102000148,32,32,0
102000149,49,214,-165
102000150,31,75,-44
102000151,16,131,-115
102000152,39,75,-36
102000153,203,75,128
102000154,107,193,-86
102000155,70,105,-35
102000156,124,17,107
102000157,12,46,-34
102000158,123,28,95
102000159,725,35,690
102000161,1569,196,1373
102000162,199,59,140
102000163,22,49,-27
102000164,243,48,195
102000165,155,53,102
102000166,24,72,-48
102000167,63,65,-2
102000168,32,61,-29
102000169,37,59,-22
102000170,356,62,294
102000171,102,46,56
102000172,7,37,-30
102000173,92,89,3
102000174,10,34,-24
102000175,27,16,11
102000176,11,9,2
102000178,34,238,-204
102000179,31,71,-40
102000180,103,303,-200
102000181,56,339,-283
102000182,142,432,-290
102000183,219,444,-225
102000184,44,140,-96
102000185,160,338,-178
102000186,262,711,-449
102000187,178,863,-685
102000188,85,259,-174
102000189,1524,739,785
102000190,152,350,-198
102000191,571,89,482
102000192,329,530,-201
102000193,3,92,-89
102000194,15,58,-43
102000195,95,266,-171
102000196,30,275,-245
102000197,84,337,-253
102000198,21,390,-369
102000199,95,214,-119
102000200,53,373,-320
102000201,99,253,-154
102000202,0,61,-61
102000203,38,152,-114
102000204,69,291,-222
102000205,187,209,-22
102000206,136,310,-174
102000207,79,145,-66
102000208,44,214,-170
102000209,22,26,-4
102000210,36,378,-342
102000211,55,180,-125
102000212,7,7,0
102000213,1,132,-131
102000214,23,3,20
102000215,2,286,-284
102000216,6,3,3
102000217,1,110,-109
102000218,13,12,1
102000219,105,184,-79
102000225,145,49,96
102000226,113,13,100
102000227,4,0,4
102000228,2,48,-46
102000229,7,9,-2
102000230,56,214,-158
102000231,133,174,-41
102000232,6,34,-28
102000233,292,205,87
102000234,11,111,-100
102000236,310,76,234
102000237,87,61,26
102000238,153,137,16
102000240,334,318,16
102000241,115,41,74
102000243,10,23,-13
102000245,5,58,-53
102000246,3,5,-2
102000247,417,371,46
102000248,416,530,-114
102000249,103,258,-155
102000250,15,209,-194
102000254,14,170,-156
102000266,22,82,-60
102000271,9,1,8
102000286,110,63,47
102000297,515,254,261
102000303,0,0,0
102000305,0,1,-1
102000307,0,6,-6
102900001,159,137,22
102900002,65,1,64
102900003,4,156,-152
102900005,23,63,-40
102900006,72,23,49
102900007,41,6,35
102900008,36,10,26
102900009,0,0,0
102900010,49,127,-78
102900011,960,64,896
102900012,84,2,82
102900013,0,0,0
102900015,135,25,110
102900016,0,0,0
102900017,0,0,0
102900018,0,0,0
102900019,28,84,-56
102900020,12,11,1
102900021,0,0,0
102900022,100,54,46
102900023,0,0,0
102900024,7,10,-3
102900025,0,0,0
102900026,102,244,-142
102900027,6,9,-3
102900028,14,63,-49
102900029,16,30,-14
102900030,35,37,-2
102900031,15,35,-20
102900032,3,44,-41
102900033,0,0,0
102900034,24,37,-13
102900035,7,289,-282
102900036,12,221,-209
102900037,14,196,-182
102900038,115,108,7
102900039,6,98,-92
102900040,29,80,-51
102900041,17,88,-71
102900042,35,194,-159
102900043,26,159,-133
102900044,122,945,-823
102900045,36,253,-217
102900046,18,136,-118
102900047,17,268,-251
102900048,177,389,-212
102900049,21,143,-122
102900050,38,128,-90
102900051,9,77,-68
102900053,78,280,-202
102900054,92,241,-149
102900055,0,0,0
102900056,30,175,-145
102900057,0,0,0
102900058,118,13,105
102900059,0,0,0
102900060,9,147,-138
102900061,6,207,-201
102900062,10,738,-728
102900063,101,88,13
102900064,10,65,-55
102900065,207,70,137
102900066,40,0,40
102900068,16,18,-2
102900070,9,295,-286
102900072,6,19,-13
102900073,22,1,21
102900075,0,0,0
102900076,0,0,0
102900077,0,0,0
102900078,0,0,0
102900079,28,0,28
102900080,27,0,27
102900081,16,65,-49
102900082,2,57,-55
102900083,0,0,0
102900084,0,0,0
102900085,0,0,0
102900086,0,0,0
102900087,3,17,-14
102900088,0,11,-11
102900089,77,44,33
102900090,2,270,-268
102900091,18,0,18
102900092,34,570,-536
102900094,0,22,-22
102900095,11,0,11
102900096,13,5,8
102900097,2,71,-69
103000001,982,1185,-203
103000002,645,735,-90
103000003,1307,1035,272
103000004,473,298,175
103000005,712,649,63
103000006,239,483,-244
103000007,192,418,-226
103000008,185,424,-239
103000009,102,251,-149
103000010,93,118,-25
103000011,743,380,363
103000012,447,414,33
103000013,3841,1012,2829
103000014,477,343,134
103000015,1049,530,519
103000016,176,204,-28
103000017,43,31,12
103000018,328,130,198
103000019,22,25,-3
103000020,554,636,-82
103000021,260,338,-78
103000022,412,652,-240
103000023,117,323,-206
103000024,83,66,17
103000025,34,40,-6
103000026,953,51,902
103000027,119,60,59
103000028,365,117,248
103000029,301,53,248
103000030,1336,157,1179
103000031,665,299,366
103000032,786,731,55
103000033,984,652,332
103000034,875,341,534
103000035,205,409,-204
103000036,247,128,119
103000037,353,178,175
103000038,253,254,-1
103000039,33,276,-243
103000040,65,484,-419
103000041,616,1601,-985
103000042,272,306,-34
103000043,114,489,-375
103000044,48,117,-69
103000046,117,71,46
103000047,112,179,-67
103000048,117,51,66
103000049,29,45,-16
103000050,124,273,-149
103000051,81,171,-90
103000052,238,176,62
103000053,41,125,-84
103000054,575,409,166
103000055,459,494,-35
103000056,300,914,-614
103000057,219,172,47
103000058,123,451,-328
103000059,159,293,-134
103000060,346,368,-22
103000061,134,289,-155
103000062,348,403,-55
103000063,238,282,-44
103000064,60,157,-97
103000065,1,151,-150
103000066,35,6,29
103000069,53,150,-97
103000070,116,669,-553
103000071,173,133,40
103000072,38,435,-397
103000073,68,27,41
103000074,52,13,39
103000075,81,439,-358
103000076,39,17,22
103000077,12,187,-175
103000078,391,45,346
103000079,545,134,411
103000080,309,67,242
103000081,129,228,-99
103000082,110,39,71
103000083,17,174,-157
103000084,0,0,0
103000085,2,25,-23
103000086,193,49,144
103000087,35,120,-85
103000088,149,109,40
103000089,73,65,8
103000090,594,553,41
103000091,213,187,26
103000092,62,89,-27
103000093,130,321,-191
103000094,40,46,-6
103000095,25,220,-195
103000096,130,20,110
103000097,3,292,-289
103000098,412,8,404
103000099,58,201,-143
103000100,22,437,-415
103000101,92,33,59
103000102,36,317,-281
103000103,70,74,-4
103000104,5,78,-73
103000105,17,69,-52
103000106,1,74,-73
103000107,96,30,66
103000108,290,383,-93
103000109,203,222,-19
103000110,249,228,21
103000111,228,199,29
103000112,71,103,-32
103000113,67,278,-211
103000114,162,113,49
103000115,137,216,-79
103000116,137,264,-127
103000117,81,259,-178
103000118,523,540,-17
103000119,1162,431,731
103000120,16,52,-36
103000121,83,238,-155
103000122,56,64,-8
103000125,4,318,-314
103000126,79,1,78
103000127,2,214,-212
103000128,30,1,29
103000129,1,143,-142
103000130,11,6,5
103000131,157,33,124
103000132,77,35,42
103000133,5,134,-129
103000134,310,127,183
103000135,312,50,262
103000136,297,142,155
103000137,137,135,2
103000138,192,95,97
103000139,0,22,-22
103000140,43,9,34
103000141,12,49,-37
103000142,34,23,11
103000143,6,95,-89
103000144,55,22,33
103000145,8,23,-15
103000150,61,43,18
103000152,99,134,-35
103000153,94,73,21
103000156,1,345,-344
103000157,72,2,70
103000159,20,34,-14
103000162,9,0,9
103000163,1,8,-7
103000164,2,7,-5
103000165,65,185,-120
103000166,24,15,9
103000167,35,49,-14
103000168,35,122,-87
103000169,22,59,-37
103000170,275,251,24
103000171,6,50,-44
103000172,50,141,-91
103000173,81,381,-300
103000174,52,130,-78
103000175,55,399,-344
103000176,305,37,268
103000177,293,193,100
103000178,186,106,80
103000179,14,6,8
103000183,5,18,-13
103000185,7,34,-27
103000186,24,85,-61
103000187,64,313,-249
103000188,1,27,-26
103000189,232,588,-356
103000191,96,146,-50
103000292,1088,251,837
103000293,766,191,575
103000295,13,37,-24
103000296,63,3,60
103000297,21,4,17
103000504,152,5,147
103000505,5,11,-6
103000506,1,88,-87
103000507,65,2,63
103000508,51,17,34
103000509,320,405,-85
103900001,0,95,-95
103900002,553,51,502
103900003,333,5,328
103900004,0,0,0
103900005,0,128,-128
103900006,0,0,0
103900007,0,0,0
103900008,0,0,0
103900010,20,83,-63
103900012,3,2,1
103900014,2,3,-1
103900015,2,2,0
103900017,2,77,-75
103900018,337,53,284
103900019,11,52,-41
103900020,17,54,-37
103900021,3,0,3
103900022,140,278,-138
103900023,5,0,5
103900024,37,265,-228
103900025,2,12,-10
103900026,1,0,1
103900027,31,62,-31
103900028,15,67,-52
103900029,150,82,68
103900030,11,2,9
103900031,20,14,6
103900032,6,8,-2
103900033,4,0,4
103900034,3,81,-78
103900035,3,15,-12
103900036,2,3,-1
103900037,1,10,-9
103900038,6,24,-18
103900039,4,228,-224
103900040,5,79,-74
103900041,1,8,-7
103900042,18,276,-258
103900043,6,24,-18
103900044,41,18,23
103900045,28,46,-18
103900047,24,19,5
103900048,18,5,13
103900049,104,462,-358
103900050,0,45,-45
103900051,0,21,-21
103900052,38,269,-231
103900053,54,517,-463
103900054,6,396,-390
103900055,45,91,-46
103900056,2,53,-51
103900057,3,162,-159
103900058,16,298,-282
103900059,0,1,-1
103900060,1,63,-62
103900061,7,14,-7
103900062,5,17,-12
103900063,0,0,0
103900064,10,0,10
103900065,369,76,293
103900066,7,2,5
103900067,3,0,3
103900068,0,0,0
103900069,14,0,14
103900070,10,82,-72
103900071,9,82,-73
103900072,2,144,-142
103900073,1,0,1
103900074,2,32,-30
103900075,24,24,0
103900076,58,380,-322
103900077,7,3,4
103900078,9,51,-42
103900079,13,106,-93
103900080,2,1,1
103900081,0,0,0
103900082,1,32,-31
103900083,847,42,805
103900084,2,23,-21
103900085,19,44,-25
103900086,53,100,-47
103900088,115,50,65
103900089,16,62,-46
103900090,0,57,-57
103900091,308,79,229
103900092,35,222,-187
103900093,36,188,-152
103900094,3,74,-71
103900095,16,44,-28
103900096,7,178,-171
103900097,1,199,-198
103900098,54,15,39
103900099,0,121,-121
103900100,11,144,-133
103900101,28,333,-305
103900102,0,15,-15
103900104,0,13,-13
103900105,18,71,-53
103900106,0,12,-12
103900107,1,70,-69
103900108,16,227,-211
103900109,4,29,-25
103900110,56,14,42
103900111,7,327,-320
103900112,1,11,-10
103900113,28,99,-71
103900114,203,131,72
103900115,91,26,65
103900116,2464,123,2341
103900117,144,61,83
103900119,4,4,0
103900120,8,27,-19
103900122,1,162,-161
103900123,520,151,369
103900124,18,409,-391
103900125,17,57,-40
103900126,77,172,-95
103900127,44,260,-216
103900128,62,234,-172
103900131,6,73,-67
103900133,145,2,143
103900134,0,0,0
103900135,0,0,0
103900137,0,13,-13
103900138,0,108,-108
103900139,185,256,-71
103900140,0,0,0
103900141,53,16,37
103900142,1,20,-19
103900143,9,0,9
103900144,0,6,-6
103900145,27,196,-169
103900146,53,129,-76
103900147,59,35,24
103900148,36,266,-230
103900149,9,303,-294
103900150,2309,310,1999
103900151,3,29,-26
103900152,25,311,-286
103900153,0,0,0
103900154,490,124,366
103900155,4,73,-69
103900156,1,67,-66
103900157,3,72,-69
103900158,7,77,-70
103900159,8,42,-34
103900160,6,2,4
103900161,12,48,-36
103900162,96,297,-201
103900163,1,177,-176
103900167,0,6,-6
103900168,5,38,-33
103900169,0,12,-12
103900170,0,48,-48
103900171,2,26,-24
103900172,0,7,-7
103900173,1,1,0
103900174,12,14,-2
103900175,7,6,1
103900176,3,9,-6
103900177,1,23,-22
103900178,4,20,-16
103900179,0,78,-78
103900180,0,48,-48
103900181,39,11,28
103900182,10,3,7
103900184,215,2,213
103900185,69,23,46
103900187,5,5,0
103900188,11,4,7
103900189,17,1,16
103900190,2,27,-25
103900191,1,15,-14
103900192,4,19,-15
103900193,28,39,-11
103900194,5,96,-91
103900195,1,8,-7
103900196,4,4,0
103900197,2,7,-5
103900198,10,13,-3
103900199,19,45,-26
103900200,11,58,-47
103900201,9,79,-70
103900202,0,30,-30
103900203,12,6,6
103900204,1,54,-53
103900207,0,53,-53
103900208,2,0,2
103900209,0,42,-42
103900210,3,19,-16
103900211,50,256,-206
103900212,22,429,-407
103900213,22,144,-122
103900214,9,1,8
103900215,591,121,470
103900216,5,172,-167
103900217,4,0,4
103900218,1,82,-81
103900219,5,89,-84
103900233,1,0,1
103900235,2,1,1
103900236,3,1,2
103900242,0,0,0
103900243,0,1,-1
103900244,3,123,-120
103900245,7,78,-71
103900246,8,6,2
103900247,11,41,-30
103900248,0,3,-3
103900249,0,3,-3
103900250,4,0,4
103900251,0,5,-5
103900253,9,1,8
103900254,1,1,0
103900255,1,1,0
103900256,2,6,-4
103900257,54,23,31
103900258,7,0,7
103900259,39,1,38
103900261,0,0,0
103900262,4,1,3
103900263,7,21,-14
103900264,17,0,17
103900265,4,0,4
103900266,0,4,-4
103900267,1,27,-26
103900268,1,64,-63
103900269,47,10,37
103900270,5,50,-45
103900271,6,71,-65
103900272,0,0,0
103900273,0,0,0
103900274,0,0,0
103900275,0,0,0
103900276,0,0,0
103900277,0,0,0
103900278,0,0,0
103900279,0,0,0
103900280,0,0,0
104000001,949,1180,-231
104000002,682,1147,-465
104000003,924,1076,-152
104000004,1797,1092,705
104000005,485,786,-301
104000006,1185,1289,-104
104000007,1527,1451,76
104000008,153,447,-294
104000009,70,128,-58
104000010,22,66,-44
104000011,332,283,49
104000012,41,294,-253
104000013,8,45,-37
104000014,85,452,-367
104000015,58,29,29
104000016,134,261,-127
104000018,142,64,78
104000019,127,31,96
104000020,59,511,-452
104000021,110,465,-355
104000022,27,184,-157
104000023,173,150,23
104000024,64,130,-66
104000026,13,42,-29
104000027,58,257,-199
104000028,80,142,-62
104000029,127,374,-247
104000030,63,178,-115
104000031,76,70,6
104000032,59,200,-141
104000033,71,82,-11
104000034,109,276,-167
104000035,126,193,-67
104000036,154,240,-86
104000037,70,171,-101
104000038,124,250,-126
104000039,38,309,-271
104000040,164,278,-114
104000041,154,112,42
104000042,87,302,-215
104000043,91,241,-150
104000044,75,479,-404
104000045,230,641,-411
104000046,409,609,-200
104000047,166,608,-442
104000048,578,1056,-478
104000049,108,88,20
104000050,31,179,-148
104000051,42,407,-365
104000052,304,582,-278
104000053,263,295,-32
104000054,67,166,-99
104000055,1518,951,567
104000056,623,142,481
104000057,71,511,-440
104000058,363,352,11
104000059,106,580,-474
104000060,123,427,-304
104000061,306,453,-147
104000062,64,118,-54
104000064,306,132,174
104000065,23,186,-163
104000069,722,225,497
104000070,9,104,-95
104000071,88,246,-158
104000072,117,177,-60
104000075,10,43,-33
104000076,91,7,84
104000082,658,790,-132
104000083,193,57,136
104000084,49,252,-203
104000085,52,80,-28
104000086,74,262,-188
104000087,81,161,-80
104000090,206,771,-565
104000092,152,1377,-1225
104000094,196,1085,-889
104000095,672,737,-65
104000096,105,233,-128
104000097,242,291,-49
104000098,165,419,-254
104000100,182,285,-103
104000101,393,765,-372
104000106,195,379,-184
104000107,120,259,-139
104000108,83,245,-162
104000109,43,6,37
104000110,364,415,-51
104000111,1850,445,1405
104000112,822,215,607
104000116,3,759,-756
104000117,4,466,-462
104000118,86,116,-30
104000119,59,119,-60
104000120,10,459,-449
104000121,63,285,-222
104000122,163,282,-119
104000123,315,559,-244
104000124,707,1176,-469
104000125,2406,946,1460
104000126,77,218,-141
104000127,921,1857,-936
104000128,150,202,-52
104000129,128,17,111
104000130,2,111,-109
104000131,764,491,273
104000132,415,781,-366
104000133,548,503,45
104000134,418,592,-174
104000135,154,272,-118
104000136,398,614,-216
104000137,924,72,852
104000138,847,205,642
104000139,5183,1263,3920
104000141,868,1126,-258
104000142,236,621,-385
104000143,143,561,-418
104000144,6,56,-50
104000145,58,36,22
104000146,226,285,-59
104000147,56,184,-128
104000148,33,38,-5
104000149,105,224,-119
104000150,115,127,-12
104000151,133,432,-299
104000152,116,640,-524
104000153,34,104,-70
104000154,625,438,187
104000155,60,145,-85
104000157,634,1013,-379
104000158,85,132,-47
104000159,142,150,-8
104000160,920,520,400
104000161,57,47,10
104000162,31,53,-22
104000165,340,271,69
104000167,80,146,-66
104000168,107,0,107
104000169,0,0,0
104000170,608,96,512
104000248,3,314,-311
104000251,21,168,-147
104000272,2,0,2
104000273,1,1,0
104000274,1,0,1
104000275,3,0,3
104000279,1050,329,721
104000290,16,175,-159
104000291,564,395,169
104000293,220,228,-8
104000294,0,0,0
104000295,147,427,-280
104000296,130,321,-191
104000297,362,787,-425
104000298,867,386,481
104000299,243,656,-413
104000302,111,132,-21
104000303,138,163,-25
104900001,6,53,-47
104900002,4,16,-12
104900003,8,197,-189
104900004,9,184,-175
104900005,23,45,-22
104900006,13,11,2
104900007,41,92,-51
104900009,10,165,-155
104900010,0,2,-2
104900011,3,0,3
104900012,12,0,12
104900013,11,0,11
104900014,1369,59,1310
104900015,11,0,11
104900016,26,195,-169
104900017,7,80,-73
104900018,0,91,-91
104900019,39,94,-55
104900020,11,107,-96
104900021,0,0,0
104900022,0,84,-84
104900023,0,0,0
104900024,2,60,-58
104900025,4,144,-140
104900026,0,0,0
104900027,16,8,8
104900028,3,60,-57
104900029,0,0,0
104900030,27,15,12
104900031,59,91,-32
104900032,9,53,-44
104900033,0,0,0
104900034,16,6,10
104900035,9,8,1
104900036,10,7,3
104900037,23,111,-88
104900038,136,35,101
104900039,0,0,0
104900040,12,7,5
104900041,0,0,0
104900042,34,152,-118
104900043,0,0,0
104900044,38,18,20
104900045,0,0,0
104900046,3,24,-21
104900047,9,10,-1
104900048,6,12,-6
104900049,0,0,0
104900050,27,17,10
104900051,4,4,0
104900052,0,0,0
104900053,20,3,17
104900054,10,1,9
104900055,0,0,0
104900056,20,0,20
104900057,8,1,7
104900058,37,26,11
104900059,0,0,0
104900061,57,325,-268
104900063,6,66,-60
104900064,0,53,-53
104900065,0,36,-36
104900066,1,74,-73
104900067,0,127,-127
104900068,0,121,-121
104900070,13,182,-169
104900071,0,453,-453
104900072,2,88,-86
104900073,4,44,-40
104900074,21,72,-51
104900075,1,9,-8
104900076,16,177,-161
104900077,248,9,239
104900078,30,433,-403
104900079,29,19,10
104900080,6,238,-232
104900082,2,43,-41
104900085,0,46,-46
104900089,0,0,0
104900091,103,302,-199
104900093,55,199,-144
104900097,1202,276,926
104900098,5,8,-3
104900099,10,118,-108
104900100,291,55,236
104900102,7,89,-82
104900103,142,23,119
104900106,7,84,-77
104900107,9,152,-143
104900108,12,70,-58
104900109,1,13,-12
104900110,1,14,-13
104900111,23,30,-7
104900112,45,359,-314
104900113,115,154,-39
104900114,25,297,-272
104900115,51,233,-182
104900116,15,135,-120
104900118,4,20,-16
104900119,1,11,-10
104900120,0,0,0
104900121,0,0,0
104900122,0,0,0
104900123,0,0,0
104900124,0,0,0
104900125,24,1,23
104900126,28,22,6
104900127,8,4,4
104900128,0,1,-1
104900129,556,116,440
105000001,1034,1035,-1
105000002,769,756,13
105000003,1043,1598,-555
105000004,169,471,-302
105000005,265,609,-344
105000006,359,562,-203
105000007,235,503,-268
105000008,239,778,-539
105000009,440,866,-426
105000010,1104,1068,36
105000011,624,611,13
105000012,1801,1578,223
105000013,392,405,-13
105000014,433,665,-232
105000015,2693,1191,1502
105000016,1247,628,619
105000017,556,499,57
105000018,413,463,-50
105000019,537,289,248
105000020,81,212,-131
105000021,117,72,45
105000022,31,14,17
105000023,129,67,62
105000028,43,80,-37
105000029,143,253,-110
105000030,1759,1815,-56
105000031,0,14,-14
105000033,697,1318,-621
105000034,44,209,-165
105000037,299,210,89
105000038,238,322,-84
105000039,1918,991,927
105000040,68,186,-118
105000041,217,793,-576
105000042,566,222,344
105000043,1119,1448,-329
105000044,61,109,-48
105000045,109,559,-450
105000046,128,130,-2
105000047,140,852,-712
105000048,115,82,33
105000049,181,476,-295
105000050,25,27,-2
105000051,92,335,-243
105000052,56,405,-349
105000053,38,158,-120
105000054,44,484,-440
105000055,80,214,-134
105000056,170,1127,-957
105000057,386,506,-120
105000058,369,714,-345
105000059,79,143,-64
105000060,129,293,-164
105000061,71,91,-20
105000062,237,551,-314
105000063,125,473,-348
105000064,83,217,-134
105000065,103,570,-467
105000066,277,1046,-769
105000067,130,197,-67
105000068,307,452,-145
105000069,1034,171,863
105000070,295,364,-69
105000071,38,75,-37
105000072,287,171,116
105000073,258,154,104
105000074,326,574,-248
105000075,195,332,-137
105000076,485,577,-92
105000077,775,348,427
105000078,492,454,38
105000079,763,1024,-261
105000080,406,327,79
105000081,341,405,-64
105000082,103,196,-93
105000083,217,149,68
105000084,162,566,-404
105000085,317,287,30
105000086,260,541,-281
105000087,1057,1032,25
105000088,322,320,2
105000089,1432,1408,24
105000090,595,541,54
105000091,1059,1186,-127
105000092,219,662,-443
105000093,192,100,92
105000094,98,62,36
105000095,48,269,-221
105000096,256,216,40
105000097,289,282,7
105000098,113,166,-53
105000099,225,641,-416
105000100,400,539,-139
105000101,724,1035,-311
105000102,550,730,-180
105000103,559,999,-440
105000104,308,436,-128
105000105,175,762,-587
105000106,305,632,-327
105000107,186,364,-178
105000108,241,665,-424
105000109,283,726,-443
105000110,159,297,-138
105000111,151,234,-83
105000112,340,278,62
105000113,88,205,-117
105000114,1458,381,1077
105000115,155,296,-141
105000116,78,106,-28
105000117,335,739,-404
105000118,37,125,-88
105000119,155,625,-470
105000120,143,213,-70
105000121,236,554,-318
105000122,80,124,-44
105000123,340,612,-272
105000124,251,420,-169
105000125,139,740,-601
105000126,501,1016,-515
105000127,625,929,-304
105000128,98,538,-440
105000129,112,192,-80
105000130,29,220,-191
105000131,146,140,6
105000132,126,97,29
105000133,157,503,-346
105000134,75,149,-74
105000135,100,307,-207
105000136,24,178,-154
105000137,51,23,28
105000138,102,170,-68
105000139,309,570,-261
105000140,21,36,-15
105000141,46,304,-258
105000142,4,69,-65
105000143,50,266,-216
105000144,58,332,-274
105000145,48,115,-67
105000146,98,274,-176
105000147,24,19,5
105000148,87,68,19
105000149,153,92,61
105000150,647,631,16
105000151,77,126,-49
105000152,28,351,-323
105000153,114,186,-72
105000154,179,478,-299
105000155,52,202,-150
105000156,208,486,-278
105000157,321,960,-639
105000158,346,333,13
105000159,191,734,-543
105000160,380,296,84
105000161,232,1053,-821
105000162,120,380,-260
105000163,480,509,-29
105000164,98,103,-5
105000165,532,716,-184
105000166,3392,82,3310
105000167,1237,553,684
105000168,6,463,-457
105000169,50,242,-192
105000170,11,394,-383
105000171,431,151,280
105000172,1,1,0
105000173,2,0,2
105000174,4,5,-1
105000175,21,100,-79
105000176,33,26,7
105000177,5,28,-23
105000178,13,135,-122
105000179,26,39,-13
105000180,22,65,-43
105000181,8,102,-94
105000182,13,37,-24
105000183,1124,353,771
105000184,774,357,417
105000185,284,124,160
105000186,133,652,-519
105000187,107,86,21
105000188,25,29,-4
105000189,45,358,-313
105000190,10,46,-36
105000191,118,332,-214
105000192,14,98,-84
105000193,20,46,-26
105000194,53,37,16
105000195,41,458,-417
105000196,10,31,-21
105000197,45,255,-210
105000198,180,67,113
105000199,34,64,-30
105000200,24,116,-92
105000201,15,14,1
105000203,5,230,-225
105000204,49,48,1
105000205,53,159,-106
105000207,276,112,164
105000208,0,0,0
105000209,91,226,-135
105000211,32,5,27
105000212,237,594,-357
105000213,56,84,-28
105000214,6,106,-100
105000215,9,110,-101
105000216,22,245,-223
105000217,53,230,-177
105000218,105,338,-233
105000221,35,140,-105
105000222,3,22,-19
105000223,49,85,-36
105000226,8,78,-70
105000227,1,22,-21
105000228,38,317,-279
105000229,20,107,-87
105000231,0,0,0
105000233,276,225,51
105000234,291,638,-347
105000235,59,182,-123
105000237,73,8,65
105000243,7,10,-3
105000248,29,33,-4
105000262,60,797,-737
105000269,27,79,-52
105000270,44,74,-30
105000271,1,149,-148
105000282,26,9,17
105000287,84,43,41
105000288,52,149,-97
105000289,168,279,-111
105000290,0,0,0
105000402,1800,755,1045
105000426,124,189,-65
105000438,187,232,-45
105000440,0,14,-14
105000446,4326,1706,2620
105000447,2279,823,1456
105000454,50,478,-428
105000455,94,122,-28
105000474,0,0,0
105000477,16,129,-113
105000478,256,431,-175
105000479,20,81,-61
105000480,356,548,-192
105000481,784,690,94
105000482,1812,1227,585
105000483,395,423,-28
105000484,879,1171,-292
105000485,658,656,2
105000486,1266,1147,119
105000488,1213,1172,41
105000489,159,292,-133
105000549,2,17,-15
105000550,189,482,-293
105000551,1,60,-59
105000552,2186,737,1449
105000555,274,253,21
105000556,20,8,12
105000557,9,149,-140
105900001,2,290,-288
105900002,751,52,699
105900003,4,16,-12
105900004,206,26,180
105900005,2,134,-132
105900006,1,13,-12
105900007,4,1,3
105900008,6,303,-297
105900009,1,4,-3
105900011,13,23,-10
105900012,45,98,-53
105900013,0,0,0
105900014,0,45,-45
105900015,50,156,-106
105900016,58,390,-332
105900017,116,28,88
105900018,56,90,-34
105900019,28,345,-317
105900020,3,23,-20
105900021,3,158,-155
105900022,44,162,-118
105900023,0,75,-75
105900024,1,68,-67
105900025,13,16,-3
105900026,44,9,35
105900027,1361,564,797
105900028,8,94,-86
105900029,921,176,745
105900030,41,192,-151
105900031,123,82,41
105900032,12,70,-58
105900033,3,69,-66
105900034,15,156,-141
105900035,25,63,-38
105900036,9,47,-38
105900037,26,15,11
105900038,20,128,-108
105900039,12,63,-51
105900040,25,35,-10
105900041,89,118,-29
105900042,5,62,-57
105900043,522,11,511
105900044,2,34,-32
105900045,0,132,-132
105900046,1,98,-97
105900047,0,11,-11
105900048,4,220,-216
105900050,236,223,13
105900051,0,524,-524
105900052,29,17,12
105900053,1571,183,1388
105900054,108,71,37
105900056,271,10,261
105900057,0,81,-81
105900058,6,8,-2
105900059,0,7,-7
106000001,668,248,420
106000002,888,1458,-570
106000003,1387,596,791
106000004,1045,952,93
106000005,844,1325,-481
106000006,2207,1920,287
106000007,205,165,40
106000008,201,158,43
106000009,158,115,43
106000010,296,342,-46
106000011,198,304,-106
106000012,206,547,-341
106000013,550,559,-9
106000014,618,889,-271
106000015,312,392,-80
106000016,769,1401,-632
106000017,292,333,-41
106000018,201,457,-256
106000019,87,237,-150
106000020,65,237,-172
106000021,157,233,-76
106000022,113,230,-117
106000023,171,192,-21
106000024,147,502,-355
106000025,61,78,-17
106000026,96,317,-221
106000027,111,228,-117
106000028,211,495,-284
106000029,431,953,-522
106000030,328,98,230
106000034,97,247,-150
106000035,162,286,-124
106000036,134,121,13
106000037,488,651,-163
106000038,137,56,81
106000039,66,14,52
106000040,61,299,-238
106000041,248,94,154
106000043,100,39,61
106000046,95,6,89
106000047,4,179,-175
106000049,50,73,-23
106000050,98,407,-309
106000051,51,138,-87
106000052,24,337,-313
106000053,0,0,0
106000054,120,223,-103
106000055,62,166,-104
106000056,121,270,-149
106000057,0,0,0
106000058,43,117,-74
106000059,22,72,-50
106000060,250,358,-108
106000061,46,74,-28
106000062,133,331,-198
106000063,103,99,4
106000064,42,241,-199
106000065,8,31,-23
106000066,24,247,-223
106000067,13,20,-7
106000068,1,306,-305
106000069,4,36,-32
106000070,33,328,-295
106000071,25,100,-75
106000072,1677,394,1283
106000073,541,598,-57
106000074,75,235,-160
106000075,75,344,-269
106000076,259,620,-361
106000077,610,446,164
106000078,142,342,-200
106000079,98,382,-284
106000080,206,376,-170
106000081,106,310,-204
106000082,653,424,229
106000083,66,412,-346
106000084,129,247,-118
106000085,271,343,-72
106000086,113,200,-87
106000087,94,224,-130
106000088,61,344,-283
106000089,129,179,-50
106000090,45,337,-292
106000091,114,219,-105
106000092,99,75,24
106000093,32,20,12
106000094,30,237,-207
106000095,75,568,-493
106000096,78,365,-287
106000097,122,736,-614
106000098,34,472,-438
106000099,19,508,-489
106000100,113,139,-26
106000101,129,121,8
106000102,23,233,-210
106000103,68,287,-219
106000104,157,154,3
106000105,128,481,-353
106000106,86,168,-82
106000107,44,308,-264
106000108,82,150,-68
106000109,34,225,-191
106000110,50,137,-87
106000111,48,332,-284
106000112,40,134,-94
106000113,544,303,241
106000114,254,113,141
106000115,69,314,-245
106000116,42,94,-52
106000117,321,287,34
106000118,323,348,-25
106000119,910,422,488
106000120,333,168,165
106000121,36,127,-91
106000122,2,109,-107
106000123,60,137,-77
106000124,26,161,-135
106000125,3,164,-161
106000126,26,109,-83
106000127,83,473,-390
106000128,60,144,-84
106000129,90,353,-263
106000130,118,129,-11
106000131,63,268,-205
106000132,280,43,237
106000133,2183,340,1843
106000134,220,102,118
106000135,77,581,-504
106000136,98,59,39
106000137,29,985,-956
106000138,73,16,57
106000139,0,0,0
106000140,8,76,-68
106000141,10,75,-65
106000142,0,0,0
106000143,7,92,-85
106000144,0,0,0
106000145,35,269,-234
106000146,0,0,0
106000147,170,420,-250
106000148,175,516,-341
106000149,158,343,-185
106000150,169,577,-408
106000151,2006,195,1811
106000152,532,254,278
106000153,37,394,-357
106000154,909,111,798
106000155,28,33,-5
106000156,129,116,13
106000157,204,739,-535
106000158,1271,268,1003
106000159,2282,552,1730
106000160,29,350,-321
106000161,481,257,224
106000162,52,159,-107
106000163,49,301,-252
106000164,42,71,-29
106000165,49,379,-330
106000166,71,80,-9
106000167,99,800,-701
106000168,31,74,-43
106000169,50,420,-370
106000170,31,84,-53
106000171,11,433,-422
106000172,463,320,143
106000173,260,1034,-774
106000174,58,74,-16
106000175,73,503,-430
106000176,182,186,-4
106000177,187,1108,-921
106000178,594,418,176
106000179,312,782,-470
106000180,338,898,-560
106000181,93,910,-817
106000182,80,331,-251
106000183,107,531,-424
106000184,203,465,-262
106000185,192,365,-173
106000186,219,77,142
106000187,49,230,-181
106000188,0,1,-1
106000189,0,30,-30
106000190,0,0,0
106000191,88,88,0
106000192,0,9,-9
106000193,79,42,37
106000194,59,176,-117
106000195,107,26,81
106000196,15,139,-124
106000197,89,132,-43
106000198,29,151,-122
106000199,342,223,119
106000200,180,54,126
106000201,148,243,-95
106000202,2954,152,2802
106000203,99,68,31
106000204,3,0,3
106000205,7,64,-57
106000206,11,1,10
106000207,26,489,-463
106000208,55,4,51
106000209,91,70,21
106000210,77,658,-581
106000211,133,852,-719
106000212,45,36,9
106000213,202,429,-227
106000214,559,78,481
106000215,47,250,-203
106000216,116,90,26
106000217,65,263,-198
106000218,101,107,-6
106000219,36,139,-103
106000220,96,95,1
106000221,14,148,-134
106000222,56,62,-6
106000223,8,46,-38
106000224,33,163,-130
106000225,4,26,-22
106000226,24,155,-131
106000228,6,68,-62
106000229,12,404,-392
106000231,85,39,46
106000232,11,201,-190
106000233,58,34,24
106000234,9,105,-96
106000235,32,22,10
106000236,17,15,2
106000237,1,24,-23
106000238,0,4,-4
106000239,0,15,-15
106000240,12,0,12
106000241,14,289,-275
106000242,25,7,18
106000249,0,0,0
106000250,9,157,-148
106000251,81,13,68
106000252,7,39,-32
106000253,4,23,-19
106000254,15,34,-19
106000255,6,61,-55
106000256,31,46,-15
106000257,21,149,-128
106000258,4,4,0
106000259,0,10,-10
106000260,3,0,3
106000261,0,23,-23
106000262,0,8,-8
106000263,0,43,-43
106000264,25,2,23
106000265,5,70,-65
106000266,29,8,21
106000267,3,59,-56
106000268,101,3,98
106000269,37,27,10
106000270,41,181,-140
106000271,6,82,-76
106000272,45,39,6
106000273,2,35,-33
106000274,70,17,53
106000275,24,58,-34
106000276,61,21,40
106000277,48,82,-34
106000278,123,22,101
106000279,0,47,-47
106000280,14,87,-73
106000281,24,49,-25
106000282,19,32,-13
106000283,13,51,-38
106000284,10,37,-27
106000285,64,86,-22
106000286,21,57,-36
106000287,38,59,-21
106000288,53,58,-5
106000289,9,49,-40
106000290,15,64,-49
106000291,14,48,-34
106000292,17,78,-61
106000293,22,50,-28
106000294,38,73,-35
106000295,15,23,-8
106000296,22,51,-29
106000297,51,80,-29
106000298,64,22,42
106000299,33,50,-17
106000300,16,42,-26
106000301,34,69,-35
106000303,0,13,-13
106000304,5,23,-18
106000305,3,12,-9
106000306,31,40,-9
106000307,2,2,0
106000308,31,90,-59
106000309,14,30,-16
106000310,43,181,-138
106000311,88,39,49
106000312,40,66,-26
106000313,24,91,-67
106000318,68,64,4
106000319,72,10,62
106000320,2,10,-8
106000321,65,18,47
106000322,21,138,-117
106000324,1,90,-89
106000325,328,285,43
106000326,796,1100,-304
106000327,7,48,-41
106000328,1,43,-42
106000329,11,108,-97
106000330,17,20,-3
106000428,24,68,-44
106000429,20,303,-283
106000430,117,748,-631
106000431,161,88,73
106000432,494,1275,-781
106000433,298,219,79
106000434,550,145,405
106000435,948,1254,-306
106000436,4,159,-155
106000437,25,11,14
106000438,41,15,26
106000439,25,215,-190
106000440,69,275,-206
106000441,0,0,0
106000442,28,1,27
106000443,28,330,-302
106000450,8,96,-88
106000451,9,2,7
106000454,5,9,-4
106000455,9,76,-67
106000456,11,3,8
106000457,2,584,-582
106000458,43,26,17
106000459,35,194,-159
106000460,88,4,84
106000461,10,996,-986
106000462,0,6,-6
106000463,3,10,-7
106000464,5,323,-318
106000465,34,1,33
106000466,4,350,-346
106000467,316,202,114
106000468,9,96,-87
106000469,35,0,35
106000470,88,306,-218
106000471,3,228,-225
106000472,25,2,23
106000473,17,17,0
106000474,190,524,-334
106000475,148,136,12
106000476,89,75,14
106000477,11,118,-107
106000480,0,60,-60
106900001,1,9,-8
106900002,2,288,-286
106900003,59,275,-216
106900004,0,18,-18
106900006,0,8,-8
106900007,1,4,-3
106900008,38,71,-33
106900009,33,133,-100
106900010,13,116,-103
106900012,391,176,215
106900013,14,1,13
106900014,2,0,2
106900015,1,0,1
106900016,3,2,1
106900017,0,0,0
106900018,0,0,0
106900019,0,0,0
106900020,1104,145,959
106900021,6,15,-9
106900022,11,0,11
106900023,0,127,-127
106900024,49,2,47
106900025,10,270,-260
106900026,0,392,-392
106900027,51,0,51
107000001,438,571,-133
107000002,810,1446,-636
107000003,1104,1705,-601
107000004,2288,2996,-708
107000005,394,933,-539
107000006,1362,3449,-2087
107000007,1914,1356,558
107000008,9161,6443,2718
107000009,1404,1399,5
107000010,6840,7147,-307
107000011,454,569,-115
107000012,1480,1568,-88
107000013,79,165,-86
107000014,20,141,-121
107000015,95,495,-400
107000016,119,627,-508
107000017,841,384,457
107000018,1,133,-132
107000020,271,132,139
107000021,382,633,-251
107000022,219,965,-746
107000023,625,250,375
107000024,146,1429,-1283
107000025,81,158,-77
107000026,50,410,-360
107000027,390,275,115
107000028,524,647,-123
107000029,430,542,-112
107000030,1347,1405,-58
107000031,452,582,-130
107000032,32,162,-130
107000033,1645,1670,-25
107000034,2782,905,1877
107000035,138,67,71
107000036,205,429,-224
107000037,24,255,-231
107000038,143,146,-3
107000039,157,210,-53
107000040,54,178,-124
107000041,384,176,208
107000042,223,616,-393
107000043,1150,281,869
107000044,304,268,36
107000045,37,173,-136
107000046,113,93,20
107000047,120,467,-347
107000048,148,118,30
107000049,98,351,-253
107000050,122,194,-72
107000051,202,129,73
107000052,334,185,149
107000053,70,46,24
107000054,40,115,-75
107000055,105,51,54
107000056,231,414,-183
107000057,1166,169,997
107000058,291,330,-39
107000059,687,1354,-667
107000060,676,1154,-478
107000061,2034,1959,75
107000062,613,769,-156
107000063,1474,2828,-1354
107000064,715,614,101
107000065,1525,3422,-1897
107000066,346,479,-133
107000067,259,360,-101
107000068,531,122,409
107000069,172,127,45
107000070,19,1,18
107000071,168,7,161
107000072,23,1302,-1279
107000073,51,28,23
107000074,41,656,-615
107000075,220,15,205
107000076,319,878,-559
107000077,395,61,334
107000078,428,1611,-1183
107000079,296,105,191
107000080,344,1621,-1277
107000081,134,101,33
107000082,80,1115,-1035
107000083,113,103,10
107000084,322,1828,-1506
107000085,938,1227,-289
107000086,2053,1418,635
107000087,997,776,221
107000088,911,1488,-577
107000089,539,608,-69
107000090,434,489,-55
107000091,265,402,-137
107000092,370,577,-207
107000093,247,388,-141
107000094,476,810,-334
107000095,77,57,20
107000096,267,529,-262
107000097,73,64,9
107000098,203,489,-286
107000099,63,43,20
107000100,144,231,-87
107000101,14,49,-35
107000102,217,214,3
107000103,58,56,2
107000104,84,167,-83
107000105,52,34,18
107000106,60,206,-146
107000107,66,31,35
107000108,47,495,-448
107000109,0,0,0
107000110,26,381,-355
107000111,0,0,0
107000112,9,286,-277
107000113,0,0,0
107000114,28,413,-385
107000115,0,0,0
107000116,19,530,-511
107000117,0,0,0
107000118,41,131,-90
107000119,558,145,413
107000120,1461,178,1283
107000121,66,131,-65
107000122,289,371,-82
107000123,41,272,-231
107000124,88,426,-338
107000125,81,345,-264
107000126,330,620,-290
107000129,47,671,-624
107000130,46,59,-13
107000131,91,442,-351
107000132,62,107,-45
107000133,55,33,22
107000134,7,1,6
107000135,2,100,-98
107000136,84,2,82
107000137,1,223,-222
107000138,49,4,45
107000139,7,166,-159
107000140,206,8,198
107000141,78,445,-367
107000142,82,9,73
107000143,20,457,-437
107000144,71,45,26
107000145,46,335,-289
107000146,63,24,39
107000147,2255,481,1774
107000150,313,524,-211
107000151,5,26,-21
107000152,121,137,-16
107000153,172,93,79
107000154,61,34,27
107000155,173,9,164
107000156,263,14,249
107000157,8,1533,-1525
107000158,128,5,123
107000159,18,866,-848
107000160,98,34,64
107000161,46,1008,-962
107000162,46,89,-43
107000163,40,47,-7
107000164,18,0,18
107000165,71,0,71
107000166,42,689,-647
107000167,117,108,9
107000168,194,108,86
107000169,471,681,-210
107000170,210,105,105
107000171,165,1417,-1252
107000172,197,217,-20
107000173,302,1055,-753
107000174,315,634,-319
107000175,6480,1141,5339
107000176,0,0,0
107000177,0,0,0
107000178,0,8,-8
107000179,83,1710,-1627
107000180,179,115,64
107000181,69,831,-762
107000182,149,279,-130
107000183,22,580,-558
107000184,139,320,-181
107000185,50,653,-603
107000186,45,82,-37
107000187,314,399,-85
107000188,136,154,-18
107000189,112,382,-270
107000190,150,296,-146
107000191,223,457,-234
107000192,332,467,-135
107000193,103,118,-15
107000194,333,300,33
107000197,65,73,-8
107000198,62,403,-341
107000199,258,440,-182
107000200,466,191,275
107000201,156,132,24
107000202,81,226,-145
107000203,504,224,280
107000204,355,177,178
107000205,1564,606,958
107000206,182,147,35
107000207,392,398,-6
107000208,648,124,524
107000209,781,186,595
107000210,665,88,577
107000211,8,19,-11
107000212,8,167,-159
107000213,13,4,9
107000214,2,90,-88
107000215,93,291,-198
107000216,17,251,-234
107000217,27,63,-36
107000219,14,50,-36
107000220,16,188,-172
107000222,108,415,-307
107000224,71,15,56
107000225,55,402,-347
107000226,64,24,40
107000227,54,341,-287
107000228,47,79,-32
107000229,79,55,24
107000230,735,329,406
107000231,114,129,-15
107000232,29,23,6
107000233,103,143,-40
107000234,0,3,-3
107000235,0,2,-2
107000236,11,176,-165
107000237,0,0,0
107000238,0,0,0
107000239,3013,129,2884
107000240,22,709,-687
107000243,0,22,-22
107000244,8,49,-41
107000246,4,900,-896
107000249,1,438,-437
107000251,0,131,-131
107000252,0,835,-835
107000255,307,26,281
107000257,2,478,-476
107000258,0,72,-72
107000259,1,153,-152
107000260,80,0,80
107000262,2,625,-623
107000263,17,0,17
107000266,1,1,0
107000267,19,124,-105
107000268,54,106,-52
107000269,23,18,5
107000270,0,1,-1
107000271,3,607,-604
107000272,1,236,-235
107000273,3,219,-216
107000274,111,9,102
107000275,112,433,-321
107000280,72,5,67
107000281,4,639,-635
107000282,9,1100,-1091
107000290,0,26,-26
107000291,2,6,-4
107000292,1,45,-44
107000293,45,1,44
107000294,1,53,-52
107000295,8,0,8
107000296,0,0,0
107000444,124,4,120
107000496,0,2,-2
107000497,436,1876,-1440
107000500,120,139,-19
107000501,57,75,-18
107000502,49,154,-105
107000505,290,375,-85
107000506,0,2,-2
107000508,2,507,-505
107000509,30,76,-46
107000510,20,10,10
107000514,4,129,-125
107000515,6,181,-175
107000516,64,51,13
107000518,132,51,81
107000519,1745,790,955
107000520,9,1,8
107000521,142,272,-130
107000522,73,401,-328
107900001,7,169,-162
107900002,21,0,21
107900003,52,37,15
107900004,1,0,1
107900005,116,0,116
107900006,5,0,5
107900007,37,4,33
107900008,18,49,-31
107900009,19,0,19
107900010,3,0,3
107900012,28,2,26
107900013,75,23,52
107900014,2,0,2
107900015,94,1,93
107900016,239,32,207
107900017,0,2,-2
107900018,12,6,6
107900019,1,52,-51
107900020,37,1,36
107900021,4,68,-64
107900023,0,0,0
107900024,0,3,-3
107900025,73,141,-68
107900026,3,85,-82
107900027,6,26,-20
107900028,2,53,-51
107900030,39,0,39
107900031,11,147,-136
107900032,0,1,-1
107900033,2,2,0
107900034,35,2,33
107900035,95,5,90
107900036,9,0,9
107900037,0,6,-6
107900038,67,32,35
107900039,1,37,-36
107900040,5,18,-13
107900041,0,0,0
107900043,10,75,-65
107900044,1,4,-3
107900045,9,4,5
107900046,13,5,8
107900047,2,13,-11
107900048,25,0,25
107900049,70,86,-16
107900050,49,159,-110
107900051,8,33,-25
107900052,3,0,3
107900053,9,48,-39
107900055,58,52,6
107900056,5,2,3
107900057,0,0,0
107900058,4,470,-466
107900060,0,8,-8
107900061,7,2,5
107900063,9,21,-12
107900064,108,7,101
107900065,11,2,9
107900066,0,0,0
107900067,0,0,0
107900068,48,66,-18
107900069,2,129,-127
107900070,4,1,3
107900071,4,506,-502
107900072,5,82,-77
107900073,4,44,-40
107900074,432,60,372
107900076,25,19,6
107900077,4,0,4
107900079,2,1,1
107900080,150,84,66
107900081,4,16,-12
107900082,12,22,-10
107900083,22,30,-8
107900084,20,13,7
107900086,26,25,1
107900087,99,13,86
107900088,0,1,-1
107900089,198,387,-189
107900090,106,143,-37
107900091,29,165,-136
107900093,13,8,5
107900095,1220,382,838
107900097,1,7,-6
107900098,11,14,-3
107900100,341,119,222
107900101,390,39,351
107900102,28,0,28
107900103,16,92,-76
107900104,14,0,14
107900105,1,362,-361
107900106,3,842,-839
107900107,475,46,429
107900108,84,15,69
107900109,81,0,81
107900110,0,63,-63
107900111,2,770,-768
107900112,15,85,-70
107900113,2,55,-53
107900114,20,140,-120
107900115,2,11,-9
107900116,8,140,-132
107900117,85,188,-103
107900118,37,91,-54
107900119,17,38,-21
107900120,19,0,19
107900121,0,34,-34
107900122,0,35,-35
107900123,4,12,-8
107900124,2,41,-39
107900125,5,102,-97
107900126,2,7,-5
107900127,192,10,182
107900128,33,34,-1
107900129,3,22,-19
107900130,4,18,-14
107900131,56,7,49
107900132,19,233,-214
107900133,0,20,-20
107900134,16,1,15
107900135,0,131,-131
107900136,10,15,-5
107900137,34,23,11
107900138,2,4,-2
107900139,4,7,-3
107900141,7,3,4
107900142,50,502,-452
107900143,23,32,-9
107900144,1,87,-86
107900145,2,33,-31
107900146,7,34,-27
107900147,7,3,4
107900148,53,64,-11
107900149,986,36,950
107900150,23,320,-297
107900151,2,72,-70
107900152,13,86,-73
107900153,17,40,-23
107900154,5,4,1
107900155,2,21,-19
107900156,0,155,-155
107900157,6,48,-42
107900158,62,0,62
107900159,19,505,-486
107900160,5,70,-65
107900161,7,144,-137
107900162,1,41,-40
107900163,5,26,-21
107900164,0,10,-10
107900165,32,6,26
107900166,0,180,-180
107900167,0,2,-2
107900168,3,40,-37
107900169,0,106,-106
107900171,2,790,-788
107900172,1,199,-198
107900173,0,114,-114
107900174,5,3,2
107900175,0,1,-1
107900176,1,27,-26
107900177,0,15,-15
107900178,1,103,-102
107900179,0,56,-56
107900180,578,33,545
107900181,125,262,-137
107900182,2,738,-736
107900183,3,222,-219
107900184,2,95,-93
107900185,2,1,1
107900186,2,15,-13
107900187,0,79,-79
107900188,326,24,302
107900189,2,40,-38
107900190,65,14,51
107900191,4,98,-94
107900193,17,16,1
107900194,11,0,11
107900195,2058,114,1944
107900196,22,23,-1
107900197,135,32,103
107900199,3,708,-705
107900201,19,90,-71
107900203,2,33,-31
107900204,142,97,45
107900206,197,47,150
107900207,1,386,-385
107900208,6,424,-418
107900209,103,36,67
107900210,27,58,-31
107900213,49,112,-63
107900214,5,86,-81
107900215,73,129,-56
107900216,5,26,-21
107900217,13,14,-1
107900218,6,939,-933
107900219,3,75,-72
107900220,42,12,30
107900221,68,116,-48
107900223,15,206,-191
107900224,65,112,-47
107900225,2,384,-382
107900226,6,75,-69
107900227,34,165,-131
107900228,1,50,-49
107900229,1,197,-196
107900230,1,89,-88
107900231,3,90,-87
107900232,3,172,-169
107900233,2,78,-76
107900234,12,146,-134
107900235,19,64,-45
107900236,3,60,-57
107900237,50,242,-192
107900238,7,52,-45
107900239,554,205,349
107900240,2,90,-88
107900241,3,50,-47
107900242,1,216,-215
107900243,0,10,-10
107900244,49,0,49
107900245,28,6,22
107900246,9,3,6
107900248,23,105,-82
107900249,46,0,46
107900250,0,303,-303
107900251,4,660,-656
107900252,55,0,55
107900253,17,0,17
107900254,18,38,-20
107900255,184,11,173
107900256,98,296,-198
107900257,9,4,5
107900258,4,157,-153
107900259,24,159,-135
107900261,2,227,-225
107900262,22,64,-42
107900264,26,0,26
107900265,15,99,-84
107900267,12,6,6
107900268,9,3,6
107900269,1,2,-1
107900270,0,0,0
107900271,0,0,0
107900272,3,1,2
107900273,1,21,-20
107900274,1,0,1
107900275,12,0,12
107900276,0,13,-13
107900277,0,82,-82
107900278,40,192,-152
107900279,44,12,32
107900280,852,379,473
107900281,1469,256,1213
107900282,7,37,-30
107900283,664,202,462
107900284,32,455,-423
107900285,9,58,-49
107900286,24,26,-2
107900287,40,36,4
107900290,0,11,-11
107900291,57,2,55
107900292,23,129,-106
107900293,22,251,-229
107900295,7,70,-63
107900297,0,117,-117
107900298,242,406,-164
107900299,2020,332,1688
107900301,76,91,-15
107900302,7,6,1
107900303,13,158,-145
107900304,31,266,-235
107900305,36,2,34
107900306,3,0,3
107900307,6,180,-174
107900308,43,5,38
107900309,1,0,1
107900310,1,0,1
107900311,26,15,11
107900312,0,0,0
107900313,0,31,-31
107900314,0,17,-17
107900315,0,10,-10
107900316,5,0,5
107900317,11,1,10
107900318,4,30,-26
107900319,4,134,-130
107900320,5,105,-100
107900321,14,0,14
107900322,2,98,-96
107900323,2,62,-60
107900324,24,1,23
107900325,8,0,8
107900326,16,258,-242
107900327,0,1,-1
107900328,0,0,0
107900329,0,0,0
107900330,1,316,-315
107900331,12,10,2
107900332,31,7,24
107900333,6,3,3
107900334,3,153,-150
107900335,9,50,-41
107900336,1,19,-18
107900337,669,102,567
107900338,1,65,-64
107900339,0,19,-19
107900340,0,21,-21
107900341,3,1,2
107900342,27,36,-9
107900343,1,0,1
107900344,4,71,-67
107900345,7,9,-2
107900346,5,0,5
107900347,2,3,-1
107900348,0,1,-1
107900349,3,1,2
107900350,29,115,-86
107900351,2,135,-133
107900352,1,24,-23
107900353,0,3,-3
107900354,0,30,-30
108000001,696,721,-25
108000002,990,1748,-758
108000003,857,482,375
108000004,8827,8063,764
108000005,1161,788,373
108000006,1611,3370,-1759
108000007,955,1027,-72
108000008,1956,3186,-1230
108000009,483,995,-512
108000010,917,2799,-1882
108000011,2631,2061,570
108000012,9411,8805,606
108000014,42,155,-113
108000015,46,104,-58
108000016,83,371,-288
108000017,83,106,-23
108000018,101,127,-26
108000019,180,162,18
108000020,120,83,37
108000021,140,849,-709
108000022,195,761,-566
108000023,236,17,219
108000024,17,296,-279
108000025,16,3,13
108000026,35,271,-236
108000027,70,370,-300
108000028,21,146,-125
108000029,55,525,-470
108000030,18,95,-77
108000031,26,362,-336
108000032,127,61,66
108000033,182,712,-530
108000034,189,87,102
108000035,369,1406,-1037
108000036,123,969,-846
108000037,234,97,137
108000038,290,69,221
108000039,119,1384,-1265
108000040,233,137,96
108000041,284,1331,-1047
108000042,5,118,-113
108000043,32,288,-256
108000044,12,64,-52
108000045,35,311,-276
108000046,69,84,-15
108000047,90,624,-534
108000048,28,457,-429
108000049,55,30,25
108000050,110,458,-348
108000051,25,11,14
108000052,77,353,-276
108000053,39,26,13
108000054,222,444,-222
108000055,153,100,53
108000056,671,686,-15
108000057,113,200,-87
108000058,399,551,-152
108000059,1415,693,722
108000060,27,124,-97
108000061,136,367,-231
108000062,76,105,-29
108000063,84,407,-323
108000064,39,62,-23
108000065,150,307,-157
108000066,338,167,171
108000067,252,102,150
108000068,88,70,18
108000069,79,621,-542
108000070,132,127,5
108000071,161,1088,-927
108000072,126,165,-39
108000073,449,906,-457
108000074,45,62,-17
108000075,107,465,-358
108000076,62,65,-3
108000077,185,494,-309
108000078,462,288,174
108000079,333,744,-411
108000080,135,173,-38
108000081,339,2069,-1730
108000082,551,696,-145
108000083,447,193,254
108000084,123,580,-457
108000085,59,66,-7
108000086,296,331,-35
108000087,40,330,-290
108000088,77,21,56
108000089,104,88,16
108000091,40,278,-238
108000092,17,14,3
108000093,53,491,-438
108000094,33,17,16
108000095,30,316,-286
108000096,23,23,0
108000097,30,314,-284
108000098,88,242,-154
108000099,157,105,52
108000100,10,116,-106
108000101,103,169,-66
108000102,269,542,-273
108000106,108,1,107
108000107,1,308,-307
108000108,98,6,92
108000109,4,355,-351
108000110,27,87,-60
108000111,39,356,-317
108000112,3,14,-11
108000113,197,160,37
108000115,215,136,79
108000117,315,100,215
108000118,127,250,-123
108000119,230,339,-109
108000120,9,204,-195
108000121,30,277,-247
108000122,41,84,-43
108000123,55,128,-73
108000124,34,164,-130
108000125,36,213,-177
108000126,40,424,-384
108000127,24,305,-281
108000128,78,430,-352
108000129,53,710,-657
108000130,35,213,-178
108000131,111,36,75
108000132,400,489,-89
108000133,108,168,-60
108000134,263,557,-294
108000135,131,103,28
108000136,495,1322,-827
108000137,88,212,-124
108000138,82,574,-492
108000139,21,181,-160
108000140,8,9,-1
108000141,4,105,-101
108000142,10,65,-55
108000143,10,342,-332
108000144,31,27,4
108000145,12,9,3
108000146,62,23,39
108000147,9,15,-6
108000148,22,23,-1
108000149,1,10,-9
108000150,17,1,16
108000151,16,10,6
108000152,38,413,-375
108000153,32,37,-5
108000154,16,5,11
108000155,18,10,8
108000156,285,226,59
108000157,23,106,-83
108000158,27,126,-99
108000159,260,39,221
108000160,2631,237,2394
108000161,1976,337,1639
108000165,1,48,-47
108000172,2,62,-60
108000173,1222,503,719
108000175,31,23,8
108000178,225,225,0
108000179,73,164,-91
108000181,30,21,9
108000182,103,39,64
108000183,12,156,-144
108000184,434,439,-5
108000185,13,395,-382
108000186,32,261,-229
108000187,21,445,-424
108000188,47,87,-40
108000189,683,589,94
108000190,15,113,-98
108000192,31,364,-333
108000193,222,13,209
108000194,0,2,-2
108000195,0,622,-622
108000196,0,27,-27
108000198,97,205,-108
108000199,0,58,-58
108000200,64,313,-249
108000203,43,655,-612
108000204,27,10,17
108000205,312,265,47
108000339,494,91,403
108000364,191,177,14
108000365,21,162,-141
108000367,37,104,-67
108000368,6,47,-41
108000369,964,33,931
108000371,0,356,-356
108000372,38,0,38
108000373,0,0,0
108000376,41,10,31
108000377,119,146,-27
108000378,3386,1839,1547
108000379,2,58,-56
108000381,7,7,0
108000382,16,0,16
108000383,1,90,-89
108900001,65,504,-439
108900002,61,23,38
108900003,153,443,-290
108900004,271,65,206
108900007,33,41,-8
108900008,3,63,-60
108900009,17,39,-22
108900010,20,77,-57
108900011,23,184,-161
108900012,37,219,-182
108900013,11,83,-72
108900014,2,29,-27
108900015,0,1,-1
108900016,0,77,-77
108900017,67,49,18
108900018,25,250,-225
108900019,0,597,-597
108900020,9,145,-136
108900021,48,167,-119
108900022,8,0,8
108900023,4,10,-6
108900024,1,79,-78
108900025,6,33,-27
108900026,1,39,-38
108900027,1,55,-54
108900028,9,352,-343
108900029,8,116,-108
108900030,1,61,-60
108900031,5,378,-373
108900032,0,100,-100
108900033,0,20,-20
108900034,1,172,-171
108900035,27,1277,-1250
108900038,0,232,-232
108900039,0,357,-357
108900040,0,44,-44
108900041,2501,517,1984
108900042,0,123,-123
108900043,17,184,-167
108900044,1,416,-415
108900045,4,358,-354
108900046,6,440,-434
108900047,2,45,-43
108900048,16,353,-337
108900049,2444,203,2241
108900050,1,148,-147
108900051,0,103,-103
108900052,3,136,-133
108900053,24,26,-2
108900054,11,78,-67
108900055,26,269,-243
108900056,0,112,-112
108900057,1,93,-92
108900058,6,329,-323
108900059,103,2,101
108900060,28,23,5
108900061,12,8,4
108900062,8,219,-211
108900063,1,238,-237
108900064,20,29,-9
108900065,3,228,-225
108900066,24,31,-7
108900067,4,171,-167
108900068,1,154,-153
108900069,0,91,-91
108900070,19,145,-126
108900071,5,13,-8
108900072,939,49,890
108900073,1,364,-363
108900074,11,233,-222
108900075,17,58,-41
108900076,24,15,9
108900077,97,435,-338
108900078,2,95,-93
108900079,288,79,209
108900080,1,67,-66
108900081,18,108,-90
108900082,7,55,-48
108900083,1,35,-34
108900085,1045,33,1012
108900086,4,164,-160
108900087,53,80,-27
108900088,112,53,59
108900089,1,26,-25
108900090,3,220,-217
108900091,99,32,67
108900092,65,56,9
108900093,3,15,-12
108900094,30,23,7
108900095,28,326,-298
108900096,228,15,213
108900097,45,134,-89
108900098,1344,33,1311
108900099,66,227,-161
108900100,5,48,-43
108900101,30,11,19
108900102,29,94,-65
108900103,6,12,-6
108900105,6,100,-94
108900106,23,267,-244
108900108,44,5,39
108900109,24,16,8
108900110,11,204,-193
108900111,35,384,-349
108900113,5,9,-4
108900114,5,1,4
108900115,3,3,0
108900116,1,1,0
108900117,5,11,-6
108900118,49,4,45
108900119,41,6,35
108900120,27,24,3
108900121,22,4,18
108900122,7,10,-3
108900123,6,6,0
108900124,51,27,24
108900125,20,0,20
108900126,10,3,7
108900127,6,20,-14
108900128,13,3,10
108900129,71,21,50
108900130,15,0,15
108900131,17,1,16
108900132,36,7,29
108900133,34,6,28
108900134,19,127,-108
108900135,10,0,10
108900136,2,0,2
108900137,6,0,6
108900138,51,0,51
108900140,13,69,-56
108900141,16,2,14
108900142,4,2,2
108900143,1,0,1
108900144,5,0,5
108900145,11,1,10
108900146,2,0,2
108900147,14,0,14
108900148,5,6,-1
108900150,69,0,69
108900151,9,0,9
108900152,7,0,7
108900153,11,233,-222
108900154,607,72,535
108900156,6,10,-4
108900157,3,334,-331
108900158,16,4,12
108900159,2,114,-112
108900160,3,130,-127
108900161,1,209,-208
108900162,8,0,8
108900163,0,23,-23
108900164,9,61,-52
108900168,5672,468,5204
108900169,7,58,-51
108900171,2789,343,2446
108900172,33,1,32
108900173,77,111,-34
108900174,50,166,-116
108900176,27,382,-355
108900177,4561,490,4071
108900178,2532,263,2269
108900180,12,41,-29
108900183,69,64,5
108900184,35,46,-11
108900185,8,132,-124
108900186,2,134,-132
108900189,14,26,-12
108900190,2,1392,-1390
108900192,11,127,-116
108900195,11,164,-153
108900196,7,225,-218
108900199,28,137,-109
108900200,77,113,-36
108900201,69,483,-414
108900203,34,0,34
108900204,27,0,27
108900205,15,2,13
108900206,29,3,26
108900207,26,10,16
108900208,20,133,-113
108900209,89,303,-214
108900210,27,67,-40
108900211,12,58,-46
108900212,182,133,49
108900215,35,325,-290
108900216,114,15,99
108900217,26,0,26
108900218,5,2,3
108900221,4,10,-6
108900224,3,20,-17
108900225,0,74,-74
108900227,14,25,-11
108900230,183,180,3
108900232,1,179,-178
108900233,29,19,10
108900234,42,9,33
108900235,52,247,-195
108900236,7,184,-177
108900240,8,21,-13
108900241,4,13,-9
108900245,0,86,-86
108900250,19,18,1
108900258,16,95,-79
108900259,6,29,-23
108900260,1,63,-62
108900261,68,49,19
108900262,154,30,124
108900263,8,176,-168
108900264,78,96,-18
108900265,683,54,629
108900266,365,48,317
108900267,0,14,-14
108900268,2,2,0
108900269,8,0,8
108900270,5,1,4
108900271,4,1,3
108900272,15,0,15
108900273,344,108,236
108900274,6,20,-14
109000001,865,221,644
109000002,2410,529,1881
109000003,502,183,319
109000004,209,1446,-1237
109000005,349,206,143
109000006,316,1284,-968
109000007,164,175,-11
109000008,174,999,-825
109000009,789,368,421
109000010,554,1777,-1223
109000011,449,430,19
109000012,587,2425,-1838
109000013,524,362,162
109000014,489,2308,-1819
109000015,1464,873,591
109000016,4685,2534,2151
109000017,549,393,156
109000018,665,2527,-1862
109000019,531,307,224
109000020,728,1462,-734
109000023,3,1,2
109000024,3,63,-60
109000025,174,138,36
109000026,228,105,123
109000027,30,120,-90
109000028,16,32,-16
109000029,69,47,22
109000030,10,222,-212
109000031,0,0,0
109000032,4,232,-228
109000033,11,9,2
109000034,13,13,0
109000035,0,9,-9
109000036,27,174,-147
109000037,62,225,-163
109000038,302,138,164
109000039,184,112,72
109000040,1095,425,670
109000041,3259,401,2858
109000042,274,367,-93
109000044,46,101,-55
109000045,49,286,-237
109000046,11,16,-5
109000047,39,240,-201
109000048,218,130,88
109000049,69,276,-207
109000050,56,204,-148
109000051,89,175,-86
109000052,106,929,-823
109000053,78,105,-27
109000054,29,391,-362
109000055,38,47,-9
109000056,50,350,-300
109000057,47,44,3
109000058,342,205,137
109000059,116,178,-62
109000060,119,65,54
109000061,706,145,561
109000062,32,31,1
109000063,64,123,-59
109000064,22,27,-5
109000065,18,207,-189
109000066,36,23,13
109000067,7,178,-171
109000068,14,1,13
109000069,4,0,4
109000070,3,394,-391
109000071,144,13,131
109000072,42,313,-271
109000073,10,30,-20
109000074,10,152,-142
109000075,10,191,-181
109000076,28,51,-23
109000077,96,166,-70
109000078,6,42,-36
109000079,32,142,-110
109000080,15,83,-68
109000081,16,266,-250
109000082,69,133,-64
109000083,26,439,-413
109000088,33,209,-176
109000089,47,4,43
109000090,120,342,-222
109000091,69,11,58
109000092,137,442,-305
109000093,57,14,43
109000094,40,2,38
109000095,29,415,-386
109000096,69,11,58
109000097,28,47,-19
109000098,5,6,-1
109000099,65,71,-6
109000100,26,296,-270
109000101,194,325,-131
109000102,61,512,-451
109000103,118,254,-136
109000104,189,186,3
109000105,112,871,-759
109000106,202,185,17
109000107,98,944,-846
109000108,118,134,-16
109000109,140,1026,-886
109000110,147,159,-12
109000111,307,1122,-815
109000112,91,74,17
109000113,44,57,-13
109000114,25,142,-117
109000115,249,46,203
109000116,6,222,-216
109000117,20,46,-26
109000118,0,238,-238
109000119,88,126,-38
109000120,24,872,-848
109000121,60,49,11
109000122,11,780,-769
109000123,12,151,-139
109000124,103,173,-70
109000125,109,172,-63
109000126,86,566,-480
109000127,156,110,46
109000128,92,1532,-1440
109000129,196,106,90
109000130,378,1891,-1513
109000131,224,133,91
109000132,417,1198,-781
109000133,83,366,-283
109000134,158,806,-648
109000135,310,683,-373
109000136,77,227,-150
109000137,34,91,-57
109000138,120,230,-110
109000139,86,166,-80
109000140,26,489,-463
109000141,67,247,-180
109000142,55,264,-209
109000143,23,18,5
109000145,13,24,-11
109000146,21,15,6
109000148,1837,112,1725
109000149,7,9,-2
109000150,25,69,-44
109000155,57,203,-146
109000156,399,425,-26
109000158,3,111,-108
109000159,18,205,-187
109000160,126,150,-24
109000161,51,622,-571
109000162,379,534,-155
109000163,174,718,-544
109000164,243,1051,-808
109000165,204,242,-38
109000166,106,16,90
109000167,24,379,-355
109000170,10,16,-6
109000171,23,31,-8
109000172,16,32,-16
109000173,29,12,17
109000174,22,45,-23
109000175,10,181,-171
109000176,34,195,-161
109000177,2,36,-34
109000178,87,175,-88
109000179,3681,606,3075
109000180,2141,1091,1050
109000181,7,17,-10
109000182,2,21,-19
109000183,6,37,-31
109000184,34,24,10
109000185,12,104,-92
109000188,71,1326,-1255
109000189,255,367,-112
109000190,101,270,-169
109000191,37,154,-117
109000192,38,108,-70
109000193,42,262,-220
109000194,40,66,-26
109000195,20,212,-192
109000196,21,49,-28
109000197,40,240,-200
109000198,22,29,-7
109000199,48,189,-141
109000206,33,15,18
109000207,19,19,0
109000208,56,27,29
109000209,50,25,25
109000210,135,217,-82
109000211,46,136,-90
109000214,66,828,-762
109000215,3,19,-16
109000216,2,24,-22
109000217,42,24,18
109000218,29,24,5
109000221,31,561,-530
109000222,76,6,70
109000223,109,153,-44
109000224,21,175,-154
109000225,24,95,-71
109000226,53,275,-222
109000227,133,635,-502
109000228,0,154,-154
109000231,2,294,-292
109000232,15,272,-257
109000236,48,497,-449
109000241,319,845,-526
109000242,212,449,-237
109000293,29,72,-43
109000361,63,71,-8
109000364,69,331,-262
109000396,3,652,-649
109000397,54,1,53
109000399,88,310,-222
109000400,15,271,-256
109000403,28,103,-75
109000406,0,2,-2
109000407,42,83,-41
109000408,1,333,-332
109000410,206,76,130
109000411,10,9,1
109000412,0,60,-60
109900001,5,0,5
109900002,74,0,74
109900003,25,0,25
109900005,1,3,-2
109900006,25,169,-144
109900007,41,514,-473
109900008,0,11,-11
109900009,33,721,-688
109900010,61,5,56
109900011,20,5,15
109900012,26,55,-29
109900013,60,40,20
109900014,36,18,18
109900015,31,27,4
109900016,13,21,-8
109900017,10,18,-8
109900018,21,120,-99
109900019,12,65,-53
109900020,6,4,2
109900021,4,3,1
109900022,22,186,-164
109900023,3,0,3
109900024,0,0,0
109900025,0,9,-9
109900027,7,3,4
109900028,1363,92,1271
109900029,2,347,-345
109900030,2,0,2
109900031,0,21,-21
109900032,1,187,-186
109900033,0,164,-164
109900034,1,0,1
109900035,3,5,-2
109900036,7,32,-25
109900037,1,309,-308
109900038,4,112,-108
109900039,1,0,1
109900040,9,394,-385
109900041,7,233,-226
109900042,2,258,-256
109900044,9,120,-111
109900045,10,18,-8
109900046,20,16,4
109900047,104,85,19
109900048,4,41,-37
109900049,8,17,-9
109900050,1,139,-138
109900051,0,19,-19
109900052,4,98,-94
109900053,2,251,-249
109900054,41,29,12
109900055,8,123,-115
109900056,3,9,-6
109900057,0,120,-120
109900058,0,54,-54
109900060,54,58,-4
109900061,39,163,-124
109900062,0,121,-121
109900064,23,78,-55
109900065,51,53,-2
109900066,71,521,-450
109900067,0,192,-192
109900068,4,0,4
109900069,2,8,-6
109900071,1,2,-1
109900072,2,54,-52
109900073,17,348,-331
109900074,2,55,-53
109900075,2,4,-2
109900076,7,307,-300
109900077,5,27,-22
109900078,10,119,-109
109900080,41,157,-116
109900081,1,33,-32
109900082,4,256,-252
109900083,3,21,-18
109900084,2,47,-45
109900085,20,659,-639
109900086,14,27,-13
109900087,35,116,-81
109900089,54,30,24
109900092,43,0,43
109900093,99,37,62
109900094,5,26,-21
109900095,26,68,-42
109900096,5,0,5
109900097,3,1,2
109900098,21,3,18
109900099,10,1,9
109900100,1,0,1
109900101,15,2,13
109900102,99,3,96
109900103,4,12,-8
109900104,54,580,-526
109900105,69,15,54
109900106,23,46,-23
109900107,36,18,18
109900108,17,520,-503
109900109,16,151,-135
109900111,53,507,-454
109900114,114,34,80
109900115,18,14,4
109900117,65,25,40
109900121,98,27,71
109900123,1,98,-97
109900125,1,91,-90
109900126,9,81,-72
109900130,5315,196,5119
109900131,24,52,-28
109900132,8,59,-51
109900134,6,8,-2
109900135,124,10,114
109900137,4,179,-175
109900140,56,210,-154
109900149,20,12,8
109900150,2,19,-17
109900151,0,19,-19
109900152,0,4,-4
109900153,0,16,-16
109900154,0,0,0
109900155,1,2,-1
109900157,10,95,-85
109900159,29,5,24
109900161,15,6,9
109900162,29,9,20
109900163,264,80,184
109900164,5,129,-124
109900165,22,0,22
109900166,2,62,-60
109900167,15,322,-307
109900168,20,309,-289
109900169,11,61,-50
109900170,108,70,38
109900171,15,22,-7
109900172,29,57,-28
109900173,1760,157,1603
109900174,8,50,-42
109900175,21,33,-12
109900176,34,88,-54
109900177,18,165,-147
109900178,2,52,-50
109900179,0,7,-7
109900180,2,0,2
110000001,251,284,-33
110000002,131,169,-38
110000003,389,405,-16
110000004,240,145,95
110000005,584,459,125
110000006,263,188,75
110000007,21,55,-34
110000008,4,21,-17
110000009,6,20,-14
110000010,5,25,-20
110000011,3,42,-39
110000012,381,222,159
110000013,11,100,-89
110000014,306,251,55
110000015,185,156,29
110000016,107,233,-126
110000017,1938,141,1797
110000018,1611,236,1375
110000019,8,80,-72
110000020,259,100,159
110000021,171,142,29
110000022,138,36,102
110000023,0,84,-84
110000024,261,215,46
110000025,38,0,38
110000026,3,330,-327
110000027,243,68,175
110000028,241,282,-41
110000029,162,491,-329
110000030,68,125,-57
110000031,73,293,-220
110000032,204,176,28
110000033,49,31,18
110000034,80,347,-267
110000035,101,522,-421
110000036,88,298,-210
110000037,46,452,-406
110000038,65,230,-165
110000039,116,305,-189
110000040,466,249,217
110000041,14,53,-39
110000042,73,279,-206
110000043,51,11,40
110000044,19,97,-78
110000045,46,6,40
110000046,5,12,-7
110000047,2,0,2
110000048,2,3,-1
110000049,0,0,0
110000050,2,3,-1
110000051,3,0,3
110000052,20,11,9
110000053,4,0,4
110000054,12,31,-19
110000055,33,4,29
110000056,2,17,-15
110000057,117,490,-373
110000058,220,352,-132
110000059,246,370,-124
110000060,113,189,-76
110000061,505,517,-12
110000062,256,239,17
110000063,9,23,-14
110000064,19,57,-38
110000065,7,35,-28
110000066,10,20,-10
110000067,24,164,-140
110000068,23,323,-300
110000069,28,35,-7
110000071,8,62,-54
110000073,2,7,-5
110000075,1,52,-51
110000076,115,48,67
110000077,161,107,54
110000078,1,18,-17
110000080,66,220,-154
110000081,5,76,-71
110000082,5,62,-57
110000083,71,272,-201
110000084,126,126,0
110000085,1802,609,1193
110000086,412,252,160
110000087,3,19,-16
110000088,7,128,-121
110000089,16,74,-58
110000090,20,134,-114
110000091,999,113,886
110000092,7,69,-62
110000093,18,1,17
110000094,171,133,38
110000095,20,143,-123
110000096,2130,720,1410
110000097,322,282,40
110000098,332,193,139
110000099,313,581,-268
110000100,43,343,-300
110000101,5,301,-296
110000102,11,21,-10
110000104,40,26,14
110000105,15,134,-119
110000106,99,59,40
110000107,170,198,-28
110000108,21,13,8
110000109,107,109,-2
110000110,1244,85,1159
110000111,2630,509,2121
110000112,512,120,392
110000113,265,242,23
110000114,31,127,-96
110000115,37,94,-57
110000116,14,27,-13
110000117,19,313,-294
110000118,102,144,-42
110000119,34,241,-207
110000120,75,81,-6
110000121,28,107,-79
110000122,715,235,480
110000123,125,150,-25
110000124,1,313,-312
110000125,215,0,215
110000126,77,1,76
110000127,112,5,107
110000128,5,592,-587
110000129,3,415,-412
110000130,29,24,5
110000131,40,395,-355
110000132,2,420,-418
110000133,11,77,-66
110000134,9,121,-112
110000135,43,18,25
110000136,9,161,-152
110000137,56,291,-235
110000138,96,511,-415
110000139,168,658,-490
110000140,247,71,176
110000143,212,94,118
110000144,1138,300,838
110000145,347,189,158
110000146,458,196,262
110000147,54,298,-244
110000148,63,67,-4
110000151,526,515,11
110000152,1514,217,1297
110000153,11,49,-38
110000154,0,10,-10
110000155,325,668,-343
110000156,265,406,-141
110000157,505,640,-135
110000160,125,172,-47
110000161,39,214,-175
110000166,32,32,0
110000167,128,174,-46
110000168,166,81,85
110000169,47,75,-28
110000170,15,38,-23
110000171,118,98,20
110000172,39,401,-362
110000173,412,580,-168
110000174,19,790,-771
110000175,45,25,20
110000176,7,53,-46
110000177,19,261,-242
110000178,286,215,71
110000179,646,120,526
110000180,22,173,-151
110000181,75,205,-130
110000182,151,112,39
110000183,5190,1553,3637
110000184,134,586,-452
110000185,242,299,-57
110000186,289,231,58
110000191,72,259,-187
110000192,33,1,32
110000193,132,2,130
110000194,2,642,-640
110000195,44,176,-132
110000196,45,243,-198
110000197,4,99,-95
110000198,17,28,-11
110000199,11,43,-32
110000200,517,400,117
110000201,131,178,-47
110000202,239,180,59
110000203,215,550,-335
110000204,1,201,-200
110000205,5,49,-44
110000206,195,954,-759
110000207,111,100,11
110000208,18,84,-66
110000209,40,437,-397
110000210,0,0,0
110000211,0,0,0
110000212,55,351,-296
110000213,13,16,-3
110000214,31,41,-10
110000215,26,412,-386
110000216,10,349,-339
110000217,31,95,-64
110000218,29,234,-205
110000219,26,12,14
110000220,7,247,-240
110000221,45,24,21
110000222,8,186,-178
110000223,3,23,-20
110000224,25,6,19
110000225,39,244,-205
110000226,7,8,-1
110000227,138,114,24
110000228,42,19,23
110000229,0,134,-134
110000230,138,384,-246
110000231,47,74,-27
110000232,29,88,-59
110000233,28,104,-76
110000234,162,149,13
110000235,378,322,56
110000236,85,625,-540
110000237,348,589,-241
110000238,276,471,-195
110000239,421,614,-193
110000240,1,45,-44
110000242,0,19,-19
110000243,22,165,-143
110000244,57,177,-120
110000245,16,172,-156
110000246,124,342,-218
110000247,444,621,-177
110000248,693,128,565
110000249,27,0,27
110000250,3,120,-117
110000251,25,230,-205
110000252,52,169,-117
110000253,294,145,149
110000254,230,708,-478
110000255,70,596,-526
110000256,114,52,62
110000257,53,63,-10
110000258,2,248,-246
110000259,44,5,39
110000260,24,284,-260
110000263,188,68,120
110000264,62,372,-310
110000265,357,433,-76
110000266,465,653,-188
110000267,3,103,-100
110000268,66,208,-142
110000269,0,48,-48
110000270,6,0,6
110000271,442,102,340
110000272,205,501,-296
110000273,500,493,7
110000274,115,291,-176
110000275,1617,164,1453
110000276,57,189,-132
110000277,29,128,-99
110000278,97,421,-324
110000279,57,214,-157
110000280,41,155,-114
110000281,5,95,-90
110000282,13,19,-6
110000283,5,20,-15
110000284,0,6,-6
110000285,0,58,-58
110000286,0,0,0
110000287,0,0,0
110000288,2,21,-19
110000289,153,383,-230
110000290,678,231,447
110000291,1113,128,985
110000292,617,756,-139
110000293,159,1161,-1002
110000294,157,309,-152
110000295,680,879,-199
110000296,49,155,-106
110000297,716,166,550
110000298,204,229,-25
110000299,214,9,205
110000301,56,1,55
110000302,86,787,-701
110000303,25,1,24
110000304,39,168,-129
110000305,105,1,104
110000306,34,689,-655
110000307,162,0,162
110000308,18,4,14
110000309,28,857,-829
110000310,114,33,81
110000311,22,1339,-1317
110000312,162,8,154
110000313,878,832,46
110000314,0,132,-132
110000315,910,649,261
110000316,272,575,-303
110000317,217,254,-37
110000318,0,72,-72
110000319,2,6,-4
110000320,9,51,-42
110000321,2,16,-14
110000322,33,331,-298
110000323,48,190,-142
110000324,2720,256,2464
110000325,192,479,-287
110000327,37,58,-21
110000328,150,343,-193
110000333,73,108,-35
110000334,120,443,-323
110000335,202,208,-6
110000336,104,786,-682
110000337,123,194,-71
110000338,36,147,-111
110000339,43,118,-75
110000340,6,104,-98
110000341,74,464,-390
110000342,15,1,14
110000343,2,12,-10
110000344,6,78,-72
110000345,11,34,-23
110000346,924,522,402
110000347,365,223,142
110000348,1,18,-17
110000349,6,4,2
110000350,4,3,1
110000351,109,294,-185
110000352,124,698,-574
110000353,1257,295,962
110000354,534,1052,-518
110000355,6,26,-20
110000356,0,0,0
110000357,95,4,91
110000361,0,47,-47
110000362,10,40,-30
110000363,62,53,9
110000364,27,162,-135
110000365,26,0,26
110000366,1,49,-48
110000367,103,79,24
110000368,0,37,-37
110000369,3,0,3
110000373,0,153,-153
110000374,4,3,1
110000375,16,328,-312
110000376,27,64,-37
110000377,0,0,0
110000378,11,228,-217
110000379,1614,436,1178
110000380,4,6,-2
110000383,1,194,-193
110000384,206,38,168
110000385,0,329,-329
110000387,1,10,-9
110000388,9,179,-170
110000389,38,2,36
110000391,3,182,-179
110000396,5,85,-80
110000397,13,107,-94
110000398,3,8,-5
110000399,2,1,1
110000587,37,34,3
110000589,33,71,-38
110000640,66,58,8
110000652,4,54,-50
110000653,51,255,-204
110000654,3,9,-6
110000656,1,405,-404
110000674,6,0,6
110000675,0,7,-7
110000676,4,24,-20
110000679,487,130,357
110000682,28,13,15
110000683,250,176,74
110000684,0,31,-31
110000685,2,2,0
110000686,0,7,-7
110000687,3,0,3
110000688,18,93,-75
110000689,11,19,-8
110000692,26,131,-105
110000693,31,59,-28
110000694,1,93,-92
110000695,45,662,-617
110000696,81,45,36
110000698,369,424,-55
110000699,1350,266,1084
110900001,16,0,16
110900002,10,101,-91
110900003,59,527,-468
110900004,67,200,-133
110900005,2060,180,1880
110900006,13,0,13
110900007,7,1,6
110900008,3,40,-37
110900009,49,19,30
110900010,3,29,-26
110900011,2,20,-18
110900012,2,83,-81
110900013,127,63,64
110900014,16,4,12
110900015,310,54,256
110900016,1,152,-151
110900017,20,19,1
110900018,39,12,27
110900019,12,8,4
110900020,3,294,-291
110900021,16,303,-287
110900022,30,214,-184
110900023,30,312,-282
110900024,7,300,-293
110900025,1,30,-29
110900027,3,170,-167
110900028,16,109,-93
110900029,14,242,-228
110900030,8,191,-183
110900031,0,70,-70
110900032,0,64,-64
110900033,10,148,-138
110900035,3,195,-192
110900036,13,17,-4
110900037,7,20,-13
110900038,695,96,599
110900039,0,91,-91
110900040,52,7,45
110900041,0,83,-83
110900042,21,33,-12
110900043,1,125,-124
110900044,140,8,132
110900045,8,313,-305
110900046,75,170,-95
110900047,399,21,378
110900049,1,8,-7
110900050,5,0,5
110900051,9,99,-90
110900052,2,129,-127
110900053,6,23,-17
110900054,3,158,-155
110900055,4,0,4
110900056,11,49,-38
110900057,4,143,-139
110900058,22,179,-157
110900059,178,548,-370
110900060,40,34,6
110900061,16,19,-3
110900062,19,210,-191
110900063,10,52,-42
110900064,2,0,2
110900065,173,34,139
110900066,1,29,-28
110900067,358,181,177
110900068,92,128,-36
110900069,0,11,-11
110900070,41,35,6
110900071,120,46,74
110900073,1,8,-7
110900074,49,24,25
110900075,15,17,-2
110900077,41,148,-107
110900078,1,59,-58
110900079,973,165,808
110900080,6,23,-17
110900081,0,76,-76
110900082,5,85,-80
110900083,31,1,30
110900084,1,118,-117
110900085,38,211,-173
110900086,10,29,-19
110900087,49,43,6
110900088,1,0,1
110900090,5,4,1
110900091,0,29,-29
110900093,48,24,24
110900095,4,24,-20
110900097,1,10,-9
110900098,1,44,-43
110900099,22,343,-321
110900100,0,8,-8
110900102,7,5,2
110900105,413,166,247
110900108,1,80,-79
110900111,74,30,44
110900112,71,0,71
110900113,199,5,194
110900115,0,39,-39
110900116,54,1306,-1252
110900118,110,194,-84
110900119,3176,99,3077
110900120,0,45,-45
110900121,6,1,5
110900122,29,43,-14
110900125,41,47,-6
110900127,183,175,8
110900128,120,108,12
110900129,56,39,17
110900130,417,72,345
110900131,5,19,-14
110900132,23,15,8
110900133,13,138,-125
110900135,34,204,-170
110900136,58,3,55
110900138,0,0,0
110900139,0,0,0
110900140,0,0,0
110900141,106,125,-19
110900142,12,115,-103
110900143,9,9,0
110900144,3,341,-338
110900145,16,2,14
110900146,107,8,99
110900147,71,85,-14
110900148,0,98,-98
110900149,1,40,-39
110900150,3,8,-5
110900151,2,31,-29
110900152,3,211,-208
110900153,6,7,-1
111000001,172,185,-13
111000002,351,434,-83
111000003,142,114,28
111000004,255,794,-539
111000005,267,192,75
111000006,329,993,-664
111000007,973,411,562
111000008,2042,1324,718
111000009,128,520,-392
111000010,117,60,57
111000011,502,559,-57
111000012,345,117,228
111000013,176,633,-457
111000014,327,172,155
111000017,42,181,-139
111000018,99,229,-130
111000020,908,779,129
111000021,26,44,-18
111000023,23,40,-17
111000025,3365,618,2747
111000029,38,56,-18
111000030,15,35,-20
111000031,844,177,667
111000032,203,60,143
111000033,59,32,27
111000034,112,93,19
111000037,387,247,140
111000038,1142,1012,130
111000039,435,905,-470
111000040,453,1103,-650
111000041,489,503,-14
111000042,2553,960,1593
111000043,241,170,71
111000044,146,50,96
111000045,284,370,-86
111000046,151,409,-258
111000047,298,576,-278
111000049,83,241,-158
111000050,966,951,15
111000051,146,587,-441
111000052,224,653,-429
111000053,134,493,-359
111000054,95,578,-483
111000055,66,453,-387
111000056,147,479,-332
111000057,23,438,-415
111000058,14,61,-47
111000059,24,86,-62
111000060,168,118,50
111000061,86,134,-48
111000062,85,78,7
111000063,334,249,85
111000064,111,176,-65
111000065,157,212,-55
111000066,39,79,-40
111000067,78,373,-295
111000068,68,283,-215
111000069,722,928,-206
111000070,1333,668,665
111000071,95,413,-318
111000072,62,10,52
111000073,1,29,-28
111000074,171,154,17
111000075,75,96,-21
111000076,33,143,-110
111000077,291,423,-132
111000078,667,542,125
111000079,445,268,177
111000080,117,276,-159
111000081,1106,938,168
111000082,211,272,-61
111000084,208,214,-6
111000085,184,602,-418
111000086,887,560,327
111000087,285,348,-63
111000088,1716,471,1245
111000089,136,363,-227
111000090,509,580,-71
111000091,185,442,-257
111000092,241,785,-544
111000093,131,324,-193
111000094,355,404,-49
111000095,139,684,-545
111000096,1255,2290,-1035
111000097,3244,588,2656
111000098,293,695,-402
111000099,125,1482,-1357
111000100,110,1468,-1358
111000101,161,537,-376
111000102,42,477,-435
111000104,29,40,-11
111000107,9,476,-467
111000109,30,27,3
111000110,154,115,39
111000111,228,101,127
111000112,282,51,231
111000113,153,85,68
111000114,323,243,80
111000115,3587,337,3250
111000116,309,282,27
111000117,171,330,-159
111000118,516,366,150
111000119,308,744,-436
111000120,134,177,-43
111000121,95,203,-108
111000122,125,473,-348
111000123,127,761,-634
111000124,104,2019,-1915
111000125,43,1495,-1452
111000126,281,1409,-1128
111000127,53,14,39
111000128,50,20,30
111000129,121,28,93
111000130,204,214,-10
111000131,144,173,-29
111000132,48,46,2
111000133,34,37,-3
111000134,37,43,-6
111000135,2,27,-25
111000136,30,63,-33
111000138,1,2,-1
111000140,1,0,1
111000141,16,66,-50
111000142,5,96,-91
111000143,0,59,-59
111000144,0,70,-70
111000145,0,0,0
111000146,0,0,0
111000147,0,0,0
111000148,17,32,-15
111000149,3,21,-18
111000150,6,4,2
111000151,2,9,-7
111000153,164,119,45
111000154,276,91,185
111000155,27,81,-54
111000156,80,40,40
111000157,33,50,-17
111000158,162,132,30
111000159,787,165,622
111000160,44,193,-149
111000161,2,69,-67
111000162,1,91,-90
111000163,113,363,-250
111000164,441,855,-414
111000165,449,166,283
111000166,336,124,212
111000167,114,241,-127
111000168,63,148,-85
111000169,39,115,-76
111000170,164,128,36
111000171,279,435,-156
111000172,35,371,-336
111000173,118,713,-595
111000174,28,270,-242
111000175,22,177,-155
111000176,24,130,-106
111000177,26,189,-163
111000178,108,236,-128
111000179,30,109,-79
111000180,35,163,-128
111000181,107,135,-28
111000182,24,75,-51
111000183,43,48,-5
111000184,52,47,5
111000185,94,260,-166
111000186,66,179,-113
111000187,12,180,-168
111000188,25,273,-248
111000189,894,356,538
111000190,76,387,-311
111000191,42,297,-255
111000192,84,431,-347
111000193,255,246,9
111000194,14,284,-270
111000195,18,242,-224
111000196,14,161,-147
111000197,40,50,-10
111000198,30,22,8
111000199,22,26,-4
111000200,34,105,-71
111000201,66,53,13
111000202,53,85,-32
111000203,73,64,9
111000204,125,119,6
111000213,36,136,-100
111000214,358,708,-350
111000215,261,680,-419
111000217,245,309,-64
111000218,167,347,-180
111000219,172,162,10
111000220,1116,244,872
111000221,209,35,174
111000224,123,263,-140
111000225,65,57,8
111000226,21,0,21
111000227,2,1,1
111000228,1,70,-69
111000229,14,130,-116
111000230,30,154,-124
111000231,48,634,-586
111000232,60,466,-406
111000233,95,405,-310
111000234,14,80,-66
111000239,92,80,12
111000240,3,7,-4
111000241,16,288,-272
111000242,5,5,0
111000243,10,560,-550
111000244,3,6,-3
111000245,85,282,-197
111000246,32,313,-281
111000247,64,715,-651
111000248,70,142,-72
111000249,162,448,-286
111000250,16,70,-54
111000251,5,88,-83
111000253,0,0,0
111000255,0,0,0
111000257,0,0,0
111000260,14,478,-464
111000261,121,25,96
111000271,16,214,-198
111000273,2966,493,2473
111000274,391,577,-186
111000275,28,18,10
111000276,1003,2353,-1350
111000277,109,254,-145
111000278,125,120,5
111000291,123,529,-406
111000298,129,187,-58
111000299,72,8,64
111000300,18,272,-254
111000302,44,81,-37
111000303,27,145,-118
111000312,23,52,-29
111000315,33,142,-109
111000320,67,259,-192
111000321,67,9,58
111000322,23,255,-232
111000323,18,6,12
111000324,100,112,-12
111000325,5,33,-28
111000326,23,186,-163
111000327,119,253,-134
111000328,46,161,-115
111000329,2,10,-8
111000330,14,3,11
111000331,4,1,3
111000332,116,480,-364
111000334,146,969,-823
111000335,64,43,21
111000337,98,208,-110
111000338,1,88,-87
111000339,39,398,-359
111000340,38,471,-433
111000341,290,50,240
111000342,14,242,-228
111000344,249,296,-47
111000345,12,3,9
111000346,2,46,-44
111000347,17,4,13
111000350,76,21,55
111000351,15,116,-101
111000352,49,24,25
111000353,21,115,-94
111000354,87,33,54
111000355,73,311,-238
111000358,17,1009,-992
111000360,28,592,-564
111000361,9,269,-260
111000546,43,391,-348
111000547,41,263,-222
111000548,26,93,-67
111000549,25,181,-156
111000550,22,76,-54
111000551,214,19,195
111000552,54,16,38
111000907,10,11,-1
111000908,0,0,0
111000916,164,108,56
111000917,4,184,-180
111000918,20,557,-537
111000920,34,2,32
111000921,2,279,-277
111000922,54,220,-166
111000924,11,965,-954
111000925,325,492,-167
111000926,348,1625,-1277
111000927,1214,793,421
111000928,4182,1823,2359
111000929,206,297,-91
111000930,445,1254,-809
111000931,411,476,-65
111000932,1655,1169,486
111000933,1008,450,558
111000934,1085,1346,-261
111000935,220,374,-154
111000936,342,1251,-909
111000937,353,354,-1
111000938,701,1436,-735
111000939,30,0,30
111000940,84,171,-87
111000941,43,273,-230
111000943,28,134,-106
111000944,46,320,-274
111000945,5,1124,-1119
111001109,37,17,20
111001110,66,356,-290
111001111,3,2,1
111001112,7,0,7
111001113,24,80,-56
111001114,130,18,112
111001115,54,159,-105
111001116,1710,154,1556
111001117,649,237,412
111001120,45,168,-123
111001121,80,202,-122
111001122,141,469,-328
111001123,6,20,-14
111001124,37,420,-383
111001125,0,7,-7
111001126,1,0,1
111001127,0,19,-19
111001128,71,260,-189
111900001,1,155,-154
111900002,0,342,-342
111900003,1,171,-170
111900004,2,54,-52
111900006,1,3,-2
111900007,5,1,4
111900008,6,1,5
111900009,5,1,4
111900010,71,299,-228
111900012,78,44,34
111900013,4,12,-8
111900014,4120,398,3722
111900015,0,38,-38
111900016,0,95,-95
111900017,0,78,-78
111900018,9,0,9
111900019,0,22,-22
111900020,2,17,-15
111900021,3,21,-18
111900022,12,20,-8
111900023,73,25,48
111900024,5,74,-69
111900025,0,12,-12
111900026,0,31,-31
111900027,0,65,-65
111900028,3,236,-233
111900029,4,57,-53
111900030,9,134,-125
111900032,1,243,-242
111900033,1,70,-69
111900034,28,221,-193
111900035,1,77,-76
111900036,1,283,-282
111900038,91,173,-82
111900039,16,130,-114
111900040,2,519,-517
111900042,22,20,2
111900043,1,306,-305
111900044,62,72,-10
111900046,53,102,-49
111900048,17,587,-570
111900049,14,212,-198
111900050,13,4,9
111900051,5,192,-187
111900052,144,343,-199
111900053,643,110,533
111900054,10,0,10
111900055,5,415,-410
111900056,38,44,-6
111900057,22,15,7
111900058,29,455,-426
111900059,669,60,609
111900060,23,0,23
111900061,7,189,-182
111900062,0,6,-6
111900063,12,95,-83
111900064,63,133,-70
111900065,2,5,-3
111900066,10,40,-30
111900067,0,146,-146
111900068,9,12,-3
111900069,4,3,1
111900070,3,41,-38
111900071,0,139,-139
111900072,16,3,13
111900073,38,2,36
111900074,3,77,-74
111900075,17,3,14
111900076,19,7,12
111900077,5,1,4
111900078,12,3,9
111900079,1,0,1
111900080,53,12,41
111900082,5,4,1
111900083,5,2,3
111900084,4,0,4
111900085,4,0,4
111900086,8,1,7
111900087,8,0,8
111900088,42,0,42
111900089,1,0,1
111900090,23,5,18
111900091,13,0,13
111900092,6,0,6
111900093,14,0,14
111900094,6,0,6
111900095,39,3,36
111900096,4,1,3
111900097,3,0,3
111900098,5,0,5
111900099,0,0,0
111900100,8,1,7
111900101,11,0,11
111900102,31,411,-380
111900103,3,5,-2
111900104,9,25,-16
111900105,24,18,6
111900106,638,21,617
111900110,1735,37,1698
111900111,7,77,-70
111900112,288,177,111
111900113,126,31,95
111900118,7,4,3
111900119,58,8,50
111900122,20,3,17
111900123,2,6,-4
111900124,10,54,-44
111900125,24,0,24
111900126,8,0,8
111900127,0,405,-405
111900128,0,252,-252
111900129,8,1,7
111900130,5,0,5
111900131,15,0,15
111900132,11,535,-524
111900133,2,122,-120
111900134,9,201,-192
111900135,1,5,-4
111900136,19,16,3
111900137,18,9,9
111900138,2,42,-40
111900139,4,95,-91
111900140,3,1,2
111900141,5,2,3
111900142,36,14,22
111900143,1,106,-105
111900144,0,98,-98
111900145,2,414,-412
111900146,0,235,-235
111900147,69,350,-281
111900148,22,454,-432
111900149,4,254,-250
111900150,0,106,-106
111900151,2,15,-13
111900152,39,13,26
111900153,675,24,651
111900154,0,36,-36
111900155,8,19,-11
111900156,1,5,-4
111900157,7,2,5
111900158,39,0,39
111900159,15,0,15
111900160,24,0,24
111900161,11,0,11
111900162,43,14,29
111900163,5,81,-76
111900164,5,1,4
111901113,10,196,-186
111901114,5,200,-195
111901115,4,0,4
111901116,6,0,6
111901117,3,0,3
111901118,37,3,34
111901119,634,25,609
111901121,41,140,-99
111901122,0,315,-315
111901123,2,174,-172
111901124,19,0,19
111901125,17,32,-15
111901127,357,37,320
111901128,3,36,-33
111901129,2,62,-60
111901130,3,73,-70
111901131,1,118,-117
111901132,6,1,5
111901133,0,1,-1
111901134,3,0,3
111901135,1,0,1
111901138,10,22,-12
111901139,3,27,-24
111901140,5,48,-43
111901141,3,75,-72
111901142,1,61,-60
111901143,2,32,-30
111901144,13,5,8
111901145,15,34,-19
111901146,46,4,42
111901147,892,20,872
111901148,0,6,-6
111901149,1,1,0
111901150,2,0,2
111901151,0,0,0
111901152,0,12,-12
112000001,262,258,4
112000002,348,1088,-740
112000003,135,259,-124
112000004,190,808,-618
112000005,318,421,-103
112000006,527,959,-432
112000007,311,400,-89
112000008,729,1334,-605
112000009,1667,1613,54
112000010,749,944,-195
112000011,821,1372,-551
112000012,2055,464,1591
112000013,3402,1968,1434
112000014,693,219,474
112000015,1120,949,171
112000016,811,321,490
112000017,584,617,-33
112000024,805,240,565
112000026,2103,2677,-574
112000027,87,92,-5
112000028,873,847,26
112000029,79,129,-50
112000030,146,52,94
112000031,668,658,10
112000032,361,19,342
112000033,1227,260,967
112000034,226,13,213
112000035,20,154,-134
112000036,152,115,37
112000037,295,591,-296
112000038,239,337,-98
112000039,5,55,-50
112000040,61,221,-160
112000041,164,312,-148
112000042,297,133,164
112000050,71,220,-149
112000051,107,179,-72
112000054,839,1219,-380
112000057,310,168,142
112000058,165,192,-27
112000059,358,144,214
112000061,3622,706,2916
112000062,1959,206,1753
112000063,935,241,694
112000064,3364,3326,38
112000065,1430,1569,-139
112000066,731,248,483
112000067,267,386,-119
112000068,386,322,64
112000069,159,1313,-1154
112000070,208,169,39
112000071,263,1849,-1586
112000072,199,299,-100
112000073,308,940,-632
112000074,108,230,-122
112000075,165,270,-105
112000076,1111,1311,-200
112000077,114,390,-276
112000078,253,335,-82
112000079,314,774,-460
112000080,102,439,-337
112000081,510,839,-329
112000082,225,150,75
112000083,162,845,-683
112000084,210,124,86
112000085,225,698,-473
112000086,261,448,-187
112000087,55,605,-550
112000088,60,286,-226
112000089,43,176,-133
112000090,58,161,-103
112000091,208,676,-468
112000092,238,271,-33
112000093,564,735,-171
112000094,114,306,-192
112000095,193,400,-207
112000096,73,254,-181
112000097,108,121,-13
112000098,203,882,-679
112000099,138,87,51
112000100,181,288,-107
112000101,91,578,-487
112000102,113,182,-69
112000103,51,733,-682
112000105,183,1184,-1001
112000106,164,170,-6
112000107,8,32,-24
112000108,74,984,-910
112000109,27,31,-4
112000110,259,125,134
112000111,476,2954,-2478
112000112,723,108,615
112000113,534,1526,-992
112000114,419,302,117
112000115,54,294,-240
112000116,26,474,-448
112000117,96,312,-216
112000118,208,496,-288
112000119,115,562,-447
112000120,19,243,-224
112000121,21,253,-232
112000122,26,28,-2
112000123,45,42,3
112000124,18,19,-1
112000125,7,34,-27
112000126,33,372,-339
112000127,994,326,668
112000128,570,218,352
112000129,10,40,-30
112000130,24,29,-5
112000131,10,133,-123
112000132,15,167,-152
112000133,32,77,-45
112000134,71,195,-124
112000135,126,229,-103
112000136,225,756,-531
112000137,142,314,-172
112000138,338,799,-461
112000139,177,104,73
112000140,225,531,-306
112000141,120,95,25
112000142,60,515,-455
112000143,147,98,49
112000144,97,1044,-947
112000145,366,292,74
112000146,231,1436,-1205
112000147,327,466,-139
112000148,506,1231,-725
112000149,31,218,-187
112000150,23,297,-274
112000151,120,212,-92
112000152,75,146,-71
112000153,88,74,14
112000154,16,48,-32
112000155,64,21,43
112000157,136,118,18
112000158,41,220,-179
112000159,47,126,-79
112000167,63,3,60
112000169,80,204,-124
112000173,90,108,-18
112000175,24,137,-113
112000176,2481,878,1603
112000177,51,29,22
112000178,20,197,-177
112000179,41,88,-47
112000180,71,103,-32
112000181,270,990,-720
112000182,80,892,-812
112000183,11,54,-43
112000184,43,152,-109
112000185,66,280,-214
112000187,780,982,-202
112000195,17,0,17
112000196,6,0,6
112000197,4,27,-23
112000198,10,245,-235
112000199,164,521,-357
112000202,1,0,1
112000216,25,38,-13
112000230,26,0,26
112000231,1,235,-234
112000256,1,11,-10
112000313,44,125,-81
112000314,3,2,1
112000337,48,254,-206
112000352,37,46,-9
112000392,785,501,284
112000398,204,287,-83
112000399,396,375,21
112000400,652,1615,-963
112000401,1275,1697,-422
112000402,423,616,-193
112000403,424,426,-2
112000404,101,161,-60
112000405,359,628,-269
112000406,1742,1804,-62
112000407,1234,1496,-262
112000408,4136,3036,1100
112000409,1174,2863,-1689
112000410,44,20,24
112000411,2114,145,1969
112000412,367,54,313
112000413,3795,361,3434
112000414,22,33,-11
112000415,11,16,-5
112000416,414,396,18
112000417,38,10,28
112000421,7,50,-43
112000422,73,178,-105
112000424,834,313,521
112000425,161,784,-623
112000426,26,81,-55
112000427,1,7,-6
112000428,9,197,-188
112000429,637,1336,-699
112000430,658,1527,-869
112000431,9,15,-6
112000432,179,1294,-1115
112000433,209,174,35
112000437,15,259,-244
112900001,6,2,4
112900002,14,723,-709
112900003,6,114,-108
112900004,3,152,-149
112900005,15,148,-133
112900007,1,63,-62
112900008,0,9,-9
112900009,68,17,51
112900010,11,359,-348
112900011,174,122,52
112900012,1,19,-18
112900013,0,62,-62
112900014,0,155,-155
112900015,132,464,-332
112900016,0,53,-53
112900017,9,94,-85
112900018,3,477,-474
112900019,26,78,-52
112900020,234,801,-567
112900021,0,145,-145
112900022,2,22,-20
112900023,0,170,-170
112900024,2,94,-92
112900025,13,42,-29
112900026,2,146,-144
112900027,0,750,-750
112900028,6,47,-41
112900029,0,261,-261
112900030,156,74,82
112900031,0,260,-260
112900032,36,125,-89
112900034,2,14,-12
112900035,1,268,-267
112900036,17,67,-50
112900037,48,14,34
112900038,13,66,-53
112900039,9,133,-124
112900040,3,146,-143
112900041,353,164,189
112900042,8,154,-146
112900043,2,28,-26
112900044,139,110,29
112900045,304,66,238
112900046,92,14,78
112900047,2,5,-3
112900049,3,20,-17
112900050,25,223,-198
112900051,110,333,-223
112900052,2,604,-602
112900053,135,36,99
112900054,118,5,113
112900055,72,3,69
112900056,34,25,9
112900057,1,378,-377
112900058,133,21,112
112900059,13,52,-39
112900060,2,76,-74
112900061,9,66,-57
112900062,12,56,-44
112900063,27,1,26
112900064,25,18,7
112900065,0,1,-1
112900066,19,15,4
112900067,239,16,223
112900068,2,7,-5
112900069,1375,75,1300
112900071,4,0,4
112900072,60,97,-37
112900073,71,10,61
112900074,4,16,-12
112900075,948,75,873
112900076,7,0,7
112900078,27,55,-28
112900079,21,1,20
112900080,8,0,8
112900081,2,12,-10
112900082,48,3,45
112900083,10,5,5
112900084,24,4,20
112900086,6,0,6
112900087,72,8,64
112900088,3,0,3
112900089,69,3,66
112900090,3,1,2
112900091,12,1,11
112900092,34,24,10
112900093,93,0,93
112900095,0,0,0
112900096,71,20,51
112900097,10,134,-124
112900098,1,0,1
112900099,87,1,86
112900100,0,0,0
112900101,4,0,4
112900102,11,1,10
112900103,25,0,25
112900104,39,1,38
112900105,0,0,0
112900106,68,12,56
112900107,0,0,0
112900108,0,0,0
112900109,3,0,3
112900110,69,1,68
112900111,57,0,57
112900112,39,1,38
112900113,0,3,-3
112900114,3,6,-3
112900115,89,0,89
112900116,6,3,3
112900117,54,43,11
112900118,3,31,-28
112900119,9,0,9
112900120,381,92,289
112900121,66,79,-13
112900122,4,47,-43
112900123,46,5,41
112900124,1,46,-45
112900125,5,57,-52
112900126,22,116,-94
112900127,39,9,30
112900128,189,324,-135
112900129,2,422,-420
112900130,24,6,18
112900131,13,166,-153
112900132,16,353,-337
112900133,14,643,-629
112900134,0,162,-162
112900135,28,6,22
112900137,0,476,-476
112900138,3,275,-272
112900139,56,579,-523
112900141,47,4,43
112900142,14,7,7
112900143,18,319,-301
112900144,4,730,-726
112900145,26,205,-179
112900146,5,726,-721
112900147,3,1613,-1610
112900148,2,0,2
112900149,37,182,-145
112900151,23,1,22
112900152,3092,354,2738
112900153,399,104,295
112900154,0,22,-22
112900155,4,0,4
112900156,21,995,-974
112900157,9,51,-42
112900158,3,4,-1
112900159,35,37,-2
112900160,6,97,-91
112900161,9,7,2
112900162,6,5,1
112900163,17,9,8
112900164,2,19,-17
112900165,13,8,5
112900166,8,4,4
112900167,0,8,-8
112900168,0,0,0
112900169,5,2,3
112900170,9,20,-11
112900172,79,3,76
112900173,114,40,74
112900174,27,2,25
112900175,39,12,27
112900176,0,4,-4
112900177,27,16,11
112900178,75,168,-93
112900179,4,330,-326
112900180,126,1440,-1314
112900181,47,6,41
112900182,6,944,-938
112900183,39,24,15
112900184,130,148,-18
112900185,41,68,-27
112900186,713,141,572
112900187,14,48,-34
112900188,414,91,323
112900189,0,6,-6
112900190,0,25,-25
112900192,82,52,30
112900193,194,60,134
112900194,1,35,-34
112900195,50,3,47
112900196,121,373,-252
112900197,29,223,-194
112900199,24,174,-150
112900200,35,75,-40
112900201,33,24,9
112900202,19,424,-405
112900203,3,61,-58
112900204,224,109,115
112900205,0,8,-8
112900206,0,5,-5
112900207,1,0,1
112900208,16,21,-5
112900209,99,190,-91
112900210,0,1,-1
112900211,12,9,3
112900212,0,49,-49
112900213,1,7,-6
112900214,2,0,2
112900215,1,84,-83
112900216,6,5,1
112900217,0,50,-50
112900218,3,1,2
112900219,2,12,-10
112900220,0,0,0
112900221,0,59,-59
112900222,0,11,-11
112900223,91,1,90
112900224,13,368,-355
112900225,28,289,-261
112900226,44,34,10
112900227,18,553,-535
112900228,3,6,-3
112900229,25,32,-7
112900230,3629,573,3056
112900232,55,26,29
112900233,6,116,-110
112900234,0,41,-41
112900235,1,3,-2
112900236,2,10,-8
112900237,6,191,-185
112900238,0,11,-11
112900239,187,158,29
112900240,2,171,-169
112900241,0,167,-167
112900242,2,219,-217
112900243,1,198,-197
112900244,1,173,-172
112900245,1,40,-39
112900246,0,6,-6
112900247,47,17,30
112900248,8,3,5
112900249,17,4,13
112900250,6,17,-11
112900251,1,9,-8
112900252,4,8,-4
112900253,2,8,-6
112900254,0,2,-2
112900255,0,1,-1
112900256,1,3,-2
112900257,4,2,2
112900258,1,18,-17
113000001,2065,1884,181
113000002,1284,1209,75
113000003,969,587,382
113000004,1014,760,254
113000005,444,383,61
113000006,216,444,-228
113000007,708,503,205
113000008,476,519,-43
113000009,211,487,-276
113000010,252,535,-283
113000011,185,891,-706
113000012,200,172,28
113000013,253,162,91
113000014,577,492,85
113000015,102,58,44
113000016,107,170,-63
113000017,6,124,-118
113000018,28,6,22
113000019,8,131,-123
113000020,4,0,4
113000021,119,288,-169
113000022,119,708,-589
113000025,10,95,-85
113000026,26,108,-82
113000027,125,126,-1
113000028,289,192,97
113000029,264,196,68
113000030,363,319,44
113000031,270,122,148
113000032,100,65,35
113000033,209,90,119
113000034,288,163,125
113000035,7,10,-3
113000036,9,14,-5
113000037,24,4,20
113000038,11,16,-5
113000039,68,156,-88
113000040,25,62,-37
113000042,220,94,126
113000051,250,572,-322
113000052,979,448,531
113000053,69,358,-289
113000054,77,206,-129
113000055,283,475,-192
113000056,243,896,-653
113000058,301,632,-331
113000059,377,206,171
113000060,31,371,-340
113000061,400,571,-171
113000062,476,50,426
113000063,13,90,-77
113000064,2,138,-136
113000065,58,702,-644
113000066,60,63,-3
113000067,261,434,-173
113000068,101,1080,-979
113000069,131,775,-644
113000070,232,251,-19
113000071,88,361,-273
113000072,115,143,-28
113000073,171,603,-432
113000074,319,108,211
113000075,681,132,549
113000076,556,700,-144
113000077,438,134,304
113000078,482,631,-149
113000079,494,291,203
113000080,319,212,107
113000081,326,273,53
113000082,411,411,0
113000083,155,195,-40
113000084,544,514,30
113000085,251,209,42
113000086,331,462,-131
113000087,259,249,10
113000088,860,516,344
113000089,292,494,-202
113000090,27,87,-60
113000091,408,141,267
113000094,122,41,81
113000095,102,678,-576
113000096,51,478,-427
113000097,91,89,2
113000098,25,12,13
113000099,171,58,113
113000100,56,202,-146
113000101,132,222,-90
113000102,92,42,50
113000103,981,352,629
113000104,132,1007,-875
113000105,93,162,-69
113000106,136,321,-185
113000107,174,405,-231
113000108,265,865,-600
113000109,197,783,-586
113000110,621,129,492
113000111,53,198,-145
113000112,102,190,-88
113000113,974,141,833
113000114,189,309,-120
113000116,295,101,194
113000117,315,79,236
113000118,32,80,-48
113000119,53,161,-108
113000120,23,131,-108
113000121,133,359,-226
113000124,24,50,-26
113000125,3,115,-112
113000127,2067,316,1751
113000128,172,165,7
113000129,503,451,52
113000133,2203,264,1939
113000134,1,142,-141
113000135,744,588,156
113000137,573,283,290
113000139,214,41,173
113000140,134,127,7
113000141,186,23,163
113000142,351,276,75
113000143,122,58,64
113000144,169,257,-88
113000145,44,60,-16
113000146,32,42,-10
113000147,28,40,-12
113000148,18,55,-37
113000149,47,55,-8
113000150,206,155,51
113000151,44,28,16
113000152,30,73,-43
113000153,768,198,570
113000154,228,366,-138
113000155,146,133,13
113000156,77,147,-70
113000157,117,299,-182
113000158,212,105,107
113000159,399,195,204
113000160,228,537,-309
113000161,59,317,-258
113000162,247,149,98
113000163,9,12,-3
113000164,34,38,-4
113000166,12,18,-6
113000167,30,138,-108
113000168,28,143,-115
113000169,18,13,5
113000170,17,4,13
113000171,28,72,-44
113000172,63,20,43
113000173,4,4,0
113000174,40,397,-357
113000175,62,12,50
113000176,69,12,57
113000177,38,285,-247
113000178,83,280,-197
113000179,36,21,15
113000180,109,572,-463
113000181,251,521,-270
113000182,97,76,21
113000183,78,270,-192
113000184,17,52,-35
113000189,179,253,-74
113000190,725,117,608
113000192,1121,523,598
113000193,1681,463,1218
113000194,586,499,87
113000195,522,193,329
113000196,25,35,-10
113000197,284,247,37
113000198,8,153,-145
113000199,155,158,-3
113000201,48,71,-23
113000202,1198,229,969
113000203,37,11,26
113000204,490,460,30
113000205,8,6,2
113000206,2,9,-7
113000207,15,7,8
113000208,9,17,-8
113000209,6,10,-4
113000210,5,14,-9
113000211,177,63,114
113000212,135,17,118
113000213,5,41,-36
113000214,22,96,-74
113000234,49,934,-885
113000410,17,37,-20
113000411,1072,2055,-983
113000412,6032,714,5318
113000413,2684,887,1797
113000414,5643,2888,2755
113000415,1385,1083,302
113000416,4119,1441,2678
113000417,1454,1099,355
113000418,1718,1291,427
113000419,561,642,-81
113000420,1641,892,749
113000421,1327,1246,81
113000422,10243,2092,8151
113000423,1780,1292,488
113000424,2744,2318,426
113000425,3,22,-19
113000428,0,0,0
113000430,0,3,-3
113000432,315,34,281
113000433,70,504,-434
113000434,12,243,-231
113000435,8,549,-541
113000436,26,702,-676
113000437,26,7,19
113000438,32,1,31
113000439,17,101,-84
113000440,12,8,4
113000441,21,62,-41
113000442,38,187,-149
113000443,11,95,-84
113000444,26,198,-172
113000445,24,46,-22
113000446,17,55,-38
113000448,157,48,109
113000449,71,100,-29
113000450,197,240,-43
113000451,832,61,771
113000452,54,69,-15
113000453,101,109,-8
113000454,73,12,61
113000455,45,68,-23
113000456,1282,660,622
113000468,1238,102,1136
113000469,36,26,10
113000470,220,24,196
113000471,10,88,-78
113000472,23,89,-66
113000474,87,421,-334
113000475,620,994,-374
113000476,315,904,-589
113000477,720,1152,-432
113000478,1372,2849,-1477
113000479,9,170,-161
113000484,0,1,-1
113000485,0,0,0
113000486,0,0,0
113000487,0,0,0
113000488,0,0,0
113000489,0,0,0
113000490,0,0,0
113000491,0,0,0
113000492,0,0,0
113000493,0,0,0
113000495,112,141,-29
113000496,17,13,4
113000497,0,0,0
113000499,0,0,0
113900001,0,4,-4
113900002,1,5,-4
113900003,0,3,-3
113900004,0,3,-3
113900005,0,3,-3
113900006,0,5,-5
113900007,0,1,-1
113900008,0,1,-1
113900009,4,0,4
113900010,10,1,9
113900011,0,2,-2
113900012,0,0,0
113900013,8,0,8
113900014,163,1,162
113900015,4,31,-27
113900016,2,0,2
113900017,0,13,-13
113900018,140,13,127
113900019,17,20,-3
113900020,6,0,6
113900022,0,0,0
113900023,2,0,2
113900024,6,24,-18
113900025,105,2,103
113900026,2,0,2
113900027,1,14,-13
113900028,3,126,-123
113900029,15,197,-182
113900030,18,0,18
113900031,0,0,0
113900032,4,0,4
113900033,13,20,-7
113900035,14,0,14
113900036,8,32,-24
113900037,4,225,-221
113900038,25,5,20
113900039,14,2,12
113900040,0,0,0
113900041,0,0,0
113900042,12,12,0
113900043,41,49,-8
113900044,41,4,37
113900045,17,1,16
113900046,120,319,-199
113900047,8,46,-38
113900048,223,18,205
113900049,459,28,431
113900050,63,141,-78
113900051,43,209,-166
113900052,63,39,24
113900053,53,18,35
113900054,1,0,1
113900055,24,330,-306
113900056,6,52,-46
113900057,15,43,-28
113900058,9,83,-74
113900059,35,164,-129
113900060,43,81,-38
113900061,255,4,251
113900062,14,2,12
113900063,2,60,-58
113900064,7,97,-90
113900065,83,0,83
113900066,35,161,-126
113900067,7,128,-121
113900068,79,89,-10
113900069,4,0,4
113900070,65,227,-162
113900071,3,18,-15
113900072,5,52,-47
113900073,73,148,-75
113900074,0,215,-215
113900075,254,175,79
113900076,40,0,40
113900077,3,136,-133
113900078,12,20,-8
113900079,1,19,-18
113900080,53,42,11
113900081,9,94,-85
113900082,20,75,-55
113900083,21,350,-329
113900084,29,23,6
113900085,6,199,-193
113900086,7,4,3
113900087,14,95,-81
113900088,10,18,-8
113900089,78,12,66
113900090,113,69,44
113900091,11,4,7
113900092,8,7,1
113900093,14,181,-167
113900094,15,192,-177
113900095,22,10,12
113900096,31,24,7
113900097,0,49,-49
113900098,78,12,66
113900099,0,17,-17
113900100,0,0,0
113900101,7,10,-3
113900102,33,41,-8
113900103,56,61,-5
113900104,27,35,-8
113900105,3,177,-174
113900106,0,33,-33
113900107,0,14,-14
113900108,42,61,-19
113900109,87,29,58
113900110,1,6,-5
113900111,8,31,-23
113900112,12,23,-11
113900113,142,87,55
113900114,0,36,-36
113900115,0,46,-46
113900116,16,35,-19
113900117,14,3,11
113900118,24,36,-12
113900119,134,68,66
113900120,6,2,4
113900121,1,37,-36
113900122,69,282,-213
113900123,53,62,-9
113900124,0,70,-70
113900125,490,63,427
113900126,26,18,8
113900127,39,106,-67
113900128,23,19,4
113900129,4,18,-14
113900130,0,1,-1
113900131,16,20,-4
113900132,5,6,-1
113900133,5,13,-8
113900135,74,166,-92
113900136,17,25,-8
113900137,84,52,32
113900138,1,25,-24
113900139,286,19,267
113900140,123,43,80
113900141,26,142,-116
113900142,11,21,-10
113900143,6,2,4
113900144,82,29,53
113900145,22,59,-37
113900146,17,17,0
113900148,53,64,-11
113900149,42,6,36
113900150,719,177,542
113900151,26,52,-26
113900152,7,29,-22
113900153,304,127,177
113900154,0,27,-27
113900155,86,28,58
113900156,57,275,-218
113900157,4,85,-81
113900158,104,31,73
113900159,1,31,-30
113900160,118,353,-235
113900161,1,54,-53
113900162,168,128,40
113900163,30,61,-31
113900164,24,8,16
113900165,227,192,35
113900166,23,34,-11
113900167,31,26,5
113900168,37,64,-27
113900169,34,161,-127
113900171,5,5,0
113900172,6,106,-100
113900173,37,252,-215
113900174,74,299,-225
113900175,35,12,23
113900176,22,263,-241
113900177,66,56,10
113900178,23,11,12
113900179,3,358,-355
113900180,48,54,-6
113900181,52,9,43
113900182,69,341,-272
113900183,7,36,-29
113900184,1,286,-285
113900185,45,37,8
113900186,3,12,-9
113900187,13,59,-46
113900188,8,31,-23
113900189,24,13,11
113900190,124,23,101
113900191,25,37,-12
113900192,1366,251,1115
113900193,8,138,-130
113900194,918,301,617
113900195,122,168,-46
113900196,1,53,-52
113900197,0,133,-133
113900198,6,37,-31
113900199,105,263,-158
113900200,2,62,-60
113900201,1,110,-109
113900202,10,71,-61
113900203,1,135,-134
113900204,9,351,-342
113900205,1,30,-29
113900206,1,28,-27
113900207,0,22,-22
113900208,0,35,-35
113900209,1,39,-38
113900210,143,71,72
113900211,41,5,36
113900212,6,349,-343
113900214,188,139,49
113900215,6,40,-34
113900216,4,747,-743
113900217,3,137,-134
113900218,14,10,4
113900219,37,205,-168
113900220,27,10,17
113900221,50,50,0
113900222,517,73,444
113900223,21,637,-616
113900224,62,24,38
113900225,189,59,130
113900226,55,43,12
113900227,65,29,36
113900228,125,75,50
113900229,4,125,-121
113900230,1647,260,1387
113900231,24,75,-51
113900232,11,47,-36
113900233,2,24,-22
113900234,19,96,-77
113900235,3,4,-1
113900236,1,130,-129
113900237,15,1,14
113900238,55,114,-59
113900239,21,13,8
113900240,0,33,-33
113900241,21,17,4
113900242,12,45,-33
113900243,32,148,-116
113900244,198,63,135
113900245,665,54,611
113900246,4,2,2
113900247,59,94,-35
113900248,1547,242,1305
113900249,347,39,308
113900250,13,23,-10
113900251,97,97,0
113900252,65,3,62
113900253,99,10,89
113900254,69,16,53
113900255,41,4,37
113900256,72,8,64
113900257,18,441,-423
113900258,3,290,-287
113900259,81,118,-37
113900260,12,4,8
113900261,1,95,-94
113900262,19,432,-413
113900263,25,185,-160
113900264,0,436,-436
113900265,36,162,-126
113900266,14,140,-126
113900267,53,210,-157
113900268,37,89,-52
113900269,21,59,-38
113900270,37,124,-87
113900271,109,585,-476
113900273,2,0,2
113900274,8,1,7
113900275,3,17,-14
113900276,3,131,-128
113900277,10,1,9
113900278,65,69,-4
113900279,65,69,-4
113900280,323,156,167
113900281,73,342,-269
113900282,181,69,112
113900283,73,132,-59
113900284,93,28,65
113900285,17,8,9
113900286,3,56,-53
113900287,2,21,-19
113900288,0,36,-36
113900289,778,20,758
113900290,211,35,176
113900291,71,89,-18
113900292,0,0,0
113900293,0,74,-74
113900294,55,7,48
113900295,87,99,-12
113900296,813,68,745
113900297,80,9,71
113900298,2,592,-590
113900299,2,128,-126
113900300,1517,177,1340
113900301,149,59,90
113900302,787,169,618
113900303,243,32,211
113900304,1,118,-117
113900305,12,0,12
113900306,0,0,0
113900307,32,0,32
113900308,34,28,6
113900309,1,403,-402
113900310,0,14,-14
113900311,0,0,0
113900312,20,57,-37
113900313,19,0,19
113900314,0,3,-3
113900315,1,0,1
114000001,380,1303,-923
114000002,47,218,-171
114000003,78,892,-814
114000004,102,268,-166
114000005,91,122,-31
114000006,920,872,48
114000007,207,737,-530
114000008,753,366,387
114000009,64,76,-12
114000011,828,1231,-403
114000012,464,1284,-820
114000013,265,982,-717
114000014,179,247,-68
114000015,221,243,-22
114000016,100,203,-103
114000017,30,47,-17
114000018,137,40,97
114000026,208,750,-542
114000027,355,821,-466
114000028,487,696,-209
114000038,34,79,-45
114000039,41,167,-126
114000040,43,60,-17
114000042,35,108,-73
114000043,23,142,-119
114000044,39,137,-98
114000045,11,45,-34
114000046,977,2284,-1307
114000047,7,40,-33
114000048,24,66,-42
114000049,546,367,179
114000050,387,384,3
114000051,1182,476,706
114000052,1171,274,897
114000053,8,138,-130
114000054,7,549,-542
114000055,50,9,41
114000056,290,221,69
114000057,4113,985,3128
114000058,75,151,-76
114000059,39,62,-23
114000060,191,356,-165
114000061,1133,276,857
114000062,400,147,253
114000063,1337,701,636
114000064,3357,856,2501
114000065,632,795,-163
114000066,55,259,-204
114000067,3,54,-51
114000068,149,175,-26
114000069,109,184,-75
114000070,702,290,412
114000071,98,388,-290
114000072,26,167,-141
114000073,1,19,-18
114000074,7,7,0
114000075,4,47,-43
114000076,0,41,-41
114000077,1,13,-12
114000078,19,760,-741
114000079,28,26,2
114000080,10,10,0
114000081,0,0,0
114000082,18,325,-307
114000083,11,134,-123
114000084,22,24,-2
114000085,47,420,-373
114000086,23,321,-298
114000087,15,152,-137
114000088,2,8,-6
114000089,534,149,385
114000090,62,43,19
114000091,405,104,301
114000092,224,106,118
114000093,236,279,-43
114000094,95,134,-39
114000095,19,12,7
114000096,24,308,-284
114000097,54,518,-464
114000098,48,13,35
114000099,44,663,-619
114000100,117,241,-124
114000101,155,742,-587
114000102,18,64,-46
114000103,26,253,-227
114000104,0,141,-141
114000105,14,40,-26
114000106,339,115,224
114000107,29,60,-31
114000108,1414,516,898
114000109,37,93,-56
114000110,140,813,-673
114000111,97,77,20
114000112,89,1279,-1190
114000113,120,63,57
114000114,450,1005,-555
114000115,182,53,129
114000116,68,150,-82
114000117,132,64,68
114000118,150,78,72
114000119,132,57,75
114000120,192,631,-439
114000121,174,277,-103
114000122,129,115,14
114000123,81,63,18
114000124,26,52,-26
114000125,374,954,-580
114000126,115,37,78
114000127,14,35,-21
114000128,65,100,-35
114000130,23,14,9
114000131,13,8,5
114000132,212,415,-203
114000133,463,602,-139
114000134,14,119,-105
114000138,39,126,-87
114000139,113,32,81
114000144,96,74,22
114000145,10,79,-69
114000146,35,146,-111
114000147,207,195,12
114000148,572,95,477
114000149,29,27,2
114000150,743,454,289
114000151,759,339,420
114000152,28,9,19
114000153,575,705,-130
114000154,246,317,-71
114000155,339,510,-171
114000156,174,108,66
114000157,87,247,-160
114000158,1149,224,925
114000159,106,230,-124
114000160,51,112,-61
114000161,525,174,351
114000162,265,173,92
114000163,2,68,-66
114000165,66,40,26
114000166,113,34,79
114000167,1826,457,1369
114000168,327,147,180
114000169,370,116,254
114000170,135,91,44
114000171,109,155,-46
114000174,100,231,-131
114000176,287,260,27
114000177,1027,281,746
114000178,11,36,-25
114000179,187,39,148
114000180,202,332,-130
114000181,458,643,-185
114000182,2175,945,1230
114000183,537,479,58
114000184,3804,1011,2793
114000185,121,103,18
114000189,24,9,15
114000190,167,12,155
114000191,11,8,3
114000192,149,810,-661
114000193,457,1658,-1201
114000194,421,762,-341
114000195,9,1,8
114000196,1,166,-165
114000197,63,55,8
114000198,517,174,343
114000199,770,444,326
114000200,191,1259,-1068
114000201,33,571,-538
114000202,283,421,-138
114000203,191,608,-417
114000204,27,209,-182
114000205,71,803,-732
114000206,140,775,-635
114000207,275,1267,-992
114000208,156,1664,-1508
114000209,237,1972,-1735
114000210,174,1023,-849
114000211,220,539,-319
114000212,191,353,-162
114000213,302,221,81
114000214,23,129,-106
114000215,17,15,2
114000216,66,6,60
114000217,5,134,-129
114000218,27,180,-153
114000219,121,169,-48
114000220,3,740,-737
114000221,74,40,34
114000222,57,617,-560
114000223,25,14,11
114000224,57,383,-326
114000225,42,281,-239
114000226,18,131,-113
114000227,175,214,-39
114000228,150,396,-246
114000229,201,624,-423
114000230,285,737,-452
114000231,170,622,-452
114000232,53,38,15
114000233,271,42,229
114000234,203,396,-193
114000235,212,830,-618
114000236,0,370,-370
114000237,37,692,-655
114000238,7,57,-50
114000239,62,844,-782
114000240,162,294,-132
114000241,86,554,-468
114000242,383,459,-76
114000243,252,323,-71
114000244,51,45,6
114000245,102,352,-250
114000246,49,31,18
114000247,106,257,-151
114000248,135,217,-82
114000249,112,200,-88
114000250,32,440,-408
114000251,19,168,-149
114000252,24,48,-24
114000253,2,33,-31
114000254,3,37,-34
114000255,177,64,113
114000256,394,127,267
114000257,419,1219,-800
114000258,33,249,-216
114000259,6,166,-160
114000260,0,16,-16
114000261,3,0,3
114000262,2,99,-97
114000263,0,0,0
114000264,115,330,-215
114000265,0,1,-1
114000267,3,483,-480
114000268,2,1039,-1037
114000270,0,2,-2
114000271,68,54,14
114000283,74,158,-84
114000285,26,170,-144
114000288,19,205,-186
114000289,248,87,161
114000293,37,139,-102
114000294,36,63,-27
114000395,77,6,71
114000396,38,61,-23
114000402,45,166,-121
114000403,67,280,-213
114000405,54,385,-331
114000423,13,288,-275
114000424,29,116,-87
114000425,48,423,-375
114000426,6,17,-11
114000427,21,61,-40
114000428,65,23,42
114000429,6,95,-89
114000432,11,70,-59
114000434,14,55,-41
114000435,0,98,-98
114900001,63,822,-759
114900002,78,12,66
114900003,35,1168,-1133
114900004,44,26,18
114900005,83,426,-343
114900006,3,5,-2
114900007,11,2,9
114900008,31,16,15
114900010,1290,395,895
114900011,10,26,-16
114900013,31,17,14
114900018,173,8,165
114900020,12,23,-11
114900022,1,191,-190
114900025,46,90,-44
114900026,27,22,5
114900029,54,15,39
114900030,32,121,-89
114900031,23,18,5
114900032,20,8,12
114900034,48,161,-113
114900035,45,72,-27
114900036,80,672,-592
114900039,115,471,-356
114900040,15,126,-111
114900041,94,515,-421
114900042,104,581,-477
114900044,3,7,-4
114900047,55,443,-388
114900048,18,114,-96
114900049,27,200,-173
114900050,36,374,-338
114900051,6,291,-285
114900052,43,63,-20
114900053,25,83,-58
114900054,22,50,-28
114900057,35,0,35
114900058,0,68,-68
114900059,8,26,-18
114900063,30,135,-105
114900064,163,442,-279
114900065,67,377,-310
114900067,1,174,-173
114900068,38,161,-123
114900069,133,70,63
114900070,59,317,-258
114900072,3,102,-99
114900073,1,132,-131
114900074,37,440,-403
114900075,23,0,23
114900076,2,261,-259
114900080,1469,130,1339
114900082,1507,512,995
114900083,61,283,-222
114900090,15,48,-33
114900091,51,46,5
114900097,14,1,13
114900098,4,88,-84
114900099,14,0,14
115000001,5205,3548,1657
115000002,1028,670,358
115000003,1751,2606,-855
115000004,596,1137,-541
115000005,486,1847,-1361
115000006,119,360,-241
115000007,32,66,-34
115000008,127,116,11
115000009,69,185,-116
115000010,39,37,2
115000013,30,38,-8
115000015,37,58,-21
115000016,132,76,56
115000019,2,109,-107
115000020,84,29,55
115000021,157,191,-34
115000022,134,158,-24
115000023,19,8,11
115000024,459,197,262
115000025,54,10,44
115000026,45,196,-151
115000027,0,0,0
115000028,36,261,-225
115000029,0,0,0
115000030,70,400,-330
115000031,0,0,0
115000032,5,170,-165
115000033,3,0,3
115000034,33,410,-377
115000035,44,0,44
115000036,2,190,-188
115000037,4,0,4
115000038,18,69,-51
115000039,900,493,407
115000040,2141,813,1328
115000041,258,600,-342
115000042,159,206,-47
115000043,848,832,16
115000044,1462,2160,-698
115000045,587,1588,-1001
115000046,275,773,-498
115000047,365,674,-309
115000048,627,1851,-1224
115000049,501,1353,-852
115000050,522,494,28
115000051,792,353,439
115000052,1701,932,769
115000053,438,404,34
115000054,421,581,-160
115000055,11,274,-263
115000056,12,54,-42
115000057,64,219,-155
115000058,13,30,-17
115000059,12,121,-109
115000061,13,14,-1
115000062,28,167,-139
115000063,13,156,-143
115000064,4,12,-8
115000065,0,92,-92
115000067,0,0,0
115000069,2,148,-146
115000070,13,150,-137
115000071,8,2,6
115000072,26,14,12
115000073,224,12,212
115000075,1,23,-22
115000076,1393,1477,-84
115000077,314,2181,-1867
115000078,159,1005,-846
115000079,255,1270,-1015
115000080,349,1618,-1269
115000081,183,470,-287
115000082,758,1086,-328
115000083,494,2040,-1546
115000084,172,352,-180
115000085,148,558,-410
115000086,77,302,-225
115000087,201,653,-452
115000088,340,99,241
115000089,814,887,-73
115000090,174,26,148
115000091,132,676,-544
115000092,61,201,-140
115000093,6,0,6
115000094,3257,1317,1940
115000095,2869,1590,1279
115000096,114,961,-847
115000097,129,356,-227
115000098,147,425,-278
115000099,260,1334,-1074
115000100,73,142,-69
115000101,167,815,-648
115000102,76,59,17
115000103,147,532,-385
115000105,13,92,-79
115000106,57,65,-8
115000107,46,377,-331
115000108,1906,1742,164
115000109,2038,396,1642
115000110,338,250,88
115000111,187,555,-368
115000112,125,163,-38
115000113,169,242,-73
115000114,474,342,132
115000116,833,388,445
115000117,961,406,555
115000118,381,379,2
115000119,509,363,146
115000120,202,222,-20
115000121,845,242,603
115000122,1405,258,1147
115000123,490,321,169
115000124,216,196,20
115000125,76,203,-127
115000126,31,95,-64
115000127,97,46,51
115000128,378,239,139
115000129,48,53,-5
115000130,47,430,-383
115000131,50,102,-52
115000132,19,194,-175
115000133,47,116,-69
115000134,19,75,-56
115000135,24,115,-91
115000136,52,58,-6
115000137,16,80,-64
115000138,29,56,-27
115000139,89,127,-38
115000140,25,53,-28
115000141,22,173,-151
115000142,22,204,-182
115000143,75,125,-50
115000144,88,29,59
115000145,39,330,-291
115000146,23,52,-29
115000147,35,325,-290
115000148,79,666,-587
115000149,106,74,32
115000150,221,699,-478
115000151,142,127,15
115000152,110,946,-836
115000153,58,107,-49
115000154,71,125,-54
115000155,164,828,-664
115000156,277,136,141
115000157,279,379,-100
115000158,216,104,112
115000159,215,79,136
115000160,207,50,157
115000161,63,188,-125
115000162,113,109,4
115000163,276,331,-55
115000164,216,238,-22
115000165,94,95,-1
115000167,9,23,-14
115000168,117,48,69
115000169,188,198,-10
115000170,66,72,-6
115000171,67,36,31
115000172,906,198,708
115000173,27,32,-5
115000174,18,26,-8
115000175,44,86,-42
115000176,3,1,2
115000177,5,60,-55
115000178,2,114,-112
115000179,2,3,-1
115000180,10,321,-311
115000181,41,43,-2
115000182,54,90,-36
115000183,27,484,-457
115000186,69,71,-2
115000187,26,327,-301
115000188,50,112,-62
115000189,76,225,-149
115000190,62,67,-5
115000191,55,115,-60
115000194,32,34,-2
115000195,39,3,36
115000196,13,33,-20
115000197,19,361,-342
115000198,18,52,-34
115000199,35,230,-195
115000200,32,38,-6
115000201,24,234,-210
115000206,0,0,0
115000207,12,151,-139
115000208,222,283,-61
115000209,33,25,8
115000210,3,31,-28
115000211,50,76,-26
115000212,627,114,513
115000224,7,7,0
115000225,11,4,7
115000229,64,29,35
115000230,10,106,-96
115000231,111,1382,-1271
115000232,152,190,-38
115000233,14,166,-152
115000234,2,120,-118
115000241,3,64,-61
115000242,17,73,-56
115000243,8,132,-124
115000244,1,53,-52
115000246,14,0,14
115000247,2,5,-3
115000248,6,0,6
115000249,1,0,1
115000250,13,27,-14
115000251,8,28,-20
115000252,3,41,-38
115000253,3,41,-38
115000258,19,44,-25
115000259,50,46,4
115000261,0,0,0
115000262,0,2,-2
115000263,0,10,-10
115000264,1,6,-5
115000267,8,8,0
115000268,5,45,-40
115000269,3,14,-11
115000270,0,1,-1
115000272,3,56,-53
115000273,24,4,20
115000280,311,2,309
115000281,328,10,318
115000282,71,15,56
115000284,92,15,77
115000296,43,0,43
115000297,1,1,0
115000298,56,13,43
115000300,5,125,-120
115000302,15,28,-13
115000303,30,27,3
115000304,29,5,24
115000305,15,765,-750
115000306,23,373,-350
115000307,5,210,-205
115000308,15,2,13
115000310,161,821,-660
115000311,64,400,-336
115000313,50,385,-335
115000314,13,13,0
115000315,713,136,577
115000316,14,9,5
115000317,17,227,-210
115000318,82,88,-6
115000319,24,154,-130
115000320,4,36,-32
115000321,30,4,26
115000322,13,176,-163
115000449,33,22,11
115000557,21,80,-59
115000558,9,14,-5
115000587,56,82,-26
115000588,881,2520,-1639
115000589,830,890,-60
115000590,210,781,-571
115000591,156,153,3
115000592,263,779,-516
115000593,202,89,113
115000594,271,646,-375
115000609,51,59,-8
115000617,168,167,1
115000624,10,34,-24
115000633,21,676,-655
115000634,323,109,214
115000635,33,20,13
115000638,469,213,256
115000641,38,37,1
115000642,79,48,31
115000643,11,198,-187
115000644,83,169,-86
115000646,282,249,33
115000647,27,158,-131
115000648,148,750,-602
115000893,505,77,428
115000894,16,616,-600
115000895,179,459,-280
115000896,197,80,117
115000897,16,6,10
115000898,205,15,190
115000899,455,328,127
115000900,10,119,-109
115000901,36,22,14
115000912,14,4,10
115000913,1,12,-11
115000915,1,0,1
115000916,0,0,0
115000917,0,1,-1
115000918,0,0,0
115000919,0,0,0
115000920,1,8,-7
115000921,687,28,659
115000922,137,30,107
115000923,190,409,-219
115000925,15,33,-18
115000927,1,7,-6
115000933,163,37,126
115000934,5,50,-45
115000935,4,30,-26
115000936,0,0,0
115000937,668,26,642
115000938,101,48,53
115000939,87,47,40
115000940,0,0,0
115000941,0,0,0
115000942,0,0,0
115000943,19,7,12
115000944,0,6,-6
115900001,0,52,-52
115900002,18,45,-27
115900003,6,11,-5
115900004,0,18,-18
115900005,7,0,7
115900006,5,130,-125
115900008,0,3,-3
115900009,5,76,-71
115900010,23,38,-15
115900011,23,149,-126
115900012,4,17,-13
115900013,35,26,9
115900014,48,61,-13
115900015,2,19,-17
115900016,4,2,2
115900017,1,0,1
115900018,75,30,45
115900019,31,3,28
115900020,0,0,0
115900021,886,43,843
115900022,827,1,826
115900023,1,0,1
115900025,30,34,-4
115900026,278,122,156
115900027,0,266,-266
115900028,270,14,256
115900029,2,259,-257
115900030,3,2,1
115900031,105,20,85
115900032,39,108,-69
115900033,0,17,-17
115900034,5,276,-271
115900035,2,19,-17
115900036,69,81,-12
115900037,11,281,-270
115900038,0,3,-3
115900039,15,123,-108
115900041,50,68,-18
115900042,0,1,-1
115900043,8,67,-59
115900044,35,27,8
115900046,29,144,-115
115900047,5,4,1
115900049,11,55,-44
115900051,2,20,-18
115900052,7,303,-296
115900053,13,76,-63
115900054,6,45,-39
115900055,5,138,-133
115900056,8,138,-130
115900057,0,0,0
115900058,21,33,-12
115900060,5,29,-24
115900061,6,0,6
115900062,2,216,-214
115900063,12,4,8
115900064,63,46,17
115900065,2,53,-51
115900066,69,60,9
115900067,6,441,-435
115900068,2702,13,2689
115900069,12,42,-30
115900070,11,70,-59
115900071,2,358,-356
115900072,52,107,-55
115900073,3,8,-5
115900074,4,230,-226
115900075,4,152,-148
115900076,0,46,-46
115900077,5,232,-227
115900078,6,58,-52
115900079,11,4,7
115900080,69,54,15
115900081,2,67,-65
115900082,22,28,-6
115900084,29,9,20
115900085,12,9,3
115900086,483,88,395
115900088,1,22,-21
115900089,30,545,-515
115900090,10,3,7
115900091,0,29,-29
115900092,6,106,-100
115900093,0,16,-16
115900094,2,280,-278
115900096,0,12,-12
115900097,2,367,-365
115900098,20,191,-171
115900099,0,36,-36
115900100,0,203,-203
115900101,48,192,-144
115900102,0,29,-29
115900103,59,93,-34
115900104,2,70,-68
115900105,21,305,-284
115900106,3,4,-1
115900107,1,84,-83
115900108,4,3,1
115900109,11,160,-149
115900110,0,2,-2
115900111,0,44,-44
115900112,7,270,-263
115900113,5,1,4
115900114,3,103,-100
115900115,2,41,-39
115900116,26,424,-398
115900117,5,3,2
115900118,1,313,-312
115900119,9,20,-11
115900120,3,115,-112
115900121,15,46,-31
115900124,31,43,-12
115900125,25,5,20
115900126,36,17,19
115900127,41,4,37
115900128,0,90,-90
115900129,44,2,42
115900130,9,71,-62
115900131,11,1,10
115900132,12,3,9
115900134,10,0,10
115900135,269,182,87
115900137,1,0,1
115900139,27,15,12
115900140,21,4,17
115900141,0,15,-15
115900142,1,2,-1
115900143,8,81,-73
115900144,19,72,-53
115900146,2,46,-44
115900147,23,40,-17
115900148,0,0,0
115900149,2,19,-17
115900150,1,17,-16
115900151,1,30,-29
115900152,4,121,-117
115900153,5,56,-51
115900154,130,60,70
115900155,0,24,-24
115900156,63,149,-86
115900157,4,117,-113
115900158,7,0,7
115900159,3,74,-71
115900160,0,0,0
115900161,0,33,-33
115900163,13,28,-15
115900164,10,5,5
115900166,50,72,-22
115900168,2,31,-29
115900171,10,87,-77
115900172,3,25,-22
115900173,16,46,-30
115900174,70,47,23
115900175,17,56,-39
115900178,1,498,-497
115900179,12,6,6
115900180,3,136,-133
115900181,32,149,-117
115900182,34,141,-107
115900183,29,5,24
115900184,156,5,151
115900187,6,44,-38
115900189,0,22,-22
115900190,71,55,16
115900191,15,163,-148
115900192,0,12,-12
115900193,15,4,11
115900194,41,1,40
115900195,76,57,19
115900198,13,66,-53
115900199,22,43,-21
115900200,82,62,20
115900201,8,123,-115
115900202,0,1,-1
115900203,1,1,0
115900204,0,0,0
115900205,4,1,3
115900206,3,63,-60
115900207,4,3,1
115900208,3,152,-149
115900209,0,44,-44
115900210,1,57,-56
115900211,0,60,-60
115900212,13,102,-89
115900213,1,2,-1
115900214,27,55,-28
115900215,5,6,-1
115900216,0,71,-71
115900217,0,54,-54
115900218,0,35,-35
115900219,3,0,3
115900220,6,0,6
115900221,5,0,5
115900222,5,0,5
115900223,4,10,-6
115900224,347,26,321
115900225,48,11,37
115900226,3,14,-11
115900227,0,11,-11
115900228,1,4,-3
115900229,1,11,-10
115900230,8,22,-14
115900231,3,1,2
115900232,4,1,3
115900233,2,0,2
115900234,12,2,10
115900235,0,17,-17
115900236,1,1,0
115900237,0,26,-26
115900238,0,14,-14
115900239,0,23,-23
115900240,1,37,-36
115900241,5,17,-12
115900242,55,24,31
115900243,0,2,-2
115900244,0,3,-3
115900245,0,2,-2
115900246,2,0,2
115900247,2,1,1
115900248,1,0,1
115900249,0,1,-1
115900250,0,2,-2
115900251,0,2,-2
115900252,0,2,-2
115900253,1,2,-1
115900254,5,4,1
115900255,0,9,-9
115900256,11,8,3
115900257,0,10,-10
115900258,0,0,0
115900259,0,0,0
115900260,2,0,2
115900261,2,0,2
115900262,0,2,-2
115900263,1,6,-5
115900264,0,0,0
115900265,0,1,-1
115900266,0,1,-1
115900267,1,0,1
115900268,1,3,-2
115900269,35,155,-120
115900270,20,296,-276
115900271,3,0,3
115900272,2,1,1
115900273,1,2,-1
115900274,1,9,-8
115900275,0,18,-18
115900276,1,32,-31
115900277,0,94,-94
115900278,1,30,-29
115900279,3,30,-27
115900280,3,68,-65
115900281,181,16,165
115900282,13,4,9
115900283,0,1,-1
115900284,4,2,2
116000001,11311,2165,9146
116000002,1194,922,272
116000003,640,1070,-430
116000004,415,405,10
116000005,726,1123,-397
116000006,455,368,87
116000007,1439,2030,-591
116000008,1269,563,706
116000009,670,1486,-816
116000010,298,271,27
116000011,311,839,-528
116000012,253,218,35
116000013,5414,1204,4210
116000014,11449,1336,10113
116000015,181,233,-52
116000016,2786,368,2418
116000017,17,185,-168
116000018,238,141,97
116000019,115,109,6
116000020,138,527,-389
116000021,32,110,-78
116000022,85,166,-81
116000023,130,146,-16
116000024,210,679,-469
116000025,110,211,-101
116000026,409,1036,-627
116000027,171,251,-80
116000028,64,104,-40
116000029,380,177,203
116000030,10,19,-9
116000031,53,69,-16
116000032,27,138,-111
116000033,12,157,-145
116000034,28,227,-199
116000035,38,272,-234
116000036,478,94,384
116000037,115,61,54
116000038,58,33,25
116000039,306,135,171
116000040,98,31,67
116000041,62,262,-200
116000042,92,38,54
116000043,39,243,-204
116000044,0,46,-46
116000045,151,135,16
116000046,343,394,-51
116000047,762,720,42
116000048,263,297,-34
116000049,135,384,-249
116000050,458,621,-163
116000051,563,253,310
116000052,1270,1263,7
116000053,242,132,110
116000054,164,991,-827
116000055,109,659,-550
116000056,38,133,-95
116000057,1026,844,182
116000058,1157,584,573
116000059,731,731,0
116000060,1538,336,1202
116000061,191,232,-41
116000062,139,103,36
116000063,100,364,-264
116000066,0,44,-44
116000067,89,407,-318
116000068,10,17,-7
116000069,93,223,-130
116000078,31,220,-189
116000080,324,494,-170
116000082,0,52,-52
116000083,335,161,174
116000084,701,1557,-856
116000085,639,254,385
116000086,924,700,224
116000087,471,359,112
116000088,274,497,-223
116000089,40,67,-27
116000090,14,41,-27
116000091,56,73,-17
116000093,438,156,282
116000094,77,366,-289
116000095,185,206,-21
116000096,124,465,-341
116000097,113,376,-263
116000098,54,1162,-1108
116000099,3496,131,3365
116000100,27,3,24
116000101,107,702,-595
116000102,23,598,-575
116000103,66,91,-25
116000104,15,726,-711
116000105,120,86,34
116000106,22,727,-705
116000107,261,246,15
116000108,3,78,-75
116000111,10,10,0
116000113,23,21,2
116000114,42,92,-50
116000115,20,21,-1
116000116,91,337,-246
116000117,203,331,-128
116000118,300,769,-469
116000119,295,389,-94
116000120,736,2173,-1437
116000121,165,121,44
116000122,624,1643,-1019
116000123,93,132,-39
116000124,77,723,-646
116000125,228,195,33
116000126,83,822,-739
116000127,386,736,-350
116000128,317,180,137
116000129,82,99,-17
116000130,43,81,-38
116000133,78,429,-351
116000134,274,1402,-1128
116000135,230,545,-315
116000136,217,1059,-842
116000137,82,219,-137
116000138,734,167,567
116000139,367,863,-496
116000140,49,139,-90
116000141,102,446,-344
116000142,1822,1803,19
116000143,673,526,147
116000144,572,1645,-1073
116000145,388,697,-309
116000146,32,123,-91
116000147,44,38,6
116000148,61,159,-98
116000149,91,240,-149
116000151,206,614,-408
116000153,7,24,-17
116000155,12,47,-35
116000156,359,419,-60
116000157,1,8,-7
116000158,34,227,-193
116000159,2,1,1
116000160,3,50,-47
116000161,3,25,-22
116000162,20,13,7
116000163,2,5,-3
116000164,1,7,-6
116000177,6,38,-32
116000194,23,188,-165
116000195,282,238,44
116000196,1,1,0
116000197,3,4,-1
116000198,486,298,188
116000200,216,63,153
116000201,179,264,-85
116000202,4,127,-123
116000203,1,55,-54
116000204,3,22,-19
116000205,0,94,-94
116000206,2,76,-74
116000207,0,34,-34
116000233,32,407,-375
116000287,40,309,-269
116000288,39,75,-36
116000292,1,87,-86
116000296,3,76,-73
116000297,17,23,-6
116000304,21,52,-31
116000305,10,28,-18
116000346,12,105,-93
116000352,4,26,-22
116000354,2,2,0
116000357,0,3,-3
116000358,55,11,44
116000361,439,0,439
116000372,5128,708,4420
116000381,20,0,20
116000388,2,37,-35
116000389,105,203,-98
116000445,41,550,-509
116000446,51,370,-319
116000447,3,216,-213
116000448,170,94,76
116000563,119,88,31
116000565,41,222,-181
116000568,16,15,1
116000579,6,66,-60
116000583,6,19,-13
116000584,0,1,-1
116000585,3,5,-2
116000586,89,46,43
116000587,0,141,-141
116000589,8,51,-43
116000590,7,11,-4
116000591,8,97,-89
116000592,1,74,-73
116000593,0,13,-13
116000594,62,346,-284
116000595,53,87,-34
116000596,9,0,9
116000597,19,19,0
116000598,2,138,-136
116000605,34,53,-19
116000606,4,21,-17
116000607,1,25,-24
116000609,47,198,-151
116000611,8,342,-334
116000612,164,802,-638
116000613,77,116,-39
116000614,138,462,-324
116000615,0,44,-44
116000616,9,104,-95
116000617,12,47,-35
116000618,1,107,-106
116000619,6,30,-24
116000620,8,131,-123
116000621,1,3,-2
116000622,0,0,0
116000624,9,30,-21
116000627,7,44,-37
116000628,8,277,-269
116000629,24,227,-203
116000630,30,5,25
116000631,3,20,-17
116000632,19,53,-34
116000633,1,157,-156
116000634,47,227,-180
116000635,844,355,489
116000636,458,401,57
116000637,56,58,-2
116000638,2,197,-195
116000639,0,0,0
116000640,2,1,1
116000641,19,102,-83
116000643,2,88,-86
116000644,15,714,-699
116000645,3,18,-15
116900001,41,32,9
116900002,86,1,85
116900003,1,35,-34
116900004,2,2,0
116900005,44,29,15
116900006,39,60,-21
116900007,38,78,-40
116900008,55,264,-209
116900009,0,1,-1
116900010,43,1147,-1104
116900011,4,16,-12
116900012,24,91,-67
116900013,3,87,-84
116900014,9,256,-247
116900015,22,23,-1
116900016,10,0,10
116900017,0,387,-387
116900018,15,14,1
116900019,0,198,-198
116900020,581,39,542
116900023,21,1,20
116900024,26,32,-6
116900025,24,565,-541
116900026,21,275,-254
116900027,1,12,-11
116900028,0,34,-34
116900029,0,4,-4
116900031,0,3,-3
116900032,0,119,-119
116900033,0,1,-1
116900034,3,46,-43
116900035,33,105,-72
116900036,0,67,-67
116900038,10,1,9
116900041,6,4,2
116900042,522,69,453
116900043,0,28,-28
116900047,62,7,55
116900049,18,130,-112
116900050,8,130,-122
116900051,3,112,-109
116900052,16,27,-11
116900055,0,1,-1
116900057,9,161,-152
116900058,6,125,-119
116900059,0,57,-57
116900060,46,138,-92
116900062,0,3,-3
116900064,9,522,-513
116900065,0,28,-28
116900067,9,34,-25
116900068,24,245,-221
116900070,0,2,-2
116900072,1,242,-241
116900073,8,68,-60
116900074,1,10,-9
116900076,1,10,-9
116900077,0,107,-107
116900078,92,54,38
116900079,3,178,-175
116900080,1,9,-8
116900081,50,529,-479
116900082,69,395,-326
116900083,6,40,-34
116900084,35,15,20
116900085,1,87,-86
116900086,5,138,-133
116900088,96,9,87
116900090,81,11,70
116900091,22,74,-52
116900092,12,354,-342
116900093,811,423,388
116900094,2753,543,2210
116900095,18,76,-58
116900096,17,26,-9
116900097,1064,274,790
116900098,494,63,431
116900099,185,123,62
116900100,59,2,57
116900101,105,324,-219
116900103,0,0,0
116900104,12,36,-24
116900105,37,11,26
116900106,51,1,50
116900107,1728,193,1535
116900110,0,0,0
116900111,38,555,-517
116900112,20,276,-256
116900113,914,193,721
116900116,12,55,-43
116900117,2,36,-34
116900118,602,215,387
116900120,24,28,-4
116900121,13,5,8
116900122,75,537,-462
116900123,14,497,-483
116900124,26,348,-322
116900125,18,78,-60
116900126,48,163,-115
116900128,0,18,-18
116900129,0,153,-153
116900130,489,515,-26
116900131,9,76,-67
116900132,2,27,-25
116900133,10,37,-27
116900134,29,84,-55
116900136,18,59,-41
116900137,45,70,-25
116900138,45,91,-46
116900139,17,186,-169
116900140,33,109,-76
116900141,91,127,-36
116900142,0,3,-3
116900143,54,212,-158
116900144,0,5,-5
116900145,10,133,-123
116900147,214,114,100
116900148,0,4,-4
116900149,1,23,-22
116900150,2,1,1
116900151,7,1,6
116900153,9,12,-3
116900154,37,44,-7
116900155,7,9,-2
116900157,26,147,-121
116900158,9,25,-16
116900159,7,82,-75
116900160,179,59,120
116900161,4793,687,4106
116900162,0,39,-39
116900163,8,60,-52
116900164,4,12,-8
116900165,13,27,-14
116900166,6,27,-21
116900167,32,21,11
116900168,34,39,-5
116900169,97,55,42
116900170,26,56,-30
116900171,2,80,-78
116900172,54,16,38
116900173,8,25,-17
116900174,1,14,-13
116900175,9,25,-16
116900178,1,85,-84
116900179,14,12,2
116900180,14,12,2
116900182,79,81,-2
116900183,15,32,-17
116900185,2,1,1
116900186,32,170,-138
116900187,0,2,-2
116900188,19,7,12
116900189,1,0,1
116900191,57,140,-83
116900192,35,47,-12
116900194,6,129,-123
116900195,1,2,-1
116900196,2,75,-73
116900197,7,1,6
116900198,110,44,66
116900200,2,25,-23
116900201,3,0,3
116900202,10,22,-12
116900203,8,0,8
116900204,22,25,-3
116900206,5,35,-30
116900207,1,8,-7
116900208,2,42,-40
116900209,7,58,-51
116900210,47,67,-20
116900211,56,1,55
116900212,2,45,-43
116900213,16,63,-47
116900214,12,67,-55
116900215,5,17,-12
116900216,42,201,-159
116900218,1,177,-176
116900219,391,183,208
116900220,19,74,-55
116900221,12,82,-70
116900222,81,110,-29
116900223,33,50,-17
116900226,4,45,-41
116900227,14,22,-8
116900228,22,242,-220
116900230,2,136,-134
116900231,4,222,-218
116900232,1,223,-222
116900233,24,14,10
116900234,0,1,-1
116900235,77,207,-130
116900238,426,98,328
116900239,0,165,-165
116900240,2561,448,2113
116900241,1,57,-56
116900242,610,47,563
116900243,0,14,-14
116900245,4,0,4
116900246,7,13,-6
116900247,40,4,36
116900248,7,10,-3
116900249,20,22,-2
116900250,26,25,1
116900251,85,22,63
116900252,4,421,-417
116900254,0,32,-32
116900255,26,11,15
116900256,39,27,12
116900257,5,350,-345
116900258,4,223,-219
116900259,3,4,-1
116900260,0,96,-96
116900261,3,2,1
116900262,21,93,-72
116900263,0,5,-5
116900264,0,2,-2
116900265,4,0,4
116900266,1,13,-12
116900267,0,1,-1
116900268,2,1,1
116900269,59,193,-134
116900271,1203,26,1177
116900272,196,254,-58
116900273,85,16,69
116900274,1,16,-15
116900275,13,39,-26
116900276,86,13,73
116900277,107,2,105
116900278,0,4,-4
116900279,1,10,-9
116900280,2,7,-5
116900281,3082,429,2653
116900282,0,69,-69
116900283,7,77,-70
116900284,3,49,-46
116900285,68,21,47
116900286,62,1,61
116900287,0,54,-54
116900288,9,50,-41
116900289,0,14,-14
116900290,0,27,-27
116900291,5,3,2
116900292,1,0,1
116900293,4,72,-68
116900294,6,46,-40
116900295,10,8,2
116900296,0,5,-5
116900297,1,4,-3
116900298,8,7,1
116900299,0,8,-8
116900300,0,6,-6
116900301,1,13,-12
116900302,11,2,9
116900303,170,6,164
116900304,0,34,-34
116900305,1,2,-1
116900306,14,69,-55
116900307,3,0,3
116900308,0,92,-92
116900309,8,49,-41
116900310,5,29,-24
117000001,148,385,-237
117000002,1052,1785,-733
117000003,1004,660,344
117000004,1299,1961,-662
117000005,377,427,-50
117000006,341,2160,-1819
117000007,514,311,203
117000008,452,2021,-1569
117000009,754,340,414
117000010,799,1493,-694
117000011,205,468,-263
117000012,305,1097,-792
117000013,208,437,-229
117000014,191,973,-782
117000015,907,315,592
117000016,59,48,11
117000017,98,44,54
117000018,19,124,-105
117000019,3,4,-1
117000020,297,292,5
117000021,1332,134,1198
117000022,98,30,68
117000023,142,44,98
117000024,157,46,111
117000025,267,240,27
117000026,333,90,243
117000027,700,781,-81
117000028,40,57,-17
117000030,208,245,-37
117000031,51,20,31
117000032,652,560,92
117000033,280,262,18
117000034,66,122,-56
117000035,46,10,36
117000036,58,129,-71
117000037,6,22,-16
117000038,31,179,-148
117000039,21,79,-58
117000040,42,847,-805
117000041,73,31,42
117000044,7,658,-651
117000045,68,11,57
117000046,146,526,-380
117000047,51,110,-59
117000048,734,567,167
117000049,32,165,-133
117000050,10,935,-925
117000051,201,44,157
117000052,12,537,-525
117000053,136,47,89
117000054,231,0,231
117000055,94,2024,-1930
117000056,96,5,91
117000057,288,952,-664
117000060,112,1064,-952
117000061,118,143,-25
117000062,63,224,-161
117000063,139,117,22
117000064,374,455,-81
117000066,377,246,131
117000067,14,87,-73
117000074,40,35,5
117000076,15,9,6
117000077,20,32,-12
117000078,13,134,-121
117000079,29,45,-16
117000080,2,200,-198
117000081,112,21,91
117000082,15,93,-78
117000083,36,64,-28
117000084,0,0,0
117000085,54,171,-117
117000086,254,342,-88
117000087,35,202,-167
117000088,76,32,44
117000089,251,99,152
117000090,55,911,-856
117000091,102,75,27
117000092,94,1033,-939
117000093,116,132,-16
117000094,170,1225,-1055
117000095,278,211,67
117000096,191,1370,-1179
117000097,139,344,-205
117000098,985,2969,-1984
117000099,319,187,132
117000100,18,61,-43
117000101,87,629,-542
117000102,136,128,8
117000103,390,1146,-756
117000104,147,137,10
117000105,235,1150,-915
117000106,200,117,83
117000107,134,1283,-1149
117000108,123,192,-69
117000109,980,1971,-991
117000110,195,139,56
117000111,681,1201,-520
117000112,482,527,-45
117000113,15,172,-157
117000114,6,9,-3
117000115,14,102,-88
117000116,1,75,-74
117000117,274,92,182
117000118,46,100,-54
117000119,24,9,15
117000120,15,11,4
117000121,5,48,-43
117000122,188,60,128
117000123,377,8,369
117000124,30,1,29
117000125,52,16,36
117000126,12,21,-9
117000127,59,122,-63
117000128,113,169,-56
117000129,195,118,77
117000130,0,1,-1
117000131,0,147,-147
117000132,189,96,93
117000133,94,39,55
117000134,2,41,-39
117000135,6,14,-8
117000136,0,38,-38
117000137,14,12,2
117000138,1,128,-127
117000140,162,1198,-1036
117000141,215,107,108
117000181,435,82,353
117000182,59,33,26
117000195,58,705,-647
117000196,7,4,3
117000225,39,15,24
117000226,4,46,-42
117000276,21,0,21
117000277,1,309,-308
117000310,969,799,170
117000315,17,84,-67
117000320,0,0,0
117000906,22,0,22
117000907,2,308,-306
117000909,17,18,-1
117000910,72,56,16
117000911,77,131,-54
117000915,3,359,-356
117000916,1,0,1
117000917,57,2,55
117000918,6,3,3
117000919,4,45,-41
117000920,3,927,-924
117000921,3,1715,-1712
117000922,0,0,0
117000924,160,130,30
117000926,631,32,599
117000927,45,87,-42
117000928,1,146,-145
117000929,44,339,-295
117000930,135,156,-21
117000931,74,23,51
117900002,55,143,-88
117900003,255,78,177
117900005,0,18,-18
117900006,0,13,-13
117900007,11,112,-101
117900008,0,27,-27
117900010,28,75,-47
117900011,2,1,1
117900012,2,107,-105
117900013,0,153,-153
117900014,72,260,-188
117900015,4,172,-168
117900016,498,96,402
117900017,44,418,-374
117900018,95,6,89
117900019,38,358,-320
117900020,13,37,-24
117900021,0,64,-64
117900023,344,10,334
117900024,13,116,-103
117900025,26,6,20
117900026,40,231,-191
117900028,1,2,-1
117900029,23,737,-714
117900031,12,29,-17
117900032,105,89,16
117900033,30,646,-616
117900034,25,9,16
117900035,35,13,22
117900036,36,450,-414
117900037,4,32,-28
117900038,5,285,-280
117900039,0,30,-30
117900040,47,279,-232
117900041,1,31,-30
117900042,2565,165,2400
117900043,13,25,-12
117900044,34,345,-311
117900045,17,40,-23
117900048,46,163,-117
117900049,24,390,-366
117900050,0,23,-23
117900051,5,6,-1
117900052,11,53,-42
117900053,228,345,-117
117900054,0,18,-18
117900055,40,21,19
117900056,50,17,33
117900057,293,585,-292
117900058,7,0,7
117900059,13,7,6
117900060,128,2995,-2867
117900061,2,23,-21
117900063,19,99,-80
117900065,374,526,-152
117900066,1,9,-8
117900067,55,158,-103
117900069,52,241,-189
117900070,9,0,9
117900071,11,57,-46
117900073,46,254,-208
117900074,7,0,7
117900075,5,31,-26
117900076,0,28,-28
117900077,22,13,9
117900078,65,135,-70
117900080,42,30,12
117900081,259,245,14
117900082,42,58,-16
117900083,29,401,-372
117900086,15,25,-10
117900087,10,18,-8
117900088,1033,680,353
117900089,261,46,215
117900090,35,500,-465
117900091,45,34,11
117900092,1,23,-22
117900093,0,23,-23
117900094,4,6,-2
117900095,53,601,-548
117900096,7,80,-73
117900097,8,20,-12
117900098,0,0,0
117900099,15,225,-210
117900100,7,0,7
117900101,142,217,-75
117900102,6,15,-9
117900103,2,0,2
117900104,1,58,-57
117900105,22,69,-47
117900106,4,13,-9
117900107,0,0,0
117900109,34,85,-51
117900110,8,0,8
117900111,73,0,73
117900112,9,1,8
117900113,1389,288,1101
117900114,2,0,2
117900115,41,5,36
117900116,342,265,77
117900117,113,117,-4
117900118,1,0,1
117900119,24,179,-155
117900120,25,36,-11
117900121,0,9,-9
117900122,347,267,80
117900123,52,510,-458
117900124,142,245,-103
117900125,270,280,-10
117900126,170,302,-132
117900127,79,275,-196
117900128,49,468,-419
117900129,3,0,3
117900130,155,73,82
117900131,0,47,-47
117900132,0,36,-36
117900133,0,81,-81
117900134,12,124,-112
117900135,2,164,-162
117900136,0,30,-30
117900137,13,162,-149
117900138,0,28,-28
117900139,9,93,-84
117900140,2855,11,2844
117900141,25,113,-88
117900142,3,1,2
117900144,5,26,-21
117900145,3,1,2
117900146,55,29,26
117900147,7,15,-8
117900148,1040,359,681
117900149,7,77,-70
117900150,4,71,-67
117900151,21,103,-82
117900152,25,48,-23
117900153,1,41,-40
117900154,90,365,-275
117900156,151,166,-15
117900157,2,133,-131
117900158,14,11,3
117900160,102,110,-8
117900161,964,1068,-104
117900162,19,92,-73
117900163,40,5,35
117900165,0,1,-1
117900166,7,38,-31
117900168,29,79,-50
117900169,0,49,-49
117900170,0,10,-10
117900171,0,4,-4
117900172,8,11,-3
117900173,47,17,30
117900174,7,4,3
117900175,1,16,-15
117900176,0,20,-20
117900177,5,23,-18
117900178,63,6,57
117900180,61,12,49
117900181,21,10,11
117900182,0,3,-3
117900183,0,14,-14
117900184,2,9,-7
117900185,2,2,0
117900186,7,0,7
117900187,0,3,-3
117900188,10,6,4
117900189,10,1,9
117900190,0,0,0
117900191,3,0,3
117900192,7,4,3
117900193,0,22,-22
117900194,0,3,-3
117900195,0,4,-4
117900196,0,3,-3
117900207,7,14,-7
117900208,0,8,-8
117900209,66,47,19
117900210,51,57,-6
117900211,5,46,-41
117900212,28,65,-37
117900213,3,0,3
117900214,0,34,-34
117900215,2,20,-18
117900216,6,12,-6
117900217,5,7,-2
117900218,57,18,39
117900219,2,47,-45
117900220,0,20,-20
117900222,74,125,-51
117900223,43,77,-34
118000001,234,135,99
118000002,602,709,-107
118000003,373,423,-50
118000004,1007,897,110
118000005,1191,599,592
118000006,3502,1895,1607
118000007,1433,797,636
118000008,1479,1065,414
118000009,2307,1246,1061
118000010,595,1327,-732
118000011,279,1205,-926
118000012,271,1304,-1033
118000013,1165,1218,-53
118000014,822,1895,-1073
118000016,110,259,-149
118000017,50,77,-27
118000018,75,255,-180
118000019,650,516,134
118000020,536,468,68
118000021,380,775,-395
118000022,925,222,703
118000023,492,195,297
118000024,448,287,161
118000027,7683,1628,6055
118000029,567,200,367
118000032,305,457,-152
118000033,724,652,72
118000034,1645,798,847
118000035,436,532,-96
118000036,203,443,-240
118000037,192,436,-244
118000038,55,85,-30
118000039,10,137,-127
118000040,337,1307,-970
118000041,387,615,-228
118000045,164,14,150
118000046,609,241,368
118000047,586,157,429
118000048,1180,467,713
118000051,412,191,221
118000052,228,111,117
118000053,95,90,5
118000054,581,315,266
118000055,429,227,202
118000056,25,69,-44
118000057,54,71,-17
118000058,575,227,348
118000059,284,211,73
118000060,96,327,-231
118000061,186,441,-255
118000062,119,82,37
118000063,95,140,-45
118000064,210,314,-104
118000065,1451,544,907
118000066,258,282,-24
118000067,551,275,276
118000068,728,1151,-423
118000069,1249,392,857
118000070,3313,475,2838
118000071,1552,1108,444
118000072,709,537,172
118000073,860,123,737
118000074,112,144,-32
118000075,212,162,50
118000076,398,460,-62
118000077,577,497,80
118000078,599,671,-72
118000079,120,99,21
118000080,487,366,121
118000081,420,498,-78
118000082,144,264,-120
118000083,873,325,548
118000084,1104,501,603
118000086,120,271,-151
118000087,3583,999,2584
118000088,800,602,198
118000089,1858,1063,795
118000090,1262,593,669
118000091,345,386,-41
118000092,780,140,640
118000093,56,205,-149
118000096,141,200,-59
118000097,134,229,-95
118000098,45,61,-16
118000099,77,398,-321
118000101,166,221,-55
118000102,69,618,-549
118000107,1619,131,1488
118000108,33,90,-57
118000110,1,9,-8
118000111,1,449,-448
118000112,0,0,0
118000113,3,596,-593
118000114,0,0,0
118000115,3,0,3
118000116,4,0,4
118000117,371,349,22
118000118,168,212,-44
118000119,172,329,-157
118000120,604,792,-188
118000121,10,251,-241
118000122,256,68,188
118000123,17,147,-130
118000125,596,715,-119
118000126,234,676,-442
118000127,460,184,276
118000128,492,721,-229
118000129,143,80,63
118000130,1356,1974,-618
118000131,270,655,-385
118000132,463,359,104
118000133,104,195,-91
118000135,35,38,-3
118000136,37,259,-222
118000137,320,26,294
118000138,23,266,-243
118000139,66,68,-2
118000140,1218,959,259
118000141,348,573,-225
118000142,456,926,-470
118000143,247,293,-46
118000144,413,314,99
118000145,552,808,-256
118000146,307,790,-483
118000147,202,911,-709
118000148,118,610,-492
118000149,132,591,-459
118000150,45,75,-30
118000151,44,96,-52
118000153,145,307,-162
118000154,182,537,-355
118000155,150,368,-218
118000156,758,740,18
118000157,149,165,-16
118000158,17,172,-155
118000159,1,3,-2
118000160,26,65,-39
118000161,61,393,-332
118000162,141,324,-183
118000163,121,191,-70
118000164,580,413,167
118000168,622,52,570
118000169,308,1028,-720
118000170,1624,3286,-1662
118000171,19,134,-115
118000172,3,50,-47
118000173,205,497,-292
118000175,45,63,-18
118000176,72,97,-25
118000177,47,164,-117
118000178,9,17,-8
118000179,322,102,220
118000180,134,157,-23
118000181,52,38,14
118000182,137,128,9
118000183,171,133,38
118000184,35,301,-266
118000185,475,253,222
118000186,221,263,-42
118000187,214,501,-287
118000188,58,105,-47
118000189,36,392,-356
118000190,1,2,-1
118000191,5,11,-6
118000192,439,190,249
118000193,16,63,-47
118000194,762,227,535
118000195,233,167,66
118000196,52,22,30
118000197,95,30,65
118000198,162,105,57
118000199,138,95,43
118000200,7,25,-18
118000201,139,115,24
118000202,0,1,-1
118000203,489,78,411
118000204,120,35,85
118000205,182,59,123
118000206,22,52,-30
118000207,1,41,-40
118000208,232,377,-145
118000209,407,1013,-606
118000210,1,2,-1
118000211,1,4,-3
118000213,103,207,-104
118000214,219,116,103
118000215,132,95,37
118000216,1,246,-245
118000217,4,43,-39
118000218,6,28,-22
118000219,86,122,-36
118000220,0,1,-1
118000221,7,58,-51
118000222,95,17,78
118000223,3,4,-1
118000224,65,28,37
118000225,16,499,-483
118000226,59,24,35
118000227,309,56,253
118000228,70,39,31
118000229,23,3,20
118000230,15,93,-78
118000231,6,83,-77
118000232,137,495,-358
118000233,131,211,-80
118000234,42,133,-91
118000236,44,246,-202
118000237,12,286,-274
118000238,22,174,-152
118000239,46,71,-25
118000240,234,35,199
118000241,19,130,-111
118000242,33,451,-418
118000243,14,94,-80
118000244,7,101,-94
118000246,9,6,3
118000255,14,102,-88
118000256,19,99,-80
118000259,1,13,-12
118000260,5,36,-31
118000261,3,36,-33
118000263,4,94,-90
118000266,52,186,-134
118000267,0,42,-42
118000268,3,0,3
118000270,9,18,-9
118000271,27,146,-119
118000272,27,4,23
118000273,18,47,-29
118000274,53,160,-107
118000276,53,138,-85
118000295,2,18,-16
118000298,33,253,-220
118000299,23,133,-110
118000301,0,43,-43
118000302,15,39,-24
118000311,12,58,-46
118000312,14,147,-133
118000313,5,79,-74
118000314,19,28,-9
118000315,2,28,-26
118000316,87,271,-184
118000325,4,33,-29
118000326,2,13,-11
118000331,3,32,-29
118000332,5,27,-22
118000333,6,31,-25
118000335,0,0,0
118000336,3,273,-270
118000407,11,33,-22
118000457,2,5,-3
118000465,1188,678,510
118000480,1,60,-59
118000489,8,31,-23
118000490,32,213,-181
118000492,64,92,-28
118000510,33,7,26
118000514,31,162,-131
118000515,42,51,-9
118000517,229,74,155
118000524,336,80,256
118000525,261,373,-112
118000530,1,37,-36
118000531,39,72,-33
118000532,37,181,-144
118000533,146,92,54
118000534,194,273,-79
118000535,35,45,-10
118000536,71,44,27
118000537,5,9,-4
118000538,11,48,-37
118000539,3,32,-29
118000540,30,78,-48
118000541,15,48,-33
118000542,8,37,-29
118000543,7,49,-42
118000546,8,15,-7
118000553,0,2,-2
118000557,0,0,0
118000560,1388,167,1221
118000562,1,91,-90
118000563,633,378,255
118000576,33,116,-83
118000577,74,59,15
118000578,89,57,32
118000579,326,265,61
118000583,0,0,0
118000595,66,23,43
118000596,0,37,-37
118000597,53,95,-42
118000598,1,0,1
118000599,0,17,-17
118000600,1,3,-2
118000601,0,0,0
118000602,0,1,-1
118000603,0,36,-36
118000605,22,510,-488
118000606,4,41,-37
118900001,296,96,200
118900002,383,115,268
118900003,3,0,3
118900004,2,22,-20
118900005,2,0,2
118900006,0,0,0
118900007,14,4,10
118900008,357,10,347
118900009,0,0,0
118900010,1,0,1
118900011,18,2,16
118900012,85,82,3
118900013,58,0,58
118900015,9,6,3
118900016,5,18,-13
118900017,5,6,-1
118900018,188,0,188
118900019,14,9,5
118900020,6,19,-13
118900021,54,127,-73
118900022,58,31,27
118900023,23,24,-1
118900024,2,24,-22
118900025,1,0,1
118900026,23,31,-8
118900027,64,46,18
118900028,13,75,-62
118900029,5,85,-80
118900030,6,3,3
118900031,27,56,-29
118900032,4,21,-17
118900033,41,192,-151
118900034,1,0,1
118900035,30,144,-114
118900036,140,253,-113
118900037,27,61,-34
118900038,39,217,-178
118900039,9,54,-45
118900040,11,61,-50
118900041,27,55,-28
118900042,15,40,-25
118900045,19,48,-29
118900046,435,39,396
118900047,357,78,279
118900048,16,61,-45
118900049,6,4,2
118900050,3,92,-89
118900051,0,11,-11
118900052,15,72,-57
118900053,1,4,-3
118900054,13,37,-24
118900055,2,52,-50
118900056,0,23,-23
118900057,23,108,-85
118900058,37,149,-112
118900059,4,10,-6
118900060,4,41,-37
118900062,6,58,-52
118900064,104,67,37
118900065,5,22,-17
118900066,20,30,-10
118900067,4176,733,3443
118900068,0,18,-18
118900069,49,118,-69
118900071,0,6,-6
118900072,58,76,-18
118900073,10,38,-28
118900074,35,27,8
118900075,0,20,-20
118900076,27,8,19
118900077,12,61,-49
118900078,3,1,2
118900079,17,17,0
118900080,0,14,-14
118900081,4,2,2
118900082,73,50,23
118900083,1,13,-12
118900084,5,9,-4
118900085,156,323,-167
118900086,0,14,-14
118900087,25,35,-10
118900088,0,12,-12
118900089,0,4,-4
118900090,69,182,-113
118900091,29,21,8
118900092,9,42,-33
118900093,9,5,4
118900096,18,29,-11
118900097,33,425,-392
118900099,7,114,-107
118900100,21,35,-14
118900101,8,267,-259
118900102,4,36,-32
118900103,7,11,-4
118900104,3,35,-32
118900105,55,18,37
118900107,41,35,6
118900108,10,60,-50
118900110,135,72,63
118900111,50,171,-121
118900112,2,34,-32
118900113,10,177,-167
118900114,1,25,-24
118900115,14,52,-38
118900116,17,87,-70
118900117,14,83,-69
118900118,46,283,-237
118900119,17,166,-149
118900120,26,142,-116
118900121,0,62,-62
118900122,0,87,-87
118900123,32,134,-102
118900124,8,55,-47
118900126,3,123,-120
118900129,13,43,-30
118900130,8,6,2
118900131,25,193,-168
118900132,18,46,-28
118900133,6,9,-3
118900135,39,64,-25
118900136,32,394,-362
118900137,0,2,-2
118900139,18,225,-207
118900140,84,545,-461
118900141,6,85,-79
118900144,47,553,-506
118900145,3,49,-46
118900146,45,307,-262
118900147,2,48,-46
118900148,5,10,-5
118900150,16,90,-74
118900152,57,380,-323
118900157,11,22,-11
118900158,0,8,-8
118900159,0,61,-61
118900161,1,1,0
118900163,28,18,10
118900164,0,28,-28
118900165,6,142,-136
118900166,7,1,6
118900167,9,71,-62
118900168,28,17,11
118900169,26,222,-196
118900170,3,16,-13
118900171,4,31,-27
118900174,5,22,-17
118900175,27,161,-134
118900176,5,57,-52
118900177,4,5,-1
118900178,4,31,-27
118900179,5,9,-4
118900181,18,31,-13
118900182,9,18,-9
118900183,2,21,-19
118900184,24,5,19
118900185,11,82,-71
118900186,31,43,-12
118900187,28,96,-68
118900188,20,78,-58
118900189,2,78,-76
118900190,1,169,-168
118900191,8,8,0
118900192,18,3,15
118900193,4,1,3
118900195,34,227,-193
118900196,4,79,-75
118900197,3,4,-1
118900198,1,23,-22
118900199,0,27,-27
118900200,0,0,0
118900201,5,0,5
118900202,7,18,-11
118900203,2,17,-15
118900204,2,14,-12
118900205,0,7,-7
118900206,0,27,-27
119000001,215,249,-34
119000002,448,728,-280
119000003,301,770,-469
119000004,327,520,-193
119000005,411,546,-135
119000006,455,736,-281
119000007,577,880,-303
119000008,545,1045,-500
119000009,1546,987,559
119000010,4242,2244,1998
119000011,2860,685,2175
119000012,2810,1135,1675
119000013,1158,538,620
119000014,1188,1667,-479
119000019,47,88,-41
119000020,278,557,-279
119000021,813,835,-22
119000022,1125,423,702
119000023,25,20,5
119000024,933,1499,-566
119000025,3590,136,3454
119000026,149,71,78
119000027,2050,254,1796
119000028,745,562,183
119000029,60,94,-34
119000030,219,294,-75
119000031,301,383,-82
119000032,1195,917,278
119000033,731,567,164
119000034,343,673,-330
119000035,5,143,-138
119000036,233,552,-319
119000037,171,1187,-1016
119000038,26,541,-515
119000039,137,140,-3
119000040,421,130,291
119000041,541,394,147
119000048,2384,2238,146
119000049,397,2274,-1877
119000050,471,794,-323
119000051,618,488,130
119000052,725,1049,-324
119000053,640,542,98
119000054,496,806,-310
119000055,577,1246,-669
119000056,473,921,-448
119000057,498,1384,-886
119000058,463,1004,-541
119000059,215,525,-310
119000060,234,395,-161
119000061,230,310,-80
119000062,380,687,-307
119000063,57,116,-59
119000064,410,628,-218
119000065,880,1647,-767
119000066,513,293,220
119000067,743,1418,-675
119000068,366,508,-142
119000069,426,1218,-792
119000070,481,680,-199
119000071,241,403,-162
119000072,2386,1658,728
119000073,1826,2118,-292
119000074,498,2001,-1503
119000075,217,1368,-1151
119000076,275,355,-80
119000077,261,198,63
119000078,100,219,-119
119000079,30,277,-247
119000080,44,86,-42
119000081,47,184,-137
119000082,67,132,-65
119000083,81,123,-42
119000084,46,257,-211
119000085,113,94,19
119000086,69,200,-131
119000087,479,289,190
119000088,126,156,-30
119000089,24,60,-36
119000090,54,53,1
119000091,104,112,-8
119000092,194,32,162
119000093,1810,1765,45
119000094,675,1899,-1224
119000095,501,1476,-975
119000097,2272,572,1700
119000098,303,839,-536
119000099,979,976,3
119000100,804,970,-166
119000101,1171,1481,-310
119000102,246,265,-19
119000103,477,193,284
119000104,1369,654,715
119000105,139,221,-82
119000106,287,1124,-837
119000107,119,165,-46
119000108,81,902,-821
119000109,30,243,-213
119000110,307,303,4
119000111,12,343,-331
119000112,126,123,3
119000113,1314,107,1207
119000114,218,108,110
119000115,111,30,81
119000116,26,22,4
119000117,15,80,-65
119000118,3,8,-5
119000123,573,189,384
119000124,81,103,-22
119000125,279,425,-146
119000126,113,445,-332
119000127,24,333,-309
119000128,34,10,24
119000131,175,1026,-851
119000132,2,2,0
119000133,0,2,-2
119000134,415,115,300
119000135,23,134,-111
119000136,29,208,-179
119000137,24,295,-271
119000138,81,359,-278
119000139,31,168,-137
119000140,10,91,-81
119000284,666,1187,-521
119000285,1501,1182,319
119000286,2538,1764,774
119000287,641,1029,-388
119000288,370,869,-499
119000289,691,1663,-972
119000290,89,467,-378
119000291,9,159,-150
119000293,39,137,-98
119000294,4,6,-2
119000295,1150,503,647
119000296,71,89,-18
119000302,3664,670,2994
119000303,0,0,0
119000314,405,778,-373
119000315,3,441,-438
119000316,19,58,-39
119000317,12,398,-386
119000319,69,232,-163
119900001,17,176,-159
119900002,6,85,-79
119900003,4,600,-596
119900004,169,79,90
119900005,13,56,-43
119900006,18,86,-68
119900007,58,10,48
119900008,1,10,-9
119900009,121,332,-211
119900010,430,499,-69
119900011,3,15,-12
119900012,3,8,-5
119900013,460,268,192
119900014,344,90,254
119900015,10,25,-15
119900016,6,24,-18
119900017,1,6,-5
119900018,289,50,239
119900019,0,2,-2
119900020,9,54,-45
119900021,7,12,-5
119900022,16,68,-52
119900023,299,67,232
119900025,15,22,-7
119900026,305,11,294
119900027,0,3,-3
119900028,23,7,16
119900029,0,5,-5
119900030,60,134,-74
119900031,2,33,-31
119900033,865,41,824
119900034,37,102,-65
119900037,2,7,-5
119900038,9,24,-15
119900039,3,0,3
119900040,16,0,16
119900041,6,59,-53
119900042,6,52,-46
119900043,6,85,-79
119900044,42,64,-22
119900046,6,41,-35
119900047,81,8,73
119900049,2,0,2
119900050,11,7,4
119900051,71,1,70
119900052,3,48,-45
119900053,88,77,11
119900054,7,0,7
119900055,105,59,46
119900057,12,38,-26
119900058,21,0,21
119900059,34,23,11
119900060,25,0,25
119900061,25,0,25
119900062,7,23,-16
119900063,0,18,-18
119900065,14,1,13
119900067,10,22,-12
119900068,31,0,31
119900069,6,2,4
119900070,36,2,34
119900071,43,2,41
119900073,539,118,421
119900074,0,5,-5
119900075,2765,685,2080
119900076,2,68,-66
119900077,50,775,-725
119900078,29,322,-293
119900079,1,97,-96
119900080,66,127,-61
119900081,38,6,32
119900082,55,5,50
119900083,0,13,-13
119900084,29,21,8
119900085,72,13,59
119900086,20,655,-635
119900087,34,20,14
119900088,13,25,-12
119900089,1,349,-348
119900090,44,17,27
119900091,11,729,-718
119900092,5,233,-228
119900093,130,11,119
119900094,11,148,-137
119900095,47,12,35
119900096,10,51,-41
119900097,142,72,70
119900098,2,8,-6
119900099,6,190,-184
119900100,1469,466,1003
119900101,128,388,-260
119900102,3,214,-211
119900103,6,250,-244
119900104,7,92,-85
119900105,212,785,-573
119900106,6,142,-136
119900107,79,1743,-1664
119900108,986,394,592
119900109,6,85,-79
119900110,67,453,-386
119900111,9,226,-217
119900112,1416,148,1268
119900113,19,391,-372
119900114,37,1112,-1075
119900115,11,787,-776
119900116,17,116,-99
119900117,40,745,-705
119900118,3,753,-750
119900119,1,172,-171
119900120,191,420,-229
119900121,15,862,-847
119900122,60,195,-135
119900123,22,132,-110
119900124,23,708,-685
119900125,19,216,-197
119900126,3503,62,3441
119900127,1284,223,1061
119900128,27,414,-387
119900129,28,429,-401
119900130,19,111,-92
119900131,7,237,-230
119900132,0,226,-226
119900133,0,8,-8
119900134,1288,100,1188
119900135,1,228,-227
119900136,39,339,-300
119900138,162,329,-167
119900139,0,15,-15
119900140,1,100,-99
119900141,20,77,-57
119900142,0,1,-1
119900143,2,171,-169
119900144,1173,64,1109
119900145,18,105,-87
119900146,55,28,27
119900147,1,29,-28
119900148,36,27,9
119900149,670,701,-31
119900150,55,84,-29
119900151,362,296,66
119900152,8,192,-184
119900153,9,9,0
119900154,2,833,-831
119900155,1,5,-4
119900156,0,0,0
119900157,7,138,-131
119900158,14,24,-10
119900159,2,892,-890
119900160,2,146,-144
119900161,100,139,-39
119900162,107,131,-24
119900163,21,16,5
119900164,0,0,0
119900165,16,164,-148
119900166,5,6,-1
119900167,7,43,-36
119900168,174,123,51
119900169,25,20,5
119900170,19,25,-6
119900171,162,269,-107
119900172,18,2,16
119900173,3,294,-291
119900174,0,135,-135
119900175,112,219,-107
119900177,8,116,-108
119900178,1,118,-117
119900179,11,86,-75
119900180,147,208,-61
119900181,24,4,20
119900182,3,242,-239
119900183,42,621,-579
119900184,1314,144,1170
119900185,2,24,-22
119900186,7,47,-40
119900187,2,360,-358
119900188,15,161,-146
119900189,71,35,36
119900190,3,56,-53
119900191,23,59,-36
119900192,1,90,-89
119900193,23,61,-38
119900194,3,1,2
119900195,5,111,-106
119900196,950,160,790
119900197,14,56,-42
119900198,15,254,-239
119900199,87,1,86
119900200,29,170,-141
119900201,194,74,120
119900202,43,8,35
119900203,15,80,-65
119900204,7,101,-94
119900205,33,224,-191
119900206,8,56,-48
119900208,25,41,-16
119900209,62,97,-35
119900210,8,8,0
119900211,12,2,10
119900212,17,390,-373
119900213,1,12,-11
119900214,1,54,-53
119900215,0,42,-42
119900216,1,67,-66
119900217,2,33,-31
119900218,8,28,-20
119900219,0,92,-92
119900220,1,55,-54
119900221,2,202,-200
119900222,3,116,-113
119900223,4,25,-21
119900224,12,9,3
119900225,522,7,515
119900226,324,180,144
119900227,824,151,673
119900228,4,155,-151
119900229,69,131,-62
119900230,477,163,314
119900231,13,110,-97
119900232,32,25,7
119900233,4,0,4
119900234,1,2,-1
119900235,1,5,-4
119900236,0,52,-52
119900237,1,159,-158
119900238,0,40,-40
119900240,1,54,-53
119900241,11,105,-94
119900242,424,83,341
119900244,260,536,-276
119900245,12,65,-53
119900246,36,50,-14
119900247,27,3,24
119900248,5,12,-7
119900249,40,6,34
119900253,1828,96,1732
119900254,4,53,-49
119900255,31,386,-355
119900256,19,921,-902
119900257,5,0,5
119900258,5,0,5
119900259,1,134,-133
119900260,6,0,6
119900261,23,80,-57
119900262,1,166,-165
119900263,317,220,97
119900264,2,127,-125
119900265,57,250,-193
119900266,18,128,-110
119900267,12,190,-178
119900268,6,164,-158
119900269,64,940,-876
119900271,4,23,-19
119900272,11,24,-13
119900275,29,1,28
119900276,7,1,6
119900277,0,0,0
119900278,42,22,20
119900279,20,29,-9
119900280,524,89,435
119900281,0,21,-21
119900282,21,6,15
119900283,0,172,-172
119900284,8,77,-69
119900285,9,14,-5
119900286,5,7,-2
119900288,2,13,-11
119900289,0,18,-18
119900290,1,16,-15
119900291,1,9,-8
119900292,4,4,0
119900293,1,20,-19
119900294,2,36,-34
119900295,0,34,-34
119900296,0,59,-59
119900297,0,5,-5
119900298,0,8,-8
119900299,4,145,-141
119900300,10,107,-97
119900301,1,1,0
119900302,1,7,-6
119900303,3,52,-49
119900304,3,1,2
119900305,5,24,-19
119900306,3,0,3
119900307,3,27,-24
119900308,4,3,1
119900309,1,8,-7
119900310,80,107,-27
119900311,24,57,-33
119900312,29,27,2
119900313,41,208,-167
119900314,5,54,-49
119900315,113,1554,-1441
119900318,2,4,-2
119900319,2,242,-240
119900320,5,419,-414
119900321,3,0,3
120000001,3454,1877,1577
120000002,932,2134,-1202
120000003,2018,1381,637
120000004,1827,1614,213
120000005,2573,1291,1282
120000006,975,889,86
120000007,1120,972,148
120000008,645,925,-280
120000009,1666,213,1453
120000010,857,1673,-816
120000011,368,1299,-931
120000012,926,1580,-654
120000013,700,1688,-988
120000014,264,965,-701
120000015,690,1224,-534
120000016,691,501,190
120000017,354,440,-86
120000018,1809,2015,-206
120000019,163,283,-120
120000020,619,661,-42
120000021,777,598,179
120000022,1847,1287,560
120000023,296,674,-378
120000024,629,1001,-372
120000025,622,1084,-462
120000026,185,1034,-849
120000027,370,847,-477
120000028,220,146,74
120000029,1247,244,1003
120000030,35,380,-345
120000031,877,2267,-1390
120000032,6141,1635,4506
120000033,652,823,-171
120000034,349,1153,-804
120000035,441,1339,-898
120000036,685,1601,-916
120000037,152,253,-101
120000038,5174,1222,3952
120000039,393,719,-326
120000040,31,84,-53
120000041,122,1054,-932
120000042,586,3721,-3135
120000043,1438,1547,-109
120000044,652,605,47
120000045,847,515,332
120000046,876,1163,-287
120000047,723,973,-250
120000048,4089,1294,2795
120000049,1020,1295,-275
120000050,873,2245,-1372
120000051,1978,1713,265
120000052,8376,1146,7230
120000053,471,2340,-1869
120000054,667,4276,-3609
120000055,308,2364,-2056
120000056,1292,2727,-1435
120000057,602,613,-11
120000058,85,120,-35
120000059,37,767,-730
120000061,23,333,-310
120000062,107,184,-77
120000063,1003,2009,-1006
120000064,207,1319,-1112
120000065,101,1148,-1047
120000066,43,302,-259
120000067,24,204,-180
120000068,40,724,-684
120000069,200,1007,-807
120000070,38,1248,-1210
120000071,84,107,-23
120000072,67,175,-108
120000073,64,82,-18
120000074,10,25,-15
120000075,33,82,-49
120000076,152,121,31
120000077,191,211,-20
120000078,1654,288,1366
120000079,66,455,-389
120000080,39,134,-95
120000081,60,89,-29
120000082,46,122,-76
120000083,34,154,-120
120000084,247,273,-26
120000085,167,284,-117
120000086,102,445,-343
120000087,52,871,-819
120000088,112,494,-382
120000089,146,48,98
120000090,66,92,-26
120000091,77,188,-111
120000092,79,114,-35
120000093,37,99,-62
120000094,15,105,-90
120000095,290,513,-223
120000096,85,944,-859
120000098,177,653,-476
120000099,68,451,-383
120000100,160,601,-441
120000101,101,250,-149
120000102,54,150,-96
120000103,135,155,-20
120000104,182,76,106
120000105,284,77,207
120000106,238,124,114
120000107,351,98,253
120000108,143,40,103
120000109,134,16,118
120000110,9,419,-410
120000111,40,751,-711
120000112,180,2352,-2172
120000113,183,1958,-1775
120000114,169,1355,-1186
120000115,105,1249,-1144
120000116,187,1235,-1048
120000117,589,1358,-769
120000118,4,2,2
120000119,0,12,-12
120000120,12,24,-12
120000121,0,5,-5
120000122,43,28,15
120000123,3352,535,2817
120000124,78,148,-70
120000125,78,275,-197
120000126,63,183,-120
120000127,208,163,45
120000128,815,806,9
120000129,102,96,6
120000130,113,166,-53
120000131,101,273,-172
120000134,125,871,-746
120000135,27,167,-140
120000137,23,1354,-1331
120000138,55,303,-248
120000139,17,684,-667
120000140,73,359,-286
120000141,21,397,-376
120000142,18,289,-271
120000143,1,78,-77
120000144,6,2,4
120000145,30,1,29
120000146,693,195,498
120000149,238,574,-336
120000150,2556,2787,-231
120000151,180,218,-38
120000152,57,120,-63
120000153,46,339,-293
120000154,184,225,-41
120000155,47,92,-45
120000156,759,127,632
120000157,213,273,-60
120000158,243,606,-363
120000159,1503,1631,-128
120000160,751,458,293
120000161,519,1766,-1247
120000162,11,80,-69
120000163,66,425,-359
120000164,82,514,-432
120000165,73,626,-553
120000166,105,295,-190
120000167,0,3,-3
120000168,10,38,-28
120000169,110,70,40
120000170,191,37,154
120000171,46,13,33
120000172,16,8,8
120000173,1462,64,1398
120000174,273,5,268
120000175,309,8,301
120000176,110,73,37
120000177,757,434,323
120000178,82,3,79
120000179,163,12,151
120000180,188,32,156
120000181,31,16,15
120000182,30,19,11
120000183,3,101,-98
120000184,39,1326,-1287
120000186,9,27,-18
120000187,10,14,-4
120000188,91,22,69
120000190,542,4,538
120000191,790,0,790
120000192,663,0,663
120000193,204,0,204
120000195,17,0,17
120000196,138,7,131
120000197,17,46,-29
120000198,17,101,-84
120000199,10,0,10
120000200,9,0,9
120000201,1,0,1
120000202,0,40,-40
120000203,3,266,-263
120000207,15,47,-32
120000208,15,197,-182
120000209,0,88,-88
120000210,65,33,32
120000211,16,0,16
120000212,10,0,10
120000213,20,292,-272
120000214,0,339,-339
120000215,3,63,-60
120000216,13,3,10
120000217,401,866,-465
120000218,117,1420,-1303
120000219,19,699,-680
120000220,5,2440,-2435
120000225,59,0,59
120000226,19,0,19
120000227,159,2,157
120000228,6003,694,5309
120000230,20,2,18
120000231,101,1458,-1357
120000233,4,3,1
120000235,76,451,-375
120000236,0,2,-2
120000237,6,1962,-1956
120000238,2,84,-82
120000241,275,427,-152
120000412,301,0,301
120000413,31,145,-114
120000414,1,1,0
120000415,2,105,-103
120000416,0,10,-10
120000417,2,75,-73
120000418,5,8,-3
120000419,0,225,-225
120000420,5,8,-3
120000421,8968,4141,4827
120000422,190,214,-24
120000423,0,9,-9
120000424,10,124,-114
120000436,54,101,-47
120000437,136,115,21
120000438,3006,228,2778
120000439,14,114,-100
120000443,21,0,21
120000444,82,230,-148
120000445,276,324,-48
120000446,360,75,285
120000447,2,0,2
120000449,3,2,1
120000450,5,226,-221
120000451,6,109,-103
120000452,4,1,3
120000453,2,347,-345
120000454,0,0,0
120000455,33,37,-4
120000456,2554,1778,776
120000457,1175,909,266
120000458,196,721,-525
120000459,32,32,0
120000665,258,82,176
120000668,57,75,-18
120000669,18,289,-271
120000670,177,290,-113
120000671,158,97,61
120000672,55,285,-230
120900001,2,8,-6
120900002,7,37,-30
120900003,33,18,15
120900004,4,12,-8
120900005,2,1734,-1732
120900006,30,62,-32
120900007,20,74,-54
120900008,13,656,-643
120900009,144,45,99
120900010,31,8,23
120900011,53,22,31
120900012,306,148,158
120900013,32,3,29
120900014,1,392,-391
120900015,78,26,52
120900016,68,27,41
120900017,1815,43,1772
120900018,16,261,-245
120900019,59,13,46
120900020,132,129,3
120900021,25,8,17
120900022,6,222,-216
120900023,16,10,6
120900024,437,238,199
120900025,1145,232,913
120900026,12,82,-70
120900027,203,106,97
120900028,26,9,17
120900029,11,37,-26
120900030,146,89,57
120900031,6,7,-1
120900032,110,65,45
120900033,83,2,81
120900034,41,461,-420
120900035,12,22,-10
120900037,16,1,15
120900038,6,24,-18
120900039,6,6,0
120900040,14,0,14
120900041,27,2,25
120900042,24,20,4
120900043,11,1,10
120900044,1,195,-194
120900045,62,64,-2
120900046,31,0,31
120900047,17,9,8
120900048,5,5,0
120900049,23,0,23
120900050,2055,208,1847
120900051,28,28,0
120900052,36,0,36
120900053,26,29,-3
120900054,510,325,185
120900055,39,0,39
120900056,34,0,34
120900057,14,4,10
120900058,34,1,33
120900059,8,1,7
120900060,0,7,-7
120900061,65,97,-32
120900062,12,0,12
120900063,36,2,34
120900064,42,0,42
120900065,32,2,30
120900066,12,138,-126
120900067,4,8,-4
120900068,13,0,13
120900069,19,36,-17
120900071,2,0,2
120900072,43,1,42
120900073,30,50,-20
120900074,32,0,32
120900076,26,0,26
120900077,1411,59,1352
120900078,46,622,-576
120900079,61,77,-16
120900080,66,2217,-2151
120900081,71,22,49
120900082,175,68,107
120900083,5,1,4
120900084,26,55,-29
120900085,38,34,4
120900086,78,39,39
120900087,41,15,26
120900088,27,42,-15
120900089,2821,214,2607
120900090,16,103,-87
120900091,62,69,-7
120900092,132,374,-242
120900093,3052,138,2914
120900094,222,109,113
120900095,24,9,15
120900096,8,58,-50
120900097,194,948,-754
120900098,168,113,55
120900099,28,56,-28
120900100,13,320,-307
120900101,103,211,-108
120900102,2,131,-129
120900103,4,42,-38
120900104,17,23,-6
120900105,2,729,-727
120900106,663,306,357
120900107,311,97,214
120900108,3,795,-792
120900109,21,466,-445
120900110,10,460,-450
120900111,44,262,-218
120900112,1,1117,-1116
120900113,6,650,-644
120900114,9,218,-209
120900115,41,57,-16
120900116,10,354,-344
120900117,0,429,-429
120900118,3,622,-619
120900119,3069,1710,1359
120900120,11,488,-477
120900121,13,230,-217
120900122,16,471,-455
120900123,2,398,-396
120900124,1,540,-539
120900125,2,534,-532
120900126,464,345,119
120900127,4,440,-436
120900128,504,594,-90
120900129,10,279,-269
120900130,0,125,-125
120900131,14,44,-30
120900132,53,185,-132
120900133,89,663,-574
120900134,109,290,-181
120900135,2,508,-506
120900136,9,12,-3
120900137,9,58,-49
120900138,2,140,-138
120900139,1,645,-644
120900140,0,16,-16
120900141,3,39,-36
120900142,8,581,-573
120900143,1,835,-834
120900144,0,217,-217
120900145,16,603,-587
120900146,2,677,-675
120900147,5,152,-147
120900148,9,55,-46
120900149,0,259,-259
120900150,4,350,-346
120900151,4,485,-481
120900152,9,41,-32
120900153,1,43,-42
120900154,0,209,-209
120900155,23,922,-899
120900156,8,331,-323
120900157,5,183,-178
120900158,6,394,-388
120900159,22,809,-787
120900160,37,298,-261
120900161,12,1668,-1656
120900162,6,1336,-1330
120900163,4,42,-38
120900164,0,0,0
120900165,0,0,0
120900166,0,21,-21
120900167,14,14,0
120900169,10,296,-286
120900170,1328,310,1018
120900171,745,118,627
120900172,602,32,570
120900173,1,32,-31
120900174,2,72,-70
120900175,241,50,191
120900176,0,48,-48
120900177,0,74,-74
120900178,0,32,-32
120900179,196,174,22
120900180,28,32,-4
120900181,6,90,-84
120900182,3,267,-264
120900183,469,39,430
120900184,98,36,62
120900185,0,203,-203
120900186,2,436,-434
120900187,50,194,-144
120900188,22,1,21
120900189,25,58,-33
120900190,10,3,7
120900191,0,3,-3
120900192,9399,520,8879
120900194,6,43,-37
120900195,39,221,-182
120900196,182,57,125
120900197,60,16,44
120900198,48,394,-346
120900199,56,34,22
120900200,45,26,19
120900201,377,71,306
120900202,0,136,-136
120900203,11,31,-20
120900204,236,229,7
120900205,19,37,-18
120900206,1,3,-2
120900207,19,588,-569
121000001,412,552,-140
121000002,656,462,194
121000003,2435,1054,1381
121000004,1598,848,750
121000005,1010,1367,-357
121000006,1579,564,1015
121000007,1462,1770,-308
121000008,1565,901,664
121000009,4038,2674,1364
121000010,4468,1112,3356
121000011,7252,4046,3206
121000012,9620,2341,7279
121000013,4534,3306,1228
121000014,4936,2906,2030
121000015,2510,3461,-951
121000016,3331,1688,1643
121000017,639,1677,-1038
121000018,884,676,208
121000019,8119,3887,4232
121000020,5052,2569,2483
121000021,1037,1455,-418
121000022,746,751,-5
121000023,1512,1476,36
121000024,960,1646,-686
121000025,485,237,248
121000026,96,52,44
121000027,1288,401,887
121000028,283,226,57
121000029,135,260,-125
121000030,64,94,-30
121000031,353,346,7
121000032,75,37,38
121000034,38,15,23
121000035,30,25,5
121000036,257,278,-21
121000037,187,354,-167
121000038,231,224,7
121000039,115,104,11
121000041,86,184,-98
121000042,35,129,-94
121000043,328,257,71
121000044,615,225,390
121000045,67,195,-128
121000046,52,135,-83
121000047,15,78,-63
121000049,1112,624,488
121000050,122,618,-496
121000051,179,157,22
121000052,67,263,-196
121000053,62,7,55
121000054,15,91,-76
121000055,992,640,352
121000056,409,519,-110
121000057,62,126,-64
121000058,292,57,235
121000059,545,268,277
121000060,222,358,-136
121000061,14,56,-42
121000062,42,62,-20
121000063,285,306,-21
121000064,145,193,-48
121000065,215,163,52
121000066,172,262,-90
121000067,529,138,391
121000068,145,81,64
121000069,31,79,-48
121000070,460,510,-50
121000071,248,308,-60
121000072,490,276,214
121000073,275,342,-67
121000074,58,163,-105
121000075,27,11,16
121000076,348,202,146
121000077,19,15,4
121000078,61,40,21
121000080,1474,279,1195
121000081,516,456,60
121000082,147,146,1
121000083,56,45,11
121000084,130,62,68
121000085,315,277,38
121000086,123,362,-239
121000087,35,158,-123
121000088,226,251,-25
121000089,77,96,-19
121000090,129,197,-68
121000091,1654,420,1234
121000092,110,57,53
121000093,50,125,-75
121000094,218,141,77
121000095,77,141,-64
121000096,1711,758,953
121000097,963,756,207
121000098,161,609,-448
121000099,155,491,-336
121000100,137,402,-265
121000101,7,27,-20
121000102,18,335,-317
121000103,5,34,-29
121000104,26,111,-85
121000105,51,158,-107
121000106,7,31,-24
121000107,1248,2026,-778
121000109,1039,682,357
121000110,93,196,-103
121000114,1356,1097,259
121000115,596,512,84
121000116,513,606,-93
121000117,888,101,787
121000118,734,98,636
121000119,76,143,-67
121000120,109,160,-51
121000121,68,193,-125
121000123,321,193,128
121000127,8,59,-51
121000128,165,353,-188
121000129,105,306,-201
121000130,111,453,-342
121000131,407,306,101
121000132,253,254,-1
121000135,246,113,133
121000136,595,190,405
121000137,219,58,161
121000138,186,145,41
121000139,143,33,110
121000141,75,92,-17
121000142,442,229,213
121000143,57,4,53
121000144,271,315,-44
121000145,133,585,-452
121000146,347,392,-45
121000147,200,306,-106
121000148,168,424,-256
121000149,659,582,77
121000152,136,185,-49
121000153,1180,232,948
121000154,375,172,203
121000155,473,314,159
121000156,241,274,-33
121000157,1148,640,508
121000158,145,323,-178
121000159,45,299,-254
121000160,149,469,-320
121000161,49,169,-120
121000162,17,178,-161
121000165,673,410,263
121000166,31,127,-96
121000168,48,123,-75
121000169,8,130,-122
121000170,29,20,9
121000171,35,99,-64
121000172,180,270,-90
121000173,733,373,360
121000174,55,225,-170
121000175,116,228,-112
121000176,217,122,95
121000177,182,366,-184
121000178,51,39,12
121000179,18,60,-42
121000181,173,158,15
121000182,37,94,-57
121000183,27,30,-3
121000184,7,24,-17
121000185,5,92,-87
121000186,122,221,-99
121000187,56,144,-88
121000188,34,154,-120
121000192,223,219,4
121000193,118,171,-53
121000194,1368,886,482
121000195,169,539,-370
121000196,202,105,97
121000197,35,297,-262
121000198,30,53,-23
121000199,28,383,-355
121000200,79,36,43
121000201,2,153,-151
121000202,50,12,38
121000203,139,1134,-995
121000204,221,112,109
121000205,33,205,-172
121000206,42,58,-16
121000207,235,218,17
121000208,0,243,-243
121000209,64,364,-300
121000210,83,397,-314
121000211,12,56,-44
121000212,86,445,-359
121000213,2848,624,2224
121000214,352,275,77
121000215,526,266,260
121000216,109,178,-69
121000217,1305,711,594
121000218,255,996,-741
121000219,367,194,173
121000220,184,50,134
121000221,49,107,-58
121000222,1138,1320,-182
121000223,177,249,-72
121000224,64,36,28
121000225,298,241,57
121000226,237,188,49
121000227,12,147,-135
121000228,4,542,-538
121000229,17,328,-311
121000230,48,1301,-1253
121000231,0,0,0
121000232,120,44,76
121000233,56,148,-92
121000234,2,13,-11
121000235,1,3,-2
121000236,0,18,-18
121000237,1,0,1
121000238,0,30,-30
121000239,0,0,0
121000240,0,70,-70
121000241,45,4,41
121000242,5,48,-43
121000243,20,6,14
121000244,0,33,-33
121000245,5,0,5
121000246,0,96,-96
121000247,9,0,9
121000248,49,206,-157
121000249,20,105,-85
121000250,32,25,7
121000251,7,262,-255
121000252,5,3,2
121000253,53,402,-349
121000254,167,124,43
121000255,53,87,-34
121000256,29,50,-21
121000257,9,41,-32
121000258,14,19,-5
121000259,5,20,-15
121000260,17,75,-58
121000261,4,19,-15
121000262,573,276,297
121000263,317,261,56
121000271,174,1148,-974
121000273,16,11,5
121000274,0,11,-11
121000275,2,18,-16
121000276,0,4,-4
121000278,6,16,-10
121000279,5,8,-3
121000280,0,30,-30
121000289,28,7,21
121000290,409,418,-9
121000294,21,141,-120
121000297,343,231,112
121000299,87,158,-71
121000300,426,154,272
121000302,30,133,-103
121000303,120,137,-17
121000304,33,3,30
121000305,5,2,3
121000306,1,12,-11
121000308,68,152,-84
121000309,144,220,-76
121000310,17,190,-173
121000311,31,393,-362
121000312,49,32,17
121000313,308,151,157
121000314,172,192,-20
121000315,68,26,42
121000530,255,645,-390
121000531,392,716,-324
121000532,2335,1429,906
121000533,921,775,146
121000918,1,146,-145
121000919,0,9,-9
121000938,74,38,36
121000939,100,40,60
121000956,139,782,-643
121000957,0,21,-21
121000958,4,38,-34
121000959,88,637,-549
121000960,223,1058,-835
121000961,66,2,64
121000962,119,283,-164
121000973,2,124,-122
121000976,2,34,-32
121000979,10,0,10
121000981,131,6,125
121000982,37,79,-42
121000983,33,268,-235
121000984,0,8,-8
121000985,64,321,-257
121000986,12,253,-241
121000987,57,866,-809
121000988,122,72,50
121001302,171,79,92
121001308,1,2,-1
121001309,21,13,8
121001313,28,359,-331
121001314,3769,1935,1834
121001315,2370,695,1675
121001326,88,101,-13
121900001,43,81,-38
121900002,10,8,2
121900003,2,0,2
121900004,2,60,-58
121900005,0,1,-1
121900006,1,1,0
121900007,17,168,-151
121900008,1,2,-1
121900009,0,0,0
121900010,32,0,32
121900011,6,70,-64
121900012,0,0,0
121900013,0,0,0
121900014,86,34,52
121900015,1,12,-11
121900016,0,0,0
121900017,6,49,-43
121900018,41,0,41
121900019,29,72,-43
121900020,1,0,1
121900021,0,0,0
121900022,10,7,3
121900023,0,16,-16
121900024,35,14,21
121900025,55,22,33
121900026,2,0,2
121900027,14,33,-19
121900028,0,0,0
121900029,1,2,-1
121900030,67,72,-5
121900031,116,327,-211
121900032,7,4,3
121900033,24,20,4
121900034,31,8,23
121900035,178,104,74
121900036,0,10,-10
121900037,12,76,-64
121900038,1,17,-16
121900039,25,1,24
121900040,0,6,-6
121900041,5,15,-10
121900042,25,18,7
121900043,0,0,0
121900044,119,3,116
121900046,0,0,0
121900047,10,7,3
121900048,1,9,-8
121900050,3,1,2
121900051,10,25,-15
121900052,2,0,2
121900053,44,55,-11
121900054,33,42,-9
121900055,0,0,0
121900058,1,29,-28
121900059,7,3,4
121900060,6,58,-52
121900062,0,4,-4
121900063,26,21,5
121900064,7,59,-52
121900066,0,0,0
121900067,0,0,0
121900069,117,33,84
121900070,9,20,-11
121900071,8,32,-24
121900072,2,19,-17
121900073,12,23,-11
121900074,5,25,-20
121900075,18,18,0
121900076,8,39,-31
121900078,0,0,0
121900079,0,0,0
121900080,33,41,-8
121900082,5,18,-13
121900084,0,89,-89
121900086,0,0,0
121900087,23,18,5
121900088,235,312,-77
121900089,3,50,-47
121900090,0,33,-33
121900091,2,30,-28
121900092,0,0,0
121900093,6,8,-2
121900094,0,0,0
121900095,44,17,27
121900096,164,10,154
121900097,7,11,-4
121900098,0,0,0
121900099,0,0,0
121900100,3,15,-12
121900101,10,15,-5
121900102,3,9,-6
121900103,25,8,17
121900104,141,60,81
121900105,5,4,1
121900106,0,1,-1
121900107,0,0,0
121900108,0,0,0
121900109,25,15,10
121900110,23,240,-217
121900111,237,47,190
121900112,2,10,-8
121900113,4,5,-1
121900114,0,0,0
121900117,13,1,12
121900118,373,29,344
121900119,6,87,-81
121900120,3,299,-296
121900121,0,0,0
121900122,0,0,0
121900123,21,35,-14
121900124,9,34,-25
121900125,180,256,-76
121900127,2,9,-7
121900128,2,21,-19
121900129,306,22,284
121900130,5,27,-22
121900131,14,23,-9
121900132,1,9,-8
121900133,0,0,0
121900134,0,5,-5
121900135,314,24,290
121900136,7,135,-128
121900137,3,32,-29
121900138,3,13,-10
121900139,76,91,-15
121900140,2,11,-9
121900141,0,0,0
121900142,4,4,0
121900143,0,11,-11
121900144,160,124,36
121900145,16,12,4
121900146,40,127,-87
121900147,31,72,-41
121900148,4,43,-39
121900149,25,137,-112
121900150,38,58,-20
121900151,7,43,-36
121900152,5,34,-29
121900153,3,81,-78
121900154,2,21,-19
121900155,0,9,-9
121900156,42,27,15
121900157,2,116,-114
121900158,4,45,-41
121900159,1,48,-47
121900160,1,44,-43
121900161,80,34,46
121900162,25,30,-5
121900163,7,282,-275
121900164,42,31,11
121900165,9,28,-19
121900166,26,34,-8
121900167,7,17,-10
121900168,8,38,-30
121900169,1,203,-202
121900170,0,39,-39
121900171,26,37,-11
121900172,18,34,-16
121900173,36,12,24
121900174,0,0,0
121900175,3,22,-19
121900176,131,612,-481
121900177,13,23,-10
121900178,0,17,-17
121900179,15,11,4
121900180,2428,482,1946
121900182,35,33,2
121900183,67,35,32
121900184,3,58,-55
121900186,0,0,0
121900187,3,26,-23
121900188,105,45,60
121900189,2,30,-28
121900190,39,53,-14
121900191,0,1,-1
121900192,99,63,36
121900193,0,31,-31
121900194,0,0,0
121900195,5,9,-4
121900196,42,23,19
121900197,91,588,-497
121900198,238,49,189
121900199,0,0,0
121900200,6,15,-9
121900201,74,89,-15
121900202,23,38,-15
121900203,15,21,-6
121900204,186,52,134
121900205,0,8,-8
121900206,0,0,0
121900207,10,1,9
121900208,20,24,-4
121900209,26,1,25
121900210,55,38,17
121900211,3,7,-4
121900212,5,15,-10
121900213,1,5,-4
121900214,0,53,-53
121900215,2,0,2
121900216,7,8,-1
121900217,4,3,1
121900218,13,17,-4
121900220,23,1,22
121900221,20,86,-66
121900222,1,9,-8
121900223,0,1,-1
121900224,0,2,-2
121900225,0,0,0
121900226,0,1,-1
121900227,6,36,-30
121900228,17,17,0
121900230,6,7,-1
121900231,6,18,-12
121900232,12,29,-17
121900233,29,44,-15
121900234,16,31,-15
121900235,11,23,-12
121900236,11,8,3
121900237,51,132,-81
121900238,39,40,-1
121900239,4,1,3
121900240,41,18,23
121900241,0,6,-6
121900242,0,0,0
121900243,0,0,0
121900244,0,0,0
121900245,15,6,9
121900246,5,6,-1
121900248,98,84,14
121900250,22,35,-13
121900251,7,0,7
121900252,194,15,179
121900253,50,271,-221
121900254,74,29,45
121900255,16,2,14
121900258,92,35,57
121900259,36,26,10
121900260,1,20,-19
121900261,14,35,-21
121900262,41,80,-39
121900263,10,31,-21
121900264,415,91,324
121900265,3,50,-47
121900266,12,26,-14
121900267,0,0,0
121900269,2,16,-14
121900270,0,15,-15
121900271,8,34,-26
121900273,33,117,-84
121900274,7,38,-31
121900277,14,451,-437
121900278,7,232,-225
121900279,14,109,-95
121900280,6,69,-63
121900281,6,0,6
121900284,0,0,0
121900286,4,43,-39
121900287,0,5,-5
121900288,0,0,0
121900290,30,37,-7
121900291,95,117,-22
121900292,14,55,-41
121900293,283,1095,-812
121900294,15,1,14
121900295,4,41,-37
121900296,0,0,0
121900298,8,35,-27
121900299,0,0,0
121900300,0,0,0
121900301,0,0,0
121900302,0,0,0
121900303,4,42,-38
121900304,0,0,0
121900305,0,0,0
121900306,0,0,0
121900307,0,0,0
121900308,4,93,-89
121900309,4,89,-85
121900310,3,214,-211
121900311,14,1,13
121900312,10,0,10
121900313,18,1,17
121900314,0,30,-30
121900315,0,0,0
121900316,0,0,0
121900317,0,0,0
121900318,0,0,0
121900319,0,0,0
121900320,0,0,0
121900321,0,0,0
121900322,0,0,0
121900323,0,0,0
121900324,0,0,0
121900325,0,0,0
121900326,0,0,0
121900327,0,12,-12
121900328,0,4,-4
121900329,0,77,-77
121900330,0,3,-3
121900331,0,0,0
121900332,3,2,1
121900333,0,0,0
121900334,0,0,0
122000001,746,1177,-431
122000002,1963,515,1448
122000003,741,576,165
122000004,1198,359,839
122000005,857,404,453
122000006,502,149,353
122000007,415,315,100
122000008,2436,836,1600
122000009,404,66,338
122000010,1312,982,330
122000011,1347,361,986
122000012,638,590,48
122000013,553,441,112
122000014,586,497,89
122000015,535,376,159
122000016,217,339,-122
122000017,512,354,158
122000018,558,503,55
122000019,229,697,-468
122000020,83,81,2
122000021,266,173,93
122000022,265,214,51
122000023,119,361,-242
122000024,411,470,-59
122000025,418,481,-63
122000026,853,357,496
122000027,335,1049,-714
122000028,314,100,214
122000029,76,75,1
122000030,218,49,169
122000031,71,41,30
122000032,353,596,-243
122000033,245,267,-22
122000034,185,192,-7
122000035,170,215,-45
122000036,128,272,-144
122000037,249,109,140
122000038,124,163,-39
122000039,301,209,92
122000040,159,113,46
122000041,104,215,-111
122000042,70,201,-131
122000043,39,44,-5
122000044,29,47,-18
122000045,432,245,187
122000046,232,260,-28
122000047,117,62,55
122000048,1144,1041,103
122000049,1619,928,691
122000050,537,296,241
122000051,111,121,-10
122000052,116,77,39
122000053,49,235,-186
122000054,1185,764,421
122000055,907,886,21
122000056,2021,1378,643
122000057,1824,1031,793
122000058,1723,830,893
122000059,1576,937,639
122000060,517,348,169
122000061,320,102,218
122000062,667,146,521
122000063,288,180,108
122000064,1581,1669,-88
122000065,1747,1349,398
122000066,302,234,68
122000067,320,444,-124
122000068,241,248,-7
122000069,381,298,83
122000070,123,390,-267
122000071,233,305,-72
122000072,123,146,-23
122000073,187,209,-22
122000074,340,241,99
122000075,103,234,-131
122000076,588,345,243
122000077,389,299,90
122000078,1508,1227,281
122000079,309,264,45
122000080,166,129,37
122000081,39,64,-25
122000082,411,258,153
122000083,345,895,-550
122000084,283,210,73
122000085,104,428,-324
122000086,825,1048,-223
122000087,98,106,-8
122000088,119,72,47
122000089,1616,784,832
122000090,102,121,-19
122000091,61,26,35
122000092,10,1,9
122000093,582,745,-163
122000094,2230,814,1416
122000095,847,414,433
122000096,415,248,167
122000098,933,681,252
122000099,438,315,123
122000100,368,196,172
122000101,79,232,-153
122000102,681,393,288
122000103,335,455,-120
122000104,90,84,6
122000105,43,104,-61
122000106,160,168,-8
122000107,166,224,-58
122000108,153,360,-207
122000109,48,77,-29
122000110,115,185,-70
122000111,1088,427,661
122000112,213,379,-166
122000113,157,319,-162
122000114,962,769,193
122000115,1127,466,661
122000116,190,156,34
122000117,338,94,244
122000118,177,148,29
122000119,1087,671,416
122000120,1175,893,282
122000121,1573,723,850
122000122,410,388,22
122000123,713,233,480
122000124,208,105,103
122000125,154,79,75
122000126,167,241,-74
122000127,525,355,170
122000128,237,286,-49
122000129,130,94,36
122000130,581,121,460
122000131,850,151,699
122000132,449,137,312
122000133,338,843,-505
122000134,169,180,-11
122000135,305,496,-191
122000136,100,70,30
122000137,153,278,-125
122000139,509,836,-327
122000140,424,198,226
122000141,2068,244,1824
122000142,129,243,-114
122000143,233,68,165
122000144,623,262,361
122000145,354,288,66
122000146,92,144,-52
122000147,226,111,115
122000148,1018,477,541
122000149,1005,329,676
122000150,392,255,137
122000151,103,129,-26
122000152,181,140,41
122000153,57,53,4
122000154,62,20,42
122000155,653,646,7
122000156,1719,1093,626
122000157,786,705,81
122000158,70,217,-147
122000159,261,486,-225
122000160,1668,308,1360
122000161,413,173,240
122000162,551,426,125
122000163,209,49,160
122000164,25,43,-18
122000165,227,193,34
122000166,237,269,-32
122000167,131,164,-33
122000168,89,198,-109
122000169,230,116,114
122000170,102,152,-50
122000171,29,57,-28
122000172,523,502,21
122000173,340,744,-404
122000174,690,427,263
122000175,677,216,461
122000176,162,251,-89
122000177,707,824,-117
122000178,1172,421,751
122000179,873,720,153
122000180,890,536,354
122000181,890,1024,-134
122000182,1402,198,1204
122000183,455,88,367
122000184,2984,773,2211
122000185,1133,642,491
122000186,259,341,-82
122000187,313,520,-207
122000188,166,91,75
122000189,105,53,52
122000190,126,592,-466
122000191,175,106,69
122000192,255,59,196
122000193,80,173,-93
122000194,200,49,151
122000195,57,160,-103
122000196,420,142,278
122000197,104,79,25
122000198,128,400,-272
122000199,108,115,-7
122000200,380,122,258
122000201,908,1112,-204
122000202,568,547,21
122000203,896,611,285
122000204,574,890,-316
122000205,473,405,68
122000206,849,249,600
122000207,353,415,-62
122000208,400,522,-122
122000209,527,84,443
122000210,431,936,-505
122000211,282,559,-277
122000212,157,193,-36
122000213,351,446,-95
122000214,461,554,-93
122000215,462,569,-107
122000217,673,587,86
122000218,32,5,27
122000219,838,521,317
122000220,163,443,-280
122000221,92,170,-78
122000222,298,37,261
122000223,420,447,-27
122000225,247,104,143
122000226,297,895,-598
122000227,104,522,-418
122000228,100,206,-106
122000229,18,199,-181
122000230,24,376,-352
122000231,51,306,-255
122000232,81,403,-322
122000233,0,41,-41
122000234,49,122,-73
122000235,206,118,88
122000236,107,90,17
122000237,20,28,-8
122000238,20,29,-9
122000239,84,24,60
122000240,158,62,96
122000241,197,113,84
122000242,50,34,16
122000243,27,22,5
122000244,9,264,-255
122000245,25,109,-84
122000246,43,30,13
122000247,135,474,-339
122000248,652,911,-259
122000249,112,147,-35
122000250,363,84,279
122000251,226,110,116
122000252,314,11,303
122000253,59,116,-57
122000254,34,28,6
122000255,213,780,-567
122000256,185,918,-733
122000257,50,169,-119
122000258,16,105,-89
122000259,2,448,-446
122000260,104,499,-395
122000261,2,73,-71
122000262,0,36,-36
122000263,18,79,-61
122000264,38,49,-11
122000265,185,140,45
122000266,489,123,366
122000267,14,32,-18
122000268,38,110,-72
122000269,127,110,17
122000270,69,63,6
122000271,114,464,-350
122000272,103,478,-375
122000273,89,253,-164
122000274,25,172,-147
122000275,16,124,-108
122000276,60,242,-182
122000277,203,503,-300
122000278,126,449,-323
122000279,26,230,-204
122000280,300,391,-91
122000281,121,348,-227
122000282,22,38,-16
122000283,445,20,425
122000284,37,47,-10
122000285,188,60,128
122000286,90,72,18
122000287,93,245,-152
122000288,108,77,31
122000291,207,149,58
122000293,191,198,-7
122000294,17,19,-2
122000295,461,68,393
122000296,45,218,-173
122000297,1250,565,685
122000299,58,177,-119
122000300,123,269,-146
122000301,5853,670,5183
122000302,417,190,227
122000303,2809,415,2394
122000304,4,83,-79
122000305,394,346,48
122000306,5,434,-429
122000307,63,66,-3
122000309,12,39,-27
122000310,9,12,-3
122000311,18,15,3
122000312,45,16,29
122000313,6,18,-12
122000314,39,95,-56
122000315,15,1,14
122000316,41,82,-41
122000317,202,81,121
122000318,21,33,-12
122000319,146,198,-52
122000320,127,1711,-1584
122000321,17,242,-225
122000322,1258,418,840
122000323,744,496,248
122000324,536,490,46
122000325,287,416,-129
122000326,0,20,-20
122000327,51,169,-118
122000328,318,437,-119
122000330,486,144,342
122000333,5,162,-157
122000337,149,1280,-1131
122000338,95,284,-189
122000340,144,88,56
122000342,987,392,595
122000343,87,778,-691
122000344,6,2,4
122000345,30,61,-31
122000346,95,246,-151
122000348,118,370,-252
122000349,25,337,-312
122000351,14,77,-63
122000352,93,20,73
122000353,7,92,-85
122000355,35,92,-57
122000356,574,357,217
122000357,5,6,-1
122000358,0,33,-33
122000359,0,17,-17
122000360,0,9,-9
122000362,34,45,-11
122000364,10,191,-181
122000365,1,4,-3
122000366,1,5,-4
122000368,132,269,-137
122000370,6,26,-20
122000371,0,0,0
122000372,0,0,0
122000381,10,143,-133
122000382,17,153,-136
122000384,1021,637,384
122000385,0,0,0
122000386,22,174,-152
122000387,103,249,-146
122000388,283,146,137
122000389,102,372,-270
122000390,47,108,-61
122000391,5,6,-1
122000392,65,117,-52
122000393,22,336,-314
122000394,81,166,-85
122000395,62,115,-53
122000396,83,67,16
122000397,9,51,-42
122000398,2,3,-1
122000399,33,46,-13
122000400,22,71,-49
122000401,41,52,-11
122000402,4,1,3
122000403,152,666,-514
122000404,27,72,-45
122000408,389,518,-129
122000503,5,10,-5
122000524,47,23,24
122000544,9,225,-216
122000614,138,42,96
122000616,417,1,416
122000640,11,133,-122
122000641,6,294,-288
122000642,386,550,-164
122000643,1,25,-24
122000644,87,21,66
122000645,54,111,-57
122000651,466,335,131
122000664,60,17,43
122000665,485,272,213
122000666,239,446,-207
122000673,8,222,-214
122000674,63,26,37
122000675,315,761,-446
122000686,59,466,-407
122000687,83,214,-131
122000688,54,362,-308
122000689,108,291,-183
122000690,87,519,-432
122000691,110,974,-864
122000692,167,219,-52
122000693,88,668,-580
122000695,26,161,-135
122000696,38,139,-101
122000698,61,896,-835
122000699,71,24,47
122000701,273,184,89
122000702,137,717,-580
122000703,4,1,3
122000712,0,0,0
122000717,523,79,444
122000718,711,112,599
122000719,4,20,-16
122000720,25,71,-46
122000724,162,181,-19
122900001,1,0,1
122900002,154,128,26
122900003,20,5,15
122900004,57,0,57
122900005,20,2,18
122900006,109,10,99
122900007,9,0,9
122900008,117,2,115
122900009,33,11,22
122900010,0,0,0
122900012,13,8,5
122900014,33,113,-80
122900015,382,24,358
122900016,20,110,-90
122900017,135,254,-119
122900018,40,2,38
122900020,224,97,127
122900021,25,93,-68
122900022,27,396,-369
122900023,44,94,-50
122900024,26,56,-30
122900025,3,36,-33
122900026,53,121,-68
122900027,9,263,-254
122900028,31,39,-8
122900029,823,64,759
122900030,798,89,709
122900031,15,37,-22
122900032,52,108,-56
122900033,23,11,12
122900034,387,387,0
122900035,1,1,0
122900036,0,5,-5
122900037,50,26,24
122900038,18,428,-410
122900039,10,82,-72
122900040,7,12,-5
122900041,10,4,6
122900042,4,14,-10
122900043,6,17,-11
122900044,3,17,-14
122900045,10,8,2
122900046,10,4,6
122900047,28,32,-4
122900048,2,19,-17
122900049,816,23,793
122900051,23,29,-6
122900052,6,23,-17
122900053,20,7,13
122900055,24,14,10
122900057,28,1,27
122900061,158,30,128
122900062,177,115,62
122900063,24,165,-141
122900064,410,193,217
122900065,119,66,53
122900066,125,61,64
122900067,473,235,238
122900069,44,144,-100
122900070,21,18,3
122900071,26,290,-264
122900073,10,78,-68
122900074,27,244,-217
122900075,1,30,-29
122900076,4,103,-99
122900077,0,84,-84
122900078,1,102,-101
122900080,11,2,9
122900081,13,2,11
122900082,44,2,42
122900083,4,2,2
122900084,1,39,-38
122900086,0,0,0
122900087,10,365,-355
122900088,3,16,-13
122900089,6,75,-69
122900090,0,427,-427
122900091,0,0,0
122900092,0,41,-41
122900093,0,87,-87
122900094,0,45,-45
122900095,0,0,0
122900096,0,68,-68
122900097,0,0,0
122900098,11,12,-1
122900099,1,0,1
122900100,32,21,11
122900101,49,4,45
122900102,0,2,-2
122900103,1,1,0
122900104,1,0,1
122900105,1,0,1
122900106,1,33,-32
122900107,1,89,-88
122900108,1,64,-63
122900109,40,98,-58
123000001,675,176,499
123000002,1806,679,1127
123000003,1869,934,935
123000004,1981,2176,-195
123000005,577,850,-273
123000006,1571,1584,-13
123000007,694,693,1
123000008,1123,2391,-1268
123000009,1515,1217,298
123000010,2298,2405,-107
123000011,749,379,370
123000012,477,1508,-1031
123000013,900,350,550
123000014,831,2245,-1414
123000015,605,210,395
123000016,3210,1215,1995
123000017,1206,778,428
123000018,12,55,-43
123000019,44,125,-81
123000020,15,64,-49
123000021,13,82,-69
123000022,114,541,-427
123000023,418,523,-105
123000024,309,204,105
123000025,22,48,-26
123000026,4,107,-103
123000027,45,108,-63
123000028,463,22,441
123000029,845,141,704
123000030,25,432,-407
123000031,25,238,-213
123000032,41,94,-53
123000033,28,32,-4
123000034,339,302,37
123000035,83,77,6
123000036,237,172,65
123000037,52,138,-86
123000038,41,138,-97
123000039,563,504,59
123000040,458,156,302
123000041,456,242,214
123000042,224,211,13
123000043,1084,1139,-55
123000044,1846,704,1142
123000045,4753,727,4026
123000046,313,285,28
123000047,1603,427,1176
123000048,14,71,-57
123000049,2745,1129,1616
123000050,245,343,-98
123000051,28,60,-32
123000052,287,620,-333
123000053,1494,855,639
123000054,674,453,221
123000055,505,309,196
123000056,496,1038,-542
123000057,7133,2063,5070
123000058,190,216,-26
123000059,90,171,-81
123000060,187,153,34
123000061,64,261,-197
123000063,226,238,-12
123000064,366,74,292
123000065,3703,1520,2183
123000066,561,348,213
123000067,143,238,-95
123000068,1527,1579,-52
123000069,5324,1598,3726
123000070,119,256,-137
123000071,141,433,-292
123000072,396,686,-290
123000073,182,341,-159
123000074,315,1178,-863
123000075,102,244,-142
123000076,200,579,-379
123000077,1071,1965,-894
123000078,353,673,-320
123000079,275,664,-389
123000080,647,1239,-592
123000081,96,274,-178
123000082,131,583,-452
123000083,159,50,109
123000084,84,386,-302
123000085,19,98,-79
123000086,28,272,-244
123000087,22,261,-239
123000088,345,711,-366
123000089,106,304,-198
123000090,477,643,-166
123000091,615,473,142
123000092,678,620,58
123000094,123,65,58
123000095,49,226,-177
123000096,81,175,-94
123000097,67,702,-635
123000098,145,239,-94
123000099,244,500,-256
123000100,194,194,0
123000101,226,151,75
123000102,170,182,-12
123000104,285,214,71
123000105,367,321,46
123000106,305,193,112
123000107,200,318,-118
123000108,544,583,-39
123000111,155,67,88
123000112,249,179,70
123000113,237,914,-677
123000114,279,210,69
123000115,46,104,-58
123000116,13,98,-85
123000117,476,1150,-674
123000118,142,498,-356
123000119,100,506,-406
123000120,156,436,-280
123000121,187,349,-162
123000122,141,191,-50
123000123,280,271,9
123000124,314,283,31
123000125,224,234,-10
123000126,716,599,117
123000127,1392,585,807
123000128,76,252,-176
123000129,16,17,-1
123000130,25,6,19
123000131,98,132,-34
123000132,142,266,-124
123000133,145,209,-64
123000134,256,74,182
123000135,416,466,-50
123000136,53,792,-739
123000137,74,231,-157
123000138,20,296,-276
123000139,6,3,3
123000140,79,314,-235
123000141,50,4,46
123000142,421,544,-123
123000143,555,1548,-993
123000144,4,6,-2
123000145,68,51,17
123000146,5,43,-38
123000147,16,52,-36
123000149,94,118,-24
123000150,48,63,-15
123000151,123,189,-66
123000152,12,168,-156
123000153,54,119,-65
123000154,1044,459,585
123000155,1136,344,792
123000156,16,49,-33
123000157,195,414,-219
123000158,241,210,31
123000159,840,422,418
123000160,170,152,18
123000161,375,228,147
123000162,80,313,-233
123000163,25,11,14
123000164,174,45,129
123000165,102,1095,-993
123000166,22,87,-65
123000167,24,175,-151
123000168,52,229,-177
123000169,46,22,24
123000170,0,211,-211
123000171,3,26,-23
123000172,71,408,-337
123000173,34,22,12
123000174,72,19,53
123000175,448,805,-357
123000176,78,26,52
123000177,158,609,-451
123000178,154,15,139
123000179,8,514,-506
123000180,387,104,283
123000181,97,631,-534
123000182,27,245,-218
123000183,48,61,-13
123000184,32,568,-536
123000185,95,106,-11
123000186,17,351,-334
123000187,17,1,16
123000188,29,8,21
123000189,14,1,13
123000190,8,68,-60
123000192,14,298,-284
123000193,9,325,-316
123000194,73,79,-6
123000195,69,1,68
123000196,54,1,53
123000197,33,36,-3
123000198,5,132,-127
123000199,13,301,-288
123000200,39,7,32
123000201,117,8,109
123000202,10,842,-832
123000203,180,13,167
123000204,42,875,-833
123000205,88,1074,-986
123000206,177,22,155
123000207,38,594,-556
123000208,94,33,61
123000209,427,87,340
123000210,208,1020,-812
123000211,326,1504,-1178
123000212,301,74,227
123000213,90,11,79
123000215,53,37,16
123000216,32,63,-31
123000217,24,4,20
123000218,33,99,-66
123000219,118,13,105
123000220,73,2,71
123000221,48,29,19
123000222,47,175,-128
123000223,20,147,-127
123000224,81,265,-184
123000225,26,42,-16
123000226,5,191,-186
123000227,10,192,-182
123000228,17,23,-6
123000229,560,1154,-594
123000232,21,296,-275
123000233,52,11,41
123000234,27,446,-419
123000235,21,65,-44
123000236,47,543,-496
123000237,78,7,71
123000238,16,403,-387
123000239,158,1202,-1044
123000240,5,88,-83
123000241,288,27,261
123000242,26,99,-73
123000243,153,603,-450
123000244,383,305,78
123000245,25,109,-84
123000249,278,324,-46
123000252,136,21,115
123000253,87,70,17
123000254,104,522,-418
123000255,227,195,32
123000256,14,130,-116
123000257,1471,1199,272
123000258,379,730,-351
123000259,67,178,-111
123000260,100,289,-189
123000261,26,86,-60
123000262,39,139,-100
123000263,77,19,58
123000264,61,6,55
123000265,16,92,-76
123000266,157,325,-168
123000267,49,60,-11
123000268,6,37,-31
123000269,12,8,4
123000270,7,13,-6
123000271,20,42,-22
123000272,278,95,183
123000273,23,168,-145
123000274,217,85,132
123000275,63,606,-543
123000278,1520,1189,331
123000279,29,32,-3
123000280,81,201,-120
123000281,64,28,36
123000282,27,140,-113
123000283,35,29,6
123000284,7,82,-75
123000286,152,78,74
123000287,270,129,141
123000288,76,79,-3
123000289,83,162,-79
123000291,99,514,-415
123000294,124,281,-157
123000295,316,404,-88
123000296,60,114,-54
123000297,134,543,-409
123000298,81,306,-225
123000299,39,213,-174
123000300,279,251,28
123000301,21,81,-60
123000302,19,98,-79
123000303,7,42,-35
123000305,510,473,37
123000306,10,177,-167
123000309,18,24,-6
123000310,15,15,0
123000311,4,132,-128
123000312,415,468,-53
123000313,57,107,-50
123000315,11,187,-176
123000316,394,178,216
123000317,66,15,51
123000318,9,166,-157
123000329,52,25,27
123000337,8,75,-67
123000338,79,17,62
123000339,10,231,-221
123000340,85,222,-137
123000342,3,165,-162
123000343,0,0,0
123000344,293,144,149
123000345,87,263,-176
123000346,32,14,18
123000352,903,437,466
123000353,29,68,-39
123000354,71,1,70
123000355,2,219,-217
123000356,14,0,14
123000357,1,153,-152
123000359,1,170,-169
123000360,0,0,0
123000361,305,131,174
123000362,8,57,-49
123000363,7,133,-126
123000364,191,96,95
123000365,13,78,-65
123000366,88,359,-271
123000367,157,579,-422
123000370,8,182,-174
123000371,14,0,14
123000372,46,1,45
123000373,0,112,-112
123000374,0,111,-111
123000375,46,7,39
123000376,192,253,-61
123000377,23,9,14
123000378,2,204,-202
123000379,2,144,-142
123000380,15,40,-25
123000381,26,2,24
123000382,169,20,149
123000383,81,348,-267
123000384,49,14,35
123000385,215,434,-219
123000436,15,263,-248
123000507,123,101,22
123000508,25,115,-90
123000517,123,10,113
123000518,20,156,-136
123000519,100,41,59
123000520,43,131,-88
123000521,117,48,69
123000522,173,309,-136
123000541,0,0,0
123000542,0,32,-32
123000565,94,5,89
123000566,25,615,-590
123000567,136,156,-20
123000573,23,636,-613
123000574,40,20,20
123000575,262,711,-449
123000576,73,1014,-941
123000577,61,250,-189
123000578,129,25,104
123000579,1804,807,997
123000580,97,56,41
123000582,23,1,22
123000583,5,215,-210
123000584,44,80,-36
123000585,0,44,-44
123000586,5,7,-2
123000596,68,84,-16
123000597,27,37,-10
123000602,0,0,0
123000603,36,406,-370
123000604,78,686,-608
123000605,162,4,158
123000606,0,286,-286
123000609,2,252,-250
123000610,24,25,-1
123000613,80,98,-18
123000614,18,6,12
123000615,62,234,-172
123000616,41,7,34
123000617,27,441,-414
123000618,21,306,-285
123000619,40,5,35
123000620,21,373,-352
123000622,67,5,62
123000624,42,12,30
123000630,126,149,-23
123000631,65,1158,-1093
123000632,784,688,96
123000633,0,84,-84
123000634,5,3,2
123000635,125,48,77
123000636,10,333,-323
123000637,59,13,46
123000638,87,28,59
123000639,170,373,-203
123000640,1,699,-698
123000648,54,3,51
123000649,13,384,-371
123000650,11,47,-36
123000651,3,89,-86
123000652,5,3,2
123000653,3,60,-57
123000654,27,170,-143
123900001,740,22,718
123900002,12,329,-317
123900003,101,170,-69
123900005,22,11,11
123900006,13,4,9
124000001,300,4,296
124000002,23,677,-654
124000003,51,9,42
124000004,19,310,-291
124000005,102,27,75
124000006,87,667,-580
124000007,103,18,85
124000008,4,160,-156
124000009,85,43,42
124000010,56,365,-309
124000011,33,34,-1
124000012,90,576,-486
124000017,0,0,0
124000018,42,63,-21
124000019,0,0,0
124000020,18,140,-122
124000021,0,0,0
124000022,39,119,-80
124000023,451,67,384
124000024,436,352,84
124000025,446,106,340
124000026,507,394,113
124000027,1135,181,954
124000028,1475,707,768
124000031,193,102,91
124000032,2043,655,1388
124000033,258,57,201
124000034,469,783,-314
124000035,84,26,58
124000036,328,496,-168
124000037,128,68,60
124000038,7,53,-46
124000039,301,86,215
124000040,165,135,30
124000041,60,30,30
124000042,20,177,-157
124000043,17,21,-4
124000044,18,190,-172
124000045,96,110,-14
124000046,44,383,-339
124000047,166,196,-30
124000048,88,976,-888
124000049,231,190,41
124000050,145,1328,-1183
124000051,81,129,-48
124000052,152,915,-763
124000053,98,248,-150
124000054,317,683,-366
124000055,390,342,48
124000056,1632,904,728
124000057,189,146,43
124000058,212,1000,-788
124000059,130,248,-118
124000060,647,608,39
124000061,438,878,-440
124000062,4718,1064,3654
124000063,738,833,-95
124000064,1799,1261,538
124000065,93,129,-36
124000066,110,21,89
124000067,7,58,-51
124000068,5,68,-63
124000069,88,62,26
124000070,58,373,-315
124000071,9,28,-19
124000072,67,351,-284
124000073,120,30,90
124000074,65,561,-496
124000075,0,0,0
124000076,1,118,-117
124000077,446,241,205
124000078,833,66,767
124000079,169,282,-113
124000080,11,18,-7
124000081,19,419,-400
124000082,10,53,-43
124000083,21,82,-61
124000084,8,31,-23
124000085,23,27,-4
124000086,3,28,-25
124000087,18,18,0
124000088,22,88,-66
124000089,84,120,-36
124000090,42,211,-169
124000091,76,85,-9
124000092,25,493,-468
124000093,37,31,6
124000094,9,133,-124
124000095,21,38,-17
124000096,45,182,-137
124000097,44,34,10
124000098,32,109,-77
124000099,5,26,-21
124000100,22,66,-44
124000101,16,66,-50
124000102,55,84,-29
124000103,18,46,-28
124000104,36,100,-64
124000105,12,38,-26
124000106,43,94,-51
124000107,7,28,-21
124000108,41,23,18
124000109,28,20,8
124000110,40,78,-38
124000111,79,116,-37
124000112,151,360,-209
124000113,21,34,-13
124000114,84,325,-241
124000115,111,486,-375
124000116,31,58,-27
124000117,41,32,9
124000118,16,31,-15
124000119,212,277,-65
124000120,72,198,-126
124000121,1207,279,928
124000122,374,513,-139
124000123,230,133,97
124000124,130,393,-263
124000125,94,141,-47
124000126,158,269,-111
124000127,239,187,52
124000128,156,590,-434
124000129,655,663,-8
124000130,445,362,83
124000131,347,254,93
124000132,441,583,-142
124000133,200,247,-47
124000134,278,465,-187
124000135,519,424,95
124000136,474,536,-62
124000137,307,181,126
124000138,520,473,47
124000139,214,22,192
124000140,31,273,-242
124000141,142,11,131
124000142,23,334,-311
124000143,21,3,18
124000144,0,80,-80
124000145,16,18,-2
124000146,6,74,-68
124000148,4,10,-6
124000149,161,104,57
124000150,128,255,-127
124000151,201,70,131
124000152,218,458,-240
124000153,190,135,55
124000154,184,522,-338
124000155,312,215,97
124000156,581,534,47
124000169,17,65,-48
124000170,280,203,77
124000171,15,59,-44
124000172,106,382,-276
124000173,33,154,-121
124000174,85,382,-297
124000175,4,86,-82
124000176,0,0,0
124000177,5,26,-21
124000178,0,0,0
124000185,3,3,0
124000186,2,35,-33
124000187,3,67,-64
124000188,3,1,2
124000190,48,6,42
124000191,177,19,158
124000192,108,12,96
124000193,118,633,-515
124000194,167,405,-238
124000195,65,182,-117
124000196,405,736,-331
124000197,35,22,13
124000198,7,22,-15
124000201,62,687,-625
124000202,4,30,-26
124000203,60,655,-595
124000204,5,226,-221
124000205,19,333,-314
124000206,31,195,-164
124000207,0,57,-57
124000209,41,180,-139
124000210,38,89,-51
124000211,18,0,18
124000212,3,366,-363
124000213,28,219,-191
124000214,6,285,-279
124000215,0,0,0
124000216,0,301,-301
124000329,18,1186,-1168
124000338,14,633,-619
124000339,45,13,32
124000341,106,12,94
124000344,7,3,4
124000357,403,598,-195
124000358,635,790,-155
124000359,199,148,51
124000360,90,126,-36
124000361,222,164,58
124000362,552,854,-302
124000363,133,425,-292
124000364,188,728,-540
124000365,479,924,-445
124000366,1504,1152,352
124000367,41,246,-205
124000368,49,28,21
124000369,8,22,-14
124000370,16,244,-228
124000402,6,6,0
124000403,18,3,15
124000404,6,67,-61
124000405,358,232,126
124000406,372,471,-99
124000407,4,24,-20
124000411,1,182,-181
124000412,37,12,25
124000413,43,40,3
124000414,12,65,-53
124000415,9,106,-97
124000416,36,213,-177
124000417,33,64,-31
124000418,17,55,-38
124000419,10,113,-103
124000420,7,31,-24
124000421,5,182,-177
124000422,6,10,-4
124000423,31,9,22
124000424,2,60,-58
124000425,24,0,24
124000426,1,108,-107
124000427,20,8,12
124000428,4,10,-6
124000429,10,52,-42
124000430,185,289,-104
124000431,43,355,-312
124000432,55,492,-437
124000439,3,2,1
124000443,0,0,0
124000445,230,41,189
124000446,1436,18,1418
124000447,10,18,-8
124000448,8,6,2
124000449,15,6,9
124000450,2,283,-281
124000451,1,144,-143
124000452,399,37,362
124000453,1011,675,336
124000454,1766,1778,-12
124000457,8,32,-24
124000458,2,105,-103
124900001,35,82,-47
124900002,17,232,-215
124900003,109,203,-94
124900004,68,129,-61
124900005,49,74,-25
124900006,57,113,-56
124900008,391,152,239
124900009,8,22,-14
124900010,16,3,13
124900011,31,62,-31
124900012,44,28,16
124900013,63,36,27
124900014,22,15,7
124900015,10,31,-21
124900016,2,3,-1
124900017,124,50,74
124900018,0,1,-1
124900020,2,4,-2
124900021,4,3,1
124900022,3,0,3
124900024,13,0,13
124900026,2,1,1
124900027,9,25,-16
124900028,172,35,137
124900029,4,82,-78
124900030,2,62,-60
124900031,6,133,-127
124900032,53,50,3
124900033,17,108,-91
124900034,0,45,-45
124900035,33,159,-126
124900036,0,23,-23
124900037,25,143,-118
124900038,128,162,-34
124900039,0,12,-12
124900040,8,27,-19
124900041,108,826,-718
124900042,9,2,7
124900043,77,661,-584
124900044,2,0,2
124900045,147,280,-133
124900047,84,97,-13
124900048,37,49,-12
124900050,27,86,-59
124900052,17,173,-156
124900053,8,189,-181
124900054,1307,104,1203
124900055,0,35,-35
124900057,2,78,-76
124900060,13,95,-82
124900061,12,1,11
124900062,9,2,7
124900066,0,6,-6
124900067,4,90,-86
124900068,59,55,4
124900070,0,3,-3
124900072,11,5,6
124900075,14,120,-106
124900076,6,120,-114
124900077,16,39,-23
124900078,3,0,3
124900079,224,9,215
124900080,30,440,-410
124900081,99,59,40
124900082,106,608,-502
124900083,63,346,-283
124900085,639,57,582
124900086,8,136,-128
124900087,134,26,108
124900088,365,38,327
124900089,547,3,544
124900090,19,27,-8
124900091,41,222,-181
124900092,33,228,-195
124900093,20,31,-11
124900094,22,34,-12
124900095,6,34,-28
124900096,57,24,33
124900097,16,6,10
124900098,39,153,-114
124900099,85,63,22
124900100,16,1,15
124900101,1,6,-5
124900102,23,0,23
124900103,27,151,-124
124900104,3,157,-154
124900105,21,84,-63
124900106,16,5,11
124900107,7,2,5
124900108,43,5,38
124900111,1,21,-20
124900112,32,404,-372
124900113,0,58,-58
124900114,1,13,-12
124900115,0,1,-1
124900116,8,5,3
124900117,279,20,259
124900118,19,5,14
124900119,43,28,15
124900120,14,172,-158
124900121,23,27,-4
124900122,311,71,240
124900123,131,18,113
124900124,60,35,25
124900125,8,0,8
124900126,0,142,-142
204000001,5,8,-3
204000002,3,2,1
204000003,0,0,0
204000004,0,0,0
204000005,128,103,25
204000006,241,154,87
204000011,12,26,-14
204000012,6,117,-111
204000019,222,234,-12
204000020,189,346,-157
204000021,795,342,453
204000022,162,276,-114
204000023,144,768,-624
204000031,17,3,14
204000032,182,2,180
204000034,48,318,-270
204000035,1,3,-2
204000036,12,13,-1
204000037,3,27,-24
204000038,1,31,-30
204000039,2,46,-44
204000040,2,37,-35
204000041,6,20,-14
204000042,0,2,-2
204000043,2,0,2
204000044,1,2,-1
204000045,2,0,2
204000046,0,0,0
204000057,2,47,-45
204000062,19,351,-332
204000068,36,133,-97
204000069,15,127,-112
204000070,14,18,-4
204000080,14,64,-50
204000085,380,694,-314
204000086,1432,1006,426
204000087,35,23,12
204000088,11,59,-48
204000090,35,382,-347
204000093,24,21,3
204000096,160,101,59
204000097,27,15,12
204000099,285,269,16
204000100,139,170,-31
204000105,822,668,154
204000110,381,810,-429
204000111,230,499,-269
204000112,317,545,-228
204000113,176,510,-334
204000114,155,123,32
204000115,59,144,-85
204000116,261,212,49
204000119,266,240,26
204000132,134,64,70
204000133,193,90,103
204000134,74,35,39
204000135,161,45,116
204000136,32,75,-43
204000138,118,136,-18
204000140,48,55,-7
204000141,36,19,17
204000144,9,15,-6
204000145,96,4,92
204000146,46,287,-241
204000147,20,76,-56
204000148,126,3,123
204000154,0,1,-1
204000155,0,12,-12
204000177,12,39,-27
204000179,0,1,-1
204000180,0,65,-65
204000222,1,7,-6
204000235,13,12,1
204000236,16,190,-174
204000238,6,2,4
204000240,53,20,33
204000263,312,924,-612
204000268,216,100,116
204000308,12,0,12
204000317,20,41,-21
204000322,1,17,-16
204000323,0,0,0
204000328,34,11,23
204000329,82,100,-18
204000330,13,24,-11
204000331,111,152,-41
205000001,543,639,-96
205000013,6,59,-53
205000014,17,108,-91
205000015,44,202,-158
205000016,13,129,-116
205000017,18,82,-64
205000022,163,364,-201
205000025,1427,598,829
205000029,57,11,46
205000045,19,75,-56
205000046,38,332,-294
205000047,28,309,-281
205000048,45,494,-449
205000049,57,396,-339
205000050,654,155,499
205000059,1,209,-208
205000060,0,34,-34
205000061,3,22,-19
205000062,1,36,-35
205000063,4,24,-20
205000064,2,77,-75
205000065,32,441,-409
205000066,30,662,-632
205000067,19,850,-831
205000069,235,32,203
205000082,21,21,0
205000110,19,83,-64
205000111,66,131,-65
205000112,7,7,0
205000113,154,109,45
205000121,0,3,-3
205000123,51,157,-106
205000126,0,0,0
205000127,0,0,0
205000128,0,0,0
205000129,0,0,0
205000130,0,0,0
205000131,0,0,0
205000132,0,0,0
205000133,0,0,0
205000134,0,0,0
205000137,83,90,-7
205000138,178,190,-12
205000139,21,43,-22
205000144,18,2,16
205000145,21,7,14
205000151,0,0,0
205000152,0,0,0
205000153,0,0,0
205000154,0,0,0
205000155,0,0,0
205000207,69,120,-51
205000233,0,2,-2
205000234,0,0,0
205000243,0,0,0
205000244,1,2,-1
205000245,27,293,-266
205000249,0,22,-22
205000250,0,0,0
205000264,1,79,-78
206000027,0,0,0
206000028,0,0,0
206000043,15,181,-166
206000053,28,19,9
206000054,21,31,-10
206000055,2,61,-59
206000075,1,6,-5
206000076,24,12,12
206000077,13,9,4
206000078,4,19,-15
206000079,23,8,15
206000082,179,13,166
206000100,40,464,-424
206000103,7,24,-17
206000104,23,34,-11
206000105,15,25,-10
206000106,20,38,-18
206000125,11,0,11
206000157,249,513,-264
206000170,1,256,-255
206000171,7,263,-256
206000172,6,925,-919
206000173,3,307,-304
206000174,3,219,-216
206000175,4,242,-238
206000176,9,400,-391
206000177,2,236,-234
206000178,4,184,-180
206000179,6,102,-96
206000180,55,193,-138
206000181,10,303,-293
206000182,58,273,-215
206000183,37,813,-776
206000184,5,431,-426
206000185,12,393,-381
206000186,144,1534,-1390
206000223,12,295,-283
206000226,0,0,0
206000227,0,0,0
206000237,38,387,-349
206000238,65,618,-553
206000239,647,1821,-1174
206000240,4,68,-64
206000241,0,171,-171
206000242,8,562,-554
206000243,7,476,-469
206000244,62,1121,-1059
206000245,155,24,131
206000246,19,5,14
206000247,34,6,28
206000248,54,13,41
206000252,52,31,21
206000258,17,21,-4
206000315,23,5,18
206000317,77,27,50
206000318,44,19,25
206000319,159,51,108
206000320,27,13,14
206000321,27,7,20
206000322,75,5,70
206000323,37,11,26
206000324,26,8,18
206000325,34,6,28
206000326,29,8,21
206000327,42,3,39
206000328,41,3,38
206000329,39,5,34
206000330,17,6,11
206000331,19,3,16
206000332,11,2,9
206000333,68,0,68
206000334,44,1,43
206000335,1,38,-37
206000361,8,238,-230
206000392,7,57,-50
206000405,82,0,82
206000441,0,0,0
206000498,10,3,7
206000515,238,38,200
206000530,22,18,4
206000531,6,9,-3
206000532,315,36,279
206000535,259,1241,-982
206000536,21,267,-246
206000537,13,115,-102
206000613,263,22,241
206000784,355,29,326
207000001,72,240,-168
207000002,29,247,-218
207000003,63,207,-144
207000007,112,66,46
207000008,12,19,-7
207000009,45,30,15
207000010,276,494,-218
207000012,11,16,-5
207000015,268,1175,-907
207000019,86,44,42
207000021,157,75,82
207000022,34,27,7
207000023,37,17,20
207000024,2,3,-1
207000025,3,27,-24
207000026,53,61,-8
207000027,3,40,-37
207000028,18,164,-146
207000029,108,251,-143
207000033,188,116,72
207000034,85,15,70
207000039,4,8,-4
207000040,2,4,-2
207000041,0,1,-1
207000042,1,1,0
207000043,0,0,0
207000051,37,249,-212
207000052,5,182,-177
207000053,220,510,-290
207000054,7,105,-98
207000055,23,145,-122
207000056,99,319,-220
207000057,78,194,-116
207000058,57,368,-311
207000059,22,662,-640
207000060,26,196,-170
207000061,41,32,9
207000062,60,34,26
207000063,52,135,-83
207000064,123,120,3
207000065,81,117,-36
207000066,48,124,-76
207000067,18,91,-73
207000068,44,49,-5
207000069,360,222,138
207000082,31,281,-250
207000083,47,283,-236
207000084,20,24,-4
207000085,50,13,37
207000086,32,15,17
207000106,0,0,0
207000107,0,0,0
207000108,0,0,0
207000109,0,0,0
207000110,0,0,0
207000111,0,0,0
207000112,0,0,0
207000114,15,11,4
207000115,12,64,-52
207000116,21,103,-82
207000117,4,99,-95
207000118,1,76,-75
207000119,8,73,-65
207000123,0,0,0
207000124,0,0,0
207000125,0,0,0
207000126,0,0,0
207000134,13,246,-233
207000135,19,209,-190
207000148,0,0,0
207000149,70,21,49
207000152,74,280,-206
207000153,608,579,29
207000154,135,74,61
207000159,29,212,-183
207000160,48,516,-468
207000238,0,70,-70
207000242,0,83,-83
207000248,28,19,9
207000249,65,36,29
207000250,251,48,203
207000251,90,43,47
207000252,31,37,-6
207000278,3,5,-2
207000279,16,164,-148
207000280,60,24,36
207000281,52,876,-824
207000282,6,3,3
207000283,25,93,-68
207000284,16,21,-5
207000285,104,20,84
207000291,5,83,-78
207000304,55,69,-14
207000306,27,271,-244
207000310,0,0,0
207000353,0,0,0
207000356,4,5,-1
207000357,2,1,1
207000358,1,1,0
207000415,5,110,-105
207000417,0,0,0
207000418,63,73,-10
207000438,0,0,0
207000439,814,186,628
207000446,0,0,0
207000460,9,12,-3
207000466,94,127,-33
207000467,4,4,0
207000468,18,424,-406
207000476,6,57,-51
207000477,42,80,-38
207000478,1,7,-6
207000523,0,2,-2
207000524,0,0,0
207000527,54,56,-2
207000530,0,0,0
207000531,0,0,0
207000532,0,0,0
207000534,0,0,0
207000535,64,97,-33
207000537,18,47,-29
207000540,2,83,-81
207000541,2,215,-213
207000548,4,158,-154
207000549,0,0,0
207000561,0,0,0
207000562,21,120,-99
207000567,113,164,-51
207000568,22,68,-46
207000569,47,703,-656
207000584,173,61,112
207000585,0,0,0
207000587,0,1,-1
207000616,0,141,-141
207000617,4,0,4
207000624,0,0,0
207000631,0,0,0
207900008,67,285,-218
208000001,74,152,-78
208000002,91,163,-72
208000003,179,161,18
208000004,245,158,87
208000005,3,20,-17
208000019,37,162,-125
208000020,3,50,-47
208000021,48,233,-185
208000022,205,428,-223
208000028,528,550,-22
208000033,128,347,-219
208000034,526,612,-86
208000037,0,0,0
208000040,7,28,-21
208000041,94,146,-52
208000042,44,123,-79
208000047,43,163,-120
208000064,675,234,441
208000066,202,108,94
208000070,42,170,-128
208000071,59,286,-227
208000072,82,331,-249
208000080,70,92,-22
208000081,21,67,-46
208000082,68,133,-65
208000083,31,179,-148
208000084,1,10,-9
208000085,333,352,-19
208000086,189,535,-346
208000087,88,425,-337
208000089,252,359,-107
208000090,166,652,-486
208000093,14,69,-55
208000094,169,261,-92
208000095,380,190,190
208000104,149,203,-54
208000105,128,224,-96
208000114,0,0,0
208000115,64,122,-58
208000116,43,354,-311
208000117,11,72,-61
208000118,31,41,-10
208000155,170,451,-281
208000158,1071,972,99
208000186,553,252,301
208000204,125,481,-356
208000205,309,677,-368
208000282,1883,417,1466
209000004,40,59,-19
209000005,5,12,-7
209000006,81,74,7
209000007,66,93,-27
209000010,190,107,83
209000011,71,157,-86
209000012,66,192,-126
209000013,85,505,-420
209000014,309,1057,-748
209000025,73,35,38
209000026,259,32,227
209000027,167,984,-817
209000028,129,933,-804
209000029,210,886,-676
209000030,237,1188,-951
209000031,2388,1680,708
209000034,136,193,-57
209000035,50,133,-83
209000036,48,93,-45
209000037,72,138,-66
209000038,57,129,-72
209000039,28,112,-84
209000040,137,357,-220
209000041,144,335,-191
209000042,159,255,-96
209000043,275,364,-89
209000044,259,320,-61
209000045,103,130,-27
209000046,15,202,-187
209000047,29,105,-76
209000048,20,97,-77
209000049,70,123,-53
209000050,113,219,-106
209000051,76,233,-157
209000052,55,207,-152
209000062,8,141,-133
209000063,6,88,-82
209000064,9,100,-91
209000065,25,38,-13
209000066,9,59,-50
209000067,9,100,-91
209000080,16,161,-145
209000082,22,36,-14
209000091,16,44,-28
209000093,67,29,38
209000094,101,59,42
209000110,25,44,-19
209000111,168,407,-239
209000112,136,180,-44
209000113,249,176,73
209000114,113,141,-28
209000115,45,98,-53
209000116,560,336,224
209000118,25,18,7
209000119,22,4,18
209000121,69,501,-432
209000135,49,60,-11
209000142,613,289,324
209000143,19,49,-30
209000144,12,26,-14
209000229,22,96,-74
209000240,32,390,-358
209000259,57,121,-64
209000260,13,503,-490
209000261,1,373,-372
209000262,1,252,-251
209000263,0,66,-66
209000264,0,17,-17
209000265,0,0,0
209000266,0,0,0
209000267,0,0,0
209000268,0,0,0
210000037,8,9,-1
210000047,6,3,3
210000048,3,0,3
210000049,1,2,-1
210000052,3,97,-94
210000053,7,58,-51
210000054,28,61,-33
210000070,0,0,0
210000071,0,0,0
210000072,0,0,0
210000073,0,12,-12
210000074,0,67,-67
210000075,2,36,-34
210000076,2,85,-83
210000077,1,24,-23
210000078,18,14,4
210000079,1,4,-3
210000080,6,5,1
210000081,3,0,3
210000082,2,0,2
210000083,26,0,26
210000084,12,0,12
210000085,0,56,-56
210000086,0,67,-67
210000099,15,167,-152
210000100,18,113,-95
210000101,46,153,-107
210000105,36,82,-46
210000159,0,77,-77
210000163,125,154,-29
210000164,99,19,80
210000168,59,3,56
210000187,0,5,-5
210000188,0,13,-13
210000214,0,0,0
210000219,2,20,-18
210000220,13,11,2
210000232,2,14,-12
210000233,4,21,-17
210000234,16,67,-51
210000235,9,101,-92
210000245,0,22,-22
210000246,0,0,0
210000258,4,89,-85
210000259,15,1,14
210000282,17,95,-78
210000285,0,60,-60
210000286,3,133,-130
210000290,2,1,1
210000295,8,55,-47
210000296,34,40,-6
210000320,38,18,20
210000321,4,7,-3
210000338,18,80,-62
210000339,388,278,110
210000340,86,85,1
210000341,77,128,-51
210000342,43,97,-54
210000343,68,102,-34
210000344,61,61,0
210000345,82,22,60
210000346,8,25,-17
210000347,7,16,-9
210000348,13,5,8
210000349,6,4,2
210000350,14,50,-36
210000351,30,62,-32
210000352,14,42,-28
210000353,12,56,-44
210000354,19,61,-42
210000355,9,49,-40
210000356,2,17,-15
210000357,10,6,4
210000358,151,32,119
210000359,20,11,9
210000360,59,25,34
210000361,19,40,-21
210000362,43,41,2
210000363,161,12,149
210000364,17,7,10
210000365,8,14,-6
210000366,21,6,15
210000367,5,2,3
210000368,12,9,3
210000369,8,13,-5
210000370,12,14,-2
210000372,4,12,-8
210000373,9,3,6
210000374,8,2,6
210000375,6,43,-37
210000376,7,81,-74
210000404,76,102,-26
210000439,4,8,-4
210000472,14,1,13
210000482,16,11,5
210000564,119,19,100
210000567,0,1,-1
210000568,64,0,64
211000092,2,50,-48
211000094,3,13,-10
211000169,152,3,149
211000172,1,81,-80
211000209,1,3,-2
211000226,2,4,-2
211000270,2,3,-1
211000275,6,22,-16
211000276,22,8,14
211000279,1,29,-28
211000281,4,29,-25
211000302,7,67,-60
211507980,0,13,-13
211977296,1,2,-1
212000003,18,22,-4
212000004,24,16,8
212000005,6,30,-24
212000006,7,47,-40
212000008,67,180,-113
212000009,7,102,-95
212000012,26,44,-18
212000013,4,60,-56
212000014,106,139,-33
212000015,75,163,-88
212000016,246,337,-91
212000027,165,125,40
212000028,59,76,-17
212000029,38,56,-18
212000030,9,17,-8
212000031,5,26,-21
212000048,8,31,-23
212000049,10,22,-12
212000050,21,11,10
212000051,58,139,-81
212000052,45,235,-190
212000053,171,315,-144
212000054,28,46,-18
212000055,23,95,-72
212000056,3,9,-6
212000057,0,5,-5
212000058,52,9,43
212000070,53,159,-106
212000077,60,385,-325
212000099,41,88,-47
212000108,34,65,-31
212000111,44,44,0
212000120,67,101,-34
212000138,21,16,5
212000156,5,57,-52
212000158,1,4,-3
212000159,45,29,16
212000160,88,72,16
212000161,8,6,2
212000310,5,16,-11
212000311,2,13,-11
212000374,1,10,-9
213000001,13,368,-355
213000005,58,19,39
213000006,209,23,186
213000007,6,0,6
213000009,38,22,16
213000010,43,17,26
213000011,26,11,15
213000014,6,0,6
213000015,13,1,12
213000016,12,0,12
213000017,0,0,0
213000018,0,99,-99
213000019,0,74,-74
213000020,31,155,-124
213000021,1,41,-40
213000023,0,0,0
213000033,68,253,-185
213000034,60,37,23
213000035,15,15,0
213000045,33,153,-120
213000046,56,92,-36
213000047,254,266,-12
213000056,9,1,8
213000069,8,0,8
213000073,0,10,-10
213000074,76,167,-91
213000075,25,0,25
213000076,1,0,1
213000085,3,12,-9
213000086,4,104,-100
213000091,0,0,0
213000092,0,0,0
213000099,51,398,-347
213000100,117,3,114
213000101,2,65,-63
213000102,6,279,-273
213000103,91,357,-266
213000104,28,266,-238
213000105,4,10,-6
213000106,7,100,-93
213000107,13,339,-326
213000108,3,75,-72
213000109,8,230,-222
213000110,3,105,-102
213000111,2,32,-30
213000112,20,21,-1
213000115,0,0,0
213000116,56,295,-239
213000117,4,425,-421
213000118,82,132,-50
213000119,8,273,-265
213000120,22,206,-184
213000122,64,545,-481
213000123,409,591,-182
213000124,38,884,-846
213000125,0,0,0
213000126,12,38,-26
213000127,66,68,-2
213000128,256,253,3
213000129,0,0,0
213000130,15,1,14
213000132,1,1,0
213000133,7,0,7
213000134,17,1,16
213000136,37,1,36
213000137,86,22,64
213000139,63,2,61
213000147,3,0,3
213000148,0,0,0
213000149,0,0,0
213000150,0,43,-43
213000151,0,46,-46
213000152,0,40,-40
213000153,1,30,-29
213000154,8,179,-171
213000155,20,188,-168
213000156,21,321,-300
213000157,348,370,-22
213000158,76,228,-152
213000159,66,95,-29
213000163,40,3,37
213000165,32,3,29
213000171,9,140,-131
213000172,8,192,-184
213000173,6,99,-93
213000174,0,45,-45
213000175,2,51,-49
213000176,1,34,-33
213000177,0,3,-3
213000178,3,10,-7
213000179,22,28,-6
213000180,23,35,-12
213000184,10,32,-22
213000188,35,15,20
213000189,19,5,14
213000190,145,290,-145
213000191,26,233,-207
213000192,24,338,-314
213000193,1003,209,794
213000194,0,7,-7
213000195,9,288,-279
213000196,42,454,-412
213000197,48,34,14
213000198,2,0,2
213000200,53,828,-775
213000201,105,86,19
213000202,14,596,-582
213000203,542,59,483
213000204,97,3,94
213000205,15,2,13
213000206,23,1,22
213000207,6,0,6
213000208,0,0,0
213000209,1,0,1
213000210,3,0,3
213000211,0,5,-5
213000212,1,8,-7
213000213,0,19,-19
213000218,55,367,-312
213000219,0,0,0
213000220,0,0,0
213000223,67,20,47
213000224,1,3,-2
213000225,14,3,11
213000226,7,2,5
213000227,99,37,62
213000228,30,19,11
213000229,74,1,73
213000230,34,1,33
213000232,24,241,-217
213000233,1,11,-10
213000234,4,17,-13
213000293,0,22,-22
213000294,7,2,5
213000295,3,25,-22
213000296,10,2,8
213000297,4,42,-38
213000298,17,25,-8
213000299,12,3,9
213000300,1,2,-1
213000303,4,9,-5
213000304,0,7,-7
213000305,2,2,0
213000306,13,6,7
213000307,11,25,-14
213000308,49,164,-115
213000309,29,14,15
213000310,30,2,28
213000311,133,391,-258
213000315,18,76,-58
213000316,6,28,-22
213000322,3,38,-35
213000323,9,18,-9
213000340,61,814,-753
213000341,22,3,19
213000346,11,5,6
213000347,191,8,183
213000348,1,85,-84
213000349,0,4,-4
213000350,189,1050,-861
213000366,7,92,-85
213000367,46,3,43
213000379,19,123,-104
213000386,8,144,-136
213000406,28,166,-138
213000417,213,83,130
213000425,24,35,-11
213000426,15,34,-19
213000427,10,176,-166
213000428,4,154,-150
213000429,1,0,1
213000430,26,510,-484
213000431,32,0,32
213000432,0,4,-4
213000433,5,84,-79
213000434,19,6,13
213000435,12,45,-33
213000439,13,4,9
213000441,5,4,1
213000443,108,75,33
213000445,0,48,-48
213000446,0,0,0
213000447,2,11,-9
213000448,1,4,-3
213000449,48,0,48
213000450,2,8,-6
213000451,9,16,-7
213000452,0,6,-6
213000453,21,111,-90
213000455,10,4,6
213000456,1,76,-75
213000481,8,4,4
213000482,44,2,42
213000489,109,6,103
213000491,0,32,-32
213000492,6,0,6
213000493,0,9,-9
213000494,1,5,-4
213000495,0,53,-53
213000496,3,0,3
213000497,25,194,-169
213000498,29,130,-101
213000499,41,252,-211
213000500,18,0,18
213000501,0,1,-1
213000502,15,2,13
213000504,28,160,-132
213000505,0,6,-6
213000506,0,5,-5
213000507,34,141,-107
213900244,0,0,0
213900245,0,21,-21
218000003,9,11,-2
218000004,6,23,-17
218000005,3,4,-1
218000006,5,43,-38
218000007,7,7,0
218000012,158,60,98
218000013,39,99,-60
218000014,305,202,103
218000019,460,223,237
218000020,164,226,-62
218000040,8,2,6
218000046,10,86,-76
218000047,0,111,-111
218000048,13,220,-207
218000049,28,105,-77
218000050,92,229,-137
218000051,20,309,-289
218000052,0,43,-43
218000053,1,10,-9
218000054,3,11,-8
218000055,0,7,-7
218000056,6,28,-22
218000057,0,17,-17
218000064,0,4,-4
218000065,29,20,9
218000066,8,41,-33
218000067,13,50,-37
218000068,26,66,-40
218000069,49,127,-78
218000070,84,173,-89
218000071,105,172,-67
218000072,163,157,6
218000078,265,870,-605
218000079,18,33,-15
218000080,33,43,-10
218000081,101,124,-23
218000082,3,82,-79
218000083,7,46,-39
218000084,61,159,-98
218000085,130,356,-226
218000086,17,134,-117
218000087,107,172,-65
218000090,20,44,-24
218000091,281,140,141
218000092,29,133,-104
218000093,39,78,-39
218000094,239,616,-377
218000099,154,206,-52
218000100,139,135,4
218000101,102,61,41
218000102,83,174,-91
218000103,22,113,-91
218000104,15,30,-15
218000105,3,4,-1
218000106,12,3,9
218000107,13,105,-92
218000108,0,32,-32
218000112,34,8,26
218000117,6,43,-37
218000134,196,442,-246
218000135,12,42,-30
218000136,46,33,13
218000137,23,116,-93
218000138,1,45,-44
218000139,20,178,-158
218000140,34,92,-58
218000141,12,40,-28
218000142,39,64,-25
218000143,9,78,-69
218000144,11,18,-7
218000145,75,243,-168
218000146,14,71,-57
218000151,11,7,4
218000152,30,44,-14
218000170,1,24,-23
218000171,26,5,21
218000172,4,9,-5
218000173,3,9,-6
218000174,5,5,0
218000176,52,18,34
218000177,187,51,136
218000178,74,39,35
218000179,73,15,58
218000180,43,10,33
218000181,82,2,80
218000187,4,7,-3
218000188,6,18,-12
218000189,3,36,-33
218000190,1,1,0
218000191,27,136,-109
218000192,42,323,-281
218000193,212,362,-150
218000194,33,305,-272
218000195,62,74,-12
218000196,111,164,-53
218000197,61,181,-120
218000198,5,101,-96
218000199,12,23,-11
218000200,9,24,-15
218000201,1,6,-5
218000202,121,114,7
218000207,2,18,-16
218000208,3,29,-26
218000211,7,23,-16
218000213,35,17,18
218000214,4,4,0
218000215,14,93,-79
218000217,0,58,-58
218000218,111,39,72
218000219,10,7,3
218000220,66,176,-110
218000221,88,82,6
218000222,16,22,-6
218000223,85,88,-3
218000224,2,33,-31
218000225,148,20,128
218000226,37,23,14
218000232,12,31,-19
218000239,0,0,0
218000240,0,0,0
218000241,0,0,0
218000242,0,0,0
218000243,0,0,0
218000244,0,0,0
218000245,0,0,0
218000246,0,0,0
218000247,0,0,0
218000248,0,22,-22
218000249,0,1,-1
218000250,0,11,-11
218000251,0,27,-27
218000252,1,24,-23
218000253,0,6,-6
218000254,0,4,-4
218000255,0,3,-3
218000256,0,30,-30
218000267,480,518,-38
218000268,0,36,-36
218000269,2,9,-7
218000270,21,107,-86
218000271,34,85,-51
218000273,4,10,-6
218000274,8,6,2
218000275,15,13,2
218000276,9,43,-34
218000278,26,17,9
218000279,26,45,-19
218000280,2,41,-39
218000281,3,12,-9
218000282,100,30,70
218000284,47,8,39
218000301,4,47,-43
218000302,23,22,1
218000303,3,28,-25
218000316,330,650,-320
218000317,246,746,-500
218000318,113,564,-451
218000319,324,1132,-808
218000320,297,485,-188
218000338,1,4,-3
218000345,58,50,8
218000346,1,20,-19
218000459,39,153,-114
218000490,2,28,-26
218000501,11,10,1
218000502,14,73,-59
218000503,30,7,23
218000504,66,1,65
218000505,14,118,-104
218000506,25,94,-69
218000508,2,2,0
218000510,79,11,68
218000520,56,62,-6
218000521,1,34,-33
218000522,1,94,-93
218000523,9,13,-4
218000524,14,5,9
218000525,2,10,-8
218000526,24,36,-12
218000529,17,162,-145
218000531,6,14,-8
218000532,4,16,-12
218000534,2,2,0
218000537,0,10,-10
218000538,58,57,1
218000540,148,44,104
218000543,69,28,41
218000544,20,83,-63
218000545,7,27,-20
218000546,19,60,-41
218000547,31,28,3
218000548,33,91,-58
218000549,156,50,106
218000550,272,377,-105
218000551,105,195,-90
218000552,122,20,102
218000553,3,43,-40
218000554,16,10,6
218000555,13,25,-12
218000556,35,241,-206
218000557,111,55,56
218000558,2,0,2
218000559,0,3,-3
218000560,0,3,-3
218000561,0,0,0
218000562,7,52,-45
218000563,13,12,1
218000564,0,78,-78
218000565,20,8,12
218000566,33,5,28
218000568,0,0,0
218000569,2,25,-23
218000570,4,4,0
218000571,0,51,-51
218000572,0,0,0
218000573,5,146,-141
218000574,4,14,-10
218000575,0,0,0
218000576,1,16,-15
218000577,0,0,0
218000578,1,34,-33
218000579,15,0,15
218000581,2,44,-42
218000582,5,0,5
218000583,1,0,1
218000584,0,10,-10
218000585,4,2,2
218000586,1,27,-26
218000587,0,0,0
218000588,0,4,-4
218000589,0,0,0
218000590,0,0,0
218000591,0,1,-1
218000592,0,0,0
218000593,0,0,0
218000594,0,0,0
218000597,0,0,0
218000598,0,0,0
218000599,0,0,0
218000600,0,0,0
218000601,0,0,0
218000602,0,0,0
218000603,0,2,-2
218000604,0,0,0
218000605,0,11,-11
218000606,8,0,8
218000607,2,4,-2
218000608,2,1,1
218000609,0,24,-24
218000610,6,0,6
218000611,2,0,2
218000612,0,21,-21
218000613,4,0,4
218000614,0,26,-26
218000615,8,2,6
218000616,1,67,-66
218000617,0,2,-2
218000618,0,9,-9
218000619,3,3,0
218000620,0,14,-14
218000621,0,0,0
218000622,0,1,-1
218000623,1,0,1
218000624,0,1,-1
218000625,1,0,1
218000626,1,3,-2
218000628,17,8,9
218000631,1,6,-5
218000632,1,75,-74
218000633,0,0,0
218000634,1,6,-5
218000635,0,7,-7
218000636,323,1035,-712
218000637,244,367,-123
218000638,10,19,-9
218000639,8,269,-261
218000640,5,4,1
218000641,9,302,-293
218000652,57,86,-29
218000653,93,86,7
218000663,2,49,-47
218000675,2,5,-3
218000680,65,391,-326
218000681,17,13,4
218000691,48,322,-274
218000693,2,6,-4
218000718,135,146,-11
218000719,34,18,16
218000720,9,31,-22
218000721,1,4,-3
218001147,6,337,-331
218001214,7,4,3
218001258,22,1,21
218001329,0,2,-2
218001330,49,85,-36
218001351,1,2,-1
218001352,1,8,-7
218001353,0,0,0
218001354,2,20,-18
218001355,25,286,-261
218001356,44,5,39
218001357,5,214,-209
218001358,48,2,46
218001361,25,1,24
218001362,2,325,-323
219000001,13,55,-42
219000002,22,74,-52
219000003,62,27,35
219000004,71,54,17
219000017,20,11,9
219000020,28,6,22
219000022,31,1,30
219000023,37,0,37
219000029,1,57,-56
219000034,1,1,0
219000039,41,27,14
219000040,4,7,-3
219000041,33,15,18
219000051,0,29,-29
219000052,0,14,-14
219000053,0,215,-215
219000055,20,0,20
219000056,2,0,2
219000057,25,0,25
219000062,6,182,-176
219000063,10,6,4
219000064,3,31,-28
219000110,89,21,68
219000111,67,27,40
219000112,129,28,101
219000113,54,15,39
219000114,128,11,117
219000116,57,35,22
219000117,108,80,28
219000118,55,54,1
219000123,108,44,64
219000124,28,17,11
219000125,4,24,-20
219000126,13,46,-33
219000127,0,1,-1
219000128,34,66,-32
219000129,8,102,-94
219000130,939,516,423
219000131,1103,652,451
219000133,20,23,-3
219000134,11,14,-3
219000135,37,64,-27
219000136,125,112,13
219000138,21,21,0
219000139,15,56,-41
219000140,8,1,7
219000141,18,84,-66
219000142,4,62,-58
219000143,11,59,-48
219000145,1,21,-20
219000146,1,29,-28
219000147,1,48,-47
219000148,1,48,-47
219000149,36,150,-114
219000150,1,64,-63
219000151,2,57,-55
219000157,124,87,37
219000158,87,197,-110
219000161,88,7,81
219000163,955,296,659
219000166,44,115,-71
219000167,41,178,-137
219000168,173,23,150
219000174,117,28,89
219000175,32,5,27
219000176,21,3,18
219000177,0,0,0
219000178,1,0,1
219000179,8,4,4
219000180,11,17,-6
219000182,7,0,7
219000183,1,19,-18
219000184,11,0,11
219000185,0,81,-81
219000186,1,30,-29
219000187,4,86,-82
219000189,86,87,-1
219000190,78,151,-73
219000191,757,446,311
219000192,106,130,-24
219000193,395,136,259
219000195,1,35,-34
219000196,2,118,-116
219000198,21,115,-94
219000199,52,101,-49
219000200,25,133,-108
219000201,72,142,-70
219000203,9,104,-95
219000204,34,148,-114
219000205,10,135,-125
219000207,84,133,-49
219000209,12,73,-61
219000210,23,69,-46
219000213,11,183,-172
219000239,72,113,-41
219000240,76,159,-83
219000241,16,130,-114
219000242,39,112,-73
219000243,9,232,-223
219000244,2,95,-93
219000245,3,30,-27
219000246,3,4,-1
219000247,21,19,2
219000248,155,25,130
219000249,21,9,12
219000250,14,2,12
219000251,77,7,70
219000252,0,0,0
219000253,0,0,0
219000255,11,17,-6
219000256,28,22,6
219000257,0,0,0
219000262,22,200,-178
219000263,35,187,-152
219000267,0,144,-144
219000268,3,5,-2
219000269,3,0,3
219000270,5,1,4
219000271,63,2,61
219000278,2,8,-6
219000279,0,2,-2
219000283,0,12,-12
219000295,10,78,-68
219000296,46,358,-312
219000297,15,78,-63
219000298,25,168,-143
219000299,57,3,54
219000300,5,283,-278
219000301,82,157,-75
219000302,11,126,-115
219000307,26,58,-32
219000308,33,27,6
219000311,20,22,-2
219000312,65,12,53
219000313,49,6,43
219000314,62,338,-276
219000315,6,6,0
219000316,45,1,44
219000317,8,0,8
219000320,0,29,-29
219000321,1,23,-22
219000323,14,72,-58
219000325,1,28,-27
219000326,31,110,-79
219000327,18,49,-31
219000328,15,32,-17
219000329,238,92,146
219000330,12,23,-11
219000331,20,33,-13
219000332,15,18,-3
219000333,6,3,3
219000335,6,0,6
219000337,0,0,0
219000338,0,0,0
219000344,13,67,-54
219000345,51,82,-31
219000346,9,120,-111
219000348,29,116,-87
219000349,10,198,-188
219000350,55,36,19
219000351,0,3,-3
219000352,145,28,117
219000353,39,43,-4
219000354,60,76,-16
219000355,35,14,21
219000356,970,189,781
219000363,219,63,156
219000364,104,39,65
219000365,70,9,61
219000366,406,130,276
219000368,316,181,135
219000370,632,101,531
219000371,8,19,-11
219000382,5,15,-10
219000383,440,413,27
219000385,429,325,104
219000386,690,724,-34
219000387,0,2,-2
219000390,4,0,4
219000391,7,0,7
219000397,70,69,1
219000398,38,35,3
219000401,3,55,-52
219000402,5,65,-60
219000403,21,93,-72
219000404,11,41,-30
219000407,2,15,-13
219000409,0,0,0
219000410,0,0,0
219000411,0,0,0
219000446,174,322,-148
219000447,1,13,-12
219000448,0,0,0
219000452,30,23,7
219000453,42,53,-11
219000454,202,78,124
219000556,44,4,40
219000558,64,211,-147
219000590,5,97,-92
219000591,7,3,4
219000592,51,256,-205
219000595,1,20,-19
219000635,8,1,7
219000636,11,87,-76
219000657,7,5,2
219000658,10,28,-18
219000673,1,23,-22
219000676,2,0,2
219000679,8,15,-7
219000684,8,0,8
219000685,0,89,-89
219000686,0,1,-1
219000688,0,98,-98
219000689,53,123,-70
219000690,0,0,0
219000691,39,48,-9
219000692,1,21,-20
219000693,1,23,-22
219000694,0,0,0
219000695,0,0,0
219000698,0,0,0
219000699,0,16,-16
219000727,3,122,-119
219000728,183,5,178
219000770,0,0,0
219000771,0,20,-20
219000788,257,289,-32
219001150,0,3,-3
219001151,0,4,-4
219001166,0,0,0
219001167,4,61,-57
219001178,14,1,13
220000001,5,12,-7
220000002,9,80,-71
220000003,139,171,-32
220000004,265,380,-115
220000005,620,796,-176
220000006,122,644,-522
220000007,120,573,-453
220000008,111,662,-551
220000009,108,456,-348
220000010,39,66,-27
220000011,318,392,-74
220000012,18,39,-21
220000014,16,50,-34
220000015,6,32,-26
220000017,8,176,-168
220000018,1912,199,1713
220000019,31,105,-74
220000020,48,142,-94
220000021,159,90,69
220000022,221,328,-107
220000023,81,117,-36
220000024,795,240,555
220000025,216,231,-15
220000026,79,63,16
220000027,14,64,-50
220000028,29,29,0
220000029,670,357,313
220000030,32,101,-69
220000031,59,172,-113
220000064,0,0,0
221000046,1,0,1
221000047,0,0,0
221000048,0,0,0
221000049,0,4,-4
221000050,4,0,4
221000055,32,26,6
221000068,177,27,150
221000069,110,32,78
221000070,53,13,40
221000071,23,0,23
221000072,94,12,82
221000073,31,25,6
221000074,0,11,-11
221000075,4,6,-2
221000076,8,46,-38
221000077,25,94,-69
221000081,19,6,13
221000082,10,2,8
221000083,15,3,12
221000084,0,1,-1
221000085,11,34,-23
221000086,10,92,-82
221000087,1,139,-138
221000088,13,99,-86
221000089,23,125,-102
221000090,170,269,-99
221000098,36,3,33
221000099,96,4,92
221000100,17,4,13
221000101,124,9,115
221000103,5,47,-42
221000104,5,85,-80
221000107,17,2,15
221000108,11,3,8
221000111,10,139,-129
221000112,3,113,-110
221000113,20,130,-110
221000114,15,150,-135
221000120,3,16,-13
221000121,1,15,-14
221000122,5,2,3
221000123,4,15,-11
221000124,6,162,-156
221000155,27,2,25
221000156,2,6,-4
221000175,0,2,-2
221000176,0,0,0
221000182,20,3,17
221000241,291,67,224
221000242,224,174,50
221000243,168,31,137
221000244,120,196,-76
221000245,29,56,-27
221000246,7,118,-111
221000247,22,74,-52
221000248,20,106,-86
221000267,27,273,-246
221000325,25,22,3
221000331,0,28,-28
221000338,1,2,-1
221000378,36,14,22
221000381,34,55,-21
222000282,1,0,1
222000296,1,3,-2
222000568,44,2,42
222000569,15,8,7
222000570,17,1,16
222000571,16,3,13
222000577,3,131,-128
222000578,1,75,-74
222000579,28,44,-16
222000580,72,465,-393
222000599,0,80,-80
222000600,0,212,-212
222000601,15,434,-419
222000603,2,5,-3
222000604,1,15,-14
222000605,0,5,-5
222000606,1,3,-2
222000607,0,1,-1
222000608,0,10,-10
222000609,15,213,-198
222000616,5,2,3
222000617,0,0,0
222000618,0,0,0
222000620,0,0,0
222000621,0,0,0
222000623,0,0,0
222000624,0,0,0
222000625,0,19,-19
222000636,24,1,23
222000686,0,0,0
222000687,0,2,-2
222001066,28,0,28
222001067,0,5,-5
222001068,1,3,-2
222001069,3,11,-8
222001082,1,23,-22
222001083,4,41,-37
222001084,0,24,-24
222001085,1,77,-76
222001111,1,175,-174
222001112,2,7,-5
222001313,0,0,0
222001314,3,47,-44
222001464,2,4,-2
222001465,2,125,-123
222001484,1,2,-1
222001485,10,65,-55
222001494,32,23,9
222001495,35,296,-261
222001496,6,12,-6
222001497,56,350,-294
222001503,0,0,0
222001504,19,126,-107
222001505,0,0,0
222001506,15,154,-139
222001507,0,0,0
222001510,0,0,0
222001514,0,0,0
222001518,0,0,0
222001519,52,361,-309
222001527,0,0,0
222001529,0,0,0
222001530,26,211,-185
222001533,115,373,-258
222001534,0,0,0
222001535,6,20,-14
222001536,38,268,-230
222001537,0,0,0
222001538,82,710,-628
222001563,0,0,0
222001564,27,367,-340
222001568,23,91,-68
222001576,0,0,0
222001579,0,0,0
222001583,7,187,-180
222001584,0,3,-3
222001596,152,1110,-958
222001597,76,11,65
222001626,0,113,-113
222001650,8,33,-25
222001651,1,25,-24
222001914,0,0,0
222001915,46,224,-178
222001968,34,29,5
222001969,214,483,-269
222001970,4,54,-50
222001971,0,2,-2
222001972,0,17,-17
225000001,77,26,51
225000002,59,15,44
225000003,73,8,65
225000004,43,20,23
225000005,7,3,4
225000006,1,81,-80
225000007,2515,520,1995
225000010,69,3,66
225000011,100,84,16
225000012,14,55,-41
225000013,3,7,-4
225000014,27,10,17
225000015,71,137,-66
225000021,47,31,16
225000027,94,253,-159
225000032,53,28,25
225000042,36,329,-293
225000049,14,38,-24
225000050,30,4,26
225000053,3,104,-101
225000058,37,33,4
225000067,57,179,-122
225000068,48,364,-316
225000069,58,349,-291
225000070,36,333,-297
225000071,11,206,-195
225000075,13,396,-383
225000076,17,55,-38
225000078,11,7,4
225000085,0,0,0
225000086,0,0,0
225000087,0,0,0
225000088,6,54,-48
225000089,234,299,-65
225000090,8,211,-203
225000091,31,176,-145
225000092,9,44,-35
225000093,52,292,-240
225000094,9,338,-329
225000095,128,343,-215
225000096,55,233,-178
225000098,91,49,42
225000099,41,21,20
225000100,37,23,14
225000104,41,253,-212
225000110,5,226,-221
225000111,54,561,-507
225000112,61,519,-458
225000113,21,346,-325
225000114,16,145,-129
225000115,1672,197,1475
225000116,126,22,104
225000117,66,30,36
225000118,88,19,69
225000119,16,7,9
225000120,27,4,23
225000121,127,4,123
225000123,47,7,40
225000125,53,86,-33
225000126,422,50,372
225000127,522,116,406
225000128,66,64,2
225000132,72,14,58
225000133,101,17,84
225000134,212,48,164
225000135,6,7,-1
225000136,46,6,40
225000137,30,23,7
225000138,157,17,140
225000143,58,100,-42
225000144,1,214,-213
225000145,0,0,0
225000146,11,97,-86
225000147,8,262,-254
225000148,3,121,-118
225000149,21,210,-189
225000151,12,202,-190
225000155,78,185,-107
225000156,68,234,-166
225000157,35,140,-105
225000158,30,326,-296
225000171,0,96,-96
225000180,14,0,14
225000181,1,20,-19
225000182,12,2,10
225000185,6,149,-143
225000187,32,200,-168
225000191,0,1,-1
225000194,0,7,-7
225000208,0,32,-32
225000209,0,0,0
225000210,1,95,-94
225000217,0,14,-14
225000218,0,1,-1
225000223,0,27,-27
225000224,4,0,4
225000225,1,2,-1
225000226,26,0,26
225000227,13,23,-10
225000228,2,0,2
225000229,0,38,-38
225000230,6,0,6
225000231,1,63,-62
225000232,7,0,7
225000241,11,0,11
225000242,0,51,-51
225000249,0,0,0
225000250,24,573,-549
225000251,130,10,120
226000042,86,131,-45
226000043,92,225,-133
226000044,39,404,-365
226000045,64,583,-519
226000046,129,20,109
226000047,72,20,52
226000048,142,28,114
226000049,97,48,49
226000070,0,12,-12
226000071,0,16,-16
226000072,0,20,-20
226000073,0,2,-2
226000074,0,2,-2
226000084,2,19,-17
226000085,0,8,-8
226000086,0,2,-2
226000087,0,8,-8
226000088,3,7,-4
226000090,26,6,20
226000091,2,2,0
226000092,1,0,1
226000093,3,0,3
226000094,2,2,0
226000095,4,2,2
226000105,2,0,2
226000106,3,0,3
226000107,1,0,1
226000108,11,0,11
226000109,19,0,19
226000124,82,31,51
226000134,189,150,39
226000135,354,281,73
226000136,52,106,-54
226000137,2,122,-120
226000138,3,205,-202
226000139,0,29,-29
226000156,17,6,11
226000157,67,8,59
226000163,60,283,-223
226000202,7,349,-342
226000231,119,3,116
226000232,14,3,11
227000033,139,40,99
227000036,22,1,21
227000037,61,5,56
227000038,47,6,41
227000049,0,10,-10
227000050,2,48,-46
227000055,7,0,7
227000056,1,0,1
227000084,2,22,-20
227000085,0,19,-19
227000088,1,0,1
227000089,18,1,17
227000090,8,0,8
227000091,4,1,3
227000093,13,0,13
227000094,15,0,15
227000130,23,42,-19
227000131,4,240,-236
227000132,3,174,-171
227000133,9,232,-223
227000134,8,318,-310
227000152,0,1,-1
227000153,0,49,-49
227000155,0,5,-5
227000156,0,20,-20
227000165,1,31,-30
227000196,54,218,-164
227000199,20,233,-213
227000230,10,156,-146
227000232,16,3,13
227000241,71,9,62
227000242,36,301,-265
227000243,315,34,281
227000245,13,345,-332
227000246,31,276,-245
227000247,124,57,67
227000248,108,28,80
227000249,15,208,-193
227000250,327,118,209
227000251,93,286,-193
227000252,10,266,-256
227000253,39,18,21
227000262,165,9,156
227000266,27,2,25
227000267,35,733,-698
227000282,1,30,-29
227000284,5,1,4
227000286,0,8,-8
227000287,2,18,-16
227000291,0,69,-69
227000484,24,1,23
227000485,3,87,-84
227000655,19,3,16
227000656,38,1,37
227000657,3,2,1
227000661,9,0,9
227000680,38,7,31
229000265,0,9,-9
229000296,0,3,-3
229000297,0,11,-11
229000298,2,42,-40
229000320,1,4,-3
229000321,1,1,0
229000412,3,22,-19
229000414,2,14,-12
229000415,0,0,0
229000416,0,0,0
229000417,0,3,-3
229000419,18,140,-122
229000440,78,30,48
229000442,3,0,3
229000443,2,0,2
229000444,1,6,-5
229000445,3,2,1
229000446,18,16,2
229000847,10,0,10
229000848,2,0,2
229000849,89,0,89
229000851,9,1,8
229000854,0,36,-36
229000856,1,116,-115
229000857,0,22,-22
229000858,0,100,-100
229000919,0,50,-50
229000930,0,125,-125
229000937,100,16,84
229000966,43,22,21
229000981,6,41,-35
229000985,1,9,-8
229000986,0,0,0
229000987,0,1,-1
229000988,1,1,0
229000989,0,1,-1
229000990,0,0,0
229000991,0,0,0
229000992,1,1,0
229000993,51,5,46
229000998,11,8,3
229000999,19,1,18
229001034,0,3,-3
229001035,5,0,5
229001037,10,1,9
229001042,3,2,1
229001047,0,11,-11
229001050,16,23,-7
229001200,2,0,2
229001338,1,2,-1
229001394,270,2,268
229001422,213,16,197
229001423,10,98,-88
229001431,96,22,74
229001432,17,53,-36
229001444,11,22,-11
229001445,4,84,-80
229001503,152,79,73
229001504,34,133,-99
229001505,149,61,88
229001506,33,152,-119
229001509,8,10,-2
229001545,65,6,59
229001546,1,61,-60
229001553,39,12,27
229001554,10,70,-60
229001559,0,4,-4
229001560,0,3,-3
229001630,16,2,14
229001631,3,14,-11
229001635,0,2,-2
229001636,0,0,0
229001658,1,71,-70
229001659,83,4,79
229001660,1,0,1
229001661,0,8,-8
229001662,15,0,15
229001663,0,6,-6
229002584,33,46,-13
229002831,31,26,5
229002841,0,17,-17
229002842,1,4,-3
229002843,2,1,1
229002844,1,10,-9
229002845,0,36,-36
229002846,15,4,11
229002847,1,1,0
229002848,0,0,0
229002849,0,16,-16
229002850,0,1,-1
229002851,4,57,-53
229002852,2,8,-6
229002853,14,8,6
229002854,0,29,-29
229002855,0,44,-44
229002856,3,1,2
229002857,0,11,-11
229002858,0,2,-2
229002859,2,11,-9
229002860,1,2,-1
229002861,4,0,4
229002862,2,9,-7
229002863,0,6,-6
229002864,0,8,-8
229002865,0,5,-5
229002866,0,7,-7
229002867,0,6,-6
229002868,0,9,-9
229002869,1,38,-37
229002870,1,2,-1
235000066,84,25,59
235000067,32,28,4
235000072,25,29,-4
235000073,71,136,-65
235000074,8,37,-29
235000080,2,51,-49
235000081,40,139,-99
235000082,40,23,17
235000083,22,25,-3
235000084,3,13,-10
235000085,16,8,8
235000089,6,18,-12
235000092,6,107,-101
235000093,0,0,0
235000097,0,0,0
235000098,26,12,14
235000099,5,4,1
235000116,5,5,0
235000117,162,2,160
235000133,4,146,-142
235000134,1,45,-44
235000206,4,0,4
235000207,0,0,0
235000208,0,0,0
235000209,1,0,1
235000210,3,2,1
235000212,0,12,-12
235000213,1,5,-4
235000220,0,1,-1
235000238,1,3,-2
235000239,0,0,0
235000242,94,101,-7
235000245,735,99,636
235000246,1,37,-36
235000284,3,44,-41
235000295,0,0,0
235000305,0,0,0
235000306,0,0,0
235000307,0,0,0
235000308,0,0,0
235000309,0,0,0
235000310,0,0,0
235000311,0,1,-1
235000322,0,10,-10
235000323,0,14,-14
235000324,0,6,-6
235000325,0,12,-12
235000326,3,172,-169
235000351,0,27,-27
235000352,2,24,-22
235000353,0,7,-7
235000354,0,11,-11
235000355,0,31,-31
235000356,0,0,0
235000357,0,0,0
235000358,0,0,0
235000359,0,0,0
235000360,0,0,0
235000361,0,0,0
235000381,30,300,-270
235000382,30,25,5
235000390,11,0,11
235000391,35,12,23
235000392,33,75,-42
235000393,20,37,-17
235000395,30,41,-11
235000396,92,44,48
235000400,23,54,-31
235000401,4,118,-114
235000405,37,333,-296
235000406,14,204,-190
235000407,29,93,-64
235000409,189,102,87
235000410,29,131,-102
235000411,0,56,-56
235000485,0,5,-5
235000486,0,0,0
235000549,18,15,3
235000550,29,72,-43
235000599,45,47,-2
235000600,2,2,0
235000601,6,17,-11
235000602,20,43,-23
235000614,0,1,-1
235000648,1,26,-25
235000649,5,0,5
235000685,0,0,0
235000815,3,19,-16
235000834,0,1,-1
235000855,31,10,21
235000862,9,176,-167
235000891,0,7,-7
235000892,6,0,6
235000901,43,55,-12
235000907,4,1,3
235001010,4,23,-19
235001029,422,206,216
235001030,293,80,213
235001078,39,34,5
235001079,31,83,-52
235001147,4,19,-15
235001166,1,13,-12
235001167,1,45,-44
235001169,7,179,-172
235001188,3,6,-3
235001189,0,0,0
235001197,1,12,-11
235001200,24,13,11
235001207,73,19,54
235001210,21,254,-233
235001215,3,203,-200
235001239,2,37,-35
235001244,0,1,-1
235016267,0,4,-4
277102712,1,0,1
277103813,0,0,0
277103814,0,0,0
277104249,0,3,-3
277104250,0,2,-2
277104251,0,0,0
277104252,0,0,0
990011530,1,143,-142
990014944,1,305,-304
990015176,2,6,-4
990016032,0,136,-136
990032570,3,11,-8
990070001,0,1,-1
990070103,0,0,0
990070601,0,24,-24
990070751,32,19,13
990070766,1,557,-556
990071180,0,50,-50
990071343,0,0,0
990071387,0,3,-3
990071823,18,0,18
990072600,0,345,-345
990072964,1,375,-374
990073285,0,2,-2
990074393,4,459,-455
990074870,76,5,71
990075106,18,0,18
990075746,16,1,15
990076437,27,5,22
990076458,0,781,-781
997000007,2,1,1
997000041,0,70,-70
997000058,0,0,0
997000062,2,0,2
997000069,0,2,-2
997000070,0,19,-19
997000100,0,0,0
997000141,0,8,-8
997000198,16,20,-4
998000475,0,16,-16
998000736,0,158,-158
998000965,0,0,0
998001031,0,22,-22
998001700,1,20,-19
998001899,0,1,-1
998001900,16,7,9
998003073,11,3,8
998101900,0,0,0
998102850,0,47,-47
998501927,1,158,-157
998501929,30,2,28
998501930,23,0,23
998501931,15,17,-2
998501932,22,0,22
998501933,0,0,0
998501937,15,13,2
998501944,0,1,-1
998501950,0,24,-24
998501970,1,3,-2
998501971,0,48,-48
998501973,0,41,-41
998501974,0,142,-142
998501975,3,1,2
998501976,0,0,0
998501977,0,29,-29
998501978,0,0,0
998501979,1,6,-5
998501980,0,0,0
998501981,1,0,1
998501982,1,52,-51
998501983,0,2,-2
998502006,0,0,0
998502024,0,2,-2
998502032,0,1,-1
998502062,0,0,0
998502063,0,0,0
998502173,23,0,23
998502269,1,1,0
998502546,0,37,-37
998502578,0,1,-1
998502599,12,21,-9
998502621,0,0,0
998601159,0,150,-150
998601292,0,17,-17
999033574,3,488,-485
999800001,0,0,0
999800002,0,2,-2
999800003,3,0,3
999800004,0,6,-6
999800005,0,9,-9
