dong,insum,outsum,diff
강남구 개포1동,0,3,-3
강남구 개포2동,243,964,-721
강남구 개포4동,0,61,-61
강남구 논현1동,2127,1547,580
강남구 논현2동,65,86,-21
강남구 대치1동,882,793,89
강남구 대치2동,1441,1103,338
강남구 대치4동,1238,1079,159
강남구 도곡1동,615,686,-71
강남구 도곡2동,393,328,65
강남구 삼성1동,849,707,142
강남구 삼성2동,870,1024,-154
강남구 세곡동,478,1243,-765
강남구 수서동,861,467,394
강남구 신사동,142,164,-22
강남구 압구정동,352,366,-14
강남구 역삼1동,7694,3780,3914
강남구 역삼2동,928,1082,-154
강남구 일원1동,5,5,0
강남구 일원2동,2,3,-1
강남구 일원본동,364,712,-348
강남구 청담동,878,1028,-150
강동구 강일동,610,1753,-1143
강동구 고덕제1동,54,240,-186
강동구 고덕제2동,301,446,-145
강동구 길동,606,529,77
강동구 둔촌제1동,0,0,0
강동구 둔촌제2동,282,639,-357
강동구 명일제1동,662,828,-166
강동구 명일제2동,333,516,-183
강동구 상일동,1062,1056,6
강동구 성내제1동,113,393,-280
강동구 성내제2동,541,888,-347
강동구 성내제3동,504,762,-258
강동구 암사제1동,136,537,-401
강동구 암사제2동,0,0,0
강동구 암사제3동,0,0,0
강동구 천호제1동,173,296,-123
강동구 천호제2동,674,363,311
강동구 천호제3동,266,83,183
강북구 미아동,465,1383,-918
강북구 번1동,2779,4226,-1447
강북구 번2동,3,143,-140
강북구 번3동,27,244,-217
강북구 삼각산동,115,565,-450
강북구 삼양동,215,1072,-857
강북구 송중동,2799,3937,-1138
강북구 송천동,846,869,-23
강북구 수유1동,219,786,-567
강북구 수유2동,92,1008,-916
강북구 수유3동,1405,436,969
강북구 우이동,125,599,-474
강북구 월곡제1동,0,0,0
강북구 인수동,74,467,-393
강서구 가양제1동,309,394,-85
강서구 가양제2동,9,18,-9
강서구 가양제3동,1,4,-3
강서구 공항동,507,504,3
강서구 등촌제1동,258,871,-613
강서구 등촌제2동,176,374,-198
강서구 등촌제3동,242,697,-455
강서구 발산제1동,1539,1095,444
강서구 방화제1동,512,721,-209
강서구 방화제2동,471,308,163
강서구 방화제3동,2,86,-84
강서구 염창동,1,5,-4
강서구 우장산동,220,500,-280
강서구 화곡본동,8,6,2
강서구 화곡제1동,909,1721,-812
강서구 화곡제2동,1,11,-10
강서구 화곡제3동,501,429,72
강서구 화곡제4동,83,225,-142
강서구 화곡제6동,609,346,263
강서구 화곡제8동,251,507,-256
관악구 낙성대동,587,456,131
관악구 난곡동,13,21,-8
관악구 난향동,5,22,-17
관악구 남현동,2306,1513,793
관악구 대학동,43,50,-7
관악구 미성동,61,80,-19
관악구 보라매동,93,324,-231
관악구 삼성동,3,40,-37
관악구 서림동,13,19,-6
관악구 서원동,269,229,40
관악구 성현동,4,9,-5
관악구 신림동,1310,1604,-294
관악구 신사동,263,462,-199
관악구 신원동,0,0,0
관악구 은천동,161,383,-222
관악구 인헌동,80,191,-111
관악구 조원동,248,652,-404
관악구 중앙동,652,525,127
관악구 청룡동,275,297,-22
관악구 청림동,2,10,-8
관악구 행운동,357,732,-375
광진구 광장동,187,150,37
광진구 구의제1동,269,400,-131
광진구 구의제2동,203,592,-389
광진구 구의제3동,6,7,-1
광진구 군자동,1031,893,138
광진구 능동,1250,1359,-109
광진구 자양제1동,151,92,59
광진구 자양제2동,48,197,-149
광진구 자양제3동,3,4,-1
광진구 자양제4동,1277,1196,81
광진구 중곡제1동,726,843,-117
광진구 중곡제2동,205,873,-668
광진구 중곡제3동,174,448,-274
광진구 중곡제4동,3,5,-2
광진구 화양동,2153,1326,827
구로구 가리봉동,88,318,-230
구로구 개봉제1동,409,672,-263
구로구 개봉제2동,360,249,111
구로구 개봉제3동,0,7,-7
구로구 고척제1동,371,541,-170
구로구 고척제2동,93,522,-429
구로구 구로제1동,127,150,-23
구로구 구로제2동,97,329,-232
구로구 구로제3동,814,467,347
구로구 구로제4동,90,384,-294
구로구 구로제5동,135,340,-205
구로구 수궁동,236,443,-207
구로구 신도림동,1485,743,742
구로구 오류제1동,345,530,-185
구로구 오류제2동,0,0,0
구로구 항동,0,0,0
금천구 가산동,313,368,-55
금천구 독산제1동,161,745,-584
금천구 독산제2동,178,567,-389
금천구 독산제3동,460,429,31
금천구 독산제4동,228,179,49
금천구 미성동,0,0,0
금천구 시흥제1동,373,1265,-892
금천구 시흥제2동,1,6,-5
금천구 시흥제3동,69,295,-226
금천구 시흥제4동,1,0,1
금천구 시흥제5동,162,187,-25
노원구 공릉1동,1690,1650,40
노원구 공릉2동,10,9,1
노원구 상계10동,877,846,31
노원구 상계1동,315,986,-671
노원구 상계2동,802,87,715
노원구 상계3.4동,11,246,-235
노원구 상계5동,46,28,18
노원구 상계6.7동,1004,1130,-126
노원구 상계8동,38,494,-456
노원구 상계9동,82,259,-177
노원구 월계1동,413,854,-441
노원구 월계2동,37,259,-222
노원구 월계3동,123,275,-152
노원구 중계1동,38,189,-151
노원구 중계2.3동,565,833,-268
노원구 중계4동,24,82,-58
노원구 중계본동,13,105,-92
노원구 하계1동,355,972,-617
노원구 하계2동,495,798,-303
도봉구 도봉제1동,562,1263,-701
도봉구 도봉제2동,1120,3023,-1903
도봉구 방학제1동,1219,2745,-1526
도봉구 방학제2동,7,330,-323
도봉구 방학제3동,128,368,-240
도봉구 쌍문제1동,23,774,-751
도봉구 쌍문제2동,494,287,207
도봉구 쌍문제3동,128,45,83
도봉구 쌍문제4동,7,235,-228
도봉구 창제1동,938,1485,-547
도봉구 창제2동,144,1140,-996
도봉구 창제3동,17,25,-8
도봉구 창제4동,2,4,-2
도봉구 창제5동,516,2416,-1900
동대문구 답십리제1동,94,224,-130
동대문구 답십리제2동,174,278,-104
동대문구 면목제5동,0,1,-1
동대문구 용신동,2479,3523,-1044
동대문구 이문제1동,376,846,-470
동대문구 이문제2동,67,337,-270
동대문구 장안제1동,199,439,-240
동대문구 장안제2동,47,105,-58
동대문구 전농제1동,355,726,-371
동대문구 전농제2동,36,89,-53
동대문구 제기동,283,321,-38
동대문구 청량리동,1305,1790,-485
동대문구 회기동,419,768,-349
동대문구 휘경제1동,342,545,-203
동대문구 휘경제2동,779,2063,-1284
동작구 노량진제1동,473,661,-188
동작구 노량진제2동,216,421,-205
동작구 대방동,19,44,-25
동작구 사당제1동,1823,1073,750
동작구 사당제2동,974,892,82
동작구 사당제3동,1,3,-2
동작구 사당제4동,0,0,0
동작구 사당제5동,1,1,0
동작구 상도제1동,25,93,-68
동작구 상도제2동,150,298,-148
동작구 상도제3동,138,448,-310
동작구 상도제4동,1,3,-2
동작구 신대방제1동,6,11,-5
동작구 신대방제2동,204,435,-231
동작구 흑석동,215,277,-62
마포구 공덕동,293,340,-47
마포구 대흥동,198,254,-56
마포구 도화동,12,10,2
마포구 망원제1동,8,22,-14
마포구 망원제2동,5,48,-43
마포구 상암동,317,708,-391
마포구 서강동,13,19,-6
마포구 서교동,4890,2431,2459
마포구 성산제1동,30,70,-40
마포구 성산제2동,125,543,-418
마포구 신수동,6,9,-3
마포구 아현동,199,422,-223
마포구 연남동,32,32,0
마포구 염리동,0,3,-3
마포구 용강동,377,273,104
마포구 합정동,785,661,124
서대문구 남가좌제1동,328,599,-271
서대문구 남가좌제2동,17,69,-52
서대문구 북가좌제1동,174,420,-246
서대문구 북가좌제2동,77,312,-235
서대문구 북아현동,368,521,-153
서대문구 신촌동,3397,2365,1032
서대문구 연희동,548,1202,-654
서대문구 천연동,534,509,25
서대문구 충현동,668,816,-148
서대문구 홍은제1동,226,532,-306
서대문구 홍은제2동,23,99,-76
서대문구 홍제제1동,403,236,167
서대문구 홍제제2동,731,1578,-847
서대문구 홍제제3동,1,6,-5
서초구 내곡동,162,659,-497
서초구 반포1동,1353,1461,-108
서초구 반포2동,124,54,70
서초구 반포3동,764,88,676
서초구 반포4동,637,359,278
서초구 반포본동,485,394,91
서초구 방배1동,34,57,-23
서초구 방배2동,202,216,-14
서초구 방배3동,536,475,61
서초구 방배4동,278,221,57
서초구 방배본동,83,153,-70
서초구 서초1동,569,307,262
서초구 서초2동,1784,1656,128
서초구 서초3동,630,656,-26
서초구 서초4동,3898,1154,2744
서초구 양재1동,1135,1672,-537
서초구 양재2동,290,846,-556
서초구 잠원동,694,1353,-659
성동구 금호1가동,1,3,-2
성동구 금호2.3가동,0,2,-2
성동구 금호4가동,6,3,3
성동구 마장동,3,8,-5
성동구 사근동,92,66,26
성동구 성수1가제1동,8,11,-3
성동구 성수1가제2동,144,281,-137
성동구 성수2가제1동,40,36,4
성동구 성수2가제3동,327,420,-93
성동구 송정동,2,1,1
성동구 옥수동,4,6,-2
성동구 왕십리도선동,29,27,2
성동구 왕십리제2동,376,363,13
성동구 용답동,464,645,-181
성동구 응봉동,0,4,-4
성동구 행당제1동,413,245,168
성동구 행당제2동,3,15,-12
성북구 길음제1동,855,1251,-396
성북구 길음제2동,462,1473,-1011
성북구 돈암제1동,704,1426,-722
성북구 돈암제2동,1,27,-26
성북구 동선동,3216,2337,879
성북구 보문동,305,706,-401
성북구 삼선동,2219,1597,622
성북구 석관동,426,934,-508
성북구 성북동,158,135,23
성북구 안암동,3,2,1
성북구 월곡제1동,169,242,-73
성북구 월곡제2동,50,121,-71
성북구 장위제1동,20,326,-306
성북구 장위제2동,107,369,-262
성북구 장위제3동,69,174,-105
성북구 정릉제1동,121,409,-288
성북구 정릉제2동,159,636,-477
성북구 정릉제3동,59,177,-118
성북구 정릉제4동,62,1014,-952
성북구 종암동,150,254,-104
송파구 가락1동,41,172,-131
송파구 가락2동,17,184,-167
송파구 가락본동,1527,1739,-212
송파구 거여1동,2,29,-27
송파구 거여2동,1,72,-71
송파구 마천1동,0,3,-3
송파구 마천2동,1,16,-15
송파구 문정1동,32,267,-235
송파구 문정2동,4744,3639,1105
송파구 방이1동,11,60,-49
송파구 방이2동,338,256,82
송파구 삼전동,111,111,0
송파구 석촌동,1261,2525,-1264
송파구 송파1동,415,252,163
송파구 송파2동,116,79,37
송파구 오금동,5,69,-64
송파구 오륜동,161,176,-15
송파구 위례동,2037,2717,-680
송파구 잠실2동,328,150,178
송파구 잠실3동,1576,1348,228
송파구 잠실4동,0,9,-9
송파구 잠실6동,364,158,206
송파구 잠실7동,113,270,-157
송파구 잠실본동,1430,1236,194
송파구 장지동,267,330,-63
송파구 풍납1동,122,303,-181
송파구 풍납2동,32,227,-195
양천구 목1동,946,485,461
양천구 목2동,751,921,-170
양천구 목3동,629,916,-287
양천구 목4동,306,382,-76
양천구 목5동,8,25,-17
양천구 신월1동,2,154,-152
양천구 신월2동,124,356,-232
양천구 신월3동,16,23,-7
양천구 신월4동,165,524,-359
양천구 신월5동,58,140,-82
양천구 신월6동,2,8,-6
양천구 신월7동,163,616,-453
양천구 신정1동,12,20,-8
양천구 신정2동,0,0,0
양천구 신정3동,434,649,-215
양천구 신정4동,1354,1802,-448
양천구 신정6동,1,0,1
양천구 신정7동,2,11,-9
영등포구 당산제1동,373,194,179
영등포구 당산제2동,1159,1215,-56
영등포구 대림제1동,101,103,-2
영등포구 대림제2동,115,358,-243
영등포구 대림제3동,176,185,-9
영등포구 도림동,4,8,-4
영등포구 문래동,360,467,-107
영등포구 신길제1동,6,13,-7
영등포구 신길제3동,48,108,-60
영등포구 신길제4동,8,18,-10
영등포구 신길제5동,31,26,5
영등포구 신길제6동,2,8,-6
영등포구 신길제7동,8,41,-33
영등포구 양평제1동,145,189,-44
영등포구 양평제2동,90,233,-143
영등포구 여의동,444,390,54
영등포구 영등포동,2408,1584,824
영등포구 영등포본동,447,163,284
용산구 남영동,1270,906,364
용산구 보광동,22,98,-76
용산구 서빙고동,25,59,-34
용산구 용문동,4,10,-6
용산구 용산2가동,32,208,-176
용산구 원효로제1동,13,21,-8
용산구 원효로제2동,7,23,-16
용산구 이촌제1동,17,108,-91
용산구 이촌제2동,4,1,3
용산구 이태원제1동,113,146,-33
용산구 이태원제2동,74,248,-174
용산구 청파동,120,175,-55
용산구 필동,0,0,0
용산구 한강로동,1735,1155,580
용산구 한남동,1261,1995,-734
용산구 효창동,2,3,-1
용산구 후암동,21,109,-88
은평구 갈현제1동,104,295,-191
은평구 갈현제2동,176,339,-163
은평구 구산동,8,60,-52
은평구 녹번동,731,1892,-1161
은평구 대조동,796,2277,-1481
은평구 불광제1동,2442,2335,107
은평구 불광제2동,1123,1930,-807
은평구 수색동,572,694,-122
은평구 신사제1동,10,51,-41
은평구 신사제2동,14,30,-16
은평구 역촌동,22,20,2
은평구 응암제1동,39,112,-73
은평구 응암제2동,50,110,-60
은평구 응암제3동,58,133,-75
은평구 증산동,531,462,69
은평구 진관동,1285,2732,-1447
종로구 가회동,0,0,0
종로구 교남동,241,348,-107
종로구 무악동,615,242,373
종로구 부암동,18,28,-10
종로구 사직동,2182,1923,259
종로구 삼청동,0,4,-4
종로구 숭인제1동,0,0,0
종로구 숭인제2동,1514,1839,-325
종로구 이화동,974,634,340
종로구 종로1.2.3.4가동,12279,5986,6293
종로구 종로5.6가동,1699,1990,-291
종로구 창신제1동,2454,1909,545
종로구 창신제2동,724,604,120
종로구 창신제3동,20,55,-35
종로구 청운효자동,1,14,-13
종로구 충현동,154,95,59
종로구 평창동,17,43,-26
종로구 혜화동,1527,636,891
중구 광희동,5524,2742,2782
중구 다산동,568,349,219
중구 동화동,39,14,25
중구 명동,2064,1136,928
중구 소공동,2603,1547,1056
중구 신당동,518,459,59
중구 신당제5동,320,265,55
중구 약수동,63,178,-115
중구 을지로동,320,128,192
중구 장충동,92,178,-86
중구 중림동,446,216,230
중구 청구동,19,11,8
중구 필동,431,238,193
중구 황학동,125,90,35
중구 회현동,5268,2288,2980
중랑구 망우본동,704,1262,-558
중랑구 망우제3동,63,700,-637
중랑구 면목본동,351,969,-618
중랑구 면목제2동,566,1175,-609
중랑구 면목제3.8동,146,545,-399
중랑구 면목제4동,298,734,-436
중랑구 면목제5동,321,570,-249
중랑구 면목제7동,45,220,-175
중랑구 묵제1동,514,890,-376
중랑구 묵제2동,159,117,42
중랑구 상봉제1동,275,259,16
중랑구 상봉제2동,1516,1991,-475
중랑구 신내1동,325,1690,-1365
중랑구 신내2동,173,447,-274
중랑구 중화제1동,423,721,-298
중랑구 중화제2동,518,385,133
NA,37020,81029,-44009
