ID,insum,outsum,diff
100000001,404,234,170
100000002,1632,3199,-1567
100000003,2169,2889,-720
100000004,166,1046,-880
100000005,1920,2084,-164
100000006,271,331,-60
100000007,951,1018,-67
100000008,32,275,-243
100000009,118,684,-566
100000010,11,113,-102
100000011,126,65,61
100000012,44,136,-92
100000013,3,88,-85
100000014,33,390,-357
100000015,571,890,-319
100000016,75,934,-859
100000017,75,1264,-1189
100000018,350,220,130
100000019,950,1288,-338
100000020,576,2343,-1767
100000021,2218,703,1515
100000022,263,1664,-1401
100000023,1693,709,984
100000025,151,873,-722
100000028,267,831,-564
100000029,7,331,-324
100000030,40,8,32
100000031,1131,4086,-2955
100000032,782,2415,-1633
100000033,467,1801,-1334
100000034,51,609,-558
100000035,256,520,-264
100000036,175,766,-591
100000037,534,263,271
100000038,1705,675,1030
100000039,157,129,28
100000040,222,94,128
100000041,882,377,505
100000042,551,262,289
100000043,299,189,110
100000044,66,86,-20
100000045,106,193,-87
100000046,117,174,-57
100000047,62,151,-89
100000048,82,187,-105
100000049,600,536,64
100000051,271,191,80
100000053,74,1,73
100000054,147,4,143
100000055,285,164,121
100000056,160,272,-112
100000057,1324,209,1115
100000058,418,276,142
100000059,33,91,-58
100000060,467,221,246
100000061,1557,441,1116
100000062,755,485,270
100000063,595,228,367
100000064,956,295,661
100000065,198,344,-146
100000066,72,324,-252
100000067,158,211,-53
100000068,115,504,-389
100000069,126,510,-384
100000072,87,227,-140
100000073,579,448,131
100000075,431,46,385
100000076,753,3139,-2386
100000077,61,389,-328
100000078,0,24,-24
100000079,2,100,-98
100000080,3,65,-62
100000081,0,38,-38
100000102,1091,2757,-1666
100000103,827,1900,-1073
100000104,1625,1409,216
100000105,590,576,14
100000106,348,1709,-1361
100000107,56,648,-592
100000108,92,306,-214
100000109,255,603,-348
100000116,133,245,-112
100000117,12,61,-49
100000118,426,441,-15
100000119,666,597,69
100000121,91,349,-258
100000122,280,1146,-866
100000123,762,1131,-369
100000124,843,1551,-708
100000125,3159,2024,1135
100000126,355,342,13
100000127,547,415,132
100000128,105,1689,-1584
100000129,99,449,-350
100000130,542,135,407
100000131,413,700,-287
100000132,503,1095,-592
100000133,711,319,392
100000135,434,613,-179
100000139,101,530,-429
100000140,95,99,-4
100000142,459,292,167
100000143,403,154,249
100000144,886,196,690
100000147,779,3010,-2231
100000150,61,319,-258
100000151,99,888,-789
100000153,9,217,-208
100000154,1,352,-351
100000155,0,60,-60
100000156,12,146,-134
100000157,127,269,-142
100000158,119,181,-62
100000159,94,819,-725
100000165,456,224,232
100000169,10,866,-856
100000174,226,436,-210
100000179,10,373,-363
100000180,265,745,-480
100000181,93,112,-19
100000188,46,53,-7
100000189,411,173,238
100000190,148,612,-464
100000191,328,227,101
100000192,4,106,-102
100000193,187,92,95
100000330,197,498,-301
100000355,102,255,-153
100000362,1113,519,594
100000363,3964,4184,-220
100000364,81,185,-104
100000365,3841,5183,-1342
100000366,1034,534,500
100000367,3307,3798,-491
100000368,641,471,170
100000369,147,1278,-1131
100000370,57,647,-590
100000376,17,384,-367
100000379,263,1499,-1236
100000380,1422,3708,-2286
100000384,2879,3797,-918
100000385,520,2294,-1774
100000386,822,3069,-2247
100000387,1166,3520,-2354
100000388,953,2337,-1384
100000389,1890,3320,-1430
100000390,1263,1476,-213
100000391,1532,4589,-3057
100000392,335,1024,-689
100000393,348,2225,-1877
100000394,769,2485,-1716
100000395,437,2157,-1720
100000396,619,1103,-484
100000397,695,3517,-2822
100000398,4023,2071,1952
100000413,0,3,-3
100900002,15,1,14
100900003,385,265,120
100900004,3,104,-101
100900005,156,1,155
100900006,31,14,17
100900007,76,0,76
100900008,0,65,-65
100900009,4,15,-11
100900010,51,2,49
100900011,107,92,15
100900012,0,28,-28
100900013,688,14,674
100900014,0,0,0
100900015,20,12,8
100900016,0,26,-26
100900017,675,20,655
100900018,0,12,-12
100900019,4,21,-17
100900020,177,0,177
100900021,270,3,267
100900022,3,9,-6
100900023,0,5,-5
100900024,139,1,138
100900025,0,0,0
100900026,114,22,92
100900027,143,1307,-1164
100900028,77,126,-49
100900029,43,0,43
100900030,2,33,-31
100900031,632,24,608
100900032,235,0,235
100900033,51,159,-108
100900034,849,0,849
100900035,115,0,115
100900036,0,0,0
100900037,168,22,146
100900038,7,15,-8
100900039,149,109,40
100900040,571,162,409
100900041,873,27,846
100900042,49,2296,-2247
100900043,1,8,-7
100900044,428,283,145
100900045,0,0,0
100900046,646,5,641
100900047,497,98,399
100900048,64,5,59
100900049,10,16,-6
100900050,0,7,-7
100900051,24,41,-17
100900052,129,14,115
100900053,467,9,458
100900054,1,28,-27
100900055,151,732,-581
100900056,2,12,-10
100900057,896,72,824
100900058,167,54,113
100900059,67,0,67
100900060,233,9,224
100900061,24,124,-100
100900062,4,7,-3
100900063,120,501,-381
100900064,277,5,272
100900065,39,116,-77
100900066,104,22,82
100900067,5,0,5
100900068,59,99,-40
100900069,53,0,53
100900070,362,1,361
100900071,90,18,72
100900072,1,6,-5
100900073,54,134,-80
100900074,2,0,2
100900075,421,41,380
100900076,0,11,-11
100900077,40,4,36
100900078,49,92,-43
100900079,0,8,-8
100900080,85,74,11
100900081,11,107,-96
100900082,160,43,117
100900083,1,6,-5
100900085,0,166,-166
100900086,10,203,-193
100900088,95,92,3
100900089,0,46,-46
100900090,12,202,-190
100900091,2,4,-2
100900092,36,117,-81
100900093,274,206,68
100900094,65,30,35
100900095,5,26,-21
100900096,10,39,-29
100900097,1,1,0
100900098,36,2,34
100900099,2,128,-126
100900100,1,60,-59
100900101,142,1,141
100900102,2,56,-54
100900103,2,1,1
100900104,4,53,-49
100900105,1,57,-56
100900106,7,3,4
100900107,671,231,440
100900108,0,6,-6
100900109,21,27,-6
100900110,1,7,-6
100900111,8,70,-62
100900112,1,4,-3
100900113,13,48,-35
100900114,17,19,-2
100900115,7,4,3
100900116,305,191,114
100900117,70,841,-771
100900118,1,20,-19
100900119,3,25,-22
100900120,21,0,21
100900121,223,155,68
100900122,20,27,-7
100900123,139,7,132
100900124,4,4,0
100900125,1,5,-4
100900126,221,13,208
100900127,3,1,2
100900128,35,87,-52
100900129,0,157,-157
100900131,4,24,-20
100900133,41,2,39
100900134,2,0,2
100900135,0,110,-110
100900137,52,31,21
100900138,90,94,-4
100900139,0,3,-3
100900140,0,33,-33
100900141,0,199,-199
100900142,0,5,-5
100900143,132,102,30
100900144,3,2,1
100900145,11,48,-37
100900146,0,29,-29
100900147,4,641,-637
100900148,14,95,-81
100900149,2,308,-306
100900150,0,44,-44
100900151,14,158,-144
100900152,27,0,27
100900153,2,220,-218
100900154,10,22,-12
100900155,21,7,14
100900156,4,0,4
100900157,6,166,-160
100900159,0,3,-3
100900160,26,0,26
100900161,1,0,1
100900162,18,104,-86
100900163,26,12,14
100900164,43,0,43
100900165,86,37,49
100900166,0,0,0
100900167,15,7,8
100900168,2,27,-25
100900169,17,222,-205
100900170,8,0,8
100900171,1,186,-185
100900172,1,183,-182
100900173,1,39,-38
100900174,2,14,-12
100900176,428,30,398
100900177,126,86,40
100900178,103,138,-35
100900179,53,49,4
100900180,0,0,0
100900181,3,6,-3
100900182,6,8,-2
100900184,4,34,-30
100900186,140,71,69
100900187,55,44,11
100900188,65,1,64
100900189,1040,204,836
100900191,102,542,-440
100900192,33,133,-100
100900195,29,73,-44
100900197,21,43,-22
100900198,7,9,-2
100900199,2,1,1
100900200,326,73,253
100900201,0,312,-312
100900202,29,0,29
100900203,0,48,-48
100900204,25,57,-32
100900205,26,452,-426
100900206,147,103,44
100900207,153,33,120
100900210,9,31,-22
100900211,68,68,0
100900213,38,21,17
100900214,83,36,47
100900215,10,4,6
100900217,58,32,26
101000001,865,1333,-468
101000002,2592,3309,-717
101000003,84,535,-451
101000004,2465,4644,-2179
101000005,1478,3492,-2014
101000006,2540,6339,-3799
101000007,679,2714,-2035
101000008,968,1387,-419
101000009,1180,330,850
101000010,494,265,229
101000011,341,161,180
101000012,134,243,-109
101000013,243,661,-418
101000014,205,230,-25
101000015,1693,636,1057
101000016,93,349,-256
101000017,135,209,-74
101000018,811,1794,-983
101000020,731,350,381
101000021,213,199,14
101000022,21,94,-73
101000023,365,470,-105
101000025,188,314,-126
101000026,241,26,215
101000027,813,1837,-1024
101000028,477,271,206
101000029,11,513,-502
101000030,286,141,145
101000031,27,528,-501
101000032,1077,2551,-1474
101000033,498,2153,-1655
101000034,201,1705,-1504
101000035,79,213,-134
101000036,131,1074,-943
101000037,389,1985,-1596
101000039,803,1195,-392
101000040,1134,2658,-1524
101000041,923,3514,-2591
101000042,6,526,-520
101000043,1528,2824,-1296
101000045,102,589,-487
101000046,438,1246,-808
101000047,430,2265,-1835
101000048,155,218,-63
101000049,191,574,-383
101000050,133,842,-709
101000051,262,1041,-779
101000052,708,928,-220
101000053,161,558,-397
101000054,356,236,120
101000055,521,921,-400
101000056,0,118,-118
101000057,278,1249,-971
101000058,285,848,-563
101000059,780,1917,-1137
101000060,810,562,248
101000061,64,1641,-1577
101000062,82,355,-273
101000063,77,840,-763
101000064,124,642,-518
101000065,74,501,-427
101000066,182,915,-733
101000067,172,391,-219
101000068,85,227,-142
101000069,106,27,79
101000070,257,318,-61
101000071,1593,719,874
101000072,231,1105,-874
101000073,209,1049,-840
101000074,975,1682,-707
101000075,1257,1083,174
101000077,1126,1031,95
101000078,412,436,-24
101000079,624,793,-169
101000080,715,303,412
101000081,801,829,-28
101000082,942,866,76
101000083,1986,1079,907
101000084,490,219,271
101000085,1055,688,367
101000086,475,483,-8
101000087,412,446,-34
101000088,997,544,453
101000089,485,745,-260
101000090,674,316,358
101000091,287,211,76
101000092,1413,454,959
101000093,580,241,339
101000094,324,253,71
101000095,284,335,-51
101000096,368,173,195
101000097,130,246,-116
101000098,204,336,-132
101000099,209,491,-282
101000100,540,870,-330
101000101,59,353,-294
101000102,178,513,-335
101000103,184,459,-275
101000104,132,568,-436
101000105,194,384,-190
101000106,114,1541,-1427
101000107,157,171,-14
101000108,233,30,203
101000109,326,83,243
101000110,6,96,-90
101000111,43,50,-7
101000113,48,493,-445
101000114,1018,2779,-1761
101000115,2,3,-1
101000116,0,1,-1
101000117,180,32,148
101000119,25,71,-46
101000120,14,84,-70
101000121,11,42,-31
101000122,30,86,-56
101000123,11,51,-40
101000124,679,441,238
101000125,56,86,-30
101000128,72,575,-503
101000130,70,105,-35
101000131,771,180,591
101000132,383,220,163
101000135,0,47,-47
101000136,22,86,-64
101000137,4,227,-223
101000141,291,2789,-2498
101000147,724,168,556
101000148,359,4,355
101000149,5,27,-22
101000150,94,135,-41
101000151,273,22,251
101000152,129,148,-19
101000153,154,73,81
101000154,454,243,211
101000155,424,95,329
101000156,14,171,-157
101000157,7,15,-8
101000160,3,1,2
101000163,32,497,-465
101000164,191,90,101
101000165,121,284,-163
101000166,57,136,-79
101000168,721,184,537
101000252,1668,343,1325
101000254,15,13,2
101000258,74,2,72
101000261,93,55,38
101000262,546,3167,-2621
101000263,171,675,-504
101000265,18,370,-352
101000266,111,122,-11
101000269,5,12,-7
101000290,78,1806,-1728
101000293,3,3,0
101000294,145,159,-14
101000295,166,147,19
101000301,113,495,-382
101000304,874,1549,-675
101000305,1472,636,836
101000328,47,858,-811
101900001,4,73,-69
101900002,0,7,-7
101900003,65,17,48
101900004,0,9,-9
101900005,586,2012,-1426
101900006,546,28,518
101900007,91,98,-7
101900008,9,131,-122
101900009,18,252,-234
101900010,168,379,-211
101900011,61,589,-528
101900012,82,16,66
101900013,101,42,59
101900017,13,71,-58
101900018,319,144,175
101900019,24,15,9
101900020,56,11,45
101900021,0,10,-10
101900022,81,195,-114
101900023,76,47,29
101900026,25,22,3
101900027,2,68,-66
102000001,1888,3377,-1489
102000002,1393,589,804
102000003,879,3384,-2505
102000004,1200,1606,-406
102000005,402,1953,-1551
102000006,274,771,-497
102000007,611,2522,-1911
102000008,2042,698,1344
102000009,3929,4320,-391
102000010,1791,1130,661
102000011,2752,2570,182
102000012,2033,1561,472
102000018,1466,1733,-267
102000019,1076,782,294
102000026,139,247,-108
102000029,133,96,37
102000030,88,258,-170
102000031,55,63,-8
102000032,338,167,171
102000033,244,213,31
102000034,190,144,46
102000035,371,190,181
102000036,1,137,-136
102000037,39,13,26
102000038,40,63,-23
102000039,14,51,-37
102000040,103,89,14
102000041,12,251,-239
102000042,15,240,-225
102000043,16,125,-109
102000044,180,517,-337
102000045,297,590,-293
102000046,885,313,572
102000047,367,297,70
102000048,269,210,59
102000049,562,324,238
102000050,387,841,-454
102000051,118,234,-116
102000052,580,620,-40
102000053,484,626,-142
102000054,544,284,260
102000055,422,125,297
102000056,783,123,660
102000057,707,248,459
102000058,331,294,37
102000059,310,433,-123
102000060,577,757,-180
102000061,971,750,221
102000062,1551,601,950
102000063,554,786,-232
102000064,345,445,-100
102000065,21,122,-101
102000066,437,292,145
102000067,1269,2190,-921
102000068,3280,1535,1745
102000069,34,976,-942
102000070,1040,8,1032
102000071,3373,6307,-2934
102000072,1232,1506,-274
102000073,212,274,-62
102000074,297,234,63
102000075,87,79,8
102000076,182,60,122
102000077,433,189,244
102000078,823,103,720
102000079,48,33,15
102000080,177,55,122
102000081,66,349,-283
102000082,262,229,33
102000083,422,73,349
102000084,698,68,630
102000085,685,205,480
102000086,1089,347,742
102000087,234,380,-146
102000088,290,108,182
102000089,917,168,749
102000090,122,582,-460
102000091,668,301,367
102000092,79,312,-233
102000093,438,467,-29
102000094,213,87,126
102000095,220,510,-290
102000096,108,110,-2
102000097,210,158,52
102000098,113,79,34
102000099,365,312,53
102000100,61,255,-194
102000101,69,230,-161
102000102,77,407,-330
102000103,1093,246,847
102000104,223,205,18
102000105,98,155,-57
102000106,394,97,297
102000107,1281,107,1174
102000108,251,130,121
102000109,261,157,104
102000110,722,344,378
102000111,1,229,-228
102000112,61,90,-29
102000113,5,9,-4
102000114,508,289,219
102000115,142,140,2
102000116,165,491,-326
102000117,29,275,-246
102000118,517,1334,-817
102000119,343,766,-423
102000120,127,254,-127
102000121,491,153,338
102000122,321,512,-191
102000123,469,294,175
102000124,563,593,-30
102000125,281,177,104
102000126,226,277,-51
102000127,640,159,481
102000128,375,354,21
102000129,531,188,343
102000130,249,410,-161
102000131,516,402,114
102000132,253,584,-331
102000133,2327,528,1799
102000134,675,334,341
102000135,146,446,-300
102000136,431,266,165
102000137,165,148,17
102000138,98,54,44
102000139,99,105,-6
102000140,72,112,-40
102000141,24,398,-374
102000142,120,335,-215
102000143,145,89,56
102000144,211,59,152
102000145,163,79,84
102000146,211,68,143
102000147,191,184,7
102000148,47,147,-100
102000149,212,52,160
102000150,394,20,374
102000151,84,26,58
102000152,234,142,92
102000153,383,241,142
102000154,93,231,-138
102000155,19,249,-230
102000156,157,68,89
102000157,21,157,-136
102000158,109,325,-216
102000159,441,634,-193
102000161,979,1041,-62
102000162,77,81,-4
102000163,69,215,-146
102000164,127,426,-299
102000165,93,49,44
102000166,9,82,-73
102000167,65,80,-15
102000168,55,125,-70
102000169,20,441,-421
102000170,199,42,157
102000171,1,66,-65
102000172,4,167,-163
102000173,243,218,25
102000174,57,27,30
102000175,77,22,55
102000176,13,18,-5
102000178,91,350,-259
102000179,248,127,121
102000180,563,156,407
102000181,761,160,601
102000182,447,192,255
102000183,1125,415,710
102000184,974,296,678
102000185,1708,278,1430
102000186,769,395,374
102000187,493,230,263
102000188,826,468,358
102000189,784,132,652
102000190,255,1149,-894
102000191,407,183,224
102000192,557,574,-17
102000193,31,61,-30
102000194,19,97,-78
102000195,485,180,305
102000196,200,163,37
102000197,866,104,762
102000198,84,112,-28
102000199,813,86,727
102000200,143,192,-49
102000201,1065,210,855
102000202,0,17,-17
102000203,204,77,127
102000204,462,177,285
102000205,709,149,560
102000206,198,87,111
102000207,346,226,120
102000208,215,230,-15
102000209,33,25,8
102000210,371,46,325
102000211,410,80,330
102000212,370,21,349
102000213,1,59,-58
102000214,503,2,501
102000215,6,100,-94
102000216,142,80,62
102000217,2,27,-25
102000218,107,119,-12
102000219,43,28,15
102000225,129,427,-298
102000226,127,135,-8
102000227,43,0,43
102000228,0,13,-13
102000229,28,47,-19
102000230,153,207,-54
102000231,191,282,-91
102000232,41,160,-119
102000233,335,131,204
102000234,28,535,-507
102000236,92,16,76
102000237,275,66,209
102000238,84,148,-64
102000240,39,239,-200
102000241,84,11,73
102000243,1,23,-22
102000245,2,53,-51
102000246,20,79,-59
102000247,118,211,-93
102000248,295,552,-257
102000249,101,38,63
102000250,28,71,-43
102000254,413,50,363
102000266,1,41,-40
102000271,38,22,16
102000286,150,226,-76
102000297,772,392,380
102000301,0,0,0
102000303,0,0,0
102000305,0,0,0
102000307,0,0,0
102900001,631,152,479
102900002,126,12,114
102900003,53,54,-1
102900005,192,123,69
102900006,223,31,192
102900007,334,1,333
102900008,101,7,94
102900009,84,91,-7
102900010,85,502,-417
102900011,366,110,256
102900012,159,33,126
102900013,18,6,12
102900015,396,192,204
102900016,70,7,63
102900017,129,49,80
102900018,21,13,8
102900019,90,173,-83
102900020,117,3,114
102900021,31,4,27
102900022,13,9,4
102900023,2,0,2
102900024,38,15,23
102900025,17,13,4
102900026,119,974,-855
102900027,75,20,55
102900028,24,452,-428
102900029,6,142,-136
102900030,146,213,-67
102900031,136,11,125
102900032,65,11,54
102900033,48,69,-21
102900034,400,10,390
102900035,87,75,12
102900036,126,101,25
102900037,39,87,-48
102900038,92,66,26
102900039,96,303,-207
102900040,45,57,-12
102900041,13,37,-24
102900042,54,43,11
102900043,117,17,100
102900044,226,426,-200
102900045,84,132,-48
102900046,203,43,160
102900047,57,149,-92
102900048,143,78,65
102900049,41,70,-29
102900050,40,83,-43
102900051,68,55,13
102900053,111,67,44
102900054,64,352,-288
102900055,32,189,-157
102900056,12,75,-63
102900057,4,27,-23
102900058,213,35,178
102900059,5,2,3
102900060,21,120,-99
102900061,75,65,10
102900062,173,160,13
102900063,1120,67,1053
102900064,9,169,-160
102900065,357,89,268
102900066,112,2,110
102900068,13,71,-58
102900070,136,116,20
102900072,2,12,-10
102900073,3,0,3
102900075,0,19,-19
102900076,1,19,-18
102900077,5,2,3
102900078,1,4,-3
102900079,68,0,68
102900080,231,2,229
102900081,11,65,-54
102900082,6,15,-9
102900083,19,0,19
102900084,0,1,-1
102900085,37,4,33
102900086,0,2,-2
102900087,92,57,35
102900088,11,11,0
102900089,118,24,94
102900090,0,14,-14
102900091,137,2,135
102900092,251,70,181
102900094,0,4,-4
102900095,42,1,41
102900096,32,5,27
102900097,1,21,-20
103000001,1562,1325,237
103000002,1798,1712,86
103000003,1663,1301,362
103000004,530,268,262
103000005,870,1957,-1087
103000006,612,898,-286
103000007,217,147,70
103000008,589,378,211
103000009,973,693,280
103000010,173,27,146
103000011,767,355,412
103000012,695,867,-172
103000013,1315,689,626
103000014,734,1454,-720
103000015,640,331,309
103000016,293,794,-501
103000017,126,550,-424
103000018,196,155,41
103000019,167,354,-187
103000020,919,877,42
103000021,1494,2362,-868
103000022,275,657,-382
103000023,599,1322,-723
103000024,29,49,-20
103000025,44,807,-763
103000026,127,46,81
103000027,77,495,-418
103000028,170,142,28
103000029,60,122,-62
103000030,749,829,-80
103000031,508,1779,-1271
103000032,1145,450,695
103000033,2503,1995,508
103000034,572,373,199
103000035,96,615,-519
103000036,87,171,-84
103000037,384,256,128
103000038,165,458,-293
103000039,221,146,75
103000040,549,303,246
103000041,995,719,276
103000042,726,90,636
103000043,520,312,208
103000044,230,60,170
103000046,124,193,-69
103000047,413,150,263
103000048,172,55,117
103000049,55,50,5
103000050,439,63,376
103000051,500,188,312
103000052,464,86,378
103000053,178,104,74
103000054,983,130,853
103000055,1002,503,499
103000056,450,475,-25
103000057,1021,124,897
103000058,431,125,306
103000059,487,271,216
103000060,426,139,287
103000061,507,356,151
103000062,354,82,272
103000063,812,448,364
103000064,72,23,49
103000065,3,111,-108
103000066,97,3,94
103000069,135,92,43
103000070,311,111,200
103000071,803,379,424
103000072,129,165,-36
103000073,538,52,486
103000074,544,34,510
103000075,23,156,-133
103000076,183,416,-233
103000077,2,163,-161
103000078,443,401,42
103000079,148,438,-290
103000080,222,190,32
103000081,156,949,-793
103000082,313,120,193
103000083,51,123,-72
103000084,71,4,67
103000085,0,65,-65
103000086,368,291,77
103000087,71,584,-513
103000088,159,278,-119
103000089,141,591,-450
103000090,2794,1050,1744
103000091,573,407,166
103000092,124,94,30
103000093,126,290,-164
103000094,162,61,101
103000095,35,173,-138
103000096,298,4,294
103000097,12,356,-344
103000098,314,12,302
103000099,53,229,-176
103000100,139,153,-14
103000101,989,25,964
103000102,102,80,22
103000103,464,43,421
103000104,115,22,93
103000105,125,27,98
103000106,10,91,-81
103000107,156,39,117
103000108,922,736,186
103000109,290,656,-366
103000110,353,764,-411
103000111,284,272,12
103000112,127,158,-31
103000113,122,530,-408
103000114,900,286,614
103000115,665,583,82
103000116,712,248,464
103000117,414,309,105
103000118,188,209,-21
103000119,422,147,275
103000120,29,136,-107
103000121,31,139,-108
103000122,344,765,-421
103000125,5,50,-45
103000126,414,0,414
103000127,0,68,-68
103000128,111,1,110
103000129,1,77,-76
103000130,21,14,7
103000131,33,68,-35
103000132,35,42,-7
103000133,5,152,-147
103000134,147,486,-339
103000135,264,187,77
103000136,167,130,37
103000137,128,449,-321
103000138,277,414,-137
103000139,0,23,-23
103000140,40,16,24
103000141,25,15,10
103000142,25,38,-13
103000143,25,101,-76
103000144,173,20,153
103000145,4,108,-104
103000150,51,19,32
103000152,40,189,-149
103000153,107,177,-70
103000156,1,120,-119
103000157,245,0,245
103000159,127,10,117
103000162,10,10,0
103000163,5,16,-11
103000164,24,8,16
103000165,48,84,-36
103000166,237,299,-62
103000167,132,81,51
103000168,101,65,36
103000169,179,491,-312
103000170,1329,152,1177
103000171,21,19,2
103000172,574,62,512
103000173,448,110,338
103000174,315,171,144
103000175,205,65,140
103000176,415,478,-63
103000177,135,236,-101
103000178,49,123,-74
103000179,48,8,40
103000183,291,9,282
103000185,120,37,83
103000186,219,45,174
103000187,788,72,716
103000188,14,46,-32
103000189,341,397,-56
103000191,152,92,60
103000292,317,796,-479
103000293,258,1798,-1540
103000295,53,32,21
103000296,36,1,35
103000297,1,0,1
103000504,38,7,31
103000505,0,0,0
103000506,2,66,-64
103000507,105,2,103
103000508,25,33,-8
103000509,148,207,-59
103900001,42,25,17
103900002,223,28,195
103900003,263,77,186
103900004,39,0,39
103900005,0,13,-13
103900006,2,2,0
103900007,116,2,114
103900008,1,0,1
103900009,187,51,136
103900010,165,21,144
103900011,213,16,197
103900012,3,81,-78
103900013,34,4,30
103900014,84,6,78
103900015,62,3,59
103900016,25,9,16
103900017,15,41,-26
103900018,76,9,67
103900019,3,220,-217
103900020,94,247,-153
103900021,78,4,74
103900022,253,100,153
103900023,199,1,198
103900024,12,55,-43
103900025,3,1,2
103900026,0,0,0
103900027,169,43,126
103900028,16,113,-97
103900029,716,83,633
103900030,160,94,66
103900031,40,0,40
103900032,109,126,-17
103900033,22,8,14
103900034,26,21,5
103900035,10,32,-22
103900036,14,45,-31
103900037,41,9,32
103900038,18,150,-132
103900039,140,65,75
103900040,15,90,-75
103900041,64,4,60
103900042,146,66,80
103900043,307,11,296
103900044,16,211,-195
103900045,199,153,46
103900047,101,4,97
103900048,1,5,-4
103900049,22,440,-418
103900050,7,92,-85
103900051,0,46,-46
103900052,112,154,-42
103900053,232,62,170
103900054,83,33,50
103900055,229,105,124
103900056,7,0,7
103900057,52,15,37
103900058,288,67,221
103900059,0,27,-27
103900060,81,21,60
103900061,223,31,192
103900062,206,84,122
103900063,2,0,2
103900064,121,1,120
103900065,98,120,-22
103900066,230,46,184
103900067,173,2,171
103900068,0,0,0
103900069,41,1,40
103900070,75,79,-4
103900071,2,37,-35
103900072,8,80,-72
103900073,37,19,18
103900074,38,3,35
103900075,177,39,138
103900076,584,151,433
103900077,2,65,-63
103900078,155,44,111
103900079,37,6,31
103900080,2,2,0
103900081,5,10,-5
103900082,35,42,-7
103900083,476,1033,-557
103900084,10,43,-33
103900085,19,61,-42
103900086,664,75,589
103900088,86,186,-100
103900089,8,80,-72
103900090,6,23,-17
103900091,271,41,230
103900092,488,169,319
103900093,9,88,-79
103900094,9,18,-9
103900095,80,109,-29
103900096,56,11,45
103900097,6,59,-53
103900098,109,35,74
103900099,143,8,135
103900100,242,23,219
103900101,144,198,-54
103900102,5,8,-3
103900104,0,3,-3
103900105,0,2,-2
103900106,0,140,-140
103900107,208,38,170
103900108,39,34,5
103900109,93,14,79
103900110,90,22,68
103900111,130,90,40
103900112,5,7,-2
103900113,36,77,-41
103900114,223,106,117
103900115,60,68,-8
103900116,361,839,-478
103900117,45,2,43
103900119,40,191,-151
103900120,47,23,24
103900122,188,57,131
103900123,123,353,-230
103900124,7,54,-47
103900125,126,22,104
103900126,431,18,413
103900127,71,52,19
103900128,132,7,125
103900131,11,36,-25
103900133,537,6,531
103900134,0,8,-8
103900135,2,1,1
103900137,0,1,-1
103900138,200,58,142
103900139,82,1779,-1697
103900140,1,332,-331
103900141,68,19,49
103900142,427,28,399
103900143,103,0,103
103900144,0,2,-2
103900145,117,45,72
103900146,207,54,153
103900147,246,21,225
103900148,197,29,168
103900149,204,102,102
103900150,1223,2531,-1308
103900151,0,5,-5
103900152,663,52,611
103900153,10,2,8
103900154,51,1242,-1191
103900155,6,43,-37
103900156,8,13,-5
103900157,76,24,52
103900158,190,10,180
103900159,187,1,186
103900160,9,18,-9
103900161,32,49,-17
103900162,41,10,31
103900163,2,63,-61
103900167,0,93,-93
103900168,35,16,19
103900169,27,29,-2
103900170,0,13,-13
103900171,0,3,-3
103900172,0,1,-1
103900173,8,1,7
103900174,159,3,156
103900175,3,160,-157
103900176,0,5,-5
103900177,2,0,2
103900178,39,1,38
103900179,31,3,28
103900180,0,7,-7
103900181,16,8,8
103900182,1,1,0
103900184,36,4,32
103900185,7,341,-334
103900187,23,46,-23
103900188,30,37,-7
103900189,70,0,70
103900190,56,8,48
103900191,8,29,-21
103900192,40,33,7
103900193,9,4,5
103900194,7,19,-12
103900195,0,53,-53
103900196,39,21,18
103900197,1,3,-2
103900198,0,1,-1
103900199,163,24,139
103900200,168,21,147
103900201,25,8,17
103900202,0,13,-13
103900203,44,26,18
103900204,0,1,-1
103900207,0,12,-12
103900208,64,0,64
103900209,1,1,0
103900210,27,7,20
103900211,438,44,394
103900212,17,11,6
103900213,3,70,-67
103900214,46,175,-129
103900215,64,114,-50
103900216,4,37,-33
103900217,131,19,112
103900218,0,130,-130
103900219,294,9,285
103900233,51,2,49
103900235,39,36,3
103900236,7,9,-2
103900242,10,0,10
103900243,0,0,0
103900244,50,39,11
103900245,64,11,53
103900246,1,13,-12
103900247,3,13,-10
103900248,1,6,-5
103900249,0,105,-105
103900250,5,5,0
103900251,0,14,-14
103900253,0,7,-7
103900254,1,5,-4
103900255,1,1,0
103900256,15,24,-9
103900257,29,64,-35
103900258,2,0,2
103900259,3,0,3
103900261,1,6,-5
103900262,4,1,3
103900263,15,6,9
103900264,1,0,1
103900265,0,1,-1
103900266,2,33,-31
103900267,1,14,-13
103900268,15,13,2
103900269,98,10,88
103900270,31,33,-2
103900271,31,12,19
103900272,6,1,5
103900273,23,0,23
103900274,45,0,45
103900275,34,0,34
103900276,0,0,0
103900277,2,0,2
103900278,0,5,-5
103900279,0,31,-31
103900280,0,2,-2
104000001,1490,948,542
104000002,1268,1132,136
104000003,1206,934,272
104000004,1736,1108,628
104000005,1226,1058,168
104000006,1781,1280,501
104000007,3052,2167,885
104000008,191,129,62
104000009,263,128,135
104000010,98,239,-141
104000011,125,143,-18
104000012,100,129,-29
104000013,171,291,-120
104000014,140,119,21
104000015,195,51,144
104000016,130,109,21
104000018,635,73,562
104000019,547,134,413
104000020,34,165,-131
104000021,208,110,98
104000022,134,187,-53
104000023,1003,222,781
104000024,107,128,-21
104000026,28,67,-39
104000027,224,82,142
104000028,532,238,294
104000029,199,135,64
104000030,422,319,103
104000031,874,99,775
104000032,105,100,5
104000033,689,133,556
104000034,212,94,118
104000035,859,107,752
104000036,709,237,472
104000037,70,99,-29
104000038,305,163,142
104000039,172,55,117
104000040,36,254,-218
104000041,499,180,319
104000042,206,133,73
104000043,161,84,77
104000044,195,242,-47
104000045,378,206,172
104000046,186,357,-171
104000047,274,323,-49
104000048,455,485,-30
104000049,371,246,125
104000050,89,396,-307
104000051,76,176,-100
104000052,1195,802,393
104000053,721,252,469
104000054,295,52,243
104000055,1373,813,560
104000056,328,108,220
104000057,245,97,148
104000058,723,600,123
104000059,479,521,-42
104000060,922,869,53
104000061,666,524,142
104000062,287,54,233
104000064,404,126,278
104000065,38,300,-262
104000069,186,947,-761
104000070,18,324,-306
104000071,85,50,35
104000072,432,90,342
104000075,3,92,-89
104000076,298,43,255
104000082,1208,1532,-324
104000083,276,58,218
104000084,38,165,-127
104000085,268,96,172
104000086,231,243,-12
104000087,123,370,-247
104000090,482,251,231
104000092,1005,360,645
104000094,267,328,-61
104000095,1511,687,824
104000096,1451,82,1369
104000097,1469,154,1315
104000098,2668,168,2500
104000100,1875,229,1646
104000101,700,661,39
104000106,23,402,-379
104000107,446,157,289
104000108,131,107,24
104000109,153,60,93
104000110,311,741,-430
104000111,850,1506,-656
104000112,190,255,-65
104000116,1,310,-309
104000117,288,127,161
104000118,814,71,743
104000119,545,152,393
104000120,332,130,202
104000121,138,218,-80
104000122,433,354,79
104000123,385,301,84
104000124,191,487,-296
104000125,679,1965,-1286
104000126,262,311,-49
104000127,885,892,-7
104000128,410,110,300
104000129,139,12,127
104000130,0,322,-322
104000131,171,277,-106
104000132,346,241,105
104000133,826,536,290
104000134,574,1066,-492
104000135,188,667,-479
104000136,343,1202,-859
104000137,902,195,707
104000138,903,405,498
104000139,1165,1096,69
104000141,275,349,-74
104000142,437,246,191
104000143,488,151,337
104000144,70,157,-87
104000145,172,88,84
104000146,105,210,-105
104000147,67,182,-115
104000148,211,93,118
104000149,71,60,11
104000150,714,232,482
104000151,192,158,34
104000152,252,218,34
104000153,584,268,316
104000154,312,260,52
104000155,260,573,-313
104000157,826,538,288
104000158,87,208,-121
104000159,474,195,279
104000160,1200,1509,-309
104000161,85,49,36
104000162,100,48,52
104000165,442,357,85
104000167,433,1089,-656
104000168,720,2,718
104000169,244,42,202
104000170,67,141,-74
104000248,293,282,11
104000251,11,47,-36
104000272,0,0,0
104000273,0,0,0
104000274,0,0,0
104000275,0,0,0
104000279,379,296,83
104000290,32,581,-549
104000291,466,614,-148
104000293,573,426,147
104000294,65,0,65
104000295,850,714,136
104000296,273,293,-20
104000297,831,1535,-704
104000298,1174,477,697
104000299,482,514,-32
104000302,16,32,-16
104000303,54,33,21
104900001,22,42,-20
104900002,12,114,-102
104900003,16,71,-55
104900004,21,37,-16
104900005,230,42,188
104900006,236,10,226
104900007,187,89,98
104900009,89,74,15
104900010,58,1,57
104900011,1,2,-1
104900012,66,1,65
104900013,33,1,32
104900014,808,114,694
104900015,26,0,26
104900016,76,30,46
104900017,22,59,-37
104900018,0,28,-28
104900019,60,3389,-3329
104900020,50,53,-3
104900021,6,18,-12
104900022,1,62,-61
104900023,0,17,-17
104900024,5,70,-65
104900025,18,49,-31
104900026,2,20,-18
104900027,540,197,343
104900028,3,54,-51
104900029,5,54,-49
104900030,296,121,175
104900031,11,79,-68
104900032,4,9,-5
104900033,166,86,80
104900034,263,100,163
104900035,230,162,68
104900036,516,40,476
104900037,119,54,65
104900038,36,806,-770
104900039,214,861,-647
104900040,618,18,600
104900041,221,40,181
104900042,152,68,84
104900043,33,364,-331
104900044,868,51,817
104900045,174,25,149
104900046,425,45,380
104900047,378,51,327
104900048,442,43,399
104900049,128,32,96
104900050,459,13,446
104900051,264,13,251
104900052,200,0,200
104900053,249,29,220
104900054,223,22,201
104900055,343,0,343
104900056,267,2,265
104900057,29,0,29
104900058,201,27,174
104900059,66,45,21
104900060,0,48,-48
104900061,40,56,-16
104900063,0,18,-18
104900064,0,66,-66
104900065,1,58,-57
104900066,0,17,-17
104900067,0,100,-100
104900068,5,52,-47
104900070,13,40,-27
104900071,0,34,-34
104900072,10,53,-43
104900073,72,7,65
104900074,10,29,-19
104900075,15,0,15
104900076,48,12,36
104900077,48,39,9
104900078,69,21,48
104900079,20,440,-420
104900080,58,84,-26
104900082,0,43,-43
104900085,1,82,-81
104900087,207,1,206
104900089,602,1,601
104900090,780,369,411
104900091,130,141,-11
104900093,39,63,-24
104900097,413,1323,-910
104900098,80,11,69
104900099,31,301,-270
104900100,107,27,80
104900102,40,30,10
104900103,56,7,49
104900104,581,1106,-525
104900106,82,24,58
104900107,18,41,-23
104900108,0,20,-20
104900109,55,52,3
104900110,3,24,-21
104900111,85,6,79
104900112,189,77,112
104900113,359,35,324
104900114,355,63,292
104900115,406,42,364
104900116,289,43,246
104900118,0,7,-7
104900119,0,11,-11
104900120,18,332,-314
104900121,0,16,-16
104900122,0,16,-16
104900123,182,32,150
104900124,86,1,85
104900125,215,2,213
104900126,4,2,2
104900127,1,11,-10
104900128,85,54,31
104900129,313,1669,-1356
105000001,1666,578,1088
105000002,1051,770,281
105000003,1379,1739,-360
105000004,745,457,288
105000005,1004,618,386
105000006,706,1088,-382
105000007,821,1188,-367
105000008,353,1337,-984
105000009,2386,2194,192
105000010,1272,572,700
105000011,1912,1816,96
105000012,909,857,52
105000013,579,591,-12
105000014,2115,1609,506
105000015,4347,7794,-3447
105000016,631,781,-150
105000017,1081,755,326
105000018,439,686,-247
105000019,516,489,27
105000020,25,304,-279
105000021,206,115,91
105000022,43,51,-8
105000023,440,127,313
105000028,23,30,-7
105000029,326,618,-292
105000030,1615,1010,605
105000031,1,5,-4
105000033,506,628,-122
105000034,40,634,-594
105000037,295,82,213
105000038,455,693,-238
105000039,365,411,-46
105000040,466,560,-94
105000041,112,269,-157
105000042,836,677,159
105000043,404,312,92
105000044,427,164,263
105000045,125,125,0
105000046,697,99,598
105000047,175,159,16
105000048,864,142,722
105000049,110,169,-59
105000050,733,251,482
105000051,113,214,-101
105000052,344,450,-106
105000053,76,61,15
105000054,255,362,-107
105000055,406,140,266
105000056,1174,831,343
105000057,958,352,606
105000058,592,462,130
105000059,797,356,441
105000060,381,228,153
105000061,1074,300,774
105000062,359,299,60
105000063,123,221,-98
105000064,1880,333,1547
105000065,349,221,128
105000066,566,390,176
105000067,1190,467,723
105000068,183,395,-212
105000069,669,1760,-1091
105000070,250,707,-457
105000071,130,1435,-1305
105000072,724,3063,-2339
105000073,695,432,263
105000074,209,219,-10
105000075,230,248,-18
105000076,726,514,212
105000077,920,294,626
105000078,417,471,-54
105000079,535,1042,-507
105000080,1301,1105,196
105000081,761,606,155
105000082,465,1067,-602
105000083,1325,1774,-449
105000084,232,454,-222
105000085,1707,1393,314
105000086,440,478,-38
105000087,641,708,-67
105000088,1227,1674,-447
105000089,888,564,324
105000090,199,165,34
105000091,288,225,63
105000092,311,195,116
105000093,106,214,-108
105000094,118,94,24
105000095,99,310,-211
105000096,691,1228,-537
105000097,170,271,-101
105000098,957,896,61
105000099,395,423,-28
105000100,1298,367,931
105000101,1203,493,710
105000102,993,551,442
105000103,630,524,106
105000104,1235,301,934
105000105,590,408,182
105000106,959,321,638
105000107,1161,220,941
105000108,1184,394,790
105000109,1638,254,1384
105000110,624,135,489
105000111,1102,211,891
105000112,512,177,335
105000113,435,390,45
105000114,612,928,-316
105000115,187,1040,-853
105000116,883,263,620
105000117,510,297,213
105000118,638,182,456
105000119,311,303,8
105000120,1398,255,1143
105000121,704,328,376
105000122,401,212,189
105000123,308,281,27
105000124,1245,276,969
105000125,604,376,228
105000126,1337,525,812
105000127,1638,501,1137
105000128,380,843,-463
105000129,866,116,750
105000130,117,2728,-2611
105000131,169,92,77
105000132,930,501,429
105000133,127,219,-92
105000134,1221,231,990
105000135,178,61,117
105000136,19,25,-6
105000137,481,40,441
105000138,71,29,42
105000139,538,150,388
105000140,579,111,468
105000141,258,83,175
105000142,297,203,94
105000143,63,177,-114
105000144,238,196,42
105000145,720,145,575
105000146,146,149,-3
105000147,570,99,471
105000148,579,412,167
105000149,2208,837,1371
105000150,606,306,300
105000151,600,229,371
105000152,202,152,50
105000153,731,172,559
105000154,347,200,147
105000155,378,231,147
105000156,104,186,-82
105000157,454,341,113
105000158,1426,340,1086
105000159,188,254,-66
105000160,2375,350,2025
105000161,451,232,219
105000162,422,1669,-1247
105000163,388,313,75
105000164,34,85,-51
105000165,310,5773,-5463
105000166,1447,1248,199
105000167,677,1794,-1117
105000168,237,94,143
105000169,568,83,485
105000170,278,667,-389
105000171,708,70,638
105000172,295,6,289
105000173,640,5,635
105000174,99,16,83
105000175,69,48,21
105000176,438,49,389
105000177,383,168,215
105000178,179,91,88
105000179,1134,33,1101
105000180,170,19,151
105000181,127,90,37
105000182,62,39,23
105000183,997,1621,-624
105000184,100,173,-73
105000185,180,692,-512
105000186,183,290,-107
105000187,387,191,196
105000188,118,159,-41
105000189,56,273,-217
105000190,149,128,21
105000191,91,175,-84
105000192,192,68,124
105000193,65,33,32
105000194,607,24,583
105000195,130,176,-46
105000196,50,201,-151
105000197,99,199,-100
105000198,91,54,37
105000199,78,532,-454
105000200,50,279,-229
105000201,78,20,58
105000203,6,46,-40
105000204,76,27,49
105000205,26,72,-46
105000207,71,16,55
105000208,58,236,-178
105000209,36,27,9
105000211,297,2,295
105000212,611,305,306
105000213,44,60,-16
105000214,118,67,51
105000215,123,69,54
105000216,104,36,68
105000217,80,50,30
105000218,1879,355,1524
105000221,157,88,69
105000222,191,53,138
105000223,288,62,226
105000226,65,94,-29
105000227,91,51,40
105000228,33,809,-776
105000229,138,298,-160
105000231,162,64,98
105000233,626,382,244
105000234,243,473,-230
105000235,480,334,146
105000237,901,51,850
105000243,81,16,65
105000248,22,36,-14
105000262,155,116,39
105000269,80,33,47
105000270,478,10,468
105000271,0,89,-89
105000282,17,23,-6
105000287,86,40,46
105000288,744,291,453
105000289,602,1128,-526
105000290,5,4,1
105000402,756,1857,-1101
105000426,185,161,24
105000438,703,778,-75
105000440,25,1,24
105000446,2360,2010,350
105000447,1159,844,315
105000454,424,50,374
105000455,94,63,31
105000474,92,0,92
105000477,647,284,363
105000478,1639,3091,-1452
105000479,101,42,59
105000480,3123,4185,-1062
105000481,2618,1962,656
105000482,1146,1788,-642
105000483,822,1163,-341
105000484,727,907,-180
105000485,682,1599,-917
105000486,644,722,-78
105000488,1451,1305,146
105000489,1025,298,727
105000549,182,55,127
105000550,145,359,-214
105000551,6,56,-50
105000552,788,425,363
105000555,417,830,-413
105000556,36,4,32
105000557,38,108,-70
105900001,8,845,-837
105900002,443,721,-278
105900003,1,59,-58
105900004,33,5,28
105900005,0,95,-95
105900006,26,24,2
105900007,18,17,1
105900008,64,87,-23
105900009,63,14,49
105900011,65,18,47
105900012,228,34,194
105900013,1,10,-9
105900014,3,16,-13
105900015,32,104,-72
105900016,299,114,185
105900017,1396,13,1383
105900018,66,84,-18
105900019,24,29,-5
105900020,51,49,2
105900021,2,90,-88
105900022,77,71,6
105900023,10,21,-11
105900024,4,58,-54
105900025,234,1,233
105900026,62,8,54
105900027,2553,1076,1477
105900028,136,28,108
105900029,741,130,611
105900030,73,85,-12
105900031,249,33,216
105900032,38,10,28
105900033,27,22,5
105900034,117,65,52
105900035,114,39,75
105900036,66,8,58
105900037,97,10,87
105900038,50,114,-64
105900039,50,10,40
105900040,37,12,25
105900041,77,29,48
105900042,27,41,-14
105900043,372,29,343
105900044,5,90,-85
105900045,2,461,-459
105900046,0,38,-38
105900047,3,19,-16
105900048,78,121,-43
105900050,198,559,-361
105900051,11,224,-213
105900052,210,4,206
105900053,876,2273,-1397
105900054,53,77,-24
105900056,179,210,-31
105900057,1,38,-37
105900058,5,6,-1
105900059,0,53,-53
106000001,1219,958,261
106000002,415,1301,-886
106000003,1910,1904,6
106000004,960,1539,-579
106000005,3126,2345,781
106000006,2235,1017,1218
106000007,463,103,360
106000008,171,170,1
106000009,412,46,366
106000010,168,340,-172
106000011,1291,387,904
106000012,472,345,127
106000013,1354,681,673
106000014,656,508,148
106000015,1823,478,1345
106000016,814,687,127
106000017,849,360,489
106000018,303,357,-54
106000019,508,202,306
106000020,127,109,18
106000021,461,133,328
106000022,198,128,70
106000023,891,142,749
106000024,292,302,-10
106000025,244,183,61
106000026,60,87,-27
106000027,1955,598,1357
106000028,308,156,152
106000029,361,300,61
106000030,66,227,-161
106000034,23,127,-104
106000035,806,1009,-203
106000036,58,246,-188
106000037,347,408,-61
106000038,13,61,-48
106000039,42,78,-36
106000040,57,862,-805
106000041,434,217,217
106000043,210,95,115
106000046,163,41,122
106000047,41,277,-236
106000049,852,48,804
106000050,43,170,-127
106000051,706,317,389
106000052,4,7,-3
106000053,482,69,413
106000054,8,9,-1
106000055,554,180,374
106000056,1,10,-9
106000057,565,72,493
106000058,2,4,-2
106000059,405,143,262
106000060,19,80,-61
106000061,124,577,-453
106000062,65,70,-5
106000063,563,515,48
106000064,0,2,-2
106000065,484,147,337
106000066,70,33,37
106000067,340,31,309
106000068,33,20,13
106000069,388,10,378
106000070,187,20,167
106000071,634,94,540
106000072,938,544,394
106000073,946,3456,-2510
106000074,402,367,35
106000075,252,457,-205
106000076,594,467,127
106000077,1069,310,759
106000078,839,197,642
106000079,679,216,463
106000080,912,254,658
106000081,715,306,409
106000082,835,305,530
106000083,211,508,-297
106000084,451,293,158
106000085,741,439,302
106000086,251,130,121
106000087,381,241,140
106000088,242,192,50
106000089,715,121,594
106000090,217,193,24
106000091,229,329,-100
106000092,468,176,292
106000093,422,36,386
106000094,37,164,-127
106000095,1073,318,755
106000096,1306,181,1125
106000097,1058,369,689
106000098,807,114,693
106000099,77,262,-185
106000100,1021,77,944
106000101,625,76,549
106000102,55,167,-112
106000103,203,178,25
106000104,1035,175,860
106000105,308,200,108
106000106,802,100,702
106000107,44,131,-87
106000108,570,104,466
106000109,67,72,-5
106000110,427,62,365
106000111,92,83,9
106000112,224,676,-452
106000113,165,284,-119
106000114,228,706,-478
106000115,182,255,-73
106000116,179,63,116
106000117,418,245,173
106000118,710,682,28
106000119,333,241,92
106000120,626,980,-354
106000121,209,87,122
106000122,239,136,103
106000123,843,32,811
106000124,79,54,25
106000125,32,137,-105
106000126,444,32,412
106000127,839,247,592
106000128,909,93,816
106000129,391,227,164
106000130,994,130,864
106000131,60,419,-359
106000132,390,83,307
106000133,989,876,113
106000134,217,1949,-1732
106000135,109,390,-281
106000136,704,1093,-389
106000137,108,515,-407
106000138,1635,50,1585
106000139,86,71,15
106000140,2,4,-2
106000141,10,2,8
106000142,228,105,123
106000143,1,5,-4
106000144,7,60,-53
106000145,64,27,37
106000146,467,34,433
106000147,250,196,54
106000148,292,502,-210
106000149,713,194,519
106000150,695,1157,-462
106000151,1423,465,958
106000152,530,974,-444
106000153,53,980,-927
106000154,621,86,535
106000155,136,213,-77
106000156,918,71,847
106000157,395,737,-342
106000158,644,322,322
106000159,1046,1227,-181
106000160,426,1951,-1525
106000161,480,71,409
106000162,508,931,-423
106000163,234,83,151
106000164,426,30,396
106000165,107,167,-60
106000166,666,53,613
106000167,303,288,15
106000168,601,69,532
106000169,77,94,-17
106000170,659,68,591
106000171,112,412,-300
106000172,1448,463,985
106000173,546,740,-194
106000174,996,110,886
106000175,150,125,25
106000176,1529,230,1299
106000177,687,520,167
106000178,2048,528,1520
106000179,421,329,92
106000180,490,262,228
106000181,1296,632,664
106000182,1541,113,1428
106000183,1349,120,1229
106000184,635,201,434
106000185,902,729,173
106000186,93,10,83
106000187,16,559,-543
106000188,0,0,0
106000189,16,9,7
106000190,35,0,35
106000191,317,24,293
106000192,0,2,-2
106000193,53,106,-53
106000194,22,102,-80
106000195,28,26,2
106000196,38,139,-101
106000197,450,123,327
106000198,159,52,107
106000199,417,932,-515
106000200,131,102,29
106000201,160,4406,-4246
106000202,804,246,558
106000203,3,50,-47
106000204,54,1,53
106000205,1,53,-52
106000206,74,12,62
106000207,4,125,-121
106000208,1353,46,1307
106000209,1990,118,1872
106000210,171,310,-139
106000211,144,473,-329
106000212,1226,185,1041
106000213,157,829,-672
106000214,784,177,607
106000215,285,212,73
106000216,578,101,477
106000217,136,215,-79
106000218,311,73,238
106000219,111,204,-93
106000220,591,84,507
106000221,148,41,107
106000222,40,36,4
106000223,249,37,212
106000224,101,51,50
106000225,49,76,-27
106000226,46,77,-31
106000228,0,5,-5
106000229,69,141,-72
106000231,970,25,945
106000232,55,85,-30
106000233,481,71,410
106000234,34,132,-98
106000235,112,135,-23
106000236,41,220,-179
106000237,1,246,-245
106000238,16,16,0
106000239,0,50,-50
106000240,7,3,4
106000241,3,369,-366
106000242,176,17,159
106000249,140,83,57
106000250,21,302,-281
106000251,83,1,82
106000252,10,10,0
106000253,54,5,49
106000254,34,4,30
106000255,41,48,-7
106000256,6,3,3
106000257,19,86,-67
106000258,20,30,-10
106000259,3,30,-27
106000260,3,1,2
106000261,0,25,-25
106000262,86,0,86
106000263,18,19,-1
106000264,75,4,71
106000265,11,30,-19
106000266,94,25,69
106000267,10,46,-36
106000268,124,3,121
106000269,8,9,-1
106000270,66,83,-17
106000271,35,19,16
106000272,38,6,32
106000273,12,92,-80
106000274,122,6,116
106000275,115,64,51
106000276,6,5,1
106000277,66,90,-24
106000278,59,0,59
106000279,3,3,0
106000280,124,1,123
106000281,27,24,3
106000282,85,27,58
106000283,25,8,17
106000284,76,17,59
106000285,20,39,-19
106000286,79,27,52
106000287,44,21,23
106000288,90,10,80
106000289,48,48,0
106000290,71,13,58
106000291,85,24,61
106000292,14,10,4
106000293,54,5,49
106000294,32,10,22
106000295,35,14,21
106000296,15,10,5
106000297,21,52,-31
106000298,40,38,2
106000299,18,13,5
106000300,25,23,2
106000301,7,54,-47
106000303,37,28,9
106000304,18,3,15
106000305,50,25,25
106000306,6,10,-4
106000307,166,8,158
106000308,0,11,-11
106000309,7,21,-14
106000310,177,162,15
106000311,274,50,224
106000312,85,30,55
106000313,149,70,79
106000318,5,115,-110
106000319,730,261,469
106000320,9,90,-81
106000321,31,241,-210
106000322,160,55,105
106000324,60,128,-68
106000325,1704,334,1370
106000326,425,481,-56
106000327,255,24,231
106000328,14,19,-5
106000329,18,109,-91
106000330,10,69,-59
106000428,56,147,-91
106000429,121,256,-135
106000430,251,583,-332
106000431,2001,204,1797
106000432,484,779,-295
106000433,1886,737,1149
106000434,2666,684,1982
106000435,710,859,-149
106000436,2,84,-82
106000437,493,46,447
106000438,104,282,-178
106000439,12,302,-290
106000440,205,219,-14
106000441,1,0,1
106000442,259,4,255
106000443,187,99,88
106000450,0,65,-65
106000451,38,80,-42
106000454,1,80,-79
106000455,1,60,-59
106000456,77,8,69
106000457,5,147,-142
106000458,886,620,266
106000459,148,123,25
106000460,1931,52,1879
106000461,148,151,-3
106000462,0,26,-26
106000463,9,128,-119
106000464,1,101,-100
106000465,761,1,760
106000466,0,154,-154
106000467,72,267,-195
106000468,159,52,107
106000469,725,11,714
106000470,98,883,-785
106000471,1,167,-166
106000472,192,4,188
106000473,24,15,9
106000474,347,265,82
106000475,338,133,205
106000476,130,183,-53
106000477,17,46,-29
106000480,0,243,-243
106900001,0,3,-3
106900002,0,60,-60
106900003,34,376,-342
106900004,0,6,-6
106900006,0,4,-4
106900007,0,0,0
106900008,335,9,326
106900009,284,65,219
106900010,204,85,119
106900012,320,1858,-1538
106900013,451,195,256
106900014,100,18,82
106900015,6,0,6
106900016,301,15,286
106900017,1,0,1
106900018,27,0,27
106900019,201,1,200
106900020,701,993,-292
106900021,169,54,115
106900022,1508,9,1499
106900023,25,73,-48
106900024,419,43,376
106900025,5,142,-137
106900026,0,107,-107
106900027,806,0,806
107000001,2030,2685,-655
107000002,825,645,180
107000003,5599,5192,407
107000004,1853,904,949
107000005,6049,3793,2256
107000006,1472,873,599
107000007,3175,3508,-333
107000008,1773,1095,678
107000009,6116,3974,2142
107000010,2821,1873,948
107000011,340,320,20
107000012,952,625,327
107000013,41,11,30
107000014,27,23,4
107000015,209,104,105
107000016,335,126,209
107000017,466,434,32
107000018,1,404,-403
107000020,526,381,145
107000021,444,205,239
107000022,560,610,-50
107000023,812,94,718
107000024,721,859,-138
107000025,195,106,89
107000026,300,248,52
107000027,1036,247,789
107000028,827,331,496
107000029,2641,1739,902
107000030,1174,842,332
107000031,3203,1213,1990
107000032,160,346,-186
107000033,880,1482,-602
107000034,1380,404,976
107000035,130,131,-1
107000036,292,659,-367
107000037,46,527,-481
107000038,117,93,24
107000039,507,522,-15
107000040,131,94,37
107000041,587,201,386
107000042,165,1026,-861
107000043,568,213,355
107000044,78,91,-13
107000045,45,94,-49
107000046,361,87,274
107000047,230,240,-10
107000048,372,99,273
107000049,247,268,-21
107000050,421,210,211
107000051,140,220,-80
107000052,570,1298,-728
107000053,249,343,-94
107000054,37,107,-70
107000055,229,112,117
107000056,360,325,35
107000057,622,133,489
107000058,1887,1319,568
107000059,855,1326,-471
107000060,4668,3213,1455
107000061,1972,1068,904
107000062,5275,1458,3817
107000063,1344,1210,134
107000064,3936,2177,1759
107000065,1152,1352,-200
107000066,886,1457,-571
107000067,649,462,187
107000068,372,449,-77
107000069,561,421,140
107000070,751,2,749
107000071,2765,20,2745
107000072,2,579,-577
107000073,816,328,488
107000074,59,189,-130
107000075,1497,83,1414
107000076,93,350,-257
107000077,2269,281,1988
107000078,256,516,-260
107000079,2360,451,1909
107000080,204,517,-313
107000081,3543,415,3128
107000082,302,226,76
107000083,1226,564,662
107000084,119,216,-97
107000085,1504,1311,193
107000086,1214,894,320
107000087,1610,1125,485
107000088,960,1019,-59
107000089,997,1038,-41
107000090,483,301,182
107000091,1205,566,639
107000092,314,318,-4
107000093,997,523,474
107000094,349,287,62
107000095,1140,461,679
107000096,316,382,-66
107000097,1776,202,1574
107000098,175,351,-176
107000099,305,162,143
107000100,93,163,-70
107000101,76,145,-69
107000102,152,174,-22
107000103,332,157,175
107000104,144,183,-39
107000105,399,138,261
107000106,58,138,-80
107000107,749,176,573
107000108,93,133,-40
107000109,965,56,909
107000110,9,176,-167
107000111,418,16,402
107000112,3,154,-151
107000113,905,55,850
107000114,8,447,-439
107000115,674,346,328
107000116,31,295,-264
107000117,86,1216,-1130
107000118,44,37,7
107000119,616,1560,-944
107000120,766,527,239
107000121,578,238,340
107000122,338,310,28
107000123,435,231,204
107000124,344,192,152
107000125,971,143,828
107000126,1051,182,869
107000129,206,216,-10
107000130,853,238,615
107000131,229,577,-348
107000132,438,179,259
107000133,264,50,214
107000134,112,0,112
107000135,0,216,-216
107000136,393,0,393
107000137,2,143,-141
107000138,10,12,-2
107000139,1,189,-188
107000140,821,46,775
107000141,75,234,-159
107000142,352,29,323
107000143,7,277,-270
107000144,309,394,-85
107000145,57,151,-94
107000146,142,222,-80
107000147,2127,385,1742
107000150,86,2800,-2714
107000151,2,16,-14
107000152,224,2265,-2041
107000153,31,78,-47
107000154,0,95,-95
107000155,819,3,816
107000156,916,1,915
107000157,1,275,-274
107000158,928,1,927
107000159,6,197,-191
107000160,1264,55,1209
107000161,4,275,-271
107000162,115,417,-302
107000163,92,0,92
107000164,891,0,891
107000165,1365,10,1355
107000166,3,103,-100
107000167,593,87,506
107000168,729,246,483
107000169,124,156,-32
107000170,3094,250,2844
107000171,137,254,-117
107000172,1182,1421,-239
107000173,168,130,38
107000174,746,4347,-3601
107000175,1370,279,1091
107000176,0,0,0
107000177,1,0,1
107000178,79,2,77
107000179,198,525,-327
107000180,1649,114,1535
107000181,217,238,-21
107000182,1803,198,1605
107000183,104,260,-156
107000184,1168,187,981
107000185,230,331,-101
107000186,558,113,445
107000187,642,461,181
107000188,395,188,207
107000189,564,234,330
107000190,562,216,346
107000191,760,281,479
107000192,1040,180,860
107000193,223,120,103
107000194,354,107,247
107000197,829,77,752
107000198,202,399,-197
107000199,183,204,-21
107000200,543,310,233
107000201,101,120,-19
107000202,129,251,-122
107000203,225,384,-159
107000204,104,982,-878
107000205,276,114,162
107000206,120,480,-360
107000207,144,257,-113
107000208,120,170,-50
107000209,301,332,-31
107000210,98,124,-26
107000211,16,9,7
107000212,66,28,38
107000213,1,8,-7
107000214,1,27,-26
107000215,371,47,324
107000216,209,89,120
107000217,89,38,51
107000219,54,110,-56
107000220,43,53,-10
107000222,55,90,-35
107000224,301,61,240
107000225,71,112,-41
107000226,415,35,380
107000227,27,67,-40
107000228,38,159,-121
107000229,35,76,-41
107000230,341,184,157
107000231,249,554,-305
107000232,63,4,59
107000233,68,408,-340
107000234,0,36,-36
107000235,53,5,48
107000236,1,51,-50
107000237,99,0,99
107000238,26,0,26
107000239,975,276,699
107000240,32,102,-70
107000243,1,67,-66
107000244,12,7,5
107000246,3,229,-226
107000249,0,493,-493
107000251,0,26,-26
107000252,0,158,-158
107000255,70,120,-50
107000257,0,371,-371
107000258,1,129,-128
107000259,0,63,-63
107000260,1307,2,1305
107000262,4,99,-95
107000263,451,0,451
107000266,15,2,13
107000267,6,34,-28
107000268,103,16,87
107000269,25,1,24
107000270,210,45,165
107000271,7,0,7
107000272,130,0,130
107000273,0,76,-76
107000274,176,71,105
107000275,5,331,-326
107000280,1197,2,1195
107000281,16,130,-114
107000282,6,206,-200
107000290,12,20,-8
107000291,20,5,15
107000292,0,44,-44
107000293,3,6,-3
107000294,0,73,-73
107000295,20,1,19
107000296,0,24,-24
107000444,156,0,156
107000496,0,16,-16
107000497,492,538,-46
107000500,316,143,173
107000501,13,74,-61
107000502,113,138,-25
107000505,149,353,-204
107000506,0,2,-2
107000508,0,55,-55
107000509,86,340,-254
107000510,13,17,-4
107000514,78,363,-285
107000515,11,36,-25
107000516,515,137,378
107000518,1063,1561,-498
107000519,363,157,206
107000520,118,18,100
107000521,879,90,789
107000522,1329,343,986
107900001,35,24,11
107900002,11,5,6
107900003,469,11,458
107900004,10,0,10
107900005,2145,7,2138
107900006,55,10,45
107900007,260,11,249
107900008,31,6,25
107900009,82,2,80
107900010,54,0,54
107900012,325,74,251
107900013,76,10,66
107900014,106,0,106
107900015,1481,15,1466
107900016,116,17,99
107900017,67,2,65
107900018,58,384,-326
107900019,2,4,-2
107900020,1,29,-28
107900021,136,2,134
107900023,2,0,2
107900024,0,4,-4
107900025,75,20,55
107900026,37,5,32
107900027,5,190,-185
107900028,244,10,234
107900030,200,6,194
107900031,102,28,74
107900032,30,0,30
107900033,33,2,31
107900034,116,3,113
107900035,1457,26,1431
107900036,22,15,7
107900037,2,14,-12
107900038,18,147,-129
107900039,6,2,4
107900040,11,111,-100
107900041,1,0,1
107900043,58,27,31
107900044,0,7,-7
107900045,61,36,25
107900046,450,101,349
107900047,63,8,55
107900048,304,11,293
107900049,117,489,-372
107900050,2,52,-50
107900051,24,9,15
107900052,2,94,-92
107900053,78,61,17
107900055,120,51,69
107900056,41,95,-54
107900057,0,0,0
107900058,20,92,-72
107900060,1,25,-24
107900061,1,13,-12
107900063,44,48,-4
107900064,79,411,-332
107900065,481,2,479
107900066,5,2,3
107900067,1,0,1
107900068,19,345,-326
107900069,3,2563,-2560
107900070,149,143,6
107900071,10,111,-101
107900072,120,31,89
107900073,93,19,74
107900074,74,225,-151
107900076,118,17,101
107900077,106,0,106
107900079,14,11,3
107900080,10,200,-190
107900081,10,23,-13
107900082,8,7,1
107900083,290,108,182
107900084,116,74,42
107900086,13,140,-127
107900087,103,17,86
107900088,25,0,25
107900089,54,192,-138
107900090,97,1141,-1044
107900091,86,58,28
107900093,43,19,24
107900095,437,692,-255
107900097,15,13,2
107900098,120,131,-11
107900100,150,812,-662
107900101,121,34,87
107900102,77,1,76
107900103,15,31,-16
107900104,269,2,267
107900105,0,23,-23
107900106,0,116,-116
107900107,236,129,107
107900108,46,3,43
107900109,1788,18,1770
107900110,54,14,40
107900111,0,134,-134
107900112,21,255,-234
107900113,194,3,191
107900114,333,39,294
107900115,1,3,-2
107900116,242,35,207
107900117,106,87,19
107900118,3,53,-50
107900119,33,78,-45
107900120,13,0,13
107900121,0,36,-36
107900122,0,12,-12
107900123,1,43,-42
107900124,3,17,-14
107900125,3,25,-22
107900126,10,7,3
107900127,189,82,107
107900128,55,19,36
107900129,125,14,111
107900130,125,1,124
107900131,9,48,-39
107900132,7,91,-84
107900133,0,11,-11
107900134,9,8,1
107900135,0,19,-19
107900136,6,13,-7
107900137,12,29,-17
107900138,108,10,98
107900139,86,7,79
107900141,14,3,11
107900142,7,88,-81
107900143,10,1,9
107900144,0,21,-21
107900145,0,12,-12
107900146,12,42,-30
107900147,8,1,7
107900148,62,23,39
107900149,193,17,176
107900150,1,90,-89
107900151,47,46,1
107900152,1,20,-19
107900153,35,73,-38
107900154,40,2,38
107900155,28,6,22
107900156,0,25,-25
107900157,5,33,-28
107900158,947,59,888
107900159,12,141,-129
107900160,97,72,25
107900161,28,47,-19
107900162,0,10,-10
107900163,1,16,-15
107900164,5,12,-7
107900165,4,101,-97
107900166,23,34,-11
107900167,0,76,-76
107900168,24,0,24
107900169,0,213,-213
107900171,0,125,-125
107900172,12,38,-26
107900173,123,24,99
107900174,86,5,81
107900175,1,35,-34
107900176,72,2,70
107900177,1,28,-27
107900178,1,43,-42
107900179,2,13,-11
107900180,73,892,-819
107900181,52,95,-43
107900182,0,135,-135
107900183,35,47,-12
107900184,67,10,57
107900185,29,4,25
107900186,23,12,11
107900187,0,43,-43
107900188,137,30,107
107900189,0,13,-13
107900190,29,75,-46
107900191,46,19,27
107900193,0,48,-48
107900194,79,7,72
107900195,228,76,152
107900196,53,2,51
107900197,61,99,-38
107900199,0,231,-231
107900201,23,22,1
107900203,17,4,13
107900204,44,42,2
107900206,40,376,-336
107900207,0,82,-82
107900208,1,85,-84
107900209,73,25,48
107900210,36,7,29
107900213,75,66,9
107900214,0,37,-37
107900215,51,147,-96
107900216,6,14,-8
107900217,46,10,36
107900218,0,195,-195
107900219,3,11,-8
107900220,9,51,-42
107900221,24,32,-8
107900223,56,49,7
107900224,17,131,-114
107900225,1,65,-64
107900226,5,67,-62
107900227,35,56,-21
107900228,26,20,6
107900229,0,29,-29
107900230,54,25,29
107900231,23,30,-7
107900232,200,3,197
107900233,1,47,-46
107900234,221,8,213
107900235,2,43,-41
107900236,307,16,291
107900237,15,105,-90
107900238,7,13,-6
107900239,77,177,-100
107900240,13,13,0
107900241,1,52,-51
107900242,1,43,-42
107900243,0,1,-1
107900244,313,12,301
107900245,735,18,717
107900246,113,20,93
107900248,172,17,155
107900249,832,50,782
107900250,0,109,-109
107900251,1,114,-113
107900252,463,56,407
107900253,221,2,219
107900254,17,73,-56
107900255,20,15,5
107900256,131,194,-63
107900257,108,79,29
107900258,73,32,41
107900259,11,2102,-2091
107900261,0,59,-59
107900262,25,15,10
107900264,343,24,319
107900265,51,46,5
107900267,341,1,340
107900268,2,0,2
107900269,0,0,0
107900270,0,2,-2
107900271,1,26,-25
107900272,37,37,0
107900273,20,48,-28
107900274,102,0,102
107900275,4,14,-10
107900276,2,30,-28
107900277,0,35,-35
107900278,309,36,273
107900279,24,22,2
107900280,725,192,533
107900281,390,4845,-4455
107900282,36,681,-645
107900283,221,457,-236
107900284,471,190,281
107900285,168,23,145
107900286,5,7,-2
107900287,408,57,351
107900290,2,356,-354
107900291,296,4,292
107900292,37,28,9
107900293,38,98,-60
107900295,13,11,2
107900297,3,127,-124
107900298,222,252,-30
107900299,1122,2159,-1037
107900301,271,304,-33
107900302,41,6,35
107900303,364,119,245
107900304,281,48,233
107900305,204,0,204
107900306,1,4,-3
107900307,17,74,-57
107900308,176,25,151
107900309,8,0,8
107900310,2,0,2
107900311,191,286,-95
107900312,41,1,40
107900313,0,39,-39
107900314,1,69,-68
107900315,2,38,-36
107900316,43,0,43
107900317,43,1,42
107900318,6,120,-114
107900319,0,23,-23
107900320,2,34,-32
107900321,67,0,67
107900322,0,16,-16
107900323,1,48,-47
107900324,37,0,37
107900325,188,0,188
107900326,442,22,420
107900327,0,70,-70
107900328,1,0,1
107900329,5,26,-21
107900330,16,50,-34
107900331,442,2,440
107900332,423,3,420
107900333,72,4,68
107900334,7,48,-41
107900335,31,7,24
107900336,47,18,29
107900337,286,664,-378
107900338,20,121,-101
107900339,0,3,-3
107900340,0,102,-102
107900341,23,0,23
107900342,172,56,116
107900343,72,0,72
107900344,1,21,-20
107900345,75,35,40
107900346,2,0,2
107900347,0,2,-2
107900348,1,0,1
107900349,32,3,29
107900350,1,67,-66
107900351,7,14,-7
107900352,0,3,-3
107900353,20,3,17
107900354,3,209,-206
108000001,3121,1751,1370
108000002,557,767,-210
108000003,1799,934,865
108000004,4209,4229,-20
108000005,6128,2621,3507
108000006,1443,1354,89
108000007,3767,1757,2010
108000008,1236,1236,0
108000009,3922,2076,1846
108000010,1107,1454,-347
108000011,9356,5405,3951
108000012,3800,3825,-25
108000014,269,1012,-743
108000015,589,121,468
108000016,84,340,-256
108000017,919,140,779
108000018,1206,309,897
108000019,421,266,155
108000020,636,183,453
108000021,104,344,-240
108000022,188,330,-142
108000023,1001,170,831
108000024,327,235,92
108000025,389,41,348
108000026,777,128,649
108000027,730,122,608
108000028,856,101,755
108000029,443,180,263
108000030,277,105,172
108000031,76,128,-52
108000032,1970,282,1688
108000033,253,265,-12
108000034,1630,167,1463
108000035,288,451,-163
108000036,136,296,-160
108000037,1779,98,1681
108000038,2743,91,2652
108000039,134,406,-272
108000040,1733,344,1389
108000041,163,451,-288
108000042,518,59,459
108000043,45,65,-20
108000044,770,34,736
108000045,39,126,-87
108000046,1490,72,1418
108000047,170,227,-57
108000048,63,86,-23
108000049,675,97,578
108000050,32,181,-149
108000051,301,155,146
108000052,78,135,-57
108000053,228,120,108
108000054,139,361,-222
108000055,614,199,415
108000056,228,472,-244
108000057,512,744,-232
108000058,976,2446,-1470
108000059,860,551,309
108000060,229,462,-233
108000061,170,146,24
108000062,735,193,542
108000063,310,149,161
108000064,314,148,166
108000065,351,206,145
108000066,760,256,504
108000067,1536,432,1104
108000068,727,134,593
108000069,97,257,-160
108000070,2047,241,1806
108000071,212,394,-182
108000072,1092,301,791
108000073,382,397,-15
108000074,715,159,556
108000075,126,172,-46
108000076,665,159,506
108000077,233,211,22
108000078,2553,508,2045
108000079,181,323,-142
108000080,1710,203,1507
108000081,207,349,-142
108000082,239,361,-122
108000083,1357,356,1001
108000084,153,248,-95
108000085,862,223,639
108000086,145,147,-2
108000087,83,1464,-1381
108000088,843,187,656
108000089,116,149,-33
108000091,30,249,-219
108000092,530,14,516
108000093,213,198,15
108000094,1042,26,1016
108000095,62,105,-43
108000096,529,65,464
108000097,53,125,-72
108000098,1796,514,1282
108000099,841,112,729
108000100,244,289,-45
108000101,1152,597,555
108000102,979,2231,-1252
108000106,466,0,466
108000107,1,375,-374
108000108,527,57,470
108000109,1,239,-238
108000110,399,60,339
108000111,155,229,-74
108000112,26,97,-71
108000113,171,112,59
108000115,140,126,14
108000117,342,177,165
108000118,99,1058,-959
108000119,226,97,129
108000120,106,671,-565
108000121,254,176,78
108000122,783,201,582
108000123,416,84,332
108000124,228,113,115
108000125,515,83,432
108000126,138,120,18
108000127,465,96,369
108000128,650,52,598
108000129,162,151,11
108000130,437,64,373
108000131,729,85,644
108000132,150,212,-62
108000133,1274,103,1171
108000134,157,64,93
108000135,1407,314,1093
108000136,97,101,-4
108000137,530,81,449
108000138,309,174,135
108000139,516,123,393
108000140,527,6,521
108000141,5,9,-4
108000142,10,8,2
108000143,12,98,-86
108000144,764,24,740
108000145,25,6,19
108000146,808,18,790
108000147,3,4,-1
108000148,638,33,605
108000149,21,0,21
108000150,46,5,41
108000151,13,32,-19
108000152,40,49,-9
108000153,767,63,704
108000154,21,9,12
108000155,65,41,24
108000156,349,88,261
108000157,71,1448,-1377
108000158,21,510,-489
108000159,74,76,-2
108000160,923,910,13
108000161,689,2510,-1821
108000165,6,214,-208
108000172,8,115,-107
108000173,345,1166,-821
108000175,860,65,795
108000178,190,118,72
108000179,52,644,-592
108000181,82,4,78
108000182,70,16,54
108000183,5,88,-83
108000184,198,2005,-1807
108000185,189,60,129
108000186,627,36,591
108000187,54,135,-81
108000188,875,43,832
108000189,399,9696,-9297
108000190,3,21,-18
108000192,172,72,100
108000193,139,15,124
108000194,29,14,15
108000195,0,214,-214
108000196,60,57,3
108000198,514,53,461
108000199,0,34,-34
108000200,901,58,843
108000203,75,165,-90
108000204,237,48,189
108000205,61,82,-21
108000339,308,227,81
108000364,80,196,-116
108000365,15,156,-141
108000367,31,64,-33
108000368,10,8,2
108000369,198,96,102
108000371,7,449,-442
108000372,561,1,560
108000373,261,76,185
108000376,172,6,166
108000377,575,114,461
108000378,6692,8473,-1781
108000379,3,45,-42
108000381,185,8,177
108000382,41,0,41
108000383,0,145,-145
108900001,14,139,-125
108900002,166,18,148
108900003,47,233,-186
108900004,238,296,-58
108900007,339,55,284
108900008,163,31,132
108900009,80,78,2
108900010,439,43,396
108900011,926,90,836
108900012,566,108,458
108900013,86,60,26
108900014,21,19,2
108900015,0,170,-170
108900016,2,116,-114
108900017,45,136,-91
108900018,95,161,-66
108900019,4,67,-63
108900020,16,56,-40
108900021,23,70,-47
108900022,69,0,69
108900023,6,34,-28
108900024,33,40,-7
108900025,209,22,187
108900026,25,14,11
108900027,0,28,-28
108900028,74,54,20
108900029,28,49,-21
108900030,0,17,-17
108900031,38,33,5
108900032,0,20,-20
108900033,0,34,-34
108900034,0,22,-22
108900035,75,294,-219
108900038,0,64,-64
108900039,1,70,-69
108900040,0,29,-29
108900041,1570,1533,37
108900042,1,285,-284
108900043,13,215,-202
108900044,1,82,-81
108900045,96,109,-13
108900046,7,91,-84
108900047,0,106,-106
108900048,10,142,-132
108900049,407,1218,-811
108900050,2,105,-103
108900051,0,63,-63
108900052,9,38,-29
108900053,13,190,-177
108900054,42,30,12
108900055,14,102,-88
108900056,2,46,-44
108900057,0,46,-46
108900058,16,80,-64
108900059,560,42,518
108900060,36,28,8
108900061,10,4,6
108900062,1,67,-66
108900063,33,71,-38
108900064,260,5,255
108900065,18,59,-41
108900066,223,24,199
108900067,2,73,-71
108900068,24,78,-54
108900069,50,17,33
108900070,3,18,-15
108900071,148,23,125
108900072,665,116,549
108900073,10,51,-41
108900074,312,58,254
108900075,2,26,-24
108900076,548,7,541
108900077,70,132,-62
108900078,69,17,52
108900079,155,61,94
108900080,4,667,-663
108900081,22,94,-72
108900082,39,73,-34
108900083,2,123,-121
108900085,398,43,355
108900086,118,85,33
108900087,71,29,42
108900088,233,77,156
108900089,3,38,-35
108900090,66,34,32
108900091,53,19,34
108900092,245,93,152
108900093,40,17,23
108900094,134,31,103
108900095,27,45,-18
108900096,119,4,115
108900097,93,71,22
108900098,502,613,-111
108900099,198,30,168
108900100,54,18,36
108900101,138,96,42
108900102,2,907,-905
108900103,339,110,229
108900105,6,1591,-1585
108900106,253,45,208
108900108,193,13,180
108900109,795,10,785
108900110,37,41,-4
108900111,131,109,22
108900113,57,34,23
108900114,148,1,147
108900115,158,67,91
108900116,31,2,29
108900117,209,6,203
108900118,557,22,535
108900119,428,14,414
108900120,394,149,245
108900121,138,36,102
108900122,230,8,222
108900123,396,36,360
108900124,576,32,544
108900125,654,0,654
108900126,91,45,46
108900127,239,44,195
108900128,225,7,218
108900129,732,54,678
108900130,340,1,339
108900131,568,3,565
108900132,430,15,415
108900133,258,9,249
108900134,719,17,702
108900135,280,3,277
108900136,10,0,10
108900137,221,1,220
108900138,528,11,517
108900140,471,19,452
108900141,414,19,395
108900142,51,2,49
108900143,104,0,104
108900144,83,2,81
108900145,213,19,194
108900146,64,0,64
108900147,323,0,323
108900148,27,1,26
108900150,154,17,137
108900151,40,8,32
108900152,71,9,62
108900153,77,60,17
108900154,3780,209,3571
108900156,88,0,88
108900157,6,89,-83
108900158,382,8,374
108900159,23,98,-75
108900160,1,90,-89
108900161,28,116,-88
108900162,172,9,163
108900163,5,409,-404
108900164,30,10,20
108900168,1723,1269,454
108900169,32,32,0
108900171,865,2779,-1914
108900172,86,13,73
108900173,48,115,-67
108900174,1032,79,953
108900176,35,97,-62
108900177,1279,5454,-4175
108900178,896,3194,-2298
108900180,68,136,-68
108900183,31,44,-13
108900184,283,38,245
108900185,21,98,-77
108900186,15,153,-138
108900189,129,14,115
108900190,10,320,-310
108900192,16,68,-52
108900195,51,33,18
108900196,1,66,-65
108900199,101,63,38
108900200,621,172,449
108900201,130,270,-140
108900203,296,46,250
108900204,304,1,303
108900205,188,27,161
108900206,285,35,250
108900207,167,124,43
108900208,5,72,-67
108900209,136,133,3
108900210,149,21,128
108900211,70,265,-195
108900212,57,695,-638
108900215,43,102,-59
108900216,146,203,-57
108900217,39,0,39
108900218,8,10,-2
108900221,35,37,-2
108900224,85,58,27
108900225,1,120,-119
108900227,73,107,-34
108900230,39,58,-19
108900232,1,79,-78
108900233,349,55,294
108900234,89,83,6
108900235,71,134,-63
108900236,14,165,-151
108900240,66,29,37
108900241,75,39,36
108900245,1,1013,-1012
108900250,205,8,197
108900258,1,42,-41
108900259,0,20,-20
108900260,7,2,5
108900261,6,13,-7
108900262,86,12,74
108900263,31,15,16
108900264,23,23,0
108900265,114,278,-164
108900266,71,584,-513
108900267,20,180,-160
108900268,0,4,-4
108900269,23,22,1
108900270,89,4,85
108900271,30,3,27
108900272,200,0,200
108900273,137,263,-126
108900274,38,14,24
109000001,2379,2514,-135
109000002,277,1064,-787
109000003,2381,326,2055
109000004,319,720,-401
109000005,1686,308,1378
109000006,289,476,-187
109000007,1753,202,1551
109000008,335,474,-139
109000009,2934,384,2550
109000010,278,879,-601
109000011,3883,1037,2846
109000012,654,817,-163
109000013,4207,3135,1072
109000014,709,539,170
109000015,2672,8283,-5611
109000016,962,647,315
109000017,3130,528,2602
109000018,487,682,-195
109000019,2189,687,1502
109000020,479,546,-67
109000023,151,2,149
109000024,24,133,-109
109000025,157,421,-264
109000026,251,116,135
109000027,93,295,-202
109000028,60,42,18
109000029,57,236,-179
109000030,3,71,-68
109000031,443,63,380
109000032,20,80,-60
109000033,485,109,376
109000034,14,8,6
109000035,0,5,-5
109000036,56,298,-242
109000037,295,2385,-2090
109000038,145,173,-28
109000039,710,604,106
109000040,1295,12855,-11560
109000041,684,1836,-1152
109000042,394,1238,-844
109000044,360,23,337
109000045,66,16,50
109000046,505,20,485
109000047,35,30,5
109000048,223,73,150
109000049,23,26,-3
109000050,276,111,165
109000051,29,23,6
109000052,275,248,27
109000053,279,25,254
109000054,18,163,-145
109000055,136,69,67
109000056,110,118,-8
109000057,676,188,488
109000058,92,48,44
109000059,39,539,-500
109000060,46,409,-363
109000061,240,999,-759
109000062,60,237,-177
109000063,106,26,80
109000064,522,34,488
109000065,167,73,94
109000066,329,48,281
109000067,24,44,-20
109000068,282,3,279
109000069,351,7,344
109000070,1,386,-385
109000071,132,26,106
109000072,78,96,-18
109000073,18,70,-52
109000074,8,114,-106
109000075,29,19,10
109000076,105,126,-21
109000077,136,118,18
109000078,114,121,-7
109000079,55,117,-62
109000080,186,50,136
109000081,63,169,-106
109000082,774,84,690
109000083,221,214,7
109000088,147,72,75
109000089,381,55,326
109000090,68,116,-48
109000091,465,39,426
109000092,127,105,22
109000093,380,38,342
109000094,880,2,878
109000095,131,206,-75
109000096,840,50,790
109000097,29,48,-19
109000098,43,134,-91
109000099,561,78,483
109000100,230,249,-19
109000101,1258,246,1012
109000102,285,208,77
109000103,556,143,413
109000104,2096,142,1954
109000105,278,188,90
109000106,1355,136,1219
109000107,360,253,107
109000108,2016,224,1792
109000109,260,191,69
109000110,975,321,654
109000111,358,317,41
109000112,84,61,23
109000113,127,41,86
109000114,81,85,-4
109000115,398,29,369
109000116,3,150,-147
109000117,241,20,221
109000118,31,112,-81
109000119,1972,57,1915
109000120,247,229,18
109000121,787,15,772
109000122,139,161,-22
109000123,33,58,-25
109000124,684,132,552
109000125,783,123,660
109000126,340,110,230
109000127,1148,53,1095
109000128,456,227,229
109000129,3126,125,3001
109000130,233,317,-84
109000131,475,504,-29
109000132,175,435,-260
109000133,39,362,-323
109000134,182,429,-247
109000135,302,392,-90
109000136,133,116,17
109000137,192,199,-7
109000138,221,82,139
109000139,422,122,300
109000140,104,75,29
109000141,261,144,117
109000142,64,132,-68
109000143,32,20,12
109000145,41,90,-49
109000146,20,24,-4
109000148,565,550,15
109000149,8,43,-35
109000150,28,59,-31
109000155,615,537,78
109000156,450,95,355
109000158,19,131,-112
109000159,52,136,-84
109000160,1132,68,1064
109000161,511,272,239
109000162,1434,152,1282
109000163,969,322,647
109000164,940,759,181
109000165,1204,219,985
109000166,722,63,659
109000167,55,107,-52
109000170,15,27,-12
109000171,61,5,56
109000172,15,13,2
109000173,2,113,-111
109000174,168,15,153
109000175,12,38,-26
109000176,261,69,192
109000177,9,22,-13
109000178,760,84,676
109000179,1306,4459,-3153
109000180,1371,1722,-351
109000181,52,7,45
109000182,16,13,3
109000183,45,4,41
109000184,34,10,24
109000185,5,1,4
109000188,186,468,-282
109000189,2336,329,2007
109000190,487,220,267
109000191,213,234,-21
109000192,532,33,499
109000193,312,16,296
109000194,252,16,236
109000195,169,40,129
109000196,148,8,140
109000197,98,68,30
109000198,244,20,224
109000199,38,44,-6
109000206,109,4,105
109000207,128,4,124
109000208,78,114,-36
109000209,128,33,95
109000210,86,107,-21
109000211,1318,165,1153
109000214,147,154,-7
109000215,83,35,48
109000216,326,292,34
109000217,52,115,-63
109000218,158,103,55
109000221,73,234,-161
109000222,371,30,341
109000223,397,222,175
109000224,72,50,22
109000225,198,14,184
109000226,17,43,-26
109000227,1630,138,1492
109000228,0,190,-190
109000231,2,45,-43
109000232,610,44,566
109000236,100,235,-135
109000241,1043,293,750
109000242,832,177,655
109000293,60,30,30
109000361,179,62,117
109000364,33,99,-66
109000396,10,169,-159
109000397,639,4,635
109000399,69,95,-26
109000400,131,101,30
109000403,6,644,-638
109000406,657,7,650
109000407,50,24,26
109000408,0,1,-1
109000410,461,84,377
109000411,173,12,161
109900001,89,0,89
109900002,506,7,499
109900003,623,1,622
109900004,46,31,15
109900005,5,0,5
109900006,411,27,384
109900007,1086,65,1021
109900008,0,3,-3
109900009,60,142,-82
109900010,526,6,520
109900011,62,11,51
109900012,324,73,251
109900013,333,47,286
109900014,179,29,150
109900015,101,6,95
109900016,64,9,55
109900017,271,64,207
109900018,105,3,102
109900019,47,24,23
109900020,49,8,41
109900021,8,2,6
109900022,135,52,83
109900023,33,5,28
109900024,4,2,2
109900025,3,10,-7
109900026,0,60,-60
109900027,23,6,17
109900028,200,1628,-1428
109900029,1,29,-28
109900030,14,10,4
109900031,2,214,-212
109900032,11,94,-83
109900033,0,146,-146
109900034,1,22,-21
109900035,10,24,-14
109900036,1,7,-6
109900037,5,80,-75
109900038,46,36,10
109900039,2,0,2
109900040,14,136,-122
109900041,14,79,-65
109900042,31,216,-185
109900044,13,48,-35
109900045,107,57,50
109900046,255,26,229
109900047,166,59,107
109900048,0,34,-34
109900049,6,22,-16
109900050,0,21,-21
109900051,0,10,-10
109900052,20,47,-27
109900053,0,27,-27
109900054,1176,42,1134
109900055,105,94,11
109900056,5,90,-85
109900057,0,30,-30
109900058,0,25,-25
109900059,1387,47,1340
109900060,778,32,746
109900061,37,35,2
109900062,0,35,-35
109900063,12,223,-211
109900064,419,53,366
109900065,65,69,-4
109900066,39,161,-122
109900067,0,64,-64
109900068,55,5,50
109900069,3,4,-1
109900070,7,42,-35
109900071,1,3,-2
109900072,3,16,-13
109900073,493,66,427
109900074,1,14,-13
109900075,3,10,-7
109900076,15,70,-55
109900077,19,35,-16
109900078,35,30,5
109900080,77,40,37
109900081,0,80,-80
109900082,21,54,-33
109900083,0,18,-18
109900084,4,43,-39
109900085,49,79,-30
109900086,30,706,-676
109900087,32,81,-49
109900089,432,23,409
109900090,195,164,31
109900091,619,6,613
109900092,120,25,95
109900093,1057,78,979
109900094,9,27,-18
109900095,43,56,-13
109900096,36,10,26
109900097,144,2,142
109900098,739,3,736
109900099,368,1,367
109900100,29,0,29
109900101,1231,8,1223
109900102,217,7,210
109900103,5,40,-35
109900104,1021,128,893
109900105,563,17,546
109900106,301,22,279
109900107,479,26,453
109900108,51,65,-14
109900109,8,17,-9
109900110,21,81,-60
109900111,49,86,-37
109900112,115,106,9
109900113,714,157,557
109900114,68,631,-563
109900115,123,22,101
109900117,1293,49,1244
109900118,93,52,41
109900119,53,75,-22
109900120,32,17,15
109900121,57,46,11
109900122,736,4,732
109900123,2,21,-19
109900124,3,45,-42
109900125,1,73,-72
109900126,482,10,472
109900128,359,22,337
109900130,1192,2222,-1030
109900131,22,37,-15
109900132,2,38,-36
109900133,60,85,-25
109900134,36,7,29
109900135,76,23,53
109900136,3,18,-15
109900137,134,78,56
109900140,66,18,48
109900142,1716,78,1638
109900145,3,322,-319
109900146,34,26,8
109900148,5,16,-11
109900149,27,3,24
109900150,3,9,-6
109900151,4,1,3
109900152,0,6,-6
109900153,0,9,-9
109900154,8,1,7
109900155,0,24,-24
109900157,33,31,2
109900158,38,14,24
109900159,32,7,25
109900160,64,8,56
109900161,277,13,264
109900162,223,17,206
109900163,185,28,157
109900164,67,121,-54
109900165,81,0,81
109900166,0,29,-29
109900167,83,101,-18
109900168,84,156,-72
109900169,185,35,150
109900170,58,860,-802
109900171,211,67,144
109900172,118,140,-22
109900173,563,1498,-935
109900174,3,22,-19
109900175,23,16,7
109900176,28,19,9
109900177,6,22,-16
109900178,1,70,-69
109900179,8,29,-21
109900180,4,4,0
110000001,248,160,88
110000002,452,316,136
110000003,201,326,-125
110000004,346,356,-10
110000005,209,1726,-1517
110000006,166,252,-86
110000007,84,48,36
110000008,36,168,-132
110000009,0,4,-4
110000010,26,42,-16
110000011,11,15,-4
110000012,402,109,293
110000013,38,489,-451
110000014,453,245,208
110000015,84,344,-260
110000016,155,986,-831
110000017,1375,180,1195
110000018,999,224,775
110000019,15,39,-24
110000020,127,109,18
110000021,148,81,67
110000022,651,47,604
110000023,13,22,-9
110000024,233,141,92
110000025,835,3,832
110000026,23,49,-26
110000027,218,288,-70
110000028,603,139,464
110000029,244,318,-74
110000030,220,223,-3
110000031,153,119,34
110000032,654,82,572
110000033,49,105,-56
110000034,796,194,602
110000035,291,572,-281
110000036,1164,204,960
110000037,104,299,-195
110000038,161,606,-445
110000039,549,4288,-3739
110000040,184,189,-5
110000041,245,2482,-2237
110000042,59,125,-66
110000043,695,225,470
110000044,24,62,-38
110000045,66,80,-14
110000046,2,47,-45
110000047,6,32,-26
110000048,1,88,-87
110000049,9,3,6
110000050,2,112,-110
110000051,3,2,1
110000052,25,30,-5
110000053,8,7,1
110000054,60,134,-74
110000055,61,55,6
110000056,92,66,26
110000057,142,460,-318
110000058,380,194,186
110000059,255,254,1
110000060,800,257,543
110000061,253,334,-81
110000062,507,244,263
110000063,45,172,-127
110000064,41,12,29
110000065,143,118,25
110000066,47,8,39
110000067,35,36,-1
110000068,217,49,168
110000069,684,9,675
110000071,498,3,495
110000073,14,0,14
110000075,51,8,43
110000076,356,301,55
110000077,158,803,-645
110000078,73,15,58
110000080,68,104,-36
110000081,37,51,-14
110000082,13,120,-107
110000083,98,143,-45
110000084,896,579,317
110000085,631,457,174
110000086,367,1116,-749
110000087,12,7,5
110000088,186,71,115
110000089,236,31,205
110000090,89,101,-12
110000091,267,73,194
110000092,8,30,-22
110000093,39,11,28
110000094,143,39,104
110000095,69,535,-466
110000096,557,1751,-1194
110000097,374,1166,-792
110000098,945,172,773
110000099,653,898,-245
110000100,1625,94,1531
110000101,149,65,84
110000102,89,69,20
110000104,266,144,122
110000105,66,139,-73
110000106,175,343,-168
110000107,74,142,-68
110000108,91,108,-17
110000109,44,90,-46
110000110,802,1664,-862
110000111,1344,1928,-584
110000112,105,446,-341
110000113,44,1998,-1954
110000114,257,420,-163
110000115,495,80,415
110000116,43,34,9
110000117,376,69,307
110000118,704,66,638
110000119,539,73,466
110000120,275,32,243
110000121,66,284,-218
110000122,175,226,-51
110000123,379,165,214
110000124,0,287,-287
110000125,349,0,349
110000126,140,1,139
110000127,582,9,573
110000128,4,269,-265
110000129,0,142,-142
110000130,268,72,196
110000131,79,85,-6
110000132,0,175,-175
110000133,12,144,-132
110000134,27,163,-136
110000135,165,2,163
110000136,39,36,3
110000137,610,105,505
110000138,563,153,410
110000139,867,107,760
110000140,394,346,48
110000143,202,181,21
110000144,756,769,-13
110000145,669,428,241
110000146,501,190,311
110000147,125,444,-319
110000148,580,75,505
110000151,201,472,-271
110000152,197,246,-49
110000153,265,16,249
110000154,6,32,-26
110000155,176,719,-543
110000156,340,512,-172
110000157,335,1222,-887
110000160,124,96,28
110000161,100,142,-42
110000166,716,22,694
110000167,1375,422,953
110000168,408,398,10
110000169,446,206,240
110000170,97,41,56
110000171,272,66,206
110000172,150,170,-20
110000173,236,215,21
110000174,32,150,-118
110000175,1408,58,1350
110000176,10,571,-561
110000177,134,1214,-1080
110000178,173,2163,-1990
110000179,518,143,375
110000180,260,149,111
110000181,858,193,665
110000182,136,63,73
110000183,3277,5177,-1900
110000184,223,1938,-1715
110000185,133,376,-243
110000186,202,693,-491
110000191,1125,207,918
110000192,612,14,598
110000193,1199,8,1191
110000194,11,184,-173
110000195,447,19,428
110000196,476,38,438
110000197,55,13,42
110000198,15,10,5
110000199,73,53,20
110000200,257,156,101
110000201,685,694,-9
110000202,759,167,592
110000203,81,152,-71
110000204,11,72,-61
110000205,355,30,325
110000206,135,229,-94
110000207,1257,69,1188
110000208,81,202,-121
110000209,30,126,-96
110000210,1503,242,1261
110000211,728,242,486
110000212,321,932,-611
110000213,271,16,255
110000214,437,7,430
110000215,19,83,-64
110000216,67,61,6
110000217,373,26,347
110000218,99,17,82
110000219,276,7,269
110000220,15,37,-22
110000221,398,1,397
110000222,50,62,-12
110000223,12,31,-19
110000224,1,1,0
110000225,102,235,-133
110000226,267,25,242
110000227,101,281,-180
110000228,268,12,256
110000229,1,86,-85
110000230,351,264,87
110000231,162,150,12
110000232,65,54,11
110000233,37,130,-93
110000234,296,152,144
110000235,571,355,216
110000236,240,146,94
110000237,1229,530,699
110000238,545,288,257
110000239,1258,322,936
110000240,0,6,-6
110000242,0,7,-7
110000243,103,54,49
110000244,33,73,-40
110000245,10,180,-170
110000246,859,118,741
110000247,468,588,-120
110000248,750,227,523
110000249,74,10,64
110000250,7,58,-51
110000251,273,79,194
110000252,517,66,451
110000253,1671,109,1562
110000254,684,136,548
110000255,120,192,-72
110000256,445,35,410
110000257,85,36,49
110000258,0,39,-39
110000259,196,5,191
110000260,81,15,66
110000263,487,34,453
110000264,431,55,376
110000265,853,700,153
110000266,497,775,-278
110000267,25,21,4
110000268,163,27,136
110000269,0,3,-3
110000270,58,1,57
110000271,560,59,501
110000272,474,535,-61
110000273,473,381,92
110000274,84,1836,-1752
110000275,470,298,172
110000276,129,335,-206
110000277,372,119,253
110000278,212,300,-88
110000279,721,219,502
110000280,602,139,463
110000281,88,20,68
110000282,80,3,77
110000283,12,29,-17
110000284,1,14,-13
110000285,1,45,-44
110000286,7,0,7
110000287,90,0,90
110000288,0,25,-25
110000289,253,1917,-1664
110000290,206,541,-335
110000291,1070,382,688
110000292,275,5573,-5298
110000293,385,202,183
110000294,1428,1405,23
110000295,65,222,-157
110000296,479,109,370
110000297,2127,46,2081
110000298,30,215,-185
110000299,135,46,89
110000301,343,6,337
110000302,404,361,43
110000303,531,5,526
110000304,192,79,113
110000305,1719,12,1707
110000306,351,193,158
110000307,1946,4,1942
110000308,250,1,249
110000309,0,134,-134
110000310,780,33,747
110000311,2,112,-110
110000312,559,29,530
110000313,1461,446,1015
110000314,1,64,-63
110000315,705,910,-205
110000316,147,499,-352
110000317,124,338,-214
110000318,0,23,-23
110000319,25,5,20
110000320,2,28,-26
110000321,62,25,37
110000322,92,98,-6
110000323,620,53,567
110000324,669,544,125
110000325,980,3565,-2585
110000327,134,91,43
110000328,61,149,-88
110000333,696,655,41
110000334,122,347,-225
110000335,602,148,454
110000336,200,287,-87
110000337,1407,173,1234
110000338,314,86,228
110000339,581,37,544
110000340,35,56,-21
110000341,388,77,311
110000342,29,0,29
110000343,0,0,0
110000344,29,192,-163
110000345,22,184,-162
110000346,671,878,-207
110000347,819,311,508
110000348,46,10,36
110000349,12,3,9
110000350,60,0,60
110000351,1419,210,1209
110000352,258,1116,-858
110000353,1641,195,1446
110000354,390,2411,-2021
110000355,288,23,265
110000356,189,2,187
110000357,548,1,547
110000361,9,9,0
110000362,148,1,147
110000363,504,16,488
110000364,279,79,200
110000365,49,0,49
110000366,1,85,-84
110000367,322,66,256
110000368,0,85,-85
110000369,50,0,50
110000373,0,118,-118
110000374,43,17,26
110000375,60,391,-331
110000376,6,23,-17
110000377,43,221,-178
110000378,5,278,-273
110000379,1089,2163,-1074
110000380,69,4,65
110000383,0,193,-193
110000384,509,41,468
110000385,1,53,-52
110000387,112,0,112
110000388,19,63,-44
110000389,309,1,308
110000391,870,168,702
110000396,223,16,207
110000397,97,6,91
110000398,1,10,-9
110000399,56,0,56
110000587,121,108,13
110000589,176,9,167
110000640,81,22,59
110000652,3,124,-121
110000653,265,125,140
110000654,1,219,-218
110000656,0,124,-124
110000674,35,4,31
110000675,1,6,-5
110000676,0,11,-11
110000679,76,535,-459
110000682,93,129,-36
110000683,168,86,82
110000684,0,23,-23
110000685,4,44,-40
110000686,0,39,-39
110000687,11,0,11
110000688,34,1208,-1174
110000689,11,5,6
110000692,7,30,-23
110000693,17,147,-130
110000694,0,16,-16
110000695,18,185,-167
110000696,48,33,15
110900001,280,18,262
110900002,165,41,124
110900003,1253,57,1196
110900004,518,15,503
110900005,706,3108,-2402
110900006,55,44,11
110900007,197,78,119
110900008,1,8,-7
110900009,244,288,-44
110900010,1,14,-13
110900011,0,13,-13
110900012,11,47,-36
110900013,943,62,881
110900014,297,5,292
110900015,110,428,-318
110900016,34,116,-82
110900017,529,12,517
110900018,412,15,397
110900019,466,1,465
110900020,183,64,119
110900021,74,99,-25
110900022,61,91,-30
110900023,12,157,-145
110900024,48,37,11
110900025,5,13,-8
110900027,12,25,-13
110900028,3,23,-20
110900029,6,70,-64
110900030,0,50,-50
110900031,1,69,-68
110900032,0,30,-30
110900033,27,57,-30
110900035,22,282,-260
110900036,97,0,97
110900037,81,3,78
110900038,127,30,97
110900039,2,84,-82
110900040,115,4,111
110900041,5,7,-2
110900042,83,32,51
110900043,0,1,-1
110900044,35,5,30
110900045,83,167,-84
110900046,4,13,-9
110900047,52,290,-238
110900049,83,65,18
110900050,41,0,41
110900051,9,73,-64
110900052,0,87,-87
110900053,84,2,82
110900054,7,28,-21
110900055,22,0,22
110900056,28,56,-28
110900057,0,143,-143
110900058,305,31,274
110900059,174,201,-27
110900060,269,15,254
110900061,14,22,-8
110900062,130,43,87
110900063,4,40,-36
110900064,23,0,23
110900065,69,42,27
110900066,28,17,11
110900067,62,595,-533
110900068,99,24,75
110900069,16,3,13
110900070,75,14,61
110900071,112,1067,-955
110900073,0,35,-35
110900074,702,29,673
110900075,521,18,503
110900077,1225,83,1142
110900078,129,9,120
110900079,548,334,214
110900080,194,27,167
110900081,23,1,22
110900082,271,33,238
110900083,88,57,31
110900084,65,7,58
110900085,45,49,-4
110900086,12,121,-109
110900087,355,19,336
110900088,3,0,3
110900090,11,80,-69
110900091,0,9,-9
110900093,132,21,111
110900095,14,2,12
110900097,10,0,10
110900098,1,18,-17
110900099,28,150,-122
110900100,0,2,-2
110900102,44,40,4
110900105,161,49,112
110900108,14,21,-7
110900111,183,31,152
110900112,501,3,498
110900113,95,33,62
110900115,3,4,-1
110900116,1236,268,968
110900118,25,3818,-3793
110900119,1146,77,1069
110900120,101,18,83
110900121,39,0,39
110900122,316,66,250
110900125,164,461,-297
110900127,77,466,-389
110900128,83,181,-98
110900129,51,417,-366
110900130,121,285,-164
110900131,136,12,124
110900132,452,9,443
110900133,44,21,23
110900135,49,57,-8
110900136,341,9,332
110900139,19,0,19
110900140,0,0,0
110900141,172,55,117
110900142,35,13,22
110900143,237,23,214
110900144,0,44,-44
110900145,110,118,-8
110900146,104,162,-58
110900147,2,25,-23
110900148,0,14,-14
110900149,0,6,-6
110900150,9,25,-16
110900151,3,39,-36
110900152,19,41,-22
110900153,169,10,159
111000001,914,436,478
111000002,746,546,200
111000003,2081,826,1255
111000004,428,751,-323
111000005,888,896,-8
111000006,612,1364,-752
111000007,2279,2427,-148
111000008,1891,2446,-555
111000009,259,568,-309
111000010,1111,420,691
111000011,71,481,-410
111000012,237,438,-201
111000013,324,737,-413
111000014,1539,307,1232
111000017,40,446,-406
111000018,59,236,-177
111000020,236,497,-261
111000021,3,42,-39
111000023,90,60,30
111000025,1674,1762,-88
111000029,92,32,60
111000030,22,21,1
111000031,989,413,576
111000032,538,122,416
111000033,125,37,88
111000034,161,89,72
111000037,375,212,163
111000038,862,488,374
111000039,688,408,280
111000040,790,435,355
111000041,135,159,-24
111000042,1091,1126,-35
111000043,1229,2715,-1486
111000044,1262,248,1014
111000045,2387,894,1493
111000046,1431,870,561
111000047,2414,4420,-2006
111000049,117,133,-16
111000050,416,234,182
111000051,242,223,19
111000052,125,359,-234
111000053,79,202,-123
111000054,123,191,-68
111000055,509,589,-80
111000056,99,316,-217
111000057,65,219,-154
111000058,610,55,555
111000059,559,178,381
111000060,3682,464,3218
111000061,784,134,650
111000062,1006,183,823
111000063,1029,579,450
111000064,1143,230,913
111000065,1173,404,769
111000066,620,107,513
111000067,978,167,811
111000068,546,151,395
111000069,576,654,-78
111000070,325,262,63
111000071,105,108,-3
111000072,1252,402,850
111000073,174,1275,-1101
111000074,960,627,333
111000075,554,179,375
111000076,566,234,332
111000077,563,275,288
111000078,977,222,755
111000079,597,178,419
111000080,436,218,218
111000081,1236,3817,-2581
111000082,811,160,651
111000084,670,327,343
111000085,672,718,-46
111000086,961,327,634
111000087,565,167,398
111000088,1743,2236,-493
111000089,517,437,80
111000090,398,380,18
111000091,379,228,151
111000092,1273,432,841
111000093,888,509,379
111000094,952,446,506
111000095,549,1647,-1098
111000096,530,5091,-4561
111000097,1329,456,873
111000098,103,270,-167
111000099,196,519,-323
111000100,249,473,-224
111000101,239,301,-62
111000102,83,136,-53
111000104,1032,68,964
111000107,41,118,-77
111000109,903,93,810
111000110,1026,342,684
111000111,3174,65,3109
111000112,1889,86,1803
111000113,809,1824,-1015
111000114,776,3285,-2509
111000115,1665,432,1233
111000116,532,260,272
111000117,179,280,-101
111000118,525,292,233
111000119,1151,363,788
111000120,733,305,428
111000121,307,242,65
111000122,261,285,-24
111000123,621,645,-24
111000124,165,716,-551
111000125,203,319,-116
111000126,72,165,-93
111000127,879,50,829
111000128,2274,73,2201
111000129,2804,115,2689
111000130,2647,128,2519
111000131,2779,176,2603
111000132,1991,1353,638
111000133,53,23,30
111000134,96,31,65
111000135,50,93,-43
111000136,400,92,308
111000138,25,27,-2
111000140,0,29,-29
111000141,31,203,-172
111000142,0,111,-111
111000143,4,145,-141
111000144,4,390,-386
111000145,41,2,39
111000146,140,7,133
111000147,57,5,52
111000148,71,45,26
111000149,0,144,-144
111000150,81,6,75
111000151,4,16,-12
111000153,166,82,84
111000154,193,128,65
111000155,164,57,107
111000156,395,123,272
111000157,159,206,-47
111000158,586,444,142
111000159,1258,396,862
111000160,411,139,272
111000161,3,214,-211
111000162,7,27,-20
111000163,568,415,153
111000164,216,1213,-997
111000165,394,98,296
111000166,96,64,32
111000167,70,123,-53
111000168,138,148,-10
111000169,175,95,80
111000170,151,93,58
111000171,155,155,0
111000172,106,235,-129
111000173,120,552,-432
111000174,324,52,272
111000175,79,48,31
111000176,519,25,494
111000177,1168,173,995
111000178,2253,232,2021
111000179,511,52,459
111000180,321,182,139
111000181,1704,102,1602
111000182,244,59,185
111000183,180,166,14
111000184,262,77,185
111000185,65,108,-43
111000186,156,144,12
111000187,184,59,125
111000188,290,83,207
111000189,96,216,-120
111000190,70,66,4
111000191,136,37,99
111000192,79,92,-13
111000193,204,27,177
111000194,28,35,-7
111000195,34,99,-65
111000196,38,43,-5
111000197,532,22,510
111000198,356,9,347
111000199,496,113,383
111000200,503,215,288
111000201,810,67,743
111000202,441,13,428
111000203,495,95,400
111000204,248,1160,-912
111000213,140,172,-32
111000214,722,315,407
111000215,739,298,441
111000217,1510,209,1301
111000218,2226,417,1809
111000219,191,62,129
111000220,491,371,120
111000221,128,29,99
111000224,11,89,-78
111000225,383,411,-28
111000226,37,2,35
111000227,27,1,26
111000228,2,729,-727
111000229,5,1698,-1693
111000230,46,86,-40
111000231,653,97,556
111000232,583,193,390
111000233,1587,242,1345
111000234,148,182,-34
111000239,20,23,-3
111000240,29,272,-243
111000241,24,61,-37
111000242,165,47,118
111000243,153,115,38
111000244,796,67,729
111000245,407,124,283
111000246,663,63,600
111000247,408,125,283
111000248,504,62,442
111000249,452,110,342
111000250,52,51,1
111000251,34,40,-6
111000253,40,16,24
111000255,117,13,104
111000257,50,6,44
111000260,11,393,-382
111000261,1353,49,1304
111000271,15,125,-110
111000273,1182,504,678
111000274,1148,1378,-230
111000275,57,12,45
111000276,147,305,-158
111000277,234,75,159
111000278,161,67,94
111000291,1288,9004,-7716
111000298,376,61,315
111000299,423,49,374
111000300,26,122,-96
111000302,372,44,328
111000303,112,40,72
111000312,16,4,12
111000315,2,167,-165
111000320,111,91,20
111000321,333,62,271
111000322,352,129,223
111000323,470,39,431
111000324,174,34,140
111000325,5,19,-14
111000326,98,97,1
111000327,278,101,177
111000328,381,280,101
111000329,0,22,-22
111000330,46,4,42
111000331,5,12,-7
111000332,575,420,155
111000334,141,361,-220
111000335,1046,60,986
111000337,1740,107,1633
111000338,54,32,22
111000339,889,49,840
111000340,48,196,-148
111000341,1672,702,970
111000342,18,460,-442
111000344,925,228,697
111000345,67,91,-24
111000346,15,99,-84
111000347,143,3,140
111000350,107,55,52
111000351,56,185,-129
111000352,149,19,130
111000353,88,80,8
111000354,333,37,296
111000355,200,129,71
111000358,115,215,-100
111000360,101,215,-114
111000361,204,114,90
111000546,534,113,421
111000547,419,80,339
111000548,77,19,58
111000549,211,39,172
111000550,6,440,-434
111000551,109,33,76
111000552,212,56,156
111000907,1083,44,1039
111000908,21,0,21
111000916,2469,49,2420
111000917,55,206,-151
111000918,119,219,-100
111000920,767,22,745
111000921,0,46,-46
111000922,597,25,572
111000924,16,152,-136
111000925,3700,1333,2367
111000926,864,632,232
111000927,2004,2895,-891
111000928,1983,622,1361
111000929,1926,526,1400
111000930,544,640,-96
111000931,1554,746,808
111000932,1475,672,803
111000933,2370,1831,539
111000934,539,605,-66
111000935,2053,553,1500
111000936,356,523,-167
111000937,1331,634,697
111000938,559,444,115
111000939,649,16,633
111000940,1312,28,1284
111000941,354,31,323
111000943,814,108,706
111000944,80,68,12
111000945,89,290,-201
111001109,273,592,-319
111001110,92,88,4
111001111,154,4,150
111001112,102,1,101
111001113,0,129,-129
111001114,248,58,190
111001115,13,235,-222
111001116,734,4930,-4196
111001117,146,1358,-1212
111001120,101,51,50
111001121,34,61,-27
111001122,236,67,169
111001123,607,33,574
111001124,183,78,105
111001125,7,431,-424
111001126,16,0,16
111001127,0,6,-6
111900001,1,9,-8
111900002,0,19,-19
111900003,0,14,-14
111900004,0,9,-9
111900006,8,69,-61
111900007,264,1,263
111900008,405,2,403
111900009,344,0,344
111900010,14,122,-108
111900012,34,14,20
111900013,17,7,10
111900014,818,4747,-3929
111900015,0,34,-34
111900016,1,21,-20
111900017,0,29,-29
111900018,157,1,156
111900019,1,59,-58
111900020,0,26,-26
111900021,7,1,6
111900022,20,1,19
111900023,94,5,89
111900024,80,5,75
111900025,0,19,-19
111900026,0,15,-15
111900027,0,4,-4
111900028,0,38,-38
111900029,1,2,-1
111900030,4,124,-120
111900031,7,25,-18
111900032,0,50,-50
111900033,14,3,11
111900034,29,131,-102
111900035,30,266,-236
111900036,0,44,-44
111900038,34,64,-30
111900039,10,77,-67
111900040,0,125,-125
111900042,9,27,-18
111900043,0,47,-47
111900044,16,20,-4
111900046,6,17,-11
111900048,337,105,232
111900049,5,80,-75
111900050,184,5,179
111900051,2,59,-57
111900052,84,56,28
111900053,266,1957,-1691
111900054,312,1,311
111900055,5,75,-70
111900056,42,206,-164
111900057,98,11,87
111900058,639,130,509
111900059,521,669,-148
111900060,232,1,231
111900061,0,40,-40
111900062,60,41,19
111900063,208,50,158
111900064,16,56,-40
111900065,177,12,165
111900066,198,96,102
111900067,0,79,-79
111900068,9,47,-38
111900069,58,7,51
111900070,227,5,222
111900071,0,36,-36
111900072,28,13,15
111900073,981,84,897
111900074,1,32,-31
111900075,55,1,54
111900076,257,52,205
111900077,50,0,50
111900078,395,21,374
111900079,2,55,-53
111900080,50,73,-23
111900082,125,62,63
111900083,217,27,190
111900084,71,19,52
111900085,24,34,-10
111900086,84,14,70
111900087,142,0,142
111900088,679,10,669
111900089,74,1,73
111900090,20,52,-32
111900091,672,4,668
111900092,227,1,226
111900093,638,11,627
111900094,114,0,114
111900095,286,12,274
111900096,370,3,367
111900097,112,0,112
111900098,370,13,357
111900099,65,0,65
111900100,94,1,93
111900101,220,0,220
111900102,852,167,685
111900103,43,22,21
111900104,81,10,71
111900105,83,143,-60
111900106,53,2,51
111900110,657,91,566
111900111,300,17,283
111900112,155,3726,-3571
111900113,171,33,138
111900118,370,11,359
111900119,108,28,80
111900122,12,35,-23
111900123,7,1,6
111900124,18,14,4
111900125,343,69,274
111900126,326,5,321
111900127,0,118,-118
111900128,2,97,-95
111900129,300,73,227
111900130,104,55,49
111900131,500,0,500
111900132,3,148,-145
111900133,0,42,-42
111900134,1,49,-48
111900135,2,8,-6
111900136,4,72,-68
111900137,10,8,2
111900138,16,23,-7
111900139,10,51,-41
111900140,106,3,103
111900141,102,1,101
111900142,49,2,47
111900143,63,24,39
111900144,10,15,-5
111900145,0,45,-45
111900146,0,26,-26
111900147,18,66,-48
111900148,2,87,-85
111900149,2,42,-40
111900150,1,12,-11
111900151,1,6,-5
111900152,17,27,-10
111900153,220,684,-464
111900154,26,593,-567
111900155,59,120,-61
111900156,67,53,14
111900157,260,11,249
111900158,594,73,521
111900159,478,65,413
111900160,340,6,334
111900161,508,1,507
111900162,61,225,-164
111900163,3,24,-21
111900164,65,32,33
111901113,777,14,763
111901114,252,176,76
111901115,173,0,173
111901116,50,1,49
111901117,3,64,-61
111901118,7,371,-364
111901119,127,3,124
111901121,3,15,-12
111901122,0,66,-66
111901123,365,36,329
111901124,431,1,430
111901125,1019,148,871
111901127,153,786,-633
111901128,5,23,-18
111901129,2,11,-9
111901130,2,16,-14
111901131,1,207,-206
111901132,59,15,44
111901133,91,0,91
111901134,221,1,220
111901135,59,0,59
111901136,1,11,-10
111901138,16,4,12
111901139,1,15,-14
111901140,10,27,-17
111901141,0,20,-20
111901142,1,46,-45
111901143,0,18,-18
111901144,42,5,37
111901145,63,180,-117
111901146,7,0,7
111901147,107,350,-243
111901148,3,72,-69
111901149,16,3,13
111901150,26,1,25
112000001,2636,730,1906
112000002,648,1649,-1001
112000003,3158,489,2669
112000004,586,204,382
112000005,3201,3031,170
112000006,401,265,136
112000007,3935,2478,1457
112000008,2351,3021,-670
112000009,1471,727,744
112000010,2030,2825,-795
112000011,863,582,281
112000012,2389,3050,-661
112000013,1193,1048,145
112000014,578,2277,-1699
112000015,956,1583,-627
112000016,1099,2346,-1247
112000017,337,1877,-1540
112000024,202,171,31
112000026,1219,1041,178
112000027,546,319,227
112000028,379,455,-76
112000029,258,536,-278
112000030,112,12,100
112000031,531,1928,-1397
112000032,95,10,85
112000033,695,1918,-1223
112000034,142,9,133
112000035,62,295,-233
112000036,112,635,-523
112000037,338,614,-276
112000038,370,505,-135
112000039,85,18,67
112000040,20,103,-83
112000041,145,217,-72
112000042,204,46,158
112000050,792,357,435
112000051,694,1092,-398
112000054,585,477,108
112000057,283,148,135
112000058,153,191,-38
112000059,308,247,61
112000061,1020,341,679
112000062,236,464,-228
112000063,195,1111,-916
112000064,1543,1175,368
112000065,495,515,-20
112000066,1386,919,467
112000067,221,153,68
112000068,1614,970,644
112000069,224,503,-279
112000070,731,391,340
112000071,347,626,-279
112000072,1920,496,1424
112000073,380,787,-407
112000074,422,338,84
112000075,793,585,208
112000076,1413,840,573
112000077,716,293,423
112000078,1536,318,1218
112000079,1167,729,438
112000080,514,346,168
112000081,499,714,-215
112000082,810,193,617
112000083,512,523,-11
112000084,986,264,722
112000085,1261,496,765
112000086,1710,386,1324
112000087,748,166,582
112000088,538,233,305
112000089,185,125,60
112000090,93,132,-39
112000091,288,115,173
112000092,1808,226,1582
112000093,993,225,768
112000094,560,325,235
112000095,730,142,588
112000096,753,281,472
112000097,1892,245,1647
112000098,151,212,-61
112000099,617,1762,-1145
112000100,2077,219,1858
112000101,333,112,221
112000102,1813,202,1611
112000103,193,179,14
112000105,396,239,157
112000106,3224,133,3091
112000107,273,49,224
112000108,1008,334,674
112000109,444,39,405
112000110,1729,320,1409
112000111,323,824,-501
112000112,1398,127,1271
112000113,455,371,84
112000114,1680,338,1342
112000115,281,44,237
112000116,557,181,376
112000117,396,211,185
112000118,304,248,56
112000119,158,291,-133
112000120,32,93,-61
112000121,50,110,-60
112000122,428,41,387
112000123,707,21,686
112000124,437,11,426
112000125,235,79,156
112000126,641,126,515
112000127,916,1165,-249
112000128,262,320,-58
112000129,98,20,78
112000130,183,55,128
112000131,28,25,3
112000132,84,43,41
112000133,390,17,373
112000134,289,110,179
112000135,817,380,437
112000136,457,495,-38
112000137,1035,659,376
112000138,625,464,161
112000139,246,261,-15
112000140,104,232,-128
112000141,728,75,653
112000142,101,201,-100
112000143,1060,63,997
112000144,130,256,-126
112000145,2612,210,2402
112000146,300,477,-177
112000147,2547,710,1837
112000148,407,461,-54
112000149,359,203,156
112000150,237,121,116
112000151,235,101,134
112000152,654,116,538
112000153,112,70,42
112000154,82,148,-66
112000155,54,23,31
112000157,145,323,-178
112000158,210,70,140
112000159,827,28,799
112000167,98,89,9
112000169,74,559,-485
112000173,1119,93,1026
112000175,233,84,149
112000176,552,554,-2
112000177,911,183,728
112000178,46,94,-48
112000179,300,38,262
112000180,416,180,236
112000181,504,280,224
112000182,1766,254,1512
112000183,11,22,-11
112000184,454,101,353
112000185,750,104,646
112000187,2086,1311,775
112000195,75,1,74
112000196,37,1,36
112000197,14,91,-77
112000198,25,56,-31
112000199,250,246,4
112000202,441,0,441
112000216,16,39,-23
112000230,126,1,125
112000231,1,41,-40
112000256,42,140,-98
112000313,50,28,22
112000314,9,39,-30
112000337,54,279,-225
112000352,33,65,-32
112000392,850,295,555
112000398,1398,251,1147
112000399,427,2751,-2324
112000400,420,415,5
112000401,637,675,-38
112000402,2830,2743,87
112000403,683,3548,-2865
112000404,877,504,373
112000405,2566,2049,517
112000406,1015,703,312
112000407,6347,5164,1183
112000408,2450,1047,1403
112000409,712,833,-121
112000410,52,238,-186
112000411,1246,1086,160
112000412,192,106,86
112000413,1302,4732,-3430
112000414,128,38,90
112000415,99,10,89
112000416,2924,440,2484
112000417,120,40,80
112000421,72,8,64
112000422,153,99,54
112000424,332,1348,-1016
112000425,231,131,100
112000426,372,337,35
112000427,0,30,-30
112000428,249,169,80
112000429,988,866,122
112000430,1533,1530,3
112000431,56,89,-33
112000432,187,188,-1
112000433,234,158,76
112000437,15,76,-61
112900001,56,3,53
112900002,626,120,506
112900003,61,56,5
112900004,64,85,-21
112900005,198,23,175
112900006,2,25,-23
112900007,34,20,14
112900008,0,33,-33
112900009,244,138,106
112900010,250,110,140
112900011,60,18,42
112900012,1,8,-7
112900013,0,30,-30
112900014,0,35,-35
112900015,15,150,-135
112900016,8,49,-41
112900017,24,43,-19
112900018,0,50,-50
112900019,1,55,-54
112900020,179,217,-38
112900021,1,112,-111
112900022,4,23,-19
112900023,0,28,-28
112900024,2,19,-17
112900025,35,32,3
112900026,6,26,-20
112900027,1,131,-130
112900028,0,27,-27
112900029,0,36,-36
112900030,34,20,14
112900031,3,46,-43
112900032,73,38,35
112900034,0,12,-12
112900035,6,26,-20
112900036,5,15,-10
112900037,10,136,-126
112900038,709,35,674
112900039,4,31,-27
112900040,0,57,-57
112900041,67,508,-441
112900042,117,62,55
112900043,28,14,14
112900044,40,87,-47
112900045,58,29,29
112900046,27,6,21
112900047,2,2,0
112900049,304,6,298
112900050,11,227,-216
112900051,50,102,-52
112900052,3,169,-166
112900053,20,131,-111
112900054,27,34,-7
112900055,9,1,8
112900056,182,151,31
112900057,4,83,-79
112900058,217,173,44
112900059,51,72,-21
112900060,4,17,-13
112900061,25,21,4
112900062,39,24,15
112900063,10,8,2
112900064,26,3,23
112900065,4,6,-2
112900066,184,350,-166
112900067,161,10,151
112900068,28,80,-52
112900069,362,617,-255
112900071,29,7,22
112900072,18,2771,-2753
112900073,328,158,170
112900074,44,350,-306
112900075,253,765,-512
112900076,11,24,-13
112900078,217,438,-221
112900079,152,2,150
112900080,118,1,117
112900081,104,288,-184
112900082,534,19,515
112900083,110,123,-13
112900084,151,149,2
112900086,64,0,64
112900087,1021,49,972
112900088,103,0,103
112900089,664,19,645
112900090,51,51,0
112900091,276,4,272
112900092,32,439,-407
112900093,988,19,969
112900095,87,1,86
112900096,480,94,386
112900097,29,53,-24
112900098,51,0,51
112900099,982,5,977
112900100,93,0,93
112900101,394,2,392
112900102,54,25,29
112900103,203,8,195
112900104,220,0,220
112900105,7,0,7
112900106,200,43,157
112900107,7,1,6
112900108,0,0,0
112900109,165,1,164
112900110,1461,8,1453
112900111,616,2,614
112900112,269,1,268
112900113,0,0,0
112900114,371,14,357
112900115,2204,0,2204
112900116,97,27,70
112900117,4,8,-4
112900118,1,2,-1
112900119,62,0,62
112900120,155,125,30
112900121,119,30,89
112900122,1,4,-3
112900123,165,12,153
112900124,0,4,-4
112900125,19,63,-44
112900126,19,37,-18
112900127,266,30,236
112900128,24,45,-21
112900129,0,180,-180
112900130,100,34,66
112900131,3,61,-58
112900132,21,79,-58
112900133,0,284,-284
112900134,0,45,-45
112900135,34,10,24
112900137,0,149,-149
112900138,0,20,-20
112900139,15,286,-271
112900141,621,35,586
112900142,28,113,-85
112900143,2,284,-282
112900144,1,419,-418
112900145,1,154,-153
112900146,0,45,-45
112900147,0,189,-189
112900148,12,0,12
112900149,83,124,-41
112900151,0,6,-6
112900152,1423,128,1295
112900153,70,1107,-1037
112900154,0,18,-18
112900155,63,9,54
112900156,278,194,84
112900157,451,41,410
112900158,39,1,38
112900159,107,146,-39
112900160,16,48,-32
112900161,62,11,51
112900162,4,28,-24
112900163,3,53,-50
112900164,7,36,-29
112900165,14,16,-2
112900166,0,21,-21
112900167,0,36,-36
112900168,11,1,10
112900169,0,3,-3
112900170,190,3,187
112900172,32,32,0
112900173,83,10,73
112900174,207,28,179
112900175,48,50,-2
112900176,14,62,-48
112900177,277,21,256
112900178,231,1707,-1476
112900179,1,160,-159
112900180,898,657,241
112900181,746,0,746
112900182,20,175,-155
112900183,36,95,-59
112900184,70,104,-34
112900185,7,73,-66
112900186,312,245,67
112900187,13,278,-265
112900188,311,680,-369
112900189,11,1,10
112900190,3,1,2
112900192,219,131,88
112900193,262,91,171
112900194,75,0,75
112900195,297,11,286
112900196,149,115,34
112900197,16,90,-74
112900199,520,40,480
112900200,271,25,246
112900201,231,18,213
112900202,327,138,189
112900203,185,24,161
112900204,74,67,7
112900205,7,0,7
112900206,8,12,-4
112900207,90,0,90
112900208,47,84,-37
112900209,56,93,-37
112900210,0,1,-1
112900211,20,1,19
112900212,0,2,-2
112900213,56,1,55
112900214,8,2,6
112900215,16,13,3
112900216,2,15,-13
112900217,2,4,-2
112900218,31,9,22
112900219,109,2,107
112900220,2,0,2
112900221,21,23,-2
112900222,0,51,-51
112900223,373,14,359
112900224,680,66,614
112900225,431,37,394
112900226,33,99,-66
112900227,920,197,723
112900228,106,41,65
112900229,377,9,368
112900230,2439,1094,1345
112900232,178,203,-25
112900233,46,17,29
112900234,78,0,78
112900235,15,8,7
112900236,683,2,681
112900237,331,231,100
112900238,20,0,20
112900239,106,648,-542
112900240,1,17,-16
112900241,1,13,-12
112900242,0,21,-21
112900243,0,27,-27
112900244,2,19,-17
112900245,1,15,-14
112900246,0,5,-5
112900247,68,40,28
112900248,3,1,2
112900249,3,11,-8
112900250,46,9,37
112900251,53,0,53
112900252,123,0,123
112900253,58,0,58
112900254,21,3,18
112900255,0,24,-24
112900256,10,12,-2
112900257,21,6,15
112900258,18,4,14
113000001,2667,2188,479
113000002,2351,1877,474
113000003,704,658,46
113000004,817,975,-158
113000005,696,418,278
113000006,705,689,16
113000007,1167,447,720
113000008,976,496,480
113000009,750,304,446
113000010,757,398,359
113000011,316,505,-189
113000012,652,256,396
113000013,308,290,18
113000014,351,541,-190
113000015,39,136,-97
113000016,82,266,-184
113000017,60,129,-69
113000018,305,32,273
113000019,51,64,-13
113000020,145,24,121
113000021,899,182,717
113000022,598,650,-52
113000025,25,89,-64
113000026,519,293,226
113000027,513,335,178
113000028,186,170,16
113000029,254,326,-72
113000030,35,145,-110
113000031,76,107,-31
113000032,99,61,38
113000033,190,89,101
113000034,61,29,32
113000035,6,1,5
113000036,31,15,16
113000037,15,10,5
113000038,0,26,-26
113000039,18,163,-145
113000040,32,15,17
113000042,243,172,71
113000051,396,1154,-758
113000052,791,141,650
113000053,274,101,173
113000054,254,289,-35
113000055,946,168,778
113000056,1126,269,857
113000058,196,375,-179
113000059,778,80,698
113000060,136,254,-118
113000061,327,412,-85
113000062,133,193,-60
113000063,313,23,290
113000064,171,61,110
113000065,171,215,-44
113000066,851,63,788
113000067,2075,202,1873
113000068,265,165,100
113000069,260,182,78
113000070,2230,203,2027
113000071,268,130,138
113000072,736,116,620
113000073,201,345,-144
113000074,510,279,231
113000075,1209,355,854
113000076,194,970,-776
113000077,336,376,-40
113000078,243,481,-238
113000079,118,240,-122
113000080,224,311,-87
113000081,406,339,67
113000082,344,155,189
113000083,397,292,105
113000084,596,239,357
113000085,723,252,471
113000086,312,358,-46
113000087,637,546,91
113000088,404,393,11
113000089,447,736,-289
113000090,42,307,-265
113000091,79,63,16
113000094,730,90,640
113000095,114,88,26
113000096,16,155,-139
113000097,505,166,339
113000098,46,17,29
113000099,457,116,341
113000100,56,91,-35
113000101,75,90,-15
113000102,419,179,240
113000103,1828,181,1647
113000104,429,1223,-794
113000105,631,176,455
113000106,332,86,246
113000107,796,462,334
113000108,544,298,246
113000109,227,669,-442
113000110,1782,391,1391
113000111,144,233,-89
113000112,476,180,296
113000113,759,211,548
113000114,79,411,-332
113000116,147,91,56
113000117,272,121,151
113000118,75,272,-197
113000119,133,265,-132
113000120,27,227,-200
113000121,151,325,-174
113000124,207,70,137
113000125,11,743,-732
113000127,522,54,468
113000128,596,116,480
113000129,175,238,-63
113000133,657,86,571
113000134,8,781,-773
113000135,2277,2202,75
113000137,498,1838,-1340
113000139,124,77,47
113000140,49,32,17
113000141,49,32,17
113000142,108,110,-2
113000143,130,48,82
113000144,82,67,15
113000145,102,27,75
113000146,30,6,24
113000147,56,2,54
113000148,206,33,173
113000149,73,61,12
113000150,198,93,105
113000151,9,3,6
113000152,26,128,-102
113000153,274,97,177
113000154,174,721,-547
113000155,155,344,-189
113000156,27,101,-74
113000157,100,97,3
113000158,120,37,83
113000159,397,48,349
113000160,154,135,19
113000161,153,114,39
113000162,229,28,201
113000163,53,8,45
113000164,23,5,18
113000166,255,11,244
113000167,46,36,10
113000168,95,18,77
113000169,186,8,178
113000170,80,33,47
113000171,13,15,-2
113000172,189,10,179
113000173,73,15,58
113000174,67,55,12
113000175,339,14,325
113000176,568,26,542
113000177,109,55,54
113000178,77,80,-3
113000179,236,35,201
113000180,612,1147,-535
113000181,1460,669,791
113000182,20,146,-126
113000183,248,358,-110
113000184,6,10,-4
113000189,67,219,-152
113000190,150,58,92
113000192,550,1610,-1060
113000193,975,1051,-76
113000194,626,1022,-396
113000195,994,600,394
113000196,447,76,371
113000197,795,1047,-252
113000198,45,119,-74
113000199,536,193,343
113000201,82,142,-60
113000202,1786,471,1315
113000203,34,17,17
113000204,187,1281,-1094
113000205,0,2,-2
113000206,12,0,12
113000207,28,3,25
113000208,12,6,6
113000209,2,11,-9
113000210,1,33,-32
113000211,38,41,-3
113000212,31,10,21
113000213,5,35,-30
113000214,107,110,-3
113000234,80,180,-100
113000410,34,74,-40
113000411,736,1074,-338
113000412,2278,678,1600
113000413,610,927,-317
113000414,1428,5870,-4442
113000415,731,562,169
113000416,1037,704,333
113000417,342,416,-74
113000418,2617,2059,558
113000419,604,644,-40
113000420,1687,2593,-906
113000421,2411,3748,-1337
113000422,3995,4166,-171
113000423,502,1654,-1152
113000424,644,4204,-3560
113000425,0,22,-22
113000428,3,3,0
113000430,1,31,-30
113000432,2186,97,2089
113000433,129,293,-164
113000434,20,77,-57
113000435,12,84,-72
113000436,4,373,-369
113000437,866,40,826
113000438,146,12,134
113000439,23,9,14
113000440,99,36,63
113000441,149,119,30
113000442,127,14,113
113000443,415,30,385
113000444,232,9,223
113000445,113,21,92
113000446,32,20,12
113000448,69,150,-81
113000449,34,797,-763
113000450,451,1760,-1309
113000451,912,318,594
113000452,30,457,-427
113000453,245,196,49
113000454,48,111,-63
113000455,3,180,-177
113000456,392,612,-220
113000468,491,87,404
113000469,49,88,-39
113000470,289,3,286
113000471,2,234,-232
113000472,73,60,13
113000474,1089,390,699
113000475,574,579,-5
113000476,1287,1162,125
113000477,2950,1059,1891
113000478,1542,1497,45
113000479,33,78,-45
113000484,0,0,0
113000485,0,0,0
113000486,0,0,0
113000487,0,0,0
113000488,0,0,0
113000489,0,0,0
113000490,0,0,0
113000491,0,0,0
113000492,0,0,0
113000493,0,0,0
113000495,85,27,58
113000496,77,99,-22
113900001,2,275,-273
113900002,0,86,-86
113900003,4,23,-19
113900004,0,33,-33
113900005,0,84,-84
113900006,1,214,-213
113900007,0,0,0
113900008,0,0,0
113900009,0,0,0
113900010,0,0,0
113900011,0,0,0
113900012,276,2,274
113900013,73,12,61
113900014,318,2,316
113900015,0,9,-9
113900016,22,0,22
113900017,0,12,-12
113900018,21,133,-112
113900019,115,5,110
113900020,174,1,173
113900022,16,1,15
113900023,41,0,41
113900024,25,1,24
113900025,63,8,55
113900026,15,0,15
113900027,4,16,-12
113900028,7,161,-154
113900029,34,44,-10
113900030,438,3,435
113900031,30,2,28
113900032,8,0,8
113900033,22,6,16
113900035,41,1,40
113900036,13,22,-9
113900037,106,268,-162
113900038,31,49,-18
113900039,194,7,187
113900040,2,2,0
113900041,24,0,24
113900042,24,2,22
113900043,90,26,64
113900044,26,112,-86
113900045,30,1,29
113900046,53,251,-198
113900047,117,7,110
113900048,28,46,-18
113900049,64,233,-169
113900050,38,37,1
113900051,60,28,32
113900052,8,12,-4
113900053,121,499,-378
113900054,2,0,2
113900055,24,115,-91
113900056,16,3,13
113900057,3,12,-9
113900058,46,5,41
113900059,83,24,59
113900060,41,51,-10
113900061,123,48,75
113900062,36,0,36
113900063,23,5,18
113900064,1,11,-10
113900065,501,17,484
113900066,261,24,237
113900067,223,19,204
113900068,250,402,-152
113900069,8,15,-7
113900070,28,76,-48
113900071,68,6,62
113900072,3,14,-11
113900073,257,127,130
113900074,120,45,75
113900075,234,824,-590
113900076,52,0,52
113900077,30,40,-10
113900078,7,17,-10
113900079,0,8,-8
113900080,184,30,154
113900081,15,20,-5
113900082,46,56,-10
113900083,264,44,220
113900084,48,16,32
113900085,1,36,-35
113900086,43,6,37
113900087,18,59,-41
113900088,75,113,-38
113900089,174,5,169
113900090,95,71,24
113900091,0,1,-1
113900092,6,19,-13
113900093,6,398,-392
113900094,335,90,245
113900095,113,18,95
113900096,130,21,109
113900097,14,11,3
113900098,430,77,353
113900099,0,2,-2
113900100,0,0,0
113900101,3,30,-27
113900102,7,29,-22
113900103,65,177,-112
113900104,39,45,-6
113900105,154,15,139
113900106,0,2,-2
113900107,0,6,-6
113900108,11,29,-18
113900109,19,56,-37
113900110,5,1,4
113900111,56,19,37
113900112,124,13,111
113900113,377,78,299
113900114,0,4,-4
113900115,0,15,-15
113900116,8,24,-16
113900117,16,1,15
113900118,35,374,-339
113900119,52,123,-71
113900120,42,8,34
113900121,73,15,58
113900122,81,2233,-2152
113900123,142,18,124
113900124,1,14,-13
113900125,193,29,164
113900126,11,11,0
113900127,72,260,-188
113900128,117,14,103
113900129,4,39,-35
113900130,0,8,-8
113900131,116,5,111
113900132,15,19,-4
113900133,5,11,-6
113900135,134,78,56
113900136,17,7,10
113900137,119,122,-3
113900138,15,36,-21
113900139,29,87,-58
113900140,29,93,-64
113900141,337,85,252
113900142,26,2,24
113900143,3,20,-17
113900144,57,64,-7
113900145,72,3,69
113900146,117,13,104
113900148,17,36,-19
113900149,54,74,-20
113900150,267,35,232
113900151,271,22,249
113900152,2,46,-44
113900153,62,42,20
113900154,0,27,-27
113900155,5,30,-25
113900156,52,69,-17
113900157,10,199,-189
113900158,38,40,-2
113900159,0,83,-83
113900160,97,57,40
113900161,60,56,4
113900162,27,110,-83
113900163,114,42,72
113900164,234,7,227
113900165,126,112,14
113900166,11,14,-3
113900167,249,24,225
113900168,3,9,-6
113900169,24,69,-45
113900171,160,32,128
113900172,1,11,-10
113900173,0,81,-81
113900174,66,130,-64
113900175,78,89,-11
113900176,59,52,7
113900177,38,49,-11
113900178,68,55,13
113900179,6,160,-154
113900180,36,16,20
113900181,457,60,397
113900182,174,63,111
113900183,22,9,13
113900184,1,165,-164
113900185,19,0,19
113900186,6,1,5
113900187,4,9,-5
113900188,6,14,-8
113900189,147,63,84
113900190,99,10,89
113900191,2,25,-23
113900192,0,121,-121
113900193,3,39,-36
113900194,394,53,341
113900195,88,94,-6
113900196,0,14,-14
113900197,0,23,-23
113900198,2,79,-77
113900199,21,61,-40
113900200,0,19,-19
113900201,0,31,-31
113900202,0,27,-27
113900203,0,17,-17
113900204,10,52,-42
113900205,1,5,-4
113900206,0,9,-9
113900207,0,13,-13
113900208,0,6,-6
113900209,0,3,-3
113900210,85,118,-33
113900211,62,6,56
113900212,275,124,151
113900214,68,63,5
113900215,175,34,141
113900216,43,48,-5
113900217,79,72,7
113900218,38,47,-9
113900219,44,104,-60
113900220,27,64,-37
113900221,42,198,-156
113900222,5,226,-221
113900223,119,43,76
113900224,14,14,0
113900225,118,39,79
113900226,65,10,55
113900227,99,40,59
113900228,43,197,-154
113900229,11,269,-258
113900230,459,808,-349
113900231,14,22,-8
113900232,20,5,15
113900233,37,26,11
113900234,50,164,-114
113900235,68,4,64
113900236,325,23,302
113900237,84,13,71
113900238,71,154,-83
113900239,5,26,-21
113900240,1,14,-13
113900241,5,15,-10
113900242,0,22,-22
113900243,7,58,-51
113900244,54,58,-4
113900245,110,59,51
113900246,4,15,-11
113900247,24,227,-203
113900248,517,564,-47
113900249,86,260,-174
113900250,30,128,-98
113900251,594,27,567
113900252,444,3,441
113900253,200,0,200
113900254,163,19,144
113900255,652,11,641
113900256,281,32,249
113900257,2,110,-108
113900258,2,178,-176
113900259,321,40,281
113900260,114,5,109
113900261,14,5,9
113900262,166,91,75
113900263,2,41,-39
113900264,1,84,-83
113900265,35,75,-40
113900266,16,41,-25
113900267,5,121,-116
113900268,18,83,-65
113900269,20,46,-26
113900270,75,79,-4
113900271,89,96,-7
113900273,3,4,-1
113900274,30,7,23
113900275,1,26,-25
113900276,2,52,-50
113900277,141,8,133
113900278,29,26,3
113900279,7,7,0
113900280,224,119,105
113900281,52,428,-376
113900282,53,83,-30
113900283,150,154,-4
113900284,583,45,538
113900285,35,3,32
113900286,37,8,29
113900287,25,3,22
113900288,0,71,-71
113900289,105,88,17
113900290,74,161,-87
113900291,16,36,-20
113900292,3,2,1
113900293,16,97,-81
113900294,440,19,421
113900295,129,53,76
113900296,457,146,311
113900297,985,18,967
113900298,15,163,-148
113900299,73,75,-2
113900300,1186,2072,-886
113900301,113,307,-194
113900302,827,279,548
113900303,58,352,-294
113900304,0,21,-21
113900305,155,0,155
113900306,42,0,42
113900307,12,0,12
113900308,5,4,1
113900309,0,258,-258
113900310,0,4,-4
113900311,7,0,7
113900312,10,48,-38
113900313,4,0,4
113900314,0,0,0
113900315,138,0,138
114000001,500,498,2
114000002,183,104,79
114000003,202,193,9
114000004,495,51,444
114000005,353,97,256
114000006,516,298,218
114000007,446,401,45
114000008,667,540,127
114000009,1117,60,1057
114000011,1613,762,851
114000012,2832,782,2050
114000013,1394,445,949
114000014,394,97,297
114000015,1431,105,1326
114000016,217,26,191
114000017,89,584,-495
114000018,25,8,17
114000026,2444,398,2046
114000027,3254,990,2264
114000028,1165,1743,-578
114000038,280,50,230
114000039,162,27,135
114000040,156,290,-134
114000042,88,107,-19
114000043,105,103,2
114000044,473,19,454
114000045,25,3,22
114000046,622,1192,-570
114000047,0,52,-52
114000048,86,47,39
114000049,1302,556,746
114000050,1411,392,1019
114000051,1871,944,927
114000052,1835,1580,255
114000053,10,407,-397
114000054,126,340,-214
114000055,253,14,239
114000056,28,245,-217
114000057,1447,781,666
114000058,11,324,-313
114000059,11,451,-440
114000060,161,260,-99
114000061,858,889,-31
114000062,167,430,-263
114000063,447,380,67
114000064,733,1621,-888
114000065,449,590,-141
114000066,388,411,-23
114000067,11,739,-728
114000068,155,325,-170
114000069,527,95,432
114000070,1040,825,215
114000071,720,83,637
114000072,585,47,538
114000073,24,27,-3
114000074,60,5,55
114000075,63,17,46
114000076,29,11,18
114000077,2,7,-5
114000078,199,104,95
114000079,381,29,352
114000080,44,40,4
114000081,80,28,52
114000082,30,123,-93
114000083,33,16,17
114000084,131,78,53
114000085,22,76,-54
114000086,228,101,127
114000087,253,12,241
114000088,64,23,41
114000089,256,84,172
114000090,514,276,238
114000091,522,354,168
114000092,278,122,156
114000093,885,100,785
114000094,280,144,136
114000095,273,150,123
114000096,26,184,-158
114000097,77,202,-125
114000098,756,136,620
114000099,493,125,368
114000100,1753,224,1529
114000101,209,146,63
114000102,979,106,873
114000103,104,106,-2
114000104,1,51,-50
114000105,249,44,205
114000106,244,1390,-1146
114000107,287,70,217
114000108,425,326,99
114000109,665,2050,-1385
114000110,452,288,164
114000111,1728,858,870
114000112,172,516,-344
114000113,2156,134,2022
114000114,206,329,-123
114000115,2207,316,1891
114000116,675,3189,-2514
114000117,3279,261,3018
114000118,3075,108,2967
114000119,2455,293,2162
114000120,629,520,109
114000121,154,159,-5
114000122,275,118,157
114000123,1970,163,1807
114000124,991,159,832
114000125,769,522,247
114000126,1114,174,940
114000127,68,91,-23
114000128,688,142,546
114000130,383,401,-18
114000131,341,14,327
114000132,394,99,295
114000133,334,159,175
114000134,38,6,32
114000138,0,7,-7
114000139,156,111,45
114000144,409,271,138
114000145,22,1,21
114000146,52,32,20
114000147,465,1566,-1101
114000148,362,826,-464
114000149,148,139,9
114000150,150,260,-110
114000151,265,2896,-2631
114000152,41,7,34
114000153,330,468,-138
114000154,271,174,97
114000155,555,2023,-1468
114000156,515,300,215
114000157,216,648,-432
114000158,249,195,54
114000159,153,93,60
114000160,46,59,-13
114000161,532,630,-98
114000162,623,986,-363
114000163,0,8,-8
114000165,207,126,81
114000166,131,164,-33
114000167,1183,722,461
114000168,324,47,277
114000169,398,491,-93
114000170,595,421,174
114000171,870,6935,-6065
114000174,72,59,13
114000176,125,100,25
114000177,315,211,104
114000178,43,12,31
114000179,546,614,-68
114000180,152,139,13
114000181,827,3310,-2483
114000182,417,893,-476
114000183,284,251,33
114000184,1205,275,930
114000185,844,534,310
114000189,1421,102,1319
114000190,2709,256,2453
114000191,96,316,-220
114000192,77,300,-223
114000193,125,476,-351
114000194,1317,578,739
114000195,290,151,139
114000196,1,64,-63
114000197,1930,14,1916
114000198,236,210,26
114000199,484,898,-414
114000200,362,521,-159
114000201,159,295,-136
114000202,712,406,306
114000203,945,490,455
114000204,33,116,-83
114000205,200,559,-359
114000206,343,517,-174
114000207,219,324,-105
114000208,390,328,62
114000209,256,465,-209
114000210,160,339,-179
114000211,1712,585,1127
114000212,1018,698,320
114000213,2146,317,1829
114000214,71,14,57
114000215,65,10,55
114000216,1126,317,809
114000217,343,148,195
114000218,238,93,145
114000219,1414,92,1322
114000220,26,172,-146
114000221,1258,94,1164
114000222,105,274,-169
114000223,528,79,449
114000224,37,188,-151
114000225,320,131,189
114000226,311,64,247
114000227,1167,366,801
114000228,904,219,685
114000229,1422,678,744
114000230,1352,367,985
114000231,877,861,16
114000232,1137,117,1020
114000233,1940,39,1901
114000234,1191,477,714
114000235,1274,782,492
114000236,0,146,-146
114000237,109,256,-147
114000238,68,190,-122
114000239,69,308,-239
114000240,663,978,-315
114000241,318,392,-74
114000242,587,352,235
114000243,1733,863,870
114000244,318,186,132
114000245,382,905,-523
114000246,70,30,40
114000247,477,361,116
114000248,1230,493,737
114000249,911,223,688
114000250,709,145,564
114000251,148,85,63
114000252,75,18,57
114000253,39,25,14
114000254,35,5,30
114000255,131,72,59
114000256,159,333,-174
114000257,365,465,-100
114000258,249,92,157
114000259,133,140,-7
114000260,0,3,-3
114000261,75,19,56
114000262,233,38,195
114000263,5,0,5
114000264,1221,108,1113
114000265,0,0,0
114000267,2,1496,-1494
114000268,0,455,-455
114000270,194,1,193
114000271,158,162,-4
114000283,1594,176,1418
114000285,1,110,-109
114000288,107,131,-24
114000289,1887,42,1845
114000293,242,144,98
114000294,185,220,-35
114000395,1153,15,1138
114000396,365,153,212
114000402,647,118,529
114000403,413,116,297
114000405,289,155,134
114000423,464,134,330
114000424,596,106,490
114000425,1204,96,1108
114000426,312,708,-396
114000427,37,6,31
114000428,87,38,49
114000429,19,53,-34
114000432,83,22,61
114000434,10,29,-19
114000435,0,52,-52
114900001,415,79,336
114900002,180,30,150
114900003,449,118,331
114900004,76,231,-155
114900005,230,121,109
114900006,51,48,3
114900007,71,7,64
114900008,365,7,358
114900010,310,958,-648
114900011,408,66,342
114900013,268,20,248
114900018,1036,25,1011
114900020,33,39,-6
114900022,28,322,-294
114900025,418,37,381
114900026,102,50,52
114900029,246,25,221
114900030,326,64,262
114900031,458,11,447
114900032,563,1,562
114900034,7,13,-6
114900035,16,104,-88
114900036,58,78,-20
114900039,593,60,533
114900040,148,8,140
114900041,1069,32,1037
114900042,864,49,815
114900044,82,28,54
114900047,22,2435,-2413
114900048,12,41,-29
114900049,14,35,-21
114900050,29,64,-35
114900051,2,49,-47
114900052,8,90,-82
114900053,4,87,-83
114900054,9,11,-2
114900057,68,24,44
114900058,0,24,-24
114900059,101,27,74
114900063,64,6,58
114900064,1511,46,1465
114900065,303,503,-200
114900067,10,55,-45
114900068,9,24,-15
114900069,145,23,122
114900070,443,45,398
114900072,0,25,-25
114900073,0,17,-17
114900074,1026,32,994
114900075,194,1,193
114900076,3,21,-18
114900080,161,66,95
114900082,886,1216,-330
114900083,58,182,-124
114900090,514,52,462
114900091,80,57,23
114900097,193,1,192
114900098,0,26,-26
114900099,192,22,170
115000001,1915,1181,734
115000002,2260,4235,-1975
115000003,1810,787,1023
115000004,2989,3876,-887
115000005,758,966,-208
115000006,974,706,268
115000007,154,131,23
115000008,191,247,-56
115000009,195,129,66
115000010,141,130,11
115000013,11,61,-50
115000015,3,109,-106
115000016,30,91,-61
115000019,7,358,-351
115000020,23,533,-510
115000021,90,196,-106
115000022,79,130,-51
115000023,211,317,-106
115000024,181,114,67
115000025,602,285,317
115000026,152,62,90
115000027,261,148,113
115000028,69,71,-2
115000029,748,31,717
115000030,249,144,105
115000031,416,51,365
115000032,4,83,-79
115000033,72,3,69
115000034,83,243,-160
115000035,540,79,461
115000036,0,81,-81
115000037,375,30,345
115000038,65,85,-20
115000039,1415,2272,-857
115000040,1664,1660,4
115000041,757,2744,-1987
115000042,237,277,-40
115000043,1975,1337,638
115000044,1504,1353,151
115000045,1427,470,957
115000046,2695,1217,1478
115000047,1889,906,983
115000048,1133,845,288
115000049,947,1150,-203
115000050,2010,982,1028
115000051,986,2873,-1887
115000052,734,933,-199
115000053,1575,2066,-491
115000054,532,463,69
115000055,114,496,-382
115000056,207,151,56
115000057,432,792,-360
115000058,45,300,-255
115000059,139,377,-238
115000061,105,162,-57
115000062,232,359,-127
115000063,320,215,105
115000064,135,47,88
115000065,65,365,-300
115000067,243,6,237
115000069,53,174,-121
115000070,50,564,-514
115000071,103,28,75
115000072,21,38,-17
115000073,835,34,801
115000075,43,57,-14
115000076,1082,697,385
115000077,1110,494,616
115000078,964,278,686
115000079,844,547,297
115000080,2562,653,1909
115000081,123,257,-134
115000082,3083,2185,898
115000083,1480,471,1009
115000084,2503,396,2107
115000085,794,240,554
115000086,594,259,335
115000087,330,696,-366
115000088,1145,371,774
115000089,931,634,297
115000090,261,476,-215
115000091,199,304,-105
115000092,944,398,546
115000093,638,0,638
115000094,2520,5397,-2877
115000095,1831,4269,-2438
115000096,692,282,410
115000097,1392,979,413
115000098,1229,200,1029
115000099,1713,600,1113
115000100,1544,265,1279
115000101,395,336,59
115000102,428,138,290
115000103,208,265,-57
115000105,99,48,51
115000106,647,278,369
115000107,117,104,13
115000108,875,663,212
115000109,1682,3987,-2305
115000110,645,1641,-996
115000111,132,323,-191
115000112,299,349,-50
115000113,165,183,-18
115000114,284,69,215
115000116,684,741,-57
115000117,853,817,36
115000118,830,865,-35
115000119,543,812,-269
115000120,322,810,-488
115000121,250,315,-65
115000122,319,673,-354
115000123,323,739,-416
115000124,379,548,-169
115000125,178,611,-433
115000126,55,222,-167
115000127,181,96,85
115000128,148,366,-218
115000129,142,426,-284
115000130,216,183,33
115000131,522,121,401
115000132,321,114,207
115000133,544,69,475
115000134,276,89,187
115000135,104,142,-38
115000136,129,106,23
115000137,38,85,-47
115000138,172,101,71
115000139,106,33,73
115000140,339,77,262
115000141,148,57,91
115000142,68,28,40
115000143,635,202,433
115000144,272,34,238
115000145,184,70,114
115000146,277,119,158
115000147,171,153,18
115000148,151,344,-193
115000149,447,128,319
115000150,304,113,191
115000151,819,169,650
115000152,415,192,223
115000153,973,165,808
115000154,736,114,622
115000155,339,213,126
115000156,287,462,-175
115000157,143,186,-43
115000158,24,132,-108
115000159,169,184,-15
115000160,118,116,2
115000161,148,290,-142
115000162,228,783,-555
115000163,125,162,-37
115000164,144,285,-141
115000165,95,256,-161
115000167,20,26,-6
115000168,380,196,184
115000169,112,530,-418
115000170,32,126,-94
115000171,132,287,-155
115000172,396,440,-44
115000173,154,683,-529
115000174,30,256,-226
115000175,92,87,5
115000176,12,109,-97
115000177,8,165,-157
115000178,1,141,-140
115000179,16,54,-38
115000180,50,142,-92
115000181,539,54,485
115000182,777,147,630
115000183,350,196,154
115000186,322,31,291
115000187,146,96,50
115000188,226,171,55
115000189,221,271,-50
115000190,415,239,176
115000191,145,363,-218
115000194,66,19,47
115000195,37,27,10
115000196,288,14,274
115000197,143,77,66
115000198,491,35,456
115000199,464,61,403
115000200,333,44,289
115000201,144,141,3
115000206,430,5,425
115000207,155,41,114
115000208,78,263,-185
115000209,290,198,92
115000210,123,58,65
115000211,73,95,-22
115000212,408,172,236
115000224,156,3,153
115000225,103,12,91
115000229,55,57,-2
115000230,17,72,-55
115000231,280,440,-160
115000232,2074,160,1914
115000233,113,66,47
115000234,48,56,-8
115000241,77,75,2
115000242,97,27,70
115000243,36,37,-1
115000244,18,29,-11
115000246,28,7,21
115000247,15,2,13
115000248,47,9,38
115000249,3,4,-1
115000250,155,8,147
115000251,232,5,227
115000252,85,84,1
115000253,1,239,-238
115000258,189,11,178
115000259,55,9,46
115000261,43,2,41
115000262,0,23,-23
115000263,5,16,-11
115000264,3,1,2
115000267,26,21,5
115000268,21,24,-3
115000269,56,26,30
115000270,9,24,-15
115000272,56,35,21
115000273,277,6,271
115000280,252,294,-42
115000281,56,1060,-1004
115000282,231,800,-569
115000284,54,150,-96
115000296,308,10,298
115000297,10,346,-336
115000298,9,493,-484
115000300,56,132,-76
115000302,336,52,284
115000303,768,20,748
115000304,722,35,687
115000305,68,59,9
115000306,278,46,232
115000307,148,76,72
115000308,2,0,2
115000309,1,94,-93
115000310,1402,241,1161
115000311,1060,421,639
115000313,47,71,-24
115000314,339,109,230
115000315,140,497,-357
115000316,19,91,-72
115000317,91,158,-67
115000318,671,197,474
115000319,57,58,-1
115000320,5,256,-251
115000321,248,31,217
115000322,20,102,-82
115000449,47,124,-77
115000557,2,1909,-1907
115000558,79,27,52
115000587,601,119,482
115000588,1098,1313,-215
115000589,2737,1280,1457
115000590,340,659,-319
115000591,913,422,491
115000592,418,550,-132
115000593,1312,286,1026
115000594,238,1055,-817
115000609,160,189,-29
115000617,191,1756,-1565
115000624,297,8,289
115000633,183,717,-534
115000634,1662,326,1336
115000635,343,52,291
115000638,87,201,-114
115000641,14,145,-131
115000642,174,76,98
115000643,40,152,-112
115000644,76,136,-60
115000646,247,473,-226
115000647,97,215,-118
115000648,1780,302,1478
115000893,833,425,408
115000894,67,420,-353
115000895,137,383,-246
115000896,596,195,401
115000897,107,61,46
115000898,97,124,-27
115000899,85,554,-469
115000900,5,107,-102
115000901,36,164,-128
115000912,219,68,151
115000913,1,5,-4
115000915,2,0,2
115000916,29,22,7
115000917,0,36,-36
115000918,8,546,-538
115000919,1,37,-36
115000920,1,20,-19
115000921,55,29,26
115000922,200,346,-146
115000923,41,567,-526
115000925,104,77,27
115000927,28,31,-3
115000933,10,231,-221
115000934,44,105,-61
115000935,48,32,16
115000936,39,635,-596
115000937,169,112,57
115000938,5,21,-16
115000939,4,66,-62
115000940,7,27,-20
115000941,0,31,-31
115000942,0,46,-46
115000943,0,21,-21
115000944,0,5,-5
115900001,293,1,292
115900002,26,54,-28
115900003,150,13,137
115900004,0,20,-20
115900005,398,5,393
115900006,40,38,2
115900008,154,0,154
115900009,12,17,-5
115900010,394,11,383
115900011,219,28,191
115900012,239,3,236
115900013,362,26,336
115900014,48,26,22
115900015,202,2,200
115900016,54,13,41
115900017,49,21,28
115900018,59,8,51
115900019,2,6,-4
115900020,115,0,115
115900021,233,193,40
115900022,212,1,211
115900023,9,26,-17
115900025,0,15,-15
115900026,303,18,285
115900027,0,49,-49
115900028,115,12,103
115900029,1,49,-48
115900030,69,19,50
115900031,14,91,-77
115900032,77,149,-72
115900033,0,5,-5
115900034,5,82,-77
115900035,6,17,-11
115900036,5,1064,-1059
115900037,1,86,-85
115900038,10,5,5
115900039,29,30,-1
115900041,52,490,-438
115900042,29,0,29
115900043,36,2,34
115900044,62,329,-267
115900046,459,65,394
115900047,78,140,-62
115900049,149,89,60
115900051,1,18,-17
115900052,6,56,-50
115900053,225,14,211
115900054,303,18,285
115900055,35,50,-15
115900056,57,18,39
115900057,14,21,-7
115900058,10,16,-6
115900060,33,54,-21
115900061,300,0,300
115900062,15,23,-8
115900063,17,2,15
115900064,100,71,29
115900065,124,9,115
115900066,35,31,4
115900067,36,56,-20
115900068,833,1420,-587
115900069,29,56,-27
115900070,128,25,103
115900071,0,63,-63
115900072,12,58,-46
115900073,232,80,152
115900074,4,88,-84
115900075,6,45,-39
115900076,2,19,-17
115900077,1,36,-35
115900078,23,30,-7
115900079,231,0,231
115900080,51,11,40
115900081,53,19,34
115900082,46,26,20
115900084,634,2,632
115900085,9,12,-3
115900086,335,107,228
115900088,2,76,-74
115900089,370,154,216
115900090,603,1,602
115900091,0,3,-3
115900092,33,33,0
115900093,0,0,0
115900094,0,56,-56
115900096,1,1,0
115900097,2,168,-166
115900098,281,93,188
115900099,39,43,-4
115900100,3,160,-157
115900101,123,56,67
115900102,78,23,55
115900103,199,47,152
115900104,145,14,131
115900105,262,67,195
115900106,138,2,136
115900107,102,14,88
115900108,144,2,142
115900109,4,188,-184
115900110,33,1,32
115900111,0,12,-12
115900112,25,131,-106
115900113,57,2,55
115900114,0,37,-37
115900115,95,46,49
115900116,17,102,-85
115900117,66,1,65
115900118,25,94,-69
115900119,118,29,89
115900120,25,40,-15
115900121,189,7,182
115900124,65,529,-464
115900125,366,34,332
115900126,736,5,731
115900127,587,2,585
115900128,0,82,-82
115900129,190,2,188
115900130,2,290,-288
115900131,417,8,409
115900132,412,1,411
115900134,278,1,277
115900135,216,279,-63
115900137,27,6,21
115900139,46,33,13
115900140,508,5,503
115900141,0,10,-10
115900142,0,24,-24
115900143,229,84,145
115900144,135,47,88
115900146,3,25,-22
115900147,47,224,-177
115900148,4,13,-9
115900149,99,3,96
115900150,122,5,117
115900151,42,21,21
115900152,17,65,-48
115900153,119,43,76
115900154,69,146,-77
115900155,0,13,-13
115900156,253,239,14
115900157,232,228,4
115900158,15,4,11
115900159,267,70,197
115900160,0,3,-3
115900161,14,44,-30
115900163,206,22,184
115900164,585,5,580
115900166,49,15,34
115900168,338,39,299
115900171,48,57,-9
115900172,3,25,-22
115900173,61,18,43
115900174,83,46,37
115900175,125,19,106
115900178,49,110,-61
115900179,283,3,280
115900180,59,47,12
115900181,203,36,167
115900182,444,35,409
115900183,5,81,-76
115900184,52,0,52
115900187,1,151,-150
115900189,0,47,-47
115900190,47,261,-214
115900191,2,58,-56
115900192,1,57,-56
115900193,44,15,29
115900194,689,8,681
115900195,69,1727,-1658
115900198,140,128,12
115900199,181,7,174
115900200,131,14,117
115900201,183,245,-62
115900202,0,146,-146
115900203,1,2,-1
115900204,0,66,-66
115900205,3,4,-1
115900206,406,34,372
115900207,34,5,29
115900208,129,11,118
115900209,17,49,-32
115900210,2,91,-89
115900211,15,23,-8
115900212,187,16,171
115900213,31,182,-151
115900214,434,13,421
115900215,8,134,-126
115900216,1,25,-24
115900217,25,7,18
115900218,1,8,-7
115900219,198,0,198
115900220,267,2,265
115900221,211,5,206
115900222,104,6,98
115900223,4,254,-250
115900224,203,1356,-1153
115900225,24,24,0
115900226,6,26,-20
115900227,1,7,-6
115900228,0,4,-4
115900229,2,7,-5
115900230,15,9,6
115900231,98,1,97
115900232,28,0,28
115900233,111,2,109
115900234,30,13,17
115900235,5,28,-23
115900236,2,27,-25
115900237,26,6,20
115900238,6,1,5
115900239,12,14,-2
115900240,0,13,-13
115900241,302,3,299
115900242,210,235,-25
115900243,0,9,-9
115900244,0,0,0
115900245,64,5,59
115900246,0,1,-1
115900247,2,1,1
115900248,1,2,-1
115900249,0,3,-3
115900250,4,1,3
115900251,2,0,2
115900252,1,0,1
115900253,10,0,10
115900254,3,8,-5
115900255,0,8,-8
115900256,9,25,-16
115900257,2,1,1
115900258,1,0,1
115900259,3,1,2
115900260,5,1,4
115900261,0,0,0
115900262,6,0,6
115900263,1,0,1
115900264,0,0,0
115900265,0,0,0
115900266,28,7,21
115900267,3,2,1
115900268,0,5,-5
115900269,866,34,832
115900270,320,45,275
115900271,203,0,203
115900272,18,1,17
115900273,3,23,-20
115900274,0,0,0
115900275,0,0,0
115900276,0,2,-2
115900277,0,4,-4
115900278,90,27,63
115900279,32,154,-122
115900280,5,450,-445
115900281,98,274,-176
115900282,6,66,-60
115900283,71,1,70
115900284,7,2,5
116000001,2440,909,1531
116000002,2798,10931,-8133
116000003,494,556,-62
116000004,2881,4573,-1692
116000005,517,1302,-785
116000006,1474,2560,-1086
116000007,908,1091,-183
116000008,2742,1161,1581
116000009,449,1175,-726
116000010,2151,867,1284
116000011,356,531,-175
116000012,1542,659,883
116000013,2497,1513,984
116000014,5908,13516,-7608
116000015,38,490,-452
116000016,1748,3513,-1765
116000017,23,264,-241
116000018,90,91,-1
116000019,715,123,592
116000020,207,227,-20
116000021,517,173,344
116000022,300,164,136
116000023,715,569,146
116000024,458,245,213
116000025,620,351,269
116000026,581,947,-366
116000027,183,326,-143
116000028,446,619,-173
116000029,184,191,-7
116000030,416,408,8
116000031,1,17,-16
116000032,206,12,194
116000033,571,124,447
116000034,631,417,214
116000035,153,98,55
116000036,84,398,-314
116000037,121,219,-98
116000038,60,221,-161
116000039,157,288,-131
116000040,218,361,-143
116000041,32,256,-224
116000042,413,288,125
116000043,41,219,-178
116000044,8,46,-38
116000045,836,615,221
116000046,393,559,-166
116000047,978,1115,-137
116000048,1902,616,1286
116000049,1092,1118,-26
116000050,768,477,291
116000051,1872,1033,839
116000052,1574,1279,295
116000053,1713,265,1448
116000054,584,750,-166
116000055,568,334,234
116000056,1451,701,750
116000057,989,232,757
116000058,1372,1479,-107
116000059,1133,3303,-2170
116000060,962,675,287
116000061,170,1188,-1018
116000062,390,307,83
116000063,261,1207,-946
116000066,207,452,-245
116000067,101,297,-196
116000068,65,258,-193
116000069,159,123,36
116000078,298,604,-306
116000080,863,231,632
116000082,8,12,-4
116000083,1561,188,1373
116000084,506,959,-453
116000085,1262,1363,-101
116000086,319,319,0
116000087,2686,1420,1266
116000088,615,419,196
116000089,136,46,90
116000090,177,108,69
116000091,188,534,-346
116000093,542,103,439
116000094,787,212,575
116000095,628,155,473
116000096,856,1337,-481
116000097,569,232,337
116000098,57,6146,-6089
116000099,2731,477,2254
116000100,183,8,175
116000101,1152,98,1054
116000102,286,290,-4
116000103,210,135,75
116000104,177,287,-110
116000105,1100,53,1047
116000106,421,506,-85
116000107,1719,242,1477
116000108,5,308,-303
116000111,135,6,129
116000113,27,11,16
116000114,17,41,-24
116000115,200,26,174
116000116,185,100,85
116000117,1125,737,388
116000118,1086,377,709
116000119,3176,930,2246
116000120,1648,1033,615
116000121,1055,202,853
116000122,518,351,167
116000123,1734,148,1586
116000124,403,179,224
116000125,2466,133,2333
116000126,135,277,-142
116000127,432,318,114
116000128,1795,211,1584
116000129,997,73,924
116000130,579,309,270
116000133,1469,142,1327
116000134,894,424,470
116000135,2531,564,1967
116000136,446,592,-146
116000137,859,228,631
116000138,371,165,206
116000139,1400,2624,-1224
116000140,322,266,56
116000141,365,248,117
116000142,2960,1489,1471
116000143,1880,1394,486
116000144,1829,1036,793
116000145,2496,677,1819
116000146,793,112,681
116000147,176,134,42
116000148,547,474,73
116000149,275,273,2
116000151,596,222,374
116000153,81,246,-165
116000155,126,276,-150
116000156,370,270,100
116000157,67,2,65
116000158,338,50,288
116000159,1,3,-2
116000160,37,26,11
116000161,10,36,-26
116000162,12,113,-101
116000163,21,5,16
116000164,7,16,-9
116000177,40,208,-168
116000194,41,123,-82
116000195,1328,227,1101
116000196,19,1,18
116000197,12,36,-24
116000198,874,493,381
116000200,295,634,-339
116000201,480,137,343
116000202,11,95,-84
116000203,0,8,-8
116000204,0,11,-11
116000205,0,32,-32
116000206,0,57,-57
116000207,3,33,-30
116000233,83,96,-13
116000287,217,66,151
116000288,321,128,193
116000292,59,29,30
116000296,15,60,-45
116000297,165,2,163
116000304,295,4,291
116000305,23,12,11
116000346,188,35,153
116000352,89,14,75
116000354,17,1,16
116000357,0,3,-3
116000358,275,119,156
116000361,60,0,60
116000372,1814,4120,-2306
116000381,218,49,169
116000388,2,20,-18
116000389,650,80,570
116000445,959,85,874
116000446,708,60,648
116000447,3,336,-333
116000448,255,39,216
116000563,367,568,-201
116000565,173,98,75
116000568,40,412,-372
116000579,19,182,-163
116000583,66,23,43
116000584,28,0,28
116000585,23,38,-15
116000586,10,51,-41
116000587,247,137,110
116000589,34,28,6
116000590,143,11,132
116000591,280,54,226
116000592,24,23,1
116000593,0,17,-17
116000594,989,151,838
116000595,590,29,561
116000596,152,0,152
116000597,490,153,337
116000598,33,138,-105
116000605,83,50,33
116000606,60,230,-170
116000607,0,9,-9
116000609,19,936,-917
116000611,223,79,144
116000612,1222,1911,-689
116000613,703,245,458
116000614,399,130,269
116000615,0,0,0
116000616,36,27,9
116000617,120,0,120
116000618,10,12,-2
116000619,14,85,-71
116000620,322,107,215
116000621,104,48,56
116000622,121,80,41
116000624,53,75,-22
116000627,372,38,334
116000628,73,112,-39
116000629,12,130,-118
116000630,1038,4,1034
116000631,391,10,381
116000632,1762,35,1727
116000633,361,65,296
116000634,715,5,710
116000635,1020,909,111
116000636,257,966,-709
116000637,879,2,877
116000638,173,136,37
116000639,68,0,68
116000640,9,22,-13
116000641,9,12,-3
116000643,0,9,-9
116000644,33,30,3
116000645,25,45,-20
116900001,57,13,44
116900002,162,1,161
116900003,56,4,52
116900004,24,56,-32
116900005,283,3,280
116900006,96,121,-25
116900007,26,30,-4
116900008,620,62,558
116900009,5,5,0
116900010,0,146,-146
116900011,0,7,-7
116900012,90,51,39
116900013,5,25,-20
116900014,159,35,124
116900016,283,6,277
116900017,0,192,-192
116900018,70,56,14
116900019,0,67,-67
116900020,259,1522,-1263
116900023,36,1,35
116900025,1247,249,998
116900026,38,193,-155
116900027,109,22,87
116900028,1,2,-1
116900029,0,157,-157
116900031,1,0,1
116900032,0,67,-67
116900033,41,0,41
116900034,8,3,5
116900035,100,59,41
116900036,1,36,-35
116900038,23,6,17
116900041,87,4,83
116900042,20,54,-34
116900043,41,32,9
116900047,4,234,-230
116900049,3,60,-57
116900050,11,43,-32
116900051,303,13,290
116900052,106,33,73
116900055,0,10,-10
116900057,41,24,17
116900058,1,66,-65
116900059,0,5,-5
116900060,77,74,3
116900062,3,45,-42
116900064,31,44,-13
116900065,4,28,-24
116900067,32,10,22
116900068,108,109,-1
116900070,20,0,20
116900072,9,54,-45
116900073,2,45,-43
116900074,4,7,-3
116900076,17,35,-18
116900077,2,58,-56
116900078,33,27,6
116900079,14,64,-50
116900080,1,5,-4
116900081,50,149,-99
116900082,54,523,-469
116900083,6,5,1
116900084,38,12,26
116900085,5,40,-35
116900086,29,353,-324
116900088,46,2,44
116900090,9,7,2
116900091,366,5,361
116900092,39,154,-115
116900093,741,804,-63
116900094,1632,3647,-2015
116900095,223,23,200
116900096,240,256,-16
116900097,635,2290,-1655
116900098,159,70,89
116900099,102,763,-661
116900100,1036,66,970
116900101,66,131,-65
116900103,0,0,0
116900104,7,1489,-1482
116900105,314,205,109
116900106,2837,20,2817
116900107,679,2749,-2070
116900110,1,1,0
116900111,658,256,402
116900112,295,192,103
116900113,463,1894,-1431
116900116,13,125,-112
116900117,172,28,144
116900118,344,720,-376
116900120,453,35,418
116900121,203,14,189
116900122,1210,142,1068
116900123,222,120,102
116900124,64,115,-51
116900125,357,58,299
116900126,27,348,-321
116900128,1,4,-3
116900129,0,69,-69
116900130,198,3403,-3205
116900131,11,166,-155
116900132,65,58,7
116900133,172,48,124
116900134,202,146,56
116900136,95,25,70
116900137,77,44,33
116900138,101,18,83
116900139,23,53,-30
116900140,91,37,54
116900141,361,59,302
116900142,1,5,-4
116900143,257,29,228
116900144,24,4,20
116900145,27,32,-5
116900147,82,246,-164
116900148,0,0,0
116900149,54,175,-121
116900150,13,3,10
116900151,59,15,44
116900153,122,42,80
116900154,74,260,-186
116900155,44,16,28
116900157,988,17,971
116900158,112,179,-67
116900159,14,178,-164
116900160,506,318,188
116900161,1305,6405,-5100
116900162,18,22,-4
116900163,303,18,285
116900164,82,27,55
116900165,482,166,316
116900166,123,45,78
116900167,469,10,459
116900168,397,23,374
116900169,111,242,-131
116900170,367,200,167
116900171,57,61,-4
116900172,79,415,-336
116900173,451,0,451
116900174,49,105,-56
116900175,134,167,-33
116900178,35,33,2
116900179,23,377,-354
116900180,63,3,60
116900182,439,119,320
116900183,212,35,177
116900185,18,11,7
116900186,145,87,58
116900187,31,48,-17
116900188,110,12,98
116900189,24,0,24
116900191,138,81,57
116900192,293,81,212
116900194,21,483,-462
116900195,59,6,53
116900196,4,39,-35
116900197,132,3,129
116900198,14,473,-459
116900200,106,1,105
116900201,368,1,367
116900202,56,12,44
116900203,141,1,140
116900204,70,161,-91
116900206,17,0,17
116900207,13,6,7
116900208,7,34,-27
116900209,37,31,6
116900210,110,65,45
116900211,173,1,172
116900212,85,0,85
116900213,110,9,101
116900214,227,73,154
116900215,35,6,29
116900216,92,57,35
116900218,0,103,-103
116900219,205,83,122
116900220,64,105,-41
116900221,145,208,-63
116900222,200,79,121
116900223,26,34,-8
116900226,123,4,119
116900227,239,21,218
116900228,371,21,350
116900230,124,123,1
116900233,888,55,833
116900234,5,2,3
116900235,29,32,-3
116900238,253,43,210
116900239,4,1176,-1172
116900240,3405,3002,403
116900241,79,20,59
116900242,486,783,-297
116900243,0,7,-7
116900245,14,33,-19
116900246,70,26,44
116900247,1014,34,980
116900248,79,2,77
116900249,474,35,439
116900250,365,21,344
116900251,120,640,-520
116900252,194,165,29
116900254,14,84,-70
116900255,53,75,-22
116900256,489,109,380
116900257,23,94,-71
116900258,1,14,-13
116900259,191,3,188
116900260,1,2,-1
116900261,44,0,44
116900262,151,61,90
116900263,0,0,0
116900264,38,79,-41
116900265,112,0,112
116900266,6,1,5
116900267,0,0,0
116900268,4,180,-176
116900269,213,385,-172
116900271,230,344,-114
116900272,119,124,-5
116900273,19,57,-38
116900274,101,10,91
116900275,172,38,134
116900276,158,252,-94
116900277,111,12,99
116900278,0,0,0
116900279,4,11,-7
116900280,12,3,9
116900281,1501,4370,-2869
116900282,2,24,-22
116900283,5,21,-16
116900284,11,81,-70
116900285,28,227,-199
116900286,32,1,31
116900287,17,7,10
116900288,161,41,120
116900289,22,0,22
116900290,4,0,4
116900291,44,13,31
116900292,0,30,-30
116900293,83,3,80
116900294,1,41,-40
116900295,124,287,-163
116900296,27,36,-9
116900297,2,35,-33
116900298,6,231,-225
116900299,5,866,-861
116900300,0,196,-196
116900301,41,76,-35
116900302,2,55,-53
116900303,61,58,3
116900304,0,68,-68
116900305,3,11,-8
116900306,371,92,279
116900307,237,1,236
116900308,0,28,-28
116900309,371,26,345
116900310,8,23,-15
117000001,1761,1581,180
117000002,1525,1736,-211
117000003,3959,1458,2501
117000004,1553,2105,-552
117000005,2858,735,2123
117000006,677,1213,-536
117000007,4739,790,3949
117000008,729,1314,-585
117000009,2762,921,1841
117000010,694,821,-127
117000011,2537,580,1957
117000012,1251,622,629
117000013,1903,454,1449
117000014,1175,1704,-529
117000015,1900,993,907
117000016,141,254,-113
117000017,57,214,-157
117000018,32,729,-697
117000019,25,125,-100
117000020,278,1720,-1442
117000021,841,560,281
117000022,141,338,-197
117000023,33,395,-362
117000024,94,257,-163
117000025,178,1825,-1647
117000026,878,1656,-778
117000027,440,1091,-651
117000028,267,394,-127
117000030,158,221,-63
117000031,235,180,55
117000032,824,1091,-267
117000033,832,404,428
117000034,158,187,-29
117000035,218,86,132
117000036,299,237,62
117000037,239,100,139
117000038,146,394,-248
117000039,90,146,-56
117000040,66,239,-173
117000041,1204,33,1171
117000044,4,292,-288
117000045,607,143,464
117000046,216,630,-414
117000047,508,559,-51
117000048,858,609,249
117000049,25,137,-112
117000050,192,694,-502
117000051,2452,28,2424
117000052,64,77,-13
117000053,1115,11,1104
117000054,1215,9,1206
117000055,12,619,-607
117000056,596,19,577
117000057,261,743,-482
117000060,326,543,-217
117000061,2109,860,1249
117000062,195,418,-223
117000063,1075,519,556
117000064,310,229,81
117000066,191,292,-101
117000067,54,365,-311
117000074,2,49,-47
117000076,5,12,-7
117000077,78,24,54
117000078,157,196,-39
117000079,80,81,-1
117000080,0,285,-285
117000081,284,45,239
117000082,51,76,-25
117000083,43,9,34
117000084,125,0,125
117000085,250,305,-55
117000086,296,202,94
117000087,51,256,-205
117000088,347,35,312
117000089,2469,114,2355
117000090,334,431,-97
117000091,1274,62,1212
117000092,329,393,-64
117000093,1917,98,1819
117000094,453,567,-114
117000095,2639,99,2540
117000096,372,675,-303
117000097,1661,344,1317
117000098,864,1159,-295
117000099,4075,444,3631
117000100,200,173,27
117000101,73,274,-201
117000102,1840,195,1645
117000103,204,548,-344
117000104,1799,191,1608
117000105,238,468,-230
117000106,1735,154,1581
117000107,289,597,-308
117000108,2121,613,1508
117000109,515,995,-480
117000110,1377,1325,52
117000111,2747,2643,104
117000112,2858,744,2114
117000113,34,43,-9
117000114,330,66,264
117000115,54,18,36
117000116,244,69,175
117000117,1011,794,217
117000118,232,338,-106
117000119,45,368,-323
117000120,7,420,-413
117000121,4,381,-377
117000122,487,837,-350
117000123,374,64,310
117000124,22,30,-8
117000125,24,435,-411
117000126,7,3,4
117000127,48,218,-170
117000128,39,193,-154
117000129,160,743,-583
117000130,145,5,140
117000131,0,33,-33
117000132,2879,6,2873
117000133,3088,14,3074
117000134,0,0,0
117000135,1,20,-19
117000136,0,6,-6
117000137,251,49,202
117000138,0,0,0
117000140,174,317,-143
117000141,2040,170,1870
117000181,56,46,10
117000182,695,928,-233
117000195,24,187,-163
117000196,425,140,285
117000225,1,61,-60
117000226,1,64,-63
117000276,375,8,367
117000277,0,126,-126
117000310,732,2282,-1550
117000315,28,356,-328
117000320,47,0,47
117000906,746,17,729
117000907,0,90,-90
117000909,46,56,-10
117000910,209,91,118
117000911,9,41,-32
117000915,1,132,-131
117000916,71,0,71
117000917,1056,33,1023
117000918,130,31,99
117000919,0,16,-16
117000920,0,388,-388
117000921,0,243,-243
117000922,8,14,-6
117000924,945,643,302
117000926,206,98,108
117000927,96,276,-180
117000928,0,67,-67
117000929,485,85,400
117000930,400,6,394
117000931,53,98,-45
117900002,33,474,-441
117900003,37,25,12
117900005,5,77,-72
117900006,0,68,-68
117900007,79,38,41
117900008,0,12,-12
117900010,282,162,120
117900011,6,183,-177
117900012,3,40,-37
117900013,0,84,-84
117900014,453,267,186
117900015,2,85,-83
117900016,282,683,-401
117900017,592,261,331
117900018,122,242,-120
117900019,596,113,483
117900020,41,83,-42
117900021,29,29,0
117900023,849,16,833
117900024,42,57,-15
117900025,7,1,6
117900026,396,80,316
117900028,2,0,2
117900029,159,139,20
117900030,151,265,-114
117900031,127,78,49
117900032,643,273,370
117900033,328,149,179
117900034,42,6,36
117900035,190,63,127
117900036,205,120,85
117900037,184,21,163
117900038,19,38,-19
117900039,2,9,-7
117900040,45,40,5
117900041,0,23,-23
117900042,985,188,797
117900043,0,10,-10
117900044,3,2801,-2798
117900045,137,51,86
117900048,223,81,142
117900049,253,196,57
117900050,4,83,-79
117900051,5,0,5
117900052,57,611,-554
117900053,1760,102,1658
117900054,0,6,-6
117900055,269,67,202
117900056,1,33,-32
117900057,500,350,150
117900058,2,49,-47
117900059,41,80,-39
117900060,2127,720,1407
117900061,0,177,-177
117900063,543,80,463
117900065,122,348,-226
117900066,0,107,-107
117900067,590,45,545
117900069,568,73,495
117900070,44,208,-164
117900071,143,52,91
117900073,605,33,572
117900074,33,91,-58
117900075,99,38,61
117900076,23,96,-73
117900077,491,16,475
117900078,487,246,241
117900080,133,60,73
117900081,132,58,74
117900082,461,127,334
117900083,608,287,321
117900086,247,27,220
117900087,177,6,171
117900088,328,295,33
117900089,1887,321,1566
117900090,351,262,89
117900091,252,27,225
117900092,146,16,130
117900093,170,2,168
117900094,29,70,-41
117900095,363,410,-47
117900096,165,115,50
117900097,115,15,100
117900098,86,5,81
117900099,206,1833,-1627
117900100,519,0,519
117900101,677,2046,-1369
117900102,58,8,50
117900103,77,0,77
117900104,3,1054,-1051
117900105,80,60,20
117900106,98,15,83
117900107,40,0,40
117900109,1034,581,453
117900110,177,0,177
117900111,920,59,861
117900112,27,1,26
117900113,711,1939,-1228
117900114,49,0,49
117900115,16,88,-72
117900116,363,228,135
117900117,784,207,577
117900118,121,0,121
117900119,303,17,286
117900120,368,3,365
117900121,101,38,63
117900122,245,3919,-3674
117900123,559,261,298
117900124,79,198,-119
117900125,1120,423,697
117900126,30,201,-171
117900127,354,95,259
117900128,315,268,47
117900129,67,0,67
117900130,464,140,324
117900131,0,19,-19
117900132,12,8,4
117900133,10,13,-3
117900134,40,25,15
117900135,0,50,-50
117900136,0,1,-1
117900137,1,44,-43
117900138,0,5,-5
117900139,25,15,10
117900140,4977,349,4628
117900141,26,125,-99
117900142,23,305,-282
117900144,6,95,-89
117900145,0,66,-66
117900146,79,211,-132
117900147,49,58,-9
117900148,1114,1842,-728
117900149,16,23,-7
117900150,68,29,39
117900151,40,106,-66
117900152,9,38,-29
117900153,17,111,-94
117900154,375,267,108
117900156,271,205,66
117900157,77,161,-84
117900158,432,18,414
117900160,635,478,157
117900161,446,289,157
117900162,618,220,398
117900163,25,503,-478
117900165,0,4,-4
117900166,3,121,-118
117900168,66,54,12
117900169,3,20,-17
117900170,1,28,-27
117900171,0,3,-3
117900172,33,4,29
117900173,40,8,32
117900174,0,10,-10
117900175,4,10,-6
117900176,3,22,-19
117900177,2,3,-1
117900178,21,16,5
117900180,102,29,73
117900181,10,574,-564
117900182,0,93,-93
117900183,129,79,50
117900184,66,28,38
117900185,121,2,119
117900186,67,4,63
117900187,28,8,20
117900188,75,8,67
117900189,29,13,16
117900190,59,1,58
117900191,84,6,78
117900192,176,0,176
117900193,143,129,14
117900194,8,2,6
117900195,2,33,-31
117900196,34,7,27
117900207,15,126,-111
117900208,11,22,-11
117900209,122,32,90
117900210,26,34,-8
117900211,2,20,-18
117900212,115,69,46
117900213,37,0,37
117900214,3,3,0
117900215,3,80,-77
117900216,9,45,-36
117900217,45,31,14
117900218,48,69,-21
117900219,0,44,-44
117900220,18,78,-60
117900222,86,31,55
117900223,42,211,-169
118000001,351,931,-580
118000002,235,703,-468
118000003,1277,2254,-977
118000004,920,1224,-304
118000005,1704,1470,234
118000006,821,1766,-945
118000007,2868,5550,-2682
118000008,679,2989,-2310
118000009,974,2046,-1072
118000010,1325,2106,-781
118000011,1482,372,1110
118000012,538,483,55
118000013,995,900,95
118000014,926,631,295
118000016,180,167,13
118000017,446,257,189
118000018,184,146,38
118000019,629,1345,-716
118000020,268,1240,-972
118000021,212,1429,-1217
118000022,612,310,302
118000023,226,163,63
118000024,316,384,-68
118000027,3654,3529,125
118000029,547,605,-58
118000032,109,936,-827
118000033,1035,2299,-1264
118000034,1326,1255,71
118000035,1082,1172,-90
118000036,474,543,-69
118000037,395,641,-246
118000038,333,39,294
118000039,100,36,64
118000040,1009,701,308
118000041,1573,695,878
118000045,78,139,-61
118000046,246,673,-427
118000047,219,900,-681
118000048,575,1249,-674
118000051,984,1883,-899
118000052,398,1007,-609
118000053,106,528,-422
118000054,1268,604,664
118000055,889,876,13
118000056,91,255,-164
118000057,51,244,-193
118000058,694,2061,-1367
118000059,420,1867,-1447
118000060,654,241,413
118000061,700,747,-47
118000062,290,67,223
118000063,188,713,-525
118000064,291,666,-375
118000065,1077,725,352
118000066,733,1812,-1079
118000067,268,351,-83
118000068,319,6433,-6114
118000069,490,801,-311
118000070,1816,1374,442
118000071,1324,5599,-4275
118000072,328,2456,-2128
118000073,269,1430,-1161
118000074,227,729,-502
118000075,391,649,-258
118000076,1032,3651,-2619
118000077,594,625,-31
118000078,1223,1223,0
118000079,55,201,-146
118000080,310,326,-16
118000081,817,661,156
118000082,130,633,-503
118000083,599,846,-247
118000084,557,1187,-630
118000086,194,307,-113
118000087,1965,1471,494
118000088,716,645,71
118000089,1838,2031,-193
118000090,678,1812,-1134
118000091,541,2472,-1931
118000092,317,246,71
118000093,85,414,-329
118000096,389,292,97
118000097,274,246,28
118000098,158,90,68
118000099,445,102,343
118000101,1084,183,901
118000102,346,296,50
118000107,487,114,373
118000108,181,2990,-2809
118000110,0,2,-2
118000111,1,27,-26
118000112,1255,1,1254
118000113,4,80,-76
118000114,673,3,670
118000115,1,7,-6
118000116,25,7,18
118000117,333,410,-77
118000118,733,690,43
118000119,849,706,143
118000120,504,506,-2
118000121,8,182,-174
118000122,195,106,89
118000123,99,84,15
118000125,540,803,-263
118000126,350,1367,-1017
118000127,410,610,-200
118000128,201,1352,-1151
118000129,678,356,322
118000130,876,1680,-804
118000131,244,426,-182
118000132,2063,1756,307
118000133,1094,514,580
118000135,360,417,-57
118000136,74,209,-135
118000137,255,76,179
118000138,243,184,59
118000139,332,73,259
118000140,1696,5241,-3545
118000141,2201,1224,977
118000142,1776,800,976
118000143,2158,1012,1146
118000144,416,195,221
118000145,566,475,91
118000146,762,197,565
118000147,556,389,167
118000148,700,1097,-397
118000149,501,222,279
118000150,713,67,646
118000151,597,113,484
118000153,1395,469,926
118000154,1442,658,784
118000155,1657,671,986
118000156,1146,1553,-407
118000157,405,111,294
118000158,129,439,-310
118000159,69,91,-22
118000160,522,177,345
118000161,381,158,223
118000162,733,519,214
118000163,714,700,14
118000164,1423,832,591
118000168,277,448,-171
118000169,428,452,-24
118000170,1390,1187,203
118000171,174,221,-47
118000172,74,95,-21
118000173,495,862,-367
118000175,78,80,-2
118000176,186,193,-7
118000177,164,301,-137
118000178,4,31,-27
118000179,525,392,133
118000180,478,241,237
118000181,311,79,232
118000182,90,58,32
118000183,136,123,13
118000184,1064,287,777
118000185,232,803,-571
118000186,153,703,-550
118000187,1350,137,1213
118000188,773,18,755
118000189,613,42,571
118000190,6,1,5
118000191,0,2,-2
118000192,4,73,-69
118000193,4,196,-192
118000194,722,573,149
118000195,85,826,-741
118000196,29,108,-79
118000197,27,555,-528
118000198,196,1191,-995
118000199,178,753,-575
118000200,12,181,-169
118000201,104,367,-263
118000202,9,87,-78
118000203,103,729,-626
118000204,31,279,-248
118000205,14,69,-55
118000206,132,128,4
118000207,0,37,-37
118000208,867,863,4
118000209,1445,398,1047
118000210,166,20,146
118000211,53,57,-4
118000213,216,1670,-1454
118000214,91,285,-194
118000215,406,28,378
118000216,3718,694,3024
118000217,3,49,-46
118000218,42,9,33
118000219,94,69,25
118000220,7,14,-7
118000221,367,348,19
118000222,71,2,69
118000223,105,18,87
118000224,64,23,41
118000225,63,214,-151
118000226,904,52,852
118000227,169,180,-11
118000228,11,127,-116
118000229,13,105,-92
118000230,63,98,-35
118000231,3,151,-148
118000232,551,128,423
118000233,1054,275,779
118000234,314,62,252
118000236,153,124,29
118000237,125,133,-8
118000238,255,47,208
118000239,256,289,-33
118000240,53,43,10
118000241,113,25,88
118000242,221,27,194
118000243,123,123,0
118000244,21,20,1
118000246,0,11,-11
118000255,34,200,-166
118000256,72,92,-20
118000259,2,57,-55
118000260,201,20,181
118000261,10,5,5
118000263,63,62,1
118000266,53,72,-19
118000267,0,55,-55
118000268,59,0,59
118000270,93,7,86
118000271,303,49,254
118000272,16,7,9
118000273,167,15,152
118000274,25,72,-47
118000276,333,110,223
118000295,47,70,-23
118000298,40,43,-3
118000299,4,32,-28
118000301,0,28,-28
118000302,36,12,24
118000311,932,2,930
118000312,298,48,250
118000313,29,18,11
118000314,145,6,139
118000315,23,5,18
118000316,816,149,667
118000325,61,18,43
118000326,35,13,22
118000331,43,6,37
118000332,18,2,16
118000333,28,10,18
118000335,480,0,480
118000336,0,55,-55
118000407,266,32,234
118000457,3,21,-18
118000465,366,1211,-845
118000480,16,9,7
118000489,4,301,-297
118000490,2,137,-135
118000492,565,37,528
118000510,1,1,0
118000514,31,92,-61
118000515,311,701,-390
118000517,107,103,4
118000524,163,202,-39
118000525,104,289,-185
118000530,35,63,-28
118000531,353,112,241
118000532,43,110,-67
118000533,118,49,69
118000534,403,128,275
118000535,402,39,363
118000536,24,179,-155
118000537,31,8,23
118000538,27,26,1
118000539,9,54,-45
118000540,110,38,72
118000541,19,62,-43
118000542,60,88,-28
118000543,69,69,0
118000546,50,10,40
118000553,0,0,0
118000557,0,0,0
118000560,372,1035,-663
118000562,40,19,21
118000563,932,451,481
118000576,70,50,20
118000577,100,71,29
118000578,106,45,61
118000579,232,836,-604
118000583,0,0,0
118000595,196,34,162
118000596,0,59,-59
118000597,128,58,70
118000598,4,0,4
118000599,237,8,229
118000600,0,3,-3
118000601,2,0,2
118000602,4,5,-1
118000603,0,2,-2
118000605,68,32,36
118000606,1,0,1
118900001,414,351,63
118900002,360,348,12
118900003,326,2,324
118900004,77,30,47
118900005,54,2,52
118900006,59,0,59
118900007,0,0,0
118900008,524,7,517
118900009,53,103,-50
118900010,61,8,53
118900011,77,3,74
118900012,95,54,41
118900013,183,191,-8
118900015,267,5,262
118900016,2,1,1
118900017,1,35,-34
118900018,480,38,442
118900019,0,1,-1
118900020,3,33,-30
118900021,96,214,-118
118900022,72,20,52
118900023,10,42,-32
118900024,69,28,41
118900025,11,55,-44
118900026,64,10,54
118900027,192,78,114
118900028,131,41,90
118900029,153,67,86
118900030,706,11,695
118900031,44,18,26
118900032,113,28,85
118900033,211,218,-7
118900034,128,39,89
118900035,34,36,-2
118900036,991,163,828
118900037,102,258,-156
118900038,439,33,406
118900039,477,63,414
118900040,155,61,94
118900041,362,76,286
118900042,83,45,38
118900045,109,120,-11
118900046,326,293,33
118900047,146,267,-121
118900048,22,189,-167
118900049,5,9,-4
118900050,59,16,43
118900051,46,40,6
118900052,52,187,-135
118900053,1,19,-18
118900054,118,11,107
118900055,100,12,88
118900056,24,20,4
118900057,427,258,169
118900058,200,135,65
118900059,0,41,-41
118900060,101,37,64
118900062,76,38,38
118900064,121,297,-176
118900065,8,45,-37
118900066,66,33,33
118900067,1194,2913,-1719
118900068,1,145,-144
118900069,566,42,524
118900071,0,5,-5
118900072,195,186,9
118900073,285,33,252
118900074,28,11,17
118900075,67,1,66
118900076,172,10,162
118900077,188,83,105
118900078,12,0,12
118900079,33,7,26
118900080,27,18,9
118900081,11,36,-25
118900082,960,87,873
118900083,21,1,20
118900084,4,4,0
118900085,219,183,36
118900086,38,29,9
118900087,73,386,-313
118900088,0,1,-1
118900089,4,8,-4
118900090,107,31,76
118900091,151,77,74
118900092,122,14,108
118900093,19,4,15
118900096,24,32,-8
118900097,45,105,-60
118900099,19,23,-4
118900100,20,17,3
118900101,45,36,9
118900102,12,10,2
118900103,3,56,-53
118900104,69,30,39
118900105,24,15,9
118900107,35,29,6
118900108,19,26,-7
118900110,354,620,-266
118900111,135,89,46
118900112,127,93,34
118900113,29,53,-24
118900114,0,12,-12
118900115,37,119,-82
118900116,95,44,51
118900117,55,64,-9
118900118,180,63,117
118900119,44,58,-14
118900120,14,139,-125
118900121,12,367,-355
118900122,1,328,-327
118900123,40,51,-11
118900124,46,42,4
118900126,8,78,-70
118900129,108,31,77
118900130,5,63,-58
118900131,183,44,139
118900132,184,79,105
118900133,1,28,-27
118900135,79,78,1
118900136,222,91,131
118900137,8,14,-6
118900139,165,110,55
118900140,376,189,187
118900141,30,26,4
118900144,125,93,32
118900145,0,45,-45
118900146,97,134,-37
118900147,15,151,-136
118900148,28,6,22
118900150,47,185,-138
118900152,282,175,107
118900157,14,103,-89
118900158,134,2,132
118900159,0,46,-46
118900161,40,23,17
118900163,43,19,24
118900164,0,14,-14
118900165,19,88,-69
118900166,9,1,8
118900167,39,30,9
118900168,2,52,-50
118900169,73,77,-4
118900170,214,3,211
118900171,33,2,31
118900174,11,4,7
118900175,418,185,233
118900176,115,101,14
118900177,99,9,90
118900178,46,16,30
118900179,0,0,0
118900181,41,3,38
118900182,4,6,-2
118900183,32,41,-9
118900184,70,12,58
118900185,51,15,36
118900186,62,32,30
118900187,80,190,-110
118900188,119,143,-24
118900189,6,337,-331
118900190,7,24,-17
118900191,278,4,274
118900192,346,2,344
118900193,923,2,921
118900195,102,102,0
118900196,11,52,-41
118900197,295,1,294
118900198,26,8,18
118900199,66,4,62
118900200,22,12,10
118900201,5,15,-10
118900202,0,54,-54
118900203,5,5,0
118900204,5,31,-26
118900205,0,19,-19
118900206,0,1,-1
119000001,1147,742,405
119000002,2518,1448,1070
119000003,2861,385,2476
119000004,1947,1068,879
119000005,1539,1511,28
119000006,3186,1134,2052
119000007,2854,2352,502
119000008,981,634,347
119000009,1604,4029,-2425
119000010,2011,2740,-729
119000011,1679,1429,250
119000012,580,1858,-1278
119000013,2698,1524,1174
119000014,853,1502,-649
119000019,132,54,78
119000020,1804,1243,561
119000021,3588,2469,1119
119000022,585,1882,-1297
119000023,177,145,32
119000024,1025,12221,-11196
119000025,1551,554,997
119000026,34,561,-527
119000027,57,255,-198
119000028,978,325,653
119000029,16,98,-82
119000030,457,531,-74
119000031,667,371,296
119000032,482,826,-344
119000033,1394,771,623
119000034,769,266,503
119000035,9,65,-56
119000036,1822,244,1578
119000037,1070,436,634
119000038,154,287,-133
119000039,544,216,328
119000040,513,634,-121
119000041,470,1020,-550
119000048,1226,806,420
119000049,1489,772,717
119000050,732,818,-86
119000051,1393,471,922
119000052,959,1014,-55
119000053,1275,595,680
119000054,2044,498,1546
119000055,3657,874,2783
119000056,2809,726,2083
119000057,1036,385,651
119000058,597,420,177
119000059,482,371,111
119000060,1245,229,1016
119000061,338,207,131
119000062,610,333,277
119000063,337,321,16
119000064,215,355,-140
119000065,741,1109,-368
119000066,1325,664,661
119000067,917,509,408
119000068,1263,211,1052
119000069,1205,410,795
119000070,2322,435,1887
119000071,172,166,6
119000072,1713,1052,661
119000073,2618,4556,-1938
119000074,1136,597,539
119000075,3478,810,2668
119000076,85,197,-112
119000077,511,215,296
119000078,345,36,309
119000079,149,173,-24
119000080,541,82,459
119000081,193,87,106
119000082,436,88,348
119000083,386,155,231
119000084,266,120,146
119000085,232,53,179
119000086,261,154,107
119000087,356,111,245
119000088,250,39,211
119000089,76,62,14
119000090,95,41,54
119000091,54,179,-125
119000092,55,90,-35
119000093,1731,1041,690
119000094,3199,2077,1122
119000095,1472,1561,-89
119000097,662,478,184
119000098,712,2936,-2224
119000099,824,418,406
119000100,3163,1539,1624
119000101,1798,1005,793
119000102,93,1078,-985
119000103,476,244,232
119000104,424,156,268
119000105,587,1566,-979
119000106,201,181,20
119000107,1106,261,845
119000108,331,292,39
119000109,79,188,-109
119000110,40,55,-15
119000111,16,335,-319
119000112,56,10,46
119000113,275,50,225
119000114,369,805,-436
119000115,94,128,-34
119000116,45,98,-53
119000117,28,160,-132
119000118,2,1,1
119000123,529,1575,-1046
119000124,850,73,777
119000125,3257,280,2977
119000126,1620,407,1213
119000127,625,115,510
119000128,48,1,47
119000131,850,86,764
119000132,0,0,0
119000133,0,1,-1
119000134,629,387,242
119000135,189,92,97
119000136,202,19,183
119000137,272,78,194
119000138,648,59,589
119000139,59,28,31
119000140,79,48,31
119000284,479,1094,-615
119000285,650,510,140
119000286,1632,1221,411
119000287,791,760,31
119000288,1230,380,850
119000289,653,949,-296
119000290,96,190,-94
119000291,19,157,-138
119000293,98,182,-84
119000294,26,23,3
119000295,427,124,303
119000296,318,58,260
119000297,0,0,0
119000299,0,0,0
119000302,767,824,-57
119000303,13,82,-69
119000304,0,0,0
119000310,0,0,0
119000314,990,8643,-7653
119000315,0,31,-31
119000316,118,30,88
119000317,97,76,21
119900001,53,605,-552
119900002,64,37,27
119900003,2,102,-100
119900004,24,1366,-1342
119900005,194,20,174
119900006,47,143,-96
119900007,256,122,134
119900008,26,41,-15
119900009,228,98,130
119900010,269,182,87
119900011,6,177,-171
119900012,1,103,-102
119900013,883,599,284
119900014,262,32,230
119900015,166,10,156
119900016,28,18,10
119900017,65,20,45
119900018,495,1105,-610
119900019,21,1,20
119900020,50,23,27
119900021,61,4,57
119900022,31,570,-539
119900023,168,1630,-1462
119900025,321,1,320
119900026,186,73,113
119900027,5,12,-7
119900028,130,122,8
119900029,1,0,1
119900030,316,85,231
119900031,18,586,-568
119900033,237,162,75
119900034,508,17,491
119900037,236,3,233
119900038,6,166,-160
119900039,81,11,70
119900040,124,13,111
119900041,125,3,122
119900042,19,42,-23
119900043,85,54,31
119900044,75,502,-427
119900046,161,8,153
119900047,222,137,85
119900048,358,0,358
119900049,139,0,139
119900050,18,105,-87
119900051,1267,4,1263
119900052,94,13,81
119900053,131,51,80
119900054,262,1,261
119900055,850,166,684
119900057,343,44,299
119900058,246,4,242
119900059,10,4,6
119900060,351,19,332
119900061,496,4,492
119900062,109,2,107
119900063,0,27,-27
119900065,287,1,286
119900067,47,5,42
119900068,592,3,589
119900069,63,9,54
119900070,575,1,574
119900071,740,22,718
119900073,471,93,378
119900074,8,64,-56
119900075,749,1088,-339
119900076,640,108,532
119900077,1105,105,1000
119900078,509,174,335
119900079,418,25,393
119900080,312,109,203
119900081,945,32,913
119900082,1641,158,1483
119900083,201,61,140
119900084,186,26,160
119900085,3,14,-11
119900086,316,161,155
119900087,76,72,4
119900088,16,2,14
119900089,13,67,-54
119900090,12,1,11
119900091,9,176,-167
119900092,1,112,-111
119900093,298,81,217
119900094,4,54,-50
119900095,63,42,21
119900096,53,20,33
119900097,37,165,-128
119900098,25,1,24
119900099,0,26,-26
119900100,432,1309,-877
119900101,46,318,-272
119900102,6,17,-11
119900103,30,32,-2
119900104,37,25,12
119900105,166,596,-430
119900106,0,65,-65
119900107,38,622,-584
119900108,1376,300,1076
119900109,2,82,-80
119900110,296,107,189
119900111,129,48,81
119900112,490,454,36
119900113,13,84,-71
119900114,159,187,-28
119900115,337,140,197
119900116,21,150,-129
119900117,124,87,37
119900118,62,128,-66
119900119,92,43,49
119900120,141,161,-20
119900121,378,121,257
119900122,10,52,-42
119900123,28,74,-46
119900124,116,180,-64
119900125,6,53,-47
119900126,685,114,571
119900127,294,145,149
119900128,217,128,89
119900129,181,46,135
119900130,3,29,-26
119900131,21,27,-6
119900132,0,17,-17
119900133,39,11,28
119900134,183,30,153
119900135,0,54,-54
119900136,28,30,-2
119900138,34,74,-40
119900139,4,40,-36
119900140,0,21,-21
119900141,22,420,-398
119900142,1,21,-20
119900143,22,72,-50
119900144,480,80,400
119900145,4,14,-10
119900146,30,31,-1
119900147,0,75,-75
119900148,327,16,311
119900149,110,3113,-3003
119900150,54,14,40
119900151,607,378,229
119900152,88,40,48
119900153,211,22,189
119900154,35,69,-34
119900155,9,6,3
119900156,0,0,0
119900157,143,53,90
119900158,161,34,127
119900159,8,149,-141
119900160,34,25,9
119900161,74,32,42
119900162,560,338,222
119900163,24,55,-31
119900164,0,1,-1
119900165,160,24,136
119900166,68,12,56
119900167,0,13,-13
119900168,737,97,640
119900169,3,138,-135
119900170,95,49,46
119900171,181,160,21
119900172,15,8,7
119900173,2,59,-57
119900174,0,14,-14
119900175,1378,104,1274
119900177,3,32,-29
119900178,2,54,-52
119900179,72,797,-725
119900180,644,223,421
119900181,3,11,-8
119900182,0,53,-53
119900183,51,236,-185
119900184,243,127,116
119900185,32,216,-184
119900186,6,943,-937
119900187,2,65,-63
119900188,93,77,16
119900189,40,106,-66
119900190,48,191,-143
119900191,63,91,-28
119900192,11,59,-48
119900193,441,61,380
119900194,46,19,27
119900195,4,32,-28
119900196,85,66,19
119900197,201,41,160
119900198,72,78,-6
119900199,83,3,80
119900200,456,199,257
119900201,39,34,5
119900202,9,74,-65
119900203,67,291,-224
119900204,50,86,-36
119900205,664,66,598
119900206,245,49,196
119900208,100,27,73
119900209,416,783,-367
119900210,59,9,50
119900211,41,1,40
119900212,372,166,206
119900213,6,37,-31
119900214,63,2,61
119900215,29,2,27
119900216,22,13,9
119900217,1,24,-23
119900218,35,16,19
119900219,0,20,-20
119900220,1,13,-12
119900221,13,41,-28
119900222,1,37,-36
119900223,1,15,-14
119900224,3,5,-2
119900225,189,20,169
119900226,61,1022,-961
119900227,143,96,47
119900228,17,129,-112
119900229,20,87,-67
119900230,325,70,255
119900231,294,23,271
119900232,127,16,111
119900233,115,0,115
119900234,13,63,-50
119900235,4,16,-12
119900236,26,14,12
119900237,30,106,-76
119900238,1,3,-2
119900240,59,24,35
119900241,97,62,35
119900242,505,430,75
119900244,165,307,-142
119900245,91,92,-1
119900246,76,148,-72
119900247,9,12,-3
119900248,18,217,-199
119900249,201,18,183
119900253,346,254,92
119900254,50,557,-507
119900255,47,257,-210
119900256,693,162,531
119900257,205,1,204
119900258,171,13,158
119900259,20,23,-3
119900260,236,5,231
119900261,301,33,268
119900262,0,51,-51
119900263,653,75,578
119900264,128,38,90
119900265,464,44,420
119900266,330,25,305
119900267,36,47,-11
119900268,86,19,67
119900269,544,150,394
119900271,5,11,-6
119900272,16,79,-63
119900275,119,18,101
119900276,107,0,107
119900277,21,0,21
119900278,138,47,91
119900279,37,124,-87
119900280,126,19,107
119900281,0,159,-159
119900282,20,65,-45
119900283,6,30,-24
119900284,23,51,-28
119900285,0,79,-79
119900286,0,3,-3
119900288,0,1,-1
119900289,1,1,0
119900290,1,0,1
119900291,0,1,-1
119900292,7,55,-48
119900293,43,59,-16
119900294,9,62,-53
119900295,11,73,-62
119900296,62,79,-17
119900297,0,15,-15
119900298,13,2,11
119900299,10,39,-29
119900300,196,48,148
119900301,21,101,-80
119900302,8,22,-14
119900303,304,50,254
119900304,147,6,141
119900305,4,17,-13
119900306,4,3,1
119900307,68,10,58
119900308,0,4,-4
119900309,9,124,-115
119900310,70,46,24
119900311,158,20,138
119900312,104,8,96
119900313,31,29,2
119900314,164,170,-6
119900315,1547,466,1081
119900318,27,44,-17
119900319,1,53,-52
119900320,212,71,141
119900321,161,6,155
120000001,4777,17308,-12531
120000002,1719,1097,622
120000003,1163,471,692
120000004,1416,540,876
120000005,1410,477,933
120000006,811,381,430
120000007,1345,2123,-778
120000008,607,365,242
120000009,871,380,491
120000010,1253,1100,153
120000011,639,476,163
120000012,1021,791,230
120000013,2453,1620,833
120000014,581,671,-90
120000015,1618,806,812
120000016,2747,1563,1184
120000017,2719,2154,565
120000018,2038,11404,-9366
120000019,776,561,215
120000020,1229,1617,-388
120000021,1102,785,317
120000022,2495,3054,-559
120000023,983,841,142
120000024,946,949,-3
120000025,2266,762,1504
120000026,3066,1159,1907
120000027,1856,1407,449
120000028,343,513,-170
120000029,480,562,-82
120000030,136,473,-337
120000031,965,2559,-1594
120000032,2235,1171,1064
120000033,2285,499,1786
120000034,2647,364,2283
120000035,2118,554,1564
120000036,1891,2098,-207
120000037,435,1185,-750
120000038,1464,1199,265
120000039,204,675,-471
120000040,20,651,-631
120000041,319,561,-242
120000042,1295,686,609
120000043,3372,494,2878
120000044,4905,1042,3863
120000045,6468,418,6050
120000046,4631,3061,1570
120000047,224,3832,-3608
120000048,3869,1974,1895
120000049,2717,1197,1520
120000050,1806,1616,190
120000051,1358,2113,-755
120000052,3357,717,2640
120000053,726,1109,-383
120000054,570,1564,-994
120000055,746,1357,-611
120000056,2230,1474,756
120000057,2329,520,1809
120000058,926,654,272
120000059,11,1563,-1552
120000061,68,279,-211
120000062,107,133,-26
120000063,347,590,-243
120000064,187,412,-225
120000065,222,479,-257
120000066,124,148,-24
120000067,17,143,-126
120000068,163,192,-29
120000069,442,184,258
120000070,120,220,-100
120000071,1013,29,984
120000072,1164,251,913
120000073,951,19,932
120000074,72,46,26
120000075,1122,90,1032
120000076,2299,210,2089
120000077,2042,190,1852
120000078,1508,358,1150
120000079,467,254,213
120000080,152,127,25
120000081,399,57,342
120000082,541,164,377
120000083,110,664,-554
120000084,147,191,-44
120000085,94,119,-25
120000086,92,146,-54
120000087,116,136,-20
120000088,306,381,-75
120000089,474,120,354
120000090,358,160,198
120000091,1139,250,889
120000092,670,139,531
120000093,814,158,656
120000094,236,240,-4
120000095,321,122,199
120000096,226,155,71
120000098,471,193,278
120000099,110,237,-127
120000100,401,226,175
120000101,402,94,308
120000102,391,860,-469
120000103,959,451,508
120000104,2125,154,1971
120000105,2232,91,2141
120000106,2831,116,2715
120000107,5045,152,4893
120000108,1580,43,1537
120000109,1002,29,973
120000110,30,348,-318
120000111,79,378,-299
120000112,157,812,-655
120000113,134,735,-601
120000114,108,410,-302
120000115,132,411,-279
120000116,145,471,-326
120000117,265,302,-37
120000118,48,22,26
120000119,0,20,-20
120000120,124,100,24
120000121,8,5,3
120000122,73,489,-416
120000123,1207,7605,-6398
120000124,277,263,14
120000125,522,245,277
120000126,165,553,-388
120000127,433,264,169
120000128,1076,1437,-361
120000129,74,111,-37
120000130,477,160,317
120000131,371,205,166
120000134,91,98,-7
120000135,798,423,375
120000137,234,99,135
120000138,1361,77,1284
120000139,216,167,49
120000140,1190,52,1138
120000141,230,126,104
120000142,669,170,499
120000143,0,21,-21
120000144,123,7,116
120000145,507,1,506
120000146,489,749,-260
120000149,201,182,19
120000150,732,7911,-7179
120000151,428,128,300
120000152,1021,72,949
120000153,399,115,284
120000154,261,353,-92
120000155,142,154,-12
120000156,256,1287,-1031
120000157,724,154,570
120000158,612,130,482
120000159,1040,669,371
120000160,1351,1267,84
120000161,2708,1529,1179
120000162,165,245,-80
120000163,671,155,516
120000164,658,53,605
120000165,891,109,782
120000166,1889,149,1740
120000167,41,82,-41
120000168,0,195,-195
120000169,4,381,-377
120000170,7,333,-326
120000171,1,99,-98
120000172,3,157,-154
120000173,51,115,-64
120000174,22,53,-31
120000175,22,56,-34
120000176,29,51,-22
120000177,173,96,77
120000178,20,13,7
120000179,22,11,11
120000180,36,16,20
120000181,9,360,-351
120000182,21,284,-263
120000183,4,149,-145
120000184,45,337,-292
120000186,18,306,-288
120000187,2,74,-72
120000188,11,73,-62
120000190,70,45,25
120000191,93,23,70
120000192,38,11,27
120000193,74,3,71
120000195,10,0,10
120000196,74,4,70
120000197,5,17,-12
120000198,236,2,234
120000199,269,0,269
120000200,232,0,232
120000201,46,70,-24
120000202,0,23,-23
120000203,76,17,59
120000207,1,20,-19
120000208,4,42,-38
120000209,3,14,-11
120000210,12,13,-1
120000211,266,0,266
120000212,289,0,289
120000213,192,88,104
120000214,1,16,-15
120000215,0,13,-13
120000216,113,22,91
120000217,160,227,-67
120000218,36,226,-190
120000219,1,207,-206
120000220,0,530,-530
120000225,2605,3,2602
120000226,526,1,525
120000227,835,47,788
120000228,3906,2765,1141
120000230,291,28,263
120000231,1443,195,1248
120000233,523,48,475
120000235,84,146,-62
120000236,1356,1,1355
120000237,1,199,-198
120000238,0,112,-112
120000241,1036,2334,-1298
120000412,260,2,258
120000413,364,83,281
120000414,288,3,285
120000415,0,18,-18
120000416,79,0,79
120000417,0,77,-77
120000418,398,4,394
120000419,3,34,-31
120000420,13,3,10
120000421,3936,2393,1543
120000422,42,1576,-1534
120000423,0,34,-34
120000424,63,3,60
120000436,45,1013,-968
120000437,28,33,-5
120000438,901,168,733
120000439,159,404,-245
120000443,199,0,199
120000444,1669,159,1510
120000445,1489,790,699
120000446,250,81,169
120000447,436,2,434
120000449,199,3,196
120000450,1,28,-27
120000451,127,55,72
120000452,44,0,44
120000453,0,4,-4
120000454,38,20,18
120000455,63,17,46
120000456,689,2624,-1935
120000457,169,163,6
120000458,147,145,2
120000459,109,29,80
120000665,84,220,-136
120000668,49,343,-294
120000669,129,71,58
120000670,34,334,-300
120000671,1247,602,645
120000672,26,131,-105
120900001,183,8,175
120900002,36,116,-80
120900003,33,2,31
120900004,1,38,-37
120900005,1,194,-193
120900006,457,36,421
120900007,36,27,9
120900008,556,208,348
120900009,106,5,101
120900010,605,88,517
120900011,12,121,-109
120900012,38,915,-877
120900013,350,51,299
120900014,1,96,-95
120900015,952,50,902
120900016,1411,29,1382
120900017,577,39,538
120900018,141,106,35
120900019,296,223,73
120900020,270,376,-106
120900021,563,33,530
120900022,3,60,-57
120900023,655,58,597
120900024,606,163,443
120900025,582,277,305
120900026,53,45,8
120900027,149,17,132
120900028,605,89,516
120900029,6,849,-843
120900030,1750,174,1576
120900031,521,81,440
120900032,1542,77,1465
120900033,1095,40,1055
120900034,17,2021,-2004
120900035,29,22,7
120900037,301,2,299
120900038,49,641,-592
120900039,204,22,182
120900040,419,1,418
120900041,9,22,-13
120900042,400,18,382
120900043,115,19,96
120900044,4,255,-251
120900045,74,26,48
120900046,835,1,834
120900047,148,214,-66
120900048,89,9,80
120900049,682,0,682
120900050,528,2334,-1806
120900051,351,74,277
120900052,1259,4,1255
120900053,335,24,311
120900054,294,75,219
120900055,795,1,794
120900056,717,32,685
120900057,155,20,135
120900058,876,0,876
120900059,85,0,85
120900060,73,2,71
120900061,116,27,89
120900062,332,5,327
120900063,960,10,950
120900064,984,0,984
120900065,942,1,941
120900066,531,55,476
120900067,142,35,107
120900068,468,1,467
120900069,365,17,348
120900071,17,0,17
120900072,914,4,910
120900073,864,22,842
120900074,1069,32,1037
120900076,448,1,447
120900077,550,159,391
120900078,817,107,710
120900079,1202,42,1160
120900080,1224,294,930
120900081,1817,288,1529
120900082,306,270,36
120900083,324,136,188
120900084,380,358,22
120900085,5,27,-22
120900086,21,438,-417
120900087,449,100,349
120900088,92,594,-502
120900089,716,3251,-2535
120900090,240,25,215
120900091,174,523,-349
120900092,48,124,-76
120900093,730,61,669
120900094,52,40,12
120900095,150,0,150
120900096,34,81,-47
120900097,173,256,-83
120900098,82,34,48
120900099,12,7,5
120900100,3,28,-25
120900101,30,77,-47
120900102,45,6,39
120900103,17,41,-24
120900104,4,4,0
120900105,1,133,-132
120900106,213,48,165
120900107,139,26,113
120900108,1,171,-170
120900109,8,87,-79
120900110,3,55,-52
120900111,45,89,-44
120900112,0,152,-152
120900113,12,111,-99
120900114,16,68,-52
120900115,76,113,-37
120900116,560,80,480
120900117,0,89,-89
120900118,14,121,-107
120900119,2459,1282,1177
120900120,6,148,-142
120900121,15,119,-104
120900122,876,74,802
120900123,0,103,-103
120900124,3,119,-116
120900125,0,108,-108
120900126,156,173,-17
120900127,2,120,-118
120900128,91,273,-182
120900129,2,76,-74
120900130,11,82,-71
120900131,25,29,-4
120900132,968,81,887
120900133,12,163,-151
120900134,26,116,-90
120900135,0,211,-211
120900136,21,24,-3
120900137,358,7,351
120900138,0,128,-128
120900139,0,192,-192
120900140,0,40,-40
120900141,184,43,141
120900142,1,135,-134
120900143,0,198,-198
120900144,0,69,-69
120900145,45,235,-190
120900146,0,173,-173
120900147,5,1,4
120900148,52,14,38
120900149,0,74,-74
120900150,46,71,-25
120900151,0,35,-35
120900152,0,1,-1
120900153,22,0,22
120900154,0,74,-74
120900155,144,142,2
120900156,111,54,57
120900157,0,0,0
120900158,42,116,-74
120900159,0,20,-20
120900160,6,126,-120
120900161,2,277,-275
120900162,7,267,-260
120900163,6,144,-138
120900164,0,26,-26
120900165,0,71,-71
120900166,12,209,-197
120900167,47,14,33
120900169,54,26,28
120900170,153,3449,-3296
120900171,231,51,180
120900172,38,408,-370
120900173,0,29,-29
120900174,0,21,-21
120900175,52,17,35
120900176,2,208,-206
120900177,1,1197,-1196
120900178,0,454,-454
120900179,58,35,23
120900180,35,97,-62
120900181,7,8,-1
120900182,4,32,-28
120900183,349,48,301
120900184,23,40,-17
120900185,75,571,-496
120900186,0,88,-88
120900187,485,175,310
120900188,235,32,203
120900189,16,2259,-2243
120900190,108,4,104
120900191,75,1,74
120900192,2966,9551,-6585
120900194,95,20,75
120900195,38,54,-16
120900196,110,5,105
120900197,691,38,653
120900198,46,263,-217
120900199,167,287,-120
120900200,27,32,-5
120900201,163,35,128
120900202,1,34,-33
120900203,30,8,22
120900204,33,49,-16
120900205,43,14,29
120900206,43,10,33
120900207,9,246,-237
121000001,564,545,19
121000002,848,1153,-305
121000003,2609,1274,1335
121000004,848,2130,-1282
121000005,1917,2518,-601
121000006,1207,1885,-678
121000007,1361,2344,-983
121000008,1951,2159,-208
121000009,3030,3747,-717
121000010,2542,2380,162
121000011,2661,3569,-908
121000012,4929,2417,2512
121000013,3201,2953,248
121000014,2427,1784,643
121000015,2725,4126,-1401
121000016,1554,1278,276
121000017,1282,1386,-104
121000018,1552,858,694
121000019,3395,4560,-1165
121000020,4913,8070,-3157
121000021,797,681,116
121000022,1204,1966,-762
121000023,1038,412,626
121000024,2393,2704,-311
121000025,116,529,-413
121000026,71,118,-47
121000027,871,908,-37
121000028,328,561,-233
121000029,302,296,6
121000030,255,269,-14
121000031,185,292,-107
121000032,66,101,-35
121000034,112,187,-75
121000035,43,163,-120
121000036,585,582,3
121000037,250,930,-680
121000038,165,487,-322
121000039,53,182,-129
121000041,162,448,-286
121000042,97,327,-230
121000043,204,559,-355
121000044,446,373,73
121000045,226,251,-25
121000046,337,361,-24
121000047,22,90,-68
121000049,569,519,50
121000050,70,1183,-1113
121000051,338,151,187
121000052,157,1237,-1080
121000053,142,124,18
121000054,40,204,-164
121000055,415,875,-460
121000056,471,932,-461
121000057,78,142,-64
121000058,112,44,68
121000059,2391,517,1874
121000060,760,796,-36
121000061,12,469,-457
121000062,31,209,-178
121000063,609,920,-311
121000064,538,424,114
121000065,118,257,-139
121000066,244,266,-22
121000067,243,242,1
121000068,140,413,-273
121000069,86,1153,-1067
121000070,389,387,2
121000071,810,990,-180
121000072,293,170,123
121000073,507,635,-128
121000074,48,150,-102
121000075,4,17,-13
121000076,231,87,144
121000077,60,95,-35
121000078,19,181,-162
121000080,433,279,154
121000081,988,1930,-942
121000082,82,111,-29
121000083,62,70,-8
121000084,110,228,-118
121000085,121,155,-34
121000086,306,290,16
121000087,35,143,-108
121000088,273,137,136
121000089,120,287,-167
121000090,97,261,-164
121000091,464,548,-84
121000092,84,19,65
121000093,154,73,81
121000094,172,364,-192
121000095,133,461,-328
121000096,3006,613,2393
121000097,182,918,-736
121000098,172,269,-97
121000099,402,236,166
121000100,759,135,624
121000101,157,34,123
121000102,251,44,207
121000103,75,103,-28
121000104,196,20,176
121000105,97,31,66
121000106,84,87,-3
121000107,951,1257,-306
121000109,434,850,-416
121000110,78,358,-280
121000114,1378,995,383
121000115,459,202,257
121000116,181,141,40
121000117,188,78,110
121000118,896,50,846
121000119,242,158,84
121000120,260,539,-279
121000121,442,2552,-2110
121000123,295,167,128
121000127,52,82,-30
121000128,745,97,648
121000129,786,102,684
121000130,253,1053,-800
121000131,662,508,154
121000132,203,717,-514
121000135,65,165,-100
121000136,404,1112,-708
121000137,158,243,-85
121000138,203,2684,-2481
121000139,37,447,-410
121000141,188,33,155
121000142,227,414,-187
121000143,3,12,-9
121000144,198,585,-387
121000145,283,289,-6
121000146,450,655,-205
121000147,681,278,403
121000148,277,277,0
121000149,1167,953,214
121000152,171,156,15
121000153,899,233,666
121000154,752,279,473
121000155,1628,496,1132
121000156,212,395,-183
121000157,325,403,-78
121000158,237,212,25
121000159,157,169,-12
121000160,239,144,95
121000161,149,192,-43
121000162,120,66,54
121000165,364,1354,-990
121000166,14,293,-279
121000168,233,386,-153
121000169,13,159,-146
121000170,201,29,172
121000171,117,124,-7
121000172,527,393,134
121000173,895,698,197
121000174,423,439,-16
121000175,863,221,642
121000176,210,203,7
121000177,395,375,20
121000178,89,56,33
121000179,71,41,30
121000181,67,202,-135
121000182,131,446,-315
121000183,22,273,-251
121000184,34,242,-208
121000185,36,457,-421
121000186,145,530,-385
121000187,248,57,191
121000188,126,32,94
121000192,363,274,89
121000193,374,98,276
121000194,856,892,-36
121000195,232,605,-373
121000196,278,161,117
121000197,56,177,-121
121000198,68,103,-35
121000199,80,129,-49
121000200,395,72,323
121000201,4,139,-135
121000202,468,51,417
121000203,340,585,-245
121000204,2099,338,1761
121000205,186,252,-66
121000206,31,106,-75
121000207,1546,764,782
121000208,1,234,-233
121000209,856,54,802
121000210,544,199,345
121000211,264,24,240
121000212,322,291,31
121000213,5750,1694,4056
121000214,361,1035,-674
121000215,472,593,-121
121000216,252,426,-174
121000217,1937,2669,-732
121000218,388,737,-349
121000219,820,233,587
121000220,259,59,200
121000221,335,372,-37
121000222,3002,2216,786
121000223,150,498,-348
121000224,109,261,-152
121000225,233,4316,-4083
121000226,648,1632,-984
121000227,9,127,-118
121000228,16,189,-173
121000229,191,212,-21
121000230,97,668,-571
121000231,1145,40,1105
121000232,229,89,140
121000233,479,176,303
121000234,3,30,-27
121000235,16,81,-65
121000236,3,36,-33
121000237,12,9,3
121000238,0,37,-37
121000239,45,2,43
121000240,3,47,-44
121000241,63,4,59
121000242,10,102,-92
121000243,132,21,111
121000244,2,27,-25
121000245,15,10,5
121000246,0,31,-31
121000247,134,2,132
121000248,122,276,-154
121000249,26,179,-153
121000250,455,557,-102
121000251,6,244,-238
121000252,71,43,28
121000253,226,395,-169
121000254,903,237,666
121000255,48,445,-397
121000256,230,289,-59
121000257,6,247,-241
121000258,13,205,-192
121000259,7,205,-198
121000260,10,102,-92
121000261,33,224,-191
121000262,548,237,311
121000263,248,305,-57
121000271,426,782,-356
121000273,26,2,24
121000274,14,152,-138
121000275,3,1,2
121000276,3,96,-93
121000278,50,26,24
121000279,14,42,-28
121000280,8,95,-87
121000289,205,45,160
121000290,492,614,-122
121000294,158,32,126
121000297,147,566,-419
121000299,80,964,-884
121000300,678,341,337
121000302,10,549,-539
121000303,321,119,202
121000304,233,12,221
121000305,158,41,117
121000306,126,60,66
121000308,54,48,6
121000309,73,148,-75
121000310,48,84,-36
121000311,34,117,-83
121000312,337,122,215
121000313,112,90,22
121000314,1,33,-32
121000315,9,39,-30
121000530,1230,996,234
121000531,1257,858,399
121000532,2909,3790,-881
121000533,2206,1537,669
121000918,6,102,-96
121000919,70,45,25
121000938,21,76,-55
121000939,64,137,-73
121000956,1233,756,477
121000957,16,24,-8
121000958,7,85,-78
121000959,868,264,604
121000960,1103,471,632
121000961,191,9,182
121000962,162,103,59
121000973,1,219,-218
121000976,3,23,-20
121000979,79,171,-92
121000981,353,26,327
121000982,565,282,283
121000983,421,53,368
121000984,2,27,-25
121000985,848,409,439
121000986,647,53,594
121000987,98,232,-134
121000988,929,79,850
121001302,76,55,21
121001308,0,19,-19
121001309,13,348,-335
121001311,0,0,0
121001313,189,141,48
121001314,649,1115,-466
121001315,3218,2432,786
121001326,178,147,31
121900001,58,275,-217
121900002,13,0,13
121900003,96,2,94
121900004,21,142,-121
121900005,16,2,14
121900006,55,2,53
121900007,1945,764,1181
121900008,24,33,-9
121900009,499,74,425
121900010,53,6,47
121900011,154,49,105
121900012,17,0,17
121900013,45,18,27
121900014,744,148,596
121900015,225,53,172
121900016,14,4,10
121900017,154,301,-147
121900018,164,1,163
121900019,193,31,162
121900020,37,5,32
121900021,634,17,617
121900022,54,96,-42
121900023,30,246,-216
121900024,62,71,-9
121900025,274,72,202
121900026,163,23,140
121900027,152,41,111
121900028,101,0,101
121900029,19,352,-333
121900030,142,186,-44
121900031,285,3278,-2993
121900032,61,5,56
121900033,95,66,29
121900034,166,66,100
121900035,1510,648,862
121900036,41,422,-381
121900037,86,565,-479
121900038,7,10,-3
121900039,139,3,136
121900040,27,8,19
121900041,47,235,-188
121900042,314,66,248
121900043,0,1,-1
121900044,12,17,-5
121900046,60,65,-5
121900047,18,67,-49
121900048,33,14,19
121900050,23,4,19
121900051,92,254,-162
121900052,47,39,8
121900053,272,120,152
121900054,116,331,-215
121900055,2,9,-7
121900058,122,18,104
121900059,71,51,20
121900060,73,146,-73
121900061,62,1198,-1136
121900062,108,66,42
121900063,986,131,855
121900064,207,240,-33
121900066,8,49,-41
121900067,22,1,21
121900069,78,52,26
121900070,52,128,-76
121900071,415,104,311
121900072,31,8,23
121900073,44,153,-109
121900074,188,236,-48
121900075,138,406,-268
121900076,251,278,-27
121900078,21,71,-50
121900079,3,0,3
121900080,273,119,154
121900082,47,27,20
121900084,16,2,14
121900086,9,34,-25
121900087,21,55,-34
121900088,432,632,-200
121900089,107,93,14
121900090,5,6,-1
121900091,16,10,6
121900092,80,49,31
121900093,44,13,31
121900094,3,2,1
121900095,157,90,67
121900096,472,294,178
121900097,208,91,117
121900098,1,1,0
121900099,166,26,140
121900100,6,83,-77
121900101,68,26,42
121900102,0,15,-15
121900103,173,133,40
121900104,1036,117,919
121900105,66,65,1
121900106,0,2,-2
121900107,52,10,42
121900108,0,0,0
121900109,107,47,60
121900110,385,96,289
121900111,62,90,-28
121900112,37,30,7
121900113,21,99,-78
121900114,9,5,4
121900117,15,8,7
121900118,464,46,418
121900119,116,4,112
121900120,11,169,-158
121900121,38,1,37
121900122,17,21,-4
121900123,124,133,-9
121900124,22,43,-21
121900125,640,276,364
121900127,7,139,-132
121900128,18,5,13
121900129,103,53,50
121900130,33,1178,-1145
121900131,91,15,76
121900132,16,8,8
121900133,3,327,-324
121900134,8,87,-79
121900135,5010,449,4561
121900136,77,41,36
121900137,2,104,-102
121900138,37,88,-51
121900139,275,1840,-1565
121900140,5,7,-2
121900141,38,16,22
121900142,14,6,8
121900143,1,52,-51
121900144,30,195,-165
121900145,37,61,-24
121900146,41,75,-34
121900147,9,52,-43
121900148,36,49,-13
121900149,40,49,-9
121900150,21,42,-21
121900151,8,74,-66
121900152,6,6,0
121900153,0,71,-71
121900154,1,55,-54
121900155,0,44,-44
121900156,16,63,-47
121900157,0,13,-13
121900158,11,8,3
121900159,0,24,-24
121900160,5,50,-45
121900161,28,77,-49
121900162,37,12,25
121900163,228,95,133
121900164,58,62,-4
121900165,56,32,24
121900166,172,60,112
121900167,80,7,73
121900168,50,8,42
121900169,0,0,0
121900170,16,10,6
121900171,447,188,259
121900172,228,76,152
121900173,150,121,29
121900174,21,5,16
121900175,10,136,-126
121900176,189,575,-386
121900177,19,29,-10
121900178,5,10,-5
121900179,42,113,-71
121900180,614,3799,-3185
121900182,269,190,79
121900183,91,1432,-1341
121900184,24,978,-954
121900186,25,257,-232
121900187,4,53,-49
121900188,741,75,666
121900189,2,16,-14
121900190,74,313,-239
121900191,5,211,-206
121900192,108,1020,-912
121900193,2,65,-63
121900194,1,85,-84
121900195,1,10,-9
121900196,101,607,-506
121900197,111,334,-223
121900198,3925,531,3394
121900199,1,28,-27
121900200,6,53,-47
121900201,150,242,-92
121900202,14,210,-196
121900203,17,351,-334
121900204,300,416,-116
121900205,6,37,-31
121900206,7,50,-43
121900207,20,20,0
121900208,22,231,-209
121900209,15,34,-19
121900210,523,317,206
121900211,269,123,146
121900212,17,44,-27
121900213,99,3,96
121900214,0,216,-216
121900215,22,90,-68
121900216,0,132,-132
121900217,82,85,-3
121900218,156,171,-15
121900220,68,1,67
121900221,191,110,81
121900222,70,33,37
121900223,39,62,-23
121900224,42,51,-9
121900225,23,104,-81
121900226,94,6,88
121900227,100,320,-220
121900228,38,41,-3
121900230,29,108,-79
121900231,29,156,-127
121900232,46,122,-76
121900233,39,61,-22
121900234,40,67,-27
121900235,249,31,218
121900236,128,12,116
121900237,37,125,-88
121900238,47,75,-28
121900239,48,11,37
121900240,58,30,28
121900241,4,16,-12
121900242,0,0,0
121900243,0,0,0
121900244,0,0,0
121900245,76,15,61
121900246,1844,136,1708
121900248,253,192,61
121900250,27,232,-205
121900251,235,28,207
121900252,89,67,22
121900253,22,523,-501
121900254,36,79,-43
121900255,168,36,132
121900258,2310,785,1525
121900259,50,155,-105
121900260,52,4,48
121900261,28,189,-161
121900262,89,181,-92
121900263,28,53,-25
121900264,231,145,86
121900265,131,24,107
121900266,311,33,278
121900267,52,16,36
121900269,88,312,-224
121900270,35,108,-73
121900271,4,428,-424
121900273,234,1046,-812
121900274,237,97,140
121900277,99,180,-81
121900278,26,326,-300
121900279,97,89,8
121900280,23,204,-181
121900281,58,118,-60
121900284,28,2,26
121900286,96,39,57
121900287,2,12,-10
121900288,0,4,-4
121900290,22,190,-168
121900291,229,290,-61
121900292,57,67,-10
121900293,313,1317,-1004
121900294,79,0,79
121900295,33,11,22
121900296,55,118,-63
121900298,77,430,-353
121900299,0,101,-101
121900300,33,41,-8
121900301,39,0,39
121900302,4,53,-49
121900303,45,110,-65
121900304,1,4,-3
121900305,1,0,1
121900306,257,0,257
121900307,144,0,144
121900308,22,21,1
121900309,1,52,-51
121900310,2,86,-84
121900311,306,1,305
121900312,219,2,217
121900313,228,4,224
121900314,1,3,-2
121900315,4,0,4
121900316,0,8,-8
121900317,20,25,-5
121900318,0,0,0
121900319,48,105,-57
121900320,35,26,9
121900321,2,1,1
121900322,0,6,-6
121900323,16,30,-14
121900324,1,3,-2
121900325,7,0,7
121900326,4,21,-17
121900327,2,20,-18
121900328,0,3,-3
121900329,1,30,-29
121900330,0,73,-73
121900331,3,25,-22
121900332,41,17,24
121900333,31,1,30
121900334,15,13,2
122000001,551,1115,-564
122000002,1162,281,881
122000003,386,791,-405
122000004,468,377,91
122000005,1859,1604,255
122000006,290,502,-212
122000007,216,573,-357
122000008,426,1029,-603
122000009,75,128,-53
122000010,1005,1219,-214
122000011,922,502,420
122000012,305,672,-367
122000013,193,733,-540
122000014,1899,709,1190
122000015,513,541,-28
122000016,182,343,-161
122000017,433,771,-338
122000018,808,810,-2
122000019,282,988,-706
122000020,84,174,-90
122000021,42,103,-61
122000022,315,629,-314
122000023,188,606,-418
122000024,253,635,-382
122000025,312,701,-389
122000026,270,382,-112
122000027,208,329,-121
122000028,485,268,217
122000029,127,212,-85
122000030,117,31,86
122000031,69,354,-285
122000032,835,813,22
122000033,140,560,-420
122000034,65,441,-376
122000035,53,256,-203
122000036,144,137,7
122000037,304,105,199
122000038,162,212,-50
122000039,273,226,47
122000040,166,67,99
122000041,324,688,-364
122000042,234,625,-391
122000043,65,68,-3
122000044,20,44,-24
122000045,492,338,154
122000046,275,311,-36
122000047,62,75,-13
122000048,1047,1838,-791
122000049,2624,1374,1250
122000050,267,406,-139
122000051,58,437,-379
122000052,226,483,-257
122000053,165,1249,-1084
122000054,1273,854,419
122000055,1300,2054,-754
122000056,1425,1105,320
122000057,979,1655,-676
122000058,360,908,-548
122000059,367,1117,-750
122000060,211,289,-78
122000061,103,157,-54
122000062,365,123,242
122000063,117,600,-483
122000064,1479,2832,-1353
122000065,1299,1552,-253
122000066,161,314,-153
122000067,554,1157,-603
122000068,694,798,-104
122000069,496,334,162
122000070,326,633,-307
122000071,1664,584,1080
122000072,123,232,-109
122000073,39,358,-319
122000074,943,667,276
122000075,382,318,64
122000076,1396,545,851
122000077,279,994,-715
122000078,398,1053,-655
122000079,158,942,-784
122000080,216,219,-3
122000081,39,182,-143
122000082,141,540,-399
122000083,1546,461,1085
122000084,1280,436,844
122000085,78,277,-199
122000086,891,3050,-2159
122000087,176,166,10
122000088,60,153,-93
122000089,1999,1623,376
122000090,101,480,-379
122000091,106,251,-145
122000092,70,60,10
122000093,800,1788,-988
122000094,2944,1592,1352
122000095,347,1673,-1326
122000096,171,968,-797
122000098,1507,2417,-910
122000099,164,884,-720
122000100,360,211,149
122000101,84,181,-97
122000102,793,430,363
122000103,457,777,-320
122000104,386,240,146
122000105,152,219,-67
122000106,174,672,-498
122000107,769,248,521
122000108,176,404,-228
122000109,147,155,-8
122000110,166,322,-156
122000111,951,526,425
122000112,534,879,-345
122000113,293,178,115
122000114,591,1844,-1253
122000115,894,1158,-264
122000116,120,204,-84
122000117,234,188,46
122000118,436,87,349
122000119,559,420,139
122000120,309,550,-241
122000121,394,589,-195
122000122,110,348,-238
122000123,426,690,-264
122000124,244,202,42
122000125,74,251,-177
122000126,94,197,-103
122000127,136,120,16
122000128,179,164,15
122000129,171,905,-734
122000130,972,360,612
122000131,456,179,277
122000132,120,132,-12
122000133,222,214,8
122000134,572,582,-10
122000135,235,196,39
122000136,333,277,56
122000137,707,187,520
122000139,378,1066,-688
122000140,86,346,-260
122000141,1581,558,1023
122000142,71,928,-857
122000143,182,251,-69
122000144,774,262,512
122000145,339,341,-2
122000146,118,1157,-1039
122000147,90,283,-193
122000148,184,463,-279
122000149,625,243,382
122000150,840,332,508
122000151,29,87,-58
122000152,107,80,27
122000153,132,74,58
122000154,75,91,-16
122000155,554,807,-253
122000156,2273,1888,385
122000157,390,2702,-2312
122000158,113,227,-114
122000159,574,461,113
122000160,993,398,595
122000161,530,217,313
122000162,248,469,-221
122000163,147,35,112
122000164,10,68,-58
122000165,241,735,-494
122000166,216,1145,-929
122000167,91,178,-87
122000168,112,997,-885
122000169,214,70,144
122000170,115,121,-6
122000171,7,17,-10
122000172,905,612,293
122000173,814,1212,-398
122000174,439,1543,-1104
122000175,254,173,81
122000176,138,1689,-1551
122000177,572,1026,-454
122000178,1706,1361,345
122000179,1189,1736,-547
122000180,365,706,-341
122000181,329,1074,-745
122000182,423,528,-105
122000183,599,460,139
122000184,1416,1262,154
122000185,385,878,-493
122000186,181,343,-162
122000187,927,394,533
122000188,128,83,45
122000189,78,69,9
122000190,409,882,-473
122000191,228,206,22
122000192,657,214,443
122000193,308,434,-126
122000194,218,86,132
122000195,87,530,-443
122000196,502,203,299
122000197,271,345,-74
122000198,166,899,-733
122000199,195,84,111
122000200,304,250,54
122000201,438,1790,-1352
122000202,359,1429,-1070
122000203,836,582,254
122000204,426,498,-72
122000205,242,316,-74
122000206,1746,529,1217
122000207,1437,921,516
122000208,1157,633,524
122000209,775,94,681
122000210,727,623,104
122000211,474,749,-275
122000212,420,467,-47
122000213,393,760,-367
122000214,1003,978,25
122000215,1436,1341,95
122000217,570,574,-4
122000218,323,49,274
122000219,743,282,461
122000220,118,389,-271
122000221,118,372,-254
122000222,202,56,146
122000223,254,283,-29
122000225,366,173,193
122000226,677,746,-69
122000227,46,426,-380
122000228,90,115,-25
122000229,22,232,-210
122000230,14,234,-220
122000231,87,332,-245
122000232,199,284,-85
122000233,0,76,-76
122000234,298,73,225
122000235,269,70,199
122000236,887,29,858
122000237,37,36,1
122000238,75,322,-247
122000239,286,103,183
122000240,587,178,409
122000241,1109,145,964
122000242,188,10,178
122000243,200,40,160
122000244,41,115,-74
122000245,93,43,50
122000246,310,168,142
122000247,150,220,-70
122000248,565,441,124
122000249,793,527,266
122000250,901,451,450
122000251,17,42,-25
122000252,108,33,75
122000253,15,46,-31
122000254,144,37,107
122000255,284,548,-264
122000256,202,375,-173
122000257,218,332,-114
122000258,95,219,-124
122000259,20,292,-272
122000260,22,343,-321
122000261,12,109,-97
122000262,0,63,-63
122000263,54,172,-118
122000264,866,147,719
122000265,1232,419,813
122000266,1975,263,1712
122000267,26,105,-79
122000268,68,29,39
122000269,614,116,498
122000270,180,67,113
122000271,99,339,-240
122000272,122,93,29
122000273,138,124,14
122000274,103,194,-91
122000275,5,51,-46
122000276,850,294,556
122000277,540,1302,-762
122000278,1145,147,998
122000279,101,115,-14
122000280,330,142,188
122000281,414,130,284
122000282,24,724,-700
122000283,15,150,-135
122000284,53,57,-4
122000285,263,54,209
122000286,26,128,-102
122000287,439,612,-173
122000288,603,1003,-400
122000291,1401,421,980
122000293,59,79,-20
122000294,49,237,-188
122000295,867,338,529
122000296,35,801,-766
122000297,844,3484,-2640
122000299,387,163,224
122000300,172,314,-142
122000301,2289,2800,-511
122000302,185,1745,-1560
122000303,815,549,266
122000304,18,113,-95
122000305,1223,291,932
122000306,66,239,-173
122000307,55,83,-28
122000309,15,119,-104
122000310,6,108,-102
122000311,64,63,1
122000312,111,198,-87
122000313,15,131,-116
122000314,114,400,-286
122000315,142,15,127
122000316,927,192,735
122000317,1874,182,1692
122000318,191,789,-598
122000319,950,445,505
122000320,114,225,-111
122000321,41,40,1
122000322,642,582,60
122000323,233,572,-339
122000324,634,1133,-499
122000325,370,703,-333
122000326,110,67,43
122000327,144,347,-203
122000328,333,193,140
122000330,1032,620,412
122000332,107,713,-606
122000333,48,89,-41
122000337,601,275,326
122000338,331,76,255
122000340,43,855,-812
122000342,942,506,436
122000343,393,241,152
122000344,54,18,36
122000345,12,53,-41
122000346,56,28,28
122000348,304,337,-33
122000349,24,101,-77
122000351,105,152,-47
122000352,197,56,141
122000353,11,27,-16
122000355,77,320,-243
122000356,148,449,-301
122000357,77,2,75
122000358,0,2,-2
122000359,0,0,0
122000360,0,0,0
122000362,0,11,-11
122000364,237,102,135
122000365,0,16,-16
122000366,16,1,15
122000368,252,180,72
122000370,2,8,-6
122000371,71,2,69
122000372,3,0,3
122000381,116,154,-38
122000382,11,178,-167
122000384,496,573,-77
122000385,36,0,36
122000386,78,440,-362
122000387,114,512,-398
122000388,711,544,167
122000389,115,210,-95
122000390,117,188,-71
122000391,22,704,-682
122000392,47,65,-18
122000393,5,614,-609
122000394,348,209,139
122000395,81,85,-4
122000396,214,14,200
122000397,13,42,-29
122000398,4,104,-100
122000399,77,65,12
122000400,7,368,-361
122000401,41,13,28
122000402,367,61,306
122000403,150,190,-40
122000404,226,96,130
122000408,287,647,-360
122000503,9,63,-54
122000524,69,83,-14
122000544,56,1155,-1099
122000614,55,66,-11
122000616,86,0,86
122000640,107,46,61
122000641,122,126,-4
122000642,947,317,630
122000643,23,164,-141
122000644,76,19,57
122000645,15,110,-95
122000651,238,591,-353
122000664,99,21,78
122000665,364,171,193
122000666,136,288,-152
122000673,24,91,-67
122000674,419,162,257
122000675,1617,471,1146
122000686,298,515,-217
122000687,1533,154,1379
122000688,279,227,52
122000689,1082,160,922
122000690,2709,113,2596
122000691,940,402,538
122000692,981,77,904
122000693,239,489,-250
122000695,344,141,203
122000696,435,43,392
122000698,179,114,65
122000699,270,28,242
122000701,1218,198,1020
122000702,318,701,-383
122000703,59,31,28
122000717,3,91,-88
122000718,80,1356,-1276
122000719,5,35,-30
122000720,712,61,651
122000724,62,86,-24
122900001,33,11,22
122900002,396,2778,-2382
122900003,267,7,260
122900004,2199,73,2126
122900005,20,170,-150
122900006,79,1089,-1010
122900007,193,1230,-1037
122900008,133,282,-149
122900009,178,56,122
122900010,91,49,42
122900012,168,154,14
122900014,51,22,29
122900015,769,199,570
122900016,40,38,2
122900017,850,487,363
122900018,35,2,33
122900019,5,222,-217
122900020,95,204,-109
122900021,129,224,-95
122900022,595,603,-8
122900023,244,53,191
122900024,107,54,53
122900025,0,55,-55
122900026,1,25,-24
122900027,23,699,-676
122900028,59,34,25
122900029,2378,1017,1361
122900030,322,37,285
122900031,168,230,-62
122900032,116,179,-63
122900033,170,107,63
122900034,1334,1875,-541
122900035,9,0,9
122900036,26,8,18
122900037,166,39,127
122900038,34,1395,-1361
122900039,13,216,-203
122900040,230,344,-114
122900041,49,287,-238
122900042,70,79,-9
122900043,175,173,2
122900044,29,183,-154
122900045,38,67,-29
122900046,43,272,-229
122900047,56,14,42
122900048,4,143,-139
122900049,1430,40,1390
122900051,16,124,-108
122900052,125,48,77
122900053,4,28,-24
122900055,89,44,45
122900057,118,4,114
122900061,277,8,269
122900062,202,478,-276
122900063,147,53,94
122900064,717,836,-119
122900065,126,140,-14
122900066,236,47,189
122900067,272,142,130
122900069,178,716,-538
122900070,283,12,271
122900071,69,203,-134
122900073,4,21,-17
122900074,1146,75,1071
122900076,0,61,-61
122900077,0,30,-30
122900078,237,6,231
122900080,34,23,11
122900081,115,62,53
122900082,1118,67,1051
122900083,10,23,-13
122900084,23,49,-26
122900086,6,953,-947
122900087,311,534,-223
122900088,14,209,-195
122900089,25,358,-333
122900090,31,181,-150
122900091,334,3,331
122900092,0,21,-21
122900093,0,17,-17
122900094,0,45,-45
122900095,138,3,135
122900096,480,17,463
122900097,40,6,34
122900098,5,66,-61
122900099,165,38,127
122900100,4,471,-467
122900101,117,59,58
122900102,59,38,21
122900103,323,1,322
122900104,187,2,185
122900105,3,3,0
122900106,2,3,-1
122900107,0,5,-5
122900108,7,47,-40
122900109,185,44,141
123000001,418,393,25
123000002,1592,4639,-3047
123000003,2224,1817,407
123000004,1579,2432,-853
123000005,2133,1298,835
123000006,1213,1143,70
123000007,1921,1335,586
123000008,952,1675,-723
123000009,2380,2132,248
123000010,1770,2224,-454
123000011,1062,754,308
123000012,204,1284,-1080
123000013,2493,588,1905
123000014,264,1581,-1317
123000015,1541,836,705
123000016,1583,1577,6
123000017,4066,1898,2168
123000018,174,32,142
123000019,478,17,461
123000020,356,18,338
123000021,219,231,-12
123000022,712,1303,-591
123000023,1937,1422,515
123000024,1102,549,553
123000025,311,53,258
123000026,29,143,-114
123000027,32,642,-610
123000028,81,2971,-2890
123000029,143,1322,-1179
123000030,177,65,112
123000031,435,89,346
123000032,599,134,465
123000033,203,59,144
123000034,578,493,85
123000035,149,317,-168
123000036,88,648,-560
123000037,80,103,-23
123000038,31,288,-257
123000039,363,1303,-940
123000040,381,107,274
123000041,245,512,-267
123000042,256,387,-131
123000043,765,6720,-5955
123000044,2045,1095,950
123000045,2000,718,1282
123000046,91,453,-362
123000047,243,489,-246
123000048,28,1148,-1120
123000049,2551,4512,-1961
123000050,1170,855,315
123000051,55,95,-40
123000052,403,1061,-658
123000053,1175,1128,47
123000054,1123,1048,75
123000055,1338,2576,-1238
123000056,592,391,201
123000057,1754,2254,-500
123000058,302,844,-542
123000059,69,221,-152
123000060,755,249,506
123000061,148,204,-56
123000063,644,397,247
123000064,962,68,894
123000065,1567,1153,414
123000066,196,255,-59
123000067,401,221,180
123000068,671,602,69
123000069,1473,474,999
123000070,82,226,-144
123000071,1087,297,790
123000072,498,363,135
123000073,1085,355,730
123000074,438,484,-46
123000075,171,713,-542
123000076,277,105,172
123000077,956,603,353
123000078,1591,466,1125
123000079,1369,550,819
123000080,1341,294,1047
123000081,76,147,-71
123000082,76,363,-287
123000083,594,115,479
123000084,501,281,220
123000085,474,47,427
123000086,612,20,592
123000087,281,68,213
123000088,651,346,305
123000089,584,406,178
123000090,680,356,324
123000091,844,624,220
123000092,442,581,-139
123000094,400,50,350
123000095,620,158,462
123000096,589,130,459
123000097,388,125,263
123000098,615,136,479
123000099,363,144,219
123000100,188,450,-262
123000101,211,131,80
123000102,352,713,-361
123000104,147,186,-39
123000105,200,79,121
123000106,272,117,155
123000107,140,69,71
123000108,251,348,-97
123000111,667,61,606
123000112,713,121,592
123000113,332,284,48
123000114,132,215,-83
123000115,134,208,-74
123000116,73,27,46
123000117,1329,600,729
123000118,297,185,112
123000119,149,153,-4
123000120,134,218,-84
123000121,376,253,123
123000122,144,139,5
123000123,295,209,86
123000124,203,141,62
123000125,873,626,247
123000126,763,2123,-1360
123000127,286,209,77
123000128,170,126,44
123000129,907,33,874
123000130,691,20,671
123000131,1025,388,637
123000132,173,199,-26
123000133,99,41,58
123000134,177,22,155
123000135,1462,212,1250
123000136,88,161,-73
123000137,53,104,-51
123000138,51,123,-72
123000139,537,38,499
123000140,36,124,-88
123000141,210,30,180
123000142,738,480,258
123000143,491,758,-267
123000144,1,16,-15
123000145,89,477,-388
123000146,10,254,-244
123000147,6,235,-229
123000149,224,249,-25
123000150,32,135,-103
123000151,145,428,-283
123000152,10,148,-138
123000153,41,533,-492
123000154,741,1501,-760
123000155,955,1169,-214
123000156,19,28,-9
123000157,364,525,-161
123000158,162,404,-242
123000159,1041,2563,-1522
123000160,438,602,-164
123000161,836,703,133
123000162,933,1272,-339
123000163,460,110,350
123000164,1684,68,1616
123000165,97,406,-309
123000166,6,15,-9
123000167,69,48,21
123000168,220,72,148
123000169,656,32,624
123000170,130,27,103
123000171,928,5,923
123000172,20,194,-174
123000173,350,90,260
123000174,468,264,204
123000175,125,303,-178
123000176,551,150,401
123000177,102,299,-197
123000178,630,72,558
123000179,9,249,-240
123000180,903,196,707
123000181,194,439,-245
123000182,233,115,118
123000183,106,312,-206
123000184,22,149,-127
123000185,690,415,275
123000186,0,195,-195
123000187,525,19,506
123000188,296,1,295
123000189,770,77,693
123000190,57,219,-162
123000192,4,111,-107
123000193,10,174,-164
123000194,134,197,-63
123000195,324,15,309
123000196,332,18,314
123000197,57,48,9
123000198,35,487,-452
123000199,2,335,-333
123000200,586,9,577
123000201,1113,12,1101
123000202,5,188,-183
123000203,930,15,915
123000204,26,298,-272
123000205,100,346,-246
123000206,2488,162,2326
123000207,41,362,-321
123000208,656,45,611
123000209,1586,258,1328
123000210,63,513,-450
123000211,189,587,-398
123000212,2947,201,2746
123000213,377,42,335
123000215,94,142,-48
123000216,77,704,-627
123000217,155,15,140
123000218,68,201,-133
123000219,393,78,315
123000220,235,70,165
123000221,93,13,80
123000222,162,142,20
123000223,401,101,300
123000224,296,161,135
123000225,165,22,143
123000226,135,108,27
123000227,67,79,-12
123000228,302,15,287
123000229,332,237,95
123000232,39,116,-77
123000233,532,45,487
123000234,142,230,-88
123000235,825,181,644
123000236,139,266,-127
123000237,444,82,362
123000238,30,59,-29
123000239,149,213,-64
123000240,37,500,-463
123000241,106,9,97
123000242,40,114,-74
123000243,454,563,-109
123000244,376,217,159
123000245,1,46,-45
123000249,199,300,-101
123000252,578,106,472
123000253,1114,269,845
123000254,442,243,199
123000255,505,391,114
123000256,3,65,-62
123000257,723,502,221
123000258,640,216,424
123000259,414,361,53
123000260,510,62,448
123000261,256,65,191
123000262,25,29,-4
123000263,374,14,360
123000264,149,55,94
123000265,9,17,-8
123000266,298,192,106
123000267,701,109,592
123000268,13,5,8
123000269,27,54,-27
123000270,39,66,-27
123000271,19,19,0
123000272,455,177,278
123000273,187,857,-670
123000274,1004,418,586
123000275,87,310,-223
123000278,683,1861,-1178
123000279,143,25,118
123000280,198,139,59
123000281,169,32,137
123000282,13,114,-101
123000283,291,21,270
123000284,26,25,1
123000286,106,190,-84
123000287,107,97,10
123000288,445,729,-284
123000289,75,955,-880
123000291,46,259,-213
123000294,143,256,-113
123000295,628,1379,-751
123000296,688,786,-98
123000297,682,178,504
123000298,1045,187,858
123000299,124,105,19
123000300,709,415,294
123000301,99,224,-125
123000302,178,30,148
123000303,24,542,-518
123000305,278,323,-45
123000306,207,18,189
123000309,17,28,-11
123000310,98,12,86
123000311,0,52,-52
123000312,399,278,121
123000313,469,484,-15
123000315,256,62,194
123000316,777,210,567
123000317,138,156,-18
123000318,18,99,-81
123000329,3,6,-3
123000337,185,836,-651
123000338,86,301,-215
123000339,357,44,313
123000340,29,79,-50
123000342,1,37,-36
123000343,105,1,104
123000344,268,54,214
123000345,80,129,-49
123000346,592,37,555
123000352,335,317,18
123000353,92,15,77
123000354,339,2,337
123000355,0,739,-739
123000356,254,0,254
123000357,0,24,-24
123000359,2,26,-24
123000360,95,119,-24
123000361,451,118,333
123000362,174,22,152
123000363,123,39,84
123000364,278,197,81
123000365,13,168,-155
123000366,141,1289,-1148
123000367,127,179,-52
123000370,8,41,-33
123000371,493,14,479
123000372,239,8,231
123000373,0,40,-40
123000374,3,11,-8
123000375,344,36,308
123000376,683,429,254
123000377,486,4,482
123000378,1,48,-47
123000379,0,117,-117
123000380,3,86,-83
123000381,65,109,-44
123000382,527,115,412
123000383,29,339,-310
123000384,671,144,527
123000385,13,86,-73
123000436,32,1153,-1121
123000507,70,93,-23
123000508,107,1105,-998
123000517,57,5,52
123000518,23,40,-17
123000519,53,33,20
123000520,17,54,-37
123000521,298,47,251
123000522,64,101,-37
123000541,8,6,2
123000542,0,0,0
123000565,851,18,833
123000566,347,169,178
123000567,123,74,49
123000573,4,69,-65
123000574,805,40,765
123000575,2066,65,2001
123000576,530,243,287
123000577,6,148,-142
123000578,321,70,251
123000579,655,3421,-2766
123000580,75,48,27
123000582,424,7,417
123000583,4,110,-106
123000584,180,124,56
123000585,0,1,-1
123000586,124,0,124
123000596,44,16,28
123000597,77,131,-54
123000602,78,15,63
123000603,1218,131,1087
123000604,577,142,435
123000605,235,1,234
123000606,0,24,-24
123000609,15,184,-169
123000610,34,53,-19
123000613,83,36,47
123000614,276,40,236
123000615,30,103,-73
123000616,769,17,752
123000617,60,75,-15
123000618,19,210,-191
123000619,303,21,282
123000620,0,113,-113
123000622,343,8,335
123000624,346,61,285
123000630,1863,391,1472
123000631,64,379,-315
123000632,311,216,95
123000633,0,138,-138
123000634,10,235,-225
123000635,15,50,-35
123000636,70,359,-289
123000637,202,11,191
123000638,513,168,345
123000639,768,4435,-3667
123000640,26,155,-129
123000648,420,15,405
123000649,13,133,-120
123900001,801,22,779
123900002,33,607,-574
123900003,24,165,-141
123900005,204,185,19
123900006,290,45,245
124000001,1463,170,1293
124000002,1,434,-433
124000003,1111,111,1000
124000004,10,132,-122
124000005,995,1084,-89
124000006,35,191,-156
124000007,500,79,421
124000008,77,235,-158
124000009,982,194,788
124000010,121,263,-142
124000011,813,142,671
124000012,108,310,-202
124000017,190,109,81
124000018,12,14,-2
124000019,187,28,159
124000020,10,15,-5
124000021,109,49,60
124000022,32,22,10
124000023,763,838,-75
124000024,600,246,354
124000025,786,990,-204
124000026,820,783,37
124000027,2382,1620,762
124000028,1028,3717,-2689
124000030,992,459,533
124000031,919,8051,-7132
124000032,1242,369,873
124000033,616,886,-270
124000034,210,426,-216
124000035,310,78,232
124000036,58,219,-161
124000037,156,346,-190
124000038,1,17,-16
124000039,150,67,83
124000040,46,262,-216
124000041,515,22,493
124000042,176,49,127
124000043,100,43,57
124000044,52,28,24
124000045,1134,109,1025
124000046,97,192,-95
124000047,1760,178,1582
124000048,413,246,167
124000049,1645,164,1481
124000050,385,482,-97
124000051,1390,160,1230
124000052,309,320,-11
124000053,453,1493,-1040
124000054,309,154,155
124000055,643,2749,-2106
124000056,745,255,490
124000057,1240,279,961
124000058,257,356,-99
124000059,691,627,64
124000060,186,384,-198
124000061,738,3624,-2886
124000062,1530,539,991
124000063,809,326,483
124000064,704,508,196
124000065,48,195,-147
124000066,176,75,101
124000067,124,87,37
124000068,5,30,-25
124000069,491,75,416
124000070,115,96,19
124000071,98,74,24
124000072,70,176,-106
124000073,610,44,566
124000074,68,122,-54
124000075,538,31,507
124000076,0,0,0
124000077,176,516,-340
124000078,542,560,-18
124000079,85,412,-327
124000080,642,72,570
124000081,87,136,-49
124000082,53,123,-70
124000083,10,44,-34
124000084,20,770,-750
124000085,19,9,10
124000086,20,172,-152
124000087,17,168,-151
124000088,73,218,-145
124000089,420,53,367
124000090,153,100,53
124000091,464,42,422
124000092,200,286,-86
124000093,154,64,90
124000094,51,169,-118
124000095,129,20,109
124000096,59,60,-1
124000097,115,63,52
124000098,213,83,130
124000099,164,44,120
124000100,38,212,-174
124000101,155,106,49
124000102,55,16,39
124000103,145,69,76
124000104,48,60,-12
124000105,114,52,62
124000106,29,34,-5
124000107,26,177,-151
124000108,21,20,1
124000109,197,38,159
124000110,100,23,77
124000111,158,95,63
124000112,685,247,438
124000113,83,128,-45
124000114,267,280,-13
124000115,120,436,-316
124000116,75,195,-120
124000117,69,39,30
124000118,13,67,-54
124000119,464,158,306
124000120,333,138,195
124000121,815,413,402
124000122,300,719,-419
124000123,287,187,100
124000124,368,189,179
124000125,239,113,126
124000126,150,124,26
124000127,786,135,651
124000128,433,193,240
124000129,841,449,392
124000130,201,125,76
124000131,472,345,127
124000132,214,215,-1
124000133,847,404,443
124000134,341,187,154
124000135,926,1054,-128
124000136,193,306,-113
124000137,408,470,-62
124000138,231,302,-71
124000139,366,71,295
124000140,31,343,-312
124000141,1139,31,1108
124000142,6,218,-212
124000143,116,7,109
124000144,0,66,-66
124000145,136,6,130
124000146,17,40,-23
124000148,4,43,-39
124000149,749,136,613
124000150,171,324,-153
124000151,921,300,621
124000152,290,369,-79
124000153,772,555,217
124000154,471,291,180
124000155,600,317,283
124000156,363,288,75
124000169,82,196,-114
124000170,154,180,-26
124000171,187,161,26
124000172,136,95,41
124000173,453,114,339
124000174,437,167,270
124000175,0,0,0
124000176,51,21,30
124000177,0,0,0
124000178,18,54,-36
124000185,26,2,24
124000186,22,22,0
124000187,10,25,-15
124000188,124,3,121
124000190,25,85,-60
124000191,92,330,-238
124000192,491,381,110
124000193,44,1056,-1012
124000194,128,106,22
124000195,347,179,168
124000196,282,326,-44
124000197,66,6,60
124000198,17,31,-14
124000201,11,427,-416
124000202,527,30,497
124000203,577,85,492
124000204,1430,16,1414
124000205,122,51,71
124000206,1222,135,1087
124000207,1,26,-25
124000209,157,18,139
124000210,1014,187,827
124000211,958,2,956
124000212,0,72,-72
124000213,475,96,379
124000214,653,36,617
124000215,577,17,560
124000216,10,481,-471
124000329,12,576,-564
124000338,22,252,-230
124000339,2078,12,2066
124000341,2136,14,2122
124000344,66,35,31
124000357,856,2025,-1169
124000358,622,1538,-916
124000359,1020,386,634
124000360,1186,351,835
124000361,1697,1028,669
124000362,739,1525,-786
124000363,262,173,89
124000364,259,245,14
124000365,362,484,-122
124000366,1278,401,877
124000367,18,264,-246
124000368,320,1328,-1008
124000369,49,59,-10
124000370,16,477,-461
124000402,29,10,19
124000403,125,39,86
124000404,13,31,-18
124000405,468,169,299
124000406,294,120,174
124000407,1,15,-14
124000411,0,92,-92
124000412,433,3,430
124000413,75,75,0
124000414,116,25,91
124000415,45,56,-11
124000416,93,69,24
124000417,224,57,167
124000418,260,35,225
124000419,84,33,51
124000420,102,20,82
124000421,68,57,11
124000422,15,11,4
124000423,122,11,111
124000424,0,11,-11
124000425,119,5,114
124000426,1,61,-60
124000427,145,4,141
124000428,5,232,-227
124000429,129,21,108
124000430,641,196,445
124000431,269,89,180
124000432,203,660,-457
124000439,13,34,-21
124000443,0,0,0
124000445,63,2200,-2137
124000446,512,356,156
124000447,6,217,-211
124000448,225,7,218
124000449,406,1,405
124000450,9,41,-32
124000451,0,7,-7
124900001,648,64,584
124900002,78,40,38
124900003,679,116,563
124900004,526,110,416
124900005,73,38,35
124900006,505,100,405
124900008,208,148,60
124900009,41,173,-132
124900010,115,18,97
124900011,476,169,307
124900012,158,21,137
124900013,398,21,377
124900014,156,31,125
124900015,52,287,-235
124900016,59,115,-56
124900017,113,2461,-2348
124900018,51,1,50
124900020,79,12,67
124900021,263,26,237
124900022,40,0,40
124900024,305,0,305
124900026,9,0,9
124900027,60,86,-26
124900028,172,8,164
124900029,15,255,-240
124900030,1,16,-15
124900031,3,46,-43
124900032,108,51,57
124900033,12,42,-30
124900034,10,50,-40
124900035,45,29,16
124900036,1,53,-52
124900037,33,56,-23
124900038,30,73,-43
124900039,0,80,-80
124900040,25,28,-3
124900041,204,131,73
124900042,9,2,7
124900043,284,111,173
124900044,42,0,42
124900045,62,230,-168
124900047,28,37,-9
124900048,166,12,154
124900050,136,15,121
124900052,12,80,-68
124900053,36,58,-22
124900054,381,86,295
124900055,0,11,-11
124900057,0,0,0
124900060,5,32,-27
124900061,68,0,68
124900062,146,7,139
124900066,0,0,0
124900067,0,1,-1
124900068,73,360,-287
124900070,3,4,-1
124900072,141,5,136
124900075,184,27,157
124900076,36,658,-622
124900077,9,30,-21
124900078,22,0,22
124900079,69,41,28
124900080,224,80,144
124900081,832,87,745
124900082,140,95,45
124900083,165,77,88
124900085,217,173,44
124900086,7,384,-377
124900087,47,29,18
124900088,34,16,18
124900089,176,1,175
124900090,448,71,377
124900091,118,48,70
124900092,78,28,50
124900093,423,45,378
124900094,525,34,491
124900095,108,356,-248
124900096,99,35,64
124900097,296,9,287
124900098,57,81,-24
124900099,88,102,-14
124900100,298,3,295
124900101,245,21,224
124900102,357,0,357
124900103,13,31,-18
124900104,13,43,-30
124900105,48,16,32
124900106,184,21,163
124900107,187,4,183
124900108,43,53,-10
124900111,0,0,0
124900112,100,78,22
124900113,3,48,-45
124900114,5,35,-30
124900115,2,5,-3
124900116,220,209,11
124900117,81,123,-42
124900118,9,721,-712
124900119,218,153,65
124900120,6,31,-25
124900121,12,288,-276
124900122,142,20,122
124900123,62,25,37
124900124,20,36,-16
204000001,232,28,204
204000002,8,6,2
204000003,23,0,23
204000004,15,0,15
204000005,312,207,105
204000006,806,947,-141
204000011,0,0,0
204000012,2,8,-6
204000019,1027,252,775
204000020,933,192,741
204000021,556,639,-83
204000022,1052,310,742
204000023,259,350,-91
204000031,27,6,21
204000032,88,5,83
204000034,46,17,29
204000035,0,13,-13
204000036,0,3,-3
204000037,0,23,-23
204000038,0,13,-13
204000039,23,10,13
204000040,2,4,-2
204000041,3,10,-7
204000042,16,9,7
204000043,25,16,9
204000044,51,2,49
204000045,33,2,31
204000046,26,6,20
204000057,3,32,-29
204000062,2,63,-61
204000068,0,26,-26
204000069,2,72,-70
204000070,77,37,40
204000080,8,20,-12
204000085,337,207,130
204000086,537,486,51
204000087,23,3,20
204000088,0,0,0
204000090,103,14,89
204000093,438,12,426
204000096,850,260,590
204000097,400,11,389
204000099,771,1408,-637
204000100,1175,468,707
204000105,388,161,227
204000110,127,357,-230
204000111,182,266,-84
204000112,96,191,-95
204000113,118,203,-85
204000114,703,976,-273
204000115,716,186,530
204000116,397,126,271
204000119,2176,713,1463
204000132,556,378,178
204000133,568,47,521
204000134,184,21,163
204000135,433,13,420
204000136,433,77,356
204000138,245,562,-317
204000140,238,76,162
204000141,144,28,116
204000144,0,35,-35
204000145,245,6,239
204000146,7,11,-4
204000147,8,11,-3
204000148,54,22,32
204000154,3,5,-2
204000155,0,30,-30
204000177,64,42,22
204000179,18,0,18
204000180,0,14,-14
204000222,10,39,-29
204000235,8,34,-26
204000236,4,6,-2
204000238,27,7,20
204000240,140,16,124
204000263,130,238,-108
204000268,505,174,331
204000308,21,4,17
204000317,1,21,-20
204000322,11,28,-17
204000323,12,21,-9
204000328,273,13,260
204000329,17,32,-15
204000330,115,28,87
204000331,91,7,84
205000001,217,311,-94
205000013,0,8,-8
205000014,3,3,0
205000015,2,6,-4
205000016,1,10,-9
205000017,12,3,9
205000022,87,180,-93
205000025,345,126,219
205000029,667,6,661
205000045,113,33,80
205000046,53,29,24
205000047,15,19,-4
205000048,126,44,82
205000049,62,29,33
205000050,101,10,91
205000059,0,21,-21
205000060,0,69,-69
205000061,0,78,-78
205000062,0,50,-50
205000063,3,158,-155
205000064,3,29,-26
205000065,33,226,-193
205000066,48,98,-50
205000067,46,118,-72
205000069,123,11,112
205000082,100,70,30
205000110,29,20,9
205000111,26,7,19
205000112,47,106,-59
205000113,11,36,-25
205000121,118,56,62
205000123,2,8,-6
205000126,504,90,414
205000127,547,24,523
205000128,253,50,203
205000129,587,70,517
205000130,116,11,105
205000131,16,19,-3
205000132,46,10,36
205000133,65,0,65
205000134,213,1,212
205000137,15,6,9
205000138,36,9,27
205000139,0,17,-17
205000144,57,39,18
205000145,143,43,100
205000151,135,30,105
205000152,50,27,23
205000153,224,34,190
205000154,42,57,-15
205000155,74,30,44
205000207,0,0,0
205000233,31,0,31
205000234,0,0,0
205000243,0,0,0
205000244,0,1,-1
205000245,0,26,-26
205000249,0,24,-24
205000250,5,0,5
205000264,0,5,-5
206000027,3,7,-4
206000028,2,1,1
206000043,1,19,-18
206000053,0,0,0
206000054,0,5,-5
206000055,0,0,0
206000075,3,6,-3
206000076,4,2,2
206000077,21,0,21
206000078,18,1,17
206000079,47,2,45
206000082,284,90,194
206000100,2,206,-204
206000103,0,0,0
206000104,0,0,0
206000105,0,0,0
206000106,0,0,0
206000125,251,0,251
206000157,2,39,-37
206000170,0,99,-99
206000171,1,116,-115
206000172,17,66,-49
206000173,2,33,-31
206000174,2,20,-18
206000175,0,21,-21
206000176,20,32,-12
206000177,0,12,-12
206000178,0,142,-142
206000179,0,28,-28
206000180,3,35,-32
206000181,0,27,-27
206000182,6,37,-31
206000183,20,80,-60
206000184,1,24,-23
206000185,2,7,-5
206000186,3,101,-98
206000223,1,136,-135
206000226,32,1,31
206000227,24,1,23
206000237,6,32,-26
206000238,11,117,-106
206000239,75,404,-329
206000240,0,0,0
206000241,0,71,-71
206000242,1,34,-33
206000243,2,32,-30
206000244,15,45,-30
206000245,2666,34,2632
206000246,657,2,655
206000247,917,2,915
206000248,944,5,939
206000252,24,41,-17
206000258,0,0,0
206000315,6,5,1
206000317,651,172,479
206000318,765,49,716
206000319,3350,25,3325
206000320,1203,32,1171
206000321,1144,3,1141
206000322,1611,7,1604
206000323,436,1,435
206000324,572,2,570
206000325,292,19,273
206000326,418,5,413
206000327,28,2,26
206000328,312,1,311
206000329,929,4,925
206000330,257,1,256
206000331,602,0,602
206000332,98,4,94
206000333,1872,2,1870
206000334,1114,1,1113
206000335,0,13,-13
206000361,0,17,-17
206000392,0,3,-3
206000405,280,0,280
206000441,39,30,9
206000498,24,2,22
206000515,64,25,39
206000530,545,64,481
206000531,300,188,112
206000532,867,223,644
206000535,29,936,-907
206000536,22,73,-51
206000537,0,66,-66
206000613,1061,287,774
206000784,415,42,373
207000001,27,142,-115
207000002,20,207,-187
207000003,31,159,-128
207000007,1822,139,1683
207000008,371,13,358
207000009,75,3,72
207000010,53,122,-69
207000012,575,88,487
207000015,55,325,-270
207000019,366,33,333
207000021,323,140,183
207000022,164,73,91
207000023,267,40,227
207000024,6,4,2
207000025,5,37,-32
207000026,0,0,0
207000027,0,0,0
207000028,0,34,-34
207000029,6,69,-63
207000033,140,218,-78
207000034,165,38,127
207000039,669,37,632
207000040,933,15,918
207000041,117,15,102
207000042,308,31,277
207000043,184,150,34
207000051,0,7,-7
207000052,0,9,-9
207000053,131,201,-70
207000054,21,60,-39
207000055,53,56,-3
207000056,86,135,-49
207000057,49,74,-25
207000058,53,116,-63
207000059,30,145,-115
207000060,12,243,-231
207000061,121,1283,-1162
207000062,841,51,790
207000063,645,30,615
207000064,294,28,266
207000065,299,93,206
207000066,641,90,551
207000067,87,16,71
207000068,115,28,87
207000069,678,157,521
207000082,6,155,-149
207000083,45,103,-58
207000084,509,109,400
207000085,413,58,355
207000086,575,3,572
207000106,86,5,81
207000107,83,3,80
207000108,135,0,135
207000109,49,2,47
207000110,19,9,10
207000111,64,9,55
207000112,42,217,-175
207000114,0,0,0
207000115,0,0,0
207000116,0,0,0
207000117,0,0,0
207000118,0,0,0
207000119,0,0,0
207000123,286,3,283
207000124,155,3,152
207000125,35,0,35
207000126,110,7,103
207000134,256,79,177
207000135,60,165,-105
207000148,140,155,-15
207000149,0,0,0
207000152,6,114,-108
207000153,13,359,-346
207000154,251,95,156
207000159,1,8,-7
207000160,12,23,-11
207000238,0,0,0
207000242,0,0,0
207000248,0,0,0
207000249,0,0,0
207000250,0,0,0
207000251,0,0,0
207000252,0,0,0
207000278,167,101,66
207000279,4,16,-12
207000280,1430,23,1407
207000281,36,171,-135
207000282,18,481,-463
207000283,17,87,-70
207000284,18,1342,-1324
207000285,43,90,-47
207000291,0,0,0
207000304,46,26,20
207000306,17,205,-188
207000310,157,84,73
207000353,66,2,64
207000356,0,7,-7
207000357,0,15,-15
207000358,1,14,-13
207000415,0,0,0
207000417,19,2,17
207000418,70,39,31
207000438,0,1,-1
207000439,247,99,148
207000446,83,8,75
207000460,161,9,152
207000466,0,2,-2
207000467,725,28,697
207000468,18,22,-4
207000476,1,41,-40
207000477,298,20,278
207000478,0,9,-9
207000523,0,0,0
207000524,23,0,23
207000527,349,62,287
207000530,168,4,164
207000531,131,1,130
207000532,10,19,-9
207000534,165,17,148
207000535,0,0,0
207000537,0,0,0
207000540,0,0,0
207000541,0,0,0
207000548,0,0,0
207000549,111,3,108
207000561,121,45,76
207000562,0,0,0
207000567,12,80,-68
207000568,241,33,208
207000569,726,98,628
207000584,0,0,0
207000585,17,39,-22
207000587,411,2,409
207000616,0,40,-40
207000617,254,0,254
207000624,20,21,-1
207000631,3,30,-27
207900008,663,33,630
208000001,508,566,-58
208000002,558,569,-11
208000003,623,348,275
208000004,680,497,183
208000005,0,0,0
208000019,958,413,545
208000020,233,178,55
208000021,193,136,57
208000022,370,427,-57
208000028,457,753,-296
208000033,190,221,-31
208000034,336,596,-260
208000037,257,15,242
208000040,160,46,114
208000041,450,327,123
208000042,918,281,637
208000047,63,65,-2
208000064,1321,1000,321
208000066,815,591,224
208000070,724,297,427
208000071,636,123,513
208000072,841,245,596
208000080,253,311,-58
208000081,319,56,263
208000082,137,45,92
208000083,118,100,18
208000084,11,114,-103
208000085,265,105,160
208000086,402,282,120
208000087,261,413,-152
208000089,556,96,460
208000090,402,164,238
208000093,10,37,-27
208000094,134,172,-38
208000095,541,280,261
208000104,1046,221,825
208000105,529,304,225
208000114,44,245,-201
208000115,331,227,104
208000116,1171,922,249
208000117,12,88,-76
208000118,77,226,-149
208000155,399,473,-74
208000158,873,1249,-376
208000186,448,1060,-612
208000204,403,589,-186
208000205,840,409,431
208000282,563,427,136
209000004,509,102,407
209000005,63,17,46
209000006,397,134,263
209000007,327,324,3
209000010,0,0,0
209000011,0,0,0
209000012,15,31,-16
209000013,31,30,1
209000014,26,56,-30
209000025,677,51,626
209000026,1702,139,1563
209000027,23,36,-13
209000028,46,36,10
209000029,103,40,63
209000030,159,87,72
209000031,586,172,414
209000034,221,210,11
209000035,290,261,29
209000036,465,73,392
209000037,651,171,480
209000038,335,84,251
209000039,137,90,47
209000040,336,138,198
209000041,201,176,25
209000042,323,229,94
209000043,518,294,224
209000044,377,364,13
209000045,448,98,350
209000046,395,151,244
209000047,279,78,201
209000048,470,311,159
209000049,28,40,-12
209000050,128,33,95
209000051,130,33,97
209000052,42,39,3
209000062,0,0,0
209000063,0,0,0
209000064,2,3,-1
209000065,241,11,230
209000066,293,5,288
209000067,257,21,236
209000080,5,19,-14
209000082,122,36,86
209000091,0,0,0
209000093,0,0,0
209000094,0,0,0
209000110,58,109,-51
209000111,449,2034,-1585
209000112,1477,375,1102
209000113,2221,445,1776
209000114,1295,349,946
209000115,25,25,0
209000116,99,101,-2
209000118,2,87,-85
209000119,0,0,0
209000121,6,40,-34
209000135,49,56,-7
209000142,508,1893,-1385
209000143,0,0,0
209000144,41,175,-134
209000229,161,65,96
209000240,2,14,-12
209000259,20,12,8
209000260,16,109,-93
209000261,0,81,-81
209000262,0,80,-80
209000263,0,52,-52
209000264,0,41,-41
209000265,215,19,196
209000266,83,1,82
209000267,974,1,973
209000268,308,56,252
210000037,229,16,213
210000047,28,7,21
210000048,55,19,36
210000049,47,1,46
210000052,30,3,27
210000053,8,5,3
210000054,6,41,-35
210000070,156,14,142
210000071,121,2,119
210000072,39,0,39
210000073,0,0,0
210000074,0,1,-1
210000075,0,0,0
210000076,0,12,-12
210000077,0,25,-25
210000078,1,69,-68
210000079,34,8,26
210000080,33,169,-136
210000081,72,1,71
210000082,35,1,34
210000083,14,0,14
210000084,90,0,90
210000085,0,3,-3
210000086,1,1,0
210000099,9,10,-1
210000100,5,24,-19
210000101,1,11,-10
210000105,5,62,-57
210000159,0,10,-10
210000163,3,41,-38
210000164,167,117,50
210000168,239,14,225
210000187,0,0,0
210000188,0,1,-1
210000214,44,0,44
210000219,143,39,104
210000220,222,6,216
210000232,0,0,0
210000233,1,1,0
210000234,9,0,9
210000235,14,1,13
210000245,2,0,2
210000246,43,19,24
210000258,1,2,-1
210000259,208,22,186
210000282,0,14,-14
210000285,0,7,-7
210000286,1,6,-5
210000290,16,1,15
210000295,14,63,-49
210000296,26,11,15
210000320,271,12,259
210000321,108,3,105
210000338,15,27,-12
210000339,19,61,-42
210000340,9,26,-17
210000341,46,23,23
210000342,58,20,38
210000343,49,55,-6
210000344,31,37,-6
210000345,12,79,-67
210000346,9,42,-33
210000347,4,53,-49
210000348,19,27,-8
210000349,3,22,-19
210000350,48,27,21
210000351,89,23,66
210000352,21,30,-9
210000353,58,40,18
210000354,34,35,-1
210000355,15,107,-92
210000356,38,109,-71
210000357,41,123,-82
210000358,208,157,51
210000359,88,143,-55
210000360,210,240,-30
210000361,198,98,100
210000362,263,75,188
210000363,331,139,192
210000364,171,48,123
210000365,176,14,162
210000366,307,42,265
210000367,93,15,78
210000368,107,24,83
210000369,38,20,18
210000370,128,53,75
210000372,11,20,-9
210000373,6,19,-13
210000374,105,35,70
210000375,3,22,-19
210000376,19,99,-80
210000404,9,5,4
210000439,12,12,0
210000472,39,1,38
210000482,176,58,118
210000564,199,132,67
210000567,1,82,-81
210000568,242,1,241
211000092,38,43,-5
211000094,18,5,13
211000169,314,6,308
211000172,11,206,-195
211000209,0,15,-15
211000226,8,5,3
211000270,68,0,68
211000275,52,7,45
211000276,165,24,141
211000279,43,26,17
211000281,136,7,129
211000302,36,26,10
211507980,0,27,-27
211977296,27,4,23
212000003,226,34,192
212000004,0,47,-47
212000005,2,28,-26
212000006,5,120,-115
212000008,59,125,-66
212000009,21,80,-59
212000012,27,23,4
212000013,14,9,5
212000014,117,37,80
212000015,135,53,82
212000016,125,142,-17
212000027,542,150,392
212000028,372,159,213
212000029,270,138,132
212000030,53,8,45
212000031,46,48,-2
212000048,4,146,-142
212000049,3,109,-106
212000050,9,5,4
212000051,232,32,200
212000052,150,68,82
212000053,82,107,-25
212000054,581,22,559
212000055,457,54,403
212000056,27,16,11
212000057,8,26,-18
212000058,111,36,75
212000070,86,52,34
212000077,63,135,-72
212000099,383,50,333
212000108,299,148,151
212000111,463,54,409
212000120,38,92,-54
212000138,62,17,45
212000156,1,41,-40
212000158,2,37,-35
212000159,527,54,473
212000160,608,36,572
212000161,117,16,101
212000310,20,2,18
212000311,20,50,-30
212000374,7,11,-4
213000001,6,178,-172
213000005,519,31,488
213000006,505,52,453
213000007,51,25,26
213000009,166,93,73
213000010,294,58,236
213000011,199,50,149
213000012,113,163,-50
213000014,43,9,34
213000015,131,10,121
213000016,206,1,205
213000017,25,0,25
213000018,0,11,-11
213000019,0,19,-19
213000020,79,70,9
213000021,0,22,-22
213000023,352,142,210
213000033,216,588,-372
213000034,337,82,255
213000035,140,265,-125
213000045,154,166,-12
213000046,65,57,8
213000047,156,557,-401
213000056,150,12,138
213000069,32,0,32
213000073,0,30,-30
213000074,68,192,-124
213000075,514,3,511
213000076,12,4,8
213000085,1,2,-1
213000086,1,14,-13
213000091,248,6,242
213000092,11,16,-5
213000099,76,619,-543
213000100,637,161,476
213000101,450,90,360
213000102,494,128,366
213000103,322,217,105
213000104,28,173,-145
213000105,52,878,-826
213000106,26,91,-65
213000107,100,198,-98
213000108,42,204,-162
213000109,3,123,-120
213000110,5,67,-62
213000111,2,145,-143
213000112,14,265,-251
213000115,40,0,40
213000116,43,261,-218
213000117,2,179,-177
213000118,1065,251,814
213000119,9,254,-245
213000120,11,79,-68
213000122,62,158,-96
213000123,31,268,-237
213000124,76,386,-310
213000125,184,35,149
213000126,18,64,-46
213000127,11,85,-74
213000128,52,367,-315
213000129,150,1341,-1191
213000130,889,401,488
213000132,988,114,874
213000133,839,48,791
213000134,1010,6,1004
213000136,544,40,504
213000137,486,30,456
213000139,321,4,317
213000147,6,10,-4
213000148,44,8,36
213000149,0,3,-3
213000150,0,232,-232
213000151,0,127,-127
213000152,0,175,-175
213000153,0,171,-171
213000154,50,195,-145
213000155,22,142,-120
213000156,108,338,-230
213000157,917,190,727
213000158,334,265,69
213000159,683,130,553
213000163,1868,151,1717
213000165,632,107,525
213000171,0,9,-9
213000172,0,5,-5
213000173,0,11,-11
213000174,0,5,-5
213000175,0,8,-8
213000176,62,46,16
213000177,132,7,125
213000178,297,1,296
213000179,346,2,344
213000180,364,0,364
213000184,51,175,-124
213000188,483,65,418
213000189,817,15,802
213000190,607,66,541
213000191,598,73,525
213000192,243,29,214
213000193,236,108,128
213000194,0,235,-235
213000195,41,291,-250
213000196,240,644,-404
213000197,477,464,13
213000198,3,17,-14
213000200,109,277,-168
213000201,19,59,-40
213000202,8,232,-224
213000203,931,233,698
213000204,869,10,859
213000205,339,11,328
213000206,507,5,502
213000207,52,7,45
213000208,11,3,8
213000209,64,4,60
213000210,66,6,60
213000211,1,39,-38
213000212,3,56,-53
213000213,1,130,-129
213000218,248,285,-37
213000219,971,15,956
213000220,941,3,938
213000223,214,88,126
213000224,15,69,-54
213000225,87,15,72
213000226,40,4,36
213000227,1180,123,1057
213000228,617,36,581
213000229,194,16,178
213000230,613,9,604
213000232,51,1155,-1104
213000233,14,65,-51
213000234,0,9,-9
213000293,2,190,-188
213000294,49,27,22
213000295,23,181,-158
213000296,157,38,119
213000297,4,16,-12
213000298,2,57,-55
213000299,30,20,10
213000300,2,22,-20
213000303,1,14,-13
213000304,0,7,-7
213000305,0,24,-24
213000306,15,13,2
213000307,77,112,-35
213000308,20,36,-16
213000309,118,4,114
213000310,123,69,54
213000311,80,335,-255
213000315,23,27,-4
213000316,231,35,196
213000322,78,11,67
213000323,123,24,99
213000324,27,3,24
213000325,30,24,6
213000326,38,21,17
213000327,2,23,-21
213000328,7,26,-19
213000329,21,3,18
213000340,39,117,-78
213000341,1224,46,1178
213000346,93,247,-154
213000347,169,266,-97
213000348,1,97,-96
213000349,0,26,-26
213000350,124,323,-199
213000366,37,136,-99
213000367,376,12,364
213000379,30,75,-45
213000386,23,175,-152
213000406,131,229,-98
213000417,1277,255,1022
213000425,306,23,283
213000426,243,25,218
213000427,41,55,-14
213000428,26,24,2
213000429,2,4,-2
213000430,39,74,-35
213000431,12,2,10
213000432,6,292,-286
213000433,36,33,3
213000434,93,21,72
213000435,29,13,16
213000436,68,17,51
213000437,0,0,0
213000438,102,39,63
213000439,19,8,11
213000440,0,130,-130
213000441,0,6,-6
213000442,0,12,-12
213000443,254,336,-82
213000444,12,1,11
213000445,0,63,-63
213000446,30,274,-244
213000447,0,56,-56
213000448,49,74,-25
213000449,868,3,865
213000450,12,8,4
213000451,300,4,296
213000452,3,14,-11
213000453,3,47,-44
213000455,50,0,50
213000456,0,125,-125
213000481,1,0,1
213000482,14,0,14
213000489,62,9,53
213000491,17,336,-319
213000492,112,27,85
213000493,1,254,-253
213000494,379,31,348
213000495,0,9,-9
213000496,353,122,231
213000497,45,402,-357
213000498,22,238,-216
213000499,76,234,-158
213000500,541,13,528
213000501,138,1,137
213000502,77,20,57
213000503,1,66,-65
213000504,10,58,-48
213000505,27,2,25
213000506,0,4,-4
213000507,0,67,-67
213900244,103,1,102
213900245,0,1,-1
218000003,62,24,38
218000004,45,36,9
218000005,13,44,-31
218000006,35,21,14
218000007,8,19,-11
218000012,59,192,-133
218000013,92,75,17
218000014,107,57,50
218000019,206,166,40
218000020,161,314,-153
218000021,0,0,0
218000022,0,0,0
218000023,0,0,0
218000024,0,0,0
218000025,0,0,0
218000026,0,0,0
218000027,0,0,0
218000028,0,0,0
218000029,0,0,0
218000030,0,0,0
218000031,0,0,0
218000032,0,0,0
218000040,5,0,5
218000046,103,104,-1
218000047,36,60,-24
218000048,113,72,41
218000049,12,109,-97
218000050,202,131,71
218000051,95,130,-35
218000052,0,21,-21
218000053,2,8,-6
218000054,11,29,-18
218000055,7,31,-24
218000056,29,49,-20
218000057,3,35,-32
218000064,4,2,2
218000065,45,2,43
218000066,16,55,-39
218000067,108,45,63
218000068,169,7,162
218000069,393,34,359
218000070,370,140,230
218000071,172,130,42
218000072,139,143,-4
218000078,654,248,406
218000079,322,10,312
218000080,135,3,132
218000081,591,30,561
218000082,262,28,234
218000083,27,6,21
218000084,39,41,-2
218000085,18,27,-9
218000086,7,21,-14
218000087,54,12,42
218000090,25,213,-188
218000091,1123,305,818
218000092,113,87,26
218000093,62,22,40
218000094,328,134,194
218000099,75,58,17
218000100,108,52,56
218000101,86,47,39
218000102,128,26,102
218000103,77,15,62
218000104,26,1,25
218000105,26,5,21
218000106,47,13,34
218000107,68,30,38
218000108,0,24,-24
218000112,25,3,22
218000117,71,71,0
218000134,248,146,102
218000135,1,88,-87
218000136,97,146,-49
218000137,104,34,70
218000138,20,24,-4
218000139,111,160,-49
218000140,368,148,220
218000141,22,24,-2
218000142,95,62,33
218000143,36,156,-120
218000144,6,151,-145
218000145,421,141,280
218000146,84,14,70
218000151,0,27,-27
218000152,50,38,12
218000153,0,2,-2
218000154,5,5,0
218000155,16,1,15
218000156,86,2,84
218000157,16,4,12
218000158,0,1,-1
218000159,2,1,1
218000160,0,9,-9
218000161,29,1,28
218000162,17,1,16
218000163,26,1,25
218000164,70,1,69
218000165,104,0,104
218000170,0,40,-40
218000171,37,5,32
218000172,1,3,-2
218000173,15,9,6
218000174,28,4,24
218000176,210,13,197
218000177,336,30,306
218000178,149,17,132
218000179,105,47,58
218000180,73,6,67
218000181,210,27,183
218000187,1,2,-1
218000188,9,10,-1
218000189,6,20,-14
218000190,33,19,14
218000191,66,1,65
218000192,72,49,23
218000193,123,55,68
218000194,89,34,55
218000195,219,32,187
218000196,362,74,288
218000197,660,83,577
218000198,132,30,102
218000199,25,4,21
218000200,40,7,33
218000201,0,8,-8
218000202,23,231,-208
218000207,66,9,57
218000208,26,27,-1
218000211,21,4,17
218000212,0,0,0
218000213,226,116,110
218000214,1,35,-34
218000215,129,58,71
218000217,4,68,-64
218000218,335,90,245
218000219,2,28,-26
218000220,51,281,-230
218000221,622,279,343
218000222,0,95,-95
218000223,12,265,-253
218000224,0,105,-105
218000225,142,8,134
218000226,236,31,205
218000230,0,0,0
218000232,61,66,-5
218000239,88,13,75
218000240,1,0,1
218000241,19,0,19
218000242,1,0,1
218000243,4,0,4
218000244,29,0,29
218000245,5,11,-6
218000246,1,2,-1
218000247,1,0,1
218000248,0,26,-26
218000249,0,4,-4
218000250,6,9,-3
218000251,2,19,-17
218000252,0,38,-38
218000253,0,15,-15
218000254,0,9,-9
218000255,2,13,-11
218000256,23,22,1
218000267,304,508,-204
218000268,2,22,-20
218000269,0,7,-7
218000270,32,7,25
218000271,1,15,-14
218000273,48,1,47
218000274,32,2,30
218000275,74,59,15
218000276,26,17,9
218000278,5,45,-40
218000279,64,24,40
218000280,0,11,-11
218000281,2,10,-8
218000282,436,656,-220
218000284,36,4,32
218000301,6,39,-33
218000302,10,15,-5
218000303,11,65,-54
218000316,1489,394,1095
218000317,2433,247,2186
218000318,1349,170,1179
218000319,699,310,389
218000320,321,174,147
218000338,19,51,-32
218000345,131,52,79
218000346,83,70,13
218000459,24,108,-84
218000490,0,21,-21
218000501,96,22,74
218000502,35,9,26
218000503,158,12,146
218000504,77,9,68
218000505,15,38,-23
218000506,6,98,-92
218000508,1,0,1
218000510,57,3,54
218000520,76,83,-7
218000521,3,16,-13
218000522,4,381,-377
218000523,85,11,74
218000524,2,170,-168
218000525,16,7,9
218000526,0,121,-121
218000529,23,35,-12
218000530,5,2,3
218000531,3,8,-5
218000532,83,13,70
218000534,492,42,450
218000537,6,111,-105
218000538,25,122,-97
218000540,41,81,-40
218000543,159,52,107
218000544,1,17,-16
218000545,183,44,139
218000546,2,15,-13
218000547,116,94,22
218000548,74,63,11
218000549,722,56,666
218000550,51,100,-49
218000551,47,188,-141
218000552,394,39,355
218000553,68,47,21
218000554,6,19,-13
218000555,57,50,7
218000556,153,47,106
218000557,752,171,581
218000558,23,1,22
218000559,0,39,-39
218000560,0,21,-21
218000561,4,0,4
218000562,0,58,-58
218000563,75,13,62
218000564,0,61,-61
218000565,78,17,61
218000566,80,27,53
218000567,4,65,-61
218000568,1,0,1
218000569,2,161,-159
218000570,60,7,53
218000571,0,109,-109
218000572,41,0,41
218000573,2,118,-116
218000574,26,27,-1
218000575,92,0,92
218000576,0,75,-75
218000577,35,10,25
218000578,1,69,-68
218000579,4,3,1
218000581,4,9,-5
218000582,86,1,85
218000583,13,7,6
218000584,0,25,-25
218000585,39,5,34
218000586,2,19,-17
218000587,0,0,0
218000588,0,4,-4
218000589,0,40,-40
218000590,1,0,1
218000591,7,176,-169
218000592,0,39,-39
218000593,9,192,-183
218000594,1,20,-19
218000596,0,0,0
218000597,0,42,-42
218000598,0,29,-29
218000599,1,159,-158
218000600,0,43,-43
218000601,1,64,-63
218000602,1,0,1
218000603,0,5,-5
218000604,33,0,33
218000605,0,514,-514
218000606,372,1,371
218000607,3,96,-93
218000608,8,4,4
218000609,1,44,-43
218000610,89,0,89
218000611,0,0,0
218000612,0,11,-11
218000613,24,0,24
218000614,29,37,-8
218000615,113,0,113
218000616,3,177,-174
218000617,2,0,2
218000618,0,29,-29
218000619,56,6,50
218000620,2,17,-15
218000621,0,0,0
218000622,0,58,-58
218000623,6,0,6
218000624,2,48,-46
218000625,7,0,7
218000626,0,15,-15
218000628,199,75,124
218000631,160,28,132
218000632,0,156,-156
218000633,28,5,23
218000634,0,2,-2
218000635,11,6,5
218000636,368,206,162
218000637,1004,89,915
218000638,431,11,420
218000639,21,46,-25
218000640,621,16,605
218000641,152,43,109
218000652,42,32,10
218000653,232,28,204
218000663,1,23,-22
218000675,4,41,-37
218000676,0,0,0
218000677,32,0,32
218000680,93,115,-22
218000681,790,53,737
218000691,190,123,67
218000693,912,40,872
218000703,0,0,0
218000718,16,65,-49
218000719,4,66,-62
218000720,0,132,-132
218000721,13,2,11
218000725,0,0,0
218001147,0,26,-26
218001214,9,22,-13
218001258,509,6,503
218001329,205,130,75
218001330,42,113,-71
218001351,8,22,-14
218001352,5,25,-20
218001353,5,10,-5
218001354,20,33,-13
218001355,2,24,-22
218001356,951,100,851
218001357,2,47,-45
218001358,587,9,578
218001361,1034,72,962
218001362,1,29,-28
219000001,0,0,0
219000002,0,0,0
219000003,25,21,4
219000004,33,96,-63
219000017,59,28,31
219000020,221,27,194
219000022,224,1,223
219000023,16,0,16
219000029,0,0,0
219000034,44,51,-7
219000039,0,0,0
219000040,22,24,-2
219000041,151,34,117
219000051,0,0,0
219000052,0,0,0
219000053,0,0,0
219000054,0,0,0
219000055,336,3,333
219000056,0,0,0
219000057,51,0,51
219000062,0,27,-27
219000063,175,2,173
219000064,0,8,-8
219000110,181,210,-29
219000111,65,47,18
219000112,214,31,183
219000113,257,16,241
219000114,106,35,71
219000116,87,48,39
219000117,52,31,21
219000118,28,25,3
219000123,104,0,104
219000124,0,0,0
219000125,0,0,0
219000126,0,0,0
219000127,0,0,0
219000128,0,0,0
219000129,2,6,-4
219000130,43,61,-18
219000131,737,679,58
219000133,21,128,-107
219000134,1,34,-33
219000135,2,30,-28
219000136,42,225,-183
219000138,58,2,56
219000139,43,2,41
219000140,163,0,163
219000141,113,0,113
219000142,10,1,9
219000143,0,0,0
219000145,1,4,-3
219000146,0,0,0
219000147,0,0,0
219000148,0,0,0
219000149,0,0,0
219000150,0,0,0
219000151,0,0,0
219000157,276,74,202
219000158,167,38,129
219000161,178,3,175
219000163,799,220,579
219000166,136,61,75
219000167,29,33,-4
219000168,267,25,242
219000174,595,64,531
219000175,117,4,113
219000176,226,13,213
219000177,108,0,108
219000178,86,0,86
219000179,53,32,21
219000180,52,0,52
219000182,49,1,48
219000183,63,2,61
219000184,71,0,71
219000185,0,0,0
219000186,54,13,41
219000187,18,7,11
219000189,2,11,-9
219000190,11,10,1
219000191,36,176,-140
219000192,347,186,161
219000193,9,7,2
219000195,0,0,0
219000196,0,0,0
219000198,0,0,0
219000199,0,0,0
219000200,0,1,-1
219000201,1,2,-1
219000203,0,1,-1
219000204,1,32,-31
219000205,1,27,-26
219000207,9,22,-13
219000209,0,0,0
219000210,0,0,0
219000213,6,28,-22
219000239,44,128,-84
219000240,58,169,-111
219000241,72,26,46
219000242,17,61,-44
219000243,101,213,-112
219000244,6,211,-205
219000245,33,100,-67
219000246,69,38,31
219000247,282,34,248
219000248,455,432,23
219000249,233,111,122
219000250,215,30,185
219000251,411,88,323
219000252,202,61,141
219000253,213,9,204
219000255,178,143,35
219000256,347,21,326
219000257,74,0,74
219000262,6,35,-29
219000263,4,16,-12
219000267,0,0,0
219000268,0,0,0
219000269,0,0,0
219000270,7,1,6
219000271,279,8,271
219000278,0,0,0
219000279,0,0,0
219000283,0,1,-1
219000295,2,44,-42
219000296,7,70,-63
219000297,0,2,-2
219000298,1,0,1
219000299,185,26,159
219000300,10,4,6
219000301,9,16,-7
219000302,2,13,-11
219000307,0,0,0
219000308,78,15,63
219000311,142,28,114
219000312,288,65,223
219000313,263,62,201
219000314,12,6,6
219000315,308,9,299
219000316,370,17,353
219000317,75,13,62
219000320,0,0,0
219000321,0,0,0
219000323,0,0,0
219000325,0,0,0
219000326,2,5,-3
219000327,0,0,0
219000328,0,0,0
219000329,259,135,124
219000330,3,6,-3
219000331,27,9,18
219000332,135,25,110
219000333,43,1,42
219000335,103,3,100
219000337,6,0,6
219000338,44,1,43
219000344,0,0,0
219000345,0,0,0
219000346,0,0,0
219000348,10,10,0
219000349,5,18,-13
219000350,0,1,-1
219000351,0,0,0
219000352,21,39,-18
219000353,87,36,51
219000354,607,35,572
219000355,103,36,67
219000356,238,604,-366
219000363,96,51,45
219000364,142,17,125
219000365,67,5,62
219000366,183,740,-557
219000368,165,292,-127
219000370,550,326,224
219000371,0,0,0
219000382,0,2,-2
219000383,62,218,-156
219000385,47,164,-117
219000386,57,394,-337
219000387,0,0,0
219000390,1,2,-1
219000391,0,0,0
219000397,0,0,0
219000398,43,37,6
219000401,17,22,-5
219000402,3,6,-3
219000403,36,72,-36
219000404,7,19,-12
219000407,5,4,1
219000409,63,10,53
219000410,73,5,68
219000411,74,1,73
219000446,6,66,-60
219000447,0,0,0
219000448,3,16,-13
219000452,62,94,-32
219000453,4,103,-99
219000454,195,240,-45
219000556,576,34,542
219000558,22,35,-13
219000590,19,86,-67
219000591,286,30,256
219000592,6,41,-35
219000595,0,0,0
219000635,66,53,13
219000636,3,3,0
219000657,19,1,18
219000658,0,0,0
219000673,0,0,0
219000676,6,0,6
219000679,17,12,5
219000684,97,0,97
219000685,1,10,-9
219000686,0,2,-2
219000688,0,0,0
219000689,7,84,-77
219000690,106,1,105
219000691,46,37,9
219000692,127,2,125
219000693,0,0,0
219000694,27,0,27
219000695,156,2,154
219000698,1,0,1
219000699,0,0,0
219000727,0,1,-1
219000728,114,0,114
219000770,11,2,9
219000771,0,0,0
219000788,103,239,-136
219001150,0,83,-83
219001151,0,0,0
219001166,28,20,8
219001167,0,27,-27
219001178,64,1,63
220000001,5,76,-71
220000002,0,45,-45
220000003,41,20,21
220000004,84,87,-3
220000005,160,302,-142
220000006,54,96,-42
220000007,176,61,115
220000008,83,130,-47
220000009,38,109,-71
220000010,44,45,-1
220000011,195,2430,-2235
220000012,15,255,-240
220000014,75,84,-9
220000015,77,320,-243
220000017,18,145,-127
220000018,4678,863,3815
220000019,82,350,-268
220000020,302,156,146
220000021,702,121,581
220000022,1021,133,888
220000023,265,76,189
220000024,686,327,359
220000025,413,1068,-655
220000026,234,498,-264
220000027,9,167,-158
220000028,23,225,-202
220000029,2,28,-26
220000030,12,22,-10
220000031,587,368,219
220000064,29,489,-460
221000046,0,0,0
221000047,0,0,0
221000048,0,1,-1
221000049,0,3,-3
221000050,5,0,5
221000055,16,56,-40
221000057,155,3,152
221000068,314,111,203
221000069,281,34,247
221000070,167,5,162
221000071,113,2,111
221000072,191,5,186
221000073,180,9,171
221000074,0,3,-3
221000075,0,27,-27
221000076,1,6,-5
221000077,8,13,-5
221000081,17,2,15
221000082,76,1,75
221000083,16,1,15
221000084,6,3,3
221000085,1,91,-90
221000086,4,138,-134
221000087,0,99,-99
221000088,3,60,-57
221000089,7,71,-64
221000090,12,128,-116
221000098,120,10,110
221000099,201,5,196
221000100,144,4,140
221000101,176,2,174
221000102,101,9,92
221000109,1,13,-12
221000110,0,5,-5
221000111,1,21,-20
221000112,2,9,-7
221000113,0,22,-22
221000114,0,29,-29
221000120,3,67,-64
221000121,2,29,-27
221000122,16,37,-21
221000123,3,68,-65
221000124,4,189,-185
221000155,67,5,62
221000156,88,11,77
221000175,19,6,13
221000176,2,15,-13
221000182,68,1,67
221000241,363,336,27
221000242,14,108,-94
221000243,375,129,246
221000244,25,334,-309
221000245,164,26,138
221000246,4,230,-226
221000247,221,56,165
221000248,105,136,-31
221000267,47,195,-148
221000325,42,90,-48
221000331,0,49,-49
221000338,6,22,-16
221000378,381,22,359
221000381,18,50,-32
222000282,0,5,-5
222000296,1,13,-12
222000568,260,15,245
222000569,99,13,86
222000570,135,3,132
222000571,385,14,371
222000577,5,91,-86
222000578,0,100,-100
222000579,21,38,-17
222000580,21,732,-711
222000599,0,55,-55
222000600,0,45,-45
222000601,0,181,-181
222000603,8,20,-12
222000604,0,78,-78
222000605,10,81,-71
222000606,0,19,-19
222000607,0,8,-8
222000608,1,6,-5
222000609,21,33,-12
222000616,739,5,734
222000617,2,3,-1
222000618,3,2,1
222000620,2,9,-7
222000621,12,10,2
222000623,452,8,444
222000624,337,0,337
222000625,913,1,912
222000636,21,7,14
222000686,7,54,-47
222000687,14,6,8
222001066,368,1,367
222001067,88,1,87
222001068,267,6,261
222001069,235,6,229
222001082,35,17,18
222001083,55,4,51
222001084,0,45,-45
222001085,1,128,-127
222001111,67,20,47
222001112,340,17,323
222001313,7,3,4
222001314,0,44,-44
222001464,564,10,554
222001465,41,59,-18
222001484,336,32,304
222001485,5,17,-12
222001494,939,148,791
222001495,83,49,34
222001496,557,28,529
222001497,67,179,-112
222001502,0,9,-9
222001503,249,10,239
222001504,2,10,-8
222001505,350,16,334
222001506,1,12,-11
222001507,157,13,144
222001510,749,7,742
222001511,8,68,-60
222001514,787,11,776
222001515,4,102,-98
222001518,606,25,581
222001519,2,45,-43
222001527,84,18,66
222001528,1,10,-9
222001529,401,39,362
222001530,4,32,-28
222001533,2,21,-19
222001534,726,18,708
222001535,480,76,404
222001536,23,160,-137
222001537,349,4,345
222001538,1,86,-85
222001563,1153,26,1127
222001564,0,92,-92
222001568,110,24,86
222001576,0,3,-3
222001579,0,21,-21
222001583,8,28,-20
222001584,326,1,325
222001596,134,242,-108
222001597,1196,117,1079
222001626,0,34,-34
222001650,0,32,-32
222001651,45,180,-135
222001914,368,12,356
222001915,9,14,-5
222001968,608,93,515
222001969,90,248,-158
222001970,54,186,-132
222001971,68,5,63
222001972,9,1,8
225000001,485,90,395
225000002,593,72,521
225000003,1012,61,951
225000004,627,78,549
225000005,27,23,4
225000006,0,0,0
225000007,112,313,-201
225000010,200,28,172
225000011,143,1062,-919
225000012,237,623,-386
225000013,76,70,6
225000014,455,63,392
225000015,31,77,-46
225000021,490,58,432
225000027,49,75,-26
225000032,595,51,544
225000042,39,91,-52
225000049,6,7,-1
225000050,109,6,103
225000053,0,0,0
225000058,430,77,353
225000067,22,8,14
225000068,9,27,-18
225000069,7,52,-45
225000070,7,70,-63
225000071,2,50,-48
225000075,11,271,-260
225000076,0,0,0
225000078,41,31,10
225000085,106,18,88
225000086,252,28,224
225000087,94,5,89
225000088,1,10,-9
225000089,0,0,0
225000090,0,0,0
225000091,0,0,0
225000092,3,25,-22
225000093,42,29,13
225000094,0,25,-25
225000095,28,26,2
225000096,17,22,-5
225000098,782,78,704
225000099,466,31,435
225000100,632,110,522
225000104,60,164,-104
225000110,3,52,-49
225000111,165,102,63
225000112,177,264,-87
225000113,38,370,-332
225000114,21,187,-166
225000115,551,362,189
225000116,202,55,147
225000117,364,263,101
225000118,718,187,531
225000119,341,45,296
225000120,549,18,531
225000121,148,16,132
225000123,456,16,440
225000125,523,150,373
225000126,583,177,406
225000127,341,1984,-1643
225000128,380,1201,-821
225000132,459,5,454
225000133,258,7,251
225000134,463,72,391
225000135,96,5,91
225000136,375,7,368
225000137,383,23,360
225000138,450,89,361
225000143,0,0,0
225000144,0,2,-2
225000145,40,24,16
225000146,0,0,0
225000147,0,0,0
225000148,0,0,0
225000149,0,0,0
225000151,0,0,0
225000155,13,12,1
225000156,38,559,-521
225000157,179,112,67
225000158,6,11,-5
225000171,1,26,-25
225000180,8,0,8
225000181,0,0,0
225000182,20,19,1
225000185,1,96,-95
225000187,19,56,-37
225000191,31,1,30
225000194,0,4,-4
225000208,0,2,-2
225000209,61,5,56
225000210,0,0,0
225000217,0,0,0
225000218,9,0,9
225000223,0,170,-170
225000224,10,1,9
225000225,0,216,-216
225000226,23,5,18
225000227,2,62,-60
225000228,5,12,-7
225000229,0,17,-17
225000230,2,0,2
225000231,0,21,-21
225000232,186,0,186
225000241,32,0,32
225000242,0,10,-10
225000249,18,7,11
225000250,0,0,0
225000251,478,37,441
226000042,5,2,3
226000043,3,7,-4
226000044,33,17,16
226000045,3,23,-20
226000046,897,45,852
226000047,509,69,440
226000048,417,67,350
226000049,440,181,259
226000070,0,0,0
226000071,0,0,0
226000072,0,0,0
226000073,0,0,0
226000074,0,0,0
226000084,0,0,0
226000085,0,0,0
226000086,0,0,0
226000087,0,0,0
226000088,0,0,0
226000090,19,57,-38
226000091,2,23,-21
226000092,14,18,-4
226000093,0,35,-35
226000094,5,4,1
226000095,35,16,19
226000105,4,1,3
226000106,3,1,2
226000107,10,0,10
226000108,2,0,2
226000109,136,0,136
226000124,273,84,189
226000134,1192,251,941
226000135,2044,254,1790
226000136,713,125,588
226000137,0,0,0
226000138,0,0,0
226000139,0,0,0
226000156,359,3,356
226000157,199,1,198
226000163,1,0,1
226000202,0,0,0
226000231,917,3,914
226000232,83,2,81
227000033,609,8,601
227000036,981,12,969
227000037,820,18,802
227000038,183,21,162
227000049,0,0,0
227000050,0,0,0
227000055,62,0,62
227000056,27,0,27
227000084,0,0,0
227000085,0,0,0
227000088,50,0,50
227000089,33,0,33
227000090,29,0,29
227000091,88,1,87
227000093,94,0,94
227000094,15,0,15
227000130,0,0,0
227000131,0,0,0
227000132,0,0,0
227000133,0,0,0
227000134,0,0,0
227000152,0,0,0
227000153,0,0,0
227000155,0,0,0
227000156,0,0,0
227000165,0,0,0
227000196,696,42,654
227000199,707,30,677
227000230,0,189,-189
227000232,1194,33,1161
227000242,0,0,0
227000243,492,35,457
227000245,0,0,0
227000246,1,2,-1
227000247,737,9,728
227000248,234,75,159
227000249,0,15,-15
227000250,418,274,144
227000251,13,68,-55
227000252,0,9,-9
227000253,398,62,336
227000262,774,13,761
227000266,2537,27,2510
227000267,1,267,-266
227000282,0,0,0
227000284,958,14,944
227000286,0,0,0
227000287,0,0,0
227000291,0,2,-2
227000484,317,10,307
227000485,0,0,0
227000655,514,10,504
227000656,849,10,839
227000657,365,20,345
227000661,1032,21,1011
227000680,120,153,-33
229000265,69,11,58
229000296,1,5,-4
229000297,1,35,-34
229000298,3,177,-174
229000320,26,0,26
229000321,2,0,2
229000412,10,7,3
229000414,0,18,-18
229000415,7,15,-8
229000416,9,0,9
229000417,1,0,1
229000419,160,115,45
229000440,159,44,115
229000442,3,1,2
229000443,15,0,15
229000444,0,59,-59
229000445,54,1,53
229000446,40,2,38
229000491,0,0,0
229000492,0,0,0
229000493,0,0,0
229000494,14,1,13
229000495,29,1,28
229000496,96,2,94
229000507,0,0,0
229000508,0,0,0
229000509,0,0,0
229000510,0,0,0
229000511,0,0,0
229000512,0,0,0
229000513,0,0,0
229000514,0,0,0
229000517,0,0,0
229000518,0,0,0
229000519,0,0,0
229000520,0,0,0
229000521,50,2,48
229000522,18,0,18
229000523,3,0,3
229000524,3,0,3
229000527,0,0,0
229000528,0,0,0
229000529,4,0,4
229000530,54,0,54
229000531,3,0,3
229000532,3,0,3
229000533,39,0,39
229000534,9,0,9
229000564,35,0,35
229000565,44,0,44
229000566,0,0,0
229000567,0,0,0
229000582,26,0,26
229000583,2,1,1
229000584,0,0,0
229000585,0,0,0
229000718,0,0,0
229000719,0,0,0
229000720,0,0,0
229000721,0,0,0
229000722,0,0,0
229000723,0,0,0
229000724,0,0,0
229000725,0,0,0
229000738,0,0,0
229000739,0,0,0
229000740,0,0,0
229000741,4,0,4
229000742,0,0,0
229000743,0,0,0
229000744,0,0,0
229000745,0,0,0
229000746,1,0,1
229000847,96,0,96
229000848,167,0,167
229000849,311,2,309
229000851,187,0,187
229000854,0,0,0
229000856,0,0,0
229000857,0,0,0
229000858,0,0,0
229000919,0,0,0
229000930,0,0,0
229000937,107,20,87
229000966,28,22,6
229000981,0,0,0
229000985,3,7,-4
229000986,0,0,0
229000987,0,0,0
229000988,1,4,-3
229000989,13,2,11
229000990,0,13,-13
229000991,0,0,0
229000992,29,8,21
229000993,108,8,100
229000998,4,36,-32
229000999,126,10,116
229001034,1,19,-18
229001035,4,1,3
229001037,46,2,44
229001042,6,7,-1
229001047,0,45,-45
229001050,89,19,70
229001168,0,0,0
229001200,13,1,12
229001338,1,1,0
229001394,200,24,176
229001422,168,4,164
229001423,0,0,0
229001431,20,22,-2
229001432,0,0,0
229001444,165,3,162
229001445,77,44,33
229001479,34,1,33
229001503,437,34,403
229001504,0,0,0
229001505,159,4,155
229001506,0,0,0
229001509,91,2,89
229001545,57,32,25
229001546,0,0,0
229001553,72,13,59
229001554,0,0,0
229001559,2,1,1
229001560,1,20,-19
229001630,97,7,90
229001631,0,39,-39
229001635,0,14,-14
229001636,0,0,0
229001658,0,0,0
229001659,61,10,51
229001660,0,1,-1
229001661,0,23,-23
229001662,68,0,68
229001663,0,0,0
229002584,198,126,72
229002831,74,37,37
229002841,16,19,-3
229002842,10,11,-1
229002843,34,9,25
229002844,7,109,-102
229002845,2,39,-37
229002846,1,0,1
229002847,0,1,-1
229002848,1,14,-13
229002849,1,60,-59
229002850,1,10,-9
229002851,9,112,-103
229002852,54,67,-13
229002853,42,1,41
229002854,9,8,1
229002855,1,16,-15
229002856,55,17,38
229002857,57,39,18
229002858,42,4,38
229002859,7,8,-1
229002860,27,5,22
229002861,33,47,-14
229002862,3,8,-5
229002863,0,32,-32
229002864,42,18,24
229002865,1,14,-13
229002866,36,6,30
229002867,0,20,-20
229002868,8,7,1
229002869,2,80,-78
229002870,51,2,49
235000066,120,33,87
235000067,61,40,21
235000072,0,0,0
235000073,0,0,0
235000074,0,0,0
235000080,0,0,0
235000081,0,0,0
235000082,531,19,512
235000083,254,56,198
235000084,53,21,32
235000085,209,42,167
235000089,4,56,-52
235000092,0,0,0
235000093,0,0,0
235000097,2,1,1
235000098,107,8,99
235000099,2,19,-17
235000116,23,13,10
235000117,443,11,432
235000133,0,0,0
235000134,0,0,0
235000206,0,1,-1
235000207,0,0,0
235000208,0,1,-1
235000209,5,1,4
235000210,8,9,-1
235000212,0,0,0
235000213,0,0,0
235000220,0,0,0
235000221,0,0,0
235000238,10,308,-298
235000239,1,20,-19
235000242,182,1176,-994
235000245,0,0,0
235000246,0,0,0
235000284,9,69,-60
235000295,62,4,58
235000305,245,8,237
235000306,499,0,499
235000307,8,1,7
235000308,3,0,3
235000309,77,0,77
235000310,36,0,36
235000311,35,17,18
235000322,0,4,-4
235000323,0,24,-24
235000324,0,11,-11
235000325,0,2,-2
235000326,2,69,-67
235000351,21,81,-60
235000352,25,48,-23
235000353,8,13,-5
235000354,1,4,-3
235000355,3,50,-47
235000356,48,0,48
235000357,23,4,19
235000358,25,14,11
235000359,3,2,1
235000360,38,1,37
235000361,83,4,79
235000381,0,0,0
235000382,161,14,147
235000390,4,0,4
235000391,202,7,195
235000392,151,114,37
235000393,123,107,16
235000395,142,8,134
235000396,494,33,461
235000400,44,61,-17
235000401,0,0,0
235000405,0,0,0
235000406,0,0,0
235000407,0,0,0
235000409,0,0,0
235000410,0,0,0
235000411,0,0,0
235000485,0,0,0
235000486,4,0,4
235000549,65,96,-31
235000550,0,0,0
235000599,0,0,0
235000600,0,0,0
235000601,44,7,37
235000602,60,22,38
235000614,0,0,0
235000648,0,0,0
235000649,9,7,2
235000685,0,0,0
235000815,6,3,3
235000834,0,21,-21
235000855,35,29,6
235000862,0,0,0
235000891,0,0,0
235000892,39,34,5
235000901,0,0,0
235000907,0,0,0
235001010,68,35,33
235001029,0,0,0
235001030,218,29,189
235001078,167,59,108
235001079,0,0,0
235001147,15,23,-8
235001166,3,28,-25
235001167,0,0,0
235001169,5,105,-100
235001188,0,0,0
235001189,1,1,0
235001197,0,0,0
235001200,0,0,0
235001207,438,41,397
235001210,0,0,0
235001215,0,0,0
235001239,0,0,0
235001244,0,3,-3
235016267,0,55,-55
277101746,0,0,0
277102712,3,0,3
277103813,1,0,1
277103814,0,0,0
277103898,0,0,0
277104249,0,1,-1
277104250,0,4,-4
277104251,0,6,-6
277104252,0,0,0
990011530,1,80,-79
990014944,0,64,-64
990015176,24,18,6
990015618,0,23,-23
990016032,0,75,-75
990032570,5,28,-23
990070001,78,16,62
990070103,0,0,0
990070601,0,7,-7
990070751,1549,2,1547
990070766,0,58,-58
990071180,299,20,279
990071343,0,0,0
990071387,0,0,0
990071823,252,1,251
990072600,1,564,-563
990072964,1,112,-111
990073285,0,1,-1
990074393,0,186,-186
990074870,1291,3,1288
990075106,167,1,166
990075746,604,7,597
990076437,3396,4,3392
990076458,0,314,-314
997000007,180,6,174
997000041,3,130,-127
997000058,75,0,75
997000062,29,1,28
997000069,0,13,-13
997000070,0,9,-9
997000100,44,0,44
997000141,0,0,0
997000198,3,11,-8
998000475,0,0,0
998000736,0,29,-29
998000965,0,11,-11
998001031,0,23,-23
998001700,0,6,-6
998001899,0,0,0
998001900,3,9,-6
998003073,1435,30,1405
998101900,0,0,0
998102850,0,129,-129
998501927,136,102,34
998501929,49,0,49
998501930,84,0,84
998501931,132,20,112
998501932,10,1,9
998501933,28,0,28
998501937,6,1,5
998501944,27,10,17
998501950,0,0,0
998501970,71,3,68
998501971,0,32,-32
998501973,0,3,-3
998501974,0,121,-121
998501975,139,0,139
998501976,168,26,142
998501977,0,38,-38
998501978,7,0,7
998501979,0,0,0
998501980,124,0,124
998501981,58,2,56
998501982,0,46,-46
998501983,0,1,-1
998502006,0,0,0
998502024,0,7,-7
998502032,0,3,-3
998502062,4,1,3
998502063,0,0,0
998502173,18,0,18
998502269,0,0,0
998502546,0,82,-82
998502578,0,0,0
998502599,11,242,-231
998502621,0,0,0
998601159,0,11,-11
998601292,0,0,0
999033574,0,426,-426
999800001,30,4,26
999800002,0,5,-5
999800003,7,2,5
999800004,0,4,-4
999800005,0,0,0
