ID,insum,outsum,diff
100000001,533,408,125
100000002,2767,487,2280
100000003,5536,1729,3807
100000004,1399,544,855
100000005,1352,1943,-591
100000006,351,67,284
100000007,1025,314,711
100000008,119,438,-319
100000009,149,107,42
100000010,21,35,-14
100000011,673,66,607
100000012,73,593,-520
100000013,40,161,-121
100000014,231,274,-43
100000015,1030,889,141
100000016,845,902,-57
100000017,476,770,-294
100000018,1227,434,793
100000019,4637,1306,3331
100000020,1561,2411,-850
100000021,5365,1462,3903
100000022,1754,762,992
100000023,4999,623,4376
100000025,2001,345,1656
100000028,1412,539,873
100000029,313,195,118
100000030,471,30,441
100000031,4544,3562,982
100000032,2103,1925,178
100000033,612,1286,-674
100000034,668,204,464
100000035,1599,518,1081
100000036,2495,807,1688
100000037,348,325,23
100000038,881,616,265
100000039,487,110,377
100000040,127,72,55
100000041,538,220,318
100000042,427,246,181
100000043,704,214,490
100000044,335,636,-301
100000045,492,1044,-552
100000046,622,1078,-456
100000047,271,732,-461
100000048,420,507,-87
100000049,1343,2225,-882
100000051,374,967,-593
100000053,8,7,1
100000054,113,18,95
100000055,387,237,150
100000056,188,457,-269
100000057,1087,643,444
100000058,681,1112,-431
100000059,15,85,-70
100000060,208,253,-45
100000061,1193,374,819
100000062,1004,338,666
100000063,336,223,113
100000064,649,272,377
100000065,352,888,-536
100000066,174,817,-643
100000067,214,761,-547
100000068,371,1437,-1066
100000069,206,1668,-1462
100000072,396,857,-461
100000073,826,1043,-217
100000075,578,314,264
100000076,1885,1275,610
100000077,476,110,366
100000078,61,27,34
100000079,37,25,12
100000080,9,19,-10
100000081,86,28,58
100000102,2009,1006,1003
100000103,2948,580,2368
100000104,4333,835,3498
100000105,3028,438,2590
100000106,1854,1155,699
100000107,536,292,244
100000108,677,798,-121
100000109,2781,802,1979
100000116,1199,345,854
100000117,33,14,19
100000118,763,638,125
100000119,445,541,-96
100000121,159,505,-346
100000122,798,527,271
100000123,2857,2991,-134
100000124,5700,4124,1576
100000125,2540,501,2039
100000126,600,148,452
100000127,1412,248,1164
100000128,1112,664,448
100000129,385,305,80
100000130,269,504,-235
100000131,2823,2084,739
100000132,1360,1286,74
100000133,6872,2059,4813
100000135,322,527,-205
100000139,163,309,-146
100000140,52,106,-54
100000142,253,485,-232
100000143,1506,814,692
100000144,3792,895,2897
100000147,713,1546,-833
100000150,15,371,-356
100000151,466,413,53
100000153,192,140,52
100000154,65,43,22
100000155,12,35,-23
100000156,31,42,-11
100000157,27,325,-298
100000158,46,109,-63
100000159,384,280,104
100000165,789,568,221
100000169,624,320,304
100000174,1556,375,1181
100000179,72,501,-429
100000180,1041,802,239
100000181,78,233,-155
100000188,71,271,-200
100000189,498,261,237
100000190,349,267,82
100000191,360,287,73
100000192,54,57,-3
100000193,90,73,17
100000330,1656,399,1257
100000355,164,388,-224
100000362,3879,2819,1060
100000363,1804,2631,-827
100000364,296,144,152
100000365,2632,5210,-2578
100000366,3240,1706,1534
100000367,1890,3011,-1121
100000368,1625,1349,276
100000369,786,881,-95
100000370,73,277,-204
100000376,71,60,11
100000379,2269,662,1607
100000380,2866,1202,1664
100000384,4446,1862,2584
100000385,4832,2210,2622
100000386,7335,2372,4963
100000387,6089,2431,3658
100000388,8273,2848,5425
100000389,7689,2728,4961
100000390,7848,2289,5559
100000391,5339,3116,2223
100000392,2842,850,1992
100000393,1122,1074,48
100000394,5217,2137,3080
100000395,2658,850,1808
100000396,4148,1096,3052
100000397,2395,1230,1165
100000398,8399,5763,2636
100000413,17,19,-2
100900002,2,47,-45
100900003,203,78,125
100900004,14,625,-611
100900005,72,7,65
100900006,6,177,-171
100900007,339,5,334
100900008,2,366,-364
100900009,11,42,-31
100900010,14,112,-98
100900011,42,254,-212
100900012,0,208,-208
100900013,275,6,269
100900014,1,10,-9
100900015,112,45,67
100900016,2,34,-32
100900017,270,36,234
100900018,0,14,-14
100900019,10,31,-21
100900020,229,1,228
100900021,70,0,70
100900022,1,4,-3
100900023,0,13,-13
100900024,733,2,731
100900025,6,7,-1
100900026,30,118,-88
100900027,336,1096,-760
100900028,56,94,-38
100900029,97,17,80
100900030,4,8,-4
100900031,198,38,160
100900032,37,0,37
100900033,136,50,86
100900034,198,0,198
100900035,602,1,601
100900036,11,1,10
100900037,16,237,-221
100900038,30,14,16
100900039,436,762,-326
100900040,728,843,-115
100900041,101,902,-801
100900042,384,197,187
100900043,0,3,-3
100900044,2074,252,1822
100900045,36,0,36
100900046,193,1,192
100900047,677,65,612
100900048,82,3,79
100900049,62,210,-148
100900050,0,19,-19
100900051,30,46,-16
100900052,83,11,72
100900053,134,15,119
100900054,2,85,-83
100900055,93,255,-162
100900056,95,220,-125
100900057,234,337,-103
100900058,120,23,97
100900059,35,1,34
100900060,58,9,49
100900061,268,122,146
100900062,1,67,-66
100900063,66,204,-138
100900064,138,3,135
100900065,49,33,16
100900066,26,47,-21
100900067,2,2,0
100900068,60,100,-40
100900069,354,0,354
100900070,81,0,81
100900071,501,152,349
100900072,0,82,-82
100900073,45,481,-436
100900074,0,3,-3
100900075,2027,176,1851
100900076,26,20,6
100900077,6,126,-120
100900078,44,172,-128
100900079,2,33,-31
100900080,4,128,-124
100900081,16,76,-60
100900082,44,727,-683
100900083,2,26,-24
100900085,11,54,-43
100900086,102,379,-277
100900088,40,632,-592
100900089,8,45,-37
100900090,46,191,-145
100900091,0,19,-19
100900092,114,89,25
100900093,83,152,-69
100900094,57,654,-597
100900095,0,29,-29
100900096,16,55,-39
100900097,0,0,0
100900098,20,32,-12
100900099,17,461,-444
100900100,4,191,-187
100900101,323,18,305
100900102,17,18,-1
100900103,3,15,-12
100900104,5,122,-117
100900105,4,73,-69
100900106,39,0,39
100900107,1178,290,888
100900108,3,4,-1
100900109,3,28,-25
100900110,0,35,-35
100900111,52,89,-37
100900112,0,4,-4
100900113,0,25,-25
100900114,1,21,-20
100900115,0,19,-19
100900116,422,321,101
100900117,120,390,-270
100900118,6,52,-46
100900119,2,22,-20
100900120,0,28,-28
100900121,135,242,-107
100900122,134,118,16
100900123,73,90,-17
100900124,3,3,0
100900125,9,56,-47
100900126,47,109,-62
100900127,3,6,-3
100900128,43,69,-26
100900129,0,51,-51
100900131,33,80,-47
100900133,14,33,-19
100900134,2,2,0
100900135,0,92,-92
100900137,226,124,102
100900138,317,202,115
100900139,1,5,-4
100900140,1,632,-631
100900141,0,229,-229
100900142,3,3,0
100900143,681,185,496
100900144,9,2,7
100900145,20,74,-54
100900146,7,9,-2
100900147,7,156,-149
100900148,38,901,-863
100900149,50,61,-11
100900150,6,10,-4
100900151,76,472,-396
100900152,58,0,58
100900153,0,80,-80
100900154,0,16,-16
100900155,4,6,-2
100900156,10,1,9
100900157,2,80,-78
100900159,0,10,-10
100900160,8,13,-5
100900161,100,2,98
100900162,2,114,-112
100900163,103,160,-57
100900164,21,25,-4
100900165,19,57,-38
100900166,16,0,16
100900167,5,51,-46
100900168,13,58,-45
100900169,138,843,-705
100900170,9,6,3
100900171,14,608,-594
100900172,0,5,-5
100900173,1,503,-502
100900174,265,70,195
100900176,904,68,836
100900177,607,140,467
100900178,270,94,176
100900179,68,20,48
100900180,0,0,0
100900181,69,10,59
100900182,5,3,2
100900184,0,119,-119
100900186,823,374,449
100900187,18,147,-129
100900188,12,0,12
100900189,457,120,337
100900191,814,505,309
100900192,150,189,-39
100900195,55,90,-35
100900197,12,109,-97
100900198,31,181,-150
100900199,21,15,6
100900200,426,278,148
100900201,32,569,-537
100900202,5,0,5
100900203,1,48,-47
100900204,281,126,155
100900205,76,235,-159
100900206,50,14,36
100900207,100,73,27
100900210,66,607,-541
100900211,193,50,143
100900213,26,10,16
100900214,715,48,667
100900215,3,16,-13
100900217,104,23,81
101000001,3912,2227,1685
101000002,3507,2840,667
101000003,628,1253,-625
101000004,7446,5453,1993
101000005,3848,3411,437
101000006,6130,4837,1293
101000007,1898,2092,-194
101000008,2926,2183,743
101000009,1087,1844,-757
101000010,637,1263,-626
101000011,1607,485,1122
101000012,1767,355,1412
101000013,348,603,-255
101000014,452,455,-3
101000015,726,636,90
101000016,338,245,93
101000017,360,344,16
101000018,3340,1836,1504
101000020,3433,870,2563
101000021,950,162,788
101000022,211,45,166
101000023,1340,587,753
101000025,80,213,-133
101000026,391,23,368
101000027,1216,1083,133
101000028,787,119,668
101000029,18,607,-589
101000030,620,35,585
101000031,468,85,383
101000032,4388,1330,3058
101000033,1944,1565,379
101000034,2279,793,1486
101000035,893,221,672
101000036,1453,300,1153
101000037,4260,752,3508
101000039,2725,906,1819
101000040,3840,2352,1488
101000041,12216,2437,9779
101000042,681,447,234
101000043,8600,1773,6827
101000045,1528,228,1300
101000046,1720,437,1283
101000047,693,584,109
101000048,607,643,-36
101000049,738,690,48
101000050,1673,522,1151
101000051,2359,771,1588
101000052,1456,311,1145
101000053,801,1329,-528
101000054,1226,1348,-122
101000055,1240,613,627
101000056,33,50,-17
101000057,2540,427,2113
101000058,1728,523,1205
101000059,2776,1112,1664
101000060,1748,209,1539
101000061,916,769,147
101000062,914,315,599
101000063,428,331,97
101000064,1136,256,880
101000065,190,257,-67
101000066,231,157,74
101000067,571,271,300
101000068,270,107,163
101000069,273,43,230
101000070,1411,686,725
101000071,1732,666,1066
101000072,755,2531,-1776
101000073,556,331,225
101000074,3358,2189,1169
101000075,5086,3034,2052
101000077,733,1100,-367
101000078,741,1258,-517
101000079,344,626,-282
101000080,437,415,22
101000081,898,923,-25
101000082,2979,2041,938
101000083,1456,1300,156
101000084,1103,990,113
101000085,1492,853,639
101000086,1017,935,82
101000087,781,982,-201
101000088,682,718,-36
101000089,627,1128,-501
101000090,1849,1403,446
101000091,277,1643,-1366
101000092,704,948,-244
101000093,1103,619,484
101000094,416,945,-529
101000095,238,604,-366
101000096,197,517,-320
101000097,219,262,-43
101000098,287,359,-72
101000099,728,845,-117
101000100,871,409,462
101000101,259,228,31
101000102,705,198,507
101000103,624,297,327
101000104,200,238,-38
101000105,751,203,548
101000106,761,521,240
101000107,152,274,-122
101000108,1206,274,932
101000109,101,63,38
101000110,12,545,-533
101000111,78,251,-173
101000113,94,325,-231
101000114,2534,783,1751
101000115,111,215,-104
101000116,195,204,-9
101000117,380,372,8
101000119,160,29,131
101000120,186,10,176
101000121,69,16,53
101000122,63,16,47
101000123,24,23,1
101000124,132,284,-152
101000125,149,363,-214
101000128,725,321,404
101000130,204,231,-27
101000131,376,594,-218
101000132,328,1652,-1324
101000135,39,6,33
101000136,161,115,46
101000137,13,112,-99
101000141,1727,1186,541
101000147,807,548,259
101000148,2513,11,2502
101000149,232,67,165
101000150,37,1063,-1026
101000151,64,63,1
101000152,320,243,77
101000153,406,290,116
101000154,102,1469,-1367
101000155,134,116,18
101000156,23,221,-198
101000157,41,14,27
101000160,46,89,-43
101000163,109,67,42
101000164,418,335,83
101000165,168,296,-128
101000166,235,301,-66
101000168,537,252,285
101000252,900,595,305
101000254,366,23,343
101000258,37,5,32
101000261,39,165,-126
101000262,569,676,-107
101000263,177,421,-244
101000265,51,633,-582
101000266,210,193,17
101000269,95,8,87
101000290,1457,1632,-175
101000293,37,85,-48
101000294,329,461,-132
101000295,141,359,-218
101000301,694,153,541
101000304,1396,2039,-643
101000305,2018,1354,664
101000328,81,300,-219
101900001,19,64,-45
101900002,1,11,-10
101900003,88,70,18
101900004,1,22,-21
101900005,4089,782,3307
101900006,641,12,629
101900007,335,24,311
101900008,92,158,-66
101900009,32,333,-301
101900010,857,436,421
101900011,229,969,-740
101900012,69,254,-185
101900013,1138,86,1052
101900017,12,95,-83
101900018,1342,124,1218
101900019,252,84,168
101900020,158,63,95
101900021,0,46,-46
101900022,48,1277,-1229
101900023,43,275,-232
101900026,74,29,45
101900027,7,79,-72
102000001,1681,2844,-1163
102000002,2066,1033,1033
102000003,3041,3591,-550
102000004,8214,2017,6197
102000005,1174,1407,-233
102000006,1405,1247,158
102000007,1241,2984,-1743
102000008,5069,1445,3624
102000009,3961,5241,-1280
102000010,5036,2681,2355
102000011,1899,1641,258
102000012,2687,2807,-120
102000018,2546,1802,744
102000019,2339,1030,1309
102000026,145,441,-296
102000029,306,189,117
102000030,70,212,-142
102000031,31,214,-183
102000032,198,331,-133
102000033,114,381,-267
102000034,342,292,50
102000035,856,496,360
102000036,2,180,-178
102000037,114,88,26
102000038,147,98,49
102000039,110,50,60
102000040,346,86,260
102000041,89,151,-62
102000042,96,38,58
102000043,252,153,99
102000044,313,405,-92
102000045,478,897,-419
102000046,625,299,326
102000047,513,924,-411
102000048,135,591,-456
102000049,699,491,208
102000050,682,764,-82
102000051,232,418,-186
102000052,789,600,189
102000053,425,598,-173
102000054,301,720,-419
102000055,643,1024,-381
102000056,411,1408,-997
102000057,1046,444,602
102000058,914,1886,-972
102000059,1104,1372,-268
102000060,928,810,118
102000061,921,2267,-1346
102000062,752,1204,-452
102000063,923,1245,-322
102000064,427,520,-93
102000065,26,81,-55
102000066,822,921,-99
102000067,1808,2251,-443
102000068,9176,2531,6645
102000069,52,2032,-1980
102000070,2311,44,2267
102000071,6459,8456,-1997
102000072,2359,4548,-2189
102000073,669,1323,-654
102000074,608,765,-157
102000075,255,298,-43
102000076,200,404,-204
102000077,241,1353,-1112
102000078,577,890,-313
102000079,73,264,-191
102000080,139,159,-20
102000081,192,639,-447
102000082,493,224,269
102000083,241,684,-443
102000084,136,377,-241
102000085,1383,1243,140
102000086,796,953,-157
102000087,507,2051,-1544
102000088,153,219,-66
102000089,640,433,207
102000090,333,987,-654
102000091,1044,394,650
102000092,386,699,-313
102000093,643,576,67
102000094,973,537,436
102000095,800,930,-130
102000096,928,641,287
102000097,1012,774,238
102000098,541,896,-355
102000099,716,405,311
102000100,1021,714,307
102000101,1201,286,915
102000102,290,1433,-1143
102000103,913,269,644
102000104,832,277,555
102000105,112,805,-693
102000106,499,810,-311
102000107,515,449,66
102000108,347,210,137
102000109,243,492,-249
102000110,432,1457,-1025
102000111,6,252,-246
102000112,102,40,62
102000113,4,23,-19
102000114,775,263,512
102000115,159,117,42
102000116,263,214,49
102000117,139,344,-205
102000118,1271,803,468
102000119,2381,411,1970
102000120,58,368,-310
102000121,649,444,205
102000122,244,561,-317
102000123,1003,686,317
102000124,595,649,-54
102000125,745,657,88
102000126,499,518,-19
102000127,771,591,180
102000128,370,743,-373
102000129,625,844,-219
102000130,331,455,-124
102000131,735,466,269
102000132,295,350,-55
102000133,801,2020,-1219
102000134,305,602,-297
102000135,869,547,322
102000136,965,337,628
102000137,768,659,109
102000138,199,345,-146
102000139,89,291,-202
102000140,231,151,80
102000141,88,439,-351
102000142,138,353,-215
102000143,68,406,-338
102000144,84,379,-295
102000145,258,367,-109
102000146,206,273,-67
102000147,174,212,-38
102000148,157,213,-56
102000149,84,582,-498
102000150,142,157,-15
102000151,64,302,-238
102000152,55,109,-54
102000153,548,207,341
102000154,331,499,-168
102000155,73,176,-103
102000156,396,38,358
102000157,75,100,-25
102000158,345,196,149
102000159,1294,229,1065
102000161,4178,1055,3123
102000162,176,86,90
102000163,87,351,-264
102000164,1052,657,395
102000165,212,90,122
102000166,43,95,-52
102000167,138,124,14
102000168,159,90,69
102000169,57,366,-309
102000170,483,95,388
102000171,110,58,52
102000172,65,168,-103
102000173,233,186,47
102000174,44,40,4
102000175,86,111,-25
102000176,16,48,-32
102000178,189,488,-299
102000179,221,186,35
102000180,410,566,-156
102000181,279,691,-412
102000182,290,639,-349
102000183,917,1762,-845
102000184,840,699,141
102000185,1349,1625,-276
102000186,597,1687,-1090
102000187,424,1531,-1107
102000188,466,1369,-903
102000189,2590,838,1752
102000190,622,1857,-1235
102000191,938,457,481
102000192,541,829,-288
102000193,18,167,-149
102000194,40,137,-97
102000195,216,549,-333
102000196,71,543,-472
102000197,273,511,-238
102000198,91,926,-835
102000199,339,357,-18
102000200,195,1222,-1027
102000201,367,467,-100
102000202,4,132,-128
102000203,116,281,-165
102000204,215,928,-713
102000205,488,579,-91
102000206,420,598,-178
102000207,611,359,252
102000208,226,434,-208
102000209,25,42,-17
102000210,218,544,-326
102000211,169,379,-210
102000212,86,15,71
102000213,0,293,-293
102000214,99,17,82
102000215,1,581,-580
102000216,46,38,8
102000217,7,160,-153
102000218,60,91,-31
102000219,224,311,-87
102000225,716,624,92
102000226,5070,596,4474
102000227,91,2,89
102000228,0,97,-97
102000229,26,18,8
102000230,228,598,-370
102000231,209,400,-191
102000232,8,156,-148
102000233,306,676,-370
102000234,69,1118,-1049
102000236,207,63,144
102000237,404,124,280
102000238,135,258,-123
102000240,609,473,136
102000241,154,84,70
102000243,7,49,-42
102000245,14,116,-102
102000246,8,22,-14
102000247,1416,768,648
102000248,699,662,37
102000249,87,143,-56
102000250,37,472,-435
102000254,60,385,-325
102000266,50,101,-51
102000271,18,1,17
102000286,389,311,78
102000297,1172,715,457
102000299,0,0,0
102000301,0,0,0
102000303,0,0,0
102000305,0,0,0
102000307,0,2,-2
102900001,957,770,187
102900002,179,10,169
102900003,15,245,-230
102900005,92,191,-99
102900006,200,132,68
102900007,209,17,192
102900008,111,48,63
102900009,341,138,203
102900010,292,449,-157
102900011,1541,194,1347
102900012,218,47,171
102900013,11,109,-98
102900015,707,197,510
102900016,14,110,-96
102900017,67,609,-542
102900018,16,133,-117
102900019,229,374,-145
102900020,43,47,-4
102900021,14,74,-60
102900022,298,49,249
102900023,15,41,-26
102900024,19,24,-5
102900025,224,73,151
102900026,444,1129,-685
102900027,13,27,-14
102900028,58,318,-260
102900029,111,75,36
102900030,182,159,23
102900031,69,129,-60
102900032,14,112,-98
102900033,39,193,-154
102900034,190,124,66
102900035,46,380,-334
102900036,109,530,-421
102900037,78,721,-643
102900038,309,495,-186
102900039,14,331,-317
102900040,99,189,-90
102900041,39,149,-110
102900042,91,393,-302
102900043,65,246,-181
102900044,457,1558,-1101
102900045,44,457,-413
102900046,50,276,-226
102900047,46,604,-558
102900048,380,611,-231
102900049,52,304,-252
102900050,164,296,-132
102900051,129,156,-27
102900053,261,607,-346
102900054,693,662,31
102900055,42,71,-29
102900056,104,422,-318
102900057,3,29,-26
102900058,274,33,241
102900059,10,37,-27
102900060,51,353,-302
102900061,58,462,-404
102900062,64,1324,-1260
102900063,476,391,85
102900064,107,284,-177
102900065,1912,842,1070
102900066,171,19,152
102900068,73,74,-1
102900070,73,574,-501
102900072,7,22,-15
102900073,106,5,101
102900075,34,23,11
102900076,258,33,225
102900077,27,20,7
102900078,43,49,-6
102900079,163,4,159
102900080,200,18,182
102900081,36,267,-231
102900082,1,210,-209
102900083,204,8,196
102900084,3,21,-18
102900085,114,44,70
102900086,3,24,-21
102900087,37,63,-26
102900088,10,26,-16
102900089,199,95,104
102900090,3,408,-405
102900091,80,3,77
102900092,87,873,-786
102900094,2,59,-57
102900095,79,0,79
102900096,12,5,7
102900097,7,104,-97
103000001,1832,2238,-406
103000002,1670,1651,19
103000003,2623,2155,468
103000004,810,535,275
103000005,1540,1894,-354
103000006,495,1161,-666
103000007,410,738,-328
103000008,694,1006,-312
103000009,487,722,-235
103000010,179,161,18
103000011,1493,794,699
103000012,741,1129,-388
103000013,5325,1745,3580
103000014,1038,1333,-295
103000015,2357,732,1625
103000016,539,660,-121
103000017,105,264,-159
103000018,861,306,555
103000019,141,176,-35
103000020,1421,1053,368
103000021,1129,1373,-244
103000022,820,934,-114
103000023,372,1045,-673
103000024,115,205,-90
103000025,45,340,-295
103000026,1610,113,1497
103000027,213,367,-154
103000028,687,396,291
103000029,339,156,183
103000030,1557,431,1126
103000031,1195,1213,-18
103000032,1703,1569,134
103000033,2081,2010,71
103000034,1160,623,537
103000035,285,808,-523
103000036,348,365,-17
103000037,542,336,206
103000038,395,653,-258
103000039,165,456,-291
103000040,187,983,-796
103000041,1191,2676,-1485
103000042,633,641,-8
103000043,263,1159,-896
103000044,117,186,-69
103000046,178,337,-159
103000047,380,534,-154
103000048,72,161,-89
103000049,39,189,-150
103000050,546,704,-158
103000051,276,431,-155
103000052,641,336,305
103000053,108,378,-270
103000054,1453,1052,401
103000055,1198,1375,-177
103000056,446,2408,-1962
103000057,354,249,105
103000058,263,889,-626
103000059,252,671,-419
103000060,627,730,-103
103000061,360,706,-346
103000062,805,807,-2
103000063,444,468,-24
103000064,81,261,-180
103000065,3,335,-332
103000066,84,6,78
103000069,126,305,-179
103000070,508,1125,-617
103000071,548,293,255
103000072,87,965,-878
103000073,317,112,205
103000074,326,46,280
103000075,98,785,-687
103000076,145,151,-6
103000077,36,249,-213
103000078,1205,309,896
103000079,1291,353,938
103000080,1079,144,935
103000081,401,607,-206
103000082,351,105,246
103000083,66,341,-275
103000084,137,3,134
103000085,1,88,-87
103000086,667,250,417
103000087,76,281,-205
103000088,332,251,81
103000089,218,253,-35
103000090,1415,895,520
103000091,459,338,121
103000092,169,229,-60
103000093,252,433,-181
103000094,163,93,70
103000095,24,310,-286
103000096,786,71,715
103000097,25,558,-533
103000098,903,90,813
103000099,312,575,-263
103000100,58,765,-707
103000101,397,109,288
103000102,84,622,-538
103000103,331,162,169
103000104,55,155,-100
103000105,80,135,-55
103000106,6,91,-85
103000107,211,60,151
103000108,693,521,172
103000109,386,381,5
103000110,361,352,9
103000111,444,202,242
103000112,206,179,27
103000113,505,488,17
103000114,924,258,666
103000115,354,483,-129
103000116,246,479,-233
103000117,191,442,-251
103000118,1088,866,222
103000119,1686,611,1075
103000120,53,71,-18
103000121,271,503,-232
103000122,272,223,49
103000125,7,546,-539
103000126,244,2,242
103000127,2,275,-273
103000128,90,0,90
103000129,1,128,-127
103000130,42,20,22
103000131,219,75,144
103000132,52,87,-35
103000133,5,130,-125
103000134,572,408,164
103000135,659,183,476
103000136,607,305,302
103000137,510,487,23
103000138,673,516,157
103000139,1,55,-54
103000140,133,19,114
103000141,27,89,-62
103000142,127,51,76
103000143,43,126,-83
103000144,129,39,90
103000145,20,27,-7
103000150,66,54,12
103000152,270,153,117
103000153,148,111,37
103000156,5,538,-533
103000157,209,1,208
103000159,40,24,16
103000162,66,11,55
103000163,4,13,-9
103000164,21,14,7
103000165,142,481,-339
103000166,131,161,-30
103000167,112,132,-20
103000168,38,155,-117
103000169,145,253,-108
103000170,316,415,-99
103000171,30,55,-25
103000172,201,331,-130
103000173,243,696,-453
103000174,97,309,-212
103000175,122,485,-363
103000176,556,250,306
103000177,616,408,208
103000178,321,262,59
103000179,111,30,81
103000183,83,45,38
103000185,41,88,-47
103000186,43,136,-93
103000187,188,738,-550
103000188,9,85,-76
103000189,769,941,-172
103000191,356,512,-156
103000292,2092,722,1370
103000293,1136,919,217
103000295,77,49,28
103000296,210,8,202
103000297,10,11,-1
103000504,20,11,9
103000505,4,7,-3
103000506,2,178,-176
103000507,94,0,94
103000508,38,14,24
103000509,197,485,-288
103900001,1,174,-173
103900002,1680,141,1539
103900003,1209,202,1007
103900004,21,0,21
103900005,3,211,-208
103900006,12,79,-67
103900007,12,0,12
103900008,15,0,15
103900010,90,259,-169
103900012,2,16,-14
103900014,12,16,-4
103900015,19,17,2
103900017,9,73,-64
103900018,577,130,447
103900019,21,152,-131
103900020,158,229,-71
103900021,643,234,409
103900022,653,558,95
103900023,43,2,41
103900024,67,424,-357
103900025,2,26,-24
103900026,43,0,43
103900027,396,242,154
103900028,94,230,-136
103900029,622,103,519
103900030,166,20,146
103900031,11,2,9
103900032,45,33,12
103900033,43,5,38
103900034,10,231,-221
103900035,38,58,-20
103900036,27,12,15
103900037,26,20,6
103900038,57,72,-15
103900039,13,493,-480
103900040,1,144,-143
103900041,40,24,16
103900042,27,483,-456
103900043,59,94,-35
103900044,152,106,46
103900045,120,201,-81
103900047,20,42,-22
103900048,40,13,27
103900049,202,1177,-975
103900050,6,56,-50
103900051,0,39,-39
103900053,68,835,-767
103900054,37,597,-560
103900055,114,23,91
103900056,17,39,-22
103900057,14,217,-203
103900058,82,680,-598
103900059,0,4,-4
103900060,20,198,-178
103900061,44,41,3
103900062,110,51,59
103900063,0,0,0
103900064,54,5,49
103900065,499,86,413
103900066,44,4,40
103900067,65,49,16
103900068,0,0,0
103900069,28,5,23
103900070,113,244,-131
103900071,15,181,-166
103900072,8,284,-276
103900073,12,12,0
103900074,41,85,-44
103900075,95,83,12
103900076,208,784,-576
103900077,42,34,8
103900078,100,93,7
103900079,112,192,-80
103900080,10,26,-16
103900081,115,7,108
103900082,4,98,-94
103900083,1697,384,1313
103900084,43,114,-71
103900085,78,93,-15
103900086,229,199,30
103900088,401,163,238
103900089,31,140,-109
103900090,2,198,-196
103900091,778,214,564
103900092,210,565,-355
103900093,47,314,-267
103900094,2,156,-154
103900095,293,465,-172
103900096,5,197,-192
103900097,9,464,-455
103900098,169,146,23
103900099,17,242,-225
103900100,137,342,-205
103900101,38,950,-912
103900102,0,48,-48
103900104,0,21,-21
103900105,65,168,-103
103900106,0,38,-38
103900107,38,253,-215
103900108,37,376,-339
103900109,26,48,-22
103900110,85,38,47
103900111,40,684,-644
103900112,12,49,-37
103900113,76,100,-24
103900114,532,672,-140
103900115,171,57,114
103900116,5807,1310,4497
103900117,228,102,126
103900119,27,27,0
103900120,20,82,-62
103900122,21,340,-319
103900123,1253,371,882
103900124,22,560,-538
103900125,54,61,-7
103900126,255,449,-194
103900127,120,514,-394
103900128,201,327,-126
103900131,10,118,-108
103900133,588,39,549
103900134,0,0,0
103900135,2,4,-2
103900137,0,7,-7
103900138,38,266,-228
103900139,376,731,-355
103900140,2,53,-51
103900141,221,53,168
103900142,64,252,-188
103900143,13,1,12
103900144,0,67,-67
103900145,125,263,-138
103900146,193,336,-143
103900147,173,102,71
103900148,173,439,-266
103900149,60,687,-627
103900150,6756,1662,5094
103900151,37,223,-186
103900152,148,604,-456
103900153,5,0,5
103900154,1653,813,840
103900155,19,208,-189
103900156,18,167,-149
103900157,15,287,-272
103900158,34,214,-180
103900159,45,62,-17
103900160,22,15,7
103900161,59,154,-95
103900162,210,567,-357
103900163,2,400,-398
103900167,7,76,-69
103900168,74,114,-40
103900169,28,26,2
103900170,3,104,-101
103900171,2,62,-60
103900172,6,35,-29
103900173,1,14,-13
103900174,41,59,-18
103900175,38,27,11
103900176,5,16,-11
103900177,5,33,-28
103900178,12,83,-71
103900179,18,185,-167
103900180,5,86,-81
103900181,54,23,31
103900182,26,10,16
103900184,513,22,491
103900185,154,107,47
103900187,96,34,62
103900188,20,12,8
103900189,58,2,56
103900190,34,35,-1
103900191,23,42,-19
103900192,16,64,-48
103900193,142,106,36
103900194,18,326,-308
103900195,3,42,-39
103900196,18,14,4
103900197,3,12,-9
103900198,27,45,-18
103900199,71,90,-19
103900200,74,167,-93
103900201,48,179,-131
103900202,11,53,-42
103900203,8,16,-8
103900204,4,156,-152
103900207,0,193,-193
103900208,19,1,18
103900209,3,98,-95
103900210,9,35,-26
103900211,226,527,-301
103900212,99,582,-483
103900213,69,217,-148
103900214,159,82,77
103900215,523,194,329
103900216,8,437,-429
103900217,210,2,208
103900218,47,296,-249
103900219,86,315,-229
103900233,24,0,24
103900235,28,6,22
103900236,26,1,25
103900242,2,7,-5
103900243,4,9,-5
103900244,50,326,-276
103900245,77,240,-163
103900246,47,12,35
103900247,29,126,-97
103900248,0,13,-13
103900249,10,19,-9
103900250,19,42,-23
103900251,3,20,-17
103900253,29,28,1
103900254,5,10,-5
103900255,22,7,15
103900256,32,29,3
103900257,113,145,-32
103900258,18,1,17
103900259,74,7,67
103900261,6,0,6
103900262,14,2,12
103900263,41,27,14
103900264,41,5,36
103900265,35,10,25
103900266,3,25,-22
103900267,3,52,-49
103900268,6,137,-131
103900269,109,27,82
103900270,11,145,-134
103900271,10,133,-123
103900272,42,59,-17
103900273,11,46,-35
103900274,26,6,20
103900275,18,2,16
103900276,3,103,-100
103900277,3,86,-83
103900278,7,46,-39
103900279,2,13,-11
103900280,1,145,-144
104000001,1656,1987,-331
104000002,1182,2447,-1265
104000003,1642,1939,-297
104000004,2715,2275,440
104000005,831,1593,-762
104000006,2326,2701,-375
104000007,3482,3257,225
104000008,205,439,-234
104000009,108,93,15
104000010,145,159,-14
104000011,653,415,238
104000012,109,415,-306
104000013,99,116,-17
104000014,167,703,-536
104000015,186,159,27
104000016,480,424,56
104000018,521,128,393
104000019,349,105,244
104000020,214,818,-604
104000021,198,663,-465
104000022,140,308,-168
104000023,348,261,87
104000024,178,355,-177
104000026,56,292,-236
104000027,193,390,-197
104000028,233,256,-23
104000029,539,495,44
104000030,148,190,-42
104000031,499,291,208
104000032,203,347,-144
104000033,371,350,21
104000034,276,395,-119
104000035,470,367,103
104000036,349,656,-307
104000037,186,329,-143
104000038,249,571,-322
104000039,115,427,-312
104000040,457,438,19
104000041,512,334,178
104000042,173,440,-267
104000043,191,456,-265
104000044,183,798,-615
104000045,809,1245,-436
104000046,1257,1421,-164
104000047,525,1235,-710
104000048,877,1841,-964
104000049,252,232,20
104000050,159,515,-356
104000051,81,635,-554
104000052,971,1376,-405
104000053,517,664,-147
104000054,181,414,-233
104000055,2839,2484,355
104000056,1672,290,1382
104000057,173,660,-487
104000058,441,581,-140
104000059,364,1168,-804
104000060,451,865,-414
104000061,709,986,-277
104000062,267,356,-89
104000064,426,242,184
104000065,103,303,-200
104000069,1441,598,843
104000070,71,255,-184
104000071,201,413,-212
104000072,546,376,170
104000075,26,248,-222
104000076,321,22,299
104000082,1549,1938,-389
104000083,567,175,392
104000084,68,431,-363
104000085,178,150,28
104000086,179,358,-179
104000087,394,753,-359
104000090,454,1561,-1107
104000092,676,2647,-1971
104000094,547,1934,-1387
104000095,1088,1210,-122
104000096,767,255,512
104000097,928,979,-51
104000098,1063,1303,-240
104000100,798,575,223
104000101,747,2273,-1526
104000106,184,567,-383
104000107,502,498,4
104000108,284,471,-187
104000109,195,43,152
104000110,758,902,-144
104000111,4621,1467,3154
104000112,2293,402,1891
104000116,2,1320,-1318
104000117,103,702,-599
104000118,274,272,2
104000119,323,233,90
104000120,166,875,-709
104000121,223,524,-301
104000122,450,543,-93
104000123,733,1090,-357
104000124,1181,2320,-1139
104000125,3799,2480,1319
104000126,196,335,-139
104000127,1292,3132,-1840
104000128,581,431,150
104000129,384,27,357
104000130,15,181,-166
104000131,848,688,160
104000132,670,1045,-375
104000133,852,674,178
104000134,618,1212,-594
104000135,282,934,-652
104000136,675,2062,-1387
104000137,1397,245,1152
104000138,1016,271,745
104000139,7952,2596,5356
104000141,1018,1827,-809
104000142,528,982,-454
104000143,344,751,-407
104000144,69,199,-130
104000145,230,131,99
104000146,370,549,-179
104000147,59,338,-279
104000148,136,126,10
104000149,137,444,-307
104000150,429,394,35
104000151,223,640,-417
104000152,324,673,-349
104000153,234,343,-109
104000154,913,629,284
104000155,237,383,-146
104000157,920,1717,-797
104000158,185,246,-61
104000159,373,265,108
104000160,1290,1137,153
104000161,146,164,-18
104000162,24,113,-89
104000165,1411,941,470
104000167,401,465,-64
104000168,336,4,332
104000169,37,22,15
104000170,609,300,309
104000248,170,750,-580
104000251,57,272,-215
104000272,0,0,0
104000273,0,0,0
104000274,0,0,0
104000275,0,0,0
104000279,3458,1159,2299
104000290,44,265,-221
104000291,588,1029,-441
104000293,448,588,-140
104000294,6,0,6
104000295,389,693,-304
104000296,283,686,-403
104000297,711,1361,-650
104000298,1542,918,624
104000299,476,1181,-705
104000302,108,149,-41
104000303,178,166,12
104900001,68,429,-361
104900002,16,89,-73
104900003,25,295,-270
104900004,43,368,-325
104900005,89,129,-40
104900006,76,49,27
104900007,115,284,-169
104900009,63,367,-304
104900010,14,8,6
104900011,3,2,1
104900012,97,9,88
104900013,65,6,59
104900014,2973,230,2743
104900015,104,5,99
104900016,99,257,-158
104900017,64,193,-129
104900018,6,177,-171
104900019,170,1047,-877
104900020,43,210,-167
104900021,0,252,-252
104900022,4,110,-106
104900023,0,115,-115
104900024,11,110,-99
104900025,35,286,-251
104900026,0,150,-150
104900027,160,149,11
104900028,15,90,-75
104900029,19,83,-64
104900030,214,153,61
104900031,105,185,-80
104900032,41,130,-89
104900033,60,127,-67
104900034,153,61,92
104900035,114,60,54
104900036,82,72,10
104900037,90,249,-159
104900038,420,224,196
104900039,784,107,677
104900040,156,83,73
104900041,141,113,28
104900042,68,319,-251
104900043,8,34,-26
104900044,253,117,136
104900045,209,51,158
104900046,52,72,-20
104900047,143,120,23
104900048,108,56,52
104900049,7,1,6
104900050,48,60,-12
104900051,148,26,122
104900052,26,0,26
104900053,184,37,147
104900054,76,20,56
104900055,36,0,36
104900056,85,12,73
104900057,12,0,12
104900058,238,94,144
104900059,6,27,-21
104900061,200,569,-369
104900063,10,118,-108
104900064,0,74,-74
104900065,0,86,-86
104900066,1,176,-175
104900067,2,218,-216
104900068,8,233,-225
104900070,53,219,-166
104900071,0,626,-626
104900072,30,145,-115
104900073,34,272,-238
104900074,28,188,-160
104900075,21,57,-36
104900076,28,376,-348
104900077,1006,78,928
104900078,125,713,-588
104900079,76,143,-67
104900080,27,421,-394
104900082,11,242,-231
104900085,15,310,-295
104900089,34,1,33
104900091,300,649,-349
104900093,182,464,-282
104900097,2736,1221,1515
104900098,29,19,10
104900099,46,313,-267
104900100,553,122,431
104900102,13,210,-197
104900103,421,58,363
104900106,35,117,-82
104900107,36,277,-241
104900108,12,273,-261
104900109,44,114,-70
104900110,4,63,-59
104900111,68,62,6
104900112,162,863,-701
104900113,420,417,3
104900114,136,681,-545
104900115,253,394,-141
104900116,83,278,-195
104900118,11,59,-48
104900119,0,25,-25
104900120,92,53,39
104900121,0,97,-97
104900122,4,68,-64
104900123,12,1,11
104900124,11,0,11
104900125,192,1,191
104900126,45,50,-5
104900127,16,24,-8
104900128,25,56,-31
104900129,2147,713,1434
105000001,1914,1577,337
105000002,1505,1386,119
105000003,2032,3257,-1225
105000004,455,891,-436
105000005,461,1011,-550
105000006,730,1265,-535
105000007,733,1102,-369
105000008,689,1587,-898
105000009,1031,2258,-1227
105000010,2543,2224,319
105000011,1410,1739,-329
105000012,3088,2764,324
105000013,454,905,-451
105000014,876,1760,-884
105000015,7730,3998,3732
105000016,3317,1418,1899
105000017,1384,840,544
105000018,997,743,254
105000019,1276,803,473
105000020,139,258,-119
105000021,236,108,128
105000022,103,30,73
105000023,285,186,99
105000028,62,152,-90
105000029,234,825,-591
105000030,3481,3082,399
105000031,1,22,-21
105000033,843,1841,-998
105000034,135,403,-268
105000037,530,503,27
105000038,1011,1006,5
105000039,2730,1777,953
105000040,426,567,-141
105000041,403,1253,-850
105000042,1597,919,678
105000043,1600,1907,-307
105000044,195,281,-86
105000045,200,746,-546
105000046,476,268,208
105000047,301,1250,-949
105000048,384,183,201
105000049,231,654,-423
105000050,312,300,12
105000051,176,518,-342
105000052,443,693,-250
105000053,108,177,-69
105000054,172,896,-724
105000055,292,315,-23
105000056,602,2393,-1791
105000057,874,927,-53
105000058,1098,1225,-127
105000059,416,441,-25
105000060,353,650,-297
105000061,261,371,-110
105000062,635,1148,-513
105000063,295,717,-422
105000064,594,573,21
105000065,328,1004,-676
105000066,755,1968,-1213
105000067,559,500,59
105000068,526,899,-373
105000069,2451,537,1914
105000070,626,661,-35
105000071,135,351,-216
105000072,804,998,-194
105000073,584,358,226
105000074,706,909,-203
105000075,368,716,-348
105000076,1058,929,129
105000077,1566,562,1004
105000078,1107,972,135
105000079,1356,1532,-176
105000080,1247,697,550
105000081,900,551,349
105000082,385,336,49
105000083,687,468,219
105000084,417,1018,-601
105000085,1002,796,206
105000086,650,894,-244
105000087,2178,1705,473
105000088,1050,1213,-163
105000089,2607,1902,705
105000090,795,821,-26
105000091,1315,1633,-318
105000092,395,862,-467
105000093,196,148,48
105000094,210,178,32
105000095,84,284,-200
105000096,783,576,207
105000097,714,597,117
105000098,507,502,5
105000099,554,897,-343
105000100,588,1104,-516
105000101,1346,1934,-588
105000102,896,1447,-551
105000103,972,1703,-731
105000104,1069,955,114
105000105,671,1623,-952
105000106,735,1269,-534
105000107,673,886,-213
105000108,682,1549,-867
105000109,776,1423,-647
105000110,480,708,-228
105000111,519,511,8
105000112,764,835,-71
105000113,267,563,-296
105000114,3116,818,2298
105000115,236,721,-485
105000116,403,411,-8
105000117,641,1396,-755
105000118,207,294,-87
105000119,392,1219,-827
105000120,394,520,-126
105000121,624,1149,-525
105000122,229,449,-220
105000123,918,1353,-435
105000124,978,806,172
105000125,457,1830,-1373
105000126,1401,2139,-738
105000127,1717,1864,-147
105000128,390,1460,-1070
105000129,584,323,261
105000130,76,846,-770
105000131,447,269,178
105000132,441,306,135
105000133,246,954,-708
105000134,399,449,-50
105000135,313,623,-310
105000136,86,322,-236
105000137,178,217,-39
105000138,210,354,-144
105000139,866,860,6
105000140,168,501,-333
105000141,163,588,-425
105000142,42,554,-512
105000143,150,632,-482
105000144,222,667,-445
105000145,341,440,-99
105000146,398,683,-285
105000147,332,308,24
105000148,724,657,67
105000149,1307,1568,-261
105000150,1736,1287,449
105000151,325,327,-2
105000152,126,597,-471
105000153,488,375,113
105000154,535,862,-327
105000155,188,515,-327
105000156,639,796,-157
105000157,755,2011,-1256
105000158,1235,807,428
105000159,294,1176,-882
105000160,1071,559,512
105000161,625,1893,-1268
105000162,435,1028,-593
105000163,1244,1159,85
105000164,197,228,-31
105000165,1279,2957,-1678
105000166,7028,303,6725
105000167,2639,956,1683
105000168,154,872,-718
105000169,184,373,-189
105000170,56,1063,-1007
105000171,836,271,565
105000172,23,65,-42
105000173,32,20,12
105000174,19,36,-17
105000175,40,147,-107
105000176,83,56,27
105000177,90,111,-21
105000178,63,597,-534
105000179,137,85,52
105000180,54,79,-25
105000181,62,415,-353
105000182,20,38,-18
105000183,2442,1183,1259
105000184,1157,769,388
105000185,894,585,309
105000186,323,908,-585
105000187,389,192,197
105000188,129,60,69
105000189,102,554,-452
105000190,174,297,-123
105000191,293,388,-95
105000192,78,74,4
105000193,54,121,-67
105000194,215,68,147
105000195,169,869,-700
105000196,34,90,-56
105000197,164,562,-398
105000198,525,215,310
105000199,229,186,43
105000200,63,117,-54
105000201,66,13,53
105000203,8,290,-282
105000204,40,89,-49
105000205,60,251,-191
105000207,523,184,339
105000208,149,283,-134
105000209,155,256,-101
105000211,66,16,50
105000212,718,1397,-679
105000213,140,142,-2
105000214,35,208,-173
105000215,127,283,-156
105000216,46,278,-232
105000217,87,273,-186
105000218,563,946,-383
105000221,113,208,-95
105000222,146,45,101
105000223,93,135,-42
105000226,15,383,-368
105000227,11,180,-169
105000228,204,575,-371
105000229,75,191,-116
105000231,172,212,-40
105000233,488,526,-38
105000234,409,1225,-816
105000235,213,406,-193
105000237,497,39,458
105000243,10,48,-38
105000248,42,38,4
105000262,152,1532,-1380
105000269,50,140,-90
105000270,204,86,118
105000271,0,283,-283
105000282,79,35,44
105000287,213,123,90
105000288,312,401,-89
105000289,741,661,80
105000290,12,4,8
105000402,3752,1177,2575
105000426,315,447,-132
105000438,616,457,159
105000440,9,44,-35
105000446,11993,4128,7865
105000447,7598,2110,5488
105000454,134,897,-763
105000455,217,199,18
105000474,11,0,11
105000477,152,330,-178
105000478,1099,1694,-595
105000479,81,117,-36
105000480,1477,1492,-15
105000481,1846,1456,390
105000482,3402,2142,1260
105000483,864,1027,-163
105000484,1737,2168,-431
105000485,795,1190,-395
105000486,2529,1844,685
105000488,2474,2167,307
105000489,474,616,-142
105000549,26,105,-79
105000550,407,1318,-911
105000551,33,66,-33
105000552,3044,1589,1455
105000555,794,549,245
105000556,28,30,-2
105000557,48,284,-236
105900001,13,868,-855
105900002,1450,299,1151
105900003,14,89,-75
105900004,179,89,90
105900005,2,223,-221
105900006,7,22,-15
105900007,46,7,39
105900008,42,702,-660
105900009,8,13,-5
105900011,48,48,0
105900012,154,131,23
105900013,3,16,-13
105900014,1,68,-67
105900015,64,272,-208
105900016,125,452,-327
105900017,419,48,371
105900018,160,201,-41
105900019,29,409,-380
105900020,16,29,-13
105900021,8,196,-188
105900022,117,259,-142
105900023,3,94,-91
105900024,3,108,-105
105900025,45,19,26
105900026,136,10,126
105900027,3292,2214,1078
105900028,192,126,66
105900029,1528,277,1251
105900030,121,245,-124
105900031,400,129,271
105900032,41,102,-61
105900033,43,88,-45
105900034,77,196,-119
105900035,63,118,-55
105900036,18,124,-106
105900037,40,62,-22
105900038,82,259,-177
105900039,39,137,-98
105900040,24,48,-24
105900041,125,307,-182
105900042,18,121,-103
105900043,1347,33,1314
105900044,1,78,-77
105900045,1,322,-321
105900046,1,174,-173
105900047,0,20,-20
105900048,71,458,-387
105900050,1478,395,1083
105900051,3,1025,-1022
105900052,208,30,178
105900053,3080,1058,2022
105900054,202,189,13
105900056,667,117,550
105900057,11,136,-125
105900058,10,23,-13
105900059,0,21,-21
106000001,3211,1328,1883
106000002,2236,3906,-1670
106000003,2503,2107,396
106000004,1988,2252,-264
106000005,1834,4036,-2202
106000006,4375,4033,342
106000007,433,443,-10
106000008,455,269,186
106000009,377,249,128
106000010,367,536,-169
106000011,539,751,-212
106000012,578,1529,-951
106000013,1245,1338,-93
106000014,1540,1613,-73
106000015,975,870,105
106000016,957,2248,-1291
106000017,608,538,70
106000018,463,558,-95
106000019,217,350,-133
106000020,202,442,-240
106000021,206,466,-260
106000022,222,290,-68
106000023,478,361,117
106000024,430,851,-421
106000025,84,172,-88
106000026,105,415,-310
106000027,598,1097,-499
106000028,442,713,-271
106000029,701,1370,-669
106000030,697,293,404
106000034,88,573,-485
106000035,691,851,-160
106000036,331,312,19
106000037,1394,1417,-23
106000038,366,62,304
106000039,109,33,76
106000040,143,711,-568
106000041,618,231,387
106000043,477,57,420
106000046,292,29,263
106000047,37,339,-302
106000049,379,118,261
106000050,170,754,-584
106000051,320,300,20
106000052,48,586,-538
106000053,117,69,48
106000054,242,396,-154
106000055,473,725,-252
106000056,224,447,-223
106000057,108,164,-56
106000058,143,182,-39
106000059,104,190,-86
106000060,472,545,-73
106000061,165,269,-104
106000062,118,587,-469
106000063,384,416,-32
106000064,22,398,-376
106000065,180,157,23
106000066,90,358,-268
106000067,103,63,40
106000068,23,509,-486
106000069,85,69,16
106000070,257,751,-494
106000071,553,300,253
106000072,3911,1290,2621
106000073,1742,1811,-69
106000074,300,608,-308
106000075,213,897,-684
106000076,1213,1357,-144
106000077,2349,1159,1190
106000078,532,866,-334
106000079,406,914,-508
106000080,787,793,-6
106000081,412,918,-506
106000082,1971,921,1050
106000083,269,1078,-809
106000084,788,647,141
106000085,1173,908,265
106000086,422,534,-112
106000087,576,526,50
106000088,286,635,-349
106000089,608,449,159
106000090,223,520,-297
106000091,223,617,-394
106000092,428,212,216
106000093,221,64,157
106000094,88,390,-302
106000095,324,1138,-814
106000096,569,659,-90
106000097,531,1384,-853
106000098,331,950,-619
106000099,126,760,-634
106000100,605,225,380
106000101,969,245,724
106000102,207,436,-229
106000103,103,586,-483
106000104,608,364,244
106000105,325,829,-504
106000106,359,361,-2
106000107,64,503,-439
106000108,149,341,-192
106000109,70,427,-357
106000110,100,296,-196
106000111,95,688,-593
106000112,80,318,-238
106000113,959,728,231
106000114,347,375,-28
106000115,160,555,-395
106000116,105,256,-151
106000117,768,763,5
106000118,614,846,-232
106000119,2187,867,1320
106000120,509,657,-148
106000121,163,162,1
106000122,46,325,-279
106000123,172,304,-132
106000124,39,328,-289
106000125,13,354,-341
106000126,83,242,-159
106000127,442,882,-440
106000128,412,352,60
106000129,299,681,-382
106000130,456,427,29
106000131,134,630,-496
106000132,873,111,762
106000133,3456,982,2474
106000134,746,1058,-312
106000135,227,968,-741
106000136,432,478,-46
106000137,44,1357,-1313
106000138,626,80,546
106000139,39,148,-109
106000140,23,67,-44
106000141,46,80,-34
106000142,46,75,-29
106000143,16,121,-105
106000144,22,77,-55
106000145,121,398,-277
106000146,177,220,-43
106000147,433,968,-535
106000148,673,1007,-334
106000149,408,739,-331
106000150,329,1485,-1156
106000151,5103,687,4416
106000152,1273,966,307
106000153,125,1251,-1126
106000154,1490,228,1262
106000155,44,177,-133
106000156,370,208,162
106000157,406,1509,-1103
106000158,2776,596,2180
106000159,4225,1135,3090
106000160,214,1283,-1069
106000161,1080,393,687
106000162,95,504,-409
106000163,168,528,-360
106000164,177,269,-92
106000165,153,728,-575
106000166,295,195,100
106000167,198,1441,-1243
106000168,222,218,4
106000169,95,793,-698
106000170,265,190,75
106000171,57,804,-747
106000172,1773,707,1066
106000173,540,2363,-1823
106000174,536,250,286
106000175,228,865,-637
106000176,842,546,296
106000177,493,2002,-1509
106000178,2008,1323,685
106000179,831,1832,-1001
106000180,648,1822,-1174
106000181,298,1828,-1530
106000182,408,660,-252
106000183,436,962,-526
106000184,404,915,-511
106000185,271,824,-553
106000186,611,127,484
106000187,170,664,-494
106000188,1,2,-1
106000189,2,59,-57
106000190,6,2,4
106000191,400,141,259
106000192,0,20,-20
106000193,247,96,151
106000194,114,204,-90
106000195,137,64,73
106000196,46,253,-207
106000197,156,262,-106
106000198,76,239,-163
106000199,739,415,324
106000200,265,124,141
106000201,386,984,-598
106000202,5990,427,5563
106000203,193,191,2
106000204,58,1,57
106000205,14,151,-137
106000206,35,13,22
106000207,34,788,-754
106000208,469,58,411
106000209,766,202,564
106000210,198,1259,-1061
106000211,273,1479,-1206
106000212,472,155,317
106000213,502,1230,-728
106000214,1981,313,1668
106000215,174,474,-300
106000216,188,255,-67
106000217,268,416,-148
106000218,420,269,151
106000219,167,338,-171
106000220,353,232,121
106000221,62,326,-264
106000222,42,141,-99
106000223,63,111,-48
106000224,76,318,-242
106000225,52,93,-41
106000226,99,325,-226
106000228,32,92,-60
106000229,74,712,-638
106000231,398,116,282
106000232,63,383,-320
106000233,226,97,129
106000234,47,155,-108
106000235,191,45,146
106000236,111,42,69
106000237,6,14,-8
106000238,11,5,6
106000239,3,72,-69
106000240,13,1,12
106000241,12,625,-613
106000242,141,19,122
106000249,45,78,-33
106000250,37,346,-309
106000251,38,22,16
106000252,32,111,-79
106000253,10,30,-20
106000254,22,70,-48
106000255,7,68,-61
106000256,62,82,-20
106000257,84,235,-151
106000258,137,15,122
106000259,1,38,-37
106000260,14,6,8
106000261,1,79,-78
106000262,12,15,-3
106000263,2,67,-65
106000264,98,6,92
106000265,8,112,-104
106000266,90,9,81
106000267,3,88,-85
106000268,390,29,361
106000269,82,62,20
106000270,111,308,-197
106000271,42,155,-113
106000272,79,54,25
106000273,10,171,-161
106000274,120,30,90
106000275,99,154,-55
106000276,91,31,60
106000277,118,111,7
106000278,150,24,126
106000279,15,67,-52
106000280,30,141,-111
106000281,72,96,-24
106000282,62,45,17
106000283,47,96,-49
106000284,29,77,-48
106000285,87,143,-56
106000286,53,132,-79
106000287,48,111,-63
106000288,78,142,-64
106000289,43,101,-58
106000290,47,76,-29
106000291,70,85,-15
106000292,78,141,-63
106000293,71,75,-4
106000294,108,108,0
106000295,29,46,-17
106000296,55,106,-51
106000297,70,178,-108
106000298,113,52,61
106000299,68,111,-43
106000300,38,116,-78
106000301,35,111,-76
106000303,6,51,-45
106000304,43,42,1
106000305,18,33,-15
106000306,41,82,-41
106000307,23,17,6
106000308,18,167,-149
106000309,6,51,-45
106000310,90,556,-466
106000311,217,115,102
106000312,46,166,-120
106000313,89,201,-112
106000318,171,203,-32
106000319,414,70,344
106000320,4,30,-26
106000321,215,55,160
106000322,83,204,-121
106000324,17,142,-125
106000325,892,725,167
106000326,775,1774,-999
106000327,58,157,-99
106000328,4,98,-94
106000329,135,245,-110
106000330,24,49,-25
106000428,34,162,-128
106000429,60,592,-532
106000430,268,1398,-1130
106000431,848,263,585
106000432,1385,2408,-1023
106000433,1202,692,510
106000434,1973,697,1276
106000435,1746,2335,-589
106000436,15,258,-243
106000437,143,22,121
106000438,99,68,31
106000439,20,382,-362
106000440,181,544,-363
106000441,1,1,0
106000442,119,11,108
106000443,108,550,-442
106000450,10,203,-193
106000451,21,18,3
106000454,2,82,-80
106000455,19,157,-138
106000456,77,8,69
106000457,8,1152,-1144
106000458,255,211,44
106000459,65,449,-384
106000460,385,40,345
106000461,41,1861,-1820
106000462,0,23,-23
106000463,5,24,-19
106000464,1,638,-637
106000465,194,1,193
106000466,3,676,-673
106000467,488,537,-49
106000468,26,181,-155
106000469,265,5,260
106000470,162,1293,-1131
106000471,25,655,-630
106000472,82,10,72
106000473,26,23,3
106000474,338,829,-491
106000475,326,202,124
106000476,181,129,52
106000477,27,181,-154
106000480,0,105,-105
106900001,0,11,-11
106900002,2,583,-581
106900003,257,784,-527
106900004,3,55,-52
106900006,0,30,-30
106900007,0,10,-10
106900008,95,266,-171
106900009,114,461,-347
106900010,136,352,-216
106900012,1824,1027,797
106900013,284,51,233
106900014,17,0,17
106900015,8,0,8
106900016,109,1,108
106900017,1,0,1
106900018,1,0,1
106900019,9,0,9
106900020,2736,607,2129
106900021,18,47,-29
106900022,146,1,145
106900023,71,308,-237
106900024,294,7,287
106900025,27,590,-563
106900026,1,919,-918
106900027,285,5,280
107000001,2875,1413,1462
107000002,4708,3075,1633
107000003,3219,3879,-660
107000004,4101,5389,-1288
107000005,1527,3157,-1630
107000006,2710,5787,-3077
107000007,3587,5547,-1960
107000008,14474,9858,4616
107000009,3437,3795,-358
107000010,8882,10040,-1158
107000011,1302,1043,259
107000012,3730,3385,345
107000013,36,154,-118
107000014,10,319,-309
107000015,334,897,-563
107000016,264,1224,-960
107000017,2009,729,1280
107000018,11,199,-188
107000020,1093,335,758
107000021,625,703,-78
107000022,495,1252,-757
107000023,1025,282,743
107000024,279,1962,-1683
107000025,122,303,-181
107000026,165,598,-433
107000027,775,699,76
107000028,911,1649,-738
107000029,1349,1444,-95
107000030,2770,3103,-333
107000031,1966,1398,568
107000032,250,788,-538
107000033,3268,3434,-166
107000034,4534,1801,2733
107000035,285,191,94
107000036,299,791,-492
107000037,62,541,-479
107000038,183,194,-11
107000039,504,439,65
107000040,113,313,-200
107000041,977,487,490
107000042,543,1383,-840
107000043,2633,851,1782
107000044,584,332,252
107000045,109,276,-167
107000046,383,319,64
107000047,335,803,-468
107000048,474,278,196
107000049,369,651,-282
107000050,551,409,142
107000051,491,294,197
107000052,759,616,143
107000053,215,165,50
107000054,56,223,-167
107000055,264,139,125
107000056,442,800,-358
107000057,2071,213,1858
107000058,1637,1712,-75
107000059,1828,2690,-862
107000060,2354,4127,-1773
107000061,4597,3528,1069
107000062,2061,2266,-205
107000063,3098,5578,-2480
107000064,1893,1461,432
107000065,2808,5447,-2639
107000066,1001,1540,-539
107000067,514,763,-249
107000068,1031,524,507
107000069,360,334,26
107000070,285,4,281
107000071,1295,13,1282
107000072,47,3501,-3454
107000073,320,122,198
107000074,113,782,-669
107000075,799,260,539
107000076,671,1664,-993
107000077,1720,533,1187
107000078,1509,3135,-1626
107000079,1267,493,774
107000080,1030,3020,-1990
107000081,754,404,350
107000082,426,2541,-2115
107000083,542,242,300
107000084,434,2260,-1826
107000085,2193,2594,-401
107000086,3228,2501,727
107000087,2023,1528,495
107000088,2033,2832,-799
107000089,984,1515,-531
107000090,707,926,-219
107000091,671,876,-205
107000092,529,986,-457
107000093,808,738,70
107000094,692,1269,-577
107000095,294,530,-236
107000096,493,957,-464
107000097,346,316,30
107000098,333,863,-530
107000099,331,197,134
107000100,265,282,-17
107000101,51,144,-93
107000102,311,330,-19
107000103,277,157,120
107000104,270,325,-55
107000105,277,94,183
107000106,122,323,-201
107000107,294,154,140
107000108,81,833,-752
107000109,299,128,171
107000110,37,647,-610
107000111,162,28,134
107000112,19,455,-436
107000113,270,101,169
107000114,74,860,-786
107000115,259,88,171
107000116,79,972,-893
107000117,75,199,-124
107000118,141,212,-71
107000119,1689,1023,666
107000120,2621,281,2340
107000121,403,649,-246
107000122,877,843,34
107000123,225,795,-570
107000124,329,747,-418
107000125,442,769,-327
107000126,577,1013,-436
107000129,83,1109,-1026
107000130,213,168,45
107000131,218,732,-514
107000132,297,293,4
107000133,500,121,379
107000134,169,0,169
107000135,12,189,-177
107000136,676,2,674
107000137,6,343,-337
107000138,274,14,260
107000139,9,242,-233
107000140,595,34,561
107000141,81,734,-653
107000142,196,34,162
107000143,34,708,-674
107000144,136,248,-112
107000145,136,533,-397
107000146,111,209,-98
107000147,3842,951,2891
107000150,595,1403,-808
107000151,31,47,-16
107000152,466,391,75
107000153,442,601,-159
107000154,202,139,63
107000155,386,11,375
107000156,564,19,545
107000157,34,2292,-2258
107000158,311,22,289
107000159,37,1558,-1521
107000160,418,74,344
107000161,76,1947,-1871
107000162,120,233,-113
107000163,28,2,26
107000164,157,0,157
107000165,349,1,348
107000166,52,1540,-1488
107000167,294,311,-17
107000168,512,205,307
107000169,926,879,47
107000170,785,337,448
107000171,354,2565,-2211
107000172,424,636,-212
107000173,599,1067,-468
107000174,605,2089,-1484
107000175,9204,1312,7892
107000176,2,1,1
107000177,1,4,-3
107000178,5,49,-44
107000179,162,3226,-3064
107000180,649,321,328
107000181,267,1522,-1255
107000182,960,841,119
107000183,103,960,-857
107000184,573,762,-189
107000185,180,1240,-1060
107000186,501,302,199
107000187,712,1166,-454
107000188,305,364,-59
107000189,254,719,-465
107000190,333,734,-401
107000191,486,1137,-651
107000192,885,873,12
107000193,259,271,-12
107000194,800,721,79
107000197,485,198,287
107000198,247,902,-655
107000199,401,685,-284
107000200,871,479,392
107000201,230,156,74
107000202,174,330,-156
107000203,543,374,169
107000204,627,417,210
107000205,1980,898,1082
107000206,558,719,-161
107000207,635,831,-196
107000208,935,300,635
107000209,1639,588,1051
107000210,1059,265,794
107000211,6,12,-6
107000212,7,221,-214
107000213,5,25,-20
107000214,9,118,-109
107000215,143,355,-212
107000216,175,419,-244
107000217,70,130,-60
107000219,48,81,-33
107000220,57,290,-233
107000222,201,567,-366
107000224,228,68,160
107000225,129,592,-463
107000226,175,71,104
107000227,63,372,-309
107000228,73,139,-66
107000229,236,107,129
107000230,904,543,361
107000231,2218,443,1775
107000232,68,68,0
107000233,1756,547,1209
107000234,0,11,-11
107000235,61,2,59
107000236,22,332,-310
107000237,3,0,3
107000238,8,0,8
107000239,4962,350,4612
107000240,39,1318,-1279
107000243,0,43,-43
107000244,2,46,-44
107000246,2,1088,-1086
107000249,3,1087,-1084
107000251,0,288,-288
107000252,3,1351,-1348
107000255,665,39,626
107000257,0,675,-675
107000258,1,164,-163
107000259,1,224,-223
107000260,207,1,206
107000262,10,851,-841
107000263,121,1,120
107000266,3,2,1
107000267,46,127,-81
107000268,87,174,-87
107000269,154,16,138
107000270,1,22,-21
107000271,9,1178,-1169
107000272,4,251,-247
107000273,0,270,-270
107000274,521,5,516
107000275,319,883,-564
107000280,348,16,332
107000281,15,1214,-1199
107000282,15,1391,-1376
107000290,0,45,-45
107000291,11,9,2
107000292,4,51,-47
107000293,54,1,53
107000294,0,31,-31
107000295,13,3,10
107000296,0,5,-5
107000444,182,6,176
107000496,0,16,-16
107000497,1072,2918,-1846
107000500,183,332,-149
107000501,56,169,-113
107000502,160,369,-209
107000505,631,782,-151
107000506,0,40,-40
107000508,0,683,-683
107000509,167,463,-296
107000510,10,17,-7
107000514,19,243,-224
107000515,9,278,-269
107000516,125,151,-26
107000518,595,472,123
107000519,3882,1021,2861
107000520,44,8,36
107000521,329,484,-155
107000522,420,741,-321
107900001,16,248,-232
107900002,41,1,40
107900003,52,23,29
107900004,0,0,0
107900005,330,0,330
107900006,14,2,12
107900007,83,23,60
107900008,31,34,-3
107900009,102,1,101
107900010,5,1,4
107900012,125,15,110
107900013,191,46,145
107900014,8,4,4
107900015,295,1,294
107900016,348,48,300
107900017,0,1,-1
107900018,35,39,-4
107900019,7,75,-68
107900020,47,4,43
107900021,22,128,-106
107900023,0,0,0
107900024,0,31,-31
107900025,101,218,-117
107900026,24,86,-62
107900027,44,52,-8
107900028,30,86,-56
107900030,147,9,138
107900031,37,236,-199
107900032,2,1,1
107900033,11,0,11
107900034,209,4,205
107900035,311,14,297
107900036,18,21,-3
107900037,0,54,-54
107900038,134,107,27
107900039,10,68,-58
107900040,10,37,-27
107900041,0,0,0
107900043,29,202,-173
107900044,5,5,0
107900045,37,10,27
107900046,55,44,11
107900047,8,88,-80
107900048,54,6,48
107900049,240,507,-267
107900050,82,315,-233
107900051,26,81,-55
107900052,3,8,-5
107900053,12,88,-76
107900055,283,147,136
107900056,42,17,25
107900057,0,0,0
107900058,46,634,-588
107900060,7,50,-43
107900061,19,5,14
107900063,81,123,-42
107900064,178,44,134
107900065,55,6,49
107900066,0,5,-5
107900067,0,0,0
107900068,95,152,-57
107900069,24,599,-575
107900070,32,10,22
107900071,19,774,-755
107900072,22,158,-136
107900073,37,110,-73
107900074,823,93,730
107900076,107,78,29
107900077,23,0,23
107900079,9,14,-5
107900080,77,135,-58
107900081,9,55,-46
107900082,19,9,10
107900083,179,87,92
107900084,51,78,-27
107900086,54,87,-33
107900087,279,39,240
107900088,16,5,11
107900089,215,778,-563
107900090,328,671,-343
107900091,113,500,-387
107900093,34,71,-37
107900095,2368,736,1632
107900097,32,45,-13
107900098,37,121,-84
107900100,941,591,350
107900101,945,98,847
107900102,11,3,8
107900103,51,193,-142
107900104,97,0,97
107900105,1,564,-563
107900106,1,1460,-1459
107900107,828,125,703
107900108,219,64,155
107900109,314,16,298
107900110,12,120,-108
107900111,8,1132,-1124
107900112,52,223,-171
107900113,43,119,-76
107900114,80,240,-160
107900115,0,49,-49
107900116,36,247,-211
107900117,215,408,-193
107900118,56,121,-65
107900119,34,81,-47
107900120,30,10,20
107900121,3,107,-104
107900122,0,36,-36
107900123,1,20,-19
107900124,3,60,-57
107900125,17,103,-86
107900126,2,41,-39
107900127,268,93,175
107900128,74,45,29
107900129,13,35,-22
107900130,11,11,0
107900131,458,46,412
107900132,75,353,-278
107900133,0,61,-61
107900134,14,9,5
107900135,0,165,-165
107900136,47,29,18
107900137,48,78,-30
107900138,30,17,13
107900139,10,20,-10
107900141,19,35,-16
107900142,54,970,-916
107900143,18,33,-15
107900144,0,144,-144
107900145,4,87,-83
107900146,44,104,-60
107900147,31,11,20
107900148,97,123,-26
107900149,1434,205,1229
107900150,74,735,-661
107900151,3,111,-108
107900152,5,181,-176
107900153,117,135,-18
107900154,27,5,22
107900155,19,19,0
107900156,2,474,-472
107900157,10,91,-81
107900158,200,9,191
107900159,23,910,-887
107900160,30,183,-153
107900161,8,272,-264
107900162,1,30,-29
107900163,15,35,-20
107900164,4,22,-18
107900165,24,51,-27
107900166,10,298,-288
107900167,6,9,-3
107900168,11,33,-22
107900169,25,172,-147
107900171,8,1859,-1851
107900172,1,303,-302
107900173,10,191,-181
107900174,30,1,29
107900175,4,11,-7
107900176,6,37,-31
107900177,0,26,-26
107900178,0,255,-255
107900179,9,133,-124
107900180,867,194,673
107900181,183,424,-241
107900182,146,1787,-1641
107900183,20,398,-378
107900184,21,254,-233
107900185,59,7,52
107900186,9,38,-29
107900187,0,107,-107
107900188,679,63,616
107900189,2,100,-98
107900190,91,35,56
107900191,36,99,-63
107900193,54,29,25
107900194,107,7,100
107900195,3594,313,3281
107900196,33,90,-57
107900197,707,135,572
107900199,1,1128,-1127
107900201,42,118,-76
107900203,39,51,-12
107900204,190,165,25
107900206,222,111,111
107900207,2,677,-675
107900208,3,765,-762
107900209,254,74,180
107900210,48,114,-66
107900213,230,297,-67
107900214,1,173,-172
107900215,169,257,-88
107900216,49,45,4
107900217,12,60,-48
107900218,12,1644,-1632
107900219,23,105,-82
107900220,123,80,43
107900221,145,170,-25
107900223,64,616,-552
107900224,158,233,-75
107900225,2,699,-697
107900226,45,76,-31
107900227,81,440,-359
107900228,7,91,-84
107900229,1,252,-251
107900230,17,125,-108
107900231,6,179,-173
107900232,22,204,-182
107900233,3,147,-144
107900234,30,151,-121
107900235,23,70,-47
107900236,22,86,-64
107900237,97,387,-290
107900238,5,102,-97
107900239,1315,369,946
107900240,8,135,-127
107900241,5,80,-75
107900242,9,412,-403
107900243,0,29,-29
107900244,133,2,131
107900245,149,35,114
107900246,28,5,23
107900248,184,291,-107
107900249,292,9,283
107900250,0,442,-442
107900251,32,1229,-1197
107900252,299,4,295
107900253,51,2,49
107900254,32,202,-170
107900255,289,25,264
107900256,615,346,269
107900257,81,27,54
107900258,45,198,-153
107900259,60,590,-530
107900261,6,323,-317
107900262,77,110,-33
107900264,115,4,111
107900265,26,201,-175
107900267,55,14,41
107900268,45,5,40
107900269,2,4,-2
107900270,0,0,0
107900271,0,4,-4
107900272,110,3,107
107900273,53,63,-10
107900274,27,0,27
107900275,6,0,6
107900276,0,52,-52
107900277,1,179,-178
107900278,91,320,-229
107900279,106,79,27
107900280,1820,1115,705
107900281,2932,846,2086
107900282,28,127,-99
107900283,1133,289,844
107900284,114,465,-351
107900285,30,108,-78
107900286,72,67,5
107900287,77,110,-33
107900290,0,36,-36
107900291,233,2,231
107900292,60,253,-193
107900293,43,529,-486
107900295,50,108,-58
107900297,0,194,-194
107900298,637,872,-235
107900299,3781,1331,2450
107900301,267,259,8
107900302,53,8,45
107900303,52,358,-306
107900304,77,487,-410
107900305,113,3,110
107900306,14,8,6
107900307,27,328,-301
107900308,187,28,159
107900309,1,0,1
107900310,0,0,0
107900311,184,107,77
107900312,0,0,0
107900313,0,66,-66
107900314,0,36,-36
107900315,0,37,-37
107900316,15,0,15
107900317,22,6,16
107900318,6,114,-108
107900319,0,194,-194
107900320,0,145,-145
107900321,31,1,30
107900322,4,181,-177
107900323,1,145,-144
107900324,81,0,81
107900325,69,0,69
107900326,83,352,-269
107900327,1,0,1
107900328,0,0,0
107900329,0,0,0
107900330,2,513,-511
107900331,91,14,77
107900332,113,50,63
107900333,35,2,33
107900334,4,254,-250
107900335,22,51,-29
107900336,13,17,-4
107900337,1302,415,887
107900338,2,133,-131
107900339,0,15,-15
107900340,0,39,-39
107900341,13,0,13
107900342,79,116,-37
107900343,8,2,6
107900344,1,141,-140
107900345,46,16,30
107900346,16,0,16
107900347,16,2,14
107900348,0,2,-2
107900349,8,1,7
107900350,43,258,-215
107900351,0,170,-170
107900352,3,70,-67
107900353,2,2,0
107900354,4,69,-65
108000001,2029,2671,-642
108000002,2211,3180,-969
108000003,2103,1482,621
108000004,14116,15085,-969
108000005,4294,2491,1803
108000006,5167,5891,-724
108000007,3108,2538,570
108000008,4015,5410,-1395
108000009,1854,2405,-551
108000010,2012,4532,-2520
108000011,8658,6336,2322
108000012,18055,14282,3773
108000014,669,370,299
108000015,447,256,191
108000016,144,584,-440
108000017,532,285,247
108000018,835,356,479
108000019,1203,502,701
108000020,872,326,546
108000021,343,1496,-1153
108000022,379,1299,-920
108000023,741,106,635
108000024,160,693,-533
108000025,155,189,-34
108000026,320,599,-279
108000027,300,727,-427
108000028,216,195,21
108000029,217,1005,-788
108000030,225,202,23
108000031,167,492,-325
108000032,739,366,373
108000033,446,1251,-805
108000034,923,359,564
108000035,651,2483,-1832
108000036,252,1418,-1166
108000037,916,291,625
108000038,1223,315,908
108000039,394,2590,-2196
108000040,942,554,388
108000041,523,2490,-1967
108000042,100,260,-160
108000043,118,284,-166
108000044,224,127,97
108000045,141,798,-657
108000046,695,194,501
108000047,254,1155,-901
108000048,101,415,-314
108000049,313,213,100
108000050,161,692,-531
108000051,173,59,114
108000052,249,731,-482
108000053,192,72,120
108000054,396,917,-521
108000055,514,255,259
108000056,991,1014,-23
108000057,370,572,-202
108000058,1618,1954,-336
108000059,3499,1774,1725
108000060,112,322,-210
108000061,279,602,-323
108000062,345,251,94
108000063,284,577,-293
108000064,108,203,-95
108000065,390,611,-221
108000066,1219,632,587
108000067,982,314,668
108000068,449,289,160
108000069,147,1205,-1058
108000070,863,514,349
108000071,426,1819,-1393
108000072,877,718,159
108000073,1244,1858,-614
108000074,201,279,-78
108000075,282,826,-544
108000076,394,348,46
108000077,590,831,-241
108000078,1220,1051,169
108000079,831,2049,-1218
108000080,530,371,159
108000081,454,2412,-1958
108000082,837,1521,-684
108000083,963,539,424
108000084,346,1133,-787
108000085,277,224,53
108000086,770,681,89
108000087,125,902,-777
108000088,394,124,270
108000089,158,165,-7
108000091,62,658,-596
108000092,53,71,-18
108000093,80,902,-822
108000094,395,93,302
108000095,82,514,-432
108000096,156,124,32
108000097,98,562,-464
108000098,591,1228,-637
108000099,536,260,276
108000100,46,334,-288
108000101,449,881,-432
108000102,991,1688,-697
108000106,841,3,838
108000107,2,568,-566
108000108,332,29,303
108000109,5,807,-802
108000110,106,216,-110
108000111,91,736,-645
108000112,22,91,-69
108000113,464,237,227
108000115,464,288,176
108000117,524,218,306
108000118,357,667,-310
108000119,607,382,225
108000120,89,449,-360
108000121,154,534,-380
108000122,208,267,-59
108000123,326,280,46
108000124,158,497,-339
108000125,141,408,-267
108000126,72,613,-541
108000127,174,403,-229
108000128,257,785,-528
108000129,157,1531,-1374
108000130,159,295,-136
108000131,526,218,308
108000132,1445,1210,235
108000133,503,399,104
108000134,557,781,-224
108000135,531,262,269
108000136,708,1083,-375
108000137,205,351,-146
108000138,189,1125,-936
108000139,121,407,-286
108000140,28,6,22
108000141,10,150,-140
108000142,26,141,-115
108000143,61,666,-605
108000144,165,57,108
108000145,15,38,-23
108000146,308,61,247
108000147,9,61,-52
108000148,153,46,107
108000149,12,30,-18
108000150,6,13,-7
108000151,294,45,249
108000152,75,708,-633
108000153,158,85,73
108000154,38,24,14
108000155,22,8,14
108000156,779,410,369
108000157,132,427,-295
108000158,52,404,-352
108000159,643,124,519
108000160,5018,646,4372
108000161,3525,960,2565
108000165,1,95,-94
108000172,1,177,-176
108000173,2495,965,1530
108000175,186,77,109
108000178,306,397,-91
108000179,164,404,-240
108000181,39,36,3
108000182,313,65,248
108000183,52,414,-362
108000184,1159,1261,-102
108000185,62,600,-538
108000186,87,534,-447
108000187,72,843,-771
108000188,172,225,-53
108000189,2239,2739,-500
108000190,37,113,-76
108000192,92,782,-690
108000193,588,28,560
108000194,10,16,-6
108000195,1,1081,-1080
108000196,75,124,-49
108000198,425,408,17
108000199,1,114,-113
108000200,115,638,-523
108000203,64,996,-932
108000204,58,20,38
108000205,366,605,-239
108000339,1198,298,900
108000364,342,424,-82
108000365,51,410,-359
108000367,90,314,-224
108000368,5,42,-37
108000369,1234,106,1128
108000371,9,540,-531
108000372,305,7,298
108000373,66,131,-65
108000376,56,19,37
108000377,241,371,-130
108000378,7163,6953,210
108000379,14,144,-130
108000381,46,9,37
108000382,116,1,115
108000383,1,121,-120
108900001,96,1211,-1115
108900002,162,26,136
108900003,343,994,-651
108900004,694,179,515
108900007,99,131,-32
108900008,37,119,-82
108900009,11,69,-58
108900010,63,109,-46
108900011,138,329,-191
108900012,138,386,-248
108900013,84,237,-153
108900014,1,48,-47
108900015,2,18,-16
108900016,1,192,-191
108900017,76,121,-45
108900018,49,506,-457
108900019,8,1346,-1338
108900020,23,282,-259
108900021,66,250,-184
108900022,20,3,17
108900023,1,21,-20
108900024,5,173,-168
108900025,32,108,-76
108900026,11,82,-71
108900027,1,80,-79
108900028,15,496,-481
108900029,35,209,-174
108900030,0,87,-87
108900031,33,601,-568
108900032,6,224,-218
108900033,0,61,-61
108900034,0,293,-293
108900035,137,1910,-1773
108900038,3,393,-390
108900039,2,613,-611
108900040,3,99,-96
108900041,4839,1585,3254
108900042,4,212,-208
108900043,16,405,-389
108900044,0,690,-690
108900045,14,663,-649
108900046,34,1075,-1041
108900047,5,65,-60
108900048,55,1097,-1042
108900049,5236,471,4765
108900050,3,328,-325
108900051,0,174,-174
108900052,19,300,-281
108900053,77,98,-21
108900054,19,216,-197
108900055,51,472,-421
108900056,1,192,-191
108900057,0,171,-171
108900058,10,425,-415
108900059,148,7,141
108900060,24,72,-48
108900061,58,8,50
108900062,2,305,-303
108900063,2,418,-416
108900064,39,39,0
108900065,8,312,-304
108900066,137,66,71
108900067,12,211,-199
108900068,7,295,-288
108900069,15,119,-104
108900070,16,165,-149
108900071,33,37,-4
108900072,2096,189,1907
108900073,14,583,-569
108900074,43,466,-423
108900075,25,61,-36
108900076,106,50,56
108900077,185,575,-390
108900078,21,194,-173
108900079,696,163,533
108900080,14,291,-277
108900081,53,245,-192
108900082,14,107,-93
108900083,5,158,-153
108900085,2087,118,1969
108900086,34,403,-369
108900087,110,184,-74
108900088,469,196,273
108900089,13,72,-59
108900090,15,475,-460
108900091,104,100,4
108900092,215,212,3
108900093,65,44,21
108900094,166,41,125
108900095,36,601,-565
108900096,393,21,372
108900097,165,171,-6
108900098,3020,245,2775
108900099,193,351,-158
108900100,82,104,-22
108900101,107,59,48
108900102,102,416,-314
108900103,32,67,-35
108900105,3,441,-438
108900106,149,563,-414
108900108,120,18,102
108900109,198,21,177
108900110,95,507,-412
108900111,134,746,-612
108900113,28,17,11
108900114,30,9,21
108900115,21,52,-31
108900116,40,6,34
108900117,72,20,52
108900118,200,3,197
108900119,62,26,36
108900120,131,91,40
108900121,172,23,149
108900122,64,24,40
108900123,56,38,18
108900124,177,98,79
108900125,175,2,173
108900126,57,2,55
108900127,59,14,45
108900128,38,12,26
108900129,324,65,259
108900130,97,0,97
108900131,190,1,189
108900132,189,36,153
108900133,109,24,85
108900134,99,270,-171
108900135,61,3,58
108900136,5,0,5
108900137,61,0,61
108900138,175,18,157
108900140,98,257,-159
108900141,132,5,127
108900142,54,3,51
108900143,12,0,12
108900144,11,0,11
108900145,99,7,92
108900146,40,0,40
108900147,63,0,63
108900148,37,33,4
108900150,143,4,139
108900151,26,2,24
108900152,21,1,20
108900153,63,531,-468
108900154,2369,393,1976
108900156,28,16,12
108900157,5,664,-659
108900158,95,35,60
108900159,0,377,-377
108900160,3,270,-267
108900161,5,486,-481
108900162,36,0,36
108900163,5,131,-126
108900164,49,65,-16
108900168,9404,1459,7945
108900169,17,124,-107
108900171,7552,1340,6212
108900172,74,23,51
108900173,175,287,-112
108900174,261,373,-112
108900176,111,621,-510
108900177,8105,1880,6225
108900178,4703,1472,3231
108900180,34,123,-89
108900183,126,159,-33
108900184,161,124,37
108900185,17,273,-256
108900186,16,266,-250
108900189,85,96,-11
108900190,17,3133,-3116
108900192,22,242,-220
108900195,33,422,-389
108900196,10,656,-646
108900199,91,263,-172
108900200,257,283,-26
108900201,200,1008,-808
108900203,236,23,213
108900204,196,11,185
108900205,122,8,114
108900206,104,8,96
108900207,130,25,105
108900208,18,297,-279
108900209,207,553,-346
108900210,97,151,-54
108900211,83,247,-164
108900212,698,592,106
108900215,96,658,-562
108900216,346,78,268
108900217,40,0,40
108900218,71,9,62
108900221,23,47,-24
108900224,15,56,-41
108900225,0,155,-155
108900227,41,95,-54
108900230,275,297,-22
108900232,2,451,-449
108900233,165,19,146
108900234,140,45,95
108900235,139,548,-409
108900236,11,294,-283
108900240,45,67,-22
108900241,6,15,-9
108900245,1,431,-430
108900250,91,132,-41
108900258,8,260,-252
108900259,13,64,-51
108900260,4,91,-87
108900261,168,154,14
108900262,210,120,90
108900263,73,291,-218
108900264,414,209,205
108900265,1259,166,1093
108900266,1225,211,1014
108900267,0,60,-60
108900268,1,2,-1
108900269,22,2,20
108900270,33,5,28
108900271,14,4,10
108900272,81,3,78
108900273,948,343,605
108900274,11,43,-32
109000001,2946,878,2068
109000002,2856,1164,1692
109000003,1650,508,1142
109000004,389,2318,-1929
109000005,1282,667,615
109000006,493,1931,-1438
109000007,815,634,181
109000008,269,1776,-1507
109000009,2172,947,1225
109000010,1094,3703,-2609
109000011,1591,1110,481
109000012,1369,3960,-2591
109000013,1890,1513,377
109000014,1120,3366,-2246
109000015,3609,4161,-552
109000016,8903,3912,4991
109000017,1445,951,494
109000018,608,3393,-2785
109000019,1794,1037,757
109000020,1123,2230,-1107
109000023,165,21,144
109000024,5,174,-169
109000025,354,283,71
109000026,602,222,380
109000027,43,232,-189
109000028,78,53,25
109000029,98,128,-30
109000030,56,568,-512
109000031,73,80,-7
109000032,34,501,-467
109000033,177,59,118
109000034,23,42,-19
109000035,11,14,-3
109000036,65,316,-251
109000037,136,635,-499
109000038,430,261,169
109000039,582,299,283
109000040,2833,2247,586
109000041,5180,1045,4135
109000042,761,936,-175
109000044,193,182,11
109000045,57,483,-426
109000046,133,57,76
109000047,55,480,-425
109000048,862,319,543
109000049,174,466,-292
109000050,353,500,-147
109000051,205,259,-54
109000052,316,1719,-1403
109000053,319,140,179
109000054,98,574,-476
109000055,140,135,5
109000056,123,419,-296
109000057,173,181,-8
109000058,1277,368,909
109000059,314,708,-394
109000060,479,180,299
109000061,1337,401,936
109000062,64,157,-93
109000063,134,145,-11
109000064,70,126,-56
109000065,48,283,-235
109000066,168,100,68
109000067,10,314,-304
109000068,490,6,484
109000069,658,16,642
109000070,13,823,-810
109000071,182,51,131
109000072,104,493,-389
109000073,37,43,-6
109000074,25,175,-150
109000075,74,362,-288
109000076,88,169,-81
109000077,350,317,33
109000078,36,74,-38
109000079,98,247,-149
109000080,107,109,-2
109000081,80,543,-463
109000082,324,230,94
109000083,137,778,-641
109000088,90,467,-377
109000089,217,23,194
109000090,136,466,-330
109000091,125,75,50
109000092,299,608,-309
109000093,108,125,-17
109000094,165,5,160
109000095,58,638,-580
109000096,304,144,160
109000097,57,105,-48
109000098,39,64,-25
109000099,397,272,125
109000100,117,467,-350
109000101,568,727,-159
109000102,192,816,-624
109000103,439,506,-67
109000104,627,503,124
109000105,287,1399,-1112
109000106,921,440,481
109000107,327,1762,-1435
109000108,941,352,589
109000109,291,1810,-1519
109000110,704,362,342
109000111,651,2056,-1405
109000112,248,91,157
109000113,127,105,22
109000114,80,324,-244
109000115,691,66,625
109000116,7,456,-449
109000117,98,92,6
109000118,13,309,-296
109000119,411,372,39
109000120,107,1216,-1109
109000121,258,95,163
109000122,54,1179,-1125
109000123,23,284,-261
109000124,279,287,-8
109000125,336,333,3
109000126,245,920,-675
109000127,544,221,323
109000128,262,2377,-2115
109000129,872,328,544
109000130,877,3709,-2832
109000131,780,452,328
109000132,835,3002,-2167
109000133,191,965,-774
109000134,485,1372,-887
109000135,812,1187,-375
109000136,214,334,-120
109000137,109,319,-210
109000138,217,438,-221
109000139,203,424,-221
109000140,94,902,-808
109000141,277,455,-178
109000142,87,511,-424
109000143,44,41,3
109000145,38,163,-125
109000146,79,59,20
109000148,3209,675,2534
109000149,10,25,-15
109000150,104,190,-86
109000155,275,443,-168
109000156,935,707,228
109000158,18,200,-182
109000159,28,590,-562
109000160,387,221,166
109000161,177,1198,-1021
109000162,1045,864,181
109000163,606,1545,-939
109000164,682,2568,-1886
109000165,756,559,197
109000166,313,108,205
109000167,80,878,-798
109000170,43,44,-1
109000171,57,48,9
109000172,39,76,-37
109000173,15,69,-54
109000174,28,60,-32
109000175,91,411,-320
109000176,175,232,-57
109000177,27,103,-76
109000178,290,431,-141
109000179,5848,1671,4177
109000180,3956,2203,1753
109000181,8,33,-25
109000182,25,47,-22
109000183,4,34,-30
109000184,22,25,-3
109000185,14,72,-58
109000188,318,2618,-2300
109000189,1312,794,518
109000190,267,504,-237
109000191,165,606,-441
109000192,143,165,-22
109000193,95,361,-266
109000194,68,105,-37
109000195,58,395,-337
109000196,70,66,4
109000197,100,482,-382
109000198,168,45,123
109000199,39,438,-399
109000206,115,10,105
109000207,86,21,65
109000208,54,46,8
109000209,121,91,30
109000210,203,492,-289
109000211,232,285,-53
109000214,227,1511,-1284
109000215,56,59,-3
109000216,143,100,43
109000217,70,73,-3
109000218,194,90,104
109000221,195,1093,-898
109000222,556,96,460
109000223,134,190,-56
109000224,39,372,-333
109000225,36,40,-4
109000226,31,307,-276
109000227,517,1191,-674
109000228,0,279,-279
109000231,1,446,-445
109000232,166,389,-223
109000236,149,673,-524
109000241,1201,1828,-627
109000242,825,1152,-327
109000293,41,167,-126
109000361,83,224,-141
109000364,124,535,-411
109000396,6,829,-823
109000397,186,1,185
109000399,117,502,-385
109000400,36,348,-312
109000403,88,657,-569
109000406,270,25,245
109000407,115,213,-98
109000408,0,792,-792
109000410,444,129,315
109000411,75,29,46
109900001,42,0,42
109900002,329,3,326
109900003,70,0,70
109900005,11,2,9
109900006,124,251,-127
109900007,249,955,-706
109900008,2,34,-32
109900009,57,826,-769
109900010,253,7,246
109900011,34,38,-4
109900012,137,125,12
109900013,202,89,113
109900015,202,92,110
109900017,15,15,0
109900018,55,59,-4
109900019,63,99,-36
109900020,8,19,-11
109900021,10,6,4
109900022,73,336,-263
109900023,5,0,5
109900024,2,2,0
109900025,1,60,-59
109900027,14,13,1
109900028,2211,437,1774
109900029,6,624,-618
109900030,10,2,8
109900031,0,74,-74
109900032,2,312,-310
109900033,1,500,-499
109900034,10,2,8
109900035,11,13,-2
109900036,12,78,-66
109900037,11,536,-525
109900038,54,184,-130
109900039,1,0,1
109900040,12,614,-602
109900041,26,528,-502
109900042,10,399,-389
109900044,43,260,-217
109900045,71,12,59
109900046,40,76,-36
109900047,258,292,-34
109900048,17,77,-60
109900049,4,19,-15
109900050,1,371,-370
109900051,1,76,-75
109900052,28,246,-218
109900053,5,620,-615
109900054,251,126,125
109900055,14,206,-192
109900056,13,119,-106
109900057,6,272,-266
109900058,0,157,-157
109900060,235,151,84
109900061,43,235,-192
109900062,0,294,-294
109900064,133,234,-101
109900065,83,87,-4
109900066,226,1040,-814
109900067,1,501,-500
109900068,14,8,6
109900069,1,23,-22
109900071,2,30,-28
109900072,10,115,-105
109900073,134,846,-712
109900074,8,35,-27
109900075,13,17,-4
109900076,33,520,-487
109900077,25,24,1
109900078,74,310,-236
109900080,84,293,-209
109900081,6,71,-65
109900082,31,450,-419
109900083,0,34,-34
109900084,35,110,-75
109900085,126,1157,-1031
109900086,62,177,-115
109900087,209,290,-81
109900089,266,90,176
109900092,220,10,210
109900093,351,82,269
109900094,33,87,-54
109900095,79,234,-155
109900096,4,1,3
109900097,45,1,44
109900098,142,11,131
109900099,115,0,115
109900100,11,0,11
109900101,202,1,201
109900102,251,18,233
109900103,141,75,66
109900104,207,1229,-1022
109900105,230,20,210
109900106,106,58,48
109900107,192,56,136
109900108,66,483,-417
109900109,20,176,-156
109900111,210,1226,-1016
109900114,327,250,77
109900115,83,70,13
109900117,323,69,254
109900121,309,206,103
109900123,4,197,-193
109900125,0,238,-238
109900126,70,177,-107
109900130,11364,873,10491
109900131,46,118,-72
109900132,28,161,-133
109900134,19,21,-2
109900135,419,83,336
109900137,38,375,-337
109900140,106,303,-197
109900149,27,47,-20
109900150,2,72,-70
109900151,3,59,-56
109900152,0,16,-16
109900153,0,41,-41
109900154,2,0,2
109900155,10,11,-1
109900157,36,231,-195
109900159,177,39,138
109900161,114,54,60
109900162,170,119,51
109900163,577,222,355
109900164,26,195,-169
109900165,127,1,126
109900166,2,141,-139
109900167,103,506,-403
109900168,95,628,-533
109900169,72,126,-54
109900170,181,355,-174
109900171,91,50,41
109900172,81,105,-24
109900173,3834,995,2839
109900174,38,133,-95
109900175,20,52,-32
109900176,42,171,-129
109900177,17,241,-224
109900178,0,91,-91
109900179,4,43,-39
109900180,0,17,-17
110000001,517,451,66
110000002,412,416,-4
110000003,743,590,153
110000004,380,403,-23
110000005,655,906,-251
110000006,585,312,273
110000007,74,152,-78
110000008,16,44,-28
110000009,15,30,-15
110000010,38,40,-2
110000011,17,111,-94
110000012,612,408,204
110000013,25,270,-245
110000014,560,367,193
110000015,243,391,-148
110000016,225,710,-485
110000017,3555,220,3335
110000018,3060,423,2637
110000019,15,126,-111
110000020,406,175,231
110000021,522,307,215
110000022,417,117,300
110000023,5,150,-145
110000024,407,361,46
110000025,69,1,68
110000026,4,508,-504
110000027,313,208,105
110000028,478,536,-58
110000029,394,814,-420
110000030,179,230,-51
110000031,153,530,-377
110000032,434,379,55
110000033,72,70,2
110000034,147,668,-521
110000035,252,940,-688
110000036,327,608,-281
110000037,70,556,-486
110000038,116,464,-348
110000039,484,1316,-832
110000040,195,363,-168
110000041,157,520,-363
110000042,97,268,-171
110000043,350,171,179
110000044,62,45,17
110000045,357,62,295
110000046,3,5,-2
110000047,10,10,0
110000048,9,5,4
110000049,17,7,10
110000050,8,9,-1
110000051,42,3,39
110000052,36,40,-4
110000053,47,2,45
110000054,121,188,-67
110000055,221,17,204
110000056,147,31,116
110000057,189,801,-612
110000058,481,419,62
110000059,460,511,-51
110000060,324,669,-345
110000061,758,847,-89
110000062,587,639,-52
110000063,13,76,-63
110000064,26,94,-68
110000065,28,77,-49
110000066,50,40,10
110000067,46,264,-218
110000068,70,579,-509
110000069,85,66,19
110000071,47,94,-47
110000073,0,23,-23
110000075,4,68,-64
110000076,252,138,114
110000077,471,379,92
110000078,14,37,-23
110000080,179,491,-312
110000081,5,225,-220
110000082,14,166,-152
110000083,168,509,-341
110000084,504,427,77
110000085,2567,1188,1379
110000086,1088,745,343
110000087,4,46,-42
110000088,24,182,-158
110000089,164,136,28
110000090,31,229,-198
110000091,1694,257,1437
110000092,13,62,-49
110000093,24,8,16
110000094,303,215,88
110000095,44,384,-340
110000096,3559,1387,2172
110000097,646,748,-102
110000098,1066,437,629
110000099,675,1086,-411
110000100,277,800,-523
110000101,22,420,-398
110000102,30,21,9
110000104,67,73,-6
110000105,41,225,-184
110000106,320,223,97
110000107,309,363,-54
110000108,99,29,70
110000109,211,223,-12
110000110,3999,2166,1833
110000111,7404,1629,5775
110000112,1232,335,897
110000113,565,906,-341
110000114,69,297,-228
110000115,158,208,-50
110000116,30,31,-1
110000117,92,540,-448
110000118,207,215,-8
110000119,105,323,-218
110000120,189,133,56
110000121,77,233,-156
110000122,168,483,-315
110000123,320,297,23
110000124,4,756,-752
110000125,585,0,585
110000126,172,15,157
110000127,360,25,335
110000128,24,1202,-1178
110000129,4,652,-648
110000130,90,79,11
110000131,97,479,-382
110000132,4,700,-696
110000133,27,209,-182
110000134,19,252,-233
110000135,135,17,118
110000136,35,285,-250
110000137,261,611,-350
110000138,284,795,-511
110000139,427,1373,-946
110000140,542,366,176
110000143,642,281,361
110000144,3527,694,2833
110000145,949,533,416
110000146,1128,441,687
110000147,151,608,-457
110000148,204,297,-93
110000151,557,403,154
110000152,548,242,306
110000153,39,93,-54
110000154,5,11,-6
110000155,1031,1875,-844
110000156,583,914,-331
110000157,934,1290,-356
110000160,240,355,-115
110000161,93,417,-324
110000166,139,114,25
110000167,359,317,42
110000168,573,242,331
110000169,433,241,192
110000170,74,51,23
110000171,417,164,253
110000172,98,723,-625
110000173,1037,1182,-145
110000174,58,1439,-1381
110000175,227,85,142
110000176,27,222,-195
110000177,118,612,-494
110000178,397,504,-107
110000179,1296,319,977
110000180,83,303,-220
110000181,125,272,-147
110000182,428,246,182
110000183,10213,3923,6290
110000184,609,1349,-740
110000185,650,457,193
110000186,528,506,22
110000191,258,355,-97
110000192,157,1,156
110000193,267,5,262
110000194,9,1397,-1388
110000195,180,374,-194
110000196,193,413,-220
110000197,17,200,-183
110000198,49,77,-28
110000199,26,82,-56
110000200,1073,562,511
110000201,308,424,-116
110000202,683,333,350
110000203,563,838,-275
110000204,1,355,-354
110000205,48,73,-25
110000206,463,1632,-1169
110000207,270,269,1
110000208,97,98,-1
110000209,77,830,-753
110000210,360,568,-208
110000211,390,652,-262
110000212,290,750,-460
110000213,69,52,17
110000214,102,107,-5
110000215,75,540,-465
110000216,35,606,-571
110000217,112,188,-76
110000218,92,394,-302
110000219,149,74,75
110000220,11,457,-446
110000221,108,66,42
110000222,21,321,-300
110000223,4,78,-74
110000224,98,12,86
110000225,141,487,-346
110000226,98,29,69
110000227,415,336,79
110000228,274,273,1
110000229,4,222,-218
110000230,340,551,-211
110000231,89,153,-64
110000232,65,169,-104
110000233,117,198,-81
110000234,422,273,149
110000235,862,666,196
110000236,225,841,-616
110000237,914,864,50
110000238,619,1044,-425
110000239,935,1147,-212
110000240,0,104,-104
110000242,0,22,-22
110000243,52,212,-160
110000244,78,347,-269
110000245,46,475,-429
110000246,399,606,-207
110000247,1319,3201,-1882
110000248,2160,1201,959
110000249,78,4,74
110000250,7,215,-208
110000251,64,397,-333
110000252,124,265,-141
110000253,695,325,370
110000254,589,1287,-698
110000255,122,1207,-1085
110000256,250,135,115
110000257,528,359,169
110000258,3,499,-496
110000259,41,13,28
110000260,15,399,-384
110000263,576,79,497
110000264,131,580,-449
110000265,754,1148,-394
110000266,1266,1502,-236
110000267,11,154,-143
110000268,183,466,-283
110000269,0,77,-77
110000270,24,0,24
110000271,1976,222,1754
110000272,606,780,-174
110000273,1747,955,792
110000274,133,626,-493
110000275,2771,348,2423
110000276,94,173,-79
110000277,65,355,-290
110000278,189,790,-601
110000279,421,584,-163
110000280,139,316,-177
110000281,16,119,-103
110000282,118,41,77
110000283,28,54,-26
110000284,48,38,10
110000285,1,134,-133
110000286,19,1,18
110000287,30,1,29
110000288,0,45,-45
110000289,371,1000,-629
110000290,1199,500,699
110000291,5478,1195,4283
110000292,966,2734,-1768
110000293,215,988,-773
110000294,384,727,-343
110000295,63,814,-751
110000296,179,269,-90
110000297,2262,198,2064
110000298,349,395,-46
110000299,569,16,553
110000301,82,7,75
110000302,180,1313,-1133
110000303,190,1,189
110000304,77,263,-186
110000305,373,5,368
110000306,85,1752,-1667
110000307,576,4,572
110000308,171,5,166
110000309,1,1166,-1165
110000310,327,64,263
110000311,9,773,-764
110000312,399,28,371
110000313,2265,1781,484
110000314,0,197,-197
110000315,2199,1323,876
110000316,539,966,-427
110000317,382,245,137
110000318,4,55,-51
110000319,14,11,3
110000320,25,53,-28
110000321,14,39,-25
110000322,135,450,-315
110000323,183,276,-93
110000324,4611,869,3742
110000325,1655,1629,26
110000327,213,123,90
110000328,140,443,-303
110000333,387,372,15
110000334,432,1230,-798
110000335,736,434,302
110000336,358,1244,-886
110000337,639,476,163
110000338,130,209,-79
110000339,90,256,-166
110000340,10,186,-176
110000341,169,536,-367
110000342,293,1,292
110000343,0,6,-6
110000344,49,140,-91
110000345,77,73,4
110000346,1725,909,816
110000347,734,582,152
110000348,3,30,-27
110000349,5,7,-2
110000350,22,4,18
110000351,370,694,-324
110000352,317,1172,-855
110000353,3039,625,2414
110000354,497,1370,-873
110000355,61,63,-2
110000356,504,9,495
110000357,147,8,139
110000361,7,81,-74
110000362,24,41,-17
110000363,114,117,-3
110000364,76,309,-233
110000365,101,1,100
110000366,0,64,-64
110000367,206,202,4
110000368,0,69,-69
110000369,24,1,23
110000373,1,302,-301
110000374,26,7,19
110000375,124,649,-525
110000376,25,111,-86
110000377,56,297,-241
110000378,28,238,-210
110000379,3555,878,2677
110000380,31,13,18
110000383,2,703,-701
110000384,1842,565,1277
110000385,2,133,-131
110000387,45,8,37
110000388,26,187,-161
110000389,312,3,309
110000391,138,315,-177
110000396,34,146,-112
110000397,35,168,-133
110000398,5,39,-34
110000399,107,1,106
110000587,34,31,3
110000589,145,172,-27
110000640,100,107,-7
110000652,10,96,-86
110000653,141,459,-318
110000654,9,31,-22
110000656,1,667,-666
110000674,16,10,6
110000675,61,15,46
110000676,0,52,-52
110000679,681,467,214
110000682,85,90,-5
110000683,285,450,-165
110000684,0,49,-49
110000685,10,0,10
110000686,4,42,-38
110000687,12,0,12
110000688,27,367,-340
110000689,20,42,-22
110000692,56,232,-176
110000693,92,175,-83
110000694,1,82,-81
110000695,102,636,-534
110000696,118,105,13
110900001,73,1,72
110900002,197,203,-6
110900003,205,916,-711
110900004,109,222,-113
110900005,3671,882,2789
110900006,15,5,10
110900007,44,9,35
110900008,10,76,-66
110900009,181,31,150
110900010,7,65,-58
110900011,9,91,-82
110900012,3,117,-114
110900013,436,112,324
110900014,110,4,106
110900015,803,337,466
110900016,12,224,-212
110900017,130,48,82
110900018,213,25,188
110900019,61,22,39
110900020,23,506,-483
110900021,42,593,-551
110900022,60,404,-344
110900023,67,540,-473
110900024,16,477,-461
110900025,3,39,-36
110900027,12,297,-285
110900028,21,158,-137
110900029,24,489,-465
110900030,15,353,-338
110900031,126,156,-30
110900032,0,80,-80
110900033,12,290,-278
110900035,20,357,-337
110900036,45,24,21
110900037,21,25,-4
110900038,1270,202,1068
110900039,7,201,-194
110900040,143,38,105
110900041,3,146,-143
110900042,40,41,-1
110900043,1,174,-173
110900044,246,18,228
110900045,31,621,-590
110900046,101,274,-173
110900047,689,75,614
110900049,20,23,-3
110900050,5,0,5
110900051,25,165,-140
110900052,5,167,-162
110900053,41,44,-3
110900054,14,360,-346
110900055,11,2,9
110900056,38,84,-46
110900057,2,204,-202
110900058,61,230,-169
110900059,431,722,-291
110900060,203,73,130
110900061,19,34,-15
110900062,60,272,-212
110900063,22,70,-48
110900064,3,0,3
110900065,416,76,340
110900066,1,34,-33
110900067,491,357,134
110900068,146,245,-99
110900069,91,93,-2
110900070,65,42,23
110900071,250,236,14
110900073,0,26,-26
110900074,118,80,38
110900075,140,46,94
110900077,192,307,-115
110900078,8,145,-137
110900079,2378,468,1910
110900080,47,50,-3
110900081,5,132,-127
110900082,43,190,-147
110900083,40,34,6
110900084,13,213,-200
110900085,28,284,-256
110900086,28,121,-93
110900087,118,46,72
110900088,5,0,5
110900090,20,19,1
110900091,0,58,-58
110900093,118,41,77
110900095,28,34,-6
110900097,3,25,-22
110900098,19,101,-82
110900099,50,570,-520
110900100,0,33,-33
110900102,24,14,10
110900105,599,371,228
110900108,5,124,-119
110900111,174,48,126
110900112,358,2,356
110900113,372,16,356
110900115,3,107,-104
110900116,253,1921,-1668
110900118,171,1160,-989
110900119,5020,204,4816
110900120,3,116,-113
110900121,33,0,33
110900122,143,114,29
110900125,147,154,-7
110900127,240,473,-233
110900128,400,231,169
110900129,264,248,16
110900130,984,246,738
110900131,69,32,37
110900132,143,21,122
110900133,31,297,-266
110900135,52,461,-409
110900136,169,7,162
110900138,0,0,0
110900139,23,0,23
110900140,1,0,1
110900141,318,109,209
110900142,25,173,-148
110900143,73,52,21
110900144,1,713,-712
110900145,52,9,43
110900146,222,29,193
110900147,207,184,23
110900148,1,337,-336
110900149,0,56,-56
110900150,7,25,-18
110900151,5,68,-63
110900152,7,379,-372
110900153,42,19,23
111000001,259,358,-99
111000002,534,692,-158
111000003,566,448,118
111000004,396,1329,-933
111000005,835,653,182
111000006,652,1563,-911
111000007,3587,1639,1948
111000008,3395,3018,377
111000009,302,804,-502
111000010,436,219,217
111000011,365,864,-499
111000012,493,297,196
111000013,238,1193,-955
111000014,693,483,210
111000017,86,432,-346
111000018,181,308,-127
111000020,1941,1988,-47
111000021,87,110,-23
111000023,54,177,-123
111000025,6101,1716,4385
111000029,51,113,-62
111000030,29,76,-47
111000031,1669,642,1027
111000032,411,163,248
111000033,205,116,89
111000034,266,190,76
111000037,2771,1529,1242
111000038,2686,2207,479
111000039,1108,2116,-1008
111000040,1149,2332,-1183
111000041,1443,1438,5
111000042,5637,2584,3053
111000043,1595,1245,350
111000044,904,517,387
111000045,1004,1276,-272
111000046,713,1022,-309
111000047,1258,1816,-558
111000049,286,484,-198
111000050,1838,1616,222
111000051,279,1108,-829
111000052,424,1321,-897
111000053,285,987,-702
111000054,181,1075,-894
111000055,963,1936,-973
111000056,105,638,-533
111000057,57,879,-822
111000058,133,115,18
111000059,171,296,-125
111000060,1878,556,1322
111000061,215,282,-67
111000062,375,200,175
111000063,1204,651,553
111000064,315,430,-115
111000065,600,622,-22
111000066,210,236,-26
111000067,269,545,-276
111000068,248,560,-312
111000069,1345,1730,-385
111000070,2137,1053,1084
111000071,189,708,-519
111000072,501,271,230
111000073,147,526,-379
111000074,1042,1078,-36
111000075,448,620,-172
111000076,169,700,-531
111000077,883,1105,-222
111000078,1524,998,526
111000079,1153,635,518
111000080,338,567,-229
111000081,1898,2347,-449
111000082,402,638,-236
111000084,451,439,12
111000085,719,1476,-757
111000086,2618,1260,1358
111000087,639,840,-201
111000088,4374,1403,2971
111000089,455,789,-334
111000090,976,1321,-345
111000091,533,699,-166
111000092,704,1070,-366
111000093,359,532,-173
111000094,1299,705,594
111000095,717,1451,-734
111000096,2298,5300,-3002
111000097,5582,934,4648
111000098,393,1145,-752
111000099,304,2473,-2169
111000100,237,2355,-2118
111000101,303,751,-448
111000102,83,729,-646
111000104,185,194,-9
111000107,40,770,-730
111000109,212,204,8
111000110,598,465,133
111000111,856,382,474
111000112,748,211,537
111000113,442,444,-2
111000114,1416,1146,270
111000115,6846,748,6098
111000116,689,597,92
111000117,373,641,-268
111000118,1197,796,401
111000119,565,1359,-794
111000120,265,427,-162
111000121,177,440,-263
111000122,269,981,-712
111000123,614,3040,-2426
111000124,274,3566,-3292
111000125,118,2004,-1886
111000126,52,1021,-969
111000127,400,184,216
111000128,613,296,317
111000129,1099,393,706
111000130,858,567,291
111000131,644,428,216
111000132,434,305,129
111000133,64,153,-89
111000134,80,126,-46
111000135,18,67,-49
111000136,160,211,-51
111000138,3,2,1
111000140,0,2,-2
111000141,167,276,-109
111000142,12,116,-104
111000143,7,84,-77
111000144,14,100,-86
111000145,535,3,532
111000146,28,4,24
111000147,278,21,257
111000148,109,66,43
111000149,2,24,-22
111000150,2,2,0
111000151,4,14,-10
111000153,504,565,-61
111000154,664,178,486
111000155,100,119,-19
111000156,341,290,51
111000157,108,374,-266
111000158,685,433,252
111000159,2448,470,1978
111000160,200,397,-197
111000161,7,215,-208
111000162,3,147,-144
111000163,346,644,-298
111000164,626,1873,-1247
111000165,1116,392,724
111000166,1335,263,1072
111000167,164,452,-288
111000168,170,435,-265
111000169,270,467,-197
111000170,435,448,-13
111000171,362,899,-537
111000172,80,763,-683
111000173,131,1483,-1352
111000174,84,583,-499
111000175,40,234,-194
111000176,94,176,-82
111000177,145,231,-86
111000178,422,359,63
111000179,106,237,-131
111000180,142,375,-233
111000181,468,270,198
111000182,111,149,-38
111000183,131,250,-119
111000184,201,188,13
111000185,252,424,-172
111000186,141,287,-146
111000187,52,276,-224
111000188,116,421,-305
111000189,1560,532,1028
111000190,166,447,-281
111000191,119,499,-380
111000192,183,739,-556
111000193,361,395,-34
111000194,13,481,-468
111000195,53,502,-449
111000196,25,330,-305
111000197,178,177,1
111000198,262,95,167
111000199,53,138,-85
111000200,105,314,-209
111000201,225,218,7
111000202,141,182,-41
111000203,147,184,-37
111000204,279,394,-115
111000213,107,350,-243
111000214,1017,1716,-699
111000215,652,1449,-797
111000217,726,651,75
111000218,655,735,-80
111000219,352,218,134
111000220,2490,415,2075
111000221,629,116,513
111000224,106,332,-226
111000225,225,172,53
111000226,122,2,120
111000227,39,1,38
111000228,2,153,-151
111000229,19,292,-273
111000230,191,458,-267
111000231,415,1263,-848
111000232,197,682,-485
111000233,285,673,-388
111000234,45,180,-135
111000239,96,152,-56
111000240,4,69,-65
111000241,30,362,-332
111000242,45,52,-7
111000243,47,833,-786
111000244,107,64,43
111000245,389,579,-190
111000246,153,672,-519
111000247,151,1101,-950
111000248,250,351,-101
111000249,330,856,-526
111000250,17,102,-85
111000251,15,115,-100
111000253,8,5,3
111000255,17,5,12
111000257,26,16,10
111000260,32,1208,-1176
111000261,353,74,279
111000271,55,330,-275
111000273,5921,1384,4537
111000274,848,1270,-422
111000275,96,81,15
111000276,212,2347,-2135
111000277,74,377,-303
111000278,344,183,161
111000291,475,2227,-1752
111000298,213,239,-26
111000299,349,87,262
111000300,42,558,-516
111000302,125,72,53
111000303,75,262,-187
111000312,50,61,-11
111000315,32,310,-278
111000320,246,532,-286
111000321,115,51,64
111000322,149,532,-383
111000323,109,18,91
111000324,519,310,209
111000325,18,40,-22
111000326,68,343,-275
111000327,240,598,-358
111000328,118,335,-217
111000329,2,15,-13
111000330,17,5,12
111000331,11,8,3
111000332,227,1019,-792
111000334,274,1441,-1167
111000335,253,133,120
111000337,333,356,-23
111000338,11,130,-119
111000339,127,526,-399
111000340,42,814,-772
111000341,557,214,343
111000342,86,322,-236
111000344,532,567,-35
111000345,275,39,236
111000346,28,79,-51
111000347,35,2,33
111000350,114,134,-20
111000351,81,194,-113
111000352,108,104,4
111000353,78,167,-89
111000354,319,130,189
111000355,381,486,-105
111000358,65,1812,-1747
111000360,83,898,-815
111000361,74,403,-329
111000546,211,615,-404
111000547,165,673,-508
111000548,37,184,-147
111000549,120,408,-288
111000550,81,311,-230
111000551,576,89,487
111000552,387,69,318
111000907,168,21,147
111000908,17,1,16
111000916,472,184,288
111000917,11,331,-320
111000918,80,1109,-1029
111000920,181,5,176
111000921,2,390,-388
111000922,153,282,-129
111000924,59,936,-877
111000925,1066,1395,-329
111000926,788,2576,-1788
111000927,2414,2787,-373
111000928,4924,3594,1330
111000929,597,686,-89
111000930,455,2176,-1721
111000931,1102,1206,-104
111000932,2942,2048,894
111000933,2512,1394,1118
111000934,1911,2431,-520
111000935,592,807,-215
111000936,637,2102,-1465
111000937,591,901,-310
111000938,1369,2530,-1161
111000939,144,36,108
111000940,189,206,-17
111000941,107,646,-539
111000943,112,210,-98
111000944,67,553,-486
111000945,36,2298,-2262
111001109,203,154,49
111001110,143,614,-471
111001111,14,3,11
111001112,84,0,84
111001113,4,114,-110
111001114,1255,83,1172
111001115,112,273,-161
111001116,4984,1553,3431
111001117,660,675,-15
111001120,80,321,-241
111001121,107,314,-207
111001122,152,654,-502
111001123,61,147,-86
111001124,64,413,-349
111001125,1,32,-31
111001126,0,0,0
111001127,0,68,-68
111001128,212,525,-313
111900001,3,301,-298
111900002,0,694,-694
111900003,2,336,-334
111900004,17,129,-112
111900006,3,9,-6
111900007,31,2,29
111900008,33,1,32
111900009,29,0,29
111900010,223,464,-241
111900012,87,78,9
111900013,3,55,-52
111900014,6990,1540,5450
111900015,1,72,-71
111900016,0,165,-165
111900017,1,145,-144
111900018,39,0,39
111900019,2,66,-64
111900020,2,40,-38
111900021,31,65,-34
111900022,8,59,-51
111900023,113,58,55
111900024,1,81,-80
111900025,0,35,-35
111900026,0,107,-107
111900027,7,174,-167
111900028,10,473,-463
111900029,0,79,-79
111900030,39,335,-296
111900032,2,414,-412
111900033,6,98,-92
111900034,193,631,-438
111900035,6,214,-208
111900036,1,388,-387
111900038,302,587,-285
111900039,31,400,-369
111900040,5,707,-702
111900042,33,69,-36
111900043,2,514,-512
111900044,231,224,7
111900046,37,209,-172
111900048,65,943,-878
111900049,18,237,-219
111900050,42,15,27
111900051,0,355,-355
111900052,334,438,-104
111900053,1335,316,1019
111900054,40,3,37
111900055,19,703,-684
111900056,149,83,66
111900057,26,48,-22
111900058,157,909,-752
111900059,2337,220,2117
111900060,183,2,181
111900061,18,340,-322
111900062,9,12,-3
111900063,80,183,-103
111900064,120,220,-100
111900065,34,16,18
111900066,78,80,-2
111900067,0,319,-319
111900068,11,7,4
111900069,17,12,5
111900070,38,132,-94
111900071,1,249,-248
111900072,13,3,10
111900073,198,41,157
111900074,9,174,-165
111900075,21,1,20
111900076,42,16,26
111900077,9,1,8
111900078,61,7,54
111900079,25,6,19
111900080,158,77,81
111900082,60,4,56
111900083,27,2,25
111900084,11,0,11
111900085,12,33,-21
111900086,42,0,42
111900087,8,2,6
111900088,175,2,173
111900089,22,0,22
111900090,35,9,26
111900091,98,0,98
111900092,23,0,23
111900093,142,4,138
111900094,14,0,14
111900095,57,9,48
111900096,55,3,52
111900097,6,1,5
111900098,50,0,50
111900099,11,0,11
111900100,46,1,45
111900101,30,5,25
111900102,136,797,-661
111900103,40,39,1
111900104,55,59,-4
111900105,152,73,79
111900106,1134,33,1101
111900110,2654,186,2468
111900111,23,223,-200
111900112,609,817,-208
111900113,264,80,184
111900118,97,22,75
111900119,144,39,105
111900122,56,7,49
111900123,15,25,-10
111900124,22,96,-74
111900125,138,13,125
111900126,84,1,83
111900127,2,565,-563
111900128,2,657,-655
111900129,50,8,42
111900130,41,6,35
111900131,131,1,130
111900132,17,1294,-1277
111900133,7,325,-318
111900134,26,301,-275
111900135,6,5,1
111900136,46,52,-6
111900137,40,46,-6
111900138,5,104,-99
111900139,2,133,-131
111900140,18,10,8
111900141,19,6,13
111900142,39,17,22
111900143,7,251,-244
111900144,0,121,-121
111900145,0,672,-672
111900146,3,401,-398
111900147,127,606,-479
111900148,18,823,-805
111900149,5,358,-353
111900150,25,148,-123
111900151,2,11,-9
111900152,58,42,16
111900153,1448,216,1232
111900154,5,104,-99
111900155,38,24,14
111900156,24,12,12
111900157,28,9,19
111900158,167,8,159
111900159,81,5,76
111900160,102,0,102
111900161,40,1,39
111900162,793,178,615
111900163,35,222,-187
111900164,84,24,60
111901113,114,244,-130
111901114,68,256,-188
111901115,26,0,26
111901116,13,2,11
111901117,7,21,-14
111901118,97,91,6
111901119,1057,50,1007
111901121,116,334,-218
111901122,2,597,-595
111901123,72,384,-312
111901124,46,0,46
111901125,103,182,-79
111901127,638,106,532
111901129,3,70,-67
111901130,20,361,-341
111901131,1,293,-292
111901132,66,15,51
111901133,22,2,20
111901134,17,0,17
111901135,8,0,8
111901136,15,8,7
111901138,53,39,14
111901139,24,47,-23
111901140,1,115,-114
111901141,2,208,-206
111901142,6,291,-285
111901143,7,250,-243
111901144,18,26,-8
111901145,133,108,25
111901146,287,8,279
111901147,986,55,931
111901148,11,28,-17
111901149,5,1,4
111901150,10,1,9
111901151,0,0,0
111901152,3,19,-16
112000001,926,602,324
112000002,616,2288,-1672
112000003,374,736,-362
112000004,407,1459,-1052
112000005,1296,1270,26
112000006,1155,1656,-501
112000007,1152,1071,81
112000008,1586,2647,-1061
112000009,3496,3178,318
112000010,1391,1854,-463
112000011,1229,1960,-731
112000012,3584,1420,2164
112000013,4326,2670,1656
112000014,1800,557,1243
112000015,2271,1823,448
112000016,2616,622,1994
112000017,1325,954,371
112000024,1743,486,1257
112000026,4083,4546,-463
112000027,590,335,255
112000028,1508,1599,-91
112000029,191,383,-192
112000030,163,75,88
112000031,934,1907,-973
112000032,388,39,349
112000033,1283,634,649
112000034,191,24,167
112000035,53,174,-121
112000036,605,415,190
112000037,594,710,-116
112000038,593,669,-76
112000039,26,73,-47
112000040,121,274,-153
112000041,428,459,-31
112000042,773,263,510
112000050,464,956,-492
112000051,452,578,-126
112000054,1337,2350,-1013
112000057,390,235,155
112000058,253,324,-71
112000059,399,383,16
112000061,4761,1334,3427
112000062,1908,431,1477
112000063,1529,537,992
112000064,4350,5024,-674
112000065,2162,2452,-290
112000066,2527,821,1706
112000067,646,605,41
112000068,1622,1116,506
112000069,576,1797,-1221
112000070,1188,466,722
112000071,543,2885,-2342
112000072,767,723,44
112000073,981,1542,-561
112000074,720,603,117
112000075,664,768,-104
112000076,2425,2727,-302
112000077,278,591,-313
112000078,684,621,63
112000079,744,1226,-482
112000080,359,767,-408
112000081,970,1561,-591
112000082,767,507,260
112000083,396,1335,-939
112000084,661,562,99
112000085,697,1241,-544
112000086,913,1550,-637
112000087,237,838,-601
112000088,245,703,-458
112000089,149,273,-124
112000090,118,375,-257
112000091,477,1084,-607
112000092,871,742,129
112000093,1194,1012,182
112000094,296,672,-376
112000095,423,653,-230
112000096,237,580,-343
112000097,482,347,135
112000098,527,1410,-883
112000099,366,479,-113
112000100,634,752,-118
112000101,330,868,-538
112000102,480,442,38
112000103,181,1149,-968
112000105,479,2287,-1808
112000106,706,393,313
112000107,39,121,-82
112000108,158,1795,-1637
112000109,75,91,-16
112000110,976,405,571
112000111,1110,3511,-2401
112000112,1945,393,1552
112000113,724,1858,-1134
112000114,1171,675,496
112000115,150,457,-307
112000116,217,890,-673
112000117,431,827,-396
112000118,548,785,-237
112000119,264,891,-627
112000120,54,319,-265
112000121,34,678,-644
112000122,133,123,10
112000123,283,117,166
112000124,175,34,141
112000125,96,77,19
112000126,95,715,-620
112000127,1937,874,1063
112000128,1001,403,598
112000129,74,97,-23
112000130,73,44,29
112000131,18,349,-331
112000132,53,306,-253
112000133,150,271,-121
112000134,297,399,-102
112000135,517,544,-27
112000136,772,1146,-374
112000137,732,1050,-318
112000138,960,1005,-45
112000139,689,186,503
112000140,819,924,-105
112000141,309,165,144
112000142,126,907,-781
112000143,438,186,252
112000144,206,1720,-1514
112000145,1113,635,478
112000146,490,2263,-1773
112000147,1132,1110,22
112000148,1316,2348,-1032
112000149,157,759,-602
112000150,112,664,-552
112000151,286,527,-241
112000152,138,330,-192
112000153,211,252,-41
112000154,81,123,-42
112000155,135,87,48
112000157,400,334,66
112000158,116,626,-510
112000159,198,298,-100
112000167,99,21,78
112000169,274,243,31
112000173,273,191,82
112000175,168,303,-135
112000176,4123,1437,2686
112000177,213,77,136
112000178,25,444,-419
112000179,128,146,-18
112000180,176,239,-63
112000181,761,1753,-992
112000182,405,1781,-1376
112000183,31,36,-5
112000184,145,431,-286
112000185,161,549,-388
112000187,1924,1676,248
112000195,59,8,51
112000196,62,0,62
112000197,55,81,-26
112000198,23,359,-336
112000199,715,712,3
112000202,120,0,120
112000216,50,168,-118
112000230,18,2,16
112000231,1,345,-344
112000256,27,123,-96
112000313,106,136,-30
112000314,6,15,-9
112000337,161,436,-275
112000352,137,149,-12
112000392,1432,945,487
112000398,592,614,-22
112000399,2056,1095,961
112000400,1465,3890,-2425
112000401,2364,2520,-156
112000402,1015,1527,-512
112000403,1455,1268,187
112000404,276,447,-171
112000405,976,1879,-903
112000406,2902,3150,-248
112000407,2779,4299,-1520
112000408,7033,6641,392
112000409,1280,4542,-3262
112000410,187,85,102
112000411,4651,570,4081
112000412,833,223,610
112000413,8699,1709,6990
112000414,58,121,-63
112000415,62,44,18
112000416,1163,1103,60
112000417,160,62,98
112000421,23,130,-107
112000422,196,543,-347
112000424,2277,1282,995
112000425,292,1382,-1090
112000426,59,234,-175
112000427,0,10,-10
112000428,45,481,-436
112000429,1536,2429,-893
112000430,1333,2566,-1233
112000431,25,66,-41
112000432,421,2210,-1789
112000433,435,501,-66
112000437,25,333,-308
112900001,17,2,15
112900002,124,1258,-1134
112900003,22,268,-246
112900004,20,461,-441
112900005,67,216,-149
112900007,6,145,-139
112900008,8,5,3
112900009,257,42,215
112900010,161,677,-516
112900011,326,232,94
112900012,0,31,-31
112900013,0,111,-111
112900014,0,297,-297
112900015,284,731,-447
112900016,2,278,-276
112900017,26,210,-184
112900018,46,750,-704
112900019,33,130,-97
112900020,300,1208,-908
112900021,3,413,-410
112900022,6,53,-47
112900023,0,299,-299
112900024,10,208,-198
112900025,39,205,-166
112900026,3,252,-249
112900027,6,1381,-1375
112900028,11,114,-103
112900029,12,623,-611
112900030,273,172,101
112900031,4,480,-476
112900032,78,203,-125
112900034,0,24,-24
112900035,9,529,-520
112900036,24,123,-99
112900037,159,104,55
112900038,210,75,135
112900039,25,374,-349
112900040,3,244,-241
112900041,943,465,478
112900042,28,420,-392
112900043,24,36,-12
112900044,569,264,305
112900045,441,254,187
112900046,238,60,178
112900047,8,7,1
112900049,51,67,-16
112900050,41,370,-329
112900051,239,593,-354
112900052,4,1011,-1007
112900053,270,63,207
112900054,197,17,180
112900055,96,16,80
112900056,137,88,49
112900057,4,759,-755
112900058,238,89,149
112900059,72,96,-24
112900060,4,221,-217
112900061,43,108,-65
112900062,32,125,-93
112900063,97,5,92
112900064,153,165,-12
112900065,17,4,13
112900066,85,56,29
112900067,464,122,342
112900068,11,13,-2
112900069,2221,315,1906
112900071,9,1,8
112900072,164,516,-352
112900073,136,15,121
112900074,38,62,-24
112900075,1838,375,1463
112900076,72,6,66
112900078,138,163,-25
112900079,98,9,89
112900080,41,1,40
112900081,14,110,-96
112900082,174,12,162
112900083,28,32,-4
112900084,73,31,42
112900086,24,0,24
112900087,206,38,168
112900088,39,10,29
112900089,255,6,249
112900090,3,11,-8
112900091,43,3,40
112900092,80,80,0
112900093,603,7,596
112900095,17,1,16
112900096,144,53,91
112900097,28,371,-343
112900098,45,0,45
112900099,267,2,265
112900100,22,0,22
112900101,82,1,81
112900102,53,3,50
112900103,79,2,77
112900104,195,0,195
112900105,1,0,1
112900106,278,58,220
112900107,2,2,0
112900108,44,0,44
112900109,33,0,33
112900110,331,7,324
112900111,278,0,278
112900112,88,2,86
112900113,0,3,-3
112900114,22,23,-1
112900115,294,0,294
112900116,33,33,0
112900117,147,116,31
112900118,21,62,-41
112900119,43,14,29
112900120,671,153,518
112900121,200,143,57
112900122,16,140,-124
112900123,102,12,90
112900124,6,118,-112
112900125,39,207,-168
112900126,100,184,-84
112900127,149,37,112
112900128,373,714,-341
112900129,3,813,-810
112900130,148,61,87
112900131,42,261,-219
112900132,48,516,-468
112900133,23,1035,-1012
112900134,0,266,-266
112900135,40,29,11
112900137,11,678,-667
112900138,3,453,-450
112900139,145,1029,-884
112900141,210,15,195
112900142,77,38,39
112900143,44,644,-600
112900144,12,1098,-1086
112900145,61,375,-314
112900146,4,1425,-1421
112900147,6,2541,-2535
112900148,15,0,15
112900149,141,405,-264
112900151,14,24,-10
112900152,4628,746,3882
112900153,1328,790,538
112900154,0,88,-88
112900155,48,3,45
112900156,92,1458,-1366
112900157,107,338,-231
112900158,21,11,10
112900159,105,38,67
112900160,30,218,-188
112900161,45,28,17
112900162,15,12,3
112900163,115,15,100
112900164,12,93,-81
112900165,77,13,64
112900166,10,36,-26
112900167,0,18,-18
112900168,0,2,-2
112900169,9,5,4
112900170,28,107,-79
112900172,55,6,49
112900173,214,64,150
112900174,155,8,147
112900175,110,65,45
112900176,10,16,-6
112900177,118,19,99
112900178,390,912,-522
112900179,39,506,-467
112900180,548,1908,-1360
112900181,146,1,145
112900182,24,1380,-1356
112900183,108,198,-90
112900184,287,217,70
112900185,165,304,-139
112900186,1176,385,791
112900187,49,217,-168
112900188,512,187,325
112900189,3,11,-8
112900190,3,18,-15
112900192,259,188,71
112900193,668,183,485
112900194,20,51,-31
112900195,354,18,336
112900196,142,434,-292
112900197,57,306,-249
112900199,118,343,-225
112900200,224,207,17
112900201,49,50,-1
112900202,146,887,-741
112900203,61,312,-251
112900204,677,252,425
112900205,1,11,-10
112900206,1,34,-33
112900207,6,0,6
112900208,72,75,-3
112900209,350,358,-8
112900210,0,7,-7
112900211,27,38,-11
112900212,0,79,-79
112900213,4,4,0
112900214,17,4,13
112900215,4,252,-248
112900216,25,32,-7
112900217,0,68,-68
112900218,12,1,11
112900219,41,70,-29
112900220,8,0,8
112900221,9,155,-146
112900222,1,25,-24
112900223,232,3,229
112900224,112,674,-562
112900225,143,600,-457
112900226,127,153,-26
112900227,128,1043,-915
112900228,36,17,19
112900229,36,42,-6
112900230,6291,2028,4263
112900232,155,95,60
112900233,36,175,-139
112900234,1,82,-81
112900235,27,10,17
112900236,67,11,56
112900237,67,370,-303
112900238,0,25,-25
112900239,392,231,161
112900240,0,129,-129
112900241,2,182,-180
112900242,1,296,-295
112900243,12,303,-291
112900244,0,158,-158
112900245,0,40,-40
112900246,4,10,-6
112900247,159,24,135
112900248,16,2,14
112900249,27,6,21
112900250,22,35,-13
112900251,9,10,-1
112900252,22,40,-18
112900253,13,19,-6
112900254,2,7,-5
112900255,0,21,-21
112900256,6,12,-6
112900257,13,5,8
112900258,6,30,-24
113000001,3600,4227,-627
113000002,2932,3146,-214
113000003,1511,1700,-189
113000004,1676,1841,-165
113000005,1016,844,172
113000006,782,1078,-296
113000007,1152,1124,28
113000008,1045,1532,-487
113000009,568,761,-193
113000010,623,1319,-696
113000011,555,1393,-838
113000012,763,606,157
113000013,714,402,312
113000014,1401,1302,99
113000015,429,171,258
113000016,261,287,-26
113000017,13,207,-194
113000018,156,41,115
113000019,11,263,-252
113000020,70,6,64
113000021,818,533,285
113000022,420,1204,-784
113000025,67,181,-114
113000026,167,293,-126
113000027,771,294,477
113000028,700,296,404
113000029,564,550,14
113000030,421,551,-130
113000031,313,208,105
113000032,229,166,63
113000033,243,274,-31
113000034,369,267,102
113000035,42,29,13
113000036,10,29,-19
113000037,52,22,30
113000038,7,44,-37
113000039,53,374,-321
113000040,38,56,-18
113000042,720,510,210
113000051,475,1461,-986
113000052,1925,866,1059
113000053,221,490,-269
113000054,156,623,-467
113000055,571,917,-346
113000056,437,1400,-963
113000058,547,940,-393
113000059,1081,544,537
113000060,87,625,-538
113000061,494,608,-114
113000062,1020,139,881
113000063,81,189,-108
113000064,16,388,-372
113000065,119,1108,-989
113000066,266,98,168
113000067,871,1073,-202
113000068,362,2068,-1706
113000069,311,1424,-1113
113000070,849,672,177
113000071,182,608,-426
113000072,315,309,6
113000073,382,1299,-917
113000074,721,257,464
113000075,1544,463,1081
113000076,993,1543,-550
113000077,1118,317,801
113000078,761,1294,-533
113000079,612,504,108
113000080,564,406,158
113000081,558,605,-47
113000082,776,545,231
113000083,431,567,-136
113000084,1192,842,350
113000085,525,476,49
113000086,814,1026,-212
113000087,840,689,151
113000088,1532,919,613
113000089,830,1074,-244
113000090,212,310,-98
113000091,556,251,305
113000094,597,141,456
113000095,221,982,-761
113000096,157,843,-686
113000097,427,253,174
113000098,39,23,16
113000099,648,226,422
113000100,101,360,-259
113000101,312,515,-203
113000102,359,233,126
113000103,2287,550,1737
113000104,296,2032,-1736
113000105,368,419,-51
113000106,246,519,-273
113000107,425,819,-394
113000108,709,1400,-691
113000109,375,2660,-2285
113000110,1172,419,753
113000111,180,512,-332
113000112,294,323,-29
113000113,1469,328,1141
113000114,289,857,-568
113000116,532,249,283
113000117,645,120,525
113000118,116,215,-99
113000119,158,259,-101
113000120,16,144,-128
113000121,313,715,-402
113000124,120,115,5
113000125,27,438,-411
113000127,3034,393,2641
113000128,344,325,19
113000129,369,1112,-743
113000133,3509,741,2768
113000134,4,811,-807
113000135,2386,2049,337
113000137,1846,1311,535
113000139,299,115,184
113000140,121,229,-108
113000141,212,81,131
113000142,534,680,-146
113000143,205,146,59
113000144,237,531,-294
113000145,28,110,-82
113000146,98,75,23
113000147,103,95,8
113000148,45,162,-117
113000149,52,92,-40
113000150,377,273,104
113000151,85,61,24
113000152,43,112,-69
113000153,1529,332,1197
113000154,452,910,-458
113000155,172,300,-128
113000156,107,281,-174
113000157,231,558,-327
113000158,318,161,157
113000159,595,376,219
113000160,494,896,-402
113000161,182,518,-336
113000162,341,224,117
113000163,52,38,14
113000164,28,79,-51
113000166,72,57,15
113000167,21,153,-132
113000168,68,178,-110
113000169,74,43,31
113000170,67,61,6
113000171,57,70,-13
113000172,160,52,108
113000173,39,20,19
113000174,95,515,-420
113000175,223,112,111
113000176,328,111,217
113000177,117,361,-244
113000178,209,476,-267
113000179,186,103,83
113000180,379,1297,-918
113000181,695,992,-297
113000182,166,247,-81
113000183,163,437,-274
113000184,38,102,-64
113000189,374,503,-129
113000190,1079,357,722
113000192,2450,1080,1370
113000193,4320,823,3497
113000194,2084,898,1186
113000195,2174,408,1766
113000196,99,85,14
113000197,1029,606,423
113000198,25,212,-187
113000199,508,279,229
113000201,559,155,404
113000202,2877,1780,1097
113000203,450,135,315
113000204,1756,881,875
113000205,16,23,-7
113000206,6,20,-14
113000207,61,22,39
113000208,13,34,-21
113000209,8,35,-27
113000210,6,27,-21
113000211,284,144,140
113000212,215,23,192
113000213,23,96,-73
113000214,88,221,-133
113000234,138,1130,-992
113000410,53,87,-34
113000411,2191,3621,-1430
113000412,9788,1709,8079
113000413,3560,1871,1689
113000414,9202,7302,1900
113000415,2036,1963,73
113000416,8506,2865,5641
113000417,2447,2169,278
113000418,3057,2254,803
113000419,1283,1254,29
113000420,3323,2712,611
113000421,3329,3552,-223
113000422,13762,6315,7447
113000423,2050,2969,-919
113000424,3873,5946,-2073
113000425,8,70,-62
113000428,58,2,56
113000430,12,15,-3
113000432,1011,122,889
113000433,122,940,-818
113000434,10,300,-290
113000435,13,751,-738
113000436,36,1337,-1301
113000437,288,13,275
113000438,98,24,74
113000439,12,165,-153
113000440,76,23,53
113000441,90,240,-150
113000442,102,268,-166
113000443,55,232,-177
113000444,65,330,-265
113000445,51,119,-68
113000446,14,82,-68
113000448,266,86,180
113000449,195,871,-676
113000450,573,2558,-1985
113000451,1749,140,1609
113000452,409,429,-20
113000453,189,241,-52
113000454,1119,25,1094
113000455,83,106,-23
113000456,3000,1451,1549
113000468,2448,243,2205
113000469,174,67,107
113000470,426,43,383
113000471,9,279,-270
113000472,91,238,-147
113000474,290,648,-358
113000475,1013,1598,-585
113000476,632,1509,-877
113000477,1445,1737,-292
113000478,2943,5239,-2296
113000479,19,255,-236
113000484,0,0,0
113000485,2,0,2
113000486,5,0,5
113000487,0,0,0
113000488,0,0,0
113000489,0,0,0
113000490,0,0,0
113000491,2,5,-3
113000492,2,0,2
113000493,0,0,0
113000495,176,183,-7
113000496,74,82,-8
113000499,0,0,0
113900001,5,109,-104
113900002,0,132,-132
113900003,0,117,-117
113900004,2,27,-25
113900005,0,22,-22
113900006,0,36,-36
113900007,59,0,59
113900008,74,1,73
113900009,319,4,315
113900010,198,2,196
113900011,46,1,45
113900012,6,0,6
113900013,821,4,817
113900014,502,4,498
113900015,7,37,-30
113900016,8,0,8
113900017,1,43,-42
113900018,392,68,324
113900019,21,30,-9
113900020,45,0,45
113900022,8,0,8
113900023,4,0,4
113900024,26,70,-44
113900025,249,5,244
113900026,26,0,26
113900027,1,56,-55
113900028,11,409,-398
113900029,37,268,-231
113900030,142,0,142
113900031,0,0,0
113900032,5,0,5
113900033,57,78,-21
113900035,34,0,34
113900036,7,100,-93
113900037,28,534,-506
113900038,84,76,8
113900039,60,1,59
113900040,5,3,2
113900041,1,0,1
113900042,57,43,14
113900043,153,72,81
113900044,114,41,73
113900045,21,2,19
113900046,198,614,-416
113900047,18,156,-138
113900048,257,34,223
113900049,650,132,518
113900050,112,320,-208
113900051,107,314,-207
113900052,136,119,17
113900053,283,207,76
113900054,6,1,5
113900055,69,431,-362
113900056,41,122,-81
113900057,5,92,-87
113900058,33,184,-151
113900059,106,289,-183
113900060,71,159,-88
113900061,664,320,344
113900062,39,12,27
113900063,29,116,-87
113900064,11,123,-112
113900065,439,10,429
113900066,138,392,-254
113900067,38,313,-275
113900068,327,222,105
113900069,51,11,40
113900070,175,368,-193
113900071,37,53,-16
113900072,47,125,-78
113900073,71,312,-241
113900074,16,333,-317
113900075,711,742,-31
113900076,84,6,78
113900077,15,180,-165
113900078,23,42,-19
113900079,0,28,-28
113900080,205,111,94
113900081,26,157,-131
113900082,73,187,-114
113900083,107,563,-456
113900084,142,65,77
113900085,26,273,-247
113900086,6,13,-7
113900087,15,192,-177
113900088,38,54,-16
113900089,291,31,260
113900090,304,183,121
113900091,14,15,-1
113900092,26,44,-18
113900093,40,359,-319
113900094,194,398,-204
113900095,41,68,-27
113900096,82,37,45
113900097,3,105,-102
113900098,278,45,233
113900099,2,38,-36
113900100,0,0,0
113900101,21,35,-14
113900102,101,62,39
113900103,116,145,-29
113900104,59,115,-56
113900105,35,372,-337
113900106,2,72,-70
113900107,0,7,-7
113900108,134,160,-26
113900109,210,74,136
113900110,21,11,10
113900111,63,68,-5
113900112,155,104,51
113900113,381,339,42
113900114,0,105,-105
113900115,0,55,-55
113900116,63,97,-34
113900117,45,10,35
113900118,131,210,-79
113900119,238,214,24
113900120,54,21,33
113900121,41,39,2
113900122,209,1027,-818
113900123,328,134,194
113900124,3,24,-21
113900125,1035,122,913
113900126,76,23,53
113900127,123,259,-136
113900128,76,53,23
113900129,1,86,-85
113900130,0,4,-4
113900131,102,44,58
113900132,17,34,-17
113900133,12,20,-8
113900135,115,381,-266
113900136,49,57,-8
113900137,224,127,97
113900138,25,76,-51
113900139,388,89,299
113900140,309,158,151
113900141,190,369,-179
113900142,43,56,-13
113900143,19,13,6
113900144,223,96,127
113900145,151,174,-23
113900146,39,36,3
113900148,88,188,-100
113900149,79,36,43
113900150,811,414,397
113900151,133,158,-25
113900152,28,48,-20
113900153,338,380,-42
113900154,1,62,-61
113900155,163,63,100
113900156,196,492,-296
113900157,20,178,-158
113900158,229,107,122
113900159,8,193,-185
113900160,333,593,-260
113900161,35,148,-113
113900162,406,326,80
113900163,170,195,-25
113900164,179,44,135
113900165,415,531,-116
113900166,142,111,31
113900167,133,31,102
113900168,145,82,63
113900169,140,270,-130
113900171,48,27,21
113900172,2,169,-167
113900173,46,629,-583
113900174,294,491,-197
113900175,199,64,135
113900176,153,580,-427
113900177,179,157,22
113900178,114,101,13
113900179,20,618,-598
113900180,124,86,38
113900181,295,108,187
113900182,276,826,-550
113900183,17,38,-21
113900184,12,622,-610
113900185,104,54,50
113900186,8,32,-24
113900187,21,103,-82
113900188,41,94,-53
113900189,123,44,79
113900190,264,95,169
113900191,42,128,-86
113900192,1692,733,959
113900193,31,251,-220
113900194,1582,767,815
113900195,254,334,-80
113900196,2,99,-97
113900197,5,267,-262
113900198,12,123,-111
113900199,141,512,-371
113900200,11,150,-139
113900201,0,240,-240
113900202,25,198,-173
113900203,8,235,-227
113900204,29,454,-425
113900205,5,96,-91
113900206,11,120,-109
113900207,1,37,-36
113900208,2,46,-44
113900209,0,53,-53
113900210,421,334,87
113900211,64,33,31
113900212,103,494,-391
113900214,264,268,-4
113900215,15,85,-70
113900216,38,1065,-1027
113900217,24,381,-357
113900218,104,54,50
113900219,51,426,-375
113900220,60,44,16
113900221,213,95,118
113900222,1050,276,774
113900223,105,886,-781
113900224,97,49,48
113900225,470,165,305
113900226,203,85,118
113900227,214,92,122
113900228,322,234,88
113900229,25,370,-345
113900230,3271,1113,2158
113900231,83,174,-91
113900232,56,68,-12
113900233,19,48,-29
113900234,138,311,-173
113900235,43,32,11
113900236,38,304,-266
113900237,79,3,76
113900238,130,252,-122
113900239,59,40,19
113900240,4,70,-66
113900241,58,41,17
113900242,26,86,-60
113900243,94,297,-203
113900244,380,157,223
113900245,1007,186,821
113900246,6,11,-5
113900247,107,150,-43
113900248,2971,807,2164
113900249,1030,172,858
113900250,25,115,-90
113900251,295,197,98
113900252,248,2,246
113900253,415,24,391
113900254,430,64,366
113900255,154,8,146
113900256,188,20,168
113900257,20,718,-698
113900258,17,530,-513
113900259,207,197,10
113900260,63,14,49
113900261,22,134,-112
113900262,94,617,-523
113900263,104,413,-309
113900264,4,501,-497
113900265,71,219,-148
113900266,17,175,-158
113900267,68,398,-330
113900268,122,253,-131
113900269,25,70,-45
113900270,157,224,-67
113900271,349,1160,-811
113900273,291,8,283
113900274,40,4,36
113900275,10,51,-41
113900276,1,223,-222
113900277,46,1,45
113900278,202,111,91
113900279,83,96,-13
113900280,951,577,374
113900281,238,607,-369
113900282,890,307,583
113900283,207,287,-80
113900284,510,117,393
113900285,61,27,34
113900286,13,107,-94
113900287,16,31,-15
113900288,1,63,-62
113900289,1200,53,1147
113900290,384,81,303
113900291,98,145,-47
113900292,1,1,0
113900293,1,173,-172
113900294,178,13,165
113900295,277,216,61
113900296,1296,163,1133
113900297,553,24,529
113900298,3,1274,-1271
113900299,16,123,-107
113900300,3158,1018,2140
113900301,715,176,539
113900302,2283,465,1818
113900303,421,123,298
113900304,0,137,-137
113900305,26,0,26
113900306,6,0,6
113900307,8,0,8
113900308,72,81,-9
113900309,4,782,-778
113900310,0,20,-20
113900311,6,0,6
113900312,78,92,-14
113900313,10,8,2
113900314,5,25,-20
113900315,37,0,37
114000001,711,2805,-2094
114000002,113,410,-297
114000003,141,1279,-1138
114000004,132,341,-209
114000005,108,175,-67
114000006,2162,1673,489
114000007,365,1073,-708
114000008,990,733,257
114000009,246,149,97
114000011,1935,2960,-1025
114000012,1157,2523,-1366
114000013,917,1980,-1063
114000014,402,570,-168
114000015,680,469,211
114000016,140,414,-274
114000017,52,127,-75
114000018,397,59,338
114000026,767,1510,-743
114000027,1390,1964,-574
114000028,1214,1731,-517
114000038,78,95,-17
114000039,95,303,-208
114000040,35,118,-83
114000042,79,187,-108
114000043,115,248,-133
114000044,153,205,-52
114000045,25,84,-59
114000046,1803,3905,-2102
114000047,12,51,-39
114000048,100,157,-57
114000049,1117,800,317
114000050,1285,851,434
114000051,2579,1181,1398
114000052,2125,855,1270
114000053,34,445,-411
114000054,80,1355,-1275
114000055,180,11,169
114000056,1131,480,651
114000057,7320,1955,5365
114000058,364,496,-132
114000059,203,163,40
114000060,334,574,-240
114000061,2939,1050,1889
114000062,2744,502,2242
114000063,2902,1439,1463
114000064,7162,2032,5130
114000065,1436,1840,-404
114000066,272,591,-319
114000067,9,311,-302
114000068,309,343,-34
114000069,540,352,188
114000070,1980,1089,891
114000071,379,480,-101
114000072,113,268,-155
114000073,3,114,-111
114000074,12,14,-2
114000075,35,113,-78
114000076,5,148,-143
114000077,11,85,-74
114000078,47,1102,-1055
114000079,33,17,16
114000080,49,85,-36
114000081,36,106,-70
114000082,80,575,-495
114000083,23,205,-182
114000084,76,46,30
114000085,69,662,-593
114000086,88,631,-543
114000087,34,274,-240
114000088,24,43,-19
114000089,1366,329,1037
114000090,440,413,27
114000091,1194,256,938
114000092,618,187,431
114000093,640,436,204
114000094,237,327,-90
114000095,78,66,12
114000096,46,560,-514
114000097,93,915,-822
114000098,162,41,121
114000099,145,1051,-906
114000100,437,649,-212
114000101,155,1146,-991
114000102,152,255,-103
114000103,109,490,-381
114000104,2,263,-261
114000105,34,43,-9
114000106,609,265,344
114000107,81,97,-16
114000108,3428,1370,2058
114000109,278,546,-268
114000110,327,1746,-1419
114000111,573,383,190
114000112,261,2690,-2429
114000113,607,288,319
114000114,934,1979,-1045
114000115,1177,592,585
114000116,290,767,-477
114000117,1089,265,824
114000118,1171,278,893
114000119,706,195,511
114000120,379,990,-611
114000121,274,505,-231
114000122,295,230,65
114000123,593,225,368
114000124,297,203,94
114000125,714,1800,-1086
114000126,608,143,465
114000127,65,171,-106
114000128,555,531,24
114000130,288,351,-63
114000131,78,20,58
114000132,543,639,-96
114000133,773,1081,-308
114000134,19,173,-154
114000138,28,151,-123
114000139,250,88,162
114000144,478,242,236
114000145,64,129,-65
114000146,51,274,-223
114000147,562,775,-213
114000148,1990,1018,972
114000149,245,147,98
114000150,1816,631,1185
114000151,1585,822,763
114000152,132,13,119
114000153,1321,1269,52
114000154,694,552,142
114000155,827,1183,-356
114000156,582,271,311
114000157,194,632,-438
114000158,1960,499,1461
114000159,157,298,-141
114000160,128,153,-25
114000161,1303,1028,275
114000162,607,752,-145
114000163,8,132,-124
114000165,166,87,79
114000166,485,225,260
114000167,3887,1161,2726
114000168,585,554,31
114000169,1373,612,761
114000170,733,527,206
114000171,493,1316,-823
114000174,121,379,-258
114000176,424,267,157
114000177,2171,655,1516
114000178,24,46,-22
114000179,880,615,265
114000180,308,454,-146
114000181,985,1610,-625
114000182,4556,2035,2521
114000183,759,969,-210
114000184,6540,1551,4989
114000185,649,657,-8
114000189,256,67,189
114000190,1007,132,875
114000191,17,33,-16
114000192,286,1466,-1180
114000193,860,3151,-2291
114000194,797,1291,-494
114000195,63,10,53
114000196,0,300,-300
114000197,544,91,453
114000198,994,335,659
114000199,1619,911,708
114000200,463,2276,-1813
114000201,120,1110,-990
114000202,646,898,-252
114000203,377,1187,-810
114000204,73,373,-300
114000205,218,1587,-1369
114000206,312,1068,-756
114000207,473,2177,-1704
114000208,285,3438,-3153
114000209,591,3286,-2695
114000210,276,1670,-1394
114000211,629,1176,-547
114000212,363,653,-290
114000213,785,469,316
114000214,55,145,-90
114000215,86,47,39
114000216,542,238,304
114000217,88,257,-169
114000218,82,312,-230
114000219,519,288,231
114000220,18,1576,-1558
114000221,297,89,208
114000222,160,1230,-1070
114000223,230,82,148
114000224,75,742,-667
114000225,144,431,-287
114000226,56,272,-216
114000227,623,412,211
114000228,384,837,-453
114000229,528,1069,-541
114000230,956,1315,-359
114000231,491,1056,-565
114000232,330,109,221
114000233,990,95,895
114000234,833,841,-8
114000235,572,1598,-1026
114000236,3,586,-583
114000237,51,1043,-992
114000238,27,167,-140
114000239,104,1409,-1305
114000240,419,565,-146
114000241,197,1031,-834
114000242,702,890,-188
114000243,803,643,160
114000244,359,363,-4
114000245,240,483,-243
114000246,114,34,80
114000247,366,543,-177
114000248,554,447,107
114000249,357,433,-76
114000250,269,480,-211
114000251,118,353,-235
114000252,37,83,-46
114000253,20,198,-178
114000254,5,68,-63
114000255,411,110,301
114000256,2180,511,1669
114000257,680,1841,-1161
114000258,117,426,-309
114000259,26,271,-245
114000260,0,24,-24
114000261,27,16,11
114000262,34,137,-103
114000263,15,3,12
114000264,274,476,-202
114000265,0,2,-2
114000267,3,1127,-1124
114000268,5,2253,-2248
114000270,100,8,92
114000271,245,103,142
114000283,350,400,-50
114000285,43,264,-221
114000288,41,385,-344
114000289,681,180,501
114000293,65,366,-301
114000294,122,272,-150
114000395,860,49,811
114000396,154,274,-120
114000402,200,313,-113
114000403,133,526,-393
114000405,77,593,-516
114000423,73,511,-438
114000424,88,142,-54
114000425,235,502,-267
114000426,180,452,-272
114000427,29,95,-66
114000428,322,81,241
114000429,8,164,-156
114000432,34,112,-78
114000434,17,79,-62
114000435,1,109,-108
114900001,236,1463,-1227
114900002,291,42,249
114900003,233,2054,-1821
114900004,110,138,-28
114900005,203,845,-642
114900006,12,22,-10
114900007,66,7,59
114900008,59,24,35
114900010,2212,1142,1070
114900011,40,87,-47
114900013,53,61,-8
114900018,512,51,461
114900020,82,36,46
114900022,32,626,-594
114900025,117,215,-98
114900026,64,52,12
114900029,58,30,28
114900030,126,189,-63
114900031,81,30,51
114900032,117,23,94
114900034,30,203,-173
114900035,121,183,-62
114900036,206,1081,-875
114900039,277,705,-428
114900040,47,210,-163
114900041,237,664,-427
114900042,370,836,-466
114900044,71,21,50
114900047,127,944,-817
114900048,46,305,-259
114900049,24,346,-322
114900050,27,596,-569
114900051,20,501,-481
114900052,64,174,-110
114900053,33,204,-171
114900054,27,96,-69
114900057,117,4,113
114900058,0,62,-62
114900059,36,15,21
114900063,39,220,-181
114900064,503,713,-210
114900065,160,689,-529
114900067,14,309,-295
114900068,60,382,-322
114900069,176,124,52
114900070,193,568,-375
114900072,7,229,-222
114900073,1,173,-172
114900074,155,1021,-866
114900075,59,2,57
114900076,9,302,-293
114900080,3047,332,2715
114900082,3160,1048,2112
114900083,511,694,-183
114900090,122,92,30
114900091,150,145,5
114900097,35,0,35
114900098,2,172,-170
114900099,53,3,50
115000001,8619,5783,2836
115000002,2537,2549,-12
115000003,3179,4212,-1033
115000004,1947,3512,-1565
115000005,895,2871,-1976
115000006,470,1094,-624
115000007,74,140,-66
115000008,320,427,-107
115000009,131,315,-184
115000010,202,97,105
115000013,63,109,-46
115000015,100,150,-50
115000016,33,179,-146
115000019,20,241,-221
115000020,157,266,-109
115000021,197,360,-163
115000022,304,220,84
115000023,239,299,-60
115000024,821,381,440
115000025,515,331,184
115000026,101,302,-201
115000027,168,153,15
115000028,82,536,-454
115000029,251,92,159
115000030,217,664,-447
115000031,555,113,442
115000032,2,298,-296
115000033,138,12,126
115000034,104,887,-783
115000035,609,56,553
115000036,2,323,-321
115000037,201,0,201
115000038,56,125,-69
115000039,2845,1662,1183
115000040,5036,3098,1938
115000041,678,1844,-1166
115000042,346,463,-117
115000043,2067,2372,-305
115000044,2164,3843,-1679
115000045,1820,2491,-671
115000046,1000,2296,-1296
115000047,1203,1793,-590
115000048,1031,2669,-1638
115000049,1156,2425,-1269
115000050,2098,1717,381
115000051,1921,1463,458
115000052,2864,1714,1150
115000053,1231,1139,92
115000054,622,1141,-519
115000055,76,326,-250
115000056,115,225,-110
115000057,277,462,-185
115000058,103,114,-11
115000059,151,170,-19
115000061,115,83,32
115000062,92,261,-169
115000063,195,295,-100
115000064,190,112,78
115000065,19,243,-224
115000067,193,18,175
115000069,24,228,-204
115000070,30,494,-464
115000071,86,3,83
115000072,17,57,-40
115000073,1219,39,1180
115000075,37,53,-16
115000076,2754,3089,-335
115000077,939,3523,-2584
115000078,474,1797,-1323
115000079,641,2125,-1484
115000080,1159,2632,-1473
115000081,347,725,-378
115000082,2102,2344,-242
115000083,1267,3058,-1791
115000084,821,953,-132
115000085,354,1015,-661
115000086,429,856,-427
115000087,433,1281,-848
115000088,1254,438,816
115000089,1360,1341,19
115000090,623,491,132
115000091,236,1126,-890
115000092,272,331,-59
115000093,292,2,290
115000094,7550,3792,3758
115000095,5922,3527,2395
115000096,454,2153,-1699
115000097,457,656,-199
115000098,501,795,-294
115000099,1146,3300,-2154
115000100,504,441,63
115000101,246,1493,-1247
115000102,251,141,110
115000103,295,868,-573
115000105,36,234,-198
115000106,231,229,2
115000107,85,582,-497
115000108,3431,2603,828
115000109,5319,2104,3215
115000110,893,592,301
115000111,472,1263,-791
115000112,296,396,-100
115000113,471,685,-214
115000114,1236,648,588
115000116,2275,913,1362
115000117,2798,1388,1410
115000118,1050,928,122
115000119,1235,1135,100
115000120,382,572,-190
115000121,1482,567,915
115000122,2937,669,2268
115000123,1301,933,368
115000124,543,542,1
115000125,215,388,-173
115000126,80,199,-119
115000127,230,75,155
115000128,986,546,440
115000129,200,170,30
115000130,169,892,-723
115000131,295,224,71
115000132,72,428,-356
115000133,183,301,-118
115000134,202,250,-48
115000135,92,255,-163
115000136,103,286,-183
115000137,49,163,-114
115000138,134,254,-120
115000139,124,235,-111
115000140,116,108,8
115000141,80,318,-238
115000142,61,276,-215
115000143,232,403,-171
115000144,343,217,126
115000145,168,499,-331
115000146,172,182,-10
115000147,527,541,-14
115000148,174,1420,-1246
115000149,288,170,118
115000150,472,1159,-687
115000151,427,349,78
115000152,424,1758,-1334
115000153,509,299,210
115000154,341,218,123
115000155,372,1085,-713
115000156,789,406,383
115000157,646,828,-182
115000158,420,330,90
115000159,598,245,353
115000160,432,177,255
115000161,151,432,-281
115000162,498,376,122
115000163,483,578,-95
115000164,465,507,-42
115000165,322,287,35
115000167,88,91,-3
115000168,376,179,197
115000169,522,263,259
115000170,101,113,-12
115000171,204,151,53
115000172,1371,402,969
115000173,218,158,60
115000174,38,191,-153
115000175,99,81,18
115000176,72,30,42
115000177,56,43,13
115000178,19,224,-205
115000179,29,18,11
115000180,28,586,-558
115000181,254,84,170
115000182,260,287,-27
115000183,119,913,-794
115000186,392,183,209
115000187,118,554,-436
115000188,269,337,-68
115000189,179,363,-184
115000190,489,382,107
115000191,148,301,-153
115000194,104,77,27
115000195,241,170,71
115000196,62,94,-32
115000197,108,425,-317
115000198,110,191,-81
115000199,65,293,-228
115000200,148,96,52
115000201,93,333,-240
115000206,150,63,87
115000207,22,288,-266
115000208,488,587,-99
115000209,426,74,352
115000210,69,78,-9
115000211,112,170,-58
115000212,1055,266,789
115000224,131,56,75
115000225,49,29,20
115000229,233,114,119
115000230,86,344,-258
115000231,236,2685,-2449
115000232,696,332,364
115000233,37,190,-153
115000234,10,192,-182
115000241,24,204,-180
115000242,57,274,-217
115000243,51,255,-204
115000244,2,73,-71
115000246,88,17,71
115000247,2,0,2
115000248,2,2,0
115000249,8,1,7
115000250,234,84,150
115000251,286,395,-109
115000252,122,316,-194
115000253,17,142,-125
115000258,130,318,-188
115000259,248,134,114
115000261,0,6,-6
115000262,8,35,-27
115000263,5,43,-38
115000264,39,82,-43
115000267,33,60,-27
115000268,30,78,-48
115000269,98,49,49
115000270,1,18,-17
115000272,38,131,-93
115000273,189,35,154
115000280,2782,55,2727
115000281,598,174,424
115000282,470,313,157
115000284,208,50,158
115000296,596,8,588
115000297,137,63,74
115000298,31,140,-109
115000300,50,146,-96
115000302,176,196,-20
115000303,268,124,144
115000304,304,82,222
115000305,40,1002,-962
115000306,77,547,-470
115000307,23,304,-281
115000308,50,10,40
115000310,516,1056,-540
115000311,422,1233,-811
115000313,95,598,-503
115000314,158,51,107
115000315,1026,377,649
115000316,60,60,0
115000317,98,508,-410
115000318,353,152,201
115000319,30,226,-196
115000320,4,124,-120
115000321,279,7,272
115000322,33,227,-194
115000449,179,117,62
115000557,0,414,-414
115000558,177,59,118
115000587,265,270,-5
115000588,1690,4106,-2416
115000589,1984,2470,-486
115000590,600,1604,-1004
115000591,801,636,165
115000592,382,1419,-1037
115000593,1132,481,651
115000594,671,1536,-865
115000609,63,147,-84
115000617,1829,1376,453
115000624,127,58,69
115000633,307,1309,-1002
115000634,1926,548,1378
115000635,214,91,123
115000638,1129,507,622
115000641,85,116,-31
115000642,450,238,212
115000643,82,391,-309
115000644,165,428,-263
115000646,563,837,-274
115000647,99,316,-217
115000648,818,1412,-594
115000893,2904,869,2035
115000894,58,960,-902
115000895,327,788,-461
115000896,1252,294,958
115000897,381,67,314
115000898,398,162,236
115000899,961,860,101
115000900,69,316,-247
115000901,65,94,-29
115000912,188,59,129
115000913,5,41,-36
115000915,36,1,35
115000916,3,0,3
115000917,0,6,-6
115000918,66,146,-80
115000919,15,4,11
115000920,16,34,-18
115000921,1131,52,1079
115000922,1292,435,857
115000923,425,854,-429
115000925,48,68,-20
115000927,52,81,-29
115000933,383,159,224
115000934,49,154,-105
115000935,55,94,-39
115000936,45,232,-187
115000937,1160,102,1058
115000938,244,130,114
115000939,287,144,143
115000940,4,12,-8
115000941,10,9,1
115000942,49,34,15
115000943,70,12,58
115000944,6,14,-8
115900001,27,80,-53
115900002,66,115,-49
115900003,76,95,-19
115900004,1,56,-55
115900005,58,3,55
115900006,65,374,-309
115900008,21,11,10
115900009,33,264,-231
115900010,83,132,-49
115900011,164,235,-71
115900012,52,100,-48
115900013,238,103,135
115900014,79,138,-59
115900015,30,145,-115
115900016,41,27,14
115900017,1,6,-5
115900018,118,63,55
115900019,186,13,173
115900020,43,0,43
115900021,1396,91,1305
115900022,2356,4,2352
115900023,19,2,17
115900025,30,112,-82
115900026,661,339,322
115900027,0,290,-290
115900028,403,31,372
115900029,2,540,-538
115900030,22,14,8
115900031,213,128,85
115900032,162,708,-546
115900033,0,31,-31
115900034,13,522,-509
115900035,21,100,-79
115900036,196,232,-36
115900037,18,484,-466
115900038,12,4,8
115900039,62,331,-269
115900041,227,254,-27
115900042,7,6,1
115900043,40,162,-122
115900044,214,145,69
115900046,109,295,-186
115900047,47,47,0
115900049,73,181,-108
115900051,0,35,-35
115900052,24,345,-321
115900053,92,268,-176
115900054,69,30,39
115900055,10,130,-120
115900056,64,371,-307
115900057,4,4,0
115900058,28,66,-38
115900060,70,132,-62
115900061,72,1,71
115900062,16,255,-239
115900063,43,7,36
115900064,114,154,-40
115900065,23,114,-91
115900066,163,184,-21
115900067,3,885,-882
115900068,3636,151,3485
115900069,28,130,-102
115900070,64,244,-180
115900071,1,518,-517
115900072,75,208,-133
115900073,18,33,-15
115900074,7,385,-378
115900075,3,269,-266
115900076,0,99,-99
115900077,4,310,-306
115900078,26,119,-93
115900079,85,7,78
115900080,474,212,262
115900081,7,83,-76
115900082,186,103,83
115900084,175,12,163
115900085,52,47,5
115900086,1270,380,890
115900088,18,36,-18
115900089,123,728,-605
115900090,128,27,101
115900091,7,12,-5
115900092,17,243,-226
115900093,3,33,-30
115900094,2,404,-402
115900096,0,15,-15
115900097,5,478,-473
115900098,62,505,-443
115900099,9,98,-89
115900100,1,527,-526
115900101,104,462,-358
115900102,12,56,-44
115900103,201,271,-70
115900104,16,145,-129
115900105,57,584,-527
115900106,9,20,-11
115900107,8,253,-245
115900108,47,33,14
115900109,21,345,-324
115900110,1,18,-17
115900111,1,89,-88
115900112,25,742,-717
115900113,16,24,-8
115900114,5,163,-158
115900115,15,134,-119
115900116,55,729,-674
115900117,21,20,1
115900118,1,470,-469
115900119,68,60,8
115900120,20,287,-267
115900121,50,143,-93
115900124,122,231,-109
115900125,121,20,101
115900126,225,33,192
115900127,249,30,219
115900128,9,77,-68
115900129,349,20,329
115900130,17,142,-125
115900131,76,13,63
115900132,125,4,121
115900134,134,17,117
115900135,473,476,-3
115900137,2,2,0
115900139,36,66,-30
115900140,70,3,67
115900141,13,47,-34
115900142,8,15,-7
115900143,79,286,-207
115900144,38,157,-119
115900146,6,173,-167
115900147,138,130,8
115900148,5,5,0
115900149,23,17,6
115900150,14,75,-61
115900151,2,32,-30
115900152,57,343,-286
115900153,41,208,-167
115900154,459,217,242
115900155,1,70,-69
115900156,259,524,-265
115900157,48,372,-324
115900158,16,7,9
115900159,31,218,-187
115900160,8,4,4
115900161,19,151,-132
115900163,67,60,7
115900164,147,72,75
115900166,70,219,-149
115900168,23,124,-101
115900171,60,243,-183
115900172,13,105,-92
115900173,107,115,-8
115900174,205,162,43
115900175,40,144,-104
115900178,2,722,-720
115900179,130,10,120
115900180,39,307,-268
115900181,90,295,-205
115900182,162,315,-153
115900183,69,39,30
115900184,1315,8,1307
115900187,3,89,-86
115900189,0,95,-95
115900190,156,471,-315
115900191,36,393,-357
115900192,3,59,-56
115900193,46,55,-9
115900194,191,20,171
115900195,313,586,-273
115900198,152,193,-41
115900199,110,190,-80
115900200,229,282,-53
115900201,304,190,114
115900202,0,14,-14
115900203,4,8,-4
115900204,0,3,-3
115900205,28,5,23
115900206,56,128,-72
115900207,9,18,-9
115900208,60,341,-281
115900209,7,98,-91
115900210,0,152,-152
115900211,2,169,-167
115900212,72,217,-145
115900213,70,56,14
115900214,151,266,-115
115900215,3,37,-34
115900216,7,79,-72
115900217,0,86,-86
115900218,0,42,-42
115900219,41,2,39
115900220,52,10,42
115900221,40,9,31
115900222,16,6,10
115900223,11,64,-53
115900224,1497,305,1192
115900225,69,11,58
115900226,25,28,-3
115900227,5,44,-39
115900228,4,38,-34
115900229,4,67,-63
115900230,34,91,-57
115900231,65,0,65
115900232,28,0,28
115900233,29,3,26
115900234,28,8,20
115900235,5,28,-23
115900236,13,15,-2
115900237,6,23,-17
115900238,4,10,-6
115900239,5,38,-33
115900240,4,56,-52
115900241,77,60,17
115900242,206,204,2
115900243,6,2,4
115900244,3,7,-4
115900245,11,8,3
115900246,7,2,5
115900247,8,2,6
115900248,4,2,2
115900249,0,6,-6
115900250,1,9,-8
115900251,0,1,-1
115900252,0,0,0
115900253,1,1,0
115900254,4,12,-8
115900255,0,11,-11
115900256,25,14,11
115900257,2,4,-2
115900258,0,0,0
115900259,8,3,5
115900260,11,1,10
115900261,6,1,5
115900262,0,0,0
115900263,3,3,0
115900264,3,2,1
115900265,1,2,-1
115900266,0,1,-1
115900267,3,3,0
115900268,3,5,-2
115900269,174,246,-72
115900270,110,717,-607
115900271,39,0,39
115900272,21,2,19
115900273,1,8,-7
115900274,5,20,-15
115900275,0,40,-40
115900276,0,73,-73
115900277,0,175,-175
115900278,17,121,-104
115900279,13,134,-121
115900280,4,123,-119
115900281,575,129,446
115900282,17,10,7
115900283,6,5,1
115900284,8,11,-3
116000001,15733,4197,11536
116000002,3089,4115,-1026
116000003,1283,1723,-440
116000004,1160,1317,-157
116000005,2309,3296,-987
116000006,1514,889,625
116000007,2513,4025,-1512
116000008,2126,1237,889
116000009,1467,2786,-1319
116000010,1130,739,391
116000011,758,1889,-1131
116000012,618,533,85
116000013,14380,3562,10818
116000014,18089,6167,11922
116000015,354,543,-189
116000016,6179,1416,4763
116000017,44,383,-339
116000018,617,282,335
116000019,254,196,58
116000020,285,1021,-736
116000021,202,196,6
116000022,204,475,-271
116000023,469,409,60
116000024,458,1277,-819
116000025,405,391,14
116000026,1280,1851,-571
116000027,293,347,-54
116000028,324,424,-100
116000029,653,458,195
116000030,299,291,8
116000031,118,149,-31
116000032,269,198,71
116000033,223,414,-191
116000034,381,734,-353
116000035,202,441,-239
116000036,1656,395,1261
116000037,521,307,214
116000038,419,215,204
116000039,651,179,472
116000040,743,119,624
116000041,236,366,-130
116000042,363,171,192
116000043,63,455,-392
116000044,8,105,-97
116000045,1100,786,314
116000046,947,770,177
116000047,1551,1429,122
116000048,1507,1152,355
116000049,693,1304,-611
116000050,1023,1103,-80
116000051,2244,1120,1124
116000052,2804,2664,140
116000053,1024,900,124
116000054,440,1502,-1062
116000055,318,981,-663
116000056,471,804,-333
116000057,2068,1611,457
116000058,2582,1346,1236
116000059,2732,3416,-684
116000060,2493,614,1879
116000061,388,647,-259
116000062,546,184,362
116000063,327,847,-520
116000066,132,356,-224
116000067,210,513,-303
116000068,144,188,-44
116000069,186,330,-144
116000078,261,844,-583
116000080,933,854,79
116000082,5,93,-88
116000083,707,268,439
116000084,1772,3887,-2115
116000085,1349,817,532
116000086,2141,1562,579
116000087,888,903,-15
116000088,586,1094,-508
116000089,102,70,32
116000090,98,141,-43
116000091,117,104,13
116000093,351,595,-244
116000094,300,609,-309
116000095,421,585,-164
116000096,451,887,-436
116000097,288,719,-431
116000098,295,2963,-2668
116000099,8612,275,8337
116000100,77,9,68
116000101,318,1632,-1314
116000102,171,1262,-1091
116000103,271,212,59
116000104,98,1610,-1512
116000105,498,160,338
116000106,315,1347,-1032
116000107,1009,425,584
116000108,13,174,-161
116000111,41,19,22
116000113,39,46,-7
116000114,30,115,-85
116000115,102,64,38
116000116,146,488,-342
116000117,729,1548,-819
116000118,762,1212,-450
116000119,1439,1523,-84
116000120,1965,3953,-1988
116000121,393,331,62
116000122,1133,2507,-1374
116000123,307,318,-11
116000124,211,1008,-797
116000125,1346,450,896
116000126,189,1410,-1221
116000127,920,1575,-655
116000128,725,534,191
116000129,500,172,328
116000130,190,183,7
116000133,299,869,-570
116000134,995,2820,-1825
116000135,848,1086,-238
116000136,758,2464,-1706
116000137,399,430,-31
116000138,866,311,555
116000139,1167,2163,-996
116000140,93,177,-84
116000141,215,861,-646
116000142,3688,3655,33
116000143,1568,1267,301
116000144,912,2723,-1811
116000145,1163,1289,-126
116000146,231,442,-211
116000147,249,104,145
116000148,236,325,-89
116000149,261,415,-154
116000151,371,1028,-657
116000153,45,354,-309
116000155,150,147,3
116000156,291,1047,-756
116000157,40,25,15
116000158,272,294,-22
116000159,8,13,-5
116000160,11,101,-90
116000161,5,83,-78
116000162,49,76,-27
116000163,6,14,-8
116000164,3,10,-7
116000177,28,93,-65
116000194,40,306,-266
116000195,1268,562,706
116000196,1,3,-2
116000197,0,9,-9
116000198,2168,828,1340
116000200,537,166,371
116000201,472,498,-26
116000202,6,293,-287
116000203,7,68,-61
116000204,6,46,-40
116000205,0,148,-148
116000206,1,97,-96
116000207,1,38,-37
116000233,116,645,-529
116000287,63,613,-550
116000288,86,254,-168
116000292,16,122,-106
116000296,7,217,-210
116000297,34,24,10
116000304,36,36,0
116000305,22,70,-48
116000346,76,118,-42
116000352,55,34,21
116000354,34,10,24
116000357,9,6,3
116000358,80,28,52
116000361,762,2,760
116000372,8315,1886,6429
116000381,81,0,81
116000388,2,38,-36
116000389,478,422,56
116000445,162,836,-674
116000446,175,1084,-909
116000447,17,421,-404
116000448,484,259,225
116000563,863,468,395
116000565,60,395,-335
116000568,34,76,-42
116000579,19,114,-95
116000583,52,63,-11
116000584,16,3,13
116000585,7,15,-8
116000586,226,93,133
116000587,252,361,-109
116000589,33,66,-33
116000590,42,53,-11
116000591,72,250,-178
116000592,9,125,-116
116000593,0,47,-47
116000594,165,610,-445
116000595,332,162,170
116000596,51,1,50
116000597,111,44,67
116000598,6,184,-178
116000605,152,133,19
116000606,14,113,-99
116000607,1,57,-56
116000609,188,543,-355
116000611,54,602,-548
116000612,487,1655,-1168
116000613,204,230,-26
116000614,343,962,-619
116000615,1,74,-73
116000616,18,121,-103
116000617,70,145,-75
116000618,5,180,-175
116000619,11,41,-30
116000620,74,293,-219
116000621,14,62,-48
116000622,20,90,-70
116000624,41,60,-19
116000627,55,109,-54
116000628,30,618,-588
116000629,15,381,-366
116000630,112,33,79
116000631,40,54,-14
116000632,234,109,125
116000633,60,403,-343
116000634,141,321,-180
116000635,2726,995,1731
116000636,1746,882,864
116000637,133,130,3
116000638,57,531,-474
116000639,21,0,21
116000640,6,5,1
116000641,48,159,-111
116000643,0,179,-179
116000644,13,1258,-1245
116000645,7,18,-11
116900001,162,129,33
116900002,239,6,233
116900003,8,64,-56
116900004,25,24,1
116900005,135,31,104
116900006,109,129,-20
116900007,69,184,-115
116900008,146,402,-256
116900009,5,1,4
116900010,89,1720,-1631
116900011,9,19,-10
116900012,77,182,-105
116900013,6,134,-128
116900014,76,460,-384
116900015,102,81,21
116900016,66,1,65
116900017,3,714,-711
116900018,38,29,9
116900019,3,344,-341
116900020,1303,276,1027
116900023,31,7,24
116900024,233,65,168
116900025,252,1076,-824
116900026,100,609,-509
116900027,12,41,-29
116900028,1,93,-92
116900029,1,17,-16
116900031,2,10,-8
116900032,5,447,-442
116900033,1,4,-3
116900034,3,77,-74
116900035,58,183,-125
116900036,1,91,-90
116900038,4,4,0
116900041,26,7,19
116900042,875,153,722
116900043,5,69,-64
116900047,76,42,34
116900049,27,285,-258
116900050,59,425,-366
116900051,24,258,-234
116900052,107,61,46
116900055,1,2,-1
116900057,6,310,-304
116900058,15,359,-344
116900059,0,180,-180
116900060,100,209,-109
116900062,1,10,-9
116900064,33,1187,-1154
116900065,4,72,-68
116900067,66,114,-48
116900068,76,295,-219
116900070,0,2,-2
116900072,9,506,-497
116900073,4,210,-206
116900074,4,37,-33
116900076,6,42,-36
116900077,6,258,-252
116900078,192,113,79
116900079,16,375,-359
116900080,2,7,-5
116900081,206,1278,-1072
116900082,102,680,-578
116900083,34,57,-23
116900084,132,35,97
116900085,13,137,-124
116900086,28,238,-210
116900088,275,43,232
116900090,108,59,49
116900091,75,63,12
116900092,60,870,-810
116900093,1255,1528,-273
116900094,4985,1887,3098
116900095,177,179,-2
116900096,74,120,-46
116900097,3712,1510,2202
116900098,715,167,548
116900099,476,237,239
116900100,334,12,322
116900101,189,573,-384
116900103,2,1,1
116900104,34,45,-11
116900105,139,32,107
116900106,550,152,398
116900107,3935,848,3087
116900110,19,1,18
116900111,166,871,-705
116900112,107,866,-759
116900113,2513,667,1846
116900116,129,205,-76
116900117,19,89,-70
116900118,810,536,274
116900120,83,120,-37
116900121,26,22,4
116900122,193,867,-674
116900123,78,1006,-928
116900124,91,829,-738
116900125,103,238,-135
116900126,196,416,-220
116900128,0,36,-36
116900129,2,322,-320
116900130,844,1425,-581
116900131,47,163,-116
116900132,15,41,-26
116900133,65,73,-8
116900134,118,176,-58
116900136,101,130,-29
116900137,142,131,11
116900138,95,200,-105
116900139,42,308,-266
116900140,76,91,-15
116900141,260,262,-2
116900142,5,13,-8
116900143,112,408,-296
116900144,10,18,-8
116900145,50,253,-203
116900147,482,217,265
116900148,1,19,-18
116900149,10,98,-88
116900150,7,6,1
116900151,59,8,51
116900153,49,44,5
116900154,574,158,416
116900155,36,22,14
116900157,171,333,-162
116900158,47,68,-21
116900159,17,189,-172
116900160,470,147,323
116900161,8411,3122,5289
116900162,8,158,-150
116900163,54,161,-107
116900164,30,42,-12
116900165,188,72,116
116900166,11,121,-110
116900167,176,50,126
116900168,74,72,2
116900169,529,148,381
116900170,130,169,-39
116900171,25,165,-140
116900172,201,115,86
116900173,62,35,27
116900174,21,25,-4
116900175,107,42,65
116900178,8,170,-162
116900179,68,78,-10
116900180,54,20,34
116900182,249,162,87
116900183,82,82,0
116900185,4,14,-10
116900186,57,291,-234
116900187,17,14,3
116900188,80,11,69
116900189,14,1,13
116900191,206,269,-63
116900192,169,197,-28
116900194,51,479,-428
116900195,25,15,10
116900196,15,132,-117
116900197,24,8,16
116900198,184,112,72
116900200,17,61,-44
116900201,30,3,27
116900202,88,54,34
116900203,37,2,35
116900204,34,50,-16
116900206,0,41,-41
116900207,28,15,13
116900208,7,130,-123
116900209,18,143,-125
116900210,222,174,48
116900211,149,5,144
116900212,9,87,-78
116900213,144,154,-10
116900214,78,105,-27
116900215,29,77,-48
116900216,160,319,-159
116900218,2,306,-304
116900219,612,243,369
116900220,52,142,-90
116900221,30,160,-130
116900222,278,261,17
116900223,58,132,-74
116900226,27,58,-31
116900227,61,66,-5
116900228,146,289,-143
116900230,39,421,-382
116900231,9,443,-434
116900232,3,562,-559
116900233,126,79,47
116900234,8,5,3
116900235,289,427,-138
116900238,1248,308,940
116900239,21,604,-583
116900240,5844,2009,3835
116900241,24,132,-108
116900242,1233,206,1027
116900243,5,59,-54
116900245,13,5,8
116900246,22,8,14
116900247,261,4,257
116900248,47,16,31
116900249,96,81,15
116900250,113,18,95
116900251,330,195,135
116900252,20,858,-838
116900254,9,90,-81
116900255,55,26,29
116900256,145,117,28
116900257,12,645,-633
116900258,4,432,-428
116900259,61,8,53
116900260,0,158,-158
116900261,7,1,6
116900262,46,116,-70
116900263,0,13,-13
116900264,23,24,-1
116900265,11,0,11
116900266,11,54,-43
116900267,0,1,-1
116900268,10,7,3
116900269,244,439,-195
116900271,1664,55,1609
116900272,424,509,-85
116900273,227,21,206
116900274,50,36,14
116900275,71,137,-66
116900276,357,32,325
116900277,569,15,554
116900278,11,9,2
116900279,2,12,-10
116900280,9,22,-13
116900281,6924,1644,5280
116900282,5,185,-180
116900283,4,165,-161
116900284,16,194,-178
116900285,349,174,175
116900286,179,15,164
116900287,8,68,-60
116900288,29,146,-117
116900289,3,31,-28
116900290,2,44,-42
116900291,4,13,-9
116900292,0,2,-2
116900293,16,103,-87
116900294,24,111,-87
116900295,129,21,108
116900296,38,66,-28
116900297,3,47,-44
116900298,91,46,45
116900299,56,15,41
116900300,0,71,-71
116900301,54,77,-23
116900302,52,29,23
116900303,367,37,330
116900304,0,89,-89
116900305,10,38,-28
116900306,55,235,-180
116900307,14,2,12
116900308,1,191,-190
116900309,22,109,-87
116900310,21,40,-19
117000001,940,922,18
117000002,1394,3602,-2208
117000003,5248,1908,3340
117000004,3420,4850,-1430
117000005,1182,1185,-3
117000006,864,4231,-3367
117000007,1931,1011,920
117000008,1105,4567,-3462
117000009,3273,1271,2002
117000010,2306,4236,-1930
117000011,1077,1703,-626
117000012,905,1806,-901
117000013,853,1172,-319
117000014,825,2405,-1580
117000015,2502,930,1572
117000016,635,78,557
117000017,433,143,290
117000018,77,245,-168
117000019,117,11,106
117000020,698,772,-74
117000021,3324,530,2794
117000022,605,54,551
117000023,716,121,595
117000024,409,66,343
117000025,799,497,302
117000026,2877,602,2275
117000027,2906,1132,1774
117000028,3664,515,3149
117000030,767,589,178
117000031,389,214,175
117000032,1752,1348,404
117000033,971,665,306
117000034,317,311,6
117000035,216,196,20
117000036,378,286,92
117000037,240,187,53
117000038,249,523,-274
117000039,330,249,81
117000040,92,1351,-1259
117000041,388,138,250
117000044,28,1278,-1250
117000045,317,39,278
117000046,380,991,-611
117000047,506,398,108
117000048,1770,1436,334
117000049,119,375,-256
117000050,85,2650,-2565
117000051,1354,132,1222
117000052,8,659,-651
117000053,140,55,85
117000054,938,4,934
117000055,125,3383,-3258
117000056,323,11,312
117000057,591,2182,-1591
117000060,313,1531,-1218
117000061,1126,627,499
117000062,117,490,-373
117000063,1287,510,777
117000064,768,865,-97
117000066,915,580,335
117000067,92,238,-146
117000074,148,143,5
117000076,85,45,40
117000077,93,74,19
117000078,87,586,-499
117000079,233,131,102
117000080,1,370,-369
117000081,627,119,508
117000082,21,42,-21
117000083,223,159,64
117000084,252,2,250
117000085,165,451,-286
117000086,979,709,270
117000087,130,522,-392
117000088,262,168,94
117000089,954,301,653
117000090,194,1554,-1360
117000091,368,190,178
117000092,252,1722,-1470
117000093,651,430,221
117000094,623,2573,-1950
117000095,1732,611,1121
117000096,409,2686,-2277
117000097,664,1056,-392
117000098,2426,5801,-3375
117000099,1812,730,1082
117000100,71,119,-48
117000101,170,1414,-1244
117000102,981,461,520
117000103,651,1874,-1223
117000104,788,432,356
117000105,707,1917,-1210
117000106,694,613,81
117000107,499,2170,-1671
117000108,931,872,59
117000109,1377,2813,-1436
117000110,859,635,224
117000111,2810,4283,-1473
117000112,1745,1857,-112
117000113,62,385,-323
117000114,75,83,-8
117000115,32,172,-140
117000116,44,238,-194
117000117,1086,357,729
117000118,295,108,187
117000119,660,44,616
117000120,242,108,134
117000121,193,547,-354
117000122,582,753,-171
117000123,1615,17,1598
117000124,810,23,787
117000125,317,36,281
117000126,99,16,83
117000127,158,261,-103
117000128,403,496,-93
117000129,680,359,321
117000130,75,1,74
117000131,0,284,-284
117000132,935,32,903
117000133,560,112,448
117000134,0,54,-54
117000135,7,19,-12
117000136,1,68,-67
117000137,47,40,7
117000138,0,423,-423
117000140,413,1669,-1256
117000141,1095,513,582
117000181,870,343,527
117000182,169,164,5
117000195,168,1279,-1111
117000196,87,64,23
117000225,169,3,166
117000226,8,57,-49
117000276,103,6,97
117000277,2,603,-601
117000310,1926,2557,-631
117000315,29,737,-708
117000320,70,0,70
117000906,134,7,127
117000907,12,505,-493
117000909,82,21,61
117000910,146,112,34
117000911,89,205,-116
117000915,8,697,-689
117000916,8,2,6
117000917,381,10,371
117000918,16,46,-30
117000919,8,157,-149
117000920,10,1680,-1670
117000921,9,2548,-2539
117000922,60,98,-38
117000924,263,533,-270
117000926,1216,71,1145
117000927,1977,264,1713
117000928,0,307,-307
117000929,83,660,-577
117000930,99,19,80
117000931,565,83,482
117900002,104,351,-247
117900003,707,282,425
117900005,1,4,-3
117900006,0,36,-36
117900007,58,160,-102
117900008,1,38,-37
117900010,214,127,87
117900011,11,6,5
117900012,47,204,-157
117900013,0,273,-273
117900014,687,265,422
117900015,17,217,-200
117900016,1128,319,809
117900017,511,606,-95
117900018,177,38,139
117900019,190,686,-496
117900020,58,195,-137
117900021,19,115,-96
117900023,720,151,569
117900024,97,107,-10
117900025,13,6,7
117900026,193,509,-316
117900028,39,1,38
117900029,109,1361,-1252
117900031,176,65,111
117900032,370,346,24
117900033,127,1045,-918
117900034,57,29,28
117900035,87,40,47
117900036,95,738,-643
117900037,30,110,-80
117900038,12,379,-367
117900039,0,63,-63
117900040,70,636,-566
117900041,1,45,-44
117900042,4279,365,3914
117900043,26,51,-25
117900044,55,2715,-2660
117900045,115,83,32
117900048,121,348,-227
117900049,100,842,-742
117900050,4,51,-47
117900051,63,4,59
117900052,35,181,-146
117900053,592,683,-91
117900054,1,22,-21
117900055,126,141,-15
117900056,359,34,325
117900057,694,1345,-651
117900058,107,17,90
117900059,258,55,203
117900060,565,5707,-5142
117900061,4,183,-179
117900063,142,260,-118
117900065,688,1052,-364
117900066,6,38,-32
117900067,235,365,-130
117900069,455,537,-82
117900070,191,6,185
117900071,50,91,-41
117900073,209,437,-228
117900074,201,10,191
117900075,28,82,-54
117900076,10,85,-75
117900077,135,75,60
117900078,155,328,-173
117900080,101,35,66
117900081,501,410,91
117900082,199,175,24
117900083,143,788,-645
117900086,72,33,39
117900087,35,39,-4
117900088,2297,1493,804
117900089,883,244,639
117900090,373,1091,-718
117900091,130,127,3
117900092,62,44,18
117900093,20,42,-22
117900094,20,5,15
117900095,347,1064,-717
117900096,26,192,-166
117900097,63,90,-27
117900098,11,3,8
117900099,126,452,-326
117900100,100,1,99
117900101,331,838,-507
117900102,12,70,-58
117900103,5,0,5
117900104,13,116,-103
117900105,125,213,-88
117900106,55,35,20
117900107,9,0,9
117900109,235,245,-10
117900110,24,1,23
117900111,130,9,121
117900112,40,17,23
117900113,3513,1296,2217
117900114,12,0,12
117900115,345,27,318
117900116,926,655,271
117900117,236,271,-35
117900118,11,0,11
117900119,40,250,-210
117900120,40,85,-45
117900121,27,9,18
117900122,903,1267,-364
117900123,499,841,-342
117900124,484,552,-68
117900125,861,689,172
117900126,267,507,-240
117900127,240,595,-355
117900128,155,918,-763
117900129,12,0,12
117900130,590,286,304
117900131,1,127,-126
117900132,5,114,-109
117900133,1,131,-130
117900134,21,165,-144
117900135,18,230,-212
117900136,0,63,-63
117900137,43,334,-291
117900138,0,61,-61
117900139,45,123,-78
117900140,5597,187,5410
117900141,134,248,-114
117900142,200,5,195
117900144,66,89,-23
117900145,30,5,25
117900146,190,108,82
117900147,32,36,-4
117900148,2425,807,1618
117900149,41,191,-150
117900150,15,61,-46
117900151,21,147,-126
117900152,106,82,24
117900153,6,107,-101
117900154,290,768,-478
117900156,590,657,-67
117900157,57,442,-385
117900158,94,67,27
117900160,318,213,105
117900161,2206,2335,-129
117900162,218,393,-175
117900163,65,13,52
117900165,0,13,-13
117900166,74,143,-69
117900168,35,118,-83
117900169,1,78,-77
117900170,0,9,-9
117900171,1,9,-8
117900172,9,21,-12
117900173,107,49,58
117900174,21,33,-12
117900175,2,23,-21
117900176,2,30,-28
117900177,24,46,-22
117900178,59,20,39
117900180,169,19,150
117900181,122,178,-56
117900182,0,18,-18
117900183,19,126,-107
117900184,17,39,-22
117900185,6,26,-20
117900186,26,21,5
117900187,8,4,4
117900188,140,24,116
117900189,15,14,1
117900190,7,3,4
117900191,68,0,68
117900192,70,0,70
117900193,0,35,-35
117900194,5,1,4
117900195,21,17,4
117900196,18,16,2
117900207,103,65,38
117900208,16,29,-13
117900209,169,147,22
117900210,129,102,27
117900211,6,137,-131
117900212,39,139,-100
117900213,9,15,-6
117900214,0,44,-44
117900215,25,52,-27
117900216,50,21,29
117900217,153,43,110
117900218,207,172,35
117900219,11,36,-25
117900220,63,42,21
117900222,172,226,-54
117900223,171,183,-12
118000001,604,451,153
118000002,1132,1454,-322
118000003,1548,1142,406
118000004,2557,1730,827
118000005,5789,1884,3905
118000006,7451,5980,1471
118000007,5596,2062,3534
118000008,4647,2424,2223
118000009,1776,1970,-194
118000010,1949,3176,-1227
118000011,701,2563,-1862
118000012,711,2514,-1803
118000013,2660,2688,-28
118000014,1752,3328,-1576
118000016,177,345,-168
118000017,169,242,-73
118000018,179,556,-377
118000019,1595,1039,556
118000020,862,1087,-225
118000021,491,1427,-936
118000022,1310,481,829
118000023,925,311,614
118000024,1397,611,786
118000027,17808,5026,12782
118000029,1046,484,562
118000032,1586,1562,24
118000033,2078,1779,299
118000034,4249,1495,2754
118000035,1401,1243,158
118000036,885,747,138
118000037,526,797,-271
118000038,83,109,-26
118000039,52,445,-393
118000040,1105,2067,-962
118000041,1549,1441,108
118000045,481,62,419
118000046,1879,419,1460
118000047,1553,431,1122
118000048,2991,935,2056
118000051,1611,613,998
118000052,1031,415,616
118000053,439,382,57
118000054,1811,1118,693
118000055,1574,1494,80
118000056,148,179,-31
118000057,204,303,-99
118000058,2778,809,1969
118000059,1961,594,1367
118000060,602,593,9
118000061,454,1092,-638
118000062,450,176,274
118000063,263,325,-62
118000064,734,936,-202
118000065,4377,1260,3117
118000066,677,798,-121
118000067,1029,642,387
118000068,1476,2842,-1366
118000069,3169,811,2358
118000070,6748,1112,5636
118000071,3209,3926,-717
118000072,1744,828,916
118000073,2186,353,1833
118000074,254,508,-254
118000075,607,254,353
118000076,1107,1005,102
118000077,1155,842,313
118000078,1500,1242,258
118000079,182,213,-31
118000080,983,673,310
118000081,1292,982,310
118000082,245,563,-318
118000083,1798,947,851
118000084,2038,1147,891
118000086,154,432,-278
118000087,5799,2149,3650
118000088,1546,1598,-52
118000089,3562,1911,1651
118000090,2037,2104,-67
118000091,1249,1464,-215
118000092,1005,363,642
118000093,110,561,-451
118000096,346,392,-46
118000097,482,446,36
118000098,161,194,-33
118000099,289,835,-546
118000101,551,389,162
118000102,251,1300,-1049
118000107,3274,349,2925
118000108,412,781,-369
118000110,2,15,-13
118000111,4,836,-832
118000112,174,1,173
118000113,7,1091,-1084
118000114,105,2,103
118000115,4,16,-12
118000116,47,1,46
118000117,1128,760,368
118000118,606,606,0
118000119,539,848,-309
118000120,1106,1376,-270
118000121,49,450,-401
118000122,989,190,799
118000123,27,262,-235
118000125,1629,920,709
118000126,510,1116,-606
118000127,1342,562,780
118000128,576,945,-369
118000129,624,251,373
118000130,2110,3262,-1152
118000131,588,1037,-449
118000132,1714,1312,402
118000133,457,450,7
118000135,331,222,109
118000136,76,586,-510
118000137,529,68,461
118000138,201,779,-578
118000139,127,126,1
118000140,1712,2411,-699
118000141,1233,1641,-408
118000142,867,1728,-861
118000143,970,804,166
118000144,1049,797,252
118000145,1067,2229,-1162
118000146,830,1141,-311
118000147,451,1504,-1053
118000148,365,1297,-932
118000149,471,1145,-674
118000150,155,306,-151
118000151,155,437,-282
118000153,507,886,-379
118000154,715,1312,-597
118000155,578,948,-370
118000156,1769,1873,-104
118000157,270,316,-46
118000158,110,339,-229
118000159,20,62,-42
118000160,292,333,-41
118000161,237,749,-512
118000162,577,754,-177
118000163,349,495,-146
118000164,1657,1053,604
118000168,897,142,755
118000169,661,1543,-882
118000170,2926,5585,-2659
118000171,178,590,-412
118000172,103,236,-133
118000173,579,1094,-515
118000175,158,230,-72
118000176,156,319,-163
118000177,142,401,-259
118000178,89,27,62
118000179,1274,598,676
118000180,485,569,-84
118000181,641,235,406
118000182,210,196,14
118000183,165,145,20
118000184,377,848,-471
118000185,732,572,160
118000186,346,598,-252
118000187,561,791,-230
118000188,287,198,89
118000189,156,722,-566
118000190,10,11,-1
118000191,11,21,-10
118000192,100,100,0
118000193,53,210,-157
118000194,1522,837,685
118000195,800,430,370
118000196,337,84,253
118000197,181,90,91
118000198,510,289,221
118000199,642,308,334
118000200,49,205,-156
118000201,504,235,269
118000202,58,39,19
118000203,1433,262,1171
118000204,187,196,-9
118000205,274,199,75
118000206,125,161,-36
118000207,0,108,-108
118000208,705,1247,-542
118000209,1026,1836,-810
118000210,24,25,-1
118000211,24,44,-20
118000213,644,750,-106
118000214,541,302,239
118000215,142,337,-195
118000216,886,2422,-1536
118000217,13,106,-93
118000218,17,118,-101
118000219,391,270,121
118000220,3,23,-20
118000221,48,189,-141
118000222,41,26,15
118000223,11,25,-14
118000224,174,75,99
118000225,110,963,-853
118000226,550,93,457
118000227,784,267,517
118000228,118,117,1
118000229,175,39,136
118000230,69,257,-188
118000231,25,176,-151
118000232,424,923,-499
118000233,474,648,-174
118000234,161,217,-56
118000236,185,384,-199
118000237,39,478,-439
118000238,79,273,-194
118000239,176,233,-57
118000240,488,61,427
118000241,68,216,-148
118000242,180,517,-337
118000243,99,155,-56
118000244,23,169,-146
118000246,0,2,-2
118000255,67,180,-113
118000256,114,241,-127
118000259,0,26,-26
118000260,43,78,-35
118000261,8,60,-52
118000263,61,183,-122
118000266,68,334,-266
118000267,0,71,-71
118000268,221,20,201
118000270,43,36,7
118000271,179,251,-72
118000272,35,34,1
118000273,62,50,12
118000274,91,243,-152
118000276,176,268,-92
118000295,2,50,-48
118000298,104,345,-241
118000299,51,188,-137
118000301,0,40,-40
118000302,56,79,-23
118000311,106,132,-26
118000312,142,157,-15
118000313,20,135,-115
118000314,46,69,-23
118000315,8,57,-49
118000316,379,463,-84
118000325,10,82,-72
118000326,14,27,-13
118000331,12,40,-28
118000332,11,34,-23
118000333,14,62,-48
118000335,72,0,72
118000336,0,399,-399
118000407,39,34,5
118000457,4,42,-38
118000465,4131,2057,2074
118000480,26,107,-81
118000489,50,147,-97
118000490,82,422,-340
118000492,145,178,-33
118000510,41,10,31
118000514,114,320,-206
118000515,408,232,176
118000517,323,147,176
118000524,648,160,488
118000525,511,733,-222
118000530,3,70,-67
118000531,72,236,-164
118000532,151,215,-64
118000533,281,131,150
118000534,288,306,-18
118000535,116,81,35
118000536,730,462,268
118000537,13,51,-38
118000538,19,103,-84
118000539,29,63,-34
118000540,150,194,-44
118000541,112,96,16
118000542,31,127,-96
118000543,113,150,-37
118000546,20,20,0
118000553,0,0,0
118000560,2847,707,2140
118000562,13,359,-346
118000563,1358,1101,257
118000576,168,236,-68
118000577,149,145,4
118000578,185,117,68
118000579,761,775,-14
118000583,0,0,0
118000595,109,47,62
118000596,0,36,-36
118000597,105,152,-47
118000598,2,0,2
118000599,44,65,-21
118000600,2,15,-13
118000601,2,0,2
118000602,0,9,-9
118000603,0,54,-54
118000605,34,705,-671
118000606,5,50,-45
118900001,928,586,342
118900002,926,428,498
118900003,69,8,61
118900004,25,51,-26
118900005,31,2,29
118900006,54,5,49
118900007,9,6,3
118900008,906,35,871
118900009,17,17,0
118900010,25,1,24
118900011,47,12,35
118900012,243,158,85
118900013,567,35,532
118900015,57,16,41
118900016,2,36,-34
118900017,146,160,-14
118900018,900,8,892
118900019,57,16,41
118900020,93,103,-10
118900021,97,250,-153
118900022,61,86,-25
118900023,59,76,-17
118900024,20,133,-113
118900025,26,12,14
118900026,22,75,-53
118900027,336,202,134
118900028,77,137,-60
118900029,68,348,-280
118900030,83,52,31
118900031,66,119,-53
118900032,70,239,-169
118900033,227,601,-374
118900034,40,6,34
118900035,53,274,-221
118900036,506,555,-49
118900037,139,272,-133
118900038,143,323,-180
118900039,150,197,-47
118900040,134,125,9
118900041,192,187,5
118900042,87,66,21
118900045,176,123,53
118900046,585,126,459
118900047,704,183,521
118900048,146,133,13
118900049,46,26,20
118900050,2,139,-137
118900051,124,49,75
118900052,117,217,-100
118900053,16,52,-36
118900054,67,74,-7
118900055,13,142,-129
118900056,20,114,-94
118900057,221,210,11
118900058,170,431,-261
118900059,22,54,-32
118900060,21,106,-85
118900062,42,177,-135
118900064,562,301,261
118900065,7,99,-92
118900066,24,109,-85
118900067,5427,2038,3389
118900068,1,110,-109
118900069,236,242,-6
118900071,1,46,-45
118900072,218,314,-96
118900073,48,78,-30
118900074,40,146,-106
118900075,38,64,-26
118900076,140,48,92
118900077,114,114,0
118900078,33,3,30
118900079,49,155,-106
118900080,8,60,-52
118900081,30,18,12
118900082,374,143,231
118900083,6,21,-15
118900084,4,9,-5
118900085,403,754,-351
118900086,8,40,-32
118900087,20,123,-103
118900088,0,6,-6
118900089,16,6,10
118900090,230,337,-107
118900091,90,87,3
118900092,49,79,-30
118900093,101,7,94
118900096,61,48,13
118900097,106,662,-556
118900099,40,223,-183
118900100,79,170,-91
118900101,11,381,-370
118900102,12,35,-23
118900103,6,35,-29
118900104,37,76,-39
118900105,74,77,-3
118900107,92,75,17
118900108,37,53,-16
118900110,1199,290,909
118900111,181,579,-398
118900112,21,77,-56
118900113,41,452,-411
118900114,17,61,-44
118900115,44,279,-235
118900116,52,118,-66
118900117,48,109,-61
118900118,111,346,-235
118900119,103,277,-174
118900120,55,283,-228
118900121,5,287,-282
118900122,3,330,-327
118900123,86,191,-105
118900124,36,124,-88
118900126,12,187,-175
118900129,118,129,-11
118900130,44,68,-24
118900131,69,259,-190
118900132,181,106,75
118900133,23,31,-8
118900135,65,135,-70
118900136,144,674,-530
118900137,7,11,-4
118900139,109,580,-471
118900140,267,760,-493
118900141,17,228,-211
118900144,88,616,-528
118900145,14,159,-145
118900146,111,689,-578
118900147,145,75,70
118900148,16,38,-22
118900150,304,359,-55
118900152,290,777,-487
118900157,88,94,-6
118900158,46,92,-46
118900159,1,159,-158
118900161,71,3,68
118900163,188,32,156
118900164,1,58,-57
118900165,26,183,-157
118900166,10,3,7
118900167,49,112,-63
118900168,1,20,-19
118900169,40,328,-288
118900170,31,82,-51
118900171,0,15,-15
118900174,22,26,-4
118900175,171,291,-120
118900176,58,132,-74
118900177,17,71,-54
118900178,13,42,-29
118900179,0,18,-18
118900181,44,64,-20
118900182,37,19,18
118900183,7,44,-37
118900184,109,26,83
118900185,86,142,-56
118900186,70,73,-3
118900187,125,265,-140
118900188,111,251,-140
118900189,14,287,-273
118900190,4,573,-569
118900191,72,35,37
118900192,73,15,58
118900193,158,6,152
118900195,232,784,-552
118900196,20,102,-82
118900197,102,77,25
118900198,9,63,-54
118900199,12,79,-67
118900200,2,3,-1
118900201,9,4,5
118900202,6,50,-44
118900203,0,43,-43
118900204,4,35,-31
118900205,6,14,-8
118900206,1,18,-17
119000001,706,956,-250
119000002,1535,2215,-680
119000003,934,1421,-487
119000004,1127,1117,10
119000005,1094,1333,-239
119000006,1395,1330,65
119000007,2093,2448,-355
119000008,1310,1873,-563
119000009,2567,1980,587
119000010,7624,3206,4418
119000011,4497,1689,2808
119000012,3825,2528,1297
119000013,1643,1015,628
119000014,1724,3202,-1478
119000019,144,112,32
119000020,914,1017,-103
119000021,2027,1569,458
119000022,2649,1179,1470
119000023,223,133,90
119000024,1826,4987,-3161
119000025,10473,1092,9381
119000026,233,216,17
119000027,311,260,51
119000028,1771,982,789
119000029,128,204,-76
119000030,349,1174,-825
119000031,495,670,-175
119000032,1637,2023,-386
119000033,1230,1397,-167
119000034,842,991,-149
119000035,25,376,-351
119000036,665,1056,-391
119000037,700,2339,-1639
119000038,61,1242,-1181
119000039,111,257,-146
119000040,801,362,439
119000041,782,1029,-247
119000048,2951,3788,-837
119000049,1032,3638,-2606
119000050,1242,2307,-1065
119000051,1461,818,643
119000052,1937,2719,-782
119000053,1334,1036,298
119000054,2112,3821,-1709
119000055,2042,3393,-1351
119000056,1266,1683,-417
119000057,1056,2521,-1465
119000058,1344,2118,-774
119000059,714,1449,-735
119000060,819,691,128
119000061,632,752,-120
119000062,839,1207,-368
119000063,227,297,-70
119000064,1265,1670,-405
119000065,1387,2688,-1301
119000066,1090,765,325
119000067,1645,2605,-960
119000068,896,880,16
119000069,1125,2480,-1355
119000070,1261,1037,224
119000071,503,757,-254
119000072,5957,3387,2570
119000073,4071,4367,-296
119000074,560,3923,-3363
119000075,670,2287,-1617
119000076,410,793,-383
119000077,583,394,189
119000078,203,380,-177
119000079,58,745,-687
119000080,155,184,-29
119000081,102,307,-205
119000082,273,215,58
119000083,268,281,-13
119000084,228,437,-209
119000085,430,277,153
119000086,207,314,-107
119000087,1505,923,582
119000088,209,215,-6
119000089,51,128,-77
119000090,133,135,-2
119000091,120,247,-127
119000092,540,174,366
119000093,3712,3487,225
119000094,1661,4565,-2904
119000095,832,2888,-2056
119000097,2336,1521,815
119000098,526,1271,-745
119000099,1603,1421,182
119000100,1670,1637,33
119000101,1927,2174,-247
119000102,520,639,-119
119000103,940,443,497
119000104,2892,1236,1656
119000105,466,745,-279
119000106,188,2030,-1842
119000107,330,437,-107
119000108,149,1461,-1312
119000109,101,245,-144
119000110,303,296,7
119000111,19,419,-400
119000112,146,82,64
119000113,2128,204,1924
119000114,493,424,69
119000115,142,209,-67
119000116,79,87,-8
119000117,35,240,-205
119000118,2,1,1
119000123,2372,636,1736
119000124,241,234,7
119000125,1313,988,325
119000126,425,1007,-582
119000127,246,891,-645
119000128,22,2,20
119000131,441,1124,-683
119000132,4,1,3
119000133,0,6,-6
119000134,2487,431,2056
119000135,37,227,-190
119000136,85,311,-226
119000137,75,538,-463
119000138,115,425,-310
119000139,111,274,-163
119000140,56,214,-158
119000284,1293,2825,-1532
119000285,2339,2107,232
119000286,5823,4467,1356
119000287,1024,2055,-1031
119000288,1375,1778,-403
119000289,2198,3768,-1570
119000290,128,484,-356
119000291,9,343,-334
119000293,65,145,-80
119000294,26,32,-6
119000295,1990,523,1467
119000296,95,89,6
119000297,0,0,0
119000302,4058,1258,2800
119000303,35,156,-121
119000310,0,0,0
119000314,1240,4628,-3388
119000315,9,708,-699
119000316,30,111,-81
119000317,29,511,-482
119000319,152,394,-242
119900001,87,728,-641
119900002,36,274,-238
119900003,23,1273,-1250
119900004,239,249,-10
119900005,56,152,-96
119900006,133,324,-191
119900007,447,82,365
119900008,21,11,10
119900009,258,547,-289
119900010,621,932,-311
119900011,32,28,4
119900012,9,17,-8
119900013,1328,550,778
119900014,454,177,277
119900015,69,16,53
119900016,19,84,-65
119900017,7,31,-24
119900018,1399,191,1208
119900019,22,3,19
119900020,48,136,-88
119900021,60,36,24
119900022,86,173,-87
119900023,720,500,220
119900025,49,19,30
119900026,622,61,561
119900027,0,11,-11
119900028,180,22,158
119900029,0,3,-3
119900030,324,338,-14
119900031,20,183,-163
119900033,1565,92,1473
119900034,105,113,-8
119900037,71,21,50
119900038,16,93,-77
119900039,33,8,25
119900040,29,3,26
119900041,32,40,-8
119900042,33,144,-111
119900043,36,167,-131
119900044,138,251,-113
119900046,30,62,-32
119900047,85,61,24
119900049,53,13,40
119900050,27,34,-7
119900051,337,3,334
119900052,31,40,-9
119900053,57,179,-122
119900054,28,1,27
119900055,488,256,232
119900057,54,87,-33
119900058,88,4,84
119900059,52,27,25
119900060,87,3,84
119900061,69,2,67
119900062,18,17,1
119900063,6,33,-27
119900065,111,5,106
119900067,21,21,0
119900068,167,4,163
119900069,27,11,16
119900070,227,1,226
119900071,209,7,202
119900073,1456,334,1122
119900074,13,8,5
119900075,5798,1470,4328
119900076,179,587,-408
119900077,232,1355,-1123
119900078,215,953,-738
119900079,296,380,-84
119900080,159,314,-155
119900081,227,226,1
119900082,528,321,207
119900083,206,59,147
119900084,419,104,315
119900085,97,45,52
119900086,159,1107,-948
119900087,215,140,75
119900088,37,24,13
119900089,13,570,-557
119900090,141,26,115
119900091,22,1193,-1171
119900092,5,330,-325
119900093,428,85,343
119900094,29,209,-180
119900095,114,32,82
119900096,39,75,-36
119900097,345,153,192
119900098,11,30,-19
119900099,22,188,-166
119900100,2541,1480,1061
119900101,171,711,-540
119900102,18,279,-261
119900103,8,392,-384
119900104,9,181,-172
119900105,409,961,-552
119900106,5,243,-238
119900107,289,3592,-3303
119900108,1812,652,1160
119900109,10,173,-163
119900110,328,641,-313
119900111,30,417,-387
119900112,2832,392,2440
119900113,43,479,-436
119900114,138,1822,-1684
119900115,91,1449,-1358
119900116,106,236,-130
119900117,125,945,-820
119900118,4,1220,-1216
119900119,62,278,-216
119900120,505,652,-147
119900121,125,1477,-1352
119900122,218,399,-181
119900123,126,235,-109
119900124,76,1041,-965
119900125,29,457,-428
119900126,4633,206,4427
119900127,2709,832,1877
119900128,195,761,-566
119900129,99,852,-753
119900130,44,255,-211
119900131,18,332,-314
119900132,1,370,-369
119900133,14,26,-12
119900134,2286,184,2102
119900135,0,429,-429
119900136,126,546,-420
119900138,331,555,-224
119900139,4,47,-43
119900140,0,153,-153
119900141,80,283,-203
119900142,0,7,-7
119900143,9,225,-216
119900144,2200,202,1998
119900145,42,229,-187
119900146,135,79,56
119900147,3,76,-73
119900148,53,30,23
119900149,1671,1553,118
119900150,143,178,-35
119900151,1107,627,480
119900152,23,399,-376
119900153,43,55,-12
119900154,55,1003,-948
119900155,6,19,-13
119900156,6,2,4
119900157,26,271,-245
119900158,60,33,27
119900159,8,1898,-1890
119900160,7,251,-244
119900161,177,261,-84
119900162,534,564,-30
119900163,106,85,21
119900164,0,0,0
119900165,58,239,-181
119900166,32,14,18
119900167,80,153,-73
119900168,301,337,-36
119900169,85,175,-90
119900170,110,88,22
119900171,392,440,-48
119900172,55,10,45
119900173,5,576,-571
119900174,10,260,-250
119900175,485,556,-71
119900177,22,280,-258
119900178,3,155,-152
119900179,35,147,-112
119900180,566,582,-16
119900181,33,23,10
119900182,6,411,-405
119900183,86,942,-856
119900184,2713,452,2261
119900185,14,63,-49
119900186,32,241,-209
119900187,3,589,-586
119900188,18,317,-299
119900189,278,135,143
119900190,25,95,-70
119900191,173,95,78
119900192,11,183,-172
119900193,120,162,-42
119900194,2,24,-22
119900195,10,189,-179
119900196,1654,472,1182
119900197,66,118,-52
119900198,62,474,-412
119900199,96,8,88
119900200,204,482,-278
119900201,268,122,146
119900202,143,71,72
119900203,115,210,-95
119900204,91,273,-182
119900205,154,605,-451
119900206,62,95,-33
119900208,72,171,-99
119900209,226,555,-329
119900210,14,39,-25
119900211,44,9,35
119900212,55,246,-191
119900213,0,53,-53
119900214,2,102,-100
119900215,7,89,-82
119900216,7,86,-79
119900217,7,52,-45
119900218,8,49,-41
119900219,5,141,-136
119900220,1,116,-115
119900221,20,430,-410
119900222,15,293,-278
119900223,25,91,-66
119900224,7,30,-23
119900225,1154,37,1117
119900226,758,874,-116
119900227,1157,290,867
119900228,7,215,-208
119900229,206,349,-143
119900230,1122,500,622
119900231,95,208,-113
119900232,123,58,65
119900233,14,0,14
119900234,11,25,-14
119900235,0,21,-21
119900236,7,187,-180
119900237,13,456,-443
119900238,0,77,-77
119900240,28,110,-82
119900241,86,211,-125
119900242,1337,800,537
119900244,652,919,-267
119900245,22,94,-72
119900246,186,184,2
119900247,19,35,-16
119900248,25,42,-17
119900249,143,64,79
119900253,4047,261,3786
119900254,31,177,-146
119900255,42,429,-387
119900256,139,1326,-1187
119900257,9,2,7
119900258,33,23,10
119900259,5,185,-180
119900260,46,0,46
119900261,100,146,-46
119900262,2,298,-296
119900263,799,311,488
119900264,35,235,-200
119900265,122,301,-179
119900266,91,271,-180
119900267,89,362,-273
119900268,120,208,-88
119900269,239,1454,-1215
119900271,14,58,-44
119900272,62,34,28
119900275,48,4,44
119900276,17,0,17
119900277,2,5,-3
119900278,161,48,113
119900279,76,83,-7
119900280,893,147,746
119900281,1,32,-31
119900282,23,11,12
119900283,1,350,-349
119900284,47,157,-110
119900285,14,34,-20
119900286,12,3,9
119900288,3,45,-42
119900289,1,45,-44
119900290,3,37,-34
119900291,0,17,-17
119900292,15,20,-5
119900293,14,54,-40
119900294,9,67,-58
119900295,13,56,-43
119900296,13,271,-258
119900297,0,25,-25
119900298,4,4,0
119900299,10,237,-227
119900300,70,149,-79
119900301,28,14,14
119900302,9,25,-16
119900303,68,143,-75
119900304,35,20,15
119900305,17,81,-64
119900306,12,1,11
119900307,17,126,-109
119900308,1,7,-6
119900309,6,34,-28
119900310,131,258,-127
119900311,36,156,-120
119900312,28,78,-50
119900313,98,372,-274
119900314,67,202,-135
119900315,448,2547,-2099
119900318,5,21,-16
119900319,25,409,-384
119900320,41,807,-766
119900321,37,3,34
120000001,6572,7938,-1366
120000002,1873,3252,-1379
120000003,3392,1780,1612
120000004,2525,2436,89
120000005,4630,2128,2502
120000006,1256,1305,-49
120000007,3215,2221,994
120000008,895,1223,-328
120000009,4772,978,3794
120000010,1272,2935,-1663
120000011,876,1915,-1039
120000012,1274,2742,-1468
120000013,1894,2666,-772
120000014,418,1360,-942
120000015,1958,1338,620
120000016,2371,2261,110
120000017,1659,1683,-24
120000018,4610,7173,-2563
120000019,658,996,-338
120000020,2487,2104,383
120000021,1798,1699,99
120000022,2632,3061,-429
120000023,799,1546,-747
120000024,1326,2091,-765
120000025,1644,2071,-427
120000026,625,1814,-1189
120000027,1011,1607,-596
120000028,452,308,144
120000029,2186,418,1768
120000030,99,602,-503
120000031,1408,4748,-3340
120000032,9309,3070,6239
120000033,2378,1641,737
120000034,1063,2220,-1157
120000035,1099,2639,-1540
120000036,1837,3545,-1708
120000037,463,824,-361
120000038,9973,3050,6923
120000039,387,1052,-665
120000040,52,127,-75
120000041,405,1753,-1348
120000042,1112,4381,-3269
120000043,3416,2523,893
120000044,2680,1170,1510
120000045,2631,988,1643
120000046,1412,1437,-25
120000047,1742,2280,-538
120000048,7481,3097,4384
120000049,3200,2657,543
120000050,2643,4732,-2089
120000051,3372,3994,-622
120000052,14139,2613,11526
120000053,1018,4574,-3556
120000054,1237,6969,-5732
120000055,990,4470,-3480
120000056,2301,4649,-2348
120000057,1205,751,454
120000058,454,229,225
120000059,37,949,-912
120000061,86,664,-578
120000062,206,241,-35
120000063,1717,3150,-1433
120000064,180,1748,-1568
120000065,312,1996,-1684
120000066,85,474,-389
120000067,19,586,-567
120000068,108,1256,-1148
120000069,381,1771,-1390
120000070,28,1117,-1089
120000071,101,171,-70
120000072,282,546,-264
120000073,298,103,195
120000074,29,57,-28
120000075,246,182,64
120000076,852,376,476
120000077,985,450,535
120000078,2280,617,1663
120000079,150,790,-640
120000080,152,301,-149
120000081,145,223,-78
120000082,150,216,-66
120000083,101,353,-252
120000084,394,429,-35
120000085,224,470,-246
120000086,284,872,-588
120000087,196,1512,-1316
120000088,477,1386,-909
120000089,697,544,153
120000090,290,512,-222
120000091,523,755,-232
120000092,701,553,148
120000093,146,523,-377
120000094,87,357,-270
120000095,661,732,-71
120000096,215,1282,-1067
120000098,485,1046,-561
120000099,186,694,-508
120000100,475,968,-493
120000101,364,451,-87
120000102,291,493,-202
120000103,700,353,347
120000104,1114,225,889
120000105,1257,287,970
120000106,1015,334,681
120000107,1650,384,1266
120000108,524,103,421
120000109,519,42,477
120000110,88,937,-849
120000111,93,1458,-1365
120000112,548,4995,-4447
120000113,479,3191,-2712
120000114,562,3024,-2462
120000115,278,2632,-2354
120000116,552,2207,-1655
120000117,1118,1645,-527
120000118,17,41,-24
120000119,35,52,-17
120000120,58,52,6
120000121,30,59,-29
120000122,317,281,36
120000123,6436,3380,3056
120000124,285,444,-159
120000125,251,594,-343
120000126,312,741,-429
120000127,2193,606,1587
120000128,4725,1809,2916
120000129,250,288,-38
120000130,536,682,-146
120000131,185,456,-271
120000134,257,1540,-1283
120000135,142,276,-134
120000137,69,2584,-2515
120000138,223,448,-225
120000139,108,1291,-1183
120000140,222,649,-427
120000141,102,590,-488
120000142,195,563,-368
120000143,1,149,-148
120000144,32,3,29
120000145,100,3,97
120000146,2167,1018,1149
120000149,466,880,-414
120000150,4968,7114,-2146
120000151,362,521,-159
120000152,238,283,-45
120000153,91,781,-690
120000154,387,292,95
120000155,89,212,-123
120000156,2161,433,1728
120000157,716,574,142
120000158,471,946,-475
120000159,1478,2245,-767
120000160,1605,1127,478
120000161,903,2633,-1730
120000162,46,254,-208
120000163,222,1683,-1461
120000164,249,567,-318
120000165,198,1026,-828
120000166,501,658,-157
120000167,21,21,0
120000168,10,77,-67
120000169,101,252,-151
120000170,105,176,-71
120000171,29,55,-26
120000172,20,29,-9
120000173,2464,215,2249
120000174,597,9,588
120000175,560,11,549
120000176,326,54,272
120000177,1137,326,811
120000178,98,10,88
120000179,435,21,414
120000180,490,41,449
120000181,94,78,16
120000182,102,90,12
120000183,5,131,-126
120000184,77,972,-895
120000186,65,72,-7
120000187,54,30,24
120000188,273,56,217
120000190,1128,12,1116
120000191,1774,19,1755
120000192,2132,9,2123
120000193,471,1,470
120000195,117,4,113
120000196,260,28,232
120000197,72,111,-39
120000198,77,148,-71
120000199,48,0,48
120000200,46,0,46
120000201,10,16,-6
120000202,3,67,-64
120000203,17,398,-381
120000207,2,102,-100
120000208,9,383,-374
120000209,5,146,-141
120000210,136,94,42
120000211,47,2,45
120000212,54,2,52
120000213,51,438,-387
120000214,3,527,-524
120000215,1,165,-164
120000216,25,4,21
120000217,773,1386,-613
120000218,293,1440,-1147
120000219,10,919,-909
120000220,16,3283,-3267
120000225,533,1,532
120000226,154,0,154
120000227,502,13,489
120000228,7644,1543,6101
120000230,130,5,125
120000231,492,2500,-2008
120000233,153,66,87
120000235,90,898,-808
120000236,368,1,367
120000237,5,2586,-2581
120000238,0,107,-107
120000241,866,2896,-2030
120000412,1288,11,1277
120000413,151,630,-479
120000414,40,4,36
120000415,1,307,-306
120000416,11,13,-2
120000417,1,134,-133
120000418,34,19,15
120000419,2,439,-437
120000420,63,30,33
120000421,13983,5669,8314
120000422,200,367,-167
120000423,1,43,-42
120000424,23,177,-154
120000436,113,361,-248
120000437,169,179,-10
120000438,5280,384,4896
120000439,95,224,-129
120000443,63,0,63
120000444,613,619,-6
120000445,1229,1188,41
120000446,1000,352,648
120000447,53,9,44
120000449,70,14,56
120000450,7,492,-485
120000451,105,257,-152
120000452,26,0,26
120000453,0,447,-447
120000454,65,15,50
120000455,51,59,-8
120000456,2866,2300,566
120000457,1071,1008,63
120000458,484,753,-269
120000459,43,78,-35
120000665,871,128,743
120000668,54,148,-94
120000669,51,491,-440
120000670,207,310,-103
120000671,611,214,397
120000672,98,496,-398
120900001,38,26,12
120900002,200,146,54
120900003,112,23,89
120900004,4,14,-10
120900005,11,2406,-2395
120900006,134,207,-73
120900007,79,167,-88
120900008,94,1284,-1190
120900009,374,62,312
120900010,169,33,136
120900011,333,80,253
120900012,1022,640,382
120900013,182,37,145
120900014,3,811,-808
120900015,212,81,131
120900016,355,41,314
120900017,3487,89,3398
120900018,22,403,-381
120900019,344,87,257
120900020,570,551,19
120900021,344,55,289
120900022,13,396,-383
120900023,112,29,83
120900024,1261,438,823
120900025,1996,748,1248
120900026,59,155,-96
120900027,479,68,411
120900028,110,27,83
120900029,83,175,-92
120900030,520,385,135
120900031,111,30,81
120900032,371,163,208
120900033,474,35,439
120900034,18,1406,-1388
120900035,23,37,-14
120900037,60,9,51
120900038,39,141,-102
120900039,52,19,33
120900040,98,2,96
120900041,87,23,64
120900042,119,65,54
120900043,17,9,8
120900044,5,420,-415
120900045,71,66,5
120900046,183,10,173
120900047,74,36,38
120900048,63,9,54
120900049,179,5,174
120900050,4403,1073,3330
120900051,145,91,54
120900052,216,3,213
120900053,68,79,-11
120900054,1244,725,519
120900055,133,4,129
120900056,262,6,256
120900057,67,7,60
120900058,186,3,183
120900059,40,2,38
120900060,18,16,2
120900061,218,276,-58
120900062,57,0,57
120900063,247,2,245
120900064,151,0,151
120900065,175,0,175
120900066,111,352,-241
120900067,164,44,120
120900068,74,1,73
120900069,95,64,31
120900071,10,1,9
120900072,268,1,267
120900073,188,179,9
120900074,214,8,206
120900076,126,1,125
120900077,3109,166,2943
120900078,257,808,-551
120900079,258,93,165
120900080,274,3109,-2835
120900081,450,779,-329
120900082,544,325,219
120900083,39,4,35
120900084,175,213,-38
120900085,150,129,21
120900086,151,155,-4
120900087,182,73,109
120900088,62,176,-114
120900089,5199,1112,4087
120900090,52,224,-172
120900091,322,250,72
120900092,800,706,94
120900093,4732,281,4451
120900094,529,182,347
120900095,210,46,164
120900096,17,98,-81
120900097,442,1152,-710
120900098,206,188,18
120900099,47,60,-13
120900100,36,446,-410
120900101,489,374,115
120900102,11,105,-94
120900103,26,108,-82
120900104,16,41,-25
120900105,27,987,-960
120900106,1199,596,603
120900107,380,122,258
120900108,3,1281,-1278
120900109,18,859,-841
120900110,21,694,-673
120900111,88,434,-346
120900112,5,1622,-1617
120900113,14,1209,-1195
120900114,26,234,-208
120900115,131,210,-79
120900116,93,713,-620
120900117,1,679,-678
120900118,8,1271,-1263
120900119,3499,3184,315
120900120,52,779,-727
120900121,56,493,-437
120900122,108,829,-721
120900123,6,688,-682
120900124,2,926,-924
120900125,2,1171,-1169
120900126,1205,771,434
120900127,5,724,-719
120900128,828,993,-165
120900129,37,436,-399
120900130,2,511,-509
120900131,15,38,-23
120900132,396,402,-6
120900133,139,1229,-1090
120900134,443,457,-14
120900135,3,836,-833
120900136,11,19,-8
120900137,54,87,-33
120900138,16,228,-212
120900139,5,1024,-1019
120900140,3,47,-44
120900141,71,77,-6
120900142,20,1073,-1053
120900143,8,1166,-1158
120900144,1,233,-232
120900145,35,1081,-1046
120900146,8,1203,-1195
120900147,1,366,-365
120900148,52,113,-61
120900149,1,483,-482
120900150,10,717,-707
120900151,14,817,-803
120900152,1,60,-59
120900153,9,68,-59
120900154,1,409,-408
120900155,72,1372,-1300
120900156,51,518,-467
120900157,14,284,-270
120900158,27,586,-559
120900159,59,647,-588
120900160,20,363,-343
120900161,36,1003,-967
120900162,24,953,-929
120900163,11,138,-127
120900164,0,1,-1
120900165,0,5,-5
120900166,21,71,-50
120900167,155,53,102
120900169,32,573,-541
120900170,2689,1265,1424
120900171,1107,318,789
120900172,1045,144,901
120900173,4,51,-47
120900174,3,87,-84
120900175,234,169,65
120900176,3,170,-167
120900177,0,391,-391
120900178,1,143,-142
120900179,914,409,505
120900180,88,61,27
120900181,15,83,-68
120900182,8,523,-515
120900183,540,108,432
120900184,184,54,130
120900185,5,351,-346
120900186,0,677,-677
120900187,184,616,-432
120900188,55,4,51
120900189,132,485,-353
120900190,35,13,22
120900191,2,28,-26
120900192,14225,2305,11920
120900194,16,71,-55
120900195,84,276,-192
120900196,395,69,326
120900197,308,35,273
120900198,157,680,-523
120900199,170,155,15
120900200,103,96,7
120900201,590,106,484
120900202,3,254,-251
120900203,7,50,-43
120900204,270,398,-128
120900205,41,72,-31
120900206,6,7,-1
120900207,38,1237,-1199
121000001,844,1095,-251
121000002,1771,1036,735
121000003,3622,1879,1743
121000004,2121,2943,-822
121000005,2019,2452,-433
121000006,2412,1081,1331
121000007,2584,2648,-64
121000008,4789,2519,2270
121000009,5725,4613,1112
121000010,7551,3280,4271
121000011,8744,9563,-819
121000012,13086,6419,6667
121000013,4593,6434,-1841
121000014,6188,5200,988
121000015,3737,5169,-1432
121000016,4416,2982,1434
121000017,1367,2764,-1397
121000018,1686,1470,216
121000019,20509,7853,12656
121000020,12526,6913,5613
121000021,2434,2797,-363
121000022,1174,1250,-76
121000023,3391,2787,604
121000024,2146,2424,-278
121000025,477,736,-259
121000026,250,92,158
121000027,1201,781,420
121000028,580,351,229
121000029,657,632,25
121000030,286,276,10
121000031,409,496,-87
121000032,165,64,101
121000034,232,107,125
121000035,127,102,25
121000036,1013,721,292
121000037,507,551,-44
121000038,464,450,14
121000039,225,260,-35
121000041,316,422,-106
121000042,146,327,-181
121000043,614,454,160
121000044,1565,584,981
121000045,208,256,-48
121000046,243,556,-313
121000047,144,243,-99
121000049,1488,600,888
121000050,254,874,-620
121000051,469,329,140
121000052,221,511,-290
121000053,352,65,287
121000054,55,191,-136
121000055,1141,962,179
121000056,696,860,-164
121000057,114,221,-107
121000058,383,71,312
121000059,1538,752,786
121000060,350,688,-338
121000061,91,139,-48
121000062,80,213,-133
121000063,532,427,105
121000064,501,560,-59
121000065,337,348,-11
121000066,433,435,-2
121000067,763,251,512
121000068,422,248,174
121000069,324,259,65
121000070,1590,1047,543
121000071,787,699,88
121000072,941,631,310
121000073,640,582,58
121000074,64,118,-54
121000075,34,35,-1
121000076,1029,290,739
121000077,75,80,-5
121000078,86,137,-51
121000080,2441,504,1937
121000081,2168,1698,470
121000082,138,196,-58
121000083,170,132,38
121000084,147,81,66
121000085,299,318,-19
121000086,129,848,-719
121000087,50,220,-170
121000088,371,487,-116
121000089,368,228,140
121000090,280,272,8
121000091,1412,605,807
121000092,144,87,57
121000093,110,172,-62
121000094,506,429,77
121000095,276,407,-131
121000096,2005,2107,-102
121000097,1088,1432,-344
121000098,347,1149,-802
121000099,315,869,-554
121000100,506,595,-89
121000101,133,239,-106
121000102,76,409,-333
121000103,84,269,-185
121000104,98,168,-70
121000105,197,209,-12
121000106,125,301,-176
121000107,1950,3350,-1400
121000109,1184,999,185
121000110,259,413,-154
121000114,2133,2059,74
121000115,666,753,-87
121000116,461,678,-217
121000117,863,243,620
121000118,1040,261,779
121000119,181,225,-44
121000120,160,394,-234
121000121,358,752,-394
121000123,1269,550,719
121000127,79,106,-27
121000128,729,492,237
121000129,346,427,-81
121000130,314,878,-564
121000131,1747,1020,727
121000132,997,1058,-61
121000135,342,195,147
121000136,753,416,337
121000137,437,153,284
121000138,659,606,53
121000139,364,83,281
121000141,163,79,84
121000142,639,478,161
121000143,194,12,182
121000144,1101,719,382
121000145,387,1191,-804
121000146,819,648,171
121000147,434,365,69
121000148,552,1002,-450
121000149,1684,969,715
121000152,311,499,-188
121000153,1245,438,807
121000154,607,392,215
121000155,871,931,-60
121000156,287,846,-559
121000157,1265,1804,-539
121000158,296,579,-283
121000159,119,532,-413
121000160,187,610,-423
121000161,75,312,-237
121000162,15,258,-243
121000165,1482,1495,-13
121000166,25,527,-502
121000168,204,283,-79
121000169,36,166,-130
121000170,152,66,86
121000171,24,154,-130
121000172,383,387,-4
121000173,908,540,368
121000174,148,333,-185
121000175,380,443,-63
121000176,251,252,-1
121000177,576,612,-36
121000178,80,60,20
121000179,82,72,10
121000181,360,265,95
121000182,85,129,-44
121000183,23,65,-42
121000184,42,64,-22
121000185,15,153,-138
121000186,111,244,-133
121000187,88,211,-123
121000188,41,251,-210
121000192,458,260,198
121000193,411,437,-26
121000194,2303,1770,533
121000195,304,853,-549
121000196,621,200,421
121000197,184,672,-488
121000198,216,53,163
121000199,87,438,-351
121000200,282,47,235
121000201,3,164,-161
121000202,512,69,443
121000203,555,2249,-1694
121000204,1495,473,1022
121000205,133,194,-61
121000206,95,24,71
121000207,1137,456,681
121000208,6,369,-363
121000209,136,484,-348
121000210,171,562,-391
121000211,106,103,3
121000212,163,755,-592
121000213,7839,2121,5718
121000214,744,1448,-704
121000215,998,648,350
121000216,339,357,-18
121000217,3582,1948,1634
121000218,450,1647,-1197
121000219,1266,241,1025
121000220,347,93,254
121000221,121,193,-72
121000222,2511,2117,394
121000223,522,428,94
121000224,315,124,191
121000225,1367,782,585
121000226,2195,535,1660
121000227,8,228,-220
121000228,21,791,-770
121000229,69,470,-401
121000230,61,1840,-1779
121000231,389,34,355
121000232,302,155,147
121000233,313,262,51
121000234,7,23,-16
121000235,24,61,-37
121000236,6,44,-38
121000237,47,27,20
121000238,3,68,-65
121000239,9,5,4
121000240,8,157,-149
121000241,45,13,32
121000242,62,151,-89
121000243,507,63,444
121000244,0,69,-69
121000245,9,11,-2
121000246,1,67,-66
121000247,19,1,18
121000248,467,603,-136
121000249,83,154,-71
121000250,184,67,117
121000251,9,539,-530
121000252,36,29,7
121000253,135,495,-360
121000254,344,240,104
121000255,114,123,-9
121000256,176,150,26
121000257,35,57,-22
121000258,59,87,-28
121000259,28,18,10
121000260,51,82,-31
121000261,25,42,-17
121000262,702,559,143
121000263,337,435,-98
121000271,188,1748,-1560
121000273,71,8,63
121000274,0,28,-28
121000275,4,17,-13
121000276,4,10,-6
121000278,31,50,-19
121000279,47,17,30
121000280,39,32,7
121000289,254,23,231
121000290,1079,552,527
121000294,62,155,-93
121000297,780,717,63
121000299,57,254,-197
121000300,493,449,44
121000302,122,708,-586
121000303,421,386,35
121000304,329,41,288
121000305,84,51,33
121000306,56,79,-23
121000308,125,269,-144
121000309,260,477,-217
121000310,50,335,-285
121000311,48,608,-560
121000312,210,139,71
121000313,398,359,39
121000314,118,82,36
121000315,70,98,-28
121000530,639,1234,-595
121000531,914,1332,-418
121000532,4464,3473,991
121000533,2036,1925,111
121000918,12,219,-207
121000919,13,52,-39
121000938,529,303,226
121000939,659,251,408
121000956,494,1394,-900
121000957,2,7,-5
121000958,52,41,11
121000959,317,1036,-719
121000960,1600,2065,-465
121000961,136,53,83
121000962,314,746,-432
121000963,0,0,0
121000973,0,465,-465
121000976,15,134,-119
121000979,208,40,168
121000981,249,88,161
121000982,150,219,-69
121000983,259,416,-157
121000984,5,35,-30
121000985,274,705,-431
121000986,110,329,-219
121000987,194,1621,-1427
121000988,371,106,265
121001302,252,132,120
121001308,2,7,-5
121001309,48,50,-2
121001311,0,0,0
121001313,52,382,-330
121001314,3323,3717,-394
121001315,3601,1490,2111
121001326,311,335,-24
121900001,46,159,-113
121900002,34,20,14
121900003,264,7,257
121900004,66,260,-194
121900005,20,1,19
121900006,50,9,41
121900007,1446,1508,-62
121900008,418,67,351
121900009,451,15,436
121900010,228,3,225
121900011,105,348,-243
121900012,2,0,2
121900013,1108,29,1079
121900014,745,317,428
121900015,103,122,-19
121900016,4,52,-48
121900017,231,397,-166
121900018,235,4,231
121900019,147,166,-19
121900020,22,1,21
121900021,661,15,646
121900022,80,101,-21
121900023,40,293,-253
121900024,319,73,246
121900025,280,246,34
121900026,208,41,167
121900027,127,89,38
121900028,161,2,159
121900029,45,149,-104
121900030,427,299,128
121900031,888,3497,-2609
121900032,57,61,-4
121900033,109,98,11
121900034,150,54,96
121900035,1870,1150,720
121900036,60,272,-212
121900037,106,460,-354
121900038,23,91,-68
121900039,270,27,243
121900040,24,48,-24
121900041,83,82,1
121900042,198,94,104
121900043,2,3,-1
121900044,212,20,192
121900046,125,145,-20
121900047,72,74,-2
121900048,4,104,-100
121900050,6,42,-36
121900051,65,131,-66
121900052,61,37,24
121900053,219,167,52
121900054,482,571,-89
121900055,0,7,-7
121900058,68,192,-124
121900059,150,78,72
121900060,63,218,-155
121900062,64,46,18
121900063,512,233,279
121900064,101,521,-420
121900066,37,23,14
121900067,16,18,-2
121900069,159,87,72
121900070,135,83,52
121900071,86,200,-114
121900072,12,172,-160
121900073,155,127,28
121900074,566,308,258
121900075,465,230,235
121900076,183,508,-325
121900078,37,43,-6
121900079,0,0,0
121900080,335,279,56
121900082,25,72,-47
121900084,4,233,-229
121900086,14,31,-17
121900087,157,76,81
121900088,1542,1397,145
121900089,55,303,-248
121900090,7,91,-84
121900091,11,83,-72
121900092,49,82,-33
121900093,41,39,2
121900094,14,8,6
121900095,112,66,46
121900096,987,378,609
121900097,142,98,44
121900098,4,0,4
121900099,135,69,66
121900100,104,124,-20
121900101,65,67,-2
121900102,10,87,-77
121900103,347,209,138
121900104,640,188,452
121900105,84,67,17
121900106,2,2,0
121900107,3,28,-25
121900108,0,11,-11
121900109,276,121,155
121900110,143,1096,-953
121900111,604,90,514
121900112,64,67,-3
121900113,35,135,-100
121900114,3,26,-23
121900117,84,15,69
121900118,1641,264,1377
121900119,58,103,-45
121900120,20,1142,-1122
121900121,382,17,365
121900122,16,19,-3
121900123,145,329,-184
121900124,79,152,-73
121900125,556,727,-171
121900127,12,52,-40
121900128,22,106,-84
121900129,888,69,819
121900130,99,189,-90
121900131,192,96,96
121900132,30,92,-62
121900133,80,271,-191
121900134,14,72,-58
121900135,1817,152,1665
121900136,134,428,-294
121900137,23,248,-225
121900138,38,167,-129
121900139,297,374,-77
121900140,38,132,-94
121900141,51,5,46
121900142,28,101,-73
121900143,3,91,-88
121900144,171,255,-84
121900145,90,82,8
121900146,388,512,-124
121900147,39,120,-81
121900148,88,185,-97
121900149,282,463,-181
121900150,59,114,-55
121900151,34,171,-137
121900152,37,127,-90
121900153,68,373,-305
121900154,5,128,-123
121900155,0,54,-54
121900156,102,60,42
121900157,0,340,-340
121900158,41,68,-27
121900159,0,192,-192
121900160,29,205,-176
121900161,368,239,129
121900162,103,92,11
121900163,71,608,-537
121900164,278,133,145
121900165,101,129,-28
121900166,83,149,-66
121900167,87,39,48
121900168,155,85,70
121900169,2,271,-269
121900170,3,111,-108
121900171,361,372,-11
121900172,198,192,6
121900173,697,95,602
121900174,18,12,6
121900175,53,130,-77
121900176,357,1434,-1077
121900177,73,46,27
121900178,28,61,-33
121900179,149,88,61
121900180,4403,1957,2446
121900182,471,228,243
121900183,281,358,-77
121900184,41,424,-383
121900186,0,247,-247
121900187,10,108,-98
121900188,425,230,195
121900189,13,108,-95
121900190,133,343,-210
121900191,31,119,-88
121900192,309,406,-97
121900193,15,160,-145
121900194,4,108,-104
121900195,65,78,-13
121900196,623,512,111
121900197,233,1722,-1489
121900198,815,805,10
121900199,1,13,-12
121900200,33,173,-140
121900201,850,510,340
121900202,107,206,-99
121900203,155,502,-347
121900204,965,653,312
121900205,18,66,-48
121900206,4,9,-5
121900207,119,17,102
121900208,116,210,-94
121900209,14,16,-2
121900210,797,784,13
121900211,213,514,-301
121900212,70,68,2
121900213,76,67,9
121900214,3,290,-287
121900215,40,41,-1
121900216,18,57,-39
121900217,127,53,74
121900218,208,316,-108
121900220,115,1,114
121900221,143,434,-291
121900222,75,141,-66
121900223,117,44,73
121900224,52,41,11
121900225,94,67,27
121900226,176,228,-52
121900227,59,275,-216
121900228,149,236,-87
121900230,68,36,32
121900231,187,246,-59
121900232,145,287,-142
121900233,208,180,28
121900234,86,324,-238
121900235,203,231,-28
121900236,190,109,81
121900237,90,180,-90
121900238,116,131,-15
121900239,60,35,25
121900240,93,63,30
121900241,15,42,-27
121900242,2,0,2
121900243,2,0,2
121900244,0,0,0
121900245,146,65,81
121900246,931,282,649
121900248,869,535,334
121900250,199,205,-6
121900251,252,23,229
121900252,478,86,392
121900253,140,804,-664
121900254,303,136,167
121900255,127,54,73
121900258,1670,1060,610
121900259,244,291,-47
121900260,11,116,-105
121900261,91,288,-197
121900262,281,552,-271
121900263,87,208,-121
121900264,1757,846,911
121900265,65,223,-158
121900266,141,214,-73
121900267,19,21,-2
121900269,45,188,-143
121900270,5,116,-111
121900271,23,96,-73
121900273,316,1066,-750
121900274,143,162,-19
121900277,217,1204,-987
121900278,78,702,-624
121900279,136,261,-125
121900280,141,200,-59
121900281,201,84,117
121900284,55,19,36
121900286,55,120,-65
121900287,8,12,-4
121900288,2,1,1
121900290,141,181,-40
121900291,351,426,-75
121900292,150,73,77
121900293,662,2739,-2077
121900294,201,1,200
121900295,38,194,-156
121900296,35,16,19
121900298,330,377,-47
121900299,0,0,0
121900300,3,0,3
121900301,41,0,41
121900302,0,72,-72
121900303,242,509,-267
121900304,0,3,-3
121900305,1,1,0
121900306,58,5,53
121900307,15,14,1
121900308,17,349,-332
121900309,19,201,-182
121900310,22,418,-396
121900311,137,28,109
121900312,70,15,55
121900313,130,12,118
121900314,1,42,-41
121900315,0,0,0
121900316,0,18,-18
121900317,0,1,-1
121900318,0,11,-11
121900319,8,28,-20
121900320,42,87,-45
121900321,0,1,-1
121900322,0,17,-17
121900323,10,12,-2
121900324,12,37,-25
121900325,3,1,2
121900326,2,23,-21
121900327,1,42,-41
121900328,0,26,-26
121900329,0,200,-200
121900330,0,39,-39
121900331,52,3,49
121900332,42,11,31
121900333,16,1,15
121900334,123,45,78
122000001,2134,2870,-736
122000002,5057,1258,3799
122000003,1720,1134,586
122000004,2738,896,1842
122000005,2454,798,1656
122000006,1899,482,1417
122000007,1160,969,191
122000008,5716,3181,2535
122000009,480,205,275
122000010,1659,1763,-104
122000011,2446,716,1730
122000012,980,763,217
122000013,1809,982,827
122000014,1287,1715,-428
122000015,1174,687,487
122000016,417,663,-246
122000017,857,829,28
122000018,1034,885,149
122000019,576,1122,-546
122000020,104,128,-24
122000021,380,328,52
122000022,904,1172,-268
122000023,435,2005,-1570
122000024,941,663,278
122000025,1481,939,542
122000026,1883,614,1269
122000027,520,3842,-3322
122000028,543,302,241
122000029,278,173,105
122000030,332,72,260
122000031,105,185,-80
122000032,1253,2129,-876
122000033,758,579,179
122000034,429,393,36
122000035,281,601,-320
122000036,295,491,-196
122000037,201,238,-37
122000038,246,311,-65
122000039,542,384,158
122000040,297,275,22
122000041,369,472,-103
122000042,239,356,-117
122000043,107,67,40
122000044,75,115,-40
122000045,948,434,514
122000046,633,681,-48
122000047,228,145,83
122000048,2518,3193,-675
122000049,3989,1894,2095
122000050,1328,554,774
122000051,389,602,-213
122000052,427,250,177
122000053,145,438,-293
122000054,1978,1441,537
122000055,2021,1987,34
122000056,7004,2865,4139
122000057,3901,2186,1715
122000058,4056,1022,3034
122000059,3328,1090,2238
122000060,846,406,440
122000061,517,258,259
122000062,1253,376,877
122000063,1356,295,1061
122000064,2857,2743,114
122000065,4643,2454,2189
122000066,497,359,138
122000067,1274,1129,145
122000068,709,1129,-420
122000069,648,541,107
122000070,436,2564,-2128
122000071,672,1168,-496
122000072,323,221,102
122000073,551,411,140
122000074,1332,991,341
122000075,394,1030,-636
122000076,1349,872,477
122000077,1197,500,697
122000078,2947,1668,1279
122000079,1777,598,1179
122000080,980,227,753
122000081,150,267,-117
122000082,825,524,301
122000083,978,3106,-2128
122000084,619,545,74
122000085,145,1160,-1015
122000086,1768,4223,-2455
122000087,356,109,247
122000088,169,200,-31
122000089,4576,2147,2429
122000090,158,263,-105
122000091,179,52,127
122000092,119,11,108
122000093,1226,806,420
122000094,6123,1163,4960
122000095,2909,1635,1274
122000096,2499,1091,1408
122000098,2953,1104,1849
122000099,2306,492,1814
122000100,1025,490,535
122000101,211,664,-453
122000102,1229,811,418
122000103,1294,1148,146
122000104,197,152,45
122000105,230,197,33
122000106,372,409,-37
122000107,711,371,340
122000108,324,703,-379
122000109,225,272,-47
122000110,267,425,-158
122000111,1987,860,1127
122000112,520,1139,-619
122000113,392,520,-128
122000114,2832,1182,1650
122000115,1411,1081,330
122000116,304,408,-104
122000117,744,245,499
122000118,297,432,-135
122000119,2863,1081,1782
122000120,2139,1894,245
122000121,2893,1591,1302
122000122,669,895,-226
122000123,1787,965,822
122000124,925,303,622
122000125,415,492,-77
122000126,534,535,-1
122000127,1152,670,482
122000128,532,661,-129
122000129,283,566,-283
122000130,1916,419,1497
122000131,1214,471,743
122000132,743,288,455
122000133,817,1386,-569
122000134,387,401,-14
122000135,486,685,-199
122000136,338,206,132
122000137,731,628,103
122000139,1244,1861,-617
122000140,972,378,594
122000141,3544,607,2937
122000142,471,479,-8
122000143,372,186,186
122000144,1404,630,774
122000145,1133,470,663
122000146,472,689,-217
122000147,704,286,418
122000148,2680,822,1858
122000149,1889,845,1044
122000150,970,632,338
122000151,253,244,9
122000152,364,180,184
122000153,390,248,142
122000154,224,113,111
122000155,1224,1563,-339
122000156,1835,1400,435
122000157,1780,954,826
122000158,295,360,-65
122000159,763,1054,-291
122000160,3423,746,2677
122000161,865,368,497
122000162,1943,879,1064
122000163,246,62,184
122000164,21,67,-46
122000165,587,570,17
122000166,757,897,-140
122000167,231,209,22
122000168,170,404,-234
122000169,414,112,302
122000170,201,237,-36
122000171,36,69,-33
122000172,1208,1307,-99
122000173,1182,1907,-725
122000174,1572,651,921
122000175,989,196,793
122000176,234,567,-333
122000177,1129,1072,57
122000178,2491,1909,582
122000179,1588,2371,-783
122000180,1460,725,735
122000181,1433,2171,-738
122000182,1742,786,956
122000183,1280,838,442
122000184,2350,1427,923
122000185,1105,947,158
122000186,416,722,-306
122000187,1384,912,472
122000188,342,155,187
122000189,169,315,-146
122000190,888,909,-21
122000191,691,293,398
122000192,757,279,478
122000193,284,534,-250
122000194,575,133,442
122000195,116,387,-271
122000196,689,494,195
122000197,388,449,-61
122000198,392,840,-448
122000199,308,300,8
122000200,1132,411,721
122000201,1114,1412,-298
122000202,898,899,-1
122000203,1773,1263,510
122000204,1026,1531,-505
122000205,1359,904,455
122000206,2030,640,1390
122000207,975,1013,-38
122000208,1480,1261,219
122000209,1765,309,1456
122000210,1430,1566,-136
122000211,936,976,-40
122000212,548,370,178
122000213,713,956,-243
122000214,1340,1240,100
122000215,1508,1155,353
122000217,1737,1187,550
122000218,603,42,561
122000219,1174,838,336
122000220,356,598,-242
122000221,99,314,-215
122000222,477,61,416
122000223,960,367,593
122000225,502,195,307
122000226,901,1436,-535
122000227,284,1588,-1304
122000228,307,358,-51
122000229,27,323,-296
122000230,59,608,-549
122000231,170,630,-460
122000232,335,897,-562
122000233,1,143,-142
122000234,86,172,-86
122000235,376,232,144
122000236,413,131,282
122000237,91,52,39
122000238,102,137,-35
122000239,337,90,247
122000240,692,224,468
122000241,579,373,206
122000242,248,85,163
122000243,99,67,32
122000244,62,452,-390
122000245,65,333,-268
122000246,97,145,-48
122000247,367,795,-428
122000248,1245,1667,-422
122000249,305,387,-82
122000250,1082,612,470
122000251,153,300,-147
122000252,453,65,388
122000253,8,261,-253
122000254,93,53,40
122000255,462,1510,-1048
122000256,319,1199,-880
122000257,76,313,-237
122000258,98,168,-70
122000259,15,709,-694
122000260,130,505,-375
122000261,7,188,-181
122000262,0,64,-64
122000263,71,114,-43
122000264,471,356,115
122000265,1625,577,1048
122000266,3867,423,3444
122000267,66,92,-26
122000268,84,397,-313
122000269,521,207,314
122000270,677,106,571
122000271,272,955,-683
122000272,228,918,-690
122000273,226,452,-226
122000274,57,250,-193
122000275,64,178,-114
122000276,230,526,-296
122000277,414,1139,-725
122000278,488,858,-370
122000279,103,516,-413
122000280,510,686,-176
122000281,415,568,-153
122000282,111,59,52
122000283,252,38,214
122000284,74,82,-8
122000285,326,113,213
122000286,78,178,-100
122000287,540,1009,-469
122000288,216,210,6
122000291,686,364,322
122000293,376,260,116
122000294,65,173,-108
122000295,1108,156,952
122000296,36,502,-466
122000297,2674,1788,886
122000299,261,372,-111
122000300,450,473,-23
122000301,12852,2269,10583
122000302,771,608,163
122000303,3798,937,2861
122000304,41,124,-83
122000305,530,699,-169
122000306,23,758,-735
122000307,77,119,-42
122000309,59,66,-7
122000310,26,20,6
122000311,115,64,51
122000312,81,43,38
122000313,20,25,-5
122000314,111,180,-69
122000315,197,13,184
122000316,215,169,46
122000317,541,143,398
122000318,175,205,-30
122000319,315,440,-125
122000320,340,2068,-1728
122000321,45,292,-247
122000322,2674,2195,479
122000323,1372,1276,96
122000324,1282,1116,166
122000325,778,877,-99
122000326,23,123,-100
122000327,206,445,-239
122000328,968,647,321
122000330,1589,575,1014
122000333,5,223,-218
122000337,477,1767,-1290
122000338,223,427,-204
122000340,350,235,115
122000342,2263,908,1355
122000343,396,1556,-1160
122000344,28,14,14
122000345,17,70,-53
122000346,224,511,-287
122000348,277,701,-424
122000349,107,551,-444
122000351,113,193,-80
122000352,216,96,120
122000353,29,137,-108
122000355,91,123,-32
122000356,1309,594,715
122000357,29,16,13
122000358,0,70,-70
122000359,0,35,-35
122000360,0,41,-41
122000362,7,115,-108
122000364,74,368,-294
122000365,2,21,-19
122000366,4,3,1
122000368,399,675,-276
122000370,27,49,-22
122000371,4,0,4
122000372,1,0,1
122000381,31,298,-267
122000382,40,209,-169
122000384,3833,1657,2176
122000385,10,0,10
122000386,398,594,-196
122000387,401,441,-40
122000388,1258,239,1019
122000389,142,703,-561
122000390,277,188,89
122000391,211,78,133
122000392,149,188,-39
122000393,53,333,-280
122000394,259,237,22
122000395,75,179,-104
122000396,192,97,95
122000397,38,92,-54
122000398,17,72,-55
122000399,56,90,-34
122000400,148,171,-23
122000401,97,112,-15
122000402,154,87,67
122000403,249,1124,-875
122000404,71,311,-240
122000408,941,1030,-89
122000503,3,66,-63
122000524,174,63,111
122000544,34,1781,-1747
122000614,457,203,254
122000616,527,2,525
122000640,37,210,-173
122000641,55,450,-395
122000642,749,1117,-368
122000643,20,88,-68
122000644,180,38,142
122000645,91,149,-58
122000651,1747,575,1172
122000664,128,35,93
122000665,804,482,322
122000666,401,846,-445
122000673,11,353,-342
122000674,97,45,52
122000675,928,1017,-89
122000686,163,1331,-1168
122000687,596,292,304
122000688,124,878,-754
122000689,236,573,-337
122000690,468,630,-162
122000691,288,2592,-2304
122000692,676,282,394
122000693,236,1720,-1484
122000695,119,418,-299
122000696,122,307,-185
122000698,152,949,-797
122000699,85,41,44
122000701,893,291,602
122000702,384,2095,-1711
122000703,104,43,61
122000712,0,0,0
122000717,245,59,186
122000718,1305,828,477
122000719,32,32,0
122000720,130,268,-138
122000724,236,382,-146
122900001,19,2,17
122900002,817,1486,-669
122900003,181,31,150
122900004,436,17,419
122900005,32,34,-2
122900006,482,134,348
122900007,60,3,57
122900008,510,70,440
122900009,464,219,245
122900010,139,124,15
122900012,171,204,-33
122900014,88,240,-152
122900015,1919,283,1636
122900016,91,274,-183
122900017,354,543,-189
122900018,140,13,127
122900020,236,280,-44
122900021,35,452,-417
122900022,234,776,-542
122900023,81,200,-119
122900024,75,78,-3
122900025,13,108,-95
122900026,133,284,-151
122900027,52,652,-600
122900028,75,122,-47
122900029,3727,1840,1887
122900030,1055,309,746
122900031,90,113,-23
122900032,73,136,-63
122900033,119,147,-28
122900034,2942,3464,-522
122900035,12,6,6
122900036,15,95,-80
122900037,230,110,120
122900038,81,1381,-1300
122900039,61,324,-263
122900040,188,272,-84
122900041,126,170,-44
122900042,77,246,-169
122900043,261,173,88
122900044,73,204,-131
122900045,81,85,-4
122900046,43,64,-21
122900047,201,93,108
122900048,34,126,-92
122900049,1562,85,1477
122900051,108,85,23
122900052,32,110,-78
122900053,8,6,2
122900055,203,56,147
122900057,256,17,239
122900061,250,99,151
122900062,220,254,-34
122900063,114,303,-189
122900064,844,490,354
122900065,227,119,108
122900066,263,177,86
122900067,1329,658,671
122900069,121,879,-758
122900070,161,29,132
122900071,59,390,-331
122900073,32,199,-167
122900074,101,495,-394
122900075,0,60,-60
122900076,11,199,-188
122900077,3,192,-189
122900078,24,99,-75
122900080,55,12,43
122900081,96,102,-6
122900082,486,159,327
122900083,182,79,103
122900084,2,188,-186
122900086,0,9,-9
122900087,113,506,-393
122900088,45,41,4
122900089,36,288,-252
122900090,3,716,-713
122900091,90,1,89
122900092,44,287,-243
122900093,2,370,-368
122900094,5,206,-201
122900095,58,4,54
122900096,39,179,-140
122900097,16,13,3
122900098,77,77,0
122900099,18,2,16
122900100,264,144,120
122900101,521,113,408
122900102,16,4,12
122900103,63,14,49
122900104,41,4,37
122900105,1,1,0
122900106,0,64,-64
122900107,0,182,-182
122900108,3,253,-250
122900109,62,149,-87
123000001,1760,372,1388
123000002,5819,2426,3393
123000003,3268,1980,1288
123000004,3303,3991,-688
123000005,2122,2108,14
123000006,2336,2777,-441
123000007,2718,1994,724
123000008,2242,3623,-1381
123000009,3816,2711,1105
123000010,3118,3971,-853
123000011,2852,807,2045
123000012,1004,2308,-1304
123000013,2625,819,1806
123000014,1238,3783,-2545
123000015,4001,792,3209
123000016,5493,2401,3092
123000017,2857,1112,1745
123000018,19,72,-53
123000019,59,289,-230
123000020,76,88,-12
123000021,60,145,-85
123000022,324,1158,-834
123000023,1121,889,232
123000024,723,420,303
123000025,106,68,38
123000026,11,148,-137
123000027,347,281,66
123000028,603,169,434
123000029,802,337,465
123000030,93,601,-508
123000031,54,330,-276
123000032,114,369,-255
123000033,155,64,91
123000034,605,476,129
123000035,164,194,-30
123000036,146,481,-335
123000037,152,255,-103
123000038,75,198,-123
123000039,410,719,-309
123000040,1113,294,819
123000041,983,467,516
123000042,873,371,502
123000043,1712,2587,-875
123000044,5921,1707,4214
123000045,7754,1277,6477
123000046,774,593,181
123000047,1183,724,459
123000048,46,340,-294
123000049,3534,2838,696
123000050,661,838,-177
123000051,73,125,-52
123000052,479,1920,-1441
123000053,1767,2512,-745
123000054,791,952,-161
123000055,965,938,27
123000056,1097,1657,-560
123000057,10890,2978,7912
123000058,373,192,181
123000059,99,166,-67
123000060,510,297,213
123000061,129,388,-259
123000063,594,492,102
123000064,2240,498,1742
123000065,5004,2771,2233
123000066,683,510,173
123000067,312,519,-207
123000068,2446,3009,-563
123000069,6924,3251,3673
123000070,131,116,15
123000071,1321,1057,264
123000072,853,1451,-598
123000073,698,742,-44
123000074,614,1429,-815
123000075,383,965,-582
123000076,332,1092,-760
123000077,2331,3627,-1296
123000078,764,1553,-789
123000079,918,1967,-1049
123000080,1883,2526,-643
123000081,284,889,-605
123000082,762,1309,-547
123000083,1021,395,626
123000084,2008,928,1080
123000085,2774,939,1835
123000086,401,727,-326
123000087,269,632,-363
123000088,1117,1251,-134
123000089,353,1203,-850
123000090,915,1159,-244
123000091,1313,1241,72
123000092,1033,1101,-68
123000094,379,420,-41
123000095,180,497,-317
123000096,275,329,-54
123000097,235,1038,-803
123000098,390,450,-60
123000099,440,840,-400
123000100,381,434,-53
123000101,449,336,113
123000102,555,561,-6
123000104,243,333,-90
123000105,443,555,-112
123000106,455,226,229
123000107,374,520,-146
123000108,935,1135,-200
123000111,1499,503,996
123000112,412,610,-198
123000113,1017,1681,-664
123000114,297,366,-69
123000115,135,223,-88
123000116,24,154,-130
123000117,1186,1742,-556
123000118,370,832,-462
123000119,267,895,-628
123000120,858,1091,-233
123000121,394,470,-76
123000122,300,269,31
123000123,338,530,-192
123000124,680,512,168
123000125,876,725,151
123000126,1239,1775,-536
123000127,1239,899,340
123000128,238,357,-119
123000129,334,154,180
123000130,316,61,255
123000131,598,375,223
123000132,352,549,-197
123000133,380,338,42
123000134,449,147,302
123000135,1822,1599,223
123000136,167,1271,-1104
123000137,49,362,-313
123000138,64,443,-379
123000139,224,90,134
123000140,123,666,-543
123000141,696,54,642
123000142,929,870,59
123000143,1039,2633,-1594
123000144,22,14,8
123000145,158,130,28
123000146,41,124,-83
123000147,68,96,-28
123000149,256,274,-18
123000150,143,172,-29
123000151,270,369,-99
123000152,60,334,-274
123000153,140,409,-269
123000154,1659,1336,323
123000155,2256,749,1507
123000156,55,43,12
123000157,518,793,-275
123000158,566,520,46
123000159,2119,1450,669
123000160,777,657,120
123000161,779,655,124
123000162,223,890,-667
123000163,231,165,66
123000164,532,211,321
123000165,248,1267,-1019
123000166,11,147,-136
123000167,57,299,-242
123000168,138,293,-155
123000169,317,66,251
123000170,31,247,-216
123000171,157,54,103
123000172,145,638,-493
123000173,332,111,221
123000174,564,147,417
123000175,790,1106,-316
123000176,534,178,356
123000177,272,901,-629
123000178,593,210,383
123000179,7,304,-297
123000180,829,238,591
123000181,273,1551,-1278
123000182,122,421,-299
123000183,174,231,-57
123000184,85,754,-669
123000185,188,329,-141
123000186,5,680,-675
123000187,225,8,217
123000188,194,2,192
123000189,16,194,-178
123000190,0,43,-43
123000192,31,621,-590
123000193,36,605,-569
123000194,471,273,198
123000195,244,54,190
123000196,90,11,79
123000197,26,14,12
123000198,2,139,-137
123000199,1,323,-322
123000200,236,9,227
123000201,244,5,239
123000202,23,757,-734
123000203,431,35,396
123000204,32,616,-584
123000205,376,2070,-1694
123000206,1030,131,899
123000207,48,760,-712
123000208,239,261,-22
123000209,1412,430,982
123000210,255,1181,-926
123000211,337,2272,-1935
123000212,1485,358,1127
123000213,407,58,349
123000215,200,85,115
123000216,150,541,-391
123000217,117,22,95
123000218,102,308,-206
123000219,988,23,965
123000220,344,55,289
123000221,124,112,12
123000222,212,429,-217
123000223,79,568,-489
123000224,245,684,-439
123000225,263,97,166
123000226,94,343,-249
123000227,55,335,-280
123000228,166,42,124
123000229,1055,1856,-801
123000232,46,518,-472
123000233,329,126,203
123000234,90,632,-542
123000235,256,328,-72
123000236,88,827,-739
123000237,180,45,135
123000238,52,476,-424
123000239,326,1951,-1625
123000240,63,230,-167
123000241,769,138,631
123000242,44,146,-102
123000243,275,959,-684
123000244,612,454,158
123000245,57,136,-79
123000249,404,637,-233
123000252,479,122,357
123000253,413,301,112
123000254,310,907,-597
123000255,579,546,33
123000256,78,695,-617
123000257,2138,2153,-15
123000258,816,1453,-637
123000259,152,348,-196
123000260,230,538,-308
123000261,57,106,-49
123000262,58,265,-207
123000263,208,94,114
123000264,169,46,123
123000265,40,179,-139
123000266,312,659,-347
123000267,199,215,-16
123000268,12,50,-38
123000269,26,41,-15
123000270,27,28,-1
123000271,27,79,-52
123000272,795,224,571
123000273,187,437,-250
123000274,917,335,582
123000275,160,862,-702
123000278,2582,2576,6
123000279,37,92,-55
123000280,255,272,-17
123000281,139,62,77
123000282,51,234,-183
123000283,75,24,51
123000284,47,106,-59
123000286,202,160,42
123000287,411,183,228
123000288,662,375,287
123000289,398,577,-179
123000291,231,685,-454
123000294,233,280,-47
123000295,665,857,-192
123000296,192,543,-351
123000297,225,1037,-812
123000298,243,569,-326
123000299,68,463,-395
123000300,1951,667,1284
123000301,56,143,-87
123000302,49,149,-100
123000303,56,106,-50
123000305,835,781,54
123000306,41,205,-164
123000309,20,69,-49
123000310,23,20,3
123000311,235,232,3
123000312,800,1060,-260
123000313,166,225,-59
123000315,34,275,-241
123000316,1739,148,1591
123000317,177,51,126
123000318,32,261,-229
123000329,10,12,-2
123000337,281,273,8
123000338,343,70,273
123000339,72,242,-170
123000340,107,396,-289
123000342,7,212,-205
123000343,35,1,34
123000344,913,345,568
123000345,256,532,-276
123000346,178,101,77
123000352,1621,606,1015
123000353,10,132,-122
123000354,244,50,194
123000355,1,363,-362
123000356,78,2,76
123000357,1,248,-247
123000359,3,220,-217
123000360,162,15,147
123000361,469,236,233
123000362,99,104,-5
123000363,56,191,-135
123000364,517,359,158
123000365,11,204,-193
123000366,222,1000,-778
123000367,384,1787,-1403
123000370,36,299,-263
123000371,345,13,332
123000372,83,11,72
123000373,7,327,-320
123000374,5,209,-204
123000375,121,5,116
123000376,572,444,128
123000377,138,5,133
123000378,4,326,-322
123000379,0,164,-164
123000380,53,155,-102
123000381,132,22,110
123000382,955,41,914
123000383,200,604,-404
123000384,337,63,274
123000385,301,742,-441
123000436,19,592,-573
123000507,200,380,-180
123000508,227,384,-157
123000517,203,26,177
123000518,16,197,-181
123000519,106,55,51
123000520,39,197,-158
123000521,238,102,136
123000522,126,449,-323
123000541,1,1,0
123000542,0,20,-20
123000565,266,13,253
123000566,50,952,-902
123000567,104,246,-142
123000573,24,1028,-1004
123000574,205,80,125
123000575,825,1187,-362
123000576,524,1922,-1398
123000577,62,432,-370
123000578,604,44,560
123000579,6180,2626,3554
123000580,114,12,102
123000582,196,18,178
123000583,5,426,-421
123000584,104,177,-73
123000585,0,138,-138
123000586,68,0,68
123000596,64,130,-66
123000597,79,81,-2
123000602,11,3,8
123000603,188,800,-612
123000604,252,1099,-847
123000605,554,6,548
123000606,2,196,-194
123000609,13,314,-301
123000610,126,76,50
123000613,42,165,-123
123000614,104,35,69
123000615,36,246,-210
123000616,166,53,113
123000617,73,473,-400
123000618,109,584,-475
123000619,431,25,406
123000620,28,478,-450
123000622,162,10,152
123000624,122,113,9
123000630,472,379,93
123000631,198,2212,-2014
123000632,2042,1709,333
123000633,1,220,-219
123000634,65,45,20
123000635,227,82,145
123000636,10,578,-568
123000637,148,32,116
123000638,319,108,211
123000639,979,1754,-775
123000640,51,1075,-1024
123000648,696,363,333
123000649,234,1199,-965
123000650,36,83,-47
123000651,4,126,-122
123000652,55,1,54
123000653,0,6,-6
123900001,1163,31,1132
123900002,10,868,-858
123900003,297,577,-280
123900005,98,74,24
123900006,133,30,103
124000001,1223,101,1122
124000002,77,1660,-1583
124000003,370,102,268
124000004,62,627,-565
124000005,493,162,331
124000006,229,1313,-1084
124000007,449,83,366
124000008,23,431,-408
124000009,261,219,42
124000010,117,584,-467
124000011,604,214,390
124000012,167,732,-565
124000017,70,87,-17
124000018,80,104,-24
124000019,65,75,-10
124000020,29,203,-174
124000021,38,44,-6
124000022,63,243,-180
124000023,537,107,430
124000024,864,673,191
124000025,645,224,421
124000026,762,526,236
124000027,1828,423,1405
124000028,2604,1046,1558
124000031,635,819,-184
124000032,3543,1165,2378
124000033,655,350,305
124000034,1003,1358,-355
124000035,139,69,70
124000036,135,684,-549
124000037,198,406,-208
124000038,44,105,-61
124000039,844,264,580
124000040,530,464,66
124000041,166,47,119
124000042,63,333,-270
124000043,31,79,-48
124000044,44,289,-245
124000045,290,395,-105
124000046,155,835,-680
124000047,647,685,-38
124000048,566,1813,-1247
124000049,769,442,327
124000050,527,2496,-1969
124000051,265,375,-110
124000052,313,1265,-952
124000053,340,724,-384
124000054,796,651,145
124000055,914,1113,-199
124000056,3577,1373,2204
124000057,621,347,274
124000058,295,1397,-1102
124000059,308,493,-185
124000060,801,876,-75
124000061,1045,2310,-1265
124000062,7979,1653,6326
124000063,1168,1545,-377
124000064,2138,1642,496
124000065,316,299,17
124000066,266,49,217
124000067,58,197,-139
124000068,24,107,-83
124000069,257,200,57
124000070,121,489,-368
124000071,106,76,30
124000072,171,456,-285
124000073,463,85,378
124000074,256,809,-553
124000075,85,26,59
124000076,8,223,-215
124000077,1473,555,918
124000078,1569,477,1092
124000079,538,745,-207
124000080,175,80,95
124000081,105,727,-622
124000082,24,83,-59
124000083,31,235,-204
124000084,59,178,-119
124000085,84,54,30
124000086,41,86,-45
124000087,116,39,77
124000088,88,268,-180
124000089,333,333,0
124000090,82,456,-374
124000091,284,140,144
124000092,94,773,-679
124000093,73,48,25
124000094,137,317,-180
124000095,46,44,2
124000096,66,255,-189
124000097,42,58,-16
124000098,62,149,-87
124000099,76,54,22
124000100,26,129,-103
124000101,20,86,-66
124000102,55,116,-61
124000103,30,49,-19
124000104,60,90,-30
124000105,24,37,-13
124000106,123,96,27
124000107,24,74,-50
124000108,57,32,25
124000109,66,35,31
124000110,145,119,26
124000111,113,98,15
124000112,353,618,-265
124000113,20,67,-47
124000114,151,576,-425
124000115,248,880,-632
124000116,66,74,-8
124000117,66,79,-13
124000118,20,54,-34
124000119,860,453,407
124000120,415,510,-95
124000121,2541,660,1881
124000122,544,1113,-569
124000123,615,288,327
124000124,389,761,-372
124000125,241,247,-6
124000126,257,403,-146
124000127,529,271,258
124000128,409,751,-342
124000129,1325,1044,281
124000130,614,587,27
124000131,747,414,333
124000132,660,762,-102
124000133,547,645,-98
124000134,515,728,-213
124000135,1134,1052,82
124000136,832,986,-154
124000137,836,438,398
124000138,999,954,45
124000139,528,70,458
124000140,60,575,-515
124000141,217,22,195
124000142,33,721,-688
124000143,39,5,34
124000144,5,161,-156
124000145,43,28,15
124000146,6,121,-115
124000148,6,28,-22
124000149,558,207,351
124000150,284,498,-214
124000151,368,181,187
124000152,596,994,-398
124000153,456,372,84
124000154,383,748,-365
124000155,753,482,271
124000156,1162,741,421
124000169,190,216,-26
124000170,516,394,122
124000171,135,209,-74
124000172,270,540,-270
124000173,198,297,-99
124000174,263,667,-404
124000175,13,128,-115
124000176,12,3,9
124000177,8,48,-40
124000178,12,21,-9
124000185,21,8,13
124000186,2,102,-100
124000187,7,140,-133
124000188,13,5,8
124000190,196,33,163
124000191,473,65,408
124000192,1696,233,1463
124000193,346,943,-597
124000194,391,525,-134
124000195,155,338,-183
124000196,879,1040,-161
124000197,48,59,-11
124000198,24,25,-1
124000201,186,1056,-870
124000202,359,115,244
124000203,76,972,-896
124000204,267,539,-272
124000205,19,685,-666
124000206,137,423,-286
124000207,0,36,-36
124000209,121,526,-405
124000210,175,152,23
124000211,121,0,121
124000212,2,565,-563
124000213,143,335,-192
124000214,111,693,-582
124000215,86,9,77
124000216,5,573,-568
124000329,64,2464,-2400
124000338,18,1141,-1123
124000339,274,86,188
124000341,363,52,311
124000344,10,0,10
124000357,1056,2064,-1008
124000358,954,1766,-812
124000359,599,465,134
124000360,309,321,-12
124000361,940,614,326
124000362,1398,1613,-215
124000363,259,588,-329
124000364,377,1006,-629
124000365,610,1180,-570
124000366,2086,1471,615
124000367,119,506,-387
124000368,196,133,63
124000369,87,74,13
124000370,59,398,-339
124000402,6,6,0
124000403,34,12,22
124000404,7,100,-93
124000405,725,512,213
124000406,698,812,-114
124000407,3,29,-26
124000411,9,387,-378
124000412,144,14,130
124000413,210,47,163
124000414,21,78,-57
124000415,39,201,-162
124000416,104,410,-306
124000417,63,102,-39
124000418,50,73,-23
124000419,55,181,-126
124000420,25,32,-7
124000421,36,357,-321
124000422,15,8,7
124000423,81,32,49
124000424,4,137,-133
124000425,30,5,25
124000426,4,235,-231
124000427,34,4,30
124000428,14,48,-34
124000429,14,50,-36
124000430,418,530,-112
124000431,171,513,-342
124000432,70,898,-828
124000439,3,7,-4
124000443,0,3,-3
124000445,185,385,-200
124000446,2997,95,2902
124000447,8,54,-46
124000448,25,5,20
124000449,41,4,37
124000450,5,514,-509
124000451,3,281,-278
124000452,343,56,287
124000453,2482,2266,216
124000454,3326,3709,-383
124900001,241,227,14
124900002,73,443,-370
124900003,459,420,39
124900004,253,317,-64
124900005,159,172,-13
124900006,326,292,34
124900008,913,353,560
124900009,71,112,-41
124900010,80,26,54
124900011,157,95,62
124900012,186,68,118
124900013,214,96,118
124900014,92,64,28
124900015,86,90,-4
124900016,21,25,-4
124900017,474,352,122
124900018,9,11,-2
124900020,18,35,-17
124900021,75,9,66
124900022,16,8,8
124900024,106,2,104
124900026,75,4,71
124900027,29,154,-125
124900028,476,93,383
124900029,3,234,-231
124900030,1,112,-111
124900031,11,307,-296
124900032,171,137,34
124900033,72,328,-256
124900034,5,69,-64
124900035,101,334,-233
124900036,3,55,-52
124900037,64,286,-222
124900038,226,363,-137
124900039,1,17,-16
124900040,42,76,-34
124900041,175,1333,-1158
124900042,34,0,34
124900043,244,1241,-997
124900044,36,0,36
124900045,462,709,-247
124900047,90,176,-86
124900048,95,131,-36
124900050,82,243,-161
124900052,81,304,-223
124900053,34,300,-266
124900054,3181,284,2897
124900055,1,96,-95
124900057,17,162,-145
124900060,40,188,-148
124900061,31,3,28
124900062,25,14,11
124900066,0,8,-8
124900067,5,165,-160
124900068,172,144,28
124900070,20,136,-116
124900072,32,8,24
124900075,57,137,-80
124900076,7,357,-350
124900077,26,66,-40
124900078,14,11,3
124900079,549,38,511
124900080,169,746,-577
124900081,417,200,217
124900082,259,1017,-758
124900083,124,595,-471
124900085,1090,159,931
124900086,27,595,-568
124900087,567,43,524
124900088,565,92,473
124900089,1208,12,1196
124900090,119,141,-22
124900091,135,493,-358
124900092,97,365,-268
124900093,92,121,-29
124900094,111,151,-40
124900095,78,201,-123
124900096,273,101,172
124900097,107,48,59
124900098,64,358,-294
124900099,490,254,236
124900100,149,21,128
124900101,20,211,-191
124900102,79,7,72
124900103,62,380,-318
124900104,24,255,-231
124900105,53,172,-119
124900106,162,26,136
124900107,29,7,22
124900108,114,17,97
124900111,3,78,-75
124900112,29,707,-678
124900113,88,122,-34
124900114,156,55,101
124900115,29,23,6
124900116,63,71,-8
124900117,689,85,604
124900118,106,91,15
124900119,175,59,116
124900120,40,253,-213
124900121,95,104,-9
124900122,378,140,238
124900123,279,39,240
124900124,106,172,-66
124900125,62,0,62
124900126,3,442,-439
204000001,54,28,26
204000002,11,30,-19
204000003,14,3,11
204000004,11,2,9
204000005,364,433,-69
204000006,645,1021,-376
204000011,13,60,-47
204000012,49,111,-62
204000019,448,458,-10
204000020,348,755,-407
204000021,1974,751,1223
204000022,373,438,-65
204000023,377,980,-603
204000031,94,15,79
204000032,486,35,451
204000034,14,261,-247
204000035,7,2,5
204000036,11,27,-16
204000037,0,27,-27
204000038,1,24,-23
204000039,3,65,-62
204000040,4,50,-46
204000041,4,47,-43
204000042,14,6,8
204000043,25,6,19
204000044,19,2,17
204000045,24,7,17
204000046,6,1,5
204000057,7,21,-14
204000062,16,238,-222
204000068,17,196,-179
204000069,12,251,-239
204000070,39,63,-24
204000080,17,48,-31
204000085,1141,1542,-401
204000086,2794,1856,938
204000087,47,12,35
204000088,3,125,-122
204000090,16,416,-400
204000093,145,86,59
204000096,524,559,-35
204000097,133,67,66
204000099,723,1103,-380
204000100,712,1080,-368
204000105,1690,1549,141
204000110,617,1288,-671
204000111,256,795,-539
204000112,878,936,-58
204000113,260,853,-593
204000114,431,439,-8
204000115,282,337,-55
204000116,1029,519,510
204000119,1340,1404,-64
204000132,316,202,114
204000133,386,228,158
204000134,128,135,-7
204000135,334,97,237
204000136,234,232,2
204000138,129,243,-114
204000140,109,78,31
204000141,70,64,6
204000144,5,20,-15
204000145,379,26,353
204000146,11,407,-396
204000147,28,125,-97
204000148,224,24,200
204000154,1,1,0
204000155,5,4,1
204000177,66,52,14
204000179,17,10,7
204000180,0,54,-54
204000222,4,9,-5
204000235,6,10,-4
204000236,87,324,-237
204000238,9,31,-22
204000240,374,92,282
204000263,473,1388,-915
204000268,795,470,325
204000308,115,15,100
204000317,11,76,-65
204000322,4,45,-41
204000323,20,12,8
204000328,200,91,109
204000329,111,126,-15
204000330,142,138,4
204000331,70,155,-85
205000001,938,1183,-245
205000013,14,76,-62
205000014,5,112,-107
205000015,30,174,-144
205000016,18,162,-144
205000017,16,77,-61
205000022,308,585,-277
205000025,1370,932,438
205000029,170,5,165
205000045,59,179,-120
205000046,77,539,-462
205000047,40,531,-491
205000048,176,1107,-931
205000049,151,735,-584
205000050,1182,256,926
205000059,1,261,-260
205000060,1,50,-49
205000061,2,57,-55
205000062,4,69,-65
205000063,9,68,-59
205000064,16,125,-109
205000065,73,688,-615
205000066,95,787,-692
205000067,27,1014,-987
205000069,247,24,223
205000082,76,199,-123
205000110,57,191,-134
205000111,158,210,-52
205000112,77,127,-50
205000113,134,214,-80
205000121,131,73,58
205000123,53,150,-97
205000126,275,148,127
205000127,508,187,321
205000128,485,106,379
205000129,365,92,273
205000130,731,29,702
205000131,580,3,577
205000132,468,1,467
205000133,127,0,127
205000134,117,2,115
205000137,115,138,-23
205000138,237,284,-47
205000139,15,85,-70
205000144,73,39,34
205000145,213,148,65
205000151,88,43,45
205000152,118,36,82
205000153,133,35,98
205000154,44,97,-53
205000155,67,15,52
205000207,8,172,-164
205000233,29,1,28
205000234,0,0,0
205000243,0,0,0
205000244,1,2,-1
205000245,13,265,-252
205000249,0,33,-33
205000250,3,2,1
205000264,3,87,-84
206000027,9,3,6
206000028,7,3,4
206000043,9,152,-143
206000053,1,9,-8
206000054,6,30,-24
206000055,3,28,-25
206000075,7,4,3
206000076,8,4,4
206000077,9,2,7
206000078,16,2,14
206000079,26,1,25
206000082,315,21,294
206000100,58,564,-506
206000103,8,28,-20
206000104,7,25,-18
206000105,13,26,-13
206000106,18,38,-20
206000125,43,0,43
206000157,73,622,-549
206000170,1,308,-307
206000171,0,258,-258
206000172,4,1352,-1348
206000173,1,432,-431
206000174,9,171,-162
206000175,5,313,-308
206000176,13,539,-526
206000177,1,327,-326
206000178,4,240,-236
206000179,2,97,-95
206000180,18,254,-236
206000181,9,353,-344
206000182,13,383,-370
206000183,11,996,-985
206000184,2,597,-595
206000185,1,506,-505
206000186,127,2135,-2008
206000223,4,435,-431
206000226,11,3,8
206000227,21,0,21
206000237,25,505,-480
206000238,33,919,-886
206000239,476,2990,-2514
206000240,0,60,-60
206000241,0,129,-129
206000242,12,712,-700
206000243,10,588,-578
206000244,58,1378,-1320
206000245,231,61,170
206000246,77,7,70
206000247,63,8,55
206000248,184,12,172
206000252,37,28,9
206000258,16,35,-19
206000315,21,5,16
206000317,234,87,147
206000318,182,48,134
206000319,438,57,381
206000320,30,22,8
206000321,48,10,38
206000322,152,5,147
206000323,81,9,72
206000324,50,17,33
206000325,93,11,82
206000326,75,6,69
206000327,175,11,164
206000328,55,3,52
206000329,93,4,89
206000330,21,4,17
206000331,69,1,68
206000332,20,7,13
206000333,186,0,186
206000334,135,5,130
206000335,0,21,-21
206000361,9,220,-211
206000392,3,35,-32
206000405,128,2,126
206000441,9,8,1
206000498,36,5,31
206000515,86,18,68
206000530,107,40,67
206000531,135,62,73
206000532,3355,89,3266
206000535,452,2715,-2263
206000536,16,400,-384
206000537,6,214,-208
206000613,1231,143,1088
206000784,367,22,345
207000001,143,416,-273
207000002,71,372,-301
207000003,92,189,-97
207000007,467,177,290
207000008,30,6,24
207000009,70,49,21
207000010,522,695,-173
207000012,171,155,16
207000015,300,1942,-1642
207000019,167,57,110
207000021,375,175,200
207000022,64,83,-19
207000023,70,45,25
207000024,2,5,-3
207000025,7,31,-24
207000026,122,48,74
207000027,14,51,-37
207000028,46,192,-146
207000029,256,427,-171
207000033,189,221,-32
207000034,175,50,125
207000039,155,104,51
207000040,136,138,-2
207000041,22,25,-3
207000042,126,56,70
207000043,106,177,-71
207000051,86,404,-318
207000052,10,281,-271
207000053,346,539,-193
207000054,21,147,-126
207000055,68,216,-148
207000056,165,535,-370
207000057,80,272,-192
207000058,77,483,-406
207000059,57,1011,-954
207000060,32,370,-338
207000061,110,159,-49
207000062,153,50,103
207000063,167,131,36
207000064,235,174,61
207000065,179,195,-16
207000066,111,126,-15
207000067,46,119,-73
207000068,110,68,42
207000069,597,271,326
207000082,40,500,-460
207000083,49,532,-483
207000084,99,161,-62
207000085,135,15,120
207000086,89,10,79
207000106,37,25,12
207000107,34,13,21
207000108,29,9,20
207000109,26,4,22
207000110,29,44,-15
207000111,40,56,-16
207000112,124,198,-74
207000114,10,29,-19
207000115,23,74,-51
207000116,14,257,-243
207000117,7,181,-174
207000118,1,112,-111
207000119,11,117,-106
207000123,100,11,89
207000124,47,9,38
207000125,41,14,27
207000126,91,29,62
207000134,30,348,-318
207000135,29,435,-406
207000148,45,171,-126
207000149,72,45,27
207000152,133,346,-213
207000153,1037,834,203
207000154,488,149,339
207000159,60,369,-309
207000160,110,824,-714
207000238,1,97,-96
207000242,5,139,-134
207000248,23,12,11
207000249,150,70,80
207000250,572,55,517
207000251,93,64,29
207000252,71,62,9
207000278,34,52,-18
207000279,14,287,-273
207000280,210,56,154
207000281,84,1627,-1543
207000282,181,25,156
207000283,150,285,-135
207000284,58,95,-37
207000285,203,40,163
207000291,5,122,-117
207000304,69,48,21
207000306,50,427,-377
207000310,33,60,-27
207000353,161,3,158
207000356,8,18,-10
207000357,5,6,-1
207000358,7,4,3
207000415,9,150,-141
207000417,17,3,14
207000418,96,138,-42
207000438,0,1,-1
207000439,945,273,672
207000446,108,6,102
207000460,4,7,-3
207000466,145,167,-22
207000467,75,79,-4
207000468,27,698,-671
207000476,1,85,-84
207000477,247,105,142
207000478,1,10,-9
207000523,0,39,-39
207000524,44,0,44
207000527,102,120,-18
207000530,122,9,113
207000531,167,2,165
207000532,29,13,16
207000534,602,46,556
207000535,45,198,-153
207000537,29,110,-81
207000540,5,142,-137
207000541,1,313,-312
207000548,10,262,-252
207000549,168,10,158
207000561,53,86,-33
207000562,30,174,-144
207000567,138,252,-114
207000568,70,78,-8
207000569,259,1703,-1444
207000584,311,140,171
207000585,58,203,-145
207000587,45,18,27
207000616,0,213,-213
207000617,87,0,87
207000624,70,26,44
207000631,0,62,-62
207900008,121,416,-295
208000001,304,550,-246
208000002,404,455,-51
208000003,648,564,84
208000004,853,664,189
208000005,16,27,-11
208000019,314,747,-433
208000020,175,400,-225
208000021,139,505,-366
208000022,523,739,-216
208000028,991,669,322
208000033,371,680,-309
208000034,908,1413,-505
208000037,355,39,316
208000040,59,116,-57
208000041,833,354,479
208000042,528,443,85
208000047,72,347,-275
208000064,2283,1122,1161
208000066,1103,774,329
208000070,234,378,-144
208000071,222,736,-514
208000072,198,1050,-852
208000080,184,410,-226
208000081,158,222,-64
208000082,227,334,-107
208000083,87,430,-343
208000084,28,12,16
208000085,838,562,276
208000086,411,732,-321
208000087,271,663,-392
208000089,575,662,-87
208000090,521,969,-448
208000093,55,98,-43
208000094,235,488,-253
208000095,455,273,182
208000104,684,821,-137
208000105,439,889,-450
208000114,41,140,-99
208000115,404,295,109
208000116,215,794,-579
208000117,79,109,-30
208000118,73,95,-22
208000155,440,835,-395
208000158,1571,2182,-611
208000186,2531,1758,773
208000204,316,774,-458
208000205,783,1212,-429
208000282,3373,1204,2169
209000004,93,166,-73
209000005,14,40,-26
209000006,422,89,333
209000007,242,167,75
209000010,467,159,308
209000011,142,148,-6
209000012,148,231,-83
209000013,107,622,-515
209000014,731,1660,-929
209000025,222,38,184
209000026,306,80,226
209000027,330,1075,-745
209000028,223,1008,-785
209000029,629,918,-289
209000030,647,1650,-1003
209000031,3848,2382,1466
209000034,113,140,-27
209000035,125,163,-38
209000036,106,94,12
209000037,158,146,12
209000038,51,166,-115
209000039,44,151,-107
209000040,206,382,-176
209000041,153,339,-186
209000042,130,365,-235
209000043,502,555,-53
209000044,175,466,-291
209000045,766,350,416
209000046,270,446,-176
209000047,230,168,62
209000048,272,203,69
209000049,69,127,-58
209000050,152,319,-167
209000051,248,450,-202
209000052,137,410,-273
209000062,55,176,-121
209000063,47,157,-110
209000064,27,175,-148
209000065,19,32,-13
209000066,35,40,-5
209000067,32,80,-48
209000080,11,156,-145
209000082,51,26,25
209000091,40,98,-58
209000093,94,34,60
209000094,175,127,48
209000110,17,47,-30
209000111,273,942,-669
209000112,555,391,164
209000113,937,344,593
209000114,175,293,-118
209000115,79,216,-137
209000116,893,578,315
209000118,10,42,-32
209000119,52,6,46
209000121,143,716,-573
209000135,53,79,-26
209000142,633,806,-173
209000143,59,79,-20
209000144,55,47,8
209000229,91,183,-92
209000240,35,390,-355
209000259,112,163,-51
209000260,29,808,-779
209000261,12,568,-556
209000262,4,454,-450
209000263,0,146,-146
209000264,0,80,-80
209000265,368,18,350
209000266,39,2,37
209000267,310,5,305
209000268,360,19,341
210000037,51,29,22
210000047,43,36,7
210000048,26,24,2
210000049,64,23,41
210000052,22,146,-124
210000053,17,96,-79
210000054,42,112,-70
210000070,37,0,37
210000071,28,0,28
210000072,32,1,31
210000073,0,15,-15
210000074,0,109,-109
210000075,0,31,-31
210000076,4,92,-88
210000077,31,31,0
210000078,37,37,0
210000079,40,5,35
210000080,86,26,60
210000081,81,3,78
210000082,42,2,40
210000083,104,1,103
210000084,34,0,34
210000085,1,79,-78
210000086,0,107,-107
210000099,31,190,-159
210000100,19,225,-206
210000101,58,267,-209
210000105,27,237,-210
210000159,0,101,-101
210000163,168,253,-85
210000164,391,64,327
210000168,219,17,202
210000187,0,7,-7
210000188,0,20,-20
210000214,59,0,59
210000219,18,56,-38
210000220,37,105,-68
210000232,0,14,-14
210000233,11,58,-47
210000234,17,134,-117
210000235,15,122,-107
210000245,0,20,-20
210000246,18,0,18
210000258,11,80,-69
210000259,185,15,170
210000282,52,148,-96
210000285,0,85,-85
210000286,11,140,-129
210000290,10,12,-2
210000295,21,181,-160
210000296,27,59,-32
210000320,57,126,-69
210000321,54,62,-8
210000338,93,104,-11
210000339,419,839,-420
210000340,91,244,-153
210000341,91,245,-154
210000342,93,184,-91
210000343,138,184,-46
210000344,270,98,172
210000345,251,171,80
210000346,73,127,-54
210000347,149,56,93
210000348,211,28,183
210000349,103,12,91
210000350,120,57,63
210000351,73,105,-32
210000352,24,85,-61
210000353,21,128,-107
210000354,42,132,-90
210000355,55,112,-57
210000356,67,61,6
210000357,43,41,2
210000358,381,71,310
210000359,81,44,37
210000360,98,91,7
210000361,109,119,-10
210000362,149,141,8
210000363,760,114,646
210000364,68,98,-30
210000365,76,50,26
210000366,62,35,27
210000367,45,28,17
210000368,96,27,69
210000369,37,25,12
210000370,40,56,-16
210000372,43,21,22
210000373,75,18,57
210000374,58,29,29
210000375,24,83,-59
210000376,49,172,-123
210000404,82,116,-34
210000439,30,49,-19
210000472,63,2,61
210000482,83,67,16
210000564,443,147,296
210000567,1,20,-19
210000568,544,2,542
211000092,18,52,-34
211000094,14,7,7
211000169,165,8,157
211000172,6,275,-269
211000209,3,7,-4
211000226,17,50,-33
211000270,14,5,9
211000275,25,25,0
211000276,43,34,9
211000279,7,83,-76
211000281,21,56,-35
211000302,8,94,-86
211507980,0,23,-23
211977296,27,3,24
212000003,113,52,61
212000004,100,17,83
212000005,16,30,-14
212000006,15,107,-92
212000008,121,203,-82
212000009,15,148,-133
212000012,65,76,-11
212000013,13,43,-30
212000014,197,165,32
212000015,200,200,0
212000016,373,499,-126
212000027,276,373,-97
212000028,216,375,-159
212000029,150,227,-77
212000030,20,16,4
212000031,27,80,-53
212000048,32,91,-59
212000049,8,70,-62
212000050,7,4,3
212000051,161,236,-75
212000052,108,425,-317
212000053,222,476,-254
212000054,90,120,-30
212000055,147,222,-75
212000056,12,35,-23
212000057,8,27,-19
212000058,240,35,205
212000070,97,292,-195
212000077,83,658,-575
212000099,168,217,-49
212000108,152,183,-31
212000111,131,152,-21
212000120,120,86,34
212000138,89,13,76
212000156,0,94,-94
212000158,3,11,-8
212000159,197,66,131
212000160,304,179,125
212000161,36,16,20
212000310,15,20,-5
212000311,5,65,-60
212000374,18,8,10
213000001,27,679,-652
213000005,179,85,94
213000006,802,158,644
213000007,70,11,59
213000009,438,170,268
213000010,145,117,28
213000011,171,93,78
213000012,119,334,-215
213000014,25,5,20
213000015,98,4,94
213000016,169,1,168
213000017,18,1,17
213000018,3,175,-172
213000019,0,171,-171
213000020,126,265,-139
213000021,4,93,-89
213000023,171,142,29
213000033,186,645,-459
213000034,334,226,108
213000035,92,168,-76
213000045,93,264,-171
213000046,95,228,-133
213000047,517,665,-148
213000056,85,13,72
213000069,39,3,36
213000073,1,19,-18
213000074,164,489,-325
213000075,343,10,333
213000076,8,0,8
213000085,7,25,-18
213000086,6,199,-193
213000091,61,1,60
213000092,24,8,16
213000099,163,835,-672
213000100,1054,205,849
213000101,157,161,-4
213000102,216,369,-153
213000103,584,777,-193
213000104,42,461,-419
213000105,0,95,-95
213000106,12,226,-214
213000107,112,736,-624
213000108,13,549,-536
213000109,3,283,-280
213000110,22,89,-67
213000111,6,54,-48
213000112,127,122,5
213000115,24,2,22
213000116,114,779,-665
213000117,6,1022,-1016
213000118,204,236,-32
213000119,41,864,-823
213000120,71,839,-768
213000122,215,802,-587
213000123,718,1478,-760
213000124,52,1471,-1419
213000125,112,5,107
213000126,33,84,-51
213000127,162,110,52
213000128,576,640,-64
213000129,396,387,9
213000130,201,158,43
213000132,207,61,146
213000133,199,71,128
213000134,472,23,449
213000136,268,16,252
213000137,356,64,292
213000139,451,10,441
213000147,28,2,26
213000148,16,5,11
213000149,18,1,17
213000150,0,49,-49
213000151,0,48,-48
213000152,0,72,-72
213000153,2,29,-27
213000154,14,239,-225
213000155,14,350,-336
213000156,63,709,-646
213000157,603,553,50
213000158,228,517,-289
213000159,260,524,-264
213000163,252,66,186
213000165,458,199,259
213000171,11,166,-155
213000172,9,373,-364
213000173,12,228,-216
213000174,0,137,-137
213000175,13,114,-101
213000176,5,92,-87
213000177,13,14,-1
213000178,61,17,44
213000179,85,57,28
213000180,65,88,-23
213000184,57,418,-361
213000188,107,70,37
213000189,137,28,109
213000190,650,763,-113
213000191,152,585,-433
213000192,109,664,-555
213000193,1526,187,1339
213000194,3,40,-37
213000195,13,494,-481
213000196,135,943,-808
213000197,243,270,-27
213000198,11,1,10
213000200,101,1098,-997
213000201,161,58,103
213000202,12,905,-893
213000203,2880,325,2555
213000204,496,30,466
213000205,92,30,62
213000206,201,41,160
213000207,56,13,43
213000208,160,0,160
213000209,62,2,60
213000210,279,2,277
213000211,1,3,-2
213000212,5,20,-15
213000213,1,15,-14
213000218,143,795,-652
213000219,322,8,314
213000220,325,6,319
213000223,162,114,48
213000224,25,26,-1
213000225,46,4,42
213000226,60,6,54
213000227,402,134,268
213000228,137,50,87
213000229,464,21,443
213000230,306,27,279
213000232,60,577,-517
213000233,2,20,-18
213000234,0,29,-29
213000293,12,39,-27
213000294,114,5,109
213000295,7,75,-68
213000296,37,18,19
213000297,9,93,-84
213000298,15,57,-42
213000299,21,35,-14
213000300,4,4,0
213000303,4,25,-21
213000304,1,2,-1
213000305,1,6,-5
213000306,45,21,24
213000307,236,62,174
213000308,113,254,-141
213000309,140,46,94
213000310,130,85,45
213000311,267,502,-235
213000315,69,113,-44
213000316,50,34,16
213000322,36,35,1
213000323,7,42,-35
213000340,114,1000,-886
213000341,207,78,129
213000346,109,76,33
213000347,642,130,512
213000348,11,171,-160
213000349,60,8,52
213000350,199,1638,-1439
213000366,33,286,-253
213000367,114,40,74
213000379,112,322,-210
213000386,4,194,-190
213000406,93,330,-237
213000417,767,272,495
213000425,67,47,20
213000426,58,70,-12
213000427,19,371,-352
213000428,24,217,-193
213000429,8,5,3
213000430,75,973,-898
213000431,21,1,20
213000432,2,9,-7
213000433,9,112,-103
213000434,61,98,-37
213000435,47,82,-35
213000439,34,21,13
213000441,1,0,1
213000443,272,318,-46
213000445,0,102,-102
213000446,0,5,-5
213000447,6,22,-16
213000448,2,53,-51
213000449,88,0,88
213000450,7,48,-41
213000451,75,67,8
213000452,5,20,-15
213000453,31,318,-287
213000455,286,2,284
213000456,1,156,-155
213000481,19,9,10
213000482,39,3,36
213000489,487,30,457
213000491,0,94,-94
213000492,156,0,156
213000493,0,39,-39
213000494,116,103,13
213000495,0,101,-101
213000496,137,154,-17
213000497,27,271,-244
213000498,55,220,-165
213000499,89,588,-499
213000500,225,56,169
213000501,56,19,37
213000502,92,31,61
213000503,7,58,-51
213000504,6,200,-194
213000505,2,14,-12
213000506,0,7,-7
213000507,1,142,-141
213900244,4,0,4
213900245,0,32,-32
218000003,19,10,9
218000004,38,13,25
218000005,28,24,4
218000006,69,35,34
218000007,5,11,-6
218000012,231,85,146
218000013,95,121,-26
218000014,402,355,47
218000019,686,443,243
218000020,258,392,-134
218000040,6,4,2
218000046,19,215,-196
218000047,11,304,-293
218000048,99,297,-198
218000049,78,261,-183
218000050,278,411,-133
218000051,45,450,-405
218000052,0,157,-157
218000053,3,11,-8
218000054,32,43,-11
218000055,27,33,-6
218000056,22,40,-18
218000057,6,37,-31
218000064,0,1,-1
218000065,15,27,-12
218000066,4,44,-40
218000067,26,75,-49
218000068,43,73,-30
218000069,105,200,-95
218000070,115,276,-161
218000071,167,176,-9
218000072,243,229,14
218000078,514,1337,-823
218000079,48,52,-4
218000080,57,40,17
218000081,195,224,-29
218000082,28,87,-59
218000083,31,55,-24
218000084,50,161,-111
218000085,100,408,-308
218000086,29,160,-131
218000087,127,229,-102
218000090,8,92,-84
218000091,756,460,296
218000092,34,156,-122
218000093,51,108,-57
218000094,520,841,-321
218000099,219,388,-169
218000100,193,282,-89
218000101,95,141,-46
218000102,174,288,-114
218000103,41,178,-137
218000104,35,43,-8
218000105,15,9,6
218000106,8,11,-3
218000107,38,105,-67
218000108,7,70,-63
218000112,53,8,45
218000117,19,41,-22
218000134,335,841,-506
218000135,19,80,-61
218000136,155,37,118
218000137,107,126,-19
218000138,5,77,-72
218000139,86,347,-261
218000140,146,194,-48
218000141,45,56,-11
218000142,133,106,27
218000143,54,121,-67
218000144,31,48,-17
218000145,175,327,-152
218000146,41,99,-58
218000151,5,9,-4
218000152,55,43,12
218000170,0,24,-24
218000171,33,9,24
218000172,26,13,13
218000173,62,15,47
218000174,20,5,15
218000176,76,13,63
218000177,230,96,134
218000178,76,98,-22
218000179,71,45,26
218000180,35,18,17
218000181,86,19,67
218000187,4,13,-9
218000188,23,56,-33
218000189,14,80,-66
218000190,6,5,1
218000191,77,155,-78
218000192,96,528,-432
218000193,278,627,-349
218000194,56,566,-510
218000195,114,75,39
218000196,172,245,-73
218000197,128,300,-172
218000198,7,143,-136
218000199,30,42,-12
218000200,107,59,48
218000201,9,10,-1
218000202,152,170,-18
218000207,21,88,-67
218000208,27,92,-65
218000211,63,16,47
218000213,124,67,57
218000214,6,20,-14
218000215,44,78,-34
218000217,0,132,-132
218000218,188,78,110
218000219,28,13,15
218000220,175,243,-68
218000221,636,134,502
218000222,44,14,30
218000223,20,136,-116
218000224,5,51,-46
218000225,133,17,116
218000226,62,42,20
218000232,38,83,-45
218000239,60,2,58
218000240,19,0,19
218000241,4,1,3
218000242,176,0,176
218000243,49,0,49
218000244,14,1,13
218000245,10,1,9
218000246,0,1,-1
218000247,0,0,0
218000248,0,20,-20
218000249,0,0,0
218000250,13,10,3
218000251,9,12,-3
218000252,2,23,-21
218000253,16,18,-2
218000254,1,5,-4
218000255,1,3,-2
218000256,4,66,-62
218000267,901,1100,-199
218000268,11,39,-28
218000269,17,9,8
218000270,43,69,-26
218000271,46,79,-33
218000273,14,5,9
218000274,23,5,18
218000275,10,37,-27
218000276,4,41,-37
218000278,18,28,-10
218000279,24,73,-49
218000280,9,46,-37
218000281,25,27,-2
218000282,538,199,339
218000284,78,20,58
218000301,32,77,-45
218000302,42,38,4
218000303,60,61,-1
218000316,547,928,-381
218000317,478,1103,-625
218000318,271,809,-538
218000319,576,1657,-1081
218000320,512,789,-277
218000338,40,18,22
218000345,110,60,50
218000346,59,180,-121
218000459,65,307,-242
218000490,13,87,-74
218000501,34,16,18
218000502,58,139,-81
218000503,38,6,32
218000504,117,7,110
218000505,54,179,-125
218000506,24,157,-133
218000508,9,3,6
218000510,113,7,106
218000520,93,80,13
218000521,5,71,-66
218000522,0,142,-142
218000523,106,9,97
218000524,46,109,-63
218000525,102,10,92
218000526,27,56,-29
218000529,47,331,-284
218000531,9,16,-7
218000532,18,32,-14
218000534,66,28,38
218000537,13,44,-31
218000538,82,88,-6
218000540,291,46,245
218000543,87,46,41
218000544,63,111,-48
218000545,23,35,-12
218000546,40,118,-78
218000547,50,62,-12
218000548,71,181,-110
218000549,261,111,150
218000550,213,505,-292
218000551,234,433,-199
218000552,423,35,388
218000553,73,99,-26
218000554,15,39,-24
218000555,19,51,-32
218000556,118,468,-350
218000557,203,151,52
218000558,39,0,39
218000559,0,28,-28
218000560,0,13,-13
218000561,33,0,33
218000562,19,153,-134
218000563,147,20,127
218000564,15,97,-82
218000565,178,11,167
218000566,413,25,388
218000567,10,57,-47
218000568,5,2,3
218000569,14,129,-115
218000570,250,12,238
218000571,2,85,-83
218000572,67,1,66
218000573,27,88,-61
218000574,200,68,132
218000575,84,1,83
218000576,0,75,-75
218000577,22,0,22
218000578,1,100,-99
218000579,22,0,22
218000581,2,66,-64
218000582,5,6,-1
218000583,2,0,2
218000584,0,16,-16
218000585,10,3,7
218000586,0,33,-33
218000587,0,0,0
218000588,0,1,-1
218000589,2,0,2
218000590,0,0,0
218000591,3,6,-3
218000592,4,0,4
218000593,5,0,5
218000594,1,1,0
218000597,0,1,-1
218000598,0,0,0
218000599,0,0,0
218000600,0,0,0
218000601,1,0,1
218000602,0,2,-2
218000603,0,2,-2
218000604,5,0,5
218000605,0,18,-18
218000606,36,0,36
218000607,8,35,-27
218000608,71,9,62
218000609,0,34,-34
218000610,98,1,97
218000611,30,0,30
218000612,0,26,-26
218000613,25,1,24
218000614,0,69,-69
218000615,76,0,76
218000616,1,139,-138
218000617,9,0,9
218000618,0,17,-17
218000619,15,21,-6
218000620,2,22,-20
218000621,0,1,-1
218000622,0,5,-5
218000623,3,1,2
218000624,0,13,-13
218000625,15,1,14
218000626,0,8,-8
218000628,72,16,56
218000631,40,38,2
218000632,0,54,-54
218000633,22,0,22
218000634,2,24,-22
218000635,3,11,-8
218000636,539,1600,-1061
218000637,453,531,-78
218000638,72,48,24
218000639,5,226,-221
218000640,40,19,21
218000641,73,443,-370
218000652,77,110,-33
218000653,164,37,127
218000663,5,127,-122
218000675,38,56,-18
218000680,165,619,-454
218000681,315,80,235
218000691,99,488,-389
218000693,73,128,-55
218000718,926,431,495
218000719,1337,128,1209
218000720,4,61,-57
218000721,43,6,37
218001147,9,515,-506
218001214,24,18,6
218001258,80,5,75
218001329,108,100,8
218001330,134,160,-26
218001351,22,19,3
218001352,3,28,-25
218001353,5,8,-3
218001354,2,23,-21
218001355,41,498,-457
218001356,127,5,122
218001357,18,338,-320
218001358,133,12,121
218001361,140,12,128
218001362,1,415,-414
219000001,12,69,-57
219000002,25,58,-33
219000003,59,28,31
219000004,33,35,-2
219000017,79,11,68
219000020,54,14,40
219000022,66,1,65
219000023,54,2,52
219000029,0,102,-102
219000034,21,6,15
219000039,20,55,-35
219000040,14,13,1
219000041,64,27,37
219000051,1,51,-50
219000052,0,32,-32
219000053,1,273,-272
219000055,54,0,54
219000056,18,0,18
219000057,37,0,37
219000062,12,388,-376
219000063,29,6,23
219000064,3,45,-42
219000110,226,30,196
219000111,76,15,61
219000112,128,31,97
219000113,79,26,53
219000114,179,50,129
219000116,56,29,27
219000117,78,78,0
219000118,89,70,19
219000123,234,104,130
219000124,45,37,8
219000125,6,26,-20
219000126,60,143,-83
219000127,0,8,-8
219000128,31,128,-97
219000129,21,135,-114
219000130,817,860,-43
219000131,707,880,-173
219000133,54,23,31
219000134,7,6,1
219000135,28,51,-23
219000136,95,130,-35
219000138,79,14,65
219000139,13,47,-34
219000140,21,1,20
219000141,6,120,-114
219000142,9,90,-81
219000143,16,127,-111
219000145,8,36,-28
219000146,5,56,-51
219000147,1,64,-63
219000148,4,74,-70
219000149,32,213,-181
219000150,2,128,-126
219000151,2,90,-88
219000157,139,108,31
219000158,97,222,-125
219000161,162,14,148
219000163,1274,388,886
219000166,57,159,-102
219000167,68,251,-183
219000168,266,79,187
219000174,215,63,152
219000175,27,4,23
219000176,28,13,15
219000177,15,3,12
219000178,6,2,4
219000179,10,7,3
219000180,29,27,2
219000182,61,4,57
219000183,11,38,-27
219000184,27,16,11
219000185,0,92,-92
219000186,26,60,-34
219000187,16,102,-86
219000189,176,149,27
219000190,122,193,-71
219000191,1484,935,549
219000192,146,143,3
219000193,610,146,464
219000195,0,74,-74
219000196,15,102,-87
219000198,23,123,-100
219000199,132,166,-34
219000200,32,180,-148
219000201,82,226,-144
219000203,43,124,-81
219000204,87,208,-121
219000205,47,229,-182
219000207,259,196,63
219000209,12,110,-98
219000210,60,111,-51
219000213,10,374,-364
219000239,105,236,-131
219000240,154,345,-191
219000241,79,286,-207
219000242,48,241,-193
219000243,42,398,-356
219000244,17,158,-141
219000245,94,43,51
219000246,52,19,33
219000247,51,30,21
219000248,336,240,96
219000249,88,61,27
219000250,136,113,23
219000251,321,89,232
219000252,165,103,62
219000253,262,31,231
219000255,72,79,-7
219000256,70,49,21
219000257,54,0,54
219000262,69,259,-190
219000263,40,234,-194
219000267,2,198,-196
219000268,1,11,-10
219000269,2,1,1
219000270,1,0,1
219000271,71,5,66
219000278,1,25,-24
219000279,0,0,0
219000283,0,8,-8
219000295,6,105,-99
219000296,48,527,-479
219000297,8,160,-152
219000298,12,210,-198
219000299,317,41,276
219000300,12,305,-293
219000301,153,259,-106
219000302,39,166,-127
219000307,29,55,-26
219000308,27,14,13
219000311,111,41,70
219000312,377,34,343
219000313,124,13,111
219000314,75,521,-446
219000315,127,30,97
219000316,221,26,195
219000317,42,12,30
219000320,0,46,-46
219000321,0,22,-22
219000323,0,109,-109
219000325,1,26,-25
219000326,41,127,-86
219000327,40,34,6
219000328,33,39,-6
219000329,186,74,112
219000330,10,23,-13
219000331,12,21,-9
219000332,38,83,-45
219000333,4,3,1
219000335,60,2,58
219000337,6,1,5
219000338,51,1,50
219000344,12,90,-78
219000345,59,129,-70
219000346,25,164,-139
219000348,103,167,-64
219000349,36,316,-280
219000350,26,85,-59
219000351,4,1,3
219000352,136,50,86
219000353,71,38,33
219000354,73,82,-9
219000355,92,31,61
219000356,1607,504,1103
219000363,272,32,240
219000364,100,22,78
219000365,65,18,47
219000366,238,152,86
219000368,269,329,-60
219000370,850,229,621
219000371,7,11,-4
219000382,4,8,-4
219000383,698,685,13
219000385,484,386,98
219000386,938,1248,-310
219000387,0,4,-4
219000390,9,0,9
219000391,1,0,1
219000397,60,61,-1
219000398,54,41,13
219000401,4,96,-92
219000402,22,88,-66
219000403,62,135,-73
219000404,13,65,-52
219000407,1,17,-16
219000409,30,31,-1
219000410,52,22,30
219000411,48,12,36
219000446,193,463,-270
219000447,0,14,-14
219000448,4,5,-1
219000452,95,48,47
219000453,58,97,-39
219000454,245,129,116
219000556,117,54,63
219000558,76,334,-258
219000590,9,193,-184
219000591,19,36,-17
219000592,98,374,-276
219000595,1,34,-33
219000635,47,13,34
219000636,22,93,-71
219000657,14,7,7
219000658,10,27,-17
219000673,0,7,-7
219000676,2,2,0
219000679,14,6,8
219000684,52,4,48
219000685,0,141,-141
219000686,0,2,-2
219000688,1,65,-64
219000689,44,187,-143
219000690,149,22,127
219000691,67,96,-29
219000692,159,32,127
219000693,0,44,-44
219000694,2,0,2
219000695,7,2,5
219000698,6,0,6
219000699,0,7,-7
219000727,3,295,-292
219000728,101,1,100
219000770,16,0,16
219000771,0,36,-36
219000788,299,424,-125
219001150,1,4,-3
219001151,1,2,-1
219001166,33,4,29
219001167,1,70,-69
219001178,11,0,11
220000001,18,41,-23
220000002,9,152,-143
220000003,354,299,55
220000004,444,546,-102
220000005,1328,1303,25
220000006,126,900,-774
220000007,264,758,-494
220000008,249,1066,-817
220000009,151,511,-360
220000010,211,111,100
220000011,500,2381,-1881
220000012,110,178,-68
220000014,19,43,-24
220000015,21,209,-188
220000017,64,341,-277
220000018,4747,711,4036
220000019,67,193,-126
220000020,243,209,34
220000021,407,188,219
220000022,310,480,-170
220000023,108,137,-29
220000024,1180,326,854
220000025,407,397,10
220000026,170,118,52
220000027,18,67,-49
220000028,20,19,1
220000029,42,102,-60
220000030,181,95,86
220000031,134,232,-98
220000064,19,765,-746
221000046,4,0,4
221000047,0,0,0
221000048,0,1,-1
221000049,0,13,-13
221000050,5,0,5
221000055,29,30,-1
221000068,254,67,187
221000069,211,53,158
221000070,127,24,103
221000071,47,8,39
221000072,138,9,129
221000073,110,41,69
221000074,0,17,-17
221000075,19,13,6
221000076,3,45,-42
221000077,32,79,-47
221000081,59,4,55
221000082,31,3,28
221000083,31,3,28
221000084,6,4,2
221000085,6,55,-49
221000086,9,97,-88
221000087,3,134,-131
221000088,15,164,-149
221000089,18,203,-185
221000090,70,359,-289
221000098,75,12,63
221000099,98,7,91
221000100,44,7,37
221000101,243,15,228
221000103,5,18,-13
221000104,9,85,-76
221000107,29,3,26
221000108,29,11,18
221000111,16,178,-162
221000112,8,148,-140
221000113,14,148,-134
221000114,5,166,-161
221000120,7,21,-14
221000121,0,18,-18
221000122,8,11,-3
221000123,7,45,-38
221000124,20,267,-247
221000155,46,5,41
221000156,40,30,10
221000175,1,10,-9
221000176,0,3,-3
221000182,35,7,28
221000241,604,160,444
221000242,128,345,-217
221000243,333,87,246
221000244,110,382,-272
221000245,57,107,-50
221000246,14,258,-244
221000247,63,121,-58
221000248,85,186,-101
221000267,62,773,-711
221000325,37,40,-3
221000331,1,85,-84
221000338,2,11,-9
221000378,80,19,61
221000381,34,116,-82
222000282,0,3,-3
222000296,1,13,-12
222000568,163,20,143
222000569,89,16,73
222000570,83,9,74
222000571,117,20,97
222000577,5,288,-283
222000578,16,223,-207
222000579,32,178,-146
222000580,122,937,-815
222000599,0,133,-133
222000600,0,300,-300
222000601,9,886,-877
222000603,20,22,-2
222000604,11,32,-21
222000605,0,7,-7
222000606,3,10,-7
222000607,0,4,-4
222000608,8,14,-6
222000609,40,437,-397
222000616,81,64,17
222000617,3,7,-4
222000618,5,3,2
222000620,81,4,77
222000621,67,9,58
222000623,317,4,313
222000624,126,3,123
222000625,243,25,218
222000636,26,4,22
222000686,19,14,5
222000687,16,32,-16
222001066,192,0,192
222001067,0,9,-9
222001068,8,34,-26
222001069,18,34,-16
222001082,2,54,-52
222001083,3,40,-37
222001084,0,33,-33
222001085,0,71,-71
222001111,3,288,-285
222001112,14,53,-39
222001313,9,5,4
222001314,2,83,-81
222001464,98,38,60
222001465,39,300,-261
222001484,58,41,17
222001485,13,107,-94
222001494,160,80,80
222001495,75,540,-465
222001496,118,40,78
222001497,104,753,-649
222001502,18,117,-99
222001503,57,33,24
222001504,25,208,-183
222001505,124,11,113
222001506,19,172,-153
222001507,112,19,93
222001510,164,15,149
222001511,14,393,-379
222001514,334,99,235
222001515,159,614,-455
222001518,107,37,70
222001519,25,418,-393
222001527,137,27,110
222001528,57,179,-122
222001529,59,18,41
222001530,26,239,-213
222001533,80,400,-320
222001534,98,23,75
222001535,68,119,-51
222001536,63,502,-439
222001537,154,24,130
222001538,31,465,-434
222001563,245,62,183
222001564,25,867,-842
222001568,162,89,73
222001576,0,2,-2
222001579,0,4,-4
222001583,27,219,-192
222001584,59,24,35
222001596,470,1452,-982
222001597,876,223,653
222001626,1,178,-177
222001650,45,58,-13
222001651,52,129,-77
222001914,147,34,113
222001915,40,200,-160
222001968,411,181,230
222001969,317,1034,-717
222001970,71,254,-183
222001971,3,21,-18
222001972,2,23,-21
225000001,271,91,180
225000002,204,67,137
225000003,157,49,108
225000004,144,183,-39
225000005,11,49,-38
225000006,0,140,-140
225000007,3101,976,2125
225000010,108,4,104
225000011,525,626,-101
225000012,121,421,-300
225000013,91,108,-17
225000014,535,44,491
225000015,94,222,-128
225000021,459,155,304
225000027,222,538,-316
225000032,409,119,290
225000042,48,680,-632
225000049,25,49,-24
225000050,38,18,20
225000053,3,189,-186
225000058,548,123,425
225000067,95,198,-103
225000068,75,517,-442
225000069,199,502,-303
225000070,44,519,-475
225000071,23,313,-290
225000075,17,676,-659
225000076,67,115,-48
225000078,59,32,27
225000085,24,60,-36
225000086,101,29,72
225000087,109,9,100
225000088,14,147,-133
225000089,323,614,-291
225000090,27,320,-293
225000091,73,213,-140
225000092,43,77,-34
225000093,112,400,-288
225000094,13,489,-476
225000095,269,608,-339
225000096,167,412,-245
225000098,315,84,231
225000099,168,83,85
225000100,87,96,-9
225000104,60,426,-366
225000110,2,399,-397
225000111,180,1069,-889
225000112,229,1010,-781
225000113,107,651,-544
225000114,46,285,-239
225000115,2717,554,2163
225000116,720,99,621
225000117,692,301,391
225000118,577,236,341
225000119,107,49,58
225000120,335,53,282
225000121,168,32,136
225000123,567,14,553
225000125,186,300,-114
225000126,1047,192,855
225000127,842,432,410
225000128,313,335,-22
225000132,155,21,134
225000133,169,16,153
225000134,396,77,319
225000135,18,3,15
225000136,93,5,88
225000137,80,51,29
225000138,254,26,228
225000143,90,136,-46
225000144,0,329,-329
225000145,24,39,-15
225000146,31,124,-93
225000147,27,371,-344
225000148,10,244,-234
225000149,42,511,-469
225000151,30,264,-234
225000155,233,339,-106
225000156,177,610,-433
225000157,114,353,-239
225000158,73,304,-231
225000171,6,173,-167
225000180,23,0,23
225000181,0,49,-49
225000182,48,7,41
225000185,8,310,-302
225000187,46,370,-324
225000191,83,1,82
225000194,0,10,-10
225000208,0,54,-54
225000209,38,17,21
225000210,1,201,-200
225000217,0,20,-20
225000218,4,0,4
225000223,0,62,-62
225000224,376,1,375
225000225,1,7,-6
225000226,29,0,29
225000227,32,52,-20
225000228,8,2,6
225000229,0,74,-74
225000230,17,1,16
225000231,0,112,-112
225000232,54,0,54
225000241,57,0,57
225000242,3,57,-54
225000249,6,0,6
225000250,33,923,-890
225000251,214,26,188
226000042,403,393,10
226000043,91,189,-98
226000044,191,603,-412
226000045,91,364,-273
226000046,274,44,230
226000047,283,65,218
226000048,215,50,165
226000049,154,99,55
226000070,0,35,-35
226000071,0,74,-74
226000072,0,14,-14
226000073,0,9,-9
226000074,0,6,-6
226000084,5,52,-47
226000085,1,45,-44
226000086,4,6,-2
226000087,0,7,-7
226000088,7,5,2
226000090,109,33,76
226000091,21,3,18
226000092,2,2,0
226000093,22,1,21
226000094,12,0,12
226000095,176,1,175
226000105,19,1,18
226000106,5,0,5
226000107,7,0,7
226000108,16,0,16
226000109,32,0,32
226000124,90,53,37
226000134,272,286,-14
226000135,573,430,143
226000136,168,267,-99
226000137,5,450,-445
226000138,5,287,-282
226000139,0,15,-15
226000156,51,1,50
226000157,60,10,50
226000163,73,271,-198
226000202,3,467,-464
226000231,179,7,172
226000232,14,6,8
227000033,279,32,247
227000036,140,17,123
227000037,87,16,71
227000038,124,27,97
227000049,0,16,-16
227000050,1,59,-58
227000055,35,0,35
227000056,13,0,13
227000084,0,50,-50
227000085,0,46,-46
227000088,32,3,29
227000089,76,1,75
227000090,6,4,2
227000091,4,0,4
227000093,26,0,26
227000094,5,0,5
227000130,35,61,-26
227000131,12,360,-348
227000132,13,287,-274
227000133,13,300,-287
227000134,21,331,-310
227000152,0,1,-1
227000153,0,16,-16
227000155,0,16,-16
227000156,0,12,-12
227000165,0,17,-17
227000196,79,317,-238
227000199,107,388,-281
227000230,20,265,-245
227000232,88,11,77
227000242,52,388,-336
227000243,275,50,225
227000245,15,328,-313
227000246,51,432,-381
227000247,139,40,99
227000248,163,28,135
227000249,23,271,-248
227000250,305,106,199
227000251,250,337,-87
227000252,6,347,-341
227000253,45,23,22
227000262,164,12,152
227000266,404,14,390
227000267,36,1513,-1477
227000282,3,136,-133
227000284,130,7,123
227000286,2,51,-49
227000287,6,105,-99
227000291,7,354,-347
227000484,207,23,184
227000485,11,376,-365
227000655,24,7,17
227000656,330,12,318
227000657,13,5,8
227000661,112,11,101
227000680,95,26,69
229000265,5,31,-26
229000296,0,10,-10
229000297,2,49,-47
229000298,7,149,-142
229000320,7,9,-2
229000321,7,6,1
229000412,8,42,-34
229000414,7,40,-33
229000415,5,0,5
229000416,1,6,-5
229000417,0,10,-10
229000419,83,285,-202
229000440,157,71,86
229000442,5,0,5
229000443,3,2,1
229000444,0,31,-31
229000445,25,13,12
229000446,52,14,38
229000847,13,0,13
229000848,6,0,6
229000849,87,0,87
229000851,9,0,9
229000854,0,68,-68
229000856,1,162,-161
229000857,0,39,-39
229000858,1,146,-145
229000919,5,66,-61
229000930,1,190,-189
229000937,58,12,46
229000966,36,29,7
229000981,13,42,-29
229000985,3,29,-26
229000986,1,20,-19
229000987,0,1,-1
229000988,5,2,3
229000989,0,2,-2
229000990,0,0,0
229000991,0,5,-5
229000992,2,1,1
229000993,149,16,133
229000998,14,37,-23
229000999,42,8,34
229001034,1,11,-10
229001035,5,0,5
229001037,35,3,32
229001042,3,9,-6
229001047,2,59,-57
229001050,30,44,-14
229001200,13,0,13
229001338,26,9,17
229001394,179,1,178
229001422,86,12,74
229001423,24,136,-112
229001431,28,45,-17
229001432,26,76,-50
229001444,84,45,39
229001445,30,180,-150
229001503,95,71,24
229001504,51,157,-106
229001505,62,38,24
229001506,36,149,-113
229001509,41,38,3
229001545,60,3,57
229001546,7,67,-60
229001553,32,4,28
229001554,7,80,-73
229001559,0,6,-6
229001560,0,32,-32
229001630,71,28,43
229001631,3,48,-45
229001635,0,8,-8
229001636,0,0,0
229001658,2,78,-76
229001659,62,9,53
229001660,1,0,1
229001661,0,7,-7
229001662,38,18,20
229001663,0,18,-18
229002584,121,149,-28
229002831,140,119,21
229002841,1,15,-14
229002842,5,21,-16
229002843,26,16,10
229002844,27,50,-23
229002845,156,45,111
229002846,15,116,-101
229002847,0,12,-12
229002848,5,11,-6
229002849,1,32,-31
229002850,0,2,-2
229002851,28,63,-35
229002852,29,9,20
229002853,45,10,35
229002854,27,24,3
229002855,3,46,-43
229002856,10,2,8
229002857,1,45,-44
229002858,0,5,-5
229002859,19,12,7
229002860,30,5,25
229002861,17,9,8
229002862,2,20,-18
229002863,7,29,-22
229002864,2,33,-31
229002865,29,9,20
229002866,33,14,19
229002867,0,25,-25
229002868,7,8,-1
229002869,3,137,-134
229002870,21,5,16
235000066,262,75,187
235000067,58,93,-35
235000072,12,21,-9
235000073,56,145,-89
235000074,17,61,-44
235000080,4,91,-87
235000081,34,111,-77
235000082,99,53,46
235000083,61,60,1
235000084,9,31,-22
235000085,53,37,16
235000089,11,35,-24
235000092,5,116,-111
235000093,3,4,-1
235000097,4,12,-8
235000098,25,13,12
235000099,14,18,-4
235000116,32,16,16
235000117,599,10,589
235000133,4,133,-129
235000134,1,59,-58
235000206,0,1,-1
235000207,1,2,-1
235000208,1,0,1
235000209,2,2,0
235000210,1,2,-1
235000212,2,14,-12
235000213,0,8,-8
235000220,0,1,-1
235000221,19,8,11
235000238,10,10,0
235000239,0,1,-1
235000242,157,158,-1
235000245,874,164,710
235000246,4,43,-39
235000284,2,90,-88
235000295,78,2,76
235000305,92,23,69
235000306,52,8,44
235000307,13,5,8
235000308,26,1,25
235000309,32,0,32
235000310,11,0,11
235000311,29,5,24
235000322,1,26,-25
235000323,1,62,-61
235000324,3,12,-9
235000325,1,19,-18
235000326,10,342,-332
235000351,5,87,-82
235000352,4,48,-44
235000353,1,34,-33
235000354,3,41,-38
235000355,18,53,-35
235000356,33,3,30
235000357,20,6,14
235000358,19,4,15
235000359,3,3,0
235000360,45,5,40
235000361,29,1,28
235000381,31,296,-265
235000382,92,35,57
235000390,13,0,13
235000391,44,14,30
235000392,55,105,-50
235000393,34,64,-30
235000395,26,17,9
235000396,103,60,43
235000400,49,79,-30
235000401,16,162,-146
235000405,57,277,-220
235000406,15,193,-178
235000407,35,85,-50
235000409,216,149,67
235000410,15,181,-166
235000411,1,67,-66
235000485,0,4,-4
235000486,1,0,1
235000549,18,57,-39
235000550,27,160,-133
235000599,24,43,-19
235000600,3,5,-2
235000601,1,24,-23
235000602,46,127,-81
235000614,0,1,-1
235000648,1,17,-16
235000649,21,2,19
235000685,0,2,-2
235000815,3,12,-9
235000834,0,16,-16
235000855,23,28,-5
235000862,7,173,-166
235000891,0,10,-10
235000892,8,3,5
235000901,35,81,-46
235000907,0,10,-10
235001010,16,57,-41
235001029,422,334,88
235001030,196,144,52
235001078,63,55,8
235001079,58,76,-18
235001147,12,31,-19
235001166,14,87,-73
235001167,6,45,-39
235001169,16,286,-270
235001188,0,2,-2
235001189,0,1,-1
235001197,4,21,-17
235001200,29,11,18
235001207,142,42,100
235001210,41,378,-337
235001215,9,234,-225
235001239,0,32,-32
235001244,2,12,-10
235016267,0,21,-21
277102712,0,0,0
277103813,0,2,-2
277103814,0,1,-1
277104249,0,4,-4
277104250,0,12,-12
277104251,1,8,-7
277104252,0,1,-1
990011530,1,206,-205
990014944,0,409,-409
990015176,7,3,4
990015618,15,173,-158
990016032,0,272,-272
990032570,5,51,-46
990070001,52,4,48
990070103,0,1,-1
990070601,0,23,-23
990070751,143,0,143
990070766,1,888,-887
990071180,359,224,135
990071343,14,0,14
990071387,0,6,-6
990071823,27,7,20
990072600,3,585,-582
990072964,2,478,-476
990073285,0,1,-1
990074393,2,988,-986
990074870,437,48,389
990075106,301,3,298
990075746,154,1,153
990076437,444,5,439
990076458,4,1347,-1343
997000007,107,4,103
997000041,1,60,-59
997000058,12,0,12
997000062,13,0,13
997000069,0,3,-3
997000070,0,61,-61
997000100,3,0,3
997000141,2,902,-900
997000198,652,782,-130
998000475,1,12,-11
998000736,1,353,-352
998000965,0,6,-6
998001031,0,52,-52
998001700,0,22,-22
998001899,0,1,-1
998001900,3,0,3
998003073,473,0,473
998101900,0,0,0
998102850,0,85,-85
998501927,372,281,91
998501929,40,1,39
998501930,35,0,35
998501931,67,0,67
998501932,4,0,4
998501933,21,1,20
998501937,26,14,12
998501944,1,0,1
998501950,0,1,-1
998501970,12,6,6
998501971,0,60,-60
998501973,0,58,-58
998501974,1,243,-242
998501975,129,0,129
998501976,50,1,49
998501977,1,61,-60
998501978,15,0,15
998501979,0,5,-5
998501980,76,1,75
998501981,22,9,13
998501982,1,72,-71
998501983,0,5,-5
998502006,0,0,0
998502024,0,1,-1
998502032,0,1,-1
998502062,12,0,12
998502063,0,0,0
998502173,58,0,58
998502269,0,1,-1
998502546,0,130,-130
998502578,1,2,-1
998502599,57,186,-129
998502621,0,0,0
998601159,1,202,-201
998601292,0,21,-21
999033574,4,778,-774
999800001,38,24,14
999800002,0,2,-2
999800003,2,2,0
999800004,0,5,-5
999800005,0,5,-5
