ID,insum,outsum,diff
100000001,1108,729,379
100000002,5838,11853,-6015
100000003,5127,8379,-3252
100000004,380,1467,-1087
100000005,3745,4882,-1137
100000006,635,442,193
100000007,2875,1093,1782
100000008,58,939,-881
100000009,444,652,-208
100000010,23,301,-278
100000011,555,144,411
100000012,23,507,-484
100000013,7,278,-271
100000014,153,1081,-928
100000015,1608,2405,-797
100000016,377,3018,-2641
100000017,322,4020,-3698
100000018,929,719,210
100000019,4307,4164,143
100000020,1693,7415,-5722
100000021,7591,1827,5764
100000022,894,7176,-6282
100000023,5724,4492,1232
100000025,639,2787,-2148
100000028,505,4707,-4202
100000029,30,1829,-1799
100000030,47,42,5
100000031,2553,10805,-8252
100000032,3184,7672,-4488
100000033,1172,5658,-4486
100000034,197,2630,-2433
100000035,741,2087,-1346
100000036,784,2630,-1846
100000037,890,592,298
100000038,3345,1223,2122
100000039,255,629,-374
100000040,671,230,441
100000041,1835,564,1271
100000042,1594,427,1167
100000043,665,326,339
100000044,295,519,-224
100000045,306,652,-346
100000046,390,815,-425
100000047,193,395,-202
100000048,172,740,-568
100000049,1725,1657,68
100000051,769,534,235
100000053,66,3,63
100000054,314,33,281
100000055,615,328,287
100000056,360,889,-529
100000057,2221,734,1487
100000058,918,660,258
100000059,32,406,-374
100000060,881,534,347
100000061,2411,836,1575
100000062,1622,908,714
100000063,1054,455,599
100000064,1627,886,741
100000065,395,872,-477
100000066,266,546,-280
100000067,176,986,-810
100000068,563,1721,-1158
100000069,317,1267,-950
100000072,185,431,-246
100000073,1297,1096,201
100000075,1256,263,993
100000076,1937,7429,-5492
100000077,137,964,-827
100000078,20,71,-51
100000079,7,68,-61
100000080,3,76,-73
100000081,28,150,-122
100000102,3948,11684,-7736
100000103,2502,2823,-321
100000104,7101,2718,4383
100000105,1267,3639,-2372
100000106,843,6439,-5596
100000107,74,1961,-1887
100000108,319,2152,-1833
100000109,565,3074,-2509
100000116,261,856,-595
100000117,67,189,-122
100000118,521,1720,-1199
100000119,1085,1559,-474
100000121,175,913,-738
100000122,651,6734,-6083
100000123,1102,3339,-2237
100000124,2148,3190,-1042
100000125,14006,3177,10829
100000126,699,2643,-1944
100000127,1294,2496,-1202
100000128,409,5158,-4749
100000129,389,1441,-1052
100000130,861,245,616
100000131,899,1813,-914
100000132,1584,1815,-231
100000133,1311,781,530
100000135,894,1397,-503
100000139,131,660,-529
100000140,115,283,-168
100000142,659,1119,-460
100000143,1856,457,1399
100000144,1729,574,1155
100000147,2351,6152,-3801
100000150,119,955,-836
100000151,432,3292,-2860
100000153,52,977,-925
100000154,21,1674,-1653
100000155,11,109,-98
100000156,154,220,-66
100000157,380,208,172
100000158,230,191,39
100000159,116,3118,-3002
100000165,842,819,23
100000169,39,2981,-2942
100000174,267,1809,-1542
100000179,123,1724,-1601
100000180,491,2797,-2306
100000181,330,641,-311
100000188,88,280,-192
100000189,857,478,379
100000190,525,2456,-1931
100000191,1309,797,512
100000192,54,111,-57
100000193,360,221,139
100000330,729,1422,-693
100000355,339,712,-373
100000362,2387,1004,1383
100000363,7129,10162,-3033
100000364,116,354,-238
100000365,7437,12757,-5320
100000366,1847,1536,311
100000367,7361,9189,-1828
100000368,2165,1531,634
100000369,820,3513,-2693
100000370,265,1126,-861
100000376,39,445,-406
100000379,860,6743,-5883
100000380,3467,15851,-12384
100000384,6927,11656,-4729
100000385,1820,7818,-5998
100000386,1748,11593,-9845
100000387,5696,13205,-7509
100000388,1902,5150,-3248
100000389,5534,9711,-4177
100000390,3266,4383,-1117
100000391,2688,9588,-6900
100000392,703,3495,-2792
100000393,770,6069,-5299
100000394,2347,8258,-5911
100000395,1058,7477,-6419
100000396,1152,2680,-1528
100000397,1888,9612,-7724
100000398,6472,5142,1330
100000413,2,3,-1
100900002,6,27,-21
100900003,683,342,341
100900004,8,1208,-1200
100900005,201,16,185
100900006,28,20,8
100900007,228,3,225
100900008,5,551,-546
100900009,41,56,-15
100900010,59,9,50
100900011,275,52,223
100900012,5,177,-172
100900013,1181,12,1169
100900014,3,0,3
100900015,63,74,-11
100900016,0,20,-20
100900017,1479,91,1388
100900018,1,6,-5
100900019,57,88,-31
100900020,551,3,548
100900021,558,38,520
100900022,1,11,-10
100900023,0,42,-42
100900024,444,1,443
100900025,4,4,0
100900026,130,66,64
100900027,566,3338,-2772
100900028,82,688,-606
100900029,24,2,22
100900030,1,541,-540
100900031,1127,33,1094
100900032,631,0,631
100900033,93,782,-689
100900034,1870,6,1864
100900035,270,1,269
100900036,8,1,7
100900037,136,50,86
100900038,6,396,-390
100900039,242,118,124
100900040,737,159,578
100900041,2106,277,1829
100900042,288,4090,-3802
100900043,0,95,-95
100900044,1175,995,180
100900045,8,1,7
100900046,1372,8,1364
100900047,727,102,625
100900048,181,46,135
100900049,42,103,-61
100900050,14,41,-27
100900051,21,330,-309
100900052,398,9,389
100900053,808,29,779
100900054,14,15,-1
100900055,935,1869,-934
100900056,27,60,-33
100900057,3625,459,3166
100900058,129,42,87
100900059,160,2,158
100900060,262,5,257
100900061,115,206,-91
100900062,1,9,-8
100900063,262,1221,-959
100900064,746,7,739
100900065,57,194,-137
100900066,186,102,84
100900067,3,4,-1
100900068,112,105,7
100900069,158,1,157
100900070,834,6,828
100900071,162,121,41
100900072,0,20,-20
100900073,195,396,-201
100900074,0,13,-13
100900075,2358,100,2258
100900076,3,32,-29
100900077,60,9,51
100900078,362,259,103
100900079,2,28,-26
100900080,131,97,34
100900081,30,130,-100
100900082,392,137,255
100900083,6,137,-131
100900085,3,692,-689
100900086,43,395,-352
100900088,261,107,154
100900089,8,26,-18
100900090,129,1726,-1597
100900091,0,4,-4
100900092,99,138,-39
100900093,326,617,-291
100900094,257,87,170
100900095,2,36,-34
100900096,14,587,-573
100900097,25,0,25
100900098,5,29,-24
100900099,28,737,-709
100900100,19,353,-334
100900101,210,56,154
100900102,4,78,-74
100900103,10,7,3
100900104,3,254,-251
100900105,22,787,-765
100900106,2,2,0
100900107,3292,951,2341
100900108,1,27,-26
100900109,5,82,-77
100900110,2,29,-27
100900111,14,335,-321
100900112,3,7,-4
100900113,13,6,7
100900114,6,15,-9
100900115,9,86,-77
100900116,1147,493,654
100900117,359,1310,-951
100900118,9,108,-99
100900119,13,12,1
100900120,13,13,0
100900121,410,415,-5
100900122,58,95,-37
100900123,241,37,204
100900124,1,6,-5
100900125,5,21,-16
100900126,735,46,689
100900127,4,1,3
100900128,41,953,-912
100900129,1,413,-412
100900131,18,86,-68
100900133,72,9,63
100900134,6,10,-4
100900135,2,870,-868
100900137,400,246,154
100900138,329,669,-340
100900139,6,9,-3
100900140,0,198,-198
100900141,3,947,-944
100900142,0,8,-8
100900143,334,1091,-757
100900144,2,3,-1
100900145,61,314,-253
100900146,7,34,-27
100900147,21,3359,-3338
100900148,93,187,-94
100900149,10,673,-663
100900150,8,37,-29
100900151,68,459,-391
100900152,260,7,253
100900153,1,334,-333
100900154,3,253,-250
100900155,5,5,0
100900156,21,2,19
100900157,7,410,-403
100900159,3,71,-68
100900160,51,2,49
100900161,21,1,20
100900162,9,197,-188
100900163,85,68,17
100900164,178,33,145
100900165,34,88,-54
100900166,21,0,21
100900167,11,49,-38
100900168,12,69,-57
100900169,44,1314,-1270
100900170,23,10,13
100900171,2,536,-534
100900172,2,126,-124
100900173,7,140,-133
100900174,51,17,34
100900176,2094,697,1397
100900177,529,404,125
100900178,177,247,-70
100900179,286,493,-207
100900180,0,0,0
100900181,20,46,-26
100900182,26,8,18
100900184,32,60,-28
100900186,504,298,206
100900187,70,64,6
100900188,17,11,6
100900189,3009,133,2876
100900191,537,1233,-696
100900192,180,490,-310
100900195,133,882,-749
100900197,70,114,-44
100900198,61,16,45
100900199,2,5,-3
100900200,983,320,663
100900201,164,903,-739
100900202,68,0,68
100900203,1,128,-127
100900204,44,817,-773
100900205,225,618,-393
100900206,175,221,-46
100900207,227,156,71
100900210,138,133,5
100900211,645,119,526
100900213,208,26,182
100900214,376,155,221
100900215,108,23,85
100900217,104,205,-101
101000001,2066,2252,-186
101000002,8825,10642,-1817
101000003,426,986,-560
101000004,8850,6376,2474
101000005,4755,7026,-2271
101000006,11825,12400,-575
101000007,5367,6407,-1040
101000008,2028,3261,-1233
101000009,3439,950,2489
101000010,1423,1009,414
101000011,1977,438,1539
101000012,345,838,-493
101000013,528,1825,-1297
101000014,429,534,-105
101000015,2629,2118,511
101000016,199,1272,-1073
101000017,316,660,-344
101000018,1592,12871,-11279
101000020,1540,2345,-805
101000021,531,1617,-1086
101000022,41,366,-325
101000023,1193,1181,12
101000025,497,914,-417
101000026,335,52,283
101000027,1924,5054,-3130
101000028,978,373,605
101000029,87,1658,-1571
101000030,916,114,802
101000031,99,707,-608
101000032,1913,5413,-3500
101000033,1295,8643,-7348
101000034,742,4454,-3712
101000035,330,822,-492
101000036,462,4052,-3590
101000037,1306,5807,-4501
101000039,1945,6096,-4151
101000040,3004,9074,-6070
101000041,2109,7440,-5331
101000042,64,1401,-1337
101000043,3416,10677,-7261
101000045,178,1079,-901
101000046,1099,2524,-1425
101000047,1037,4856,-3819
101000048,713,678,35
101000049,535,3412,-2877
101000050,540,2357,-1817
101000051,417,2271,-1854
101000052,2203,2334,-131
101000053,496,2118,-1622
101000054,2878,1162,1716
101000055,1301,1920,-619
101000056,25,268,-243
101000057,672,4407,-3735
101000058,892,3109,-2217
101000059,2824,4017,-1193
101000060,3247,2102,1145
101000061,271,3014,-2743
101000062,243,943,-700
101000063,184,2411,-2227
101000064,296,2275,-1979
101000065,182,1592,-1410
101000066,354,2153,-1799
101000067,275,1061,-786
101000068,80,415,-335
101000069,198,123,75
101000070,334,974,-640
101000071,5191,2023,3168
101000072,800,3103,-2303
101000073,410,1389,-979
101000074,2062,3846,-1784
101000075,1878,3689,-1811
101000077,1861,1829,32
101000078,742,1374,-632
101000079,864,1360,-496
101000080,677,1260,-583
101000081,1718,1734,-16
101000082,2186,2213,-27
101000083,3841,2819,1022
101000084,1262,574,688
101000085,1822,1748,74
101000086,934,1547,-613
101000087,1032,1210,-178
101000088,2055,1518,537
101000089,1372,2166,-794
101000090,1942,831,1111
101000091,824,482,342
101000092,3051,641,2410
101000093,2198,646,1552
101000094,1411,923,488
101000095,756,639,117
101000096,908,311,597
101000097,556,1472,-916
101000098,464,1459,-995
101000099,648,1416,-768
101000100,860,2007,-1147
101000101,182,1962,-1780
101000102,429,2613,-2184
101000103,506,1726,-1220
101000104,305,912,-607
101000105,304,973,-669
101000106,146,3392,-3246
101000107,362,878,-516
101000108,771,106,665
101000109,1166,220,946
101000110,47,228,-181
101000111,59,267,-208
101000113,149,1331,-1182
101000114,2088,7574,-5486
101000115,42,14,28
101000116,10,48,-38
101000117,1519,362,1157
101000119,10,107,-97
101000120,92,171,-79
101000121,12,72,-60
101000122,116,89,27
101000123,36,103,-67
101000124,432,615,-183
101000125,76,221,-145
101000128,121,2323,-2202
101000130,198,239,-41
101000131,2182,453,1729
101000132,1210,652,558
101000135,8,47,-39
101000136,110,219,-109
101000137,31,838,-807
101000141,692,6647,-5955
101000147,1839,403,1436
101000148,1253,9,1244
101000149,25,106,-81
101000150,226,298,-72
101000151,456,50,406
101000152,415,556,-141
101000153,530,212,318
101000154,623,794,-171
101000155,694,291,403
101000156,51,860,-809
101000157,65,410,-345
101000160,7,14,-7
101000163,64,815,-751
101000164,286,137,149
101000165,318,690,-372
101000166,197,306,-109
101000168,1094,780,314
101000252,3513,1295,2218
101000254,57,55,2
101000258,57,10,47
101000261,44,139,-95
101000262,3418,8812,-5394
101000263,427,1750,-1323
101000265,119,881,-762
101000266,425,301,124
101000269,20,55,-35
101000290,264,4338,-4074
101000293,3,50,-47
101000294,944,940,4
101000295,534,247,287
101000301,201,1053,-852
101000304,3417,6615,-3198
101000305,3848,2694,1154
101000328,216,1748,-1532
101900001,22,26,-4
101900002,0,2,-2
101900003,15,391,-376
101900004,2,348,-346
101900005,1585,5331,-3746
101900006,3001,244,2757
101900007,710,433,277
101900008,62,751,-689
101900009,63,582,-519
101900010,575,1034,-459
101900011,73,2058,-1985
101900012,677,122,555
101900013,767,89,678
101900017,15,159,-144
101900018,1154,332,822
101900019,18,204,-186
101900020,108,45,63
101900021,0,51,-51
101900022,208,913,-705
101900023,199,127,72
101900026,143,37,106
101900027,37,119,-82
102000001,4747,9597,-4850
102000002,2960,5991,-3031
102000003,2646,7076,-4430
102000004,6529,4704,1825
102000005,2329,4820,-2491
102000006,930,1947,-1017
102000007,3364,5621,-2257
102000008,7182,2124,5058
102000009,11185,10706,479
102000010,4756,3285,1471
102000011,6852,7034,-182
102000012,4416,3318,1098
102000018,4224,4319,-95
102000019,3697,2374,1323
102000026,1000,533,467
102000029,401,418,-17
102000030,131,532,-401
102000031,107,253,-146
102000032,855,644,211
102000033,523,314,209
102000034,774,584,190
102000035,1399,568,831
102000036,79,243,-164
102000037,221,60,161
102000038,113,715,-602
102000039,89,294,-205
102000040,241,418,-177
102000041,58,964,-906
102000042,51,574,-523
102000043,111,812,-701
102000044,622,1888,-1266
102000045,1096,1354,-258
102000046,2156,1048,1108
102000047,1369,1081,288
102000048,999,666,333
102000049,1271,1698,-427
102000050,2539,1804,735
102000051,178,1099,-921
102000052,1492,1754,-262
102000053,1033,2248,-1215
102000054,1137,1086,51
102000055,1795,243,1552
102000056,2896,301,2595
102000057,2739,659,2080
102000058,1075,861,214
102000059,1190,1855,-665
102000060,1128,1253,-125
102000061,2306,2186,120
102000062,3077,1007,2070
102000063,1396,1708,-312
102000064,840,832,8
102000065,60,123,-63
102000066,1090,1384,-294
102000067,8393,5795,2598
102000068,11333,5064,6269
102000069,98,3081,-2983
102000070,2399,69,2330
102000071,8495,13929,-5434
102000072,3310,5179,-1869
102000073,1104,696,408
102000074,1116,1337,-221
102000075,225,253,-28
102000076,618,157,461
102000077,1075,320,755
102000078,1730,320,1410
102000079,239,62,177
102000080,636,154,482
102000081,336,828,-492
102000082,746,340,406
102000083,1437,328,1109
102000084,917,252,665
102000085,2728,924,1804
102000086,2160,798,1362
102000087,798,1548,-750
102000088,612,345,267
102000089,2040,343,1697
102000090,402,1382,-980
102000091,1385,642,743
102000092,312,644,-332
102000093,1538,877,661
102000094,482,310,172
102000095,717,1345,-628
102000096,379,364,15
102000097,495,316,179
102000098,289,406,-117
102000099,739,806,-67
102000100,300,885,-585
102000101,264,395,-131
102000102,360,1462,-1102
102000103,4473,619,3854
102000104,922,686,236
102000105,328,656,-328
102000106,1090,522,568
102000107,3076,253,2823
102000108,958,356,602
102000109,1626,723,903
102000110,2065,893,1172
102000111,22,690,-668
102000112,148,192,-44
102000113,31,94,-63
102000114,1605,433,1172
102000115,333,513,-180
102000116,289,874,-585
102000117,67,1446,-1379
102000118,1151,2211,-1060
102000119,988,1817,-829
102000120,280,836,-556
102000121,1185,408,777
102000122,486,1066,-580
102000123,1283,674,609
102000124,1648,1543,105
102000125,421,677,-256
102000126,531,749,-218
102000127,1366,490,876
102000128,696,876,-180
102000129,1539,520,1019
102000130,590,816,-226
102000131,849,714,135
102000132,290,869,-579
102000133,4670,2546,2124
102000134,1314,1081,233
102000135,827,841,-14
102000136,1323,577,746
102000137,484,629,-145
102000138,474,245,229
102000139,117,814,-697
102000140,144,985,-841
102000141,221,409,-188
102000142,456,317,139
102000143,493,241,252
102000144,370,262,108
102000145,604,392,212
102000146,574,366,208
102000147,557,451,106
102000148,381,1003,-622
102000149,657,137,520
102000150,1061,92,969
102000151,147,127,20
102000152,364,245,119
102000153,903,813,90
102000154,181,370,-189
102000155,61,703,-642
102000156,297,200,97
102000157,57,1920,-1863
102000158,319,574,-255
102000159,3061,1647,1414
102000161,3914,2689,1225
102000162,167,288,-121
102000163,161,449,-288
102000164,768,906,-138
102000165,225,472,-247
102000166,83,306,-223
102000167,247,412,-165
102000168,274,267,7
102000169,158,699,-541
102000170,1153,233,920
102000171,85,209,-124
102000172,21,462,-441
102000173,553,359,194
102000174,241,81,160
102000175,48,81,-33
102000176,35,62,-27
102000178,300,701,-401
102000179,584,385,199
102000180,1627,213,1414
102000181,1373,453,920
102000182,687,335,352
102000183,2493,1130,1363
102000184,2637,608,2029
102000185,3408,830,2578
102000186,2667,1000,1667
102000187,1356,1160,196
102000188,1876,1831,45
102000189,2536,542,1994
102000190,623,2484,-1861
102000191,989,349,640
102000192,3130,2216,914
102000193,259,208,51
102000194,51,584,-533
102000195,808,730,78
102000196,361,477,-116
102000197,1806,206,1600
102000198,303,466,-163
102000199,1770,146,1624
102000200,433,670,-237
102000201,1807,516,1291
102000202,13,215,-202
102000203,842,223,619
102000204,1216,832,384
102000205,1795,841,954
102000206,947,395,552
102000207,1059,663,396
102000208,602,1033,-431
102000209,66,322,-256
102000210,798,678,120
102000211,900,211,689
102000212,706,3,703
102000213,13,254,-241
102000214,777,9,768
102000215,19,242,-223
102000216,213,177,36
102000217,40,65,-25
102000218,292,306,-14
102000219,229,128,101
102000225,310,650,-340
102000226,216,184,32
102000227,118,3,115
102000228,0,258,-258
102000229,77,60,17
102000230,529,277,252
102000231,409,365,44
102000232,186,332,-146
102000233,2037,490,1547
102000234,129,1244,-1115
102000236,407,77,330
102000237,1496,910,586
102000238,274,412,-138
102000240,429,1134,-705
102000241,271,70,201
102000243,22,54,-32
102000245,24,119,-95
102000246,6,107,-101
102000247,335,412,-77
102000248,291,1122,-831
102000249,208,109,99
102000250,116,161,-45
102000254,551,246,305
102000266,1,589,-588
102000271,72,15,57
102000286,513,462,51
102000297,3545,1428,2117
102000299,0,0,0
102000301,0,0,0
102000303,0,0,0
102000305,0,0,0
102000307,0,14,-14
102900001,875,407,468
102900002,380,52,328
102900003,158,210,-52
102900005,660,198,462
102900006,620,50,570
102900007,1043,14,1029
102900008,320,25,295
102900009,239,400,-161
102900010,129,987,-858
102900011,996,717,279
102900012,407,223,184
102900013,62,4,58
102900015,772,751,21
102900016,96,14,82
102900017,385,112,273
102900018,75,34,41
102900019,561,905,-344
102900020,467,41,426
102900021,43,13,30
102900022,80,56,24
102900023,36,40,-4
102900024,80,33,47
102900025,47,67,-20
102900026,719,2634,-1915
102900027,62,49,13
102900028,247,1397,-1150
102900029,137,597,-460
102900030,461,501,-40
102900031,496,159,337
102900032,220,46,174
102900033,100,216,-116
102900034,1115,25,1090
102900035,206,314,-108
102900036,733,259,474
102900037,486,284,202
102900038,474,154,320
102900039,20,1194,-1174
102900040,285,362,-77
102900041,169,134,35
102900042,500,107,393
102900043,536,93,443
102900044,605,1158,-553
102900045,385,281,104
102900046,205,101,104
102900047,214,491,-277
102900048,643,262,381
102900049,66,228,-162
102900050,189,469,-280
102900051,145,561,-416
102900053,407,693,-286
102900054,202,1852,-1650
102900055,182,508,-326
102900056,104,393,-289
102900057,2,79,-77
102900058,483,92,391
102900059,43,12,31
102900060,148,517,-369
102900061,332,292,40
102900062,488,508,-20
102900063,2581,348,2233
102900064,97,649,-552
102900065,946,202,744
102900066,565,10,555
102900068,89,262,-173
102900070,350,620,-270
102900072,18,75,-57
102900073,72,2,70
102900075,3,62,-59
102900076,57,177,-120
102900077,27,24,3
102900078,40,18,22
102900079,418,1,417
102900080,469,8,461
102900081,71,182,-111
102900082,31,224,-193
102900083,108,8,100
102900084,5,20,-15
102900085,130,52,78
102900086,14,50,-36
102900087,270,127,143
102900088,88,82,6
102900089,258,293,-35
102900090,0,277,-277
102900091,372,0,372
102900092,1000,202,798
102900094,5,192,-187
102900095,74,0,74
102900096,110,6,104
102900097,1,45,-44
103000001,2609,4325,-1716
103000002,2750,4858,-2108
103000003,3633,4143,-510
103000004,826,770,56
103000005,2038,6335,-4297
103000006,1768,2255,-487
103000007,668,512,156
103000008,1239,1904,-665
103000009,3642,2551,1091
103000010,295,81,214
103000011,1494,782,712
103000012,1355,2549,-1194
103000013,4449,2710,1739
103000014,1532,5230,-3698
103000015,3566,1602,1964
103000016,727,3529,-2802
103000017,303,1308,-1005
103000018,817,254,563
103000019,534,799,-265
103000020,1770,2417,-647
103000021,2133,5408,-3275
103000022,1025,1973,-948
103000023,1653,4880,-3227
103000024,105,92,13
103000025,95,1696,-1601
103000026,512,106,406
103000027,188,551,-363
103000028,199,229,-30
103000029,93,300,-207
103000030,2617,1876,741
103000031,781,3387,-2606
103000032,2700,1524,1176
103000033,3368,3787,-419
103000034,1322,910,412
103000035,200,1583,-1383
103000036,319,249,70
103000037,797,408,389
103000038,577,962,-385
103000039,1211,426,785
103000040,826,574,252
103000041,3777,1516,2261
103000042,2873,193,2680
103000043,1336,765,571
103000044,458,117,341
103000046,360,783,-423
103000047,826,339,487
103000048,550,265,285
103000049,89,127,-38
103000050,1115,236,879
103000051,739,661,78
103000052,1214,282,932
103000053,303,293,10
103000054,2545,526,2019
103000055,1748,1368,380
103000056,1425,728,697
103000057,2110,135,1975
103000058,959,368,591
103000059,1041,695,346
103000060,1117,228,889
103000061,1053,893,160
103000062,796,259,537
103000063,1310,878,432
103000064,243,87,156
103000065,6,348,-342
103000066,342,15,327
103000069,506,301,205
103000070,840,408,432
103000071,2140,860,1280
103000072,123,668,-545
103000073,1758,107,1651
103000074,1421,111,1310
103000075,118,545,-427
103000076,447,1363,-916
103000077,12,264,-252
103000078,1370,2157,-787
103000079,620,1273,-653
103000080,567,433,134
103000081,344,1033,-689
103000082,885,239,646
103000083,209,592,-383
103000084,111,10,101
103000085,0,155,-155
103000086,404,762,-358
103000087,174,784,-610
103000088,229,692,-463
103000089,458,1244,-786
103000090,5798,1324,4474
103000091,1735,720,1015
103000092,469,270,199
103000093,448,830,-382
103000094,524,213,311
103000095,132,548,-416
103000096,741,46,695
103000097,127,879,-752
103000098,776,216,560
103000099,95,1001,-906
103000100,194,462,-268
103000101,2008,111,1897
103000102,71,353,-282
103000103,1057,128,929
103000104,149,78,71
103000105,336,68,268
103000106,5,121,-116
103000107,407,175,232
103000108,2432,1670,762
103000109,1036,1209,-173
103000110,1043,904,139
103000111,411,1259,-848
103000112,383,935,-552
103000113,305,2614,-2309
103000114,2313,2730,-417
103000115,1345,1059,286
103000116,931,452,479
103000117,456,634,-178
103000118,492,400,92
103000119,1726,632,1094
103000120,78,738,-660
103000121,125,155,-30
103000122,538,558,-20
103000125,29,79,-50
103000126,1394,2,1392
103000127,3,73,-70
103000128,250,2,248
103000129,1,80,-79
103000130,93,61,32
103000131,55,110,-55
103000132,58,93,-35
103000133,16,80,-64
103000134,330,1737,-1407
103000135,974,184,790
103000136,521,865,-344
103000137,411,864,-453
103000138,548,901,-353
103000139,1,124,-123
103000140,247,16,231
103000141,26,227,-201
103000142,115,133,-18
103000143,109,253,-144
103000144,245,170,75
103000145,14,197,-183
103000150,87,68,19
103000152,248,675,-427
103000153,283,587,-304
103000156,12,80,-68
103000157,655,4,651
103000159,672,129,543
103000162,44,10,34
103000163,5,13,-8
103000164,19,12,7
103000165,91,222,-131
103000166,544,1225,-681
103000167,466,437,29
103000168,405,164,241
103000169,180,1048,-868
103000170,1552,264,1288
103000171,14,190,-176
103000172,1413,151,1262
103000173,1726,212,1514
103000174,560,268,292
103000175,563,98,465
103000176,1099,1400,-301
103000177,233,694,-461
103000178,104,258,-154
103000179,175,13,162
103000183,504,3,501
103000185,385,52,333
103000186,367,113,254
103000187,1713,243,1470
103000188,31,93,-62
103000189,836,934,-98
103000191,667,535,132
103000292,768,2712,-1944
103000293,847,5548,-4701
103000295,144,274,-130
103000296,105,1,104
103000297,0,33,-33
103000504,42,15,27
103000505,0,31,-31
103000506,3,138,-135
103000507,256,4,252
103000508,73,48,25
103000509,425,873,-448
103900001,132,50,82
103900002,840,58,782
103900003,1051,453,598
103900004,176,2,174
103900005,0,120,-120
103900006,1,3,-2
103900007,203,1,202
103900008,33,0,33
103900009,597,234,363
103900010,354,133,221
103900011,817,71,746
103900012,2,56,-54
103900013,122,29,93
103900014,147,33,114
103900015,153,6,147
103900016,176,139,37
103900017,126,102,24
103900018,361,65,296
103900019,41,525,-484
103900020,691,511,180
103900021,85,49,36
103900022,592,537,55
103900023,376,1,375
103900024,113,319,-206
103900025,8,10,-2
103900026,11,0,11
103900027,435,314,121
103900028,153,491,-338
103900029,1786,167,1619
103900030,387,241,146
103900031,106,0,106
103900032,185,161,24
103900033,76,75,1
103900034,87,30,57
103900035,127,21,106
103900036,45,52,-7
103900037,277,63,214
103900038,127,284,-157
103900039,383,143,240
103900040,31,124,-93
103900041,94,48,46
103900042,235,53,182
103900043,303,89,214
103900044,30,889,-859
103900045,378,116,262
103900047,273,36,237
103900048,20,120,-100
103900049,145,1615,-1470
103900050,32,280,-248
103900051,2,80,-78
103900052,235,529,-294
103900053,678,208,470
103900054,381,204,177
103900055,789,186,603
103900056,132,58,74
103900057,478,59,419
103900058,676,244,432
103900059,0,86,-86
103900060,137,88,49
103900061,347,9,338
103900062,1262,465,797
103900063,4,0,4
103900064,340,5,335
103900065,200,288,-88
103900066,299,59,240
103900067,377,7,370
103900068,0,0,0
103900069,128,22,106
103900070,200,110,90
103900071,21,62,-41
103900072,81,123,-42
103900073,37,58,-21
103900074,233,37,196
103900075,548,68,480
103900076,1227,181,1046
103900077,31,231,-200
103900078,438,104,334
103900079,135,234,-99
103900080,4,43,-39
103900081,8,21,-13
103900082,130,129,1
103900083,2513,2848,-335
103900084,39,572,-533
103900085,90,160,-70
103900086,2281,406,1875
103900088,322,539,-217
103900089,56,337,-281
103900090,0,127,-127
103900091,828,120,708
103900092,930,1564,-634
103900093,41,663,-622
103900094,7,44,-37
103900095,251,726,-475
103900096,220,55,165
103900097,54,275,-221
103900098,504,160,344
103900099,474,64,410
103900100,471,99,372
103900101,406,1098,-692
103900102,4,33,-29
103900104,0,21,-21
103900105,31,79,-48
103900106,2,684,-682
103900107,239,32,207
103900108,53,109,-56
103900109,243,22,221
103900110,484,25,459
103900111,315,197,118
103900112,29,185,-156
103900113,117,290,-173
103900114,1607,335,1272
103900115,137,281,-144
103900116,1939,3692,-1753
103900117,51,58,-7
103900119,23,197,-174
103900120,224,37,187
103900122,508,96,412
103900123,576,1262,-686
103900124,65,320,-255
103900125,170,51,119
103900126,925,79,846
103900127,134,202,-68
103900128,198,41,157
103900131,58,108,-50
103900133,1136,29,1107
103900134,0,22,-22
103900135,1,8,-7
103900137,0,4,-4
103900138,379,36,343
103900139,189,5051,-4862
103900140,4,601,-597
103900141,235,27,208
103900142,475,40,435
103900143,400,0,400
103900144,1,29,-28
103900145,189,267,-78
103900146,364,103,261
103900147,660,109,551
103900148,493,105,388
103900149,416,236,180
103900150,4769,7869,-3100
103900151,2,121,-119
103900152,1638,256,1382
103900153,21,2,19
103900154,337,3550,-3213
103900155,28,112,-84
103900156,68,62,6
103900157,263,73,190
103900158,462,38,424
103900159,676,38,638
103900160,77,19,58
103900161,33,177,-144
103900162,54,38,16
103900163,21,435,-414
103900167,3,88,-85
103900168,79,161,-82
103900169,14,32,-18
103900170,1,58,-57
103900171,16,24,-8
103900172,14,11,3
103900173,37,59,-22
103900174,543,26,517
103900175,65,176,-111
103900176,17,30,-13
103900177,12,7,5
103900178,82,18,64
103900179,105,10,95
103900180,22,49,-27
103900181,7,183,-176
103900182,6,47,-41
103900184,345,90,255
103900185,102,1244,-1142
103900187,9,227,-218
103900188,221,100,121
103900189,121,8,113
103900190,174,43,131
103900191,55,43,12
103900192,22,60,-38
103900193,23,110,-87
103900194,88,120,-32
103900195,1,202,-201
103900196,64,36,28
103900197,13,8,5
103900198,11,48,-37
103900199,142,90,52
103900200,345,72,273
103900201,90,86,4
103900202,2,35,-33
103900203,55,80,-25
103900204,0,51,-51
103900207,3,15,-12
103900208,142,4,138
103900209,6,78,-72
103900210,43,39,4
103900211,1260,164,1096
103900212,295,85,210
103900213,15,586,-571
103900214,215,746,-531
103900215,191,792,-601
103900216,2,122,-120
103900217,466,186,280
103900218,2,496,-494
103900219,401,194,207
103900233,267,27,240
103900235,25,407,-382
103900236,28,20,8
103900242,16,5,11
103900243,0,3,-3
103900244,131,140,-9
103900245,185,125,60
103900246,53,88,-35
103900247,49,72,-23
103900248,3,69,-66
103900249,20,77,-57
103900250,219,115,104
103900251,2,102,-100
103900253,5,147,-142
103900254,28,80,-52
103900255,2,121,-119
103900256,44,88,-44
103900257,516,491,25
103900258,55,16,39
103900259,63,93,-30
103900261,99,3,96
103900262,72,14,58
103900263,11,167,-156
103900264,16,6,10
103900265,11,3,8
103900266,3,134,-131
103900267,0,66,-66
103900268,34,49,-15
103900269,336,13,323
103900270,69,90,-21
103900271,22,57,-35
103900272,101,28,73
103900273,278,2,276
103900274,505,3,502
103900275,288,31,257
103900276,5,31,-26
103900277,13,22,-9
103900278,2,16,-14
103900279,16,127,-111
103900280,1,21,-20
104000001,5030,3025,2005
104000002,2278,2694,-416
104000003,3506,2136,1370
104000004,3051,2853,198
104000005,3686,2537,1149
104000006,4719,2466,2253
104000007,5253,4257,996
104000008,292,280,12
104000009,237,191,46
104000010,236,880,-644
104000011,294,195,99
104000012,215,246,-31
104000013,355,658,-303
104000014,312,330,-18
104000015,738,298,440
104000016,370,283,87
104000018,998,415,583
104000019,735,547,188
104000020,106,315,-209
104000021,647,357,290
104000022,417,478,-61
104000023,1587,779,808
104000024,345,460,-115
104000026,139,208,-69
104000027,439,306,133
104000028,561,507,54
104000029,592,389,203
104000030,501,456,45
104000031,1767,416,1351
104000032,272,117,155
104000033,1241,634,607
104000034,300,158,142
104000035,1458,379,1079
104000036,1720,456,1264
104000037,256,90,166
104000038,522,571,-49
104000039,362,119,243
104000040,150,832,-682
104000041,797,561,236
104000042,321,239,82
104000043,256,236,20
104000044,532,417,115
104000045,955,606,349
104000046,748,953,-205
104000047,854,874,-20
104000048,1193,855,338
104000049,1046,503,543
104000050,170,1035,-865
104000051,395,858,-463
104000052,3341,3116,225
104000053,1937,528,1409
104000054,1101,264,837
104000055,3643,2651,992
104000056,709,161,548
104000057,366,273,93
104000058,1825,1186,639
104000059,1217,1356,-139
104000060,1570,1982,-412
104000061,1547,897,650
104000062,364,220,144
104000064,1261,401,860
104000065,126,784,-658
104000069,637,2552,-1915
104000070,55,847,-792
104000071,330,308,22
104000072,705,199,506
104000075,201,329,-128
104000076,813,74,739
104000082,2674,7297,-4623
104000083,832,325,507
104000084,164,381,-217
104000085,906,465,441
104000086,371,494,-123
104000087,520,2438,-1918
104000090,1742,971,771
104000092,2623,1319,1304
104000094,1140,954,186
104000095,5086,2066,3020
104000096,4085,149,3936
104000097,4076,650,3426
104000098,6113,669,5444
104000100,3279,902,2377
104000101,2866,2125,741
104000106,55,682,-627
104000107,794,256,538
104000108,366,283,83
104000109,533,261,272
104000110,916,1648,-732
104000111,2680,5948,-3268
104000112,680,410,270
104000116,4,726,-722
104000117,475,335,140
104000118,2398,181,2217
104000119,1341,334,1007
104000120,401,418,-17
104000121,374,517,-143
104000122,1138,702,436
104000123,1239,712,527
104000124,422,1144,-722
104000125,2851,7363,-4512
104000126,773,663,110
104000127,1572,1470,102
104000128,878,118,760
104000129,579,10,569
104000130,2,287,-285
104000131,357,548,-191
104000132,605,669,-64
104000133,2022,766,1256
104000134,1471,1543,-72
104000135,845,1695,-850
104000136,916,3076,-2160
104000137,2984,375,2609
104000138,2151,405,1746
104000139,2643,2827,-184
104000141,1242,671,571
104000142,1168,332,836
104000143,1283,334,949
104000144,252,421,-169
104000145,542,276,266
104000146,209,594,-385
104000147,224,369,-145
104000148,537,309,228
104000149,272,87,185
104000150,1166,690,476
104000151,454,170,284
104000152,914,201,713
104000153,929,788,141
104000154,761,209,552
104000155,488,1142,-654
104000157,2369,925,1444
104000158,122,685,-563
104000159,1078,1044,34
104000160,2103,3120,-1017
104000161,336,172,164
104000162,148,153,-5
104000165,1307,789,518
104000167,886,2262,-1376
104000168,1413,7,1406
104000169,282,127,155
104000170,311,340,-29
104000248,617,891,-274
104000251,129,205,-76
104000272,0,0,0
104000273,0,0,0
104000274,0,0,0
104000275,0,0,0
104000279,631,485,146
104000290,104,494,-390
104000291,729,2070,-1341
104000293,2322,1669,653
104000294,189,0,189
104000295,990,1049,-59
104000296,903,670,233
104000297,887,2289,-1402
104000298,2037,643,1394
104000299,1728,1202,526
104900001,136,293,-157
104900002,58,435,-377
104900003,102,118,-16
104900004,94,72,22
104900005,741,339,402
104900006,1208,125,1083
104900007,1079,107,972
104900009,135,149,-14
104900010,168,16,152
104900011,11,45,-34
104900012,160,36,124
104900013,95,4,91
104900014,1695,364,1331
104900015,140,7,133
104900016,272,203,69
104900017,130,160,-30
104900018,10,93,-83
104900019,213,8052,-7839
104900020,54,322,-268
104900021,0,27,-27
104900022,14,491,-477
104900023,0,22,-22
104900024,41,364,-323
104900025,77,177,-100
104900026,1,23,-22
104900027,931,429,502
104900028,32,235,-203
104900029,21,24,-3
104900030,930,233,697
104900031,23,345,-322
104900032,97,52,45
104900033,323,221,102
104900034,391,244,147
104900035,519,384,135
104900036,623,41,582
104900037,298,132,166
104900038,146,2492,-2346
104900039,321,315,6
104900040,881,76,805
104900041,585,182,403
104900042,219,245,-26
104900043,110,634,-524
104900044,1424,134,1290
104900045,437,72,365
104900046,957,170,787
104900047,640,104,536
104900048,727,54,673
104900049,124,31,93
104900050,764,81,683
104900051,478,74,404
104900052,278,1,277
104900053,927,104,823
104900054,388,77,311
104900055,410,0,410
104900056,507,32,475
104900057,111,5,106
104900058,570,385,185
104900059,126,64,62
104900060,2,370,-368
104900061,109,193,-84
104900063,1,453,-452
104900064,0,147,-147
104900065,2,459,-457
104900066,1,37,-36
104900067,2,290,-288
104900068,185,155,30
104900070,78,174,-96
104900071,2,580,-578
104900072,70,149,-79
104900073,123,126,-3
104900074,75,81,-6
104900075,47,22,25
104900076,208,139,69
104900077,350,203,147
104900078,202,188,14
104900079,173,1939,-1766
104900080,151,250,-99
104900082,5,369,-364
104900085,17,214,-197
104900087,470,0,470
104900089,541,1,540
104900090,1879,1029,850
104900091,619,470,149
104900093,121,277,-156
104900097,1485,4999,-3514
104900098,496,56,440
104900099,228,1611,-1383
104900100,386,172,214
104900102,85,70,15
104900103,311,63,248
104900104,1785,1935,-150
104900106,672,122,550
104900107,98,216,-118
104900108,37,119,-82
104900109,268,275,-7
104900110,32,53,-21
104900111,607,93,514
104900112,631,334,297
104900113,1301,245,1056
104900114,1091,328,763
104900115,1584,176,1408
104900116,1017,160,857
104900118,5,51,-46
104900119,0,60,-60
104900120,13,1639,-1626
104900121,0,9,-9
104900122,0,19,-19
104900123,243,8,235
104900124,160,0,160
104900125,570,6,564
104900126,26,29,-3
104900127,25,18,7
104900128,146,119,27
104900129,1046,4384,-3338
105000001,5475,1774,3701
105000002,3593,3163,430
105000003,4133,6616,-2483
105000004,1732,1316,416
105000005,2522,2428,94
105000006,1719,3765,-2046
105000007,2376,4691,-2315
105000008,1239,6014,-4775
105000009,4178,5558,-1380
105000010,3617,1608,2009
105000011,4251,4909,-658
105000012,2657,2091,566
105000013,1810,2407,-597
105000014,5771,5728,43
105000015,10091,19713,-9622
105000016,1129,915,214
105000017,2021,987,1034
105000018,752,2732,-1980
105000019,1280,1684,-404
105000020,85,996,-911
105000021,563,276,287
105000022,99,201,-102
105000023,1656,254,1402
105000028,32,120,-88
105000029,897,1936,-1039
105000030,4348,2455,1893
105000031,4,17,-13
105000033,1639,1258,381
105000034,175,1954,-1779
105000037,850,347,503
105000038,1515,2094,-579
105000039,1200,1007,193
105000040,996,1682,-686
105000041,311,655,-344
105000042,2203,1616,587
105000043,921,1001,-80
105000044,900,439,461
105000045,344,315,29
105000046,1476,396,1080
105000047,849,428,421
105000048,1736,471,1265
105000049,280,396,-116
105000050,1393,773,620
105000051,311,410,-99
105000052,829,1683,-854
105000053,291,295,-4
105000054,570,1465,-895
105000055,976,343,633
105000056,2446,2159,287
105000057,2154,729,1425
105000058,1983,1111,872
105000059,1770,1260,510
105000060,819,570,249
105000061,2567,1032,1535
105000062,855,657,198
105000063,444,541,-97
105000064,3728,1208,2520
105000065,655,679,-24
105000066,1165,1956,-791
105000067,2500,1881,619
105000068,504,1281,-777
105000069,1922,4324,-2402
105000070,873,1942,-1069
105000071,272,3164,-2892
105000072,2445,10331,-7886
105000073,1725,1526,199
105000074,618,792,-174
105000075,899,906,-7
105000076,1720,1600,120
105000077,3303,1307,1996
105000078,929,1686,-757
105000079,1213,3238,-2025
105000080,2696,3198,-502
105000081,1491,1768,-277
105000082,919,2288,-1369
105000083,2289,3149,-860
105000084,860,1112,-252
105000085,3082,2883,199
105000086,1208,1408,-200
105000087,3568,3104,464
105000088,2922,4355,-1433
105000089,2309,1878,431
105000090,756,547,209
105000091,737,1003,-266
105000092,682,957,-275
105000093,442,630,-188
105000094,293,254,39
105000095,299,1327,-1028
105000096,1933,3614,-1681
105000097,541,888,-347
105000098,2049,2768,-719
105000099,713,1986,-1273
105000100,2688,1358,1330
105000101,4503,1622,2881
105000102,2609,1595,1014
105000103,1791,2213,-422
105000104,3496,1464,2032
105000105,1932,2143,-211
105000106,2441,1325,1116
105000107,2512,782,1730
105000108,2265,1223,1042
105000109,4368,1213,3155
105000110,1433,683,750
105000111,2309,708,1601
105000112,1536,703,833
105000113,941,1315,-374
105000114,2219,2105,114
105000115,606,3103,-2497
105000116,1721,981,740
105000117,1222,714,508
105000118,1633,580,1053
105000119,766,655,111
105000120,2446,737,1709
105000121,1402,704,698
105000122,563,708,-145
105000123,708,754,-46
105000124,3295,1098,2197
105000125,1564,1424,140
105000126,3189,2144,1045
105000127,4224,2100,2124
105000128,1179,2261,-1082
105000129,2329,538,1791
105000130,265,4787,-4522
105000131,496,166,330
105000132,2079,1156,923
105000133,570,724,-154
105000134,2086,669,1417
105000135,448,613,-165
105000136,160,169,-9
105000137,1015,356,659
105000138,216,188,28
105000139,1060,563,497
105000140,751,458,293
105000141,668,378,290
105000142,560,629,-69
105000143,175,588,-413
105000144,463,644,-181
105000145,1073,441,632
105000146,576,784,-208
105000147,980,774,206
105000148,1281,1394,-113
105000149,4055,2672,1383
105000150,1583,969,614
105000151,1113,542,571
105000152,248,785,-537
105000153,1708,667,1041
105000154,814,777,37
105000155,983,623,360
105000156,349,875,-526
105000157,927,1506,-579
105000158,3962,1056,2906
105000159,523,795,-272
105000160,5408,1055,4353
105000161,1150,933,217
105000162,1126,4703,-3577
105000163,1425,1272,153
105000164,125,597,-472
105000165,1649,16255,-14606
105000166,6190,2024,4166
105000167,1788,4787,-2999
105000168,390,551,-161
105000169,1825,147,1678
105000170,472,1341,-869
105000171,1981,319,1662
105000172,622,36,586
105000173,668,54,614
105000174,149,65,84
105000175,145,60,85
105000176,806,110,696
105000177,758,424,334
105000178,529,278,251
105000179,1537,113,1424
105000180,507,93,414
105000181,336,173,163
105000182,101,50,51
105000183,2725,3404,-679
105000184,463,1095,-632
105000185,724,1305,-581
105000186,611,708,-97
105000187,862,434,428
105000188,119,520,-401
105000189,154,825,-671
105000190,294,612,-318
105000191,524,556,-32
105000192,664,108,556
105000193,109,259,-150
105000194,1481,117,1364
105000195,520,805,-285
105000196,101,600,-499
105000197,204,443,-239
105000198,327,105,222
105000199,85,1250,-1165
105000200,140,540,-400
105000201,146,87,59
105000203,72,87,-15
105000204,64,43,21
105000205,149,116,33
105000207,343,78,265
105000208,236,507,-271
105000209,280,171,109
105000211,793,13,780
105000212,1669,616,1053
105000213,40,167,-127
105000214,98,138,-40
105000215,352,123,229
105000216,420,103,317
105000217,410,160,250
105000218,2958,1403,1555
105000221,234,544,-310
105000222,628,456,172
105000223,803,521,282
105000226,250,130,120
105000227,91,159,-68
105000228,77,2016,-1939
105000229,326,1258,-932
105000231,569,318,251
105000233,1479,1250,229
105000234,452,765,-313
105000235,756,1142,-386
105000237,2314,174,2140
105000243,109,51,58
105000248,54,150,-96
105000262,761,400,361
105000269,178,130,48
105000270,1004,21,983
105000271,0,237,-237
105000282,53,87,-34
105000287,249,94,155
105000288,1276,668,608
105000289,710,1841,-1131
105000290,49,28,21
105000402,1922,5859,-3937
105000426,364,524,-160
105000438,891,1298,-407
105000440,28,7,21
105000446,7745,3899,3846
105000447,1810,1369,441
105000454,1279,270,1009
105000455,203,137,66
105000474,249,0,249
105000477,1562,806,756
105000478,3759,7760,-4001
105000479,112,320,-208
105000480,5392,9915,-4523
105000481,6617,7417,-800
105000482,2525,2964,-439
105000483,3258,5438,-2180
105000484,1945,2279,-334
105000485,1372,4832,-3460
105000486,1945,3036,-1091
105000488,3272,1876,1396
105000489,2532,1529,1003
105000549,92,461,-369
105000550,332,981,-649
105000551,24,91,-67
105000552,3116,1367,1749
105000555,1213,2515,-1302
105000556,88,27,61
105000557,73,177,-104
105900001,7,2934,-2927
105900002,658,2094,-1436
105900003,20,239,-219
105900004,208,74,134
105900005,31,434,-403
105900006,10,107,-97
105900007,58,33,25
105900008,263,231,32
105900009,72,10,62
105900011,182,79,103
105900012,578,64,514
105900013,8,20,-12
105900014,2,51,-49
105900015,98,293,-195
105900016,776,185,591
105900017,2753,30,2723
105900018,100,156,-56
105900019,119,145,-26
105900020,81,137,-56
105900021,39,232,-193
105900022,348,175,173
105900023,14,142,-128
105900024,4,366,-362
105900025,423,3,420
105900026,210,16,194
105900027,14492,4224,10268
105900028,200,679,-479
105900029,2157,357,1800
105900030,324,398,-74
105900031,553,209,344
105900032,148,162,-14
105900033,175,126,49
105900034,706,257,449
105900035,593,267,326
105900036,196,84,112
105900037,265,66,199
105900038,159,250,-91
105900039,253,94,159
105900040,129,159,-30
105900041,190,244,-54
105900042,198,351,-153
105900043,1321,68,1253
105900044,7,648,-641
105900045,5,2041,-2036
105900046,1,276,-275
105900047,12,110,-98
105900048,214,601,-387
105900050,1232,8050,-6818
105900051,69,1268,-1199
105900052,1388,139,1249
105900053,3264,5357,-2093
105900054,286,223,63
105900056,390,704,-314
105900057,5,114,-109
105900058,34,9,25
105900059,1,215,-214
106000001,2485,3505,-1020
106000002,1025,3321,-2296
106000003,5019,6535,-1516
106000004,2069,2492,-423
106000005,5719,6162,-443
106000006,5223,2040,3183
106000007,773,532,241
106000008,494,349,145
106000009,492,307,185
106000010,297,425,-128
106000011,2643,1359,1284
106000012,1379,1096,283
106000013,3083,2075,1008
106000014,1670,1278,392
106000015,3519,1666,1853
106000016,1742,1603,139
106000017,696,1261,-565
106000018,708,606,102
106000019,564,624,-60
106000020,513,501,12
106000021,630,710,-80
106000022,428,275,153
106000023,1072,660,412
106000024,691,571,120
106000025,173,337,-164
106000026,187,342,-155
106000027,2468,2301,167
106000028,1170,331,839
106000029,1001,798,203
106000030,320,790,-470
106000034,206,526,-320
106000035,1177,2610,-1433
106000036,192,428,-236
106000037,1623,1584,39
106000038,73,238,-165
106000039,82,211,-129
106000040,161,1087,-926
106000041,918,540,378
106000043,497,298,199
106000046,592,82,510
106000047,62,599,-537
106000049,1831,267,1564
106000050,386,753,-367
106000051,1572,848,724
106000052,276,361,-85
106000053,693,191,502
106000054,377,391,-14
106000055,1296,957,339
106000056,372,353,19
106000057,894,490,404
106000058,298,113,185
106000059,787,434,353
106000060,523,294,229
106000061,355,1109,-754
106000062,178,391,-213
106000063,1525,1163,362
106000064,28,417,-389
106000065,690,228,462
106000066,164,415,-251
106000067,1009,184,825
106000068,118,719,-601
106000069,699,128,571
106000070,536,770,-234
106000071,1393,338,1055
106000072,4277,1685,2592
106000073,2203,8712,-6509
106000074,1289,969,320
106000075,581,1318,-737
106000076,1818,1759,59
106000077,2082,1048,1034
106000078,1885,775,1110
106000079,1361,1077,284
106000080,1931,657,1274
106000081,1353,1088,265
106000082,2035,745,1290
106000083,569,1331,-762
106000084,1283,474,809
106000085,1964,1390,574
106000086,660,814,-154
106000087,1172,505,667
106000088,667,727,-60
106000089,1684,287,1397
106000090,594,784,-190
106000091,278,533,-255
106000092,2116,446,1670
106000093,1001,161,840
106000094,98,355,-257
106000095,1810,1304,506
106000096,2197,714,1483
106000097,1951,1291,660
106000098,1972,828,1144
106000099,230,581,-351
106000100,2199,229,1970
106000101,1385,359,1026
106000102,143,571,-428
106000103,429,850,-421
106000104,1543,472,1071
106000105,676,900,-224
106000106,1371,423,948
106000107,198,350,-152
106000108,897,171,726
106000109,330,162,168
106000110,836,175,661
106000111,207,214,-7
106000112,459,1326,-867
106000113,849,509,340
106000114,789,1669,-880
106000115,406,373,33
106000116,634,257,377
106000117,1152,474,678
106000118,2071,1537,534
106000119,1252,515,737
106000120,1518,2386,-868
106000121,707,366,341
106000122,449,110,339
106000123,1457,172,1285
106000124,383,97,286
106000125,114,232,-118
106000126,691,107,584
106000127,2921,725,2196
106000128,1910,230,1680
106000129,1235,639,596
106000130,1761,502,1259
106000131,211,1253,-1042
106000132,1246,317,929
106000133,2956,2940,16
106000134,686,5653,-4967
106000135,209,959,-750
106000136,1239,2558,-1319
106000137,117,1171,-1054
106000138,4310,172,4138
106000139,227,138,89
106000140,55,131,-76
106000141,185,72,113
106000142,201,138,63
106000143,32,40,-8
106000144,110,213,-103
106000145,815,104,711
106000146,754,238,516
106000147,570,531,39
106000148,757,618,139
106000149,1229,405,824
106000150,1397,3363,-1966
106000151,4413,695,3718
106000152,1101,3998,-2897
106000153,177,2523,-2346
106000154,1711,188,1523
106000155,376,450,-74
106000156,2445,233,2212
106000157,812,2414,-1602
106000158,1815,774,1041
106000159,4240,4018,222
106000160,962,6667,-5705
106000161,1452,256,1196
106000162,586,2237,-1651
106000163,532,298,234
106000164,1214,314,900
106000165,413,547,-134
106000166,1992,405,1587
106000167,539,1226,-687
106000168,1719,437,1282
106000169,422,524,-102
106000170,1876,229,1647
106000171,367,1441,-1074
106000172,3164,2077,1087
106000173,954,4321,-3367
106000174,1974,521,1453
106000175,265,632,-367
106000176,3787,1082,2705
106000177,1169,2036,-867
106000178,3809,1461,2348
106000179,795,1834,-1039
106000180,1017,701,316
106000181,2377,1341,1036
106000182,3002,615,2387
106000183,2998,352,2646
106000184,2058,636,1422
106000185,2440,2198,242
106000186,481,44,437
106000187,91,2022,-1931
106000188,0,1,-1
106000189,34,48,-14
106000190,78,2,76
106000191,768,79,689
106000192,2,22,-20
106000193,408,295,113
106000194,115,391,-276
106000195,213,164,49
106000196,34,315,-281
106000197,1020,174,846
106000198,265,128,137
106000199,889,1572,-683
106000200,480,265,215
106000201,529,8805,-8276
106000202,4220,759,3461
106000203,68,247,-179
106000204,147,5,142
106000205,40,138,-98
106000206,174,38,136
106000207,14,252,-238
106000208,2712,180,2532
106000209,3010,530,2480
106000210,409,678,-269
106000211,225,1195,-970
106000212,1880,663,1217
106000213,348,1161,-813
106000214,1703,456,1247
106000215,419,553,-134
106000216,1045,640,405
106000217,214,391,-177
106000218,493,298,195
106000219,262,289,-27
106000220,860,226,634
106000221,612,125,487
106000222,188,156,32
106000223,724,185,539
106000224,492,145,347
106000225,254,180,74
106000226,146,220,-74
106000228,105,253,-148
106000229,284,606,-322
106000231,1977,161,1816
106000232,159,372,-213
106000233,788,276,512
106000234,73,428,-355
106000235,362,303,59
106000236,88,187,-99
106000237,0,59,-59
106000238,17,37,-20
106000239,0,185,-185
106000240,47,2,45
106000241,19,697,-678
106000242,631,26,605
106000249,186,85,101
106000250,68,1078,-1010
106000251,215,10,205
106000252,34,60,-26
106000253,68,52,16
106000254,215,30,185
106000255,52,213,-161
106000256,148,34,114
106000257,214,162,52
106000258,153,82,71
106000259,21,125,-104
106000260,89,9,80
106000261,2,55,-53
106000262,124,30,94
106000263,41,56,-15
106000264,295,25,270
106000265,72,146,-74
106000266,201,70,131
106000267,0,143,-143
106000268,354,92,262
106000269,38,45,-7
106000270,187,222,-35
106000271,88,129,-41
106000272,158,69,89
106000273,7,246,-239
106000274,193,22,171
106000275,222,233,-11
106000276,38,30,8
106000277,148,237,-89
106000278,148,14,134
106000279,31,6,25
106000280,174,26,148
106000281,126,39,87
106000282,114,63,51
106000283,198,35,163
106000284,304,55,249
106000285,132,113,19
106000286,260,96,164
106000287,102,121,-19
106000288,144,140,4
106000289,151,78,73
106000290,141,67,74
106000291,171,70,101
106000292,252,80,172
106000293,180,76,104
106000294,125,58,67
106000295,51,90,-39
106000296,40,78,-38
106000297,40,263,-223
106000298,72,171,-99
106000299,46,62,-16
106000300,80,96,-16
106000301,86,195,-109
106000303,63,70,-7
106000304,75,15,60
106000305,152,39,113
106000306,35,49,-14
106000307,165,24,141
106000308,52,48,4
106000309,49,44,5
106000310,501,436,65
106000311,687,191,496
106000312,218,201,17
106000313,649,169,480
106000318,88,431,-343
106000319,2533,534,1999
106000320,2,71,-69
106000321,172,217,-45
106000322,608,68,540
106000324,58,111,-53
106000325,2916,956,1960
106000326,1043,1371,-328
106000327,618,122,496
106000328,32,156,-124
106000329,78,282,-204
106000330,31,91,-60
106000428,99,399,-300
106000429,140,389,-249
106000430,419,1583,-1164
106000431,3234,558,2676
106000432,1053,2801,-1748
106000433,3224,1806,1418
106000434,4864,1410,3454
106000435,1284,2199,-915
106000436,31,195,-164
106000437,838,88,750
106000438,268,561,-293
106000439,65,1523,-1458
106000440,231,410,-179
106000441,3,0,3
106000442,707,6,701
106000443,487,170,317
106000450,1,95,-94
106000451,33,271,-238
106000454,4,220,-216
106000455,2,130,-128
106000456,216,61,155
106000457,63,728,-665
106000458,1664,143,1521
106000459,665,120,545
106000460,2580,73,2507
106000461,468,257,211
106000462,2,76,-74
106000463,7,16,-9
106000464,2,307,-305
106000465,1373,9,1364
106000466,2,270,-268
106000467,164,317,-153
106000468,226,199,27
106000469,230,2,228
106000470,223,3249,-3026
106000471,5,371,-366
106000472,279,8,271
106000473,98,9,89
106000474,493,646,-153
106000475,731,282,449
106000476,268,378,-110
106000477,96,117,-21
106000480,2,1197,-1195
106900001,0,4,-4
106900002,0,183,-183
106900003,79,1182,-1103
106900004,0,27,-27
106900006,0,26,-26
106900007,0,3,-3
106900008,1324,77,1247
106900009,915,204,711
106900010,653,320,333
106900012,1668,5113,-3445
106900013,1100,298,802
106900014,156,9,147
106900015,39,2,37
106900016,650,23,627
106900017,39,4,35
106900018,42,1,41
106900019,270,2,268
106900020,1948,4629,-2681
106900021,293,196,97
106900022,2212,4,2208
106900023,88,162,-74
106900024,864,80,784
106900025,16,569,-553
106900026,2,195,-193
106900027,1512,5,1507
107000001,4287,5770,-1483
107000002,1726,1969,-243
107000003,12423,9916,2507
107000004,3945,1819,2126
107000005,12956,8600,4356
107000006,3932,2064,1868
107000007,7913,10789,-2876
107000008,4894,3098,1796
107000009,12872,8976,3896
107000010,5860,3732,2128
107000011,768,1422,-654
107000012,3048,2421,627
107000013,251,49,202
107000014,198,82,116
107000015,740,573,167
107000016,1431,566,865
107000017,780,2715,-1935
107000018,4,2161,-2157
107000020,737,1986,-1249
107000021,1039,518,521
107000022,1177,2176,-999
107000023,2426,256,2170
107000024,556,2554,-1998
107000025,566,399,167
107000026,392,579,-187
107000027,2756,840,1916
107000028,1511,713,798
107000029,6333,3845,2488
107000030,2696,1740,956
107000031,8160,3372,4788
107000032,346,876,-530
107000033,2809,4815,-2006
107000034,4842,1258,3584
107000035,747,393,354
107000036,576,2010,-1434
107000037,106,941,-835
107000038,489,246,243
107000039,1443,1347,96
107000040,483,175,308
107000041,1381,1036,345
107000042,599,2762,-2163
107000043,1886,1276,610
107000044,402,452,-50
107000045,83,600,-517
107000046,1021,639,382
107000047,911,1233,-322
107000048,961,600,361
107000049,590,1019,-429
107000050,1177,757,420
107000051,335,458,-123
107000052,1646,2924,-1278
107000053,500,904,-404
107000054,63,262,-199
107000055,720,306,414
107000056,617,477,140
107000057,1687,186,1501
107000058,2440,4569,-2129
107000059,2922,3086,-164
107000060,7663,8196,-533
107000061,5085,3052,2033
107000062,9116,5076,4040
107000063,4893,3381,1512
107000064,7852,5763,2089
107000065,3315,5387,-2072
107000066,2194,3954,-1760
107000067,2137,1896,241
107000068,841,1586,-745
107000069,1514,990,524
107000070,1405,3,1402
107000071,6378,64,6314
107000072,22,1135,-1113
107000073,1652,1206,446
107000074,135,599,-464
107000075,2918,454,2464
107000076,234,694,-460
107000077,4490,825,3665
107000078,758,1494,-736
107000079,4047,1186,2861
107000080,447,1558,-1111
107000081,4266,939,3327
107000082,805,831,-26
107000083,1955,1134,821
107000084,322,701,-379
107000085,4307,3865,442
107000086,3396,2248,1148
107000087,5185,3944,1241
107000088,3516,4410,-894
107000089,3211,4135,-924
107000090,2105,1185,920
107000091,2552,1770,782
107000092,1492,858,634
107000093,2106,1613,493
107000094,1172,1237,-65
107000095,2024,968,1056
107000096,941,542,399
107000097,1960,655,1305
107000098,787,611,176
107000099,709,722,-13
107000100,378,421,-43
107000101,198,442,-244
107000102,361,482,-121
107000103,816,469,347
107000104,201,578,-377
107000105,1066,294,772
107000106,250,322,-72
107000107,1356,244,1112
107000108,211,609,-398
107000109,1590,464,1126
107000110,171,308,-137
107000111,1009,104,905
107000112,43,227,-184
107000113,1842,151,1691
107000114,110,447,-337
107000115,1558,1334,224
107000116,82,729,-647
107000117,233,5527,-5294
107000118,130,175,-45
107000119,1818,1818,0
107000120,1003,1589,-586
107000121,1262,1052,210
107000122,1071,806,265
107000123,830,627,203
107000124,999,340,659
107000125,1841,547,1294
107000126,2787,293,2494
107000129,376,484,-108
107000130,1383,413,970
107000131,343,429,-86
107000132,757,572,185
107000133,400,373,27
107000134,249,1,248
107000135,2,400,-398
107000136,752,0,752
107000137,7,591,-584
107000138,165,30,135
107000139,8,771,-763
107000140,2284,49,2235
107000141,117,910,-793
107000142,592,81,511
107000143,61,950,-889
107000144,930,943,-13
107000145,136,537,-401
107000146,242,439,-197
107000147,5659,743,4916
107000150,544,5950,-5406
107000151,16,43,-27
107000152,1269,3572,-2303
107000153,86,231,-145
107000154,44,229,-185
107000155,1542,7,1535
107000156,1512,20,1492
107000157,31,496,-465
107000158,1649,25,1624
107000159,11,661,-650
107000160,2835,230,2605
107000161,82,333,-251
107000162,578,1009,-431
107000163,296,10,286
107000164,1563,3,1560
107000165,2225,7,2218
107000166,32,246,-214
107000167,1434,314,1120
107000168,1635,713,922
107000169,446,401,45
107000170,5365,772,4593
107000171,706,889,-183
107000172,2225,2808,-583
107000173,631,424,207
107000174,1737,9456,-7719
107000175,3816,700,3116
107000176,0,2,-2
107000177,8,1,7
107000178,40,8,32
107000179,460,1240,-780
107000180,3112,199,2913
107000181,488,756,-268
107000182,3301,900,2401
107000183,306,597,-291
107000184,2333,746,1587
107000185,399,1155,-756
107000186,1521,714,807
107000187,1737,1721,16
107000188,1048,413,635
107000189,1168,1013,155
107000190,1132,627,505
107000191,1453,1502,-49
107000192,2280,703,1577
107000193,625,888,-263
107000194,1031,716,315
107000197,1297,407,890
107000198,314,610,-296
107000199,1522,918,604
107000200,1532,1070,462
107000201,709,524,185
107000202,450,659,-209
107000203,554,1792,-1238
107000204,535,2397,-1862
107000205,934,773,161
107000206,345,1459,-1114
107000207,466,1085,-619
107000208,595,615,-20
107000209,627,944,-317
107000210,166,140,26
107000211,0,59,-59
107000212,6,158,-152
107000213,22,22,0
107000214,32,63,-31
107000215,854,194,660
107000216,751,326,425
107000217,230,426,-196
107000219,120,327,-207
107000220,235,170,65
107000222,438,260,178
107000224,759,151,608
107000225,239,384,-145
107000226,791,140,651
107000227,237,197,40
107000228,540,951,-411
107000229,109,232,-123
107000230,2124,887,1237
107000231,543,1541,-998
107000232,187,48,139
107000233,251,724,-473
107000234,6,107,-101
107000235,65,35,30
107000236,24,643,-619
107000237,80,0,80
107000238,54,4,50
107000239,2824,770,2054
107000240,286,463,-177
107000243,0,70,-70
107000244,12,72,-60
107000246,1,537,-536
107000249,1,596,-595
107000251,1,428,-427
107000252,2,498,-496
107000255,444,464,-20
107000257,0,791,-791
107000258,0,267,-267
107000259,5,174,-169
107000260,2958,21,2937
107000262,27,236,-209
107000263,608,2,606
107000266,14,46,-32
107000267,10,116,-106
107000268,258,57,201
107000269,110,1,109
107000270,417,109,308
107000271,16,0,16
107000272,260,0,260
107000273,9,333,-324
107000274,517,431,86
107000275,31,1759,-1728
107000280,2022,50,1972
107000281,35,450,-415
107000282,30,460,-430
107000290,6,112,-106
107000291,40,11,29
107000292,2,571,-569
107000293,17,73,-56
107000294,0,70,-70
107000295,95,13,82
107000296,0,22,-22
107000444,375,14,361
107000496,7,4,3
107000497,967,1405,-438
107000500,562,631,-69
107000501,132,360,-228
107000502,397,932,-535
107000505,538,1174,-636
107000506,0,1,-1
107000508,3,188,-185
107000509,110,826,-716
107000510,105,128,-23
107000514,45,642,-597
107000515,7,63,-56
107000516,930,534,396
107000518,3170,4192,-1022
107000519,1297,617,680
107000520,237,50,187
107000521,1641,311,1330
107000522,2679,400,2279
107900001,191,50,141
107900002,116,4,112
107900003,616,3,613
107900004,75,1,74
107900005,4077,6,4071
107900006,262,4,258
107900007,583,63,520
107900008,30,8,22
107900009,112,9,103
107900010,103,5,98
107900012,640,74,566
107900013,348,20,328
107900014,218,2,216
107900015,2605,14,2591
107900016,564,39,525
107900017,71,2,69
107900018,106,498,-392
107900019,44,12,32
107900020,33,60,-27
107900021,298,63,235
107900023,10,7,3
107900024,5,57,-52
107900025,358,67,291
107900026,110,12,98
107900027,3,91,-88
107900028,472,39,433
107900030,438,45,393
107900031,136,125,11
107900032,64,3,61
107900033,39,22,17
107900034,271,6,265
107900035,2775,153,2622
107900036,69,22,47
107900037,0,6,-6
107900038,34,405,-371
107900039,20,10,10
107900040,7,198,-191
107900041,1,5,-4
107900043,198,129,69
107900044,11,30,-19
107900045,146,53,93
107900046,646,536,110
107900047,86,9,77
107900048,397,35,362
107900049,399,1407,-1008
107900050,53,295,-242
107900051,41,8,33
107900052,17,143,-126
107900053,214,56,158
107900055,548,348,200
107900056,130,188,-58
107900057,8,0,8
107900058,22,435,-413
107900060,7,114,-107
107900061,1,17,-16
107900063,192,242,-50
107900064,212,879,-667
107900065,789,14,775
107900066,35,8,27
107900067,0,0,0
107900068,110,1103,-993
107900069,31,5065,-5034
107900070,225,234,-9
107900071,27,384,-357
107900072,289,33,256
107900073,138,176,-38
107900074,177,547,-370
107900076,216,56,160
107900077,214,10,204
107900079,27,33,-6
107900080,120,1124,-1004
107900081,92,61,31
107900082,2,17,-15
107900083,737,208,529
107900084,252,206,46
107900086,13,431,-418
107900087,366,41,325
107900088,165,7,158
107900089,347,701,-354
107900090,336,2407,-2071
107900091,87,145,-58
107900093,44,77,-33
107900095,1206,1515,-309
107900097,53,106,-53
107900098,121,337,-216
107900100,443,1793,-1350
107900101,562,37,525
107900102,64,11,53
107900103,112,153,-41
107900104,313,2,311
107900105,4,55,-51
107900106,1,269,-268
107900107,775,357,418
107900108,258,32,226
107900109,3023,60,2963
107900110,117,13,104
107900111,17,236,-219
107900112,100,1045,-945
107900113,254,49,205
107900114,390,43,347
107900115,1,6,-5
107900116,460,24,436
107900117,239,219,20
107900118,7,124,-117
107900119,108,222,-114
107900120,48,22,26
107900121,2,179,-177
107900122,1,201,-200
107900123,12,165,-153
107900124,6,106,-100
107900125,22,222,-200
107900126,48,69,-21
107900127,370,217,153
107900128,70,101,-31
107900129,167,3,164
107900130,162,13,149
107900131,67,219,-152
107900132,31,198,-167
107900133,0,29,-29
107900134,31,108,-77
107900135,8,37,-29
107900136,15,12,3
107900137,63,154,-91
107900138,212,9,203
107900139,228,42,186
107900141,16,31,-15
107900142,34,489,-455
107900143,10,12,-2
107900144,0,41,-41
107900145,1,38,-37
107900146,40,81,-41
107900147,35,17,18
107900148,200,116,84
107900149,670,46,624
107900150,14,363,-349
107900151,52,19,33
107900152,6,99,-93
107900153,56,367,-311
107900154,33,34,-1
107900155,142,53,89
107900156,0,52,-52
107900157,13,52,-39
107900158,2150,73,2077
107900159,20,331,-311
107900160,274,43,231
107900161,174,34,140
107900162,0,30,-30
107900163,6,66,-60
107900164,41,43,-2
107900165,6,293,-287
107900166,50,35,15
107900167,9,82,-73
107900168,196,13,183
107900169,1,1549,-1548
107900171,8,378,-370
107900172,1,138,-137
107900173,78,36,42
107900174,287,5,282
107900175,5,176,-171
107900176,158,8,150
107900177,0,47,-47
107900178,1,113,-112
107900179,14,100,-86
107900180,342,1459,-1117
107900181,281,275,6
107900182,22,452,-430
107900183,96,52,44
107900184,207,237,-30
107900185,203,3,200
107900186,53,29,24
107900187,0,132,-132
107900188,396,67,329
107900189,32,129,-97
107900190,26,136,-110
107900191,60,241,-181
107900193,1,114,-113
107900194,238,16,222
107900195,1132,146,986
107900196,237,24,213
107900197,204,335,-131
107900199,0,558,-558
107900201,265,150,115
107900203,50,42,8
107900204,275,313,-38
107900206,216,712,-496
107900207,2,329,-327
107900208,4,245,-241
107900209,252,159,93
107900210,33,67,-34
107900213,434,533,-99
107900214,7,102,-95
107900215,221,571,-350
107900216,20,43,-23
107900217,61,69,-8
107900218,5,971,-966
107900219,55,30,25
107900220,55,144,-89
107900221,150,286,-136
107900223,225,139,86
107900224,137,580,-443
107900225,7,430,-423
107900226,17,65,-48
107900227,44,458,-414
107900228,102,157,-55
107900229,0,38,-38
107900230,43,28,15
107900231,58,80,-22
107900232,407,39,368
107900233,8,43,-35
107900234,356,162,194
107900235,41,202,-161
107900236,952,115,837
107900237,10,387,-377
107900238,125,19,106
107900239,368,871,-503
107900240,118,36,82
107900241,6,16,-10
107900242,18,135,-117
107900243,2,20,-18
107900244,417,4,413
107900245,1436,31,1405
107900246,324,18,306
107900248,845,117,728
107900249,1568,242,1326
107900250,2,221,-219
107900251,12,888,-876
107900252,1045,36,1009
107900253,239,22,217
107900254,101,182,-81
107900255,110,46,64
107900256,340,901,-561
107900257,373,175,198
107900258,129,57,72
107900259,31,5467,-5436
107900261,0,150,-150
107900262,54,49,5
107900264,691,17,674
107900265,224,209,15
107900267,689,14,675
107900268,43,5,38
107900269,1,27,-26
107900270,0,0,0
107900271,2,53,-51
107900272,66,47,19
107900273,90,77,13
107900274,126,1,125
107900275,107,0,107
107900276,0,12,-12
107900277,0,35,-35
107900278,630,68,562
107900279,19,54,-35
107900280,2735,1121,1614
107900281,1339,10606,-9267
107900282,36,1433,-1397
107900283,852,1250,-398
107900284,1072,959,113
107900285,177,20,157
107900286,45,47,-2
107900287,732,149,583
107900290,1,959,-958
107900291,801,22,779
107900292,307,124,183
107900293,113,200,-87
107900295,87,65,22
107900297,3,493,-490
107900298,757,771,-14
107900299,3085,4136,-1051
107900301,1194,955,239
107900302,143,37,106
107900303,680,349,331
107900304,728,76,652
107900305,371,5,366
107900306,4,88,-84
107900307,10,279,-269
107900308,243,157,86
107900309,83,1,82
107900310,48,0,48
107900311,2,252,-250
107900312,65,2,63
107900313,2,144,-142
107900314,1,128,-127
107900315,0,34,-34
107900316,24,0,24
107900317,95,7,88
107900318,3,218,-215
107900319,15,27,-12
107900320,0,67,-67
107900321,297,12,285
107900322,1,45,-44
107900323,8,61,-53
107900324,169,4,165
107900325,281,4,277
107900326,1029,85,944
107900327,2,149,-147
107900328,23,0,23
107900329,53,515,-462
107900330,8,107,-99
107900331,797,25,772
107900332,695,21,674
107900333,167,27,140
107900334,4,55,-51
107900335,40,49,-9
107900336,30,68,-38
107900337,440,1422,-982
107900338,4,216,-212
107900339,0,9,-9
107900340,2,114,-112
107900341,126,0,126
107900342,173,78,95
107900343,74,1,73
107900344,30,45,-15
107900345,80,31,49
107900346,24,1,23
107900347,29,7,22
107900348,0,17,-17
107900349,34,8,26
107900350,9,298,-289
107900351,9,38,-29
107900352,1,26,-25
107900353,25,9,16
107900354,22,34,-12
108000001,6611,5731,880
108000002,1979,1571,408
108000003,4057,4468,-411
108000004,10909,11085,-176
108000005,9387,7678,1709
108000006,3890,4462,-572
108000007,7893,8146,-253
108000008,3666,4759,-1093
108000009,7876,7984,-108
108000010,2434,4894,-2460
108000011,17051,13302,3749
108000012,10482,9180,1302
108000014,791,2089,-1298
108000015,1330,307,1023
108000016,352,543,-191
108000017,1967,485,1482
108000018,2480,824,1656
108000019,1136,804,332
108000020,1397,523,874
108000021,225,1316,-1091
108000022,372,688,-316
108000023,2630,315,2315
108000024,634,274,360
108000025,616,137,479
108000026,1461,359,1102
108000027,1427,189,1238
108000028,1561,290,1271
108000029,905,584,321
108000030,673,321,352
108000031,245,828,-583
108000032,3862,759,3103
108000033,651,614,37
108000034,2931,649,2282
108000035,577,1442,-865
108000036,360,675,-315
108000037,3988,443,3545
108000038,5283,453,4830
108000039,357,1118,-761
108000040,3552,1338,2214
108000041,333,1836,-1503
108000042,719,135,584
108000043,332,186,146
108000044,1090,120,970
108000045,423,201,222
108000046,3047,384,2663
108000047,364,568,-204
108000048,95,222,-127
108000049,1107,215,892
108000050,187,471,-284
108000051,629,318,311
108000052,183,386,-203
108000053,544,442,102
108000054,295,960,-665
108000055,1453,764,689
108000056,818,1565,-747
108000057,957,1913,-956
108000058,2482,6764,-4282
108000059,2077,1311,766
108000060,397,1439,-1042
108000061,350,367,-17
108000062,1800,905,895
108000063,501,394,107
108000064,466,426,40
108000065,762,393,369
108000066,2739,1601,1138
108000067,3802,1071,2731
108000068,1521,725,796
108000069,227,669,-442
108000070,3072,1218,1854
108000071,602,1336,-734
108000072,1817,1000,817
108000073,822,1088,-266
108000074,1034,965,69
108000075,483,480,3
108000076,1364,766,598
108000077,653,586,67
108000078,3667,962,2705
108000079,602,736,-134
108000080,3021,552,2469
108000081,854,760,94
108000082,671,1309,-638
108000083,3103,1083,2020
108000084,467,966,-499
108000085,1977,771,1206
108000086,568,478,90
108000087,189,3427,-3238
108000088,1659,606,1053
108000089,449,533,-84
108000091,134,684,-550
108000092,411,201,210
108000093,572,452,120
108000094,1623,241,1382
108000095,315,549,-234
108000096,917,319,598
108000097,256,528,-272
108000098,3586,1462,2124
108000099,1456,427,1029
108000100,221,919,-698
108000101,1670,1958,-288
108000102,2009,4399,-2390
108000106,1093,5,1088
108000107,4,901,-897
108000108,955,66,889
108000109,1,428,-427
108000110,849,338,511
108000111,376,974,-598
108000112,139,270,-131
108000113,415,259,156
108000115,388,369,19
108000117,442,427,15
108000118,341,3293,-2952
108000119,910,328,582
108000120,302,1475,-1173
108000121,368,450,-82
108000122,1310,655,655
108000123,1051,437,614
108000124,534,615,-81
108000125,1143,442,701
108000126,351,397,-46
108000127,1056,334,722
108000128,1396,193,1203
108000129,555,409,146
108000130,923,417,506
108000131,1034,344,690
108000132,487,802,-315
108000133,1626,449,1177
108000134,530,310,220
108000135,1558,978,580
108000136,658,461,197
108000137,859,207,652
108000138,776,609,167
108000139,1103,282,821
108000140,942,17,925
108000141,90,24,66
108000142,119,39,80
108000143,87,213,-126
108000144,1285,58,1227
108000145,96,1,95
108000146,1497,88,1409
108000147,50,17,33
108000148,1443,77,1366
108000149,37,25,12
108000150,76,26,50
108000151,29,29,0
108000152,217,206,11
108000153,1638,185,1453
108000154,37,7,30
108000155,91,33,58
108000156,936,544,392
108000157,476,3610,-3134
108000158,149,1591,-1442
108000159,257,303,-46
108000160,1943,1955,-12
108000161,1872,6228,-4356
108000165,0,498,-498
108000172,0,351,-351
108000173,555,2971,-2416
108000175,1505,167,1338
108000178,595,271,324
108000179,194,1395,-1201
108000181,134,19,115
108000182,240,47,193
108000183,19,270,-251
108000184,707,4775,-4068
108000185,460,273,187
108000186,732,370,362
108000187,216,290,-74
108000188,1601,158,1443
108000189,1806,21586,-19780
108000190,9,75,-66
108000192,453,135,318
108000193,271,23,248
108000194,50,32,18
108000195,1,792,-791
108000196,301,191,110
108000198,1408,107,1301
108000199,1,348,-347
108000200,930,400,530
108000203,308,465,-157
108000204,233,98,135
108000205,176,275,-99
108000339,1313,552,761
108000364,199,703,-504
108000365,71,356,-285
108000367,355,204,151
108000368,16,54,-38
108000369,424,91,333
108000371,4,456,-452
108000372,1059,10,1049
108000373,264,110,154
108000376,199,32,167
108000377,1303,79,1224
108000378,11675,19264,-7589
108000379,20,320,-300
108000381,257,19,238
108000382,116,3,113
108000383,2,420,-418
108900001,16,326,-310
108900002,346,53,293
108900003,114,586,-472
108900004,711,684,27
108900007,428,135,293
108900008,247,105,142
108900009,249,187,62
108900010,683,195,488
108900011,1374,286,1088
108900012,681,374,307
108900013,160,499,-339
108900014,30,101,-71
108900015,3,278,-275
108900016,6,139,-133
108900017,189,694,-505
108900018,171,336,-165
108900019,34,300,-266
108900020,39,123,-84
108900021,165,115,50
108900022,153,42,111
108900023,6,125,-119
108900024,57,20,37
108900025,491,30,461
108900026,19,27,-8
108900027,0,36,-36
108900028,131,104,27
108900029,95,189,-94
108900030,0,21,-21
108900031,234,92,142
108900032,3,129,-126
108900033,0,30,-30
108900034,0,26,-26
108900035,369,274,95
108900038,0,91,-91
108900039,0,73,-73
108900040,4,64,-60
108900041,4748,3413,1335
108900042,4,388,-384
108900043,35,599,-564
108900044,0,104,-104
108900045,88,69,19
108900046,21,178,-157
108900047,1,305,-304
108900048,117,278,-161
108900049,1269,4282,-3013
108900050,0,76,-76
108900051,0,60,-60
108900052,52,75,-23
108900053,146,918,-772
108900054,57,74,-17
108900055,14,334,-320
108900056,0,35,-35
108900057,1,53,-52
108900058,99,71,28
108900059,2000,74,1926
108900060,75,187,-112
108900061,100,9,91
108900062,6,191,-185
108900063,21,99,-78
108900064,616,19,597
108900065,4,73,-69
108900066,647,237,410
108900067,2,196,-194
108900068,13,57,-44
108900069,220,20,200
108900070,28,25,3
108900071,218,55,163
108900072,1310,163,1147
108900073,65,127,-62
108900074,651,67,584
108900075,19,13,6
108900076,666,31,635
108900077,53,274,-221
108900078,111,42,69
108900079,222,202,20
108900080,8,1437,-1429
108900081,72,343,-271
108900082,190,40,150
108900083,21,357,-336
108900085,1507,128,1379
108900086,270,75,195
108900087,35,213,-178
108900088,787,429,358
108900089,4,136,-132
108900090,203,56,147
108900091,50,46,4
108900092,542,348,194
108900093,123,89,34
108900094,543,183,360
108900095,55,251,-196
108900096,265,6,259
108900097,379,75,304
108900098,1325,1394,-69
108900099,614,126,488
108900100,72,82,-10
108900101,362,738,-376
108900102,22,2179,-2157
108900103,348,296,52
108900105,10,4035,-4025
108900106,769,179,590
108900108,479,38,441
108900109,1378,115,1263
108900110,280,143,137
108900111,757,176,581
108900113,62,106,-44
108900114,396,54,342
108900115,188,230,-42
108900116,119,6,113
108900117,526,29,497
108900118,1479,23,1456
108900119,597,34,563
108900120,625,264,361
108900121,285,102,183
108900122,405,51,354
108900123,566,134,432
108900124,1705,223,1482
108900125,1425,9,1416
108900126,296,61,235
108900127,402,70,332
108900128,425,104,321
108900129,2296,206,2090
108900130,1228,2,1226
108900131,897,7,890
108900132,1109,96,1013
108900133,573,39,534
108900134,1319,168,1151
108900135,628,23,605
108900136,42,0,42
108900137,409,12,397
108900138,1791,102,1689
108900140,1393,38,1355
108900141,852,16,836
108900142,126,5,121
108900143,127,0,127
108900144,222,7,215
108900145,641,59,582
108900146,210,0,210
108900147,681,5,676
108900148,95,9,86
108900150,266,15,251
108900151,25,3,22
108900152,236,53,183
108900153,440,55,385
108900154,8273,776,7497
108900156,250,6,244
108900157,17,299,-282
108900158,1128,115,1013
108900159,84,55,29
108900160,13,68,-55
108900161,139,139,0
108900162,299,22,277
108900163,3,518,-515
108900164,93,52,41
108900168,4317,2657,1660
108900169,59,96,-37
108900171,2840,4311,-1471
108900172,206,90,116
108900173,72,403,-331
108900174,1581,568,1013
108900176,71,335,-264
108900177,3142,13196,-10054
108900178,2637,7817,-5180
108900180,80,323,-243
108900183,201,332,-131
108900184,472,156,316
108900185,44,552,-508
108900186,45,450,-405
108900189,474,107,367
108900190,92,1649,-1557
108900192,100,146,-46
108900195,66,125,-59
108900196,21,293,-272
108900199,204,367,-163
108900200,818,655,163
108900201,300,898,-598
108900203,580,110,470
108900204,506,27,479
108900205,344,29,315
108900206,792,99,693
108900207,343,532,-189
108900208,9,385,-376
108900209,145,496,-351
108900210,59,138,-79
108900211,254,771,-517
108900212,99,2842,-2743
108900215,41,298,-257
108900216,295,687,-392
108900217,94,1,93
108900218,60,19,41
108900221,51,47,4
108900224,74,51,23
108900225,1,236,-235
108900227,344,487,-143
108900230,62,217,-155
108900232,2,113,-111
108900233,726,221,505
108900234,357,248,109
108900235,141,296,-155
108900236,28,381,-353
108900240,163,134,29
108900241,106,32,74
108900245,3,3137,-3134
108900250,465,83,382
108900258,3,121,-118
108900259,29,39,-10
108900260,1,20,-19
108900261,30,70,-40
108900262,159,230,-71
108900263,66,248,-182
108900264,203,372,-169
108900265,771,648,123
108900266,119,2411,-2292
108900267,1,492,-491
108900268,16,57,-41
108900269,239,79,160
108900270,352,21,331
108900271,96,129,-33
108900272,777,44,733
108900273,287,1143,-856
108900274,224,14,210
109000001,5341,4459,882
109000002,935,4382,-3447
109000003,5347,611,4736
109000004,988,2486,-1498
109000005,3378,966,2412
109000006,1278,1895,-617
109000007,3554,1326,2228
109000008,993,1447,-454
109000009,5800,1698,4102
109000010,968,3169,-2201
109000011,6712,3138,3574
109000012,1956,3361,-1405
109000013,8250,7313,937
109000014,2363,2188,175
109000015,4912,18395,-13483
109000016,5372,2208,3164
109000017,5053,1903,3150
109000018,2006,2222,-216
109000019,4563,2189,2374
109000020,1584,2768,-1184
109000023,318,24,294
109000024,22,128,-106
109000025,250,818,-568
109000026,848,276,572
109000027,119,442,-323
109000028,145,54,91
109000029,66,671,-605
109000030,17,411,-394
109000031,491,110,381
109000032,153,612,-459
109000033,588,243,345
109000034,69,87,-18
109000035,9,41,-32
109000036,83,283,-200
109000037,506,4137,-3631
109000038,283,244,39
109000039,1013,1131,-118
109000040,3870,21199,-17329
109000041,1488,3741,-2253
109000042,726,2371,-1645
109000044,727,143,584
109000045,84,324,-240
109000046,597,178,419
109000047,222,401,-179
109000048,423,652,-229
109000049,258,647,-389
109000050,351,383,-32
109000051,251,128,123
109000052,661,555,106
109000053,558,105,453
109000054,96,422,-326
109000055,467,384,83
109000056,392,412,-20
109000057,1107,454,653
109000058,319,81,238
109000059,157,1601,-1444
109000060,147,717,-570
109000061,498,2165,-1667
109000062,160,560,-400
109000063,264,138,126
109000064,669,152,517
109000065,367,194,173
109000066,760,52,708
109000067,101,153,-52
109000068,815,25,790
109000069,827,9,818
109000070,128,1305,-1177
109000071,502,109,393
109000072,86,225,-139
109000073,67,127,-60
109000074,6,147,-141
109000075,85,332,-247
109000076,128,420,-292
109000077,432,228,204
109000078,189,196,-7
109000079,225,112,113
109000080,538,85,453
109000081,206,424,-218
109000082,1393,194,1199
109000083,665,554,111
109000088,228,198,30
109000089,398,88,310
109000090,119,215,-96
109000091,705,123,582
109000092,347,267,80
109000093,361,186,175
109000094,1295,4,1291
109000095,222,377,-155
109000096,1490,245,1245
109000097,80,149,-69
109000098,145,145,0
109000099,1079,121,958
109000100,562,515,47
109000101,2376,484,1892
109000102,1006,419,587
109000103,1119,561,558
109000104,3662,381,3281
109000105,840,535,305
109000106,2662,499,2163
109000107,796,1178,-382
109000108,3396,663,2733
109000109,667,932,-265
109000110,1799,596,1203
109000111,983,1604,-621
109000112,422,101,321
109000113,408,231,177
109000114,200,500,-300
109000115,1020,87,933
109000116,10,292,-282
109000117,517,23,494
109000118,13,216,-203
109000119,2725,94,2631
109000120,560,441,119
109000121,804,32,772
109000122,341,196,145
109000123,71,42,29
109000124,1393,286,1107
109000125,1422,319,1103
109000126,729,309,420
109000127,2036,147,1889
109000128,854,560,294
109000129,5084,459,4625
109000130,516,684,-168
109000131,981,788,193
109000132,342,1144,-802
109000133,214,436,-222
109000134,697,882,-185
109000135,525,1245,-720
109000136,329,280,49
109000137,434,497,-63
109000138,717,175,542
109000139,927,460,467
109000140,318,187,131
109000141,925,473,452
109000142,211,467,-256
109000143,144,82,62
109000145,103,439,-336
109000146,34,92,-58
109000148,2398,1689,709
109000149,19,144,-125
109000150,102,353,-251
109000155,1426,1011,415
109000156,1271,396,875
109000158,51,258,-207
109000159,94,670,-576
109000160,2385,240,2145
109000161,998,1515,-517
109000162,3131,603,2528
109000163,2134,1514,620
109000164,2506,2043,463
109000165,2338,754,1584
109000166,2013,91,1922
109000167,215,434,-219
109000170,29,44,-15
109000171,146,36,110
109000172,12,55,-43
109000173,34,180,-146
109000174,295,31,264
109000175,78,124,-46
109000176,869,224,645
109000177,86,132,-46
109000178,1552,173,1379
109000179,3156,8189,-5033
109000180,3936,3614,322
109000181,21,7,14
109000182,121,13,108
109000183,107,21,86
109000184,69,17,52
109000185,57,32,25
109000188,373,1128,-755
109000189,4206,878,3328
109000190,1069,643,426
109000191,393,361,32
109000192,813,154,659
109000193,392,140,252
109000194,559,84,475
109000195,284,135,149
109000196,403,38,365
109000197,192,298,-106
109000198,525,43,482
109000199,173,351,-178
109000206,278,37,241
109000207,303,47,256
109000208,114,199,-85
109000209,131,82,49
109000210,223,421,-198
109000211,1500,433,1067
109000214,588,192,396
109000215,129,49,80
109000216,525,455,70
109000217,153,275,-122
109000218,326,348,-22
109000221,134,688,-554
109000222,833,224,609
109000223,701,575,126
109000224,127,63,64
109000225,365,21,344
109000226,109,205,-96
109000227,3105,466,2639
109000228,1,1068,-1067
109000231,2,137,-135
109000232,1331,93,1238
109000236,335,461,-126
109000241,2291,1042,1249
109000242,1673,736,937
109000293,125,174,-49
109000361,135,197,-62
109000364,93,429,-336
109000396,12,293,-281
109000397,1044,18,1026
109000399,176,310,-134
109000400,127,164,-37
109000403,21,1376,-1355
109000406,1047,4,1043
109000407,288,97,191
109000408,3,519,-516
109000410,1053,265,788
109000411,515,25,490
109900001,188,1,187
109900002,1465,12,1453
109900003,899,1,898
109900004,322,64,258
109900005,64,3,61
109900006,610,60,550
109900007,2416,162,2254
109900008,0,33,-33
109900009,91,322,-231
109900010,992,51,941
109900011,25,63,-38
109900012,524,256,268
109900013,557,170,387
109900014,536,107,429
109900015,129,70,59
109900016,288,9,279
109900017,267,289,-22
109900018,244,38,206
109900019,285,31,254
109900020,110,65,45
109900021,53,19,34
109900022,222,219,3
109900023,20,0,20
109900024,52,0,52
109900025,5,31,-26
109900026,0,108,-108
109900027,58,51,7
109900028,468,3150,-2682
109900029,2,143,-141
109900030,39,21,18
109900031,0,395,-395
109900032,14,147,-133
109900033,2,522,-520
109900034,74,7,67
109900035,92,76,16
109900036,21,47,-26
109900037,22,250,-228
109900038,75,273,-198
109900039,31,2,29
109900040,18,230,-212
109900041,24,232,-208
109900042,18,731,-713
109900044,101,242,-141
109900045,142,57,85
109900046,229,89,140
109900047,160,266,-106
109900048,0,26,-26
109900049,32,15,17
109900050,0,22,-22
109900051,1,5,-4
109900052,40,100,-60
109900053,2,54,-52
109900054,1709,63,1646
109900055,76,120,-44
109900056,30,511,-481
109900057,1,42,-41
109900058,1,27,-26
109900059,2010,37,1973
109900060,1490,99,1391
109900061,40,112,-72
109900062,0,56,-56
109900063,4,526,-522
109900064,1157,156,1001
109900065,127,109,18
109900066,226,457,-231
109900067,0,98,-98
109900068,85,2,83
109900069,6,16,-10
109900070,37,105,-68
109900071,1,15,-14
109900072,24,111,-87
109900073,681,134,547
109900074,18,18,0
109900075,32,26,6
109900076,15,93,-78
109900077,77,28,49
109900078,64,150,-86
109900080,194,80,114
109900081,9,233,-224
109900082,102,148,-46
109900083,15,31,-16
109900084,65,130,-65
109900085,87,300,-213
109900086,167,1291,-1124
109900087,50,370,-320
109900089,1192,217,975
109900090,187,558,-371
109900091,766,92,674
109900092,332,62,270
109900093,1838,128,1710
109900094,104,194,-90
109900095,70,144,-74
109900096,224,22,202
109900097,242,3,239
109900098,740,32,708
109900099,626,0,626
109900100,72,3,69
109900101,1439,12,1427
109900102,767,23,744
109900103,31,80,-49
109900104,1811,101,1710
109900105,880,29,851
109900106,553,33,520
109900107,795,44,751
109900108,134,226,-92
109900109,50,190,-140
109900110,99,138,-39
109900111,84,304,-220
109900112,142,283,-141
109900113,1175,565,610
109900114,751,1910,-1159
109900115,213,111,102
109900117,2146,85,2061
109900118,95,185,-90
109900119,115,426,-311
109900120,128,27,101
109900121,235,399,-164
109900122,1324,6,1318
109900123,18,46,-28
109900124,26,176,-150
109900125,0,140,-140
109900126,577,51,526
109900128,511,55,456
109900130,2979,5346,-2367
109900131,14,103,-89
109900132,8,63,-55
109900133,97,226,-129
109900134,64,172,-108
109900135,348,51,297
109900136,74,130,-56
109900137,416,311,105
109900140,313,111,202
109900142,2859,196,2663
109900145,5,725,-720
109900146,205,43,162
109900148,30,61,-31
109900149,24,29,-5
109900150,3,86,-83
109900151,23,33,-10
109900152,0,20,-20
109900153,0,89,-89
109900154,52,0,52
109900155,117,41,76
109900157,36,79,-43
109900158,37,145,-108
109900159,234,65,169
109900160,196,27,169
109900161,355,61,294
109900162,289,142,147
109900163,353,113,240
109900164,66,266,-200
109900165,305,4,301
109900166,0,86,-86
109900167,258,267,-9
109900168,202,554,-352
109900169,248,222,26
109900170,254,2192,-1938
109900171,445,95,350
109900172,340,480,-140
109900173,1379,3276,-1897
109900174,73,81,-8
109900175,113,144,-31
109900176,283,153,130
109900177,54,132,-78
109900178,5,368,-363
109900179,28,33,-5
109900180,16,17,-1
110000001,699,577,122
110000002,698,951,-253
110000003,673,1007,-334
110000004,403,899,-496
110000005,386,2270,-1884
110000006,398,401,-3
110000007,167,116,51
110000008,16,395,-379
110000009,63,46,17
110000010,65,104,-39
110000011,31,28,3
110000012,544,236,308
110000013,85,1394,-1309
110000014,931,502,429
110000015,338,883,-545
110000016,508,2591,-2083
110000017,4159,407,3752
110000018,2823,327,2496
110000019,18,124,-106
110000020,1298,336,962
110000021,151,523,-372
110000022,1412,100,1312
110000023,10,154,-144
110000024,477,385,92
110000025,1837,9,1828
110000026,5,262,-257
110000027,524,2435,-1911
110000028,1397,563,834
110000029,451,433,18
110000030,501,556,-55
110000031,252,212,40
110000032,1768,258,1510
110000033,190,322,-132
110000034,706,541,165
110000035,740,440,300
110000036,1913,590,1323
110000037,281,490,-209
110000038,561,790,-229
110000039,1524,8399,-6875
110000040,333,355,-22
110000041,359,3674,-3315
110000042,106,716,-610
110000043,735,602,133
110000044,36,802,-766
110000045,124,223,-99
110000046,4,143,-139
110000047,11,213,-202
110000048,10,159,-149
110000049,6,20,-14
110000050,6,335,-329
110000051,56,12,44
110000052,65,48,17
110000053,25,21,4
110000054,142,948,-806
110000055,194,125,69
110000056,86,151,-65
110000057,414,504,-90
110000058,1143,489,654
110000059,883,490,393
110000060,1784,1136,648
110000061,500,671,-171
110000062,651,1150,-499
110000063,89,339,-250
110000064,42,39,3
110000065,344,205,139
110000066,159,16,143
110000067,27,135,-108
110000068,341,44,297
110000069,850,21,829
110000071,899,39,860
110000073,65,6,59
110000075,18,85,-67
110000076,550,633,-83
110000077,337,1625,-1288
110000078,179,36,143
110000080,272,426,-154
110000081,69,224,-155
110000082,40,358,-318
110000083,355,350,5
110000084,1959,1368,591
110000085,989,1170,-181
110000086,1117,3306,-2189
110000087,32,76,-44
110000088,214,302,-88
110000089,563,54,509
110000090,73,113,-40
110000091,990,122,868
110000092,13,18,-5
110000093,70,32,38
110000094,637,220,417
110000095,189,657,-468
110000096,1331,2946,-1615
110000097,1035,2137,-1102
110000098,2635,923,1712
110000099,1063,1665,-602
110000100,2513,223,2290
110000101,174,150,24
110000102,151,39,112
110000104,497,269,228
110000105,53,331,-278
110000106,736,601,135
110000107,239,391,-152
110000108,197,214,-17
110000109,156,369,-213
110000110,1895,3806,-1911
110000111,3797,3409,388
110000112,218,1540,-1322
110000113,82,3840,-3758
110000114,760,896,-136
110000115,717,392,325
110000116,116,63,53
110000117,495,223,272
110000118,948,112,836
110000119,690,228,462
110000120,622,169,453
110000121,146,513,-367
110000122,361,366,-5
110000123,898,410,488
110000124,0,496,-496
110000125,1032,6,1026
110000126,280,17,263
110000127,1459,72,1387
110000128,24,556,-532
110000129,7,419,-412
110000130,557,239,318
110000131,58,262,-204
110000132,2,440,-438
110000133,17,573,-556
110000134,10,358,-348
110000135,224,59,165
110000136,113,341,-228
110000137,1059,354,705
110000138,1417,633,784
110000139,2324,379,1945
110000140,1130,813,317
110000143,446,367,79
110000144,1916,2118,-202
110000145,1626,1648,-22
110000146,1661,986,675
110000147,429,2116,-1687
110000148,1139,205,934
110000151,437,2279,-1842
110000152,480,766,-286
110000153,320,10,310
110000154,16,42,-26
110000155,410,2512,-2102
110000156,908,1878,-970
110000157,1153,2267,-1114
110000160,434,293,141
110000161,230,286,-56
110000166,1135,74,1061
110000167,2652,857,1795
110000168,1075,888,187
110000169,1030,394,636
110000170,309,98,211
110000171,990,91,899
110000172,529,500,29
110000173,612,687,-75
110000174,189,423,-234
110000175,1468,47,1421
110000176,67,956,-889
110000177,373,2014,-1641
110000178,441,4072,-3631
110000179,919,426,493
110000180,544,347,197
110000181,1786,491,1295
110000182,321,101,220
110000183,6081,11412,-5331
110000184,361,5158,-4797
110000185,439,862,-423
110000186,517,1470,-953
110000191,1847,172,1675
110000192,760,14,746
110000193,1753,17,1736
110000194,4,601,-597
110000195,966,91,875
110000196,899,53,846
110000197,182,34,148
110000198,126,78,48
110000199,57,195,-138
110000200,733,551,182
110000201,1048,1430,-382
110000202,1365,620,745
110000203,316,513,-197
110000204,7,201,-194
110000205,587,18,569
110000206,442,614,-172
110000207,2248,245,2003
110000208,247,349,-102
110000209,58,676,-618
110000210,2615,642,1973
110000211,1373,704,669
110000212,609,1911,-1302
110000213,547,40,507
110000214,645,78,567
110000215,165,155,10
110000216,81,112,-31
110000217,1069,104,965
110000218,366,133,233
110000219,689,47,642
110000220,60,37,23
110000221,1040,14,1026
110000222,100,83,17
110000223,15,124,-109
110000224,9,7,2
110000225,243,792,-549
110000226,505,57,448
110000227,873,1132,-259
110000228,572,102,470
110000229,0,135,-135
110000230,714,688,26
110000231,488,516,-28
110000232,154,165,-11
110000233,171,521,-350
110000234,481,1259,-778
110000235,1468,951,517
110000236,1080,549,531
110000237,3859,1774,2085
110000238,1117,1526,-409
110000239,2684,1024,1660
110000240,0,12,-12
110000242,0,12,-12
110000243,279,64,215
110000244,251,294,-43
110000245,69,213,-144
110000246,1310,322,988
110000247,1099,2747,-1648
110000248,971,1107,-136
110000249,225,5,220
110000250,29,134,-105
110000251,616,200,416
110000252,560,198,362
110000253,2347,386,1961
110000254,642,506,136
110000255,172,704,-532
110000256,511,218,293
110000257,418,221,197
110000258,2,510,-508
110000259,362,16,346
110000260,66,57,9
110000263,592,28,564
110000264,1019,299,720
110000265,1693,1964,-271
110000266,1022,2189,-1167
110000267,30,48,-18
110000268,247,222,25
110000269,0,42,-42
110000270,157,0,157
110000271,2803,275,2528
110000272,1736,1189,547
110000273,1319,993,326
110000274,261,4282,-4021
110000275,1703,893,810
110000276,391,1103,-712
110000277,395,334,61
110000278,460,846,-386
110000279,715,596,119
110000280,1074,477,597
110000281,171,225,-54
110000282,152,25,127
110000283,20,60,-40
110000284,10,24,-14
110000285,0,319,-319
110000286,4,0,4
110000287,166,0,166
110000288,2,48,-46
110000289,569,3769,-3200
110000290,435,815,-380
110000291,3572,847,2725
110000292,901,8834,-7933
110000293,703,393,310
110000294,1975,1956,19
110000295,199,611,-412
110000296,1040,340,700
110000297,3016,238,2778
110000298,117,345,-228
110000299,154,47,107
110000301,629,15,614
110000302,662,1139,-477
110000303,641,10,631
110000304,314,306,8
110000305,1826,36,1790
110000306,428,1035,-607
110000307,3068,8,3060
110000308,702,5,697
110000309,1,738,-737
110000310,1150,23,1127
110000311,2,550,-548
110000312,664,42,622
110000313,1858,1820,38
110000314,0,149,-149
110000315,1686,1379,307
110000316,594,917,-323
110000317,79,1648,-1569
110000318,0,37,-37
110000319,13,13,0
110000320,15,54,-39
110000321,70,41,29
110000322,347,266,81
110000323,743,199,544
110000324,2792,1510,1282
110000325,1376,5705,-4329
110000327,381,197,184
110000328,77,369,-292
110000333,1654,1738,-84
110000334,385,1447,-1062
110000335,620,457,163
110000336,588,1528,-940
110000337,2531,770,1761
110000338,708,415,293
110000339,501,322,179
110000340,22,313,-291
110000341,896,301,595
110000342,68,0,68
110000343,0,7,-7
110000344,31,855,-824
110000345,146,795,-649
110000346,1505,1901,-396
110000347,1807,729,1078
110000348,36,19,17
110000349,11,25,-14
110000350,145,1,144
110000351,1743,553,1190
110000352,1047,2661,-1614
110000353,2829,408,2421
110000354,1257,6568,-5311
110000355,261,41,220
110000356,805,4,801
110000357,857,5,852
110000361,24,38,-14
110000362,147,4,143
110000363,1356,87,1269
110000364,580,351,229
110000365,222,1,221
110000366,0,96,-96
110000367,863,90,773
110000368,3,79,-76
110000369,154,13,141
110000373,1,361,-360
110000374,124,49,75
110000375,102,1229,-1127
110000376,17,43,-26
110000377,86,410,-324
110000378,14,547,-533
110000379,2234,3909,-1675
110000380,184,10,174
110000383,2,746,-744
110000384,1003,251,752
110000385,0,147,-147
110000387,195,1,194
110000388,67,106,-39
110000389,1160,4,1156
110000391,1293,340,953
110000396,347,61,286
110000397,225,52,173
110000398,25,37,-12
110000399,429,1,428
110000587,270,178,92
110000589,434,78,356
110000640,281,10,271
110000652,17,730,-713
110000653,444,248,196
110000654,7,558,-551
110000656,0,224,-224
110000674,39,25,14
110000675,56,35,21
110000676,0,43,-43
110000679,138,1295,-1157
110000682,194,272,-78
110000683,287,320,-33
110000684,4,36,-32
110000685,4,32,-28
110000686,3,111,-108
110000687,3,0,3
110000688,34,1820,-1786
110000689,84,12,72
110000692,31,186,-155
110000693,38,730,-692
110000694,0,136,-136
110000695,147,593,-446
110000696,49,43,6
110900001,592,39,553
110900002,532,1654,-1122
110900003,1957,342,1615
110900004,810,18,792
110900005,1334,6859,-5525
110900006,225,97,128
110900007,440,164,276
110900008,2,8,-6
110900009,443,638,-195
110900010,6,47,-41
110900011,35,127,-92
110900012,5,23,-18
110900013,1578,119,1459
110900014,382,41,341
110900015,345,689,-344
110900016,100,60,40
110900017,1070,26,1044
110900018,412,48,364
110900019,627,22,605
110900020,207,165,42
110900021,111,323,-212
110900022,57,113,-56
110900023,86,540,-454
110900024,112,168,-56
110900025,23,174,-151
110900027,85,81,4
110900028,41,74,-33
110900029,5,100,-95
110900030,46,147,-101
110900031,4,145,-141
110900032,0,43,-43
110900033,24,179,-155
110900035,44,721,-677
110900036,256,10,246
110900037,352,15,337
110900038,597,198,399
110900039,3,315,-312
110900040,318,9,309
110900041,17,26,-9
110900042,174,80,94
110900043,1,38,-37
110900044,224,21,203
110900045,107,189,-82
110900046,8,116,-108
110900047,228,880,-652
110900049,142,123,19
110900050,38,8,30
110900051,26,115,-89
110900052,2,114,-112
110900053,325,22,303
110900054,50,82,-32
110900055,31,5,26
110900056,33,121,-88
110900057,8,70,-62
110900058,577,91,486
110900059,515,156,359
110900060,385,201,184
110900061,1,46,-45
110900062,308,74,234
110900063,37,91,-54
110900064,29,0,29
110900065,59,145,-86
110900066,14,63,-49
110900067,136,1130,-994
110900068,274,137,137
110900069,1,6,-5
110900070,232,71,161
110900071,171,1463,-1292
110900073,0,15,-15
110900074,839,63,776
110900075,749,66,683
110900077,1973,615,1358
110900078,199,10,189
110900079,1002,1656,-654
110900080,217,115,102
110900081,15,10,5
110900082,410,98,312
110900083,174,43,131
110900084,121,34,87
110900085,73,126,-53
110900086,81,327,-246
110900087,678,50,628
110900088,2,0,2
110900090,120,177,-57
110900091,7,16,-9
110900093,343,135,208
110900095,87,33,54
110900097,57,4,53
110900098,45,122,-77
110900099,24,223,-199
110900100,0,3,-3
110900102,61,26,35
110900105,1402,128,1274
110900108,39,44,-5
110900111,775,45,730
110900112,818,14,804
110900113,324,150,174
110900115,10,88,-78
110900116,1938,740,1198
110900118,79,5543,-5464
110900119,1429,161,1268
110900120,216,26,190
110900121,143,3,140
110900122,724,286,438
110900125,458,1181,-723
110900127,197,1617,-1420
110900128,168,606,-438
110900129,212,1252,-1040
110900130,343,713,-370
110900131,446,37,409
110900132,728,96,632
110900133,39,95,-56
110900135,35,157,-122
110900136,561,30,531
110900139,7,0,7
110900140,1,0,1
110900141,255,514,-259
110900142,92,128,-36
110900143,445,24,421
110900144,1,200,-199
110900145,337,151,186
110900146,182,534,-352
110900147,96,352,-256
110900148,3,234,-231
110900149,3,186,-183
110900150,30,2,28
110900151,2,22,-20
110900152,67,35,32
110900153,286,52,234
111000001,1986,1421,565
111000002,1002,527,475
111000003,3559,2049,1510
111000004,1459,1648,-189
111000005,1231,3042,-1811
111000006,1254,3269,-2015
111000007,5778,8746,-2968
111000008,4362,4481,-119
111000009,582,1457,-875
111000010,1623,429,1194
111000011,254,795,-541
111000012,659,471,188
111000013,723,1110,-387
111000014,3233,556,2677
111000017,40,766,-726
111000018,109,425,-316
111000020,543,1154,-611
111000021,83,90,-7
111000023,171,70,101
111000025,4482,4420,62
111000029,163,159,4
111000030,47,76,-29
111000031,1922,602,1320
111000032,577,287,290
111000033,217,136,81
111000034,34,292,-258
111000037,1355,510,845
111000038,1568,2359,-791
111000039,1919,2324,-405
111000040,1613,1418,195
111000041,569,497,72
111000042,2644,2552,92
111000043,2794,8056,-5262
111000044,2616,849,1767
111000045,4388,2434,1954
111000046,3264,2259,1005
111000047,3178,8881,-5703
111000049,293,520,-227
111000050,944,637,307
111000051,674,742,-68
111000052,575,1355,-780
111000053,177,667,-490
111000054,339,652,-313
111000055,1326,1213,113
111000056,303,441,-138
111000057,173,269,-96
111000058,1063,61,1002
111000059,1009,312,697
111000060,7955,1249,6706
111000061,1226,606,620
111000062,1623,751,872
111000063,1825,1415,410
111000064,1500,671,829
111000065,2078,1255,823
111000066,1311,525,786
111000067,2013,434,1579
111000068,1371,526,845
111000069,1622,1931,-309
111000070,952,563,389
111000071,193,278,-85
111000072,2126,925,1201
111000073,276,1944,-1668
111000074,2565,1815,750
111000075,958,791,167
111000076,1186,1094,92
111000077,1146,1141,5
111000078,1621,552,1069
111000079,894,654,240
111000080,1093,644,449
111000081,1861,8173,-6312
111000082,1535,546,989
111000084,1533,622,911
111000085,1240,1069,171
111000086,1876,937,939
111000087,1003,488,515
111000088,6024,6116,-92
111000089,1098,666,432
111000090,635,976,-341
111000091,830,373,457
111000092,3004,740,2264
111000093,1241,1404,-163
111000094,2751,1416,1335
111000095,1357,3826,-2469
111000096,876,10806,-9930
111000097,3118,1003,2115
111000098,347,761,-414
111000099,486,1224,-738
111000100,572,1128,-556
111000101,396,912,-516
111000102,233,416,-183
111000104,1263,253,1010
111000107,83,588,-505
111000109,1209,211,998
111000110,2135,925,1210
111000111,5853,349,5504
111000112,4077,353,3724
111000113,872,3209,-2337
111000114,1309,7760,-6451
111000115,3438,1145,2293
111000116,1112,966,146
111000117,319,917,-598
111000118,959,774,185
111000119,2269,844,1425
111000120,732,900,-168
111000121,377,1169,-792
111000122,481,673,-192
111000123,1395,1343,52
111000124,482,2193,-1711
111000125,310,944,-634
111000126,107,528,-421
111000127,1968,159,1809
111000128,4787,341,4446
111000129,5105,514,4591
111000130,4728,483,4245
111000131,4889,559,4330
111000132,3034,2417,617
111000133,294,125,169
111000134,301,70,231
111000135,118,209,-91
111000136,656,258,398
111000138,47,11,36
111000140,3,6,-3
111000141,259,528,-269
111000142,15,157,-142
111000143,3,383,-380
111000144,48,1630,-1582
111000145,88,5,83
111000146,118,9,109
111000147,122,39,83
111000148,240,148,92
111000149,3,17,-14
111000150,103,13,90
111000151,35,20,15
111000153,581,415,166
111000154,407,314,93
111000155,119,129,-10
111000156,967,383,584
111000157,323,584,-261
111000158,914,780,134
111000159,3043,1272,1771
111000160,422,375,47
111000161,6,440,-434
111000162,4,69,-65
111000163,1454,861,593
111000164,545,3512,-2967
111000165,645,197,448
111000166,440,116,324
111000167,170,234,-64
111000168,230,373,-143
111000169,418,342,76
111000170,286,261,25
111000171,552,503,49
111000172,326,446,-120
111000173,442,993,-551
111000174,562,201,361
111000175,84,412,-328
111000176,758,23,735
111000177,1523,159,1364
111000178,3169,176,2993
111000179,611,116,495
111000180,390,381,9
111000181,3164,177,2987
111000182,412,139,273
111000183,284,217,67
111000184,508,132,376
111000185,566,325,241
111000186,320,172,148
111000187,401,116,285
111000188,771,313,458
111000189,298,378,-80
111000190,372,167,205
111000191,182,127,55
111000192,144,290,-146
111000193,539,119,420
111000194,72,149,-77
111000195,107,250,-143
111000196,74,87,-13
111000197,1372,151,1221
111000198,1055,115,940
111000199,608,436,172
111000200,1010,721,289
111000201,1462,107,1355
111000202,1073,144,929
111000203,924,319,605
111000204,589,2924,-2335
111000213,365,572,-207
111000214,1985,1127,858
111000215,1550,1029,521
111000217,2637,664,1973
111000218,3807,897,2910
111000219,324,209,115
111000220,782,628,154
111000221,465,79,386
111000224,39,168,-129
111000225,1075,527,548
111000226,134,8,126
111000227,13,1,12
111000228,2,850,-848
111000229,25,2022,-1997
111000230,237,92,145
111000231,1474,318,1156
111000232,1225,671,554
111000233,2680,715,1965
111000234,421,1318,-897
111000239,124,57,67
111000240,132,558,-426
111000241,141,135,6
111000242,455,29,426
111000243,328,316,12
111000244,1442,134,1308
111000245,1086,392,694
111000246,913,179,734
111000247,1173,334,839
111000248,1077,289,788
111000249,677,216,461
111000250,148,45,103
111000251,101,61,40
111000253,95,28,67
111000255,115,5,110
111000257,118,19,99
111000260,87,669,-582
111000261,2429,78,2351
111000271,32,340,-308
111000273,4679,1491,3188
111000274,2225,3763,-1538
111000275,373,49,324
111000276,240,918,-678
111000277,428,276,152
111000278,451,223,228
111000291,2471,19463,-16992
111000298,698,273,425
111000299,970,190,780
111000300,60,578,-518
111000302,493,71,422
111000303,242,169,73
111000312,89,38,51
111000315,4,64,-60
111000320,188,292,-104
111000321,646,129,517
111000322,896,158,738
111000323,565,50,515
111000324,342,137,205
111000325,30,53,-23
111000326,303,183,120
111000327,561,273,288
111000328,618,878,-260
111000329,6,48,-42
111000330,113,11,102
111000331,37,13,24
111000332,574,1034,-460
111000334,212,988,-776
111000335,1928,167,1761
111000337,2796,188,2608
111000338,154,148,6
111000339,1166,225,941
111000340,217,841,-624
111000341,2863,1456,1407
111000342,74,835,-761
111000344,1675,484,1191
111000345,82,103,-21
111000346,23,224,-201
111000347,347,3,344
111000350,375,141,234
111000351,195,396,-201
111000352,407,176,231
111000353,144,143,1
111000354,678,393,285
111000355,512,700,-188
111000358,222,776,-554
111000360,296,384,-88
111000361,173,123,50
111000546,1443,512,931
111000547,556,438,118
111000548,348,192,156
111000549,307,187,120
111000550,62,1250,-1188
111000551,308,108,200
111000552,560,187,373
111000907,2622,122,2500
111000908,290,5,285
111000916,3591,198,3393
111000917,68,279,-211
111000918,249,437,-188
111000920,1494,12,1482
111000921,46,126,-80
111000922,1128,204,924
111000924,36,371,-335
111000925,7223,2754,4469
111000926,1494,1015,479
111000927,3069,6749,-3680
111000928,3745,1477,2268
111000929,2553,1408,1145
111000930,1406,1296,110
111000931,2461,2226,235
111000932,2334,1133,1201
111000933,4635,4794,-159
111000934,1586,1876,-290
111000935,4737,1755,2982
111000936,1449,1354,95
111000937,1869,2044,-175
111000938,1083,939,144
111000939,1237,38,1199
111000940,1207,34,1173
111000941,487,566,-79
111000943,927,161,766
111000944,269,213,56
111000945,334,548,-214
111001109,816,1590,-774
111001110,270,351,-81
111001111,227,11,216
111001112,157,37,120
111001113,2,1115,-1113
111001114,737,300,437
111001115,55,2079,-2024
111001116,2340,8245,-5905
111001117,451,3627,-3176
111001120,165,229,-64
111001121,233,75,158
111001122,328,182,146
111001123,582,239,343
111001124,227,88,139
111001125,5,446,-441
111001126,13,4,9
111900001,1,20,-19
111900002,0,107,-107
111900003,0,108,-108
111900004,7,31,-24
111900006,28,165,-137
111900007,579,12,567
111900008,818,3,815
111900009,476,1,475
111900010,48,310,-262
111900012,21,65,-44
111900013,84,39,45
111900014,1785,10419,-8634
111900015,0,17,-17
111900016,0,26,-26
111900017,0,32,-32
111900018,187,6,181
111900019,5,112,-107
111900020,3,33,-30
111900021,9,35,-26
111900022,11,25,-14
111900023,119,69,50
111900024,157,93,64
111900025,0,195,-195
111900026,1,32,-31
111900027,3,57,-54
111900028,0,44,-44
111900029,4,15,-11
111900030,40,351,-311
111900031,31,26,5
111900032,0,63,-63
111900033,46,27,19
111900034,39,263,-224
111900035,77,167,-90
111900036,0,57,-57
111900038,79,211,-132
111900039,20,126,-106
111900040,1,107,-106
111900042,9,51,-42
111900043,0,105,-105
111900044,63,175,-112
111900046,24,84,-60
111900048,699,133,566
111900049,7,176,-169
111900050,255,17,238
111900051,0,39,-39
111900052,108,202,-94
111900053,542,3754,-3212
111900054,378,1,377
111900055,4,112,-108
111900056,144,456,-312
111900057,413,32,381
111900058,1073,219,854
111900059,1561,951,610
111900060,450,4,446
111900061,2,49,-47
111900062,111,83,28
111900063,432,143,289
111900064,35,41,-6
111900065,309,50,259
111900066,162,286,-124
111900067,1,197,-196
111900068,50,163,-113
111900069,168,17,151
111900070,377,66,311
111900071,1,103,-102
111900072,68,94,-26
111900073,2676,281,2395
111900074,1,130,-129
111900075,111,13,98
111900076,686,118,568
111900077,54,0,54
111900078,828,91,737
111900079,39,96,-57
111900080,117,143,-26
111900082,371,58,313
111900083,470,108,362
111900084,205,5,200
111900085,90,102,-12
111900086,115,11,104
111900087,122,2,120
111900088,1575,64,1511
111900089,246,7,239
111900090,97,114,-17
111900091,1312,18,1294
111900092,177,4,173
111900093,1045,26,1019
111900094,309,7,302
111900095,688,56,632
111900096,572,4,568
111900097,137,0,137
111900098,902,12,890
111900099,144,0,144
111900100,152,7,145
111900101,287,11,276
111900102,1331,271,1060
111900103,87,203,-116
111900104,128,49,79
111900105,137,264,-127
111900106,253,23,230
111900110,1528,296,1232
111900111,377,58,319
111900112,391,8442,-8051
111900113,320,87,233
111900118,816,67,749
111900119,358,101,257
111900122,77,87,-10
111900123,34,44,-10
111900124,9,15,-6
111900125,1092,122,970
111900126,844,11,833
111900127,1,255,-254
111900128,20,202,-182
111900129,428,5,423
111900130,362,73,289
111900131,989,4,985
111900132,6,330,-324
111900133,6,145,-139
111900134,1,111,-110
111900135,4,46,-42
111900136,30,185,-155
111900137,17,19,-2
111900138,22,49,-27
111900139,11,37,-26
111900140,200,40,160
111900141,176,7,169
111900142,140,34,106
111900143,78,73,5
111900144,0,33,-33
111900145,0,99,-99
111900146,0,85,-85
111900147,24,327,-303
111900148,14,351,-337
111900149,8,174,-166
111900150,48,63,-15
111900151,31,74,-43
111900152,104,73,31
111900153,405,770,-365
111900154,50,1269,-1219
111900155,149,387,-238
111900156,109,99,10
111900157,278,20,258
111900158,1361,102,1259
111900159,1022,108,914
111900160,776,2,774
111900161,673,0,673
111900162,216,684,-468
111900163,9,143,-134
111900164,259,33,226
111901113,1150,33,1117
111901114,523,238,285
111901115,612,4,608
111901116,103,7,96
111901117,32,102,-70
111901118,13,1166,-1153
111901119,254,38,216
111901121,34,83,-49
111901122,7,80,-73
111901123,880,69,811
111901124,615,7,608
111901125,1592,203,1389
111901127,702,2575,-1873
111901128,18,90,-72
111901129,4,306,-302
111901130,2,105,-103
111901131,2,393,-391
111901132,113,54,59
111901133,264,0,264
111901134,331,1,330
111901135,70,8,62
111901136,2,18,-16
111901138,30,25,5
111901139,3,31,-28
111901140,1,42,-41
111901141,12,103,-91
111901142,7,27,-20
111901143,1,143,-142
111901144,44,87,-43
111901145,41,969,-928
111901146,44,1,43
111901147,173,797,-624
111901148,1,118,-117
111901149,41,1,40
112000001,3275,1103,2172
112000002,1142,2325,-1183
112000003,4745,1424,3321
112000004,1465,340,1125
112000005,5479,6125,-646
112000006,710,626,84
112000007,6937,4698,2239
112000008,5131,5499,-368
112000009,3541,1251,2290
112000010,5859,6741,-882
112000011,1916,1108,808
112000012,4459,6736,-2277
112000013,1829,3060,-1231
112000014,1045,4721,-3676
112000015,1234,4029,-2795
112000016,2692,4981,-2289
112000017,427,5859,-5432
112000024,736,314,422
112000026,2098,1532,566
112000027,780,935,-155
112000028,813,1214,-401
112000029,798,855,-57
112000030,289,22,267
112000031,1775,5031,-3256
112000032,124,11,113
112000033,1642,5333,-3691
112000034,64,27,37
112000035,31,1241,-1210
112000036,180,2220,-2040
112000037,903,921,-18
112000038,1264,1861,-597
112000039,179,47,132
112000040,43,213,-170
112000041,449,417,32
112000042,1152,207,945
112000050,1727,1456,271
112000051,1750,4540,-2790
112000054,1732,1809,-77
112000057,713,212,501
112000058,135,301,-166
112000059,730,653,77
112000061,3241,702,2539
112000062,560,1550,-990
112000063,149,4134,-3985
112000064,3014,3006,8
112000065,1150,2061,-911
112000066,3452,1489,1963
112000067,495,630,-135
112000068,3769,3270,499
112000069,636,1605,-969
112000070,1498,1015,483
112000071,1407,1883,-476
112000072,3172,1011,2161
112000073,1143,4057,-2914
112000074,1009,2427,-1418
112000075,1436,2172,-736
112000076,3405,2880,525
112000077,1539,378,1161
112000078,3249,636,2613
112000079,2926,1462,1464
112000080,1129,730,399
112000081,1149,1656,-507
112000082,1514,563,951
112000083,992,1059,-67
112000084,1455,608,847
112000085,2453,824,1629
112000086,2925,933,1992
112000087,1035,234,801
112000088,1281,243,1038
112000089,372,276,96
112000090,301,246,55
112000091,736,452,284
112000092,3450,840,2610
112000093,2047,422,1625
112000094,970,726,244
112000095,1157,392,765
112000096,1068,606,462
112000097,3596,715,2881
112000098,345,501,-156
112000099,807,3010,-2203
112000100,3204,835,2369
112000101,797,302,495
112000102,2461,538,1923
112000103,437,327,110
112000105,887,617,270
112000106,4683,386,4297
112000107,348,146,202
112000108,1582,690,892
112000109,689,133,556
112000110,3050,873,2177
112000111,466,2317,-1851
112000112,2674,575,2099
112000113,960,1017,-57
112000114,3025,878,2147
112000115,614,350,264
112000116,695,678,17
112000117,1377,597,780
112000118,725,820,-95
112000119,485,587,-102
112000120,42,231,-189
112000121,365,202,163
112000122,761,124,637
112000123,1435,164,1271
112000124,963,202,761
112000125,570,466,104
112000126,1220,106,1114
112000127,3048,2962,86
112000128,729,485,244
112000129,222,59,163
112000130,488,115,373
112000131,58,147,-89
112000132,342,201,141
112000133,544,64,480
112000134,792,335,457
112000135,1834,1027,807
112000136,859,1208,-349
112000137,2186,3033,-847
112000138,1413,1320,93
112000139,610,897,-287
112000140,225,752,-527
112000141,1238,555,683
112000142,161,251,-90
112000143,2004,199,1805
112000144,432,463,-31
112000145,4007,412,3595
112000146,679,969,-290
112000147,3760,1693,2067
112000148,898,1102,-204
112000149,605,590,15
112000150,889,241,648
112000151,479,125,354
112000152,1372,313,1059
112000153,154,135,19
112000154,286,683,-397
112000155,257,127,130
112000157,475,1673,-1198
112000158,383,207,176
112000159,1545,307,1238
112000167,484,247,237
112000169,269,2100,-1831
112000173,1854,188,1666
112000175,638,251,387
112000176,896,1123,-227
112000177,1193,470,723
112000178,80,162,-82
112000179,656,51,605
112000180,524,232,292
112000181,1180,770,410
112000182,2906,407,2499
112000183,59,30,29
112000184,645,210,435
112000185,1870,304,1566
112000187,6167,3352,2815
112000195,246,8,238
112000196,144,0,144
112000197,162,144,18
112000198,29,322,-293
112000199,709,589,120
112000202,1215,8,1207
112000216,52,183,-131
112000230,282,4,278
112000231,1,101,-100
112000256,44,774,-730
112000313,72,62,10
112000314,98,72,26
112000337,257,1121,-864
112000352,93,349,-256
112000392,2926,698,2228
112000398,3318,823,2495
112000399,1314,11182,-9868
112000400,1374,1034,340
112000401,1288,1078,210
112000402,5324,6076,-752
112000403,1715,11671,-9956
112000404,2567,1709,858
112000405,4994,4189,805
112000406,2922,986,1936
112000407,13397,9342,4055
112000408,5059,2067,2992
112000409,1650,1559,91
112000410,309,387,-78
112000411,1702,2000,-298
112000412,429,230,199
112000413,3737,6699,-2962
112000414,271,30,241
112000415,119,19,100
112000416,5978,1359,4619
112000417,416,137,279
112000421,132,44,88
112000422,301,237,64
112000424,1311,4770,-3459
112000425,478,413,65
112000426,492,390,102
112000427,0,5,-5
112000428,555,176,379
112000429,2729,3014,-285
112000430,3756,6553,-2797
112000431,187,365,-178
112000432,593,661,-68
112000433,408,458,-50
112000437,45,89,-44
112900001,63,1,62
112900002,1054,202,852
112900003,77,87,-10
112900004,94,147,-53
112900005,578,113,465
112900006,16,84,-68
112900007,68,24,44
112900008,0,203,-203
112900009,535,274,261
112900010,696,248,448
112900011,61,304,-243
112900012,0,10,-10
112900013,1,331,-330
112900014,8,80,-72
112900015,103,325,-222
112900016,2,113,-111
112900017,146,118,28
112900018,4,50,-46
112900019,29,115,-86
112900020,314,556,-242
112900021,2,150,-148
112900022,10,34,-24
112900023,8,15,-7
112900024,9,59,-50
112900025,151,127,24
112900026,1,15,-14
112900027,2,292,-290
112900028,8,87,-79
112900029,3,37,-34
112900030,27,20,7
112900031,7,395,-388
112900032,231,170,61
112900034,0,12,-12
112900035,0,121,-121
112900036,11,88,-77
112900037,572,349,223
112900038,950,62,888
112900039,2,88,-86
112900040,5,688,-683
112900041,571,915,-344
112900042,63,161,-98
112900043,40,51,-11
112900044,220,175,45
112900045,186,72,114
112900046,80,62,18
112900047,3,30,-27
112900049,544,46,498
112900050,39,342,-303
112900051,109,185,-76
112900052,1,319,-318
112900053,90,245,-155
112900054,134,73,61
112900055,68,57,11
112900056,407,301,106
112900057,93,201,-108
112900058,286,719,-433
112900059,116,1162,-1046
112900060,75,40,35
112900061,132,218,-86
112900062,93,60,33
112900063,12,21,-9
112900064,39,88,-49
112900065,13,31,-18
112900066,238,482,-244
112900067,485,46,439
112900068,40,138,-98
112900069,2274,1716,558
112900071,53,14,39
112900072,64,7283,-7219
112900073,418,353,65
112900074,183,575,-392
112900075,1016,2495,-1479
112900076,38,30,8
112900078,275,694,-419
112900079,427,8,419
112900080,229,2,227
112900081,43,553,-510
112900082,646,56,590
112900083,287,252,35
112900084,487,395,92
112900086,193,0,193
112900087,2231,206,2025
112900088,422,6,416
112900089,789,28,761
112900090,62,81,-19
112900091,546,18,528
112900092,42,1543,-1501
112900093,1535,54,1481
112900095,108,0,108
112900096,1034,220,814
112900097,97,129,-32
112900098,92,1,91
112900099,1643,17,1626
112900100,170,5,165
112900101,724,11,713
112900102,88,74,14
112900103,390,7,383
112900104,334,1,333
112900105,34,0,34
112900106,875,129,746
112900107,7,0,7
112900108,2,1,1
112900109,306,1,305
112900110,2249,33,2216
112900111,1318,6,1312
112900112,426,1,425
112900113,0,9,-9
112900114,738,13,725
112900115,2881,3,2878
112900116,158,32,126
112900117,66,12,54
112900118,9,72,-63
112900119,416,13,403
112900120,439,250,189
112900121,47,64,-17
112900122,4,89,-85
112900123,665,53,612
112900124,15,29,-14
112900125,11,221,-210
112900126,65,52,13
112900127,688,72,616
112900128,56,343,-287
112900129,2,480,-478
112900130,391,62,329
112900131,9,277,-268
112900132,92,324,-232
112900133,9,925,-916
112900134,0,456,-456
112900135,140,92,48
112900137,1,390,-389
112900138,10,63,-53
112900139,32,333,-301
112900141,949,29,920
112900142,82,585,-503
112900143,5,246,-241
112900144,3,271,-268
112900145,4,324,-320
112900146,1,254,-253
112900147,0,363,-363
112900148,69,2,67
112900149,192,290,-98
112900151,15,25,-10
112900152,2880,284,2596
112900153,167,7450,-7283
112900154,0,22,-22
112900155,220,16,204
112900156,1075,363,712
112900157,918,35,883
112900158,146,2,144
112900159,145,434,-289
112900160,62,237,-175
112900161,251,37,214
112900162,7,14,-7
112900163,26,79,-53
112900164,66,189,-123
112900165,20,92,-72
112900166,14,93,-79
112900167,0,289,-289
112900168,0,4,-4
112900169,7,42,-35
112900170,174,44,130
112900172,69,23,46
112900173,125,88,37
112900174,438,43,395
112900175,162,344,-182
112900176,8,49,-41
112900177,352,66,286
112900178,495,4627,-4132
112900179,16,333,-317
112900180,2622,1207,1415
112900181,1716,9,1707
112900182,90,282,-192
112900183,74,198,-124
112900184,398,377,21
112900185,69,612,-543
112900186,803,904,-101
112900187,23,339,-316
112900188,722,2606,-1884
112900189,12,12,0
112900190,6,39,-33
112900192,515,409,106
112900193,702,268,434
112900194,106,2,104
112900195,567,54,513
112900196,603,387,216
112900197,84,361,-277
112900199,1220,147,1073
112900200,680,38,642
112900201,158,190,-32
112900202,799,311,488
112900203,501,38,463
112900204,489,325,164
112900205,19,1,18
112900206,28,19,9
112900207,40,0,40
112900208,35,1242,-1207
112900209,104,150,-46
112900210,0,2,-2
112900211,50,2,48
112900212,0,30,-30
112900213,65,3,62
112900214,8,12,-4
112900215,13,35,-22
112900216,25,25,0
112900217,0,31,-31
112900218,189,16,173
112900219,232,3,229
112900220,2,0,2
112900221,50,66,-16
112900222,1,87,-86
112900223,1098,32,1066
112900224,973,169,804
112900225,916,136,780
112900226,241,245,-4
112900227,1655,173,1482
112900228,232,39,193
112900229,568,8,560
112900230,8631,2615,6016
112900232,493,295,198
112900233,133,128,5
112900234,63,3,60
112900235,25,6,19
112900236,1144,10,1134
112900237,714,125,589
112900238,13,0,13
112900239,539,833,-294
112900240,14,24,-10
112900241,17,24,-7
112900242,9,58,-49
112900243,22,37,-15
112900244,13,18,-5
112900245,5,16,-11
112900246,1,9,-8
112900247,34,13,21
112900248,0,0,0
112900249,12,0,12
112900250,76,12,64
112900251,233,4,229
112900252,200,0,200
112900253,120,5,115
112900254,66,2,64
112900255,5,20,-15
112900256,1,36,-35
112900257,3,40,-37
112900258,14,0,14
113000001,6768,5007,1761
113000002,8672,4321,4351
113000003,3567,2127,1440
113000004,3732,2073,1659
113000005,3327,2090,1237
113000006,1939,1987,-48
113000007,4367,1931,2436
113000008,3380,2434,946
113000009,2257,752,1505
113000010,2632,1497,1135
113000011,2071,1041,1030
113000012,1593,780,813
113000013,731,513,218
113000014,1342,1733,-391
113000015,151,171,-20
113000016,264,469,-205
113000017,54,679,-625
113000018,558,54,504
113000019,68,384,-316
113000020,262,109,153
113000021,2126,1138,988
113000022,1339,5297,-3958
113000025,185,357,-172
113000026,810,833,-23
113000027,712,1442,-730
113000028,445,2377,-1932
113000029,951,718,233
113000030,163,511,-348
113000031,161,248,-87
113000032,214,396,-182
113000033,283,418,-135
113000034,249,157,92
113000035,16,23,-7
113000036,12,122,-110
113000037,36,25,11
113000038,12,57,-45
113000039,49,384,-335
113000040,76,137,-61
113000042,1082,820,262
113000051,3204,4042,-838
113000052,3608,491,3117
113000053,1020,494,526
113000054,1299,1349,-50
113000055,3234,548,2686
113000056,3196,1279,1917
113000058,521,1375,-854
113000059,1016,330,686
113000060,627,776,-149
113000061,917,946,-29
113000062,633,428,205
113000063,625,57,568
113000064,176,173,3
113000065,236,481,-245
113000066,1557,197,1360
113000067,4326,763,3563
113000068,603,414,189
113000069,897,475,422
113000070,3301,592,2709
113000071,988,343,645
113000072,1636,390,1246
113000073,555,1406,-851
113000074,1083,513,570
113000075,2123,844,1279
113000076,497,4579,-4082
113000077,763,749,14
113000078,431,1615,-1184
113000079,442,1290,-848
113000080,654,971,-317
113000081,1055,1124,-69
113000082,1111,659,452
113000083,788,1259,-471
113000084,2116,863,1253
113000085,1134,886,248
113000086,898,1835,-937
113000087,1327,1885,-558
113000088,2705,1806,899
113000089,746,2014,-1268
113000090,155,972,-817
113000091,269,552,-283
113000094,1799,613,1186
113000095,371,978,-607
113000096,182,1298,-1116
113000097,1787,591,1196
113000098,92,65,27
113000099,1351,502,849
113000100,178,610,-432
113000101,149,982,-833
113000102,908,751,157
113000103,6523,431,6092
113000104,908,4459,-3551
113000105,1336,723,613
113000106,1085,304,781
113000107,1843,1382,461
113000108,1597,1063,534
113000109,691,1652,-961
113000110,10840,1412,9428
113000111,558,488,70
113000112,1388,455,933
113000113,3523,448,3075
113000114,338,1074,-736
113000116,486,386,100
113000117,763,120,643
113000118,25,1069,-1044
113000119,348,314,34
113000120,81,521,-440
113000121,342,912,-570
113000124,621,346,275
113000125,27,1597,-1570
113000127,1966,170,1796
113000128,1932,274,1658
113000129,347,784,-437
113000133,3898,565,3333
113000134,18,2049,-2031
113000135,5939,5729,210
113000137,977,3224,-2247
113000139,259,156,103
113000140,66,95,-29
113000141,68,58,10
113000142,87,418,-331
113000143,304,124,180
113000144,223,231,-8
113000145,112,137,-25
113000146,129,41,88
113000147,202,36,166
113000148,309,122,187
113000149,217,197,20
113000150,425,409,16
113000151,40,17,23
113000152,75,278,-203
113000153,888,140,748
113000154,547,2348,-1801
113000155,476,910,-434
113000156,186,178,8
113000157,284,337,-53
113000158,660,148,512
113000159,1194,233,961
113000160,570,290,280
113000161,484,159,325
113000162,1117,106,1011
113000163,241,15,226
113000164,61,24,37
113000166,324,129,195
113000167,155,73,82
113000168,259,76,183
113000169,347,69,278
113000170,100,97,3
113000171,39,88,-49
113000172,437,35,402
113000173,135,16,119
113000174,322,168,154
113000175,834,81,753
113000176,789,67,722
113000177,287,77,210
113000178,171,203,-32
113000179,394,101,293
113000180,737,2080,-1343
113000181,1721,1060,661
113000182,158,791,-633
113000183,319,803,-484
113000184,24,58,-34
113000189,243,615,-372
113000190,189,187,2
113000192,394,6959,-6565
113000193,1543,4554,-3011
113000194,1155,6393,-5238
113000195,1219,4204,-2985
113000196,544,153,391
113000197,1441,4870,-3429
113000198,151,397,-246
113000199,2648,323,2325
113000201,1021,806,215
113000202,21170,4237,16933
113000203,76,990,-914
113000204,402,8245,-7843
113000205,26,18,8
113000206,0,46,-46
113000207,43,25,18
113000208,30,106,-76
113000209,5,26,-21
113000210,3,36,-33
113000211,78,407,-329
113000212,28,55,-27
113000213,24,101,-77
113000214,259,519,-260
113000234,369,738,-369
113000410,39,148,-109
113000411,1407,2069,-662
113000412,8929,1387,7542
113000413,993,2714,-1721
113000414,4624,14249,-9625
113000415,2369,1349,1020
113000416,2105,2108,-3
113000417,846,1301,-455
113000418,7373,4185,3188
113000419,2136,1905,231
113000420,3295,5762,-2467
113000421,6233,7679,-1446
113000422,9244,10286,-1042
113000423,1147,5850,-4703
113000424,2081,14042,-11961
113000425,56,110,-54
113000428,85,41,44
113000430,3,174,-171
113000432,3665,200,3465
113000433,89,1001,-912
113000434,29,97,-68
113000435,17,93,-76
113000436,20,913,-893
113000437,2166,90,2076
113000438,672,52,620
113000439,62,56,6
113000440,230,80,150
113000441,325,242,83
113000442,482,28,454
113000443,500,115,385
113000444,692,34,658
113000445,142,69,73
113000446,122,175,-53
113000448,1377,474,903
113000449,283,1450,-1167
113000450,2216,4555,-2339
113000451,4990,837,4153
113000452,113,931,-818
113000453,50,1245,-1195
113000454,371,436,-65
113000455,30,2810,-2780
113000456,1857,2234,-377
113000468,950,74,876
113000469,31,99,-68
113000470,1032,12,1020
113000471,28,595,-567
113000472,78,264,-186
113000474,2342,1072,1270
113000475,1730,986,744
113000476,4787,2782,2005
113000477,6854,2494,4360
113000478,2951,2883,68
113000479,324,153,171
113000484,0,0,0
113000485,0,0,0
113000486,0,0,0
113000487,0,0,0
113000488,0,0,0
113000489,0,0,0
113000490,0,0,0
113000491,0,0,0
113000492,0,0,0
113000493,0,0,0
113000495,508,116,392
113000496,257,140,117
113000499,0,0,0
113900001,35,3524,-3489
113900002,32,218,-186
113900003,9,553,-544
113900004,3,647,-644
113900005,9,1159,-1150
113900006,2,130,-128
113900007,62,228,-166
113900008,72,2,70
113900009,150,0,150
113900010,109,3,106
113900011,523,1,522
113900012,121,2,119
113900013,134,9,125
113900014,1186,12,1174
113900015,0,44,-44
113900016,29,0,29
113900017,3,37,-34
113900018,103,236,-133
113900019,260,24,236
113900020,242,8,234
113900022,146,3,143
113900023,50,0,50
113900024,78,69,9
113900025,254,11,243
113900026,90,0,90
113900027,8,74,-66
113900028,41,165,-124
113900029,223,105,118
113900030,664,9,655
113900031,32,0,32
113900032,58,1,57
113900033,71,57,14
113900035,54,0,54
113900036,92,89,3
113900037,254,272,-18
113900038,26,220,-194
113900039,406,10,396
113900040,11,18,-7
113900041,19,0,19
113900042,155,24,131
113900043,274,54,220
113900044,95,288,-193
113900045,114,4,110
113900046,186,1492,-1306
113900047,234,51,183
113900048,243,145,98
113900049,109,534,-425
113900050,348,466,-118
113900051,310,126,184
113900052,77,29,48
113900053,412,1140,-728
113900054,41,1,40
113900055,100,443,-343
113900056,127,52,75
113900057,9,50,-41
113900058,133,46,87
113900059,540,193,347
113900060,35,138,-103
113900061,744,109,635
113900062,114,50,64
113900063,221,24,197
113900064,35,32,3
113900065,784,31,753
113900066,1293,146,1147
113900067,428,140,288
113900068,421,1251,-830
113900069,79,20,59
113900070,110,289,-179
113900071,202,19,183
113900072,45,33,12
113900073,825,370,455
113900074,389,279,110
113900075,1178,3542,-2364
113900076,157,8,149
113900077,77,54,23
113900078,49,4,45
113900079,0,37,-37
113900080,641,157,484
113900081,171,56,115
113900082,377,300,77
113900083,545,107,438
113900084,201,110,91
113900085,36,115,-79
113900086,134,38,96
113900087,118,51,67
113900088,166,122,44
113900089,539,18,521
113900090,568,330,238
113900091,6,12,-6
113900092,8,91,-83
113900093,48,2432,-2384
113900094,987,273,714
113900095,160,280,-120
113900096,343,118,225
113900097,65,227,-162
113900098,1099,335,764
113900099,1,17,-16
113900100,0,3,-3
113900101,8,75,-67
113900102,86,199,-113
113900103,155,531,-376
113900104,197,411,-214
113900105,460,12,448
113900106,1,17,-16
113900107,0,2,-2
113900108,32,334,-302
113900109,177,377,-200
113900110,30,23,7
113900111,288,78,210
113900112,358,50,308
113900113,1462,377,1085
113900114,0,7,-7
113900115,0,4,-4
113900116,18,260,-242
113900117,20,47,-27
113900118,83,975,-892
113900119,52,310,-258
113900120,110,56,54
113900121,207,77,130
113900122,375,5384,-5009
113900123,709,184,525
113900124,1,105,-104
113900125,1350,191,1159
113900126,73,42,31
113900127,417,764,-347
113900128,393,84,309
113900129,4,263,-259
113900130,3,124,-121
113900131,284,59,225
113900132,86,105,-19
113900133,16,21,-5
113900135,423,598,-175
113900136,65,28,37
113900137,332,357,-25
113900138,14,133,-119
113900139,423,438,-15
113900140,32,184,-152
113900141,958,164,794
113900142,73,25,48
113900143,16,59,-43
113900144,48,214,-166
113900145,385,207,178
113900146,389,28,361
113900148,32,311,-279
113900149,231,264,-33
113900150,217,95,122
113900151,464,176,288
113900152,39,77,-38
113900153,58,343,-285
113900154,2,155,-153
113900155,31,194,-163
113900156,475,178,297
113900157,57,606,-549
113900158,64,319,-255
113900159,4,188,-184
113900160,376,401,-25
113900161,120,297,-177
113900162,93,345,-252
113900163,276,130,146
113900164,608,36,572
113900165,461,520,-59
113900166,22,33,-11
113900167,441,17,424
113900168,46,48,-2
113900169,264,276,-12
113900171,344,36,308
113900172,3,118,-115
113900173,7,220,-213
113900174,596,447,149
113900175,274,121,153
113900176,259,200,59
113900177,239,143,96
113900178,280,237,43
113900179,11,195,-184
113900180,151,77,74
113900181,1321,196,1125
113900182,767,395,372
113900183,94,48,46
113900184,37,341,-304
113900185,85,53,32
113900186,20,11,9
113900187,21,80,-59
113900188,24,73,-49
113900189,408,227,181
113900190,160,91,69
113900191,30,87,-57
113900192,0,783,-783
113900193,1,142,-141
113900194,1261,360,901
113900195,282,169,113
113900196,2,231,-229
113900197,0,51,-51
113900198,14,835,-821
113900199,16,225,-209
113900200,0,133,-133
113900201,0,56,-56
113900202,26,40,-14
113900203,0,28,-28
113900204,10,323,-313
113900205,1,21,-20
113900206,2,51,-49
113900207,0,16,-16
113900208,0,10,-10
113900209,0,16,-16
113900210,1236,813,423
113900211,147,29,118
113900212,370,273,97
113900214,206,457,-251
113900215,126,166,-40
113900216,256,243,13
113900217,238,73,165
113900218,77,68,9
113900219,160,877,-717
113900220,137,249,-112
113900221,119,512,-393
113900222,201,1035,-834
113900223,297,142,155
113900224,91,46,45
113900225,476,72,404
113900226,341,115,226
113900227,204,276,-72
113900228,189,671,-482
113900229,68,1611,-1543
113900230,1595,3646,-2051
113900231,167,98,69
113900232,161,27,134
113900233,122,29,93
113900234,490,416,74
113900235,143,22,121
113900236,332,83,249
113900237,315,14,301
113900238,131,714,-583
113900239,86,159,-73
113900240,2,188,-186
113900241,38,119,-81
113900242,26,276,-250
113900243,30,119,-89
113900244,117,151,-34
113900245,397,287,110
113900246,35,31,4
113900247,78,680,-602
113900248,2150,2376,-226
113900249,318,644,-326
113900250,27,887,-860
113900251,1514,49,1465
113900252,1385,34,1351
113900253,1024,38,986
113900254,656,171,485
113900255,1224,13,1211
113900256,735,17,718
113900257,21,354,-333
113900258,21,169,-148
113900259,1137,61,1076
113900260,504,15,489
113900261,14,43,-29
113900262,213,176,37
113900263,8,224,-216
113900264,0,143,-143
113900265,102,254,-152
113900266,21,147,-126
113900267,39,843,-804
113900268,224,462,-238
113900269,216,134,82
113900270,257,332,-75
113900271,592,342,250
113900273,9,26,-17
113900274,77,104,-27
113900275,10,218,-208
113900276,6,99,-93
113900277,332,4,328
113900278,93,98,-5
113900279,72,46,26
113900280,922,668,254
113900281,125,1150,-1025
113900282,210,261,-51
113900283,426,667,-241
113900284,1697,203,1494
113900285,81,10,71
113900286,47,27,20
113900287,176,27,149
113900288,1,196,-195
113900289,202,231,-29
113900290,548,694,-146
113900291,77,73,4
113900292,3,6,-3
113900293,3,323,-320
113900294,1130,26,1104
113900295,395,248,147
113900296,2311,291,2020
113900297,2636,43,2593
113900298,48,2150,-2102
113900299,209,7,202
113900300,4754,5491,-737
113900301,437,1007,-570
113900302,1197,1131,66
113900303,145,1740,-1595
113900304,0,169,-169
113900305,269,2,267
113900306,171,0,171
113900307,1,0,1
113900308,54,75,-21
113900309,2,332,-330
113900310,0,2,-2
113900311,15,0,15
113900312,175,236,-61
113900313,10,0,10
114000001,1072,1499,-427
114000002,606,194,412
114000003,192,205,-13
114000004,860,609,251
114000005,562,145,417
114000006,1394,1469,-75
114000007,878,1027,-149
114000008,1943,1866,77
114000009,1728,382,1346
114000011,3760,1917,1843
114000012,5727,1596,4131
114000013,2940,1262,1678
114000014,729,111,618
114000015,2976,166,2810
114000016,581,80,501
114000017,146,1130,-984
114000018,63,67,-4
114000026,4040,1279,2761
114000027,4991,2843,2148
114000028,2338,5178,-2840
114000038,379,122,257
114000039,31,20,11
114000040,171,571,-400
114000042,280,273,7
114000043,55,32,23
114000044,529,33,496
114000045,24,40,-16
114000046,1618,4109,-2491
114000047,19,177,-158
114000048,131,49,82
114000049,2174,1528,646
114000050,2333,1811,522
114000051,3745,2163,1582
114000052,4008,2942,1066
114000053,28,723,-695
114000054,269,769,-500
114000055,688,48,640
114000056,141,1217,-1076
114000057,3695,1633,2062
114000058,83,1415,-1332
114000059,86,1525,-1439
114000060,599,1092,-493
114000061,2565,3549,-984
114000062,312,1296,-984
114000063,1072,1117,-45
114000064,1503,5452,-3949
114000065,1118,1871,-753
114000066,801,1160,-359
114000067,27,1650,-1623
114000068,329,1011,-682
114000069,947,650,297
114000070,3220,1834,1386
114000071,1103,847,256
114000072,1002,192,810
114000073,19,9,10
114000074,130,19,111
114000075,101,53,48
114000076,19,42,-23
114000077,3,2,1
114000078,570,461,109
114000079,450,23,427
114000080,52,105,-53
114000081,102,111,-9
114000082,38,321,-283
114000083,125,47,78
114000084,233,120,113
114000085,71,264,-193
114000086,287,154,133
114000087,330,43,287
114000088,64,25,39
114000089,447,178,269
114000090,963,1634,-671
114000091,1050,1221,-171
114000092,525,554,-29
114000093,1603,561,1042
114000094,777,457,320
114000095,373,177,196
114000096,47,290,-243
114000097,121,202,-81
114000098,574,210,364
114000099,1353,127,1226
114000100,1874,403,1471
114000101,616,225,391
114000102,829,367,462
114000103,135,120,15
114000104,41,141,-100
114000105,389,186,203
114000106,785,3039,-2254
114000107,711,140,571
114000108,1069,582,487
114000109,1190,3965,-2775
114000110,491,729,-238
114000111,3301,1939,1362
114000112,351,1181,-830
114000113,2434,379,2055
114000114,346,900,-554
114000115,3243,672,2571
114000116,1292,7541,-6249
114000117,6900,904,5996
114000118,5995,457,5538
114000119,4825,517,4308
114000120,936,881,55
114000121,773,604,169
114000122,558,499,59
114000123,3548,583,2965
114000124,2389,668,1721
114000125,1413,1368,45
114000126,3130,387,2743
114000127,268,107,161
114000128,1429,235,1194
114000130,1022,635,387
114000131,670,118,552
114000132,713,254,459
114000133,552,983,-431
114000134,97,29,68
114000138,41,95,-54
114000139,487,781,-294
114000144,777,810,-33
114000145,35,18,17
114000146,124,29,95
114000147,1418,2889,-1471
114000148,847,2572,-1725
114000149,412,594,-182
114000150,192,623,-431
114000151,578,2806,-2228
114000152,139,61,78
114000153,563,3229,-2666
114000154,588,862,-274
114000155,1038,4909,-3871
114000156,851,1258,-407
114000157,482,2562,-2080
114000158,1405,614,791
114000159,151,443,-292
114000160,101,1015,-914
114000161,1095,2401,-1306
114000162,1754,2747,-993
114000163,6,52,-46
114000165,556,580,-24
114000166,441,642,-201
114000167,2704,1244,1460
114000168,418,171,247
114000169,1239,1213,26
114000170,1328,1028,300
114000171,1861,19461,-17600
114000174,208,284,-76
114000176,208,516,-308
114000177,780,404,376
114000178,115,45,70
114000179,994,1457,-463
114000180,179,222,-43
114000181,1396,10992,-9596
114000182,1031,2675,-1644
114000183,711,652,59
114000184,3014,526,2488
114000185,1774,1003,771
114000189,2444,147,2297
114000190,5417,422,4995
114000191,123,611,-488
114000192,170,830,-660
114000193,221,1013,-792
114000194,2199,958,1241
114000195,306,376,-70
114000196,0,141,-141
114000197,3445,67,3378
114000198,698,417,281
114000199,1525,1565,-40
114000200,599,1158,-559
114000201,233,993,-760
114000202,1176,806,370
114000203,1059,879,180
114000204,129,722,-593
114000205,340,1115,-775
114000206,887,1675,-788
114000207,576,1061,-485
114000208,521,1168,-647
114000209,361,1687,-1326
114000210,239,810,-571
114000211,1580,1620,-40
114000212,893,1326,-433
114000213,2042,366,1676
114000214,69,142,-73
114000215,174,178,-4
114000216,2691,383,2308
114000217,477,186,291
114000218,613,100,513
114000219,2698,160,2538
114000220,39,841,-802
114000221,1759,190,1569
114000222,181,709,-528
114000223,1055,164,891
114000224,61,432,-371
114000225,548,308,240
114000226,285,212,73
114000227,1015,576,439
114000228,1222,588,634
114000229,2372,1357,1015
114000230,2047,987,1060
114000231,1386,1663,-277
114000232,1704,207,1497
114000233,3849,65,3784
114000234,1791,874,917
114000235,2262,1739,523
114000236,0,463,-463
114000237,279,688,-409
114000238,217,584,-367
114000239,159,1001,-842
114000240,1047,1749,-702
114000241,468,1035,-567
114000242,905,918,-13
114000243,3574,1246,2328
114000244,1056,478,578
114000245,733,1288,-555
114000246,227,52,175
114000247,725,764,-39
114000248,2837,718,2119
114000249,667,620,47
114000250,1155,318,837
114000251,380,270,110
114000252,90,19,71
114000253,31,85,-54
114000254,88,12,76
114000255,852,258,594
114000256,357,2046,-1689
114000257,574,874,-300
114000258,857,290,567
114000259,242,654,-412
114000260,1,42,-41
114000261,57,55,2
114000262,397,115,282
114000263,28,0,28
114000264,1995,507,1488
114000265,0,0,0
114000267,2,2990,-2988
114000268,1,832,-831
114000270,571,17,554
114000271,456,89,367
114000283,2574,352,2222
114000285,47,96,-49
114000288,233,379,-146
114000289,2667,175,2492
114000293,405,667,-262
114000294,473,445,28
114000395,2233,20,2213
114000396,825,613,212
114000402,1576,220,1356
114000403,487,174,313
114000405,442,234,208
114000423,605,176,429
114000424,662,282,380
114000425,1696,117,1579
114000426,457,1198,-741
114000427,94,44,50
114000428,79,117,-38
114000429,11,131,-120
114000432,286,78,208
114000434,30,47,-17
114000435,0,56,-56
114900001,981,213,768
114900002,334,65,269
114900003,1220,292,928
114900004,251,586,-335
114900005,745,205,540
114900006,105,87,18
114900007,274,12,262
114900008,535,98,437
114900010,1035,2324,-1289
114900011,477,111,366
114900013,370,168,202
114900015,113,1324,-1211
114900018,1087,44,1043
114900020,150,54,96
114900022,14,603,-589
114900024,189,111,78
114900025,662,87,575
114900026,190,103,87
114900027,128,179,-51
114900029,229,48,181
114900030,300,236,64
114900031,1002,35,967
114900032,754,11,743
114900033,665,2790,-2125
114900034,29,40,-11
114900035,104,460,-356
114900036,345,293,52
114900037,110,77,33
114900038,471,359,112
114900039,914,125,789
114900040,217,25,192
114900041,1773,140,1633
114900042,2467,158,2309
114900043,403,155,248
114900044,237,58,179
114900046,37,16,21
114900047,219,5272,-5053
114900048,4,117,-113
114900049,17,90,-73
114900050,118,83,35
114900051,17,95,-78
114900052,14,147,-133
114900053,38,249,-211
114900054,17,53,-36
114900057,218,19,199
114900058,0,39,-39
114900059,164,91,73
114900060,212,669,-457
114900061,98,49,49
114900062,131,405,-274
114900063,114,68,46
114900064,2763,173,2590
114900065,386,1129,-743
114900067,27,231,-204
114900068,7,83,-76
114900069,180,17,163
114900070,777,149,628
114900072,0,177,-177
114900073,2,33,-31
114900074,1430,225,1205
114900075,237,6,231
114900076,4,113,-109
114900080,733,108,625
114900082,2044,3448,-1404
114900083,292,673,-381
114900090,915,153,762
114900091,107,96,11
114900095,243,96,147
114900096,148,366,-218
114900097,233,2,231
114900098,4,300,-296
114900099,292,14,278
115000001,5808,3392,2416
115000002,6530,7869,-1339
115000003,5166,2850,2316
115000004,6442,8915,-2473
115000005,2739,3521,-782
115000006,2495,2825,-330
115000007,879,405,474
115000008,755,1130,-375
115000009,853,503,350
115000010,408,466,-58
115000013,31,174,-143
115000015,69,430,-361
115000016,48,309,-261
115000019,40,856,-816
115000020,267,1341,-1074
115000021,251,500,-249
115000022,452,208,244
115000023,482,448,34
115000024,631,236,395
115000025,1078,665,413
115000026,196,192,4
115000027,547,267,280
115000028,145,339,-194
115000029,1482,118,1364
115000030,471,790,-319
115000031,876,150,726
115000032,11,182,-171
115000033,235,13,222
115000034,120,1185,-1065
115000035,1038,145,893
115000036,1,390,-389
115000037,790,67,723
115000038,76,224,-148
115000039,3540,5182,-1642
115000040,4803,3237,1566
115000041,2927,6123,-3196
115000042,562,745,-183
115000043,4712,3530,1182
115000044,3385,3723,-338
115000045,3928,1263,2665
115000046,4557,3985,572
115000047,4422,2540,1882
115000048,3872,2444,1428
115000049,1333,4110,-2777
115000050,4333,1602,2731
115000051,2378,7344,-4966
115000052,1503,1001,502
115000053,3784,3694,90
115000054,636,1035,-399
115000055,167,1628,-1461
115000056,126,402,-276
115000057,774,2193,-1419
115000058,62,649,-587
115000059,168,519,-351
115000061,245,450,-205
115000062,412,665,-253
115000063,834,572,262
115000064,395,126,269
115000065,149,588,-439
115000067,584,61,523
115000069,189,277,-88
115000070,43,1544,-1501
115000071,127,24,103
115000072,8,67,-59
115000073,2157,103,2054
115000075,108,56,52
115000076,2604,2404,200
115000077,2978,1416,1562
115000078,2827,1036,1791
115000079,2784,1094,1690
115000080,6124,1232,4892
115000081,334,422,-88
115000082,9139,6913,2226
115000083,3118,1005,2113
115000084,4562,976,3586
115000085,2069,886,1183
115000086,1772,1244,528
115000087,623,2462,-1839
115000088,1950,973,977
115000089,1794,1109,685
115000090,522,1044,-522
115000091,431,555,-124
115000092,1428,1524,-96
115000093,1066,8,1058
115000094,5395,10825,-5430
115000095,4389,11909,-7520
115000096,1710,931,779
115000097,3257,2447,810
115000098,2966,627,2339
115000099,3711,1558,2153
115000100,2762,366,2396
115000101,877,1228,-351
115000102,747,213,534
115000103,538,487,51
115000105,163,140,23
115000106,1588,786,802
115000107,272,315,-43
115000108,2311,1750,561
115000109,3824,6518,-2694
115000110,1816,2422,-606
115000111,463,948,-485
115000112,765,647,118
115000113,486,501,-15
115000114,964,403,561
115000116,2461,1669,792
115000117,1870,2623,-753
115000118,2418,1907,511
115000119,1658,2171,-513
115000120,820,1458,-638
115000121,721,620,101
115000122,705,1925,-1220
115000123,1856,2177,-321
115000124,1114,1602,-488
115000125,503,2269,-1766
115000126,148,798,-650
115000127,572,223,349
115000128,442,1444,-1002
115000129,255,958,-703
115000130,625,550,75
115000131,990,262,728
115000132,713,404,309
115000133,1320,183,1137
115000134,382,670,-288
115000135,166,174,-8
115000136,368,511,-143
115000137,92,392,-300
115000138,426,261,165
115000139,366,253,113
115000140,707,308,399
115000141,314,85,229
115000142,426,100,326
115000143,1462,1372,90
115000144,697,83,614
115000145,404,299,105
115000146,670,1235,-565
115000147,543,813,-270
115000148,540,858,-318
115000149,1094,341,753
115000150,794,685,109
115000151,2020,367,1653
115000152,1059,1796,-737
115000153,2221,519,1702
115000154,1535,207,1328
115000155,952,1773,-821
115000156,1049,1136,-87
115000157,283,2459,-2176
115000158,249,895,-646
115000159,766,1193,-427
115000160,603,564,39
115000161,129,474,-345
115000162,547,1253,-706
115000163,644,818,-174
115000164,580,1069,-489
115000165,182,937,-755
115000167,124,321,-197
115000168,538,1213,-675
115000169,279,1545,-1266
115000170,73,309,-236
115000171,273,765,-492
115000172,975,1078,-103
115000173,537,1387,-850
115000174,76,934,-858
115000175,189,262,-73
115000176,72,156,-84
115000177,31,269,-238
115000178,13,246,-233
115000179,25,145,-120
115000180,126,302,-176
115000181,1133,212,921
115000182,2210,410,1800
115000183,587,562,25
115000186,994,156,838
115000187,219,450,-231
115000188,809,543,266
115000189,470,400,70
115000190,1185,777,408
115000191,352,681,-329
115000194,103,134,-31
115000195,207,482,-275
115000196,369,114,255
115000197,423,159,264
115000198,966,167,799
115000199,983,125,858
115000200,698,266,432
115000201,329,209,120
115000206,606,30,576
115000207,554,315,239
115000208,494,797,-303
115000209,1058,666,392
115000210,282,199,83
115000211,470,298,172
115000212,1657,421,1236
115000224,246,130,116
115000225,163,72,91
115000229,352,89,263
115000230,157,493,-336
115000231,427,1310,-883
115000232,4336,428,3908
115000233,71,306,-235
115000234,22,417,-395
115000241,183,267,-84
115000242,353,60,293
115000243,237,80,157
115000244,23,480,-457
115000246,132,30,102
115000247,49,47,2
115000248,136,36,100
115000249,22,18,4
115000250,352,47,305
115000251,648,139,509
115000252,213,417,-204
115000253,28,722,-694
115000258,780,98,682
115000259,439,171,268
115000261,51,28,23
115000262,15,71,-56
115000263,11,45,-34
115000264,15,16,-1
115000267,54,69,-15
115000268,46,102,-56
115000269,117,44,73
115000270,7,19,-12
115000272,123,112,11
115000273,777,19,758
115000280,1364,359,1005
115000281,216,797,-581
115000282,602,1248,-646
115000284,181,402,-221
115000296,481,10,471
115000297,121,402,-281
115000298,35,705,-670
115000300,245,114,131
115000302,1209,165,1044
115000303,1782,70,1712
115000304,1474,133,1341
115000305,132,479,-347
115000306,350,273,77
115000307,187,263,-76
115000308,31,37,-6
115000309,70,136,-66
115000310,3057,543,2514
115000311,2176,1225,951
115000313,196,387,-191
115000314,873,348,525
115000315,1567,1455,112
115000316,177,210,-33
115000317,340,547,-207
115000318,1144,479,665
115000319,200,163,37
115000320,45,577,-532
115000321,545,24,521
115000322,93,118,-25
115000449,161,221,-60
115000557,4,3302,-3298
115000558,173,370,-197
115000587,1204,343,861
115000588,2773,3451,-678
115000589,6759,4023,2736
115000590,1148,2457,-1309
115000591,1760,1408,352
115000592,556,2597,-2041
115000593,2001,1708,293
115000594,268,3493,-3225
115000609,456,311,145
115000617,630,3076,-2446
115000624,527,41,486
115000633,387,1524,-1137
115000634,4366,921,3445
115000635,1017,216,801
115000638,403,309,94
115000641,44,571,-527
115000642,393,217,176
115000643,101,340,-239
115000644,144,356,-212
115000646,742,1273,-531
115000647,203,599,-396
115000648,5176,1108,4068
115000893,2964,1519,1445
115000894,135,998,-863
115000895,324,1790,-1466
115000896,1761,848,913
115000897,424,178,246
115000898,565,405,160
115000899,259,1927,-1668
115000900,68,987,-919
115000901,74,250,-176
115000912,656,71,585
115000913,3,10,-7
115000915,22,0,22
115000916,1,0,1
115000917,0,31,-31
115000918,48,778,-730
115000919,3,59,-56
115000920,8,160,-152
115000921,459,188,271
115000922,662,1522,-860
115000923,83,3339,-3256
115000925,188,187,1
115000927,95,111,-16
115000933,60,834,-774
115000934,116,152,-36
115000935,268,81,187
115000936,109,1387,-1278
115000937,1874,613,1261
115000938,27,387,-360
115000939,23,263,-240
115000940,1,94,-93
115000941,1,101,-100
115000942,8,269,-261
115000943,2,346,-344
115000944,1,8,-7
115900001,370,15,355
115900002,123,114,9
115900003,265,78,187
115900004,0,31,-31
115900005,401,18,383
115900006,167,194,-27
115900008,274,0,274
115900009,55,496,-441
115900010,674,111,563
115900011,445,272,173
115900012,428,15,413
115900013,369,160,209
115900014,250,136,114
115900015,425,53,372
115900016,170,60,110
115900017,66,10,56
115900018,250,24,226
115900019,39,27,12
115900020,120,0,120
115900021,678,519,159
115900022,1132,6,1126
115900023,2,21,-19
115900025,28,270,-242
115900026,654,138,516
115900027,0,161,-161
115900028,233,27,206
115900029,29,159,-130
115900030,36,51,-15
115900031,72,397,-325
115900032,391,1022,-631
115900033,3,73,-70
115900034,6,137,-131
115900035,55,47,8
115900036,56,4789,-4733
115900037,42,141,-99
115900038,128,27,101
115900039,305,74,231
115900041,139,1406,-1267
115900042,66,3,63
115900043,210,42,168
115900044,167,586,-419
115900046,1160,92,1068
115900047,85,235,-150
115900049,240,116,124
115900051,5,61,-56
115900052,55,83,-28
115900053,452,73,379
115900054,586,6,580
115900055,20,60,-40
115900056,277,112,165
115900057,26,24,2
115900058,9,26,-17
115900060,84,99,-15
115900061,504,4,500
115900062,48,79,-31
115900063,49,0,49
115900064,363,322,41
115900065,295,74,221
115900066,40,41,-1
115900067,13,70,-57
115900068,928,2237,-1309
115900069,50,218,-168
115900070,341,45,296
115900071,0,130,-130
115900072,17,82,-65
115900073,295,144,151
115900074,0,61,-61
115900075,35,201,-166
115900076,7,31,-24
115900077,2,52,-50
115900078,49,204,-155
115900079,542,16,526
115900080,232,90,142
115900081,56,16,40
115900082,150,235,-85
115900084,910,11,899
115900085,48,113,-65
115900086,1271,341,930
115900088,0,102,-102
115900089,711,273,438
115900090,962,20,942
115900091,7,21,-14
115900092,111,38,73
115900093,4,19,-15
115900094,7,40,-33
115900096,7,3,4
115900097,30,63,-33
115900098,615,230,385
115900099,110,126,-16
115900100,44,181,-137
115900101,587,118,469
115900102,170,67,103
115900103,466,76,390
115900104,134,65,69
115900105,318,200,118
115900106,175,6,169
115900107,123,60,63
115900108,322,14,308
115900109,10,257,-247
115900110,50,0,50
115900111,1,61,-60
115900112,40,425,-385
115900113,115,52,63
115900114,2,53,-51
115900115,101,103,-2
115900116,138,504,-366
115900117,294,11,283
115900118,1,57,-56
115900119,175,72,103
115900120,36,189,-153
115900121,446,121,325
115900124,231,1215,-984
115900125,968,70,898
115900126,1496,36,1460
115900127,1520,53,1467
115900128,3,273,-270
115900129,720,35,685
115900130,19,1358,-1339
115900131,544,35,509
115900132,1153,12,1141
115900134,553,17,536
115900135,1231,895,336
115900137,31,12,19
115900139,28,129,-101
115900140,666,31,635
115900141,0,109,-109
115900142,9,80,-71
115900143,394,317,77
115900144,414,186,228
115900146,18,110,-92
115900147,334,394,-60
115900148,48,23,25
115900149,388,21,367
115900150,181,14,167
115900151,200,79,121
115900152,373,198,175
115900153,395,99,296
115900154,515,566,-51
115900155,0,24,-24
115900156,1129,1070,59
115900157,476,725,-249
115900158,17,7,10
115900159,354,259,95
115900160,4,10,-6
115900161,27,121,-94
115900163,490,109,381
115900164,1404,12,1392
115900166,122,121,1
115900168,536,153,383
115900171,143,272,-129
115900172,116,187,-71
115900173,346,141,205
115900174,171,420,-249
115900175,304,122,182
115900178,21,104,-83
115900179,624,18,606
115900180,208,80,128
115900181,540,76,464
115900182,1117,34,1083
115900183,10,138,-128
115900184,656,42,614
115900187,17,434,-417
115900189,1,257,-256
115900190,136,1756,-1620
115900191,22,225,-203
115900192,70,184,-114
115900193,118,107,11
115900194,1604,125,1479
115900195,588,4638,-4050
115900198,303,265,38
115900199,587,42,545
115900200,383,111,272
115900201,181,486,-305
115900202,0,253,-253
115900203,1,8,-7
115900204,0,28,-28
115900205,19,3,16
115900206,610,135,475
115900207,140,9,131
115900208,187,75,112
115900209,10,125,-115
115900210,1,226,-225
115900211,2,159,-157
115900212,347,181,166
115900213,83,221,-138
115900214,1211,58,1153
115900215,38,394,-356
115900216,4,55,-51
115900217,4,10,-6
115900218,2,25,-23
115900219,354,5,349
115900220,581,6,575
115900221,158,6,152
115900222,110,43,67
115900223,9,695,-686
115900224,668,3080,-2412
115900225,110,28,82
115900226,41,66,-25
115900227,12,80,-68
115900228,11,86,-75
115900229,7,78,-71
115900230,50,63,-13
115900231,268,11,257
115900232,166,4,162
115900233,166,7,159
115900234,123,64,59
115900235,76,49,27
115900236,23,153,-130
115900237,35,26,9
115900238,19,45,-26
115900239,19,85,-66
115900240,20,45,-25
115900241,442,22,420
115900242,556,751,-195
115900243,13,32,-19
115900244,28,26,2
115900245,125,20,105
115900246,3,7,-4
115900247,5,3,2
115900248,12,1,11
115900249,8,3,5
115900250,31,0,31
115900251,17,2,15
115900252,36,0,36
115900253,42,6,36
115900254,26,23,3
115900255,1,107,-106
115900256,113,132,-19
115900257,11,109,-98
115900258,1,4,-3
115900259,1,11,-10
115900260,31,2,29
115900261,5,0,5
115900262,3,3,0
115900263,6,2,4
115900264,25,1,24
115900265,15,9,6
115900266,6,11,-5
115900267,0,12,-12
115900268,1,21,-20
115900269,1422,233,1189
115900270,566,83,483
115900271,379,0,379
115900272,46,4,42
115900273,12,54,-42
115900274,0,3,-3
115900275,0,2,-2
115900276,0,3,-3
115900277,0,28,-28
115900278,81,76,5
115900279,33,412,-379
115900280,13,1356,-1343
115900281,210,499,-289
115900282,95,54,41
115900283,56,6,50
115900284,8,9,-1
116000001,9356,2379,6977
116000002,8454,21005,-12551
116000003,1574,1939,-365
116000004,5578,8227,-2649
116000005,1055,5247,-4192
116000006,5231,8724,-3493
116000007,1973,3077,-1104
116000008,8116,4177,3939
116000009,1010,1041,-31
116000010,4874,2131,2743
116000011,787,1019,-232
116000012,3816,1554,2262
116000013,5343,7464,-2121
116000014,15831,34733,-18902
116000015,267,3095,-2828
116000016,6715,7668,-953
116000017,54,817,-763
116000018,653,599,54
116000019,2496,390,2106
116000020,914,1786,-872
116000021,1677,404,1273
116000022,999,561,438
116000023,2729,1807,922
116000024,1032,1178,-146
116000025,1415,1252,163
116000026,1590,6573,-4983
116000027,539,1202,-663
116000028,583,1221,-638
116000029,467,381,86
116000030,780,893,-113
116000031,38,190,-152
116000032,568,111,457
116000033,1021,759,262
116000034,833,1091,-258
116000035,980,387,593
116000036,351,3811,-3460
116000037,201,643,-442
116000038,79,1853,-1774
116000039,319,1618,-1299
116000040,611,2289,-1678
116000041,138,1320,-1182
116000042,1485,1445,40
116000043,202,524,-322
116000044,13,39,-26
116000045,1436,1932,-496
116000046,1007,2671,-1664
116000047,3011,4097,-1086
116000048,4725,1349,3376
116000049,2494,3021,-527
116000050,2229,1444,785
116000051,4008,3856,152
116000052,3938,3461,477
116000053,3537,1131,2406
116000054,1610,3279,-1669
116000055,1509,1526,-17
116000056,2227,1358,869
116000057,3724,1423,2301
116000058,8012,4581,3431
116000059,3384,6028,-2644
116000060,4282,2091,2191
116000061,900,1453,-553
116000062,908,728,180
116000063,756,2574,-1818
116000066,650,916,-266
116000067,543,513,30
116000068,273,513,-240
116000069,571,308,263
116000078,876,888,-12
116000080,2411,497,1914
116000082,10,18,-8
116000083,3216,389,2827
116000084,1348,1893,-545
116000085,2070,2433,-363
116000086,890,763,127
116000087,3768,1786,1982
116000088,1819,820,999
116000089,260,114,146
116000090,306,224,82
116000091,259,1042,-783
116000093,919,267,652
116000094,1443,448,995
116000095,1112,583,529
116000096,3059,3915,-856
116000097,1243,714,529
116000098,162,17146,-16984
116000099,6478,584,5894
116000100,385,39,346
116000101,1934,927,1007
116000102,328,563,-235
116000103,581,456,125
116000104,254,831,-577
116000105,2483,141,2342
116000106,492,1490,-998
116000107,3877,479,3398
116000108,21,327,-306
116000111,211,25,186
116000113,168,69,99
116000114,25,120,-95
116000115,961,446,515
116000116,294,185,109
116000117,1645,1609,36
116000118,2645,1030,1615
116000119,4088,1753,2335
116000120,3354,2103,1251
116000121,1180,654,526
116000122,912,751,161
116000123,1881,587,1294
116000124,577,367,210
116000125,4821,534,4287
116000126,546,453,93
116000127,1086,550,536
116000128,2992,846,2146
116000129,2067,141,1926
116000130,1484,763,721
116000133,2929,1064,1865
116000134,1723,1112,611
116000135,4221,1430,2791
116000136,1150,1523,-373
116000137,1700,974,726
116000138,1814,866,948
116000139,2898,7108,-4210
116000140,261,548,-287
116000141,735,502,233
116000142,4389,2083,2306
116000143,3195,1263,1932
116000144,2809,2165,644
116000145,3414,1044,2370
116000146,1585,213,1372
116000147,453,587,-134
116000148,1755,2246,-491
116000149,1231,1209,22
116000151,875,1079,-204
116000153,240,435,-195
116000155,351,761,-410
116000156,1034,496,538
116000157,111,3,108
116000158,801,165,636
116000159,7,13,-6
116000160,65,42,23
116000161,12,133,-121
116000162,153,457,-304
116000163,130,58,72
116000164,58,94,-36
116000177,128,428,-300
116000194,108,508,-400
116000195,1796,894,902
116000196,30,2,28
116000197,17,13,4
116000198,2364,1444,920
116000200,1154,974,180
116000201,847,805,42
116000202,17,207,-190
116000203,2,23,-21
116000204,5,10,-5
116000205,0,67,-67
116000206,1,129,-128
116000207,15,115,-100
116000233,212,629,-417
116000287,548,130,418
116000288,559,251,308
116000292,110,146,-36
116000296,23,78,-55
116000297,193,8,185
116000304,230,31,199
116000305,47,160,-113
116000346,273,155,118
116000352,142,109,33
116000354,62,24,38
116000357,14,14,0
116000358,722,162,560
116000361,225,0,225
116000372,5015,12716,-7701
116000381,278,19,259
116000388,5,32,-27
116000389,1072,339,733
116000445,1648,265,1383
116000446,968,262,706
116000447,46,774,-728
116000448,707,99,608
116000563,834,1005,-171
116000565,50,241,-191
116000568,75,832,-757
116000579,11,130,-119
116000583,146,52,94
116000584,59,0,59
116000585,174,83,91
116000586,67,139,-72
116000587,398,365,33
116000589,78,84,-6
116000590,308,146,162
116000591,453,239,214
116000592,23,28,-5
116000593,1,33,-32
116000594,2448,160,2288
116000595,1163,68,1095
116000596,268,6,262
116000597,962,416,546
116000598,20,105,-85
116000605,188,112,76
116000606,55,800,-745
116000607,7,144,-137
116000609,94,2094,-2000
116000611,349,174,175
116000612,2850,2233,617
116000613,933,359,574
116000614,832,288,544
116000615,0,852,-852
116000616,143,103,40
116000617,249,41,208
116000618,13,72,-59
116000619,37,108,-71
116000620,420,123,297
116000621,151,100,51
116000622,241,114,127
116000624,145,122,23
116000627,180,61,119
116000628,130,328,-198
116000629,55,253,-198
116000630,2014,24,1990
116000631,1310,47,1263
116000632,2397,58,2339
116000633,373,184,189
116000634,739,95,644
116000635,3139,6138,-2999
116000636,812,2976,-2164
116000637,1116,34,1082
116000638,185,199,-14
116000640,58,117,-59
116000641,3,1,2
116000644,80,216,-136
116900001,671,111,560
116900002,456,20,436
116900003,68,9,59
116900004,50,130,-80
116900005,437,29,408
116900006,192,221,-29
116900007,242,536,-294
116900008,1276,74,1202
116900009,13,23,-10
116900010,0,615,-615
116900011,11,18,-7
116900012,316,492,-176
116900013,11,31,-20
116900014,320,26,294
116900015,1101,71,1030
116900016,353,5,348
116900017,2,330,-328
116900018,164,250,-86
116900019,1,108,-107
116900020,443,3064,-2621
116900023,43,10,33
116900024,1412,26,1386
116900025,2192,534,1658
116900026,81,587,-506
116900027,91,111,-20
116900028,3,39,-36
116900029,3,247,-244
116900031,0,0,0
116900032,0,63,-63
116900033,53,14,39
116900034,1,34,-33
116900035,190,281,-91
116900036,18,230,-212
116900038,19,4,15
116900041,218,13,205
116900042,165,152,13
116900043,23,79,-56
116900047,42,372,-330
116900049,7,306,-299
116900050,59,304,-245
116900051,518,24,494
116900052,324,65,259
116900055,1,25,-24
116900057,13,109,-96
116900058,12,318,-306
116900059,2,38,-36
116900060,119,580,-461
116900062,1,26,-25
116900064,79,224,-145
116900065,12,160,-148
116900067,201,15,186
116900068,214,99,115
116900070,9,10,-1
116900072,54,86,-32
116900073,2,125,-123
116900074,4,12,-8
116900076,23,86,-63
116900077,10,12,-2
116900078,113,29,84
116900079,79,177,-98
116900080,17,35,-18
116900081,204,802,-598
116900082,118,1167,-1049
116900083,5,2,3
116900084,64,72,-8
116900085,8,69,-61
116900086,21,300,-279
116900088,223,21,202
116900090,15,12,3
116900091,826,38,788
116900092,137,309,-172
116900093,3934,1536,2398
116900094,5146,9006,-3860
116900095,508,868,-360
116900096,131,480,-349
116900097,1489,6106,-4617
116900098,1271,442,829
116900099,219,1338,-1119
116900100,1519,136,1383
116900101,233,939,-706
116900103,47,0,47
116900104,22,525,-503
116900105,469,196,273
116900106,3912,111,3801
116900107,1530,4464,-2934
116900110,9,2,7
116900111,1331,207,1124
116900112,316,437,-121
116900113,1283,5432,-4149
116900116,35,1295,-1260
116900117,338,159,179
116900118,1756,976,780
116900120,566,65,501
116900121,389,24,365
116900122,1585,249,1336
116900123,1249,256,993
116900124,87,399,-312
116900125,862,85,777
116900126,106,882,-776
116900128,0,87,-87
116900129,0,170,-170
116900130,1838,6291,-4453
116900131,16,93,-77
116900132,128,72,56
116900133,241,236,5
116900134,278,408,-130
116900136,401,146,255
116900137,382,153,229
116900138,159,83,76
116900139,92,193,-101
116900140,166,96,70
116900141,432,154,278
116900142,9,49,-40
116900143,432,138,294
116900144,83,15,68
116900145,99,320,-221
116900147,172,2410,-2238
116900148,12,26,-14
116900149,44,400,-356
116900150,5,5,0
116900151,135,50,85
116900153,209,152,57
116900154,204,834,-630
116900155,104,114,-10
116900157,1387,45,1342
116900158,157,504,-347
116900159,148,725,-577
116900160,1260,936,324
116900161,5154,15289,-10135
116900162,19,124,-105
116900163,498,29,469
116900164,159,62,97
116900165,1013,454,559
116900166,183,57,126
116900167,684,28,656
116900168,1019,26,993
116900169,281,2998,-2717
116900170,903,535,368
116900171,116,98,18
116900172,131,872,-741
116900173,610,7,603
116900174,74,189,-115
116900175,471,762,-291
116900178,94,87,7
116900179,20,587,-567
116900180,70,4,66
116900182,1546,425,1121
116900183,319,172,147
116900185,85,115,-30
116900186,116,59,57
116900187,81,103,-22
116900188,152,11,141
116900189,40,1,39
116900191,173,361,-188
116900192,568,156,412
116900194,97,2325,-2228
116900195,64,18,46
116900196,41,14,27
116900197,285,12,273
116900198,45,609,-564
116900200,111,4,107
116900201,446,11,435
116900202,63,30,33
116900203,152,2,150
116900204,28,565,-537
116900206,28,1,27
116900207,31,78,-47
116900208,7,119,-112
116900209,39,32,7
116900210,916,598,318
116900211,249,8,241
116900212,157,7,150
116900213,401,53,348
116900214,516,375,141
116900215,28,11,17
116900216,499,358,141
116900218,2,224,-222
116900219,324,167,157
116900220,89,389,-300
116900221,331,327,4
116900222,517,295,222
116900223,74,239,-165
116900226,253,29,224
116900227,452,24,428
116900228,487,271,216
116900230,59,92,-33
116900231,120,148,-28
116900232,34,297,-263
116900233,467,101,366
116900234,26,8,18
116900235,290,174,116
116900238,808,243,565
116900239,32,1018,-986
116900240,5275,5221,54
116900241,105,9,96
116900242,767,1938,-1171
116900243,1,28,-27
116900245,76,82,-6
116900246,148,23,125
116900247,1143,26,1117
116900248,66,19,47
116900249,755,44,711
116900250,747,57,690
116900251,354,1673,-1319
116900252,347,867,-520
116900254,98,161,-63
116900255,198,243,-45
116900256,1424,215,1209
116900257,9,317,-308
116900258,2,35,-33
116900259,409,15,394
116900260,3,10,-7
116900261,138,2,136
116900262,214,65,149
116900263,7,22,-15
116900264,3,6,-3
116900265,291,0,291
116900266,46,11,35
116900267,7,0,7
116900268,52,164,-112
116900269,602,2865,-2263
116900271,888,987,-99
116900272,904,494,410
116900273,37,930,-893
116900274,218,71,147
116900275,518,82,436
116900276,334,770,-436
116900277,143,93,50
116900278,1,2,-1
116900279,1,32,-31
116900280,103,14,89
116900281,3647,7967,-4320
116900282,6,70,-64
116900283,1,27,-26
116900284,19,96,-77
116900285,126,724,-598
116900286,154,25,129
116900287,4,26,-22
116900288,185,26,159
116900289,27,2,25
116900290,36,2,34
116900291,44,8,36
116900292,0,39,-39
116900293,106,0,106
116900294,7,163,-156
116900295,263,714,-451
116900296,47,376,-329
116900297,1,138,-137
116900298,79,221,-142
116900299,11,368,-357
116900300,0,122,-122
116900301,20,815,-795
116900302,4,322,-318
116900303,324,172,152
116900304,0,215,-215
116900305,66,62,4
116900306,681,86,595
116900307,196,0,196
116900308,1,94,-93
116900309,369,36,333
117000001,3991,6719,-2728
117000002,2505,6549,-4044
117000003,8407,6464,1943
117000004,2711,9569,-6858
117000005,6110,4577,1533
117000006,1321,3479,-2158
117000007,11258,1987,9271
117000008,1494,3741,-2247
117000009,6722,2394,4328
117000010,1400,2987,-1587
117000011,5203,2377,2826
117000012,2609,1356,1253
117000013,4480,2291,2189
117000014,2072,2888,-816
117000015,5354,2687,2667
117000016,489,961,-472
117000017,138,2703,-2565
117000018,163,1355,-1192
117000019,72,135,-63
117000020,1327,2910,-1583
117000021,4067,1132,2935
117000022,309,862,-553
117000023,94,1265,-1171
117000024,123,1618,-1495
117000025,173,7371,-7198
117000026,2068,6042,-3974
117000027,2226,4813,-2587
117000028,1209,4125,-2916
117000030,502,666,-164
117000031,720,554,166
117000032,2037,3017,-980
117000033,2754,1623,1131
117000034,403,324,79
117000035,556,785,-229
117000036,781,653,128
117000037,519,415,104
117000038,403,1018,-615
117000039,409,593,-184
117000040,194,720,-526
117000041,1521,163,1358
117000044,20,855,-835
117000045,2156,349,1807
117000046,719,1947,-1228
117000047,1698,1323,375
117000048,1910,1623,287
117000049,32,453,-421
117000050,737,1619,-882
117000051,4140,58,4082
117000052,81,213,-132
117000053,1553,44,1509
117000054,2690,6,2684
117000055,12,1376,-1364
117000056,1014,23,991
117000057,586,1611,-1025
117000060,557,1721,-1164
117000061,3906,3172,734
117000062,309,1677,-1368
117000063,2917,1296,1621
117000064,772,1070,-298
117000066,603,1215,-612
117000067,83,658,-575
117000074,36,308,-272
117000076,64,33,31
117000077,255,143,112
117000078,234,962,-728
117000079,612,280,332
117000080,1,866,-865
117000081,1310,200,1110
117000082,65,159,-94
117000083,254,16,238
117000084,380,2,378
117000085,896,1256,-360
117000086,1394,384,1010
117000087,226,798,-572
117000088,628,199,429
117000089,4451,298,4153
117000090,429,792,-363
117000091,2244,357,1887
117000092,652,890,-238
117000093,3174,766,2408
117000094,1237,1583,-346
117000095,4794,829,3965
117000096,1350,1251,99
117000097,4000,1287,2713
117000098,1834,2177,-343
117000099,7209,1428,5781
117000100,295,333,-38
117000101,186,624,-438
117000102,3698,850,2848
117000103,837,1131,-294
117000104,2761,843,1918
117000105,483,1222,-739
117000106,3494,752,2742
117000107,699,1349,-650
117000108,3423,1415,2008
117000109,1233,2084,-851
117000110,3039,3115,-76
117000111,5822,6447,-625
117000112,6057,1652,4405
117000113,257,150,107
117000114,482,246,236
117000115,85,63,22
117000116,299,359,-60
117000117,2467,1558,909
117000118,630,751,-121
117000119,117,1365,-1248
117000120,46,3109,-3063
117000121,69,1900,-1831
117000122,2746,2701,45
117000123,5384,94,5290
117000124,80,486,-406
117000125,105,1851,-1746
117000126,24,133,-109
117000127,132,1514,-1382
117000128,100,2854,-2754
117000129,570,2540,-1970
117000130,461,13,448
117000131,0,165,-165
117000132,7819,87,7732
117000133,5383,23,5360
117000134,1,516,-515
117000135,6,262,-256
117000136,0,126,-126
117000137,404,139,265
117000138,3,1538,-1535
117000140,573,870,-297
117000141,3018,793,2225
117000181,538,202,336
117000182,4187,1601,2586
117000195,173,636,-463
117000196,727,227,500
117000225,22,439,-417
117000226,3,540,-537
117000276,595,47,548
117000277,0,82,-82
117000310,1622,3712,-2090
117000315,536,1166,-630
117000320,174,0,174
117000906,919,22,897
117000907,8,278,-270
117000909,125,126,-1
117000910,314,125,189
117000911,44,147,-103
117000915,0,133,-133
117000916,127,13,114
117000917,2375,90,2285
117000918,307,77,230
117000919,12,20,-8
117000920,1,1101,-1100
117000921,0,229,-229
117000922,33,108,-75
117000924,1714,1514,200
117000926,1307,964,343
117000927,232,688,-456
117000928,0,189,-189
117000929,1350,221,1129
117000930,1384,29,1355
117000931,148,197,-49
117900002,58,1366,-1308
117900003,87,265,-178
117900005,12,317,-305
117900006,0,104,-104
117900007,302,83,219
117900008,0,4,-4
117900010,794,142,652
117900011,19,2063,-2044
117900012,133,61,72
117900013,1,286,-285
117900014,1475,376,1099
117900015,8,156,-148
117900016,1640,1613,27
117900017,1643,944,699
117900018,633,1247,-614
117900019,1666,405,1261
117900020,56,407,-351
117900021,20,273,-253
117900023,5243,209,5034
117900024,126,169,-43
117900025,31,3,28
117900026,1168,360,808
117900028,168,11,157
117900029,700,1063,-363
117900030,698,620,78
117900031,686,1315,-629
117900032,1169,659,510
117900033,1178,768,410
117900034,149,61,88
117900035,392,335,57
117900036,762,287,475
117900037,329,102,227
117900038,90,98,-8
117900039,0,41,-41
117900040,253,105,148
117900041,4,38,-34
117900042,3421,818,2603
117900043,3,26,-23
117900044,95,8356,-8261
117900045,527,119,408
117900048,508,116,392
117900049,704,692,12
117900050,37,1300,-1263
117900051,32,86,-54
117900052,151,898,-747
117900053,2751,148,2603
117900054,2,30,-28
117900055,4360,515,3845
117900056,72,438,-366
117900057,1580,1007,573
117900058,78,315,-237
117900059,157,333,-176
117900060,4048,1986,2062
117900061,33,566,-533
117900063,1087,277,810
117900065,327,1182,-855
117900066,17,189,-172
117900067,1966,270,1696
117900069,1967,179,1788
117900070,53,659,-606
117900071,503,167,336
117900073,1691,261,1430
117900074,68,1152,-1084
117900075,192,85,107
117900076,97,297,-200
117900077,960,207,753
117900078,738,765,-27
117900080,367,59,308
117900081,240,420,-180
117900082,1002,410,592
117900083,1058,931,127
117900086,535,190,345
117900087,161,21,140
117900088,642,1248,-606
117900089,3956,683,3273
117900090,1275,902,373
117900091,194,93,101
117900092,275,127,148
117900093,138,30,108
117900094,97,50,47
117900095,1231,2761,-1530
117900096,362,1115,-753
117900097,171,55,116
117900098,100,20,80
117900099,614,1729,-1115
117900100,1028,8,1020
117900101,1586,3793,-2207
117900102,157,42,115
117900103,208,2,206
117900104,1,523,-522
117900105,116,252,-136
117900106,147,38,109
117900107,104,0,104
117900109,1354,466,888
117900110,398,0,398
117900111,1896,221,1675
117900112,85,12,73
117900113,1185,3612,-2427
117900114,53,1,52
117900115,191,585,-394
117900116,655,613,42
117900117,987,233,754
117900118,427,10,417
117900119,379,47,332
117900120,1366,33,1333
117900121,231,78,153
117900122,894,8939,-8045
117900123,2116,721,1395
117900124,290,838,-548
117900125,1741,1252,489
117900126,212,305,-93
117900127,1090,262,828
117900128,690,198,492
117900129,227,6,221
117900130,1117,429,688
117900131,0,135,-135
117900132,6,74,-68
117900133,42,41,1
117900134,59,220,-161
117900135,53,57,-4
117900136,0,20,-20
117900137,95,338,-243
117900138,0,2,-2
117900139,102,114,-12
117900140,11291,1136,10155
117900141,137,738,-601
117900142,40,918,-878
117900144,65,2970,-2905
117900145,18,481,-463
117900146,217,667,-450
117900147,236,248,-12
117900148,5335,5522,-187
117900149,166,206,-40
117900150,103,199,-96
117900151,64,294,-230
117900152,143,166,-23
117900153,13,259,-246
117900154,1058,1141,-83
117900156,406,564,-158
117900157,102,638,-536
117900158,374,113,261
117900160,1128,1035,93
117900161,963,869,94
117900162,1467,667,800
117900163,35,1470,-1435
117900165,0,7,-7
117900166,12,536,-524
117900168,54,171,-117
117900169,7,67,-60
117900170,0,38,-38
117900171,2,7,-5
117900172,24,12,12
117900173,45,81,-36
117900174,35,51,-16
117900175,6,14,-8
117900176,11,11,0
117900177,21,10,11
117900178,98,19,79
117900180,233,83,150
117900181,60,636,-576
117900182,2,85,-83
117900183,112,252,-140
117900184,35,71,-36
117900185,84,24,60
117900186,83,36,47
117900187,31,13,18
117900188,201,24,177
117900189,97,40,57
117900190,17,0,17
117900191,121,0,121
117900192,314,1,313
117900193,11,76,-65
117900194,8,1,7
117900195,16,55,-39
117900196,40,9,31
117900207,75,163,-88
117900208,50,39,11
117900209,240,93,147
117900210,112,78,34
117900211,1,49,-48
117900212,247,205,42
117900213,50,11,39
117900214,4,7,-3
117900215,103,21,82
117900216,19,138,-119
117900217,78,345,-267
117900218,175,177,-2
117900219,9,447,-438
117900220,10,702,-692
117900222,271,122,149
117900223,101,556,-455
118000001,783,5010,-4227
118000002,614,1338,-724
118000003,3022,10569,-7547
118000004,1502,13215,-11713
118000005,6458,3617,2841
118000006,10612,6873,3739
118000007,6475,17871,-11396
118000008,1302,11177,-9875
118000009,2095,4831,-2736
118000010,4610,5259,-649
118000011,3457,1341,2116
118000012,1416,2444,-1028
118000013,4513,4985,-472
118000014,2519,2616,-97
118000016,576,220,356
118000017,1045,518,527
118000018,540,202,338
118000019,1327,2982,-1655
118000020,652,2742,-2090
118000021,958,4351,-3393
118000022,1272,881,391
118000023,558,494,64
118000024,614,1116,-502
118000027,18336,9131,9205
118000029,1091,683,408
118000032,317,2684,-2367
118000033,2040,6203,-4163
118000034,3849,5410,-1561
118000035,2457,3012,-555
118000036,1210,1750,-540
118000037,1353,3970,-2617
118000038,1176,138,1038
118000039,243,40,203
118000040,2703,2688,15
118000041,6037,2489,3548
118000045,201,332,-131
118000046,1459,2069,-610
118000047,798,4804,-4006
118000048,1867,8301,-6434
118000051,1828,7491,-5663
118000052,1262,2841,-1579
118000053,728,1859,-1131
118000054,5011,1142,3869
118000055,5024,2279,2745
118000056,81,855,-774
118000057,123,426,-303
118000058,2214,8527,-6313
118000059,1765,4505,-2740
118000060,1915,916,999
118000061,1402,2411,-1009
118000062,547,303,244
118000063,467,1160,-693
118000064,780,2042,-1262
118000065,2135,2867,-732
118000066,2545,5956,-3411
118000067,474,912,-438
118000068,1127,15602,-14475
118000069,1419,2023,-604
118000070,11212,3159,8053
118000071,6218,16128,-9910
118000072,805,6091,-5286
118000073,433,2741,-2308
118000074,605,1653,-1048
118000075,730,477,253
118000076,3050,14652,-11602
118000077,1546,3579,-2033
118000078,2480,4635,-2155
118000079,383,669,-286
118000080,534,2605,-2071
118000081,2085,2889,-804
118000082,556,1812,-1256
118000083,1673,2796,-1123
118000084,2387,3489,-1102
118000086,208,971,-763
118000087,7485,4029,3456
118000088,1520,3045,-1525
118000089,5417,5111,306
118000090,1266,5915,-4649
118000091,2144,7053,-4909
118000092,1317,1051,266
118000093,196,970,-774
118000096,1075,989,86
118000097,953,1326,-373
118000098,253,601,-348
118000099,1331,472,859
118000101,3144,653,2491
118000102,914,820,94
118000107,4085,777,3308
118000108,1375,7092,-5717
118000110,0,70,-70
118000111,2,170,-168
118000112,2222,16,2206
118000113,3,296,-293
118000114,1558,23,1535
118000115,4,19,-15
118000116,93,0,93
118000117,779,2290,-1511
118000118,1747,3648,-1901
118000119,1715,3426,-1711
118000120,1584,1724,-140
118000121,17,937,-920
118000122,910,431,479
118000123,82,365,-283
118000125,1340,3859,-2519
118000126,770,4453,-3683
118000127,1476,2055,-579
118000128,468,4096,-3628
118000129,2735,1712,1023
118000130,3751,5646,-1895
118000131,610,1749,-1139
118000132,4378,3879,499
118000133,2768,1537,1231
118000135,760,1928,-1168
118000136,210,2509,-2299
118000137,731,332,399
118000138,595,539,56
118000139,982,224,758
118000140,6870,14078,-7208
118000141,5064,2320,2744
118000142,5376,2381,2995
118000143,4806,1851,2955
118000144,994,414,580
118000145,1832,1204,628
118000146,2276,500,1776
118000147,1870,885,985
118000148,1511,2004,-493
118000149,1602,474,1128
118000150,1139,351,788
118000151,1120,381,739
118000153,2680,1100,1580
118000154,2678,1504,1174
118000155,3912,1182,2730
118000156,2958,5635,-2677
118000157,1204,353,851
118000158,514,937,-423
118000159,57,116,-59
118000160,1130,403,727
118000161,1062,492,570
118000162,1676,1225,451
118000163,1667,1410,257
118000164,3415,2086,1329
118000168,468,1817,-1349
118000169,1494,989,505
118000170,4404,3425,979
118000171,573,761,-188
118000172,126,197,-71
118000173,1152,1669,-517
118000175,274,472,-198
118000176,672,596,76
118000177,486,1023,-537
118000178,83,26,57
118000179,976,875,101
118000180,799,675,124
118000181,726,180,546
118000182,496,203,293
118000183,330,372,-42
118000184,2077,545,1532
118000185,616,2679,-2063
118000186,480,1999,-1519
118000187,4045,623,3422
118000188,1383,42,1341
118000189,1665,407,1258
118000190,16,25,-9
118000191,14,36,-22
118000192,21,365,-344
118000193,8,203,-195
118000194,3521,1192,2329
118000195,400,10521,-10121
118000196,68,1623,-1555
118000197,60,394,-334
118000198,344,2818,-2474
118000199,347,2558,-2211
118000200,106,1497,-1391
118000201,81,1634,-1553
118000202,37,960,-923
118000203,362,1808,-1446
118000204,49,935,-886
118000205,105,517,-412
118000206,287,674,-387
118000207,0,79,-79
118000208,2320,2037,283
118000209,3937,1008,2929
118000210,207,56,151
118000211,176,84,92
118000213,987,9892,-8905
118000214,405,1452,-1047
118000215,618,159,459
118000216,13084,3187,9897
118000217,34,86,-52
118000218,145,34,111
118000219,234,415,-181
118000220,86,79,7
118000221,1108,1090,18
118000222,107,10,97
118000223,123,39,84
118000224,242,77,165
118000225,298,2436,-2138
118000226,1915,248,1667
118000227,1560,698,862
118000228,88,610,-522
118000229,39,1459,-1420
118000230,101,451,-350
118000231,88,769,-681
118000232,1728,261,1467
118000233,2079,831,1248
118000234,926,85,841
118000236,276,772,-496
118000237,205,182,23
118000238,433,167,266
118000239,526,873,-347
118000240,123,124,-1
118000241,558,171,387
118000242,782,294,488
118000243,508,129,379
118000244,171,40,131
118000246,0,47,-47
118000255,101,612,-511
118000256,256,360,-104
118000259,5,148,-143
118000260,367,89,278
118000261,136,33,103
118000263,262,296,-34
118000266,371,240,131
118000267,1,684,-683
118000268,500,8,492
118000270,478,8,470
118000271,334,213,121
118000272,69,23,46
118000273,555,34,521
118000274,132,536,-404
118000276,452,275,177
118000295,61,160,-99
118000298,133,117,16
118000299,96,81,15
118000301,0,238,-238
118000302,190,25,165
118000311,2028,53,1975
118000312,703,166,537
118000313,106,40,66
118000314,281,18,263
118000315,67,15,52
118000316,1473,498,975
118000325,99,35,64
118000326,79,22,57
118000331,46,19,27
118000332,26,35,-9
118000333,33,42,-9
118000335,1043,2,1041
118000336,0,243,-243
118000407,448,37,411
118000457,11,140,-129
118000465,692,3465,-2773
118000480,180,53,127
118000489,11,1179,-1168
118000490,12,468,-456
118000492,949,190,759
118000510,57,28,29
118000514,90,1027,-937
118000515,616,1990,-1374
118000517,628,284,344
118000524,198,828,-630
118000525,568,730,-162
118000530,30,301,-271
118000531,672,330,342
118000532,421,232,189
118000533,336,178,158
118000534,1142,503,639
118000535,587,137,450
118000536,79,720,-641
118000537,9,218,-209
118000538,10,154,-144
118000539,34,165,-131
118000540,231,448,-217
118000541,79,216,-137
118000542,165,547,-382
118000543,223,610,-387
118000546,58,57,1
118000553,0,2,-2
118000557,0,0,0
118000560,1573,3556,-1983
118000562,114,136,-22
118000563,1821,1022,799
118000576,355,56,299
118000577,305,183,122
118000578,270,103,167
118000579,751,3258,-2507
118000583,0,0,0
118000595,278,71,207
118000596,0,809,-809
118000597,327,85,242
118000598,23,1,22
118000599,310,113,197
118000600,3,10,-7
118000601,12,0,12
118000602,2,1,1
118000603,0,23,-23
118000605,121,199,-78
118900001,839,1632,-793
118900002,1254,1210,44
118900003,782,4,778
118900004,172,61,111
118900005,187,6,181
118900006,266,3,263
118900007,2,2,0
118900008,1865,63,1802
118900009,190,164,26
118900010,60,4,56
118900011,223,11,212
118900012,424,432,-8
118900013,2202,635,1567
118900015,337,33,304
118900016,1,3,-2
118900017,35,392,-357
118900018,1772,26,1746
118900019,4,2,2
118900020,34,328,-294
118900021,111,1247,-1136
118900022,154,30,124
118900023,80,262,-182
118900024,89,208,-119
118900025,28,51,-23
118900026,49,13,36
118900027,784,243,541
118900028,307,118,189
118900029,346,598,-252
118900030,878,81,797
118900031,163,49,114
118900032,431,68,363
118900033,482,1092,-610
118900034,300,56,244
118900035,189,114,75
118900036,1910,437,1473
118900037,368,1169,-801
118900038,721,73,648
118900039,1132,131,1001
118900040,344,148,196
118900041,1270,530,740
118900042,130,53,77
118900045,271,171,100
118900046,391,434,-43
118900047,575,482,93
118900048,282,1042,-760
118900049,254,30,224
118900050,122,4,118
118900051,97,337,-240
118900052,313,893,-580
118900053,23,149,-126
118900054,297,12,285
118900055,284,6,278
118900056,33,699,-666
118900057,1202,639,563
118900058,883,1006,-123
118900059,26,232,-206
118900060,158,114,44
118900062,465,180,285
118900064,331,952,-621
118900065,85,273,-188
118900066,185,88,97
118900067,5155,5679,-524
118900068,2,866,-864
118900069,736,383,353
118900071,11,9,2
118900072,1494,1211,283
118900073,388,200,188
118900074,402,92,310
118900075,370,28,342
118900076,418,215,203
118900077,706,173,533
118900078,2,0,2
118900079,64,209,-145
118900080,152,44,108
118900081,39,90,-51
118900082,3058,317,2741
118900083,38,7,31
118900084,13,59,-46
118900085,504,419,85
118900086,24,113,-89
118900087,194,1254,-1060
118900088,0,3,-3
118900089,20,54,-34
118900090,482,175,307
118900091,194,390,-196
118900092,445,38,407
118900093,83,21,62
118900096,68,374,-306
118900097,360,601,-241
118900099,54,202,-148
118900100,62,304,-242
118900101,228,119,109
118900102,20,175,-155
118900103,21,194,-173
118900104,521,132,389
118900105,212,78,134
118900107,54,46,8
118900108,117,223,-106
118900110,1897,1583,314
118900111,1431,424,1007
118900112,310,632,-322
118900113,81,387,-306
118900114,0,203,-203
118900115,133,383,-250
118900116,84,227,-143
118900117,118,164,-46
118900118,434,335,99
118900119,291,254,37
118900120,115,345,-230
118900121,7,192,-185
118900122,8,1374,-1366
118900123,148,285,-137
118900124,213,382,-169
118900126,68,376,-308
118900129,411,236,175
118900130,25,340,-315
118900131,792,136,656
118900132,497,298,199
118900133,16,291,-275
118900135,500,258,242
118900136,502,245,257
118900137,7,123,-116
118900139,595,195,400
118900140,828,399,429
118900141,227,128,99
118900144,468,239,229
118900145,30,231,-201
118900146,787,401,386
118900147,211,1388,-1177
118900148,125,44,81
118900150,163,737,-574
118900152,681,429,252
118900157,65,628,-563
118900158,333,24,309
118900159,1,252,-251
118900161,63,40,23
118900163,79,41,38
118900164,0,63,-63
118900165,59,33,26
118900166,4,0,4
118900167,107,13,94
118900168,27,183,-156
118900169,182,73,109
118900170,440,53,387
118900171,116,59,57
118900174,132,30,102
118900175,752,273,479
118900176,371,221,150
118900177,93,8,85
118900178,127,72,55
118900179,19,41,-22
118900181,279,35,244
118900182,41,28,13
118900183,50,252,-202
118900184,215,56,159
118900185,127,42,85
118900186,63,366,-303
118900187,137,1125,-988
118900188,414,374,40
118900189,72,921,-849
118900190,121,223,-102
118900191,885,59,826
118900192,765,40,725
118900193,1481,3,1478
118900195,177,463,-286
118900196,50,199,-149
118900197,579,68,511
118900198,53,1,52
118900199,120,4,116
118900200,33,11,22
118900201,58,53,5
118900202,6,65,-59
118900203,54,1,53
118900204,35,5,30
118900205,5,0,5
118900206,0,1,-1
119000001,2102,2555,-453
119000002,4131,4087,44
119000003,4981,1373,3608
119000004,3576,3158,418
119000005,2989,3853,-864
119000006,7336,2370,4966
119000007,6174,6147,27
119000008,3018,2736,282
119000009,2900,10546,-7646
119000010,5243,6646,-1403
119000011,2436,3438,-1002
119000012,1399,4509,-3110
119000013,4464,2635,1829
119000014,2491,3050,-559
119000019,399,211,188
119000020,3735,2016,1719
119000021,7391,4771,2620
119000022,1401,5959,-4558
119000023,125,607,-482
119000024,2620,35586,-32966
119000025,5432,1635,3797
119000026,73,938,-865
119000027,191,678,-487
119000028,2451,795,1656
119000029,64,278,-214
119000030,741,836,-95
119000031,1761,741,1020
119000032,1640,1786,-146
119000033,2653,1138,1515
119000034,2227,854,1373
119000035,52,289,-237
119000036,4573,499,4074
119000037,2639,884,1755
119000038,485,352,133
119000039,1330,715,615
119000040,1176,1491,-315
119000041,1284,2679,-1395
119000048,2743,1776,967
119000049,5289,3106,2183
119000050,1602,2277,-675
119000051,4029,1911,2118
119000052,5921,3011,2910
119000053,3269,1415,1854
119000054,4691,1485,3206
119000055,9146,1782,7364
119000056,6338,1847,4491
119000057,2884,991,1893
119000058,2232,1448,784
119000059,1346,1509,-163
119000060,2901,909,1992
119000061,1044,582,462
119000062,1133,914,219
119000063,1051,1051,0
119000064,1194,969,225
119000065,1319,3585,-2266
119000066,2641,1505,1136
119000067,2428,1466,962
119000068,2927,987,1940
119000069,2549,1509,1040
119000070,4580,634,3946
119000071,556,541,15
119000072,5259,3120,2139
119000073,5007,16365,-11358
119000074,2503,1619,884
119000075,6098,3019,3079
119000076,191,935,-744
119000077,970,503,467
119000078,660,408,252
119000079,311,640,-329
119000080,1516,295,1221
119000081,369,762,-393
119000082,1356,258,1098
119000083,908,606,302
119000084,376,464,-88
119000085,938,194,744
119000086,286,1152,-866
119000087,926,258,668
119000088,288,117,171
119000089,141,237,-96
119000090,162,46,116
119000091,95,226,-131
119000092,364,231,133
119000093,6194,3594,2600
119000094,6958,7715,-757
119000095,3727,9610,-5883
119000097,2313,1096,1217
119000098,1784,10204,-8420
119000099,2551,1075,1476
119000100,7765,4570,3195
119000101,3656,1892,1764
119000102,402,2012,-1610
119000103,746,614,132
119000104,1695,960,735
119000105,1522,4834,-3312
119000106,678,764,-86
119000107,2136,727,1409
119000108,1064,932,132
119000109,211,652,-441
119000110,342,312,30
119000111,42,865,-823
119000112,185,174,11
119000113,848,290,558
119000114,1987,1681,306
119000115,106,185,-79
119000116,159,169,-10
119000117,131,480,-349
119000118,5,0,5
119000123,2077,4715,-2638
119000124,2118,253,1865
119000125,8425,627,7798
119000126,3585,655,2930
119000127,1331,384,947
119000128,27,2,25
119000131,1957,241,1716
119000132,0,0,0
119000133,8,5,3
119000134,1418,1070,348
119000135,272,213,59
119000136,654,116,538
119000137,341,88,253
119000138,1353,51,1302
119000139,192,64,128
119000140,327,409,-82
119000284,1328,1790,-462
119000285,1934,1100,834
119000286,3846,3181,665
119000287,1478,1441,37
119000288,3010,1077,1933
119000289,1538,2945,-1407
119000290,286,348,-62
119000291,153,428,-275
119000293,159,172,-13
119000294,93,45,48
119000295,2870,296,2574
119000296,448,161,287
119000297,0,0,0
119000299,0,0,0
119000302,3421,1295,2126
119000303,18,532,-514
119000314,2568,16671,-14103
119000315,0,128,-128
119000316,498,79,419
119000317,170,54,116
119900001,84,2684,-2600
119900002,447,247,200
119900003,25,272,-247
119900004,120,3988,-3868
119900005,438,88,350
119900006,74,744,-670
119900007,635,316,319
119900008,12,31,-19
119900009,555,256,299
119900010,831,441,390
119900011,33,480,-447
119900012,13,181,-168
119900013,1876,1565,311
119900014,561,80,481
119900015,688,64,624
119900016,67,79,-12
119900017,78,45,33
119900018,1081,1866,-785
119900019,62,7,55
119900020,107,241,-134
119900021,271,42,229
119900022,122,788,-666
119900023,451,4989,-4538
119900025,711,27,684
119900026,970,157,813
119900027,10,17,-7
119900028,299,358,-59
119900029,17,5,12
119900030,595,262,333
119900031,51,1793,-1742
119900033,800,273,527
119900034,1307,18,1289
119900037,340,26,314
119900038,32,707,-675
119900039,56,2,54
119900040,160,57,103
119900041,366,10,356
119900042,79,269,-190
119900043,264,45,219
119900044,248,903,-655
119900046,390,20,370
119900047,553,291,262
119900048,440,40,400
119900049,290,0,290
119900050,72,131,-59
119900051,1960,32,1928
119900052,203,13,190
119900053,532,161,371
119900054,762,14,748
119900055,1396,438,958
119900057,559,11,548
119900058,665,3,662
119900059,70,24,46
119900060,394,41,353
119900061,568,5,563
119900062,175,3,172
119900063,9,128,-119
119900065,160,1,159
119900067,218,28,190
119900068,1287,7,1280
119900069,149,19,130
119900070,1046,2,1044
119900071,1128,27,1101
119900073,1358,258,1100
119900074,14,73,-59
119900075,1604,1528,76
119900076,1974,449,1525
119900077,1615,499,1116
119900078,1217,697,520
119900079,1312,62,1250
119900080,525,378,147
119900081,1525,99,1426
119900082,3132,275,2857
119900083,880,33,847
119900084,429,865,-436
119900085,58,14,44
119900086,640,419,221
119900087,245,1260,-1015
119900088,38,20,18
119900089,36,123,-87
119900090,78,5,73
119900091,60,212,-152
119900092,24,381,-357
119900093,3269,163,3106
119900094,26,323,-297
119900095,100,78,22
119900096,27,80,-53
119900097,92,197,-105
119900098,55,17,38
119900099,31,101,-70
119900100,563,2822,-2259
119900101,148,1215,-1067
119900102,37,127,-90
119900103,76,120,-44
119900104,32,85,-53
119900105,524,2113,-1589
119900106,5,47,-42
119900107,240,1096,-856
119900108,3327,528,2799
119900109,29,74,-45
119900110,783,424,359
119900111,352,76,276
119900112,840,1416,-576
119900113,39,209,-170
119900114,296,463,-167
119900115,678,258,420
119900116,129,597,-468
119900117,515,277,238
119900118,234,134,100
119900119,560,147,413
119900120,463,313,150
119900121,924,357,567
119900122,43,107,-64
119900123,193,345,-152
119900124,482,262,220
119900125,27,220,-193
119900126,2120,199,1921
119900127,656,315,341
119900128,666,397,269
119900129,342,144,198
119900130,2,113,-111
119900131,73,56,17
119900132,0,36,-36
119900133,143,37,106
119900134,503,113,390
119900135,0,173,-173
119900136,81,178,-97
119900138,113,313,-200
119900139,7,143,-136
119900140,6,63,-57
119900141,41,1450,-1409
119900142,10,17,-7
119900143,20,231,-211
119900144,1173,215,958
119900145,92,171,-79
119900146,207,136,71
119900147,2,200,-198
119900148,447,28,419
119900149,560,10329,-9769
119900150,100,154,-54
119900151,2239,1269,970
119900152,289,108,181
119900153,289,44,245
119900154,57,335,-278
119900155,24,22,2
119900156,20,8,12
119900157,412,128,284
119900158,304,68,236
119900159,1,350,-349
119900160,30,167,-137
119900161,139,91,48
119900162,1600,778,822
119900163,79,145,-66
119900164,0,8,-8
119900165,294,106,188
119900166,103,48,55
119900167,3,60,-57
119900168,2350,348,2002
119900169,37,336,-299
119900170,162,239,-77
119900171,883,290,593
119900172,29,10,19
119900173,2,173,-171
119900174,5,158,-153
119900175,3304,291,3013
119900177,37,135,-98
119900178,24,100,-76
119900179,396,1424,-1028
119900180,2037,661,1376
119900181,14,131,-117
119900182,1,110,-109
119900183,97,648,-551
119900184,549,396,153
119900185,79,539,-460
119900186,26,2597,-2571
119900187,5,173,-168
119900188,303,284,19
119900189,159,430,-271
119900190,122,446,-324
119900191,131,415,-284
119900192,21,189,-168
119900193,724,128,596
119900194,37,44,-7
119900195,16,224,-208
119900196,239,84,155
119900197,539,299,240
119900198,139,279,-140
119900199,296,17,279
119900200,1155,474,681
119900201,199,167,32
119900202,30,388,-358
119900203,154,1037,-883
119900204,400,275,125
119900205,1808,254,1554
119900206,524,168,356
119900208,137,171,-34
119900209,702,3381,-2679
119900210,118,21,97
119900211,35,6,29
119900212,606,279,327
119900213,2,57,-55
119900214,114,20,94
119900215,76,12,64
119900216,27,11,16
119900217,2,9,-7
119900218,31,124,-93
119900219,30,65,-35
119900220,10,30,-20
119900221,70,49,21
119900222,29,39,-10
119900223,10,28,-18
119900224,17,13,4
119900225,254,13,241
119900226,154,2848,-2694
119900227,258,167,91
119900228,18,155,-137
119900229,80,187,-107
119900230,775,167,608
119900231,488,91,397
119900232,202,81,121
119900233,62,3,59
119900234,12,148,-136
119900235,4,44,-40
119900236,16,162,-146
119900237,27,188,-161
119900238,1,84,-83
119900240,99,96,3
119900241,210,137,73
119900242,1731,1478,253
119900244,933,1031,-98
119900245,388,318,70
119900246,129,512,-383
119900247,14,98,-84
119900248,37,716,-679
119900249,475,99,376
119900253,1530,275,1255
119900254,120,2191,-2071
119900255,122,683,-561
119900256,855,301,554
119900257,157,3,154
119900258,216,5,211
119900259,10,37,-27
119900260,233,6,227
119900261,776,139,637
119900262,3,178,-175
119900263,2320,141,2179
119900264,368,39,329
119900265,638,322,316
119900266,918,177,741
119900267,147,281,-134
119900268,447,64,383
119900269,1576,543,1033
119900271,28,89,-61
119900272,128,221,-93
119900275,268,24,244
119900276,226,14,212
119900277,46,7,39
119900278,596,90,506
119900279,184,473,-289
119900280,647,32,615
119900281,2,508,-506
119900282,50,150,-100
119900283,47,106,-59
119900284,17,139,-122
119900285,15,80,-65
119900286,0,13,-13
119900288,3,1,2
119900289,0,9,-9
119900290,2,2,0
119900291,1,45,-44
119900292,76,115,-39
119900293,21,40,-19
119900294,38,14,24
119900295,64,13,51
119900296,82,29,53
119900297,2,9,-7
119900298,16,4,12
119900299,95,191,-96
119900300,244,193,51
119900301,39,351,-312
119900302,33,372,-339
119900303,395,198,197
119900304,208,20,188
119900305,6,90,-84
119900306,17,3,14
119900307,56,76,-20
119900308,1,61,-60
119900309,35,509,-474
119900310,255,243,12
119900311,260,39,221
119900312,386,34,352
119900313,239,231,8
119900314,340,555,-215
119900315,2949,865,2084
119900318,47,139,-92
119900319,3,80,-77
119900320,528,244,284
119900321,264,12,252
120000001,11651,49314,-37663
120000002,3514,3456,58
120000003,2906,1153,1753
120000004,3910,1494,2416
120000005,2905,1646,1259
120000006,2146,1367,779
120000007,3605,6594,-2989
120000008,1570,1140,430
120000009,1892,956,936
120000010,3453,3322,131
120000011,1622,1592,30
120000012,2718,2194,524
120000013,6188,4068,2120
120000014,1667,2681,-1014
120000015,4645,2857,1788
120000016,5910,3076,2834
120000017,6577,6644,-67
120000018,4412,27429,-23017
120000019,1718,2130,-412
120000020,2879,4503,-1624
120000021,2536,2725,-189
120000022,3040,3998,-958
120000023,1943,2313,-370
120000024,1371,2705,-1334
120000025,3965,1996,1969
120000026,5057,2880,2177
120000027,3489,2440,1049
120000028,1100,3292,-2192
120000029,1628,2055,-427
120000030,155,1622,-1467
120000031,2179,7517,-5338
120000032,5510,3300,2210
120000033,5467,1371,4096
120000034,5562,1253,4309
120000035,5115,2071,3044
120000036,5095,6789,-1694
120000037,844,2400,-1556
120000038,5024,4129,895
120000039,704,1730,-1026
120000040,74,1571,-1497
120000041,528,1715,-1187
120000042,3044,2251,793
120000043,6532,1064,5468
120000044,9744,1280,8464
120000045,12196,870,11326
120000046,5741,5476,265
120000047,606,16628,-16022
120000048,13803,5794,8009
120000049,6563,6578,-15
120000050,4983,8615,-3632
120000051,2959,5797,-2838
120000052,7121,1336,5785
120000053,1903,1623,280
120000054,1651,2319,-668
120000055,1780,3180,-1400
120000056,5287,3701,1586
120000057,5504,1832,3672
120000058,1533,1773,-240
120000059,9,2183,-2174
120000061,272,1115,-843
120000062,169,368,-199
120000063,568,2359,-1791
120000064,585,681,-96
120000065,392,1384,-992
120000066,180,436,-256
120000067,20,135,-115
120000068,456,295,161
120000069,1208,324,884
120000070,306,385,-79
120000071,1410,97,1313
120000072,1635,564,1071
120000073,1620,38,1582
120000074,73,126,-53
120000075,1858,372,1486
120000076,4109,376,3733
120000077,4032,922,3110
120000078,2779,1558,1221
120000079,685,337,348
120000080,209,358,-149
120000081,486,194,292
120000082,616,400,216
120000083,91,1415,-1324
120000084,307,307,0
120000085,289,394,-105
120000086,329,252,77
120000087,403,251,152
120000088,1208,797,411
120000089,1302,510,792
120000090,1193,614,579
120000091,1586,739,847
120000092,1191,386,805
120000093,1181,501,680
120000094,432,1093,-661
120000095,1247,314,933
120000096,632,401,231
120000098,1379,698,681
120000099,584,548,36
120000100,1000,537,463
120000101,1162,386,776
120000102,1506,1616,-110
120000103,2488,1238,1250
120000104,3482,548,2934
120000105,4773,376,4397
120000106,5614,413,5201
120000107,10152,580,9572
120000108,3919,123,3796
120000109,2041,94,1947
120000110,60,743,-683
120000111,118,662,-544
120000112,563,1305,-742
120000113,607,1056,-449
120000114,436,1134,-698
120000115,421,1009,-588
120000116,430,1503,-1073
120000117,648,973,-325
120000118,135,120,15
120000119,30,48,-18
120000120,224,408,-184
120000121,21,39,-18
120000122,471,1648,-1177
120000123,2375,15673,-13298
120000124,785,888,-103
120000125,1845,628,1217
120000126,745,4332,-3587
120000127,1118,2310,-1192
120000128,3126,7005,-3879
120000129,409,268,141
120000130,1366,585,781
120000131,731,708,23
120000134,417,435,-18
120000135,1812,723,1089
120000137,398,287,111
120000138,3305,170,3135
120000139,590,312,278
120000140,2816,131,2685
120000141,414,659,-245
120000142,1370,489,881
120000143,0,35,-35
120000144,205,15,190
120000145,1347,3,1344
120000146,1416,2380,-964
120000149,830,666,164
120000150,2091,17097,-15006
120000151,1001,537,464
120000152,1782,185,1597
120000153,701,618,83
120000154,1250,1117,133
120000155,433,744,-311
120000156,822,4395,-3573
120000157,1970,710,1260
120000158,1543,685,858
120000159,2938,1600,1338
120000160,2789,1940,849
120000161,5529,3292,2237
120000162,247,510,-263
120000163,1339,705,634
120000164,909,187,722
120000165,1283,504,779
120000166,2249,425,1824
120000167,318,227,91
120000168,5,660,-655
120000169,33,1917,-1884
120000170,28,1773,-1745
120000171,2,640,-638
120000172,1,402,-401
120000173,191,1147,-956
120000174,23,46,-23
120000175,29,176,-147
120000176,27,92,-65
120000177,549,160,389
120000178,1,27,-26
120000179,17,57,-40
120000180,23,48,-25
120000181,37,1400,-1363
120000182,16,1028,-1012
120000183,1,337,-336
120000184,128,1372,-1244
120000186,11,1943,-1932
120000187,23,699,-676
120000188,20,779,-759
120000190,50,63,-13
120000191,72,96,-24
120000192,53,3,50
120000193,30,2,28
120000195,3,0,3
120000196,29,2,27
120000197,5,12,-7
120000198,525,20,505
120000199,724,2,722
120000200,529,1,528
120000201,113,153,-40
120000202,0,41,-41
120000203,482,164,318
120000207,0,28,-28
120000208,14,35,-21
120000209,35,18,17
120000210,69,39,30
120000211,635,4,631
120000212,703,1,702
120000213,508,98,410
120000214,0,64,-64
120000215,6,55,-49
120000216,601,39,562
120000217,248,973,-725
120000218,24,440,-416
120000219,6,227,-221
120000220,3,659,-656
120000225,4232,4,4228
120000226,859,16,843
120000227,1681,147,1534
120000228,11291,6251,5040
120000230,903,29,874
120000231,2625,729,1896
120000233,1199,14,1185
120000235,513,525,-12
120000236,2535,6,2529
120000237,0,870,-870
120000238,1,389,-388
120000241,1789,7287,-5498
120000412,366,7,359
120000413,1352,295,1057
120000414,588,7,581
120000415,1,81,-80
120000416,279,12,267
120000417,37,314,-277
120000418,751,17,734
120000419,34,33,1
120000420,112,4,108
120000421,9350,4665,4685
120000422,111,5064,-4953
120000423,5,221,-216
120000424,609,88,521
120000436,159,1988,-1829
120000437,93,125,-32
120000438,2122,299,1823
120000439,502,1191,-689
120000443,205,0,205
120000444,2865,671,2194
120000445,3596,2044,1552
120000446,3484,224,3260
120000447,899,6,893
120000449,507,8,499
120000450,35,126,-91
120000451,336,303,33
120000452,544,1,543
120000453,0,53,-53
120000454,35,79,-44
120000455,205,74,131
120000456,1864,8289,-6425
120000457,501,394,107
120000458,359,789,-430
120000459,304,115,189
120000665,90,478,-388
120000668,170,2937,-2767
120000669,651,152,499
120000670,88,1073,-985
120000671,5224,1394,3830
120000672,79,500,-421
120900001,153,64,89
120900002,141,865,-724
120900003,255,13,242
120900004,26,265,-239
120900005,284,277,7
120900006,1358,257,1101
120900007,376,113,263
120900008,830,480,350
120900009,302,31,271
120900010,1226,267,959
120900011,22,295,-273
120900012,31,1832,-1801
120900013,604,120,484
120900014,2,296,-294
120900015,1602,118,1484
120900016,3407,145,3262
120900017,2284,74,2210
120900018,329,165,164
120900019,621,606,15
120900020,420,982,-562
120900021,612,223,389
120900022,5,278,-273
120900023,480,45,435
120900024,1798,430,1368
120900025,1286,934,352
120900026,142,172,-30
120900027,525,34,491
120900028,911,257,654
120900029,16,1540,-1524
120900030,4122,811,3311
120900031,590,134,456
120900032,2358,75,2283
120900033,2457,139,2318
120900034,34,6306,-6272
120900035,114,91,23
120900037,759,22,737
120900038,300,606,-306
120900039,286,35,251
120900040,688,8,680
120900041,90,102,-12
120900042,898,28,870
120900043,128,72,56
120900044,4,811,-807
120900045,154,42,112
120900046,1248,24,1224
120900047,280,263,17
120900048,427,32,395
120900049,1162,3,1159
120900050,1064,4105,-3041
120900051,459,111,348
120900052,2071,11,2060
120900053,899,34,865
120900054,746,385,361
120900055,1419,10,1409
120900056,1475,44,1431
120900057,662,15,647
120900058,1260,3,1257
120900059,361,6,355
120900060,109,8,101
120900061,258,200,58
120900062,865,8,857
120900063,2284,33,2251
120900064,1590,0,1590
120900065,1404,1,1403
120900066,1308,159,1149
120900067,565,247,318
120900068,683,1,682
120900069,1128,26,1102
120900071,80,2,78
120900072,2028,25,2003
120900073,2153,56,2097
120900074,1180,31,1149
120900076,1068,1,1067
120900077,1624,538,1086
120900078,1545,262,1283
120900079,2276,210,2066
120900080,2701,427,2274
120900081,3408,454,2954
120900082,290,578,-288
120900083,171,0,171
120900084,982,610,372
120900085,56,74,-18
120900086,32,1072,-1040
120900087,762,329,433
120900088,273,1321,-1048
120900089,1728,6621,-4893
120900090,620,29,591
120900091,253,1088,-835
120900092,172,195,-23
120900093,1178,117,1061
120900094,234,197,37
120900095,446,13,433
120900096,151,138,13
120900097,738,565,173
120900098,133,119,14
120900099,35,86,-51
120900100,81,134,-53
120900101,53,140,-87
120900102,97,34,63
120900103,189,265,-76
120900104,16,37,-21
120900105,49,540,-491
120900106,291,181,110
120900107,95,101,-6
120900108,68,208,-140
120900109,30,339,-309
120900110,28,153,-125
120900111,221,162,59
120900112,61,222,-161
120900113,53,371,-318
120900114,36,209,-173
120900115,194,351,-157
120900116,1343,130,1213
120900117,17,72,-55
120900118,37,145,-108
120900119,9509,2501,7008
120900120,125,962,-837
120900121,11,284,-273
120900122,1582,139,1443
120900123,22,99,-77
120900124,2,141,-139
120900125,4,438,-434
120900126,191,510,-319
120900127,32,140,-108
120900128,307,559,-252
120900129,19,127,-108
120900130,4,201,-197
120900131,160,200,-40
120900132,2248,112,2136
120900133,72,560,-488
120900134,144,175,-31
120900135,7,161,-154
120900136,32,153,-121
120900137,570,111,459
120900138,5,138,-133
120900139,2,147,-145
120900140,4,140,-136
120900141,277,374,-97
120900142,80,144,-64
120900143,0,141,-141
120900144,0,36,-36
120900145,193,723,-530
120900146,1,113,-112
120900147,103,65,38
120900148,284,92,192
120900149,1,143,-142
120900150,108,178,-70
120900151,0,75,-75
120900152,0,5,-5
120900153,0,0,0
120900154,2,136,-134
120900155,354,281,73
120900156,863,214,649
120900157,0,4,-4
120900158,106,242,-136
120900159,4,54,-50
120900160,49,431,-382
120900161,26,353,-327
120900162,28,513,-485
120900163,61,893,-832
120900164,0,57,-57
120900165,2,144,-142
120900166,92,1057,-965
120900167,120,48,72
120900169,246,251,-5
120900170,202,7393,-7191
120900171,436,128,308
120900172,32,1874,-1842
120900173,13,58,-45
120900174,5,128,-123
120900175,284,154,130
120900176,30,565,-535
120900177,4,2856,-2852
120900178,2,1257,-1255
120900179,131,270,-139
120900180,41,386,-345
120900181,41,39,2
120900182,114,100,14
120900183,670,71,599
120900184,211,83,128
120900185,1013,2505,-1492
120900186,2,90,-88
120900187,1170,513,657
120900188,597,26,571
120900189,76,6704,-6628
120900190,529,13,516
120900191,287,26,261
120900192,5953,25254,-19301
120900194,159,237,-78
120900195,75,221,-146
120900196,228,110,118
120900197,1094,97,997
120900198,163,334,-171
120900199,442,379,63
120900200,13,104,-91
120900201,173,85,88
120900202,4,149,-145
120900203,44,65,-21
120900204,84,115,-31
120900205,117,8,109
120900206,129,50,79
120900207,24,688,-664
121000001,1053,3973,-2920
121000002,3077,3376,-299
121000003,9949,3076,6873
121000004,2650,4669,-2019
121000005,3322,4276,-954
121000006,3471,4085,-614
121000007,3805,9235,-5430
121000008,4110,6910,-2800
121000009,6498,12404,-5906
121000010,8105,8269,-164
121000011,8213,9875,-1662
121000012,12718,6162,6556
121000013,8512,7561,951
121000014,6535,5105,1430
121000015,7199,9937,-2738
121000016,4956,5588,-632
121000017,3166,1914,1252
121000018,4543,2474,2069
121000019,9593,7960,1633
121000020,10910,16412,-5502
121000021,2236,2079,157
121000022,2862,3576,-714
121000023,2908,1046,1862
121000024,5202,5714,-512
121000025,650,2002,-1352
121000026,551,280,271
121000027,1697,1771,-74
121000028,1033,1077,-44
121000029,1139,985,154
121000030,953,883,70
121000031,548,1274,-726
121000032,176,196,-20
121000034,550,2174,-1624
121000035,458,870,-412
121000036,1331,1773,-442
121000037,762,2166,-1404
121000038,382,1351,-969
121000039,228,517,-289
121000041,622,616,6
121000042,207,519,-312
121000043,682,686,-4
121000044,1901,1547,354
121000045,534,261,273
121000046,812,1167,-355
121000047,40,101,-61
121000049,1127,862,265
121000050,389,2839,-2450
121000051,753,617,136
121000052,480,1772,-1292
121000053,904,418,486
121000054,71,862,-791
121000055,1161,5350,-4189
121000056,1400,2055,-655
121000057,224,634,-410
121000058,205,86,119
121000059,4160,1905,2255
121000060,511,1580,-1069
121000061,26,552,-526
121000062,160,1787,-1627
121000063,999,1614,-615
121000064,701,1197,-496
121000065,114,926,-812
121000066,806,2088,-1282
121000067,454,1380,-926
121000068,481,608,-127
121000069,177,1851,-1674
121000070,1322,2461,-1139
121000071,2045,2977,-932
121000072,749,2778,-2029
121000073,1244,2212,-968
121000074,90,552,-462
121000075,6,327,-321
121000076,397,608,-211
121000077,157,247,-90
121000078,177,335,-158
121000080,3784,920,2864
121000081,6167,5324,843
121000082,83,600,-517
121000083,49,286,-237
121000084,317,287,30
121000085,525,714,-189
121000086,1974,544,1430
121000087,97,296,-199
121000088,733,651,82
121000089,192,698,-506
121000090,235,597,-362
121000091,1417,1188,229
121000092,231,107,124
121000093,337,336,1
121000094,391,1103,-712
121000095,145,1081,-936
121000096,8500,2503,5997
121000097,711,3451,-2740
121000098,896,640,256
121000099,1192,638,554
121000100,1274,278,996
121000101,429,183,246
121000102,460,142,318
121000103,268,177,91
121000104,479,66,413
121000105,596,123,473
121000106,402,200,202
121000107,1900,3568,-1668
121000109,1561,1026,535
121000110,188,864,-676
121000114,5067,3421,1646
121000115,5451,890,4561
121000116,524,1282,-758
121000117,298,452,-154
121000118,2054,447,1607
121000119,428,287,141
121000120,639,498,141
121000121,464,3222,-2758
121000123,753,553,200
121000127,107,253,-146
121000128,1557,167,1390
121000129,1379,112,1267
121000130,698,679,19
121000131,1467,759,708
121000132,580,937,-357
121000135,189,183,6
121000136,1074,2412,-1338
121000137,1760,546,1214
121000138,512,1769,-1257
121000139,178,564,-386
121000141,321,479,-158
121000142,632,724,-92
121000143,148,29,119
121000144,605,807,-202
121000145,987,1111,-124
121000146,1511,2095,-584
121000147,1485,688,797
121000148,1308,1076,232
121000149,3411,3265,146
121000152,367,447,-80
121000153,2123,701,1422
121000154,2143,787,1356
121000155,5489,1878,3611
121000156,597,1494,-897
121000157,1075,1389,-314
121000158,335,416,-81
121000159,304,546,-242
121000160,302,640,-338
121000161,432,392,40
121000162,164,99,65
121000165,1433,2081,-648
121000166,70,778,-708
121000168,545,366,179
121000169,170,296,-126
121000170,385,94,291
121000171,163,394,-231
121000172,1712,2409,-697
121000173,2194,2136,58
121000174,1107,885,222
121000175,2702,1169,1533
121000176,883,511,372
121000177,1059,1216,-157
121000178,61,141,-80
121000179,64,75,-11
121000181,442,444,-2
121000182,314,594,-280
121000183,55,260,-205
121000184,25,467,-442
121000185,61,670,-609
121000186,432,1338,-906
121000187,377,125,252
121000188,522,118,404
121000192,1115,474,641
121000193,999,494,505
121000194,3064,3145,-81
121000195,432,2387,-1955
121000196,883,805,78
121000197,126,2830,-2704
121000198,219,466,-247
121000199,224,1136,-912
121000200,851,394,457
121000201,15,527,-512
121000202,747,321,426
121000203,836,2645,-1809
121000204,4311,958,3353
121000205,97,323,-226
121000206,131,173,-42
121000207,2926,680,2246
121000208,4,387,-383
121000209,1419,90,1329
121000210,955,626,329
121000211,790,188,602
121000212,550,1018,-468
121000213,28639,4774,23865
121000214,2192,3052,-860
121000215,848,4324,-3476
121000216,744,990,-246
121000217,5448,5202,246
121000218,683,4222,-3539
121000219,2465,1538,927
121000220,438,184,254
121000221,351,949,-598
121000222,8937,5547,3390
121000223,368,1775,-1407
121000224,321,945,-624
121000225,883,8537,-7654
121000226,1071,3405,-2334
121000227,17,236,-219
121000228,43,1269,-1226
121000229,742,937,-195
121000230,153,4770,-4617
121000231,3059,14,3045
121000232,891,475,416
121000233,1112,511,601
121000234,14,104,-90
121000235,68,117,-49
121000236,5,27,-22
121000237,15,38,-23
121000238,3,108,-105
121000239,73,5,68
121000240,3,227,-224
121000241,113,23,90
121000242,75,572,-497
121000243,219,88,131
121000244,0,55,-55
121000245,40,30,10
121000246,2,93,-91
121000247,136,6,130
121000248,698,898,-200
121000249,176,786,-610
121000250,711,932,-221
121000251,9,465,-456
121000252,143,231,-88
121000253,782,1411,-629
121000254,1281,650,631
121000255,207,1066,-859
121000256,458,706,-248
121000257,40,318,-278
121000258,72,429,-357
121000259,25,374,-349
121000260,49,588,-539
121000261,33,509,-476
121000262,3908,327,3581
121000263,510,583,-73
121000271,1762,2418,-656
121000273,77,61,16
121000274,25,324,-299
121000275,18,50,-32
121000276,8,84,-76
121000278,145,153,-8
121000279,75,126,-51
121000280,48,200,-152
121000289,804,21,783
121000290,2379,2343,36
121000294,400,73,327
121000297,395,1755,-1360
121000299,195,7448,-7253
121000300,2589,1022,1567
121000302,16,784,-768
121000303,828,353,475
121000304,659,89,570
121000305,443,120,323
121000306,411,510,-99
121000308,75,348,-273
121000309,201,540,-339
121000310,99,439,-340
121000311,56,336,-280
121000312,867,655,212
121000313,480,315,165
121000314,35,64,-29
121000315,19,100,-81
121000530,2783,3303,-520
121000531,3279,2169,1110
121000532,6488,6192,296
121000533,4123,4728,-605
121000918,31,117,-86
121000919,40,192,-152
121000938,158,68,90
121000939,65,408,-343
121000956,2115,2585,-470
121000957,6,72,-66
121000958,10,597,-587
121000959,1946,390,1556
121000960,2344,1591,753
121000961,678,93,585
121000962,474,502,-28
121000973,1,505,-504
121000976,8,110,-102
121000979,656,189,467
121000981,642,117,525
121000982,669,394,275
121000983,1036,181,855
121000984,3,153,-150
121000985,1322,858,464
121000986,930,530,400
121000987,424,978,-554
121000988,1615,183,1432
121001302,466,172,294
121001308,1,122,-121
121001309,43,394,-351
121001311,0,0,0
121001313,437,109,328
121001314,2809,1831,978
121001315,7182,5045,2137
121001326,803,417,386
121900001,140,542,-402
121900002,65,387,-322
121900003,399,14,385
121900004,87,1727,-1640
121900005,17,20,-3
121900006,180,30,150
121900007,3363,1906,1457
121900008,45,246,-201
121900009,1698,44,1654
121900010,354,2,352
121900011,245,111,134
121900012,2,8,-6
121900013,148,156,-8
121900014,5740,502,5238
121900015,140,269,-129
121900016,26,50,-24
121900017,700,1206,-506
121900018,839,6,833
121900019,925,215,710
121900020,102,0,102
121900021,1160,100,1060
121900022,229,307,-78
121900023,248,557,-309
121900024,908,19,889
121900025,820,828,-8
121900026,603,149,454
121900027,451,294,157
121900028,431,18,413
121900029,82,835,-753
121900030,390,723,-333
121900031,2125,8673,-6548
121900032,213,128,85
121900033,171,405,-234
121900034,166,646,-480
121900035,12048,5166,6882
121900036,152,564,-412
121900037,121,1767,-1646
121900038,58,165,-107
121900039,317,20,297
121900040,45,86,-41
121900041,29,298,-269
121900042,520,246,274
121900043,0,1,-1
121900044,102,38,64
121900046,141,266,-125
121900047,208,143,65
121900048,112,145,-33
121900050,37,96,-59
121900051,221,483,-262
121900052,189,86,103
121900053,529,399,130
121900054,398,2766,-2368
121900055,20,32,-12
121900058,495,628,-133
121900059,272,210,62
121900060,181,824,-643
121900061,218,106,112
121900062,97,71,26
121900063,1983,822,1161
121900064,496,1006,-510
121900066,67,31,36
121900067,62,37,25
121900069,219,326,-107
121900070,127,312,-185
121900071,1073,546,527
121900072,79,230,-151
121900073,196,527,-331
121900074,425,616,-191
121900075,351,1288,-937
121900076,540,2660,-2120
121900077,36,5,31
121900078,165,62,103
121900079,0,1,-1
121900080,1128,322,806
121900082,134,114,20
121900084,29,38,-9
121900085,1,9,-8
121900086,45,65,-20
121900087,62,176,-114
121900088,2137,2589,-452
121900089,494,325,169
121900090,5,31,-26
121900091,133,48,85
121900092,206,90,116
121900093,121,102,19
121900094,15,15,0
121900095,575,152,423
121900096,1147,1075,72
121900097,1024,164,860
121900098,20,0,20
121900099,314,16,298
121900100,58,146,-88
121900101,78,143,-65
121900102,1,104,-103
121900103,424,421,3
121900104,2957,610,2347
121900105,322,180,142
121900106,7,7,0
121900107,174,18,156
121900108,0,5,-5
121900109,237,159,78
121900110,1051,737,314
121900111,1016,570,446
121900112,156,275,-119
121900113,123,808,-685
121900114,30,74,-44
121900117,108,561,-453
121900118,3797,949,2848
121900119,168,69,99
121900120,263,1097,-834
121900121,721,48,673
121900122,55,25,30
121900123,426,409,17
121900124,398,238,160
121900125,5562,1832,3730
121900127,9,175,-166
121900128,127,115,12
121900129,346,84,262
121900130,113,721,-608
121900131,459,169,290
121900132,108,135,-27
121900133,8,646,-638
121900134,11,798,-787
121900135,6631,609,6022
121900136,427,397,30
121900137,39,511,-472
121900138,62,419,-357
121900139,492,4824,-4332
121900140,57,125,-68
121900141,73,111,-38
121900142,72,68,4
121900143,33,56,-23
121900144,179,941,-762
121900145,142,228,-86
121900146,429,901,-472
121900147,38,583,-545
121900148,340,566,-226
121900149,420,400,20
121900150,85,507,-422
121900151,54,568,-514
121900152,211,52,159
121900153,7,212,-205
121900154,20,669,-649
121900155,2,850,-848
121900156,195,339,-144
121900157,2,436,-434
121900158,150,164,-14
121900159,0,127,-127
121900160,15,303,-288
121900161,158,598,-440
121900162,108,351,-243
121900163,725,182,543
121900164,228,364,-136
121900165,208,362,-154
121900166,152,219,-67
121900167,48,74,-26
121900168,132,59,73
121900169,30,485,-455
121900170,15,132,-117
121900171,968,968,0
121900172,920,514,406
121900173,1141,650,491
121900174,61,44,17
121900175,77,1633,-1556
121900176,723,3049,-2326
121900177,144,116,28
121900178,64,117,-53
121900179,386,575,-189
121900180,2148,7231,-5083
121900182,921,1427,-506
121900183,259,2215,-1956
121900184,20,1361,-1341
121900186,7,808,-801
121900187,15,135,-120
121900188,2169,164,2005
121900189,151,56,95
121900190,347,654,-307
121900191,38,1092,-1054
121900192,359,3516,-3157
121900193,61,413,-352
121900194,19,257,-238
121900195,9,60,-51
121900196,1847,1358,489
121900197,426,1431,-1005
121900198,5133,4075,1058
121900199,2,27,-25
121900200,40,369,-329
121900201,1737,895,842
121900202,316,1337,-1021
121900203,118,1848,-1730
121900204,2719,1758,961
121900205,9,181,-172
121900206,11,205,-194
121900207,75,97,-22
121900208,95,984,-889
121900209,61,108,-47
121900210,3115,1450,1665
121900211,1528,606,922
121900212,29,189,-160
121900213,633,23,610
121900214,2,590,-588
121900215,56,325,-269
121900216,4,519,-515
121900217,401,383,18
121900218,187,835,-648
121900220,103,24,79
121900221,920,634,286
121900222,443,69,374
121900223,221,232,-11
121900224,129,175,-46
121900225,182,1251,-1069
121900226,308,27,281
121900227,434,5175,-4741
121900228,226,138,88
121900230,67,562,-495
121900231,39,2093,-2054
121900232,220,968,-748
121900233,1173,325,848
121900234,355,621,-266
121900235,912,158,754
121900236,385,415,-30
121900237,310,1407,-1097
121900238,334,764,-430
121900239,149,86,63
121900240,173,347,-174
121900241,35,36,-1
121900242,57,13,44
121900243,1,0,1
121900244,3,1,2
121900245,774,49,725
121900246,10361,711,9650
121900248,2514,997,1517
121900250,120,375,-255
121900251,1083,59,1024
121900252,414,190,224
121900253,67,1676,-1609
121900254,265,504,-239
121900255,988,257,731
121900258,7054,1943,5111
121900259,101,593,-492
121900260,245,229,16
121900261,86,1023,-937
121900262,1002,2010,-1008
121900263,349,245,104
121900264,1160,858,302
121900265,625,214,411
121900266,826,172,654
121900267,299,43,256
121900269,652,1322,-670
121900270,75,363,-288
121900271,56,261,-205
121900273,540,2674,-2134
121900274,569,362,207
121900277,291,2810,-2519
121900278,72,3796,-3724
121900279,239,326,-87
121900280,69,346,-277
121900281,148,642,-494
121900284,80,1,79
121900286,233,195,38
121900287,12,94,-82
121900288,4,0,4
121900290,263,2331,-2068
121900291,498,2391,-1893
121900292,197,171,26
121900293,1074,10741,-9667
121900294,657,5,652
121900295,244,103,141
121900296,124,378,-254
121900298,157,1893,-1736
121900299,0,6,-6
121900300,68,7,61
121900301,23,0,23
121900302,1,127,-126
121900303,151,1386,-1235
121900304,59,67,-8
121900305,32,48,-16
121900306,575,0,575
121900307,264,19,245
121900308,16,335,-319
121900309,33,293,-260
121900310,27,215,-188
121900311,959,22,937
121900312,628,29,599
121900313,676,33,643
121900314,4,15,-11
121900315,62,1,61
121900316,0,7,-7
121900317,19,8,11
121900318,4,4,0
121900319,102,275,-173
121900320,100,26,74
121900321,38,0,38
121900322,5,15,-10
121900323,104,36,68
121900324,1,85,-84
121900325,55,0,55
121900326,5,3,2
121900327,6,46,-40
121900328,1,94,-93
121900329,2,39,-37
121900330,2,134,-132
121900331,30,37,-7
121900332,95,39,56
121900333,186,7,179
121900334,78,61,17
122000001,1579,4854,-3275
122000002,2604,999,1605
122000003,1086,2561,-1475
122000004,1224,1275,-51
122000005,8386,2583,5803
122000006,539,1402,-863
122000007,662,1925,-1263
122000008,1209,3398,-2189
122000009,593,524,69
122000010,3043,3377,-334
122000011,7128,2636,4492
122000012,868,4798,-3930
122000013,552,2508,-1956
122000014,7633,2519,5114
122000015,1535,1138,397
122000016,438,600,-162
122000017,1566,1794,-228
122000018,4149,3138,1011
122000019,1048,3383,-2335
122000020,193,776,-583
122000021,154,398,-244
122000022,1593,2331,-738
122000023,1478,3164,-1686
122000024,442,4088,-3646
122000025,591,4248,-3657
122000026,288,1346,-1058
122000027,1053,976,77
122000028,2917,1042,1875
122000029,253,2307,-2054
122000030,177,314,-137
122000031,202,947,-745
122000032,7081,4141,2940
122000033,497,4974,-4477
122000034,283,1381,-1098
122000035,268,509,-241
122000036,499,1417,-918
122000037,1417,319,1098
122000038,229,743,-514
122000039,597,1362,-765
122000040,193,517,-324
122000041,2106,1353,753
122000042,488,1170,-682
122000043,89,287,-198
122000044,78,215,-137
122000045,2781,1380,1401
122000046,1087,2335,-1248
122000047,65,414,-349
122000048,2028,4568,-2540
122000049,9578,5456,4122
122000050,607,1060,-453
122000051,308,758,-450
122000052,761,586,175
122000053,311,1561,-1250
122000054,2048,3597,-1549
122000055,1670,4382,-2712
122000056,3884,2573,1311
122000057,5572,3623,1949
122000058,679,1865,-1186
122000059,673,3475,-2802
122000060,308,1314,-1006
122000061,143,830,-687
122000062,717,324,393
122000063,263,1521,-1258
122000064,2858,8805,-5947
122000065,2452,6274,-3822
122000066,900,4711,-3811
122000067,1686,3122,-1436
122000068,6895,1981,4914
122000069,2229,2340,-111
122000070,2308,2179,129
122000071,5845,1592,4253
122000072,2045,1028,1017
122000073,152,2192,-2040
122000074,2817,2901,-84
122000075,1382,1303,79
122000076,10167,2623,7544
122000077,644,2916,-2272
122000078,486,3506,-3020
122000079,193,3939,-3746
122000080,596,801,-205
122000081,130,421,-291
122000082,248,1700,-1452
122000083,13655,1150,12505
122000084,6887,2434,4453
122000085,506,1311,-805
122000086,4958,11865,-6907
122000087,274,263,11
122000088,46,260,-214
122000089,10502,4223,6279
122000090,982,3058,-2076
122000091,134,2075,-1941
122000092,45,132,-87
122000093,2128,7821,-5693
122000094,10877,4323,6554
122000095,810,7712,-6902
122000096,426,4518,-4092
122000098,5819,5120,699
122000099,498,3030,-2532
122000100,777,830,-53
122000101,323,790,-467
122000102,7080,1942,5138
122000103,1297,4241,-2944
122000104,2441,205,2236
122000105,249,662,-413
122000106,653,2297,-1644
122000107,1708,598,1110
122000108,749,1068,-319
122000109,462,331,131
122000110,950,740,210
122000111,4251,1936,2315
122000112,2713,2658,55
122000113,682,1277,-595
122000114,1481,5319,-3838
122000115,3190,1833,1357
122000116,232,660,-428
122000117,1907,460,1447
122000118,998,427,571
122000119,2760,1250,1510
122000120,703,2526,-1823
122000121,636,1726,-1090
122000122,306,631,-325
122000123,1149,1702,-553
122000124,644,499,145
122000125,449,734,-285
122000126,350,493,-143
122000127,304,574,-270
122000128,258,408,-150
122000129,522,2932,-2410
122000130,3234,1074,2160
122000131,1140,931,209
122000132,356,422,-66
122000133,1045,967,78
122000134,1528,928,600
122000135,465,216,249
122000136,937,590,347
122000137,3353,1534,1819
122000139,1049,5169,-4120
122000140,219,2512,-2293
122000141,8479,4649,3830
122000142,178,6009,-5831
122000143,245,407,-162
122000144,2100,1795,305
122000145,935,1719,-784
122000146,410,5570,-5160
122000147,409,1393,-984
122000148,352,1881,-1529
122000149,2356,1183,1173
122000150,1887,1508,379
122000151,159,489,-330
122000152,463,498,-35
122000153,492,683,-191
122000154,310,285,25
122000155,1556,3524,-1968
122000156,13116,6147,6969
122000157,621,13382,-12761
122000158,351,2098,-1747
122000159,838,1495,-657
122000160,2286,1709,577
122000161,1256,1039,217
122000162,1000,1168,-168
122000163,662,182,480
122000164,67,331,-264
122000165,1259,2311,-1052
122000166,863,3417,-2554
122000167,453,1007,-554
122000168,319,2291,-1972
122000169,515,375,140
122000170,323,442,-119
122000171,26,111,-85
122000172,3297,2058,1239
122000173,2268,4220,-1952
122000174,1184,3346,-2162
122000175,924,585,339
122000176,498,2235,-1737
122000177,979,2083,-1104
122000178,7757,5082,2675
122000179,4009,4527,-518
122000180,654,1198,-544
122000181,868,1931,-1063
122000182,1845,1484,361
122000183,3740,1182,2558
122000184,3872,3967,-95
122000185,1104,4077,-2973
122000186,1051,3524,-2473
122000187,2111,2938,-827
122000188,549,497,52
122000189,331,429,-98
122000190,614,2693,-2079
122000191,1078,1082,-4
122000192,1396,742,654
122000193,623,1542,-919
122000194,620,500,120
122000195,163,2025,-1862
122000196,1049,474,575
122000197,428,972,-544
122000198,486,3903,-3417
122000199,468,551,-83
122000200,1127,995,132
122000201,1582,4165,-2583
122000202,881,3350,-2469
122000203,2397,1807,590
122000204,1131,1389,-258
122000205,758,687,71
122000206,10718,1783,8935
122000207,2020,3672,-1652
122000208,2362,5313,-2951
122000209,2923,1182,1741
122000210,2212,5319,-3107
122000211,1464,3313,-1849
122000212,972,517,455
122000213,1151,2753,-1602
122000214,2506,2590,-84
122000215,3923,2581,1342
122000217,1697,4371,-2674
122000218,962,128,834
122000219,2402,1407,995
122000220,381,1080,-699
122000221,192,531,-339
122000222,692,150,542
122000223,673,814,-141
122000225,613,547,66
122000226,1197,1591,-394
122000227,185,1678,-1493
122000228,191,289,-98
122000229,6,341,-335
122000230,31,565,-534
122000231,304,631,-327
122000232,657,691,-34
122000233,0,83,-83
122000234,603,88,515
122000235,800,112,688
122000236,1967,54,1913
122000237,101,95,6
122000238,261,552,-291
122000239,815,263,552
122000240,1468,763,705
122000241,3503,769,2734
122000242,728,210,518
122000243,737,45,692
122000244,89,559,-470
122000245,188,95,93
122000246,535,303,232
122000247,736,310,426
122000248,1922,828,1094
122000249,2262,1419,843
122000250,3085,1586,1499
122000251,98,259,-161
122000252,205,86,119
122000253,53,163,-110
122000254,538,69,469
122000255,567,784,-217
122000256,295,683,-388
122000257,521,122,399
122000258,346,376,-30
122000259,72,443,-371
122000260,14,58,-44
122000261,16,498,-482
122000262,1,23,-22
122000263,340,405,-65
122000264,2542,682,1860
122000265,4651,1834,2817
122000266,5572,975,4597
122000267,122,171,-49
122000268,205,517,-312
122000269,1236,528,708
122000270,815,617,198
122000271,172,5094,-4922
122000272,490,1685,-1195
122000273,664,768,-104
122000274,359,364,-5
122000275,60,237,-177
122000276,1551,570,981
122000277,1450,2252,-802
122000278,2426,243,2183
122000279,234,305,-71
122000280,647,696,-49
122000281,547,422,125
122000282,78,417,-339
122000283,330,228,102
122000284,111,154,-43
122000285,584,83,501
122000286,149,108,41
122000287,2207,1545,662
122000288,724,350,374
122000291,4621,1148,3473
122000293,278,126,152
122000294,160,572,-412
122000295,1520,194,1326
122000296,52,1869,-1817
122000297,2494,4903,-2409
122000299,845,384,461
122000300,556,478,78
122000301,12052,4371,7681
122000302,625,4992,-4367
122000303,2760,1203,1557
122000304,32,398,-366
122000305,2567,619,1948
122000306,148,332,-184
122000307,156,184,-28
122000309,54,62,-8
122000310,45,96,-51
122000311,47,159,-112
122000312,202,267,-65
122000313,30,169,-139
122000314,218,671,-453
122000315,449,56,393
122000316,1869,483,1386
122000317,3989,409,3580
122000318,401,2330,-1929
122000319,142,420,-278
122000320,530,1315,-785
122000321,126,305,-179
122000322,2210,2661,-451
122000323,635,3305,-2670
122000324,2139,3393,-1254
122000325,943,4879,-3936
122000326,208,122,86
122000327,400,2032,-1632
122000328,632,1361,-729
122000330,3781,3607,174
122000332,358,729,-371
122000333,39,76,-37
122000337,1315,437,878
122000338,680,196,484
122000340,250,5354,-5104
122000342,2550,919,1631
122000343,725,506,219
122000344,235,11,224
122000345,14,20,-6
122000346,186,142,44
122000348,559,884,-325
122000349,58,777,-719
122000351,294,383,-89
122000352,215,215,0
122000353,212,88,124
122000355,201,430,-229
122000356,291,3345,-3054
122000357,78,12,66
122000358,18,15,3
122000359,0,22,-22
122000360,6,8,-2
122000362,21,28,-7
122000364,309,227,82
122000365,7,50,-43
122000366,13,15,-2
122000368,483,876,-393
122000370,22,18,4
122000371,48,0,48
122000372,3,0,3
122000381,263,590,-327
122000382,67,268,-201
122000384,1327,1436,-109
122000385,116,0,116
122000386,152,2874,-2722
122000387,414,2749,-2335
122000388,1570,2617,-1047
122000389,293,2308,-2015
122000390,393,1245,-852
122000391,70,2136,-2066
122000392,212,247,-35
122000393,48,118,-70
122000394,1066,308,758
122000395,235,195,40
122000396,497,129,368
122000397,40,127,-87
122000398,17,247,-230
122000399,110,83,27
122000400,24,2032,-2008
122000401,184,74,110
122000402,680,325,355
122000403,790,580,210
122000404,394,385,9
122000408,521,877,-356
122000503,2,139,-137
122000524,47,716,-669
122000544,51,3733,-3682
122000616,193,1,192
122000640,181,79,102
122000641,301,282,19
122000642,2127,564,1563
122000643,53,420,-367
122000644,281,73,208
122000645,24,225,-201
122000651,374,3858,-3484
122000664,333,196,137
122000665,2347,910,1437
122000666,529,1142,-613
122000673,88,196,-108
122000674,1042,532,510
122000675,3357,757,2600
122000686,530,3759,-3229
122000687,2670,411,2259
122000688,335,847,-512
122000689,1473,352,1121
122000690,4753,413,4340
122000691,1273,1463,-190
122000692,1486,289,1197
122000693,414,1000,-586
122000695,500,312,188
122000696,1169,272,897
122000698,593,276,317
122000699,663,102,561
122000701,4336,273,4063
122000702,739,1636,-897
122000703,327,188,139
122000712,0,0,0
122000717,125,132,-7
122000718,503,5025,-4522
122000719,18,249,-231
122000720,1300,146,1154
122000724,247,284,-37
122900001,33,32,1
122900002,884,10226,-9342
122900003,862,31,831
122900004,1801,149,1652
122900005,27,75,-48
122900006,326,730,-404
122900007,91,206,-115
122900008,209,96,113
122900009,1462,377,1085
122900010,260,106,154
122900012,188,492,-304
122900014,91,117,-26
122900015,1488,983,505
122900016,228,204,24
122900017,346,2837,-2491
122900018,214,9,205
122900019,23,186,-163
122900020,299,310,-11
122900021,135,542,-407
122900022,1850,1200,650
122900023,1229,224,1005
122900024,90,147,-57
122900025,13,271,-258
122900026,16,169,-153
122900027,35,979,-944
122900028,37,56,-19
122900029,12394,2432,9962
122900030,5293,597,4696
122900031,18,510,-492
122900032,1663,639,1024
122900033,248,268,-20
122900034,6990,5665,1325
122900035,26,9,17
122900036,76,68,8
122900037,661,583,78
122900038,131,3796,-3665
122900039,79,620,-541
122900040,277,1929,-1652
122900041,172,595,-423
122900042,220,347,-127
122900043,627,522,105
122900044,204,512,-308
122900045,242,639,-397
122900046,175,492,-317
122900047,86,197,-111
122900048,16,353,-337
122900049,6280,199,6081
122900051,52,1857,-1805
122900052,173,82,91
122900053,9,36,-27
122900055,302,66,236
122900057,417,25,392
122900061,692,58,634
122900062,678,1146,-468
122900063,301,147,154
122900064,1018,473,545
122900065,799,271,528
122900066,780,313,467
122900067,806,404,402
122900069,573,2464,-1891
122900070,379,48,331
122900071,107,416,-309
122900072,23,328,-305
122900073,30,107,-77
122900074,1231,149,1082
122900075,1,304,-303
122900076,7,540,-533
122900077,0,61,-61
122900078,406,13,393
122900080,49,55,-6
122900081,167,466,-299
122900082,1404,122,1282
122900083,81,55,26
122900084,10,146,-136
122900086,16,89,-73
122900087,482,612,-130
122900088,27,885,-858
122900089,48,628,-580
122900090,4,252,-248
122900091,507,2,505
122900092,1,145,-144
122900093,0,127,-127
122900094,3,168,-165
122900095,259,13,246
122900096,577,229,348
122900097,20,49,-29
122900098,28,146,-118
122900099,188,42,146
122900100,71,875,-804
122900101,693,325,368
122900102,76,32,44
122900103,520,9,511
122900104,403,8,395
122900105,45,16,29
122900106,0,48,-48
122900107,4,82,-78
122900108,2,170,-168
123000001,887,1827,-940
123000002,2997,8675,-5678
123000003,6746,6199,547
123000004,4820,4533,287
123000005,4716,3287,1429
123000006,4027,2220,1807
123000007,5286,3015,2271
123000008,3414,3706,-292
123000009,5352,4627,725
123000010,3787,6982,-3195
123000011,2300,3389,-1089
123000012,975,8741,-7766
123000013,8138,2508,5630
123000014,928,4676,-3748
123000015,3563,1591,1972
123000016,3864,3521,343
123000017,6622,2277,4345
123000018,152,155,-3
123000019,1050,44,1006
123000020,606,25,581
123000021,287,435,-148
123000022,1034,2782,-1748
123000023,3226,4314,-1088
123000024,2682,1920,762
123000025,471,110,361
123000026,45,248,-203
123000027,41,1128,-1087
123000028,414,2539,-2125
123000029,381,1516,-1135
123000030,360,280,80
123000031,546,196,350
123000032,1079,243,836
123000033,722,383,339
123000034,1615,1188,427
123000035,424,763,-339
123000036,212,1958,-1746
123000037,279,168,111
123000038,65,484,-419
123000039,870,2202,-1332
123000040,620,271,349
123000041,602,2240,-1638
123000042,478,1658,-1180
123000043,2132,20852,-18720
123000044,3500,3006,494
123000045,5343,2667,2676
123000046,264,1698,-1434
123000047,480,1739,-1259
123000048,89,2036,-1947
123000049,6185,13063,-6878
123000050,3126,2407,719
123000051,91,367,-276
123000052,1145,3942,-2797
123000053,3302,3173,129
123000054,3708,2462,1246
123000055,2701,7234,-4533
123000056,1647,751,896
123000057,4140,7190,-3050
123000058,951,2178,-1227
123000059,339,464,-125
123000060,1628,418,1210
123000061,388,587,-199
123000063,1929,1631,298
123000064,2365,301,2064
123000065,5222,3307,1915
123000066,602,668,-66
123000067,1757,679,1078
123000068,2353,2394,-41
123000069,3602,1548,2054
123000070,246,634,-388
123000071,3521,1066,2455
123000072,1796,902,894
123000073,4512,1076,3436
123000074,2019,1702,317
123000075,598,2865,-2267
123000076,1380,676,704
123000077,3413,1584,1829
123000078,4903,1750,3153
123000079,4156,2302,1854
123000080,4523,1377,3146
123000081,354,619,-265
123000082,414,1046,-632
123000083,1997,255,1742
123000084,1519,674,845
123000085,811,184,627
123000086,2092,193,1899
123000087,808,211,597
123000088,2057,619,1438
123000089,2103,1622,481
123000090,2748,1181,1567
123000091,3488,2108,1380
123000092,1539,1968,-429
123000094,1305,231,1074
123000095,1630,870,760
123000096,1997,505,1492
123000097,1548,466,1082
123000098,1819,653,1166
123000099,1563,421,1142
123000100,399,1156,-757
123000101,441,451,-10
123000102,907,1412,-505
123000104,597,614,-17
123000105,592,395,197
123000106,860,567,293
123000107,497,355,142
123000108,870,1253,-383
123000111,1935,532,1403
123000112,2267,599,1668
123000113,955,823,132
123000114,522,874,-352
123000115,398,541,-143
123000116,96,156,-60
123000117,3372,1732,1640
123000118,943,562,381
123000119,345,569,-224
123000120,407,916,-509
123000121,948,963,-15
123000122,592,484,108
123000123,1004,826,178
123000124,706,398,308
123000125,2167,1658,509
123000126,1495,8025,-6530
123000127,571,640,-69
123000128,386,391,-5
123000129,1677,208,1469
123000130,1832,123,1709
123000131,2667,1415,1252
123000132,593,953,-360
123000133,269,457,-188
123000134,362,119,243
123000135,4242,1404,2838
123000136,299,459,-160
123000137,210,267,-57
123000138,223,368,-145
123000139,1162,290,872
123000140,64,561,-497
123000141,889,160,729
123000142,1429,1115,314
123000143,1207,2885,-1678
123000144,4,41,-37
123000145,276,274,2
123000146,13,360,-347
123000147,94,348,-254
123000149,414,535,-121
123000150,181,311,-130
123000151,237,770,-533
123000152,14,485,-471
123000153,138,967,-829
123000154,1530,2940,-1410
123000155,2310,2240,70
123000156,41,126,-85
123000157,1186,1322,-136
123000158,785,1293,-508
123000159,4857,7057,-2200
123000160,1801,2257,-456
123000161,2117,1561,556
123000162,2794,2561,233
123000163,1217,307,910
123000164,3602,245,3357
123000165,398,1310,-912
123000166,57,128,-71
123000167,285,364,-79
123000168,577,234,343
123000169,1850,193,1657
123000170,206,77,129
123000171,2211,11,2200
123000172,124,694,-570
123000173,1042,378,664
123000174,1250,648,602
123000175,494,1145,-651
123000176,1495,343,1152
123000177,522,866,-344
123000178,1650,270,1380
123000179,67,875,-808
123000180,2401,586,1815
123000181,396,876,-480
123000182,374,309,65
123000183,230,782,-552
123000184,37,647,-610
123000185,1572,808,764
123000186,7,296,-289
123000187,1036,11,1025
123000188,617,3,614
123000189,323,186,137
123000190,97,53,44
123000192,8,394,-386
123000193,27,738,-711
123000194,338,270,68
123000195,713,33,680
123000196,758,104,654
123000197,179,143,36
123000198,137,467,-330
123000199,16,435,-419
123000200,1175,4,1171
123000201,2326,18,2308
123000202,37,416,-379
123000203,2084,42,2042
123000204,51,431,-380
123000205,148,663,-515
123000206,4348,183,4165
123000207,71,743,-672
123000208,1209,161,1048
123000209,2860,844,2016
123000210,127,1544,-1417
123000211,486,1655,-1169
123000212,6901,471,6430
123000213,906,33,873
123000215,123,298,-175
123000216,206,2125,-1919
123000217,395,31,364
123000218,17,671,-654
123000219,985,131,854
123000220,977,118,859
123000221,261,329,-68
123000222,474,363,111
123000223,833,194,639
123000224,779,454,325
123000225,354,55,299
123000226,155,548,-393
123000227,106,278,-172
123000228,639,45,594
123000229,799,1499,-700
123000232,140,404,-264
123000233,1254,187,1067
123000234,115,635,-520
123000235,2165,355,1810
123000236,379,453,-74
123000237,645,179,466
123000238,71,428,-357
123000239,483,737,-254
123000240,149,1545,-1396
123000241,569,155,414
123000242,105,353,-248
123000243,1109,1200,-91
123000244,995,560,435
123000245,61,244,-183
123000249,504,1008,-504
123000252,1316,639,677
123000253,2514,861,1653
123000254,1015,807,208
123000255,1306,840,466
123000256,38,188,-150
123000257,3034,1085,1949
123000258,1247,581,666
123000259,701,546,155
123000260,1071,339,732
123000261,550,201,349
123000262,71,191,-120
123000263,753,104,649
123000264,257,94,163
123000265,43,178,-135
123000266,546,530,16
123000267,1052,433,619
123000268,83,97,-14
123000269,44,144,-100
123000270,97,111,-14
123000271,62,67,-5
123000272,1040,449,591
123000273,459,1603,-1144
123000274,1749,1338,411
123000275,287,989,-702
123000278,1983,5999,-4016
123000279,341,97,244
123000280,447,408,39
123000281,547,253,294
123000282,163,520,-357
123000283,300,121,179
123000284,63,77,-14
123000286,122,807,-685
123000287,510,700,-190
123000288,940,1971,-1031
123000289,234,2358,-2124
123000291,168,1676,-1508
123000294,188,298,-110
123000295,767,1781,-1014
123000296,1083,905,178
123000297,1327,502,825
123000298,2239,469,1770
123000299,237,171,66
123000300,2518,1587,931
123000301,196,565,-369
123000302,280,150,130
123000303,62,757,-695
123000305,1394,1122,272
123000306,378,71,307
123000309,93,101,-8
123000310,123,77,46
123000311,0,231,-231
123000312,725,444,281
123000313,871,882,-11
123000315,241,438,-197
123000316,1410,963,447
123000317,365,202,163
123000318,115,371,-256
123000329,2,38,-36
123000337,366,423,-57
123000338,110,248,-138
123000339,551,25,526
123000340,124,423,-299
123000342,8,235,-227
123000343,344,39,305
123000344,650,212,438
123000345,496,419,77
123000346,1033,118,915
123000352,1719,1271,448
123000353,133,232,-99
123000354,626,78,548
123000355,1,309,-308
123000356,658,13,645
123000357,8,141,-133
123000359,23,74,-51
123000360,396,368,28
123000361,521,270,251
123000362,517,153,364
123000363,191,230,-39
123000364,790,834,-44
123000365,24,392,-368
123000366,475,4817,-4342
123000367,475,589,-114
123000370,43,662,-619
123000371,821,131,690
123000372,634,66,568
123000373,18,429,-411
123000374,3,119,-116
123000375,704,72,632
123000376,1565,1691,-126
123000377,879,21,858
123000378,2,289,-287
123000379,1,469,-468
123000380,31,471,-440
123000381,133,252,-119
123000382,950,144,806
123000383,159,1132,-973
123000384,1409,366,1043
123000385,377,1288,-911
123000436,103,2234,-2131
123000507,69,139,-70
123000508,218,2096,-1878
123000517,325,31,294
123000518,20,104,-84
123000519,253,83,170
123000520,47,94,-47
123000521,990,100,890
123000522,244,216,28
123000541,14,3,11
123000542,0,8,-8
123000565,1485,61,1424
123000566,706,177,529
123000567,229,73,156
123000573,74,1016,-942
123000574,1255,77,1178
123000575,3169,521,2648
123000576,976,1079,-103
123000577,118,1308,-1190
123000578,714,336,378
123000579,1120,10601,-9481
123000580,230,123,107
123000582,808,26,782
123000583,12,424,-412
123000584,316,342,-26
123000585,0,42,-42
123000586,300,0,300
123000596,118,88,30
123000597,128,297,-169
123000602,227,18,209
123000603,2337,606,1731
123000604,1402,475,927
123000605,1387,45,1342
123000606,2,926,-924
123000609,45,487,-442
123000610,112,64,48
123000613,164,113,51
123000614,503,84,419
123000615,152,159,-7
123000616,1289,80,1209
123000617,112,367,-255
123000618,43,760,-717
123000619,574,60,514
123000620,23,323,-300
123000622,831,18,813
123000624,454,127,327
123000630,3772,883,2889
123000631,414,662,-248
123000632,1006,950,56
123000633,1,424,-423
123000634,86,843,-757
123000635,156,233,-77
123000636,56,705,-649
123000637,378,40,338
123000638,1231,56,1175
123000639,1197,10653,-9456
123000640,14,516,-502
123000648,910,97,813
123000649,28,559,-531
123900001,1496,84,1412
123900002,37,2066,-2029
123900003,166,718,-552
123900005,470,430,40
123900006,927,219,708
124000001,3034,277,2757
124000002,48,1432,-1384
124000003,2110,190,1920
124000004,47,383,-336
124000005,1919,2536,-617
124000006,201,585,-384
124000007,1794,166,1628
124000008,10,717,-707
124000009,1232,854,378
124000010,464,519,-55
124000011,1537,1422,115
124000012,243,399,-156
124000017,480,165,315
124000018,157,96,61
124000019,521,235,286
124000020,52,132,-80
124000021,298,163,135
124000022,51,219,-168
124000023,2097,2186,-89
124000024,1457,538,919
124000025,1578,2070,-492
124000026,1137,1006,131
124000027,3625,4125,-500
124000028,1686,3413,-1727
124000030,1726,1257,469
124000031,1949,14730,-12781
124000032,2438,908,1530
124000033,1190,1465,-275
124000034,824,1089,-265
124000035,671,216,455
124000036,271,736,-465
124000037,339,1015,-676
124000038,2,237,-235
124000039,277,319,-42
124000040,179,929,-750
124000041,820,325,495
124000042,125,316,-191
124000043,227,312,-85
124000044,68,385,-317
124000045,2614,460,2154
124000046,222,957,-735
124000047,4117,781,3336
124000048,1076,719,357
124000049,3117,530,2587
124000050,1082,1212,-130
124000051,1908,472,1436
124000052,730,758,-28
124000053,420,3737,-3317
124000054,626,330,296
124000055,1257,9273,-8016
124000056,2154,877,1277
124000057,2357,563,1794
124000058,1176,1162,14
124000059,1738,1536,202
124000060,713,577,136
124000061,2116,8141,-6025
124000062,3637,1271,2366
124000063,1453,1029,424
124000064,1711,1143,568
124000065,71,1158,-1087
124000066,337,182,155
124000067,206,207,-1
124000068,161,279,-118
124000069,860,157,703
124000070,609,320,289
124000071,225,147,78
124000072,370,298,72
124000073,1405,205,1200
124000074,188,521,-333
124000075,675,51,624
124000076,50,63,-13
124000077,275,721,-446
124000078,1345,1443,-98
124000079,307,1310,-1003
124000080,1588,232,1356
124000081,272,626,-354
124000082,129,242,-113
124000083,49,101,-52
124000084,43,1838,-1795
124000085,120,60,60
124000086,13,489,-476
124000087,112,220,-108
124000088,135,530,-395
124000089,1039,315,724
124000090,376,335,41
124000091,1180,214,966
124000092,482,776,-294
124000093,163,149,14
124000094,190,556,-366
124000095,191,127,64
124000096,284,151,133
124000097,286,235,51
124000098,188,128,60
124000099,327,112,215
124000100,83,127,-44
124000101,277,234,43
124000102,112,36,76
124000103,411,314,97
124000104,181,72,109
124000105,280,306,-26
124000106,123,48,75
124000107,48,415,-367
124000108,66,8,58
124000109,188,168,20
124000110,68,57,11
124000111,535,151,384
124000112,1059,532,527
124000113,259,186,73
124000114,457,439,18
124000115,321,749,-428
124000116,243,348,-105
124000117,46,94,-48
124000118,71,139,-68
124000119,1435,1452,-17
124000120,962,1020,-58
124000121,1637,1339,298
124000122,464,1581,-1117
124000123,857,443,414
124000124,475,582,-107
124000125,553,422,131
124000126,349,425,-76
124000127,1221,488,733
124000128,813,628,185
124000129,1837,1417,420
124000130,422,491,-69
124000131,808,731,77
124000132,572,830,-258
124000133,2047,1059,988
124000134,1173,725,448
124000135,1971,2329,-358
124000136,886,993,-107
124000137,1301,1532,-231
124000138,971,1224,-253
124000139,465,133,332
124000140,11,571,-560
124000141,830,51,779
124000142,62,400,-338
124000143,189,14,175
124000144,3,160,-157
124000145,198,96,102
124000146,20,113,-93
124000148,8,104,-96
124000149,1693,357,1336
124000150,288,745,-457
124000151,1669,567,1102
124000152,883,982,-99
124000153,1178,1044,134
124000154,654,584,70
124000155,1227,946,281
124000156,845,959,-114
124000169,227,1178,-951
124000170,1183,895,288
124000171,360,852,-492
124000172,351,712,-361
124000173,1285,392,893
124000174,693,628,65
124000175,17,145,-128
124000176,108,48,60
124000177,3,56,-53
124000178,69,70,-1
124000190,128,111,17
124000191,290,542,-252
124000192,1877,799,1078
124000193,284,6634,-6350
124000194,345,471,-126
124000195,498,606,-108
124000196,731,897,-166
124000197,68,60,8
124000198,74,104,-30
124000201,75,634,-559
124000202,871,164,707
124000203,1355,182,1173
124000204,2725,195,2530
124000205,190,240,-50
124000206,1775,262,1513
124000207,0,12,-12
124000209,221,216,5
124000210,1594,251,1343
124000211,1530,5,1525
124000212,0,151,-151
124000213,1166,72,1094
124000214,1081,245,836
124000215,1061,12,1049
124000216,5,210,-205
124000329,68,885,-817
124000338,41,567,-526
124000339,3196,54,3142
124000341,3660,71,3589
124000344,207,150,57
124000357,1253,4860,-3607
124000358,596,2576,-1980
124000359,1478,1237,241
124000360,1623,771,852
124000361,3652,1453,2199
124000362,1963,3746,-1783
124000363,570,345,225
124000364,787,569,218
124000365,905,1187,-282
124000366,3580,814,2766
124000367,53,454,-401
124000368,544,2255,-1711
124000369,113,195,-82
124000370,78,1204,-1126
124000402,37,38,-1
124000403,337,60,277
124000404,11,54,-43
124000405,838,732,106
124000406,526,519,7
124000407,3,15,-12
124000411,4,325,-321
124000412,693,7,686
124000413,195,497,-302
124000414,231,118,113
124000415,139,37,102
124000416,159,166,-7
124000417,402,138,264
124000418,579,54,525
124000419,135,27,108
124000420,307,18,289
124000421,119,47,72
124000422,37,21,16
124000423,119,71,48
124000424,8,35,-27
124000425,197,20,177
124000426,1,127,-126
124000427,215,7,208
124000428,9,598,-589
124000429,227,17,210
124000430,1143,614,529
124000431,476,495,-19
124000432,459,1438,-979
124000439,7,1,6
124000443,0,11,-11
124000445,232,5232,-5000
124000446,2095,707,1388
124000447,17,402,-385
124900001,1421,333,1088
124900002,274,156,118
124900003,1944,356,1588
124900004,1522,338,1184
124900005,209,47,162
124900006,1396,369,1027
124900008,743,462,281
124900009,149,539,-390
124900010,225,238,-13
124900011,1068,397,671
124900012,372,118,254
124900013,865,143,722
124900014,320,53,267
124900015,220,412,-192
124900016,154,225,-71
124900017,306,5024,-4718
124900018,255,14,241
124900020,236,60,176
124900021,465,72,393
124900022,49,1,48
124900024,841,3,838
124900026,54,34,20
124900027,146,423,-277
124900028,247,65,182
124900029,23,970,-947
124900030,4,76,-72
124900031,31,196,-165
124900032,404,257,147
124900033,148,116,32
124900034,6,280,-274
124900035,114,202,-88
124900036,1,145,-144
124900037,122,91,31
124900038,161,194,-33
124900039,0,76,-76
124900040,146,106,40
124900041,467,793,-326
124900042,18,3,15
124900043,702,519,183
124900044,92,0,92
124900045,295,1033,-738
124900047,45,179,-134
124900048,349,77,272
124900050,232,88,144
124900052,117,197,-80
124900053,165,193,-28
124900054,1017,468,549
124900055,1,97,-96
124900057,0,47,-47
124900060,31,281,-250
124900061,204,6,198
124900062,226,15,211
124900066,0,9,-9
124900067,3,89,-86
124900068,161,845,-684
124900070,43,40,3
124900072,365,29,336
124900075,1350,165,1185
124900076,22,4185,-4163
124900077,37,112,-75
124900078,77,19,58
124900079,227,234,-7
124900080,634,227,407
124900081,2150,263,1887
124900082,446,619,-173
124900083,388,356,32
124900085,482,373,109
124900086,36,1272,-1236
124900087,310,78,232
124900088,151,96,55
124900089,587,12,575
124900090,744,233,511
124900091,450,276,174
124900092,365,247,118
124900093,792,170,622
124900094,1307,217,1090
124900095,224,869,-645
124900096,304,76,228
124900097,749,49,700
124900098,188,234,-46
124900099,165,633,-468
124900100,710,33,677
124900101,172,243,-71
124900102,646,10,636
124900103,231,121,110
124900104,96,169,-73
124900105,206,123,83
124900106,464,24,440
124900107,219,26,193
124900108,226,124,102
124900111,1,142,-141
124900112,182,230,-48
124900113,45,287,-242
124900114,79,262,-183
124900115,63,96,-33
124900116,431,601,-170
124900117,174,264,-90
124900118,104,1992,-1888
124900119,582,335,247
124900120,32,213,-181
124900121,46,711,-665
124900122,188,189,-1
124900123,99,90,9
124900124,42,276,-234
204000001,264,20,244
204000002,51,40,11
204000003,16,13,3
204000004,0,6,-6
204000005,584,557,27
204000006,1365,1536,-171
204000011,19,32,-13
204000012,97,123,-26
204000019,1712,458,1254
204000020,1690,987,703
204000021,2633,1319,1314
204000022,1862,648,1214
204000023,864,465,399
204000031,63,5,58
204000032,379,15,364
204000034,89,129,-40
204000035,0,6,-6
204000036,3,85,-82
204000037,1,61,-60
204000038,1,14,-13
204000039,7,13,-6
204000040,6,27,-21
204000041,10,53,-43
204000042,74,36,38
204000043,48,19,29
204000044,98,25,73
204000045,78,10,68
204000046,5,3,2
204000057,16,4,12
204000062,18,50,-32
204000068,67,1081,-1014
204000069,210,952,-742
204000070,97,217,-120
204000080,216,130,86
204000085,1231,1114,117
204000086,2859,1386,1473
204000087,86,7,79
204000088,11,122,-111
204000090,206,345,-139
204000093,955,124,831
204000096,2345,1219,1126
204000097,706,20,686
204000099,1372,3803,-2431
204000100,2428,1621,807
204000105,1736,780,956
204000110,518,1340,-822
204000111,902,789,113
204000112,765,822,-57
204000113,306,813,-507
204000114,1571,1845,-274
204000115,2202,1118,1084
204000116,949,1518,-569
204000119,3798,2251,1547
204000132,990,682,308
204000133,1453,144,1309
204000134,356,40,316
204000135,860,45,815
204000136,648,468,180
204000138,351,1319,-968
204000140,433,157,276
204000141,301,70,231
204000144,2,20,-18
204000145,835,59,776
204000146,19,219,-200
204000147,22,545,-523
204000148,420,138,282
204000154,22,20,2
204000155,1,11,-10
204000177,73,160,-87
204000179,53,29,24
204000180,0,62,-62
204000222,6,4,2
204000235,152,39,113
204000236,39,245,-206
204000238,14,45,-31
204000240,549,80,469
204000263,829,1239,-410
204000268,815,468,347
204000308,275,72,203
204000317,31,205,-174
204000322,85,167,-82
204000323,12,10,2
204000328,351,101,250
204000329,179,75,104
204000330,368,40,328
204000331,368,212,156
205000001,947,1067,-120
205000013,139,206,-67
205000014,117,162,-45
205000015,266,57,209
205000016,177,180,-3
205000017,130,54,76
205000022,456,525,-69
205000025,2109,694,1415
205000029,591,37,554
205000045,385,350,35
205000046,341,617,-276
205000047,189,359,-170
205000048,565,578,-13
205000049,244,590,-346
205000050,1197,346,851
205000059,0,785,-785
205000060,2,1299,-1297
205000061,22,2322,-2300
205000062,7,2038,-2031
205000063,60,1976,-1916
205000064,112,626,-514
205000065,782,881,-99
205000066,399,444,-45
205000067,226,565,-339
205000069,205,15,190
205000082,230,239,-9
205000110,117,201,-84
205000111,172,188,-16
205000112,164,136,28
205000113,109,157,-48
205000121,235,90,145
205000123,230,174,56
205000126,1169,138,1031
205000127,1259,175,1084
205000128,619,47,572
205000129,1064,83,981
205000130,82,51,31
205000131,19,45,-26
205000132,78,23,55
205000133,95,3,92
205000134,440,1,439
205000137,525,53,472
205000138,619,159,460
205000139,68,102,-34
205000144,128,106,22
205000145,317,228,89
205000151,263,50,213
205000152,165,57,108
205000153,311,90,221
205000154,98,90,8
205000155,134,15,119
205000207,6,139,-133
205000233,51,1,50
205000234,0,0,0
205000243,0,0,0
205000244,0,5,-5
205000245,10,299,-289
205000249,0,25,-25
205000250,10,3,7
205000264,44,75,-31
206000027,4,30,-26
206000028,24,13,11
206000043,8,72,-64
206000053,15,10,5
206000054,1,42,-41
206000055,0,22,-22
206000075,66,22,44
206000076,34,10,24
206000077,26,14,12
206000078,15,33,-18
206000079,25,17,8
206000082,302,161,141
206000100,19,642,-623
206000103,2,20,-18
206000104,12,33,-21
206000105,21,25,-4
206000106,8,16,-8
206000125,204,0,204
206000157,29,471,-442
206000170,0,212,-212
206000171,25,265,-240
206000172,17,177,-160
206000173,0,161,-161
206000174,41,41,0
206000175,7,58,-51
206000176,45,81,-36
206000177,3,48,-45
206000178,7,559,-552
206000179,3,577,-574
206000180,7,121,-114
206000181,18,40,-22
206000182,4,56,-52
206000183,9,132,-123
206000184,2,100,-98
206000185,24,63,-39
206000186,137,282,-145
206000223,40,683,-643
206000226,48,5,43
206000227,35,23,12
206000237,55,144,-89
206000238,58,329,-271
206000239,312,1941,-1629
206000240,0,59,-59
206000241,2,97,-95
206000242,29,235,-206
206000243,65,83,-18
206000244,102,149,-47
206000245,1841,100,1741
206000246,757,20,737
206000247,737,13,724
206000248,748,87,661
206000252,99,96,3
206000258,18,51,-33
206000315,37,8,29
206000317,665,174,491
206000318,1048,93,955
206000319,3134,143,2991
206000320,730,80,650
206000321,618,15,603
206000322,1192,30,1162
206000323,452,7,445
206000324,458,29,429
206000325,236,45,191
206000326,345,29,316
206000327,55,68,-13
206000328,437,45,392
206000329,619,26,593
206000330,102,5,97
206000331,473,13,460
206000332,95,6,89
206000333,1762,4,1758
206000334,843,3,840
206000335,0,39,-39
206000361,6,176,-170
206000392,2,11,-9
206000405,210,0,210
206000441,133,27,106
206000498,79,10,69
206000515,47,53,-6
206000530,516,92,424
206000531,238,495,-257
206000532,1230,713,517
206000535,125,4301,-4176
206000536,25,59,-34
206000537,31,151,-120
206000613,1182,325,857
206000784,694,87,607
207000001,209,429,-220
207000002,198,433,-235
207000003,262,231,31
207000007,2624,283,2341
207000008,587,27,560
207000009,158,36,122
207000010,425,368,57
207000012,653,251,402
207000015,446,827,-381
207000019,494,177,317
207000021,489,481,8
207000022,389,236,153
207000023,383,160,223
207000024,3,82,-79
207000025,29,164,-135
207000026,173,56,117
207000027,29,78,-49
207000028,71,198,-127
207000029,224,578,-354
207000033,395,345,50
207000034,495,162,333
207000039,1026,79,947
207000040,818,124,694
207000041,87,150,-63
207000042,409,77,332
207000043,403,256,147
207000051,170,280,-110
207000052,25,215,-190
207000053,451,403,48
207000054,63,99,-36
207000055,317,137,180
207000056,332,273,59
207000057,181,194,-13
207000058,217,326,-109
207000059,154,265,-111
207000060,77,387,-310
207000061,77,1607,-1530
207000062,1160,63,1097
207000063,1136,144,992
207000064,591,150,441
207000065,538,231,307
207000066,959,212,747
207000067,107,95,12
207000068,248,82,166
207000069,1306,317,989
207000082,35,238,-203
207000083,167,268,-101
207000084,842,433,409
207000085,474,69,405
207000086,530,13,517
207000106,125,51,74
207000107,216,22,194
207000108,251,3,248
207000109,150,7,143
207000110,57,83,-26
207000111,49,149,-100
207000112,102,2188,-2086
207000114,78,41,37
207000115,48,95,-47
207000116,54,500,-446
207000117,21,137,-116
207000118,4,108,-104
207000119,45,74,-29
207000123,434,13,421
207000124,195,23,172
207000125,71,39,32
207000126,65,47,18
207000134,350,184,166
207000135,53,368,-315
207000148,86,658,-572
207000149,146,14,132
207000152,184,656,-472
207000153,366,766,-400
207000154,481,279,202
207000159,196,141,55
207000160,325,227,98
207000238,0,204,-204
207000242,3,114,-111
207000248,44,46,-2
207000249,174,21,153
207000250,700,170,530
207000251,123,178,-55
207000252,37,37,0
207000278,257,200,57
207000279,53,117,-64
207000280,1427,61,1366
207000281,275,407,-132
207000282,48,657,-609
207000283,22,203,-181
207000284,34,1990,-1956
207000285,106,85,21
207000291,23,78,-55
207000304,73,122,-49
207000306,65,338,-273
207000310,207,129,78
207000353,128,2,126
207000356,23,103,-80
207000357,4,57,-53
207000358,1,26,-25
207000415,20,161,-141
207000417,84,10,74
207000418,176,108,68
207000438,0,2,-2
207000439,539,401,138
207000446,421,20,401
207000460,217,8,209
207000466,186,152,34
207000467,778,121,657
207000468,100,174,-74
207000476,5,4,1
207000477,723,28,695
207000478,1,56,-55
207000523,0,13,-13
207000524,139,0,139
207000527,353,169,184
207000530,1224,10,1214
207000531,501,10,491
207000532,132,70,62
207000534,188,32,156
207000535,15,422,-407
207000537,13,135,-122
207000540,5,150,-145
207000541,1,165,-164
207000548,10,314,-304
207000549,768,14,754
207000561,372,212,160
207000562,40,168,-128
207000567,81,125,-44
207000568,512,39,473
207000569,1396,129,1267
207000584,60,222,-162
207000585,29,214,-185
207000587,464,100,364
207000616,0,138,-138
207000617,193,0,193
207000624,92,35,57
207000631,12,165,-153
207900008,682,81,601
208000001,865,1745,-880
208000002,1200,1121,79
208000003,1242,570,672
208000004,1396,1796,-400
208000005,1,134,-133
208000019,1590,533,1057
208000020,538,248,290
208000021,472,402,70
208000022,978,416,562
208000028,1153,1950,-797
208000033,516,361,155
208000034,1011,1580,-569
208000037,1166,94,1072
208000040,439,151,288
208000041,1278,715,563
208000042,2228,735,1493
208000047,148,207,-59
208000064,2629,2035,594
208000066,1508,1755,-247
208000070,899,581,318
208000071,1156,366,790
208000072,1448,740,708
208000080,502,1205,-703
208000081,671,206,465
208000082,1005,231,774
208000083,371,278,93
208000084,12,105,-93
208000085,1081,729,352
208000086,965,1407,-442
208000087,710,995,-285
208000089,1436,321,1115
208000090,1360,577,783
208000093,34,203,-169
208000094,779,310,469
208000095,1212,744,468
208000104,2085,521,1564
208000105,1318,1007,311
208000114,194,511,-317
208000115,661,444,217
208000116,1904,1779,125
208000117,54,174,-120
208000118,324,424,-100
208000155,1132,1815,-683
208000158,2306,3364,-1058
208000186,1047,2575,-1528
208000204,1422,1350,72
208000205,2674,874,1800
208000282,1126,1452,-326
209000004,1131,345,786
209000005,113,189,-76
209000006,412,457,-45
209000007,591,848,-257
209000010,410,571,-161
209000011,206,360,-154
209000012,257,325,-68
209000013,452,220,232
209000014,783,490,293
209000025,966,196,770
209000026,1494,326,1168
209000027,549,365,184
209000028,437,321,116
209000029,666,2582,-1916
209000030,708,2540,-1832
209000031,5562,2127,3435
209000034,384,621,-237
209000035,292,669,-377
209000036,688,395,293
209000037,795,414,381
209000038,341,235,106
209000039,202,119,83
209000040,427,788,-361
209000041,188,578,-390
209000042,295,330,-35
209000043,535,905,-370
209000044,289,895,-606
209000045,801,274,527
209000046,832,352,480
209000047,676,405,271
209000048,701,637,64
209000049,173,91,82
209000050,287,108,179
209000051,499,172,327
209000052,272,276,-4
209000062,204,104,100
209000063,87,50,37
209000064,73,40,33
209000065,314,58,256
209000066,175,44,131
209000067,267,58,209
209000080,21,260,-239
209000082,111,81,30
209000091,120,104,16
209000093,61,159,-98
209000094,68,260,-192
209000110,58,187,-129
209000111,578,2779,-2201
209000112,1578,1137,441
209000113,2998,2436,562
209000114,1207,1365,-158
209000115,154,158,-4
209000116,804,464,340
209000118,21,164,-143
209000119,44,183,-139
209000121,192,610,-418
209000135,31,131,-100
209000142,995,4406,-3411
209000143,68,236,-168
209000144,89,897,-808
209000229,291,140,151
209000240,74,297,-223
209000259,51,164,-113
209000260,44,662,-618
209000261,10,229,-219
209000262,6,167,-161
209000263,0,441,-441
209000264,0,231,-231
209000265,552,0,552
209000266,155,0,155
209000267,1735,5,1730
209000268,578,96,482
210000037,185,163,22
210000047,197,39,158
210000048,126,25,101
210000049,161,13,148
210000052,133,81,52
210000053,37,53,-16
210000054,41,68,-27
210000070,237,2,235
210000071,188,2,186
210000072,74,0,74
210000073,0,44,-44
210000074,0,172,-172
210000075,3,270,-267
210000076,4,325,-321
210000077,14,411,-397
210000078,27,311,-284
210000079,20,117,-97
210000080,66,538,-472
210000081,298,8,290
210000082,43,5,38
210000083,115,0,115
210000084,97,0,97
210000085,0,114,-114
210000086,5,92,-87
210000099,70,230,-160
210000100,88,140,-52
210000101,202,127,75
210000105,30,354,-324
210000159,2,354,-352
210000163,47,227,-180
210000164,413,282,131
210000168,828,104,724
210000187,0,67,-67
210000188,1,66,-65
210000214,8,0,8
210000219,93,69,24
210000220,195,33,162
210000232,3,24,-21
210000233,13,20,-7
210000234,52,35,17
210000235,119,51,68
210000245,1,136,-135
210000246,64,0,64
210000258,30,66,-36
210000259,357,71,286
210000282,46,237,-191
210000285,3,180,-177
210000286,26,117,-91
210000290,6,10,-4
210000295,67,243,-176
210000296,103,70,33
210000320,347,38,309
210000321,379,17,362
210000338,82,173,-91
210000339,224,843,-619
210000340,220,320,-100
210000341,307,301,6
210000342,333,227,106
210000343,199,310,-111
210000344,112,343,-231
210000345,201,598,-397
210000346,124,272,-148
210000347,58,317,-259
210000348,194,277,-83
210000349,98,144,-46
210000350,238,162,76
210000351,341,76,265
210000352,60,37,23
210000353,44,76,-32
210000354,65,64,1
210000355,48,445,-397
210000356,10,510,-500
210000357,65,638,-573
210000358,872,569,303
210000359,137,901,-764
210000360,452,798,-346
210000361,458,363,95
210000362,624,316,308
210000363,1239,377,862
210000364,489,202,287
210000365,379,108,271
210000366,453,66,387
210000367,322,45,277
210000368,327,54,273
210000369,57,293,-236
210000370,170,328,-158
210000372,46,95,-49
210000373,25,389,-364
210000374,117,420,-303
210000375,57,47,10
210000376,71,540,-469
210000404,64,91,-27
210000439,95,18,77
210000472,61,9,52
210000482,93,144,-51
210000564,345,250,95
210000567,3,112,-109
210000568,316,2,314
211000092,101,19,82
211000094,18,5,13
211000169,347,6,341
211000172,23,146,-123
211000209,1,64,-63
211000226,39,30,9
211000270,104,26,78
211000275,12,23,-11
211000276,174,14,160
211000279,21,96,-75
211000281,163,49,114
211000302,66,58,8
211507980,1,142,-141
211977296,43,2,41
212000003,482,221,261
212000004,3,159,-156
212000005,47,239,-192
212000006,87,274,-187
212000008,303,325,-22
212000009,94,185,-91
212000012,229,38,191
212000013,65,20,45
212000014,441,86,355
212000015,466,138,328
212000016,689,356,333
212000027,762,299,463
212000028,445,300,145
212000029,282,242,40
212000030,58,16,42
212000031,64,60,4
212000048,91,589,-498
212000049,15,289,-274
212000050,23,20,3
212000051,409,79,330
212000052,341,97,244
212000053,294,165,129
212000054,777,95,682
212000055,563,117,446
212000056,29,38,-9
212000057,5,23,-18
212000058,252,54,198
212000070,232,102,130
212000077,285,215,70
212000099,498,226,272
212000108,435,565,-130
212000111,502,115,387
212000120,271,292,-21
212000138,329,107,222
212000156,4,47,-43
212000158,9,48,-39
212000159,957,58,899
212000160,746,175,571
212000161,190,13,177
212000310,54,10,44
212000311,11,81,-70
212000374,55,6,49
213000001,33,554,-521
213000005,732,272,460
213000006,883,410,473
213000007,71,31,40
213000009,339,269,70
213000010,481,236,245
213000011,340,189,151
213000012,313,324,-11
213000014,177,52,125
213000015,423,16,407
213000016,598,2,596
213000017,211,18,193
213000018,3,31,-28
213000019,4,140,-136
213000020,153,145,8
213000021,0,42,-42
213000023,442,482,-40
213000033,459,1603,-1144
213000034,411,271,140
213000035,188,449,-261
213000045,274,346,-72
213000046,87,93,-6
213000047,397,921,-524
213000056,193,61,132
213000069,525,89,436
213000073,1,51,-50
213000074,85,704,-619
213000075,1021,3,1018
213000076,28,1,27
213000085,12,33,-21
213000086,21,162,-141
213000091,399,12,387
213000092,27,10,17
213000099,385,1261,-876
213000100,943,445,498
213000101,1204,83,1121
213000102,1216,121,1095
213000103,772,475,297
213000104,65,254,-189
213000105,149,2372,-2223
213000106,53,207,-154
213000107,244,315,-71
213000108,20,339,-319
213000109,5,242,-237
213000110,14,104,-90
213000111,3,79,-76
213000112,34,113,-79
213000115,46,2,44
213000116,69,506,-437
213000117,6,498,-492
213000118,1627,430,1197
213000119,63,453,-390
213000120,131,253,-122
213000122,217,346,-129
213000123,196,472,-276
213000124,485,553,-68
213000125,226,61,165
213000126,63,324,-261
213000127,38,249,-211
213000128,132,654,-522
213000129,241,2704,-2463
213000130,1446,1199,247
213000132,1215,328,887
213000133,1848,134,1714
213000134,3199,62,3137
213000136,748,29,719
213000137,949,66,883
213000139,583,64,519
213000147,19,53,-34
213000148,20,95,-75
213000149,6,116,-110
213000150,2,1024,-1022
213000151,2,387,-385
213000152,1,506,-505
213000153,9,290,-281
213000154,183,428,-245
213000155,72,485,-413
213000156,230,433,-203
213000157,1513,283,1230
213000158,604,642,-38
213000159,915,478,437
213000163,2509,278,2231
213000165,840,357,483
213000171,0,41,-41
213000172,1,97,-96
213000173,0,75,-75
213000174,0,60,-60
213000175,9,7,2
213000176,206,48,158
213000177,131,3,128
213000178,364,4,360
213000179,394,0,394
213000180,477,0,477
213000184,92,637,-545
213000188,579,75,504
213000189,1037,55,982
213000190,624,456,168
213000191,688,244,444
213000192,455,140,315
213000193,1069,254,815
213000194,6,265,-259
213000195,60,377,-317
213000196,434,2277,-1843
213000197,786,1285,-499
213000198,84,20,64
213000200,129,502,-373
213000201,20,102,-82
213000202,18,762,-744
213000203,2002,338,1664
213000204,1368,30,1338
213000205,586,38,548
213000206,1001,47,954
213000207,76,4,72
213000208,25,14,11
213000209,123,13,110
213000210,325,11,314
213000211,16,84,-68
213000212,31,153,-122
213000213,31,86,-55
213000218,547,549,-2
213000219,1788,94,1694
213000220,1632,10,1622
213000223,426,362,64
213000224,32,109,-77
213000225,117,26,91
213000226,89,16,73
213000227,2055,219,1836
213000228,1243,179,1064
213000229,139,57,82
213000230,1026,12,1014
213000232,166,26,140
213000233,61,257,-196
213000234,10,56,-46
213000293,31,128,-97
213000294,132,145,-13
213000295,39,134,-95
213000296,154,17,137
213000297,5,51,-46
213000298,10,114,-104
213000299,199,29,170
213000300,1,9,-8
213000303,12,33,-21
213000304,6,7,-1
213000305,4,109,-105
213000306,59,850,-791
213000307,140,721,-581
213000308,114,167,-53
213000309,306,67,239
213000310,271,187,84
213000311,125,702,-577
213000315,119,268,-149
213000316,444,181,263
213000322,172,24,148
213000323,214,75,139
213000324,92,2,90
213000325,91,33,58
213000326,23,2,21
213000327,62,18,44
213000328,44,68,-24
213000329,194,3,191
213000340,204,492,-288
213000341,1260,125,1135
213000346,171,496,-325
213000347,330,1324,-994
213000348,1,191,-190
213000349,5,9,-4
213000350,230,1087,-857
213000366,73,170,-97
213000367,762,17,745
213000379,24,149,-125
213000386,38,40,-2
213000406,542,79,463
213000417,2619,728,1891
213000425,556,99,457
213000426,309,67,242
213000427,92,64,28
213000428,79,180,-101
213000429,7,7,0
213000430,121,331,-210
213000431,8,3,5
213000432,2,47,-45
213000433,20,42,-22
213000434,266,117,149
213000435,169,64,105
213000436,135,88,47
213000437,1,3,-2
213000438,189,27,162
213000439,69,36,33
213000440,11,180,-169
213000441,0,1,-1
213000442,4,19,-15
213000443,821,536,285
213000444,59,2,57
213000445,0,54,-54
213000446,0,28,-28
213000447,1,161,-160
213000448,9,184,-175
213000449,1185,5,1180
213000450,35,35,0
213000451,459,33,426
213000452,7,6,1
213000453,40,199,-159
213000455,87,5,82
213000456,3,267,-264
213000481,2,1,1
213000482,53,0,53
213000489,152,62,90
213000491,37,569,-532
213000492,122,1,121
213000493,5,390,-385
213000494,409,75,334
213000495,0,62,-62
213000496,637,211,426
213000497,148,169,-21
213000498,217,92,125
213000499,294,143,151
213000500,1109,63,1046
213000501,334,54,280
213000502,198,170,28
213000503,0,81,-81
213000504,38,43,-5
213000505,12,1,11
213000506,0,12,-12
213000507,17,62,-45
213900244,179,0,179
213900245,0,20,-20
218000003,63,69,-6
218000004,92,97,-5
218000005,67,94,-27
218000006,81,132,-51
218000007,21,32,-11
218000012,379,361,18
218000013,491,242,249
218000014,508,316,192
218000019,489,452,37
218000020,447,421,26
218000021,23,18,5
218000022,13,14,-1
218000023,9,8,1
218000024,0,7,-7
218000025,9,9,0
218000026,3,7,-4
218000027,3,2,1
218000028,3,0,3
218000029,3,6,-3
218000030,8,4,4
218000031,7,6,1
218000032,1,7,-6
218000040,1,9,-8
218000046,129,101,28
218000047,31,72,-41
218000048,87,34,53
218000049,65,60,5
218000050,226,78,148
218000051,122,160,-38
218000052,2,58,-56
218000053,5,46,-41
218000054,15,68,-53
218000055,18,52,-34
218000056,23,79,-56
218000057,3,47,-44
218000064,3,14,-11
218000065,126,86,40
218000066,11,149,-138
218000067,156,114,42
218000068,240,60,180
218000069,537,88,449
218000070,348,450,-102
218000071,321,364,-43
218000072,176,385,-209
218000078,1961,347,1614
218000079,447,95,352
218000080,231,89,142
218000081,865,114,751
218000082,225,78,147
218000083,204,84,120
218000084,297,109,188
218000085,294,91,203
218000086,195,52,143
218000087,284,84,200
218000090,58,229,-171
218000091,1673,916,757
218000092,254,224,30
218000093,192,134,58
218000094,737,680,57
218000099,332,497,-165
218000100,503,280,223
218000101,538,224,314
218000102,827,249,578
218000103,129,112,17
218000104,207,41,166
218000105,35,25,10
218000106,43,8,35
218000107,128,37,91
218000108,3,27,-24
218000112,124,41,83
218000117,64,113,-49
218000134,1051,421,630
218000135,24,135,-111
218000136,150,168,-18
218000137,222,178,44
218000138,77,121,-44
218000139,240,240,0
218000140,1060,649,411
218000141,95,92,3
218000142,309,268,41
218000143,55,534,-479
218000144,37,279,-242
218000145,893,420,473
218000146,244,148,96
218000151,6,31,-25
218000152,91,74,17
218000153,2,9,-7
218000154,4,0,4
218000155,27,0,27
218000156,86,2,84
218000157,58,9,49
218000158,7,5,2
218000159,0,4,-4
218000160,3,10,-7
218000161,47,1,46
218000162,37,2,35
218000163,28,0,28
218000164,95,8,87
218000165,71,33,38
218000170,0,39,-39
218000171,52,10,42
218000172,19,13,6
218000173,14,24,-10
218000174,22,13,9
218000176,289,81,208
218000177,326,181,145
218000178,110,169,-59
218000179,214,61,153
218000180,152,62,90
218000181,449,51,398
218000187,18,86,-68
218000188,40,43,-3
218000189,32,110,-78
218000190,56,32,24
218000191,369,27,342
218000192,456,201,255
218000193,804,304,500
218000194,294,270,24
218000195,197,28,169
218000196,501,199,302
218000197,775,222,553
218000198,169,95,74
218000199,86,16,70
218000200,22,24,-2
218000201,19,14,5
218000202,90,807,-717
218000207,18,18,0
218000208,41,148,-107
218000211,51,32,19
218000212,1,1,0
218000213,246,112,134
218000214,9,20,-11
218000215,71,86,-15
218000217,7,50,-43
218000218,185,30,155
218000219,4,317,-313
218000220,57,1666,-1609
218000221,747,362,385
218000222,1,208,-207
218000223,55,465,-410
218000224,8,130,-122
218000225,281,15,266
218000226,254,77,177
218000230,0,19,-19
218000232,107,37,70
218000239,153,18,135
218000240,4,9,-5
218000241,35,11,24
218000242,2,2,0
218000243,14,12,2
218000244,32,2,30
218000245,135,5,130
218000246,0,8,-8
218000247,1,2,-1
218000248,0,25,-25
218000249,0,5,-5
218000250,4,14,-10
218000251,0,28,-28
218000252,0,216,-216
218000253,2,176,-174
218000254,1,74,-73
218000255,2,35,-33
218000256,8,84,-76
218000267,615,1377,-762
218000268,8,77,-69
218000269,5,73,-68
218000270,232,34,198
218000271,8,27,-19
218000273,66,2,64
218000274,6,1,5
218000275,79,66,13
218000276,29,30,-1
218000278,56,126,-70
218000279,116,58,58
218000280,3,31,-28
218000281,12,71,-59
218000282,844,1248,-404
218000284,84,4,80
218000301,79,113,-34
218000302,42,67,-25
218000303,24,107,-83
218000316,1964,1025,939
218000317,3293,1107,2186
218000318,1944,712,1232
218000319,2515,647,1868
218000320,2125,704,1421
218000338,21,212,-191
218000345,189,300,-111
218000346,29,365,-336
218000459,26,122,-96
218000490,16,114,-98
218000501,130,47,83
218000502,134,102,32
218000503,182,18,164
218000504,230,47,183
218000505,53,131,-78
218000506,19,519,-500
218000508,4,7,-3
218000510,71,4,67
218000520,188,112,76
218000521,22,33,-11
218000522,2,557,-555
218000523,187,3,184
218000524,9,383,-374
218000525,163,82,81
218000526,37,344,-307
218000529,118,133,-15
218000530,28,0,28
218000531,33,21,12
218000532,62,10,52
218000534,341,21,320
218000537,12,168,-156
218000538,86,518,-432
218000540,143,92,51
218000543,229,145,84
218000544,69,98,-29
218000545,182,142,40
218000546,50,79,-29
218000547,202,246,-44
218000548,183,152,31
218000549,1076,94,982
218000550,220,184,36
218000551,97,424,-327
218000552,397,302,95
218000553,15,316,-301
218000554,37,104,-67
218000555,34,55,-21
218000556,381,155,226
218000557,734,297,437
218000558,69,3,66
218000559,0,55,-55
218000560,1,34,-33
218000561,10,0,10
218000562,61,208,-147
218000563,204,67,137
218000564,5,301,-296
218000565,117,38,79
218000566,38,14,24
218000567,0,80,-80
218000568,7,1,6
218000569,2,301,-299
218000570,17,19,-2
218000571,0,176,-176
218000572,165,2,163
218000573,6,167,-161
218000574,43,45,-2
218000575,100,1,99
218000576,0,83,-83
218000577,134,0,134
218000578,1,278,-277
218000579,30,22,8
218000581,6,102,-96
218000582,57,18,39
218000583,9,0,9
218000584,0,21,-21
218000585,64,2,62
218000586,24,37,-13
218000587,0,0,0
218000588,0,18,-18
218000589,0,10,-10
218000590,4,0,4
218000591,2,28,-26
218000592,14,20,-6
218000593,0,5,-5
218000594,0,9,-9
218000597,0,10,-10
218000598,0,2,-2
218000599,0,2,-2
218000600,0,0,0
218000601,1,9,-8
218000602,0,0,0
218000603,0,9,-9
218000604,6,0,6
218000605,0,140,-140
218000606,89,0,89
218000607,18,83,-65
218000608,103,23,80
218000609,2,95,-93
218000610,77,6,71
218000611,72,1,71
218000612,0,34,-34
218000613,28,0,28
218000614,0,37,-37
218000615,222,11,211
218000616,14,318,-304
218000617,9,2,7
218000618,0,29,-29
218000619,39,46,-7
218000620,21,123,-102
218000621,0,0,0
218000622,1,126,-125
218000623,60,2,58
218000624,0,254,-254
218000625,12,8,4
218000626,0,33,-33
218000628,355,402,-47
218000631,74,13,61
218000632,0,157,-157
218000633,125,4,121
218000634,0,18,-18
218000635,6,14,-8
218000636,1574,555,1019
218000637,1679,511,1168
218000638,325,33,292
218000639,29,91,-62
218000640,687,32,655
218000641,147,168,-21
218000652,48,31,17
218000653,295,65,230
218000663,36,62,-26
218000675,21,98,-77
218000676,1,4,-3
218000677,13,3,10
218000680,338,311,27
218000681,646,311,335
218000691,408,227,181
218000693,554,155,399
218000703,3,10,-7
218000718,24,147,-123
218000719,46,193,-147
218000720,2,268,-266
218000721,36,20,16
218000725,6,7,-1
218001147,0,101,-101
218001214,9,90,-81
218001258,578,3,575
218001329,220,224,-4
218001330,137,134,3
218001351,40,26,14
218001352,12,50,-38
218001353,3,16,-13
218001354,16,43,-27
218001355,2,100,-98
218001356,717,115,602
218001357,6,98,-92
218001358,639,3,636
218001361,760,16,744
218001362,0,47,-47
219000001,47,47,0
219000002,69,80,-11
219000003,97,32,65
219000004,58,139,-81
219000017,103,373,-270
219000020,284,14,270
219000022,152,2,150
219000023,58,0,58
219000029,1,274,-273
219000034,90,62,28
219000039,40,344,-304
219000040,59,94,-35
219000041,211,91,120
219000051,1,359,-358
219000052,1,159,-158
219000053,3,71,-68
219000054,21,98,-77
219000055,442,1,441
219000056,3,0,3
219000057,76,0,76
219000062,12,328,-316
219000063,219,25,194
219000064,7,111,-104
219000110,253,275,-22
219000111,116,88,28
219000112,247,50,197
219000113,432,62,370
219000114,281,34,247
219000116,299,55,244
219000117,182,61,121
219000118,145,57,88
219000123,251,136,115
219000124,108,37,71
219000125,41,15,26
219000126,81,227,-146
219000127,0,24,-24
219000128,67,203,-136
219000129,40,153,-113
219000130,232,891,-659
219000131,1252,1544,-292
219000133,34,78,-44
219000134,12,75,-63
219000135,22,175,-153
219000136,132,272,-140
219000138,129,24,105
219000139,104,20,84
219000140,116,0,116
219000141,46,73,-27
219000142,36,40,-4
219000143,29,30,-1
219000145,13,61,-48
219000146,5,17,-12
219000147,7,32,-25
219000148,4,36,-32
219000149,41,53,-12
219000150,5,48,-43
219000151,0,40,-40
219000157,338,216,122
219000158,334,349,-15
219000161,242,36,206
219000163,1387,402,985
219000166,211,187,24
219000167,224,244,-20
219000168,246,160,86
219000174,856,207,649
219000175,289,3,286
219000176,270,16,254
219000177,137,6,131
219000178,146,3,143
219000179,96,8,88
219000180,126,24,102
219000182,211,10,201
219000183,203,37,166
219000184,200,14,186
219000185,1,65,-64
219000186,210,46,164
219000187,19,133,-114
219000189,88,217,-129
219000190,75,267,-192
219000191,183,2429,-2246
219000192,261,265,-4
219000193,515,264,251
219000195,0,91,-91
219000196,6,136,-130
219000198,12,75,-63
219000199,42,137,-95
219000200,83,137,-54
219000201,79,186,-107
219000203,47,141,-94
219000204,93,476,-383
219000205,41,224,-183
219000207,127,201,-74
219000209,101,52,49
219000210,33,651,-618
219000213,8,342,-334
219000239,198,283,-85
219000240,227,628,-401
219000241,134,434,-300
219000242,52,299,-247
219000243,225,374,-149
219000244,18,173,-155
219000245,24,134,-110
219000246,45,53,-8
219000247,327,72,255
219000248,720,763,-43
219000249,272,305,-33
219000250,291,156,135
219000251,806,414,392
219000252,411,203,208
219000253,366,83,283
219000255,216,126,90
219000256,417,139,278
219000257,232,0,232
219000262,77,189,-112
219000263,61,152,-91
219000267,14,100,-86
219000268,14,32,-18
219000269,4,7,-3
219000270,51,1,50
219000271,601,2,599
219000278,0,34,-34
219000279,1,31,-30
219000283,0,51,-51
219000295,7,78,-71
219000296,126,378,-252
219000297,64,67,-3
219000298,98,42,56
219000299,563,98,465
219000300,72,58,14
219000301,70,210,-140
219000302,46,114,-68
219000307,32,35,-3
219000308,111,71,40
219000311,270,82,188
219000312,536,108,428
219000313,684,59,625
219000314,190,154,36
219000315,591,27,564
219000316,1033,75,958
219000317,265,2,263
219000320,0,203,-203
219000321,1,40,-39
219000323,6,85,-79
219000325,1,16,-15
219000326,50,108,-58
219000327,29,41,-12
219000328,31,26,5
219000329,180,99,81
219000330,25,27,-2
219000331,54,113,-59
219000332,331,171,160
219000333,85,8,77
219000335,142,1,141
219000337,42,1,41
219000338,65,1,64
219000344,13,95,-82
219000345,100,22,78
219000346,52,13,39
219000348,194,83,111
219000349,83,133,-50
219000350,51,380,-329
219000351,2,9,-7
219000352,64,152,-88
219000353,215,102,113
219000354,375,86,289
219000355,237,75,162
219000356,469,2224,-1755
219000363,142,156,-14
219000364,286,106,180
219000365,183,37,146
219000366,197,755,-558
219000368,407,712,-305
219000370,684,901,-217
219000371,16,13,3
219000382,6,50,-44
219000383,323,1883,-1560
219000385,265,1281,-1016
219000386,834,2658,-1824
219000387,0,18,-18
219000390,23,12,11
219000391,2,0,2
219000397,44,17,27
219000398,66,61,5
219000401,25,124,-99
219000402,28,87,-59
219000403,28,345,-317
219000404,45,102,-57
219000407,28,29,-1
219000409,104,90,14
219000410,281,32,249
219000411,177,21,156
219000446,187,429,-242
219000447,21,34,-13
219000448,8,11,-3
219000452,198,117,81
219000453,62,353,-291
219000454,303,605,-302
219000556,495,223,272
219000558,107,221,-114
219000590,37,237,-200
219000591,259,271,-12
219000592,77,298,-221
219000595,10,14,-4
219000635,399,109,290
219000636,197,156,41
219000657,15,30,-15
219000658,6,199,-193
219000673,1,67,-66
219000676,9,4,5
219000679,15,29,-14
219000684,114,2,112
219000685,0,58,-58
219000686,0,14,-14
219000688,0,61,-61
219000689,8,177,-169
219000690,293,17,276
219000691,71,125,-54
219000692,255,27,228
219000693,17,21,-4
219000694,10,0,10
219000695,80,11,69
219000698,34,0,34
219000699,0,157,-157
219000727,8,331,-323
219000728,161,0,161
219000770,63,2,61
219000771,1,135,-134
219000788,339,422,-83
219001150,0,29,-29
219001151,1,3,-2
219001166,55,64,-9
219001167,15,84,-69
219001178,61,3,58
220000001,51,250,-199
220000002,6,229,-223
220000003,329,247,82
220000004,556,920,-364
220000005,667,2384,-1717
220000006,261,902,-641
220000007,587,204,383
220000008,390,663,-273
220000009,344,446,-102
220000010,74,108,-34
220000011,526,5044,-4518
220000012,65,627,-562
220000014,228,156,72
220000015,63,674,-611
220000017,37,504,-467
220000018,11070,3535,7535
220000019,293,929,-636
220000020,714,282,432
220000021,1400,483,917
220000022,1744,426,1318
220000023,515,266,249
220000024,1242,823,419
220000025,815,2466,-1651
220000026,415,1200,-785
220000027,26,446,-420
220000028,91,239,-148
220000029,46,111,-65
220000030,72,265,-193
220000031,907,875,32
220000064,60,2019,-1959
221000046,0,0,0
221000047,0,0,0
221000048,0,7,-7
221000049,0,21,-21
221000050,6,0,6
221000055,63,95,-32
221000057,111,5,106
221000068,286,103,183
221000069,398,46,352
221000070,309,29,280
221000071,142,5,137
221000072,485,11,474
221000073,280,25,255
221000074,0,11,-11
221000075,12,54,-42
221000076,12,21,-9
221000077,16,59,-43
221000081,25,13,12
221000082,85,9,76
221000083,22,19,3
221000084,5,9,-4
221000085,46,68,-22
221000086,6,77,-71
221000087,3,140,-137
221000088,8,206,-198
221000089,21,299,-278
221000090,45,429,-384
221000098,194,25,169
221000099,421,89,332
221000100,254,5,249
221000101,215,21,194
221000102,170,45,125
221000109,21,68,-47
221000110,6,38,-32
221000111,3,96,-93
221000112,1,110,-109
221000113,10,134,-124
221000114,9,118,-109
221000120,35,169,-134
221000121,7,52,-45
221000122,25,29,-4
221000123,16,78,-62
221000124,13,88,-75
221000155,126,82,44
221000156,183,71,112
221000175,7,24,-17
221000176,0,18,-18
221000182,74,3,71
221000241,592,357,235
221000242,127,253,-126
221000243,690,275,415
221000244,262,733,-471
221000245,231,260,-29
221000246,46,520,-474
221000247,217,264,-47
221000248,175,243,-68
221000267,38,783,-745
221000325,53,128,-75
221000331,1,95,-94
221000338,14,79,-65
221000378,468,87,381
221000381,50,84,-34
222000282,3,15,-12
222000296,2,40,-38
222000568,453,24,429
222000569,154,41,113
222000570,260,36,224
222000571,411,29,382
222000577,3,60,-57
222000578,4,138,-134
222000579,2,80,-78
222000580,17,697,-680
222000599,2,65,-63
222000600,1,89,-88
222000601,2,660,-658
222000603,8,198,-190
222000604,1,188,-187
222000605,7,49,-42
222000606,2,50,-48
222000607,3,25,-22
222000608,12,38,-26
222000609,46,87,-41
222000616,682,122,560
222000617,25,91,-66
222000618,2,27,-25
222000620,90,53,37
222000621,42,44,-2
222000623,935,6,929
222000624,661,9,652
222000625,1608,8,1600
222000636,55,9,46
222000686,18,63,-45
222000687,60,65,-5
222001066,430,3,427
222001067,70,2,68
222001068,201,15,186
222001069,157,24,133
222001082,18,5,13
222001083,66,4,62
222001084,0,40,-40
222001085,3,182,-179
222001111,102,76,26
222001112,293,45,248
222001313,7,45,-38
222001314,1,108,-107
222001464,552,141,411
222001465,52,151,-99
222001484,375,141,234
222001485,46,73,-27
222001494,963,369,594
222001495,175,146,29
222001496,635,203,432
222001497,195,272,-77
222001502,24,35,-11
222001503,259,41,218
222001504,20,198,-178
222001505,541,24,517
222001506,14,227,-213
222001507,281,9,272
222001510,1078,22,1056
222001511,73,193,-120
222001514,959,74,885
222001515,36,358,-322
222001518,558,13,545
222001519,76,47,29
222001527,183,25,158
222001528,31,182,-151
222001529,524,13,511
222001530,75,69,6
222001533,143,133,10
222001534,661,45,616
222001535,582,440,142
222001536,90,121,-31
222001537,458,31,427
222001538,27,316,-289
222001563,1729,77,1652
222001564,96,319,-223
222001568,237,216,21
222001576,1,8,-7
222001579,0,32,-32
222001583,45,65,-20
222001584,206,90,116
222001596,521,1214,-693
222001597,1746,326,1420
222001626,0,24,-24
222001650,24,183,-159
222001651,23,446,-423
222001914,246,32,214
222001915,38,189,-151
222001968,860,320,540
222001969,349,420,-71
222001970,110,870,-760
222001971,79,4,75
222001972,12,7,5
225000001,701,208,493
225000002,1241,322,919
225000003,1298,193,1105
225000004,868,475,393
225000005,70,101,-31
225000006,1,554,-553
225000007,3277,1728,1549
225000010,661,14,647
225000011,380,2594,-2214
225000012,440,1098,-658
225000013,141,251,-110
225000014,1145,310,835
225000015,206,243,-37
225000021,1231,206,1025
225000027,471,623,-152
225000032,888,139,749
225000042,204,599,-395
225000049,163,113,50
225000050,275,38,237
225000053,11,353,-342
225000058,1169,410,759
225000067,459,182,277
225000068,189,1214,-1025
225000069,106,926,-820
225000070,198,497,-299
225000071,98,112,-14
225000075,90,3123,-3033
225000076,79,362,-283
225000078,65,160,-95
225000085,244,65,179
225000086,644,96,548
225000087,361,11,350
225000088,71,351,-280
225000089,86,610,-524
225000090,62,1031,-969
225000091,103,202,-99
225000092,116,195,-79
225000093,556,326,230
225000094,18,264,-246
225000095,504,394,110
225000096,142,412,-270
225000098,1194,215,979
225000099,793,175,618
225000100,897,230,667
225000104,195,504,-309
225000110,22,419,-397
225000111,421,722,-301
225000112,708,1053,-345
225000113,345,2294,-1949
225000114,220,844,-624
225000115,2127,785,1342
225000116,431,332,99
225000117,989,446,543
225000118,1950,387,1563
225000119,627,159,468
225000120,1350,80,1270
225000121,337,27,310
225000123,973,62,911
225000125,1011,375,636
225000126,1471,575,896
225000127,673,3717,-3044
225000128,619,1526,-907
225000132,971,33,938
225000133,504,34,470
225000134,1165,172,993
225000135,197,9,188
225000136,1073,18,1055
225000137,639,168,471
225000138,959,239,720
225000143,257,350,-93
225000144,41,382,-341
225000145,102,89,13
225000146,252,144,108
225000147,122,147,-25
225000148,7,74,-67
225000149,137,193,-56
225000151,71,177,-106
225000155,302,292,10
225000156,344,1346,-1002
225000157,1020,639,381
225000158,136,278,-142
225000171,6,231,-225
225000180,30,0,30
225000181,0,198,-198
225000182,81,41,40
225000185,7,589,-582
225000187,185,313,-128
225000191,118,3,115
225000194,0,9,-9
225000208,4,104,-100
225000209,194,16,178
225000210,18,330,-312
225000217,0,36,-36
225000218,34,1,33
225000223,0,808,-808
225000224,244,11,233
225000225,0,761,-761
225000226,21,7,14
225000227,421,660,-239
225000228,3,39,-36
225000229,0,196,-196
225000230,20,0,20
225000231,1,58,-57
225000232,332,0,332
225000241,82,0,82
225000242,0,86,-86
225000249,24,0,24
225000250,50,421,-371
225000251,939,262,677
226000042,324,502,-178
226000043,55,407,-352
226000044,235,943,-708
226000045,103,556,-453
226000046,1026,272,754
226000047,874,333,541
226000048,733,238,495
226000049,736,513,223
226000070,0,34,-34
226000071,0,117,-117
226000072,4,84,-80
226000073,0,19,-19
226000074,0,30,-30
226000084,2,64,-62
226000085,1,81,-80
226000086,1,76,-75
226000087,1,67,-66
226000088,4,28,-24
226000090,79,532,-453
226000091,11,178,-167
226000092,2,16,-14
226000093,27,0,27
226000094,9,5,4
226000095,70,25,45
226000105,8,1,7
226000106,24,1,23
226000107,14,1,13
226000108,41,1,40
226000109,264,0,264
226000124,225,202,23
226000134,1365,782,583
226000135,2603,901,1702
226000136,1067,713,354
226000137,6,302,-296
226000138,31,137,-106
226000139,23,76,-53
226000156,767,5,762
226000157,601,23,578
226000163,73,383,-310
226000202,29,252,-223
226000231,1727,20,1707
226000232,115,9,106
227000033,671,39,632
227000036,874,43,831
227000037,665,50,615
227000038,260,48,212
227000049,0,218,-218
227000050,4,239,-235
227000055,73,1,72
227000056,26,0,26
227000084,10,193,-183
227000085,2,216,-214
227000088,36,8,28
227000089,35,2,33
227000090,8,0,8
227000091,55,2,53
227000093,148,0,148
227000094,2,0,2
227000130,152,233,-81
227000131,55,172,-117
227000132,76,128,-52
227000133,16,103,-87
227000134,114,186,-72
227000152,0,43,-43
227000153,2,214,-212
227000155,7,31,-24
227000156,1,43,-42
227000165,4,158,-154
227000196,819,82,737
227000199,856,255,601
227000230,64,211,-147
227000232,1438,58,1380
227000242,46,493,-447
227000243,284,38,246
227000245,35,217,-182
227000246,106,235,-129
227000247,666,41,625
227000248,193,130,63
227000249,40,475,-435
227000250,640,527,113
227000251,207,855,-648
227000252,61,230,-169
227000253,342,58,284
227000262,778,45,733
227000266,2256,35,2221
227000267,14,962,-948
227000282,5,178,-173
227000284,1254,13,1241
227000286,13,66,-53
227000287,29,32,-3
227000291,5,516,-511
227000484,388,5,383
227000485,15,736,-721
227000655,369,1,368
227000656,814,12,802
227000657,308,5,303
227000661,1416,45,1371
227000680,150,158,-8
229000265,43,27,16
229000296,2,53,-51
229000297,13,29,-16
229000298,5,110,-105
229000320,12,4,8
229000321,33,9,24
229000412,7,104,-97
229000414,10,61,-51
229000415,5,10,-5
229000416,0,3,-3
229000417,0,1,-1
229000419,109,219,-110
229000440,240,108,132
229000442,51,14,37
229000443,3,18,-15
229000444,3,66,-63
229000445,109,15,94
229000446,44,36,8
229000491,0,10,-10
229000492,3,40,-37
229000493,3,56,-53
229000494,22,0,22
229000495,74,1,73
229000496,56,1,55
229000507,0,16,-16
229000508,2,31,-29
229000509,0,34,-34
229000510,1,54,-53
229000511,3,24,-21
229000512,0,13,-13
229000513,0,1,-1
229000514,0,3,-3
229000517,4,2,2
229000518,13,2,11
229000519,0,3,-3
229000520,12,12,0
229000521,45,2,43
229000522,1,1,0
229000523,2,1,1
229000524,3,0,3
229000527,0,0,0
229000528,0,0,0
229000529,1,0,1
229000530,0,0,0
229000531,0,0,0
229000532,0,0,0
229000533,0,0,0
229000534,0,0,0
229000564,0,0,0
229000565,0,0,0
229000566,0,2,-2
229000567,0,5,-5
229000582,0,0,0
229000583,0,0,0
229000584,1,5,-4
229000585,0,24,-24
229000718,0,1,-1
229000719,0,0,0
229000720,0,20,-20
229000721,0,8,-8
229000722,0,11,-11
229000723,0,8,-8
229000724,0,2,-2
229000725,0,0,0
229000738,0,0,0
229000739,0,0,0
229000740,0,0,0
229000741,0,0,0
229000742,0,0,0
229000743,0,0,0
229000744,0,0,0
229000745,0,0,0
229000746,0,1,-1
229000847,163,2,161
229000848,88,0,88
229000849,206,0,206
229000851,82,0,82
229000854,1,29,-28
229000856,1,112,-111
229000857,2,35,-33
229000858,0,80,-80
229000919,2,95,-93
229000930,11,152,-141
229000937,136,13,123
229000966,108,26,82
229000981,29,30,-1
229000985,17,6,11
229000986,0,2,-2
229000987,0,17,-17
229000988,1,29,-28
229000989,15,20,-5
229000990,3,8,-5
229000991,0,1,-1
229000992,19,0,19
229000993,217,6,211
229000998,24,34,-10
229000999,89,8,81
229001034,0,8,-8
229001035,8,2,6
229001037,43,2,41
229001042,36,10,26
229001047,5,51,-46
229001050,77,28,49
229001168,0,22,-22
229001200,42,3,39
229001338,2,11,-9
229001394,250,4,246
229001422,201,17,184
229001423,5,111,-106
229001431,70,51,19
229001432,21,188,-167
229001444,242,35,207
229001445,122,80,42
229001479,12,1,11
229001503,406,49,357
229001504,187,144,43
229001505,210,52,158
229001506,96,198,-102
229001509,31,12,19
229001545,208,13,195
229001546,3,60,-57
229001553,150,17,133
229001554,11,100,-89
229001559,9,7,2
229001560,3,42,-39
229001630,118,2,116
229001631,2,34,-32
229001635,0,59,-59
229001636,0,0,0
229001658,0,83,-83
229001659,115,1,114
229001660,4,42,-38
229001661,1,24,-23
229001662,38,0,38
229001663,1,241,-240
229002584,189,250,-61
229002831,115,79,36
229002841,14,34,-20
229002842,35,45,-10
229002843,50,24,26
229002844,31,104,-73
229002845,15,114,-99
229002846,15,24,-9
229002847,0,32,-32
229002848,9,80,-71
229002849,1,55,-54
229002850,5,0,5
229002851,30,112,-82
229002852,130,46,84
229002853,122,34,88
229002854,55,61,-6
229002855,37,138,-101
229002856,41,35,6
229002857,19,148,-129
229002858,22,10,12
229002859,18,113,-95
229002860,52,36,16
229002861,47,65,-18
229002862,19,63,-44
229002863,22,22,0
229002864,47,50,-3
229002865,5,12,-7
229002866,9,4,5
229002867,0,29,-29
229002868,25,18,7
229002869,16,124,-108
229002870,54,49,5
235000066,266,90,176
235000067,181,98,83
235000072,41,76,-35
235000073,94,468,-374
235000074,92,68,24
235000080,22,40,-18
235000081,243,139,104
235000082,563,31,532
235000083,470,41,429
235000084,52,46,6
235000085,292,78,214
235000089,74,171,-97
235000092,58,232,-174
235000093,6,10,-4
235000097,10,3,7
235000098,154,5,149
235000099,46,99,-53
235000116,32,30,2
235000117,955,18,937
235000133,23,983,-960
235000134,17,277,-260
235000206,20,5,15
235000207,1,7,-6
235000208,1,5,-4
235000209,1,6,-5
235000210,13,3,10
235000212,2,14,-12
235000213,2,22,-20
235000220,0,5,-5
235000221,3,155,-152
235000238,23,504,-481
235000239,3,151,-148
235000242,458,1199,-741
235000245,400,269,131
235000246,32,90,-58
235000284,14,120,-106
235000295,136,33,103
235000305,356,50,306
235000306,430,19,411
235000307,53,0,53
235000308,43,0,43
235000309,127,2,125
235000310,69,1,68
235000311,134,185,-51
235000322,1,40,-39
235000323,1,18,-17
235000324,0,31,-31
235000325,11,13,-2
235000326,19,45,-26
235000351,1,101,-100
235000352,25,70,-45
235000353,4,52,-48
235000354,13,20,-7
235000355,21,47,-26
235000356,154,2,152
235000357,132,6,126
235000358,39,9,30
235000359,18,1,17
235000360,95,6,89
235000361,140,5,135
235000381,216,80,136
235000382,250,151,99
235000390,6,3,3
235000391,211,23,188
235000392,327,316,11
235000393,171,360,-189
235000395,160,86,74
235000396,525,107,418
235000400,60,245,-185
235000401,12,253,-241
235000405,180,104,76
235000406,46,107,-61
235000407,82,73,9
235000409,217,142,75
235000410,68,199,-131
235000411,5,73,-68
235000485,0,29,-29
235000486,1,0,1
235000549,122,329,-207
235000550,169,216,-47
235000599,211,63,148
235000600,1,19,-18
235000601,7,30,-23
235000602,190,83,107
235000614,1,14,-13
235000648,1,17,-16
235000649,67,2,65
235000685,2,6,-4
235000815,10,50,-40
235000834,0,31,-31
235000855,63,54,9
235000862,58,68,-10
235000891,0,64,-64
235000892,11,1,10
235000901,93,189,-96
235000907,2,12,-10
235001010,183,88,95
235001029,189,253,-64
235001030,293,150,143
235001078,105,140,-35
235001079,123,58,65
235001147,26,126,-100
235001166,25,87,-62
235001167,119,37,82
235001169,67,175,-108
235001188,2,26,-24
235001189,3,4,-1
235001197,9,17,-8
235001200,115,88,27
235001207,872,58,814
235001210,213,243,-30
235001215,66,163,-97
235001239,0,55,-55
235001244,0,29,-29
235016267,0,308,-308
277101746,0,1,-1
277102712,6,3,3
277103813,0,0,0
277103814,0,0,0
277103898,0,2,-2
277104249,0,4,-4
277104250,0,25,-25
277104251,0,12,-12
277104252,0,6,-6
990011530,2,505,-503
990014944,1,232,-231
990015176,183,0,183
990015618,1,121,-120
990016032,0,222,-222
990032570,1,22,-21
990070001,83,8,75
990070103,0,2,-2
990070601,0,38,-38
990070751,3224,6,3218
990070766,1,160,-159
990071180,894,552,342
990071343,60,3,57
990071387,2,23,-21
990071823,570,2,568
990072600,0,736,-736
990072964,4,145,-141
990073285,0,6,-6
990074393,2,481,-479
990074870,2794,25,2769
990075106,864,3,861
990075746,946,8,938
990076437,5779,3,5776
990076458,0,530,-530
997000007,521,29,492
997000041,0,289,-289
997000058,74,0,74
997000062,25,0,25
997000069,0,3,-3
997000070,0,7,-7
997000100,151,0,151
997000141,0,185,-185
997000198,15,321,-306
998000475,0,1,-1
998000736,0,89,-89
998000965,0,21,-21
998001031,0,72,-72
998001700,0,31,-31
998001899,0,0,0
998001900,9,1,8
998003073,1435,7,1428
998101900,0,0,0
998102850,1,129,-128
998501927,543,1309,-766
998501929,336,66,270
998501930,81,1,80
998501931,189,6,183
998501932,12,0,12
998501933,86,0,86
998501937,38,1,37
998501944,6,1,5
998501950,0,4,-4
998501970,283,1,282
998501971,0,84,-84
998501973,0,6,-6
998501974,0,136,-136
998501975,194,1,193
998501976,956,3,953
998501977,0,42,-42
998501978,18,4,14
998501979,0,1,-1
998501980,181,15,166
998501981,102,0,102
998501982,0,183,-183
998501983,1,4,-3
998502006,0,0,0
998502024,0,34,-34
998502032,0,4,-4
998502062,7,1,6
998502063,0,0,0
998502173,65,0,65
998502269,0,1,-1
998502546,3,598,-595
998502578,3,0,3
998502599,60,645,-585
998601159,0,60,-60
998601292,0,23,-23
999033574,0,214,-214
999800001,59,4,55
999800002,0,3,-3
999800003,5,0,5
999800004,0,13,-13
999800005,0,36,-36
