dong,insum,outsum,diff
강남구 개포1동,1397,1494,-97
강남구 개포2동,20013,17613,2400
강남구 개포4동,12479,8375,4104
강남구 논현1동,31128,28919,2209
강남구 논현2동,21236,20859,377
강남구 대치1동,21929,26959,-5030
강남구 대치2동,31852,30507,1345
강남구 대치4동,26712,26198,514
강남구 도곡1동,20445,17549,2896
강남구 도곡2동,7573,8116,-543
강남구 삼성1동,37616,27526,10090
강남구 삼성2동,18138,13920,4218
강남구 세곡동,26242,26583,-341
강남구 수서동,24389,18413,5976
강남구 신사동,27150,23526,3624
강남구 압구정동,43291,32940,10351
강남구 역삼1동,70481,51873,18608
강남구 역삼2동,25874,19056,6818
강남구 일원1동,12256,9138,3118
강남구 일원2동,3945,3608,337
강남구 일원본동,14281,10007,4274
강남구 청담동,32102,25145,6957
강동구 강일동,15790,15672,118
강동구 고덕제1동,7631,8017,-386
강동구 고덕제2동,13051,11435,1616
강동구 길동,12633,13189,-556
강동구 둔촌제1동,534,309,225
강동구 둔촌제2동,11000,9855,1145
강동구 명일제1동,16369,16408,-39
강동구 명일제2동,15503,11610,3893
강동구 상일동,22132,15338,6794
강동구 성내제1동,9710,8023,1687
강동구 성내제2동,8068,9805,-1737
강동구 성내제3동,10909,11663,-754
강동구 암사제1동,8887,10665,-1778
강동구 암사제2동,3001,4597,-1596
강동구 암사제3동,1820,1157,663
강동구 천호제1동,5614,8076,-2462
강동구 천호제2동,20281,21541,-1260
강동구 천호제3동,6740,8974,-2234
강북구 미아동,22708,18854,3854
강북구 번1동,38776,38325,451
강북구 번2동,9975,12763,-2788
강북구 번3동,17105,20260,-3155
강북구 삼각산동,7321,10051,-2730
강북구 삼양동,16710,19438,-2728
강북구 송중동,70426,64164,6262
강북구 송천동,27876,30360,-2484
강북구 수유1동,20894,18539,2355
강북구 수유2동,11176,14445,-3269
강북구 수유3동,34619,38390,-3771
강북구 우이동,17265,13863,3402
강북구 월곡제1동,3097,2298,799
강북구 인수동,14500,17254,-2754
강서구 가양제1동,18815,13311,5504
강서구 가양제2동,4986,3355,1631
강서구 가양제3동,4085,3438,647
강서구 공항동,11702,12729,-1027
강서구 등촌제1동,20600,19905,695
강서구 등촌제2동,10092,10012,80
강서구 등촌제3동,24168,23344,824
강서구 발산제1동,32486,25231,7255
강서구 방화제1동,12216,14535,-2319
강서구 방화제2동,9035,8844,191
강서구 방화제3동,2528,1899,629
강서구 염창동,9598,13756,-4158
강서구 우장산동,17923,20457,-2534
강서구 화곡본동,9083,10196,-1113
강서구 화곡제1동,30980,37858,-6878
강서구 화곡제2동,6143,8205,-2062
강서구 화곡제3동,12089,12139,-50
강서구 화곡제4동,9231,9677,-446
강서구 화곡제6동,21961,17996,3965
강서구 화곡제8동,14758,13362,1396
관악구 낙성대동,26015,43759,-17744
관악구 난곡동,14377,16010,-1633
관악구 난향동,9022,10395,-1373
관악구 남현동,10679,13787,-3108
관악구 대학동,42485,21974,20511
관악구 미성동,24809,26531,-1722
관악구 보라매동,19569,18102,1467
관악구 삼성동,25628,26669,-1041
관악구 서림동,19717,16272,3445
관악구 서원동,38886,42158,-3272
관악구 성현동,12897,17659,-4762
관악구 신림동,42842,38110,4732
관악구 신사동,10727,13607,-2880
관악구 신원동,4968,5461,-493
관악구 은천동,23152,23563,-411
관악구 인헌동,10171,10425,-254
관악구 조원동,26030,29351,-3321
관악구 중앙동,8311,6617,1694
관악구 청룡동,28648,18867,9781
관악구 청림동,3918,5396,-1478
관악구 행운동,36833,33728,3105
광진구 광장동,6549,5795,754
광진구 구의제1동,14400,11440,2960
광진구 구의제2동,12970,15220,-2250
광진구 구의제3동,10693,10780,-87
광진구 군자동,12921,14839,-1918
광진구 능동,9279,12170,-2891
광진구 자양제1동,3877,3535,342
광진구 자양제2동,17440,18408,-968
광진구 자양제3동,6280,5846,434
광진구 자양제4동,17219,17351,-132
광진구 중곡제1동,6087,5859,228
광진구 중곡제2동,9608,10402,-794
광진구 중곡제3동,8924,7545,1379
광진구 중곡제4동,6921,8539,-1618
광진구 화양동,15146,15603,-457
구로구 가리봉동,10538,10263,275
구로구 개봉제1동,31167,32509,-1342
구로구 개봉제2동,19285,19503,-218
구로구 개봉제3동,6611,8727,-2116
구로구 고척제1동,21494,20869,625
구로구 고척제2동,17450,18472,-1022
구로구 구로제1동,10347,8677,1670
구로구 구로제2동,33899,30601,3298
구로구 구로제3동,45691,29957,15734
구로구 구로제4동,20319,17232,3087
구로구 구로제5동,24557,21578,2979
구로구 수궁동,33917,24907,9010
구로구 신도림동,28964,27815,1149
구로구 오류제1동,12651,14977,-2326
구로구 오류제2동,11805,13796,-1991
구로구 항동,3955,4665,-710
금천구 가산동,47907,33951,13956
금천구 독산제1동,34794,41569,-6775
금천구 독산제2동,13735,17434,-3699
금천구 독산제3동,20933,21094,-161
금천구 독산제4동,11643,9841,1802
금천구 미성동,452,302,150
금천구 시흥제1동,33449,41012,-7563
금천구 시흥제2동,14137,15778,-1641
금천구 시흥제3동,10729,9569,1160
금천구 시흥제4동,7681,7451,230
금천구 시흥제5동,22421,15882,6539
노원구 공릉1동,16736,20412,-3676
노원구 공릉2동,25052,22813,2239
노원구 상계10동,12531,7405,5126
노원구 상계1동,15739,14675,1064
노원구 상계2동,17098,21448,-4350
노원구 상계3.4동,3872,5567,-1695
노원구 상계5동,11191,11304,-113
노원구 상계6.7동,25048,20695,4353
노원구 상계8동,5794,5247,547
노원구 상계9동,7022,7414,-392
노원구 월계1동,37639,30731,6908
노원구 월계2동,15590,12719,2871
노원구 월계3동,12728,13253,-525
노원구 중계1동,11672,12866,-1194
노원구 중계2.3동,19060,16208,2852
노원구 중계4동,8665,9103,-438
노원구 중계본동,13470,12955,515
노원구 하계1동,25518,17055,8463
노원구 하계2동,12785,13415,-630
도봉구 도봉제1동,16798,11288,5510
도봉구 도봉제2동,14121,14996,-875
도봉구 방학제1동,18827,20729,-1902
도봉구 방학제2동,6662,10830,-4168
도봉구 방학제3동,11435,11137,298
도봉구 쌍문제1동,11760,14344,-2584
도봉구 쌍문제2동,12675,15365,-2690
도봉구 쌍문제3동,12279,12377,-98
도봉구 쌍문제4동,14686,10164,4522
도봉구 창제1동,26035,18937,7098
도봉구 창제2동,8481,13327,-4846
도봉구 창제3동,9531,12027,-2496
도봉구 창제4동,24499,22424,2075
도봉구 창제5동,16459,18055,-1596
동대문구 답십리제1동,13799,18507,-4708
동대문구 답십리제2동,15981,17446,-1465
동대문구 면목제5동,532,77,455
동대문구 용신동,64002,53970,10032
동대문구 이문제1동,12669,12390,279
동대문구 이문제2동,5190,5687,-497
동대문구 장안제1동,25803,25587,216
동대문구 장안제2동,20842,22936,-2094
동대문구 전농제1동,21970,26685,-4715
동대문구 전농제2동,20524,14742,5782
동대문구 제기동,44170,33031,11139
동대문구 청량리동,43071,37263,5808
동대문구 회기동,16125,9265,6860
동대문구 휘경제1동,22355,22940,-585
동대문구 휘경제2동,18733,16436,2297
동작구 노량진제1동,42211,44456,-2245
동작구 노량진제2동,23247,17534,5713
동작구 대방동,43610,40830,2780
동작구 사당제1동,13923,16318,-2395
동작구 사당제2동,27672,22654,5018
동작구 사당제3동,7315,9841,-2526
동작구 사당제4동,1789,2152,-363
동작구 사당제5동,9815,8745,1070
동작구 상도제1동,44702,46095,-1393
동작구 상도제2동,19039,22973,-3934
동작구 상도제3동,14554,16638,-2084
동작구 상도제4동,12015,14804,-2789
동작구 신대방제1동,8192,7760,432
동작구 신대방제2동,25180,21792,3388
동작구 흑석동,30606,26945,3661
마포구 공덕동,14290,16391,-2101
마포구 대흥동,23006,19861,3145
마포구 도화동,8347,9009,-662
마포구 망원제1동,10039,10575,-536
마포구 망원제2동,6759,7218,-459
마포구 상암동,43752,35801,7951
마포구 서강동,9084,10628,-1544
마포구 서교동,81306,83897,-2591
마포구 성산제1동,15622,12396,3226
마포구 성산제2동,22018,24474,-2456
마포구 신수동,4591,5512,-921
마포구 아현동,22671,20536,2135
마포구 연남동,9718,9118,600
마포구 염리동,6713,4815,1898
마포구 용강동,13275,13773,-498
마포구 합정동,12937,16929,-3992
서대문구 남가좌제1동,12850,11909,941
서대문구 남가좌제2동,20869,20818,51
서대문구 북가좌제1동,5081,9008,-3927
서대문구 북가좌제2동,15448,19860,-4412
서대문구 북아현동,15028,16084,-1056
서대문구 신촌동,85655,61094,24561
서대문구 연희동,52435,54040,-1605
서대문구 천연동,27036,24858,2178
서대문구 충현동,33305,30164,3141
서대문구 홍은제1동,16870,19902,-3032
서대문구 홍은제2동,33800,30173,3627
서대문구 홍제제1동,28688,26957,1731
서대문구 홍제제2동,14577,20882,-6305
서대문구 홍제제3동,16406,16457,-51
서초구 내곡동,20415,11505,8910
서초구 반포1동,21203,18541,2662
서초구 반포2동,10264,7964,2300
서초구 반포3동,27836,23847,3989
서초구 반포4동,30634,29900,734
서초구 반포본동,18031,12527,5504
서초구 방배1동,16565,16999,-434
서초구 방배2동,16120,17416,-1296
서초구 방배3동,16188,12792,3396
서초구 방배4동,18922,18695,227
서초구 방배본동,12250,11388,862
서초구 서초1동,16010,15536,474
서초구 서초2동,29822,28861,961
서초구 서초3동,39191,30711,8480
서초구 서초4동,25184,28101,-2917
서초구 양재1동,55165,52671,2494
서초구 양재2동,30318,22397,7921
서초구 잠원동,17825,23367,-5542
성동구 금호1가동,7530,9176,-1646
성동구 금호2.3가동,14736,15844,-1108
성동구 금호4가동,7118,8314,-1196
성동구 마장동,10830,11310,-480
성동구 사근동,9705,6010,3695
성동구 성수1가제1동,9295,7526,1769
성동구 성수1가제2동,6480,5839,641
성동구 성수2가제1동,6342,5590,752
성동구 성수2가제3동,7494,5962,1532
성동구 송정동,4655,3772,883
성동구 옥수동,14944,15386,-442
성동구 왕십리도선동,12935,11002,1933
성동구 왕십리제2동,8419,12861,-4442
성동구 용답동,9217,9791,-574
성동구 응봉동,5895,8386,-2491
성동구 행당제1동,17932,16904,1028
성동구 행당제2동,11989,12633,-644
성북구 길음제1동,23536,27285,-3749
성북구 길음제2동,18534,22158,-3624
성북구 돈암제1동,24107,21186,2921
성북구 돈암제2동,6623,8515,-1892
성북구 동선동,29847,33482,-3635
성북구 보문동,9371,10468,-1097
성북구 삼선동,44851,43974,877
성북구 석관동,11322,13622,-2300
성북구 성북동,27470,25966,1504
성북구 안암동,19750,12972,6778
성북구 월곡제1동,20184,21224,-1040
성북구 월곡제2동,11451,10368,1083
성북구 장위제1동,11149,16529,-5380
성북구 장위제2동,11312,11392,-80
성북구 장위제3동,7529,8095,-566
성북구 정릉제1동,14402,18116,-3714
성북구 정릉제2동,18561,24057,-5496
성북구 정릉제3동,15627,8689,6938
성북구 정릉제4동,20989,20746,243
성북구 종암동,30768,32546,-1778
송파구 가락1동,4568,4722,-154
송파구 가락2동,16794,17450,-656
송파구 가락본동,17976,17204,772
송파구 거여1동,4670,5562,-892
송파구 거여2동,1582,1487,95
송파구 마천1동,5828,5262,566
송파구 마천2동,10647,13702,-3055
송파구 문정1동,5833,7284,-1451
송파구 문정2동,21912,22989,-1077
송파구 방이1동,8344,7637,707
송파구 방이2동,12640,14446,-1806
송파구 삼전동,14519,14598,-79
송파구 석촌동,21606,23002,-1396
송파구 송파1동,12744,15001,-2257
송파구 송파2동,8208,5646,2562
송파구 오금동,16867,17006,-139
송파구 오륜동,9426,8084,1342
송파구 위례동,10974,12893,-1919
송파구 잠실2동,5066,7451,-2385
송파구 잠실3동,39985,31650,8335
송파구 잠실4동,1183,1327,-144
송파구 잠실6동,16155,15897,258
송파구 잠실7동,9419,4847,4572
송파구 잠실본동,22994,21546,1448
송파구 장지동,13800,9610,4190
송파구 풍납1동,5392,4818,574
송파구 풍납2동,16264,9649,6615
양천구 목1동,39573,32989,6584
양천구 목2동,21224,23871,-2647
양천구 목3동,23113,21149,1964
양천구 목4동,15416,16577,-1161
양천구 목5동,24663,22259,2404
양천구 신월1동,5214,3993,1221
양천구 신월2동,6934,10692,-3758
양천구 신월3동,9772,7396,2376
양천구 신월4동,7146,11101,-3955
양천구 신월5동,10152,9029,1123
양천구 신월6동,6292,5229,1063
양천구 신월7동,10616,17499,-6883
양천구 신정1동,10147,12585,-2438
양천구 신정2동,5403,5265,138
양천구 신정3동,35314,29564,5750
양천구 신정4동,30951,24955,5996
양천구 신정6동,6357,6362,-5
양천구 신정7동,8556,10526,-1970
영등포구 당산제1동,13055,11798,1257
영등포구 당산제2동,26955,24088,2867
영등포구 대림제1동,10859,9964,895
영등포구 대림제2동,5877,5994,-117
영등포구 대림제3동,12129,12128,1
영등포구 도림동,7353,10685,-3332
영등포구 문래동,19564,19717,-153
영등포구 신길제1동,9509,8689,820
영등포구 신길제3동,11153,12880,-1727
영등포구 신길제4동,3815,4328,-513
영등포구 신길제5동,8781,8822,-41
영등포구 신길제6동,11434,13115,-1681
영등포구 신길제7동,11423,11909,-486
영등포구 양평제1동,10655,8219,2436
영등포구 양평제2동,16535,12521,4014
영등포구 여의동,77886,50498,27388
영등포구 영등포동,63007,57297,5710
영등포구 영등포본동,22233,18058,4175
용산구 남영동,33637,31054,2583
용산구 보광동,8551,7982,569
용산구 서빙고동,10745,10757,-12
용산구 용문동,4944,5112,-168
용산구 용산2가동,12783,14312,-1529
용산구 원효로제1동,12007,12703,-696
용산구 원효로제2동,9471,8438,1033
용산구 이촌제1동,12934,11684,1250
용산구 이촌제2동,3419,3517,-98
용산구 이태원제1동,14475,13495,980
용산구 이태원제2동,7343,7019,324
용산구 청파동,16625,14963,1662
용산구 필동,2276,682,1594
용산구 한강로동,42011,37375,4636
용산구 한남동,45285,37963,7322
용산구 효창동,6711,7906,-1195
용산구 후암동,10913,9995,918
은평구 갈현제1동,9386,12351,-2965
은평구 갈현제2동,18739,16609,2130
은평구 구산동,16737,10177,6560
은평구 녹번동,26251,25691,560
은평구 대조동,36931,39461,-2530
은평구 불광제1동,27093,27289,-196
은평구 불광제2동,19410,23908,-4498
은평구 수색동,9560,10099,-539
은평구 신사제1동,15480,21331,-5851
은평구 신사제2동,18529,17394,1135
은평구 역촌동,20622,21345,-723
은평구 응암제1동,21358,30422,-9064
은평구 응암제2동,8754,9533,-779
은평구 응암제3동,15907,18534,-2627
은평구 증산동,17396,17655,-259
은평구 진관동,42948,37581,5367
종로구 가회동,3111,3723,-612
종로구 교남동,8800,6466,2334
종로구 무악동,5346,4907,439
종로구 부암동,20237,14213,6024
종로구 사직동,48067,40108,7959
종로구 삼청동,8167,5189,2978
종로구 숭인제1동,1145,2022,-877
종로구 숭인제2동,16076,12160,3916
종로구 이화동,19897,16199,3698
종로구 종로1.2.3.4가동,125336,87431,37905
종로구 종로5.6가동,30050,16632,13418
종로구 창신제1동,17786,11583,6203
종로구 창신제2동,5305,5995,-690
종로구 창신제3동,4696,4071,625
종로구 청운효자동,15319,10609,4710
종로구 충현동,3563,1589,1974
종로구 평창동,18976,14819,4157
종로구 혜화동,26247,25810,437
중구 광희동,24507,16718,7789
중구 다산동,5885,7265,-1380
중구 동화동,1510,1929,-419
중구 명동,33268,27177,6091
중구 소공동,67269,34752,32517
중구 신당동,8097,5822,2275
중구 신당제5동,12714,8982,3732
중구 약수동,5767,5635,132
중구 을지로동,8057,6722,1335
중구 장충동,6017,4361,1656
중구 중림동,9336,7046,2290
중구 청구동,5904,4872,1032
중구 필동,5419,4496,923
중구 황학동,7155,6769,386
중구 회현동,50094,39867,10227
중랑구 망우본동,29335,23680,5655
중랑구 망우제3동,6281,7012,-731
중랑구 면목본동,22858,24881,-2023
중랑구 면목제2동,6285,8133,-1848
중랑구 면목제3.8동,18727,18177,550
중랑구 면목제4동,7688,8933,-1245
중랑구 면목제5동,6809,7455,-646
중랑구 면목제7동,5353,7356,-2003
중랑구 묵제1동,11988,14055,-2067
중랑구 묵제2동,4109,3960,149
중랑구 상봉제1동,10708,11447,-739
중랑구 상봉제2동,22393,24171,-1778
중랑구 신내1동,18980,23060,-4080
중랑구 신내2동,17731,15836,1895
중랑구 중화제1동,6516,9650,-3134
중랑구 중화제2동,15103,17098,-1995
NA,432632,434835,-2203
