ID,insum,outsum,diff
100000001,450,737,-287
100000002,2721,2603,118
100000003,4023,3813,210
100000004,945,718,227
100000005,1878,3665,-1787
100000006,429,142,287
100000007,1261,667,594
100000008,148,482,-334
100000009,299,225,74
100000010,91,73,18
100000011,1139,153,986
100000012,136,1029,-893
100000013,45,262,-217
100000014,241,322,-81
100000015,1344,1860,-516
100000016,892,1041,-149
100000017,539,619,-80
100000018,1292,541,751
100000019,3213,1852,1361
100000020,1445,4402,-2957
100000021,4111,1851,2260
100000022,1164,1825,-661
100000023,4055,1451,2604
100000025,1267,1195,72
100000028,1185,924,261
100000029,132,246,-114
100000030,169,46,123
100000031,3242,4858,-1616
100000032,1863,2745,-882
100000033,713,1914,-1201
100000034,330,466,-136
100000035,1199,1161,38
100000036,1407,1204,203
100000037,574,362,212
100000038,1798,795,1003
100000039,513,221,292
100000040,154,185,-31
100000041,1064,528,536
100000042,1020,543,477
100000043,1292,655,637
100000044,491,963,-472
100000045,586,1218,-632
100000046,586,783,-197
100000047,239,426,-187
100000048,265,479,-214
100000049,1237,1431,-194
100000051,420,717,-297
100000053,289,10,279
100000054,553,29,524
100000055,1536,259,1277
100000056,631,449,182
100000057,1614,543,1071
100000058,824,914,-90
100000059,21,151,-130
100000060,420,263,157
100000061,1995,430,1565
100000062,1604,569,1035
100000063,735,243,492
100000064,1403,261,1142
100000065,417,662,-245
100000066,166,531,-365
100000067,312,575,-263
100000068,431,1252,-821
100000069,248,1025,-777
100000072,253,688,-435
100000073,898,795,103
100000075,661,251,410
100000076,1476,2126,-650
100000077,252,202,50
100000078,45,22,23
100000079,25,58,-33
100000080,29,53,-24
100000081,115,156,-41
100000102,2157,1994,163
100000103,2171,1430,741
100000104,3254,2375,879
100000105,2352,1272,1080
100000106,1625,1945,-320
100000107,441,922,-481
100000108,515,733,-218
100000109,2133,1087,1046
100000116,1402,957,445
100000117,88,103,-15
100000118,1379,1236,143
100000119,604,848,-244
100000121,221,413,-192
100000122,622,801,-179
100000123,1829,3225,-1396
100000124,3873,5007,-1134
100000125,2919,1566,1353
100000126,530,340,190
100000127,1119,283,836
100000128,1450,2415,-965
100000129,353,371,-18
100000130,377,378,-1
100000131,1622,1988,-366
100000132,869,2407,-1538
100000133,3379,1798,1581
100000135,553,1066,-513
100000139,376,371,5
100000140,416,368,48
100000142,487,501,-14
100000143,1173,489,684
100000144,2623,628,1995
100000147,1098,2676,-1578
100000150,59,359,-300
100000151,842,1060,-218
100000153,179,361,-182
100000154,32,188,-156
100000155,18,42,-24
100000156,515,477,38
100000157,119,132,-13
100000158,329,123,206
100000159,244,484,-240
100000165,1479,760,719
100000169,199,531,-332
100000174,539,556,-17
100000179,103,429,-326
100000180,960,1409,-449
100000181,536,195,341
100000188,65,161,-96
100000189,791,286,505
100000190,1000,1186,-186
100000191,614,482,132
100000192,48,106,-58
100000193,306,150,156
100000330,1034,797,237
100000355,301,456,-155
100000362,3735,2509,1226
100000363,3511,3789,-278
100000364,272,267,5
100000365,5179,6628,-1449
100000366,5924,2915,3009
100000367,5097,5850,-753
100000368,2242,1223,1019
100000369,752,1595,-843
100000370,157,820,-663
100000376,111,135,-24
100000379,1644,1192,452
100000380,3227,3251,-24
100000384,4355,4325,30
100000385,3429,3472,-43
100000386,6479,4296,2183
100000387,4339,4631,-292
100000388,5651,5180,471
100000389,5832,5321,511
100000390,6570,5697,873
100000391,5248,6817,-1569
100000392,3720,3530,190
100000393,2752,4379,-1627
100000394,7285,7668,-383
100000395,4805,3972,833
100000396,8913,3960,4953
100000397,5781,7585,-1804
100000398,9383,7607,1776
100000413,10,14,-4
100900002,12,27,-15
100900003,253,171,82
100900004,14,495,-481
100900005,100,15,85
100900006,22,94,-72
100900007,228,20,208
100900008,1,364,-363
100900009,58,110,-52
100900010,54,53,1
100900011,105,126,-21
100900012,0,115,-115
100900013,503,13,490
100900014,5,11,-6
100900015,79,61,18
100900016,2,28,-26
100900017,510,55,455
100900018,0,10,-10
100900019,38,94,-56
100900020,178,7,171
100900021,328,1,327
100900022,20,20,0
100900023,0,15,-15
100900024,481,5,476
100900025,9,11,-2
100900026,86,77,9
100900027,344,1627,-1283
100900028,103,130,-27
100900029,38,5,33
100900030,17,83,-66
100900031,463,42,421
100900032,232,10,222
100900033,200,168,32
100900034,341,0,341
100900035,378,0,378
100900036,15,0,15
100900037,99,126,-27
100900038,78,29,49
100900039,251,572,-321
100900040,322,424,-102
100900041,818,591,227
100900042,1103,1365,-262
100900043,1,16,-15
100900044,1318,357,961
100900045,11,0,11
100900046,804,34,770
100900047,662,229,433
100900048,152,35,117
100900049,43,123,-80
100900050,5,13,-8
100900051,32,77,-45
100900052,188,27,161
100900053,314,17,297
100900054,8,34,-26
100900055,172,495,-323
100900056,81,115,-34
100900057,1128,799,329
100900058,155,26,129
100900059,49,8,41
100900060,174,5,169
100900061,298,121,177
100900062,4,40,-36
100900063,207,511,-304
100900064,508,24,484
100900065,67,80,-13
100900066,112,135,-23
100900067,6,6,0
100900068,63,38,25
100900069,215,15,200
100900070,261,2,259
100900071,603,212,391
100900072,2,30,-28
100900073,124,255,-131
100900074,4,6,-2
100900075,1088,315,773
100900076,3,23,-20
100900077,20,40,-20
100900078,56,163,-107
100900079,3,13,-10
100900080,35,145,-110
100900081,14,92,-78
100900082,133,358,-225
100900083,10,24,-14
100900085,12,274,-262
100900086,118,273,-155
100900088,126,362,-236
100900089,7,17,-10
100900090,78,276,-198
100900091,4,14,-10
100900092,148,124,24
100900093,218,156,62
100900094,105,334,-229
100900095,3,28,-25
100900096,38,107,-69
100900097,0,2,-2
100900098,25,10,15
100900099,29,407,-378
100900100,8,420,-412
100900101,210,33,177
100900102,9,42,-33
100900103,11,37,-26
100900104,4,121,-117
100900105,24,333,-309
100900106,47,6,41
100900107,1367,673,694
100900108,5,17,-12
100900109,22,50,-28
100900110,2,19,-17
100900111,53,139,-86
100900112,1,10,-9
100900113,9,21,-12
100900114,8,12,-4
100900115,1,24,-23
100900116,570,434,136
100900117,238,588,-350
100900118,9,35,-26
100900119,17,16,1
100900120,4,7,-3
100900121,212,352,-140
100900122,140,132,8
100900123,51,149,-98
100900124,9,12,-3
100900125,8,50,-42
100900126,143,145,-2
100900127,18,11,7
100900128,59,97,-38
100900129,0,153,-153
100900131,53,119,-66
100900133,48,26,22
100900134,1,1,0
100900135,1,140,-139
100900137,277,132,145
100900138,345,391,-46
100900139,4,2,2
100900140,6,321,-315
100900141,2,404,-402
100900142,1,16,-15
100900143,571,318,253
100900144,10,4,6
100900145,56,179,-123
100900146,5,41,-36
100900147,9,349,-340
100900148,51,451,-400
100900149,35,188,-153
100900150,5,37,-32
100900151,101,306,-205
100900152,148,7,141
100900153,4,147,-143
100900154,5,66,-61
100900155,12,17,-5
100900156,13,1,12
100900157,8,146,-138
100900159,0,21,-21
100900160,17,5,12
100900161,68,5,63
100900162,27,213,-186
100900163,154,178,-24
100900164,31,27,4
100900165,11,14,-3
100900166,18,3,15
100900167,10,39,-29
100900168,36,115,-79
100900169,89,676,-587
100900170,26,6,20
100900171,10,366,-356
100900172,3,25,-22
100900173,28,244,-216
100900174,126,20,106
100900176,1359,142,1217
100900177,480,209,271
100900178,212,188,24
100900179,109,121,-12
100900180,10,6,4
100900181,95,80,15
100900182,31,28,3
100900184,15,98,-83
100900186,419,328,91
100900187,21,76,-55
100900188,22,5,17
100900189,765,164,601
100900191,891,782,109
100900192,323,439,-116
100900195,90,83,7
100900197,54,29,25
100900198,14,105,-91
100900199,1,11,-10
100900200,434,292,142
100900201,41,314,-273
100900202,79,0,79
100900203,1,230,-229
100900204,116,286,-170
100900205,165,423,-258
100900206,164,42,122
100900207,204,128,76
100900210,63,361,-298
100900211,333,112,221
100900213,119,40,79
100900214,478,116,362
100900215,9,54,-45
100900217,96,77,19
101000001,2772,1613,1159
101000002,3849,4267,-418
101000003,390,930,-540
101000004,5451,4597,854
101000005,2821,3495,-674
101000006,3964,4849,-885
101000007,1754,2666,-912
101000008,2403,1996,407
101000009,1498,1197,301
101000010,742,894,-152
101000011,1035,395,640
101000012,1109,595,514
101000013,555,899,-344
101000014,406,526,-120
101000015,1034,731,303
101000016,280,311,-31
101000017,461,394,67
101000018,2776,1824,952
101000020,2086,820,1266
101000021,725,329,396
101000022,112,87,25
101000023,1332,565,767
101000025,233,299,-66
101000026,296,28,268
101000027,1658,2137,-479
101000028,897,259,638
101000029,230,1599,-1369
101000030,1638,83,1555
101000031,907,604,303
101000032,7373,4206,3167
101000033,2051,2737,-686
101000034,1996,1424,572
101000035,668,331,337
101000036,1532,859,673
101000037,2781,1624,1157
101000039,2136,2224,-88
101000040,2811,3295,-484
101000041,7002,5934,1068
101000042,362,885,-523
101000043,5462,5579,-117
101000045,1346,827,519
101000046,3395,1694,1701
101000047,2236,3312,-1076
101000048,643,552,91
101000049,649,1600,-951
101000050,1499,1556,-57
101000051,1432,2305,-873
101000052,1394,901,493
101000053,1511,1428,83
101000054,2202,1108,1094
101000055,1314,1145,169
101000056,69,116,-47
101000057,1728,992,736
101000058,966,928,38
101000059,1780,2016,-236
101000060,1553,598,955
101000061,793,1158,-365
101000062,762,686,76
101000063,523,915,-392
101000064,1060,1079,-19
101000065,403,459,-56
101000066,981,891,90
101000067,1378,1033,345
101000068,393,431,-38
101000069,380,80,300
101000070,991,967,24
101000071,1385,792,593
101000072,667,2465,-1798
101000073,785,1143,-358
101000074,5136,3303,1833
101000075,3981,4690,-709
101000077,1432,1016,416
101000078,843,1815,-972
101000079,610,402,208
101000080,504,520,-16
101000081,1698,1484,214
101000082,2834,2736,98
101000083,2512,2031,481
101000084,1204,759,445
101000085,1292,1117,175
101000086,1014,949,65
101000087,882,852,30
101000088,1216,993,223
101000089,943,1253,-310
101000090,1612,1164,448
101000091,390,751,-361
101000092,1102,827,275
101000093,1252,643,609
101000094,843,824,19
101000095,401,490,-89
101000096,337,455,-118
101000097,451,446,5
101000098,314,429,-115
101000099,978,886,92
101000100,785,701,84
101000101,306,362,-56
101000102,651,416,235
101000103,870,491,379
101000104,309,517,-208
101000105,501,542,-41
101000106,682,842,-160
101000107,275,319,-44
101000108,683,229,454
101000109,333,63,270
101000110,31,327,-296
101000111,130,228,-98
101000113,164,451,-287
101000114,8052,6297,1755
101000115,202,220,-18
101000116,198,135,63
101000117,1769,361,1408
101000119,65,45,20
101000120,96,40,56
101000121,91,36,55
101000122,135,98,37
101000123,57,116,-59
101000124,587,262,325
101000125,214,412,-198
101000128,344,351,-7
101000130,226,288,-62
101000131,674,474,200
101000132,586,630,-44
101000135,36,37,-1
101000136,538,201,337
101000137,22,339,-317
101000141,1094,2200,-1106
101000147,721,374,347
101000148,818,12,806
101000149,425,581,-156
101000150,84,589,-505
101000151,161,34,127
101000152,255,257,-2
101000153,468,222,246
101000154,241,687,-446
101000155,252,120,132
101000156,20,253,-233
101000157,42,13,29
101000160,81,76,5
101000163,187,328,-141
101000164,328,258,70
101000165,227,313,-86
101000166,194,286,-92
101000168,770,367,403
101000252,1707,814,893
101000254,344,100,244
101000258,28,9,19
101000261,155,33,122
101000262,836,1922,-1086
101000263,182,805,-623
101000265,94,664,-570
101000266,321,254,67
101000269,29,10,19
101000290,945,1828,-883
101000293,38,74,-36
101000294,575,375,200
101000295,111,438,-327
101000301,606,388,218
101000304,1672,2022,-350
101000305,2301,1077,1224
101000328,86,377,-291
101900001,28,116,-88
101900002,0,18,-18
101900003,49,62,-13
101900004,3,58,-55
101900005,2476,1903,573
101900006,770,46,724
101900007,561,227,334
101900008,51,212,-161
101900009,24,277,-253
101900010,732,554,178
101900011,207,726,-519
101900012,161,135,26
101900013,680,166,514
101900017,12,117,-105
101900018,1011,231,780
101900019,248,114,134
101900020,50,40,10
101900021,0,28,-28
101900022,97,715,-618
101900023,96,141,-45
101900026,119,34,85
101900027,11,87,-76
102000001,2031,3382,-1351
102000002,1906,848,1058
102000003,2503,5247,-2744
102000004,4482,2304,2178
102000005,1175,1800,-625
102000006,1017,1494,-477
102000007,1220,3509,-2289
102000008,3061,1347,1714
102000009,4984,6439,-1455
102000010,4266,2792,1474
102000011,2533,2040,493
102000012,2487,2291,196
102000018,2176,1982,194
102000019,1729,1187,542
102000026,187,405,-218
102000029,230,240,-10
102000030,90,240,-150
102000031,60,132,-72
102000032,402,230,172
102000033,243,307,-64
102000034,401,307,94
102000035,830,590,240
102000036,15,210,-195
102000037,114,41,73
102000038,161,285,-124
102000039,175,72,103
102000040,408,215,193
102000041,188,388,-200
102000042,156,262,-106
102000043,256,193,63
102000044,309,290,19
102000045,618,670,-52
102000046,887,468,419
102000047,621,763,-142
102000048,252,569,-317
102000049,955,573,382
102000050,925,1029,-104
102000051,342,563,-221
102000052,977,623,354
102000053,682,739,-57
102000054,576,883,-307
102000055,993,536,457
102000056,855,855,0
102000057,1201,450,751
102000058,948,1187,-239
102000059,1167,1091,76
102000060,1034,812,222
102000061,1299,1328,-29
102000062,1351,1005,346
102000063,944,1052,-108
102000064,511,633,-122
102000065,36,113,-77
102000066,803,725,78
102000067,1675,2403,-728
102000068,6530,2302,4228
102000069,64,1725,-1661
102000070,1376,39,1337
102000071,5888,7398,-1510
102000072,2530,3306,-776
102000073,1102,948,154
102000074,657,786,-129
102000075,119,316,-197
102000076,227,459,-232
102000077,569,704,-135
102000078,836,613,223
102000079,241,271,-30
102000080,229,220,9
102000081,302,721,-419
102000082,611,297,314
102000083,485,218,267
102000084,246,199,47
102000085,1402,694,708
102000086,923,697,226
102000087,629,1224,-595
102000088,318,200,118
102000089,1003,331,672
102000090,340,877,-537
102000091,1163,404,759
102000092,309,628,-319
102000093,690,790,-100
102000094,851,579,272
102000095,928,971,-43
102000096,662,719,-57
102000097,683,700,-17
102000098,412,610,-198
102000099,743,727,16
102000100,593,1160,-567
102000101,817,688,129
102000102,238,1082,-844
102000103,1090,384,706
102000104,456,228,228
102000105,236,394,-158
102000106,707,498,209
102000107,1119,407,712
102000108,509,154,355
102000109,342,453,-111
102000110,900,896,4
102000111,14,275,-261
102000112,126,108,18
102000113,18,26,-8
102000114,655,353,302
102000115,198,248,-50
102000116,266,341,-75
102000117,167,340,-173
102000118,872,1056,-184
102000119,1345,613,732
102000120,167,325,-158
102000121,754,349,405
102000122,426,794,-368
102000123,978,744,234
102000124,765,971,-206
102000125,570,580,-10
102000126,453,577,-124
102000127,819,485,334
102000128,562,679,-117
102000129,1039,554,485
102000130,551,528,23
102000131,1056,362,694
102000132,343,414,-71
102000133,1579,1285,294
102000134,600,505,95
102000135,504,686,-182
102000136,666,482,184
102000137,619,593,26
102000138,191,308,-117
102000139,69,334,-265
102000140,210,356,-146
102000141,151,364,-213
102000142,209,319,-110
102000143,167,354,-187
102000144,236,293,-57
102000145,300,318,-18
102000146,329,236,93
102000147,412,320,92
102000148,212,370,-158
102000149,120,265,-145
102000150,287,84,203
102000151,77,195,-118
102000152,139,116,23
102000153,1084,435,649
102000154,257,516,-259
102000155,84,271,-187
102000156,278,102,176
102000157,85,293,-208
102000158,502,444,58
102000159,596,309,287
102000161,2401,1432,969
102000162,161,127,34
102000163,72,433,-361
102000164,742,808,-66
102000165,219,102,117
102000166,37,124,-87
102000167,206,139,67
102000168,181,112,69
102000169,83,348,-265
102000170,374,129,245
102000171,119,133,-14
102000172,107,275,-168
102000173,346,172,174
102000174,62,37,25
102000175,97,63,34
102000176,54,17,37
102000178,245,340,-95
102000179,312,218,94
102000180,737,351,386
102000181,582,410,172
102000182,509,414,95
102000183,1427,1333,94
102000184,1381,600,781
102000185,2195,1018,1177
102000186,1047,1429,-382
102000187,646,1062,-416
102000188,827,1024,-197
102000189,1617,629,988
102000190,541,2087,-1546
102000191,807,349,458
102000192,915,1188,-273
102000193,59,76,-17
102000194,44,75,-31
102000195,379,311,68
102000196,169,276,-107
102000197,552,260,292
102000198,194,499,-305
102000199,800,215,585
102000200,244,727,-483
102000201,763,285,478
102000202,2,46,-44
102000203,308,166,142
102000204,316,448,-132
102000205,946,287,659
102000206,556,396,160
102000207,503,382,121
102000208,359,316,43
102000209,50,49,1
102000210,280,240,40
102000211,411,172,239
102000212,255,12,243
102000213,8,235,-227
102000214,208,6,202
102000215,4,271,-267
102000216,40,57,-17
102000217,12,79,-67
102000218,246,167,79
102000219,334,220,114
102000225,462,523,-61
102000226,2504,1683,821
102000227,114,0,114
102000228,2,70,-68
102000229,23,26,-3
102000230,234,324,-90
102000231,194,312,-118
102000232,19,114,-95
102000233,307,456,-149
102000234,133,765,-632
102000236,190,49,141
102000237,374,114,260
102000238,136,166,-30
102000240,449,543,-94
102000241,132,114,18
102000243,9,40,-31
102000245,23,120,-97
102000246,12,44,-32
102000247,755,691,64
102000248,508,969,-461
102000249,110,102,8
102000250,65,333,-268
102000254,111,207,-96
102000266,27,252,-225
102000271,20,0,20
102000286,300,290,10
102000297,1413,716,697
102000299,0,0,0
102000301,0,0,0
102000303,0,0,0
102000305,0,0,0
102000307,0,4,-4
102900001,1011,772,239
102900002,314,37,277
102900003,40,153,-113
102900005,307,247,60
102900006,519,121,398
102900007,347,35,312
102900008,200,52,148
102900009,503,247,256
102900010,415,789,-374
102900011,1253,183,1070
102900012,422,48,374
102900013,22,53,-31
102900015,566,276,290
102900016,58,111,-53
102900017,155,334,-179
102900018,51,68,-17
102900019,262,275,-13
102900020,127,27,100
102900021,35,74,-39
102900022,530,149,381
102900023,18,45,-27
102900024,33,35,-2
102900025,160,94,66
102900026,243,1476,-1233
102900027,49,73,-24
102900028,124,570,-446
102900029,120,128,-8
102900030,255,227,28
102900031,152,160,-8
102900032,58,59,-1
102900033,81,136,-55
102900034,373,76,297
102900035,149,222,-73
102900036,218,379,-161
102900037,270,372,-102
102900038,459,335,124
102900039,45,423,-378
102900040,94,210,-116
102900041,59,151,-92
102900042,130,194,-64
102900043,145,154,-9
102900044,454,1523,-1069
102900045,112,455,-343
102900046,121,198,-77
102900047,86,466,-380
102900048,574,409,165
102900049,105,343,-238
102900050,169,189,-20
102900051,170,149,21
102900053,386,425,-39
102900054,475,795,-320
102900055,79,185,-106
102900056,125,326,-201
102900057,3,44,-41
102900058,255,48,207
102900059,22,50,-28
102900060,95,337,-242
102900061,124,358,-234
102900062,179,688,-509
102900063,930,362,568
102900064,97,271,-174
102900065,1160,305,855
102900066,265,26,239
102900068,104,70,34
102900070,134,368,-234
102900072,3,39,-36
102900073,118,13,105
102900075,13,43,-30
102900076,107,102,5
102900077,43,26,17
102900078,29,53,-24
102900079,159,9,150
102900080,346,31,315
102900081,85,222,-137
102900082,14,178,-164
102900083,143,20,123
102900084,4,32,-28
102900085,300,119,181
102900086,29,72,-43
102900087,78,105,-27
102900088,26,25,1
102900089,166,70,96
102900090,0,188,-188
102900091,104,4,100
102900092,263,492,-229
102900094,1,68,-67
102900095,66,2,64
102900096,57,14,43
102900097,2,67,-65
103000001,2065,2166,-101
103000002,1764,1986,-222
103000003,2713,2421,292
103000004,769,591,178
103000005,1393,2137,-744
103000006,687,1189,-502
103000007,312,553,-241
103000008,723,555,168
103000009,1042,802,240
103000010,126,80,46
103000011,1378,1111,267
103000012,1270,1278,-8
103000013,2832,1446,1386
103000014,1237,2118,-881
103000015,1308,599,709
103000016,422,1061,-639
103000017,196,305,-109
103000018,519,293,226
103000019,284,232,52
103000020,1983,1209,774
103000021,1443,1490,-47
103000022,655,788,-133
103000023,552,1424,-872
103000024,79,84,-5
103000025,132,564,-432
103000026,721,119,602
103000027,352,534,-182
103000028,310,342,-32
103000029,211,223,-12
103000030,1178,952,226
103000031,955,1487,-532
103000032,1714,1366,348
103000033,2349,2359,-10
103000034,1156,915,241
103000035,411,1033,-622
103000036,375,454,-79
103000037,551,481,70
103000038,415,805,-390
103000039,350,252,98
103000040,420,735,-315
103000041,1320,1613,-293
103000042,1053,354,699
103000043,455,674,-219
103000044,249,129,120
103000046,300,332,-32
103000047,557,560,-3
103000048,192,163,29
103000049,98,126,-28
103000050,671,332,339
103000051,360,393,-33
103000052,724,288,436
103000053,144,640,-496
103000054,2220,1177,1043
103000055,1656,1910,-254
103000056,681,1209,-528
103000057,709,220,489
103000058,474,661,-187
103000059,391,572,-181
103000060,657,505,152
103000061,329,815,-486
103000062,921,407,514
103000063,658,652,6
103000064,179,136,43
103000065,4,282,-278
103000066,178,11,167
103000069,380,284,96
103000070,715,640,75
103000071,945,386,559
103000072,79,447,-368
103000073,514,117,397
103000074,526,71,455
103000075,81,475,-394
103000076,260,317,-57
103000077,52,364,-312
103000078,867,522,345
103000079,517,760,-243
103000080,910,322,588
103000081,480,1080,-600
103000082,394,171,223
103000083,69,259,-190
103000084,98,9,89
103000085,2,160,-158
103000086,530,404,126
103000087,139,525,-386
103000088,270,273,-3
103000089,261,367,-106
103000090,1595,714,881
103000091,533,396,137
103000092,198,209,-11
103000093,253,267,-14
103000094,151,71,80
103000095,36,263,-227
103000096,466,80,386
103000097,68,648,-580
103000098,634,133,501
103000099,239,577,-338
103000100,88,526,-438
103000101,672,119,553
103000102,87,385,-298
103000103,588,80,508
103000104,40,80,-40
103000105,114,67,47
103000106,12,99,-87
103000107,177,31,146
103000108,633,504,129
103000109,343,385,-42
103000110,416,377,39
103000111,456,335,121
103000112,247,173,74
103000113,510,528,-18
103000114,1058,364,694
103000115,450,422,28
103000116,538,372,166
103000117,373,423,-50
103000118,485,510,-25
103000119,809,417,392
103000120,36,87,-51
103000121,442,1091,-649
103000122,573,1144,-571
103000125,10,185,-175
103000126,550,3,547
103000127,2,111,-109
103000128,147,1,146
103000129,6,78,-72
103000130,61,47,14
103000131,77,89,-12
103000132,61,120,-59
103000133,13,60,-47
103000134,477,660,-183
103000135,419,334,85
103000136,576,417,159
103000137,421,501,-80
103000138,756,703,53
103000139,3,54,-51
103000140,134,37,97
103000141,39,126,-87
103000142,114,52,62
103000143,31,160,-129
103000144,168,50,118
103000145,21,84,-63
103000150,61,33,28
103000152,188,234,-46
103000153,241,141,100
103000156,15,218,-203
103000157,303,1,302
103000159,181,35,146
103000162,84,73,11
103000163,11,114,-103
103000164,49,24,25
103000165,87,229,-142
103000166,267,239,28
103000167,173,111,62
103000168,84,118,-34
103000169,203,336,-133
103000170,727,366,361
103000171,30,59,-29
103000172,468,286,182
103000173,508,341,167
103000174,153,235,-82
103000175,290,190,100
103000176,625,461,164
103000177,388,351,37
103000178,145,257,-112
103000179,169,48,121
103000183,96,9,87
103000185,110,24,86
103000186,110,164,-54
103000187,446,237,209
103000188,11,58,-47
103000189,592,624,-32
103000191,493,394,99
103000292,952,1104,-152
103000293,713,1558,-845
103000295,77,96,-19
103000296,180,7,173
103000297,19,25,-6
103000504,65,7,58
103000505,6,23,-17
103000506,0,180,-180
103000507,166,1,165
103000508,40,44,-4
103000509,204,535,-331
103900001,5,139,-134
103900002,700,124,576
103900003,965,102,863
103900004,85,0,85
103900005,2,97,-95
103900006,1,1,0
103900007,57,0,57
103900008,7,0,7
103900009,189,447,-258
103900010,121,274,-153
103900011,240,124,116
103900012,8,15,-7
103900013,80,54,26
103900014,50,10,40
103900015,59,15,44
103900016,280,159,121
103900017,20,58,-38
103900018,523,151,372
103900019,44,271,-227
103900020,201,456,-255
103900021,338,56,282
103900022,849,566,283
103900023,140,3,137
103900024,61,233,-172
103900025,22,31,-9
103900026,23,0,23
103900027,659,196,463
103900028,17,232,-215
103900029,933,139,794
103900030,250,94,156
103900031,29,2,27
103900032,75,59,16
103900033,95,6,89
103900034,36,97,-61
103900035,43,33,10
103900036,32,30,2
103900037,62,50,12
103900038,78,130,-52
103900039,66,213,-147
103900040,9,107,-98
103900041,39,58,-19
103900042,50,240,-190
103900043,162,58,104
103900044,66,182,-116
103900045,220,114,106
103900047,79,41,38
103900048,25,28,-3
103900049,158,802,-644
103900050,12,121,-109
103900051,1,22,-21
103900052,187,280,-93
103900053,199,401,-202
103900054,114,260,-146
103900055,341,162,179
103900056,39,39,0
103900057,28,136,-108
103900058,226,483,-257
103900059,0,7,-7
103900060,49,131,-82
103900061,139,45,94
103900062,197,66,131
103900063,4,0,4
103900064,117,3,114
103900065,763,340,423
103900066,117,24,93
103900067,124,4,120
103900068,2,0,2
103900069,61,16,45
103900070,107,169,-62
103900071,15,105,-90
103900072,12,135,-123
103900073,17,31,-14
103900074,65,53,12
103900075,178,42,136
103900076,425,393,32
103900077,35,78,-43
103900078,222,94,128
103900079,112,129,-17
103900080,10,46,-36
103900081,73,18,55
103900082,7,116,-109
103900083,930,820,110
103900084,56,93,-37
103900085,71,103,-32
103900086,481,280,201
103900088,236,464,-228
103900089,46,95,-49
103900090,17,90,-73
103900091,1034,202,832
103900092,429,276,153
103900093,88,215,-127
103900094,6,75,-69
103900095,207,166,41
103900096,23,115,-92
103900097,13,367,-354
103900098,166,84,82
103900099,39,62,-23
103900100,153,265,-112
103900101,51,844,-793
103900102,1,28,-27
103900104,1,40,-39
103900105,90,153,-63
103900106,0,35,-35
103900107,96,152,-56
103900108,44,204,-160
103900109,116,61,55
103900110,142,64,78
103900111,98,367,-269
103900112,42,66,-24
103900113,109,200,-91
103900114,275,212,63
103900115,206,137,69
103900116,3341,2162,1179
103900117,123,61,62
103900119,27,52,-25
103900120,55,67,-12
103900122,91,205,-114
103900123,945,452,493
103900124,63,315,-252
103900125,93,65,28
103900126,395,212,183
103900127,152,279,-127
103900128,113,93,20
103900131,39,111,-72
103900133,728,20,708
103900134,0,9,-9
103900135,1,0,1
103900137,0,25,-25
103900138,81,180,-99
103900139,206,1414,-1208
103900140,3,102,-99
103900141,196,68,128
103900142,186,129,57
103900143,53,1,52
103900144,0,32,-32
103900145,137,209,-72
103900146,210,154,56
103900147,233,96,137
103900148,166,257,-91
103900149,292,430,-138
103900150,3518,2723,795
103900151,24,115,-91
103900152,482,315,167
103900153,18,6,12
103900154,583,1289,-706
103900155,51,153,-102
103900156,73,109,-36
103900157,38,114,-76
103900158,95,75,20
103900159,131,35,96
103900160,46,40,6
103900161,82,132,-50
103900162,56,83,-27
103900163,14,364,-350
103900167,19,105,-86
103900168,62,81,-19
103900169,30,33,-3
103900170,3,60,-57
103900171,2,34,-32
103900172,3,13,-10
103900173,12,11,1
103900174,127,45,82
103900175,32,35,-3
103900176,7,24,-17
103900177,12,57,-45
103900178,42,51,-9
103900179,47,73,-26
103900180,16,45,-29
103900181,39,38,1
103900182,28,16,12
103900184,347,65,282
103900185,114,294,-180
103900187,13,66,-53
103900188,18,24,-6
103900189,107,4,103
103900190,69,36,33
103900191,26,33,-7
103900192,17,51,-34
103900193,111,123,-12
103900194,39,116,-77
103900195,5,103,-98
103900196,18,39,-21
103900197,10,25,-15
103900198,12,30,-18
103900199,99,39,60
103900200,119,68,51
103900201,99,140,-41
103900202,10,60,-50
103900203,32,21,11
103900204,0,47,-47
103900207,0,61,-61
103900208,79,1,78
103900209,11,57,-46
103900210,32,23,9
103900211,466,230,236
103900212,96,256,-160
103900213,51,204,-153
103900214,230,170,60
103900215,367,351,16
103900216,10,247,-237
103900217,383,38,345
103900218,1,242,-241
103900219,163,164,-1
103900233,36,0,36
103900235,23,10,13
103900236,22,6,16
103900242,13,28,-15
103900243,11,8,3
103900244,107,170,-63
103900245,60,100,-40
103900246,47,34,13
103900247,23,62,-39
103900248,28,102,-74
103900249,27,47,-20
103900250,23,34,-11
103900251,6,26,-20
103900253,11,75,-64
103900254,5,20,-15
103900255,3,15,-12
103900256,8,21,-13
103900257,117,83,34
103900258,30,7,23
103900259,58,6,52
103900261,12,7,5
103900262,11,3,8
103900263,49,44,5
103900264,42,34,8
103900265,96,41,55
103900266,1,68,-67
103900267,3,43,-40
103900268,8,60,-52
103900269,114,23,91
103900270,78,95,-17
103900271,35,64,-29
103900272,63,51,12
103900273,22,38,-16
103900274,67,1,66
103900275,35,3,32
103900276,6,41,-35
103900277,4,46,-42
103900278,11,33,-22
103900279,1,19,-18
103900280,4,57,-53
104000001,1939,1417,522
104000002,1345,2035,-690
104000003,1933,1616,317
104000004,2244,2078,166
104000005,1310,1375,-65
104000006,2890,2220,670
104000007,3679,3911,-232
104000008,172,253,-81
104000009,165,113,52
104000010,217,257,-40
104000011,335,217,118
104000012,153,204,-51
104000013,207,170,37
104000014,159,445,-286
104000015,292,114,178
104000016,520,290,230
104000018,735,166,569
104000019,598,174,424
104000020,118,445,-327
104000021,201,435,-234
104000022,168,224,-56
104000023,600,273,327
104000024,164,313,-149
104000026,40,305,-265
104000027,210,164,46
104000028,319,204,115
104000029,336,327,9
104000030,224,209,15
104000031,1116,361,755
104000032,224,197,27
104000033,558,441,117
104000034,290,224,66
104000035,823,383,440
104000036,675,392,283
104000037,275,173,102
104000038,414,248,166
104000039,194,192,2
104000040,213,259,-46
104000041,384,249,135
104000042,175,240,-65
104000043,181,274,-93
104000044,203,427,-224
104000045,840,777,63
104000046,855,1005,-150
104000047,709,861,-152
104000048,934,1189,-255
104000049,371,274,97
104000050,132,433,-301
104000051,85,481,-396
104000052,1195,1284,-89
104000053,650,362,288
104000054,432,284,148
104000055,3618,1895,1723
104000056,976,169,807
104000057,127,299,-172
104000058,637,628,9
104000059,434,719,-285
104000060,857,992,-135
104000061,1079,832,247
104000062,311,88,223
104000064,451,239,212
104000065,186,576,-390
104000069,818,950,-132
104000070,69,349,-280
104000071,105,261,-156
104000072,484,127,357
104000075,35,177,-142
104000076,350,43,307
104000082,1865,2822,-957
104000083,708,148,560
104000084,110,371,-261
104000085,218,270,-52
104000086,152,342,-190
104000087,320,1420,-1100
104000090,640,881,-241
104000092,981,1538,-557
104000094,603,963,-360
104000095,1384,1053,331
104000096,1245,138,1107
104000097,1412,623,789
104000098,1854,670,1184
104000100,1291,484,807
104000101,998,1208,-210
104000106,33,482,-449
104000107,465,394,71
104000108,169,356,-187
104000109,256,58,198
104000110,683,847,-164
104000111,2503,1639,864
104000112,1441,384,1057
104000116,1,747,-746
104000117,139,464,-325
104000118,461,140,321
104000119,421,192,229
104000120,191,438,-247
104000121,132,603,-471
104000122,542,648,-106
104000123,564,887,-323
104000124,644,1505,-861
104000125,2238,3514,-1276
104000126,277,266,11
104000127,1142,2214,-1072
104000128,484,308,176
104000129,299,29,270
104000130,12,226,-214
104000131,451,357,94
104000132,384,425,-41
104000133,1098,719,379
104000134,828,1393,-565
104000135,399,1643,-1244
104000136,698,3307,-2609
104000137,1461,273,1188
104000138,702,249,453
104000139,4235,2382,1853
104000141,800,1112,-312
104000142,465,455,10
104000143,499,400,99
104000144,88,138,-50
104000145,335,154,181
104000146,213,413,-200
104000147,144,189,-45
104000148,314,124,190
104000149,169,208,-39
104000150,779,393,386
104000151,263,296,-33
104000152,424,372,52
104000153,424,441,-17
104000154,733,400,333
104000155,395,494,-99
104000157,893,986,-93
104000158,339,526,-187
104000159,722,419,303
104000160,1453,1525,-72
104000161,128,159,-31
104000162,65,143,-78
104000165,821,796,25
104000167,528,793,-265
104000168,369,6,363
104000169,113,39,74
104000170,319,548,-229
104000248,208,472,-264
104000251,47,196,-149
104000272,0,0,0
104000273,0,0,0
104000274,0,0,0
104000275,0,0,0
104000279,553,326,227
104000290,70,222,-152
104000291,540,880,-340
104000293,621,549,72
104000294,40,0,40
104000295,515,664,-149
104000296,311,574,-263
104000297,714,1474,-760
104000298,1624,707,917
104000299,514,1100,-586
104900001,143,267,-124
104900002,29,126,-97
104900003,53,202,-149
104900004,54,179,-125
104900005,194,179,15
104900006,207,81,126
104900007,223,136,87
104900009,128,250,-122
104900010,44,49,-5
104900011,26,9,17
104900012,237,24,213
104900013,77,17,60
104900014,1827,214,1613
104900015,71,5,66
104900016,195,122,73
104900017,156,118,38
104900018,6,126,-120
104900019,299,2200,-1901
104900020,39,208,-169
104900021,2,121,-119
104900022,1,83,-82
104900023,1,48,-47
104900024,13,43,-30
104900025,57,151,-94
104900026,2,47,-45
104900027,346,265,81
104900028,17,75,-58
104900029,37,53,-16
104900030,482,218,264
104900031,66,160,-94
104900032,40,100,-60
104900033,124,199,-75
104900034,318,137,181
104900035,262,139,123
104900036,181,71,110
104900037,79,131,-52
104900038,328,530,-202
104900039,474,363,111
104900040,525,134,391
104900041,258,130,128
104900042,63,216,-153
104900043,20,146,-126
104900044,537,138,399
104900045,390,55,335
104900046,126,57,69
104900047,253,99,154
104900048,253,54,199
104900049,22,29,-7
104900050,176,59,117
104900051,242,34,208
104900052,69,1,68
104900053,380,105,275
104900054,121,27,94
104900055,86,0,86
104900056,118,13,105
104900057,54,19,35
104900058,485,168,317
104900059,308,104,204
104900060,3,262,-259
104900061,209,391,-182
104900063,0,74,-74
104900064,0,48,-48
104900065,1,169,-168
104900066,0,67,-67
104900067,8,259,-251
104900068,7,163,-156
104900070,131,222,-91
104900071,3,351,-348
104900072,35,228,-193
104900073,34,90,-56
104900074,45,161,-116
104900075,30,19,11
104900076,108,210,-102
104900077,470,165,305
104900078,162,413,-251
104900079,48,347,-299
104900080,87,513,-426
104900082,9,346,-337
104900085,1,138,-137
104900087,227,1,226
104900089,164,1,163
104900090,607,660,-53
104900091,455,404,51
104900093,209,385,-176
104900097,1649,1528,121
104900098,80,22,58
104900099,102,371,-269
104900100,309,163,146
104900102,21,116,-95
104900103,337,64,273
104900104,1991,1539,452
104900106,62,60,2
104900107,112,132,-20
104900108,12,132,-120
104900109,64,150,-86
104900110,2,36,-34
104900111,92,57,35
104900112,207,480,-273
104900113,641,252,389
104900114,210,320,-110
104900115,541,277,264
104900116,188,112,76
104900118,11,32,-21
104900119,0,47,-47
104900120,28,197,-169
104900121,1,78,-77
104900122,1,42,-41
104900123,61,12,49
104900124,47,2,45
104900125,454,13,441
104900126,40,41,-1
104900127,25,47,-22
104900128,112,117,-5
104900129,1021,1491,-470
105000001,2175,1272,903
105000002,1998,1202,796
105000003,2711,2568,143
105000004,485,688,-203
105000005,689,832,-143
105000006,1062,1411,-349
105000007,1022,1229,-207
105000008,1460,2665,-1205
105000009,2140,2555,-415
105000010,2363,1638,725
105000011,2694,2145,549
105000012,2689,2243,446
105000013,854,926,-72
105000014,1357,1970,-613
105000015,7609,11225,-3616
105000016,2243,1753,490
105000017,1492,684,808
105000018,971,1172,-201
105000019,948,643,305
105000020,152,335,-183
105000021,222,70,152
105000022,241,104,137
105000023,448,379,69
105000028,71,100,-29
105000029,408,1114,-706
105000030,3064,2000,1064
105000031,0,9,-9
105000033,812,1567,-755
105000034,117,735,-618
105000037,478,173,305
105000038,1357,1428,-71
105000039,1733,1126,607
105000040,650,980,-330
105000041,325,864,-539
105000042,2239,1337,902
105000043,1268,1444,-176
105000044,446,383,63
105000045,281,533,-252
105000046,1009,288,721
105000047,435,845,-410
105000048,449,177,272
105000049,207,345,-138
105000050,546,300,246
105000051,117,335,-218
105000052,427,530,-103
105000053,113,107,6
105000054,208,502,-294
105000055,508,188,320
105000056,960,1325,-365
105000057,922,555,367
105000058,921,857,64
105000059,623,457,166
105000060,377,424,-47
105000061,544,381,163
105000062,476,573,-97
105000063,228,346,-118
105000064,1233,610,623
105000065,346,411,-65
105000066,905,991,-86
105000067,1319,613,706
105000068,352,692,-340
105000069,1278,1312,-34
105000070,437,702,-265
105000071,223,631,-408
105000072,920,1754,-834
105000073,714,450,264
105000074,837,597,240
105000075,366,721,-355
105000076,949,792,157
105000077,2115,961,1154
105000078,945,1013,-68
105000079,1156,2925,-1769
105000080,1506,1008,498
105000081,3447,1264,2183
105000082,980,1730,-750
105000083,4446,3598,848
105000084,451,619,-168
105000085,1460,1819,-359
105000086,514,593,-79
105000087,1000,1329,-329
105000088,1131,1277,-146
105000089,2020,1535,485
105000090,821,648,173
105000091,957,1151,-194
105000092,517,627,-110
105000093,256,230,26
105000094,209,161,48
105000095,94,361,-267
105000096,983,849,134
105000097,764,769,-5
105000098,724,528,196
105000099,690,599,91
105000100,896,821,75
105000101,1438,1349,89
105000102,1092,1029,63
105000103,992,1616,-624
105000104,1626,824,802
105000105,863,1471,-608
105000106,1071,1115,-44
105000107,1185,781,404
105000108,1300,1138,162
105000109,1262,1129,133
105000110,704,428,276
105000111,657,555,102
105000112,1060,527,533
105000113,427,514,-87
105000114,1894,998,896
105000115,278,935,-657
105000116,711,399,312
105000117,765,714,51
105000118,401,256,145
105000119,350,563,-213
105000120,857,458,399
105000121,649,712,-63
105000122,363,665,-302
105000123,847,872,-25
105000124,1478,584,894
105000125,658,1304,-646
105000126,1746,1306,440
105000127,1835,1409,426
105000128,546,677,-131
105000129,582,241,341
105000130,398,2411,-2013
105000131,587,314,273
105000132,697,583,114
105000133,349,659,-310
105000134,613,489,124
105000135,318,442,-124
105000136,138,268,-130
105000137,413,161,252
105000138,197,298,-101
105000139,908,712,196
105000140,365,449,-84
105000141,238,390,-152
105000142,183,361,-178
105000143,229,446,-217
105000144,242,643,-401
105000145,506,329,177
105000146,356,750,-394
105000147,606,253,353
105000148,1110,515,595
105000149,1891,1595,296
105000150,1606,1242,364
105000151,305,283,22
105000152,204,384,-180
105000153,471,454,17
105000154,524,371,153
105000155,282,652,-370
105000156,642,488,154
105000157,677,1055,-378
105000158,1434,551,883
105000159,205,706,-501
105000160,1397,428,969
105000161,626,672,-46
105000162,484,1232,-748
105000163,865,582,283
105000164,190,195,-5
105000165,576,3845,-3269
105000166,3322,698,2624
105000167,1232,1027,205
105000168,312,386,-74
105000169,482,202,280
105000170,211,1046,-835
105000171,802,143,659
105000172,80,18,62
105000173,149,37,112
105000174,60,15,45
105000175,47,85,-38
105000176,337,98,239
105000177,290,126,164
105000178,102,307,-205
105000179,363,91,272
105000180,129,104,25
105000181,99,217,-118
105000182,65,34,31
105000183,1404,1472,-68
105000184,911,951,-40
105000185,901,920,-19
105000186,362,619,-257
105000187,555,114,441
105000188,200,101,99
105000189,89,305,-216
105000190,233,199,34
105000191,329,263,66
105000192,293,61,232
105000193,72,110,-38
105000194,369,85,284
105000195,278,567,-289
105000196,68,242,-174
105000197,205,416,-211
105000198,481,265,216
105000199,277,550,-273
105000200,103,241,-138
105000201,71,35,36
105000203,11,115,-104
105000204,80,74,6
105000205,79,170,-91
105000207,373,119,254
105000208,177,418,-241
105000209,225,234,-9
105000211,87,4,83
105000212,939,737,202
105000213,122,132,-10
105000214,134,152,-18
105000215,254,136,118
105000216,140,186,-46
105000217,108,187,-79
105000218,1175,958,217
105000221,139,140,-1
105000222,390,84,306
105000223,190,105,85
105000226,78,131,-53
105000227,64,112,-48
105000228,168,1428,-1260
105000229,131,338,-207
105000231,348,236,112
105000233,685,482,203
105000234,360,899,-539
105000235,285,416,-131
105000237,553,60,493
105000243,20,19,1
105000248,65,57,8
105000262,301,835,-534
105000269,139,167,-28
105000270,323,31,292
105000271,0,156,-156
105000282,62,24,38
105000287,257,55,202
105000288,320,298,22
105000289,2569,1740,829
105000290,15,7,8
105000402,2684,2937,-253
105000426,511,479,32
105000438,3690,1528,2162
105000440,10,5,5
105000446,7767,4302,3465
105000447,4896,2157,2739
105000454,426,439,-13
105000455,260,171,89
105000474,28,0,28
105000477,239,450,-211
105000478,1434,3411,-1977
105000479,105,99,6
105000480,8707,6326,2381
105000481,4425,2766,1659
105000482,4062,7295,-3233
105000483,1515,1661,-146
105000484,1793,2774,-981
105000485,1402,2746,-1344
105000486,2927,2128,799
105000488,9052,4648,4404
105000489,753,635,118
105000549,84,119,-35
105000550,476,1225,-749
105000551,46,88,-42
105000552,2263,1308,955
105000555,980,826,154
105000556,33,10,23
105000557,19,88,-69
105900001,2,1189,-1187
105900002,802,488,314
105900003,7,86,-79
105900004,121,87,34
105900005,8,107,-99
105900006,14,99,-85
105900007,36,23,13
105900008,82,437,-355
105900009,13,8,5
105900011,97,32,65
105900012,289,84,205
105900013,2,24,-22
105900014,4,29,-25
105900015,103,212,-109
105900016,317,244,73
105900017,901,27,874
105900018,131,103,28
105900019,43,164,-121
105900020,32,39,-7
105900021,16,132,-116
105900022,189,142,47
105900023,5,51,-46
105900024,7,81,-74
105900025,124,18,106
105900026,164,17,147
105900027,5424,3931,1493
105900028,392,186,206
105900029,994,267,727
105900030,169,200,-31
105900031,303,161,142
105900032,78,101,-23
105900033,111,105,6
105900034,129,136,-7
105900035,120,117,3
105900036,81,76,5
105900037,97,42,55
105900038,135,185,-50
105900039,117,81,36
105900040,59,84,-25
105900041,146,114,32
105900042,46,133,-87
105900043,855,50,805
105900044,5,168,-163
105900045,2,528,-526
105900046,2,242,-240
105900047,6,34,-28
105900048,72,342,-270
105900050,3307,2863,444
105900051,29,711,-682
105900052,360,135,225
105900053,1644,1795,-151
105900054,205,91,114
105900056,422,303,119
105900057,27,53,-26
105900058,15,11,4
105900059,0,38,-38
106000001,3470,1926,1544
106000002,1776,4063,-2287
106000003,2315,2891,-576
106000004,1300,2095,-795
106000005,2622,4153,-1531
106000006,4349,3040,1309
106000007,407,489,-82
106000008,413,239,174
106000009,509,317,192
106000010,515,406,109
106000011,966,826,140
106000012,784,1002,-218
106000013,1424,1460,-36
106000014,1479,1189,290
106000015,1443,852,591
106000016,916,1467,-551
106000017,495,581,-86
106000018,523,383,140
106000019,276,336,-60
106000020,233,231,2
106000021,278,332,-54
106000022,301,180,121
106000023,547,260,287
106000024,473,435,38
106000025,130,130,0
106000026,76,182,-106
106000027,1063,966,97
106000028,459,327,132
106000029,627,920,-293
106000030,471,457,14
106000034,172,417,-245
106000035,861,1567,-706
106000036,122,355,-233
106000037,1440,1067,373
106000038,313,111,202
106000039,88,89,-1
106000040,95,587,-492
106000041,569,409,160
106000043,494,192,302
106000046,216,78,138
106000047,27,327,-300
106000049,859,130,729
106000050,239,511,-272
106000051,566,360,206
106000052,95,442,-347
106000053,287,129,158
106000054,285,350,-65
106000055,855,738,117
106000056,244,271,-27
106000057,326,214,112
106000058,103,127,-24
106000059,234,224,10
106000060,264,421,-157
106000061,213,373,-160
106000062,142,342,-200
106000063,578,415,163
106000064,24,261,-237
106000065,291,231,60
106000066,95,242,-147
106000067,275,72,203
106000068,23,448,-425
106000069,198,41,157
106000070,387,557,-170
106000071,867,304,563
106000072,1921,1300,621
106000073,1383,2143,-760
106000074,454,541,-87
106000075,339,1128,-789
106000076,1553,1609,-56
106000077,2708,1133,1575
106000078,896,817,79
106000079,621,724,-103
106000080,915,560,355
106000081,493,873,-380
106000082,1923,723,1200
106000083,398,1227,-829
106000084,1020,548,472
106000085,1127,1223,-96
106000086,568,715,-147
106000087,710,437,273
106000088,361,590,-229
106000089,774,294,480
106000090,240,480,-240
106000091,242,421,-179
106000092,599,204,395
106000093,276,118,158
106000094,77,220,-143
106000095,683,598,85
106000096,688,494,194
106000097,805,615,190
106000098,638,675,-37
106000099,184,508,-324
106000100,827,175,652
106000101,671,220,451
106000102,122,368,-246
106000103,219,341,-122
106000104,555,371,184
106000105,368,431,-63
106000106,455,380,75
106000107,114,288,-174
106000108,265,248,17
106000109,152,225,-73
106000110,222,252,-30
106000111,203,301,-98
106000112,229,379,-150
106000113,445,419,26
106000114,359,391,-32
106000115,217,326,-109
106000116,312,185,127
106000117,744,514,230
106000118,916,909,7
106000119,984,634,350
106000120,652,875,-223
106000121,165,103,62
106000122,74,115,-41
106000123,397,112,285
106000124,45,149,-104
106000125,38,200,-162
106000126,247,115,132
106000127,680,567,113
106000128,728,156,572
106000129,444,386,58
106000130,693,227,466
106000131,94,534,-440
106000132,448,144,304
106000133,1250,882,368
106000134,512,1203,-691
106000135,180,432,-252
106000136,570,809,-239
106000137,97,466,-369
106000138,879,69,810
106000139,60,101,-41
106000140,24,43,-19
106000141,91,36,55
106000142,66,57,9
106000143,31,51,-20
106000144,27,73,-46
106000145,173,152,21
106000146,317,116,201
106000147,317,307,10
106000148,499,583,-84
106000149,471,236,235
106000150,364,1397,-1033
106000151,2802,639,2163
106000152,858,1292,-434
106000153,72,1121,-1049
106000154,987,187,800
106000155,88,232,-144
106000156,630,189,441
106000157,437,1099,-662
106000158,1436,692,744
106000159,1876,1289,587
106000160,347,1996,-1649
106000161,1021,290,731
106000162,251,780,-529
106000163,333,281,52
106000164,287,221,66
106000165,173,340,-167
106000166,618,210,408
106000167,337,619,-282
106000168,371,146,225
106000169,203,423,-220
106000170,612,167,445
106000171,133,865,-732
106000172,1983,1014,969
106000173,860,1981,-1121
106000174,906,333,573
106000175,217,505,-288
106000176,1089,512,577
106000177,558,1464,-906
106000178,2397,1181,1216
106000179,792,1430,-638
106000180,633,749,-116
106000181,548,1194,-646
106000182,985,436,549
106000183,928,386,542
106000184,1458,383,1075
106000185,859,778,81
106000186,694,83,611
106000187,151,789,-638
106000188,0,2,-2
106000189,14,46,-32
106000190,22,0,22
106000191,524,132,392
106000192,6,17,-11
106000193,312,150,162
106000194,102,257,-155
106000195,178,82,96
106000196,75,235,-160
106000197,389,145,244
106000198,136,144,-8
106000199,447,477,-30
106000200,147,170,-23
106000201,322,1797,-1475
106000202,2251,451,1800
106000203,19,143,-124
106000204,85,4,81
106000205,28,91,-63
106000206,67,21,46
106000207,36,390,-354
106000208,1174,171,1003
106000209,1175,317,858
106000210,256,699,-443
106000211,254,811,-557
106000212,582,336,246
106000213,484,1246,-762
106000214,1882,557,1325
106000215,183,390,-207
106000216,339,273,66
106000217,228,396,-168
106000218,442,325,117
106000219,93,223,-130
106000220,284,163,121
106000221,186,221,-35
106000222,57,56,1
106000223,177,114,63
106000224,146,155,-9
106000225,79,85,-6
106000226,90,227,-137
106000228,39,68,-29
106000229,58,489,-431
106000231,722,72,650
106000232,65,304,-239
106000233,394,84,310
106000234,37,180,-143
106000235,210,99,111
106000236,73,95,-22
106000237,1,9,-8
106000238,23,11,12
106000239,1,70,-69
106000240,13,3,10
106000241,18,469,-451
106000242,283,28,255
106000249,58,70,-12
106000250,41,391,-350
106000251,61,18,43
106000252,30,37,-7
106000253,17,68,-51
106000254,37,24,13
106000255,10,120,-110
106000256,48,48,0
106000257,106,133,-27
106000258,75,19,56
106000259,3,33,-30
106000260,15,7,8
106000261,1,47,-46
106000262,55,7,48
106000263,6,38,-32
106000264,147,8,139
106000265,13,90,-77
106000266,156,14,142
106000267,6,57,-51
106000268,425,40,385
106000269,63,23,40
106000270,110,322,-212
106000271,66,189,-123
106000272,144,37,107
106000273,1,227,-226
106000274,117,40,77
106000275,95,210,-115
106000276,109,39,70
106000277,90,200,-110
106000278,97,17,80
106000279,13,19,-6
106000280,80,54,26
106000281,94,38,56
106000282,44,44,0
106000283,94,50,44
106000284,55,87,-32
106000285,88,94,-6
106000286,74,97,-23
106000287,89,51,38
106000288,76,129,-53
106000289,76,49,27
106000290,56,78,-22
106000291,73,59,14
106000292,63,79,-16
106000293,86,54,32
106000294,99,69,30
106000295,61,27,34
106000296,36,79,-43
106000297,73,158,-85
106000298,112,63,49
106000299,57,96,-39
106000300,42,64,-22
106000301,55,117,-62
106000303,21,63,-42
106000304,27,10,17
106000305,36,39,-3
106000306,25,30,-5
106000307,64,36,28
106000308,27,60,-33
106000309,15,36,-21
106000310,315,398,-83
106000311,307,148,159
106000312,101,137,-36
106000313,189,182,7
106000318,57,327,-270
106000319,851,191,660
106000320,2,71,-69
106000321,202,111,91
106000322,150,109,41
106000324,24,114,-90
106000325,1322,717,605
106000326,786,1319,-533
106000327,135,73,62
106000328,9,79,-70
106000329,47,162,-115
106000330,33,49,-16
106000428,116,156,-40
106000429,132,346,-214
106000430,276,985,-709
106000431,1666,339,1327
106000432,1583,2239,-656
106000433,2019,1261,758
106000434,2428,1106,1322
106000435,1009,1874,-865
106000436,9,112,-103
106000437,270,49,221
106000438,322,156,166
106000439,69,336,-267
106000440,149,330,-181
106000441,2,0,2
106000442,129,7,122
106000443,160,207,-47
106000450,1,116,-115
106000451,35,51,-16
106000454,3,51,-48
106000455,9,127,-118
106000456,95,18,77
106000457,11,566,-555
106000458,599,75,524
106000459,128,238,-110
106000460,1107,7,1100
106000461,95,582,-487
106000462,0,18,-18
106000463,4,7,-3
106000464,2,291,-289
106000465,695,2,693
106000466,2,346,-344
106000467,222,299,-77
106000468,87,137,-50
106000469,109,5,104
106000470,216,1287,-1071
106000471,21,361,-340
106000472,125,10,115
106000473,37,12,25
106000474,250,382,-132
106000475,219,119,100
106000476,136,202,-66
106000477,39,98,-59
106000480,0,220,-220
106900001,0,9,-9
106900002,3,279,-276
106900003,138,549,-411
106900004,0,15,-15
106900006,0,2,-2
106900007,0,4,-4
106900008,282,128,154
106900009,257,214,43
106900010,238,195,43
106900012,1065,1408,-343
106900013,351,122,229
106900014,30,5,25
106900015,14,0,14
106900016,266,18,248
106900017,6,3,3
106900018,2,0,2
106900019,26,0,26
106900020,1404,1158,246
106900021,173,78,95
106900022,648,3,645
106900023,110,254,-144
106900024,302,46,256
106900025,41,377,-336
106900026,2,312,-310
106900027,611,3,608
107000001,3112,2713,399
107000002,2337,3511,-1174
107000003,4823,5115,-292
107000004,3568,3299,269
107000005,3871,4467,-596
107000006,3187,2954,233
107000007,5006,8356,-3350
107000008,8053,6008,2045
107000009,6213,6579,-366
107000010,7310,7116,194
107000011,946,977,-31
107000012,3151,2338,813
107000013,55,67,-12
107000014,51,310,-259
107000015,540,758,-218
107000016,617,587,30
107000017,1486,989,497
107000018,13,583,-570
107000020,886,874,12
107000021,891,377,514
107000022,685,1073,-388
107000023,1355,207,1148
107000024,530,1224,-694
107000025,186,300,-114
107000026,220,416,-196
107000027,1245,812,433
107000028,1098,1050,48
107000029,2592,2061,531
107000030,2100,2146,-46
107000031,3572,2099,1473
107000032,434,777,-343
107000033,2155,2952,-797
107000034,2197,1179,1018
107000035,333,185,148
107000036,285,945,-660
107000037,65,714,-649
107000038,179,227,-48
107000039,615,630,-15
107000040,124,242,-118
107000041,1148,585,563
107000042,675,1649,-974
107000043,1904,1000,904
107000044,446,254,192
107000045,80,234,-154
107000046,655,340,315
107000047,355,631,-276
107000048,543,234,309
107000049,554,681,-127
107000050,1107,459,648
107000051,265,316,-51
107000052,1026,873,153
107000053,303,169,134
107000054,61,271,-210
107000055,361,127,234
107000056,484,624,-140
107000057,1004,187,817
107000058,2033,2166,-133
107000059,1614,2588,-974
107000060,3689,4278,-589
107000061,3854,2499,1355
107000062,4017,2363,1654
107000063,3383,3719,-336
107000064,3768,1970,1798
107000065,2666,3363,-697
107000066,1424,2118,-694
107000067,968,1059,-91
107000068,1139,671,468
107000069,710,416,294
107000070,1411,12,1399
107000071,3031,58,2973
107000072,35,2044,-2009
107000073,786,360,426
107000074,201,790,-589
107000075,1519,534,985
107000076,551,1076,-525
107000077,3316,1470,1846
107000078,2246,2422,-176
107000079,2418,1058,1360
107000080,949,2319,-1370
107000081,1601,551,1050
107000082,543,1168,-625
107000083,1115,355,760
107000084,280,1275,-995
107000085,2401,2639,-238
107000086,3043,2971,72
107000087,2488,1593,895
107000088,2563,3143,-580
107000089,1441,1335,106
107000090,928,943,-15
107000091,1351,670,681
107000092,718,873,-155
107000093,1117,735,382
107000094,905,1033,-128
107000095,603,548,55
107000096,482,593,-111
107000097,552,307,245
107000098,397,495,-98
107000099,277,254,23
107000100,214,235,-21
107000101,63,133,-70
107000102,168,269,-101
107000103,227,138,89
107000104,172,245,-73
107000105,335,101,234
107000106,151,189,-38
107000107,536,155,381
107000108,124,432,-308
107000109,638,207,431
107000110,57,569,-512
107000111,346,68,278
107000112,37,249,-212
107000113,591,101,490
107000114,97,376,-279
107000115,504,126,378
107000116,97,563,-466
107000117,181,499,-318
107000118,165,131,34
107000119,1110,1227,-117
107000120,961,436,525
107000121,861,558,303
107000122,1072,713,359
107000123,445,532,-87
107000124,492,690,-198
107000125,946,398,548
107000126,828,536,292
107000129,184,511,-327
107000130,610,207,403
107000131,345,409,-64
107000132,443,302,141
107000133,606,92,514
107000134,239,2,237
107000135,4,222,-218
107000136,623,11,612
107000137,15,406,-391
107000138,299,29,270
107000139,19,388,-369
107000140,995,112,883
107000141,122,539,-417
107000142,415,124,291
107000143,104,474,-370
107000144,468,381,87
107000145,182,408,-226
107000146,205,209,-4
107000147,3389,979,2410
107000150,431,1967,-1536
107000151,31,89,-58
107000152,331,931,-600
107000153,103,285,-182
107000154,214,297,-83
107000155,657,17,640
107000156,915,21,894
107000157,44,928,-884
107000158,502,32,470
107000159,23,539,-516
107000160,932,102,830
107000161,75,848,-773
107000162,254,327,-73
107000163,285,10,275
107000164,632,2,630
107000165,819,7,812
107000166,43,799,-756
107000167,469,187,282
107000168,1002,397,605
107000169,573,707,-134
107000170,1665,594,1071
107000171,501,1262,-761
107000172,875,1345,-470
107000173,504,568,-64
107000174,856,3939,-3083
107000175,4330,1268,3062
107000176,0,0,0
107000177,3,0,3
107000178,10,26,-16
107000179,250,1608,-1358
107000180,1173,230,943
107000181,371,893,-522
107000182,1613,754,859
107000183,126,574,-448
107000184,944,618,326
107000185,337,1081,-744
107000186,1036,336,700
107000187,1074,1062,12
107000188,536,538,-2
107000189,404,808,-404
107000190,509,558,-49
107000191,788,925,-137
107000192,1395,521,874
107000193,334,399,-65
107000194,818,519,299
107000197,817,239,578
107000198,283,561,-278
107000199,553,513,40
107000200,525,488,37
107000201,366,237,129
107000202,269,446,-177
107000203,826,720,106
107000204,988,1119,-131
107000205,1685,774,911
107000206,692,1142,-450
107000207,557,775,-218
107000208,689,445,244
107000209,1431,1126,305
107000210,589,326,263
107000211,3,39,-36
107000212,7,232,-225
107000213,28,39,-11
107000214,7,102,-95
107000215,311,222,89
107000216,338,200,138
107000217,111,97,14
107000219,85,128,-43
107000220,155,144,11
107000222,214,502,-288
107000224,376,108,268
107000225,147,293,-146
107000226,316,94,222
107000227,86,193,-107
107000228,83,221,-138
107000229,143,100,43
107000230,889,391,498
107000231,1125,1567,-442
107000232,114,26,88
107000233,967,736,231
107000234,1,44,-43
107000235,68,6,62
107000236,18,287,-269
107000237,22,2,20
107000238,29,0,29
107000239,1887,343,1544
107000240,138,637,-499
107000243,0,32,-32
107000244,1,49,-48
107000246,1,956,-955
107000249,4,967,-963
107000251,2,447,-445
107000252,3,745,-742
107000255,257,101,156
107000257,0,297,-297
107000258,0,99,-99
107000259,5,125,-120
107000260,592,3,589
107000262,12,375,-363
107000263,219,3,216
107000266,8,4,4
107000267,73,81,-8
107000268,141,113,28
107000269,462,110,352
107000270,1,6,-5
107000271,7,524,-517
107000272,18,133,-115
107000273,9,154,-145
107000274,614,180,434
107000275,9,672,-663
107000280,602,23,579
107000281,35,550,-515
107000282,14,592,-578
107000290,3,34,-31
107000291,26,10,16
107000292,1,69,-68
107000293,54,4,50
107000294,0,40,-40
107000295,24,4,20
107000296,0,6,-6
107000444,299,5,294
107000496,2,12,-10
107000497,1169,1495,-326
107000500,243,207,36
107000501,98,100,-2
107000502,160,192,-32
107000505,306,584,-278
107000506,0,38,-38
107000508,5,377,-372
107000509,232,574,-342
107000510,32,28,4
107000514,33,323,-290
107000515,13,124,-111
107000516,262,225,37
107000518,953,978,-25
107000519,1199,808,391
107000520,93,32,61
107000521,475,301,174
107000522,683,346,337
107900001,61,128,-67
107900002,49,4,45
107900003,415,18,397
107900004,12,0,12
107900005,1011,3,1008
107900006,75,1,74
107900007,199,39,160
107900008,46,15,31
107900009,89,3,86
107900010,47,1,46
107900012,230,37,193
107900013,145,18,127
107900014,34,2,32
107900015,724,10,714
107900016,322,55,267
107900017,20,0,20
107900018,41,107,-66
107900019,21,33,-12
107900020,59,9,50
107900021,58,94,-36
107900023,5,2,3
107900024,0,29,-29
107900025,190,167,23
107900026,73,48,25
107900027,15,44,-29
107900028,65,65,0
107900030,151,34,117
107900031,29,55,-26
107900032,24,2,22
107900033,21,2,19
107900034,279,9,270
107900035,591,32,559
107900036,65,18,47
107900037,0,30,-30
107900038,125,197,-72
107900039,29,27,2
107900040,16,124,-108
107900041,3,6,-3
107900043,30,70,-40
107900044,4,3,1
107900045,80,39,41
107900046,122,119,3
107900047,33,44,-11
107900048,158,8,150
107900049,276,556,-280
107900050,135,204,-69
107900051,68,43,25
107900052,25,53,-28
107900053,40,53,-13
107900055,457,187,270
107900056,87,53,34
107900057,2,0,2
107900058,30,382,-352
107900060,30,33,-3
107900061,21,7,14
107900063,86,110,-24
107900064,236,102,134
107900065,135,13,122
107900066,29,0,29
107900067,0,0,0
107900068,80,459,-379
107900069,31,1516,-1485
107900070,84,23,61
107900071,27,390,-363
107900072,59,93,-34
107900073,114,54,60
107900074,615,298,317
107900076,97,42,55
107900077,90,0,90
107900079,4,16,-12
107900080,187,576,-389
107900081,36,69,-33
107900082,14,9,5
107900083,274,141,133
107900084,59,101,-42
107900086,37,116,-79
107900087,429,177,252
107900088,34,6,28
107900089,176,626,-450
107900090,383,1509,-1126
107900091,147,219,-72
107900093,70,51,19
107900095,2534,1751,783
107900097,23,45,-22
107900098,48,140,-92
107900100,760,909,-149
107900101,670,153,517
107900102,20,6,14
107900103,29,133,-104
107900104,169,4,165
107900105,4,201,-197
107900106,2,635,-633
107900107,733,441,292
107900108,197,120,77
107900109,1173,14,1159
107900110,49,55,-6
107900111,5,586,-581
107900112,83,260,-177
107900113,170,55,115
107900114,145,95,50
107900115,1,28,-27
107900116,109,97,12
107900117,273,212,61
107900118,71,98,-27
107900119,63,186,-123
107900120,19,30,-11
107900121,3,100,-97
107900122,0,68,-68
107900123,2,28,-26
107900124,5,58,-53
107900125,33,160,-127
107900126,9,30,-21
107900127,336,294,42
107900128,65,73,-8
107900129,39,16,23
107900130,71,20,51
107900131,498,216,282
107900132,115,215,-100
107900133,1,54,-53
107900134,37,108,-71
107900135,4,134,-130
107900136,25,20,5
107900137,103,76,27
107900138,45,29,16
107900139,41,32,9
107900141,22,41,-19
107900142,74,459,-385
107900143,45,24,21
107900144,1,115,-114
107900145,8,62,-54
107900146,22,67,-45
107900147,40,32,8
107900148,163,75,88
107900149,551,155,396
107900150,62,433,-371
107900151,34,101,-67
107900152,7,76,-69
107900153,119,240,-121
107900154,56,22,34
107900155,69,41,28
107900156,4,263,-259
107900157,47,38,9
107900158,714,23,691
107900159,25,487,-462
107900160,142,179,-37
107900161,18,120,-102
107900162,0,45,-45
107900163,25,34,-9
107900164,8,35,-27
107900165,21,72,-51
107900166,13,165,-152
107900167,12,41,-29
107900168,31,27,4
107900169,1,119,-118
107900171,5,704,-699
107900172,1,218,-217
107900173,20,109,-89
107900174,124,5,119
107900175,15,49,-34
107900176,21,28,-7
107900177,0,61,-61
107900178,0,98,-98
107900179,17,115,-98
107900180,344,402,-58
107900181,208,198,10
107900182,0,710,-710
107900183,28,183,-155
107900184,66,160,-94
107900185,118,5,113
107900186,20,26,-6
107900187,0,109,-109
107900188,490,114,376
107900189,10,86,-76
107900190,45,116,-71
107900191,54,73,-19
107900193,4,36,-32
107900194,159,16,143
107900195,1589,282,1307
107900196,110,83,27
107900197,578,306,272
107900199,0,718,-718
107900201,51,74,-23
107900203,42,64,-22
107900204,183,171,12
107900206,706,287,419
107900207,1,470,-469
107900208,6,391,-385
107900209,309,86,223
107900210,74,89,-15
107900213,429,305,124
107900214,10,66,-56
107900215,100,258,-158
107900216,197,56,141
107900217,34,77,-43
107900218,9,955,-946
107900219,17,59,-42
107900220,200,206,-6
107900221,137,148,-11
107900223,88,308,-220
107900224,99,281,-182
107900225,7,406,-399
107900226,108,57,51
107900227,95,339,-244
107900228,9,56,-47
107900229,1,135,-134
107900230,4,65,-61
107900231,11,132,-121
107900232,61,81,-20
107900233,4,101,-97
107900234,66,78,-12
107900235,18,52,-34
107900236,67,46,21
107900237,38,332,-294
107900238,30,88,-58
107900239,581,398,183
107900240,13,82,-69
107900241,15,40,-25
107900242,38,138,-100
107900243,5,66,-61
107900244,232,2,230
107900245,585,32,553
107900246,202,15,187
107900248,177,202,-25
107900249,515,14,501
107900250,2,318,-316
107900251,72,1014,-942
107900252,727,28,699
107900253,130,3,127
107900254,62,115,-53
107900255,193,64,129
107900256,519,598,-79
107900257,114,85,29
107900258,81,138,-57
107900259,56,1477,-1421
107900261,5,214,-209
107900262,41,69,-28
107900264,256,24,232
107900265,124,77,47
107900267,198,28,170
107900268,15,7,8
107900269,0,3,-3
107900270,0,1,-1
107900271,7,17,-10
107900272,104,23,81
107900273,42,57,-15
107900274,84,0,84
107900275,23,0,23
107900276,5,87,-82
107900277,1,182,-181
107900278,293,236,57
107900279,106,155,-49
107900280,1389,1490,-101
107900281,723,2008,-1285
107900282,36,298,-262
107900283,643,464,179
107900284,378,453,-75
107900285,72,48,24
107900286,106,72,34
107900287,174,146,28
107900290,0,74,-74
107900291,406,29,377
107900292,117,131,-14
107900293,56,326,-270
107900295,31,30,1
107900297,0,230,-230
107900298,645,683,-38
107900299,2092,1942,150
107900301,373,622,-249
107900302,64,25,39
107900303,149,231,-82
107900304,283,242,41
107900305,247,13,234
107900306,11,16,-5
107900307,46,237,-191
107900308,151,89,62
107900309,67,2,65
107900310,351,6,345
107900311,4,398,-394
107900312,49,2,47
107900313,2,146,-144
107900314,1,46,-45
107900315,1,29,-28
107900316,25,1,24
107900317,72,13,59
107900318,6,86,-80
107900319,2,113,-111
107900320,1,99,-98
107900321,114,3,111
107900322,1,60,-59
107900323,2,88,-86
107900324,148,2,146
107900325,101,1,100
107900326,253,213,40
107900327,0,58,-58
107900328,93,2,91
107900329,60,65,-5
107900330,3,204,-201
107900331,203,23,180
107900332,205,12,193
107900333,50,16,34
107900334,8,97,-89
107900335,71,27,44
107900336,31,67,-36
107900337,719,691,28
107900338,11,189,-178
107900339,1,13,-12
107900340,0,24,-24
107900341,41,3,38
107900342,136,122,14
107900343,24,2,22
107900344,9,45,-36
107900345,83,20,63
107900346,22,3,19
107900347,30,3,27
107900348,3,2,1
107900349,9,4,5
107900350,24,199,-175
107900351,2,120,-118
107900352,1,8,-7
107900353,6,3,3
107900354,24,54,-30
108000001,2694,3114,-420
108000002,1753,2129,-376
108000003,3072,2957,115
108000004,9685,11875,-2190
108000005,6881,5755,1126
108000006,6871,5964,907
108000007,4367,3713,654
108000008,3636,4870,-1234
108000009,3185,3913,-728
108000010,2383,3364,-981
108000011,10195,10398,-203
108000012,13014,12118,896
108000014,1237,721,516
108000015,752,252,500
108000016,296,673,-377
108000017,944,381,563
108000018,1685,558,1127
108000019,1652,826,826
108000020,1319,505,814
108000021,298,1395,-1097
108000022,358,1125,-767
108000023,1188,176,1012
108000024,397,477,-80
108000025,230,303,-73
108000026,741,369,372
108000027,725,501,224
108000028,748,219,529
108000029,534,676,-142
108000030,562,211,351
108000031,251,581,-330
108000032,1530,564,966
108000033,647,868,-221
108000034,1423,387,1036
108000035,490,1529,-1039
108000036,274,755,-481
108000037,1443,340,1103
108000038,2207,486,1721
108000039,446,1364,-918
108000040,1533,925,608
108000041,542,1633,-1091
108000042,236,224,12
108000043,219,246,-27
108000044,439,182,257
108000045,280,415,-135
108000046,1135,261,874
108000047,294,619,-325
108000048,194,241,-47
108000049,736,257,479
108000050,149,435,-286
108000051,343,101,242
108000052,212,502,-290
108000053,396,171,225
108000054,382,638,-256
108000055,871,423,448
108000056,1013,995,18
108000057,553,971,-418
108000058,1683,3203,-1520
108000059,2759,1471,1288
108000060,193,587,-394
108000061,324,385,-61
108000062,697,502,195
108000063,458,364,94
108000064,170,182,-12
108000065,472,384,88
108000066,1222,594,628
108000067,1606,500,1106
108000068,684,391,293
108000069,178,768,-590
108000070,1592,640,952
108000071,576,1108,-532
108000072,1511,1144,367
108000073,1099,1297,-198
108000074,496,381,115
108000075,336,642,-306
108000076,696,558,138
108000077,546,478,68
108000078,1829,1104,725
108000079,706,1249,-543
108000080,1072,500,572
108000081,443,1126,-683
108000082,772,1381,-609
108000083,1539,855,684
108000084,330,910,-580
108000085,677,424,253
108000086,656,538,118
108000087,125,1594,-1469
108000088,598,136,462
108000089,275,255,20
108000091,222,324,-102
108000092,109,68,41
108000093,206,344,-138
108000094,506,86,420
108000095,151,247,-96
108000096,278,160,118
108000097,136,269,-133
108000098,1421,1043,378
108000099,1205,376,829
108000100,122,372,-250
108000101,953,1345,-392
108000102,1499,2928,-1429
108000106,800,1,799
108000107,0,648,-648
108000108,923,53,870
108000109,11,640,-629
108000110,159,189,-30
108000111,146,401,-255
108000112,51,130,-79
108000113,345,193,152
108000115,281,208,73
108000117,537,283,254
108000118,457,1526,-1069
108000119,529,301,228
108000120,173,651,-478
108000121,187,316,-129
108000122,381,238,143
108000123,568,150,418
108000124,215,395,-180
108000125,342,178,164
108000126,148,286,-138
108000127,488,207,281
108000128,544,422,122
108000129,218,773,-555
108000130,307,166,141
108000131,812,473,339
108000132,1649,1095,554
108000133,712,439,273
108000134,402,415,-13
108000135,938,393,545
108000136,292,611,-319
108000137,423,253,170
108000138,399,766,-367
108000139,554,310,244
108000140,138,30,108
108000141,26,60,-34
108000142,58,58,0
108000143,62,318,-256
108000144,365,49,316
108000145,31,10,21
108000146,577,57,520
108000147,36,20,16
108000148,452,83,369
108000149,31,6,25
108000150,30,11,19
108000151,409,139,270
108000152,104,395,-291
108000153,427,122,305
108000154,37,7,30
108000155,35,24,11
108000156,708,350,358
108000157,137,868,-731
108000158,112,688,-576
108000159,401,200,201
108000160,2168,976,1192
108000161,1700,1833,-133
108000165,0,108,-108
108000172,3,242,-239
108000173,1402,1621,-219
108000175,468,146,322
108000178,293,233,60
108000179,147,717,-570
108000181,67,28,39
108000182,240,92,148
108000183,105,719,-614
108000184,701,1817,-1116
108000185,203,297,-94
108000186,328,277,51
108000187,86,350,-264
108000188,460,142,318
108000189,1435,6574,-5139
108000190,47,123,-76
108000192,215,506,-291
108000193,742,18,724
108000194,44,16,28
108000195,2,755,-753
108000196,119,162,-43
108000198,661,262,399
108000199,2,300,-298
108000200,287,290,-3
108000203,119,391,-272
108000204,140,69,71
108000205,250,313,-63
108000339,956,360,596
108000364,230,521,-291
108000365,67,221,-154
108000367,134,208,-74
108000368,8,58,-50
108000369,669,123,546
108000371,15,459,-444
108000372,732,15,717
108000373,211,208,3
108000376,80,26,54
108000377,379,187,192
108000378,8006,8592,-586
108000379,30,142,-112
108000381,58,8,50
108000382,157,4,153
108000383,0,195,-195
108900001,70,761,-691
108900002,145,52,93
108900003,235,460,-225
108900004,1347,455,892
108900007,269,184,85
108900008,95,136,-41
108900009,113,106,7
108900010,210,166,44
108900011,437,347,90
108900012,281,321,-40
108900013,165,222,-57
108900014,17,108,-91
108900015,1,107,-106
108900016,0,217,-217
108900017,206,345,-139
108900018,118,232,-114
108900019,29,365,-336
108900020,35,132,-97
108900021,107,168,-61
108900022,95,7,88
108900023,5,45,-40
108900024,32,93,-61
108900025,117,90,27
108900026,21,99,-78
108900027,0,47,-47
108900028,77,233,-156
108900029,46,175,-129
108900030,0,76,-76
108900031,92,224,-132
108900032,7,148,-141
108900033,0,76,-76
108900034,1,183,-182
108900035,262,999,-737
108900038,1,202,-201
108900039,2,324,-322
108900040,12,75,-63
108900041,3822,2757,1065
108900042,11,343,-332
108900043,55,379,-324
108900044,2,263,-261
108900045,53,383,-330
108900046,37,416,-379
108900047,1,109,-108
108900048,107,571,-464
108900049,2104,939,1165
108900050,1,149,-148
108900051,2,117,-115
108900052,33,113,-80
108900053,58,124,-66
108900054,50,137,-87
108900055,42,274,-232
108900056,0,102,-102
108900057,1,103,-102
108900058,36,210,-174
108900059,363,23,340
108900060,58,95,-37
108900061,69,20,49
108900062,5,159,-154
108900063,17,200,-183
108900064,145,38,107
108900065,24,145,-121
108900066,333,88,245
108900067,19,122,-103
108900068,18,102,-84
108900069,79,39,40
108900070,20,77,-57
108900071,94,40,54
108900072,1432,589,843
108900073,39,195,-156
108900074,196,251,-55
108900075,61,38,23
108900076,236,61,175
108900077,167,277,-110
108900078,32,106,-74
108900079,663,155,508
108900080,29,713,-684
108900081,53,164,-111
108900082,65,113,-48
108900083,22,218,-196
108900085,1597,122,1475
108900086,114,145,-31
108900087,111,138,-27
108900088,774,321,453
108900089,17,127,-110
108900090,49,190,-141
108900091,106,76,30
108900092,357,270,87
108900093,71,78,-7
108900094,171,59,112
108900095,21,201,-180
108900096,219,12,207
108900097,243,167,76
108900098,1554,623,931
108900099,307,168,139
108900100,43,94,-51
108900101,156,148,8
108900102,59,742,-683
108900103,98,186,-88
108900105,6,992,-986
108900106,438,223,215
108900108,341,73,268
108900109,315,52,263
108900110,207,265,-58
108900111,412,346,66
108900113,26,54,-28
108900114,63,14,49
108900115,75,69,6
108900116,54,11,43
108900117,118,17,101
108900118,458,19,439
108900119,238,12,226
108900120,246,147,99
108900121,240,150,90
108900122,159,29,130
108900123,134,120,14
108900124,396,182,214
108900125,379,2,377
108900126,117,20,97
108900127,129,20,109
108900128,99,27,72
108900129,582,122,460
108900130,281,2,279
108900131,295,6,289
108900132,430,32,398
108900133,194,78,116
108900134,302,181,121
108900135,119,7,112
108900136,40,0,40
108900137,142,5,137
108900138,592,42,550
108900140,328,203,125
108900141,320,9,311
108900142,181,5,176
108900143,64,0,64
108900144,82,2,80
108900145,136,5,131
108900146,65,0,65
108900147,226,1,225
108900148,69,27,42
108900150,258,5,253
108900151,352,2,350
108900152,248,22,226
108900153,160,201,-41
108900154,3611,373,3238
108900156,69,6,63
108900157,65,294,-229
108900158,241,17,224
108900159,5,174,-169
108900160,15,204,-189
108900161,5,308,-303
108900162,65,2,63
108900163,7,201,-194
108900164,46,82,-36
108900168,5336,2230,3106
108900169,66,76,-10
108900171,3404,2358,1046
108900172,145,53,92
108900173,146,296,-150
108900174,801,545,256
108900176,125,353,-228
108900177,3441,4088,-647
108900178,2456,2720,-264
108900180,92,199,-107
108900183,161,175,-14
108900184,343,125,218
108900185,92,242,-150
108900186,52,271,-219
108900189,337,119,218
108900190,43,1856,-1813
108900192,61,174,-113
108900195,126,180,-54
108900196,38,186,-148
108900199,221,247,-26
108900200,499,337,162
108900201,378,993,-615
108900203,439,132,307
108900204,242,28,214
108900205,149,25,124
108900206,332,60,272
108900207,162,91,71
108900208,16,254,-238
108900209,225,406,-181
108900210,134,132,2
108900211,152,459,-307
108900212,483,1149,-666
108900215,75,236,-161
108900216,538,197,341
108900217,128,2,126
108900218,150,27,123
108900221,55,172,-117
108900224,41,152,-111
108900225,1,170,-169
108900227,92,237,-145
108900230,169,152,17
108900232,2,181,-179
108900233,294,90,204
108900234,222,183,39
108900235,147,420,-273
108900236,39,190,-151
108900240,102,100,2
108900241,24,35,-11
108900245,8,1130,-1122
108900250,195,115,80
108900258,18,174,-156
108900259,47,46,1
108900260,10,62,-52
108900261,70,99,-29
108900262,130,137,-7
108900263,43,103,-60
108900264,518,230,288
108900265,550,255,295
108900266,565,428,137
108900267,5,83,-78
108900268,27,6,21
108900269,80,8,72
108900270,57,9,48
108900271,20,13,7
108900272,193,9,184
108900273,703,693,10
108900274,46,67,-21
109000001,2500,1325,1175
109000002,1268,1462,-194
109000003,2262,388,1874
109000004,470,1607,-1137
109000005,2236,526,1710
109000006,680,1660,-980
109000007,1234,527,707
109000008,362,1261,-899
109000009,3021,1190,1831
109000010,1270,2634,-1364
109000011,2567,1878,689
109000012,1466,2295,-829
109000013,2917,2442,475
109000014,1420,2142,-722
109000015,3139,5928,-2789
109000016,4513,2809,1704
109000017,2011,1112,899
109000018,735,2259,-1524
109000019,2339,1294,1045
109000020,865,1452,-587
109000023,235,56,179
109000024,9,122,-113
109000025,306,329,-23
109000026,526,268,258
109000027,63,245,-182
109000028,101,71,30
109000029,107,155,-48
109000030,69,437,-368
109000031,173,133,40
109000032,111,345,-234
109000033,253,160,93
109000034,67,35,32
109000035,13,49,-36
109000036,52,275,-223
109000037,182,893,-711
109000038,362,273,89
109000039,648,563,85
109000040,2853,6471,-3618
109000041,2004,1351,653
109000042,519,893,-374
109000044,343,43,300
109000045,108,281,-173
109000046,300,58,242
109000047,60,310,-250
109000048,642,212,430
109000049,278,501,-223
109000050,284,195,89
109000051,263,220,43
109000052,429,544,-115
109000053,180,38,142
109000054,78,252,-174
109000055,143,189,-46
109000056,260,207,53
109000057,450,332,118
109000058,764,172,592
109000059,715,1240,-525
109000060,282,327,-45
109000061,658,766,-108
109000062,88,277,-189
109000063,155,105,50
109000064,156,131,25
109000065,116,133,-17
109000066,296,57,239
109000067,65,197,-132
109000068,3498,14,3484
109000069,973,33,940
109000070,8,1352,-1344
109000071,365,61,304
109000072,93,221,-128
109000073,44,50,-6
109000074,36,160,-124
109000075,74,268,-194
109000076,105,223,-118
109000077,315,232,83
109000078,83,134,-51
109000079,143,126,17
109000080,173,92,81
109000081,101,330,-229
109000082,547,198,349
109000083,283,430,-147
109000088,82,317,-235
109000089,237,34,203
109000090,124,287,-163
109000091,229,181,48
109000092,249,348,-99
109000093,169,184,-15
109000094,464,0,464
109000095,93,303,-210
109000096,499,260,239
109000097,82,129,-47
109000098,51,110,-59
109000099,1114,326,788
109000100,318,521,-203
109000101,1192,544,648
109000102,293,529,-236
109000103,376,482,-106
109000104,1435,391,1044
109000105,347,700,-353
109000106,1515,669,846
109000107,438,1235,-797
109000108,1338,531,807
109000109,374,1261,-887
109000110,1030,477,553
109000111,675,1353,-678
109000112,360,117,243
109000113,256,139,117
109000114,102,262,-160
109000115,977,104,873
109000116,19,176,-157
109000117,173,61,112
109000118,17,223,-206
109000119,1043,195,848
109000120,133,456,-323
109000121,406,37,369
109000122,97,421,-324
109000123,54,54,0
109000124,536,370,166
109000125,641,210,431
109000126,364,533,-169
109000127,656,166,490
109000128,410,855,-445
109000129,1647,566,1081
109000130,433,1131,-698
109000131,639,490,149
109000132,595,1266,-671
109000133,315,710,-395
109000134,640,1035,-395
109000135,897,1234,-337
109000136,250,240,10
109000137,249,281,-32
109000138,382,185,197
109000139,422,379,43
109000140,121,244,-123
109000141,390,324,66
109000142,125,351,-226
109000143,87,60,27
109000145,116,327,-211
109000146,128,82,46
109000148,2116,950,1166
109000149,17,51,-34
109000150,105,228,-123
109000155,682,465,217
109000156,771,464,307
109000158,91,210,-119
109000159,75,305,-230
109000160,746,209,537
109000161,276,679,-403
109000162,1381,498,883
109000163,885,1234,-349
109000164,990,1946,-956
109000165,996,395,601
109000166,616,85,531
109000167,103,422,-319
109000170,38,44,-6
109000171,42,39,3
109000172,39,63,-24
109000173,31,73,-42
109000174,63,71,-8
109000175,53,80,-27
109000176,223,196,27
109000177,25,90,-65
109000178,558,216,342
109000179,2763,3612,-849
109000180,3125,2556,569
109000181,8,27,-19
109000182,24,18,6
109000183,37,23,14
109000184,23,15,8
109000185,27,33,-6
109000188,358,1189,-831
109000189,1558,652,906
109000190,511,346,165
109000191,323,317,6
109000192,368,140,228
109000193,195,207,-12
109000194,281,74,207
109000195,117,240,-123
109000196,255,109,146
109000197,133,223,-90
109000198,326,49,277
109000199,137,315,-178
109000206,196,29,167
109000207,127,21,106
109000208,75,55,20
109000209,124,108,16
109000210,167,382,-215
109000211,500,316,184
109000214,383,221,162
109000215,127,59,68
109000216,221,218,3
109000217,166,79,87
109000218,216,158,58
109000221,434,775,-341
109000222,776,285,491
109000223,298,217,81
109000224,32,105,-73
109000225,55,35,20
109000226,53,148,-95
109000227,798,603,195
109000228,3,1476,-1473
109000231,3,188,-185
109000232,296,192,104
109000236,223,571,-348
109000241,1762,1582,180
109000242,1669,1087,582
109000293,19,87,-68
109000361,129,192,-63
109000364,140,357,-217
109000396,1,388,-387
109000397,459,8,451
109000399,129,411,-282
109000400,66,160,-94
109000403,97,718,-621
109000406,337,3,334
109000407,218,141,77
109000408,0,326,-326
109000410,766,194,572
109000411,196,21,175
109900001,105,1,104
109900002,705,22,683
109900003,277,0,277
109900004,710,61,649
109900005,42,1,41
109900006,287,119,168
109900007,664,332,332
109900008,0,40,-40
109900009,97,355,-258
109900010,494,13,481
109900011,73,26,47
109900012,178,140,38
109900013,295,111,184
109900014,380,47,333
109900015,404,189,215
109900016,127,22,105
109900017,160,280,-120
109900018,157,43,114
109900019,247,24,223
109900020,23,63,-40
109900021,16,28,-12
109900022,154,165,-11
109900023,11,5,6
109900024,38,5,33
109900025,20,40,-20
109900026,3,104,-101
109900027,41,81,-40
109900028,813,713,100
109900029,6,129,-123
109900030,61,13,48
109900031,0,79,-79
109900032,15,222,-207
109900033,4,382,-378
109900034,36,0,36
109900035,14,13,1
109900036,17,60,-43
109900037,25,316,-291
109900038,75,187,-112
109900039,15,0,15
109900040,31,327,-296
109900041,36,257,-221
109900042,15,351,-336
109900044,95,208,-113
109900045,339,166,173
109900046,68,98,-30
109900047,198,295,-97
109900048,1,63,-62
109900049,7,33,-26
109900050,3,95,-92
109900051,0,39,-39
109900052,56,193,-137
109900053,7,190,-183
109900054,513,158,355
109900055,47,212,-165
109900056,23,215,-192
109900057,8,96,-88
109900058,2,72,-70
109900059,530,81,449
109900060,350,77,273
109900061,61,216,-155
109900062,1,124,-123
109900063,5,381,-376
109900064,418,147,271
109900065,54,98,-44
109900066,300,592,-292
109900067,0,187,-187
109900068,49,6,43
109900069,3,21,-18
109900070,24,228,-204
109900071,3,36,-33
109900072,11,113,-102
109900073,247,245,2
109900074,10,33,-23
109900075,24,18,6
109900076,21,248,-227
109900077,48,27,21
109900078,69,142,-73
109900080,92,189,-97
109900081,12,153,-141
109900082,30,209,-179
109900083,19,47,-28
109900084,64,92,-28
109900085,191,362,-171
109900086,102,272,-170
109900087,285,340,-55
109900089,599,269,330
109900090,357,688,-331
109900091,236,55,181
109900092,283,20,263
109900093,802,170,632
109900094,109,105,4
109900095,68,146,-78
109900096,21,4,17
109900097,83,1,82
109900098,361,20,341
109900099,137,1,136
109900100,50,1,49
109900101,336,7,329
109900102,406,10,396
109900103,21,25,-4
109900104,544,455,89
109900105,460,22,438
109900106,245,81,164
109900107,447,60,387
109900108,41,180,-139
109900109,18,105,-87
109900110,43,207,-164
109900111,189,500,-311
109900112,218,344,-126
109900113,591,366,225
109900114,690,705,-15
109900115,117,52,65
109900117,704,114,590
109900118,163,268,-105
109900119,519,252,267
109900120,48,35,13
109900121,287,431,-144
109900122,353,14,339
109900123,19,91,-72
109900124,29,255,-226
109900125,1,101,-100
109900126,206,55,151
109900128,217,41,176
109900130,3881,1700,2181
109900131,29,89,-60
109900132,26,105,-79
109900133,113,189,-76
109900134,66,65,1
109900135,281,64,217
109900136,29,124,-95
109900137,123,148,-25
109900140,131,87,44
109900142,1020,214,806
109900145,3,399,-396
109900146,379,28,351
109900148,69,52,17
109900149,32,60,-28
109900150,8,97,-89
109900151,9,38,-29
109900152,2,39,-37
109900153,0,47,-47
109900154,49,0,49
109900155,79,22,57
109900157,45,132,-87
109900158,33,110,-77
109900159,152,32,120
109900160,122,31,91
109900161,189,49,140
109900162,141,108,33
109900163,467,166,301
109900164,44,163,-119
109900165,192,3,189
109900166,3,84,-81
109900167,145,288,-143
109900168,122,365,-243
109900169,186,114,72
109900170,171,693,-522
109900171,109,62,47
109900172,157,208,-51
109900173,1758,2035,-277
109900174,33,71,-38
109900175,57,67,-10
109900176,124,104,20
109900177,32,130,-98
109900178,26,129,-103
109900179,67,18,49
109900180,14,20,-6
110000001,775,465,310
110000002,531,623,-92
110000003,723,570,153
110000004,436,595,-159
110000005,339,1249,-910
110000006,229,245,-16
110000007,67,80,-13
110000008,17,32,-15
110000009,45,13,32
110000010,53,56,-3
110000011,29,52,-23
110000012,411,252,159
110000013,33,392,-359
110000014,462,366,96
110000015,217,468,-251
110000016,208,1119,-911
110000017,1879,160,1719
110000018,1585,308,1277
110000019,9,74,-65
110000020,318,179,139
110000021,303,332,-29
110000022,462,131,331
110000023,4,90,-86
110000024,525,290,235
110000025,320,8,312
110000026,5,196,-191
110000027,901,744,157
110000028,612,546,66
110000029,415,494,-79
110000030,244,257,-13
110000031,238,304,-66
110000032,618,298,320
110000033,313,94,219
110000034,336,430,-94
110000035,610,386,224
110000036,550,370,180
110000037,220,294,-74
110000038,178,463,-285
110000039,506,2038,-1532
110000040,243,218,25
110000041,219,1041,-822
110000042,82,241,-159
110000043,536,263,273
110000044,64,266,-202
110000045,366,81,285
110000046,5,23,-18
110000047,91,21,70
110000048,10,34,-24
110000049,48,12,36
110000050,14,38,-24
110000051,46,8,38
110000052,35,44,-9
110000053,41,5,36
110000054,75,229,-154
110000055,297,93,204
110000056,180,85,95
110000057,266,418,-152
110000058,879,337,542
110000059,702,373,329
110000060,634,747,-113
110000061,638,651,-13
110000062,531,710,-179
110000063,34,67,-33
110000064,61,51,10
110000065,44,36,8
110000066,63,30,33
110000067,68,86,-18
110000068,279,115,164
110000069,176,82,94
110000071,133,66,67
110000073,8,10,-2
110000075,7,62,-55
110000076,210,245,-35
110000077,315,598,-283
110000078,43,25,18
110000080,235,549,-314
110000081,49,188,-139
110000082,41,280,-239
110000083,210,537,-327
110000084,1053,759,294
110000085,1410,1435,-25
110000086,1099,2026,-927
110000087,11,53,-42
110000088,72,164,-92
110000089,200,83,117
110000090,73,131,-58
110000091,629,223,406
110000092,17,45,-28
110000093,102,14,88
110000094,386,156,230
110000095,147,463,-316
110000096,1432,1480,-48
110000097,980,1038,-58
110000098,1731,444,1287
110000099,671,1175,-504
110000100,698,315,383
110000101,15,211,-196
110000102,89,41,48
110000104,260,120,140
110000105,54,206,-152
110000106,486,344,142
110000107,238,273,-35
110000108,96,74,22
110000109,202,171,31
110000110,2058,3642,-1584
110000111,3648,2032,1616
110000112,875,1002,-127
110000113,284,1753,-1469
110000114,133,448,-315
110000115,301,235,66
110000116,56,34,22
110000117,163,198,-35
110000118,333,114,219
110000119,150,184,-34
110000120,336,127,209
110000121,54,235,-181
110000122,273,400,-127
110000123,481,582,-101
110000124,4,595,-591
110000125,976,12,964
110000126,275,45,230
110000127,926,69,857
110000128,42,816,-774
110000129,6,346,-340
110000130,296,154,142
110000131,52,233,-181
110000132,1,453,-452
110000133,20,301,-281
110000134,14,241,-227
110000135,175,27,148
110000136,57,169,-112
110000137,393,418,-25
110000138,618,445,173
110000139,605,731,-126
110000140,858,571,287
110000143,481,276,205
110000144,4363,1592,2771
110000145,1570,883,687
110000146,1087,518,569
110000147,344,498,-154
110000148,463,187,276
110000151,785,740,45
110000152,633,311,322
110000153,45,24,21
110000154,4,13,-9
110000155,964,3546,-2582
110000156,866,2126,-1260
110000157,1169,1738,-569
110000160,296,138,158
110000161,124,150,-26
110000166,456,63,393
110000167,637,450,187
110000168,772,445,327
110000169,863,314,549
110000170,106,49,57
110000171,506,88,418
110000172,117,517,-400
110000173,687,735,-48
110000174,117,513,-396
110000175,484,40,444
110000176,45,216,-171
110000177,188,599,-411
110000178,308,993,-685
110000179,728,295,433
110000180,175,131,44
110000181,397,317,80
110000182,229,84,145
110000183,5345,4866,479
110000184,297,1629,-1332
110000185,574,477,97
110000186,624,538,86
110000191,802,205,597
110000192,517,15,502
110000193,991,13,978
110000194,14,683,-669
110000195,435,185,250
110000196,303,228,75
110000197,110,93,17
110000198,85,46,39
110000199,72,107,-35
110000200,800,380,420
110000201,514,883,-369
110000202,1080,496,584
110000203,511,495,16
110000204,4,139,-135
110000205,127,52,75
110000206,448,750,-302
110000207,813,310,503
110000208,155,192,-37
110000209,120,615,-495
110000210,944,317,627
110000211,714,465,249
110000212,332,741,-409
110000213,156,58,98
110000214,213,68,145
110000215,150,194,-44
110000216,92,189,-97
110000217,212,124,88
110000218,135,221,-86
110000219,252,67,185
110000220,74,130,-56
110000221,250,39,211
110000222,53,171,-118
110000223,5,134,-129
110000224,34,11,23
110000225,232,522,-290
110000226,198,49,149
110000227,528,495,33
110000228,247,90,157
110000229,2,181,-179
110000230,434,478,-44
110000231,119,154,-35
110000232,127,182,-55
110000233,159,184,-25
110000234,474,491,-17
110000235,701,794,-93
110000236,471,572,-101
110000237,1660,1060,600
110000238,927,1146,-219
110000239,1528,940,588
110000240,1,28,-27
110000242,1,3,-2
110000243,100,128,-28
110000244,135,271,-136
110000245,39,250,-211
110000246,515,352,163
110000247,788,3260,-2472
110000248,1324,1152,172
110000249,49,10,39
110000250,22,152,-130
110000251,237,378,-141
110000252,139,137,2
110000253,947,458,489
110000254,446,756,-310
110000255,139,637,-498
110000256,356,213,143
110000257,590,347,243
110000258,5,277,-272
110000259,89,16,73
110000260,14,159,-145
110000263,319,83,236
110000264,289,316,-27
110000265,784,1367,-583
110000266,1415,2156,-741
110000267,18,162,-144
110000268,255,314,-59
110000269,0,36,-36
110000270,44,2,42
110000271,897,173,724
110000272,903,791,112
110000273,2458,1152,1306
110000274,148,1126,-978
110000275,1177,395,782
110000276,182,222,-40
110000277,205,236,-31
110000278,194,455,-261
110000279,612,611,1
110000280,334,301,33
110000281,33,326,-293
110000282,259,17,242
110000283,50,76,-26
110000284,46,48,-2
110000285,1,432,-431
110000286,23,0,23
110000287,56,2,54
110000288,1,50,-49
110000289,379,1421,-1042
110000290,615,392,223
110000291,2992,1003,1989
110000292,949,2999,-2050
110000293,463,536,-73
110000294,776,719,57
110000295,124,530,-406
110000296,325,240,85
110000297,1750,251,1499
110000298,195,462,-267
110000299,169,90,79
110000301,199,26,173
110000302,324,579,-255
110000303,255,4,251
110000304,124,166,-42
110000305,755,6,749
110000306,160,756,-596
110000307,1131,10,1121
110000308,423,16,407
110000309,4,419,-415
110000310,532,28,504
110000311,9,459,-450
110000312,343,77,266
110000313,1638,2359,-721
110000314,7,202,-195
110000315,2440,2016,424
110000316,394,1031,-637
110000317,266,316,-50
110000318,5,52,-47
110000319,9,11,-2
110000320,50,40,10
110000321,14,21,-7
110000322,227,234,-7
110000323,273,95,178
110000324,2176,1313,863
110000325,2085,1982,103
110000327,311,204,107
110000328,118,250,-132
110000333,620,411,209
110000334,595,987,-392
110000335,613,340,273
110000336,491,743,-252
110000337,934,414,520
110000338,389,188,201
110000339,248,148,100
110000340,24,104,-80
110000341,360,379,-19
110000342,296,3,293
110000343,0,8,-8
110000344,27,91,-64
110000345,76,65,11
110000346,1706,1570,136
110000347,853,481,372
110000348,25,15,10
110000349,11,12,-1
110000350,47,0,47
110000351,788,584,204
110000352,535,1140,-605
110000353,1764,527,1237
110000354,900,2160,-1260
110000355,66,57,9
110000356,463,2,461
110000357,279,9,270
110000361,17,25,-8
110000362,39,5,34
110000363,345,89,256
110000364,163,220,-57
110000365,107,0,107
110000366,1,64,-63
110000367,262,129,133
110000368,3,36,-33
110000369,37,2,35
110000373,2,229,-227
110000374,96,21,75
110000375,90,624,-534
110000376,30,76,-46
110000377,82,348,-266
110000378,17,274,-257
110000379,1896,1333,563
110000380,69,5,64
110000383,2,894,-892
110000384,1434,907,527
110000385,0,158,-158
110000387,126,43,83
110000388,56,159,-103
110000389,694,5,689
110000391,592,217,375
110000396,105,139,-34
110000397,128,107,21
110000398,4,26,-22
110000399,126,0,126
110000587,79,31,48
110000589,223,109,114
110000640,196,54,142
110000652,10,155,-145
110000653,237,264,-27
110000654,213,514,-301
110000656,0,479,-479
110000674,34,7,27
110000675,3,6,-3
110000676,2,14,-12
110000679,321,1072,-751
110000682,128,161,-33
110000683,240,386,-146
110000684,1,15,-14
110000685,4,10,-6
110000686,2,22,-20
110000687,21,3,18
110000688,57,775,-718
110000689,31,16,15
110000692,60,82,-22
110000693,45,204,-159
110000694,0,132,-132
110000695,126,399,-273
110000696,47,44,3
110900001,233,18,215
110900002,434,141,293
110900003,643,355,288
110900004,400,85,315
110900005,1550,1538,12
110900006,52,15,37
110900007,111,18,93
110900008,10,47,-37
110900009,363,83,280
110900010,4,43,-39
110900011,15,64,-49
110900012,2,36,-34
110900013,771,95,676
110900014,152,8,144
110900015,325,546,-221
110900016,44,91,-47
110900017,337,25,312
110900018,309,58,251
110900019,96,17,79
110900020,45,171,-126
110900021,65,352,-287
110900022,55,151,-96
110900023,64,309,-245
110900024,6,250,-244
110900025,0,42,-42
110900027,34,145,-111
110900028,36,94,-58
110900029,26,208,-182
110900030,24,154,-130
110900031,5,123,-118
110900032,1,72,-71
110900033,35,102,-67
110900035,13,449,-436
110900036,54,14,40
110900037,43,16,27
110900038,558,182,376
110900039,13,221,-208
110900040,201,20,181
110900041,6,54,-48
110900042,99,57,42
110900043,8,84,-76
110900044,140,18,122
110900045,51,250,-199
110900046,19,202,-183
110900047,304,177,127
110900049,58,57,1
110900050,34,16,18
110900051,18,170,-152
110900052,3,97,-94
110900053,84,19,65
110900054,44,114,-70
110900055,24,0,24
110900056,39,67,-28
110900057,8,81,-73
110900058,168,109,59
110900059,539,318,221
110900060,435,85,350
110900061,25,34,-9
110900062,146,166,-20
110900063,38,85,-47
110900064,8,0,8
110900065,242,111,131
110900066,6,40,-34
110900067,202,385,-183
110900068,247,158,89
110900069,9,7,2
110900070,84,52,32
110900071,207,350,-143
110900073,0,13,-13
110900074,222,50,172
110900075,293,59,234
110900077,577,474,103
110900078,21,19,2
110900079,1633,1136,497
110900080,108,62,46
110900081,2,18,-16
110900082,113,65,48
110900083,89,51,38
110900084,17,38,-21
110900085,36,197,-161
110900086,41,230,-189
110900087,278,55,223
110900088,10,2,8
110900090,33,35,-2
110900091,0,41,-41
110900093,131,75,56
110900095,26,27,-1
110900097,5,6,-1
110900098,17,40,-23
110900099,29,253,-224
110900100,0,9,-9
110900102,44,10,34
110900105,356,199,157
110900108,7,36,-29
110900111,320,98,222
110900112,701,11,690
110900113,410,40,370
110900115,4,41,-37
110900116,499,1015,-516
110900118,95,2270,-2175
110900119,2218,258,1960
110900120,18,93,-75
110900121,144,1,143
110900122,368,141,227
110900125,312,357,-45
110900127,531,1150,-619
110900128,250,383,-133
110900129,269,735,-466
110900130,800,594,206
110900131,172,46,126
110900132,222,39,183
110900133,46,125,-79
110900135,40,159,-119
110900136,229,28,201
110900138,0,0,0
110900139,18,0,18
110900140,4,0,4
110900141,325,186,139
110900142,59,98,-39
110900143,108,55,53
110900144,1,487,-486
110900145,161,44,117
110900146,272,114,158
110900147,97,269,-172
110900148,2,286,-284
110900149,1,51,-50
110900150,37,21,16
110900151,6,30,-24
110900152,39,124,-85
110900153,137,42,95
111000001,437,459,-22
111000002,708,514,194
111000003,913,519,394
111000004,347,697,-350
111000005,1003,962,41
111000006,747,1271,-524
111000007,3117,2294,823
111000008,1654,2397,-743
111000009,317,642,-325
111000010,759,239,520
111000011,292,970,-678
111000012,667,306,361
111000013,340,818,-478
111000014,971,416,555
111000017,111,938,-827
111000018,264,339,-75
111000020,630,2070,-1440
111000021,44,71,-27
111000023,52,79,-27
111000025,2925,2862,63
111000029,51,99,-48
111000030,45,106,-61
111000031,1709,1046,663
111000032,375,297,78
111000033,218,305,-87
111000034,102,182,-80
111000037,936,715,221
111000038,2614,1821,793
111000039,1490,1638,-148
111000040,1508,1757,-249
111000041,1326,1252,74
111000042,2174,1859,315
111000043,1501,2746,-1245
111000044,1425,976,449
111000045,1864,1906,-42
111000046,1384,1355,29
111000047,1778,2807,-1029
111000049,369,331,38
111000050,1062,968,94
111000051,381,717,-336
111000052,442,1234,-792
111000053,274,619,-345
111000054,321,593,-272
111000055,862,1244,-382
111000056,136,291,-155
111000057,73,344,-271
111000058,385,50,335
111000059,378,297,81
111000060,2940,1005,1935
111000061,437,310,127
111000062,567,288,279
111000063,1316,727,589
111000064,549,445,104
111000065,918,701,217
111000066,326,278,48
111000067,397,541,-144
111000068,500,936,-436
111000069,1282,1573,-291
111000070,968,777,191
111000071,200,450,-250
111000072,1077,424,653
111000073,253,678,-425
111000074,1444,1295,149
111000075,942,484,458
111000076,393,431,-38
111000077,1375,1419,-44
111000078,2170,1217,953
111000079,1182,726,456
111000080,448,512,-64
111000081,1330,2896,-1566
111000082,640,523,117
111000084,730,434,296
111000085,800,995,-195
111000086,1833,872,961
111000087,705,509,196
111000088,3284,1806,1478
111000089,732,585,147
111000090,812,1127,-315
111000091,698,397,301
111000092,1115,651,464
111000093,578,822,-244
111000094,1330,845,485
111000095,540,1800,-1260
111000096,1318,5949,-4631
111000097,3435,1439,1996
111000098,726,934,-208
111000099,558,1331,-773
111000100,367,1066,-699
111000101,396,644,-248
111000102,239,345,-106
111000104,541,184,357
111000107,72,371,-299
111000109,338,156,182
111000110,1205,532,673
111000111,1868,376,1492
111000112,1427,499,928
111000113,822,1277,-455
111000114,1939,2834,-895
111000115,4052,986,3066
111000116,893,607,286
111000117,345,630,-285
111000118,1057,633,424
111000119,849,747,102
111000120,406,512,-106
111000121,278,611,-333
111000122,431,768,-337
111000123,902,1743,-841
111000124,367,1594,-1227
111000125,190,951,-761
111000126,102,633,-531
111000127,853,142,711
111000128,1453,254,1199
111000129,2067,397,1670
111000130,1647,478,1169
111000131,1341,467,874
111000132,1158,675,483
111000133,185,142,43
111000134,189,96,93
111000135,38,154,-116
111000136,309,239,70
111000138,10,4,6
111000140,3,4,-1
111000141,275,431,-156
111000142,29,120,-91
111000143,15,162,-147
111000144,50,646,-596
111000145,1712,35,1677
111000146,140,32,108
111000147,379,49,330
111000148,187,55,132
111000149,3,21,-18
111000150,22,4,18
111000151,2,17,-15
111000153,498,613,-115
111000154,630,192,438
111000155,92,134,-42
111000156,407,492,-85
111000157,304,768,-464
111000158,819,616,203
111000159,1998,604,1394
111000160,483,315,168
111000161,11,247,-236
111000162,117,142,-25
111000163,687,778,-91
111000164,562,2878,-2316
111000165,770,413,357
111000166,1554,382,1172
111000167,164,304,-140
111000168,168,370,-202
111000169,297,559,-262
111000170,436,393,43
111000171,509,449,60
111000172,158,315,-157
111000173,345,610,-265
111000174,170,207,-37
111000175,57,237,-180
111000176,246,90,156
111000177,222,175,47
111000178,1084,260,824
111000179,152,135,17
111000180,182,358,-176
111000181,863,143,720
111000182,218,156,62
111000183,202,290,-88
111000184,309,166,143
111000185,264,356,-92
111000186,276,195,81
111000187,136,126,10
111000188,189,319,-130
111000189,745,479,266
111000190,154,241,-87
111000191,158,214,-56
111000192,159,332,-173
111000193,196,203,-7
111000194,58,228,-170
111000195,109,236,-127
111000196,84,140,-56
111000197,320,95,225
111000198,444,101,343
111000199,193,103,90
111000200,291,280,11
111000201,486,181,305
111000202,208,134,74
111000203,289,214,75
111000204,395,849,-454
111000213,193,330,-137
111000214,1052,1053,-1
111000215,986,970,16
111000217,1171,779,392
111000218,960,872,88
111000219,400,150,250
111000220,896,464,432
111000221,614,73,541
111000224,42,251,-209
111000225,373,305,68
111000226,90,8,82
111000227,35,7,28
111000228,19,268,-249
111000229,42,696,-654
111000230,207,227,-20
111000231,907,442,465
111000232,404,617,-213
111000233,779,447,332
111000234,90,326,-236
111000239,84,110,-26
111000240,34,159,-125
111000241,30,202,-172
111000242,143,40,103
111000243,74,313,-239
111000244,352,78,274
111000245,810,353,457
111000246,505,324,181
111000247,279,567,-288
111000248,570,326,244
111000249,395,521,-126
111000250,38,64,-26
111000251,39,67,-28
111000253,8,10,-2
111000255,32,3,29
111000257,49,9,40
111000260,57,784,-727
111000261,1017,67,950
111000271,62,229,-167
111000273,2134,990,1144
111000274,1043,1653,-610
111000275,156,53,103
111000276,265,1189,-924
111000277,130,260,-130
111000278,561,204,357
111000291,612,4347,-3735
111000298,440,170,270
111000299,531,129,402
111000300,70,404,-334
111000302,204,47,157
111000303,66,154,-88
111000312,28,41,-13
111000315,10,104,-94
111000320,190,463,-273
111000321,269,103,166
111000322,307,357,-50
111000323,194,15,179
111000324,341,182,159
111000325,43,46,-3
111000326,174,220,-46
111000327,361,308,53
111000328,216,383,-167
111000329,2,21,-19
111000330,50,7,43
111000331,43,6,37
111000332,422,1075,-653
111000334,271,744,-473
111000335,722,230,492
111000337,1094,337,757
111000338,58,75,-17
111000339,515,208,307
111000340,106,302,-196
111000341,1035,616,419
111000342,277,1205,-928
111000344,829,552,277
111000345,279,110,169
111000346,25,122,-97
111000347,121,6,115
111000350,150,82,68
111000351,79,227,-148
111000352,124,51,73
111000353,71,183,-112
111000354,384,57,327
111000355,276,372,-96
111000358,110,730,-620
111000360,158,385,-227
111000361,127,180,-53
111000546,533,415,118
111000547,293,286,7
111000548,73,270,-197
111000549,224,181,43
111000550,86,703,-617
111000551,579,184,395
111000552,1754,178,1576
111000907,480,6,474
111000908,23,0,23
111000916,1334,271,1063
111000917,36,350,-314
111000918,163,415,-252
111000920,406,7,399
111000921,4,122,-118
111000922,337,232,105
111000924,41,451,-410
111000925,2027,1563,464
111000926,874,1193,-319
111000927,2609,3598,-989
111000928,3285,2483,802
111000929,1017,916,101
111000930,612,1633,-1021
111000931,1626,2208,-582
111000932,3228,1762,1466
111000933,2958,1824,1134
111000934,1486,2653,-1167
111000935,1206,684,522
111000936,953,1530,-577
111000937,876,1092,-216
111000938,1331,1180,151
111000939,512,54,458
111000940,295,125,170
111000941,237,249,-12
111000943,266,159,107
111000944,170,183,-13
111000945,82,934,-852
111001109,372,256,116
111001110,101,407,-306
111001111,57,20,37
111001112,82,5,77
111001113,0,191,-191
111001114,578,134,444
111001115,94,440,-346
111001116,3423,3211,212
111001117,472,2180,-1708
111001120,86,190,-104
111001121,143,167,-24
111001122,183,359,-176
111001123,235,103,132
111001124,69,131,-62
111001125,5,93,-88
111001126,18,90,-72
111900001,10,83,-73
111900002,13,369,-356
111900003,2,200,-198
111900004,25,68,-43
111900006,10,26,-16
111900007,71,4,67
111900008,104,3,101
111900009,88,33,55
111900010,293,344,-51
111900012,41,54,-13
111900013,19,61,-42
111900014,3495,3191,304
111900015,1,41,-40
111900016,1,70,-69
111900017,0,83,-83
111900018,178,4,174
111900019,1,63,-62
111900020,3,41,-38
111900021,16,60,-44
111900022,9,36,-27
111900023,50,66,-16
111900024,5,58,-53
111900025,0,26,-26
111900026,0,42,-42
111900027,4,98,-94
111900028,0,199,-199
111900029,2,70,-68
111900030,20,257,-237
111900031,7,29,-22
111900032,1,225,-224
111900033,19,66,-47
111900034,260,324,-64
111900035,46,129,-83
111900036,1,190,-189
111900038,238,407,-169
111900039,39,258,-219
111900040,2,344,-342
111900042,20,113,-93
111900043,1,213,-212
111900044,262,135,127
111900046,31,92,-61
111900048,191,405,-214
111900049,24,163,-139
111900050,87,21,66
111900051,0,164,-164
111900052,328,354,-26
111900053,682,974,-292
111900054,83,2,81
111900055,9,264,-255
111900056,117,197,-80
111900057,80,14,66
111900058,378,396,-18
111900059,1173,445,728
111900060,277,1,276
111900061,3,120,-117
111900062,9,31,-22
111900063,382,188,194
111900064,99,172,-73
111900065,44,12,32
111900066,97,123,-26
111900067,1,201,-200
111900068,56,40,16
111900069,53,18,35
111900070,95,93,2
111900071,1,131,-130
111900072,59,22,37
111900073,751,176,575
111900074,10,85,-75
111900075,74,3,71
111900076,117,60,57
111900077,27,2,25
111900078,230,10,220
111900079,41,20,21
111900080,188,245,-57
111900082,88,29,59
111900083,95,7,88
111900084,68,7,61
111900085,24,104,-80
111900086,42,4,38
111900087,44,2,42
111900088,414,14,400
111900089,98,1,97
111900090,58,30,28
111900091,167,1,166
111900092,46,1,45
111900093,382,5,377
111900094,106,1,105
111900095,191,34,157
111900096,126,8,118
111900097,45,0,45
111900098,208,1,207
111900099,68,3,65
111900100,96,4,92
111900101,80,30,50
111900102,337,335,2
111900103,51,91,-40
111900104,118,36,82
111900105,302,145,157
111900106,506,28,478
111900110,1129,305,824
111900111,148,104,44
111900112,317,2068,-1751
111900113,237,60,177
111900118,290,87,203
111900119,299,123,176
111900122,133,60,73
111900123,16,18,-2
111900124,16,60,-44
111900125,426,25,401
111900126,183,5,178
111900127,1,426,-425
111900128,4,333,-329
111900129,241,54,187
111900130,237,24,213
111900131,373,5,368
111900132,15,653,-638
111900133,1,212,-211
111900134,13,154,-141
111900135,11,23,-12
111900136,93,138,-45
111900137,35,64,-29
111900138,5,45,-40
111900139,15,58,-43
111900140,78,10,68
111900141,45,12,33
111900142,54,30,24
111900143,26,157,-131
111900144,0,46,-46
111900145,0,202,-202
111900146,0,179,-179
111900147,70,294,-224
111900148,20,385,-365
111900149,5,189,-184
111900150,10,95,-85
111900151,3,26,-23
111900152,55,63,-8
111900153,884,395,489
111900154,8,188,-180
111900155,44,65,-21
111900156,42,61,-19
111900157,110,13,97
111900158,456,44,412
111900159,243,7,236
111900160,243,1,242
111900161,113,0,113
111900162,78,125,-47
111900163,23,138,-115
111900164,94,55,39
111901113,322,84,238
111901114,121,117,4
111901115,40,1,39
111901116,32,2,30
111901117,27,20,7
111901118,28,113,-85
111901119,389,38,351
111901121,139,120,19
111901122,7,318,-311
111901123,162,203,-41
111901124,151,4,147
111901125,316,173,143
111901127,298,383,-85
111901128,5,62,-57
111901129,1,48,-47
111901130,4,76,-72
111901131,1,145,-144
111901132,56,16,40
111901133,28,2,26
111901134,67,5,62
111901135,25,10,15
111901136,10,37,-27
111901137,0,10,-10
111901138,187,31,156
111901139,19,15,4
111901140,2,59,-57
111901141,4,77,-73
111901142,4,53,-49
111901143,0,66,-66
111901144,54,30,24
111901145,97,267,-170
111901146,320,26,294
111901147,218,118,100
111901148,11,31,-20
111901149,7,1,6
112000001,1367,578,789
112000002,520,1620,-1100
112000003,1109,780,329
112000004,442,549,-107
112000005,2831,2917,-86
112000006,1763,1274,489
112000007,2464,1669,795
112000008,1946,3245,-1299
112000009,2328,2198,130
112000010,2018,2745,-727
112000011,1319,1198,121
112000012,3051,3740,-689
112000013,3189,2509,680
112000014,2096,2077,19
112000015,2990,2711,279
112000016,2702,1250,1452
112000017,1115,2115,-1000
112000024,1826,793,1033
112000026,2313,3161,-848
112000027,695,531,164
112000028,976,1152,-176
112000029,355,609,-254
112000030,160,43,117
112000031,928,3613,-2685
112000032,365,36,329
112000033,1292,1542,-250
112000034,276,49,227
112000035,33,287,-254
112000036,502,737,-235
112000037,627,646,-19
112000038,1004,704,300
112000039,69,80,-11
112000040,54,196,-142
112000041,360,320,40
112000042,809,404,405
112000050,1143,988,155
112000051,835,1008,-173
112000054,1319,1245,74
112000057,437,311,126
112000058,285,481,-196
112000059,433,671,-238
112000061,2210,1718,492
112000062,1240,624,616
112000063,730,1326,-596
112000064,2964,3960,-996
112000065,1381,1796,-415
112000066,2943,1295,1648
112000067,664,629,35
112000068,2794,2149,645
112000069,598,1384,-786
112000070,1643,746,897
112000071,731,2027,-1296
112000072,1943,857,1086
112000073,1355,1845,-490
112000074,1357,997,360
112000075,1255,1028,227
112000076,2872,2018,854
112000077,556,410,146
112000078,1481,494,987
112000079,1066,896,170
112000080,607,547,60
112000081,1263,1791,-528
112000082,1261,734,527
112000083,548,977,-429
112000084,1061,766,295
112000085,1049,727,322
112000086,1426,1082,344
112000087,420,306,114
112000088,786,452,334
112000089,224,209,15
112000090,160,213,-53
112000091,545,771,-226
112000092,1701,871,830
112000093,1284,711,573
112000094,615,713,-98
112000095,496,648,-152
112000096,517,445,72
112000097,1036,647,389
112000098,733,654,79
112000099,575,1436,-861
112000100,1456,600,856
112000101,404,635,-231
112000102,1025,380,645
112000103,275,654,-379
112000105,559,968,-409
112000106,1461,348,1113
112000107,85,113,-28
112000108,247,1161,-914
112000109,150,75,75
112000110,1624,585,1039
112000111,778,2116,-1338
112000112,2737,584,2153
112000113,602,1194,-592
112000114,1834,770,1064
112000115,292,277,15
112000116,469,620,-151
112000117,834,639,195
112000118,896,647,249
112000119,369,558,-189
112000120,63,225,-162
112000121,119,310,-191
112000122,262,120,142
112000123,661,159,502
112000124,319,75,244
112000125,276,204,72
112000126,202,301,-99
112000127,1487,1666,-179
112000128,682,566,116
112000129,120,105,15
112000130,128,66,62
112000131,43,188,-145
112000132,83,170,-87
112000133,315,125,190
112000134,324,269,55
112000135,967,562,405
112000136,739,955,-216
112000137,1104,1248,-144
112000138,999,854,145
112000139,785,549,236
112000140,740,958,-218
112000141,658,303,355
112000142,168,397,-229
112000143,964,160,804
112000144,258,796,-538
112000145,1998,498,1500
112000146,455,1397,-942
112000147,2197,1457,740
112000148,1424,1631,-207
112000149,398,435,-37
112000150,172,360,-188
112000151,300,262,38
112000152,349,358,-9
112000153,171,200,-29
112000154,135,125,10
112000155,125,88,37
112000157,572,450,122
112000158,188,298,-110
112000159,424,254,170
112000167,307,62,245
112000169,292,353,-61
112000173,572,157,415
112000175,318,228,90
112000176,2047,1716,331
112000177,493,161,332
112000178,101,231,-130
112000179,183,80,103
112000180,230,285,-55
112000181,1077,1305,-228
112000182,1076,900,176
112000183,30,46,-16
112000184,328,249,79
112000185,378,370,8
112000187,3260,1971,1289
112000195,85,10,75
112000196,225,3,222
112000197,176,169,7
112000198,39,189,-150
112000199,806,785,21
112000202,341,15,326
112000216,83,245,-162
112000230,76,8,68
112000231,4,147,-143
112000256,62,214,-152
112000313,84,78,6
112000314,71,25,46
112000337,240,433,-193
112000352,210,292,-82
112000392,934,1081,-147
112000398,1163,748,415
112000399,1221,1493,-272
112000400,1268,1881,-613
112000401,2230,1616,614
112000402,2470,2625,-155
112000403,1153,2159,-1006
112000404,697,786,-89
112000405,1560,2333,-773
112000406,2597,1744,853
112000407,6133,6696,-563
112000408,6000,4924,1076
112000409,1226,3114,-1888
112000410,352,246,106
112000411,2634,1257,1377
112000412,1119,437,682
112000413,5364,4540,824
112000414,62,79,-17
112000415,90,23,67
112000416,2190,1147,1043
112000417,270,50,220
112000421,47,93,-46
112000422,233,221,12
112000424,1518,2107,-589
112000425,418,616,-198
112000426,98,219,-121
112000427,0,11,-11
112000428,196,283,-87
112000429,1842,1835,7
112000430,2222,2112,110
112000431,71,132,-61
112000432,475,774,-299
112000433,316,646,-330
112000437,46,140,-94
112900001,53,3,50
112900002,423,649,-226
112900003,56,267,-211
112900004,46,202,-156
112900005,159,142,17
112900006,10,242,-232
112900007,25,165,-140
112900008,3,29,-26
112900009,305,68,237
112900010,397,676,-279
112900011,132,178,-46
112900012,2,61,-59
112900013,3,81,-78
112900014,1,120,-119
112900015,281,515,-234
112900016,9,151,-142
112900017,36,129,-93
112900018,2,159,-157
112900019,20,103,-83
112900020,300,667,-367
112900021,6,236,-230
112900022,12,73,-61
112900023,0,119,-119
112900024,21,187,-166
112900025,56,162,-106
112900026,7,131,-124
112900027,3,796,-793
112900028,27,92,-65
112900029,13,337,-324
112900030,99,77,22
112900031,6,294,-288
112900032,129,216,-87
112900034,0,16,-16
112900035,8,246,-238
112900036,26,101,-75
112900037,115,151,-36
112900038,505,119,386
112900039,11,164,-153
112900040,4,275,-271
112900041,400,739,-339
112900042,40,197,-157
112900043,40,35,5
112900044,419,370,49
112900045,273,237,36
112900046,106,49,57
112900047,7,21,-14
112900049,181,53,128
112900050,33,309,-276
112900051,227,349,-122
112900052,5,530,-525
112900053,177,77,100
112900054,138,39,99
112900055,136,29,107
112900056,270,152,118
112900057,29,328,-299
112900058,299,289,10
112900059,99,77,22
112900060,23,87,-64
112900061,81,73,8
112900062,97,72,25
112900063,145,17,128
112900064,114,171,-57
112900065,24,28,-4
112900066,166,133,33
112900067,285,146,139
112900068,25,33,-8
112900069,1212,649,563
112900071,31,8,23
112900072,100,1395,-1295
112900073,270,67,203
112900074,74,246,-172
112900075,915,722,193
112900076,60,34,26
112900078,309,274,35
112900079,194,33,161
112900080,82,5,77
112900081,75,167,-92
112900082,585,29,556
112900083,87,97,-10
112900084,192,115,77
112900086,81,2,79
112900087,489,139,350
112900088,112,18,94
112900089,880,42,838
112900090,22,18,4
112900091,180,3,177
112900092,101,234,-133
112900093,921,22,899
112900095,31,1,30
112900096,366,134,232
112900097,72,169,-97
112900098,90,0,90
112900099,691,9,682
112900100,60,1,59
112900101,319,1,318
112900102,87,9,78
112900103,159,8,151
112900104,112,4,108
112900105,21,0,21
112900106,326,105,221
112900107,11,1,10
112900108,21,1,20
112900109,113,3,110
112900110,1102,16,1086
112900111,672,3,669
112900112,253,0,253
112900113,0,18,-18
112900114,137,22,115
112900115,950,3,947
112900116,147,22,125
112900117,57,76,-19
112900118,23,77,-54
112900119,109,1,108
112900120,637,194,443
112900121,45,154,-109
112900122,7,82,-75
112900123,70,15,55
112900124,11,62,-51
112900125,29,320,-291
112900126,136,188,-52
112900127,329,132,197
112900128,228,483,-255
112900129,1,532,-531
112900130,192,54,138
112900131,30,183,-153
112900132,106,273,-167
112900133,29,758,-729
112900134,0,131,-131
112900135,69,28,41
112900137,1,437,-436
112900138,4,160,-156
112900139,195,911,-716
112900141,647,50,597
112900142,61,86,-25
112900143,29,323,-294
112900144,0,141,-141
112900145,37,356,-319
112900146,5,671,-666
112900147,5,1166,-1161
112900148,34,2,32
112900149,277,431,-154
112900151,12,49,-37
112900152,2802,593,2209
112900153,1367,1932,-565
112900154,1,81,-80
112900155,207,16,191
112900156,269,811,-542
112900157,408,100,308
112900158,64,9,55
112900159,186,101,85
112900160,57,177,-120
112900161,113,40,73
112900162,11,18,-7
112900163,82,32,50
112900164,20,130,-110
112900165,62,19,43
112900166,17,40,-23
112900167,0,45,-45
112900168,5,3,2
112900169,7,12,-5
112900170,136,95,41
112900172,39,13,26
112900173,136,91,45
112900174,169,40,129
112900175,110,137,-27
112900176,16,56,-40
112900177,216,38,178
112900178,563,1598,-1035
112900179,36,318,-282
112900180,1328,1414,-86
112900181,473,15,458
112900182,53,612,-559
112900183,135,198,-63
112900184,370,289,81
112900185,225,514,-289
112900186,874,797,77
112900187,56,479,-423
112900188,512,382,130
112900189,8,3,5
112900190,1,16,-15
112900192,444,572,-128
112900193,954,309,645
112900194,40,36,4
112900195,775,35,740
112900196,189,181,8
112900197,144,251,-107
112900199,594,373,221
112900200,341,161,180
112900201,130,81,49
112900202,350,545,-195
112900203,206,149,57
112900204,774,523,251
112900205,31,7,24
112900206,68,99,-31
112900207,25,2,23
112900208,95,285,-190
112900209,431,272,159
112900210,0,41,-41
112900211,56,16,40
112900212,0,83,-83
112900213,37,15,22
112900214,12,6,6
112900215,11,132,-121
112900216,14,41,-27
112900217,0,60,-60
112900218,70,13,57
112900219,65,6,59
112900220,3,0,3
112900221,33,86,-53
112900222,0,33,-33
112900223,780,23,757
112900224,224,313,-89
112900225,407,252,155
112900226,146,229,-83
112900227,619,759,-140
112900228,39,34,5
112900229,197,29,168
112900230,4417,2972,1445
112900232,175,245,-70
112900233,59,96,-37
112900234,13,30,-17
112900235,91,24,67
112900236,183,11,172
112900237,189,162,27
112900238,1,13,-12
112900239,528,295,233
112900240,6,30,-24
112900241,2,47,-45
112900242,2,65,-63
112900243,2,58,-56
112900244,4,35,-31
112900245,3,11,-8
112900246,0,4,-4
112900247,56,13,43
112900248,12,0,12
112900249,11,6,5
112900250,29,16,13
112900251,41,11,30
112900252,43,9,34
112900253,24,0,24
112900254,4,3,1
112900255,0,14,-14
112900256,3,14,-11
112900257,6,18,-12
112900258,0,0,0
113000001,4714,3272,1442
113000002,2970,3131,-161
113000003,1583,1152,431
113000004,1263,1856,-593
113000005,1458,815,643
113000006,755,1145,-390
113000007,2009,979,1030
113000008,1475,1546,-71
113000009,920,635,285
113000010,864,1118,-254
113000011,516,1126,-610
113000012,1490,418,1072
113000013,1153,620,533
113000014,1266,1359,-93
113000015,497,171,326
113000016,304,902,-598
113000017,28,293,-265
113000018,370,57,313
113000019,115,250,-135
113000020,397,71,326
113000021,1007,454,553
113000022,617,780,-163
113000025,121,391,-270
113000026,319,378,-59
113000027,404,461,-57
113000028,514,359,155
113000029,676,546,130
113000030,338,538,-200
113000031,243,280,-37
113000032,249,272,-23
113000033,231,385,-154
113000034,282,283,-1
113000035,24,32,-8
113000036,27,35,-8
113000037,56,27,29
113000038,11,39,-28
113000039,56,272,-216
113000040,44,88,-44
113000042,534,466,68
113000051,713,1886,-1173
113000052,1490,556,934
113000053,353,259,94
113000054,277,548,-271
113000055,933,527,406
113000056,863,608,255
113000058,695,717,-22
113000059,957,487,470
113000060,206,426,-220
113000061,450,619,-169
113000062,520,221,299
113000063,113,55,58
113000064,33,178,-145
113000065,103,560,-457
113000066,597,71,526
113000067,1744,977,767
113000068,322,799,-477
113000069,407,692,-285
113000070,2069,832,1237
113000071,312,428,-116
113000072,708,337,371
113000073,269,1031,-762
113000074,844,320,524
113000075,1702,626,1076
113000076,520,1562,-1042
113000077,1019,593,426
113000078,706,1852,-1146
113000079,584,739,-155
113000080,497,534,-37
113000081,618,648,-30
113000082,906,630,276
113000083,468,700,-232
113000084,1222,943,279
113000085,587,673,-86
113000086,933,1003,-70
113000087,738,720,18
113000088,1840,1077,763
113000089,824,1275,-451
113000090,203,511,-308
113000091,329,341,-12
113000094,943,171,772
113000095,219,555,-336
113000096,144,583,-439
113000097,888,275,613
113000098,95,23,72
113000099,583,258,325
113000100,111,295,-184
113000101,283,427,-144
113000102,496,443,53
113000103,1591,380,1211
113000104,432,1789,-1357
113000105,550,325,225
113000106,267,299,-32
113000107,742,611,131
113000108,570,794,-224
113000109,534,1341,-807
113000110,1417,365,1052
113000111,166,520,-354
113000112,346,311,35
113000113,1197,340,857
113000114,245,1135,-890
113000116,466,264,202
113000117,512,90,422
113000118,73,359,-286
113000119,242,186,56
113000120,55,213,-158
113000121,390,556,-166
113000124,188,114,74
113000125,39,596,-557
113000127,1947,238,1709
113000128,403,446,-43
113000129,449,547,-98
113000133,1450,1171,279
113000134,4,751,-747
113000135,3343,3614,-271
113000137,1582,2806,-1224
113000139,333,204,129
113000140,103,230,-127
113000141,158,202,-44
113000142,324,780,-456
113000143,211,187,24
113000144,246,564,-318
113000145,54,130,-76
113000146,144,41,103
113000147,162,91,71
113000148,173,127,46
113000149,134,101,33
113000150,431,282,149
113000151,48,40,8
113000152,57,62,-5
113000153,1063,427,636
113000154,728,1198,-470
113000155,277,476,-199
113000156,145,348,-203
113000157,237,728,-491
113000158,600,245,355
113000159,788,659,129
113000160,503,891,-388
113000161,240,311,-71
113000162,680,353,327
113000163,90,70,20
113000164,19,33,-14
113000166,104,100,4
113000167,41,76,-35
113000168,70,121,-51
113000169,215,61,154
113000170,81,88,-7
113000171,36,67,-31
113000172,284,65,219
113000173,42,27,15
113000174,73,409,-336
113000175,375,105,270
113000176,493,145,348
113000177,153,478,-325
113000178,159,219,-60
113000179,254,137,117
113000180,402,861,-459
113000181,942,729,213
113000182,170,285,-115
113000183,122,500,-378
113000184,10,71,-61
113000189,333,627,-294
113000190,606,511,95
113000192,1125,1919,-794
113000193,2774,1523,1251
113000194,982,841,141
113000195,1509,841,668
113000196,127,55,72
113000197,853,894,-41
113000198,55,169,-114
113000199,947,227,720
113000201,213,280,-67
113000202,2467,710,1757
113000203,173,84,89
113000204,919,1695,-776
113000205,10,25,-15
113000206,12,26,-14
113000207,94,7,87
113000208,30,36,-6
113000209,16,21,-5
113000210,6,15,-9
113000211,158,222,-64
113000212,110,19,91
113000213,39,125,-86
113000214,167,207,-40
113000234,156,593,-437
113000410,180,203,-23
113000411,1990,3326,-1336
113000412,5565,2544,3021
113000413,1944,2464,-520
113000414,4672,9931,-5259
113000415,1632,2305,-673
113000416,6124,3304,2820
113000417,1816,2249,-433
113000418,3853,2691,1162
113000419,1288,1556,-268
113000420,3328,4827,-1499
113000421,3294,5340,-2046
113000422,8499,9087,-588
113000423,1712,4519,-2807
113000424,2395,8371,-5976
113000425,7,78,-71
113000428,47,86,-39
113000430,5,142,-137
113000432,1968,154,1814
113000433,63,568,-505
113000434,25,80,-55
113000435,39,297,-258
113000436,49,739,-690
113000437,801,33,768
113000438,326,20,306
113000439,11,84,-73
113000440,95,37,58
113000441,203,165,38
113000442,109,109,0
113000443,212,153,59
113000444,119,134,-15
113000445,158,83,75
113000446,25,49,-24
113000448,160,132,28
113000449,137,665,-528
113000450,349,1233,-884
113000451,877,132,745
113000452,257,308,-51
113000453,82,228,-146
113000454,495,78,417
113000455,25,269,-244
113000456,2609,2342,267
113000468,1136,102,1034
113000469,83,53,30
113000470,300,15,285
113000471,16,324,-308
113000472,106,238,-132
113000474,594,494,100
113000475,1132,1270,-138
113000476,1159,1414,-255
113000477,2797,1597,1200
113000478,3099,4309,-1210
113000479,37,152,-115
113000485,0,0,0
113000486,5,0,5
113000487,0,2,-2
113000488,0,0,0
113000489,0,5,-5
113000490,0,13,-13
113000491,9,4,5
113000492,4,1,3
113000493,7,0,7
113000495,145,133,12
113000496,114,108,6
113000497,0,0,0
113000499,0,0,0
113900001,3,118,-115
113900002,0,36,-36
113900003,0,40,-40
113900004,0,29,-29
113900005,1,34,-33
113900006,1,9,-8
113900007,31,22,9
113900008,11,0,11
113900009,53,0,53
113900010,65,0,65
113900011,54,0,54
113900012,23,0,23
113900013,147,1,146
113900014,438,2,436
113900015,1,39,-38
113900016,51,0,51
113900017,1,36,-35
113900018,241,168,73
113900019,71,46,25
113900020,128,1,127
113900022,22,0,22
113900023,34,0,34
113900024,38,29,9
113900025,183,10,173
113900026,40,0,40
113900027,4,36,-32
113900028,19,363,-344
113900029,43,119,-76
113900030,169,0,169
113900031,11,1,10
113900032,14,1,13
113900033,74,32,42
113900035,55,1,54
113900036,9,63,-54
113900037,138,295,-157
113900038,53,92,-39
113900039,111,21,90
113900040,5,9,-4
113900041,10,3,7
113900042,53,25,28
113900043,134,93,41
113900044,331,243,88
113900045,57,3,54
113900046,183,459,-276
113900047,14,101,-87
113900048,114,89,25
113900049,370,216,154
113900050,158,211,-53
113900051,154,233,-79
113900052,108,132,-24
113900053,572,371,201
113900054,28,1,27
113900055,82,293,-211
113900056,51,201,-150
113900057,11,49,-38
113900058,54,73,-19
113900059,160,239,-79
113900060,56,156,-100
113900061,538,167,371
113900062,71,6,65
113900063,74,80,-6
113900064,25,69,-44
113900065,315,13,302
113900066,218,187,31
113900067,104,125,-21
113900068,438,323,115
113900069,79,28,51
113900070,145,336,-191
113900071,31,45,-14
113900072,63,109,-46
113900073,200,260,-60
113900074,52,178,-126
113900075,1179,853,326
113900076,137,6,131
113900077,27,124,-97
113900078,39,62,-23
113900079,0,21,-21
113900080,387,149,238
113900081,33,92,-59
113900082,98,132,-34
113900083,281,239,42
113900084,212,79,133
113900085,37,183,-146
113900086,32,15,17
113900087,62,75,-13
113900088,55,69,-14
113900089,360,39,321
113900090,501,281,220
113900091,13,11,2
113900092,19,73,-54
113900093,61,521,-460
113900094,349,257,92
113900095,118,90,28
113900096,199,57,142
113900097,30,39,-9
113900098,471,81,390
113900099,1,27,-26
113900100,0,0,0
113900101,6,49,-43
113900102,124,145,-21
113900103,267,252,15
113900104,112,187,-75
113900105,79,126,-47
113900106,0,24,-24
113900107,0,9,-9
113900108,187,209,-22
113900109,263,145,118
113900110,37,27,10
113900111,156,123,33
113900112,103,47,56
113900113,602,392,210
113900114,0,54,-54
113900115,0,57,-57
113900116,72,77,-5
113900117,75,30,45
113900118,175,220,-45
113900119,118,436,-318
113900120,43,39,4
113900121,55,74,-19
113900122,259,1513,-1254
113900123,341,172,169
113900124,0,30,-30
113900125,712,94,618
113900126,79,38,41
113900127,234,575,-341
113900128,114,52,62
113900129,10,130,-120
113900130,1,29,-28
113900131,215,58,157
113900132,51,54,-3
113900133,11,54,-43
113900135,221,258,-37
113900136,76,63,13
113900137,278,240,38
113900138,44,128,-84
113900139,182,124,58
113900140,166,287,-121
113900141,386,201,185
113900142,91,52,39
113900143,16,24,-8
113900144,130,113,17
113900145,319,106,213
113900146,154,38,116
113900148,134,278,-144
113900149,147,69,78
113900150,476,396,80
113900151,293,119,174
113900152,21,31,-10
113900153,217,396,-179
113900154,3,102,-99
113900155,134,134,0
113900156,181,277,-96
113900157,41,230,-189
113900158,244,283,-39
113900159,16,184,-168
113900160,291,360,-69
113900161,39,162,-123
113900162,318,471,-153
113900163,211,230,-19
113900164,211,54,157
113900165,458,334,124
113900166,139,111,28
113900167,219,42,177
113900168,68,62,6
113900169,129,287,-158
113900171,101,56,45
113900172,1,131,-130
113900173,25,409,-384
113900174,388,426,-38
113900175,235,89,146
113900176,270,368,-98
113900177,334,153,181
113900178,152,81,71
113900179,21,332,-311
113900180,123,66,57
113900181,424,101,323
113900182,570,624,-54
113900183,39,58,-19
113900184,4,466,-462
113900185,141,75,66
113900186,28,35,-7
113900187,33,92,-59
113900188,58,74,-16
113900189,178,101,77
113900190,285,90,195
113900191,106,145,-39
113900192,9,301,-292
113900193,22,106,-84
113900194,1180,841,339
113900195,232,307,-75
113900196,6,85,-79
113900197,1,96,-95
113900198,28,163,-135
113900199,121,511,-390
113900200,19,179,-160
113900201,0,109,-109
113900202,26,251,-225
113900203,1,50,-49
113900204,40,371,-331
113900205,6,122,-116
113900206,11,152,-141
113900207,1,50,-49
113900208,0,63,-63
113900209,0,92,-92
113900210,386,612,-226
113900211,133,47,86
113900212,137,311,-174
113900214,348,276,72
113900215,167,104,63
113900216,94,469,-375
113900217,62,142,-80
113900218,127,46,81
113900219,90,306,-216
113900220,151,99,52
113900221,322,146,176
113900222,170,354,-184
113900223,122,455,-333
113900224,56,34,22
113900225,322,190,132
113900226,273,75,198
113900227,291,159,132
113900228,269,458,-189
113900229,43,509,-466
113900230,2559,2601,-42
113900231,110,127,-17
113900232,86,53,33
113900233,87,52,35
113900234,242,272,-30
113900235,112,33,79
113900236,123,212,-89
113900237,121,11,110
113900238,198,442,-244
113900239,30,84,-54
113900240,12,139,-127
113900241,77,41,36
113900242,47,136,-89
113900243,73,287,-214
113900244,234,137,97
113900245,968,162,806
113900246,10,28,-18
113900247,159,429,-270
113900248,1814,1380,434
113900249,478,295,183
113900250,59,127,-68
113900251,475,110,365
113900252,423,14,409
113900253,559,64,495
113900254,720,110,610
113900255,366,17,349
113900256,289,25,264
113900257,24,403,-379
113900258,9,310,-301
113900259,441,120,321
113900260,169,9,160
113900261,23,64,-41
113900262,107,352,-245
113900263,126,474,-348
113900264,5,281,-276
113900265,96,190,-94
113900266,32,122,-90
113900267,68,383,-315
113900268,239,299,-60
113900269,98,113,-15
113900270,205,560,-355
113900271,567,685,-118
113900273,23,11,12
113900274,31,37,-6
113900275,24,57,-33
113900276,1,75,-74
113900277,90,4,86
113900278,218,138,80
113900279,49,36,13
113900280,1121,444,677
113900281,482,1243,-761
113900282,587,555,32
113900283,301,419,-118
113900284,607,242,365
113900285,106,66,40
113900286,19,72,-53
113900287,30,29,1
113900288,4,104,-100
113900289,448,48,400
113900290,220,146,74
113900291,86,123,-37
113900292,4,3,1
113900293,1,165,-164
113900294,384,9,375
113900295,329,314,15
113900296,1354,343,1011
113900297,1551,32,1519
113900298,13,1193,-1180
113900299,122,115,7
113900300,3087,2269,818
113900301,655,266,389
113900302,1656,828,828
113900303,241,324,-83
113900304,1,104,-103
113900305,93,0,93
113900306,38,0,38
113900307,10,0,10
113900308,65,80,-15
113900309,1,695,-694
113900310,0,5,-5
113900311,11,0,11
113900312,183,184,-1
113900313,14,8,6
114000001,754,1751,-997
114000002,278,215,63
114000003,35,121,-86
114000004,292,271,21
114000005,158,193,-35
114000006,1678,1712,-34
114000007,539,727,-188
114000008,939,1326,-387
114000009,511,188,323
114000011,2403,1948,455
114000012,2118,1288,830
114000013,1420,1021,399
114000014,309,155,154
114000015,1518,292,1226
114000016,157,218,-61
114000017,107,183,-76
114000018,123,27,96
114000026,1542,850,692
114000027,2531,1660,871
114000028,2013,2220,-207
114000038,203,117,86
114000039,97,23,74
114000040,103,137,-34
114000042,167,142,25
114000043,44,48,-4
114000044,186,29,157
114000045,36,38,-2
114000046,2373,3717,-1344
114000047,13,51,-38
114000048,55,20,35
114000049,1029,1141,-112
114000050,1188,1557,-369
114000051,2105,1697,408
114000052,2834,1411,1423
114000053,75,474,-399
114000054,171,561,-390
114000055,165,17,148
114000056,607,735,-128
114000057,3589,1689,1900
114000058,318,1100,-782
114000059,146,258,-112
114000060,391,666,-275
114000061,2242,2225,17
114000062,1553,1026,527
114000063,2110,1275,835
114000064,3866,2677,1189
114000065,1284,1800,-516
114000066,337,504,-167
114000067,22,589,-567
114000068,378,484,-106
114000069,574,323,251
114000070,1757,1515,242
114000071,534,341,193
114000072,314,151,163
114000073,11,45,-34
114000074,30,18,12
114000075,52,42,10
114000076,13,68,-55
114000077,16,37,-21
114000078,216,390,-174
114000079,122,27,95
114000080,47,71,-24
114000081,69,70,-1
114000082,32,271,-239
114000083,31,133,-102
114000084,240,57,183
114000085,62,307,-245
114000086,148,218,-70
114000087,74,105,-31
114000088,43,24,19
114000089,484,241,243
114000090,703,610,93
114000091,1000,636,364
114000092,686,372,314
114000093,1005,522,483
114000094,305,238,67
114000095,183,127,56
114000096,109,257,-148
114000097,133,379,-246
114000098,507,72,435
114000099,508,323,185
114000100,1063,514,549
114000101,408,422,-14
114000102,405,230,175
114000103,131,230,-99
114000104,8,146,-138
114000105,65,36,29
114000106,508,648,-140
114000107,253,96,157
114000108,1066,688,378
114000109,451,884,-433
114000110,473,1001,-528
114000111,1350,606,744
114000112,416,1441,-1025
114000113,1132,402,730
114000114,1070,1004,66
114000115,1804,845,959
114000116,585,1214,-629
114000117,2294,350,1944
114000118,2021,342,1679
114000119,1395,406,989
114000120,423,575,-152
114000121,373,597,-224
114000122,356,225,131
114000123,1618,275,1343
114000124,652,200,452
114000125,618,790,-172
114000126,1367,187,1180
114000127,133,118,15
114000128,632,265,367
114000130,376,459,-83
114000131,280,83,197
114000132,395,343,52
114000133,607,848,-241
114000134,55,84,-29
114000138,45,111,-66
114000139,355,240,115
114000144,722,462,260
114000145,55,98,-43
114000146,86,146,-60
114000147,1185,1483,-298
114000148,1462,1404,58
114000149,264,189,75
114000150,466,529,-63
114000151,500,1153,-653
114000152,85,42,43
114000153,478,1431,-953
114000154,482,459,23
114000155,897,1657,-760
114000156,593,420,173
114000157,298,844,-546
114000158,944,563,381
114000159,140,287,-147
114000160,96,305,-209
114000161,1109,2554,-1445
114000162,907,2113,-1206
114000163,13,48,-35
114000165,512,264,248
114000166,535,262,273
114000167,1985,1156,829
114000168,578,517,61
114000169,1159,1045,114
114000170,924,1043,-119
114000171,963,2797,-1834
114000174,155,313,-158
114000176,399,367,32
114000177,1378,650,728
114000178,24,32,-8
114000179,1032,562,470
114000180,372,483,-111
114000181,1256,2868,-1612
114000182,1843,1859,-16
114000183,630,695,-65
114000184,2259,809,1450
114000185,848,570,278
114000189,719,83,636
114000190,2369,321,2048
114000191,27,89,-62
114000192,163,927,-764
114000193,413,1962,-1549
114000194,1123,693,430
114000195,132,11,121
114000196,2,151,-149
114000197,1000,38,962
114000198,639,276,363
114000199,1440,1470,-30
114000200,437,1133,-696
114000201,120,587,-467
114000202,593,325,268
114000203,396,410,-14
114000204,189,367,-178
114000205,103,1038,-935
114000206,420,974,-554
114000207,436,1096,-660
114000208,339,1620,-1281
114000209,414,1436,-1022
114000210,175,776,-601
114000211,701,1069,-368
114000212,508,628,-120
114000213,1103,422,681
114000214,81,162,-81
114000215,234,53,181
114000216,1081,212,869
114000217,376,165,211
114000218,80,168,-88
114000219,1050,146,904
114000220,12,644,-632
114000221,633,115,518
114000222,127,680,-553
114000223,454,142,312
114000224,69,441,-372
114000225,195,411,-216
114000226,154,174,-20
114000227,655,333,322
114000228,678,527,151
114000229,906,881,25
114000230,1223,843,380
114000231,695,925,-230
114000232,568,96,472
114000233,1646,117,1529
114000234,999,755,244
114000235,997,1100,-103
114000236,0,286,-286
114000237,105,538,-433
114000238,119,135,-16
114000239,126,723,-597
114000240,592,655,-63
114000241,231,734,-503
114000242,680,632,48
114000243,1169,711,458
114000244,427,275,152
114000245,300,600,-300
114000246,94,49,45
114000247,382,424,-42
114000248,927,393,534
114000249,422,319,103
114000250,425,529,-104
114000251,273,132,141
114000252,91,20,71
114000253,45,82,-37
114000254,35,43,-8
114000255,416,174,242
114000256,1110,1583,-473
114000257,293,826,-533
114000258,188,281,-93
114000259,49,146,-97
114000260,0,21,-21
114000261,52,22,30
114000262,116,80,36
114000263,5,2,3
114000264,742,259,483
114000265,0,1,-1
114000267,1,1087,-1086
114000268,3,822,-819
114000270,106,0,106
114000271,295,41,254
114000283,1127,310,817
114000285,16,141,-125
114000288,72,259,-187
114000289,973,117,856
114000293,147,321,-174
114000294,175,187,-12
114000395,984,27,957
114000396,444,426,18
114000402,423,196,227
114000403,236,229,7
114000405,116,295,-179
114000423,324,279,45
114000424,344,142,202
114000425,597,201,396
114000426,286,601,-315
114000427,46,46,0
114000428,167,182,-15
114000429,11,112,-101
114000432,76,74,2
114000434,29,59,-30
114000435,0,120,-120
114900001,491,611,-120
114900002,339,67,272
114900003,538,825,-287
114900004,200,340,-140
114900005,457,490,-33
114900006,56,45,11
114900007,225,15,210
114900008,119,69,50
114900010,1298,1545,-247
114900011,182,83,99
114900013,221,88,133
114900015,76,417,-341
114900018,558,32,526
114900020,135,60,75
114900022,60,451,-391
114900024,232,90,142
114900025,340,152,188
114900026,72,101,-29
114900027,139,189,-50
114900029,84,24,60
114900030,275,144,131
114900031,279,26,253
114900032,324,26,298
114900033,536,588,-52
114900034,44,117,-73
114900035,75,225,-150
114900036,166,409,-243
114900037,108,129,-21
114900038,113,348,-235
114900039,342,295,47
114900040,76,68,8
114900041,620,306,314
114900042,635,471,164
114900043,533,162,371
114900044,176,32,144
114900046,38,78,-40
114900047,198,1416,-1218
114900048,91,218,-127
114900049,21,134,-113
114900050,41,273,-232
114900051,33,256,-223
114900052,39,190,-151
114900053,45,220,-175
114900054,30,109,-79
114900057,186,6,180
114900058,0,60,-60
114900059,109,39,70
114900060,698,690,8
114900061,117,75,42
114900062,174,202,-28
114900063,65,104,-39
114900064,1124,275,849
114900065,305,538,-233
114900067,42,317,-275
114900068,47,145,-98
114900069,132,52,80
114900070,438,262,176
114900072,9,245,-236
114900073,0,91,-91
114900074,573,355,218
114900075,208,3,205
114900076,6,195,-189
114900080,1249,256,993
114900082,2363,1644,719
114900083,863,892,-29
114900090,249,134,115
114900091,119,140,-21
114900095,211,108,103
114900096,294,437,-143
114900097,166,3,163
114900098,4,127,-123
114900099,195,5,190
115000001,4274,2825,1449
115000002,3448,3234,214
115000003,3520,2431,1089
115000004,3670,4615,-945
115000005,1217,1682,-465
115000006,866,1298,-432
115000007,141,136,5
115000008,311,421,-110
115000009,171,212,-41
115000010,249,140,109
115000013,63,159,-96
115000015,96,276,-180
115000016,43,178,-135
115000019,23,354,-331
115000020,92,518,-426
115000021,194,359,-165
115000022,418,300,118
115000023,310,494,-184
115000024,736,361,375
115000025,662,540,122
115000026,153,285,-132
115000027,219,215,4
115000028,177,658,-481
115000029,495,74,421
115000030,626,944,-318
115000031,1105,202,903
115000032,9,191,-182
115000033,164,25,139
115000034,70,849,-779
115000035,924,74,850
115000036,2,329,-327
115000037,553,14,539
115000038,50,165,-115
115000039,2710,2807,-97
115000040,3840,2135,1705
115000041,950,2546,-1596
115000042,584,508,76
115000043,3205,1801,1404
115000044,2714,2836,-122
115000045,1840,1226,614
115000046,2022,1803,219
115000047,1938,1055,883
115000048,1313,1653,-340
115000049,1243,2276,-1033
115000050,2569,1189,1380
115000051,1370,2263,-893
115000052,1696,1302,394
115000053,1356,1344,12
115000054,548,897,-349
115000055,152,671,-519
115000056,224,436,-212
115000057,531,1084,-553
115000058,461,310,151
115000059,189,131,58
115000061,147,151,-4
115000062,173,197,-24
115000063,204,199,5
115000064,177,75,102
115000065,38,329,-291
115000067,140,51,89
115000069,68,252,-184
115000070,62,628,-566
115000071,133,28,105
115000072,6,69,-63
115000073,1066,46,1020
115000075,84,51,33
115000076,2225,1898,327
115000077,1631,1536,95
115000078,1079,953,126
115000079,988,1107,-119
115000080,1670,1489,181
115000081,400,656,-256
115000082,3074,2789,285
115000083,1776,1523,253
115000084,1721,842,879
115000085,573,645,-72
115000086,929,604,325
115000087,317,1214,-897
115000088,1533,494,1039
115000089,1232,1001,231
115000090,406,607,-201
115000091,167,658,-491
115000092,536,228,308
115000093,483,3,480
115000094,4517,4274,243
115000095,3228,4408,-1180
115000096,609,959,-350
115000097,737,682,55
115000098,866,557,309
115000099,2056,1871,185
115000100,834,317,517
115000101,373,1025,-652
115000102,421,172,249
115000103,224,489,-265
115000105,72,119,-47
115000106,505,246,259
115000107,145,278,-133
115000108,2141,1709,432
115000109,2875,3242,-367
115000110,1236,1327,-91
115000111,492,1333,-841
115000112,528,607,-79
115000113,453,633,-180
115000114,1253,604,649
115000116,2912,1779,1133
115000117,2665,2610,55
115000118,1502,1463,39
115000119,1328,1956,-628
115000120,418,1136,-718
115000121,1100,751,349
115000122,2772,1188,1584
115000123,1125,1986,-861
115000124,754,763,-9
115000125,378,443,-65
115000126,111,249,-138
115000127,371,90,281
115000128,265,706,-441
115000129,291,220,71
115000130,350,557,-207
115000131,878,222,656
115000132,197,205,-8
115000133,351,182,169
115000134,194,148,46
115000135,178,124,54
115000136,247,178,69
115000137,120,129,-9
115000138,334,227,107
115000139,202,168,34
115000140,367,164,203
115000141,170,198,-28
115000142,174,185,-11
115000143,617,559,58
115000144,517,86,431
115000145,253,263,-10
115000146,367,240,127
115000147,258,341,-83
115000148,272,693,-421
115000149,603,158,445
115000150,568,573,-5
115000151,855,417,438
115000152,495,671,-176
115000153,830,352,478
115000154,636,216,420
115000155,519,674,-155
115000156,916,550,366
115000157,439,628,-189
115000158,436,326,110
115000159,564,469,95
115000160,346,312,34
115000161,145,350,-205
115000162,593,609,-16
115000163,467,585,-118
115000164,502,458,44
115000165,333,492,-159
115000167,138,65,73
115000168,486,278,208
115000169,414,232,182
115000170,102,175,-73
115000171,277,223,54
115000172,795,523,272
115000173,288,372,-84
115000174,66,246,-180
115000175,121,77,44
115000176,94,72,22
115000177,50,84,-34
115000178,7,155,-148
115000179,24,15,9
115000180,112,389,-277
115000181,522,88,434
115000182,726,170,556
115000183,256,610,-354
115000186,613,205,408
115000187,140,492,-352
115000188,320,392,-72
115000189,158,370,-212
115000190,547,306,241
115000191,115,369,-254
115000194,92,126,-34
115000195,214,225,-11
115000196,145,62,83
115000197,162,129,33
115000198,289,123,166
115000199,277,80,197
115000200,329,87,242
115000201,112,204,-92
115000206,244,37,207
115000207,137,186,-49
115000208,237,442,-205
115000209,422,195,227
115000210,112,116,-4
115000211,164,170,-6
115000212,1255,252,1003
115000224,398,42,356
115000225,45,85,-40
115000229,130,105,25
115000230,66,280,-214
115000231,245,1111,-866
115000232,1382,207,1175
115000233,88,114,-26
115000234,24,242,-218
115000241,98,178,-80
115000242,80,171,-91
115000243,37,131,-94
115000244,20,91,-71
115000246,34,15,19
115000247,21,9,12
115000248,26,17,9
115000249,26,15,11
115000250,229,40,189
115000251,222,72,150
115000252,76,109,-33
115000253,19,318,-299
115000258,263,127,136
115000259,251,134,117
115000261,16,29,-13
115000262,11,24,-13
115000263,9,48,-39
115000264,23,68,-45
115000267,48,50,-2
115000268,25,106,-81
115000269,134,48,86
115000270,13,22,-9
115000272,54,120,-66
115000273,289,23,266
115000280,1650,169,1481
115000281,437,552,-115
115000282,569,410,159
115000284,240,145,95
115000296,958,10,948
115000297,108,117,-9
115000298,73,332,-259
115000300,206,149,57
115000302,482,87,395
115000303,525,98,427
115000304,555,42,513
115000305,80,381,-301
115000306,136,194,-58
115000307,65,168,-103
115000308,3,11,-8
115000309,11,55,-44
115000310,798,580,218
115000311,759,824,-65
115000313,91,371,-280
115000314,367,123,244
115000315,737,426,311
115000316,72,97,-25
115000317,129,317,-188
115000318,681,266,415
115000319,37,218,-181
115000320,6,282,-276
115000321,261,13,248
115000322,40,142,-102
115000449,155,157,-2
115000557,1,909,-908
115000558,430,99,331
115000587,388,223,165
115000588,1681,2154,-473
115000589,2783,1936,847
115000590,754,939,-185
115000591,1035,507,528
115000592,460,1332,-872
115000593,1076,371,705
115000594,730,2140,-1410
115000609,147,214,-67
115000617,1158,2268,-1110
115000624,260,30,230
115000633,328,1507,-1179
115000634,2124,665,1459
115000635,518,116,402
115000638,435,547,-112
115000641,60,114,-54
115000642,253,184,69
115000643,123,284,-161
115000644,128,284,-156
115000646,675,1359,-684
115000647,177,364,-187
115000648,1475,1322,153
115000893,2414,1325,1089
115000894,109,846,-737
115000895,353,798,-445
115000896,1197,371,826
115000897,471,121,350
115000898,498,214,284
115000899,340,806,-466
115000900,73,219,-146
115000901,40,91,-51
115000912,343,62,281
115000913,2,20,-18
115000915,15,0,15
115000916,7,0,7
115000917,0,11,-11
115000918,56,249,-193
115000919,13,11,2
115000920,5,47,-42
115000921,369,60,309
115000922,954,731,223
115000923,300,990,-690
115000925,88,62,26
115000927,38,53,-15
115000933,174,216,-42
115000934,144,144,0
115000935,79,81,-2
115000936,15,446,-431
115000937,568,124,444
115000938,145,205,-60
115000939,166,211,-45
115000940,19,20,-1
115000941,9,12,-3
115000942,15,114,-99
115000943,28,18,10
115000944,6,13,-7
115900001,71,20,51
115900002,80,81,-1
115900003,173,93,80
115900004,2,34,-32
115900005,123,9,114
115900006,141,158,-17
115900008,46,7,39
115900009,81,157,-76
115900010,220,95,125
115900011,283,161,122
115900012,132,49,83
115900013,250,82,168
115900014,99,82,17
115900015,81,35,46
115900016,58,14,44
115900017,19,10,9
115900018,122,55,67
115900019,143,11,132
115900020,65,1,64
115900021,801,139,662
115900022,709,10,699
115900023,99,14,85
115900025,26,153,-127
115900026,612,147,465
115900027,1,183,-182
115900028,434,61,373
115900029,17,230,-213
115900030,37,26,11
115900031,325,244,81
115900032,385,580,-195
115900033,1,27,-26
115900034,45,199,-154
115900035,38,17,21
115900036,35,574,-539
115900037,56,251,-195
115900038,27,6,21
115900039,139,137,2
115900041,365,500,-135
115900042,29,8,21
115900043,90,52,38
115900044,156,148,8
115900046,246,147,99
115900047,149,127,22
115900049,92,140,-48
115900051,1,20,-19
115900052,8,128,-120
115900053,189,132,57
115900054,202,28,174
115900055,26,87,-61
115900056,143,138,5
115900057,16,3,13
115900058,30,43,-13
115900060,44,58,-14
115900061,182,0,182
115900062,17,244,-227
115900063,78,12,66
115900064,128,172,-44
115900065,116,62,54
115900066,114,85,29
115900067,7,335,-328
115900068,2000,660,1340
115900069,43,140,-97
115900070,180,95,85
115900071,0,242,-242
115900072,50,138,-88
115900073,71,92,-21
115900074,2,218,-216
115900075,19,156,-137
115900076,5,45,-40
115900077,1,151,-150
115900078,26,83,-57
115900079,141,15,126
115900080,387,161,226
115900081,16,48,-32
115900082,102,101,1
115900084,361,12,349
115900085,36,71,-35
115900086,1031,477,554
115900088,6,65,-59
115900089,291,516,-225
115900090,361,16,345
115900091,7,17,-10
115900092,14,115,-101
115900093,5,8,-3
115900094,2,207,-205
115900096,4,8,-4
115900097,9,238,-229
115900098,124,188,-64
115900099,54,31,23
115900100,11,314,-303
115900101,119,152,-33
115900102,77,67,10
115900103,249,96,153
115900104,48,85,-37
115900105,203,345,-142
115900106,45,15,30
115900107,68,61,7
115900108,85,23,62
115900109,32,207,-175
115900110,4,10,-6
115900111,1,46,-45
115900112,32,513,-481
115900113,35,20,15
115900114,1,81,-80
115900115,57,111,-54
115900116,72,550,-478
115900117,58,20,38
115900118,4,148,-144
115900119,99,96,3
115900120,18,165,-147
115900121,143,99,44
115900124,208,477,-269
115900125,258,39,219
115900126,475,62,413
115900127,548,64,484
115900128,13,78,-65
115900129,580,43,537
115900130,16,225,-209
115900131,221,15,206
115900132,451,9,442
115900134,238,5,233
115900135,377,1102,-725
115900137,26,5,21
115900139,38,67,-29
115900140,177,24,153
115900141,15,58,-43
115900142,7,28,-21
115900143,127,232,-105
115900144,81,150,-69
115900146,9,63,-54
115900147,210,206,4
115900148,55,7,48
115900149,101,10,91
115900150,51,26,25
115900151,12,77,-65
115900152,95,214,-119
115900153,117,120,-3
115900154,316,321,-5
115900155,0,17,-17
115900156,514,543,-29
115900157,126,289,-163
115900158,10,15,-5
115900159,119,137,-18
115900160,11,9,2
115900161,43,120,-77
115900163,145,77,68
115900164,379,11,368
115900166,170,90,80
115900168,73,83,-10
115900171,88,292,-204
115900172,46,67,-21
115900173,200,123,77
115900174,215,180,35
115900175,108,180,-72
115900178,5,357,-352
115900179,227,9,218
115900180,44,86,-42
115900181,139,115,24
115900182,330,111,219
115900183,50,43,7
115900184,1286,13,1273
115900187,12,99,-87
115900189,0,200,-200
115900190,102,1125,-1023
115900191,18,152,-134
115900192,9,98,-89
115900193,65,96,-31
115900194,508,49,459
115900195,484,1614,-1130
115900198,185,204,-19
115900199,97,113,-16
115900200,195,177,18
115900201,505,306,199
115900202,1,68,-67
115900203,10,16,-6
115900204,1,7,-6
115900205,80,27,53
115900206,142,105,37
115900207,33,21,12
115900208,65,69,-4
115900209,2,104,-102
115900210,6,113,-107
115900211,4,114,-110
115900212,127,171,-44
115900213,58,96,-38
115900214,378,110,268
115900215,22,105,-83
115900216,2,81,-79
115900217,1,27,-26
115900218,6,23,-17
115900219,89,4,85
115900220,115,7,108
115900221,86,10,76
115900222,33,22,11
115900223,7,268,-261
115900224,588,811,-223
115900225,40,23,17
115900226,15,24,-9
115900227,4,30,-26
115900228,7,30,-23
115900229,6,58,-52
115900230,56,67,-11
115900231,90,0,90
115900232,50,1,49
115900233,55,15,40
115900234,41,30,11
115900235,14,25,-11
115900236,32,16,16
115900237,13,31,-18
115900238,10,13,-3
115900239,11,18,-7
115900240,3,25,-22
115900241,183,80,103
115900242,171,207,-36
115900243,4,12,-8
115900244,4,6,-2
115900245,29,3,26
115900246,14,22,-8
115900247,32,28,4
115900248,12,3,9
115900249,6,10,-4
115900250,10,12,-2
115900251,3,16,-13
115900252,3,5,-2
115900253,10,11,-1
115900254,6,26,-20
115900255,6,21,-15
115900256,19,18,1
115900257,13,9,4
115900258,0,0,0
115900259,8,4,4
115900260,4,3,1
115900261,3,1,2
115900262,5,0,5
115900263,19,2,17
115900264,5,6,-1
115900265,2,4,-2
115900266,1,4,-3
115900267,8,17,-9
115900268,2,7,-5
115900269,295,185,110
115900270,274,158,116
115900271,112,1,111
115900272,15,4,11
115900273,23,14,9
115900274,0,4,-4
115900275,0,8,-8
115900276,0,8,-8
115900277,1,35,-34
115900278,33,75,-42
115900279,22,135,-113
115900280,15,251,-236
115900281,252,217,35
115900282,11,11,0
115900283,12,22,-10
115900284,17,10,7
116000001,7241,3177,4064
116000002,3948,8087,-4139
116000003,1163,1081,82
116000004,1941,2771,-830
116000005,1900,2369,-469
116000006,2196,1949,247
116000007,1947,2435,-488
116000008,2768,1817,951
116000009,1235,1610,-375
116000010,1993,1234,759
116000011,655,1437,-782
116000012,1223,892,331
116000013,6273,2868,3405
116000014,7571,8029,-458
116000015,170,838,-668
116000016,3791,2166,1625
116000017,16,475,-459
116000018,528,174,354
116000019,472,195,277
116000020,506,539,-33
116000021,262,226,36
116000022,230,209,21
116000023,757,483,274
116000024,534,603,-69
116000025,594,607,-13
116000026,1467,1953,-486
116000027,407,449,-42
116000028,355,494,-139
116000029,361,464,-103
116000030,655,284,371
116000031,123,261,-138
116000032,282,113,169
116000033,230,305,-75
116000034,389,504,-115
116000035,253,478,-225
116000036,1391,964,427
116000037,497,381,116
116000038,374,394,-20
116000039,569,279,290
116000040,547,324,223
116000041,183,295,-112
116000042,467,229,238
116000043,47,511,-464
116000044,13,82,-69
116000045,1374,865,509
116000046,742,1159,-417
116000047,1216,1427,-211
116000048,1211,1237,-26
116000049,912,2487,-1575
116000050,1042,853,189
116000051,4667,2113,2554
116000052,4207,3832,375
116000053,1436,633,803
116000054,565,1921,-1356
116000055,501,681,-180
116000056,744,728,16
116000057,1671,1071,600
116000058,1890,1615,275
116000059,1960,2754,-794
116000060,1562,787,775
116000061,630,782,-152
116000062,520,191,329
116000063,475,835,-360
116000066,209,492,-283
116000067,167,273,-106
116000068,223,247,-24
116000069,223,231,-8
116000078,429,844,-415
116000080,1352,685,667
116000082,8,30,-22
116000083,1388,310,1078
116000084,1609,2870,-1261
116000085,1738,1463,275
116000086,1363,907,456
116000087,1514,1302,212
116000088,619,759,-140
116000089,166,71,95
116000090,96,121,-25
116000091,243,248,-5
116000093,447,209,238
116000094,453,454,-1
116000095,600,347,253
116000096,580,959,-379
116000097,639,480,159
116000098,139,3787,-3648
116000099,3772,187,3585
116000100,194,5,189
116000101,615,544,71
116000102,235,889,-654
116000103,406,203,203
116000104,143,809,-666
116000105,848,144,704
116000106,340,572,-232
116000107,1324,245,1079
116000108,83,136,-53
116000111,131,43,88
116000113,108,112,-4
116000114,52,94,-42
116000115,261,85,176
116000116,194,370,-176
116000117,1129,1457,-328
116000118,1126,767,359
116000119,2568,1551,1017
116000120,2373,2544,-171
116000121,676,412,264
116000122,1055,1122,-67
116000123,843,351,492
116000124,276,589,-313
116000125,2297,611,1686
116000126,198,1104,-906
116000127,725,874,-149
116000128,1334,630,704
116000129,999,187,812
116000130,463,308,155
116000133,776,620,156
116000134,1477,1388,89
116000135,1921,1120,801
116000136,837,1450,-613
116000137,858,509,349
116000138,687,534,153
116000139,1246,1708,-462
116000140,133,157,-24
116000141,253,487,-234
116000142,2394,1969,425
116000143,1463,1178,285
116000144,1115,1482,-367
116000145,1501,918,583
116000146,396,152,244
116000147,217,79,138
116000148,361,420,-59
116000149,455,397,58
116000151,409,421,-12
116000153,73,295,-222
116000155,180,171,9
116000156,266,737,-471
116000157,58,11,47
116000158,284,203,81
116000159,13,3,10
116000160,8,23,-15
116000161,4,57,-53
116000162,40,54,-14
116000163,21,8,13
116000164,5,7,-2
116000177,85,92,-7
116000194,96,289,-193
116000195,1245,492,753
116000196,0,0,0
116000197,0,1,-1
116000198,2025,687,1338
116000200,524,324,200
116000201,393,468,-75
116000202,11,170,-159
116000203,1,74,-73
116000204,5,49,-44
116000205,0,114,-114
116000206,5,96,-91
116000207,6,54,-48
116000233,177,235,-58
116000287,109,265,-156
116000288,168,130,38
116000292,79,107,-28
116000296,19,211,-192
116000297,112,25,87
116000304,103,32,71
116000305,15,53,-38
116000346,0,1,-1
116000352,0,0,0
116000354,0,0,0
116000357,0,0,0
116000358,281,35,246
116000361,222,3,219
116000372,3366,3000,366
116000381,76,1,75
116000388,1,25,-24
116000389,620,383,237
116000445,308,377,-69
116000446,515,412,103
116000447,17,415,-398
116000448,431,166,265
116000563,560,491,69
116000565,32,285,-253
116000568,43,216,-173
116000579,34,79,-45
116000583,20,9,11
116000584,13,3,10
116000585,29,15,14
116000586,30,42,-12
116000587,367,410,-43
116000589,31,24,7
116000590,70,47,23
116000591,215,170,45
116000592,16,69,-53
116000593,0,29,-29
116000594,411,285,126
116000595,422,93,329
116000596,62,1,61
116000597,402,71,331
116000598,11,156,-145
116000605,225,98,127
116000606,76,246,-170
116000607,5,60,-55
116000609,124,645,-521
116000611,121,283,-162
116000612,606,1421,-815
116000613,544,231,313
116000614,287,376,-89
116000615,4,289,-285
116000616,43,33,10
116000617,50,21,29
116000618,0,39,-39
116000619,32,47,-15
116000620,90,77,13
116000621,77,84,-7
116000622,68,112,-44
116000624,135,92,43
116000627,73,37,36
116000628,71,269,-198
116000629,43,214,-171
116000630,444,34,410
116000631,218,45,173
116000632,675,56,619
116000633,151,190,-39
116000634,384,117,267
116000635,2239,1780,459
116000636,705,978,-273
116000637,350,47,303
116000638,129,231,-102
116000640,21,27,-6
116000641,39,118,-79
116000644,16,400,-384
116900001,188,119,69
116900002,180,2,178
116900003,28,27,1
116900004,23,33,-10
116900005,158,50,108
116900006,73,106,-33
116900007,89,128,-39
116900008,306,201,105
116900009,14,4,10
116900010,2,762,-760
116900011,11,25,-14
116900012,123,135,-12
116900013,8,161,-153
116900014,71,143,-72
116900015,262,32,230
116900016,156,0,156
116900017,2,366,-364
116900018,55,45,10
116900019,4,202,-198
116900020,605,669,-64
116900023,34,7,27
116900024,414,41,373
116900025,627,455,172
116900026,102,348,-246
116900027,14,19,-5
116900028,4,54,-50
116900029,0,15,-15
116900031,1,3,-2
116900032,27,180,-153
116900033,10,14,-4
116900034,7,48,-41
116900035,138,102,36
116900036,3,65,-62
116900038,26,2,24
116900041,27,13,14
116900042,418,224,194
116900043,14,29,-15
116900047,16,131,-115
116900049,16,203,-187
116900050,107,284,-177
116900051,126,90,36
116900052,149,60,89
116900055,0,1,-1
116900057,14,156,-142
116900058,18,276,-258
116900059,3,109,-106
116900060,218,140,78
116900062,0,7,-7
116900064,89,385,-296
116900065,40,74,-34
116900067,90,48,42
116900068,114,111,3
116900070,1,3,-2
116900072,35,219,-184
116900073,7,72,-65
116900074,2,29,-27
116900076,8,20,-12
116900077,11,69,-58
116900078,179,59,120
116900079,32,128,-96
116900080,22,17,5
116900081,290,754,-464
116900082,328,634,-306
116900083,41,20,21
116900084,121,55,66
116900085,69,167,-98
116900086,28,111,-83
116900088,243,78,165
116900090,109,35,74
116900091,181,17,164
116900092,97,431,-334
116900093,1203,1371,-168
116900094,2494,2602,-108
116900095,138,98,40
116900096,42,214,-172
116900097,1685,1870,-185
116900098,660,331,329
116900099,525,523,2
116900100,631,23,608
116900101,336,317,19
116900103,6,1,5
116900104,36,43,-7
116900105,156,89,67
116900106,1408,85,1323
116900107,2396,1969,427
116900110,9,0,9
116900111,411,386,25
116900112,197,594,-397
116900113,1108,1192,-84
116900116,89,427,-338
116900117,90,99,-9
116900118,494,664,-170
116900120,281,43,238
116900121,107,14,93
116900122,645,414,231
116900123,148,416,-268
116900124,181,610,-429
116900125,284,126,158
116900126,93,382,-289
116900128,0,31,-31
116900129,0,210,-210
116900130,414,2360,-1946
116900131,51,230,-179
116900132,41,84,-43
116900133,103,102,1
116900134,130,184,-54
116900136,149,124,25
116900137,175,93,82
116900138,120,115,5
116900139,107,363,-256
116900140,131,103,28
116900141,623,401,222
116900142,4,54,-50
116900143,214,338,-124
116900144,14,91,-77
116900145,91,135,-44
116900147,418,335,83
116900148,6,43,-37
116900149,32,199,-167
116900150,13,17,-4
116900151,56,8,48
116900153,81,65,16
116900154,305,396,-91
116900155,45,49,-4
116900157,360,141,219
116900158,113,197,-84
116900159,42,211,-169
116900160,587,727,-140
116900161,3435,4303,-868
116900162,6,85,-79
116900163,141,100,41
116900164,63,55,8
116900165,192,252,-60
116900166,40,47,-7
116900167,296,55,241
116900168,301,53,248
116900169,433,392,41
116900170,244,453,-209
116900171,33,76,-43
116900172,139,246,-107
116900173,122,24,98
116900174,33,45,-12
116900175,145,174,-29
116900178,56,66,-10
116900179,93,310,-217
116900180,82,18,64
116900182,333,175,158
116900183,129,69,60
116900185,51,101,-50
116900186,49,121,-72
116900187,65,49,16
116900188,143,25,118
116900189,87,0,87
116900191,360,452,-92
116900192,219,91,128
116900194,92,1038,-946
116900195,47,27,20
116900196,10,52,-42
116900197,86,11,75
116900198,120,144,-24
116900200,49,8,41
116900201,71,1,70
116900202,93,26,67
116900203,95,1,94
116900204,22,67,-45
116900206,12,15,-3
116900207,26,25,1
116900208,15,79,-64
116900209,37,66,-29
116900210,403,234,169
116900211,135,3,132
116900212,40,31,9
116900213,198,85,113
116900214,169,109,60
116900215,25,54,-29
116900216,180,139,41
116900218,1,165,-164
116900219,1070,265,805
116900220,85,99,-14
116900221,75,190,-115
116900222,316,225,91
116900223,70,203,-133
116900226,66,37,29
116900227,118,59,59
116900228,198,120,78
116900230,60,196,-136
116900231,17,216,-199
116900232,6,259,-253
116900233,157,72,85
116900234,11,0,11
116900235,124,221,-97
116900238,1158,219,939
116900239,14,1082,-1068
116900240,3322,1901,1421
116900241,49,71,-22
116900242,633,408,225
116900243,4,17,-13
116900245,15,2,13
116900246,126,17,109
116900247,534,11,523
116900248,65,40,25
116900249,263,67,196
116900250,276,34,242
116900251,355,290,65
116900252,94,522,-428
116900253,78,46,32
116900254,21,46,-25
116900255,52,38,14
116900256,248,72,176
116900257,13,272,-259
116900258,1,146,-145
116900259,176,9,167
116900260,3,77,-74
116900261,60,4,56
116900262,159,106,53
116900263,0,8,-8
116900264,45,41,4
116900265,23,0,23
116900266,13,16,-3
116900267,2,1,1
116900268,47,33,14
116900269,212,432,-220
116900271,696,126,570
116900272,305,176,129
116900273,103,53,50
116900274,93,46,47
116900275,102,91,11
116900276,333,120,213
116900277,304,26,278
116900278,2,4,-2
116900279,4,18,-14
116900280,21,13,8
116900281,3238,2838,400
116900282,4,42,-38
116900283,8,42,-34
116900284,14,117,-103
116900285,146,107,39
116900286,135,18,117
116900287,8,33,-25
116900288,47,64,-17
116900289,5,9,-4
116900290,6,17,-11
116900291,8,3,5
116900292,0,9,-9
116900293,26,31,-5
116900294,15,119,-104
116900295,68,46,22
116900296,44,50,-6
116900297,3,68,-65
116900298,80,34,46
116900299,18,37,-19
116900300,3,48,-45
116900301,33,88,-55
116900302,47,59,-12
116900303,224,51,173
116900304,1,176,-175
116900305,13,30,-17
116900306,134,94,40
116900307,36,1,35
116900308,1,81,-80
116900309,61,82,-21
117000001,1480,1093,387
117000002,1489,2996,-1507
117000003,4924,2567,2357
117000004,2806,3663,-857
117000005,1651,1390,261
117000006,926,2292,-1366
117000007,2918,959,1959
117000008,826,2432,-1606
117000009,3785,1599,2186
117000010,2047,2674,-627
117000011,1564,1393,171
117000012,893,944,-51
117000013,1638,674,964
117000014,1017,1595,-578
117000015,1901,1112,789
117000016,284,114,170
117000017,218,55,163
117000018,174,458,-284
117000019,82,26,56
117000020,405,975,-570
117000021,1186,503,683
117000022,320,102,218
117000023,219,202,17
117000024,197,175,22
117000025,349,728,-379
117000026,1745,973,772
117000027,1750,3794,-2044
117000028,2525,1422,1103
117000030,407,341,66
117000031,267,183,84
117000032,1223,876,347
117000033,926,472,454
117000034,299,230,69
117000035,259,218,41
117000036,325,239,86
117000037,176,147,29
117000038,174,438,-264
117000039,362,182,180
117000040,211,657,-446
117000041,787,97,690
117000044,18,605,-587
117000045,362,46,316
117000046,342,642,-300
117000047,708,454,254
117000048,1551,719,832
117000049,83,429,-346
117000050,97,1195,-1098
117000051,1952,141,1811
117000052,79,182,-103
117000053,546,67,479
117000054,1415,8,1407
117000055,5,1764,-1759
117000056,592,22,570
117000057,431,1707,-1276
117000060,336,918,-582
117000061,1110,657,453
117000062,273,563,-290
117000063,1403,802,601
117000064,633,681,-48
117000066,702,650,52
117000067,110,422,-312
117000074,98,122,-24
117000076,35,37,-2
117000077,119,114,5
117000078,132,481,-349
117000079,300,201,99
117000080,1,249,-248
117000081,819,97,722
117000082,19,55,-36
117000083,153,6,147
117000084,192,1,191
117000085,179,514,-335
117000086,583,348,235
117000087,75,340,-265
117000088,189,160,29
117000089,1263,212,1051
117000090,207,856,-649
117000091,670,208,462
117000092,284,846,-562
117000093,892,609,283
117000094,1086,2110,-1024
117000095,3016,735,2281
117000096,527,1625,-1098
117000097,1127,876,251
117000098,1854,3145,-1291
117000099,2575,997,1578
117000100,163,252,-89
117000101,181,708,-527
117000102,1336,557,779
117000103,542,1121,-579
117000104,997,524,473
117000105,718,993,-275
117000106,906,653,253
117000107,416,1248,-832
117000108,1359,756,603
117000109,1173,1707,-534
117000110,1178,888,290
117000111,2833,3187,-354
117000112,2617,1426,1191
117000113,115,173,-58
117000114,173,116,57
117000115,92,80,12
117000116,90,169,-79
117000117,1141,730,411
117000118,181,98,83
117000119,165,162,3
117000120,157,473,-316
117000121,76,830,-754
117000122,231,582,-351
117000123,1142,40,1102
117000124,419,54,365
117000125,266,96,170
117000126,63,17,46
117000127,105,146,-41
117000128,357,515,-158
117000129,273,518,-245
117000130,171,49,122
117000131,0,91,-91
117000132,2040,15,2025
117000133,1129,47,1082
117000134,1,39,-38
117000135,5,44,-39
117000136,1,15,-14
117000137,92,132,-40
117000138,7,511,-504
117000140,320,1048,-728
117000141,1271,412,859
117000181,340,190,150
117000182,363,343,20
117000195,114,647,-533
117000196,150,107,43
117000225,120,24,96
117000226,9,104,-95
117000276,219,10,209
117000277,0,235,-235
117000310,1228,1596,-368
117000315,31,454,-423
117000320,80,0,80
117000906,285,14,271
117000907,12,245,-233
117000909,37,28,9
117000910,180,131,49
117000911,85,167,-82
117000915,3,341,-338
117000916,29,5,24
117000917,1019,26,993
117000918,52,44,8
117000919,9,58,-49
117000920,1,818,-817
117000921,0,845,-845
117000922,27,81,-54
117000924,326,597,-271
117000926,657,81,576
117000927,1249,936,313
117000928,0,114,-114
117000929,168,219,-51
117000930,171,7,164
117000931,285,135,150
117900002,80,352,-272
117900003,528,335,193
117900005,3,36,-33
117900006,0,30,-30
117900007,98,71,27
117900008,0,10,-10
117900010,164,62,102
117900011,16,70,-54
117900012,32,53,-21
117900013,0,112,-112
117900014,373,86,287
117900015,4,78,-74
117900016,749,586,163
117900017,365,216,149
117900018,146,78,68
117900019,307,154,153
117900020,54,386,-332
117900021,23,43,-20
117900022,13,3,10
117900023,524,108,416
117900024,61,54,7
117900025,33,4,29
117900026,267,217,50
117900028,42,3,39
117900029,136,435,-299
117900030,499,165,334
117900031,108,72,36
117900032,661,453,208
117900033,187,330,-143
117900034,37,31,6
117900035,136,75,61
117900036,149,236,-87
117900037,103,49,54
117900038,18,254,-236
117900039,4,44,-40
117900040,85,271,-186
117900041,3,34,-31
117900042,2342,220,2122
117900043,31,35,-4
117900044,3,2130,-2127
117900045,244,106,138
117900048,281,205,76
117900049,153,310,-157
117900050,3,46,-43
117900051,16,9,7
117900052,27,242,-215
117900053,1326,420,906
117900054,1,21,-20
117900055,131,134,-3
117900056,190,38,152
117900057,1027,933,94
117900058,97,26,71
117900059,236,73,163
117900060,2074,3468,-1394
117900061,13,176,-163
117900063,257,144,113
117900065,443,875,-432
117900066,2,54,-52
117900067,339,133,206
117900069,477,218,259
117900070,117,27,90
117900071,76,109,-33
117900073,347,192,155
117900074,113,39,74
117900075,96,70,26
117900076,22,65,-43
117900077,311,71,240
117900078,208,628,-420
117900080,87,30,57
117900081,405,253,152
117900082,314,282,32
117900083,240,218,22
117900086,96,27,69
117900087,127,26,101
117900088,2741,1471,1270
117900089,1651,641,1010
117900090,312,270,42
117900091,247,145,102
117900092,72,14,58
117900093,83,29,54
117900094,35,24,11
117900095,237,267,-30
117900096,94,168,-74
117900097,115,42,73
117900098,32,12,20
117900099,150,128,22
117900100,163,1,162
117900101,295,1259,-964
117900102,51,23,28
117900103,38,3,35
117900104,28,94,-66
117900105,112,155,-43
117900106,76,30,46
117900107,32,2,30
117900109,374,264,110
117900110,103,2,101
117900111,243,12,231
117900112,57,11,46
117900113,1769,1130,639
117900114,29,1,28
117900115,206,47,159
117900116,596,552,44
117900117,482,174,308
117900118,50,0,50
117900119,116,136,-20
117900120,127,37,90
117900121,39,15,24
117900122,1025,2478,-1453
117900123,544,306,238
117900124,506,534,-28
117900125,1407,1637,-230
117900126,216,405,-189
117900127,318,326,-8
117900128,281,367,-86
117900129,46,0,46
117900130,504,240,264
117900131,0,88,-88
117900132,11,77,-66
117900133,16,109,-93
117900134,26,144,-118
117900135,18,115,-97
117900136,0,25,-25
117900137,20,170,-150
117900138,0,20,-20
117900139,111,97,14
117900140,2118,161,1957
117900141,141,183,-42
117900142,76,42,34
117900144,48,88,-40
117900145,29,31,-2
117900146,244,140,104
117900147,77,32,45
117900148,1681,1097,584
117900149,119,154,-35
117900150,54,25,29
117900151,29,60,-31
117900152,107,27,80
117900153,16,67,-51
117900154,298,404,-106
117900156,719,588,131
117900157,86,388,-302
117900158,190,73,117
117900160,515,634,-119
117900161,1889,1503,386
117900162,267,317,-50
117900163,45,67,-22
117900165,0,11,-11
117900166,72,473,-401
117900168,7,91,-84
117900169,7,111,-104
117900170,0,14,-14
117900171,7,18,-11
117900172,12,35,-23
117900173,133,68,65
117900174,18,60,-42
117900175,3,12,-9
117900176,14,27,-13
117900177,18,26,-8
117900178,70,23,47
117900180,205,38,167
117900181,57,218,-161
117900182,1,22,-21
117900183,58,105,-47
117900184,13,40,-27
117900185,25,44,-19
117900186,48,25,23
117900187,9,14,-5
117900188,109,66,43
117900189,55,23,32
117900190,17,0,17
117900191,94,0,94
117900192,191,1,190
117900193,25,47,-22
117900194,17,3,14
117900195,9,32,-23
117900196,17,17,0
117900207,126,94,32
117900208,12,18,-6
117900209,174,123,51
117900210,71,152,-81
117900211,4,114,-110
117900212,92,103,-11
117900213,15,15,0
117900214,6,26,-20
117900215,17,31,-14
117900216,25,12,13
117900217,81,291,-210
117900218,101,96,5
117900219,9,115,-106
117900220,75,83,-8
117900222,153,211,-58
117900223,113,209,-96
118000001,603,777,-174
118000002,587,1293,-706
118000003,1813,2562,-749
118000004,2375,2115,260
118000005,3561,4406,-845
118000006,4040,7317,-3277
118000007,3915,2939,976
118000008,3723,3094,629
118000009,1315,2013,-698
118000010,3738,2845,893
118000011,1095,1413,-318
118000012,772,1278,-506
118000013,1742,1724,18
118000014,1501,1774,-273
118000016,165,270,-105
118000017,350,329,21
118000018,296,323,-27
118000019,1859,1168,691
118000020,1160,2711,-1551
118000021,576,2557,-1981
118000022,1450,652,798
118000023,768,216,552
118000024,1210,950,260
118000027,10030,9758,272
118000029,712,570,142
118000032,874,3001,-2127
118000033,2312,4499,-2187
118000034,3962,2112,1850
118000035,1410,2195,-785
118000036,650,964,-314
118000037,653,540,113
118000038,171,76,95
118000039,82,107,-25
118000040,1077,899,178
118000041,1656,913,743
118000045,390,129,261
118000046,1086,541,545
118000047,794,650,144
118000048,2327,1457,870
118000051,1391,1144,247
118000052,850,441,409
118000053,339,412,-73
118000054,1275,1351,-76
118000055,968,1563,-595
118000056,129,311,-182
118000057,178,394,-216
118000058,1992,1381,611
118000059,1316,938,378
118000060,821,394,427
118000061,926,1039,-113
118000062,390,184,206
118000063,246,474,-228
118000064,714,976,-262
118000065,3120,1274,1846
118000066,687,1201,-514
118000067,887,708,179
118000068,1516,3295,-1779
118000069,2342,827,1515
118000070,3941,1590,2351
118000071,2497,4867,-2370
118000072,1406,1059,347
118000073,1835,569,1266
118000074,325,614,-289
118000075,443,226,217
118000076,1141,2104,-963
118000077,1052,1032,20
118000078,1377,1816,-439
118000079,201,334,-133
118000080,939,757,182
118000081,1629,1113,516
118000082,312,970,-658
118000083,1205,1292,-87
118000084,2336,1210,1126
118000086,191,371,-180
118000087,3779,2087,1692
118000088,1503,1375,128
118000089,2657,1571,1086
118000090,1167,1996,-829
118000091,804,1755,-951
118000092,835,452,383
118000093,83,579,-496
118000096,341,465,-124
118000097,717,525,192
118000098,261,143,118
118000099,402,517,-115
118000101,932,305,627
118000102,333,857,-524
118000107,1026,375,651
118000108,538,1323,-785
118000110,1,14,-13
118000111,0,155,-155
118000112,354,5,349
118000113,3,323,-320
118000114,211,6,205
118000115,9,14,-5
118000116,44,0,44
118000117,1043,565,478
118000118,714,817,-103
118000119,758,891,-133
118000120,1320,918,402
118000121,94,664,-570
118000122,1226,279,947
118000123,63,265,-202
118000125,1397,659,738
118000126,570,1149,-579
118000127,1427,562,865
118000128,559,979,-420
118000129,907,610,297
118000130,1618,2294,-676
118000131,658,949,-291
118000132,2156,1620,536
118000133,815,417,398
118000135,414,333,81
118000136,116,306,-190
118000137,475,103,372
118000138,213,394,-181
118000139,372,70,302
118000140,1757,3251,-1494
118000141,1665,1386,279
118000142,1430,1137,293
118000143,1499,865,634
118000144,798,555,243
118000145,1231,1234,-3
118000146,889,518,371
118000147,633,1103,-470
118000148,360,816,-456
118000149,708,668,40
118000150,326,238,88
118000151,360,289,71
118000153,1085,841,244
118000154,1136,1129,7
118000155,983,975,8
118000156,1282,1677,-395
118000157,396,299,97
118000158,163,349,-186
118000159,20,67,-47
118000160,382,249,133
118000161,349,533,-184
118000162,1047,648,399
118000163,669,574,95
118000164,1524,907,617
118000168,559,379,180
118000169,854,913,-59
118000170,2697,3414,-717
118000171,240,495,-255
118000172,105,210,-105
118000173,686,791,-105
118000175,198,272,-74
118000176,213,339,-126
118000177,176,428,-252
118000178,35,29,6
118000179,795,739,56
118000180,604,493,111
118000181,500,192,308
118000182,237,174,63
118000183,206,204,2
118000184,658,490,168
118000185,768,839,-71
118000186,560,845,-285
118000187,948,466,482
118000188,393,100,293
118000189,400,391,9
118000190,10,6,4
118000191,21,14,7
118000192,397,804,-407
118000193,345,460,-115
118000194,998,739,259
118000195,840,851,-11
118000196,249,138,111
118000197,190,105,85
118000198,405,564,-159
118000199,323,280,43
118000200,81,154,-73
118000201,302,345,-43
118000202,40,38,2
118000203,859,493,366
118000204,116,309,-193
118000205,163,267,-104
118000206,167,149,18
118000207,0,41,-41
118000208,1000,1143,-143
118000209,1477,1149,328
118000210,46,26,20
118000211,13,29,-16
118000213,846,1064,-218
118000214,489,437,52
118000215,266,136,130
118000216,1232,1371,-139
118000217,18,72,-54
118000218,46,79,-33
118000219,366,195,171
118000220,5,31,-26
118000221,152,241,-89
118000222,67,3,64
118000223,23,22,1
118000224,142,75,67
118000225,112,389,-277
118000226,688,131,557
118000227,565,348,217
118000228,89,169,-80
118000229,226,46,180
118000230,104,120,-16
118000231,58,158,-100
118000232,509,509,0
118000233,815,529,286
118000234,324,116,208
118000236,260,198,62
118000237,63,206,-143
118000238,183,105,78
118000239,225,195,30
118000240,277,134,143
118000241,129,112,17
118000242,264,364,-100
118000243,193,133,60
118000244,58,90,-32
118000246,0,8,-8
118000255,67,218,-151
118000256,118,198,-80
118000259,6,32,-26
118000260,105,63,42
118000261,30,22,8
118000263,46,126,-80
118000266,75,147,-72
118000267,0,79,-79
118000268,288,3,285
118000270,54,15,39
118000271,160,180,-20
118000272,65,40,25
118000273,117,53,64
118000274,67,135,-68
118000276,402,199,203
118000295,2,76,-74
118000298,79,157,-78
118000299,42,122,-80
118000301,0,45,-45
118000302,55,35,20
118000311,308,66,242
118000312,163,115,48
118000313,36,64,-28
118000314,61,35,26
118000315,19,32,-13
118000316,522,333,189
118000325,33,23,10
118000326,24,30,-6
118000331,8,20,-12
118000332,11,19,-8
118000333,20,42,-22
118000335,260,1,259
118000336,1,164,-163
118000407,103,49,54
118000457,3,22,-19
118000465,2575,2950,-375
118000480,19,70,-51
118000489,77,369,-292
118000490,70,301,-231
118000492,268,128,140
118000510,49,17,32
118000514,127,220,-93
118000515,563,422,141
118000517,231,145,86
118000524,213,169,44
118000525,508,526,-18
118000530,21,46,-25
118000531,279,220,59
118000532,157,189,-32
118000533,230,99,131
118000534,383,338,45
118000535,264,118,146
118000536,417,1019,-602
118000537,7,118,-111
118000538,25,30,-5
118000539,7,77,-70
118000540,190,68,122
118000541,110,29,81
118000542,76,93,-17
118000543,128,127,1
118000546,34,13,21
118000553,0,2,-2
118000557,0,0,0
118000560,1540,1508,32
118000562,21,93,-72
118000563,1080,976,104
118000576,165,136,29
118000577,121,99,22
118000578,129,102,27
118000579,388,843,-455
118000583,0,0,0
118000595,192,85,107
118000596,0,31,-31
118000597,121,93,28
118000598,7,1,6
118000599,47,40,7
118000600,1,1,0
118000601,3,0,3
118000602,1,3,-2
118000603,0,14,-14
118000605,39,175,-136
118900001,364,946,-582
118900002,534,509,25
118900003,300,4,296
118900004,21,38,-17
118900005,52,3,49
118900006,158,5,153
118900007,6,0,6
118900008,1019,40,979
118900009,45,34,11
118900010,52,4,48
118900011,113,26,87
118900012,297,128,169
118900013,277,110,167
118900015,115,33,82
118900016,8,6,2
118900017,173,219,-46
118900018,578,35,543
118900019,27,33,-6
118900020,128,83,45
118900021,138,224,-86
118900022,94,109,-15
118900023,108,62,46
118900024,87,81,6
118900025,48,24,24
118900026,57,45,12
118900027,279,138,141
118900028,174,93,81
118900029,191,219,-28
118900030,253,54,199
118900031,93,62,31
118900032,162,130,32
118900033,296,320,-24
118900034,87,22,65
118900035,113,94,19
118900036,830,488,342
118900037,240,195,45
118900038,303,89,214
118900039,330,112,218
118900040,161,136,25
118900041,354,77,277
118900042,156,73,83
118900045,179,99,80
118900046,688,330,358
118900047,366,185,181
118900048,133,123,10
118900049,50,27,23
118900050,16,70,-54
118900051,117,108,9
118900052,221,170,51
118900053,29,93,-64
118900054,108,47,61
118900055,62,47,15
118900056,54,290,-236
118900057,552,346,206
118900058,329,226,103
118900059,16,72,-56
118900060,45,100,-55
118900062,245,121,124
118900064,398,473,-75
118900065,36,107,-71
118900066,56,63,-7
118900067,2691,2456,235
118900068,7,185,-178
118900069,245,175,70
118900071,4,67,-63
118900072,347,298,49
118900073,73,65,8
118900074,109,112,-3
118900075,35,32,3
118900076,180,66,114
118900077,122,127,-5
118900078,41,3,38
118900079,52,167,-115
118900080,8,73,-65
118900081,55,24,31
118900082,506,148,358
118900083,36,4,32
118900084,9,13,-4
118900085,468,564,-96
118900086,21,48,-27
118900087,17,122,-105
118900088,1,4,-3
118900089,33,22,11
118900090,313,290,23
118900091,129,131,-2
118900092,88,59,29
118900093,103,21,82
118900096,68,85,-17
118900097,209,207,2
118900099,43,115,-72
118900100,117,185,-68
118900101,65,187,-122
118900102,30,75,-45
118900103,35,84,-49
118900104,171,98,73
118900105,184,81,103
118900107,105,76,29
118900108,89,73,16
118900110,1006,592,414
118900111,325,293,32
118900112,58,115,-57
118900113,71,250,-179
118900114,16,61,-45
118900115,59,213,-154
118900116,116,136,-20
118900117,89,142,-53
118900118,176,194,-18
118900119,112,104,8
118900120,55,218,-163
118900121,12,93,-81
118900122,17,599,-582
118900123,90,136,-46
118900124,61,114,-53
118900126,24,269,-245
118900129,139,196,-57
118900130,56,163,-107
118900131,120,127,-7
118900132,200,173,27
118900133,19,83,-64
118900135,190,141,49
118900136,144,384,-240
118900137,4,27,-23
118900139,155,206,-51
118900140,311,402,-91
118900141,79,83,-4
118900144,109,221,-112
118900145,11,61,-50
118900146,264,469,-205
118900147,249,115,134
118900148,78,32,46
118900150,118,412,-294
118900152,430,518,-88
118900157,60,147,-87
118900158,60,42,18
118900159,0,99,-99
118900161,61,14,47
118900163,86,60,26
118900164,0,59,-59
118900165,34,92,-58
118900166,26,4,22
118900167,81,75,6
118900168,9,133,-124
118900169,106,180,-74
118900170,80,70,10
118900171,24,46,-22
118900174,57,46,11
118900175,270,348,-78
118900176,109,217,-108
118900177,33,30,3
118900178,40,108,-68
118900179,5,16,-11
118900181,98,75,23
118900182,58,27,31
118900183,31,101,-70
118900184,162,48,114
118900185,54,63,-9
118900186,79,48,31
118900187,149,181,-32
118900188,235,168,67
118900189,9,529,-520
118900190,13,177,-164
118900191,111,57,54
118900192,137,19,118
118900193,364,0,364
118900195,237,361,-124
118900196,21,78,-57
118900197,93,34,59
118900198,19,8,11
118900199,48,21,27
118900200,19,13,6
118900201,24,17,7
118900202,4,30,-26
118900203,5,12,-7
118900204,9,18,-9
118900205,3,5,-2
118900206,8,17,-9
119000001,1046,1280,-234
119000002,2724,2354,370
119000003,1772,748,1024
119000004,1490,1024,466
119000005,1282,1400,-118
119000006,2168,1160,1008
119000007,2444,2374,70
119000008,1423,1331,92
119000009,2762,3456,-694
119000010,4602,3314,1288
119000011,2981,2264,717
119000012,2285,2629,-344
119000013,2136,1270,866
119000014,1392,2086,-694
119000019,204,112,92
119000020,1603,966,637
119000021,3184,1662,1522
119000022,1410,1597,-187
119000023,266,225,41
119000024,1331,7597,-6266
119000025,4479,1011,3468
119000026,97,382,-285
119000027,216,342,-126
119000028,1391,658,733
119000029,67,284,-217
119000030,491,817,-326
119000031,665,549,116
119000032,1245,1739,-494
119000033,1940,1075,865
119000034,854,704,150
119000035,21,217,-196
119000036,1399,577,822
119000037,955,1085,-130
119000038,127,556,-429
119000039,298,214,84
119000040,665,455,210
119000041,537,1006,-469
119000048,2468,2143,325
119000049,1307,1489,-182
119000050,1216,1497,-281
119000051,1521,789,732
119000052,1388,2076,-688
119000053,1546,908,638
119000054,2482,2312,170
119000055,3363,2368,995
119000056,2013,1460,553
119000057,1399,1247,152
119000058,1550,1212,338
119000059,886,1097,-211
119000060,1154,945,209
119000061,810,564,246
119000062,942,1052,-110
119000063,391,410,-19
119000064,725,777,-52
119000065,1431,2375,-944
119000066,1709,868,841
119000067,1437,1501,-64
119000068,1361,862,499
119000069,1201,1560,-359
119000070,2084,697,1387
119000071,407,460,-53
119000072,3541,2056,1485
119000073,3362,5123,-1761
119000074,972,1520,-548
119000075,1685,1559,126
119000076,266,653,-387
119000077,503,434,69
119000078,310,184,126
119000079,118,498,-380
119000080,363,186,177
119000081,234,356,-122
119000082,579,222,357
119000083,516,284,232
119000084,264,328,-64
119000085,441,175,266
119000086,222,292,-70
119000087,1233,631,602
119000088,335,188,147
119000089,85,146,-61
119000090,146,116,30
119000091,112,350,-238
119000092,369,142,227
119000093,2772,2138,634
119000094,2484,3912,-1428
119000095,1352,2241,-889
119000097,1535,997,538
119000098,727,1991,-1264
119000099,1810,1193,617
119000100,2745,2317,428
119000101,2906,1313,1593
119000102,671,872,-201
119000103,1178,509,669
119000104,1490,835,655
119000105,795,1691,-896
119000106,327,767,-440
119000107,663,338,325
119000108,366,618,-252
119000109,77,362,-285
119000110,254,244,10
119000111,25,458,-433
119000112,108,81,27
119000113,1545,186,1359
119000114,730,498,232
119000115,109,102,7
119000116,48,62,-14
119000117,101,249,-148
119000118,4,0,4
119000123,3064,1892,1172
119000124,467,171,296
119000125,3160,591,2569
119000126,967,569,398
119000127,393,335,58
119000128,11,0,11
119000131,848,451,397
119000132,4,3,1
119000133,0,3,-3
119000134,1431,431,1000
119000135,87,137,-50
119000136,177,122,55
119000137,171,243,-72
119000138,347,163,184
119000139,236,151,85
119000140,215,286,-71
119000284,1081,1916,-835
119000285,1545,1592,-47
119000286,5392,4133,1259
119000287,978,1497,-519
119000288,1392,905,487
119000289,1334,1911,-577
119000290,162,279,-117
119000291,10,206,-196
119000293,100,123,-23
119000294,34,24,10
119000295,929,286,643
119000296,209,93,116
119000302,1813,929,884
119000303,45,120,-75
119000304,0,0,0
119000310,0,0,0
119000314,1128,7649,-6521
119000315,1,308,-307
119000316,89,90,-1
119000317,45,209,-164
119900001,210,866,-656
119900002,108,173,-65
119900003,37,727,-690
119900004,247,840,-593
119900005,146,73,73
119900006,179,308,-129
119900007,1005,185,820
119900008,17,18,-1
119900009,461,493,-32
119900010,493,651,-158
119900011,14,86,-72
119900012,13,55,-42
119900013,1406,885,521
119900014,323,136,187
119900015,74,33,41
119900016,23,57,-34
119900017,38,25,13
119900018,1343,636,707
119900019,21,8,13
119900020,161,262,-101
119900021,101,37,64
119900022,74,468,-394
119900023,299,1218,-919
119900025,144,18,126
119900026,469,105,364
119900027,16,16,0
119900028,154,100,54
119900029,2,4,-2
119900030,357,321,36
119900031,29,307,-278
119900033,1671,221,1450
119900034,281,108,173
119900037,150,16,134
119900038,28,218,-190
119900039,23,6,17
119900040,71,14,57
119900041,80,14,66
119900042,56,115,-59
119900043,49,94,-45
119900044,128,613,-485
119900046,97,43,54
119900047,197,67,130
119900048,98,33,65
119900049,96,9,87
119900050,84,79,5
119900051,840,14,826
119900052,42,21,21
119900053,151,112,39
119900054,104,9,95
119900055,1053,347,706
119900057,190,60,130
119900058,241,5,236
119900059,98,44,54
119900060,179,17,162
119900061,198,3,195
119900062,46,10,36
119900063,16,33,-17
119900065,157,10,147
119900066,4,0,4
119900067,71,15,56
119900068,412,2,410
119900069,117,13,104
119900070,622,8,614
119900071,473,13,460
119900073,1292,510,782
119900074,34,37,-3
119900075,3150,1887,1263
119900076,498,196,302
119900077,735,746,-11
119900078,552,713,-161
119900079,419,135,284
119900080,381,257,124
119900081,329,46,283
119900082,816,65,751
119900083,378,114,264
119900084,484,216,268
119900085,41,59,-18
119900086,410,742,-332
119900087,366,244,122
119900088,38,31,7
119900089,37,349,-312
119900090,121,54,67
119900091,41,570,-529
119900092,45,250,-205
119900093,811,176,635
119900094,26,140,-114
119900095,124,88,36
119900096,37,89,-52
119900097,445,138,307
119900098,24,33,-9
119900099,17,141,-124
119900100,1405,1924,-519
119900101,86,863,-777
119900102,43,138,-95
119900103,35,196,-161
119900104,36,170,-134
119900105,487,1380,-893
119900106,29,118,-89
119900107,215,1728,-1513
119900108,1806,440,1366
119900109,21,120,-99
119900110,559,433,126
119900111,81,211,-130
119900112,1051,435,616
119900113,78,215,-137
119900114,214,620,-406
119900115,251,834,-583
119900116,91,335,-244
119900117,222,422,-200
119900118,49,586,-537
119900119,158,185,-27
119900120,465,347,118
119900121,269,664,-395
119900122,472,286,186
119900123,139,224,-85
119900124,216,581,-365
119900125,54,191,-137
119900126,2360,257,2103
119900127,1614,824,790
119900128,339,513,-174
119900129,184,324,-140
119900130,24,173,-149
119900131,43,168,-125
119900132,5,147,-142
119900133,42,65,-23
119900134,1027,151,876
119900135,1,186,-185
119900136,151,237,-86
119900138,263,388,-125
119900139,8,80,-72
119900140,7,94,-87
119900141,100,522,-422
119900142,5,20,-15
119900143,14,197,-183
119900144,1185,192,993
119900145,77,124,-47
119900146,100,121,-21
119900147,3,85,-82
119900148,149,37,112
119900149,787,2738,-1951
119900150,132,144,-12
119900151,1133,483,650
119900152,96,225,-129
119900153,136,51,85
119900154,11,328,-317
119900155,18,39,-21
119900156,27,4,23
119900157,79,158,-79
119900158,127,83,44
119900159,6,848,-842
119900160,31,86,-55
119900161,128,103,25
119900162,569,687,-118
119900163,106,81,25
119900164,1,0,1
119900165,122,99,23
119900166,68,35,33
119900167,72,56,16
119900168,600,322,278
119900169,59,189,-130
119900170,157,270,-113
119900171,692,237,455
119900172,106,18,88
119900173,11,247,-236
119900174,0,92,-92
119900175,908,455,453
119900177,10,133,-123
119900178,5,93,-88
119900179,85,407,-322
119900180,706,704,2
119900181,54,121,-67
119900182,0,188,-188
119900183,122,506,-384
119900184,1433,473,960
119900185,55,144,-89
119900186,42,612,-570
119900187,10,212,-202
119900188,72,240,-168
119900189,334,345,-11
119900190,68,213,-145
119900191,280,212,68
119900192,22,116,-94
119900193,236,125,111
119900194,15,90,-75
119900195,33,111,-78
119900196,731,307,424
119900197,165,114,51
119900198,95,171,-76
119900199,128,30,98
119900200,434,496,-62
119900201,227,100,127
119900202,62,163,-101
119900203,104,442,-338
119900204,247,206,41
119900205,542,354,188
119900206,160,109,51
119900208,106,91,15
119900209,330,966,-636
119900210,27,12,15
119900211,55,6,49
119900212,181,185,-4
119900213,12,58,-46
119900214,22,70,-48
119900215,20,69,-49
119900216,8,42,-34
119900217,12,46,-34
119900218,13,47,-34
119900219,8,98,-90
119900220,5,69,-64
119900221,18,138,-120
119900222,8,129,-121
119900223,18,44,-26
119900224,18,20,-2
119900225,670,42,628
119900226,456,1410,-954
119900227,838,199,639
119900228,20,136,-116
119900229,275,342,-67
119900230,1031,315,716
119900231,172,127,45
119900232,170,84,86
119900233,25,10,15
119900234,15,46,-31
119900235,15,32,-17
119900236,29,125,-96
119900237,29,289,-260
119900238,1,31,-30
119900240,57,118,-61
119900241,133,177,-44
119900242,745,979,-234
119900244,440,910,-470
119900245,92,117,-25
119900246,247,422,-175
119900247,25,90,-65
119900248,76,149,-73
119900249,172,87,85
119900253,1555,275,1280
119900254,71,484,-413
119900255,57,463,-406
119900256,377,556,-179
119900257,61,6,55
119900258,80,17,63
119900259,21,89,-68
119900260,109,3,106
119900261,252,109,143
119900262,0,127,-127
119900263,842,270,572
119900264,84,115,-31
119900265,289,236,53
119900266,277,152,125
119900267,254,425,-171
119900268,105,96,9
119900269,777,638,139
119900271,15,75,-60
119900272,292,160,132
119900275,108,19,89
119900276,63,2,61
119900277,12,6,6
119900278,120,73,47
119900279,69,180,-111
119900280,527,133,394
119900281,0,180,-180
119900282,44,88,-44
119900283,14,127,-113
119900284,47,128,-81
119900285,3,34,-31
119900286,8,6,2
119900288,4,23,-19
119900289,1,23,-22
119900290,1,24,-23
119900291,10,66,-56
119900292,72,64,8
119900293,26,53,-27
119900294,20,63,-43
119900295,36,24,12
119900296,27,107,-80
119900297,0,19,-19
119900298,5,16,-11
119900299,45,105,-60
119900300,137,83,54
119900301,20,32,-12
119900302,16,24,-8
119900303,153,109,44
119900304,138,24,114
119900305,11,60,-49
119900306,25,0,25
119900307,24,43,-19
119900308,7,20,-13
119900309,31,100,-69
119900310,170,216,-46
119900311,69,88,-19
119900312,75,43,32
119900313,194,183,11
119900314,130,270,-140
119900315,1418,1387,31
119900318,5,18,-13
119900319,43,147,-104
119900320,139,300,-161
119900321,62,3,59
120000001,4260,11084,-6824
120000002,2309,2314,-5
120000003,2803,1360,1443
120000004,2348,1720,628
120000005,3255,1692,1563
120000006,1124,1053,71
120000007,2636,2413,223
120000008,900,1081,-181
120000009,2205,734,1471
120000010,1476,2031,-555
120000011,837,1322,-485
120000012,1305,1985,-680
120000013,2498,2072,426
120000014,519,1147,-628
120000015,1907,1172,735
120000016,3142,1842,1300
120000017,2153,1825,328
120000018,2889,8467,-5578
120000019,934,1148,-214
120000020,2414,2415,-1
120000021,1691,1877,-186
120000022,2533,3421,-888
120000023,970,1370,-400
120000024,1347,2038,-691
120000025,2124,1655,469
120000026,1605,1545,60
120000027,1776,1827,-51
120000028,883,1728,-845
120000029,2678,889,1789
120000030,168,789,-621
120000031,1678,4390,-2712
120000032,5903,3216,2687
120000033,3731,1379,2352
120000034,1437,1155,282
120000035,1518,1348,170
120000036,2244,3790,-1546
120000037,671,1295,-624
120000038,4205,2693,1512
120000039,472,614,-142
120000040,92,303,-211
120000041,1957,1239,718
120000042,1396,1645,-249
120000043,3704,1391,2313
120000044,4220,1264,2956
120000045,4766,879,3887
120000046,2458,2227,231
120000047,771,3726,-2955
120000048,5379,3402,1977
120000049,2707,2508,199
120000050,3134,3103,31
120000051,2438,3270,-832
120000052,6096,1935,4161
120000053,1189,1923,-734
120000054,1199,2757,-1558
120000055,1488,3238,-1750
120000056,3491,2642,849
120000057,2380,982,1398
120000058,4593,1238,3355
120000059,31,1377,-1346
120000061,109,582,-473
120000062,205,276,-71
120000063,1193,1849,-656
120000064,220,800,-580
120000065,403,1058,-655
120000066,230,406,-176
120000067,65,401,-336
120000068,174,640,-466
120000069,473,705,-232
120000070,79,472,-393
120000071,476,118,358
120000072,673,343,330
120000073,739,82,657
120000074,156,102,54
120000075,831,272,559
120000076,1754,341,1413
120000077,1532,597,935
120000078,2800,1072,1728
120000079,257,334,-77
120000080,184,267,-83
120000081,298,152,146
120000082,204,275,-71
120000083,132,645,-513
120000084,257,227,30
120000085,224,253,-29
120000086,242,340,-98
120000087,125,379,-254
120000088,624,846,-222
120000089,921,515,406
120000090,675,406,269
120000091,697,798,-101
120000092,918,492,426
120000093,325,349,-24
120000094,150,519,-369
120000095,787,360,427
120000096,174,498,-324
120000098,794,617,177
120000099,360,598,-238
120000100,648,777,-129
120000101,405,366,39
120000102,431,680,-249
120000103,1250,700,550
120000104,1528,393,1135
120000105,2384,641,1743
120000106,1766,611,1155
120000107,2883,520,2363
120000108,1045,138,907
120000109,925,49,876
120000110,65,749,-684
120000111,96,777,-681
120000112,581,1817,-1236
120000113,509,1432,-923
120000114,866,1786,-920
120000115,312,1427,-1115
120000116,488,1342,-854
120000117,839,1040,-201
120000118,79,20,59
120000119,23,41,-18
120000120,59,68,-9
120000121,38,62,-24
120000122,239,277,-38
120000123,3135,3948,-813
120000124,409,252,157
120000125,395,467,-72
120000126,260,832,-572
120000127,1977,770,1207
120000128,2594,3313,-719
120000129,238,220,18
120000130,592,332,260
120000131,256,551,-295
120000134,271,651,-380
120000135,446,398,48
120000137,187,784,-597
120000138,763,292,471
120000139,216,505,-289
120000140,730,359,371
120000141,260,388,-128
120000142,539,482,57
120000143,0,78,-78
120000144,98,2,96
120000145,341,4,337
120000146,986,795,191
120000149,552,859,-307
120000150,2370,8786,-6416
120000151,379,306,73
120000152,356,116,240
120000153,199,428,-229
120000154,392,354,38
120000155,121,213,-92
120000156,526,874,-348
120000157,799,478,321
120000158,642,599,43
120000159,1557,2129,-572
120000160,2054,1323,731
120000161,1697,1801,-104
120000162,60,235,-175
120000163,548,854,-306
120000164,467,253,214
120000165,436,563,-127
120000166,1240,408,832
120000167,72,85,-13
120000168,8,242,-234
120000169,33,927,-894
120000170,40,626,-586
120000171,16,222,-206
120000172,58,169,-111
120000173,2558,1014,1544
120000174,286,27,259
120000175,247,38,209
120000176,247,42,205
120000177,800,95,705
120000178,57,7,50
120000179,120,20,100
120000180,305,62,243
120000181,65,514,-449
120000182,35,312,-277
120000183,6,185,-179
120000184,174,720,-546
120000186,50,385,-335
120000187,41,265,-224
120000188,125,353,-228
120000190,571,32,539
120000191,452,30,422
120000192,538,23,515
120000193,136,5,131
120000195,27,5,22
120000196,148,28,120
120000197,40,77,-37
120000198,115,67,48
120000199,96,0,96
120000200,95,2,93
120000201,17,14,3
120000202,1,38,-37
120000203,39,139,-100
120000207,0,47,-47
120000208,6,139,-133
120000209,2,36,-34
120000210,44,69,-25
120000211,97,1,96
120000212,163,0,163
120000213,123,192,-69
120000214,1,171,-170
120000215,1,94,-93
120000216,57,12,45
120000217,406,821,-415
120000218,155,573,-418
120000219,3,263,-260
120000220,7,947,-940
120000225,1166,0,1166
120000226,275,7,268
120000227,697,32,665
120000228,6625,2545,4080
120000230,274,9,265
120000231,996,1503,-507
120000233,267,1,266
120000235,194,457,-263
120000236,867,2,865
120000237,0,776,-776
120000238,3,501,-498
120000241,862,2774,-1912
120000412,683,13,670
120000413,201,207,-6
120000414,112,5,107
120000415,5,78,-73
120000416,95,9,86
120000417,7,77,-70
120000418,146,2,144
120000419,6,189,-183
120000420,40,20,20
120000421,7554,4685,2869
120000422,122,962,-840
120000423,3,41,-38
120000424,52,101,-49
120000436,116,508,-392
120000437,131,109,22
120000438,1680,242,1438
120000439,185,392,-207
120000443,210,3,207
120000444,1056,385,671
120000445,1248,822,426
120000446,552,174,378
120000447,205,5,200
120000449,111,4,107
120000450,11,154,-143
120000451,77,114,-37
120000452,159,3,156
120000453,1,208,-207
120000454,54,34,20
120000455,67,29,38
120000456,1620,2741,-1121
120000457,687,401,286
120000458,354,496,-142
120000459,73,43,30
120000665,468,198,270
120000668,82,610,-528
120000669,43,121,-78
120000670,212,837,-625
120000671,1253,392,861
120000672,72,404,-332
120900001,60,103,-43
120900002,270,413,-143
120900003,142,15,127
120900004,10,51,-41
120900005,15,484,-469
120900006,280,155,125
120900007,155,68,87
120900008,199,836,-637
120900009,507,31,476
120900010,287,80,207
120900011,117,153,-36
120900012,213,817,-604
120900013,237,96,141
120900014,29,356,-327
120900015,561,74,487
120900016,675,46,629
120900017,1656,67,1589
120900018,94,259,-165
120900019,476,366,110
120900020,613,1122,-509
120900021,593,230,363
120900022,27,177,-150
120900023,213,35,178
120900024,1382,363,1019
120900025,1277,826,451
120900026,161,137,24
120900027,668,13,655
120900028,284,101,183
120900029,161,381,-220
120900030,928,533,395
120900031,188,96,92
120900032,892,51,841
120900033,791,58,733
120900034,21,1904,-1883
120900035,12,50,-38
120900037,158,7,151
120900038,57,215,-158
120900039,59,38,21
120900040,217,2,215
120900041,118,17,101
120900042,412,26,386
120900043,36,28,8
120900044,8,269,-261
120900045,102,63,39
120900046,338,2,336
120900047,120,73,47
120900048,112,25,87
120900049,381,0,381
120900050,1225,1106,119
120900051,315,77,238
120900052,470,5,465
120900053,263,50,213
120900054,1274,451,823
120900055,370,1,369
120900056,360,10,350
120900057,179,12,167
120900058,382,2,380
120900059,61,0,61
120900060,50,18,32
120900061,195,152,43
120900062,203,2,201
120900063,442,5,437
120900064,456,1,455
120900065,422,1,421
120900066,282,230,52
120900067,127,40,87
120900068,216,0,216
120900069,213,31,182
120900071,14,0,14
120900072,639,4,635
120900073,365,108,257
120900074,658,26,632
120900076,252,0,252
120900077,1843,250,1593
120900078,604,707,-103
120900079,595,96,499
120900080,597,1253,-656
120900081,660,625,35
120900082,328,311,17
120900083,95,5,90
120900084,241,332,-91
120900085,52,116,-64
120900086,79,217,-138
120900087,360,301,59
120900088,133,309,-176
120900089,2126,1962,164
120900090,221,103,118
120900091,563,736,-173
120900092,1063,331,732
120900093,1502,134,1368
120900094,379,131,248
120900095,156,11,145
120900096,37,118,-81
120900097,540,477,63
120900098,225,110,115
120900099,60,40,20
120900100,42,172,-130
120900101,496,197,299
120900102,21,79,-58
120900103,56,190,-134
120900104,33,56,-23
120900105,42,358,-316
120900106,1030,357,673
120900107,205,102,103
120900108,7,425,-418
120900109,59,369,-310
120900110,10,621,-611
120900111,161,237,-76
120900112,7,516,-509
120900113,26,549,-523
120900114,39,120,-81
120900115,147,230,-83
120900116,249,217,32
120900117,5,315,-310
120900118,9,576,-567
120900119,3555,3363,192
120900120,76,348,-272
120900121,78,326,-248
120900122,348,299,49
120900123,3,214,-211
120900124,0,461,-461
120900125,5,391,-386
120900126,1264,736,528
120900127,20,289,-269
120900128,1018,1131,-113
120900129,45,148,-103
120900130,8,246,-238
120900131,53,53,0
120900132,805,161,644
120900133,74,548,-474
120900134,723,300,423
120900135,6,388,-382
120900136,54,67,-13
120900137,169,64,105
120900138,21,171,-150
120900139,2,436,-434
120900140,8,30,-22
120900141,113,152,-39
120900142,22,305,-283
120900143,4,529,-525
120900144,0,70,-70
120900145,93,664,-571
120900146,1,671,-670
120900147,0,321,-321
120900148,100,108,-8
120900149,0,199,-199
120900150,45,370,-325
120900151,2,395,-393
120900152,6,31,-25
120900153,40,42,-2
120900154,1,132,-131
120900155,154,710,-556
120900156,53,195,-142
120900157,69,211,-142
120900158,56,369,-313
120900159,200,363,-163
120900160,19,527,-508
120900161,22,374,-352
120900162,43,544,-501
120900163,61,553,-492
120900164,14,36,-22
120900165,27,168,-141
120900166,70,420,-350
120900167,294,112,182
120900169,70,249,-179
120900170,814,2086,-1272
120900171,788,182,606
120900172,456,855,-399
120900173,0,58,-58
120900174,9,82,-73
120900175,195,80,115
120900176,13,271,-258
120900177,3,800,-797
120900178,2,383,-381
120900179,768,314,454
120900180,59,119,-60
120900181,187,50,137
120900182,18,356,-338
120900183,428,75,353
120900184,226,39,187
120900185,6,151,-145
120900186,0,349,-349
120900187,374,752,-378
120900188,122,3,119
120900189,70,894,-824
120900190,52,8,44
120900191,2,22,-20
120900192,6260,5328,932
120900194,53,52,1
120900195,88,165,-77
120900196,595,14,581
120900197,505,91,414
120900198,192,372,-180
120900199,232,353,-121
120900200,54,120,-66
120900201,346,117,229
120900202,0,106,-106
120900203,20,65,-45
120900204,114,189,-75
120900205,55,38,17
120900206,18,29,-11
120900207,88,919,-831
121000001,517,915,-398
121000002,1748,941,807
121000003,1953,1459,494
121000004,2010,2541,-531
121000005,1386,2108,-722
121000006,2632,1362,1270
121000007,1869,2394,-525
121000008,4086,2516,1570
121000009,3892,4566,-674
121000010,6971,4310,2661
121000011,6370,9551,-3181
121000012,12609,8374,4235
121000013,4010,5889,-1879
121000014,5498,4637,861
121000015,3358,6184,-2826
121000016,3645,2788,857
121000017,1573,2961,-1388
121000018,2148,1417,731
121000019,11862,9493,2369
121000020,9906,12454,-2548
121000021,2139,2133,6
121000022,1709,2315,-606
121000023,2734,1996,738
121000024,3600,3803,-203
121000025,470,1029,-559
121000026,349,143,206
121000027,1456,998,458
121000028,769,399,370
121000029,679,506,173
121000030,501,285,216
121000031,527,500,27
121000032,127,80,47
121000034,420,171,249
121000035,129,102,27
121000036,771,642,129
121000037,434,419,15
121000038,509,798,-289
121000039,190,328,-138
121000041,358,340,18
121000042,262,260,2
121000043,609,450,159
121000044,1103,754,349
121000045,317,192,125
121000046,571,597,-26
121000047,54,72,-18
121000049,1177,442,735
121000050,280,1004,-724
121000051,472,271,201
121000052,330,457,-127
121000053,363,69,294
121000054,29,304,-275
121000055,823,960,-137
121000056,646,803,-157
121000057,351,360,-9
121000058,421,229,192
121000059,2029,1115,914
121000060,584,888,-304
121000061,99,284,-185
121000062,182,308,-126
121000063,746,652,94
121000064,590,694,-104
121000065,488,462,26
121000066,624,406,218
121000067,562,498,64
121000068,614,356,258
121000069,463,616,-153
121000070,1542,925,617
121000071,923,995,-72
121000072,887,511,376
121000073,679,734,-55
121000074,53,140,-87
121000075,40,277,-237
121000076,720,355,365
121000077,110,129,-19
121000078,113,117,-4
121000080,1602,474,1128
121000081,2405,2348,57
121000082,108,219,-111
121000083,210,118,92
121000084,161,138,23
121000085,246,297,-51
121000086,223,514,-291
121000087,58,199,-141
121000088,346,387,-41
121000089,331,289,42
121000090,333,282,51
121000091,1353,818,535
121000092,166,82,84
121000093,169,168,1
121000094,452,522,-70
121000095,290,525,-235
121000096,1995,1834,161
121000097,614,1843,-1229
121000098,523,736,-213
121000099,608,579,29
121000100,752,333,419
121000101,292,227,65
121000102,235,205,30
121000103,188,171,17
121000104,167,82,85
121000105,365,179,186
121000106,296,232,64
121000107,1570,2540,-970
121000109,1023,922,101
121000110,257,614,-357
121000114,2425,1691,734
121000115,785,602,183
121000116,224,758,-534
121000117,693,198,495
121000118,1205,214,991
121000119,237,366,-129
121000120,165,342,-177
121000121,437,914,-477
121000123,1064,607,457
121000127,112,55,57
121000128,794,343,451
121000129,553,434,119
121000130,540,565,-25
121000131,1754,1421,333
121000132,1366,1451,-85
121000135,362,394,-32
121000136,951,918,33
121000137,338,276,62
121000138,654,1320,-666
121000139,406,403,3
121000141,132,70,62
121000142,493,754,-261
121000143,111,29,82
121000144,788,1388,-600
121000145,378,761,-383
121000146,1012,704,308
121000147,702,317,385
121000148,695,760,-65
121000149,1682,1094,588
121000152,311,320,-9
121000153,1399,507,892
121000154,856,416,440
121000155,1096,889,207
121000156,338,731,-393
121000157,736,1240,-504
121000158,326,422,-96
121000159,165,304,-139
121000160,260,296,-36
121000161,210,171,39
121000162,75,131,-56
121000165,1246,1680,-434
121000166,26,397,-371
121000168,315,158,157
121000169,65,161,-96
121000170,235,80,155
121000171,40,122,-82
121000172,504,450,54
121000173,890,870,20
121000174,363,347,16
121000175,829,288,541
121000176,355,269,86
121000177,746,428,318
121000178,101,55,46
121000179,109,49,60
121000181,369,335,34
121000182,69,183,-114
121000183,68,92,-24
121000184,60,64,-4
121000185,39,175,-136
121000186,122,382,-260
121000187,94,96,-2
121000188,106,123,-17
121000192,769,343,426
121000193,534,414,120
121000194,1642,1622,20
121000195,177,768,-591
121000196,575,195,380
121000197,172,434,-262
121000198,141,113,28
121000199,80,233,-153
121000200,330,55,275
121000201,6,129,-123
121000202,766,72,694
121000203,739,1325,-586
121000204,2089,612,1477
121000205,90,167,-77
121000206,156,29,127
121000207,1503,241,1262
121000208,4,143,-139
121000209,332,193,139
121000210,491,303,188
121000211,172,79,93
121000212,395,402,-7
121000213,6014,2045,3969
121000214,616,1791,-1175
121000215,799,636,163
121000216,452,541,-89
121000217,3232,2135,1097
121000218,384,1399,-1015
121000219,1258,379,879
121000220,161,55,106
121000221,91,151,-60
121000222,2010,2052,-42
121000223,523,386,137
121000224,433,199,234
121000225,961,1344,-383
121000226,1982,1104,878
121000227,10,168,-158
121000228,18,405,-387
121000229,269,222,47
121000230,51,1186,-1135
121000231,647,23,624
121000232,312,279,33
121000233,399,279,120
121000234,45,70,-25
121000235,98,118,-20
121000236,16,54,-38
121000237,45,32,13
121000238,3,88,-85
121000239,86,10,76
121000240,9,138,-129
121000241,76,17,59
121000242,99,433,-334
121000243,832,276,556
121000244,13,91,-78
121000245,156,53,103
121000246,1,97,-96
121000247,101,16,85
121000248,1942,645,1297
121000249,119,139,-20
121000250,390,181,209
121000251,16,289,-273
121000252,109,46,63
121000253,289,290,-1
121000254,554,141,413
121000255,146,128,18
121000256,244,105,139
121000257,39,57,-18
121000258,126,66,60
121000259,91,46,45
121000260,82,82,0
121000261,73,63,10
121000262,748,515,233
121000263,470,339,131
121000271,268,1128,-860
121000273,46,7,39
121000274,8,38,-30
121000275,3,14,-11
121000276,0,9,-9
121000278,34,34,0
121000279,21,14,7
121000280,24,23,1
121000289,180,12,168
121000290,921,677,244
121000294,122,90,32
121000297,815,908,-93
121000299,176,365,-189
121000300,636,347,289
121000302,60,995,-935
121000303,341,271,70
121000304,451,49,402
121000305,160,27,133
121000306,84,120,-36
121000308,104,214,-110
121000309,293,315,-22
121000310,64,194,-130
121000311,54,502,-448
121000312,277,160,117
121000313,180,315,-135
121000314,110,115,-5
121000315,52,165,-113
121000530,1164,1026,138
121000531,1174,1201,-27
121000532,5173,5827,-654
121000533,2638,2754,-116
121000918,61,113,-52
121000919,57,73,-16
121000938,197,412,-215
121000939,254,328,-74
121000956,1075,786,289
121000957,7,12,-5
121000958,24,27,-3
121000959,623,457,166
121000960,1018,1215,-197
121000961,269,191,78
121000962,306,527,-221
121000963,0,0,0
121000973,0,154,-154
121000976,19,151,-132
121000979,386,98,288
121000981,508,307,201
121000982,318,125,193
121000983,410,234,176
121000984,24,57,-33
121000985,567,314,253
121000986,211,143,68
121000987,212,508,-296
121000988,661,95,566
121001302,169,82,87
121001308,1,9,-8
121001309,53,45,8
121001313,163,161,2
121001314,1650,2020,-370
121001315,3884,2193,1691
121001326,23,33,-10
121900001,82,130,-48
121900002,57,33,24
121900003,363,10,353
121900004,98,245,-147
121900005,22,6,16
121900006,87,9,78
121900007,1272,1435,-163
121900008,682,408,274
121900009,411,7,404
121900010,197,5,192
121900011,118,166,-48
121900012,5,1,4
121900013,1116,129,987
121900014,712,321,391
121900015,143,147,-4
121900016,6,41,-35
121900017,333,300,33
121900018,273,5,268
121900019,396,156,240
121900020,14,0,14
121900021,764,12,752
121900022,246,191,55
121900023,113,139,-26
121900024,267,68,199
121900025,462,278,184
121900026,277,26,251
121900027,178,69,109
121900028,169,12,157
121900029,48,106,-58
121900030,436,389,47
121900031,745,4499,-3754
121900032,53,63,-10
121900033,128,164,-36
121900034,249,72,177
121900035,1852,1424,428
121900036,63,194,-131
121900037,103,693,-590
121900038,32,82,-50
121900039,282,55,227
121900040,85,57,28
121900041,53,150,-97
121900042,227,131,96
121900043,5,8,-3
121900044,98,62,36
121900046,138,207,-69
121900047,143,44,99
121900048,45,78,-33
121900050,34,38,-4
121900051,146,132,14
121900052,101,26,75
121900053,324,184,140
121900054,314,681,-367
121900055,1,12,-11
121900058,158,84,74
121900059,310,156,154
121900060,105,279,-174
121900061,161,120,41
121900062,106,67,39
121900063,757,314,443
121900064,173,369,-196
121900066,39,19,20
121900067,23,30,-7
121900069,160,96,64
121900070,117,64,53
121900071,329,148,181
121900072,63,124,-61
121900073,168,181,-13
121900074,514,624,-110
121900075,388,348,40
121900076,287,329,-42
121900077,8,16,-8
121900078,49,16,33
121900079,0,1,-1
121900080,538,297,241
121900082,49,82,-33
121900084,10,98,-88
121900085,4,6,-2
121900086,24,19,5
121900087,140,75,65
121900088,1448,2297,-849
121900089,155,184,-29
121900090,32,70,-38
121900091,59,58,1
121900092,57,63,-6
121900093,87,40,47
121900094,12,11,1
121900095,180,111,69
121900096,928,547,381
121900097,341,103,238
121900098,2,2,0
121900099,171,28,143
121900100,178,417,-239
121900101,137,93,44
121900102,6,109,-103
121900103,296,156,140
121900104,1086,269,817
121900105,187,108,79
121900106,6,7,-1
121900107,37,32,5
121900108,1,9,-8
121900109,238,121,117
121900110,352,587,-235
121900111,469,122,347
121900112,131,120,11
121900113,54,237,-183
121900117,96,53,43
121900118,1134,430,704
121900119,160,94,66
121900120,38,776,-738
121900121,352,27,325
121900122,25,43,-18
121900123,142,277,-135
121900124,115,101,14
121900125,1098,625,473
121900127,6,70,-64
121900128,51,52,-1
121900129,417,156,261
121900130,106,182,-76
121900131,164,53,111
121900132,36,45,-9
121900133,92,853,-761
121900134,30,175,-145
121900135,1850,253,1597
121900136,236,202,34
121900137,31,264,-233
121900138,73,118,-45
121900139,338,502,-164
121900140,55,127,-72
121900141,46,21,25
121900142,110,93,17
121900143,9,116,-107
121900144,124,256,-132
121900145,157,150,7
121900146,399,523,-124
121900147,51,151,-100
121900148,160,227,-67
121900149,254,411,-157
121900150,94,138,-44
121900151,61,228,-167
121900152,71,73,-2
121900153,73,523,-450
121900154,5,183,-178
121900155,1,115,-114
121900156,135,97,38
121900157,3,247,-244
121900158,49,77,-28
121900159,1,165,-164
121900160,55,149,-94
121900161,257,270,-13
121900162,74,104,-30
121900163,137,308,-171
121900164,255,132,123
121900165,215,112,103
121900166,187,99,88
121900167,82,73,9
121900168,127,204,-77
121900169,6,131,-125
121900170,2,113,-111
121900171,547,358,189
121900172,438,165,273
121900173,564,166,398
121900174,41,72,-31
121900175,88,132,-44
121900176,392,1007,-615
121900177,114,60,54
121900178,32,22,10
121900179,270,124,146
121900180,2263,2950,-687
121900182,515,232,283
121900183,470,1112,-642
121900184,55,331,-276
121900186,11,189,-178
121900187,24,118,-94
121900188,264,201,63
121900189,36,86,-50
121900190,207,279,-72
121900191,71,175,-104
121900192,268,570,-302
121900193,37,65,-28
121900194,0,88,-88
121900195,38,76,-38
121900196,636,767,-131
121900197,183,908,-725
121900198,946,725,221
121900199,1,17,-16
121900200,62,194,-132
121900201,635,594,41
121900202,94,486,-392
121900203,153,641,-488
121900204,572,787,-215
121900205,27,53,-26
121900206,14,32,-18
121900207,102,30,72
121900208,95,221,-126
121900209,94,41,53
121900210,927,802,125
121900211,305,373,-68
121900212,107,77,30
121900213,175,56,119
121900214,2,323,-321
121900215,36,80,-44
121900216,46,141,-95
121900217,259,117,142
121900218,139,294,-155
121900220,76,9,67
121900221,189,397,-208
121900222,120,118,2
121900223,113,24,89
121900224,78,36,42
121900225,88,80,8
121900226,192,231,-39
121900227,146,341,-195
121900228,125,184,-59
121900230,144,211,-67
121900231,258,1044,-786
121900232,152,298,-146
121900233,130,150,-20
121900234,195,147,48
121900235,334,121,213
121900236,217,85,132
121900237,181,219,-38
121900238,150,211,-61
121900239,161,21,140
121900240,224,93,131
121900241,30,28,2
121900242,50,60,-10
121900245,139,60,79
121900246,1546,160,1386
121900247,138,167,-29
121900248,895,864,31
121900250,200,250,-50
121900251,330,38,292
121900252,374,90,284
121900253,191,829,-638
121900254,418,203,215
121900255,335,61,274
121900258,2414,1611,803
121900259,235,424,-189
121900260,79,90,-11
121900261,144,403,-259
121900262,211,611,-400
121900263,185,179,6
121900264,1210,870,340
121900265,216,173,43
121900266,330,74,256
121900267,73,20,53
121900269,142,487,-345
121900270,18,141,-123
121900271,24,63,-39
121900273,382,1295,-913
121900274,227,167,60
121900277,360,649,-289
121900278,60,639,-579
121900279,99,135,-36
121900280,87,220,-133
121900281,214,341,-127
121900284,31,5,26
121900286,92,61,31
121900287,14,10,4
121900288,2,0,2
121900290,162,236,-74
121900291,286,496,-210
121900292,149,102,47
121900293,805,2034,-1229
121900294,196,3,193
121900295,125,112,13
121900296,27,100,-73
121900298,200,558,-358
121900299,0,8,-8
121900300,65,9,56
121900301,41,3,38
121900302,3,32,-29
121900303,213,254,-41
121900304,2,8,-6
121900305,1,4,-3
121900306,138,1,137
121900307,57,2,55
121900308,11,166,-155
121900309,5,143,-138
121900310,29,291,-262
121900311,437,22,415
121900312,245,20,225
121900313,271,23,248
121900314,5,37,-32
121900315,10,0,10
121900316,1,29,-28
121900317,19,12,7
121900318,1,18,-17
121900319,50,40,10
121900320,31,56,-25
121900321,7,2,5
121900322,1,23,-22
121900323,13,17,-4
121900324,2,43,-41
121900325,8,2,6
121900326,6,8,-2
121900327,8,38,-30
121900328,0,11,-11
121900329,2,115,-113
121900330,0,33,-33
121900331,21,43,-22
121900332,50,11,39
121900333,27,2,25
121900334,47,44,3
122000001,1608,4093,-2485
122000002,2943,1221,1722
122000003,1585,2328,-743
122000004,2294,1291,1003
122000005,1966,1757,209
122000006,1376,859,517
122000007,820,1473,-653
122000008,2688,3861,-1173
122000009,354,393,-39
122000010,1874,2791,-917
122000011,2478,1366,1112
122000012,1203,1383,-180
122000013,1204,819,385
122000014,1324,1066,258
122000015,1240,939,301
122000016,505,797,-292
122000017,1055,841,214
122000018,1237,1075,162
122000019,655,901,-246
122000020,161,198,-37
122000021,204,389,-185
122000022,1074,853,221
122000023,527,1318,-791
122000024,715,1026,-311
122000025,975,1408,-433
122000026,911,950,-39
122000027,456,1502,-1046
122000028,796,401,395
122000029,388,421,-33
122000030,208,123,85
122000031,157,275,-118
122000032,1492,1459,33
122000033,520,1115,-595
122000034,543,496,47
122000035,300,697,-397
122000036,479,438,41
122000037,330,192,138
122000038,265,247,18
122000039,558,336,222
122000040,229,256,-27
122000041,439,505,-66
122000042,277,398,-121
122000043,105,85,20
122000044,146,123,23
122000045,1096,452,644
122000046,693,609,84
122000047,209,208,1
122000048,2652,3290,-638
122000049,3951,2815,1136
122000050,1073,624,449
122000051,272,309,-37
122000052,366,421,-55
122000053,193,808,-615
122000054,2095,1488,607
122000055,1724,2712,-988
122000056,3726,2757,969
122000057,2511,2964,-453
122000058,1875,1232,643
122000059,2211,1683,528
122000060,629,556,73
122000061,381,414,-33
122000062,952,313,639
122000063,883,544,339
122000064,2592,2227,365
122000065,2947,1828,1119
122000066,1023,763,260
122000067,1215,985,230
122000068,925,811,114
122000069,613,481,132
122000070,671,1070,-399
122000071,1131,844,287
122000072,301,344,-43
122000073,331,667,-336
122000074,2550,1221,1329
122000075,630,930,-300
122000076,2052,975,1077
122000077,915,791,124
122000078,1738,2226,-488
122000079,723,1069,-346
122000080,619,314,305
122000081,163,228,-65
122000082,682,711,-29
122000083,1018,1252,-234
122000084,949,666,283
122000085,245,732,-487
122000086,1607,3403,-1796
122000087,290,167,123
122000088,195,245,-50
122000089,3545,1631,1914
122000090,198,319,-121
122000091,186,69,117
122000092,126,18,108
122000093,1499,1502,-3
122000094,3670,1750,1920
122000095,1509,2170,-661
122000096,1281,1155,126
122000098,2273,1807,466
122000099,1308,476,832
122000100,809,413,396
122000101,305,386,-81
122000102,1511,1018,493
122000103,1641,1487,154
122000104,300,137,163
122000105,405,185,220
122000106,395,520,-125
122000107,873,359,514
122000108,378,615,-237
122000109,410,250,160
122000110,413,415,-2
122000111,2376,1098,1278
122000112,920,1036,-116
122000113,599,569,30
122000114,2020,1200,820
122000115,1566,967,599
122000116,366,371,-5
122000117,882,359,523
122000118,417,557,-140
122000119,2102,1600,502
122000120,1259,2673,-1414
122000121,1194,1960,-766
122000122,480,1139,-659
122000123,1198,1360,-162
122000124,614,416,198
122000125,485,591,-106
122000126,415,768,-353
122000127,812,860,-48
122000128,417,522,-105
122000129,443,959,-516
122000130,2176,1065,1111
122000131,929,914,15
122000132,428,392,36
122000133,703,925,-222
122000134,797,618,179
122000135,604,511,93
122000136,553,498,55
122000137,1103,604,499
122000139,1029,2269,-1240
122000140,767,596,171
122000141,2525,723,1802
122000142,213,546,-333
122000143,253,418,-165
122000144,912,941,-29
122000145,794,529,265
122000146,429,1008,-579
122000147,535,470,65
122000148,1362,1594,-232
122000149,1712,1261,451
122000150,938,720,218
122000151,160,296,-136
122000152,291,327,-36
122000153,325,301,24
122000154,215,174,41
122000155,1251,1881,-630
122000156,2026,2200,-174
122000157,1174,1854,-680
122000158,320,551,-231
122000159,591,1299,-708
122000160,2005,1895,110
122000161,733,708,25
122000162,1301,1370,-69
122000163,218,73,145
122000164,20,69,-49
122000165,604,539,65
122000166,757,807,-50
122000167,210,214,-4
122000168,175,489,-314
122000169,307,151,156
122000170,294,186,108
122000171,26,66,-40
122000172,1309,1251,58
122000173,1109,2050,-941
122000174,1768,691,1077
122000175,830,207,623
122000176,299,606,-307
122000177,1130,1263,-133
122000178,2256,1737,519
122000179,1181,2004,-823
122000180,1416,1170,246
122000181,1461,2457,-996
122000182,1542,1302,240
122000183,1652,768,884
122000184,2672,2070,602
122000185,1314,1452,-138
122000186,435,638,-203
122000187,1314,562,752
122000188,336,187,149
122000189,241,288,-47
122000190,847,796,51
122000191,761,610,151
122000192,867,191,676
122000193,281,539,-258
122000194,467,165,302
122000195,150,436,-286
122000196,798,551,247
122000197,347,452,-105
122000198,432,734,-302
122000199,339,271,68
122000200,914,459,455
122000201,1262,1347,-85
122000202,987,1246,-259
122000203,1771,1019,752
122000204,972,1388,-416
122000205,1025,1097,-72
122000206,1726,615,1111
122000207,1486,792,694
122000208,1721,916,805
122000209,1435,302,1133
122000210,1575,1255,320
122000211,1068,860,208
122000212,706,396,310
122000213,845,965,-120
122000214,1657,1309,348
122000215,1666,1421,245
122000217,1383,1197,186
122000218,696,52,644
122000219,970,683,287
122000220,307,510,-203
122000221,60,327,-267
122000222,520,136,384
122000223,968,437,531
122000225,528,237,291
122000226,1301,1378,-77
122000227,196,1731,-1535
122000228,246,284,-38
122000229,25,402,-377
122000230,62,327,-265
122000231,218,582,-364
122000232,485,590,-105
122000233,1,80,-79
122000234,360,72,288
122000235,469,86,383
122000236,919,56,863
122000237,113,69,44
122000238,260,253,7
122000239,498,137,361
122000240,917,532,385
122000241,1240,417,823
122000242,477,89,388
122000243,216,33,183
122000244,43,218,-175
122000245,87,164,-77
122000246,317,122,195
122000247,357,383,-26
122000248,784,1127,-343
122000249,820,626,194
122000250,1546,833,713
122000251,173,363,-190
122000252,357,86,271
122000253,30,182,-152
122000254,218,75,143
122000255,540,1015,-475
122000256,282,618,-336
122000257,150,211,-61
122000258,202,214,-12
122000259,19,290,-271
122000260,6,62,-56
122000261,10,155,-145
122000262,1,61,-60
122000263,270,105,165
122000264,1022,274,748
122000265,1706,671,1035
122000266,3513,598,2915
122000267,70,81,-11
122000268,115,259,-144
122000269,646,244,402
122000270,485,108,377
122000271,224,710,-486
122000272,316,730,-414
122000273,380,335,45
122000274,207,134,73
122000275,55,176,-121
122000276,458,352,106
122000277,942,1276,-334
122000278,1237,532,705
122000279,158,310,-152
122000280,628,346,282
122000281,553,462,91
122000282,203,520,-317
122000283,250,133,117
122000284,182,82,100
122000285,297,100,197
122000286,64,166,-102
122000287,917,1370,-453
122000288,401,275,126
122000291,1499,528,971
122000293,278,185,93
122000294,141,233,-92
122000295,940,157,783
122000296,53,418,-365
122000297,1589,2415,-826
122000299,416,264,152
122000300,484,390,94
122000301,5791,2521,3270
122000302,437,1089,-652
122000303,2281,917,1364
122000304,129,198,-69
122000305,932,155,777
122000306,31,433,-402
122000307,139,107,32
122000309,80,48,32
122000310,27,110,-83
122000311,208,131,77
122000312,132,193,-61
122000313,111,82,29
122000314,118,184,-66
122000315,219,62,157
122000316,647,137,510
122000317,1416,260,1156
122000318,258,609,-351
122000319,175,228,-53
122000320,348,851,-503
122000321,82,125,-43
122000322,1870,1765,105
122000323,1285,1811,-526
122000324,874,1029,-155
122000325,680,1322,-642
122000326,54,59,-5
122000327,375,620,-245
122000328,585,418,167
122000330,1528,629,899
122000332,181,317,-136
122000333,19,84,-65
122000337,758,961,-203
122000338,329,245,84
122000340,267,400,-133
122000342,1012,677,335
122000343,374,669,-295
122000344,47,9,38
122000345,15,17,-2
122000346,265,319,-54
122000348,539,397,142
122000349,56,371,-315
122000351,121,118,3
122000352,324,146,178
122000353,112,89,23
122000355,109,272,-163
122000356,1128,950,178
122000357,59,26,33
122000358,0,22,-22
122000359,0,16,-16
122000360,1,15,-14
122000362,11,56,-45
122000364,132,206,-74
122000365,3,20,-17
122000366,3,6,-3
122000368,423,480,-57
122000370,20,34,-14
122000371,14,0,14
122000372,10,0,10
122000381,98,286,-188
122000382,81,161,-80
122000384,1746,934,812
122000385,38,0,38
122000386,252,766,-514
122000387,345,514,-169
122000388,870,515,355
122000389,141,478,-337
122000390,298,179,119
122000391,244,316,-72
122000392,141,120,21
122000393,39,89,-50
122000394,491,186,305
122000395,113,108,5
122000396,221,84,137
122000397,32,58,-26
122000398,50,55,-5
122000399,142,65,77
122000400,119,451,-332
122000401,127,72,55
122000402,208,116,92
122000403,403,504,-101
122000404,185,178,7
122000408,750,1023,-273
122000503,11,74,-63
122000524,155,115,40
122000544,52,1476,-1424
122000616,282,1,281
122000640,81,105,-24
122000641,96,236,-140
122000642,1018,645,373
122000643,40,120,-80
122000644,106,22,84
122000645,80,148,-68
122000651,1089,826,263
122000664,135,28,107
122000665,975,439,536
122000666,585,990,-405
122000673,31,188,-157
122000674,170,52,118
122000675,1359,502,857
122000686,324,661,-337
122000687,1015,244,771
122000688,187,355,-168
122000689,790,343,447
122000690,1683,377,1306
122000691,589,1049,-460
122000692,901,271,630
122000693,276,954,-678
122000695,231,187,44
122000696,385,191,194
122000698,323,346,-23
122000699,142,45,97
122000701,1259,265,994
122000702,386,827,-441
122000703,165,55,110
122000712,0,0,0
122000717,42,49,-7
122000718,183,588,-405
122000719,154,98,56
122000720,422,172,250
122000724,161,138,23
122900001,23,6,17
122900002,858,4037,-3179
122900003,224,25,199
122900004,743,30,713
122900005,79,45,34
122900006,357,434,-77
122900007,87,66,21
122900008,300,70,230
122900009,505,278,227
122900010,225,105,120
122900012,191,281,-90
122900014,112,169,-57
122900015,1107,604,503
122900016,77,170,-93
122900017,213,560,-347
122900018,167,19,148
122900019,4,80,-76
122900020,188,245,-57
122900021,33,321,-288
122900022,740,792,-52
122900023,348,125,223
122900024,96,82,14
122900025,15,224,-209
122900026,31,206,-175
122900027,40,475,-435
122900028,81,119,-38
122900029,2967,2062,905
122900030,749,433,316
122900031,70,169,-99
122900032,78,231,-153
122900033,193,102,91
122900034,3001,3534,-533
122900035,18,20,-2
122900036,70,109,-39
122900037,279,114,165
122900038,98,1988,-1890
122900039,67,430,-363
122900040,161,318,-157
122900041,221,242,-21
122900042,124,230,-106
122900043,256,170,86
122900044,123,286,-163
122900045,83,122,-39
122900046,101,140,-39
122900047,152,146,6
122900048,51,121,-70
122900049,1092,87,1005
122900051,69,125,-56
122900052,125,147,-22
122900053,21,22,-1
122900055,183,77,106
122900057,175,46,129
122900061,327,101,226
122900062,442,376,66
122900063,136,157,-21
122900064,663,297,366
122900065,380,183,197
122900066,470,291,179
122900067,764,514,250
122900068,21,48,-27
122900069,237,827,-590
122900070,281,40,241
122900071,134,260,-126
122900072,16,301,-285
122900073,20,147,-127
122900074,643,361,282
122900075,0,47,-47
122900076,6,128,-122
122900077,5,98,-93
122900078,179,51,128
122900080,28,40,-12
122900081,153,133,20
122900082,758,111,647
122900083,115,96,19
122900084,4,137,-133
122900086,8,94,-86
122900087,218,334,-116
122900088,45,185,-140
122900089,12,119,-107
122900090,4,268,-264
122900091,209,0,209
122900092,0,97,-97
122900093,1,134,-133
122900094,11,122,-111
122900095,96,13,83
122900096,184,93,91
122900097,25,31,-6
122900098,52,74,-22
122900099,62,18,44
122900100,131,155,-24
122900101,394,188,206
122900102,17,26,-9
122900103,110,6,104
122900104,123,11,112
122900105,9,11,-2
122900106,2,48,-46
122900107,2,127,-125
122900108,4,127,-123
123000001,1188,420,768
123000002,2665,4128,-1463
123000003,2936,3141,-205
123000004,2247,3139,-892
123000005,2059,2426,-367
123000006,1807,1943,-136
123000007,3161,2432,729
123000008,2190,2364,-174
123000009,3651,2357,1294
123000010,2500,2679,-179
123000011,2195,740,1455
123000012,654,1775,-1121
123000013,2854,785,2069
123000014,826,2728,-1902
123000015,2621,941,1680
123000016,2702,3323,-621
123000017,2722,1369,1353
123000018,51,89,-38
123000019,195,104,91
123000020,114,36,78
123000021,60,148,-88
123000022,210,1308,-1098
123000023,1329,1311,18
123000024,1352,539,813
123000025,223,79,144
123000026,31,46,-15
123000027,210,416,-206
123000028,1023,658,365
123000029,904,1037,-133
123000030,179,174,5
123000031,167,156,11
123000032,312,82,230
123000033,239,87,152
123000034,887,669,218
123000035,331,258,73
123000036,257,686,-429
123000037,194,204,-10
123000038,80,205,-125
123000039,290,1134,-844
123000040,606,218,388
123000041,966,940,26
123000042,828,526,302
123000043,2182,7129,-4947
123000044,3522,2026,1496
123000045,4906,2153,2753
123000046,587,1183,-596
123000047,1415,862,553
123000048,47,651,-604
123000049,4646,7040,-2394
123000050,1113,1199,-86
123000051,90,149,-59
123000052,627,2684,-2057
123000053,2052,2729,-677
123000054,1054,1030,24
123000055,1045,1556,-511
123000056,998,1302,-304
123000057,7412,5345,2067
123000058,460,798,-338
123000059,360,413,-53
123000060,579,263,316
123000061,176,530,-354
123000063,580,704,-124
123000064,712,173,539
123000065,3054,2004,1050
123000066,524,404,120
123000067,537,444,93
123000068,1858,1978,-120
123000069,4587,2463,2124
123000070,186,471,-285
123000071,891,747,144
123000072,926,561,365
123000073,980,576,404
123000074,849,901,-52
123000075,257,896,-639
123000076,588,437,151
123000077,1797,1821,-24
123000078,1371,1393,-22
123000079,1314,1472,-158
123000080,1880,1216,664
123000081,160,312,-152
123000082,273,663,-390
123000083,692,216,476
123000084,584,479,105
123000085,232,70,162
123000086,415,121,294
123000087,236,172,64
123000088,854,512,342
123000089,466,873,-407
123000090,974,724,250
123000091,1342,1117,225
123000092,960,997,-37
123000094,443,169,274
123000095,375,466,-91
123000096,514,325,189
123000097,385,408,-23
123000098,709,398,311
123000099,443,543,-100
123000100,386,505,-119
123000101,450,540,-90
123000102,424,494,-70
123000104,286,363,-77
123000105,452,358,94
123000106,371,373,-2
123000107,328,409,-81
123000108,568,905,-337
123000111,638,252,386
123000112,910,399,511
123000113,480,792,-312
123000114,359,462,-103
123000115,174,224,-50
123000116,47,71,-24
123000117,1211,1130,81
123000118,323,538,-215
123000119,237,553,-316
123000120,269,554,-285
123000121,470,565,-95
123000122,343,275,68
123000123,421,489,-68
123000124,497,459,38
123000125,868,993,-125
123000126,1005,3021,-2016
123000127,616,514,102
123000128,206,262,-56
123000129,569,157,412
123000130,488,74,414
123000131,688,546,142
123000132,313,479,-166
123000133,171,287,-116
123000134,284,101,183
123000135,1777,884,893
123000136,164,518,-354
123000137,88,206,-118
123000138,66,300,-234
123000139,436,79,357
123000140,82,567,-485
123000141,616,96,520
123000142,913,770,143
123000143,965,1531,-566
123000144,14,12,2
123000145,150,82,68
123000146,23,93,-70
123000147,78,104,-26
123000149,272,297,-25
123000150,139,150,-11
123000151,251,438,-187
123000152,45,273,-228
123000153,106,544,-438
123000154,1249,1462,-213
123000155,1601,834,767
123000156,31,71,-40
123000157,507,601,-94
123000158,475,623,-148
123000159,2252,1970,282
123000160,716,604,112
123000161,1385,847,538
123000162,740,1315,-575
123000163,360,98,262
123000164,1236,284,952
123000165,384,1048,-664
123000166,51,123,-72
123000167,130,226,-96
123000168,219,141,78
123000169,578,168,410
123000170,64,103,-39
123000171,521,21,500
123000172,142,339,-197
123000173,425,202,223
123000174,758,402,356
123000175,454,920,-466
123000176,654,183,471
123000177,177,580,-403
123000178,616,147,469
123000179,59,416,-357
123000180,1223,249,974
123000181,265,859,-594
123000182,125,185,-60
123000183,124,439,-315
123000184,78,321,-243
123000185,521,236,285
123000186,4,395,-391
123000187,509,6,503
123000188,160,0,160
123000189,153,99,54
123000190,34,60,-26
123000192,18,321,-303
123000193,85,663,-578
123000194,352,231,121
123000195,233,43,190
123000196,366,53,313
123000197,73,112,-39
123000198,41,686,-645
123000199,12,517,-505
123000200,488,3,485
123000201,970,26,944
123000202,14,632,-618
123000203,843,64,779
123000204,87,730,-643
123000205,393,1085,-692
123000206,1843,252,1591
123000207,89,514,-425
123000208,461,175,286
123000209,1854,626,1228
123000210,415,1459,-1044
123000211,435,1707,-1272
123000212,2477,480,1997
123000213,640,93,547
123000215,97,191,-94
123000216,153,502,-349
123000217,147,30,117
123000218,43,471,-428
123000219,494,42,452
123000220,412,65,347
123000221,158,79,79
123000222,261,219,42
123000223,240,171,69
123000224,324,317,7
123000225,196,49,147
123000226,49,224,-175
123000227,67,175,-108
123000228,187,51,136
123000229,780,1066,-286
123000232,90,428,-338
123000233,498,100,398
123000234,80,475,-395
123000235,800,209,591
123000236,209,444,-235
123000237,256,51,205
123000238,54,311,-257
123000239,375,852,-477
123000240,44,295,-251
123000241,391,63,328
123000242,97,134,-37
123000243,685,740,-55
123000244,789,629,160
123000245,38,129,-91
123000249,229,440,-211
123000252,610,168,442
123000253,941,479,462
123000254,520,631,-111
123000255,933,788,145
123000256,39,177,-138
123000257,1808,1324,484
123000258,756,533,223
123000259,331,340,-9
123000260,364,327,37
123000261,169,91,78
123000262,99,134,-35
123000263,389,77,312
123000264,239,77,162
123000265,30,109,-79
123000266,432,523,-91
123000267,457,279,178
123000268,31,50,-19
123000269,37,73,-36
123000270,26,67,-41
123000271,71,44,27
123000272,611,251,360
123000273,215,488,-273
123000274,1085,495,590
123000275,293,512,-219
123000278,1765,1779,-14
123000279,78,70,8
123000280,231,251,-20
123000281,247,69,178
123000282,103,237,-134
123000283,104,59,45
123000284,63,58,5
123000286,169,270,-101
123000287,395,229,166
123000288,1173,616,557
123000289,313,728,-415
123000291,189,663,-474
123000294,206,281,-75
123000295,852,707,145
123000296,523,335,188
123000297,657,419,238
123000298,579,303,276
123000299,70,156,-86
123000300,723,693,30
123000301,83,221,-138
123000302,76,113,-37
123000303,62,129,-67
123000305,683,773,-90
123000306,106,75,31
123000309,62,57,5
123000310,41,37,4
123000311,0,54,-54
123000312,385,441,-56
123000313,376,243,133
123000315,99,203,-104
123000316,641,175,466
123000317,207,69,138
123000318,50,158,-108
123000329,17,16,1
123000337,1362,480,882
123000338,284,62,222
123000339,195,113,82
123000340,91,239,-148
123000342,11,63,-52
123000343,42,8,34
123000344,851,283,568
123000345,231,359,-128
123000346,314,36,278
123000352,927,635,292
123000353,26,117,-91
123000354,198,2,196
123000355,0,241,-241
123000356,292,2,290
123000357,1,60,-59
123000359,4,78,-74
123000360,140,50,90
123000361,112,233,-121
123000362,282,95,187
123000363,67,104,-37
123000364,379,359,20
123000365,7,234,-227
123000366,288,1455,-1167
123000367,250,643,-393
123000370,12,156,-144
123000371,216,10,206
123000372,214,10,204
123000373,4,178,-174
123000374,5,87,-82
123000375,290,17,273
123000376,716,537,179
123000377,225,13,212
123000378,9,154,-145
123000379,1,85,-84
123000380,50,285,-235
123000381,126,76,50
123000382,741,72,669
123000383,77,903,-826
123000384,398,85,313
123000385,95,445,-350
123000436,35,674,-639
123000507,110,275,-165
123000508,172,728,-556
123000517,274,23,251
123000518,25,204,-179
123000519,131,50,81
123000520,32,198,-166
123000521,283,62,221
123000522,127,267,-140
123000541,3,1,2
123000542,0,10,-10
123000565,722,21,701
123000566,239,320,-81
123000567,72,140,-68
123000573,30,452,-422
123000574,450,48,402
123000575,1049,742,307
123000576,588,916,-328
123000577,43,454,-411
123000578,426,59,367
123000579,1940,4115,-2175
123000580,117,31,86
123000582,286,22,264
123000583,14,262,-248
123000584,135,249,-114
123000585,0,77,-77
123000586,53,0,53
123000596,68,66,2
123000597,37,118,-81
123000602,19,7,12
123000603,547,406,141
123000604,340,446,-106
123000605,608,88,520
123000606,1,263,-262
123000609,13,215,-202
123000610,166,75,91
123000613,36,144,-108
123000614,180,36,144
123000615,38,111,-73
123000616,427,35,392
123000617,76,168,-92
123000618,65,437,-372
123000619,407,65,342
123000620,9,250,-241
123000622,353,10,343
123000624,141,48,93
123000630,922,282,640
123000631,189,880,-691
123000632,617,518,99
123000633,0,140,-140
123000634,56,105,-49
123000635,65,72,-7
123000636,36,374,-338
123000637,158,19,139
123000638,359,26,333
123000639,683,2987,-2304
123000640,30,414,-384
123000648,284,100,184
123000649,39,283,-244
123900001,846,34,812
123900002,22,967,-945
123900003,161,262,-101
123900005,144,143,1
123900006,263,31,232
124000001,1636,109,1527
124000002,84,1136,-1052
124000003,716,137,579
124000004,63,363,-300
124000005,857,367,490
124000006,146,723,-577
124000007,377,101,276
124000008,12,400,-388
124000009,524,150,374
124000010,164,380,-216
124000011,740,199,541
124000012,280,398,-118
124000017,135,92,43
124000018,131,53,78
124000019,136,112,24
124000020,55,122,-67
124000021,108,69,39
124000022,65,130,-65
124000023,1117,1230,-113
124000024,794,411,383
124000025,926,1360,-434
124000026,841,809,32
124000027,3766,3946,-180
124000028,1580,3652,-2072
124000030,2136,1151,985
124000031,1304,2328,-1024
124000032,1832,671,1161
124000033,817,436,381
124000034,545,711,-166
124000035,342,136,206
124000036,81,400,-319
124000037,276,1048,-772
124000038,33,78,-45
124000039,695,488,207
124000040,477,1081,-604
124000041,283,42,241
124000042,50,287,-237
124000043,84,78,6
124000044,64,124,-60
124000045,672,441,231
124000046,200,461,-261
124000047,1286,521,765
124000048,737,742,-5
124000049,1294,442,852
124000050,625,1172,-547
124000051,799,441,358
124000052,545,594,-49
124000053,474,1202,-728
124000054,782,342,440
124000055,1115,1894,-779
124000056,1483,1107,376
124000057,809,442,367
124000058,397,798,-401
124000059,528,979,-451
124000060,822,454,368
124000061,1080,4548,-3468
124000062,4146,1648,2498
124000063,981,1508,-527
124000064,1446,1100,346
124000065,97,308,-211
124000066,232,93,139
124000067,146,100,46
124000068,53,117,-64
124000069,651,115,536
124000070,204,326,-122
124000071,197,95,102
124000072,176,304,-128
124000073,737,161,576
124000074,188,435,-247
124000075,187,26,161
124000076,5,102,-97
124000077,1251,617,634
124000078,2017,1241,776
124000079,260,1091,-831
124000080,399,151,248
124000081,141,401,-260
124000082,55,152,-97
124000083,89,89,0
124000084,72,390,-318
124000085,113,58,55
124000086,48,99,-51
124000087,96,99,-3
124000088,56,248,-192
124000089,712,238,474
124000090,137,262,-125
124000091,413,112,301
124000092,78,413,-335
124000093,71,79,-8
124000094,83,328,-245
124000095,81,61,20
124000096,104,196,-92
124000097,72,106,-34
124000098,31,88,-57
124000099,192,89,103
124000100,49,99,-50
124000101,64,82,-18
124000102,83,43,40
124000103,73,73,0
124000104,84,25,59
124000105,60,73,-13
124000106,131,26,105
124000107,15,154,-139
124000108,56,23,33
124000109,108,68,40
124000110,172,84,88
124000111,180,124,56
124000112,487,488,-1
124000113,85,77,8
124000114,229,333,-104
124000115,307,504,-197
124000116,103,124,-21
124000117,62,79,-17
124000118,53,71,-18
124000119,621,396,225
124000120,437,297,140
124000121,1533,755,778
124000122,462,1078,-616
124000123,805,488,317
124000124,304,780,-476
124000125,369,439,-70
124000126,180,430,-250
124000127,675,256,419
124000128,466,633,-167
124000129,1564,1126,438
124000130,598,466,132
124000131,803,483,320
124000132,715,573,142
124000133,649,570,79
124000134,656,437,219
124000135,1238,1270,-32
124000136,630,734,-104
124000137,848,631,217
124000138,921,933,-12
124000139,391,29,362
124000140,20,267,-247
124000141,503,28,475
124000142,23,293,-270
124000143,76,8,68
124000144,6,133,-127
124000145,101,26,75
124000146,22,45,-23
124000148,21,94,-73
124000149,884,348,536
124000150,240,547,-307
124000151,639,319,320
124000152,556,960,-404
124000153,557,545,12
124000154,209,466,-257
124000155,989,790,199
124000156,1193,775,418
124000169,166,269,-103
124000170,383,336,47
124000171,244,168,76
124000172,232,326,-94
124000173,397,158,239
124000174,267,305,-38
124000175,4,49,-45
124000176,17,3,14
124000177,4,32,-28
124000178,21,40,-19
124000190,60,46,14
124000191,106,130,-24
124000192,1290,326,964
124000193,287,709,-422
124000194,297,337,-40
124000195,227,473,-246
124000196,811,833,-22
124000197,23,20,3
124000198,23,22,1
124000201,252,553,-301
124000202,391,274,117
124000203,391,344,47
124000204,788,161,627
124000205,74,321,-247
124000206,521,217,304
124000207,1,31,-30
124000209,152,261,-109
124000210,398,168,230
124000211,595,1,594
124000212,1,182,-181
124000213,333,192,141
124000214,335,318,17
124000215,266,14,252
124000216,2,232,-230
124000329,109,1004,-895
124000338,105,447,-342
124000339,827,78,749
124000341,1251,54,1197
124000344,23,7,16
124000357,899,1820,-921
124000358,768,1063,-295
124000359,939,623,316
124000360,688,506,182
124000361,1502,827,675
124000362,1022,1394,-372
124000363,211,316,-105
124000364,495,642,-147
124000365,582,882,-300
124000366,1112,748,364
124000367,95,337,-242
124000368,428,305,123
124000369,204,103,101
124000370,102,612,-510
124000402,14,10,4
124000403,69,6,63
124000404,6,68,-62
124000405,876,618,258
124000406,569,586,-17
124000407,2,25,-23
124000411,5,176,-171
124000412,343,13,330
124000413,200,23,177
124000414,63,98,-35
124000415,31,79,-48
124000416,88,111,-23
124000417,107,77,30
124000418,127,56,71
124000419,87,85,2
124000420,42,33,9
124000421,37,116,-79
124000422,48,8,40
124000423,91,25,66
124000424,5,88,-83
124000425,149,4,145
124000426,7,118,-111
124000427,100,7,93
124000428,10,32,-22
124000429,65,34,31
124000430,529,322,207
124000431,200,262,-62
124000432,143,491,-348
124000439,7,6,1
124000443,0,5,-5
124000445,310,813,-503
124000446,1008,204,804
124000447,8,83,-75
124900001,504,312,192
124900002,106,200,-94
124900003,963,462,501
124900004,683,239,444
124900005,144,77,67
124900006,602,223,379
124900008,901,469,432
124900009,117,255,-138
124900010,148,100,48
124900011,384,160,224
124900012,388,116,272
124900013,443,118,325
124900014,214,53,161
124900015,120,291,-171
124900016,42,76,-34
124900017,389,1056,-667
124900018,42,14,28
124900020,68,39,29
124900021,195,24,171
124900022,33,14,19
124900024,214,3,211
124900026,221,29,192
124900027,97,401,-304
124900028,257,58,199
124900029,6,395,-389
124900030,8,57,-49
124900031,22,194,-172
124900032,130,183,-53
124900033,85,177,-92
124900034,4,85,-81
124900035,146,232,-86
124900036,2,51,-49
124900037,141,159,-18
124900038,195,224,-29
124900039,8,54,-46
124900040,158,79,79
124900041,205,758,-553
124900042,89,4,85
124900043,394,786,-392
124900044,65,3,62
124900045,425,931,-506
124900047,128,100,28
124900048,219,73,146
124900050,161,128,33
124900052,82,308,-226
124900053,86,216,-130
124900054,922,306,616
124900055,1,129,-128
124900057,12,43,-31
124900060,45,104,-59
124900061,42,9,33
124900062,159,22,137
124900066,0,7,-7
124900067,5,77,-72
124900068,246,409,-163
124900070,32,25,7
124900072,109,34,75
124900075,176,150,26
124900076,30,928,-898
124900077,17,61,-44
124900078,74,12,62
124900079,377,144,233
124900080,224,454,-230
124900081,890,240,650
124900082,281,623,-342
124900083,220,354,-134
124900085,778,533,245
124900086,51,1314,-1263
124900087,507,86,421
124900088,547,80,467
124900089,994,25,969
124900090,251,145,106
124900091,266,208,58
124900092,172,157,15
124900093,220,118,102
124900094,315,159,156
124900095,97,345,-248
124900096,343,181,162
124900097,301,44,257
124900098,100,211,-111
124900099,339,362,-23
124900100,205,46,159
124900101,82,296,-214
124900102,170,16,154
124900103,120,127,-7
124900104,122,91,31
124900105,93,70,23
124900106,317,32,285
124900107,69,11,58
124900108,132,67,65
124900111,1,174,-173
124900112,53,321,-268
124900113,93,301,-208
124900114,129,142,-13
124900115,32,24,8
124900116,151,156,-5
124900117,208,134,74
124900118,158,247,-89
124900119,291,161,130
124900120,47,217,-170
124900121,83,275,-192
124900122,165,152,13
124900123,255,134,121
124900124,91,301,-210
204000001,68,7,61
204000002,16,3,13
204000003,16,8,8
204000004,5,0,5
204000005,575,498,77
204000006,1265,1154,111
204000011,12,38,-26
204000012,55,85,-30
204000019,603,446,157
204000020,589,400,189
204000021,906,565,341
204000022,470,364,106
204000023,503,575,-72
204000031,102,9,93
204000032,325,27,298
204000034,31,126,-95
204000035,1,1,0
204000036,6,11,-5
204000037,0,9,-9
204000038,1,14,-13
204000039,0,15,-15
204000040,5,20,-15
204000041,8,23,-15
204000042,21,8,13
204000043,25,12,13
204000044,23,10,13
204000045,35,2,33
204000046,4,3,1
204000057,1,3,-2
204000062,25,41,-16
204000068,17,207,-190
204000069,42,333,-291
204000070,97,70,27
204000080,66,61,5
204000085,1873,1256,617
204000086,2049,1454,595
204000087,38,12,26
204000088,7,82,-75
204000090,38,215,-177
204000093,283,53,230
204000096,697,943,-246
204000097,278,13,265
204000099,946,1217,-271
204000100,1243,1680,-437
204000105,1850,970,880
204000110,371,691,-320
204000111,374,410,-36
204000112,510,429,81
204000113,367,438,-71
204000114,516,490,26
204000115,464,231,233
204000116,523,396,127
204000119,1594,2497,-903
204000132,719,250,469
204000133,755,156,599
204000134,196,64,132
204000135,561,56,505
204000136,998,214,784
204000138,350,400,-50
204000140,216,152,64
204000141,177,71,106
204000144,5,38,-33
204000145,390,14,376
204000146,13,261,-248
204000147,20,109,-89
204000148,168,18,150
204000154,3,0,3
204000155,3,4,-1
204000177,75,46,29
204000179,15,7,8
204000180,0,30,-30
204000222,1,4,-3
204000235,22,7,15
204000236,51,192,-141
204000238,9,33,-24
204000240,299,34,265
204000263,604,724,-120
204000268,951,667,284
204000308,135,12,123
204000317,6,40,-34
204000322,4,26,-22
204000323,9,7,2
204000328,166,49,117
204000329,64,127,-63
204000330,156,33,123
204000331,83,95,-12
205000001,714,1371,-657
205000013,2,59,-57
205000014,15,58,-43
205000015,17,129,-112
205000016,14,106,-92
205000017,24,46,-22
205000022,249,719,-470
205000025,979,962,17
205000029,158,2,156
205000045,135,471,-336
205000046,73,486,-413
205000047,43,359,-316
205000048,280,724,-444
205000049,165,673,-508
205000050,539,303,236
205000059,0,180,-180
205000060,0,92,-92
205000061,1,64,-63
205000062,5,93,-88
205000063,12,79,-67
205000064,9,55,-46
205000065,66,373,-307
205000066,112,524,-412
205000067,18,687,-669
205000069,231,19,212
205000082,126,130,-4
205000110,78,224,-146
205000111,182,196,-14
205000112,141,158,-17
205000113,155,256,-101
205000121,217,48,169
205000123,42,184,-142
205000126,420,73,347
205000127,660,161,499
205000128,341,53,288
205000129,591,86,505
205000130,195,25,170
205000131,152,15,137
205000132,183,3,180
205000133,113,0,113
205000134,303,0,303
205000137,42,104,-62
205000138,124,263,-139
205000139,17,100,-83
205000144,60,56,4
205000145,222,107,115
205000151,138,29,109
205000152,193,12,181
205000153,194,27,167
205000154,73,27,46
205000155,75,5,70
205000207,15,140,-125
205000233,29,1,28
205000234,0,2,-2
205000243,0,1,-1
205000244,0,1,-1
205000245,7,115,-108
205000249,0,16,-16
205000250,5,0,5
205000264,3,64,-61
206000027,4,5,-1
206000028,2,1,1
206000043,6,32,-26
206000053,9,2,7
206000054,0,12,-12
206000055,0,16,-16
206000075,3,10,-7
206000076,15,13,2
206000077,10,9,1
206000078,15,2,13
206000079,15,16,-1
206000082,346,37,309
206000100,19,375,-356
206000103,2,5,-3
206000104,7,16,-9
206000105,9,8,1
206000106,9,12,-3
206000125,43,0,43
206000157,37,387,-350
206000170,0,119,-119
206000171,2,149,-147
206000172,5,211,-206
206000173,1,137,-136
206000174,14,44,-30
206000175,0,71,-71
206000176,17,103,-86
206000177,2,74,-72
206000178,2,130,-128
206000179,4,83,-79
206000180,11,102,-91
206000181,3,78,-75
206000182,9,80,-71
206000183,17,316,-299
206000184,5,201,-196
206000185,5,80,-75
206000186,69,525,-456
206000223,6,143,-137
206000226,3,0,3
206000227,13,1,12
206000237,37,197,-160
206000238,32,391,-359
206000239,119,1293,-1174
206000240,2,41,-39
206000241,0,68,-68
206000242,7,108,-101
206000243,3,120,-117
206000244,43,289,-246
206000245,635,52,583
206000246,149,19,130
206000247,161,6,155
206000248,234,19,215
206000252,63,24,39
206000258,14,40,-26
206000315,23,3,20
206000317,409,84,325
206000318,415,63,352
206000319,977,68,909
206000320,117,42,75
206000321,171,4,167
206000322,349,15,334
206000323,117,15,102
206000324,111,7,104
206000325,124,10,114
206000326,120,7,113
206000327,131,11,120
206000328,138,1,137
206000329,174,8,166
206000330,40,2,38
206000331,133,4,129
206000332,35,1,34
206000333,422,1,421
206000334,228,4,224
206000335,0,11,-11
206000361,0,146,-146
206000392,2,10,-8
206000405,110,0,110
206000441,19,12,7
206000498,16,3,13
206000515,75,32,43
206000530,246,50,196
206000531,155,137,18
206000532,1466,215,1251
206000535,147,1365,-1218
206000536,20,109,-89
206000537,19,103,-84
206000613,1313,181,1132
206000784,429,23,406
207000001,125,526,-401
207000002,116,278,-162
207000003,103,114,-11
207000007,755,209,546
207000008,86,9,77
207000009,44,28,16
207000010,324,314,10
207000012,315,176,139
207000015,175,865,-690
207000019,250,70,180
207000021,425,124,301
207000022,142,106,36
207000023,175,29,146
207000024,5,7,-2
207000025,25,60,-35
207000026,87,45,42
207000027,15,47,-32
207000028,53,140,-87
207000029,199,287,-88
207000033,188,370,-182
207000034,238,81,157
207000039,302,108,194
207000040,329,46,283
207000041,86,9,77
207000042,159,34,125
207000043,181,139,42
207000051,72,155,-83
207000052,21,75,-54
207000053,347,409,-62
207000054,38,95,-57
207000055,164,87,77
207000056,280,232,48
207000057,135,207,-72
207000058,132,212,-80
207000059,112,349,-237
207000060,63,118,-55
207000061,148,463,-315
207000062,274,54,220
207000063,257,81,176
207000064,310,87,223
207000065,338,164,174
207000066,186,139,47
207000067,46,80,-34
207000068,111,61,50
207000069,579,266,313
207000082,17,154,-137
207000083,40,182,-142
207000084,205,229,-24
207000085,164,19,145
207000086,165,5,160
207000106,44,25,19
207000107,46,10,36
207000108,61,3,58
207000109,36,14,22
207000110,37,72,-35
207000111,48,64,-16
207000112,127,502,-375
207000114,22,32,-10
207000115,18,63,-45
207000116,20,269,-249
207000117,8,69,-61
207000118,1,62,-61
207000119,37,60,-23
207000123,149,19,130
207000124,76,26,50
207000125,41,42,-1
207000126,87,39,48
207000134,83,92,-9
207000135,17,174,-157
207000148,52,231,-179
207000149,43,31,12
207000152,117,267,-150
207000153,671,1170,-499
207000154,330,130,200
207000159,72,109,-37
207000160,92,260,-168
207000238,1,116,-115
207000242,3,88,-85
207000248,26,23,3
207000249,93,26,67
207000250,353,47,306
207000251,84,58,26
207000252,30,45,-15
207000278,97,70,27
207000279,29,91,-62
207000280,511,71,440
207000281,104,668,-564
207000282,131,130,1
207000283,120,163,-43
207000284,115,170,-55
207000285,118,104,14
207000291,19,63,-44
207000304,115,48,67
207000306,63,289,-226
207000310,49,69,-20
207000353,224,2,222
207000356,7,27,-20
207000357,9,10,-1
207000358,3,7,-4
207000415,3,94,-91
207000417,53,3,50
207000418,104,95,9
207000438,0,3,-3
207000439,821,564,257
207000446,190,3,187
207000460,26,2,24
207000466,144,101,43
207000467,202,75,127
207000468,43,226,-183
207000476,10,47,-37
207000477,567,49,518
207000478,5,44,-39
207000523,0,20,-20
207000524,60,0,60
207000527,159,129,30
207000530,433,8,425
207000531,246,7,239
207000532,52,21,31
207000534,359,60,299
207000535,22,264,-242
207000537,16,100,-84
207000540,4,109,-105
207000541,5,176,-171
207000548,4,144,-140
207000549,204,15,189
207000561,146,135,11
207000562,34,126,-92
207000567,119,174,-55
207000568,138,43,95
207000569,293,349,-56
207000584,239,123,116
207000585,61,276,-215
207000587,96,13,83
207000616,0,84,-84
207000617,121,0,121
207000624,26,23,3
207000631,3,42,-39
207900008,162,71,91
208000001,469,857,-388
208000002,556,396,160
208000003,1102,370,732
208000004,922,602,320
208000005,12,10,2
208000019,489,817,-328
208000020,150,426,-276
208000021,197,234,-37
208000022,958,351,607
208000028,1131,863,268
208000033,555,392,163
208000034,910,1022,-112
208000037,227,17,210
208000040,164,139,25
208000041,800,450,350
208000042,1405,568,837
208000047,123,159,-36
208000064,1886,1329,557
208000066,1362,2070,-708
208000070,298,242,56
208000071,323,601,-278
208000072,302,843,-541
208000080,275,257,18
208000081,352,93,259
208000082,258,231,27
208000083,114,317,-203
208000084,26,21,5
208000085,709,446,263
208000086,355,884,-529
208000087,281,599,-318
208000089,996,285,711
208000090,865,450,415
208000093,141,131,10
208000094,488,267,221
208000095,516,353,163
208000104,707,631,76
208000105,541,771,-230
208000114,116,314,-198
208000115,403,308,95
208000116,438,960,-522
208000117,75,163,-88
208000118,96,115,-19
208000155,553,845,-292
208000158,990,3124,-2134
208000186,2768,3969,-1201
208000204,616,846,-230
208000205,967,733,234
208000282,4387,2659,1728
209000004,259,132,127
209000005,50,29,21
209000006,248,131,117
209000007,164,263,-99
209000010,333,92,241
209000011,133,184,-51
209000012,96,104,-8
209000013,213,211,2
209000014,357,543,-186
209000025,236,37,199
209000026,513,106,407
209000027,332,549,-217
209000028,237,385,-148
209000029,398,459,-61
209000030,353,753,-400
209000031,1583,1381,202
209000034,212,242,-30
209000035,128,179,-51
209000036,170,104,66
209000037,235,186,49
209000038,153,137,16
209000039,57,136,-79
209000040,198,453,-255
209000041,150,353,-203
209000042,182,343,-161
209000043,556,752,-196
209000044,130,610,-480
209000045,1238,382,856
209000046,496,410,86
209000047,402,164,238
209000048,607,272,335
209000049,74,88,-14
209000050,191,132,59
209000051,234,264,-30
209000052,161,206,-45
209000062,37,56,-19
209000063,37,56,-19
209000064,35,57,-22
209000065,63,32,31
209000066,61,35,26
209000067,62,29,33
209000080,18,155,-137
209000082,56,41,15
209000091,35,90,-55
209000093,48,19,29
209000094,157,186,-29
209000110,40,108,-68
209000111,351,962,-611
209000112,695,410,285
209000113,1022,342,680
209000114,489,276,213
209000115,64,93,-29
209000116,508,331,177
209000118,10,41,-31
209000119,22,8,14
209000121,78,309,-231
209000135,56,217,-161
209000142,552,975,-423
209000143,54,51,3
209000144,52,109,-57
209000229,259,140,119
209000240,12,188,-176
209000259,81,103,-22
209000260,43,645,-602
209000261,2,335,-333
209000262,1,254,-253
209000263,0,134,-134
209000264,1,114,-113
209000265,449,2,447
209000266,137,1,136
209000267,787,12,775
209000268,514,19,495
210000037,45,19,26
210000047,86,13,73
210000048,85,15,70
210000049,51,5,46
210000052,43,45,-2
210000053,31,33,-2
210000054,53,68,-15
210000070,109,8,101
210000071,85,0,85
210000072,9,1,8
210000073,0,31,-31
210000074,0,75,-75
210000075,2,73,-71
210000076,6,120,-114
210000077,18,39,-21
210000078,41,38,3
210000079,18,6,12
210000080,69,45,24
210000081,151,17,134
210000082,129,1,128
210000083,44,1,43
210000084,26,0,26
210000085,0,43,-43
210000086,0,48,-48
210000099,33,172,-139
210000100,44,159,-115
210000101,45,164,-119
210000105,34,155,-121
210000159,1,147,-146
210000163,119,185,-66
210000164,219,177,42
210000168,119,42,77
210000187,0,12,-12
210000188,0,9,-9
210000214,23,1,22
210000219,44,37,7
210000220,77,52,25
210000232,1,8,-7
210000233,42,37,5
210000234,14,121,-107
210000235,60,63,-3
210000245,2,32,-30
210000246,42,27,15
210000258,7,43,-36
210000259,240,47,193
210000282,77,173,-96
210000285,0,84,-84
210000286,13,133,-120
210000290,7,17,-10
210000295,43,121,-78
210000296,26,28,-2
210000320,131,53,78
210000321,99,48,51
210000338,93,44,49
210000339,287,1092,-805
210000340,89,304,-215
210000341,151,237,-86
210000342,153,142,11
210000343,171,177,-6
210000344,156,106,50
210000345,138,162,-24
210000346,53,87,-34
210000347,82,36,46
210000348,109,15,94
210000349,38,18,20
210000350,111,49,62
210000351,139,96,43
210000352,80,63,17
210000353,51,65,-14
210000354,67,73,-6
210000355,53,59,-6
210000356,51,38,13
210000357,47,28,19
210000358,157,118,39
210000359,76,82,-6
210000360,128,115,13
210000361,172,107,65
210000362,270,144,126
210000363,650,226,424
210000364,74,110,-36
210000365,80,44,36
210000366,100,45,55
210000367,94,28,66
210000368,122,39,83
210000369,33,26,7
210000370,27,35,-8
210000372,30,45,-15
210000373,23,10,13
210000374,57,16,41
210000375,37,68,-31
210000376,53,75,-22
210000404,42,84,-42
210000439,25,39,-14
210000472,102,5,97
210000482,55,89,-34
210000564,242,255,-13
210000567,0,38,-38
210000568,267,1,266
211000092,23,43,-20
211000094,43,14,29
211000169,171,16,155
211000172,6,136,-130
211000209,0,9,-9
211000226,5,10,-5
211000270,16,27,-11
211000275,7,20,-13
211000276,96,18,78
211000279,23,22,1
211000281,38,25,13
211000302,17,46,-29
211507980,1,50,-49
211977296,34,6,28
212000003,101,51,50
212000004,21,32,-11
212000005,18,27,-9
212000006,31,55,-24
212000008,168,108,60
212000009,23,69,-46
212000012,84,60,24
212000013,28,48,-20
212000014,260,116,144
212000015,294,209,85
212000016,410,386,24
212000027,470,393,77
212000028,292,315,-23
212000029,211,235,-24
212000030,39,19,20
212000031,54,63,-9
212000048,34,115,-81
212000049,29,107,-78
212000050,20,12,8
212000051,174,117,57
212000052,154,167,-13
212000053,408,387,21
212000054,215,90,125
212000055,169,159,10
212000056,19,23,-4
212000057,13,18,-5
212000058,183,41,142
212000070,93,133,-40
212000077,94,507,-413
212000099,180,199,-19
212000108,139,144,-5
212000111,217,93,124
212000120,93,40,53
212000138,113,28,85
212000156,6,74,-68
212000158,19,13,6
212000159,337,48,289
212000160,532,238,294
212000161,83,5,78
212000310,42,16,26
212000311,10,45,-35
212000374,36,9,27
213000001,28,298,-270
213000005,301,99,202
213000006,808,301,507
213000007,169,12,157
213000009,595,402,193
213000010,148,274,-126
213000011,184,86,98
213000012,96,204,-108
213000014,82,13,69
213000015,190,3,187
213000016,358,1,357
213000017,112,1,111
213000018,1,92,-91
213000019,0,97,-97
213000020,94,274,-180
213000021,3,73,-70
213000023,273,153,120
213000033,302,1217,-915
213000034,782,236,546
213000035,96,171,-75
213000045,160,231,-71
213000046,213,159,54
213000047,584,995,-411
213000056,89,44,45
213000069,128,3,125
213000073,2,41,-39
213000074,68,304,-236
213000075,345,6,339
213000076,34,3,31
213000085,6,28,-22
213000086,11,83,-72
213000091,176,11,165
213000092,134,12,122
213000099,160,1073,-913
213000100,988,250,738
213000101,285,106,179
213000102,351,179,172
213000103,702,637,65
213000104,47,312,-265
213000105,2,176,-174
213000106,26,112,-86
213000107,121,334,-213
213000108,41,346,-305
213000109,11,205,-194
213000110,26,65,-39
213000111,16,76,-60
213000112,140,139,1
213000115,60,6,54
213000116,30,305,-275
213000117,15,412,-397
213000118,336,203,133
213000119,35,429,-394
213000120,127,432,-305
213000122,130,394,-264
213000123,296,910,-614
213000124,89,832,-743
213000125,123,15,108
213000126,31,74,-43
213000127,94,161,-67
213000128,342,919,-577
213000129,264,587,-323
213000130,509,269,240
213000132,287,74,213
213000133,492,91,401
213000134,688,25,663
213000136,414,38,376
213000137,523,71,452
213000139,308,11,297
213000147,83,14,69
213000148,34,21,13
213000149,32,10,22
213000150,0,143,-143
213000151,8,108,-100
213000152,6,83,-77
213000153,5,157,-152
213000154,32,150,-118
213000155,26,179,-153
213000156,100,379,-279
213000157,426,292,134
213000158,319,604,-285
213000159,498,422,76
213000163,691,97,594
213000165,687,238,449
213000171,0,63,-63
213000172,1,188,-187
213000173,4,181,-177
213000174,1,76,-75
213000175,7,55,-48
213000176,23,23,0
213000177,62,1,61
213000178,176,3,173
213000179,180,2,178
213000180,185,0,185
213000184,67,337,-270
213000188,255,94,161
213000189,287,34,253
213000190,657,609,48
213000191,206,288,-82
213000192,171,270,-99
213000193,637,204,433
213000194,1,58,-57
213000195,13,281,-268
213000196,194,982,-788
213000197,324,420,-96
213000198,76,1,75
213000200,89,627,-538
213000201,48,57,-9
213000202,13,436,-423
213000203,2466,555,1911
213000204,546,74,472
213000205,192,99,93
213000206,361,51,310
213000207,190,13,177
213000208,91,1,90
213000209,178,8,170
213000210,437,6,431
213000211,7,32,-25
213000212,18,27,-9
213000213,24,57,-33
213000218,173,400,-227
213000219,389,16,373
213000220,322,8,314
213000223,163,253,-90
213000224,72,80,-8
213000225,80,8,72
213000226,83,19,64
213000227,764,181,583
213000228,278,116,162
213000229,199,19,180
213000230,540,34,506
213000232,59,846,-787
213000233,19,124,-105
213000234,3,52,-49
213000293,13,58,-45
213000294,137,19,118
213000295,13,71,-58
213000296,36,14,22
213000297,6,49,-43
213000298,10,64,-54
213000299,65,20,45
213000300,18,4,14
213000303,6,25,-19
213000304,3,17,-14
213000305,1,14,-13
213000306,49,30,19
213000307,117,56,61
213000308,85,126,-41
213000309,107,54,53
213000310,286,152,134
213000311,188,553,-365
213000315,81,89,-8
213000316,137,52,85
213000322,52,85,-33
213000323,108,45,63
213000324,63,31,32
213000325,38,47,-9
213000326,21,13,8
213000327,21,22,-1
213000328,12,107,-95
213000329,97,13,84
213000340,177,420,-243
213000341,466,75,391
213000346,148,214,-66
213000347,607,375,232
213000348,11,110,-99
213000349,44,6,38
213000350,228,741,-513
213000366,64,236,-172
213000367,210,21,189
213000379,100,38,62
213000386,8,207,-199
213000406,54,279,-225
213000417,918,374,544
213000425,179,35,144
213000426,155,61,94
213000427,32,182,-150
213000428,50,115,-65
213000429,7,11,-4
213000430,78,373,-295
213000431,108,2,106
213000432,0,100,-100
213000433,9,102,-93
213000434,54,75,-21
213000435,121,60,61
213000436,39,56,-17
213000437,1,3,-2
213000438,147,47,100
213000439,49,13,36
213000440,9,212,-203
213000441,8,2,6
213000442,2,21,-19
213000443,327,255,72
213000444,26,23,3
213000445,0,77,-77
213000446,1,157,-156
213000447,7,71,-64
213000448,3,109,-106
213000449,259,3,256
213000450,8,24,-16
213000451,145,56,89
213000452,15,19,-4
213000453,23,142,-119
213000455,582,12,570
213000456,1,303,-302
213000481,7,4,3
213000482,19,1,18
213000489,169,42,127
213000491,2,170,-168
213000492,287,14,273
213000493,0,98,-98
213000494,212,67,145
213000495,0,56,-56
213000496,316,98,218
213000497,32,212,-180
213000498,113,137,-24
213000499,130,318,-188
213000500,369,37,332
213000501,92,20,72
213000502,179,78,101
213000503,4,39,-35
213000504,10,59,-49
213000505,5,10,-5
213000506,0,10,-10
213000507,2,129,-127
213900244,52,0,52
213900245,0,27,-27
218000003,27,18,9
218000004,37,18,19
218000005,48,39,9
218000006,46,17,29
218000007,11,12,-1
218000012,159,114,45
218000013,94,116,-22
218000014,359,378,-19
218000019,715,565,150
218000020,176,377,-201
218000021,19,17,2
218000022,9,12,-3
218000023,0,8,-8
218000024,1,5,-4
218000025,11,5,6
218000026,2,10,-8
218000027,1,5,-4
218000028,2,1,1
218000029,0,4,-4
218000030,11,9,2
218000031,2,13,-11
218000032,0,5,-5
218000040,4,3,1
218000046,32,66,-34
218000047,10,100,-90
218000048,29,61,-32
218000049,76,63,13
218000050,261,199,62
218000051,43,165,-122
218000052,2,52,-50
218000053,1,2,-1
218000054,17,35,-18
218000055,2,24,-22
218000056,16,27,-11
218000057,4,19,-15
218000064,3,6,-3
218000065,95,50,45
218000066,5,43,-38
218000067,34,75,-41
218000068,95,65,30
218000069,175,104,71
218000070,140,219,-79
218000071,180,145,35
218000072,235,153,82
218000078,807,575,232
218000079,69,62,7
218000080,107,55,52
218000081,279,141,138
218000082,37,64,-27
218000083,56,37,19
218000084,146,87,59
218000085,142,237,-95
218000086,58,87,-29
218000087,152,106,46
218000090,11,76,-65
218000091,786,404,382
218000092,66,145,-79
218000093,71,46,25
218000094,447,447,0
218000099,211,604,-393
218000100,213,267,-54
218000101,220,122,98
218000102,366,171,195
218000103,73,53,20
218000104,117,30,87
218000105,23,23,0
218000106,9,6,3
218000107,76,45,31
218000108,3,42,-39
218000112,61,26,35
218000117,60,49,11
218000134,425,450,-25
218000135,30,69,-39
218000136,232,105,127
218000137,225,165,60
218000138,31,111,-80
218000139,155,245,-90
218000140,389,219,170
218000141,93,65,28
218000142,238,151,87
218000143,160,209,-49
218000144,74,137,-63
218000145,337,261,76
218000146,48,158,-110
218000151,5,19,-14
218000152,78,43,35
218000153,4,2,2
218000154,4,3,1
218000155,7,1,6
218000156,42,7,35
218000157,24,14,10
218000158,4,9,-5
218000159,2,0,2
218000160,3,1,2
218000161,20,1,19
218000162,19,0,19
218000163,16,5,11
218000164,23,3,20
218000165,31,9,22
218000170,7,32,-25
218000171,30,9,21
218000172,22,6,16
218000173,43,14,29
218000174,11,7,4
218000176,79,27,52
218000177,143,131,12
218000178,33,177,-144
218000179,46,48,-2
218000180,34,24,10
218000181,96,50,46
218000187,9,9,0
218000188,36,30,6
218000189,18,49,-31
218000190,12,13,-1
218000191,119,29,90
218000192,157,124,33
218000193,348,260,88
218000194,61,252,-191
218000195,90,56,34
218000196,273,232,41
218000197,284,223,61
218000198,27,80,-53
218000199,44,18,26
218000200,78,21,57
218000201,12,4,8
218000202,58,172,-114
218000207,1,12,-11
218000208,43,30,13
218000211,50,24,26
218000212,1,3,-2
218000213,80,71,9
218000214,5,22,-17
218000215,25,32,-7
218000217,0,46,-46
218000218,97,39,58
218000219,6,10,-4
218000220,77,246,-169
218000221,396,109,287
218000222,5,16,-11
218000223,30,178,-148
218000224,2,93,-91
218000225,73,24,49
218000226,74,40,34
218000230,3,6,-3
218000232,34,44,-10
218000239,299,40,259
218000240,46,9,37
218000241,58,2,56
218000242,103,5,98
218000243,135,5,130
218000244,76,6,70
218000245,38,4,34
218000246,9,1,8
218000247,5,3,2
218000248,0,10,-10
218000249,2,4,-2
218000250,0,33,-33
218000251,5,29,-24
218000252,1,56,-55
218000253,8,42,-34
218000254,1,25,-24
218000255,1,31,-30
218000256,25,92,-67
218000267,326,846,-520
218000268,21,57,-36
218000269,7,23,-16
218000270,123,50,73
218000271,25,42,-17
218000273,18,1,17
218000274,18,2,16
218000275,17,38,-21
218000276,3,26,-23
218000278,29,26,3
218000279,74,41,33
218000280,11,38,-27
218000281,32,14,18
218000282,514,413,101
218000284,53,4,49
218000301,91,104,-13
218000302,117,51,66
218000303,41,63,-22
218000316,563,724,-161
218000317,1045,706,339
218000318,581,486,95
218000319,969,804,165
218000320,697,473,224
218000338,31,16,15
218000345,77,64,13
218000346,26,152,-126
218000459,25,135,-110
218000490,24,39,-15
218000501,74,52,22
218000502,43,64,-21
218000503,100,24,76
218000504,176,36,140
218000505,57,136,-79
218000506,43,275,-232
218000508,0,4,-4
218000510,152,14,138
218000520,93,103,-10
218000521,5,31,-26
218000522,1,104,-103
218000523,143,11,132
218000524,56,178,-122
218000525,241,13,228
218000526,33,176,-143
218000529,51,146,-95
218000530,5,1,4
218000531,16,15,1
218000532,18,17,1
218000534,106,16,90
218000537,24,52,-28
218000538,121,156,-35
218000540,184,67,117
218000543,133,35,98
218000544,25,86,-61
218000545,60,68,-8
218000546,39,44,-5
218000547,59,149,-90
218000548,100,104,-4
218000549,350,387,-37
218000550,182,245,-63
218000551,98,725,-627
218000552,315,47,268
218000553,79,191,-112
218000554,25,39,-14
218000555,19,59,-40
218000556,203,148,55
218000557,216,165,51
218000558,83,0,83
218000559,0,75,-75
218000560,0,49,-49
218000561,14,3,11
218000562,32,222,-190
218000563,222,13,209
218000564,5,138,-133
218000565,174,35,139
218000566,475,32,443
218000567,2,67,-65
218000568,35,2,33
218000569,21,128,-107
218000570,182,10,172
218000571,0,80,-80
218000572,137,4,133
218000573,24,232,-208
218000574,259,35,224
218000575,140,0,140
218000576,1,100,-99
218000577,86,1,85
218000578,0,61,-61
218000579,27,8,19
218000581,10,28,-18
218000582,41,6,35
218000583,14,0,14
218000584,0,23,-23
218000585,53,8,45
218000586,4,23,-19
218000587,3,2,1
218000588,7,3,4
218000589,0,8,-8
218000590,11,0,11
218000591,5,2,3
218000592,20,2,18
218000593,6,0,6
218000594,0,0,0
218000597,1,0,1
218000598,0,0,0
218000599,0,0,0
218000600,2,0,2
218000601,0,1,-1
218000602,0,9,-9
218000603,0,6,-6
218000604,17,0,17
218000605,0,52,-52
218000606,101,1,100
218000607,13,24,-11
218000608,59,18,41
218000609,11,38,-27
218000610,64,7,57
218000611,20,0,20
218000612,0,18,-18
218000613,35,0,35
218000614,0,34,-34
218000615,127,0,127
218000616,4,81,-77
218000617,25,0,25
218000618,2,12,-10
218000619,6,34,-28
218000620,5,9,-4
218000621,0,5,-5
218000622,0,2,-2
218000623,206,1,205
218000624,5,17,-12
218000625,8,3,5
218000626,0,4,-4
218000628,124,36,88
218000631,34,24,10
218000632,7,69,-62
218000633,92,0,92
218000634,8,19,-11
218000635,21,11,10
218000636,652,856,-204
218000637,748,361,387
218000638,120,24,96
218000639,13,129,-116
218000640,165,25,140
218000641,48,228,-180
218000652,19,40,-21
218000653,61,50,11
218000663,16,234,-218
218000675,253,54,199
218000676,3,6,-3
218000677,23,0,23
218000680,204,294,-90
218000681,382,163,219
218000691,157,149,8
218000693,177,145,32
218000703,2,12,-10
218000718,285,940,-655
218000719,565,433,132
218000720,29,385,-356
218000721,379,31,348
218000725,5,2,3
218001147,5,101,-96
218001214,7,40,-33
218001258,144,3,141
218001329,143,142,1
218001330,108,66,42
218001351,22,13,9
218001352,30,17,13
218001353,5,12,-7
218001354,13,22,-9
218001355,8,175,-167
218001356,339,34,305
218001357,33,109,-76
218001358,275,20,255
218001361,253,6,247
218001362,0,110,-110
219000001,20,29,-9
219000002,60,46,14
219000003,43,15,28
219000004,42,34,8
219000017,102,25,77
219000020,121,48,73
219000022,156,5,151
219000023,87,0,87
219000029,1,47,-46
219000034,33,16,17
219000039,54,115,-61
219000040,36,51,-15
219000041,105,19,86
219000051,0,20,-20
219000052,0,23,-23
219000053,2,56,-54
219000054,15,67,-52
219000055,204,1,203
219000056,11,2,9
219000057,55,0,55
219000062,23,58,-35
219000063,51,5,46
219000064,2,38,-36
219000110,367,60,307
219000111,76,43,33
219000112,132,62,70
219000113,134,24,110
219000114,127,72,55
219000116,105,33,72
219000117,127,51,76
219000118,170,34,136
219000123,136,43,93
219000124,53,34,19
219000125,9,10,-1
219000126,48,122,-74
219000127,1,3,-2
219000128,9,101,-92
219000129,14,98,-84
219000130,302,420,-118
219000131,524,838,-314
219000133,62,44,18
219000134,13,22,-9
219000135,25,40,-15
219000136,95,182,-87
219000138,54,12,42
219000139,29,26,3
219000140,30,0,30
219000141,15,68,-53
219000142,25,47,-22
219000143,31,75,-44
219000145,30,35,-5
219000146,2,22,-20
219000147,8,25,-17
219000148,2,19,-17
219000149,10,43,-33
219000150,1,31,-30
219000151,4,24,-20
219000157,178,103,75
219000158,180,185,-5
219000161,84,8,76
219000163,924,397,527
219000166,81,160,-79
219000167,99,119,-20
219000168,239,91,148
219000174,389,131,258
219000175,60,0,60
219000176,87,8,79
219000177,46,5,41
219000178,43,0,43
219000179,11,14,-3
219000180,23,34,-11
219000182,175,16,159
219000183,78,30,48
219000184,118,13,105
219000185,0,30,-30
219000186,50,23,27
219000187,18,41,-23
219000189,65,136,-71
219000190,51,167,-116
219000191,628,1310,-682
219000192,203,130,73
219000193,134,99,35
219000195,3,31,-28
219000196,8,114,-106
219000198,14,81,-67
219000199,54,222,-168
219000200,36,134,-98
219000201,38,164,-126
219000203,28,119,-91
219000204,85,235,-150
219000205,31,134,-103
219000207,150,207,-57
219000209,19,55,-36
219000210,25,55,-30
219000213,11,107,-96
219000239,182,230,-48
219000240,178,278,-100
219000241,133,112,21
219000242,46,139,-93
219000243,102,240,-138
219000244,18,66,-48
219000245,43,24,19
219000246,31,26,5
219000247,148,35,113
219000248,417,357,60
219000249,130,91,39
219000250,118,72,46
219000251,387,164,223
219000252,189,116,73
219000253,351,103,248
219000255,122,105,17
219000256,179,60,119
219000257,83,0,83
219000262,82,92,-10
219000263,53,116,-63
219000267,1,54,-53
219000268,5,1,4
219000269,4,4,0
219000270,6,1,5
219000271,126,5,121
219000278,0,4,-4
219000279,3,2,1
219000283,0,7,-7
219000295,28,75,-47
219000296,42,270,-228
219000297,5,62,-57
219000298,23,78,-55
219000299,383,52,331
219000300,24,116,-92
219000301,179,242,-63
219000302,21,150,-129
219000307,39,22,17
219000308,29,24,5
219000311,175,43,132
219000312,509,109,400
219000313,309,38,271
219000314,63,305,-242
219000315,275,21,254
219000316,410,50,360
219000317,136,7,129
219000320,0,35,-35
219000321,0,11,-11
219000323,0,51,-51
219000325,2,11,-9
219000326,47,53,-6
219000327,53,17,36
219000328,26,28,-2
219000329,267,83,184
219000330,36,29,7
219000331,34,65,-31
219000332,123,69,54
219000333,11,3,8
219000335,44,2,42
219000337,17,1,16
219000338,59,2,57
219000344,31,47,-16
219000345,30,74,-44
219000346,34,66,-32
219000348,145,37,108
219000349,41,110,-69
219000350,73,258,-185
219000351,11,5,6
219000352,322,93,229
219000353,108,62,46
219000354,145,82,63
219000355,119,60,59
219000356,921,1276,-355
219000363,184,63,121
219000364,65,47,18
219000365,116,17,99
219000366,200,264,-64
219000368,296,509,-213
219000370,879,456,423
219000371,19,29,-10
219000382,9,13,-4
219000383,445,990,-545
219000385,351,373,-22
219000386,561,1150,-589
219000387,5,16,-11
219000390,9,5,4
219000391,2,0,2
219000397,46,47,-1
219000398,43,47,-4
219000401,3,73,-70
219000402,25,56,-31
219000403,137,295,-158
219000404,14,116,-102
219000407,4,26,-22
219000409,53,55,-2
219000410,50,30,20
219000411,51,6,45
219000446,77,280,-203
219000447,3,21,-18
219000448,19,6,13
219000452,108,89,19
219000453,70,149,-79
219000454,156,273,-117
219000556,229,56,173
219000558,107,139,-32
219000590,25,115,-90
219000591,84,59,25
219000592,109,290,-181
219000595,2,13,-11
219000635,163,47,116
219000636,20,77,-57
219000657,11,11,0
219000658,17,91,-74
219000673,0,6,-6
219000676,32,5,27
219000679,29,5,24
219000684,76,6,70
219000685,0,32,-32
219000686,0,2,-2
219000688,0,44,-44
219000689,14,158,-144
219000690,122,22,100
219000691,32,131,-99
219000692,133,23,110
219000693,0,13,-13
219000694,6,0,6
219000695,21,4,17
219000698,12,0,12
219000699,0,23,-23
219000727,0,42,-42
219000728,41,0,41
219000770,30,2,28
219000771,0,25,-25
219000788,303,145,158
219001150,0,29,-29
219001151,0,1,-1
219001166,30,19,11
219001167,0,42,-42
219001178,50,2,48
220000001,23,47,-24
220000002,4,71,-67
220000003,318,140,178
220000004,392,293,99
220000005,872,1077,-205
220000006,199,490,-291
220000007,318,321,-3
220000008,282,614,-332
220000009,201,295,-94
220000010,166,100,66
220000011,405,1860,-1455
220000012,109,181,-72
220000014,94,52,42
220000015,84,208,-124
220000017,59,167,-108
220000018,2545,1046,1499
220000019,93,241,-148
220000020,335,126,209
220000021,593,131,462
220000022,652,330,322
220000023,273,126,147
220000024,1216,370,846
220000025,536,919,-383
220000026,219,232,-13
220000027,25,73,-48
220000028,41,42,-1
220000029,55,69,-14
220000030,78,84,-6
220000031,296,244,52
220000064,25,662,-637
221000046,7,0,7
221000047,0,4,-4
221000048,0,3,-3
221000049,0,2,-2
221000050,21,0,21
221000055,26,39,-13
221000057,71,6,65
221000068,229,104,125
221000069,276,47,229
221000070,193,26,167
221000071,69,8,61
221000072,181,15,166
221000073,100,40,60
221000074,0,9,-9
221000075,14,42,-28
221000076,3,11,-8
221000077,22,94,-72
221000081,10,3,7
221000082,53,2,51
221000083,33,2,31
221000084,4,3,1
221000085,9,44,-35
221000086,12,66,-54
221000087,2,90,-88
221000088,9,165,-156
221000089,24,168,-144
221000090,76,385,-309
221000098,101,19,82
221000099,149,4,145
221000100,102,12,90
221000101,192,13,179
221000102,97,14,83
221000109,9,77,-68
221000110,6,63,-57
221000111,15,189,-174
221000112,5,116,-111
221000113,13,109,-96
221000114,4,90,-86
221000120,21,23,-2
221000121,3,28,-25
221000122,23,32,-9
221000123,11,17,-6
221000124,23,95,-72
221000155,65,11,54
221000156,76,27,49
221000175,0,19,-19
221000176,0,7,-7
221000182,41,7,34
221000241,620,226,394
221000242,132,413,-281
221000243,548,153,395
221000244,215,525,-310
221000245,78,97,-19
221000246,62,247,-185
221000247,97,87,10
221000248,160,139,21
221000267,36,404,-368
221000325,37,52,-15
221000331,5,44,-39
221000338,14,22,-8
221000378,149,20,129
221000381,31,38,-7
222000282,12,1,11
222000296,6,22,-16
222000568,242,24,218
222000569,136,28,108
222000570,110,16,94
222000571,265,18,247
222000577,10,75,-65
222000578,30,117,-87
222000579,24,95,-71
222000580,80,505,-425
222000599,0,89,-89
222000600,2,196,-194
222000601,5,588,-583
222000603,16,31,-15
222000604,10,42,-32
222000605,19,22,-3
222000606,4,4,0
222000607,6,4,2
222000608,20,10,10
222000609,79,109,-30
222000616,284,39,245
222000617,4,26,-22
222000618,16,8,8
222000620,25,10,15
222000621,49,34,15
222000623,508,7,501
222000624,317,2,315
222000625,442,15,427
222000636,56,2,54
222000686,36,2,34
222000687,31,40,-9
222001066,176,6,170
222001067,7,3,4
222001068,43,17,26
222001069,23,18,5
222001082,8,21,-13
222001083,20,20,0
222001084,0,20,-20
222001085,1,59,-58
222001111,21,106,-85
222001112,72,9,63
222001313,43,4,39
222001314,11,79,-68
222001464,188,59,129
222001465,25,97,-72
222001484,83,70,13
222001485,30,39,-9
222001494,358,138,220
222001495,101,162,-61
222001496,284,78,206
222001497,99,270,-171
222001502,8,79,-71
222001503,73,32,41
222001504,19,209,-190
222001505,236,14,222
222001506,51,318,-267
222001507,235,20,215
222001510,283,22,261
222001511,45,229,-184
222001514,489,118,371
222001515,167,340,-173
222001518,241,53,188
222001519,59,155,-96
222001527,114,46,68
222001528,51,131,-80
222001529,218,27,191
222001530,68,124,-56
222001533,125,147,-22
222001534,194,48,146
222001535,191,205,-14
222001536,44,163,-119
222001537,274,57,217
222001538,48,329,-281
222001563,571,77,494
222001564,51,345,-294
222001568,459,149,310
222001576,4,3,1
222001579,0,7,-7
222001583,11,84,-73
222001584,71,21,50
222001596,360,807,-447
222001597,1061,222,839
222001626,0,79,-79
222001650,56,104,-48
222001651,70,143,-73
222001914,187,45,142
222001915,48,161,-113
222001968,383,248,135
222001969,343,457,-114
222001970,165,139,26
222001971,8,8,0
222001972,0,13,-13
225000001,343,129,214
225000002,423,147,276
225000003,466,59,407
225000004,285,140,145
225000005,83,52,31
225000006,0,98,-98
225000007,987,908,79
225000010,209,42,167
225000011,208,688,-480
225000012,190,356,-166
225000013,85,78,7
225000014,453,51,402
225000015,90,121,-31
225000021,551,138,413
225000027,156,353,-197
225000032,543,71,472
225000042,31,424,-393
225000049,43,32,11
225000050,85,7,78
225000053,4,220,-216
225000058,530,131,399
225000067,142,151,-9
225000068,78,172,-94
225000069,98,335,-237
225000070,76,277,-201
225000071,40,87,-47
225000075,14,371,-357
225000076,62,110,-48
225000078,75,48,27
225000085,66,110,-44
225000086,199,34,165
225000087,127,15,112
225000088,11,165,-154
225000089,171,728,-557
225000090,20,302,-282
225000091,174,82,92
225000092,45,72,-27
225000093,149,200,-51
225000094,14,177,-163
225000095,214,264,-50
225000096,278,311,-33
225000098,510,248,262
225000099,345,125,220
225000100,265,130,135
225000104,78,287,-209
225000110,11,224,-213
225000111,182,631,-449
225000112,207,780,-573
225000113,143,405,-262
225000114,44,149,-105
225000115,1021,463,558
225000116,760,179,581
225000117,742,170,572
225000118,744,153,591
225000119,165,49,116
225000120,567,28,539
225000121,138,17,121
225000123,374,16,358
225000125,348,158,190
225000126,575,103,472
225000127,594,825,-231
225000128,427,511,-84
225000132,251,12,239
225000133,142,12,130
225000134,452,111,341
225000135,56,7,49
225000136,233,6,227
225000137,205,39,166
225000138,272,57,215
225000143,32,136,-104
225000144,5,216,-211
225000145,26,21,5
225000146,18,72,-54
225000147,13,135,-122
225000148,8,115,-107
225000149,29,273,-244
225000151,12,124,-112
225000155,314,310,4
225000156,143,517,-374
225000157,164,273,-109
225000158,33,164,-131
225000171,12,112,-100
225000180,40,11,29
225000181,1,59,-58
225000182,93,6,87
225000185,13,269,-256
225000187,31,234,-203
225000191,75,1,74
225000194,0,15,-15
225000208,0,35,-35
225000209,80,2,78
225000210,3,160,-157
225000217,0,9,-9
225000218,36,3,33
225000223,0,53,-53
225000224,69,1,68
225000225,0,90,-90
225000226,27,0,27
225000227,26,73,-47
225000228,5,12,-7
225000229,0,52,-52
225000230,10,0,10
225000231,0,39,-39
225000232,125,0,125
225000241,80,1,79
225000242,0,48,-48
225000249,9,0,9
225000250,35,450,-415
225000251,235,14,221
226000042,215,255,-40
226000043,68,179,-111
226000044,108,306,-198
226000045,35,187,-152
226000046,328,48,280
226000047,329,48,281
226000048,214,65,149
226000049,193,146,47
226000070,1,43,-42
226000071,0,56,-56
226000072,0,8,-8
226000073,1,9,-8
226000074,0,7,-7
226000084,3,32,-29
226000085,1,3,-2
226000086,3,17,-14
226000087,0,12,-12
226000088,15,15,0
226000090,59,87,-28
226000091,14,33,-19
226000092,10,4,6
226000093,32,6,26
226000094,7,5,2
226000095,15,14,1
226000105,8,1,7
226000106,6,0,6
226000107,4,1,3
226000108,30,0,30
226000109,73,0,73
226000124,96,51,45
226000134,498,316,182
226000135,839,357,482
226000136,333,280,53
226000137,1,212,-211
226000138,14,128,-114
226000139,3,17,-14
226000156,130,2,128
226000157,110,4,106
226000163,41,39,2
226000202,7,194,-187
226000231,357,7,350
226000232,29,10,19
227000033,313,68,245
227000036,322,32,290
227000037,272,27,245
227000038,291,35,256
227000049,0,17,-17
227000050,0,47,-47
227000055,90,3,87
227000056,34,0,34
227000084,3,71,-68
227000085,2,43,-41
227000088,40,0,40
227000089,112,4,108
227000090,42,2,40
227000091,25,0,25
227000093,140,2,138
227000094,25,0,25
227000130,34,74,-40
227000131,17,173,-156
227000132,4,102,-98
227000133,8,102,-94
227000134,19,207,-188
227000152,0,20,-20
227000153,0,55,-55
227000155,2,18,-16
227000156,0,9,-9
227000165,8,38,-30
227000196,304,110,194
227000199,232,283,-51
227000230,16,253,-237
227000232,378,16,362
227000242,56,348,-292
227000243,357,85,272
227000245,11,253,-242
227000246,107,379,-272
227000247,400,81,319
227000248,164,49,115
227000249,32,146,-114
227000250,418,184,234
227000251,117,237,-120
227000252,23,203,-180
227000253,120,19,101
227000262,330,63,267
227000266,909,19,890
227000267,21,951,-930
227000282,1,76,-75
227000284,346,7,339
227000286,3,33,-30
227000287,5,50,-45
227000291,8,272,-264
227000484,241,23,218
227000485,17,646,-629
227000655,97,4,93
227000656,431,22,409
227000657,79,8,71
227000661,256,14,242
227000680,106,48,58
229000265,9,21,-12
229000296,0,19,-19
229000297,6,22,-16
229000298,2,109,-107
229000320,4,7,-3
229000321,10,2,8
229000412,17,49,-32
229000414,5,42,-37
229000415,37,1,36
229000416,1,4,-3
229000417,10,7,3
229000419,100,185,-85
229000440,271,49,222
229000442,9,2,7
229000443,5,2,3
229000444,6,12,-6
229000445,64,14,50
229000446,48,10,38
229000491,0,9,-9
229000492,2,28,-26
229000493,3,25,-22
229000494,22,2,20
229000495,66,4,62
229000496,18,7,11
229000507,0,35,-35
229000508,0,18,-18
229000509,1,22,-21
229000510,0,10,-10
229000511,0,16,-16
229000512,0,7,-7
229000513,0,5,-5
229000514,0,2,-2
229000517,1,0,1
229000518,8,6,2
229000519,4,6,-2
229000520,10,14,-4
229000521,30,4,26
229000522,4,2,2
229000523,1,5,-4
229000524,3,3,0
229000527,0,0,0
229000528,1,0,1
229000529,6,1,5
229000530,24,0,24
229000531,26,0,26
229000532,13,2,11
229000533,33,1,32
229000534,25,0,25
229000564,28,0,28
229000565,7,0,7
229000566,0,4,-4
229000567,0,22,-22
229000582,63,2,61
229000583,2,1,1
229000584,1,21,-20
229000585,1,20,-19
229000718,0,3,-3
229000719,0,2,-2
229000720,0,5,-5
229000721,0,4,-4
229000722,0,6,-6
229000723,0,0,0
229000724,0,2,-2
229000725,0,2,-2
229000738,3,0,3
229000739,1,0,1
229000740,0,0,0
229000741,14,0,14
229000742,5,0,5
229000743,5,0,5
229000744,2,0,2
229000745,2,0,2
229000746,7,0,7
229000847,46,1,45
229000848,16,0,16
229000849,85,0,85
229000851,29,0,29
229000854,1,9,-8
229000856,0,30,-30
229000857,0,13,-13
229000858,0,22,-22
229000919,12,82,-70
229000930,15,195,-180
229000937,44,14,30
229000966,34,23,11
229000981,13,26,-13
229000985,9,20,-11
229000986,0,1,-1
229000987,0,1,-1
229000988,0,9,-9
229000989,8,3,5
229000990,2,2,0
229000991,1,0,1
229000992,15,7,8
229000993,113,13,100
229000998,10,45,-35
229000999,52,11,41
229001034,0,8,-8
229001035,5,0,5
229001037,15,6,9
229001042,10,11,-1
229001047,9,26,-17
229001050,22,30,-8
229001168,0,13,-13
229001200,17,1,16
229001338,4,29,-25
229001394,150,10,140
229001422,115,20,95
229001423,23,105,-82
229001431,34,43,-9
229001432,25,42,-17
229001444,96,26,70
229001445,16,115,-99
229001479,8,2,6
229001503,154,95,59
229001504,95,106,-11
229001505,99,31,68
229001506,48,69,-21
229001509,44,18,26
229001545,63,5,58
229001546,8,71,-63
229001553,61,14,47
229001554,31,52,-21
229001559,4,10,-6
229001560,8,14,-6
229001630,47,8,39
229001631,9,20,-11
229001635,0,5,-5
229001636,20,0,20
229001658,3,69,-66
229001659,65,5,60
229001660,25,4,21
229001661,17,15,2
229001662,22,0,22
229001663,0,27,-27
229002584,112,102,10
229002831,111,91,20
229002841,9,11,-2
229002842,19,11,8
229002843,51,15,36
229002844,27,44,-17
229002845,10,41,-31
229002846,33,15,18
229002847,1,3,-2
229002848,19,8,11
229002849,2,36,-34
229002850,16,0,16
229002851,28,74,-46
229002852,159,21,138
229002853,153,14,139
229002854,26,30,-4
229002855,8,15,-7
229002856,23,18,5
229002857,7,75,-68
229002858,24,5,19
229002859,15,51,-36
229002860,227,13,214
229002861,31,14,17
229002862,35,16,19
229002863,10,18,-8
229002864,14,12,2
229002865,14,17,-3
229002866,26,6,20
229002867,2,22,-20
229002868,13,14,-1
229002869,28,87,-59
229002870,54,15,39
235000066,303,25,278
235000067,95,47,48
235000072,19,69,-50
235000073,44,315,-271
235000074,39,35,4
235000080,16,71,-55
235000081,87,119,-32
235000082,156,46,110
235000083,129,67,62
235000084,51,60,-9
235000085,81,60,21
235000089,23,25,-2
235000092,25,118,-93
235000093,30,11,19
235000097,5,4,1
235000098,98,8,90
235000099,34,6,28
235000116,66,16,50
235000117,448,10,438
235000133,3,335,-332
235000134,9,122,-113
235000206,16,4,12
235000207,6,1,5
235000208,11,1,10
235000209,7,2,5
235000210,4,2,2
235000212,11,19,-8
235000213,3,4,-1
235000220,3,6,-3
235000221,65,16,49
235000238,19,62,-43
235000239,0,20,-20
235000242,273,463,-190
235000245,569,139,430
235000246,32,60,-28
235000284,5,126,-121
235000295,166,17,149
235000305,232,19,213
235000306,140,5,135
235000307,16,1,15
235000308,8,1,7
235000309,58,0,58
235000310,18,0,18
235000311,81,9,72
235000322,0,36,-36
235000323,0,37,-37
235000324,1,22,-21
235000325,0,8,-8
235000326,1,83,-82
235000351,5,44,-39
235000352,8,24,-16
235000353,2,25,-23
235000354,9,16,-7
235000355,4,61,-57
235000356,103,8,95
235000357,26,5,21
235000358,172,8,164
235000359,25,8,17
235000360,40,11,29
235000361,46,4,42
235000381,90,134,-44
235000382,156,34,122
235000390,16,6,10
235000391,118,11,107
235000392,120,267,-147
235000393,71,101,-30
235000395,86,33,53
235000396,398,51,347
235000400,57,68,-11
235000401,24,129,-105
235000405,76,204,-128
235000406,36,184,-148
235000407,58,85,-27
235000409,130,106,24
235000410,64,220,-156
235000411,2,65,-63
235000485,0,13,-13
235000486,5,0,5
235000549,43,102,-59
235000550,57,173,-116
235000599,143,58,85
235000600,13,25,-12
235000601,53,24,29
235000602,94,83,11
235000614,0,4,-4
235000648,0,4,-4
235000649,20,2,18
235000685,2,5,-3
235000815,15,22,-7
235000834,0,5,-5
235000855,24,72,-48
235000862,34,93,-59
235000891,0,6,-6
235000892,14,3,11
235000901,83,64,19
235000907,8,14,-6
235001010,73,44,29
235001029,402,348,54
235001030,325,207,118
235001078,83,106,-23
235001079,88,72,16
235001147,21,27,-6
235001166,7,57,-50
235001167,48,35,13
235001169,37,234,-197
235001188,1,6,-5
235001189,1,2,-1
235001197,15,34,-19
235001200,35,44,-9
235001207,196,35,161
235001210,50,111,-61
235001215,68,125,-57
235001239,2,38,-36
235001244,0,6,-6
235016267,0,25,-25
277101746,0,2,-2
277102712,2,0,2
277103813,0,0,0
277103814,0,0,0
277103898,0,0,0
277104249,0,2,-2
277104250,0,6,-6
277104251,0,3,-3
277104252,0,2,-2
990011530,0,150,-150
990014944,1,363,-362
990015176,47,32,15
990015618,0,79,-79
990016032,1,176,-175
990032570,0,21,-21
990070001,60,3,57
990070103,0,3,-3
990070601,0,15,-15
990070751,601,7,594
990070766,2,302,-300
990071180,359,164,195
990071343,15,7,8
990071387,0,9,-9
990071823,596,1,595
990072600,3,903,-900
990072964,1,204,-203
990073285,1,4,-3
990074393,2,454,-452
990074870,1437,11,1426
990075106,1820,5,1815
990075746,514,8,506
990076437,935,2,933
990076458,2,405,-403
997000007,828,15,813
997000041,0,126,-126
997000058,31,0,31
997000062,33,4,29
997000069,0,2,-2
997000070,0,19,-19
997000100,22,0,22
997000141,3,1028,-1025
997000198,412,1854,-1442
998000475,1,33,-32
998000736,4,96,-92
998000965,0,9,-9
998001031,0,78,-78
998001700,0,5,-5
998001899,0,3,-3
998001900,2,2,0
998003073,659,3,656
998101900,0,0,0
998102850,0,206,-206
998501927,1127,578,549
998501929,96,3,93
998501930,26,0,26
998501931,112,3,109
998501932,9,2,7
998501933,33,2,31
998501937,10,0,10
998501944,1,0,1
998501950,0,8,-8
998501970,30,2,28
998501971,0,91,-91
998501973,0,22,-22
998501974,0,245,-245
998501975,95,2,93
998501976,114,0,114
998501977,0,17,-17
998501978,26,2,24
998501979,0,21,-21
998501980,43,12,31
998501981,35,0,35
998501982,0,71,-71
998501983,0,6,-6
998502024,0,13,-13
998502032,0,6,-6
998502062,10,2,8
998502063,0,0,0
998502173,54,1,53
998502269,0,2,-2
998502546,0,145,-145
998502578,3,0,3
998502599,55,82,-27
998601159,1,96,-95
998601292,0,10,-10
999033574,0,275,-275
999800001,13,1,12
999800002,0,6,-6
999800003,3,0,3
999800004,0,1,-1
999800005,0,10,-10
