ID,insum,outsum,diff
100000001,372,131,241
100000002,1148,2447,-1299
100000003,1794,2333,-539
100000004,87,644,-557
100000005,1381,1842,-461
100000006,245,165,80
100000007,664,717,-53
100000008,42,341,-299
100000009,59,416,-357
100000010,27,91,-64
100000011,77,35,42
100000012,43,77,-34
100000013,1,42,-41
100000014,25,159,-134
100000015,361,665,-304
100000016,52,704,-652
100000017,56,786,-730
100000018,308,232,76
100000019,923,1100,-177
100000020,428,1624,-1196
100000021,1567,580,987
100000022,186,1236,-1050
100000023,1393,536,857
100000025,147,608,-461
100000028,212,717,-505
100000029,8,252,-244
100000030,17,15,2
100000031,667,2618,-1951
100000032,695,1853,-1158
100000033,394,1300,-906
100000034,14,492,-478
100000035,241,499,-258
100000036,215,696,-481
100000037,337,195,142
100000038,1302,453,849
100000039,78,106,-28
100000040,119,98,21
100000041,598,237,361
100000042,449,240,209
100000043,213,155,58
100000044,33,73,-40
100000045,79,130,-51
100000046,84,172,-88
100000047,42,149,-107
100000048,52,175,-123
100000049,445,365,80
100000051,167,185,-18
100000053,33,3,30
100000054,110,11,99
100000055,239,207,32
100000056,114,286,-172
100000057,916,126,790
100000058,384,297,87
100000059,17,107,-90
100000060,343,185,158
100000061,1042,439,603
100000062,501,516,-15
100000063,343,240,103
100000064,519,277,242
100000065,157,279,-122
100000066,90,162,-72
100000067,80,204,-124
100000068,142,522,-380
100000069,161,562,-401
100000072,58,137,-79
100000073,450,345,105
100000075,270,48,222
100000076,526,2256,-1730
100000077,35,240,-205
100000078,0,16,-16
100000079,1,39,-38
100000080,0,75,-75
100000081,4,58,-54
100000102,862,2173,-1311
100000103,638,1321,-683
100000104,1442,1084,358
100000105,513,403,110
100000106,178,1379,-1201
100000107,52,375,-323
100000108,83,183,-100
100000109,233,320,-87
100000116,96,195,-99
100000117,9,48,-39
100000118,266,440,-174
100000119,545,450,95
100000121,32,243,-211
100000122,187,870,-683
100000123,439,934,-495
100000124,560,1118,-558
100000125,2954,1736,1218
100000126,202,277,-75
100000127,390,332,58
100000128,93,1441,-1348
100000129,109,451,-342
100000130,461,70,391
100000131,236,487,-251
100000132,271,817,-546
100000133,513,200,313
100000135,275,452,-177
100000139,75,388,-313
100000140,81,50,31
100000142,323,185,138
100000143,282,107,175
100000144,493,179,314
100000147,580,2480,-1900
100000150,36,194,-158
100000151,59,739,-680
100000153,5,156,-151
100000154,0,207,-207
100000155,1,23,-22
100000156,7,123,-116
100000157,69,151,-82
100000158,59,102,-43
100000159,60,762,-702
100000165,379,191,188
100000169,6,572,-566
100000174,115,395,-280
100000179,26,299,-273
100000180,196,508,-312
100000181,58,105,-47
100000188,39,37,2
100000189,243,106,137
100000190,206,491,-285
100000191,315,289,26
100000192,1,38,-37
100000193,116,79,37
100000330,128,357,-229
100000355,80,245,-165
100000362,943,388,555
100000363,2751,3126,-375
100000364,50,153,-103
100000365,3298,4249,-951
100000366,838,343,495
100000367,2751,3178,-427
100000368,758,398,360
100000369,154,902,-748
100000370,53,415,-362
100000376,13,213,-200
100000379,189,1286,-1097
100000380,993,2694,-1701
100000384,1871,2573,-702
100000385,406,1984,-1578
100000386,497,2075,-1578
100000387,878,2374,-1496
100000388,656,1364,-708
100000389,1325,2089,-764
100000390,674,889,-215
100000391,1101,2715,-1614
100000392,227,745,-518
100000393,285,1800,-1515
100000394,608,1672,-1064
100000395,213,1609,-1396
100000396,419,785,-366
100000397,548,2913,-2365
100000398,3528,1537,1991
100000413,4,8,-4
100000414,19,293,-274
100900002,1,1,0
100900003,231,218,13
100900004,1,61,-60
100900005,86,2,84
100900006,28,11,17
100900007,54,2,52
100900008,0,33,-33
100900009,8,16,-8
100900010,30,0,30
100900011,108,82,26
100900012,0,15,-15
100900013,464,6,458
100900014,1,0,1
100900015,7,6,1
100900016,1,19,-18
100900017,487,15,472
100900018,0,6,-6
100900019,0,15,-15
100900020,129,0,129
100900021,200,0,200
100900022,0,8,-8
100900023,0,19,-19
100900024,159,1,158
100900025,0,0,0
100900026,83,25,58
100900027,109,1011,-902
100900028,20,88,-68
100900029,48,1,47
100900030,0,39,-39
100900031,439,9,430
100900032,165,0,165
100900033,10,110,-100
100900034,795,0,795
100900035,100,0,100
100900036,0,0,0
100900037,105,21,84
100900038,6,19,-13
100900039,130,16,114
100900040,421,45,376
100900041,312,47,265
100900042,39,2261,-2222
100900043,0,14,-14
100900044,312,199,113
100900045,1,0,1
100900046,474,2,472
100900047,304,39,265
100900048,62,6,56
100900049,6,15,-9
100900050,0,0,0
100900051,10,46,-36
100900052,42,2,40
100900053,297,3,294
100900054,4,9,-5
100900055,64,416,-352
100900056,12,22,-10
100900057,815,69,746
100900058,218,30,188
100900059,42,2,40
100900060,100,0,100
100900061,15,42,-27
100900062,0,8,-8
100900063,86,362,-276
100900064,171,1,170
100900065,15,69,-54
100900066,101,18,83
100900067,0,0,0
100900068,49,70,-21
100900069,67,1,66
100900070,243,0,243
100900071,52,45,7
100900072,0,23,-23
100900073,29,96,-67
100900074,1,3,-2
100900075,287,10,277
100900076,1,12,-11
100900077,16,0,16
100900078,18,73,-55
100900079,0,0,0
100900080,42,38,4
100900081,3,90,-87
100900082,147,42,105
100900083,8,0,8
100900085,1,166,-165
100900086,4,159,-155
100900088,107,74,33
100900089,0,19,-19
100900090,3,154,-151
100900091,0,13,-13
100900092,43,119,-76
100900093,203,163,40
100900094,68,30,38
100900095,0,5,-5
100900096,14,35,-21
100900097,1,0,1
100900098,14,1,13
100900099,0,66,-66
100900100,0,17,-17
100900101,71,16,55
100900102,3,37,-34
100900103,2,3,-1
100900104,0,44,-44
100900105,1,55,-54
100900106,5,0,5
100900107,505,183,322
100900108,1,2,-1
100900109,21,0,21
100900110,1,1,0
100900111,3,28,-25
100900112,1,2,-1
100900113,1,6,-5
100900114,0,15,-15
100900115,0,6,-6
100900116,318,184,134
100900117,64,617,-553
100900118,0,12,-12
100900119,0,0,0
100900120,5,0,5
100900121,176,132,44
100900122,22,15,7
100900123,140,10,130
100900124,1,6,-5
100900125,0,8,-8
100900126,196,5,191
100900127,0,0,0
100900128,3,81,-78
100900129,0,175,-175
100900131,1,18,-17
100900133,35,1,34
100900134,5,0,5
100900135,1,118,-117
100900137,32,12,20
100900138,30,85,-55
100900139,4,9,-5
100900140,0,24,-24
100900141,0,110,-110
100900142,0,0,0
100900143,118,79,39
100900144,0,10,-10
100900145,3,24,-21
100900146,0,13,-13
100900147,3,593,-590
100900148,2,44,-42
100900149,3,282,-279
100900150,0,23,-23
100900151,12,103,-91
100900152,16,5,11
100900153,0,241,-241
100900154,22,24,-2
100900155,13,8,5
100900156,6,0,6
100900157,6,130,-124
100900159,0,0,0
100900160,13,0,13
100900161,1,0,1
100900162,2,69,-67
100900163,1,12,-11
100900164,26,0,26
100900165,18,12,6
100900166,0,1,-1
100900167,1,5,-4
100900168,1,23,-22
100900169,9,194,-185
100900170,24,0,24
100900171,1,170,-169
100900172,1,106,-105
100900173,0,41,-41
100900174,1,7,-6
100900176,350,15,335
100900177,102,22,80
100900178,65,121,-56
100900179,52,46,6
100900180,1,2,-1
100900181,5,1,4
100900182,2,1,1
100900184,18,46,-28
100900186,121,46,75
100900187,27,49,-22
100900188,49,7,42
100900189,615,106,509
100900191,90,291,-201
100900192,10,63,-53
100900195,23,64,-41
100900197,12,41,-29
100900198,15,6,9
100900199,4,1,3
100900200,223,32,191
100900201,3,223,-220
100900202,11,0,11
100900203,0,18,-18
100900204,2,50,-48
100900205,16,264,-248
100900206,58,78,-20
100900207,124,9,115
100900210,11,6,5
100900211,182,48,134
100900213,20,7,13
100900214,105,28,77
100900215,12,0,12
100900217,35,19,16
101000001,700,1085,-385
101000002,2063,1955,108
101000003,27,441,-414
101000004,2059,3879,-1820
101000005,1826,2876,-1050
101000006,1718,4510,-2792
101000007,666,1927,-1261
101000009,1045,186,859
101000010,393,231,162
101000011,219,188,31
101000012,131,88,43
101000013,216,476,-260
101000014,162,166,-4
101000015,1230,424,806
101000016,45,223,-178
101000017,123,142,-19
101000018,668,1451,-783
101000020,500,251,249
101000021,143,207,-64
101000022,2,6,-4
101000023,269,317,-48
101000025,127,233,-106
101000026,216,25,191
101000027,557,1271,-714
101000028,327,148,179
101000029,20,336,-316
101000030,259,93,166
101000031,25,456,-431
101000032,871,1928,-1057
101000033,383,1601,-1218
101000034,189,1035,-846
101000035,85,87,-2
101000036,119,892,-773
101000037,290,1589,-1299
101000039,734,803,-69
101000040,888,1645,-757
101000041,1024,3441,-2417
101000042,4,297,-293
101000043,1039,1937,-898
101000045,108,505,-397
101000046,226,854,-628
101000047,501,1730,-1229
101000048,90,200,-110
101000049,117,302,-185
101000050,188,727,-539
101000051,116,721,-605
101000052,562,784,-222
101000053,118,426,-308
101000054,314,143,171
101000055,435,674,-239
101000056,5,60,-55
101000057,222,804,-582
101000058,192,583,-391
101000059,510,1300,-790
101000060,567,327,240
101000061,59,958,-899
101000062,54,302,-248
101000063,68,627,-559
101000064,89,524,-435
101000065,53,487,-434
101000066,77,845,-768
101000067,108,281,-173
101000068,68,138,-70
101000069,67,82,-15
101000070,141,232,-91
101000071,1424,535,889
101000072,179,655,-476
101000073,97,887,-790
101000074,716,1297,-581
101000075,854,752,102
101000077,830,704,126
101000078,382,417,-35
101000079,580,726,-146
101000080,435,247,188
101000081,664,618,46
101000082,783,631,152
101000083,1446,815,631
101000084,270,147,123
101000085,732,485,247
101000086,310,254,56
101000087,316,351,-35
101000088,797,454,343
101000089,475,611,-136
101000090,505,215,290
101000091,220,120,100
101000092,1077,328,749
101000093,560,198,362
101000094,159,147,12
101000095,199,277,-78
101000096,326,156,170
101000097,133,97,36
101000098,181,227,-46
101000099,127,451,-324
101000100,441,866,-425
101000101,57,260,-203
101000102,98,395,-297
101000103,145,385,-240
101000104,114,489,-375
101000105,183,354,-171
101000106,156,1593,-1437
101000107,120,96,24
101000108,106,26,80
101000109,223,26,197
101000110,2,76,-74
101000111,64,36,28
101000113,16,319,-303
101000114,602,2031,-1429
101000115,1,0,1
101000116,14,9,5
101000117,270,58,212
101000119,4,61,-57
101000120,9,49,-40
101000121,10,22,-12
101000122,26,77,-51
101000123,10,40,-30
101000124,607,389,218
101000125,79,96,-17
101000128,77,276,-199
101000130,113,68,45
101000131,552,222,330
101000132,332,113,219
101000135,0,48,-48
101000136,19,53,-34
101000137,0,199,-199
101000141,202,2081,-1879
101000147,575,116,459
101000148,281,3,278
101000149,16,56,-40
101000150,67,83,-16
101000151,154,14,140
101000152,73,77,-4
101000153,129,40,89
101000154,358,174,184
101000155,345,56,289
101000156,20,161,-141
101000157,8,15,-7
101000160,0,1,-1
101000163,18,437,-419
101000164,181,63,118
101000165,73,187,-114
101000166,49,119,-70
101000168,475,180,295
101000252,1346,350,996
101000254,9,5,4
101000258,67,0,67
101000261,88,47,41
101000262,387,2454,-2067
101000263,98,588,-490
101000265,5,267,-262
101000266,86,149,-63
101000269,2,1,1
101000290,68,968,-900
101000293,0,1,-1
101000294,120,112,8
101000295,69,142,-73
101000301,89,415,-326
101000304,559,1312,-753
101000305,1071,499,572
101000328,37,724,-687
101900001,11,3,8
101900002,0,3,-3
101900003,3,18,-15
101900004,0,23,-23
101900005,421,1447,-1026
101900006,361,94,267
101900007,69,36,33
101900008,5,64,-59
101900009,2,244,-242
101900010,106,302,-196
101900011,44,384,-340
101900012,102,29,73
101900013,78,26,52
101900017,1,45,-44
101900018,127,73,54
101900019,16,15,1
101900020,29,4,25
101900021,0,8,-8
101900022,24,95,-71
101900023,53,10,43
101900026,14,4,10
101900027,3,53,-50
102000001,1201,2827,-1626
102000002,871,407,464
102000003,642,2205,-1563
102000004,940,922,18
102000005,335,1667,-1332
102000006,202,538,-336
102000007,391,2240,-1849
102000008,1589,557,1032
102000009,3060,3412,-352
102000010,1335,817,518
102000011,1931,1851,80
102000012,1710,1137,573
102000018,925,1318,-393
102000019,762,555,207
102000026,199,204,-5
102000029,86,82,4
102000030,105,142,-37
102000031,12,32,-20
102000032,257,176,81
102000033,207,132,75
102000034,106,137,-31
102000035,371,148,223
102000036,4,108,-104
102000037,23,17,6
102000038,43,43,0
102000039,21,38,-17
102000040,53,109,-56
102000041,61,236,-175
102000042,46,168,-122
102000043,6,180,-174
102000044,111,409,-298
102000045,186,402,-216
102000046,546,192,354
102000047,285,224,61
102000048,147,189,-42
102000049,398,280,118
102000050,260,449,-189
102000051,107,128,-21
102000052,362,332,30
102000053,335,258,77
102000054,364,216,148
102000055,268,123,145
102000056,593,129,464
102000057,583,163,420
102000058,373,155,218
102000059,268,237,31
102000060,410,650,-240
102000061,546,457,89
102000062,1143,465,678
102000063,358,656,-298
102000064,364,361,3
102000065,27,121,-94
102000066,446,164,282
102000067,1187,1748,-561
102000068,2140,1068,1072
102000069,19,696,-677
102000070,875,11,864
102000071,2816,5098,-2282
102000072,709,1246,-537
102000073,97,155,-58
102000074,257,171,86
102000075,48,71,-23
102000076,140,73,67
102000077,293,129,164
102000078,596,90,506
102000079,59,25,34
102000080,160,51,109
102000081,63,300,-237
102000082,211,238,-27
102000083,318,39,279
102000084,579,67,512
102000085,933,146,787
102000086,731,218,513
102000087,129,255,-126
102000088,211,94,117
102000089,652,124,528
102000090,208,481,-273
102000091,510,294,216
102000092,46,210,-164
102000093,262,369,-107
102000094,159,95,64
102000095,131,339,-208
102000096,70,82,-12
102000097,106,126,-20
102000098,47,155,-108
102000099,270,248,22
102000100,60,336,-276
102000101,55,204,-149
102000102,68,338,-270
102000103,886,170,716
102000104,242,126,116
102000105,112,127,-15
102000106,274,124,150
102000107,907,104,803
102000108,198,94,104
102000109,139,114,25
102000110,400,154,246
102000111,1,114,-113
102000112,14,72,-58
102000113,1,16,-15
102000114,257,232,25
102000115,111,132,-21
102000116,140,325,-185
102000117,16,182,-166
102000118,423,784,-361
102000119,241,643,-402
102000120,68,222,-154
102000121,287,124,163
102000122,180,405,-225
102000123,282,125,157
102000124,319,465,-146
102000125,162,123,39
102000126,142,263,-121
102000127,373,101,272
102000128,244,285,-41
102000129,361,129,232
102000130,181,297,-116
102000131,249,189,60
102000132,132,225,-93
102000133,1659,403,1256
102000134,518,236,282
102000135,164,283,-119
102000136,416,177,239
102000137,119,92,27
102000138,72,35,37
102000139,54,196,-142
102000140,19,150,-131
102000141,10,593,-583
102000142,124,467,-343
102000143,83,76,7
102000144,127,43,84
102000145,114,64,50
102000146,107,149,-42
102000147,146,156,-10
102000148,49,90,-41
102000149,154,45,109
102000150,252,6,246
102000151,32,19,13
102000152,175,38,137
102000153,310,209,101
102000154,115,85,30
102000155,15,139,-124
102000156,92,41,51
102000157,26,159,-133
102000158,33,244,-211
102000159,303,489,-186
102000161,828,752,76
102000162,44,50,-6
102000163,73,208,-135
102000164,143,344,-201
102000165,105,62,43
102000166,18,60,-42
102000167,60,57,3
102000168,30,34,-4
102000169,42,403,-361
102000170,174,15,159
102000171,17,54,-37
102000172,1,164,-163
102000173,203,189,14
102000174,51,12,39
102000175,74,6,68
102000176,3,22,-19
102000178,94,196,-102
102000179,225,114,111
102000180,457,141,316
102000181,590,136,454
102000182,295,137,158
102000183,770,306,464
102000184,700,206,494
102000185,1356,175,1181
102000186,662,380,282
102000187,312,147,165
102000188,669,409,260
102000189,708,93,615
102000190,111,842,-731
102000191,233,192,41
102000192,329,565,-236
102000193,25,22,3
102000194,10,44,-34
102000195,323,127,196
102000196,103,112,-9
102000197,575,66,509
102000198,102,160,-58
102000199,659,42,617
102000200,73,181,-108
102000201,670,133,537
102000202,1,18,-17
102000203,140,37,103
102000204,311,107,204
102000205,655,109,546
102000206,93,84,9
102000207,233,163,70
102000208,146,222,-76
102000209,15,27,-12
102000210,294,21,273
102000211,211,35,176
102000212,260,4,256
102000213,3,58,-55
102000214,310,4,306
102000215,1,73,-72
102000216,104,61,43
102000217,1,23,-22
102000218,116,81,35
102000219,40,29,11
102000225,81,339,-258
102000226,112,184,-72
102000227,79,0,79
102000228,0,6,-6
102000229,27,45,-18
102000230,142,151,-9
102000231,155,247,-92
102000232,21,166,-145
102000233,237,73,164
102000234,16,467,-451
102000236,108,9,99
102000237,234,88,146
102000238,36,80,-44
102000240,67,184,-117
102000241,113,6,107
102000243,0,38,-38
102000245,5,23,-18
102000246,16,40,-24
102000247,91,190,-99
102000248,179,414,-235
102000249,82,44,38
102000250,3,45,-42
102000254,194,28,166
102000266,0,95,-95
102000271,16,0,16
102000286,92,189,-97
102000297,527,200,327
102000305,0,0,0
102000307,0,6,-6
102000316,93,46,47
102900001,587,110,477
102900002,119,3,116
102900003,30,32,-2
102900005,225,149,76
102900006,133,27,106
102900007,398,0,398
102900008,144,5,139
102900009,66,92,-26
102900010,96,397,-301
102900011,326,68,258
102900012,183,22,161
102900013,7,4,3
102900015,354,139,215
102900016,41,0,41
102900017,103,27,76
102900018,42,9,33
102900019,73,147,-74
102900020,46,3,43
102900021,24,2,22
102900022,8,17,-9
102900023,5,0,5
102900024,15,21,-6
102900025,23,4,19
102900026,92,943,-851
102900027,46,22,24
102900028,13,460,-447
102900029,2,37,-35
102900030,114,135,-21
102900031,89,25,64
102900032,28,10,18
102900033,20,63,-43
102900034,312,6,306
102900035,52,52,0
102900036,142,112,30
102900037,109,43,66
102900038,75,38,37
102900039,10,173,-163
102900040,14,62,-48
102900041,35,15,20
102900042,44,37,7
102900043,59,33,26
102900044,127,466,-339
102900045,78,131,-53
102900046,154,33,121
102900047,29,87,-58
102900048,134,49,85
102900049,35,269,-234
102900050,35,73,-38
102900051,51,52,-1
102900053,69,45,24
102900054,30,243,-213
102900055,6,93,-87
102900056,14,41,-27
102900057,5,27,-22
102900058,327,49,278
102900059,4,0,4
102900060,3,34,-31
102900061,19,31,-12
102900062,98,197,-99
102900063,833,28,805
102900064,18,199,-181
102900065,385,38,347
102900066,37,2,35
102900068,7,51,-44
102900070,55,67,-12
102900072,1,15,-14
102900073,5,0,5
102900075,0,6,-6
102900076,6,6,0
102900077,2,1,1
102900078,5,0,5
102900079,87,0,87
102900080,190,1,189
102900081,13,110,-97
102900082,1,8,-7
102900083,11,0,11
102900084,0,2,-2
102900085,24,4,20
102900086,0,7,-7
102900087,81,24,57
102900088,14,12,2
102900089,102,7,95
102900090,0,11,-11
102900091,129,0,129
102900092,132,35,97
102900094,0,7,-7
102900095,33,0,33
102900096,25,6,19
102900097,1,20,-19
103000001,1103,1109,-6
103000002,1632,1548,84
103000003,1464,1163,301
103000004,291,219,72
103000005,609,1385,-776
103000006,462,594,-132
103000007,156,134,22
103000008,417,330,87
103000009,787,482,305
103000010,121,34,87
103000011,498,235,263
103000012,538,650,-112
103000013,936,576,360
103000014,594,1013,-419
103000015,645,253,392
103000016,220,536,-316
103000017,89,449,-360
103000018,151,70,81
103000019,156,285,-129
103000020,741,603,138
103000021,1289,2164,-875
103000022,276,567,-291
103000023,477,1151,-674
103000024,26,38,-12
103000025,48,644,-596
103000026,103,78,25
103000027,21,403,-382
103000028,155,197,-42
103000029,29,94,-65
103000030,661,622,39
103000031,363,1211,-848
103000032,692,382,310
103000033,2158,1703,455
103000034,518,281,237
103000035,45,468,-423
103000036,76,157,-81
103000037,227,212,15
103000038,133,379,-246
103000039,161,92,69
103000040,491,297,194
103000041,699,662,37
103000042,552,47,505
103000043,385,175,210
103000044,77,41,36
103000046,66,208,-142
103000047,250,103,147
103000048,144,49,95
103000049,11,26,-15
103000050,357,38,319
103000051,304,127,177
103000052,249,61,188
103000053,118,74,44
103000054,648,95,553
103000055,805,353,452
103000056,301,284,17
103000057,885,108,777
103000058,444,147,297
103000059,382,197,185
103000060,389,56,333
103000061,301,267,34
103000062,187,21,166
103000063,405,252,153
103000064,47,30,17
103000065,1,95,-94
103000066,138,6,132
103000069,108,83,25
103000070,350,45,305
103000071,507,266,241
103000072,139,152,-13
103000073,489,17,472
103000074,456,29,427
103000075,30,121,-91
103000076,141,439,-298
103000077,1,103,-102
103000078,276,333,-57
103000079,159,323,-164
103000080,169,180,-11
103000081,140,466,-326
103000082,319,74,245
103000083,28,80,-52
103000084,36,0,36
103000085,1,38,-37
103000086,193,244,-51
103000087,62,294,-232
103000088,74,179,-105
103000089,113,322,-209
103000090,2451,898,1553
103000091,662,340,322
103000092,137,81,56
103000093,84,176,-92
103000094,178,43,135
103000095,19,110,-91
103000096,289,3,286
103000097,10,271,-261
103000098,217,7,210
103000099,19,151,-132
103000100,123,117,6
103000101,817,7,810
103000102,90,62,28
103000103,361,22,339
103000104,122,12,110
103000105,108,29,79
103000106,1,130,-129
103000107,118,19,99
103000108,909,750,159
103000109,219,470,-251
103000110,267,588,-321
103000111,198,238,-40
103000112,90,143,-53
103000113,100,377,-277
103000114,550,298,252
103000115,549,461,88
103000116,553,180,373
103000117,388,331,57
103000118,134,194,-60
103000119,370,136,234
103000120,23,109,-86
103000121,13,111,-98
103000122,240,576,-336
103000125,7,19,-12
103000126,264,1,263
103000127,1,38,-37
103000128,87,0,87
103000129,0,78,-78
103000130,14,7,7
103000131,25,52,-27
103000132,21,27,-6
103000133,9,152,-143
103000134,61,452,-391
103000135,174,125,49
103000136,98,133,-35
103000137,80,309,-229
103000138,141,357,-216
103000139,0,25,-25
103000140,81,2,79
103000141,8,11,-3
103000142,12,19,-7
103000143,35,43,-8
103000144,112,7,105
103000145,5,62,-57
103000150,85,14,71
103000152,43,128,-85
103000153,71,140,-69
103000156,1,29,-28
103000157,153,0,153
103000159,77,18,59
103000162,1,5,-4
103000163,0,18,-18
103000164,10,2,8
103000165,37,61,-24
103000166,124,248,-124
103000167,84,72,12
103000168,91,26,65
103000169,196,333,-137
103000170,964,135,829
103000171,1,29,-28
103000172,289,24,265
103000173,323,68,255
103000174,234,129,105
103000175,178,53,125
103000176,272,282,-10
103000177,93,146,-53
103000178,30,84,-54
103000179,34,2,32
103000183,252,36,216
103000185,161,25,136
103000186,118,42,76
103000187,522,81,441
103000188,3,80,-77
103000189,260,404,-144
103000191,96,100,-4
103000292,351,544,-193
103000293,140,1338,-1198
103000295,64,48,16
103000296,42,0,42
103000297,0,2,-2
103000504,34,8,26
103000505,0,3,-3
103000506,0,40,-40
103000507,63,0,63
103000508,14,22,-8
103000509,166,197,-31
103900001,0,4,-4
103900002,110,34,76
103900003,201,3,198
103900004,19,0,19
103900005,0,78,-78
103900006,0,1,-1
103900007,35,3,32
103900008,2,0,2
103900009,124,31,93
103900010,185,14,171
103900011,140,7,133
103900012,0,78,-78
103900013,1,0,1
103900014,20,3,17
103900015,41,2,39
103900016,20,19,1
103900017,35,33,2
103900018,32,5,27
103900019,2,95,-93
103900020,92,210,-118
103900021,42,5,37
103900022,199,89,110
103900023,139,0,139
103900024,2,60,-58
103900025,5,2,3
103900026,0,0,0
103900027,128,15,113
103900028,18,99,-81
103900029,518,48,470
103900030,119,44,75
103900031,12,0,12
103900032,64,78,-14
103900033,5,1,4
103900034,16,10,6
103900035,27,7,20
103900036,25,38,-13
103900037,30,4,26
103900038,1,93,-92
103900039,98,79,19
103900040,0,55,-55
103900041,41,4,37
103900042,165,52,113
103900043,248,7,241
103900044,17,158,-141
103900045,124,77,47
103900047,59,5,54
103900048,0,12,-12
103900049,15,338,-323
103900050,7,147,-140
103900051,0,51,-51
103900052,114,96,18
103900053,104,70,34
103900054,67,13,54
103900055,220,106,114
103900056,4,4,0
103900057,47,4,43
103900058,265,19,246
103900059,0,13,-13
103900060,59,9,50
103900061,150,2,148
103900062,212,40,172
103900063,0,0,0
103900064,147,1,146
103900065,77,76,1
103900066,117,25,92
103900067,159,1,158
103900068,0,0,0
103900069,24,1,23
103900070,17,41,-24
103900071,0,25,-25
103900072,9,41,-32
103900073,21,0,21
103900074,29,0,29
103900075,112,23,89
103900076,448,112,336
103900077,3,37,-34
103900078,85,19,66
103900079,19,6,13
103900080,0,1,-1
103900081,8,1,7
103900082,15,34,-19
103900083,314,728,-414
103900084,4,13,-9
103900085,19,18,1
103900086,529,91,438
103900088,65,108,-43
103900089,6,56,-50
103900090,0,11,-11
103900091,166,15,151
103900092,405,119,286
103900093,5,71,-66
103900094,1,4,-3
103900095,67,152,-85
103900096,34,5,29
103900097,0,41,-41
103900098,93,33,60
103900099,79,5,74
103900100,147,28,119
103900101,42,157,-115
103900102,1,0,1
103900104,0,3,-3
103900105,1,3,-2
103900106,0,43,-43
103900107,157,19,138
103900108,33,29,4
103900109,80,24,56
103900110,82,2,80
103900111,140,66,74
103900112,11,20,-9
103900113,9,31,-22
103900114,99,64,35
103900115,33,83,-50
103900116,269,494,-225
103900117,55,7,48
103900119,10,146,-136
103900120,32,19,13
103900122,158,33,125
103900123,58,282,-224
103900124,31,55,-24
103900125,78,38,40
103900126,298,10,288
103900127,52,33,19
103900128,49,8,41
103900131,5,13,-8
103900133,410,13,397
103900134,0,7,-7
103900135,0,0,0
103900137,0,1,-1
103900138,152,25,127
103900139,76,1394,-1318
103900140,1,159,-158
103900141,76,31,45
103900142,249,6,243
103900143,103,0,103
103900144,0,3,-3
103900145,56,59,-3
103900146,98,20,78
103900147,173,15,158
103900148,183,26,157
103900149,123,46,77
103900150,923,2059,-1136
103900151,0,2,-2
103900152,393,15,378
103900153,6,0,6
103900154,77,848,-771
103900155,20,23,-3
103900156,17,12,5
103900157,28,1,27
103900158,140,3,137
103900159,118,0,118
103900160,2,3,-1
103900161,7,38,-31
103900162,11,10,1
103900163,0,77,-77
103900167,1,9,-8
103900168,36,5,31
103900169,6,18,-12
103900170,0,15,-15
103900171,0,1,-1
103900172,0,0,0
103900173,2,3,-1
103900174,104,1,103
103900175,8,61,-53
103900176,0,15,-15
103900177,0,0,0
103900178,38,1,37
103900179,29,1,28
103900180,1,9,-8
103900181,17,4,13
103900182,3,11,-8
103900184,24,9,15
103900185,1,232,-231
103900187,17,24,-7
103900188,9,19,-10
103900189,73,0,73
103900190,28,13,15
103900191,8,19,-11
103900192,20,12,8
103900193,4,0,4
103900194,4,4,0
103900195,0,32,-32
103900196,24,19,5
103900197,8,3,5
103900198,3,1,2
103900199,99,7,92
103900200,90,0,90
103900201,38,1,37
103900202,0,11,-11
103900203,42,36,6
103900204,0,12,-12
103900207,0,18,-18
103900208,42,0,42
103900209,0,1,-1
103900210,19,10,9
103900211,295,36,259
103900212,21,9,12
103900213,3,15,-12
103900214,54,188,-134
103900215,7,108,-101
103900216,9,2,7
103900217,177,2,175
103900218,15,110,-95
103900219,141,48,93
103900233,50,5,45
103900235,29,52,-23
103900236,3,24,-21
103900242,0,0,0
103900243,0,2,-2
103900244,39,6,33
103900245,16,6,10
103900246,0,5,-5
103900247,0,8,-8
103900248,0,2,-2
103900249,0,56,-56
103900250,3,2,1
103900251,0,33,-33
103900253,0,3,-3
103900254,0,3,-3
103900255,0,0,0
103900256,4,18,-14
103900257,86,56,30
103900258,0,0,0
103900259,3,2,1
103900261,0,0,0
103900262,10,0,10
103900263,14,8,6
103900264,5,0,5
103900265,0,0,0
103900266,0,29,-29
103900267,0,20,-20
103900268,32,20,12
103900269,82,23,59
103900270,30,42,-12
103900271,24,31,-7
103900272,10,7,3
103900273,12,0,12
103900274,43,0,43
103900275,16,0,16
103900277,10,0,10
103900278,1,92,-91
103900279,60,42,18
103900280,1,6,-5
103900281,68,9,59
103900282,91,4,87
103900283,137,1,136
103900284,13,32,-19
103900285,12,76,-64
103900286,4,71,-67
103900287,2,47,-45
103900288,4,82,-78
103900289,27,50,-23
103900290,28,4,24
103900291,0,2,-2
103900292,27,5,22
103900293,0,4,-4
103900294,0,26,-26
104000001,1330,723,607
104000002,1043,1079,-36
104000003,1025,684,341
104000004,1468,962,506
104000005,849,806,43
104000006,1325,867,458
104000007,2823,1812,1011
104000008,159,125,34
104000009,262,104,158
104000010,156,223,-67
104000011,76,84,-8
104000012,72,97,-25
104000013,164,210,-46
104000014,72,93,-21
104000015,216,53,163
104000016,53,126,-73
104000018,473,76,397
104000019,395,130,265
104000020,52,96,-44
104000021,129,46,83
104000022,117,197,-80
104000023,930,154,776
104000024,154,60,94
104000026,18,31,-13
104000027,210,57,153
104000028,317,177,140
104000029,169,104,65
104000030,311,180,131
104000031,632,78,554
104000032,82,95,-13
104000033,599,111,488
104000034,124,51,73
104000035,788,141,647
104000036,550,229,321
104000037,93,49,44
104000038,260,179,81
104000039,177,36,141
104000040,30,226,-196
104000041,414,119,295
104000042,82,93,-11
104000043,121,63,58
104000044,138,154,-16
104000045,331,190,141
104000046,254,231,23
104000047,246,246,0
104000048,336,290,46
104000049,226,112,114
104000050,39,282,-243
104000051,89,206,-117
104000052,1551,852,699
104000053,752,266,486
104000054,167,34,133
104000055,928,600,328
104000056,298,75,223
104000057,246,102,144
104000058,551,321,230
104000059,287,449,-162
104000060,699,551,148
104000061,461,434,27
104000062,262,83,179
104000064,316,130,186
104000065,16,208,-192
104000069,149,581,-432
104000070,10,241,-231
104000071,109,68,41
104000072,316,99,217
104000075,4,49,-45
104000076,203,27,176
104000082,977,1259,-282
104000083,201,119,82
104000084,62,160,-98
104000085,289,103,186
104000086,182,155,27
104000087,68,307,-239
104000090,385,186,199
104000092,662,316,346
104000094,254,264,-10
104000095,1291,516,775
104000096,1005,13,992
104000097,1252,125,1127
104000098,1926,123,1803
104000100,1387,197,1190
104000101,719,537,182
104000106,39,308,-269
104000107,278,143,135
104000108,96,53,43
104000109,62,23,39
104000110,244,571,-327
104000111,531,1189,-658
104000112,198,196,2
104000116,0,235,-235
104000117,216,92,124
104000118,600,54,546
104000119,406,86,320
104000120,211,82,129
104000121,73,174,-101
104000122,370,274,96
104000123,363,297,66
104000124,92,401,-309
104000125,558,1558,-1000
104000126,260,315,-55
104000127,786,713,73
104000128,281,65,216
104000129,97,12,85
104000130,19,250,-231
104000131,103,186,-83
104000132,268,281,-13
104000133,620,510,110
104000134,511,782,-271
104000135,168,510,-342
104000136,295,1043,-748
104000137,791,197,594
104000138,697,326,371
104000139,711,756,-45
104000141,200,298,-98
104000142,386,170,216
104000143,392,126,266
104000144,49,59,-10
104000145,179,78,101
104000146,48,154,-106
104000147,58,171,-113
104000148,168,74,94
104000149,46,68,-22
104000150,509,216,293
104000151,171,127,44
104000152,159,108,51
104000153,583,296,287
104000154,197,152,45
104000155,233,528,-295
104000157,609,522,87
104000158,53,128,-75
104000159,320,108,212
104000160,1171,1392,-221
104000161,30,41,-11
104000162,65,26,39
104000165,334,277,57
104000167,321,897,-576
104000168,557,5,552
104000169,120,27,93
104000170,50,94,-44
104000248,159,238,-79
104000251,9,46,-37
104000272,0,0,0
104000273,0,0,0
104000274,0,0,0
104000275,0,0,0
104000279,696,873,-177
104000290,6,529,-523
104000291,495,435,60
104000293,453,559,-106
104000294,41,0,41
104000295,642,731,-89
104000296,232,218,14
104000297,613,1331,-718
104000298,919,344,575
104000299,435,367,68
104000302,47,41,6
104000303,123,59,64
104900001,17,16,1
104900002,44,106,-62
104900003,27,35,-8
104900004,4,25,-21
104900005,187,40,147
104900006,247,7,240
104900007,201,38,163
104900009,8,25,-17
104900010,36,0,36
104900011,0,0,0
104900012,40,14,26
104900013,45,1,44
104900014,537,68,469
104900015,38,0,38
104900016,75,14,61
104900017,32,64,-32
104900018,2,30,-28
104900019,28,2040,-2012
104900020,41,37,4
104900021,1,3,-2
104900022,2,52,-50
104900023,0,19,-19
104900024,0,92,-92
104900025,21,8,13
104900026,0,22,-22
104900027,364,141,223
104900028,1,22,-21
104900029,1,25,-24
104900030,155,75,80
104900031,4,67,-63
104900032,17,9,8
104900033,55,37,18
104900034,139,58,81
104900035,135,84,51
104900036,365,27,338
104900037,71,34,37
104900038,29,487,-458
104900039,160,668,-508
104900040,386,1,385
104900041,130,45,85
104900042,123,76,47
104900043,20,244,-224
104900044,523,11,512
104900045,80,46,34
104900046,286,19,267
104900047,203,15,188
104900048,349,24,325
104900049,112,36,76
104900050,264,6,258
104900051,228,40,188
104900052,167,0,167
104900053,236,10,226
104900054,149,10,139
104900055,204,0,204
104900056,167,0,167
104900057,40,0,40
104900058,152,1,151
104900059,62,23,39
104900061,12,37,-25
104900063,6,11,-5
104900064,0,25,-25
104900065,8,44,-36
104900066,0,7,-7
104900067,0,37,-37
104900068,0,21,-21
104900070,6,15,-9
104900071,0,29,-29
104900072,1,12,-11
104900073,23,14,9
104900074,7,13,-6
104900075,0,6,-6
104900076,30,9,21
104900077,36,30,6
104900078,40,19,21
104900079,7,342,-335
104900080,25,36,-11
104900082,0,28,-28
104900085,0,79,-79
104900089,437,0,437
104900091,127,85,42
104900093,24,40,-16
104900097,306,941,-635
104900098,35,2,33
104900099,0,143,-143
104900100,40,52,-12
104900102,60,19,41
104900103,49,17,32
104900106,29,23,6
104900107,10,27,-17
104900108,0,27,-27
104900109,60,61,-1
104900110,0,28,-28
104900111,62,6,56
104900112,150,34,116
104900113,267,33,234
104900114,248,68,180
104900115,257,22,235
104900116,126,13,113
104900118,0,2,-2
104900119,1,4,-3
104900120,30,308,-278
104900121,0,6,-6
104900122,0,9,-9
104900123,199,28,171
104900124,46,0,46
104900125,157,6,151
104900126,1,0,1
104900127,0,6,-6
104900128,49,7,42
104900129,269,1224,-955
105000001,1254,501,753
105000002,858,556,302
105000003,885,1332,-447
105000004,499,338,161
105000005,747,524,223
105000006,479,828,-349
105000007,624,913,-289
105000008,286,1065,-779
105000009,1871,1528,343
105000010,1076,453,623
105000011,1458,1494,-36
105000012,898,792,106
105000013,470,475,-5
105000014,1846,1372,474
105000015,3543,6637,-3094
105000016,618,513,105
105000017,820,566,254
105000018,302,387,-85
105000019,394,395,-1
105000020,33,280,-247
105000021,161,81,80
105000022,52,24,28
105000023,418,85,333
105000028,4,54,-50
105000029,292,503,-211
105000030,1352,885,467
105000031,0,5,-5
105000033,475,471,4
105000034,29,445,-416
105000037,223,63,160
105000038,302,548,-246
105000039,300,229,71
105000040,382,332,50
105000041,81,211,-130
105000042,749,459,290
105000043,238,293,-55
105000044,227,90,137
105000045,160,85,75
105000046,515,55,460
105000047,187,150,37
105000048,558,146,412
105000049,86,115,-29
105000050,556,249,307
105000051,60,160,-100
105000052,183,338,-155
105000053,45,50,-5
105000054,216,261,-45
105000055,299,76,223
105000056,1070,679,391
105000057,758,178,580
105000058,529,360,169
105000059,669,294,375
105000060,248,159,89
105000061,849,279,570
105000062,273,206,67
105000063,115,172,-57
105000064,1701,227,1474
105000065,247,105,142
105000066,350,273,77
105000067,884,352,532
105000068,123,313,-190
105000069,602,1545,-943
105000070,204,682,-478
105000071,114,1082,-968
105000072,604,2496,-1892
105000073,513,274,239
105000074,181,190,-9
105000075,164,208,-44
105000076,581,300,281
105000077,754,221,533
105000078,222,412,-190
105000079,402,862,-460
105000080,999,1001,-2
105000081,508,476,32
105000082,383,734,-351
105000083,947,1230,-283
105000084,217,444,-227
105000085,1481,1154,327
105000086,227,266,-39
105000087,535,456,79
105000088,926,1387,-461
105000089,618,391,227
105000090,112,96,16
105000091,188,150,38
105000092,174,191,-17
105000093,96,276,-180
105000094,78,123,-45
105000095,63,316,-253
105000096,508,815,-307
105000097,185,213,-28
105000098,634,691,-57
105000099,303,354,-51
105000100,952,315,637
105000101,895,332,563
105000102,779,446,333
105000103,522,358,164
105000104,1072,242,830
105000105,528,315,213
105000106,822,202,620
105000107,780,122,658
105000108,891,225,666
105000109,1301,280,1021
105000110,535,88,447
105000111,825,201,624
105000112,362,143,219
105000113,334,370,-36
105000114,370,553,-183
105000115,112,1048,-936
105000116,655,208,447
105000117,325,234,91
105000118,472,152,320
105000119,166,152,14
105000120,977,154,823
105000121,483,220,263
105000122,272,146,126
105000123,290,227,63
105000124,996,215,781
105000125,481,331,150
105000126,883,516,367
105000127,1395,495,900
105000128,371,515,-144
105000129,627,79,548
105000130,58,2121,-2063
105000131,130,48,82
105000132,622,534,88
105000133,39,164,-125
105000134,947,147,800
105000135,110,57,53
105000136,28,16,12
105000137,407,28,379
105000138,80,10,70
105000139,370,67,303
105000140,452,70,382
105000141,150,46,104
105000142,193,130,63
105000143,46,145,-99
105000144,141,130,11
105000145,545,107,438
105000146,77,139,-62
105000147,436,87,349
105000148,423,308,115
105000149,1593,814,779
105000150,406,167,239
105000151,412,222,190
105000152,97,170,-73
105000153,595,158,437
105000154,237,245,-8
105000155,352,143,209
105000156,60,207,-147
105000157,308,303,5
105000158,1175,187,988
105000159,178,230,-52
105000160,2055,288,1767
105000161,270,177,93
105000162,380,1522,-1142
105000163,422,241,181
105000164,29,74,-45
105000165,262,4606,-4344
105000166,1116,983,133
105000167,475,1232,-757
105000168,126,127,-1
105000169,461,46,415
105000170,186,446,-260
105000171,528,77,451
105000172,269,0,269
105000173,467,3,464
105000174,69,4,65
105000175,49,50,-1
105000176,373,40,333
105000177,231,116,115
105000178,131,64,67
105000179,830,9,821
105000180,171,30,141
105000181,139,80,59
105000182,26,21,5
105000183,763,1114,-351
105000184,74,146,-72
105000185,112,593,-481
105000186,122,244,-122
105000187,325,114,211
105000188,64,80,-16
105000189,67,254,-187
105000190,177,102,75
105000191,70,147,-77
105000192,116,49,67
105000193,61,31,30
105000194,495,20,475
105000195,101,142,-41
105000196,37,172,-135
105000197,35,122,-87
105000198,72,63,9
105000199,22,379,-357
105000200,33,225,-192
105000201,37,17,20
105000203,1,21,-20
105000204,37,26,11
105000205,38,40,-2
105000207,44,20,24
105000208,59,167,-108
105000209,18,27,-9
105000211,262,1,261
105000212,510,207,303
105000213,7,66,-59
105000214,84,43,41
105000215,78,48,30
105000216,60,22,38
105000217,76,21,55
105000218,1448,237,1211
105000221,89,56,33
105000222,141,39,102
105000223,228,42,186
105000226,31,39,-8
105000227,49,26,23
105000228,13,662,-649
105000229,45,276,-231
105000231,126,75,51
105000233,414,269,145
105000234,148,348,-200
105000235,297,218,79
105000237,829,52,777
105000243,20,18,2
105000248,31,25,6
105000262,147,65,82
105000269,51,33,18
105000270,408,3,405
105000271,1,59,-58
105000282,13,3,10
105000287,72,49,23
105000288,420,252,168
105000289,418,826,-408
105000290,37,1,36
105000402,531,1493,-962
105000426,144,112,32
105000438,390,463,-73
105000440,12,1,11
105000446,1912,1744,168
105000447,784,698,86
105000454,415,83,332
105000455,88,28,60
105000474,48,1,47
105000477,492,218,274
105000478,1209,2835,-1626
105000479,40,22,18
105000480,2193,2990,-797
105000481,1895,1538,357
105000482,933,1437,-504
105000483,550,788,-238
105000484,495,625,-130
105000485,528,1287,-759
105000486,668,536,132
105000488,811,1111,-300
105000489,824,241,583
105000549,82,36,46
105000550,72,252,-180
105000551,8,28,-20
105000552,548,408,140
105000555,335,632,-297
105000556,22,9,13
105000557,76,53,23
105900001,4,862,-858
105900002,146,540,-394
105900003,0,49,-49
105900004,24,13,11
105900005,0,70,-70
105900006,20,16,4
105900007,13,14,-1
105900008,20,57,-37
105900009,52,9,43
105900011,30,20,10
105900012,206,26,180
105900013,1,11,-10
105900014,11,22,-11
105900015,41,83,-42
105900016,183,80,103
105900017,1088,6,1082
105900018,35,68,-33
105900019,16,35,-19
105900020,24,112,-88
105900021,10,90,-80
105900022,48,68,-20
105900023,6,39,-33
105900024,2,54,-52
105900025,194,0,194
105900026,88,0,88
105900027,2193,872,1321
105900028,103,31,72
105900029,524,108,416
105900030,55,50,5
105900031,193,9,184
105900032,30,12,18
105900033,32,19,13
105900034,76,30,46
105900035,45,12,33
105900036,64,16,48
105900037,60,7,53
105900038,41,62,-21
105900039,83,12,71
105900040,55,19,36
105900041,57,28,29
105900042,37,40,-3
105900043,279,3,276
105900044,0,70,-70
105900045,0,243,-243
105900046,0,56,-56
105900047,2,1,1
105900048,111,138,-27
105900050,145,456,-311
105900051,1,149,-148
105900052,158,5,153
105900053,555,1731,-1176
105900054,50,54,-4
105900056,149,144,5
105900057,3,28,-25
105900058,19,4,15
105900059,0,62,-62
106000001,920,763,157
106000002,357,1025,-668
106000003,1483,1703,-220
106000004,973,1426,-453
106000005,2396,1934,462
106000006,1660,820,840
106000007,344,57,287
106000008,142,131,11
106000009,307,81,226
106000010,82,233,-151
106000011,1001,343,658
106000012,347,193,154
106000013,1230,581,649
106000014,527,343,184
106000015,1683,354,1329
106000016,490,505,-15
106000017,735,300,435
106000018,246,216,30
106000019,354,207,147
106000020,100,125,-25
106000021,350,153,197
106000022,182,74,108
106000023,643,158,485
106000024,199,224,-25
106000025,229,122,107
106000026,33,82,-49
106000027,1429,505,924
106000028,257,90,167
106000029,266,195,71
106000030,25,147,-122
106000034,13,79,-66
106000035,634,969,-335
106000036,31,241,-210
106000037,206,329,-123
106000038,9,42,-33
106000039,28,68,-40
106000040,68,649,-581
106000041,444,254,190
106000043,231,93,138
106000046,114,19,95
106000047,66,287,-221
106000049,680,24,656
106000050,31,149,-118
106000051,544,203,341
106000052,4,7,-3
106000053,379,65,314
106000054,8,0,8
106000055,468,50,418
106000056,2,0,2
106000057,353,90,263
106000058,0,1,-1
106000059,349,127,222
106000060,12,44,-32
106000061,100,386,-286
106000062,68,47,21
106000063,538,411,127
106000064,0,1,-1
106000065,380,124,256
106000066,43,15,28
106000067,215,29,186
106000068,28,23,5
106000069,341,10,331
106000070,112,11,101
106000071,451,86,365
106000072,670,468,202
106000073,517,2583,-2066
106000074,273,305,-32
106000075,235,412,-177
106000076,513,408,105
106000077,754,180,574
106000078,713,142,571
106000079,497,122,375
106000080,725,223,502
106000081,665,272,393
106000082,582,252,330
106000083,217,362,-145
106000084,324,239,85
106000085,553,309,244
106000086,170,117,53
106000087,334,188,146
106000088,177,144,33
106000089,613,86,527
106000090,203,166,37
106000091,157,193,-36
106000092,393,103,290
106000093,324,20,304
106000094,27,34,-7
106000095,839,271,568
106000096,1190,77,1113
106000097,844,324,520
106000098,563,112,451
106000099,62,242,-180
106000100,840,93,747
106000101,396,71,325
106000102,47,135,-88
106000103,153,180,-27
106000104,771,151,620
106000105,224,171,53
106000106,649,97,552
106000107,108,84,24
106000108,371,92,279
106000109,40,53,-13
106000110,228,36,192
106000111,59,47,12
106000112,146,465,-319
106000113,186,246,-60
106000114,191,513,-322
106000115,156,198,-42
106000116,186,61,125
106000117,395,166,229
106000118,530,599,-69
106000119,264,198,66
106000120,454,716,-262
106000121,135,82,53
106000122,157,89,68
106000123,677,28,649
106000124,132,46,86
106000125,29,179,-150
106000126,350,11,339
106000127,353,233,120
106000128,804,50,754
106000129,379,210,169
106000130,823,133,690
106000131,42,401,-359
106000132,327,63,264
106000133,716,832,-116
106000134,201,1657,-1456
106000135,69,337,-268
106000136,596,788,-192
106000137,83,458,-375
106000138,1418,39,1379
106000139,101,22,79
106000140,1,1,0
106000141,2,0,2
106000142,208,21,187
106000143,0,0,0
106000144,10,34,-24
106000145,29,6,23
106000146,408,58,350
106000147,546,206,340
106000148,771,302,469
106000149,529,242,287
106000150,426,997,-571
106000151,1114,291,823
106000152,361,854,-493
106000153,18,794,-776
106000154,522,65,457
106000155,201,171,30
106000156,765,55,710
106000157,226,646,-420
106000158,486,249,237
106000159,730,981,-251
106000160,272,1547,-1275
106000161,361,44,317
106000162,342,805,-463
106000163,192,60,132
106000164,348,45,303
106000165,86,130,-44
106000166,457,30,427
106000167,291,208,83
106000168,470,28,442
106000169,123,64,59
106000170,611,50,561
106000171,110,261,-151
106000172,1101,293,808
106000173,506,522,-16
106000174,881,51,830
106000175,125,59,66
106000176,1267,237,1030
106000177,429,326,103
106000178,1801,383,1418
106000179,344,197,147
106000180,416,177,239
106000181,994,607,387
106000182,1210,132,1078
106000183,1149,134,1015
106000184,657,164,493
106000185,628,714,-86
106000186,92,6,86
106000187,27,374,-347
106000188,0,1,-1
106000189,10,5,5
106000190,20,0,20
106000191,298,8,290
106000192,0,0,0
106000193,44,76,-32
106000194,34,76,-42
106000195,40,19,21
106000196,23,65,-42
106000197,302,25,277
106000198,102,24,78
106000199,275,726,-451
106000200,88,98,-10
106000201,93,3229,-3136
106000202,782,262,520
106000203,13,94,-81
106000204,44,9,35
106000205,2,57,-55
106000206,56,1,55
106000207,8,115,-107
106000208,971,20,951
106000209,1460,137,1323
106000210,127,338,-211
106000211,163,530,-367
106000212,980,161,819
106000213,150,639,-489
106000214,550,158,392
106000215,221,189,32
106000216,517,67,450
106000217,122,240,-118
106000218,370,62,308
106000219,77,214,-137
106000220,497,95,402
106000221,116,27,89
106000222,42,52,-10
106000223,238,36,202
106000224,132,50,82
106000225,40,82,-42
106000226,30,82,-52
106000228,0,1,-1
106000229,41,71,-30
106000231,706,19,687
106000232,46,42,4
106000233,284,33,251
106000234,21,78,-57
106000235,110,47,63
106000236,21,145,-124
106000237,0,71,-71
106000238,16,22,-6
106000239,0,42,-42
106000240,4,5,-1
106000241,1,304,-303
106000242,120,14,106
106000249,66,21,45
106000250,7,217,-210
106000251,55,4,51
106000252,19,2,17
106000253,68,17,51
106000254,42,2,40
106000255,65,43,22
106000256,4,2,2
106000257,27,76,-49
106000258,17,14,3
106000259,4,18,-14
106000260,0,1,-1
106000261,1,17,-16
106000262,32,6,26
106000263,3,4,-1
106000264,67,1,66
106000265,22,18,4
106000266,86,6,80
106000267,0,19,-19
106000268,119,10,109
106000269,1,2,-1
106000270,63,61,2
106000271,27,21,6
106000272,57,2,55
106000273,7,41,-34
106000274,28,1,27
106000275,133,64,69
106000276,7,10,-3
106000277,73,73,0
106000278,9,0,9
106000279,0,0,0
106000280,82,2,80
106000281,19,35,-16
106000282,43,10,33
106000283,12,6,6
106000284,53,15,38
106000285,27,23,4
106000286,35,14,21
106000287,32,22,10
106000288,54,14,40
106000289,85,41,44
106000290,50,5,45
106000291,46,34,12
106000292,9,8,1
106000293,25,10,15
106000294,18,1,17
106000295,13,2,11
106000296,5,3,2
106000297,1,26,-25
106000298,11,18,-7
106000299,9,4,5
106000300,14,25,-11
106000301,9,26,-17
106000303,8,8,0
106000304,15,3,12
106000305,55,21,34
106000306,21,19,2
106000307,95,3,92
106000308,3,12,-9
106000309,1,18,-17
106000310,135,91,44
106000311,266,55,211
106000312,119,18,101
106000313,132,54,78
106000318,6,83,-77
106000319,495,137,358
106000320,4,67,-63
106000321,15,151,-136
106000322,107,9,98
106000324,28,96,-68
106000325,1325,316,1009
106000326,305,372,-67
106000327,245,15,230
106000328,17,13,4
106000329,26,52,-26
106000330,25,58,-33
106000428,23,83,-60
106000429,110,218,-108
106000430,191,416,-225
106000431,1622,186,1436
106000432,478,690,-212
106000433,1561,678,883
106000434,2167,636,1531
106000435,618,572,46
106000436,1,69,-68
106000437,318,44,274
106000438,103,196,-93
106000439,3,317,-314
106000440,235,427,-192
106000441,2,0,2
106000442,128,0,128
106000443,191,80,111
106000450,0,32,-32
106000451,21,55,-34
106000454,1,69,-68
106000455,1,55,-54
106000456,44,7,37
106000457,3,124,-121
106000458,776,764,12
106000459,64,259,-195
106000460,1306,41,1265
106000461,57,216,-159
106000462,0,12,-12
106000463,6,176,-170
106000464,2,86,-84
106000465,603,2,601
106000466,1,50,-49
106000467,40,255,-215
106000468,66,62,4
106000469,1010,29,981
106000470,76,654,-578
106000471,1,144,-143
106000472,91,2,89
106000473,10,9,1
106000474,322,277,45
106000475,547,142,405
106000476,110,125,-15
106000477,14,2,12
106000480,0,100,-100
106900001,0,0,0
106900002,9,90,-81
106900003,3,47,-44
106900004,0,3,-3
106900006,0,5,-5
106900007,0,0,0
106900008,324,343,-19
106900009,230,52,178
106900010,390,46,344
106900012,136,274,-138
106900013,221,1166,-945
106900014,42,0,42
106900015,1,0,1
106900016,201,11,190
106900017,1,0,1
106900018,24,0,24
106900019,154,1,153
106900020,524,694,-170
106900021,124,27,97
106900022,1170,4,1166
106900023,75,136,-61
106900024,384,15,369
106900025,63,109,-46
106900026,0,5,-5
106900027,654,3,651
106900028,0,1,-1
106900029,203,142,61
106900030,0,57,-57
107000001,1706,2489,-783
107000002,523,560,-37
107000003,4175,4394,-219
107000004,1342,776,566
107000005,4534,3145,1389
107000006,1226,596,630
107000007,2488,3079,-591
107000008,1290,727,563
107000009,4941,3561,1380
107000010,2171,1454,717
107000011,265,308,-43
107000012,862,504,358
107000013,20,10,10
107000014,48,16,32
107000015,118,91,27
107000016,295,104,191
107000017,363,333,30
107000018,0,272,-272
107000020,428,398,30
107000021,435,147,288
107000022,468,399,69
107000023,701,79,622
107000024,572,591,-19
107000025,161,84,77
107000026,204,214,-10
107000027,851,134,717
107000028,602,300,302
107000029,2120,1354,766
107000030,835,596,239
107000031,2732,1084,1648
107000032,107,217,-110
107000033,541,1159,-618
107000034,1113,248,865
107000035,87,128,-41
107000036,198,560,-362
107000037,64,371,-307
107000038,77,61,16
107000039,381,369,12
107000040,50,68,-18
107000041,283,135,148
107000042,101,993,-892
107000043,436,219,217
107000044,92,119,-27
107000045,9,43,-34
107000046,385,120,265
107000047,148,217,-69
107000048,327,95,232
107000049,198,250,-52
107000050,276,147,129
107000051,99,135,-36
107000052,498,970,-472
107000053,197,240,-43
107000054,35,66,-31
107000055,158,89,69
107000056,391,240,151
107000057,554,74,480
107000058,1316,1139,177
107000059,639,1115,-476
107000060,3631,2719,912
107000061,1636,808,828
107000062,3811,1243,2568
107000063,1257,886,371
107000064,3241,1825,1416
107000065,883,1104,-221
107000066,707,1190,-483
107000067,546,306,240
107000068,286,402,-116
107000069,463,354,109
107000070,599,9,590
107000071,1981,9,1972
107000072,4,425,-421
107000073,495,378,117
107000074,16,169,-153
107000075,1259,111,1148
107000076,39,300,-261
107000077,1591,224,1367
107000078,274,378,-104
107000079,1954,385,1569
107000080,135,493,-358
107000081,2643,280,2363
107000082,233,236,-3
107000083,767,398,369
107000084,79,186,-107
107000085,1162,1087,75
107000086,897,607,290
107000087,1257,792,465
107000088,727,778,-51
107000089,925,774,151
107000090,290,314,-24
107000091,903,352,551
107000092,282,307,-25
107000093,809,435,374
107000094,302,188,114
107000095,813,325,488
107000096,254,235,19
107000097,1214,126,1088
107000098,140,273,-133
107000099,271,178,93
107000100,62,127,-65
107000101,63,155,-92
107000102,112,105,7
107000103,234,164,70
107000104,70,190,-120
107000105,358,124,234
107000106,45,64,-19
107000107,691,127,564
107000108,41,85,-44
107000109,655,66,589
107000110,13,137,-124
107000111,326,3,323
107000112,3,89,-86
107000113,721,26,695
107000114,2,192,-190
107000115,433,324,109
107000116,9,221,-212
107000117,69,1120,-1051
107000118,9,44,-35
107000119,413,1092,-679
107000120,408,351,57
107000121,457,224,233
107000122,302,248,54
107000123,351,188,163
107000124,300,178,122
107000125,623,66,557
107000126,719,117,602
107000129,122,196,-74
107000130,611,200,411
107000131,169,297,-128
107000132,322,130,192
107000133,212,51,161
107000134,120,0,120
107000135,1,163,-162
107000136,312,0,312
107000137,9,127,-118
107000138,22,6,16
107000139,2,148,-146
107000140,689,23,666
107000141,48,232,-184
107000142,280,22,258
107000143,14,252,-238
107000144,254,365,-111
107000145,3,88,-85
107000146,137,192,-55
107000147,1949,360,1589
107000150,85,2235,-2150
107000151,0,9,-9
107000152,143,1674,-1531
107000153,13,58,-45
107000154,0,93,-93
107000155,538,1,537
107000156,588,3,585
107000157,0,198,-198
107000158,663,5,658
107000159,0,103,-103
107000160,1068,44,1024
107000161,11,156,-145
107000162,125,290,-165
107000163,69,5,64
107000164,620,1,619
107000165,1003,6,997
107000166,2,48,-46
107000167,380,85,295
107000168,566,121,445
107000169,51,153,-102
107000170,2239,237,2002
107000171,129,159,-30
107000172,864,1146,-282
107000173,132,91,41
107000174,572,3455,-2883
107000175,782,205,577
107000176,0,0,0
107000177,1,0,1
107000178,55,2,53
107000179,196,392,-196
107000180,1396,93,1303
107000181,216,150,66
107000182,1523,142,1381
107000183,90,182,-92
107000184,871,164,707
107000185,143,300,-157
107000186,462,69,393
107000187,474,432,42
107000188,350,120,230
107000189,410,155,255
107000190,504,179,325
107000191,678,245,433
107000192,785,94,691
107000193,195,120,75
107000194,321,65,256
107000197,588,59,529
107000198,199,295,-96
107000199,184,191,-7
107000200,430,338,92
107000201,102,83,19
107000202,92,190,-98
107000203,166,378,-212
107000204,122,905,-783
107000205,126,96,30
107000206,74,372,-298
107000207,107,160,-53
107000208,49,143,-94
107000209,248,303,-55
107000210,36,52,-16
107000211,2,11,-9
107000212,11,16,-5
107000213,0,1,-1
107000214,1,6,-5
107000215,227,54,173
107000216,188,61,127
107000217,77,12,65
107000219,26,31,-5
107000220,9,24,-15
107000222,49,76,-27
107000224,238,38,200
107000225,52,97,-45
107000226,319,25,294
107000227,42,46,-4
107000228,21,104,-83
107000229,18,66,-48
107000230,279,168,111
107000231,241,447,-206
107000232,39,3,36
107000233,74,302,-228
107000234,0,38,-38
107000235,55,8,47
107000236,2,53,-51
107000237,84,0,84
107000238,27,7,20
107000239,526,166,360
107000240,21,56,-35
107000243,0,37,-37
107000244,3,16,-13
107000246,0,156,-156
107000249,1,310,-309
107000251,0,11,-11
107000252,0,72,-72
107000255,64,43,21
107000257,0,266,-266
107000258,0,127,-127
107000259,0,50,-50
107000260,1170,4,1166
107000262,0,58,-58
107000263,282,2,280
107000266,2,3,-1
107000267,4,17,-13
107000268,53,12,41
107000269,6,1,5
107000270,102,31,71
107000271,0,0,0
107000272,67,0,67
107000273,0,39,-39
107000274,122,6,116
107000275,23,171,-148
107000280,1002,13,989
107000281,21,90,-69
107000282,4,144,-140
107000290,8,3,5
107000291,4,8,-4
107000292,0,38,-38
107000293,12,1,11
107000294,0,49,-49
107000295,9,7,2
107000296,0,6,-6
107000444,140,0,140
107000496,2,14,-12
107000497,333,385,-52
107000500,190,58,132
107000501,14,84,-70
107000502,128,85,43
107000505,101,195,-94
107000506,0,0,0
107000508,0,37,-37
107000509,74,309,-235
107000510,22,2,20
107000514,66,375,-309
107000515,8,23,-15
107000516,380,102,278
107000518,837,1270,-433
107000519,241,97,144
107000520,142,12,130
107000521,536,63,473
107000522,1008,242,766
107900001,33,21,12
107900002,11,4,7
107900003,214,0,214
107900004,1,0,1
107900005,1571,3,1568
107900006,42,2,40
107900007,204,5,199
107900008,40,7,33
107900009,75,3,72
107900010,36,0,36
107900012,200,59,141
107900013,68,3,65
107900014,80,1,79
107900015,1051,7,1044
107900016,92,71,21
107900017,33,0,33
107900018,18,257,-239
107900019,3,2,1
107900020,1,17,-16
107900021,98,2,96
107900023,21,0,21
107900024,0,3,-3
107900025,87,30,57
107900026,25,4,21
107900027,2,174,-172
107900028,91,4,87
107900030,145,1,144
107900031,67,19,48
107900032,4,0,4
107900033,29,12,17
107900034,96,6,90
107900035,979,15,964
107900036,34,4,30
107900037,0,11,-11
107900038,19,138,-119
107900039,36,2,34
107900040,11,119,-108
107900041,1,0,1
107900043,25,43,-18
107900044,0,10,-10
107900045,23,36,-13
107900046,205,124,81
107900047,75,5,70
107900048,223,13,210
107900049,95,361,-266
107900050,1,24,-23
107900051,18,2,16
107900052,1,28,-27
107900053,63,9,54
107900055,75,28,47
107900056,16,68,-52
107900057,1,0,1
107900058,20,61,-41
107900060,0,6,-6
107900061,1,32,-31
107900063,56,16,40
107900064,42,346,-304
107900065,370,9,361
107900066,19,0,19
107900067,0,0,0
107900068,23,245,-222
107900069,2,1762,-1760
107900070,85,117,-32
107900071,5,57,-52
107900072,105,27,78
107900073,47,5,42
107900074,63,163,-100
107900076,106,13,93
107900077,119,0,119
107900079,10,26,-16
107900080,14,439,-425
107900081,29,20,9
107900082,5,8,-3
107900083,272,99,173
107900084,100,39,61
107900086,35,123,-88
107900087,49,4,45
107900088,24,3,21
107900089,31,87,-56
107900090,43,812,-769
107900091,40,63,-23
107900093,30,9,21
107900095,212,440,-228
107900097,3,7,-4
107900098,104,87,17
107900100,100,667,-567
107900101,80,11,69
107900102,47,0,47
107900103,10,23,-13
107900104,207,0,207
107900105,0,29,-29
107900106,0,92,-92
107900107,142,149,-7
107900108,11,6,5
107900109,1179,9,1170
107900110,41,0,41
107900111,0,51,-51
107900112,13,192,-179
107900113,114,0,114
107900114,198,19,179
107900115,0,5,-5
107900116,143,16,127
107900117,83,94,-11
107900118,1,35,-34
107900119,31,64,-33
107900120,24,1,23
107900121,0,18,-18
107900122,0,8,-8
107900123,4,31,-27
107900124,3,60,-57
107900125,0,9,-9
107900126,10,1,9
107900127,235,56,179
107900128,27,12,15
107900129,99,6,93
107900130,88,2,86
107900131,11,48,-37
107900132,0,41,-41
107900133,0,16,-16
107900134,7,8,-1
107900135,1,25,-24
107900136,2,5,-3
107900137,7,4,3
107900138,119,6,113
107900139,85,2,83
107900141,10,9,1
107900142,10,102,-92
107900143,6,1,5
107900144,4,9,-5
107900145,0,8,-8
107900146,5,15,-10
107900147,2,1,1
107900148,36,35,1
107900149,147,28,119
107900150,0,60,-60
107900151,42,7,35
107900152,0,22,-22
107900153,10,56,-46
107900154,42,5,37
107900155,29,9,20
107900156,2,7,-5
107900157,1,6,-5
107900158,774,30,744
107900159,0,67,-67
107900160,16,24,-8
107900161,20,29,-9
107900162,0,14,-14
107900163,6,8,-2
107900164,7,2,5
107900165,4,107,-103
107900166,18,18,0
107900167,0,15,-15
107900168,31,0,31
107900169,0,46,-46
107900171,0,86,-86
107900172,0,22,-22
107900173,109,20,89
107900174,64,0,64
107900175,0,9,-9
107900176,57,4,53
107900177,0,19,-19
107900178,0,1,-1
107900179,0,14,-14
107900180,73,647,-574
107900181,47,102,-55
107900182,3,64,-61
107900183,24,29,-5
107900184,63,11,52
107900185,38,0,38
107900186,2,0,2
107900187,0,27,-27
107900188,85,4,81
107900189,8,22,-14
107900190,3,44,-41
107900191,15,33,-18
107900193,2,48,-46
107900194,54,1,53
107900195,114,43,71
107900196,35,4,31
107900197,41,70,-29
107900199,0,126,-126
107900201,23,34,-11
107900203,22,14,8
107900204,58,33,25
107900206,43,223,-180
107900207,0,67,-67
107900208,0,40,-40
107900209,48,38,10
107900210,25,9,16
107900213,14,44,-30
107900214,0,18,-18
107900215,36,127,-91
107900216,2,14,-12
107900217,34,11,23
107900218,0,74,-74
107900219,1,3,-2
107900220,1,38,-37
107900221,14,33,-19
107900223,56,17,39
107900224,12,163,-151
107900225,0,27,-27
107900226,0,39,-39
107900227,20,25,-5
107900228,7,6,1
107900229,0,52,-52
107900230,26,13,13
107900231,37,9,28
107900232,152,1,151
107900233,0,43,-43
107900234,153,8,145
107900235,0,11,-11
107900236,255,13,242
107900237,18,90,-72
107900238,13,5,8
107900239,67,220,-153
107900240,3,12,-9
107900241,0,57,-57
107900242,4,41,-37
107900243,0,14,-14
107900244,178,4,174
107900245,497,10,487
107900246,134,25,109
107900248,194,4,190
107900249,487,47,440
107900250,0,90,-90
107900251,0,144,-144
107900252,338,42,296
107900253,102,2,100
107900254,6,48,-42
107900255,18,6,12
107900256,61,212,-151
107900257,111,50,61
107900258,39,4,35
107900259,4,1345,-1341
107900261,0,17,-17
107900262,9,8,1
107900264,305,18,287
107900265,57,30,27
107900267,216,1,215
107900268,2,0,2
107900269,1,1,0
107900270,0,6,-6
107900271,0,40,-40
107900272,17,30,-13
107900273,31,17,14
107900274,62,0,62
107900275,2,2,0
107900276,3,20,-17
107900277,0,6,-6
107900278,177,51,126
107900279,2,20,-18
107900280,705,207,498
107900281,258,3172,-2914
107900282,39,702,-663
107900283,162,426,-264
107900284,358,141,217
107900285,84,21,63
107900286,2,3,-1
107900287,293,22,271
107900290,0,315,-315
107900291,218,29,189
107900292,21,26,-5
107900293,30,56,-26
107900295,20,3,17
107900297,0,72,-72
107900298,155,163,-8
107900299,768,1601,-833
107900301,199,256,-57
107900302,39,15,24
107900303,313,123,190
107900304,240,35,205
107900305,152,2,150
107900306,2,11,-9
107900307,1,72,-71
107900308,139,16,123
107900309,4,0,4
107900310,8,0,8
107900311,185,238,-53
107900312,32,0,32
107900313,1,49,-48
107900314,0,63,-63
107900315,2,53,-51
107900316,24,0,24
107900317,46,1,45
107900318,0,92,-92
107900319,0,0,0
107900320,0,28,-28
107900321,39,0,39
107900322,0,8,-8
107900323,0,26,-26
107900324,16,0,16
107900325,117,0,117
107900326,226,13,213
107900327,0,36,-36
107900328,0,0,0
107900329,3,7,-4
107900330,0,19,-19
107900331,326,0,326
107900332,370,4,366
107900333,96,1,95
107900334,3,44,-41
107900335,31,8,23
107900336,47,12,35
107900337,207,548,-341
107900338,0,75,-75
107900339,1,4,-3
107900340,1,102,-101
107900341,24,0,24
107900342,109,35,74
107900343,48,0,48
107900344,1,43,-42
107900345,19,2,17
107900346,3,0,3
107900347,4,0,4
107900348,1,0,1
107900349,23,2,21
107900350,1,77,-76
107900351,7,3,4
107900352,0,5,-5
107900353,8,2,6
107900354,6,25,-19
108000001,2782,1414,1368
108000002,386,553,-167
108000003,1440,720,720
108000004,3314,3618,-304
108000005,4901,2038,2863
108000006,1117,1240,-123
108000007,3468,1431,2037
108000008,919,1081,-162
108000009,3063,1542,1521
108000010,830,1083,-253
108000011,7977,4575,3402
108000012,2404,2936,-532
108000014,174,595,-421
108000015,375,137,238
108000016,50,161,-111
108000017,782,178,604
108000018,954,239,715
108000019,201,125,76
108000020,496,114,382
108000021,61,219,-158
108000022,124,203,-79
108000023,823,79,744
108000024,211,63,148
108000025,357,18,339
108000026,501,55,446
108000027,559,81,478
108000028,808,115,693
108000029,297,116,181
108000030,185,72,113
108000031,102,86,16
108000032,1400,155,1245
108000033,126,184,-58
108000034,1363,155,1208
108000035,179,389,-210
108000036,75,286,-211
108000037,1410,62,1348
108000038,2229,99,2130
108000039,127,374,-247
108000040,1221,219,1002
108000041,118,362,-244
108000042,380,26,354
108000043,49,47,2
108000044,567,21,546
108000045,26,106,-80
108000046,1066,66,1000
108000047,113,140,-27
108000048,41,56,-15
108000049,676,62,614
108000050,38,86,-48
108000051,342,127,215
108000052,49,143,-94
108000053,237,84,153
108000054,68,236,-168
108000055,479,171,308
108000056,131,404,-273
108000057,441,599,-158
108000058,660,2033,-1373
108000059,541,404,137
108000060,146,327,-181
108000061,116,105,11
108000062,661,120,541
108000063,235,71,164
108000064,258,146,112
108000065,266,213,53
108000066,519,205,314
108000067,1197,249,948
108000068,577,162,415
108000069,97,204,-107
108000070,1599,168,1431
108000071,168,365,-197
108000072,999,236,763
108000073,278,330,-52
108000074,684,179,505
108000075,64,115,-51
108000076,648,140,508
108000077,281,126,155
108000078,1724,285,1439
108000079,184,239,-55
108000080,1404,124,1280
108000081,174,243,-69
108000082,214,263,-49
108000083,1167,328,839
108000084,129,171,-42
108000085,734,169,565
108000086,68,67,1
108000087,57,1154,-1097
108000088,664,97,567
108000089,117,115,2
108000091,29,183,-154
108000092,412,13,399
108000093,171,157,14
108000094,795,16,779
108000095,98,106,-8
108000096,380,61,319
108000097,43,57,-14
108000098,1534,494,1040
108000099,664,46,618
108000100,133,207,-74
108000101,707,433,274
108000102,963,2116,-1153
108000106,539,0,539
108000107,2,280,-278
108000108,499,63,436
108000109,2,188,-186
108000110,294,35,259
108000111,139,177,-38
108000112,1,48,-47
108000113,194,193,1
108000115,64,58,6
108000117,211,129,82
108000118,102,983,-881
108000119,239,79,160
108000120,52,490,-438
108000121,109,160,-51
108000122,568,177,391
108000123,384,68,316
108000124,139,39,100
108000125,332,52,280
108000126,136,30,106
108000127,390,36,354
108000128,430,16,414
108000129,151,58,93
108000130,384,65,319
108000131,421,56,365
108000132,83,197,-114
108000133,1011,61,950
108000134,104,28,76
108000135,978,261,717
108000136,44,72,-28
108000137,301,63,238
108000138,253,130,123
108000139,407,73,334
108000140,435,3,432
108000141,3,13,-10
108000142,9,17,-8
108000143,5,78,-73
108000144,575,5,570
108000145,36,1,35
108000146,663,20,643
108000147,6,4,2
108000148,534,8,526
108000149,0,3,-3
108000150,58,4,54
108000151,7,21,-14
108000152,14,46,-32
108000153,586,42,544
108000154,13,0,13
108000155,106,18,88
108000156,252,122,130
108000157,22,1385,-1363
108000158,13,401,-388
108000159,56,36,20
108000160,671,733,-62
108000161,618,1913,-1295
108000165,1,133,-132
108000172,8,131,-123
108000173,206,946,-740
108000175,583,24,559
108000178,177,63,114
108000179,27,542,-515
108000181,63,7,56
108000182,44,7,37
108000183,0,40,-40
108000184,125,1825,-1700
108000185,97,57,40
108000186,390,52,338
108000187,44,99,-55
108000188,659,35,624
108000189,249,7300,-7051
108000190,3,18,-15
108000192,148,38,110
108000193,96,1,95
108000194,11,9,2
108000195,0,130,-130
108000196,47,31,16
108000198,356,50,306
108000199,0,51,-51
108000200,816,32,784
108000203,54,75,-21
108000204,176,48,128
108000205,47,42,5
108000339,289,222,67
108000364,104,154,-50
108000365,8,72,-64
108000367,23,73,-50
108000368,3,15,-12
108000369,177,103,74
108000371,1,349,-348
108000372,450,1,449
108000373,174,74,100
108000376,75,5,70
108000377,489,45,444
108000378,4758,6845,-2087
108000379,2,37,-35
108000381,128,10,118
108000382,64,0,64
108000383,0,126,-126
108900001,3,54,-51
108900002,90,11,79
108900003,19,152,-133
108900004,23,234,-211
108900007,250,33,217
108900008,113,8,105
108900009,48,30,18
108900010,303,16,287
108900011,722,52,670
108900012,346,76,270
108900013,56,20,36
108900014,2,21,-19
108900015,0,120,-120
108900016,0,56,-56
108900017,28,77,-49
108900018,84,70,14
108900019,3,50,-47
108900020,7,31,-24
108900021,19,66,-47
108900022,37,0,37
108900023,23,43,-20
108900024,23,29,-6
108900025,142,16,126
108900026,3,6,-3
108900027,0,37,-37
108900028,58,70,-12
108900029,18,40,-22
108900030,0,7,-7
108900031,25,37,-12
108900032,0,17,-17
108900033,0,8,-8
108900034,0,12,-12
108900035,48,191,-143
108900038,0,33,-33
108900039,0,22,-22
108900040,2,42,-40
108900041,1079,1031,48
108900042,0,201,-201
108900043,14,160,-146
108900044,0,65,-65
108900045,87,45,42
108900046,0,47,-47
108900047,7,48,-41
108900048,7,131,-124
108900049,304,914,-610
108900050,0,88,-88
108900051,0,14,-14
108900052,0,18,-18
108900053,7,133,-126
108900054,21,30,-9
108900055,2,65,-63
108900056,0,15,-15
108900057,0,41,-41
108900058,12,49,-37
108900059,405,31,374
108900060,23,25,-2
108900061,5,6,-1
108900062,1,67,-66
108900063,31,56,-25
108900064,169,1,168
108900065,10,67,-57
108900066,246,11,235
108900067,1,71,-70
108900068,21,58,-37
108900069,38,11,27
108900070,2,13,-11
108900071,88,18,70
108900072,494,96,398
108900073,4,40,-36
108900074,228,42,186
108900075,0,5,-5
108900076,435,4,431
108900077,22,224,-202
108900078,37,27,10
108900079,88,16,72
108900080,26,497,-471
108900081,6,41,-35
108900082,39,23,16
108900083,2,138,-136
108900085,274,38,236
108900086,93,22,71
108900087,45,57,-12
108900088,161,49,112
108900089,1,32,-31
108900090,66,16,50
108900091,43,17,26
108900092,120,78,42
108900093,44,7,37
108900094,76,19,57
108900095,4,36,-32
108900096,91,2,89
108900097,77,42,35
108900098,417,466,-49
108900099,89,38,51
108900100,22,23,-1
108900101,117,71,46
108900102,4,684,-680
108900103,146,81,65
108900105,5,1226,-1221
108900106,187,43,144
108900108,149,1,148
108900109,507,26,481
108900110,43,48,-5
108900111,164,74,90
108900113,40,11,29
108900114,95,7,88
108900115,103,50,53
108900116,4,1,3
108900117,144,1,143
108900118,381,3,378
108900119,299,1,298
108900120,271,88,183
108900121,135,22,113
108900122,170,18,152
108900123,280,57,223
108900124,421,18,403
108900125,531,0,531
108900126,70,16,54
108900127,245,32,213
108900128,121,9,112
108900129,682,39,643
108900130,197,0,197
108900131,381,0,381
108900132,322,8,314
108900133,179,3,176
108900134,488,19,469
108900135,245,12,233
108900136,8,3,5
108900137,120,1,119
108900138,367,14,353
108900140,355,23,332
108900141,366,4,362
108900142,35,0,35
108900143,70,0,70
108900144,50,0,50
108900145,188,14,174
108900146,23,0,23
108900147,221,0,221
108900148,10,2,8
108900150,110,12,98
108900151,5,2,3
108900152,14,1,13
108900153,147,44,103
108900154,2836,107,2729
108900156,66,0,66
108900157,1,51,-50
108900158,338,3,335
108900159,10,34,-24
108900160,6,109,-103
108900161,1,92,-91
108900162,112,7,105
108900163,1,304,-303
108900164,28,21,7
108900168,1573,980,593
108900169,23,33,-10
108900171,844,2407,-1563
108900172,71,15,56
108900173,14,68,-54
108900174,863,38,825
108900176,16,72,-56
108900177,1339,4602,-3263
108900178,620,2277,-1657
108900180,75,124,-49
108900183,25,16,9
108900184,212,42,170
108900185,22,50,-28
108900186,2,107,-105
108900189,115,3,112
108900190,1,204,-203
108900192,10,50,-40
108900195,53,9,44
108900196,2,28,-26
108900199,76,63,13
108900200,580,132,448
108900201,65,216,-151
108900203,212,11,201
108900204,260,3,257
108900205,139,23,116
108900206,154,21,133
108900207,118,92,26
108900208,2,68,-66
108900209,84,109,-25
108900210,79,30,49
108900211,35,179,-144
108900212,13,674,-661
108900215,34,134,-100
108900216,82,141,-59
108900217,26,0,26
108900218,37,1,36
108900221,9,35,-26
108900224,60,18,42
108900225,0,69,-69
108900227,67,95,-28
108900230,83,34,49
108900232,0,82,-82
108900233,231,26,205
108900234,78,69,9
108900235,54,121,-67
108900236,4,74,-70
108900240,44,23,21
108900241,66,41,25
108900245,4,820,-816
108900250,115,22,93
108900258,0,20,-20
108900259,0,30,-30
108900260,4,2,2
108900261,4,3,1
108900262,62,14,48
108900263,2,5,-3
108900264,7,22,-15
108900265,100,259,-159
108900266,42,461,-419
108900267,4,167,-163
108900268,2,2,0
108900269,37,10,27
108900270,67,1,66
108900271,39,1,38
108900272,94,2,92
108900273,39,167,-128
108900274,18,14,4
109000001,1669,1999,-330
109000002,171,756,-585
109000003,1732,197,1535
109000004,190,624,-434
109000005,1407,226,1181
109000006,175,378,-203
109000007,1361,201,1160
109000008,284,276,8
109000009,1989,307,1682
109000010,187,761,-574
109000011,3098,748,2350
109000012,474,604,-130
109000013,3068,2550,518
109000014,544,386,158
109000015,2253,7875,-5622
109000016,866,473,393
109000017,2580,431,2149
109000018,343,474,-131
109000019,1719,582,1137
109000020,367,344,23
109000023,81,2,79
109000024,4,108,-104
109000025,93,270,-177
109000026,280,103,177
109000027,48,255,-207
109000028,40,32,8
109000029,22,162,-140
109000030,2,66,-64
109000031,319,45,274
109000032,4,47,-43
109000033,459,100,359
109000034,13,8,5
109000035,3,1,2
109000036,65,225,-160
109000037,217,2718,-2501
109000038,120,116,4
109000039,676,409,267
109000040,708,7571,-6863
109000041,547,1471,-924
109000042,291,978,-687
109000044,267,39,228
109000045,142,29,113
109000046,283,6,277
109000047,30,18,12
109000048,208,131,77
109000049,39,18,21
109000050,245,93,152
109000051,29,9,20
109000052,209,206,3
109000053,1584,76,1508
109000054,31,210,-179
109000055,91,46,45
109000056,80,88,-8
109000057,405,240,165
109000058,112,57,55
109000059,16,561,-545
109000060,82,352,-270
109000061,115,905,-790
109000062,48,230,-182
109000063,56,20,36
109000064,503,13,490
109000065,90,26,64
109000066,328,36,292
109000067,24,43,-19
109000068,210,32,178
109000069,273,27,246
109000070,2,154,-152
109000071,148,18,130
109000072,69,192,-123
109000073,34,57,-23
109000074,2,86,-84
109000075,24,27,-3
109000076,93,141,-48
109000077,130,102,28
109000078,55,91,-36
109000079,53,70,-17
109000080,142,30,112
109000081,59,127,-68
109000082,589,82,507
109000083,143,148,-5
109000088,145,47,98
109000089,381,19,362
109000090,59,73,-14
109000091,273,6,267
109000092,108,65,43
109000093,193,15,178
109000094,751,0,751
109000095,62,147,-85
109000096,664,41,623
109000097,8,61,-53
109000098,31,58,-27
109000099,484,88,396
109000100,138,205,-67
109000101,982,150,832
109000102,223,129,94
109000103,1059,148,911
109000104,1634,75,1559
109000105,153,173,-20
109000106,1024,100,924
109000107,202,258,-56
109000108,1860,219,1641
109000109,159,150,9
109000110,673,241,432
109000111,328,257,71
109000112,47,52,-5
109000113,110,50,60
109000114,62,121,-59
109000115,269,16,253
109000116,24,321,-297
109000117,146,7,139
109000118,5,134,-129
109000119,1312,27,1285
109000120,161,116,45
109000121,868,11,857
109000122,133,91,42
109000123,39,80,-41
109000124,556,92,464
109000125,655,64,591
109000126,226,116,110
109000127,2157,52,2105
109000128,188,202,-14
109000129,2308,132,2176
109000130,242,357,-115
109000131,1108,468,640
109000132,226,504,-278
109000133,65,194,-129
109000134,166,265,-99
109000135,145,231,-86
109000136,109,275,-166
109000137,136,142,-6
109000138,154,52,102
109000139,397,131,266
109000140,78,149,-71
109000141,612,134,478
109000142,65,96,-31
109000143,23,23,0
109000145,20,82,-62
109000146,8,18,-10
109000148,417,456,-39
109000149,3,22,-19
109000150,44,86,-42
109000155,547,352,195
109000156,403,54,349
109000158,5,101,-96
109000159,41,156,-115
109000160,1070,84,986
109000161,314,219,95
109000162,1157,123,1034
109000163,905,231,674
109000164,836,546,290
109000165,995,173,822
109000166,600,32,568
109000167,50,68,-18
109000170,17,11,6
109000171,63,4,59
109000172,4,25,-21
109000173,0,106,-106
109000174,110,3,107
109000175,68,73,-5
109000176,208,33,175
109000177,21,24,-3
109000178,547,75,472
109000179,1061,3389,-2328
109000180,895,1201,-306
109000181,27,19,8
109000182,27,0,27
109000183,29,6,23
109000184,29,10,19
109000185,22,6,16
109000188,170,231,-61
109000189,1833,255,1578
109000190,330,138,192
109000191,207,165,42
109000192,342,27,315
109000193,173,12,161
109000194,176,3,173
109000195,175,28,147
109000196,131,15,116
109000197,127,70,57
109000198,196,22,174
109000199,44,70,-26
109000206,66,5,61
109000207,108,5,103
109000208,59,64,-5
109000209,83,12,71
109000210,19,74,-55
109000211,936,125,811
109000214,207,147,60
109000215,55,58,-3
109000216,296,199,97
109000217,17,63,-46
109000218,165,96,69
109000221,55,205,-150
109000222,277,29,248
109000223,276,174,102
109000224,83,46,37
109000225,134,18,116
109000226,42,43,-1
109000227,1464,148,1316
109000228,0,27,-27
109000231,3,28,-25
109000232,449,37,412
109000236,74,157,-83
109000241,863,310,553
109000242,644,213,431
109000293,31,60,-29
109000361,155,66,89
109000364,18,76,-58
109000396,6,131,-125
109000397,449,6,443
109000399,15,122,-107
109000400,142,79,63
109000403,6,891,-885
109000406,329,4,325
109000407,44,26,18
109000408,0,3,-3
109000410,275,51,224
109000411,138,11,127
109000412,0,21,-21
109900001,99,0,99
109900002,420,4,416
109900003,522,4,518
109900005,2,0,2
109900006,434,40,394
109900007,1052,58,994
109900008,0,5,-5
109900009,37,54,-17
109900010,409,7,402
109900011,68,4,64
109900012,165,39,126
109900013,258,22,236
109900014,93,8,85
109900015,49,4,45
109900016,49,2,47
109900017,174,17,157
109900018,67,2,65
109900019,40,9,31
109900020,48,7,41
109900021,35,2,33
109900022,81,52,29
109900023,12,7,5
109900024,8,1,7
109900025,0,8,-8
109900027,29,5,24
109900028,221,1667,-1446
109900029,2,36,-34
109900030,9,2,7
109900031,0,180,-180
109900032,5,98,-93
109900033,0,136,-136
109900034,6,19,-13
109900035,14,22,-8
109900036,0,5,-5
109900037,1,87,-86
109900038,55,46,9
109900039,0,0,0
109900040,32,95,-63
109900041,22,40,-18
109900042,8,91,-83
109900044,26,52,-26
109900045,69,28,41
109900046,196,48,148
109900047,52,84,-32
109900048,0,39,-39
109900049,3,23,-20
109900050,0,10,-10
109900051,0,3,-3
109900052,26,47,-21
109900053,0,36,-36
109900054,995,27,968
109900055,101,74,27
109900056,4,73,-69
109900057,1,34,-33
109900058,0,32,-32
109900060,682,19,663
109900061,17,16,1
109900062,0,71,-71
109900064,239,14,225
109900065,41,18,23
109900066,26,392,-366
109900067,0,47,-47
109900068,44,4,40
109900069,2,4,-2
109900071,0,0,0
109900072,0,19,-19
109900073,401,58,343
109900074,0,2,-2
109900075,2,3,-1
109900076,13,27,-14
109900077,8,13,-5
109900078,50,25,25
109900080,60,52,8
109900081,0,88,-88
109900082,16,49,-33
109900083,16,12,4
109900084,2,43,-41
109900085,15,63,-48
109900086,19,985,-966
109900087,40,59,-19
109900089,394,31,363
109900092,117,21,96
109900093,768,62,706
109900094,9,15,-6
109900095,30,46,-16
109900096,60,2,58
109900097,84,0,84
109900098,635,13,622
109900099,320,0,320
109900100,20,0,20
109900101,1074,4,1070
109900102,258,2,256
109900103,2,19,-17
109900104,715,79,636
109900105,468,16,452
109900106,258,17,241
109900107,336,11,325
109900108,51,31,20
109900109,16,9,7
109900111,30,65,-35
109900114,48,537,-489
109900115,127,26,101
109900117,1082,26,1056
109900121,65,16,49
109900123,3,20,-17
109900125,0,76,-76
109900126,337,7,330
109900130,1060,2080,-1020
109900131,8,15,-7
109900132,9,35,-26
109900134,14,9,5
109900135,45,14,31
109900137,98,28,70
109900140,33,16,17
109900149,1,8,-7
109900150,3,27,-24
109900151,8,6,2
109900152,6,11,-5
109900153,0,3,-3
109900154,0,0,0
109900155,4,16,-12
109900157,37,11,26
109900159,29,1,28
109900161,311,2,309
109900162,217,5,212
109900163,164,36,128
109900164,44,127,-83
109900165,132,2,130
109900166,0,19,-19
109900167,56,75,-19
109900168,39,133,-94
109900169,95,26,69
109900170,28,867,-839
109900171,214,75,139
109900172,102,148,-46
109900173,432,1193,-761
109900174,4,17,-13
109900175,19,29,-10
109900176,38,15,23
109900177,3,1,2
109900178,0,58,-58
109900179,2,37,-35
109900180,2,0,2
110000001,136,112,24
110000002,413,288,125
110000003,119,319,-200
110000004,258,257,1
110000005,124,1435,-1311
110000006,76,217,-141
110000007,63,14,49
110000008,12,80,-68
110000009,2,6,-4
110000010,7,29,-22
110000011,2,19,-17
110000012,231,108,123
110000013,10,292,-282
110000014,401,268,133
110000015,69,344,-275
110000016,154,766,-612
110000017,1406,158,1248
110000018,873,207,666
110000019,0,20,-20
110000020,119,78,41
110000021,96,74,22
110000022,397,12,385
110000023,1,18,-17
110000024,147,128,19
110000025,620,2,618
110000026,1,60,-59
110000027,123,235,-112
110000028,549,168,381
110000029,190,262,-72
110000030,229,214,15
110000031,123,112,11
110000032,561,71,490
110000033,18,75,-57
110000034,592,141,451
110000035,144,649,-505
110000036,812,158,654
110000037,19,384,-365
110000038,80,366,-286
110000039,422,3243,-2821
110000040,86,147,-61
110000041,227,2034,-1807
110000042,36,112,-76
110000043,520,224,296
110000044,7,62,-55
110000045,44,27,17
110000046,4,39,-35
110000047,12,39,-27
110000048,1,106,-105
110000049,2,5,-3
110000050,10,123,-113
110000051,3,9,-6
110000052,32,29,3
110000053,1,7,-6
110000054,32,121,-89
110000055,69,56,13
110000056,41,23,18
110000057,92,304,-212
110000058,235,164,71
110000059,245,204,41
110000060,708,270,438
110000061,105,191,-86
110000062,402,254,148
110000063,35,128,-93
110000064,36,18,18
110000065,74,82,-8
110000066,35,4,31
110000067,18,37,-19
110000068,142,26,116
110000069,443,12,431
110000071,324,11,313
110000073,13,1,12
110000075,27,1,26
110000076,251,241,10
110000077,97,522,-425
110000078,73,16,57
110000080,59,58,1
110000081,39,38,1
110000082,13,71,-58
110000083,81,81,0
110000084,639,452,187
110000085,387,272,115
110000086,286,937,-651
110000087,13,1,12
110000088,92,59,33
110000089,132,29,103
110000090,65,38,27
110000091,113,76,37
110000092,2,25,-23
110000093,35,8,27
110000094,115,50,65
110000095,102,464,-362
110000096,448,1225,-777
110000097,368,1020,-652
110000098,788,106,682
110000099,515,615,-100
110000100,1253,56,1197
110000101,104,37,67
110000102,61,13,48
110000104,179,99,80
110000105,54,84,-30
110000106,149,339,-190
110000107,38,137,-99
110000108,52,81,-29
110000109,35,68,-33
110000110,478,1244,-766
110000111,913,1403,-490
110000112,93,298,-205
110000113,16,1538,-1522
110000114,251,313,-62
110000115,455,44,411
110000116,27,19,8
110000117,281,68,213
110000118,441,39,402
110000119,446,49,397
110000120,154,23,131
110000121,37,248,-211
110000122,106,134,-28
110000123,257,52,205
110000124,0,260,-260
110000125,238,0,238
110000126,83,2,81
110000127,311,2,309
110000128,2,233,-231
110000129,0,102,-102
110000130,145,9,136
110000131,43,114,-71
110000132,0,86,-86
110000133,10,104,-94
110000134,28,153,-125
110000135,106,2,104
110000136,18,37,-19
110000137,374,50,324
110000138,465,100,365
110000139,754,72,682
110000140,492,212,280
110000143,128,154,-26
110000144,699,533,166
110000145,525,422,103
110000146,336,172,164
110000147,114,370,-256
110000148,448,72,376
110000151,137,356,-219
110000152,172,221,-49
110000153,194,18,176
110000154,3,40,-37
110000155,127,599,-472
110000156,222,397,-175
110000157,211,835,-624
110000160,83,64,19
110000161,39,104,-65
110000166,482,26,456
110000167,943,282,661
110000168,265,275,-10
110000169,396,169,227
110000170,94,70,24
110000171,205,27,178
110000172,132,109,23
110000173,194,185,9
110000174,35,86,-51
110000175,1034,54,980
110000176,4,487,-483
110000177,97,960,-863
110000178,103,1623,-1520
110000179,474,86,388
110000180,144,76,68
110000181,608,148,460
110000182,73,38,35
110000183,2399,3423,-1024
110000184,132,1647,-1515
110000185,99,235,-136
110000186,164,431,-267
110000191,961,58,903
110000192,461,5,456
110000193,858,2,856
110000194,1,137,-136
110000195,357,22,335
110000196,439,37,402
110000197,25,6,19
110000198,29,3,26
110000199,34,20,14
110000200,263,149,114
110000201,436,477,-41
110000202,444,173,271
110000203,61,130,-69
110000204,5,57,-52
110000205,282,7,275
110000206,125,175,-50
110000207,976,46,930
110000208,54,191,-137
110000209,13,81,-68
110000210,1193,135,1058
110000211,564,202,362
110000212,232,710,-478
110000213,194,4,190
110000214,321,12,309
110000215,9,59,-50
110000216,27,43,-16
110000217,252,19,233
110000218,68,14,54
110000219,197,2,195
110000220,6,22,-16
110000221,416,1,415
110000222,26,77,-51
110000223,8,92,-84
110000224,1,3,-2
110000225,107,160,-53
110000226,192,41,151
110000227,139,236,-97
110000228,171,9,162
110000229,0,54,-54
110000230,249,226,23
110000231,97,148,-51
110000232,66,32,34
110000233,39,136,-97
110000234,205,117,88
110000235,417,240,177
110000236,115,87,28
110000237,1093,364,729
110000238,486,301,185
110000239,996,257,739
110000240,0,10,-10
110000242,0,7,-7
110000243,102,47,55
110000244,12,31,-19
110000245,19,139,-120
110000246,604,66,538
110000247,386,449,-63
110000248,566,143,423
110000249,77,1,76
110000250,1,46,-45
110000251,205,42,163
110000252,318,58,260
110000253,1061,51,1010
110000254,435,103,332
110000255,74,126,-52
110000256,334,31,303
110000257,99,32,67
110000258,0,33,-33
110000259,106,4,102
110000260,81,15,66
110000263,334,26,308
110000264,291,44,247
110000265,731,492,239
110000266,487,549,-62
110000267,12,5,7
110000268,159,42,117
110000269,0,4,-4
110000270,33,0,33
110000271,472,35,437
110000272,491,381,110
110000273,268,298,-30
110000274,62,1276,-1214
110000275,392,154,238
110000276,89,299,-210
110000277,206,63,143
110000278,160,198,-38
110000279,505,123,382
110000280,348,83,265
110000281,49,18,31
110000282,46,1,45
110000283,62,30,32
110000284,0,8,-8
110000285,0,46,-46
110000286,1,0,1
110000287,43,0,43
110000288,0,2,-2
110000289,141,1538,-1397
110000290,259,484,-225
110000291,602,265,337
110000292,155,4047,-3892
110000293,246,105,141
110000294,1196,1146,50
110000295,32,102,-70
110000296,449,76,373
110000297,1487,41,1446
110000298,32,133,-101
110000299,107,16,91
110000301,282,4,278
110000302,339,211,128
110000303,378,0,378
110000304,182,83,99
110000305,1464,15,1449
110000306,366,132,234
110000307,1276,2,1274
110000308,211,0,211
110000309,4,72,-68
110000310,625,31,594
110000311,0,59,-59
110000312,409,15,394
110000313,1032,415,617
110000314,1,40,-39
110000315,514,846,-332
110000316,72,409,-337
110000317,108,182,-74
110000318,0,10,-10
110000319,14,6,8
110000320,3,11,-8
110000321,44,17,27
110000322,80,140,-60
110000323,577,72,505
110000324,490,429,61
110000325,781,2707,-1926
110000327,114,62,52
110000328,27,104,-77
110000333,499,675,-176
110000334,52,220,-168
110000335,457,157,300
110000336,151,111,40
110000337,1330,126,1204
110000338,268,66,202
110000339,360,32,328
110000340,10,48,-38
110000341,266,107,159
110000342,21,1,20
110000343,0,0,0
110000344,16,94,-78
110000345,18,189,-171
110000346,469,634,-165
110000347,728,298,430
110000348,15,6,9
110000349,10,5,5
110000350,31,0,31
110000351,848,154,694
110000352,263,1030,-767
110000353,1179,119,1060
110000354,262,1988,-1726
110000355,169,22,147
110000356,159,0,159
110000357,481,0,481
110000361,4,6,-2
110000362,150,8,142
110000363,463,2,461
110000364,199,73,126
110000365,21,0,21
110000366,1,80,-79
110000367,175,53,122
110000368,0,51,-51
110000369,8,7,1
110000373,1,75,-74
110000374,34,13,21
110000375,32,261,-229
110000376,13,44,-31
110000377,19,178,-159
110000378,2,279,-277
110000379,692,1752,-1060
110000380,40,1,39
110000383,0,159,-159
110000384,337,26,311
110000385,0,55,-55
110000387,85,0,85
110000388,12,50,-38
110000389,242,1,241
110000391,578,84,494
110000396,200,17,183
110000397,81,2,79
110000398,5,1,4
110000399,48,1,47
110000587,102,63,39
110000589,164,30,134
110000640,75,8,67
110000652,3,96,-93
110000653,206,116,90
110000654,0,115,-115
110000656,1,97,-96
110000674,15,23,-8
110000675,0,19,-19
110000676,1,10,-9
110000679,32,424,-392
110000682,72,75,-3
110000683,94,90,4
110000684,0,12,-12
110000685,0,24,-24
110000686,0,43,-43
110000687,5,5,0
110000688,32,942,-910
110000689,43,3,40
110000692,11,44,-33
110000693,2,95,-93
110000694,0,6,-6
110000695,13,127,-114
110000696,36,19,17
110000698,7,187,-180
110000699,4,121,-117
110900001,208,1,207
110900002,152,42,110
110900003,1067,20,1047
110900004,351,10,341
110900005,514,2373,-1859
110900006,37,35,2
110900007,205,68,137
110900008,0,11,-11
110900009,188,348,-160
110900010,0,12,-12
110900011,0,6,-6
110900012,0,51,-51
110900013,676,27,649
110900014,281,0,281
110900015,114,314,-200
110900016,14,116,-102
110900017,415,2,413
110900018,276,20,256
110900019,324,1,323
110900020,161,22,139
110900021,108,45,63
110900022,38,37,1
110900023,21,141,-120
110900024,28,22,6
110900025,5,3,2
110900027,15,21,-6
110900028,1,20,-19
110900029,3,40,-37
110900030,9,15,-6
110900031,2,53,-51
110900032,0,11,-11
110900033,22,15,7
110900035,21,259,-238
110900036,60,0,60
110900037,33,2,31
110900038,84,30,54
110900039,0,90,-90
110900040,107,0,107
110900041,0,13,-13
110900042,24,18,6
110900043,0,5,-5
110900044,10,7,3
110900045,67,62,5
110900046,5,22,-17
110900047,39,216,-177
110900049,50,37,13
110900050,18,1,17
110900052,2,38,-36
110900053,46,1,45
110900054,0,22,-22
110900055,2,0,2
110900056,5,56,-51
110900057,11,60,-49
110900058,206,24,182
110900059,129,95,34
110900060,184,13,171
110900061,0,7,-7
110900062,85,37,48
110900063,1,22,-21
110900064,10,0,10
110900065,51,50,1
110900066,14,21,-7
110900067,54,272,-218
110900068,65,23,42
110900069,6,7,-1
110900070,78,18,60
110900071,13,589,-576
110900073,0,10,-10
110900074,588,28,560
110900075,424,8,416
110900077,848,50,798
110900078,63,5,58
110900079,406,239,167
110900080,163,14,149
110900081,16,4,12
110900082,190,23,167
110900083,72,35,37
110900084,94,5,89
110900085,29,59,-30
110900086,44,114,-70
110900087,254,9,245
110900088,9,0,9
110900090,0,31,-31
110900091,0,13,-13
110900093,90,26,64
110900095,12,1,11
110900097,3,3,0
110900098,6,17,-11
110900099,2,82,-80
110900100,0,7,-7
110900102,7,66,-59
110900105,134,34,100
110900108,4,4,0
110900111,79,29,50
110900112,324,1,323
110900113,19,23,-4
110900115,1,6,-5
110900116,803,200,603
110900118,36,2789,-2753
110900119,508,35,473
110900120,49,11,38
110900121,47,0,47
110900122,255,68,187
110900125,120,341,-221
110900127,47,295,-248
110900128,52,202,-150
110900129,28,313,-285
110900130,85,174,-89
110900131,115,10,105
110900132,361,3,358
110900133,32,12,20
110900135,32,34,-2
110900136,289,1,288
110900139,4,1,3
110900140,0,0,0
110900141,153,47,106
110900142,14,11,3
110900143,224,15,209
110900144,0,45,-45
110900145,59,85,-26
110900146,63,163,-100
110900147,3,37,-34
110900148,0,10,-10
110900149,0,8,-8
110900150,0,13,-13
110900151,3,13,-10
110900152,22,24,-2
110900153,178,8,170
111000001,643,364,279
111000002,483,590,-107
111000003,2043,563,1480
111000004,271,578,-307
111000005,945,888,57
111000006,657,1266,-609
111000007,1883,2218,-335
111000008,1791,2000,-209
111000009,170,326,-156
111000010,762,185,577
111000011,22,423,-401
111000012,179,392,-213
111000013,177,636,-459
111000014,1322,280,1042
111000017,9,416,-407
111000018,66,157,-91
111000020,139,292,-153
111000021,1,21,-20
111000023,25,15,10
111000025,890,1426,-536
111000029,40,4,36
111000030,3,13,-10
111000031,792,252,540
111000032,362,70,292
111000033,124,48,76
111000034,138,90,48
111000037,299,120,179
111000038,729,387,342
111000039,532,387,145
111000040,593,323,270
111000041,118,53,65
111000042,890,976,-86
111000043,841,2036,-1195
111000044,1078,138,940
111000045,1869,630,1239
111000046,1182,467,715
111000047,1643,3653,-2010
111000049,73,102,-29
111000050,245,200,45
111000051,184,178,6
111000052,151,248,-97
111000053,65,111,-46
111000054,114,113,1
111000055,327,379,-52
111000056,74,181,-107
111000057,64,125,-61
111000058,429,39,390
111000059,398,111,287
111000060,2962,364,2598
111000061,554,42,512
111000062,786,226,560
111000063,767,522,245
111000064,1076,174,902
111000065,805,306,499
111000066,487,144,343
111000067,687,117,570
111000068,437,119,318
111000069,452,564,-112
111000070,321,213,108
111000071,33,108,-75
111000072,966,364,602
111000073,135,1148,-1013
111000074,1036,519,517
111000075,369,116,253
111000076,463,297,166
111000077,589,331,258
111000078,610,141,469
111000079,385,124,261
111000080,314,131,183
111000081,960,3126,-2166
111000082,625,89,536
111000084,358,302,56
111000085,372,506,-134
111000086,862,243,619
111000087,359,183,176
111000088,1984,1957,27
111000089,384,256,128
111000090,169,319,-150
111000091,282,177,105
111000092,1145,231,914
111000093,578,310,268
111000094,805,404,401
111000095,418,1394,-976
111000096,292,3916,-3624
111000097,955,336,619
111000098,84,204,-120
111000099,156,376,-220
111000100,259,313,-54
111000101,180,207,-27
111000102,39,81,-42
111000104,672,16,656
111000107,27,132,-105
111000109,727,53,674
111000110,659,232,427
111000111,2622,47,2575
111000112,1591,86,1505
111000113,525,1604,-1079
111000114,647,2586,-1939
111000115,1207,340,867
111000116,407,252,155
111000117,139,202,-63
111000118,346,250,96
111000119,1056,213,843
111000120,643,186,457
111000121,227,184,43
111000122,132,209,-77
111000123,442,458,-16
111000124,55,648,-593
111000125,121,223,-102
111000126,69,115,-46
111000127,673,8,665
111000128,1793,38,1755
111000129,2239,85,2154
111000130,2044,94,1950
111000131,2159,134,2025
111000132,1470,1059,411
111000133,72,15,57
111000134,53,18,35
111000135,61,71,-10
111000136,239,67,172
111000138,8,8,0
111000140,0,12,-12
111000141,33,119,-86
111000142,0,54,-54
111000143,2,83,-81
111000144,2,122,-120
111000145,37,2,35
111000146,104,0,104
111000147,26,6,20
111000148,51,29,22
111000149,0,56,-56
111000150,63,0,63
111000151,0,15,-15
111000153,89,71,18
111000154,167,79,88
111000155,132,56,76
111000156,335,107,228
111000157,87,184,-97
111000158,450,318,132
111000159,1207,304,903
111000160,260,142,118
111000161,0,232,-232
111000162,11,28,-17
111000163,405,327,78
111000164,145,857,-712
111000165,257,84,173
111000166,56,29,27
111000167,50,109,-59
111000168,64,113,-49
111000169,155,61,94
111000170,111,64,47
111000171,103,145,-42
111000172,94,301,-207
111000173,150,510,-360
111000174,263,62,201
111000175,27,81,-54
111000176,388,23,365
111000177,846,168,678
111000178,1677,148,1529
111000179,492,30,462
111000180,267,142,125
111000181,1594,45,1549
111000182,178,56,122
111000183,119,30,89
111000184,207,33,174
111000185,44,31,13
111000186,123,56,67
111000187,125,60,65
111000188,210,42,168
111000189,76,118,-42
111000190,64,77,-13
111000191,118,28,90
111000192,17,54,-37
111000193,126,28,98
111000194,55,12,43
111000195,25,50,-25
111000196,34,42,-8
111000197,457,22,435
111000198,249,15,234
111000199,327,93,234
111000200,314,127,187
111000201,644,57,587
111000202,365,15,350
111000203,417,79,338
111000204,158,962,-804
111000213,140,142,-2
111000214,526,217,309
111000215,705,305,400
111000217,874,87,787
111000218,1127,141,986
111000219,126,44,82
111000220,316,276,40
111000221,48,24,24
111000224,21,55,-34
111000225,384,286,98
111000226,5,2,3
111000227,3,1,2
111000228,1,563,-562
111000229,5,1397,-1392
111000230,61,68,-7
111000231,438,82,356
111000232,542,163,379
111000233,1108,123,985
111000234,90,177,-87
111000239,11,15,-4
111000240,39,191,-152
111000241,25,47,-22
111000242,184,29,155
111000243,97,89,8
111000244,633,39,594
111000245,278,52,226
111000246,487,58,429
111000247,342,98,244
111000248,384,68,316
111000249,387,57,330
111000250,36,41,-5
111000251,7,37,-30
111000253,38,13,25
111000255,68,2,66
111000257,17,25,-8
111000260,5,359,-354
111000261,969,30,939
111000271,9,98,-89
111000273,1195,395,800
111000274,882,1175,-293
111000275,44,4,40
111000276,104,214,-110
111000277,176,84,92
111000278,181,59,122
111000291,1103,7297,-6194
111000298,248,37,211
111000299,342,34,308
111000300,35,56,-21
111000302,265,16,249
111000303,88,50,38
111000312,25,5,20
111000315,1,151,-150
111000320,99,110,-11
111000321,303,40,263
111000322,296,86,210
111000323,337,9,328
111000324,159,40,119
111000325,4,10,-6
111000326,67,72,-5
111000327,158,111,47
111000328,308,257,51
111000329,2,25,-23
111000330,53,1,52
111000331,7,3,4
111000332,196,214,-18
111000334,79,221,-142
111000335,794,14,780
111000337,1158,35,1123
111000338,35,31,4
111000339,532,36,496
111000340,22,100,-78
111000341,1140,423,717
111000342,27,372,-345
111000344,801,160,641
111000345,32,70,-38
111000346,6,51,-45
111000347,115,0,115
111000350,81,62,19
111000351,43,157,-114
111000352,160,6,154
111000353,82,66,16
111000354,200,16,184
111000355,160,45,115
111000358,69,125,-56
111000360,58,76,-18
111000361,120,36,84
111000546,382,98,284
111000547,239,101,138
111000548,64,24,40
111000549,95,21,74
111000550,15,319,-304
111000551,109,23,86
111000552,133,34,99
111000907,839,13,826
111000908,23,0,23
111000916,1621,29,1592
111000917,33,147,-114
111000918,67,109,-42
111000920,693,15,678
111000921,1,54,-53
111000922,526,21,505
111000924,10,109,-99
111000925,2951,1069,1882
111000926,674,449,225
111000927,1544,2223,-679
111000928,1406,444,962
111000929,1289,336,953
111000930,399,468,-69
111000931,1048,598,450
111000932,1120,554,566
111000933,1956,1515,441
111000934,329,519,-190
111000935,1672,494,1178
111000936,190,398,-208
111000937,993,549,444
111000938,391,290,101
111000939,502,3,499
111000940,865,26,839
111000941,295,34,261
111000943,853,46,807
111000944,68,46,22
111000945,60,157,-97
111001109,167,375,-208
111001110,47,61,-14
111001111,78,3,75
111001112,102,14,88
111001113,0,99,-99
111001114,139,59,80
111001115,7,189,-182
111001116,523,3815,-3292
111001117,117,1170,-1053
111001120,91,52,39
111001121,37,42,-5
111001122,183,40,143
111001123,384,32,352
111001124,115,19,96
111001125,6,444,-438
111001126,2,0,2
111001127,0,28,-28
111001128,695,96,599
111900001,0,9,-9
111900002,0,27,-27
111900003,0,27,-27
111900004,0,5,-5
111900006,7,56,-49
111900007,197,0,197
111900008,318,0,318
111900009,216,1,215
111900010,9,74,-65
111900012,10,17,-7
111900013,21,2,19
111900014,495,3936,-3441
111900015,0,22,-22
111900016,0,15,-15
111900017,0,26,-26
111900018,90,8,82
111900019,1,68,-67
111900020,0,20,-20
111900021,9,1,8
111900022,5,0,5
111900023,88,0,88
111900024,317,14,303
111900025,0,17,-17
111900026,0,7,-7
111900027,0,4,-4
111900028,13,25,-12
111900029,1,0,1
111900030,0,268,-268
111900032,0,38,-38
111900033,0,1,-1
111900034,11,115,-104
111900035,16,62,-46
111900036,0,12,-12
111900038,28,90,-62
111900039,10,63,-53
111900040,0,60,-60
111900042,1,17,-16
111900043,0,17,-17
111900044,23,48,-25
111900046,2,8,-6
111900048,309,62,247
111900049,2,16,-14
111900050,110,0,110
111900051,0,12,-12
111900052,39,59,-20
111900053,241,1677,-1436
111900054,310,0,310
111900055,34,45,-11
111900056,38,143,-105
111900057,76,5,71
111900058,464,103,361
111900059,478,483,-5
111900060,154,1,153
111900061,0,35,-35
111900062,45,12,33
111900063,159,3,156
111900064,7,38,-31
111900065,188,7,181
111900066,99,42,57
111900067,2,58,-56
111900068,23,23,0
111900069,33,6,27
111900070,173,9,164
111900071,0,25,-25
111900072,30,13,17
111900073,712,66,646
111900074,0,19,-19
111900075,24,0,24
111900076,260,40,220
111900077,54,1,53
111900078,257,13,244
111900079,16,48,-32
111900080,49,37,12
111900082,132,76,56
111900083,149,9,140
111900084,71,8,63
111900085,22,14,8
111900086,72,3,69
111900087,78,0,78
111900088,532,4,528
111900089,15,0,15
111900090,3,51,-48
111900091,575,0,575
111900092,173,0,173
111900093,515,8,507
111900094,24,0,24
111900095,327,5,322
111900096,242,1,241
111900097,85,0,85
111900098,259,12,247
111900099,7,0,7
111900100,53,1,52
111900101,191,1,190
111900102,613,97,516
111900103,29,37,-8
111900104,54,8,46
111900105,92,164,-72
111900106,58,1,57
111900110,311,74,237
111900111,73,9,64
111900112,86,2740,-2654
111900113,84,23,61
111900118,298,23,275
111900119,80,32,48
111900122,20,21,-1
111900123,4,14,-10
111900124,2,7,-5
111900125,277,55,222
111900126,251,0,251
111900127,0,59,-59
111900128,0,54,-54
111900129,194,5,189
111900130,36,29,7
111900131,411,12,399
111900132,1,145,-144
111900133,3,50,-47
111900134,1,38,-37
111900135,1,0,1
111900136,13,46,-33
111900137,24,13,11
111900138,4,14,-10
111900139,3,35,-32
111900140,156,1,155
111900141,44,0,44
111900142,35,2,33
111900143,9,5,4
111900144,0,6,-6
111900145,0,31,-31
111900146,0,14,-14
111900147,5,43,-38
111900148,2,108,-106
111900149,5,43,-38
111900150,1,9,-8
111900151,0,0,0
111900152,37,30,7
111900153,171,658,-487
111900154,17,509,-492
111900155,29,53,-24
111900156,99,39,60
111900157,229,4,225
111900158,499,45,454
111900159,294,64,230
111900160,272,1,271
111900161,253,0,253
111900162,26,194,-168
111900163,1,40,-39
111900164,61,23,38
111901113,587,11,576
111901114,125,81,44
111901115,144,1,143
111901116,3,1,2
111901117,2,25,-23
111901118,3,236,-233
111901119,80,3,77
111901121,12,15,-3
111901122,1,31,-30
111901123,422,17,405
111901124,262,1,261
111901125,587,97,490
111901127,104,730,-626
111901128,0,28,-28
111901129,0,5,-5
111901130,0,9,-9
111901131,1,177,-176
111901132,85,38,47
111901133,68,0,68
111901134,115,0,115
111901135,20,2,18
111901138,1,12,-11
111901139,0,8,-8
111901140,0,6,-6
111901141,0,15,-15
111901142,0,26,-26
111901143,1,79,-78
111901144,42,4,38
111901145,43,161,-118
111901146,3,1,2
111901147,34,501,-467
111901148,0,35,-35
111901149,29,0,29
111901150,11,0,11
111901151,26,0,26
111901152,0,16,-16
112000001,2012,628,1384
112000002,597,1389,-792
112000003,2277,325,1952
112000004,382,157,225
112000005,2379,2409,-30
112000006,336,167,169
112000007,3026,2085,941
112000008,1801,2478,-677
112000009,1359,659,700
112000010,1676,2510,-834
112000011,735,477,258
112000012,1754,2873,-1119
112000013,992,808,184
112000014,521,1957,-1436
112000015,894,1355,-461
112000016,955,2524,-1569
112000017,223,1867,-1644
112000024,143,150,-7
112000026,878,942,-64
112000027,396,260,136
112000028,327,283,44
112000029,145,365,-220
112000030,113,9,104
112000031,389,1514,-1125
112000032,58,6,52
112000033,605,1842,-1237
112000034,164,7,157
112000035,38,498,-460
112000036,101,894,-793
112000037,255,625,-370
112000038,214,553,-339
112000039,71,21,50
112000040,19,48,-29
112000041,54,181,-127
112000042,143,39,104
112000050,590,302,288
112000051,515,847,-332
112000054,514,310,204
112000057,375,51,324
112000058,167,143,24
112000059,210,160,50
112000061,618,247,371
112000062,102,438,-336
112000063,103,942,-839
112000064,1006,841,165
112000065,375,429,-54
112000066,984,676,308
112000067,153,326,-173
112000068,1353,930,423
112000069,148,995,-847
112000070,397,418,-21
112000071,263,384,-121
112000072,1431,367,1064
112000073,302,489,-187
112000074,389,315,74
112000075,817,532,285
112000076,1057,635,422
112000077,696,243,453
112000078,1092,201,891
112000079,885,444,441
112000080,436,280,156
112000081,367,481,-114
112000082,562,219,343
112000083,270,411,-141
112000084,754,276,478
112000085,929,238,691
112000086,1285,369,916
112000087,699,82,617
112000088,331,154,177
112000089,108,84,24
112000090,63,120,-57
112000091,246,116,130
112000092,1673,270,1403
112000093,579,187,392
112000094,626,290,336
112000095,551,121,430
112000096,648,166,482
112000097,1585,261,1324
112000098,112,141,-29
112000099,399,1223,-824
112000100,1689,148,1541
112000101,231,81,150
112000102,1292,183,1109
112000103,176,136,40
112000105,190,175,15
112000106,2185,104,2081
112000107,144,36,108
112000108,655,223,432
112000109,299,41,258
112000110,1412,287,1125
112000111,209,591,-382
112000112,1041,123,918
112000113,359,257,102
112000114,1261,181,1080
112000115,210,66,144
112000116,356,137,219
112000117,390,143,247
112000118,153,220,-67
112000119,118,168,-50
112000120,21,63,-42
112000121,26,89,-63
112000122,351,42,309
112000123,452,20,432
112000124,287,23,264
112000125,217,58,159
112000126,513,135,378
112000127,649,1062,-413
112000128,244,292,-48
112000129,55,21,34
112000130,164,54,110
112000131,18,19,-1
112000132,95,32,63
112000133,314,17,297
112000134,210,73,137
112000135,702,135,567
112000136,406,504,-98
112000137,746,862,-116
112000138,470,425,45
112000139,206,228,-22
112000140,59,251,-192
112000141,531,81,450
112000142,70,124,-54
112000143,834,43,791
112000144,54,208,-154
112000145,1987,161,1826
112000146,279,306,-27
112000147,2213,602,1611
112000148,348,342,6
112000149,301,159,142
112000150,235,92,143
112000151,154,88,66
112000152,483,61,422
112000153,48,84,-36
112000154,92,137,-45
112000155,84,24,60
112000157,125,256,-131
112000158,146,35,111
112000159,595,51,544
112000167,71,60,11
112000169,101,491,-390
112000173,563,57,506
112000175,208,89,119
112000176,409,291,118
112000177,700,130,570
112000178,13,47,-34
112000179,221,11,210
112000180,205,31,174
112000181,362,205,157
112000182,1400,244,1156
112000183,15,5,10
112000184,446,153,293
112000185,585,86,499
112000187,1706,1102,604
112000195,45,3,42
112000196,44,0,44
112000197,16,44,-28
112000198,11,33,-22
112000199,150,159,-9
112000202,368,0,368
112000216,9,23,-14
112000230,117,0,117
112000231,1,15,-14
112000256,53,155,-102
112000313,19,16,3
112000314,8,15,-7
112000337,45,339,-294
112000352,28,53,-25
112000392,752,193,559
112000398,1094,225,869
112000399,383,2106,-1723
112000400,264,421,-157
112000401,510,498,12
112000402,2113,2374,-261
112000403,464,2979,-2515
112000404,565,498,67
112000405,1758,1721,37
112000406,853,721,132
112000407,4927,4396,531
112000408,2114,969,1145
112000409,485,705,-220
112000410,19,145,-126
112000411,928,668,260
112000412,177,76,101
112000413,854,3636,-2782
112000414,81,24,57
112000415,80,10,70
112000416,2097,325,1772
112000417,164,34,130
112000421,71,13,58
112000422,74,97,-23
112000424,354,1393,-1039
112000425,109,107,2
112000426,125,255,-130
112000427,0,25,-25
112000428,173,83,90
112000429,769,650,119
112000430,946,1091,-145
112000431,42,80,-38
112000432,171,133,38
112000433,181,129,52
112000437,27,50,-23
112900001,47,0,47
112900002,423,75,348
112900003,23,30,-7
112900004,61,33,28
112900005,197,10,187
112900007,23,13,10
112900008,0,31,-31
112900009,129,116,13
112900010,271,100,171
112900011,2,14,-12
112900012,0,2,-2
112900013,0,17,-17
112900014,6,30,-24
112900015,5,134,-129
112900016,2,58,-56
112900017,28,16,12
112900018,265,94,171
112900019,3,66,-63
112900020,68,132,-64
112900021,0,49,-49
112900022,0,3,-3
112900023,0,29,-29
112900024,0,49,-49
112900025,10,32,-22
112900026,1,11,-10
112900027,3,88,-85
112900028,1,23,-22
112900029,13,12,1
112900030,37,17,20
112900031,0,45,-45
112900032,33,47,-14
112900034,0,5,-5
112900035,0,19,-19
112900036,3,23,-20
112900037,10,140,-130
112900038,423,36,387
112900039,0,39,-39
112900040,1,129,-128
112900041,34,337,-303
112900042,91,30,61
112900043,11,20,-9
112900044,38,149,-111
112900045,37,20,17
112900046,37,5,32
112900047,2,7,-5
112900049,170,8,162
112900050,6,102,-96
112900051,16,69,-53
112900052,1,129,-128
112900053,20,132,-112
112900054,18,19,-1
112900055,18,6,12
112900056,75,74,1
112900057,2,78,-76
112900058,152,136,16
112900059,37,54,-17
112900060,5,8,-3
112900061,45,15,30
112900062,49,19,30
112900063,2,12,-10
112900064,0,11,-11
112900065,1,2,-1
112900066,145,189,-44
112900067,120,10,110
112900068,30,46,-16
112900069,328,493,-165
112900071,12,4,8
112900072,13,1683,-1670
112900073,248,88,160
112900074,31,163,-132
112900075,193,628,-435
112900076,2,19,-17
112900078,93,460,-367
112900079,152,2,150
112900080,55,5,50
112900081,36,260,-224
112900082,411,3,408
112900083,91,75,16
112900084,63,106,-43
112900086,65,0,65
112900087,634,62,572
112900088,69,14,55
112900089,462,2,460
112900090,45,28,17
112900091,219,1,218
112900092,29,343,-314
112900093,631,23,608
112900095,80,0,80
112900096,315,47,268
112900097,13,41,-28
112900098,26,0,26
112900099,840,0,840
112900100,126,0,126
112900101,300,1,299
112900102,36,19,17
112900103,122,4,118
112900104,935,0,935
112900105,20,0,20
112900106,148,36,112
112900107,5,0,5
112900108,0,0,0
112900109,75,1,74
112900110,1099,2,1097
112900111,480,0,480
112900112,319,0,319
112900113,0,2,-2
112900114,334,14,320
112900115,1556,1,1555
112900116,73,1,72
112900117,9,5,4
112900118,0,1,-1
112900119,51,0,51
112900120,63,42,21
112900121,2,9,-7
112900122,0,1,-1
112900123,105,10,95
112900124,0,6,-6
112900125,0,18,-18
112900126,3,27,-24
112900127,187,4,183
112900128,21,140,-119
112900129,0,115,-115
112900130,49,15,34
112900131,3,32,-29
112900132,2,97,-95
112900133,2,212,-210
112900134,0,38,-38
112900135,48,7,41
112900137,55,113,-58
112900138,0,16,-16
112900139,6,245,-239
112900141,475,7,468
112900142,6,85,-79
112900143,1,428,-427
112900144,0,43,-43
112900145,3,45,-42
112900146,1,37,-36
112900147,0,186,-186
112900148,7,0,7
112900149,37,81,-44
112900151,0,10,-10
112900152,961,85,876
112900153,74,863,-789
112900154,0,12,-12
112900155,49,12,37
112900156,452,168,284
112900157,153,7,146
112900158,38,0,38
112900159,39,65,-26
112900160,21,41,-20
112900161,47,10,37
112900162,0,2,-2
112900163,3,23,-20
112900164,2,75,-73
112900165,2,2,0
112900166,1,31,-30
112900167,0,52,-52
112900168,0,1,-1
112900169,1,2,-1
112900170,100,4,96
112900172,34,23,11
112900173,83,11,72
112900174,149,25,124
112900175,37,32,5
112900176,6,22,-16
112900177,203,22,181
112900178,140,1815,-1675
112900179,19,112,-93
112900180,770,395,375
112900181,676,0,676
112900182,15,113,-98
112900183,16,59,-43
112900184,94,50,44
112900185,4,80,-76
112900186,257,221,36
112900187,11,199,-188
112900188,236,560,-324
112900189,1,0,1
112900190,0,0,0
112900192,201,97,104
112900193,198,45,153
112900194,39,0,39
112900195,235,2,233
112900196,135,87,48
112900197,6,100,-94
112900199,208,13,195
112900200,180,2,178
112900201,93,5,88
112900202,241,79,162
112900203,155,9,146
112900204,40,43,-3
112900205,1,0,1
112900206,3,4,-1
112900207,65,0,65
112900208,31,35,-4
112900209,19,77,-58
112900210,1,0,1
112900211,18,1,17
112900212,0,2,-2
112900213,35,0,35
112900214,0,8,-8
112900215,3,1,2
112900216,0,20,-20
112900217,0,0,0
112900218,53,2,51
112900219,52,2,50
112900220,0,0,0
112900221,2,7,-5
112900222,0,7,-7
112900223,261,9,252
112900224,488,26,462
112900225,296,27,269
112900226,9,37,-28
112900227,318,36,282
112900228,46,12,34
112900229,244,15,229
112900230,2629,779,1850
112900232,100,165,-65
112900233,14,24,-10
112900234,71,0,71
112900235,21,0,21
112900236,391,1,390
112900237,207,50,157
112900238,13,0,13
112900239,93,528,-435
112900240,0,1,-1
112900241,0,5,-5
112900242,0,3,-3
112900243,1,6,-5
112900244,0,1,-1
112900245,0,3,-3
112900246,0,5,-5
112900247,61,5,56
112900248,0,0,0
112900249,20,1,19
112900250,111,6,105
112900251,60,0,60
112900252,144,0,144
112900253,40,1,39
112900254,28,0,28
112900255,1,22,-21
112900256,40,25,15
112900257,1,14,-13
112900258,45,1,44
113000001,1722,1553,169
113000002,1593,1301,292
113000003,483,526,-43
113000004,598,739,-141
113000005,560,308,252
113000006,372,492,-120
113000007,720,348,372
113000008,769,364,405
113000009,541,201,340
113000010,805,345,460
113000011,241,374,-133
113000012,460,224,236
113000013,135,246,-111
113000014,143,340,-197
113000015,37,119,-82
113000016,35,203,-168
113000017,29,111,-82
113000018,197,28,169
113000019,29,44,-15
113000020,89,19,70
113000021,863,139,724
113000022,405,607,-202
113000025,51,109,-58
113000026,243,192,51
113000027,304,257,47
113000028,100,103,-3
113000029,201,274,-73
113000030,76,85,-9
113000031,57,63,-6
113000032,81,73,8
113000033,97,66,31
113000034,27,34,-7
113000035,4,2,2
113000036,25,12,13
113000037,2,9,-7
113000038,1,10,-9
113000039,14,91,-77
113000040,21,15,6
113000042,148,131,17
113000051,298,1030,-732
113000052,619,142,477
113000053,173,57,116
113000054,142,314,-172
113000055,688,93,595
113000056,810,171,639
113000058,120,279,-159
113000059,584,82,502
113000060,189,196,-7
113000061,234,318,-84
113000062,71,143,-72
113000063,243,8,235
113000064,109,58,51
113000065,100,146,-46
113000066,593,44,549
113000067,1455,125,1330
113000068,200,128,72
113000069,166,200,-34
113000070,1528,132,1396
113000071,161,104,57
113000072,458,105,353
113000073,59,225,-166
113000074,406,160,246
113000075,819,270,549
113000076,127,651,-524
113000077,225,326,-101
113000078,234,394,-160
113000079,127,212,-85
113000080,176,259,-83
113000081,305,293,12
113000082,289,133,156
113000083,309,191,118
113000084,495,164,331
113000085,500,164,336
113000086,259,200,59
113000087,504,528,-24
113000088,247,252,-5
113000089,401,652,-251
113000090,56,240,-184
113000091,28,32,-4
113000094,608,84,524
113000095,144,83,61
113000096,10,101,-91
113000097,430,116,314
113000098,26,50,-24
113000099,359,113,246
113000100,37,71,-34
113000101,29,62,-33
113000102,236,160,76
113000103,1415,152,1263
113000104,402,1084,-682
113000105,432,116,316
113000106,206,72,134
113000107,585,440,145
113000108,419,350,69
113000109,173,487,-314
113000110,1216,267,949
113000111,104,178,-74
113000112,262,121,141
113000113,546,157,389
113000114,74,273,-199
113000116,158,60,98
113000117,231,71,160
113000118,27,214,-187
113000119,166,241,-75
113000120,25,224,-199
113000121,135,278,-143
113000124,164,27,137
113000125,2,609,-607
113000127,393,29,364
113000128,515,66,449
113000129,112,182,-70
113000133,471,65,406
113000134,9,564,-555
113000135,1816,1900,-84
113000137,310,1238,-928
113000139,61,24,37
113000140,18,12,6
113000141,10,33,-23
113000142,78,59,19
113000143,94,25,69
113000144,64,56,8
113000145,26,25,1
113000146,8,0,8
113000147,41,3,38
113000148,65,26,39
113000149,70,45,25
113000150,105,69,36
113000151,6,7,-1
113000152,21,69,-48
113000153,190,58,132
113000154,98,604,-506
113000155,115,262,-147
113000156,25,24,1
113000157,109,58,51
113000158,108,22,86
113000159,243,33,210
113000160,155,59,96
113000161,112,57,55
113000162,233,9,224
113000163,52,4,48
113000164,1,4,-3
113000166,162,16,146
113000167,34,12,22
113000168,69,32,37
113000169,101,2,99
113000170,99,46,53
113000171,19,62,-43
113000172,172,3,169
113000173,32,11,21
113000174,31,13,18
113000175,261,6,255
113000176,379,31,348
113000177,89,53,36
113000178,23,47,-24
113000179,257,20,237
113000180,373,936,-563
113000181,1181,616,565
113000182,42,128,-86
113000183,270,306,-36
113000184,24,4,20
113000189,36,168,-132
113000190,56,40,16
113000192,330,1038,-708
113000193,731,794,-63
113000194,364,1189,-825
113000195,680,599,81
113000196,276,98,178
113000197,612,1014,-402
113000198,31,70,-39
113000199,632,150,482
113000201,116,160,-44
113000202,1877,355,1522
113000203,21,52,-31
113000204,214,1311,-1097
113000205,0,0,0
113000206,9,14,-5
113000207,30,2,28
113000208,4,9,-5
113000209,1,5,-4
113000210,0,18,-18
113000211,26,23,3
113000212,1,4,-3
113000213,17,28,-11
113000214,37,58,-21
113000234,82,97,-15
113000410,26,49,-23
113000411,379,803,-424
113000412,1666,511,1155
113000413,325,726,-401
113000414,954,4571,-3617
113000415,540,478,62
113000416,626,508,118
113000417,172,315,-143
113000418,1728,1514,214
113000419,414,490,-76
113000420,1123,1653,-530
113000421,1802,2854,-1052
113000422,3109,3217,-108
113000423,275,1196,-921
113000424,418,3288,-2870
113000425,0,40,-40
113000428,0,2,-2
113000430,5,52,-47
113000432,1607,84,1523
113000433,82,207,-125
113000434,21,27,-6
113000435,13,49,-36
113000436,4,224,-220
113000437,645,24,621
113000438,88,8,80
113000439,17,4,13
113000440,99,9,90
113000441,113,98,15
113000442,83,4,79
113000443,319,51,268
113000444,75,4,71
113000445,62,21,41
113000446,10,16,-6
113000448,115,63,52
113000449,160,619,-459
113000450,121,1541,-1420
113000451,885,134,751
113000452,24,324,-300
113000453,18,199,-181
113000454,47,108,-61
113000455,2,196,-194
113000456,230,493,-263
113000468,349,33,316
113000469,11,43,-32
113000470,99,1,98
113000471,3,107,-104
113000472,41,42,-1
113000474,905,286,619
113000475,522,770,-248
113000476,925,896,29
113000477,2425,726,1699
113000478,1258,1521,-263
113000479,30,78,-48
113000485,0,0,0
113000486,0,0,0
113000487,0,0,0
113000488,0,0,0
113000489,0,0,0
113000490,0,0,0
113000491,0,0,0
113000492,0,0,0
113000493,0,0,0
113000495,57,27,30
113000496,19,81,-62
113900001,1,171,-170
113900002,0,49,-49
113900003,0,14,-14
113900004,0,40,-40
113900005,0,108,-108
113900006,0,124,-124
113900007,0,0,0
113900008,0,0,0
113900009,0,0,0
113900010,0,0,0
113900011,0,0,0
113900012,59,0,59
113900013,8,0,8
113900014,250,2,248
113900015,0,1,-1
113900016,9,0,9
113900017,0,12,-12
113900018,15,117,-102
113900019,85,2,83
113900020,98,0,98
113900022,23,0,23
113900023,0,0,0
113900024,31,1,30
113900025,84,12,72
113900026,22,0,22
113900027,8,21,-13
113900028,5,94,-89
113900029,18,20,-2
113900030,374,9,365
113900031,37,0,37
113900032,0,0,0
113900033,6,4,2
113900035,39,0,39
113900036,12,5,7
113900037,96,166,-70
113900038,20,85,-65
113900039,118,5,113
113900040,6,0,6
113900041,0,0,0
113900042,4,1,3
113900043,36,17,19
113900044,5,93,-88
113900045,3,0,3
113900046,17,171,-154
113900047,73,1,72
113900048,10,31,-21
113900049,61,155,-94
113900050,40,36,4
113900051,41,15,26
113900052,6,10,-4
113900053,107,475,-368
113900054,7,0,7
113900055,9,64,-55
113900056,35,2,33
113900057,0,4,-4
113900058,21,1,20
113900059,53,7,46
113900060,26,13,13
113900061,78,29,49
113900062,49,0,49
113900063,9,1,8
113900064,0,11,-11
113900065,367,7,360
113900066,186,2,184
113900067,94,6,88
113900068,160,302,-142
113900069,3,0,3
113900070,38,67,-29
113900071,40,2,38
113900072,0,5,-5
113900073,222,109,113
113900074,115,38,77
113900075,209,743,-534
113900076,32,0,32
113900077,3,22,-19
113900078,27,19,8
113900079,0,8,-8
113900080,105,50,55
113900081,7,3,4
113900082,25,40,-15
113900083,190,44,146
113900084,44,34,10
113900085,0,45,-45
113900086,38,4,34
113900087,26,37,-11
113900088,54,171,-117
113900089,137,4,133
113900090,86,56,30
113900091,0,0,0
113900092,9,5,4
113900093,0,317,-317
113900094,187,51,136
113900095,64,17,47
113900096,58,20,38
113900097,8,14,-6
113900098,253,40,213
113900099,0,0,0
113900100,0,0,0
113900101,0,27,-27
113900102,0,26,-26
113900103,58,112,-54
113900104,15,66,-51
113900105,123,9,114
113900106,0,0,0
113900107,0,0,0
113900108,8,19,-11
113900109,28,35,-7
113900110,3,2,1
113900111,36,12,24
113900112,84,2,82
113900113,325,60,265
113900114,0,0,0
113900115,0,0,0
113900116,1,21,-20
113900117,31,1,30
113900118,26,304,-278
113900119,52,89,-37
113900120,38,1,37
113900121,52,23,29
113900122,91,1583,-1492
113900123,100,21,79
113900124,0,0,0
113900125,165,11,154
113900126,1,28,-27
113900127,34,229,-195
113900128,96,17,79
113900129,1,40,-39
113900130,0,0,0
113900131,75,12,63
113900132,16,12,4
113900133,3,21,-18
113900135,111,28,83
113900136,2,0,2
113900137,92,94,-2
113900138,5,25,-20
113900139,22,64,-42
113900140,23,79,-56
113900141,264,104,160
113900142,13,1,12
113900143,0,13,-13
113900144,31,60,-29
113900145,50,4,46
113900146,74,3,71
113900148,24,29,-5
113900149,44,54,-10
113900150,46,17,29
113900151,233,34,199
113900152,1,16,-15
113900153,2,24,-22
113900154,0,22,-22
113900155,1,20,-19
113900156,15,51,-36
113900157,2,155,-153
113900158,17,31,-14
113900159,1,33,-32
113900160,50,45,5
113900161,17,67,-50
113900162,22,50,-28
113900163,119,45,74
113900164,161,4,157
113900165,94,25,69
113900166,2,8,-6
113900167,227,16,211
113900168,1,0,1
113900169,16,48,-32
113900171,91,4,87
113900172,2,2,0
113900173,0,51,-51
113900174,22,74,-52
113900175,35,41,-6
113900176,21,27,-6
113900177,29,25,4
113900178,65,20,45
113900179,1,140,-139
113900180,14,4,10
113900181,382,28,354
113900182,82,49,33
113900183,1,0,1
113900184,0,72,-72
113900185,30,0,30
113900186,0,7,-7
113900187,1,12,-11
113900188,0,4,-4
113900189,154,42,112
113900190,73,10,63
113900191,3,13,-10
113900192,443,841,-398
113900193,3,31,-28
113900194,400,53,347
113900195,46,35,11
113900196,0,12,-12
113900197,0,23,-23
113900198,0,49,-49
113900199,10,35,-25
113900200,0,14,-14
113900201,0,29,-29
113900202,1,22,-21
113900203,16,22,-6
113900204,1,14,-13
113900205,0,4,-4
113900206,0,0,0
113900207,0,0,0
113900208,0,3,-3
113900209,0,0,0
113900210,70,74,-4
113900211,51,4,47
113900212,187,109,78
113900214,43,43,0
113900215,119,9,110
113900216,44,26,18
113900217,61,32,29
113900218,21,63,-42
113900219,9,41,-32
113900220,11,49,-38
113900221,16,91,-75
113900222,106,184,-78
113900223,80,43,37
113900224,19,3,16
113900225,84,17,67
113900226,42,27,15
113900227,63,18,45
113900228,14,115,-101
113900229,1,223,-222
113900230,284,570,-286
113900231,2,11,-9
113900232,25,0,25
113900233,23,28,-5
113900234,85,167,-82
113900235,68,15,53
113900236,266,38,228
113900237,26,2,24
113900238,26,111,-85
113900239,18,17,1
113900240,3,23,-20
113900241,0,3,-3
113900242,0,42,-42
113900243,1,51,-50
113900244,42,8,34
113900245,76,68,8
113900246,0,29,-29
113900247,21,176,-155
113900248,309,479,-170
113900249,51,198,-147
113900250,8,37,-29
113900251,507,12,495
113900252,343,4,339
113900253,113,2,111
113900254,211,10,201
113900255,475,24,451
113900256,189,19,170
113900257,1,99,-98
113900258,3,101,-98
113900259,251,23,228
113900260,116,1,115
113900261,20,6,14
113900262,120,132,-12
113900263,0,27,-27
113900264,2,39,-37
113900265,13,57,-44
113900266,24,34,-10
113900267,12,152,-140
113900268,3,32,-29
113900269,24,11,13
113900270,56,46,10
113900271,60,67,-7
113900273,1,0,1
113900274,6,6,0
113900275,0,5,-5
113900276,3,24,-21
113900277,90,6,84
113900278,5,14,-9
113900279,5,7,-2
113900280,109,79,30
113900281,52,304,-252
113900282,59,41,18
113900283,69,132,-63
113900284,464,33,431
113900285,40,11,29
113900286,45,7,38
113900287,27,3,24
113900288,0,35,-35
113900289,77,56,21
113900290,25,82,-57
113900291,7,27,-20
113900292,0,0,0
113900293,0,80,-80
113900294,334,12,322
113900295,56,63,-7
113900296,253,114,139
113900297,919,0,919
113900298,7,98,-91
113900299,25,0,25
113900300,554,748,-194
113900301,47,239,-192
113900302,513,214,299
113900303,25,280,-255
113900304,1,25,-24
113900305,107,0,107
113900306,40,0,40
113900307,0,0,0
113900308,5,10,-5
113900309,0,177,-177
113900310,0,4,-4
113900311,6,0,6
113900312,6,39,-33
113900313,0,0,0
113900314,1,13,-12
113900315,151,1,150
114000001,294,588,-294
114000002,148,69,79
114000003,180,69,111
114000004,348,49,299
114000005,228,55,173
114000006,286,206,80
114000007,308,420,-112
114000008,513,560,-47
114000009,827,80,747
114000011,1389,651,738
114000012,2621,389,2232
114000013,1151,269,882
114000014,290,66,224
114000015,1162,73,1089
114000016,179,27,152
114000017,76,482,-406
114000018,25,2,23
114000026,2029,348,1681
114000027,2487,965,1522
114000028,846,1386,-540
114000038,222,39,183
114000039,115,23,92
114000040,86,183,-97
114000042,26,80,-54
114000043,91,93,-2
114000044,303,36,267
114000045,1,13,-12
114000046,414,928,-514
114000047,0,24,-24
114000048,84,51,33
114000049,728,456,272
114000050,768,311,457
114000051,1357,995,362
114000052,1339,1284,55
114000053,5,335,-330
114000054,43,214,-171
114000055,154,11,143
114000056,32,141,-109
114000057,1245,706,539
114000058,17,237,-220
114000059,2,229,-227
114000060,72,164,-92
114000061,725,756,-31
114000062,81,357,-276
114000063,307,304,3
114000064,493,1177,-684
114000065,353,438,-85
114000066,312,350,-38
114000067,5,518,-513
114000068,99,211,-112
114000069,365,126,239
114000070,683,653,30
114000071,406,88,318
114000072,472,47,425
114000073,21,25,-4
114000074,41,9,32
114000075,81,2,79
114000076,17,9,8
114000077,2,7,-5
114000078,136,50,86
114000079,212,13,199
114000080,13,32,-19
114000081,49,21,28
114000082,16,106,-90
114000083,19,3,16
114000084,131,52,79
114000085,10,45,-35
114000086,105,34,71
114000087,139,9,130
114000088,45,19,26
114000089,197,60,137
114000090,376,247,129
114000091,384,326,58
114000092,137,95,42
114000093,564,89,475
114000094,268,113,155
114000095,145,166,-21
114000096,49,98,-49
114000097,59,104,-45
114000098,512,67,445
114000099,420,112,308
114000100,1377,123,1254
114000101,178,208,-30
114000102,734,115,619
114000103,66,114,-48
114000104,2,26,-24
114000105,180,54,126
114000106,220,1107,-887
114000107,317,53,264
114000108,309,287,22
114000109,443,1582,-1139
114000110,271,240,31
114000111,1153,699,454
114000112,106,389,-283
114000113,1714,159,1555
114000114,116,224,-108
114000115,1779,279,1500
114000116,620,2562,-1942
114000117,2755,204,2551
114000118,2293,138,2155
114000119,2091,257,1834
114000120,570,414,156
114000121,144,162,-18
114000122,159,133,26
114000123,1529,155,1374
114000124,768,104,664
114000125,548,524,24
114000126,851,100,751
114000127,51,60,-9
114000128,545,95,450
114000130,245,356,-111
114000131,286,7,279
114000132,354,86,268
114000133,180,145,35
114000134,23,3,20
114000138,1,3,-2
114000139,164,54,110
114000144,370,153,217
114000145,13,9,4
114000146,64,10,54
114000147,433,1285,-852
114000148,306,684,-378
114000149,110,115,-5
114000150,79,106,-27
114000151,233,2606,-2373
114000152,18,3,15
114000153,246,460,-214
114000154,140,147,-7
114000155,378,1686,-1308
114000156,386,211,175
114000157,125,558,-433
114000158,153,185,-32
114000159,58,80,-22
114000160,18,50,-32
114000161,331,571,-240
114000162,628,754,-126
114000163,2,4,-2
114000165,133,128,5
114000166,139,182,-43
114000167,830,453,377
114000168,241,59,182
114000169,279,429,-150
114000170,506,322,184
114000171,733,5848,-5115
114000174,57,61,-4
114000176,129,99,30
114000177,201,174,27
114000178,20,33,-13
114000179,350,422,-72
114000180,114,102,12
114000181,641,2462,-1821
114000182,279,822,-543
114000183,246,216,30
114000184,872,131,741
114000185,621,369,252
114000189,1088,61,1027
114000190,2157,280,1877
114000191,78,307,-229
114000192,54,245,-191
114000193,92,375,-283
114000194,996,444,552
114000195,204,106,98
114000196,0,38,-38
114000197,1665,15,1650
114000198,206,114,92
114000199,406,677,-271
114000200,294,456,-162
114000201,119,292,-173
114000202,479,354,125
114000203,709,490,219
114000204,29,75,-46
114000205,174,371,-197
114000206,247,344,-97
114000207,172,262,-90
114000208,199,253,-54
114000209,232,327,-95
114000210,97,239,-142
114000211,1367,472,895
114000212,790,637,153
114000213,1761,236,1525
114000214,40,6,34
114000215,38,7,31
114000216,937,346,591
114000217,321,155,166
114000218,181,111,70
114000219,986,38,948
114000220,25,111,-86
114000221,996,80,916
114000222,81,136,-55
114000223,464,61,403
114000224,36,82,-46
114000225,185,139,46
114000226,219,49,170
114000227,888,334,554
114000228,779,249,530
114000229,1266,550,716
114000230,1059,325,734
114000231,574,656,-82
114000232,826,75,751
114000233,1422,19,1403
114000234,1049,378,671
114000235,971,511,460
114000236,0,97,-97
114000237,37,206,-169
114000238,64,246,-182
114000239,95,230,-135
114000240,627,573,54
114000241,277,330,-53
114000242,540,255,285
114000243,1398,810,588
114000244,293,159,134
114000245,285,536,-251
114000246,74,26,48
114000247,346,300,46
114000248,1139,379,760
114000249,688,177,511
114000250,515,116,399
114000251,145,38,107
114000252,34,9,25
114000253,12,17,-5
114000254,32,0,32
114000255,110,64,46
114000256,77,282,-205
114000257,343,405,-62
114000258,283,40,243
114000259,46,134,-88
114000260,0,5,-5
114000261,48,19,29
114000262,133,37,96
114000263,18,1,17
114000264,857,64,793
114000265,0,2,-2
114000267,1,1128,-1127
114000268,0,322,-322
114000270,194,2,192
114000271,141,158,-17
114000283,1083,46,1037
114000285,2,59,-57
114000288,59,94,-35
114000289,1433,47,1386
114000293,176,91,85
114000294,119,153,-34
114000395,802,20,782
114000396,282,169,113
114000402,551,116,435
114000403,357,108,249
114000405,183,93,90
114000423,336,79,257
114000424,395,84,311
114000425,819,84,735
114000426,293,525,-232
114000427,27,4,23
114000428,92,15,77
114000429,15,37,-22
114000432,57,22,35
114000434,3,4,-1
114000435,0,31,-31
114900001,320,91,229
114900002,131,26,105
114900003,400,94,306
114900004,70,168,-98
114900005,260,167,93
114900006,11,48,-37
114900007,47,0,47
114900008,253,6,247
114900010,294,738,-444
114900011,280,83,197
114900013,135,37,98
114900018,397,7,390
114900020,40,26,14
114900022,0,183,-183
114900025,308,24,284
114900026,69,36,33
114900029,195,10,185
114900030,173,36,137
114900031,451,2,449
114900032,406,2,404
114900034,14,9,5
114900035,6,56,-50
114900036,75,47,28
114900039,396,107,289
114900040,82,1,81
114900041,656,60,596
114900042,669,58,611
114900044,70,32,38
114900047,14,1877,-1863
114900048,2,21,-19
114900049,4,20,-16
114900050,12,24,-12
114900051,3,42,-39
114900052,7,61,-54
114900053,28,56,-28
114900054,6,5,1
114900057,33,9,24
114900058,0,10,-10
114900059,88,23,65
114900063,27,4,23
114900064,1279,46,1233
114900065,184,344,-160
114900067,5,10,-5
114900068,25,22,3
114900069,73,21,52
114900070,420,52,368
114900072,0,27,-27
114900073,0,9,-9
114900074,706,37,669
114900075,167,1,166
114900076,3,58,-55
114900080,178,75,103
114900082,781,974,-193
114900083,20,151,-131
114900090,384,76,308
114900091,19,31,-12
114900097,100,0,100
114900098,2,33,-31
114900099,142,10,132
115000001,1331,870,461
115000002,1827,3433,-1606
115000003,1453,678,775
115000004,2369,3268,-899
115000005,782,883,-101
115000006,694,629,65
115000007,67,139,-72
115000008,151,204,-53
115000009,145,84,61
115000010,103,104,-1
115000013,13,78,-65
115000015,30,84,-54
115000016,14,94,-80
115000019,19,196,-177
115000020,60,425,-365
115000021,68,133,-65
115000022,44,57,-13
115000023,190,258,-68
115000024,118,54,64
115000025,443,196,247
115000026,95,42,53
115000027,218,88,130
115000028,70,53,17
115000029,520,26,494
115000030,181,110,71
115000031,291,32,259
115000032,0,64,-64
115000033,61,2,59
115000034,71,210,-139
115000035,347,29,318
115000036,0,40,-40
115000037,224,16,208
115000038,64,73,-9
115000039,1090,1716,-626
115000040,1243,1227,16
115000041,699,2120,-1421
115000042,191,262,-71
115000043,1607,1045,562
115000044,934,1064,-130
115000045,1112,444,668
115000046,2074,1002,1072
115000047,1611,646,965
115000048,1169,772,397
115000049,757,927,-170
115000050,1700,636,1064
115000051,834,2711,-1877
115000052,679,791,-112
115000053,1216,1883,-667
115000054,358,401,-43
115000055,42,340,-298
115000056,113,112,1
115000057,310,622,-312
115000058,53,248,-195
115000059,59,264,-205
115000061,100,190,-90
115000062,190,310,-120
115000063,233,107,126
115000064,121,45,76
115000065,65,322,-257
115000067,161,16,145
115000069,34,115,-81
115000070,29,497,-468
115000071,55,14,41
115000072,9,11,-2
115000073,676,20,656
115000075,17,43,-26
115000076,783,490,293
115000077,839,412,427
115000078,732,187,545
115000079,640,441,199
115000080,1917,483,1434
115000081,89,208,-119
115000082,2519,1770,749
115000083,1240,427,813
115000084,2164,282,1882
115000085,648,201,447
115000086,572,191,381
115000087,233,593,-360
115000088,876,274,602
115000089,647,382,265
115000090,176,333,-157
115000091,165,200,-35
115000092,698,345,353
115000093,472,0,472
115000094,2080,4582,-2502
115000095,1172,3523,-2351
115000096,600,328,272
115000097,1302,851,451
115000098,990,134,856
115000099,1151,570,581
115000100,1073,204,869
115000101,253,250,3
115000102,479,67,412
115000103,172,212,-40
115000105,74,74,0
115000106,353,231,122
115000107,73,100,-27
115000108,718,457,261
115000109,1052,3306,-2254
115000110,464,1190,-726
115000111,124,251,-127
115000112,283,168,115
115000113,111,153,-42
115000114,232,95,137
115000116,438,535,-97
115000117,543,556,-13
115000118,622,683,-61
115000119,516,639,-123
115000120,232,585,-353
115000121,198,233,-35
115000122,282,511,-229
115000123,220,479,-259
115000124,285,428,-143
115000125,197,452,-255
115000126,43,198,-155
115000127,207,59,148
115000128,94,355,-261
115000129,136,258,-122
115000130,125,152,-27
115000131,293,96,197
115000132,206,48,158
115000133,338,31,307
115000134,173,43,130
115000135,97,40,57
115000136,69,68,1
115000137,52,38,14
115000138,162,118,44
115000139,40,18,22
115000140,222,44,178
115000141,175,45,130
115000142,79,18,61
115000143,509,165,344
115000144,246,20,226
115000145,147,45,102
115000146,255,97,158
115000147,128,99,29
115000148,89,226,-137
115000149,284,111,173
115000150,153,89,64
115000151,654,135,519
115000152,275,122,153
115000153,629,140,489
115000154,426,161,265
115000155,363,199,164
115000156,262,418,-156
115000157,96,150,-54
115000158,44,149,-105
115000159,137,170,-33
115000160,90,67,23
115000161,67,210,-143
115000162,213,428,-215
115000163,125,166,-41
115000164,121,197,-76
115000165,82,227,-145
115000167,43,26,17
115000168,275,164,111
115000169,65,495,-430
115000170,66,111,-45
115000171,165,210,-45
115000172,239,308,-69
115000173,115,432,-317
115000174,18,157,-139
115000175,99,78,21
115000176,12,46,-34
115000177,16,140,-124
115000178,1,77,-76
115000179,3,83,-80
115000180,41,119,-78
115000181,438,60,378
115000182,558,103,455
115000183,281,199,82
115000186,310,43,267
115000187,116,69,47
115000188,217,139,78
115000189,175,207,-32
115000190,284,165,119
115000191,98,245,-147
115000194,43,39,4
115000195,12,36,-24
115000196,158,8,150
115000197,123,69,54
115000198,312,6,306
115000199,296,70,226
115000200,177,30,147
115000201,106,46,60
115000206,306,12,294
115000207,115,40,75
115000208,42,244,-202
115000209,284,135,149
115000210,63,64,-1
115000211,48,124,-76
115000212,255,72,183
115000224,99,6,93
115000225,38,10,28
115000229,87,9,78
115000230,14,83,-69
115000231,270,268,2
115000232,1698,136,1562
115000233,41,29,12
115000234,25,72,-47
115000241,53,10,43
115000242,60,8,52
115000243,107,44,63
115000244,2,17,-15
115000246,6,2,4
115000247,20,0,20
115000248,53,4,49
115000249,5,0,5
115000250,107,6,101
115000251,171,10,161
115000252,62,83,-21
115000253,0,200,-200
115000258,157,6,151
115000259,19,5,14
115000261,15,5,10
115000262,1,7,-6
115000263,1,7,-6
115000264,1,1,0
115000267,3,11,-8
115000268,11,19,-8
115000269,34,21,13
115000270,2,4,-2
115000272,33,24,9
115000273,225,4,221
115000280,211,236,-25
115000281,39,667,-628
115000282,178,594,-416
115000284,21,125,-104
115000296,157,12,145
115000297,12,253,-241
115000298,8,379,-371
115000300,67,53,14
115000302,308,13,295
115000303,649,12,637
115000304,498,42,456
115000305,66,66,0
115000306,261,34,227
115000307,169,73,96
115000308,0,2,-2
115000310,1174,137,1037
115000311,815,351,464
115000313,56,61,-5
115000314,227,99,128
115000315,117,351,-234
115000316,44,81,-37
115000317,53,135,-82
115000318,485,157,328
115000319,50,50,0
115000320,6,240,-234
115000321,163,26,137
115000322,23,77,-54
115000449,26,62,-36
115000557,8,1274,-1266
115000558,123,50,73
115000587,519,119,400
115000588,863,940,-77
115000589,2033,978,1055
115000590,239,390,-151
115000591,660,211,449
115000592,324,424,-100
115000593,1028,236,792
115000594,173,799,-626
115000609,179,144,35
115000617,178,1570,-1392
115000624,276,8,268
115000633,134,546,-412
115000634,1372,285,1087
115000635,271,22,249
115000638,65,134,-69
115000641,1,104,-103
115000642,152,57,95
115000643,36,145,-109
115000644,55,92,-37
115000646,237,253,-16
115000647,68,167,-99
115000648,1511,154,1357
115000893,561,312,249
115000894,73,269,-196
115000895,84,335,-251
115000896,450,236,214
115000897,130,83,47
115000898,71,129,-58
115000899,63,594,-531
115000900,11,84,-73
115000901,33,180,-147
115000912,163,60,103
115000913,1,1,0
115000915,3,0,3
115000916,19,16,3
115000917,0,22,-22
115000918,3,489,-486
115000919,0,59,-59
115000920,4,25,-21
115000921,55,36,19
115000922,148,255,-107
115000923,21,461,-440
115000925,77,41,36
115000927,27,16,11
115000933,10,217,-207
115000934,17,58,-41
115000935,40,28,12
115000936,9,643,-634
115000937,122,111,11
115000938,5,34,-29
115000939,7,55,-48
115000940,0,11,-11
115000941,0,36,-36
115000942,0,36,-36
115000943,2,37,-35
115000944,0,17,-17
115900001,172,21,151
115900002,24,26,-2
115900003,110,17,93
115900004,1,3,-2
115900005,234,2,232
115900006,30,16,14
115900008,119,0,119
115900009,4,12,-8
115900010,291,16,275
115900011,117,31,86
115900012,156,0,156
115900013,297,12,285
115900014,61,20,41
115900015,145,16,129
115900016,29,2,27
115900017,41,40,1
115900018,14,19,-5
115900019,11,15,-4
115900020,113,0,113
115900021,169,108,61
115900022,128,2,126
115900023,0,8,-8
115900025,1,15,-14
115900026,249,11,238
115900027,0,27,-27
115900028,50,7,43
115900029,3,38,-35
115900030,29,18,11
115900031,10,104,-94
115900032,39,155,-116
115900033,0,18,-18
115900034,3,44,-41
115900035,8,9,-1
115900036,3,662,-659
115900037,1,63,-62
115900038,25,2,23
115900039,86,31,55
115900041,43,285,-242
115900042,9,0,9
115900043,29,7,22
115900044,27,224,-197
115900046,381,20,361
115900047,56,122,-66
115900049,125,36,89
115900051,0,18,-18
115900052,19,83,-64
115900053,149,12,137
115900054,310,15,295
115900055,3,33,-30
115900056,34,26,8
115900057,0,29,-29
115900058,3,11,-8
115900060,6,5,1
115900061,163,0,163
115900062,23,26,-3
115900063,7,6,1
115900064,88,59,29
115900065,138,5,133
115900066,32,17,15
115900067,0,33,-33
115900068,649,938,-289
115900069,18,42,-24
115900070,65,15,50
115900071,8,25,-17
115900072,14,37,-23
115900073,130,53,77
115900074,0,71,-71
115900075,3,44,-41
115900076,5,5,0
115900077,1,25,-24
115900078,4,25,-21
115900079,264,0,264
115900080,82,4,78
115900081,32,24,8
115900082,39,19,20
115900084,385,0,385
115900085,7,12,-5
115900086,286,83,203
115900088,0,43,-43
115900089,363,89,274
115900090,445,0,445
115900091,0,0,0
115900092,44,34,10
115900093,0,0,0
115900094,3,44,-41
115900096,3,0,3
115900097,3,94,-91
115900098,153,60,93
115900099,12,9,3
115900100,3,132,-129
115900101,62,42,20
115900102,49,16,33
115900103,100,15,85
115900104,100,13,87
115900105,165,60,105
115900106,85,0,85
115900107,97,3,94
115900108,122,4,118
115900109,1,153,-152
115900110,1,1,0
115900111,1,26,-25
115900112,40,119,-79
115900113,62,0,62
115900114,1,4,-3
115900115,41,47,-6
115900116,36,127,-91
115900117,51,1,50
115900118,2,58,-56
115900119,130,17,113
115900120,14,43,-29
115900121,154,5,149
115900124,39,439,-400
115900125,343,13,330
115900126,552,2,550
115900127,441,4,437
115900128,0,99,-99
115900129,176,5,171
115900130,10,221,-211
115900131,246,1,245
115900132,328,1,327
115900134,170,1,169
115900135,173,195,-22
115900137,10,4,6
115900139,2,17,-15
115900140,441,12,429
115900141,0,23,-23
115900142,0,19,-19
115900143,139,52,87
115900144,59,35,24
115900146,2,28,-26
115900147,60,164,-104
115900148,10,3,7
115900149,48,4,44
115900150,84,38,46
115900151,38,23,15
115900152,46,49,-3
115900153,55,27,28
115900154,54,99,-45
115900155,0,22,-22
115900156,160,230,-70
115900157,142,175,-33
115900158,8,0,8
115900159,159,27,132
115900160,1,0,1
115900161,9,14,-5
115900163,143,3,140
115900164,481,1,480
115900166,44,38,6
115900168,234,44,190
115900171,32,37,-5
115900172,11,18,-7
115900173,93,18,75
115900174,18,30,-12
115900175,99,6,93
115900178,37,96,-59
115900179,275,0,275
115900180,47,49,-2
115900181,163,22,141
115900182,405,20,385
115900183,0,48,-48
115900184,101,0,101
115900187,0,155,-155
115900189,1,48,-47
115900190,22,239,-217
115900191,5,28,-23
115900192,1,55,-54
115900193,19,8,11
115900194,500,5,495
115900195,86,1341,-1255
115900198,58,70,-12
115900199,139,3,136
115900200,118,14,104
115900201,85,103,-18
115900202,0,97,-97
115900203,2,6,-4
115900204,0,70,-70
115900205,12,18,-6
115900206,290,8,282
115900207,13,1,12
115900208,53,10,43
115900209,11,43,-32
115900210,2,68,-66
115900211,0,16,-16
115900212,112,7,105
115900213,79,152,-73
115900214,305,8,297
115900215,4,97,-93
115900216,1,14,-13
115900217,9,1,8
115900218,0,3,-3
115900219,168,0,168
115900220,185,0,185
115900221,158,3,155
115900222,76,6,70
115900223,0,214,-214
115900224,148,1037,-889
115900225,34,21,13
115900226,4,26,-22
115900227,0,15,-15
115900228,0,6,-6
115900229,1,12,-11
115900230,4,10,-6
115900231,36,1,35
115900232,20,0,20
115900233,61,0,61
115900234,32,11,21
115900235,1,7,-6
115900236,1,5,-4
115900237,17,22,-5
115900238,11,22,-11
115900239,5,43,-38
115900240,2,22,-20
115900241,202,2,200
115900242,362,296,66
115900243,1,2,-1
115900244,2,1,1
115900245,13,0,13
115900246,3,0,3
115900247,8,0,8
115900248,0,2,-2
115900249,1,2,-1
115900250,1,2,-1
115900251,2,0,2
115900252,0,0,0
115900253,19,0,19
115900254,2,27,-25
115900255,1,9,-8
115900256,3,147,-144
115900257,0,2,-2
115900258,0,0,0
115900259,19,0,19
115900260,3,0,3
115900261,1,0,1
115900262,7,0,7
115900263,0,0,0
115900264,1,0,1
115900265,0,1,-1
115900266,21,6,15
115900267,3,0,3
115900268,0,5,-5
115900269,655,30,625
115900270,214,17,197
115900271,180,0,180
115900272,27,2,25
115900273,0,11,-11
115900274,0,3,-3
115900275,0,0,0
115900276,0,0,0
115900277,0,10,-10
115900278,82,18,64
115900279,14,76,-62
115900280,22,310,-288
115900281,64,187,-123
115900282,2,29,-27
115900283,50,1,49
115900284,5,1,4
116000001,1929,589,1340
116000002,2002,8791,-6789
116000003,376,396,-20
116000004,1987,3540,-1553
116000005,385,1187,-802
116000006,1267,1927,-660
116000007,571,1006,-435
116000008,2424,1066,1358
116000009,319,1219,-900
116000010,1846,757,1089
116000011,275,396,-121
116000012,1308,513,795
116000013,1944,1214,730
116000014,4666,11638,-6972
116000015,12,403,-391
116000016,1293,2723,-1430
116000017,13,245,-232
116000018,35,80,-45
116000019,473,103,370
116000020,242,177,65
116000021,436,98,338
116000022,163,137,26
116000023,602,423,179
116000024,394,173,221
116000025,445,273,172
116000026,459,720,-261
116000027,172,241,-69
116000028,281,744,-463
116000029,135,130,5
116000030,322,255,67
116000031,4,11,-7
116000032,113,20,93
116000033,528,126,402
116000034,588,362,226
116000035,231,37,194
116000036,86,358,-272
116000037,94,126,-32
116000038,37,140,-103
116000039,156,215,-59
116000040,178,298,-120
116000041,31,200,-169
116000042,429,294,135
116000043,47,157,-110
116000044,7,38,-31
116000045,886,587,299
116000046,410,477,-67
116000047,978,1000,-22
116000048,1670,631,1039
116000049,1019,1128,-109
116000050,634,434,200
116000051,1642,1068,574
116000052,1253,1053,200
116000053,1758,224,1534
116000054,568,686,-118
116000055,499,361,138
116000056,1403,737,666
116000057,937,202,735
116000058,1084,1295,-211
116000059,825,2819,-1994
116000060,945,653,292
116000061,96,1028,-932
116000062,185,230,-45
116000063,232,1023,-791
116000066,147,385,-238
116000067,96,167,-71
116000068,74,219,-145
116000069,111,80,31
116000078,276,621,-345
116000080,812,228,584
116000082,1,4,-3
116000083,1160,179,981
116000084,367,679,-312
116000085,1079,822,257
116000086,247,250,-3
116000087,1978,1025,953
116000088,468,252,216
116000089,105,50,55
116000090,162,104,58
116000091,140,362,-222
116000093,446,95,351
116000094,431,133,298
116000095,528,158,370
116000096,731,1165,-434
116000097,458,203,255
116000098,95,4787,-4692
116000099,2278,302,1976
116000100,138,4,134
116000101,886,74,812
116000102,205,190,15
116000103,197,144,53
116000104,152,187,-35
116000105,847,73,774
116000106,423,314,109
116000107,1444,151,1293
116000108,1,212,-211
116000111,69,17,52
116000113,35,5,30
116000114,3,26,-23
116000115,233,23,210
116000116,150,69,81
116000117,778,550,228
116000118,741,253,488
116000119,2567,661,1906
116000120,1410,816,594
116000121,786,155,631
116000122,435,224,211
116000123,1134,73,1061
116000124,355,148,207
116000125,2057,101,1956
116000126,138,226,-88
116000127,372,199,173
116000128,1556,209,1347
116000129,822,51,771
116000130,531,339,192
116000133,976,107,869
116000134,748,307,441
116000135,1965,390,1575
116000136,426,706,-280
116000137,754,219,535
116000138,391,144,247
116000139,1287,2203,-916
116000140,315,233,82
116000141,285,162,123
116000142,2268,1477,791
116000143,1586,1247,339
116000144,1779,852,927
116000145,2191,498,1693
116000146,609,48,561
116000147,141,147,-6
116000148,528,443,85
116000149,335,232,103
116000151,492,236,256
116000153,114,266,-152
116000155,161,247,-86
116000156,293,168,125
116000157,79,2,77
116000158,352,37,315
116000159,4,2,2
116000160,37,16,21
116000161,1,33,-32
116000162,16,114,-98
116000163,22,9,13
116000164,5,5,0
116000177,63,198,-135
116000194,24,73,-49
116000195,801,154,647
116000196,24,1,23
116000197,4,13,-9
116000198,831,423,408
116000200,186,467,-281
116000201,407,122,285
116000202,8,85,-77
116000203,0,15,-15
116000204,0,6,-6
116000205,0,38,-38
116000206,0,28,-28
116000207,3,5,-2
116000233,42,55,-13
116000287,157,44,113
116000288,274,134,140
116000292,69,13,56
116000296,7,39,-32
116000297,114,3,111
116000304,217,2,215
116000305,1,1,0
116000346,143,35,108
116000352,57,13,44
116000354,25,1,24
116000357,9,3,6
116000358,169,69,100
116000361,39,0,39
116000372,1232,3535,-2303
116000381,79,0,79
116000388,8,8,0
116000389,330,40,290
116000445,661,71,590
116000446,692,50,642
116000447,2,291,-289
116000448,232,34,198
116000563,225,487,-262
116000565,147,98,49
116000568,23,146,-123
116000579,0,122,-122
116000583,46,19,27
116000584,20,0,20
116000585,50,30,20
116000586,6,27,-21
116000587,218,135,83
116000589,25,21,4
116000590,96,23,73
116000591,214,51,163
116000592,11,4,7
116000593,0,5,-5
116000594,692,83,609
116000595,437,22,415
116000596,123,0,123
116000597,311,128,183
116000598,17,122,-105
116000605,25,28,-3
116000606,56,169,-113
116000607,0,0,0
116000609,25,791,-766
116000611,196,76,120
116000612,1114,1848,-734
116000613,564,227,337
116000614,314,88,226
116000615,0,1,-1
116000616,60,3,57
116000617,136,0,136
116000618,10,5,5
116000619,2,58,-56
116000620,363,79,284
116000621,71,31,40
116000622,85,31,54
116000624,50,32,18
116000627,286,159,127
116000628,27,91,-64
116000629,8,63,-55
116000630,443,7,436
116000631,192,10,182
116000632,1184,34,1150
116000633,206,61,145
116000634,375,10,365
116000635,1241,989,252
116000636,318,776,-458
116000637,560,3,557
116000638,84,147,-63
116000639,66,0,66
116000640,26,26,0
116000641,4,4,0
116000643,0,26,-26
116000644,16,26,-10
116000645,20,87,-67
116900001,39,15,24
116900002,141,0,141
116900003,65,4,61
116900004,17,50,-33
116900005,164,9,155
116900006,96,88,8
116900007,8,28,-20
116900008,512,33,479
116900009,0,18,-18
116900010,1124,172,952
116900011,3,4,-1
116900012,52,37,15
116900013,4,13,-9
116900014,220,20,200
116900015,495,40,455
116900016,259,10,249
116900017,67,186,-119
116900018,23,16,7
116900019,0,51,-51
116900020,160,1134,-974
116900023,31,12,19
116900024,428,20,408
116900025,1047,143,904
116900026,24,149,-125
116900027,35,9,26
116900028,0,3,-3
116900029,0,85,-85
116900031,1,2,-1
116900032,0,37,-37
116900033,33,0,33
116900034,10,4,6
116900035,50,35,15
116900036,2,18,-16
116900038,18,0,18
116900041,46,9,37
116900042,24,47,-23
116900043,32,17,15
116900047,5,146,-141
116900049,10,54,-44
116900050,13,60,-47
116900051,240,1,239
116900052,54,27,27
116900055,0,2,-2
116900057,11,30,-19
116900058,4,43,-39
116900059,0,16,-16
116900060,28,88,-60
116900062,1,17,-16
116900064,13,37,-24
116900065,3,23,-20
116900067,31,2,29
116900068,76,63,13
116900070,13,0,13
116900072,8,39,-31
116900073,0,35,-35
116900074,5,4,1
116900076,25,12,13
116900077,0,29,-29
116900078,49,25,24
116900079,19,62,-43
116900080,0,6,-6
116900081,41,112,-71
116900082,15,403,-388
116900083,9,4,5
116900084,12,8,4
116900085,1,29,-28
116900086,3,455,-452
116900088,34,2,32
116900090,5,3,2
116900091,222,12,210
116900092,32,170,-138
116900093,507,506,1
116900094,1224,3225,-2001
116900095,148,5,143
116900096,225,144,81
116900097,445,1655,-1210
116900098,121,73,48
116900099,64,545,-481
116900100,962,30,932
116900101,74,101,-27
116900103,1,0,1
116900104,26,1632,-1606
116900105,202,124,78
116900106,914,4,910
116900107,391,2153,-1762
116900110,9,0,9
116900111,520,123,397
116900112,175,101,74
116900113,253,1389,-1136
116900116,25,142,-117
116900117,81,26,55
116900118,367,665,-298
116900120,342,30,312
116900121,164,2,162
116900122,1041,93,948
116900123,206,115,91
116900124,24,70,-46
116900125,329,49,280
116900126,28,332,-304
116900128,0,0,0
116900129,0,76,-76
116900130,170,2384,-2214
116900131,4,33,-29
116900132,34,21,13
116900133,99,31,68
116900134,98,83,15
116900136,70,16,54
116900137,95,48,47
116900138,62,7,55
116900139,17,29,-12
116900140,43,7,36
116900141,172,39,133
116900142,1,6,-5
116900143,127,17,110
116900144,11,5,6
116900145,14,9,5
116900147,35,230,-195
116900148,0,3,-3
116900149,30,113,-83
116900150,7,0,7
116900151,21,13,8
116900153,131,40,91
116900154,73,178,-105
116900155,23,7,16
116900157,913,16,897
116900158,115,247,-132
116900159,26,116,-90
116900160,409,224,185
116900161,1067,4983,-3916
116900162,27,23,4
116900163,168,6,162
116900164,67,60,7
116900165,393,126,267
116900166,67,20,47
116900167,379,5,374
116900168,387,30,357
116900169,39,172,-133
116900170,468,151,317
116900171,16,50,-34
116900172,55,329,-274
116900173,440,5,435
116900174,30,78,-48
116900175,119,105,14
116900178,52,16,36
116900179,25,245,-220
116900180,55,2,53
116900182,198,43,155
116900183,143,26,117
116900185,20,24,-4
116900186,135,66,69
116900187,22,24,-2
116900188,52,0,52
116900189,13,0,13
116900191,69,76,-7
116900192,311,52,259
116900194,47,461,-414
116900195,74,4,70
116900196,3,54,-51
116900197,99,7,92
116900198,10,344,-334
116900200,98,0,98
116900201,222,0,222
116900202,8,16,-8
116900203,113,7,106
116900204,85,138,-53
116900206,57,2,55
116900207,4,5,-1
116900208,1,26,-25
116900209,11,15,-4
116900210,98,47,51
116900211,113,0,113
116900212,72,0,72
116900213,58,5,53
116900214,146,32,114
116900215,37,7,30
116900216,29,26,3
116900218,0,80,-80
116900219,201,53,148
116900220,47,78,-31
116900221,74,102,-28
116900222,145,104,41
116900223,4,19,-15
116900226,105,4,101
116900227,224,13,211
116900228,263,72,191
116900230,40,30,10
116900231,14,58,-44
116900232,3,61,-58
116900233,214,23,191
116900234,54,1,53
116900235,293,81,212
116900238,242,67,175
116900239,41,1004,-963
116900240,3539,2697,842
116900241,81,27,54
116900242,446,472,-26
116900243,0,3,-3
116900245,24,21,3
116900246,151,23,128
116900247,795,21,774
116900248,46,2,44
116900249,254,4,250
116900250,185,14,171
116900251,106,791,-685
116900252,83,133,-50
116900254,23,80,-57
116900255,82,91,-9
116900256,425,91,334
116900257,6,23,-17
116900258,0,3,-3
116900259,142,2,140
116900260,1,3,-2
116900261,60,1,59
116900262,48,23,25
116900263,0,1,-1
116900264,60,45,15
116900265,68,0,68
116900266,7,1,6
116900267,0,0,0
116900268,7,111,-104
116900269,308,321,-13
116900271,107,314,-207
116900272,131,105,26
116900273,10,50,-40
116900274,67,7,60
116900275,138,17,121
116900276,106,175,-69
116900277,36,10,26
116900278,0,4,-4
116900279,1,3,-2
116900280,9,1,8
116900281,1167,3485,-2318
116900282,0,13,-13
116900283,0,9,-9
116900284,4,31,-27
116900285,12,137,-125
116900286,18,1,17
116900287,5,13,-8
116900288,166,18,148
116900289,12,0,12
116900290,26,0,26
116900291,24,40,-16
116900292,0,18,-18
116900293,28,1,27
116900294,3,12,-9
116900295,96,192,-96
116900296,33,21,12
116900297,1,37,-36
116900298,8,110,-102
116900299,8,581,-573
116900300,1,34,-33
116900301,62,69,-7
116900302,2,64,-62
116900303,38,56,-18
116900304,0,51,-51
116900305,3,6,-3
116900306,199,119,80
116900307,167,0,167
116900308,0,38,-38
116900309,190,15,175
116900310,22,26,-4
117000001,1832,1474,358
117000002,1346,1336,10
117000003,3166,1225,1941
117000004,1195,1676,-481
117000005,2362,528,1834
117000006,621,1073,-452
117000007,3651,673,2978
117000008,523,1039,-516
117000009,2436,705,1731
117000010,638,647,-9
117000011,2052,451,1601
117000012,1218,442,776
117000013,1583,444,1139
117000014,907,1644,-737
117000015,1464,798,666
117000016,119,272,-153
117000017,58,94,-36
117000018,36,739,-703
117000019,6,126,-120
117000020,224,1499,-1275
117000021,646,520,126
117000022,119,257,-138
117000023,50,434,-384
117000024,53,171,-118
117000025,98,1884,-1786
117000026,684,1611,-927
117000027,347,963,-616
117000028,179,374,-195
117000030,163,185,-22
117000031,213,155,58
117000032,884,866,18
117000033,727,321,406
117000034,160,189,-29
117000035,133,107,26
117000036,183,227,-44
117000037,186,55,131
117000038,66,310,-244
117000039,98,118,-20
117000040,30,222,-192
117000041,852,39,813
117000044,2,236,-234
117000045,452,130,322
117000046,172,522,-350
117000047,520,454,66
117000048,706,462,244
117000049,14,111,-97
117000050,108,406,-298
117000051,1761,44,1717
117000052,41,84,-43
117000053,748,4,744
117000054,1030,3,1027
117000055,1,403,-402
117000056,418,44,374
117000057,174,577,-403
117000060,318,508,-190
117000061,1761,721,1040
117000062,128,317,-189
117000063,959,443,516
117000064,290,156,134
117000066,133,264,-131
117000067,63,228,-165
117000074,3,53,-50
117000076,25,5,20
117000077,28,37,-9
117000078,145,164,-19
117000079,98,116,-18
117000080,0,363,-363
117000081,223,47,176
117000082,30,55,-25
117000083,130,289,-159
117000084,46,0,46
117000085,187,243,-56
117000086,221,84,137
117000087,97,206,-109
117000088,254,42,212
117000089,1940,75,1865
117000090,249,286,-37
117000091,956,73,883
117000092,327,316,11
117000093,1739,89,1650
117000094,355,436,-81
117000095,2280,155,2125
117000096,363,468,-105
117000097,1316,337,979
117000098,621,702,-81
117000099,3499,410,3089
117000100,197,135,62
117000101,51,171,-120
117000102,1509,91,1418
117000103,162,360,-198
117000104,1490,142,1348
117000105,163,343,-180
117000106,1534,92,1442
117000107,241,415,-174
117000108,1967,513,1454
117000109,410,607,-197
117000110,1159,1108,51
117000111,2404,2071,333
117000112,2152,610,1542
117000113,8,25,-17
117000114,372,43,329
117000115,32,8,24
117000116,198,59,139
117000117,782,591,191
117000118,291,294,-3
117000119,43,358,-315
117000120,12,345,-333
117000121,2,334,-332
117000122,402,566,-164
117000123,332,82,250
117000124,2,46,-44
117000125,23,327,-304
117000126,25,21,4
117000127,41,167,-126
117000128,16,186,-170
117000129,118,599,-481
117000130,148,29,119
117000131,0,45,-45
117000132,2292,4,2288
117000133,2283,10,2273
117000134,0,0,0
117000135,1,21,-20
117000136,0,6,-6
117000137,275,34,241
117000138,12,7,5
117000140,184,269,-85
117000141,1744,168,1576
117000181,69,65,4
117000182,885,874,11
117000195,36,173,-137
117000196,341,107,234
117000225,4,53,-49
117000226,1,73,-72
117000276,332,6,326
117000277,0,105,-105
117000310,568,2236,-1668
117000315,80,243,-163
117000320,37,0,37
117000906,634,13,621
117000907,2,75,-73
117000909,60,58,2
117000910,200,51,149
117000911,21,61,-40
117000915,0,91,-91
117000916,34,1,33
117000917,1014,28,986
117000918,111,29,82
117000919,0,5,-5
117000920,1,262,-261
117000921,1,221,-220
117000922,10,8,2
117000924,654,439,215
117000926,214,64,150
117000927,84,282,-198
117000928,0,25,-25
117000929,371,55,316
117000930,296,2,294
117000931,64,81,-17
117900002,33,437,-404
117900003,12,22,-10
117900005,0,58,-58
117900006,0,15,-15
117900007,32,31,1
117900008,0,16,-16
117900010,292,192,100
117900011,1,310,-309
117900012,8,22,-14
117900013,0,65,-65
117900014,471,291,180
117900015,0,103,-103
117900016,191,498,-307
117900017,655,368,287
117900018,135,180,-45
117900019,499,100,399
117900020,11,50,-39
117900021,21,71,-50
117900023,870,21,849
117900024,65,34,31
117900025,4,0,4
117900026,312,91,221
117900028,30,1,29
117900029,168,109,59
117900031,106,46,60
117900032,830,250,580
117900033,282,84,198
117900034,90,13,77
117900035,269,43,226
117900036,203,120,83
117900037,203,18,185
117900038,31,13,18
117900039,0,11,-11
117900040,11,28,-17
117900041,0,15,-15
117900042,853,163,690
117900043,0,1,-1
117900044,54,2851,-2797
117900045,128,35,93
117900048,204,32,172
117900049,208,240,-32
117900050,2,63,-61
117900051,11,3,8
117900052,45,433,-388
117900053,1415,73,1342
117900054,0,5,-5
117900055,308,50,258
117900056,15,34,-19
117900057,447,188,259
117900058,1,94,-93
117900059,60,34,26
117900060,1408,609,799
117900061,0,141,-141
117900063,295,60,235
117900065,85,246,-161
117900066,10,71,-61
117900067,490,45,445
117900069,822,64,758
117900070,50,292,-242
117900071,103,31,72
117900073,472,15,457
117900074,3,124,-121
117900075,92,24,68
117900076,17,130,-113
117900077,420,11,409
117900078,385,256,129
117900080,89,77,12
117900081,102,57,45
117900082,494,176,318
117900083,567,129,438
117900086,180,43,137
117900087,154,2,152
117900088,217,290,-73
117900089,1702,351,1351
117900090,408,136,272
117900091,200,19,181
117900092,101,24,77
117900093,107,1,106
117900094,10,53,-43
117900095,273,447,-174
117900096,100,190,-90
117900097,95,2,93
117900098,27,9,18
117900099,236,1898,-1662
117900100,405,3,402
117900101,479,1683,-1204
117900102,70,6,64
117900103,64,2,62
117900104,11,885,-874
117900105,18,36,-18
117900106,61,18,43
117900107,64,0,64
117900109,707,477,230
117900110,116,0,116
117900111,619,58,561
117900112,40,1,39
117900113,434,1538,-1104
117900114,32,0,32
117900115,4,97,-93
117900116,335,187,148
117900117,499,135,364
117900118,80,0,80
117900119,254,2,252
117900120,263,3,260
117900121,88,12,76
117900122,160,3316,-3156
117900123,536,165,371
117900124,34,126,-92
117900125,915,360,555
117900126,47,184,-137
117900127,289,75,214
117900128,254,97,157
117900129,50,0,50
117900130,366,88,278
117900131,0,16,-16
117900132,0,5,-5
117900133,0,8,-8
117900134,28,15,13
117900135,3,33,-30
117900136,0,3,-3
117900137,1,19,-18
117900138,0,4,-4
117900139,21,15,6
117900140,4573,153,4420
117900141,24,93,-69
117900142,57,288,-231
117900144,8,144,-136
117900145,2,83,-81
117900146,63,179,-116
117900147,35,35,0
117900148,1107,1817,-710
117900149,25,19,6
117900150,82,6,76
117900151,49,111,-62
117900152,5,31,-26
117900153,27,90,-63
117900154,262,191,71
117900156,293,153,140
117900157,82,118,-36
117900158,329,11,318
117900160,643,311,332
117900161,228,281,-53
117900162,438,251,187
117900163,15,517,-502
117900165,1,2,-1
117900166,5,67,-62
117900168,150,35,115
117900169,0,7,-7
117900170,1,7,-6
117900171,0,1,-1
117900172,14,4,10
117900173,4,7,-3
117900174,1,2,-1
117900175,0,0,0
117900176,1,21,-20
117900177,0,0,0
117900178,3,9,-6
117900180,50,6,44
117900181,7,389,-382
117900182,0,84,-84
117900183,121,110,11
117900184,21,38,-17
117900185,77,7,70
117900186,50,0,50
117900187,8,3,5
117900188,79,0,79
117900189,61,28,33
117900190,17,0,17
117900191,72,0,72
117900192,58,0,58
117900193,0,13,-13
117900194,2,1,1
117900195,19,17,2
117900196,4,5,-1
117900207,14,37,-23
117900208,13,12,1
117900209,123,11,112
117900210,11,11,0
117900211,0,21,-21
117900212,82,46,36
117900213,68,2,66
117900214,1,10,-9
117900215,19,41,-22
117900216,27,2,25
117900217,26,31,-5
117900218,23,110,-87
117900219,1,128,-127
117900220,4,61,-57
117900222,82,22,60
117900223,36,205,-169
118000001,201,740,-539
118000002,187,599,-412
118000003,838,1625,-787
118000004,642,955,-313
118000005,1369,1219,150
118000006,570,1422,-852
118000007,2205,4482,-2277
118000008,472,2508,-2036
118000009,820,1647,-827
118000010,1221,1864,-643
118000011,1037,321,716
118000012,344,383,-39
118000013,683,664,19
118000014,713,506,207
118000016,131,67,64
118000017,399,171,228
118000018,116,52,64
118000019,619,1029,-410
118000020,166,851,-685
118000021,167,1325,-1158
118000022,407,293,114
118000023,181,119,62
118000024,247,340,-93
118000027,2876,2693,183
118000029,305,491,-186
118000032,111,767,-656
118000033,901,1717,-816
118000034,938,1012,-74
118000035,838,894,-56
118000036,360,390,-30
118000037,447,349,98
118000038,198,40,158
118000039,78,31,47
118000040,626,592,34
118000041,1156,680,476
118000045,34,117,-83
118000046,208,434,-226
118000047,147,656,-509
118000048,331,967,-636
118000051,404,1017,-613
118000052,200,580,-380
118000053,45,429,-384
118000054,946,561,385
118000055,579,566,13
118000056,67,180,-113
118000057,43,220,-177
118000058,567,1775,-1208
118000059,314,1394,-1080
118000060,449,205,244
118000061,487,496,-9
118000062,193,63,130
118000063,101,619,-518
118000064,183,510,-327
118000065,743,413,330
118000066,492,1304,-812
118000067,144,228,-84
118000068,229,3869,-3640
118000069,261,489,-228
118000070,1293,1006,287
118000071,954,4127,-3173
118000072,256,2174,-1918
118000073,169,1228,-1059
118000074,201,978,-777
118000075,283,779,-496
118000076,755,3200,-2445
118000077,471,650,-179
118000078,852,992,-140
118000079,51,104,-53
118000080,158,249,-91
118000081,558,499,59
118000082,91,556,-465
118000083,436,565,-129
118000084,454,782,-328
118000086,154,213,-59
118000087,1731,1055,676
118000088,561,461,100
118000089,1345,1569,-224
118000090,568,1487,-919
118000091,401,1855,-1454
118000092,223,172,51
118000093,35,344,-309
118000096,328,256,72
118000097,294,266,28
118000098,107,43,64
118000099,244,64,180
118000101,699,93,606
118000102,172,209,-37
118000107,351,87,264
118000108,107,2106,-1999
118000110,1,7,-6
118000111,0,39,-39
118000112,956,0,956
118000113,0,63,-63
118000114,576,1,575
118000115,1,5,-4
118000116,12,5,7
118000117,203,329,-126
118000118,615,529,86
118000119,608,706,-98
118000120,413,359,54
118000121,5,167,-162
118000122,118,69,49
118000123,104,44,60
118000125,396,486,-90
118000126,296,1024,-728
118000127,421,490,-69
118000128,176,1004,-828
118000129,355,298,57
118000130,687,1473,-786
118000131,136,454,-318
118000132,1372,1244,128
118000133,789,375,414
118000135,228,363,-135
118000136,37,122,-85
118000137,180,52,128
118000138,166,128,38
118000139,170,54,116
118000140,1612,4892,-3280
118000141,1960,884,1076
118000142,1243,635,608
118000143,2017,1274,743
118000144,367,250,117
118000145,492,377,115
118000146,671,75,596
118000147,504,308,196
118000148,612,727,-115
118000149,444,170,274
118000150,584,172,412
118000151,597,107,490
118000153,1192,300,892
118000154,1557,431,1126
118000155,1660,671,989
118000156,957,1303,-346
118000157,493,111,382
118000158,122,304,-182
118000159,40,9,31
118000160,491,122,369
118000161,252,110,142
118000162,737,380,357
118000163,680,566,114
118000164,1052,659,393
118000168,181,253,-72
118000169,251,320,-69
118000170,1048,932,116
118000171,157,110,47
118000172,58,103,-45
118000173,424,731,-307
118000175,41,92,-51
118000176,303,160,143
118000177,250,205,45
118000178,2,11,-9
118000179,338,252,86
118000180,265,201,64
118000181,243,87,156
118000182,132,86,46
118000183,136,115,21
118000184,756,192,564
118000185,202,737,-535
118000186,103,562,-459
118000187,1341,88,1253
118000188,550,8,542
118000189,516,26,490
118000190,4,0,4
118000191,1,1,0
118000192,0,41,-41
118000193,2,147,-145
118000194,641,440,201
118000195,79,603,-524
118000196,15,102,-87
118000197,50,276,-226
118000198,143,1227,-1084
118000199,112,782,-670
118000200,4,92,-88
118000201,37,331,-294
118000202,1,76,-75
118000203,45,514,-469
118000204,9,261,-252
118000205,41,77,-36
118000206,112,97,15
118000207,0,32,-32
118000208,690,669,21
118000209,1266,252,1014
118000210,164,7,157
118000211,67,36,31
118000213,126,966,-840
118000214,46,155,-109
118000215,311,20,291
118000216,2393,639,1754
118000217,2,25,-23
118000218,18,11,7
118000219,60,44,16
118000220,12,18,-6
118000221,204,273,-69
118000222,28,1,27
118000223,63,25,38
118000224,29,11,18
118000225,41,188,-147
118000226,799,34,765
118000227,202,149,53
118000228,3,62,-59
118000229,18,65,-47
118000230,11,139,-128
118000231,2,181,-179
118000232,389,86,303
118000233,907,218,689
118000234,262,38,224
118000236,191,137,54
118000237,86,60,26
118000238,135,37,98
118000239,179,203,-24
118000240,23,30,-7
118000241,94,33,61
118000242,186,23,163
118000243,35,110,-75
118000244,20,11,9
118000246,1,22,-21
118000255,9,93,-84
118000256,23,100,-77
118000259,1,47,-46
118000260,123,3,120
118000261,32,9,23
118000263,35,56,-21
118000266,111,69,42
118000267,0,21,-21
118000268,69,2,67
118000270,31,20,11
118000271,164,76,88
118000272,8,7,1
118000273,112,33,79
118000274,21,34,-13
118000276,298,69,229
118000295,16,26,-10
118000298,27,22,5
118000299,49,46,3
118000301,0,52,-52
118000302,28,3,25
118000311,680,5,675
118000312,123,6,117
118000313,40,40,0
118000314,119,3,116
118000315,28,5,23
118000316,663,82,581
118000325,72,1,71
118000326,3,2,1
118000331,39,0,39
118000332,5,1,4
118000333,44,8,36
118000335,314,0,314
118000336,0,60,-60
118000407,155,26,129
118000457,10,24,-14
118000465,285,946,-661
118000480,12,16,-4
118000489,1,190,-189
118000490,4,135,-131
118000492,486,45,441
118000510,13,3,10
118000514,6,123,-117
118000515,199,605,-406
118000517,83,108,-25
118000524,146,195,-49
118000525,69,178,-109
118000530,18,59,-41
118000531,335,85,250
118000532,60,101,-41
118000533,96,25,71
118000534,401,123,278
118000535,240,8,232
118000536,20,153,-133
118000537,11,40,-29
118000538,2,8,-6
118000539,2,23,-21
118000540,85,37,48
118000541,51,21,30
118000542,70,104,-34
118000543,55,45,10
118000546,60,14,46
118000553,0,0,0
118000560,213,619,-406
118000562,24,13,11
118000563,711,341,370
118000576,60,22,38
118000577,89,89,0
118000578,61,4,57
118000579,235,701,-466
118000583,0,0,0
118000595,160,47,113
118000596,0,45,-45
118000597,161,75,86
118000598,3,0,3
118000599,198,6,192
118000600,2,7,-5
118000601,1,0,1
118000602,1,20,-19
118000603,0,4,-4
118000605,35,26,9
118000606,3,14,-11
118900001,153,216,-63
118900002,198,470,-272
118900003,236,4,232
118900004,46,3,43
118900005,12,2,10
118900006,52,0,52
118900007,0,2,-2
118900008,609,13,596
118900009,48,49,-1
118900010,61,2,59
118900011,37,0,37
118900012,74,28,46
118900013,147,201,-54
118900015,157,4,153
118900016,2,1,1
118900017,0,62,-62
118900018,316,25,291
118900019,2,2,0
118900020,1,13,-12
118900021,59,224,-165
118900022,41,13,28
118900023,5,47,-42
118900024,33,2,31
118900025,5,27,-22
118900026,24,4,20
118900027,126,74,52
118900028,79,47,32
118900029,123,41,82
118900030,489,8,481
118900031,15,14,1
118900032,87,15,72
118900033,158,158,0
118900034,87,37,50
118900035,27,9,18
118900036,811,119,692
118900037,50,184,-134
118900038,333,38,295
118900039,354,14,340
118900040,178,31,147
118900041,234,47,187
118900042,131,20,111
118900045,58,75,-17
118900046,154,259,-105
118900047,97,233,-136
118900048,8,101,-93
118900049,8,7,1
118900050,27,3,24
118900051,32,18,14
118900052,75,131,-56
118900053,0,17,-17
118900054,89,14,75
118900055,76,8,68
118900056,96,21,75
118900057,384,270,114
118900058,136,87,49
118900059,1,23,-22
118900060,90,20,70
118900062,34,20,14
118900064,33,306,-273
118900065,2,27,-25
118900066,42,54,-12
118900067,1083,2338,-1255
118900068,1,78,-77
118900069,457,17,440
118900071,0,4,-4
118900072,95,73,22
118900073,191,25,166
118900074,23,5,18
118900075,31,0,31
118900076,79,10,69
118900077,151,47,104
118900078,14,1,13
118900079,11,1,10
118900080,9,4,5
118900081,12,1,11
118900082,880,36,844
118900083,24,3,21
118900084,0,0,0
118900085,204,117,87
118900086,36,7,29
118900087,63,341,-278
118900088,1,0,1
118900089,3,14,-11
118900090,164,28,136
118900091,134,34,100
118900092,90,7,83
118900093,4,10,-6
118900096,11,13,-2
118900097,48,104,-56
118900099,10,19,-9
118900100,6,8,-2
118900101,39,56,-17
118900102,2,10,-8
118900103,1,12,-11
118900104,92,42,50
118900105,7,6,1
118900107,6,21,-15
118900108,8,15,-7
118900110,238,366,-128
118900111,162,70,92
118900112,89,47,42
118900113,50,23,27
118900114,0,8,-8
118900115,8,117,-109
118900116,80,25,55
118900117,77,6,71
118900118,226,44,182
118900119,89,46,43
118900120,33,70,-37
118900121,2,149,-147
118900122,4,397,-393
118900123,36,32,4
118900124,23,11,12
118900126,6,58,-52
118900129,142,28,114
118900130,0,18,-18
118900131,165,38,127
118900132,208,65,143
118900133,0,28,-28
118900135,106,68,38
118900136,153,45,108
118900137,6,34,-28
118900139,95,12,83
118900140,280,188,92
118900141,28,15,13
118900144,49,117,-68
118900145,4,43,-39
118900146,51,65,-14
118900147,4,94,-90
118900148,8,3,5
118900150,62,146,-84
118900152,292,107,185
118900157,5,39,-34
118900158,139,0,139
118900159,0,36,-36
118900161,22,26,-4
118900163,18,23,-5
118900164,0,10,-10
118900165,22,24,-2
118900166,15,0,15
118900167,3,19,-16
118900168,12,45,-33
118900169,72,48,24
118900170,132,1,131
118900171,17,1,16
118900174,1,2,-1
118900175,451,158,293
118900176,80,119,-39
118900177,63,6,57
118900178,10,5,5
118900179,1,6,-5
118900181,41,3,38
118900182,11,13,-2
118900183,12,9,3
118900184,40,7,33
118900185,245,19,226
118900186,50,34,16
118900187,82,91,-9
118900188,87,158,-71
118900189,9,285,-276
118900190,8,15,-7
118900191,269,1,268
118900192,271,1,270
118900193,629,1,628
118900195,77,84,-7
118900196,8,10,-2
118900197,181,0,181
118900198,22,6,16
118900199,58,8,50
118900200,50,14,36
118900201,24,27,-3
118900202,1,27,-26
118900203,1,0,1
118900204,4,12,-8
118900205,2,0,2
118900206,0,19,-19
119000001,1000,711,289
119000002,1950,1329,621
119000003,1942,292,1650
119000004,1421,893,528
119000005,1234,1228,6
119000006,2107,864,1243
119000007,2204,1915,289
119000008,635,511,124
119000009,1467,3097,-1630
119000010,1599,1904,-305
119000011,1107,904,203
119000012,360,1087,-727
119000013,1852,1071,781
119000014,698,1045,-347
119000019,88,65,23
119000020,1087,1171,-84
119000021,2478,1630,848
119000022,305,1350,-1045
119000023,106,116,-10
119000024,547,8285,-7738
119000025,1090,368,722
119000026,3,237,-234
119000027,47,167,-120
119000028,696,208,488
119000029,12,86,-74
119000030,271,488,-217
119000031,410,207,203
119000032,400,721,-321
119000033,920,567,353
119000034,544,222,322
119000035,9,54,-45
119000036,1378,268,1110
119000037,827,418,409
119000038,80,262,-182
119000039,464,181,283
119000040,344,507,-163
119000041,245,741,-496
119000048,1042,744,298
119000049,1286,530,756
119000050,465,600,-135
119000051,855,357,498
119000052,844,763,81
119000053,1030,527,503
119000054,1629,403,1226
119000055,2882,632,2250
119000056,2130,546,1584
119000057,979,301,678
119000058,511,331,180
119000059,357,269,88
119000060,685,196,489
119000061,276,198,78
119000062,432,241,191
119000063,279,202,77
119000064,133,236,-103
119000065,515,899,-384
119000066,934,410,524
119000067,750,362,388
119000068,887,200,687
119000069,710,332,378
119000070,1490,295,1195
119000071,165,117,48
119000072,1139,840,299
119000073,1564,3759,-2195
119000074,920,429,491
119000075,2621,809,1812
119000076,121,153,-32
119000077,361,108,253
119000078,183,56,127
119000079,67,94,-27
119000080,246,56,190
119000081,151,88,63
119000082,333,40,293
119000083,258,133,125
119000084,178,83,95
119000085,196,26,170
119000086,167,203,-36
119000087,160,74,86
119000088,202,36,166
119000089,43,52,-9
119000090,69,43,26
119000091,99,139,-40
119000092,49,84,-35
119000093,1229,983,246
119000094,2380,1820,560
119000095,1190,1216,-26
119000097,532,304,228
119000098,550,2451,-1901
119000099,829,302,527
119000100,2607,1227,1380
119000101,1307,934,373
119000102,82,780,-698
119000103,284,291,-7
119000104,324,123,201
119000105,382,1234,-852
119000106,182,136,46
119000107,744,265,479
119000108,291,195,96
119000109,47,151,-104
119000110,25,57,-32
119000111,17,223,-206
119000112,41,18,23
119000113,146,24,122
119000114,217,357,-140
119000115,47,94,-47
119000116,17,91,-74
119000117,30,143,-113
119000118,0,1,-1
119000123,433,1332,-899
119000124,605,112,493
119000125,2835,205,2630
119000126,1080,288,792
119000127,596,81,515
119000128,24,2,22
119000131,589,50,539
119000132,0,0,0
119000133,0,3,-3
119000134,424,237,187
119000135,198,75,123
119000136,183,15,168
119000137,181,53,128
119000138,524,43,481
119000139,27,24,3
119000140,38,86,-48
119000284,379,829,-450
119000285,501,317,184
119000286,1173,935,238
119000287,734,543,191
119000288,948,259,689
119000289,469,879,-410
119000290,88,123,-35
119000291,7,127,-120
119000293,72,117,-45
119000294,45,9,36
119000295,583,89,494
119000296,265,45,220
119000302,813,583,230
119000303,17,71,-54
119000314,689,7017,-6328
119000315,0,34,-34
119000316,140,20,120
119000317,74,41,33
119000319,565,68,497
119900001,62,341,-279
119900002,73,91,-18
119900003,3,71,-68
119900004,20,998,-978
119900005,117,16,101
119900006,37,152,-115
119900007,174,60,114
119900008,5,29,-24
119900009,139,63,76
119900010,159,149,10
119900011,17,117,-100
119900012,2,31,-29
119900013,599,440,159
119900014,172,20,152
119900015,117,8,109
119900016,21,15,6
119900017,19,10,9
119900018,411,856,-445
119900019,16,2,14
119900020,21,13,8
119900021,8,1,7
119900022,75,380,-305
119900023,229,1324,-1095
119900025,178,0,178
119900026,109,59,50
119900027,0,4,-4
119900028,58,65,-7
119900029,1,2,-1
119900030,142,27,115
119900031,22,387,-365
119900033,205,139,66
119900034,307,3,304
119900037,87,6,81
119900038,4,174,-170
119900039,74,8,66
119900040,45,5,40
119900041,103,1,102
119900042,15,29,-14
119900043,37,21,16
119900044,44,402,-358
119900046,94,6,88
119900047,70,121,-51
119900049,119,2,117
119900050,14,64,-50
119900051,1014,1,1013
119900052,44,15,29
119900053,93,48,45
119900054,112,3,109
119900055,740,107,633
119900057,252,50,202
119900058,136,3,133
119900059,19,13,6
119900060,210,3,207
119900061,390,1,389
119900062,45,1,44
119900063,0,22,-22
119900065,178,0,178
119900067,63,0,63
119900068,455,3,452
119900069,47,2,45
119900070,386,0,386
119900071,497,10,487
119900073,251,36,215
119900074,1,122,-121
119900075,341,763,-422
119900076,95,14,81
119900077,842,118,724
119900078,259,120,139
119900079,328,16,312
119900080,187,66,121
119900081,653,1,652
119900082,1068,104,964
119900083,167,64,103
119900084,86,22,64
119900085,3,1,2
119900086,146,118,28
119900087,33,53,-20
119900088,4,1,3
119900089,10,47,-37
119900090,2,1,1
119900091,7,163,-156
119900092,0,92,-92
119900093,301,48,253
119900094,0,71,-71
119900095,12,13,-1
119900096,33,3,30
119900097,10,90,-80
119900098,6,2,4
119900099,1,14,-13
119900100,315,1065,-750
119900101,11,297,-286
119900102,1,22,-21
119900103,20,25,-5
119900104,17,18,-1
119900105,175,614,-439
119900106,0,33,-33
119900107,12,341,-329
119900108,1240,252,988
119900109,3,73,-70
119900110,252,76,176
119900111,73,69,4
119900112,343,278,65
119900113,3,53,-50
119900114,121,80,41
119900115,262,83,179
119900116,23,113,-90
119900117,65,82,-17
119900118,64,94,-30
119900119,79,30,49
119900120,82,80,2
119900121,313,61,252
119900122,9,24,-15
119900123,38,65,-27
119900124,60,102,-42
119900125,0,35,-35
119900126,605,74,531
119900127,180,75,105
119900128,154,90,64
119900129,95,24,71
119900130,0,16,-16
119900131,15,10,5
119900132,4,10,-6
119900133,20,12,8
119900134,116,15,101
119900135,0,22,-22
119900136,6,21,-15
119900138,21,63,-42
119900139,0,12,-12
119900140,0,17,-17
119900141,42,335,-293
119900142,0,3,-3
119900143,0,18,-18
119900144,328,34,294
119900145,7,33,-26
119900146,28,23,5
119900147,0,83,-83
119900148,216,2,214
119900149,162,2524,-2362
119900150,48,11,37
119900151,406,291,115
119900152,98,28,70
119900153,161,5,156
119900154,20,62,-42
119900155,7,13,-6
119900156,1,0,1
119900157,128,51,77
119900158,109,18,91
119900159,9,98,-89
119900160,27,11,16
119900161,87,5,82
119900162,447,241,206
119900163,11,31,-20
119900164,0,0,0
119900165,111,25,86
119900166,41,17,24
119900167,0,0,0
119900168,508,120,388
119900169,0,98,-98
119900170,42,59,-17
119900171,185,86,99
119900172,11,7,4
119900173,1,31,-30
119900174,1,6,-5
119900175,1052,74,978
119900177,6,18,-12
119900178,1,21,-20
119900179,71,763,-692
119900180,571,212,359
119900181,0,44,-44
119900182,0,24,-24
119900183,31,144,-113
119900184,238,66,172
119900185,5,142,-137
119900186,1,673,-672
119900187,19,53,-34
119900188,68,100,-32
119900189,26,14,12
119900190,23,138,-115
119900191,52,70,-18
119900192,17,57,-40
119900193,236,38,198
119900194,11,10,1
119900195,4,39,-35
119900196,50,27,23
119900197,103,37,66
119900198,71,44,27
119900199,55,0,55
119900200,352,106,246
119900201,29,22,7
119900202,6,42,-36
119900203,55,207,-152
119900204,39,109,-70
119900205,551,114,437
119900206,219,24,195
119900208,56,20,36
119900209,295,597,-302
119900210,31,13,18
119900211,38,0,38
119900212,634,161,473
119900213,5,35,-30
119900214,47,2,45
119900215,42,1,41
119900216,22,4,18
119900217,2,2,0
119900218,0,11,-11
119900219,0,3,-3
119900220,0,26,-26
119900221,8,17,-9
119900222,7,17,-10
119900223,1,2,-1
119900224,3,4,-1
119900225,91,3,88
119900226,10,669,-659
119900227,113,66,47
119900228,3,86,-83
119900229,10,51,-41
119900230,237,47,190
119900231,292,13,279
119900232,101,11,90
119900233,77,0,77
119900234,0,35,-35
119900235,0,12,-12
119900236,1,2,-1
119900237,35,86,-51
119900238,0,3,-3
119900240,26,4,22
119900241,120,33,87
119900242,410,265,145
119900244,89,246,-157
119900245,42,63,-21
119900246,50,90,-40
119900247,1,14,-13
119900248,2,154,-152
119900249,219,5,214
119900253,268,198,70
119900254,41,521,-480
119900255,8,218,-210
119900256,544,57,487
119900257,124,1,123
119900258,108,0,108
119900259,19,7,12
119900260,167,1,166
119900261,172,12,160
119900262,1,29,-28
119900263,421,36,385
119900264,65,14,51
119900265,260,27,233
119900266,138,11,127
119900267,55,52,3
119900268,66,12,54
119900269,383,109,274
119900271,7,7,0
119900272,25,23,2
119900275,147,6,141
119900276,72,1,71
119900277,24,0,24
119900278,100,25,75
119900279,17,123,-106
119900280,122,9,113
119900281,0,77,-77
119900282,3,10,-7
119900283,0,9,-9
119900284,7,57,-50
119900285,0,55,-55
119900286,0,0,0
119900288,0,0,0
119900289,0,0,0
119900290,0,0,0
119900291,0,0,0
119900292,3,41,-38
119900293,25,33,-8
119900294,14,110,-96
119900295,21,56,-35
119900296,51,38,13
119900297,0,4,-4
119900298,0,0,0
119900299,26,30,-4
119900300,155,29,126
119900301,6,24,-18
119900302,1,5,-4
119900303,98,27,71
119900304,104,1,103
119900305,0,17,-17
119900306,3,1,2
119900307,16,8,8
119900308,0,1,-1
119900309,4,66,-62
119900310,28,27,1
119900311,144,21,123
119900312,61,2,59
119900313,18,38,-20
119900314,132,124,8
119900315,1385,395,990
119900318,2,40,-38
119900319,0,34,-34
119900320,159,61,98
119900321,86,20,66
120000001,3796,14718,-10922
120000002,1322,999,323
120000003,807,416,391
120000004,1165,503,662
120000005,1125,430,695
120000006,561,346,215
120000007,1099,1752,-653
120000008,531,324,207
120000009,548,298,250
120000010,1033,794,239
120000011,386,371,15
120000012,792,559,233
120000013,2090,1220,870
120000014,520,541,-21
120000015,1552,677,875
120000016,2163,1192,971
120000017,2145,1669,476
120000018,1517,9821,-8304
120000019,572,489,83
120000020,1022,1362,-340
120000021,721,626,95
120000022,1961,2528,-567
120000023,908,760,148
120000024,695,782,-87
120000025,1975,597,1378
120000026,2228,1048,1180
120000027,1372,1207,165
120000028,386,388,-2
120000029,350,456,-106
120000030,148,297,-149
120000031,788,2331,-1543
120000032,1488,947,541
120000033,1856,339,1517
120000034,2103,287,1816
120000035,1738,436,1302
120000036,1461,1760,-299
120000037,268,960,-692
120000038,1119,982,137
120000039,173,454,-281
120000040,20,334,-314
120000041,265,428,-163
120000042,901,584,317
120000043,2617,425,2192
120000044,4318,929,3389
120000045,5299,388,4911
120000046,3702,2705,997
120000047,167,3036,-2869
120000048,3114,1622,1492
120000049,2178,941,1237
120000050,1463,1298,165
120000051,1096,1649,-553
120000052,2372,449,1923
120000053,642,854,-212
120000054,329,1263,-934
120000055,568,1020,-452
120000056,1928,948,980
120000057,1982,465,1517
120000058,678,479,199
120000059,6,1247,-1241
120000061,40,177,-137
120000062,47,108,-61
120000063,187,538,-351
120000064,146,298,-152
120000065,155,299,-144
120000066,115,51,64
120000067,19,73,-54
120000068,103,119,-16
120000069,341,140,201
120000070,119,195,-76
120000071,677,23,654
120000072,785,143,642
120000073,694,10,684
120000074,39,9,30
120000075,601,64,537
120000076,1677,136,1541
120000077,1860,185,1675
120000078,1171,299,872
120000079,305,155,150
120000080,142,69,73
120000081,226,50,176
120000082,374,113,261
120000083,58,612,-554
120000084,138,98,40
120000085,78,71,7
120000086,89,133,-44
120000087,87,103,-16
120000088,292,261,31
120000089,427,47,380
120000090,236,81,155
120000091,728,152,576
120000092,584,148,436
120000093,722,154,568
120000094,261,208,53
120000095,199,141,58
120000096,226,148,78
120000098,300,128,172
120000099,107,219,-112
120000100,232,243,-11
120000101,520,122,398
120000102,378,759,-381
120000103,906,393,513
120000104,1709,138,1571
120000105,1889,90,1799
120000106,2502,64,2438
120000107,4295,103,4192
120000108,1424,39,1385
120000109,815,22,793
120000110,9,277,-268
120000111,47,211,-164
120000112,155,591,-436
120000113,62,408,-346
120000114,102,389,-287
120000115,76,416,-340
120000116,83,434,-351
120000117,181,266,-85
120000118,23,25,-2
120000119,8,35,-27
120000120,98,83,15
120000121,33,27,6
120000122,38,343,-305
120000123,922,6028,-5106
120000124,270,298,-28
120000125,352,131,221
120000126,108,324,-216
120000127,316,202,114
120000128,825,1113,-288
120000129,132,116,16
120000130,285,162,123
120000131,334,204,130
120000134,62,49,13
120000135,533,299,234
120000137,199,100,99
120000138,1018,61,957
120000139,87,76,11
120000140,952,74,878
120000141,174,135,39
120000142,626,104,522
120000143,0,24,-24
120000144,84,15,69
120000145,410,0,410
120000146,370,628,-258
120000149,171,136,35
120000150,549,6294,-5745
120000151,319,109,210
120000152,677,47,630
120000153,261,89,172
120000154,238,270,-32
120000155,117,153,-36
120000156,194,917,-723
120000157,598,158,440
120000158,397,147,250
120000159,743,622,121
120000160,1055,1152,-97
120000161,2172,1403,769
120000162,89,247,-158
120000163,522,90,432
120000164,486,33,453
120000165,546,80,466
120000166,1316,121,1195
120000167,23,50,-27
120000168,1,130,-129
120000169,7,333,-326
120000170,12,328,-316
120000171,1,97,-96
120000172,2,100,-98
120000173,85,131,-46
120000174,18,27,-9
120000175,17,45,-28
120000176,17,28,-11
120000177,150,82,68
120000178,22,23,-1
120000179,31,6,25
120000180,55,11,44
120000181,7,288,-281
120000182,20,208,-188
120000183,1,84,-83
120000184,37,324,-287
120000186,16,216,-200
120000187,4,54,-50
120000188,20,78,-58
120000190,57,58,-1
120000191,70,33,37
120000192,46,4,42
120000193,55,8,47
120000195,8,0,8
120000196,28,2,26
120000197,13,9,4
120000198,138,5,133
120000199,140,0,140
120000200,223,0,223
120000201,43,54,-11
120000202,0,23,-23
120000203,16,17,-1
120000207,0,4,-4
120000208,27,30,-3
120000209,1,2,-1
120000210,3,1,2
120000211,146,4,142
120000212,154,0,154
120000213,148,27,121
120000214,0,26,-26
120000215,2,1,1
120000216,114,5,109
120000217,126,235,-109
120000218,4,164,-160
120000219,3,110,-107
120000220,0,363,-363
120000225,2123,2,2121
120000226,471,2,469
120000227,592,62,530
120000228,3197,2090,1107
120000230,325,29,296
120000231,1134,182,952
120000233,308,27,281
120000235,71,99,-28
120000236,855,0,855
120000237,0,146,-146
120000238,0,64,-64
120000241,834,1933,-1099
120000412,101,93,8
120000413,221,45,176
120000414,149,1,148
120000415,0,23,-23
120000416,35,0,35
120000417,1,33,-32
120000418,268,1,267
120000419,1,22,-21
120000420,79,17,62
120000421,2982,1933,1049
120000422,71,1351,-1280
120000423,1,10,-9
120000424,30,11,19
120000436,46,928,-882
120000437,16,24,-8
120000438,760,107,653
120000439,231,389,-158
120000443,157,0,157
120000444,1226,100,1126
120000445,1125,619,506
120000446,305,127,178
120000447,258,1,257
120000449,92,0,92
120000450,0,22,-22
120000451,85,83,2
120000452,64,0,64
120000453,0,5,-5
120000454,59,30,29
120000455,44,26,18
120000456,355,1793,-1438
120000457,114,199,-85
120000458,125,137,-12
120000459,107,31,76
120000665,61,138,-77
120000668,25,259,-234
120000669,56,39,17
120000670,25,291,-266
120000671,938,412,526
120000672,26,125,-99
120900001,125,8,117
120900002,10,68,-58
120900003,31,1,30
120900004,2,53,-51
120900005,11,348,-337
120900006,462,36,426
120900007,14,17,-3
120900008,453,131,322
120900009,76,8,68
120900010,436,67,369
120900011,0,92,-92
120900012,1,698,-697
120900013,238,43,195
120900014,0,81,-81
120900015,882,39,843
120900016,1286,15,1271
120900017,385,5,380
120900018,93,90,3
120900019,154,178,-24
120900020,286,340,-54
120900021,406,16,390
120900022,2,35,-33
120900023,399,29,370
120900024,509,101,408
120900025,429,173,256
120900026,36,40,-4
120900027,54,9,45
120900028,563,113,450
120900029,2,708,-706
120900030,1528,150,1378
120900031,352,37,315
120900032,1318,54,1264
120900033,932,22,910
120900034,8,1537,-1529
120900035,16,9,7
120900037,333,1,332
120900038,46,623,-577
120900039,186,17,169
120900040,317,2,315
120900041,2,26,-24
120900042,451,37,414
120900043,93,8,85
120900044,1,246,-245
120900045,34,17,17
120900046,783,1,782
120900047,138,176,-38
120900048,106,10,96
120900049,469,1,468
120900050,502,1917,-1415
120900051,278,65,213
120900052,1103,1,1102
120900053,244,28,216
120900054,198,32,166
120900055,436,2,434
120900056,607,8,599
120900057,146,8,138
120900058,776,2,774
120900059,85,0,85
120900060,37,2,35
120900061,89,9,80
120900062,273,3,270
120900063,719,8,711
120900064,809,1,808
120900065,786,0,786
120900066,193,41,152
120900067,116,36,80
120900068,371,1,370
120900069,219,5,214
120900071,13,0,13
120900072,970,9,961
120900073,753,11,742
120900074,555,0,555
120900076,392,0,392
120900077,369,89,280
120900078,760,94,666
120900079,721,16,705
120900080,1083,141,942
120900081,1925,125,1800
120900082,142,120,22
120900083,113,2,111
120900084,304,355,-51
120900085,22,21,1
120900086,26,373,-347
120900087,323,62,261
120900088,57,495,-438
120900089,502,2606,-2104
120900090,168,20,148
120900091,106,477,-371
120900092,26,89,-63
120900093,582,46,536
120900094,50,12,38
120900095,47,7,40
120900096,28,48,-20
120900097,203,181,22
120900098,33,20,13
120900099,6,11,-5
120900100,7,38,-31
120900101,4,41,-37
120900102,26,15,11
120900103,25,57,-32
120900104,1,4,-3
120900105,3,70,-67
120900106,123,35,88
120900107,99,27,72
120900108,0,124,-124
120900109,23,77,-54
120900110,1,57,-56
120900111,36,41,-5
120900112,1,124,-123
120900113,7,95,-88
120900114,23,35,-12
120900115,45,104,-59
120900116,426,63,363
120900117,2,74,-72
120900118,6,78,-72
120900119,1630,872,758
120900120,6,107,-101
120900121,8,75,-67
120900122,627,91,536
120900123,0,91,-91
120900124,5,82,-77
120900125,0,94,-94
120900126,84,106,-22
120900127,2,87,-85
120900128,81,263,-182
120900129,5,89,-84
120900130,14,47,-33
120900131,24,19,5
120900132,780,35,745
120900133,10,159,-149
120900134,29,90,-61
120900135,9,128,-119
120900136,18,30,-12
120900137,237,4,233
120900138,3,107,-104
120900139,0,151,-151
120900140,0,30,-30
120900141,65,31,34
120900142,0,98,-98
120900143,0,118,-118
120900144,0,54,-54
120900145,12,178,-166
120900146,7,104,-97
120900147,69,2,67
120900148,51,7,44
120900149,0,29,-29
120900150,11,67,-56
120900151,94,20,74
120900152,170,4,166
120900153,5,0,5
120900154,0,24,-24
120900155,158,91,67
120900156,268,56,212
120900157,0,0,0
120900158,15,79,-64
120900159,0,8,-8
120900160,9,114,-105
120900161,19,83,-64
120900162,10,116,-106
120900163,7,115,-108
120900164,0,38,-38
120900165,2,43,-41
120900166,9,185,-176
120900167,27,15,12
120900169,4,16,-12
120900170,68,2904,-2836
120900171,91,19,72
120900172,115,373,-258
120900173,13,25,-12
120900174,0,2,-2
120900175,77,5,72
120900176,0,204,-204
120900177,1,1041,-1040
120900178,0,112,-112
120900179,38,45,-7
120900180,23,82,-59
120900181,0,12,-12
120900182,11,35,-24
120900183,341,109,232
120900184,35,11,24
120900185,71,439,-368
120900186,0,46,-46
120900187,297,139,158
120900188,155,28,127
120900189,4,2043,-2039
120900190,154,8,146
120900191,64,4,60
120900192,2212,8282,-6070
120900194,69,8,61
120900195,33,72,-39
120900196,87,15,72
120900197,604,14,590
120900198,17,198,-181
120900199,152,234,-82
120900200,11,24,-13
120900201,112,25,87
120900202,0,22,-22
120900203,3,6,-3
120900204,29,39,-10
120900205,3,2,1
120900206,40,2,38
120900207,1,154,-153
121000001,370,435,-65
121000002,622,910,-288
121000003,2001,981,1020
121000004,585,1582,-997
121000005,1470,1780,-310
121000006,788,1207,-419
121000007,1033,1705,-672
121000008,1416,1589,-173
121000009,2262,2749,-487
121000010,1737,1475,262
121000011,2056,2378,-322
121000012,2969,1480,1489
121000013,2455,2280,175
121000014,1722,1210,512
121000015,1846,3147,-1301
121000016,1086,738,348
121000017,726,1060,-334
121000018,1102,640,462
121000019,2367,3290,-923
121000020,4339,6585,-2246
121000021,456,679,-223
121000022,697,1963,-1266
121000023,756,348,408
121000024,1533,2144,-611
121000025,91,500,-409
121000026,63,52,11
121000027,643,615,28
121000028,216,325,-109
121000029,257,273,-16
121000030,126,249,-123
121000031,107,245,-138
121000032,15,108,-93
121000034,71,135,-64
121000035,16,118,-102
121000036,465,408,57
121000037,206,609,-403
121000038,179,245,-66
121000039,30,125,-95
121000041,133,227,-94
121000042,72,176,-104
121000043,170,310,-140
121000044,396,238,158
121000045,196,171,25
121000046,260,270,-10
121000047,93,179,-86
121000049,461,384,77
121000050,68,942,-874
121000051,265,125,140
121000052,177,846,-669
121000053,94,128,-34
121000054,11,122,-111
121000055,357,674,-317
121000056,339,624,-285
121000057,40,111,-71
121000058,84,24,60
121000059,2229,430,1799
121000060,455,663,-208
121000061,14,467,-453
121000062,17,150,-133
121000063,447,690,-243
121000064,458,395,63
121000065,112,221,-109
121000066,175,306,-131
121000067,190,182,8
121000068,168,341,-173
121000069,28,634,-606
121000070,343,413,-70
121000071,641,659,-18
121000072,290,125,165
121000073,364,369,-5
121000074,56,107,-51
121000075,0,11,-11
121000076,142,74,68
121000077,69,75,-6
121000078,2,149,-147
121000080,495,163,332
121000081,690,1425,-735
121000082,64,67,-3
121000083,61,28,33
121000084,50,133,-83
121000085,107,127,-20
121000086,187,234,-47
121000087,26,92,-66
121000088,232,133,99
121000089,57,108,-51
121000090,76,226,-150
121000091,422,420,2
121000092,55,14,41
121000093,124,54,70
121000094,125,189,-64
121000095,115,474,-359
121000096,1902,430,1472
121000097,129,477,-348
121000098,126,189,-63
121000099,225,165,60
121000100,487,63,424
121000101,124,31,93
121000102,104,21,83
121000103,33,98,-65
121000104,176,9,167
121000105,96,13,83
121000106,21,116,-95
121000107,501,878,-377
121000109,399,609,-210
121000110,60,291,-231
121000114,949,877,72
121000115,301,160,141
121000116,109,128,-19
121000117,138,82,56
121000118,728,45,683
121000119,116,97,19
121000120,97,372,-275
121000121,230,2368,-2138
121000123,227,142,85
121000127,40,93,-53
121000128,599,103,496
121000129,493,146,347
121000130,148,1103,-955
121000131,324,450,-126
121000132,145,551,-406
121000135,51,91,-40
121000136,289,956,-667
121000137,119,205,-86
121000138,157,2443,-2286
121000139,19,403,-384
121000141,137,64,73
121000142,122,349,-227
121000143,1,5,-4
121000144,127,535,-408
121000145,222,234,-12
121000146,425,530,-105
121000147,558,185,373
121000148,206,251,-45
121000149,910,893,17
121000152,69,156,-87
121000153,743,193,550
121000154,604,218,386
121000155,1138,275,863
121000156,167,270,-103
121000157,332,341,-9
121000158,189,115,74
121000159,167,246,-79
121000160,247,96,151
121000161,134,144,-10
121000162,83,35,48
121000165,481,1169,-688
121000166,12,254,-242
121000168,102,353,-251
121000169,26,132,-106
121000170,115,7,108
121000171,55,75,-20
121000172,388,264,124
121000173,642,568,74
121000174,297,323,-26
121000175,538,194,344
121000176,164,196,-32
121000177,241,260,-19
121000178,60,12,48
121000179,69,15,54
121000181,60,227,-167
121000182,154,398,-244
121000183,8,252,-244
121000184,19,190,-171
121000185,19,389,-370
121000186,93,377,-284
121000187,116,26,90
121000188,108,36,72
121000192,248,223,25
121000193,314,110,204
121000194,664,825,-161
121000195,217,472,-255
121000196,212,100,112
121000197,39,174,-135
121000198,37,115,-78
121000199,114,82,32
121000200,299,53,246
121000201,0,175,-175
121000202,302,61,241
121000203,233,412,-179
121000204,1687,286,1401
121000205,99,170,-71
121000206,24,71,-47
121000207,1038,566,472
121000208,4,216,-212
121000209,617,44,573
121000210,318,215,103
121000211,117,20,97
121000212,149,237,-88
121000213,4833,1105,3728
121000214,344,763,-419
121000215,303,426,-123
121000216,174,287,-113
121000217,1371,2056,-685
121000218,182,651,-469
121000219,514,299,215
121000220,232,65,167
121000221,267,286,-19
121000222,2238,1905,333
121000223,139,363,-224
121000224,84,176,-92
121000225,138,3267,-3129
121000226,492,1320,-828
121000227,15,103,-88
121000228,6,149,-143
121000229,98,236,-138
121000230,82,592,-510
121000231,969,26,943
121000232,173,83,90
121000233,280,135,145
121000234,1,36,-35
121000235,46,82,-36
121000236,0,13,-13
121000237,2,22,-20
121000238,0,23,-23
121000239,47,1,46
121000240,2,45,-43
121000241,43,3,40
121000242,0,59,-59
121000243,56,1,55
121000244,0,16,-16
121000245,4,1,3
121000246,3,35,-32
121000247,57,0,57
121000248,122,65,57
121000249,7,130,-123
121000250,403,392,11
121000251,3,269,-266
121000252,37,33,4
121000253,167,222,-55
121000254,586,218,368
121000255,14,329,-315
121000256,149,285,-136
121000257,0,152,-152
121000258,12,178,-166
121000259,13,79,-66
121000260,3,104,-101
121000261,13,175,-162
121000262,481,185,296
121000263,152,199,-47
121000271,194,561,-367
121000273,24,5,19
121000274,2,129,-127
121000275,2,3,-1
121000276,0,89,-89
121000278,68,11,57
121000279,1,79,-78
121000280,4,55,-51
121000289,184,48,136
121000290,312,504,-192
121000294,123,16,107
121000297,102,405,-303
121000299,37,718,-681
121000300,544,247,297
121000302,2,372,-370
121000303,210,43,167
121000304,225,16,209
121000305,159,33,126
121000306,98,41,57
121000308,24,48,-24
121000309,73,83,-10
121000310,21,25,-4
121000311,20,67,-47
121000312,148,90,58
121000313,49,68,-19
121000314,3,10,-7
121000315,3,14,-11
121000530,1044,796,248
121000531,987,673,314
121000532,2194,2848,-654
121000533,1628,1182,446
121000918,2,75,-73
121000919,24,59,-35
121000938,7,71,-64
121000939,3,120,-117
121000956,973,882,91
121000957,4,8,-4
121000958,1,42,-41
121000959,704,231,473
121000960,972,589,383
121000961,100,1,99
121000962,61,82,-21
121000973,0,189,-189
121000976,0,17,-17
121000979,169,151,18
121000981,163,10,153
121000982,393,239,154
121000983,237,35,202
121000984,1,33,-32
121000985,498,321,177
121000986,387,33,354
121000987,80,244,-164
121000988,548,67,481
121001302,17,37,-20
121001308,0,9,-9
121001309,6,262,-256
121001313,156,128,28
121001314,590,759,-169
121001315,2382,1868,514
121001326,320,213,107
121900001,43,207,-164
121900002,18,0,18
121900003,66,2,64
121900004,16,248,-232
121900005,2,0,2
121900006,26,3,23
121900007,1079,487,592
121900008,16,15,1
121900009,468,86,382
121900010,28,0,28
121900011,86,34,52
121900012,7,0,7
121900013,52,19,33
121900014,791,136,655
121900015,59,28,31
121900016,10,14,-4
121900017,134,291,-157
121900018,203,0,203
121900019,160,45,115
121900020,0,0,0
121900021,537,7,530
121900022,55,53,2
121900023,30,215,-185
121900024,40,37,3
121900025,191,75,116
121900026,47,14,33
121900027,142,45,97
121900028,93,4,89
121900029,17,164,-147
121900030,83,111,-28
121900031,228,2237,-2009
121900032,26,3,23
121900033,41,62,-21
121900034,118,59,59
121900035,1149,640,509
121900036,35,227,-192
121900037,36,250,-214
121900038,2,4,-2
121900039,86,4,82
121900040,18,10,8
121900041,32,234,-202
121900042,106,76,30
121900043,0,5,-5
121900044,1,16,-15
121900046,14,95,-81
121900047,11,65,-54
121900048,7,3,4
121900050,25,0,25
121900051,86,261,-175
121900052,17,23,-6
121900053,227,80,147
121900054,126,330,-204
121900055,0,40,-40
121900058,83,13,70
121900059,52,32,20
121900060,45,148,-103
121900062,43,44,-1
121900063,603,138,465
121900064,166,212,-46
121900066,12,26,-14
121900067,1,0,1
121900069,37,28,9
121900070,38,96,-58
121900071,296,53,243
121900072,23,5,18
121900073,28,124,-96
121900074,147,166,-19
121900075,145,334,-189
121900076,248,253,-5
121900078,23,35,-12
121900079,0,0,0
121900080,193,40,153
121900082,33,12,21
121900084,0,1,-1
121900086,2,20,-18
121900087,14,40,-26
121900088,288,364,-76
121900089,52,67,-15
121900090,1,4,-3
121900091,23,6,17
121900092,55,50,5
121900093,15,32,-17
121900094,0,3,-3
121900095,86,64,22
121900096,314,233,81
121900097,123,42,81
121900098,0,0,0
121900099,89,53,36
121900100,0,38,-38
121900101,52,15,37
121900102,0,4,-4
121900103,81,219,-138
121900104,694,66,628
121900105,51,48,3
121900106,0,0,0
121900107,31,23,8
121900108,0,0,0
121900109,97,25,72
121900110,210,97,113
121900111,65,63,2
121900112,49,34,15
121900113,19,50,-31
121900114,21,0,21
121900117,9,32,-23
121900118,387,31,356
121900119,70,3,67
121900120,3,92,-89
121900121,12,1,11
121900122,8,17,-9
121900123,87,86,1
121900124,12,50,-38
121900125,580,207,373
121900127,1,83,-82
121900128,4,16,-12
121900129,63,24,39
121900130,23,412,-389
121900131,70,36,34
121900132,39,8,31
121900133,5,254,-249
121900134,0,79,-79
121900135,4637,453,4184
121900136,60,52,8
121900137,2,55,-53
121900138,28,59,-31
121900139,157,2175,-2018
121900140,0,10,-10
121900141,35,18,17
121900142,27,1,26
121900143,1,23,-22
121900144,21,85,-64
121900145,49,57,-8
121900146,32,91,-59
121900147,11,15,-4
121900148,18,19,-1
121900149,10,50,-40
121900150,15,6,9
121900151,3,48,-45
121900152,9,3,6
121900153,0,61,-61
121900154,1,48,-47
121900155,0,27,-27
121900156,11,27,-16
121900157,0,15,-15
121900158,4,4,0
121900159,0,18,-18
121900160,0,51,-51
121900161,23,102,-79
121900162,28,4,24
121900163,167,88,79
121900164,23,81,-58
121900165,34,28,6
121900166,115,31,84
121900167,65,2,63
121900168,27,5,22
121900169,0,0,0
121900170,14,29,-15
121900171,330,185,145
121900172,129,45,84
121900173,97,53,44
121900174,20,1,19
121900175,4,94,-90
121900176,102,409,-307
121900177,34,10,24
121900178,10,3,7
121900179,28,80,-52
121900180,480,2811,-2331
121900182,214,185,29
121900183,82,1247,-1165
121900184,49,1053,-1004
121900186,0,170,-170
121900187,1,14,-13
121900188,674,80,594
121900189,8,8,0
121900190,49,222,-173
121900191,3,139,-136
121900192,38,744,-706
121900193,0,58,-58
121900194,2,85,-83
121900195,0,33,-33
121900196,70,563,-493
121900197,73,253,-180
121900198,3010,436,2574
121900199,0,24,-24
121900200,4,33,-29
121900201,152,156,-4
121900202,9,151,-142
121900203,13,166,-153
121900204,177,265,-88
121900205,2,29,-27
121900206,26,31,-5
121900207,10,1,9
121900208,36,112,-76
121900209,6,3,3
121900210,459,210,249
121900211,188,147,41
121900212,13,32,-19
121900213,86,36,50
121900214,0,111,-111
121900215,0,49,-49
121900216,0,135,-135
121900217,26,85,-59
121900218,37,121,-84
121900220,31,2,29
121900221,73,124,-51
121900222,48,10,38
121900223,24,32,-8
121900224,20,22,-2
121900225,5,73,-68
121900226,31,0,31
121900227,102,250,-148
121900228,25,41,-16
121900230,22,78,-56
121900231,26,120,-94
121900232,46,73,-27
121900233,49,34,15
121900234,27,54,-27
121900235,175,41,134
121900236,109,8,101
121900237,35,116,-81
121900238,7,40,-33
121900239,52,2,50
121900240,39,24,15
121900241,2,5,-3
121900242,0,0,0
121900243,0,0,0
121900244,0,0,0
121900245,13,13,0
121900246,1490,113,1377
121900248,218,153,65
121900250,35,231,-196
121900251,176,22,154
121900252,50,38,12
121900253,7,381,-374
121900254,31,72,-41
121900255,204,46,158
121900258,2219,646,1573
121900259,40,154,-114
121900260,19,4,15
121900261,31,138,-107
121900262,125,157,-32
121900263,28,21,7
121900264,203,130,73
121900265,93,10,83
121900266,161,69,92
121900267,38,13,25
121900269,50,126,-76
121900270,12,54,-42
121900271,3,404,-401
121900273,89,782,-693
121900274,130,60,70
121900277,85,246,-161
121900278,19,279,-260
121900279,41,63,-22
121900280,23,129,-106
121900281,50,54,-4
121900284,5,0,5
121900286,30,5,25
121900287,14,2,12
121900288,0,0,0
121900290,11,154,-143
121900291,134,192,-58
121900292,32,42,-10
121900293,215,1044,-829
121900294,33,0,33
121900295,16,15,1
121900296,49,59,-10
121900298,34,392,-358
121900299,0,65,-65
121900300,18,81,-63
121900301,25,0,25
121900302,0,102,-102
121900303,42,42,0
121900304,0,1,-1
121900305,0,1,-1
121900306,270,1,269
121900307,50,1,49
121900308,16,39,-23
121900309,1,30,-29
121900310,0,104,-104
121900311,241,1,240
121900312,177,0,177
121900313,162,1,161
121900314,0,1,-1
121900315,6,0,6
121900316,0,7,-7
121900317,14,32,-18
121900318,0,21,-21
121900319,32,101,-69
121900320,64,18,46
121900321,24,0,24
121900322,0,0,0
121900323,7,10,-3
121900324,1,6,-5
121900325,0,0,0
121900326,15,20,-5
121900327,0,12,-12
121900328,0,0,0
121900329,0,15,-15
121900330,1,80,-79
121900331,3,22,-19
121900332,29,12,17
121900333,19,0,19
121900334,20,33,-13
122000001,479,825,-346
122000002,813,157,656
122000003,188,564,-376
122000004,283,307,-24
122000005,1635,1329,306
122000006,193,466,-273
122000007,163,465,-302
122000008,255,734,-479
122000009,78,94,-16
122000010,679,776,-97
122000011,820,480,340
122000012,235,558,-323
122000013,145,732,-587
122000014,1459,622,837
122000015,345,224,121
122000016,131,247,-116
122000017,270,522,-252
122000018,562,730,-168
122000019,198,763,-565
122000020,75,125,-50
122000021,11,75,-64
122000022,202,410,-208
122000023,108,395,-287
122000024,89,525,-436
122000025,223,600,-377
122000026,182,403,-221
122000027,187,236,-49
122000028,469,274,195
122000029,69,214,-145
122000030,91,3,88
122000031,70,302,-232
122000032,804,669,135
122000033,55,456,-401
122000034,107,301,-194
122000035,28,152,-124
122000036,107,167,-60
122000037,177,99,78
122000038,98,94,4
122000039,197,161,36
122000040,71,48,23
122000041,309,597,-288
122000042,227,335,-108
122000043,30,54,-24
122000044,19,39,-20
122000045,270,265,5
122000046,171,282,-111
122000047,47,52,-5
122000048,787,1397,-610
122000049,2133,960,1173
122000050,172,347,-175
122000051,50,393,-343
122000052,179,398,-219
122000053,123,947,-824
122000054,824,858,-34
122000055,1051,1519,-468
122000056,870,981,-111
122000057,836,1676,-840
122000058,209,884,-675
122000059,192,1047,-855
122000060,165,158,7
122000061,90,114,-24
122000062,350,108,242
122000063,157,533,-376
122000064,1242,2512,-1270
122000065,1033,953,80
122000066,84,287,-203
122000067,556,1139,-583
122000068,562,615,-53
122000069,455,378,77
122000070,265,436,-171
122000071,1393,408,985
122000072,195,181,14
122000073,35,388,-353
122000074,563,542,21
122000075,259,245,14
122000076,1208,438,770
122000077,270,988,-718
122000078,157,840,-683
122000079,93,881,-788
122000080,123,138,-15
122000081,40,161,-121
122000082,119,496,-377
122000083,1192,513,679
122000084,1061,327,734
122000085,113,224,-111
122000086,856,2496,-1640
122000087,116,99,17
122000088,22,122,-100
122000089,1553,1113,440
122000090,61,418,-357
122000091,63,183,-120
122000092,34,28,6
122000093,706,1421,-715
122000094,2408,1091,1317
122000095,393,1322,-929
122000096,229,642,-413
122000098,1427,1843,-416
122000099,162,879,-717
122000100,284,206,78
122000101,65,167,-102
122000102,717,372,345
122000103,352,624,-272
122000104,362,157,205
122000105,82,176,-94
122000106,138,543,-405
122000107,533,187,346
122000108,118,205,-87
122000109,73,122,-49
122000110,75,261,-186
122000111,679,393,286
122000112,446,654,-208
122000113,158,144,14
122000114,308,1350,-1042
122000115,732,950,-218
122000116,38,181,-143
122000117,165,202,-37
122000118,219,34,185
122000119,390,305,85
122000120,206,360,-154
122000121,268,475,-207
122000122,100,283,-183
122000123,239,421,-182
122000124,169,146,23
122000125,48,152,-104
122000126,63,164,-101
122000127,112,109,3
122000128,109,109,0
122000129,83,758,-675
122000130,652,222,430
122000131,244,142,102
122000132,135,95,40
122000133,239,205,34
122000134,369,513,-144
122000135,301,149,152
122000136,150,175,-25
122000137,460,224,236
122000139,314,693,-379
122000140,101,253,-152
122000141,1949,516,1433
122000142,45,768,-723
122000143,146,174,-28
122000144,544,169,375
122000145,295,159,136
122000146,91,933,-842
122000147,102,214,-112
122000148,155,291,-136
122000149,523,224,299
122000150,528,237,291
122000151,13,61,-48
122000152,87,87,0
122000153,92,84,8
122000154,29,53,-24
122000155,308,485,-177
122000156,1903,1387,516
122000157,277,1844,-1567
122000158,55,228,-173
122000159,393,372,21
122000160,689,308,381
122000161,419,235,184
122000162,244,368,-124
122000163,141,15,126
122000164,0,50,-50
122000165,188,584,-396
122000166,237,923,-686
122000167,52,93,-41
122000168,58,1141,-1083
122000169,118,66,52
122000170,75,142,-67
122000171,6,25,-19
122000172,803,467,336
122000173,606,805,-199
122000174,209,1278,-1069
122000175,143,114,29
122000176,112,2038,-1926
122000177,259,849,-590
122000178,1470,1059,411
122000179,922,1299,-377
122000180,257,453,-196
122000181,151,714,-563
122000182,255,285,-30
122000183,516,336,180
122000184,985,855,130
122000185,294,649,-355
122000186,121,300,-179
122000187,713,350,363
122000188,66,46,20
122000189,46,63,-17
122000190,377,667,-290
122000191,243,222,21
122000192,343,161,182
122000193,288,354,-66
122000194,207,94,113
122000195,51,530,-479
122000196,387,182,205
122000197,224,389,-165
122000198,142,762,-620
122000199,126,50,76
122000200,340,202,138
122000201,332,1614,-1282
122000202,227,1032,-805
122000203,722,326,396
122000204,359,360,-1
122000205,191,215,-24
122000206,1412,512,900
122000207,974,776,198
122000208,712,518,194
122000209,645,114,531
122000210,556,578,-22
122000211,255,582,-327
122000212,238,282,-44
122000213,265,752,-487
122000214,784,756,28
122000215,1092,1063,29
122000217,521,490,31
122000218,242,24,218
122000219,356,218,138
122000220,59,319,-260
122000221,27,337,-310
122000222,165,49,116
122000223,98,201,-103
122000225,156,140,16
122000226,492,555,-63
122000227,34,368,-334
122000228,43,61,-18
122000229,11,211,-200
122000230,3,245,-242
122000231,108,421,-313
122000232,148,466,-318
122000233,0,52,-52
122000234,323,45,278
122000235,678,14,664
122000236,562,29,533
122000237,38,38,0
122000238,84,264,-180
122000239,167,106,61
122000240,433,205,228
122000241,791,147,644
122000242,97,11,86
122000243,137,47,90
122000244,45,85,-40
122000245,53,33,20
122000246,212,106,106
122000247,143,309,-166
122000248,468,327,141
122000249,615,468,147
122000250,500,331,169
122000251,15,73,-58
122000252,40,37,3
122000253,10,60,-50
122000254,124,44,80
122000255,165,394,-229
122000256,160,377,-217
122000257,150,598,-448
122000258,67,396,-329
122000259,15,341,-326
122000260,83,248,-165
122000261,15,116,-101
122000262,0,51,-51
122000263,56,98,-42
122000264,677,63,614
122000265,911,315,596
122000266,1399,169,1230
122000267,101,22,79
122000268,47,36,11
122000269,425,80,345
122000270,159,50,109
122000271,101,374,-273
122000272,100,131,-31
122000273,157,50,107
122000274,76,107,-31
122000275,63,120,-57
122000276,639,261,378
122000277,345,1040,-695
122000278,677,136,541
122000279,116,94,22
122000280,258,125,133
122000281,218,123,95
122000282,40,809,-769
122000283,24,145,-121
122000284,36,17,19
122000285,224,55,169
122000286,17,160,-143
122000287,766,1338,-572
122000288,113,178,-65
122000291,895,326,569
122000293,152,95,57
122000294,30,176,-146
122000295,748,153,595
122000296,35,636,-601
122000297,697,2591,-1894
122000299,233,89,144
122000300,123,250,-127
122000301,3036,2222,814
122000302,165,1323,-1158
122000303,675,343,332
122000304,4,103,-99
122000305,872,413,459
122000306,19,162,-143
122000307,31,69,-38
122000309,11,84,-73
122000310,2,80,-78
122000311,34,58,-24
122000312,58,163,-105
122000313,12,124,-112
122000314,93,270,-177
122000315,111,5,106
122000316,613,214,399
122000317,1226,169,1057
122000318,127,494,-367
122000319,95,186,-91
122000320,83,247,-164
122000321,63,27,36
122000322,603,446,157
122000323,178,471,-293
122000324,417,906,-489
122000325,220,498,-278
122000326,54,64,-10
122000327,73,238,-165
122000328,248,163,85
122000330,766,432,334
122000333,17,24,-7
122000337,505,179,326
122000338,219,44,175
122000340,38,646,-608
122000342,579,431,148
122000343,281,109,172
122000344,76,0,76
122000345,109,19,90
122000346,19,24,-5
122000348,205,147,58
122000349,38,69,-31
122000351,95,112,-17
122000352,168,47,121
122000353,32,14,18
122000355,41,279,-238
122000356,130,329,-199
122000357,34,2,32
122000358,0,1,-1
122000359,0,0,0
122000360,0,0,0
122000362,2,8,-6
122000364,154,94,60
122000365,0,10,-10
122000366,71,1,70
122000368,201,113,88
122000370,0,6,-6
122000371,48,1,47
122000372,1,0,1
122000381,77,136,-59
122000382,8,69,-61
122000384,381,446,-65
122000385,23,0,23
122000386,84,479,-395
122000387,57,420,-363
122000388,344,291,53
122000389,78,290,-212
122000390,66,132,-66
122000391,22,606,-584
122000392,44,42,2
122000393,203,312,-109
122000394,215,104,111
122000395,43,64,-21
122000396,155,15,140
122000397,40,45,-5
122000398,17,117,-100
122000399,49,38,11
122000400,14,203,-189
122000401,61,2,59
122000402,274,50,224
122000403,87,96,-9
122000404,182,68,114
122000408,119,371,-252
122000503,2,43,-41
122000524,15,66,-51
122000544,25,1095,-1070
122000614,85,67,18
122000616,51,0,51
122000640,59,47,12
122000641,60,134,-74
122000642,732,358,374
122000643,35,152,-117
122000644,44,30,14
122000645,15,73,-58
122000651,92,491,-399
122000664,80,22,58
122000665,202,159,43
122000666,70,168,-98
122000673,27,77,-50
122000674,304,121,183
122000675,1064,430,634
122000686,309,440,-131
122000687,1166,84,1082
122000688,201,148,53
122000689,743,91,652
122000690,1901,88,1813
122000691,665,245,420
122000692,712,59,653
122000693,182,510,-328
122000695,331,110,221
122000696,381,27,354
122000698,157,74,83
122000699,165,31,134
122000701,907,140,767
122000702,222,878,-656
122000703,51,4,47
122000717,4,87,-83
122000718,157,1564,-1407
122000719,16,29,-13
122000720,553,31,522
122000724,36,45,-9
122900001,6,15,-9
122900002,286,2703,-2417
122900003,243,3,240
122900004,2100,68,2032
122900005,16,143,-127
122900006,30,1146,-1116
122900007,29,44,-15
122900008,88,302,-214
122900009,78,38,40
122900010,108,25,83
122900012,121,175,-54
122900014,32,7,25
122900015,645,174,471
122900016,37,108,-71
122900017,126,360,-234
122900018,29,9,20
122900020,46,502,-456
122900021,2,141,-139
122900022,485,522,-37
122900023,148,22,126
122900024,50,27,23
122900025,1,53,-52
122900026,0,48,-48
122900027,4,400,-396
122900028,57,22,35
122900029,1838,823,1015
122900030,212,18,194
122900031,35,176,-141
122900032,110,121,-11
122900033,108,68,40
122900034,996,1414,-418
122900035,9,3,6
122900036,18,1,17
122900037,113,32,81
122900038,15,802,-787
122900039,8,123,-115
122900040,168,280,-112
122900041,20,239,-219
122900042,68,42,26
122900043,71,59,12
122900044,15,116,-101
122900045,25,83,-58
122900046,49,247,-198
122900047,61,11,50
122900048,3,123,-120
122900049,927,37,890
122900051,4,99,-95
122900052,101,25,76
122900053,0,23,-23
122900055,38,12,26
122900057,129,1,128
122900061,278,5,273
122900062,230,293,-63
122900063,89,32,57
122900064,371,234,137
122900065,128,104,24
122900066,145,64,81
122900067,309,89,220
122900069,128,539,-411
122900070,192,5,187
122900071,15,53,-38
122900073,20,56,-36
122900074,823,51,772
122900075,0,10,-10
122900076,0,70,-70
122900077,0,2,-2
122900078,139,5,134
122900080,3,19,-16
122900081,29,72,-43
122900082,755,52,703
122900083,5,26,-21
122900084,0,99,-99
122900086,0,5,-5
122900087,341,119,222
122900088,0,119,-119
122900089,37,170,-133
122900090,0,82,-82
122900091,288,0,288
122900092,0,28,-28
122900093,0,2,-2
122900094,0,43,-43
122900095,107,2,105
122900096,388,15,373
122900097,5,25,-20
122900098,6,33,-27
122900099,73,27,46
122900100,4,387,-383
122900101,71,58,13
122900102,68,33,35
122900103,209,0,209
122900104,136,0,136
122900105,11,0,11
122900106,0,1,-1
122900107,0,11,-11
122900108,0,47,-47
122900109,140,76,64
123000001,354,298,56
123000002,1232,3831,-2599
123000003,1718,1484,234
123000004,1467,2130,-663
123000005,1542,855,687
123000006,1135,1062,73
123000007,1556,1047,509
123000008,1064,1294,-230
123000009,2002,1775,227
123000010,1502,1732,-230
123000011,674,593,81
123000012,221,1014,-793
123000013,1789,475,1314
123000014,238,1273,-1035
123000015,1126,738,388
123000016,1211,1457,-246
123000017,3365,1718,1647
123000018,111,27,84
123000019,391,7,384
123000020,285,11,274
123000021,208,175,33
123000022,556,1052,-496
123000023,1613,1194,419
123000024,861,463,398
123000025,245,41,204
123000026,20,92,-72
123000027,22,527,-505
123000028,60,2779,-2719
123000029,106,1218,-1112
123000030,194,110,84
123000031,406,47,359
123000032,440,118,322
123000033,131,42,89
123000034,415,443,-28
123000035,115,248,-133
123000036,51,430,-379
123000037,31,57,-26
123000038,4,231,-227
123000039,192,985,-793
123000040,275,76,199
123000041,152,365,-213
123000042,256,319,-63
123000043,440,3700,-3260
123000044,1589,788,801
123000045,1168,506,662
123000046,78,390,-312
123000047,267,469,-202
123000048,20,922,-902
123000049,1842,3880,-2038
123000050,602,530,72
123000051,19,70,-51
123000052,210,884,-674
123000053,755,849,-94
123000054,661,731,-70
123000055,1037,1920,-883
123000056,320,212,108
123000057,1649,1102,547
123000058,300,970,-670
123000059,110,239,-129
123000060,525,479,46
123000061,90,168,-78
123000063,480,332,148
123000064,837,87,750
123000065,1090,814,276
123000066,48,202,-154
123000067,242,154,88
123000068,495,439,56
123000069,744,324,420
123000070,66,137,-71
123000071,686,228,458
123000072,455,164,291
123000073,912,230,682
123000074,296,369,-73
123000075,127,460,-333
123000076,210,97,113
123000077,757,419,338
123000078,1109,372,737
123000079,1029,490,539
123000080,1113,238,875
123000081,45,41,4
123000082,45,187,-142
123000083,286,87,199
123000084,361,167,194
123000085,367,119,248
123000086,391,25,366
123000087,418,39,379
123000088,729,195,534
123000089,394,269,125
123000090,480,298,182
123000091,731,473,258
123000092,264,343,-79
123000094,301,18,283
123000095,455,135,320
123000096,438,142,296
123000097,324,97,227
123000098,470,119,351
123000099,310,99,211
123000100,103,395,-292
123000101,188,154,34
123000102,200,451,-251
123000104,123,129,-6
123000105,151,52,99
123000106,229,74,155
123000107,102,69,33
123000108,208,398,-190
123000111,461,67,394
123000112,571,63,508
123000113,196,126,70
123000114,120,231,-111
123000115,122,241,-119
123000116,30,51,-21
123000117,908,567,341
123000118,273,94,179
123000119,106,105,1
123000120,126,181,-55
123000121,244,194,50
123000122,109,41,68
123000123,220,219,1
123000124,191,81,110
123000125,455,236,219
123000126,697,2833,-2136
123000127,147,139,8
123000128,78,94,-16
123000129,693,10,683
123000130,574,8,566
123000131,695,396,299
123000132,111,136,-25
123000133,63,41,22
123000134,123,20,103
123000135,595,137,458
123000136,48,162,-114
123000137,37,57,-20
123000138,60,85,-25
123000139,351,46,305
123000140,19,94,-75
123000141,143,33,110
123000142,604,364,240
123000143,321,512,-191
123000144,2,8,-6
123000145,65,417,-352
123000146,4,231,-227
123000147,28,259,-231
123000149,125,143,-18
123000150,56,90,-34
123000151,60,251,-191
123000152,31,134,-103
123000153,34,391,-357
123000154,472,1198,-726
123000155,933,978,-45
123000156,40,41,-1
123000157,304,452,-148
123000158,208,345,-137
123000159,863,1525,-662
123000160,474,939,-465
123000161,480,488,-8
123000162,617,869,-252
123000163,341,416,-75
123000164,1428,39,1389
123000165,89,336,-247
123000166,0,34,-34
123000167,64,45,19
123000168,136,40,96
123000169,465,16,449
123000170,72,13,59
123000171,670,1,669
123000172,23,124,-101
123000173,320,48,272
123000174,305,148,157
123000175,71,219,-148
123000176,408,119,289
123000177,101,266,-165
123000178,490,35,455
123000179,3,215,-212
123000180,806,121,685
123000181,182,300,-118
123000182,132,169,-37
123000183,112,216,-104
123000185,629,332,297
123000186,12,215,-203
123000187,361,6,355
123000188,240,0,240
123000189,157,43,114
123000190,47,213,-166
123000192,3,44,-41
123000193,20,92,-72
123000194,127,166,-39
123000195,237,4,233
123000196,219,72,147
123000197,36,28,8
123000198,18,139,-121
123000199,9,199,-190
123000200,173,0,173
123000201,702,5,697
123000202,9,158,-149
123000203,772,21,751
123000204,11,182,-171
123000205,42,272,-230
123000206,1926,143,1783
123000207,32,256,-224
123000208,744,34,710
123000209,1213,183,1030
123000210,61,512,-451
123000211,98,375,-277
123000212,2372,137,2235
123000213,341,18,323
123000215,48,138,-90
123000216,38,505,-467
123000217,151,10,141
123000218,97,209,-112
123000219,297,67,230
123000220,167,81,86
123000221,88,13,75
123000222,162,64,98
123000223,338,74,264
123000224,234,70,164
123000225,118,21,97
123000226,87,54,33
123000227,46,16,30
123000228,250,26,224
123000229,157,156,1
123000232,29,45,-16
123000233,436,27,409
123000234,219,118,101
123000235,515,118,397
123000236,121,177,-56
123000237,256,55,201
123000238,18,58,-40
123000239,152,169,-17
123000240,39,386,-347
123000241,90,14,76
123000242,41,55,-14
123000243,409,411,-2
123000244,266,173,93
123000245,0,29,-29
123000249,164,301,-137
123000252,367,63,304
123000253,820,207,613
123000254,236,165,71
123000255,305,272,33
123000256,12,34,-22
123000257,321,352,-31
123000258,530,357,173
123000259,223,212,11
123000260,361,33,328
123000261,153,21,132
123000262,4,7,-3
123000263,300,14,286
123000264,138,46,92
123000265,14,37,-23
123000266,195,170,25
123000267,429,95,334
123000268,17,12,5
123000269,22,54,-32
123000270,5,56,-51
123000271,31,18,13
123000272,264,120,144
123000273,166,592,-426
123000274,773,326,447
123000275,67,213,-146
123000278,607,1353,-746
123000279,175,53,122
123000280,115,128,-13
123000281,139,25,114
123000282,29,83,-54
123000283,197,14,183
123000284,2,26,-24
123000286,37,155,-118
123000287,60,113,-53
123000288,314,534,-220
123000289,86,695,-609
123000291,57,237,-180
123000294,127,245,-118
123000295,487,1260,-773
123000296,462,667,-205
123000297,567,156,411
123000298,707,99,608
123000299,214,143,71
123000300,1006,462,544
123000301,91,173,-82
123000302,159,10,149
123000303,29,566,-537
123000305,232,257,-25
123000306,147,23,124
123000309,0,26,-26
123000310,62,10,52
123000311,123,66,57
123000312,1218,281,937
123000313,421,338,83
123000315,245,41,204
123000316,747,255,492
123000317,114,71,43
123000318,25,86,-61
123000329,5,4,1
123000337,290,388,-98
123000338,38,213,-175
123000339,265,15,250
123000340,16,70,-54
123000342,3,8,-5
123000343,91,12,79
123000344,157,29,128
123000345,83,51,32
123000346,456,61,395
123000352,310,264,46
123000353,76,7,69
123000354,423,5,418
123000355,0,823,-823
123000356,205,3,202
123000357,0,27,-27
123000359,4,19,-15
123000360,116,81,35
123000361,424,80,344
123000362,208,20,188
123000363,101,47,54
123000364,212,188,24
123000365,2,152,-150
123000366,115,861,-746
123000367,338,260,78
123000370,16,20,-4
123000371,335,10,325
123000372,129,4,125
123000373,0,39,-39
123000374,1,7,-6
123000375,217,17,200
123000376,549,379,170
123000377,293,2,291
123000378,5,57,-52
123000379,0,159,-159
123000380,0,78,-78
123000381,58,147,-89
123000382,457,88,369
123000383,17,313,-296
123000384,517,191,326
123000385,19,76,-57
123000436,36,970,-934
123000507,48,73,-25
123000508,65,779,-714
123000517,37,9,28
123000518,22,22,0
123000519,26,18,8
123000520,21,13,8
123000521,217,44,173
123000522,27,58,-31
123000541,2,1,1
123000542,0,0,0
123000565,664,17,647
123000566,287,112,175
123000567,87,57,30
123000573,0,53,-53
123000574,561,38,523
123000575,1553,45,1508
123000576,311,195,116
123000577,34,146,-112
123000578,258,107,151
123000579,526,2547,-2021
123000580,62,33,29
123000582,291,3,288
123000583,2,104,-102
123000584,152,104,48
123000585,0,5,-5
123000586,82,0,82
123000596,27,10,17
123000597,70,96,-26
123000602,50,8,42
123000603,893,103,790
123000604,397,142,255
123000605,211,21,190
123000606,0,33,-33
123000609,11,135,-124
123000610,27,63,-36
123000613,54,33,21
123000614,192,38,154
123000615,15,76,-61
123000616,458,10,448
123000617,14,58,-44
123000618,17,174,-157
123000619,200,18,182
123000620,1,60,-59
123000622,262,2,260
123000624,184,37,147
123000630,1611,294,1317
123000631,44,239,-195
123000632,382,246,136
123000633,2,141,-139
123000634,2,206,-204
123000635,3,57,-54
123000636,52,168,-116
123000637,125,40,85
123000638,320,140,180
123000639,668,3241,-2573
123000640,12,144,-132
123000648,842,91,751
123000649,28,254,-226
123000650,112,219,-107
123000651,6,931,-925
123000652,297,14,283
123000653,44,277,-233
123000654,110,18,92
123900001,681,25,656
123900002,28,483,-455
123900003,12,85,-73
123900005,122,83,39
123900006,131,8,123
124000001,1134,97,1037
124000002,0,105,-105
124000003,773,53,720
124000004,6,92,-86
124000005,638,503,135
124000006,24,126,-102
124000007,392,29,363
124000008,39,144,-105
124000009,620,111,509
124000010,67,103,-36
124000011,421,97,324
124000012,76,104,-28
124000017,117,85,32
124000018,5,6,-1
124000019,163,20,143
124000020,3,4,-1
124000021,77,29,48
124000022,25,19,6
124000023,302,132,170
124000024,526,189,337
124000025,374,307,67
124000026,671,140,531
124000027,436,154,282
124000028,1014,231,783
124000031,530,4121,-3591
124000032,317,156,161
124000033,358,600,-242
124000034,149,233,-84
124000035,159,60,99
124000036,28,133,-105
124000037,66,232,-166
124000038,1,8,-7
124000039,79,35,44
124000040,32,169,-137
124000041,348,20,328
124000042,115,52,63
124000043,96,13,83
124000044,15,20,-5
124000045,733,49,684
124000046,23,155,-132
124000047,1257,123,1134
124000048,331,191,140
124000049,1381,137,1244
124000050,256,366,-110
124000051,981,161,820
124000052,290,220,70
124000053,285,1320,-1035
124000054,198,104,94
124000055,470,1899,-1429
124000056,589,191,398
124000057,1048,144,904
124000058,203,349,-146
124000059,606,555,51
124000060,142,381,-239
124000061,663,3527,-2864
124000062,1241,487,754
124000063,557,314,243
124000064,566,380,186
124000065,57,142,-85
124000066,241,144,97
124000067,53,96,-43
124000068,3,46,-43
124000069,370,110,260
124000070,95,52,43
124000071,39,46,-7
124000072,34,98,-64
124000073,456,37,419
124000074,37,50,-13
124000075,415,11,404
124000076,0,1,-1
124000077,68,292,-224
124000078,430,344,86
124000079,40,343,-303
124000080,431,37,394
124000081,32,98,-66
124000082,29,111,-82
124000083,4,36,-32
124000084,1,450,-449
124000085,20,7,13
124000086,7,163,-156
124000087,48,119,-71
124000088,51,38,13
124000089,350,22,328
124000090,83,122,-39
124000091,437,19,418
124000092,143,277,-134
124000093,90,12,78
124000094,10,80,-70
124000095,123,13,110
124000096,27,21,6
124000097,106,23,83
124000098,152,18,134
124000099,147,59,88
124000100,22,230,-208
124000101,105,68,37
124000102,77,12,65
124000103,103,69,34
124000104,31,33,-2
124000105,82,51,31
124000106,17,33,-16
124000107,16,199,-183
124000108,8,9,-1
124000109,158,39,119
124000110,66,15,51
124000111,87,79,8
124000112,463,174,289
124000113,137,123,14
124000114,196,238,-42
124000115,91,375,-284
124000116,67,172,-105
124000117,5,21,-16
124000118,9,60,-51
124000119,397,133,264
124000120,203,78,125
124000121,578,335,243
124000122,182,612,-430
124000123,178,107,71
124000124,158,174,-16
124000125,157,106,51
124000126,91,121,-30
124000127,615,88,527
124000128,320,136,184
124000129,752,314,438
124000130,152,99,53
124000131,400,152,248
124000132,113,238,-125
124000133,548,390,158
124000134,307,201,106
124000135,836,808,28
124000136,103,313,-210
124000137,354,461,-107
124000138,126,545,-419
124000139,298,66,232
124000140,7,119,-112
124000141,928,6,922
124000142,5,97,-92
124000143,64,1,63
124000144,0,45,-45
124000145,130,5,125
124000146,4,26,-22
124000148,1,25,-24
124000149,435,96,339
124000150,84,274,-190
124000151,746,87,659
124000152,183,254,-71
124000153,381,176,205
124000154,104,142,-38
124000155,398,199,199
124000156,189,181,8
124000169,60,104,-44
124000170,169,169,0
124000171,154,139,15
124000172,139,128,11
124000173,388,97,291
124000174,325,153,172
124000175,0,1,-1
124000176,29,14,15
124000177,0,0,0
124000178,10,39,-29
124000185,25,2,23
124000186,9,29,-20
124000187,7,11,-4
124000188,60,0,60
124000190,52,60,-8
124000191,43,289,-246
124000192,420,367,53
124000193,68,755,-687
124000194,122,94,28
124000195,268,189,79
124000196,237,223,14
124000197,17,10,7
124000198,31,36,-5
124000201,22,150,-128
124000202,359,52,307
124000203,582,37,545
124000204,1034,18,1016
124000205,84,57,27
124000206,802,70,732
124000207,0,8,-8
124000209,98,41,57
124000210,775,57,718
124000211,702,0,702
124000212,0,47,-47
124000213,345,68,277
124000214,428,14,414
124000215,672,57,615
124000216,3,84,-81
124000329,3,321,-318
124000338,6,178,-172
124000339,1316,9,1307
124000341,1481,14,1467
124000344,164,44,120
124000357,968,1922,-954
124000358,765,1767,-1002
124000359,724,347,377
124000360,860,288,572
124000361,1122,773,349
124000362,380,1261,-881
124000363,153,109,44
124000364,278,164,114
124000365,297,339,-42
124000366,1093,1353,-260
124000367,4,101,-97
124000368,239,707,-468
124000369,29,35,-6
124000370,7,433,-426
124000402,4,8,-4
124000403,75,41,34
124000404,15,16,-1
124000405,420,144,276
124000406,282,86,196
124000407,1,13,-12
124000411,2,65,-63
124000412,342,5,337
124000413,26,72,-46
124000414,183,21,162
124000415,17,48,-31
124000416,109,58,51
124000417,176,62,114
124000418,246,31,215
124000419,97,21,76
124000420,125,14,111
124000421,57,26,31
124000422,11,6,5
124000423,76,24,52
124000424,0,10,-10
124000425,57,20,37
124000426,0,4,-4
124000427,69,0,69
124000428,4,171,-167
124000429,101,11,90
124000430,480,128,352
124000431,233,76,157
124000432,167,460,-293
124000439,41,22,19
124000443,0,0,0
124000445,33,1597,-1564
124000446,246,269,-23
124000447,2,150,-148
124000448,201,3,198
124000449,307,0,307
124000450,1,57,-56
124000451,1,18,-17
124000452,137,43,94
124000453,1036,907,129
124000454,696,3088,-2392
124000455,0,153,-153
124000456,249,14,235
124000457,0,18,-18
124000458,3,11,-8
124000459,185,13,172
124000460,1,2,-1
124900001,656,83,573
124900002,28,32,-4
124900003,651,74,577
124900004,426,96,330
124900005,63,15,48
124900006,489,110,379
124900008,235,121,114
124900009,19,150,-131
124900010,134,19,115
124900011,374,144,230
124900012,154,14,140
124900013,255,37,218
124900014,143,46,97
124900015,43,209,-166
124900016,29,73,-44
124900017,114,2133,-2019
124900018,56,6,50
124900020,92,23,69
124900021,186,7,179
124900022,21,16,5
124900024,256,0,256
124900026,11,0,11
124900027,60,55,5
124900028,196,17,179
124900029,23,197,-174
124900030,1,53,-52
124900031,5,88,-83
124900032,112,54,58
124900033,8,25,-17
124900034,0,44,-44
124900035,8,24,-16
124900036,0,52,-52
124900037,23,49,-26
124900038,33,47,-14
124900039,0,47,-47
124900040,12,2,10
124900041,150,98,52
124900042,5,0,5
124900043,173,132,41
124900044,12,0,12
124900045,37,150,-113
124900047,15,17,-2
124900048,120,4,116
124900050,124,5,119
124900052,14,49,-35
124900053,36,70,-34
124900054,347,71,276
124900055,0,0,0
124900057,1,7,-6
124900060,2,11,-9
124900061,18,3,15
124900062,151,0,151
124900066,0,0,0
124900067,0,0,0
124900068,52,277,-225
124900070,0,2,-2
124900072,99,16,83
124900075,136,37,99
124900076,10,459,-449
124900077,6,15,-9
124900078,34,0,34
124900079,47,25,22
124900080,169,44,125
124900081,744,63,681
124900082,116,50,66
124900083,85,63,22
124900085,140,111,29
124900086,13,308,-295
124900087,77,36,41
124900088,8,17,-9
124900089,74,2,72
124900090,278,35,243
124900091,84,34,50
124900092,70,23,47
124900093,376,17,359
124900094,378,44,334
124900095,70,276,-206
124900096,76,33,43
124900097,293,1,292
124900098,24,79,-55
124900099,32,99,-67
124900100,190,0,190
124900101,154,5,149
124900102,269,9,260
124900103,7,21,-14
124900104,4,16,-12
124900105,16,3,13
124900106,165,1,164
124900107,69,7,62
124900108,24,24,0
124900111,0,0,0
124900112,59,42,17
124900113,3,14,-11
124900114,5,4,1
124900115,0,5,-5
124900116,119,197,-78
124900117,45,55,-10
124900118,34,461,-427
124900119,129,123,6
124900120,0,5,-5
124900121,3,248,-245
124900122,66,7,59
124900123,59,50,9
124900124,12,48,-36
124900125,466,0,466
124900126,4,0,4
204000001,172,2,170
204000002,37,14,23
204000003,20,19,1
204000004,4,0,4
204000005,314,201,113
204000006,786,1110,-324
204000011,0,0,0
204000012,3,4,-1
204000019,1139,221,918
204000020,582,191,391
204000021,491,593,-102
204000022,950,335,615
204000023,189,291,-102
204000031,21,2,19
204000032,114,2,112
204000034,71,13,58
204000035,0,1,-1
204000036,3,4,-1
204000037,1,15,-14
204000038,1,27,-26
204000039,11,15,-4
204000040,3,13,-10
204000041,5,21,-16
204000042,21,17,4
204000043,16,4,12
204000044,22,0,22
204000045,18,1,17
204000046,7,1,6
204000057,0,31,-31
204000062,22,51,-29
204000068,0,44,-44
204000069,10,177,-167
204000070,64,10,54
204000080,39,7,32
204000085,348,190,158
204000086,571,485,86
204000087,18,2,16
204000088,0,0,0
204000090,108,32,76
204000093,323,11,312
204000096,706,189,517
204000097,201,5,196
204000099,696,1329,-633
204000100,1136,491,645
204000105,290,143,147
204000110,105,322,-217
204000111,173,194,-21
204000112,73,127,-54
204000113,92,222,-130
204000114,484,716,-232
204000115,586,160,426
204000116,281,109,172
204000119,1865,770,1095
204000132,587,363,224
204000133,683,42,641
204000134,149,25,124
204000135,536,5,531
204000136,418,68,350
204000138,203,609,-406
204000140,280,98,182
204000141,109,28,81
204000144,0,29,-29
204000145,139,15,124
204000146,1,10,-9
204000147,2,20,-18
204000148,37,14,23
204000154,3,0,3
204000155,0,9,-9
204000177,76,43,33
204000179,13,6,7
204000180,0,7,-7
204000222,1,40,-39
204000235,1,9,-8
204000236,16,25,-9
204000238,32,10,22
204000240,87,7,80
204000263,204,218,-14
204000268,446,129,317
204000308,20,10,10
204000317,1,21,-20
204000322,12,14,-2
204000323,0,9,-9
204000328,174,6,168
204000329,36,8,28
204000330,134,13,121
204000331,86,9,77
205000001,147,273,-126
205000013,1,3,-2
205000014,1,3,-2
205000015,1,2,-1
205000016,5,10,-5
205000017,9,0,9
205000022,122,138,-16
205000025,387,111,276
205000029,448,1,447
205000045,89,77,12
205000046,14,53,-39
205000047,23,31,-8
205000048,129,46,83
205000049,94,33,61
205000050,97,11,86
205000059,0,29,-29
205000060,0,79,-79
205000061,1,157,-156
205000062,0,98,-98
205000063,1,174,-173
205000064,11,45,-34
205000065,32,132,-100
205000066,47,59,-12
205000067,51,103,-52
205000069,117,2,115
205000082,71,72,-1
205000110,25,3,22
205000111,27,21,6
205000112,39,75,-36
205000113,16,21,-5
205000121,120,89,31
205000123,24,5,19
205000126,446,75,371
205000127,498,35,463
205000128,285,52,233
205000129,489,60,429
205000130,143,24,119
205000131,21,27,-6
205000132,39,12,27
205000133,49,1,48
205000134,294,0,294
205000137,10,6,4
205000138,15,9,6
205000139,1,5,-4
205000144,35,24,11
205000145,121,65,56
205000151,71,12,59
205000152,80,23,57
205000153,138,32,106
205000154,25,40,-15
205000155,127,33,94
205000207,0,0,0
205000233,18,1,17
205000234,0,0,0
205000243,0,1,-1
205000244,0,1,-1
205000245,0,3,-3
205000249,0,0,0
205000250,0,0,0
205000264,1,9,-8
206000027,1,4,-3
206000028,4,4,0
206000043,1,11,-10
206000053,1,0,1
206000054,0,0,0
206000055,0,0,0
206000075,5,18,-13
206000076,4,2,2
206000077,8,0,8
206000078,11,1,10
206000079,7,2,5
206000082,189,70,119
206000100,6,151,-145
206000103,0,0,0
206000104,0,0,0
206000105,0,0,0
206000106,0,0,0
206000125,121,0,121
206000157,1,49,-48
206000170,0,56,-56
206000171,0,59,-59
206000172,5,32,-27
206000173,2,18,-16
206000174,4,7,-3
206000175,0,8,-8
206000176,13,6,7
206000177,0,5,-5
206000178,2,152,-150
206000179,0,18,-18
206000180,1,25,-24
206000181,0,36,-36
206000182,2,13,-11
206000183,8,57,-49
206000184,0,23,-23
206000185,4,11,-7
206000186,2,104,-102
206000223,1,106,-105
206000226,22,2,20
206000227,37,1,36
206000237,5,57,-52
206000238,8,133,-125
206000239,86,407,-321
206000240,0,0,0
206000241,0,30,-30
206000242,4,13,-9
206000243,4,19,-15
206000244,6,33,-27
206000245,1724,30,1694
206000246,491,0,491
206000247,632,1,631
206000248,649,3,646
206000252,11,40,-29
206000258,0,0,0
206000315,13,0,13
206000317,514,126,388
206000318,603,20,583
206000319,2272,22,2250
206000320,724,17,707
206000321,675,1,674
206000322,1040,5,1035
206000323,364,1,363
206000324,396,2,394
206000325,156,6,150
206000326,308,21,287
206000327,33,25,8
206000328,248,1,247
206000329,750,0,750
206000330,190,0,190
206000331,332,0,332
206000332,95,0,95
206000333,1297,3,1294
206000334,620,4,616
206000335,0,10,-10
206000361,0,11,-11
206000392,0,2,-2
206000405,151,9,142
206000441,23,21,2
206000498,32,3,29
206000515,34,14,20
206000530,378,82,296
206000531,192,166,26
206000532,599,156,443
206000535,21,770,-749
206000536,4,46,-42
206000537,1,70,-69
206000613,829,179,650
206000784,304,12,292
207000001,25,43,-18
207000002,20,113,-93
207000003,46,54,-8
207000007,1722,108,1614
207000008,275,3,272
207000009,76,1,75
207000010,42,105,-63
207000012,494,54,440
207000015,48,188,-140
207000019,286,33,253
207000021,299,130,169
207000022,133,69,64
207000023,219,49,170
207000024,1,4,-3
207000025,6,28,-22
207000026,0,0,0
207000027,0,0,0
207000028,0,32,-32
207000029,0,68,-68
207000033,119,136,-17
207000034,128,24,104
207000039,482,42,440
207000040,802,11,791
207000041,35,15,20
207000042,240,5,235
207000043,117,58,59
207000051,2,2,0
207000052,0,6,-6
207000053,92,94,-2
207000054,16,48,-32
207000055,29,19,10
207000056,60,83,-23
207000057,22,62,-40
207000058,60,65,-5
207000059,15,93,-78
207000060,13,196,-183
207000061,55,1089,-1034
207000062,858,30,828
207000063,606,30,576
207000064,247,27,220
207000065,197,76,121
207000066,492,64,428
207000067,78,33,45
207000068,89,29,60
207000069,498,186,312
207000082,5,63,-58
207000083,44,80,-36
207000084,464,120,344
207000085,341,29,312
207000086,460,2,458
207000106,68,10,58
207000107,67,4,63
207000108,162,1,161
207000109,44,1,43
207000110,17,7,10
207000111,61,5,56
207000112,28,197,-169
207000114,0,0,0
207000115,0,0,0
207000116,0,0,0
207000117,0,0,0
207000118,0,0,0
207000119,0,0,0
207000123,172,0,172
207000124,102,5,97
207000125,49,2,47
207000126,54,2,52
207000134,254,49,205
207000135,54,116,-62
207000148,94,122,-28
207000149,0,0,0
207000152,2,112,-110
207000153,7,264,-257
207000154,211,79,132
207000159,0,2,-2
207000160,8,20,-12
207000238,0,0,0
207000242,0,0,0
207000248,0,0,0
207000249,0,0,0
207000250,0,0,0
207000251,0,0,0
207000252,0,0,0
207000278,105,43,62
207000279,3,16,-13
207000280,1203,6,1197
207000281,35,152,-117
207000282,18,540,-522
207000283,25,50,-25
207000284,5,1371,-1366
207000285,30,98,-68
207000291,0,0,0
207000304,22,25,-3
207000306,14,149,-135
207000310,94,41,53
207000353,31,1,30
207000356,0,8,-8
207000357,1,16,-15
207000358,0,12,-12
207000415,0,0,0
207000417,14,1,13
207000418,50,27,23
207000438,0,2,-2
207000439,224,44,180
207000446,25,3,22
207000460,155,8,147
207000466,0,1,-1
207000467,604,31,573
207000468,11,7,4
207000476,12,24,-12
207000477,198,19,179
207000478,0,4,-4
207000523,0,0,0
207000524,45,0,45
207000527,243,98,145
207000530,131,6,125
207000531,160,0,160
207000532,20,14,6
207000534,93,8,85
207000535,0,0,0
207000537,0,0,0
207000540,0,0,0
207000541,0,0,0
207000548,0,0,0
207000549,50,2,48
207000561,126,59,67
207000562,0,0,0
207000567,9,55,-46
207000568,335,7,328
207000569,892,61,831
207000584,0,0,0
207000585,1,26,-25
207000587,357,3,354
207000616,0,19,-19
207000617,179,0,179
207000624,15,13,2
207000631,1,20,-19
207900008,515,28,487
208000001,300,488,-188
208000002,536,496,40
208000003,538,421,117
208000004,633,399,234
208000005,0,0,0
208000019,726,432,294
208000020,187,171,16
208000021,189,162,27
208000022,289,495,-206
208000028,374,690,-316
208000033,128,222,-94
208000034,371,379,-8
208000037,175,12,163
208000040,129,23,106
208000041,370,283,87
208000042,713,305,408
208000047,41,57,-16
208000064,1123,758,365
208000066,615,434,181
208000070,592,297,295
208000071,535,70,465
208000072,687,202,485
208000080,198,318,-120
208000081,286,56,230
208000082,114,34,80
208000083,79,70,9
208000084,2,132,-130
208000085,256,69,187
208000086,277,184,93
208000087,231,279,-48
208000089,447,57,390
208000090,262,132,130
208000093,7,33,-26
208000094,104,126,-22
208000095,486,246,240
208000104,900,174,726
208000105,546,275,271
208000114,22,166,-144
208000115,178,161,17
208000116,714,773,-59
208000117,5,65,-60
208000118,76,178,-102
208000155,321,369,-48
208000158,815,963,-148
208000186,268,771,-503
208000204,393,396,-3
208000205,793,305,488
208000282,484,299,185
209000004,415,61,354
209000005,51,11,40
209000006,313,201,112
209000007,266,208,58
209000010,0,0,0
209000011,0,0,0
209000012,13,41,-28
209000013,20,12,8
209000014,38,42,-4
209000025,459,42,417
209000026,1155,179,976
209000027,11,47,-36
209000028,35,35,0
209000029,100,28,72
209000030,127,137,-10
209000031,571,129,442
209000034,160,145,15
209000035,212,216,-4
209000036,327,50,277
209000037,510,125,385
209000038,329,52,277
209000039,105,53,52
209000040,203,171,32
209000041,114,107,7
209000042,209,119,90
209000043,407,212,195
209000044,253,306,-53
209000045,334,67,267
209000046,277,76,201
209000047,175,82,93
209000048,318,300,18
209000049,18,15,3
209000050,88,23,65
209000051,136,21,115
209000052,50,32,18
209000062,0,0,0
209000063,0,1,-1
209000064,1,1,0
209000065,244,6,238
209000066,166,12,154
209000067,198,21,177
209000080,5,8,-3
209000082,77,27,50
209000091,0,0,0
209000093,0,0,0
209000094,0,0,0
209000110,37,95,-58
209000111,324,1620,-1296
209000112,1011,290,721
209000113,1929,431,1498
209000114,866,376,490
209000115,10,19,-9
209000116,68,93,-25
209000118,5,108,-103
209000119,0,0,0
209000121,6,30,-24
209000135,88,75,13
209000142,540,1603,-1063
209000143,0,0,0
209000144,34,115,-81
209000229,148,33,115
209000240,0,7,-7
209000259,14,4,10
209000260,7,94,-87
209000261,1,66,-65
209000262,0,46,-46
209000263,0,48,-48
209000264,1,90,-89
209000265,142,0,142
209000266,82,0,82
209000267,743,7,736
209000268,227,107,120
210000037,204,9,195
210000047,26,1,25
210000048,51,19,32
210000049,28,0,28
210000052,23,1,22
210000053,10,7,3
210000054,4,37,-33
210000070,130,9,121
210000071,126,1,125
210000072,22,0,22
210000073,0,0,0
210000074,0,0,0
210000075,0,0,0
210000076,0,11,-11
210000077,0,28,-28
210000078,0,66,-66
210000079,18,8,10
210000080,46,81,-35
210000081,20,5,15
210000082,23,0,23
210000083,22,0,22
210000084,87,0,87
210000085,0,4,-4
210000086,0,2,-2
210000099,0,12,-12
210000100,6,16,-10
210000101,2,19,-17
210000105,4,59,-55
210000159,0,0,0
210000163,0,49,-49
210000164,201,116,85
210000168,143,9,134
210000187,0,0,0
210000188,0,0,0
210000214,64,1,63
210000219,101,55,46
210000220,159,13,146
210000232,0,1,-1
210000233,0,1,-1
210000234,1,2,-1
210000235,5,4,1
210000245,0,0,0
210000246,25,17,8
210000258,1,3,-2
210000259,115,13,102
210000282,0,5,-5
210000285,0,1,-1
210000286,0,2,-2
210000290,3,15,-12
210000295,10,50,-40
210000296,23,2,21
210000320,253,10,243
210000321,74,6,68
210000338,35,16,19
210000339,2,96,-94
210000340,4,23,-19
210000341,28,29,-1
210000342,64,13,51
210000343,40,54,-14
210000344,28,32,-4
210000345,13,82,-69
210000346,12,44,-32
210000347,2,27,-25
210000348,12,29,-17
210000349,11,24,-13
210000350,45,23,22
210000351,59,28,31
210000352,24,10,14
210000353,31,25,6
210000354,39,42,-3
210000355,22,92,-70
210000356,40,80,-40
210000357,21,100,-79
210000358,171,187,-16
210000359,89,156,-67
210000360,121,189,-68
210000361,126,56,70
210000362,275,53,222
210000363,380,101,279
210000364,195,43,152
210000365,91,3,88
210000366,317,33,284
210000367,49,15,34
210000368,93,6,87
210000369,76,35,41
210000370,172,20,152
210000372,17,10,7
210000373,2,11,-9
210000374,93,20,73
210000375,17,17,0
210000376,45,86,-41
210000404,1,10,-9
210000439,36,10,26
210000472,25,1,24
210000482,143,45,98
210000564,125,124,1
210000567,0,73,-73
210000568,220,0,220
211000092,25,41,-16
211000094,44,0,44
211000169,171,0,171
211000172,9,36,-27
211000209,0,36,-36
211000226,11,9,2
211000270,90,0,90
211000275,38,16,22
211000276,111,3,108
211000279,14,27,-13
211000281,78,13,65
211000302,25,3,22
211507980,0,13,-13
211977296,26,5,21
212000003,258,44,214
212000004,0,42,-42
212000005,0,45,-45
212000006,5,158,-153
212000008,70,105,-35
212000009,25,57,-32
212000012,47,24,23
212000013,15,24,-9
212000014,112,30,82
212000015,142,53,89
212000016,155,162,-7
212000027,526,114,412
212000028,314,129,185
212000029,224,86,138
212000030,26,8,18
212000031,44,31,13
212000048,4,128,-124
212000049,1,98,-97
212000050,5,9,-4
212000051,178,45,133
212000052,118,83,35
212000053,85,107,-22
212000054,573,22,551
212000055,477,94,383
212000056,7,11,-4
212000057,7,30,-23
212000058,90,6,84
212000070,82,49,33
212000077,61,98,-37
212000099,316,66,250
212000108,305,174,131
212000111,422,36,386
212000120,37,102,-65
212000138,64,13,51
212000156,2,17,-15
212000158,0,37,-37
212000159,519,73,446
212000160,664,50,614
212000161,108,3,105
212000310,25,7,18
212000311,11,38,-27
212000374,4,16,-12
213000001,7,142,-135
213000005,420,14,406
213000006,412,59,353
213000007,22,31,-9
213000009,183,86,97
213000010,219,28,191
213000011,244,43,201
213000012,86,69,17
213000014,32,35,-3
213000015,118,12,106
213000016,167,3,164
213000017,69,0,69
213000018,0,16,-16
213000019,0,14,-14
213000020,42,18,24
213000021,0,32,-32
213000023,217,154,63
213000033,127,482,-355
213000034,260,62,198
213000035,159,272,-113
213000045,58,134,-76
213000046,25,41,-16
213000047,81,636,-555
213000056,107,3,104
213000069,45,39,6
213000073,0,9,-9
213000074,32,144,-112
213000075,507,1,506
213000076,7,0,7
213000085,1,0,1
213000086,0,9,-9
213000091,212,4,208
213000092,26,18,8
213000099,113,544,-431
213000100,630,178,452
213000101,470,31,439
213000102,419,90,329
213000103,309,189,120
213000104,7,145,-138
213000105,42,741,-699
213000106,3,83,-80
213000107,55,170,-115
213000108,27,128,-101
213000109,0,95,-95
213000110,9,54,-45
213000111,2,108,-106
213000112,20,231,-211
213000115,17,1,16
213000116,13,178,-165
213000117,1,179,-178
213000118,674,208,466
213000119,13,175,-162
213000120,19,60,-41
213000122,12,185,-173
213000123,23,277,-254
213000124,39,261,-222
213000125,145,17,128
213000126,5,42,-37
213000127,2,50,-48
213000128,39,214,-175
213000129,238,1025,-787
213000130,848,379,469
213000132,600,103,497
213000133,603,78,525
213000134,963,15,948
213000136,479,7,472
213000137,418,23,395
213000139,257,21,236
213000147,6,4,2
213000148,22,9,13
213000149,25,6,19
213000150,0,202,-202
213000151,0,160,-160
213000152,0,177,-177
213000153,0,196,-196
213000154,14,189,-175
213000155,24,112,-88
213000156,81,224,-143
213000157,962,107,855
213000158,205,165,40
213000159,381,89,292
213000163,1388,117,1271
213000165,292,139,153
213000171,84,14,70
213000172,40,43,-3
213000173,3,6,-3
213000174,0,18,-18
213000175,4,6,-2
213000176,15,39,-24
213000177,5,8,-3
213000178,24,0,24
213000179,213,5,208
213000180,285,11,274
213000184,21,130,-109
213000188,400,50,350
213000189,665,17,648
213000190,508,63,445
213000191,453,35,418
213000192,184,16,168
213000193,129,121,8
213000194,2,204,-202
213000195,47,233,-186
213000196,240,611,-371
213000197,441,366,75
213000198,4,2,2
213000200,86,160,-74
213000201,5,59,-54
213000202,18,164,-146
213000203,715,158,557
213000204,1014,11,1003
213000205,191,11,180
213000206,424,1,423
213000207,20,0,20
213000208,6,3,3
213000209,23,25,-2
213000210,77,2,75
213000211,0,43,-43
213000212,1,38,-37
213000213,2,127,-125
213000218,191,252,-61
213000219,757,33,724
213000220,704,11,693
213000223,211,102,109
213000224,9,57,-48
213000225,68,28,40
213000226,14,5,9
213000227,978,113,865
213000228,523,44,479
213000229,72,5,67
213000230,345,17,328
213000232,44,986,-942
213000233,11,84,-73
213000234,0,2,-2
213000293,2,100,-98
213000294,38,13,25
213000295,1,135,-134
213000296,95,18,77
213000297,1,10,-9
213000298,0,35,-35
213000299,29,9,20
213000300,2,18,-16
213000303,0,6,-6
213000304,0,5,-5
213000305,0,19,-19
213000306,9,37,-28
213000307,43,91,-48
213000308,8,64,-56
213000309,88,4,84
213000310,106,88,18
213000311,33,268,-235
213000315,25,37,-12
213000316,203,19,184
213000322,27,6,21
213000323,34,19,15
213000340,38,94,-56
213000341,888,52,836
213000346,85,170,-85
213000347,101,216,-115
213000348,0,22,-22
213000349,0,1,-1
213000350,84,330,-246
213000366,29,132,-103
213000367,373,10,363
213000379,4,19,-15
213000386,8,146,-138
213000406,102,133,-31
213000417,903,212,691
213000425,213,13,200
213000426,125,4,121
213000427,62,49,13
213000428,23,21,2
213000429,3,3,0
213000430,48,78,-30
213000431,20,3,17
213000432,0,179,-179
213000433,18,38,-20
213000434,162,15,147
213000435,26,18,8
213000439,30,9,21
213000441,0,2,-2
213000443,254,308,-54
213000445,0,43,-43
213000446,33,337,-304
213000447,0,65,-65
213000448,6,24,-18
213000449,789,2,787
213000450,13,17,-4
213000451,266,5,261
213000452,3,0,3
213000453,1,39,-38
213000455,18,5,13
213000456,1,43,-42
213000481,0,1,-1
213000482,9,0,9
213000489,57,8,49
213000491,2,358,-356
213000492,93,0,93
213000493,0,168,-168
213000494,145,18,127
213000495,0,4,-4
213000496,251,160,91
213000497,23,317,-294
213000498,23,204,-181
213000499,41,137,-96
213000500,304,11,293
213000501,125,3,122
213000502,51,11,40
213000503,1,46,-45
213000504,0,47,-47
213000505,72,17,55
213000506,0,1,-1
213000507,0,29,-29
213900244,25,0,25
213900245,0,0,0
218000003,26,3,23
218000004,30,7,23
218000005,3,45,-42
218000006,37,4,33
218000007,18,32,-14
218000012,29,135,-106
218000013,67,63,4
218000014,60,96,-36
218000019,143,152,-9
218000020,138,246,-108
218000040,2,1,1
218000046,65,78,-13
218000047,2,47,-45
218000048,104,46,58
218000049,40,59,-19
218000050,190,93,97
218000051,81,124,-43
218000052,0,26,-26
218000053,0,2,-2
218000054,6,15,-9
218000055,1,12,-11
218000056,2,37,-35
218000057,1,41,-40
218000064,0,6,-6
218000065,47,4,43
218000066,11,17,-6
218000067,61,47,14
218000068,75,16,59
218000069,260,11,249
218000070,212,84,128
218000071,153,125,28
218000072,55,106,-51
218000078,530,169,361
218000079,314,6,308
218000080,133,2,131
218000081,490,17,473
218000082,174,37,137
218000083,10,4,6
218000084,45,36,9
218000085,33,11,22
218000086,1,6,-5
218000087,30,6,24
218000090,24,131,-107
218000091,754,249,505
218000092,85,69,16
218000093,81,19,62
218000094,241,139,102
218000099,76,66,10
218000100,61,43,18
218000101,88,43,45
218000102,176,43,133
218000103,49,6,43
218000104,28,0,28
218000105,13,1,12
218000106,42,5,37
218000107,35,29,6
218000108,4,19,-15
218000112,15,2,13
218000117,68,35,33
218000134,168,93,75
218000135,0,32,-32
218000136,64,90,-26
218000137,120,44,76
218000138,7,12,-5
218000139,92,112,-20
218000140,388,130,258
218000141,5,28,-23
218000142,77,50,27
218000143,33,96,-63
218000144,5,119,-114
218000145,291,90,201
218000146,62,14,48
218000151,0,18,-18
218000152,16,47,-31
218000170,0,26,-26
218000171,17,3,14
218000172,1,5,-4
218000173,12,3,9
218000174,8,9,-1
218000176,197,4,193
218000177,322,10,312
218000178,109,17,92
218000179,190,3,187
218000180,53,2,51
218000181,326,3,323
218000187,6,9,-3
218000188,1,0,1
218000189,0,34,-34
218000190,0,0,0
218000191,80,41,39
218000192,33,36,-3
218000193,108,19,89
218000194,63,24,39
218000195,155,40,115
218000196,227,61,166
218000197,444,53,391
218000198,62,24,38
218000199,19,7,12
218000200,3,2,1
218000201,1,1,0
218000202,8,163,-155
218000207,21,15,6
218000208,3,35,-32
218000211,28,0,28
218000213,137,127,10
218000214,0,58,-58
218000215,121,80,41
218000217,0,33,-33
218000218,350,64,286
218000219,0,19,-19
218000220,52,205,-153
218000221,403,169,234
218000222,0,96,-96
218000223,13,222,-209
218000224,3,102,-99
218000225,64,10,54
218000226,151,20,131
218000232,38,36,2
218000239,84,12,72
218000240,1,0,1
218000241,0,0,0
218000242,0,0,0
218000243,1,0,1
218000244,40,1,39
218000245,8,0,8
218000246,0,2,-2
218000247,0,0,0
218000248,0,6,-6
218000249,0,1,-1
218000250,0,49,-49
218000251,0,15,-15
218000252,0,7,-7
218000253,0,5,-5
218000254,0,1,-1
218000255,2,3,-1
218000256,17,10,7
218000267,307,454,-147
218000268,0,4,-4
218000269,0,10,-10
218000270,22,2,20
218000271,3,0,3
218000273,17,2,15
218000274,3,1,2
218000275,46,61,-15
218000276,16,9,7
218000278,10,14,-4
218000279,50,10,40
218000280,0,14,-14
218000281,1,7,-6
218000282,289,404,-115
218000284,26,0,26
218000301,10,46,-36
218000302,9,7,2
218000303,1,53,-52
218000316,1113,354,759
218000317,1887,217,1670
218000318,1259,137,1122
218000319,610,277,333
218000320,235,85,150
218000338,26,52,-26
218000345,80,24,56
218000346,85,65,20
218000459,26,101,-75
218000490,0,17,-17
218000501,58,8,50
218000502,18,2,16
218000503,92,3,89
218000504,50,1,49
218000505,11,17,-6
218000506,8,62,-54
218000508,0,1,-1
218000510,63,1,62
218000520,82,68,14
218000521,3,12,-9
218000522,1,431,-430
218000523,73,4,69
218000524,0,104,-104
218000525,16,19,-3
218000526,0,61,-61
218000529,25,7,18
218000531,19,7,12
218000532,55,15,40
218000534,391,6,385
218000537,6,64,-58
218000538,22,89,-67
218000540,22,42,-20
218000543,109,15,94
218000544,3,7,-4
218000545,140,20,120
218000546,1,6,-5
218000547,116,81,35
218000548,74,57,17
218000549,587,64,523
218000550,39,85,-46
218000551,46,111,-65
218000552,288,50,238
218000553,36,41,-5
218000554,8,3,5
218000555,49,70,-21
218000556,70,46,24
218000557,572,223,349
218000558,3,0,3
218000559,0,15,-15
218000560,0,4,-4
218000561,2,0,2
218000562,0,40,-40
218000563,71,6,65
218000564,0,69,-69
218000565,57,31,26
218000566,13,7,6
218000567,0,61,-61
218000568,0,0,0
218000569,0,84,-84
218000570,34,1,33
218000571,0,103,-103
218000572,22,0,22
218000573,1,81,-80
218000574,10,7,3
218000575,66,0,66
218000576,0,36,-36
218000577,6,0,6
218000578,0,26,-26
218000579,0,11,-11
218000581,4,0,4
218000582,47,0,47
218000583,10,0,10
218000584,0,0,0
218000585,17,3,14
218000586,35,6,29
218000587,0,0,0
218000588,0,1,-1
218000589,1,7,-6
218000590,2,0,2
218000591,0,69,-69
218000592,0,13,-13
218000593,27,343,-316
218000594,0,34,-34
218000597,1,54,-53
218000598,0,10,-10
218000599,5,111,-106
218000600,3,34,-31
218000601,0,59,-59
218000602,0,6,-6
218000603,0,6,-6
218000604,64,23,41
218000605,1,636,-635
218000606,354,15,339
218000607,2,120,-118
218000608,10,5,5
218000609,9,12,-3
218000610,65,0,65
218000611,2,0,2
218000612,0,1,-1
218000613,36,0,36
218000614,4,6,-2
218000615,94,0,94
218000616,13,85,-72
218000617,2,0,2
218000618,2,10,-8
218000619,6,0,6
218000620,0,35,-35
218000621,0,0,0
218000622,0,50,-50
218000623,3,0,3
218000624,0,45,-45
218000625,1,1,0
218000626,0,22,-22
218000628,140,42,98
218000631,150,26,124
218000632,0,109,-109
218000633,14,0,14
218000634,0,1,-1
218000635,10,2,8
218000636,327,160,167
218000637,754,84,670
218000638,427,4,423
218000639,22,19,3
218000640,600,2,598
218000641,109,25,84
218000652,11,23,-12
218000653,135,9,126
218000663,30,8,22
218000675,2,12,-10
218000680,97,74,23
218000681,576,50,526
218000691,184,191,-7
218000693,803,40,763
218000718,5,65,-60
218000719,6,82,-76
218000720,1,105,-104
218000721,1,0,1
218001147,0,93,-93
218001214,2,1,1
218001258,552,74,478
218001329,242,93,149
218001330,21,263,-242
218001351,14,11,3
218001352,12,12,0
218001353,8,25,-17
218001354,20,21,-1
218001355,3,59,-56
218001356,597,74,523
218001357,0,88,-88
218001358,450,50,400
218001361,1146,48,1098
218001362,0,32,-32
219000001,0,0,0
219000002,0,0,0
219000003,51,16,35
219000004,18,54,-36
219000017,48,41,7
219000020,132,10,122
219000022,176,0,176
219000023,16,0,16
219000029,0,0,0
219000034,79,41,38
219000039,1,0,1
219000040,6,20,-14
219000041,110,18,92
219000051,0,0,0
219000052,0,0,0
219000053,0,0,0
219000055,335,0,335
219000056,1,0,1
219000057,39,0,39
219000062,9,15,-6
219000063,145,2,143
219000064,0,31,-31
219000110,183,206,-23
219000111,34,40,-6
219000112,153,26,127
219000113,169,7,162
219000114,75,15,60
219000116,61,67,-6
219000117,68,20,48
219000118,27,19,8
219000123,73,4,69
219000124,4,0,4
219000125,0,0,0
219000126,0,0,0
219000127,0,0,0
219000128,0,1,-1
219000129,0,2,-2
219000130,45,42,3
219000131,382,566,-184
219000133,7,107,-100
219000134,4,24,-20
219000135,4,38,-34
219000136,36,114,-78
219000138,44,0,44
219000139,22,0,22
219000140,93,0,93
219000141,51,0,51
219000142,1,0,1
219000143,0,0,0
219000145,4,4,0
219000146,0,0,0
219000147,0,0,0
219000148,0,0,0
219000149,0,0,0
219000150,0,0,0
219000151,0,0,0
219000157,184,55,129
219000158,158,30,128
219000161,188,1,187
219000163,552,168,384
219000166,125,36,89
219000167,26,34,-8
219000168,187,24,163
219000174,441,109,332
219000175,79,2,77
219000176,153,13,140
219000177,75,1,74
219000178,64,0,64
219000179,69,9,60
219000180,12,0,12
219000182,62,1,61
219000183,47,10,37
219000184,75,2,73
219000185,0,0,0
219000186,36,3,33
219000187,10,14,-4
219000189,1,4,-3
219000190,0,5,-5
219000191,28,88,-60
219000192,298,108,190
219000193,1,0,1
219000195,0,0,0
219000196,0,0,0
219000198,0,0,0
219000199,0,0,0
219000200,1,0,1
219000201,0,2,-2
219000203,0,2,-2
219000204,6,14,-8
219000205,4,10,-6
219000207,1,23,-22
219000209,1,1,0
219000210,0,5,-5
219000213,1,17,-16
219000239,45,54,-9
219000240,25,126,-101
219000241,76,29,47
219000242,8,89,-81
219000243,74,83,-9
219000244,2,108,-106
219000245,0,58,-58
219000246,71,36,35
219000247,274,31,243
219000248,331,361,-30
219000249,134,131,3
219000250,155,31,124
219000251,254,82,172
219000252,232,73,159
219000253,165,3,162
219000255,144,115,29
219000256,265,16,249
219000257,73,0,73
219000262,6,35,-29
219000263,3,16,-13
219000267,0,0,0
219000268,0,0,0
219000269,1,0,1
219000270,14,0,14
219000271,149,3,146
219000278,0,0,0
219000279,0,0,0
219000283,0,0,0
219000295,1,37,-36
219000296,2,56,-54
219000297,0,0,0
219000298,0,0,0
219000299,244,41,203
219000300,5,2,3
219000301,1,9,-8
219000302,1,8,-7
219000307,0,0,0
219000308,56,14,42
219000311,111,24,87
219000312,235,50,185
219000313,297,38,259
219000314,5,2,3
219000315,183,6,177
219000316,325,14,311
219000317,100,14,86
219000320,0,0,0
219000321,0,0,0
219000323,0,0,0
219000325,0,0,0
219000326,4,8,-4
219000327,0,0,0
219000328,0,0,0
219000329,170,78,92
219000330,0,5,-5
219000331,16,1,15
219000332,126,7,119
219000333,16,0,16
219000335,115,0,115
219000337,2,0,2
219000338,29,0,29
219000344,0,0,0
219000345,0,0,0
219000346,0,0,0
219000348,7,2,5
219000349,5,5,0
219000350,0,2,-2
219000351,0,0,0
219000352,21,33,-12
219000353,190,43,147
219000354,435,29,406
219000355,132,47,85
219000356,179,566,-387
219000363,58,50,8
219000364,134,28,106
219000365,82,2,80
219000366,152,495,-343
219000368,144,237,-93
219000370,442,357,85
219000371,0,0,0
219000382,0,1,-1
219000383,28,146,-118
219000385,29,118,-89
219000386,47,324,-277
219000387,0,0,0
219000390,0,0,0
219000391,0,0,0
219000397,0,0,0
219000398,30,60,-30
219000401,9,13,-4
219000402,0,6,-6
219000403,37,27,10
219000404,1,26,-25
219000407,8,6,2
219000409,13,16,-3
219000410,103,2,101
219000411,68,3,65
219000446,1,53,-52
219000447,0,0,0
219000448,0,0,0
219000452,51,70,-19
219000453,2,56,-54
219000454,212,221,-9
219000556,483,17,466
219000558,16,52,-36
219000590,6,74,-68
219000591,264,20,244
219000592,1,18,-17
219000595,0,0,0
219000635,67,42,25
219000636,0,0,0
219000657,3,2,1
219000658,0,4,-4
219000673,0,0,0
219000676,17,0,17
219000679,19,11,8
219000684,47,0,47
219000685,0,0,0
219000686,0,5,-5
219000688,0,0,0
219000689,2,57,-55
219000690,62,1,61
219000691,8,32,-24
219000692,33,0,33
219000693,0,0,0
219000694,17,0,17
219000695,90,5,85
219000698,5,0,5
219000699,0,0,0
219000727,0,0,0
219000728,72,0,72
219000770,0,1,-1
219000771,0,0,0
219000788,82,93,-11
219001150,0,59,-59
219001151,0,0,0
219001166,22,58,-36
219001167,0,12,-12
219001178,73,0,73
220000001,18,67,-49
220000002,1,25,-24
220000003,23,13,10
220000004,40,77,-37
220000005,146,146,0
220000006,45,83,-38
220000007,145,54,91
220000008,88,128,-40
220000009,28,81,-53
220000010,9,31,-22
220000011,209,1766,-1557
220000012,5,235,-230
220000014,80,10,70
220000015,52,256,-204
220000017,29,160,-131
220000018,3869,472,3397
220000019,49,298,-249
220000020,248,102,146
220000021,597,94,503
220000022,770,103,667
220000023,197,67,130
220000024,532,364,168
220000025,248,1079,-831
220000026,170,380,-210
220000027,7,124,-117
220000028,37,285,-248
220000029,10,20,-10
220000030,14,24,-10
220000031,417,284,133
220000064,14,438,-424
221000046,6,1,5
221000047,0,0,0
221000048,0,0,0
221000049,0,2,-2
221000050,1,0,1
221000055,20,66,-46
221000068,216,53,163
221000069,144,13,131
221000070,118,2,116
221000071,57,2,55
221000072,134,3,131
221000073,168,2,166
221000074,1,1,0
221000075,0,32,-32
221000076,1,7,-6
221000077,3,12,-9
221000081,67,6,61
221000082,41,0,41
221000083,4,1,3
221000084,15,0,15
221000085,1,133,-132
221000086,0,154,-154
221000087,0,101,-101
221000088,0,44,-44
221000089,8,56,-48
221000090,11,100,-89
221000098,84,9,75
221000099,204,6,198
221000100,156,1,155
221000101,170,7,163
221000107,40,1,39
221000108,22,0,22
221000109,2,17,-15
221000110,0,9,-9
221000111,1,45,-44
221000112,0,13,-13
221000113,1,34,-33
221000114,0,51,-51
221000120,5,27,-22
221000121,0,8,-8
221000122,5,51,-46
221000123,8,71,-63
221000124,9,204,-195
221000155,47,15,32
221000156,117,8,109
221000175,8,13,-5
221000176,0,29,-29
221000182,45,0,45
221000241,286,234,52
221000242,20,91,-71
221000243,316,111,205
221000244,32,280,-248
221000245,106,16,90
221000246,2,199,-197
221000247,172,38,134
221000248,72,122,-50
221000267,22,137,-115
221000325,30,70,-40
221000331,0,23,-23
221000338,4,66,-62
221000378,323,6,317
221000381,8,142,-134
222000282,0,0,0
222000296,0,18,-18
222000568,290,5,285
222000569,74,6,68
222000570,111,11,100
222000571,250,2,248
222000577,4,33,-29
222000578,0,75,-75
222000579,0,32,-32
222000580,8,572,-564
222000599,0,30,-30
222000600,0,29,-29
222000601,0,103,-103
222000603,12,16,-4
222000604,0,28,-28
222000605,0,39,-39
222000606,0,5,-5
222000607,0,19,-19
222000608,0,0,0
222000609,6,20,-14
222000616,575,6,569
222000617,0,7,-7
222000618,0,0,0
222000620,11,23,-12
222000621,7,1,6
222000623,317,1,316
222000624,255,1,254
222000625,817,53,764
222000636,9,2,7
222000686,5,26,-21
222000687,4,2,2
222001066,274,0,274
222001067,61,1,60
222001068,220,13,207
222001069,178,22,156
222001082,31,6,25
222001083,20,3,17
222001084,0,20,-20
222001085,0,100,-100
222001111,69,5,64
222001112,222,32,190
222001313,0,2,-2
222001314,1,32,-31
222001464,449,7,442
222001465,10,33,-23
222001484,189,25,164
222001485,12,12,0
222001494,614,83,531
222001495,33,44,-11
222001496,358,30,328
222001497,15,141,-126
222001502,0,17,-17
222001503,141,6,135
222001504,12,5,7
222001505,393,17,376
222001506,0,15,-15
222001507,115,14,101
222001510,636,7,629
222001511,3,49,-46
222001514,577,12,565
222001515,1,86,-85
222001518,416,12,404
222001519,1,48,-47
222001527,63,16,47
222001528,0,12,-12
222001529,303,45,258
222001530,3,33,-30
222001533,4,12,-8
222001534,476,9,467
222001535,448,89,359
222001536,19,118,-99
222001537,383,2,381
222001538,6,85,-79
222001563,942,11,931
222001564,4,71,-67
222001568,81,26,55
222001576,0,8,-8
222001579,0,7,-7
222001583,0,29,-29
222001584,168,1,167
222001596,83,158,-75
222001597,862,98,764
222001626,0,18,-18
222001650,1,15,-14
222001651,15,143,-128
222001914,232,21,211
222001915,0,9,-9
222001968,370,69,301
222001969,72,255,-183
222001970,50,159,-109
222001971,69,0,69
222001972,3,4,-1
225000001,456,62,394
225000002,458,47,411
225000003,734,60,674
225000004,401,87,314
225000005,22,15,7
225000006,0,0,0
225000007,96,331,-235
225000010,183,19,164
225000011,104,811,-707
225000012,117,529,-412
225000013,63,31,32
225000014,428,30,398
225000015,36,31,5
225000021,350,86,264
225000027,65,66,-1
225000032,372,38,334
225000042,37,43,-6
225000049,8,7,1
225000050,36,3,33
225000053,0,0,0
225000058,431,74,357
225000067,15,15,0
225000068,13,17,-4
225000069,28,44,-16
225000070,3,54,-51
225000071,1,45,-44
225000075,13,552,-539
225000076,0,0,0
225000078,19,18,1
225000085,85,22,63
225000086,274,22,252
225000087,97,2,95
225000088,3,13,-10
225000089,0,0,0
225000090,0,0,0
225000091,0,0,0
225000092,14,28,-14
225000093,28,17,11
225000094,0,16,-16
225000095,51,18,33
225000096,7,27,-20
225000098,497,68,429
225000099,330,19,311
225000100,579,95,484
225000104,72,105,-33
225000110,1,31,-30
225000111,92,75,17
225000112,167,246,-79
225000113,58,336,-278
225000114,2,162,-160
225000115,449,245,204
225000116,133,33,100
225000117,371,264,107
225000118,565,188,377
225000119,245,24,221
225000120,382,13,369
225000121,113,20,93
225000123,546,13,533
225000125,502,179,323
225000126,414,134,280
225000127,331,1509,-1178
225000128,415,1048,-633
225000132,346,6,340
225000133,175,12,163
225000134,474,100,374
225000135,112,8,104
225000136,330,4,326
225000137,265,15,250
225000138,307,77,230
225000143,0,0,0
225000144,0,1,-1
225000145,33,34,-1
225000146,0,0,0
225000147,0,0,0
225000148,0,0,0
225000149,0,0,0
225000151,0,0,0
225000155,10,23,-13
225000156,28,430,-402
225000157,131,110,21
225000158,12,20,-8
225000171,0,35,-35
225000180,36,22,14
225000181,0,1,-1
225000182,14,12,2
225000185,0,106,-106
225000187,38,51,-13
225000191,8,0,8
225000194,0,8,-8
225000208,0,2,-2
225000209,63,3,60
225000210,0,0,0
225000217,0,0,0
225000218,5,0,5
225000223,1,186,-185
225000224,11,0,11
225000225,0,125,-125
225000226,97,2,95
225000227,2,87,-85
225000228,1,8,-7
225000229,0,7,-7
225000230,15,0,15
225000231,0,6,-6
225000232,118,0,118
225000241,48,0,48
225000242,0,20,-20
225000249,25,24,1
225000250,0,0,0
225000251,454,46,408
226000042,6,3,3
226000043,0,11,-11
226000044,4,30,-26
226000045,2,27,-25
226000046,874,53,821
226000047,522,97,425
226000048,339,80,259
226000049,409,161,248
226000070,0,0,0
226000071,0,0,0
226000072,0,0,0
226000073,0,0,0
226000074,0,0,0
226000084,0,0,0
226000085,0,1,-1
226000086,0,0,0
226000087,0,1,-1
226000088,0,2,-2
226000090,210,44,166
226000091,0,10,-10
226000092,0,29,-29
226000093,1,33,-32
226000094,1,7,-6
226000095,86,28,58
226000105,0,0,0
226000106,0,0,0
226000107,11,0,11
226000108,0,0,0
226000109,88,0,88
226000124,216,83,133
226000134,940,245,695
226000135,1684,255,1429
226000136,463,105,358
226000137,0,0,0
226000138,0,0,0
226000139,0,0,0
226000156,262,1,261
226000157,258,1,257
226000163,0,0,0
226000202,0,0,0
226000231,713,0,713
226000232,85,0,85
227000033,41,0,41
227000037,508,10,498
227000038,167,9,158
227000049,0,0,0
227000050,0,0,0
227000055,18,0,18
227000056,0,0,0
227000084,0,0,0
227000085,0,0,0
227000088,29,0,29
227000089,42,0,42
227000090,30,0,30
227000091,32,5,27
227000093,89,0,89
227000094,10,0,10
227000130,0,0,0
227000131,0,0,0
227000132,0,0,0
227000133,0,0,0
227000134,1,2,-1
227000152,0,0,0
227000153,0,0,0
227000155,0,0,0
227000156,0,0,0
227000165,20,1,19
227000196,2,5,-3
227000199,494,1,493
227000230,0,10,-10
227000232,490,27,463
227000241,689,10,679
227000242,0,3,-3
227000243,329,15,314
227000244,312,8,304
227000245,0,0,0
227000246,0,2,-2
227000247,482,12,470
227000248,101,69,32
227000249,2,3,-1
227000250,38,28,10
227000251,15,61,-46
227000252,2,8,-6
227000253,276,71,205
227000262,522,7,515
227000266,1467,12,1455
227000267,1,45,-44
227000486,247,168,79
227000655,536,12,524
227000661,50,3,47
227000680,56,150,-94
229000265,56,9,47
229000296,0,7,-7
229000297,2,19,-17
229000298,2,149,-147
229000320,19,0,19
229000321,1,0,1
229000412,5,21,-16
229000414,9,25,-16
229000415,0,1,-1
229000416,0,3,-3
229000417,0,0,0
229000419,125,109,16
229000440,118,17,101
229000442,6,0,6
229000443,14,0,14
229000444,0,46,-46
229000445,32,2,30
229000446,26,3,23
229000847,105,0,105
229000848,100,0,100
229000849,168,0,168
229000851,98,0,98
229000854,0,0,0
229000856,0,0,0
229000857,0,0,0
229000858,0,0,0
229000919,0,0,0
229000930,0,0,0
229000937,74,16,58
229000966,32,18,14
229000981,0,0,0
229000985,5,1,4
229000986,0,0,0
229000987,1,0,1
229000988,0,2,-2
229000989,0,8,-8
229000990,0,1,-1
229000991,0,0,0
229000992,20,0,20
229000993,123,5,118
229000998,24,28,-4
229000999,30,2,28
229001034,0,7,-7
229001035,11,0,11
229001037,9,2,7
229001042,4,0,4
229001047,0,11,-11
229001050,66,31,35
229001200,37,0,37
229001338,0,4,-4
229001394,219,13,206
229001422,186,16,170
229001423,0,0,0
229001431,10,23,-13
229001432,0,0,0
229001444,168,6,162
229001445,117,19,98
229001503,190,28,162
229001504,0,0,0
229001505,56,4,52
229001506,0,0,0
229001509,67,0,67
229001545,53,6,47
229001546,0,0,0
229001553,54,7,47
229001554,0,0,0
229001559,1,1,0
229001560,1,26,-25
229001630,84,0,84
229001631,3,10,-7
229001635,0,9,-9
229001636,0,0,0
229001658,0,0,0
229001659,40,3,37
229001660,0,0,0
229001661,0,2,-2
229001662,38,0,38
229001663,0,0,0
229002584,66,102,-36
229002831,50,54,-4
229002841,0,12,-12
229002842,9,4,5
229002843,20,8,12
229002844,5,44,-39
229002845,0,58,-58
229002846,0,15,-15
229002847,0,0,0
229002848,3,21,-18
229002849,2,74,-72
229002850,1,0,1
229002851,3,72,-69
229002852,33,6,27
229002853,20,1,19
229002854,21,10,11
229002855,0,6,-6
229002856,38,3,35
229002857,28,13,15
229002858,51,0,51
229002859,8,3,5
229002860,26,4,22
229002861,29,26,3
229002862,5,23,-18
229002863,1,3,-2
229002864,26,5,21
229002865,0,0,0
229002866,12,4,8
229002867,0,7,-7
229002868,3,1,2
229002869,0,50,-50
229002870,51,2,49
235000066,158,22,136
235000067,45,40,5
235000072,0,0,0
235000073,0,0,0
235000074,0,0,0
235000080,0,0,0
235000081,0,0,0
235000082,351,20,331
235000083,174,39,135
235000084,96,98,-2
235000085,166,46,120
235000089,14,22,-8
235000092,0,0,0
235000093,0,0,0
235000097,0,0,0
235000098,47,3,44
235000099,11,18,-7
235000116,9,9,0
235000117,424,6,418
235000133,0,0,0
235000134,0,0,0
235000206,0,3,-3
235000207,0,2,-2
235000208,0,2,-2
235000209,2,0,2
235000210,9,0,9
235000212,0,0,0
235000213,0,0,0
235000220,0,0,0
235000221,0,0,0
235000238,4,225,-221
235000239,0,16,-16
235000242,178,749,-571
235000245,0,0,0
235000246,0,0,0
235000284,7,85,-78
235000295,46,1,45
235000305,208,14,194
235000306,347,7,340
235000307,16,1,15
235000308,1,0,1
235000309,61,0,61
235000310,18,0,18
235000311,25,5,20
235000322,0,11,-11
235000323,1,20,-19
235000324,0,1,-1
235000325,0,7,-7
235000326,0,51,-51
235000351,0,58,-58
235000352,3,22,-19
235000353,18,16,2
235000354,0,8,-8
235000355,11,14,-3
235000356,36,0,36
235000357,17,1,16
235000358,0,2,-2
235000359,3,8,-5
235000360,17,0,17
235000361,83,3,80
235000381,0,0,0
235000382,80,18,62
235000390,0,0,0
235000391,131,3,128
235000392,167,52,115
235000393,122,104,18
235000395,74,17,57
235000396,363,21,342
235000400,28,50,-22
235000401,0,0,0
235000405,0,0,0
235000406,0,0,0
235000407,0,0,0
235000409,0,0,0
235000410,0,0,0
235000411,0,0,0
235000485,0,0,0
235000486,1,0,1
235000549,97,58,39
235000550,0,0,0
235000599,0,0,0
235000600,0,0,0
235000601,45,10,35
235000602,17,56,-39
235000614,0,0,0
235000648,0,0,0
235000649,5,0,5
235000685,0,0,0
235000815,2,1,1
235000834,0,9,-9
235000855,7,26,-19
235000862,0,0,0
235000891,0,0,0
235000892,18,5,13
235000901,0,0,0
235000907,0,0,0
235001010,34,98,-64
235001029,0,0,0
235001030,115,9,106
235001078,170,18,152
235001079,0,0,0
235001147,16,54,-38
235001166,2,37,-35
235001167,0,0,0
235001169,3,67,-64
235001188,0,0,0
235001189,0,1,-1
235001197,0,0,0
235001200,0,0,0
235001207,476,53,423
235001210,0,0,0
235001215,0,0,0
235001239,0,0,0
235001244,0,1,-1
235016267,0,17,-17
277102712,0,0,0
277103813,6,7,-1
277104249,0,3,-3
277104250,0,9,-9
277104251,0,7,-7
277104252,0,0,0
990011530,0,59,-59
990014944,0,45,-45
990015176,21,12,9
990016032,0,46,-46
990032570,4,11,-7
990070001,43,0,43
990070103,0,0,0
990070601,0,19,-19
990070751,1284,1,1283
990070766,0,41,-41
990071180,312,16,296
990071343,108,64,44
990071387,1,0,1
990071823,7,0,7
990072600,0,321,-321
990072964,0,46,-46
990073285,0,1,-1
990074393,0,147,-147
990074870,983,11,972
990075106,144,2,142
990075746,589,21,568
990076437,2873,8,2865
990076458,0,248,-248
997000007,86,3,83
997000041,0,110,-110
997000058,38,0,38
997000062,22,5,17
997000069,0,6,-6
997000070,0,11,-11
997000100,31,0,31
997000141,0,0,0
997000198,0,0,0
998000475,0,1,-1
998000736,0,27,-27
998000965,0,39,-39
998001031,0,13,-13
998001700,0,21,-21
998001899,0,0,0
998001900,2,3,-1
998003073,1100,30,1070
998101900,0,0,0
998102850,0,41,-41
998501927,170,104,66
998501929,87,3,84
998501930,36,0,36
998501931,110,8,102
998501932,9,1,8
998501933,31,1,30
998501937,143,77,66
998501944,5,0,5
998501950,0,0,0
998501970,57,3,54
998501971,0,27,-27
998501973,0,1,-1
998501974,1,105,-104
998501975,82,1,81
998501976,51,0,51
998501977,0,15,-15
998501978,4,0,4
998501979,0,1,-1
998501980,34,0,34
998501981,69,0,69
998501982,0,34,-34
998501983,0,0,0
998502006,0,0,0
998502024,0,1,-1
998502032,0,1,-1
998502062,2,0,2
998502063,0,0,0
998502173,25,0,25
998502269,0,0,0
998502546,0,101,-101
998502578,0,0,0
998502599,10,245,-235
998502621,0,0,0
998601159,0,2,-2
998601292,1,9,-8
999033574,1,448,-447
999800001,32,9,23
999800002,0,0,0
999800003,1,1,0
999800004,0,1,-1
999800005,0,0,0
