ID,insum,outsum,diff
100000001,567,802,-235
100000002,2175,1878,297
100000003,3975,3606,369
100000004,789,864,-75
100000005,1856,3665,-1809
100000006,536,145,391
100000007,1588,586,1002
100000008,176,412,-236
100000009,373,218,155
100000010,57,75,-18
100000011,567,80,487
100000012,77,539,-462
100000013,89,180,-91
100000014,242,312,-70
100000015,1195,1722,-527
100000016,563,1141,-578
100000017,375,707,-332
100000018,815,506,309
100000019,2295,1575,720
100000020,1292,4018,-2726
100000021,3017,1856,1161
100000022,647,1511,-864
100000023,2965,1365,1600
100000025,631,1019,-388
100000028,856,840,16
100000029,151,341,-190
100000030,98,49,49
100000031,2209,4737,-2528
100000032,1195,2760,-1565
100000033,801,1863,-1062
100000034,200,584,-384
100000035,1127,1167,-40
100000036,974,1089,-115
100000037,580,295,285
100000038,1827,740,1087
100000039,375,187,188
100000040,194,140,54
100000041,1065,445,620
100000042,772,396,376
100000043,691,454,237
100000044,294,607,-313
100000045,349,691,-342
100000046,486,564,-78
100000047,184,329,-145
100000048,199,257,-58
100000049,1065,1121,-56
100000051,412,699,-287
100000053,103,4,99
100000054,271,18,253
100000055,696,224,472
100000056,421,377,44
100000057,1527,530,997
100000058,588,703,-115
100000059,63,72,-9
100000060,361,266,95
100000061,1927,375,1552
100000062,1798,464,1334
100000063,766,235,531
100000064,1213,312,901
100000065,234,678,-444
100000066,158,556,-398
100000067,301,530,-229
100000068,430,1067,-637
100000069,282,803,-521
100000072,218,421,-203
100000073,662,685,-23
100000075,691,247,444
100000076,1371,2253,-882
100000077,106,197,-91
100000078,29,33,-4
100000079,18,60,-42
100000080,36,46,-10
100000081,91,169,-78
100000102,2258,2433,-175
100000103,1775,1152,623
100000104,2405,2339,66
100000105,1558,1344,214
100000106,1539,2070,-531
100000107,322,939,-617
100000108,414,719,-305
100000109,981,838,143
100000116,829,735,94
100000117,62,116,-54
100000118,830,824,6
100000119,734,797,-63
100000121,257,353,-96
100000122,654,742,-88
100000123,1829,2779,-950
100000124,2941,4459,-1518
100000125,2858,1454,1404
100000126,463,398,65
100000127,1153,475,678
100000128,989,1660,-671
100000129,403,625,-222
100000130,447,386,61
100000131,1350,1901,-551
100000132,831,2155,-1324
100000133,2514,1764,750
100000135,572,1010,-438
100000139,329,291,38
100000140,206,222,-16
100000142,403,452,-49
100000143,1022,490,532
100000144,2813,795,2018
100000147,975,2680,-1705
100000150,66,342,-276
100000151,668,1089,-421
100000153,155,425,-270
100000154,44,212,-168
100000155,13,43,-30
100000156,344,365,-21
100000157,218,116,102
100000158,260,110,150
100000159,356,633,-277
100000165,965,644,321
100000169,160,772,-612
100000174,313,666,-353
100000179,95,394,-299
100000180,823,1170,-347
100000181,389,170,219
100000188,50,126,-76
100000189,714,271,443
100000190,540,926,-386
100000191,677,533,144
100000192,45,103,-58
100000193,273,167,106
100000330,823,782,41
100000355,143,570,-427
100000362,2828,1865,963
100000363,3546,3553,-7
100000364,133,226,-93
100000365,4578,6095,-1517
100000366,3553,2049,1504
100000367,4192,4977,-785
100000368,1879,928,951
100000369,666,1626,-960
100000370,247,957,-710
100000376,93,119,-26
100000379,1324,1213,111
100000380,3152,3680,-528
100000384,3675,4415,-740
100000385,2013,3314,-1301
100000386,4247,4232,15
100000387,3259,4612,-1353
100000388,3991,5155,-1164
100000389,4908,5545,-637
100000390,6171,5500,671
100000391,4289,6967,-2678
100000392,2235,3316,-1081
100000393,1900,4204,-2304
100000394,4864,6325,-1461
100000395,3492,3972,-480
100000396,4816,3056,1760
100000397,3492,5751,-2259
100000398,8308,5644,2664
100000413,14,17,-3
100900002,10,22,-12
100900003,360,168,192
100900004,16,714,-698
100900005,77,31,46
100900006,15,82,-67
100900007,189,10,179
100900008,3,308,-305
100900009,73,115,-42
100900010,48,42,6
100900011,151,187,-36
100900012,1,153,-152
100900013,753,7,746
100900014,9,13,-4
100900015,81,96,-15
100900016,2,28,-26
100900017,793,86,707
100900018,0,18,-18
100900019,14,48,-34
100900020,314,5,309
100900021,486,1,485
100900022,7,22,-15
100900023,0,16,-16
100900024,409,2,407
100900025,16,11,5
100900026,136,77,59
100900027,434,2354,-1920
100900028,120,219,-99
100900029,30,5,25
100900030,5,71,-66
100900031,601,52,549
100900032,264,1,263
100900033,160,215,-55
100900034,707,1,706
100900035,263,0,263
100900036,14,2,12
100900037,129,155,-26
100900038,84,40,44
100900039,185,355,-170
100900040,477,422,55
100900041,687,435,252
100900042,979,1156,-177
100900043,0,15,-15
100900044,1313,520,793
100900045,8,1,7
100900046,1154,16,1138
100900047,579,133,446
100900048,132,38,94
100900049,69,124,-55
100900050,1,8,-7
100900051,12,61,-49
100900052,241,35,206
100900053,476,29,447
100900054,22,38,-16
100900055,176,650,-474
100900056,37,85,-48
100900057,1075,976,99
100900058,323,58,265
100900059,86,5,81
100900060,167,8,159
100900061,326,167,159
100900062,10,24,-14
100900063,194,723,-529
100900064,597,34,563
100900065,60,109,-49
100900066,140,163,-23
100900067,2,4,-2
100900068,147,81,66
100900069,228,6,222
100900070,366,5,361
100900071,562,193,369
100900072,1,48,-47
100900073,124,247,-123
100900074,4,2,2
100900075,1627,255,1372
100900076,16,20,-4
100900077,29,51,-22
100900078,72,265,-193
100900079,2,13,-11
100900080,28,89,-61
100900081,29,119,-90
100900082,161,393,-232
100900083,9,16,-7
100900085,22,251,-229
100900086,134,516,-382
100900088,152,364,-212
100900089,2,9,-7
100900090,100,458,-358
100900091,2,14,-12
100900092,168,147,21
100900093,258,199,59
100900094,144,274,-130
100900095,5,16,-11
100900096,60,81,-21
100900097,1,4,-3
100900098,22,15,7
100900099,28,378,-350
100900100,16,449,-433
100900101,189,43,146
100900102,28,68,-40
100900103,6,3,3
100900104,7,193,-186
100900105,29,365,-336
100900106,36,11,25
100900107,1412,696,716
100900108,4,19,-15
100900109,20,25,-5
100900110,7,28,-21
100900111,40,138,-98
100900112,21,17,4
100900113,18,16,2
100900114,9,5,4
100900115,3,19,-16
100900116,670,591,79
100900117,247,841,-594
100900118,16,42,-26
100900119,17,8,9
100900120,6,10,-4
100900121,257,347,-90
100900122,137,132,5
100900123,125,105,20
100900124,11,16,-5
100900125,17,87,-70
100900126,204,106,98
100900127,6,16,-10
100900128,84,157,-73
100900129,1,122,-121
100900131,127,215,-88
100900133,46,29,17
100900134,3,9,-6
100900135,0,88,-88
100900137,294,154,140
100900138,335,440,-105
100900139,3,2,1
100900140,11,323,-312
100900141,4,444,-440
100900142,1,6,-5
100900143,572,433,139
100900144,27,1,26
100900145,38,126,-88
100900146,9,34,-25
100900147,6,544,-538
100900148,48,448,-400
100900149,46,289,-243
100900150,0,30,-30
100900151,133,415,-282
100900152,118,4,114
100900153,0,161,-161
100900154,13,53,-40
100900155,6,11,-5
100900156,27,2,25
100900157,2,180,-178
100900159,2,26,-24
100900160,22,9,13
100900161,53,2,51
100900162,38,194,-156
100900163,131,151,-20
100900164,67,27,40
100900165,11,17,-6
100900166,11,2,9
100900167,19,49,-30
100900168,59,127,-68
100900169,117,826,-709
100900170,12,4,8
100900171,13,425,-412
100900172,1,35,-34
100900173,4,214,-210
100900174,176,33,143
100900176,1274,154,1120
100900177,532,196,336
100900178,193,96,97
100900179,201,225,-24
100900180,2,4,-2
100900181,59,66,-7
100900182,41,18,23
100900184,12,117,-105
100900186,500,357,143
100900187,13,75,-62
100900188,40,16,24
100900189,1148,209,939
100900191,635,862,-227
100900192,225,389,-164
100900195,113,111,2
100900197,16,53,-37
100900198,27,128,-101
100900199,11,24,-13
100900200,612,345,267
100900201,80,550,-470
100900202,31,2,29
100900203,0,68,-68
100900204,423,488,-65
100900205,198,473,-275
100900206,197,90,107
100900207,276,127,149
100900210,80,420,-340
100900211,410,172,238
100900213,82,47,35
100900214,526,124,402
100900215,22,30,-8
100900217,114,106,8
101000001,2122,1808,314
101000002,4579,4253,326
101000003,443,867,-424
101000004,7584,8152,-568
101000006,5234,5435,-201
101000007,2043,2842,-799
101000008,1756,1847,-91
101000009,1873,882,991
101000010,752,756,-4
101000011,1104,418,686
101000012,844,641,203
101000013,619,949,-330
101000014,358,379,-21
101000015,1033,740,293
101000016,248,414,-166
101000017,382,385,-3
101000018,1640,1848,-208
101000020,1594,697,897
101000021,499,349,150
101000022,104,60,44
101000023,848,554,294
101000025,270,396,-126
101000026,235,20,215
101000027,1470,2061,-591
101000028,904,178,726
101000029,173,1058,-885
101000030,1043,85,958
101000031,430,581,-151
101000032,3821,3079,742
101000033,1542,2878,-1336
101000034,1239,1379,-140
101000035,544,354,190
101000036,1066,859,207
101000037,1477,1458,19
101000039,1364,2251,-887
101000040,1945,3568,-1623
101000041,4752,5994,-1242
101000042,292,865,-573
101000043,3851,5587,-1736
101000045,806,796,10
101000046,1766,1297,469
101000047,1184,2579,-1395
101000048,453,442,11
101000049,493,1403,-910
101000050,992,1448,-456
101000051,1155,2018,-863
101000052,1080,838,242
101000053,634,1026,-392
101000054,1368,765,603
101000055,930,1053,-123
101000056,36,103,-67
101000057,1111,1102,9
101000058,762,1090,-328
101000059,1440,1967,-527
101000060,1244,606,638
101000061,523,1170,-647
101000062,469,599,-130
101000063,499,943,-444
101000064,937,859,78
101000065,258,424,-166
101000066,722,854,-132
101000067,838,824,14
101000068,192,383,-191
101000069,191,54,137
101000070,779,811,-32
101000071,1707,781,926
101000072,556,2178,-1622
101000073,667,933,-266
101000074,3158,3182,-24
101000075,2611,3573,-962
101000077,1080,1093,-13
101000078,669,1262,-593
101000079,1186,371,815
101000080,1055,448,607
101000081,1269,1527,-258
101000082,2634,2436,198
101000083,2190,1955,235
101000084,1022,753,269
101000085,1219,1030,189
101000086,832,975,-143
101000087,729,731,-2
101000088,993,1017,-24
101000089,915,1324,-409
101000090,1645,900,745
101000091,378,545,-167
101000092,928,756,172
101000093,1184,605,579
101000094,752,741,11
101000095,522,423,99
101000096,380,353,27
101000097,327,330,-3
101000098,351,424,-73
101000099,629,755,-126
101000100,749,681,68
101000101,206,255,-49
101000102,447,380,67
101000103,534,342,192
101000104,268,511,-243
101000105,268,329,-61
101000106,406,807,-401
101000107,252,317,-65
101000108,634,176,458
101000109,426,64,362
101000110,46,308,-262
101000111,61,118,-57
101000113,144,495,-351
101000114,4417,5180,-763
101000115,80,73,7
101000116,68,56,12
101000117,784,185,599
101000119,51,40,11
101000120,128,53,75
101000121,53,67,-14
101000122,107,107,0
101000123,36,108,-72
101000124,1137,229,908
101000125,236,369,-133
101000128,224,400,-176
101000130,189,230,-41
101000131,836,466,370
101000132,617,496,121
101000135,30,37,-7
101000136,324,197,127
101000137,27,270,-243
101000141,760,2691,-1931
101000147,858,416,442
101000148,690,9,681
101000149,155,191,-36
101000150,93,498,-405
101000151,258,42,216
101000152,236,232,4
101000153,416,219,197
101000154,285,751,-466
101000155,305,120,185
101000156,10,267,-257
101000157,51,30,21
101000160,25,34,-9
101000163,170,307,-137
101000164,312,277,35
101000165,169,316,-147
101000166,189,195,-6
101000168,830,457,373
101000252,1887,818,1069
101000254,164,78,86
101000258,46,13,33
101000261,146,40,106
101000262,1061,2233,-1172
101000263,230,781,-551
101000265,83,547,-464
101000266,296,258,38
101000269,23,18,5
101000290,710,1739,-1029
101000293,36,33,3
101000294,497,370,127
101000295,162,310,-148
101000301,420,428,-8
101000304,1546,1927,-381
101000305,2274,893,1381
101000328,87,354,-267
101900001,41,50,-9
101900002,0,8,-8
101900003,42,102,-60
101900004,7,57,-50
101900005,2332,2188,144
101900006,826,61,765
101900007,484,113,371
101900008,55,178,-123
101900009,45,287,-242
101900010,770,583,187
101900011,154,765,-611
101900012,168,71,97
101900013,583,163,420
101900017,8,122,-114
101900018,1019,260,759
101900019,240,154,86
101900020,72,52,20
101900021,1,31,-30
101900022,129,908,-779
101900023,128,186,-58
101900026,129,38,91
101900027,15,98,-83
102000001,2086,3797,-1711
102000002,1698,925,773
102000003,2154,5716,-3562
102000004,3404,2261,1143
102000005,1004,1759,-755
102000006,829,1458,-629
102000007,1178,3376,-2198
102000008,2846,1107,1739
102000009,4996,6221,-1225
102000010,4212,2491,1721
102000011,3024,2361,663
102000012,2531,2228,303
102000018,2095,2067,28
102000019,1750,1174,576
102000026,199,467,-268
102000029,248,161,87
102000030,111,308,-197
102000031,93,128,-35
102000032,420,221,199
102000033,269,333,-64
102000034,381,277,104
102000035,845,602,243
102000036,19,174,-155
102000037,126,41,85
102000038,181,245,-64
102000039,127,72,55
102000040,357,168,189
102000041,174,307,-133
102000042,170,248,-78
102000043,169,205,-36
102000044,302,413,-111
102000045,559,608,-49
102000046,921,457,464
102000047,730,673,57
102000048,319,608,-289
102000049,916,706,210
102000050,812,930,-118
102000051,320,547,-227
102000052,929,576,353
102000053,674,647,27
102000054,517,699,-182
102000055,990,398,592
102000056,894,645,249
102000057,1222,410,812
102000058,818,891,-73
102000059,1042,1011,31
102000060,891,804,87
102000061,1310,1257,53
102000062,1518,809,709
102000063,985,1186,-201
102000064,557,597,-40
102000065,41,160,-119
102000066,754,627,127
102000067,1547,2320,-773
102000068,6491,2144,4347
102000069,48,1740,-1692
102000070,1172,49,1123
102000071,5481,6893,-1412
102000072,2054,2861,-807
102000073,863,551,312
102000074,608,632,-24
102000075,96,164,-68
102000076,183,239,-56
102000077,453,541,-88
102000078,976,447,529
102000079,137,161,-24
102000080,226,160,66
102000081,205,742,-537
102000082,620,456,164
102000083,627,217,410
102000084,374,239,135
102000085,1569,714,855
102000086,1019,851,168
102000087,677,1031,-354
102000088,341,219,122
102000089,1054,299,755
102000090,337,717,-380
102000091,901,452,449
102000092,243,495,-252
102000093,763,628,135
102000094,568,614,-46
102000095,832,818,14
102000096,476,645,-169
102000097,578,553,25
102000098,432,506,-74
102000099,593,752,-159
102000100,453,1328,-875
102000101,647,803,-156
102000102,248,1059,-811
102000103,1109,341,768
102000104,541,255,286
102000105,249,392,-143
102000106,835,398,437
102000107,1256,394,862
102000108,789,168,621
102000109,496,529,-33
102000110,1117,737,380
102000111,17,402,-385
102000112,237,92,145
102000113,21,39,-18
102000114,827,312,515
102000115,239,324,-85
102000116,247,375,-128
102000117,114,460,-346
102000118,891,1058,-167
102000119,1070,819,251
102000120,218,361,-143
102000121,860,441,419
102000122,590,745,-155
102000123,951,733,218
102000124,1029,892,137
102000125,717,833,-116
102000126,699,589,110
102000127,1132,520,612
102000128,717,716,1
102000129,1260,558,702
102000130,726,516,210
102000131,1000,386,614
102000132,375,544,-169
102000133,1786,1389,397
102000134,711,590,121
102000135,599,744,-145
102000136,774,429,345
102000137,652,852,-200
102000138,228,384,-156
102000139,64,471,-407
102000140,254,512,-258
102000141,231,368,-137
102000142,368,256,112
102000143,177,289,-112
102000144,281,330,-49
102000145,350,377,-27
102000146,404,229,175
102000147,433,447,-14
102000148,230,628,-398
102000149,282,252,30
102000150,320,95,225
102000151,106,181,-75
102000152,203,137,66
102000153,1014,560,454
102000154,251,427,-176
102000155,86,226,-140
102000156,283,111,172
102000157,105,371,-266
102000158,500,509,-9
102000159,572,497,75
102000161,2213,1651,562
102000162,131,118,13
102000163,97,464,-367
102000164,671,1048,-377
102000165,183,131,52
102000166,57,133,-76
102000167,206,219,-13
102000168,221,153,68
102000169,115,374,-259
102000170,397,202,195
102000171,169,171,-2
102000172,135,318,-183
102000173,356,216,140
102000174,67,36,31
102000175,117,69,48
102000176,40,29,11
102000178,208,277,-69
102000179,345,191,154
102000180,892,367,525
102000181,623,423,200
102000182,464,443,21
102000183,1647,1095,552
102000184,1552,513,1039
102000185,2421,877,1544
102000186,1191,1158,33
102000187,743,985,-242
102000188,988,1026,-38
102000189,1497,504,993
102000190,487,2064,-1577
102000191,964,334,630
102000192,1082,1182,-100
102000193,39,112,-73
102000194,34,114,-80
102000195,356,333,23
102000196,191,223,-32
102000197,645,227,418
102000198,216,430,-214
102000199,965,206,759
102000200,301,674,-373
102000201,983,366,617
102000202,16,109,-93
102000203,353,135,218
102000204,388,459,-71
102000205,844,287,557
102000206,580,422,158
102000207,529,402,127
102000208,349,392,-43
102000209,64,74,-10
102000210,445,340,105
102000211,467,220,247
102000212,331,16,315
102000213,5,207,-202
102000214,272,14,258
102000215,5,245,-240
102000216,67,71,-4
102000217,8,100,-92
102000218,234,201,33
102000219,320,204,116
102000225,558,481,77
102000226,997,725,272
102000227,139,3,136
102000228,1,67,-66
102000229,36,47,-11
102000230,291,306,-15
102000231,225,311,-86
102000232,24,137,-113
102000233,442,420,22
102000234,101,816,-715
102000236,165,54,111
102000237,392,112,280
102000238,174,198,-24
102000240,377,593,-216
102000241,151,127,24
102000243,26,55,-29
102000245,15,99,-84
102000246,6,33,-27
102000247,484,499,-15
102000248,333,688,-355
102000249,91,102,-11
102000250,66,272,-206
102000254,125,176,-51
102000266,18,249,-231
102000271,25,1,24
102000286,336,291,45
102000297,1422,719,703
102000299,0,0,0
102000301,0,0,0
102000305,0,0,0
102000307,0,4,-4
102900001,970,542,428
102900002,334,38,296
102900003,93,158,-65
102900005,400,197,203
102900006,491,117,374
102900007,412,36,376
102900008,152,45,107
102900009,422,270,152
102900010,314,890,-576
102900011,1334,283,1051
102900012,394,85,309
102900013,39,72,-33
102900015,478,409,69
102900016,68,87,-19
102900017,182,408,-226
102900018,76,113,-37
102900019,330,307,23
102900020,146,25,121
102900021,34,102,-68
102900022,475,169,306
102900023,18,35,-17
102900024,44,31,13
102900025,161,75,86
102900026,275,1723,-1448
102900027,93,36,57
102900028,173,650,-477
102900029,156,196,-40
102900030,453,286,167
102900031,223,106,117
102900032,88,68,20
102900033,118,149,-31
102900034,456,65,391
102900035,120,209,-89
102900036,339,351,-12
102900037,460,282,178
102900038,462,324,138
102900039,39,453,-414
102900040,128,267,-139
102900041,95,139,-44
102900042,166,234,-68
102900043,154,178,-24
102900044,462,1421,-959
102900045,147,452,-305
102900046,147,206,-59
102900047,143,623,-480
102900048,605,363,242
102900049,143,270,-127
102900050,241,333,-92
102900051,166,161,5
102900053,325,465,-140
102900054,302,873,-571
102900055,58,219,-161
102900056,128,326,-198
102900057,12,59,-47
102900058,290,67,223
102900059,25,54,-29
102900060,145,311,-166
102900061,173,422,-249
102900062,215,622,-407
102900063,1038,325,713
102900064,61,417,-356
102900065,819,233,586
102900066,366,18,348
102900068,140,76,64
102900070,219,397,-178
102900072,33,53,-20
102900073,174,8,166
102900075,46,90,-44
102900076,99,114,-15
102900077,37,24,13
102900078,25,53,-28
102900079,166,7,159
102900080,369,41,328
102900081,97,158,-61
102900082,11,211,-200
102900083,159,13,146
102900084,9,39,-30
102900085,305,103,202
102900086,10,46,-36
102900087,126,78,48
102900088,39,18,21
102900089,193,123,70
102900090,2,283,-281
102900091,162,3,159
102900092,285,480,-195
102900094,4,138,-134
102900095,121,2,119
102900096,25,7,18
102900097,352,446,-94
103000001,1835,1699,136
103000002,1659,1768,-109
103000003,2445,1891,554
103000004,810,623,187
103000005,1498,2606,-1108
103000006,724,1088,-364
103000007,356,543,-187
103000008,784,539,245
103000009,1096,813,283
103000010,236,159,77
103000011,1252,1025,227
103000012,1191,1151,40
103000013,2410,1240,1170
103000014,1137,2233,-1096
103000015,1195,494,701
103000016,516,1213,-697
103000017,213,284,-71
103000018,440,262,178
103000019,304,263,41
103000020,1717,1077,640
103000021,1561,1803,-242
103000022,599,717,-118
103000023,570,1645,-1075
103000024,80,127,-47
103000025,95,550,-455
103000026,613,107,506
103000027,254,484,-230
103000028,243,311,-68
103000029,153,230,-77
103000030,1183,940,243
103000031,947,1431,-484
103000032,1878,1147,731
103000033,2596,2458,138
103000034,1046,908,138
103000035,320,1022,-702
103000036,293,423,-130
103000037,475,404,71
103000038,399,748,-349
103000039,390,258,132
103000040,342,619,-277
103000041,1360,1368,-8
103000042,1084,310,774
103000043,547,692,-145
103000044,182,146,36
103000046,285,379,-94
103000047,590,443,147
103000048,178,164,14
103000049,83,111,-28
103000050,629,308,321
103000051,491,375,116
103000052,592,305,287
103000053,188,445,-257
103000054,2078,1011,1067
103000055,1747,1616,131
103000056,626,910,-284
103000057,633,176,457
103000058,530,563,-33
103000059,399,599,-200
103000060,656,445,211
103000061,426,738,-312
103000062,869,375,494
103000063,663,723,-60
103000064,128,152,-24
103000065,3,341,-338
103000066,226,15,211
103000069,387,258,129
103000070,863,574,289
103000071,1190,427,763
103000072,123,467,-344
103000073,625,118,507
103000074,548,104,444
103000075,94,461,-367
103000076,254,330,-76
103000077,26,251,-225
103000078,695,600,95
103000079,410,565,-155
103000080,713,342,371
103000081,389,1052,-663
103000082,428,164,264
103000083,103,220,-117
103000084,107,8,99
103000085,3,97,-94
103000086,371,295,76
103000087,69,448,-379
103000088,221,254,-33
103000089,173,345,-172
103000090,1846,845,1001
103000091,500,422,78
103000092,231,194,37
103000093,249,299,-50
103000094,235,83,152
103000095,56,288,-232
103000096,528,71,457
103000097,68,511,-443
103000098,670,173,497
103000099,243,532,-289
103000100,97,452,-355
103000101,848,92,756
103000102,95,444,-349
103000103,769,141,628
103000104,41,82,-41
103000105,148,105,43
103000106,12,118,-106
103000107,207,46,161
103000108,963,549,414
103000109,353,375,-22
103000110,405,395,10
103000111,302,339,-37
103000112,220,187,33
103000113,330,491,-161
103000114,791,326,465
103000115,599,421,178
103000116,632,334,298
103000117,432,387,45
103000118,404,435,-31
103000119,765,315,450
103000120,53,86,-33
103000121,214,324,-110
103000122,318,383,-65
103000125,11,190,-179
103000126,657,0,657
103000127,0,132,-132
103000128,226,1,225
103000129,5,105,-100
103000130,59,42,17
103000131,115,94,21
103000132,87,166,-79
103000133,30,96,-66
103000134,350,755,-405
103000135,454,229,225
103000136,501,457,44
103000137,442,503,-61
103000138,605,642,-37
103000139,3,76,-73
103000140,100,34,66
103000141,39,117,-78
103000142,135,82,53
103000143,46,161,-115
103000144,148,80,68
103000145,10,108,-98
103000150,152,40,112
103000152,173,229,-56
103000153,157,110,47
103000156,5,255,-250
103000157,456,2,454
103000159,82,19,63
103000162,68,20,48
103000163,18,23,-5
103000164,11,19,-8
103000165,64,192,-128
103000166,179,316,-137
103000167,161,94,67
103000168,82,130,-48
103000169,197,327,-130
103000170,823,244,579
103000171,56,100,-44
103000172,433,225,208
103000173,513,334,179
103000174,204,222,-18
103000175,308,204,104
103000176,773,627,146
103000177,384,310,74
103000178,251,210,41
103000179,150,26,124
103000183,180,14,166
103000185,123,39,84
103000186,144,137,7
103000187,666,241,425
103000188,14,66,-52
103000189,571,642,-71
103000191,376,340,36
103000292,984,1448,-464
103000293,854,1874,-1020
103000295,78,87,-9
103000296,189,8,181
103000297,5,15,-10
103000504,47,12,35
103000505,9,17,-8
103000506,5,200,-195
103000507,167,3,164
103000508,56,66,-10
103000509,214,552,-338
103900001,2,145,-143
103900002,868,168,700
103900003,974,101,873
103900004,141,15,126
103900005,3,103,-100
103900006,2,4,-2
103900007,78,0,78
103900008,17,6,11
103900009,237,391,-154
103900010,185,246,-61
103900011,276,105,171
103900012,22,20,2
103900013,58,40,18
103900014,75,11,64
103900015,76,12,64
103900016,195,157,38
103900017,43,80,-37
103900018,567,129,438
103900019,105,372,-267
103900020,188,415,-227
103900021,337,46,291
103900022,1048,624,424
103900023,192,4,188
103900024,73,273,-200
103900025,15,39,-24
103900026,51,0,51
103900027,699,193,506
103900028,29,244,-215
103900029,1107,145,962
103900030,238,107,131
103900031,33,2,31
103900032,112,68,44
103900033,61,11,50
103900034,28,74,-46
103900035,51,33,18
103900036,40,33,7
103900037,58,49,9
103900038,123,244,-121
103900039,111,242,-131
103900040,17,149,-132
103900041,58,58,0
103900042,72,217,-145
103900043,192,64,128
103900044,78,199,-121
103900045,339,172,167
103900047,101,27,74
103900048,32,13,19
103900049,208,841,-633
103900050,12,162,-150
103900051,0,44,-44
103900052,209,273,-64
103900053,277,363,-86
103900054,113,263,-150
103900055,411,153,258
103900056,56,41,15
103900057,44,93,-49
103900058,273,441,-168
103900059,0,25,-25
103900060,60,161,-101
103900061,197,36,161
103900062,356,87,269
103900063,7,0,7
103900064,160,2,158
103900065,735,372,363
103900066,150,36,114
103900067,201,22,179
103900068,6,0,6
103900069,51,8,43
103900070,103,180,-77
103900071,18,74,-56
103900072,30,140,-110
103900073,23,30,-7
103900074,105,64,41
103900075,205,43,162
103900076,521,275,246
103900077,48,85,-37
103900078,244,91,153
103900079,156,150,6
103900080,9,32,-23
103900081,89,42,47
103900082,26,109,-83
103900083,938,1091,-153
103900084,39,121,-82
103900085,87,146,-59
103900086,638,355,283
103900088,365,446,-81
103900089,64,119,-55
103900090,1,110,-109
103900091,1004,232,772
103900092,650,343,307
103900093,44,200,-156
103900094,10,69,-59
103900095,187,181,6
103900096,23,119,-96
103900097,5,317,-312
103900098,275,90,185
103900099,86,66,20
103900100,231,260,-29
103900101,109,962,-853
103900102,0,27,-27
103900104,0,19,-19
103900105,92,162,-70
103900106,0,66,-66
103900107,159,151,8
103900108,76,222,-146
103900109,156,65,91
103900110,188,43,145
103900111,118,357,-239
103900112,24,48,-24
103900113,132,254,-122
103900114,373,301,72
103900115,228,159,69
103900116,3214,3036,178
103900117,117,75,42
103900119,17,88,-71
103900120,63,69,-6
103900122,106,200,-94
103900123,1210,554,656
103900124,76,300,-224
103900125,125,85,40
103900126,518,250,268
103900127,174,314,-140
103900128,161,98,63
103900131,123,107,16
103900133,779,33,746
103900134,1,8,-7
103900135,1,3,-2
103900137,0,35,-35
103900138,145,184,-39
103900139,235,1790,-1555
103900140,4,170,-166
103900141,246,53,193
103900142,226,87,139
103900143,116,7,109
103900144,1,33,-32
103900145,145,140,5
103900146,264,168,96
103900147,280,92,188
103900148,209,180,29
103900149,327,366,-39
103900150,3658,3616,42
103900151,29,97,-68
103900152,587,292,295
103900153,10,6,4
103900154,491,1533,-1042
103900155,70,188,-118
103900156,72,171,-99
103900157,41,147,-106
103900158,105,108,-3
103900159,168,61,107
103900160,41,26,15
103900161,94,154,-60
103900162,51,139,-88
103900163,11,392,-381
103900167,12,78,-66
103900168,139,89,50
103900169,18,55,-37
103900170,2,88,-86
103900171,2,40,-38
103900172,19,9,10
103900173,16,12,4
103900174,220,37,183
103900175,44,95,-51
103900176,11,39,-28
103900177,24,74,-50
103900178,52,42,10
103900179,69,75,-6
103900180,17,68,-51
103900181,58,24,34
103900182,25,12,13
103900184,360,93,267
103900185,109,360,-251
103900187,13,87,-74
103900188,53,27,26
103900189,110,2,108
103900190,65,60,5
103900191,22,43,-21
103900192,18,52,-34
103900193,116,159,-43
103900194,62,179,-117
103900195,2,77,-75
103900196,34,45,-11
103900197,20,18,2
103900198,10,35,-25
103900199,155,48,107
103900200,138,88,50
103900201,120,144,-24
103900202,18,53,-35
103900203,40,28,12
103900204,1,68,-67
103900207,0,62,-62
103900208,87,0,87
103900209,4,94,-90
103900210,47,28,19
103900211,505,299,206
103900212,107,221,-114
103900213,35,200,-165
103900214,211,175,36
103900215,195,303,-108
103900216,5,318,-313
103900217,291,74,217
103900218,0,234,-234
103900219,172,185,-13
103900233,73,3,70
103900235,34,37,-3
103900236,16,5,11
103900242,0,7,-7
103900243,5,6,-1
103900244,136,153,-17
103900245,110,141,-31
103900246,32,26,6
103900247,45,116,-71
103900248,15,42,-27
103900249,12,61,-49
103900250,21,28,-7
103900251,3,38,-35
103900253,11,96,-85
103900254,3,25,-22
103900255,17,12,5
103900256,17,28,-11
103900257,121,136,-15
103900258,14,6,8
103900259,28,6,22
103900261,11,2,9
103900262,27,7,20
103900263,19,36,-17
103900264,40,30,10
103900265,15,3,12
103900266,0,87,-87
103900267,3,64,-61
103900268,23,51,-28
103900269,87,32,55
103900270,45,125,-80
103900271,114,95,19
103900272,57,53,4
103900273,21,41,-20
103900274,91,6,85
103900275,67,9,58
103900276,10,39,-29
103900277,4,45,-41
103900278,8,26,-18
103900279,4,29,-25
103900280,2,53,-51
104000001,1897,1370,527
104000002,1290,1565,-275
104000003,1637,1425,212
104000004,1962,1886,76
104000005,1381,1379,2
104000006,2235,1909,326
104000007,2916,3105,-189
104000008,171,169,2
104000009,213,95,118
104000010,141,242,-101
104000011,349,158,191
104000012,108,212,-104
104000013,195,164,31
104000014,217,462,-245
104000015,296,111,185
104000016,446,249,197
104000018,726,158,568
104000019,596,192,404
104000020,115,312,-197
104000021,261,329,-68
104000022,147,198,-51
104000023,827,284,543
104000024,223,283,-60
104000026,49,234,-185
104000027,237,138,99
104000028,390,181,209
104000029,261,194,67
104000030,270,187,83
104000031,1107,309,798
104000032,220,182,38
104000033,545,400,145
104000034,270,211,59
104000035,908,308,600
104000036,714,365,349
104000037,272,158,114
104000038,450,240,210
104000039,213,147,66
104000040,158,288,-130
104000041,488,259,229
104000042,185,283,-98
104000043,182,252,-70
104000044,195,428,-233
104000045,766,680,86
104000046,831,1055,-224
104000047,534,662,-128
104000048,819,850,-31
104000049,559,216,343
104000050,121,495,-374
104000051,108,474,-366
104000052,1350,1104,246
104000053,864,358,506
104000054,356,220,136
104000055,2355,1481,874
104000056,996,309,687
104000057,248,406,-158
104000058,741,605,136
104000059,416,775,-359
104000060,833,978,-145
104000061,1022,657,365
104000062,470,138,332
104000064,376,269,107
104000065,183,500,-317
104000069,669,909,-240
104000070,55,407,-352
104000071,196,386,-190
104000072,621,238,383
104000075,51,208,-157
104000076,458,55,403
104000082,1852,2645,-793
104000083,694,199,495
104000084,135,382,-247
104000085,296,359,-63
104000086,172,350,-178
104000087,400,1412,-1012
104000090,745,859,-114
104000092,1118,1257,-139
104000094,781,883,-102
104000095,1458,1080,378
104000096,1248,105,1143
104000097,1547,645,902
104000098,1996,604,1392
104000100,1545,511,1034
104000101,974,1036,-62
104000106,113,552,-439
104000107,485,351,134
104000108,196,333,-137
104000109,262,75,187
104000110,673,787,-114
104000111,1949,1857,92
104000112,1300,498,802
104000116,1,623,-622
104000117,160,432,-272
104000118,602,146,456
104000119,596,246,350
104000120,234,507,-273
104000121,241,502,-261
104000122,591,591,0
104000123,506,606,-100
104000124,565,1244,-679
104000125,2109,3520,-1411
104000126,256,317,-61
104000127,1026,1341,-315
104000128,456,304,152
104000129,365,12,353
104000130,12,152,-140
104000131,305,345,-40
104000132,285,328,-43
104000133,1351,621,730
104000134,843,1242,-399
104000135,350,1414,-1064
104000136,606,3242,-2636
104000137,1331,397,934
104000138,676,204,472
104000139,3134,1978,1156
104000141,742,852,-110
104000142,486,411,75
104000143,461,299,162
104000144,115,185,-70
104000145,444,182,262
104000146,233,350,-117
104000147,101,224,-123
104000148,347,138,209
104000149,143,208,-65
104000150,886,382,504
104000151,271,272,-1
104000152,484,364,120
104000153,537,408,129
104000154,682,387,295
104000155,433,538,-105
104000157,714,998,-284
104000158,209,300,-91
104000159,833,323,510
104000160,1474,1510,-36
104000161,149,170,-21
104000162,62,134,-72
104000165,753,748,5
104000167,617,931,-314
104000168,543,5,538
104000169,157,26,131
104000170,258,480,-222
104000248,238,383,-145
104000251,71,157,-86
104000272,0,0,0
104000273,0,0,0
104000274,0,0,0
104000275,0,0,0
104000279,520,345,175
104000290,63,211,-148
104000291,435,867,-432
104000293,694,513,181
104000294,49,0,49
104000295,385,535,-150
104000296,309,445,-136
104000297,500,1326,-826
104000298,1386,550,836
104000299,536,947,-411
104000302,116,116,0
104000303,145,152,-7
104900001,141,273,-132
104900002,62,180,-118
104900003,63,248,-185
104900004,82,204,-122
104900005,267,215,52
104900006,356,55,301
104900007,262,197,65
104900009,110,228,-118
104900010,65,38,27
104900011,12,5,7
104900012,188,14,174
104900013,88,15,73
104900014,1458,192,1266
104900015,81,6,75
104900016,217,110,107
104900017,133,115,18
104900018,14,104,-90
104900019,205,2537,-2332
104900020,56,184,-128
104900021,2,122,-120
104900022,12,89,-77
104900023,1,53,-52
104900024,13,93,-80
104900025,44,177,-133
104900026,1,50,-49
104900027,512,238,274
104900028,24,77,-53
104900029,73,42,31
104900030,358,169,189
104900031,60,113,-53
104900032,44,86,-42
104900033,162,217,-55
104900034,290,147,143
104900035,272,217,55
104900036,188,69,119
104900037,165,159,6
104900038,237,607,-370
104900039,334,296,38
104900040,427,88,339
104900041,218,156,62
104900042,188,169,19
104900043,21,126,-105
104900044,624,164,460
104900045,377,53,324
104900046,223,96,127
104900047,291,102,189
104900048,335,51,284
104900049,42,43,-1
104900050,277,73,204
104900051,283,31,252
104900052,69,2,67
104900053,490,86,404
104900054,123,27,96
104900055,104,3,101
104900056,209,14,195
104900057,35,0,35
104900058,385,174,211
104900059,202,109,93
104900060,0,227,-227
104900061,182,316,-134
104900063,10,125,-115
104900064,0,46,-46
104900065,0,121,-121
104900066,1,93,-92
104900067,2,203,-201
104900068,14,153,-139
104900070,125,167,-42
104900071,0,335,-335
104900072,34,207,-173
104900073,61,96,-35
104900074,45,147,-102
104900075,59,33,26
104900076,61,156,-95
104900077,463,210,253
104900078,130,316,-186
104900079,64,395,-331
104900080,123,319,-196
104900082,17,274,-257
104900085,0,127,-127
104900087,280,5,275
104900089,237,2,235
104900090,805,604,201
104900091,613,342,271
104900093,201,317,-116
104900097,1426,1554,-128
104900098,136,46,90
104900099,240,603,-363
104900100,287,173,114
104900102,45,78,-33
104900103,308,51,257
104900104,1632,1514,118
104900106,139,90,49
104900107,89,111,-22
104900108,34,162,-128
104900109,52,123,-71
104900110,8,64,-56
104900111,123,67,56
104900112,193,395,-202
104900113,541,228,313
104900114,295,286,9
104900115,579,265,314
104900116,227,137,90
104900118,15,39,-24
104900119,4,27,-23
104900120,23,210,-187
104900121,0,56,-56
104900122,3,32,-29
104900123,93,12,81
104900124,38,1,37
104900125,334,5,329
104900126,75,55,20
104900127,23,47,-24
104900128,99,154,-55
104900129,918,1757,-839
105000001,2065,1075,990
105000002,1745,1098,647
105000003,2374,2279,95
105000004,464,567,-103
105000005,807,831,-24
105000006,1021,1231,-210
105000007,999,1260,-261
105000008,1169,2286,-1117
105000009,2056,2419,-363
105000010,2410,1412,998
105000011,3151,2084,1067
105000012,3180,1976,1204
105000013,830,875,-45
105000014,1877,1973,-96
105000015,7162,11617,-4455
105000016,1751,1493,258
105000017,994,633,361
105000018,928,1315,-387
105000019,898,694,204
105000020,133,396,-263
105000021,213,97,116
105000022,216,107,109
105000023,473,302,171
105000028,61,82,-21
105000029,546,1036,-490
105000030,2831,1896,935
105000031,2,26,-24
105000033,934,1387,-453
105000034,154,809,-655
105000037,529,217,312
105000038,1280,1429,-149
105000039,1775,1190,585
105000040,829,930,-101
105000041,330,919,-589
105000042,2338,1475,863
105000043,1236,1548,-312
105000044,605,416,189
105000045,265,496,-231
105000046,1024,259,765
105000047,449,880,-431
105000048,552,212,340
105000049,201,418,-217
105000050,716,366,350
105000051,127,371,-244
105000052,630,669,-39
105000053,114,102,12
105000054,457,658,-201
105000055,658,278,380
105000056,1438,1563,-125
105000057,1186,792,394
105000058,1071,952,119
105000059,703,489,214
105000060,389,523,-134
105000061,612,410,202
105000062,428,595,-167
105000063,284,295,-11
105000064,1446,568,878
105000065,364,407,-43
105000066,839,866,-27
105000067,1113,635,478
105000068,302,603,-301
105000069,1145,1580,-435
105000070,389,801,-412
105000071,202,708,-506
105000072,985,2010,-1025
105000073,745,466,279
105000074,633,562,71
105000075,324,609,-285
105000076,828,714,114
105000077,1629,773,856
105000078,876,934,-58
105000079,903,2423,-1520
105000080,1341,1168,173
105000081,2587,1124,1463
105000082,803,1469,-666
105000083,3219,2815,404
105000084,488,652,-164
105000085,1469,1667,-198
105000086,566,700,-134
105000087,1061,1342,-281
105000088,1093,1260,-167
105000089,1829,1604,225
105000090,798,630,168
105000091,861,1153,-292
105000092,517,641,-124
105000093,272,243,29
105000094,343,200,143
105000095,88,401,-313
105000096,1077,957,120
105000097,703,686,17
105000098,826,489,337
105000099,581,577,4
105000100,1263,777,486
105000101,1653,1344,309
105000102,1217,1138,79
105000103,1117,1597,-480
105000104,1857,749,1108
105000105,1001,1429,-428
105000106,1102,961,141
105000107,1189,631,558
105000108,1307,855,452
105000109,1364,1152,212
105000110,716,380,336
105000111,802,530,272
105000112,990,541,449
105000113,398,616,-218
105000114,1688,904,784
105000115,328,1086,-758
105000116,656,435,221
105000117,845,660,185
105000118,488,385,103
105000119,595,528,67
105000120,863,445,418
105000121,690,648,42
105000122,360,463,-103
105000123,786,752,34
105000124,1662,609,1053
105000125,703,1172,-469
105000126,1712,1164,548
105000127,1925,1295,630
105000128,436,730,-294
105000129,758,292,466
105000130,272,2386,-2114
105000131,453,202,251
105000132,786,484,302
105000133,424,635,-211
105000134,690,522,168
105000135,385,404,-19
105000136,109,193,-84
105000137,497,153,344
105000138,169,253,-84
105000139,826,671,155
105000140,376,350,26
105000141,307,400,-93
105000142,216,306,-90
105000143,156,392,-236
105000144,225,683,-458
105000145,557,276,281
105000146,391,664,-273
105000147,657,296,361
105000148,1022,550,472
105000149,2085,1604,481
105000150,1548,1030,518
105000151,359,332,27
105000152,141,346,-205
105000153,508,607,-99
105000154,500,353,147
105000155,340,765,-425
105000156,594,466,128
105000157,637,1051,-414
105000158,1421,640,781
105000159,290,700,-410
105000160,1871,539,1332
105000161,596,674,-78
105000162,478,1417,-939
105000163,757,654,103
105000164,223,209,14
105000165,591,4129,-3538
105000166,3460,1063,2397
105000167,967,1299,-332
105000168,471,440,31
105000169,566,200,366
105000170,214,910,-696
105000171,927,164,763
105000172,141,42,99
105000173,184,69,115
105000174,71,54,17
105000175,64,95,-31
105000176,411,103,308
105000177,312,194,118
105000178,202,295,-93
105000179,580,151,429
105000180,159,120,39
105000181,117,184,-67
105000182,88,44,44
105000183,1384,1509,-125
105000184,1119,962,157
105000185,996,965,31
105000186,406,642,-236
105000187,783,196,587
105000188,186,118,68
105000189,163,397,-234
105000190,267,316,-49
105000191,323,325,-2
105000192,287,65,222
105000193,93,88,5
105000194,540,110,430
105000195,241,583,-342
105000196,125,258,-133
105000197,296,451,-155
105000198,493,240,253
105000199,246,611,-365
105000200,105,203,-98
105000201,88,22,66
105000203,22,177,-155
105000204,60,65,-5
105000205,108,159,-51
105000207,361,174,187
105000208,183,506,-323
105000209,196,288,-92
105000211,288,13,275
105000212,1065,783,282
105000213,111,166,-55
105000214,227,184,43
105000215,311,179,132
105000216,149,251,-102
105000217,129,208,-79
105000218,1332,867,465
105000221,139,141,-2
105000222,562,224,338
105000223,360,193,167
105000226,134,162,-28
105000227,42,135,-93
105000228,196,1549,-1353
105000229,176,420,-244
105000231,311,284,27
105000233,822,546,276
105000234,542,873,-331
105000235,350,464,-114
105000237,543,59,484
105000243,34,26,8
105000248,63,73,-10
105000262,359,820,-461
105000269,162,241,-79
105000270,387,42,345
105000271,0,105,-105
105000282,73,40,33
105000287,358,65,293
105000288,717,306,411
105000289,1952,1565,387
105000290,39,11,28
105000402,2619,3090,-471
105000426,331,408,-77
105000438,3113,1160,1953
105000440,37,36,1
105000446,6651,4247,2404
105000447,3736,2095,1641
105000454,452,520,-68
105000455,179,117,62
105000474,60,3,57
105000477,441,460,-19
105000478,1544,3803,-2259
105000479,80,117,-37
105000480,7007,5689,1318
105000481,3570,2845,725
105000482,3491,5016,-1525
105000483,1431,1589,-158
105000484,1721,2295,-574
105000485,1126,2385,-1259
105000486,2309,1733,576
105000488,7142,3510,3632
105000489,824,605,219
105000549,146,117,29
105000550,298,1064,-766
105000551,38,126,-88
105000552,1686,1148,538
105000555,953,894,59
105000556,64,29,35
105000557,65,159,-94
105900001,22,1311,-1289
105900002,729,655,74
105900003,15,92,-77
105900004,171,116,55
105900005,11,222,-211
105900006,14,116,-102
105900007,61,33,28
105900008,72,462,-390
105900009,27,30,-3
105900011,138,24,114
105900012,464,150,314
105900013,3,27,-24
105900014,9,43,-34
105900015,120,254,-134
105900016,425,239,186
105900017,1377,30,1347
105900018,225,151,74
105900019,75,354,-279
105900020,36,52,-16
105900021,11,232,-221
105900022,200,97,103
105900023,6,80,-74
105900024,5,119,-114
105900025,210,29,181
105900026,167,12,155
105900027,6782,4793,1989
105900028,446,408,38
105900029,1250,245,1005
105900030,170,172,-2
105900031,311,195,116
105900032,65,97,-32
105900033,110,113,-3
105900034,183,161,22
105900035,156,133,23
105900036,138,88,50
105900037,84,55,29
105900038,143,212,-69
105900039,186,81,105
105900040,64,79,-15
105900041,131,115,16
105900042,69,137,-68
105900043,840,43,797
105900044,3,194,-191
105900045,10,647,-637
105900046,7,248,-241
105900047,12,41,-29
105900048,116,384,-268
105900050,3395,2674,721
105900051,51,927,-876
105900052,570,222,348
105900053,1821,2502,-681
105900054,309,146,163
105900056,566,418,148
105900057,29,79,-50
105900058,21,17,4
105900059,1,62,-61
106000001,3065,2252,813
106000002,1416,4010,-2594
106000003,2260,2912,-652
106000004,1227,2107,-880
106000005,2792,4034,-1242
106000006,4184,2438,1746
106000007,419,444,-25
106000008,326,217,109
106000009,545,297,248
106000010,459,452,7
106000011,993,905,88
106000012,774,819,-45
106000013,1585,1585,0
106000014,1334,1133,201
106000015,1664,968,696
106000016,968,1285,-317
106000017,528,491,37
106000018,494,311,183
106000019,347,372,-25
106000020,310,243,67
106000021,312,355,-43
106000022,301,134,167
106000023,591,314,277
106000024,465,305,160
106000025,124,156,-32
106000026,79,154,-75
106000027,1286,1094,192
106000028,550,322,228
106000029,526,664,-138
106000030,332,388,-56
106000034,191,420,-229
106000035,957,1637,-680
106000036,166,354,-188
106000037,1712,1043,669
106000038,198,127,71
106000039,109,84,25
106000040,137,677,-540
106000041,580,457,123
106000043,511,166,345
106000046,293,88,205
106000047,47,323,-276
106000049,1002,155,847
106000050,230,452,-222
106000051,545,381,164
106000052,88,390,-302
106000053,332,90,242
106000054,240,277,-37
106000055,980,660,320
106000056,222,202,20
106000057,343,254,89
106000058,106,117,-11
106000059,287,220,67
106000060,295,358,-63
106000061,183,493,-310
106000062,140,347,-207
106000063,754,455,299
106000064,33,224,-191
106000065,269,270,-1
106000066,130,280,-150
106000067,380,90,290
106000068,83,426,-343
106000069,205,45,160
106000070,466,510,-44
106000071,897,282,615
106000072,1851,1227,624
106000073,1260,2649,-1389
106000074,548,546,2
106000075,263,1152,-889
106000076,1537,1640,-103
106000077,2481,1051,1430
106000078,969,784,185
106000079,695,661,34
106000080,1183,480,703
106000081,610,826,-216
106000082,1751,618,1133
106000083,438,1143,-705
106000084,944,511,433
106000085,1109,1245,-136
106000086,531,797,-266
106000087,793,418,375
106000088,383,636,-253
106000089,882,257,625
106000090,293,570,-277
106000091,242,428,-186
106000092,545,256,289
106000093,300,153,147
106000094,85,200,-115
106000095,695,546,149
106000096,782,504,278
106000097,981,628,353
106000098,610,819,-209
106000099,192,492,-300
106000100,915,208,707
106000101,722,179,543
106000102,142,379,-237
106000103,308,343,-35
106000104,633,327,306
106000105,437,458,-21
106000106,638,315,323
106000107,181,178,3
106000108,321,240,81
106000109,209,163,46
106000110,257,275,-18
106000111,202,267,-65
106000112,192,467,-275
106000113,462,444,18
106000114,413,614,-201
106000115,168,290,-122
106000116,259,152,107
106000117,873,538,335
106000118,1038,1118,-80
106000119,1003,670,333
106000120,769,990,-221
106000121,181,115,66
106000122,89,105,-16
106000123,435,128,307
106000124,44,159,-115
106000125,24,176,-152
106000126,291,98,193
106000127,738,562,176
106000128,774,160,614
106000129,426,305,121
106000130,619,293,326
106000131,155,543,-388
106000132,488,194,294
106000133,1135,930,205
106000134,366,1335,-969
106000135,216,441,-225
106000136,609,818,-209
106000137,67,500,-433
106000138,993,102,891
106000139,43,82,-39
106000140,44,41,3
106000141,88,28,60
106000142,77,66,11
106000143,28,46,-18
106000144,50,76,-26
106000145,279,183,96
106000146,352,127,225
106000147,486,486,0
106000148,592,694,-102
106000149,455,454,1
106000150,416,1537,-1121
106000151,2510,682,1828
106000152,983,1653,-670
106000153,124,1260,-1136
106000154,959,159,800
106000155,127,212,-85
106000156,710,200,510
106000157,460,1050,-590
106000158,1506,733,773
106000159,1966,1523,443
106000160,401,2147,-1746
106000161,1142,265,877
106000162,298,880,-582
106000163,371,257,114
106000164,408,265,143
106000165,199,364,-165
106000166,622,222,400
106000167,302,668,-366
106000168,545,257,288
106000169,239,459,-220
106000170,614,263,351
106000171,169,852,-683
106000172,2160,1062,1098
106000173,903,1746,-843
106000174,1124,272,852
106000175,255,542,-287
106000176,1506,696,810
106000177,661,1611,-950
106000178,2482,1133,1349
106000179,874,1589,-715
106000180,629,887,-258
106000181,721,1096,-375
106000182,1270,515,755
106000183,1285,402,883
106000184,1216,405,811
106000185,916,840,76
106000186,617,114,503
106000187,169,832,-663
106000188,0,0,0
106000189,14,37,-23
106000190,24,1,23
106000191,551,152,399
106000192,2,18,-16
106000193,314,151,163
106000194,145,271,-126
106000195,368,123,245
106000196,99,299,-200
106000197,531,166,365
106000198,185,200,-15
106000199,540,573,-33
106000200,144,195,-51
106000201,364,2262,-1898
106000202,2112,453,1659
106000203,23,142,-119
106000204,125,12,113
106000205,15,99,-84
106000206,77,15,62
106000207,28,403,-375
106000208,1293,138,1155
106000209,1357,299,1058
106000210,297,628,-331
106000211,245,753,-508
106000212,763,283,480
106000213,458,1375,-917
106000214,1797,565,1232
106000215,273,412,-139
106000216,361,304,57
106000217,264,299,-35
106000218,391,345,46
106000219,128,228,-100
106000220,403,186,217
106000221,294,152,142
106000222,59,76,-17
106000223,221,86,135
106000224,221,151,70
106000225,85,108,-23
106000226,94,194,-100
106000228,47,85,-38
106000229,95,497,-402
106000231,881,72,809
106000232,130,255,-125
106000233,481,66,415
106000234,98,207,-109
106000235,779,84,695
106000236,195,65,130
106000237,8,4,4
106000238,38,38,0
106000239,2,89,-87
106000240,54,6,48
106000241,13,477,-464
106000242,188,31,157
106000249,91,55,36
106000250,66,547,-481
106000251,99,27,72
106000252,57,61,-4
106000253,53,58,-5
106000254,67,30,37
106000255,21,130,-109
106000256,26,30,-4
106000257,140,125,15
106000258,333,16,317
106000259,1,43,-42
106000260,50,8,42
106000261,1,34,-33
106000262,88,10,78
106000263,12,50,-38
106000264,155,10,145
106000265,6,91,-85
106000266,94,19,75
106000267,4,47,-43
106000268,342,75,267
106000269,46,44,2
106000270,103,337,-234
106000271,78,144,-66
106000272,170,33,137
106000273,5,179,-174
106000274,103,21,82
106000275,116,226,-110
106000276,107,22,85
106000277,86,216,-130
106000278,146,23,123
106000279,20,30,-10
106000280,79,46,33
106000281,78,29,49
106000282,58,60,-2
106000283,130,29,101
106000284,77,103,-26
106000285,85,78,7
106000286,88,138,-50
106000287,110,49,61
106000288,71,148,-77
106000289,74,44,30
106000290,48,56,-8
106000291,71,79,-8
106000292,77,85,-8
106000293,136,95,41
106000294,126,81,45
106000295,26,38,-12
106000296,40,73,-33
106000297,57,187,-130
106000298,103,64,39
106000299,61,110,-49
106000300,57,106,-49
106000301,65,116,-51
106000303,30,61,-31
106000304,26,35,-9
106000305,32,51,-19
106000306,41,43,-2
106000307,47,45,2
106000308,22,75,-53
106000309,19,37,-18
106000310,309,392,-83
106000311,319,159,160
106000312,100,128,-28
106000313,196,194,2
106000318,70,369,-299
106000319,826,207,619
106000320,2,52,-50
106000321,173,118,55
106000322,157,99,58
106000324,23,79,-56
106000325,1437,748,689
106000326,837,1112,-275
106000327,122,75,47
106000328,68,106,-38
106000329,92,185,-93
106000330,53,54,-1
106000428,111,109,2
106000429,145,327,-182
106000430,335,908,-573
106000431,1974,386,1588
106000432,1567,2036,-469
106000433,2101,1237,864
106000434,2559,1349,1210
106000435,1185,1835,-650
106000436,7,119,-112
106000437,239,22,217
106000438,279,152,127
106000439,49,284,-235
106000440,203,278,-75
106000441,2,0,2
106000442,169,8,161
106000443,150,210,-60
106000450,1,123,-122
106000451,26,38,-12
106000454,2,163,-161
106000455,4,143,-139
106000456,84,22,62
106000457,17,578,-561
106000458,690,91,599
106000459,166,251,-85
106000460,1291,28,1263
106000461,93,695,-602
106000462,2,32,-30
106000463,6,25,-19
106000464,3,338,-335
106000465,644,0,644
106000466,1,344,-343
106000467,320,381,-61
106000468,99,102,-3
106000469,144,0,144
106000470,228,1394,-1166
106000471,18,349,-331
106000472,126,15,111
106000473,33,10,23
106000474,334,351,-17
106000475,403,273,130
106000476,171,236,-65
106000477,47,102,-55
106000480,0,255,-255
106900001,0,12,-12
106900002,1,249,-248
106900003,178,645,-467
106900004,3,24,-21
106900006,0,3,-3
106900007,0,4,-4
106900008,366,160,206
106900009,326,196,130
106900010,235,201,34
106900012,995,1766,-771
106900013,487,143,344
106900014,42,3,39
106900015,15,1,14
106900016,324,10,314
106900017,7,3,4
106900018,2,0,2
106900019,26,2,24
106900020,1475,1504,-29
106900021,136,72,64
106900022,735,4,731
106900023,79,178,-99
106900024,437,31,406
106900025,63,378,-315
106900026,1,401,-400
106900027,613,6,607
107000001,2783,2820,-37
107000002,1908,2910,-1002
107000003,5124,5168,-44
107000004,2998,2572,426
107000005,4441,4651,-210
107000006,3202,2397,805
107000007,4725,7605,-2880
107000008,6223,4807,1416
107000009,6465,6139,326
107000010,6790,5201,1589
107000011,775,893,-118
107000012,2785,1955,830
107000013,141,72,69
107000014,64,108,-44
107000015,406,529,-123
107000016,699,562,137
107000017,1204,1273,-69
107000018,7,926,-919
107000020,892,1291,-399
107000021,960,346,614
107000022,694,1120,-426
107000023,1735,139,1596
107000024,513,985,-472
107000025,200,248,-48
107000026,213,314,-101
107000027,1133,633,500
107000028,1060,870,190
107000029,3038,2454,584
107000030,2228,1998,230
107000031,3743,2043,1700
107000032,413,727,-314
107000033,2046,2738,-692
107000034,2380,1018,1362
107000035,315,192,123
107000036,289,969,-680
107000037,79,559,-480
107000038,248,218,30
107000039,692,676,16
107000040,137,218,-81
107000041,968,525,443
107000042,566,1586,-1020
107000043,1753,857,896
107000044,438,278,160
107000045,67,257,-190
107000046,695,370,325
107000047,358,663,-305
107000048,662,211,451
107000049,547,603,-56
107000050,843,445,398
107000051,238,262,-24
107000052,883,884,-1
107000053,263,229,34
107000054,83,275,-192
107000055,321,130,191
107000056,442,653,-211
107000057,1334,200,1134
107000058,1760,2004,-244
107000059,1541,2432,-891
107000060,3960,4033,-73
107000061,3500,2327,1173
107000062,4081,2407,1674
107000063,3227,3068,159
107000064,4328,2219,2109
107000065,2618,3009,-391
107000066,1535,2265,-730
107000067,1089,1052,37
107000068,1075,747,328
107000069,832,429,403
107000070,986,14,972
107000071,3111,54,3057
107000072,24,1810,-1786
107000073,720,324,396
107000074,147,680,-533
107000075,1665,482,1183
107000076,590,908,-318
107000077,3272,1306,1966
107000078,2266,2137,129
107000079,2517,1013,1504
107000080,862,1948,-1086
107000081,1769,552,1217
107000082,499,1011,-512
107000083,1184,416,768
107000084,256,956,-700
107000085,2494,2735,-241
107000086,2876,2394,482
107000087,2515,1703,812
107000088,2600,2708,-108
107000089,1340,1427,-87
107000090,841,838,3
107000091,1358,758,600
107000092,742,726,16
107000093,1074,726,348
107000094,726,875,-149
107000095,698,560,138
107000096,390,465,-75
107000097,682,327,355
107000098,401,398,3
107000099,393,226,167
107000100,157,211,-54
107000101,71,167,-96
107000102,167,238,-71
107000103,231,208,23
107000104,143,226,-83
107000105,421,127,294
107000106,155,171,-16
107000107,718,143,575
107000108,148,398,-250
107000109,518,98,420
107000110,54,287,-233
107000111,287,48,239
107000112,34,179,-145
107000113,575,108,467
107000114,93,323,-230
107000115,586,160,426
107000116,124,514,-390
107000117,110,562,-452
107000118,136,129,7
107000119,990,1285,-295
107000120,762,424,338
107000121,887,543,344
107000122,1017,613,404
107000123,460,515,-55
107000124,549,547,2
107000125,955,421,534
107000126,840,546,294
107000129,217,440,-223
107000130,532,205,327
107000131,287,339,-52
107000132,471,282,189
107000133,433,71,362
107000134,200,7,193
107000135,2,198,-196
107000136,565,17,548
107000137,11,343,-332
107000138,191,28,163
107000139,7,455,-448
107000140,1268,111,1157
107000141,155,511,-356
107000142,639,103,536
107000143,76,491,-415
107000144,610,463,147
107000145,142,401,-259
107000146,178,263,-85
107000147,3256,953,2303
107000150,503,2281,-1778
107000151,33,71,-38
107000152,350,1320,-970
107000153,121,267,-146
107000154,174,279,-105
107000155,880,25,855
107000156,1104,37,1067
107000157,38,842,-804
107000158,668,30,638
107000159,34,586,-552
107000160,1163,131,1032
107000161,43,834,-791
107000162,200,427,-227
107000163,181,6,175
107000164,793,4,789
107000165,1100,12,1088
107000166,44,689,-645
107000167,672,165,507
107000168,850,501,349
107000169,573,625,-52
107000170,1967,740,1227
107000171,646,1224,-578
107000172,1091,1321,-230
107000173,519,641,-122
107000174,990,4290,-3300
107000175,4223,1091,3132
107000176,0,0,0
107000177,2,1,1
107000178,22,37,-15
107000179,290,1329,-1039
107000180,1310,213,1097
107000181,409,761,-352
107000182,1860,628,1232
107000183,117,448,-331
107000184,980,491,489
107000185,354,816,-462
107000186,1010,265,745
107000187,1164,883,281
107000188,551,475,76
107000189,473,846,-373
107000190,535,444,91
107000191,818,899,-81
107000192,1405,493,912
107000193,361,383,-22
107000194,847,521,326
107000197,799,204,595
107000198,278,513,-235
107000199,577,503,74
107000200,471,472,-1
107000201,427,235,192
107000202,321,362,-41
107000203,845,784,61
107000204,873,897,-24
107000205,1518,776,742
107000206,704,1215,-511
107000207,611,932,-321
107000208,666,473,193
107000209,1362,1254,108
107000210,478,246,232
107000211,2,52,-50
107000212,2,288,-286
107000213,1,21,-20
107000214,19,121,-102
107000215,417,289,128
107000216,451,236,215
107000217,209,103,106
107000219,83,155,-72
107000220,140,148,-8
107000222,201,424,-223
107000224,393,98,295
107000225,133,191,-58
107000226,499,80,419
107000227,103,147,-44
107000228,104,271,-167
107000229,82,128,-46
107000230,847,454,393
107000231,1071,1458,-387
107000232,128,20,108
107000233,798,733,65
107000234,6,48,-42
107000235,70,10,60
107000236,18,343,-325
107000237,40,0,40
107000238,39,1,38
107000239,1657,394,1263
107000240,71,531,-460
107000243,0,33,-33
107000244,12,56,-44
107000246,4,781,-777
107000249,3,912,-909
107000251,38,226,-188
107000252,1,540,-539
107000255,235,134,101
107000257,1,219,-218
107000258,1,94,-93
107000259,6,109,-103
107000260,751,11,740
107000262,3,334,-331
107000263,301,8,293
107000266,11,6,5
107000267,58,85,-27
107000268,94,110,-16
107000269,605,43,562
107000270,19,11,8
107000271,27,357,-330
107000272,35,66,-31
107000273,3,137,-134
107000274,675,46,629
107000275,306,792,-486
107000280,854,38,816
107000281,50,482,-432
107000282,54,495,-441
107000290,6,41,-35
107000291,12,7,5
107000292,0,84,-84
107000293,48,1,47
107000294,0,31,-31
107000295,14,4,10
107000296,0,13,-13
107000444,203,6,197
107000496,1,9,-8
107000497,1049,1454,-405
107000500,316,211,105
107000501,95,130,-35
107000502,140,226,-86
107000505,242,558,-316
107000506,0,35,-35
107000508,8,372,-364
107000509,190,508,-318
107000510,20,20,0
107000514,87,261,-174
107000515,8,146,-138
107000516,449,214,235
107000518,983,1412,-429
107000519,961,577,384
107000520,71,31,40
107000521,578,232,346
107000522,875,366,509
107900001,74,84,-10
107900002,40,10,30
107900003,156,18,138
107900004,14,1,13
107900005,1314,7,1307
107900006,201,3,198
107900007,375,24,351
107900008,90,13,77
107900009,134,13,121
107900010,45,2,43
107900012,193,33,160
107900013,152,22,130
107900014,36,1,35
107900015,802,15,787
107900016,292,95,197
107900017,18,7,11
107900018,61,144,-83
107900019,24,23,1
107900020,46,18,28
107900021,110,88,22
107900023,1,5,-4
107900024,0,19,-19
107900025,182,225,-43
107900026,69,35,34
107900027,30,19,11
107900028,106,49,57
107900030,177,21,156
107900031,51,54,-3
107900032,20,4,16
107900033,21,12,9
107900034,268,7,261
107900035,894,47,847
107900036,51,28,23
107900037,1,34,-33
107900038,72,227,-155
107900039,36,33,3
107900040,16,125,-109
107900041,0,2,-2
107900043,26,60,-34
107900044,11,6,5
107900045,109,42,67
107900046,214,168,46
107900047,61,26,35
107900048,184,16,168
107900049,237,783,-546
107900050,99,248,-149
107900051,84,42,42
107900052,18,23,-5
107900053,59,54,5
107900055,354,168,186
107900056,89,39,50
107900057,1,0,1
107900058,20,422,-402
107900060,20,28,-8
107900061,10,9,1
107900063,94,96,-2
107900064,218,117,101
107900065,249,12,237
107900066,25,5,20
107900067,0,0,0
107900068,85,377,-292
107900069,32,1887,-1855
107900070,103,63,40
107900071,29,506,-477
107900072,120,108,12
107900073,158,57,101
107900074,496,304,192
107900076,147,36,111
107900077,75,0,75
107900079,14,22,-8
107900080,240,422,-182
107900081,40,64,-24
107900082,11,10,1
107900083,259,151,108
107900084,152,72,80
107900086,35,145,-110
107900087,416,129,287
107900088,79,12,67
107900089,177,751,-574
107900090,509,2139,-1630
107900091,140,224,-84
107900093,85,47,38
107900095,2429,2041,388
107900097,21,53,-32
107900098,39,111,-72
107900100,731,1247,-516
107900101,647,131,516
107900102,43,6,37
107900103,34,132,-98
107900104,160,3,157
107900105,1,276,-275
107900106,0,698,-698
107900107,873,370,503
107900108,189,123,66
107900109,1425,31,1394
107900110,67,69,-2
107900111,4,393,-389
107900112,109,309,-200
107900113,210,91,119
107900114,198,115,83
107900115,2,33,-31
107900116,172,78,94
107900117,200,183,17
107900118,44,105,-61
107900119,75,226,-151
107900120,40,21,19
107900121,0,98,-98
107900122,1,65,-64
107900123,7,52,-45
107900124,16,16,0
107900125,30,207,-177
107900126,15,61,-46
107900127,613,325,288
107900128,64,77,-13
107900129,80,24,56
107900130,93,15,78
107900131,402,271,131
107900132,111,229,-118
107900133,1,87,-86
107900134,41,93,-52
107900135,5,107,-102
107900136,48,32,16
107900137,121,99,22
107900138,54,27,27
107900139,56,30,26
107900141,53,32,21
107900142,71,467,-396
107900143,92,14,78
107900144,2,99,-97
107900145,10,62,-52
107900146,44,72,-28
107900147,72,25,47
107900148,97,68,29
107900149,529,152,377
107900150,40,428,-388
107900151,45,70,-25
107900152,17,118,-101
107900153,151,253,-102
107900154,62,27,35
107900155,96,52,44
107900156,2,190,-188
107900157,23,48,-25
107900158,716,18,698
107900159,26,503,-477
107900160,108,137,-29
107900161,22,125,-103
107900162,0,45,-45
107900163,24,35,-11
107900164,20,35,-15
107900165,40,161,-121
107900166,16,117,-101
107900167,19,15,4
107900168,63,40,23
107900169,0,119,-119
107900171,5,730,-725
107900172,2,208,-206
107900173,19,95,-76
107900174,113,3,110
107900175,25,23,2
107900176,38,27,11
107900177,0,86,-86
107900178,1,105,-104
107900179,13,90,-77
107900180,419,738,-319
107900181,277,223,54
107900182,1,625,-624
107900183,64,152,-88
107900184,67,158,-91
107900185,132,5,127
107900186,34,34,0
107900187,0,51,-51
107900188,444,133,311
107900189,30,113,-83
107900190,80,79,1
107900191,56,79,-23
107900193,2,32,-30
107900194,183,10,173
107900195,1221,250,971
107900196,67,92,-25
107900197,440,348,92
107900199,0,682,-682
107900201,70,57,13
107900203,40,61,-21
107900204,181,126,55
107900206,625,231,394
107900207,0,302,-302
107900208,5,380,-375
107900209,334,112,222
107900210,70,86,-16
107900213,351,250,101
107900214,24,93,-69
107900215,126,333,-207
107900216,153,49,104
107900217,14,88,-74
107900218,11,971,-960
107900219,44,75,-31
107900220,126,199,-73
107900221,102,184,-82
107900223,95,393,-298
107900224,106,296,-190
107900225,4,374,-370
107900226,110,86,24
107900227,129,282,-153
107900228,24,67,-43
107900229,3,171,-168
107900230,13,68,-55
107900231,28,172,-144
107900232,82,83,-1
107900233,5,81,-76
107900234,99,60,39
107900235,19,80,-61
107900236,166,60,106
107900237,38,219,-181
107900238,20,89,-69
107900239,522,388,134
107900240,26,69,-43
107900241,8,56,-48
107900242,35,106,-71
107900243,7,60,-53
107900244,290,7,283
107900245,661,29,632
107900246,367,25,342
107900248,501,237,264
107900249,823,35,788
107900250,2,311,-309
107900251,72,781,-709
107900252,806,27,779
107900253,237,10,227
107900254,41,207,-166
107900255,252,83,169
107900256,708,1137,-429
107900257,199,117,82
107900258,125,116,9
107900259,101,1878,-1777
107900261,11,200,-189
107900262,35,91,-56
107900264,242,6,236
107900265,178,99,79
107900267,228,12,216
107900268,17,5,12
107900269,0,6,-6
107900270,0,1,-1
107900271,1,13,-12
107900272,73,48,25
107900273,77,111,-34
107900274,110,1,109
107900275,22,1,21
107900276,1,95,-94
107900277,0,160,-160
107900278,290,254,36
107900279,81,193,-112
107900280,1450,1414,36
107900281,801,2566,-1765
107900282,42,357,-315
107900283,562,515,47
107900284,433,371,62
107900285,138,42,96
107900286,105,77,28
107900287,262,172,90
107900290,0,150,-150
107900291,404,31,373
107900292,141,130,11
107900293,85,239,-154
107900295,56,38,18
107900297,0,177,-177
107900298,503,468,35
107900299,1631,1996,-365
107900301,537,588,-51
107900302,120,30,90
107900303,147,211,-64
107900304,310,229,81
107900305,272,7,265
107900306,14,24,-10
107900307,31,183,-152
107900308,135,105,30
107900309,82,0,82
107900310,428,3,425
107900311,2,174,-172
107900312,71,0,71
107900313,0,83,-83
107900314,1,49,-48
107900315,1,55,-54
107900316,61,1,60
107900317,59,12,47
107900318,11,82,-71
107900319,4,85,-81
107900320,0,88,-88
107900321,127,4,123
107900322,1,75,-74
107900323,1,57,-56
107900324,115,1,114
107900325,76,2,74
107900326,366,133,233
107900327,5,51,-46
107900328,46,0,46
107900329,60,44,16
107900330,4,161,-157
107900331,206,38,168
107900332,329,28,301
107900333,61,16,45
107900334,5,134,-129
107900335,99,34,65
107900336,37,60,-23
107900337,638,812,-174
107900338,1,84,-83
107900339,1,10,-9
107900340,0,40,-40
107900341,56,1,55
107900342,123,103,20
107900343,57,5,52
107900344,5,48,-43
107900345,91,38,53
107900346,17,3,14
107900347,18,4,14
107900348,7,5,2
107900349,14,6,8
107900350,29,153,-124
107900351,1,99,-98
107900352,0,24,-24
107900353,13,8,5
107900354,2,23,-21
108000001,2736,3019,-283
108000002,1605,1736,-131
108000003,2690,2817,-127
108000004,8665,9867,-1202
108000005,6971,5523,1448
108000006,6268,5212,1056
108000007,4338,3247,1091
108000008,3228,4083,-855
108000009,2992,3575,-583
108000010,2020,2909,-889
108000011,9597,9744,-147
108000012,11057,9776,1281
108000014,616,672,-56
108000015,806,214,592
108000016,255,802,-547
108000017,974,343,631
108000018,1471,571,900
108000019,1674,742,932
108000020,1116,479,637
108000021,295,1370,-1075
108000022,429,1045,-616
108000023,1076,211,865
108000024,308,388,-80
108000025,307,286,21
108000026,908,312,596
108000027,712,561,151
108000028,818,251,567
108000029,574,671,-97
108000030,461,198,263
108000031,206,414,-208
108000032,1507,552,955
108000033,661,663,-2
108000034,1412,367,1045
108000035,618,1437,-819
108000036,367,736,-369
108000037,1574,391,1183
108000038,2281,460,1821
108000039,437,1340,-903
108000040,1594,799,795
108000041,616,1509,-893
108000042,263,208,55
108000043,224,227,-3
108000044,519,134,385
108000045,306,336,-30
108000046,1373,259,1114
108000047,347,636,-289
108000048,162,256,-94
108000049,1053,255,798
108000050,135,430,-295
108000051,297,130,167
108000052,186,425,-239
108000053,425,212,213
108000054,378,735,-357
108000055,882,456,426
108000056,1044,893,151
108000057,564,996,-432
108000058,1723,3221,-1498
108000059,2531,1562,969
108000060,223,557,-334
108000061,292,435,-143
108000062,804,500,304
108000063,443,374,69
108000064,276,228,48
108000065,521,329,192
108000066,1329,651,678
108000067,1535,568,967
108000068,646,325,321
108000069,200,679,-479
108000070,1676,569,1107
108000071,624,966,-342
108000072,1541,834,707
108000073,1140,1061,79
108000074,571,322,249
108000075,320,549,-229
108000076,736,472,264
108000077,480,388,92
108000078,2230,1012,1218
108000079,772,944,-172
108000080,1166,377,789
108000081,545,897,-352
108000082,776,1263,-487
108000083,1706,868,838
108000084,340,773,-433
108000085,804,387,417
108000086,597,531,66
108000087,139,1961,-1822
108000088,685,219,466
108000089,248,263,-15
108000091,189,340,-151
108000092,138,70,68
108000093,164,305,-141
108000094,555,91,464
108000095,160,210,-50
108000096,344,166,178
108000097,168,259,-91
108000098,1447,936,511
108000099,790,225,565
108000100,171,391,-220
108000101,1213,1109,104
108000102,1535,2953,-1418
108000106,674,1,673
108000107,0,635,-635
108000108,680,49,631
108000109,2,773,-771
108000110,248,250,-2
108000111,138,343,-205
108000112,38,131,-93
108000113,365,169,196
108000115,258,181,77
108000117,486,311,175
108000118,561,1706,-1145
108000119,505,313,192
108000120,165,589,-424
108000121,161,342,-181
108000122,604,254,350
108000123,696,124,572
108000124,318,300,18
108000125,422,235,187
108000126,168,261,-93
108000127,457,218,239
108000128,575,332,243
108000129,257,729,-472
108000130,435,181,254
108000131,935,476,459
108000132,1695,876,819
108000133,905,427,478
108000134,527,346,181
108000135,1009,378,631
108000136,261,646,-385
108000137,427,197,230
108000138,346,638,-292
108000139,509,232,277
108000140,132,35,97
108000141,36,39,-3
108000142,62,44,18
108000143,26,238,-212
108000144,441,62,379
108000145,53,5,48
108000146,716,70,646
108000147,25,7,18
108000148,577,100,477
108000149,12,6,6
108000150,34,10,24
108000151,140,68,72
108000152,83,303,-220
108000153,621,132,489
108000154,40,7,33
108000155,45,21,24
108000156,635,293,342
108000157,143,899,-756
108000158,86,692,-606
108000159,410,164,246
108000160,1769,977,792
108000161,1571,2170,-599
108000165,11,169,-158
108000172,12,197,-185
108000173,1038,1562,-524
108000175,645,109,536
108000178,341,230,111
108000179,178,790,-612
108000181,60,26,34
108000182,243,93,150
108000183,34,242,-208
108000184,631,1979,-1348
108000185,230,254,-24
108000186,352,255,97
108000187,105,370,-265
108000188,637,173,464
108000189,1449,7602,-6153
108000190,41,125,-84
108000192,181,399,-218
108000193,520,33,487
108000194,26,16,10
108000195,1,577,-576
108000196,310,198,112
108000198,582,263,319
108000199,0,303,-303
108000200,414,287,127
108000203,127,373,-246
108000204,138,66,72
108000205,162,274,-112
108000339,779,296,483
108000364,248,567,-319
108000365,77,234,-157
108000367,130,197,-67
108000368,12,42,-30
108000369,544,226,318
108000371,27,685,-658
108000372,659,10,649
108000373,198,95,103
108000376,89,44,45
108000377,472,182,290
108000378,7262,8348,-1086
108000379,29,173,-144
108000381,58,13,45
108000382,164,0,164
108000383,0,181,-181
108900001,88,689,-601
108900002,171,63,108
108900003,265,548,-283
108900004,689,431,258
108900007,249,198,51
108900008,153,140,13
108900009,85,108,-23
108900010,343,133,210
108900011,580,399,181
108900012,295,417,-122
108900013,166,226,-60
108900014,26,88,-62
108900015,0,161,-161
108900016,2,225,-223
108900017,194,390,-196
108900018,179,243,-64
108900019,36,377,-341
108900020,46,122,-76
108900021,184,192,-8
108900022,168,9,159
108900023,17,29,-12
108900024,29,80,-51
108900025,123,101,22
108900026,31,103,-72
108900027,0,35,-35
108900028,116,202,-86
108900029,57,153,-96
108900030,0,65,-65
108900031,153,222,-69
108900032,15,135,-120
108900033,1,54,-53
108900034,1,137,-136
108900035,298,803,-505
108900038,0,210,-210
108900039,1,280,-279
108900040,10,68,-58
108900041,3623,2685,938
108900042,9,426,-417
108900043,67,345,-278
108900044,2,348,-346
108900045,84,246,-162
108900046,36,441,-405
108900047,2,94,-92
108900048,136,598,-462
108900049,1462,1211,251
108900050,2,115,-113
108900051,1,106,-105
108900052,31,126,-95
108900053,73,219,-146
108900054,79,188,-109
108900055,63,226,-163
108900056,1,96,-95
108900057,1,118,-117
108900058,41,194,-153
108900059,467,46,421
108900060,61,115,-54
108900061,134,31,103
108900062,4,167,-163
108900063,21,184,-163
108900064,210,42,168
108900065,7,109,-102
108900066,408,134,274
108900067,12,109,-97
108900068,6,100,-94
108900069,52,45,7
108900070,23,42,-19
108900071,74,60,14
108900072,1520,473,1047
108900073,35,265,-230
108900074,245,167,78
108900075,47,39,8
108900076,316,79,237
108900077,89,358,-269
108900078,30,79,-49
108900079,601,134,467
108900080,21,625,-604
108900081,51,176,-125
108900082,112,67,45
108900083,24,216,-192
108900085,1433,156,1277
108900086,138,171,-33
108900087,77,121,-44
108900088,877,384,493
108900089,17,132,-115
108900090,46,216,-170
108900091,97,37,60
108900092,490,319,171
108900093,112,64,48
108900094,222,129,93
108900095,40,180,-140
108900096,223,14,209
108900097,226,141,85
108900098,1244,631,613
108900099,447,144,303
108900100,65,104,-39
108900101,161,190,-29
108900102,81,1019,-938
108900103,88,162,-74
108900105,7,1101,-1094
108900106,550,225,325
108900108,281,37,244
108900109,377,71,306
108900110,193,221,-28
108900111,449,312,137
108900113,37,42,-5
108900114,56,10,46
108900115,80,64,16
108900116,93,8,85
108900117,179,16,163
108900118,535,8,527
108900119,275,23,252
108900120,320,178,142
108900121,295,123,172
108900122,152,22,130
108900123,121,114,7
108900124,471,178,293
108900125,420,6,414
108900126,101,47,54
108900127,199,22,177
108900128,148,42,106
108900129,779,152,627
108900130,388,4,384
108900131,337,12,325
108900132,534,29,505
108900133,246,46,200
108900134,402,228,174
108900135,145,13,132
108900136,52,1,51
108900137,188,2,186
108900138,800,71,729
108900140,341,198,143
108900141,338,9,329
108900142,77,4,73
108900143,63,1,62
108900144,169,3,166
108900145,238,20,218
108900146,81,0,81
108900147,227,4,223
108900148,63,20,43
108900150,222,26,196
108900151,74,10,64
108900152,293,9,284
108900153,252,251,1
108900154,4055,475,3580
108900156,97,7,90
108900157,25,261,-236
108900158,300,27,273
108900159,6,142,-136
108900160,15,185,-170
108900161,2,283,-281
108900162,182,1,181
108900163,4,215,-211
108900164,44,100,-56
108900168,4786,2240,2546
108900169,48,94,-46
108900171,3128,2532,596
108900172,183,43,140
108900173,112,233,-121
108900174,782,526,256
108900176,108,258,-150
108900177,3094,4312,-1218
108900178,2649,3192,-543
108900180,98,228,-130
108900183,195,190,5
108900184,458,212,246
108900185,88,223,-135
108900186,52,267,-215
108900189,292,116,176
108900190,45,1520,-1475
108900192,100,205,-105
108900195,69,140,-71
108900196,40,221,-181
108900199,226,291,-65
108900200,497,311,186
108900201,463,1048,-585
108900203,380,153,227
108900204,305,29,276
108900205,167,24,143
108900206,497,70,427
108900207,215,109,106
108900208,19,251,-232
108900209,156,414,-258
108900210,192,187,5
108900211,138,466,-328
108900212,468,1294,-826
108900215,97,309,-212
108900216,378,295,83
108900217,95,0,95
108900218,66,7,59
108900221,76,204,-128
108900224,43,160,-117
108900225,1,178,-177
108900227,152,318,-166
108900230,157,228,-71
108900232,2,203,-201
108900233,260,87,173
108900234,290,115,175
108900235,176,397,-221
108900236,44,196,-152
108900240,85,101,-16
108900241,26,32,-6
108900245,6,1252,-1246
108900250,208,70,138
108900258,7,118,-111
108900259,51,60,-9
108900260,4,72,-68
108900261,88,89,-1
108900262,115,128,-13
108900263,25,118,-93
108900264,467,245,222
108900265,626,426,200
108900266,551,707,-156
108900267,9,134,-125
108900268,15,18,-3
108900269,100,30,70
108900270,88,18,70
108900271,42,22,20
108900272,236,26,210
108900273,635,840,-205
108900274,72,86,-14
109000001,1830,1553,277
109000002,859,1554,-695
109000003,2176,372,1804
109000004,478,1525,-1047
109000005,1838,515,1323
109000006,610,1566,-956
109000007,1404,488,916
109000008,495,1255,-760
109000009,3061,992,2069
109000010,1079,2533,-1454
109000011,2946,1539,1407
109000012,1487,2008,-521
109000013,3281,2491,790
109000014,1524,1766,-242
109000015,2984,6498,-3514
109000016,4133,2435,1698
109000017,2086,980,1106
109000018,779,1946,-1167
109000019,2146,1175,971
109000020,936,1339,-403
109000023,314,29,285
109000024,8,183,-175
109000025,281,389,-108
109000026,538,230,308
109000027,59,307,-248
109000028,99,65,34
109000029,68,159,-91
109000030,80,416,-336
109000031,194,155,39
109000032,87,349,-262
109000033,282,157,125
109000034,36,63,-27
109000035,23,35,-12
109000036,76,247,-171
109000037,203,1200,-997
109000038,361,256,105
109000039,811,642,169
109000040,2848,8004,-5156
109000041,1658,1608,50
109000042,463,968,-505
109000044,414,49,365
109000045,97,228,-131
109000046,353,74,279
109000047,52,363,-311
109000048,668,182,486
109000049,188,493,-305
109000050,333,227,106
109000051,256,205,51
109000052,478,631,-153
109000053,178,79,99
109000054,624,375,249
109000055,338,216,122
109000056,352,302,50
109000057,658,387,271
109000058,710,207,503
109000059,570,1335,-765
109000060,343,347,-4
109000061,774,678,96
109000062,103,273,-170
109000063,194,144,50
109000064,262,121,141
109000065,127,183,-56
109000066,382,60,322
109000067,41,243,-202
109000068,1439,22,1417
109000069,674,19,655
109000070,9,1487,-1478
109000071,330,67,263
109000072,117,241,-124
109000073,51,71,-20
109000074,22,130,-108
109000075,57,249,-192
109000076,112,273,-161
109000077,345,180,165
109000078,132,205,-73
109000079,116,130,-14
109000080,220,108,112
109000081,139,334,-195
109000082,681,212,469
109000083,244,489,-245
109000088,90,308,-218
109000089,240,71,169
109000090,134,280,-146
109000091,258,205,53
109000092,332,353,-21
109000093,218,171,47
109000094,539,4,535
109000095,106,318,-212
109000096,641,222,419
109000097,98,94,4
109000098,38,124,-86
109000099,724,280,444
109000100,264,496,-232
109000101,1277,478,799
109000102,333,627,-294
109000103,455,459,-4
109000104,1649,403,1246
109000105,393,785,-392
109000106,1659,683,976
109000107,504,1323,-819
109000108,1459,459,1000
109000109,415,1121,-706
109000110,954,398,556
109000111,668,1392,-724
109000112,289,98,191
109000113,302,114,188
109000114,114,287,-173
109000115,883,70,813
109000116,13,204,-191
109000117,255,58,197
109000118,21,226,-205
109000119,1254,186,1068
109000120,209,467,-258
109000121,536,45,491
109000122,143,432,-289
109000123,38,37,1
109000124,547,380,167
109000125,696,252,444
109000126,423,464,-41
109000127,924,168,756
109000128,521,840,-319
109000129,2090,644,1446
109000130,427,1076,-649
109000131,681,480,201
109000132,673,1081,-408
109000133,301,752,-451
109000134,740,895,-155
109000135,869,1226,-357
109000136,211,249,-38
109000137,276,260,16
109000138,398,203,195
109000139,407,313,94
109000140,126,225,-99
109000141,434,333,101
109000142,135,403,-268
109000143,113,79,34
109000145,117,307,-190
109000146,63,82,-19
109000148,2120,1159,961
109000149,23,51,-28
109000150,94,238,-144
109000155,843,544,299
109000156,835,552,283
109000158,131,197,-66
109000159,88,306,-218
109000160,928,183,745
109000161,319,727,-408
109000162,1663,605,1058
109000163,1019,1218,-199
109000164,1208,1902,-694
109000165,1163,388,775
109000166,716,101,615
109000167,104,367,-263
109000170,61,47,14
109000171,81,54,27
109000172,44,44,0
109000173,23,92,-69
109000174,115,42,73
109000175,62,82,-20
109000176,306,190,116
109000177,30,88,-58
109000178,695,326,369
109000179,3206,4354,-1148
109000180,2956,2672,284
109000181,22,17,5
109000182,37,30,7
109000183,64,18,46
109000184,42,7,35
109000185,25,30,-5
109000188,486,1082,-596
109000189,2226,800,1426
109000190,667,404,263
109000191,423,349,74
109000192,511,169,342
109000193,220,198,22
109000194,233,83,150
109000195,122,254,-132
109000196,232,90,142
109000197,218,225,-7
109000198,387,65,322
109000199,138,348,-210
109000206,161,48,113
109000207,124,24,100
109000208,80,64,16
109000209,130,110,20
109000210,205,401,-196
109000211,559,344,215
109000214,427,204,223
109000215,140,49,91
109000216,195,207,-12
109000217,220,96,124
109000218,266,134,132
109000221,518,760,-242
109000222,874,233,641
109000223,372,265,107
109000224,51,111,-60
109000225,87,26,61
109000226,89,156,-67
109000227,1005,736,269
109000228,4,1333,-1329
109000231,3,206,-203
109000232,351,205,146
109000236,230,583,-353
109000241,1923,1469,454
109000242,1627,921,706
109000293,24,60,-36
109000361,188,186,2
109000364,171,378,-207
109000396,5,336,-331
109000397,577,11,566
109000399,140,305,-165
109000400,83,242,-159
109000403,66,734,-668
109000406,410,57,353
109000407,234,167,67
109000408,2,304,-302
109000410,878,188,690
109000411,198,19,179
109900001,81,0,81
109900002,638,20,618
109900003,239,2,237
109900004,649,118,531
109900005,20,4,16
109900006,396,112,284
109900007,873,303,570
109900008,0,34,-34
109900009,109,317,-208
109900010,481,16,465
109900011,50,30,20
109900012,198,145,53
109900013,387,151,236
109900014,317,53,264
109900015,317,209,108
109900016,112,9,103
109900017,160,155,5
109900018,156,27,129
109900019,293,35,258
109900020,34,49,-15
109900021,41,14,27
109900022,137,173,-36
109900023,11,12,-1
109900024,32,6,26
109900025,13,33,-20
109900026,4,140,-136
109900027,31,37,-6
109900028,835,1181,-346
109900029,4,155,-151
109900030,53,3,50
109900031,3,125,-122
109900032,14,220,-206
109900033,3,370,-367
109900034,48,2,46
109900035,11,27,-16
109900036,47,51,-4
109900037,41,272,-231
109900038,67,210,-143
109900039,11,5,6
109900040,53,350,-297
109900041,40,224,-184
109900042,60,284,-224
109900044,78,150,-72
109900045,203,122,81
109900046,143,89,54
109900047,196,244,-48
109900048,21,101,-80
109900049,23,42,-19
109900050,0,104,-104
109900051,1,37,-36
109900052,81,330,-249
109900053,3,173,-170
109900054,598,159,439
109900055,101,263,-162
109900056,19,172,-153
109900057,2,109,-107
109900058,3,55,-52
109900059,695,94,601
109900060,470,106,364
109900061,51,194,-143
109900062,0,95,-95
109900063,11,338,-327
109900064,511,163,348
109900065,64,126,-62
109900066,238,540,-302
109900067,0,146,-146
109900068,65,5,60
109900069,2,31,-29
109900070,36,250,-214
109900071,3,28,-25
109900072,13,118,-105
109900073,344,293,51
109900074,7,38,-31
109900075,22,24,-2
109900076,24,190,-166
109900077,57,58,-1
109900078,88,162,-74
109900080,113,186,-73
109900081,16,196,-180
109900082,34,214,-180
109900083,40,68,-28
109900084,72,144,-72
109900085,182,422,-240
109900086,129,361,-232
109900087,301,385,-84
109900089,601,193,408
109900090,440,701,-261
109900091,340,84,256
109900092,585,14,571
109900093,850,135,715
109900094,64,56,8
109900095,109,155,-46
109900096,23,7,16
109900097,128,0,128
109900098,404,47,357
109900099,179,1,178
109900100,43,1,42
109900101,504,4,500
109900102,400,21,379
109900103,21,32,-11
109900104,531,368,163
109900105,450,12,438
109900106,334,56,278
109900107,441,63,378
109900108,90,167,-77
109900109,31,95,-64
109900110,53,214,-161
109900111,223,484,-261
109900112,280,396,-116
109900113,695,458,237
109900114,632,545,87
109900115,130,67,63
109900117,935,103,832
109900118,179,333,-154
109900119,527,217,310
109900120,116,25,91
109900121,303,365,-62
109900122,479,7,472
109900123,13,110,-97
109900124,29,240,-211
109900125,1,128,-127
109900126,303,73,230
109900128,294,25,269
109900130,3794,2130,1664
109900131,48,126,-78
109900132,28,151,-123
109900133,75,230,-155
109900134,63,57,6
109900135,247,67,180
109900136,31,97,-66
109900137,162,227,-65
109900140,186,115,71
109900142,1188,182,1006
109900145,8,453,-445
109900146,290,24,266
109900148,54,101,-47
109900149,53,61,-8
109900150,9,66,-57
109900151,3,74,-71
109900152,0,22,-22
109900153,0,49,-49
109900154,39,0,39
109900155,55,13,42
109900157,110,162,-52
109900158,54,94,-40
109900159,80,35,45
109900160,127,74,53
109900161,235,82,153
109900162,184,105,79
109900163,526,199,327
109900164,54,262,-208
109900165,368,8,360
109900166,0,231,-231
109900167,146,349,-203
109900168,203,512,-309
109900169,195,129,66
109900170,201,806,-605
109900171,177,66,111
109900172,289,213,76
109900173,1828,2224,-396
109900174,50,83,-33
109900175,92,47,45
109900176,98,97,1
109900177,43,185,-142
109900178,8,71,-63
109900179,25,17,8
109900180,5,14,-9
110000001,720,449,271
110000002,513,584,-71
110000003,569,593,-24
110000004,421,523,-102
110000005,371,1370,-999
110000006,193,268,-75
110000007,138,83,55
110000008,21,50,-29
110000009,51,23,28
110000010,31,46,-15
110000011,47,58,-11
110000012,436,246,190
110000013,32,341,-309
110000014,488,307,181
110000015,180,527,-347
110000016,210,1213,-1003
110000017,1853,197,1656
110000018,1725,278,1447
110000019,13,87,-74
110000020,415,216,199
110000021,339,358,-19
110000022,608,142,466
110000023,9,163,-154
110000024,498,319,179
110000025,449,9,440
110000026,4,214,-210
110000027,676,625,51
110000028,871,517,354
110000029,461,460,1
110000030,192,299,-107
110000031,274,263,11
110000032,672,303,369
110000033,201,56,145
110000034,401,499,-98
110000035,666,375,291
110000036,730,480,250
110000037,191,261,-70
110000038,225,481,-256
110000039,662,2408,-1746
110000040,268,225,43
110000041,304,1146,-842
110000042,95,278,-183
110000043,607,241,366
110000044,64,283,-219
110000045,341,72,269
110000046,6,20,-14
110000047,29,19,10
110000048,23,24,-1
110000049,19,8,11
110000050,4,18,-14
110000051,16,4,12
110000052,45,37,8
110000053,23,5,18
110000054,91,248,-157
110000055,295,29,266
110000056,124,66,58
110000057,407,421,-14
110000058,873,317,556
110000059,808,419,389
110000060,840,825,15
110000061,549,618,-69
110000062,497,635,-138
110000063,30,113,-83
110000064,103,50,53
110000065,84,82,2
110000066,71,34,37
110000067,47,127,-80
110000068,340,106,234
110000069,255,61,194
110000071,212,95,117
110000073,13,14,-1
110000075,14,64,-50
110000076,275,334,-59
110000077,294,839,-545
110000078,47,40,7
110000080,238,513,-275
110000081,57,168,-111
110000082,44,248,-204
110000083,170,427,-257
110000084,1159,785,374
110000085,1221,1261,-40
110000086,913,1688,-775
110000087,10,40,-30
110000088,129,181,-52
110000089,249,59,190
110000090,131,277,-146
110000091,762,190,572
110000092,17,50,-33
110000093,45,11,34
110000094,407,189,218
110000095,136,509,-373
110000096,1469,1644,-175
110000097,887,1223,-336
110000098,1561,566,995
110000099,723,1374,-651
110000100,1051,328,723
110000101,67,212,-145
110000102,60,42,18
110000104,375,122,253
110000105,48,295,-247
110000106,508,402,106
110000107,242,314,-72
110000108,152,80,72
110000109,238,207,31
110000110,1948,3896,-1948
110000111,3855,2376,1479
110000112,811,1101,-290
110000113,228,1851,-1623
110000114,191,487,-296
110000115,353,216,137
110000116,45,64,-19
110000117,268,195,73
110000118,398,124,274
110000119,231,195,36
110000120,328,121,207
110000121,80,313,-233
110000122,397,430,-33
110000123,535,604,-69
110000124,1,653,-652
110000125,840,11,829
110000126,301,25,276
110000127,1082,59,1023
110000128,17,866,-849
110000129,8,465,-457
110000130,339,200,139
110000131,97,298,-201
110000132,2,523,-521
110000133,37,397,-360
110000134,22,298,-276
110000135,187,17,170
110000136,54,206,-152
110000137,496,398,98
110000138,656,420,236
110000139,832,792,40
110000140,974,610,364
110000143,528,335,193
110000144,3807,1411,2396
110000145,1587,814,773
110000146,1137,568,569
110000147,457,544,-87
110000148,520,232,288
110000151,561,870,-309
110000152,603,302,301
110000153,109,28,81
110000154,10,22,-12
110000155,979,2978,-1999
110000156,1006,1855,-849
110000157,1315,1542,-227
110000160,401,251,150
110000161,191,201,-10
110000166,560,98,462
110000167,737,445,292
110000168,820,419,401
110000169,802,366,436
110000170,127,67,60
110000171,502,133,369
110000172,168,633,-465
110000173,772,761,11
110000174,144,543,-399
110000175,633,75,558
110000176,83,398,-315
110000177,173,773,-600
110000178,295,1291,-996
110000179,814,269,545
110000180,181,174,7
110000181,444,313,131
110000182,279,109,170
110000183,5167,5186,-19
110000184,233,2001,-1768
110000185,581,504,77
110000186,593,590,3
110000191,1062,239,823
110000192,660,12,648
110000193,1219,9,1210
110000194,14,742,-728
110000195,475,208,267
110000196,445,234,211
110000197,64,78,-14
110000198,96,42,54
110000199,49,106,-57
110000200,1044,449,595
110000201,1124,1030,94
110000202,975,575,400
110000203,512,445,67
110000204,8,193,-185
110000205,123,45,78
110000206,473,814,-341
110000207,1095,303,792
110000208,135,175,-40
110000209,107,530,-423
110000210,1058,315,743
110000211,789,464,325
110000212,354,840,-486
110000213,258,50,208
110000214,319,93,226
110000215,159,227,-68
110000216,113,257,-144
110000217,304,109,195
110000218,211,227,-16
110000219,379,66,313
110000220,63,175,-112
110000221,358,63,295
110000222,44,178,-134
110000223,4,193,-189
110000224,29,11,18
110000225,301,627,-326
110000226,188,48,140
110000227,772,798,-26
110000228,223,127,96
110000229,1,184,-183
110000230,409,458,-49
110000231,215,196,19
110000232,350,117,233
110000233,167,153,14
110000234,372,439,-67
110000235,636,686,-50
110000236,471,486,-15
110000237,1760,1036,724
110000238,1013,1142,-129
110000239,1695,914,781
110000240,1,50,-49
110000242,0,3,-3
110000243,108,85,23
110000244,140,263,-123
110000245,48,288,-240
110000246,794,398,396
110000247,926,3315,-2389
110000248,1519,1360,159
110000249,78,8,70
110000250,34,123,-89
110000251,301,339,-38
110000252,191,120,71
110000253,1209,624,585
110000254,579,648,-69
110000255,195,708,-513
110000256,402,243,159
110000257,534,402,132
110000258,8,262,-254
110000259,163,28,135
110000260,58,130,-72
110000263,451,80,371
110000264,266,294,-28
110000265,955,1471,-516
110000266,1135,2059,-924
110000267,17,114,-97
110000268,230,325,-95
110000269,6,50,-44
110000270,40,3,37
110000271,1085,226,859
110000272,916,768,148
110000273,2020,1082,938
110000274,179,1441,-1262
110000275,1520,480,1040
110000276,331,369,-38
110000277,314,288,26
110000278,332,585,-253
110000279,754,770,-16
110000280,406,354,52
110000281,33,299,-266
110000282,187,19,168
110000283,39,73,-34
110000284,72,34,38
110000285,4,396,-392
110000286,20,1,19
110000287,39,2,37
110000288,6,64,-58
110000289,325,1505,-1180
110000290,687,485,202
110000291,3261,1068,2193
110000292,1186,3796,-2610
110000293,723,520,203
110000294,1055,924,131
110000295,149,567,-418
110000296,369,288,81
110000297,1909,260,1649
110000298,197,467,-270
110000299,183,59,124
110000301,287,33,254
110000302,608,586,22
110000303,461,8,453
110000304,227,195,32
110000305,1102,26,1076
110000306,164,817,-653
110000307,1620,4,1616
110000308,503,33,470
110000309,6,575,-569
110000310,697,57,640
110000311,10,512,-502
110000312,437,119,318
110000313,2126,2566,-440
110000314,0,197,-197
110000315,2204,1980,224
110000316,442,1108,-666
110000317,245,484,-239
110000318,9,32,-23
110000319,37,16,21
110000320,63,28,35
110000321,14,33,-19
110000322,258,253,5
110000323,407,147,260
110000324,2447,1257,1190
110000325,1783,2798,-1015
110000327,312,247,65
110000328,180,296,-116
110000333,739,639,100
110000334,658,897,-239
110000335,666,427,239
110000336,599,684,-85
110000337,1315,454,861
110000338,439,175,264
110000339,295,169,126
110000340,102,157,-55
110000341,358,424,-66
110000342,210,5,205
110000343,1,20,-19
110000344,248,195,53
110000345,385,162,223
110000346,1535,1427,108
110000347,847,527,320
110000348,19,12,7
110000349,18,19,-1
110000350,58,10,48
110000351,798,606,192
110000352,617,1072,-455
110000353,1760,543,1217
110000354,975,2385,-1410
110000355,77,66,11
110000356,432,11,421
110000357,340,17,323
110000361,15,34,-19
110000362,101,6,95
110000363,415,95,320
110000364,182,224,-42
110000365,142,1,141
110000366,2,102,-100
110000367,280,86,194
110000368,7,47,-40
110000369,52,1,51
110000373,1,202,-201
110000374,103,21,82
110000375,86,822,-736
110000376,23,56,-33
110000377,57,372,-315
110000378,15,265,-250
110000379,1819,1447,372
110000380,51,7,44
110000383,1,1217,-1216
110000384,1299,1129,170
110000385,1,133,-132
110000387,64,7,57
110000388,32,151,-119
110000389,839,67,772
110000391,753,227,526
110000396,195,114,81
110000397,173,107,66
110000398,6,28,-22
110000399,105,0,105
110000587,166,54,112
110000589,210,107,103
110000640,176,43,133
110000652,13,121,-108
110000653,384,296,88
110000654,41,273,-232
110000656,0,289,-289
110000674,15,20,-5
110000675,15,5,10
110000676,2,37,-35
110000679,298,1017,-719
110000682,114,157,-43
110000683,210,355,-145
110000684,4,32,-28
110000685,4,6,-2
110000686,0,33,-33
110000687,29,2,27
110000688,62,967,-905
110000689,29,27,2
110000692,40,87,-47
110000693,49,193,-144
110000694,2,131,-129
110000695,166,505,-339
110000696,50,59,-9
110900001,268,14,254
110900002,359,172,187
110900003,784,337,447
110900004,471,102,369
110900005,1643,2111,-468
110900006,65,24,41
110900007,99,39,60
110900008,18,50,-32
110900009,372,136,236
110900010,14,51,-37
110900011,18,31,-13
110900012,17,91,-74
110900013,840,140,700
110900014,262,11,251
110900015,388,632,-244
110900016,98,96,2
110900017,383,29,354
110900018,387,47,340
110900019,220,18,202
110900020,123,154,-31
110900021,108,328,-220
110900022,103,198,-95
110900023,80,448,-368
110900024,33,213,-180
110900025,3,42,-39
110900027,24,163,-139
110900028,37,74,-37
110900029,14,213,-199
110900030,49,126,-77
110900031,4,101,-97
110900032,0,57,-57
110900033,46,138,-92
110900035,27,389,-362
110900036,72,22,50
110900037,70,13,57
110900038,543,218,325
110900039,14,182,-168
110900040,163,24,139
110900041,23,60,-37
110900042,147,61,86
110900043,7,64,-57
110900044,169,19,150
110900045,58,234,-176
110900046,14,102,-88
110900047,294,402,-108
110900049,113,69,44
110900050,18,1,17
110900051,51,142,-91
110900052,5,176,-171
110900053,124,22,102
110900054,32,155,-123
110900055,30,1,29
110900056,73,74,-1
110900057,4,98,-94
110900058,337,96,241
110900059,470,385,85
110900060,490,108,382
110900061,26,37,-11
110900062,185,165,20
110900063,40,126,-86
110900064,11,0,11
110900065,290,115,175
110900066,9,48,-39
110900067,194,495,-301
110900068,157,143,14
110900069,11,23,-12
110900070,115,47,68
110900071,227,522,-295
110900073,0,22,-22
110900074,404,88,316
110900075,392,76,316
110900077,840,473,367
110900078,56,45,11
110900079,1643,1160,483
110900080,127,84,43
110900081,14,44,-30
110900082,128,114,14
110900083,97,45,52
110900084,53,50,3
110900085,57,187,-130
110900086,83,326,-243
110900087,317,81,236
110900088,8,0,8
110900090,36,70,-34
110900091,0,51,-51
110900093,213,105,108
110900095,28,29,-1
110900097,8,31,-23
110900098,20,51,-31
110900099,35,290,-255
110900100,0,9,-9
110900102,43,12,31
110900105,574,167,407
110900108,15,45,-30
110900111,376,123,253
110900112,866,10,856
110900113,377,44,333
110900115,5,53,-48
110900116,641,1044,-403
110900118,71,2543,-2472
110900119,2125,195,1930
110900120,17,67,-50
110900121,115,1,114
110900122,430,140,290
110900125,420,408,12
110900127,443,999,-556
110900128,287,361,-74
110900129,310,818,-508
110900130,782,539,243
110900131,153,50,103
110900132,324,54,270
110900133,61,166,-105
110900135,65,183,-118
110900136,357,10,347
110900138,2,9,-7
110900139,7,1,6
110900140,0,0,0
110900141,403,239,164
110900142,79,98,-19
110900143,135,75,60
110900144,3,475,-472
110900145,261,85,176
110900146,194,191,3
110900147,106,251,-145
110900148,3,198,-195
110900149,1,68,-67
110900150,47,23,24
110900151,7,64,-57
110900152,22,150,-128
110900153,147,54,93
111000001,535,532,3
111000002,611,369,242
111000003,1312,626,686
111000004,453,788,-335
111000005,1189,1013,176
111000006,828,1296,-468
111000007,3146,2487,659
111000008,1483,2122,-639
111000009,346,495,-149
111000010,694,152,542
111000011,314,825,-511
111000012,504,266,238
111000013,389,964,-575
111000014,1201,417,784
111000017,92,760,-668
111000018,230,331,-101
111000020,720,1590,-870
111000021,102,79,23
111000023,89,104,-15
111000025,3249,3649,-400
111000029,98,112,-14
111000030,28,111,-83
111000031,1590,908,682
111000032,541,354,187
111000033,214,245,-31
111000034,94,210,-116
111000037,922,613,309
111000038,1999,1108,891
111000039,1444,1342,102
111000040,1504,1468,36
111000041,1418,1107,311
111000042,2083,1612,471
111000043,1443,3109,-1666
111000044,1475,1067,408
111000045,1330,1065,265
111000046,1272,1345,-73
111000047,2267,3367,-1100
111000049,313,338,-25
111000050,775,677,98
111000051,547,781,-234
111000052,597,1269,-672
111000053,291,554,-263
111000054,315,530,-215
111000055,1015,1253,-238
111000056,177,335,-158
111000057,116,383,-267
111000058,422,47,375
111000059,587,254,333
111000060,3455,699,2756
111000061,505,324,181
111000062,862,313,549
111000063,1654,867,787
111000064,747,499,248
111000065,953,811,142
111000066,471,277,194
111000067,576,476,100
111000068,629,820,-191
111000069,1402,1300,102
111000070,927,796,131
111000071,247,492,-245
111000072,1290,449,841
111000073,298,1062,-764
111000074,1382,1376,6
111000075,961,565,396
111000076,497,450,47
111000077,1134,905,229
111000078,2412,1128,1284
111000079,1027,584,443
111000080,498,541,-43
111000081,1250,3334,-2084
111000082,683,633,50
111000084,733,369,364
111000085,757,841,-84
111000086,1755,788,967
111000087,700,428,272
111000088,3474,2120,1354
111000089,643,665,-22
111000090,589,1149,-560
111000091,716,371,345
111000092,1266,700,566
111000093,690,939,-249
111000094,1829,1014,815
111000095,725,2056,-1331
111000096,1489,6510,-5021
111000097,3806,1560,2246
111000098,785,906,-121
111000099,543,1334,-791
111000100,402,1033,-631
111000101,386,581,-195
111000102,253,394,-141
111000104,472,156,316
111000107,123,546,-423
111000109,576,250,326
111000110,1156,516,640
111000111,2228,388,1840
111000112,1779,502,1277
111000113,893,1352,-459
111000114,1999,3181,-1182
111000115,3704,1072,2632
111000116,917,705,212
111000117,359,786,-427
111000118,1283,701,582
111000119,1096,682,414
111000120,490,467,23
111000121,327,565,-238
111000122,477,827,-350
111000123,1004,1730,-726
111000124,419,1703,-1284
111000125,323,954,-631
111000126,112,630,-518
111000127,900,160,740
111000128,2029,297,1732
111000129,2480,373,2107
111000130,2064,504,1560
111000131,1703,482,1221
111000132,1488,784,704
111000133,199,108,91
111000134,136,76,60
111000135,83,96,-13
111000136,384,269,115
111000138,26,6,20
111000140,1,6,-5
111000141,109,279,-170
111000142,18,140,-122
111000143,5,208,-203
111000144,31,705,-674
111000145,511,20,491
111000146,103,9,94
111000147,188,20,168
111000148,95,63,32
111000149,3,38,-35
111000150,28,6,22
111000151,6,36,-30
111000153,536,674,-138
111000154,570,227,343
111000155,88,165,-77
111000156,376,541,-165
111000157,185,776,-591
111000158,655,697,-42
111000159,2040,657,1383
111000160,351,319,32
111000161,7,254,-247
111000162,62,112,-50
111000163,668,478,190
111000164,511,1995,-1484
111000165,737,323,414
111000166,1061,229,832
111000167,205,267,-62
111000168,203,358,-155
111000169,277,494,-217
111000170,391,318,73
111000171,420,473,-53
111000172,149,318,-169
111000173,402,501,-99
111000174,208,200,8
111000175,46,205,-159
111000176,353,122,231
111000177,327,188,139
111000178,1159,209,950
111000179,285,105,180
111000180,189,380,-191
111000181,1266,194,1072
111000182,222,147,75
111000183,395,336,59
111000184,301,191,110
111000185,360,299,61
111000186,306,286,20
111000187,115,124,-9
111000188,232,292,-60
111000189,736,402,334
111000190,192,212,-20
111000191,179,205,-26
111000192,187,326,-139
111000193,286,239,47
111000194,64,272,-208
111000195,286,252,34
111000196,91,142,-51
111000197,442,138,304
111000198,806,79,727
111000199,217,148,69
111000200,390,304,86
111000201,632,229,403
111000202,326,173,153
111000203,337,287,50
111000204,450,1171,-721
111000213,222,393,-171
111000214,1406,995,411
111000215,1059,909,150
111000217,1380,824,556
111000218,851,762,89
111000219,664,485,179
111000220,921,426,495
111000221,407,90,317
111000224,29,198,-169
111000225,391,254,137
111000226,66,3,63
111000227,31,9,22
111000228,24,352,-328
111000229,50,827,-777
111000230,183,219,-36
111000231,968,507,461
111000232,757,716,41
111000233,890,510,380
111000234,112,332,-220
111000239,77,107,-30
111000240,58,146,-88
111000241,23,158,-135
111000242,188,54,134
111000243,186,352,-166
111000244,476,40,436
111000245,1208,261,947
111000246,539,230,309
111000247,397,496,-99
111000248,668,273,395
111000249,382,470,-88
111000250,53,58,-5
111000251,34,84,-50
111000253,28,17,11
111000255,54,7,47
111000257,56,17,39
111000260,106,837,-731
111000261,1137,83,1054
111000271,71,224,-153
111000273,1802,902,900
111000274,1115,1827,-712
111000275,159,48,111
111000276,247,1027,-780
111000277,163,276,-113
111000278,496,191,305
111000291,892,5274,-4382
111000298,501,152,349
111000299,686,154,532
111000300,109,445,-336
111000302,282,69,213
111000303,66,167,-101
111000312,48,64,-16
111000315,0,80,-80
111000320,207,321,-114
111000321,389,133,256
111000322,366,372,-6
111000323,276,63,213
111000324,325,180,145
111000325,62,42,20
111000326,285,279,6
111000327,387,263,124
111000328,470,736,-266
111000329,1,44,-43
111000330,47,5,42
111000331,20,5,15
111000332,1086,1736,-650
111000334,348,1019,-671
111000335,1379,225,1154
111000337,1305,303,1002
111000338,54,67,-13
111000339,643,174,469
111000340,195,491,-296
111000341,1225,591,634
111000342,164,1049,-885
111000344,923,635,288
111000345,93,91,2
111000346,17,156,-139
111000347,168,12,156
111000350,196,116,80
111000351,89,257,-168
111000352,217,118,99
111000353,138,188,-50
111000354,422,120,302
111000355,271,434,-163
111000358,227,716,-489
111000360,167,335,-168
111000361,152,166,-14
111000546,748,467,281
111000547,356,290,66
111000548,174,219,-45
111000549,279,214,65
111000550,94,814,-720
111000551,608,157,451
111000552,924,145,779
111000907,342,16,326
111000908,37,1,36
111000916,1697,218,1479
111000917,37,288,-251
111000918,181,425,-244
111000920,631,13,618
111000921,11,171,-160
111000922,567,205,362
111000924,36,467,-431
111000925,2911,1461,1450
111000926,1142,1674,-532
111000927,2406,3338,-932
111000928,3011,2056,955
111000929,1828,956,872
111000930,897,1630,-733
111000931,1718,1994,-276
111000932,3002,1441,1561
111000933,2721,2008,713
111000934,1484,2055,-571
111000935,1571,857,714
111000936,1028,1479,-451
111000937,1028,1062,-34
111000938,1239,1096,143
111000939,567,61,506
111000940,433,105,328
111000941,305,251,54
111000943,446,199,247
111000944,163,252,-89
111000945,74,892,-818
111001109,514,502,12
111001110,162,375,-213
111001111,69,1,68
111001112,80,0,80
111001113,5,145,-140
111001114,515,151,364
111001115,46,462,-416
111001116,2950,3373,-423
111001117,452,2089,-1637
111001120,155,246,-91
111001121,143,154,-11
111001122,172,320,-148
111001123,274,61,213
111001124,123,115,8
111001125,3,136,-133
111001126,5,0,5
111001127,0,26,-26
111001128,1001,682,319
111900001,2,155,-153
111900002,2,399,-397
111900003,1,201,-200
111900004,16,82,-66
111900006,19,53,-34
111900007,127,6,121
111900008,164,4,160
111900009,138,2,136
111900010,274,286,-12
111900012,51,46,5
111900013,10,33,-23
111900014,3168,3945,-777
111900015,0,29,-29
111900016,0,61,-61
111900017,0,46,-46
111900018,221,7,214
111900019,6,79,-73
111900020,2,22,-20
111900021,43,62,-19
111900022,15,41,-26
111900023,61,38,23
111900024,28,88,-60
111900025,0,45,-45
111900026,1,55,-54
111900027,6,85,-79
111900028,0,265,-265
111900029,3,55,-52
111900030,37,233,-196
111900031,0,15,-15
111900032,1,172,-171
111900033,6,63,-57
111900034,244,383,-139
111900035,63,204,-141
111900036,1,145,-144
111900038,233,434,-201
111900039,43,289,-246
111900040,4,321,-317
111900042,17,118,-101
111900043,1,202,-201
111900044,279,122,157
111900046,48,133,-85
111900048,155,377,-222
111900049,19,169,-150
111900050,91,38,53
111900051,2,126,-124
111900052,335,327,8
111900053,608,1229,-621
111900054,134,8,126
111900055,8,181,-173
111900056,172,250,-78
111900057,109,33,76
111900058,403,362,41
111900059,1122,564,558
111900060,340,7,333
111900061,6,76,-70
111900062,46,64,-18
111900063,365,262,103
111900064,99,112,-13
111900065,91,30,61
111900066,118,126,-8
111900067,4,277,-273
111900068,45,50,-5
111900069,89,23,66
111900070,152,89,63
111900071,2,190,-188
111900072,57,26,31
111900073,1126,134,992
111900074,14,140,-126
111900075,97,11,86
111900076,160,72,88
111900077,35,1,34
111900078,291,24,267
111900079,59,28,31
111900080,158,253,-95
111900082,118,30,88
111900083,166,11,155
111900084,125,3,122
111900085,35,98,-63
111900086,34,5,29
111900087,52,1,51
111900088,552,16,536
111900089,102,1,101
111900090,52,45,7
111900091,259,2,257
111900092,135,1,134
111900093,451,15,436
111900094,141,0,141
111900095,235,21,214
111900096,142,3,139
111900097,86,0,86
111900098,259,1,258
111900099,57,0,57
111900100,193,8,185
111900101,70,27,43
111900102,619,308,311
111900103,51,61,-10
111900104,113,45,68
111900105,248,146,102
111900106,573,35,538
111900110,1075,353,722
111900111,172,78,94
111900112,373,2895,-2522
111900113,181,73,108
111900118,283,84,199
111900119,330,129,201
111900122,75,56,19
111900123,22,26,-4
111900124,15,43,-28
111900125,578,44,534
111900126,232,6,226
111900127,2,460,-458
111900128,1,323,-322
111900129,226,1,225
111900130,128,32,96
111900131,456,3,453
111900132,24,612,-588
111900133,9,178,-169
111900134,6,173,-167
111900135,20,37,-17
111900136,73,127,-54
111900137,47,45,2
111900138,16,48,-32
111900139,16,58,-42
111900140,99,34,65
111900141,74,11,63
111900142,103,58,45
111900143,6,100,-94
111900144,12,79,-67
111900145,0,269,-269
111900146,2,152,-150
111900147,96,241,-145
111900148,23,405,-382
111900149,6,189,-183
111900150,6,81,-75
111900151,6,19,-13
111900152,83,79,4
111900153,899,566,333
111900154,18,360,-342
111900155,49,81,-32
111900156,60,67,-7
111900157,125,24,101
111900158,537,79,458
111900159,357,26,331
111900160,349,0,349
111900161,239,7,232
111900162,55,152,-97
111900163,34,164,-130
111900164,99,83,16
111901113,488,99,389
111901114,308,265,43
111901115,62,7,55
111901116,32,0,32
111901117,14,40,-26
111901118,48,291,-243
111901119,464,59,405
111901121,126,116,10
111901122,2,329,-327
111901123,233,173,60
111901124,249,3,246
111901125,535,178,357
111901127,416,530,-114
111901128,10,57,-47
111901129,3,88,-85
111901130,18,88,-70
111901131,2,190,-188
111901132,122,34,88
111901133,44,6,38
111901134,73,1,72
111901135,29,4,25
111901136,4,23,-19
111901138,182,34,148
111901139,51,23,28
111901140,10,65,-55
111901141,9,131,-122
111901142,5,90,-85
111901143,2,82,-80
111901144,34,35,-1
111901145,119,202,-83
111901146,272,21,251
111901147,329,235,94
111901148,10,58,-48
111901149,15,2,13
111901150,27,3,24
111901151,0,0,0
112000001,1497,593,904
112000002,540,1557,-1017
112000003,1361,805,556
112000004,547,545,2
112000005,3042,3128,-86
112000006,1480,1113,367
112000007,3171,2239,932
112000008,2030,3298,-1268
112000009,2408,1961,447
112000010,2518,2694,-176
112000011,1203,1079,124
112000012,2730,3834,-1104
112000013,2220,2235,-15
112000014,1613,1877,-264
112000015,2085,2546,-461
112000016,2390,1182,1208
112000017,1138,2164,-1026
112000024,1663,590,1073
112000026,2164,2465,-301
112000027,627,632,-5
112000028,831,1007,-176
112000029,592,554,38
112000030,110,54,56
112000031,1020,3597,-2577
112000032,184,36,148
112000033,1253,1825,-572
112000034,152,34,118
112000035,34,290,-256
112000036,408,744,-336
112000037,616,640,-24
112000038,1104,797,307
112000039,90,51,39
112000040,49,191,-142
112000041,202,187,15
112000042,764,254,510
112000050,1153,953,200
112000051,957,1099,-142
112000054,1097,1033,64
112000057,415,265,150
112000058,224,425,-201
112000059,425,619,-194
112000061,1914,1601,313
112000062,1152,844,308
112000063,809,1747,-938
112000064,2541,3848,-1307
112000065,1125,1692,-567
112000066,3538,1439,2099
112000067,504,513,-9
112000068,2866,2368,498
112000069,555,1302,-747
112000070,1690,941,749
112000071,818,1495,-677
112000072,2276,710,1566
112000073,998,1347,-349
112000074,1051,848,203
112000075,1359,970,389
112000076,2552,1788,764
112000077,644,391,253
112000078,1722,440,1282
112000079,1268,1054,214
112000080,702,589,113
112000081,867,1165,-298
112000082,1159,689,470
112000083,559,883,-324
112000084,1271,553,718
112000085,915,599,316
112000086,1497,762,735
112000087,428,237,191
112000088,927,341,586
112000089,246,406,-160
112000090,379,205,174
112000091,483,662,-179
112000092,1637,711,926
112000093,1520,674,846
112000094,679,680,-1
112000095,586,613,-27
112000096,689,776,-87
112000097,1201,648,553
112000098,804,631,173
112000099,718,1407,-689
112000100,1623,604,1019
112000101,552,614,-62
112000102,1276,467,809
112000103,309,670,-361
112000105,627,1030,-403
112000106,1700,436,1264
112000107,82,181,-99
112000108,340,1014,-674
112000109,199,136,63
112000110,1742,640,1102
112000111,706,2202,-1496
112000112,2591,606,1985
112000113,695,1182,-487
112000114,2047,825,1222
112000115,349,449,-100
112000116,645,661,-16
112000117,885,562,323
112000118,779,600,179
112000119,361,492,-131
112000120,71,221,-150
112000121,139,319,-180
112000122,295,211,84
112000123,784,174,610
112000124,404,65,339
112000125,208,223,-15
112000126,269,266,3
112000127,1743,1861,-118
112000128,546,580,-34
112000129,144,82,62
112000130,244,104,140
112000131,73,217,-144
112000132,164,212,-48
112000133,374,130,244
112000134,362,316,46
112000135,1181,547,634
112000136,755,962,-207
112000137,1461,1299,162
112000138,1109,976,133
112000139,747,604,143
112000140,711,926,-215
112000141,822,367,455
112000142,131,360,-229
112000143,1178,215,963
112000144,267,711,-444
112000145,2428,511,1917
112000146,523,1111,-588
112000147,2504,1550,954
112000148,1407,1385,22
112000149,420,403,17
112000150,191,417,-226
112000151,336,228,108
112000152,393,295,98
112000153,144,214,-70
112000154,121,192,-71
112000155,140,133,7
112000157,416,468,-52
112000158,235,273,-38
112000159,363,205,158
112000167,333,119,214
112000169,239,372,-133
112000173,772,222,550
112000175,374,282,92
112000176,1571,1659,-88
112000177,641,191,450
112000178,88,230,-142
112000179,257,82,175
112000180,384,442,-58
112000181,1099,1232,-133
112000182,1286,967,319
112000183,37,30,7
112000184,389,285,104
112000185,616,372,244
112000187,2958,1857,1101
112000195,120,13,107
112000196,160,0,160
112000197,125,125,0
112000198,26,239,-213
112000199,782,544,238
112000202,446,2,444
112000216,77,178,-101
112000230,118,7,111
112000231,9,177,-168
112000256,56,193,-137
112000313,52,88,-36
112000314,34,27,7
112000337,235,495,-260
112000352,229,385,-156
112000392,1108,1118,-10
112000398,1205,666,539
112000399,1156,1892,-736
112000400,1169,1460,-291
112000401,2024,1227,797
112000402,2397,2725,-328
112000403,1176,2485,-1309
112000404,1101,787,314
112000405,1830,3002,-1172
112000406,2751,1722,1029
112000407,6394,6790,-396
112000408,5546,3456,2090
112000409,1524,2684,-1160
112000410,397,302,95
112000411,2468,1475,993
112000412,1155,493,662
112000413,5255,5203,52
112000414,122,69,53
112000415,88,30,58
112000416,2716,1280,1436
112000417,312,51,261
112000421,58,69,-11
112000422,317,196,121
112000424,1493,2104,-611
112000425,382,636,-254
112000426,209,433,-224
112000427,0,12,-12
112000428,241,230,11
112000429,1488,1569,-81
112000430,1870,2051,-181
112000431,95,122,-27
112000432,542,832,-290
112000433,253,642,-389
112000437,68,127,-59
112900001,74,1,73
112900002,466,574,-108
112900003,110,297,-187
112900004,55,213,-158
112900005,276,162,114
112900006,10,256,-246
112900007,47,137,-90
112900008,1,64,-63
112900009,415,119,296
112900010,381,688,-307
112900011,115,149,-34
112900012,6,48,-42
112900013,1,103,-102
112900014,9,178,-169
112900015,291,561,-270
112900016,7,221,-214
112900017,28,120,-92
112900018,137,261,-124
112900019,24,113,-89
112900020,321,793,-472
112900021,4,159,-155
112900022,11,59,-48
112900023,2,115,-113
112900024,21,178,-157
112900025,55,208,-153
112900026,3,126,-123
112900027,4,644,-640
112900028,7,104,-97
112900029,14,408,-394
112900030,101,98,3
112900031,1,326,-325
112900032,179,199,-20
112900034,0,29,-29
112900035,1,267,-266
112900036,19,76,-57
112900037,134,200,-66
112900038,612,156,456
112900039,12,206,-194
112900040,3,272,-269
112900041,513,932,-419
112900042,57,250,-193
112900043,48,46,2
112900044,382,289,93
112900045,184,255,-71
112900046,136,41,95
112900047,14,22,-8
112900049,311,84,227
112900050,28,371,-343
112900051,218,366,-148
112900052,4,560,-556
112900053,232,123,109
112900054,164,76,88
112900055,93,41,52
112900056,324,200,124
112900057,27,324,-297
112900058,253,296,-43
112900059,97,108,-11
112900060,28,147,-119
112900061,95,77,18
112900062,71,84,-13
112900063,105,24,81
112900064,185,214,-29
112900065,36,31,5
112900066,205,172,33
112900067,289,127,162
112900068,53,45,8
112900069,1116,747,369
112900071,48,15,33
112900072,129,1991,-1862
112900073,365,108,257
112900074,75,310,-235
112900075,847,844,3
112900076,99,35,64
112900078,247,362,-115
112900079,285,46,239
112900080,73,1,72
112900081,66,181,-115
112900082,522,31,491
112900083,129,137,-8
112900084,228,123,105
112900086,183,2,181
112900087,823,119,704
112900088,106,12,94
112900089,812,41,771
112900090,66,41,25
112900091,266,9,257
112900092,110,339,-229
112900093,1243,21,1222
112900095,45,4,41
112900096,526,145,381
112900097,86,285,-199
112900098,57,2,55
112900099,792,20,772
112900100,83,3,80
112900101,327,5,322
112900102,111,11,100
112900103,222,7,215
112900104,316,3,313
112900105,23,0,23
112900106,336,116,220
112900107,5,0,5
112900108,6,0,6
112900109,126,1,125
112900110,1263,15,1248
112900111,722,7,715
112900112,414,2,412
112900113,0,14,-14
112900114,209,15,194
112900115,1415,2,1413
112900116,125,42,83
112900117,79,54,25
112900118,43,76,-33
112900119,203,4,199
112900120,628,243,385
112900121,75,113,-38
112900122,19,76,-57
112900123,73,16,57
112900124,15,82,-67
112900125,53,328,-275
112900126,162,137,25
112900127,308,81,227
112900128,148,521,-373
112900129,1,439,-438
112900130,199,63,136
112900131,39,200,-161
112900132,104,298,-194
112900133,21,790,-769
112900134,1,161,-160
112900135,64,44,20
112900137,2,407,-405
112900138,4,148,-144
112900139,175,814,-639
112900141,548,27,521
112900142,69,157,-88
112900143,29,267,-238
112900144,1,323,-322
112900145,29,306,-277
112900146,2,733,-731
112900147,7,1079,-1072
112900148,50,2,48
112900149,270,466,-196
112900151,35,64,-29
112900152,2862,678,2184
112900153,1399,1979,-580
112900154,0,104,-104
112900155,127,22,105
112900156,348,687,-339
112900157,518,152,366
112900158,73,27,46
112900159,197,139,58
112900160,58,199,-141
112900161,115,58,57
112900162,27,31,-4
112900163,71,56,15
112900164,35,199,-164
112900165,120,15,105
112900166,12,80,-68
112900167,10,68,-58
112900168,7,1,6
112900169,13,16,-3
112900170,247,92,155
112900172,41,20,21
112900173,153,67,86
112900174,188,51,137
112900175,138,121,17
112900176,16,79,-63
112900177,230,61,169
112900178,700,2376,-1676
112900179,44,346,-302
112900180,1542,990,552
112900181,563,15,548
112900182,39,570,-531
112900183,150,268,-118
112900184,360,337,23
112900185,190,539,-349
112900186,915,761,154
112900187,90,467,-377
112900188,474,655,-181
112900189,12,10,2
112900190,17,54,-37
112900192,539,625,-86
112900193,1135,366,769
112900194,81,70,11
112900195,647,41,606
112900196,205,273,-68
112900197,116,311,-195
112900199,706,402,304
112900200,482,169,313
112900201,130,80,50
112900202,359,483,-124
112900203,237,194,43
112900204,759,524,235
112900205,12,9,3
112900206,32,73,-41
112900207,28,2,26
112900208,92,282,-190
112900209,456,270,186
112900210,2,24,-22
112900211,85,21,64
112900212,0,98,-98
112900213,31,16,15
112900214,11,16,-5
112900215,12,112,-100
112900216,43,56,-13
112900217,1,36,-35
112900218,87,3,84
112900219,160,49,111
112900220,3,0,3
112900221,44,57,-13
112900222,0,50,-50
112900223,770,17,753
112900224,336,310,26
112900225,376,249,127
112900226,182,272,-90
112900227,539,573,-34
112900228,54,25,29
112900229,213,42,171
112900230,4697,2917,1780
112900232,178,316,-138
112900233,51,130,-79
112900234,15,79,-64
112900235,121,23,98
112900236,259,7,252
112900237,242,204,38
112900238,2,23,-21
112900239,467,386,81
112900240,13,29,-16
112900241,12,68,-56
112900242,22,100,-78
112900243,8,98,-90
112900244,8,45,-37
112900245,1,40,-39
112900246,0,12,-12
112900247,86,22,64
112900248,19,0,19
112900249,36,3,33
112900250,79,27,52
112900251,70,4,66
112900252,78,19,59
112900253,52,7,45
112900254,16,6,10
112900255,1,24,-23
112900256,1,56,-55
112900257,19,25,-6
112900258,37,16,21
113000001,4622,3389,1233
113000002,2971,2686,285
113000003,1504,1077,427
113000004,1262,1604,-342
113000005,1412,732,680
113000006,915,962,-47
113000007,1508,828,680
113000008,1199,1181,18
113000009,969,538,431
113000010,1102,924,178
113000011,622,1046,-424
113000012,1432,450,982
113000013,936,571,365
113000014,1090,1110,-20
113000015,232,168,64
113000016,269,646,-377
113000017,20,240,-220
113000018,295,34,261
113000019,64,267,-203
113000020,352,71,281
113000021,860,447,413
113000022,622,978,-356
113000025,118,299,-181
113000026,443,377,66
113000027,463,542,-79
113000028,451,447,4
113000029,810,651,159
113000030,255,512,-257
113000031,231,258,-27
113000032,230,308,-78
113000033,255,401,-146
113000034,282,277,5
113000035,23,30,-7
113000036,12,44,-32
113000037,40,18,22
113000038,20,39,-19
113000039,67,295,-228
113000040,55,95,-40
113000042,514,454,60
113000051,742,1741,-999
113000052,1635,611,1024
113000053,376,287,89
113000054,375,537,-162
113000055,1167,379,788
113000056,904,806,98
113000058,637,668,-31
113000059,899,494,405
113000060,277,414,-137
113000061,492,692,-200
113000062,641,287,354
113000063,210,63,147
113000064,73,193,-120
113000065,141,531,-390
113000066,654,98,556
113000067,2196,877,1319
113000068,350,868,-518
113000069,469,705,-236
113000070,2147,767,1380
113000071,373,468,-95
113000072,717,387,330
113000073,213,824,-611
113000074,781,301,480
113000075,1562,613,949
113000076,565,1844,-1279
113000077,921,637,284
113000078,580,1859,-1279
113000079,510,800,-290
113000080,617,700,-83
113000081,692,827,-135
113000082,1134,693,441
113000083,432,730,-298
113000084,1342,910,432
113000085,770,659,111
113000086,1415,1055,360
113000087,1012,850,162
113000088,1553,1027,526
113000089,722,1234,-512
113000090,220,490,-270
113000091,425,397,28
113000094,1064,186,878
113000095,172,609,-437
113000096,122,518,-396
113000097,992,407,585
113000098,115,32,83
113000099,864,357,507
113000100,124,282,-158
113000101,318,508,-190
113000102,533,479,54
113000103,1365,299,1066
113000104,465,1604,-1139
113000105,721,309,412
113000106,279,274,5
113000107,747,655,92
113000108,615,763,-148
113000109,565,1249,-684
113000110,1499,329,1170
113000111,212,537,-325
113000112,349,311,38
113000113,883,317,566
113000114,330,1081,-751
113000116,535,267,268
113000117,611,102,509
113000118,81,379,-298
113000119,369,263,106
113000120,69,221,-152
113000121,385,722,-337
113000124,323,115,208
113000125,71,698,-627
113000127,1764,268,1496
113000128,450,335,115
113000129,403,493,-90
113000133,1465,1051,414
113000134,8,777,-769
113000135,3494,3950,-456
113000137,1163,2903,-1740
113000139,294,212,82
113000140,101,236,-135
113000141,130,198,-68
113000142,363,842,-479
113000143,237,221,16
113000144,297,593,-296
113000145,51,104,-53
113000146,124,44,80
113000147,153,67,86
113000148,162,86,76
113000149,64,85,-21
113000150,463,222,241
113000151,42,40,2
113000152,33,56,-23
113000153,882,368,514
113000154,556,1158,-602
113000155,316,522,-206
113000156,135,314,-179
113000157,270,551,-281
113000158,519,212,307
113000159,738,598,140
113000160,593,714,-121
113000161,259,235,24
113000162,600,252,348
113000163,138,65,73
113000164,41,68,-27
113000166,204,97,107
113000167,51,79,-28
113000168,84,96,-12
113000169,205,67,138
113000170,126,102,24
113000171,59,88,-29
113000172,219,74,145
113000173,96,30,66
113000174,128,269,-141
113000175,437,103,334
113000176,418,148,270
113000177,163,328,-165
113000178,167,230,-63
113000179,248,212,36
113000180,463,925,-462
113000181,1038,651,387
113000182,118,293,-175
113000183,93,403,-310
113000184,44,86,-42
113000189,380,840,-460
113000190,591,431,160
113000192,807,2299,-1492
113000193,1764,2005,-241
113000194,833,762,71
113000195,1224,948,276
113000196,164,75,89
113000197,1336,987,349
113000198,80,169,-89
113000199,1031,326,705
113000201,229,286,-57
113000202,3414,941,2473
113000203,168,138,30
113000204,803,2438,-1635
113000205,17,14,3
113000206,4,35,-31
113000207,50,11,39
113000208,21,28,-7
113000209,12,16,-4
113000210,5,26,-21
113000211,136,245,-109
113000212,66,31,35
113000213,21,116,-95
113000214,176,203,-27
113000234,180,644,-464
113000410,99,192,-93
113000411,1722,2946,-1224
113000412,3886,1984,1902
113000413,1555,2467,-912
113000414,3662,10405,-6743
113000415,1683,2047,-364
113000416,5138,2901,2237
113000417,2158,1915,243
113000418,3714,2976,738
113000419,1498,1750,-252
113000420,3181,4847,-1666
113000421,3366,5559,-2193
113000422,8498,8671,-173
113000423,1520,4376,-2856
113000424,2009,8176,-6167
113000425,12,62,-50
113000428,15,8,7
113000430,5,22,-17
113000432,1776,171,1605
113000433,75,526,-451
113000434,8,144,-136
113000435,28,226,-198
113000436,63,1000,-937
113000437,1019,19,1000
113000438,275,12,263
113000439,20,79,-59
113000440,155,38,117
113000441,221,172,49
113000442,138,139,-1
113000443,287,141,146
113000444,207,130,77
113000445,132,93,39
113000446,38,73,-35
113000448,145,125,20
113000449,150,575,-425
113000450,459,1602,-1143
113000451,1186,186,1000
113000452,189,378,-189
113000453,82,318,-236
113000454,343,71,272
113000455,36,308,-272
113000456,2912,2077,835
113000468,1094,121,973
113000469,50,66,-16
113000470,362,22,340
113000471,5,357,-352
113000472,74,262,-188
113000474,660,490,170
113000475,1117,1084,33
113000476,1324,1539,-215
113000477,2671,1422,1249
113000478,2939,3269,-330
113000479,68,130,-62
113000485,1,0,1
113000486,2,0,2
113000487,0,0,0
113000488,0,0,0
113000489,0,0,0
113000490,0,0,0
113000491,4,1,3
113000492,0,0,0
113000495,155,151,4
113000496,153,92,61
113000497,0,0,0
113000499,0,0,0
113900001,3,238,-235
113900002,1,38,-37
113900003,0,32,-32
113900004,3,46,-43
113900005,1,48,-47
113900006,1,26,-25
113900007,9,2,7
113900008,20,3,17
113900009,35,4,31
113900010,35,5,30
113900011,76,0,76
113900012,22,0,22
113900013,150,4,146
113900014,433,9,424
113900015,0,40,-40
113900016,29,0,29
113900017,3,49,-46
113900018,329,206,123
113900019,133,66,67
113900020,154,1,153
113900022,42,0,42
113900023,22,0,22
113900024,82,37,45
113900025,221,15,206
113900026,48,0,48
113900027,9,46,-37
113900028,31,320,-289
113900029,86,130,-44
113900030,250,0,250
113900031,23,0,23
113900032,42,0,42
113900033,72,60,12
113900035,45,0,45
113900036,24,67,-43
113900037,172,305,-133
113900038,55,108,-53
113900039,168,19,149
113900040,8,7,1
113900041,11,2,9
113900042,82,31,51
113900043,141,95,46
113900044,207,260,-53
113900045,70,2,68
113900046,264,443,-179
113900047,50,136,-86
113900048,114,101,13
113900049,433,297,136
113900050,255,384,-129
113900051,187,260,-73
113900052,106,114,-8
113900053,405,391,14
113900054,21,0,21
113900055,99,320,-221
113900056,35,230,-195
113900057,19,43,-24
113900058,65,100,-35
113900059,220,246,-26
113900060,162,274,-112
113900061,473,176,297
113900062,137,9,128
113900063,111,149,-38
113900064,18,74,-56
113900065,370,16,354
113900066,367,237,130
113900067,167,190,-23
113900068,394,423,-29
113900069,25,26,-1
113900070,147,346,-199
113900071,76,87,-11
113900072,48,110,-62
113900073,258,278,-20
113900074,182,274,-92
113900075,973,1099,-126
113900076,138,13,125
113900077,26,130,-104
113900078,32,109,-77
113900079,0,31,-31
113900080,441,138,303
113900081,60,123,-63
113900082,115,164,-49
113900083,346,268,78
113900084,193,108,85
113900085,47,244,-197
113900086,50,8,42
113900087,79,110,-31
113900088,70,89,-19
113900089,312,40,272
113900090,569,352,217
113900091,13,10,3
113900092,77,62,15
113900093,69,694,-625
113900094,419,250,169
113900095,127,93,34
113900096,256,50,206
113900097,48,84,-36
113900098,646,95,551
113900099,4,36,-32
113900100,0,0,0
113900101,37,60,-23
113900102,94,163,-69
113900103,239,244,-5
113900104,126,184,-58
113900105,113,157,-44
113900106,3,30,-27
113900107,2,15,-13
113900108,168,226,-58
113900109,279,174,105
113900110,45,15,30
113900111,135,87,48
113900112,143,43,100
113900113,815,374,441
113900114,0,40,-40
113900115,2,67,-65
113900116,90,118,-28
113900117,58,25,33
113900118,175,372,-197
113900119,226,432,-206
113900120,60,46,14
113900121,58,75,-17
113900122,333,1991,-1658
113900123,460,175,285
113900124,0,45,-45
113900125,564,95,469
113900126,148,39,109
113900127,268,650,-382
113900128,134,70,64
113900129,14,165,-151
113900130,2,64,-62
113900131,242,62,180
113900132,71,72,-1
113900133,4,38,-34
113900135,253,255,-2
113900136,91,64,27
113900137,311,250,61
113900138,48,163,-115
113900139,255,198,57
113900140,166,235,-69
113900141,452,207,245
113900142,151,51,100
113900143,9,26,-17
113900144,138,231,-93
113900145,375,157,218
113900146,140,48,92
113900148,130,252,-122
113900149,161,79,82
113900150,286,373,-87
113900151,335,200,135
113900152,42,34,8
113900153,189,457,-268
113900154,3,79,-76
113900155,168,169,-1
113900156,146,303,-157
113900157,68,259,-191
113900158,213,316,-103
113900159,22,196,-174
113900160,428,402,26
113900161,56,201,-145
113900162,239,599,-360
113900163,192,270,-78
113900164,279,52,227
113900165,884,327,557
113900166,87,161,-74
113900167,327,43,284
113900168,104,73,31
113900169,198,290,-92
113900171,191,81,110
113900172,13,131,-118
113900173,49,407,-358
113900174,425,448,-23
113900175,355,145,210
113900176,295,357,-62
113900177,324,132,192
113900178,526,117,409
113900179,38,313,-275
113900180,93,70,23
113900181,713,105,608
113900182,554,662,-108
113900183,44,62,-18
113900184,10,240,-230
113900185,186,68,118
113900186,23,28,-5
113900187,22,128,-106
113900188,56,112,-56
113900189,227,111,116
113900190,192,112,80
113900191,78,129,-51
113900192,4,400,-396
113900193,23,144,-121
113900194,1150,706,444
113900195,212,300,-88
113900196,8,117,-109
113900197,0,120,-120
113900198,22,220,-198
113900199,117,521,-404
113900200,15,156,-141
113900201,0,117,-117
113900202,25,199,-174
113900203,0,78,-78
113900204,39,368,-329
113900205,11,150,-139
113900206,6,109,-103
113900207,1,44,-43
113900208,0,48,-48
113900209,0,66,-66
113900210,427,552,-125
113900211,170,83,87
113900212,181,359,-178
113900214,294,419,-125
113900215,75,77,-2
113900216,103,481,-378
113900217,82,179,-97
113900218,135,109,26
113900219,107,314,-207
113900220,131,115,16
113900221,313,236,77
113900222,202,468,-266
113900223,130,608,-478
113900224,110,51,59
113900225,508,194,314
113900226,328,68,260
113900227,438,169,269
113900228,235,426,-191
113900229,69,651,-582
113900230,2652,2632,20
113900231,143,113,30
113900232,103,86,17
113900233,65,62,3
113900234,259,410,-151
113900235,95,36,59
113900236,192,204,-12
113900237,145,8,137
113900238,192,429,-237
113900239,46,88,-42
113900240,8,168,-160
113900241,98,62,36
113900242,44,129,-85
113900243,68,321,-253
113900244,216,148,68
113900245,957,248,709
113900246,12,20,-8
113900247,97,423,-326
113900248,1620,1534,86
113900249,629,471,158
113900250,68,139,-71
113900251,726,119,607
113900252,496,28,468
113900253,486,46,440
113900254,670,130,540
113900255,454,12,442
113900256,325,19,306
113900257,17,374,-357
113900258,17,243,-226
113900259,502,110,392
113900260,205,11,194
113900261,35,60,-25
113900262,168,375,-207
113900263,126,443,-317
113900264,2,350,-348
113900265,205,228,-23
113900266,34,145,-111
113900267,82,379,-297
113900268,273,464,-191
113900269,70,76,-6
113900270,186,506,-320
113900271,455,735,-280
113900273,24,7,17
113900274,64,25,39
113900275,51,66,-15
113900276,0,90,-90
113900277,121,7,114
113900278,255,154,101
113900279,62,84,-22
113900280,1320,409,911
113900281,475,1004,-529
113900282,692,634,58
113900283,401,444,-43
113900284,636,139,497
113900285,100,22,78
113900286,16,93,-77
113900287,56,19,37
113900288,1,80,-79
113900289,637,91,546
113900290,194,249,-55
113900291,94,120,-26
113900292,7,3,4
113900293,12,155,-143
113900294,542,14,528
113900295,307,447,-140
113900296,1412,358,1054
113900297,1935,31,1904
113900298,24,1321,-1297
113900299,108,108,0
113900300,3082,3284,-202
113900301,969,388,581
113900302,1725,809,916
113900303,358,416,-58
113900304,1,71,-70
113900305,124,2,122
113900306,81,8,73
113900307,14,0,14
113900308,92,115,-23
113900309,1,366,-365
113900310,1,5,-4
113900311,1,3,-2
113900312,164,271,-107
113900313,14,6,8
113900314,0,8,-8
113900315,51,4,47
114000001,839,1663,-824
114000002,307,239,68
114000003,179,604,-425
114000004,383,287,96
114000005,268,174,94
114000006,1963,1487,476
114000007,595,859,-264
114000008,1073,1448,-375
114000009,780,259,521
114000011,2534,1688,846
114000012,2482,1266,1216
114000013,1524,1028,496
114000014,567,341,226
114000015,1791,299,1492
114000016,224,226,-2
114000017,80,339,-259
114000018,154,27,127
114000026,1784,761,1023
114000027,3081,1415,1666
114000028,2126,2205,-79
114000038,298,122,176
114000039,146,142,4
114000040,113,204,-91
114000042,179,118,61
114000043,331,207,124
114000044,329,137,192
114000045,52,42,10
114000046,2299,3762,-1463
114000047,4,76,-72
114000048,94,135,-41
114000049,1119,1218,-99
114000050,1383,1937,-554
114000051,2487,2145,342
114000052,2871,1973,898
114000053,105,696,-591
114000054,189,704,-515
114000055,238,45,193
114000056,569,875,-306
114000057,3431,1465,1966
114000058,314,1325,-1011
114000059,170,288,-118
114000060,520,708,-188
114000061,2628,2730,-102
114000062,1209,1302,-93
114000063,1788,1205,583
114000064,3485,3045,440
114000065,1339,1625,-286
114000066,323,434,-111
114000067,10,640,-630
114000068,474,606,-132
114000069,778,498,280
114000070,1663,1526,137
114000071,615,379,236
114000072,388,162,226
114000073,5,58,-53
114000074,48,13,35
114000075,61,63,-2
114000076,34,85,-51
114000077,5,19,-14
114000078,262,369,-107
114000079,129,29,100
114000080,43,71,-28
114000081,72,66,6
114000082,32,303,-271
114000083,78,180,-102
114000084,323,89,234
114000085,105,433,-328
114000086,242,273,-31
114000087,127,117,10
114000088,55,15,40
114000089,494,265,229
114000090,750,749,1
114000091,947,688,259
114000092,792,359,433
114000093,1298,635,663
114000094,341,321,20
114000095,195,143,52
114000096,35,133,-98
114000097,131,226,-95
114000098,635,69,566
114000099,658,372,286
114000100,1516,534,982
114000101,407,452,-45
114000102,582,230,352
114000103,117,312,-195
114000104,66,159,-93
114000105,133,70,63
114000106,577,1067,-490
114000107,420,119,301
114000108,1361,880,481
114000109,690,1450,-760
114000110,569,960,-391
114000111,1729,684,1045
114000112,524,1534,-1010
114000113,1641,479,1162
114000114,1107,1123,-16
114000115,2367,993,1374
114000116,758,1740,-982
114000117,2742,402,2340
114000118,2386,391,1995
114000119,1695,391,1304
114000120,463,460,3
114000121,421,552,-131
114000122,402,262,140
114000123,1963,282,1681
114000124,823,219,604
114000125,723,800,-77
114000126,1581,230,1351
114000127,207,152,55
114000128,755,287,468
114000130,558,407,151
114000131,344,74,270
114000132,536,320,216
114000133,698,861,-163
114000134,78,57,21
114000138,38,148,-110
114000139,495,282,213
114000144,886,502,384
114000145,57,95,-38
114000146,97,142,-45
114000147,1152,1994,-842
114000148,1520,1473,47
114000149,380,294,86
114000150,1017,1177,-160
114000151,1251,2147,-896
114000152,52,35,17
114000153,743,2060,-1317
114000154,580,749,-169
114000155,1026,1878,-852
114000156,551,538,13
114000157,242,911,-669
114000158,1190,595,595
114000159,161,348,-187
114000160,130,330,-200
114000161,1158,2536,-1378
114000162,1046,2349,-1303
114000163,12,71,-59
114000165,494,275,219
114000166,471,313,158
114000167,2143,1327,816
114000168,628,459,169
114000169,1214,1061,153
114000170,1181,917,264
114000171,1049,3745,-2696
114000174,191,327,-136
114000176,281,349,-68
114000177,1230,571,659
114000178,57,26,31
114000179,1035,710,325
114000180,312,464,-152
114000181,1389,3039,-1650
114000182,1403,1705,-302
114000183,771,688,83
114000184,1855,685,1170
114000185,954,663,291
114000189,1045,139,906
114000190,2580,403,2177
114000191,67,78,-11
114000192,149,869,-720
114000193,388,1342,-954
114000194,1135,551,584
114000195,181,32,149
114000196,2,133,-131
114000197,1380,55,1325
114000198,560,247,313
114000199,1576,1646,-70
114000200,465,1031,-566
114000201,143,498,-355
114000202,673,335,338
114000203,601,468,133
114000204,253,329,-76
114000205,206,859,-653
114000206,483,995,-512
114000207,462,913,-451
114000208,363,1356,-993
114000209,454,1355,-901
114000210,214,657,-443
114000211,858,1403,-545
114000212,565,582,-17
114000213,1280,413,867
114000214,79,150,-71
114000215,162,54,108
114000216,1164,361,803
114000217,388,169,219
114000218,113,196,-83
114000219,1130,129,1001
114000220,23,590,-567
114000221,759,168,591
114000222,135,659,-524
114000223,516,128,388
114000224,70,449,-379
114000225,246,383,-137
114000226,192,220,-28
114000227,846,420,426
114000228,763,481,282
114000229,1195,914,281
114000230,1502,829,673
114000231,857,1034,-177
114000232,820,141,679
114000233,1898,93,1805
114000234,945,684,261
114000235,841,865,-24
114000236,0,290,-290
114000237,107,667,-560
114000238,192,183,9
114000239,194,702,-508
114000240,657,627,30
114000241,204,542,-338
114000242,630,566,64
114000243,1465,641,824
114000244,867,204,663
114000245,292,707,-415
114000246,75,37,38
114000247,859,407,452
114000248,1115,440,675
114000249,477,495,-18
114000250,481,458,23
114000251,401,124,277
114000252,76,29,47
114000253,34,95,-61
114000254,83,49,34
114000255,514,163,351
114000256,748,1684,-936
114000257,465,875,-410
114000258,294,292,2
114000259,81,198,-117
114000260,0,26,-26
114000261,25,24,1
114000262,259,103,156
114000263,15,0,15
114000264,1072,301,771
114000265,0,2,-2
114000267,9,1385,-1376
114000268,4,818,-814
114000270,170,3,167
114000271,315,46,269
114000283,1124,313,811
114000285,28,135,-107
114000288,156,258,-102
114000289,1260,157,1103
114000293,183,350,-167
114000294,168,244,-76
114000395,1270,38,1232
114000396,603,507,96
114000402,461,208,253
114000403,283,238,45
114000405,204,253,-49
114000423,331,221,110
114000424,429,92,337
114000425,839,218,621
114000426,309,736,-427
114000427,58,65,-7
114000428,137,171,-34
114000429,9,159,-150
114000432,111,74,37
114000434,26,61,-35
114000435,1,110,-109
114900001,590,600,-10
114900002,411,79,332
114900003,669,842,-173
114900004,240,315,-75
114900005,579,488,91
114900006,70,51,19
114900007,293,30,263
114900008,172,72,100
114900010,1301,1474,-173
114900011,227,113,114
114900013,239,122,117
114900018,1081,43,1038
114900020,153,105,48
114900022,46,574,-528
114900025,497,176,321
114900026,129,101,28
114900029,179,28,151
114900030,286,159,127
114900031,372,37,335
114900032,331,17,314
114900034,59,115,-56
114900035,109,256,-147
114900036,177,353,-176
114900039,472,305,167
114900040,73,74,-1
114900041,740,297,443
114900042,820,342,478
114900044,117,29,88
114900047,201,1872,-1671
114900048,116,238,-122
114900049,29,184,-155
114900050,49,250,-201
114900051,15,260,-245
114900052,40,196,-156
114900053,112,240,-128
114900054,45,75,-30
114900057,132,7,125
114900058,0,55,-55
114900059,102,68,34
114900063,62,117,-55
114900064,1536,288,1248
114900065,434,496,-62
114900067,59,288,-229
114900068,66,181,-115
114900069,165,105,60
114900070,542,271,271
114900072,5,219,-214
114900073,2,105,-103
114900074,622,406,216
114900075,194,5,189
114900076,7,213,-206
114900080,1196,305,891
114900082,2729,2036,693
114900083,889,825,64
114900090,360,128,232
114900091,121,121,0
114900097,173,4,169
114900098,7,160,-153
114900099,139,11,128
115000001,3608,2215,1393
115000002,3415,4067,-652
115000003,3608,1831,1777
115000004,3952,5228,-1276
115000005,1345,1460,-115
115000006,986,1196,-210
115000007,232,169,63
115000008,354,435,-81
115000009,189,189,0
115000010,260,179,81
115000013,58,191,-133
115000015,75,308,-233
115000016,56,224,-168
115000019,45,368,-323
115000020,94,558,-464
115000021,199,312,-113
115000022,460,295,165
115000023,386,518,-132
115000024,771,373,398
115000025,741,582,159
115000026,136,336,-200
115000027,279,279,0
115000028,161,587,-426
115000029,614,83,531
115000030,580,853,-273
115000031,1230,177,1053
115000032,10,220,-210
115000033,217,36,181
115000034,85,881,-796
115000035,839,92,747
115000036,2,300,-298
115000037,495,14,481
115000038,43,162,-119
115000039,2544,2526,18
115000040,3538,2207,1331
115000041,1509,3337,-1828
115000042,718,496,222
115000043,3580,1964,1616
115000044,3209,2408,801
115000045,1902,997,905
115000046,2365,1900,465
115000047,2089,1207,882
115000048,1582,1404,178
115000049,1425,2131,-706
115000050,2753,1557,1196
115000051,1440,2644,-1204
115000052,1556,1307,249
115000053,1636,1467,169
115000054,509,827,-318
115000055,234,1019,-785
115000056,279,436,-157
115000057,334,1116,-782
115000058,231,387,-156
115000059,148,113,35
115000061,124,137,-13
115000062,177,177,0
115000063,367,205,162
115000064,182,63,119
115000065,76,454,-378
115000067,200,9,191
115000069,55,186,-131
115000070,25,571,-546
115000071,81,19,62
115000072,8,51,-43
115000073,1106,66,1040
115000075,134,47,87
115000076,2344,1653,691
115000077,1717,1395,322
115000078,1083,890,193
115000079,1390,1139,251
115000080,2191,1445,746
115000081,401,600,-199
115000082,3542,2937,605
115000083,1697,1255,442
115000084,2140,868,1272
115000085,673,582,91
115000086,1169,612,557
115000087,404,1010,-606
115000088,1546,541,1005
115000089,1102,924,178
115000090,466,744,-278
115000091,244,684,-440
115000092,638,377,261
115000093,453,4,449
115000094,4355,4803,-448
115000095,3428,5153,-1725
115000096,743,988,-245
115000097,1071,855,216
115000098,1018,552,466
115000099,2329,1673,656
115000100,996,327,669
115000101,370,969,-599
115000102,475,202,273
115000103,270,534,-264
115000105,55,108,-53
115000106,568,300,268
115000107,154,313,-159
115000108,2160,1866,294
115000109,3102,3853,-751
115000110,1078,1285,-207
115000111,523,1169,-646
115000112,534,557,-23
115000113,471,570,-99
115000114,1612,547,1065
115000116,3154,1897,1257
115000117,2902,2405,497
115000118,2225,1535,690
115000119,1782,1786,-4
115000120,547,1219,-672
115000121,928,618,310
115000122,1918,1447,471
115000123,991,1895,-904
115000124,639,792,-153
115000125,331,487,-156
115000126,131,260,-129
115000127,293,94,199
115000128,424,733,-309
115000129,234,351,-117
115000130,398,579,-181
115000131,715,249,466
115000132,460,393,67
115000133,913,396,517
115000134,511,183,328
115000135,231,172,59
115000136,235,254,-19
115000137,125,110,15
115000138,383,263,120
115000139,327,172,155
115000140,366,252,114
115000141,253,154,99
115000142,146,185,-39
115000143,745,482,263
115000144,406,58,348
115000145,213,209,4
115000146,377,273,104
115000147,270,314,-44
115000148,237,482,-245
115000149,602,210,392
115000150,557,435,122
115000151,997,366,631
115000152,575,505,70
115000153,1047,548,499
115000154,680,287,393
115000155,530,585,-55
115000156,845,550,295
115000157,405,589,-184
115000158,370,351,19
115000159,511,449,62
115000160,373,322,51
115000161,96,271,-175
115000162,505,667,-162
115000163,364,568,-204
115000164,588,475,113
115000165,290,364,-74
115000167,172,67,105
115000168,414,247,167
115000169,380,289,91
115000170,116,165,-49
115000171,284,203,81
115000172,818,561,257
115000173,302,479,-177
115000174,95,281,-186
115000175,146,71,75
115000176,80,61,19
115000177,68,69,-1
115000178,11,166,-155
115000179,33,20,13
115000180,85,415,-330
115000181,621,95,526
115000182,922,208,714
115000183,283,614,-331
115000186,649,226,423
115000187,213,494,-281
115000188,325,391,-66
115000189,165,363,-198
115000190,602,308,294
115000191,124,376,-252
115000194,103,167,-64
115000195,241,288,-47
115000196,188,104,84
115000197,195,148,47
115000198,338,134,204
115000199,366,100,266
115000200,350,96,254
115000201,141,247,-106
115000206,392,40,352
115000207,152,239,-87
115000208,278,378,-100
115000209,632,281,351
115000210,108,111,-3
115000211,213,189,24
115000212,1004,309,695
115000224,358,80,278
115000225,48,78,-30
115000229,123,107,16
115000230,59,263,-204
115000231,250,1065,-815
115000232,1707,213,1494
115000233,124,157,-33
115000234,27,248,-221
115000241,92,163,-71
115000242,91,227,-136
115000243,35,190,-155
115000244,16,100,-84
115000246,40,36,4
115000247,61,51,10
115000248,26,23,3
115000249,22,21,1
115000250,285,29,256
115000251,230,95,135
115000252,87,202,-115
115000253,12,316,-304
115000258,278,124,154
115000259,277,105,172
115000261,23,16,7
115000262,15,42,-27
115000263,27,38,-11
115000264,23,46,-23
115000267,58,78,-20
115000268,39,101,-62
115000269,123,62,61
115000270,8,14,-6
115000272,82,106,-24
115000273,348,30,318
115000280,1835,398,1437
115000281,334,1173,-839
115000282,395,558,-163
115000284,274,173,101
115000296,971,6,965
115000297,97,189,-92
115000298,34,466,-432
115000300,173,123,50
115000302,522,88,434
115000303,733,102,631
115000304,733,47,686
115000305,97,384,-287
115000306,218,176,42
115000307,92,186,-94
115000308,26,19,7
115000309,0,4,-4
115000310,903,499,404
115000311,927,855,72
115000313,116,370,-254
115000314,394,132,262
115000315,729,520,209
115000316,69,97,-28
115000317,147,292,-145
115000318,727,272,455
115000319,48,250,-202
115000320,9,258,-249
115000321,183,6,177
115000322,36,143,-107
115000449,176,153,23
115000557,3,1206,-1203
115000558,251,83,168
115000587,497,301,196
115000588,1586,1728,-142
115000589,3180,1777,1403
115000590,972,1240,-268
115000591,1614,576,1038
115000592,432,1377,-945
115000593,1292,520,772
115000594,517,1982,-1465
115000609,181,226,-45
115000617,849,2468,-1619
115000624,245,41,204
115000633,336,1359,-1023
115000634,2038,594,1444
115000635,571,113,458
115000638,511,551,-40
115000641,46,126,-80
115000642,226,253,-27
115000643,98,379,-281
115000644,103,276,-173
115000646,802,1341,-539
115000647,166,386,-220
115000648,1864,1176,688
115000893,2010,1196,814
115000894,114,855,-741
115000895,332,861,-529
115000896,1011,348,663
115000897,407,155,252
115000898,331,229,102
115000899,369,946,-577
115000900,37,358,-321
115000901,46,120,-74
115000912,356,84,272
115000913,0,10,-10
115000915,19,1,18
115000916,2,0,2
115000917,0,4,-4
115000918,49,348,-299
115000919,10,2,8
115000920,15,54,-39
115000921,394,98,296
115000922,654,689,-35
115000923,287,1089,-802
115000925,110,100,10
115000927,44,47,-3
115000933,195,296,-101
115000934,115,136,-21
115000935,129,74,55
115000936,22,617,-595
115000937,712,139,573
115000938,131,213,-82
115000939,152,205,-53
115000940,11,7,4
115000941,4,19,-15
115000942,21,104,-83
115000943,15,24,-9
115000944,0,8,-8
115900001,147,27,120
115900002,105,85,20
115900003,190,70,120
115900004,0,55,-55
115900005,192,12,180
115900006,128,148,-20
115900008,82,6,76
115900009,75,110,-35
115900010,364,127,237
115900011,373,151,222
115900012,205,52,153
115900013,264,100,164
115900014,134,87,47
115900015,159,55,104
115900016,82,21,61
115900017,16,17,-1
115900018,166,30,136
115900019,55,10,45
115900020,82,3,79
115900021,724,170,554
115900022,837,11,826
115900023,46,11,35
115900025,35,188,-153
115900026,572,154,418
115900027,0,198,-198
115900028,519,56,463
115900029,16,286,-270
115900030,16,33,-17
115900031,253,261,-8
115900032,421,437,-16
115900033,0,48,-48
115900034,17,225,-208
115900035,43,17,26
115900036,65,684,-619
115900037,38,237,-199
115900038,60,4,56
115900039,160,131,29
115900041,397,578,-181
115900042,36,7,29
115900043,108,46,62
115900044,216,234,-18
115900046,292,149,143
115900047,153,199,-46
115900049,176,146,30
115900051,4,43,-39
115900052,10,132,-122
115900053,228,130,98
115900054,330,27,303
115900055,18,84,-66
115900056,197,169,28
115900057,28,7,21
115900058,32,36,-4
115900060,56,69,-13
115900061,251,2,249
115900062,54,196,-142
115900063,64,8,56
115900064,146,177,-31
115900065,119,61,58
115900066,134,87,47
115900067,10,412,-402
115900068,2127,858,1269
115900069,56,148,-92
115900070,151,86,65
115900071,0,211,-211
115900072,46,130,-84
115900073,101,79,22
115900074,2,215,-213
115900075,22,179,-157
115900076,3,36,-33
115900077,8,159,-151
115900078,149,138,11
115900079,238,16,222
115900080,349,172,177
115900081,11,55,-44
115900082,92,181,-89
115900084,379,10,369
115900085,45,91,-46
115900086,1087,448,639
115900088,22,79,-57
115900089,340,476,-136
115900090,384,7,377
115900091,10,41,-31
115900092,30,81,-51
115900093,25,22,3
115900094,12,190,-178
115900096,5,8,-3
115900097,5,205,-200
115900098,214,217,-3
115900099,51,87,-36
115900100,10,340,-330
115900101,161,195,-34
115900102,83,73,10
115900103,230,137,93
115900104,91,79,12
115900105,263,351,-88
115900106,93,23,70
115900107,58,110,-52
115900108,171,33,138
115900109,62,250,-188
115900110,0,10,-10
115900111,3,48,-45
115900112,35,547,-512
115900113,45,25,20
115900114,3,97,-94
115900115,62,162,-100
115900116,78,598,-520
115900117,77,21,56
115900118,5,213,-208
115900119,152,104,48
115900120,36,174,-138
115900121,163,230,-67
115900124,251,479,-228
115900125,386,52,334
115900126,594,59,535
115900127,625,49,576
115900128,5,83,-78
115900129,615,63,552
115900130,11,169,-158
115900131,348,17,331
115900132,537,12,525
115900134,291,12,279
115900135,378,883,-505
115900137,31,5,26
115900139,49,67,-18
115900140,295,34,261
115900141,7,45,-38
115900142,7,26,-19
115900143,210,217,-7
115900144,105,139,-34
115900146,16,63,-47
115900147,189,244,-55
115900148,77,8,69
115900149,137,24,113
115900150,74,44,30
115900151,13,96,-83
115900152,141,192,-51
115900153,98,123,-25
115900154,396,308,88
115900155,0,38,-38
115900156,611,750,-139
115900157,209,400,-191
115900158,24,13,11
115900159,137,152,-15
115900160,7,9,-2
115900161,49,97,-48
115900163,240,87,153
115900164,519,39,480
115900166,178,107,71
115900168,112,133,-21
115900171,113,334,-221
115900172,52,115,-63
115900173,215,111,104
115900174,183,165,18
115900175,125,137,-12
115900178,4,390,-386
115900179,262,10,252
115900180,23,92,-69
115900181,185,117,68
115900182,383,126,257
115900183,52,49,3
115900184,1065,13,1052
115900187,12,100,-88
115900189,0,205,-205
115900190,131,1047,-916
115900191,25,284,-259
115900192,9,127,-118
115900193,597,98,499
115900194,553,67,486
115900195,485,1865,-1380
115900198,195,255,-60
115900199,167,203,-36
115900200,208,316,-108
115900201,285,247,38
115900202,2,44,-42
115900203,6,19,-13
115900204,1,1,0
115900205,51,31,20
115900206,198,124,74
115900207,47,24,23
115900208,83,66,17
115900209,8,116,-108
115900210,6,92,-86
115900211,5,168,-163
115900212,115,145,-30
115900213,77,120,-43
115900214,511,202,309
115900215,21,199,-178
115900216,2,54,-52
115900217,1,46,-45
115900218,3,43,-40
115900219,111,4,107
115900220,215,13,202
115900221,92,13,79
115900222,68,25,43
115900223,15,343,-328
115900224,658,1202,-544
115900225,72,53,19
115900226,16,32,-16
115900227,19,52,-33
115900228,10,31,-21
115900229,8,22,-14
115900230,49,84,-35
115900231,127,0,127
115900232,62,3,59
115900233,73,19,54
115900234,32,13,19
115900235,17,30,-13
115900236,17,32,-15
115900237,27,22,5
115900238,17,16,1
115900239,16,35,-19
115900240,13,31,-18
115900241,217,89,128
115900242,243,335,-92
115900243,7,5,2
115900244,9,18,-9
115900245,68,10,58
115900246,11,14,-3
115900247,41,16,25
115900248,21,3,18
115900249,18,10,8
115900250,8,22,-14
115900251,2,18,-16
115900252,1,2,-1
115900253,6,20,-14
115900254,6,19,-13
115900255,6,25,-19
115900256,22,63,-41
115900257,5,14,-9
115900258,0,2,-2
115900259,4,1,3
115900260,20,3,17
115900261,6,2,4
115900262,3,2,1
115900263,7,1,6
115900264,12,5,7
115900265,1,8,-7
115900266,5,10,-5
115900267,14,15,-1
115900268,6,7,-1
115900269,476,286,190
115900270,354,171,183
115900271,118,0,118
115900272,29,3,26
115900273,2,28,-26
115900274,2,8,-6
115900275,2,18,-16
115900276,3,25,-22
115900277,0,40,-40
115900278,51,97,-46
115900279,22,181,-159
115900280,17,352,-335
115900281,254,215,39
115900282,27,16,11
115900283,21,22,-1
115900284,14,8,6
116000001,5990,2833,3157
116000002,3883,9761,-5878
116000003,1144,1090,54
116000004,2637,3314,-677
116000005,2082,2068,14
116000006,2166,2213,-47
116000007,2101,2037,64
116000008,3179,1800,1379
116000009,949,1468,-519
116000010,2057,1247,810
116000011,756,1253,-497
116000012,1410,899,511
116000013,4959,2872,2087
116000014,6923,10612,-3689
116000015,182,1061,-879
116000016,3603,2763,840
116000017,18,659,-641
116000018,514,185,329
116000019,655,256,399
116000020,548,526,22
116000021,421,235,186
116000022,351,276,75
116000023,888,531,357
116000024,532,618,-86
116000025,531,465,66
116000026,1279,1829,-550
116000027,497,480,17
116000028,416,741,-325
116000029,397,507,-110
116000030,721,418,303
116000031,155,270,-115
116000032,320,148,172
116000033,280,292,-12
116000034,559,742,-183
116000035,284,601,-317
116000036,1105,1134,-29
116000037,466,381,85
116000038,271,379,-108
116000039,374,437,-63
116000040,607,420,187
116000041,107,397,-290
116000042,580,265,315
116000043,75,487,-412
116000044,14,54,-40
116000045,1433,1153,280
116000046,865,1463,-598
116000047,1204,1803,-599
116000048,1511,1529,-18
116000049,1078,2350,-1272
116000050,1241,1006,235
116000051,5143,1933,3210
116000052,4831,3684,1147
116000053,1563,688,875
116000054,768,1843,-1075
116000055,686,699,-13
116000056,912,917,-5
116000057,1961,1029,932
116000058,2225,1815,410
116000059,2018,3091,-1073
116000060,1773,938,835
116000061,519,815,-296
116000062,583,257,326
116000063,554,958,-404
116000066,221,489,-268
116000067,213,341,-128
116000068,146,249,-103
116000069,219,242,-23
116000078,597,925,-328
116000080,1440,687,753
116000082,6,42,-36
116000083,1595,379,1216
116000084,1669,2540,-871
116000085,1942,1697,245
116000086,1583,901,682
116000087,1979,1387,592
116000088,691,664,27
116000089,189,63,126
116000090,109,126,-17
116000091,251,238,13
116000093,784,499,285
116000094,647,512,135
116000095,734,409,325
116000096,630,1348,-718
116000097,866,505,361
116000098,73,5509,-5436
116000099,4067,267,3800
116000100,230,18,212
116000101,835,497,338
116000102,236,669,-433
116000103,471,202,269
116000104,155,786,-631
116000105,1012,120,892
116000106,485,980,-495
116000107,2278,346,1932
116000108,490,200,290
116000111,131,44,87
116000113,96,73,23
116000114,48,129,-81
116000115,280,67,213
116000116,242,364,-122
116000117,1242,1356,-114
116000118,1128,797,331
116000119,2833,1328,1505
116000120,2146,2443,-297
116000121,831,481,350
116000122,986,1031,-45
116000123,964,456,508
116000124,302,538,-236
116000125,2539,660,1879
116000126,225,969,-744
116000127,803,807,-4
116000128,1584,673,911
116000129,1208,239,969
116000130,561,390,171
116000133,955,666,289
116000134,1529,1184,345
116000135,2275,1237,1038
116000136,762,1312,-550
116000137,967,605,362
116000138,713,469,244
116000139,1384,1620,-236
116000140,151,210,-59
116000141,286,437,-151
116000142,2244,1772,472
116000143,1622,1559,63
116000144,1201,1296,-95
116000145,1500,817,683
116000146,558,109,449
116000147,154,146,8
116000148,462,409,53
116000149,598,521,77
116000151,591,403,188
116000153,83,298,-215
116000155,123,188,-65
116000156,671,833,-162
116000157,123,12,111
116000158,312,232,80
116000159,16,15,1
116000160,14,17,-3
116000161,23,38,-15
116000162,40,104,-64
116000163,34,3,31
116000164,8,7,1
116000177,496,144,352
116000194,108,335,-227
116000195,1213,520,693
116000196,12,7,5
116000197,11,18,-7
116000198,1559,680,879
116000200,474,532,-58
116000201,484,519,-35
116000202,9,249,-240
116000203,5,87,-82
116000204,18,62,-44
116000205,0,93,-93
116000206,2,112,-110
116000207,18,55,-37
116000233,164,276,-112
116000287,200,291,-91
116000288,295,182,113
116000292,39,67,-28
116000296,23,157,-134
116000297,118,16,102
116000304,125,28,97
116000305,22,62,-40
116000346,147,47,100
116000352,87,15,72
116000354,22,27,-5
116000357,17,68,-51
116000358,417,72,345
116000361,248,7,241
116000372,3101,3928,-827
116000381,119,2,117
116000388,2,30,-28
116000389,659,478,181
116000445,488,323,165
116000446,598,412,186
116000447,37,447,-410
116000448,436,139,297
116000563,627,647,-20
116000565,33,261,-228
116000568,67,296,-229
116000579,19,101,-82
116000583,119,46,73
116000584,22,13,9
116000585,18,14,4
116000586,56,46,10
116000587,443,477,-34
116000589,27,55,-28
116000590,69,43,26
116000591,258,212,46
116000592,12,87,-75
116000593,0,26,-26
116000594,595,332,263
116000595,489,115,374
116000596,121,6,115
116000597,422,114,308
116000598,33,96,-63
116000605,195,131,64
116000606,64,190,-126
116000607,3,30,-27
116000609,75,695,-620
116000611,169,323,-154
116000612,814,1526,-712
116000613,537,289,248
116000614,404,442,-38
116000615,2,263,-261
116000616,36,39,-3
116000617,87,53,34
116000618,0,67,-67
116000619,48,74,-26
116000620,142,79,63
116000621,65,82,-17
116000622,61,137,-76
116000624,198,98,100
116000627,92,32,60
116000628,62,190,-128
116000629,22,163,-141
116000630,247,21,226
116000631,121,39,82
116000632,739,61,678
116000633,168,167,1
116000634,340,104,236
116000635,1944,2028,-84
116000636,497,1050,-553
116000637,496,61,435
116000638,125,212,-87
116000639,60,4,56
116000640,25,16,9
116000641,53,109,-56
116000643,2,93,-91
116000644,31,260,-229
116000645,28,5,23
116900001,206,138,68
116900002,196,0,196
116900003,60,49,11
116900004,35,53,-18
116900005,259,55,204
116900006,128,138,-10
116900007,140,156,-16
116900008,327,195,132
116900009,31,5,26
116900010,5,783,-778
116900011,16,15,1
116900012,293,141,152
116900013,5,100,-95
116900014,164,169,-5
116900016,235,8,227
116900017,2,362,-360
116900018,64,51,13
116900019,1,161,-160
116900020,629,1008,-379
116900023,65,12,53
116900025,870,576,294
116900026,99,418,-319
116900027,35,53,-18
116900028,5,106,-101
116900029,4,58,-54
116900031,0,3,-3
116900032,7,208,-201
116900033,25,10,15
116900034,8,54,-46
116900035,156,104,52
116900036,2,82,-80
116900038,36,3,33
116900041,52,10,42
116900042,426,158,268
116900043,25,28,-3
116900047,28,136,-108
116900049,28,281,-253
116900050,100,275,-175
116900051,171,119,52
116900052,193,49,144
116900055,4,4,0
116900057,31,163,-132
116900058,46,293,-247
116900059,0,118,-118
116900060,147,140,7
116900062,0,77,-77
116900064,88,415,-327
116900065,32,79,-47
116900067,81,52,29
116900068,100,141,-41
116900070,2,2,0
116900072,22,236,-214
116900073,8,80,-72
116900074,14,34,-20
116900076,8,58,-50
116900077,10,108,-98
116900078,181,84,97
116900079,62,125,-63
116900080,5,27,-22
116900081,328,773,-445
116900082,293,633,-340
116900083,36,39,-3
116900084,81,58,23
116900085,44,111,-67
116900086,44,155,-111
116900088,283,86,197
116900090,133,35,98
116900091,319,12,307
116900092,123,526,-403
116900093,1399,1294,105
116900094,2569,3066,-497
116900095,158,76,82
116900096,92,266,-174
116900097,1712,2572,-860
116900098,649,328,321
116900099,486,532,-46
116900100,854,37,817
116900101,244,339,-95
116900103,5,0,5
116900104,90,71,19
116900105,253,129,124
116900106,1749,154,1595
116900107,2203,2236,-33
116900110,32,3,29
116900111,593,386,207
116900112,233,617,-384
116900113,1239,1215,24
116900116,80,552,-472
116900117,176,209,-33
116900118,538,702,-164
116900120,340,59,281
116900121,223,10,213
116900122,757,445,312
116900123,208,445,-237
116900124,141,644,-503
116900125,397,138,259
116900126,102,424,-322
116900128,0,26,-26
116900129,2,341,-339
116900130,415,2977,-2562
116900131,93,286,-193
116900132,73,78,-5
116900133,154,98,56
116900134,270,207,63
116900136,249,173,76
116900137,191,128,63
116900138,152,145,7
116900139,149,298,-149
116900140,182,161,21
116900141,609,298,311
116900142,8,56,-48
116900143,198,196,2
116900144,44,55,-11
116900145,63,153,-90
116900147,304,527,-223
116900148,4,29,-25
116900149,59,252,-193
116900150,13,14,-1
116900151,49,15,34
116900153,133,72,61
116900154,330,435,-105
116900155,53,70,-17
116900157,589,186,403
116900158,116,221,-105
116900159,60,230,-170
116900160,577,362,215
116900161,3802,5950,-2148
116900162,10,59,-49
116900163,165,76,89
116900164,91,65,26
116900165,219,164,55
116900166,45,42,3
116900167,436,42,394
116900168,395,87,308
116900169,304,471,-167
116900170,312,365,-53
116900171,34,120,-86
116900172,174,367,-193
116900173,186,30,156
116900174,60,66,-6
116900175,148,180,-32
116900178,35,82,-47
116900179,74,296,-222
116900180,89,25,64
116900182,393,199,194
116900183,163,105,58
116900185,38,36,2
116900186,80,138,-58
116900187,37,48,-11
116900188,144,24,120
116900189,44,2,42
116900191,430,521,-91
116900192,267,82,185
116900194,148,1153,-1005
116900195,41,22,19
116900196,13,59,-46
116900197,102,8,94
116900198,165,246,-81
116900200,96,27,69
116900201,111,4,107
116900202,78,27,51
116900203,107,6,101
116900204,38,90,-52
116900206,17,20,-3
116900207,30,31,-1
116900208,9,75,-66
116900209,23,81,-58
116900210,399,260,139
116900211,193,8,185
116900212,105,42,63
116900213,176,131,45
116900214,179,126,53
116900215,87,83,4
116900216,252,152,100
116900218,4,156,-152
116900219,1046,268,778
116900220,98,188,-90
116900221,121,250,-129
116900222,354,280,74
116900223,111,230,-119
116900226,79,36,43
116900227,159,46,113
116900228,309,141,168
116900230,70,450,-380
116900233,546,115,431
116900234,25,14,11
116900235,132,167,-35
116900238,1219,279,940
116900239,21,759,-738
116900240,3473,3000,473
116900241,86,70,16
116900242,481,544,-63
116900243,2,23,-21
116900245,23,26,-3
116900246,97,39,58
116900247,686,27,659
116900248,85,25,60
116900249,324,64,260
116900250,412,33,379
116900251,318,397,-79
116900252,106,602,-496
116900254,19,73,-54
116900255,149,92,57
116900256,241,81,160
116900257,19,311,-292
116900258,3,168,-165
116900259,198,14,184
116900260,0,78,-78
116900261,69,3,66
116900262,219,136,83
116900263,0,8,-8
116900264,92,53,39
116900265,51,0,51
116900266,16,24,-8
116900267,2,1,1
116900268,83,99,-16
116900269,232,468,-236
116900271,767,274,493
116900272,269,223,46
116900273,78,73,5
116900274,110,31,79
116900275,111,77,34
116900276,304,208,96
116900277,344,31,313
116900278,2,11,-9
116900279,13,10,3
116900280,30,9,21
116900281,3086,3467,-381
116900282,6,43,-37
116900283,25,90,-65
116900284,15,97,-82
116900285,201,168,33
116900286,179,18,161
116900287,6,31,-25
116900288,118,110,8
116900289,18,9,9
116900290,11,7,4
116900291,42,15,27
116900292,0,31,-31
116900293,57,45,12
116900294,18,112,-94
116900295,145,61,84
116900296,66,100,-34
116900297,7,93,-86
116900298,76,81,-5
116900299,11,63,-52
116900300,5,88,-83
116900301,37,159,-122
116900302,23,54,-31
116900303,98,65,33
116900304,0,168,-168
116900305,10,25,-15
116900306,167,62,105
116900307,93,1,92
116900308,4,69,-65
116900309,73,95,-22
116900310,30,44,-14
117000001,1663,1242,421
117000002,1577,2855,-1278
117000003,4868,2449,2419
117000004,2606,3781,-1175
117000005,2013,1528,485
117000006,982,2211,-1229
117000007,3375,949,2426
117000008,813,2276,-1463
117000009,3818,1438,2380
117000010,1937,2453,-516
117000011,1903,1214,689
117000012,1057,836,221
117000013,1369,657,712
117000014,967,1583,-616
117000015,1761,904,857
117000016,174,132,42
117000017,146,116,30
117000018,103,499,-396
117000019,76,28,48
117000020,366,1158,-792
117000021,866,602,264
117000022,199,150,49
117000023,132,264,-132
117000024,114,290,-176
117000025,279,1077,-798
117000026,1351,1412,-61
117000027,1132,3375,-2243
117000028,1552,1539,13
117000030,315,381,-66
117000031,404,255,149
117000032,1096,938,158
117000033,1081,530,551
117000034,275,251,24
117000035,353,281,72
117000036,486,296,190
117000037,277,197,80
117000038,170,393,-223
117000039,379,174,205
117000040,227,615,-388
117000041,900,213,687
117000044,14,565,-551
117000045,486,78,408
117000046,378,623,-245
117000047,893,545,348
117000048,1337,677,660
117000049,115,406,-291
117000050,149,1111,-962
117000051,1949,68,1881
117000052,48,186,-138
117000053,569,16,553
117000054,1590,8,1582
117000055,91,2193,-2102
117000056,653,28,625
117000057,532,1764,-1232
117000060,409,787,-378
117000061,1411,739,672
117000062,301,454,-153
117000063,1567,780,787
117000064,583,505,78
117000066,620,738,-118
117000067,107,494,-387
117000074,105,155,-50
117000076,77,34,43
117000077,130,159,-29
117000078,135,553,-418
117000079,330,205,125
117000080,0,237,-237
117000081,935,92,843
117000082,24,73,-49
117000083,135,7,128
117000084,133,2,131
117000085,233,683,-450
117000086,567,286,281
117000087,111,433,-322
117000088,204,149,55
117000089,1387,249,1138
117000090,279,845,-566
117000091,751,247,504
117000092,401,875,-474
117000093,1087,579,508
117000094,1152,1788,-636
117000095,3003,715,2288
117000096,669,1463,-794
117000097,1445,874,571
117000098,2133,2939,-806
117000099,3317,1153,2164
117000100,220,372,-152
117000101,209,727,-518
117000102,1764,617,1147
117000103,647,1061,-414
117000104,1395,488,907
117000105,772,1002,-230
117000106,1173,570,603
117000107,542,1242,-700
117000108,1609,786,823
117000109,1027,1503,-476
117000110,1336,882,454
117000111,3101,3044,57
117000112,2852,1275,1577
117000113,283,174,109
117000114,322,218,104
117000115,78,56,22
117000116,160,274,-114
117000117,1231,965,266
117000118,275,157,118
117000119,135,197,-62
117000120,112,519,-407
117000121,34,809,-775
117000122,325,653,-328
117000123,1267,45,1222
117000124,283,129,154
117000125,148,116,32
117000126,32,17,15
117000127,132,215,-83
117000128,294,667,-373
117000129,315,765,-450
117000130,147,5,142
117000131,0,92,-92
117000132,2928,16,2912
117000133,1718,17,1701
117000134,1,64,-63
117000135,5,49,-44
117000136,1,15,-14
117000137,124,123,1
117000138,10,559,-549
117000140,379,1078,-699
117000141,1611,499,1112
117000181,406,179,227
117000182,423,571,-148
117000195,172,628,-456
117000196,227,120,107
117000225,61,57,4
117000226,5,102,-97
117000276,310,16,294
117000277,2,246,-244
117000310,1015,1580,-565
117000315,41,488,-447
117000320,102,2,100
117000906,412,18,394
117000907,19,222,-203
117000909,50,45,5
117000910,146,159,-13
117000911,114,124,-10
117000915,5,346,-341
117000916,40,3,37
117000917,1197,32,1165
117000918,78,104,-26
117000919,5,39,-34
117000920,0,761,-761
117000921,0,817,-817
117000922,30,67,-37
117000924,384,600,-216
117000926,450,115,335
117000927,626,760,-134
117000928,0,120,-120
117000929,257,295,-38
117000930,269,17,252
117000931,186,131,55
117900002,71,466,-395
117900003,487,323,164
117900005,18,58,-40
117900006,1,35,-34
117900007,169,84,85
117900008,0,26,-26
117900010,228,44,184
117900011,37,115,-78
117900012,75,62,13
117900013,0,122,-122
117900014,673,82,591
117900015,31,78,-47
117900016,707,664,43
117900017,578,273,305
117900018,112,154,-42
117900019,426,184,242
117900020,49,345,-296
117900021,25,37,-12
117900023,677,88,589
117900024,61,34,27
117900025,49,21,28
117900026,398,181,217
117900028,56,8,48
117900029,249,298,-49
117900030,468,139,329
117900031,106,94,12
117900032,858,636,222
117900033,313,311,2
117900034,43,22,21
117900035,190,134,56
117900036,224,228,-4
117900037,186,105,81
117900038,34,230,-196
117900039,1,48,-47
117900040,229,280,-51
117900041,9,45,-36
117900042,2408,208,2200
117900043,31,50,-19
117900044,13,2588,-2575
117900045,171,104,67
117900048,283,245,38
117900049,158,318,-160
117900050,18,82,-64
117900051,12,2,10
117900052,66,335,-269
117900053,1517,510,1007
117900054,3,41,-38
117900055,312,152,160
117900056,75,85,-10
117900057,891,937,-46
117900058,19,18,1
117900059,206,136,70
117900060,2298,3745,-1447
117900061,30,177,-147
117900063,296,132,164
117900065,593,912,-319
117900066,6,62,-56
117900067,480,112,368
117900069,645,211,434
117900070,117,52,65
117900071,93,98,-5
117900073,466,156,310
117900074,62,65,-3
117900075,57,68,-11
117900076,38,49,-11
117900077,541,228,313
117900078,326,613,-287
117900080,125,37,88
117900081,369,304,65
117900082,392,326,66
117900083,349,271,78
117900086,146,25,121
117900087,146,82,64
117900088,2489,1396,1093
117900089,1923,606,1317
117900090,512,308,204
117900091,89,157,-68
117900092,46,26,20
117900093,101,79,22
117900094,28,32,-4
117900095,300,468,-168
117900096,110,207,-97
117900097,233,78,155
117900098,75,14,61
117900099,132,176,-44
117900100,257,2,255
117900101,426,1653,-1227
117900102,66,45,21
117900103,39,6,33
117900104,23,85,-62
117900105,110,159,-49
117900106,100,50,50
117900107,35,2,33
117900109,631,293,338
117900110,118,1,117
117900111,435,23,412
117900112,67,12,55
117900113,1572,1432,140
117900114,21,1,20
117900115,158,49,109
117900116,699,616,83
117900117,560,220,340
117900118,80,1,79
117900119,216,118,98
117900120,220,27,193
117900121,110,41,69
117900122,718,3221,-2503
117900123,641,291,350
117900124,723,601,122
117900125,1556,1598,-42
117900126,203,372,-169
117900127,423,277,146
117900128,323,452,-129
117900129,88,0,88
117900130,1398,556,842
117900131,3,91,-88
117900132,22,75,-53
117900133,14,96,-82
117900134,79,225,-146
117900135,27,123,-96
117900136,0,30,-30
117900137,52,257,-205
117900138,0,23,-23
117900139,120,83,37
117900140,2291,430,1861
117900141,118,148,-30
117900142,74,67,7
117900144,43,223,-180
117900145,22,35,-13
117900146,260,136,124
117900147,72,57,15
117900148,2007,1430,577
117900149,182,182,0
117900150,32,23,9
117900151,40,54,-14
117900152,111,44,67
117900153,24,97,-73
117900154,356,395,-39
117900156,752,550,202
117900157,62,520,-458
117900158,316,163,153
117900160,610,566,44
117900161,2109,1290,819
117900162,400,315,85
117900163,38,130,-92
117900165,0,16,-16
117900166,110,414,-304
117900168,82,227,-145
117900169,1,79,-78
117900170,3,23,-20
117900171,1,10,-9
117900172,29,31,-2
117900173,120,55,65
117900174,27,66,-39
117900175,3,28,-25
117900176,23,21,2
117900177,34,21,13
117900178,81,24,57
117900180,153,31,122
117900181,84,301,-217
117900182,11,51,-40
117900183,46,191,-145
117900184,25,58,-33
117900185,27,45,-18
117900186,54,34,20
117900187,40,15,25
117900188,181,63,118
117900189,63,50,13
117900190,37,4,33
117900191,106,1,105
117900192,258,4,254
117900193,16,53,-37
117900194,15,10,5
117900195,19,41,-22
117900196,16,32,-16
117900207,113,176,-63
117900208,26,18,8
117900209,150,145,5
117900210,131,199,-68
117900211,2,156,-154
117900212,142,82,60
117900213,21,6,15
117900214,7,28,-21
117900215,23,40,-17
117900216,41,12,29
117900217,63,223,-160
117900218,79,126,-47
117900219,5,99,-94
117900220,60,108,-48
117900222,195,264,-69
117900223,123,229,-106
118000001,635,839,-204
118000002,512,1265,-753
118000003,1553,2473,-920
118000004,1436,1577,-141
118000005,2863,4156,-1293
118000006,2863,6622,-3759
118000007,3327,3408,-81
118000008,2376,3017,-641
118000009,1354,1964,-610
118000010,3835,2392,1443
118000011,1178,1281,-103
118000012,694,1222,-528
118000013,1624,1703,-79
118000014,1659,1868,-209
118000016,172,241,-69
118000017,359,278,81
118000018,256,262,-6
118000019,1471,1174,297
118000020,897,2377,-1480
118000021,479,2363,-1884
118000022,1166,666,500
118000023,634,259,375
118000024,910,889,21
118000027,8296,9420,-1124
118000029,684,640,44
118000032,680,3260,-2580
118000033,2018,4348,-2330
118000034,3324,1992,1332
118000035,1441,2362,-921
118000036,770,1029,-259
118000037,692,717,-25
118000038,238,62,176
118000039,70,146,-76
118000040,1329,1118,211
118000041,2159,1076,1083
118000045,247,132,115
118000046,918,572,346
118000047,608,812,-204
118000048,1511,1496,15
118000051,2211,1210,1001
118000052,1824,682,1142
118000053,170,356,-186
118000054,956,651,305
118000055,792,877,-85
118000056,343,338,5
118000057,210,238,-28
118000058,1774,1314,460
118000059,1212,894,318
118000060,853,408,445
118000061,1690,849,841
118000062,527,235,292
118000063,361,566,-205
118000064,587,868,-281
118000065,2295,1243,1052
118000066,684,1255,-571
118000067,453,530,-77
118000068,1000,3786,-2786
118000069,1665,866,799
118000070,3491,1323,2168
118000071,2127,5464,-3337
118000072,811,1095,-284
118000073,784,549,235
118000074,313,391,-78
118000075,610,235,375
118000076,902,2184,-1282
118000077,969,1068,-99
118000078,1443,1718,-275
118000079,198,329,-131
118000080,653,684,-31
118000081,1440,1034,406
118000082,270,868,-598
118000083,1239,1173,66
118000084,1875,1325,550
118000086,216,428,-212
118000087,2886,1961,925
118000088,1396,1311,85
118000089,2877,1809,1068
118000090,1040,2133,-1093
118000091,797,1869,-1072
118000092,783,387,396
118000093,95,519,-424
118000096,486,557,-71
118000097,617,559,58
118000098,279,138,141
118000099,517,470,47
118000101,974,216,758
118000102,330,633,-303
118000107,1189,407,782
118000108,522,1990,-1468
118000110,1,31,-30
118000111,2,242,-240
118000112,667,3,664
118000113,4,297,-293
118000114,435,4,431
118000115,4,6,-2
118000116,23,0,23
118000117,746,583,163
118000118,814,852,-38
118000119,765,864,-99
118000120,1327,871,456
118000121,79,496,-417
118000122,1014,303,711
118000123,56,243,-187
118000125,1251,793,458
118000126,671,1152,-481
118000127,1276,583,693
118000128,389,884,-495
118000129,767,338,429
118000130,1387,1914,-527
118000131,323,478,-155
118000132,2303,1731,572
118000133,923,377,546
118000135,441,374,67
118000136,115,372,-257
118000137,489,69,420
118000138,317,368,-51
118000139,412,102,310
118000140,2334,3776,-1442
118000141,1950,1369,581
118000142,1700,1079,621
118000143,2042,1001,1041
118000144,963,566,397
118000145,1506,1186,320
118000146,1196,606,590
118000147,836,958,-122
118000148,442,954,-512
118000149,931,655,276
118000150,339,301,38
118000151,422,335,87
118000153,1156,835,321
118000154,1200,1008,192
118000155,1255,1076,179
118000156,1246,1772,-526
118000157,401,365,36
118000158,214,370,-156
118000159,22,100,-78
118000160,472,253,219
118000161,467,460,7
118000162,1179,624,555
118000163,743,641,102
118000164,1405,1007,398
118000168,683,496,187
118000169,815,713,102
118000170,2525,3129,-604
118000171,274,663,-389
118000172,101,212,-111
118000173,799,806,-7
118000175,271,307,-36
118000176,237,407,-170
118000177,227,531,-304
118000178,48,40,8
118000179,875,1209,-334
118000180,634,641,-7
118000181,582,265,317
118000182,295,200,95
118000183,196,210,-14
118000184,887,507,380
118000185,890,1079,-189
118000186,656,936,-280
118000187,1359,490,869
118000188,461,81,380
118000189,579,337,242
118000190,6,12,-6
118000191,28,17,11
118000192,73,88,-15
118000193,54,231,-177
118000194,1018,694,324
118000195,341,801,-460
118000196,207,173,34
118000197,78,135,-57
118000198,347,732,-385
118000199,265,283,-18
118000200,67,190,-123
118000201,289,465,-176
118000202,35,44,-9
118000203,372,518,-146
118000204,84,377,-293
118000205,249,250,-1
118000206,190,209,-19
118000207,0,32,-32
118000208,1167,1158,9
118000209,1637,999,638
118000210,92,41,51
118000211,31,40,-9
118000213,1006,1227,-221
118000214,316,485,-169
118000215,228,108,120
118000216,1554,1447,107
118000217,20,71,-51
118000218,71,72,-1
118000219,306,191,115
118000220,1,31,-30
118000221,253,300,-47
118000222,55,6,49
118000223,34,31,3
118000224,121,80,41
118000225,97,499,-402
118000226,742,163,579
118000227,541,519,22
118000228,88,181,-93
118000229,101,77,24
118000230,71,175,-104
118000231,72,177,-105
118000232,648,443,205
118000233,965,556,409
118000234,383,119,264
118000236,234,226,8
118000237,60,269,-209
118000238,263,119,144
118000239,197,225,-28
118000240,205,164,41
118000241,158,106,52
118000242,339,284,55
118000243,199,123,76
118000244,51,82,-31
118000246,1,25,-24
118000255,45,168,-123
118000256,100,142,-42
118000259,4,47,-43
118000260,141,59,82
118000261,26,29,-3
118000263,51,107,-56
118000266,109,185,-76
118000267,0,107,-107
118000268,156,4,152
118000270,54,23,31
118000271,225,254,-29
118000272,64,21,43
118000273,135,57,78
118000274,55,201,-146
118000276,430,264,166
118000295,8,130,-122
118000298,88,181,-93
118000299,62,83,-21
118000301,1,70,-69
118000302,128,40,88
118000311,491,55,436
118000312,243,108,135
118000313,33,65,-32
118000314,88,54,34
118000315,30,20,10
118000316,648,346,302
118000325,39,30,9
118000326,15,25,-10
118000331,14,35,-21
118000332,15,28,-13
118000333,25,42,-17
118000335,319,5,314
118000336,0,178,-178
118000407,124,41,83
118000457,11,33,-22
118000465,1618,2986,-1368
118000480,34,53,-19
118000489,14,317,-303
118000490,17,166,-149
118000492,370,158,212
118000510,37,22,15
118000514,112,238,-126
118000515,575,598,-23
118000517,223,164,59
118000524,198,246,-48
118000525,535,498,37
118000530,12,65,-53
118000531,270,208,62
118000532,219,154,65
118000533,316,113,203
118000534,427,304,123
118000535,251,127,124
118000536,364,1289,-925
118000537,17,132,-115
118000538,43,52,-9
118000539,47,130,-83
118000540,239,116,123
118000541,162,49,113
118000542,76,157,-81
118000543,147,198,-51
118000546,34,10,24
118000553,0,1,-1
118000560,1421,1785,-364
118000562,37,76,-39
118000563,1149,929,220
118000576,138,80,58
118000577,242,180,62
118000578,130,44,86
118000579,498,1042,-544
118000583,0,0,0
118000595,217,85,132
118000596,0,102,-102
118000597,190,153,37
118000598,2,0,2
118000599,82,63,19
118000600,3,6,-3
118000601,4,0,4
118000602,3,9,-6
118000603,0,42,-42
118000605,75,202,-127
118000606,43,34,9
118900001,429,1018,-589
118900002,552,660,-108
118900003,413,10,403
118900004,55,45,10
118900005,75,5,70
118900006,116,2,114
118900007,9,4,5
118900008,1119,42,1077
118900009,62,69,-7
118900010,43,10,33
118900011,144,26,118
118900012,346,180,166
118900013,378,173,205
118900015,236,60,176
118900016,6,12,-6
118900017,189,275,-86
118900018,847,36,811
118900019,28,21,7
118900020,135,123,12
118900021,116,287,-171
118900022,127,64,63
118900023,133,91,42
118900024,76,112,-36
118900025,29,36,-7
118900026,58,56,2
118900027,380,126,254
118900028,121,101,20
118900029,195,378,-183
118900030,402,68,334
118900031,159,60,99
118900032,243,137,106
118900033,249,353,-104
118900034,128,32,96
118900035,95,112,-17
118900036,1092,520,572
118900037,343,218,125
118900038,444,103,341
118900039,475,135,340
118900040,164,140,24
118900041,462,155,307
118900042,189,83,106
118900045,235,160,75
118900046,621,338,283
118900047,294,243,51
118900048,114,182,-68
118900049,54,47,7
118900050,48,77,-29
118900051,97,114,-17
118900052,170,167,3
118900053,29,79,-50
118900054,117,48,69
118900055,100,42,58
118900056,80,344,-264
118900057,576,326,250
118900058,394,223,171
118900059,22,59,-37
118900060,86,94,-8
118900062,237,214,23
118900064,368,475,-107
118900065,64,107,-43
118900066,62,68,-6
118900067,2842,2906,-64
118900068,6,197,-191
118900069,408,180,228
118900071,5,46,-41
118900072,376,255,121
118900073,181,91,90
118900074,122,116,6
118900075,67,33,34
118900076,154,88,66
118900077,246,176,70
118900078,32,8,24
118900079,39,124,-85
118900080,16,84,-68
118900081,57,48,9
118900082,844,121,723
118900083,34,6,28
118900084,15,28,-13
118900085,460,460,0
118900086,29,69,-40
118900087,37,238,-201
118900088,1,3,-2
118900089,25,20,5
118900090,343,238,105
118900091,134,134,0
118900092,153,49,104
118900093,100,24,76
118900096,134,125,9
118900097,250,321,-71
118900099,104,161,-57
118900100,109,155,-46
118900101,55,172,-117
118900102,23,83,-60
118900103,30,63,-33
118900104,54,19,35
118900105,146,78,68
118900107,96,51,45
118900108,71,124,-53
118900110,978,682,296
118900111,401,356,45
118900112,100,157,-57
118900113,115,246,-131
118900114,10,51,-41
118900115,79,246,-167
118900116,117,193,-76
118900117,76,157,-81
118900118,237,234,3
118900119,143,139,4
118900120,66,247,-181
118900121,34,104,-70
118900122,14,751,-737
118900123,147,157,-10
118900124,79,122,-43
118900126,25,259,-234
118900129,243,174,69
118900130,51,230,-179
118900131,178,191,-13
118900132,224,178,46
118900133,21,106,-85
118900135,108,123,-15
118900136,159,311,-152
118900137,9,35,-26
118900139,176,174,2
118900140,315,365,-50
118900141,77,106,-29
118900144,128,264,-136
118900145,48,95,-47
118900146,273,430,-157
118900147,160,131,29
118900148,58,39,19
118900150,146,413,-267
118900152,399,498,-99
118900157,74,152,-78
118900158,89,57,32
118900159,2,130,-128
118900161,92,9,83
118900163,99,83,16
118900164,1,84,-83
118900165,42,121,-79
118900166,25,4,21
118900167,72,95,-23
118900168,15,73,-58
118900169,116,167,-51
118900170,139,56,83
118900171,27,29,-2
118900174,51,49,2
118900175,277,345,-68
118900176,120,187,-67
118900177,70,34,36
118900178,43,87,-44
118900179,3,7,-4
118900181,66,80,-14
118900182,54,16,38
118900183,71,92,-21
118900184,277,55,222
118900185,100,53,47
118900186,101,90,11
118900187,191,196,-5
118900188,224,158,66
118900189,31,583,-552
118900190,21,204,-183
118900191,194,31,163
118900192,221,14,207
118900193,480,10,470
118900195,188,439,-251
118900196,54,114,-60
118900197,122,27,95
118900198,29,14,15
118900199,83,28,55
118900200,17,13,4
118900201,33,31,2
118900202,6,34,-28
118900203,9,10,-1
118900204,7,13,-6
118900205,2,11,-9
118900206,11,14,-3
119000001,1078,1190,-112
119000002,3551,1918,1633
119000003,2346,758,1588
119000004,2087,939,1148
119000005,1443,1486,-43
119000006,2482,1312,1170
119000007,2767,2578,189
119000008,1429,1342,87
119000009,2705,4105,-1400
119000010,4049,3318,731
119000011,2451,2432,19
119000012,1850,2572,-722
119000013,2180,1336,844
119000014,1193,1877,-684
119000019,230,111,119
119000020,1733,1377,356
119000021,3678,1965,1713
119000022,1364,2144,-780
119000023,223,204,19
119000024,1331,9537,-8206
119000025,3651,929,2722
119000026,105,386,-281
119000027,228,219,9
119000028,1200,575,625
119000029,92,277,-185
119000030,484,730,-246
119000031,631,499,132
119000032,1502,1777,-275
119000033,1808,1038,770
119000034,732,664,68
119000035,29,176,-147
119000036,1873,614,1259
119000037,1046,1041,5
119000038,139,554,-415
119000039,346,234,112
119000040,573,524,49
119000041,554,1025,-471
119000048,2115,2000,115
119000049,1680,1502,178
119000050,1311,1288,23
119000051,1720,840,880
119000052,1478,2068,-590
119000053,1728,1038,690
119000054,2864,1976,888
119000055,4037,2322,1715
119000056,2326,1570,756
119000057,1290,1221,69
119000058,1533,1152,381
119000059,1094,1020,74
119000060,1284,918,366
119000061,894,601,293
119000062,914,1005,-91
119000063,474,304,170
119000064,682,748,-66
119000065,1430,2267,-837
119000066,1722,845,877
119000067,1573,1482,91
119000068,1571,848,723
119000069,1409,1601,-192
119000070,2352,756,1596
119000071,444,476,-32
119000072,3301,2104,1197
119000073,3247,5801,-2554
119000074,1215,1454,-239
119000075,2081,1717,364
119000076,273,879,-606
119000077,507,379,128
119000078,384,221,163
119000079,164,498,-334
119000080,500,171,329
119000081,207,281,-74
119000082,779,206,573
119000083,512,310,202
119000084,304,333,-29
119000085,437,182,255
119000086,296,462,-166
119000087,1218,585,633
119000088,417,168,249
119000089,72,155,-83
119000090,115,108,7
119000091,125,314,-189
119000092,341,158,183
119000093,2717,1814,903
119000094,2906,3890,-984
119000095,1602,1927,-325
119000097,1453,834,619
119000098,854,2378,-1524
119000099,2141,994,1147
119000100,3185,2372,813
119000101,3039,1380,1659
119000102,551,895,-344
119000103,1116,420,696
119000104,1719,828,891
119000105,841,1774,-933
119000106,340,823,-483
119000107,907,428,479
119000108,283,655,-372
119000109,92,439,-347
119000110,303,376,-73
119000111,34,523,-489
119000112,161,81,80
119000113,1633,325,1308
119000114,832,1014,-182
119000115,154,123,31
119000116,54,100,-46
119000117,124,239,-115
119000118,1,0,1
119000123,2597,1385,1212
119000124,702,136,566
119000125,3402,539,2863
119000126,1219,509,710
119000127,456,344,112
119000128,19,3,16
119000131,747,443,304
119000132,1,4,-3
119000133,0,3,-3
119000134,1250,444,806
119000135,127,153,-26
119000136,216,151,65
119000137,223,236,-13
119000138,460,181,279
119000139,230,114,116
119000140,194,273,-79
119000284,946,1977,-1031
119000285,1605,1385,220
119000286,4899,3610,1289
119000287,1092,1690,-598
119000288,1585,922,663
119000289,1286,1685,-399
119000290,143,239,-96
119000291,5,126,-121
119000293,105,136,-31
119000294,51,44,7
119000295,927,254,673
119000296,313,103,210
119000302,1536,960,576
119000303,141,89,52
119000304,0,0,0
119000314,1130,8832,-7702
119000315,2,226,-224
119000316,147,70,77
119000317,103,213,-110
119900001,211,1091,-880
119900002,119,199,-80
119900003,47,660,-613
119900004,306,1269,-963
119900005,202,71,131
119900006,169,274,-105
119900007,1286,271,1015
119900008,64,50,14
119900009,605,524,81
119900010,674,1004,-330
119900011,55,124,-69
119900012,25,94,-69
119900013,1732,1025,707
119900014,433,189,244
119900015,120,45,75
119900016,42,59,-17
119900017,62,64,-2
119900018,1399,817,582
119900019,47,7,40
119900020,140,160,-20
119900021,205,78,127
119900022,77,735,-658
119900023,395,1363,-968
119900025,193,26,167
119900026,511,111,400
119900027,30,27,3
119900028,206,123,83
119900029,3,7,-4
119900030,562,319,243
119900031,34,398,-364
119900033,1322,303,1019
119900034,480,111,369
119900037,225,23,202
119900038,76,296,-220
119900039,58,4,54
119900040,161,16,145
119900041,121,29,92
119900042,130,174,-44
119900043,69,123,-54
119900044,166,679,-513
119900046,134,57,77
119900047,268,70,198
119900048,220,33,187
119900049,129,10,119
119900050,127,140,-13
119900051,1022,16,1006
119900052,68,39,29
119900053,210,117,93
119900054,113,4,109
119900055,1176,439,737
119900057,230,60,170
119900058,234,0,234
119900059,76,42,34
119900060,237,18,219
119900061,234,13,221
119900062,93,23,70
119900063,16,52,-36
119900065,187,12,175
119900067,121,21,100
119900068,439,2,437
119900069,113,11,102
119900070,782,1,781
119900071,536,30,506
119900073,1464,486,978
119900074,16,48,-32
119900075,3019,2100,919
119900076,689,226,463
119900077,740,541,199
119900078,626,792,-166
119900079,472,144,328
119900080,269,238,31
119900081,673,137,536
119900082,1328,236,1092
119900083,331,92,239
119900084,482,268,214
119900085,43,49,-6
119900086,408,657,-249
119900087,377,300,77
119900088,50,37,13
119900089,43,327,-284
119900090,117,43,74
119900091,52,731,-679
119900092,118,340,-222
119900093,846,152,694
119900094,38,187,-149
119900095,224,101,123
119900096,64,93,-29
119900097,433,171,262
119900098,31,41,-10
119900099,28,170,-142
119900100,1506,2116,-610
119900101,171,1189,-1018
119900102,40,212,-172
119900103,31,256,-225
119900104,33,126,-93
119900105,714,2013,-1299
119900106,22,121,-99
119900107,267,1508,-1241
119900108,2562,540,2022
119900109,11,132,-121
119900110,722,385,337
119900111,133,258,-125
119900112,891,422,469
119900113,49,219,-170
119900114,195,673,-478
119900115,397,740,-343
119900116,146,276,-130
119900117,275,410,-135
119900118,120,621,-501
119900119,275,168,107
119900120,681,394,287
119900121,404,543,-139
119900122,422,313,109
119900123,199,205,-6
119900124,169,477,-308
119900125,39,208,-169
119900126,2397,244,2153
119900127,1948,841,1107
119900128,398,392,6
119900129,189,331,-142
119900130,23,192,-169
119900131,31,222,-191
119900132,7,186,-179
119900133,31,48,-17
119900134,916,148,768
119900135,2,284,-282
119900136,184,261,-77
119900138,336,419,-83
119900139,14,100,-86
119900140,4,81,-77
119900141,95,553,-458
119900142,22,29,-7
119900143,20,181,-161
119900144,961,187,774
119900145,86,116,-30
119900146,158,150,8
119900147,6,122,-116
119900148,251,64,187
119900149,655,3695,-3040
119900150,109,107,2
119900151,1245,650,595
119900152,99,199,-100
119900153,186,62,124
119900154,35,331,-296
119900155,42,44,-2
119900156,18,4,14
119900157,130,154,-24
119900158,183,81,102
119900159,3,875,-872
119900160,16,99,-83
119900161,186,112,74
119900162,894,832,62
119900163,81,172,-91
119900164,0,1,-1
119900165,109,118,-9
119900166,85,50,35
119900167,71,86,-15
119900168,887,398,489
119900169,59,278,-219
119900170,203,248,-45
119900171,756,265,491
119900172,128,32,96
119900173,7,273,-266
119900174,6,129,-123
119900175,1286,555,731
119900177,17,131,-114
119900178,64,168,-104
119900179,111,497,-386
119900180,957,795,162
119900181,42,120,-78
119900182,2,222,-220
119900183,98,453,-355
119900184,1470,377,1093
119900185,29,188,-159
119900186,52,790,-738
119900187,11,212,-201
119900188,118,286,-168
119900189,368,411,-43
119900190,59,231,-172
119900191,219,203,16
119900192,36,126,-90
119900193,424,147,277
119900194,40,90,-50
119900195,88,227,-139
119900196,842,315,527
119900197,231,142,89
119900198,368,212,156
119900199,148,20,128
119900200,602,535,67
119900201,280,169,111
119900202,76,239,-163
119900203,164,480,-316
119900204,251,224,27
119900205,684,363,321
119900206,186,124,62
119900208,126,132,-6
119900209,551,1179,-628
119900210,41,32,9
119900211,67,10,57
119900212,189,269,-80
119900213,6,68,-62
119900214,36,82,-46
119900215,73,93,-20
119900216,25,51,-26
119900217,18,43,-25
119900218,17,75,-58
119900219,4,75,-71
119900220,1,73,-72
119900221,21,154,-133
119900222,13,184,-171
119900223,24,45,-21
119900224,11,19,-8
119900225,740,45,695
119900226,384,1587,-1203
119900227,701,228,473
119900228,35,223,-188
119900229,343,328,15
119900230,982,376,606
119900231,278,142,136
119900232,180,108,72
119900233,45,3,42
119900234,21,35,-14
119900235,9,29,-20
119900236,22,165,-143
119900237,49,276,-227
119900238,1,32,-31
119900240,109,120,-11
119900241,178,203,-25
119900242,915,1151,-236
119900244,439,882,-443
119900245,73,129,-56
119900246,354,646,-292
119900247,27,107,-80
119900248,73,233,-160
119900249,238,136,102
119900253,1344,294,1050
119900254,86,676,-590
119900255,107,572,-465
119900256,621,629,-8
119900257,55,0,55
119900258,152,6,146
119900259,41,115,-74
119900260,99,9,90
119900261,339,130,209
119900262,0,164,-164
119900263,1008,294,714
119900264,132,93,39
119900265,525,334,191
119900266,298,191,107
119900267,183,300,-117
119900268,156,76,80
119900269,906,778,128
119900271,31,77,-46
119900272,268,149,119
119900275,180,84,96
119900276,69,1,68
119900277,7,4,3
119900278,128,60,68
119900279,69,257,-188
119900280,524,123,401
119900281,0,204,-204
119900282,50,124,-74
119900283,23,192,-169
119900284,25,176,-151
119900285,16,80,-64
119900286,7,9,-2
119900288,1,14,-13
119900289,1,23,-22
119900290,1,17,-16
119900291,1,49,-48
119900292,39,63,-24
119900293,23,75,-52
119900294,32,75,-43
119900295,32,35,-3
119900296,70,143,-73
119900297,1,14,-13
119900298,4,8,-4
119900299,100,169,-69
119900300,218,104,114
119900301,32,38,-6
119900302,33,53,-20
119900303,285,130,155
119900304,308,40,268
119900305,7,77,-70
119900306,18,2,16
119900307,46,67,-21
119900308,9,17,-8
119900309,68,131,-63
119900310,239,216,23
119900311,133,86,47
119900312,84,74,10
119900313,234,179,55
119900314,150,296,-146
119900315,1675,1431,244
119900318,17,55,-38
119900319,10,151,-141
119900320,190,306,-116
119900321,132,10,122
120000001,4222,12946,-8724
120000002,2152,1976,176
120000003,2434,1285,1149
120000004,2175,1378,797
120000005,2604,1625,979
120000006,1109,981,128
120000007,2551,2454,97
120000008,820,1075,-255
120000009,1632,849,783
120000010,1577,1792,-215
120000011,882,1020,-138
120000012,1363,1685,-322
120000013,2642,2103,539
120000014,658,1015,-357
120000015,2020,1103,917
120000016,3125,1822,1303
120000017,2874,2107,767
120000018,2881,10431,-7550
120000019,1032,1260,-228
120000020,2710,2813,-103
120000021,1802,2022,-220
120000022,2417,3501,-1084
120000023,1154,1616,-462
120000024,1262,2283,-1021
120000025,2123,1645,478
120000026,2149,1493,656
120000027,1964,1969,-5
120000028,655,1394,-739
120000029,1349,849,500
120000030,1465,817,648
120000031,1697,4446,-2749
120000032,5645,2951,2694
120000033,4239,1403,2836
120000034,1866,1404,462
120000035,2017,1361,656
120000036,2882,3780,-898
120000037,581,1394,-813
120000038,3831,3011,820
120000039,645,920,-275
120000040,263,873,-610
120000041,1006,1018,-12
120000042,1681,1850,-169
120000043,4079,1207,2872
120000044,4664,1341,3323
120000045,5487,916,4571
120000046,3454,2397,1057
120000047,708,4853,-4145
120000048,5005,3366,1639
120000049,2780,2187,593
120000050,2945,2999,-54
120000051,2432,3153,-721
120000052,5937,1844,4093
120000053,1511,1624,-113
120000054,1287,2676,-1389
120000055,1707,3306,-1599
120000056,4395,3002,1393
120000057,3656,862,2794
120000058,2382,991,1391
120000059,6,1506,-1500
120000061,90,474,-384
120000062,182,335,-153
120000063,1225,2039,-814
120000064,263,810,-547
120000065,642,1153,-511
120000066,206,356,-150
120000067,42,328,-286
120000068,210,595,-385
120000069,591,671,-80
120000070,92,432,-340
120000071,520,97,423
120000072,761,367,394
120000073,796,63,733
120000074,127,80,47
120000075,922,286,636
120000076,2400,396,2004
120000077,2111,646,1465
120000078,3194,1190,2004
120000079,491,294,197
120000080,276,279,-3
120000081,510,186,324
120000082,421,278,143
120000083,140,784,-644
120000084,348,309,39
120000085,313,310,3
120000086,380,472,-92
120000087,278,395,-117
120000088,687,868,-181
120000089,962,437,525
120000090,670,435,235
120000091,906,659,247
120000092,1170,442,728
120000093,516,348,168
120000094,208,543,-335
120000095,895,330,565
120000096,291,577,-286
120000098,552,494,58
120000099,244,514,-270
120000100,678,735,-57
120000101,648,425,223
120000102,658,776,-118
120000103,1398,816,582
120000104,1730,437,1293
120000105,3026,687,2339
120000106,2383,593,1790
120000107,3631,531,3100
120000108,1252,122,1130
120000109,1099,102,997
120000110,54,676,-622
120000111,165,742,-577
120000112,712,1698,-986
120000113,726,1368,-642
120000114,956,1689,-733
120000115,258,1477,-1219
120000116,648,1416,-768
120000117,840,1099,-259
120000118,66,58,8
120000119,20,44,-24
120000120,78,49,29
120000121,37,52,-15
120000122,179,179,0
120000123,2624,5525,-2901
120000124,455,505,-50
120000125,527,457,70
120000126,311,654,-343
120000127,1569,743,826
120000128,2124,3268,-1144
120000129,271,317,-46
120000130,838,531,307
120000131,437,523,-86
120000134,359,740,-381
120000135,516,439,77
120000137,235,741,-506
120000138,1162,404,758
120000139,260,458,-198
120000140,930,441,489
120000141,647,395,252
120000142,1024,557,467
120000143,0,77,-77
120000144,106,4,102
120000145,384,1,383
120000146,811,720,91
120000149,580,860,-280
120000150,2412,10026,-7614
120000151,464,301,163
120000152,457,133,324
120000153,172,337,-165
120000154,435,350,85
120000155,159,371,-212
120000156,695,1391,-696
120000157,749,535,214
120000158,752,554,198
120000159,1910,1839,71
120000160,2270,1533,737
120000161,2030,1715,315
120000162,68,234,-166
120000163,771,979,-208
120000164,589,304,285
120000165,575,681,-106
120000166,1398,502,896
120000167,177,116,61
120000168,18,412,-394
120000169,41,1649,-1608
120000170,52,1240,-1188
120000171,15,462,-447
120000172,31,339,-308
120000173,894,1392,-498
120000174,155,47,108
120000175,168,40,128
120000176,145,48,97
120000177,871,95,776
120000178,33,24,9
120000179,97,38,59
120000180,424,52,372
120000181,77,890,-813
120000182,51,550,-499
120000183,6,290,-284
120000184,130,869,-739
120000186,76,597,-521
120000187,25,272,-247
120000188,56,498,-442
120000190,543,69,474
120000191,417,126,291
120000192,479,26,453
120000193,257,10,247
120000195,22,1,21
120000196,106,19,87
120000197,33,78,-45
120000198,184,37,147
120000199,154,1,153
120000200,111,0,111
120000201,19,33,-14
120000202,1,36,-35
120000203,81,145,-64
120000207,0,58,-58
120000208,13,164,-151
120000209,8,59,-51
120000210,241,273,-32
120000211,158,1,157
120000212,161,0,161
120000213,132,124,8
120000214,0,133,-133
120000215,1,78,-77
120000216,119,19,100
120000217,536,914,-378
120000218,132,591,-459
120000219,8,305,-297
120000220,13,972,-959
120000225,1595,8,1587
120000226,365,3,362
120000227,1032,66,966
120000228,7671,3093,4578
120000230,351,11,340
120000231,1286,1659,-373
120000233,317,5,312
120000235,238,493,-255
120000236,938,3,935
120000237,0,751,-751
120000238,2,764,-762
120000241,1078,2655,-1577
120000412,631,8,623
120000413,316,194,122
120000414,105,2,103
120000415,2,71,-69
120000416,208,4,204
120000417,18,112,-94
120000418,254,21,233
120000419,8,216,-208
120000420,201,84,117
120000421,6144,4216,1928
120000422,91,1060,-969
120000423,1,70,-69
120000424,114,105,9
120000436,118,551,-433
120000437,109,68,41
120000438,1781,179,1602
120000439,213,461,-248
120000443,214,2,212
120000444,1258,347,911
120000445,1839,904,935
120000446,665,281,384
120000447,206,0,206
120000449,155,6,149
120000450,6,167,-161
120000451,124,196,-72
120000452,86,0,86
120000453,0,142,-142
120000454,116,167,-51
120000455,77,40,37
120000456,2000,3228,-1228
120000457,699,378,321
120000458,387,476,-89
120000459,93,51,42
120000665,610,250,360
120000668,113,640,-527
120000669,129,133,-4
120000670,137,578,-441
120000671,1044,372,672
120000672,82,469,-387
120900001,93,116,-23
120900002,216,504,-288
120900003,167,21,146
120900004,27,72,-45
120900005,3,852,-849
120900006,495,219,276
120900007,187,72,115
120900008,282,878,-596
120900009,648,52,596
120900010,489,119,370
120900011,197,245,-48
120900012,174,987,-813
120900013,256,113,143
120900014,5,351,-346
120900015,1119,98,1021
120900016,864,59,805
120900017,1575,73,1502
120900018,119,305,-186
120900019,570,354,216
120900020,738,1203,-465
120900021,677,199,478
120900022,35,238,-203
120900023,328,167,161
120900024,1599,410,1189
120900025,1323,889,434
120900026,176,114,62
120900027,841,23,818
120900028,431,133,298
120900029,151,502,-351
120900030,1341,675,666
120900031,254,115,139
120900032,1254,98,1156
120900033,1011,98,913
120900034,29,2245,-2216
120900035,57,82,-25
120900037,244,27,217
120900038,59,323,-264
120900039,128,50,78
120900040,318,6,312
120900041,114,17,97
120900042,541,48,493
120900043,65,33,32
120900044,18,297,-279
120900045,196,57,139
120900046,505,4,501
120900047,171,141,30
120900048,124,41,83
120900049,504,5,499
120900050,1476,1609,-133
120900051,311,95,216
120900052,551,12,539
120900053,348,34,314
120900054,1409,380,1029
120900055,448,2,446
120900056,626,27,599
120900057,160,20,140
120900058,692,6,686
120900059,106,3,103
120900060,95,34,61
120900061,229,183,46
120900062,237,2,235
120900063,708,8,700
120900064,654,2,652
120900065,505,0,505
120900066,470,270,200
120900067,200,82,118
120900068,289,0,289
120900069,265,42,223
120900071,18,0,18
120900072,768,2,766
120900073,656,147,509
120900074,545,12,533
120900076,343,0,343
120900077,1750,305,1445
120900078,741,629,112
120900079,832,67,765
120900080,863,1100,-237
120900081,1280,408,872
120900082,433,382,51
120900083,89,6,83
120900084,340,403,-63
120900085,66,128,-62
120900086,87,312,-225
120900087,416,381,35
120900088,212,397,-185
120900089,1987,2643,-656
120900090,239,71,168
120900091,659,977,-318
120900092,995,321,674
120900093,1626,175,1451
120900094,366,153,213
120900095,345,13,332
120900096,53,143,-90
120900097,563,561,2
120900098,235,154,81
120900099,52,57,-5
120900100,72,177,-105
120900101,459,195,264
120900102,45,56,-11
120900103,38,223,-185
120900104,25,50,-25
120900105,54,415,-361
120900106,1063,393,670
120900107,223,115,108
120900108,9,393,-384
120900109,43,444,-401
120900110,11,560,-549
120900111,205,282,-77
120900112,5,615,-610
120900113,13,553,-540
120900114,45,118,-73
120900115,154,262,-108
120900116,494,277,217
120900117,5,377,-372
120900118,7,475,-468
120900119,4859,3335,1524
120900120,71,310,-239
120900121,117,339,-222
120900122,530,348,182
120900123,6,296,-290
120900124,2,348,-346
120900125,7,373,-366
120900126,1386,727,659
120900127,13,305,-292
120900128,1161,1056,105
120900129,46,188,-142
120900130,7,266,-259
120900131,144,75,69
120900132,1000,152,848
120900133,160,540,-380
120900134,717,323,394
120900135,8,380,-372
120900136,46,60,-14
120900137,282,48,234
120900138,19,151,-132
120900139,4,406,-402
120900140,3,112,-109
120900141,101,171,-70
120900142,21,251,-230
120900143,8,546,-538
120900144,0,96,-96
120900145,415,764,-349
120900146,1,649,-648
120900147,5,451,-446
120900148,128,147,-19
120900149,0,196,-196
120900150,59,413,-354
120900151,2,425,-423
120900152,2,16,-14
120900153,63,136,-73
120900154,0,164,-164
120900155,205,712,-507
120900156,53,241,-188
120900157,58,287,-229
120900158,79,518,-439
120900159,253,388,-135
120900160,19,599,-580
120900161,47,422,-375
120900162,144,494,-350
120900163,102,470,-368
120900164,1,52,-51
120900165,14,225,-211
120900166,58,323,-265
120900167,268,114,154
120900169,101,219,-118
120900170,683,2600,-1917
120900171,740,243,497
120900172,490,974,-484
120900173,0,42,-42
120900174,7,114,-107
120900175,279,110,169
120900176,14,343,-329
120900177,0,1127,-1127
120900178,0,382,-382
120900179,696,332,364
120900180,58,151,-93
120900181,64,34,30
120900182,23,306,-283
120900183,472,81,391
120900184,315,46,269
120900185,21,259,-238
120900186,1,333,-332
120900187,481,825,-344
120900188,243,7,236
120900189,98,1541,-1443
120900190,146,11,135
120900191,18,22,-4
120900192,5902,7313,-1411
120900194,57,70,-13
120900195,103,222,-119
120900196,1012,31,981
120900197,638,121,517
120900198,175,462,-287
120900199,388,461,-73
120900200,68,135,-67
120900201,414,130,284
120900202,0,84,-84
120900203,58,79,-21
120900204,129,186,-57
120900205,80,48,32
120900206,33,50,-17
120900207,91,783,-692
121000001,511,736,-225
121000002,1589,980,609
121000003,2152,1197,955
121000004,1640,2288,-648
121000005,1262,1859,-597
121000006,2283,1528,755
121000007,1821,2107,-286
121000008,3624,2888,736
121000009,3714,4309,-595
121000010,5357,4677,680
121000011,5929,8555,-2626
121000012,10637,7679,2958
121000013,3631,5190,-1559
121000014,4787,3906,881
121000015,2866,5255,-2389
121000016,3071,2408,663
121000017,1733,2941,-1208
121000018,2131,1329,802
121000019,10193,9380,813
121000020,10181,14136,-3955
121000021,1970,2034,-64
121000022,2287,2498,-211
121000023,2797,2109,688
121000024,4551,4197,354
121000025,499,1177,-678
121000026,336,167,169
121000027,1302,988,314
121000028,767,378,389
121000029,784,597,187
121000030,625,345,280
121000031,515,497,18
121000032,215,125,90
121000034,247,220,27
121000035,135,155,-20
121000036,767,638,129
121000037,436,515,-79
121000038,344,714,-370
121000039,284,338,-54
121000041,454,409,45
121000042,246,324,-78
121000043,563,444,119
121000044,1183,821,362
121000045,328,182,146
121000046,638,691,-53
121000047,27,79,-52
121000049,959,467,492
121000050,293,846,-553
121000051,480,218,262
121000052,264,515,-251
121000053,266,110,156
121000054,36,353,-317
121000055,1052,1037,15
121000056,611,861,-250
121000057,188,360,-172
121000058,257,159,98
121000059,1476,866,610
121000060,444,770,-326
121000061,54,214,-160
121000062,117,302,-185
121000063,727,666,61
121000064,643,710,-67
121000065,273,355,-82
121000066,619,474,145
121000067,441,409,32
121000068,488,312,176
121000069,365,613,-248
121000070,1691,942,749
121000071,1509,1114,395
121000072,1879,592,1287
121000073,1035,812,223
121000074,153,154,-1
121000075,36,239,-203
121000076,438,326,112
121000077,91,166,-75
121000078,106,156,-50
121000080,1435,465,970
121000081,2722,2559,163
121000082,88,237,-149
121000083,128,108,20
121000084,143,161,-18
121000085,272,393,-121
121000086,304,485,-181
121000087,68,232,-164
121000088,414,485,-71
121000089,288,388,-100
121000090,325,390,-65
121000091,1015,832,183
121000092,162,87,75
121000093,120,187,-67
121000094,394,572,-178
121000095,253,531,-278
121000096,2230,1688,542
121000097,574,1744,-1170
121000098,596,740,-144
121000099,697,582,115
121000100,758,331,427
121000101,416,263,153
121000102,335,199,136
121000103,174,194,-20
121000104,190,118,72
121000105,392,173,219
121000106,368,283,85
121000107,1539,2209,-670
121000109,899,807,92
121000110,200,561,-361
121000114,2361,1595,766
121000115,873,516,357
121000116,235,726,-491
121000117,488,214,274
121000118,1268,215,1053
121000119,409,376,33
121000120,290,524,-234
121000121,459,1097,-638
121000123,1330,691,639
121000127,104,76,28
121000128,851,354,497
121000129,1213,492,721
121000130,606,622,-16
121000131,1630,1514,116
121000132,1185,1944,-759
121000135,227,342,-115
121000136,888,637,251
121000137,333,260,73
121000138,668,805,-137
121000139,347,279,68
121000141,190,93,97
121000142,593,956,-363
121000143,115,35,80
121000144,615,1419,-804
121000145,565,705,-140
121000146,1152,922,230
121000147,872,358,514
121000148,817,832,-15
121000149,1906,1165,741
121000152,333,422,-89
121000153,1471,487,984
121000154,900,437,463
121000155,1219,843,376
121000156,424,798,-374
121000157,670,1146,-476
121000158,349,345,4
121000159,187,309,-122
121000160,283,294,-11
121000161,186,243,-57
121000162,102,95,7
121000165,1079,1803,-724
121000166,18,326,-308
121000168,378,192,186
121000169,44,103,-59
121000170,245,66,179
121000171,45,113,-68
121000172,691,631,60
121000173,979,852,127
121000174,351,342,9
121000175,920,332,588
121000176,343,210,133
121000177,540,504,36
121000178,108,37,71
121000179,93,39,54
121000181,524,327,197
121000182,117,200,-83
121000183,75,106,-31
121000184,77,126,-49
121000185,48,197,-149
121000186,212,417,-205
121000187,169,131,38
121000188,167,114,53
121000192,797,393,404
121000193,585,409,176
121000194,1574,1557,17
121000195,174,696,-522
121000196,390,181,209
121000197,118,473,-355
121000198,156,97,59
121000199,90,214,-124
121000200,403,71,332
121000201,3,158,-155
121000202,506,81,425
121000203,718,1630,-912
121000204,2399,600,1799
121000205,50,172,-122
121000206,93,25,68
121000207,1710,336,1374
121000208,4,206,-202
121000209,329,149,180
121000210,591,262,329
121000211,263,108,155
121000212,473,405,68
121000213,7558,2133,5425
121000214,607,1371,-764
121000215,789,650,139
121000216,368,494,-126
121000217,2742,2080,662
121000218,336,1082,-746
121000219,1046,386,660
121000220,125,32,93
121000221,66,190,-124
121000222,1695,1501,194
121000223,255,292,-37
121000224,206,224,-18
121000225,735,1747,-1012
121000226,1493,894,599
121000227,11,128,-117
121000228,12,389,-377
121000229,303,214,89
121000230,40,1039,-999
121000231,844,33,811
121000232,352,220,132
121000233,554,283,271
121000234,14,38,-24
121000235,57,57,0
121000236,6,38,-32
121000237,45,22,23
121000238,9,53,-44
121000239,52,5,47
121000240,13,158,-145
121000241,81,12,69
121000242,42,344,-302
121000243,323,76,247
121000244,22,70,-48
121000245,69,17,52
121000246,2,96,-94
121000247,96,6,90
121000248,526,675,-149
121000249,60,143,-83
121000250,356,171,185
121000251,15,304,-289
121000252,84,54,30
121000253,251,256,-5
121000254,563,159,404
121000255,104,214,-110
121000256,222,215,7
121000257,34,157,-123
121000258,64,76,-12
121000259,45,68,-23
121000260,51,58,-7
121000261,78,55,23
121000262,857,473,384
121000263,399,320,79
121000271,253,943,-690
121000273,33,7,26
121000274,8,65,-57
121000275,4,44,-40
121000276,5,39,-34
121000278,48,19,29
121000279,26,23,3
121000280,36,32,4
121000289,178,22,156
121000290,853,760,93
121000294,182,84,98
121000297,553,903,-350
121000299,80,514,-434
121000300,539,379,160
121000302,26,641,-615
121000303,389,232,157
121000304,430,70,360
121000305,149,33,116
121000306,137,145,-8
121000308,126,236,-110
121000309,255,329,-74
121000310,77,212,-135
121000311,59,627,-568
121000312,259,199,60
121000313,240,362,-122
121000314,112,139,-27
121000315,36,77,-41
121000530,1429,1049,380
121000531,1542,1439,103
121000532,5148,6068,-920
121000533,2689,2761,-72
121000918,44,90,-46
121000919,36,73,-37
121000938,42,47,-5
121000939,24,81,-57
121000956,1411,842,569
121000957,1,7,-6
121000958,20,25,-5
121000959,724,559,165
121000960,1011,1439,-428
121000961,232,54,178
121000962,426,394,32
121000963,0,0,0
121000973,1,103,-102
121000976,30,155,-125
121000979,433,141,292
121000981,318,141,177
121000982,344,115,229
121000983,362,253,109
121000984,8,71,-63
121000985,623,351,272
121000986,205,98,107
121000987,254,538,-284
121000988,711,99,612
121001302,190,85,105
121001308,1,19,-18
121001309,65,132,-67
121001313,121,112,9
121001314,1300,1875,-575
121001315,4215,2202,2013
121001326,380,330,50
121900001,101,138,-37
121900002,37,31,6
121900003,347,7,340
121900004,67,279,-212
121900005,13,5,8
121900006,91,24,67
121900007,1531,1385,146
121900008,593,393,200
121900009,360,23,337
121900010,214,7,207
121900011,151,187,-36
121900012,12,0,12
121900013,784,80,704
121900014,904,295,609
121900015,213,135,78
121900016,4,35,-31
121900017,485,289,196
121900018,349,17,332
121900019,432,214,218
121900020,28,0,28
121900021,854,25,829
121900022,316,216,100
121900023,144,253,-109
121900024,298,117,181
121900025,618,369,249
121900026,251,40,211
121900027,282,96,186
121900028,177,3,174
121900029,118,185,-67
121900030,357,385,-28
121900031,736,4965,-4229
121900032,96,52,44
121900033,194,217,-23
121900034,210,44,166
121900035,2321,1798,523
121900036,84,208,-124
121900037,135,878,-743
121900038,26,96,-70
121900039,302,32,270
121900040,66,112,-46
121900041,101,227,-126
121900042,307,124,183
121900043,3,2,1
121900044,86,50,36
121900046,258,195,63
121900047,201,64,137
121900048,29,103,-74
121900050,21,50,-29
121900051,134,159,-25
121900052,166,31,135
121900053,442,240,202
121900054,508,769,-261
121900055,6,16,-10
121900058,184,106,78
121900059,389,132,257
121900060,136,349,-213
121900061,123,139,-16
121900062,137,93,44
121900063,1219,398,821
121900064,222,468,-246
121900066,67,22,45
121900067,66,49,17
121900069,137,115,22
121900070,81,97,-16
121900071,318,178,140
121900072,50,121,-71
121900073,212,182,30
121900074,536,803,-267
121900075,328,381,-53
121900076,347,590,-243
121900078,97,28,69
121900079,4,2,2
121900080,591,323,268
121900082,44,72,-28
121900084,46,104,-58
121900086,15,60,-45
121900087,131,105,26
121900088,1343,1988,-645
121900089,196,236,-40
121900090,30,44,-14
121900091,86,81,5
121900092,62,116,-54
121900093,75,64,11
121900094,12,5,7
121900095,299,109,190
121900096,916,673,243
121900097,517,155,362
121900098,16,1,15
121900099,248,65,183
121900100,131,443,-312
121900101,113,140,-27
121900102,3,123,-120
121900103,320,230,90
121900104,1206,260,946
121900105,202,168,34
121900106,8,1,7
121900107,50,17,33
121900108,3,21,-18
121900109,203,166,37
121900110,440,592,-152
121900111,418,165,253
121900112,125,124,1
121900113,58,390,-332
121900114,50,75,-25
121900117,113,79,34
121900118,1433,476,957
121900119,214,71,143
121900120,41,775,-734
121900121,322,34,288
121900122,22,73,-51
121900123,173,268,-95
121900124,121,164,-43
121900125,1141,774,367
121900127,3,65,-62
121900128,63,69,-6
121900129,330,158,172
121900130,75,131,-56
121900131,211,99,112
121900132,36,57,-21
121900133,65,838,-773
121900134,37,151,-114
121900135,2477,339,2138
121900136,384,190,194
121900137,38,225,-187
121900138,59,82,-23
121900139,299,508,-209
121900140,58,113,-55
121900141,51,35,16
121900142,132,67,65
121900143,17,129,-112
121900144,153,246,-93
121900145,254,296,-42
121900146,545,551,-6
121900147,50,180,-130
121900148,191,213,-22
121900149,234,404,-170
121900150,51,140,-89
121900151,77,221,-144
121900152,75,109,-34
121900153,51,542,-491
121900154,12,239,-227
121900155,1,111,-110
121900156,115,129,-14
121900157,3,315,-312
121900158,78,84,-6
121900159,0,186,-186
121900160,63,203,-140
121900161,197,296,-99
121900162,113,123,-10
121900163,268,370,-102
121900164,283,164,119
121900165,181,117,64
121900166,175,124,51
121900167,82,95,-13
121900168,104,195,-91
121900169,4,133,-129
121900170,6,159,-153
121900171,646,393,253
121900172,460,166,294
121900173,659,187,472
121900174,61,89,-28
121900175,159,156,3
121900176,453,1032,-579
121900177,165,66,99
121900178,32,51,-19
121900179,519,201,318
121900180,2144,3565,-1421
121900182,609,300,309
121900183,511,760,-249
121900184,46,450,-404
121900186,4,253,-249
121900187,27,120,-93
121900188,347,256,91
121900189,25,85,-60
121900190,168,351,-183
121900191,177,245,-68
121900192,265,768,-503
121900193,60,138,-78
121900194,3,138,-135
121900195,43,59,-16
121900196,555,632,-77
121900197,276,982,-706
121900198,852,914,-62
121900199,2,40,-38
121900200,68,228,-160
121900201,625,662,-37
121900202,88,604,-516
121900203,128,817,-689
121900204,553,1010,-457
121900205,18,85,-67
121900206,13,33,-20
121900207,68,37,31
121900208,104,237,-133
121900209,59,28,31
121900210,1274,836,438
121900211,339,390,-51
121900212,202,118,84
121900213,207,35,172
121900214,4,332,-328
121900215,60,90,-30
121900216,43,139,-96
121900217,203,116,87
121900218,138,358,-220
121900220,123,16,107
121900221,229,373,-144
121900222,181,82,99
121900223,139,41,98
121900224,77,44,33
121900225,61,119,-58
121900226,217,300,-83
121900227,196,543,-347
121900228,157,191,-34
121900230,77,228,-151
121900231,244,1123,-879
121900232,120,252,-132
121900233,164,145,19
121900234,211,144,67
121900235,369,129,240
121900236,360,172,188
121900237,149,210,-61
121900238,121,258,-137
121900239,134,27,107
121900240,232,81,151
121900241,53,36,17
121900242,14,0,14
121900243,6,0,6
121900244,13,2,11
121900245,197,55,142
121900246,2372,224,2148
121900248,871,1041,-170
121900250,194,251,-57
121900251,366,29,337
121900252,329,95,234
121900253,108,688,-580
121900254,339,210,129
121900255,406,81,325
121900258,2835,1514,1321
121900259,431,447,-16
121900260,83,142,-59
121900261,172,460,-288
121900262,283,686,-403
121900263,229,206,23
121900264,1281,853,428
121900265,225,195,30
121900266,409,115,294
121900267,70,40,30
121900269,174,547,-373
121900270,30,146,-116
121900271,32,102,-70
121900273,380,1297,-917
121900274,286,186,100
121900277,357,877,-520
121900278,66,678,-612
121900279,140,141,-1
121900280,60,313,-253
121900281,226,363,-137
121900284,48,9,39
121900286,155,89,66
121900287,21,32,-11
121900288,2,1,1
121900290,204,318,-114
121900291,318,504,-186
121900292,115,133,-18
121900293,850,2062,-1212
121900294,259,12,247
121900295,130,150,-20
121900296,29,119,-90
121900298,159,744,-585
121900299,0,2,-2
121900300,47,6,41
121900301,52,1,51
121900302,3,32,-29
121900303,272,212,60
121900304,4,11,-7
121900305,0,23,-23
121900306,236,0,236
121900307,79,20,59
121900308,19,190,-171
121900309,2,175,-173
121900310,17,310,-293
121900311,350,18,332
121900312,229,4,225
121900313,329,13,316
121900314,3,51,-48
121900315,13,1,12
121900316,1,16,-15
121900317,14,1,13
121900318,0,23,-23
121900319,18,64,-46
121900320,48,52,-4
121900321,17,1,16
121900322,5,20,-15
121900323,25,9,16
121900324,4,52,-48
121900325,9,0,9
121900326,4,18,-14
121900327,6,36,-30
121900328,0,20,-20
121900329,1,120,-119
121900330,0,60,-60
121900331,60,117,-57
121900332,61,16,45
121900333,38,1,37
121900334,96,62,34
122000001,1393,3912,-2519
122000002,2730,1194,1536
122000003,1444,2307,-863
122000004,2195,1160,1035
122000005,2001,1554,447
122000006,1209,883,326
122000007,753,1269,-516
122000008,1681,3228,-1547
122000009,325,351,-26
122000010,1689,2093,-404
122000011,2409,1101,1308
122000012,871,1413,-542
122000013,783,844,-61
122000014,1539,791,748
122000015,973,788,185
122000016,445,628,-183
122000017,806,774,32
122000018,1121,1097,24
122000019,638,947,-309
122000020,194,209,-15
122000021,244,336,-92
122000022,931,766,165
122000023,663,1115,-452
122000024,573,1071,-498
122000025,730,1683,-953
122000026,574,1250,-676
122000027,529,1236,-707
122000028,722,356,366
122000029,316,340,-24
122000030,181,108,73
122000031,158,242,-84
122000032,1536,1402,134
122000033,420,1080,-660
122000034,466,464,2
122000035,205,546,-341
122000036,531,422,109
122000037,324,177,147
122000038,168,272,-104
122000039,478,318,160
122000040,200,214,-14
122000041,400,466,-66
122000042,210,352,-142
122000043,100,113,-13
122000044,109,120,-11
122000045,977,513,464
122000046,625,519,106
122000047,125,175,-50
122000048,2751,3200,-449
122000049,4111,2931,1180
122000050,1161,610,551
122000051,165,327,-162
122000052,313,373,-60
122000053,187,663,-476
122000054,1702,1522,180
122000055,1695,2743,-1048
122000056,2930,2654,276
122000057,2328,2922,-594
122000058,1448,1478,-30
122000059,1659,2035,-376
122000060,360,648,-288
122000061,328,538,-210
122000062,505,234,271
122000063,647,646,1
122000064,2499,2685,-186
122000065,2377,1851,526
122000066,337,388,-51
122000067,1152,871,281
122000068,998,794,204
122000069,736,670,66
122000070,707,912,-205
122000071,1383,787,596
122000072,349,357,-8
122000073,259,776,-517
122000074,2002,1139,863
122000075,586,886,-300
122000076,2795,1102,1693
122000077,686,1023,-337
122000078,1258,2890,-1632
122000079,556,1093,-537
122000080,493,321,172
122000081,139,194,-55
122000082,381,816,-435
122000083,1502,1125,377
122000084,1335,719,616
122000085,201,616,-415
122000086,1957,4106,-2149
122000087,290,186,104
122000088,252,421,-169
122000089,3398,1811,1587
122000090,124,410,-286
122000091,90,111,-21
122000092,59,16,43
122000093,1245,1930,-685
122000094,3453,2109,1344
122000095,1265,2885,-1620
122000096,1041,1191,-150
122000098,2013,1997,16
122000099,1132,669,463
122000100,541,518,23
122000101,258,427,-169
122000102,1540,878,662
122000103,1323,1228,95
122000104,412,108,304
122000105,519,210,309
122000106,444,537,-93
122000107,969,348,621
122000108,351,633,-282
122000109,384,264,120
122000110,388,467,-79
122000111,2256,1014,1242
122000112,921,1094,-173
122000113,636,603,33
122000114,1827,1244,583
122000115,1516,923,593
122000116,444,436,8
122000117,1206,358,848
122000118,613,721,-108
122000119,3088,2218,870
122000120,1657,4089,-2432
122000121,1760,2758,-998
122000122,606,1200,-594
122000123,1509,1492,17
122000124,832,501,331
122000125,518,632,-114
122000126,468,805,-337
122000127,803,970,-167
122000128,326,501,-175
122000129,495,1180,-685
122000130,2773,1443,1330
122000131,1353,1290,63
122000132,488,543,-55
122000133,864,971,-107
122000134,880,723,157
122000135,567,571,-4
122000136,692,562,130
122000137,1466,749,717
122000139,729,2616,-1887
122000140,597,545,52
122000141,2842,768,2074
122000142,198,657,-459
122000143,500,506,-6
122000144,1294,1204,90
122000145,730,595,135
122000146,635,1139,-504
122000147,524,478,46
122000148,1029,1533,-504
122000149,1739,1383,356
122000150,1014,992,22
122000151,146,370,-224
122000152,277,333,-56
122000153,325,303,22
122000154,232,218,14
122000155,1270,2355,-1085
122000156,1915,2043,-128
122000157,879,1874,-995
122000158,369,630,-261
122000159,585,1454,-869
122000160,3499,2240,1259
122000161,1212,1008,204
122000162,1466,1560,-94
122000163,192,84,108
122000164,49,68,-19
122000165,676,507,169
122000166,680,883,-203
122000167,252,248,4
122000168,147,455,-308
122000169,277,148,129
122000170,282,168,114
122000171,50,108,-58
122000172,1439,1009,430
122000173,1084,1780,-696
122000174,1612,768,844
122000175,684,250,434
122000176,337,676,-339
122000177,1191,1101,90
122000178,2240,1814,426
122000179,1254,1853,-599
122000180,1178,1114,64
122000181,1134,2210,-1076
122000182,1366,1246,120
122000183,1524,845,679
122000184,2043,1954,89
122000185,970,1619,-649
122000186,386,742,-356
122000187,1449,855,594
122000188,399,229,170
122000189,228,289,-61
122000190,613,921,-308
122000191,604,472,132
122000192,818,300,518
122000193,326,531,-205
122000194,339,198,141
122000195,133,419,-286
122000196,928,571,357
122000197,416,548,-132
122000198,414,704,-290
122000199,230,299,-69
122000200,650,501,149
122000201,910,1374,-464
122000202,954,1163,-209
122000203,2379,1512,867
122000204,1184,1669,-485
122000205,991,1110,-119
122000206,2028,856,1172
122000207,1452,1181,271
122000208,1684,1155,529
122000209,1495,340,1155
122000210,1829,1390,439
122000211,1076,920,156
122000212,695,440,255
122000213,732,1029,-297
122000214,1654,1389,265
122000215,1710,1325,385
122000217,1507,1119,388
122000218,558,56,502
122000219,829,727,102
122000220,310,560,-250
122000221,74,244,-170
122000222,445,128,317
122000223,1087,429,658
122000225,642,295,347
122000226,1536,1274,262
122000227,212,1712,-1500
122000228,368,348,20
122000229,16,412,-396
122000230,43,343,-300
122000231,297,529,-232
122000232,467,640,-173
122000233,1,63,-62
122000234,327,58,269
122000235,341,78,263
122000236,1059,76,983
122000237,103,72,31
122000238,304,271,33
122000239,542,131,411
122000240,988,443,545
122000241,1526,410,1116
122000242,581,102,479
122000243,334,57,277
122000244,99,334,-235
122000245,97,170,-73
122000246,398,175,223
122000247,779,525,254
122000248,778,1151,-373
122000249,1722,873,849
122000250,2009,940,1069
122000251,215,421,-206
122000252,382,100,282
122000253,50,219,-169
122000254,283,88,195
122000255,550,1052,-502
122000256,335,551,-216
122000257,155,212,-57
122000258,307,177,130
122000259,33,296,-263
122000260,19,38,-19
122000261,13,180,-167
122000262,0,43,-43
122000263,277,139,138
122000264,1127,229,898
122000265,1652,666,986
122000266,2948,529,2419
122000267,152,80,72
122000268,138,276,-138
122000269,746,276,470
122000270,456,111,345
122000271,226,743,-517
122000272,316,730,-414
122000273,386,324,62
122000274,220,123,97
122000275,73,121,-48
122000276,744,462,282
122000277,1054,1293,-239
122000278,1910,570,1340
122000279,203,335,-132
122000280,759,483,276
122000281,700,591,109
122000282,199,295,-96
122000283,265,128,137
122000284,235,107,128
122000285,292,66,226
122000286,54,92,-38
122000287,1037,999,38
122000288,457,175,282
122000291,1783,575,1208
122000293,277,184,93
122000294,137,184,-47
122000295,1026,237,789
122000296,37,457,-420
122000297,1661,2766,-1105
122000299,500,296,204
122000300,525,595,-70
122000301,5994,2887,3107
122000302,418,1438,-1020
122000303,2101,1051,1050
122000304,65,132,-67
122000305,980,473,507
122000306,35,389,-354
122000307,127,136,-9
122000309,47,44,3
122000310,25,119,-94
122000311,224,147,77
122000312,113,213,-100
122000313,194,93,101
122000314,99,207,-108
122000315,250,42,208
122000316,653,148,505
122000317,1285,258,1027
122000318,242,396,-154
122000319,206,302,-96
122000320,254,760,-506
122000321,88,111,-23
122000322,1482,1625,-143
122000323,905,1820,-915
122000324,880,989,-109
122000325,772,1796,-1024
122000326,116,72,44
122000327,436,689,-253
122000328,600,479,121
122000330,1564,659,905
122000332,175,300,-125
122000333,8,76,-68
122000337,1045,927,118
122000338,383,274,109
122000340,265,470,-205
122000342,1148,730,418
122000343,383,691,-308
122000344,68,7,61
122000345,14,9,5
122000346,348,298,50
122000348,606,467,139
122000349,89,386,-297
122000351,142,148,-6
122000352,251,108,143
122000353,61,46,15
122000355,119,265,-146
122000356,779,886,-107
122000357,87,19,68
122000358,0,53,-53
122000359,0,26,-26
122000360,0,23,-23
122000362,4,68,-64
122000364,152,206,-54
122000365,2,28,-26
122000366,5,3,2
122000368,374,528,-154
122000370,10,39,-29
122000371,26,0,26
122000372,32,3,29
122000381,103,225,-122
122000382,74,184,-110
122000384,1817,931,886
122000385,61,0,61
122000386,238,1022,-784
122000387,374,506,-132
122000388,1057,557,500
122000389,128,595,-467
122000390,288,207,81
122000391,231,162,69
122000392,135,200,-65
122000393,31,102,-71
122000394,418,191,227
122000395,97,109,-12
122000396,230,80,150
122000397,31,34,-3
122000398,16,35,-19
122000399,175,65,110
122000400,70,545,-475
122000401,117,66,51
122000402,307,88,219
122000403,403,486,-83
122000404,148,150,-2
122000408,566,753,-187
122000503,11,100,-89
122000524,157,138,19
122000544,77,1759,-1682
122000614,337,292,45
122000616,165,6,159
122000640,72,81,-9
122000641,167,233,-66
122000642,808,614,194
122000643,50,137,-87
122000644,94,27,67
122000645,85,158,-73
122000651,695,826,-131
122000664,114,16,98
122000665,949,496,453
122000666,526,904,-378
122000673,49,148,-99
122000674,177,69,108
122000675,1580,604,976
122000686,498,822,-324
122000687,1432,254,1178
122000688,197,311,-114
122000689,824,290,534
122000690,1955,239,1716
122000691,682,946,-264
122000692,1121,232,889
122000693,273,1057,-784
122000695,268,223,45
122000696,378,176,202
122000698,348,348,0
122000699,114,38,76
122000701,1304,278,1026
122000702,413,702,-289
122000703,171,61,110
122000712,0,0,0
122000717,84,53,31
122000718,828,1641,-813
122000719,113,54,59
122000720,475,137,338
122000724,271,227,44
122900001,42,4,38
122900002,817,3729,-2912
122900003,364,34,330
122900004,1158,65,1093
122900005,113,69,44
122900006,417,465,-48
122900007,183,49,134
122900008,338,192,146
122900009,467,353,114
122900010,134,89,45
122900012,177,338,-161
122900014,103,184,-81
122900015,980,982,-2
122900016,95,224,-129
122900017,210,538,-328
122900018,145,23,122
122900019,17,114,-97
122900020,178,354,-176
122900021,51,354,-303
122900022,871,609,262
122900023,305,87,218
122900024,133,91,42
122900025,10,178,-168
122900026,43,235,-192
122900027,35,470,-435
122900028,121,95,26
122900029,3304,1970,1334
122900030,720,410,310
122900031,26,193,-167
122900032,97,256,-159
122900033,249,110,139
122900034,3402,3342,60
122900035,72,38,34
122900036,36,64,-28
122900037,276,137,139
122900038,73,2087,-2014
122900039,74,471,-397
122900040,203,331,-128
122900041,256,263,-7
122900042,136,219,-83
122900043,264,211,53
122900044,123,237,-114
122900045,106,89,17
122900046,149,284,-135
122900047,133,165,-32
122900048,43,173,-130
122900049,1158,104,1054
122900051,68,133,-65
122900052,139,142,-3
122900053,39,22,17
122900055,273,101,172
122900057,175,32,143
122900061,356,181,175
122900062,528,532,-4
122900063,157,186,-29
122900064,706,324,382
122900065,434,215,219
122900066,601,307,294
122900067,875,490,385
122900069,385,1015,-630
122900070,303,44,259
122900071,152,252,-100
122900073,20,157,-137
122900074,739,386,353
122900075,2,43,-41
122900076,5,134,-129
122900077,5,82,-77
122900078,168,38,130
122900080,27,17,10
122900081,160,107,53
122900082,732,165,567
122900083,89,80,9
122900084,13,164,-151
122900086,8,62,-54
122900087,239,333,-94
122900088,42,204,-162
122900089,25,150,-125
122900090,7,304,-297
122900091,279,0,279
122900092,1,113,-112
122900093,2,123,-121
122900094,9,81,-72
122900095,156,15,141
122900096,473,249,224
122900097,33,53,-20
122900098,42,61,-19
122900099,106,18,88
122900100,127,246,-119
122900101,342,259,83
122900102,21,27,-6
122900103,143,6,137
122900104,181,6,175
122900105,18,14,4
122900106,2,45,-43
122900107,4,131,-127
122900108,2,117,-115
122900109,204,92,112
123000001,838,393,445
123000002,2232,4051,-1819
123000003,3137,3307,-170
123000004,2466,3226,-760
123000005,2139,2245,-106
123000006,1757,1842,-85
123000007,3307,2475,832
123000008,2098,2359,-261
123000009,3367,2278,1089
123000010,2416,2537,-121
123000011,1461,719,742
123000012,515,1627,-1112
123000013,2910,881,2029
123000014,896,2509,-1613
123000015,1860,891,969
123000016,3104,2991,113
123000017,2917,1520,1397
123000018,98,75,23
123000019,372,146,226
123000020,264,48,216
123000021,185,160,25
123000022,367,1380,-1013
123000023,1322,1435,-113
123000024,1418,600,818
123000025,413,99,314
123000026,77,79,-2
123000027,110,538,-428
123000028,960,857,103
123000029,556,1137,-581
123000030,244,160,84
123000031,220,179,41
123000032,393,142,251
123000033,248,77,171
123000034,928,622,306
123000035,343,333,10
123000036,209,757,-548
123000037,213,233,-20
123000038,51,178,-127
123000039,436,1276,-840
123000040,553,263,290
123000041,972,1069,-97
123000042,592,598,-6
123000043,1746,6852,-5106
123000044,2879,2047,832
123000045,3431,2091,1340
123000046,431,1212,-781
123000047,996,877,119
123000048,68,796,-728
123000049,4399,8008,-3609
123000050,1262,1172,90
123000051,99,171,-72
123000052,703,2490,-1787
123000053,2291,2286,5
123000054,1489,1229,260
123000055,1111,2052,-941
123000056,1032,1200,-168
123000057,5949,5141,808
123000058,475,917,-442
123000059,338,412,-74
123000060,909,415,494
123000061,370,630,-260
123000063,797,760,37
123000064,877,244,633
123000065,3531,1696,1835
123000066,602,499,103
123000067,891,566,325
123000068,2084,1945,139
123000069,4728,2055,2673
123000070,229,619,-390
123000071,958,633,325
123000072,868,634,234
123000073,1246,632,614
123000074,1047,763,284
123000075,329,912,-583
123000076,688,463,225
123000077,1762,1653,109
123000078,1526,1274,252
123000079,1473,1362,111
123000080,1735,1028,707
123000081,169,290,-121
123000082,253,905,-652
123000083,832,225,607
123000084,607,438,169
123000085,336,75,261
123000086,589,154,435
123000087,287,219,68
123000088,1961,585,1376
123000089,543,819,-276
123000090,1066,657,409
123000091,1187,1054,133
123000092,877,956,-79
123000094,543,174,369
123000095,578,533,45
123000096,715,303,412
123000097,543,552,-9
123000098,751,391,360
123000099,515,480,35
123000100,431,653,-222
123000101,418,514,-96
123000102,434,683,-249
123000104,364,422,-58
123000105,375,421,-46
123000106,517,379,138
123000107,272,442,-170
123000108,434,949,-515
123000111,817,325,492
123000112,1092,361,731
123000113,364,593,-229
123000114,292,627,-335
123000115,291,202,89
123000116,80,82,-2
123000117,1355,1181,174
123000118,325,574,-249
123000119,231,630,-399
123000120,287,674,-387
123000121,450,376,74
123000122,301,224,77
123000123,457,430,27
123000124,361,333,28
123000125,774,860,-86
123000126,1187,4578,-3391
123000127,554,506,48
123000128,237,220,17
123000129,754,194,560
123000130,569,74,495
123000131,822,758,64
123000132,250,415,-165
123000133,202,268,-66
123000134,261,158,103
123000135,1511,656,855
123000136,146,469,-323
123000137,87,157,-70
123000138,99,188,-89
123000139,538,99,439
123000140,92,430,-338
123000141,590,124,466
123000142,787,668,119
123000143,861,1331,-470
123000144,27,26,1
123000145,184,138,46
123000146,13,85,-72
123000147,64,102,-38
123000149,304,368,-64
123000150,112,216,-104
123000151,211,367,-156
123000152,67,311,-244
123000153,248,546,-298
123000154,1183,1621,-438
123000155,1631,1038,593
123000156,19,123,-104
123000157,556,622,-66
123000158,449,714,-265
123000159,2664,2354,310
123000160,1127,858,269
123000161,1332,936,396
123000162,985,1506,-521
123000163,451,89,362
123000164,1287,263,1024
123000165,343,1081,-738
123000166,38,99,-61
123000167,154,209,-55
123000168,313,179,134
123000169,684,113,571
123000170,108,85,23
123000171,617,11,606
123000172,171,310,-139
123000173,510,247,263
123000174,921,347,574
123000175,444,707,-263
123000176,999,205,794
123000177,250,585,-335
123000178,737,107,630
123000179,39,379,-340
123000180,968,351,617
123000181,155,555,-400
123000183,146,467,-321
123000184,93,343,-250
123000186,2,311,-309
123000187,538,9,529
123000188,253,2,251
123000189,196,178,18
123000190,64,76,-12
123000192,28,305,-277
123000193,93,606,-513
123000194,491,295,196
123000195,306,37,269
123000196,280,18,262
123000197,84,130,-46
123000198,23,403,-380
123000199,4,499,-495
123000200,497,6,491
123000201,1110,21,1089
123000202,20,760,-740
123000203,882,69,813
123000204,52,755,-703
123000205,475,1065,-590
123000206,2086,250,1836
123000207,96,629,-533
123000208,519,183,336
123000209,1952,600,1352
123000210,495,1346,-851
123000211,464,1422,-958
123000212,2627,461,2166
123000213,558,77,481
123000215,74,197,-123
123000216,110,511,-401
123000217,175,55,120
123000218,46,535,-489
123000219,529,42,487
123000220,542,139,403
123000221,379,79,300
123000222,353,189,164
123000223,308,161,147
123000224,375,290,85
123000225,248,52,196
123000226,66,287,-221
123000227,83,198,-115
123000228,234,57,177
123000229,724,991,-267
123000232,212,449,-237
123000233,745,135,610
123000234,130,491,-361
123000235,1083,247,836
123000236,216,546,-330
123000237,291,71,220
123000238,67,302,-235
123000239,385,779,-394
123000240,35,394,-359
123000241,281,74,207
123000242,113,132,-19
123000243,585,595,-10
123000244,744,536,208
123000245,45,137,-92
123000249,239,476,-237
123000252,772,274,498
123000253,1152,430,722
123000254,744,795,-51
123000255,1106,801,305
123000256,37,165,-128
123000257,1665,1020,645
123000258,947,864,83
123000259,422,433,-11
123000260,501,295,206
123000261,200,85,115
123000262,86,139,-53
123000263,397,76,321
123000264,214,71,143
123000265,59,101,-42
123000266,527,583,-56
123000267,541,323,218
123000268,50,59,-9
123000269,26,58,-32
123000270,21,47,-26
123000271,53,68,-15
123000272,630,257,373
123000273,235,507,-272
123000274,997,496,501
123000275,217,594,-377
123000278,2316,1878,438
123000279,138,98,40
123000280,386,373,13
123000281,341,86,255
123000282,120,289,-169
123000283,138,38,100
123000284,54,71,-17
123000286,132,343,-211
123000287,371,267,104
123000288,1022,814,208
123000289,299,902,-603
123000291,217,787,-570
123000294,189,204,-15
123000295,853,739,114
123000296,513,362,151
123000297,654,412,242
123000298,700,402,298
123000299,71,172,-101
123000300,1152,805,347
123000301,132,305,-173
123000302,87,127,-40
123000303,99,222,-123
123000305,678,676,2
123000306,152,93,59
123000309,38,41,-3
123000310,46,35,11
123000311,0,84,-84
123000312,626,731,-105
123000313,1111,459,652
123000315,190,218,-28
123000316,636,277,359
123000317,188,65,123
123000318,78,164,-86
123000329,5,28,-23
123000337,654,322,332
123000338,278,97,181
123000339,239,60,179
123000340,145,309,-164
123000342,20,86,-66
123000343,60,20,40
123000344,885,341,544
123000345,322,526,-204
123000346,434,64,370
123000352,907,723,184
123000353,21,73,-52
123000354,293,6,287
123000355,1,267,-266
123000356,349,6,343
123000357,4,99,-95
123000359,2,94,-92
123000360,194,55,139
123000361,152,257,-105
123000362,325,47,278
123000363,70,156,-86
123000364,408,511,-103
123000365,23,295,-272
123000366,300,1579,-1279
123000367,507,812,-305
123000370,16,301,-285
123000371,711,31,680
123000372,298,31,267
123000373,29,206,-177
123000374,83,156,-73
123000375,509,87,422
123000376,782,555,227
123000377,267,15,252
123000378,9,168,-159
123000379,3,134,-131
123000380,30,293,-263
123000381,105,66,39
123000382,567,83,484
123000383,100,945,-845
123000384,377,94,283
123000385,126,388,-262
123000436,31,470,-439
123000507,105,151,-46
123000508,179,850,-671
123000517,215,41,174
123000518,23,250,-227
123000519,135,69,66
123000520,38,194,-156
123000521,359,105,254
123000522,132,296,-164
123000541,7,0,7
123000542,0,6,-6
123000565,763,52,711
123000566,329,443,-114
123000567,91,177,-86
123000573,58,476,-418
123000574,822,64,758
123000575,1195,724,471
123000576,830,1012,-182
123000577,55,432,-377
123000578,359,53,306
123000579,1277,4175,-2898
123000580,84,42,42
123000582,311,27,284
123000583,13,242,-229
123000584,134,239,-105
123000585,1,118,-117
123000586,65,0,65
123000596,68,54,14
123000597,75,92,-17
123000602,55,5,50
123000603,777,454,323
123000604,489,525,-36
123000605,662,24,638
123000606,1,333,-332
123000609,15,194,-179
123000610,175,85,90
123000613,36,194,-158
123000614,214,23,191
123000615,46,141,-95
123000616,599,56,543
123000617,113,278,-165
123000618,57,499,-442
123000619,401,43,358
123000620,29,341,-312
123000622,444,20,424
123000624,157,81,76
123000630,1232,267,965
123000631,233,708,-475
123000632,682,719,-37
123000633,13,258,-245
123000634,43,141,-98
123000635,81,66,15
123000636,140,572,-432
123000637,204,20,184
123000638,575,26,549
123000639,656,3940,-3284
123000640,42,395,-353
123000648,390,120,270
123000649,45,307,-262
123000650,545,265,280
123000651,82,342,-260
123900001,838,44,794
123900002,19,925,-906
123900003,193,271,-78
123900005,191,155,36
123900006,252,55,197
124000001,1519,144,1375
124000002,63,997,-934
124000003,838,147,691
124000004,68,327,-259
124000005,1105,481,624
124000006,160,700,-540
124000007,428,106,322
124000008,8,389,-381
124000009,594,206,388
124000010,189,285,-96
124000011,767,228,539
124000012,217,291,-74
124000017,168,114,54
124000018,96,75,21
124000019,137,106,31
124000020,50,101,-51
124000021,99,57,42
124000022,93,148,-55
124000023,1058,1182,-124
124000024,748,301,447
124000025,874,1310,-436
124000026,782,711,71
124000027,3198,3663,-465
124000028,1267,2643,-1376
124000030,1220,530,690
124000031,1222,2773,-1551
124000032,1412,762,650
124000033,990,522,468
124000034,504,803,-299
124000035,342,155,187
124000036,117,430,-313
124000037,344,955,-611
124000038,41,106,-65
124000039,677,438,239
124000040,369,908,-539
124000041,413,91,322
124000042,128,290,-162
124000043,106,105,1
124000044,97,151,-54
124000045,832,469,363
124000046,246,510,-264
124000047,1483,702,781
124000048,816,805,11
124000049,1633,500,1133
124000050,910,1086,-176
124000051,950,435,515
124000052,453,587,-134
124000053,461,1376,-915
124000054,756,339,417
124000055,1139,2368,-1229
124000056,1543,884,659
124000057,982,478,504
124000058,464,796,-332
124000059,678,1010,-332
124000060,779,435,344
124000061,1083,5050,-3967
124000062,2228,1124,1104
124000063,888,1106,-218
124000064,1296,871,425
124000065,45,233,-188
124000066,270,83,187
124000067,175,144,31
124000068,85,218,-133
124000069,600,186,414
124000070,227,309,-82
124000071,166,232,-66
124000072,92,415,-323
124000073,831,175,656
124000074,229,611,-382
124000075,316,28,288
124000076,22,105,-83
124000077,1152,577,575
124000078,1909,1136,773
124000079,308,847,-539
124000080,547,232,315
124000081,170,454,-284
124000082,74,156,-82
124000083,92,92,0
124000084,59,458,-399
124000085,68,40,28
124000086,26,95,-69
124000087,132,122,10
124000088,142,279,-137
124000089,723,229,494
124000090,166,236,-70
124000091,660,110,550
124000092,164,481,-317
124000093,107,84,23
124000094,161,426,-265
124000095,99,90,9
124000096,212,153,59
124000097,156,113,43
124000098,112,78,34
124000099,221,104,117
124000100,64,105,-41
124000101,79,107,-28
124000102,98,25,73
124000103,124,121,3
124000104,75,42,33
124000105,68,71,-3
124000106,108,42,66
124000107,17,209,-192
124000108,53,26,27
124000109,169,99,70
124000110,162,95,67
124000111,179,151,28
124000112,585,422,163
124000113,95,94,1
124000114,277,279,-2
124000115,352,392,-40
124000116,110,133,-23
124000117,77,68,9
124000118,50,84,-34
124000119,741,451,290
124000120,428,455,-27
124000121,1008,555,453
124000122,486,1073,-587
124000123,711,361,350
124000124,289,737,-448
124000125,351,427,-76
124000126,265,405,-140
124000127,762,271,491
124000128,536,623,-87
124000129,1773,1110,663
124000130,662,385,277
124000131,690,508,182
124000132,695,520,175
124000133,867,644,223
124000134,688,421,267
124000135,1308,1360,-52
124000136,621,670,-49
124000137,859,613,246
124000138,830,952,-122
124000139,820,88,732
124000140,87,399,-312
124000141,800,41,759
124000142,79,404,-325
124000143,96,32,64
124000144,7,180,-173
124000145,189,98,91
124000146,75,148,-73
124000148,33,137,-104
124000149,1073,352,721
124000150,288,795,-507
124000151,918,315,603
124000152,712,1180,-468
124000153,808,532,276
124000154,461,539,-78
124000155,1231,806,425
124000156,1267,873,394
124000169,168,377,-209
124000170,445,300,145
124000171,244,197,47
124000172,254,364,-110
124000173,407,184,223
124000174,373,411,-38
124000175,17,61,-44
124000176,35,17,18
124000177,12,21,-9
124000178,101,53,48
124000185,38,11,27
124000186,4,27,-23
124000187,3,45,-42
124000188,56,16,40
124000190,85,50,35
124000191,92,148,-56
124000192,1212,382,830
124000193,318,714,-396
124000194,354,263,91
124000195,311,491,-180
124000196,741,622,119
124000197,63,41,22
124000198,44,63,-19
124000201,264,552,-288
124000202,574,46,528
124000203,333,341,-8
124000204,714,86,628
124000205,77,249,-172
124000206,672,79,593
124000207,1,36,-35
124000209,210,229,-19
124000210,414,119,295
124000211,556,2,554
124000212,1,193,-192
124000213,410,209,201
124000214,371,490,-119
124000215,364,19,345
124000216,1,286,-285
124000329,13,459,-446
124000338,140,725,-585
124000339,912,77,835
124000341,1404,73,1331
124000344,66,5,61
124000357,879,1781,-902
124000358,639,1196,-557
124000359,1018,484,534
124000360,720,376,344
124000361,1337,805,532
124000362,741,943,-202
124000363,231,231,0
124000364,410,445,-35
124000365,543,669,-126
124000366,1179,552,627
124000367,85,342,-257
124000368,443,359,84
124000369,108,76,32
124000370,68,293,-225
124000402,43,12,31
124000403,111,30,81
124000404,18,71,-53
124000405,812,603,209
124000406,597,567,30
124000407,1,34,-33
124000411,5,231,-226
124000412,420,18,402
124000413,140,20,120
124000414,98,95,3
124000415,61,67,-6
124000416,139,145,-6
124000417,171,105,66
124000418,197,98,99
124000419,77,74,3
124000420,122,59,63
124000421,37,110,-73
124000422,13,11,2
124000423,103,29,74
124000424,3,94,-91
124000425,154,14,140
124000426,9,141,-132
124000427,172,7,165
124000428,8,46,-38
124000429,73,31,42
124000430,396,192,204
124000431,291,322,-31
124000432,262,479,-217
124000439,4,2,2
124000443,0,5,-5
124000445,291,1175,-884
124000446,798,189,609
124000447,14,149,-135
124000448,68,11,57
124000449,131,1,130
124000450,10,93,-83
124000451,2,47,-45
124900001,631,312,319
124900002,144,192,-48
124900003,1044,611,433
124900004,692,287,405
124900005,198,93,105
124900006,661,306,355
124900008,837,502,335
124900009,110,293,-183
124900010,169,99,70
124900011,517,185,332
124900012,357,114,243
124900013,442,104,338
124900014,233,60,173
124900015,126,312,-186
124900016,93,76,17
124900017,493,1423,-930
124900018,55,8,47
124900020,76,38,38
124900021,348,42,306
124900022,46,3,43
124900024,265,8,257
124900026,101,36,65
124900027,120,329,-209
124900028,267,63,204
124900029,19,456,-437
124900030,6,68,-62
124900031,33,201,-168
124900032,124,186,-62
124900033,179,198,-19
124900034,7,82,-75
124900035,154,247,-93
124900036,0,40,-40
124900037,210,152,58
124900039,0,46,-46
124900040,111,41,70
124900042,70,4,66
124900043,477,823,-346
124900044,87,4,83
124900045,549,746,-197
124900047,504,347,157
124900048,224,107,117
124900050,138,169,-31
124900052,121,225,-104
124900053,236,541,-305
124900054,574,349,225
124900055,5,243,-238
124900057,9,46,-37
124900060,499,431,68
124900061,83,11,72
124900062,179,22,157
124900066,0,143,-143
124900067,4,103,-99
124900068,219,381,-162
124900070,58,19,39
124900072,127,23,104
124900075,237,189,48
124900076,40,1098,-1058
124900077,18,102,-84
124900078,70,18,52
124900079,381,144,237
124900080,383,479,-96
124900081,891,252,639
124900082,590,986,-396
124900083,460,720,-260
124900085,1577,875,702
124900086,53,938,-885
124900087,923,89,834
124900088,741,221,520
124900089,982,24,958
124900090,314,216,98
124900091,252,224,28
124900092,187,142,45
124900093,313,187,126
124900094,455,212,243
124900095,105,400,-295
124900096,374,203,171
124900097,305,88,217
124900098,90,182,-92
124900099,345,323,22
124900100,317,47,270
124900101,148,371,-223
124900102,219,25,194
124900103,140,139,1
124900104,50,113,-63
124900105,144,79,65
124900106,321,42,279
124900107,112,11,101
124900108,156,86,70
124900111,1,117,-116
124900112,241,530,-289
124900113,107,266,-159
124900114,126,155,-29
124900115,80,113,-33
124900116,279,209,70
124900117,257,129,128
124900118,176,454,-278
124900119,299,141,158
124900120,34,281,-247
124900121,80,309,-229
124900122,344,181,163
124900123,238,123,115
124900124,171,275,-104
204000001,140,7,133
204000002,17,7,10
204000003,12,1,11
204000004,5,1,4
204000005,572,510,62
204000006,1130,1161,-31
204000011,17,25,-8
204000012,44,96,-52
204000019,595,379,216
204000020,647,454,193
204000021,1002,567,435
204000022,553,342,211
204000023,506,452,54
204000031,73,13,60
204000032,296,39,257
204000034,39,102,-63
204000035,3,5,-2
204000036,3,7,-4
204000037,0,17,-17
204000038,0,12,-12
204000039,8,34,-26
204000040,5,10,-5
204000041,9,22,-13
204000042,40,10,30
204000043,33,4,29
204000044,26,3,23
204000045,26,5,21
204000046,11,4,7
204000057,11,4,7
204000062,25,37,-12
204000068,44,255,-211
204000069,59,310,-251
204000070,68,86,-18
204000080,56,58,-2
204000085,1825,1028,797
204000086,1914,1195,719
204000087,41,14,27
204000088,10,76,-66
204000090,86,183,-97
204000093,375,110,265
204000096,887,944,-57
204000097,431,26,405
204000099,876,1289,-413
204000100,1210,1679,-469
204000105,1905,976,929
204000110,360,677,-317
204000111,402,446,-44
204000112,425,406,19
204000113,377,434,-57
204000114,716,567,149
204000115,496,248,248
204000116,461,407,54
204000119,1645,2416,-771
204000132,731,314,417
204000133,881,177,704
204000134,203,76,127
204000135,568,46,522
204000136,633,193,440
204000138,455,457,-2
204000140,241,137,104
204000141,155,55,100
204000144,12,16,-4
204000145,459,27,432
204000146,33,220,-187
204000147,26,120,-94
204000148,278,22,256
204000154,10,2,8
204000155,2,6,-4
204000177,63,47,16
204000179,75,1,74
204000180,0,28,-28
204000222,0,4,-4
204000235,29,9,20
204000236,57,181,-124
204000238,20,43,-23
204000240,333,59,274
204000263,613,685,-72
204000268,850,576,274
204000308,97,6,91
204000317,13,54,-41
204000322,8,25,-17
204000323,17,7,10
204000328,222,76,146
204000329,64,152,-88
204000330,172,44,128
204000331,93,86,7
205000001,696,1237,-541
205000013,7,51,-44
205000014,16,85,-69
205000015,37,156,-119
205000016,19,107,-88
205000017,16,85,-69
205000022,274,654,-380
205000025,1121,867,254
205000029,206,5,201
205000045,103,527,-424
205000046,87,499,-412
205000047,26,353,-327
205000048,328,775,-447
205000049,157,572,-415
205000050,520,245,275
205000059,0,177,-177
205000060,0,90,-90
205000061,1,132,-131
205000062,2,109,-107
205000063,29,134,-105
205000064,28,56,-28
205000065,85,353,-268
205000066,122,506,-384
205000067,51,658,-607
205000069,215,16,199
205000082,157,123,34
205000110,71,254,-183
205000111,208,210,-2
205000112,183,187,-4
205000113,164,327,-163
205000121,214,36,178
205000123,33,206,-173
205000126,411,62,349
205000127,808,124,684
205000128,393,50,343
205000129,694,56,638
205000130,124,23,101
205000131,43,4,39
205000132,106,8,98
205000133,69,1,68
205000134,180,2,178
205000137,42,111,-69
205000138,150,246,-96
205000139,26,93,-67
205000144,99,59,40
205000145,315,150,165
205000151,136,19,117
205000152,159,15,144
205000153,206,22,184
205000154,81,42,39
205000155,102,9,93
205000207,9,124,-115
205000233,26,0,26
205000234,0,1,-1
205000243,0,2,-2
205000244,0,1,-1
205000245,9,129,-120
205000249,2,23,-21
205000250,5,1,4
205000264,4,66,-62
206000027,7,1,6
206000028,3,0,3
206000043,9,28,-19
206000053,1,12,-11
206000054,3,23,-20
206000055,1,9,-8
206000075,8,16,-8
206000076,20,8,12
206000077,16,7,9
206000078,14,12,2
206000079,10,11,-1
206000082,300,44,256
206000100,42,261,-219
206000103,7,6,1
206000104,10,10,0
206000105,5,5,0
206000106,5,24,-19
206000125,59,1,58
206000157,30,296,-266
206000170,0,87,-87
206000171,6,153,-147
206000172,16,191,-175
206000173,0,124,-124
206000174,17,52,-35
206000175,0,51,-51
206000176,12,93,-81
206000177,4,68,-64
206000178,1,112,-111
206000179,6,50,-44
206000180,6,87,-81
206000181,1,66,-65
206000182,4,67,-63
206000183,16,210,-194
206000184,14,149,-135
206000185,5,78,-73
206000186,90,429,-339
206000223,5,131,-126
206000226,12,2,10
206000227,24,1,23
206000237,22,148,-126
206000238,29,293,-264
206000239,167,969,-802
206000240,1,38,-37
206000241,0,47,-47
206000242,5,98,-93
206000243,10,82,-72
206000244,38,219,-181
206000245,813,66,747
206000246,235,8,227
206000247,277,4,273
206000248,403,26,377
206000252,42,35,7
206000258,13,34,-21
206000315,31,13,18
206000317,537,99,438
206000318,600,52,548
206000319,1455,88,1367
206000320,253,29,224
206000321,216,12,204
206000322,468,15,453
206000323,194,7,187
206000324,149,7,142
206000325,196,14,182
206000326,213,10,203
206000327,143,12,131
206000328,211,4,207
206000329,293,3,290
206000330,50,4,46
206000331,199,1,198
206000332,53,1,52
206000333,672,2,670
206000334,247,6,241
206000335,0,15,-15
206000361,2,101,-99
206000392,8,6,2
206000405,114,1,113
206000441,20,4,16
206000498,52,3,49
206000515,60,33,27
206000530,357,82,275
206000531,224,228,-4
206000532,1352,261,1091
206000535,120,1158,-1038
206000536,18,93,-75
206000537,13,98,-85
206000613,1409,203,1206
206000784,371,22,349
207000001,142,418,-276
207000002,105,273,-168
207000003,125,138,-13
207000007,956,233,723
207000008,141,14,127
207000009,66,64,2
207000010,322,222,100
207000012,389,187,202
207000015,193,688,-495
207000019,223,64,159
207000021,489,140,349
207000022,177,141,36
207000023,178,54,124
207000024,2,11,-9
207000025,19,56,-37
207000026,68,43,25
207000027,15,55,-40
207000028,48,130,-82
207000029,157,294,-137
207000033,147,319,-172
207000034,245,68,177
207000039,461,104,357
207000040,391,59,332
207000041,79,40,39
207000042,202,45,157
207000043,197,119,78
207000051,92,128,-36
207000052,54,65,-11
207000053,363,375,-12
207000054,40,82,-42
207000055,173,99,74
207000056,259,249,10
207000057,113,187,-74
207000058,220,182,38
207000059,95,264,-169
207000060,57,146,-89
207000061,198,618,-420
207000062,413,38,375
207000063,386,91,295
207000064,277,108,169
207000065,293,181,112
207000066,236,162,74
207000067,40,73,-33
207000068,115,43,72
207000069,592,266,326
207000082,10,147,-137
207000083,68,136,-68
207000084,244,210,34
207000085,209,42,167
207000086,229,14,215
207000106,41,26,15
207000107,83,19,64
207000108,77,9,68
207000109,34,16,18
207000110,43,93,-50
207000111,61,108,-47
207000112,112,589,-477
207000114,19,13,6
207000115,29,31,-2
207000116,15,322,-307
207000117,3,64,-61
207000118,2,37,-35
207000119,32,42,-10
207000123,136,16,120
207000124,68,21,47
207000125,71,35,36
207000126,64,49,15
207000134,112,109,3
207000135,31,147,-116
207000148,54,276,-222
207000149,86,28,58
207000152,104,299,-195
207000153,513,876,-363
207000154,326,129,197
207000159,86,89,-3
207000160,143,204,-61
207000238,0,152,-152
207000242,3,116,-113
207000248,22,21,1
207000249,105,35,70
207000250,416,57,359
207000251,88,54,34
207000252,52,38,14
207000278,93,74,19
207000279,13,82,-69
207000280,591,63,528
207000281,105,524,-419
207000282,115,115,0
207000283,59,231,-172
207000284,36,291,-255
207000285,83,70,13
207000291,9,89,-80
207000304,82,49,33
207000306,43,244,-201
207000310,68,53,15
207000353,253,8,245
207000356,25,20,5
207000357,6,13,-7
207000358,4,8,-4
207000415,12,103,-91
207000417,54,17,37
207000418,92,91,1
207000438,0,0,0
207000439,545,508,37
207000446,172,10,162
207000460,37,15,22
207000466,156,80,76
207000467,265,90,175
207000468,50,170,-120
207000476,16,41,-25
207000477,559,46,513
207000478,2,28,-26
207000523,0,34,-34
207000524,112,0,112
207000527,135,117,18
207000530,500,21,479
207000531,335,13,322
207000532,58,31,27
207000534,300,55,245
207000535,38,272,-234
207000537,16,56,-40
207000540,13,122,-109
207000541,2,253,-251
207000548,7,149,-142
207000549,339,28,311
207000561,134,139,-5
207000562,33,100,-67
207000567,109,157,-48
207000568,257,81,176
207000569,516,437,79
207000584,184,130,54
207000585,61,295,-234
207000587,179,21,158
207000616,0,70,-70
207000617,156,0,156
207000624,51,42,9
207000631,6,80,-74
207900008,274,73,201
208000001,587,846,-259
208000002,708,406,302
208000003,1048,321,727
208000004,893,617,276
208000005,2,10,-8
208000019,562,938,-376
208000020,167,426,-259
208000021,216,256,-40
208000022,883,391,492
208000028,776,1014,-238
208000033,518,456,62
208000034,826,1012,-186
208000037,187,8,179
208000040,148,135,13
208000041,597,499,98
208000042,709,569,140
208000047,144,162,-18
208000064,1934,1271,663
208000066,1362,2030,-668
208000070,294,361,-67
208000071,436,602,-166
208000072,456,1037,-581
208000080,280,299,-19
208000081,370,122,248
208000082,280,170,110
208000083,128,318,-190
208000084,7,19,-12
208000085,557,486,71
208000086,429,855,-426
208000087,319,604,-285
208000089,958,284,674
208000090,945,392,553
208000093,177,182,-5
208000094,440,332,108
208000095,719,404,315
208000104,907,771,136
208000105,677,839,-162
208000114,118,283,-165
208000115,415,264,151
208000116,542,876,-334
208000117,159,145,14
208000118,77,147,-70
208000155,646,726,-80
208000158,1066,3104,-2038
208000186,2819,3261,-442
208000204,662,763,-101
208000205,1073,705,368
208000282,3802,2490,1312
209000004,364,176,188
209000005,45,74,-29
209000006,385,155,230
209000007,244,209,35
209000010,360,84,276
209000011,141,161,-20
209000012,233,111,122
209000013,202,160,42
209000014,380,561,-181
209000025,300,48,252
209000026,670,118,552
209000027,274,515,-241
209000028,326,372,-46
209000029,281,400,-119
209000030,275,711,-436
209000031,1600,1050,550
209000034,164,199,-35
209000035,134,203,-69
209000036,261,131,130
209000037,335,224,111
209000038,114,170,-56
209000039,56,122,-66
209000040,248,385,-137
209000041,167,292,-125
209000042,219,294,-75
209000043,533,706,-173
209000044,174,658,-484
209000045,1191,350,841
209000046,413,358,55
209000047,327,177,150
209000048,474,246,228
209000049,74,76,-2
209000050,165,110,55
209000051,213,175,38
209000052,138,145,-7
209000062,82,61,21
209000063,74,51,23
209000064,40,51,-11
209000065,92,24,68
209000066,124,21,103
209000067,102,42,60
209000080,18,138,-120
209000082,79,37,42
209000091,19,70,-51
209000093,52,27,25
209000094,130,146,-16
209000110,29,118,-89
209000111,388,1166,-778
209000112,932,516,416
209000113,1347,459,888
209000114,672,305,367
209000115,87,73,14
209000116,393,227,166
209000118,16,44,-28
209000119,18,15,3
209000121,92,234,-142
209000135,54,169,-115
209000142,510,1282,-772
209000143,39,70,-31
209000144,46,94,-48
209000229,241,128,113
209000240,32,177,-145
209000259,65,59,6
209000260,45,622,-577
209000261,5,308,-303
209000262,8,220,-212
209000263,0,151,-151
209000264,0,222,-222
209000265,312,1,311
209000266,102,1,101
209000267,888,5,883
209000268,383,47,336
210000037,65,41,24
210000047,112,23,89
210000048,92,21,71
210000049,51,4,47
210000052,47,68,-21
210000053,28,36,-8
210000054,70,52,18
210000070,129,3,126
210000071,105,0,105
210000072,30,0,30
210000073,0,29,-29
210000074,0,88,-88
210000075,2,59,-57
210000076,8,94,-86
210000077,12,39,-27
210000078,26,33,-7
210000079,28,12,16
210000080,74,81,-7
210000081,161,23,138
210000082,107,4,103
210000083,65,2,63
210000084,51,0,51
210000085,0,43,-43
210000086,3,70,-67
210000099,21,198,-177
210000100,36,142,-106
210000101,72,141,-69
210000105,58,159,-101
210000159,2,143,-141
210000163,112,145,-33
210000164,299,166,133
210000168,97,28,69
210000187,0,12,-12
210000188,0,21,-21
210000214,19,1,18
210000219,41,34,7
210000220,119,31,88
210000232,7,20,-13
210000233,37,58,-21
210000234,42,98,-56
210000235,51,56,-5
210000245,0,34,-34
210000246,32,16,16
210000258,16,66,-50
210000259,317,59,258
210000282,82,164,-82
210000285,1,105,-104
210000286,12,114,-102
210000290,2,6,-4
210000295,35,86,-51
210000296,36,24,12
210000320,134,35,99
210000321,149,65,84
210000338,38,36,2
210000339,230,1020,-790
210000340,99,346,-247
210000341,192,251,-59
210000342,180,167,13
210000343,201,172,29
210000344,125,124,1
210000345,118,210,-92
210000346,90,99,-9
210000347,36,42,-6
210000348,130,31,99
210000349,58,25,33
210000350,137,54,83
210000351,161,84,77
210000352,82,68,14
210000353,48,87,-39
210000354,35,98,-63
210000355,74,54,20
210000356,14,54,-40
210000357,50,65,-15
210000358,223,121,102
210000359,75,90,-15
210000360,124,105,19
210000361,165,121,44
210000362,236,160,76
210000363,661,176,485
210000364,99,152,-53
210000365,119,95,24
210000366,145,45,100
210000367,71,36,35
210000368,138,40,98
210000369,28,32,-4
210000370,50,44,6
210000372,29,28,1
210000373,25,3,22
210000374,59,25,34
210000375,42,66,-24
210000376,54,88,-34
210000404,32,106,-74
210000439,47,47,0
210000472,59,4,55
210000482,63,93,-30
210000564,224,264,-40
210000567,2,37,-35
210000568,273,4,269
211000092,17,19,-2
211000094,19,3,16
211000169,173,11,162
211000172,8,136,-128
211000209,0,25,-25
211000226,5,13,-8
211000270,26,13,13
211000275,30,16,14
211000276,70,13,57
211000279,12,15,-3
211000281,67,20,47
211000302,29,57,-28
211507980,2,43,-41
211977296,44,7,37
212000003,157,53,104
212000004,35,48,-13
212000005,30,26,4
212000006,27,27,0
212000008,146,90,56
212000009,22,84,-62
212000012,79,77,2
212000013,24,52,-28
212000014,247,135,112
212000015,345,188,157
212000016,477,422,55
212000027,425,274,151
212000028,369,286,83
212000029,232,211,21
212000030,41,26,15
212000031,75,47,28
212000048,27,121,-94
212000049,22,108,-86
212000050,12,5,7
212000051,195,122,73
212000052,194,195,-1
212000053,292,312,-20
212000054,284,82,202
212000055,241,126,115
212000056,8,48,-40
212000057,4,25,-21
212000058,187,32,155
212000070,120,131,-11
212000077,161,315,-154
212000099,255,240,15
212000108,189,152,37
212000111,239,82,157
212000120,99,43,56
212000138,157,18,139
212000156,15,76,-61
212000158,10,19,-9
212000159,403,55,348
212000160,607,237,370
212000161,78,5,73
212000310,46,17,29
212000311,19,61,-42
212000374,18,6,12
213000001,40,241,-201
213000005,362,120,242
213000006,867,250,617
213000007,81,15,66
213000009,598,416,182
213000010,248,288,-40
213000011,174,111,63
213000012,136,207,-71
213000014,129,16,113
213000015,280,3,277
213000016,533,0,533
213000017,65,1,64
213000018,3,133,-130
213000019,2,159,-157
213000020,119,300,-181
213000021,5,132,-127
213000023,329,206,123
213000033,313,1320,-1007
213000034,622,226,396
213000035,115,195,-80
213000045,190,231,-41
213000046,190,149,41
213000047,621,1173,-552
213000056,127,26,101
213000069,75,3,72
213000073,0,40,-40
213000074,67,342,-275
213000075,504,18,486
213000076,28,2,26
213000085,10,54,-44
213000086,37,106,-69
213000091,184,24,160
213000092,63,16,47
213000099,224,1004,-780
213000100,1041,265,776
213000101,396,102,294
213000102,485,209,276
213000103,803,636,167
213000104,81,303,-222
213000105,2,185,-183
213000106,38,76,-38
213000107,138,324,-186
213000108,36,275,-239
213000109,10,183,-173
213000110,34,48,-14
213000111,6,46,-40
213000112,122,101,21
213000115,77,10,67
213000116,44,311,-267
213000117,5,444,-439
213000118,408,217,191
213000119,49,494,-445
213000120,87,367,-280
213000122,137,360,-223
213000123,254,649,-395
213000124,127,790,-663
213000125,82,29,53
213000126,51,102,-51
213000127,151,186,-35
213000128,360,787,-427
213000129,293,664,-371
213000130,637,303,334
213000132,470,90,380
213000133,534,102,432
213000134,838,22,816
213000136,412,13,399
213000137,563,57,506
213000139,281,13,268
213000147,58,10,48
213000148,21,11,10
213000149,39,13,26
213000150,0,107,-107
213000151,12,129,-117
213000152,1,88,-87
213000153,7,118,-111
213000154,30,133,-103
213000155,33,146,-113
213000156,92,344,-252
213000157,443,263,180
213000158,352,726,-374
213000159,554,410,144
213000163,895,112,783
213000165,749,227,522
213000171,1,53,-52
213000172,2,136,-134
213000173,3,103,-100
213000174,3,69,-66
213000175,130,138,-8
213000176,30,39,-9
213000177,73,2,71
213000178,177,4,173
213000179,225,8,217
213000180,208,1,207
213000184,82,260,-178
213000188,265,123,142
213000189,344,37,307
213000190,824,571,253
213000191,340,330,10
213000192,256,235,21
213000193,743,233,510
213000194,1,72,-71
213000195,28,312,-284
213000196,256,951,-695
213000197,379,431,-52
213000198,50,0,50
213000200,125,520,-395
213000201,22,46,-24
213000202,24,479,-455
213000203,2323,592,1731
213000204,724,59,665
213000205,277,47,230
213000206,372,19,353
213000207,116,10,106
213000208,75,3,72
213000209,120,5,115
213000210,253,4,249
213000211,8,12,-4
213000212,22,37,-15
213000213,20,47,-27
213000218,229,333,-104
213000219,438,16,422
213000220,416,18,398
213000223,173,222,-49
213000224,42,37,5
213000225,102,7,95
213000226,55,6,49
213000227,759,157,602
213000228,296,72,224
213000229,102,15,87
213000230,419,33,386
213000232,64,925,-861
213000233,5,50,-45
213000234,14,36,-22
213000293,14,55,-41
213000294,96,16,80
213000295,5,82,-77
213000296,41,17,24
213000297,7,78,-71
213000298,11,49,-38
213000299,39,23,16
213000300,13,5,8
213000303,5,36,-31
213000304,2,9,-7
213000305,0,20,-20
213000306,54,27,27
213000307,103,56,47
213000308,79,120,-41
213000309,139,40,99
213000310,328,122,206
213000311,219,601,-382
213000315,103,69,34
213000316,121,48,73
213000322,136,134,2
213000323,118,210,-92
213000324,115,155,-40
213000325,29,154,-125
213000326,49,85,-36
213000327,102,76,26
213000328,165,95,70
213000329,173,144,29
213000340,163,366,-203
213000341,574,93,481
213000346,199,256,-57
213000347,548,501,47
213000348,6,129,-123
213000349,27,3,24
213000350,302,582,-280
213000366,86,229,-143
213000367,238,28,210
213000379,53,75,-22
213000386,11,290,-279
213000406,75,336,-261
213000417,1175,346,829
213000425,469,253,216
213000426,322,237,85
213000427,49,133,-84
213000428,43,129,-86
213000429,5,0,5
213000430,137,468,-331
213000431,25,0,25
213000432,0,23,-23
213000433,20,106,-86
213000434,84,99,-15
213000435,217,199,18
213000436,37,47,-10
213000437,65,85,-20
213000438,88,69,19
213000439,61,10,51
213000440,99,262,-163
213000441,4,1,3
213000442,206,214,-8
213000443,261,198,63
213000444,55,163,-108
213000445,2,68,-66
213000446,1,24,-23
213000447,5,41,-36
213000448,12,128,-116
213000449,437,11,426
213000450,25,27,-2
213000451,253,65,188
213000452,14,11,3
213000453,39,180,-141
213000455,327,26,301
213000456,1,348,-347
213000481,16,13,3
213000482,39,6,33
213000489,205,52,153
213000491,5,179,-174
213000492,125,0,125
213000493,0,85,-85
213000494,304,123,181
213000495,0,91,-91
213000496,383,147,236
213000497,52,196,-144
213000498,148,147,1
213000499,207,365,-158
213000500,480,76,404
213000501,142,43,99
213000502,120,133,-13
213000503,0,35,-35
213000504,19,61,-42
213000505,51,37,14
213000506,0,10,-10
213000507,1,61,-60
213900244,43,1,42
213900245,0,15,-15
218000003,18,19,-1
218000004,31,29,2
218000005,27,27,0
218000006,68,21,47
218000007,18,14,4
218000012,138,145,-7
218000013,97,128,-31
218000014,323,327,-4
218000019,591,419,172
218000020,266,306,-40
218000040,8,1,7
218000046,42,60,-18
218000047,8,112,-104
218000048,60,79,-19
218000049,74,95,-21
218000050,257,211,46
218000051,65,163,-98
218000052,1,61,-60
218000053,0,12,-12
218000054,4,66,-62
218000055,5,49,-44
218000056,23,38,-15
218000057,1,15,-14
218000064,1,4,-3
218000065,70,14,56
218000066,12,38,-26
218000067,43,63,-20
218000068,85,53,32
218000069,273,118,155
218000070,193,187,6
218000071,189,128,61
218000072,173,163,10
218000078,758,419,339
218000079,114,73,41
218000080,119,50,69
218000081,379,167,212
218000082,32,98,-66
218000083,53,39,14
218000084,144,83,61
218000085,169,211,-42
218000086,96,66,30
218000087,179,103,76
218000090,8,118,-110
218000091,928,462,466
218000092,70,116,-46
218000093,78,25,53
218000094,339,378,-39
218000099,216,477,-261
218000100,283,207,76
218000101,300,95,205
218000102,339,136,203
218000103,89,74,15
218000104,84,22,62
218000105,9,16,-7
218000106,10,12,-2
218000107,46,28,18
218000108,9,35,-26
218000112,60,13,47
218000117,47,36,11
218000134,463,347,116
218000135,30,72,-42
218000136,139,97,42
218000137,164,85,79
218000138,26,70,-44
218000139,174,217,-43
218000140,372,234,138
218000141,76,71,5
218000142,209,97,112
218000143,72,228,-156
218000144,52,77,-25
218000145,387,254,133
218000146,95,164,-69
218000151,8,8,0
218000152,67,17,50
218000170,7,18,-11
218000171,30,3,27
218000172,9,5,4
218000173,7,11,-4
218000174,11,5,6
218000176,162,15,147
218000177,185,123,62
218000178,46,125,-79
218000179,124,43,81
218000180,63,18,45
218000181,111,31,80
218000187,12,14,-2
218000188,25,43,-18
218000189,18,48,-30
218000190,0,12,-12
218000191,170,43,127
218000192,127,131,-4
218000193,309,225,84
218000194,88,192,-104
218000195,95,58,37
218000196,293,177,116
218000197,396,208,188
218000198,31,78,-47
218000199,44,27,17
218000200,75,29,46
218000201,17,5,12
218000202,54,251,-197
218000207,5,17,-12
218000208,21,26,-5
218000211,17,24,-7
218000213,94,73,21
218000214,3,21,-18
218000215,25,44,-19
218000217,6,89,-83
218000218,99,54,45
218000219,13,24,-11
218000220,64,289,-225
218000221,363,102,261
218000222,6,22,-16
218000223,17,184,-167
218000224,5,58,-53
218000225,84,10,74
218000226,85,26,59
218000232,33,39,-6
218000239,107,10,97
218000240,12,8,4
218000241,34,6,28
218000242,31,5,26
218000243,44,1,43
218000244,57,3,54
218000245,9,0,9
218000246,2,1,1
218000247,0,0,0
218000248,0,14,-14
218000249,0,3,-3
218000250,3,3,0
218000251,1,42,-41
218000252,0,62,-62
218000253,2,118,-116
218000254,2,55,-53
218000255,4,24,-20
218000256,6,76,-70
218000267,329,736,-407
218000268,8,32,-24
218000269,3,13,-10
218000270,77,34,43
218000271,18,39,-21
218000273,15,5,10
218000274,20,6,14
218000275,17,43,-26
218000276,14,34,-20
218000278,7,26,-19
218000279,138,40,98
218000280,3,27,-24
218000281,27,12,15
218000282,394,532,-138
218000284,46,3,43
218000301,59,93,-34
218000302,80,46,34
218000303,14,30,-16
218000316,717,656,61
218000317,1199,676,523
218000318,749,503,246
218000319,962,523,439
218000320,761,354,407
218000338,29,40,-11
218000345,78,55,23
218000346,31,161,-130
218000459,22,194,-172
218000490,19,29,-10
218000501,112,26,86
218000502,75,49,26
218000503,114,28,86
218000504,203,24,179
218000505,60,129,-69
218000506,26,220,-194
218000508,1,6,-5
218000510,106,15,91
218000520,83,124,-41
218000521,8,30,-22
218000522,1,109,-108
218000523,121,4,117
218000524,10,242,-232
218000525,78,24,54
218000526,20,137,-117
218000529,38,88,-50
218000531,15,13,2
218000532,14,11,3
218000534,137,11,126
218000537,35,44,-9
218000538,98,218,-120
218000540,120,60,60
218000543,172,43,129
218000544,17,34,-17
218000545,54,55,-1
218000546,31,58,-27
218000547,81,139,-58
218000548,111,90,21
218000549,311,474,-163
218000550,140,188,-48
218000551,92,787,-695
218000552,215,80,135
218000553,35,98,-63
218000554,22,40,-18
218000555,17,42,-25
218000556,150,138,12
218000557,199,146,53
218000558,43,0,43
218000559,0,25,-25
218000560,0,45,-45
218000561,19,0,19
218000562,27,147,-120
218000563,126,12,114
218000564,7,76,-69
218000565,95,48,47
218000566,180,37,143
218000567,1,75,-74
218000568,51,3,48
218000569,15,208,-193
218000570,140,4,136
218000571,0,93,-93
218000572,149,0,149
218000573,22,191,-169
218000574,74,34,40
218000575,100,0,100
218000576,1,80,-79
218000577,77,2,75
218000578,1,143,-142
218000579,24,13,11
218000581,1,35,-34
218000582,20,9,11
218000583,7,0,7
218000584,0,21,-21
218000585,64,1,63
218000586,9,24,-15
218000587,1,1,0
218000588,0,2,-2
218000589,0,1,-1
218000590,2,0,2
218000591,0,1,-1
218000592,4,1,3
218000593,7,2,5
218000594,2,0,2
218000597,1,3,-2
218000598,0,1,-1
218000599,2,1,1
218000600,1,1,0
218000601,0,0,0
218000602,0,2,-2
218000603,0,4,-4
218000604,6,0,6
218000605,0,26,-26
218000606,95,2,93
218000607,8,23,-15
218000608,45,5,40
218000609,4,24,-20
218000610,91,3,88
218000611,21,0,21
218000612,1,26,-25
218000613,34,0,34
218000614,0,37,-37
218000615,98,2,96
218000616,2,164,-162
218000617,25,1,24
218000618,0,11,-11
218000619,14,18,-4
218000620,1,34,-33
218000621,0,0,0
218000622,0,12,-12
218000623,46,5,41
218000624,5,19,-14
218000625,15,2,13
218000626,0,13,-13
218000628,128,40,88
218000631,32,22,10
218000632,1,111,-110
218000633,117,5,112
218000634,6,11,-5
218000635,33,6,27
218000636,652,669,-17
218000637,981,373,608
218000638,166,19,147
218000639,14,68,-54
218000640,207,12,195
218000641,73,138,-65
218000652,34,55,-21
218000653,111,18,93
218000663,8,125,-117
218000675,69,59,10
218000680,214,206,8
218000681,348,120,228
218000691,146,92,54
218000693,267,105,162
218000718,142,903,-761
218000719,282,675,-393
218000720,11,201,-190
218000721,97,17,80
218001147,7,98,-91
218001214,6,40,-34
218001258,204,8,196
218001329,109,87,22
218001330,74,74,0
218001351,34,7,27
218001352,15,32,-17
218001353,22,8,14
218001354,10,26,-16
218001355,11,145,-134
218001356,380,17,363
218001357,47,89,-42
218001358,219,19,200
218001361,264,8,256
218001362,0,87,-87
219000001,45,44,1
219000002,45,28,17
219000003,50,30,20
219000004,44,44,0
219000017,105,28,77
219000020,125,61,64
219000022,142,10,132
219000023,148,1,147
219000029,10,64,-54
219000034,27,36,-9
219000039,59,89,-30
219000040,47,32,15
219000041,163,23,140
219000051,0,27,-27
219000052,0,21,-21
219000053,2,68,-66
219000054,1,4,-3
219000055,205,4,201
219000056,5,1,4
219000057,48,0,48
219000062,29,78,-49
219000063,61,10,51
219000064,1,64,-63
219000110,333,195,138
219000111,151,56,95
219000112,168,54,114
219000113,207,59,148
219000114,234,101,133
219000116,98,29,69
219000117,112,37,75
219000118,194,32,162
219000123,220,70,150
219000124,81,46,35
219000125,23,13,10
219000126,58,92,-34
219000127,2,10,-8
219000128,11,61,-50
219000129,20,89,-69
219000130,278,354,-76
219000131,434,710,-276
219000133,29,44,-15
219000134,10,33,-23
219000135,26,47,-21
219000136,111,179,-68
219000138,57,14,43
219000139,43,36,7
219000140,79,0,79
219000141,57,62,-5
219000142,14,44,-30
219000143,7,56,-49
219000145,31,33,-2
219000146,11,21,-10
219000147,2,18,-16
219000148,0,16,-16
219000149,6,30,-24
219000150,0,36,-36
219000151,1,12,-11
219000157,280,136,144
219000158,171,159,12
219000161,84,8,76
219000163,804,445,359
219000166,116,152,-36
219000167,98,155,-57
219000168,250,125,125
219000174,425,147,278
219000175,66,5,61
219000176,89,6,83
219000177,68,3,65
219000178,29,0,29
219000179,24,8,16
219000180,33,30,3
219000182,123,11,112
219000183,54,29,25
219000184,80,10,70
219000185,3,26,-23
219000186,65,13,52
219000187,25,42,-17
219000189,54,112,-58
219000190,52,129,-77
219000191,413,965,-552
219000192,150,127,23
219000193,218,131,87
219000195,1,63,-62
219000196,6,87,-81
219000198,29,78,-49
219000199,62,195,-133
219000200,51,130,-79
219000201,49,138,-89
219000203,25,97,-72
219000204,96,227,-131
219000205,62,162,-100
219000207,196,211,-15
219000209,26,67,-41
219000210,43,110,-67
219000213,17,110,-93
219000239,148,174,-26
219000240,222,224,-2
219000241,76,127,-51
219000242,70,127,-57
219000243,67,121,-54
219000244,15,67,-52
219000245,24,56,-32
219000246,24,45,-21
219000247,196,36,160
219000248,438,374,64
219000249,163,105,58
219000250,139,95,44
219000251,427,191,236
219000252,184,137,47
219000253,447,105,342
219000255,112,74,38
219000256,292,80,212
219000257,82,1,81
219000262,98,85,13
219000263,48,122,-74
219000267,3,52,-49
219000268,1,3,-2
219000269,3,1,2
219000270,14,0,14
219000271,144,3,141
219000278,0,9,-9
219000279,2,4,-2
219000283,1,9,-8
219000295,19,76,-57
219000296,60,285,-225
219000297,10,56,-46
219000298,15,64,-49
219000299,338,55,283
219000300,19,120,-101
219000301,190,251,-61
219000302,32,139,-107
219000307,37,32,5
219000308,53,54,-1
219000311,172,63,109
219000312,393,131,262
219000313,340,52,288
219000314,62,222,-160
219000315,218,34,184
219000316,496,48,448
219000317,113,13,100
219000320,0,48,-48
219000321,0,13,-13
219000323,5,38,-33
219000325,1,9,-8
219000326,58,39,19
219000327,38,38,0
219000328,29,41,-12
219000329,205,118,87
219000330,32,32,0
219000331,44,35,9
219000332,138,60,78
219000333,19,4,15
219000335,80,0,80
219000337,9,0,9
219000338,31,0,31
219000344,18,67,-49
219000345,42,37,5
219000346,35,88,-53
219000348,115,39,76
219000349,35,113,-78
219000350,79,195,-116
219000351,4,2,2
219000352,244,74,170
219000353,88,38,50
219000354,169,46,123
219000355,134,57,77
219000356,648,1234,-586
219000363,207,75,132
219000364,106,59,47
219000365,95,25,70
219000366,177,326,-149
219000368,260,465,-205
219000370,733,546,187
219000371,7,22,-15
219000382,9,13,-4
219000383,392,773,-381
219000385,342,360,-18
219000386,511,1216,-705
219000387,0,18,-18
219000390,5,2,3
219000391,3,0,3
219000397,47,47,0
219000398,66,46,20
219000401,4,85,-81
219000402,36,69,-33
219000403,113,264,-151
219000404,25,106,-81
219000407,7,16,-9
219000409,61,43,18
219000410,105,40,65
219000411,113,7,106
219000446,118,225,-107
219000447,0,12,-12
219000448,9,5,4
219000452,71,70,1
219000453,73,152,-79
219000454,170,180,-10
219000556,290,116,174
219000558,158,94,64
219000590,32,70,-38
219000591,76,90,-14
219000592,77,230,-153
219000595,1,12,-11
219000635,232,30,202
219000636,29,44,-15
219000657,22,6,16
219000658,35,84,-49
219000673,0,11,-11
219000676,5,0,5
219000679,25,12,13
219000684,88,2,86
219000685,3,41,-38
219000686,1,4,-3
219000688,0,63,-63
219000689,21,140,-119
219000690,131,20,111
219000691,49,166,-117
219000692,115,14,101
219000693,0,13,-13
219000694,12,0,12
219000695,63,1,62
219000698,11,0,11
219000699,0,44,-44
219000727,0,129,-129
219000728,175,2,173
219000770,48,1,47
219000771,0,19,-19
219000788,232,180,52
219001150,1,20,-19
219001151,2,1,1
219001166,59,35,24
219001167,1,52,-51
219001178,70,0,70
220000001,18,58,-40
220000002,11,77,-66
220000003,291,139,152
220000004,315,261,54
220000005,709,1051,-342
220000006,150,504,-354
220000007,396,261,135
220000008,280,422,-142
220000009,198,211,-13
220000010,113,86,27
220000011,348,1840,-1492
220000012,72,206,-134
220000014,88,34,54
220000015,58,201,-143
220000017,62,199,-137
220000018,2765,1091,1674
220000019,76,284,-208
220000020,286,176,110
220000021,643,127,516
220000022,852,427,425
220000023,375,158,217
220000024,1362,410,952
220000025,524,725,-201
220000026,334,276,58
220000027,31,95,-64
220000028,52,54,-2
220000029,45,82,-37
220000030,50,68,-18
220000031,412,274,138
220000064,36,641,-605
221000046,4,0,4
221000047,0,2,-2
221000048,0,3,-3
221000049,0,22,-22
221000050,27,0,27
221000055,31,47,-16
221000057,52,20,32
221000068,259,138,121
221000069,274,69,205
221000070,181,21,160
221000071,73,9,64
221000072,195,19,176
221000073,144,40,104
221000074,2,20,-18
221000075,11,21,-10
221000076,15,28,-13
221000077,32,49,-17
221000081,10,9,1
221000082,87,1,86
221000083,45,3,42
221000084,3,2,1
221000085,26,48,-22
221000086,12,79,-67
221000087,2,103,-101
221000088,15,104,-89
221000089,41,165,-124
221000090,123,376,-253
221000098,97,18,79
221000099,171,13,158
221000100,108,12,96
221000101,195,22,173
221000102,155,22,133
221000109,12,55,-43
221000110,12,71,-59
221000111,16,125,-109
221000112,13,103,-90
221000113,16,101,-85
221000114,13,132,-119
221000120,34,22,12
221000121,6,31,-25
221000122,70,35,35
221000123,13,14,-1
221000124,21,92,-71
221000155,82,25,57
221000156,44,36,8
221000175,1,21,-20
221000176,4,3,1
221000182,33,6,27
221000241,526,296,230
221000242,136,379,-243
221000243,533,165,368
221000244,265,341,-76
221000245,122,112,10
221000246,58,227,-169
221000247,153,121,32
221000248,137,119,18
221000267,54,394,-340
221000325,67,51,16
221000331,5,29,-24
221000338,11,56,-45
221000378,175,37,138
221000381,73,33,40
222000282,9,2,7
222000296,4,17,-13
222000568,309,25,284
222000569,192,62,130
222000570,133,27,106
222000571,265,13,252
222000577,8,83,-75
222000578,32,96,-64
222000579,29,88,-59
222000580,74,508,-434
222000599,0,74,-74
222000600,2,199,-197
222000601,9,507,-498
222000603,9,23,-14
222000604,2,47,-45
222000605,19,18,1
222000606,5,11,-6
222000607,2,6,-4
222000608,13,27,-14
222000609,32,93,-61
222000616,306,26,280
222000617,7,11,-4
222000618,17,7,10
222000620,17,11,6
222000621,26,10,16
222000623,485,57,428
222000624,262,2,260
222000625,459,9,450
222000636,39,5,34
222000686,16,7,9
222000687,39,16,23
222001066,229,4,225
222001067,17,5,12
222001068,29,14,15
222001069,47,19,28
222001082,12,27,-15
222001083,17,39,-22
222001084,0,29,-29
222001085,1,106,-105
222001111,56,87,-31
222001112,135,15,120
222001313,17,11,6
222001314,5,90,-85
222001464,213,30,183
222001465,27,72,-45
222001484,141,20,121
222001485,22,50,-28
222001494,449,117,332
222001495,66,129,-63
222001496,257,104,153
222001497,99,208,-109
222001502,14,80,-66
222001503,130,39,91
222001504,45,239,-194
222001505,341,12,329
222001506,38,262,-224
222001507,283,20,263
222001510,463,25,438
222001511,31,216,-185
222001514,498,108,390
222001515,199,308,-109
222001518,279,55,224
222001519,62,106,-44
222001527,141,79,62
222001528,14,90,-76
222001529,234,34,200
222001530,47,123,-76
222001533,151,166,-15
222001534,245,80,165
222001535,202,166,36
222001536,90,127,-37
222001537,239,31,208
222001538,40,288,-248
222001563,737,81,656
222001564,46,265,-219
222001568,168,156,12
222001576,0,1,-1
222001579,1,19,-18
222001583,17,74,-57
222001584,98,13,85
222001596,377,904,-527
222001597,1076,217,859
222001626,0,69,-69
222001650,33,117,-84
222001651,48,408,-360
222001914,151,70,81
222001915,44,134,-90
222001968,423,190,233
222001969,363,395,-32
222001970,121,144,-23
222001971,24,5,19
222001972,1,15,-14
225000001,391,182,209
225000002,559,112,447
225000003,571,76,495
225000004,317,151,166
225000005,55,62,-7
225000006,1,102,-101
225000007,801,941,-140
225000010,261,8,253
225000011,238,923,-685
225000012,175,455,-280
225000013,72,83,-11
225000014,661,71,590
225000015,62,81,-19
225000021,534,164,370
225000027,194,326,-132
225000032,494,129,365
225000042,81,414,-333
225000049,34,62,-28
225000050,82,19,63
225000053,4,175,-171
225000058,541,117,424
225000067,185,107,78
225000068,105,175,-70
225000069,104,283,-179
225000070,94,215,-121
225000071,24,85,-61
225000075,15,588,-573
225000076,81,90,-9
225000078,70,54,16
225000085,73,118,-45
225000086,221,64,157
225000087,164,18,146
225000088,4,115,-111
225000089,206,811,-605
225000090,45,320,-275
225000091,191,98,93
225000092,29,45,-16
225000093,193,200,-7
225000094,13,127,-114
225000095,312,200,112
225000096,258,288,-30
225000098,708,236,472
225000099,297,144,153
225000100,304,134,170
225000104,123,253,-130
225000110,7,262,-255
225000111,199,558,-359
225000112,313,683,-370
225000113,164,426,-262
225000114,43,156,-113
225000115,813,455,358
225000116,732,191,541
225000117,611,200,411
225000118,821,215,606
225000119,200,97,103
225000120,629,68,561
225000121,125,9,116
225000123,451,22,429
225000125,357,118,239
225000126,503,179,324
225000127,568,1109,-541
225000128,375,622,-247
225000132,294,32,262
225000133,156,37,119
225000134,629,129,500
225000135,43,11,32
225000136,281,19,262
225000137,220,62,158
225000138,419,76,343
225000143,34,150,-116
225000144,0,247,-247
225000145,52,39,13
225000146,63,72,-9
225000147,27,160,-133
225000148,7,92,-85
225000149,70,309,-239
225000151,34,91,-57
225000155,300,261,39
225000156,100,529,-429
225000157,189,246,-57
225000158,44,178,-134
225000171,7,132,-125
225000180,50,2,48
225000181,0,40,-40
225000182,61,9,52
225000185,3,350,-347
225000187,83,310,-227
225000191,42,1,41
225000194,0,10,-10
225000208,2,39,-37
225000209,92,18,74
225000210,12,145,-133
225000217,0,20,-20
225000218,13,1,12
225000223,0,67,-67
225000224,27,2,25
225000225,1,39,-38
225000226,61,5,56
225000227,36,93,-57
225000228,11,30,-19
225000229,0,124,-124
225000230,108,1,107
225000231,5,51,-46
225000232,225,0,225
225000241,76,5,71
225000242,3,55,-52
225000249,12,0,12
225000250,53,390,-337
225000251,300,26,274
226000042,213,248,-35
226000043,44,190,-146
226000044,102,263,-161
226000045,32,215,-183
226000046,338,70,268
226000047,282,68,214
226000048,423,63,360
226000049,214,170,44
226000070,0,23,-23
226000071,0,35,-35
226000072,0,6,-6
226000073,0,4,-4
226000074,0,13,-13
226000084,1,53,-52
226000085,1,5,-4
226000086,1,11,-10
226000087,4,14,-10
226000088,17,15,2
226000090,117,123,-6
226000091,13,34,-21
226000092,8,6,2
226000093,27,3,24
226000094,3,3,0
226000095,6,6,0
226000105,12,0,12
226000106,4,1,3
226000107,10,0,10
226000108,24,0,24
226000109,80,0,80
226000124,84,46,38
226000134,660,329,331
226000135,1252,433,819
226000136,617,435,182
226000137,17,208,-191
226000138,5,120,-115
226000139,1,24,-23
226000156,185,4,181
226000157,170,21,149
226000163,97,62,35
226000202,8,202,-194
226000231,473,10,463
226000232,24,3,21
227000033,299,57,242
227000036,339,36,303
227000037,339,34,305
227000038,141,53,88
227000049,0,32,-32
227000050,0,48,-48
227000055,76,2,74
227000056,38,0,38
227000084,3,53,-50
227000085,0,44,-44
227000088,31,5,26
227000089,70,4,66
227000090,50,1,49
227000091,21,2,19
227000093,116,0,116
227000094,12,0,12
227000130,16,68,-52
227000131,16,125,-109
227000132,4,91,-87
227000133,8,110,-102
227000134,28,162,-134
227000152,0,4,-4
227000153,0,29,-29
227000155,1,15,-14
227000156,0,7,-7
227000165,1,43,-42
227000196,229,97,132
227000199,296,196,100
227000230,12,176,-164
227000232,320,20,300
227000242,78,280,-202
227000243,386,79,307
227000245,13,205,-192
227000246,72,193,-121
227000247,356,65,291
227000248,150,28,122
227000249,21,125,-104
227000250,304,180,124
227000251,113,204,-91
227000252,19,126,-107
227000253,140,15,125
227000262,372,53,319
227000266,940,29,911
227000267,23,651,-628
227000282,4,52,-48
227000284,362,16,346
227000286,1,34,-33
227000287,10,35,-25
227000291,9,219,-210
227000484,143,8,135
227000485,14,523,-509
227000655,111,6,105
227000656,398,35,363
227000657,61,14,47
227000661,145,20,125
227000680,138,62,76
229000265,6,22,-16
229000296,6,15,-9
229000297,1,7,-6
229000298,4,107,-103
229000320,9,4,5
229000321,11,3,8
229000412,8,31,-23
229000414,2,29,-27
229000415,10,0,10
229000416,4,7,-3
229000417,1,6,-5
229000419,68,262,-194
229000440,233,52,181
229000442,9,3,6
229000443,5,3,2
229000444,1,16,-15
229000445,28,5,23
229000446,41,13,28
229000847,55,0,55
229000848,17,0,17
229000849,85,3,82
229000851,39,0,39
229000854,0,5,-5
229000856,0,26,-26
229000857,0,11,-11
229000858,0,12,-12
229000919,19,73,-54
229000930,2,185,-183
229000937,59,15,44
229000966,45,31,14
229000981,27,20,7
229000985,37,10,27
229000986,4,4,0
229000987,0,1,-1
229000988,1,4,-3
229000989,5,3,2
229000990,0,0,0
229000991,3,3,0
229000992,11,3,8
229000993,95,7,88
229000998,6,34,-28
229000999,48,6,42
229001034,0,4,-4
229001035,0,2,-2
229001037,35,8,27
229001042,8,10,-2
229001047,7,27,-20
229001050,13,42,-29
229001200,11,2,9
229001338,0,4,-4
229001394,174,2,172
229001422,79,24,55
229001423,14,104,-90
229001431,40,36,4
229001432,38,54,-16
229001444,132,23,109
229001445,28,91,-63
229001503,252,58,194
229001504,109,101,8
229001505,129,29,100
229001506,67,79,-12
229001509,22,17,5
229001545,67,11,56
229001546,8,61,-53
229001553,51,11,40
229001554,45,57,-12
229001559,0,6,-6
229001560,1,19,-18
229001630,26,8,18
229001631,7,11,-4
229001635,0,10,-10
229001636,4,1,3
229001658,1,93,-92
229001659,51,0,51
229001660,14,1,13
229001661,10,15,-5
229001662,18,1,17
229001663,0,10,-10
229002584,107,73,34
229002831,93,98,-5
229002841,6,14,-8
229002842,13,11,2
229002843,36,4,32
229002844,39,32,7
229002845,23,61,-38
229002846,19,11,8
229002847,0,1,-1
229002848,5,5,0
229002849,11,51,-40
229002850,18,1,17
229002851,38,83,-45
229002852,118,35,83
229002853,80,8,72
229002854,20,36,-16
229002855,5,19,-14
229002856,22,22,0
229002857,4,82,-78
229002858,19,3,16
229002859,13,57,-44
229002860,86,8,78
229002861,58,6,52
229002862,30,23,7
229002863,15,9,6
229002864,36,18,18
229002865,17,6,11
229002866,6,20,-14
229002867,1,11,-10
229002868,12,15,-3
229002869,21,121,-100
229002870,44,10,34
235000066,244,32,212
235000067,93,51,42
235000072,34,40,-6
235000073,75,275,-200
235000074,34,51,-17
235000080,10,60,-50
235000081,94,79,15
235000082,225,26,199
235000083,150,53,97
235000084,37,46,-9
235000085,167,33,134
235000089,22,20,2
235000092,16,127,-111
235000093,10,5,5
235000097,1,11,-10
235000098,59,9,50
235000099,12,17,-5
235000116,38,13,25
235000117,332,10,322
235000133,11,404,-393
235000134,11,174,-163
235000206,12,1,11
235000207,1,4,-3
235000208,3,2,1
235000209,7,3,4
235000210,5,3,2
235000212,3,17,-14
235000213,0,9,-9
235000220,5,4,1
235000221,31,17,14
235000238,8,92,-84
235000239,0,21,-21
235000242,249,684,-435
235000245,396,104,292
235000246,15,64,-49
235000284,15,131,-116
235000295,88,9,79
235000305,181,30,151
235000306,235,8,227
235000307,7,3,4
235000308,14,0,14
235000309,48,0,48
235000310,27,0,27
235000311,61,10,51
235000322,0,22,-22
235000323,0,54,-54
235000324,1,12,-11
235000325,1,5,-4
235000326,5,90,-85
235000351,3,60,-57
235000352,4,29,-25
235000353,7,21,-14
235000354,33,23,10
235000355,3,43,-40
235000356,37,1,36
235000357,19,7,12
235000358,47,10,37
235000359,11,5,6
235000360,30,10,20
235000361,42,3,39
235000381,76,95,-19
235000382,134,30,104
235000390,4,6,-2
235000391,123,17,106
235000392,162,285,-123
235000393,130,152,-22
235000395,105,20,85
235000396,385,49,336
235000400,41,72,-31
235000401,13,76,-63
235000405,56,153,-97
235000406,39,193,-154
235000407,95,68,27
235000409,190,114,76
235000410,52,149,-97
235000411,2,53,-51
235000485,0,9,-9
235000486,24,0,24
235000549,92,59,33
235000550,108,116,-8
235000599,132,33,99
235000600,9,12,-3
235000601,12,18,-6
235000602,80,50,30
235000614,2,2,0
235000648,3,12,-9
235000649,39,4,35
235000685,0,3,-3
235000815,9,65,-56
235000834,0,4,-4
235000855,37,33,4
235000862,36,78,-42
235000891,0,11,-11
235000892,14,0,14
235000901,68,101,-33
235000907,6,14,-8
235001010,84,35,49
235001029,382,206,176
235001030,258,197,61
235001078,67,90,-23
235001079,60,53,7
235001147,31,51,-20
235001166,16,48,-32
235001167,32,29,3
235001169,20,224,-204
235001188,1,7,-6
235001189,11,2,9
235001197,7,20,-13
235001200,52,33,19
235001207,438,57,381
235001210,100,113,-13
235001215,33,128,-95
235001239,3,29,-26
235001244,1,8,-7
235016267,0,19,-19
277102712,0,0,0
277103813,0,0,0
277103814,0,0,0
277104249,0,1,-1
277104250,0,13,-13
277104251,0,9,-9
277104252,0,0,0
990011530,0,126,-126
990014944,2,360,-358
990015176,51,2,49
990015618,0,42,-42
990016032,0,157,-157
990032570,3,32,-29
990070001,86,3,83
990070103,0,3,-3
990070601,1,25,-24
990070751,965,3,962
990070766,0,306,-306
990071180,355,149,206
990071343,26,1,25
990071387,0,19,-19
990071823,238,3,235
990072600,7,909,-902
990072964,1,234,-233
990073285,0,3,-3
990074393,0,464,-464
990074870,1173,30,1143
990075106,1038,5,1033
990075746,430,9,421
990076437,1233,2,1231
990076458,4,396,-392
997000007,480,4,476
997000041,1,123,-122
997000058,41,1,40
997000062,17,1,16
997000069,0,5,-5
997000070,0,22,-22
997000100,29,0,29
997000141,0,500,-500
997000198,134,767,-633
998000475,0,34,-34
998000736,0,153,-153
998000965,0,4,-4
998001031,0,54,-54
998001700,0,0,0
998001899,0,0,0
998001900,9,3,6
998003073,722,5,717
998101900,0,0,0
998102850,1,140,-139
998501927,742,702,40
998501929,83,0,83
998501930,51,0,51
998501931,116,16,100
998501932,3,1,2
998501933,56,2,54
998501937,34,27,7
998501944,3,0,3
998501950,0,6,-6
998501970,58,0,58
998501971,0,53,-53
998501973,0,16,-16
998501974,1,118,-117
998501975,74,0,74
998501976,124,1,123
998501977,1,18,-17
998501978,2,0,2
998501979,0,10,-10
998501980,55,0,55
998501981,35,11,24
998501982,0,67,-67
998501983,0,1,-1
998502006,0,0,0
998502024,0,3,-3
998502032,0,3,-3
998502062,16,1,15
998502063,0,0,0
998502173,14,0,14
998502269,0,0,0
998502546,0,146,-146
998502578,3,5,-2
998502599,46,314,-268
998502621,0,0,0
998601159,1,76,-75
998601292,0,35,-35
999033574,1,198,-197
999800001,31,1,30
999800002,0,3,-3
999800003,1,1,0
999800004,0,0,0
999800005,0,8,-8
