ID,insum,outsum,diff
100000001,342,159,183
100000002,1223,2592,-1369
100000003,1672,2440,-768
100000004,111,707,-596
100000005,1370,1596,-226
100000006,209,184,25
100000007,667,729,-62
100000008,32,125,-93
100000009,83,482,-399
100000010,22,99,-77
100000011,129,30,99
100000012,34,99,-65
100000013,0,65,-65
100000014,10,154,-144
100000015,433,817,-384
100000016,62,901,-839
100000017,40,784,-744
100000018,225,191,34
100000019,858,1231,-373
100000020,460,1694,-1234
100000021,1562,521,1041
100000022,163,1331,-1168
100000023,1233,594,639
100000025,151,662,-511
100000028,292,754,-462
100000029,2,260,-258
100000030,67,9,58
100000031,775,3149,-2374
100000032,690,1876,-1186
100000033,395,1407,-1012
100000034,16,560,-544
100000035,176,497,-321
100000036,97,694,-597
100000037,379,196,183
100000038,1383,524,859
100000039,117,74,43
100000040,133,81,52
100000041,541,216,325
100000042,453,182,271
100000043,223,103,120
100000044,27,34,-7
100000045,37,158,-121
100000046,80,120,-40
100000047,31,136,-105
100000048,52,196,-144
100000049,476,494,-18
100000051,232,125,107
100000053,28,0,28
100000054,67,5,62
100000055,200,146,54
100000056,99,203,-104
100000057,982,147,835
100000058,309,267,42
100000059,18,50,-32
100000060,298,190,108
100000061,1196,358,838
100000062,529,394,135
100000063,339,212,127
100000064,685,231,454
100000065,177,239,-62
100000066,51,176,-125
100000067,102,186,-84
100000068,132,519,-387
100000069,110,539,-429
100000072,50,132,-82
100000073,445,376,69
100000075,333,60,273
100000076,548,2654,-2106
100000077,32,265,-233
100000078,2,14,-12
100000079,2,56,-54
100000080,4,48,-44
100000081,4,30,-26
100000102,915,2197,-1282
100000103,541,1549,-1008
100000104,1248,1114,134
100000105,516,325,191
100000106,237,1247,-1010
100000107,42,462,-420
100000108,94,196,-102
100000109,229,443,-214
100000116,114,199,-85
100000117,2,45,-43
100000118,254,422,-168
100000119,344,474,-130
100000121,54,273,-219
100000122,182,755,-573
100000123,518,1015,-497
100000124,668,1238,-570
100000125,3072,2069,1003
100000126,245,222,23
100000127,442,378,64
100000128,80,1378,-1298
100000129,75,338,-263
100000130,409,89,320
100000131,292,455,-163
100000132,263,834,-571
100000133,475,272,203
100000135,340,516,-176
100000139,93,397,-304
100000140,43,51,-8
100000142,313,174,139
100000143,273,134,139
100000144,555,160,395
100000147,797,2579,-1782
100000150,38,242,-204
100000151,65,649,-584
100000153,7,178,-171
100000154,4,289,-285
100000155,1,19,-18
100000156,16,141,-125
100000157,84,176,-92
100000158,68,113,-45
100000159,56,700,-644
100000165,473,183,290
100000169,16,671,-655
100000174,163,386,-223
100000179,3,261,-258
100000180,161,427,-266
100000181,75,101,-26
100000188,22,28,-6
100000189,308,133,175
100000190,148,487,-339
100000191,270,284,-14
100000192,1,78,-77
100000193,118,90,28
100000330,136,445,-309
100000355,114,239,-125
100000362,850,368,482
100000363,3263,3511,-248
100000364,100,125,-25
100000365,3211,4336,-1125
100000366,866,319,547
100000367,3155,3524,-369
100000368,626,491,135
100000369,131,1074,-943
100000370,29,538,-509
100000376,11,357,-346
100000379,154,1667,-1513
100000380,1085,3362,-2277
100000384,2069,2675,-606
100000385,435,2008,-1573
100000386,665,2193,-1528
100000387,1153,2632,-1479
100000388,823,1659,-836
100000389,1698,2636,-938
100000390,1053,1062,-9
100000391,1329,3536,-2207
100000392,234,790,-556
100000393,211,1779,-1568
100000394,630,2009,-1379
100000395,411,1812,-1401
100000396,483,890,-407
100000397,542,2801,-2259
100000398,3560,1657,1903
100000413,0,0,0
100900002,7,2,5
100900003,295,173,122
100900004,0,33,-33
100900005,88,1,87
100900006,35,4,31
100900007,54,3,51
100900008,0,19,-19
100900009,12,5,7
100900010,34,2,32
100900011,85,67,18
100900012,0,8,-8
100900013,512,11,501
100900014,1,0,1
100900015,4,5,-1
100900016,0,20,-20
100900017,489,21,468
100900018,0,9,-9
100900019,0,16,-16
100900020,105,0,105
100900021,180,0,180
100900022,0,4,-4
100900023,0,2,-2
100900024,132,0,132
100900025,1,0,1
100900026,67,26,41
100900027,84,922,-838
100900028,15,90,-75
100900029,119,0,119
100900030,0,27,-27
100900031,454,39,415
100900032,235,0,235
100900033,23,126,-103
100900034,511,0,511
100900035,86,0,86
100900036,1,0,1
100900037,109,12,97
100900038,5,1,4
100900039,126,66,60
100900040,483,129,354
100900041,905,32,873
100900042,89,2216,-2127
100900043,0,6,-6
100900044,332,250,82
100900045,0,0,0
100900046,452,1,451
100900047,384,61,323
100900048,57,2,55
100900049,9,13,-4
100900050,3,3,0
100900051,29,30,-1
100900052,39,4,35
100900053,353,3,350
100900054,0,40,-40
100900055,59,555,-496
100900056,1,18,-17
100900057,670,44,626
100900058,135,22,113
100900059,86,0,86
100900060,120,1,119
100900061,7,128,-121
100900062,0,24,-24
100900063,118,301,-183
100900064,160,2,158
100900065,12,123,-111
100900066,86,9,77
100900067,1,0,1
100900068,70,33,37
100900069,30,0,30
100900070,350,3,347
100900071,61,22,39
100900072,0,0,0
100900073,57,73,-16
100900074,3,3,0
100900075,198,34,164
100900076,1,10,-9
100900077,35,1,34
100900078,21,68,-47
100900079,0,0,0
100900080,45,26,19
100900081,5,52,-47
100900082,80,56,24
100900083,7,4,3
100900085,0,181,-181
100900086,1,128,-127
100900088,51,80,-29
100900089,0,45,-45
100900090,9,119,-110
100900091,0,0,0
100900092,29,88,-59
100900093,198,162,36
100900094,65,23,42
100900095,0,6,-6
100900096,18,30,-12
100900097,0,0,0
100900098,23,30,-7
100900099,0,53,-53
100900100,0,28,-28
100900101,42,0,42
100900102,1,26,-25
100900103,3,0,3
100900104,0,35,-35
100900105,0,18,-18
100900106,3,1,2
100900107,461,200,261
100900108,0,9,-9
100900109,16,0,16
100900110,10,11,-1
100900111,4,37,-33
100900112,0,1,-1
100900113,15,29,-14
100900114,3,17,-14
100900115,1,0,1
100900116,239,126,113
100900117,63,752,-689
100900118,0,9,-9
100900119,2,3,-1
100900120,2,2,0
100900121,235,152,83
100900122,5,12,-7
100900123,101,1,100
100900124,0,7,-7
100900125,0,5,-5
100900126,190,8,182
100900127,0,0,0
100900128,34,56,-22
100900129,0,123,-123
100900131,1,13,-12
100900133,38,2,36
100900134,1,0,1
100900135,0,107,-107
100900137,15,16,-1
100900138,41,45,-4
100900139,0,0,0
100900140,0,31,-31
100900141,0,148,-148
100900142,0,1,-1
100900143,116,57,59
100900144,1,4,-3
100900145,5,57,-52
100900146,6,19,-13
100900147,1,424,-423
100900148,3,60,-57
100900149,0,184,-184
100900150,0,39,-39
100900151,3,51,-48
100900152,16,1,15
100900153,0,209,-209
100900154,5,30,-25
100900155,1,6,-5
100900156,1,0,1
100900157,1,74,-73
100900159,1,3,-2
100900160,4,0,4
100900161,2,0,2
100900162,5,23,-18
100900163,2,10,-8
100900164,70,2,68
100900165,91,37,54
100900166,1,0,1
100900167,1,15,-14
100900168,2,16,-14
100900169,13,116,-103
100900170,4,0,4
100900171,2,162,-160
100900172,0,148,-148
100900173,0,7,-7
100900174,0,14,-14
100900176,263,25,238
100900177,73,20,53
100900178,104,85,19
100900179,25,38,-13
100900180,0,0,0
100900181,0,3,-3
100900182,1,6,-5
100900184,3,27,-24
100900186,142,75,67
100900187,29,50,-21
100900188,55,2,53
100900189,587,169,418
100900191,59,450,-391
100900192,14,114,-100
100900195,22,34,-12
100900197,14,12,2
100900198,26,17,9
100900199,1,4,-3
100900200,257,60,197
100900201,2,178,-176
100900202,5,0,5
100900203,0,5,-5
100900204,11,8,3
100900205,23,397,-374
100900206,23,74,-51
100900207,144,42,102
100900210,2,25,-23
100900211,29,60,-31
100900213,17,28,-11
100900214,41,39,2
100900215,6,0,6
100900217,29,31,-2
101000001,624,1069,-445
101000002,1838,2333,-495
101000003,70,404,-334
101000004,2017,3432,-1415
101000005,1974,3074,-1100
101000006,1879,4889,-3010
101000007,587,2106,-1519
101000008,897,1329,-432
101000009,1081,234,847
101000010,310,276,34
101000011,214,60,154
101000012,61,197,-136
101000013,184,580,-396
101000014,140,192,-52
101000015,1494,563,931
101000016,57,281,-224
101000017,108,194,-86
101000018,521,1598,-1077
101000020,555,352,203
101000021,145,181,-36
101000022,61,153,-92
101000023,309,436,-127
101000025,165,284,-119
101000026,186,20,166
101000027,743,1908,-1165
101000028,412,226,186
101000029,4,387,-383
101000030,263,175,88
101000031,22,383,-361
101000032,922,2209,-1287
101000033,300,1528,-1228
101000034,175,1177,-1002
101000035,102,127,-25
101000036,106,728,-622
101000037,209,1406,-1197
101000039,508,963,-455
101000040,825,1864,-1039
101000041,760,2743,-1983
101000042,8,416,-408
101000043,1326,2284,-958
101000045,58,348,-290
101000046,336,1028,-692
101000047,424,2062,-1638
101000048,166,252,-86
101000049,123,496,-373
101000050,135,582,-447
101000051,225,1055,-830
101000052,463,701,-238
101000053,143,340,-197
101000054,340,149,191
101000055,367,795,-428
101000056,0,92,-92
101000057,240,812,-572
101000058,171,813,-642
101000059,555,1360,-805
101000060,459,336,123
101000061,67,1261,-1194
101000062,90,309,-219
101000063,39,770,-731
101000064,54,478,-424
101000065,47,399,-352
101000066,115,741,-626
101000067,140,317,-177
101000068,85,216,-131
101000069,100,16,84
101000070,177,229,-52
101000071,1413,710,703
101000072,171,822,-651
101000073,171,972,-801
101000074,828,1555,-727
101000075,990,844,146
101000077,843,824,19
101000078,389,429,-40
101000079,528,591,-63
101000080,670,275,395
101000081,641,715,-74
101000082,827,773,54
101000083,1504,931,573
101000084,365,256,109
101000085,926,584,342
101000086,413,321,92
101000087,257,351,-94
101000088,786,585,201
101000089,376,744,-368
101000090,656,308,348
101000091,246,170,76
101000092,1136,397,739
101000093,552,166,386
101000094,201,165,36
101000095,273,285,-12
101000096,257,146,111
101000097,71,212,-141
101000098,214,249,-35
101000099,189,295,-106
101000100,552,909,-357
101000101,42,283,-241
101000102,195,490,-295
101000103,139,200,-61
101000104,88,454,-366
101000105,196,395,-199
101000106,60,1247,-1187
101000107,121,130,-9
101000108,154,36,118
101000109,274,42,232
101000110,10,76,-66
101000111,10,32,-22
101000113,64,423,-359
101000114,674,2301,-1627
101000115,1,0,1
101000116,0,0,0
101000117,77,2,75
101000119,5,63,-58
101000120,10,39,-29
101000121,2,36,-34
101000122,31,60,-29
101000123,23,29,-6
101000124,596,279,317
101000125,38,97,-59
101000128,70,585,-515
101000130,54,64,-10
101000131,680,165,515
101000132,293,144,149
101000135,1,23,-22
101000136,11,57,-46
101000137,6,226,-220
101000141,236,2340,-2104
101000147,546,119,427
101000148,273,3,270
101000149,3,2,1
101000150,66,77,-11
101000151,194,13,181
101000152,99,93,6
101000153,163,50,113
101000154,332,219,113
101000155,381,63,318
101000156,7,98,-91
101000157,6,19,-13
101000160,0,0,0
101000163,23,377,-354
101000164,166,57,109
101000165,120,170,-50
101000166,35,143,-108
101000168,501,201,300
101000252,1425,382,1043
101000254,8,6,2
101000258,51,2,49
101000261,111,36,75
101000262,556,2464,-1908
101000263,100,670,-570
101000265,6,308,-302
101000266,107,133,-26
101000269,13,4,9
101000290,49,1426,-1377
101000293,0,0,0
101000294,121,142,-21
101000295,158,86,72
101000301,102,380,-278
101000304,908,1402,-494
101000305,1073,688,385
101000328,34,551,-517
101900001,4,22,-18
101900002,0,0,0
101900003,35,21,14
101900004,1,7,-6
101900005,560,1462,-902
101900006,362,33,329
101900007,65,54,11
101900008,5,69,-64
101900009,20,171,-151
101900010,114,301,-187
101900011,55,422,-367
101900012,44,18,26
101900013,106,18,88
101900017,4,52,-48
101900018,160,64,96
101900019,26,10,16
101900020,29,3,26
101900021,1,17,-16
101900022,34,132,-98
101900023,42,23,19
101900026,40,17,23
101900027,3,61,-58
102000001,1306,2817,-1511
102000002,1032,413,619
102000003,711,3326,-2615
102000004,971,1571,-600
102000005,318,1760,-1442
102000006,210,803,-593
102000007,479,2228,-1749
102000008,1632,714,918
102000009,3091,3350,-259
102000010,1399,868,531
102000011,2023,2090,-67
102000012,1513,1048,465
102000018,904,1218,-314
102000019,640,579,61
102000026,139,206,-67
102000029,90,109,-19
102000030,76,176,-100
102000031,55,69,-14
102000032,292,144,148
102000033,131,149,-18
102000034,125,74,51
102000035,247,131,116
102000036,4,118,-114
102000037,119,10,109
102000038,36,98,-62
102000039,43,32,11
102000040,75,100,-25
102000041,24,214,-190
102000042,16,123,-107
102000043,2,167,-165
102000044,111,343,-232
102000045,154,284,-130
102000046,711,193,518
102000047,259,158,101
102000048,134,204,-70
102000049,465,268,197
102000050,324,440,-116
102000051,83,123,-40
102000052,356,285,71
102000053,366,402,-36
102000054,531,271,260
102000055,365,106,259
102000056,676,127,549
102000057,642,235,407
102000058,230,174,56
102000059,232,685,-453
102000060,353,986,-633
102000061,602,624,-22
102000062,1074,428,646
102000063,523,635,-112
102000064,256,302,-46
102000065,12,93,-81
102000066,306,244,62
102000067,1073,1937,-864
102000068,2504,1174,1330
102000069,34,873,-839
102000070,763,9,754
102000071,2486,5155,-2669
102000072,928,1234,-306
102000073,116,96,20
102000074,243,175,68
102000075,43,55,-12
102000076,188,65,123
102000077,358,86,272
102000078,792,85,707
102000079,59,32,27
102000080,210,55,155
102000081,56,227,-171
102000082,181,279,-98
102000083,310,46,264
102000084,511,27,484
102000085,507,155,352
102000086,928,239,689
102000087,76,377,-301
102000088,284,95,189
102000089,762,113,649
102000090,118,568,-450
102000091,559,296,263
102000092,72,230,-158
102000093,282,392,-110
102000094,122,86,36
102000095,111,422,-311
102000096,281,114,167
102000097,268,124,144
102000098,103,94,9
102000099,303,199,104
102000100,58,249,-191
102000101,50,174,-124
102000102,31,357,-326
102000103,884,198,686
102000104,249,173,76
102000105,93,191,-98
102000106,316,90,226
102000107,916,72,844
102000108,238,140,98
102000109,198,168,30
102000110,658,171,487
102000111,1,113,-112
102000112,39,124,-85
102000113,0,22,-22
102000114,354,241,113
102000115,104,132,-28
102000116,91,483,-392
102000117,14,188,-174
102000118,395,1087,-692
102000119,258,694,-436
102000120,72,222,-150
102000121,304,68,236
102000122,178,461,-283
102000123,307,158,149
102000124,325,448,-123
102000125,220,159,61
102000126,97,189,-92
102000127,380,128,252
102000128,188,343,-155
102000129,358,159,199
102000130,164,205,-41
102000131,249,145,104
102000132,180,169,11
102000133,1860,364,1496
102000134,591,288,303
102000135,146,286,-140
102000136,166,155,11
102000137,143,111,32
102000138,88,26,62
102000139,39,87,-48
102000140,48,58,-10
102000141,23,194,-171
102000142,82,91,-9
102000143,94,111,-17
102000144,227,36,191
102000145,80,69,11
102000146,141,65,76
102000147,108,161,-53
102000148,16,113,-97
102000149,179,66,113
102000150,301,12,289
102000151,57,33,24
102000152,109,56,53
102000153,321,188,133
102000154,95,107,-12
102000155,4,172,-168
102000156,79,73,6
102000157,19,144,-125
102000158,77,302,-225
102000159,384,463,-79
102000161,652,878,-226
102000162,34,72,-38
102000163,16,194,-178
102000164,83,323,-240
102000165,92,32,60
102000166,3,60,-57
102000167,49,44,5
102000168,65,56,9
102000169,25,332,-307
102000170,138,27,111
102000171,1,53,-52
102000172,3,145,-142
102000173,176,152,24
102000174,59,30,29
102000175,75,10,65
102000176,9,39,-30
102000178,69,235,-166
102000179,171,126,45
102000180,414,133,281
102000181,561,153,408
102000182,318,155,163
102000183,944,399,545
102000184,689,254,435
102000185,1407,272,1135
102000186,729,431,298
102000187,369,211,158
102000188,587,485,102
102000189,761,98,663
102000190,216,973,-757
102000191,325,122,203
102000192,462,429,33
102000193,7,22,-15
102000194,29,64,-35
102000195,300,147,153
102000196,133,96,37
102000197,603,104,499
102000198,76,124,-48
102000199,635,51,584
102000200,102,183,-81
102000201,727,126,601
102000202,1,6,-5
102000203,186,66,120
102000204,259,93,166
102000205,515,114,401
102000206,76,52,24
102000207,314,156,158
102000208,170,107,63
102000209,24,26,-2
102000210,249,23,226
102000211,256,35,221
102000212,311,7,304
102000213,3,50,-47
102000214,403,2,401
102000215,6,64,-58
102000216,89,35,54
102000217,0,39,-39
102000218,72,62,10
102000219,22,21,1
102000225,140,388,-248
102000226,45,90,-45
102000227,48,1,47
102000228,0,13,-13
102000229,36,41,-5
102000230,96,143,-47
102000231,96,128,-32
102000232,31,152,-121
102000233,264,67,197
102000234,35,530,-495
102000236,63,13,50
102000237,190,57,133
102000238,70,110,-40
102000240,51,174,-123
102000241,56,4,52
102000243,0,25,-25
102000245,0,9,-9
102000246,21,56,-35
102000247,68,126,-58
102000248,136,308,-172
102000249,45,7,38
102000250,24,65,-41
102000254,305,26,279
102000266,1,43,-42
102000271,20,6,14
102000286,93,187,-94
102000297,646,195,451
102000301,0,0,0
102000303,0,0,0
102000307,0,1,-1
102900001,581,126,455
102900002,52,4,48
102900003,37,50,-13
102900005,139,136,3
102900006,147,31,116
102900007,266,0,266
102900008,90,1,89
102900009,78,71,7
102900010,40,253,-213
102900011,258,80,178
102900012,87,16,71
102900013,5,9,-4
102900015,309,111,198
102900016,64,10,54
102900017,85,31,54
102900018,33,2,31
102900019,58,88,-30
102900020,76,4,72
102900021,20,7,13
102900022,28,3,25
102900023,1,1,0
102900024,4,8,-4
102900025,15,2,13
102900026,74,908,-834
102900027,37,13,24
102900028,22,408,-386
102900029,4,31,-27
102900030,65,189,-124
102900031,119,23,96
102900032,19,16,3
102900033,27,38,-11
102900034,316,11,305
102900035,62,62,0
102900036,100,45,55
102900037,61,57,4
102900038,105,53,52
102900039,58,190,-132
102900040,25,55,-30
102900041,51,11,40
102900042,68,49,19
102900043,109,16,93
102900044,140,231,-91
102900045,64,80,-16
102900046,100,44,56
102900047,23,34,-11
102900048,118,60,58
102900049,25,74,-49
102900050,51,43,8
102900051,27,40,-13
102900052,6,5,1
102900053,47,70,-23
102900054,17,326,-309
102900055,15,126,-111
102900056,10,75,-65
102900057,2,28,-26
102900058,131,31,100
102900059,1,10,-9
102900060,6,98,-92
102900061,53,72,-19
102900062,175,82,93
102900063,843,52,791
102900064,20,73,-53
102900065,374,69,305
102900066,111,1,110
102900068,7,70,-63
102900070,109,75,34
102900072,0,9,-9
102900073,9,0,9
102900075,1,12,-11
102900076,5,13,-8
102900077,4,2,2
102900078,0,5,-5
102900079,46,1,45
102900080,166,1,165
102900081,5,68,-63
102900082,7,6,1
102900083,18,3,15
102900084,0,0,0
102900085,27,6,21
102900086,2,8,-6
102900087,97,29,68
102900088,5,11,-6
102900089,82,16,66
102900090,0,2,-2
102900091,152,0,152
102900092,135,63,72
102900093,44,62,-18
102900094,0,44,-44
102900095,36,0,36
102900096,15,5,10
102900097,1,28,-27
102900098,5,1,4
103000001,1249,1061,188
103000002,1650,1540,110
103000003,1520,1256,264
103000004,291,228,63
103000005,713,1422,-709
103000006,610,630,-20
103000007,191,144,47
103000008,466,294,172
103000009,694,794,-100
103000010,32,11,21
103000011,710,231,479
103000012,486,670,-184
103000013,1129,652,477
103000014,591,1215,-624
103000015,678,246,432
103000016,282,676,-394
103000017,102,426,-324
103000018,141,146,-5
103000019,104,249,-145
103000020,726,752,-26
103000021,1404,2058,-654
103000022,250,693,-443
103000023,508,1347,-839
103000024,31,66,-35
103000025,41,724,-683
103000026,103,44,59
103000027,41,435,-394
103000028,128,130,-2
103000029,46,101,-55
103000030,890,682,208
103000031,388,1211,-823
103000032,826,456,370
103000033,2320,1944,376
103000034,679,350,329
103000035,75,608,-533
103000036,40,160,-120
103000037,371,197,174
103000038,173,425,-252
103000039,204,87,117
103000040,467,221,246
103000041,765,598,167
103000042,579,74,505
103000043,487,204,283
103000044,147,53,94
103000046,100,119,-19
103000047,362,98,264
103000048,188,69,119
103000049,13,51,-38
103000050,313,40,273
103000051,396,199,197
103000052,273,83,190
103000053,165,87,78
103000054,836,125,711
103000055,885,458,427
103000056,414,379,35
103000057,809,69,740
103000058,320,136,184
103000059,434,204,230
103000060,366,95,271
103000061,309,287,22
103000062,205,42,163
103000063,512,309,203
103000064,26,49,-23
103000065,3,75,-72
103000066,71,3,68
103000069,111,66,45
103000070,287,55,232
103000071,529,336,193
103000072,112,155,-43
103000073,426,13,413
103000074,503,14,489
103000075,37,132,-95
103000076,134,401,-267
103000077,2,103,-101
103000078,286,456,-170
103000079,146,471,-325
103000080,177,151,26
103000081,114,771,-657
103000082,235,68,167
103000083,14,164,-150
103000084,39,2,37
103000085,0,48,-48
103000086,298,243,55
103000087,137,488,-351
103000088,207,290,-83
103000089,134,456,-322
103000090,2658,1056,1602
103000091,513,411,102
103000092,121,79,42
103000093,138,138,0
103000094,139,59,80
103000095,37,167,-130
103000096,305,3,302
103000097,15,275,-260
103000098,246,7,239
103000099,19,181,-162
103000100,75,135,-60
103000101,706,21,685
103000102,105,92,13
103000103,339,45,294
103000104,77,34,43
103000105,116,15,101
103000106,3,75,-72
103000107,83,8,75
103000108,747,876,-129
103000109,191,474,-283
103000110,239,690,-451
103000111,240,353,-113
103000112,65,191,-126
103000113,97,609,-512
103000114,629,346,283
103000115,536,659,-123
103000116,651,269,382
103000117,341,299,42
103000118,189,196,-7
103000119,338,158,180
103000120,11,82,-71
103000121,17,104,-87
103000122,266,627,-361
103000125,1,19,-18
103000126,317,1,316
103000127,0,45,-45
103000128,80,0,80
103000129,0,66,-66
103000130,19,0,19
103000131,30,57,-27
103000132,11,32,-21
103000133,17,117,-100
103000134,105,387,-282
103000135,223,124,99
103000136,135,118,17
103000137,130,362,-232
103000138,244,375,-131
103000139,1,19,-18
103000140,18,0,18
103000141,13,27,-14
103000142,17,55,-38
103000143,24,105,-81
103000144,125,48,77
103000145,3,85,-82
103000150,43,7,36
103000152,37,150,-113
103000153,72,202,-130
103000156,1,60,-59
103000157,251,0,251
103000159,155,19,136
103000162,11,7,4
103000163,2,13,-11
103000164,0,34,-34
103000165,4,137,-133
103000166,159,285,-126
103000167,81,118,-37
103000168,65,43,22
103000169,163,424,-261
103000170,1035,176,859
103000171,8,22,-14
103000172,419,51,368
103000173,355,67,288
103000174,279,151,128
103000175,175,60,115
103000176,358,375,-17
103000177,69,201,-132
103000178,29,139,-110
103000179,29,6,23
103000183,179,2,177
103000185,173,44,129
103000186,236,24,212
103000187,498,49,449
103000188,3,41,-38
103000189,331,618,-287
103000191,159,162,-3
103000292,198,786,-588
103000293,174,1249,-1075
103000295,58,25,33
103000296,28,0,28
103000297,1,3,-2
103000504,30,2,28
103000505,1,0,1
103000506,0,42,-42
103000507,77,1,76
103000508,23,7,16
103000509,183,183,0
103900001,10,8,2
103900002,139,9,130
103900003,260,44,216
103900004,23,0,23
103900005,0,6,-6
103900006,7,0,7
103900007,116,0,116
103900008,2,0,2
103900009,176,44,132
103900010,150,9,141
103900011,186,8,178
103900012,0,40,-40
103900013,13,4,9
103900014,66,5,61
103900015,36,1,35
103900016,12,13,-1
103900017,54,14,40
103900018,45,4,41
103900019,1,172,-171
103900020,105,218,-113
103900021,69,8,61
103900022,251,137,114
103900023,191,1,190
103900024,6,43,-37
103900025,0,4,-4
103900026,0,0,0
103900027,139,42,97
103900028,18,112,-94
103900029,534,43,491
103900030,123,58,65
103900031,37,0,37
103900032,49,98,-49
103900033,12,8,4
103900034,21,13,8
103900035,11,18,-7
103900036,19,16,3
103900037,12,8,4
103900038,12,125,-113
103900039,70,53,17
103900040,10,99,-89
103900041,53,3,50
103900042,112,30,82
103900043,207,5,202
103900044,20,200,-180
103900045,109,100,9
103900047,74,3,71
103900048,0,19,-19
103900049,11,370,-359
103900050,6,73,-67
103900051,0,50,-50
103900052,77,98,-21
103900053,196,61,135
103900054,53,32,21
103900055,152,96,56
103900056,13,3,10
103900057,66,11,55
103900058,237,67,170
103900059,0,2,-2
103900060,59,22,37
103900061,169,3,166
103900062,207,97,110
103900063,0,0,0
103900064,107,0,107
103900065,75,81,-6
103900066,157,47,110
103900067,127,8,119
103900068,0,0,0
103900069,25,3,22
103900070,40,45,-5
103900071,3,20,-17
103900072,11,78,-67
103900073,13,20,-7
103900074,50,3,47
103900075,156,36,120
103900076,337,124,213
103900077,9,84,-75
103900078,68,22,46
103900079,36,16,20
103900080,0,4,-4
103900081,3,2,1
103900082,15,28,-13
103900083,891,802,89
103900084,17,33,-16
103900085,21,31,-10
103900086,499,63,436
103900088,83,128,-45
103900089,0,48,-48
103900090,6,13,-7
103900091,237,13,224
103900092,343,144,199
103900093,5,91,-86
103900094,6,30,-24
103900095,25,115,-90
103900096,53,9,44
103900097,5,44,-39
103900098,78,41,37
103900099,167,4,163
103900100,244,13,231
103900101,17,182,-165
103900102,0,0,0
103900104,0,3,-3
103900105,6,5,1
103900106,0,13,-13
103900107,119,22,97
103900108,30,26,4
103900109,97,12,85
103900110,66,15,51
103900111,125,87,38
103900112,2,17,-15
103900113,11,90,-79
103900114,164,57,107
103900115,39,65,-26
103900116,351,590,-239
103900117,23,1,22
103900119,14,185,-171
103900120,11,5,6
103900122,152,25,127
103900123,56,228,-172
103900124,7,23,-16
103900125,145,10,135
103900126,293,18,275
103900127,29,49,-20
103900128,89,8,81
103900131,14,11,3
103900133,410,2,408
103900134,6,1,5
103900135,2,1,1
103900137,0,4,-4
103900138,128,42,86
103900139,57,1450,-1393
103900140,3,241,-238
103900141,62,43,19
103900142,305,30,275
103900143,91,0,91
103900144,1,3,-2
103900145,42,12,30
103900146,122,68,54
103900147,223,45,178
103900148,148,9,139
103900149,92,80,12
103900150,1120,2051,-931
103900151,4,20,-16
103900152,456,53,403
103900153,0,0,0
103900154,37,818,-781
103900155,17,26,-9
103900156,5,10,-5
103900157,76,4,72
103900158,148,4,144
103900159,137,0,137
103900160,22,17,5
103900161,7,41,-34
103900162,22,17,5
103900163,0,57,-57
103900167,1,18,-17
103900168,26,4,22
103900169,18,8,10
103900170,0,5,-5
103900171,0,0,0
103900172,0,0,0
103900173,16,3,13
103900174,116,11,105
103900175,1,81,-80
103900176,0,7,-7
103900177,0,2,-2
103900178,36,0,36
103900179,27,1,26
103900180,8,10,-2
103900181,13,14,-1
103900182,2,12,-10
103900184,27,5,22
103900185,27,210,-183
103900187,25,37,-12
103900188,48,21,27
103900189,59,0,59
103900190,30,12,18
103900191,1,37,-36
103900192,8,11,-3
103900193,4,1,3
103900194,11,8,3
103900195,0,48,-48
103900196,4,5,-1
103900197,1,0,1
103900198,0,0,0
103900199,65,6,59
103900200,122,23,99
103900201,27,6,21
103900202,0,11,-11
103900203,38,16,22
103900204,0,3,-3
103900207,0,6,-6
103900208,78,0,78
103900209,1,4,-3
103900210,34,14,20
103900211,354,47,307
103900212,37,9,28
103900213,1,62,-61
103900214,81,146,-65
103900215,37,144,-107
103900216,1,24,-23
103900217,94,19,75
103900218,0,78,-78
103900219,238,5,233
103900233,10,1,9
103900235,17,16,1
103900236,1,9,-8
103900242,0,0,0
103900243,0,0,0
103900244,58,21,37
103900245,19,8,11
103900246,1,3,-2
103900247,0,10,-10
103900248,0,12,-12
103900249,1,87,-86
103900250,3,11,-8
103900251,0,26,-26
103900253,2,6,-4
103900254,3,3,0
103900255,0,1,-1
103900256,4,30,-26
103900257,41,65,-24
103900258,0,0,0
103900259,0,0,0
103900261,3,0,3
103900262,7,0,7
103900263,19,4,15
103900264,5,0,5
103900265,0,0,0
103900266,0,20,-20
103900267,2,13,-11
103900268,1,9,-8
103900269,42,6,36
103900270,8,5,3
103900271,29,13,16
103900272,17,10,7
103900273,16,1,15
103900274,28,0,28
103900275,21,0,21
103900276,0,0,0
103900277,3,7,-4
103900278,5,4,1
103900279,2,27,-25
103900280,1,3,-2
104000001,1383,876,507
104000002,1206,1306,-100
104000003,1359,835,524
104000004,1501,1082,419
104000005,1147,953,194
104000006,1310,980,330
104000007,2986,2083,903
104000008,181,140,41
104000009,269,143,126
104000010,74,234,-160
104000011,112,115,-3
104000012,48,128,-80
104000013,176,299,-123
104000014,89,164,-75
104000015,253,52,201
104000016,79,94,-15
104000018,393,87,306
104000019,543,94,449
104000020,66,188,-122
104000021,166,121,45
104000022,113,182,-69
104000023,827,178,649
104000024,134,67,67
104000026,32,43,-11
104000027,154,72,82
104000028,439,179,260
104000029,136,133,3
104000030,304,261,43
104000031,741,72,669
104000032,127,82,45
104000033,593,107,486
104000034,167,100,67
104000035,831,70,761
104000036,598,160,438
104000037,65,140,-75
104000038,291,115,176
104000039,153,58,95
104000040,16,252,-236
104000041,363,171,192
104000042,182,120,62
104000043,50,102,-52
104000044,145,159,-14
104000045,284,144,140
104000046,204,313,-109
104000047,188,243,-55
104000048,413,349,64
104000049,339,212,127
104000050,23,237,-214
104000051,51,272,-221
104000052,1080,726,354
104000053,515,222,293
104000054,285,115,170
104000055,1150,649,501
104000056,249,53,196
104000057,136,65,71
104000058,576,506,70
104000059,378,404,-26
104000060,585,730,-145
104000061,531,451,80
104000062,201,25,176
104000064,426,59,367
104000065,19,229,-210
104000069,268,734,-466
104000070,6,272,-266
104000071,59,27,32
104000072,273,72,201
104000075,1,81,-80
104000076,266,19,247
104000082,1080,1562,-482
104000083,223,55,168
104000084,34,149,-115
104000085,231,55,176
104000086,139,204,-65
104000087,88,321,-233
104000090,346,218,128
104000092,729,348,381
104000094,250,284,-34
104000095,1351,607,744
104000096,1120,4,1116
104000097,1154,203,951
104000098,2182,146,2036
104000100,1512,178,1334
104000101,607,529,78
104000106,28,301,-273
104000107,333,121,212
104000108,67,77,-10
104000109,120,48,72
104000110,264,549,-285
104000111,704,1364,-660
104000112,210,166,44
104000116,1,244,-243
104000117,188,125,63
104000118,520,48,472
104000119,329,94,235
104000120,285,134,151
104000121,92,229,-137
104000122,290,283,7
104000123,432,362,70
104000124,103,440,-337
104000125,593,1787,-1194
104000126,187,197,-10
104000127,754,824,-70
104000128,280,75,205
104000129,109,5,104
104000130,1,263,-262
104000131,180,230,-50
104000132,228,262,-34
104000133,593,608,-15
104000134,460,965,-505
104000135,160,652,-492
104000136,310,1044,-734
104000137,1002,142,860
104000138,797,352,445
104000139,1218,1002,216
104000141,230,260,-30
104000142,292,188,104
104000143,441,82,359
104000144,47,106,-59
104000145,138,81,57
104000146,86,211,-125
104000147,73,193,-120
104000148,197,84,113
104000149,74,47,27
104000150,511,189,322
104000151,212,134,78
104000152,273,176,97
104000153,418,284,134
104000154,275,130,145
104000155,276,634,-358
104000157,577,609,-32
104000158,42,207,-165
104000159,302,190,112
104000160,1223,1349,-126
104000161,105,61,44
104000162,73,43,30
104000165,344,253,91
104000167,368,1026,-658
104000168,580,3,577
104000169,154,22,132
104000170,71,109,-38
104000248,173,232,-59
104000251,4,38,-34
104000272,0,0,0
104000273,0,0,0
104000274,0,0,0
104000275,0,0,0
104000279,345,300,45
104000290,12,536,-524
104000291,434,573,-139
104000293,489,473,16
104000294,67,0,67
104000295,745,819,-74
104000296,264,252,12
104000297,741,1548,-807
104000298,1080,343,737
104000299,535,532,3
104900001,16,23,-7
104900002,10,148,-138
104900003,29,32,-3
104900004,10,27,-17
104900005,169,46,123
104900006,291,16,275
104900007,174,55,119
104900009,59,57,2
104900010,61,0,61
104900011,0,1,-1
104900012,46,11,35
104900013,36,11,25
104900014,610,96,514
104900015,39,0,39
104900016,144,37,107
104900017,64,31,33
104900018,1,19,-18
104900019,77,2837,-2760
104900020,20,33,-13
104900021,0,10,-10
104900022,2,109,-107
104900023,0,11,-11
104900024,6,281,-275
104900025,51,137,-86
104900026,0,9,-9
104900027,439,173,266
104900028,2,265,-263
104900029,11,32,-21
104900030,209,130,79
104900031,9,92,-83
104900032,6,17,-11
104900033,139,73,66
104900034,236,38,198
104900035,194,94,100
104900036,451,38,413
104900037,63,63,0
104900038,25,643,-618
104900039,94,740,-646
104900040,482,12,470
104900041,178,27,151
104900042,91,79,12
104900043,16,234,-218
104900044,734,50,684
104900045,93,12,81
104900046,255,19,236
104900047,318,48,270
104900048,306,22,284
104900049,86,43,43
104900050,288,19,269
104900051,194,9,185
104900052,174,0,174
104900053,248,16,232
104900054,173,7,166
104900055,329,1,328
104900056,169,4,165
104900057,40,1,39
104900058,196,23,173
104900059,103,44,59
104900060,0,50,-50
104900061,14,33,-19
104900063,0,20,-20
104900064,0,32,-32
104900065,2,68,-66
104900066,0,9,-9
104900067,1,41,-40
104900068,10,33,-23
104900070,2,26,-24
104900071,0,33,-33
104900072,3,69,-66
104900073,76,9,67
104900074,15,25,-10
104900075,2,4,-2
104900076,41,23,18
104900077,26,20,6
104900078,34,29,5
104900079,9,403,-394
104900080,47,37,10
104900082,0,27,-27
104900085,1,45,-44
104900087,206,0,206
104900089,420,0,420
104900090,638,334,304
104900091,105,141,-36
104900093,38,71,-33
104900097,333,1027,-694
104900098,48,16,32
104900099,6,216,-210
104900100,211,16,195
104900102,11,73,-62
104900103,21,3,18
104900104,466,930,-464
104900106,52,17,35
104900107,29,18,11
104900108,0,15,-15
104900109,38,131,-93
104900110,0,47,-47
104900111,66,2,64
104900112,130,58,72
104900113,329,20,309
104900114,219,88,131
104900115,503,20,483
104900116,220,6,214
104900118,2,2,0
104900119,0,7,-7
104900120,23,207,-184
104900121,1,15,-14
104900122,0,11,-11
104900123,133,35,98
104900124,75,0,75
104900125,131,1,130
104900126,0,5,-5
104900127,0,1,-1
104900128,54,34,20
104900129,304,1209,-905
105000001,1287,565,722
105000002,974,759,215
105000003,1064,1572,-508
105000004,611,388,223
105000005,890,692,198
105000006,530,964,-434
105000007,682,925,-243
105000008,283,1229,-946
105000009,2000,1823,177
105000010,1084,495,589
105000011,1575,1655,-80
105000012,976,911,65
105000013,508,512,-4
105000014,1747,1298,449
105000015,3807,6536,-2729
105000016,618,535,83
105000017,866,488,378
105000018,365,528,-163
105000019,467,384,83
105000020,53,276,-223
105000021,161,71,90
105000022,48,19,29
105000023,310,65,245
105000028,1,49,-48
105000029,281,542,-261
105000030,1477,821,656
105000033,545,533,12
105000034,28,504,-476
105000037,268,51,217
105000038,310,562,-252
105000039,266,369,-103
105000040,311,384,-73
105000041,103,256,-153
105000042,767,546,221
105000043,322,328,-6
105000044,279,133,146
105000045,88,112,-24
105000046,545,36,509
105000047,105,143,-38
105000048,692,143,549
105000049,111,171,-60
105000050,600,254,346
105000051,94,169,-75
105000052,268,278,-10
105000053,30,66,-36
105000054,202,264,-62
105000055,298,66,232
105000056,1022,684,338
105000057,872,143,729
105000058,450,317,133
105000059,794,358,436
105000060,224,171,53
105000061,932,270,662
105000062,242,231,11
105000063,134,207,-73
105000064,1679,263,1416
105000065,189,189,0
105000066,349,295,54
105000067,937,361,576
105000068,192,306,-114
105000069,635,1320,-685
105000070,190,658,-468
105000071,95,1099,-1004
105000072,734,2548,-1814
105000073,609,372,237
105000074,152,195,-43
105000075,242,298,-56
105000076,674,327,347
105000077,861,220,641
105000078,296,375,-79
105000079,377,821,-444
105000080,1026,965,61
105000081,515,470,45
105000082,394,777,-383
105000083,1265,1355,-90
105000084,242,411,-169
105000085,1599,1137,462
105000086,299,327,-28
105000087,482,551,-69
105000088,952,1223,-271
105000089,866,423,443
105000090,115,164,-49
105000091,169,184,-15
105000092,279,129,150
105000093,88,115,-27
105000094,83,53,30
105000095,108,199,-91
105000096,546,1007,-461
105000097,182,201,-19
105000098,707,834,-127
105000099,328,364,-36
105000100,914,336,578
105000101,1090,449,641
105000102,746,461,285
105000103,500,416,84
105000104,1098,243,855
105000105,536,348,188
105000106,802,225,577
105000107,747,178,569
105000108,871,261,610
105000109,1284,255,1029
105000110,542,94,448
105000111,1008,185,823
105000112,445,205,240
105000113,376,358,18
105000114,380,784,-404
105000115,171,961,-790
105000116,718,179,539
105000117,361,257,104
105000118,591,158,433
105000119,208,160,48
105000120,1027,212,815
105000121,529,256,273
105000122,302,168,134
105000123,234,213,21
105000124,966,236,730
105000125,502,377,125
105000126,1034,405,629
105000127,1425,535,890
105000128,358,764,-406
105000129,546,104,442
105000130,110,2029,-1919
105000131,93,66,27
105000132,781,454,327
105000133,161,182,-21
105000134,1005,125,880
105000135,112,88,24
105000136,9,30,-21
105000137,228,26,202
105000138,45,29,16
105000139,320,112,208
105000140,522,93,429
105000141,182,76,106
105000142,230,128,102
105000143,63,169,-106
105000144,222,154,68
105000145,508,107,401
105000146,149,96,53
105000147,527,86,441
105000148,450,310,140
105000149,1516,846,670
105000150,413,166,247
105000151,346,199,147
105000152,133,159,-26
105000153,591,148,443
105000154,177,221,-44
105000155,310,192,118
105000156,49,189,-140
105000157,317,270,47
105000158,1256,339,917
105000159,158,464,-306
105000160,2015,331,1684
105000161,328,363,-35
105000162,429,1453,-1024
105000163,383,293,90
105000164,32,111,-79
105000165,168,4469,-4301
105000166,1573,1021,552
105000167,602,1504,-902
105000168,159,72,87
105000169,330,81,249
105000170,188,465,-277
105000171,579,56,523
105000172,244,2,242
105000173,484,4,480
105000174,60,6,54
105000175,50,43,7
105000176,364,36,328
105000177,246,120,126
105000178,169,74,95
105000179,892,22,870
105000180,194,24,170
105000181,115,58,57
105000182,52,16,36
105000183,907,1405,-498
105000184,83,112,-29
105000185,160,407,-247
105000186,183,233,-50
105000187,376,192,184
105000188,137,192,-55
105000189,35,171,-136
105000190,160,114,46
105000191,139,125,14
105000192,201,50,151
105000193,88,38,50
105000194,404,24,380
105000195,65,126,-61
105000196,30,129,-99
105000197,52,138,-86
105000198,63,66,-3
105000199,24,225,-201
105000200,66,274,-208
105000201,70,18,52
105000203,3,60,-57
105000204,56,33,23
105000205,33,28,5
105000207,54,17,37
105000208,85,127,-42
105000209,37,25,12
105000212,504,255,249
105000213,19,60,-41
105000214,35,50,-15
105000215,29,41,-12
105000216,60,20,40
105000217,60,34,26
105000218,1477,292,1185
105000221,95,44,51
105000222,109,31,78
105000223,274,23,251
105000226,55,57,-2
105000227,57,42,15
105000228,25,660,-635
105000229,61,272,-211
105000231,185,76,109
105000233,500,385,115
105000234,156,381,-225
105000235,432,258,174
105000237,781,44,737
105000243,48,9,39
105000248,0,13,-13
105000262,177,77,100
105000269,46,27,19
105000270,426,6,420
105000271,0,50,-50
105000282,9,6,3
105000287,116,50,66
105000288,598,197,401
105000289,467,819,-352
105000290,13,8,5
105000402,527,1447,-920
105000426,152,132,20
105000438,501,649,-148
105000446,1982,1678,304
105000447,905,678,227
105000454,362,53,309
105000455,96,55,41
105000474,58,0,58
105000477,474,217,257
105000478,1067,2584,-1517
105000479,38,25,13
105000480,2829,3321,-492
105000481,2233,1659,574
105000482,932,1475,-543
105000483,675,839,-164
105000484,538,699,-161
105000485,625,1319,-694
105000486,601,553,48
105000488,919,1026,-107
105000489,803,226,577
105000549,95,44,51
105000550,97,272,-175
105000551,10,46,-36
105000552,721,294,427
105000555,238,625,-387
105000556,2,4,-2
105000557,2,5,-3
105900001,6,791,-785
105900002,320,393,-73
105900003,0,27,-27
105900004,7,4,3
105900005,0,25,-25
105900006,0,26,-26
105900007,7,16,-9
105900008,16,106,-90
105900009,92,28,64
105900011,17,8,9
105900012,200,41,159
105900013,1,6,-5
105900014,1,8,-7
105900015,40,56,-16
105900016,233,77,156
105900017,979,4,975
105900018,39,54,-15
105900019,15,40,-25
105900020,22,33,-11
105900021,5,133,-128
105900022,45,57,-12
105900023,18,28,-10
105900024,2,57,-55
105900025,183,1,182
105900026,71,6,65
105900027,2128,863,1265
105900028,75,24,51
105900029,584,97,487
105900030,77,64,13
105900031,134,13,121
105900032,37,4,33
105900033,44,27,17
105900034,42,40,2
105900035,66,19,47
105900036,48,4,44
105900037,58,31,27
105900038,40,65,-25
105900039,74,11,63
105900040,23,9,14
105900041,23,17,6
105900042,1,28,-27
105900043,262,23,239
105900044,0,57,-57
105900045,0,245,-245
105900046,0,36,-36
105900047,8,0,8
105900048,50,70,-20
105900050,136,536,-400
105900051,4,220,-216
105900052,185,1,184
105900053,459,1496,-1037
105900054,51,57,-6
105900056,150,181,-31
105900057,0,27,-27
105900058,3,14,-11
105900059,0,58,-58
106000001,1023,844,179
106000002,462,965,-503
106000003,1474,1857,-383
106000004,1556,1429,127
106000005,2697,2098,599
106000006,2142,951,1191
106000007,417,73,344
106000008,128,146,-18
106000009,359,62,297
106000010,150,216,-66
106000011,1021,389,632
106000012,471,317,154
106000013,1512,710,802
106000014,426,512,-86
106000015,1497,389,1108
106000016,503,641,-138
106000017,797,288,509
106000018,267,301,-34
106000019,458,144,314
106000020,92,115,-23
106000021,303,162,141
106000022,195,127,68
106000023,752,203,549
106000024,287,312,-25
106000025,148,158,-10
106000026,68,59,9
106000027,1658,569,1089
106000028,209,69,140
106000029,241,160,81
106000030,65,206,-141
106000034,12,97,-85
106000035,602,900,-298
106000036,23,256,-233
106000037,212,364,-152
106000038,13,53,-40
106000039,40,89,-49
106000040,70,1004,-934
106000041,482,190,292
106000043,196,94,102
106000046,189,30,159
106000047,13,262,-249
106000049,740,23,717
106000050,49,126,-77
106000051,632,242,390
106000052,0,4,-4
106000053,425,33,392
106000054,0,2,-2
106000055,554,252,302
106000056,2,3,-1
106000057,427,105,322
106000058,1,0,1
106000059,364,172,192
106000060,8,59,-51
106000061,126,502,-376
106000062,53,40,13
106000063,527,483,44
106000064,0,0,0
106000065,326,87,239
106000066,34,11,23
106000067,350,25,325
106000068,51,31,20
106000069,312,3,309
106000070,110,31,79
106000071,469,98,371
106000072,863,482,381
106000073,738,3083,-2345
106000074,315,353,-38
106000075,251,365,-114
106000076,494,363,131
106000077,793,361,432
106000078,770,236,534
106000079,583,131,452
106000080,730,221,509
106000081,593,255,338
106000082,685,236,449
106000083,206,461,-255
106000084,386,295,91
106000085,614,408,206
106000086,255,135,120
106000087,388,229,159
106000088,191,130,61
106000089,619,39,580
106000090,303,202,101
106000091,156,254,-98
106000092,400,193,207
106000093,305,51,254
106000094,81,65,16
106000095,866,291,575
106000096,1013,79,934
106000097,946,271,675
106000098,689,99,590
106000099,45,140,-95
106000100,816,110,706
106000101,542,56,486
106000102,31,133,-102
106000103,229,161,68
106000104,890,172,718
106000105,261,148,113
106000106,651,89,562
106000107,41,119,-78
106000108,432,68,364
106000109,52,69,-17
106000110,287,29,258
106000111,91,55,36
106000112,140,473,-333
106000113,163,218,-55
106000114,231,478,-247
106000115,119,205,-86
106000116,213,88,125
106000117,276,143,133
106000118,726,575,151
106000119,412,216,196
106000120,484,604,-120
106000121,128,48,80
106000122,138,99,39
106000123,611,28,583
106000124,113,36,77
106000125,12,112,-100
106000126,365,22,343
106000127,648,189,459
106000128,669,86,583
106000129,350,200,150
106000130,743,110,633
106000131,17,358,-341
106000132,321,102,219
106000133,655,820,-165
106000134,211,1473,-1262
106000135,83,334,-251
106000136,657,1014,-357
106000137,67,378,-311
106000138,1324,31,1293
106000139,84,64,20
106000140,0,6,-6
106000141,12,8,4
106000142,170,77,93
106000143,0,11,-11
106000144,35,70,-35
106000145,77,35,42
106000146,450,32,418
106000147,200,356,-156
106000148,167,404,-237
106000149,604,179,425
106000150,579,1100,-521
106000151,1418,324,1094
106000152,476,754,-278
106000153,73,567,-494
106000154,520,67,453
106000155,113,178,-65
106000156,819,57,762
106000157,288,525,-237
106000158,629,362,267
106000159,814,780,34
106000160,241,1625,-1384
106000161,293,79,214
106000162,370,850,-480
106000163,149,65,84
106000164,384,24,360
106000165,125,154,-29
106000166,590,23,567
106000167,219,200,19
106000168,501,44,457
106000169,73,105,-32
106000170,527,88,439
106000171,71,345,-274
106000172,1083,268,815
106000173,373,677,-304
106000174,844,55,789
106000175,121,178,-57
106000176,1509,233,1276
106000177,486,428,58
106000178,1773,329,1444
106000179,392,284,108
106000180,470,263,207
106000181,960,528,432
106000182,1276,89,1187
106000183,1009,114,895
106000184,578,175,403
106000185,711,616,95
106000186,103,16,87
106000187,27,389,-362
106000188,1,0,1
106000189,13,4,9
106000190,35,0,35
106000191,297,36,261
106000192,0,0,0
106000193,24,82,-58
106000194,18,57,-39
106000195,39,11,28
106000196,14,50,-36
106000197,330,34,296
106000198,109,17,92
106000199,235,731,-496
106000200,113,78,35
106000201,51,3495,-3444
106000202,810,264,546
106000203,7,73,-66
106000204,20,1,19
106000205,4,83,-79
106000206,59,7,52
106000207,4,95,-91
106000208,1045,27,1018
106000209,1418,102,1316
106000210,102,242,-140
106000211,153,413,-260
106000212,1202,143,1059
106000213,129,694,-565
106000214,673,179,494
106000215,327,166,161
106000216,449,99,350
106000217,140,220,-80
106000218,306,62,244
106000219,95,124,-29
106000220,488,103,385
106000221,130,24,106
106000222,57,55,2
106000223,204,52,152
106000224,119,79,40
106000225,26,67,-41
106000226,24,60,-36
106000228,0,4,-4
106000229,93,119,-26
106000231,805,13,792
106000232,24,55,-31
106000233,314,41,273
106000234,3,89,-86
106000235,68,44,24
106000236,47,211,-164
106000237,0,166,-166
106000238,14,0,14
106000239,0,56,-56
106000240,1,8,-7
106000241,1,359,-358
106000242,82,7,75
106000249,107,34,73
106000250,26,289,-263
106000251,44,12,32
106000252,6,1,5
106000253,77,6,71
106000254,28,2,26
106000255,54,27,27
106000256,3,1,2
106000257,7,87,-80
106000258,5,1,4
106000259,7,3,4
106000260,7,0,7
106000261,0,8,-8
106000262,29,0,29
106000263,14,8,6
106000264,49,0,49
106000265,3,27,-24
106000266,82,3,79
106000267,2,37,-35
106000268,104,0,104
106000269,7,2,5
106000270,52,37,15
106000271,13,29,-16
106000272,21,3,18
106000273,1,48,-47
106000274,69,1,68
106000275,88,55,33
106000276,4,1,3
106000277,58,85,-27
106000278,8,2,6
106000279,1,1,0
106000280,52,6,46
106000281,18,21,-3
106000282,58,8,50
106000283,15,6,9
106000284,60,38,22
106000285,11,29,-18
106000286,32,11,21
106000287,17,12,5
106000288,65,12,53
106000289,55,40,15
106000290,68,24,44
106000291,35,28,7
106000292,15,7,8
106000293,78,7,71
106000294,72,8,64
106000295,25,8,17
106000296,5,9,-4
106000297,39,35,4
106000298,19,31,-12
106000299,12,7,5
106000300,19,26,-7
106000301,8,34,-26
106000303,32,29,3
106000304,7,2,5
106000305,29,18,11
106000306,9,6,3
106000307,125,1,124
106000308,0,24,-24
106000309,1,29,-28
106000310,177,160,17
106000311,228,37,191
106000312,63,56,7
106000313,106,76,30
106000318,3,94,-91
106000319,472,143,329
106000320,2,63,-61
106000321,26,203,-177
106000322,100,22,78
106000324,41,150,-109
106000325,1577,254,1323
106000326,267,397,-130
106000327,180,11,169
106000328,17,15,2
106000329,11,48,-37
106000330,11,38,-27
106000428,83,150,-67
106000429,124,288,-164
106000430,364,642,-278
106000431,1673,187,1486
106000432,531,904,-373
106000433,1593,703,890
106000434,2356,655,1701
106000435,1007,692,315
106000436,1,51,-50
106000437,343,59,284
106000438,93,221,-128
106000439,2,275,-273
106000440,182,205,-23
106000441,0,0,0
106000442,81,2,79
106000443,191,91,100
106000450,0,101,-101
106000451,28,37,-9
106000454,0,23,-23
106000455,0,78,-78
106000456,97,12,85
106000457,7,126,-119
106000458,833,436,397
106000459,79,136,-57
106000460,1322,44,1278
106000461,84,218,-134
106000462,0,14,-14
106000463,5,90,-85
106000464,3,759,-756
106000465,631,2,629
106000466,1,207,-206
106000467,129,283,-154
106000468,59,46,13
106000469,551,4,547
106000470,44,658,-614
106000471,0,112,-112
106000472,134,13,121
106000473,1,9,-8
106000474,242,382,-140
106000475,253,140,113
106000476,90,218,-128
106000477,5,13,-8
106000480,0,148,-148
106900001,0,2,-2
106900002,0,84,-84
106900003,80,358,-278
106900004,2,7,-5
106900006,0,6,-6
106900007,0,0,0
106900008,293,6,287
106900009,233,59,174
106900010,193,88,105
106900012,354,1563,-1209
106900013,368,133,235
106900014,68,6,62
106900015,2,0,2
106900016,285,10,275
106900017,0,0,0
106900018,24,0,24
106900019,183,1,182
106900020,576,831,-255
106900021,210,71,139
106900022,1048,4,1044
106900023,16,36,-20
106900024,412,17,395
106900025,4,196,-192
106900026,0,69,-69
106900027,579,2,577
107000001,1588,2261,-673
107000002,559,588,-29
107000003,4622,4422,200
107000004,1398,664,734
107000005,4802,2997,1805
107000006,1262,652,610
107000007,2715,2978,-263
107000008,1493,877,616
107000009,5124,3539,1585
107000010,2003,1537,466
107000011,265,241,24
107000012,948,634,314
107000013,37,3,34
107000014,17,23,-6
107000015,188,84,104
107000016,235,98,137
107000017,392,280,112
107000018,3,201,-198
107000020,329,367,-38
107000021,279,142,137
107000022,376,441,-65
107000023,649,78,571
107000024,472,574,-102
107000025,129,108,21
107000026,282,160,122
107000027,598,181,417
107000028,619,295,324
107000029,2224,1438,786
107000030,886,741,145
107000031,2624,1059,1565
107000032,113,276,-163
107000033,710,1312,-602
107000034,877,317,560
107000035,110,86,24
107000036,166,568,-402
107000037,55,358,-303
107000038,75,51,24
107000039,386,394,-8
107000040,120,48,72
107000041,511,177,334
107000042,133,909,-776
107000043,460,220,240
107000044,67,87,-20
107000045,30,67,-37
107000046,266,102,164
107000047,158,233,-75
107000048,285,99,186
107000049,173,256,-83
107000050,307,178,129
107000051,158,158,0
107000052,418,1004,-586
107000053,199,287,-88
107000054,15,60,-45
107000055,180,146,34
107000056,292,301,-9
107000057,569,97,472
107000058,1572,1112,460
107000059,646,1109,-463
107000060,3926,2844,1082
107000061,1503,891,612
107000062,4238,1344,2894
107000063,1065,1087,-22
107000064,2949,1752,1197
107000065,895,1225,-330
107000066,729,1184,-455
107000067,460,387,73
107000068,312,347,-35
107000069,440,385,55
107000070,737,1,736
107000071,2106,28,2078
107000072,5,456,-451
107000073,596,329,267
107000074,28,150,-122
107000075,1038,96,942
107000076,82,340,-258
107000077,1950,260,1690
107000078,174,321,-147
107000079,1889,346,1543
107000080,105,451,-346
107000081,2656,325,2331
107000082,250,274,-24
107000083,886,360,526
107000084,100,170,-70
107000085,1204,968,236
107000086,933,688,245
107000087,1237,863,374
107000088,772,827,-55
107000089,970,754,216
107000090,370,252,118
107000091,862,445,417
107000092,251,205,46
107000093,939,522,417
107000094,221,260,-39
107000095,919,413,506
107000096,200,248,-48
107000097,1245,176,1069
107000098,148,288,-140
107000099,284,154,130
107000100,60,115,-55
107000101,86,134,-48
107000102,118,148,-30
107000103,237,173,64
107000104,63,174,-111
107000105,384,94,290
107000106,49,93,-44
107000107,532,102,430
107000108,85,167,-82
107000109,489,58,431
107000110,7,245,-238
107000111,302,9,293
107000112,6,229,-223
107000113,724,25,699
107000114,15,305,-290
107000115,512,220,292
107000116,15,174,-159
107000117,85,810,-725
107000118,15,56,-41
107000119,439,1214,-775
107000120,712,382,330
107000121,495,267,228
107000122,333,268,65
107000123,399,151,248
107000124,315,111,204
107000125,792,68,724
107000126,798,129,669
107000129,159,218,-59
107000130,626,431,195
107000131,174,426,-252
107000132,296,123,173
107000133,133,23,110
107000134,124,0,124
107000135,0,179,-179
107000136,201,0,201
107000137,5,105,-100
107000138,14,2,12
107000139,1,142,-141
107000140,643,43,600
107000141,51,176,-125
107000142,259,18,241
107000143,8,197,-189
107000144,245,339,-94
107000145,20,98,-78
107000146,114,158,-44
107000147,1739,268,1471
107000150,39,2244,-2205
107000151,6,20,-14
107000152,180,1807,-1627
107000153,36,93,-57
107000154,0,81,-81
107000155,573,1,572
107000156,766,2,764
107000157,2,222,-220
107000158,698,2,696
107000159,5,138,-133
107000160,1154,47,1107
107000161,10,224,-214
107000162,120,390,-270
107000163,60,0,60
107000164,653,1,652
107000165,1082,4,1078
107000166,8,72,-64
107000167,444,78,366
107000168,558,140,418
107000169,93,133,-40
107000170,2504,298,2206
107000171,106,164,-58
107000172,856,1169,-313
107000173,131,113,18
107000174,695,3549,-2854
107000175,1256,261,995
107000176,0,0,0
107000177,2,0,2
107000178,32,0,32
107000179,197,513,-316
107000180,1540,70,1470
107000181,185,204,-19
107000182,1368,182,1186
107000183,107,260,-153
107000184,980,166,814
107000185,139,288,-149
107000186,559,81,478
107000187,543,551,-8
107000188,352,152,200
107000189,521,172,349
107000190,415,175,240
107000191,600,217,383
107000192,773,127,646
107000193,186,111,75
107000194,212,99,113
107000197,565,51,514
107000198,171,373,-202
107000199,180,136,44
107000200,388,293,95
107000201,103,85,18
107000202,72,189,-117
107000203,143,280,-137
107000204,91,841,-750
107000205,276,60,216
107000206,107,440,-333
107000207,104,235,-131
107000208,81,207,-126
107000209,165,185,-20
107000210,44,85,-41
107000211,1,8,-7
107000212,1,21,-20
107000213,2,21,-19
107000214,1,12,-11
107000215,280,25,255
107000216,240,88,152
107000217,100,12,88
107000219,20,155,-135
107000220,42,37,5
107000222,39,60,-21
107000224,244,29,215
107000225,62,85,-23
107000226,388,26,362
107000227,34,45,-11
107000228,22,107,-85
107000229,15,62,-47
107000230,270,140,130
107000231,206,388,-182
107000232,68,2,66
107000233,91,309,-218
107000234,5,44,-39
107000235,45,5,40
107000236,1,86,-85
107000237,20,0,20
107000238,23,0,23
107000239,621,189,432
107000240,10,64,-54
107000243,0,52,-52
107000244,4,17,-13
107000246,0,183,-183
107000249,0,338,-338
107000251,0,18,-18
107000252,0,43,-43
107000255,47,64,-17
107000257,0,239,-239
107000258,0,147,-147
107000259,1,30,-29
107000260,1222,5,1217
107000262,2,62,-60
107000263,358,0,358
107000266,14,1,13
107000267,1,34,-33
107000268,86,7,79
107000269,8,7,1
107000270,127,44,83
107000271,2,0,2
107000272,102,0,102
107000273,0,36,-36
107000274,116,12,104
107000275,3,149,-146
107000280,1006,2,1004
107000281,16,121,-105
107000282,2,159,-157
107000290,16,6,10
107000291,21,6,15
107000292,0,43,-43
107000293,3,2,1
107000294,0,39,-39
107000295,9,2,7
107000296,0,14,-14
107000444,183,2,181
107000496,4,7,-3
107000497,268,356,-88
107000500,175,44,131
107000501,30,79,-49
107000502,123,87,36
107000505,114,245,-131
107000506,0,0,0
107000508,0,24,-24
107000509,49,282,-233
107000510,5,8,-3
107000514,51,557,-506
107000515,5,32,-27
107000516,391,106,285
107000518,824,1209,-385
107000519,262,120,142
107000520,123,12,111
107000521,632,91,541
107000522,825,369,456
107900001,41,7,34
107900002,7,6,1
107900003,387,2,385
107900004,5,0,5
107900005,1712,8,1704
107900006,16,1,15
107900007,232,6,226
107900008,39,6,33
107900009,45,12,33
107900010,15,0,15
107900012,229,29,200
107900013,108,5,103
107900014,68,0,68
107900015,1264,29,1235
107900016,87,16,71
107900017,21,0,21
107900018,44,340,-296
107900019,2,4,-2
107900020,4,23,-19
107900021,119,1,118
107900023,1,0,1
107900024,0,0,0
107900025,76,31,45
107900026,19,5,14
107900027,0,165,-165
107900028,88,3,85
107900030,192,1,191
107900031,73,22,51
107900032,30,0,30
107900033,27,13,14
107900034,103,1,102
107900035,1080,26,1054
107900036,28,43,-15
107900037,0,1,-1
107900038,5,142,-137
107900039,21,8,13
107900040,12,116,-104
107900041,2,0,2
107900043,48,15,33
107900044,2,13,-11
107900045,29,28,1
107900046,306,93,213
107900047,46,2,44
107900048,173,14,159
107900049,44,459,-415
107900050,11,56,-45
107900051,36,8,28
107900052,2,49,-47
107900053,29,16,13
107900055,116,50,66
107900056,27,78,-51
107900057,0,0,0
107900058,9,98,-89
107900060,0,9,-9
107900061,0,15,-15
107900063,86,23,63
107900064,78,278,-200
107900065,376,3,373
107900066,6,4,2
107900067,0,0,0
107900068,22,310,-288
107900069,1,1677,-1676
107900070,119,83,36
107900071,1,190,-189
107900072,106,13,93
107900073,24,1,23
107900074,53,144,-91
107900076,95,17,78
107900077,96,1,95
107900079,15,3,12
107900080,6,104,-98
107900081,3,26,-23
107900082,0,1,-1
107900083,233,58,175
107900084,72,63,9
107900086,12,91,-79
107900087,62,20,42
107900088,12,13,-1
107900089,40,136,-96
107900090,37,805,-768
107900091,46,51,-5
107900092,1,0,1
107900093,8,3,5
107900095,276,537,-261
107900097,28,10,18
107900098,89,88,1
107900100,117,743,-626
107900101,74,17,57
107900102,15,0,15
107900103,21,28,-7
107900104,235,6,229
107900105,0,25,-25
107900106,0,72,-72
107900107,171,123,48
107900108,38,2,36
107900109,1054,9,1045
107900110,68,16,52
107900111,1,114,-113
107900112,17,155,-138
107900113,120,5,115
107900114,345,28,317
107900115,0,13,-13
107900116,177,26,151
107900117,103,75,28
107900118,1,30,-29
107900119,38,72,-34
107900120,8,0,8
107900121,0,14,-14
107900122,0,5,-5
107900123,4,46,-42
107900124,3,27,-24
107900125,1,29,-28
107900126,3,1,2
107900127,267,72,195
107900128,39,5,34
107900129,56,29,27
107900130,109,0,109
107900131,4,18,-14
107900132,0,65,-65
107900133,0,24,-24
107900134,1,23,-22
107900135,1,13,-12
107900136,1,11,-10
107900137,4,6,-2
107900138,44,11,33
107900139,81,4,77
107900141,6,2,4
107900142,4,107,-103
107900143,2,19,-17
107900144,1,11,-10
107900145,0,4,-4
107900146,16,21,-5
107900147,24,4,20
107900148,111,28,83
107900149,144,19,125
107900150,1,83,-82
107900151,45,11,34
107900152,0,20,-20
107900153,29,81,-52
107900154,20,2,18
107900155,46,0,46
107900156,0,30,-30
107900157,6,8,-2
107900158,639,40,599
107900159,1,80,-79
107900160,109,47,62
107900161,23,38,-15
107900162,0,14,-14
107900163,2,19,-17
107900164,5,1,4
107900165,4,97,-93
107900166,27,23,4
107900167,3,19,-16
107900168,24,2,22
107900169,0,18,-18
107900171,1,92,-91
107900172,5,52,-47
107900173,89,6,83
107900174,99,3,96
107900175,0,8,-8
107900176,27,0,27
107900177,0,73,-73
107900178,0,8,-8
107900179,3,8,-5
107900180,74,678,-604
107900181,65,94,-29
107900182,0,73,-73
107900183,28,28,0
107900184,30,6,24
107900185,13,6,7
107900186,2,10,-8
107900187,0,24,-24
107900188,109,11,98
107900189,8,11,-3
107900190,1,39,-38
107900191,26,21,5
107900193,1,38,-37
107900194,71,6,65
107900195,155,63,92
107900196,21,2,19
107900197,42,99,-57
107900199,0,99,-99
107900201,26,31,-5
107900203,21,10,11
107900204,51,64,-13
107900206,20,270,-250
107900207,0,40,-40
107900208,0,63,-63
107900209,40,17,23
107900210,27,9,18
107900213,66,74,-8
107900214,1,6,-5
107900215,37,88,-51
107900216,0,8,-8
107900217,43,4,39
107900218,0,90,-90
107900219,14,4,10
107900220,5,26,-21
107900221,13,21,-8
107900223,35,20,15
107900224,15,142,-127
107900225,0,50,-50
107900226,1,49,-48
107900227,16,54,-38
107900228,28,52,-24
107900229,2,33,-31
107900230,27,4,23
107900231,12,17,-5
107900232,122,14,108
107900233,2,18,-16
107900234,132,22,110
107900235,1,41,-40
107900236,226,14,212
107900237,22,140,-118
107900238,2,14,-12
107900239,48,214,-166
107900240,14,18,-4
107900241,0,28,-28
107900242,4,17,-13
107900243,0,1,-1
107900244,312,8,304
107900245,558,15,543
107900246,94,25,69
107900248,172,9,163
107900249,514,33,481
107900250,0,69,-69
107900251,0,77,-77
107900252,299,48,251
107900253,85,6,79
107900254,1,50,-49
107900255,15,7,8
107900256,51,228,-177
107900257,152,57,95
107900258,60,15,45
107900259,9,1561,-1552
107900261,1,36,-35
107900262,9,35,-26
107900264,215,4,211
107900265,27,33,-6
107900267,262,0,262
107900268,0,0,0
107900269,0,1,-1
107900270,0,2,-2
107900271,0,16,-16
107900272,6,27,-21
107900273,10,20,-10
107900274,95,0,95
107900275,2,4,-2
107900276,1,24,-23
107900277,0,9,-9
107900278,252,80,172
107900279,10,43,-33
107900280,574,182,392
107900281,291,3620,-3329
107900282,31,621,-590
107900283,292,260,32
107900284,426,168,258
107900285,67,19,48
107900286,4,2,2
107900287,250,20,230
107900290,0,279,-279
107900291,250,4,246
107900292,51,43,8
107900293,19,188,-169
107900295,27,8,19
107900297,5,109,-104
107900298,190,408,-218
107900299,963,1633,-670
107900300,25,64,-39
107900301,167,225,-58
107900302,56,4,52
107900303,315,134,181
107900304,218,42,176
107900305,132,0,132
107900306,0,6,-6
107900307,3,63,-60
107900308,125,7,118
107900309,5,0,5
107900310,3,0,3
107900311,184,212,-28
107900312,30,0,30
107900313,0,34,-34
107900314,2,58,-56
107900315,0,18,-18
107900316,27,0,27
107900317,52,1,51
107900318,1,85,-84
107900319,0,22,-22
107900320,3,12,-9
107900321,94,0,94
107900322,1,13,-12
107900323,33,38,-5
107900324,34,0,34
107900325,164,0,164
107900326,242,43,199
107900327,0,61,-61
107900328,0,0,0
107900329,2,29,-27
107900330,3,23,-20
107900331,350,4,346
107900332,319,2,317
107900333,88,0,88
107900334,7,13,-6
107900335,27,2,25
107900336,49,8,41
107900337,207,597,-390
107900338,1,105,-104
107900339,0,5,-5
107900340,0,94,-94
107900341,17,0,17
107900342,126,33,93
107900343,34,0,34
107900344,1,34,-33
107900345,4,5,-1
107900346,0,0,0
107900347,7,1,6
107900348,1,0,1
107900349,20,1,19
107900350,1,96,-95
107900351,7,12,-5
107900352,0,2,-2
107900353,9,2,7
107900354,2,178,-176
108000001,2602,1531,1071
108000002,447,772,-325
108000003,1614,857,757
108000004,3928,3773,155
108000005,5085,2207,2878
108000006,1081,1327,-246
108000007,3305,1667,1638
108000008,1147,1229,-82
108000009,3518,1765,1753
108000010,873,1173,-300
108000011,7994,4575,3419
108000012,3030,3096,-66
108000014,236,620,-384
108000015,444,129,315
108000016,70,246,-176
108000017,814,165,649
108000018,944,270,674
108000019,260,170,90
108000020,423,112,311
108000021,91,323,-232
108000022,140,281,-141
108000023,729,78,651
108000024,177,94,83
108000025,283,36,247
108000026,504,76,428
108000027,575,67,508
108000028,649,64,585
108000029,322,90,232
108000030,271,72,199
108000031,108,108,0
108000032,1614,214,1400
108000033,215,191,24
108000034,1438,180,1258
108000035,186,387,-201
108000036,72,334,-262
108000037,1472,97,1375
108000038,2293,125,2168
108000039,128,386,-258
108000040,1366,310,1056
108000041,135,508,-373
108000042,353,28,325
108000043,20,48,-28
108000044,636,23,613
108000045,26,95,-69
108000046,1129,64,1065
108000047,113,184,-71
108000048,59,34,25
108000049,655,74,581
108000050,9,103,-94
108000051,299,131,168
108000052,31,127,-96
108000053,235,77,158
108000054,85,307,-222
108000055,541,230,311
108000056,154,410,-256
108000057,469,778,-309
108000058,783,2089,-1306
108000059,872,548,324
108000060,134,245,-111
108000061,76,120,-44
108000062,599,196,403
108000063,282,126,156
108000064,201,113,88
108000065,257,175,82
108000066,619,156,463
108000067,1269,291,978
108000068,680,124,556
108000069,78,243,-165
108000070,1706,192,1514
108000071,240,324,-84
108000072,831,230,601
108000073,285,380,-95
108000074,533,177,356
108000075,148,131,17
108000076,625,108,517
108000077,184,158,26
108000078,1902,284,1618
108000079,108,240,-132
108000080,1272,169,1103
108000081,157,290,-133
108000082,178,233,-55
108000083,1138,341,797
108000084,97,147,-50
108000085,809,238,571
108000086,55,75,-20
108000087,112,1220,-1108
108000088,464,66,398
108000089,61,146,-85
108000090,237,16,221
108000091,37,212,-175
108000092,305,14,291
108000093,150,170,-20
108000094,878,15,863
108000095,92,107,-15
108000096,415,72,343
108000097,45,88,-43
108000098,1391,433,958
108000099,450,73,377
108000100,114,156,-42
108000101,898,444,454
108000102,879,1825,-946
108000106,352,0,352
108000107,1,302,-301
108000108,554,67,487
108000109,1,173,-172
108000110,354,75,279
108000111,184,178,6
108000112,3,69,-66
108000113,135,124,11
108000115,115,84,31
108000117,188,149,39
108000118,50,505,-455
108000119,228,73,155
108000120,69,532,-463
108000121,235,144,91
108000122,532,214,318
108000123,391,69,322
108000124,203,40,163
108000125,359,75,284
108000126,99,40,59
108000127,464,81,383
108000128,589,25,564
108000129,115,62,53
108000130,323,64,259
108000131,524,85,439
108000132,77,170,-93
108000133,1082,60,1022
108000134,106,64,42
108000135,1035,277,758
108000136,40,75,-35
108000137,395,65,330
108000138,157,145,12
108000139,456,113,343
108000140,465,7,458
108000141,5,7,-2
108000142,22,13,9
108000143,30,51,-21
108000144,288,11,277
108000145,48,2,46
108000146,434,19,415
108000147,31,3,28
108000148,356,12,344
108000149,18,9,9
108000150,49,4,45
108000151,2,16,-14
108000152,22,56,-34
108000153,587,46,541
108000154,15,0,15
108000155,73,24,49
108000156,239,76,163
108000157,29,1117,-1088
108000158,16,389,-373
108000159,76,83,-7
108000160,790,786,4
108000161,580,2034,-1454
108000165,0,156,-156
108000172,6,128,-122
108000173,256,1131,-875
108000175,652,38,614
108000178,141,76,65
108000179,34,485,-451
108000181,109,0,109
108000182,58,4,54
108000183,0,24,-24
108000184,164,1705,-1541
108000185,165,86,79
108000186,421,13,408
108000187,31,97,-66
108000188,814,37,777
108000189,278,4600,-4322
108000190,3,17,-14
108000192,110,64,46
108000193,123,1,122
108000194,19,1,18
108000195,1,195,-194
108000196,58,27,31
108000198,247,45,202
108000199,0,40,-40
108000200,778,41,737
108000203,45,94,-49
108000204,179,55,124
108000205,77,55,22
108000339,267,178,89
108000364,50,108,-58
108000365,5,130,-125
108000367,92,119,-27
108000368,4,16,-12
108000369,126,111,15
108000371,1,300,-299
108000372,440,1,439
108000373,135,117,18
108000376,56,23,33
108000377,508,72,436
108000378,5410,6898,-1488
108000379,3,37,-34
108000381,180,4,176
108000382,32,1,31
108000383,0,115,-115
108900001,11,121,-110
108900002,79,11,68
108900003,40,257,-217
108900004,398,297,101
108900005,7,38,-31
108900006,178,22,156
108900007,207,42,165
108900008,173,23,150
108900009,57,99,-42
108900010,372,30,342
108900011,776,59,717
108900012,423,97,326
108900013,98,92,6
108900014,0,25,-25
108900015,0,130,-130
108900016,3,83,-80
108900017,5,88,-83
108900018,119,133,-14
108900019,6,88,-82
108900020,12,45,-33
108900021,27,67,-40
108900022,77,1,76
108900023,8,25,-17
108900024,16,33,-17
108900025,205,9,196
108900026,4,34,-30
108900027,0,10,-10
108900028,61,68,-7
108900029,25,37,-12
108900030,0,11,-11
108900031,63,38,25
108900032,0,31,-31
108900033,0,29,-29
108900034,6,32,-26
108900035,39,262,-223
108900036,28,53,-25
108900037,3,30,-27
108900038,0,53,-53
108900039,0,36,-36
108900040,1,28,-27
108900041,1536,1101,435
108900042,2,128,-126
108900043,19,296,-277
108900044,0,76,-76
108900045,84,64,20
108900046,1,104,-103
108900047,0,29,-29
108900048,6,121,-115
108900049,354,980,-626
108900050,1,84,-83
108900051,0,22,-22
108900052,1,16,-15
108900053,12,166,-154
108900054,33,24,9
108900055,7,57,-50
108900056,0,18,-18
108900057,0,68,-68
108900058,5,63,-58
108900059,439,56,383
108900060,6,34,-28
108900061,2,5,-3
108900062,0,58,-58
108900063,30,53,-23
108900064,204,13,191
108900065,11,64,-53
108900066,272,24,248
108900067,1,73,-72
108900068,24,67,-43
108900069,77,17,60
108900070,6,27,-21
108900071,157,13,144
108900072,642,101,541
108900073,2,27,-25
108900074,265,34,231
108900075,0,9,-9
108900076,346,10,336
108900077,46,56,-10
108900078,56,14,42
108900079,79,25,54
108900080,10,454,-444
108900081,11,57,-46
108900082,25,34,-9
108900083,1,127,-126
108900084,42,30,12
108900085,229,23,206
108900086,84,25,59
108900087,36,30,6
108900088,187,30,157
108900089,0,18,-18
108900090,49,31,18
108900091,46,13,33
108900092,129,76,53
108900093,45,15,30
108900094,74,35,39
108900095,5,32,-27
108900096,60,0,60
108900097,17,80,-63
108900098,413,468,-55
108900099,78,39,39
108900100,31,22,9
108900101,90,88,2
108900102,2,781,-779
108900103,232,79,153
108900104,15,19,-4
108900105,0,1424,-1424
108900106,160,49,111
108900108,120,15,105
108900109,569,52,517
108900110,69,42,27
108900111,108,95,13
108900112,60,8,52
108900113,52,10,42
108900114,50,4,46
108900115,203,54,149
108900116,43,3,40
108900117,124,4,120
108900118,391,23,368
108900119,328,10,318
108900120,332,103,229
108900121,102,20,82
108900122,120,1,119
108900123,300,21,279
108900124,487,20,467
108900125,556,4,552
108900126,59,40,19
108900127,261,54,207
108900128,197,4,193
108900129,795,56,739
108900130,220,0,220
108900131,511,0,511
108900132,265,29,236
108900133,195,9,186
108900134,475,19,456
108900135,262,0,262
108900136,3,2,1
108900137,179,1,178
108900138,386,1,385
108900139,208,6,202
108900140,390,33,357
108900141,305,4,301
108900142,53,0,53
108900143,87,0,87
108900144,51,0,51
108900145,145,3,142
108900146,83,0,83
108900147,236,0,236
108900148,21,1,20
108900149,83,11,72
108900150,137,15,122
108900151,13,0,13
108900152,26,2,24
108900153,101,71,30
108900154,2982,115,2867
108900155,32,7,25
108900156,60,2,58
108900157,6,49,-43
108900158,384,5,379
108900159,5,58,-53
108900160,1,75,-74
108900161,7,74,-67
108900162,155,31,124
108900163,2,419,-417
108900164,63,3,60
108900165,8,1,7
108900167,92,3058,-2966
108900168,1428,1031,397
108900169,24,35,-11
108900171,770,2245,-1475
108900172,122,16,106
108900173,37,69,-32
108900174,850,89,761
108900176,18,57,-39
108900177,1027,4488,-3461
108900178,837,2582,-1745
108900179,16,336,-320
108900180,62,119,-57
108900182,7,66,-59
108900183,45,41,4
108900184,213,53,160
108900185,20,82,-62
108900186,5,87,-82
108900187,190,3,187
108900188,276,6,270
108900189,136,9,127
108900190,12,257,-245
108900191,12,46,-34
108900192,8,74,-66
108900193,2,14,-12
108900194,0,17,-17
108900195,91,18,73
108900196,3,61,-58
108900198,0,34,-34
108900199,43,84,-41
108900200,433,174,259
108900201,87,263,-176
108900203,278,51,227
108900204,254,1,253
108900205,149,9,140
108900206,245,44,201
108900207,106,125,-19
108900208,3,52,-49
108900209,51,96,-45
108900210,82,21,61
108900211,17,208,-191
108900212,58,610,-552
108900215,26,106,-80
108900216,71,110,-39
108900217,34,0,34
108900218,7,1,6
108900219,5,0,5
108900220,2,4,-2
108900221,12,30,-18
108900222,77,5,72
108900223,1,20,-19
108900224,85,39,46
108900225,0,112,-112
108900227,97,91,6
108900230,43,57,-14
108900231,5,21,-16
108900232,3,94,-91
108900233,261,56,205
108900234,96,54,42
108900235,64,107,-43
108900236,1,109,-108
108900237,7,23,-16
108900240,62,27,35
108900241,53,39,14
108900245,2,867,-865
108900249,16,1,15
108900250,140,21,119
108900257,62,5,57
108900258,0,20,-20
108900259,0,14,-14
108900260,2,2,0
108900261,1,8,-7
108900262,52,2,50
108900263,16,20,-4
108900264,14,26,-12
108900265,68,201,-133
108900266,84,462,-378
108900267,2,100,-98
108900268,1,7,-6
108900269,15,6,9
108900270,49,3,46
108900271,25,3,22
108900272,143,2,141
108900273,86,172,-86
108900274,4,4,0
109000001,2030,2410,-380
109000002,357,906,-549
109000003,2046,240,1806
109000004,232,722,-490
109000005,1530,238,1292
109000006,262,375,-113
109000007,1544,194,1350
109000008,251,384,-133
109000009,2531,382,2149
109000010,245,687,-442
109000011,3525,937,2588
109000012,578,785,-207
109000013,3716,2750,966
109000014,558,514,44
109000015,2379,7125,-4746
109000016,989,545,444
109000017,2613,428,2185
109000018,391,690,-299
109000019,1947,491,1456
109000020,497,454,43
109000023,144,4,140
109000024,8,119,-111
109000025,122,313,-191
109000026,191,45,146
109000027,44,258,-214
109000028,31,28,3
109000029,41,167,-126
109000030,2,81,-79
109000031,330,46,284
109000032,7,74,-67
109000033,417,54,363
109000034,8,15,-7
109000035,0,13,-13
109000036,9,257,-248
109000037,270,2154,-1884
109000038,142,164,-22
109000039,592,456,136
109000040,1189,10197,-9008
109000041,510,1678,-1168
109000042,268,1150,-882
109000044,298,12,286
109000045,51,13,38
109000046,515,6,509
109000047,28,22,6
109000048,223,78,145
109000049,38,25,13
109000050,232,64,168
109000051,34,13,21
109000052,285,351,-66
109000053,203,15,188
109000054,34,161,-127
109000055,88,55,33
109000056,68,56,12
109000057,524,257,267
109000058,95,59,36
109000059,30,519,-489
109000060,69,360,-291
109000061,135,824,-689
109000062,52,252,-200
109000063,127,11,116
109000064,451,18,433
109000065,127,22,105
109000066,273,51,222
109000067,20,45,-25
109000068,194,13,181
109000069,258,3,255
109000070,1,230,-229
109000071,150,35,115
109000072,30,94,-64
109000073,38,53,-15
109000074,3,71,-68
109000075,25,47,-22
109000076,41,147,-106
109000077,85,124,-39
109000078,35,84,-49
109000079,55,157,-102
109000080,180,37,143
109000081,150,124,26
109000082,668,75,593
109000083,156,169,-13
109000088,98,72,26
109000089,346,46,300
109000090,45,115,-70
109000091,447,26,421
109000092,47,67,-20
109000093,356,95,261
109000094,749,1,748
109000095,85,98,-13
109000096,780,38,742
109000097,7,51,-44
109000098,16,126,-110
109000099,594,85,509
109000100,155,188,-33
109000101,1186,172,1014
109000102,237,162,75
109000103,389,121,268
109000104,1720,142,1578
109000105,205,271,-66
109000106,1225,151,1074
109000107,281,298,-17
109000108,1850,162,1688
109000109,204,222,-18
109000110,750,252,498
109000111,354,265,89
109000112,27,45,-18
109000113,119,47,72
109000114,85,71,14
109000115,254,29,225
109000116,2,124,-122
109000117,117,4,113
109000118,2,127,-125
109000119,1417,11,1406
109000120,88,135,-47
109000121,644,8,636
109000122,100,122,-22
109000123,6,45,-39
109000124,480,63,417
109000125,679,95,584
109000126,192,140,52
109000127,941,33,908
109000128,146,257,-111
109000129,2613,89,2524
109000130,132,233,-101
109000131,449,464,-15
109000132,182,476,-294
109000133,40,234,-194
109000134,189,282,-93
109000135,151,227,-76
109000136,93,162,-69
109000137,177,115,62
109000138,171,76,95
109000139,356,76,280
109000140,102,78,24
109000141,202,180,22
109000142,36,156,-120
109000143,32,19,13
109000145,44,86,-42
109000146,19,11,8
109000148,435,541,-106
109000149,8,44,-36
109000150,26,57,-31
109000155,429,431,-2
109000156,436,82,354
109000158,33,107,-74
109000159,21,89,-68
109000160,948,62,886
109000161,344,207,137
109000162,1292,119,1173
109000163,853,270,583
109000164,731,674,57
109000165,950,226,724
109000166,570,58,512
109000167,77,92,-15
109000170,6,7,-1
109000171,58,3,55
109000172,1,13,-12
109000173,7,103,-96
109000174,134,2,132
109000175,32,13,19
109000176,213,53,160
109000177,4,15,-11
109000178,760,64,696
109000179,1266,3575,-2309
109000180,1217,1368,-151
109000181,17,1,16
109000182,43,1,42
109000183,57,4,53
109000184,26,3,23
109000185,0,5,-5
109000188,161,285,-124
109000189,1836,135,1701
109000190,483,209,274
109000191,158,141,17
109000192,458,31,427
109000193,302,39,263
109000194,139,15,124
109000195,142,27,115
109000196,126,9,117
109000197,97,69,28
109000198,212,22,190
109000199,27,46,-19
109000206,105,6,99
109000207,163,8,155
109000208,66,45,21
109000209,134,24,110
109000210,6,107,-101
109000211,953,143,810
109000214,110,116,-6
109000215,65,50,15
109000216,280,341,-61
109000217,13,46,-33
109000218,133,85,48
109000221,41,173,-132
109000222,386,23,363
109000223,333,222,111
109000224,82,47,35
109000225,152,11,141
109000226,30,29,1
109000227,1371,131,1240
109000228,0,79,-79
109000231,2,44,-42
109000232,489,79,410
109000236,99,192,-93
109000241,683,291,392
109000242,705,130,575
109000293,53,38,15
109000361,49,59,-10
109000364,11,101,-90
109000396,10,96,-86
109000397,510,0,510
109000399,48,106,-58
109000400,85,87,-2
109000403,7,591,-584
109000406,371,3,368
109000407,66,40,26
109000408,0,1,-1
109000410,320,83,237
109000411,132,44,88
109900001,41,0,41
109900002,446,1,445
109900003,547,1,546
109900004,85,24,61
109900005,2,0,2
109900006,244,44,200
109900007,853,86,767
109900008,0,3,-3
109900009,19,106,-87
109900010,358,1,357
109900011,45,43,2
109900012,294,65,229
109900013,212,52,160
109900014,148,25,123
109900015,88,13,75
109900016,85,6,79
109900017,201,49,152
109900018,82,1,81
109900019,61,5,56
109900020,32,6,26
109900021,41,3,38
109900022,52,39,13
109900023,42,1,41
109900024,1,0,1
109900025,0,11,-11
109900026,0,64,-64
109900027,26,17,9
109900028,219,1468,-1249
109900029,0,61,-61
109900030,3,4,-1
109900031,0,182,-182
109900032,2,46,-44
109900033,0,149,-149
109900034,29,22,7
109900035,27,21,6
109900036,1,3,-2
109900037,12,80,-68
109900038,57,40,17
109900039,0,0,0
109900040,25,102,-77
109900041,22,30,-8
109900042,4,65,-61
109900044,23,22,1
109900045,65,8,57
109900046,75,18,57
109900047,48,70,-22
109900048,0,30,-30
109900049,12,21,-9
109900050,0,7,-7
109900051,1,6,-5
109900052,5,46,-41
109900053,0,38,-38
109900054,913,23,890
109900055,108,69,39
109900056,1,77,-76
109900057,1,29,-28
109900058,0,6,-6
109900059,1217,31,1186
109900060,702,34,668
109900061,29,26,3
109900062,0,22,-22
109900063,17,176,-159
109900064,336,25,311
109900065,34,15,19
109900066,22,105,-83
109900067,0,71,-71
109900068,64,8,56
109900069,0,1,-1
109900070,19,37,-18
109900071,0,1,-1
109900072,1,15,-14
109900073,404,64,340
109900074,2,5,-3
109900075,7,7,0
109900076,0,22,-22
109900077,2,13,-11
109900078,26,43,-17
109900080,65,29,36
109900081,0,72,-72
109900082,18,33,-15
109900083,1,11,-10
109900084,4,63,-59
109900085,20,127,-107
109900086,17,442,-425
109900087,36,76,-40
109900089,389,18,371
109900090,226,175,51
109900091,453,11,442
109900092,82,15,67
109900093,781,47,734
109900094,7,4,3
109900095,12,65,-53
109900096,32,0,32
109900097,74,0,74
109900098,484,3,481
109900099,326,2,324
109900100,39,0,39
109900101,977,2,975
109900102,179,12,167
109900103,15,43,-28
109900104,792,101,691
109900105,520,17,503
109900106,266,18,248
109900107,377,19,358
109900108,52,37,15
109900109,8,4,4
109900110,15,61,-46
109900111,24,76,-52
109900112,65,85,-20
109900113,547,149,398
109900114,99,674,-575
109900115,78,22,56
109900117,1081,32,1049
109900118,76,73,3
109900119,27,56,-29
109900120,36,19,17
109900121,85,52,33
109900122,625,3,622
109900123,1,17,-16
109900124,9,40,-31
109900125,0,65,-65
109900126,399,3,396
109900128,244,1,243
109900130,1106,2069,-963
109900131,3,39,-36
109900132,1,22,-21
109900133,67,70,-3
109900134,22,4,18
109900135,20,21,-1
109900136,0,13,-13
109900137,87,41,46
109900140,62,23,39
109900142,1401,39,1362
109900145,2,405,-403
109900146,39,26,13
109900148,0,16,-16
109900149,2,4,-2
109900150,0,8,-8
109900151,6,10,-4
109900152,0,5,-5
109900153,0,3,-3
109900154,3,0,3
109900155,7,15,-8
109900157,24,44,-20
109900158,38,10,28
109900159,41,1,40
109900160,68,16,52
109900161,231,21,210
109900162,156,22,134
109900163,139,60,79
109900164,41,142,-101
109900165,65,2,63
109900166,0,21,-21
109900167,62,141,-79
109900168,50,123,-73
109900169,121,24,97
109900170,48,664,-616
109900171,194,70,124
109900172,99,123,-24
109900173,499,1142,-643
109900174,0,35,-35
109900175,11,15,-4
109900176,13,22,-9
109900177,4,15,-11
109900178,0,21,-21
109900179,0,31,-31
109900180,1,1,0
110000001,161,170,-9
110000002,363,355,8
110000003,203,372,-169
110000004,344,237,107
110000005,186,1425,-1239
110000006,76,147,-71
110000007,76,42,34
110000008,14,133,-119
110000009,1,9,-8
110000010,8,56,-48
110000011,15,7,8
110000012,144,106,38
110000013,9,321,-312
110000014,330,269,61
110000015,81,306,-225
110000016,190,858,-668
110000017,1268,182,1086
110000018,788,171,617
110000019,11,21,-10
110000020,131,89,42
110000021,78,68,10
110000022,454,24,430
110000023,0,23,-23
110000024,143,131,12
110000025,650,1,649
110000026,0,106,-106
110000027,214,226,-12
110000028,636,132,504
110000029,157,291,-134
110000030,162,201,-39
110000031,89,136,-47
110000032,559,91,468
110000033,19,70,-51
110000034,652,199,453
110000035,228,370,-142
110000036,968,164,804
110000037,44,149,-105
110000038,127,444,-317
110000039,426,3169,-2743
110000040,241,117,124
110000041,224,2106,-1882
110000042,22,69,-47
110000043,399,187,212
110000044,35,62,-27
110000045,35,40,-5
110000046,2,42,-40
110000047,13,12,1
110000048,0,125,-125
110000049,9,10,-1
110000050,0,115,-115
110000051,4,5,-1
110000052,14,21,-7
110000053,5,1,4
110000054,43,129,-86
110000055,58,22,36
110000056,47,20,27
110000057,100,407,-307
110000058,215,150,65
110000059,193,200,-7
110000060,635,299,336
110000061,210,250,-40
110000062,452,200,252
110000063,29,97,-68
110000064,29,21,8
110000065,108,72,36
110000066,51,4,47
110000067,23,14,9
110000068,81,62,19
110000069,519,1,518
110000071,336,4,332
110000073,2,2,0
110000075,40,3,37
110000076,271,300,-29
110000077,93,501,-408
110000078,70,24,46
110000080,39,89,-50
110000081,9,57,-48
110000082,4,137,-133
110000083,64,141,-77
110000084,718,530,188
110000085,560,300,260
110000086,355,1084,-729
110000087,3,1,2
110000088,169,107,62
110000089,162,58,104
110000090,87,72,15
110000091,165,72,93
110000092,2,55,-53
110000093,13,12,1
110000094,94,42,52
110000095,100,543,-443
110000096,556,1549,-993
110000097,360,933,-573
110000098,680,141,539
110000099,517,793,-276
110000100,1486,37,1449
110000101,162,66,96
110000102,46,43,3
110000104,218,109,109
110000105,83,118,-35
110000106,143,310,-167
110000107,79,123,-44
110000108,63,83,-20
110000109,37,61,-24
110000110,653,1461,-808
110000111,1050,1550,-500
110000112,101,254,-153
110000113,29,1510,-1481
110000114,214,388,-174
110000115,380,70,310
110000116,34,18,16
110000117,304,55,249
110000118,567,47,520
110000119,562,80,482
110000120,140,19,121
110000121,56,294,-238
110000122,80,210,-130
110000123,270,189,81
110000124,0,253,-253
110000125,203,1,202
110000126,68,3,65
110000127,405,0,405
110000128,3,262,-259
110000129,1,77,-76
110000130,184,52,132
110000131,39,60,-21
110000132,2,121,-119
110000133,9,122,-113
110000134,24,141,-117
110000135,117,11,106
110000136,11,76,-65
110000137,396,91,305
110000138,553,157,396
110000139,717,137,580
110000140,379,239,140
110000143,172,194,-22
110000144,607,634,-27
110000145,517,348,169
110000146,397,166,231
110000147,138,397,-259
110000148,444,49,395
110000151,190,308,-118
110000152,138,185,-47
110000153,215,12,203
110000154,2,37,-35
110000155,229,607,-378
110000156,280,376,-96
110000157,225,954,-729
110000160,121,49,72
110000161,68,112,-44
110000166,655,20,635
110000167,1202,326,876
110000168,326,471,-145
110000169,336,199,137
110000170,91,32,59
110000171,245,69,176
110000172,175,160,15
110000173,196,151,45
110000174,44,118,-74
110000175,1151,64,1087
110000176,26,522,-496
110000177,51,846,-795
110000178,162,1903,-1741
110000179,480,89,391
110000180,128,107,21
110000181,612,210,402
110000182,44,55,-11
110000183,2643,4043,-1400
110000184,167,1679,-1512
110000185,119,337,-218
110000186,222,505,-283
110000191,1316,333,983
110000192,527,8,519
110000193,1041,5,1036
110000194,20,123,-103
110000195,254,10,244
110000196,388,44,344
110000197,39,10,29
110000198,10,6,4
110000199,18,33,-15
110000200,193,95,98
110000201,490,566,-76
110000202,596,227,369
110000203,71,119,-48
110000204,3,68,-65
110000205,310,2,308
110000206,144,201,-57
110000207,1140,41,1099
110000208,53,192,-139
110000209,56,130,-74
110000210,1236,132,1104
110000211,633,235,398
110000212,188,864,-676
110000213,122,7,115
110000214,241,3,238
110000215,9,55,-46
110000216,31,34,-3
110000217,273,25,248
110000218,104,35,69
110000219,241,4,237
110000220,3,39,-36
110000221,401,2,399
110000222,32,64,-32
110000223,6,30,-24
110000224,0,2,-2
110000225,104,235,-131
110000226,170,29,141
110000227,88,179,-91
110000228,169,28,141
110000229,0,62,-62
110000230,327,273,54
110000231,165,190,-25
110000232,51,66,-15
110000233,52,99,-47
110000234,287,117,170
110000235,516,290,226
110000236,169,86,83
110000237,1204,396,808
110000238,555,239,316
110000239,921,259,662
110000240,0,7,-7
110000242,0,2,-2
110000243,92,45,47
110000244,14,57,-43
110000245,3,155,-152
110000246,603,117,486
110000247,467,419,48
110000248,641,160,481
110000249,49,0,49
110000250,7,40,-33
110000251,174,49,125
110000252,307,45,262
110000253,1205,43,1162
110000254,527,116,411
110000255,87,125,-38
110000256,277,41,236
110000257,69,29,40
110000258,0,32,-32
110000259,103,7,96
110000260,75,31,44
110000263,426,17,409
110000264,397,54,343
110000265,700,597,103
110000266,534,652,-118
110000267,26,23,3
110000268,203,16,187
110000269,0,19,-19
110000270,42,0,42
110000271,485,46,439
110000272,373,391,-18
110000273,253,328,-75
110000274,79,1402,-1323
110000275,331,267,64
110000276,76,340,-264
110000277,250,49,201
110000278,105,170,-65
110000279,534,125,409
110000280,410,103,307
110000281,64,11,53
110000282,62,6,56
110000283,2,21,-19
110000284,0,19,-19
110000285,0,72,-72
110000286,4,0,4
110000287,65,0,65
110000288,0,13,-13
110000289,183,1585,-1402
110000290,207,413,-206
110000291,716,369,347
110000292,228,4331,-4103
110000293,300,155,145
110000294,1195,1083,112
110000295,39,176,-137
110000296,414,87,327
110000297,1706,45,1661
110000298,10,158,-148
110000299,113,5,108
110000301,269,8,261
110000302,366,219,147
110000303,484,2,482
110000304,148,44,104
110000305,1212,7,1205
110000306,299,137,162
110000307,1759,7,1752
110000308,286,1,285
110000309,1,136,-135
110000310,729,8,721
110000311,2,111,-109
110000312,382,10,372
110000313,1010,412,598
110000314,0,45,-45
110000315,576,823,-247
110000316,86,433,-347
110000317,73,164,-91
110000318,0,16,-16
110000319,0,2,-2
110000320,3,5,-2
110000321,31,18,13
110000322,42,123,-81
110000323,464,57,407
110000324,561,494,67
110000325,791,2499,-1708
110000327,144,74,70
110000328,54,104,-50
110000333,573,555,18
110000334,109,261,-152
110000335,393,183,210
110000336,181,171,10
110000337,1321,129,1192
110000338,293,81,212
110000339,461,41,420
110000340,18,20,-2
110000341,245,77,168
110000342,8,0,8
110000343,0,0,0
110000344,21,18,3
110000345,13,92,-79
110000346,457,607,-150
110000347,701,240,461
110000348,29,2,27
110000349,18,2,16
110000350,27,0,27
110000351,1139,204,935
110000352,223,910,-687
110000353,1449,213,1236
110000354,285,1945,-1660
110000355,276,26,250
110000356,178,3,175
110000357,436,4,432
110000361,13,14,-1
110000362,110,10,100
110000363,431,17,414
110000364,211,90,121
110000365,64,0,64
110000366,0,61,-61
110000367,268,68,200
110000368,0,41,-41
110000369,40,0,40
110000373,0,97,-97
110000374,34,17,17
110000375,37,340,-303
110000376,9,25,-16
110000377,43,200,-157
110000378,1,258,-257
110000379,915,1785,-870
110000380,80,6,74
110000383,0,204,-204
110000384,417,22,395
110000385,0,44,-44
110000387,77,0,77
110000388,7,56,-49
110000389,175,1,174
110000391,668,82,586
110000396,111,18,93
110000397,45,10,35
110000398,2,4,-2
110000399,66,0,66
110000587,120,32,88
110000589,209,16,193
110000640,85,20,65
110000652,1,88,-87
110000653,138,111,27
110000654,0,134,-134
110000656,0,93,-93
110000674,55,13,42
110000675,1,4,-3
110000676,0,6,-6
110000679,47,393,-346
110000682,56,72,-16
110000683,101,82,19
110000684,0,17,-17
110000685,5,16,-11
110000686,0,38,-38
110000687,7,0,7
110000688,25,961,-936
110000689,5,17,-12
110000692,20,46,-26
110000693,0,150,-150
110000694,0,31,-31
110000695,12,117,-105
110000696,30,22,8
110900001,159,2,157
110900002,153,32,121
110900003,1172,57,1115
110900004,358,11,347
110900005,631,2397,-1766
110900006,59,33,26
110900007,173,100,73
110900008,0,4,-4
110900009,221,384,-163
110900010,2,17,-15
110900011,1,11,-10
110900012,1,55,-54
110900013,734,21,713
110900014,200,4,196
110900015,74,274,-200
110900016,45,91,-46
110900017,327,9,318
110900018,394,1,393
110900019,278,3,275
110900020,159,69,90
110900021,82,68,14
110900022,37,43,-6
110900023,10,91,-81
110900024,32,51,-19
110900025,2,3,-1
110900027,5,27,-22
110900028,0,28,-28
110900029,1,43,-42
110900030,1,65,-64
110900031,0,42,-42
110900032,0,12,-12
110900033,25,65,-40
110900035,15,235,-220
110900036,55,2,53
110900037,17,1,16
110900038,119,28,91
110900039,2,91,-89
110900040,100,1,99
110900041,0,9,-9
110900042,39,23,16
110900043,0,5,-5
110900044,27,2,25
110900045,98,73,25
110900046,6,17,-11
110900047,48,295,-247
110900049,99,41,58
110900050,26,0,26
110900051,3,38,-35
110900052,0,96,-96
110900053,131,2,129
110900054,13,69,-56
110900055,1,0,1
110900056,1,73,-72
110900057,0,57,-57
110900058,206,9,197
110900059,134,115,19
110900060,185,19,166
110900061,2,27,-25
110900062,74,19,55
110900063,3,48,-45
110900064,7,0,7
110900065,38,25,13
110900066,5,8,-3
110900067,46,419,-373
110900068,83,19,64
110900069,5,5,0
110900070,74,9,65
110900071,45,964,-919
110900073,0,4,-4
110900074,645,44,601
110900075,369,29,340
110900077,941,101,840
110900078,81,11,70
110900079,399,212,187
110900080,119,24,95
110900081,2,14,-12
110900082,133,30,103
110900083,118,42,76
110900084,35,5,30
110900085,30,73,-43
110900086,10,108,-98
110900087,245,15,230
110900088,3,0,3
110900090,16,53,-37
110900091,0,21,-21
110900093,140,28,112
110900095,5,4,1
110900097,4,1,3
110900098,2,12,-10
110900099,32,73,-41
110900100,1,9,-8
110900102,21,84,-63
110900105,165,51,114
110900108,11,50,-39
110900111,49,28,21
110900112,341,3,338
110900113,70,24,46
110900115,0,5,-5
110900116,1057,248,809
110900118,25,2923,-2898
110900119,784,64,720
110900120,78,21,57
110900121,26,3,23
110900122,275,39,236
110900125,175,378,-203
110900127,49,333,-284
110900128,55,131,-76
110900129,75,322,-247
110900130,97,151,-54
110900131,135,4,131
110900132,421,13,408
110900133,48,20,28
110900135,38,35,3
110900136,303,2,301
110900139,6,1,5
110900140,0,0,0
110900141,150,88,62
110900142,31,8,23
110900143,250,34,216
110900144,0,67,-67
110900145,101,91,10
110900146,77,167,-90
110900147,7,14,-7
110900148,0,13,-13
110900149,0,2,-2
110900150,1,9,-8
110900151,2,25,-23
110900152,16,16,0
110900153,141,6,135
111000001,478,349,129
111000002,371,460,-89
111000003,1502,795,707
111000004,349,524,-175
111000005,416,701,-285
111000006,479,1065,-586
111000007,1925,1741,184
111000008,1496,2040,-544
111000009,226,393,-167
111000010,934,265,669
111000011,50,346,-296
111000012,163,318,-155
111000013,180,422,-242
111000014,1275,247,1028
111000017,2,338,-336
111000018,41,121,-80
111000020,115,336,-221
111000021,6,50,-44
111000023,29,25,4
111000025,1054,1373,-319
111000029,81,4,77
111000030,11,9,2
111000031,690,356,334
111000032,338,71,267
111000033,113,38,75
111000034,142,82,60
111000037,415,298,117
111000038,698,399,299
111000039,437,384,53
111000040,586,410,176
111000041,106,127,-21
111000042,894,975,-81
111000043,1179,2008,-829
111000044,1060,199,861
111000045,1886,854,1032
111000046,1253,682,571
111000047,1537,3919,-2382
111000049,52,75,-23
111000050,221,195,26
111000051,170,180,-10
111000052,112,198,-86
111000053,94,118,-24
111000054,125,160,-35
111000055,395,365,30
111000056,100,202,-102
111000057,76,101,-25
111000058,483,54,429
111000059,376,177,199
111000060,2683,330,2353
111000061,540,93,447
111000062,791,173,618
111000063,932,481,451
111000064,909,168,741
111000065,925,393,532
111000066,553,135,418
111000067,623,145,478
111000068,436,67,369
111000069,372,572,-200
111000070,336,207,129
111000071,68,87,-19
111000072,901,380,521
111000073,125,794,-669
111000074,735,432,303
111000075,397,124,273
111000076,485,166,319
111000077,575,347,228
111000078,660,190,470
111000079,476,138,338
111000080,322,150,172
111000081,996,2943,-1947
111000082,695,96,599
111000084,431,280,151
111000085,471,515,-44
111000086,699,298,401
111000087,431,150,281
111000088,1547,1716,-169
111000089,367,317,50
111000090,293,324,-31
111000091,261,184,77
111000092,1120,261,859
111000093,556,375,181
111000094,710,308,402
111000095,380,1148,-768
111000096,344,3943,-3599
111000097,1019,368,651
111000098,117,204,-87
111000099,169,496,-327
111000100,284,429,-145
111000101,116,167,-51
111000102,47,62,-15
111000104,604,21,583
111000107,35,66,-31
111000109,763,34,729
111000110,791,198,593
111000111,2691,52,2639
111000112,1502,46,1456
111000113,644,1557,-913
111000114,557,2508,-1951
111000115,1293,343,950
111000116,457,259,198
111000117,207,208,-1
111000118,432,197,235
111000119,882,257,625
111000120,618,255,363
111000121,211,200,11
111000122,104,221,-117
111000123,460,624,-164
111000124,102,697,-595
111000125,150,225,-75
111000126,47,107,-60
111000127,653,38,615
111000128,1756,67,1689
111000129,1974,55,1919
111000130,1996,123,1873
111000131,2182,125,2057
111000132,1584,1059,525
111000133,44,11,33
111000134,32,6,26
111000135,43,72,-29
111000136,297,63,234
111000138,13,22,-9
111000140,0,48,-48
111000141,43,127,-84
111000142,3,54,-51
111000143,1,94,-93
111000144,0,166,-166
111000145,51,2,49
111000146,109,7,102
111000147,30,3,27
111000148,32,56,-24
111000149,1,185,-184
111000150,34,6,28
111000151,0,6,-6
111000153,106,103,3
111000154,174,66,108
111000155,126,36,90
111000156,295,121,174
111000157,98,200,-102
111000158,427,331,96
111000159,1094,385,709
111000160,326,93,233
111000161,4,213,-209
111000162,4,33,-29
111000163,453,309,144
111000164,187,861,-674
111000165,285,85,200
111000166,73,56,17
111000167,54,89,-35
111000168,91,118,-27
111000169,132,92,40
111000170,100,60,40
111000171,111,61,50
111000172,106,262,-156
111000173,49,430,-381
111000174,279,80,199
111000175,39,47,-8
111000176,339,19,320
111000177,795,99,696
111000178,1825,171,1654
111000179,381,31,350
111000180,201,171,30
111000181,1350,58,1292
111000182,237,21,216
111000183,100,73,27
111000184,167,51,116
111000185,98,19,79
111000186,100,58,42
111000187,177,55,122
111000188,213,40,173
111000189,60,126,-66
111000190,58,57,1
111000191,80,28,52
111000192,28,75,-47
111000193,93,24,69
111000194,29,29,0
111000195,25,52,-27
111000196,44,54,-10
111000197,386,16,370
111000198,307,14,293
111000199,303,91,212
111000200,414,130,284
111000201,627,35,592
111000202,348,10,338
111000203,269,38,231
111000204,155,961,-806
111000213,87,184,-97
111000214,444,271,173
111000215,719,338,381
111000217,985,223,762
111000218,1213,297,916
111000219,61,63,-2
111000220,277,326,-49
111000221,34,32,2
111000224,1,96,-95
111000225,366,284,82
111000226,31,1,30
111000227,25,0,25
111000228,2,472,-470
111000229,7,1363,-1356
111000230,16,60,-44
111000231,366,73,293
111000232,566,107,459
111000233,1046,157,889
111000234,117,153,-36
111000239,8,15,-7
111000240,14,241,-227
111000241,29,38,-9
111000242,209,33,176
111000243,120,78,42
111000244,642,33,609
111000245,303,39,264
111000246,502,57,445
111000247,321,81,240
111000248,466,47,419
111000249,309,94,215
111000250,37,12,25
111000251,26,23,3
111000253,45,3,42
111000255,35,2,33
111000257,27,3,24
111000260,21,293,-272
111000261,941,28,913
111000271,4,56,-52
111000273,975,425,550
111000274,838,1079,-241
111000275,17,3,14
111000276,81,296,-215
111000277,110,63,47
111000278,167,46,121
111000291,640,7021,-6381
111000298,328,37,291
111000299,369,70,299
111000300,31,93,-62
111000302,236,39,197
111000303,82,42,40
111000312,36,7,29
111000315,2,67,-65
111000320,51,55,-4
111000321,255,58,197
111000322,232,76,156
111000323,305,31,274
111000324,184,41,143
111000325,6,17,-11
111000326,95,56,39
111000327,219,108,111
111000328,277,205,72
111000329,0,11,-11
111000330,52,2,50
111000331,3,6,-3
111000332,277,248,29
111000334,69,187,-118
111000335,725,35,690
111000337,1131,97,1034
111000338,18,11,7
111000339,563,33,530
111000340,13,156,-143
111000341,1204,542,662
111000342,23,330,-307
111000344,665,239,426
111000345,49,107,-58
111000346,14,65,-51
111000347,91,0,91
111000350,64,43,21
111000351,28,141,-113
111000352,99,22,77
111000353,41,41,0
111000354,258,29,229
111000355,153,99,54
111000358,62,170,-108
111000360,60,111,-51
111000361,159,82,77
111000546,437,72,365
111000547,332,50,282
111000548,58,28,30
111000549,97,18,79
111000550,15,355,-340
111000551,83,14,69
111000552,126,36,90
111000907,674,15,659
111000908,41,2,39
111000916,1741,29,1712
111000917,34,146,-112
111000918,107,155,-48
111000920,560,21,539
111000921,0,28,-28
111000922,481,28,453
111000924,7,117,-110
111000925,2795,982,1813
111000926,699,472,227
111000927,1545,2056,-511
111000928,1663,523,1140
111000929,1540,309,1231
111000930,469,513,-44
111000931,1273,651,622
111000932,1150,618,532
111000933,2067,1480,587
111000934,346,461,-115
111000935,1700,499,1201
111000936,240,355,-115
111000937,936,526,410
111000938,349,293,56
111000939,486,5,481
111000940,811,15,796
111000941,299,30,269
111000943,757,94,663
111000944,72,38,34
111000945,66,171,-105
111001109,203,469,-266
111001110,74,115,-41
111001111,109,1,108
111001112,94,2,92
111001113,0,101,-101
111001114,221,62,159
111001115,10,167,-157
111001116,517,3790,-3273
111001117,135,1107,-972
111001120,87,45,42
111001121,7,64,-57
111001122,116,88,28
111001123,576,36,540
111001124,111,31,80
111001125,4,306,-302
111900001,21,17,4
111900002,46,34,12
111900003,0,28,-28
111900004,0,6,-6
111900006,5,21,-16
111900007,217,0,217
111900008,235,0,235
111900009,234,16,218
111900010,17,104,-87
111900012,24,19,5
111900013,19,21,-2
111900014,755,3882,-3127
111900015,0,27,-27
111900016,0,6,-6
111900017,0,35,-35
111900018,79,0,79
111900019,0,15,-15
111900020,0,17,-17
111900021,3,4,-1
111900022,13,1,12
111900023,56,0,56
111900024,67,3,64
111900025,0,17,-17
111900026,0,17,-17
111900027,3,3,0
111900028,0,27,-27
111900029,0,16,-16
111900030,4,84,-80
111900031,8,3,5
111900032,0,34,-34
111900033,0,13,-13
111900034,13,131,-118
111900035,37,16,21
111900036,1,33,-32
111900038,16,69,-53
111900039,3,57,-54
111900040,0,100,-100
111900042,3,23,-20
111900043,0,60,-60
111900044,7,22,-15
111900046,1,35,-34
111900048,334,91,243
111900049,1,66,-65
111900050,105,2,103
111900051,2,35,-33
111900052,51,36,15
111900053,267,1689,-1422
111900054,244,0,244
111900055,0,62,-62
111900056,28,159,-131
111900057,67,7,60
111900058,419,79,340
111900059,440,569,-129
111900060,176,0,176
111900061,2,39,-37
111900062,31,9,22
111900063,213,17,196
111900064,7,58,-51
111900065,187,4,183
111900066,135,66,69
111900067,0,41,-41
111900068,18,30,-12
111900069,14,2,12
111900070,162,9,153
111900071,0,47,-47
111900072,12,15,-3
111900073,709,81,628
111900074,0,35,-35
111900075,24,0,24
111900076,255,33,222
111900077,14,0,14
111900078,320,30,290
111900079,26,41,-15
111900080,58,42,16
111900082,104,29,75
111900083,217,35,182
111900084,95,8,87
111900085,22,35,-13
111900086,81,2,79
111900087,102,0,102
111900088,596,5,591
111900089,31,0,31
111900090,12,43,-31
111900091,633,4,629
111900092,145,0,145
111900093,490,12,478
111900094,85,0,85
111900095,263,12,251
111900096,285,3,282
111900097,93,0,93
111900098,273,18,255
111900099,89,0,89
111900100,47,2,45
111900101,200,11,189
111900102,753,46,707
111900103,64,10,54
111900104,48,11,37
111900105,69,112,-43
111900106,92,0,92
111900110,290,65,225
111900111,217,1,216
111900112,120,2858,-2738
111900113,133,22,111
111900118,280,20,260
111900119,52,38,14
111900122,6,19,-13
111900123,15,1,14
111900124,16,21,-5
111900125,152,79,73
111900126,214,0,214
111900127,0,76,-76
111900128,0,96,-96
111900129,266,52,214
111900130,91,55,36
111900131,407,2,405
111900132,1,141,-140
111900133,0,34,-34
111900134,0,47,-47
111900135,0,18,-18
111900136,1,28,-27
111900137,5,13,-8
111900138,0,12,-12
111900139,12,40,-28
111900140,86,3,83
111900141,77,0,77
111900142,56,2,54
111900143,53,9,44
111900144,9,7,2
111900145,0,31,-31
111900146,0,41,-41
111900147,6,49,-43
111900148,1,67,-66
111900149,4,56,-52
111900150,1,7,-6
111900151,1,9,-8
111900152,7,14,-7
111900153,129,598,-469
111900154,12,512,-500
111900155,29,63,-34
111900156,54,31,23
111900157,200,10,190
111900158,423,46,377
111900159,452,45,407
111900160,210,6,204
111900161,323,2,321
111900162,34,176,-142
111900163,2,33,-31
111900164,77,18,59
111901113,564,6,558
111901114,164,44,120
111901115,122,1,121
111901116,48,2,46
111901117,4,31,-27
111901118,7,258,-251
111901119,196,6,190
111901121,5,44,-39
111901122,4,77,-73
111901123,327,66,261
111901124,219,0,219
111901125,803,125,678
111901127,65,776,-711
111901128,2,12,-10
111901129,0,9,-9
111901130,0,14,-14
111901131,0,156,-156
111901132,35,38,-3
111901133,67,0,67
111901134,124,0,124
111901135,57,4,53
111901136,34,41,-7
111901137,0,4,-4
111901138,11,4,7
111901139,0,18,-18
111901140,3,24,-21
111901141,0,25,-25
111901142,0,37,-37
111901143,0,10,-10
111901144,36,3,33
111901145,72,95,-23
111901146,3,0,3
111901147,46,72,-26
111901148,0,66,-66
112000001,2028,549,1479
112000002,677,1337,-660
112000003,2501,379,2122
112000004,435,220,215
112000005,2619,2329,290
112000006,329,229,100
112000007,2859,1839,1020
112000008,1863,2473,-610
112000009,1314,707,607
112000010,1659,2366,-707
112000011,712,464,248
112000012,1935,2577,-642
112000013,961,855,106
112000014,464,1909,-1445
112000015,878,1453,-575
112000016,886,2292,-1406
112000017,335,1655,-1320
112000024,179,155,24
112000026,1188,1087,101
112000027,333,270,63
112000028,399,360,39
112000029,211,346,-135
112000030,82,16,66
112000031,386,1472,-1086
112000032,89,2,87
112000033,629,1636,-1007
112000034,110,18,92
112000035,73,238,-165
112000036,100,522,-422
112000037,235,469,-234
112000038,208,460,-252
112000039,67,23,44
112000040,8,41,-33
112000041,56,222,-166
112000042,183,56,127
112000050,660,307,353
112000051,488,852,-364
112000054,519,458,61
112000057,138,154,-16
112000058,80,152,-72
112000059,231,169,62
112000061,792,272,520
112000062,200,460,-260
112000063,147,827,-680
112000064,1016,896,120
112000065,447,402,45
112000066,1035,593,442
112000067,132,127,5
112000068,1393,839,554
112000069,167,423,-256
112000070,490,330,160
112000071,259,471,-212
112000072,1383,420,963
112000073,333,633,-300
112000074,405,231,174
112000075,615,475,140
112000076,1063,710,353
112000077,691,213,478
112000078,1201,272,929
112000079,777,592,185
112000080,355,281,74
112000081,326,523,-197
112000082,496,181,315
112000083,332,536,-204
112000084,788,243,545
112000085,843,372,471
112000086,1249,331,918
112000087,559,100,459
112000088,422,228,194
112000089,115,77,38
112000090,73,98,-25
112000091,182,154,28
112000092,1667,260,1407
112000093,500,244,256
112000094,466,205,261
112000095,525,127,398
112000096,510,123,387
112000097,1517,204,1313
112000098,94,144,-50
112000099,413,1267,-854
112000100,1679,184,1495
112000101,210,127,83
112000102,1215,150,1065
112000103,211,159,52
112000105,208,191,17
112000106,2046,118,1928
112000107,162,30,132
112000108,534,267,267
112000109,339,23,316
112000110,1219,236,983
112000111,253,715,-462
112000112,1180,149,1031
112000113,190,264,-74
112000114,1311,184,1127
112000115,207,32,175
112000116,299,136,163
112000117,326,179,147
112000118,147,216,-69
112000119,67,158,-91
112000120,37,92,-55
112000121,29,140,-111
112000122,314,28,286
112000123,511,24,487
112000124,309,8,301
112000125,139,67,72
112000126,409,125,284
112000127,818,1072,-254
112000128,232,275,-43
112000129,66,24,42
112000130,93,46,47
112000131,22,30,-8
112000132,87,30,57
112000133,310,11,299
112000134,238,66,172
112000135,650,123,527
112000136,286,240,46
112000137,867,364,503
112000138,518,261,257
112000139,162,241,-79
112000140,71,269,-198
112000141,540,69,471
112000142,46,138,-92
112000143,856,52,804
112000144,138,196,-58
112000145,2027,128,1899
112000146,319,360,-41
112000147,1678,518,1160
112000148,397,426,-29
112000149,308,91,217
112000150,276,72,204
112000151,165,96,69
112000152,467,70,397
112000153,9,52,-43
112000154,56,111,-55
112000155,84,31,53
112000157,146,329,-183
112000158,159,62,97
112000159,748,54,694
112000167,92,101,-9
112000169,90,564,-474
112000173,790,51,739
112000175,224,65,159
112000176,457,351,106
112000177,711,148,563
112000178,25,74,-49
112000179,175,46,129
112000180,235,74,161
112000181,444,229,215
112000182,1430,188,1242
112000183,19,3,16
112000184,300,47,253
112000185,564,72,492
112000187,1739,956,783
112000195,30,2,28
112000196,13,0,13
112000197,15,45,-30
112000198,3,71,-68
112000199,154,157,-3
112000202,425,14,411
112000216,9,45,-36
112000230,103,0,103
112000231,1,36,-35
112000256,40,122,-82
112000313,16,10,6
112000314,5,23,-18
112000337,42,220,-178
112000352,19,50,-31
112000392,706,241,465
112000398,964,161,803
112000399,283,1973,-1690
112000400,253,299,-46
112000401,542,452,90
112000402,2351,2131,220
112000403,444,3081,-2637
112000404,680,361,319
112000405,2021,1794,227
112000406,801,496,305
112000407,4920,4539,381
112000408,2096,726,1370
112000409,384,723,-339
112000410,41,117,-76
112000411,1138,783,355
112000412,222,73,149
112000413,992,3408,-2416
112000414,85,9,76
112000415,55,5,50
112000416,2128,276,1852
112000417,111,25,86
112000421,46,10,36
112000422,101,72,29
112000424,306,1198,-892
112000425,191,106,85
112000426,103,230,-127
112000427,6,21,-15
112000428,213,69,144
112000429,809,648,161
112000430,1148,1269,-121
112000431,40,64,-24
112000432,172,269,-97
112000433,265,161,104
112000437,28,51,-23
112900001,42,0,42
112900002,544,132,412
112900003,39,9,30
112900004,36,57,-21
112900005,227,2,225
112900006,8,10,-2
112900007,33,4,29
112900008,0,4,-4
112900009,185,116,69
112900010,248,74,174
112900011,61,25,36
112900012,0,4,-4
112900013,0,21,-21
112900014,1,56,-55
112900015,13,135,-122
112900016,0,39,-39
112900017,7,43,-36
112900018,1,42,-41
112900019,6,44,-38
112900020,60,174,-114
112900021,1,70,-69
112900022,2,3,-1
112900023,0,31,-31
112900024,1,11,-10
112900025,4,13,-9
112900026,0,8,-8
112900027,2,87,-85
112900028,5,11,-6
112900029,2,28,-26
112900030,31,18,13
112900031,0,26,-26
112900032,51,29,22
112900034,0,6,-6
112900035,0,38,-38
112900036,3,11,-8
112900037,10,94,-84
112900038,483,19,464
112900039,1,43,-42
112900040,0,102,-102
112900041,34,420,-386
112900042,47,260,-213
112900043,16,6,10
112900044,51,43,8
112900045,22,34,-12
112900046,56,18,38
112900047,2,15,-13
112900049,191,4,187
112900050,7,87,-80
112900051,39,126,-87
112900052,1,136,-135
112900053,22,74,-52
112900054,59,62,-3
112900055,7,1,6
112900056,120,178,-58
112900057,2,60,-58
112900058,157,109,48
112900059,31,36,-5
112900060,0,16,-16
112900061,16,18,-2
112900062,29,25,4
112900063,4,9,-5
112900064,22,22,0
112900065,4,2,2
112900066,164,179,-15
112900067,132,1,131
112900068,18,30,-12
112900069,264,456,-192
112900071,9,9,0
112900072,12,1735,-1723
112900073,231,85,146
112900074,41,249,-208
112900075,208,557,-349
112900076,4,20,-16
112900078,198,483,-285
112900079,168,1,167
112900080,94,13,81
112900081,30,187,-157
112900082,348,4,344
112900083,126,75,51
112900084,121,193,-72
112900086,60,0,60
112900087,566,44,522
112900088,62,0,62
112900089,532,1,531
112900090,35,42,-7
112900091,227,3,224
112900092,40,410,-370
112900093,866,7,859
112900095,83,1,82
112900096,382,80,302
112900097,17,26,-9
112900098,61,0,61
112900099,690,3,687
112900100,69,1,68
112900101,265,0,265
112900102,38,38,0
112900103,121,0,121
112900104,159,0,159
112900105,2,0,2
112900106,115,32,83
112900107,10,0,10
112900108,0,0,0
112900109,93,0,93
112900110,1062,1,1061
112900111,514,0,514
112900112,158,1,157
112900113,0,4,-4
112900114,258,13,245
112900115,1487,1,1486
112900116,31,4,27
112900117,56,2,54
112900118,0,1,-1
112900119,47,0,47
112900120,107,59,48
112900121,395,4,391
112900122,0,2,-2
112900123,70,11,59
112900124,0,11,-11
112900125,4,46,-42
112900126,8,44,-36
112900127,155,10,145
112900128,22,100,-78
112900129,0,125,-125
112900130,47,19,28
112900131,1,159,-158
112900132,23,300,-277
112900133,5,394,-389
112900134,0,38,-38
112900135,48,15,33
112900137,0,118,-118
112900138,0,30,-30
112900139,8,261,-253
112900141,533,10,523
112900142,5,65,-60
112900143,2,348,-346
112900144,8,958,-950
112900145,0,92,-92
112900146,0,30,-30
112900147,0,154,-154
112900148,7,0,7
112900149,30,107,-77
112900151,0,6,-6
112900152,1874,127,1747
112900153,61,919,-858
112900154,0,3,-3
112900155,53,7,46
112900156,235,191,44
112900157,401,9,392
112900158,35,0,35
112900159,105,60,45
112900160,4,62,-58
112900161,15,6,9
112900162,2,4,-2
112900163,5,41,-36
112900164,1,24,-23
112900165,2,13,-11
112900166,0,32,-32
112900167,0,6,-6
112900168,14,0,14
112900169,12,2,10
112900170,153,18,135
112900172,31,19,12
112900173,51,14,37
112900174,143,30,113
112900175,31,24,7
112900176,7,17,-10
112900177,191,33,158
112900178,148,1523,-1375
112900179,5,157,-152
112900180,887,516,371
112900181,703,1,702
112900182,4,132,-128
112900183,16,34,-18
112900184,49,86,-37
112900185,21,93,-72
112900186,367,242,125
112900187,5,272,-267
112900188,264,505,-241
112900189,0,0,0
112900190,0,0,0
112900192,161,115,46
112900193,271,35,236
112900194,28,0,28
112900195,216,6,210
112900196,127,46,81
112900197,14,76,-62
112900199,280,24,256
112900200,209,10,199
112900201,121,9,112
112900202,192,92,100
112900203,132,11,121
112900204,32,52,-20
112900205,3,0,3
112900206,4,5,-1
112900207,77,0,77
112900208,29,55,-26
112900209,20,82,-62
112900210,0,5,-5
112900211,18,7,11
112900212,0,6,-6
112900213,62,1,61
112900214,2,4,-2
112900215,15,10,5
112900216,1,13,-12
112900217,0,11,-11
112900218,30,4,26
112900219,80,2,78
112900220,1,0,1
112900221,20,18,2
112900222,0,2,-2
112900223,272,8,264
112900224,487,53,434
112900225,293,23,270
112900226,48,54,-6
112900227,520,148,372
112900228,69,42,27
112900229,337,27,310
112900230,1998,866,1132
112900232,138,208,-70
112900233,24,18,6
112900234,64,0,64
112900235,1,1,0
112900236,491,1,490
112900237,176,153,23
112900238,26,0,26
112900239,100,363,-263
112900240,0,6,-6
112900241,0,4,-4
112900242,0,3,-3
112900243,1,10,-9
112900244,2,3,-1
112900245,0,0,0
112900246,0,0,0
112900247,18,2,16
112900248,2,0,2
112900249,4,0,4
112900250,14,0,14
112900251,57,2,55
112900252,60,3,57
112900253,13,2,11
112900254,8,6,2
112900255,1,23,-22
112900256,0,15,-15
112900257,0,6,-6
113000001,1975,1497,478
113000002,1578,1287,291
113000003,548,699,-151
113000004,696,774,-78
113000005,509,350,159
113000006,538,585,-47
113000007,1188,372,816
113000008,831,352,479
113000009,460,183,277
113000010,712,285,427
113000011,324,322,2
113000012,469,201,268
113000013,157,237,-80
113000014,191,343,-152
113000015,26,114,-88
113000016,76,174,-98
113000017,37,97,-60
113000018,275,26,249
113000019,8,38,-30
113000020,126,20,106
113000021,596,165,431
113000022,555,594,-39
113000025,16,51,-35
113000026,349,346,3
113000027,377,341,36
113000028,143,172,-29
113000029,174,265,-91
113000030,86,112,-26
113000031,50,73,-23
113000032,46,79,-33
113000033,143,62,81
113000034,45,26,19
113000035,8,0,8
113000036,15,15,0
113000037,8,10,-2
113000038,2,14,-12
113000039,0,93,-93
113000040,21,3,18
113000042,189,159,30
113000051,396,1043,-647
113000052,683,126,557
113000053,178,124,54
113000054,154,313,-159
113000055,871,96,775
113000056,938,305,633
113000058,80,260,-180
113000059,580,86,494
113000060,73,238,-165
113000061,260,344,-84
113000062,110,153,-43
113000063,211,20,191
113000064,141,60,81
113000065,208,176,32
113000066,659,61,598
113000067,1342,160,1182
113000068,226,162,64
113000069,241,131,110
113000070,1486,130,1356
113000071,155,128,27
113000072,462,74,388
113000073,143,298,-155
113000074,360,164,196
113000075,830,317,513
113000076,127,768,-641
113000077,331,244,87
113000078,215,314,-99
113000079,78,204,-126
113000080,144,263,-119
113000081,335,317,18
113000082,281,148,133
113000083,316,253,63
113000084,500,180,320
113000085,714,137,577
113000086,186,204,-18
113000087,437,456,-19
113000088,352,298,54
113000089,316,634,-318
113000090,47,271,-224
113000091,52,33,19
113000094,538,83,455
113000095,89,122,-33
113000096,14,170,-156
113000097,384,111,273
113000098,28,4,24
113000099,379,79,300
113000100,48,59,-11
113000101,68,108,-40
113000102,233,115,118
113000103,1318,134,1184
113000104,324,1194,-870
113000105,410,131,279
113000106,207,80,127
113000107,617,428,189
113000108,446,246,200
113000109,135,521,-386
113000110,1246,225,1021
113000111,84,291,-207
113000112,422,126,296
113000113,564,139,425
113000114,38,299,-261
113000116,146,83,63
113000117,287,148,139
113000118,20,212,-192
113000119,134,296,-162
113000120,33,268,-235
113000121,170,274,-104
113000124,156,54,102
113000125,0,566,-566
113000127,540,74,466
113000128,591,157,434
113000129,87,275,-188
113000133,568,59,509
113000134,1,555,-554
113000135,1846,1699,147
113000137,383,1428,-1045
113000139,56,49,7
113000140,26,13,13
113000141,36,26,10
113000142,61,59,2
113000143,90,53,37
113000144,75,43,32
113000145,66,33,33
113000146,23,2,21
113000147,46,6,40
113000148,159,51,108
113000149,29,30,-1
113000150,149,130,19
113000151,6,6,0
113000152,13,97,-84
113000153,192,84,108
113000154,95,614,-519
113000155,133,296,-163
113000156,57,54,3
113000157,89,107,-18
113000158,104,8,96
113000159,314,49,265
113000160,167,156,11
113000161,143,100,43
113000162,237,7,230
113000163,44,4,40
113000164,3,10,-7
113000166,109,10,99
113000167,26,25,1
113000168,90,13,77
113000169,119,4,115
113000170,25,30,-5
113000171,12,12,0
113000172,153,1,152
113000173,32,9,23
113000174,41,30,11
113000175,241,12,229
113000176,397,31,366
113000177,23,44,-21
113000178,14,58,-44
113000179,221,31,190
113000180,589,811,-222
113000181,1019,561,458
113000182,34,86,-52
113000183,195,312,-117
113000184,1,6,-5
113000189,64,142,-78
113000190,136,60,76
113000192,316,1475,-1159
113000193,646,1019,-373
113000194,375,944,-569
113000195,639,560,79
113000196,320,118,202
113000197,557,973,-416
113000198,43,78,-35
113000199,520,127,393
113000201,95,219,-124
113000202,2140,397,1743
113000203,24,134,-110
113000204,179,1180,-1001
113000205,4,1,3
113000206,7,3,4
113000207,11,7,4
113000208,10,10,0
113000209,9,6,3
113000210,1,18,-17
113000211,13,35,-22
113000212,1,9,-8
113000213,3,40,-37
113000214,56,66,-10
113000234,41,160,-119
113000410,26,50,-24
113000411,498,845,-347
113000412,1667,619,1048
113000413,686,883,-197
113000414,1124,4545,-3421
113000415,574,495,79
113000416,805,624,181
113000417,224,383,-159
113000418,1928,1565,363
113000419,501,574,-73
113000420,1270,1769,-499
113000421,1858,2790,-932
113000422,3524,2915,609
113000423,467,1352,-885
113000424,561,3332,-2771
113000425,1,39,-38
113000428,2,1,1
113000430,0,15,-15
113000432,1643,59,1584
113000433,93,236,-143
113000434,32,51,-19
113000435,12,40,-28
113000436,2,299,-297
113000437,618,30,588
113000438,141,26,115
113000439,14,12,2
113000440,84,5,79
113000441,94,124,-30
113000442,50,2,48
113000443,251,32,219
113000444,126,7,119
113000445,42,11,31
113000446,6,16,-10
113000448,66,60,6
113000449,19,585,-566
113000450,153,1350,-1197
113000451,688,117,571
113000452,12,248,-236
113000453,10,186,-176
113000454,29,117,-88
113000455,3,211,-208
113000456,334,580,-246
113000468,541,92,449
113000469,55,81,-26
113000470,110,7,103
113000471,0,190,-190
113000472,20,56,-36
113000474,860,340,520
113000475,470,523,-53
113000476,954,898,56
113000477,2944,635,2309
113000478,1334,1200,134
113000479,76,46,30
113000483,0,0,0
113000484,0,0,0
113000485,0,0,0
113000486,0,0,0
113000487,0,0,0
113000488,0,0,0
113000489,0,0,0
113000490,0,0,0
113000491,0,0,0
113000492,0,0,0
113000493,0,0,0
113000495,47,19,28
113000496,45,39,6
113000499,0,1,-1
113900001,0,80,-80
113900002,0,5,-5
113900003,0,18,-18
113900004,0,52,-52
113900005,0,80,-80
113900006,0,3,-3
113900007,18,108,-90
113900008,2,0,2
113900009,22,0,22
113900010,5,0,5
113900011,82,0,82
113900012,38,0,38
113900013,17,0,17
113900014,236,3,233
113900015,0,4,-4
113900016,23,0,23
113900017,0,10,-10
113900018,14,131,-117
113900019,80,3,77
113900020,161,2,159
113900022,10,0,10
113900023,16,0,16
113900024,26,3,23
113900025,57,7,50
113900026,4,0,4
113900027,0,18,-18
113900028,7,113,-106
113900029,20,18,2
113900030,253,0,253
113900031,12,0,12
113900032,22,0,22
113900033,29,8,21
113900035,0,0,0
113900036,10,15,-5
113900037,49,130,-81
113900038,29,70,-41
113900039,167,2,165
113900040,1,3,-2
113900041,18,1,17
113900042,6,2,4
113900043,41,25,16
113900044,10,63,-53
113900045,35,0,35
113900046,20,175,-155
113900047,102,7,95
113900048,12,27,-15
113900049,67,180,-113
113900050,59,44,15
113900051,60,20,40
113900052,5,6,-1
113900053,64,335,-271
113900054,6,0,6
113900055,8,91,-83
113900056,52,11,41
113900057,3,8,-5
113900058,47,9,38
113900059,88,35,53
113900060,20,16,4
113900061,139,36,103
113900062,50,0,50
113900063,22,15,7
113900064,3,10,-7
113900065,315,13,302
113900066,179,23,156
113900067,122,13,109
113900068,182,319,-137
113900069,12,0,12
113900070,23,60,-37
113900071,67,4,63
113900072,1,4,-3
113900073,209,118,91
113900074,105,30,75
113900075,156,688,-532
113900076,46,0,46
113900077,24,58,-34
113900078,22,17,5
113900079,0,5,-5
113900080,127,35,92
113900081,12,10,2
113900082,24,36,-12
113900083,217,42,175
113900084,75,11,64
113900085,1,30,-29
113900086,26,14,12
113900087,45,41,4
113900088,69,79,-10
113900089,152,4,148
113900090,52,81,-29
113900091,0,0,0
113900092,0,5,-5
113900093,2,333,-331
113900094,201,65,136
113900095,92,4,88
113900096,66,10,56
113900097,13,15,-2
113900098,334,58,276
113900099,0,0,0
113900100,0,0,0
113900101,1,21,-20
113900102,2,19,-17
113900103,69,132,-63
113900104,46,23,23
113900105,93,10,83
113900106,0,2,-2
113900107,0,0,0
113900108,2,27,-25
113900109,30,12,18
113900110,3,6,-3
113900111,38,14,24
113900112,104,6,98
113900113,321,60,261
113900114,0,0,0
113900115,1,1,0
113900116,1,21,-20
113900117,17,0,17
113900118,24,195,-171
113900119,59,105,-46
113900120,40,4,36
113900121,49,9,40
113900122,84,1682,-1598
113900123,118,15,103
113900124,0,16,-16
113900125,195,20,175
113900126,10,9,1
113900127,31,236,-205
113900128,83,6,77
113900129,2,35,-33
113900130,0,6,-6
113900131,75,6,69
113900132,3,7,-4
113900133,4,11,-7
113900135,87,58,29
113900136,27,9,18
113900137,137,66,71
113900138,9,17,-8
113900139,12,38,-26
113900140,35,123,-88
113900141,223,94,129
113900142,23,19,4
113900143,2,17,-15
113900144,41,35,6
113900145,17,10,7
113900146,92,33,59
113900148,12,28,-16
113900149,25,43,-18
113900150,333,76,257
113900151,257,7,250
113900152,11,31,-20
113900153,47,38,9
113900154,0,18,-18
113900155,2,15,-13
113900156,16,65,-49
113900157,5,140,-135
113900158,29,38,-9
113900159,0,37,-37
113900160,79,30,49
113900161,35,30,5
113900162,34,71,-37
113900163,137,39,98
113900164,182,6,176
113900165,97,62,35
113900166,18,22,-4
113900167,148,19,129
113900168,3,1,2
113900169,26,104,-78
113900171,103,16,87
113900172,0,2,-2
113900173,1,91,-90
113900174,38,126,-88
113900175,97,68,29
113900176,10,28,-18
113900177,31,39,-8
113900178,70,28,42
113900179,0,172,-172
113900180,10,3,7
113900181,436,47,389
113900182,148,45,103
113900183,11,4,7
113900184,0,222,-222
113900185,28,6,22
113900186,1,8,-7
113900187,7,14,-7
113900188,23,19,4
113900189,100,24,76
113900190,83,19,64
113900191,7,20,-13
113900192,1,124,-123
113900193,0,63,-63
113900194,427,74,353
113900195,34,89,-55
113900196,0,18,-18
113900197,0,32,-32
113900198,0,92,-92
113900199,10,48,-38
113900200,0,15,-15
113900201,0,22,-22
113900202,2,12,-10
113900203,0,6,-6
113900204,0,28,-28
113900205,0,1,-1
113900206,0,35,-35
113900207,0,20,-20
113900208,0,2,-2
113900209,0,2,-2
113900210,80,100,-20
113900211,97,5,92
113900212,261,127,134
113900214,47,42,5
113900215,135,18,117
113900216,38,55,-17
113900217,65,59,6
113900218,30,52,-22
113900219,9,80,-71
113900220,35,61,-26
113900221,38,119,-81
113900222,3,135,-132
113900223,30,52,-22
113900224,10,10,0
113900225,82,17,65
113900226,52,14,38
113900227,45,35,10
113900228,13,121,-108
113900229,5,233,-228
113900230,427,632,-205
113900231,19,19,0
113900232,3,3,0
113900233,30,19,11
113900234,47,114,-67
113900235,69,3,66
113900236,262,13,249
113900237,64,0,64
113900238,48,125,-77
113900239,18,34,-16
113900240,0,42,-42
113900241,1,7,-6
113900242,1,23,-22
113900243,3,27,-24
113900244,65,56,9
113900245,111,26,85
113900246,2,11,-9
113900247,8,170,-162
113900248,519,531,-12
113900249,51,187,-136
113900250,2,87,-85
113900251,466,18,448
113900252,394,3,391
113900253,216,7,209
113900254,105,39,66
113900255,493,4,489
113900256,259,21,238
113900257,3,107,-104
113900258,0,181,-181
113900259,249,55,194
113900260,45,0,45
113900261,19,10,9
113900262,172,89,83
113900263,1,56,-55
113900264,0,78,-78
113900265,9,42,-33
113900266,3,48,-45
113900267,6,105,-99
113900268,15,44,-29
113900269,26,14,12
113900270,28,49,-21
113900271,71,73,-2
113900273,2,0,2
113900274,17,3,14
113900275,0,14,-14
113900276,4,39,-35
113900277,135,3,132
113900278,6,13,-7
113900279,2,7,-5
113900280,127,102,25
113900281,41,361,-320
113900282,66,62,4
113900283,41,163,-122
113900284,451,78,373
113900285,32,2,30
113900286,27,13,14
113900287,25,3,22
113900288,0,23,-23
113900289,105,56,49
113900290,21,87,-66
113900291,20,39,-19
113900292,0,2,-2
113900293,5,62,-57
113900294,380,10,370
113900295,101,45,56
113900296,435,133,302
113900297,775,12,763
113900298,11,159,-148
113900299,64,54,10
113900300,1012,1754,-742
113900301,59,295,-236
113900302,542,181,361
113900303,38,291,-253
113900304,0,7,-7
113900305,59,1,58
113900306,35,0,35
113900307,3,0,3
113900308,3,8,-5
113900309,0,202,-202
113900310,0,5,-5
113900311,5,0,5
113900312,10,45,-35
113900313,3,0,3
114000001,398,483,-85
114000002,154,79,75
114000003,60,87,-27
114000004,388,69,319
114000005,383,34,349
114000006,380,315,65
114000007,327,356,-29
114000008,628,527,101
114000009,871,29,842
114000011,1510,634,876
114000012,2102,313,1789
114000013,1314,383,931
114000014,170,19,151
114000015,1190,55,1135
114000016,155,22,133
114000017,84,463,-379
114000018,53,8,45
114000026,1714,375,1339
114000027,2762,848,1914
114000028,922,1428,-506
114000038,269,24,245
114000039,36,20,16
114000040,152,227,-75
114000042,54,103,-49
114000043,19,32,-13
114000044,356,13,343
114000045,2,7,-5
114000046,428,936,-508
114000047,0,53,-53
114000048,52,21,31
114000049,887,512,375
114000050,849,357,492
114000051,1316,897,419
114000052,1426,1507,-81
114000053,15,375,-360
114000054,88,202,-114
114000055,157,5,152
114000056,32,163,-131
114000057,1170,760,410
114000058,5,334,-329
114000059,7,292,-285
114000060,121,193,-72
114000061,652,805,-153
114000062,76,343,-267
114000063,294,337,-43
114000064,573,1458,-885
114000065,394,463,-69
114000066,338,325,13
114000067,4,517,-513
114000068,96,246,-150
114000069,454,126,328
114000070,806,634,172
114000071,515,52,463
114000072,548,59,489
114000073,28,46,-18
114000074,40,7,33
114000075,99,15,84
114000076,1,24,-23
114000077,0,3,-3
114000078,217,46,171
114000079,243,2,241
114000080,48,38,10
114000081,17,21,-4
114000082,12,86,-74
114000083,23,8,15
114000084,81,62,19
114000085,31,103,-72
114000086,216,29,187
114000087,89,5,84
114000088,62,14,48
114000089,279,77,202
114000090,391,144,247
114000091,299,324,-25
114000092,152,171,-19
114000093,622,86,536
114000094,231,138,93
114000095,117,126,-9
114000096,39,130,-91
114000097,17,209,-192
114000098,597,46,551
114000099,383,79,304
114000100,1613,271,1342
114000101,169,162,7
114000102,649,152,497
114000103,51,87,-36
114000104,0,15,-15
114000105,160,39,121
114000106,255,915,-660
114000107,295,38,257
114000108,278,294,-16
114000109,387,803,-416
114000110,283,261,22
114000111,1345,506,839
114000112,140,364,-224
114000113,916,229,687
114000114,162,270,-108
114000115,995,349,646
114000116,561,2613,-2052
114000117,2749,246,2503
114000118,2288,98,2190
114000119,1937,202,1735
114000120,577,443,134
114000121,137,206,-69
114000122,209,119,90
114000123,1460,125,1335
114000124,904,74,830
114000125,697,599,98
114000126,878,94,784
114000127,57,49,8
114000128,586,78,508
114000130,276,454,-178
114000131,302,12,290
114000132,318,87,231
114000133,230,149,81
114000134,20,8,12
114000138,8,1,7
114000139,177,49,128
114000144,403,213,190
114000145,21,0,21
114000146,33,8,25
114000147,417,1218,-801
114000148,290,540,-250
114000149,81,112,-31
114000150,33,66,-33
114000151,135,1040,-905
114000152,23,3,20
114000153,162,315,-153
114000154,153,121,32
114000155,440,1612,-1172
114000156,274,194,80
114000157,112,650,-538
114000158,196,241,-45
114000159,39,47,-8
114000160,19,72,-53
114000161,321,640,-319
114000162,513,886,-373
114000163,13,1,12
114000165,121,93,28
114000166,117,101,16
114000167,995,592,403
114000168,161,42,119
114000169,385,429,-44
114000170,470,351,119
114000171,860,5600,-4740
114000174,49,66,-17
114000176,126,80,46
114000177,226,167,59
114000178,13,16,-3
114000179,471,426,45
114000180,98,158,-60
114000181,730,2671,-1941
114000182,405,807,-402
114000183,220,174,46
114000184,893,213,680
114000185,638,489,149
114000189,1095,76,1019
114000190,2225,266,1959
114000191,67,241,-174
114000192,69,261,-192
114000193,125,355,-230
114000194,893,492,401
114000195,197,103,94
114000196,1,68,-67
114000197,1551,41,1510
114000198,161,190,-29
114000199,294,665,-371
114000200,271,401,-130
114000201,161,177,-16
114000202,536,351,185
114000203,561,457,104
114000204,69,72,-3
114000205,160,382,-222
114000206,294,482,-188
114000207,155,290,-135
114000208,242,316,-74
114000209,129,341,-212
114000210,106,206,-100
114000211,1312,437,875
114000212,837,636,201
114000213,1471,321,1150
114000214,41,8,33
114000215,24,16,8
114000216,1020,301,719
114000217,289,141,148
114000218,211,78,133
114000219,1085,115,970
114000220,15,181,-166
114000221,1052,86,966
114000222,167,172,-5
114000223,392,102,290
114000224,21,149,-128
114000225,172,119,53
114000226,216,41,175
114000227,873,283,590
114000228,778,238,540
114000229,1128,589,539
114000230,1164,409,755
114000231,663,652,11
114000232,903,99,804
114000233,1507,26,1481
114000234,879,361,518
114000235,1177,693,484
114000236,0,178,-178
114000237,83,273,-190
114000238,39,181,-142
114000239,70,300,-230
114000240,649,616,33
114000241,206,352,-146
114000242,553,239,314
114000243,1285,763,522
114000244,222,166,56
114000245,298,494,-196
114000246,34,13,21
114000247,309,349,-40
114000248,1082,403,679
114000249,779,185,594
114000250,536,81,455
114000251,155,40,115
114000252,33,12,21
114000253,8,14,-6
114000254,36,2,34
114000255,153,84,69
114000256,109,290,-181
114000257,189,409,-220
114000258,124,51,73
114000259,118,130,-12
114000260,0,1,-1
114000261,45,16,29
114000262,139,18,121
114000263,5,0,5
114000264,1013,67,946
114000265,0,1,-1
114000267,0,1271,-1271
114000268,1,398,-397
114000270,138,4,134
114000271,124,151,-27
114000283,1076,92,984
114000285,2,77,-75
114000288,54,75,-21
114000289,1285,35,1250
114000293,238,95,143
114000294,121,221,-100
114000395,908,34,874
114000396,374,110,264
114000402,444,137,307
114000403,292,76,216
114000405,194,134,60
114000423,314,102,212
114000424,519,59,460
114000425,790,48,742
114000426,317,579,-262
114000427,35,2,33
114000428,69,54,15
114000429,17,35,-18
114000432,53,5,48
114000434,26,13,13
114000435,0,33,-33
114900001,398,96,302
114900002,201,3,198
114900003,394,112,282
114900004,46,169,-123
114900005,198,114,84
114900006,40,53,-13
114900007,40,0,40
114900008,266,1,265
114900010,303,813,-510
114900011,304,56,248
114900013,170,13,157
114900015,23,291,-268
114900018,264,4,260
114900020,30,31,-1
114900022,2,173,-171
114900024,53,79,-26
114900025,456,60,396
114900026,40,53,-13
114900027,91,91,0
114900029,23,8,15
114900030,208,62,146
114900031,288,1,287
114900032,455,4,451
114900033,143,1069,-926
114900034,15,10,5
114900035,1,101,-100
114900036,45,60,-15
114900037,25,5,20
114900038,94,87,7
114900039,448,45,403
114900040,129,11,118
114900041,755,24,731
114900042,613,33,580
114900043,118,38,80
114900044,74,16,58
114900046,16,11,5
114900047,19,1679,-1660
114900048,4,28,-24
114900049,5,18,-13
114900050,9,45,-36
114900051,5,34,-29
114900052,7,13,-6
114900053,2,58,-56
114900054,3,12,-9
114900057,28,4,24
114900058,1,4,-3
114900059,93,24,69
114900060,43,222,-179
114900061,4,8,-4
114900062,11,57,-46
114900063,12,9,3
114900064,1035,29,1006
114900065,165,366,-201
114900067,11,44,-33
114900068,3,39,-36
114900069,63,24,39
114900070,397,59,338
114900072,2,23,-21
114900073,0,18,-18
114900074,776,26,750
114900075,152,3,149
114900076,6,21,-15
114900080,227,69,158
114900082,862,784,78
114900083,33,163,-130
114900090,371,38,333
114900091,37,68,-31
114900095,11,26,-15
114900096,35,74,-39
114900097,121,0,121
114900098,2,17,-15
114900099,158,24,134
115000001,1457,1003,454
115000002,1935,3534,-1599
115000003,1480,759,721
115000004,2389,3404,-1015
115000005,693,779,-86
115000006,804,625,179
115000007,100,125,-25
115000008,154,261,-107
115000009,129,102,27
115000010,109,128,-19
115000013,17,91,-74
115000015,2,86,-84
115000016,19,69,-50
115000019,9,379,-370
115000020,22,433,-411
115000021,75,176,-101
115000022,79,80,-1
115000023,192,300,-108
115000024,153,59,94
115000025,559,225,334
115000026,141,27,114
115000027,269,116,153
115000028,106,52,54
115000029,502,35,467
115000030,267,141,126
115000031,349,34,315
115000032,0,72,-72
115000033,71,2,69
115000034,51,213,-162
115000035,380,55,325
115000036,0,83,-83
115000037,369,52,317
115000038,26,77,-51
115000039,1138,1817,-679
115000040,1241,1419,-178
115000041,641,2348,-1707
115000042,170,277,-107
115000043,1614,1108,506
115000044,1290,1111,179
115000045,1082,347,735
115000046,2153,959,1194
115000047,1623,749,874
115000048,1054,668,386
115000049,756,894,-138
115000050,1967,769,1198
115000051,879,2684,-1805
115000052,683,915,-232
115000053,1319,1926,-607
115000054,405,442,-37
115000055,77,402,-325
115000056,96,111,-15
115000057,297,768,-471
115000058,68,296,-228
115000059,72,239,-167
115000061,116,103,13
115000062,134,319,-185
115000063,277,162,115
115000064,106,43,63
115000065,12,343,-331
115000067,121,14,107
115000069,76,136,-60
115000070,40,675,-635
115000071,79,18,61
115000072,2,17,-15
115000073,812,28,784
115000075,38,39,-1
115000076,858,686,172
115000077,961,500,461
115000078,854,278,576
115000079,674,425,249
115000080,1745,501,1244
115000081,175,181,-6
115000082,2544,1924,620
115000083,1472,417,1055
115000084,1957,294,1663
115000085,455,227,228
115000086,622,232,390
115000087,191,633,-442
115000088,890,281,609
115000089,698,498,200
115000090,247,429,-182
115000091,169,268,-99
115000092,671,273,398
115000093,644,0,644
115000094,1974,4372,-2398
115000095,1444,3716,-2272
115000096,631,402,229
115000097,1108,887,221
115000098,1193,246,947
115000099,1395,614,781
115000100,1165,265,900
115000101,314,299,15
115000102,410,64,346
115000103,176,332,-156
115000105,60,43,17
115000106,618,214,404
115000107,86,130,-44
115000108,784,630,154
115000109,1525,3696,-2171
115000110,600,1269,-669
115000111,124,210,-86
115000112,263,273,-10
115000113,96,190,-94
115000114,255,117,138
115000116,491,604,-113
115000117,581,607,-26
115000118,713,608,105
115000119,538,645,-107
115000120,191,592,-401
115000121,261,224,37
115000122,283,529,-246
115000123,200,691,-491
115000124,274,553,-279
115000125,140,488,-348
115000126,72,240,-168
115000127,226,62,164
115000128,88,492,-404
115000129,145,308,-163
115000130,140,134,6
115000131,418,114,304
115000132,231,39,192
115000133,413,32,381
115000134,155,22,133
115000135,113,37,76
115000136,104,84,20
115000137,7,25,-18
115000138,176,83,93
115000139,55,34,21
115000140,308,55,253
115000141,110,52,58
115000142,66,30,36
115000143,532,204,328
115000144,276,17,259
115000145,148,71,77
115000146,210,117,93
115000147,125,90,35
115000148,152,355,-203
115000149,346,105,241
115000150,166,115,51
115000151,490,145,345
115000152,208,152,56
115000153,663,142,521
115000154,504,114,390
115000155,312,218,94
115000156,195,383,-188
115000157,153,182,-29
115000158,17,127,-110
115000159,132,161,-29
115000160,107,104,3
115000161,35,202,-167
115000162,272,597,-325
115000163,112,193,-81
115000164,122,209,-87
115000165,102,233,-131
115000167,18,12,6
115000168,328,120,208
115000169,115,239,-124
115000170,52,127,-75
115000171,158,199,-41
115000172,282,506,-224
115000173,84,429,-345
115000174,25,230,-205
115000175,35,48,-13
115000176,6,55,-49
115000177,2,135,-133
115000178,0,145,-145
115000179,25,43,-18
115000180,30,117,-87
115000181,483,48,435
115000182,802,111,691
115000183,331,157,174
115000186,186,18,168
115000187,192,93,99
115000188,197,126,71
115000189,201,223,-22
115000190,326,267,59
115000191,111,355,-244
115000194,90,18,72
115000195,14,31,-17
115000196,194,7,187
115000197,149,73,76
115000198,333,7,326
115000199,324,50,274
115000200,277,30,247
115000201,92,48,44
115000206,474,10,464
115000207,143,49,94
115000208,65,202,-137
115000209,224,127,97
115000210,80,66,14
115000211,42,75,-33
115000212,296,124,172
115000224,133,6,127
115000225,51,6,45
115000229,70,55,15
115000230,8,86,-78
115000231,244,344,-100
115000232,1552,183,1369
115000233,51,32,19
115000234,28,54,-26
115000241,53,45,8
115000242,113,17,96
115000243,20,37,-17
115000244,0,41,-41
115000246,37,3,34
115000247,20,1,19
115000248,24,0,24
115000249,1,0,1
115000250,137,4,133
115000251,202,7,195
115000252,33,54,-21
115000253,7,231,-224
115000258,130,19,111
115000259,22,16,6
115000261,34,0,34
115000262,0,21,-21
115000263,2,7,-5
115000264,0,1,-1
115000267,1,27,-26
115000268,6,36,-30
115000269,54,16,38
115000270,6,34,-28
115000272,33,22,11
115000273,231,3,228
115000280,256,290,-34
115000281,53,689,-636
115000282,215,920,-705
115000284,57,150,-93
115000296,136,4,132
115000297,15,330,-315
115000298,10,358,-348
115000300,70,91,-21
115000302,281,11,270
115000303,588,21,567
115000304,599,59,540
115000305,53,62,-9
115000306,175,36,139
115000307,96,44,52
115000308,2,1,1
115000309,1,95,-94
115000310,1091,187,904
115000311,789,378,411
115000313,39,73,-34
115000314,229,95,134
115000315,114,378,-264
115000316,16,49,-33
115000317,56,122,-66
115000318,540,150,390
115000319,48,47,1
115000320,3,247,-244
115000321,221,28,193
115000322,17,91,-74
115000449,57,115,-58
115000557,0,1594,-1594
115000558,45,33,12
115000587,468,99,369
115000588,919,1014,-95
115000589,2167,1254,913
115000590,270,439,-169
115000591,655,332,323
115000592,284,491,-207
115000593,1167,288,879
115000594,195,805,-610
115000609,114,151,-37
115000617,174,1446,-1272
115000624,195,2,193
115000633,241,599,-358
115000634,1425,230,1195
115000635,273,75,198
115000638,89,231,-142
115000641,18,95,-77
115000642,112,52,60
115000643,26,106,-80
115000644,62,105,-43
115000646,265,375,-110
115000647,29,189,-160
115000648,1380,221,1159
115000893,665,366,299
115000894,86,332,-246
115000895,122,367,-245
115000896,451,158,293
115000897,86,32,54
115000898,92,65,27
115000899,59,450,-391
115000900,10,106,-96
115000901,15,179,-164
115000912,167,36,131
115000913,1,1,0
115000915,4,0,4
115000916,0,0,0
115000917,0,13,-13
115000918,20,362,-342
115000919,0,44,-44
115000920,0,23,-23
115000921,50,26,24
115000922,126,364,-238
115000923,30,602,-572
115000925,132,41,91
115000927,29,24,5
115000933,22,222,-200
115000934,31,93,-62
115000935,64,15,49
115000936,4,420,-416
115000937,118,99,19
115000938,15,24,-9
115000939,3,56,-53
115000940,0,13,-13
115000941,0,20,-20
115000942,0,59,-59
115000943,0,23,-23
115000944,0,8,-8
115900001,190,4,186
115900002,33,45,-12
115900003,93,14,79
115900004,0,9,-9
115900005,246,1,245
115900006,26,32,-6
115900008,119,2,117
115900009,16,11,5
115900010,358,12,346
115900011,102,37,65
115900012,131,3,128
115900013,253,17,236
115900014,53,27,26
115900015,133,1,132
115900016,47,8,39
115900017,59,36,23
115900018,54,5,49
115900019,11,8,3
115900020,128,0,128
115900021,205,115,90
115900022,193,1,192
115900023,7,10,-3
115900025,15,19,-4
115900026,278,9,269
115900027,0,58,-58
115900028,59,8,51
115900029,0,47,-47
115900030,44,22,22
115900031,24,127,-103
115900032,57,147,-90
115900033,0,10,-10
115900034,10,46,-36
115900035,0,14,-14
115900036,3,766,-763
115900037,1,49,-48
115900038,7,15,-8
115900039,58,16,42
115900041,70,354,-284
115900042,19,2,17
115900043,48,4,44
115900044,25,230,-205
115900046,366,16,350
115900047,41,99,-58
115900049,78,32,46
115900051,0,2,-2
115900052,0,80,-80
115900053,209,21,188
115900054,365,12,353
115900055,3,38,-35
115900056,60,29,31
115900057,3,27,-24
115900058,5,29,-24
115900060,10,13,-3
115900061,131,0,131
115900062,16,45,-29
115900063,10,0,10
115900064,77,56,21
115900065,97,22,75
115900066,31,44,-13
115900067,31,54,-23
115900068,742,1063,-321
115900069,20,81,-61
115900070,71,6,65
115900071,0,63,-63
115900072,7,31,-24
115900073,165,96,69
115900074,1,69,-68
115900075,9,41,-32
115900076,1,19,-18
115900077,2,37,-35
115900078,5,23,-18
115900079,337,2,335
115900080,58,33,25
115900081,30,24,6
115900082,65,15,50
115900084,588,3,585
115900085,3,37,-34
115900086,411,42,369
115900088,0,54,-54
115900089,277,153,124
115900090,379,0,379
115900091,0,10,-10
115900092,36,26,10
115900093,2,2,0
115900094,16,51,-35
115900096,3,3,0
115900097,0,130,-130
115900098,196,91,105
115900099,46,15,31
115900100,0,117,-117
115900101,97,26,71
115900102,59,17,42
115900103,147,17,130
115900104,136,35,101
115900105,244,76,168
115900106,63,5,58
115900107,65,11,54
115900108,82,2,80
115900109,4,144,-140
115900110,11,0,11
115900111,0,7,-7
115900112,36,173,-137
115900113,53,0,53
115900114,0,18,-18
115900115,54,45,9
115900116,7,157,-150
115900117,45,0,45
115900118,0,62,-62
115900119,99,20,79
115900120,23,62,-39
115900121,154,4,150
115900124,50,472,-422
115900125,266,24,242
115900126,543,5,538
115900127,597,10,587
115900128,1,48,-47
115900129,196,7,189
115900130,3,299,-296
115900131,306,20,286
115900132,350,0,350
115900134,265,0,265
115900135,179,253,-74
115900137,21,2,19
115900139,9,48,-39
115900140,401,13,388
115900141,0,22,-22
115900142,0,8,-8
115900143,130,90,40
115900144,124,52,72
115900146,7,29,-22
115900147,36,173,-137
115900148,7,5,2
115900149,44,5,39
115900150,87,0,87
115900151,49,33,16
115900152,19,52,-33
115900153,136,31,105
115900154,84,121,-37
115900155,0,21,-21
115900156,228,157,71
115900157,177,114,63
115900158,2,3,-1
115900159,147,23,124
115900160,0,0,0
115900161,7,17,-10
115900163,151,3,148
115900164,539,8,531
115900166,22,38,-16
115900168,258,14,244
115900171,37,40,-3
115900172,3,13,-10
115900173,65,30,35
115900174,67,72,-5
115900175,119,16,103
115900178,36,84,-48
115900179,267,0,267
115900180,41,36,5
115900181,149,50,99
115900182,348,21,327
115900183,3,60,-57
115900184,87,3,84
115900187,2,203,-201
115900189,0,87,-87
115900190,49,295,-246
115900191,13,40,-27
115900192,3,42,-39
115900193,17,12,5
115900194,525,5,520
115900195,72,1601,-1529
115900198,111,44,67
115900199,107,5,102
115900200,72,41,31
115900201,112,216,-104
115900202,0,131,-131
115900203,0,6,-6
115900204,0,31,-31
115900205,1,0,1
115900206,343,9,334
115900207,39,9,30
115900208,48,14,34
115900209,3,28,-25
115900210,0,109,-109
115900211,0,21,-21
115900212,158,9,149
115900213,36,150,-114
115900214,319,80,239
115900215,20,63,-43
115900216,0,22,-22
115900217,0,6,-6
115900218,0,2,-2
115900219,179,0,179
115900220,236,8,228
115900221,187,0,187
115900222,84,7,77
115900223,0,231,-231
115900224,119,1061,-942
115900225,40,36,4
115900226,2,16,-14
115900227,1,1,0
115900228,0,4,-4
115900229,0,2,-2
115900230,4,4,0
115900231,56,2,54
115900232,18,0,18
115900233,84,1,83
115900234,36,23,13
115900235,2,2,0
115900236,2,4,-2
115900237,25,3,22
115900238,3,4,-1
115900239,2,3,-1
115900240,4,7,-3
115900241,271,1,270
115900242,124,197,-73
115900243,2,5,-3
115900244,0,0,0
115900245,87,3,84
115900246,1,0,1
115900247,1,0,1
115900248,0,0,0
115900249,0,0,0
115900250,4,0,4
115900251,2,0,2
115900252,2,0,2
115900253,8,2,6
115900254,3,10,-7
115900255,3,3,0
115900256,2,6,-4
115900257,0,1,-1
115900258,0,0,0
115900259,0,0,0
115900260,1,0,1
115900261,0,1,-1
115900262,7,0,7
115900263,0,0,0
115900264,0,0,0
115900265,0,0,0
115900266,20,7,13
115900267,2,0,2
115900268,1,0,1
115900269,792,73,719
115900270,187,20,167
115900271,194,0,194
115900272,14,0,14
115900273,0,38,-38
115900274,0,0,0
115900275,0,0,0
115900276,0,3,-3
115900277,0,4,-4
115900278,69,28,41
115900279,25,123,-98
115900280,6,311,-305
115900281,46,166,-120
115900282,0,55,-55
115900283,51,0,51
115900284,1,0,1
116000001,2012,777,1235
116000002,2308,8973,-6665
116000003,329,413,-84
116000004,2023,3799,-1776
116000005,407,1203,-796
116000006,1309,2183,-874
116000007,755,958,-203
116000008,2456,1122,1334
116000009,381,813,-432
116000010,1725,679,1046
116000011,377,520,-143
116000012,1105,486,619
116000013,2241,1352,889
116000014,4449,10960,-6511
116000015,15,363,-348
116000016,1365,3089,-1724
116000017,14,240,-226
116000018,59,65,-6
116000019,586,142,444
116000020,198,213,-15
116000021,308,148,160
116000022,214,120,94
116000023,538,474,64
116000024,369,189,180
116000025,445,282,163
116000026,482,829,-347
116000027,222,245,-23
116000028,272,529,-257
116000029,140,130,10
116000030,381,400,-19
116000031,27,9,18
116000032,168,18,150
116000033,477,116,361
116000034,536,302,234
116000035,146,70,76
116000036,57,372,-315
116000037,104,173,-69
116000038,27,155,-128
116000039,130,286,-156
116000040,187,396,-209
116000041,18,356,-338
116000042,356,252,104
116000043,19,180,-161
116000044,1,65,-64
116000045,722,562,160
116000046,389,404,-15
116000047,743,1007,-264
116000048,1385,494,891
116000049,1064,863,201
116000050,755,447,308
116000051,1661,737,924
116000052,1326,1052,274
116000053,1543,191,1352
116000054,578,554,24
116000055,451,208,243
116000056,1237,504,733
116000057,664,153,511
116000058,1088,1306,-218
116000059,810,2814,-2004
116000060,784,624,160
116000061,94,844,-750
116000062,203,231,-28
116000063,243,917,-674
116000066,125,308,-183
116000067,103,182,-79
116000068,59,192,-133
116000069,102,95,7
116000078,197,574,-377
116000080,689,225,464
116000082,14,18,-4
116000083,1097,148,949
116000084,413,840,-427
116000085,1034,943,91
116000086,278,206,72
116000087,2076,1129,947
116000088,468,294,174
116000089,154,26,128
116000090,170,139,31
116000091,97,457,-360
116000093,374,113,261
116000094,506,178,328
116000095,488,116,372
116000096,692,1183,-491
116000097,527,219,308
116000098,15,5258,-5243
116000099,1850,208,1642
116000100,188,9,179
116000101,955,45,910
116000102,234,248,-14
116000103,207,149,58
116000104,130,168,-38
116000105,919,41,878
116000106,285,189,96
116000107,1606,104,1502
116000108,11,144,-133
116000111,65,37,28
116000113,60,5,55
116000114,2,30,-28
116000115,241,41,200
116000116,115,79,36
116000117,803,586,217
116000118,820,268,552
116000119,2506,781,1725
116000120,1243,935,308
116000121,843,217,626
116000122,429,275,154
116000123,1187,105,1082
116000124,363,157,206
116000125,1925,93,1832
116000126,71,214,-143
116000127,367,285,82
116000128,1602,164,1438
116000129,592,50,542
116000130,567,226,341
116000133,1137,117,1020
116000134,692,334,358
116000135,2038,447,1591
116000136,347,623,-276
116000137,654,177,477
116000138,319,122,197
116000139,1102,2213,-1111
116000140,176,217,-41
116000141,236,271,-35
116000142,2492,1455,1037
116000143,1526,1202,324
116000144,1454,926,528
116000145,2238,565,1673
116000146,541,75,466
116000147,86,137,-51
116000148,478,405,73
116000149,225,189,36
116000151,514,274,240
116000153,86,245,-159
116000155,102,188,-86
116000156,330,179,151
116000157,52,0,52
116000158,260,37,223
116000159,0,3,-3
116000160,26,14,12
116000161,2,42,-40
116000162,8,93,-85
116000163,13,7,6
116000164,8,2,6
116000177,13,96,-83
116000194,47,72,-25
116000195,953,147,806
116000196,33,2,31
116000197,7,37,-30
116000198,861,430,431
116000200,220,466,-246
116000201,366,118,248
116000202,7,40,-33
116000203,1,17,-16
116000204,0,10,-10
116000205,0,68,-68
116000206,0,32,-32
116000207,2,24,-22
116000233,55,150,-95
116000287,166,46,120
116000288,228,120,108
116000292,41,44,-3
116000296,6,67,-61
116000297,124,1,123
116000304,215,1,214
116000305,0,4,-4
116000346,238,30,208
116000352,98,10,88
116000354,42,0,42
116000357,0,1,-1
116000358,231,71,160
116000361,30,1,29
116000372,1562,3583,-2021
116000381,116,0,116
116000388,0,7,-7
116000389,385,113,272
116000445,716,67,649
116000446,566,45,521
116000447,2,314,-312
116000448,223,37,186
116000563,280,554,-274
116000565,129,106,23
116000568,20,360,-340
116000579,5,125,-120
116000584,25,1,24
116000585,11,22,-11
116000586,21,33,-12
116000587,198,62,136
116000589,1,27,-26
116000590,85,11,74
116000591,268,60,208
116000592,1,25,-24
116000593,0,8,-8
116000594,828,107,721
116000595,465,19,446
116000596,131,0,131
116000597,381,98,283
116000598,5,97,-92
116000605,62,15,47
116000606,23,170,-147
116000607,1,13,-12
116000609,24,837,-813
116000611,201,71,130
116000612,1273,1811,-538
116000613,480,204,276
116000614,290,85,205
116000615,0,0,0
116000616,38,15,23
116000617,64,6,58
116000618,3,12,-9
116000619,17,38,-21
116000620,297,71,226
116000621,81,21,60
116000622,27,26,1
116000624,54,18,36
116000627,186,20,166
116000628,29,97,-68
116000629,27,184,-157
116000630,734,3,731
116000631,357,7,350
116000632,1252,43,1209
116000633,118,36,82
116000634,535,4,531
116000635,868,855,13
116000636,173,647,-474
116000637,659,4,655
116000638,109,124,-15
116000640,13,18,-5
116000641,4,9,-5
116000644,16,30,-14
116900001,54,15,39
116900002,108,0,108
116900003,71,2,69
116900004,19,50,-31
116900005,213,0,213
116900006,44,76,-32
116900007,22,27,-5
116900008,431,31,400
116900009,27,7,20
116900010,0,142,-142
116900011,2,20,-18
116900012,55,40,15
116900013,16,34,-18
116900014,158,39,119
116900015,473,6,467
116900016,234,3,231
116900017,0,123,-123
116900018,33,32,1
116900019,0,23,-23
116900020,374,1343,-969
116900023,33,10,23
116900024,446,20,426
116900025,951,222,729
116900026,44,134,-90
116900027,33,12,21
116900028,1,2,-1
116900029,2,134,-132
116900031,1,0,1
116900032,1,41,-40
116900033,38,0,38
116900034,2,3,-1
116900035,95,56,39
116900036,2,45,-43
116900038,2,3,-1
116900041,98,1,97
116900042,51,54,-3
116900043,45,37,8
116900047,6,179,-173
116900049,1,36,-35
116900050,21,40,-19
116900051,227,6,221
116900052,90,35,55
116900055,0,9,-9
116900057,24,10,14
116900058,0,39,-39
116900059,0,0,0
116900060,71,95,-24
116900062,2,10,-8
116900064,18,54,-36
116900065,2,17,-15
116900067,30,5,25
116900068,39,80,-41
116900070,17,0,17
116900072,0,40,-40
116900073,0,41,-41
116900074,3,8,-5
116900076,4,12,-8
116900077,3,72,-69
116900078,40,32,8
116900079,9,126,-117
116900080,0,4,-4
116900081,36,173,-137
116900082,49,413,-364
116900083,2,1,1
116900084,34,8,26
116900085,13,70,-57
116900086,10,285,-275
116900088,50,5,45
116900090,1,0,1
116900091,159,4,155
116900092,14,143,-129
116900093,680,611,69
116900094,1438,3057,-1619
116900095,151,27,124
116900096,138,241,-103
116900097,520,1628,-1108
116900098,93,86,7
116900099,58,584,-526
116900100,741,55,686
116900101,34,99,-65
116900103,2,0,2
116900104,3,1144,-1141
116900105,182,158,24
116900106,2135,13,2122
116900107,699,2128,-1429
116900110,4,0,4
116900111,428,188,240
116900112,235,113,122
116900113,318,1641,-1323
116900116,1,94,-93
116900117,104,21,83
116900118,358,649,-291
116900120,317,31,286
116900121,117,4,113
116900122,1038,133,905
116900123,180,160,20
116900124,55,74,-19
116900125,411,92,319
116900126,19,323,-304
116900128,0,1,-1
116900129,0,67,-67
116900130,158,2611,-2453
116900131,20,66,-46
116900132,36,29,7
116900133,95,25,70
116900134,113,141,-28
116900136,57,31,26
116900137,22,13,9
116900138,71,15,56
116900139,6,47,-41
116900140,72,20,52
116900141,200,16,184
116900142,5,11,-6
116900143,188,23,165
116900144,24,6,18
116900145,23,42,-19
116900147,53,267,-214
116900148,1,1,0
116900149,39,146,-107
116900150,15,1,14
116900151,5,9,-4
116900153,97,56,41
116900154,56,229,-173
116900155,24,13,11
116900157,656,8,648
116900158,134,179,-45
116900159,24,165,-141
116900160,456,291,165
116900161,1016,5078,-4062
116900162,3,42,-39
116900163,339,18,321
116900164,55,30,25
116900165,436,135,301
116900166,89,37,52
116900167,332,6,326
116900168,273,7,266
116900169,63,174,-111
116900170,445,129,316
116900171,43,65,-22
116900172,64,213,-149
116900173,430,4,426
116900174,54,80,-26
116900175,93,112,-19
116900178,14,10,4
116900179,21,251,-230
116900180,60,7,53
116900182,348,96,252
116900183,129,34,95
116900185,35,16,19
116900186,141,65,76
116900187,16,36,-20
116900188,70,4,66
116900189,58,0,58
116900191,88,43,45
116900192,183,48,135
116900194,42,398,-356
116900195,46,3,43
116900196,1,39,-38
116900197,98,2,96
116900198,16,398,-382
116900200,53,2,51
116900201,270,1,269
116900202,30,6,24
116900203,107,0,107
116900204,37,134,-97
116900206,2,1,1
116900207,12,6,6
116900208,0,30,-30
116900209,16,29,-13
116900210,72,30,42
116900211,170,0,170
116900212,85,3,82
116900213,71,19,52
116900214,196,59,137
116900215,35,16,19
116900216,72,46,26
116900218,1,62,-61
116900219,230,81,149
116900220,35,105,-70
116900221,66,131,-65
116900222,107,65,42
116900223,21,27,-6
116900226,124,7,117
116900227,259,12,247
116900228,245,26,219
116900230,22,36,-14
116900231,24,88,-64
116900232,5,87,-82
116900233,186,40,146
116900234,1,0,1
116900235,18,28,-10
116900238,283,89,194
116900239,67,986,-919
116900240,2691,2219,472
116900241,62,15,47
116900242,299,557,-258
116900243,0,4,-4
116900245,7,26,-19
116900246,55,16,39
116900247,696,14,682
116900248,89,3,86
116900249,416,47,369
116900250,196,10,186
116900251,75,581,-506
116900252,130,78,52
116900253,60,21,39
116900254,14,60,-46
116900255,93,84,9
116900256,387,99,288
116900257,3,38,-35
116900258,0,17,-17
116900259,164,0,164
116900260,2,2,0
116900261,30,0,30
116900262,74,68,6
116900263,1,0,1
116900264,48,46,2
116900265,78,0,78
116900266,3,3,0
116900267,1,0,1
116900268,0,119,-119
116900269,159,254,-95
116900271,142,217,-75
116900272,135,77,58
116900273,8,38,-30
116900274,97,8,89
116900275,120,34,86
116900276,161,175,-14
116900277,81,5,76
116900278,0,0,0
116900279,4,19,-15
116900280,4,8,-4
116900281,1262,3464,-2202
116900282,0,16,-16
116900283,1,7,-6
116900284,18,59,-41
116900285,34,97,-63
116900286,17,0,17
116900287,1,8,-7
116900288,175,87,88
116900289,9,0,9
116900290,2,0,2
116900291,48,4,44
116900292,0,19,-19
116900293,57,0,57
116900294,3,32,-29
116900295,54,277,-223
116900296,21,14,7
116900297,0,16,-16
116900298,9,140,-131
116900299,3,332,-329
116900300,0,12,-12
116900301,51,16,35
116900302,1,45,-44
116900303,56,26,30
116900304,0,66,-66
116900305,1,6,-5
116900306,190,23,167
116900307,142,1,141
116900308,0,16,-16
116900309,164,57,107
117000001,1812,1305,507
117000002,1079,1441,-362
117000003,3198,1134,2064
117000004,1361,1668,-307
117000005,2248,770,1478
117000006,633,1094,-461
117000007,3926,750,3176
117000008,630,1218,-588
117000009,2383,801,1582
117000010,652,680,-28
117000011,2057,463,1594
117000012,1159,487,672
117000013,1656,340,1316
117000014,1034,1806,-772
117000015,1560,852,708
117000016,95,220,-125
117000017,48,437,-389
117000018,8,678,-670
117000019,10,95,-85
117000020,263,1445,-1182
117000021,1024,687,337
117000022,117,338,-221
117000023,46,375,-329
117000024,54,212,-158
117000025,184,1529,-1345
117000026,810,1623,-813
117000027,432,1058,-626
117000028,242,399,-157
117000030,180,131,49
117000031,172,96,76
117000032,690,1078,-388
117000033,735,379,356
117000034,139,170,-31
117000035,109,66,43
117000036,206,146,60
117000037,209,83,126
117000038,129,233,-104
117000039,71,94,-23
117000040,56,288,-232
117000041,1011,12,999
117000044,1,220,-219
117000045,425,115,310
117000046,151,430,-279
117000047,595,531,64
117000048,647,469,178
117000049,13,114,-101
117000050,180,465,-285
117000051,1778,26,1752
117000052,66,82,-16
117000053,813,4,809
117000054,1075,4,1071
117000055,2,392,-390
117000056,456,10,446
117000057,199,544,-345
117000060,318,471,-153
117000061,1494,745,749
117000062,151,413,-262
117000063,767,487,280
117000064,334,204,130
117000066,201,250,-49
117000067,57,288,-231
117000074,3,41,-38
117000076,4,3,1
117000077,29,13,16
117000078,179,164,15
117000079,119,45,74
117000080,0,226,-226
117000081,139,23,116
117000082,29,37,-8
117000083,52,0,52
117000084,43,0,43
117000085,192,257,-65
117000086,333,133,200
117000087,40,222,-182
117000088,300,65,235
117000089,1978,53,1925
117000090,229,281,-52
117000091,969,70,899
117000092,263,396,-133
117000093,1522,100,1422
117000094,301,467,-166
117000095,2233,95,2138
117000096,374,578,-204
117000097,1152,353,799
117000098,747,1080,-333
117000099,3777,427,3350
117000100,163,141,22
117000101,66,205,-139
117000102,1556,112,1444
117000103,134,410,-276
117000104,1410,147,1263
117000105,234,415,-181
117000106,1682,113,1569
117000107,192,475,-283
117000108,1748,517,1231
117000109,352,769,-417
117000110,1172,1030,142
117000111,2266,2103,163
117000112,2235,639,1596
117000113,30,49,-19
117000114,218,56,162
117000115,31,7,24
117000116,228,61,167
117000117,943,662,281
117000118,225,310,-85
117000119,39,327,-288
117000120,5,350,-345
117000121,8,310,-302
117000122,464,622,-158
117000123,346,63,283
117000124,20,50,-30
117000125,14,305,-291
117000126,5,6,-1
117000127,41,117,-76
117000128,53,258,-205
117000129,88,448,-360
117000130,101,0,101
117000131,0,32,-32
117000132,2474,40,2434
117000133,2738,16,2722
117000134,0,0,0
117000135,1,49,-48
117000136,0,18,-18
117000137,197,33,164
117000138,0,0,0
117000140,89,232,-143
117000141,1610,99,1511
117000181,41,65,-24
117000182,781,754,27
117000195,26,233,-207
117000196,446,162,284
117000225,9,81,-72
117000226,2,88,-86
117000276,389,16,373
117000277,0,129,-129
117000310,518,2044,-1526
117000315,34,277,-243
117000320,45,0,45
117000906,607,5,602
117000907,3,75,-72
117000909,79,77,2
117000910,229,58,171
117000911,6,60,-54
117000915,1,139,-138
117000916,66,0,66
117000917,994,10,984
117000918,157,37,120
117000919,1,14,-13
117000920,1,280,-279
117000921,0,263,-263
117000922,8,9,-1
117000924,776,544,232
117000926,290,224,66
117000927,94,262,-168
117000928,0,37,-37
117000929,330,81,249
117000930,370,5,365
117000931,51,74,-23
117900002,45,469,-424
117900003,34,18,16
117900005,1,81,-80
117900006,0,51,-51
117900007,94,23,71
117900008,1,13,-12
117900010,284,126,158
117900011,2,162,-160
117900012,12,22,-10
117900013,0,59,-59
117900014,416,99,317
117900015,8,55,-47
117900016,284,1104,-820
117900017,483,290,193
117900018,185,158,27
117900019,460,147,313
117900020,39,43,-4
117900021,30,29,1
117900022,19,1,18
117900023,645,17,628
117900024,38,38,0
117900025,4,0,4
117900026,305,119,186
117900028,9,0,9
117900029,110,212,-102
117900030,117,187,-70
117900031,117,117,0
117900032,708,180,528
117900033,314,167,147
117900034,3,3,0
117900035,191,28,163
117900036,206,106,100
117900037,192,16,176
117900038,13,9,4
117900039,0,13,-13
117900040,15,56,-41
117900041,0,10,-10
117900042,640,142,498
117900043,0,9,-9
117900044,7,2482,-2475
117900045,54,53,1
117900048,158,31,127
117900049,234,241,-7
117900050,0,118,-118
117900051,14,6,8
117900052,12,606,-594
117900053,1259,79,1180
117900054,0,1,-1
117900055,247,56,191
117900056,7,20,-13
117900057,258,244,14
117900058,2,36,-34
117900059,34,54,-20
117900060,1703,508,1195
117900061,3,169,-166
117900063,332,89,243
117900065,78,249,-171
117900066,6,170,-164
117900067,439,60,379
117900069,425,51,374
117900070,39,209,-170
117900071,193,40,153
117900073,485,40,445
117900074,22,77,-55
117900075,163,40,123
117900076,9,41,-32
117900077,456,7,449
117900078,287,163,124
117900080,104,30,74
117900081,93,51,42
117900082,493,108,385
117900083,517,190,327
117900086,159,45,114
117900087,94,20,74
117900088,247,233,14
117900089,1529,245,1284
117900090,344,472,-128
117900091,272,21,251
117900092,185,25,160
117900093,138,2,136
117900094,46,29,17
117900095,247,707,-460
117900096,147,122,25
117900097,101,4,97
117900098,164,9,155
117900099,161,1221,-1060
117900100,375,0,375
117900101,504,1707,-1203
117900102,87,3,84
117900103,115,1,114
117900104,3,551,-548
117900105,57,53,4
117900106,92,12,80
117900107,52,0,52
117900109,777,492,285
117900110,130,0,130
117900111,604,46,558
117900112,38,0,38
117900113,449,1606,-1157
117900114,28,0,28
117900115,45,52,-7
117900116,256,156,100
117900117,495,187,308
117900118,96,0,96
117900119,285,17,268
117900120,280,0,280
117900121,95,24,71
117900122,199,3255,-3056
117900123,480,218,262
117900124,68,160,-92
117900125,871,314,557
117900126,24,99,-75
117900127,282,60,222
117900128,198,115,83
117900129,61,0,61
117900130,334,127,207
117900131,0,24,-24
117900132,0,9,-9
117900133,3,20,-17
117900134,32,12,20
117900135,0,43,-43
117900136,0,1,-1
117900137,4,32,-28
117900138,0,8,-8
117900139,21,16,5
117900140,3989,363,3626
117900141,26,176,-150
117900142,26,324,-298
117900144,7,90,-83
117900145,2,72,-70
117900146,33,232,-199
117900147,50,39,11
117900148,936,1315,-379
117900149,20,10,10
117900150,69,14,55
117900151,36,57,-21
117900152,3,25,-22
117900153,26,113,-87
117900154,271,217,54
117900156,236,172,64
117900157,87,138,-51
117900158,377,28,349
117900160,594,337,257
117900161,254,263,-9
117900162,341,157,184
117900163,22,392,-370
117900165,6,7,-1
117900166,4,57,-53
117900168,104,73,31
117900169,0,25,-25
117900170,0,4,-4
117900171,0,1,-1
117900172,0,3,-3
117900173,21,5,16
117900174,0,9,-9
117900175,1,1,0
117900176,3,14,-11
117900177,1,0,1
117900178,19,1,18
117900180,76,43,33
117900181,5,488,-483
117900182,1,71,-70
117900183,75,68,7
117900184,48,19,29
117900185,92,1,91
117900186,37,0,37
117900187,5,1,4
117900188,42,7,35
117900189,40,9,31
117900190,35,0,35
117900191,36,0,36
117900192,84,0,84
117900193,59,23,36
117900194,2,0,2
117900195,0,3,-3
117900196,2,14,-12
117900207,18,48,-30
117900208,1,17,-16
117900209,145,23,122
117900210,18,18,0
117900211,10,48,-38
117900212,68,47,21
117900213,19,0,19
117900214,8,2,6
117900215,4,93,-89
117900216,7,31,-24
117900217,30,38,-8
117900218,31,80,-49
117900219,0,57,-57
117900220,5,58,-53
117900222,81,38,43
117900223,60,180,-120
118000001,300,765,-465
118000002,217,625,-408
118000003,1067,1801,-734
118000004,827,1084,-257
118000005,1378,1216,162
118000006,718,1717,-999
118000007,2490,4936,-2446
118000008,605,2538,-1933
118000009,721,1727,-1006
118000010,1307,1834,-527
118000011,1185,382,803
118000012,371,392,-21
118000013,854,715,139
118000014,654,509,145
118000016,95,108,-13
118000017,408,258,150
118000018,134,79,55
118000019,575,1145,-570
118000020,196,985,-789
118000021,185,1291,-1106
118000022,490,257,233
118000023,207,147,60
118000024,356,401,-45
118000027,3455,3310,145
118000029,318,374,-56
118000032,121,681,-560
118000033,960,1732,-772
118000034,1179,1074,105
118000035,891,791,100
118000036,327,386,-59
118000037,360,580,-220
118000038,250,21,229
118000039,89,51,38
118000040,770,577,193
118000041,1128,654,474
118000045,72,158,-86
118000046,153,398,-245
118000047,140,701,-561
118000048,489,1036,-547
118000051,286,831,-545
118000052,117,321,-204
118000053,79,435,-356
118000054,1251,555,696
118000055,593,542,51
118000056,28,223,-195
118000057,54,212,-158
118000058,752,1896,-1144
118000059,309,1625,-1316
118000060,546,169,377
118000061,472,560,-88
118000062,241,83,158
118000063,107,664,-557
118000064,154,607,-453
118000065,873,530,343
118000066,479,1445,-966
118000067,188,233,-45
118000068,213,5728,-5515
118000069,375,651,-276
118000070,1285,1170,115
118000071,1133,4810,-3677
118000072,290,2493,-2203
118000073,225,1545,-1320
118000074,213,754,-541
118000075,311,635,-324
118000076,684,2702,-2018
118000077,466,631,-165
118000078,907,1049,-142
118000079,71,206,-135
118000080,238,240,-2
118000081,684,566,118
118000082,65,499,-434
118000083,467,821,-354
118000084,431,654,-223
118000086,157,270,-113
118000087,1536,1299,237
118000088,492,611,-119
118000089,1419,1703,-284
118000090,547,1602,-1055
118000091,638,1953,-1315
118000092,251,149,102
118000093,87,410,-323
118000096,358,320,38
118000097,166,186,-20
118000098,143,85,58
118000099,351,74,277
118000101,933,162,771
118000102,252,251,1
118000107,551,67,484
118000108,154,2108,-1954
118000110,0,7,-7
118000111,0,31,-31
118000112,692,3,689
118000113,0,82,-82
118000114,603,2,601
118000115,0,0,0
118000116,13,0,13
118000117,261,320,-59
118000118,534,554,-20
118000119,603,616,-13
118000120,396,392,4
118000121,16,159,-143
118000122,142,95,47
118000123,55,77,-22
118000125,402,840,-438
118000126,297,1109,-812
118000127,414,511,-97
118000128,205,1053,-848
118000129,388,265,123
118000130,660,1287,-627
118000131,149,421,-272
118000132,1504,1376,128
118000133,839,421,418
118000135,167,345,-178
118000136,50,183,-133
118000137,182,62,120
118000138,233,164,69
118000139,222,63,159
118000140,1496,4617,-3121
118000141,1902,965,937
118000142,1490,692,798
118000143,1870,691,1179
118000144,366,144,222
118000145,459,374,85
118000146,652,163,489
118000147,442,460,-18
118000148,473,976,-503
118000149,398,138,260
118000150,504,76,428
118000151,441,81,360
118000153,1355,387,968
118000154,1055,575,480
118000155,1430,484,946
118000156,954,1362,-408
118000157,248,100,148
118000158,98,391,-293
118000159,83,49,34
118000160,491,156,335
118000161,270,179,91
118000162,474,576,-102
118000163,691,691,0
118000164,1054,742,312
118000168,238,255,-17
118000169,322,341,-19
118000170,948,932,16
118000171,174,104,70
118000172,82,73,9
118000173,548,750,-202
118000175,78,82,-4
118000176,163,163,0
118000177,175,157,18
118000178,6,30,-24
118000179,429,305,124
118000180,401,187,214
118000181,278,56,222
118000182,64,38,26
118000183,139,65,74
118000184,731,209,522
118000185,169,521,-352
118000186,114,473,-359
118000187,903,160,743
118000188,666,17,649
118000189,727,31,696
118000190,6,0,6
118000191,0,3,-3
118000192,0,62,-62
118000193,8,134,-126
118000194,546,588,-42
118000195,112,641,-529
118000196,14,95,-81
118000197,9,669,-660
118000198,197,1242,-1045
118000199,156,1037,-881
118000200,32,185,-153
118000201,83,253,-170
118000202,4,100,-96
118000203,64,604,-540
118000204,17,260,-243
118000205,34,87,-53
118000206,117,68,49
118000207,0,26,-26
118000208,748,783,-35
118000209,1194,415,779
118000210,102,10,92
118000211,77,41,36
118000213,119,892,-773
118000214,30,186,-156
118000215,325,44,281
118000216,3298,619,2679
118000217,2,18,-16
118000218,34,26,8
118000219,119,40,79
118000220,5,33,-28
118000221,297,358,-61
118000222,24,1,23
118000223,43,32,11
118000224,65,16,49
118000225,57,285,-228
118000226,673,54,619
118000227,144,122,22
118000228,4,62,-58
118000229,33,65,-32
118000230,22,59,-37
118000231,2,89,-87
118000232,267,123,144
118000233,840,231,609
118000234,209,43,166
118000236,156,125,31
118000237,128,60,68
118000238,119,20,99
118000239,188,105,83
118000240,54,43,11
118000241,113,34,79
118000242,219,59,160
118000243,70,63,7
118000244,86,24,62
118000246,0,4,-4
118000255,26,153,-127
118000256,74,93,-19
118000259,2,36,-34
118000260,145,34,111
118000261,12,4,8
118000263,38,73,-35
118000266,53,53,0
118000267,0,46,-46
118000268,34,2,32
118000270,38,9,29
118000271,165,52,113
118000272,17,0,17
118000273,126,39,87
118000274,21,41,-20
118000276,242,38,204
118000295,27,36,-9
118000298,19,44,-25
118000299,20,34,-14
118000301,0,22,-22
118000302,31,0,31
118000311,914,25,889
118000312,188,17,171
118000313,26,11,15
118000314,65,20,45
118000315,9,2,7
118000316,727,156,571
118000325,61,1,60
118000326,4,20,-16
118000331,48,6,42
118000332,10,2,8
118000333,22,4,18
118000335,307,0,307
118000336,0,71,-71
118000407,301,34,267
118000457,0,26,-26
118000465,382,1093,-711
118000480,11,19,-8
118000489,1,212,-211
118000490,0,84,-84
118000492,470,38,432
118000510,2,1,1
118000514,20,101,-81
118000515,192,492,-300
118000517,87,68,19
118000524,141,189,-48
118000525,119,216,-97
118000530,22,99,-77
118000531,328,52,276
118000532,80,59,21
118000533,100,64,36
118000534,248,89,159
118000535,315,23,292
118000536,24,132,-108
118000537,16,23,-7
118000538,2,12,-10
118000539,5,30,-25
118000540,89,21,68
118000541,42,37,5
118000542,33,111,-78
118000543,133,56,77
118000546,60,16,44
118000553,0,0,0
118000560,187,719,-532
118000562,17,12,5
118000563,809,451,358
118000576,51,20,31
118000577,77,40,37
118000578,45,32,13
118000579,325,681,-356
118000583,0,0,0
118000595,138,58,80
118000596,0,33,-33
118000597,76,27,49
118000598,5,0,5
118000599,209,12,197
118000600,1,0,1
118000601,1,0,1
118000602,1,5,-4
118000603,0,0,0
118000605,72,29,43
118900001,328,354,-26
118900002,239,271,-32
118900003,252,19,233
118900004,35,14,21
118900005,37,1,36
118900006,52,1,51
118900007,0,0,0
118900008,563,1,562
118900009,92,75,17
118900010,40,6,34
118900011,44,1,43
118900012,28,29,-1
118900013,118,178,-60
118900015,159,1,158
118900016,3,4,-1
118900017,1,50,-49
118900018,417,46,371
118900019,1,1,0
118900020,3,16,-13
118900021,64,261,-197
118900022,64,16,48
118900023,11,41,-30
118900024,20,22,-2
118900025,9,46,-37
118900026,27,16,11
118900027,161,85,76
118900028,114,67,47
118900029,85,52,33
118900030,473,8,465
118900031,29,10,19
118900032,106,34,72
118900033,200,155,45
118900034,204,24,180
118900035,34,33,1
118900036,749,143,606
118900037,83,225,-142
118900038,393,24,369
118900039,442,61,381
118900040,174,30,144
118900041,245,102,143
118900042,61,26,35
118900045,54,94,-40
118900046,249,292,-43
118900047,97,293,-196
118900048,37,218,-181
118900049,4,7,-3
118900050,12,9,3
118900051,4,32,-28
118900052,89,234,-145
118900053,0,9,-9
118900054,129,23,106
118900055,49,25,24
118900056,7,45,-38
118900057,404,170,234
118900058,150,158,-8
118900059,0,24,-24
118900060,67,30,37
118900062,93,95,-2
118900064,84,198,-114
118900065,2,106,-104
118900066,23,6,17
118900067,1056,2603,-1547
118900068,2,83,-81
118900069,304,34,270
118900071,2,5,-3
118900072,147,90,57
118900073,212,22,190
118900074,72,19,53
118900075,44,3,41
118900076,120,7,113
118900077,100,64,36
118900078,1,3,-2
118900079,26,1,25
118900080,17,10,7
118900081,26,5,21
118900082,752,69,683
118900083,8,5,3
118900084,1,1,0
118900085,236,105,131
118900086,3,35,-32
118900087,58,336,-278
118900088,0,0,0
118900089,5,9,-4
118900090,76,27,49
118900091,130,67,63
118900092,65,8,57
118900093,0,10,-10
118900096,17,18,-1
118900097,69,115,-46
118900099,9,20,-11
118900100,4,25,-21
118900101,94,51,43
118900102,12,18,-6
118900103,2,27,-25
118900104,86,19,67
118900105,32,21,11
118900107,24,23,1
118900108,31,18,13
118900110,290,387,-97
118900111,153,71,82
118900112,56,34,22
118900113,16,20,-4
118900114,2,10,-8
118900115,1,95,-94
118900116,35,35,0
118900117,57,21,36
118900118,171,82,89
118900119,35,99,-64
118900120,12,142,-130
118900121,32,344,-312
118900122,0,276,-276
118900123,40,44,-4
118900124,40,32,8
118900126,6,66,-60
118900129,112,16,96
118900130,3,42,-39
118900131,148,82,66
118900132,150,57,93
118900133,1,48,-47
118900135,60,58,2
118900136,120,62,58
118900137,7,18,-11
118900139,86,87,-1
118900140,246,167,79
118900141,54,17,37
118900144,107,108,-1
118900145,0,52,-52
118900146,90,139,-49
118900147,35,86,-51
118900148,32,12,20
118900150,39,226,-187
118900152,298,140,158
118900157,14,60,-46
118900158,123,10,113
118900159,0,36,-36
118900161,38,38,0
118900163,36,14,22
118900164,0,11,-11
118900165,28,57,-29
118900166,18,0,18
118900167,6,18,-12
118900168,7,27,-20
118900169,124,67,57
118900170,127,20,107
118900171,23,4,19
118900174,17,3,14
118900175,337,127,210
118900176,96,70,26
118900177,64,3,61
118900178,29,39,-10
118900179,0,0,0
118900181,25,2,23
118900182,0,13,-13
118900183,10,27,-17
118900184,49,9,40
118900185,89,7,82
118900186,71,46,25
118900187,73,117,-44
118900188,103,177,-74
118900189,1,269,-268
118900190,10,23,-13
118900191,264,4,260
118900192,201,5,196
118900193,730,3,727
118900195,96,106,-10
118900196,21,11,10
118900197,257,0,257
118900198,26,2,24
118900199,40,5,35
118900200,7,3,4
118900201,3,15,-12
118900202,0,7,-7
118900203,6,1,5
118900204,2,1,1
118900205,0,11,-11
118900206,2,15,-13
119000001,872,600,272
119000002,1936,1342,594
119000003,2026,274,1752
119000004,1529,896,633
119000005,1259,1239,20
119000006,2043,817,1226
119000007,2438,2165,273
119000008,756,516,240
119000009,1354,3212,-1858
119000010,1648,2106,-458
119000011,1398,1085,313
119000012,588,1482,-894
119000013,2006,1144,862
119000014,739,1161,-422
119000019,92,48,44
119000020,1371,967,404
119000021,2781,2095,686
119000022,589,1332,-743
119000023,103,112,-9
119000024,777,9433,-8656
119000025,1404,430,974
119000026,25,333,-308
119000027,69,245,-176
119000028,839,256,583
119000029,21,124,-103
119000030,362,407,-45
119000031,452,298,154
119000032,354,693,-339
119000033,1062,639,423
119000034,675,243,432
119000035,2,92,-90
119000036,1454,158,1296
119000037,823,334,489
119000038,76,234,-158
119000039,500,198,302
119000040,204,466,-262
119000041,311,711,-400
119000048,1041,755,286
119000049,1195,646,549
119000050,466,724,-258
119000051,1170,385,785
119000052,835,830,5
119000053,1199,481,718
119000054,1652,512,1140
119000055,2776,656,2120
119000056,2425,622,1803
119000057,832,360,472
119000058,449,375,74
119000059,460,361,99
119000060,958,216,742
119000061,220,261,-41
119000062,480,316,164
119000063,299,213,86
119000064,186,363,-177
119000065,516,827,-311
119000066,831,530,301
119000067,688,549,139
119000068,930,210,720
119000069,905,363,542
119000070,1777,353,1424
119000071,114,80,34
119000072,1348,780,568
119000073,1745,3556,-1811
119000074,910,478,432
119000075,2649,732,1917
119000076,68,140,-72
119000077,384,160,224
119000078,218,66,152
119000079,82,178,-96
119000080,334,63,271
119000081,157,100,57
119000082,258,25,233
119000083,211,70,141
119000084,180,64,116
119000085,219,51,168
119000086,195,114,81
119000087,339,197,142
119000088,209,25,184
119000089,49,72,-23
119000090,52,45,7
119000091,52,116,-64
119000092,43,111,-68
119000093,1430,960,470
119000094,2588,2064,524
119000095,1235,1342,-107
119000097,591,423,168
119000098,527,2233,-1706
119000099,788,335,453
119000100,2470,1220,1250
119000101,1302,764,538
119000102,88,763,-675
119000103,370,222,148
119000104,321,178,143
119000105,490,1364,-874
119000106,161,152,9
119000107,799,256,543
119000108,311,252,59
119000109,29,143,-114
119000110,50,51,-1
119000111,11,278,-267
119000112,58,21,37
119000113,187,75,112
119000114,264,461,-197
119000115,13,101,-88
119000116,9,68,-59
119000117,8,138,-130
119000118,3,0,3
119000123,437,1427,-990
119000124,555,70,485
119000125,2722,237,2485
119000126,1064,273,791
119000127,488,68,420
119000128,46,0,46
119000131,683,115,568
119000132,2,1,1
119000133,0,6,-6
119000134,451,276,175
119000135,161,89,72
119000136,189,15,174
119000137,179,58,121
119000138,449,49,400
119000139,65,28,37
119000140,44,79,-35
119000284,412,859,-447
119000285,599,471,128
119000286,1541,996,545
119000287,781,595,186
119000288,1062,280,782
119000289,514,572,-58
119000290,104,132,-28
119000291,5,114,-109
119000293,121,181,-60
119000294,27,17,10
119000295,402,111,291
119000296,242,69,173
119000299,0,0,0
119000302,808,693,115
119000303,0,43,-43
119000310,0,0,0
119000314,759,7407,-6648
119000315,0,17,-17
119000316,114,11,103
119000317,33,45,-12
119900001,53,272,-219
119900002,124,17,107
119900003,1,58,-57
119900004,32,1102,-1070
119900005,104,25,79
119900006,24,87,-63
119900007,188,76,112
119900008,0,8,-8
119900009,183,69,114
119900010,199,219,-20
119900011,15,178,-163
119900012,1,62,-61
119900013,606,476,130
119900014,211,41,170
119900015,175,4,171
119900016,21,23,-2
119900017,49,7,42
119900018,377,795,-418
119900019,19,0,19
119900020,37,24,13
119900021,37,7,30
119900022,27,507,-480
119900023,93,1317,-1224
119900025,181,1,180
119900026,149,32,117
119900027,4,0,4
119900028,103,124,-21
119900029,3,0,3
119900030,171,58,113
119900031,39,476,-437
119900033,273,171,102
119900034,380,3,377
119900037,98,1,97
119900038,12,103,-91
119900039,68,44,24
119900040,101,18,83
119900041,98,3,95
119900042,40,32,8
119900043,60,10,50
119900044,56,470,-414
119900046,121,10,111
119900047,148,141,7
119900048,60,8,52
119900049,74,0,74
119900050,52,78,-26
119900051,993,4,989
119900052,54,20,34
119900053,133,46,87
119900054,123,1,122
119900055,676,126,550
119900057,302,25,277
119900058,258,4,254
119900059,18,14,4
119900060,337,8,329
119900061,198,1,197
119900062,74,5,69
119900063,1,20,-19
119900065,258,2,256
119900066,0,0,0
119900067,27,2,25
119900068,550,3,547
119900069,66,1,65
119900070,411,1,410
119900071,724,10,714
119900073,348,82,266
119900074,14,110,-96
119900075,750,880,-130
119900076,518,101,417
119900077,864,84,780
119900078,457,179,278
119900079,295,47,248
119900080,375,141,234
119900081,414,38,376
119900082,1233,134,1099
119900083,81,50,31
119900084,113,24,89
119900085,7,27,-20
119900086,171,115,56
119900087,61,100,-39
119900088,15,11,4
119900089,11,53,-42
119900090,16,5,11
119900091,2,78,-76
119900092,2,65,-63
119900093,272,93,179
119900094,2,27,-25
119900095,33,11,22
119900096,41,24,17
119900097,24,76,-52
119900098,26,0,26
119900099,3,30,-27
119900100,286,1127,-841
119900101,26,227,-201
119900102,34,28,6
119900103,25,31,-6
119900104,43,47,-4
119900105,181,392,-211
119900106,0,46,-46
119900107,42,507,-465
119900108,935,235,700
119900109,6,94,-88
119900110,230,49,181
119900111,104,32,72
119900112,465,428,37
119900113,8,59,-51
119900114,95,80,15
119900115,282,92,190
119900116,6,126,-120
119900117,53,80,-27
119900118,28,115,-87
119900119,91,28,63
119900120,114,95,19
119900121,317,87,230
119900122,6,30,-24
119900123,7,55,-48
119900124,115,126,-11
119900125,4,53,-49
119900126,545,93,452
119900127,216,135,81
119900128,210,98,112
119900129,166,53,113
119900130,1,33,-32
119900131,25,36,-11
119900132,0,5,-5
119900133,22,9,13
119900134,158,20,138
119900135,0,44,-44
119900136,7,36,-29
119900138,40,33,7
119900139,0,19,-19
119900140,2,14,-12
119900141,14,319,-305
119900142,8,16,-8
119900143,2,48,-46
119900144,371,33,338
119900145,3,18,-15
119900146,26,25,1
119900147,0,86,-86
119900148,289,9,280
119900149,97,2196,-2099
119900150,54,10,44
119900151,307,350,-43
119900152,60,24,36
119900153,76,11,65
119900154,10,80,-70
119900155,4,20,-16
119900156,5,0,5
119900157,145,40,105
119900158,86,16,70
119900159,5,121,-116
119900160,23,44,-21
119900161,59,25,34
119900162,434,187,247
119900163,14,47,-33
119900164,0,0,0
119900165,86,17,69
119900166,83,10,73
119900167,0,20,-20
119900168,468,95,373
119900169,4,89,-85
119900170,40,39,1
119900171,161,124,37
119900172,17,2,15
119900173,1,57,-56
119900174,0,21,-21
119900175,1075,75,1000
119900177,1,27,-26
119900178,0,22,-22
119900179,55,532,-477
119900180,446,194,252
119900181,1,19,-18
119900182,0,49,-49
119900183,14,192,-178
119900184,217,47,170
119900185,16,153,-137
119900186,0,711,-711
119900187,3,47,-44
119900188,33,82,-49
119900189,26,76,-50
119900190,36,171,-135
119900191,37,62,-25
119900192,4,44,-40
119900193,398,56,342
119900194,29,8,21
119900195,0,29,-29
119900196,70,73,-3
119900197,165,48,117
119900198,37,57,-20
119900199,46,0,46
119900200,302,85,217
119900201,48,42,6
119900202,5,72,-67
119900203,67,218,-151
119900204,41,53,-12
119900205,509,29,480
119900206,287,18,269
119900208,58,16,42
119900209,204,581,-377
119900210,38,6,32
119900211,12,0,12
119900212,321,98,223
119900213,2,42,-40
119900214,23,6,17
119900215,20,5,15
119900216,16,8,8
119900217,0,9,-9
119900218,0,3,-3
119900219,0,10,-10
119900220,2,14,-12
119900221,4,20,-16
119900222,0,35,-35
119900223,1,4,-3
119900224,2,2,0
119900225,105,13,92
119900226,40,792,-752
119900227,149,53,96
119900228,2,92,-90
119900229,18,47,-29
119900230,231,82,149
119900231,276,12,264
119900232,80,9,71
119900233,60,3,57
119900234,8,5,3
119900235,8,7,1
119900236,4,19,-15
119900237,0,97,-97
119900238,0,7,-7
119900240,33,39,-6
119900241,71,63,8
119900242,459,289,170
119900244,90,284,-194
119900245,36,48,-12
119900246,38,128,-90
119900247,21,3,18
119900248,2,155,-153
119900249,138,6,132
119900253,369,180,189
119900254,44,610,-566
119900255,53,100,-47
119900256,606,192,414
119900257,112,9,103
119900258,123,17,106
119900259,6,32,-26
119900260,142,8,134
119900261,187,23,164
119900262,0,36,-36
119900263,351,37,314
119900264,108,19,89
119900265,301,37,264
119900266,170,17,153
119900267,55,99,-44
119900268,85,10,75
119900269,343,107,236
119900271,1,11,-10
119900272,11,33,-22
119900275,66,0,66
119900276,37,0,37
119900277,18,0,18
119900278,56,29,27
119900279,22,85,-63
119900280,118,16,102
119900281,0,188,-188
119900282,8,46,-38
119900283,0,28,-28
119900284,14,53,-39
119900285,0,86,-86
119900286,1,6,-5
119900288,1,1,0
119900289,9,0,9
119900290,0,0,0
119900291,0,14,-14
119900292,25,30,-5
119900293,26,5,21
119900294,21,14,7
119900295,18,13,5
119900296,14,8,6
119900297,0,0,0
119900298,0,1,-1
119900299,7,18,-11
119900300,142,34,108
119900301,0,93,-93
119900302,2,8,-6
119900303,175,13,162
119900304,135,1,134
119900305,3,1,2
119900306,3,1,2
119900307,65,1,64
119900308,0,2,-2
119900309,9,138,-129
119900310,33,45,-12
119900311,87,17,70
119900312,79,10,69
119900313,13,58,-45
119900314,123,163,-40
119900315,1547,455,1092
119900318,7,55,-48
119900319,43,87,-44
119900320,105,42,63
119900321,120,5,115
119900322,0,8,-8
119900323,0,36,-36
119900324,0,26,-26
119900325,111,45,66
119900326,53,1,52
120000001,3797,14349,-10552
120000002,1265,850,415
120000003,930,410,520
120000004,1308,500,808
120000005,1156,390,766
120000006,648,288,360
120000007,1134,1722,-588
120000008,427,336,91
120000009,898,369,529
120000010,985,718,267
120000011,533,493,40
120000012,765,827,-62
120000013,2117,1253,864
120000014,349,592,-243
120000015,1417,638,779
120000016,2613,1377,1236
120000017,2147,1753,394
120000018,2002,9943,-7941
120000019,561,578,-17
120000020,1051,1398,-347
120000021,872,666,206
120000022,2162,2827,-665
120000023,1066,775,291
120000024,739,869,-130
120000025,1771,677,1094
120000026,2358,1117,1241
120000027,1499,1237,262
120000028,391,383,8
120000029,285,329,-44
120000030,63,285,-222
120000031,724,2023,-1299
120000032,1949,875,1074
120000033,1727,380,1347
120000034,1680,277,1403
120000035,1750,388,1362
120000036,1543,1911,-368
120000037,366,1037,-671
120000038,1095,899,196
120000039,182,417,-235
120000040,6,245,-239
120000041,304,398,-94
120000042,961,469,492
120000043,2909,461,2448
120000044,4242,859,3383
120000045,5525,360,5165
120000046,4083,2668,1415
120000047,163,3321,-3158
120000048,3357,1767,1590
120000049,2377,1113,1264
120000050,1384,1508,-124
120000051,1135,1659,-524
120000052,2937,617,2320
120000053,522,925,-403
120000054,460,1440,-980
120000055,543,1106,-563
120000056,1767,1261,506
120000057,1804,409,1395
120000058,646,457,189
120000059,5,1309,-1304
120000061,52,168,-116
120000062,68,113,-45
120000063,256,664,-408
120000064,236,396,-160
120000065,175,401,-226
120000066,127,122,5
120000067,16,118,-102
120000068,91,135,-44
120000069,405,140,265
120000070,71,196,-125
120000071,688,24,664
120000072,739,146,593
120000073,741,21,720
120000074,23,16,7
120000075,798,88,710
120000076,1907,135,1772
120000077,1685,108,1577
120000078,1312,203,1109
120000079,336,170,166
120000080,72,129,-57
120000081,299,62,237
120000082,350,177,173
120000083,34,566,-532
120000084,67,74,-7
120000085,68,168,-100
120000086,93,185,-92
120000087,91,90,1
120000088,341,239,102
120000089,491,148,343
120000090,324,90,234
120000091,781,175,606
120000092,591,129,462
120000093,704,169,535
120000094,206,274,-68
120000095,306,144,162
120000096,232,185,47
120000098,338,180,158
120000099,69,222,-153
120000100,374,192,182
120000101,399,84,315
120000102,385,733,-348
120000103,767,435,332
120000104,1529,130,1399
120000105,1824,76,1748
120000106,2367,82,2285
120000107,4322,163,4159
120000108,1373,52,1321
120000109,971,13,958
120000110,15,308,-293
120000111,57,369,-312
120000112,167,711,-544
120000113,127,518,-391
120000114,107,361,-254
120000115,79,422,-343
120000116,67,419,-352
120000117,198,324,-126
120000118,23,5,18
120000119,2,12,-10
120000120,69,74,-5
120000121,4,5,-1
120000122,92,318,-226
120000123,1049,6650,-5601
120000124,272,230,42
120000125,504,240,264
120000126,139,412,-273
120000127,254,248,6
120000128,818,1236,-418
120000129,89,85,4
120000130,324,147,177
120000131,378,199,179
120000134,57,71,-14
120000135,571,315,256
120000137,144,56,88
120000138,781,69,712
120000139,101,70,31
120000140,898,76,822
120000141,187,133,54
120000142,538,139,399
120000143,0,21,-21
120000144,56,0,56
120000145,329,0,329
120000146,443,779,-336
120000149,159,201,-42
120000150,449,6186,-5737
120000151,441,121,320
120000152,660,45,615
120000153,332,78,254
120000154,227,227,0
120000155,73,105,-32
120000156,155,950,-795
120000157,656,124,532
120000158,457,145,312
120000159,770,602,168
120000160,1052,1265,-213
120000161,2183,1374,809
120000162,118,265,-147
120000163,431,105,326
120000164,434,48,386
120000165,608,121,487
120000166,1332,107,1225
120000167,14,85,-71
120000168,1,168,-167
120000169,4,339,-335
120000170,4,235,-231
120000171,0,56,-56
120000172,0,113,-113
120000173,44,100,-56
120000174,4,26,-22
120000175,12,18,-6
120000176,5,24,-19
120000177,200,72,128
120000178,26,36,-10
120000179,16,19,-3
120000180,55,12,43
120000181,5,280,-275
120000182,14,317,-303
120000183,0,185,-185
120000184,14,308,-294
120000186,25,274,-249
120000187,10,55,-45
120000188,14,51,-37
120000190,51,20,31
120000191,74,27,47
120000192,37,6,31
120000193,81,6,75
120000195,2,0,2
120000196,46,11,35
120000197,10,24,-14
120000198,221,3,218
120000199,301,0,301
120000200,179,0,179
120000201,60,42,18
120000202,0,28,-28
120000203,46,19,27
120000207,0,20,-20
120000208,2,14,-12
120000209,8,2,6
120000210,13,5,8
120000211,236,1,235
120000212,212,0,212
120000213,151,70,81
120000214,0,12,-12
120000215,0,12,-12
120000216,151,18,133
120000217,151,160,-9
120000218,15,201,-186
120000219,0,185,-185
120000220,1,364,-363
120000225,2148,2,2146
120000226,530,3,527
120000227,569,68,501
120000228,2696,2056,640
120000230,245,18,227
120000231,969,197,772
120000233,418,7,411
120000235,92,168,-76
120000236,970,1,969
120000237,0,166,-166
120000238,0,93,-93
120000241,878,2085,-1207
120000412,145,1,144
120000413,269,62,207
120000414,246,0,246
120000415,0,7,-7
120000416,81,0,81
120000417,1,31,-30
120000418,256,2,254
120000419,2,24,-22
120000420,8,4,4
120000421,3655,2052,1603
120000422,69,1344,-1275
120000423,1,32,-31
120000424,88,4,84
120000436,99,837,-738
120000437,16,55,-39
120000438,701,130,571
120000439,108,430,-322
120000443,143,0,143
120000444,1306,147,1159
120000445,1120,613,507
120000446,143,57,86
120000447,321,0,321
120000449,129,0,129
120000450,1,33,-32
120000451,101,70,31
120000452,117,0,117
120000453,0,10,-10
120000454,13,27,-14
120000455,65,25,40
120000456,541,1822,-1281
120000457,197,215,-18
120000458,152,136,16
120000459,77,12,65
120000665,75,133,-58
120000668,32,309,-277
120000669,131,55,76
120000670,17,255,-238
120000671,894,342,552
120000672,7,108,-101
120900001,147,12,135
120900002,32,97,-65
120900003,52,3,49
120900004,11,58,-47
120900005,218,212,6
120900006,519,41,478
120900007,27,40,-13
120900008,556,214,342
120900009,111,14,97
120900010,610,70,540
120900011,4,119,-115
120900012,24,764,-740
120900013,319,76,243
120900014,20,87,-67
120900015,909,21,888
120900016,1346,11,1335
120900017,571,36,535
120900018,87,96,-9
120900019,279,196,83
120900020,221,323,-102
120900021,463,28,435
120900022,4,65,-61
120900023,496,32,464
120900024,560,129,431
120900025,442,196,246
120900026,19,24,-5
120900027,46,11,35
120900028,452,95,357
120900029,12,621,-609
120900030,1591,198,1393
120900031,377,59,318
120900032,1305,49,1256
120900033,842,19,823
120900034,3,1203,-1200
120900035,5,7,-2
120900037,279,1,278
120900038,46,447,-401
120900039,103,14,89
120900040,439,0,439
120900041,57,57,0
120900042,334,34,300
120900043,82,33,49
120900044,5,186,-181
120900045,27,24,3
120900046,718,0,718
120900047,78,200,-122
120900048,98,10,88
120900049,576,2,574
120900050,331,1674,-1343
120900051,252,47,205
120900052,925,2,923
120900053,247,9,238
120900054,285,63,222
120900055,606,0,606
120900056,486,17,469
120900057,212,18,194
120900058,789,0,789
120900059,54,2,52
120900060,27,4,23
120900061,64,28,36
120900062,303,2,301
120900063,800,6,794
120900064,787,0,787
120900065,832,15,817
120900066,568,94,474
120900067,96,34,62
120900068,394,0,394
120900069,250,9,241
120900071,9,1,8
120900072,842,9,833
120900073,774,55,719
120900074,781,17,764
120900076,408,0,408
120900077,527,265,262
120900078,800,106,694
120900079,987,122,865
120900080,1016,191,825
120900081,1473,459,1014
120900082,174,152,22
120900083,132,1,131
120900084,270,440,-170
120900085,13,16,-3
120900086,7,361,-354
120900087,422,98,324
120900088,100,660,-560
120900089,576,2806,-2230
120900090,130,29,101
120900091,140,470,-330
120900092,49,99,-50
120900093,507,75,432
120900094,47,30,17
120900095,59,1,58
120900096,13,64,-51
120900097,244,248,-4
120900098,44,29,15
120900099,9,15,-6
120900100,17,44,-27
120900101,9,54,-45
120900102,25,14,11
120900103,23,45,-22
120900104,3,3,0
120900105,3,75,-72
120900106,161,58,103
120900107,121,36,85
120900108,1,110,-109
120900109,13,65,-52
120900110,3,43,-40
120900111,65,30,35
120900112,0,136,-136
120900113,3,109,-106
120900114,27,61,-34
120900115,60,104,-44
120900116,522,89,433
120900117,0,54,-54
120900118,8,78,-70
120900119,1976,903,1073
120900120,0,87,-87
120900121,0,96,-96
120900122,719,104,615
120900123,1,72,-71
120900124,0,121,-121
120900125,0,96,-96
120900126,158,155,3
120900127,1,89,-88
120900128,71,276,-205
120900129,41,52,-11
120900130,8,75,-67
120900131,27,4,23
120900132,731,51,680
120900133,26,142,-116
120900134,38,110,-72
120900135,27,203,-176
120900136,3,16,-13
120900137,296,25,271
120900138,1,164,-163
120900139,1,172,-171
120900140,0,65,-65
120900141,146,35,111
120900142,0,142,-142
120900143,0,143,-143
120900144,0,97,-97
120900145,35,169,-134
120900146,0,127,-127
120900147,0,3,-3
120900148,22,15,7
120900149,1,89,-88
120900150,35,71,-36
120900151,3,38,-35
120900152,0,0,0
120900153,6,2,4
120900154,3,55,-52
120900155,92,142,-50
120900156,87,71,16
120900157,0,2,-2
120900158,27,74,-47
120900159,0,27,-27
120900160,16,122,-106
120900161,2,195,-193
120900162,8,115,-107
120900163,8,187,-179
120900164,0,18,-18
120900165,0,40,-40
120900166,8,201,-193
120900167,69,20,49
120900169,72,61,11
120900170,106,3197,-3091
120900171,182,49,133
120900172,40,393,-353
120900173,2,7,-5
120900174,1,13,-12
120900175,80,19,61
120900176,1,199,-198
120900177,0,841,-841
120900178,1,371,-370
120900179,59,49,10
120900180,22,87,-65
120900181,0,9,-9
120900182,5,6,-1
120900183,220,39,181
120900184,27,8,19
120900185,60,417,-357
120900186,0,96,-96
120900187,413,132,281
120900188,225,25,200
120900189,14,1892,-1878
120900190,114,16,98
120900191,60,0,60
120900192,2763,8531,-5768
120900194,65,3,62
120900195,37,68,-31
120900196,33,16,17
120900197,661,19,642
120900198,29,307,-278
120900199,143,246,-103
120900200,13,52,-39
120900201,162,28,134
120900202,0,27,-27
120900203,19,11,8
120900204,18,51,-33
120900205,0,18,-18
120900206,38,11,27
120900207,2,182,-180
121000001,430,441,-11
121000002,595,954,-359
121000003,2452,1118,1334
121000004,663,1705,-1042
121000005,1496,2100,-604
121000006,859,1645,-786
121000007,953,1975,-1022
121000008,1425,1936,-511
121000009,2399,3009,-610
121000010,1898,1696,202
121000011,2055,3234,-1179
121000012,4109,1804,2305
121000013,2844,2778,66
121000014,2062,1287,775
121000015,2314,3385,-1071
121000016,1380,1073,307
121000017,910,1167,-257
121000018,1333,723,610
121000019,2414,3386,-972
121000020,3897,6254,-2357
121000021,603,497,106
121000022,819,1386,-567
121000023,790,311,479
121000024,1763,2063,-300
121000025,103,336,-233
121000026,57,76,-19
121000027,836,656,180
121000028,280,380,-100
121000029,248,275,-27
121000030,126,263,-137
121000031,111,226,-115
121000032,38,108,-70
121000034,77,142,-65
121000035,47,176,-129
121000036,425,349,76
121000037,183,878,-695
121000038,131,443,-312
121000039,54,114,-60
121000041,92,287,-195
121000042,50,270,-220
121000043,185,485,-300
121000044,387,289,98
121000045,173,208,-35
121000046,267,489,-222
121000047,38,127,-89
121000049,449,521,-72
121000050,56,1043,-987
121000051,305,102,203
121000052,198,1094,-896
121000053,136,115,21
121000054,20,194,-174
121000055,320,595,-275
121000056,360,797,-437
121000057,98,66,32
121000058,72,27,45
121000059,2255,456,1799
121000060,496,623,-127
121000061,8,363,-355
121000062,22,189,-167
121000063,489,701,-212
121000064,293,343,-50
121000065,109,220,-111
121000066,164,346,-182
121000067,244,105,139
121000068,129,436,-307
121000069,68,817,-749
121000070,387,352,35
121000071,662,873,-211
121000072,268,175,93
121000073,363,558,-195
121000074,48,119,-71
121000075,5,32,-27
121000076,168,80,88
121000077,43,64,-21
121000078,42,174,-132
121000080,431,154,277
121000081,775,1404,-629
121000082,86,68,18
121000083,61,63,-2
121000084,64,182,-118
121000085,103,109,-6
121000086,212,201,11
121000087,17,85,-68
121000088,182,129,53
121000089,44,175,-131
121000090,63,210,-147
121000091,460,412,48
121000092,68,12,56
121000093,110,59,51
121000094,120,191,-71
121000095,111,392,-281
121000096,2283,646,1637
121000097,153,713,-560
121000098,110,216,-106
121000099,276,142,134
121000100,533,98,435
121000101,160,25,135
121000102,102,31,71
121000103,42,81,-39
121000104,112,13,99
121000105,108,25,83
121000106,49,110,-61
121000107,795,1124,-329
121000109,446,680,-234
121000110,74,351,-277
121000114,1145,841,304
121000115,307,160,147
121000116,149,153,-4
121000117,182,52,130
121000118,684,45,639
121000119,168,104,64
121000120,150,342,-192
121000121,280,2374,-2094
121000123,154,107,47
121000127,24,101,-77
121000128,579,82,497
121000129,492,58,434
121000130,146,281,-135
121000131,392,432,-40
121000132,101,424,-323
121000135,68,130,-62
121000136,298,1002,-704
121000137,208,168,40
121000138,160,2370,-2210
121000139,31,372,-341
121000141,209,57,152
121000142,181,349,-168
121000143,7,6,1
121000144,199,393,-194
121000145,173,252,-79
121000146,382,456,-74
121000147,536,204,332
121000148,216,213,3
121000149,848,718,130
121000152,130,116,14
121000153,744,183,561
121000154,564,177,387
121000155,1194,294,900
121000156,131,354,-223
121000157,312,468,-156
121000158,147,201,-54
121000159,168,182,-14
121000160,186,112,74
121000161,193,195,-2
121000162,94,47,47
121000165,351,1152,-801
121000166,7,272,-265
121000168,174,251,-77
121000169,7,64,-57
121000170,97,33,64
121000171,44,46,-2
121000172,370,280,90
121000173,877,590,287
121000174,325,379,-54
121000175,738,228,510
121000176,227,141,86
121000177,284,265,19
121000178,65,15,50
121000179,52,17,35
121000181,35,196,-161
121000182,134,408,-274
121000183,44,313,-269
121000184,21,270,-249
121000185,35,367,-332
121000186,139,561,-422
121000187,139,28,111
121000188,134,8,126
121000192,258,249,9
121000193,278,139,139
121000194,698,864,-166
121000195,181,518,-337
121000196,184,126,58
121000197,51,169,-118
121000198,56,61,-5
121000199,81,84,-3
121000200,311,65,246
121000201,1,125,-124
121000202,324,42,282
121000203,275,458,-183
121000204,1526,320,1206
121000205,157,118,39
121000206,14,65,-51
121000207,1166,628,538
121000208,11,213,-202
121000209,673,67,606
121000210,368,241,127
121000211,131,24,107
121000212,175,268,-93
121000213,4898,1279,3619
121000214,385,909,-524
121000215,402,471,-69
121000216,161,322,-161
121000217,1604,2238,-634
121000218,263,622,-359
121000219,619,206,413
121000220,200,39,161
121000221,308,292,16
121000222,2689,2044,645
121000223,136,556,-420
121000224,112,250,-138
121000225,247,3557,-3310
121000226,546,1456,-910
121000227,30,132,-102
121000228,13,196,-183
121000229,88,168,-80
121000230,81,579,-498
121000231,979,44,935
121000232,121,83,38
121000233,300,189,111
121000234,2,73,-71
121000235,21,94,-73
121000236,0,63,-63
121000237,2,4,-2
121000238,0,20,-20
121000239,50,1,49
121000240,3,37,-34
121000241,67,2,65
121000242,5,116,-111
121000243,109,21,88
121000244,0,32,-32
121000245,15,0,15
121000246,0,47,-47
121000247,85,0,85
121000248,123,229,-106
121000249,81,78,3
121000250,434,604,-170
121000251,3,256,-253
121000252,58,79,-21
121000253,167,391,-224
121000254,620,171,449
121000255,18,542,-524
121000256,149,328,-179
121000257,7,159,-152
121000258,32,270,-238
121000259,10,162,-152
121000260,5,86,-81
121000261,11,172,-161
121000262,373,274,99
121000263,136,216,-80
121000271,213,576,-363
121000273,23,2,21
121000274,7,128,-121
121000275,0,1,-1
121000276,0,88,-88
121000278,46,15,31
121000279,6,38,-32
121000280,5,117,-112
121000289,157,8,149
121000290,308,522,-214
121000294,140,31,109
121000297,106,468,-362
121000299,24,770,-746
121000300,467,249,218
121000302,3,258,-255
121000303,163,78,85
121000304,168,32,136
121000305,130,19,111
121000306,91,81,10
121000308,39,44,-5
121000309,78,99,-21
121000310,53,62,-9
121000311,5,104,-99
121000312,250,83,167
121000313,52,82,-30
121000314,0,2,-2
121000315,1,18,-17
121000530,915,593,322
121000531,840,742,98
121000532,2010,2979,-969
121000533,1724,1141,583
121000918,36,98,-62
121000919,33,118,-85
121000938,7,53,-46
121000939,7,103,-96
121000956,918,587,331
121000957,24,20,4
121000958,0,64,-64
121000959,678,240,438
121000960,810,470,340
121000961,191,6,185
121000962,131,99,32
121000963,0,0,0
121000973,1,146,-145
121000976,0,12,-12
121000979,85,149,-64
121000981,254,11,243
121000982,368,321,47
121000983,188,48,140
121000984,0,18,-18
121000985,607,327,280
121000986,432,85,347
121000987,72,236,-164
121000988,695,52,643
121001302,39,21,18
121001308,0,9,-9
121001309,10,255,-245
121001313,128,157,-29
121001314,457,1012,-555
121001315,2323,1692,631
121900001,17,150,-133
121900002,22,0,22
121900003,89,1,88
121900004,25,136,-111
121900005,8,1,7
121900006,36,2,34
121900007,1943,564,1379
121900008,34,44,-10
121900009,461,78,383
121900010,51,0,51
121900011,189,50,139
121900012,31,0,31
121900013,31,30,1
121900014,576,110,466
121900015,70,65,5
121900016,2,5,-3
121900017,118,240,-122
121900018,111,1,110
121900019,121,35,86
121900020,9,1,8
121900021,528,8,520
121900022,23,49,-26
121900023,33,254,-221
121900024,46,31,15
121900025,194,93,101
121900026,109,15,94
121900027,113,70,43
121900028,63,1,62
121900029,29,317,-288
121900030,133,143,-10
121900031,107,2294,-2187
121900032,23,20,3
121900033,67,98,-31
121900034,163,72,91
121900035,1081,526,555
121900036,57,343,-286
121900037,52,874,-822
121900038,30,10,20
121900039,98,4,94
121900040,36,11,25
121900041,36,174,-138
121900042,205,37,168
121900043,0,5,-5
121900044,9,26,-17
121900046,25,62,-37
121900047,34,49,-15
121900048,18,15,3
121900050,40,1,39
121900051,83,158,-75
121900052,22,41,-19
121900053,244,143,101
121900054,93,293,-200
121900055,0,6,-6
121900058,93,16,77
121900059,31,33,-2
121900060,62,91,-29
121900061,87,1927,-1840
121900062,132,48,84
121900063,835,118,717
121900064,167,219,-52
121900066,5,54,-49
121900067,0,0,0
121900069,64,39,25
121900070,44,139,-95
121900071,386,101,285
121900072,14,9,5
121900073,23,142,-119
121900074,118,225,-107
121900075,157,273,-116
121900076,205,169,36
121900077,3,0,3
121900078,32,58,-26
121900079,0,0,0
121900080,168,105,63
121900082,30,22,8
121900084,0,4,-4
121900085,0,4,-4
121900086,6,33,-27
121900087,21,54,-33
121900088,375,398,-23
121900089,104,61,43
121900090,5,5,0
121900091,2,2,0
121900092,52,56,-4
121900093,33,30,3
121900094,7,0,7
121900095,86,70,16
121900096,314,256,58
121900097,122,42,80
121900098,0,0,0
121900099,41,9,32
121900100,6,25,-19
121900101,53,25,28
121900102,0,11,-11
121900103,115,139,-24
121900104,720,101,619
121900105,50,40,10
121900106,0,0,0
121900107,27,9,18
121900108,0,0,0
121900109,149,70,79
121900110,329,92,237
121900111,77,56,21
121900112,17,10,7
121900113,37,92,-55
121900114,2,0,2
121900117,1,13,-12
121900118,319,47,272
121900119,89,11,78
121900120,26,133,-107
121900121,18,3,15
121900122,11,18,-7
121900123,108,66,42
121900124,42,26,16
121900125,690,177,513
121900127,3,129,-126
121900128,22,8,14
121900129,76,34,42
121900130,24,1299,-1275
121900131,58,9,49
121900132,20,26,-6
121900133,2,229,-227
121900134,6,141,-135
121900135,4668,420,4248
121900136,64,10,54
121900137,1,84,-83
121900138,26,42,-16
121900139,136,976,-840
121900140,2,4,-2
121900141,25,6,19
121900142,8,9,-1
121900143,0,24,-24
121900144,42,157,-115
121900145,25,33,-8
121900146,19,32,-13
121900147,5,30,-25
121900148,47,49,-2
121900149,17,5,12
121900150,32,13,19
121900151,6,78,-72
121900152,12,1,11
121900153,2,86,-84
121900154,0,26,-26
121900155,0,23,-23
121900156,8,15,-7
121900157,0,28,-28
121900158,17,21,-4
121900159,0,26,-26
121900160,0,53,-53
121900161,26,90,-64
121900162,21,11,10
121900163,185,91,94
121900164,42,88,-46
121900165,41,38,3
121900166,89,12,77
121900167,81,3,78
121900168,16,16,0
121900169,0,3,-3
121900170,3,9,-6
121900171,246,126,120
121900172,179,22,157
121900173,176,120,56
121900174,14,2,12
121900175,5,78,-73
121900176,146,374,-228
121900177,17,32,-15
121900178,6,3,3
121900179,33,115,-82
121900180,554,3032,-2478
121900182,217,163,54
121900183,96,1081,-985
121900184,43,893,-850
121900186,0,164,-164
121900187,0,68,-68
121900188,427,46,381
121900189,1,2,-1
121900190,20,335,-315
121900191,4,106,-102
121900192,108,677,-569
121900193,6,61,-55
121900194,4,59,-55
121900195,0,2,-2
121900196,71,489,-418
121900197,55,265,-210
121900198,3345,436,2909
121900199,0,36,-36
121900200,5,61,-56
121900201,172,221,-49
121900202,12,200,-188
121900203,20,246,-226
121900204,224,327,-103
121900205,12,42,-30
121900206,0,48,-48
121900207,2,17,-15
121900208,23,239,-216
121900209,2,6,-4
121900210,515,347,168
121900211,122,125,-3
121900212,16,47,-31
121900213,72,7,65
121900214,0,185,-185
121900215,20,60,-40
121900216,2,89,-87
121900217,98,61,37
121900218,81,146,-65
121900220,51,2,49
121900221,195,111,84
121900222,68,21,47
121900223,11,38,-27
121900224,14,16,-2
121900225,21,110,-89
121900226,90,7,83
121900227,85,197,-112
121900228,16,32,-16
121900230,18,66,-48
121900231,42,169,-127
121900232,47,92,-45
121900233,48,32,16
121900234,42,56,-14
121900235,190,56,134
121900236,102,5,97
121900237,28,89,-61
121900238,21,69,-48
121900239,66,15,51
121900240,70,30,40
121900241,1,4,-3
121900242,5,1,4
121900243,0,0,0
121900244,0,0,0
121900245,131,22,109
121900246,1578,115,1463
121900247,118,50,68
121900248,197,181,16
121900250,17,205,-188
121900251,148,9,139
121900252,69,32,37
121900253,58,557,-499
121900254,29,93,-64
121900255,141,40,101
121900258,1923,736,1187
121900259,19,119,-100
121900260,60,10,50
121900261,19,121,-102
121900262,74,136,-62
121900263,25,52,-27
121900264,174,120,54
121900265,71,17,54
121900266,197,17,180
121900267,31,5,26
121900269,88,219,-131
121900270,48,110,-62
121900271,0,202,-202
121900273,162,868,-706
121900274,148,99,49
121900277,37,150,-113
121900278,28,343,-315
121900279,39,53,-14
121900280,22,118,-96
121900281,48,117,-69
121900284,21,2,19
121900286,94,21,73
121900287,0,6,-6
121900288,0,0,0
121900290,12,186,-174
121900291,195,233,-38
121900292,39,73,-34
121900293,285,946,-661
121900294,84,0,84
121900295,22,17,5
121900296,61,107,-46
121900298,18,339,-321
121900299,1,85,-84
121900300,15,30,-15
121900301,7,0,7
121900302,3,46,-43
121900303,30,39,-9
121900304,0,1,-1
121900305,0,0,0
121900306,168,0,168
121900307,71,7,64
121900308,2,8,-6
121900309,0,22,-22
121900310,6,56,-50
121900311,278,3,275
121900312,129,0,129
121900313,156,3,153
121900314,0,2,-2
121900315,39,0,39
121900316,0,0,0
121900317,8,2,6
121900318,0,0,0
121900319,27,111,-84
121900320,0,0,0
121900321,22,0,22
121900322,0,0,0
121900323,0,2,-2
121900324,0,6,-6
121900325,0,0,0
121900326,0,1,-1
121900327,1,16,-15
121900328,0,2,-2
121900329,0,25,-25
121900330,0,48,-48
121900331,2,12,-10
121900332,36,13,23
121900333,19,0,19
121900334,16,18,-2
122000001,494,994,-500
122000002,767,202,565
122000003,362,478,-116
122000004,336,340,-4
122000005,1519,1366,153
122000006,208,460,-252
122000007,218,614,-396
122000008,429,1084,-655
122000009,38,111,-73
122000010,931,1018,-87
122000011,701,448,253
122000012,310,588,-278
122000013,175,561,-386
122000014,1485,459,1026
122000015,369,327,42
122000016,220,298,-78
122000017,264,681,-417
122000018,672,819,-147
122000019,189,810,-621
122000020,128,149,-21
122000021,28,121,-93
122000022,295,412,-117
122000023,186,384,-198
122000024,204,531,-327
122000025,270,494,-224
122000026,232,294,-62
122000027,201,267,-66
122000028,274,222,52
122000029,136,197,-61
122000030,74,14,60
122000031,29,338,-309
122000032,888,699,189
122000033,97,485,-388
122000034,56,386,-330
122000035,42,154,-112
122000036,99,188,-89
122000037,146,104,42
122000038,88,186,-98
122000039,210,179,31
122000040,122,75,47
122000041,200,606,-406
122000042,202,524,-322
122000043,23,77,-54
122000044,18,49,-31
122000045,363,303,60
122000046,241,284,-43
122000047,75,68,7
122000048,802,1657,-855
122000049,2365,1152,1213
122000050,256,428,-172
122000051,61,408,-347
122000052,204,431,-227
122000053,120,1046,-926
122000054,916,776,140
122000055,1191,1946,-755
122000056,1298,1025,273
122000057,836,1609,-773
122000058,311,718,-407
122000059,295,850,-555
122000060,173,212,-39
122000061,121,104,17
122000062,307,111,196
122000063,134,357,-223
122000064,1406,2576,-1170
122000065,1110,1533,-423
122000066,260,535,-275
122000067,395,1053,-658
122000068,635,651,-16
122000069,388,237,151
122000070,282,583,-301
122000071,1276,566,710
122000072,192,207,-15
122000073,10,360,-350
122000074,769,508,261
122000075,403,310,93
122000076,1255,489,766
122000077,305,871,-566
122000078,360,736,-376
122000079,145,857,-712
122000080,136,171,-35
122000081,33,154,-121
122000082,147,430,-283
122000083,1121,400,721
122000084,1171,449,722
122000085,60,197,-137
122000086,797,2586,-1789
122000087,140,151,-11
122000088,15,135,-120
122000089,1560,1121,439
122000090,95,388,-293
122000091,65,299,-234
122000092,38,28,10
122000093,669,1640,-971
122000094,2431,1071,1360
122000095,360,1292,-932
122000096,289,757,-468
122000098,1247,1945,-698
122000099,174,606,-432
122000100,260,198,62
122000101,65,149,-84
122000102,622,360,262
122000103,372,537,-165
122000104,295,206,89
122000105,127,201,-74
122000106,130,450,-320
122000107,497,237,260
122000108,165,258,-93
122000109,162,153,9
122000110,103,259,-156
122000111,838,543,295
122000112,455,737,-282
122000113,173,124,49
122000114,463,1299,-836
122000115,790,983,-193
122000116,57,174,-117
122000117,190,130,60
122000118,405,42,363
122000119,481,318,163
122000120,252,395,-143
122000121,275,400,-125
122000122,54,333,-279
122000123,363,563,-200
122000124,148,152,-4
122000125,37,169,-132
122000126,70,224,-154
122000127,120,125,-5
122000128,116,133,-17
122000129,90,747,-657
122000130,758,223,535
122000131,257,129,128
122000132,109,135,-26
122000133,292,224,68
122000134,383,432,-49
122000135,259,168,91
122000136,243,192,51
122000137,647,208,439
122000139,349,870,-521
122000140,70,275,-205
122000141,1653,509,1144
122000142,71,700,-629
122000143,160,107,53
122000144,576,179,397
122000145,265,215,50
122000146,107,823,-716
122000147,121,205,-84
122000148,173,370,-197
122000149,372,170,202
122000150,639,227,412
122000151,14,53,-39
122000152,59,83,-24
122000153,122,59,63
122000154,39,35,4
122000155,388,618,-230
122000156,2075,1434,641
122000157,330,2117,-1787
122000158,112,210,-98
122000159,389,305,84
122000160,687,327,360
122000161,436,229,207
122000162,164,391,-227
122000163,154,34,120
122000164,18,24,-6
122000165,222,645,-423
122000166,165,997,-832
122000167,103,150,-47
122000168,48,914,-866
122000169,204,58,146
122000170,77,94,-17
122000171,9,8,1
122000172,742,591,151
122000173,864,992,-128
122000174,359,1286,-927
122000175,205,77,128
122000176,116,1372,-1256
122000177,459,931,-472
122000178,1633,1103,530
122000179,906,1410,-504
122000180,251,546,-295
122000181,265,878,-613
122000182,326,434,-108
122000183,470,249,221
122000184,1094,1005,89
122000185,292,776,-484
122000186,167,348,-181
122000187,733,382,351
122000188,110,35,75
122000189,60,87,-27
122000190,409,759,-350
122000191,264,202,62
122000192,431,101,330
122000193,307,391,-84
122000194,154,58,96
122000195,63,550,-487
122000196,482,123,359
122000197,247,388,-141
122000198,138,808,-670
122000199,222,84,138
122000200,247,238,9
122000201,375,1385,-1010
122000202,273,917,-644
122000203,782,521,261
122000204,337,437,-100
122000205,195,216,-21
122000206,1338,429,909
122000207,1159,750,409
122000208,969,544,425
122000209,507,72,435
122000210,618,429,189
122000211,299,548,-249
122000212,324,324,0
122000213,326,654,-328
122000214,608,818,-210
122000215,1312,1178,134
122000217,440,528,-88
122000218,211,31,180
122000219,569,238,331
122000220,80,369,-289
122000221,87,280,-193
122000222,164,40,124
122000223,139,317,-178
122000225,246,117,129
122000226,548,482,66
122000227,25,305,-280
122000228,59,77,-18
122000229,4,232,-228
122000230,11,200,-189
122000231,92,349,-257
122000232,158,164,-6
122000233,0,52,-52
122000234,241,60,181
122000235,263,115,148
122000236,626,40,586
122000237,14,21,-7
122000238,53,226,-173
122000239,266,27,239
122000240,453,117,336
122000241,747,92,655
122000242,122,10,112
122000243,159,53,106
122000244,29,109,-80
122000245,21,6,15
122000246,149,75,74
122000247,160,122,38
122000248,668,211,457
122000249,676,419,257
122000250,557,299,258
122000251,8,23,-15
122000252,93,23,70
122000253,3,33,-30
122000254,134,78,56
122000255,131,454,-323
122000256,143,286,-143
122000257,124,149,-25
122000258,103,199,-96
122000259,8,244,-236
122000260,51,302,-251
122000261,26,113,-87
122000262,0,58,-58
122000263,28,83,-55
122000264,803,50,753
122000265,989,349,640
122000266,1583,219,1364
122000267,20,174,-154
122000268,88,30,58
122000269,400,119,281
122000270,223,53,170
122000271,90,261,-171
122000272,107,84,23
122000273,177,53,124
122000274,32,105,-73
122000275,4,112,-108
122000276,661,232,429
122000277,343,976,-633
122000278,773,50,723
122000279,51,80,-29
122000280,197,124,73
122000281,198,91,107
122000282,24,517,-493
122000283,10,136,-126
122000284,39,14,25
122000285,260,33,227
122000286,3,109,-106
122000287,710,1336,-626
122000288,112,171,-59
122000291,910,358,552
122000293,65,56,9
122000294,37,165,-128
122000295,774,104,670
122000296,29,525,-496
122000297,717,2601,-1884
122000299,271,123,148
122000300,114,176,-62
122000301,2822,2099,723
122000302,162,1576,-1414
122000303,594,281,313
122000304,7,211,-204
122000305,987,249,738
122000306,38,227,-189
122000307,29,54,-25
122000309,15,165,-150
122000310,6,99,-93
122000311,40,61,-21
122000312,56,239,-183
122000313,14,153,-139
122000314,147,350,-203
122000315,132,12,120
122000316,640,183,457
122000317,1372,94,1278
122000318,144,1064,-920
122000319,88,220,-132
122000320,92,253,-161
122000321,50,88,-38
122000322,564,516,48
122000323,243,586,-343
122000324,492,1018,-526
122000325,241,635,-394
122000326,97,47,50
122000327,78,224,-146
122000328,223,163,60
122000330,680,549,131
122000332,218,890,-672
122000333,31,34,-3
122000337,464,149,315
122000338,172,41,131
122000340,9,551,-542
122000342,729,331,398
122000343,268,147,121
122000344,48,11,37
122000345,45,126,-81
122000346,27,4,23
122000348,201,281,-80
122000349,15,39,-24
122000351,94,131,-37
122000352,143,33,110
122000353,15,21,-6
122000355,81,284,-203
122000356,125,368,-243
122000357,42,3,39
122000358,0,2,-2
122000359,0,0,0
122000360,0,0,0
122000362,3,5,-2
122000364,178,73,105
122000365,1,26,-25
122000366,27,3,24
122000368,237,146,91
122000370,2,1,1
122000371,61,1,60
122000372,1,5,-4
122000381,93,123,-30
122000382,9,170,-161
122000384,369,481,-112
122000385,33,0,33
122000386,55,597,-542
122000387,72,514,-442
122000388,458,261,197
122000389,77,171,-94
122000390,127,171,-44
122000391,31,525,-494
122000392,72,73,-1
122000393,3,484,-481
122000394,240,200,40
122000395,53,55,-2
122000396,164,13,151
122000397,14,47,-33
122000398,7,150,-143
122000399,61,15,46
122000400,12,305,-293
122000401,17,4,13
122000402,316,94,222
122000403,99,186,-87
122000404,174,73,101
122000408,140,527,-387
122000503,7,49,-42
122000524,14,81,-67
122000544,30,1008,-978
122000616,97,0,97
122000640,64,37,27
122000641,60,92,-32
122000642,694,195,499
122000643,9,157,-148
122000644,87,19,68
122000645,20,79,-59
122000651,161,587,-426
122000664,59,13,46
122000665,275,169,106
122000666,83,159,-76
122000673,13,95,-82
122000674,358,112,246
122000675,1232,453,779
122000686,261,467,-206
122000687,1119,114,1005
122000688,244,219,25
122000689,729,80,649
122000690,2013,97,1916
122000691,738,360,378
122000692,732,49,683
122000693,197,366,-169
122000695,236,112,124
122000696,352,39,313
122000698,153,83,70
122000699,253,23,230
122000701,989,126,863
122000702,328,545,-217
122000703,72,37,35
122000712,0,0,0
122000717,0,36,-36
122000718,16,527,-511
122000719,4,34,-30
122000720,517,68,449
122000724,19,29,-10
122900001,21,12,9
122900002,300,3561,-3261
122900003,186,2,184
122900004,2422,64,2358
122900005,27,197,-170
122900006,48,1271,-1223
122900007,18,10,8
122900008,96,307,-211
122900009,97,43,54
122900010,129,70,59
122900012,171,196,-25
122900014,8,6,2
122900015,556,166,390
122900016,47,27,20
122900017,147,307,-160
122900018,30,3,27
122900019,17,163,-146
122900020,51,539,-488
122900021,3,153,-150
122900022,625,457,168
122900023,268,64,204
122900024,49,37,12
122900025,0,60,-60
122900026,1,17,-16
122900027,2,365,-363
122900028,38,11,27
122900029,2011,870,1141
122900030,264,26,238
122900031,4,204,-200
122900032,111,97,14
122900033,108,88,20
122900034,995,1450,-455
122900035,12,11,1
122900036,39,10,29
122900037,103,48,55
122900038,19,769,-750
122900039,13,171,-158
122900040,203,274,-71
122900041,38,236,-198
122900042,69,55,14
122900043,171,104,67
122900044,73,157,-84
122900045,18,44,-26
122900046,37,312,-275
122900047,14,7,7
122900048,17,149,-132
122900049,1312,51,1261
122900051,6,107,-101
122900052,79,36,43
122900053,0,20,-20
122900055,97,10,87
122900057,140,1,139
122900061,203,5,198
122900062,155,344,-189
122900063,137,69,68
122900064,566,290,276
122900065,69,116,-47
122900066,114,33,81
122900067,241,115,126
122900068,9,21,-12
122900069,116,661,-545
122900070,227,3,224
122900071,37,75,-38
122900072,18,114,-96
122900073,29,31,-2
122900074,934,89,845
122900075,0,8,-8
122900076,1,54,-53
122900077,0,14,-14
122900078,203,24,179
122900080,2,15,-13
122900081,78,37,41
122900082,764,39,725
122900083,6,19,-13
122900084,0,64,-64
122900086,0,25,-25
122900087,235,684,-449
122900088,8,98,-90
122900089,0,196,-196
122900090,0,59,-59
122900091,284,3,281
122900092,0,27,-27
122900093,0,9,-9
122900094,0,32,-32
122900095,87,15,72
122900096,332,21,311
122900097,6,18,-12
122900098,7,16,-9
122900099,69,39,30
122900100,2,392,-390
122900101,111,49,62
122900102,27,29,-2
122900103,277,1,276
122900104,93,2,91
122900105,3,6,-3
122900106,0,4,-4
122900107,0,14,-14
122900108,5,19,-14
123000001,373,245,128
123000002,1263,3577,-2314
123000003,2058,1486,572
123000004,1353,2057,-704
123000005,1736,1087,649
123000006,1179,1112,67
123000007,1496,953,543
123000008,950,1558,-608
123000009,2161,1910,251
123000010,1583,1878,-295
123000011,747,622,125
123000012,267,1044,-777
123000013,2012,494,1518
123000014,282,1363,-1081
123000015,1209,592,617
123000016,1332,1318,14
123000017,4141,1761,2380
123000018,125,41,84
123000019,295,5,290
123000020,269,20,249
123000021,256,225,31
123000022,798,1088,-290
123000023,1713,1248,465
123000024,839,439,400
123000025,192,51,141
123000026,31,149,-118
123000027,38,607,-569
123000028,58,3460,-3402
123000029,154,1210,-1056
123000030,143,56,87
123000031,322,75,247
123000032,604,108,496
123000033,197,32,165
123000034,432,427,5
123000035,149,302,-153
123000036,96,420,-324
123000037,37,72,-35
123000038,17,268,-251
123000039,264,1045,-781
123000040,204,36,168
123000041,194,464,-270
123000042,209,364,-155
123000043,581,5894,-5313
123000044,1686,932,754
123000045,1585,711,874
123000046,77,470,-393
123000047,243,492,-249
123000048,11,894,-883
123000049,2021,3472,-1451
123000050,811,539,272
123000051,22,67,-45
123000052,234,801,-567
123000053,785,967,-182
123000054,762,749,13
123000055,1074,2001,-927
123000056,409,302,107
123000057,1669,1826,-157
123000058,182,630,-448
123000059,35,178,-143
123000060,557,222,335
123000061,119,203,-84
123000063,478,314,164
123000064,746,67,679
123000065,1324,971,353
123000066,129,170,-41
123000067,269,171,98
123000068,587,502,85
123000069,1486,370,1116
123000070,72,110,-38
123000071,859,291,568
123000072,467,187,280
123000073,930,358,572
123000074,327,392,-65
123000075,106,567,-461
123000076,304,137,167
123000077,739,566,173
123000078,1180,418,762
123000079,1211,627,584
123000080,1047,259,788
123000081,40,76,-36
123000082,86,335,-249
123000083,437,65,372
123000084,304,224,80
123000085,363,44,319
123000086,435,24,411
123000087,223,57,166
123000088,563,147,416
123000089,529,337,192
123000090,524,294,230
123000091,605,566,39
123000092,340,357,-17
123000094,369,35,334
123000095,462,180,282
123000096,408,64,344
123000097,274,43,231
123000098,390,98,292
123000099,322,112,210
123000100,168,425,-257
123000101,149,74,75
123000102,304,538,-234
123000104,165,104,61
123000105,109,33,76
123000106,200,113,87
123000107,130,72,58
123000108,208,362,-154
123000111,520,55,465
123000112,571,82,489
123000113,237,262,-25
123000114,132,286,-154
123000115,138,185,-47
123000116,60,44,16
123000117,916,548,368
123000118,260,138,122
123000119,123,105,18
123000120,138,184,-46
123000121,348,218,130
123000122,100,58,42
123000123,262,198,64
123000124,175,126,49
123000125,672,512,160
123000126,491,1602,-1111
123000127,273,178,95
123000128,85,79,6
123000129,656,26,630
123000130,623,11,612
123000131,716,282,434
123000132,89,193,-104
123000133,97,41,56
123000134,162,27,135
123000135,1094,157,937
123000136,91,189,-98
123000137,11,47,-36
123000138,43,101,-58
123000139,435,75,360
123000140,30,131,-101
123000141,171,28,143
123000142,695,315,380
123000143,350,566,-216
123000144,0,11,-11
123000145,116,561,-445
123000146,10,231,-221
123000147,12,325,-313
123000149,150,192,-42
123000150,42,95,-53
123000151,60,291,-231
123000152,1,77,-76
123000153,8,415,-407
123000154,575,1141,-566
123000155,697,861,-164
123000156,0,22,-22
123000157,170,426,-256
123000158,148,257,-109
123000159,707,1906,-1199
123000160,282,390,-108
123000161,665,576,89
123000162,638,1067,-429
123000163,419,69,350
123000164,1181,77,1104
123000165,82,501,-419
123000166,7,19,-12
123000167,93,25,68
123000168,153,59,94
123000169,686,32,654
123000170,99,30,69
123000171,732,1,731
123000172,12,100,-88
123000173,201,85,116
123000174,343,240,103
123000175,138,250,-112
123000176,444,105,339
123000177,147,272,-125
123000178,481,40,441
123000179,3,318,-315
123000180,828,104,724
123000181,208,405,-197
123000182,204,83,121
123000183,72,213,-141
123000184,42,135,-93
123000185,437,295,142
123000186,13,169,-156
123000187,399,2,397
123000188,255,1,254
123000189,858,83,775
123000190,23,262,-239
123000192,1,163,-162
123000193,2,147,-145
123000194,158,93,65
123000195,210,3,207
123000196,258,9,249
123000197,46,68,-22
123000198,17,514,-497
123000199,18,346,-328
123000200,482,4,478
123000201,889,12,877
123000202,16,214,-198
123000203,654,21,633
123000204,63,292,-229
123000205,96,316,-220
123000206,1964,134,1830
123000207,31,273,-242
123000208,399,33,366
123000209,1187,197,990
123000210,67,411,-344
123000211,151,516,-365
123000212,2466,181,2285
123000213,231,44,187
123000215,55,111,-56
123000216,62,503,-441
123000217,79,5,74
123000218,87,166,-79
123000219,347,62,285
123000220,126,55,71
123000221,73,22,51
123000222,171,128,43
123000223,277,109,168
123000224,283,108,175
123000225,115,13,102
123000226,124,94,30
123000227,28,42,-14
123000228,233,41,192
123000229,336,220,116
123000232,10,136,-126
123000233,400,37,363
123000234,73,164,-91
123000235,719,154,565
123000236,130,232,-102
123000237,331,45,286
123000238,25,104,-79
123000239,171,182,-11
123000240,28,422,-394
123000241,124,15,109
123000242,48,113,-65
123000243,386,407,-21
123000244,428,168,260
123000245,5,33,-28
123000249,173,340,-167
123000252,411,83,328
123000253,770,255,515
123000254,316,175,141
123000255,297,312,-15
123000256,18,40,-22
123000257,775,483,292
123000258,320,168,152
123000259,267,198,69
123000260,375,45,330
123000261,215,125,90
123000262,32,23,9
123000263,238,11,227
123000264,159,32,127
123000265,2,8,-6
123000266,183,144,39
123000267,465,113,352
123000268,8,3,5
123000269,25,32,-7
123000270,44,40,4
123000271,1,25,-24
123000272,322,106,216
123000273,115,729,-614
123000274,813,339,474
123000275,103,225,-122
123000278,633,1373,-740
123000279,73,49,24
123000280,147,124,23
123000281,173,30,143
123000282,8,130,-122
123000283,226,21,205
123000284,5,22,-17
123000286,71,178,-107
123000287,87,105,-18
123000288,411,732,-321
123000289,56,704,-648
123000291,38,214,-176
123000294,117,253,-136
123000295,466,1204,-738
123000296,493,594,-101
123000297,506,154,352
123000298,675,165,510
123000299,83,63,20
123000300,650,281,369
123000301,85,114,-29
123000302,154,28,126
123000303,11,580,-569
123000305,157,326,-169
123000306,151,23,128
123000309,39,10,29
123000310,102,5,97
123000311,0,44,-44
123000312,244,205,39
123000313,408,244,164
123000315,259,47,212
123000316,705,145,560
123000317,102,181,-79
123000318,18,192,-174
123000329,8,9,-1
123000337,173,911,-738
123000338,89,364,-275
123000339,345,20,325
123000340,15,101,-86
123000342,5,12,-7
123000343,159,2,157
123000344,213,81,132
123000345,105,215,-110
123000346,416,32,384
123000352,243,222,21
123000353,59,9,50
123000354,347,10,337
123000355,2,686,-684
123000356,246,0,246
123000357,0,29,-29
123000359,0,28,-28
123000360,50,78,-28
123000361,411,94,317
123000362,191,30,161
123000363,100,41,59
123000364,178,141,37
123000365,25,133,-108
123000366,147,795,-648
123000367,97,153,-56
123000370,15,8,7
123000371,396,17,379
123000372,183,10,173
123000373,1,31,-30
123000374,2,22,-20
123000375,219,25,194
123000376,574,347,227
123000377,485,7,478
123000378,1,63,-62
123000379,0,102,-102
123000380,1,75,-74
123000381,51,211,-160
123000382,517,78,439
123000383,27,256,-229
123000384,536,126,410
123000385,32,63,-31
123000436,45,912,-867
123000507,38,67,-29
123000508,50,833,-783
123000517,70,4,66
123000518,9,59,-50
123000519,61,22,39
123000520,18,41,-23
123000521,204,47,157
123000522,48,134,-86
123000541,4,8,-4
123000542,0,0,0
123000565,476,7,469
123000566,206,213,-7
123000567,211,122,89
123000573,1,56,-55
123000574,562,27,535
123000575,1612,60,1552
123000576,445,283,162
123000577,9,120,-111
123000578,216,109,107
123000579,588,2748,-2160
123000580,101,43,58
123000582,335,5,330
123000583,5,102,-97
123000584,119,131,-12
123000585,0,4,-4
123000586,64,12,52
123000596,55,19,36
123000597,51,72,-21
123000602,43,10,33
123000603,927,126,801
123000604,407,161,246
123000605,259,68,191
123000606,1,104,-103
123000609,16,176,-160
123000610,44,69,-25
123000613,63,68,-5
123000614,121,30,91
123000615,15,84,-69
123000616,481,27,454
123000617,60,79,-19
123000618,1,282,-281
123000619,274,5,269
123000620,0,100,-100
123000622,357,4,353
123000624,139,26,113
123000630,1196,250,946
123000631,90,378,-288
123000632,278,164,114
123000633,0,145,-145
123000634,2,147,-145
123000635,20,42,-22
123000636,28,273,-245
123000637,112,12,100
123000638,261,187,74
123000639,641,3324,-2683
123000640,16,195,-179
123000648,284,12,272
123000649,3,157,-154
123900001,740,53,687
123900002,15,494,-479
123900003,25,142,-117
123900005,112,130,-18
123900006,204,14,190
124000001,1100,142,958
124000002,6,471,-465
124000003,778,87,691
124000004,20,113,-93
124000005,731,841,-110
124000006,65,127,-62
124000007,454,54,400
124000008,64,217,-153
124000009,662,286,376
124000010,126,287,-161
124000011,848,280,568
124000012,67,475,-408
124000017,150,73,77
124000018,40,3,37
124000019,124,18,106
124000020,8,6,2
124000021,109,39,70
124000022,4,16,-12
124000023,568,855,-287
124000024,613,176,437
124000025,622,776,-154
124000026,906,895,11
124000027,1865,1282,583
124000028,1078,3677,-2599
124000030,1028,490,538
124000031,532,5504,-4972
124000032,1114,213,901
124000033,489,738,-249
124000034,317,247,70
124000035,169,151,18
124000036,17,172,-155
124000037,118,474,-356
124000038,0,5,-5
124000039,148,114,34
124000040,42,183,-141
124000041,336,8,328
124000042,148,28,120
124000043,112,20,92
124000044,36,13,23
124000045,728,64,664
124000046,48,148,-100
124000047,1217,121,1096
124000048,314,190,124
124000049,1270,131,1139
124000050,248,325,-77
124000051,991,153,838
124000052,236,224,12
124000053,349,1145,-796
124000054,159,79,80
124000055,511,1675,-1164
124000056,530,229,301
124000057,996,247,749
124000058,155,292,-137
124000059,562,613,-51
124000060,208,267,-59
124000061,666,3332,-2666
124000062,1340,640,700
124000063,657,336,321
124000064,571,373,198
124000065,5,109,-104
124000066,61,56,5
124000067,92,94,-2
124000068,4,20,-16
124000069,282,34,248
124000070,95,62,33
124000071,67,38,29
124000072,14,24,-10
124000073,389,26,363
124000074,55,52,3
124000075,375,23,352
124000076,0,0,0
124000077,111,352,-241
124000078,452,436,16
124000079,33,461,-428
124000080,484,16,468
124000081,78,59,19
124000082,33,71,-38
124000083,2,14,-12
124000084,12,589,-577
124000085,22,14,8
124000086,10,220,-210
124000087,3,150,-147
124000088,42,51,-9
124000089,307,38,269
124000090,108,94,14
124000091,352,41,311
124000092,153,203,-50
124000093,77,26,51
124000094,50,88,-38
124000095,83,12,71
124000096,66,42,24
124000097,72,43,29
124000098,126,30,96
124000099,165,41,124
124000100,35,89,-54
124000101,122,96,26
124000102,38,25,13
124000103,128,66,62
124000104,34,41,-7
124000105,85,31,54
124000106,26,22,4
124000107,14,148,-134
124000108,0,12,-12
124000109,167,52,115
124000110,54,19,35
124000111,160,87,73
124000112,486,212,274
124000113,61,159,-98
124000114,220,235,-15
124000115,108,418,-310
124000116,101,168,-67
124000117,12,37,-25
124000118,7,23,-16
124000119,349,112,237
124000120,245,120,125
124000121,487,288,199
124000122,205,563,-358
124000123,211,108,103
124000124,205,182,23
124000125,242,117,125
124000126,108,102,6
124000127,639,108,531
124000128,369,128,241
124000129,733,381,352
124000130,148,99,49
124000131,380,307,73
124000132,171,225,-54
124000133,597,342,255
124000134,239,136,103
124000135,950,813,137
124000136,129,234,-105
124000137,328,409,-81
124000138,148,258,-110
124000139,199,10,189
124000140,30,272,-242
124000141,563,2,561
124000142,17,87,-70
124000143,62,4,58
124000144,1,21,-20
124000145,182,9,173
124000146,12,58,-46
124000148,0,38,-38
124000149,551,133,418
124000150,113,282,-169
124000151,700,95,605
124000152,147,247,-100
124000153,429,225,204
124000154,136,149,-13
124000155,471,278,193
124000156,396,176,220
124000169,79,133,-54
124000170,157,164,-7
124000171,185,143,42
124000172,109,106,3
124000173,339,97,242
124000174,301,147,154
124000175,0,0,0
124000176,30,4,26
124000177,0,0,0
124000178,2,36,-34
124000190,19,25,-6
124000191,32,254,-222
124000192,671,404,267
124000193,76,1150,-1074
124000194,114,101,13
124000195,392,198,194
124000196,179,296,-117
124000197,43,13,30
124000198,33,7,26
124000201,20,512,-492
124000202,364,12,352
124000203,407,99,308
124000204,1048,71,977
124000205,77,26,51
124000206,822,121,701
124000207,0,26,-26
124000209,91,10,81
124000210,898,178,720
124000211,783,4,779
124000212,0,27,-27
124000213,361,43,318
124000214,542,46,496
124000215,377,32,345
124000216,1,594,-593
124000329,3,549,-546
124000338,23,252,-229
124000339,1464,14,1450
124000341,1546,8,1538
124000344,67,17,50
124000357,764,1728,-964
124000358,518,1562,-1044
124000359,1034,409,625
124000360,1119,275,844
124000361,1935,1057,878
124000362,757,1924,-1167
124000363,226,190,36
124000364,322,293,29
124000365,422,480,-58
124000366,1187,534,653
124000367,17,218,-201
124000368,178,853,-675
124000369,82,33,49
124000370,27,621,-594
124000402,32,4,28
124000403,134,44,90
124000404,4,20,-16
124000405,426,168,258
124000406,267,103,164
124000407,2,19,-17
124000411,5,85,-80
124000412,335,3,332
124000413,13,53,-40
124000414,73,26,47
124000415,63,53,10
124000416,100,39,61
124000417,122,40,82
124000418,220,23,197
124000419,47,32,15
124000420,97,5,92
124000421,23,46,-23
124000422,29,5,24
124000423,44,16,28
124000424,2,5,-3
124000425,134,54,80
124000426,0,21,-21
124000427,47,0,47
124000428,1,128,-127
124000429,94,19,75
124000430,415,170,245
124000431,164,47,117
124000432,161,500,-339
124000439,3,9,-6
124000443,0,0,0
124000445,23,1511,-1488
124000446,716,247,469
124000447,0,15,-15
124900001,562,66,496
124900002,76,41,35
124900003,686,138,548
124900004,529,89,440
124900005,78,52,26
124900006,526,86,440
124900008,141,147,-6
124900009,23,251,-228
124900010,131,40,91
124900011,397,116,281
124900012,144,24,120
124900013,331,22,309
124900014,142,42,100
124900015,69,270,-201
124900016,61,117,-56
124900017,106,1642,-1536
124900018,85,1,84
124900020,88,6,82
124900021,277,7,270
124900022,52,1,51
124900024,259,8,251
124900026,12,0,12
124900027,24,67,-43
124900028,185,7,178
124900029,6,265,-259
124900030,1,12,-11
124900031,0,72,-72
124900032,56,28,28
124900033,10,54,-44
124900034,33,38,-5
124900035,15,41,-26
124900036,13,33,-20
124900037,40,63,-23
124900038,24,108,-84
124900039,0,47,-47
124900040,13,15,-2
124900041,140,133,7
124900042,6,3,3
124900043,146,141,5
124900044,30,0,30
124900045,57,149,-92
124900047,4,26,-22
124900048,115,13,102
124900050,106,18,88
124900052,25,56,-31
124900053,22,33,-11
124900054,522,66,456
124900055,0,32,-32
124900057,0,3,-3
124900060,1,64,-63
124900061,58,0,58
124900062,79,0,79
124900066,0,0,0
124900067,0,1,-1
124900068,116,282,-166
124900070,1,2,-1
124900072,126,6,120
124900075,205,35,170
124900076,15,502,-487
124900077,4,13,-9
124900078,10,0,10
124900079,8,51,-43
124900080,159,52,107
124900081,858,56,802
124900082,74,93,-19
124900083,85,62,23
124900085,112,117,-5
124900086,2,394,-392
124900087,28,14,14
124900088,33,25,8
124900089,152,0,152
124900090,299,86,213
124900091,91,67,24
124900092,113,25,88
124900093,404,25,379
124900094,397,44,353
124900095,108,256,-148
124900096,98,67,31
124900097,253,16,237
124900098,27,88,-61
124900099,48,131,-83
124900100,178,1,177
124900101,68,7,61
124900102,203,3,200
124900103,17,13,4
124900104,3,25,-22
124900105,19,10,9
124900106,184,14,170
124900107,147,0,147
124900108,14,14,0
124900111,0,0,0
124900112,54,68,-14
124900113,1,37,-36
124900114,8,14,-6
124900115,1,11,-10
124900116,154,201,-47
124900117,54,82,-28
124900118,9,431,-422
124900119,134,114,20
124900120,2,49,-47
124900121,13,215,-202
124900122,15,37,-22
124900123,35,29,6
124900124,3,27,-24
204000001,143,7,136
204000002,8,10,-2
204000003,11,1,10
204000004,15,19,-4
204000005,274,191,83
204000006,715,1042,-327
204000011,0,0,0
204000012,3,7,-4
204000019,962,304,658
204000020,603,167,436
204000021,510,425,85
204000022,837,303,534
204000023,147,344,-197
204000031,20,2,18
204000032,114,10,104
204000034,30,2,28
204000035,4,11,-7
204000036,1,1,0
204000037,0,22,-22
204000038,0,23,-23
204000039,4,18,-14
204000040,4,4,0
204000041,5,15,-10
204000042,4,24,-20
204000043,11,9,2
204000044,20,0,20
204000045,6,0,6
204000046,3,4,-1
204000057,1,32,-31
204000062,1,112,-111
204000068,11,97,-86
204000069,7,83,-76
204000070,104,20,84
204000080,19,13,6
204000085,381,185,196
204000086,517,510,7
204000087,21,8,13
204000088,0,0,0
204000090,58,9,49
204000093,361,11,350
204000096,733,240,493
204000097,267,10,257
204000099,709,1394,-685
204000100,1198,450,748
204000105,389,129,260
204000110,109,391,-282
204000111,182,215,-33
204000112,103,142,-39
204000113,104,190,-86
204000114,616,716,-100
204000115,539,130,409
204000116,318,85,233
204000119,1793,530,1263
204000132,527,370,157
204000133,580,79,501
204000134,149,22,127
204000135,484,15,469
204000136,397,88,309
204000138,156,588,-432
204000140,179,77,102
204000141,120,32,88
204000144,0,35,-35
204000145,233,7,226
204000146,0,14,-14
204000147,4,12,-8
204000148,55,16,39
204000154,3,5,-2
204000155,0,25,-25
204000177,62,29,33
204000179,18,8,10
204000180,0,11,-11
204000222,0,27,-27
204000235,4,11,-7
204000236,8,15,-7
204000238,48,36,12
204000240,145,19,126
204000263,156,173,-17
204000268,474,176,298
204000308,13,5,8
204000317,1,26,-25
204000322,11,9,2
204000323,7,19,-12
204000328,209,8,201
204000329,28,19,9
204000330,123,14,109
204000331,37,9,28
205000001,186,262,-76
205000013,3,31,-28
205000014,6,10,-4
205000015,16,9,7
205000016,12,20,-8
205000017,34,9,25
205000022,55,188,-133
205000025,252,170,82
205000029,462,4,458
205000045,51,64,-13
205000046,35,43,-8
205000047,9,25,-16
205000048,152,49,103
205000049,37,49,-12
205000050,118,19,99
205000059,0,21,-21
205000060,0,34,-34
205000061,1,123,-122
205000062,0,72,-72
205000063,8,143,-135
205000064,7,79,-72
205000065,19,221,-202
205000066,55,70,-15
205000067,39,184,-145
205000069,89,18,71
205000082,79,80,-1
205000110,47,16,31
205000111,22,15,7
205000112,56,69,-13
205000113,33,43,-10
205000121,99,92,7
205000123,24,12,12
205000126,515,106,409
205000127,375,33,342
205000128,210,49,161
205000129,704,74,630
205000130,122,9,113
205000131,7,16,-9
205000132,52,15,37
205000133,108,2,106
205000134,270,1,269
205000137,18,4,14
205000138,12,15,-3
205000139,3,5,-2
205000144,48,26,22
205000145,121,40,81
205000151,80,28,52
205000152,33,21,12
205000153,185,27,158
205000154,33,45,-12
205000155,79,31,48
205000207,0,0,0
205000233,36,0,36
205000234,0,0,0
205000243,0,0,0
205000244,0,0,0
205000245,1,3,-2
205000249,0,6,-6
205000250,0,1,-1
205000264,0,10,-10
206000027,1,2,-1
206000028,1,6,-5
206000043,1,26,-25
206000053,0,0,0
206000054,0,2,-2
206000055,1,4,-3
206000075,2,8,-6
206000076,27,0,27
206000077,19,1,18
206000078,12,1,11
206000079,23,2,21
206000082,171,64,107
206000100,5,158,-153
206000103,0,0,0
206000104,0,0,0
206000105,0,0,0
206000106,0,0,0
206000125,129,0,129
206000157,0,12,-12
206000170,0,65,-65
206000171,3,87,-84
206000172,4,57,-53
206000173,0,21,-21
206000174,4,9,-5
206000175,0,15,-15
206000176,13,12,1
206000177,0,13,-13
206000178,0,87,-87
206000179,0,12,-12
206000180,4,16,-12
206000181,0,24,-24
206000182,6,34,-28
206000183,8,49,-41
206000184,0,8,-8
206000185,5,10,-5
206000186,8,144,-136
206000223,0,51,-51
206000226,25,0,25
206000227,3,1,2
206000237,4,29,-25
206000238,4,79,-75
206000239,66,279,-213
206000240,0,0,0
206000241,0,76,-76
206000242,1,20,-19
206000243,3,13,-10
206000244,15,45,-30
206000245,2000,24,1976
206000246,546,5,541
206000247,672,1,671
206000248,674,1,673
206000252,6,23,-17
206000258,0,0,0
206000315,5,6,-1
206000317,490,146,344
206000318,710,30,680
206000319,2724,15,2709
206000320,847,30,817
206000321,903,2,901
206000322,1202,8,1194
206000323,349,5,344
206000324,586,3,583
206000325,253,1,252
206000326,289,4,285
206000327,34,5,29
206000328,247,1,246
206000329,709,1,708
206000330,201,1,200
206000331,356,1,355
206000332,83,2,81
206000333,1497,2,1495
206000334,837,0,837
206000335,0,4,-4
206000361,0,5,-5
206000392,0,0,0
206000405,149,0,149
206000441,41,24,17
206000498,64,3,61
206000515,46,27,19
206000530,456,19,437
206000531,231,170,61
206000532,729,194,535
206000535,20,581,-561
206000536,1,26,-25
206000537,1,80,-79
206000613,1205,199,1006
206000784,388,38,350
207000001,27,141,-114
207000002,28,180,-152
207000003,47,110,-63
207000007,1641,150,1491
207000008,310,6,304
207000009,59,3,56
207000010,63,122,-59
207000012,467,96,371
207000015,43,222,-179
207000019,306,23,283
207000021,313,129,184
207000022,154,88,66
207000023,276,15,261
207000024,2,11,-9
207000025,3,22,-19
207000026,0,0,0
207000027,0,0,0
207000028,2,39,-37
207000029,26,100,-74
207000033,120,225,-105
207000034,108,41,67
207000039,629,31,598
207000040,784,10,774
207000041,72,2,70
207000042,304,18,286
207000043,301,170,131
207000051,4,15,-11
207000052,0,13,-13
207000053,150,266,-116
207000054,31,41,-10
207000055,35,51,-16
207000056,72,150,-78
207000057,63,91,-28
207000058,73,138,-65
207000059,45,179,-134
207000060,15,180,-165
207000061,69,1029,-960
207000062,705,54,651
207000063,694,28,666
207000064,402,30,372
207000065,282,81,201
207000066,523,102,421
207000067,87,31,56
207000068,137,42,95
207000069,610,156,454
207000082,12,111,-99
207000083,43,112,-69
207000084,522,102,420
207000085,304,43,261
207000086,516,12,504
207000106,90,13,77
207000107,94,4,90
207000108,146,0,146
207000109,52,1,51
207000110,31,2,29
207000111,48,32,16
207000112,48,165,-117
207000114,0,0,0
207000115,0,0,0
207000116,0,0,0
207000117,0,0,0
207000118,0,0,0
207000119,0,0,0
207000123,199,2,197
207000124,101,5,96
207000125,35,2,33
207000126,126,15,111
207000134,202,69,133
207000135,65,123,-58
207000148,118,95,23
207000149,0,0,0
207000152,10,160,-150
207000153,32,357,-325
207000154,138,89,49
207000159,7,9,-2
207000160,18,33,-15
207000238,0,0,0
207000242,0,0,0
207000248,0,0,0
207000249,0,0,0
207000250,0,0,0
207000251,0,0,0
207000252,0,0,0
207000278,166,55,111
207000279,2,16,-14
207000280,1150,14,1136
207000281,55,164,-109
207000282,19,376,-357
207000283,11,71,-60
207000284,6,1294,-1288
207000285,31,82,-51
207000291,0,0,0
207000304,41,23,18
207000306,17,214,-197
207000310,141,83,58
207000353,69,8,61
207000356,0,7,-7
207000357,1,32,-31
207000358,0,15,-15
207000415,0,0,0
207000417,34,5,29
207000418,78,38,40
207000438,1,4,-3
207000439,268,85,183
207000446,48,2,46
207000460,116,6,110
207000466,1,0,1
207000467,684,36,648
207000468,17,12,5
207000476,0,30,-30
207000477,187,35,152
207000478,0,3,-3
207000523,0,0,0
207000524,19,0,19
207000527,210,46,164
207000530,225,4,221
207000531,123,0,123
207000532,19,36,-17
207000534,97,18,79
207000535,0,0,0
207000537,0,0,0
207000540,0,0,0
207000541,0,0,0
207000548,0,0,0
207000549,91,1,90
207000561,73,59,14
207000562,0,0,0
207000567,17,74,-57
207000568,174,3,171
207000569,681,95,586
207000584,0,0,0
207000585,3,49,-46
207000587,209,0,209
207000616,0,20,-20
207000617,210,0,210
207000624,10,14,-4
207000631,1,22,-21
207900008,521,50,471
208000001,370,501,-131
208000002,475,568,-93
208000003,472,265,207
208000004,645,312,333
208000005,0,0,0
208000019,861,243,618
208000020,244,133,111
208000021,172,131,41
208000022,355,188,167
208000028,292,737,-445
208000033,182,174,8
208000034,217,546,-329
208000037,173,5,168
208000040,128,26,102
208000041,335,258,77
208000042,778,292,486
208000047,69,63,6
208000064,1213,785,428
208000066,733,467,266
208000070,549,350,199
208000071,584,133,451
208000072,740,227,513
208000080,222,234,-12
208000081,234,56,178
208000082,115,70,45
208000083,77,71,6
208000084,3,79,-76
208000085,183,105,78
208000086,315,205,110
208000087,232,356,-124
208000089,519,80,439
208000090,324,173,151
208000093,4,33,-29
208000094,99,158,-59
208000095,476,278,198
208000104,989,232,757
208000105,741,362,379
208000114,38,270,-232
208000115,236,198,38
208000116,876,854,22
208000117,12,74,-62
208000118,35,197,-162
208000155,441,536,-95
208000158,852,956,-104
208000186,425,811,-386
208000204,499,474,25
208000205,725,393,332
208000282,459,295,164
209000004,345,65,280
209000005,24,16,8
209000006,256,119,137
209000007,213,268,-55
209000010,0,0,0
209000011,0,0,0
209000012,4,25,-21
209000013,10,23,-13
209000014,21,56,-35
209000025,507,39,468
209000026,1234,146,1088
209000027,27,37,-10
209000028,24,34,-10
209000029,54,54,0
209000030,109,159,-50
209000031,431,130,301
209000034,197,190,7
209000035,245,246,-1
209000036,398,43,355
209000037,536,140,396
209000038,289,74,215
209000039,103,74,29
209000040,345,189,156
209000041,149,165,-16
209000042,309,151,158
209000043,447,358,89
209000044,341,505,-164
209000045,403,104,299
209000046,314,141,173
209000047,220,120,100
209000048,429,344,85
209000049,27,31,-4
209000050,124,45,79
209000051,104,35,69
209000052,62,22,40
209000062,0,1,-1
209000063,1,0,1
209000064,1,3,-2
209000065,239,13,226
209000066,295,17,278
209000067,212,12,200
209000080,7,16,-9
209000082,113,25,88
209000091,0,0,0
209000093,0,0,0
209000094,0,0,0
209000110,60,98,-38
209000111,348,1542,-1194
209000112,1285,270,1015
209000113,1603,310,1293
209000114,963,417,546
209000115,9,24,-15
209000116,55,101,-46
209000118,13,74,-61
209000119,0,0,0
209000121,14,27,-13
209000135,23,79,-56
209000142,514,1401,-887
209000143,0,0,0
209000144,49,144,-95
209000229,108,55,53
209000240,4,15,-11
209000259,6,10,-4
209000260,1,83,-82
209000261,1,63,-62
209000262,0,45,-45
209000263,0,38,-38
209000264,0,16,-16
209000265,226,8,218
209000266,91,1,90
209000267,744,8,736
209000268,314,78,236
210000037,130,8,122
210000047,18,10,8
210000048,51,4,47
210000049,43,2,41
210000052,16,7,9
210000053,7,1,6
210000054,4,24,-20
210000070,141,12,129
210000071,140,1,139
210000072,35,0,35
210000073,0,0,0
210000074,0,0,0
210000075,0,1,-1
210000076,0,7,-7
210000077,0,19,-19
210000078,2,44,-42
210000079,5,25,-20
210000080,44,172,-128
210000081,75,3,72
210000082,5,0,5
210000083,22,0,22
210000084,67,0,67
210000085,0,1,-1
210000086,0,5,-5
210000099,1,5,-4
210000100,2,11,-9
210000101,0,13,-13
210000105,0,47,-47
210000159,0,0,0
210000163,3,14,-11
210000164,221,140,81
210000168,134,15,119
210000187,0,0,0
210000188,0,0,0
210000214,12,0,12
210000219,139,49,90
210000220,169,13,156
210000232,0,0,0
210000233,1,1,0
210000234,0,0,0
210000235,6,3,3
210000245,2,0,2
210000246,9,0,9
210000258,1,3,-2
210000259,137,2,135
210000282,0,4,-4
210000285,0,3,-3
210000286,1,4,-3
210000290,0,1,-1
210000295,16,45,-29
210000296,10,2,8
210000320,252,35,217
210000321,90,4,86
210000338,17,8,9
210000339,10,97,-87
210000340,7,27,-20
210000341,40,32,8
210000342,92,27,65
210000343,33,65,-32
210000344,15,15,0
210000345,20,70,-50
210000346,9,22,-13
210000347,3,39,-36
210000348,29,43,-14
210000349,8,17,-9
210000350,34,41,-7
210000351,61,8,53
210000352,13,12,1
210000353,39,19,20
210000354,29,20,9
210000355,8,77,-69
210000356,16,51,-35
210000357,26,127,-101
210000358,155,173,-18
210000359,80,147,-67
210000360,127,140,-13
210000361,153,68,85
210000362,262,77,185
210000363,281,102,179
210000364,124,54,70
210000365,127,14,113
210000366,320,11,309
210000367,65,8,57
210000368,56,35,21
210000369,25,21,4
210000370,124,44,80
210000372,7,8,-1
210000373,4,36,-32
210000374,78,39,39
210000375,3,16,-13
210000376,11,99,-88
210000404,3,13,-10
210000439,44,11,33
210000472,13,0,13
210000482,99,117,-18
210000564,175,72,103
210000567,0,91,-91
210000568,184,0,184
211000092,3,34,-31
211000094,17,0,17
211000169,240,1,239
211000172,25,142,-117
211000209,0,16,-16
211000226,10,1,9
211000270,37,0,37
211000275,43,10,33
211000276,101,7,94
211000279,20,8,12
211000281,123,2,121
211000302,3,6,-3
211507980,0,44,-44
211977296,25,0,25
212000003,199,53,146
212000004,2,47,-45
212000005,2,48,-46
212000006,3,81,-78
212000008,65,99,-34
212000009,40,73,-33
212000012,25,20,5
212000013,3,16,-13
212000014,77,39,38
212000015,115,55,60
212000016,154,134,20
212000027,471,107,364
212000028,291,166,125
212000029,189,92,97
212000030,60,14,46
212000031,38,18,20
212000048,3,139,-136
212000049,1,92,-91
212000050,2,3,-1
212000051,142,27,115
212000052,123,62,61
212000053,67,112,-45
212000054,558,24,534
212000055,535,61,474
212000056,42,34,8
212000057,25,33,-8
212000058,124,23,101
212000070,66,29,37
212000077,70,88,-18
212000099,448,60,388
212000108,310,130,180
212000111,426,43,383
212000120,34,106,-72
212000138,53,20,33
212000156,5,26,-21
212000158,2,48,-46
212000159,566,60,506
212000160,674,36,638
212000161,101,17,84
212000310,16,3,13
212000311,16,27,-11
212000374,6,6,0
213000001,5,162,-157
213000005,488,27,461
213000006,463,51,412
213000007,15,8,7
213000009,92,85,7
213000010,281,53,228
213000011,171,27,144
213000012,93,197,-104
213000014,53,14,39
213000015,245,5,240
213000016,190,0,190
213000017,31,2,29
213000018,0,8,-8
213000019,0,34,-34
213000020,63,43,20
213000021,1,33,-32
213000023,285,145,140
213000033,235,533,-298
213000034,259,75,184
213000035,110,288,-178
213000045,110,102,8
213000046,64,25,39
213000047,116,550,-434
213000056,108,3,105
213000069,79,3,76
213000073,1,19,-18
213000074,34,157,-123
213000075,433,3,430
213000076,4,0,4
213000085,0,1,-1
213000086,2,20,-18
213000091,202,10,192
213000092,13,12,1
213000099,112,513,-401
213000100,534,151,383
213000101,430,42,388
213000102,449,113,336
213000103,288,175,113
213000104,1,117,-116
213000105,44,640,-596
213000106,47,70,-23
213000107,91,158,-67
213000108,38,125,-87
213000109,4,88,-84
213000110,16,50,-34
213000111,0,109,-109
213000112,7,246,-239
213000115,41,0,41
213000116,11,206,-195
213000117,1,189,-188
213000118,905,236,669
213000119,4,202,-198
213000120,11,93,-82
213000122,58,172,-114
213000123,25,244,-219
213000124,54,313,-259
213000125,137,36,101
213000126,17,21,-4
213000127,1,38,-37
213000128,37,313,-276
213000129,140,1012,-872
213000130,778,394,384
213000132,844,81,763
213000133,749,41,708
213000134,679,8,671
213000136,477,20,457
213000137,407,19,388
213000139,224,6,218
213000147,1,10,-9
213000148,22,28,-6
213000149,2,1,1
213000150,0,214,-214
213000151,2,154,-152
213000152,1,153,-152
213000153,0,126,-126
213000154,39,149,-110
213000155,26,100,-74
213000156,46,404,-358
213000157,964,147,817
213000158,276,246,30
213000159,722,136,586
213000163,1627,133,1494
213000165,345,112,233
213000171,0,6,-6
213000172,0,10,-10
213000173,0,23,-23
213000174,0,6,-6
213000175,1,5,-4
213000176,90,44,46
213000177,178,4,174
213000178,304,2,302
213000179,279,0,279
213000180,296,0,296
213000184,45,125,-80
213000188,414,58,356
213000189,558,14,544
213000190,545,34,511
213000191,482,41,441
213000192,217,44,173
213000193,209,87,122
213000194,1,92,-91
213000195,47,349,-302
213000196,210,567,-357
213000197,400,317,83
213000198,11,0,11
213000200,97,218,-121
213000201,5,110,-105
213000202,3,201,-198
213000203,770,210,560
213000204,890,17,873
213000205,317,13,304
213000206,491,4,487
213000207,13,0,13
213000208,36,0,36
213000209,36,0,36
213000210,45,0,45
213000211,0,31,-31
213000212,1,62,-61
213000213,2,21,-19
213000218,264,263,1
213000219,623,24,599
213000220,792,6,786
213000223,145,126,19
213000224,43,55,-12
213000225,38,6,32
213000226,18,9,9
213000227,1080,78,1002
213000228,549,20,529
213000229,109,5,104
213000230,392,1,391
213000232,30,915,-885
213000233,5,57,-52
213000234,0,21,-21
213000293,2,112,-110
213000294,38,18,20
213000295,0,81,-81
213000296,153,29,124
213000297,5,10,-5
213000298,1,17,-16
213000299,21,16,5
213000300,0,15,-15
213000303,1,9,-8
213000304,0,23,-23
213000305,2,29,-27
213000306,9,14,-5
213000307,40,97,-57
213000308,9,12,-3
213000309,69,5,64
213000310,107,44,63
213000311,84,276,-192
213000315,28,15,13
213000316,203,52,151
213000322,81,4,77
213000323,115,18,97
213000324,49,5,44
213000325,97,30,67
213000326,66,21,45
213000327,45,30,15
213000328,16,54,-38
213000329,23,2,21
213000340,24,172,-148
213000341,931,25,906
213000346,58,267,-209
213000347,126,318,-192
213000348,0,47,-47
213000349,1,1,0
213000350,115,228,-113
213000366,39,115,-76
213000367,242,8,234
213000379,1,41,-40
213000386,10,132,-122
213000406,46,156,-110
213000417,1024,296,728
213000425,304,23,281
213000426,179,20,159
213000427,49,32,17
213000428,35,9,26
213000429,9,22,-13
213000430,22,70,-48
213000431,4,1,3
213000432,13,284,-271
213000433,35,9,26
213000434,112,29,83
213000435,46,17,29
213000436,33,18,15
213000437,0,2,-2
213000438,131,8,123
213000439,19,8,11
213000440,7,80,-73
213000441,2,0,2
213000442,0,9,-9
213000443,265,307,-42
213000444,54,6,48
213000445,0,63,-63
213000446,0,316,-316
213000447,0,47,-47
213000448,18,71,-53
213000449,698,4,694
213000450,37,6,31
213000451,205,0,205
213000452,1,2,-1
213000453,3,34,-31
213000455,54,21,33
213000456,0,65,-65
213000481,7,0,7
213000482,52,1,51
213000489,65,31,34
213000491,15,241,-226
213000492,38,0,38
213000493,1,190,-189
213000494,228,29,199
213000495,0,0,0
213000496,372,95,277
213000497,27,460,-433
213000498,17,260,-243
213000499,85,170,-85
213000500,554,50,504
213000501,102,5,97
213000502,83,14,69
213000503,0,42,-42
213000504,7,58,-51
213000505,39,1,38
213000506,0,1,-1
213000507,2,52,-50
213900244,64,2,62
213900245,0,0,0
218000003,58,4,54
218000004,22,6,16
218000005,1,49,-48
218000006,22,26,-4
218000007,6,1,5
218000012,36,148,-112
218000013,55,58,-3
218000014,63,48,15
218000019,205,112,93
218000020,142,163,-21
218000021,10,7,3
218000022,18,6,12
218000023,1,6,-5
218000024,3,0,3
218000025,13,9,4
218000026,13,8,5
218000027,27,1,26
218000028,1,1,0
218000029,8,0,8
218000030,14,1,13
218000031,1,5,-4
218000032,0,4,-4
218000040,5,1,4
218000046,132,105,27
218000047,3,69,-66
218000048,134,75,59
218000049,17,57,-40
218000050,194,73,121
218000051,94,99,-5
218000052,0,30,-30
218000053,0,7,-7
218000054,31,15,16
218000055,0,12,-12
218000056,6,46,-40
218000057,3,45,-42
218000064,2,0,2
218000065,23,13,10
218000066,8,28,-20
218000067,87,26,61
218000068,130,11,119
218000069,283,38,245
218000070,312,105,207
218000071,209,128,81
218000072,79,102,-23
218000078,452,255,197
218000079,268,6,262
218000080,101,7,94
218000081,643,30,613
218000082,177,23,154
218000083,37,8,29
218000084,48,45,3
218000085,28,36,-8
218000086,2,11,-9
218000087,55,10,45
218000090,28,128,-100
218000091,780,239,541
218000092,112,91,21
218000093,65,5,60
218000094,282,143,139
218000099,134,81,53
218000100,108,34,74
218000101,80,39,41
218000102,106,20,86
218000103,41,5,36
218000104,44,4,40
218000105,25,7,18
218000106,44,6,38
218000107,98,36,62
218000108,0,27,-27
218000112,19,10,9
218000117,56,46,10
218000134,225,177,48
218000135,9,69,-60
218000136,83,130,-47
218000137,106,45,61
218000138,10,41,-31
218000139,99,136,-37
218000140,303,169,134
218000141,21,53,-32
218000142,81,70,11
218000143,24,80,-56
218000144,6,90,-84
218000145,371,160,211
218000146,58,27,31
218000151,3,30,-27
218000152,43,55,-12
218000153,0,16,-16
218000154,1,3,-2
218000155,27,0,27
218000156,52,4,48
218000157,12,3,9
218000158,6,0,6
218000159,2,0,2
218000160,2,0,2
218000161,15,0,15
218000162,19,3,16
218000163,33,0,33
218000164,63,0,63
218000165,107,13,94
218000170,0,57,-57
218000171,41,3,38
218000172,1,4,-3
218000173,10,1,9
218000174,22,4,18
218000176,184,8,176
218000177,312,16,296
218000178,106,27,79
218000179,162,29,133
218000180,30,3,27
218000181,244,25,219
218000187,4,12,-8
218000188,5,12,-7
218000189,1,18,-17
218000190,27,4,23
218000191,33,1,32
218000192,83,39,44
218000193,88,63,25
218000194,64,33,31
218000195,132,31,101
218000196,319,54,265
218000197,574,80,494
218000198,66,27,39
218000199,25,5,20
218000200,8,5,3
218000201,1,0,1
218000202,10,186,-176
218000207,28,10,18
218000208,30,36,-6
218000211,17,3,14
218000212,0,1,-1
218000213,166,153,13
218000214,0,76,-76
218000215,94,58,36
218000217,2,40,-38
218000218,324,138,186
218000219,0,34,-34
218000220,58,266,-208
218000221,444,174,270
218000222,0,47,-47
218000223,21,145,-124
218000224,4,115,-111
218000225,102,4,98
218000226,181,17,164
218000230,0,4,-4
218000232,48,34,14
218000239,24,8,16
218000240,2,5,-3
218000241,6,0,6
218000242,1,0,1
218000243,0,1,-1
218000244,25,2,23
218000245,3,5,-2
218000246,0,7,-7
218000247,0,0,0
218000248,0,6,-6
218000249,0,3,-3
218000250,0,0,0
218000251,0,14,-14
218000252,1,25,-24
218000253,0,2,-2
218000254,0,3,-3
218000255,0,4,-4
218000256,10,31,-21
218000267,406,397,9
218000268,0,20,-20
218000269,0,3,-3
218000270,33,1,32
218000271,5,8,-3
218000273,40,1,39
218000274,14,1,13
218000275,47,81,-34
218000276,24,12,12
218000278,21,27,-6
218000279,60,18,42
218000280,0,9,-9
218000281,0,10,-10
218000282,276,445,-169
218000284,8,1,7
218000301,10,32,-22
218000302,10,42,-32
218000303,4,33,-29
218000316,1237,392,845
218000317,2056,172,1884
218000318,1191,135,1056
218000319,630,222,408
218000320,292,134,158
218000338,26,23,3
218000345,107,19,88
218000346,33,71,-38
218000459,25,80,-55
218000490,0,26,-26
218000501,76,28,48
218000502,22,12,10
218000503,69,6,63
218000504,47,3,44
218000505,4,36,-32
218000506,2,82,-80
218000508,0,0,0
218000510,61,6,55
218000520,96,65,31
218000521,0,24,-24
218000522,4,250,-246
218000523,48,5,43
218000524,0,122,-122
218000525,9,9,0
218000526,2,122,-120
218000529,9,41,-32
218000530,11,1,10
218000531,0,16,-16
218000532,84,8,76
218000534,369,20,349
218000537,1,70,-69
218000538,34,106,-72
218000540,24,37,-13
218000543,108,19,89
218000544,1,26,-25
218000545,128,27,101
218000546,5,19,-14
218000547,80,126,-46
218000548,48,76,-28
218000549,632,57,575
218000550,45,180,-135
218000551,43,120,-77
218000552,327,25,302
218000553,43,66,-23
218000554,19,22,-3
218000555,23,40,-17
218000556,99,51,48
218000557,582,110,472
218000558,4,0,4
218000559,1,67,-66
218000560,0,13,-13
218000561,3,0,3
218000562,0,74,-74
218000563,44,9,35
218000564,0,85,-85
218000565,85,16,69
218000566,61,10,51
218000567,0,41,-41
218000568,0,0,0
218000569,0,126,-126
218000570,33,2,31
218000571,1,67,-66
218000572,32,0,32
218000573,1,87,-86
218000574,28,12,16
218000575,35,1,34
218000576,0,53,-53
218000577,18,0,18
218000578,1,36,-35
218000579,5,1,4
218000581,0,5,-5
218000582,73,3,70
218000583,18,0,18
218000584,2,27,-25
218000585,12,2,10
218000586,13,23,-10
218000587,0,0,0
218000588,0,12,-12
218000589,0,36,-36
218000590,0,0,0
218000591,0,68,-68
218000592,1,43,-42
218000593,0,37,-37
218000594,0,8,-8
218000597,0,18,-18
218000598,0,12,-12
218000599,0,181,-181
218000600,0,12,-12
218000601,0,77,-77
218000602,0,1,-1
218000603,0,5,-5
218000604,34,1,33
218000605,0,388,-388
218000606,347,3,344
218000607,2,44,-42
218000608,22,14,8
218000609,1,16,-15
218000610,52,0,52
218000611,3,0,3
218000612,0,5,-5
218000613,15,1,14
218000614,29,11,18
218000615,128,0,128
218000616,3,141,-138
218000617,2,0,2
218000618,0,21,-21
218000619,6,1,5
218000620,0,28,-28
218000621,0,0,0
218000622,0,76,-76
218000623,2,0,2
218000624,2,33,-31
218000625,2,2,0
218000626,1,32,-31
218000628,142,62,80
218000631,96,9,87
218000632,0,101,-101
218000633,49,1,48
218000634,0,8,-8
218000635,11,1,10
218000636,292,175,117
218000637,909,93,816
218000638,421,18,403
218000639,29,31,-2
218000640,528,2,526
218000641,109,23,86
218000652,54,44,10
218000653,197,15,182
218000663,0,11,-11
218000675,1,22,-21
218000676,0,4,-4
218000677,32,1,31
218000680,151,79,72
218000681,590,22,568
218000691,140,111,29
218000693,646,20,626
218000703,3,6,-3
218000718,7,64,-57
218000719,12,72,-60
218000720,0,72,-72
218000721,3,1,2
218000725,2,3,-1
218001147,0,24,-24
218001214,13,41,-28
218001258,163,0,163
218001329,111,108,3
218001330,60,116,-56
218001351,16,10,6
218001352,0,7,-7
218001353,2,1,1
218001354,15,18,-3
218001355,4,17,-13
218001356,756,35,721
218001357,0,25,-25
218001358,483,2,481
218001361,742,68,674
218001362,1,20,-19
219000001,0,0,0
219000002,0,0,0
219000003,24,16,8
219000004,20,52,-32
219000017,22,15,7
219000020,172,14,158
219000022,161,1,160
219000023,32,0,32
219000029,0,0,0
219000034,46,39,7
219000039,0,4,-4
219000040,11,10,1
219000041,88,30,58
219000051,0,0,0
219000052,0,0,0
219000053,0,0,0
219000054,0,0,0
219000055,265,0,265
219000056,0,0,0
219000057,49,0,49
219000062,2,30,-28
219000063,197,1,196
219000064,0,22,-22
219000110,161,208,-47
219000111,106,66,40
219000112,187,11,176
219000113,142,12,130
219000114,98,23,75
219000116,57,36,21
219000117,45,3,42
219000118,11,10,1
219000123,58,0,58
219000124,1,1,0
219000125,0,0,0
219000126,0,0,0
219000127,0,0,0
219000128,0,5,-5
219000129,0,5,-5
219000130,58,78,-20
219000131,563,698,-135
219000133,18,47,-29
219000134,1,16,-15
219000135,1,16,-15
219000136,19,93,-74
219000138,56,0,56
219000139,30,0,30
219000140,75,0,75
219000141,62,1,61
219000142,1,5,-4
219000143,1,2,-1
219000145,7,12,-5
219000146,0,0,0
219000147,0,0,0
219000148,0,0,0
219000149,0,0,0
219000150,0,0,0
219000151,0,0,0
219000157,179,67,112
219000158,201,35,166
219000161,151,3,148
219000163,611,197,414
219000166,57,58,-1
219000167,41,44,-3
219000168,165,17,148
219000174,506,58,448
219000175,114,1,113
219000176,199,4,195
219000177,52,3,49
219000178,105,0,105
219000179,59,42,17
219000180,30,0,30
219000182,63,0,63
219000183,64,5,59
219000184,28,3,25
219000185,0,0,0
219000186,38,7,31
219000187,39,11,28
219000189,2,3,-1
219000190,0,3,-3
219000191,17,145,-128
219000192,212,149,63
219000193,20,2,18
219000195,0,0,0
219000196,0,0,0
219000198,0,0,0
219000199,0,1,-1
219000200,2,0,2
219000201,0,1,-1
219000203,0,4,-4
219000204,8,24,-16
219000205,0,16,-16
219000207,13,34,-21
219000209,0,0,0
219000210,0,2,-2
219000213,0,29,-29
219000239,64,97,-33
219000240,32,195,-163
219000241,68,29,39
219000242,3,37,-34
219000243,98,300,-202
219000244,5,200,-195
219000245,3,120,-117
219000246,9,40,-31
219000247,169,22,147
219000248,362,442,-80
219000249,121,117,4
219000250,110,47,63
219000251,462,94,368
219000252,264,69,195
219000253,180,6,174
219000255,126,157,-31
219000256,314,21,293
219000257,79,0,79
219000262,21,24,-3
219000263,15,24,-9
219000267,0,0,0
219000268,0,0,0
219000269,2,2,0
219000270,1,0,1
219000271,141,2,139
219000278,0,0,0
219000279,0,0,0
219000283,0,2,-2
219000295,1,13,-12
219000296,2,75,-73
219000297,2,1,1
219000298,1,0,1
219000299,164,28,136
219000300,23,15,8
219000301,0,28,-28
219000302,1,17,-16
219000307,0,0,0
219000308,59,16,43
219000311,126,27,99
219000312,246,66,180
219000313,207,62,145
219000314,14,9,5
219000315,253,14,239
219000316,378,22,356
219000317,113,8,105
219000320,0,0,0
219000321,0,0,0
219000323,0,0,0
219000325,0,0,0
219000326,2,14,-12
219000327,0,0,0
219000328,0,0,0
219000329,226,92,134
219000330,4,4,0
219000331,14,7,7
219000332,118,20,98
219000333,32,1,31
219000335,48,4,44
219000337,0,0,0
219000338,19,0,19
219000344,0,0,0
219000345,0,0,0
219000346,0,0,0
219000348,2,3,-1
219000349,0,32,-32
219000350,0,0,0
219000351,0,0,0
219000352,30,37,-7
219000353,99,38,61
219000354,534,22,512
219000355,73,11,62
219000356,208,505,-297
219000363,92,25,67
219000364,146,11,135
219000365,87,7,80
219000366,124,395,-271
219000368,157,243,-86
219000370,475,312,163
219000371,0,0,0
219000382,0,9,-9
219000383,55,131,-76
219000385,38,112,-74
219000386,52,334,-282
219000387,0,2,-2
219000390,2,0,2
219000391,0,0,0
219000397,0,0,0
219000398,34,52,-18
219000401,4,10,-6
219000402,1,14,-13
219000403,10,33,-23
219000404,30,32,-2
219000407,3,2,1
219000409,37,16,21
219000410,62,5,57
219000411,81,8,73
219000446,5,33,-28
219000447,0,0,0
219000448,1,8,-7
219000452,28,76,-48
219000453,4,85,-81
219000454,207,221,-14
219000556,470,21,449
219000558,12,39,-27
219000590,3,103,-100
219000591,209,31,178
219000592,0,26,-26
219000595,0,0,0
219000635,60,34,26
219000636,3,0,3
219000657,1,0,1
219000658,0,0,0
219000673,0,0,0
219000676,9,7,2
219000679,16,0,16
219000684,115,0,115
219000685,0,10,-10
219000686,0,2,-2
219000688,0,0,0
219000689,3,57,-54
219000690,56,9,47
219000691,6,11,-5
219000692,110,0,110
219000693,0,0,0
219000694,5,0,5
219000695,70,5,65
219000698,4,0,4
219000699,0,0,0
219000727,0,3,-3
219000728,81,0,81
219000770,6,1,5
219000771,0,0,0
219000788,52,236,-184
219001150,0,67,-67
219001151,0,0,0
219001166,7,31,-24
219001167,2,9,-7
219001178,55,0,55
220000001,6,25,-19
220000002,0,31,-31
220000003,6,54,-48
220000004,79,96,-17
220000005,121,216,-95
220000006,49,90,-41
220000007,150,31,119
220000008,77,113,-36
220000009,32,61,-29
220000010,10,58,-48
220000011,109,1817,-1708
220000012,4,190,-186
220000014,56,60,-4
220000015,49,394,-345
220000017,22,124,-102
220000018,4205,604,3601
220000019,76,367,-291
220000020,217,141,76
220000021,573,83,490
220000022,794,141,653
220000023,147,117,30
220000024,413,420,-7
220000025,373,1005,-632
220000026,194,429,-235
220000027,10,152,-142
220000028,25,328,-303
220000029,9,16,-7
220000030,5,46,-41
220000031,430,300,130
220000064,15,386,-371
221000046,1,0,1
221000047,0,0,0
221000048,0,2,-2
221000049,0,4,-4
221000050,5,0,5
221000055,7,129,-122
221000057,90,1,89
221000068,192,95,97
221000069,272,17,255
221000070,125,5,120
221000071,88,1,87
221000072,194,2,192
221000073,172,5,167
221000074,0,2,-2
221000075,0,46,-46
221000076,1,40,-39
221000077,3,25,-22
221000081,18,2,16
221000082,41,0,41
221000083,7,0,7
221000084,0,1,-1
221000085,3,260,-257
221000086,2,215,-213
221000087,0,127,-127
221000088,0,92,-92
221000089,3,68,-65
221000090,18,116,-98
221000098,141,11,130
221000099,146,2,144
221000100,201,3,198
221000101,138,7,131
221000102,122,9,113
221000109,1,26,-25
221000110,1,34,-33
221000111,0,28,-28
221000112,0,29,-29
221000113,0,40,-40
221000114,0,84,-84
221000120,6,47,-41
221000121,0,4,-4
221000122,13,31,-18
221000123,3,61,-58
221000124,21,154,-133
221000155,39,9,30
221000156,87,15,72
221000175,22,12,10
221000176,0,33,-33
221000182,48,0,48
221000241,342,254,88
221000242,16,118,-102
221000243,374,119,255
221000244,48,332,-284
221000245,61,31,30
221000246,4,248,-244
221000247,195,50,145
221000248,61,176,-115
221000267,25,150,-125
221000325,30,41,-11
221000331,2,79,-77
221000338,6,35,-29
221000378,341,17,324
221000381,8,31,-23
222000282,0,2,-2
222000296,0,20,-20
222000568,161,23,138
222000569,51,31,20
222000570,94,11,83
222000571,313,0,313
222000577,1,38,-37
222000578,1,79,-78
222000579,42,43,-1
222000580,14,531,-517
222000599,0,41,-41
222000600,1,42,-41
222000601,1,142,-141
222000603,6,10,-4
222000604,0,17,-17
222000605,0,57,-57
222000606,0,1,-1
222000607,0,18,-18
222000608,5,1,4
222000609,4,8,-4
222000616,468,7,461
222000617,0,2,-2
222000618,0,0,0
222000620,5,13,-8
222000621,4,22,-18
222000623,316,0,316
222000624,238,2,236
222000625,809,1,808
222000636,29,1,28
222000686,4,18,-14
222000687,4,1,3
222001066,288,0,288
222001067,48,0,48
222001068,208,9,199
222001069,161,18,143
222001082,11,30,-19
222001083,83,3,80
222001084,0,34,-34
222001085,4,167,-163
222001111,77,21,56
222001112,252,10,242
222001313,2,1,1
222001314,1,25,-24
222001464,410,23,387
222001465,38,34,4
222001484,204,34,170
222001485,5,11,-6
222001494,742,113,629
222001495,66,41,25
222001496,378,27,351
222001497,45,207,-162
222001502,0,9,-9
222001503,135,13,122
222001504,5,29,-24
222001505,327,14,313
222001506,1,7,-6
222001507,115,1,114
222001510,556,5,551
222001511,0,66,-66
222001514,586,27,559
222001515,18,94,-76
222001518,478,19,459
222001519,2,40,-38
222001527,74,28,46
222001528,0,6,-6
222001529,360,10,350
222001530,18,33,-15
222001533,8,28,-20
222001534,539,16,523
222001535,281,120,161
222001536,5,213,-208
222001537,304,4,300
222001538,0,79,-79
222001563,981,18,963
222001564,10,105,-95
222001568,100,11,89
222001576,0,1,-1
222001579,0,20,-20
222001583,1,27,-26
222001584,203,2,201
222001596,69,133,-64
222001597,1045,92,953
222001626,0,20,-20
222001650,1,11,-10
222001651,5,155,-150
222001914,259,22,237
222001915,0,26,-26
222001968,405,73,332
222001969,83,226,-143
222001970,22,146,-124
222001971,58,0,58
222001972,10,1,9
225000001,390,72,318
225000002,460,86,374
225000003,896,38,858
225000004,453,57,396
225000005,51,22,29
225000006,0,0,0
225000007,115,386,-271
225000010,161,24,137
225000011,119,824,-705
225000012,128,458,-330
225000013,66,23,43
225000014,345,44,301
225000015,67,54,13
225000021,380,85,295
225000027,51,63,-12
225000032,458,47,411
225000042,45,102,-57
225000049,14,3,11
225000050,104,21,83
225000053,0,0,0
225000058,324,71,253
225000067,4,5,-1
225000068,7,17,-10
225000069,3,32,-29
225000070,4,51,-47
225000071,4,64,-60
225000075,22,364,-342
225000076,0,0,0
225000078,22,38,-16
225000085,83,29,54
225000086,235,28,207
225000087,85,2,83
225000088,0,13,-13
225000089,0,0,0
225000090,0,0,0
225000091,0,0,0
225000092,0,14,-14
225000093,34,21,13
225000094,0,15,-15
225000095,23,25,-2
225000096,2,29,-27
225000098,649,43,606
225000099,379,33,346
225000100,572,93,479
225000104,43,122,-79
225000110,1,31,-30
225000111,159,107,52
225000112,265,219,46
225000113,29,282,-253
225000114,15,157,-142
225000115,579,353,226
225000116,147,51,96
225000117,378,249,129
225000118,690,161,529
225000119,226,32,194
225000120,395,9,386
225000121,106,10,96
225000123,483,7,476
225000125,455,69,386
225000126,329,122,207
225000127,425,1597,-1172
225000128,389,1066,-677
225000132,475,45,430
225000133,120,5,115
225000134,483,75,408
225000135,73,8,65
225000136,377,4,373
225000137,307,30,277
225000138,384,61,323
225000143,0,0,0
225000144,0,0,0
225000145,59,28,31
225000146,0,0,0
225000147,0,0,0
225000148,0,0,0
225000149,0,0,0
225000151,0,0,0
225000155,5,16,-11
225000156,21,440,-419
225000157,129,139,-10
225000158,5,17,-12
225000171,0,43,-43
225000180,6,4,2
225000181,0,1,-1
225000182,8,2,6
225000185,0,77,-77
225000187,39,50,-11
225000191,12,1,11
225000194,0,1,-1
225000208,0,0,0
225000209,35,15,20
225000210,0,0,0
225000217,0,4,-4
225000218,12,0,12
225000223,0,158,-158
225000224,2,0,2
225000225,0,304,-304
225000226,54,2,52
225000227,5,81,-76
225000228,4,1,3
225000229,0,16,-16
225000230,0,0,0
225000231,1,2,-1
225000232,68,0,68
225000241,22,0,22
225000242,0,4,-4
225000249,10,0,10
225000250,0,0,0
225000251,464,34,430
226000042,4,18,-14
226000043,1,14,-13
226000044,18,43,-25
226000045,1,46,-45
226000046,662,32,630
226000047,363,46,317
226000048,382,81,301
226000049,296,167,129
226000070,0,0,0
226000071,0,0,0
226000072,0,0,0
226000073,0,0,0
226000074,0,0,0
226000084,0,0,0
226000085,0,0,0
226000086,0,1,-1
226000087,0,0,0
226000088,0,0,0
226000090,20,47,-27
226000091,1,16,-15
226000092,15,17,-2
226000093,1,43,-42
226000094,8,1,7
226000095,10,11,-1
226000105,23,1,22
226000106,1,0,1
226000107,10,1,9
226000108,3,0,3
226000109,124,0,124
226000124,216,70,146
226000134,913,261,652
226000135,1548,241,1307
226000136,574,103,471
226000137,0,1,-1
226000138,0,0,0
226000139,0,0,0
226000156,285,0,285
226000157,304,4,300
226000163,1,0,1
226000202,0,0,0
226000231,674,8,666
226000232,35,1,34
227000033,513,4,509
227000036,848,15,833
227000037,722,13,709
227000038,143,18,125
227000049,0,0,0
227000050,0,0,0
227000055,25,0,25
227000056,22,0,22
227000084,0,0,0
227000085,0,0,0
227000088,47,1,46
227000089,32,0,32
227000090,28,1,27
227000091,112,5,107
227000092,1,0,1
227000093,82,0,82
227000094,1,0,1
227000130,0,0,0
227000131,0,0,0
227000132,0,0,0
227000133,0,0,0
227000134,0,0,0
227000152,0,0,0
227000153,0,0,0
227000154,0,0,0
227000155,0,0,0
227000156,0,0,0
227000165,0,0,0
227000196,491,31,460
227000199,550,21,529
227000230,0,96,-96
227000232,754,50,704
227000242,0,3,-3
227000243,453,25,428
227000245,0,5,-5
227000246,5,12,-7
227000247,731,10,721
227000248,144,84,60
227000249,2,19,-17
227000250,327,246,81
227000251,8,79,-71
227000252,0,7,-7
227000253,376,74,302
227000262,808,16,792
227000266,1846,29,1817
227000267,2,226,-224
227000282,0,0,0
227000284,667,7,660
227000286,0,0,0
227000287,0,0,0
227000291,0,0,0
227000484,249,0,249
227000485,0,14,-14
227000655,282,8,274
227000656,624,3,621
227000657,191,3,188
227000661,510,12,498
227000680,29,224,-195
229000265,34,5,29
229000296,0,16,-16
229000297,1,26,-25
229000298,1,220,-219
229000320,34,1,33
229000321,1,1,0
229000412,2,6,-4
229000414,14,19,-5
229000415,5,0,5
229000416,2,0,2
229000417,0,0,0
229000419,126,70,56
229000440,145,14,131
229000442,34,5,29
229000443,0,0,0
229000444,1,14,-13
229000445,21,4,17
229000446,64,20,44
229000491,0,1,-1
229000492,0,2,-2
229000493,0,9,-9
229000494,25,0,25
229000495,67,0,67
229000496,113,2,111
229000507,0,0,0
229000508,0,0,0
229000509,0,0,0
229000510,0,0,0
229000511,0,0,0
229000512,0,0,0
229000513,0,0,0
229000514,0,0,0
229000517,0,2,-2
229000518,3,0,3
229000519,0,1,-1
229000520,6,8,-2
229000521,42,0,42
229000522,0,0,0
229000523,5,1,4
229000524,1,1,0
229000527,0,1,-1
229000528,0,0,0
229000529,9,0,9
229000530,92,0,92
229000531,37,2,35
229000532,3,0,3
229000533,37,0,37
229000534,3,1,2
229000564,94,0,94
229000565,45,0,45
229000566,0,0,0
229000567,0,0,0
229000582,45,1,44
229000583,4,0,4
229000584,0,0,0
229000585,0,0,0
229000718,0,0,0
229000719,0,0,0
229000720,0,0,0
229000721,0,0,0
229000722,0,0,0
229000723,0,0,0
229000724,0,0,0
229000725,0,0,0
229000738,0,0,0
229000739,0,0,0
229000740,2,0,2
229000741,26,0,26
229000742,2,0,2
229000743,53,0,53
229000744,1,0,1
229000745,0,0,0
229000746,6,0,6
229000847,91,0,91
229000848,128,0,128
229000849,119,10,109
229000851,134,0,134
229000854,0,0,0
229000856,0,0,0
229000857,0,0,0
229000858,0,0,0
229000919,0,0,0
229000930,0,0,0
229000937,86,18,68
229000966,12,18,-6
229000981,0,0,0
229000985,0,4,-4
229000986,0,2,-2
229000987,0,0,0
229000988,0,13,-13
229000989,5,2,3
229000990,0,13,-13
229000991,0,3,-3
229000992,46,3,43
229000993,118,10,108
229000998,25,54,-29
229000999,113,2,111
229001034,0,7,-7
229001035,5,0,5
229001037,20,1,19
229001042,5,0,5
229001047,2,34,-32
229001050,46,25,21
229001168,0,0,0
229001200,9,0,9
229001338,0,1,-1
229001394,185,0,185
229001422,144,7,137
229001423,0,0,0
229001431,16,26,-10
229001432,0,0,0
229001444,132,3,129
229001445,80,22,58
229001479,47,0,47
229001503,187,15,172
229001504,0,0,0
229001505,75,7,68
229001506,0,0,0
229001509,19,2,17
229001545,64,18,46
229001546,0,0,0
229001553,62,16,46
229001554,0,0,0
229001559,5,0,5
229001560,0,32,-32
229001630,120,2,118
229001631,2,18,-16
229001635,0,13,-13
229001636,0,0,0
229001658,0,0,0
229001659,61,3,58
229001660,0,0,0
229001661,0,7,-7
229001662,21,0,21
229001663,0,0,0
229002584,164,71,93
229002831,128,41,87
229002841,0,29,-29
229002842,6,6,0
229002843,25,7,18
229002844,0,120,-120
229002845,3,60,-57
229002846,2,4,-2
229002847,0,5,-5
229002848,1,12,-11
229002849,1,44,-43
229002850,4,3,1
229002851,6,105,-99
229002852,35,42,-7
229002853,12,2,10
229002854,26,13,13
229002855,0,16,-16
229002856,29,5,24
229002857,42,34,8
229002858,38,3,35
229002859,7,2,5
229002860,21,3,18
229002861,31,37,-6
229002862,1,4,-3
229002863,0,6,-6
229002864,34,9,25
229002865,0,31,-31
229002866,16,9,7
229002867,0,17,-17
229002868,2,1,1
229002869,0,33,-33
229002870,44,0,44
235000066,69,12,57
235000067,47,17,30
235000072,0,0,0
235000073,0,0,0
235000074,0,0,0
235000080,0,0,0
235000081,0,0,0
235000082,332,17,315
235000083,92,47,45
235000084,43,24,19
235000085,232,44,188
235000089,23,5,18
235000092,0,0,0
235000093,0,0,0
235000097,0,0,0
235000098,39,0,39
235000099,8,30,-22
235000116,9,1,8
235000117,314,6,308
235000133,0,0,0
235000134,0,0,0
235000206,0,0,0
235000207,0,3,-3
235000208,0,0,0
235000209,6,0,6
235000210,12,1,11
235000212,0,0,0
235000213,0,0,0
235000220,0,0,0
235000221,0,0,0
235000238,5,230,-225
235000239,0,28,-28
235000242,169,929,-760
235000245,0,0,0
235000246,0,0,0
235000284,10,42,-32
235000295,45,1,44
235000305,195,6,189
235000306,341,1,340
235000307,5,0,5
235000308,2,0,2
235000309,37,0,37
235000310,31,0,31
235000311,29,17,12
235000322,0,12,-12
235000323,0,16,-16
235000324,0,3,-3
235000325,0,5,-5
235000326,10,30,-20
235000351,17,63,-46
235000352,17,44,-27
235000353,12,8,4
235000354,1,32,-31
235000355,1,54,-53
235000356,45,1,44
235000357,18,4,14
235000358,5,4,1
235000359,0,2,-2
235000360,20,2,18
235000361,37,0,37
235000381,0,0,0
235000382,200,21,179
235000390,0,5,-5
235000391,159,7,152
235000392,94,59,35
235000393,145,53,92
235000395,103,14,89
235000396,558,40,518
235000400,36,43,-7
235000401,0,0,0
235000405,0,0,0
235000406,0,0,0
235000407,0,0,0
235000409,0,0,0
235000410,0,0,0
235000411,0,0,0
235000485,0,0,0
235000486,0,0,0
235000549,73,116,-43
235000550,0,0,0
235000599,0,0,0
235000600,0,0,0
235000601,5,10,-5
235000602,86,37,49
235000614,0,0,0
235000648,0,0,0
235000649,44,20,24
235000685,0,0,0
235000815,22,3,19
235000834,0,14,-14
235000855,7,9,-2
235000862,0,0,0
235000891,0,0,0
235000892,29,5,24
235000901,0,0,0
235000907,0,0,0
235001010,43,37,6
235001029,0,0,0
235001030,178,14,164
235001078,136,30,106
235001079,0,0,0
235001147,6,18,-12
235001166,11,21,-10
235001167,0,0,0
235001169,7,71,-64
235001188,0,0,0
235001189,0,0,0
235001197,0,0,0
235001200,0,0,0
235001207,186,7,179
235001210,0,0,0
235001215,0,0,0
235001239,0,0,0
235001244,0,2,-2
235016267,0,42,-42
277101746,0,2,-2
277102712,5,0,5
277103813,0,0,0
277103814,0,0,0
277103898,0,0,0
277104249,0,0,0
277104250,0,1,-1
277104251,0,0,0
277104252,0,0,0
990011530,0,61,-61
990014944,0,50,-50
990015176,16,12,4
990015618,1,22,-21
990016032,0,58,-58
990032570,4,15,-11
990070001,75,7,68
990070103,0,2,-2
990070601,0,13,-13
990070751,1278,2,1276
990070766,0,46,-46
990071180,328,20,308
990071343,9,0,9
990071387,0,0,0
990071823,269,0,269
990072600,1,419,-418
990072964,0,112,-112
990073285,0,0,0
990074393,0,179,-179
990074870,1012,11,1001
990075106,164,2,162
990075746,554,5,549
990076437,2608,1,2607
990076458,0,262,-262
997000007,150,6,144
997000041,0,164,-164
997000058,79,18,61
997000062,58,0,58
997000069,0,0,0
997000070,0,9,-9
997000100,25,0,25
997000141,0,0,0
997000198,0,4,-4
998000475,0,0,0
998000736,0,17,-17
998000965,0,22,-22
998001031,0,22,-22
998001700,0,11,-11
998001899,0,0,0
998001900,2,2,0
998003073,937,41,896
998101900,0,0,0
998102850,0,50,-50
998501927,211,83,128
998501929,115,2,113
998501930,21,0,21
998501931,66,22,44
998501932,6,0,6
998501933,24,1,23
998501937,6,4,2
998501944,5,0,5
998501950,0,0,0
998501970,86,15,71
998501971,0,6,-6
998501973,0,2,-2
998501974,0,110,-110
998501975,110,6,104
998501976,60,0,60
998501977,0,28,-28
998501978,6,0,6
998501979,0,0,0
998501980,96,0,96
998501981,39,1,38
998501982,0,46,-46
998501983,0,5,-5
998502024,0,8,-8
998502032,0,1,-1
998502062,5,0,5
998502063,0,0,0
998502173,6,0,6
998502269,0,0,0
998502546,0,73,-73
998502578,0,0,0
998502599,4,313,-309
998601159,0,13,-13
998601292,2,0,2
999033574,1,372,-371
999800001,25,1,24
999800002,0,1,-1
999800003,10,3,7
999800004,0,2,-2
999800005,0,0,0
