ID,insum,outsum,diff
100000001,594,805,-211
100000002,3297,3640,-343
100000003,3300,4530,-1230
100000004,345,989,-644
100000005,2013,3988,-1975
100000006,383,214,169
100000007,1669,685,984
100000008,67,455,-388
100000009,331,279,52
100000010,26,72,-46
100000011,484,153,331
100000012,50,1151,-1101
100000013,17,336,-319
100000014,124,309,-185
100000015,1161,1738,-577
100000016,449,1077,-628
100000017,380,769,-389
100000018,739,508,231
100000019,2489,1874,615
100000020,944,4570,-3626
100000021,4689,1685,3004
100000022,561,2345,-1784
100000023,2889,1194,1695
100000025,343,1184,-841
100000028,545,1021,-476
100000029,80,417,-337
100000030,71,29,42
100000031,1846,4684,-2838
100000032,1251,3211,-1960
100000033,953,2279,-1326
100000034,120,914,-794
100000035,604,1242,-638
100000036,687,1583,-896
100000037,671,397,274
100000038,2226,974,1252
100000039,269,293,-24
100000040,192,137,55
100000041,1289,506,783
100000042,806,392,414
100000043,653,605,48
100000044,216,835,-619
100000045,305,692,-387
100000046,404,502,-98
100000047,136,351,-215
100000048,251,440,-189
100000049,1164,977,187
100000051,420,483,-63
100000053,73,17,56
100000054,254,25,229
100000055,541,430,111
100000056,373,908,-535
100000057,1785,524,1261
100000058,613,650,-37
100000059,14,254,-240
100000060,370,270,100
100000061,2070,432,1638
100000062,1269,522,747
100000063,958,252,706
100000064,1139,420,719
100000065,237,642,-405
100000066,117,439,-322
100000067,259,450,-191
100000068,283,1096,-813
100000069,247,819,-572
100000072,159,460,-301
100000073,802,696,106
100000075,669,187,482
100000076,976,3593,-2617
100000077,88,361,-273
100000078,7,40,-33
100000079,21,49,-28
100000080,13,69,-56
100000081,95,225,-130
100000102,2641,4297,-1656
100000103,1106,1474,-368
100000104,2140,2327,-187
100000105,1168,1508,-340
100000106,904,2671,-1767
100000107,117,1220,-1103
100000108,267,763,-496
100000109,881,1294,-413
100000116,662,668,-6
100000117,90,175,-85
100000118,641,1291,-650
100000119,457,988,-531
100000121,134,380,-246
100000122,488,1456,-968
100000123,1112,2335,-1223
100000124,2620,2899,-279
100000125,3352,1601,1751
100000126,426,449,-23
100000127,807,531,276
100000128,1217,2288,-1071
100000129,246,658,-412
100000130,433,233,200
100000131,918,1528,-610
100000132,623,1659,-1036
100000133,1737,1031,706
100000135,472,1282,-810
100000139,174,642,-468
100000140,176,333,-157
100000142,573,437,136
100000143,992,316,676
100000144,1584,436,1148
100000147,1199,3426,-2227
100000150,76,651,-575
100000151,634,2023,-1389
100000153,90,476,-386
100000154,28,264,-236
100000155,16,45,-29
100000156,350,421,-71
100000157,435,242,193
100000158,229,174,55
100000159,128,653,-525
100000165,684,610,74
100000169,39,1144,-1105
100000174,204,786,-582
100000179,74,445,-371
100000180,488,2158,-1670
100000181,291,539,-248
100000188,36,155,-119
100000189,915,412,503
100000190,564,1466,-902
100000191,582,663,-81
100000192,22,73,-51
100000193,227,212,15
100000330,429,704,-275
100000355,187,849,-662
100000362,2359,1296,1063
100000363,4643,4872,-229
100000364,79,228,-149
100000365,5101,9508,-4407
100000366,2209,1588,621
100000367,3967,6510,-2543
100000368,2400,839,1561
100000369,425,1914,-1489
100000370,130,986,-856
100000376,67,153,-86
100000379,892,1342,-450
100000380,3274,4723,-1449
100000384,4375,5045,-670
100000385,1234,2957,-1723
100000386,3045,5203,-2158
100000387,2130,4803,-2673
100000388,2313,5641,-3328
100000389,2862,5676,-2814
100000390,3502,5812,-2310
100000391,2455,8272,-5817
100000392,1475,4258,-2783
100000393,1288,5648,-4360
100000394,3702,8056,-4354
100000395,2219,6128,-3909
100000396,3934,3653,281
100000397,2670,8528,-5858
100000398,6497,5189,1308
100000413,2,2,0
100900002,7,11,-4
100900003,323,229,94
100900004,16,568,-552
100900005,98,14,84
100900006,23,29,-6
100900007,180,22,158
100900008,0,303,-303
100900009,41,166,-125
100900010,64,28,36
100900011,190,100,90
100900012,3,90,-87
100900013,801,20,781
100900014,5,4,1
100900015,38,59,-21
100900016,4,33,-29
100900017,676,61,615
100900018,1,5,-4
100900019,32,82,-50
100900020,219,5,214
100900021,340,3,337
100900022,7,24,-17
100900023,0,18,-18
100900024,228,8,220
100900025,15,6,9
100900026,104,74,30
100900027,308,1781,-1473
100900028,124,233,-109
100900029,52,12,40
100900030,5,178,-173
100900031,561,35,526
100900032,316,1,315
100900033,102,194,-92
100900034,657,3,654
100900035,142,0,142
100900036,11,0,11
100900037,139,99,40
100900038,85,54,31
100900039,161,233,-72
100900040,496,322,174
100900041,953,389,564
100900042,1170,1456,-286
100900043,0,20,-20
100900044,905,354,551
100900045,7,3,4
100900046,831,15,816
100900047,524,145,379
100900048,91,70,21
100900049,88,89,-1
100900050,1,4,-3
100900051,24,91,-67
100900052,222,40,182
100900053,480,27,453
100900054,19,29,-10
100900055,154,746,-592
100900056,25,52,-27
100900057,1451,991,460
100900058,108,76,32
100900059,89,2,87
100900060,198,4,194
100900061,192,136,56
100900062,5,42,-37
100900063,257,662,-405
100900064,516,51,465
100900065,66,105,-39
100900066,185,205,-20
100900067,6,6,0
100900068,73,46,27
100900069,120,1,119
100900070,384,9,375
100900071,356,139,217
100900072,6,30,-24
100900073,112,182,-70
100900074,6,6,0
100900075,1122,155,967
100900076,7,15,-8
100900077,32,29,3
100900078,85,191,-106
100900079,12,23,-11
100900080,48,103,-55
100900081,31,100,-69
100900082,153,230,-77
100900083,11,14,-3
100900085,21,411,-390
100900086,46,259,-213
100900088,132,192,-60
100900089,0,16,-16
100900090,95,426,-331
100900091,1,15,-14
100900092,58,96,-38
100900093,271,258,13
100900094,131,175,-44
100900095,0,18,-18
100900096,21,134,-113
100900097,0,3,-3
100900098,14,28,-14
100900099,15,320,-305
100900100,10,669,-659
100900101,204,40,164
100900102,8,114,-106
100900103,2,23,-21
100900104,4,101,-97
100900105,16,531,-515
100900106,26,8,18
100900107,1197,768,429
100900108,5,33,-28
100900109,4,25,-21
100900110,2,23,-21
100900111,21,142,-121
100900112,5,19,-14
100900113,11,15,-4
100900114,6,24,-18
100900115,11,37,-26
100900116,649,286,363
100900117,213,999,-786
100900118,13,36,-23
100900119,11,27,-16
100900120,17,3,14
100900121,223,241,-18
100900122,69,114,-45
100900123,85,120,-35
100900124,3,22,-19
100900125,0,40,-40
100900126,162,51,111
100900127,1,9,-8
100900128,75,166,-91
100900129,0,334,-334
100900131,34,152,-118
100900133,57,24,33
100900134,2,4,-2
100900135,1,299,-298
100900137,229,132,97
100900138,293,358,-65
100900139,4,8,-4
100900140,6,243,-237
100900141,4,662,-658
100900142,0,12,-12
100900143,271,321,-50
100900144,13,4,9
100900145,29,125,-96
100900146,10,41,-31
100900147,11,479,-468
100900148,28,237,-209
100900149,44,198,-154
100900150,9,24,-15
100900151,102,267,-165
100900152,136,7,129
100900153,2,112,-110
100900154,8,135,-127
100900155,12,5,7
100900156,14,11,3
100900157,8,735,-727
100900159,2,25,-23
100900160,27,5,22
100900161,23,10,13
100900162,15,402,-387
100900163,87,100,-13
100900164,40,15,25
100900165,6,29,-23
100900166,8,1,7
100900167,14,53,-39
100900168,28,190,-162
100900169,87,559,-472
100900170,11,2,9
100900171,9,272,-263
100900172,0,21,-21
100900173,3,116,-113
100900174,36,16,20
100900176,1531,128,1403
100900177,522,154,368
100900178,192,197,-5
100900179,220,414,-194
100900180,10,4,6
100900181,62,66,-4
100900182,44,26,18
100900184,24,87,-63
100900186,343,289,54
100900187,15,77,-62
100900188,27,7,20
100900189,1896,220,1676
100900191,444,1169,-725
100900192,183,419,-236
100900195,97,134,-37
100900197,19,50,-31
100900198,23,83,-60
100900199,0,19,-19
100900200,501,250,251
100900201,68,430,-362
100900202,51,0,51
100900203,4,423,-419
100900204,59,460,-401
100900205,123,542,-419
100900206,232,79,153
100900207,198,103,95
100900210,34,158,-124
100900211,297,99,198
100900213,124,34,90
100900214,336,83,253
100900215,13,28,-15
100900217,70,114,-44
101000001,1536,1604,-68
101000002,5465,5904,-439
101000003,254,679,-425
101000004,4182,4303,-121
101000005,2973,3750,-777
101000006,3922,5837,-1915
101000007,1994,3552,-1558
101000008,1494,1574,-80
101000009,1846,552,1294
101000010,647,468,179
101000011,751,269,482
101000012,473,581,-108
101000013,568,877,-309
101000014,273,290,-17
101000015,1440,798,642
101000016,206,441,-235
101000017,289,372,-83
101000018,1264,1973,-709
101000020,1161,593,568
101000021,465,292,173
101000022,60,92,-32
101000023,786,512,274
101000025,171,374,-203
101000026,216,23,193
101000027,1586,3350,-1764
101000028,634,298,336
101000029,92,1416,-1324
101000030,845,159,686
101000031,196,844,-648
101000032,2453,4309,-1856
101000033,1059,2841,-1782
101000034,817,1773,-956
101000035,438,244,194
101000036,909,1039,-130
101000037,947,1819,-872
101000039,1272,2279,-1007
101000040,1822,3933,-2111
101000041,2058,6243,-4185
101000042,106,992,-886
101000043,2496,5987,-3491
101000045,369,798,-429
101000046,1146,2371,-1225
101000047,1008,5042,-4034
101000048,332,288,44
101000049,328,1860,-1532
101000050,666,1499,-833
101000051,557,2279,-1722
101000052,837,1167,-330
101000053,610,1029,-419
101000054,1388,719,669
101000055,737,1129,-392
101000056,27,124,-97
101000057,809,1211,-402
101000058,598,1006,-408
101000059,1276,1868,-592
101000060,1493,718,775
101000061,390,1317,-927
101000062,300,657,-357
101000063,266,1196,-930
101000064,543,1174,-631
101000065,218,770,-552
101000066,522,1189,-667
101000067,676,1056,-380
101000068,140,517,-377
101000069,121,47,74
101000070,550,803,-253
101000071,1540,876,664
101000072,394,2607,-2213
101000073,565,1064,-499
101000074,2655,3446,-791
101000075,1740,4440,-2700
101000077,1125,1163,-38
101000078,589,1212,-623
101000079,1108,949,159
101000080,934,1145,-211
101000081,1457,1279,178
101000082,1950,2015,-65
101000083,2686,2055,631
101000084,899,473,426
101000085,1215,1010,205
101000086,827,1012,-185
101000087,686,670,16
101000088,1127,981,146
101000089,1006,1366,-360
101000090,1546,780,766
101000091,420,414,6
101000092,1251,532,719
101000093,1162,569,593
101000094,892,690,202
101000095,462,382,80
101000096,450,369,81
101000097,285,583,-298
101000098,246,396,-150
101000099,504,764,-260
101000100,575,775,-200
101000101,176,346,-170
101000102,401,646,-245
101000103,433,553,-120
101000104,231,679,-448
101000105,117,537,-420
101000106,350,989,-639
101000107,268,333,-65
101000108,467,128,339
101000109,437,57,380
101000110,33,185,-152
101000111,39,140,-101
101000113,137,540,-403
101000114,3741,9321,-5580
101000115,31,26,5
101000116,32,17,15
101000117,1425,159,1266
101000119,38,50,-12
101000120,77,62,15
101000121,54,61,-7
101000122,103,111,-8
101000123,44,101,-57
101000124,931,461,470
101000125,97,263,-166
101000128,148,638,-490
101000130,106,214,-108
101000131,909,317,592
101000132,771,576,195
101000135,19,57,-38
101000136,262,226,36
101000137,35,359,-324
101000141,596,2971,-2375
101000147,803,277,526
101000148,512,9,503
101000149,137,431,-294
101000150,74,263,-189
101000151,283,25,258
101000152,222,266,-44
101000153,224,159,65
101000154,291,374,-83
101000155,345,124,221
101000156,33,284,-251
101000157,65,17,48
101000160,10,35,-25
101000163,137,419,-282
101000164,218,136,82
101000165,226,253,-27
101000166,186,207,-21
101000168,679,413,266
101000252,2181,983,1198
101000254,57,58,-1
101000258,86,19,67
101000261,112,78,34
101000262,937,3322,-2385
101000263,180,999,-819
101000265,57,618,-561
101000266,233,264,-31
101000269,12,15,-3
101000290,381,1797,-1416
101000293,23,39,-16
101000294,631,474,157
101000295,197,218,-21
101000301,272,342,-70
101000304,1548,2263,-715
101000305,2166,813,1353
101000328,67,361,-294
101900001,28,45,-17
101900002,0,10,-10
101900003,15,58,-43
101900004,1,64,-63
101900005,1404,2513,-1109
101900006,1401,37,1364
101900007,474,203,271
101900008,72,176,-104
101900009,28,245,-217
101900010,556,533,23
101900011,99,689,-590
101900012,237,68,169
101900013,328,116,212
101900017,15,121,-106
101900018,652,217,435
101900019,138,105,33
101900020,35,31,4
101900021,0,36,-36
101900022,150,440,-290
101900023,118,80,38
101900026,197,35,162
101900027,13,74,-61
102000001,2220,4106,-1886
102000002,1766,646,1120
102000003,1833,5103,-3270
102000004,2479,1832,647
102000005,844,2257,-1413
102000006,561,1259,-698
102000007,1311,3524,-2213
102000008,2513,1051,1462
102000009,5287,6681,-1394
102000010,2766,2180,586
102000011,3093,2550,543
102000012,2430,2002,428
102000018,1734,2144,-410
102000019,1575,1354,221
102000026,173,334,-161
102000029,162,131,31
102000030,118,270,-152
102000031,54,74,-20
102000032,508,270,238
102000033,200,219,-19
102000034,394,254,140
102000035,905,423,482
102000036,14,187,-173
102000037,149,17,132
102000038,97,411,-314
102000039,84,104,-20
102000040,234,322,-88
102000041,69,507,-438
102000042,95,365,-270
102000043,97,225,-128
102000044,257,556,-299
102000045,389,542,-153
102000046,882,507,375
102000047,462,619,-157
102000048,315,478,-163
102000049,860,691,169
102000050,792,908,-116
102000051,350,663,-313
102000052,865,622,243
102000053,677,866,-189
102000054,712,851,-139
102000055,1147,240,907
102000056,916,311,605
102000057,1218,329,889
102000058,856,717,139
102000059,892,734,158
102000060,844,620,224
102000061,1376,1017,359
102000062,1596,716,880
102000063,659,852,-193
102000064,438,493,-55
102000065,55,116,-61
102000066,651,633,18
102000067,2018,2254,-236
102000068,7483,2326,5157
102000069,60,2396,-2336
102000070,1204,42,1162
102000071,5605,7260,-1655
102000072,2047,2989,-942
102000073,536,682,-146
102000074,546,821,-275
102000075,95,206,-111
102000076,273,188,85
102000077,616,352,264
102000078,1010,328,682
102000079,141,105,36
102000080,199,155,44
102000081,180,603,-423
102000082,444,246,198
102000083,548,193,355
102000084,404,124,280
102000085,1631,610,1021
102000086,1140,546,594
102000087,543,784,-241
102000088,342,186,156
102000089,1145,230,915
102000090,243,814,-571
102000091,942,334,608
102000092,239,307,-68
102000093,514,516,-2
102000094,467,450,17
102000095,632,829,-197
102000096,287,504,-217
102000097,370,366,4
102000098,305,492,-187
102000099,667,772,-105
102000100,189,894,-705
102000101,390,552,-162
102000102,271,669,-398
102000103,1537,315,1222
102000104,493,243,250
102000105,248,473,-225
102000106,697,349,348
102000107,1540,292,1248
102000108,551,113,438
102000109,494,354,140
102000110,1282,440,842
102000111,3,157,-154
102000112,92,136,-44
102000113,18,36,-18
102000114,448,245,203
102000115,199,284,-85
102000116,178,422,-244
102000117,79,654,-575
102000118,576,1276,-700
102000119,1045,1090,-45
102000120,191,317,-126
102000121,765,327,438
102000122,522,738,-216
102000123,973,700,273
102000124,1008,1059,-51
102000125,461,544,-83
102000126,355,561,-206
102000127,932,398,534
102000128,543,644,-101
102000129,1100,408,692
102000130,520,566,-46
102000131,1051,392,659
102000132,409,662,-253
102000133,2315,1330,985
102000134,841,575,266
102000135,538,588,-50
102000136,863,397,466
102000137,350,726,-376
102000138,170,226,-56
102000139,36,501,-465
102000140,103,942,-839
102000141,127,217,-90
102000142,231,200,31
102000143,256,169,87
102000144,287,174,113
102000145,273,209,64
102000146,277,254,23
102000147,326,262,64
102000148,181,297,-116
102000149,197,151,46
102000150,475,79,396
102000151,94,114,-20
102000152,191,88,103
102000153,791,525,266
102000154,132,392,-260
102000155,28,284,-256
102000156,234,146,88
102000157,40,474,-434
102000158,287,415,-128
102000159,746,657,89
102000161,1248,1489,-241
102000162,100,112,-12
102000163,57,333,-276
102000164,420,756,-336
102000165,210,167,43
102000166,54,111,-57
102000167,245,267,-22
102000168,274,238,36
102000169,64,451,-387
102000170,300,115,185
102000171,80,86,-6
102000172,12,273,-261
102000173,299,236,63
102000174,75,60,15
102000175,49,55,-6
102000176,30,15,15
102000178,216,198,18
102000179,388,172,216
102000180,933,227,706
102000181,809,274,535
102000182,431,287,144
102000183,1619,943,676
102000184,1800,425,1375
102000185,2414,761,1653
102000186,1479,846,633
102000187,759,675,84
102000188,1049,840,209
102000189,1132,285,847
102000190,413,1790,-1377
102000191,865,293,572
102000192,1143,1322,-179
102000193,51,62,-11
102000194,34,81,-47
102000195,403,213,190
102000196,187,153,34
102000197,790,199,591
102000198,179,338,-159
102000199,1295,212,1083
102000200,219,458,-239
102000201,1121,318,803
102000202,5,45,-40
102000203,380,122,258
102000204,528,353,175
102000205,1117,255,862
102000206,462,183,279
102000207,467,349,118
102000208,287,228,59
102000209,39,30,9
102000210,429,180,249
102000211,428,102,326
102000212,355,7,348
102000213,9,128,-119
102000214,310,16,294
102000215,2,142,-140
102000216,43,60,-17
102000217,6,64,-58
102000218,286,175,111
102000219,175,132,43
102000225,341,355,-14
102000226,378,598,-220
102000227,124,0,124
102000228,0,55,-55
102000229,35,39,-4
102000230,249,235,14
102000231,166,264,-98
102000232,32,129,-97
102000233,399,340,59
102000234,94,699,-605
102000236,155,73,82
102000237,346,112,234
102000238,130,178,-48
102000240,348,598,-250
102000241,144,87,57
102000243,10,33,-23
102000245,6,107,-101
102000246,8,33,-25
102000247,345,476,-131
102000248,329,785,-456
102000249,111,57,54
102000250,44,147,-103
102000254,213,111,102
102000266,4,390,-386
102000271,35,0,35
102000286,208,249,-41
102000297,1428,737,691
102000299,0,0,0
102000301,0,0,0
102000303,0,0,0
102000305,0,0,0
102000307,0,10,-10
102900001,1036,608,428
102900002,333,44,289
102900003,74,101,-27
102900005,346,154,192
102900006,481,55,426
102900007,400,12,388
102900008,213,18,195
102900009,410,275,135
102900010,205,807,-602
102900011,982,306,676
102900012,401,62,339
102900013,16,38,-22
102900015,354,375,-21
102900016,59,57,2
102900017,193,191,2
102900018,19,49,-30
102900019,237,217,20
102900020,149,20,129
102900021,33,32,1
102900022,291,144,147
102900023,14,41,-27
102900024,29,14,15
102900025,75,48,27
102900026,199,1685,-1486
102900027,48,65,-17
102900028,150,711,-561
102900029,111,173,-62
102900030,329,260,69
102900031,231,84,147
102900032,114,65,49
102900033,55,92,-37
102900034,474,37,437
102900035,141,179,-38
102900036,293,178,115
102900037,211,169,42
102900038,353,205,148
102900039,6,435,-429
102900040,155,182,-27
102900041,66,72,-6
102900042,192,160,32
102900043,146,146,0
102900044,383,1140,-757
102900045,199,273,-74
102900046,143,123,20
102900047,104,297,-193
102900048,427,268,159
102900049,73,240,-167
102900050,155,176,-21
102900051,153,141,12
102900053,276,482,-206
102900054,241,875,-634
102900055,100,216,-116
102900056,104,270,-166
102900057,10,38,-28
102900058,262,53,209
102900059,50,24,26
102900060,109,317,-208
102900061,178,246,-68
102900062,283,414,-131
102900063,1162,270,892
102900064,78,255,-177
102900065,731,233,498
102900066,290,8,282
102900068,95,87,8
102900070,189,328,-139
102900072,3,72,-69
102900073,73,5,68
102900075,7,48,-41
102900076,67,124,-57
102900077,30,27,3
102900078,11,42,-31
102900079,196,10,186
102900080,348,30,318
102900081,68,187,-119
102900082,15,129,-114
102900083,91,30,61
102900084,4,37,-33
102900085,292,94,198
102900086,17,60,-43
102900087,101,97,4
102900088,41,26,15
102900089,200,87,113
102900090,1,131,-130
102900091,133,2,131
102900092,308,218,90
102900094,8,86,-78
102900095,56,1,55
102900096,89,12,77
102900097,5,33,-28
103000001,2087,1911,176
103000002,1804,1947,-143
103000003,2422,2181,241
103000004,710,550,160
103000005,1732,2645,-913
103000006,804,1347,-543
103000007,367,499,-132
103000008,832,421,411
103000009,1560,956,604
103000010,102,69,33
103000011,1149,783,366
103000012,1258,1451,-193
103000013,1982,1185,797
103000014,1115,2171,-1056
103000015,1020,457,563
103000016,431,1296,-865
103000017,228,425,-197
103000018,448,213,235
103000019,321,268,53
103000020,1557,1076,481
103000021,1543,1880,-337
103000022,572,755,-183
103000023,649,1805,-1156
103000024,57,77,-20
103000025,96,612,-516
103000026,441,92,349
103000027,250,517,-267
103000028,147,222,-75
103000029,113,194,-81
103000030,1020,1058,-38
103000031,683,1600,-917
103000032,1697,992,705
103000033,2358,2043,315
103000034,1008,767,241
103000035,310,1068,-758
103000036,218,343,-125
103000037,402,395,7
103000038,412,831,-419
103000039,514,185,329
103000040,556,378,178
103000041,1421,1022,399
103000042,1180,263,917
103000043,601,518,83
103000044,307,131,176
103000046,419,326,93
103000047,599,261,338
103000048,228,102,126
103000049,70,99,-29
103000050,602,210,392
103000051,543,364,179
103000052,584,219,365
103000053,161,354,-193
103000054,2132,1037,1095
103000055,1519,1591,-72
103000056,655,755,-100
103000057,1098,114,984
103000058,517,538,-21
103000059,453,452,1
103000060,538,274,264
103000061,447,596,-149
103000062,879,290,589
103000063,705,588,117
103000064,119,84,35
103000065,2,196,-194
103000066,192,11,181
103000069,379,137,242
103000070,722,451,271
103000071,1057,384,673
103000072,122,362,-240
103000073,597,114,483
103000074,623,78,545
103000075,106,415,-309
103000076,264,448,-184
103000077,33,188,-155
103000078,566,774,-208
103000079,320,536,-216
103000080,423,314,109
103000081,238,888,-650
103000082,353,135,218
103000083,95,218,-123
103000084,88,6,82
103000085,2,79,-77
103000086,256,340,-84
103000087,102,500,-398
103000088,206,297,-91
103000089,222,470,-248
103000090,2643,968,1675
103000091,766,417,349
103000092,204,195,9
103000093,217,409,-192
103000094,154,74,80
103000095,58,336,-278
103000096,392,39,353
103000097,42,567,-525
103000098,484,130,354
103000099,151,576,-425
103000100,147,335,-188
103000101,801,118,683
103000102,113,261,-148
103000103,630,123,507
103000104,70,92,-22
103000105,202,77,125
103000106,17,141,-124
103000107,197,76,121
103000108,851,507,344
103000109,401,417,-16
103000110,518,442,76
103000111,334,533,-199
103000112,296,225,71
103000113,691,758,-67
103000114,1373,748,625
103000115,604,475,129
103000116,631,332,299
103000117,449,350,99
103000118,370,354,16
103000119,657,351,306
103000120,58,97,-39
103000121,103,256,-153
103000122,246,362,-116
103000125,10,58,-48
103000126,596,1,595
103000127,12,66,-54
103000128,130,0,130
103000129,0,52,-52
103000130,77,25,52
103000131,79,57,22
103000132,64,146,-82
103000133,20,51,-31
103000134,192,719,-527
103000135,413,211,202
103000136,434,413,21
103000137,321,492,-171
103000138,460,591,-131
103000139,2,44,-42
103000140,94,37,57
103000141,29,77,-48
103000142,91,73,18
103000143,35,147,-112
103000144,144,40,104
103000145,9,80,-71
103000150,80,44,36
103000152,193,250,-57
103000153,210,197,13
103000156,14,137,-123
103000157,417,2,415
103000159,143,48,95
103000162,30,14,16
103000163,9,21,-12
103000164,9,10,-1
103000165,55,155,-100
103000166,211,306,-95
103000167,187,115,72
103000168,156,100,56
103000169,174,394,-220
103000170,929,212,717
103000171,24,70,-46
103000172,577,169,408
103000173,737,142,595
103000174,265,152,113
103000175,343,125,218
103000176,629,559,70
103000177,295,282,13
103000178,105,183,-78
103000179,157,23,134
103000183,165,11,154
103000185,150,38,112
103000186,148,66,82
103000187,585,102,483
103000188,19,86,-67
103000189,627,433,194
103000191,433,443,-10
103000292,443,1299,-856
103000293,375,1992,-1617
103000295,42,99,-57
103000296,88,0,88
103000297,2,45,-43
103000504,52,5,47
103000505,1,29,-28
103000506,1,116,-115
103000507,231,4,227
103000508,57,40,17
103000509,199,440,-241
103900001,48,66,-18
103900002,561,109,452
103900003,850,74,776
103900004,115,0,115
103900005,3,76,-73
103900006,17,3,14
103900007,71,0,71
103900008,11,0,11
103900009,350,368,-18
103900010,152,213,-61
103900011,418,70,348
103900012,4,28,-24
103900013,80,31,49
103900014,111,18,93
103900015,91,7,84
103900016,142,77,65
103900017,32,33,-1
103900018,353,86,267
103900019,44,315,-271
103900020,194,404,-210
103900021,159,45,114
103900022,706,514,192
103900023,195,0,195
103900024,53,233,-180
103900025,26,31,-5
103900026,3,0,3
103900027,511,224,287
103900028,13,236,-223
103900029,1091,170,921
103900030,297,151,146
103900031,37,1,36
103900032,98,78,20
103900033,80,24,56
103900034,51,45,6
103900035,29,31,-2
103900036,29,57,-28
103900037,94,39,55
103900038,66,193,-127
103900039,177,129,48
103900040,9,84,-75
103900041,52,22,30
103900042,87,99,-12
103900043,223,31,192
103900044,40,316,-276
103900045,246,101,145
103900047,116,20,96
103900048,24,17,7
103900049,128,846,-718
103900050,13,148,-135
103900051,0,22,-22
103900052,151,145,6
103900053,308,212,96
103900054,111,196,-85
103900055,354,165,189
103900056,48,27,21
103900057,67,64,3
103900058,285,249,36
103900059,0,9,-9
103900060,97,85,12
103900061,244,24,220
103900062,322,110,212
103900063,9,0,9
103900064,162,4,158
103900065,420,286,134
103900066,207,52,155
103900067,172,5,167
103900068,2,0,2
103900069,68,11,57
103900070,83,128,-45
103900071,12,55,-43
103900072,25,79,-54
103900073,30,57,-27
103900074,59,28,31
103900075,224,46,178
103900076,606,206,400
103900077,47,149,-102
103900078,199,48,151
103900079,139,110,29
103900080,8,28,-20
103900081,31,33,-2
103900082,18,91,-73
103900083,818,1126,-308
103900084,38,89,-51
103900085,69,123,-54
103900086,659,239,420
103900088,171,474,-303
103900089,48,112,-64
103900090,48,82,-34
103900091,802,160,642
103900092,552,235,317
103900093,58,224,-166
103900094,14,39,-25
103900095,188,191,-3
103900096,44,89,-45
103900097,7,261,-254
103900098,273,102,171
103900099,70,39,31
103900100,256,154,102
103900101,59,745,-686
103900102,0,21,-21
103900104,0,15,-15
103900105,39,94,-55
103900106,0,29,-29
103900107,145,70,75
103900108,45,138,-93
103900109,154,39,115
103900110,167,25,142
103900111,142,173,-31
103900112,55,48,7
103900113,64,193,-129
103900114,218,160,58
103900115,166,210,-44
103900116,1299,1932,-633
103900117,98,35,63
103900119,28,88,-60
103900120,68,50,18
103900122,129,61,68
103900123,643,501,142
103900124,66,216,-150
103900125,127,40,87
103900126,529,206,323
103900127,179,191,-12
103900128,159,39,120
103900131,39,38,1
103900133,841,10,831
103900134,0,6,-6
103900135,1,1,0
103900137,0,8,-8
103900138,114,48,66
103900139,159,2506,-2347
103900140,3,188,-185
103900141,154,37,117
103900142,201,50,151
103900143,149,2,147
103900144,0,14,-14
103900145,97,191,-94
103900146,213,164,49
103900147,367,52,315
103900148,237,102,135
103900149,336,197,139
103900150,2800,3960,-1160
103900151,20,117,-97
103900152,723,165,558
103900153,8,2,6
103900154,349,1668,-1319
103900155,49,144,-95
103900156,166,77,89
103900157,75,41,34
103900158,100,38,62
103900159,164,23,141
103900160,60,44,16
103900161,62,147,-85
103900162,48,63,-15
103900163,6,296,-290
103900167,13,95,-82
103900168,122,65,57
103900169,33,64,-31
103900170,1,43,-42
103900171,6,13,-7
103900172,2,13,-11
103900173,12,23,-11
103900174,222,39,183
103900175,22,95,-73
103900176,5,47,-42
103900177,30,39,-9
103900178,91,24,67
103900179,85,33,52
103900180,7,29,-22
103900181,47,34,13
103900182,10,5,5
103900184,186,121,65
103900185,85,430,-345
103900187,7,77,-70
103900188,57,29,28
103900189,129,10,119
103900190,85,38,47
103900191,23,36,-13
103900192,20,38,-18
103900193,53,79,-26
103900194,51,111,-60
103900195,6,131,-125
103900196,22,31,-9
103900197,21,14,7
103900198,19,26,-7
103900199,131,48,83
103900200,153,56,97
103900201,82,82,0
103900202,3,22,-19
103900203,46,34,12
103900204,0,26,-26
103900207,0,12,-12
103900208,136,1,135
103900209,5,71,-66
103900210,35,25,10
103900211,587,188,399
103900212,182,111,71
103900213,39,145,-106
103900214,161,193,-32
103900215,152,250,-98
103900216,11,162,-151
103900217,203,18,185
103900218,1,191,-190
103900219,117,70,47
103900233,45,8,37
103900235,19,39,-20
103900236,10,7,3
103900242,3,2,1
103900243,1,2,-1
103900244,153,142,11
103900245,81,102,-21
103900246,29,25,4
103900247,17,54,-37
103900248,0,41,-41
103900249,2,16,-14
103900250,12,25,-13
103900251,0,20,-20
103900253,4,44,-40
103900254,1,8,-7
103900255,6,11,-5
103900256,11,5,6
103900257,98,82,16
103900258,11,12,-1
103900259,39,16,23
103900261,13,2,11
103900262,17,2,15
103900263,11,37,-26
103900264,21,18,3
103900265,46,6,40
103900266,2,68,-66
103900267,7,41,-34
103900268,21,24,-3
103900269,146,12,134
103900270,80,35,45
103900271,15,45,-30
103900272,43,18,25
103900273,32,3,29
103900274,99,3,96
103900275,51,5,46
103900276,2,19,-17
103900277,4,8,-4
103900278,2,13,-11
103900279,4,23,-19
103900280,0,16,-16
104000001,2424,1574,850
104000002,1378,1626,-248
104000003,1861,1470,391
104000004,1806,1720,86
104000005,1709,1556,153
104000006,2676,2041,635
104000007,2968,3613,-645
104000008,185,164,21
104000009,215,81,134
104000010,154,244,-90
104000011,249,138,111
104000012,104,188,-84
104000013,265,171,94
104000014,191,334,-143
104000015,282,165,117
104000016,350,225,125
104000018,810,190,620
104000019,589,226,363
104000020,103,274,-171
104000021,186,326,-140
104000022,138,200,-62
104000023,799,360,439
104000024,197,245,-48
104000026,48,237,-189
104000027,280,156,124
104000028,445,188,257
104000029,355,183,172
104000030,270,161,109
104000031,1168,343,825
104000032,160,149,11
104000033,548,431,117
104000034,335,155,180
104000035,919,338,581
104000036,801,411,390
104000037,270,121,149
104000038,585,304,281
104000039,183,94,89
104000040,129,249,-120
104000041,427,259,168
104000042,126,191,-65
104000043,132,200,-68
104000044,177,273,-96
104000045,790,521,269
104000046,589,838,-249
104000047,499,632,-133
104000048,703,608,95
104000049,456,190,266
104000050,113,446,-333
104000051,120,477,-357
104000052,1325,1264,61
104000053,708,344,364
104000054,423,162,261
104000055,2433,1556,877
104000056,594,252,342
104000057,147,173,-26
104000058,566,536,30
104000059,452,824,-372
104000060,879,1183,-304
104000061,852,652,200
104000062,270,87,183
104000064,538,228,310
104000065,136,510,-374
104000069,468,1223,-755
104000070,53,354,-301
104000071,100,179,-79
104000072,352,95,257
104000075,23,165,-142
104000076,351,49,302
104000082,1792,2893,-1101
104000083,513,179,334
104000084,115,340,-225
104000085,309,205,104
104000086,185,307,-122
104000087,269,1337,-1068
104000090,760,513,247
104000092,1242,939,303
104000094,606,758,-152
104000095,1673,980,693
104000096,1417,63,1354
104000097,1647,473,1174
104000098,2319,395,1924
104000100,1524,459,1065
104000101,1043,892,151
104000106,28,426,-398
104000107,519,196,323
104000108,159,207,-48
104000109,272,91,181
104000110,570,655,-85
104000111,1604,1837,-233
104000112,714,287,427
104000116,1,439,-438
104000117,188,273,-85
104000118,777,125,652
104000119,556,186,370
104000120,188,286,-98
104000121,169,416,-247
104000122,679,604,75
104000123,568,522,46
104000124,359,897,-538
104000125,1589,3727,-2138
104000126,331,398,-67
104000127,1011,1194,-183
104000128,489,189,300
104000129,412,13,399
104000130,10,168,-158
104000131,326,288,38
104000132,251,294,-43
104000133,1254,648,606
104000134,813,1140,-327
104000135,329,1452,-1123
104000136,616,2601,-1985
104000137,1350,246,1104
104000138,738,305,433
104000139,2585,1798,787
104000141,650,612,38
104000142,541,361,180
104000143,573,227,346
104000144,100,169,-69
104000145,342,168,174
104000146,197,370,-173
104000147,96,236,-140
104000148,398,162,236
104000149,182,152,30
104000150,849,343,506
104000151,212,194,18
104000152,411,282,129
104000153,519,489,30
104000154,558,284,274
104000155,425,536,-111
104000157,667,817,-150
104000158,154,345,-191
104000159,670,409,261
104000160,1283,1680,-397
104000161,146,164,-18
104000162,110,127,-17
104000165,536,570,-34
104000167,573,1193,-620
104000168,476,7,469
104000169,147,48,99
104000170,170,318,-148
104000248,338,310,28
104000251,40,117,-77
104000272,0,0,0
104000273,0,0,0
104000274,0,0,0
104000275,0,0,0
104000279,484,292,192
104000290,47,167,-120
104000291,435,745,-310
104000293,797,813,-16
104000294,60,0,60
104000295,462,514,-52
104000296,516,487,29
104000297,439,1368,-929
104000298,1505,797,708
104000299,575,1122,-547
104900001,158,183,-25
104900002,46,142,-96
104900003,78,193,-115
104900004,88,122,-34
104900005,288,228,60
104900006,357,77,280
104900007,305,121,184
104900009,123,125,-2
104900010,64,43,21
104900011,5,11,-6
104900012,187,21,166
104900013,108,9,99
104900014,1318,238,1080
104900015,84,4,80
104900016,206,160,46
104900017,143,141,2
104900018,3,79,-76
104900019,188,3421,-3233
104900020,37,153,-116
104900021,0,66,-66
104900022,7,91,-84
104900023,0,19,-19
104900024,18,66,-48
104900025,68,96,-28
104900026,0,19,-19
104900027,520,264,256
104900028,13,42,-29
104900029,32,38,-6
104900030,381,176,205
104900031,72,211,-139
104900032,32,37,-5
104900033,165,207,-42
104900034,353,107,246
104900035,370,182,188
104900036,260,67,193
104900037,119,85,34
104900038,153,651,-498
104900039,354,297,57
104900040,373,83,290
104900041,302,130,172
104900042,166,103,63
104900043,22,206,-184
104900044,751,141,610
104900045,412,65,347
104900046,180,72,108
104900047,359,113,246
104900048,319,36,283
104900049,37,39,-2
104900050,204,54,150
104900051,244,41,203
104900052,99,6,93
104900053,415,100,315
104900054,201,20,181
104900055,99,0,99
104900056,137,25,112
104900057,35,0,35
104900058,380,121,259
104900059,112,86,26
104900060,2,313,-311
104900061,147,189,-42
104900063,0,91,-91
104900064,0,87,-87
104900065,0,176,-176
104900066,1,55,-54
104900067,5,185,-180
104900068,25,111,-86
104900070,141,147,-6
104900071,0,279,-279
104900072,38,176,-138
104900073,23,61,-38
104900074,46,126,-80
104900075,33,15,18
104900076,100,114,-14
104900077,259,194,65
104900078,173,228,-55
104900079,49,507,-458
104900080,90,441,-351
104900082,6,269,-263
104900085,3,129,-126
104900087,210,3,207
104900089,208,2,206
104900090,805,653,152
104900091,362,325,37
104900093,141,235,-94
104900097,1207,1853,-646
104900098,148,25,123
104900099,157,567,-410
104900100,216,124,92
104900102,40,63,-23
104900103,271,24,247
104900104,1445,1604,-159
104900106,119,72,47
104900107,56,103,-47
104900108,17,73,-56
104900109,65,128,-63
104900110,19,68,-49
104900111,130,45,85
104900112,246,227,19
104900113,645,224,421
104900114,250,185,65
104900115,697,154,543
104900116,387,86,301
104900118,23,22,1
104900119,0,37,-37
104900120,14,234,-220
104900121,0,27,-27
104900122,0,20,-20
104900123,96,20,76
104900124,38,0,38
104900125,480,6,474
104900126,22,13,9
104900127,17,45,-28
104900128,86,124,-38
104900129,705,1946,-1241
105000001,2452,1253,1199
105000002,2170,1183,987
105000003,2551,2631,-80
105000004,564,593,-29
105000005,939,940,-1
105000006,1254,1448,-194
105000007,1317,1696,-379
105000008,967,3383,-2416
105000009,2764,2872,-108
105000010,2217,1070,1147
105000011,3417,2692,725
105000012,2707,1657,1050
105000013,948,1143,-195
105000014,2220,3130,-910
105000015,7328,12811,-5483
105000016,1101,1276,-175
105000017,1166,593,573
105000018,758,1326,-568
105000019,808,849,-41
105000020,80,416,-336
105000021,184,120,64
105000022,154,137,17
105000023,484,226,258
105000028,69,72,-3
105000029,502,1444,-942
105000030,2570,1547,1023
105000031,2,15,-13
105000033,695,974,-279
105000034,94,871,-777
105000037,482,206,276
105000038,926,1419,-493
105000039,1293,756,537
105000040,821,1048,-227
105000041,263,686,-423
105000042,1909,1264,645
105000043,857,1099,-242
105000044,564,349,215
105000045,259,296,-37
105000046,953,336,617
105000047,410,512,-102
105000048,474,189,285
105000049,189,303,-114
105000050,622,354,268
105000051,105,237,-132
105000052,675,529,146
105000053,65,97,-32
105000054,390,579,-189
105000055,613,149,464
105000056,1191,1291,-100
105000057,1002,351,651
105000058,978,626,352
105000059,615,476,139
105000060,406,351,55
105000061,760,417,343
105000062,395,426,-31
105000063,259,248,11
105000064,1709,612,1097
105000065,395,346,49
105000066,691,799,-108
105000067,1370,680,690
105000068,256,474,-218
105000069,1041,1853,-812
105000070,263,946,-683
105000071,189,989,-800
105000072,845,2317,-1472
105000073,803,502,301
105000074,538,436,102
105000075,413,461,-48
105000076,905,599,306
105000077,1568,813,755
105000078,764,1068,-304
105000079,878,2587,-1709
105000080,1390,1213,177
105000081,1888,1205,683
105000082,648,1963,-1315
105000083,2622,3209,-587
105000084,476,513,-37
105000085,1569,2024,-455
105000086,615,630,-15
105000087,952,1176,-224
105000088,1155,1408,-253
105000089,1447,1082,365
105000090,649,497,152
105000091,724,1028,-304
105000092,550,641,-91
105000093,173,269,-96
105000094,193,153,40
105000095,78,362,-284
105000096,964,1184,-220
105000097,590,670,-80
105000098,822,568,254
105000099,572,549,23
105000100,1318,905,413
105000101,1657,1171,486
105000102,1197,1010,187
105000103,951,1333,-382
105000104,1887,674,1213
105000105,794,1094,-300
105000106,1147,960,187
105000107,1436,597,839
105000108,1585,942,643
105000109,1502,860,642
105000110,719,381,338
105000111,997,469,528
105000112,1025,404,621
105000113,414,588,-174
105000114,1350,1044,306
105000115,327,1121,-794
105000116,745,422,323
105000117,824,405,419
105000118,547,301,246
105000119,379,358,21
105000120,994,340,654
105000121,697,427,270
105000122,415,515,-100
105000123,685,624,61
105000124,1924,577,1347
105000125,693,953,-260
105000126,1875,876,999
105000127,2110,1271,839
105000128,556,619,-63
105000129,797,145,652
105000130,199,2822,-2623
105000131,430,215,215
105000132,953,644,309
105000133,491,571,-80
105000134,974,465,509
105000135,327,251,76
105000136,134,140,-6
105000137,569,163,406
105000138,167,217,-50
105000139,782,456,326
105000140,435,361,74
105000141,347,267,80
105000142,244,399,-155
105000143,161,369,-208
105000144,221,454,-233
105000145,707,241,466
105000146,328,507,-179
105000147,588,286,302
105000148,983,580,403
105000149,2244,1704,540
105000150,1117,702,415
105000151,451,251,200
105000152,144,268,-124
105000153,597,512,85
105000154,446,380,66
105000155,350,632,-282
105000156,435,370,65
105000157,608,929,-321
105000158,1537,535,1002
105000159,248,664,-416
105000160,2097,483,1614
105000161,562,677,-115
105000162,578,1580,-1002
105000163,701,562,139
105000164,152,197,-45
105000165,564,5263,-4699
105000166,2836,991,1845
105000167,991,1876,-885
105000168,414,297,117
105000169,623,134,489
105000170,269,914,-645
105000171,944,177,767
105000172,131,10,121
105000173,251,28,223
105000174,87,33,54
105000175,111,63,48
105000176,464,52,412
105000177,342,173,169
105000178,232,170,62
105000179,754,70,684
105000180,181,83,98
105000181,115,116,-1
105000182,35,28,7
105000183,1157,1790,-633
105000184,841,728,113
105000185,734,1011,-277
105000186,309,450,-141
105000187,657,169,488
105000188,136,123,13
105000189,108,361,-253
105000190,227,213,14
105000191,225,198,27
105000192,297,40,257
105000193,57,83,-26
105000194,634,124,510
105000195,248,478,-230
105000196,91,294,-203
105000197,212,439,-227
105000198,313,242,71
105000199,126,629,-503
105000200,117,322,-205
105000201,58,30,28
105000203,12,98,-86
105000204,66,48,18
105000205,74,124,-50
105000207,164,94,70
105000208,122,444,-322
105000209,195,180,15
105000211,287,5,282
105000212,963,591,372
105000213,103,203,-100
105000214,177,144,33
105000215,273,147,126
105000216,193,105,88
105000217,155,147,8
105000218,1442,895,547
105000221,147,117,30
105000222,479,144,335
105000223,291,109,182
105000226,78,76,2
105000227,55,64,-9
105000228,116,1789,-1673
105000229,148,374,-226
105000231,335,316,19
105000233,777,541,236
105000234,374,604,-230
105000235,313,450,-137
105000237,770,55,715
105000243,29,15,14
105000248,43,83,-40
105000262,375,483,-108
105000269,147,126,21
105000270,471,29,442
105000271,0,112,-112
105000282,53,38,15
105000287,236,77,159
105000288,628,302,326
105000289,1481,1694,-213
105000290,12,5,7
105000402,1874,3310,-1436
105000426,271,364,-93
105000438,2217,1333,884
105000440,24,16,8
105000446,5237,3872,1365
105000447,2468,1444,1024
105000454,606,251,355
105000455,168,103,65
105000474,53,0,53
105000477,489,495,-6
105000478,1851,4686,-2835
105000479,79,105,-26
105000480,5992,7507,-1515
105000481,4169,3142,1027
105000482,2750,4838,-2088
105000483,1548,2231,-683
105000484,1327,2067,-740
105000485,1122,2773,-1651
105000486,1609,1963,-354
105000488,5420,2949,2471
105000489,842,571,271
105000549,88,93,-5
105000550,336,925,-589
105000551,31,91,-60
105000552,1477,930,547
105000555,674,973,-299
105000556,19,13,6
105000557,26,89,-63
105900001,4,1570,-1566
105900002,632,655,-23
105900003,16,58,-42
105900004,117,77,40
105900005,3,151,-148
105900006,12,69,-57
105900007,24,17,7
105900008,95,334,-239
105900009,23,5,18
105900011,75,25,50
105900012,265,46,219
105900013,2,13,-11
105900014,4,24,-20
105900015,82,268,-186
105900016,335,189,146
105900017,1204,31,1173
105900018,192,120,72
105900019,33,88,-55
105900020,85,63,22
105900021,10,135,-125
105900022,139,100,39
105900023,6,59,-53
105900024,2,212,-210
105900025,231,8,223
105900026,141,5,136
105900027,7318,4133,3185
105900028,349,342,7
105900029,1401,247,1154
105900030,142,177,-35
105900031,251,179,72
105900032,87,117,-30
105900033,52,94,-42
105900034,214,87,127
105900035,154,106,48
105900036,102,76,26
105900037,100,33,67
105900038,141,145,-4
105900039,162,89,73
105900040,59,112,-53
105900041,121,99,22
105900042,52,116,-64
105900043,752,76,676
105900044,1,197,-196
105900045,0,617,-617
105900046,1,198,-197
105900047,4,32,-28
105900048,84,342,-258
105900050,3435,4393,-958
105900051,36,742,-706
105900052,362,177,185
105900053,1544,2602,-1058
105900054,237,119,118
105900056,301,295,6
105900057,13,85,-72
105900058,15,20,-5
105900059,0,48,-48
106000001,2201,1807,394
106000002,802,3068,-2266
106000003,2478,3036,-558
106000004,1165,1812,-647
106000005,3705,3848,-143
106000006,3809,1800,2009
106000007,432,383,49
106000008,360,216,144
106000009,557,267,290
106000010,405,380,25
106000011,1292,862,430
106000012,734,795,-61
106000013,1711,1385,326
106000014,1207,871,336
106000015,1854,984,870
106000016,876,1150,-274
106000017,563,622,-59
106000018,421,385,36
106000019,356,350,6
106000020,352,275,77
106000021,282,349,-67
106000022,338,156,182
106000023,533,211,322
106000024,382,315,67
106000025,81,157,-76
106000026,83,137,-54
106000027,1400,1098,302
106000028,559,288,271
106000029,551,556,-5
106000030,276,532,-256
106000034,147,385,-238
106000035,854,1776,-922
106000036,148,318,-170
106000037,1161,976,185
106000038,102,93,9
106000039,83,83,0
106000040,85,714,-629
106000041,553,443,110
106000043,395,216,179
106000046,218,53,165
106000047,28,395,-367
106000049,1045,152,893
106000050,320,380,-60
106000051,747,590,157
106000052,63,256,-193
106000053,413,183,230
106000054,190,193,-3
106000055,874,542,332
106000056,236,213,23
106000057,544,213,331
106000058,103,91,12
106000059,373,222,151
106000060,206,272,-66
106000061,230,466,-236
106000062,114,238,-124
106000063,814,542,272
106000064,20,162,-142
106000065,362,185,177
106000066,76,209,-133
106000067,379,49,330
106000068,53,366,-313
106000069,237,33,204
106000070,377,387,-10
106000071,855,248,607
106000072,1719,1162,557
106000073,1164,2914,-1750
106000074,564,625,-61
106000075,286,1046,-760
106000076,1456,1259,197
106000077,2176,841,1335
106000078,1054,606,448
106000079,712,578,134
106000080,1004,398,606
106000081,615,842,-227
106000082,1743,659,1084
106000083,369,1149,-780
106000084,884,523,361
106000085,982,1165,-183
106000086,490,632,-142
106000087,771,419,352
106000088,339,552,-213
106000089,1008,269,739
106000090,310,416,-106
106000091,221,315,-94
106000092,528,177,351
106000093,363,107,256
106000094,66,190,-124
106000095,864,502,362
106000096,808,348,460
106000097,1073,448,625
106000098,679,447,232
106000099,199,476,-277
106000100,1102,156,946
106000101,623,173,450
106000102,106,397,-291
106000103,234,284,-50
106000104,760,251,509
106000105,379,366,13
106000106,666,229,437
106000107,165,204,-39
106000108,370,146,224
106000109,171,161,10
106000110,352,168,184
106000111,165,163,2
106000112,267,459,-192
106000113,422,353,69
106000114,396,603,-207
106000115,186,237,-51
106000116,335,176,159
106000117,645,404,241
106000118,1130,1053,77
106000119,752,445,307
106000120,789,1149,-360
106000121,196,157,39
106000122,155,78,77
106000123,529,71,458
106000124,84,78,6
106000125,36,172,-136
106000126,282,51,231
106000127,923,421,502
106000128,877,105,772
106000129,483,254,229
106000130,819,252,567
106000131,121,616,-495
106000132,487,163,324
106000133,1054,986,68
106000134,331,1675,-1344
106000135,114,360,-246
106000136,599,880,-281
106000137,42,371,-329
106000138,1099,73,1026
106000139,40,50,-10
106000140,30,37,-7
106000141,121,26,95
106000142,102,75,27
106000143,12,33,-21
106000144,49,50,-1
106000145,251,108,143
106000146,440,61,379
106000147,258,240,18
106000148,312,396,-84
106000149,592,209,383
106000150,442,1561,-1119
106000151,2077,590,1487
106000152,662,1506,-844
106000153,84,1282,-1198
106000154,822,135,687
106000155,125,234,-109
106000156,1036,181,855
106000157,522,1090,-568
106000158,1233,712,521
106000159,1539,1581,-42
106000160,463,2572,-2109
106000161,980,186,794
106000162,288,864,-576
106000163,275,238,37
106000164,435,155,280
106000165,155,298,-143
106000166,804,176,628
106000167,369,476,-107
106000168,678,187,491
106000169,214,350,-136
106000170,973,166,807
106000171,213,899,-686
106000172,2084,965,1119
106000173,954,1681,-727
106000174,1012,320,692
106000175,236,400,-164
106000176,1536,705,831
106000177,654,1384,-730
106000178,2692,1171,1521
106000179,672,1145,-473
106000180,476,625,-149
106000181,795,884,-89
106000182,1473,485,988
106000183,1608,353,1255
106000184,1525,384,1141
106000185,854,860,-6
106000186,456,59,397
106000187,83,687,-604
106000188,0,0,0
106000189,9,24,-15
106000190,22,0,22
106000191,597,94,503
106000192,2,18,-16
106000193,278,125,153
106000194,106,179,-73
106000195,275,83,192
106000196,76,195,-119
106000197,541,130,411
106000198,177,124,53
106000199,386,542,-156
106000200,132,161,-29
106000201,259,2552,-2293
106000202,1719,376,1343
106000203,21,101,-80
106000204,83,7,76
106000205,16,80,-64
106000206,70,16,54
106000207,25,245,-220
106000208,1258,200,1058
106000209,1500,393,1107
106000210,211,492,-281
106000211,193,709,-516
106000212,699,397,302
106000213,229,1127,-898
106000214,1207,449,758
106000215,242,274,-32
106000216,327,270,57
106000217,168,213,-45
106000218,369,253,116
106000219,132,188,-56
106000220,428,143,285
106000221,171,127,44
106000222,80,74,6
106000223,313,133,180
106000224,299,97,202
106000225,120,163,-43
106000226,152,139,13
106000228,77,82,-5
106000229,86,511,-425
106000231,798,107,691
106000232,72,140,-68
106000233,505,37,468
106000234,39,166,-127
106000235,184,64,120
106000236,36,89,-53
106000237,0,10,-10
106000238,5,25,-20
106000239,3,86,-83
106000240,25,6,19
106000241,10,317,-307
106000242,275,34,241
106000249,80,40,40
106000250,67,425,-358
106000251,98,10,88
106000252,11,38,-27
106000253,21,46,-25
106000254,41,17,24
106000255,16,113,-97
106000256,19,15,4
106000257,112,132,-20
106000258,125,17,108
106000259,1,41,-40
106000260,24,3,21
106000261,3,37,-34
106000262,55,9,46
106000263,11,13,-2
106000264,116,13,103
106000265,5,44,-39
106000266,105,15,90
106000267,4,60,-56
106000268,252,39,213
106000269,21,27,-6
106000270,67,232,-165
106000271,60,101,-41
106000272,156,23,133
106000273,8,129,-121
106000274,82,22,60
106000275,150,173,-23
106000276,78,39,39
106000277,84,189,-105
106000278,97,27,70
106000279,22,12,10
106000280,76,36,40
106000281,82,37,45
106000282,55,33,22
106000283,138,52,86
106000284,94,70,24
106000285,126,46,80
106000286,94,81,13
106000287,138,74,64
106000288,63,84,-21
106000289,68,94,-26
106000290,42,58,-16
106000291,87,104,-17
106000292,40,60,-20
106000293,129,96,33
106000294,80,73,7
106000295,62,41,21
106000296,39,79,-40
106000297,73,186,-113
106000298,84,94,-10
106000299,48,92,-44
106000300,45,113,-68
106000301,57,104,-47
106000303,12,38,-26
106000304,31,17,14
106000305,43,25,18
106000306,47,45,2
106000307,76,17,59
106000308,29,40,-11
106000309,15,33,-18
106000310,291,258,33
106000311,389,146,243
106000312,126,76,50
106000313,277,153,124
106000318,49,298,-249
106000319,956,255,701
106000320,4,65,-61
106000321,156,111,45
106000322,203,77,126
106000324,19,107,-88
106000325,1734,780,954
106000326,777,932,-155
106000327,225,37,188
106000328,29,58,-29
106000329,51,145,-94
106000330,28,65,-37
106000428,90,155,-65
106000429,119,274,-155
106000430,307,786,-479
106000431,1963,344,1619
106000432,1050,1900,-850
106000433,2348,1264,1084
106000434,2820,1147,1673
106000435,888,1695,-807
106000436,16,89,-73
106000437,206,55,151
106000438,299,170,129
106000439,53,297,-244
106000440,177,306,-129
106000441,4,1,3
106000442,133,5,128
106000443,265,140,125
106000450,1,62,-61
106000451,23,62,-39
106000454,6,61,-55
106000455,3,94,-91
106000456,86,35,51
106000457,12,328,-316
106000458,1010,22,988
106000459,151,102,49
106000460,1436,11,1425
106000461,161,299,-138
106000462,0,38,-38
106000463,3,0,3
106000464,4,131,-127
106000465,715,4,711
106000466,1,174,-173
106000467,114,194,-80
106000468,85,76,9
106000469,32,0,32
106000470,181,1545,-1364
106000471,14,251,-237
106000472,144,8,136
106000473,36,15,21
106000474,250,302,-52
106000475,296,117,179
106000476,136,227,-91
106000477,33,43,-10
106000480,0,297,-297
106900001,0,6,-6
106900002,3,158,-155
106900003,93,559,-466
106900004,0,14,-14
106900006,0,11,-11
106900007,0,13,-13
106900008,379,76,303
106900009,337,130,207
106900010,214,157,57
106900012,852,1909,-1057
106900013,364,179,185
106900014,46,1,45
106900015,11,1,10
106900016,311,18,293
106900017,7,1,6
106900018,1,0,1
106900019,53,1,52
106900020,1118,1386,-268
106900021,239,207,32
106900022,820,5,815
106900023,25,138,-113
106900024,502,60,442
106900025,30,275,-245
106900026,6,202,-196
106900027,790,4,786
107000001,2639,3621,-982
107000002,1460,2448,-988
107000003,5844,5363,481
107000004,2896,1783,1113
107000005,5330,4980,350
107000006,2641,1469,1172
107000007,4773,7590,-2817
107000008,4331,3550,781
107000009,7109,6961,148
107000010,5147,4257,890
107000011,569,743,-174
107000012,2457,1603,854
107000013,125,41,84
107000014,42,133,-91
107000015,392,358,34
107000016,677,412,265
107000017,717,1815,-1098
107000018,8,1204,-1196
107000020,574,1788,-1214
107000021,809,364,445
107000022,560,1321,-761
107000023,1316,156,1160
107000024,505,986,-481
107000025,151,264,-113
107000026,303,277,26
107000027,1434,801,633
107000028,1084,613,471
107000029,2910,2455,455
107000030,1670,1446,224
107000031,4099,2029,2070
107000032,344,512,-168
107000033,1819,2306,-487
107000034,3102,854,2248
107000035,378,145,233
107000036,360,885,-525
107000037,111,552,-441
107000038,133,152,-19
107000039,898,712,186
107000040,164,169,-5
107000041,1157,554,603
107000042,463,1434,-971
107000043,1507,809,698
107000044,298,175,123
107000045,69,174,-105
107000046,649,374,275
107000047,391,531,-140
107000048,583,234,349
107000049,476,498,-22
107000050,957,446,511
107000051,189,265,-76
107000052,901,884,17
107000053,326,231,95
107000054,40,226,-186
107000055,421,136,285
107000056,362,418,-56
107000057,1114,201,913
107000058,1711,2034,-323
107000059,1468,2035,-567
107000060,4409,4413,-4
107000061,3503,1916,1587
107000062,5093,2457,2636
107000063,3439,2595,844
107000064,4590,2034,2556
107000065,2270,2545,-275
107000066,1386,2387,-1001
107000067,1063,1481,-418
107000068,908,876,32
107000069,951,552,399
107000070,1067,11,1056
107000071,3677,64,3613
107000072,30,1481,-1451
107000073,1020,478,542
107000074,174,590,-416
107000075,1735,563,1172
107000076,432,742,-310
107000077,3500,1395,2105
107000078,1705,1596,109
107000079,2418,1055,1363
107000080,798,1751,-953
107000081,2210,542,1668
107000082,550,635,-85
107000083,1252,447,805
107000084,234,810,-576
107000085,2691,2473,218
107000086,2211,2169,42
107000087,2497,1673,824
107000088,2339,2147,192
107000089,1725,1385,340
107000090,899,618,281
107000091,1590,742,848
107000092,742,653,89
107000093,1363,754,609
107000094,670,795,-125
107000095,798,520,278
107000096,411,495,-84
107000097,754,201,553
107000098,352,310,42
107000099,299,306,-7
107000100,194,159,35
107000101,92,158,-66
107000102,178,171,7
107000103,280,135,145
107000104,127,179,-52
107000105,302,94,208
107000106,169,171,-2
107000107,490,124,366
107000108,127,252,-125
107000109,621,105,516
107000110,47,228,-181
107000111,512,33,479
107000112,40,109,-69
107000113,700,90,610
107000114,67,292,-225
107000115,688,212,476
107000116,64,406,-342
107000117,157,797,-640
107000118,100,136,-36
107000119,1187,1523,-336
107000120,614,542,72
107000121,869,546,323
107000122,957,534,423
107000123,590,413,177
107000124,492,360,132
107000125,1075,499,576
107000126,994,347,647
107000129,181,345,-164
107000130,555,282,273
107000131,300,325,-25
107000132,574,254,320
107000133,250,113,137
107000134,243,1,242
107000135,1,338,-337
107000136,482,9,473
107000137,7,389,-382
107000138,160,28,132
107000139,45,505,-460
107000140,1244,82,1162
107000141,145,523,-378
107000142,423,88,335
107000143,65,434,-369
107000144,595,420,175
107000145,135,314,-179
107000146,123,232,-109
107000147,3390,844,2546
107000150,371,2258,-1887
107000151,18,59,-41
107000152,579,1454,-875
107000153,86,222,-136
107000154,88,254,-166
107000155,762,7,755
107000156,987,10,977
107000157,43,507,-464
107000158,736,27,709
107000159,23,344,-321
107000160,1288,112,1176
107000161,60,489,-429
107000162,234,432,-198
107000163,131,4,127
107000164,848,0,848
107000165,1182,5,1177
107000166,22,456,-434
107000167,604,150,454
107000168,986,476,510
107000169,445,386,59
107000170,2568,545,2023
107000171,532,686,-154
107000172,1157,1507,-350
107000173,457,387,70
107000174,1075,4741,-3666
107000175,3107,932,2175
107000176,0,0,0
107000177,3,0,3
107000178,19,12,7
107000179,284,992,-708
107000180,1512,204,1308
107000181,420,589,-169
107000182,2176,677,1499
107000183,163,451,-288
107000184,1230,477,753
107000185,363,770,-407
107000186,1148,372,776
107000187,1135,1217,-82
107000188,668,480,188
107000189,545,679,-134
107000190,620,500,120
107000191,815,802,13
107000192,1610,401,1209
107000193,381,441,-60
107000194,662,511,151
107000197,947,247,700
107000198,305,428,-123
107000199,852,467,385
107000200,435,519,-84
107000201,459,325,134
107000202,266,342,-76
107000203,712,1278,-566
107000204,755,1263,-508
107000205,1142,640,502
107000206,418,1410,-992
107000207,403,1158,-755
107000208,510,485,25
107000209,892,1056,-164
107000210,201,209,-8
107000211,6,34,-28
107000212,11,182,-171
107000213,3,19,-16
107000214,13,67,-54
107000215,429,203,226
107000216,445,193,252
107000217,187,69,118
107000219,93,216,-123
107000220,153,97,56
107000222,200,306,-106
107000224,375,73,302
107000225,157,207,-50
107000226,566,76,490
107000227,79,132,-53
107000228,224,432,-208
107000229,97,87,10
107000230,830,339,491
107000231,586,1586,-1000
107000232,135,15,120
107000233,382,778,-396
107000234,1,72,-71
107000235,63,12,51
107000236,8,268,-260
107000237,43,0,43
107000238,33,2,31
107000239,1637,447,1190
107000240,83,368,-285
107000243,0,60,-60
107000244,7,37,-30
107000246,3,1242,-1239
107000249,6,1428,-1422
107000251,1,514,-513
107000252,1,397,-396
107000255,201,122,79
107000257,5,359,-354
107000258,1,131,-130
107000259,4,100,-96
107000260,1609,18,1591
107000262,7,194,-187
107000263,315,5,310
107000266,12,15,-3
107000267,34,48,-14
107000268,96,50,46
107000269,58,1,57
107000270,196,50,146
107000271,5,1,4
107000272,146,0,146
107000273,8,127,-119
107000274,458,178,280
107000275,42,996,-954
107000280,942,24,918
107000281,36,295,-259
107000282,44,302,-258
107000290,11,25,-14
107000291,34,4,30
107000292,0,208,-208
107000293,27,7,20
107000294,0,34,-34
107000295,15,2,13
107000296,1,13,-12
107000444,207,2,205
107000496,1,5,-4
107000497,1080,950,130
107000500,279,151,128
107000501,95,132,-37
107000502,174,184,-10
107000505,223,595,-372
107000506,0,1,-1
107000508,2,224,-222
107000509,157,458,-301
107000510,33,30,3
107000514,48,236,-188
107000515,11,71,-60
107000516,500,274,226
107000518,1136,1475,-339
107000519,1038,538,500
107000520,88,35,53
107000521,702,190,512
107000522,1025,400,625
107900001,89,67,22
107900002,73,16,57
107900003,638,16,622
107900004,26,0,26
107900005,1500,3,1497
107900006,156,0,156
107900007,346,28,318
107900008,64,11,53
107900009,83,6,77
107900010,66,0,66
107900012,261,71,190
107900013,122,25,97
107900014,55,8,47
107900015,1108,10,1098
107900016,236,56,180
107900017,18,2,16
107900018,100,189,-89
107900019,19,12,7
107900020,41,19,22
107900021,120,53,67
107900023,2,5,-3
107900024,0,17,-17
107900025,164,162,2
107900026,71,13,58
107900027,16,40,-24
107900028,106,44,62
107900030,185,38,147
107900031,64,56,8
107900032,13,1,12
107900033,30,7,23
107900034,280,23,257
107900035,1054,50,1004
107900036,71,31,40
107900037,0,24,-24
107900038,59,238,-179
107900039,53,28,25
107900040,11,174,-163
107900041,1,0,1
107900043,66,45,21
107900044,21,8,13
107900045,84,44,40
107900046,164,152,12
107900047,46,31,15
107900048,229,11,218
107900049,265,609,-344
107900050,75,146,-71
107900051,71,30,41
107900052,6,62,-56
107900053,53,47,6
107900055,464,201,263
107900056,96,56,40
107900057,2,0,2
107900058,27,325,-298
107900060,8,38,-30
107900061,6,18,-12
107900063,112,122,-10
107900064,172,182,-10
107900065,243,7,236
107900066,33,7,26
107900067,1,0,1
107900068,71,697,-626
107900069,30,2170,-2140
107900070,131,53,78
107900071,15,334,-319
107900072,125,97,28
107900073,114,45,69
107900074,312,333,-21
107900076,180,32,148
107900077,128,2,126
107900079,7,23,-16
107900080,168,762,-594
107900081,61,37,24
107900082,5,2,3
107900083,339,173,166
107900084,107,82,25
107900086,38,190,-152
107900087,262,117,145
107900088,37,12,25
107900089,150,628,-478
107900090,287,1832,-1545
107900091,113,124,-11
107900093,63,23,40
107900095,1540,1724,-184
107900097,16,53,-37
107900098,58,93,-35
107900100,491,1048,-557
107900101,445,81,364
107900102,26,6,20
107900103,54,124,-70
107900104,145,5,140
107900105,14,104,-90
107900106,14,430,-416
107900107,491,413,78
107900108,160,62,98
107900109,1763,65,1698
107900110,77,35,42
107900111,2,218,-216
107900112,77,425,-348
107900113,201,15,186
107900114,271,73,198
107900115,1,14,-13
107900116,192,64,128
107900117,165,128,37
107900118,32,71,-39
107900119,75,198,-123
107900120,26,48,-22
107900121,2,74,-72
107900122,1,50,-49
107900123,1,36,-35
107900124,7,27,-20
107900125,9,138,-129
107900126,21,52,-31
107900127,263,324,-61
107900128,78,89,-11
107900129,68,18,50
107900130,81,11,70
107900131,184,372,-188
107900132,69,132,-63
107900133,0,43,-43
107900134,26,123,-97
107900135,6,115,-109
107900136,16,29,-13
107900137,101,122,-21
107900138,38,29,9
107900139,60,15,45
107900141,25,30,-5
107900142,25,359,-334
107900143,19,10,9
107900144,0,106,-106
107900145,7,53,-46
107900146,33,101,-68
107900147,31,35,-4
107900148,167,59,108
107900149,366,103,263
107900150,47,184,-137
107900151,25,54,-29
107900152,2,55,-53
107900153,70,254,-184
107900154,44,25,19
107900155,82,45,37
107900156,2,94,-92
107900157,55,32,23
107900158,844,19,825
107900159,21,253,-232
107900160,180,169,11
107900161,53,35,18
107900162,0,29,-29
107900163,10,32,-22
107900164,24,33,-9
107900165,20,120,-100
107900166,21,69,-48
107900167,16,28,-12
107900168,44,13,31
107900169,1,73,-72
107900171,1,276,-275
107900172,2,127,-125
107900173,20,46,-26
107900174,193,4,189
107900175,13,28,-15
107900176,33,11,22
107900177,2,40,-38
107900178,0,75,-75
107900179,15,59,-44
107900180,317,767,-450
107900181,206,178,28
107900182,2,299,-297
107900183,54,83,-29
107900184,90,81,9
107900185,202,14,188
107900186,23,36,-13
107900187,0,137,-137
107900188,279,118,161
107900189,12,40,-28
107900190,35,142,-107
107900191,50,47,3
107900193,6,30,-24
107900194,188,10,178
107900195,738,187,551
107900196,53,41,12
107900197,218,291,-73
107900199,1,329,-328
107900201,73,54,19
107900203,32,35,-3
107900204,133,194,-61
107900206,784,381,403
107900207,11,264,-253
107900208,7,156,-149
107900209,159,82,77
107900210,37,52,-15
107900213,265,350,-85
107900214,17,55,-38
107900215,89,342,-253
107900216,157,59,98
107900217,16,69,-53
107900218,10,709,-699
107900219,41,19,22
107900220,96,193,-97
107900221,101,142,-41
107900223,100,188,-88
107900224,61,332,-271
107900225,4,241,-237
107900226,65,57,8
107900227,84,200,-116
107900228,21,56,-35
107900229,0,57,-57
107900230,18,26,-8
107900231,20,69,-49
107900232,81,46,35
107900233,9,85,-76
107900234,102,80,22
107900235,6,69,-63
107900236,202,52,150
107900237,26,228,-202
107900238,32,40,-8
107900239,335,387,-52
107900240,41,37,4
107900241,7,41,-34
107900242,18,81,-63
107900243,3,75,-72
107900244,388,9,379
107900245,699,26,673
107900246,179,15,164
107900248,114,60,54
107900249,785,37,748
107900250,2,178,-176
107900251,51,515,-464
107900252,774,31,743
107900253,149,5,144
107900254,47,101,-54
107900255,147,83,64
107900256,255,487,-232
107900257,252,79,173
107900258,72,81,-9
107900259,64,2195,-2131
107900261,2,99,-97
107900262,20,53,-33
107900264,313,7,306
107900265,125,66,59
107900267,342,2,340
107900268,8,6,2
107900269,0,4,-4
107900270,2,0,2
107900271,1,14,-13
107900272,84,37,47
107900273,63,56,7
107900274,137,0,137
107900275,39,0,39
107900276,0,48,-48
107900277,4,145,-141
107900278,326,170,156
107900279,69,118,-49
107900280,1705,1350,355
107900281,364,3096,-2732
107900282,24,494,-470
107900283,636,575,61
107900284,459,287,172
107900285,113,31,82
107900286,41,62,-21
107900287,307,175,132
107900290,1,181,-180
107900291,617,33,584
107900292,90,87,3
107900293,77,182,-105
107900295,49,26,23
107900297,1,198,-197
107900298,453,318,135
107900299,1814,2428,-614
107900301,461,696,-235
107900302,82,38,44
107900303,204,118,86
107900304,434,193,241
107900305,346,7,339
107900306,6,37,-31
107900307,54,216,-162
107900308,153,139,14
107900309,67,0,67
107900310,80,0,80
107900311,12,502,-490
107900312,40,0,40
107900313,0,109,-109
107900314,0,46,-46
107900315,0,59,-59
107900316,15,0,15
107900317,77,3,74
107900318,4,131,-127
107900319,3,47,-44
107900320,2,50,-48
107900321,100,2,98
107900322,0,54,-54
107900323,11,59,-48
107900324,92,2,90
107900325,136,1,135
107900326,379,120,259
107900327,2,127,-125
107900328,53,0,53
107900329,38,138,-100
107900330,1,116,-115
107900331,352,7,345
107900332,456,6,450
107900333,76,36,40
107900334,8,80,-72
107900335,30,21,9
107900336,34,38,-4
107900337,537,973,-436
107900338,3,82,-79
107900339,0,8,-8
107900340,1,49,-48
107900341,49,0,49
107900342,121,52,69
107900343,40,6,34
107900344,17,32,-15
107900345,71,15,56
107900346,4,1,3
107900347,10,4,6
107900348,2,3,-1
107900349,29,16,13
107900350,12,144,-132
107900351,7,63,-56
107900352,2,14,-12
107900353,9,13,-4
107900354,11,21,-10
108000001,2912,3216,-304
108000002,1653,1319,334
108000003,2810,3025,-215
108000004,8390,8795,-405
108000005,6455,5514,941
108000006,4628,4331,297
108000007,4472,3978,494
108000008,3247,3547,-300
108000009,3978,4356,-378
108000010,3001,2794,207
108000011,10597,9599,998
108000012,9373,8047,1326
108000014,571,1274,-703
108000015,788,198,590
108000016,287,904,-617
108000017,1061,290,771
108000018,1681,498,1183
108000019,1043,665,378
108000020,1154,467,687
108000021,271,1132,-861
108000022,282,800,-518
108000023,1262,187,1075
108000024,270,271,-1
108000025,269,158,111
108000026,966,187,779
108000027,628,365,263
108000028,1084,142,942
108000029,667,484,183
108000030,521,139,382
108000031,116,363,-247
108000032,1882,459,1423
108000033,606,638,-32
108000034,1572,343,1229
108000035,551,1236,-685
108000036,344,545,-201
108000037,1783,294,1489
108000038,2624,443,2181
108000039,353,1080,-727
108000040,1826,801,1025
108000041,457,1303,-846
108000042,370,186,184
108000043,193,124,69
108000044,650,116,534
108000045,358,217,141
108000046,1529,207,1322
108000047,306,453,-147
108000048,81,238,-157
108000049,863,177,686
108000050,86,399,-313
108000051,416,195,221
108000052,100,349,-249
108000053,424,205,219
108000054,309,663,-354
108000055,888,535,353
108000056,788,927,-139
108000057,553,1201,-648
108000058,1619,3274,-1655
108000059,1898,1175,723
108000060,254,627,-373
108000061,185,326,-141
108000062,857,482,375
108000063,369,283,86
108000064,211,174,37
108000065,494,286,208
108000066,1096,574,522
108000067,1937,658,1279
108000068,833,351,482
108000069,213,460,-247
108000070,2005,629,1376
108000071,482,838,-356
108000072,1903,744,1159
108000073,920,982,-62
108000074,585,360,225
108000075,278,441,-163
108000076,800,581,219
108000077,484,393,91
108000078,2552,905,1647
108000079,506,718,-212
108000080,1483,363,1120
108000081,470,648,-178
108000082,718,1113,-395
108000083,1697,941,756
108000084,407,727,-320
108000085,890,481,409
108000086,440,391,49
108000087,154,2001,-1847
108000088,737,137,600
108000089,288,250,38
108000091,190,302,-112
108000092,153,81,72
108000093,237,239,-2
108000094,680,122,558
108000095,139,168,-29
108000096,372,128,244
108000097,152,193,-41
108000098,1790,860,930
108000099,990,269,721
108000100,192,518,-326
108000101,1223,1406,-183
108000102,1514,3180,-1666
108000106,681,1,680
108000107,1,629,-628
108000108,600,39,561
108000109,9,530,-521
108000110,312,234,78
108000111,126,299,-173
108000112,69,143,-74
108000113,307,148,159
108000115,319,205,114
108000117,392,304,88
108000118,312,1728,-1416
108000119,367,192,175
108000120,143,717,-574
108000121,135,206,-71
108000122,568,286,282
108000123,566,84,482
108000124,251,300,-49
108000125,491,131,360
108000126,165,192,-27
108000127,487,157,330
108000128,561,194,367
108000129,225,340,-115
108000130,428,135,293
108000131,840,459,381
108000132,1047,732,315
108000133,896,434,462
108000134,365,249,116
108000135,1109,407,702
108000136,199,374,-175
108000137,586,123,463
108000138,341,420,-79
108000139,469,185,284
108000140,193,23,170
108000141,43,23,20
108000142,77,35,42
108000143,32,197,-165
108000144,444,44,400
108000145,38,9,29
108000146,823,42,781
108000147,49,6,43
108000148,592,59,533
108000149,19,5,14
108000150,42,9,33
108000151,54,50,4
108000152,97,173,-76
108000153,697,105,592
108000154,41,6,35
108000155,42,16,26
108000156,500,280,220
108000157,183,1394,-1211
108000158,83,753,-670
108000159,257,206,51
108000160,1174,961,213
108000161,1186,2642,-1456
108000165,6,230,-224
108000172,1,225,-224
108000173,683,1760,-1077
108000175,751,136,615
108000178,269,197,72
108000179,110,814,-704
108000181,69,32,37
108000182,142,65,77
108000183,10,235,-225
108000184,565,2263,-1698
108000185,183,242,-59
108000186,407,197,210
108000187,144,241,-97
108000188,609,141,468
108000189,973,8991,-8018
108000190,20,82,-62
108000192,198,297,-99
108000193,368,14,354
108000194,24,24,0
108000195,0,483,-483
108000196,138,106,32
108000198,680,105,575
108000199,1,438,-437
108000200,413,134,279
108000203,133,219,-86
108000204,161,92,69
108000205,227,224,3
108000339,694,405,289
108000364,169,503,-334
108000365,40,185,-145
108000367,177,164,13
108000368,11,57,-46
108000369,426,205,221
108000371,9,463,-454
108000372,621,9,612
108000373,231,86,145
108000376,96,31,65
108000377,561,129,432
108000378,7537,9033,-1496
108000379,13,112,-99
108000381,90,6,84
108000382,103,20,83
108000383,0,321,-321
108900001,56,394,-338
108900002,134,60,74
108900003,227,354,-127
108900004,476,409,67
108900007,268,128,140
108900008,175,74,101
108900009,105,81,24
108900010,349,105,244
108900011,745,295,450
108900012,423,252,171
108900013,183,181,2
108900014,28,80,-52
108900015,3,288,-285
108900016,1,159,-158
108900017,252,426,-174
108900018,161,163,-2
108900019,17,164,-147
108900020,44,71,-27
108900021,147,104,43
108900022,103,0,103
108900023,10,46,-36
108900024,40,32,8
108900025,208,59,149
108900026,16,64,-48
108900027,0,36,-36
108900028,142,100,42
108900029,50,111,-61
108900030,0,29,-29
108900031,164,183,-19
108900032,7,96,-89
108900033,1,44,-43
108900034,1,121,-120
108900035,234,528,-294
108900038,1,151,-150
108900039,1,183,-182
108900040,9,46,-37
108900041,2619,3039,-420
108900042,6,388,-382
108900043,36,271,-235
108900044,1,183,-182
108900045,101,211,-110
108900046,24,292,-268
108900047,1,215,-214
108900048,65,423,-358
108900049,1015,1478,-463
108900050,0,100,-100
108900051,0,97,-97
108900052,20,102,-82
108900053,39,187,-148
108900054,40,127,-87
108900055,46,306,-260
108900056,3,56,-53
108900057,0,88,-88
108900058,25,149,-124
108900059,564,38,526
108900060,71,129,-58
108900061,54,25,29
108900062,8,103,-95
108900063,8,85,-77
108900064,304,21,283
108900065,7,84,-77
108900066,462,114,348
108900067,9,99,-90
108900068,7,49,-42
108900069,77,26,51
108900070,50,57,-7
108900071,104,44,60
108900072,1173,449,724
108900073,58,79,-21
108900074,283,107,176
108900075,27,31,-4
108900076,374,51,323
108900077,99,167,-68
108900078,38,52,-14
108900079,427,104,323
108900080,21,698,-677
108900081,43,166,-123
108900082,138,73,65
108900083,6,233,-227
108900085,839,109,730
108900086,137,74,63
108900087,46,141,-95
108900088,926,344,582
108900089,24,163,-139
108900090,68,96,-28
108900091,83,56,27
108900092,450,264,186
108900093,102,113,-11
108900094,251,62,189
108900095,6,145,-139
108900096,142,7,135
108900097,256,97,159
108900098,996,691,305
108900099,394,104,290
108900100,66,77,-11
108900101,187,244,-57
108900102,61,986,-925
108900103,60,190,-130
108900105,4,1324,-1320
108900106,532,155,377
108900108,242,14,228
108900109,475,69,406
108900110,262,160,102
108900111,457,211,246
108900113,37,71,-34
108900114,79,14,65
108900115,122,69,53
108900116,55,11,44
108900117,218,19,199
108900118,672,24,648
108900119,336,18,318
108900120,218,176,42
108900121,245,114,131
108900122,183,15,168
108900123,146,129,17
108900124,583,148,435
108900125,588,3,585
108900126,184,36,148
108900127,234,27,207
108900128,138,43,95
108900129,780,149,631
108900130,437,4,433
108900131,435,4,431
108900132,548,69,479
108900133,325,36,289
108900134,554,145,409
108900135,177,6,171
108900136,58,16,42
108900137,172,3,169
108900138,849,51,798
108900140,461,132,329
108900141,423,8,415
108900142,103,3,100
108900143,139,0,139
108900144,132,1,131
108900145,251,19,232
108900146,109,1,108
108900147,328,1,327
108900148,38,22,16
108900150,202,3,199
108900151,82,11,71
108900152,197,38,159
108900153,188,134,54
108900154,4459,564,3895
108900156,73,8,65
108900157,47,234,-187
108900158,402,47,355
108900159,2,93,-91
108900160,5,136,-131
108900161,4,153,-149
108900162,129,2,127
108900163,8,302,-294
108900164,64,58,6
108900168,3497,2213,1284
108900169,83,100,-17
108900171,2267,2639,-372
108900172,154,40,114
108900173,111,232,-121
108900174,1094,526,568
108900176,76,216,-140
108900177,2224,5521,-3297
108900178,2177,3453,-1276
108900180,80,272,-192
108900183,133,133,0
108900184,438,140,298
108900185,95,159,-64
108900186,40,194,-154
108900189,362,82,280
108900190,156,1012,-856
108900192,78,106,-28
108900195,76,76,0
108900196,25,151,-126
108900199,191,242,-51
108900200,505,311,194
108900201,356,754,-398
108900203,485,111,374
108900204,298,14,284
108900205,152,36,116
108900206,340,73,267
108900207,175,154,21
108900208,14,264,-250
108900209,171,381,-210
108900210,146,164,-18
108900211,176,502,-326
108900212,276,1379,-1103
108900215,47,239,-192
108900216,224,334,-110
108900217,66,0,66
108900218,43,15,28
108900221,51,117,-66
108900224,42,99,-57
108900225,0,120,-120
108900227,108,412,-304
108900230,95,174,-79
108900232,1,107,-106
108900233,377,90,287
108900234,277,110,167
108900235,105,289,-184
108900236,19,131,-112
108900240,115,114,1
108900241,26,45,-19
108900245,6,1006,-1000
108900250,190,131,59
108900258,7,108,-101
108900259,24,31,-7
108900260,10,54,-44
108900261,30,49,-19
108900262,86,86,0
108900263,19,107,-88
108900264,255,215,40
108900265,466,429,37
108900266,354,838,-484
108900267,2,167,-165
108900268,9,16,-7
108900269,82,16,66
108900270,90,10,80
108900271,71,11,60
108900272,270,9,261
108900273,376,631,-255
108900274,67,47,20
109000001,2195,2022,173
109000002,882,2180,-1298
109000003,2741,399,2342
109000004,522,1635,-1113
109000005,2349,544,1805
109000006,785,1468,-683
109000007,1664,534,1130
109000008,536,1216,-680
109000009,2905,1118,1787
109000010,920,2640,-1720
109000011,3400,1736,1664
109000012,1756,2030,-274
109000013,3793,3044,749
109000014,1796,1627,169
109000015,3267,7576,-4309
109000016,4105,1977,2128
109000017,2578,1055,1523
109000018,1038,1564,-526
109000019,2486,1197,1289
109000020,889,1304,-415
109000023,166,25,141
109000024,7,139,-132
109000025,271,469,-198
109000026,495,257,238
109000027,76,320,-244
109000028,87,65,22
109000029,100,181,-81
109000030,49,333,-284
109000031,241,151,90
109000032,123,342,-219
109000033,324,154,170
109000034,44,37,7
109000035,9,56,-47
109000036,43,282,-239
109000037,243,1618,-1375
109000038,283,224,59
109000039,940,806,134
109000040,2568,9871,-7303
109000041,1502,2024,-522
109000042,376,1043,-667
109000044,379,66,313
109000045,103,278,-175
109000046,358,60,298
109000047,65,302,-237
109000048,558,190,368
109000049,133,352,-219
109000050,348,214,134
109000051,141,126,15
109000052,511,302,209
109000053,201,47,154
109000054,127,201,-74
109000055,199,193,6
109000056,291,134,157
109000057,618,380,238
109000058,542,135,407
109000059,382,1348,-966
109000060,310,335,-25
109000061,449,911,-462
109000062,88,341,-253
109000063,168,67,101
109000064,211,130,81
109000065,130,72,58
109000066,292,43,249
109000067,37,160,-123
109000068,889,4,885
109000069,563,21,542
109000070,25,1997,-1972
109000071,390,60,330
109000072,68,262,-194
109000073,85,61,24
109000074,19,130,-111
109000075,81,226,-145
109000076,136,237,-101
109000077,228,161,67
109000078,83,137,-54
109000079,141,95,46
109000080,239,94,145
109000081,103,206,-103
109000082,826,114,712
109000083,298,300,-2
109000088,124,306,-182
109000089,252,73,179
109000090,129,265,-136
109000091,422,184,238
109000092,266,268,-2
109000093,283,172,111
109000094,699,5,694
109000095,75,222,-147
109000096,651,186,465
109000097,119,102,17
109000098,50,119,-69
109000099,707,212,495
109000100,300,576,-276
109000101,1524,374,1150
109000102,407,510,-103
109000103,408,349,59
109000104,1884,411,1473
109000105,426,571,-145
109000106,1563,603,960
109000107,485,939,-454
109000108,1730,433,1297
109000109,436,830,-394
109000110,1075,400,675
109000111,650,1077,-427
109000112,270,72,198
109000113,251,88,163
109000114,110,167,-57
109000115,797,79,718
109000116,15,228,-213
109000117,263,22,241
109000118,13,204,-191
109000119,1411,108,1303
109000120,252,287,-35
109000121,624,20,604
109000122,157,250,-93
109000123,47,35,12
109000124,687,230,457
109000125,773,183,590
109000126,349,325,24
109000127,1097,132,965
109000128,432,496,-64
109000129,2403,541,1862
109000130,325,638,-313
109000131,877,592,285
109000132,515,884,-369
109000133,292,503,-211
109000134,539,771,-232
109000135,648,974,-326
109000136,269,212,57
109000137,312,292,20
109000138,402,139,263
109000139,443,261,182
109000140,148,160,-12
109000141,472,199,273
109000142,108,359,-251
109000143,110,73,37
109000145,88,314,-226
109000146,61,67,-6
109000148,1419,1107,312
109000149,24,95,-71
109000150,100,345,-245
109000155,844,541,303
109000156,701,281,420
109000158,36,174,-138
109000159,60,246,-186
109000160,1059,105,954
109000161,365,558,-193
109000162,1822,426,1396
109000163,1066,1065,1
109000164,1231,1597,-366
109000165,1241,374,867
109000166,793,90,703
109000167,108,271,-163
109000170,33,31,2
109000171,60,46,14
109000172,33,39,-6
109000173,28,83,-55
109000174,146,21,125
109000175,43,39,4
109000176,296,110,186
109000177,22,56,-34
109000178,767,172,595
109000179,2163,4208,-2045
109000180,2476,2474,2
109000181,27,19,8
109000182,42,14,28
109000183,45,10,35
109000184,43,14,29
109000185,13,18,-5
109000188,283,766,-483
109000189,1791,330,1461
109000190,509,303,206
109000191,274,216,58
109000192,491,120,371
109000193,164,123,41
109000194,246,32,214
109000195,145,147,-2
109000196,213,83,130
109000197,190,170,20
109000198,396,64,332
109000199,126,227,-101
109000206,185,50,135
109000207,138,16,122
109000208,84,70,14
109000209,119,84,35
109000210,120,280,-160
109000211,690,282,408
109000214,407,157,250
109000215,151,68,83
109000216,265,292,-27
109000217,101,103,-2
109000218,210,171,39
109000221,328,644,-316
109000222,759,190,569
109000223,388,273,115
109000224,36,63,-27
109000225,108,25,83
109000226,58,93,-35
109000227,1034,364,670
109000228,10,3284,-3274
109000231,0,120,-120
109000232,429,167,262
109000236,234,500,-266
109000241,1933,1214,719
109000242,1495,755,740
109000293,20,56,-36
109000361,139,154,-15
109000364,108,238,-130
109000396,1,293,-292
109000397,614,8,606
109000399,145,231,-86
109000400,93,167,-74
109000403,67,789,-722
109000406,354,4,350
109000407,319,89,230
109000408,0,235,-235
109000410,731,129,602
109000411,228,47,181
109900001,147,2,145
109900002,987,10,977
109900003,290,0,290
109900004,449,37,412
109900005,26,4,22
109900006,465,128,337
109900007,1091,211,880
109900008,0,20,-20
109900009,136,173,-37
109900010,557,10,547
109900011,62,76,-14
109900012,249,128,121
109900013,278,121,157
109900014,459,63,396
109900015,268,165,103
109900016,178,15,163
109900017,183,355,-172
109900018,214,23,191
109900019,294,36,258
109900020,30,41,-11
109900021,26,12,14
109900022,140,149,-9
109900023,37,3,34
109900024,31,2,29
109900025,14,29,-15
109900026,1,152,-151
109900027,23,31,-8
109900028,420,1167,-747
109900029,3,114,-111
109900030,57,10,47
109900031,0,150,-150
109900032,8,167,-159
109900033,2,253,-251
109900034,38,1,37
109900035,19,22,-3
109900036,11,22,-11
109900037,21,283,-262
109900038,85,119,-34
109900039,18,0,18
109900040,34,282,-248
109900041,48,182,-134
109900042,22,393,-371
109900044,100,121,-21
109900045,115,204,-89
109900046,100,51,49
109900047,114,166,-52
109900048,2,44,-42
109900049,24,25,-1
109900050,1,63,-62
109900051,1,26,-25
109900052,63,125,-62
109900053,0,103,-103
109900054,824,151,673
109900055,51,150,-99
109900056,14,255,-241
109900057,2,71,-69
109900058,0,70,-70
109900059,976,101,875
109900060,608,57,551
109900061,33,160,-127
109900062,0,94,-94
109900063,1,261,-260
109900064,637,146,491
109900065,53,92,-39
109900066,347,359,-12
109900067,1,76,-75
109900068,77,5,72
109900069,3,54,-51
109900070,25,138,-113
109900071,3,29,-26
109900072,15,80,-65
109900073,343,155,188
109900074,15,23,-8
109900075,28,23,5
109900076,14,109,-95
109900077,51,20,31
109900078,80,158,-78
109900080,103,129,-26
109900081,38,230,-192
109900082,51,130,-79
109900083,9,36,-27
109900084,42,89,-47
109900085,144,255,-111
109900086,88,419,-331
109900087,112,300,-188
109900089,642,257,385
109900090,329,561,-232
109900091,318,85,233
109900092,277,17,260
109900093,950,192,758
109900094,100,74,26
109900095,36,116,-80
109900096,52,9,43
109900097,110,5,105
109900098,607,17,590
109900099,297,1,296
109900100,70,1,69
109900101,643,14,629
109900102,379,23,356
109900103,39,27,12
109900104,866,284,582
109900105,645,14,631
109900106,268,27,241
109900107,502,42,460
109900108,112,91,21
109900109,44,42,2
109900110,47,130,-83
109900111,133,327,-194
109900112,115,230,-115
109900113,719,549,170
109900114,748,1208,-460
109900115,124,70,54
109900117,946,71,875
109900118,156,228,-72
109900119,398,218,180
109900120,68,25,43
109900121,283,396,-113
109900122,501,6,495
109900123,19,81,-62
109900124,24,170,-146
109900125,0,102,-102
109900126,333,34,299
109900128,368,14,354
109900130,2760,2564,196
109900131,13,91,-78
109900132,29,98,-69
109900133,79,127,-48
109900134,38,70,-32
109900135,144,35,109
109900136,25,77,-52
109900137,152,110,42
109900140,128,56,72
109900142,1161,168,993
109900145,5,446,-441
109900146,314,38,276
109900148,60,71,-11
109900149,47,66,-19
109900150,30,71,-41
109900151,28,24,4
109900152,0,43,-43
109900153,1,53,-52
109900154,34,0,34
109900155,89,22,67
109900157,59,143,-84
109900158,34,95,-61
109900159,131,21,110
109900160,123,44,79
109900161,193,76,117
109900162,194,190,4
109900163,278,174,104
109900164,54,192,-138
109900165,288,5,283
109900166,2,75,-73
109900167,124,221,-97
109900168,250,291,-41
109900169,167,85,82
109900170,144,926,-782
109900171,195,56,139
109900172,175,225,-50
109900173,986,2075,-1089
109900174,30,80,-50
109900175,77,40,37
109900176,58,42,16
109900177,32,81,-49
109900178,5,136,-131
109900179,14,14,0
109900180,2,12,-10
110000001,538,359,179
110000002,420,599,-179
110000003,603,527,76
110000004,383,607,-224
110000005,308,1294,-986
110000006,202,305,-103
110000007,108,61,47
110000008,8,72,-64
110000009,16,22,-6
110000010,32,53,-21
110000011,34,37,-3
110000012,347,146,201
110000013,25,502,-477
110000014,328,262,66
110000015,209,401,-192
110000016,150,1386,-1236
110000017,1900,147,1753
110000018,1383,215,1168
110000019,4,44,-40
110000020,388,135,253
110000021,197,266,-69
110000022,660,105,555
110000023,5,66,-61
110000024,378,235,143
110000025,391,3,388
110000026,2,114,-112
110000027,786,874,-88
110000028,830,416,414
110000029,354,452,-98
110000030,267,209,58
110000031,222,247,-25
110000032,626,223,403
110000033,233,237,-4
110000034,379,277,102
110000035,515,365,150
110000036,818,247,571
110000037,163,197,-34
110000038,194,417,-223
110000039,775,2662,-1887
110000040,220,147,73
110000041,260,1675,-1415
110000042,62,258,-196
110000043,479,275,204
110000044,51,381,-330
110000045,189,107,82
110000046,6,39,-33
110000047,15,57,-42
110000048,5,46,-41
110000049,20,11,9
110000050,3,43,-40
110000051,5,11,-6
110000052,42,31,11
110000053,51,1,50
110000054,95,404,-309
110000055,200,72,128
110000056,96,104,-8
110000057,281,415,-134
110000058,703,275,428
110000059,807,320,487
110000060,1120,840,280
110000061,582,531,51
110000062,486,695,-209
110000063,45,124,-79
110000064,52,20,32
110000065,83,47,36
110000066,78,25,53
110000067,52,79,-27
110000068,238,67,171
110000069,353,30,323
110000071,220,23,197
110000073,28,6,22
110000075,10,40,-30
110000076,260,264,-4
110000077,222,598,-376
110000078,61,16,45
110000080,205,347,-142
110000081,30,144,-114
110000082,32,281,-249
110000083,202,371,-169
110000084,1132,891,241
110000085,756,971,-215
110000086,836,1980,-1144
110000087,29,44,-15
110000088,139,130,9
110000089,252,49,203
110000090,79,99,-20
110000091,474,195,279
110000092,18,40,-22
110000093,44,14,30
110000094,315,124,191
110000095,121,545,-424
110000096,1184,1576,-392
110000097,923,1440,-517
110000098,1552,505,1047
110000099,512,1133,-621
110000100,1001,191,810
110000101,18,110,-92
110000102,80,59,21
110000104,350,150,200
110000105,65,191,-126
110000106,587,504,83
110000107,177,214,-37
110000108,82,86,-4
110000109,132,204,-72
110000110,1162,2883,-1721
110000111,2452,2457,-5
110000112,398,944,-546
110000113,129,1934,-1805
110000114,241,563,-322
110000115,302,218,84
110000116,49,41,8
110000117,212,147,65
110000118,400,61,339
110000119,277,199,78
110000120,343,136,207
110000121,83,302,-219
110000122,266,381,-115
110000123,597,511,86
110000124,0,608,-608
110000125,795,7,788
110000126,281,30,251
110000127,995,60,935
110000128,47,562,-515
110000129,5,329,-324
110000130,309,180,129
110000131,103,243,-140
110000132,1,401,-400
110000133,39,287,-248
110000134,24,328,-304
110000135,136,24,112
110000136,79,256,-177
110000137,531,339,192
110000138,771,383,388
110000139,856,389,467
110000140,647,627,20
110000143,335,305,30
110000144,2925,1742,1183
110000145,1474,1111,363
110000146,1309,468,841
110000147,313,450,-137
110000148,463,125,338
110000151,632,1008,-376
110000152,652,452,200
110000153,106,16,90
110000154,9,16,-7
110000155,675,2909,-2234
110000156,903,2025,-1122
110000157,1415,1902,-487
110000160,319,195,124
110000161,123,92,31
110000166,544,52,492
110000167,784,495,289
110000168,863,456,407
110000169,851,289,562
110000170,160,49,111
110000171,444,78,366
110000172,163,358,-195
110000173,697,619,78
110000174,83,373,-290
110000175,698,27,671
110000176,43,353,-310
110000177,146,794,-648
110000178,335,1341,-1006
110000179,518,190,328
110000180,223,123,100
110000181,562,276,286
110000182,213,76,137
110000183,4331,5916,-1585
110000184,215,2045,-1830
110000185,462,521,-59
110000186,451,544,-93
110000191,1290,167,1123
110000192,657,22,635
110000193,1287,29,1258
110000194,25,545,-520
110000195,510,119,391
110000196,379,106,273
110000197,107,81,26
110000198,73,44,29
110000199,63,120,-57
110000200,666,247,419
110000201,628,953,-325
110000202,1071,530,541
110000203,366,318,48
110000204,8,101,-93
110000205,159,38,121
110000206,448,566,-118
110000207,1094,245,849
110000208,162,159,3
110000209,83,421,-338
110000210,1414,253,1161
110000211,744,393,351
110000212,365,817,-452
110000213,236,45,191
110000214,321,33,288
110000215,145,92,53
110000216,103,101,2
110000217,357,103,254
110000218,146,132,14
110000219,367,27,340
110000220,55,86,-31
110000221,380,23,357
110000222,53,118,-65
110000223,2,87,-85
110000224,17,8,9
110000225,199,516,-317
110000226,266,57,209
110000227,409,666,-257
110000228,188,68,120
110000229,0,139,-139
110000230,426,310,116
110000231,152,143,9
110000232,106,108,-2
110000233,159,122,37
110000234,380,652,-272
110000235,640,735,-95
110000236,459,316,143
110000237,1541,863,678
110000238,981,832,149
110000239,1718,681,1037
110000240,0,40,-40
110000242,0,6,-6
110000243,157,57,100
110000244,135,190,-55
110000245,21,244,-223
110000246,613,258,355
110000247,694,2213,-1519
110000248,993,915,78
110000249,57,7,50
110000250,13,98,-85
110000251,307,242,65
110000252,244,94,150
110000253,1140,332,808
110000254,402,504,-102
110000255,104,450,-346
110000256,386,188,198
110000257,399,243,156
110000258,1,214,-213
110000259,114,9,105
110000260,21,85,-64
110000263,273,52,221
110000264,323,203,120
110000265,859,1202,-343
110000266,989,1735,-746
110000267,11,91,-80
110000268,205,328,-123
110000269,2,50,-48
110000270,67,2,65
110000271,796,133,663
110000272,957,740,217
110000273,1300,867,433
110000274,113,1306,-1193
110000275,932,327,605
110000276,214,269,-55
110000277,309,189,120
110000278,183,402,-219
110000279,697,428,269
110000280,492,238,254
110000281,77,222,-145
110000282,119,12,107
110000283,14,56,-42
110000284,19,28,-9
110000285,1,381,-380
110000286,9,0,9
110000287,55,1,54
110000288,3,34,-31
110000289,449,1877,-1428
110000290,515,442,73
110000291,2441,949,1492
110000292,904,3576,-2672
110000293,550,416,134
110000294,971,842,129
110000295,109,468,-359
110000296,366,238,128
110000297,1485,222,1263
110000298,89,325,-236
110000299,94,79,15
110000301,192,18,174
110000302,280,499,-219
110000303,379,18,361
110000304,118,157,-39
110000305,1013,22,991
110000306,117,577,-460
110000307,1567,6,1561
110000308,412,3,409
110000309,4,411,-407
110000310,625,32,593
110000311,20,395,-375
110000312,310,67,243
110000313,1208,1767,-559
110000314,0,125,-125
110000315,1628,1803,-175
110000316,361,907,-546
110000317,91,550,-459
110000318,6,31,-25
110000319,5,9,-4
110000320,30,17,13
110000321,11,35,-24
110000322,252,189,63
110000323,371,119,252
110000324,1684,1208,476
110000325,1512,2616,-1104
110000327,230,161,69
110000328,112,212,-100
110000333,715,594,121
110000334,529,836,-307
110000335,669,288,381
110000336,517,527,-10
110000337,1461,411,1050
110000338,501,129,372
110000339,263,100,163
110000340,10,80,-70
110000341,452,298,154
110000342,73,1,72
110000343,0,12,-12
110000344,43,85,-42
110000345,96,132,-36
110000346,1367,1296,71
110000347,1090,545,545
110000348,9,12,-3
110000349,9,1,8
110000350,53,9,44
110000351,980,442,538
110000352,635,1213,-578
110000353,1714,439,1275
110000354,723,2629,-1906
110000355,85,42,43
110000356,534,6,528
110000357,380,15,365
110000361,27,30,-3
110000362,65,3,62
110000363,632,91,541
110000364,243,173,70
110000365,106,2,104
110000366,0,69,-69
110000367,313,101,212
110000368,0,42,-42
110000369,53,3,50
110000373,1,171,-170
110000374,61,20,41
110000375,132,646,-514
110000376,27,50,-23
110000377,84,320,-236
110000378,15,330,-315
110000379,1509,1561,-52
110000380,51,10,41
110000383,0,736,-736
110000384,695,448,247
110000385,0,121,-121
110000387,86,9,77
110000388,41,105,-64
110000389,834,4,830
110000391,776,136,640
110000396,150,49,101
110000397,164,49,115
110000398,1,24,-23
110000399,99,2,97
110000587,120,40,80
110000589,195,81,114
110000640,206,31,175
110000652,6,190,-184
110000653,297,160,137
110000654,57,1638,-1581
110000656,0,204,-204
110000674,11,11,0
110000675,10,3,7
110000676,7,29,-22
110000679,125,999,-874
110000682,94,155,-61
110000683,129,205,-76
110000684,0,12,-12
110000685,8,7,1
110000686,2,20,-18
110000687,13,4,9
110000688,56,1126,-1070
110000689,34,11,23
110000692,13,70,-57
110000693,16,223,-207
110000694,0,134,-134
110000695,125,315,-190
110000696,25,40,-15
110900001,266,46,220
110900002,246,113,133
110900003,752,225,527
110900004,423,38,385
110900005,1104,2458,-1354
110900006,56,21,35
110900007,152,53,99
110900008,4,19,-15
110900009,356,163,193
110900010,15,24,-9
110900011,18,61,-43
110900012,19,50,-31
110900013,887,99,788
110900014,124,5,119
110900015,245,571,-326
110900016,71,81,-10
110900017,492,48,444
110900018,291,37,254
110900019,252,12,240
110900020,90,90,0
110900021,59,182,-123
110900022,59,131,-72
110900023,25,267,-242
110900024,21,134,-113
110900025,8,42,-34
110900027,32,151,-119
110900028,35,79,-44
110900029,7,114,-107
110900030,37,122,-85
110900031,0,63,-63
110900032,0,26,-26
110900033,28,78,-50
110900035,16,412,-396
110900036,92,14,78
110900037,103,8,95
110900038,404,134,270
110900039,5,193,-188
110900040,213,25,188
110900041,24,47,-23
110900042,121,55,66
110900043,3,32,-29
110900044,196,22,174
110900045,48,148,-100
110900046,23,67,-44
110900047,243,290,-47
110900049,82,85,-3
110900050,40,3,37
110900051,43,111,-68
110900052,1,70,-69
110900053,122,11,111
110900054,29,73,-44
110900055,25,1,24
110900056,35,93,-58
110900057,2,43,-41
110900058,222,79,143
110900059,311,202,109
110900060,325,128,197
110900061,13,37,-24
110900062,153,77,76
110900063,40,49,-9
110900064,17,0,17
110900065,121,114,7
110900066,8,51,-43
110900067,115,536,-421
110900068,160,116,44
110900069,3,9,-6
110900070,116,38,78
110900071,189,569,-380
110900073,0,15,-15
110900074,556,68,488
110900075,411,47,364
110900077,887,399,488
110900078,66,19,47
110900079,1212,1143,69
110900080,127,76,51
110900081,3,25,-22
110900082,112,52,60
110900083,95,55,40
110900084,56,33,23
110900085,28,178,-150
110900086,82,312,-230
110900087,278,64,214
110900088,12,0,12
110900090,34,66,-32
110900091,0,18,-18
110900093,193,62,131
110900095,81,25,56
110900097,19,11,8
110900098,17,45,-28
110900099,26,172,-146
110900100,0,6,-6
110900102,57,7,50
110900105,508,100,408
110900108,15,12,3
110900111,317,60,257
110900112,659,11,648
110900113,252,37,215
110900115,7,33,-26
110900116,875,652,223
110900118,65,2792,-2727
110900119,1204,141,1063
110900120,36,28,8
110900121,136,1,135
110900122,439,162,277
110900125,386,381,5
110900127,366,1295,-929
110900128,288,456,-168
110900129,187,743,-556
110900130,476,570,-94
110900131,221,20,201
110900132,373,66,307
110900133,37,64,-27
110900135,43,125,-82
110900136,362,7,355
110900139,4,0,4
110900140,0,0,0
110900141,175,227,-52
110900142,51,69,-18
110900143,164,67,97
110900144,1,311,-310
110900145,186,83,103
110900146,170,230,-60
110900147,65,188,-123
110900148,3,178,-175
110900149,11,31,-20
110900150,26,11,15
110900151,2,65,-63
110900152,37,120,-83
110900153,129,49,80
111000001,690,408,282
111000002,654,356,298
111000003,1272,643,629
111000004,407,624,-217
111000005,1005,1190,-185
111000006,750,1442,-692
111000007,3288,2876,412
111000008,1448,2230,-782
111000009,272,587,-315
111000010,848,245,603
111000011,273,804,-531
111000012,446,347,99
111000013,315,760,-445
111000014,1276,449,827
111000017,134,807,-673
111000018,207,241,-34
111000020,1005,1345,-340
111000021,66,73,-7
111000023,66,45,21
111000025,5606,3150,2456
111000029,69,124,-55
111000030,29,78,-49
111000031,1650,725,925
111000032,501,270,231
111000033,197,229,-32
111000034,76,271,-195
111000037,860,425,435
111000038,2231,1380,851
111000039,1625,1456,169
111000040,1320,1301,19
111000041,680,679,1
111000042,1537,1515,22
111000043,1756,3097,-1341
111000044,1598,888,710
111000045,2446,2156,290
111000046,1563,1618,-55
111000047,2327,3855,-1528
111000049,428,354,74
111000050,812,757,55
111000051,414,530,-116
111000052,414,999,-585
111000053,244,514,-270
111000054,275,494,-219
111000055,1055,946,109
111000056,166,267,-101
111000057,96,306,-210
111000058,539,52,487
111000059,465,248,217
111000060,3222,731,2491
111000061,574,252,322
111000062,826,302,524
111000063,1450,750,700
111000064,847,426,421
111000065,1299,782,517
111000066,615,388,227
111000067,481,316,165
111000068,578,547,31
111000069,1138,1200,-62
111000070,638,559,79
111000071,162,338,-176
111000072,1394,568,826
111000073,292,970,-678
111000074,1285,1286,-1
111000075,789,404,385
111000076,537,392,145
111000077,1256,1271,-15
111000078,2094,1002,1092
111000079,926,418,508
111000080,429,369,60
111000081,1064,3163,-2099
111000082,652,457,195
111000084,735,326,409
111000085,785,761,24
111000086,1469,754,715
111000087,622,331,291
111000088,2746,2160,586
111000089,621,476,145
111000090,495,929,-434
111000091,582,250,332
111000092,1393,518,875
111000093,726,855,-129
111000094,1356,824,532
111000095,583,2027,-1444
111000096,718,6398,-5680
111000097,3282,1141,2141
111000098,609,627,-18
111000099,479,845,-366
111000100,406,640,-234
111000101,341,485,-144
111000102,250,273,-23
111000104,722,103,619
111000107,104,463,-359
111000109,650,134,516
111000110,1383,513,870
111000111,2631,296,2335
111000112,1809,456,1353
111000113,791,1523,-732
111000114,1483,3154,-1671
111000115,2941,829,2112
111000116,827,664,163
111000117,297,632,-335
111000118,838,509,329
111000119,1037,521,516
111000120,543,418,125
111000121,280,528,-248
111000122,527,750,-223
111000123,947,1320,-373
111000124,377,1117,-740
111000125,226,541,-315
111000126,109,406,-297
111000127,1040,105,935
111000128,1966,236,1730
111000129,2992,343,2649
111000130,2163,372,1791
111000131,1952,383,1569
111000132,1800,807,993
111000133,202,60,142
111000134,142,60,82
111000135,74,89,-15
111000136,324,228,96
111000138,18,2,16
111000140,2,24,-22
111000141,139,416,-277
111000142,24,434,-410
111000143,8,659,-651
111000144,157,3808,-3651
111000145,230,16,214
111000146,120,12,108
111000147,141,30,111
111000148,142,98,44
111000149,1,16,-15
111000150,27,11,16
111000151,0,9,-9
111000153,366,473,-107
111000154,365,136,229
111000155,88,141,-53
111000156,661,402,259
111000157,177,592,-415
111000158,616,602,14
111000159,3579,860,2719
111000160,544,494,50
111000161,24,583,-559
111000162,21,125,-104
111000163,719,528,191
111000164,565,2063,-1498
111000165,555,254,301
111000166,692,167,525
111000167,146,211,-65
111000168,196,314,-118
111000169,284,374,-90
111000170,246,217,29
111000171,402,356,46
111000172,161,199,-38
111000173,313,381,-68
111000174,182,133,49
111000175,67,182,-115
111000176,400,79,321
111000177,451,102,349
111000178,1552,191,1361
111000179,324,63,261
111000180,315,442,-127
111000181,1489,155,1334
111000182,219,127,92
111000183,190,207,-17
111000184,272,183,89
111000185,265,212,53
111000186,227,112,115
111000187,155,101,54
111000188,221,226,-5
111000189,507,314,193
111000190,137,200,-63
111000191,168,185,-17
111000192,150,273,-123
111000193,279,145,134
111000194,58,171,-113
111000195,110,177,-67
111000196,59,107,-48
111000197,434,85,349
111000198,438,41,397
111000199,274,89,185
111000200,461,229,232
111000201,714,130,584
111000202,342,137,205
111000203,439,207,232
111000204,366,1219,-853
111000213,171,343,-172
111000214,1079,826,253
111000215,932,826,106
111000217,1531,772,759
111000218,1307,852,455
111000219,348,126,222
111000220,626,421,205
111000221,365,69,296
111000224,26,149,-123
111000225,359,237,122
111000226,67,2,65
111000227,15,8,7
111000228,16,368,-352
111000229,36,962,-926
111000230,205,161,44
111000231,932,269,663
111000232,502,403,99
111000233,1198,410,788
111000234,189,422,-233
111000239,66,102,-36
111000240,65,189,-124
111000241,32,175,-143
111000242,228,40,188
111000243,115,214,-99
111000244,530,60,470
111000245,903,200,703
111000246,552,131,421
111000247,440,248,192
111000248,667,294,373
111000249,421,250,171
111000250,43,37,6
111000251,46,38,8
111000253,12,9,3
111000255,47,6,41
111000257,76,9,67
111000260,36,806,-770
111000261,1229,58,1171
111000271,39,197,-158
111000273,1849,769,1080
111000274,1265,1769,-504
111000275,192,40,152
111000276,253,733,-480
111000277,139,164,-25
111000278,549,183,366
111000291,708,6786,-6078
111000298,569,133,436
111000299,652,156,496
111000300,65,334,-269
111000302,323,49,274
111000303,60,112,-52
111000312,32,35,-3
111000315,5,75,-70
111000320,148,315,-167
111000321,406,96,310
111000322,272,232,40
111000323,364,24,340
111000324,296,140,156
111000325,43,49,-6
111000326,199,194,5
111000327,318,249,69
111000328,248,374,-126
111000329,1,21,-20
111000330,57,15,42
111000331,26,5,21
111000332,437,935,-498
111000334,264,642,-378
111000335,924,161,763
111000337,1390,159,1231
111000338,55,39,16
111000339,697,124,573
111000340,132,208,-76
111000341,1374,546,828
111000342,90,1708,-1618
111000344,1014,510,504
111000345,125,149,-24
111000346,26,325,-299
111000347,120,5,115
111000350,145,76,69
111000351,138,247,-109
111000352,182,50,132
111000353,149,145,4
111000354,463,86,377
111000355,386,230,156
111000358,125,388,-263
111000360,258,190,68
111000361,171,76,95
111000546,552,249,303
111000547,387,155,232
111000548,115,271,-156
111000549,354,102,252
111000550,46,698,-652
111000551,488,149,339
111000552,397,252,145
111000907,434,51,383
111000908,24,1,23
111000916,1663,127,1536
111000917,30,281,-251
111000918,194,242,-48
111000920,662,11,651
111000921,19,82,-63
111000922,451,149,302
111000924,27,345,-318
111000925,2785,1711,1074
111000926,981,937,44
111000927,2383,3722,-1339
111000928,3354,1643,1711
111000929,1607,1030,577
111000930,704,1237,-533
111000931,1859,2213,-354
111000932,2953,1226,1727
111000933,2842,2053,789
111000934,1508,1787,-279
111000935,1706,744,962
111000936,982,1098,-116
111000937,1287,1107,180
111000938,1088,670,418
111000939,606,26,580
111000940,464,58,406
111000941,296,151,145
111000943,673,249,424
111000944,162,161,1
111000945,56,608,-552
111001109,486,513,-27
111001110,188,300,-112
111001111,108,7,101
111001112,86,26,60
111001113,4,123,-119
111001114,356,180,176
111001115,28,942,-914
111001116,2000,3552,-1552
111001117,255,2090,-1835
111001120,115,147,-32
111001121,120,144,-24
111001122,230,166,64
111001123,343,78,265
111001124,143,51,92
111001125,2,116,-114
111001126,17,37,-20
111900001,5,65,-60
111900002,2,202,-200
111900003,2,156,-154
111900004,14,42,-28
111900006,16,46,-30
111900007,129,10,119
111900008,248,2,246
111900009,239,3,236
111900010,194,233,-39
111900012,44,42,2
111900013,23,13,10
111900014,2114,4570,-2456
111900015,0,16,-16
111900016,0,29,-29
111900017,0,36,-36
111900018,151,11,140
111900019,3,65,-62
111900020,4,17,-13
111900021,9,57,-48
111900022,5,33,-28
111900023,41,36,5
111900024,54,46,8
111900025,0,18,-18
111900026,0,37,-37
111900027,3,56,-53
111900028,0,114,-114
111900029,8,37,-29
111900030,19,175,-156
111900031,5,17,-12
111900032,0,93,-93
111900033,6,33,-27
111900034,148,251,-103
111900035,50,70,-20
111900036,0,82,-82
111900038,162,274,-112
111900039,31,131,-100
111900040,0,157,-157
111900042,15,82,-67
111900043,0,125,-125
111900044,103,109,-6
111900046,32,80,-48
111900048,323,228,95
111900049,23,143,-120
111900050,90,32,58
111900051,0,99,-99
111900052,201,268,-67
111900053,434,1492,-1058
111900054,88,5,83
111900055,6,139,-133
111900056,118,303,-185
111900057,120,14,106
111900058,564,226,338
111900059,975,725,250
111900060,269,4,265
111900061,2,76,-74
111900062,45,71,-26
111900063,305,383,-78
111900064,53,153,-100
111900065,100,18,82
111900066,102,125,-23
111900067,3,196,-193
111900068,46,67,-21
111900069,74,33,41
111900070,228,61,167
111900071,0,111,-111
111900072,54,23,31
111900073,1000,207,793
111900074,16,67,-51
111900075,103,20,83
111900076,189,77,112
111900077,34,5,29
111900078,282,40,242
111900079,57,32,25
111900080,166,179,-13
111900082,222,54,168
111900083,229,21,208
111900084,107,11,96
111900085,23,99,-76
111900086,44,5,39
111900087,76,1,75
111900088,644,32,612
111900089,166,6,160
111900090,60,75,-15
111900091,369,5,364
111900092,125,0,125
111900093,494,6,488
111900094,115,1,114
111900095,294,30,264
111900096,253,5,248
111900097,65,0,65
111900098,309,2,307
111900099,61,0,61
111900100,95,7,88
111900101,72,23,49
111900102,581,156,425
111900103,52,87,-35
111900104,113,58,55
111900105,202,164,38
111900106,342,30,312
111900110,714,233,481
111900111,179,52,127
111900112,319,3062,-2743
111900113,162,64,98
111900118,394,84,310
111900119,304,130,174
111900122,75,88,-13
111900123,21,35,-14
111900124,20,55,-35
111900125,458,62,396
111900126,268,3,265
111900127,1,221,-220
111900128,4,195,-191
111900129,251,3,248
111900130,177,46,131
111900131,609,2,607
111900132,19,272,-253
111900133,4,169,-165
111900134,5,106,-101
111900135,10,30,-20
111900136,63,133,-70
111900137,42,39,3
111900138,8,67,-59
111900139,8,84,-76
111900140,132,27,105
111900141,100,5,95
111900142,115,50,65
111900143,40,51,-11
111900144,0,28,-28
111900145,0,143,-143
111900146,2,78,-76
111900147,59,170,-111
111900148,14,292,-278
111900149,4,123,-119
111900150,24,68,-44
111900151,7,12,-5
111900152,75,88,-13
111900153,472,721,-249
111900154,36,409,-373
111900155,72,92,-20
111900156,91,101,-10
111900157,154,21,133
111900158,517,98,419
111900159,356,36,320
111900160,385,3,382
111900161,308,1,307
111900162,78,148,-70
111900163,16,127,-111
111900164,99,43,56
111901113,555,68,487
111901114,265,107,158
111901115,74,3,71
111901116,34,2,32
111901117,50,43,7
111901118,31,277,-246
111901119,198,31,167
111901121,63,59,4
111901122,0,197,-197
111901123,222,122,100
111901124,298,4,294
111901125,645,222,423
111901127,223,640,-417
111901128,2,66,-64
111901129,3,65,-62
111901130,4,44,-40
111901131,0,97,-97
111901132,67,21,46
111901133,48,1,47
111901134,105,4,101
111901135,24,11,13
111901136,7,49,-42
111901138,98,29,69
111901139,25,21,4
111901140,3,26,-23
111901141,7,56,-49
111901142,2,56,-54
111901143,0,31,-31
111901144,20,72,-52
111901145,76,264,-188
111901146,157,15,142
111901147,134,141,-7
111901148,6,40,-34
111901149,11,3,8
112000001,1773,523,1250
112000002,566,1303,-737
112000003,1614,959,655
112000004,489,310,179
112000005,3308,3390,-82
112000006,1226,805,421
112000007,3717,2451,1266
112000008,2105,3933,-1828
112000009,2043,1327,716
112000010,2653,3910,-1257
112000011,1149,806,343
112000012,2912,5163,-2251
112000013,2014,2564,-550
112000014,1511,3020,-1509
112000015,2371,2720,-349
112000016,2124,2066,58
112000017,647,2896,-2249
112000024,1326,505,821
112000026,1722,1752,-30
112000027,549,562,-13
112000028,771,781,-10
112000029,577,654,-77
112000030,125,32,93
112000031,1114,3830,-2716
112000032,171,28,143
112000033,1284,2473,-1189
112000034,160,25,135
112000035,56,433,-377
112000036,300,886,-586
112000037,488,752,-264
112000038,858,1087,-229
112000039,109,32,77
112000040,44,103,-59
112000041,272,292,-20
112000042,654,343,311
112000050,1027,1013,14
112000051,977,1514,-537
112000054,947,919,28
112000057,454,274,180
112000058,207,423,-216
112000059,388,511,-123
112000061,1720,894,826
112000062,645,812,-167
112000063,333,1977,-1644
112000064,1901,2445,-544
112000065,1000,1578,-578
112000066,2638,1353,1285
112000067,481,473,8
112000068,2739,2553,186
112000069,383,1362,-979
112000070,1573,689,884
112000071,867,1690,-823
112000072,2269,631,1638
112000073,1156,1549,-393
112000074,1189,932,257
112000075,1213,1069,144
112000076,2675,1939,736
112000077,705,277,428
112000078,1593,367,1226
112000079,1375,931,444
112000080,711,479,232
112000081,1007,1719,-712
112000082,869,603,266
112000083,475,718,-243
112000084,1044,536,508
112000085,1330,524,806
112000086,1580,565,1015
112000087,622,250,372
112000088,818,164,654
112000089,294,240,54
112000090,236,196,40
112000091,493,468,25
112000092,2256,855,1401
112000093,1575,518,1057
112000094,699,604,95
112000095,659,519,140
112000096,573,471,102
112000097,1320,636,684
112000098,467,359,108
112000099,634,1694,-1060
112000100,1802,579,1223
112000101,557,454,103
112000102,1425,439,986
112000103,334,392,-58
112000105,496,601,-105
112000106,1784,365,1419
112000107,120,113,7
112000108,371,760,-389
112000109,236,73,163
112000110,1809,505,1304
112000111,468,1402,-934
112000112,1952,387,1565
112000113,501,776,-275
112000114,1933,606,1327
112000115,357,206,151
112000116,485,551,-66
112000117,868,527,341
112000118,777,514,263
112000119,338,365,-27
112000120,55,228,-173
112000121,152,233,-81
112000122,307,89,218
112000123,820,99,721
112000124,509,83,426
112000125,297,226,71
112000126,345,205,140
112000127,1107,2459,-1352
112000128,333,407,-74
112000129,97,69,28
112000130,197,84,113
112000131,43,105,-62
112000132,160,129,31
112000133,342,81,261
112000134,425,218,207
112000135,1046,433,613
112000136,561,657,-96
112000137,1172,1166,6
112000138,742,577,165
112000139,499,646,-147
112000140,352,706,-354
112000141,833,349,484
112000142,149,282,-133
112000143,1193,194,999
112000144,253,561,-308
112000145,2671,504,2167
112000146,484,973,-489
112000147,2578,1426,1152
112000148,1118,979,139
112000149,382,279,103
112000150,282,221,61
112000151,322,142,180
112000152,518,247,271
112000153,142,147,-5
112000154,94,193,-99
112000155,151,78,73
112000157,392,561,-169
112000158,248,188,60
112000159,645,246,399
112000167,250,120,130
112000169,181,321,-140
112000173,846,170,676
112000175,323,184,139
112000176,995,1218,-223
112000177,743,230,513
112000178,62,168,-106
112000179,224,70,154
112000180,228,227,1
112000181,985,897,88
112000182,1510,580,930
112000183,20,14,6
112000184,482,136,346
112000185,588,253,335
112000187,3313,2070,1243
112000195,98,12,86
112000196,225,0,225
112000197,143,207,-64
112000198,55,244,-189
112000199,549,682,-133
112000202,501,3,498
112000216,43,176,-133
112000230,102,7,95
112000231,3,101,-98
112000256,86,248,-162
112000313,31,63,-32
112000314,47,41,6
112000337,205,438,-233
112000352,180,263,-83
112000392,1007,750,257
112000398,1653,675,978
112000399,929,2640,-1711
112000400,1100,1017,83
112000401,1812,958,854
112000402,3147,3628,-481
112000403,1148,3631,-2483
112000404,1138,993,145
112000405,2156,2827,-671
112000406,1749,907,842
112000407,8014,7462,552
112000408,4361,2729,1632
112000409,1173,1909,-736
112000410,260,385,-125
112000411,2027,1589,438
112000412,862,421,441
112000413,3782,6364,-2582
112000414,104,25,79
112000415,82,19,63
112000416,2971,992,1979
112000417,281,51,230
112000421,77,32,45
112000422,284,135,149
112000424,867,2674,-1807
112000425,331,364,-33
112000426,108,221,-113
112000427,0,8,-8
112000428,273,161,112
112000429,1573,1371,202
112000430,2036,2179,-143
112000431,124,102,22
112000432,422,445,-23
112000433,175,382,-207
112000437,54,84,-30
112900001,66,2,64
112900002,604,351,253
112900003,77,146,-69
112900004,59,134,-75
112900005,211,94,117
112900006,23,179,-156
112900007,77,153,-76
112900008,0,80,-80
112900009,320,127,193
112900010,480,431,49
112900011,84,104,-20
112900012,6,38,-32
112900013,2,64,-62
112900014,2,75,-73
112900015,181,357,-176
112900016,2,118,-116
112900017,36,89,-53
112900018,0,83,-83
112900019,25,92,-67
112900020,235,518,-283
112900021,5,85,-80
112900022,14,42,-28
112900023,0,73,-73
112900024,19,152,-133
112900025,72,141,-69
112900026,7,68,-61
112900027,1,329,-328
112900028,27,99,-72
112900029,9,244,-235
112900030,59,70,-11
112900031,1,162,-161
112900032,126,164,-38
112900034,1,14,-13
112900035,1,183,-182
112900036,15,85,-70
112900037,137,197,-60
112900038,730,89,641
112900039,9,145,-136
112900040,9,291,-282
112900041,270,789,-519
112900042,63,135,-72
112900043,33,40,-7
112900044,281,235,46
112900045,113,153,-40
112900046,129,42,87
112900047,5,11,-6
112900049,300,57,243
112900050,18,349,-331
112900051,152,286,-134
112900052,3,271,-268
112900053,77,113,-36
112900054,133,50,83
112900055,61,29,32
112900056,253,234,19
112900057,17,359,-342
112900058,269,281,-12
112900059,100,215,-115
112900060,43,79,-36
112900061,82,94,-12
112900062,66,95,-29
112900063,42,11,31
112900064,96,126,-30
112900065,28,29,-1
112900066,196,208,-12
112900067,199,70,129
112900068,28,44,-16
112900069,1127,792,335
112900071,61,11,50
112900072,81,2124,-2043
112900073,369,186,183
112900074,76,269,-193
112900075,656,974,-318
112900076,23,38,-15
112900078,332,358,-26
112900079,186,23,163
112900080,106,8,98
112900081,44,218,-174
112900082,711,39,672
112900083,134,161,-27
112900084,264,161,103
112900086,107,4,103
112900087,798,112,686
112900088,174,15,159
112900089,849,70,779
112900090,86,65,21
112900091,260,11,249
112900092,62,459,-397
112900093,938,32,906
112900095,85,0,85
112900096,605,160,445
112900097,76,115,-39
112900098,49,0,49
112900099,1020,36,984
112900100,60,3,57
112900101,359,3,356
112900102,105,28,77
112900103,224,3,221
112900104,133,2,131
112900105,30,1,29
112900106,372,88,284
112900107,3,2,1
112900108,8,1,7
112900109,162,3,159
112900110,1582,41,1541
112900111,761,2,759
112900112,289,5,284
112900113,0,10,-10
112900114,193,8,185
112900115,1779,6,1773
112900116,147,31,116
112900117,53,24,29
112900118,8,73,-65
112900119,155,3,152
112900120,395,173,222
112900121,22,80,-58
112900122,10,56,-46
112900123,89,23,66
112900124,11,67,-56
112900125,14,256,-242
112900126,94,100,-6
112900127,346,101,245
112900128,75,331,-256
112900129,3,371,-368
112900130,148,74,74
112900131,24,123,-99
112900132,53,210,-157
112900133,24,533,-509
112900134,1,92,-91
112900135,91,46,45
112900137,3,259,-256
112900138,2,82,-80
112900139,102,460,-358
112900141,706,36,670
112900142,68,168,-100
112900143,12,158,-146
112900144,0,101,-101
112900145,50,272,-222
112900146,2,341,-339
112900147,4,531,-527
112900148,60,3,57
112900149,148,229,-81
112900151,12,41,-29
112900152,2218,420,1798
112900153,847,2317,-1470
112900154,2,37,-35
112900155,269,28,241
112900156,396,595,-199
112900157,444,43,401
112900158,92,9,83
112900159,138,129,9
112900160,34,126,-92
112900161,104,43,61
112900162,10,18,-8
112900163,43,48,-5
112900164,26,113,-87
112900165,51,32,19
112900166,7,67,-60
112900167,1,59,-58
112900168,2,2,0
112900169,7,11,-4
112900170,82,21,61
112900172,30,13,17
112900173,109,70,39
112900174,238,43,195
112900175,101,174,-73
112900176,7,36,-29
112900177,164,52,112
112900178,591,1958,-1367
112900179,19,299,-280
112900180,1461,1144,317
112900181,661,3,658
112900182,36,332,-296
112900183,67,186,-119
112900184,272,399,-127
112900185,101,492,-391
112900186,721,1068,-347
112900187,53,439,-386
112900188,464,1441,-977
112900189,8,5,3
112900190,9,14,-5
112900192,524,589,-65
112900193,872,328,544
112900194,76,32,44
112900195,725,38,687
112900196,297,203,94
112900197,119,198,-79
112900199,765,283,482
112900200,518,85,433
112900201,189,73,116
112900202,495,376,119
112900203,326,105,221
112900204,535,488,47
112900205,18,39,-21
112900206,24,116,-92
112900207,18,1,17
112900208,73,275,-202
112900209,241,228,13
112900210,0,36,-36
112900211,63,3,60
112900212,0,49,-49
112900213,65,22,43
112900214,13,24,-11
112900215,30,56,-26
112900216,15,31,-16
112900217,0,62,-62
112900218,70,24,46
112900219,93,2,91
112900220,0,0,0
112900221,70,95,-25
112900222,0,31,-31
112900223,881,21,860
112900224,382,199,183
112900225,422,173,249
112900226,130,195,-65
112900227,1000,405,595
112900228,68,26,42
112900229,382,21,361
112900230,4577,2375,2202
112900232,273,313,-40
112900233,91,82,9
112900234,15,30,-15
112900235,58,15,43
112900236,303,7,296
112900237,211,77,134
112900238,5,11,-6
112900239,372,497,-125
112900240,12,17,-5
112900241,2,21,-19
112900242,8,48,-40
112900243,6,45,-39
112900244,9,28,-19
112900245,6,43,-37
112900246,0,3,-3
112900247,41,12,29
112900248,0,0,0
112900249,10,1,9
112900250,33,5,28
112900251,59,3,56
112900252,39,3,36
112900253,42,5,37
112900254,16,2,14
112900255,2,21,-19
112900256,2,32,-30
112900257,10,49,-39
112900258,12,2,10
113000001,4754,3761,993
113000002,3098,2511,587
113000003,1429,1062,367
113000004,919,1467,-548
113000005,1541,889,652
113000006,870,973,-103
113000007,2016,898,1118
113000008,1385,1121,264
113000009,1160,506,654
113000010,881,712,169
113000011,699,755,-56
113000012,1389,467,922
113000013,864,627,237
113000014,671,1005,-334
113000015,136,124,12
113000016,213,565,-352
113000017,39,232,-193
113000018,306,26,280
113000019,91,166,-75
113000020,387,56,331
113000021,947,418,529
113000022,556,968,-412
113000025,101,238,-137
113000026,418,406,12
113000027,326,624,-298
113000028,466,755,-289
113000029,713,616,97
113000030,160,358,-198
113000031,120,205,-85
113000032,164,258,-94
113000033,141,340,-199
113000034,180,138,42
113000035,24,10,14
113000036,17,21,-4
113000037,48,10,38
113000038,7,35,-28
113000039,31,335,-304
113000040,39,110,-71
113000042,572,375,197
113000051,768,1527,-759
113000052,1744,510,1234
113000053,448,271,177
113000054,362,430,-68
113000055,1209,299,910
113000056,1213,708,505
113000058,460,608,-148
113000059,699,324,375
113000060,287,443,-156
113000061,397,625,-228
113000062,333,271,62
113000063,264,49,215
113000064,71,117,-46
113000065,160,359,-199
113000066,787,125,662
113000067,2364,732,1632
113000068,384,506,-122
113000069,480,473,7
113000070,2231,703,1528
113000071,392,321,71
113000072,863,361,502
113000073,299,1093,-794
113000074,762,349,413
113000075,1303,648,655
113000076,448,2119,-1671
113000077,486,667,-181
113000078,385,1447,-1062
113000079,329,891,-562
113000080,442,600,-158
113000081,450,516,-66
113000082,563,524,39
113000083,481,682,-201
113000084,1275,746,529
113000085,745,515,230
113000086,618,743,-125
113000087,681,884,-203
113000088,1450,961,489
113000089,617,1298,-681
113000090,207,546,-339
113000091,259,353,-94
113000094,943,244,699
113000095,197,499,-302
113000096,65,551,-486
113000097,851,372,479
113000098,104,39,65
113000099,807,350,457
113000100,83,347,-264
113000101,165,494,-329
113000102,533,443,90
113000103,1452,267,1185
113000104,509,1950,-1441
113000105,796,310,486
113000106,308,204,104
113000107,910,724,186
113000108,623,578,45
113000109,471,979,-508
113000110,2290,416,1874
113000111,206,543,-337
113000112,351,188,163
113000113,865,310,555
113000114,175,1007,-832
113000116,409,234,175
113000117,674,95,579
113000118,43,424,-381
113000119,271,199,72
113000120,67,293,-226
113000121,277,691,-414
113000124,260,96,164
113000125,27,645,-618
113000127,1306,149,1157
113000128,573,184,389
113000129,336,429,-93
113000133,1461,562,899
113000134,3,814,-811
113000135,3338,3704,-366
113000137,854,2770,-1916
113000139,183,202,-19
113000140,61,121,-60
113000141,67,118,-51
113000142,133,576,-443
113000143,146,101,45
113000144,178,292,-114
113000145,118,103,15
113000146,77,41,36
113000147,137,63,74
113000148,220,58,162
113000149,96,126,-30
113000150,387,235,152
113000151,47,41,6
113000152,47,116,-69
113000153,618,274,344
113000154,448,1015,-567
113000155,261,466,-205
113000156,103,194,-91
113000157,143,380,-237
113000158,462,169,293
113000159,669,486,183
113000160,402,386,16
113000161,311,163,148
113000162,686,274,412
113000163,97,39,58
113000164,28,37,-9
113000166,194,70,124
113000167,54,75,-21
113000168,73,78,-5
113000169,212,40,172
113000170,80,63,17
113000171,39,73,-34
113000172,253,57,196
113000173,59,25,34
113000174,135,151,-16
113000175,414,72,342
113000176,421,89,332
113000177,134,199,-65
113000178,98,166,-68
113000179,306,131,175
113000180,453,825,-372
113000181,1094,718,376
113000182,114,287,-173
113000183,93,398,-305
113000184,4,49,-45
113000189,207,409,-202
113000190,198,227,-29
113000192,563,3652,-3089
113000193,1330,2570,-1240
113000194,585,1345,-760
113000195,803,1666,-863
113000196,205,59,146
113000197,903,1316,-413
113000198,77,181,-104
113000199,997,266,731
113000201,166,377,-211
113000202,4712,857,3855
113000203,60,192,-132
113000204,401,2820,-2419
113000205,7,10,-3
113000206,8,37,-29
113000207,52,8,44
113000208,21,24,-3
113000209,21,7,14
113000210,5,39,-34
113000211,94,272,-178
113000212,44,32,12
113000213,12,95,-83
113000214,99,254,-155
113000234,152,549,-397
113000410,79,193,-114
113000411,1332,2495,-1163
113000412,3175,1340,1835
113000413,779,2255,-1476
113000414,2389,8905,-6516
113000415,1189,1315,-126
113000416,2774,1938,836
113000417,1144,1422,-278
113000418,3722,3157,565
113000419,1055,1540,-485
113000420,2286,4514,-2228
113000421,2890,4926,-2036
113000422,6084,7075,-991
113000423,1086,4030,-2944
113000424,1349,7335,-5986
113000425,6,81,-75
113000428,53,43,10
113000430,13,119,-106
113000432,2031,166,1865
113000433,63,331,-268
113000434,14,64,-50
113000435,29,157,-128
113000436,12,391,-379
113000437,1048,24,1024
113000438,311,6,305
113000439,15,45,-30
113000440,145,34,111
113000441,262,103,159
113000442,151,51,100
113000443,313,83,230
113000444,242,44,198
113000445,88,48,40
113000446,52,66,-14
113000448,361,152,209
113000449,81,531,-450
113000450,407,1280,-873
113000451,1513,194,1319
113000452,88,390,-302
113000453,63,462,-399
113000454,233,93,140
113000455,24,760,-736
113000456,1598,1674,-76
113000468,721,75,646
113000469,35,76,-41
113000470,303,16,287
113000471,11,216,-205
113000472,59,177,-118
113000474,972,567,405
113000475,925,878,47
113000476,1457,1572,-115
113000477,3348,1423,1925
113000478,2467,2495,-28
113000479,106,78,28
113000484,0,0,0
113000485,0,0,0
113000486,0,0,0
113000487,0,0,0
113000488,2,1,1
113000489,0,0,0
113000490,0,1,-1
113000491,5,7,-2
113000492,2,2,0
113000493,0,0,0
113000495,163,84,79
113000496,133,85,48
113000499,0,0,0
113900001,3,366,-363
113900002,1,19,-18
113900003,0,44,-44
113900004,0,100,-100
113900005,0,126,-126
113900006,0,17,-17
113900007,58,17,41
113900008,17,1,16
113900009,20,1,19
113900010,24,0,24
113900011,66,3,63
113900012,49,0,49
113900013,54,2,52
113900014,461,10,451
113900015,0,18,-18
113900016,31,0,31
113900017,4,43,-39
113900018,201,224,-23
113900019,164,32,132
113900020,132,1,131
113900022,49,1,48
113900023,41,2,39
113900024,33,26,7
113900025,105,7,98
113900026,58,0,58
113900027,6,65,-59
113900028,37,226,-189
113900029,105,68,37
113900030,267,5,262
113900031,22,8,14
113900032,26,0,26
113900033,96,36,60
113900035,40,0,40
113900036,18,61,-43
113900037,203,181,22
113900038,31,115,-84
113900039,140,20,120
113900040,27,38,-11
113900041,8,13,-5
113900042,47,19,28
113900043,145,65,80
113900044,194,311,-117
113900045,81,1,80
113900046,172,515,-343
113900047,42,74,-32
113900048,80,83,-3
113900049,239,273,-34
113900050,204,224,-20
113900051,135,160,-25
113900052,78,53,25
113900053,533,579,-46
113900054,13,1,12
113900055,106,245,-139
113900056,38,111,-73
113900057,4,39,-35
113900058,74,50,24
113900059,192,160,32
113900060,49,95,-46
113900061,355,154,201
113900062,97,17,80
113900063,66,75,-9
113900064,9,54,-45
113900065,391,15,376
113900066,356,133,223
113900067,171,65,106
113900068,340,476,-136
113900069,42,24,18
113900070,96,226,-130
113900071,57,47,10
113900072,36,66,-30
113900073,264,284,-20
113900074,99,77,22
113900075,810,1230,-420
113900076,114,10,104
113900077,52,94,-42
113900078,37,28,9
113900079,6,11,-5
113900080,485,144,341
113900081,47,86,-39
113900082,84,125,-41
113900083,417,113,304
113900084,177,97,80
113900085,41,139,-98
113900086,34,9,25
113900087,108,63,45
113900088,78,68,10
113900089,279,40,239
113900090,449,258,191
113900091,21,6,15
113900092,15,59,-44
113900093,58,655,-597
113900094,385,138,247
113900095,109,116,-7
113900096,222,67,155
113900097,16,38,-22
113900098,696,92,604
113900099,2,26,-24
113900100,0,0,0
113900101,6,54,-48
113900102,56,120,-64
113900103,197,228,-31
113900104,124,220,-96
113900105,119,44,75
113900106,2,12,-10
113900107,0,7,-7
113900108,132,203,-71
113900109,196,180,16
113900110,47,13,34
113900111,280,131,149
113900112,123,30,93
113900113,659,345,314
113900114,1,23,-22
113900115,1,25,-24
113900116,57,148,-91
113900117,35,10,25
113900118,100,287,-187
113900119,72,370,-298
113900120,91,31,60
113900121,65,64,1
113900122,264,2088,-1824
113900123,339,163,176
113900124,0,36,-36
113900125,486,117,369
113900126,74,39,35
113900127,282,591,-309
113900128,143,43,100
113900129,3,164,-161
113900130,3,86,-83
113900131,197,43,154
113900132,42,53,-11
113900133,8,36,-28
113900135,304,190,114
113900136,66,43,23
113900137,271,255,16
113900138,30,177,-147
113900139,106,148,-42
113900140,31,265,-234
113900141,457,134,323
113900142,125,39,86
113900143,5,28,-23
113900144,56,194,-138
113900145,256,68,188
113900146,130,18,112
113900148,57,239,-182
113900149,132,67,65
113900150,177,232,-55
113900151,230,103,127
113900152,38,43,-5
113900153,69,308,-239
113900154,3,94,-91
113900155,98,173,-75
113900156,187,221,-34
113900157,23,253,-230
113900158,81,248,-167
113900159,9,187,-178
113900160,273,308,-35
113900161,104,237,-133
113900162,118,403,-285
113900163,137,214,-77
113900164,335,30,305
113900165,468,281,187
113900166,57,105,-48
113900167,311,14,297
113900168,49,47,2
113900169,104,212,-108
113900171,185,42,143
113900172,4,48,-44
113900173,15,211,-196
113900174,396,354,42
113900175,272,85,187
113900176,183,204,-21
113900177,263,124,139
113900178,156,128,28
113900179,22,192,-170
113900180,131,105,26
113900181,582,133,449
113900182,557,443,114
113900183,35,72,-37
113900184,6,219,-213
113900185,107,89,18
113900186,30,17,13
113900187,21,79,-58
113900188,43,68,-25
113900189,247,120,127
113900190,114,49,65
113900191,80,71,9
113900192,1,391,-390
113900193,10,64,-54
113900194,792,521,271
113900195,180,270,-90
113900196,2,76,-74
113900197,1,52,-51
113900198,17,301,-284
113900199,34,340,-306
113900200,7,89,-82
113900201,0,57,-57
113900202,13,123,-110
113900203,0,23,-23
113900204,14,200,-186
113900205,5,75,-70
113900206,1,103,-102
113900207,1,35,-34
113900208,1,25,-24
113900209,0,17,-17
113900210,311,414,-103
113900211,144,53,91
113900212,165,185,-20
113900214,248,313,-65
113900215,61,44,17
113900216,153,194,-41
113900217,79,101,-22
113900218,130,66,64
113900219,76,356,-280
113900220,117,116,1
113900221,177,190,-13
113900222,91,407,-316
113900223,215,287,-72
113900224,27,45,-18
113900225,198,68,130
113900226,339,88,251
113900227,262,141,121
113900228,184,470,-286
113900229,39,647,-608
113900230,1583,2307,-724
113900231,126,83,43
113900232,147,63,84
113900233,81,32,49
113900234,258,288,-30
113900235,90,29,61
113900236,298,143,155
113900237,159,10,149
113900238,153,419,-266
113900239,32,116,-84
113900240,5,197,-192
113900241,76,29,47
113900242,25,118,-93
113900243,46,258,-212
113900244,87,128,-41
113900245,523,243,280
113900246,11,27,-16
113900247,85,480,-395
113900248,1233,1127,106
113900249,333,390,-57
113900250,13,130,-117
113900251,733,77,656
113900252,541,15,526
113900253,548,56,492
113900254,576,107,469
113900255,446,20,426
113900256,278,20,258
113900257,6,262,-256
113900258,34,169,-135
113900259,504,89,415
113900260,209,11,198
113900261,26,39,-13
113900262,98,274,-176
113900263,64,323,-259
113900264,1,178,-177
113900265,82,194,-112
113900266,31,114,-83
113900267,67,479,-412
113900268,189,268,-79
113900269,73,86,-13
113900270,106,527,-421
113900271,549,362,187
113900273,19,12,7
113900274,41,23,18
113900275,11,59,-48
113900276,1,66,-65
113900277,144,2,142
113900278,156,150,6
113900279,34,40,-6
113900280,1380,468,912
113900281,344,1121,-777
113900282,205,340,-135
113900283,350,447,-97
113900284,677,95,582
113900285,100,12,88
113900286,27,34,-7
113900287,57,33,24
113900288,0,59,-59
113900289,234,92,142
113900290,125,190,-65
113900291,39,111,-72
113900292,6,5,1
113900293,3,107,-104
113900294,450,12,438
113900295,254,222,32
113900296,1111,295,816
113900297,2171,29,2142
113900298,18,862,-844
113900299,147,43,104
113900300,2462,2968,-506
113900301,475,301,174
113900302,1171,837,334
113900303,180,436,-256
113900304,2,61,-59
113900305,121,0,121
113900306,66,0,66
113900307,8,1,7
113900308,49,60,-11
113900309,1,244,-243
113900310,0,6,-6
113900311,15,0,15
113900312,125,239,-114
113900313,4,1,3
114000001,629,1280,-651
114000002,241,201,40
114000003,46,114,-68
114000004,305,164,141
114000005,203,110,93
114000006,945,943,2
114000007,454,757,-303
114000008,1008,1474,-466
114000009,783,154,629
114000011,2412,1483,929
114000012,2538,978,1560
114000013,1515,737,778
114000014,269,99,170
114000015,1543,190,1353
114000016,155,97,58
114000017,83,325,-242
114000018,71,20,51
114000026,2046,602,1444
114000027,3380,1420,1960
114000028,1646,2303,-657
114000038,170,57,113
114000039,64,14,50
114000040,141,145,-4
114000042,148,83,65
114000043,32,26,6
114000044,281,14,267
114000045,18,16,2
114000046,1530,2631,-1101
114000047,6,39,-33
114000048,66,30,36
114000049,1136,1027,109
114000050,1184,1181,3
114000051,2010,1427,583
114000052,2750,1627,1123
114000053,47,529,-482
114000054,96,481,-385
114000055,118,18,100
114000056,194,838,-644
114000057,2802,1565,1237
114000058,78,713,-635
114000059,34,296,-262
114000060,311,496,-185
114000061,1550,2179,-629
114000062,462,1407,-945
114000063,916,800,116
114000064,1507,2344,-837
114000065,1005,1511,-506
114000066,368,453,-85
114000067,37,580,-543
114000068,359,574,-215
114000069,665,423,242
114000070,1606,1473,133
114000071,502,270,232
114000072,338,87,251
114000073,18,17,1
114000074,40,12,28
114000075,67,43,24
114000076,10,19,-9
114000077,6,10,-4
114000078,191,193,-2
114000079,164,10,154
114000080,30,49,-19
114000081,75,65,10
114000082,25,149,-124
114000083,47,63,-16
114000084,219,56,163
114000085,63,204,-141
114000086,154,89,65
114000087,108,42,66
114000088,24,15,9
114000089,246,133,113
114000090,710,702,8
114000091,909,665,244
114000092,524,267,257
114000093,1118,454,664
114000094,279,173,106
114000095,184,129,55
114000096,56,148,-92
114000097,111,224,-113
114000098,482,68,414
114000099,638,185,453
114000100,1409,358,1051
114000101,407,253,154
114000102,515,234,281
114000103,125,138,-13
114000104,19,83,-64
114000105,122,55,67
114000106,559,1121,-562
114000107,421,95,326
114000108,678,579,99
114000109,478,1349,-871
114000110,421,649,-228
114000111,1745,777,968
114000112,425,1166,-741
114000113,1344,487,857
114000114,682,740,-58
114000115,1978,955,1023
114000116,746,2214,-1468
114000117,3437,440,2997
114000118,2650,432,2218
114000119,1909,339,1570
114000120,470,470,0
114000121,422,605,-183
114000122,413,265,148
114000123,1745,313,1432
114000124,939,260,679
114000125,810,756,54
114000126,1455,215,1240
114000127,204,108,96
114000128,696,155,541
114000130,452,347,105
114000131,263,70,193
114000132,404,244,160
114000133,420,695,-275
114000134,50,46,4
114000138,32,85,-53
114000139,272,366,-94
114000144,542,549,-7
114000145,47,73,-26
114000146,67,94,-27
114000147,1116,2145,-1029
114000148,1170,1551,-381
114000149,216,224,-8
114000150,210,388,-178
114000151,436,1369,-933
114000152,66,26,40
114000153,328,1269,-941
114000154,471,339,132
114000155,934,1920,-986
114000156,540,408,132
114000157,201,1016,-815
114000158,641,464,177
114000159,127,278,-151
114000160,66,336,-270
114000161,832,2145,-1313
114000162,948,2035,-1087
114000163,19,32,-13
114000165,502,368,134
114000166,548,355,193
114000167,1695,1093,602
114000168,321,354,-33
114000169,852,1288,-436
114000170,774,1110,-336
114000171,1105,4727,-3622
114000174,126,309,-183
114000176,277,447,-170
114000177,923,430,493
114000178,35,40,-5
114000179,823,598,225
114000180,220,374,-154
114000181,1360,3376,-2016
114000182,1052,1680,-628
114000183,470,572,-102
114000184,1521,498,1023
114000185,970,571,399
114000189,1087,144,943
114000190,2951,466,2485
114000191,54,99,-45
114000192,91,786,-695
114000193,248,1064,-816
114000194,1201,540,661
114000195,164,47,117
114000196,4,63,-59
114000197,1745,54,1691
114000198,527,299,228
114000199,1322,1732,-410
114000200,447,655,-208
114000201,115,409,-294
114000202,655,394,261
114000203,495,442,53
114000204,224,323,-99
114000205,87,690,-603
114000206,560,864,-304
114000207,380,674,-294
114000208,380,988,-608
114000209,273,989,-716
114000210,127,501,-374
114000211,1035,891,144
114000212,699,665,34
114000213,1274,349,925
114000214,85,65,20
114000215,164,38,126
114000216,1294,182,1112
114000217,410,112,298
114000218,169,96,73
114000219,1176,95,1081
114000220,25,375,-350
114000221,788,112,676
114000222,122,427,-305
114000223,563,98,465
114000224,46,296,-250
114000225,260,289,-29
114000226,199,194,5
114000227,703,368,335
114000228,741,373,368
114000229,1083,877,206
114000230,1448,687,761
114000231,899,1078,-179
114000232,802,126,676
114000233,2290,94,2196
114000234,955,497,458
114000235,960,861,99
114000236,0,254,-254
114000237,81,500,-419
114000238,78,207,-129
114000239,149,596,-447
114000240,601,686,-85
114000241,210,488,-278
114000242,552,409,143
114000243,1493,690,803
114000244,435,225,210
114000245,364,577,-213
114000246,92,41,51
114000247,476,429,47
114000248,1093,515,578
114000249,434,274,160
114000250,587,316,271
114000251,442,178,264
114000252,34,21,13
114000253,35,31,4
114000254,35,31,4
114000255,301,131,170
114000256,281,1598,-1317
114000257,259,629,-370
114000258,223,168,55
114000259,88,139,-51
114000260,1,17,-16
114000261,49,19,30
114000262,198,53,145
114000263,9,3,6
114000264,868,245,623
114000265,0,1,-1
114000267,3,1180,-1177
114000268,0,508,-508
114000270,309,1,308
114000271,256,44,212
114000283,1098,248,850
114000285,21,86,-65
114000288,111,143,-32
114000289,1267,108,1159
114000293,163,318,-155
114000294,158,174,-16
114000395,919,20,899
114000396,582,513,69
114000402,649,175,474
114000403,278,134,144
114000405,152,210,-58
114000423,450,166,284
114000424,345,62,283
114000425,850,131,719
114000426,255,661,-406
114000427,66,48,18
114000428,108,191,-83
114000429,8,130,-122
114000432,75,40,35
114000434,19,40,-21
114000435,0,85,-85
114900001,460,297,163
114900002,279,61,218
114900003,623,463,160
114900004,191,402,-211
114900005,469,254,215
114900006,63,79,-16
114900007,309,28,281
114900008,133,86,47
114900010,786,1139,-353
114900011,207,103,104
114900013,226,91,135
114900015,71,467,-396
114900018,805,50,755
114900020,139,54,85
114900022,17,326,-309
114900024,182,47,135
114900025,386,131,255
114900026,84,96,-12
114900027,138,101,37
114900029,150,25,125
114900030,221,104,117
114900031,341,18,323
114900032,348,16,332
114900033,423,849,-426
114900034,48,54,-6
114900035,133,204,-71
114900036,101,200,-99
114900037,77,22,55
114900038,172,197,-25
114900039,394,189,205
114900040,72,48,24
114900041,762,148,614
114900042,965,204,761
114900043,260,109,151
114900044,144,32,112
114900046,38,32,6
114900047,181,1996,-1815
114900048,78,151,-73
114900049,24,109,-85
114900050,38,88,-50
114900051,17,132,-115
114900052,29,141,-112
114900053,43,172,-129
114900054,18,48,-30
114900057,202,20,182
114900058,0,36,-36
114900059,70,85,-15
114900060,278,533,-255
114900061,74,43,31
114900062,152,201,-49
114900063,59,70,-11
114900064,1587,145,1442
114900065,427,467,-40
114900067,17,249,-232
114900068,23,130,-107
114900069,116,71,45
114900070,403,165,238
114900072,2,153,-151
114900073,0,67,-67
114900074,667,206,461
114900075,318,8,310
114900076,0,176,-176
114900080,836,201,635
114900082,1740,2037,-297
114900083,455,664,-209
114900090,261,177,84
114900091,109,124,-15
114900095,197,56,141
114900096,203,261,-58
114900097,214,0,214
114900098,1,94,-93
114900099,206,11,195
115000001,3161,1651,1510
115000002,3249,4350,-1101
115000003,2816,1351,1465
115000004,4151,5025,-874
115000005,1359,1290,69
115000006,1071,1188,-117
115000007,278,171,107
115000008,307,422,-115
115000009,206,151,55
115000010,214,143,71
115000013,49,148,-99
115000015,47,231,-184
115000016,39,227,-188
115000019,32,328,-296
115000020,90,785,-695
115000021,198,328,-130
115000022,480,254,226
115000023,226,511,-285
115000024,795,265,530
115000025,735,615,120
115000026,171,245,-74
115000027,283,239,44
115000028,134,489,-355
115000029,574,55,519
115000030,548,807,-259
115000031,1021,194,827
115000032,6,193,-187
115000033,161,34,127
115000034,48,817,-769
115000035,951,51,900
115000036,0,287,-287
115000037,514,8,506
115000038,40,128,-88
115000039,2257,2633,-376
115000040,2450,1866,584
115000041,1216,3101,-1885
115000042,386,439,-53
115000043,3661,2222,1439
115000044,3041,2339,702
115000045,1857,738,1119
115000046,2500,2128,372
115000047,2282,911,1371
115000048,1402,1144,258
115000049,1043,2003,-960
115000050,2619,1179,1440
115000051,1315,2761,-1446
115000052,1125,1189,-64
115000053,1830,1677,153
115000054,443,537,-94
115000055,167,776,-609
115000056,239,548,-309
115000057,531,1024,-493
115000058,288,342,-54
115000059,332,131,201
115000061,118,155,-37
115000062,136,195,-59
115000063,334,211,123
115000064,196,71,125
115000065,53,466,-413
115000067,143,17,126
115000069,105,234,-129
115000070,36,663,-627
115000071,58,18,40
115000072,19,57,-38
115000073,1274,54,1220
115000075,117,38,79
115000076,1710,1519,191
115000077,1695,1054,641
115000078,1252,667,585
115000079,988,916,72
115000080,2043,1137,906
115000081,380,546,-166
115000082,3653,3131,522
115000083,1728,875,853
115000084,2468,876,1592
115000085,819,507,312
115000086,1035,433,602
115000087,452,1030,-578
115000088,1462,458,1004
115000089,986,793,193
115000090,314,629,-315
115000091,167,473,-306
115000092,607,405,202
115000093,608,5,603
115000094,4067,4739,-672
115000095,2946,5379,-2433
115000096,831,782,49
115000097,1349,847,502
115000098,1191,428,763
115000099,2496,1365,1131
115000100,1058,313,745
115000101,448,881,-433
115000102,491,191,300
115000103,245,434,-189
115000105,38,112,-74
115000106,632,287,345
115000107,166,241,-75
115000108,1783,1606,177
115000109,2699,4186,-1487
115000110,1281,1481,-200
115000111,432,950,-518
115000112,601,603,-2
115000113,453,520,-67
115000114,1139,463,676
115000116,2180,1735,445
115000117,1970,1961,9
115000118,1637,1480,157
115000119,1128,1585,-457
115000120,417,1154,-737
115000121,760,603,157
115000122,925,1215,-290
115000123,525,1620,-1095
115000124,543,892,-349
115000125,355,569,-214
115000126,93,225,-132
115000127,267,61,206
115000128,244,819,-575
115000129,190,341,-151
115000130,382,317,65
115000131,733,207,526
115000132,290,161,129
115000133,537,140,397
115000134,211,149,62
115000135,154,101,53
115000136,229,199,30
115000137,81,132,-51
115000138,447,206,241
115000139,268,148,120
115000140,479,170,309
115000141,200,110,90
115000142,191,132,59
115000143,897,423,474
115000144,469,47,422
115000145,258,163,95
115000146,436,296,140
115000147,274,208,66
115000148,198,380,-182
115000149,537,168,369
115000150,407,363,44
115000151,974,380,594
115000152,390,324,66
115000153,867,348,519
115000154,775,176,599
115000155,430,445,-15
115000156,670,512,158
115000157,304,542,-238
115000158,172,263,-91
115000159,361,443,-82
115000160,259,287,-28
115000161,114,265,-151
115000162,448,654,-206
115000163,453,618,-165
115000164,537,544,-7
115000165,208,408,-200
115000167,110,45,65
115000168,323,277,46
115000169,257,436,-179
115000170,65,164,-99
115000171,178,205,-27
115000172,513,521,-8
115000173,205,524,-319
115000174,54,296,-242
115000175,143,55,88
115000176,69,63,6
115000177,48,78,-30
115000178,8,109,-101
115000179,22,45,-23
115000180,89,227,-138
115000181,618,110,508
115000182,873,183,690
115000183,387,429,-42
115000186,523,186,337
115000187,172,447,-275
115000188,402,401,1
115000189,155,319,-164
115000190,536,331,205
115000191,111,398,-287
115000194,71,87,-16
115000195,153,261,-108
115000196,248,95,153
115000197,175,130,45
115000198,408,88,320
115000199,421,93,328
115000200,309,77,232
115000201,156,169,-13
115000206,277,41,236
115000207,222,186,36
115000208,162,423,-261
115000209,530,197,333
115000210,129,113,16
115000211,200,164,36
115000212,890,226,664
115000224,274,70,204
115000225,48,72,-24
115000229,116,71,45
115000230,116,387,-271
115000231,267,618,-351
115000232,1492,204,1288
115000233,79,107,-28
115000234,28,207,-179
115000241,66,104,-38
115000242,101,107,-6
115000243,40,97,-57
115000244,9,78,-69
115000246,53,15,38
115000247,31,19,12
115000248,35,26,9
115000249,22,8,14
115000250,209,22,187
115000251,230,44,186
115000252,79,108,-29
115000253,29,347,-318
115000258,249,51,198
115000259,252,76,176
115000261,33,7,26
115000262,7,18,-11
115000263,18,32,-14
115000264,25,27,-2
115000267,57,92,-35
115000268,48,87,-39
115000269,79,52,27
115000270,11,20,-9
115000272,65,74,-9
115000273,522,20,502
115000280,1508,139,1369
115000281,247,604,-357
115000282,469,450,19
115000284,185,98,87
115000296,1038,6,1032
115000297,80,113,-33
115000298,24,365,-341
115000300,224,152,72
115000302,533,83,450
115000303,659,66,593
115000304,634,45,589
115000305,70,229,-159
115000306,126,112,14
115000307,105,106,-1
115000308,18,21,-3
115000309,12,70,-58
115000310,1073,341,732
115000311,1105,876,229
115000313,114,222,-108
115000314,369,139,230
115000315,570,612,-42
115000316,91,95,-4
115000317,118,342,-224
115000318,676,213,463
115000319,37,206,-169
115000320,12,281,-269
115000321,180,4,176
115000322,58,118,-60
115000449,101,104,-3
115000557,1,1255,-1254
115000558,277,89,188
115000587,441,183,258
115000588,1430,1580,-150
115000589,3038,1730,1308
115000590,779,1053,-274
115000591,1232,632,600
115000592,318,1297,-979
115000593,1256,574,682
115000594,359,2123,-1764
115000609,154,147,7
115000617,521,2024,-1503
115000624,229,21,208
115000633,310,1156,-846
115000634,2589,518,2071
115000635,547,125,422
115000638,268,320,-52
115000641,24,117,-93
115000642,227,188,39
115000643,63,234,-171
115000644,116,211,-95
115000646,688,1308,-620
115000647,146,384,-238
115000648,1981,956,1025
115000893,1450,1137,313
115000894,111,717,-606
115000895,230,908,-678
115000896,973,418,555
115000897,332,110,222
115000898,279,191,88
115000899,194,1240,-1046
115000900,50,263,-213
115000901,29,132,-103
115000912,336,73,263
115000913,4,13,-9
115000915,21,0,21
115000916,4,0,4
115000917,0,4,-4
115000918,23,353,-330
115000919,4,8,-4
115000920,1,56,-55
115000921,178,52,126
115000922,408,680,-272
115000923,107,1366,-1259
115000925,118,72,46
115000927,64,54,10
115000933,72,341,-269
115000934,165,127,38
115000935,106,57,49
115000936,4,591,-587
115000937,509,168,341
115000938,60,195,-135
115000939,64,189,-125
115000940,4,14,-10
115000941,3,22,-19
115000942,9,137,-128
115000943,12,41,-29
115000944,2,4,-2
115900001,134,9,125
115900002,71,82,-11
115900003,204,35,169
115900004,1,16,-15
115900005,218,10,208
115900006,75,115,-40
115900008,59,11,48
115900009,41,107,-66
115900010,389,72,317
115900011,319,106,213
115900012,174,32,142
115900013,235,104,131
115900014,128,75,53
115900015,123,34,89
115900016,64,27,37
115900017,14,14,0
115900018,99,25,74
115900019,34,6,28
115900020,137,3,134
115900021,482,195,287
115900022,588,6,582
115900023,10,3,7
115900025,15,120,-105
115900026,525,65,460
115900027,0,86,-86
115900028,317,37,280
115900029,6,180,-174
115900030,22,26,-4
115900031,150,193,-43
115900032,379,411,-32
115900033,0,22,-22
115900034,43,110,-67
115900035,15,17,-2
115900036,17,1052,-1035
115900037,25,148,-123
115900038,57,34,23
115900039,121,80,41
115900041,190,595,-405
115900042,43,2,41
115900043,100,37,63
115900044,100,160,-60
115900046,352,137,215
115900047,119,181,-62
115900049,136,110,26
115900051,4,15,-11
115900052,3,116,-113
115900053,239,83,156
115900054,327,16,311
115900055,13,80,-67
115900056,118,94,24
115900057,29,26,3
115900058,30,26,4
115900060,55,66,-11
115900061,214,3,211
115900062,33,111,-78
115900063,67,2,65
115900064,118,180,-62
115900065,153,51,102
115900066,82,63,19
115900067,7,171,-164
115900068,1258,795,463
115900069,71,103,-32
115900070,185,45,140
115900071,1,122,-121
115900072,35,70,-35
115900073,83,111,-28
115900074,0,115,-115
115900075,32,117,-85
115900076,4,25,-21
115900077,3,80,-77
115900078,20,55,-35
115900079,219,13,206
115900080,183,95,88
115900081,19,30,-11
115900082,108,57,51
115900084,466,18,448
115900085,26,35,-9
115900086,746,364,382
115900088,3,49,-46
115900089,483,332,151
115900090,444,7,437
115900091,5,16,-11
115900092,31,65,-34
115900093,9,7,2
115900094,1,88,-87
115900096,5,3,2
115900097,5,135,-130
115900098,220,174,46
115900099,28,17,11
115900100,24,136,-112
115900101,152,99,53
115900102,88,24,64
115900103,302,88,214
115900104,75,33,42
115900105,250,129,121
115900106,86,12,74
115900107,100,38,62
115900108,165,29,136
115900109,29,145,-116
115900110,7,6,1
115900111,0,55,-55
115900112,33,394,-361
115900113,68,14,54
115900114,3,62,-59
115900115,93,139,-46
115900116,60,336,-276
115900117,73,7,66
115900118,2,95,-93
115900119,109,89,20
115900120,21,114,-93
115900121,192,90,102
115900124,181,587,-406
115900125,294,26,268
115900126,663,74,589
115900127,623,37,586
115900128,3,56,-53
115900129,458,46,412
115900130,10,215,-205
115900131,263,23,240
115900132,766,11,755
115900134,316,26,290
115900135,248,898,-650
115900137,64,2,62
115900139,16,49,-33
115900140,276,22,254
115900141,2,15,-13
115900142,8,17,-9
115900143,198,207,-9
115900144,151,123,28
115900146,11,38,-27
115900147,204,242,-38
115900148,113,4,109
115900149,88,8,80
115900150,108,15,93
115900151,32,68,-36
115900152,130,159,-29
115900153,111,100,11
115900154,291,249,42
115900155,0,9,-9
115900156,529,643,-114
115900157,171,333,-162
115900158,7,5,2
115900159,138,88,50
115900160,3,4,-1
115900161,28,80,-52
115900163,186,79,107
115900164,496,12,484
115900166,105,83,22
115900168,104,65,39
115900171,72,244,-172
115900172,49,42,7
115900173,209,76,133
115900174,135,156,-21
115900175,138,129,9
115900178,4,256,-252
115900179,337,3,334
115900180,19,62,-43
115900181,185,73,112
115900182,442,66,376
115900183,13,49,-36
115900184,465,5,460
115900187,10,137,-127
115900189,1,166,-165
115900190,108,892,-784
115900191,23,105,-82
115900192,5,108,-103
115900193,89,80,9
115900194,626,50,576
115900195,332,1918,-1586
115900198,214,256,-42
115900199,211,115,96
115900200,154,133,21
115900201,304,314,-10
115900202,1,53,-52
115900203,7,26,-19
115900204,0,13,-13
115900205,41,22,19
115900206,193,118,75
115900207,41,7,34
115900208,55,41,14
115900209,6,71,-65
115900210,3,93,-90
115900211,1,62,-61
115900212,160,71,89
115900213,52,117,-65
115900214,572,120,452
115900215,21,149,-128
115900216,0,73,-73
115900217,3,25,-22
115900218,3,8,-5
115900219,115,4,111
115900220,215,2,213
115900221,80,10,70
115900222,79,40,39
115900223,3,463,-460
115900224,375,1244,-869
115900225,40,30,10
115900226,28,28,0
115900227,26,25,1
115900228,9,21,-12
115900229,2,21,-19
115900230,31,74,-43
115900231,117,2,115
115900232,50,1,49
115900233,56,2,54
115900234,38,17,21
115900235,16,27,-11
115900236,7,40,-33
115900237,23,25,-2
115900238,20,5,15
115900239,16,21,-5
115900240,11,18,-7
115900241,222,40,182
115900242,190,295,-105
115900243,10,9,1
115900244,20,29,-9
115900245,99,5,94
115900246,10,11,-1
115900247,21,18,3
115900248,3,2,1
115900249,11,6,5
115900250,12,11,1
115900251,1,6,-5
115900252,2,7,-5
115900253,6,9,-3
115900254,4,33,-29
115900255,0,12,-12
115900256,24,22,2
115900257,11,22,-11
115900258,0,0,0
115900259,3,3,0
115900260,6,1,5
115900261,5,3,2
115900262,3,0,3
115900263,26,1,25
115900264,9,3,6
115900265,3,7,-4
115900266,2,6,-4
115900267,3,16,-13
115900268,2,14,-12
115900269,504,101,403
115900270,303,112,191
115900271,148,3,145
115900272,38,5,33
115900273,5,34,-29
115900274,2,3,-1
115900275,0,5,-5
115900276,0,7,-7
115900277,0,29,-29
115900278,35,58,-23
115900279,14,138,-124
115900280,19,431,-412
115900281,167,334,-167
115900282,12,26,-14
115900283,29,12,17
115900284,23,4,19
116000001,4764,2147,2617
116000002,3652,10770,-7118
116000003,906,1132,-226
116000004,2548,4052,-1504
116000005,838,2182,-1344
116000006,2093,2494,-401
116000007,1532,1684,-152
116000008,3559,2255,1304
116000009,802,1036,-234
116000010,2419,1405,1014
116000011,589,1038,-449
116000012,1746,973,773
116000013,3870,2866,1004
116000014,6226,13377,-7151
116000015,125,1215,-1090
116000016,3251,3321,-70
116000017,18,732,-714
116000018,471,218,253
116000019,706,310,396
116000020,564,667,-103
116000021,555,246,309
116000022,352,215,137
116000023,1051,708,343
116000024,412,514,-102
116000025,707,710,-3
116000026,1322,2311,-989
116000027,487,518,-31
116000028,421,914,-493
116000029,383,584,-201
116000030,559,424,135
116000031,122,259,-137
116000032,273,109,164
116000033,312,342,-30
116000034,615,679,-64
116000035,347,499,-152
116000036,692,1456,-764
116000037,354,368,-14
116000038,156,616,-460
116000039,237,518,-281
116000040,368,453,-85
116000041,81,436,-355
116000042,569,312,257
116000043,74,459,-385
116000044,10,40,-30
116000045,1617,1356,261
116000046,832,1344,-512
116000047,1330,1927,-597
116000048,1727,1517,210
116000049,1359,3101,-1742
116000050,1338,1025,313
116000051,4869,2761,2108
116000052,4761,4204,557
116000053,1860,604,1256
116000054,841,2295,-1454
116000055,735,884,-149
116000056,1039,928,111
116000057,2144,927,1217
116000058,2579,2037,542
116000059,1720,3235,-1515
116000060,1432,848,584
116000061,514,938,-424
116000062,316,179,137
116000063,499,1169,-670
116000066,212,549,-337
116000067,166,366,-200
116000068,148,471,-323
116000069,230,184,46
116000078,494,854,-360
116000080,1520,558,962
116000082,9,14,-5
116000083,1652,361,1291
116000084,1241,1727,-486
116000085,1854,1639,215
116000086,921,616,305
116000087,2158,1426,732
116000088,623,523,100
116000089,235,63,172
116000090,137,121,16
116000091,217,363,-146
116000093,594,293,301
116000094,536,386,150
116000095,870,365,505
116000096,757,1004,-247
116000097,706,435,271
116000098,73,5138,-5065
116000099,2980,230,2750
116000100,192,10,182
116000101,890,296,594
116000102,233,600,-367
116000103,416,217,199
116000104,179,561,-382
116000105,1027,104,923
116000106,274,378,-104
116000107,1764,171,1593
116000108,44,99,-55
116000111,120,35,85
116000113,179,110,69
116000114,50,86,-36
116000115,649,488,161
116000116,184,196,-12
116000117,1508,1304,204
116000118,1542,775,767
116000119,3259,1464,1795
116000120,2244,1904,340
116000121,763,514,249
116000122,879,746,133
116000123,1110,388,722
116000124,293,480,-187
116000125,2635,647,1988
116000126,255,811,-556
116000127,666,659,7
116000128,1651,700,951
116000129,1390,204,1186
116000130,657,481,176
116000133,1081,614,467
116000134,1336,948,388
116000135,2440,993,1447
116000136,692,1159,-467
116000137,1050,509,541
116000138,667,570,97
116000139,1417,1800,-383
116000140,126,138,-12
116000141,312,282,30
116000142,2395,1702,693
116000143,1782,1527,255
116000144,1342,1200,142
116000145,1692,749,943
116000146,772,55,717
116000147,210,149,61
116000148,643,613,30
116000149,574,569,5
116000151,400,321,79
116000153,108,236,-128
116000155,131,219,-88
116000156,390,495,-105
116000157,98,5,93
116000158,358,246,112
116000159,15,5,10
116000160,17,28,-11
116000161,7,36,-29
116000162,32,76,-44
116000163,38,12,26
116000164,6,32,-26
116000177,67,76,-9
116000194,100,302,-202
116000195,1091,432,659
116000196,11,1,10
116000197,9,15,-6
116000198,1601,816,785
116000200,463,498,-35
116000201,541,488,53
116000202,11,117,-106
116000203,3,57,-54
116000204,12,52,-40
116000205,0,110,-110
116000206,2,144,-142
116000207,3,77,-74
116000233,165,283,-118
116000287,168,204,-36
116000288,302,99,203
116000292,49,59,-10
116000296,14,142,-128
116000297,131,18,113
116000304,177,23,154
116000305,31,29,2
116000346,87,53,34
116000352,66,30,36
116000354,34,3,31
116000357,3,5,-2
116000358,330,69,261
116000361,142,6,136
116000372,2412,4430,-2018
116000381,77,2,75
116000388,2,20,-18
116000389,528,441,87
116000445,446,210,236
116000446,513,222,291
116000447,23,451,-428
116000448,414,89,325
116000563,504,745,-241
116000565,37,168,-131
116000568,45,377,-332
116000579,22,66,-44
116000583,125,32,93
116000584,30,5,25
116000585,24,9,15
116000586,42,54,-12
116000587,475,433,42
116000589,101,55,46
116000590,93,76,17
116000591,285,127,158
116000592,15,38,-23
116000593,0,23,-23
116000594,624,178,446
116000595,492,43,449
116000596,115,4,111
116000597,465,120,345
116000598,20,75,-55
116000605,128,71,57
116000606,65,206,-141
116000607,2,38,-36
116000609,118,853,-735
116000611,171,229,-58
116000612,1028,1814,-786
116000613,695,225,470
116000614,357,243,114
116000615,4,355,-351
116000616,63,70,-7
116000617,76,22,54
116000618,5,33,-28
116000619,32,53,-21
116000620,150,80,70
116000621,54,103,-49
116000622,58,84,-26
116000624,287,91,196
116000627,167,19,148
116000628,48,133,-85
116000629,22,144,-122
116000630,525,8,517
116000631,253,16,237
116000632,1052,54,998
116000633,150,110,40
116000634,351,59,292
116000635,1837,2436,-599
116000636,491,1052,-561
116000637,501,40,461
116000638,162,152,10
116000640,30,25,5
116000641,0,2,-2
116000644,27,172,-145
116900001,203,116,87
116900002,198,2,196
116900003,54,19,35
116900004,40,48,-8
116900005,263,40,223
116900006,54,95,-41
116900007,109,156,-47
116900008,397,106,291
116900009,15,5,10
116900010,2,445,-443
116900011,7,21,-14
116900012,151,152,-1
116900013,4,67,-63
116900014,170,63,107
116900015,497,27,470
116900016,219,0,219
116900017,2,331,-329
116900018,54,46,8
116900019,1,106,-105
116900020,407,1229,-822
116900023,53,7,46
116900024,566,39,527
116900025,966,335,631
116900026,56,344,-288
116900027,34,15,19
116900028,2,43,-41
116900029,1,95,-94
116900031,0,6,-6
116900032,2,140,-138
116900033,17,2,15
116900034,14,31,-17
116900035,86,114,-28
116900036,4,73,-69
116900038,10,0,10
116900041,46,3,43
116900042,236,167,69
116900043,25,48,-23
116900047,16,143,-127
116900049,14,217,-203
116900050,101,216,-115
116900051,150,55,95
116900052,113,20,93
116900055,0,5,-5
116900057,18,66,-48
116900058,17,196,-179
116900059,0,65,-65
116900060,78,106,-28
116900062,1,8,-7
116900064,74,189,-115
116900065,32,90,-58
116900067,120,21,99
116900068,126,104,22
116900070,5,2,3
116900072,20,137,-117
116900073,10,44,-34
116900074,10,23,-13
116900076,6,46,-40
116900077,10,38,-28
116900078,144,48,96
116900079,53,143,-90
116900080,12,8,4
116900081,242,698,-456
116900082,322,696,-374
116900083,19,24,-5
116900084,65,35,30
116900085,43,107,-64
116900086,30,141,-111
116900088,105,45,60
116900090,55,18,37
116900091,264,8,256
116900092,68,387,-319
116900093,1916,1182,734
116900094,2237,3555,-1318
116900095,117,167,-50
116900096,51,389,-338
116900097,1391,2817,-1426
116900098,557,386,171
116900099,241,504,-263
116900100,843,43,800
116900101,179,318,-139
116900103,8,2,6
116900104,45,103,-58
116900105,211,139,72
116900106,1969,44,1925
116900107,1460,1956,-496
116900110,33,7,26
116900111,680,253,427
116900112,292,345,-53
116900113,690,1666,-976
116900116,48,730,-682
116900117,121,58,63
116900118,700,755,-55
116900120,374,31,343
116900121,107,25,82
116900122,856,209,647
116900123,268,256,12
116900124,138,597,-459
116900125,439,88,351
116900126,74,425,-351
116900128,0,47,-47
116900129,4,127,-123
116900130,494,2828,-2334
116900131,10,102,-92
116900132,29,106,-77
116900133,105,69,36
116900134,151,151,0
116900136,188,99,89
116900137,170,86,84
116900138,145,101,44
116900139,107,251,-144
116900140,150,90,60
116900141,466,254,212
116900142,1,96,-95
116900143,244,215,29
116900144,36,80,-44
116900145,69,161,-92
116900147,263,1097,-834
116900148,14,49,-35
116900149,62,197,-135
116900150,3,11,-8
116900151,47,27,20
116900153,115,63,52
116900154,186,436,-250
116900155,65,61,4
116900157,512,115,397
116900158,73,220,-147
116900159,41,293,-252
116900160,700,940,-240
116900161,3146,6694,-3548
116900162,1,46,-45
116900163,226,54,172
116900164,59,57,2
116900165,349,389,-40
116900166,41,30,11
116900167,407,38,369
116900168,346,45,301
116900169,225,858,-633
116900170,355,524,-169
116900171,52,41,11
116900172,91,381,-290
116900173,182,25,157
116900174,59,62,-3
116900175,133,263,-130
116900178,38,46,-8
116900179,114,357,-243
116900180,76,25,51
116900182,640,180,460
116900183,177,61,116
116900185,80,118,-38
116900186,65,102,-37
116900187,40,59,-19
116900188,115,34,81
116900189,39,7,32
116900191,275,369,-94
116900192,236,74,162
116900194,124,1480,-1356
116900195,20,27,-7
116900196,17,34,-17
116900197,104,11,93
116900198,88,224,-136
116900200,70,11,59
116900201,109,25,84
116900202,65,23,42
116900203,109,5,104
116900204,39,103,-64
116900206,15,5,10
116900207,27,12,15
116900208,17,42,-25
116900209,12,41,-29
116900210,505,233,272
116900211,209,3,206
116900212,82,22,60
116900213,167,51,116
116900214,155,116,39
116900215,15,23,-8
116900216,217,99,118
116900218,3,100,-97
116900219,896,218,678
116900220,107,166,-59
116900221,99,213,-114
116900222,435,348,87
116900223,119,217,-98
116900226,93,28,65
116900227,208,44,164
116900228,349,116,233
116900230,72,125,-53
116900231,40,165,-125
116900232,6,171,-165
116900233,299,63,236
116900234,55,46,9
116900235,111,145,-34
116900238,1018,210,808
116900239,34,1196,-1162
116900240,2652,2100,552
116900241,91,34,57
116900242,363,585,-222
116900243,2,8,-6
116900245,32,27,5
116900246,119,18,101
116900247,687,11,676
116900248,93,20,73
116900249,434,47,387
116900250,414,12,402
116900251,259,500,-241
116900252,118,293,-175
116900254,30,56,-26
116900255,75,69,6
116900256,308,67,241
116900257,10,174,-164
116900258,2,89,-87
116900259,258,4,254
116900260,0,57,-57
116900261,105,3,102
116900262,174,90,84
116900263,0,21,-21
116900264,3,7,-4
116900265,69,0,69
116900266,30,17,13
116900267,4,2,2
116900268,145,88,57
116900269,221,607,-386
116900271,402,263,139
116900272,258,193,65
116900273,43,136,-93
116900274,132,20,112
116900275,130,52,78
116900276,285,179,106
116900277,230,38,192
116900278,5,4,1
116900279,3,18,-15
116900280,48,18,30
116900281,2495,4121,-1626
116900282,14,105,-91
116900283,12,51,-39
116900284,3,91,-88
116900285,107,150,-43
116900286,113,23,90
116900287,5,10,-5
116900288,77,62,15
116900289,13,3,10
116900290,14,7,7
116900291,13,11,2
116900292,0,22,-22
116900293,55,10,45
116900294,12,121,-109
116900295,72,136,-64
116900296,40,118,-78
116900297,2,93,-91
116900298,54,153,-99
116900299,6,117,-111
116900300,4,96,-92
116900301,24,261,-237
116900302,13,80,-67
116900303,89,95,-6
116900304,0,203,-203
116900305,8,16,-8
116900306,256,39,217
116900307,84,1,83
116900308,0,23,-23
116900309,114,40,74
117000001,2247,1792,455
117000002,1931,2907,-976
117000003,4880,2731,2149
117000004,2138,3437,-1299
117000005,2344,1792,552
117000006,950,1926,-976
117000007,4264,1001,3263
117000008,827,2065,-1238
117000009,4000,1385,2615
117000010,1564,2256,-692
117000011,2222,1275,947
117000012,1149,899,250
117000013,1866,636,1230
117000014,1099,2019,-920
117000015,1888,1210,678
117000016,148,231,-83
117000017,82,172,-90
117000018,86,690,-604
117000019,33,47,-14
117000020,337,1303,-966
117000021,811,621,190
117000022,199,214,-15
117000023,64,447,-383
117000024,108,417,-309
117000025,231,1354,-1123
117000026,1130,1647,-517
117000027,651,2981,-2330
117000028,737,1682,-945
117000030,269,340,-71
117000031,375,286,89
117000032,1112,1077,35
117000033,1186,646,540
117000034,364,215,149
117000035,375,265,110
117000036,374,239,135
117000037,292,153,139
117000038,137,450,-313
117000039,338,181,157
117000040,235,455,-220
117000041,976,105,871
117000044,6,479,-473
117000045,488,91,397
117000046,342,637,-295
117000047,927,599,328
117000048,1194,527,667
117000049,72,358,-286
117000050,126,995,-869
117000051,2406,63,2343
117000052,51,228,-177
117000053,513,35,478
117000054,1614,6,1608
117000055,28,1386,-1358
117000056,661,20,641
117000057,353,1545,-1192
117000060,443,797,-354
117000061,2002,1018,984
117000062,188,475,-287
117000063,1773,1112,661
117000064,423,483,-60
117000066,416,492,-76
117000067,111,536,-425
117000074,51,134,-83
117000076,38,39,-1
117000077,129,107,22
117000078,80,395,-315
117000079,359,199,160
117000080,0,278,-278
117000081,885,119,766
117000082,21,78,-57
117000083,189,2,187
117000084,178,2,176
117000085,239,687,-448
117000086,558,243,315
117000087,70,405,-335
117000088,301,118,183
117000089,1713,199,1514
117000090,214,723,-509
117000091,878,189,689
117000092,259,638,-379
117000093,1316,614,702
117000094,1035,1532,-497
117000095,3301,645,2656
117000096,554,1352,-798
117000097,1609,738,871
117000098,1651,2215,-564
117000099,3888,1009,2879
117000100,171,217,-46
117000101,103,597,-494
117000102,2086,646,1440
117000103,527,888,-361
117000104,1510,571,939
117000105,600,888,-288
117000106,1494,576,918
117000107,411,1088,-677
117000108,1959,760,1199
117000109,952,1470,-518
117000110,1684,1225,459
117000111,3184,3050,134
117000112,3175,1214,1961
117000113,97,77,20
117000114,230,97,133
117000115,84,46,38
117000116,137,113,24
117000117,1049,798,251
117000118,239,125,114
117000119,90,293,-203
117000120,54,749,-695
117000121,24,784,-760
117000122,337,767,-430
117000123,1176,33,1143
117000124,120,89,31
117000125,112,367,-255
117000126,45,16,29
117000127,90,225,-135
117000128,100,538,-438
117000129,176,1021,-845
117000130,100,1,99
117000131,0,70,-70
117000132,2586,127,2459
117000133,2004,39,1965
117000134,1,88,-87
117000135,2,79,-77
117000136,1,31,-30
117000137,189,129,60
117000138,2,525,-523
117000140,329,929,-600
117000141,1729,472,1257
117000181,255,157,98
117000182,863,641,222
117000195,94,415,-321
117000196,281,147,134
117000225,47,81,-34
117000226,2,142,-140
117000276,373,24,349
117000277,0,132,-132
117000310,1075,1789,-714
117000315,91,449,-358
117000320,60,0,60
117000906,436,14,422
117000907,11,171,-160
117000909,24,33,-9
117000910,269,139,130
117000911,70,139,-69
117000915,5,239,-234
117000916,41,1,40
117000917,1118,27,1091
117000918,62,33,29
117000919,11,31,-20
117000920,2,513,-511
117000921,0,426,-426
117000922,22,42,-20
117000924,496,634,-138
117000926,389,136,253
117000927,248,694,-446
117000928,0,51,-51
117000929,223,129,94
117000930,305,15,290
117000931,52,112,-60
117900002,66,458,-392
117900003,266,257,9
117900005,10,111,-101
117900006,0,20,-20
117900007,118,39,79
117900008,0,7,-7
117900010,276,54,222
117900011,24,266,-242
117900012,60,56,4
117900013,2,74,-72
117900014,634,138,496
117900015,10,45,-35
117900016,653,700,-47
117900017,506,245,261
117900018,163,356,-193
117900019,561,197,364
117900020,43,425,-382
117900021,23,49,-26
117900023,1065,55,1010
117900024,68,54,14
117900025,39,5,34
117900026,441,134,307
117900028,32,2,30
117900029,232,290,-58
117900030,498,229,269
117900031,71,176,-105
117900032,724,478,246
117900033,288,315,-27
117900034,47,16,31
117900035,155,80,75
117900036,201,204,-3
117900037,190,48,142
117900038,19,91,-72
117900039,0,17,-17
117900040,101,161,-60
117900041,0,26,-26
117900042,2211,189,2022
117900043,18,38,-20
117900044,7,3150,-3143
117900045,194,118,76
117900048,315,90,225
117900049,298,226,72
117900050,11,247,-236
117900051,6,1,5
117900052,78,354,-276
117900053,1551,233,1318
117900054,0,23,-23
117900055,564,116,448
117900056,42,56,-14
117900057,777,923,-146
117900058,34,49,-15
117900059,131,50,81
117900060,2435,2207,228
117900061,13,242,-229
117900063,312,135,177
117900065,347,706,-359
117900066,7,73,-66
117900067,687,99,588
117900069,703,183,520
117900070,70,127,-57
117900071,139,55,84
117900073,622,139,483
117900074,44,164,-120
117900075,57,56,1
117900076,24,49,-25
117900077,351,94,257
117900078,320,683,-363
117900080,139,43,96
117900081,247,197,50
117900082,414,259,155
117900083,405,226,179
117900086,187,23,164
117900087,149,20,129
117900088,1605,1182,423
117900089,2062,607,1455
117900090,492,210,282
117900091,72,71,1
117900092,69,21,48
117900093,115,17,98
117900094,25,34,-9
117900095,374,439,-65
117900096,113,177,-64
117900097,279,27,252
117900098,36,12,24
117900099,172,180,-8
117900100,236,3,233
117900101,465,1683,-1218
117900102,97,19,78
117900103,64,2,62
117900104,17,384,-367
117900105,79,128,-49
117900106,114,34,80
117900107,22,0,22
117900109,679,269,410
117900110,130,0,130
117900111,293,13,280
117900112,42,5,37
117900113,1050,1506,-456
117900114,20,0,20
117900115,63,122,-59
117900116,593,578,15
117900117,602,150,452
117900118,59,0,59
117900119,205,56,149
117900120,242,23,219
117900121,48,10,38
117900122,718,3477,-2759
117900123,572,284,288
117900124,385,420,-35
117900125,1161,1541,-380
117900126,139,314,-175
117900127,418,211,207
117900128,259,258,1
117900129,92,1,91
117900130,441,237,204
117900131,3,39,-36
117900132,22,59,-37
117900133,8,42,-34
117900134,33,149,-116
117900135,14,90,-76
117900136,0,19,-19
117900137,20,115,-95
117900138,0,13,-13
117900139,138,58,80
117900140,2633,309,2324
117900141,108,145,-37
117900142,40,124,-84
117900144,22,501,-479
117900145,18,117,-99
117900146,116,175,-59
117900147,64,40,24
117900148,1523,1531,-8
117900149,136,85,51
117900150,40,29,11
117900151,31,60,-29
117900152,51,57,-6
117900153,11,87,-76
117900154,384,363,21
117900156,517,451,66
117900157,57,441,-384
117900158,228,100,128
117900160,663,674,-11
117900161,1300,965,335
117900162,521,342,179
117900163,21,270,-249
117900165,0,19,-19
117900166,75,484,-409
117900168,109,114,-5
117900169,0,73,-73
117900170,0,20,-20
117900171,2,28,-26
117900172,5,7,-2
117900173,100,93,7
117900174,12,35,-23
117900175,1,16,-15
117900176,16,8,8
117900177,21,31,-10
117900178,52,34,18
117900180,209,53,156
117900181,28,441,-413
117900182,3,32,-29
117900183,67,104,-37
117900184,12,34,-22
117900185,48,41,7
117900186,44,7,37
117900187,17,4,13
117900188,115,28,87
117900189,45,19,26
117900190,28,0,28
117900191,112,0,112
117900192,191,2,189
117900193,8,21,-13
117900194,3,7,-4
117900195,14,40,-26
117900196,15,33,-18
117900207,110,150,-40
117900208,26,13,13
117900209,134,113,21
117900210,93,123,-30
117900211,3,101,-98
117900212,126,131,-5
117900213,10,5,5
117900214,6,17,-11
117900215,33,41,-8
117900216,16,29,-13
117900217,31,268,-237
117900218,69,85,-16
117900219,3,117,-114
117900220,30,172,-142
117900222,143,134,9
117900223,79,244,-165
118000001,492,1407,-915
118000002,403,1217,-814
118000003,1839,3691,-1852
118000004,2268,2119,149
118000005,2132,3688,-1556
118000006,2094,5275,-3181
118000007,3332,3930,-598
118000008,1400,2590,-1190
118000009,1274,2029,-755
118000010,4481,2782,1699
118000011,1241,953,288
118000012,750,793,-43
118000013,1511,1397,114
118000014,1400,1079,321
118000016,211,187,24
118000017,490,298,192
118000018,411,287,124
118000019,1402,1653,-251
118000020,687,2458,-1771
118000021,570,2361,-1791
118000022,967,611,356
118000023,490,197,293
118000024,625,795,-170
118000027,6106,7846,-1740
118000029,317,653,-336
118000032,302,2499,-2197
118000033,2027,4639,-2612
118000034,2747,2382,365
118000035,1828,2407,-579
118000036,619,1022,-403
118000037,533,707,-174
118000038,245,88,157
118000039,60,72,-12
118000040,1103,860,243
118000041,1874,925,949
118000045,170,131,39
118000046,654,761,-107
118000047,441,1112,-671
118000048,1036,1855,-819
118000051,1960,3242,-1282
118000052,1482,1510,-28
118000053,158,294,-136
118000054,1234,543,691
118000055,1146,1054,92
118000056,62,313,-251
118000057,136,261,-125
118000058,1449,2256,-807
118000059,1132,1639,-507
118000060,1113,341,772
118000061,835,817,18
118000062,358,227,131
118000063,249,689,-440
118000064,506,1005,-499
118000065,1276,1042,234
118000066,821,1874,-1053
118000067,310,488,-178
118000068,760,4594,-3834
118000069,1228,867,361
118000070,2648,1260,1388
118000071,1820,5456,-3636
118000072,597,1486,-889
118000073,464,683,-219
118000074,361,328,33
118000075,414,167,247
118000076,977,2734,-1757
118000077,848,1167,-319
118000078,1490,2270,-780
118000079,138,355,-217
118000080,554,817,-263
118000081,1323,1330,-7
118000082,236,1028,-792
118000083,943,1430,-487
118000084,1833,1409,424
118000086,218,425,-207
118000087,2394,1702,692
118000088,985,1247,-262
118000089,2613,1962,651
118000090,967,2130,-1163
118000091,706,2338,-1632
118000092,652,428,224
118000093,74,563,-489
118000096,312,493,-181
118000097,574,635,-61
118000098,228,135,93
118000099,769,462,307
118000101,1088,326,762
118000102,469,608,-139
118000107,963,352,611
118000108,379,2217,-1838
118000110,6,47,-41
118000111,0,84,-84
118000112,640,2,638
118000113,2,173,-171
118000114,365,3,362
118000115,3,7,-4
118000116,11,0,11
118000117,612,597,15
118000118,728,1183,-455
118000119,731,1044,-313
118000120,1086,829,257
118000121,30,607,-577
118000122,687,220,467
118000123,50,243,-193
118000125,837,644,193
118000126,461,1288,-827
118000127,970,653,317
118000128,307,891,-584
118000129,798,379,419
118000130,1366,1965,-599
118000131,208,411,-203
118000132,2398,1713,685
118000133,1056,439,617
118000135,419,445,-26
118000136,139,341,-202
118000137,355,77,278
118000138,329,231,98
118000139,352,46,306
118000140,2059,4951,-2892
118000141,2022,1460,562
118000142,1629,1153,476
118000143,2349,1000,1349
118000144,735,434,301
118000145,1304,850,454
118000146,1251,362,889
118000147,910,994,-84
118000148,465,787,-322
118000149,1000,678,322
118000150,495,261,234
118000151,589,310,279
118000153,1389,891,498
118000154,1360,1232,128
118000155,1732,1099,633
118000156,1321,1853,-532
118000157,542,294,248
118000158,191,375,-184
118000159,35,65,-30
118000160,516,271,245
118000161,485,390,95
118000162,1100,805,295
118000163,776,616,160
118000164,1555,1152,403
118000168,463,591,-128
118000169,746,658,88
118000170,2238,1975,263
118000171,353,279,74
118000172,134,166,-32
118000173,845,862,-17
118000175,219,415,-196
118000176,286,527,-241
118000177,239,569,-330
118000178,38,44,-6
118000179,737,1143,-406
118000180,647,634,13
118000181,587,189,398
118000182,260,233,27
118000183,193,246,-53
118000184,934,572,362
118000185,783,1215,-432
118000186,685,1074,-389
118000187,1367,393,974
118000188,414,55,359
118000189,592,226,366
118000190,2,12,-10
118000191,21,11,10
118000192,39,148,-109
118000193,18,179,-161
118000194,888,628,260
118000195,229,1348,-1119
118000196,102,226,-124
118000197,39,143,-104
118000198,225,571,-346
118000199,204,352,-148
118000200,47,231,-184
118000201,220,489,-269
118000202,26,31,-5
118000203,282,614,-332
118000204,48,304,-256
118000205,82,249,-167
118000206,206,204,2
118000207,0,56,-56
118000208,1131,1104,27
118000209,1885,945,940
118000210,81,23,58
118000211,32,28,4
118000213,811,2823,-2012
118000214,276,425,-149
118000215,281,86,195
118000216,2069,783,1286
118000217,5,55,-50
118000218,76,52,24
118000219,352,164,188
118000220,7,58,-51
118000221,267,300,-33
118000222,54,3,51
118000223,27,33,-6
118000224,77,63,14
118000225,100,572,-472
118000226,699,151,548
118000227,454,249,205
118000228,51,188,-137
118000229,27,120,-93
118000230,100,126,-26
118000231,43,123,-80
118000232,707,310,397
118000233,1008,580,428
118000234,412,77,335
118000236,243,164,79
118000237,94,155,-61
118000238,174,86,88
118000239,345,183,162
118000240,142,86,56
118000241,151,56,95
118000242,319,180,139
118000243,232,100,132
118000244,53,46,7
118000246,0,19,-19
118000255,55,272,-217
118000256,200,189,11
118000259,15,50,-35
118000260,197,57,140
118000261,37,11,26
118000263,71,75,-4
118000266,131,119,12
118000267,0,92,-92
118000268,160,7,153
118000270,86,5,81
118000271,194,175,19
118000272,74,36,38
118000273,181,41,140
118000274,65,188,-123
118000276,458,229,229
118000295,15,109,-94
118000298,90,140,-50
118000299,53,84,-31
118000301,1,107,-106
118000302,77,42,35
118000311,644,73,571
118000312,240,105,135
118000313,32,36,-4
118000314,149,22,127
118000315,16,9,7
118000316,675,349,326
118000325,25,20,5
118000326,55,19,36
118000331,17,11,6
118000332,5,6,-1
118000333,24,25,-1
118000335,330,2,328
118000336,0,112,-112
118000407,197,36,161
118000457,10,52,-42
118000465,811,2606,-1795
118000480,39,25,14
118000489,12,323,-311
118000490,12,107,-95
118000492,276,137,139
118000510,34,18,16
118000514,75,243,-168
118000515,440,608,-168
118000517,181,123,58
118000524,146,280,-134
118000525,447,519,-72
118000530,15,64,-49
118000531,340,172,168
118000532,277,168,109
118000533,212,91,121
118000534,489,294,195
118000535,272,129,143
118000536,64,613,-549
118000537,21,106,-85
118000538,17,63,-46
118000539,1,61,-60
118000540,155,61,94
118000541,124,53,71
118000542,96,85,11
118000543,103,148,-45
118000546,38,8,30
118000553,0,1,-1
118000557,0,0,0
118000560,1001,1776,-775
118000562,30,84,-54
118000563,1018,802,216
118000576,230,120,110
118000577,211,138,73
118000578,159,87,72
118000579,474,974,-500
118000583,0,0,0
118000595,210,69,141
118000596,0,164,-164
118000597,143,127,16
118000598,3,0,3
118000599,96,47,49
118000600,4,4,0
118000601,4,0,4
118000602,0,2,-2
118000603,0,8,-8
118000605,54,104,-50
118900001,250,804,-554
118900002,655,756,-101
118900003,436,15,421
118900004,41,14,27
118900005,102,8,94
118900006,132,3,129
118900007,9,1,8
118900008,1026,38,988
118900009,74,58,16
118900010,46,5,41
118900011,112,22,90
118900012,287,157,130
118900013,434,231,203
118900015,182,17,165
118900016,11,7,4
118900017,82,192,-110
118900018,771,40,731
118900019,23,8,15
118900020,70,148,-78
118900021,119,212,-93
118900022,107,101,6
118900023,107,50,57
118900024,90,122,-32
118900025,32,13,19
118900026,56,36,20
118900027,284,92,192
118900028,181,94,87
118900029,212,317,-105
118900030,353,16,337
118900031,121,40,81
118900032,224,83,141
118900033,269,446,-177
118900034,123,15,108
118900035,110,64,46
118900036,1126,441,685
118900037,195,341,-146
118900038,397,69,328
118900039,471,70,401
118900040,216,137,79
118900041,428,114,314
118900042,150,79,71
118900045,218,103,115
118900046,507,350,157
118900047,299,184,115
118900048,104,330,-226
118900049,37,46,-9
118900050,51,6,45
118900051,73,110,-37
118900052,178,253,-75
118900053,18,91,-73
118900054,148,24,124
118900055,89,50,39
118900056,23,259,-236
118900057,585,409,176
118900058,343,198,145
118900059,13,48,-35
118900060,40,70,-30
118900062,337,93,244
118900064,150,530,-380
118900065,40,91,-51
118900066,61,40,21
118900067,1906,3070,-1164
118900068,6,202,-196
118900069,425,130,295
118900071,6,25,-19
118900072,351,207,144
118900073,134,93,41
118900074,162,48,114
118900075,60,26,34
118900076,150,115,35
118900077,298,160,138
118900078,8,1,7
118900079,44,89,-45
118900080,20,63,-43
118900081,58,36,22
118900082,1102,110,992
118900083,21,8,13
118900084,11,7,4
118900085,531,360,171
118900086,31,86,-55
118900087,33,276,-243
118900088,0,2,-2
118900089,13,21,-8
118900090,492,159,333
118900091,115,162,-47
118900092,156,24,132
118900093,105,18,87
118900096,64,88,-24
118900097,240,265,-25
118900099,71,163,-92
118900100,81,103,-22
118900101,106,153,-47
118900102,41,38,3
118900103,28,70,-42
118900104,143,65,78
118900105,147,85,62
118900107,79,36,43
118900108,56,46,10
118900110,790,645,145
118900111,425,258,167
118900112,65,112,-47
118900113,68,194,-126
118900114,18,47,-29
118900115,54,264,-210
118900116,122,189,-67
118900117,135,152,-17
118900118,264,184,80
118900119,113,121,-8
118900120,93,254,-161
118900121,15,45,-30
118900122,8,902,-894
118900123,115,157,-42
118900124,83,98,-15
118900126,32,287,-255
118900129,193,191,2
118900130,57,163,-106
118900131,171,132,39
118900132,195,205,-10
118900133,20,88,-68
118900135,154,113,41
118900136,191,246,-55
118900137,12,54,-42
118900139,167,102,65
118900140,428,358,70
118900141,66,28,38
118900144,145,175,-30
118900145,22,29,-7
118900146,330,468,-138
118900147,105,166,-61
118900148,103,41,62
118900150,91,380,-289
118900152,585,437,148
118900157,39,143,-104
118900158,112,22,90
118900159,4,74,-70
118900161,33,16,17
118900163,42,52,-10
118900164,2,41,-39
118900165,42,52,-10
118900166,45,4,41
118900167,67,58,9
118900168,16,146,-130
118900169,99,117,-18
118900170,194,24,170
118900171,30,36,-6
118900174,43,38,5
118900175,414,342,72
118900176,165,243,-78
118900177,66,36,30
118900178,54,93,-39
118900179,10,21,-11
118900181,101,45,56
118900182,47,30,17
118900183,15,82,-67
118900184,186,46,140
118900185,80,40,40
118900186,74,85,-11
118900187,208,231,-23
118900188,245,235,10
118900189,60,694,-634
118900190,28,139,-111
118900191,172,23,149
118900192,218,4,214
118900193,590,5,585
118900195,159,333,-174
118900196,26,96,-70
118900197,179,30,149
118900198,25,6,19
118900199,77,22,55
118900200,13,19,-6
118900201,23,37,-14
118900202,9,38,-29
118900203,9,3,6
118900204,22,9,13
118900205,2,4,-2
118900206,4,11,-7
119000001,1149,1695,-546
119000002,3282,2981,301
119000003,2553,600,1953
119000004,1649,1023,626
119000005,1756,1603,153
119000006,3182,1210,1972
119000007,2755,2626,129
119000008,1617,1088,529
119000009,2528,4524,-1996
119000010,3609,3361,248
119000011,1967,2149,-182
119000012,948,2223,-1275
119000013,2478,1457,1021
119000014,1132,1656,-524
119000019,234,104,130
119000020,2137,1217,920
119000021,3941,2315,1626
119000022,890,2333,-1443
119000023,288,195,93
119000024,1242,10766,-9524
119000025,2596,723,1873
119000026,45,367,-322
119000027,165,262,-97
119000028,1152,423,729
119000029,57,267,-210
119000030,423,582,-159
119000031,653,402,251
119000032,1372,1429,-57
119000033,1778,898,880
119000034,887,422,465
119000035,30,177,-147
119000036,1918,449,1469
119000037,1118,713,405
119000038,146,329,-183
119000039,485,252,233
119000040,591,561,30
119000041,520,989,-469
119000048,2125,1464,661
119000049,1796,1021,775
119000050,1163,1046,117
119000051,1630,778,852
119000052,1589,1874,-285
119000053,1365,844,521
119000054,2796,1495,1301
119000055,4543,1929,2614
119000056,2851,1443,1408
119000057,1389,954,435
119000058,1470,888,582
119000059,899,885,14
119000060,1214,675,539
119000061,845,487,358
119000062,838,857,-19
119000063,663,367,296
119000064,665,690,-25
119000065,1472,2275,-803
119000066,1893,943,950
119000067,1607,1249,358
119000068,1501,647,854
119000069,1472,1366,106
119000070,2387,515,1872
119000071,290,458,-168
119000072,3263,2071,1192
119000073,2983,5819,-2836
119000074,1247,1148,99
119000075,2756,1389,1367
119000076,188,819,-631
119000077,366,422,-56
119000078,326,178,148
119000079,125,425,-300
119000080,744,151,593
119000081,206,280,-74
119000082,678,174,504
119000083,590,309,281
119000084,213,273,-60
119000085,445,108,337
119000086,256,370,-114
119000087,812,367,445
119000088,332,176,156
119000089,71,178,-107
119000090,87,63,24
119000091,69,297,-228
119000092,260,127,133
119000093,3002,1715,1287
119000094,3219,3488,-269
119000095,1835,2265,-430
119000097,1351,808,543
119000098,955,2601,-1646
119000099,2084,887,1197
119000100,3511,2697,814
119000101,2776,1075,1701
119000102,547,1170,-623
119000103,1143,611,532
119000104,1238,685,553
119000105,673,2043,-1370
119000106,322,483,-161
119000107,1003,424,579
119000108,326,403,-77
119000109,95,471,-376
119000110,243,392,-149
119000111,18,564,-546
119000112,100,83,17
119000113,926,210,716
119000114,1061,702,359
119000115,127,102,25
119000116,72,76,-4
119000117,92,283,-191
119000118,5,0,5
119000123,2742,2015,727
119000124,692,117,575
119000125,4105,401,3704
119000126,1395,402,993
119000127,587,256,331
119000128,6,0,6
119000131,1060,308,752
119000132,1,4,-3
119000133,1,4,-3
119000134,1084,479,605
119000135,151,170,-19
119000136,330,72,258
119000137,249,177,72
119000138,578,107,471
119000139,226,74,152
119000140,300,310,-10
119000284,861,1578,-717
119000285,1293,1115,178
119000286,3203,2684,519
119000287,873,1046,-173
119000288,1640,624,1016
119000289,898,1384,-486
119000290,142,175,-33
119000291,37,98,-61
119000293,113,127,-14
119000294,58,42,16
119000295,712,177,535
119000296,294,137,157
119000297,0,0,0
119000299,0,1,-1
119000302,1043,862,181
119000303,47,192,-145
119000314,1111,9205,-8094
119000315,1,136,-135
119000316,157,52,105
119000317,95,93,2
119900001,180,1324,-1144
119900002,131,141,-10
119900003,39,361,-322
119900004,177,1445,-1268
119900005,206,56,150
119900006,169,348,-179
119900007,760,207,553
119900008,11,19,-8
119900009,461,323,138
119900010,430,635,-205
119900011,19,134,-115
119900012,3,109,-106
119900013,1694,1287,407
119900014,266,141,125
119900015,170,32,138
119900016,34,43,-9
119900017,49,65,-16
119900018,1062,806,256
119900019,26,7,19
119900020,201,218,-17
119900021,128,25,103
119900022,51,836,-785
119900023,234,1840,-1606
119900025,323,10,313
119900026,439,139,300
119900027,18,6,12
119900028,173,156,17
119900029,11,3,8
119900030,388,278,110
119900031,51,568,-517
119900033,1422,258,1164
119900034,498,38,460
119900037,278,15,263
119900038,45,315,-270
119900039,22,6,16
119900040,97,13,84
119900041,121,12,109
119900042,32,72,-40
119900043,108,67,41
119900044,122,691,-569
119900046,177,22,155
119900047,309,111,198
119900048,224,16,208
119900049,170,3,167
119900050,50,127,-77
119900051,959,26,933
119900052,63,10,53
119900053,307,77,230
119900054,209,9,200
119900055,1172,525,647
119900057,292,13,279
119900058,285,10,275
119900059,47,31,16
119900060,229,13,216
119900061,199,6,193
119900062,74,10,64
119900063,12,56,-44
119900065,168,24,144
119900067,77,15,62
119900068,638,2,636
119900069,132,9,123
119900070,989,9,980
119900071,567,10,557
119900073,966,391,575
119900074,23,16,7
119900075,1512,1846,-334
119900076,742,148,594
119900077,948,415,533
119900078,724,594,130
119900079,519,138,381
119900080,179,128,51
119900081,553,43,510
119900082,1595,208,1387
119900083,263,59,204
119900084,403,277,126
119900085,38,36,2
119900086,546,423,123
119900087,413,357,56
119900088,13,25,-12
119900089,23,168,-145
119900090,86,25,61
119900091,57,285,-228
119900092,13,229,-216
119900093,963,166,797
119900094,41,85,-44
119900095,138,81,57
119900096,18,78,-60
119900097,280,115,165
119900098,28,42,-14
119900099,33,83,-50
119900100,830,2166,-1336
119900101,64,1009,-945
119900102,47,148,-101
119900103,42,136,-94
119900104,24,84,-60
119900105,396,2276,-1880
119900106,14,72,-58
119900107,159,1091,-932
119900108,2501,474,2027
119900109,10,93,-83
119900110,641,244,397
119900111,105,116,-11
119900112,575,464,111
119900113,53,169,-116
119900114,236,538,-302
119900115,343,411,-68
119900116,114,313,-199
119900117,290,255,35
119900118,104,361,-257
119900119,173,98,75
119900120,440,248,192
119900121,402,292,110
119900122,241,191,50
119900123,152,215,-63
119900124,213,271,-58
119900125,28,179,-151
119900126,1979,159,1820
119900127,964,577,387
119900128,391,240,151
119900129,240,174,66
119900130,10,125,-115
119900131,36,83,-47
119900132,0,124,-124
119900133,45,70,-25
119900134,591,116,475
119900135,0,151,-151
119900136,108,172,-64
119900138,151,272,-121
119900139,5,58,-53
119900140,1,86,-85
119900141,34,642,-608
119900142,4,26,-22
119900143,18,138,-120
119900144,911,178,733
119900145,67,89,-22
119900146,93,97,-4
119900147,2,108,-106
119900148,207,40,167
119900149,377,3697,-3320
119900150,101,77,24
119900151,960,543,417
119900152,104,103,1
119900153,180,34,146
119900154,29,155,-126
119900155,42,28,14
119900156,19,8,11
119900157,178,73,105
119900158,180,38,142
119900159,3,482,-479
119900160,27,52,-25
119900161,118,78,40
119900162,840,721,119
119900163,65,111,-46
119900164,0,0,0
119900165,145,64,81
119900166,73,50,23
119900167,26,25,1
119900168,969,293,676
119900169,34,220,-186
119900170,124,212,-88
119900171,636,211,425
119900172,65,19,46
119900173,7,152,-145
119900174,1,37,-36
119900175,1247,375,872
119900177,14,116,-102
119900178,60,115,-55
119900179,95,480,-385
119900180,975,703,272
119900181,46,107,-61
119900182,4,103,-99
119900183,90,446,-356
119900184,711,285,426
119900185,79,201,-122
119900186,22,1094,-1072
119900187,2,142,-140
119900188,95,168,-73
119900189,223,297,-74
119900190,60,236,-176
119900191,164,280,-116
119900192,61,111,-50
119900193,369,80,289
119900194,28,57,-29
119900195,10,67,-57
119900196,258,131,127
119900197,223,134,89
119900198,133,119,14
119900199,105,20,85
119900200,493,387,106
119900201,198,104,94
119900202,41,253,-212
119900203,148,454,-306
119900204,309,163,146
119900205,803,213,590
119900206,308,97,211
119900208,130,155,-25
119900209,501,1254,-753
119900210,29,4,25
119900211,61,0,61
119900212,270,199,71
119900213,6,46,-40
119900214,49,29,20
119900215,63,36,27
119900216,11,25,-14
119900217,7,28,-21
119900218,6,51,-45
119900219,13,40,-27
119900220,2,51,-49
119900221,24,115,-91
119900222,16,52,-36
119900223,8,25,-17
119900224,12,11,1
119900225,395,45,350
119900226,228,1564,-1336
119900227,345,206,139
119900228,17,115,-98
119900229,267,287,-20
119900230,827,259,568
119900231,289,83,206
119900232,165,106,59
119900233,61,8,53
119900234,27,27,0
119900235,14,18,-4
119900236,8,71,-63
119900237,23,195,-172
119900238,2,36,-34
119900240,95,72,23
119900241,117,127,-10
119900242,662,968,-306
119900244,361,812,-451
119900245,68,130,-62
119900246,225,459,-234
119900247,18,107,-89
119900248,49,201,-152
119900249,224,83,141
119900253,891,262,629
119900254,65,805,-740
119900255,71,684,-613
119900256,563,254,309
119900257,97,8,89
119900258,287,17,270
119900259,15,31,-16
119900260,126,3,123
119900261,356,86,270
119900262,0,99,-99
119900263,975,232,743
119900264,134,46,88
119900265,378,220,158
119900266,385,148,237
119900267,295,322,-27
119900268,118,71,47
119900269,921,421,500
119900271,17,52,-35
119900272,307,260,47
119900275,104,5,99
119900276,87,7,80
119900277,19,5,14
119900278,98,90,8
119900279,92,207,-115
119900280,481,67,414
119900281,1,224,-223
119900282,42,145,-103
119900283,10,102,-92
119900284,27,107,-80
119900285,11,68,-57
119900286,1,5,-4
119900288,7,19,-12
119900289,0,7,-7
119900290,1,4,-3
119900291,1,39,-38
119900292,83,100,-17
119900293,24,55,-31
119900294,27,64,-37
119900295,56,25,31
119900296,68,86,-18
119900297,3,23,-20
119900298,3,3,0
119900299,41,67,-26
119900300,144,45,99
119900301,18,29,-11
119900302,11,15,-4
119900303,209,60,149
119900304,110,16,94
119900305,6,48,-42
119900306,24,4,20
119900307,47,30,17
119900308,6,15,-9
119900309,25,119,-94
119900310,184,201,-17
119900311,97,53,44
119900312,124,47,77
119900313,293,145,148
119900314,177,316,-139
119900315,1914,859,1055
119900318,5,43,-38
119900319,15,93,-78
119900320,201,205,-4
119900321,71,2,69
120000001,4643,16809,-12166
120000002,2064,1783,281
120000003,2146,1132,1014
120000004,2044,1118,926
120000005,2061,1410,651
120000006,905,901,4
120000007,1953,2859,-906
120000008,808,885,-77
120000009,1463,821,642
120000010,1556,1538,18
120000011,898,942,-44
120000012,1452,1334,118
120000013,2764,2017,747
120000014,591,1062,-471
120000015,2151,1201,950
120000016,3524,1820,1704
120000017,2849,2450,399
120000018,2705,11486,-8781
120000019,1020,1382,-362
120000020,2457,3236,-779
120000021,1614,2247,-633
120000022,2278,3336,-1058
120000023,1026,1433,-407
120000024,1075,2100,-1025
120000025,2443,1419,1024
120000026,2452,1336,1116
120000027,1942,1800,142
120000028,833,4648,-3815
120000029,739,1764,-1025
120000030,100,641,-541
120000031,1541,3811,-2270
120000032,4301,2750,1551
120000033,3706,1156,2550
120000034,2077,966,1111
120000035,2372,1399,973
120000036,2925,4217,-1292
120000037,513,1335,-822
120000038,3296,2818,478
120000039,562,588,-26
120000040,65,632,-567
120000041,563,1165,-602
120000042,1427,1098,329
120000043,3641,939,2702
120000044,5058,1224,3834
120000045,6235,837,5398
120000046,4246,2275,1971
120000047,463,5562,-5099
120000048,4993,3455,1538
120000049,3182,2451,731
120000050,3180,3027,153
120000051,2216,2863,-647
120000052,6261,1428,4833
120000053,1555,1290,265
120000054,1318,2356,-1038
120000055,1536,2828,-1292
120000056,3557,2617,940
120000057,3052,2060,992
120000058,1183,3693,-2510
120000059,10,1512,-1502
120000061,94,288,-194
120000062,128,248,-120
120000063,820,1418,-598
120000064,237,623,-386
120000065,495,827,-332
120000066,179,501,-322
120000067,28,385,-357
120000068,217,396,-179
120000069,437,373,64
120000070,84,366,-282
120000071,575,62,513
120000072,1018,343,675
120000073,955,96,859
120000074,125,117,8
120000075,948,287,661
120000076,2186,348,1838
120000077,1865,592,1273
120000078,2775,1149,1626
120000079,466,275,191
120000080,331,246,85
120000081,364,200,164
120000082,393,293,100
120000083,121,756,-635
120000084,274,265,9
120000085,194,277,-83
120000086,294,316,-22
120000087,204,246,-42
120000088,741,718,23
120000089,1144,412,732
120000090,715,357,358
120000091,920,629,291
120000092,1193,521,672
120000093,521,406,115
120000094,165,672,-507
120000095,754,230,524
120000096,253,403,-150
120000098,749,387,362
120000099,320,471,-151
120000100,656,546,110
120000101,563,283,280
120000102,568,888,-320
120000103,1558,915,643
120000104,1849,493,1356
120000105,3107,680,2427
120000106,2752,617,2135
120000107,4327,538,3789
120000108,1621,99,1522
120000109,1234,77,1157
120000110,60,663,-603
120000111,106,634,-528
120000112,607,1468,-861
120000113,517,1194,-677
120000114,820,1361,-541
120000115,282,1204,-922
120000116,539,1191,-652
120000117,678,960,-282
120000118,52,35,17
120000119,19,45,-26
120000120,99,69,30
120000121,36,34,2
120000122,200,448,-248
120000123,2290,6927,-4637
120000124,390,235,155
120000125,581,367,214
120000126,272,971,-699
120000127,1252,1322,-70
120000128,1695,3638,-1943
120000129,217,239,-22
120000130,770,361,409
120000131,349,497,-148
120000134,312,433,-121
120000135,671,388,283
120000137,256,381,-125
120000138,1165,180,985
120000139,250,202,48
120000140,1119,247,872
120000141,271,173,98
120000142,742,317,425
120000143,1,74,-73
120000144,145,6,139
120000145,493,3,490
120000146,740,864,-124
120000149,453,628,-175
120000150,1432,8602,-7170
120000151,436,355,81
120000152,477,99,378
120000153,259,346,-87
120000154,541,372,169
120000155,159,249,-90
120000156,468,1382,-914
120000157,879,357,522
120000158,725,568,157
120000159,1637,1520,117
120000160,2157,1512,645
120000161,2365,1688,677
120000162,65,228,-163
120000163,853,549,304
120000164,676,180,496
120000165,627,336,291
120000166,1293,254,1039
120000167,201,110,91
120000168,10,454,-444
120000169,57,1664,-1607
120000170,14,1599,-1585
120000171,20,593,-573
120000172,12,643,-631
120000173,444,2093,-1649
120000174,47,50,-3
120000175,68,120,-52
120000176,59,63,-4
120000177,488,81,407
120000178,14,19,-5
120000179,52,52,0
120000180,168,52,116
120000181,32,1136,-1104
120000182,24,744,-720
120000183,5,312,-307
120000184,135,938,-803
120000186,21,1545,-1524
120000187,19,605,-586
120000188,43,651,-608
120000190,154,61,93
120000191,162,80,82
120000192,168,27,141
120000193,53,4,49
120000195,14,0,14
120000196,44,11,33
120000197,13,23,-10
120000198,237,31,206
120000199,139,3,136
120000200,189,0,189
120000201,17,30,-13
120000202,3,31,-28
120000203,64,130,-66
120000207,2,30,-28
120000208,8,114,-106
120000209,7,32,-25
120000210,74,61,13
120000211,228,1,227
120000212,277,0,277
120000213,194,89,105
120000214,1,104,-103
120000215,2,85,-83
120000216,171,28,143
120000217,280,684,-404
120000218,77,413,-336
120000219,0,287,-287
120000220,5,737,-732
120000225,2148,5,2143
120000226,418,7,411
120000227,774,72,702
120000228,11951,3251,8700
120000230,530,20,510
120000231,1465,1010,455
120000233,393,11,382
120000235,289,363,-74
120000236,938,2,936
120000237,1,557,-556
120000238,1,909,-908
120000241,1191,3119,-1928
120000412,218,2,216
120000413,324,103,221
120000414,243,1,242
120000415,2,15,-13
120000416,101,2,99
120000417,3,37,-34
120000418,186,11,175
120000419,12,65,-53
120000420,21,10,11
120000421,5618,3561,2057
120000422,90,1128,-1038
120000423,1,78,-77
120000424,168,88,80
120000436,72,632,-560
120000437,114,106,8
120000438,1316,191,1125
120000439,184,546,-362
120000443,173,0,173
120000444,1592,302,1290
120000445,1702,839,863
120000446,740,111,629
120000447,235,0,235
120000449,226,1,225
120000450,2,46,-44
120000451,87,110,-23
120000452,379,6,373
120000453,0,81,-81
120000454,38,53,-15
120000455,63,27,36
120000456,2135,3418,-1283
120000457,406,319,87
120000458,376,420,-44
120000459,76,55,21
120000665,310,239,71
120000668,116,1706,-1590
120000669,150,116,34
120000670,100,2407,-2307
120000671,1565,488,1077
120000672,112,357,-245
120900001,105,92,13
120900002,83,407,-324
120900003,96,11,85
120900004,13,143,-130
120900005,13,411,-398
120900006,638,197,441
120900007,188,53,135
120900008,368,516,-148
120900009,396,9,387
120900010,441,121,320
120900011,94,208,-114
120900012,62,1027,-965
120900013,348,107,241
120900014,10,211,-201
120900015,708,49,659
120900016,1088,66,1022
120900017,1275,98,1177
120900018,119,229,-110
120900019,663,527,136
120900020,652,1196,-544
120900021,866,209,657
120900022,29,233,-204
120900023,378,30,348
120900024,1388,357,1031
120900025,1047,852,195
120900026,181,110,71
120900027,674,9,665
120900028,496,153,343
120900029,60,602,-542
120900030,1698,725,973
120900031,346,111,235
120900032,1351,83,1268
120900033,1175,89,1086
120900034,47,2472,-2425
120900035,25,47,-22
120900037,296,13,283
120900038,89,369,-280
120900039,108,44,64
120900040,484,4,480
120900041,63,29,34
120900042,720,28,692
120900043,58,36,22
120900044,9,317,-308
120900045,110,45,65
120900046,694,9,685
120900047,126,160,-34
120900048,150,32,118
120900049,681,3,678
120900050,890,1454,-564
120900051,435,63,372
120900052,720,2,718
120900053,371,32,339
120900054,963,295,668
120900055,562,4,558
120900056,673,37,636
120900057,233,23,210
120900058,795,3,792
120900059,107,2,105
120900060,65,14,51
120900061,178,159,19
120900062,273,0,273
120900063,821,8,813
120900064,747,2,745
120900065,808,1,807
120900066,447,193,254
120900067,237,103,134
120900068,332,1,331
120900069,337,19,318
120900071,13,3,10
120900072,1004,3,1001
120900073,731,52,679
120900074,784,29,755
120900076,440,0,440
120900077,1248,123,1125
120900078,1052,375,677
120900079,980,136,844
120900080,1095,660,435
120900081,977,354,623
120900082,252,363,-111
120900083,95,5,90
120900084,487,561,-74
120900085,48,90,-42
120900086,61,401,-340
120900087,395,406,-11
120900088,126,688,-562
120900089,1452,3229,-1777
120900090,192,10,182
120900091,620,916,-296
120900092,583,288,295
120900093,884,88,796
120900094,281,129,152
120900095,201,6,195
120900096,43,137,-94
120900097,592,332,260
120900098,158,120,38
120900099,55,27,28
120900100,44,130,-86
120900101,300,126,174
120900102,42,42,0
120900103,92,214,-122
120900104,11,35,-24
120900105,27,177,-150
120900106,694,261,433
120900107,130,99,31
120900108,8,192,-184
120900109,28,253,-225
120900110,9,206,-197
120900111,150,194,-44
120900112,6,302,-296
120900113,23,303,-280
120900114,34,204,-170
120900115,104,203,-99
120900116,469,146,323
120900117,3,187,-184
120900118,22,304,-282
120900119,7200,1987,5213
120900120,145,527,-382
120900121,32,246,-214
120900122,607,166,441
120900123,2,112,-110
120900124,1,270,-269
120900125,2,271,-269
120900126,1070,538,532
120900127,15,171,-156
120900128,801,1073,-272
120900129,31,169,-138
120900130,0,320,-320
120900131,111,91,20
120900132,1059,125,934
120900133,49,363,-314
120900134,357,242,115
120900135,6,276,-270
120900136,32,135,-103
120900137,188,77,111
120900138,18,124,-106
120900139,1,322,-321
120900140,5,71,-66
120900141,189,199,-10
120900142,6,125,-119
120900143,1,393,-392
120900144,1,43,-42
120900145,80,394,-314
120900146,1,458,-457
120900147,5,303,-298
120900148,100,88,12
120900149,0,94,-94
120900150,90,260,-170
120900151,1,237,-236
120900152,2,13,-11
120900153,0,2,-2
120900154,1,101,-100
120900155,218,439,-221
120900156,81,184,-103
120900157,0,5,-5
120900158,84,261,-177
120900159,4,17,-13
120900160,22,455,-433
120900161,29,226,-197
120900162,76,397,-321
120900163,100,844,-744
120900164,0,130,-130
120900165,9,1128,-1119
120900166,91,510,-419
120900167,149,64,85
120900169,68,149,-81
120900170,417,3245,-2828
120900171,486,138,348
120900172,147,1379,-1232
120900173,0,39,-39
120900174,6,73,-67
120900175,150,100,50
120900176,13,289,-276
120900177,1,1001,-1000
120900178,1,433,-432
120900179,525,302,223
120900180,34,149,-115
120900181,40,26,14
120900182,44,95,-51
120900183,282,30,252
120900184,150,49,101
120900185,617,1154,-537
120900186,1,225,-224
120900187,388,727,-339
120900188,203,5,198
120900189,55,1774,-1719
120900190,125,1,124
120900191,6,17,-11
120900192,4736,9465,-4729
120900194,54,72,-18
120900195,70,152,-82
120900196,385,23,362
120900197,797,137,660
120900198,127,333,-206
120900199,361,423,-62
120900200,55,114,-59
120900201,233,112,121
120900202,1,74,-73
120900203,34,70,-36
120900204,87,166,-79
120900205,31,12,19
120900206,46,32,14
120900207,69,651,-582
121000001,459,876,-417
121000002,1640,1456,184
121000003,2340,1298,1042
121000004,1835,2591,-756
121000005,1228,2063,-835
121000006,2309,2181,128
121000007,1451,3700,-2249
121000008,3303,3978,-675
121000009,2734,5003,-2269
121000010,5207,5092,115
121000011,4086,8264,-4178
121000012,8686,6256,2430
121000013,4137,5332,-1195
121000014,4444,4353,91
121000015,3211,6405,-3194
121000016,3042,2900,142
121000017,1491,2127,-636
121000018,2332,1128,1204
121000019,6892,6728,164
121000020,7767,13183,-5416
121000021,1410,1239,171
121000022,1746,2282,-536
121000023,1833,1048,785
121000024,3166,3458,-292
121000025,281,1035,-754
121000026,261,130,131
121000027,1101,1024,77
121000028,710,423,287
121000029,669,527,142
121000030,464,293,171
121000031,453,528,-75
121000032,151,125,26
121000034,292,234,58
121000035,92,129,-37
121000036,667,721,-54
121000037,414,693,-279
121000038,277,815,-538
121000039,121,295,-174
121000041,407,402,5
121000042,194,281,-87
121000043,372,596,-224
121000044,878,888,-10
121000045,363,195,168
121000046,558,696,-138
121000047,22,74,-52
121000049,848,500,348
121000050,187,1451,-1264
121000051,453,239,214
121000052,272,758,-486
121000053,285,101,184
121000054,35,325,-290
121000055,696,1572,-876
121000056,744,822,-78
121000057,319,482,-163
121000058,192,202,-10
121000059,1947,1041,906
121000060,462,1031,-569
121000061,51,271,-220
121000062,123,459,-336
121000063,674,973,-299
121000064,461,738,-277
121000065,188,441,-253
121000066,502,666,-164
121000067,275,486,-211
121000068,468,370,98
121000069,134,758,-624
121000070,984,921,63
121000071,1163,1262,-99
121000072,551,544,7
121000073,703,855,-152
121000074,43,134,-91
121000075,13,209,-196
121000076,308,223,85
121000077,88,140,-52
121000078,58,144,-86
121000080,1343,480,863
121000081,2412,2734,-322
121000082,88,242,-154
121000083,118,82,36
121000084,156,159,-3
121000085,175,372,-197
121000086,416,508,-92
121000087,51,215,-164
121000088,422,372,50
121000089,218,313,-95
121000090,161,296,-135
121000091,780,637,143
121000092,134,65,69
121000093,148,147,1
121000094,306,551,-245
121000095,220,667,-447
121000096,2857,1792,1065
121000097,426,1928,-1502
121000098,477,410,67
121000099,590,444,146
121000100,804,127,677
121000101,230,136,94
121000102,270,109,161
121000103,209,101,108
121000104,169,34,135
121000105,400,79,321
121000106,278,159,119
121000107,1370,2110,-740
121000109,697,770,-73
121000110,150,592,-442
121000114,2786,1985,801
121000115,1749,593,1156
121000116,270,798,-528
121000117,277,219,58
121000118,1294,185,1109
121000119,201,270,-69
121000120,213,286,-73
121000121,376,915,-539
121000123,618,466,152
121000127,74,69,5
121000128,737,173,564
121000129,683,297,386
121000130,487,362,125
121000131,845,1007,-162
121000132,624,901,-277
121000135,186,225,-39
121000136,840,999,-159
121000137,353,268,85
121000138,649,1188,-539
121000139,338,518,-180
121000141,160,93,67
121000142,390,610,-220
121000143,112,37,75
121000144,348,1039,-691
121000145,457,635,-178
121000146,996,1057,-61
121000147,855,352,503
121000148,596,712,-116
121000149,1643,1292,351
121000152,243,197,46
121000153,1210,360,850
121000154,1008,378,630
121000155,1402,916,486
121000156,316,730,-414
121000157,579,880,-301
121000158,304,295,9
121000159,222,274,-52
121000160,265,224,41
121000161,286,198,88
121000162,89,61,28
121000165,750,1586,-836
121000166,16,396,-380
121000168,354,172,182
121000169,55,129,-74
121000170,248,42,206
121000171,48,146,-98
121000172,591,495,96
121000173,1033,954,79
121000174,409,429,-20
121000175,1134,313,821
121000176,329,341,-12
121000177,579,403,176
121000178,74,38,36
121000179,32,20,12
121000181,372,375,-3
121000182,97,283,-186
121000183,64,74,-10
121000184,37,112,-75
121000185,34,229,-195
121000186,189,488,-299
121000187,124,74,50
121000188,150,58,92
121000192,679,360,319
121000193,473,287,186
121000194,1422,1510,-88
121000195,162,793,-631
121000196,495,253,242
121000197,125,724,-599
121000198,167,128,39
121000199,105,189,-84
121000200,501,166,335
121000201,3,159,-156
121000202,700,157,543
121000203,700,1484,-784
121000204,2739,850,1889
121000205,58,209,-151
121000206,65,65,0
121000207,1695,787,908
121000208,4,313,-309
121000209,516,67,449
121000210,628,194,434
121000211,346,87,259
121000212,528,363,165
121000213,9825,2075,7750
121000214,514,1570,-1056
121000215,805,995,-190
121000216,363,449,-86
121000217,2748,2499,249
121000218,360,1304,-944
121000219,1127,474,653
121000220,120,54,66
121000221,125,296,-171
121000222,2417,2206,211
121000223,175,822,-647
121000224,146,479,-333
121000225,652,2175,-1523
121000226,1008,1202,-194
121000227,6,169,-163
121000228,30,424,-394
121000229,289,375,-86
121000230,37,1232,-1195
121000231,1064,28,1036
121000232,320,344,-24
121000233,438,311,127
121000234,48,96,-48
121000235,63,63,0
121000236,18,81,-63
121000237,18,13,5
121000238,9,104,-95
121000239,60,4,56
121000240,11,170,-159
121000241,78,13,65
121000242,116,751,-635
121000243,228,68,160
121000244,10,156,-146
121000245,40,36,4
121000246,0,173,-173
121000247,184,6,178
121000248,493,1915,-1422
121000249,73,200,-127
121000250,394,242,152
121000251,14,201,-187
121000252,143,72,71
121000253,300,256,44
121000254,763,140,623
121000255,90,132,-42
121000256,221,166,55
121000257,30,98,-68
121000258,60,79,-19
121000259,28,79,-51
121000260,29,91,-62
121000261,80,121,-41
121000262,812,316,496
121000263,381,324,57
121000271,640,1204,-564
121000273,13,8,5
121000274,14,60,-46
121000275,13,11,2
121000276,9,30,-21
121000278,40,20,20
121000279,46,19,27
121000280,19,29,-10
121000289,285,22,263
121000290,947,979,-32
121000294,174,59,115
121000297,473,914,-441
121000299,79,584,-505
121000300,707,477,230
121000302,22,610,-588
121000303,457,156,301
121000304,434,80,354
121000305,129,66,63
121000306,153,154,-1
121000308,116,192,-76
121000309,239,288,-49
121000310,70,153,-83
121000311,47,348,-301
121000312,285,257,28
121000313,138,189,-51
121000314,74,85,-11
121000315,30,81,-51
121000530,1347,1073,274
121000531,1345,1199,146
121000532,4707,6390,-1683
121000533,2700,2787,-87
121000918,39,69,-30
121000919,42,80,-38
121000938,47,220,-173
121000939,49,209,-160
121000956,1335,1085,250
121000957,3,6,-3
121000958,8,33,-25
121000959,891,318,573
121000960,1063,1360,-297
121000961,295,82,213
121000962,1085,547,538
121000973,1,208,-207
121000976,4,137,-133
121000979,325,103,222
121000981,291,107,184
121000982,394,159,235
121000983,376,162,214
121000984,14,35,-21
121000985,768,217,551
121000986,409,79,330
121000987,180,482,-302
121000988,965,83,882
121001302,149,77,72
121001308,1,17,-16
121001309,14,507,-493
121001311,0,0,0
121001313,158,70,88
121001314,1043,1410,-367
121001315,5200,3076,2124
121001326,225,296,-71
121900001,85,205,-120
121900002,18,39,-21
121900003,305,8,297
121900004,38,177,-139
121900005,22,24,-2
121900006,99,19,80
121900007,1556,1327,229
121900008,80,334,-254
121900009,438,8,430
121900010,157,4,153
121900011,132,104,28
121900012,9,0,9
121900013,419,115,304
121900014,1157,312,845
121900015,125,141,-16
121900016,3,24,-21
121900017,388,233,155
121900018,362,6,356
121900019,388,106,282
121900020,53,0,53
121900021,725,18,707
121900022,195,200,-5
121900023,90,202,-112
121900024,265,57,208
121900025,472,419,53
121900026,236,45,191
121900027,277,95,182
121900028,173,6,167
121900029,83,152,-69
121900030,322,418,-96
121900031,753,5178,-4425
121900032,63,38,25
121900033,136,241,-105
121900034,146,152,-6
121900035,2777,1903,874
121900036,111,426,-315
121900037,101,753,-652
121900038,45,79,-34
121900039,179,33,146
121900040,43,86,-43
121900041,74,247,-173
121900042,319,210,109
121900043,1,4,-3
121900044,62,23,39
121900046,139,159,-20
121900047,166,51,115
121900048,43,57,-14
121900050,40,34,6
121900051,80,135,-55
121900052,98,18,80
121900053,276,176,100
121900054,268,746,-478
121900055,10,8,2
121900058,257,140,117
121900059,253,146,107
121900060,80,275,-195
121900061,111,84,27
121900062,89,54,35
121900063,1153,292,861
121900064,229,349,-120
121900066,55,6,49
121900067,28,14,14
121900069,146,77,69
121900070,67,100,-33
121900071,411,181,230
121900072,66,74,-8
121900073,150,286,-136
121900074,298,560,-262
121900075,257,571,-314
121900076,303,376,-73
121900077,8,9,-1
121900078,67,17,50
121900079,0,0,0
121900080,623,173,450
121900082,59,73,-14
121900084,22,38,-16
121900085,3,5,-2
121900086,15,36,-21
121900087,65,137,-72
121900088,940,1802,-862
121900089,204,198,6
121900090,23,36,-13
121900091,65,18,47
121900092,60,65,-5
121900093,75,65,10
121900094,18,4,14
121900095,308,117,191
121900096,729,381,348
121900097,589,143,446
121900098,6,4,2
121900099,198,30,168
121900100,48,261,-213
121900101,90,126,-36
121900102,0,66,-66
121900103,273,206,67
121900104,1206,313,893
121900105,341,149,192
121900106,4,10,-6
121900107,39,15,24
121900108,1,9,-8
121900109,178,95,83
121900110,596,311,285
121900111,496,117,379
121900112,97,108,-11
121900113,54,310,-256
121900114,41,18,23
121900117,81,33,48
121900118,1359,497,862
121900119,129,29,100
121900120,55,614,-559
121900121,243,21,222
121900122,27,43,-16
121900123,121,326,-205
121900124,146,140,6
121900125,1368,870,498
121900127,6,92,-86
121900128,50,46,4
121900129,186,111,75
121900130,67,236,-169
121900131,233,81,152
121900132,19,55,-36
121900133,32,839,-807
121900134,13,200,-187
121900135,2579,272,2307
121900136,306,151,155
121900137,43,200,-157
121900138,52,109,-57
121900139,209,1787,-1578
121900140,40,54,-14
121900141,77,24,53
121900142,79,57,22
121900143,6,99,-93
121900144,82,309,-227
121900145,109,229,-120
121900146,371,466,-95
121900147,52,174,-122
121900148,137,249,-112
121900149,218,373,-155
121900150,41,129,-88
121900151,45,244,-199
121900152,73,72,1
121900153,17,369,-352
121900154,7,355,-348
121900155,0,156,-156
121900156,80,113,-33
121900157,0,199,-199
121900158,57,96,-39
121900159,0,124,-124
121900160,50,170,-120
121900161,231,404,-173
121900162,73,128,-55
121900163,258,181,77
121900164,169,185,-16
121900165,143,86,57
121900166,70,103,-33
121900167,56,110,-54
121900168,86,183,-97
121900169,6,124,-118
121900170,6,104,-98
121900171,589,432,157
121900172,447,159,288
121900173,437,213,224
121900174,31,31,0
121900175,58,186,-128
121900176,360,1320,-960
121900177,101,60,41
121900178,34,42,-8
121900179,280,227,53
121900180,1353,3695,-2342
121900182,412,1039,-627
121900183,443,1203,-760
121900184,57,610,-553
121900186,15,274,-259
121900187,14,123,-109
121900188,390,150,240
121900189,31,38,-7
121900190,175,300,-125
121900191,56,308,-252
121900192,173,1461,-1288
121900193,29,176,-147
121900194,6,200,-194
121900195,17,30,-13
121900196,589,677,-88
121900197,248,713,-465
121900198,1719,1228,491
121900199,0,36,-36
121900200,25,115,-90
121900201,491,538,-47
121900202,103,522,-419
121900203,61,883,-822
121900204,651,777,-126
121900205,10,112,-102
121900206,11,39,-28
121900207,38,12,26
121900208,72,426,-354
121900209,41,40,1
121900210,1508,946,562
121900211,491,251,240
121900212,34,143,-109
121900213,282,30,252
121900214,9,328,-319
121900215,26,93,-67
121900216,26,148,-122
121900217,111,130,-19
121900218,105,478,-373
121900220,95,18,77
121900221,388,461,-73
121900222,153,55,98
121900223,89,46,43
121900224,43,19,24
121900225,55,170,-115
121900226,194,44,150
121900227,258,552,-294
121900228,89,118,-29
121900230,36,236,-200
121900231,59,1078,-1019
121900232,81,304,-223
121900233,225,179,46
121900234,201,119,82
121900235,402,107,295
121900236,198,115,83
121900237,217,306,-89
121900238,135,222,-87
121900239,116,30,86
121900240,166,79,87
121900241,56,17,39
121900242,19,4,15
121900243,5,0,5
121900244,7,3,4
121900245,136,74,62
121900246,3246,193,3053
121900248,807,658,149
121900250,129,319,-190
121900251,351,27,324
121900252,326,124,202
121900253,97,840,-743
121900254,327,303,24
121900255,413,60,353
121900258,2959,1278,1681
121900259,183,425,-242
121900260,135,91,44
121900261,136,486,-350
121900262,351,690,-339
121900263,231,116,115
121900264,716,595,121
121900265,295,109,186
121900266,409,79,330
121900267,68,35,33
121900269,154,592,-438
121900270,38,167,-129
121900271,48,121,-73
121900273,322,1208,-886
121900274,245,227,18
121900277,212,878,-666
121900278,63,925,-862
121900279,145,136,9
121900280,48,350,-302
121900281,118,401,-283
121900284,51,3,48
121900286,132,59,73
121900287,4,60,-56
121900288,3,0,3
121900290,167,661,-494
121900291,344,694,-350
121900292,91,148,-57
121900293,634,2753,-2119
121900294,207,1,206
121900295,107,108,-1
121900296,30,178,-148
121900298,110,768,-658
121900299,0,4,-4
121900300,86,14,72
121900301,59,9,50
121900302,2,69,-67
121900303,191,269,-78
121900304,4,30,-26
121900305,2,11,-9
121900306,279,4,275
121900307,118,1,117
121900308,7,119,-112
121900309,2,79,-77
121900310,11,175,-164
121900311,590,15,575
121900312,377,12,365
121900313,460,51,409
121900314,1,21,-20
121900315,5,2,3
121900316,2,14,-12
121900317,13,4,9
121900318,0,10,-10
121900319,27,130,-103
121900320,12,18,-6
121900321,23,1,22
121900322,0,7,-7
121900323,12,25,-13
121900324,2,37,-35
121900325,14,7,7
121900326,1,16,-15
121900327,2,31,-29
121900328,0,11,-11
121900329,1,76,-75
121900330,1,233,-232
121900331,6,13,-7
121900332,55,12,43
121900333,47,2,45
121900334,43,51,-8
122000001,854,4227,-3373
122000002,1562,874,688
122000003,1033,2296,-1263
122000004,1382,1078,304
122000005,2833,1994,839
122000006,803,1180,-377
122000007,546,1530,-984
122000008,940,2566,-1626
122000009,446,396,50
122000010,2041,2336,-295
122000011,4065,1962,2103
122000012,586,3076,-2490
122000013,460,1376,-916
122000014,2582,1110,1472
122000015,921,871,50
122000016,377,683,-306
122000017,945,1036,-91
122000018,1360,1314,46
122000019,704,1282,-578
122000020,139,324,-185
122000021,113,342,-229
122000022,846,1071,-225
122000023,674,1151,-477
122000024,377,2040,-1663
122000025,437,2399,-1962
122000026,362,1286,-924
122000027,484,925,-441
122000028,913,511,402
122000029,283,446,-163
122000030,132,171,-39
122000031,99,351,-252
122000032,2964,1874,1090
122000033,336,2694,-2358
122000034,380,714,-334
122000035,151,535,-384
122000036,355,339,16
122000037,488,196,292
122000038,211,310,-99
122000039,497,517,-20
122000040,144,257,-113
122000041,484,657,-173
122000042,309,385,-76
122000043,62,149,-87
122000044,72,90,-18
122000045,1415,719,696
122000046,616,830,-214
122000047,108,139,-31
122000048,1949,3079,-1130
122000049,4660,2626,2034
122000050,620,835,-215
122000051,132,497,-365
122000052,394,519,-125
122000053,143,969,-826
122000054,1425,1587,-162
122000055,1420,3419,-1999
122000056,2188,2460,-272
122000057,2463,3697,-1234
122000058,760,1791,-1031
122000059,838,2990,-2152
122000060,254,827,-573
122000061,234,607,-373
122000062,397,219,178
122000063,396,1210,-814
122000064,2291,4237,-1946
122000065,1933,1932,1
122000066,580,1000,-420
122000067,736,1080,-344
122000068,1245,756,489
122000069,639,629,10
122000070,577,936,-359
122000071,2158,1115,1043
122000072,594,712,-118
122000073,224,1298,-1074
122000074,2322,1229,1093
122000075,674,805,-131
122000076,5073,1542,3531
122000077,537,1798,-1261
122000078,722,3624,-2902
122000079,286,2206,-1920
122000080,346,553,-207
122000081,87,206,-119
122000082,241,1036,-795
122000083,2291,751,1540
122000084,2138,895,1243
122000085,293,469,-176
122000086,1615,4209,-2594
122000087,145,270,-125
122000088,129,217,-88
122000089,3362,1685,1677
122000090,97,573,-476
122000091,64,225,-161
122000092,35,21,14
122000093,1226,2364,-1138
122000094,3765,2115,1650
122000095,526,2509,-1983
122000096,341,1303,-962
122000098,1847,2644,-797
122000099,549,870,-321
122000100,651,437,214
122000101,265,290,-25
122000102,1625,937,688
122000103,1234,1296,-62
122000104,796,136,660
122000105,299,258,41
122000106,332,1147,-815
122000107,888,350,538
122000108,403,680,-277
122000109,340,215,125
122000110,558,502,56
122000111,2785,1211,1574
122000112,1155,1140,15
122000113,591,533,58
122000114,1316,2054,-738
122000115,1296,1048,248
122000116,319,317,2
122000117,777,250,527
122000118,447,446,1
122000119,1531,1196,335
122000120,699,1919,-1220
122000121,533,1309,-776
122000122,227,723,-496
122000123,891,991,-100
122000124,646,476,170
122000125,325,460,-135
122000126,309,524,-215
122000127,411,590,-179
122000128,196,337,-141
122000129,396,1283,-887
122000130,1727,1056,671
122000131,683,653,30
122000132,176,269,-93
122000133,681,576,105
122000134,692,570,122
122000135,434,281,153
122000136,558,442,116
122000137,1305,609,696
122000139,553,2331,-1778
122000140,384,584,-200
122000141,2184,1140,1044
122000142,90,1025,-935
122000143,214,273,-59
122000144,797,695,102
122000145,467,586,-119
122000146,329,1165,-836
122000147,427,454,-27
122000148,537,1273,-736
122000149,1212,1061,151
122000150,920,788,132
122000151,142,254,-112
122000152,221,217,4
122000153,252,325,-73
122000154,191,189,2
122000155,952,1820,-868
122000156,2910,2608,302
122000157,573,3198,-2625
122000158,211,536,-325
122000159,429,744,-315
122000160,1314,1292,22
122000161,812,720,92
122000162,698,1238,-540
122000163,236,75,161
122000164,27,147,-120
122000165,624,880,-256
122000166,661,1250,-589
122000167,194,284,-90
122000168,143,690,-547
122000169,337,147,190
122000170,226,246,-20
122000171,15,82,-67
122000172,1420,1125,295
122000173,1011,1969,-958
122000174,1274,945,329
122000175,648,230,418
122000176,214,881,-667
122000177,803,1231,-428
122000178,3149,2053,1096
122000179,1687,2634,-947
122000180,687,1057,-370
122000181,845,1870,-1025
122000182,1195,1081,114
122000183,1660,761,899
122000184,2024,2793,-769
122000185,839,2405,-1566
122000186,342,1289,-947
122000187,1354,899,455
122000188,283,230,53
122000189,135,345,-210
122000190,629,1434,-805
122000191,694,666,28
122000192,808,261,547
122000193,341,511,-170
122000194,301,151,150
122000195,74,542,-468
122000196,668,368,300
122000197,336,454,-118
122000198,263,1662,-1399
122000199,243,251,-8
122000200,699,435,264
122000201,954,1719,-765
122000202,678,1841,-1163
122000203,1464,1030,434
122000204,736,1154,-418
122000205,454,773,-319
122000206,2414,735,1679
122000207,1692,1135,557
122000208,1553,1133,420
122000209,1350,424,926
122000210,1305,1244,61
122000211,843,935,-92
122000212,547,440,107
122000213,799,1085,-286
122000214,1413,1335,78
122000215,1625,1375,250
122000217,1071,1438,-367
122000218,554,57,497
122000219,724,609,115
122000220,226,528,-302
122000221,46,223,-177
122000222,463,122,341
122000223,700,331,369
122000225,539,188,351
122000226,951,998,-47
122000227,150,1127,-977
122000228,178,170,8
122000229,15,277,-262
122000230,23,238,-215
122000231,187,499,-312
122000232,519,496,23
122000233,0,26,-26
122000234,388,50,338
122000235,380,55,325
122000236,1033,22,1011
122000237,74,75,-1
122000238,200,276,-76
122000239,491,108,383
122000240,1093,508,585
122000241,1563,346,1217
122000242,496,98,398
122000243,250,35,215
122000244,64,178,-114
122000245,113,89,24
122000246,348,146,202
122000247,367,231,136
122000248,500,725,-225
122000249,954,729,225
122000250,1445,883,562
122000251,92,322,-230
122000252,264,84,180
122000253,43,147,-104
122000254,222,53,169
122000255,501,622,-121
122000256,206,309,-103
122000257,171,124,47
122000258,218,198,20
122000259,23,214,-191
122000260,4,37,-33
122000261,7,233,-226
122000262,1,26,-25
122000263,244,558,-314
122000264,1077,215,862
122000265,1794,820,974
122000266,3066,568,2498
122000267,90,64,26
122000268,99,213,-114
122000269,675,247,428
122000270,372,151,221
122000271,226,1015,-789
122000272,291,908,-617
122000273,321,286,35
122000274,181,133,48
122000275,42,138,-96
122000276,563,322,241
122000277,841,1142,-301
122000278,1267,389,878
122000279,155,172,-17
122000280,572,266,306
122000281,578,399,179
122000282,161,298,-137
122000283,205,146,59
122000284,169,54,115
122000285,248,68,180
122000286,47,88,-41
122000287,1136,1092,44
122000288,426,201,225
122000291,2081,641,1440
122000293,136,107,29
122000294,118,257,-139
122000295,921,125,796
122000296,41,479,-438
122000297,1348,3025,-1677
122000299,427,293,134
122000300,349,342,7
122000301,4462,2696,1766
122000302,449,1546,-1097
122000303,1936,832,1104
122000304,102,227,-125
122000305,1139,158,981
122000306,56,253,-197
122000307,95,76,19
122000309,60,41,19
122000310,18,117,-99
122000311,138,114,24
122000312,77,229,-152
122000313,79,72,7
122000314,124,229,-105
122000315,263,101,162
122000316,924,205,719
122000317,1378,214,1164
122000318,259,701,-442
122000319,138,191,-53
122000320,238,624,-386
122000321,67,147,-80
122000322,1421,1650,-229
122000323,664,2067,-1403
122000324,1113,1551,-438
122000325,581,2722,-2141
122000326,103,66,37
122000327,238,503,-265
122000328,361,221,140
122000330,1025,1087,-62
122000332,202,239,-37
122000333,26,56,-30
122000337,810,413,397
122000338,333,147,186
122000340,103,1406,-1303
122000342,846,496,350
122000343,337,365,-28
122000344,99,12,87
122000345,22,13,9
122000346,204,170,34
122000348,552,401,151
122000349,102,349,-247
122000351,107,216,-109
122000352,222,168,54
122000353,99,109,-10
122000355,124,242,-118
122000356,531,982,-451
122000357,54,12,42
122000358,0,13,-13
122000359,0,10,-10
122000360,1,17,-16
122000362,4,41,-37
122000364,145,237,-92
122000365,0,27,-27
122000366,14,4,10
122000368,353,538,-185
122000370,26,22,4
122000371,15,2,13
122000372,8,1,7
122000381,113,226,-113
122000382,65,148,-83
122000384,976,976,0
122000385,60,0,60
122000386,183,1192,-1009
122000387,286,602,-316
122000388,748,639,109
122000389,138,865,-727
122000390,238,349,-111
122000391,168,744,-576
122000392,139,109,30
122000393,26,69,-43
122000394,481,92,389
122000395,85,59,26
122000396,203,63,140
122000397,23,24,-1
122000398,11,29,-18
122000399,97,60,37
122000400,30,570,-540
122000401,100,32,68
122000402,261,106,155
122000403,307,321,-14
122000404,136,91,45
122000408,490,752,-262
122000503,10,78,-68
122000524,74,161,-87
122000544,79,1414,-1335
122000616,152,4,148
122000640,73,33,40
122000641,152,133,19
122000642,1032,514,518
122000643,58,114,-56
122000644,72,14,58
122000645,43,160,-117
122000651,485,1591,-1106
122000664,131,17,114
122000665,808,364,444
122000666,431,862,-431
122000673,23,106,-83
122000674,225,126,99
122000675,1677,448,1229
122000686,346,728,-382
122000687,1081,242,839
122000688,201,263,-62
122000689,618,160,458
122000690,2265,163,2102
122000691,802,603,199
122000692,993,200,793
122000693,290,519,-229
122000695,318,188,130
122000696,476,80,396
122000698,355,213,142
122000699,205,43,162
122000701,1285,209,1076
122000702,332,660,-328
122000703,186,71,115
122000712,0,1,-1
122000717,78,45,33
122000718,508,1183,-675
122000719,221,96,125
122000720,582,95,487
122000724,142,203,-61
122900001,22,10,12
122900002,849,5009,-4160
122900003,326,23,303
122900004,1376,50,1326
122900005,63,72,-9
122900006,301,655,-354
122900007,77,98,-21
122900008,188,151,37
122900009,518,225,293
122900010,155,86,69
122900012,195,308,-113
122900014,111,132,-21
122900015,427,666,-239
122900016,141,139,2
122900017,166,416,-250
122900018,112,13,99
122900019,12,102,-90
122900020,117,247,-130
122900021,26,191,-165
122900022,914,675,239
122900023,555,145,410
122900024,90,118,-28
122900025,7,220,-213
122900026,15,95,-80
122900027,38,435,-397
122900028,74,77,-3
122900029,3496,1837,1659
122900030,1128,395,733
122900031,40,249,-209
122900032,149,243,-94
122900033,171,108,63
122900034,2349,3338,-989
122900035,7,18,-11
122900036,51,37,14
122900037,245,124,121
122900038,49,2126,-2077
122900039,69,439,-370
122900040,140,514,-374
122900041,230,230,0
122900042,123,242,-119
122900043,178,208,-30
122900044,91,246,-155
122900045,95,131,-36
122900046,109,256,-147
122900047,74,102,-28
122900048,31,118,-87
122900049,1551,124,1427
122900051,36,275,-239
122900052,182,125,57
122900053,5,23,-18
122900055,187,49,138
122900057,152,46,106
122900061,385,114,271
122900062,390,477,-87
122900063,135,97,38
122900064,573,267,306
122900065,465,223,242
122900066,502,324,178
122900067,575,272,303
122900069,224,955,-731
122900070,250,34,216
122900071,135,271,-136
122900072,5,246,-241
122900073,26,82,-56
122900074,893,269,624
122900075,0,73,-73
122900076,3,142,-139
122900077,0,50,-50
122900078,176,17,159
122900080,16,39,-23
122900081,110,103,7
122900082,773,97,676
122900083,73,53,20
122900084,14,83,-69
122900086,4,74,-70
122900087,269,317,-48
122900088,27,381,-354
122900089,14,136,-122
122900090,11,200,-189
122900091,254,1,253
122900092,0,46,-46
122900093,0,67,-67
122900094,0,97,-97
122900095,128,18,110
122900096,265,35,230
122900097,29,30,-1
122900098,27,91,-64
122900099,155,18,137
122900100,44,429,-385
122900101,274,185,89
122900102,33,27,6
122900103,167,17,150
122900104,259,4,255
122900105,24,19,5
122900106,2,32,-30
122900107,4,62,-58
122900108,1,102,-101
123000001,644,734,-90
123000002,1902,4649,-2747
123000003,3467,3389,78
123000004,2260,2972,-712
123000005,2180,2251,-71
123000006,1678,1572,106
123000007,3131,2329,802
123000008,1843,2019,-176
123000009,3757,2511,1246
123000010,2965,2891,74
123000011,1397,1039,358
123000012,510,2197,-1687
123000013,3018,1042,1976
123000014,534,2710,-2176
123000015,1509,898,611
123000016,1999,2343,-344
123000017,2999,1558,1441
123000018,116,79,37
123000019,336,28,308
123000020,217,28,189
123000021,94,118,-24
123000022,291,1270,-979
123000023,1643,1882,-239
123000024,1668,681,987
123000025,380,95,285
123000026,18,81,-63
123000027,61,682,-621
123000028,1032,1056,-24
123000029,473,1268,-795
123000030,217,68,149
123000031,243,129,114
123000032,320,55,265
123000033,242,70,172
123000034,979,634,345
123000035,338,299,39
123000036,173,789,-616
123000037,219,147,72
123000038,47,197,-150
123000039,348,1162,-814
123000040,376,156,220
123000041,585,1082,-497
123000042,417,736,-319
123000043,1343,9296,-7953
123000044,2363,1710,653
123000045,2955,1670,1285
123000046,251,949,-698
123000047,837,827,10
123000048,50,804,-754
123000049,3733,6661,-2928
123000050,1442,1239,203
123000051,61,108,-47
123000052,602,2751,-2149
123000053,1819,2459,-640
123000054,1255,981,274
123000055,1300,2640,-1340
123000056,844,806,38
123000057,3288,3915,-627
123000058,554,919,-365
123000059,177,338,-161
123000060,716,297,419
123000061,194,422,-228
123000063,622,764,-142
123000064,873,137,736
123000065,2324,1593,731
123000066,368,340,28
123000067,787,322,465
123000068,1252,1418,-166
123000069,3003,1220,1783
123000070,122,409,-287
123000071,1162,603,559
123000072,1023,362,661
123000073,1543,597,946
123000074,838,669,169
123000075,312,1002,-690
123000076,542,228,314
123000077,1656,1182,474
123000078,1771,1209,562
123000079,1701,1366,335
123000080,1901,767,1134
123000081,148,268,-120
123000082,202,527,-325
123000083,796,261,535
123000084,605,323,282
123000085,367,69,298
123000086,752,54,698
123000087,319,159,160
123000088,883,359,524
123000089,611,724,-113
123000090,1103,679,424
123000091,1179,1012,167
123000092,813,959,-146
123000094,439,134,305
123000095,558,395,163
123000096,818,257,561
123000097,409,336,73
123000098,876,405,471
123000099,649,405,244
123000100,271,555,-284
123000101,419,431,-12
123000102,342,581,-239
123000104,253,375,-122
123000105,367,283,84
123000106,356,332,24
123000107,206,267,-61
123000108,394,722,-328
123000111,867,268,599
123000112,1105,375,730
123000113,487,505,-18
123000114,269,441,-172
123000115,199,206,-7
123000116,36,64,-28
123000117,1356,834,522
123000118,373,438,-65
123000119,144,401,-257
123000120,195,386,-191
123000121,393,539,-146
123000122,247,219,28
123000123,358,448,-90
123000124,285,302,-17
123000125,999,959,40
123000126,920,3170,-2250
123000127,457,372,85
123000128,181,213,-32
123000129,756,179,577
123000130,682,62,620
123000131,981,727,254
123000132,184,312,-128
123000133,122,196,-74
123000134,162,96,66
123000135,1862,749,1113
123000136,168,363,-195
123000137,63,133,-70
123000138,72,180,-108
123000139,488,95,393
123000140,63,362,-299
123000141,512,112,400
123000142,735,604,131
123000143,849,1267,-418
123000144,6,13,-7
123000145,132,120,12
123000146,7,91,-84
123000147,44,103,-59
123000149,188,261,-73
123000150,75,171,-96
123000151,171,400,-229
123000152,28,252,-224
123000153,65,529,-464
123000154,1006,1367,-361
123000155,1220,864,356
123000156,35,85,-50
123000157,387,575,-188
123000158,383,551,-168
123000159,2353,2522,-169
123000160,758,709,49
123000161,1169,798,371
123000162,936,1264,-328
123000163,456,91,365
123000164,1527,243,1284
123000165,463,841,-378
123000166,41,72,-31
123000167,135,176,-41
123000168,190,127,63
123000169,815,110,705
123000170,136,44,92
123000171,730,7,723
123000172,117,255,-138
123000173,413,272,141
123000174,718,385,333
123000175,338,660,-322
123000176,781,200,581
123000177,266,490,-224
123000178,650,105,545
123000179,48,309,-261
123000180,1418,315,1103
123000181,241,733,-492
123000182,148,152,-4
123000183,190,515,-325
123000184,87,293,-206
123000185,617,274,343
123000186,2,282,-280
123000187,574,17,557
123000188,177,0,177
123000189,183,127,56
123000190,61,113,-52
123000192,26,252,-226
123000193,81,583,-502
123000194,268,228,40
123000195,319,26,293
123000196,319,41,278
123000197,69,54,15
123000198,49,1410,-1361
123000199,10,679,-669
123000200,591,3,588
123000201,1180,20,1160
123000202,16,441,-425
123000203,974,41,933
123000204,76,514,-438
123000205,296,719,-423
123000206,2041,224,1817
123000207,81,474,-393
123000208,404,182,222
123000209,1853,602,1251
123000210,344,1158,-814
123000211,453,1084,-631
123000212,2887,377,2510
123000213,579,94,485
123000215,50,180,-130
123000216,125,528,-403
123000217,210,22,188
123000218,28,345,-317
123000219,415,49,366
123000220,403,95,308
123000221,165,68,97
123000222,318,168,150
123000223,356,123,233
123000224,413,233,180
123000225,259,41,218
123000226,101,192,-91
123000227,66,171,-105
123000228,240,55,185
123000229,665,912,-247
123000232,51,376,-325
123000233,726,117,609
123000234,116,353,-237
123000235,1030,262,768
123000236,195,363,-168
123000237,329,110,219
123000238,50,249,-199
123000239,346,541,-195
123000240,34,484,-450
123000241,232,55,177
123000242,124,134,-10
123000243,683,710,-27
123000244,728,564,164
123000245,46,131,-85
123000249,240,463,-223
123000252,722,259,463
123000253,1184,425,759
123000254,618,460,158
123000255,738,648,90
123000256,21,110,-89
123000257,1551,841,710
123000258,661,405,256
123000259,347,304,43
123000260,481,233,248
123000261,214,77,137
123000262,94,107,-13
123000263,412,79,333
123000264,146,83,63
123000265,33,113,-80
123000266,392,350,42
123000267,460,286,174
123000268,25,44,-19
123000269,41,83,-42
123000270,30,66,-36
123000271,71,29,42
123000272,551,300,251
123000273,231,708,-477
123000274,974,550,424
123000275,199,577,-378
123000278,1515,1828,-313
123000279,116,59,57
123000280,253,177,76
123000281,213,76,137
123000282,64,236,-172
123000283,122,79,43
123000284,77,61,16
123000286,157,409,-252
123000287,424,246,178
123000288,1181,854,327
123000289,326,1067,-741
123000291,174,716,-542
123000294,157,226,-69
123000295,669,893,-224
123000296,632,394,238
123000297,609,316,293
123000298,777,187,590
123000299,86,143,-57
123000300,880,794,86
123000301,102,234,-132
123000302,74,107,-33
123000303,72,219,-147
123000305,582,648,-66
123000306,143,51,92
123000309,35,52,-17
123000310,45,28,17
123000311,0,64,-64
123000312,293,283,10
123000313,502,294,208
123000315,102,155,-53
123000316,558,238,320
123000317,197,65,132
123000318,96,157,-61
123000329,7,18,-11
123000337,467,973,-506
123000338,165,124,41
123000339,235,51,184
123000340,79,192,-113
123000342,10,57,-47
123000343,41,13,28
123000344,607,228,379
123000345,231,318,-87
123000346,316,38,278
123000352,720,573,147
123000353,44,175,-131
123000354,147,8,139
123000355,0,116,-116
123000356,280,2,278
123000357,0,47,-47
123000359,4,51,-47
123000360,205,49,156
123000361,90,135,-45
123000362,382,65,317
123000363,79,93,-14
123000364,331,484,-153
123000365,14,254,-240
123000366,253,1725,-1472
123000367,198,447,-249
123000370,17,104,-87
123000371,355,24,331
123000372,292,6,286
123000373,6,156,-150
123000374,5,48,-43
123000375,322,21,301
123000376,749,603,146
123000377,414,14,400
123000378,12,138,-126
123000379,4,63,-59
123000380,21,251,-230
123000381,60,94,-34
123000382,383,76,307
123000383,31,698,-667
123000384,338,90,248
123000385,79,416,-337
123000436,38,904,-866
123000507,115,158,-43
123000508,145,954,-809
123000517,212,21,191
123000518,18,121,-103
123000519,109,96,13
123000520,39,113,-74
123000521,317,92,225
123000522,87,164,-77
123000541,8,0,8
123000542,0,3,-3
123000565,873,22,851
123000566,246,183,63
123000567,59,110,-51
123000573,18,362,-344
123000574,506,32,474
123000575,1250,668,582
123000576,722,685,37
123000577,39,456,-417
123000578,205,77,128
123000579,704,4895,-4191
123000580,119,34,85
123000582,351,27,324
123000583,10,192,-182
123000584,149,262,-113
123000585,0,18,-18
123000586,66,0,66
123000596,57,56,1
123000597,49,173,-124
123000602,59,6,53
123000603,961,242,719
123000604,570,218,352
123000605,612,36,576
123000606,0,355,-355
123000609,15,260,-245
123000610,77,85,-8
123000613,38,132,-94
123000614,245,25,220
123000615,48,79,-31
123000616,599,42,557
123000617,73,114,-41
123000618,42,365,-323
123000619,399,65,334
123000620,26,190,-164
123000622,383,23,360
123000624,152,66,86
123000630,1374,290,1084
123000631,212,445,-233
123000632,492,488,4
123000633,1,147,-146
123000634,50,189,-139
123000635,41,81,-40
123000636,32,237,-205
123000637,149,37,112
123000638,409,12,397
123000639,479,3752,-3273
123000640,25,210,-185
123000648,368,72,296
123000649,30,258,-228
123900001,747,30,717
123900002,13,986,-973
123900003,134,273,-139
123900005,222,150,72
123900006,306,42,264
124000001,1631,143,1488
124000002,34,782,-748
124000003,1005,135,870
124000004,41,235,-194
124000005,1083,541,542
124000006,161,539,-378
124000007,365,82,283
124000008,12,243,-231
124000009,782,217,565
124000010,163,199,-36
124000011,991,243,748
124000012,168,259,-91
124000017,189,110,79
124000018,91,43,48
124000019,113,109,4
124000020,36,66,-30
124000021,112,80,32
124000022,58,105,-47
124000023,1063,1257,-194
124000024,1006,338,668
124000025,953,1258,-305
124000026,838,771,67
124000027,3169,3389,-220
124000028,838,2540,-1702
124000030,1499,954,545
124000031,1425,3784,-2359
124000032,1319,476,843
124000033,853,511,342
124000034,319,493,-174
124000035,336,131,205
124000036,96,283,-187
124000037,234,882,-648
124000038,16,67,-51
124000039,359,312,47
124000040,205,651,-446
124000041,328,116,212
124000042,96,172,-76
124000043,86,156,-70
124000044,55,84,-29
124000045,782,289,493
124000046,202,383,-181
124000047,1556,470,1086
124000048,620,437,183
124000049,1493,312,1181
124000050,548,870,-322
124000051,944,325,619
124000052,459,477,-18
124000053,458,1578,-1120
124000054,609,298,311
124000055,1006,2627,-1621
124000056,1089,790,299
124000057,1143,457,686
124000058,353,622,-269
124000059,732,1099,-367
124000060,549,365,184
124000061,1075,4863,-3788
124000062,2536,1041,1495
124000063,887,919,-32
124000064,1313,757,556
124000065,84,384,-300
124000066,180,86,94
124000067,185,118,67
124000068,87,174,-87
124000069,751,127,624
124000070,203,330,-127
124000071,170,154,16
124000072,180,271,-91
124000073,804,149,655
124000074,156,476,-320
124000075,274,9,265
124000076,8,46,-38
124000077,596,499,97
124000078,1485,941,544
124000079,157,812,-655
124000080,515,142,373
124000081,188,300,-112
124000082,38,158,-120
124000083,32,63,-31
124000084,76,592,-516
124000085,71,40,31
124000086,18,111,-93
124000087,61,79,-18
124000088,61,361,-300
124000089,607,192,415
124000090,123,172,-49
124000091,401,100,301
124000092,162,430,-268
124000093,97,90,7
124000094,105,347,-242
124000095,122,51,71
124000096,113,158,-45
124000097,110,97,13
124000098,68,68,0
124000099,211,81,130
124000100,33,118,-85
124000101,96,91,5
124000102,88,34,54
124000103,149,109,40
124000104,81,37,44
124000105,131,91,40
124000106,111,55,56
124000107,21,224,-203
124000108,40,15,25
124000109,116,83,33
124000110,115,66,49
124000111,199,159,40
124000112,653,375,278
124000113,106,108,-2
124000114,290,215,75
124000115,314,393,-79
124000116,123,179,-56
124000117,52,71,-19
124000118,30,66,-36
124000119,548,390,158
124000120,355,371,-16
124000121,1334,690,644
124000122,335,864,-529
124000123,671,406,265
124000124,302,582,-280
124000125,356,293,63
124000126,169,447,-278
124000127,754,297,457
124000128,399,443,-44
124000129,1462,1173,289
124000130,529,429,100
124000131,705,561,144
124000132,562,460,102
124000133,776,789,-13
124000134,582,283,299
124000135,1173,1451,-278
124000136,459,544,-85
124000137,588,586,2
124000138,560,847,-287
124000139,300,50,250
124000140,7,229,-222
124000141,500,11,489
124000142,45,199,-154
124000143,100,3,97
124000144,12,106,-94
124000145,78,50,28
124000146,14,22,-8
124000148,9,76,-67
124000149,738,255,483
124000150,170,410,-240
124000151,805,387,418
124000152,482,720,-238
124000153,789,968,-179
124000154,431,447,-16
124000155,1064,750,314
124000156,934,756,178
124000169,146,338,-192
124000170,384,399,-15
124000171,220,179,41
124000172,216,297,-81
124000173,425,158,267
124000174,313,341,-28
124000175,2,29,-27
124000176,59,12,47
124000177,3,29,-26
124000178,43,37,6
124000190,80,128,-48
124000191,103,290,-187
124000192,906,402,504
124000193,98,786,-688
124000194,228,280,-52
124000195,305,563,-258
124000196,612,468,144
124000197,27,33,-6
124000198,23,30,-7
124000201,203,441,-238
124000202,563,203,360
124000203,479,164,315
124000204,920,133,787
124000205,114,175,-61
124000206,775,184,591
124000207,0,16,-16
124000209,188,135,53
124000210,640,116,524
124000211,780,2,778
124000212,2,141,-139
124000213,656,134,522
124000214,429,205,224
124000215,458,20,438
124000216,3,166,-163
124000329,88,565,-477
124000338,62,265,-203
124000339,1237,54,1183
124000341,1498,60,1438
124000344,47,40,7
124000357,1063,2102,-1039
124000358,749,1534,-785
124000359,1105,677,428
124000360,777,479,298
124000361,1942,935,1007
124000362,829,1135,-306
124000363,232,297,-65
124000364,369,460,-91
124000365,537,611,-74
124000366,1109,544,565
124000367,71,170,-99
124000368,472,532,-60
124000369,188,102,86
124000370,53,484,-431
124000402,13,8,5
124000403,157,12,145
124000404,3,31,-28
124000405,748,496,252
124000406,471,429,42
124000407,2,18,-16
124000411,10,90,-80
124000412,382,4,378
124000413,59,10,49
124000414,125,108,17
124000415,45,47,-2
124000416,142,114,28
124000417,144,71,73
124000418,171,47,124
124000419,79,58,21
124000420,92,36,56
124000421,47,50,-3
124000422,11,11,0
124000423,69,13,56
124000424,6,41,-35
124000425,129,13,116
124000426,13,65,-52
124000427,184,5,179
124000428,2,42,-40
124000429,78,25,53
124000430,551,256,295
124000431,652,221,431
124000432,226,428,-202
124000439,3,4,-1
124000443,0,10,-10
124000445,232,1654,-1422
124000446,658,205,453
124000447,23,126,-103
124900001,713,419,294
124900002,132,171,-39
124900003,1039,387,652
124900004,785,225,560
124900005,193,63,130
124900006,765,233,532
124900008,774,488,286
124900009,97,339,-242
124900010,142,241,-99
124900011,420,239,181
124900012,407,113,294
124900013,581,187,394
124900014,231,42,189
124900015,128,331,-203
124900016,70,108,-38
124900017,421,1900,-1479
124900018,108,12,96
124900020,68,53,15
124900021,277,21,256
124900022,55,8,47
124900024,235,5,230
124900026,102,30,72
124900027,98,444,-346
124900028,163,60,103
124900029,18,457,-439
124900030,4,51,-47
124900031,23,116,-93
124900032,165,196,-31
124900033,55,116,-61
124900034,6,44,-38
124900035,114,211,-97
124900036,1,42,-41
124900037,185,129,56
124900038,189,191,-2
124900039,2,102,-100
124900040,155,82,73
124900041,219,462,-243
124900042,68,5,63
124900043,403,454,-51
124900044,72,1,71
124900045,280,731,-451
124900047,81,77,4
124900048,182,75,107
124900050,171,116,55
124900052,67,192,-125
124900053,104,213,-109
124900054,751,362,389
124900055,0,120,-120
124900057,9,44,-35
124900060,43,117,-74
124900061,131,7,124
124900062,201,16,185
124900066,1,14,-13
124900067,1,49,-48
124900068,182,376,-194
124900070,30,27,3
124900072,126,44,82
124900075,322,169,153
124900076,10,1342,-1332
124900077,20,66,-46
124900078,44,24,20
124900079,246,120,126
124900080,309,304,5
124900081,1110,280,830
124900082,266,433,-167
124900083,265,224,41
124900085,418,558,-140
124900086,32,1006,-974
124900087,260,64,196
124900088,195,66,129
124900089,612,59,553
124900090,399,155,244
124900091,265,182,83
124900092,223,166,57
124900093,383,156,227
124900094,503,182,321
124900095,116,446,-330
124900096,302,196,106
124900097,305,36,269
124900098,108,215,-107
124900099,252,436,-184
124900100,275,41,234
124900101,88,198,-110
124900102,232,12,220
124900103,128,86,42
124900104,51,77,-26
124900105,96,47,49
124900106,343,21,322
124900107,74,22,52
124900108,136,76,60
124900111,1,163,-162
124900112,50,168,-118
124900113,53,200,-147
124900114,89,142,-53
124900115,21,29,-8
124900116,211,191,20
124900117,150,157,-7
124900118,123,379,-256
124900119,336,166,170
124900120,53,226,-173
124900121,57,325,-268
124900122,205,149,56
124900123,214,90,124
124900124,96,247,-151
204000001,105,7,98
204000002,29,3,26
204000003,20,2,18
204000004,2,1,1
204000005,640,420,220
204000006,1123,1189,-66
204000011,14,25,-11
204000012,70,115,-45
204000019,847,353,494
204000020,584,373,211
204000021,902,641,261
204000022,769,395,374
204000023,555,555,0
204000031,34,6,28
204000032,277,29,248
204000034,39,91,-52
204000035,0,3,-3
204000036,6,18,-12
204000037,3,24,-21
204000038,0,22,-22
204000039,2,12,-10
204000040,5,11,-6
204000041,8,14,-6
204000042,26,8,18
204000043,27,4,23
204000044,24,1,23
204000045,38,5,33
204000046,5,4,1
204000057,9,2,7
204000062,26,24,2
204000068,15,246,-231
204000069,76,355,-279
204000070,86,73,13
204000080,54,41,13
204000085,1578,1041,537
204000086,1547,1309,238
204000087,53,9,44
204000088,13,79,-66
204000090,68,190,-122
204000093,459,68,391
204000096,992,1072,-80
204000097,421,10,411
204000099,920,1293,-373
204000100,1491,1465,26
204000105,1398,679,719
204000110,321,873,-552
204000111,443,421,22
204000112,457,388,69
204000113,374,444,-70
204000114,844,666,178
204000115,544,254,290
204000116,393,381,12
204000119,1677,1844,-167
204000132,619,350,269
204000133,763,118,645
204000134,170,43,127
204000135,614,43,571
204000136,510,192,318
204000138,306,521,-215
204000140,223,135,88
204000141,194,69,125
204000144,5,29,-24
204000145,407,121,286
204000146,14,162,-148
204000147,26,130,-104
204000148,199,24,175
204000154,15,3,12
204000155,1,11,-10
204000177,83,24,59
204000179,154,7,147
204000180,2,31,-29
204000222,3,6,-3
204000235,23,5,18
204000236,40,130,-90
204000238,30,14,16
204000240,304,94,210
204000263,487,545,-58
204000268,647,485,162
204000308,144,40,104
204000317,18,53,-35
204000322,14,29,-15
204000323,3,6,-3
204000328,186,58,128
204000329,63,108,-45
204000330,175,20,155
204000331,109,86,23
205000001,736,949,-213
205000013,7,33,-26
205000014,39,59,-20
205000015,30,75,-45
205000016,23,87,-64
205000017,21,44,-23
205000022,365,552,-187
205000025,890,618,272
205000029,250,6,244
205000045,106,877,-771
205000046,112,586,-474
205000047,59,280,-221
205000048,330,523,-193
205000049,162,519,-357
205000050,556,222,334
205000059,0,125,-125
205000060,2,101,-99
205000061,3,123,-120
205000062,2,164,-162
205000063,24,180,-156
205000064,25,97,-72
205000065,74,397,-323
205000066,107,378,-271
205000067,30,543,-513
205000069,250,25,225
205000082,135,112,23
205000110,56,145,-89
205000111,165,153,12
205000112,125,182,-57
205000113,123,227,-104
205000121,220,40,180
205000123,41,137,-96
205000126,489,91,398
205000127,845,127,718
205000128,466,54,412
205000129,838,86,752
205000130,94,21,73
205000131,37,6,31
205000132,76,1,75
205000133,37,1,36
205000134,295,1,294
205000137,57,111,-54
205000138,64,181,-117
205000139,24,73,-49
205000144,50,89,-39
205000145,241,154,87
205000151,163,25,138
205000152,200,13,187
205000153,267,28,239
205000154,77,33,44
205000155,117,9,108
205000207,5,129,-124
205000233,15,0,15
205000234,1,1,0
205000243,1,0,1
205000244,0,5,-5
205000245,10,98,-88
205000249,0,15,-15
205000250,5,0,5
205000264,13,55,-42
206000027,5,5,0
206000028,6,2,4
206000043,4,28,-24
206000053,5,5,0
206000054,0,16,-16
206000055,0,8,-8
206000075,8,18,-10
206000076,16,21,-5
206000077,20,4,16
206000078,31,17,14
206000079,23,15,8
206000082,280,50,230
206000100,17,329,-312
206000103,0,10,-10
206000104,8,23,-15
206000105,4,3,1
206000106,9,11,-2
206000125,115,0,115
206000157,24,286,-262
206000170,0,72,-72
206000171,4,105,-101
206000172,6,157,-151
206000173,1,110,-109
206000174,12,16,-4
206000175,1,34,-33
206000176,8,61,-53
206000177,1,40,-39
206000178,0,124,-124
206000179,2,47,-45
206000180,10,47,-37
206000181,5,24,-19
206000182,7,32,-25
206000183,9,111,-102
206000184,10,134,-124
206000185,9,52,-43
206000186,74,241,-167
206000223,4,115,-111
206000226,10,2,8
206000227,12,2,10
206000237,29,124,-95
206000238,13,214,-201
206000239,166,972,-806
206000240,0,41,-41
206000241,0,63,-63
206000242,8,76,-68
206000243,6,46,-40
206000244,54,185,-131
206000245,774,49,725
206000246,376,10,366
206000247,293,7,286
206000248,428,10,418
206000252,37,33,4
206000258,16,19,-3
206000315,58,2,56
206000317,578,75,503
206000318,904,74,830
206000319,1980,109,1871
206000320,311,49,262
206000321,301,14,287
206000322,553,8,545
206000323,258,6,252
206000324,284,8,276
206000325,182,12,170
206000326,183,10,173
206000327,79,19,60
206000328,198,4,194
206000329,315,10,305
206000330,58,7,51
206000331,274,2,272
206000332,71,2,69
206000333,816,1,815
206000334,346,0,346
206000335,0,7,-7
206000361,5,92,-87
206000392,1,10,-9
206000405,186,6,180
206000441,59,16,43
206000498,54,1,53
206000515,40,27,13
206000530,435,44,391
206000531,256,205,51
206000532,1316,292,1024
206000535,70,1867,-1797
206000536,12,98,-86
206000537,14,116,-102
206000613,1428,195,1233
206000784,510,35,475
207000001,111,522,-411
207000002,105,346,-241
207000003,133,138,-5
207000007,1349,199,1150
207000008,118,11,107
207000009,57,32,25
207000010,304,183,121
207000012,577,161,416
207000015,222,553,-331
207000019,206,75,131
207000021,446,147,299
207000022,191,137,54
207000023,216,62,154
207000024,2,28,-26
207000025,25,60,-35
207000026,64,40,24
207000027,9,59,-50
207000028,51,115,-64
207000029,157,309,-152
207000033,191,420,-229
207000034,261,127,134
207000039,535,71,464
207000040,530,21,509
207000041,41,19,22
207000042,218,40,178
207000043,210,163,47
207000051,94,199,-105
207000052,6,116,-110
207000053,319,321,-2
207000054,52,70,-18
207000055,176,72,104
207000056,314,221,93
207000057,108,266,-158
207000058,174,221,-47
207000059,86,221,-135
207000060,61,187,-126
207000061,161,818,-657
207000062,500,50,450
207000063,492,53,439
207000064,321,71,250
207000065,403,155,248
207000066,334,136,198
207000067,46,54,-8
207000068,118,80,38
207000069,725,240,485
207000082,1,140,-139
207000083,81,165,-84
207000084,379,287,92
207000085,261,21,240
207000086,281,7,274
207000106,33,21,12
207000107,106,12,94
207000108,97,10,87
207000109,47,7,40
207000110,84,45,39
207000111,57,66,-9
207000112,84,602,-518
207000114,15,36,-21
207000115,25,26,-1
207000116,18,284,-266
207000117,4,71,-67
207000118,4,34,-30
207000119,20,64,-44
207000123,156,18,138
207000124,112,16,96
207000125,62,27,35
207000126,90,32,58
207000134,182,91,91
207000135,23,117,-94
207000148,106,259,-153
207000149,51,19,32
207000152,103,383,-280
207000153,337,948,-611
207000154,346,169,177
207000159,105,105,0
207000160,139,182,-43
207000238,2,99,-97
207000242,9,61,-52
207000248,13,9,4
207000249,74,24,50
207000250,258,52,206
207000251,78,70,8
207000252,18,37,-19
207000278,98,95,3
207000279,12,98,-86
207000280,856,75,781
207000281,113,389,-276
207000282,66,148,-82
207000283,48,219,-171
207000284,22,378,-356
207000285,108,127,-19
207000291,9,68,-59
207000304,81,39,42
207000306,66,265,-199
207000310,153,87,66
207000353,163,3,160
207000356,11,41,-30
207000357,5,27,-22
207000358,1,13,-12
207000415,3,79,-76
207000417,58,5,53
207000418,86,127,-41
207000438,0,0,0
207000439,564,491,73
207000446,265,8,257
207000460,40,8,32
207000466,140,149,-9
207000467,290,38,252
207000468,48,151,-103
207000476,10,50,-40
207000477,648,47,601
207000478,2,39,-37
207000523,0,11,-11
207000524,49,1,48
207000527,121,145,-24
207000530,514,8,506
207000531,312,4,308
207000532,35,23,12
207000534,219,33,186
207000535,31,247,-216
207000537,23,69,-46
207000540,4,77,-73
207000541,5,146,-141
207000548,8,106,-98
207000549,251,16,235
207000561,175,207,-32
207000562,40,67,-27
207000567,112,184,-72
207000568,240,26,214
207000569,544,172,372
207000584,106,99,7
207000585,30,267,-237
207000587,167,18,149
207000616,0,77,-77
207000617,150,0,150
207000624,43,32,11
207000631,12,56,-44
207900008,272,43,229
208000001,532,1115,-583
208000002,730,561,169
208000003,1105,411,694
208000004,844,638,206
208000005,3,12,-9
208000019,614,633,-19
208000020,166,391,-225
208000021,250,193,57
208000022,883,376,507
208000028,629,1167,-538
208000033,562,429,133
208000034,898,1149,-251
208000037,236,16,220
208000040,149,83,66
208000041,704,430,274
208000042,786,531,255
208000047,122,134,-12
208000064,1571,1279,292
208000066,1401,2187,-786
208000070,424,232,192
208000071,633,457,176
208000072,430,722,-292
208000080,310,322,-12
208000081,467,131,336
208000082,396,163,233
208000083,170,221,-51
208000084,3,15,-12
208000085,569,403,166
208000086,457,772,-315
208000087,385,609,-224
208000089,1092,258,834
208000090,1075,375,700
208000093,103,173,-70
208000094,502,277,225
208000095,648,373,275
208000104,1016,565,451
208000105,670,759,-89
208000114,102,344,-242
208000115,416,276,140
208000116,607,880,-273
208000117,102,149,-47
208000118,96,173,-77
208000155,627,916,-289
208000158,1007,2978,-1971
208000186,1780,3154,-1374
208000204,683,865,-182
208000205,1156,701,455
208000282,2419,2246,173
209000004,388,209,179
209000005,35,58,-23
209000006,382,258,124
209000007,219,336,-117
209000010,263,124,139
209000011,102,218,-116
209000012,55,90,-35
209000013,178,137,41
209000014,320,400,-80
209000025,444,35,409
209000026,610,108,502
209000027,263,383,-120
209000028,300,274,26
209000029,228,423,-195
209000030,280,633,-353
209000031,1715,1035,680
209000034,190,231,-41
209000035,140,192,-52
209000036,225,91,134
209000037,318,145,173
209000038,132,128,4
209000039,77,122,-45
209000040,273,385,-112
209000041,185,293,-108
209000042,226,251,-25
209000043,433,579,-146
209000044,204,571,-367
209000045,818,271,547
209000046,543,315,228
209000047,405,136,269
209000048,550,281,269
209000049,100,72,28
209000050,159,82,77
209000051,225,131,94
209000052,169,135,34
209000062,70,33,37
209000063,35,34,1
209000064,17,42,-25
209000065,76,16,60
209000066,97,5,92
209000067,135,28,107
209000080,12,163,-151
209000082,57,43,14
209000091,11,52,-41
209000093,34,26,8
209000094,43,119,-76
209000110,49,165,-116
209000111,489,1326,-837
209000112,913,477,436
209000113,1326,540,786
209000114,807,429,378
209000115,61,57,4
209000116,389,151,238
209000118,14,28,-14
209000119,7,10,-3
209000121,114,317,-203
209000135,35,154,-119
209000142,479,1243,-764
209000143,40,41,-1
209000144,27,109,-82
209000229,272,106,166
209000240,23,121,-98
209000259,48,32,16
209000260,34,565,-531
209000261,5,258,-253
209000262,1,180,-179
209000263,0,187,-187
209000264,1,245,-244
209000265,301,27,274
209000266,84,1,83
209000267,854,7,847
209000268,457,60,397
210000037,62,26,36
210000047,81,8,73
210000048,110,5,105
210000049,75,1,74
210000052,60,46,14
210000053,30,30,0
210000054,34,63,-29
210000070,132,2,130
210000071,84,0,84
210000072,35,0,35
210000073,1,23,-22
210000074,1,76,-75
210000075,2,112,-110
210000076,5,127,-122
210000077,10,56,-46
210000078,46,45,1
210000079,18,11,7
210000080,39,75,-36
210000081,107,19,88
210000082,89,3,86
210000083,44,8,36
210000084,36,0,36
210000085,0,35,-35
210000086,4,55,-51
210000099,28,144,-116
210000100,39,91,-52
210000101,50,87,-37
210000105,30,153,-123
210000159,0,161,-161
210000163,69,149,-80
210000164,180,191,-11
210000168,90,43,47
210000187,0,43,-43
210000188,0,19,-19
210000214,78,0,78
210000219,41,26,15
210000220,90,30,60
210000232,2,9,-7
210000233,23,48,-25
210000234,26,79,-53
210000235,50,35,15
210000245,0,30,-30
210000246,21,1,20
210000258,6,41,-35
210000259,284,54,230
210000282,49,188,-139
210000285,1,123,-122
210000286,22,72,-50
210000290,0,9,-9
210000295,52,100,-48
210000296,47,34,13
210000320,168,33,135
210000321,93,27,66
210000338,57,47,10
210000339,149,650,-501
210000340,97,250,-153
210000341,145,251,-106
210000342,177,179,-2
210000343,122,173,-51
210000344,100,105,-5
210000345,126,166,-40
210000346,57,102,-45
210000347,29,68,-39
210000348,99,48,51
210000349,46,22,24
210000350,133,39,94
210000351,157,43,114
210000352,47,30,17
210000353,46,46,0
210000354,50,55,-5
210000355,37,61,-24
210000356,12,40,-28
210000357,44,58,-14
210000358,175,169,6
210000359,55,72,-17
210000360,117,113,4
210000361,181,123,58
210000362,238,170,68
210000363,371,200,171
210000364,100,123,-23
210000365,121,75,46
210000366,115,57,58
210000367,104,22,82
210000368,136,26,110
210000369,15,21,-6
210000370,17,23,-6
210000372,3,25,-22
210000373,30,21,9
210000374,44,19,25
210000375,44,49,-5
210000376,49,74,-25
210000404,39,86,-47
210000439,26,16,10
210000472,54,1,53
210000482,42,94,-52
210000564,133,199,-66
210000567,0,40,-40
210000568,181,2,179
211000092,83,27,56
211000094,26,9,17
211000169,207,10,197
211000172,14,192,-178
211000209,3,27,-24
211000226,9,18,-9
211000270,30,6,24
211000275,9,19,-10
211000276,85,9,76
211000279,2,23,-21
211000281,68,60,8
211000302,26,25,1
211507980,2,56,-54
211977296,34,16,18
212000003,138,18,120
212000004,7,42,-35
212000005,10,43,-33
212000006,30,52,-22
212000008,124,86,38
212000009,38,69,-31
212000012,79,44,35
212000013,25,21,4
212000014,239,76,163
212000015,345,201,144
212000016,403,312,91
212000027,479,222,257
212000028,310,247,63
212000029,227,195,32
212000030,71,21,50
212000031,63,25,38
212000048,27,182,-155
212000049,12,211,-199
212000050,21,21,0
212000051,188,91,97
212000052,142,138,4
212000053,292,246,46
212000054,320,54,266
212000055,353,87,266
212000056,10,23,-13
212000057,15,17,-2
212000058,116,33,83
212000070,108,85,23
212000077,112,277,-165
212000099,295,165,130
212000108,161,77,84
212000111,218,67,151
212000120,89,41,48
212000138,164,18,146
212000156,2,66,-64
212000158,5,26,-21
212000159,482,34,448
212000160,679,152,527
212000161,52,5,47
212000310,46,17,29
212000311,18,44,-26
212000374,35,12,23
213000001,45,242,-197
213000005,384,126,258
213000006,614,231,383
213000007,49,12,37
213000009,344,345,-1
213000010,168,227,-59
213000011,174,75,99
213000012,129,174,-45
213000014,84,9,75
213000015,243,5,238
213000016,278,1,277
213000017,74,1,73
213000018,0,45,-45
213000019,1,48,-47
213000020,123,185,-62
213000021,1,61,-60
213000023,353,194,159
213000033,355,1163,-808
213000034,412,142,270
213000035,103,181,-78
213000045,192,258,-66
213000046,158,141,17
213000047,369,987,-618
213000056,110,22,88
213000069,92,6,86
213000073,3,58,-55
213000074,77,299,-222
213000075,456,5,451
213000076,36,6,30
213000085,4,38,-34
213000086,12,141,-129
213000091,288,7,281
213000092,44,7,37
213000099,158,1016,-858
213000100,786,278,508
213000101,530,64,466
213000102,512,114,398
213000103,649,510,139
213000104,49,240,-191
213000105,62,996,-934
213000106,54,89,-35
213000107,133,245,-112
213000108,65,245,-180
213000109,33,148,-115
213000110,14,108,-94
213000111,4,66,-62
213000112,128,91,37
213000115,30,4,26
213000116,45,337,-292
213000117,4,324,-320
213000118,636,205,431
213000119,48,402,-354
213000120,103,212,-109
213000122,108,250,-142
213000123,201,452,-251
213000124,145,524,-379
213000125,115,26,89
213000126,28,62,-34
213000127,41,158,-117
213000128,186,898,-712
213000129,169,702,-533
213000130,799,282,517
213000132,532,93,439
213000133,754,97,657
213000134,887,20,867
213000136,458,18,440
213000137,656,57,599
213000139,234,19,215
213000147,52,13,39
213000148,7,23,-16
213000149,34,11,23
213000150,2,246,-244
213000151,4,200,-196
213000152,2,141,-139
213000153,6,178,-172
213000154,94,137,-43
213000155,64,106,-42
213000156,123,241,-118
213000157,561,329,232
213000158,337,701,-364
213000159,545,304,241
213000163,924,100,824
213000165,775,227,548
213000171,0,24,-24
213000172,3,133,-130
213000173,2,85,-83
213000174,1,54,-53
213000175,8,26,-18
213000176,49,30,19
213000177,80,2,78
213000178,177,1,176
213000179,254,3,251
213000180,159,0,159
213000184,93,291,-198
213000188,375,89,286
213000189,417,30,387
213000190,606,534,72
213000191,359,225,134
213000192,259,192,67
213000193,409,191,218
213000194,5,143,-138
213000195,24,306,-282
213000196,200,1021,-821
213000197,415,478,-63
213000198,23,4,19
213000200,112,415,-303
213000201,18,41,-23
213000202,4,302,-298
213000203,1758,463,1295
213000204,762,49,713
213000205,300,61,239
213000206,364,25,339
213000207,107,6,101
213000208,43,0,43
213000209,102,7,95
213000210,235,3,232
213000211,10,26,-16
213000212,12,53,-41
213000213,33,92,-59
213000218,250,332,-82
213000219,471,16,455
213000220,456,20,436
213000223,127,206,-79
213000224,22,46,-24
213000225,80,30,50
213000226,85,26,59
213000227,962,138,824
213000228,496,61,435
213000229,67,31,36
213000230,508,19,489
213000232,82,473,-391
213000233,10,98,-88
213000234,8,126,-118
213000293,27,82,-55
213000294,82,29,53
213000295,18,104,-86
213000296,47,15,32
213000297,13,53,-40
213000298,9,48,-39
213000299,34,20,14
213000300,3,1,2
213000303,3,37,-34
213000304,8,15,-7
213000305,2,22,-20
213000306,28,37,-9
213000307,57,94,-37
213000308,66,81,-15
213000309,145,36,109
213000310,376,198,178
213000311,172,743,-571
213000315,98,97,1
213000316,137,35,102
213000322,67,65,2
213000323,127,38,89
213000324,60,9,51
213000325,46,41,5
213000326,30,10,20
213000327,18,21,-3
213000328,28,123,-95
213000329,76,8,68
213000340,141,290,-149
213000341,606,72,534
213000346,152,257,-105
213000347,397,392,5
213000348,10,163,-153
213000349,15,28,-13
213000350,231,536,-305
213000366,71,134,-63
213000367,287,15,272
213000379,33,85,-52
213000386,40,150,-110
213000406,150,191,-41
213000417,1072,385,687
213000425,245,22,223
213000426,203,31,172
213000427,51,100,-49
213000428,39,73,-34
213000429,12,11,1
213000430,63,235,-172
213000431,19,2,17
213000432,1,28,-27
213000433,24,69,-45
213000434,104,98,6
213000435,113,40,73
213000436,85,26,59
213000437,0,4,-4
213000438,183,16,167
213000439,48,13,35
213000440,6,246,-240
213000441,1,0,1
213000442,0,27,-27
213000443,360,199,161
213000444,48,16,32
213000445,0,71,-71
213000446,1,25,-24
213000447,2,25,-23
213000448,9,159,-150
213000449,473,8,465
213000450,12,34,-22
213000451,230,34,196
213000452,25,8,17
213000453,30,153,-123
213000455,136,2,134
213000456,2,206,-204
213000481,1,6,-5
213000482,18,2,16
213000489,146,56,90
213000491,11,198,-187
213000492,142,4,138
213000493,3,177,-174
213000494,270,63,207
213000495,0,16,-16
213000496,368,76,292
213000497,31,177,-146
213000498,108,77,31
213000499,156,137,19
213000500,505,40,465
213000501,116,12,104
213000502,168,99,69
213000503,0,27,-27
213000504,13,28,-15
213000505,3,5,-2
213000506,0,9,-9
213000507,6,78,-72
213900244,61,0,61
213900245,0,8,-8
218000003,17,32,-15
218000004,13,24,-11
218000005,20,32,-12
218000006,72,26,46
218000007,17,9,8
218000012,122,101,21
218000013,131,123,8
218000014,255,245,10
218000019,430,385,45
218000020,177,299,-122
218000021,6,11,-5
218000022,4,1,3
218000023,1,3,-2
218000024,0,2,-2
218000025,1,5,-4
218000026,0,4,-4
218000027,0,0,0
218000028,0,0,0
218000029,0,0,0
218000030,3,2,1
218000031,1,9,-8
218000032,0,5,-5
218000040,8,1,7
218000046,69,51,18
218000047,4,86,-82
218000048,38,57,-19
218000049,71,56,15
218000050,289,114,175
218000051,49,82,-33
218000052,3,29,-26
218000053,4,18,-14
218000054,4,61,-57
218000055,1,11,-10
218000056,12,12,0
218000057,2,18,-16
218000064,2,7,-5
218000065,86,29,57
218000066,14,51,-37
218000067,51,51,0
218000068,120,47,73
218000069,283,61,222
218000070,224,128,96
218000071,196,134,62
218000072,177,145,32
218000078,1021,373,648
218000079,139,50,89
218000080,126,50,76
218000081,502,133,369
218000082,70,67,3
218000083,97,34,63
218000084,162,81,81
218000085,162,153,9
218000086,88,76,12
218000087,237,83,154
218000090,10,83,-73
218000091,960,457,503
218000092,93,100,-7
218000093,69,23,46
218000094,314,453,-139
218000099,192,507,-315
218000100,307,231,76
218000101,294,130,164
218000102,464,116,348
218000103,95,62,33
218000104,90,24,66
218000105,17,17,0
218000106,10,12,-2
218000107,45,22,23
218000108,2,21,-19
218000112,70,20,50
218000117,58,80,-22
218000134,517,313,204
218000135,13,96,-83
218000136,145,99,46
218000137,199,191,8
218000138,48,114,-66
218000139,206,181,25
218000140,411,209,202
218000141,109,54,55
218000142,197,82,115
218000143,85,217,-132
218000144,41,98,-57
218000145,485,190,295
218000146,100,140,-40
218000151,5,19,-14
218000152,81,41,40
218000153,5,4,1
218000154,2,1,1
218000155,24,0,24
218000156,69,7,62
218000157,45,16,29
218000158,9,6,3
218000159,5,4,1
218000160,3,14,-11
218000161,32,1,31
218000162,23,4,19
218000163,19,1,18
218000164,50,1,49
218000165,62,10,52
218000170,8,24,-16
218000171,47,22,25
218000172,10,8,2
218000173,21,21,0
218000174,24,8,16
218000176,221,63,158
218000177,364,173,191
218000178,77,160,-83
218000179,104,64,40
218000180,120,16,104
218000181,276,51,225
218000187,11,53,-42
218000188,21,55,-34
218000189,22,59,-37
218000190,9,12,-3
218000191,149,29,120
218000192,169,84,85
218000193,389,249,140
218000194,130,241,-111
218000195,136,45,91
218000196,395,193,202
218000197,469,222,247
218000198,31,86,-55
218000199,56,31,25
218000200,41,32,9
218000201,20,9,11
218000202,61,277,-216
218000207,4,17,-13
218000208,23,40,-17
218000211,19,24,-5
218000212,0,1,-1
218000213,90,73,17
218000214,7,35,-28
218000215,23,13,10
218000217,3,40,-37
218000218,150,25,125
218000219,7,18,-11
218000220,38,253,-215
218000221,373,170,203
218000222,3,42,-39
218000223,46,302,-256
218000224,5,112,-107
218000225,247,31,216
218000226,157,50,107
218000230,1,13,-12
218000232,24,29,-5
218000239,122,13,109
218000240,17,4,13
218000241,25,1,24
218000242,6,3,3
218000243,23,9,14
218000244,20,12,8
218000245,14,2,12
218000246,1,0,1
218000247,2,0,2
218000248,0,47,-47
218000249,1,5,-4
218000250,6,21,-15
218000251,3,112,-109
218000252,3,479,-476
218000253,2,366,-364
218000254,2,110,-108
218000255,3,71,-68
218000256,9,129,-120
218000267,303,837,-534
218000268,24,47,-23
218000269,3,21,-18
218000270,148,24,124
218000271,9,23,-14
218000273,35,3,32
218000274,19,0,19
218000275,27,34,-7
218000276,9,17,-8
218000278,7,38,-31
218000279,90,23,67
218000280,2,18,-16
218000281,23,30,-7
218000282,427,485,-58
218000284,45,8,37
218000301,93,160,-67
218000302,117,46,71
218000303,16,98,-82
218000316,636,514,122
218000317,1345,531,814
218000318,938,406,532
218000319,1090,540,550
218000320,806,336,470
218000338,17,28,-11
218000345,68,63,5
218000346,19,152,-133
218000459,24,72,-48
218000490,29,64,-35
218000501,94,21,73
218000502,37,17,20
218000503,100,13,87
218000504,102,14,88
218000505,43,61,-18
218000506,27,157,-130
218000508,3,12,-9
218000510,98,17,81
218000520,95,73,22
218000521,12,41,-29
218000522,1,110,-109
218000523,140,1,139
218000524,11,221,-210
218000525,112,22,90
218000526,23,208,-185
218000529,25,79,-54
218000530,25,4,21
218000531,15,10,5
218000532,12,20,-8
218000534,168,17,151
218000537,6,45,-39
218000538,100,226,-126
218000540,92,75,17
218000543,160,68,92
218000544,20,57,-37
218000545,81,80,1
218000546,39,50,-11
218000547,119,165,-46
218000548,123,99,24
218000549,579,298,281
218000550,181,206,-25
218000551,92,469,-377
218000552,187,134,53
218000553,83,226,-143
218000554,22,51,-29
218000555,27,36,-9
218000556,268,120,148
218000557,352,158,194
218000558,61,0,61
218000559,0,37,-37
218000560,1,42,-41
218000561,18,0,18
218000562,21,187,-166
218000563,196,37,159
218000564,6,145,-139
218000565,112,40,72
218000566,123,48,75
218000567,3,153,-150
218000568,27,2,25
218000569,6,141,-135
218000570,36,27,9
218000571,1,118,-117
218000572,144,6,138
218000573,11,271,-260
218000574,53,28,25
218000575,81,1,80
218000576,0,93,-93
218000577,108,0,108
218000578,0,80,-80
218000579,15,4,11
218000581,3,62,-59
218000582,52,2,50
218000583,8,0,8
218000584,0,38,-38
218000585,53,2,51
218000586,6,25,-19
218000587,2,4,-2
218000588,1,2,-1
218000589,0,7,-7
218000590,8,3,5
218000591,4,5,-1
218000592,4,3,1
218000593,1,2,-1
218000594,0,6,-6
218000597,0,7,-7
218000598,1,0,1
218000599,2,0,2
218000600,1,0,1
218000601,0,1,-1
218000602,0,4,-4
218000603,0,8,-8
218000604,15,1,14
218000605,0,34,-34
218000606,91,0,91
218000607,30,33,-3
218000608,58,20,38
218000609,9,33,-24
218000610,60,12,48
218000611,25,3,22
218000612,0,46,-46
218000613,77,0,77
218000614,1,31,-30
218000615,147,1,146
218000616,14,89,-75
218000617,14,3,11
218000618,0,34,-34
218000619,15,12,3
218000620,0,9,-9
218000621,0,0,0
218000622,0,9,-9
218000623,32,0,32
218000624,1,25,-24
218000625,9,3,6
218000626,0,12,-12
218000628,206,42,164
218000631,36,23,13
218000632,0,135,-135
218000633,49,0,49
218000634,8,27,-19
218000635,12,38,-26
218000636,668,547,121
218000637,893,246,647
218000638,221,24,197
218000639,11,41,-30
218000640,340,15,325
218000641,62,133,-71
218000652,15,11,4
218000653,178,68,110
218000663,18,110,-92
218000675,168,50,118
218000676,2,3,-1
218000677,11,0,11
218000680,175,239,-64
218000681,375,155,220
218000691,254,100,154
218000693,358,135,223
218000703,0,5,-5
218000718,53,336,-283
218000719,79,294,-215
218000720,18,341,-323
218000721,106,45,61
218000725,0,2,-2
218001147,0,68,-68
218001214,9,43,-34
218001258,199,9,190
218001329,95,119,-24
218001330,92,75,17
218001351,25,25,0
218001352,12,45,-33
218001353,10,2,8
218001354,13,20,-7
218001355,9,72,-63
218001356,345,29,316
218001357,42,84,-42
218001358,253,26,227
218001361,394,8,386
218001362,0,32,-32
219000001,43,13,30
219000002,12,21,-9
219000003,47,29,18
219000004,36,59,-23
219000017,52,61,-9
219000020,119,37,82
219000022,119,4,115
219000023,39,5,34
219000029,0,33,-33
219000034,39,27,12
219000039,77,146,-69
219000040,37,60,-23
219000041,136,21,115
219000051,0,44,-44
219000052,0,13,-13
219000053,0,41,-41
219000054,16,59,-43
219000055,278,2,276
219000056,7,0,7
219000057,58,0,58
219000062,24,40,-16
219000063,61,7,54
219000064,0,36,-36
219000110,293,69,224
219000111,77,26,51
219000112,182,73,109
219000113,116,42,74
219000114,123,40,83
219000116,108,40,68
219000117,116,66,50
219000118,151,83,68
219000123,136,43,93
219000124,43,40,3
219000125,12,13,-1
219000126,29,119,-90
219000127,0,6,-6
219000128,8,97,-89
219000129,16,128,-112
219000130,206,526,-320
219000131,528,832,-304
219000133,27,93,-66
219000134,14,36,-22
219000135,41,36,5
219000136,53,183,-130
219000138,43,20,23
219000139,31,45,-14
219000140,54,1,53
219000141,35,53,-18
219000142,14,47,-33
219000143,15,45,-30
219000145,14,33,-19
219000146,2,19,-17
219000147,1,18,-17
219000148,0,7,-7
219000149,5,32,-27
219000150,1,24,-23
219000151,2,17,-15
219000157,202,69,133
219000158,97,121,-24
219000161,105,11,94
219000163,699,383,316
219000166,111,145,-34
219000167,74,90,-16
219000168,183,82,101
219000174,435,115,320
219000175,96,10,86
219000176,142,9,133
219000177,54,4,50
219000178,75,0,75
219000179,29,5,24
219000180,33,30,3
219000182,146,32,114
219000183,74,31,43
219000184,78,6,72
219000185,0,23,-23
219000186,99,6,93
219000187,12,56,-44
219000189,42,151,-109
219000190,60,162,-102
219000191,247,1357,-1110
219000192,159,127,32
219000193,97,106,-9
219000195,1,26,-25
219000196,6,76,-70
219000198,10,64,-54
219000199,30,90,-60
219000200,36,70,-34
219000201,44,98,-54
219000203,19,121,-102
219000204,55,258,-203
219000205,50,175,-125
219000207,82,184,-102
219000209,33,24,9
219000210,6,56,-50
219000213,6,85,-79
219000239,174,184,-10
219000240,233,291,-58
219000241,134,92,42
219000242,37,84,-47
219000243,102,187,-85
219000244,21,69,-48
219000245,35,45,-10
219000246,21,42,-21
219000247,154,22,132
219000248,445,312,133
219000249,119,137,-18
219000250,116,103,13
219000251,479,183,296
219000252,239,146,93
219000253,390,93,297
219000255,140,76,64
219000256,225,49,176
219000257,104,0,104
219000262,78,68,10
219000263,61,62,-1
219000267,4,32,-28
219000268,3,4,-1
219000269,2,10,-8
219000270,13,0,13
219000271,183,3,180
219000278,0,2,-2
219000279,2,7,-5
219000283,0,7,-7
219000295,20,47,-27
219000296,49,176,-127
219000297,34,66,-32
219000298,16,43,-27
219000299,320,54,266
219000300,19,56,-37
219000301,130,251,-121
219000302,24,198,-174
219000307,36,15,21
219000308,50,26,24
219000311,188,68,120
219000312,396,128,268
219000313,329,48,281
219000314,35,147,-112
219000315,335,32,303
219000316,524,37,487
219000317,142,6,136
219000320,0,37,-37
219000321,0,31,-31
219000323,1,46,-45
219000325,4,5,-1
219000326,72,37,35
219000327,32,18,14
219000328,23,19,4
219000329,233,102,131
219000330,26,27,-1
219000331,33,17,16
219000332,140,58,82
219000333,25,2,23
219000335,73,3,70
219000337,23,1,22
219000338,42,1,41
219000344,12,60,-48
219000345,19,64,-45
219000346,16,53,-37
219000348,194,43,151
219000349,38,100,-62
219000350,54,393,-339
219000351,2,8,-6
219000352,368,70,298
219000353,99,45,54
219000354,194,92,102
219000355,122,33,89
219000356,478,1252,-774
219000363,172,50,122
219000364,103,42,61
219000365,113,29,84
219000366,181,336,-155
219000368,254,451,-197
219000370,666,607,59
219000371,11,28,-17
219000382,5,24,-19
219000383,306,1059,-753
219000385,271,515,-244
219000386,463,1418,-955
219000387,3,19,-16
219000390,2,3,-1
219000391,1,1,0
219000397,24,22,2
219000398,34,25,9
219000401,7,76,-69
219000402,22,48,-26
219000403,83,295,-212
219000404,24,109,-85
219000407,3,25,-22
219000409,84,47,37
219000410,129,44,85
219000411,61,14,47
219000446,50,283,-233
219000447,0,14,-14
219000448,6,6,0
219000452,63,83,-20
219000453,38,177,-139
219000454,142,244,-102
219000556,239,76,163
219000558,87,73,14
219000590,14,87,-73
219000591,96,52,44
219000592,72,240,-168
219000595,1,11,-10
219000635,127,24,103
219000636,43,50,-7
219000657,16,17,-1
219000658,35,106,-71
219000673,0,25,-25
219000676,4,2,2
219000679,37,8,29
219000684,63,0,63
219000685,0,29,-29
219000686,0,2,-2
219000688,0,46,-46
219000689,21,179,-158
219000690,149,25,124
219000691,25,139,-114
219000692,121,19,102
219000693,0,5,-5
219000694,20,1,19
219000695,47,0,47
219000698,36,0,36
219000699,0,18,-18
219000727,2,61,-59
219000728,61,0,61
219000770,22,2,20
219000771,0,37,-37
219000788,270,189,81
219001150,2,37,-35
219001151,1,3,-2
219001166,26,27,-1
219001167,5,62,-57
219001178,42,0,42
220000001,30,91,-61
220000002,2,87,-85
220000003,234,105,129
220000004,236,207,29
220000005,434,921,-487
220000006,135,447,-312
220000007,334,173,161
220000008,234,406,-172
220000009,204,297,-93
220000010,108,83,25
220000011,305,2271,-1966
220000012,40,170,-130
220000014,115,72,43
220000015,68,325,-257
220000017,31,143,-112
220000018,3692,1464,2228
220000019,79,339,-260
220000020,341,116,225
220000021,702,137,565
220000022,821,275,546
220000023,379,107,272
220000024,1084,337,747
220000025,624,1024,-400
220000026,260,329,-69
220000027,23,90,-67
220000028,34,50,-16
220000029,34,66,-32
220000030,32,71,-39
220000031,522,202,320
220000064,14,740,-726
221000046,3,0,3
221000047,0,0,0
221000048,0,1,-1
221000049,0,7,-7
221000050,13,0,13
221000055,23,41,-18
221000057,74,11,63
221000068,221,131,90
221000069,295,51,244
221000070,194,23,171
221000071,101,7,94
221000072,198,11,187
221000073,135,17,118
221000074,1,6,-5
221000075,3,26,-23
221000076,11,22,-11
221000077,9,57,-48
221000081,11,4,7
221000082,80,2,78
221000083,11,2,9
221000084,17,6,11
221000085,6,29,-23
221000086,16,55,-39
221000087,3,96,-93
221000088,12,122,-110
221000089,25,150,-125
221000090,86,363,-277
221000098,74,14,60
221000099,193,18,175
221000100,116,12,104
221000101,224,15,209
221000102,142,17,125
221000109,7,83,-76
221000110,9,33,-24
221000111,14,115,-101
221000112,3,90,-87
221000113,9,83,-74
221000114,9,83,-74
221000120,54,31,23
221000121,3,47,-44
221000122,28,27,1
221000123,14,16,-2
221000124,22,121,-99
221000155,71,17,54
221000156,75,47,28
221000175,0,17,-17
221000176,0,6,-6
221000182,48,0,48
221000241,452,250,202
221000242,119,272,-153
221000243,493,191,302
221000244,250,402,-152
221000245,97,88,9
221000246,48,241,-193
221000247,145,87,58
221000248,124,121,3
221000267,49,400,-351
221000325,21,37,-16
221000331,10,40,-30
221000338,18,49,-31
221000378,247,55,192
221000381,23,61,-38
222000282,21,8,13
222000296,0,12,-12
222000568,283,30,253
222000569,217,38,179
222000570,138,24,114
222000571,398,21,377
222000577,17,79,-62
222000578,14,105,-91
222000579,25,61,-36
222000580,68,432,-364
222000599,0,83,-83
222000600,1,158,-157
222000601,4,508,-504
222000603,8,41,-33
222000604,2,37,-35
222000605,11,42,-31
222000606,1,18,-17
222000607,4,7,-3
222000608,28,23,5
222000609,41,58,-17
222000616,473,22,451
222000617,10,21,-11
222000618,5,4,1
222000620,10,23,-13
222000621,22,19,3
222000623,508,20,488
222000624,395,4,391
222000625,548,10,538
222000636,36,9,27
222000686,12,19,-7
222000687,51,26,25
222001066,252,1,251
222001067,17,1,16
222001068,46,10,36
222001069,70,16,54
222001082,16,9,7
222001083,14,15,-1
222001084,0,42,-42
222001085,2,97,-95
222001111,37,66,-29
222001112,133,20,113
222001313,40,8,32
222001314,17,93,-76
222001464,290,28,262
222001465,15,88,-73
222001484,138,22,116
222001485,21,54,-33
222001494,694,106,588
222001495,90,97,-7
222001496,324,56,268
222001497,94,178,-84
222001502,20,38,-18
222001503,104,30,74
222001504,20,140,-120
222001505,311,7,304
222001506,68,264,-196
222001507,198,20,178
222001510,513,13,500
222001511,42,133,-91
222001514,571,135,436
222001515,122,203,-81
222001518,385,45,340
222001519,53,77,-24
222001527,168,19,149
222001528,15,63,-48
222001529,331,27,304
222001530,70,85,-15
222001533,112,134,-22
222001534,330,30,300
222001535,262,263,-1
222001536,41,100,-59
222001537,373,70,303
222001538,65,208,-143
222001563,885,71,814
222001564,83,187,-104
222001568,202,183,19
222001576,0,3,-3
222001579,0,12,-12
222001583,18,49,-31
222001584,97,16,81
222001596,339,751,-412
222001597,951,303,648
222001626,0,85,-85
222001650,22,128,-106
222001651,34,337,-303
222001914,161,41,120
222001915,16,119,-103
222001968,446,252,194
222001969,250,293,-43
222001970,129,329,-200
222001971,19,5,14
222001972,0,8,-8
225000001,340,131,209
225000002,615,142,473
225000003,774,51,723
225000004,399,175,224
225000005,99,42,57
225000006,0,115,-115
225000007,764,886,-122
225000010,228,16,212
225000011,175,871,-696
225000012,229,499,-270
225000013,86,79,7
225000014,509,93,416
225000015,67,73,-6
225000021,679,137,542
225000027,151,220,-69
225000032,648,114,534
225000042,39,366,-327
225000049,34,39,-5
225000050,92,10,82
225000053,7,170,-163
225000058,528,189,339
225000067,134,97,37
225000068,67,126,-59
225000069,76,296,-220
225000070,75,185,-110
225000071,29,69,-40
225000075,10,341,-331
225000076,32,74,-42
225000078,68,21,47
225000085,96,98,-2
225000086,203,62,141
225000087,113,8,105
225000088,8,112,-104
225000089,75,699,-624
225000090,15,302,-287
225000091,121,101,20
225000092,14,56,-42
225000093,171,167,4
225000094,12,99,-87
225000095,158,183,-25
225000096,201,288,-87
225000098,625,252,373
225000099,345,127,218
225000100,386,119,267
225000104,87,230,-143
225000110,7,172,-165
225000111,153,572,-419
225000112,173,676,-503
225000113,152,481,-329
225000114,85,185,-100
225000115,772,413,359
225000116,572,148,424
225000117,689,221,468
225000118,950,217,733
225000119,223,59,164
225000120,576,33,543
225000121,147,8,139
225000123,376,5,371
225000125,531,88,443
225000126,576,120,456
225000127,487,1130,-643
225000128,436,645,-209
225000132,435,18,417
225000133,231,25,206
225000134,544,133,411
225000135,42,14,28
225000136,322,17,305
225000137,237,29,208
225000138,467,75,392
225000143,26,160,-134
225000144,3,191,-188
225000145,28,16,12
225000146,26,27,-1
225000147,29,93,-64
225000148,8,61,-53
225000149,31,166,-135
225000151,21,97,-76
225000155,305,248,57
225000156,118,608,-490
225000157,280,237,43
225000158,48,138,-90
225000171,2,97,-95
225000180,22,3,19
225000181,0,68,-68
225000182,70,3,67
225000185,2,250,-248
225000187,21,224,-203
225000191,66,4,62
225000194,0,20,-20
225000208,1,40,-39
225000209,116,13,103
225000210,2,157,-155
225000217,0,2,-2
225000218,12,1,11
225000223,0,50,-50
225000224,37,1,36
225000225,0,24,-24
225000226,14,3,11
225000227,27,42,-15
225000228,6,6,0
225000229,0,42,-42
225000230,13,2,11
225000231,0,32,-32
225000232,136,0,136
225000241,47,0,47
225000242,0,26,-26
225000249,10,0,10
225000250,48,315,-267
225000251,393,20,373
226000042,150,223,-73
226000043,16,182,-166
226000044,41,188,-147
226000045,39,148,-109
226000046,474,68,406
226000047,342,108,234
226000048,385,86,299
226000049,247,183,64
226000070,0,18,-18
226000071,0,28,-28
226000072,0,3,-3
226000073,0,5,-5
226000074,0,9,-9
226000084,2,26,-24
226000085,1,8,-7
226000086,3,20,-17
226000087,0,23,-23
226000088,10,17,-7
226000090,100,210,-110
226000091,8,42,-34
226000092,3,10,-7
226000093,10,1,9
226000094,5,2,3
226000095,9,6,3
226000105,13,2,11
226000106,10,0,10
226000107,20,0,20
226000108,8,3,5
226000109,108,1,107
226000124,102,74,28
226000134,726,445,281
226000135,1283,437,846
226000136,519,327,192
226000137,7,193,-186
226000138,5,115,-110
226000139,2,37,-35
226000156,232,2,230
226000157,206,6,200
226000163,243,61,182
226000202,7,158,-151
226000231,588,7,581
226000232,23,10,13
227000033,365,69,296
227000036,440,35,405
227000037,404,30,374
227000038,155,29,126
227000049,0,46,-46
227000050,1,63,-62
227000055,56,2,54
227000056,38,0,38
227000084,2,94,-92
227000085,0,83,-83
227000088,54,7,47
227000089,83,1,82
227000090,37,4,33
227000091,15,1,14
227000093,101,0,101
227000094,50,20,30
227000130,41,203,-162
227000131,18,114,-96
227000132,11,104,-93
227000133,13,97,-84
227000134,24,189,-165
227000152,0,12,-12
227000153,0,94,-94
227000155,1,22,-21
227000156,0,11,-11
227000165,4,178,-174
227000196,352,83,269
227000199,386,192,194
227000230,10,195,-185
227000232,583,22,561
227000242,42,314,-272
227000243,434,64,370
227000245,36,179,-143
227000246,129,194,-65
227000247,464,47,417
227000248,140,49,91
227000249,13,122,-109
227000250,302,200,102
227000251,63,228,-165
227000252,31,158,-127
227000253,206,19,187
227000262,430,42,388
227000266,1341,16,1325
227000267,14,637,-623
227000282,4,53,-49
227000284,530,13,517
227000286,5,36,-31
227000287,11,56,-45
227000291,3,173,-170
227000484,196,9,187
227000485,22,448,-426
227000655,156,4,152
227000656,546,29,517
227000657,73,2,71
227000661,272,23,249
227000680,92,69,23
229000265,19,19,0
229000296,1,11,-10
229000297,5,22,-17
229000298,2,72,-70
229000320,13,4,9
229000321,18,2,16
229000412,5,35,-30
229000414,8,67,-59
229000415,17,5,12
229000416,2,10,-8
229000417,1,8,-7
229000419,91,248,-157
229000440,298,84,214
229000442,12,4,8
229000443,2,1,1
229000444,0,37,-37
229000445,64,11,53
229000446,65,8,57
229000491,0,1,-1
229000492,5,13,-8
229000493,1,11,-10
229000494,22,0,22
229000495,76,0,76
229000496,42,0,42
229000507,1,19,-18
229000508,0,28,-28
229000509,1,33,-32
229000510,2,13,-11
229000511,0,12,-12
229000512,0,5,-5
229000513,0,2,-2
229000514,0,2,-2
229000517,0,1,-1
229000518,1,4,-3
229000519,2,1,1
229000520,2,14,-12
229000521,61,5,56
229000522,7,3,4
229000523,15,0,15
229000524,4,0,4
229000527,0,1,-1
229000528,0,0,0
229000529,4,0,4
229000530,14,0,14
229000531,10,0,10
229000532,7,1,6
229000533,15,0,15
229000534,15,1,14
229000564,37,0,37
229000565,11,0,11
229000566,0,7,-7
229000567,0,4,-4
229000582,34,0,34
229000583,2,2,0
229000584,0,10,-10
229000585,0,39,-39
229000718,0,5,-5
229000719,0,3,-3
229000720,0,1,-1
229000721,0,0,0
229000722,0,0,0
229000723,0,5,-5
229000724,0,0,0
229000725,0,0,0
229000738,0,0,0
229000739,0,0,0
229000740,0,0,0
229000741,11,0,11
229000742,1,0,1
229000743,6,1,5
229000744,1,0,1
229000745,0,0,0
229000746,10,1,9
229000847,53,0,53
229000848,11,0,11
229000849,85,2,83
229000851,46,0,46
229000854,2,7,-5
229000856,0,13,-13
229000857,0,5,-5
229000858,0,15,-15
229000919,5,30,-25
229000930,5,126,-121
229000937,65,7,58
229000966,35,41,-6
229000981,15,20,-5
229000985,15,22,-7
229000986,3,5,-2
229000987,0,1,-1
229000988,4,8,-4
229000989,15,4,11
229000990,2,1,1
229000991,0,1,-1
229000992,11,5,6
229000993,107,15,92
229000998,14,62,-48
229000999,65,11,54
229001034,0,6,-6
229001035,6,0,6
229001037,41,1,40
229001042,16,8,8
229001047,5,22,-17
229001050,29,30,-1
229001168,0,13,-13
229001200,14,10,4
229001338,3,9,-6
229001394,188,2,186
229001422,103,19,84
229001423,20,93,-73
229001431,45,42,3
229001432,12,37,-25
229001444,215,37,178
229001445,35,126,-91
229001479,26,1,25
229001503,206,46,160
229001504,142,78,64
229001505,137,36,101
229001506,48,67,-19
229001509,49,15,34
229001545,126,5,121
229001546,5,45,-40
229001553,62,9,53
229001554,25,45,-20
229001559,3,6,-3
229001560,10,23,-13
229001630,61,9,52
229001631,5,13,-8
229001635,1,16,-15
229001636,0,1,-1
229001658,3,66,-63
229001659,43,1,42
229001660,8,5,3
229001661,6,22,-16
229001662,10,0,10
229001663,0,18,-18
229002584,171,131,40
229002831,96,80,16
229002841,8,13,-5
229002842,16,20,-4
229002843,40,33,7
229002844,11,35,-24
229002845,10,90,-80
229002846,20,30,-10
229002847,2,22,-20
229002848,4,10,-6
229002849,3,69,-66
229002850,4,2,2
229002851,28,122,-94
229002852,113,11,102
229002853,116,18,98
229002854,49,65,-16
229002855,8,27,-19
229002856,31,26,5
229002857,19,130,-111
229002858,22,3,19
229002859,25,92,-67
229002860,104,11,93
229002861,50,23,27
229002862,21,25,-4
229002863,40,19,21
229002864,36,19,17
229002865,9,4,5
229002866,12,20,-8
229002867,0,26,-26
229002868,9,24,-15
229002869,46,131,-85
229002870,86,32,54
235000066,182,22,160
235000067,85,77,8
235000072,32,44,-12
235000073,80,251,-171
235000074,36,18,18
235000080,31,71,-40
235000081,87,63,24
235000082,307,19,288
235000083,186,37,149
235000084,44,20,24
235000085,194,22,172
235000089,30,12,18
235000092,35,90,-55
235000093,13,1,12
235000097,2,7,-5
235000098,47,10,37
235000099,16,2,14
235000116,47,16,31
235000117,311,7,304
235000133,17,469,-452
235000134,11,201,-190
235000206,9,3,6
235000207,2,7,-5
235000208,3,4,-1
235000209,4,4,0
235000210,4,6,-2
235000212,3,5,-2
235000213,2,9,-7
235000220,3,2,1
235000221,57,35,22
235000238,9,183,-174
235000239,4,63,-59
235000242,257,720,-463
235000245,302,155,147
235000246,18,69,-51
235000284,7,174,-167
235000295,92,12,80
235000305,240,34,206
235000306,351,17,334
235000307,30,3,27
235000308,6,1,5
235000309,65,0,65
235000310,32,1,31
235000311,58,23,35
235000322,0,16,-16
235000323,0,33,-33
235000324,0,26,-26
235000325,2,7,-5
235000326,10,47,-37
235000351,6,66,-60
235000352,11,33,-22
235000353,6,28,-22
235000354,11,90,-79
235000355,28,117,-89
235000356,43,3,40
235000357,56,3,53
235000358,52,16,36
235000359,9,9,0
235000360,40,3,37
235000361,90,4,86
235000381,111,57,54
235000382,170,12,158
235000390,9,3,6
235000391,184,7,177
235000392,199,298,-99
235000393,99,105,-6
235000395,130,21,109
235000396,485,36,449
235000400,54,61,-7
235000401,5,67,-62
235000405,71,108,-37
235000406,38,119,-81
235000407,28,73,-45
235000409,113,81,32
235000410,29,164,-135
235000411,1,19,-18
235000485,0,8,-8
235000486,4,0,4
235000549,81,42,39
235000550,99,82,17
235000599,150,31,119
235000600,12,14,-2
235000601,19,30,-11
235000602,96,41,55
235000614,2,12,-10
235000648,0,5,-5
235000649,34,5,29
235000685,3,9,-6
235000815,16,315,-299
235000834,1,10,-9
235000855,32,25,7
235000862,61,44,17
235000891,0,19,-19
235000892,8,0,8
235000901,61,22,39
235000907,7,8,-1
235001010,57,32,25
235001029,248,204,44
235001030,335,154,181
235001078,70,44,26
235001079,34,63,-29
235001147,30,40,-10
235001166,19,29,-10
235001167,42,6,36
235001169,30,416,-386
235001188,3,26,-23
235001189,5,5,0
235001197,1,19,-18
235001200,69,48,21
235001207,378,31,347
235001210,84,80,4
235001215,19,96,-77
235001239,1,31,-30
235001244,0,17,-17
235016267,0,39,-39
277101746,0,0,0
277102712,0,0,0
277103813,0,0,0
277103814,0,0,0
277103898,0,0,0
277104249,0,2,-2
277104250,0,2,-2
277104251,0,11,-11
277104252,0,1,-1
990011530,0,146,-146
990014944,1,224,-223
990015176,41,3,38
990015618,0,86,-86
990016032,0,153,-153
990032570,0,9,-9
990070001,48,0,48
990070103,0,0,0
990070601,2,22,-20
990070751,1164,0,1164
990070766,0,156,-156
990071180,474,137,337
990071343,13,0,13
990071387,0,4,-4
990071823,296,0,296
990072600,3,1404,-1401
990072964,0,294,-294
990073285,0,7,-7
990074393,2,373,-371
990074870,1437,9,1428
990075106,668,10,658
990075746,565,5,560
990076437,1639,11,1628
990076458,4,231,-227
997000007,295,22,273
997000041,0,155,-155
997000058,50,1,49
997000062,22,1,21
997000069,0,2,-2
997000070,0,11,-11
997000100,47,0,47
997000141,0,504,-504
997000198,67,852,-785
998000475,0,1,-1
998000736,0,39,-39
998000965,0,7,-7
998001031,0,56,-56
998001700,0,32,-32
998001899,0,0,0
998001900,3,2,1
998003073,736,15,721
998101900,0,0,0
998102850,0,306,-306
998501927,448,1231,-783
998501929,76,1,75
998501930,41,2,39
998501931,114,6,108
998501932,2,0,2
998501933,41,1,40
998501937,13,0,13
998501944,2,0,2
998501950,0,17,-17
998501970,56,2,54
998501971,0,42,-42
998501973,0,25,-25
998501974,2,157,-155
998501975,48,1,47
998501976,154,1,153
998501977,0,10,-10
998501978,19,1,18
998501979,0,7,-7
998501980,95,14,81
998501981,47,1,46
998501982,0,86,-86
998501983,0,4,-4
998502006,0,0,0
998502024,0,6,-6
998502032,0,5,-5
998502062,9,2,7
998502063,0,0,0
998502173,37,0,37
998502269,0,2,-2
998502546,0,125,-125
998502578,0,3,-3
998502599,32,217,-185
998601159,1,39,-38
998601292,0,9,-9
999033574,0,177,-177
999800001,45,4,41
999800002,0,7,-7
999800003,4,3,1
999800004,0,5,-5
999800005,0,7,-7
