ID,insum,outsum,diff
100000001,607,849,-242
100000002,4135,1095,3040
100000003,5037,3121,1916
100000004,1389,1043,346
100000005,2433,4001,-1568
100000006,1214,152,1062
100000007,3134,756,2378
100000008,499,484,15
100000009,1177,269,908
100000010,220,71,149
100000011,1026,98,928
100000012,129,867,-738
100000013,175,197,-22
100000014,891,363,528
100000015,2085,2603,-518
100000016,1151,1520,-369
100000017,1376,913,463
100000018,2154,692,1462
100000019,4636,2322,2314
100000020,2028,6949,-4921
100000021,5435,2475,2960
100000022,1839,1732,107
100000023,5720,1579,4141
100000025,1959,824,1135
100000028,1909,939,970
100000029,193,226,-33
100000030,390,59,331
100000031,5407,7403,-1996
100000032,3080,3637,-557
100000033,1057,2298,-1241
100000034,631,453,178
100000035,2204,1214,990
100000036,3091,1361,1730
100000037,752,505,247
100000038,2213,1024,1189
100000039,1057,222,835
100000040,198,179,19
100000041,1140,491,649
100000042,1470,450,1020
100000043,1094,467,627
100000044,487,1027,-540
100000045,676,1238,-562
100000046,796,1061,-265
100000047,450,808,-358
100000048,1008,677,331
100000049,2018,2386,-368
100000051,535,1093,-558
100000053,277,7,270
100000054,632,38,594
100000055,1420,309,1111
100000056,606,487,119
100000057,2068,636,1432
100000058,1261,1334,-73
100000059,7,123,-116
100000060,390,378,12
100000061,2265,523,1742
100000062,2571,640,1931
100000063,914,273,641
100000064,1566,428,1138
100000065,460,1012,-552
100000066,245,753,-508
100000067,665,876,-211
100000068,610,2000,-1390
100000069,357,1668,-1311
100000072,468,971,-503
100000073,1198,1261,-63
100000075,834,394,440
100000076,2730,2270,460
100000077,361,187,174
100000078,63,56,7
100000079,71,65,6
100000080,45,63,-18
100000081,139,206,-67
100000102,2758,1719,1039
100000103,5217,1319,3898
100000104,5766,2552,3214
100000105,3095,1360,1735
100000106,2601,2231,370
100000107,709,913,-204
100000108,962,1053,-91
100000109,3556,1310,2246
100000116,1681,964,717
100000117,91,100,-9
100000118,2141,1070,1071
100000119,662,676,-14
100000121,263,512,-249
100000122,934,1061,-127
100000123,3406,4290,-884
100000124,7242,6382,860
100000125,3302,1146,2156
100000126,993,376,617
100000127,1843,387,1456
100000128,2249,1446,803
100000129,370,534,-164
100000130,446,596,-150
100000131,2420,3236,-816
100000132,1350,2528,-1178
100000133,5961,2842,3119
100000135,636,1142,-506
100000139,512,319,193
100000140,559,303,256
100000142,503,690,-187
100000143,2188,758,1430
100000144,3928,1008,2920
100000147,1170,2589,-1419
100000150,57,399,-342
100000151,1077,885,192
100000153,306,367,-61
100000154,133,162,-29
100000155,24,57,-33
100000156,544,330,214
100000157,142,102,40
100000158,264,72,192
100000159,371,452,-81
100000165,1533,824,709
100000169,413,540,-127
100000174,1061,517,544
100000179,113,530,-417
100000180,4421,1389,3032
100000181,590,228,362
100000188,96,252,-156
100000189,1158,341,817
100000190,1213,838,375
100000191,666,431,235
100000192,82,137,-55
100000193,225,165,60
100000330,1669,923,746
100000355,305,582,-277
100000362,6522,3769,2753
100000363,3685,5466,-1781
100000364,310,173,137
100000365,4996,5202,-206
100000366,6801,3158,3643
100000367,5122,4690,432
100000368,3661,1736,1925
100000369,1484,1812,-328
100000370,316,767,-451
100000376,184,128,56
100000379,2913,1373,1540
100000380,5518,2925,2593
100000384,6090,4310,1780
100000385,4740,4004,736
100000386,8287,4942,3345
100000387,5948,5204,744
100000388,7981,6161,1820
100000389,7963,6122,1841
100000390,8734,5637,3097
100000391,6504,6280,224
100000392,4469,3347,1122
100000393,3185,3702,-517
100000394,10041,7115,2926
100000395,5785,3259,2526
100000396,10178,3374,6804
100000397,6844,5106,1738
100000398,11963,8250,3713
100000413,28,12,16
100900002,12,59,-47
100900003,338,189,149
100900004,22,637,-615
100900005,134,19,115
100900006,47,150,-103
100900007,440,15,425
100900008,2,386,-384
100900009,94,176,-82
100900010,137,146,-9
100900011,118,281,-163
100900012,2,227,-225
100900013,1023,22,1001
100900014,3,15,-12
100900015,115,77,38
100900016,4,38,-34
100900017,1100,71,1029
100900018,2,19,-17
100900019,18,230,-212
100900020,320,9,311
100900021,331,4,327
100900022,26,65,-39
100900023,0,60,-60
100900024,815,4,811
100900025,14,13,1
100900026,135,168,-33
100900027,603,2568,-1965
100900028,166,197,-31
100900029,73,11,62
100900030,14,24,-10
100900031,741,78,663
100900032,232,1,231
100900033,209,159,50
100900034,454,4,450
100900035,752,4,748
100900036,26,0,26
100900037,92,227,-135
100900038,152,32,120
100900039,236,613,-377
100900040,345,646,-301
100900041,772,787,-15
100900042,1463,447,1016
100900043,0,22,-22
100900044,2420,662,1758
100900045,103,2,101
100900046,1056,9,1047
100900047,1032,332,700
100900048,176,23,153
100900049,157,232,-75
100900050,4,17,-13
100900051,24,67,-43
100900052,362,58,304
100900053,341,39,302
100900054,17,104,-87
100900055,214,592,-378
100900056,118,229,-111
100900057,491,1359,-868
100900058,214,41,173
100900059,187,6,181
100900060,117,5,112
100900061,468,266,202
100900062,10,50,-40
100900063,240,644,-404
100900064,619,23,596
100900065,126,98,28
100900066,107,212,-105
100900067,3,25,-22
100900068,185,87,98
100900069,895,6,889
100900070,366,5,361
100900071,935,310,625
100900072,2,34,-32
100900073,134,459,-325
100900074,8,20,-12
100900075,1624,348,1276
100900076,17,33,-16
100900077,47,82,-35
100900078,126,384,-258
100900079,9,38,-29
100900080,50,207,-157
100900081,45,189,-144
100900082,129,672,-543
100900083,12,30,-18
100900085,19,101,-82
100900086,162,994,-832
100900088,123,563,-440
100900089,5,48,-43
100900090,137,479,-342
100900091,1,36,-35
100900092,264,222,42
100900093,292,394,-102
100900094,111,594,-483
100900095,1,44,-43
100900096,35,130,-95
100900097,4,14,-10
100900098,37,15,22
100900099,44,546,-502
100900100,7,494,-487
100900101,377,67,310
100900102,34,79,-45
100900103,23,23,0
100900104,12,164,-152
100900105,22,303,-281
100900106,52,8,44
100900107,1523,817,706
100900108,6,16,-10
100900109,23,41,-18
100900110,2,46,-44
100900111,60,143,-83
100900112,3,14,-11
100900113,16,27,-11
100900114,8,24,-16
100900115,2,53,-51
100900116,754,722,32
100900117,309,793,-484
100900118,12,58,-46
100900119,44,31,13
100900120,4,15,-11
100900121,252,573,-321
100900122,165,229,-64
100900123,60,257,-197
100900124,10,9,1
100900125,25,103,-78
100900126,208,312,-104
100900127,10,12,-2
100900128,57,122,-65
100900129,1,136,-135
100900131,94,240,-146
100900133,74,26,48
100900134,15,6,9
100900135,0,127,-127
100900137,311,189,122
100900138,569,488,81
100900139,5,11,-6
100900140,3,490,-487
100900141,4,428,-424
100900142,3,17,-14
100900143,1175,411,764
100900144,16,3,13
100900145,208,175,33
100900146,20,96,-76
100900147,24,289,-265
100900148,50,702,-652
100900149,44,169,-125
100900150,5,40,-35
100900151,132,488,-356
100900152,166,4,162
100900153,9,169,-160
100900154,4,40,-36
100900155,3,15,-12
100900156,41,10,31
100900157,4,179,-175
100900159,9,18,-9
100900160,24,18,6
100900161,75,5,70
100900162,20,308,-288
100900163,236,297,-61
100900164,86,53,33
100900165,10,102,-92
100900166,23,3,20
100900167,24,72,-48
100900168,52,134,-82
100900169,134,827,-693
100900170,76,14,62
100900171,17,493,-476
100900172,0,15,-15
100900173,6,448,-442
100900174,317,56,261
100900176,1468,158,1310
100900177,690,257,433
100900178,401,153,248
100900179,137,117,20
100900180,12,3,9
100900181,117,96,21
100900182,27,25,2
100900184,25,139,-114
100900186,678,550,128
100900187,10,139,-129
100900188,37,7,30
100900189,996,273,723
100900191,1323,1114,209
100900192,321,355,-34
100900195,123,128,-5
100900197,19,104,-85
100900198,19,203,-184
100900199,15,13,2
100900200,624,426,198
100900201,59,625,-566
100900202,56,0,56
100900203,1,77,-76
100900204,267,353,-86
100900205,176,461,-285
100900206,138,83,55
100900207,305,142,163
100900210,70,728,-658
100900211,434,127,307
100900213,69,39,30
100900214,952,193,759
100900215,9,77,-68
100900217,139,91,48
101000001,4180,2707,1473
101000002,4191,4219,-28
101000003,712,1773,-1061
101000004,8602,6927,1675
101000005,3939,4651,-712
101000006,6585,6843,-258
101000007,2359,3020,-661
101000008,3675,2922,753
101000009,3062,1587,1475
101000010,1023,1229,-206
101000011,1839,706,1133
101000012,1643,861,782
101000013,749,1114,-365
101000014,613,720,-107
101000015,1161,803,358
101000016,447,460,-13
101000017,613,552,61
101000018,4057,2723,1334
101000020,6113,1133,4980
101000021,954,434,520
101000022,230,55,175
101000023,1901,798,1103
101000025,196,372,-176
101000026,500,26,474
101000027,1872,2155,-283
101000028,972,251,721
101000029,226,1285,-1059
101000030,2341,140,2201
101000031,1033,383,650
101000032,11630,4157,7473
101000033,2754,2744,10
101000034,2923,1686,1237
101000035,959,481,478
101000036,1911,849,1062
101000037,3354,1591,1763
101000039,2936,2000,936
101000040,3515,3199,316
101000041,11632,6615,5017
101000042,708,1145,-437
101000043,8991,6082,2909
101000045,1937,875,1062
101000046,5423,1201,4222
101000047,3022,2342,680
101000048,766,722,44
101000049,1018,1392,-374
101000050,2086,1401,685
101000051,2609,2073,536
101000052,1691,730,961
101000053,896,1434,-538
101000054,1634,1208,426
101000055,1582,1273,309
101000056,56,145,-89
101000057,2296,1017,1279
101000058,1638,1097,541
101000059,3020,2225,795
101000060,1686,576,1110
101000061,1059,1460,-401
101000062,780,718,62
101000063,723,938,-215
101000064,1483,1018,465
101000065,448,396,52
101000066,1094,750,344
101000067,1431,820,611
101000068,455,390,65
101000069,456,68,388
101000070,1408,806,602
101000071,1880,879,1001
101000072,800,2871,-2071
101000073,950,754,196
101000074,7402,3063,4339
101000075,6392,3783,2609
101000077,1790,1136,654
101000078,1440,2128,-688
101000079,1123,484,639
101000080,1057,427,630
101000081,1519,1430,89
101000082,3576,3255,321
101000083,2489,2207,282
101000084,1633,1070,563
101000085,1633,1389,244
101000086,1164,1235,-71
101000087,871,1341,-470
101000088,1119,1205,-86
101000089,878,1725,-847
101000090,2370,1646,724
101000091,436,1105,-669
101000092,854,1162,-308
101000093,1525,898,627
101000094,933,1212,-279
101000095,523,723,-200
101000096,395,614,-219
101000097,438,302,136
101000098,531,598,-67
101000099,1226,1186,40
101000100,859,742,117
101000101,361,349,12
101000102,870,456,414
101000103,991,441,550
101000104,440,592,-152
101000105,1177,322,855
101000106,713,616,97
101000107,261,383,-122
101000108,1117,430,687
101000109,278,70,208
101000110,68,624,-556
101000111,160,192,-32
101000113,168,683,-515
101000114,10795,4272,6523
101000115,104,106,-2
101000116,322,97,225
101000117,905,292,613
101000119,114,44,70
101000120,182,51,131
101000121,86,54,32
101000122,146,91,55
101000123,95,109,-14
101000124,783,194,589
101000125,298,556,-258
101000128,641,363,278
101000130,280,344,-64
101000131,732,670,62
101000132,532,1106,-574
101000135,109,42,67
101000136,642,144,498
101000137,56,367,-311
101000141,1699,2453,-754
101000147,1082,586,496
101000148,1627,19,1608
101000149,143,217,-74
101000150,114,859,-745
101000151,289,108,181
101000152,421,425,-4
101000153,1285,451,834
101000154,258,1233,-975
101000155,324,157,167
101000156,28,267,-239
101000157,45,11,34
101000160,154,49,105
101000163,288,270,18
101000164,477,371,106
101000165,265,355,-90
101000166,243,323,-80
101000168,889,433,456
101000252,1561,919,642
101000254,534,69,465
101000258,56,13,43
101000261,215,51,164
101000262,1303,1598,-295
101000263,199,772,-573
101000265,103,657,-554
101000266,368,283,85
101000269,56,7,49
101000290,1608,3321,-1713
101000293,25,86,-61
101000294,560,466,94
101000295,144,581,-437
101000301,790,358,432
101000304,2331,2498,-167
101000305,3563,1589,1974
101000328,151,316,-165
101900001,42,77,-35
101900002,0,15,-15
101900003,74,142,-68
101900004,7,88,-81
101900005,4100,1716,2384
101900006,803,70,733
101900007,723,169,554
101900008,85,269,-184
101900009,22,440,-418
101900010,1123,881,242
101900011,330,1221,-891
101900012,173,293,-120
101900013,1147,194,953
101900017,20,177,-157
101900018,1439,262,1177
101900019,389,161,228
101900020,65,80,-15
101900021,5,49,-44
101900022,167,1178,-1011
101900023,173,292,-119
101900026,144,47,97
101900027,19,139,-120
102000001,3220,4158,-938
102000002,3488,1343,2145
102000003,3892,6138,-2246
102000004,7790,3322,4468
102000005,1336,2085,-749
102000006,1565,1763,-198
102000007,1403,4125,-2722
102000008,4995,1766,3229
102000009,6218,7290,-1072
102000010,7480,3732,3748
102000011,3015,2498,517
102000012,3548,3545,3
102000018,3336,2826,510
102000019,2713,1637,1076
102000026,250,555,-305
102000029,266,235,31
102000030,132,349,-217
102000031,77,185,-108
102000032,395,355,40
102000033,306,416,-110
102000034,625,407,218
102000035,1117,740,377
102000036,18,268,-250
102000037,275,101,174
102000038,189,297,-108
102000039,235,79,156
102000040,679,236,443
102000041,229,310,-81
102000042,230,238,-8
102000043,387,218,169
102000044,401,485,-84
102000045,948,1078,-130
102000046,1048,672,376
102000047,825,1127,-302
102000048,397,699,-302
102000049,1031,796,235
102000050,1114,1207,-93
102000051,456,631,-175
102000052,1636,843,793
102000053,944,854,90
102000054,558,891,-333
102000055,910,870,40
102000056,857,1187,-330
102000057,1522,626,896
102000058,1048,1673,-625
102000059,2195,1388,807
102000060,1303,1113,190
102000061,1656,2386,-730
102000062,1829,1354,475
102000063,1311,1631,-320
102000064,558,751,-193
102000065,42,142,-100
102000066,2063,972,1091
102000067,3060,3554,-494
102000068,8812,3001,5811
102000069,71,1337,-1266
102000070,2089,36,2053
102000071,8513,10024,-1511
102000072,3535,4526,-991
102000073,897,803,94
102000074,538,810,-272
102000075,136,231,-95
102000076,181,554,-373
102000077,609,1002,-393
102000078,1748,981,767
102000079,218,271,-53
102000080,262,239,23
102000081,365,747,-382
102000082,844,367,477
102000083,659,403,256
102000084,259,391,-132
102000085,1784,1187,597
102000086,1082,1458,-376
102000087,916,1783,-867
102000088,300,349,-49
102000089,1124,458,666
102000090,553,1274,-721
102000091,1196,449,747
102000092,428,920,-492
102000093,774,673,101
102000094,960,671,289
102000095,1007,903,104
102000096,616,739,-123
102000097,753,710,43
102000098,601,616,-15
102000099,889,664,225
102000100,888,1125,-237
102000101,1122,655,467
102000102,424,1812,-1388
102000103,1442,424,1018
102000104,720,334,386
102000105,237,694,-457
102000106,862,733,129
102000107,1085,742,343
102000108,1085,259,826
102000109,677,690,-13
102000110,1094,1328,-234
102000111,9,287,-278
102000112,451,130,321
102000113,20,30,-10
102000114,827,380,447
102000115,288,365,-77
102000116,881,374,507
102000117,481,567,-86
102000118,1755,1155,600
102000119,2362,803,1559
102000120,204,487,-283
102000121,957,582,375
102000122,536,869,-333
102000123,1503,1153,350
102000124,1391,1142,249
102000125,954,997,-43
102000126,1182,741,441
102000127,1774,869,905
102000128,729,1103,-374
102000129,1385,967,418
102000130,669,739,-70
102000131,1265,645,620
102000132,454,754,-300
102000133,2363,2046,317
102000134,652,773,-121
102000135,798,833,-35
102000136,941,624,317
102000137,1019,861,158
102000138,394,478,-84
102000139,259,463,-204
102000140,623,543,80
102000141,213,410,-197
102000142,557,406,151
102000143,144,485,-341
102000144,274,414,-140
102000145,404,516,-112
102000146,382,333,49
102000147,433,595,-162
102000148,248,940,-692
102000149,166,470,-304
102000150,312,159,153
102000151,111,308,-197
102000152,202,181,21
102000153,1256,554,702
102000154,413,789,-376
102000155,142,338,-196
102000156,366,116,250
102000157,145,353,-208
102000158,571,497,74
102000159,1206,413,793
102000161,3820,2126,1694
102000162,226,160,66
102000163,151,617,-466
102000164,1121,1206,-85
102000165,405,136,269
102000166,101,147,-46
102000167,326,264,62
102000168,252,136,116
102000169,139,646,-507
102000170,523,175,348
102000171,248,103,145
102000172,101,365,-264
102000173,650,327,323
102000174,83,71,12
102000175,187,119,68
102000176,41,46,-5
102000178,313,489,-176
102000179,399,257,142
102000180,981,607,374
102000181,656,656,0
102000182,687,629,58
102000183,1644,1949,-305
102000184,1885,1021,864
102000185,2179,1609,570
102000186,1233,2066,-833
102000187,1822,1716,106
102000188,2128,1573,555
102000189,2227,815,1412
102000190,494,2730,-2236
102000191,1299,610,689
102000192,1135,1528,-393
102000193,73,149,-76
102000194,85,153,-68
102000195,432,504,-72
102000196,222,451,-229
102000197,641,459,182
102000198,159,825,-666
102000199,831,329,502
102000200,348,1024,-676
102000201,961,506,455
102000202,11,112,-101
102000203,419,205,214
102000204,433,729,-296
102000205,1035,596,439
102000206,659,812,-153
102000207,932,508,424
102000208,488,468,20
102000209,159,43,116
102000210,374,553,-179
102000211,742,435,307
102000212,374,14,360
102000213,9,363,-354
102000214,230,9,221
102000215,11,453,-442
102000216,43,61,-18
102000217,15,153,-138
102000218,302,166,136
102000219,539,342,197
102000225,804,717,87
102000226,2276,682,1594
102000227,142,4,138
102000228,1,130,-129
102000229,33,48,-15
102000230,292,500,-208
102000231,328,548,-220
102000232,28,155,-127
102000233,508,862,-354
102000234,114,1422,-1308
102000236,454,72,382
102000237,689,130,559
102000238,220,258,-38
102000240,790,776,14
102000241,240,163,77
102000243,37,74,-37
102000245,15,141,-126
102000246,31,37,-6
102000247,1015,1064,-49
102000248,604,934,-330
102000249,201,142,59
102000250,83,360,-277
102000254,98,348,-250
102000266,53,370,-317
102000271,46,2,44
102000286,535,437,98
102000297,1646,1177,469
102000301,0,0,0
102000303,0,0,0
102000307,0,4,-4
102900001,1536,859,677
102900002,493,48,445
102900003,81,216,-135
102900005,391,296,95
102900006,581,166,415
102900007,523,34,489
102900008,207,61,146
102900009,581,239,342
102900010,737,549,188
102900011,1898,372,1526
102900012,395,76,319
102900013,44,95,-51
102900015,612,431,181
102900016,83,194,-111
102900017,140,651,-511
102900018,31,162,-131
102900019,408,441,-33
102900020,97,26,71
102900021,25,125,-100
102900022,684,156,528
102900023,24,68,-44
102900024,46,53,-7
102900025,348,159,189
102900026,455,2180,-1725
102900027,73,58,15
102900028,180,791,-611
102900029,166,238,-72
102900030,840,331,509
102900031,206,223,-17
102900032,74,98,-24
102900033,116,233,-117
102900034,559,90,469
102900035,139,358,-219
102900036,354,529,-175
102900037,814,580,234
102900038,826,652,174
102900039,17,605,-588
102900040,113,230,-117
102900041,47,168,-121
102900042,205,240,-35
102900043,184,302,-118
102900044,846,2219,-1373
102900045,139,646,-507
102900046,148,255,-107
102900047,101,636,-535
102900048,628,672,-44
102900049,130,393,-263
102900050,351,360,-9
102900051,258,183,75
102900053,414,680,-266
102900054,672,1301,-629
102900055,66,198,-132
102900056,97,438,-341
102900057,24,40,-16
102900058,312,63,249
102900059,13,68,-55
102900060,128,514,-386
102900061,245,576,-331
102900062,193,1022,-829
102900063,1170,508,662
102900064,140,465,-325
102900065,1516,516,1000
102900066,302,16,286
102900068,142,93,49
102900070,346,497,-151
102900072,50,33,17
102900073,332,12,320
102900075,57,44,13
102900076,188,121,67
102900077,60,54,6
102900078,31,108,-77
102900079,120,13,107
102900080,318,26,292
102900081,109,313,-204
102900082,11,196,-185
102900083,339,13,326
102900084,16,30,-14
102900085,495,194,301
102900086,25,71,-46
102900087,97,92,5
102900088,19,31,-12
102900089,255,147,108
102900090,2,413,-411
102900091,174,4,170
102900092,243,807,-564
102900094,1,64,-63
102900095,84,1,83
102900096,38,18,20
102900097,255,585,-330
103000001,1954,2720,-766
103000002,2219,2706,-487
103000003,3207,2808,399
103000004,959,804,155
103000005,1926,2951,-1025
103000006,686,1480,-794
103000007,365,731,-366
103000008,1008,811,197
103000009,1112,1148,-36
103000010,143,123,20
103000011,1667,1496,171
103000012,1159,1610,-451
103000013,4620,2216,2404
103000014,1289,2418,-1129
103000015,1912,853,1059
103000016,633,1413,-780
103000017,238,449,-211
103000018,725,571,154
103000019,279,283,-4
103000020,2778,1554,1224
103000021,1836,1640,196
103000022,814,1262,-448
103000023,601,1546,-945
103000024,112,256,-144
103000025,160,618,-458
103000026,1524,168,1356
103000027,559,530,29
103000028,713,494,219
103000029,369,336,33
103000030,2227,934,1293
103000031,1856,1745,111
103000032,2341,2204,137
103000033,3177,3219,-42
103000034,1529,1354,175
103000035,429,1478,-1049
103000036,417,608,-191
103000037,688,607,81
103000038,561,1059,-498
103000039,358,555,-197
103000040,516,1200,-684
103000041,1767,2668,-901
103000042,1192,721,471
103000043,579,1118,-539
103000044,318,270,48
103000046,332,502,-170
103000047,731,875,-144
103000048,225,216,9
103000049,233,229,4
103000050,689,647,42
103000051,463,657,-194
103000052,925,535,390
103000053,204,1004,-800
103000054,2774,1589,1185
103000055,2097,2344,-247
103000056,657,1878,-1221
103000057,530,306,224
103000058,642,960,-318
103000059,468,919,-451
103000060,928,897,31
103000061,439,1116,-677
103000062,1164,802,362
103000063,715,949,-234
103000064,118,246,-128
103000065,12,498,-486
103000066,264,14,250
103000069,500,475,25
103000070,1111,960,151
103000071,1054,535,519
103000072,130,730,-600
103000073,568,146,422
103000074,619,102,517
103000075,131,721,-590
103000076,258,335,-77
103000077,48,415,-367
103000078,1327,632,695
103000079,989,721,268
103000080,1290,401,889
103000081,653,1159,-506
103000082,748,208,540
103000083,136,366,-230
103000084,176,7,169
103000085,4,200,-196
103000086,1087,410,677
103000087,142,599,-457
103000088,405,328,77
103000089,406,447,-41
103000090,1822,747,1075
103000091,637,442,195
103000092,270,387,-117
103000093,320,443,-123
103000094,233,116,117
103000095,69,406,-337
103000096,594,94,500
103000097,99,758,-659
103000098,1082,187,895
103000099,359,618,-259
103000100,113,788,-675
103000101,801,132,669
103000102,121,678,-557
103000103,724,191,533
103000104,47,95,-48
103000105,101,133,-32
103000106,4,110,-106
103000107,265,62,203
103000108,659,536,123
103000109,381,325,56
103000110,448,391,57
103000111,504,418,86
103000112,352,177,175
103000113,773,750,23
103000114,1329,420,909
103000115,614,465,149
103000116,518,447,71
103000117,402,478,-76
103000118,1019,910,109
103000119,1432,769,663
103000120,83,129,-46
103000121,955,856,99
103000122,628,648,-20
103000125,10,288,-278
103000126,682,0,682
103000127,1,214,-213
103000128,233,10,223
103000129,0,126,-126
103000130,71,65,6
103000131,163,105,58
103000132,120,242,-122
103000133,15,113,-98
103000134,837,898,-61
103000135,786,415,371
103000136,804,493,311
103000137,667,621,46
103000138,943,864,79
103000139,3,69,-66
103000140,162,42,120
103000141,72,146,-74
103000142,241,109,132
103000143,109,220,-111
103000144,312,72,240
103000145,60,84,-24
103000150,176,83,93
103000152,226,255,-29
103000153,305,172,133
103000156,4,409,-405
103000157,470,2,468
103000159,181,78,103
103000162,131,33,98
103000163,25,61,-36
103000164,40,32,8
103000165,147,403,-256
103000166,175,256,-81
103000167,194,126,68
103000168,94,230,-136
103000169,210,521,-311
103000170,713,555,158
103000171,219,89,130
103000172,505,538,-33
103000173,466,683,-217
103000174,116,431,-315
103000175,247,372,-125
103000176,927,872,55
103000177,703,547,156
103000178,355,329,26
103000179,218,69,149
103000183,117,29,88
103000185,94,49,45
103000186,120,247,-127
103000187,391,515,-124
103000188,10,68,-58
103000189,803,761,42
103000191,697,616,81
103000292,1878,1677,201
103000293,1069,1755,-686
103000295,184,95,89
103000296,523,4,519
103000297,82,47,35
103000504,63,11,52
103000505,19,10,9
103000506,2,294,-292
103000507,298,14,284
103000508,50,72,-22
103000509,229,626,-397
103900001,0,248,-248
103900002,1488,235,1253
103900003,1784,148,1636
103900004,102,40,62
103900005,8,294,-286
103900006,11,0,11
103900007,61,0,61
103900008,13,7,6
103900009,265,537,-272
103900010,147,351,-204
103900011,207,190,17
103900012,11,13,-2
103900013,41,98,-57
103900014,48,31,17
103900015,45,17,28
103900016,317,216,101
103900017,56,127,-71
103900018,784,258,526
103900019,84,330,-246
103900020,239,471,-232
103900021,614,98,516
103900022,1404,877,527
103900023,138,1,137
103900024,136,336,-200
103900025,26,57,-31
103900026,774,1,773
103900027,720,364,356
103900028,21,307,-286
103900029,1068,201,867
103900030,234,88,146
103900031,30,34,-4
103900032,112,90,22
103900033,129,11,118
103900034,23,156,-133
103900035,42,60,-18
103900036,52,36,16
103900037,86,53,33
103900038,110,257,-147
103900039,82,408,-326
103900040,16,229,-213
103900041,66,51,15
103900042,54,419,-365
103900043,117,82,35
103900044,125,175,-50
103900045,362,182,180
103900047,85,38,47
103900048,47,27,20
103900049,263,1252,-989
103900050,10,92,-82
103900051,5,15,-10
103900052,202,425,-223
103900053,219,793,-574
103900054,126,481,-355
103900055,435,192,243
103900056,144,60,84
103900057,31,225,-194
103900058,290,733,-443
103900059,1,26,-25
103900060,48,225,-177
103900061,135,62,73
103900062,289,67,222
103900063,108,0,108
103900064,103,8,95
103900065,1006,464,542
103900066,138,34,104
103900067,208,26,182
103900068,34,4,30
103900069,72,18,54
103900070,157,271,-114
103900071,22,147,-125
103900072,21,208,-187
103900073,37,26,11
103900074,73,79,-6
103900075,234,119,115
103900076,372,545,-173
103900077,41,94,-53
103900078,229,113,116
103900079,195,250,-55
103900080,14,53,-39
103900081,173,43,130
103900082,14,135,-121
103900083,1884,882,1002
103900084,92,106,-14
103900085,101,151,-50
103900086,565,376,189
103900088,553,369,184
103900089,50,127,-77
103900090,5,194,-189
103900091,1123,310,813
103900092,667,422,245
103900093,101,315,-214
103900094,9,137,-128
103900095,335,230,105
103900096,21,268,-247
103900097,17,532,-515
103900098,274,106,168
103900099,68,192,-124
103900100,155,399,-244
103900101,111,1169,-1058
103900102,2,19,-17
103900104,1,48,-47
103900105,131,273,-142
103900106,0,89,-89
103900107,102,219,-117
103900108,49,432,-383
103900109,115,70,45
103900110,210,68,142
103900111,90,600,-510
103900112,40,62,-22
103900113,128,227,-99
103900114,443,356,87
103900115,265,170,95
103900116,5972,2754,3218
103900117,176,140,36
103900119,42,83,-41
103900120,68,120,-52
103900122,101,289,-188
103900123,1689,720,969
103900124,50,496,-446
103900125,109,94,15
103900126,377,476,-99
103900127,184,524,-340
103900128,148,150,-2
103900131,66,148,-82
103900133,1022,392,630
103900134,2,6,-4
103900135,8,6,2
103900137,0,27,-27
103900138,108,320,-212
103900139,236,1692,-1456
103900140,17,134,-117
103900141,250,96,154
103900142,125,148,-23
103900143,35,1,34
103900144,3,37,-34
103900145,135,255,-120
103900146,263,300,-37
103900147,340,122,218
103900148,257,297,-40
103900149,276,714,-438
103900150,6492,3611,2881
103900151,59,163,-104
103900152,477,643,-166
103900153,5,0,5
103900154,1044,1513,-469
103900155,40,249,-209
103900156,54,188,-134
103900157,28,228,-200
103900158,86,174,-88
103900159,128,64,64
103900160,62,37,25
103900161,93,226,-133
103900162,59,193,-134
103900163,9,420,-411
103900167,26,124,-98
103900168,127,144,-17
103900169,48,56,-8
103900170,1,137,-136
103900171,2,61,-59
103900172,14,30,-16
103900173,24,24,0
103900174,144,75,69
103900175,104,81,23
103900176,16,70,-54
103900177,7,120,-113
103900178,47,65,-18
103900179,68,103,-35
103900180,15,94,-79
103900181,73,38,35
103900182,88,23,65
103900184,516,76,440
103900185,235,336,-101
103900187,27,61,-34
103900188,69,13,56
103900189,97,8,89
103900190,66,62,4
103900191,27,44,-17
103900192,52,67,-15
103900193,142,197,-55
103900194,60,236,-176
103900195,14,92,-78
103900196,31,41,-10
103900197,15,42,-27
103900198,15,49,-34
103900199,108,50,58
103900200,96,185,-89
103900201,199,252,-53
103900202,34,71,-37
103900203,58,19,39
103900204,1,144,-143
103900207,1,151,-150
103900208,154,1,153
103900209,7,102,-95
103900210,41,13,28
103900211,463,445,18
103900212,97,391,-294
103900213,91,274,-183
103900214,284,176,108
103900215,615,440,175
103900216,8,424,-416
103900217,377,163,214
103900218,4,366,-362
103900219,154,319,-165
103900233,133,2,131
103900235,62,29,33
103900236,30,8,22
103900242,22,52,-30
103900243,20,13,7
103900244,83,217,-134
103900245,97,205,-108
103900246,70,37,33
103900247,36,164,-128
103900248,16,37,-21
103900249,33,37,-4
103900250,26,25,1
103900251,2,30,-28
103900253,26,73,-47
103900254,9,30,-21
103900255,11,32,-21
103900256,25,29,-4
103900257,136,126,10
103900258,95,3,92
103900259,93,6,87
103900261,10,14,-4
103900262,22,1,21
103900263,59,65,-6
103900264,67,56,11
103900265,81,35,46
103900266,1,68,-67
103900267,7,77,-70
103900268,14,122,-108
103900269,88,48,40
103900270,91,217,-126
103900271,109,151,-42
103900272,58,86,-28
103900273,25,79,-54
103900274,88,16,72
103900275,54,10,44
103900276,8,111,-103
103900277,4,84,-80
103900278,10,58,-48
103900279,3,26,-23
103900280,3,150,-147
104000001,2030,1810,220
104000002,1648,2593,-945
104000003,2250,2203,47
104000004,2676,2759,-83
104000005,1498,1963,-465
104000006,2864,2920,-56
104000007,4212,4765,-553
104000008,294,307,-13
104000009,151,132,19
104000010,146,212,-66
104000011,455,417,38
104000012,134,389,-255
104000013,224,179,45
104000014,228,731,-503
104000015,284,165,119
104000016,607,461,146
104000018,721,164,557
104000019,520,164,356
104000020,157,641,-484
104000021,267,723,-456
104000022,162,300,-138
104000023,1317,391,926
104000024,248,440,-192
104000026,53,524,-471
104000027,254,375,-121
104000028,438,258,180
104000029,428,523,-95
104000030,235,255,-20
104000031,1275,441,834
104000032,251,372,-121
104000033,553,621,-68
104000034,301,354,-53
104000035,746,448,298
104000036,692,579,113
104000037,285,253,32
104000038,409,297,112
104000039,187,322,-135
104000040,332,411,-79
104000041,1664,381,1283
104000042,244,425,-181
104000043,608,496,112
104000044,367,737,-370
104000045,1072,1271,-199
104000046,1258,1879,-621
104000047,676,1304,-628
104000048,932,1728,-796
104000049,508,324,184
104000050,196,595,-399
104000051,116,589,-473
104000052,2096,1644,452
104000053,1426,596,830
104000054,1191,530,661
104000055,4050,2534,1516
104000056,1369,201,1168
104000057,153,581,-428
104000058,900,704,196
104000059,605,1270,-665
104000060,1066,1239,-173
104000061,1870,1211,659
104000062,315,152,163
104000064,475,358,117
104000065,289,709,-420
104000069,1134,973,161
104000070,51,525,-474
104000071,159,898,-739
104000072,598,213,385
104000075,49,299,-250
104000076,514,60,454
104000082,2167,3134,-967
104000083,817,193,624
104000084,140,604,-464
104000085,314,283,31
104000086,233,474,-241
104000087,559,1631,-1072
104000090,720,1514,-794
104000092,1126,2322,-1196
104000094,952,1681,-729
104000095,1774,1403,371
104000096,1315,277,1038
104000097,1629,1019,610
104000098,1842,1099,743
104000100,1601,685,916
104000101,1323,1832,-509
104000106,75,622,-547
104000107,651,574,77
104000108,309,522,-213
104000109,297,67,230
104000110,825,966,-141
104000111,3889,2073,1816
104000112,2599,641,1958
104000116,3,1192,-1189
104000117,173,746,-573
104000118,465,250,215
104000119,625,336,289
104000120,251,777,-526
104000121,302,750,-448
104000122,579,807,-228
104000123,879,1112,-233
104000124,987,2204,-1217
104000125,3484,3717,-233
104000126,320,393,-73
104000127,1298,2917,-1619
104000128,642,472,170
104000129,353,45,308
104000130,10,274,-264
104000131,883,560,323
104000132,450,655,-205
104000133,1357,791,566
104000134,941,1412,-471
104000135,415,1571,-1156
104000136,845,3310,-2465
104000137,1531,345,1186
104000138,986,384,602
104000139,6494,3028,3466
104000141,1119,1390,-271
104000142,619,774,-155
104000143,530,642,-112
104000144,68,237,-169
104000145,390,211,179
104000146,341,650,-309
104000147,157,373,-216
104000148,266,152,114
104000149,178,362,-184
104000150,941,516,425
104000151,432,576,-144
104000152,501,569,-68
104000153,528,509,19
104000154,1095,797,298
104000155,407,537,-130
104000157,984,1547,-563
104000158,428,383,45
104000159,706,439,267
104000160,1672,1738,-66
104000161,180,303,-123
104000162,95,227,-132
104000165,1236,1301,-65
104000167,596,1046,-450
104000168,503,9,494
104000169,82,49,33
104000170,553,485,68
104000248,282,736,-454
104000251,90,320,-230
104000272,0,0,0
104000273,0,0,0
104000274,0,0,0
104000275,0,0,0
104000279,625,445,180
104000290,124,303,-179
104000291,707,1156,-449
104000293,755,704,51
104000294,14,0,14
104000295,490,766,-276
104000296,338,595,-257
104000297,684,1842,-1158
104000298,2190,648,1542
104000299,783,1614,-831
104900001,213,463,-250
104900002,44,137,-93
104900003,63,424,-361
104900004,84,384,-300
104900005,207,184,23
104900006,282,99,183
104900007,228,172,56
104900009,145,415,-270
104900010,64,73,-9
104900011,19,11,8
104900012,223,56,167
104900013,103,22,81
104900014,3252,290,2962
104900015,114,3,111
104900016,191,257,-66
104900017,218,210,8
104900018,10,179,-169
104900019,346,2405,-2059
104900020,39,319,-280
104900021,5,194,-189
104900022,11,120,-109
104900023,4,102,-98
104900024,10,99,-89
104900025,110,314,-204
104900026,5,104,-99
104900027,501,374,127
104900028,20,99,-79
104900029,43,67,-24
104900030,418,250,168
104900031,83,265,-182
104900032,55,105,-50
104900033,126,260,-134
104900034,380,240,140
104900035,300,291,9
104900036,176,141,35
104900037,164,222,-58
104900038,585,704,-119
104900039,551,248,303
104900040,422,151,271
104900041,226,152,74
104900042,146,237,-91
104900043,16,110,-94
104900044,455,286,169
104900045,470,65,405
104900046,157,110,47
104900047,271,184,87
104900048,265,107,158
104900049,20,21,-1
104900050,476,60,416
104900051,245,60,185
104900052,37,1,36
104900053,423,103,320
104900054,140,42,98
104900055,79,0,79
104900056,520,20,500
104900057,45,1,44
104900058,478,157,321
104900059,231,76,155
104900060,2,363,-361
104900061,228,658,-430
104900063,0,113,-113
104900064,0,102,-102
104900065,1,174,-173
104900066,2,174,-172
104900067,2,310,-308
104900068,12,287,-275
104900070,204,341,-137
104900071,0,585,-585
104900072,49,347,-298
104900073,56,205,-149
104900074,43,279,-236
104900075,44,53,-9
104900076,104,369,-265
104900077,910,181,729
104900078,189,588,-399
104900079,93,466,-373
104900080,103,520,-417
104900082,23,500,-477
104900085,5,172,-167
104900087,879,7,872
104900089,123,0,123
104900090,944,608,336
104900091,1249,685,564
104900093,277,626,-349
104900097,2194,1899,295
104900098,151,47,104
104900099,534,866,-332
104900100,534,213,321
104900102,69,187,-118
104900103,436,67,369
104900104,2912,2060,852
104900106,113,153,-40
104900107,170,224,-54
104900108,21,228,-207
104900109,73,179,-106
104900110,13,49,-36
104900111,98,105,-7
104900112,256,794,-538
104900113,626,356,270
104900114,416,480,-64
104900115,632,443,189
104900116,220,229,-9
104900118,47,87,-40
104900119,3,57,-54
104900120,48,175,-127
104900121,1,68,-67
104900122,3,62,-59
104900123,22,5,17
104900124,40,2,38
104900125,470,6,464
104900126,76,106,-30
104900127,39,85,-46
104900128,91,182,-91
104900129,1919,1534,385
105000001,2381,1721,660
105000002,2056,1681,375
105000003,3161,3300,-139
105000004,607,986,-379
105000005,742,909,-167
105000006,1353,1496,-143
105000007,1250,1313,-63
105000008,1756,2371,-615
105000009,1922,3018,-1096
105000010,4026,2702,1324
105000011,3047,2449,598
105000012,4805,3413,1392
105000013,960,1078,-118
105000014,2175,2347,-172
105000015,9244,11637,-2393
105000016,3434,2108,1326
105000017,1772,948,824
105000018,1536,1474,62
105000019,1932,882,1050
105000020,176,418,-242
105000021,349,99,250
105000022,268,75,193
105000023,530,384,146
105000028,106,139,-33
105000029,573,1104,-531
105000030,4512,3365,1147
105000031,5,39,-34
105000033,1431,2204,-773
105000034,154,889,-735
105000037,704,431,273
105000038,2116,1544,572
105000039,3215,1919,1296
105000040,1200,999,201
105000041,902,1367,-465
105000042,2958,1523,1435
105000043,2340,2127,213
105000044,538,461,77
105000045,302,894,-592
105000046,949,332,617
105000047,511,1681,-1170
105000048,699,230,469
105000049,221,823,-602
105000050,662,380,282
105000051,201,557,-356
105000052,954,952,2
105000053,205,224,-19
105000054,734,1004,-270
105000055,882,362,520
105000056,3036,2559,477
105000057,2537,859,1678
105000058,1406,1520,-114
105000059,714,734,-20
105000060,483,627,-144
105000061,516,633,-117
105000062,798,985,-187
105000063,334,630,-296
105000064,1101,999,102
105000065,346,692,-346
105000066,1144,1643,-499
105000067,1157,1005,152
105000068,535,996,-461
105000069,2074,1584,490
105000070,710,783,-73
105000071,231,776,-545
105000072,952,2003,-1051
105000073,773,664,109
105000074,1205,977,228
105000075,564,885,-321
105000076,1355,1045,310
105000077,2562,968,1594
105000078,1458,1420,38
105000079,1633,2907,-1274
105000080,1773,1259,514
105000081,3487,1252,2235
105000082,968,1422,-454
105000083,3903,2505,1398
105000084,1436,1011,425
105000085,2264,1570,694
105000086,761,1209,-448
105000087,1781,1886,-105
105000088,1570,1763,-193
105000089,3638,2533,1105
105000090,1165,872,293
105000091,1743,1560,183
105000092,841,1008,-167
105000093,345,257,88
105000094,253,214,39
105000095,97,503,-406
105000096,1291,973,318
105000097,1133,676,457
105000098,899,679,220
105000099,982,879,103
105000100,1127,1024,103
105000101,2662,2116,546
105000102,1721,1594,127
105000103,1785,2246,-461
105000104,2852,1089,1763
105000105,1864,2292,-428
105000106,1609,2059,-450
105000107,1162,979,183
105000108,1278,1583,-305
105000109,1480,2072,-592
105000110,643,729,-86
105000111,609,924,-315
105000112,1065,865,200
105000113,410,881,-471
105000114,2972,1279,1693
105000115,282,1244,-962
105000116,658,650,8
105000117,943,1341,-398
105000118,632,638,-6
105000119,794,1229,-435
105000120,919,755,164
105000121,836,1446,-610
105000122,440,886,-446
105000123,1822,1508,314
105000124,1884,968,916
105000125,816,2137,-1321
105000126,1972,1908,64
105000127,2375,2484,-109
105000128,2037,1214,823
105000129,1162,400,762
105000130,385,2172,-1787
105000131,939,501,438
105000132,671,595,76
105000133,507,1119,-612
105000134,598,642,-44
105000135,562,942,-380
105000136,169,451,-282
105000137,375,295,80
105000138,269,543,-274
105000139,1158,1189,-31
105000140,352,621,-269
105000141,339,775,-436
105000142,149,541,-392
105000143,239,796,-557
105000144,373,989,-616
105000145,643,458,185
105000146,485,1055,-570
105000147,460,355,105
105000148,1194,630,564
105000149,2336,1959,377
105000150,1997,1880,117
105000151,497,459,38
105000152,210,552,-342
105000153,584,928,-344
105000154,555,651,-96
105000155,347,1258,-911
105000156,906,770,136
105000157,827,1666,-839
105000158,1716,1040,676
105000159,281,1080,-799
105000160,1663,806,857
105000161,684,1242,-558
105000162,532,1687,-1155
105000163,1219,917,302
105000164,224,311,-87
105000165,1114,4329,-3215
105000166,5986,913,5073
105000167,2111,1332,779
105000168,370,755,-385
105000169,445,545,-100
105000170,172,1869,-1697
105000171,1103,289,814
105000172,283,87,196
105000173,228,149,79
105000174,47,93,-46
105000175,77,136,-59
105000176,278,192,86
105000177,252,259,-7
105000178,118,492,-374
105000179,388,414,-26
105000180,121,109,12
105000181,69,331,-262
105000182,109,59,50
105000183,2907,1607,1300
105000184,2442,933,1509
105000185,1619,811,808
105000186,823,761,62
105000187,844,167,677
105000188,588,127,461
105000189,479,472,7
105000190,326,401,-75
105000191,473,424,49
105000192,288,61,227
105000193,133,156,-23
105000194,540,155,385
105000195,371,780,-409
105000196,112,317,-205
105000197,258,656,-398
105000198,606,409,197
105000199,412,722,-310
105000200,210,202,8
105000201,248,35,213
105000203,12,223,-211
105000204,89,94,-5
105000205,108,214,-106
105000207,561,318,243
105000208,246,457,-211
105000209,250,458,-208
105000211,231,19,212
105000212,1324,1362,-38
105000213,213,221,-8
105000214,152,365,-213
105000215,279,213,66
105000216,158,497,-339
105000217,180,396,-216
105000218,1281,1495,-214
105000221,135,199,-64
105000222,532,77,455
105000223,513,216,297
105000226,94,274,-180
105000227,100,159,-59
105000228,340,1356,-1016
105000229,167,424,-257
105000231,302,292,10
105000233,996,784,212
105000234,788,1284,-496
105000235,421,755,-334
105000237,678,68,610
105000243,28,40,-12
105000248,87,83,4
105000262,312,1405,-1093
105000269,130,207,-77
105000270,354,50,304
105000271,2,232,-230
105000282,81,67,14
105000287,327,111,216
105000288,938,563,375
105000289,2983,1892,1091
105000290,69,4,65
105000402,3722,2879,843
105000426,570,665,-95
105000438,4013,1509,2504
105000440,20,40,-20
105000446,12012,5857,6155
105000447,7177,3094,4083
105000454,402,824,-422
105000455,323,262,61
105000474,38,4,34
105000477,331,665,-334
105000478,1525,3456,-1931
105000479,185,138,47
105000480,8346,5220,3126
105000481,4089,3149,940
105000482,5548,7276,-1728
105000483,1599,1625,-26
105000484,2367,3163,-796
105000485,1621,2349,-728
105000486,4720,2655,2065
105000488,10260,5685,4575
105000489,881,964,-83
105000549,334,124,210
105000550,610,1805,-1195
105000551,35,160,-125
105000552,3107,1972,1135
105000555,1186,981,205
105000556,69,37,32
105000557,42,216,-174
105900001,16,1158,-1142
105900002,1331,814,517
105900003,10,122,-112
105900004,319,114,205
105900005,9,302,-293
105900006,11,107,-96
105900007,293,35,258
105900008,49,720,-671
105900009,31,21,10
105900011,207,37,170
105900012,413,96,317
105900013,4,46,-42
105900014,6,55,-49
105900015,174,308,-134
105900016,457,567,-110
105900017,1930,78,1852
105900018,132,185,-53
105900019,55,257,-202
105900020,57,42,15
105900021,25,184,-159
105900022,215,177,38
105900023,4,77,-73
105900024,23,207,-184
105900025,141,68,73
105900026,251,42,209
105900027,4823,7539,-2716
105900028,431,268,163
105900029,1488,344,1144
105900030,217,265,-48
105900031,389,239,150
105900032,74,196,-122
105900033,209,149,60
105900034,210,275,-65
105900035,129,157,-28
105900036,76,107,-31
105900037,98,79,19
105900038,159,261,-102
105900039,112,104,8
105900040,108,93,15
105900041,136,208,-72
105900042,61,134,-73
105900043,1329,65,1264
105900044,6,256,-250
105900045,5,623,-618
105900046,13,211,-198
105900047,3,32,-29
105900048,114,610,-496
105900050,6212,1636,4576
105900051,11,959,-948
105900052,458,385,73
105900053,3605,2776,829
105900054,353,218,135
105900056,753,413,340
105900057,39,136,-97
105900058,11,22,-11
105900059,0,28,-28
106000001,4262,2333,1929
106000002,2496,5209,-2713
106000003,2409,3535,-1126
106000004,1925,2699,-774
106000005,2798,6250,-3452
106000006,5746,4679,1067
106000007,468,663,-195
106000008,432,365,67
106000009,565,410,155
106000010,531,640,-109
106000011,860,1065,-205
106000012,822,1558,-736
106000013,1811,2128,-317
106000014,1976,1692,284
106000015,1463,1346,117
106000016,1251,2508,-1257
106000017,372,651,-279
106000018,516,361,155
106000019,397,518,-121
106000020,192,315,-123
106000021,321,519,-198
106000022,279,205,74
106000023,555,346,209
106000024,430,564,-134
106000025,113,192,-79
106000026,201,268,-67
106000027,1139,1498,-359
106000028,637,680,-43
106000029,926,1409,-483
106000030,659,485,174
106000034,213,672,-459
106000035,1312,1917,-605
106000036,322,436,-114
106000037,2053,1636,417
106000038,440,121,319
106000039,179,97,82
106000040,171,935,-764
106000041,770,474,296
106000043,602,236,366
106000046,447,108,339
106000047,79,433,-354
106000049,893,273,620
106000050,342,829,-487
106000051,560,487,73
106000052,89,561,-472
106000053,345,170,175
106000054,334,497,-163
106000055,898,1180,-282
106000056,293,534,-241
106000057,233,288,-55
106000058,150,198,-48
106000059,294,349,-55
106000060,299,538,-239
106000061,189,501,-312
106000062,149,565,-416
106000063,687,536,151
106000064,57,385,-328
106000065,270,330,-60
106000066,108,307,-199
106000067,488,106,382
106000068,71,619,-548
106000069,166,90,76
106000070,424,868,-444
106000071,952,326,626
106000072,3352,1597,1755
106000073,1738,3187,-1449
106000074,499,606,-107
106000075,310,1592,-1282
106000076,1975,2335,-360
106000077,3552,1534,2018
106000078,880,1090,-210
106000079,682,1142,-460
106000080,1151,757,394
106000081,734,1196,-462
106000082,2138,984,1154
106000083,351,1456,-1105
106000084,1153,706,447
106000085,1511,1598,-87
106000086,633,963,-330
106000087,954,575,379
106000088,412,865,-453
106000089,783,459,324
106000090,270,638,-368
106000091,265,563,-298
106000092,619,293,326
106000093,493,181,312
106000094,77,262,-185
106000095,654,918,-264
106000096,782,751,31
106000097,1051,1114,-63
106000098,859,1144,-285
106000099,225,907,-682
106000100,1243,261,982
106000101,1514,344,1170
106000102,411,674,-263
106000103,491,605,-114
106000104,1120,478,642
106000105,433,701,-268
106000106,632,543,89
106000107,190,407,-217
106000108,355,329,26
106000109,186,387,-201
106000110,260,391,-131
106000111,228,616,-388
106000112,172,621,-449
106000113,807,592,215
106000114,543,680,-137
106000115,262,563,-301
106000116,359,253,106
106000117,954,742,212
106000118,1050,1388,-338
106000119,1674,1074,600
106000120,704,1146,-442
106000121,186,148,38
106000122,124,284,-160
106000123,398,194,204
106000124,82,302,-220
106000125,51,346,-295
106000126,338,170,168
106000127,717,1089,-372
106000128,727,259,468
106000129,510,880,-370
106000130,639,454,185
106000131,162,943,-781
106000132,597,205,392
106000133,2499,1275,1224
106000134,671,2080,-1409
106000135,313,796,-483
106000136,659,1031,-372
106000137,111,1106,-995
106000138,1042,165,877
106000139,62,160,-98
106000140,56,67,-11
106000141,123,95,28
106000142,49,68,-19
106000143,90,68,22
106000144,28,59,-31
106000145,176,245,-69
106000146,307,157,150
106000147,522,657,-135
106000148,824,930,-106
106000149,591,444,147
106000150,560,1927,-1367
106000151,3437,800,2637
106000152,945,1666,-721
106000153,191,984,-793
106000154,1448,278,1170
106000155,130,272,-142
106000156,657,303,354
106000157,591,1597,-1006
106000158,2334,965,1369
106000159,3467,1834,1633
106000160,379,2381,-2002
106000161,1508,543,965
106000162,219,923,-704
106000163,624,505,119
106000164,326,354,-28
106000165,200,665,-465
106000166,677,326,351
106000167,368,1206,-838
106000168,414,279,135
106000169,205,664,-459
106000170,928,299,629
106000171,231,1199,-968
106000172,2657,1395,1262
106000173,1199,2993,-1794
106000174,953,415,538
106000175,277,1037,-760
106000176,1475,899,576
106000177,773,2524,-1751
106000178,2910,1771,1139
106000179,1248,2434,-1186
106000180,725,1473,-748
106000181,623,1684,-1061
106000182,1058,765,293
106000183,1080,764,316
106000184,1430,691,739
106000185,866,941,-75
106000186,924,183,741
106000187,256,1232,-976
106000188,0,0,0
106000189,22,76,-54
106000190,40,0,40
106000191,594,235,359
106000192,0,21,-21
106000193,404,265,139
106000194,141,355,-214
106000195,467,113,354
106000196,137,342,-205
106000197,529,267,262
106000198,155,230,-75
106000199,978,843,135
106000200,191,232,-41
106000201,500,2114,-1614
106000202,4247,664,3583
106000203,57,209,-152
106000204,114,7,107
106000205,41,168,-127
106000206,82,21,61
106000207,53,755,-702
106000208,1302,188,1114
106000209,1378,325,1053
106000210,279,1118,-839
106000211,396,1200,-804
106000212,872,399,473
106000213,770,1746,-976
106000214,2562,616,1946
106000215,323,489,-166
106000216,425,384,41
106000217,313,441,-128
106000218,502,446,56
106000219,141,351,-210
106000220,396,257,139
106000221,150,292,-142
106000222,33,101,-68
106000223,174,133,41
106000224,159,230,-71
106000225,106,120,-14
106000226,132,339,-207
106000228,51,124,-73
106000229,75,818,-743
106000231,868,144,724
106000232,92,410,-318
106000233,789,116,673
106000234,223,177,46
106000235,1924,89,1835
106000236,910,39,871
106000237,27,13,14
106000238,586,23,563
106000239,6,218,-212
106000240,101,3,98
106000241,25,753,-728
106000242,330,51,279
106000249,59,104,-45
106000250,70,570,-500
106000251,137,29,108
106000252,21,85,-64
106000253,55,49,6
106000254,40,52,-12
106000255,18,128,-110
106000256,45,83,-38
106000257,157,217,-60
106000258,854,11,843
106000259,23,36,-13
106000260,64,9,55
106000261,26,43,-17
106000262,228,14,214
106000263,11,88,-77
106000264,227,15,212
106000265,15,116,-101
106000266,105,41,64
106000267,9,69,-60
106000268,501,108,393
106000269,70,59,11
106000270,136,575,-439
106000271,84,244,-160
106000272,305,97,208
106000273,8,274,-266
106000274,193,66,127
106000275,160,269,-109
106000276,162,42,120
106000277,143,256,-113
106000278,195,38,157
106000279,15,53,-38
106000280,85,100,-15
106000281,108,86,22
106000282,73,64,9
106000283,101,72,29
106000284,53,114,-61
106000285,110,91,19
106000286,81,164,-83
106000287,163,110,53
106000288,90,158,-68
106000289,108,92,16
106000290,63,103,-40
106000291,97,113,-16
106000292,78,99,-21
106000293,144,94,50
106000294,143,129,14
106000295,60,61,-1
106000296,43,143,-100
106000297,94,249,-155
106000298,156,68,88
106000299,95,130,-35
106000300,43,90,-47
106000301,73,128,-55
106000303,38,103,-65
106000304,35,41,-6
106000305,57,82,-25
106000306,31,80,-49
106000307,52,44,8
106000308,29,130,-101
106000309,14,64,-50
106000310,327,601,-274
106000311,359,169,190
106000312,61,169,-108
106000313,148,227,-79
106000318,140,343,-203
106000319,1025,212,813
106000320,4,68,-64
106000321,512,64,448
106000322,166,215,-49
106000324,18,181,-163
106000325,1427,1025,402
106000326,967,1866,-899
106000327,148,136,12
106000328,20,136,-116
106000329,129,296,-167
106000330,73,87,-14
106000428,90,193,-103
106000429,183,549,-366
106000430,424,1473,-1049
106000431,2645,453,2192
106000432,2155,3413,-1258
106000433,1919,1459,460
106000434,3089,1621,1468
106000435,1814,3010,-1196
106000436,16,303,-287
106000437,368,42,326
106000438,373,165,208
106000439,57,397,-340
106000440,335,574,-239
106000441,4,0,4
106000442,155,3,152
106000443,124,359,-235
106000450,3,183,-180
106000451,37,28,9
106000454,4,694,-690
106000455,25,214,-189
106000456,112,64,48
106000457,32,987,-955
106000458,768,184,584
106000459,523,575,-52
106000460,1630,68,1562
106000461,86,1323,-1237
106000462,4,46,-42
106000463,5,21,-16
106000464,7,484,-477
106000465,579,4,575
106000466,1,543,-542
106000467,525,727,-202
106000468,73,187,-114
106000469,277,1,276
106000470,293,1943,-1650
106000471,30,603,-573
106000472,141,16,125
106000473,32,41,-9
106000474,413,734,-321
106000475,658,338,320
106000476,203,209,-6
106000477,37,132,-95
106000480,0,569,-569
106900001,0,14,-14
106900002,4,492,-488
106900003,293,928,-635
106900004,1,43,-42
106900006,0,13,-13
106900007,1,22,-21
106900008,280,247,33
106900009,346,380,-34
106900010,286,290,-4
106900012,1888,2205,-317
106900013,676,133,543
106900014,26,2,24
106900015,37,1,36
106900016,319,15,304
106900017,6,0,6
106900018,2,0,2
106900019,23,1,22
106900020,2447,1317,1130
106900021,102,83,19
106900022,656,2,654
106900023,71,315,-244
106900024,644,40,604
106900025,61,630,-569
106900026,3,631,-628
106900027,671,3,668
107000001,4080,3174,906
107000002,3842,5958,-2116
107000003,5474,6971,-1497
107000004,4734,5819,-1085
107000005,4351,5608,-1257
107000006,6635,5946,689
107000007,5190,10460,-5270
107000008,13174,10104,3070
107000009,6636,7471,-835
107000010,14161,12049,2112
107000011,1444,1589,-145
107000012,5197,4173,1024
107000013,130,150,-20
107000014,58,387,-329
107000015,562,996,-434
107000016,695,1131,-436
107000017,4780,1249,3531
107000018,8,670,-662
107000020,2850,795,2055
107000021,1877,686,1191
107000022,1130,1267,-137
107000023,2883,385,2498
107000024,603,1581,-978
107000025,218,527,-309
107000026,268,661,-393
107000027,1235,1196,39
107000028,1386,1811,-425
107000029,3354,2988,366
107000030,3623,3852,-229
107000031,3763,2723,1040
107000032,518,1165,-647
107000033,3622,5827,-2205
107000034,3765,1914,1851
107000035,359,273,86
107000036,454,1434,-980
107000037,102,869,-767
107000038,306,295,11
107000039,904,841,63
107000040,167,505,-338
107000041,1546,824,722
107000042,765,2095,-1330
107000043,2757,1320,1437
107000044,536,351,185
107000045,120,305,-185
107000046,875,470,405
107000047,459,998,-539
107000048,566,352,214
107000049,652,863,-211
107000050,1054,604,450
107000051,547,420,127
107000052,1286,980,306
107000053,367,239,128
107000054,103,328,-225
107000055,454,169,285
107000056,598,934,-336
107000057,1874,332,1542
107000058,2184,2260,-76
107000059,2493,3458,-965
107000060,3841,5550,-1709
107000061,5454,4318,1136
107000062,3551,3280,271
107000063,4063,6197,-2134
107000064,4551,2370,2181
107000065,5761,5652,109
107000066,1798,2706,-908
107000067,1049,1206,-157
107000068,1379,716,663
107000069,769,531,238
107000070,1046,40,1006
107000071,2974,43,2931
107000072,69,3311,-3242
107000073,737,302,435
107000074,200,1123,-923
107000075,1474,493,981
107000076,857,1900,-1043
107000077,3304,1481,1823
107000078,3019,4113,-1094
107000079,2521,1092,1429
107000080,1473,3806,-2333
107000081,1681,666,1015
107000082,757,2360,-1603
107000083,1463,506,957
107000084,646,2165,-1519
107000085,2905,4006,-1101
107000086,4252,3868,384
107000087,2710,2397,313
107000088,4518,4203,315
107000089,1459,1983,-524
107000090,1165,1273,-108
107000091,1124,921,203
107000092,756,1243,-487
107000093,1109,879,230
107000094,1179,1431,-252
107000095,946,845,101
107000096,663,1161,-498
107000097,788,503,285
107000098,688,898,-210
107000099,490,397,93
107000100,225,359,-134
107000101,88,204,-116
107000102,235,414,-179
107000103,384,241,143
107000104,238,412,-174
107000105,419,147,272
107000106,526,327,199
107000107,723,241,482
107000108,248,834,-586
107000109,602,279,323
107000110,73,499,-426
107000111,382,56,326
107000112,84,329,-245
107000113,644,170,474
107000114,113,587,-474
107000115,448,159,289
107000116,86,869,-783
107000117,134,616,-482
107000118,126,227,-101
107000119,1556,1618,-62
107000120,1648,487,1161
107000121,724,824,-100
107000122,1377,1089,288
107000123,382,795,-413
107000124,589,1010,-421
107000125,802,741,61
107000126,928,979,-51
107000129,348,969,-621
107000130,762,296,466
107000131,416,616,-200
107000132,600,351,249
107000133,1307,107,1200
107000134,378,3,375
107000135,2,254,-252
107000136,774,9,765
107000137,13,403,-390
107000138,505,45,460
107000139,30,467,-437
107000140,2391,133,2258
107000141,151,833,-682
107000142,704,161,543
107000143,103,787,-684
107000144,920,581,339
107000145,136,537,-401
107000146,204,458,-254
107000147,4578,1477,3101
107000150,813,2901,-2088
107000151,67,116,-49
107000152,538,1318,-780
107000153,260,447,-187
107000154,360,271,89
107000155,918,23,895
107000156,1222,34,1188
107000157,65,1894,-1829
107000158,698,27,671
107000159,50,1268,-1218
107000160,868,169,699
107000161,82,1733,-1651
107000162,326,552,-226
107000163,370,7,363
107000164,729,4,725
107000165,841,7,834
107000166,67,1228,-1161
107000167,555,296,259
107000168,926,540,386
107000169,1049,1151,-102
107000170,1655,957,698
107000171,622,2306,-1684
107000172,1010,1488,-478
107000173,697,1235,-538
107000174,1000,4654,-3654
107000175,7301,2129,5172
107000176,2,5,-3
107000177,5,1,4
107000178,14,62,-48
107000179,283,2744,-2461
107000180,1363,365,998
107000181,386,1497,-1111
107000182,1506,985,521
107000183,174,1003,-829
107000184,1057,768,289
107000185,425,1473,-1048
107000186,1031,502,529
107000187,1783,1484,299
107000188,786,642,144
107000189,482,1194,-712
107000190,723,803,-80
107000191,803,1536,-733
107000192,1604,997,607
107000193,379,472,-93
107000194,987,838,149
107000197,869,335,534
107000198,325,918,-593
107000199,583,1022,-439
107000200,763,743,20
107000201,898,290,608
107000202,552,509,43
107000203,2469,679,1790
107000204,1953,825,1128
107000205,2444,1148,1296
107000206,900,1207,-307
107000207,737,1057,-320
107000208,1108,420,688
107000209,2197,1192,1005
107000210,889,477,412
107000211,7,35,-28
107000212,15,437,-422
107000213,9,26,-17
107000214,14,161,-147
107000215,376,421,-45
107000216,436,311,125
107000217,476,158,318
107000219,124,125,-1
107000220,712,220,492
107000222,240,917,-677
107000224,427,93,334
107000225,233,579,-346
107000226,426,87,339
107000227,149,344,-195
107000228,100,212,-112
107000229,178,132,46
107000230,1110,520,590
107000231,1953,1600,353
107000232,84,45,39
107000233,1706,985,721
107000234,1,58,-57
107000235,73,1,72
107000236,22,601,-579
107000237,19,2,17
107000238,69,1,68
107000239,3574,553,3021
107000240,118,1084,-966
107000243,0,82,-82
107000244,6,71,-65
107000246,6,1182,-1176
107000249,2,1053,-1051
107000251,2,423,-421
107000252,4,1241,-1237
107000255,533,88,445
107000257,0,485,-485
107000258,1,145,-144
107000259,24,262,-238
107000260,636,8,628
107000262,12,576,-564
107000263,243,23,220
107000266,4,49,-45
107000267,91,145,-54
107000268,209,189,20
107000269,603,32,571
107000270,1,19,-18
107000271,12,837,-825
107000272,13,182,-169
107000273,3,265,-262
107000274,2822,265,2557
107000275,131,907,-776
107000280,780,34,746
107000281,54,979,-925
107000282,38,1034,-996
107000290,9,54,-45
107000291,49,14,35
107000292,1,50,-49
107000293,165,7,158
107000294,5,40,-35
107000295,95,0,95
107000296,0,11,-11
107000444,288,12,276
107000496,4,11,-7
107000497,1484,2925,-1441
107000500,377,374,3
107000501,183,210,-27
107000502,209,361,-152
107000505,493,846,-353
107000506,1,29,-28
107000508,15,763,-748
107000509,306,1198,-892
107000510,186,22,164
107000514,62,314,-252
107000515,10,258,-248
107000516,351,309,42
107000518,1038,1034,4
107000519,2386,1124,1262
107000520,62,36,26
107000521,645,478,167
107000522,892,722,170
107900001,32,220,-188
107900002,49,10,39
107900003,192,14,178
107900004,17,1,16
107900005,1258,5,1253
107900006,120,5,115
107900007,270,43,227
107900008,76,27,49
107900009,153,6,147
107900010,26,1,25
107900012,231,31,200
107900013,237,58,179
107900014,44,4,40
107900015,887,12,875
107900016,412,87,325
107900017,16,2,14
107900018,54,153,-99
107900019,16,61,-45
107900020,108,22,86
107900021,66,173,-107
107900023,1,1,0
107900024,0,6,-6
107900025,153,279,-126
107900026,57,65,-8
107900027,125,57,68
107900028,64,89,-25
107900030,134,16,118
107900031,56,107,-51
107900032,34,4,30
107900033,16,14,2
107900034,371,18,353
107900035,744,43,701
107900036,52,14,38
107900037,0,10,-10
107900038,172,232,-60
107900039,33,65,-32
107900040,41,77,-36
107900041,6,6,0
107900043,26,122,-96
107900044,8,10,-2
107900045,127,79,48
107900046,189,174,15
107900047,12,21,-9
107900048,165,9,156
107900049,334,1604,-1270
107900050,163,399,-236
107900051,103,76,27
107900052,41,24,17
107900053,41,88,-47
107900055,504,235,269
107900056,166,37,129
107900057,2,0,2
107900058,48,683,-635
107900060,131,34,97
107900061,25,4,21
107900063,71,139,-68
107900064,269,132,137
107900065,165,10,155
107900066,23,6,17
107900067,0,0,0
107900068,318,303,15
107900069,59,1821,-1762
107900070,162,51,111
107900071,22,904,-882
107900072,56,192,-136
107900073,280,89,191
107900074,872,245,627
107900076,99,57,42
107900077,60,0,60
107900079,6,14,-8
107900080,282,348,-66
107900081,32,162,-130
107900082,29,22,7
107900083,310,115,195
107900084,94,101,-7
107900086,293,164,129
107900087,743,147,596
107900088,26,6,20
107900089,281,1198,-917
107900090,603,2334,-1731
107900091,207,551,-344
107900093,140,109,31
107900095,3996,2870,1126
107900097,19,47,-28
107900098,29,157,-128
107900100,1209,1216,-7
107900101,1214,243,971
107900102,32,10,22
107900103,50,210,-160
107900104,246,6,240
107900105,12,525,-513
107900106,7,1336,-1329
107900107,1086,499,587
107900108,327,185,142
107900109,1152,15,1137
107900110,48,134,-86
107900111,10,931,-921
107900112,133,290,-157
107900113,216,145,71
107900114,161,174,-13
107900115,3,43,-40
107900116,132,183,-51
107900117,390,515,-125
107900118,106,195,-89
107900119,88,358,-270
107900120,22,38,-16
107900121,4,285,-281
107900122,10,78,-68
107900123,1,36,-35
107900124,38,31,7
107900125,25,173,-148
107900126,7,59,-52
107900127,511,357,154
107900128,125,74,51
107900129,40,41,-1
107900130,61,41,20
107900131,699,258,441
107900132,146,429,-283
107900133,1,83,-82
107900134,41,69,-28
107900135,9,160,-151
107900136,39,39,0
107900137,308,111,197
107900138,38,45,-7
107900139,30,101,-71
107900141,53,50,3
107900142,197,926,-729
107900143,102,56,46
107900144,2,165,-163
107900145,7,97,-90
107900146,56,128,-72
107900147,48,61,-13
107900148,169,124,45
107900149,1214,272,942
107900150,127,814,-687
107900151,30,120,-90
107900152,8,182,-174
107900153,195,329,-134
107900154,55,30,25
107900155,47,97,-50
107900156,3,349,-346
107900157,32,66,-34
107900158,631,26,605
107900159,44,877,-833
107900160,101,168,-67
107900161,14,207,-193
107900162,4,55,-51
107900163,102,39,63
107900164,6,45,-39
107900165,72,106,-34
107900166,22,207,-185
107900167,106,40,66
107900168,26,32,-6
107900169,1,203,-202
107900171,10,1657,-1647
107900172,5,432,-427
107900173,18,183,-165
107900174,92,3,89
107900175,65,21,44
107900176,24,59,-35
107900177,0,92,-92
107900178,0,173,-173
107900179,16,162,-146
107900180,720,425,295
107900181,359,329,30
107900182,13,1466,-1453
107900183,47,297,-250
107900184,293,210,83
107900185,97,1,96
107900186,9,78,-69
107900187,0,99,-99
107900188,835,170,665
107900189,59,126,-67
107900190,91,97,-6
107900191,29,136,-107
107900193,5,72,-67
107900194,243,10,233
107900195,3121,491,2630
107900196,47,80,-33
107900197,898,317,581
107900199,2,1113,-1111
107900201,48,142,-94
107900203,43,91,-48
107900204,251,184,67
107900206,938,179,759
107900207,3,474,-471
107900208,13,781,-768
107900209,452,175,277
107900210,118,119,-1
107900213,450,419,31
107900214,17,139,-122
107900215,157,283,-126
107900216,134,66,68
107900217,87,88,-1
107900218,17,1408,-1391
107900219,40,147,-107
107900220,228,323,-95
107900221,175,274,-99
107900223,71,576,-505
107900224,121,333,-212
107900225,2,652,-650
107900226,93,113,-20
107900227,123,513,-390
107900228,14,116,-102
107900229,1,279,-278
107900230,13,149,-136
107900231,15,212,-197
107900232,78,215,-137
107900233,14,171,-157
107900234,112,193,-81
107900235,38,97,-59
107900236,100,136,-36
107900237,107,495,-388
107900238,26,97,-71
107900239,1030,512,518
107900240,25,169,-144
107900241,12,89,-77
107900242,37,304,-267
107900243,2,91,-89
107900244,328,0,328
107900245,733,44,689
107900246,425,11,414
107900248,472,531,-59
107900249,578,13,565
107900250,1,605,-604
107900251,102,1530,-1428
107900252,961,33,928
107900253,136,11,125
107900254,58,698,-640
107900255,288,114,174
107900256,2022,970,1052
107900257,195,143,52
107900258,104,201,-97
107900259,128,1725,-1597
107900261,15,398,-383
107900262,47,119,-72
107900264,177,3,174
107900265,741,179,562
107900267,198,14,184
107900268,11,0,11
107900269,0,6,-6
107900270,0,0,0
107900271,4,4,0
107900272,48,14,34
107900273,40,99,-59
107900274,83,0,83
107900275,14,1,13
107900276,3,99,-96
107900277,0,158,-158
107900278,237,413,-176
107900279,116,183,-67
107900280,1661,2963,-1302
107900281,2011,2375,-364
107900282,54,344,-290
107900283,1087,440,647
107900284,899,870,29
107900285,102,79,23
107900286,194,108,86
107900287,169,184,-15
107900290,3,135,-132
107900291,362,23,339
107900292,119,248,-129
107900293,51,509,-458
107900295,65,63,2
107900297,1,415,-414
107900298,816,929,-113
107900299,3503,1984,1519
107900301,1171,674,497
107900302,103,73,30
107900303,251,408,-157
107900304,197,516,-319
107900305,332,15,317
107900306,17,22,-5
107900307,50,266,-216
107900308,148,72,76
107900309,189,8,181
107900310,294,4,290
107900311,6,213,-207
107900312,88,0,88
107900313,2,113,-111
107900314,2,58,-56
107900315,1,55,-54
107900316,34,1,33
107900317,135,15,120
107900318,18,137,-119
107900319,6,166,-160
107900320,1,165,-164
107900321,115,1,114
107900322,3,155,-152
107900323,5,152,-147
107900324,132,1,131
107900325,75,2,73
107900326,364,335,29
107900327,2,53,-51
107900328,112,0,112
107900329,178,111,67
107900330,6,296,-290
107900331,197,24,173
107900332,240,54,186
107900333,52,18,34
107900334,10,161,-151
107900335,55,62,-7
107900336,35,66,-31
107900337,1232,899,333
107900338,3,156,-153
107900339,0,19,-19
107900340,3,72,-69
107900341,95,1,94
107900342,149,118,31
107900343,73,1,72
107900344,7,96,-89
107900345,88,29,59
107900346,12,2,10
107900347,55,3,52
107900348,5,2,3
107900349,14,4,10
107900350,16,269,-253
107900351,8,195,-187
107900352,6,40,-34
107900353,34,7,27
107900354,15,70,-55
108000001,2686,3554,-868
108000002,2224,3038,-814
108000003,3138,3226,-88
108000004,14517,18213,-3696
108000005,8102,6263,1839
108000006,9651,9228,423
108000007,4935,4412,523
108000008,4807,7671,-2864
108000009,3387,4472,-1085
108000010,3489,5385,-1896
108000011,12386,11432,954
108000012,20207,18364,1843
108000014,1234,819,415
108000015,835,336,499
108000016,418,795,-377
108000017,976,403,573
108000018,1666,586,1080
108000019,2151,902,1249
108000020,1295,547,748
108000021,373,2008,-1635
108000022,504,1469,-965
108000023,1182,297,885
108000024,291,619,-328
108000025,282,356,-74
108000026,772,552,220
108000027,838,876,-38
108000028,957,311,646
108000029,602,1081,-479
108000030,540,288,252
108000031,252,695,-443
108000032,1392,590,802
108000033,760,1430,-670
108000034,1377,514,863
108000035,873,2825,-1952
108000036,338,1167,-829
108000037,1377,454,923
108000038,2255,603,1652
108000039,595,2518,-1923
108000040,1639,992,647
108000041,672,2983,-2311
108000042,265,275,-10
108000043,229,361,-132
108000044,408,234,174
108000045,294,767,-473
108000046,1322,314,1008
108000047,412,1254,-842
108000048,290,471,-181
108000049,1123,329,794
108000050,162,698,-536
108000051,328,134,194
108000052,321,745,-424
108000053,433,234,199
108000054,503,1137,-634
108000055,1016,524,492
108000056,1370,1463,-93
108000057,540,1179,-639
108000058,1988,3680,-1692
108000059,3730,2446,1284
108000060,198,610,-412
108000061,354,642,-288
108000062,717,594,123
108000063,411,565,-154
108000064,202,292,-90
108000065,587,576,11
108000066,1589,797,792
108000067,1640,628,1012
108000068,545,442,103
108000069,247,1237,-990
108000070,1737,792,945
108000071,703,1925,-1222
108000072,1501,1288,213
108000073,1628,2281,-653
108000074,636,383,253
108000075,347,1140,-793
108000076,661,586,75
108000077,664,756,-92
108000078,1957,1421,536
108000079,1094,2139,-1045
108000080,1478,612,866
108000081,1110,2207,-1097
108000082,1041,1962,-921
108000083,1739,1017,722
108000084,489,1298,-809
108000085,736,517,219
108000086,1067,813,254
108000087,112,1758,-1646
108000088,780,207,573
108000089,324,477,-153
108000091,259,556,-297
108000092,171,96,75
108000093,190,786,-596
108000094,594,105,489
108000095,176,542,-366
108000096,369,201,168
108000097,129,513,-384
108000098,1524,1538,-14
108000099,1011,331,680
108000100,123,568,-445
108000101,1926,1624,302
108000102,1859,3474,-1615
108000106,917,1,916
108000107,1,685,-684
108000108,788,65,723
108000109,11,739,-728
108000110,220,413,-193
108000111,172,601,-429
108000112,76,143,-67
108000113,567,303,264
108000115,341,321,20
108000117,693,341,352
108000118,612,1531,-919
108000119,704,428,276
108000120,176,700,-524
108000121,243,603,-360
108000122,660,342,318
108000123,1372,232,1140
108000124,958,765,193
108000125,530,307,223
108000126,304,630,-326
108000127,571,406,165
108000128,622,733,-111
108000129,620,1435,-815
108000130,671,346,325
108000131,1026,611,415
108000132,2363,1821,542
108000133,786,596,190
108000134,619,794,-175
108000135,1077,722,355
108000136,610,1263,-653
108000137,410,426,-16
108000138,411,1179,-768
108000139,487,371,116
108000140,113,37,76
108000141,46,106,-60
108000142,67,111,-44
108000143,34,560,-526
108000144,321,79,242
108000145,27,18,9
108000146,460,63,397
108000147,25,36,-11
108000148,406,105,301
108000149,15,23,-8
108000150,43,13,30
108000151,418,102,316
108000152,154,550,-396
108000153,457,170,287
108000154,58,20,38
108000155,32,17,15
108000156,883,574,309
108000157,173,820,-647
108000158,123,741,-618
108000159,608,227,381
108000160,3483,1329,2154
108000161,2811,2741,70
108000165,3,128,-125
108000172,5,302,-297
108000173,2291,1938,353
108000175,443,150,293
108000178,391,320,71
108000179,202,793,-591
108000181,65,56,9
108000182,352,126,226
108000183,84,398,-314
108000184,1178,2215,-1037
108000185,239,779,-540
108000186,371,630,-259
108000187,265,681,-416
108000188,599,268,331
108000189,2468,6532,-4064
108000190,48,152,-104
108000192,201,615,-414
108000193,771,32,739
108000194,23,10,13
108000195,2,1145,-1143
108000196,432,186,246
108000198,698,493,205
108000199,0,190,-190
108000200,644,634,10
108000203,154,948,-794
108000204,238,72,166
108000205,430,556,-126
108000339,1673,425,1248
108000364,378,799,-421
108000365,57,276,-219
108000367,160,409,-249
108000368,19,68,-49
108000369,1235,299,936
108000371,13,706,-693
108000372,753,9,744
108000373,263,183,80
108000376,94,27,67
108000377,354,385,-31
108000378,9107,9604,-497
108000379,33,224,-191
108000381,50,32,18
108000382,159,2,157
108000383,0,255,-255
108900001,133,1247,-1114
108900002,208,75,133
108900003,277,810,-533
108900004,1405,422,983
108900007,234,221,13
108900008,65,148,-83
108900009,76,94,-18
108900010,215,183,32
108900011,513,491,22
108900012,284,439,-155
108900013,159,295,-136
108900014,9,119,-110
108900015,0,74,-74
108900016,1,276,-275
108900017,221,314,-93
108900018,101,431,-330
108900019,23,872,-849
108900020,39,218,-179
108900021,115,209,-94
108900022,96,9,87
108900023,7,32,-25
108900024,22,186,-164
108900025,126,161,-35
108900026,29,93,-64
108900027,0,114,-114
108900028,110,397,-287
108900029,72,290,-218
108900030,0,122,-122
108900031,137,516,-379
108900032,6,220,-214
108900033,0,89,-89
108900034,0,245,-245
108900035,328,1626,-1298
108900038,1,348,-347
108900039,1,513,-512
108900040,8,166,-158
108900041,5459,2824,2635
108900042,7,417,-410
108900043,58,470,-412
108900044,1,524,-523
108900045,49,570,-521
108900046,72,805,-733
108900047,1,112,-111
108900048,135,1047,-912
108900049,4282,1591,2691
108900050,3,246,-243
108900051,1,211,-210
108900052,20,266,-246
108900053,122,194,-72
108900054,63,217,-154
108900055,65,361,-296
108900056,1,189,-188
108900057,3,170,-167
108900058,31,400,-369
108900059,381,24,357
108900060,82,129,-47
108900061,80,36,44
108900062,12,276,-264
108900063,13,307,-294
108900064,174,83,91
108900065,7,304,-297
108900066,321,101,220
108900067,26,166,-140
108900068,6,177,-171
108900069,42,124,-82
108900070,34,144,-110
108900071,84,68,16
108900072,1953,558,1395
108900073,37,332,-295
108900074,194,464,-270
108900075,84,58,26
108900076,240,72,168
108900077,183,510,-327
108900078,33,172,-139
108900079,992,270,722
108900080,25,715,-690
108900081,85,270,-185
108900082,70,119,-49
108900083,38,255,-217
108900085,2394,278,2116
108900086,71,284,-213
108900087,119,220,-101
108900088,936,433,503
108900089,25,161,-136
108900090,44,356,-312
108900091,125,106,19
108900092,462,412,50
108900093,93,92,1
108900094,187,112,75
108900095,73,430,-357
108900096,378,28,350
108900097,258,296,-38
108900098,2790,629,2161
108900099,378,302,76
108900100,84,157,-73
108900101,193,148,45
108900102,98,740,-642
108900103,52,109,-57
108900105,7,1126,-1119
108900106,424,445,-21
108900108,416,35,381
108900109,325,52,273
108900110,170,538,-368
108900111,416,687,-271
108900113,40,55,-15
108900114,58,17,41
108900115,53,79,-26
108900116,152,17,135
108900117,184,42,142
108900118,482,15,467
108900119,224,36,188
108900120,235,161,74
108900121,259,120,139
108900122,132,21,111
108900123,110,117,-7
108900124,386,203,183
108900125,276,4,272
108900126,102,20,82
108900127,131,29,102
108900128,88,38,50
108900129,621,126,495
108900130,291,4,287
108900131,408,1,407
108900132,410,77,333
108900133,213,70,143
108900134,271,299,-28
108900135,145,12,133
108900136,62,0,62
108900137,101,1,100
108900138,619,39,580
108900140,253,291,-38
108900141,252,12,240
108900142,155,13,142
108900143,41,0,41
108900144,70,3,67
108900145,160,15,145
108900146,65,1,64
108900147,148,1,147
108900148,67,35,32
108900150,233,2,231
108900151,172,5,167
108900152,243,15,228
108900153,157,343,-186
108900154,4529,605,3924
108900156,79,7,72
108900157,36,551,-515
108900158,445,35,410
108900159,4,305,-301
108900160,15,321,-306
108900161,6,391,-385
108900162,69,0,69
108900163,8,236,-228
108900164,51,71,-20
108900168,8995,2391,6604
108900169,34,153,-119
108900171,7309,2459,4850
108900172,173,38,135
108900173,175,402,-227
108900174,668,674,-6
108900176,138,550,-412
108900177,6082,4240,1842
108900178,4151,3014,1137
108900180,69,243,-174
108900183,183,249,-66
108900184,354,191,163
108900185,91,303,-212
108900186,57,313,-256
108900189,295,151,144
108900190,64,3258,-3194
108900192,82,249,-167
108900195,84,350,-266
108900196,17,371,-354
108900199,247,363,-116
108900200,616,318,298
108900201,529,1515,-986
108900203,425,95,330
108900204,340,15,325
108900205,144,25,119
108900206,508,38,470
108900207,163,73,90
108900208,21,359,-338
108900209,307,578,-271
108900210,153,223,-70
108900211,169,374,-205
108900212,731,1312,-581
108900215,60,445,-385
108900216,532,135,397
108900217,131,0,131
108900218,126,17,109
108900221,44,113,-69
108900224,38,158,-120
108900225,0,203,-203
108900227,92,217,-125
108900230,308,255,53
108900232,4,290,-286
108900233,287,80,207
108900234,272,160,112
108900235,225,615,-390
108900236,31,272,-241
108900240,161,119,42
108900241,32,30,2
108900245,12,1338,-1326
108900250,234,152,82
108900258,13,220,-207
108900259,93,84,9
108900260,10,97,-87
108900261,134,135,-1
108900262,166,144,22
108900263,47,148,-101
108900264,679,289,390
108900265,870,325,545
108900266,1074,458,616
108900267,1,95,-94
108900268,14,3,11
108900269,70,14,56
108900270,54,13,41
108900271,58,9,49
108900272,188,8,180
108900273,1081,706,375
108900274,73,71,2
109000001,3548,1520,2028
109000002,2166,1673,493
109000003,2434,607,1827
109000004,538,2387,-1849
109000005,2335,814,1521
109000006,884,2202,-1318
109000007,1225,730,495
109000008,523,1810,-1287
109000009,3619,1256,2363
109000010,1705,4234,-2529
109000011,2804,1978,826
109000012,1809,3818,-2009
109000013,3090,2936,154
109000014,2061,3470,-1409
109000015,3553,6535,-2982
109000016,7476,4153,3323
109000017,2089,1114,975
109000018,958,3416,-2458
109000019,2529,1400,1129
109000020,1210,2227,-1017
109000023,316,36,280
109000024,12,182,-170
109000025,377,497,-120
109000026,778,332,446
109000027,92,355,-263
109000028,128,104,24
109000029,113,183,-70
109000030,80,559,-479
109000031,245,204,41
109000032,116,412,-296
109000033,487,199,288
109000034,74,51,23
109000035,12,73,-61
109000036,297,443,-146
109000037,224,1156,-932
109000038,673,459,214
109000039,916,541,375
109000040,4635,7581,-2946
109000041,4302,1779,2523
109000042,742,1320,-578
109000044,387,73,314
109000045,93,418,-325
109000046,273,87,186
109000047,125,472,-347
109000048,800,222,578
109000049,358,608,-250
109000050,453,333,120
109000051,315,318,-3
109000052,509,1263,-754
109000053,226,136,90
109000054,982,583,399
109000055,502,295,207
109000056,393,515,-122
109000057,517,422,95
109000058,1032,351,681
109000059,1014,1538,-524
109000060,575,489,86
109000061,1268,1225,43
109000062,150,445,-295
109000063,247,301,-54
109000064,344,194,150
109000065,138,350,-212
109000066,480,128,352
109000067,72,386,-314
109000068,2994,18,2976
109000069,1210,31,1179
109000070,19,1280,-1261
109000071,321,78,243
109000072,140,406,-266
109000073,48,128,-80
109000074,38,268,-230
109000075,105,368,-263
109000076,153,287,-134
109000077,391,352,39
109000078,84,198,-114
109000079,161,241,-80
109000080,143,162,-19
109000081,96,618,-522
109000082,562,268,294
109000083,333,912,-579
109000088,155,598,-443
109000089,281,56,225
109000090,187,497,-310
109000091,274,194,80
109000092,353,605,-252
109000093,241,212,29
109000094,451,1,450
109000095,95,550,-455
109000096,632,328,304
109000097,81,204,-123
109000098,41,178,-137
109000099,966,321,645
109000100,272,736,-464
109000101,1271,777,494
109000102,341,850,-509
109000103,386,819,-433
109000104,1520,646,874
109000105,398,1463,-1065
109000106,1778,876,902
109000107,616,2536,-1920
109000108,1532,596,936
109000109,425,2203,-1778
109000110,1140,618,522
109000111,1090,2209,-1119
109000112,982,213,769
109000113,921,204,717
109000114,301,593,-292
109000115,1200,120,1080
109000116,18,287,-269
109000117,204,123,81
109000118,20,386,-366
109000119,1250,344,906
109000120,188,937,-749
109000121,443,57,386
109000122,147,872,-725
109000123,43,80,-37
109000124,576,648,-72
109000125,1154,492,662
109000126,601,871,-270
109000127,668,303,365
109000128,503,1726,-1223
109000129,1802,907,895
109000130,720,2421,-1701
109000131,826,682,144
109000132,790,2165,-1375
109000133,370,1087,-717
109000134,778,1536,-758
109000135,1109,1795,-686
109000136,409,334,75
109000137,270,425,-155
109000138,594,366,228
109000139,492,470,22
109000140,487,456,31
109000141,498,518,-20
109000142,141,587,-446
109000143,97,88,9
109000145,134,475,-341
109000146,133,140,-7
109000148,3422,2704,718
109000149,28,50,-22
109000150,170,250,-80
109000155,696,578,118
109000156,1152,673,479
109000158,95,266,-171
109000159,99,554,-455
109000160,902,310,592
109000161,314,1168,-854
109000162,1683,880,803
109000163,863,2009,-1146
109000164,1110,2813,-1703
109000165,1075,719,356
109000166,656,186,470
109000167,137,647,-510
109000170,66,76,-10
109000171,106,73,33
109000172,52,79,-27
109000173,34,99,-65
109000174,91,80,11
109000175,60,122,-62
109000176,327,269,58
109000177,46,163,-117
109000178,574,542,32
109000179,5673,5534,139
109000180,5151,3376,1775
109000181,20,28,-8
109000182,34,44,-10
109000183,34,50,-16
109000184,27,28,-1
109000185,29,66,-37
109000188,1783,2514,-731
109000189,6139,1200,4939
109000190,1453,504,949
109000191,570,570,0
109000192,377,390,-13
109000193,173,357,-184
109000194,264,162,102
109000195,163,398,-235
109000196,237,148,89
109000197,152,448,-296
109000198,370,98,272
109000199,107,509,-402
109000206,190,45,145
109000207,122,34,88
109000208,80,78,2
109000209,156,172,-16
109000210,220,685,-465
109000211,603,680,-77
109000214,472,410,62
109000215,188,128,60
109000216,212,226,-14
109000217,519,186,333
109000218,1432,268,1164
109000221,578,1301,-723
109000222,984,284,700
109000223,277,335,-58
109000224,48,192,-144
109000225,68,72,-4
109000226,77,241,-164
109000227,895,1308,-413
109000228,1,856,-855
109000231,2,334,-332
109000232,361,406,-45
109000236,230,910,-680
109000241,2145,2521,-376
109000242,1879,1832,47
109000293,52,83,-31
109000361,183,369,-186
109000364,303,703,-400
109000396,4,606,-602
109000397,479,6,473
109000399,182,532,-350
109000400,118,368,-250
109000403,123,782,-659
109000406,631,35,596
109000407,366,317,49
109000408,2,580,-578
109000410,911,295,616
109000411,204,17,187
109900001,77,0,77
109900002,891,15,876
109900003,290,0,290
109900004,1035,153,882
109900005,21,11,10
109900006,405,284,121
109900007,652,681,-29
109900008,1,61,-60
109900009,117,552,-435
109900010,507,15,492
109900011,80,53,27
109900012,714,245,469
109900013,342,210,132
109900014,390,92,298
109900015,474,279,195
109900016,145,24,121
109900017,190,240,-50
109900018,276,83,193
109900019,552,81,471
109900020,44,53,-9
109900021,21,22,-1
109900022,140,281,-141
109900023,28,7,21
109900024,38,10,28
109900025,20,63,-43
109900026,4,182,-178
109900027,51,73,-22
109900028,1717,915,802
109900029,6,389,-383
109900030,25,12,13
109900031,0,79,-79
109900032,18,332,-314
109900033,4,435,-431
109900034,20,6,14
109900035,12,19,-7
109900036,67,97,-30
109900037,28,463,-435
109900038,53,215,-162
109900039,11,0,11
109900040,30,564,-534
109900041,75,329,-254
109900042,62,429,-367
109900044,473,299,174
109900045,305,120,185
109900046,120,109,11
109900047,593,380,213
109900048,12,108,-96
109900049,14,43,-29
109900050,3,228,-225
109900051,0,74,-74
109900052,96,386,-290
109900053,2,371,-369
109900054,541,210,331
109900055,49,303,-254
109900056,85,335,-250
109900057,5,191,-186
109900058,0,100,-100
109900059,536,98,438
109900060,432,181,251
109900061,60,289,-229
109900062,0,214,-214
109900063,3,377,-374
109900064,508,326,182
109900065,123,121,2
109900066,342,906,-564
109900067,0,305,-305
109900068,41,5,36
109900069,1,40,-39
109900070,45,338,-293
109900071,1,45,-44
109900072,35,171,-136
109900073,312,535,-223
109900074,3,54,-51
109900075,47,42,5
109900076,43,482,-439
109900077,36,122,-86
109900078,96,238,-142
109900080,202,330,-128
109900081,20,193,-173
109900082,29,361,-332
109900083,24,62,-38
109900084,67,209,-142
109900085,224,764,-540
109900086,154,491,-337
109900087,351,546,-195
109900089,646,207,439
109900090,471,963,-492
109900091,284,109,175
109900092,989,23,966
109900093,848,149,699
109900094,106,121,-15
109900095,407,159,248
109900096,41,3,38
109900097,94,0,94
109900098,350,26,324
109900099,179,2,177
109900100,28,0,28
109900101,393,6,387
109900102,347,21,326
109900103,27,57,-30
109900104,511,957,-446
109900105,444,25,419
109900106,300,45,255
109900107,436,86,350
109900108,115,248,-133
109900109,30,149,-119
109900110,120,369,-249
109900111,275,948,-673
109900112,340,655,-315
109900113,637,483,154
109900114,896,532,364
109900115,217,89,128
109900117,988,126,862
109900118,247,549,-302
109900119,607,315,292
109900120,82,30,52
109900121,370,520,-150
109900122,451,6,445
109900123,20,142,-122
109900124,42,725,-683
109900125,2,135,-133
109900126,201,115,86
109900128,160,34,126
109900130,7273,2081,5192
109900131,62,294,-232
109900132,32,187,-155
109900133,83,355,-272
109900134,125,134,-9
109900135,359,111,248
109900136,156,167,-11
109900137,70,350,-280
109900140,205,243,-38
109900142,1125,328,797
109900145,5,506,-501
109900146,510,33,477
109900148,39,126,-87
109900149,49,62,-13
109900150,10,89,-79
109900151,8,62,-54
109900152,2,35,-33
109900153,3,46,-43
109900154,117,0,117
109900155,48,19,29
109900157,49,242,-193
109900158,48,178,-130
109900159,153,45,108
109900160,171,63,108
109900161,196,103,93
109900162,170,177,-7
109900163,565,259,306
109900164,99,281,-182
109900165,1140,17,1123
109900166,13,167,-154
109900167,204,555,-351
109900168,156,790,-634
109900169,246,230,16
109900170,440,667,-227
109900171,158,122,36
109900172,222,252,-30
109900173,3465,2188,1277
109900174,80,147,-67
109900175,232,119,113
109900176,128,263,-135
109900177,43,253,-210
109900178,11,120,-109
109900179,208,25,183
109900180,1,18,-17
110000001,1016,593,423
110000002,638,865,-227
110000003,774,775,-1
110000004,454,723,-269
110000005,490,1612,-1122
110000006,388,344,44
110000007,109,167,-58
110000008,16,57,-41
110000009,76,44,32
110000010,38,96,-58
110000011,41,84,-43
110000012,638,466,172
110000013,75,667,-592
110000014,878,497,381
110000015,317,1014,-697
110000016,295,1623,-1328
110000017,2868,310,2558
110000018,2699,485,2214
110000019,5,98,-93
110000020,419,285,134
110000021,997,657,340
110000022,891,247,644
110000023,3,134,-131
110000024,686,412,274
110000025,291,9,282
110000026,2,311,-309
110000027,1186,426,760
110000028,917,1169,-252
110000029,549,781,-232
110000030,213,602,-389
110000031,319,578,-259
110000032,717,748,-31
110000033,330,100,230
110000034,499,1551,-1052
110000035,1017,568,449
110000036,1224,1497,-273
110000037,240,488,-248
110000038,239,1028,-789
110000039,813,3250,-2437
110000040,398,347,51
110000041,329,1357,-1028
110000042,140,347,-207
110000043,983,377,606
110000044,193,222,-29
110000045,1251,132,1119
110000046,13,25,-12
110000047,129,23,106
110000048,10,17,-7
110000049,34,8,26
110000050,6,24,-18
110000051,74,28,46
110000052,42,43,-1
110000053,104,33,71
110000054,599,227,372
110000055,1372,55,1317
110000056,155,78,77
110000057,367,600,-233
110000058,1138,600,538
110000059,1111,542,569
110000060,888,1189,-301
110000061,888,901,-13
110000062,707,997,-290
110000063,41,154,-113
110000064,119,74,45
110000065,75,221,-146
110000066,87,96,-9
110000067,167,283,-116
110000068,351,294,57
110000069,184,149,35
110000071,135,256,-121
110000073,10,37,-27
110000075,26,237,-211
110000076,260,408,-148
110000077,411,1267,-856
110000078,23,85,-62
110000080,311,743,-432
110000081,92,258,-166
110000082,112,355,-243
110000083,333,753,-420
110000084,1175,807,368
110000085,3056,1979,1077
110000086,2598,2030,568
110000087,14,66,-52
110000088,100,291,-191
110000089,235,103,132
110000090,297,290,7
110000091,1273,397,876
110000092,41,62,-21
110000093,88,11,77
110000094,600,312,288
110000095,199,638,-439
110000096,2677,2136,541
110000097,1110,1395,-285
110000098,2136,748,1388
110000099,876,1688,-812
110000100,765,605,160
110000101,49,431,-382
110000102,86,27,59
110000104,1192,188,1004
110000105,146,337,-191
110000106,678,436,242
110000107,392,471,-79
110000108,159,90,69
110000109,280,352,-72
110000110,3577,4893,-1316
110000111,6794,3122,3672
110000112,1598,1347,251
110000113,482,2447,-1965
110000114,158,696,-538
110000115,416,591,-175
110000116,55,83,-28
110000117,187,415,-228
110000118,359,200,159
110000119,251,399,-148
110000120,354,209,145
110000121,103,483,-380
110000122,453,674,-221
110000123,563,788,-225
110000124,2,1372,-1370
110000125,1098,13,1085
110000126,251,29,222
110000127,1345,62,1283
110000128,40,1565,-1525
110000129,2,760,-758
110000130,392,188,204
110000131,128,592,-464
110000132,2,981,-979
110000133,39,632,-593
110000134,31,448,-417
110000135,206,32,174
110000136,91,358,-267
110000137,538,603,-65
110000138,833,900,-67
110000139,687,1273,-586
110000140,1025,661,364
110000143,723,456,267
110000144,5573,1674,3899
110000145,2162,893,1269
110000146,1709,778,931
110000147,467,621,-154
110000148,587,337,250
110000151,1036,822,214
110000152,1109,494,615
110000153,73,42,31
110000154,5,27,-22
110000155,1459,3915,-2456
110000156,1318,2561,-1243
110000157,1869,2045,-176
110000160,414,366,48
110000161,235,418,-183
110000166,516,174,342
110000167,826,641,185
110000168,1041,576,465
110000169,751,396,355
110000170,149,90,59
110000171,652,174,478
110000172,148,899,-751
110000173,1171,1358,-187
110000174,254,1148,-894
110000175,579,122,457
110000176,194,351,-157
110000177,198,973,-775
110000178,474,1552,-1078
110000179,1246,392,854
110000180,148,273,-125
110000181,327,622,-295
110000182,350,179,171
110000183,9796,6736,3060
110000184,535,2331,-1796
110000185,1368,753,615
110000186,764,843,-79
110000191,832,463,369
110000192,552,8,544
110000193,1239,13,1226
110000194,23,1191,-1168
110000195,339,394,-55
110000196,332,452,-120
110000197,90,223,-133
110000198,202,96,106
110000199,79,110,-31
110000200,2045,538,1507
110000201,2370,918,1452
110000202,1286,620,666
110000203,1006,790,216
110000204,6,268,-262
110000205,102,63,39
110000206,773,1449,-676
110000207,841,331,510
110000208,254,215,39
110000209,139,943,-804
110000210,1111,722,389
110000211,1125,949,176
110000212,396,1166,-770
110000213,177,119,58
110000214,285,184,101
110000215,215,433,-218
110000216,130,442,-312
110000217,237,181,56
110000218,175,435,-260
110000219,271,63,208
110000220,55,341,-286
110000221,305,101,204
110000222,62,272,-210
110000223,4,157,-153
110000224,83,17,66
110000225,206,829,-623
110000226,255,77,178
110000227,773,903,-130
110000228,389,402,-13
110000229,4,315,-311
110000230,690,701,-11
110000231,369,236,133
110000232,367,231,136
110000233,312,231,81
110000234,877,641,236
110000235,910,1084,-174
110000236,803,909,-106
110000237,2449,1302,1147
110000238,1310,1664,-354
110000239,2046,1220,826
110000240,0,80,-80
110000242,0,14,-14
110000243,101,164,-63
110000244,149,394,-245
110000245,59,453,-394
110000246,1377,782,595
110000247,1391,5391,-4000
110000248,2326,1687,639
110000249,88,15,73
110000250,135,250,-115
110000251,312,683,-371
110000252,261,214,47
110000253,1449,838,611
110000254,877,1399,-522
110000255,274,997,-723
110000256,557,320,237
110000257,605,488,117
110000258,9,494,-485
110000259,153,21,132
110000260,41,307,-266
110000263,694,123,571
110000264,372,439,-67
110000265,1503,1991,-488
110000266,1997,2932,-935
110000267,36,237,-201
110000268,285,425,-140
110000269,5,99,-94
110000270,71,7,64
110000271,1736,337,1399
110000272,1261,960,301
110000273,3394,1464,1930
110000274,457,1407,-950
110000275,2604,725,1879
110000276,843,365,478
110000277,709,417,292
110000278,734,786,-52
110000279,965,729,236
110000280,581,413,168
110000281,33,302,-269
110000282,280,41,239
110000283,75,181,-106
110000284,111,72,39
110000285,6,514,-508
110000286,32,2,30
110000287,117,4,113
110000288,68,102,-34
110000289,573,1630,-1057
110000290,1066,813,253
110000291,4937,1539,3398
110000292,1475,4257,-2782
110000293,774,824,-50
110000294,929,1240,-311
110000295,178,804,-626
110000296,470,358,112
110000297,3033,433,2600
110000298,332,740,-408
110000299,449,109,340
110000301,791,37,754
110000302,932,1155,-223
110000303,589,11,578
110000304,245,322,-77
110000305,1117,26,1091
110000306,168,1377,-1209
110000307,1382,4,1378
110000308,416,8,408
110000309,11,990,-979
110000310,687,92,595
110000311,30,724,-694
110000312,502,101,401
110000313,2911,4593,-1682
110000314,2,403,-401
110000315,3715,2679,1036
110000316,573,1446,-873
110000317,714,426,288
110000318,10,114,-104
110000319,90,46,44
110000320,175,71,104
110000321,24,77,-53
110000322,420,401,19
110000323,708,200,508
110000324,3658,1793,1865
110000325,3176,3284,-108
110000327,629,374,255
110000328,258,423,-165
110000333,1431,795,636
110000334,933,1591,-658
110000335,1148,663,485
110000336,1881,1167,714
110000337,2983,666,2317
110000338,484,250,234
110000339,500,232,268
110000340,475,169,306
110000341,562,583,-21
110000342,594,1,593
110000343,0,24,-24
110000344,1315,172,1143
110000345,1740,173,1567
110000346,2907,2328,579
110000347,1244,976,268
110000348,23,45,-22
110000349,14,52,-38
110000350,55,6,49
110000351,882,974,-92
110000352,672,1683,-1011
110000353,2811,978,1833
110000354,1242,3377,-2135
110000355,82,146,-64
110000356,627,5,622
110000357,441,10,431
110000361,21,56,-35
110000362,44,21,23
110000363,305,122,183
110000364,193,330,-137
110000365,231,3,228
110000366,5,70,-65
110000367,376,183,193
110000368,5,52,-47
110000369,223,0,223
110000373,10,262,-252
110000374,456,14,442
110000375,167,1259,-1092
110000376,53,87,-34
110000377,87,598,-511
110000378,29,361,-332
110000379,3103,2312,791
110000380,102,14,88
110000383,3,1112,-1109
110000384,3000,1095,1905
110000385,0,187,-187
110000387,114,15,99
110000388,25,301,-276
110000389,612,5,607
110000391,1168,326,842
110000396,134,142,-8
110000397,145,176,-31
110000398,4,60,-56
110000399,196,0,196
110000587,262,84,178
110000589,219,263,-44
110000640,241,68,173
110000652,31,131,-100
110000653,294,486,-192
110000654,192,229,-37
110000656,3,678,-675
110000674,22,16,6
110000675,29,7,22
110000676,5,31,-26
110000679,540,1144,-604
110000682,184,216,-32
110000683,503,1023,-520
110000684,4,31,-27
110000685,7,16,-9
110000686,0,26,-26
110000687,82,4,78
110000688,73,899,-826
110000689,50,64,-14
110000692,182,169,13
110000693,122,442,-320
110000694,0,224,-224
110000695,668,721,-53
110000696,108,113,-5
110900001,260,7,253
110900002,621,184,437
110900003,682,620,62
110900004,422,205,217
110900005,2843,1776,1067
110900006,76,8,68
110900007,142,19,123
110900008,32,64,-32
110900009,432,103,329
110900010,13,89,-76
110900011,16,106,-90
110900012,15,107,-92
110900013,835,258,577
110900014,384,8,376
110900015,538,582,-44
110900016,31,154,-123
110900017,407,41,366
110900018,436,74,362
110900019,201,27,174
110900020,79,381,-302
110900021,81,600,-519
110900022,98,325,-227
110900023,80,477,-397
110900024,23,462,-439
110900025,28,75,-47
110900027,71,190,-119
110900028,38,170,-132
110900029,17,391,-374
110900030,33,263,-230
110900031,4,175,-171
110900032,0,80,-80
110900033,67,203,-136
110900035,28,491,-463
110900036,111,37,74
110900037,49,29,20
110900038,978,232,746
110900039,11,250,-239
110900040,161,39,122
110900041,17,132,-115
110900042,136,57,79
110900043,0,143,-143
110900044,252,24,228
110900045,55,468,-413
110900046,35,279,-244
110900047,525,248,277
110900049,91,80,11
110900050,23,10,13
110900051,32,195,-163
110900052,10,188,-178
110900053,86,48,38
110900054,61,205,-144
110900055,47,5,42
110900056,79,99,-20
110900057,2,156,-154
110900058,251,212,39
110900059,721,596,125
110900060,490,131,359
110900061,31,51,-20
110900062,148,307,-159
110900063,38,267,-229
110900064,19,0,19
110900065,433,187,246
110900066,7,97,-90
110900067,384,629,-245
110900068,205,250,-45
110900069,4,25,-21
110900070,126,69,57
110900071,260,504,-244
110900073,1,32,-31
110900074,291,114,177
110900075,313,101,212
110900077,732,738,-6
110900078,23,82,-59
110900079,2912,1379,1533
110900080,114,74,40
110900081,4,53,-49
110900082,118,185,-67
110900083,141,71,70
110900084,51,131,-80
110900085,50,271,-221
110900086,50,254,-204
110900087,285,81,204
110900088,14,0,14
110900090,24,52,-28
110900091,1,61,-60
110900093,344,105,239
110900095,61,73,-12
110900097,10,13,-3
110900098,43,100,-57
110900099,32,438,-406
110900100,0,23,-23
110900102,127,28,99
110900105,477,336,141
110900108,17,82,-65
110900111,470,431,39
110900112,1063,10,1053
110900113,519,47,472
110900115,4,103,-99
110900116,677,1793,-1116
110900118,89,2381,-2292
110900119,4074,356,3718
110900120,10,97,-87
110900121,109,1,108
110900122,365,168,197
110900125,392,456,-64
110900127,753,1159,-406
110900128,494,490,4
110900129,370,691,-321
110900130,1261,643,618
110900131,194,45,149
110900132,335,44,291
110900133,110,190,-80
110900135,99,365,-266
110900136,279,12,267
110900139,52,0,52
110900140,3,0,3
110900141,379,130,249
110900142,75,189,-114
110900143,149,86,63
110900144,6,684,-678
110900145,234,30,204
110900146,649,138,511
110900147,165,326,-161
110900148,5,379,-374
110900149,2,86,-84
110900150,77,11,66
110900151,5,88,-83
110900152,63,261,-198
110900153,110,52,58
111000001,648,542,106
111000002,1045,888,157
111000003,1025,712,313
111000004,741,1247,-506
111000005,1286,1103,183
111000006,1134,1540,-406
111000007,4254,3152,1102
111000008,2736,3719,-983
111000009,497,1069,-572
111000010,787,292,495
111000011,470,1274,-804
111000012,788,365,423
111000013,717,1221,-504
111000014,1655,626,1029
111000017,128,872,-744
111000018,253,448,-195
111000020,1255,2776,-1521
111000021,86,159,-73
111000023,74,135,-61
111000025,5182,4922,260
111000029,111,127,-16
111000030,37,133,-96
111000031,2255,1728,527
111000032,1261,491,770
111000033,302,412,-110
111000034,302,266,36
111000037,2099,1546,553
111000038,4221,2922,1299
111000039,2166,2618,-452
111000040,1911,2833,-922
111000041,2126,2114,12
111000042,3959,3063,896
111000043,1810,3287,-1477
111000044,1638,1350,288
111000045,2167,2587,-420
111000046,1407,1842,-435
111000047,2188,3827,-1639
111000049,535,576,-41
111000050,1668,1727,-59
111000051,504,1251,-747
111000052,750,2155,-1405
111000053,389,1064,-675
111000054,351,1071,-720
111000055,1334,2145,-811
111000056,410,637,-227
111000057,68,763,-695
111000058,336,73,263
111000059,1606,290,1316
111000060,5390,893,4497
111000061,491,395,96
111000062,789,335,454
111000063,2293,1151,1142
111000064,551,664,-113
111000065,993,1061,-68
111000066,380,486,-106
111000067,634,760,-126
111000068,773,1256,-483
111000069,2118,2671,-553
111000070,1667,1381,286
111000071,354,810,-456
111000072,1069,532,537
111000073,330,959,-629
111000074,1588,1881,-293
111000075,962,784,178
111000076,499,741,-242
111000077,1808,2194,-386
111000078,2921,1867,1054
111000079,1484,897,587
111000080,580,812,-232
111000081,1810,4690,-2880
111000082,658,725,-67
111000084,885,649,236
111000085,1252,1658,-406
111000086,2798,1343,1455
111000087,623,794,-171
111000088,5624,2293,3331
111000089,712,1027,-315
111000090,936,1680,-744
111000091,821,659,162
111000092,1148,1083,65
111000093,762,1321,-559
111000094,2537,1399,1138
111000095,611,2687,-2076
111000096,2328,7893,-5565
111000097,5485,1864,3621
111000098,934,1404,-470
111000099,713,2308,-1595
111000100,405,1984,-1579
111000101,455,881,-426
111000102,270,544,-274
111000104,889,211,678
111000107,122,687,-565
111000109,596,310,286
111000110,1663,911,752
111000111,2241,607,1634
111000112,1794,621,1173
111000113,937,1592,-655
111000114,2469,4173,-1704
111000115,6906,1577,5329
111000116,929,1270,-341
111000117,546,1049,-503
111000118,1786,1103,683
111000119,964,1295,-331
111000120,457,735,-278
111000121,285,770,-485
111000122,685,1391,-706
111000123,1269,3239,-1970
111000124,499,3147,-2648
111000125,276,1769,-1493
111000126,128,1111,-983
111000127,887,203,684
111000128,1830,404,1426
111000129,2415,686,1729
111000130,1699,988,711
111000131,1481,827,654
111000132,1167,917,250
111000133,183,180,3
111000134,171,161,10
111000135,59,197,-138
111000136,355,385,-30
111000138,14,9,5
111000140,5,6,-1
111000141,203,358,-155
111000142,21,118,-97
111000143,14,123,-109
111000144,46,337,-291
111000145,2500,31,2469
111000146,158,9,149
111000147,349,44,305
111000148,207,56,151
111000149,6,31,-25
111000150,163,13,150
111000151,12,36,-24
111000153,648,846,-198
111000154,838,267,571
111000155,73,203,-130
111000156,430,586,-156
111000157,203,1025,-822
111000158,915,855,60
111000159,2473,817,1656
111000160,361,417,-56
111000161,10,287,-277
111000162,82,220,-138
111000163,819,999,-180
111000164,865,4008,-3143
111000165,1327,633,694
111000166,2312,425,1887
111000167,209,625,-416
111000168,298,577,-279
111000169,337,772,-435
111000170,560,554,6
111000171,596,932,-336
111000172,163,508,-345
111000173,456,1084,-628
111000174,155,484,-329
111000175,39,315,-276
111000176,437,192,245
111000177,261,310,-49
111000178,1571,426,1145
111000179,254,247,7
111000180,244,576,-332
111000181,1270,288,982
111000182,236,236,0
111000183,898,294,604
111000184,457,299,158
111000185,452,565,-113
111000186,820,303,517
111000187,138,232,-94
111000188,224,455,-231
111000189,1405,713,692
111000190,209,453,-244
111000191,208,484,-276
111000192,286,683,-397
111000193,362,404,-42
111000194,61,362,-301
111000195,210,324,-114
111000196,53,242,-189
111000197,384,228,156
111000198,563,180,383
111000199,190,173,17
111000200,383,374,9
111000201,545,391,154
111000202,206,259,-53
111000203,345,336,9
111000204,556,1085,-529
111000213,177,604,-427
111000214,1782,1844,-62
111000215,1202,1478,-276
111000217,1407,1202,205
111000218,1272,1342,-70
111000219,537,226,311
111000220,2195,735,1460
111000221,946,123,823
111000224,75,366,-291
111000225,353,345,8
111000226,169,1,168
111000227,37,9,28
111000228,24,319,-295
111000229,44,849,-805
111000230,331,472,-141
111000231,1000,1070,-70
111000232,1174,1199,-25
111000233,619,775,-156
111000234,111,350,-239
111000239,139,193,-54
111000240,36,232,-196
111000241,37,333,-296
111000242,148,64,84
111000243,284,655,-371
111000244,734,152,582
111000245,2970,673,2297
111000246,603,486,117
111000247,242,1190,-948
111000248,626,546,80
111000249,465,926,-461
111000250,61,104,-43
111000251,55,138,-83
111000253,12,19,-7
111000255,28,14,14
111000257,29,15,14
111000260,74,1104,-1030
111000261,1189,117,1072
111000271,66,355,-289
111000273,4559,1787,2772
111000274,1207,2634,-1427
111000275,159,104,55
111000276,372,2236,-1864
111000277,215,465,-250
111000278,659,414,245
111000291,804,5098,-4294
111000298,492,422,70
111000299,709,183,526
111000300,143,667,-524
111000302,252,170,82
111000303,99,262,-163
111000312,55,115,-60
111000315,16,171,-155
111000320,434,741,-307
111000321,345,124,221
111000322,370,566,-196
111000323,193,26,167
111000324,411,286,125
111000325,56,90,-34
111000326,184,429,-245
111000327,386,521,-135
111000328,322,644,-322
111000329,0,49,-49
111000330,44,12,32
111000331,19,7,12
111000332,532,1406,-874
111000334,465,1881,-1416
111000335,1149,311,838
111000337,1342,513,829
111000338,153,123,30
111000339,572,365,207
111000340,202,672,-470
111000341,1198,810,388
111000342,409,648,-239
111000344,982,806,176
111000345,321,50,271
111000346,39,130,-91
111000347,120,13,107
111000350,327,151,176
111000351,170,308,-138
111000352,151,111,40
111000353,131,289,-158
111000354,898,195,703
111000355,525,585,-60
111000358,174,1355,-1181
111000360,183,798,-615
111000361,119,326,-207
111000546,1429,748,681
111000547,575,499,76
111000548,128,305,-177
111000549,290,379,-89
111000550,109,919,-810
111000551,840,246,594
111000552,3586,170,3416
111000907,413,8,405
111000908,17,1,16
111000916,1830,413,1417
111000917,104,435,-331
111000918,234,973,-739
111000920,455,17,438
111000921,6,341,-335
111000922,573,350,223
111000924,49,917,-868
111000925,2356,2260,96
111000926,982,2195,-1213
111000927,3281,5107,-1826
111000928,4849,4341,508
111000929,3560,1387,2173
111000930,1552,2719,-1167
111000931,1791,2712,-921
111000932,4584,2828,1756
111000933,3708,2493,1215
111000934,2482,3781,-1299
111000935,1359,1276,83
111000936,1284,2552,-1268
111000937,892,2032,-1140
111000938,1586,2065,-479
111000939,708,59,649
111000940,388,197,191
111000941,802,596,206
111000943,342,345,-3
111000944,155,505,-350
111000945,153,1786,-1633
111001109,455,417,38
111001110,162,609,-447
111001111,62,10,52
111001112,138,2,136
111001113,3,188,-185
111001114,1247,107,1140
111001115,76,419,-343
111001116,5543,4086,1457
111001117,651,2807,-2156
111001120,119,403,-284
111001121,233,338,-105
111001122,318,558,-240
111001123,280,144,136
111001124,180,212,-32
111001125,0,66,-66
111001126,12,0,12
111001127,0,1,-1
111900001,3,219,-216
111900002,1,738,-737
111900003,2,368,-366
111900004,47,125,-78
111900006,5,28,-23
111900007,69,5,64
111900008,174,1,173
111900009,95,4,91
111900010,471,616,-145
111900012,52,110,-58
111900013,28,72,-44
111900014,6152,3336,2816
111900015,1,73,-72
111900016,0,187,-187
111900017,1,143,-142
111900018,260,12,248
111900019,6,125,-119
111900020,6,64,-58
111900021,82,138,-56
111900022,10,72,-62
111900023,79,95,-16
111900024,27,123,-96
111900025,0,40,-40
111900026,1,103,-102
111900027,3,188,-185
111900028,1,383,-382
111900029,19,89,-70
111900030,50,336,-286
111900031,12,33,-21
111900032,0,373,-373
111900033,7,91,-84
111900034,391,541,-150
111900035,120,227,-107
111900036,1,288,-287
111900038,328,556,-228
111900039,52,451,-399
111900040,4,577,-573
111900042,37,177,-140
111900043,3,401,-398
111900044,357,256,101
111900046,34,176,-142
111900048,158,770,-612
111900049,56,228,-172
111900050,121,33,88
111900051,2,228,-226
111900052,457,555,-98
111900053,1441,1279,162
111900054,127,2,125
111900055,21,501,-480
111900056,369,295,74
111900057,120,93,27
111900058,337,623,-286
111900059,2200,511,1689
111900060,340,4,336
111900061,12,199,-187
111900062,43,78,-35
111900063,515,306,209
111900064,170,237,-67
111900065,74,30,44
111900066,94,164,-70
111900067,1,415,-414
111900068,57,55,2
111900069,57,41,16
111900070,113,131,-18
111900071,1,208,-207
111900072,45,15,30
111900073,718,164,554
111900074,23,207,-184
111900075,70,16,54
111900076,135,61,74
111900077,28,1,27
111900078,219,23,196
111900079,50,39,11
111900080,222,320,-98
111900082,88,30,58
111900083,172,12,160
111900084,74,6,68
111900085,27,111,-84
111900086,41,6,35
111900087,52,1,51
111900088,449,7,442
111900089,121,0,121
111900090,57,54,3
111900091,205,6,199
111900092,79,2,77
111900093,343,7,336
111900094,94,0,94
111900095,188,29,159
111900096,144,0,144
111900097,38,0,38
111900098,146,1,145
111900099,66,0,66
111900100,290,3,287
111900101,105,42,63
111900102,496,539,-43
111900103,46,63,-17
111900104,192,57,135
111900105,348,147,201
111900106,965,49,916
111900110,1823,408,1415
111900111,315,176,139
111900112,571,2260,-1689
111900113,335,131,204
111900118,291,107,184
111900119,274,179,95
111900122,152,86,66
111900123,21,26,-5
111900124,23,121,-98
111900125,506,26,480
111900126,240,7,233
111900127,0,775,-775
111900128,4,588,-584
111900129,290,48,242
111900130,230,35,195
111900131,554,1,553
111900132,26,1053,-1027
111900133,16,404,-388
111900134,11,263,-252
111900135,7,31,-24
111900136,83,126,-43
111900137,54,105,-51
111900138,9,109,-100
111900139,15,154,-139
111900140,73,26,47
111900141,71,11,60
111900142,95,32,63
111900143,46,211,-165
111900144,3,110,-107
111900145,0,413,-413
111900146,4,233,-229
111900147,168,421,-253
111900148,16,648,-632
111900149,2,356,-354
111900150,18,171,-153
111900151,7,22,-15
111900152,82,83,-1
111900153,1709,472,1237
111900154,4,187,-183
111900155,45,136,-91
111900156,36,114,-78
111900157,96,17,79
111900158,527,44,483
111900159,263,16,247
111900160,257,1,256
111900161,185,13,172
111900162,64,128,-64
111900163,33,218,-185
111900164,84,66,18
111901113,448,215,233
111901114,743,305,438
111901115,65,6,59
111901116,85,4,81
111901117,31,74,-43
111901118,67,667,-600
111901119,930,113,817
111901121,236,318,-82
111901122,5,603,-598
111901123,152,399,-247
111901124,130,1,129
111901125,319,263,56
111901127,732,349,383
111901128,10,111,-101
111901129,6,155,-149
111901130,23,207,-184
111901131,9,292,-283
111901132,66,13,53
111901133,41,4,37
111901134,42,7,35
111901135,17,4,13
111901136,4,24,-20
111901138,247,46,201
111901139,20,39,-19
111901140,1,94,-93
111901141,8,150,-142
111901142,18,112,-94
111901143,2,127,-125
111901144,51,54,-3
111901145,162,251,-89
111901146,484,16,468
111901147,597,157,440
111901148,23,96,-73
111901149,18,4,14
111901150,21,1,20
112000001,1561,810,751
112000002,719,2690,-1971
112000003,1131,959,172
112000004,706,1264,-558
112000005,2662,3079,-417
112000006,2312,2230,82
112000007,2541,1853,688
112000008,2309,3725,-1416
112000009,3700,3897,-197
112000010,2551,2799,-248
112000011,2205,2045,160
112000012,4285,2808,1477
112000013,6499,3211,3288
112000014,3896,1106,2790
112000015,6178,3107,3071
112000016,5550,1017,4533
112000017,3003,1712,1291
112000024,2698,1176,1522
112000026,5163,5866,-703
112000027,877,601,276
112000028,1650,1593,57
112000029,402,619,-217
112000030,173,110,63
112000031,1387,3630,-2243
112000032,498,60,438
112000033,2470,1263,1207
112000034,394,64,330
112000035,132,273,-141
112000036,1371,679,692
112000037,1167,623,544
112000038,1183,788,395
112000039,48,62,-14
112000040,95,325,-230
112000041,618,545,73
112000042,1174,381,793
112000050,1344,1897,-553
112000051,958,1142,-184
112000054,1839,2200,-361
112000057,478,386,92
112000058,433,600,-167
112000059,512,761,-249
112000061,3096,2056,1040
112000062,1809,769,1040
112000063,1387,1433,-46
112000064,4391,5625,-1234
112000065,2477,2543,-66
112000066,3596,1419,2177
112000067,873,812,61
112000068,3154,2442,712
112000069,1201,2215,-1014
112000070,2842,995,1847
112000071,911,2646,-1735
112000072,2098,1066,1032
112000073,1616,2104,-488
112000074,1480,1088,392
112000075,1394,1244,150
112000076,3581,2912,669
112000077,533,684,-151
112000078,1664,716,948
112000079,1322,1330,-8
112000080,726,1013,-287
112000081,1551,2478,-927
112000082,1509,952,557
112000083,661,1334,-673
112000084,1183,1132,51
112000085,1159,1118,41
112000086,1564,1788,-224
112000087,380,490,-110
112000088,637,789,-152
112000089,308,372,-64
112000090,248,286,-38
112000091,622,1296,-674
112000092,1542,1314,228
112000093,1769,1159,610
112000094,635,1024,-389
112000095,609,1071,-462
112000096,514,776,-262
112000097,1152,758,394
112000098,961,1238,-277
112000099,666,1417,-751
112000100,1587,1099,488
112000101,620,1183,-563
112000102,1132,698,434
112000103,392,1357,-965
112000105,769,2025,-1256
112000106,1672,591,1081
112000107,73,280,-207
112000108,314,1972,-1658
112000109,155,168,-13
112000110,2317,770,1547
112000111,1326,3380,-2054
112000112,4560,773,3787
112000113,1052,1767,-715
112000114,2815,1095,1720
112000115,455,536,-81
112000116,578,1065,-487
112000117,1043,878,165
112000118,1006,1065,-59
112000119,565,895,-330
112000120,66,387,-321
112000121,118,551,-433
112000122,282,160,122
112000123,614,222,392
112000124,323,106,217
112000125,179,247,-68
112000126,214,638,-424
112000127,2117,1823,294
112000128,968,600,368
112000129,138,158,-20
112000130,177,72,105
112000131,46,344,-298
112000132,120,267,-147
112000133,320,212,108
112000134,557,408,149
112000135,3007,754,2253
112000136,2528,1386,1142
112000137,2256,1696,560
112000138,2630,1311,1319
112000139,1046,589,457
112000140,1264,1159,105
112000141,677,381,296
112000142,221,591,-370
112000143,993,258,735
112000144,296,1409,-1113
112000145,2217,739,1478
112000146,663,2320,-1657
112000147,2524,1957,567
112000148,2192,2633,-441
112000149,539,751,-212
112000150,490,836,-346
112000151,433,405,28
112000152,341,583,-242
112000153,280,379,-99
112000154,117,273,-156
112000155,123,109,14
112000157,913,640,273
112000158,264,611,-347
112000159,434,430,4
112000167,281,104,177
112000169,467,432,35
112000173,517,252,265
112000175,420,386,34
112000176,3178,2030,1148
112000177,594,165,429
112000178,102,455,-353
112000179,161,110,51
112000180,208,423,-215
112000181,1433,2219,-786
112000182,1089,2144,-1055
112000183,55,66,-11
112000184,347,447,-100
112000185,457,789,-332
112000187,3776,2294,1482
112000195,118,21,97
112000196,201,7,194
112000197,194,160,34
112000198,56,254,-198
112000199,1732,957,775
112000202,380,1,379
112000216,64,315,-251
112000230,75,6,69
112000231,6,218,-212
112000256,53,233,-180
112000313,83,162,-79
112000314,47,39,8
112000337,364,588,-224
112000352,394,365,29
112000392,1380,1362,18
112000398,1029,1070,-41
112000399,2330,1858,472
112000400,1827,3695,-1868
112000401,3365,2844,521
112000402,2669,2741,-72
112000403,2088,2681,-593
112000404,729,796,-67
112000405,1875,3273,-1398
112000406,3715,3044,671
112000407,6351,8650,-2299
112000408,8657,9117,-460
112000409,1786,5902,-4116
112000410,536,297,239
112000411,4945,1694,3251
112000412,1560,667,893
112000413,9751,4811,4940
112000414,78,108,-30
112000415,128,29,99
112000416,2072,1691,381
112000417,260,74,186
112000421,46,112,-66
112000422,352,450,-98
112000424,2509,2513,-4
112000425,431,1250,-819
112000426,123,351,-228
112000427,1,19,-18
112000428,356,317,39
112000429,2353,2936,-583
112000430,2619,3014,-395
112000431,92,132,-40
112000432,647,1387,-740
112000433,501,852,-351
112000437,74,214,-140
112900001,88,1,87
112900002,362,1170,-808
112900003,64,485,-421
112900004,66,307,-241
112900005,220,320,-100
112900006,5,413,-408
112900007,57,281,-224
112900008,0,27,-27
112900009,413,83,330
112900010,343,1031,-688
112900011,194,298,-104
112900012,0,36,-36
112900013,3,126,-123
112900014,0,439,-439
112900015,404,715,-311
112900016,3,370,-367
112900017,45,190,-145
112900018,2,355,-353
112900019,62,247,-185
112900020,375,1250,-875
112900021,2,235,-233
112900022,1,59,-58
112900023,0,263,-263
112900024,27,287,-260
112900025,81,244,-163
112900026,6,249,-243
112900027,34,1294,-1260
112900028,21,129,-108
112900029,11,750,-739
112900030,216,223,-7
112900031,2,561,-559
112900032,199,317,-118
112900034,1,61,-60
112900035,5,501,-496
112900036,57,133,-76
112900037,169,278,-109
112900038,569,207,362
112900039,17,398,-381
112900040,5,314,-309
112900041,926,1129,-203
112900042,53,375,-322
112900043,53,69,-16
112900044,588,463,125
112900045,391,331,60
112900046,186,70,116
112900047,10,29,-19
112900049,188,111,77
112900050,35,718,-683
112900051,304,845,-541
112900052,5,1160,-1155
112900053,668,113,555
112900054,187,42,145
112900055,183,48,135
112900056,418,253,165
112900057,30,766,-736
112900058,374,309,65
112900059,190,130,60
112900060,28,251,-223
112900061,95,132,-37
112900062,106,170,-64
112900063,162,11,151
112900064,200,254,-54
112900065,26,21,5
112900066,261,139,122
112900067,617,214,403
112900068,43,50,-7
112900069,2140,769,1371
112900071,27,6,21
112900072,183,2104,-1921
112900073,238,88,150
112900074,87,234,-147
112900075,1624,901,723
112900076,105,26,79
112900078,338,527,-189
112900079,532,40,492
112900080,48,1,47
112900081,49,275,-226
112900082,454,36,418
112900083,127,75,52
112900084,180,110,70
112900086,163,0,163
112900087,741,212,529
112900088,140,12,128
112900089,767,32,735
112900090,65,9,56
112900091,248,9,239
112900092,193,249,-56
112900093,1809,35,1774
112900095,35,1,34
112900096,384,208,176
112900097,80,366,-286
112900098,98,2,96
112900099,666,17,649
112900100,87,1,86
112900101,335,67,268
112900102,162,13,149
112900103,248,5,243
112900104,711,10,701
112900105,13,0,13
112900106,420,252,168
112900107,3,1,2
112900108,30,0,30
112900109,102,11,91
112900110,1030,15,1015
112900111,714,6,708
112900112,333,3,330
112900113,2,9,-7
112900114,147,145,2
112900115,1069,3,1066
112900116,132,47,85
112900117,77,74,3
112900118,34,105,-71
112900119,187,6,181
112900120,895,297,598
112900121,152,180,-28
112900122,18,132,-114
112900123,142,34,108
112900124,10,115,-105
112900125,54,401,-347
112900126,194,215,-21
112900127,323,76,247
112900128,408,909,-501
112900129,2,817,-815
112900130,280,93,187
112900131,72,308,-236
112900132,216,426,-210
112900133,41,972,-931
112900134,1,242,-241
112900135,82,64,18
112900137,2,568,-566
112900138,5,325,-320
112900139,201,1210,-1009
112900141,677,39,638
112900142,71,140,-69
112900143,55,551,-496
112900144,4,332,-328
112900145,45,559,-514
112900146,14,1162,-1148
112900147,7,1893,-1886
112900148,101,0,101
112900149,312,1067,-755
112900151,37,88,-51
112900152,3960,1091,2869
112900153,2185,1962,223
112900154,0,181,-181
112900155,161,18,143
112900156,306,1483,-1177
112900157,437,60,377
112900158,53,41,12
112900159,207,127,80
112900160,107,399,-292
112900161,138,48,90
112900162,40,28,12
112900163,104,32,72
112900164,37,329,-292
112900165,455,38,417
112900166,40,102,-62
112900167,6,38,-32
112900168,2,1,1
112900169,8,12,-4
112900170,71,107,-36
112900172,61,20,41
112900173,279,141,138
112900174,247,58,189
112900175,173,140,33
112900176,3,21,-18
112900177,276,77,199
112900178,1013,3111,-2098
112900179,52,498,-446
112900180,2085,1702,383
112900181,416,5,411
112900182,41,1235,-1194
112900183,181,330,-149
112900184,350,384,-34
112900185,267,532,-265
112900186,1282,847,435
112900187,95,718,-623
112900188,868,304,564
112900189,3,28,-25
112900190,7,72,-65
112900192,523,559,-36
112900193,1040,350,690
112900194,38,116,-78
112900195,687,49,638
112900196,258,315,-57
112900197,193,346,-153
112900199,563,572,-9
112900200,478,300,178
112900201,94,111,-17
112900202,323,922,-599
112900203,231,345,-114
112900204,955,585,370
112900205,14,20,-6
112900206,41,79,-38
112900207,12,0,12
112900208,84,276,-192
112900209,542,435,107
112900210,0,61,-61
112900211,89,106,-17
112900212,0,153,-153
112900213,47,34,13
112900214,50,21,29
112900215,10,193,-183
112900216,62,86,-24
112900217,0,37,-37
112900218,74,24,50
112900219,66,25,41
112900220,10,0,10
112900221,30,72,-42
112900222,1,19,-18
112900223,757,24,733
112900224,296,573,-277
112900225,362,416,-54
112900226,221,449,-228
112900227,429,1336,-907
112900228,73,37,36
112900229,203,73,130
112900230,6109,3891,2218
112900232,259,196,63
112900233,74,215,-141
112900234,6,92,-86
112900235,172,42,130
112900236,245,25,220
112900237,233,279,-46
112900238,3,56,-53
112900239,894,314,580
112900240,10,113,-103
112900241,15,140,-125
112900242,11,142,-131
112900243,7,168,-161
112900244,2,85,-83
112900245,3,26,-23
112900246,1,9,-8
112900247,199,24,175
112900248,11,0,11
112900249,45,13,32
112900250,48,30,18
112900251,73,19,54
112900252,58,14,44
112900253,55,10,45
112900254,15,17,-2
112900255,1,56,-55
112900256,12,51,-39
112900257,15,62,-47
112900258,14,19,-5
113000001,5070,4960,110
113000002,3309,3976,-667
113000003,2029,1852,177
113000004,2011,2540,-529
113000005,1707,1093,614
113000006,1092,1539,-447
113000007,2122,1310,812
113000008,1809,1964,-155
113000009,1010,852,158
113000010,1327,1520,-193
113000011,641,1551,-910
113000012,1453,699,754
113000013,1626,778,848
113000014,1689,1416,273
113000015,466,188,278
113000016,446,652,-206
113000017,28,281,-253
113000018,496,54,442
113000019,151,294,-143
113000020,449,40,409
113000021,1291,674,617
113000022,622,1253,-631
113000025,127,374,-247
113000026,472,455,17
113000027,701,448,253
113000028,710,462,248
113000029,892,694,198
113000030,409,740,-331
113000031,283,345,-62
113000032,281,336,-55
113000033,252,440,-188
113000034,400,361,39
113000035,53,40,13
113000036,23,57,-34
113000037,79,34,45
113000038,15,86,-71
113000039,76,541,-465
113000040,59,90,-31
113000042,826,709,117
113000051,759,2695,-1936
113000052,1853,1001,852
113000053,408,399,9
113000054,306,940,-634
113000055,1063,752,311
113000056,809,1081,-272
113000058,791,940,-149
113000059,1242,700,542
113000060,233,587,-354
113000061,524,1034,-510
113000062,1032,302,730
113000063,187,152,35
113000064,57,342,-285
113000065,200,988,-788
113000066,603,119,484
113000067,1754,1443,311
113000068,406,1824,-1418
113000069,595,1506,-911
113000070,2580,1166,1414
113000071,450,812,-362
113000072,742,473,269
113000073,442,1624,-1182
113000074,1049,516,533
113000075,1928,756,1172
113000076,792,2129,-1337
113000077,1372,577,795
113000078,907,2428,-1521
113000079,962,861,101
113000080,816,641,175
113000081,728,825,-97
113000082,1237,816,421
113000083,580,934,-354
113000084,1725,1531,194
113000085,906,834,72
113000086,2949,1826,1123
113000087,1705,979,726
113000088,2314,1443,871
113000089,950,1711,-761
113000090,265,524,-259
113000091,540,416,124
113000094,1228,206,1022
113000095,239,823,-584
113000096,216,754,-538
113000097,943,437,506
113000098,204,24,180
113000099,1384,396,988
113000100,209,424,-215
113000101,388,570,-182
113000102,590,432,158
113000103,2267,678,1589
113000104,431,2172,-1741
113000105,564,335,229
113000106,328,549,-221
113000107,844,842,2
113000108,1032,1482,-450
113000109,628,2418,-1790
113000110,1561,452,1109
113000111,199,544,-345
113000112,407,455,-48
113000113,1339,411,928
113000114,454,1300,-846
113000116,665,347,318
113000117,932,134,798
113000118,136,543,-407
113000119,513,279,234
113000120,134,285,-151
113000121,729,736,-7
113000124,371,148,223
113000125,65,677,-612
113000127,2918,484,2434
113000128,352,569,-217
113000129,555,752,-197
113000133,2334,1559,775
113000134,7,1109,-1102
113000135,3720,4288,-568
113000137,1994,2863,-869
113000139,370,243,127
113000140,167,275,-108
113000141,310,204,106
113000142,765,1065,-300
113000143,248,220,28
113000144,412,675,-263
113000145,53,163,-110
113000146,123,118,5
113000147,167,126,41
113000148,168,140,28
113000149,94,121,-27
113000150,447,348,99
113000151,108,59,49
113000152,21,99,-78
113000153,1374,579,795
113000154,787,1377,-590
113000155,346,496,-150
113000156,135,451,-316
113000157,284,953,-669
113000158,665,272,393
113000159,844,848,-4
113000160,692,1103,-411
113000161,280,414,-134
113000162,602,412,190
113000163,280,58,222
113000164,48,126,-78
113000166,193,107,86
113000167,57,124,-67
113000168,79,150,-71
113000169,150,72,78
113000170,102,82,20
113000171,48,100,-52
113000172,257,89,168
113000173,67,25,42
113000174,143,629,-486
113000175,407,126,281
113000176,495,179,316
113000177,202,557,-355
113000178,234,444,-210
113000179,304,232,72
113000180,759,1412,-653
113000181,1401,983,418
113000182,217,378,-161
113000183,195,644,-449
113000184,124,102,22
113000189,481,835,-354
113000190,1125,577,548
113000192,1878,1808,70
113000193,3779,1261,2518
113000194,1884,1348,536
113000195,2479,720,1759
113000196,338,92,246
113000197,1747,1126,621
113000198,70,312,-242
113000199,1269,334,935
113000201,96,280,-184
113000202,3331,1179,2152
113000203,254,26,228
113000204,1822,1616,206
113000205,15,29,-14
113000206,11,49,-38
113000207,61,22,39
113000208,38,71,-33
113000209,21,38,-17
113000210,3,19,-16
113000211,201,222,-21
113000212,130,43,87
113000213,50,162,-112
113000214,190,223,-33
113000234,231,923,-692
113000410,218,228,-10
113000411,3053,4500,-1447
113000412,7406,2820,4586
113000413,2981,2793,188
113000414,7375,13207,-5832
113000415,2412,3347,-935
113000416,9180,4770,4410
113000417,2688,2982,-294
113000418,4634,3041,1593
113000419,1572,1841,-269
113000420,4047,4953,-906
113000421,3785,5858,-2073
113000422,12312,10045,2267
113000423,2064,4462,-2398
113000424,3436,8951,-5515
113000425,15,105,-90
113000428,98,59,39
113000430,20,179,-159
113000432,2173,248,1925
113000433,131,871,-740
113000434,38,177,-139
113000435,169,650,-481
113000436,39,1230,-1191
113000437,1010,39,971
113000438,234,28,206
113000439,41,121,-80
113000440,104,32,72
113000441,175,217,-42
113000442,166,232,-66
113000443,207,321,-114
113000444,174,315,-141
113000445,124,143,-19
113000446,64,114,-50
113000448,215,139,76
113000449,339,1272,-933
113000450,436,1986,-1550
113000451,1451,253,1198
113000452,411,608,-197
113000453,87,311,-224
113000454,1592,74,1518
113000455,70,210,-140
113000456,4025,2772,1253
113000468,1881,285,1596
113000469,104,73,31
113000470,482,50,432
113000471,20,452,-432
113000472,114,364,-250
113000474,667,769,-102
113000475,1777,1780,-3
113000476,1415,1905,-490
113000477,3138,2252,886
113000478,5008,6039,-1031
113000479,51,258,-207
113000483,0,2,-2
113000484,0,0,0
113000485,0,0,0
113000486,0,0,0
113000487,2,0,2
113000488,0,0,0
113000489,1,0,1
113000490,0,0,0
113000491,3,13,-10
113000492,2,0,2
113000493,0,2,-2
113000495,224,238,-14
113000496,124,133,-9
113000499,0,0,0
113900001,0,0,0
113900002,0,3,-3
113900003,0,2,-2
113900004,0,0,0
113900005,377,86,291
113900006,0,1,-1
113900007,30,46,-16
113900008,97,224,-127
113900009,216,179,37
113900010,264,128,136
113900011,159,94,65
113900012,44,45,-1
113900013,454,31,423
113900014,615,2,613
113900015,0,53,-53
113900016,37,0,37
113900017,3,26,-23
113900018,452,238,214
113900019,122,90,32
113900020,147,3,144
113900022,16,0,16
113900023,43,0,43
113900024,69,59,10
113900025,260,16,244
113900026,59,0,59
113900027,3,40,-37
113900028,31,439,-408
113900029,46,209,-163
113900030,237,1,236
113900031,7,1,6
113900032,32,0,32
113900033,97,56,41
113900035,70,2,68
113900036,7,82,-75
113900037,154,462,-308
113900038,85,119,-34
113900039,121,15,106
113900040,4,15,-11
113900041,5,5,0
113900042,105,42,63
113900043,150,122,28
113900044,360,314,46
113900045,79,2,77
113900046,352,592,-240
113900047,12,53,-41
113900048,257,94,163
113900049,648,418,230
113900050,203,342,-139
113900051,284,354,-70
113900052,170,166,4
113900053,620,486,134
113900054,37,2,35
113900055,89,384,-295
113900056,37,97,-60
113900057,13,76,-63
113900058,59,140,-81
113900059,244,304,-60
113900060,289,244,45
113900061,1024,265,759
113900062,84,13,71
113900063,44,64,-20
113900064,20,111,-91
113900065,476,22,454
113900066,327,394,-67
113900067,126,260,-134
113900068,371,406,-35
113900069,36,30,6
113900070,156,552,-396
113900071,17,59,-42
113900072,62,188,-126
113900073,237,452,-215
113900074,84,329,-245
113900075,1263,1117,146
113900076,152,12,140
113900077,82,177,-95
113900078,19,33,-14
113900079,6,29,-23
113900080,459,207,252
113900081,66,237,-171
113900082,116,241,-125
113900083,269,492,-223
113900084,281,99,182
113900085,53,305,-252
113900086,17,8,9
113900087,74,175,-101
113900088,59,118,-59
113900089,404,61,343
113900090,523,385,138
113900091,22,26,-4
113900092,110,119,-9
113900093,77,694,-617
113900094,353,446,-93
113900095,110,99,11
113900096,214,91,123
113900097,93,109,-16
113900098,631,84,547
113900099,2,69,-67
113900100,1,3,-2
113900101,48,58,-10
113900102,169,151,18
113900103,400,314,86
113900104,101,223,-122
113900105,82,285,-203
113900106,1,88,-87
113900107,5,38,-33
113900108,253,252,1
113900109,373,186,187
113900110,44,20,24
113900111,136,143,-7
113900112,135,90,45
113900113,1567,483,1084
113900114,2,111,-109
113900115,0,129,-129
113900116,87,145,-58
113900117,69,56,13
113900118,199,263,-64
113900119,245,451,-206
113900120,62,43,19
113900121,48,99,-51
113900122,360,1834,-1474
113900123,439,225,214
113900124,5,54,-49
113900125,1071,119,952
113900126,247,101,146
113900127,344,637,-293
113900128,166,79,87
113900129,17,125,-108
113900130,5,15,-10
113900131,202,130,72
113900132,61,96,-35
113900133,25,55,-30
113900135,261,430,-169
113900136,103,79,24
113900137,416,300,116
113900138,49,152,-103
113900139,393,156,237
113900140,329,308,21
113900141,411,412,-1
113900142,123,68,55
113900143,8,29,-21
113900144,237,185,52
113900145,359,225,134
113900146,149,70,79
113900148,149,380,-231
113900149,174,83,91
113900150,708,547,161
113900151,377,227,150
113900152,41,57,-16
113900153,317,645,-328
113900154,0,154,-154
113900155,230,175,55
113900156,244,462,-218
113900157,59,290,-231
113900158,385,385,0
113900159,23,256,-233
113900160,1682,521,1161
113900161,75,243,-168
113900162,487,611,-124
113900163,287,268,19
113900164,264,66,198
113900165,1281,406,875
113900166,164,132,32
113900167,239,45,194
113900168,144,112,32
113900169,216,395,-179
113900171,249,89,160
113900172,13,192,-179
113900173,44,558,-514
113900174,388,623,-235
113900175,333,144,189
113900176,350,671,-321
113900177,348,173,175
113900178,1329,146,1183
113900179,24,508,-484
113900180,124,95,29
113900181,546,125,421
113900182,781,1335,-554
113900183,51,80,-29
113900184,13,539,-526
113900185,170,96,74
113900186,36,52,-16
113900187,46,123,-77
113900188,51,134,-83
113900189,329,118,211
113900190,264,136,128
113900191,106,191,-85
113900192,3,412,-409
113900193,30,238,-208
113900194,1757,1239,518
113900195,286,412,-126
113900196,5,113,-108
113900197,2,187,-185
113900198,39,315,-276
113900199,185,687,-502
113900200,17,315,-298
113900201,0,163,-163
113900202,38,290,-252
113900203,0,109,-109
113900204,50,543,-493
113900205,8,197,-189
113900206,7,167,-160
113900207,0,56,-56
113900208,0,53,-53
113900209,1,98,-97
113900210,545,708,-163
113900211,220,97,123
113900212,127,450,-323
113900214,401,347,54
113900215,113,180,-67
113900216,80,913,-833
113900217,74,346,-272
113900218,215,95,120
113900219,77,285,-208
113900220,132,137,-5
113900221,411,160,251
113900222,252,535,-283
113900223,83,1056,-973
113900224,136,73,63
113900225,501,225,276
113900226,298,94,204
113900227,722,297,425
113900228,374,455,-81
113900229,51,731,-680
113900230,3966,2635,1331
113900231,206,171,35
113900232,119,111,8
113900233,62,75,-13
113900234,271,492,-221
113900235,86,32,54
113900236,138,319,-181
113900237,172,10,162
113900238,174,614,-440
113900239,83,75,8
113900240,5,145,-140
113900241,148,43,105
113900242,41,132,-91
113900243,111,458,-347
113900244,369,268,101
113900245,1240,272,968
113900246,17,13,4
113900247,192,385,-193
113900248,2507,1777,730
113900249,968,426,542
113900250,47,147,-100
113900251,536,175,361
113900252,530,8,522
113900253,622,43,579
113900254,792,128,664
113900255,409,19,390
113900256,339,52,287
113900257,15,575,-560
113900258,38,392,-354
113900259,399,194,205
113900260,179,26,153
113900261,34,105,-71
113900262,170,599,-429
113900263,197,661,-464
113900264,2,520,-518
113900265,432,315,117
113900266,36,204,-168
113900267,125,472,-347
113900268,363,407,-44
113900269,92,150,-58
113900270,305,701,-396
113900271,630,1581,-951
113900273,112,9,103
113900274,74,36,38
113900275,44,47,-3
113900276,4,209,-205
113900277,134,4,130
113900278,351,164,187
113900279,117,83,34
113900280,1601,572,1029
113900281,771,1122,-351
113900282,805,736,69
113900283,470,605,-135
113900284,681,171,510
113900285,121,39,82
113900286,15,93,-78
113900287,43,71,-28
113900288,0,97,-97
113900289,1066,111,955
113900290,358,231,127
113900291,105,214,-109
113900292,13,4,9
113900293,5,302,-297
113900294,418,56,362
113900295,412,354,58
113900296,1927,444,1483
113900297,2228,45,2183
113900298,30,1721,-1691
113900299,49,217,-168
113900300,4664,4069,595
113900301,597,169,428
113900302,2743,1021,1722
113900303,512,408,104
113900304,2,135,-133
113900305,104,0,104
113900306,32,0,32
113900307,36,0,36
113900308,114,132,-18
113900309,3,996,-993
113900310,0,22,-22
113900311,6,0,6
113900312,246,211,35
113900313,11,5,6
113900314,24,777,-753
113900315,504,435,69
114000001,959,2924,-1965
114000002,304,481,-177
114000003,158,832,-674
114000004,426,477,-51
114000005,225,514,-289
114000006,2782,2284,498
114000007,595,1189,-594
114000008,1597,1624,-27
114000009,604,265,339
114000011,2340,2840,-500
114000012,2798,2155,643
114000013,1770,1722,48
114000014,690,431,259
114000015,1885,400,1485
114000016,231,327,-96
114000017,65,243,-178
114000018,247,54,193
114000026,1645,1446,199
114000027,2847,1982,865
114000028,2484,2679,-195
114000038,286,312,-26
114000039,140,178,-38
114000040,106,303,-197
114000042,130,197,-67
114000043,243,201,42
114000044,201,161,40
114000045,62,70,-8
114000046,4161,4873,-712
114000047,44,80,-36
114000048,69,105,-36
114000049,1494,1798,-304
114000050,1556,2749,-1193
114000051,2997,2093,904
114000052,5455,1438,4017
114000053,163,480,-317
114000054,217,784,-567
114000055,808,27,781
114000056,1202,880,322
114000057,6319,2317,4002
114000058,556,1332,-776
114000059,339,320,19
114000060,767,996,-229
114000061,3776,2813,963
114000062,2133,1367,766
114000063,3048,1882,1166
114000064,6289,3568,2721
114000065,1755,2574,-819
114000066,517,577,-60
114000067,22,613,-591
114000068,514,765,-251
114000069,762,657,105
114000070,2150,1862,288
114000071,701,559,142
114000072,471,253,218
114000073,20,68,-48
114000074,57,19,38
114000075,41,144,-103
114000076,20,112,-92
114000077,10,41,-31
114000078,427,502,-75
114000079,246,38,208
114000080,102,93,9
114000081,92,100,-8
114000082,47,493,-446
114000083,51,288,-237
114000084,303,69,234
114000085,127,680,-553
114000086,236,466,-230
114000087,108,186,-78
114000088,42,65,-23
114000089,1076,406,670
114000090,783,1028,-245
114000091,1423,1110,313
114000092,765,853,-88
114000093,1121,1135,-14
114000094,423,490,-67
114000095,300,155,145
114000096,184,446,-262
114000097,170,749,-579
114000098,398,136,262
114000099,595,777,-182
114000100,1045,835,210
114000101,545,938,-393
114000102,465,389,76
114000103,239,440,-201
114000104,50,245,-195
114000105,147,115,32
114000106,839,964,-125
114000107,304,170,134
114000108,2226,1388,838
114000109,487,1269,-782
114000110,641,1829,-1188
114000111,1421,785,636
114000112,509,2619,-2110
114000113,1398,520,878
114000114,1502,1830,-328
114000115,2099,1069,1030
114000116,910,1522,-612
114000117,2466,690,1776
114000118,2102,644,1458
114000119,1446,452,994
114000120,469,1030,-561
114000121,483,804,-321
114000122,389,396,-7
114000123,1722,491,1231
114000124,775,320,455
114000125,1137,1588,-451
114000126,4941,313,4628
114000127,190,167,23
114000128,926,431,495
114000130,640,611,29
114000131,346,280,66
114000132,590,742,-152
114000133,708,1503,-795
114000134,50,120,-70
114000138,53,227,-174
114000139,407,257,150
114000144,781,518,263
114000145,97,214,-117
114000146,99,257,-158
114000147,1122,1639,-517
114000148,2337,2100,237
114000149,467,374,93
114000150,1336,1197,139
114000151,1354,1397,-43
114000152,176,34,142
114000153,882,2430,-1548
114000154,903,1064,-161
114000155,3606,2014,1592
114000156,886,605,281
114000157,443,980,-537
114000158,1628,880,748
114000159,264,540,-276
114000160,112,441,-329
114000161,1590,3012,-1422
114000162,908,2186,-1278
114000163,7,107,-100
114000165,597,248,349
114000166,707,436,271
114000167,3776,1591,2185
114000168,1038,753,285
114000169,1497,1148,349
114000170,1512,934,578
114000171,965,3110,-2145
114000174,302,475,-173
114000176,738,438,300
114000177,2200,1050,1150
114000178,90,27,63
114000179,1176,849,327
114000180,472,875,-403
114000181,1659,3553,-1894
114000182,3648,2707,941
114000183,1063,1138,-75
114000184,4747,1423,3324
114000185,1239,921,318
114000189,739,110,629
114000190,2236,306,1930
114000191,35,53,-18
114000192,364,1534,-1170
114000193,847,3132,-2285
114000194,1162,1071,91
114000195,117,24,93
114000196,2,342,-340
114000197,1063,98,965
114000198,897,359,538
114000199,2172,1810,362
114000200,610,1827,-1217
114000201,136,872,-736
114000202,1446,664,782
114000203,568,870,-302
114000204,226,475,-249
114000205,264,1388,-1124
114000206,637,1344,-707
114000207,578,1997,-1419
114000208,435,3065,-2630
114000209,634,2692,-2058
114000210,297,1475,-1178
114000211,981,3382,-2401
114000212,704,786,-82
114000213,1432,557,875
114000214,90,253,-163
114000215,239,93,146
114000216,2024,893,1131
114000217,277,439,-162
114000218,118,321,-203
114000219,1333,320,1013
114000220,41,1179,-1138
114000221,872,162,710
114000222,168,1142,-974
114000223,528,135,393
114000224,85,844,-759
114000225,273,730,-457
114000226,143,234,-91
114000227,725,733,-8
114000228,749,988,-239
114000229,974,1281,-307
114000230,2009,1458,551
114000231,866,1248,-382
114000232,513,130,383
114000233,1725,127,1598
114000234,1105,1398,-293
114000235,1156,1653,-497
114000236,1,477,-476
114000237,135,1030,-895
114000238,559,185,374
114000239,336,1430,-1094
114000240,778,731,47
114000241,298,1179,-881
114000242,1177,1100,77
114000243,2415,844,1571
114000244,2977,502,2475
114000245,415,750,-335
114000246,291,56,235
114000247,3063,753,2310
114000248,1252,534,718
114000249,403,1016,-613
114000250,470,846,-376
114000251,348,296,52
114000252,142,70,72
114000253,71,114,-43
114000254,43,92,-49
114000255,631,186,445
114000256,1826,1633,193
114000257,825,1549,-724
114000258,440,431,9
114000259,149,231,-82
114000260,0,34,-34
114000261,47,32,15
114000262,151,131,20
114000263,8,5,3
114000264,1001,480,521
114000265,0,0,0
114000267,2,3099,-3097
114000268,5,1740,-1735
114000270,150,9,141
114000271,850,72,778
114000283,1289,506,783
114000285,24,280,-256
114000288,125,385,-260
114000289,1022,175,847
114000293,166,443,-277
114000294,146,271,-125
114000395,2640,74,2566
114000396,529,484,45
114000402,392,323,69
114000403,274,405,-131
114000405,108,602,-494
114000423,317,505,-188
114000424,339,142,197
114000425,526,430,96
114000426,388,1068,-680
114000427,53,97,-44
114000428,262,157,105
114000429,14,263,-249
114000432,62,174,-112
114000434,28,102,-74
114000435,0,341,-341
114900001,712,1173,-461
114900002,906,147,759
114900003,540,1826,-1286
114900004,393,515,-122
114900005,508,1051,-543
114900006,88,50,38
114900007,288,26,262
114900008,128,139,-11
114900010,2313,2003,310
114900011,198,169,29
114900013,210,171,39
114900015,41,176,-135
114900018,1112,65,1047
114900020,219,121,98
114900022,74,955,-881
114900024,139,98,41
114900025,409,217,192
114900026,124,103,21
114900027,110,101,9
114900029,163,45,118
114900030,298,286,12
114900031,414,52,362
114900032,305,55,250
114900033,481,279,202
114900034,52,224,-172
114900035,171,285,-114
114900036,197,702,-505
114900037,53,99,-46
114900038,109,238,-129
114900039,571,528,43
114900040,78,135,-57
114900041,510,564,-54
114900042,748,664,84
114900043,287,107,180
114900044,160,49,111
114900046,24,47,-23
114900047,217,1668,-1451
114900048,187,359,-172
114900049,48,259,-211
114900050,66,391,-325
114900051,31,413,-382
114900052,94,236,-142
114900053,322,308,14
114900054,41,129,-88
114900057,258,6,252
114900058,0,123,-123
114900059,86,63,23
114900060,576,349,227
114900061,54,71,-17
114900062,114,158,-44
114900063,68,241,-173
114900064,1173,513,660
114900065,397,658,-261
114900067,144,464,-320
114900068,74,208,-134
114900069,257,139,118
114900070,452,537,-85
114900072,3,375,-372
114900073,0,255,-255
114900074,551,781,-230
114900075,231,3,228
114900076,13,461,-448
114900080,1905,514,1391
114900082,4338,1923,2415
114900083,1867,1277,590
114900090,329,314,15
114900091,129,195,-66
114900095,220,53,167
114900096,170,300,-130
114900097,168,4,164
114900098,5,232,-227
114900099,215,4,211
115000001,6450,4810,1640
115000002,3085,4295,-1210
115000003,5016,3953,1063
115000004,3801,6740,-2939
115000005,1654,2329,-675
115000006,954,1893,-939
115000007,172,189,-17
115000008,797,662,135
115000009,195,260,-65
115000010,323,170,153
115000013,74,209,-135
115000015,110,380,-270
115000016,63,174,-111
115000019,55,480,-425
115000020,156,704,-548
115000021,256,579,-323
115000022,475,387,88
115000023,432,472,-40
115000024,1259,529,730
115000025,731,651,80
115000026,143,459,-316
115000027,224,274,-50
115000028,180,964,-784
115000029,533,107,426
115000030,693,1183,-490
115000031,1180,270,910
115000032,9,355,-346
115000033,608,48,560
115000034,87,1137,-1050
115000035,1261,72,1189
115000036,3,414,-411
115000037,609,10,599
115000038,55,199,-144
115000039,4095,2908,1187
115000040,7476,3667,3809
115000041,2649,3484,-835
115000042,2059,671,1388
115000043,3693,2083,1610
115000044,3966,4288,-322
115000045,2620,2031,589
115000046,2109,2597,-488
115000047,1993,1704,289
115000048,1726,2985,-1259
115000049,1776,4128,-2352
115000050,2852,2139,713
115000051,1783,2969,-1186
115000052,2913,2095,818
115000053,1566,1753,-187
115000054,858,1573,-715
115000055,205,642,-437
115000056,273,662,-389
115000057,838,807,31
115000058,618,220,398
115000059,274,137,137
115000061,378,175,203
115000062,243,325,-82
115000063,254,401,-147
115000064,281,108,173
115000065,41,413,-372
115000067,183,24,159
115000069,77,326,-249
115000070,40,815,-775
115000071,125,15,110
115000072,23,70,-47
115000073,1144,45,1099
115000075,95,83,12
115000076,4122,3172,950
115000077,2294,2904,-610
115000078,1234,1828,-594
115000079,2616,2131,485
115000080,3059,2728,331
115000081,503,1109,-606
115000082,3591,3659,-68
115000083,2148,2816,-668
115000084,1820,1316,504
115000085,726,1068,-342
115000086,979,998,-19
115000087,446,1650,-1204
115000088,1552,760,792
115000089,1509,1381,128
115000090,510,1051,-541
115000091,250,1077,-827
115000092,435,306,129
115000093,469,2,467
115000094,7166,5124,2042
115000095,5299,6270,-971
115000096,631,1802,-1171
115000097,753,1223,-470
115000098,961,1002,-41
115000099,2173,3234,-1061
115000100,850,419,431
115000101,453,1850,-1397
115000102,384,268,116
115000103,344,864,-520
115000105,53,270,-217
115000106,510,280,230
115000107,183,621,-438
115000108,3597,3091,506
115000109,4682,3890,792
115000110,1417,1328,89
115000111,814,2280,-1466
115000112,633,719,-86
115000113,638,952,-314
115000114,3100,900,2200
115000116,4581,2275,2306
115000117,4740,3543,1197
115000118,2578,1990,588
115000119,2395,2643,-248
115000120,738,1238,-500
115000121,1659,930,729
115000122,4347,1857,2490
115000123,1594,2085,-491
115000124,1084,936,148
115000125,548,580,-32
115000126,146,263,-117
115000127,468,76,392
115000128,528,926,-398
115000129,417,418,-1
115000130,470,928,-458
115000131,845,376,469
115000132,705,360,345
115000133,1399,333,1066
115000134,1394,260,1134
115000135,733,187,546
115000136,457,261,196
115000137,190,165,25
115000138,266,324,-58
115000139,275,292,-17
115000140,288,333,-45
115000141,253,316,-63
115000142,224,316,-92
115000143,623,684,-61
115000144,557,100,457
115000145,356,454,-98
115000146,1110,347,763
115000147,711,565,146
115000148,258,1203,-945
115000149,475,210,265
115000150,591,971,-380
115000151,944,1029,-85
115000152,765,1228,-463
115000153,969,1327,-358
115000154,732,605,127
115000155,583,1020,-437
115000156,992,885,107
115000157,674,854,-180
115000158,535,360,175
115000159,846,540,306
115000160,746,396,350
115000161,165,468,-303
115000162,861,725,136
115000163,631,720,-89
115000164,717,701,16
115000165,361,477,-116
115000167,254,73,181
115000168,624,421,203
115000169,595,349,246
115000170,228,144,84
115000171,321,271,50
115000172,1279,737,542
115000173,371,534,-163
115000174,86,352,-266
115000175,190,97,93
115000176,103,80,23
115000177,60,95,-35
115000178,25,255,-230
115000179,40,27,13
115000180,110,844,-734
115000181,567,158,409
115000182,812,330,482
115000183,264,932,-668
115000186,787,273,514
115000187,214,810,-596
115000188,545,465,80
115000189,199,433,-234
115000190,726,356,370
115000191,218,454,-236
115000194,168,235,-67
115000195,345,305,40
115000196,132,107,25
115000197,236,294,-58
115000198,283,224,59
115000199,329,220,109
115000200,421,88,333
115000201,191,384,-193
115000206,430,63,367
115000207,132,366,-234
115000208,434,613,-179
115000209,1096,390,706
115000210,135,164,-29
115000211,275,253,22
115000212,1473,265,1208
115000224,490,65,425
115000225,44,92,-48
115000229,170,148,22
115000230,141,371,-230
115000231,305,1893,-1588
115000232,1357,323,1034
115000233,251,214,37
115000234,18,322,-304
115000241,74,290,-216
115000242,103,460,-357
115000243,44,345,-301
115000244,18,143,-125
115000246,36,44,-8
115000247,87,43,44
115000248,43,33,10
115000249,28,37,-9
115000250,303,39,264
115000251,264,136,128
115000252,90,261,-171
115000253,16,455,-439
115000258,271,244,27
115000259,432,188,244
115000261,19,25,-6
115000262,13,18,-5
115000263,13,57,-44
115000264,26,47,-21
115000267,79,56,23
115000268,44,147,-103
115000269,126,60,66
115000270,3,13,-10
115000272,36,178,-142
115000273,410,66,344
115000280,1561,147,1414
115000281,339,756,-417
115000282,753,690,63
115000284,494,169,325
115000296,1342,11,1331
115000297,173,77,96
115000298,69,445,-376
115000300,165,170,-5
115000302,632,137,495
115000303,697,132,565
115000304,669,91,578
115000305,120,704,-584
115000306,156,383,-227
115000307,136,186,-50
115000308,38,26,12
115000309,15,41,-26
115000310,830,1045,-215
115000311,715,1454,-739
115000313,167,651,-484
115000314,388,164,224
115000315,960,523,437
115000316,84,105,-21
115000317,177,420,-243
115000318,708,436,272
115000319,64,353,-289
115000320,14,268,-254
115000321,408,29,379
115000322,48,219,-171
115000449,215,170,45
115000557,1,1234,-1233
115000558,506,72,434
115000587,476,690,-214
115000588,2758,3153,-395
115000589,4020,2659,1361
115000590,1434,1406,28
115000591,2665,656,2009
115000592,669,1680,-1011
115000593,1302,577,725
115000594,1017,2314,-1297
115000609,158,461,-303
115000617,1963,3126,-1163
115000624,206,108,98
115000633,384,2276,-1892
115000634,2457,826,1631
115000635,635,197,438
115000638,943,1076,-133
115000641,76,170,-94
115000642,395,516,-121
115000643,119,690,-571
115000644,175,597,-422
115000646,941,1582,-641
115000647,173,505,-332
115000648,1654,2361,-707
115000893,3558,1488,2070
115000894,185,1439,-1254
115000895,881,1058,-177
115000896,1770,379,1391
115000897,494,193,301
115000898,574,299,275
115000899,627,1283,-656
115000900,191,394,-203
115000901,142,156,-14
115000912,396,213,183
115000913,5,20,-15
115000915,34,1,33
115000916,8,1,7
115000917,0,9,-9
115000918,69,297,-228
115000919,11,14,-3
115000920,49,68,-19
115000921,629,102,527
115000922,1350,769,581
115000923,620,1170,-550
115000925,114,65,49
115000927,81,56,25
115000933,321,245,76
115000934,150,191,-41
115000935,130,127,3
115000936,33,581,-548
115000937,928,171,757
115000938,259,206,53
115000939,329,217,112
115000940,14,51,-37
115000941,11,17,-6
115000942,104,98,6
115000943,82,20,62
115000944,5,9,-4
115900001,79,46,33
115900002,78,125,-47
115900003,218,150,68
115900004,0,52,-52
115900005,179,11,168
115900006,136,279,-143
115900008,54,15,39
115900009,84,249,-165
115900010,231,168,63
115900011,409,340,69
115900012,134,87,47
115900013,263,158,105
115900014,127,199,-72
115900015,156,101,55
115900016,107,32,75
115900017,15,8,7
115900018,202,87,115
115900019,79,20,59
115900020,47,2,45
115900021,1513,114,1399
115900022,1638,8,1630
115900023,45,3,42
115900025,47,238,-191
115900026,805,274,531
115900027,1,294,-293
115900028,763,71,692
115900029,19,498,-479
115900030,20,36,-16
115900031,416,327,89
115900032,396,646,-250
115900033,0,34,-34
115900034,48,449,-401
115900035,39,19,20
115900036,155,582,-427
115900037,47,435,-388
115900038,41,11,30
115900039,182,189,-7
115900041,630,503,127
115900042,26,12,14
115900043,92,105,-13
115900044,298,305,-7
115900046,191,333,-142
115900047,159,148,11
115900049,117,256,-139
115900051,0,88,-88
115900052,14,231,-217
115900053,273,264,9
115900054,233,65,168
115900055,26,166,-140
115900056,217,364,-147
115900057,28,32,-4
115900058,47,77,-30
115900060,75,144,-69
115900061,182,3,179
115900062,25,389,-364
115900063,100,22,78
115900064,128,229,-101
115900065,114,128,-14
115900066,276,187,89
115900067,14,790,-776
115900068,3570,1090,2480
115900069,165,162,3
115900070,188,194,-6
115900071,2,462,-460
115900072,67,174,-107
115900073,77,75,2
115900074,4,367,-363
115900075,52,228,-176
115900076,11,62,-51
115900077,7,340,-333
115900078,208,122,86
115900079,173,19,154
115900080,528,306,222
115900081,22,79,-57
115900082,179,222,-43
115900084,321,21,300
115900085,47,77,-30
115900086,1581,615,966
115900088,14,47,-33
115900089,327,769,-442
115900090,275,18,257
115900091,2,34,-32
115900092,18,207,-189
115900093,5,33,-28
115900094,6,331,-325
115900096,5,18,-13
115900097,6,436,-430
115900098,119,359,-240
115900099,499,54,445
115900100,12,574,-562
115900101,116,333,-217
115900102,104,94,10
115900103,240,178,62
115900104,68,170,-102
115900105,216,594,-378
115900106,65,23,42
115900107,174,191,-17
115900108,124,70,54
115900109,46,438,-392
115900110,2,49,-47
115900111,3,113,-110
115900112,52,973,-921
115900113,52,51,1
115900114,7,131,-124
115900115,106,409,-303
115900116,95,830,-735
115900117,53,49,4
115900118,6,322,-316
115900119,116,231,-115
115900120,21,379,-358
115900121,162,304,-142
115900124,414,692,-278
115900125,287,60,227
115900126,582,97,485
115900127,593,44,549
115900128,23,81,-58
115900129,716,44,672
115900130,31,247,-216
115900131,734,34,700
115900132,485,8,477
115900134,269,6,263
115900135,497,1052,-555
115900137,40,5,35
115900139,32,35,-3
115900140,276,27,249
115900141,9,33,-24
115900142,15,20,-5
115900143,249,271,-22
115900144,58,164,-106
115900146,17,199,-182
115900147,357,242,115
115900148,70,4,66
115900149,68,14,54
115900150,51,56,-5
115900151,22,101,-79
115900152,113,304,-191
115900153,136,192,-56
115900154,487,342,145
115900155,0,61,-61
115900156,509,1020,-511
115900157,156,597,-441
115900158,22,12,10
115900159,92,369,-277
115900160,9,7,2
115900161,92,215,-123
115900163,132,131,1
115900164,521,34,487
115900166,208,173,35
115900168,121,229,-108
115900171,98,420,-322
115900172,58,136,-78
115900173,218,155,63
115900174,234,235,-1
115900175,121,201,-80
115900178,12,747,-735
115900179,254,8,246
115900180,50,220,-170
115900181,133,265,-132
115900182,329,328,1
115900183,97,25,72
115900184,1877,22,1855
115900187,16,112,-96
115900189,1,242,-241
115900190,375,1277,-902
115900191,59,412,-353
115900192,7,177,-170
115900193,643,168,475
115900194,543,54,489
115900195,619,1971,-1352
115900198,177,404,-227
115900199,175,341,-166
115900200,299,416,-117
115900201,315,328,-13
115900202,0,41,-41
115900203,0,6,-6
115900204,0,11,-11
115900205,123,19,104
115900206,233,225,8
115900207,27,44,-17
115900208,210,191,19
115900209,4,164,-160
115900210,26,142,-116
115900211,4,219,-215
115900212,152,501,-349
115900213,103,82,21
115900214,362,313,49
115900215,25,171,-146
115900216,22,97,-75
115900217,45,47,-2
115900218,3,37,-34
115900219,67,1,66
115900220,115,31,84
115900221,61,14,47
115900222,46,25,21
115900223,4,319,-315
115900224,1536,1272,264
115900225,71,42,29
115900226,22,44,-22
115900227,14,59,-45
115900228,16,43,-27
115900229,5,70,-65
115900230,86,128,-42
115900231,120,3,117
115900232,79,2,77
115900233,95,24,71
115900234,46,27,19
115900235,76,40,36
115900236,290,30,260
115900237,56,31,25
115900238,162,16,146
115900239,30,18,12
115900240,25,34,-9
115900241,271,314,-43
115900242,280,385,-105
115900243,11,16,-5
115900244,19,21,-2
115900245,31,19,12
115900246,106,17,89
115900247,49,10,39
115900248,8,6,2
115900249,8,19,-11
115900250,11,31,-20
115900251,1,16,-15
115900252,7,9,-2
115900253,20,59,-39
115900254,7,40,-33
115900255,5,19,-14
115900256,21,42,-21
115900257,7,13,-6
115900258,0,2,-2
115900259,7,3,4
115900260,7,4,3
115900261,12,1,11
115900262,3,0,3
115900263,10,1,9
115900264,3,5,-2
115900265,3,6,-3
115900266,3,14,-11
115900267,6,9,-3
115900268,12,7,5
115900269,394,682,-288
115900270,278,453,-175
115900271,76,0,76
115900272,60,2,58
115900273,6,19,-13
115900274,1,6,-5
115900275,0,17,-17
115900276,0,24,-24
115900277,0,55,-55
115900278,28,150,-122
115900279,22,187,-165
115900280,25,267,-242
115900281,460,252,208
115900282,24,5,19
115900283,9,34,-25
115900284,18,4,14
116000001,12975,5800,7175
116000002,4584,8762,-4178
116000003,1773,2023,-250
116000004,2488,3031,-543
116000005,4142,3358,784
116000006,3164,2086,1078
116000007,3229,3990,-761
116000008,3885,1857,2028
116000009,2451,3236,-785
116000010,2473,1459,1014
116000011,1015,2023,-1008
116000012,1275,1200,75
116000013,10543,4316,6227
116000014,13437,10068,3369
116000015,370,1200,-830
116000016,6069,2927,3142
116000017,29,725,-696
116000018,676,275,401
116000019,782,332,450
116000020,471,716,-245
116000021,396,341,55
116000022,353,310,43
116000023,1031,665,366
116000024,675,884,-209
116000025,757,763,-6
116000026,1851,2384,-533
116000027,692,550,142
116000028,424,678,-254
116000029,775,754,21
116000030,715,437,278
116000031,205,354,-149
116000032,422,280,142
116000033,313,451,-138
116000034,683,877,-194
116000035,389,818,-429
116000036,1943,1055,888
116000037,757,453,304
116000038,463,351,112
116000039,538,324,214
116000040,1149,250,899
116000041,224,424,-200
116000042,588,222,366
116000043,62,623,-561
116000044,14,96,-82
116000045,1488,1143,345
116000046,1186,1380,-194
116000047,1727,2340,-613
116000048,1807,1731,76
116000049,1083,2301,-1218
116000050,1369,1244,125
116000051,5583,2133,3450
116000052,5700,4407,1293
116000053,1902,1018,884
116000054,799,2366,-1567
116000055,584,1106,-522
116000056,911,1177,-266
116000057,2543,1808,735
116000058,2614,2163,451
116000059,2577,4095,-1518
116000060,2154,995,1159
116000061,730,997,-267
116000062,767,223,544
116000063,685,1065,-380
116000066,278,565,-287
116000067,351,606,-255
116000068,215,315,-100
116000069,229,378,-149
116000078,506,1017,-511
116000080,1873,1318,555
116000082,11,86,-75
116000083,1553,505,1048
116000084,2308,4633,-2325
116000085,2136,1855,281
116000086,2363,1775,588
116000087,1692,1611,81
116000088,786,1199,-413
116000089,217,109,108
116000090,166,197,-31
116000091,426,280,146
116000093,510,384,126
116000094,531,710,-179
116000095,662,475,187
116000096,685,1789,-1104
116000097,2184,716,1468
116000098,197,9219,-9022
116000099,6572,331,6241
116000100,242,34,208
116000101,1407,1097,310
116000102,260,1419,-1159
116000103,708,322,386
116000104,306,1447,-1141
116000105,1150,212,938
116000106,2281,1102,1179
116000107,6457,510,5947
116000108,2434,234,2200
116000111,174,74,100
116000113,106,158,-52
116000114,76,184,-108
116000115,297,261,36
116000116,413,668,-255
116000117,1391,2078,-687
116000118,1584,1696,-112
116000119,2600,2044,556
116000120,3162,5278,-2116
116000121,810,626,184
116000122,1414,2097,-683
116000123,820,603,217
116000124,369,985,-616
116000125,2776,788,1988
116000126,434,1809,-1375
116000127,1163,1413,-250
116000128,1420,886,534
116000129,1082,204,878
116000130,460,414,46
116000133,822,1070,-248
116000134,1890,2620,-730
116000135,1878,1727,151
116000136,1233,2430,-1197
116000137,1017,707,310
116000138,800,493,307
116000139,1629,1919,-290
116000140,164,231,-67
116000141,340,773,-433
116000142,3355,3196,159
116000143,1761,1628,133
116000144,1332,2488,-1156
116000145,1589,1305,284
116000146,483,265,218
116000147,307,113,194
116000148,434,552,-118
116000149,532,540,-8
116000151,825,697,128
116000153,72,414,-342
116000155,224,231,-7
116000156,361,1087,-726
116000157,61,14,47
116000158,328,371,-43
116000159,10,10,0
116000160,33,75,-42
116000161,3,81,-78
116000162,70,71,-1
116000163,27,9,18
116000164,8,50,-42
116000177,2608,115,2493
116000194,120,411,-291
116000195,1529,825,704
116000196,0,0,0
116000197,10,19,-9
116000198,2527,1035,1492
116000200,640,375,265
116000201,695,734,-39
116000202,19,340,-321
116000203,9,155,-146
116000204,18,90,-72
116000205,0,241,-241
116000206,1,165,-164
116000207,6,72,-66
116000233,234,539,-305
116000287,225,579,-354
116000288,232,245,-13
116000292,0,0,0
116000296,34,244,-210
116000297,138,35,103
116000304,221,51,170
116000305,23,80,-57
116000346,113,107,6
116000352,87,48,39
116000354,36,16,20
116000357,46,37,9
116000358,265,44,221
116000361,520,4,516
116000372,6985,3557,3428
116000381,110,1,109
116000388,3,56,-53
116000389,920,536,384
116000445,257,716,-459
116000446,437,709,-272
116000447,13,541,-528
116000448,660,271,389
116000563,749,775,-26
116000565,48,493,-445
116000568,98,249,-151
116000579,38,141,-103
116000583,126,99,27
116000584,21,10,11
116000585,40,13,27
116000586,117,115,2
116000587,490,571,-81
116000589,105,87,18
116000590,84,179,-95
116000591,208,277,-69
116000592,18,129,-111
116000593,0,27,-27
116000594,460,669,-209
116000595,619,190,429
116000596,113,3,110
116000597,345,150,195
116000598,23,266,-243
116000605,291,161,130
116000606,87,420,-333
116000607,35,96,-61
116000609,181,828,-647
116000611,134,679,-545
116000612,586,1852,-1266
116000613,469,379,90
116000614,421,715,-294
116000615,5,307,-302
116000616,36,75,-39
116000617,78,62,16
116000618,1,132,-131
116000619,150,83,67
116000620,79,80,-1
116000621,57,71,-14
116000622,86,165,-79
116000624,690,117,573
116000627,61,90,-29
116000628,34,697,-663
116000629,37,458,-421
116000630,389,59,330
116000631,218,112,106
116000632,490,72,418
116000633,163,314,-151
116000634,399,202,197
116000635,3315,2010,1305
116000636,1158,1147,11
116000637,474,104,370
116000638,153,450,-297
116000639,6,0,6
116000640,33,20,13
116000641,8,34,-26
116000643,0,48,-48
116000644,23,628,-605
116000645,26,2,24
116900001,206,153,53
116900002,303,6,297
116900003,18,74,-56
116900004,34,65,-31
116900005,238,75,163
116900006,230,168,62
116900007,126,155,-29
116900008,360,344,16
116900009,15,6,9
116900010,3,1739,-1736
116900011,5,13,-8
116900012,209,169,40
116900013,1,185,-184
116900014,100,320,-220
116900016,163,3,160
116900017,6,681,-675
116900018,49,50,-1
116900019,5,341,-336
116900020,1101,243,858
116900023,183,21,162
116900025,956,871,85
116900026,179,583,-404
116900027,31,81,-50
116900028,1,97,-96
116900029,178,617,-439
116900031,5,5,0
116900032,3,349,-346
116900033,14,17,-3
116900034,6,64,-58
116900035,169,201,-32
116900036,3,87,-84
116900038,209,1,208
116900041,38,17,21
116900042,803,246,557
116900043,13,66,-53
116900047,33,182,-149
116900049,32,365,-333
116900050,126,509,-383
116900051,90,192,-102
116900052,190,52,138
116900055,0,7,-7
116900057,27,235,-208
116900058,22,355,-333
116900059,3,156,-153
116900060,177,195,-18
116900062,2,6,-4
116900064,77,862,-785
116900065,41,106,-65
116900067,109,119,-10
116900068,120,204,-84
116900070,0,2,-2
116900072,16,359,-343
116900073,12,134,-122
116900074,10,33,-23
116900076,30,28,2
116900077,0,123,-123
116900078,273,125,148
116900079,52,243,-191
116900080,15,25,-10
116900081,423,1276,-853
116900082,500,840,-340
116900083,72,64,8
116900084,157,58,99
116900085,8,45,-37
116900086,68,217,-149
116900088,271,77,194
116900090,193,48,145
116900091,276,25,251
116900092,89,731,-642
116900093,1545,1732,-187
116900094,4073,3133,940
116900095,219,88,131
116900096,84,133,-49
116900097,3415,2377,1038
116900098,870,321,549
116900099,987,603,384
116900100,863,33,830
116900101,334,502,-168
116900103,7,0,7
116900104,112,77,35
116900105,200,113,87
116900106,1644,364,1280
116900107,4040,2252,1788
116900110,11,1,10
116900111,439,936,-497
116900112,239,1364,-1125
116900113,2300,1954,346
116900116,136,445,-309
116900117,355,95,260
116900118,738,667,71
116900120,316,93,223
116900121,459,29,430
116900122,694,744,-50
116900123,99,736,-637
116900124,199,1017,-818
116900125,192,66,126
116900126,170,528,-358
116900128,0,41,-41
116900129,0,353,-353
116900130,691,2711,-2020
116900131,54,234,-180
116900132,50,167,-117
116900133,110,184,-74
116900134,345,272,73
116900136,238,162,76
116900137,371,154,217
116900138,198,202,-4
116900139,138,411,-273
116900140,166,156,10
116900141,800,540,260
116900142,11,175,-164
116900143,245,404,-159
116900144,1,57,-56
116900145,72,210,-138
116900147,542,361,181
116900148,20,98,-78
116900149,53,306,-253
116900150,18,48,-30
116900151,35,13,22
116900153,101,88,13
116900154,627,591,36
116900155,101,126,-25
116900157,438,433,5
116900158,1215,284,931
116900159,44,270,-226
116900160,969,523,446
116900161,5999,4815,1184
116900162,26,101,-75
116900163,168,177,-9
116900164,284,62,222
116900165,230,216,14
116900166,29,117,-88
116900167,341,100,241
116900168,294,105,189
116900169,676,335,341
116900170,211,560,-349
116900171,60,150,-90
116900172,239,345,-106
116900173,147,36,111
116900174,178,135,43
116900175,160,141,19
116900178,21,125,-104
116900179,95,293,-198
116900180,91,22,69
116900182,372,267,105
116900183,206,148,58
116900185,9,28,-19
116900186,84,342,-258
116900187,114,67,47
116900188,122,33,89
116900189,0,0,0
116900191,322,646,-324
116900192,238,134,104
116900194,118,1093,-975
116900195,21,18,3
116900196,21,115,-94
116900197,89,9,80
116900198,188,204,-16
116900200,56,61,-5
116900201,59,5,54
116900202,145,52,93
116900203,146,11,135
116900204,57,85,-28
116900206,4,30,-26
116900207,47,49,-2
116900208,30,124,-94
116900209,101,119,-18
116900210,552,245,307
116900211,241,6,235
116900212,57,97,-40
116900213,175,142,33
116900214,142,151,-9
116900215,35,69,-34
116900216,456,255,201
116900218,65,394,-329
116900219,1454,478,976
116900220,95,212,-117
116900221,110,351,-241
116900222,350,313,37
116900223,109,307,-198
116900226,57,54,3
116900227,169,107,62
116900228,343,269,74
116900230,89,672,-583
116900233,427,188,239
116900234,9,8,1
116900235,165,273,-108
116900238,1574,333,1241
116900239,2,1076,-1074
116900240,5518,4302,1216
116900241,91,186,-95
116900242,1213,468,745
116900243,2,52,-50
116900245,27,20,7
116900246,123,31,92
116900247,1256,34,1222
116900248,76,43,33
116900249,226,96,130
116900250,328,47,281
116900251,588,372,216
116900252,138,1131,-993
116900254,16,95,-79
116900255,129,56,73
116900256,276,87,189
116900257,86,606,-520
116900258,12,266,-254
116900259,396,10,386
116900260,6,134,-128
116900261,68,4,64
116900262,273,261,12
116900263,2,18,-16
116900264,5,10,-5
116900265,28,0,28
116900266,166,141,25
116900267,6,3,3
116900268,144,82,62
116900269,292,553,-261
116900271,1207,153,1054
116900272,431,310,121
116900273,164,53,111
116900274,107,124,-17
116900275,171,128,43
116900276,474,125,349
116900277,133,4,129
116900278,4,5,-1
116900279,3,50,-47
116900280,443,73,370
116900281,6554,3523,3031
116900282,10,167,-157
116900283,19,133,-114
116900284,19,252,-233
116900285,329,178,151
116900286,256,35,221
116900287,8,75,-67
116900288,85,152,-67
116900289,18,24,-6
116900290,3,48,-45
116900291,12,10,2
116900292,0,8,-8
116900293,22,91,-69
116900294,37,153,-116
116900295,267,25,242
116900296,304,65,239
116900297,24,97,-73
116900298,83,53,30
116900299,200,38,162
116900300,7,73,-66
116900301,71,150,-79
116900302,63,60,3
116900303,458,177,281
116900304,1,171,-170
116900305,9,64,-55
116900306,151,142,9
116900307,152,17,135
116900308,1,209,-208
116900309,323,255,68
117000001,2005,1613,392
117000002,2223,4924,-2701
117000003,6536,3274,3262
117000004,3919,5599,-1680
117000005,2003,1925,78
117000006,1390,4084,-2694
117000007,3507,1590,1917
117000008,1274,4117,-2843
117000009,5171,1969,3202
117000010,2849,4527,-1678
117000011,2800,1734,1066
117000012,1453,1602,-149
117000013,1786,991,795
117000014,1549,2402,-853
117000015,2886,1321,1565
117000016,341,89,252
117000017,429,139,290
117000018,530,494,36
117000019,210,23,187
117000020,464,1034,-570
117000021,2201,646,1555
117000022,576,90,486
117000023,497,240,257
117000024,420,103,317
117000025,734,672,62
117000026,2839,854,1985
117000027,2658,3328,-670
117000028,4501,1366,3135
117000030,645,475,170
117000031,426,298,128
117000032,1945,1179,766
117000033,1348,734,614
117000034,373,356,17
117000035,354,328,26
117000036,460,340,120
117000037,378,259,119
117000038,295,577,-282
117000039,450,257,193
117000040,201,1183,-982
117000041,795,172,623
117000044,21,960,-939
117000045,451,82,369
117000046,549,794,-245
117000047,810,625,185
117000048,2084,1197,887
117000049,98,497,-399
117000050,227,2509,-2282
117000051,2576,163,2413
117000052,52,468,-416
117000053,578,63,515
117000054,1709,31,1678
117000055,159,3667,-3508
117000056,618,19,599
117000057,678,2350,-1672
117000060,480,1571,-1091
117000061,1471,882,589
117000062,248,691,-443
117000063,1916,912,1004
117000064,991,1022,-31
117000066,1106,926,180
117000067,162,483,-321
117000074,221,177,44
117000076,206,44,162
117000077,179,193,-14
117000078,121,788,-667
117000079,511,226,285
117000080,1,316,-315
117000081,1540,126,1414
117000082,23,75,-52
117000083,130,5,125
117000084,276,1,275
117000085,402,774,-372
117000086,1209,487,722
117000087,94,552,-458
117000088,311,218,93
117000089,1406,346,1060
117000090,294,1487,-1193
117000091,765,320,445
117000092,414,1509,-1095
117000093,1014,823,191
117000094,1246,3288,-2042
117000095,3107,1100,2007
117000096,647,2701,-2054
117000097,1215,1502,-287
117000098,2897,5602,-2705
117000099,2875,1588,1287
117000100,112,416,-304
117000101,227,1321,-1094
117000102,1484,783,701
117000103,688,1988,-1300
117000104,1205,796,409
117000105,866,1925,-1059
117000106,926,1011,-85
117000107,758,2117,-1359
117000108,1376,981,395
117000109,1809,2822,-1013
117000110,1257,955,302
117000111,3539,4754,-1215
117000112,3073,2027,1046
117000113,452,302,150
117000114,278,192,86
117000115,155,155,0
117000116,152,258,-106
117000117,1655,982,673
117000118,387,151,236
117000119,1486,196,1290
117000120,254,408,-154
117000121,190,1138,-948
117000122,338,933,-595
117000123,1803,25,1778
117000124,972,48,924
117000125,356,96,260
117000126,146,28,118
117000127,186,259,-73
117000128,505,648,-143
117000129,543,626,-83
117000130,198,11,187
117000131,0,113,-113
117000132,5041,58,4983
117000133,1127,94,1033
117000134,2,43,-41
117000135,1,40,-39
117000136,5,27,-22
117000137,65,111,-46
117000138,3,581,-578
117000140,451,1727,-1276
117000141,1296,590,706
117000181,633,466,167
117000182,388,422,-34
117000195,194,1246,-1052
117000196,199,91,108
117000225,189,24,165
117000226,8,108,-100
117000276,200,11,189
117000277,2,507,-505
117000310,1678,2657,-979
117000315,52,1200,-1148
117000320,137,1,136
117000906,323,16,307
117000907,6,331,-325
117000909,40,33,7
117000910,208,135,73
117000911,121,257,-136
117000915,11,549,-538
117000916,26,4,22
117000917,881,44,837
117000918,55,106,-51
117000919,7,123,-116
117000920,1,1439,-1438
117000921,3,1606,-1603
117000922,42,107,-65
117000924,498,986,-488
117000926,998,102,896
117000927,1956,796,1160
117000928,1,181,-180
117000929,225,521,-296
117000930,193,42,151
117000931,605,141,464
117900002,135,443,-308
117900003,812,405,407
117900005,12,43,-31
117900006,1,21,-20
117900007,159,123,36
117900008,0,30,-30
117900010,513,81,432
117900011,26,87,-61
117900012,76,99,-23
117900013,1,214,-213
117900014,647,156,491
117900015,22,110,-88
117900016,1140,677,463
117900017,548,400,148
117900018,262,98,164
117900019,341,294,47
117900020,111,484,-373
117900021,30,91,-61
117900023,722,344,378
117900024,69,80,-11
117900025,49,29,20
117900026,403,282,121
117900028,85,3,82
117900029,277,585,-308
117900030,347,396,-49
117900031,382,93,289
117900032,1605,656,949
117900033,254,690,-436
117900034,90,59,31
117900035,490,146,344
117900036,170,485,-315
117900037,121,219,-98
117900038,37,361,-324
117900039,16,84,-68
117900040,99,491,-392
117900041,12,68,-56
117900042,3598,400,3198
117900043,45,61,-16
117900044,24,3827,-3803
117900045,194,112,82
117900048,268,367,-99
117900049,260,547,-287
117900050,9,61,-52
117900051,109,1,108
117900052,28,333,-305
117900053,1503,878,625
117900054,1,39,-38
117900055,183,362,-179
117900056,428,59,369
117900057,1675,1791,-116
117900058,97,27,70
117900059,347,159,188
117900060,2286,6062,-3776
117900061,19,271,-252
117900063,325,202,123
117900065,1310,1425,-115
117900066,7,44,-37
117900067,377,173,204
117900069,612,323,289
117900070,272,19,253
117900071,88,165,-77
117900073,412,334,78
117900074,242,36,206
117900075,62,83,-21
117900076,19,48,-29
117900077,305,392,-87
117900078,319,862,-543
117900080,129,44,85
117900081,588,450,138
117900082,403,437,-34
117900083,273,427,-154
117900086,174,37,137
117900087,170,96,74
117900088,3553,2076,1477
117900089,1872,687,1185
117900090,481,545,-64
117900091,126,216,-90
117900092,83,30,53
117900093,79,109,-30
117900094,40,22,18
117900095,315,430,-115
117900096,119,325,-206
117900097,157,117,40
117900098,32,6,26
117900099,328,259,69
117900100,181,1,180
117900101,500,1899,-1399
117900102,79,48,31
117900103,124,5,119
117900104,55,101,-46
117900105,178,198,-20
117900106,140,65,75
117900107,48,0,48
117900109,513,437,76
117900110,152,1,151
117900111,528,6,522
117900112,59,34,25
117900113,3468,1745,1723
117900114,26,12,14
117900115,334,57,277
117900116,1085,892,193
117900117,507,514,-7
117900118,68,0,68
117900119,142,235,-93
117900120,189,65,124
117900121,56,27,29
117900122,1128,3506,-2378
117900123,750,421,329
117900124,1334,817,517
117900125,1750,2177,-427
117900126,307,526,-219
117900127,418,542,-124
117900128,433,634,-201
117900129,104,3,101
117900130,2254,412,1842
117900131,3,142,-139
117900132,80,144,-64
117900133,17,152,-135
117900134,46,218,-172
117900135,45,228,-183
117900136,0,50,-50
117900137,34,360,-326
117900138,1,52,-51
117900139,113,135,-22
117900140,3495,455,3040
117900141,196,256,-60
117900142,420,28,392
117900144,101,133,-32
117900145,42,48,-6
117900146,272,136,136
117900147,55,53,2
117900148,2644,1669,975
117900149,89,264,-175
117900150,70,38,32
117900151,39,96,-57
117900152,97,44,53
117900153,52,99,-47
117900154,407,680,-273
117900156,979,975,4
117900157,124,593,-469
117900158,220,232,-12
117900160,630,662,-32
117900161,2999,2214,785
117900162,375,489,-114
117900163,95,77,18
117900165,1,23,-22
117900166,139,547,-408
117900168,37,279,-242
117900169,3,149,-146
117900170,1,61,-60
117900171,1,34,-33
117900172,15,48,-33
117900173,155,94,61
117900174,66,65,1
117900175,5,42,-37
117900176,22,37,-15
117900177,20,61,-41
117900178,160,52,108
117900180,267,85,182
117900181,185,431,-246
117900182,2,47,-45
117900183,77,236,-159
117900184,79,67,12
117900185,47,66,-19
117900186,47,25,22
117900187,17,10,7
117900188,347,62,285
117900189,95,50,45
117900190,22,4,18
117900191,115,3,112
117900192,237,0,237
117900193,2,169,-167
117900194,30,8,22
117900195,57,94,-37
117900196,9,31,-22
117900207,195,157,38
117900208,20,52,-32
117900209,213,241,-28
117900210,157,190,-33
117900211,3,166,-163
117900212,99,202,-103
117900213,44,46,-2
117900214,5,45,-40
117900215,27,43,-16
117900216,92,25,67
117900217,160,276,-116
117900218,187,260,-73
117900219,24,104,-80
117900220,174,77,97
117900222,256,399,-143
117900223,151,343,-192
118000001,917,781,136
118000002,1223,2172,-949
118000003,2511,2644,-133
118000004,3942,3187,755
118000005,5290,4580,710
118000006,7089,9878,-2789
118000007,6610,3278,3332
118000008,6800,3978,2822
118000009,2616,3041,-425
118000010,4838,4159,679
118000011,1268,2417,-1149
118000012,1141,2575,-1434
118000013,3005,2750,255
118000014,2826,2968,-142
118000016,195,431,-236
118000017,399,456,-57
118000018,367,535,-168
118000019,2511,1576,935
118000020,1446,2671,-1225
118000021,921,2596,-1675
118000022,1825,832,993
118000023,956,277,679
118000024,1749,1021,728
118000027,16111,10732,5379
118000029,1031,663,368
118000032,1524,3236,-1712
118000033,3244,4215,-971
118000034,5939,2587,3352
118000035,1770,2301,-531
118000036,1422,1026,396
118000037,700,1115,-415
118000038,150,68,82
118000039,83,227,-144
118000040,1651,1386,265
118000041,2089,1731,358
118000045,969,150,819
118000046,1773,418,1355
118000047,1279,620,659
118000048,3566,1520,2046
118000051,2431,862,1569
118000052,2019,578,1441
118000053,525,480,45
118000054,2149,1887,262
118000055,1352,2088,-736
118000056,487,399,88
118000057,315,433,-118
118000058,3223,1311,1912
118000059,2291,852,1439
118000060,1024,571,453
118000061,1787,1466,321
118000062,736,246,490
118000063,398,539,-141
118000064,819,1181,-362
118000065,4489,1838,2651
118000066,736,1394,-658
118000067,1613,973,640
118000068,1993,4408,-2415
118000069,3509,1110,2399
118000070,5856,1665,4191
118000071,3199,6864,-3665
118000072,2274,1171,1103
118000073,3392,687,2705
118000074,691,766,-75
118000075,1385,351,1034
118000076,1414,1879,-465
118000077,1486,1369,117
118000078,1892,1899,-7
118000079,309,462,-153
118000080,1389,1095,294
118000081,1927,1183,744
118000082,321,1195,-874
118000083,1598,1689,-91
118000084,3174,1930,1244
118000086,431,676,-245
118000087,5058,2756,2302
118000088,1814,1768,46
118000089,3219,1972,1247
118000090,1711,2724,-1013
118000091,1225,2285,-1060
118000092,1261,580,681
118000093,136,689,-553
118000096,607,700,-93
118000097,919,723,196
118000098,323,223,100
118000099,582,819,-237
118000101,1004,475,529
118000102,414,1452,-1038
118000107,2082,640,1442
118000108,672,2192,-1520
118000110,1,34,-33
118000111,0,445,-445
118000112,466,2,464
118000113,3,725,-722
118000114,403,9,394
118000115,22,12,10
118000116,59,0,59
118000117,1327,879,448
118000118,1095,760,335
118000119,1131,1166,-35
118000120,1863,1318,545
118000121,159,647,-488
118000122,1676,377,1299
118000123,64,272,-208
118000125,1887,1008,879
118000126,1022,1574,-552
118000127,2313,692,1621
118000128,891,1301,-410
118000129,1344,492,852
118000130,2978,4147,-1169
118000131,1033,1082,-49
118000132,2408,1719,689
118000133,1028,488,540
118000135,642,475,167
118000136,123,471,-348
118000137,797,110,687
118000138,451,668,-217
118000139,343,152,191
118000140,4336,3903,433
118000141,2483,2004,479
118000142,1688,1738,-50
118000143,2402,1269,1133
118000144,2091,976,1115
118000145,2978,2376,602
118000146,1239,1049,190
118000147,884,1784,-900
118000148,569,1399,-830
118000149,722,1112,-390
118000150,370,377,-7
118000151,408,455,-47
118000153,1325,1155,170
118000154,1314,1627,-313
118000155,1121,1369,-248
118000156,2231,2591,-360
118000157,599,468,131
118000158,231,428,-197
118000159,18,97,-79
118000160,495,437,58
118000161,492,834,-342
118000162,1332,870,462
118000163,818,786,32
118000164,2053,1301,752
118000168,1243,384,859
118000169,1124,1340,-216
118000170,4316,5843,-1527
118000171,349,773,-424
118000172,109,346,-237
118000173,852,1138,-286
118000175,306,304,2
118000176,235,324,-89
118000177,224,453,-229
118000178,63,47,16
118000179,1308,1034,274
118000180,825,662,163
118000181,876,341,535
118000182,313,322,-9
118000183,217,290,-73
118000184,719,768,-49
118000185,1002,897,105
118000186,814,991,-177
118000187,1058,837,221
118000188,526,243,283
118000189,487,845,-358
118000190,8,14,-6
118000191,37,21,16
118000192,367,316,51
118000193,245,469,-224
118000194,1733,1016,717
118000195,713,846,-133
118000196,307,156,151
118000197,825,203,622
118000198,885,674,211
118000199,1133,370,763
118000200,61,208,-147
118000201,474,463,11
118000202,58,64,-6
118000203,1210,500,710
118000204,323,438,-115
118000205,296,340,-44
118000206,211,233,-22
118000207,0,51,-51
118000208,1495,1775,-280
118000209,1919,2034,-115
118000210,44,48,-4
118000211,56,40,16
118000213,942,975,-33
118000214,594,621,-27
118000215,289,272,17
118000216,1583,2812,-1229
118000217,35,112,-77
118000218,61,99,-38
118000219,469,396,73
118000220,3,24,-21
118000221,168,301,-133
118000222,59,4,55
118000223,45,37,8
118000224,181,104,77
118000225,194,777,-583
118000226,1278,170,1108
118000227,955,380,575
118000228,194,206,-12
118000229,174,76,98
118000230,149,248,-99
118000231,78,251,-173
118000232,625,1018,-393
118000233,868,807,61
118000234,364,193,171
118000236,295,332,-37
118000237,107,372,-265
118000238,266,220,46
118000239,296,281,15
118000240,395,195,200
118000241,135,259,-124
118000242,276,688,-412
118000243,225,221,4
118000244,49,125,-76
118000246,0,18,-18
118000255,145,298,-153
118000256,156,294,-138
118000259,12,68,-56
118000260,212,85,127
118000261,32,84,-52
118000263,89,199,-110
118000266,640,354,286
118000267,0,120,-120
118000268,326,5,321
118000270,114,38,76
118000271,219,345,-126
118000272,140,45,95
118000273,116,84,32
118000274,141,288,-147
118000276,401,287,114
118000295,8,96,-88
118000298,126,421,-295
118000299,124,190,-66
118000301,0,52,-52
118000302,90,101,-11
118000311,342,119,223
118000312,265,175,90
118000313,41,133,-92
118000314,83,75,8
118000315,18,68,-50
118000316,578,458,120
118000325,67,51,16
118000326,17,35,-18
118000331,56,50,6
118000332,6,40,-34
118000333,21,54,-33
118000335,248,2,246
118000336,2,311,-309
118000407,140,86,54
118000457,8,37,-29
118000465,3886,4016,-130
118000480,38,115,-77
118000489,69,240,-171
118000490,80,386,-306
118000492,243,230,13
118000510,78,28,50
118000514,216,348,-132
118000515,681,597,84
118000517,351,185,166
118000524,421,245,176
118000525,760,814,-54
118000530,18,102,-84
118000531,230,270,-40
118000532,220,284,-64
118000533,396,142,254
118000534,569,482,87
118000535,249,142,107
118000536,865,1316,-451
118000537,26,78,-52
118000538,34,47,-13
118000539,10,89,-79
118000540,259,126,133
118000541,230,59,171
118000542,113,153,-40
118000543,144,181,-37
118000546,41,21,20
118000553,0,1,-1
118000557,0,0,0
118000560,2948,1808,1140
118000562,16,215,-199
118000563,1822,1295,527
118000576,305,195,110
118000577,271,214,57
118000578,249,148,101
118000579,574,904,-330
118000583,0,0,0
118000595,205,110,95
118000596,0,71,-71
118000597,171,156,15
118000598,5,0,5
118000599,31,39,-8
118000600,3,8,-5
118000601,2,0,2
118000602,7,12,-5
118000603,0,49,-49
118000605,45,148,-103
118000606,59,315,-256
118900001,745,1079,-334
118900002,782,736,46
118900003,337,9,328
118900004,17,35,-18
118900005,53,6,47
118900006,186,14,172
118900007,6,2,4
118900008,1171,46,1125
118900009,35,51,-16
118900010,66,5,61
118900011,163,43,120
118900012,424,188,236
118900013,457,102,355
118900015,158,67,91
118900016,10,23,-13
118900017,239,303,-64
118900018,803,28,775
118900019,71,23,48
118900020,263,164,99
118900021,167,273,-106
118900022,95,105,-10
118900023,174,138,36
118900024,75,160,-85
118900025,54,29,25
118900026,46,82,-36
118900027,490,285,205
118900028,108,144,-36
118900029,297,336,-39
118900030,277,70,207
118900031,155,132,23
118900032,116,220,-104
118900033,454,382,72
118900034,184,42,142
118900035,107,178,-71
118900036,962,588,374
118900037,414,223,191
118900038,317,201,116
118900039,454,224,230
118900040,162,150,12
118900041,651,253,398
118900042,166,101,65
118900045,247,121,126
118900046,854,349,505
118900047,484,212,272
118900048,278,180,98
118900049,66,37,29
118900050,18,139,-121
118900051,176,128,48
118900052,288,201,87
118900053,48,94,-46
118900054,156,33,123
118900055,62,86,-24
118900056,102,296,-194
118900057,612,325,287
118900058,350,308,42
118900059,23,92,-69
118900060,181,113,68
118900062,281,228,53
118900064,704,513,191
118900065,59,164,-105
118900066,67,129,-62
118900067,4688,3033,1655
118900068,8,244,-236
118900069,295,221,74
118900071,4,105,-101
118900072,418,454,-36
118900073,76,106,-30
118900074,135,245,-110
118900075,51,88,-37
118900076,203,116,87
118900077,211,170,41
118900078,70,17,53
118900079,52,237,-185
118900080,21,116,-95
118900081,75,36,39
118900082,488,142,346
118900083,32,19,13
118900084,25,33,-8
118900085,738,931,-193
118900086,37,77,-40
118900087,12,142,-130
118900088,1,11,-10
118900089,29,24,5
118900090,457,389,68
118900091,181,201,-20
118900092,92,110,-18
118900093,109,32,77
118900096,60,119,-59
118900097,209,466,-257
118900099,80,228,-148
118900100,135,213,-78
118900101,49,275,-226
118900102,42,103,-61
118900103,26,74,-48
118900104,121,89,32
118900105,232,117,115
118900107,170,168,2
118900108,119,143,-24
118900110,1583,852,731
118900111,725,596,129
118900112,79,246,-167
118900113,143,522,-379
118900114,37,85,-48
118900115,109,329,-220
118900116,140,169,-29
118900117,72,136,-64
118900118,238,353,-115
118900119,100,197,-97
118900120,79,226,-147
118900121,18,170,-152
118900122,15,650,-635
118900123,118,172,-54
118900124,56,247,-191
118900126,21,312,-291
118900129,273,259,14
118900130,116,212,-96
118900131,135,213,-78
118900132,314,195,119
118900133,17,107,-90
118900135,160,214,-54
118900136,154,441,-287
118900137,6,29,-23
118900139,305,408,-103
118900140,290,558,-268
118900141,117,169,-52
118900144,92,447,-355
118900145,29,151,-122
118900146,279,660,-381
118900147,261,134,127
118900148,72,62,10
118900150,163,629,-466
118900152,545,875,-330
118900157,79,190,-111
118900158,67,52,15
118900159,2,173,-171
118900161,112,25,87
118900163,154,111,43
118900164,9,118,-109
118900165,55,201,-146
118900166,25,9,16
118900167,93,135,-42
118900168,4,91,-87
118900169,109,415,-306
118900170,66,122,-56
118900171,24,31,-7
118900174,51,82,-31
118900175,262,458,-196
118900176,115,248,-133
118900177,49,71,-22
118900178,50,156,-106
118900179,11,23,-12
118900181,72,99,-27
118900182,91,61,30
118900183,44,167,-123
118900184,334,96,238
118900185,64,119,-55
118900186,99,110,-11
118900187,236,256,-20
118900188,253,190,63
118900189,18,636,-618
118900190,9,350,-341
118900191,109,41,68
118900192,183,11,172
118900193,384,10,374
118900195,264,650,-386
118900196,33,142,-109
118900197,97,30,67
118900198,20,29,-9
118900199,64,54,10
118900200,23,23,0
118900201,57,30,27
118900202,19,60,-41
118900203,5,36,-31
118900204,25,31,-6
118900205,3,10,-7
118900206,7,37,-30
119000001,1431,1216,215
119000002,3702,2585,1117
119000003,2160,1158,1002
119000004,2669,1340,1329
119000005,1689,1973,-284
119000006,2960,1769,1191
119000007,3290,3521,-231
119000008,2133,2142,-9
119000009,3460,4166,-706
119000010,6857,4371,2486
119000011,4141,2759,1382
119000012,3376,3375,1
119000013,2264,1558,706
119000014,2325,3521,-1196
119000019,246,165,81
119000020,2629,1373,1256
119000021,3924,2227,1697
119000022,2409,2479,-70
119000023,307,245,62
119000024,1710,9118,-7408
119000025,7703,1526,6177
119000026,183,346,-163
119000027,292,418,-126
119000028,2193,1060,1133
119000029,123,296,-173
119000030,604,1195,-591
119000031,893,793,100
119000032,1971,2759,-788
119000033,2111,1611,500
119000034,983,1169,-186
119000035,39,386,-347
119000036,1426,912,514
119000037,1103,2147,-1044
119000038,151,1078,-927
119000039,306,296,10
119000040,817,504,313
119000041,798,1320,-522
119000048,3363,3505,-142
119000049,1946,2917,-971
119000050,1750,2317,-567
119000051,2411,1036,1375
119000052,2202,3437,-1235
119000053,1927,1307,620
119000054,2852,3611,-759
119000055,3511,3490,21
119000056,1976,2229,-253
119000057,1367,2130,-763
119000058,1801,1966,-165
119000059,1228,1668,-440
119000060,1257,1170,87
119000061,1027,907,120
119000062,1277,1472,-195
119000063,401,447,-46
119000064,1414,1683,-269
119000065,2191,3229,-1038
119000066,1984,1262,722
119000067,1908,2539,-631
119000068,1432,1256,176
119000069,1482,2669,-1187
119000070,2150,1197,953
119000071,669,705,-36
119000072,5767,3174,2593
119000073,5089,6953,-1864
119000074,1328,3126,-1798
119000075,1863,2783,-920
119000076,473,892,-419
119000077,992,470,522
119000078,517,261,256
119000079,184,703,-519
119000080,431,234,197
119000081,299,488,-189
119000082,814,214,600
119000083,754,474,280
119000084,540,557,-17
119000085,591,242,349
119000086,300,461,-161
119000087,1725,1086,639
119000088,385,263,122
119000089,104,210,-106
119000090,177,165,12
119000091,147,402,-255
119000092,588,190,398
119000093,3725,2939,786
119000094,2696,6012,-3316
119000095,1519,2710,-1191
119000097,2413,1556,857
119000098,824,2225,-1401
119000099,2337,1932,405
119000100,2999,2838,161
119000101,3726,1921,1805
119000102,891,1027,-136
119000103,1648,453,1195
119000104,2635,1491,1144
119000105,918,1807,-889
119000106,300,1635,-1335
119000107,776,488,288
119000108,504,1087,-583
119000109,157,373,-216
119000110,635,370,265
119000111,81,600,-519
119000112,205,103,102
119000113,2652,321,2331
119000114,739,993,-254
119000115,160,150,10
119000116,100,92,8
119000117,118,363,-245
119000118,1,2,-1
119000123,4555,903,3652
119000124,731,211,520
119000125,2985,917,2068
119000126,905,820,85
119000127,495,705,-210
119000128,13,2,11
119000131,798,905,-107
119000132,5,3,2
119000133,1,4,-3
119000134,2053,676,1377
119000135,99,198,-99
119000136,231,247,-16
119000137,159,406,-247
119000138,333,394,-61
119000139,260,283,-23
119000140,157,343,-186
119000284,1521,3193,-1672
119000285,2120,2553,-433
119000286,8198,6219,1979
119000287,2054,2383,-329
119000288,2100,1701,399
119000289,2133,3364,-1231
119000290,180,586,-406
119000291,7,332,-325
119000293,127,163,-36
119000294,65,29,36
119000295,1534,417,1117
119000296,202,171,31
119000297,0,0,0
119000302,3262,1599,1663
119000303,86,155,-69
119000310,0,0,0
119000314,1350,8593,-7243
119000315,2,649,-647
119000316,99,147,-48
119000317,69,428,-359
119900001,240,1390,-1150
119900002,254,382,-128
119900003,60,1240,-1180
119900004,437,1131,-694
119900005,108,114,-6
119900006,231,434,-203
119900007,1182,334,848
119900008,155,37,118
119900009,754,814,-60
119900010,1234,1037,197
119900011,28,110,-82
119900012,28,79,-51
119900013,1709,892,817
119900014,452,188,264
119900015,131,44,87
119900016,34,91,-57
119900017,42,50,-8
119900018,2003,753,1250
119900019,53,16,37
119900020,174,243,-69
119900021,124,136,-12
119900022,113,464,-351
119900023,715,1188,-473
119900025,158,27,131
119900026,816,135,681
119900027,39,42,-3
119900028,542,117,425
119900029,2,11,-9
119900030,564,563,1
119900031,73,340,-267
119900033,2070,271,1799
119900034,374,173,201
119900037,237,34,203
119900038,44,265,-221
119900039,38,12,26
119900040,293,25,268
119900041,118,45,73
119900042,272,162,110
119900043,118,180,-62
119900044,182,677,-495
119900046,108,61,47
119900047,221,74,147
119900048,192,73,119
119900049,122,2,120
119900050,135,95,40
119900051,762,14,748
119900052,55,53,2
119900053,154,152,2
119900054,113,15,98
119900055,1164,499,665
119900057,238,78,160
119900058,194,1,193
119900059,199,54,145
119900060,245,18,227
119900061,221,15,206
119900062,50,28,22
119900063,12,41,-29
119900065,259,9,250
119900067,366,40,326
119900068,389,5,384
119900069,85,16,69
119900070,772,6,766
119900071,485,7,478
119900073,1762,600,1162
119900074,67,21,46
119900075,5276,2817,2459
119900076,591,553,38
119900077,677,1269,-592
119900078,784,1131,-347
119900079,589,287,302
119900080,448,352,96
119900081,475,131,344
119900082,889,186,703
119900083,407,158,249
119900084,606,305,301
119900085,83,82,1
119900086,530,1388,-858
119900087,579,318,261
119900088,36,66,-30
119900089,37,651,-614
119900090,117,70,47
119900091,81,1199,-1118
119900092,94,362,-268
119900093,1022,276,746
119900094,117,212,-95
119900095,236,128,108
119900096,67,109,-42
119900097,790,192,598
119900098,37,38,-1
119900099,28,267,-239
119900100,2682,2178,504
119900101,262,958,-696
119900102,32,305,-273
119900103,52,441,-389
119900104,36,200,-164
119900105,711,1468,-757
119900106,16,192,-176
119900107,420,3323,-2903
119900108,2124,663,1461
119900109,50,192,-142
119900110,576,588,-12
119900111,66,388,-322
119900112,2128,573,1555
119900113,103,374,-271
119900114,197,1304,-1107
119900115,252,1236,-984
119900116,220,573,-353
119900117,308,736,-428
119900118,89,1006,-917
119900119,218,257,-39
119900120,623,603,20
119900121,391,1344,-953
119900122,712,426,286
119900123,292,379,-87
119900124,204,988,-784
119900125,62,383,-321
119900126,4005,263,3742
119900127,2613,1082,1531
119900128,675,818,-143
119900129,221,681,-460
119900130,53,272,-219
119900131,42,328,-286
119900132,12,269,-257
119900133,48,103,-55
119900134,2242,280,1962
119900135,1,453,-452
119900136,211,394,-183
119900138,407,566,-159
119900139,31,186,-155
119900140,0,137,-137
119900141,121,588,-467
119900142,12,29,-17
119900143,14,344,-330
119900144,1920,259,1661
119900145,66,229,-163
119900146,196,351,-155
119900147,2,103,-101
119900148,145,64,81
119900149,1491,3202,-1711
119900150,187,208,-21
119900151,1582,780,802
119900152,96,386,-290
119900153,167,84,83
119900154,39,625,-586
119900155,44,42,2
119900156,15,5,10
119900157,133,228,-95
119900158,153,114,39
119900159,6,1887,-1881
119900160,22,208,-186
119900161,228,235,-7
119900162,735,929,-194
119900163,187,200,-13
119900164,0,0,0
119900165,193,301,-108
119900166,109,55,54
119900167,103,114,-11
119900168,667,496,171
119900169,109,320,-211
119900170,184,359,-175
119900171,1272,467,805
119900172,133,23,110
119900173,16,464,-448
119900174,45,278,-233
119900175,1039,886,153
119900177,41,217,-176
119900178,11,175,-164
119900179,57,418,-361
119900180,896,1020,-124
119900181,56,127,-71
119900182,4,469,-465
119900183,177,818,-641
119900184,2595,632,1963
119900185,45,148,-103
119900186,94,693,-599
119900187,17,440,-423
119900188,90,453,-363
119900189,579,550,29
119900190,59,254,-195
119900191,326,173,153
119900192,111,207,-96
119900193,241,233,8
119900194,11,79,-68
119900195,100,265,-165
119900196,1443,437,1006
119900197,186,161,25
119900198,995,348,647
119900199,173,20,153
119900200,587,733,-146
119900201,392,234,158
119900202,250,198,52
119900203,159,484,-325
119900204,192,241,-49
119900205,560,692,-132
119900206,134,154,-20
119900208,173,198,-25
119900209,547,1038,-491
119900210,55,53,2
119900211,176,16,160
119900212,176,317,-141
119900213,9,112,-103
119900214,35,121,-86
119900215,60,101,-41
119900216,19,79,-60
119900217,17,77,-60
119900218,74,76,-2
119900219,34,180,-146
119900220,19,142,-123
119900221,32,419,-387
119900222,15,267,-252
119900223,13,101,-88
119900224,14,15,-1
119900225,1233,70,1163
119900226,606,1656,-1050
119900227,1168,291,877
119900228,179,249,-70
119900229,408,419,-11
119900230,1689,674,1015
119900231,174,238,-64
119900232,300,140,160
119900233,102,2,100
119900234,28,49,-21
119900235,24,70,-46
119900236,44,301,-257
119900237,49,400,-351
119900238,9,69,-60
119900240,83,173,-90
119900241,187,307,-120
119900242,1362,1458,-96
119900244,726,1404,-678
119900245,184,182,2
119900246,339,602,-263
119900247,33,108,-75
119900248,79,156,-77
119900249,243,112,131
119900253,2985,396,2589
119900254,71,524,-453
119900255,90,546,-456
119900256,413,936,-523
119900257,41,1,40
119900258,100,6,94
119900259,23,160,-137
119900260,66,4,62
119900261,748,186,562
119900262,1,248,-247
119900263,1056,419,637
119900264,91,227,-136
119900265,469,435,34
119900266,295,317,-22
119900267,310,439,-129
119900268,330,213,117
119900269,1159,1337,-178
119900271,21,106,-85
119900272,336,113,223
119900275,131,41,90
119900276,56,6,50
119900277,15,20,-5
119900278,202,62,140
119900279,124,349,-225
119900280,947,217,730
119900281,3,183,-180
119900282,66,115,-49
119900283,17,341,-324
119900284,41,196,-155
119900285,41,83,-42
119900286,8,42,-34
119900288,8,20,-12
119900289,0,48,-48
119900290,3,22,-19
119900291,0,80,-80
119900292,54,55,-1
119900293,25,116,-91
119900294,115,89,26
119900295,35,57,-22
119900296,28,288,-260
119900297,3,15,-12
119900298,19,4,15
119900299,97,184,-87
119900300,448,209,239
119900301,64,31,33
119900302,37,59,-22
119900303,236,427,-191
119900304,201,69,132
119900305,11,115,-104
119900306,14,4,10
119900307,33,97,-64
119900308,4,18,-14
119900309,44,113,-69
119900310,269,297,-28
119900311,56,119,-63
119900312,91,73,18
119900313,242,320,-78
119900314,110,334,-224
119900315,1431,2322,-891
119900318,11,37,-26
119900319,8,290,-282
119900320,108,521,-413
119900321,64,5,59
120000001,6302,12494,-6192
120000002,2648,3319,-671
120000003,3899,2101,1798
120000004,3182,2722,460
120000005,5041,2397,2644
120000006,1292,1782,-490
120000007,4297,3622,675
120000008,1222,1539,-317
120000009,3844,1174,2670
120000010,1889,3046,-1157
120000011,1228,2248,-1020
120000012,1771,3133,-1362
120000013,3078,3184,-106
120000014,677,1608,-931
120000015,2690,1675,1015
120000016,3411,2492,919
120000017,5049,2516,2533
120000018,4076,9436,-5360
120000019,886,1536,-650
120000020,3456,3459,-3
120000021,1834,2535,-701
120000022,3157,4379,-1222
120000023,1095,2135,-1040
120000024,1584,2808,-1224
120000025,2558,2443,115
120000026,1642,2005,-363
120000027,1855,2406,-551
120000028,974,667,307
120000029,3812,702,3110
120000030,3970,1077,2893
120000031,2157,6997,-4840
120000032,8904,5269,3635
120000033,5025,2434,2591
120000034,1901,2348,-447
120000035,1704,2245,-541
120000036,2834,5435,-2601
120000037,774,1493,-719
120000038,7149,3680,3469
120000039,566,1035,-469
120000040,740,286,454
120000041,2038,1603,435
120000042,2271,2613,-342
120000043,4586,2129,2457
120000044,4915,2231,2684
120000045,5072,1652,3420
120000046,2756,3006,-250
120000047,1267,5473,-4206
120000048,7529,4487,3042
120000049,3584,3036,548
120000050,4167,4432,-265
120000051,3053,4487,-1434
120000052,9959,2643,7316
120000053,1353,3238,-1885
120000054,1511,4796,-3285
120000055,1970,5672,-3702
120000056,3656,3743,-87
120000057,3136,745,2391
120000058,4812,609,4203
120000059,40,1930,-1890
120000061,159,679,-520
120000062,217,350,-133
120000063,1908,2927,-1019
120000064,350,1425,-1075
120000065,2015,1746,269
120000066,418,559,-141
120000067,64,535,-471
120000068,236,1045,-809
120000069,917,1574,-657
120000070,106,1041,-935
120000071,370,245,125
120000072,623,661,-38
120000073,704,101,603
120000074,206,100,106
120000075,995,335,660
120000076,4658,557,4101
120000077,2744,718,2026
120000078,3500,1254,2246
120000079,420,617,-197
120000080,279,434,-155
120000081,678,306,372
120000082,315,351,-36
120000083,146,785,-639
120000084,382,387,-5
120000085,524,410,114
120000086,378,579,-201
120000087,160,773,-613
120000088,1110,1462,-352
120000089,1125,760,365
120000090,735,612,123
120000091,1540,1296,244
120000092,1385,722,663
120000093,464,611,-147
120000094,169,741,-572
120000095,929,615,314
120000096,291,1050,-759
120000098,1238,1036,202
120000099,715,857,-142
120000100,727,1230,-503
120000101,526,589,-63
120000102,524,1029,-505
120000103,1634,1061,573
120000104,1394,665,729
120000105,2464,873,1591
120000106,2423,912,1511
120000107,3517,822,2695
120000108,1252,161,1091
120000109,1063,90,973
120000110,93,1144,-1051
120000111,126,1316,-1190
120000112,1050,3570,-2520
120000113,948,2568,-1620
120000114,1146,3383,-2237
120000115,420,2842,-2422
120000116,943,2468,-1525
120000117,1252,1685,-433
120000118,47,33,14
120000119,40,70,-30
120000120,57,59,-2
120000121,24,75,-51
120000122,279,373,-94
120000123,5822,5006,816
120000124,436,368,68
120000125,488,880,-392
120000126,411,761,-350
120000127,2644,932,1712
120000128,3649,3249,400
120000129,324,341,-17
120000130,1033,657,376
120000131,324,661,-337
120000134,447,1300,-853
120000135,382,521,-139
120000137,215,1681,-1466
120000138,806,604,202
120000139,339,936,-597
120000140,702,614,88
120000141,421,606,-185
120000142,673,610,63
120000143,3,137,-134
120000144,89,5,84
120000145,389,5,384
120000146,1636,945,691
120000149,705,1397,-692
120000150,3930,12463,-8533
120000151,384,668,-284
120000152,499,289,210
120000153,178,570,-392
120000154,495,399,96
120000155,83,273,-190
120000156,1194,1395,-201
120000157,1192,1010,182
120000158,1105,1026,79
120000159,2315,2798,-483
120000160,2330,1521,809
120000161,2094,2693,-599
120000162,84,240,-156
120000163,780,1845,-1065
120000164,487,585,-98
120000165,544,1438,-894
120000166,1456,893,563
120000167,67,70,-3
120000168,14,184,-170
120000169,50,771,-721
120000170,30,474,-444
120000171,28,166,-138
120000172,66,114,-48
120000173,2756,715,2041
120000174,529,32,497
120000175,517,17,500
120000176,536,36,500
120000177,1530,145,1385
120000178,171,13,158
120000179,475,29,446
120000180,954,93,861
120000181,136,502,-366
120000182,69,296,-227
120000183,6,257,-251
120000184,149,851,-702
120000186,63,220,-157
120000187,63,130,-67
120000188,191,201,-10
120000190,1505,24,1481
120000191,1477,52,1425
120000192,1330,37,1293
120000193,418,6,412
120000195,87,4,83
120000196,304,44,260
120000197,130,144,-14
120000198,123,77,46
120000199,116,0,116
120000200,100,0,100
120000201,10,22,-12
120000202,2,73,-71
120000203,40,231,-191
120000207,1,70,-69
120000208,17,315,-298
120000209,8,94,-86
120000210,159,102,57
120000211,85,5,80
120000212,155,3,152
120000213,162,426,-264
120000214,0,414,-414
120000215,1,198,-197
120000216,68,14,54
120000217,767,1130,-363
120000218,206,944,-738
120000219,3,551,-548
120000220,4,1871,-1867
120000225,1465,11,1454
120000226,277,7,270
120000227,708,27,681
120000228,6699,2864,3835
120000230,330,17,313
120000231,1071,2375,-1304
120000233,314,10,304
120000235,281,733,-452
120000236,945,2,943
120000237,1,1604,-1603
120000238,2,499,-497
120000241,1226,3393,-2167
120000412,1244,30,1214
120000413,480,240,240
120000414,126,6,120
120000415,1,159,-158
120000416,380,8,372
120000417,8,95,-87
120000418,89,14,75
120000419,8,309,-301
120000420,31,35,-4
120000421,11562,6695,4867
120000422,142,973,-831
120000423,1,53,-52
120000424,64,177,-113
120000436,149,688,-539
120000437,183,208,-25
120000438,3952,377,3575
120000439,145,504,-359
120000443,178,0,178
120000444,1865,766,1099
120000445,2410,1250,1160
120000446,717,235,482
120000447,205,5,200
120000449,90,5,85
120000450,5,217,-212
120000451,95,300,-205
120000452,120,1,119
120000453,0,289,-289
120000454,85,58,27
120000455,107,62,45
120000456,2495,3537,-1042
120000457,961,715,246
120000458,719,854,-135
120000459,68,95,-27
120000665,1337,272,1065
120000668,153,369,-216
120000669,43,202,-159
120000670,327,359,-32
120000671,1329,458,871
120000672,129,661,-532
120900001,57,114,-57
120900002,376,372,4
120900003,406,32,374
120900004,17,71,-54
120900005,21,1273,-1252
120900006,394,198,196
120900007,160,131,29
120900008,189,1336,-1147
120900009,839,76,763
120900010,370,94,276
120900011,374,165,209
120900012,492,1142,-650
120900013,323,91,232
120900014,6,614,-608
120900015,2045,115,1930
120900016,653,79,574
120900017,2844,139,2705
120900018,111,543,-432
120900019,568,263,305
120900020,810,1275,-465
120900021,552,164,388
120900022,128,487,-359
120900023,364,54,310
120900024,2040,511,1529
120900025,2151,1278,873
120900026,252,225,27
120900027,837,40,797
120900028,280,82,198
120900029,188,469,-281
120900030,986,750,236
120900031,242,79,163
120900032,883,142,741
120900033,1031,75,956
120900034,43,2510,-2467
120900035,65,134,-69
120900037,261,12,249
120900038,70,263,-193
120900039,74,45,29
120900040,321,2,319
120900041,175,23,152
120900042,558,57,501
120900043,102,36,66
120900044,8,447,-439
120900045,129,100,29
120900046,359,6,353
120900047,207,115,92
120900048,114,18,96
120900049,342,1,341
120900050,2770,1382,1388
120900051,306,122,184
120900052,549,4,545
120900053,250,95,155
120900054,1829,668,1161
120900055,359,4,355
120900056,404,29,375
120900057,125,15,110
120900058,400,2,398
120900059,89,3,86
120900060,33,25,8
120900061,329,346,-17
120900062,180,3,177
120900063,498,3,495
120900064,443,1,442
120900065,404,0,404
120900066,314,393,-79
120900067,157,32,125
120900068,243,0,243
120900069,195,102,93
120900071,14,0,14
120900072,652,4,648
120900073,439,264,175
120900074,453,10,443
120900076,282,0,282
120900077,3498,566,2932
120900078,664,1087,-423
120900079,635,125,510
120900080,629,2166,-1537
120900081,923,1026,-103
120900082,561,746,-185
120900083,85,4,81
120900084,211,421,-210
120900085,130,197,-67
120900086,139,286,-147
120900087,352,318,34
120900088,128,299,-171
120900089,3923,2206,1717
120900090,197,134,63
120900091,767,1109,-342
120900092,1650,672,978
120900093,2882,277,2605
120900094,629,201,428
120900095,416,28,388
120900096,54,194,-140
120900097,718,885,-167
120900098,416,261,155
120900099,69,83,-14
120900100,144,345,-201
120900101,1075,398,677
120900102,25,104,-79
120900103,56,352,-296
120900104,29,56,-27
120900105,46,709,-663
120900106,1758,689,1069
120900107,256,170,86
120900108,7,869,-862
120900109,77,729,-652
120900110,18,970,-952
120900111,253,424,-171
120900112,22,1142,-1120
120900113,35,1006,-971
120900114,49,200,-151
120900115,203,273,-70
120900116,333,496,-163
120900117,6,574,-568
120900118,10,965,-955
120900119,3768,5905,-2137
120900120,87,739,-652
120900121,147,586,-439
120900122,427,568,-141
120900123,6,506,-500
120900124,6,785,-779
120900125,20,920,-900
120900126,2208,1362,846
120900127,18,529,-511
120900128,1440,1581,-141
120900129,60,446,-386
120900130,2,514,-512
120900131,55,142,-87
120900132,702,320,382
120900133,199,1007,-808
120900134,986,425,561
120900135,14,749,-735
120900136,44,195,-151
120900137,206,116,90
120900138,37,262,-225
120900139,4,839,-835
120900140,10,74,-64
120900141,147,148,-1
120900142,30,650,-620
120900143,7,1049,-1042
120900144,1,198,-197
120900145,1175,984,191
120900146,1,1247,-1246
120900147,3,579,-576
120900148,87,125,-38
120900149,0,417,-417
120900150,64,668,-604
120900151,2,665,-663
120900152,1,52,-51
120900153,21,114,-93
120900154,5,305,-300
120900155,222,1143,-921
120900156,43,315,-272
120900157,61,273,-212
120900158,78,754,-676
120900159,235,439,-204
120900160,40,867,-827
120900161,66,502,-436
120900162,32,555,-523
120900163,50,457,-407
120900164,0,8,-8
120900165,2,19,-17
120900166,82,288,-206
120900167,392,139,253
120900169,68,436,-368
120900170,1602,2552,-950
120900171,1374,456,918
120900172,1663,636,1027
120900173,6,61,-55
120900174,4,103,-99
120900175,355,180,175
120900176,13,266,-253
120900177,5,862,-857
120900178,1,335,-334
120900179,1291,566,725
120900180,68,140,-72
120900181,216,78,138
120900182,27,379,-352
120900183,361,71,290
120900184,159,71,88
120900185,5,426,-421
120900186,1,579,-578
120900187,347,966,-619
120900188,189,14,175
120900189,202,1024,-822
120900190,76,17,59
120900191,10,23,-13
120900192,12017,6458,5559
120900194,49,90,-41
120900195,81,369,-288
120900196,830,69,761
120900197,752,131,621
120900198,438,586,-148
120900199,440,474,-34
120900200,74,122,-48
120900201,606,161,445
120900202,0,192,-192
120900203,29,138,-109
120900204,231,303,-72
120900205,65,59,6
120900206,21,82,-61
120900207,70,1407,-1337
121000001,809,1059,-250
121000002,2343,1636,707
121000003,2988,1885,1103
121000004,2810,4516,-1706
121000005,2117,2844,-727
121000006,3751,1618,2133
121000007,2659,2805,-146
121000008,5860,3244,2616
121000009,5630,5682,-52
121000010,9060,5238,3822
121000011,8807,11585,-2778
121000012,16240,10276,5964
121000013,5211,6901,-1690
121000014,6833,6267,566
121000015,4377,7374,-2997
121000016,4710,3698,1012
121000017,2132,3980,-1848
121000018,2468,2344,124
121000019,19343,13367,5976
121000020,13569,16825,-3256
121000021,3997,3227,770
121000022,4692,3092,1600
121000023,6179,3294,2885
121000024,7112,5990,1122
121000025,659,1575,-916
121000026,394,159,235
121000027,1679,1171,508
121000028,791,518,273
121000029,1414,689,725
121000030,654,483,171
121000031,699,663,36
121000032,208,180,28
121000034,529,203,326
121000035,265,128,137
121000036,1127,1053,74
121000037,636,613,23
121000038,696,799,-103
121000039,417,441,-24
121000041,751,469,282
121000042,331,392,-61
121000043,742,599,143
121000044,1530,897,633
121000045,487,277,210
121000046,766,1151,-385
121000047,321,80,241
121000049,2444,600,1844
121000050,375,1105,-730
121000051,1065,337,728
121000052,818,650,168
121000053,370,100,270
121000054,41,369,-328
121000055,1289,1152,137
121000056,880,1091,-211
121000057,426,673,-247
121000058,488,278,210
121000059,2175,1604,571
121000060,629,1152,-523
121000061,158,213,-55
121000062,228,421,-193
121000063,945,815,130
121000064,802,913,-111
121000065,550,525,25
121000066,801,670,131
121000067,851,451,400
121000068,831,391,440
121000069,644,561,83
121000070,2507,1420,1087
121000071,2024,1470,554
121000072,2471,770,1701
121000073,2040,941,1099
121000074,689,178,511
121000075,67,185,-118
121000076,1584,462,1122
121000077,166,152,14
121000078,124,182,-58
121000080,2274,658,1616
121000081,2896,3384,-488
121000082,126,266,-140
121000083,220,144,76
121000084,193,185,8
121000085,337,578,-241
121000086,238,836,-598
121000087,75,413,-338
121000088,510,642,-132
121000089,405,408,-3
121000090,548,376,172
121000091,1563,847,716
121000092,250,99,151
121000093,141,235,-94
121000094,636,800,-164
121000095,401,740,-339
121000096,2308,2353,-45
121000097,1095,1929,-834
121000098,722,1343,-621
121000099,756,1031,-275
121000100,999,600,399
121000101,423,304,119
121000102,368,413,-45
121000103,201,309,-108
121000104,253,231,22
121000105,419,367,52
121000106,331,435,-104
121000107,2309,3514,-1205
121000109,1415,1134,281
121000110,358,782,-424
121000114,2565,2096,469
121000115,1052,948,104
121000116,323,972,-649
121000117,910,262,648
121000118,1447,226,1221
121000119,745,416,329
121000120,381,729,-348
121000121,668,1187,-519
121000123,2053,629,1424
121000127,166,128,38
121000128,1093,625,468
121000129,994,679,315
121000130,573,1180,-607
121000131,3129,2165,964
121000132,2087,2075,12
121000135,395,420,-25
121000136,2070,657,1413
121000137,555,259,296
121000138,1374,836,538
121000139,835,193,642
121000141,321,226,95
121000142,858,1284,-426
121000143,122,17,105
121000144,1071,1824,-753
121000145,764,1193,-429
121000146,1397,985,412
121000147,1296,695,601
121000148,1116,1178,-62
121000149,2165,1574,591
121000152,766,639,127
121000153,2103,878,1225
121000154,928,921,7
121000155,1269,1250,19
121000156,483,1121,-638
121000157,1235,2212,-977
121000158,576,609,-33
121000159,208,570,-362
121000160,331,577,-246
121000161,181,367,-186
121000162,94,208,-114
121000165,1542,1938,-396
121000166,22,927,-905
121000168,618,328,290
121000169,121,173,-52
121000170,555,130,425
121000171,77,175,-98
121000172,950,649,301
121000173,1433,1101,332
121000174,390,449,-59
121000175,896,433,463
121000176,404,285,119
121000177,1196,650,546
121000178,109,83,26
121000179,175,87,88
121000181,541,502,39
121000182,130,222,-92
121000183,177,85,92
121000184,278,153,125
121000185,29,178,-149
121000186,249,433,-184
121000187,205,257,-52
121000188,172,272,-100
121000192,886,443,443
121000193,686,649,37
121000194,2749,2465,284
121000195,289,960,-671
121000196,778,245,533
121000197,194,635,-441
121000198,205,91,114
121000199,197,373,-176
121000200,646,84,562
121000201,8,190,-182
121000202,887,132,755
121000203,919,2221,-1302
121000204,2538,748,1790
121000205,243,231,12
121000206,140,27,113
121000207,2530,340,2190
121000208,12,318,-306
121000209,437,341,96
121000210,632,423,209
121000211,221,162,59
121000212,401,624,-223
121000213,8174,2799,5375
121000214,695,2774,-2079
121000215,1084,896,188
121000216,544,702,-158
121000217,4768,3042,1726
121000218,541,1637,-1096
121000219,1986,450,1536
121000220,250,46,204
121000221,196,228,-32
121000222,3028,2199,829
121000223,864,309,555
121000224,454,187,267
121000225,2469,1491,978
121000226,5887,1217,4670
121000227,16,216,-200
121000228,18,617,-599
121000229,281,356,-75
121000230,62,1505,-1443
121000231,896,19,877
121000232,383,276,107
121000233,630,435,195
121000234,26,61,-35
121000235,66,80,-14
121000236,19,76,-57
121000237,51,16,35
121000238,12,113,-101
121000239,66,6,60
121000240,12,205,-193
121000241,173,22,151
121000242,66,353,-287
121000243,527,216,311
121000244,9,101,-92
121000245,154,31,123
121000246,3,116,-113
121000247,129,8,121
121000248,1780,680,1100
121000249,180,256,-76
121000250,1004,152,852
121000251,27,470,-443
121000252,101,60,41
121000253,574,508,66
121000254,829,286,543
121000255,317,145,172
121000256,692,196,496
121000257,126,85,41
121000258,285,55,230
121000259,98,81,17
121000260,174,119,55
121000261,301,73,228
121000262,894,1086,-192
121000263,765,549,216
121000271,304,1567,-1263
121000273,146,5,141
121000274,16,33,-17
121000275,3,16,-13
121000276,13,11,2
121000278,78,40,38
121000279,64,16,48
121000280,51,36,15
121000289,288,33,255
121000290,1279,817,462
121000294,183,147,36
121000297,1068,1405,-337
121000299,363,317,46
121000300,744,636,108
121000302,81,1112,-1031
121000303,428,548,-120
121000304,513,59,454
121000305,132,55,77
121000306,109,113,-4
121000308,160,441,-281
121000309,386,566,-180
121000310,147,370,-223
121000311,62,896,-834
121000312,296,173,123
121000313,372,502,-130
121000314,136,130,6
121000315,48,151,-103
121000530,1371,1419,-48
121000531,3821,1620,2201
121000532,6690,7052,-362
121000533,3085,3396,-311
121000918,103,203,-100
121000919,67,60,7
121000938,250,387,-137
121000939,380,287,93
121000956,1477,1252,225
121000957,18,23,-5
121000958,161,45,116
121000959,706,896,-190
121000960,3104,2200,904
121000961,290,198,92
121000962,371,766,-395
121000973,0,126,-126
121000976,28,229,-201
121000979,454,200,254
121000981,521,389,132
121000982,372,158,214
121000983,575,410,165
121000984,52,72,-20
121000985,731,562,169
121000986,396,289,107
121000987,253,1024,-771
121000988,771,156,615
121001302,343,160,183
121001308,1,8,-7
121001309,119,91,28
121001313,213,265,-52
121001314,2608,3481,-873
121001315,4383,2377,2006
121001326,529,400,129
121900001,202,267,-65
121900002,49,22,27
121900003,389,18,371
121900004,129,336,-207
121900005,29,6,23
121900006,109,21,88
121900007,1846,2671,-825
121900008,961,298,663
121900009,369,16,353
121900010,244,3,241
121900011,207,406,-199
121900012,12,1,11
121900013,1576,117,1459
121900014,1133,410,723
121900015,215,219,-4
121900016,10,49,-39
121900017,1283,466,817
121900018,536,7,529
121900019,433,284,149
121900020,36,4,32
121900021,791,27,764
121900022,285,217,68
121900023,132,321,-189
121900024,326,170,156
121900025,562,384,178
121900026,301,51,250
121900027,293,134,159
121900028,241,11,230
121900029,118,170,-52
121900030,526,588,-62
121900031,1100,6438,-5338
121900032,90,68,22
121900033,168,177,-9
121900034,334,113,221
121900035,2395,2336,59
121900036,103,305,-202
121900037,201,747,-546
121900038,38,149,-111
121900039,452,66,386
121900040,76,112,-36
121900041,68,144,-76
121900042,317,130,187
121900043,7,8,-1
121900044,176,67,109
121900046,333,367,-34
121900047,151,69,82
121900048,35,134,-99
121900050,27,58,-31
121900051,160,163,-3
121900052,182,43,139
121900053,934,408,526
121900054,703,1072,-369
121900055,9,9,0
121900058,250,161,89
121900059,442,269,173
121900060,206,322,-116
121900061,582,159,423
121900062,185,126,59
121900063,1730,371,1359
121900064,286,615,-329
121900066,63,26,37
121900067,227,85,142
121900069,199,115,84
121900070,216,84,132
121900071,327,279,48
121900072,52,166,-114
121900073,310,182,128
121900074,782,898,-116
121900075,455,420,35
121900076,399,571,-172
121900077,4,9,-5
121900078,243,42,201
121900079,2,0,2
121900080,832,411,421
121900082,56,110,-54
121900084,15,199,-184
121900085,2,13,-11
121900086,22,50,-28
121900087,213,97,116
121900088,1726,2726,-1000
121900089,185,405,-220
121900090,98,94,4
121900091,68,191,-123
121900092,81,111,-30
121900093,72,60,12
121900094,43,12,31
121900095,238,130,108
121900096,1323,957,366
121900097,566,222,344
121900098,5,3,2
121900099,199,78,121
121900100,364,548,-184
121900101,145,139,6
121900102,9,225,-216
121900103,975,234,741
121900104,1729,392,1337
121900105,235,172,63
121900106,7,7,0
121900107,29,36,-7
121900108,5,56,-51
121900109,328,147,181
121900110,504,946,-442
121900111,1178,132,1046
121900112,203,132,71
121900113,73,361,-288
121900114,89,145,-56
121900117,106,64,42
121900118,2086,651,1435
121900119,366,117,249
121900120,62,1563,-1501
121900121,544,42,502
121900122,30,91,-61
121900123,230,459,-229
121900124,215,188,27
121900125,1322,1104,218
121900127,11,106,-95
121900128,83,79,4
121900129,653,187,466
121900130,110,243,-133
121900131,480,94,386
121900132,57,66,-9
121900133,101,578,-477
121900134,32,174,-142
121900135,2172,388,1784
121900136,656,458,198
121900137,58,335,-277
121900138,118,162,-44
121900139,302,471,-169
121900140,51,205,-154
121900141,73,65,8
121900142,198,155,43
121900143,10,163,-153
121900144,142,362,-220
121900145,192,225,-33
121900146,604,814,-210
121900147,49,233,-184
121900148,280,320,-40
121900149,282,666,-384
121900150,78,155,-77
121900151,85,283,-198
121900152,70,148,-78
121900153,100,765,-665
121900154,10,283,-273
121900155,4,150,-146
121900156,178,109,69
121900157,9,491,-482
121900158,91,122,-31
121900159,4,277,-273
121900160,47,331,-284
121900161,483,494,-11
121900162,92,166,-74
121900163,348,698,-350
121900164,631,234,397
121900165,335,147,188
121900166,266,177,89
121900167,195,133,62
121900168,243,242,1
121900169,2,187,-185
121900170,11,250,-239
121900171,793,494,299
121900172,606,267,339
121900173,812,226,586
121900174,45,105,-60
121900175,150,231,-81
121900176,737,1506,-769
121900177,192,94,98
121900178,59,74,-15
121900179,909,210,699
121900180,3883,3589,294
121900182,830,255,575
121900183,792,768,24
121900184,55,613,-558
121900186,1,284,-283
121900187,77,169,-92
121900188,527,657,-130
121900189,32,134,-102
121900190,314,505,-191
121900191,237,206,31
121900192,362,658,-296
121900193,60,159,-99
121900194,5,105,-100
121900195,79,102,-23
121900196,903,1039,-136
121900197,528,1631,-1103
121900198,1143,963,180
121900199,4,18,-14
121900200,106,314,-208
121900201,1075,766,309
121900202,211,553,-342
121900203,255,764,-509
121900204,824,1419,-595
121900205,11,113,-102
121900206,10,18,-8
121900207,138,29,109
121900208,365,268,97
121900209,78,35,43
121900210,1159,918,241
121900211,303,624,-321
121900212,264,109,155
121900213,117,100,17
121900214,5,461,-456
121900215,72,101,-29
121900216,101,138,-37
121900217,277,150,127
121900218,191,401,-210
121900220,177,11,166
121900221,252,619,-367
121900222,177,130,47
121900223,165,68,97
121900224,118,55,63
121900225,186,95,91
121900226,360,499,-139
121900227,390,589,-199
121900228,306,387,-81
121900230,129,182,-53
121900231,354,845,-491
121900232,299,458,-159
121900233,169,204,-35
121900234,270,253,17
121900235,606,190,416
121900236,539,133,406
121900237,227,304,-77
121900238,158,331,-173
121900239,180,30,150
121900240,248,98,150
121900241,41,59,-18
121900242,4,2,2
121900243,9,0,9
121900244,24,1,23
121900245,213,97,116
121900246,1652,306,1346
121900248,1435,1702,-267
121900250,242,278,-36
121900251,302,52,250
121900252,565,122,443
121900253,218,987,-769
121900254,640,295,345
121900255,350,94,256
121900258,2916,2369,547
121900259,397,580,-183
121900260,114,207,-93
121900261,242,711,-469
121900262,431,1071,-640
121900263,300,270,30
121900264,1892,1565,327
121900265,242,290,-48
121900266,563,177,386
121900267,97,36,61
121900269,201,687,-486
121900270,30,216,-186
121900271,33,152,-119
121900273,530,1772,-1242
121900274,304,218,86
121900277,499,1207,-708
121900278,107,809,-702
121900279,168,195,-27
121900280,171,282,-111
121900281,435,225,210
121900284,79,7,72
121900286,196,95,101
121900287,12,31,-19
121900288,12,2,10
121900290,186,346,-160
121900291,431,581,-150
121900292,181,150,31
121900293,1052,2644,-1592
121900294,241,2,239
121900295,130,216,-86
121900296,117,100,17
121900298,282,656,-374
121900299,0,1,-1
121900300,196,14,182
121900301,90,1,89
121900302,0,30,-30
121900303,397,361,36
121900304,2,17,-15
121900305,5,6,-1
121900306,190,3,187
121900307,83,13,70
121900308,19,280,-261
121900309,17,300,-283
121900310,39,546,-507
121900311,358,39,319
121900312,354,15,339
121900313,379,26,353
121900314,2,56,-54
121900315,26,0,26
121900316,0,11,-11
121900317,8,3,5
121900318,1,21,-20
121900319,47,115,-68
121900320,45,90,-45
121900321,24,4,20
121900322,6,32,-26
121900323,12,10,2
121900324,3,63,-60
121900325,10,15,-5
121900326,10,24,-14
121900327,4,66,-62
121900328,0,30,-30
121900329,2,241,-239
121900330,0,12,-12
121900331,41,6,35
121900332,99,23,76
121900333,63,3,60
121900334,126,77,49
122000001,2749,4999,-2250
122000002,5342,1933,3409
122000003,2775,2856,-81
122000004,3859,1904,1955
122000005,2835,1714,1121
122000006,2086,992,1094
122000007,1429,2095,-666
122000008,4642,5294,-652
122000009,464,396,68
122000010,2232,2870,-638
122000011,3444,1479,1965
122000012,1316,1526,-210
122000013,1434,966,468
122000014,1600,1523,77
122000015,1540,1121,419
122000016,658,960,-302
122000017,1149,1070,79
122000018,1524,1243,281
122000019,796,1233,-437
122000020,181,182,-1
122000021,362,495,-133
122000022,1287,1066,221
122000023,757,1922,-1165
122000024,806,1163,-357
122000025,1305,1603,-298
122000026,1342,1024,318
122000027,626,2889,-2263
122000028,926,521,405
122000029,415,556,-141
122000030,301,149,152
122000031,217,297,-80
122000032,1831,2312,-481
122000033,819,1213,-394
122000034,810,646,164
122000035,302,825,-523
122000036,693,632,61
122000037,370,232,138
122000038,248,358,-110
122000039,765,511,254
122000040,283,367,-84
122000041,535,587,-52
122000042,334,514,-180
122000043,130,127,3
122000044,182,193,-11
122000045,1345,494,851
122000046,916,832,84
122000047,279,254,25
122000048,3887,4470,-583
122000049,6220,3502,2718
122000050,1700,815,885
122000051,309,301,8
122000052,591,395,196
122000053,173,721,-548
122000054,2688,2006,682
122000055,2487,3193,-706
122000056,5615,3855,1760
122000057,3979,3705,274
122000058,3488,1302,2186
122000059,3435,1781,1654
122000060,794,681,113
122000061,724,513,211
122000062,1308,373,935
122000063,1430,687,743
122000064,3494,2642,852
122000065,4296,2570,1726
122000066,1278,878,400
122000067,1705,1219,486
122000068,1569,1222,347
122000069,711,514,197
122000070,963,2249,-1286
122000071,1353,1255,98
122000072,466,383,83
122000073,430,619,-189
122000074,3069,1731,1338
122000075,752,1453,-701
122000076,2210,1185,1025
122000077,1338,784,554
122000078,2610,2710,-100
122000079,2048,1289,759
122000080,937,402,535
122000081,255,336,-81
122000082,1220,786,434
122000083,1430,2552,-1122
122000084,1531,910,621
122000085,349,1217,-868
122000086,2211,4888,-2677
122000087,406,184,222
122000088,323,457,-134
122000089,5437,2290,3147
122000090,185,447,-262
122000091,342,69,273
122000092,163,25,138
122000093,1844,1364,480
122000094,6433,1973,4460
122000095,3093,3224,-131
122000096,2433,1634,799
122000098,3475,2054,1421
122000099,2640,737,1903
122000100,992,622,370
122000101,385,736,-351
122000102,1912,1231,681
122000103,2478,1986,492
122000104,534,208,326
122000105,1306,270,1036
122000106,552,621,-69
122000107,1188,477,711
122000108,570,879,-309
122000109,410,352,58
122000110,481,556,-75
122000111,2976,1196,1780
122000112,969,1513,-544
122000113,630,602,28
122000114,3445,1455,1990
122000115,2129,1380,749
122000116,702,550,152
122000117,1754,493,1261
122000118,650,882,-232
122000119,3823,2846,977
122000120,2103,4852,-2749
122000121,2386,3406,-1020
122000122,849,2012,-1163
122000123,1977,2510,-533
122000124,1083,792,291
122000125,994,883,111
122000126,713,1882,-1169
122000127,1079,2013,-934
122000128,640,866,-226
122000129,528,1488,-960
122000130,3203,1974,1229
122000131,1340,1716,-376
122000132,660,663,-3
122000133,922,1484,-562
122000134,1016,990,26
122000135,824,898,-74
122000136,884,885,-1
122000137,1536,1096,440
122000139,1472,3065,-1593
122000140,996,625,371
122000141,3834,953,2881
122000142,325,800,-475
122000143,502,579,-77
122000144,1337,1658,-321
122000145,1524,946,578
122000146,666,1272,-606
122000147,825,583,242
122000148,2051,1787,264
122000149,2155,1833,322
122000150,1205,1063,142
122000151,288,392,-104
122000152,398,522,-124
122000153,392,427,-35
122000154,243,208,35
122000155,1604,2339,-735
122000156,2598,2373,225
122000157,1651,1721,-70
122000158,470,816,-346
122000159,889,1948,-1059
122000160,3343,3174,169
122000161,1185,1186,-1
122000162,2580,1892,688
122000163,253,114,139
122000164,51,89,-38
122000165,892,556,336
122000166,1251,1031,220
122000167,297,268,29
122000168,177,539,-362
122000169,504,192,312
122000170,352,290,62
122000171,40,95,-55
122000172,1579,1507,72
122000173,1467,2304,-837
122000174,2713,920,1793
122000175,1432,311,1121
122000176,307,733,-426
122000177,1478,1522,-44
122000178,2982,2365,617
122000179,1474,2386,-912
122000180,2007,1368,639
122000181,1915,3121,-1206
122000182,2073,1333,740
122000183,1839,1125,714
122000184,2898,1908,990
122000185,1441,1485,-44
122000186,531,819,-288
122000187,1842,1269,573
122000188,486,199,287
122000189,263,316,-53
122000190,1008,1162,-154
122000191,952,724,228
122000192,1027,356,671
122000193,413,597,-184
122000194,672,191,481
122000195,189,468,-279
122000196,1201,607,594
122000197,584,652,-68
122000198,541,805,-264
122000199,401,341,60
122000200,1192,578,614
122000201,1490,1316,174
122000202,1289,1284,5
122000203,2859,1577,1282
122000204,2104,2265,-161
122000205,1724,1504,220
122000206,2399,844,1555
122000207,2172,1116,1056
122000208,2394,1519,875
122000209,2171,385,1786
122000210,2629,1596,1033
122000211,1569,930,639
122000212,903,604,299
122000213,1008,1482,-474
122000214,2132,1786,346
122000215,1731,1579,152
122000217,2177,1346,831
122000218,693,63,630
122000219,1312,929,383
122000220,450,737,-287
122000221,81,507,-426
122000222,716,161,555
122000223,1647,555,1092
122000225,929,337,592
122000226,3011,1738,1273
122000227,370,2657,-2287
122000228,637,522,115
122000229,98,544,-446
122000230,133,493,-360
122000231,433,788,-355
122000232,799,998,-199
122000233,1,133,-132
122000234,463,155,308
122000235,1017,181,836
122000236,1182,156,1026
122000237,129,95,34
122000238,665,365,300
122000239,661,76,585
122000240,1161,551,610
122000241,1977,612,1365
122000242,741,134,607
122000243,336,93,243
122000244,94,397,-303
122000245,112,267,-155
122000246,425,263,162
122000247,1002,850,152
122000248,1154,1839,-685
122000249,2165,903,1262
122000250,2574,1271,1303
122000251,290,375,-85
122000252,567,168,399
122000253,152,424,-272
122000254,356,124,232
122000255,766,1703,-937
122000256,569,980,-411
122000257,154,332,-178
122000258,394,338,56
122000259,22,489,-467
122000260,12,82,-70
122000261,11,231,-220
122000262,1,58,-57
122000263,258,87,171
122000264,1051,549,502
122000265,2280,926,1354
122000266,4436,667,3769
122000267,162,81,81
122000268,177,380,-203
122000269,971,387,584
122000270,915,158,757
122000271,375,993,-618
122000272,398,1114,-716
122000273,510,461,49
122000274,268,212,56
122000275,93,218,-125
122000276,993,559,434
122000277,1751,1483,268
122000278,2363,905,1458
122000279,202,511,-309
122000280,1164,754,410
122000281,1040,760,280
122000282,354,193,161
122000283,797,90,707
122000284,279,89,190
122000285,639,99,540
122000286,170,142,28
122000287,1545,1395,150
122000288,825,314,511
122000291,1859,1002,857
122000293,305,327,-22
122000294,148,249,-101
122000295,2122,247,1875
122000296,154,649,-495
122000297,2729,3117,-388
122000299,484,409,75
122000300,593,622,-29
122000301,10863,3392,7471
122000302,834,1631,-797
122000303,3807,1519,2288
122000304,99,262,-163
122000305,1050,660,390
122000306,27,947,-920
122000307,411,190,221
122000309,184,63,121
122000310,61,117,-56
122000311,304,172,132
122000312,229,150,79
122000313,122,71,51
122000314,132,218,-86
122000315,330,61,269
122000316,682,311,371
122000317,1485,320,1165
122000318,318,738,-420
122000319,267,381,-114
122000320,644,1676,-1032
122000321,92,199,-107
122000322,2538,2397,141
122000323,1608,2128,-520
122000324,1245,1147,98
122000325,1265,1615,-350
122000326,76,110,-34
122000327,645,1031,-386
122000328,960,697,263
122000330,1924,819,1105
122000332,224,195,29
122000333,25,114,-89
122000337,972,1664,-692
122000338,429,355,74
122000340,435,458,-23
122000342,1961,994,967
122000343,526,1302,-776
122000344,44,24,20
122000345,183,37,146
122000346,368,558,-190
122000348,706,735,-29
122000349,199,837,-638
122000351,95,190,-95
122000352,440,134,306
122000353,104,96,8
122000355,163,187,-24
122000356,1553,1042,511
122000357,147,27,120
122000358,0,53,-53
122000359,0,22,-22
122000360,0,46,-46
122000362,9,73,-64
122000364,123,340,-217
122000365,4,43,-39
122000366,11,5,6
122000368,454,676,-222
122000370,34,60,-26
122000371,31,0,31
122000372,24,1,23
122000381,104,422,-318
122000382,84,325,-241
122000384,4074,1526,2548
122000385,118,0,118
122000386,823,1344,-521
122000387,608,527,81
122000388,1389,756,633
122000389,221,621,-400
122000390,392,236,156
122000391,437,152,285
122000392,197,347,-150
122000393,698,171,527
122000394,680,273,407
122000395,259,228,31
122000396,407,133,274
122000397,73,105,-32
122000398,60,58,2
122000399,193,72,121
122000400,164,451,-287
122000401,116,130,-14
122000402,260,110,150
122000403,554,947,-393
122000404,169,345,-176
122000408,969,1343,-374
122000503,15,116,-101
122000524,161,120,41
122000544,97,3198,-3101
122000616,392,3,389
122000640,118,166,-48
122000641,129,397,-268
122000642,1717,1024,693
122000643,57,141,-84
122000644,245,34,211
122000645,107,217,-110
122000651,1747,802,945
122000664,152,25,127
122000665,1274,692,582
122000666,647,1188,-541
122000673,68,355,-287
122000674,168,71,97
122000675,2002,1366,636
122000686,806,1018,-212
122000687,2391,355,2036
122000688,370,787,-417
122000689,946,578,368
122000690,2051,673,1378
122000691,850,2062,-1212
122000692,1286,398,888
122000693,501,1672,-1171
122000695,356,420,-64
122000696,378,341,37
122000698,326,746,-420
122000699,228,81,147
122000701,1283,405,878
122000702,488,1278,-790
122000703,162,80,82
122000712,0,0,0
122000717,151,68,83
122000718,698,969,-271
122000719,192,96,96
122000720,475,310,165
122000724,331,301,30
122900001,49,6,43
122900002,1383,4653,-3270
122900003,403,45,358
122900004,546,50,496
122900005,106,33,73
122900006,1571,230,1341
122900007,187,46,141
122900008,870,62,808
122900009,736,460,276
122900010,267,176,91
122900012,205,376,-171
122900014,155,332,-177
122900015,1968,764,1204
122900016,179,222,-43
122900017,409,746,-337
122900018,180,16,164
122900019,10,187,-177
122900020,525,317,208
122900021,177,729,-552
122900022,859,879,-20
122900024,267,171,96
122900025,22,240,-218
122900026,81,347,-266
122900027,82,801,-719
122900028,228,212,16
122900029,4327,2687,1640
122900030,1070,603,467
122900031,67,287,-220
122900032,118,420,-302
122900033,365,127,238
122900034,4444,5035,-591
122900035,50,22,28
122900036,60,151,-91
122900037,410,178,232
122900038,149,3134,-2985
122900039,108,562,-454
122900040,313,400,-87
122900041,399,229,170
122900042,199,277,-78
122900043,352,203,149
122900044,91,353,-262
122900045,123,100,23
122900046,252,106,146
122900047,206,197,9
122900048,68,272,-204
122900049,1513,154,1359
122900051,80,144,-64
122900052,84,208,-124
122900053,35,30,5
122900055,575,129,446
122900057,310,76,234
122900061,506,192,314
122900062,651,858,-207
122900063,186,317,-131
122900064,1525,468,1057
122900065,385,87,298
122900066,807,615,192
122900067,1068,788,280
122900069,594,1971,-1377
122900070,527,77,450
122900071,220,505,-285
122900072,8,330,-322
122900073,34,351,-317
122900074,813,681,132
122900075,5,89,-84
122900076,10,256,-246
122900077,28,172,-144
122900078,224,101,123
122900080,54,31,23
122900081,334,206,128
122900082,835,433,402
122900083,188,297,-109
122900084,21,276,-255
122900086,5,82,-77
122900087,439,514,-75
122900088,48,146,-98
122900089,46,129,-83
122900090,18,603,-585
122900091,224,3,221
122900092,2,222,-220
122900093,0,278,-278
122900094,4,222,-218
122900095,174,12,162
122900096,325,137,188
122900097,32,40,-8
122900098,95,89,6
122900099,52,10,42
122900100,739,126,613
122900101,709,257,452
122900102,24,29,-5
122900103,170,19,151
122900104,83,12,71
122900105,20,12,8
122900106,3,98,-95
122900107,6,310,-304
122900108,22,251,-229
122900109,377,243,134
123000001,1753,516,1237
123000002,4126,4175,-49
123000003,3664,3755,-91
123000004,3311,4267,-956
123000005,2621,2954,-333
123000006,2319,2684,-365
123000007,5708,2908,2800
123000008,5062,3563,1499
123000009,4623,3143,1480
123000010,3574,3502,72
123000011,2564,806,1758
123000012,1018,2508,-1490
123000013,3777,1009,2768
123000014,1462,3578,-2116
123000015,4416,1062,3354
123000016,4918,4127,791
123000017,3303,2024,1279
123000018,61,152,-91
123000019,232,306,-74
123000020,113,139,-26
123000021,79,293,-214
123000022,356,2961,-2605
123000023,2534,1520,1014
123000024,1642,692,950
123000025,361,308,53
123000026,90,103,-13
123000027,1111,345,766
123000028,2278,367,1911
123000029,2318,674,1644
123000030,323,481,-158
123000031,207,273,-66
123000032,390,234,156
123000033,395,83,312
123000034,1510,1477,33
123000035,428,512,-84
123000036,334,1143,-809
123000037,476,385,91
123000038,84,242,-158
123000039,374,1227,-853
123000040,960,471,489
123000041,1511,1351,160
123000042,1050,887,163
123000043,2967,6874,-3907
123000044,4984,2513,2471
123000045,8086,2808,5278
123000046,838,1264,-426
123000047,2239,1124,1115
123000048,52,483,-431
123000049,6489,7675,-1186
123000050,1398,1402,-4
123000051,175,242,-67
123000052,1036,2987,-1951
123000053,2971,3351,-380
123000054,1583,1328,255
123000055,1430,1863,-433
123000056,1962,1881,81
123000057,13284,6713,6571
123000058,884,871,13
123000059,678,640,38
123000060,1176,352,824
123000061,639,733,-94
123000063,943,979,-36
123000064,807,393,414
123000065,7989,2984,5005
123000066,926,712,214
123000067,1138,882,256
123000068,2953,3345,-392
123000069,7053,3867,3186
123000070,364,733,-369
123000071,967,1143,-176
123000072,1011,1145,-134
123000073,1103,856,247
123000074,1084,1490,-406
123000075,384,1021,-637
123000076,743,803,-60
123000077,2194,3146,-952
123000078,1622,2087,-465
123000079,1307,2183,-876
123000080,2466,2232,234
123000081,117,428,-311
123000082,418,1251,-833
123000083,864,287,577
123000084,653,733,-80
123000085,213,143,70
123000086,499,262,237
123000087,313,386,-73
123000088,3046,1067,1979
123000089,551,1268,-717
123000090,1342,1037,305
123000091,1556,1681,-125
123000092,1017,1324,-307
123000094,441,292,149
123000095,874,802,72
123000096,731,500,231
123000097,506,921,-415
123000098,693,670,23
123000099,622,825,-203
123000100,620,840,-220
123000101,695,700,-5
123000102,905,810,95
123000104,443,520,-77
123000105,539,502,37
123000106,454,478,-24
123000107,434,570,-136
123000108,813,1374,-561
123000111,881,409,472
123000112,932,672,260
123000113,543,1419,-876
123000114,655,794,-139
123000115,522,343,179
123000116,45,174,-129
123000117,2785,2212,573
123000118,437,1134,-697
123000119,350,1143,-793
123000120,1131,932,199
123000121,530,675,-145
123000122,341,222,119
123000123,490,717,-227
123000124,485,523,-38
123000125,1000,1182,-182
123000126,1288,3113,-1825
123000127,986,716,270
123000128,310,354,-44
123000129,564,246,318
123000130,545,87,458
123000131,755,638,117
123000132,550,639,-89
123000133,346,403,-57
123000134,359,260,99
123000135,2126,1434,692
123000136,264,925,-661
123000137,115,309,-194
123000138,102,423,-321
123000139,449,153,296
123000140,179,791,-612
123000141,742,209,533
123000142,1319,1166,153
123000143,1886,2264,-378
123000144,43,15,28
123000145,546,106,440
123000146,43,120,-77
123000147,153,111,42
123000149,390,500,-110
123000150,201,304,-103
123000151,346,481,-135
123000152,228,410,-182
123000153,362,686,-324
123000154,2052,2051,1
123000155,2522,934,1588
123000156,68,167,-99
123000157,666,976,-310
123000158,623,861,-238
123000159,3143,2571,572
123000160,892,754,138
123000161,1664,1192,472
123000162,1679,1946,-267
123000163,440,106,334
123000164,1352,379,973
123000165,476,1839,-1363
123000166,54,195,-141
123000167,132,301,-169
123000168,349,302,47
123000169,694,162,532
123000170,149,189,-40
123000171,542,44,498
123000172,293,602,-309
123000173,437,301,136
123000174,738,445,293
123000175,659,1367,-708
123000176,1147,234,913
123000177,274,958,-684
123000178,784,172,612
123000179,46,762,-716
123000180,1747,372,1375
123000181,430,1974,-1544
123000182,442,475,-33
123000183,232,681,-449
123000184,104,650,-546
123000185,655,519,136
123000186,4,838,-834
123000187,703,9,694
123000188,146,2,144
123000189,179,212,-33
123000190,54,79,-25
123000192,28,519,-491
123000193,77,1087,-1010
123000194,728,537,191
123000195,262,31,231
123000196,250,96,154
123000197,68,177,-109
123000198,107,360,-253
123000199,32,616,-584
123000200,531,10,521
123000201,1023,33,990
123000202,12,1373,-1361
123000203,919,94,825
123000204,109,1538,-1429
123000205,625,2190,-1565
123000206,2052,244,1808
123000207,136,1101,-965
123000208,729,181,548
123000209,2225,625,1600
123000210,539,2624,-2085
123000211,600,2818,-2218
123000212,2486,523,1963
123000213,671,89,582
123000215,133,217,-84
123000216,122,875,-753
123000217,184,68,116
123000218,73,652,-579
123000219,998,122,876
123000220,732,111,621
123000221,608,134,474
123000222,411,419,-8
123000223,232,369,-137
123000224,520,637,-117
123000225,532,123,409
123000226,125,351,-226
123000227,144,377,-233
123000228,299,93,206
123000229,1164,1976,-812
123000232,271,737,-466
123000233,768,200,568
123000234,184,910,-726
123000235,944,390,554
123000236,273,973,-700
123000237,449,87,362
123000238,92,576,-484
123000239,566,1668,-1102
123000240,53,440,-387
123000241,583,162,421
123000242,118,218,-100
123000243,954,1002,-48
123000244,1111,727,384
123000245,84,228,-144
123000249,403,708,-305
123000252,797,274,523
123000253,937,547,390
123000254,857,1401,-544
123000255,1180,1107,73
123000256,33,291,-258
123000257,3100,2346,754
123000258,1393,1099,294
123000259,313,474,-161
123000260,393,516,-123
123000261,183,135,48
123000262,155,243,-88
123000263,321,116,205
123000264,160,68,92
123000265,64,218,-154
123000266,658,888,-230
123000267,465,395,70
123000268,49,69,-20
123000269,91,89,2
123000270,39,61,-22
123000271,96,89,7
123000272,681,292,389
123000273,192,669,-477
123000274,1182,782,400
123000275,304,1008,-704
123000278,3765,2841,924
123000279,93,110,-17
123000280,887,558,329
123000281,421,116,305
123000282,141,385,-244
123000283,78,64,14
123000284,64,142,-78
123000286,253,376,-123
123000287,598,335,263
123000288,1242,870,372
123000289,525,1224,-699
123000291,303,915,-612
123000294,248,316,-68
123000295,1035,976,59
123000296,626,444,182
123000297,618,840,-222
123000298,605,529,76
123000299,60,233,-173
123000300,884,925,-41
123000301,126,238,-112
123000302,101,243,-142
123000303,135,162,-27
123000305,1070,927,143
123000306,127,263,-136
123000309,59,82,-23
123000310,49,40,9
123000311,1,101,-100
123000312,643,1041,-398
123000313,521,500,21
123000315,79,400,-321
123000316,1349,366,983
123000317,298,110,188
123000318,75,278,-203
123000329,4,18,-14
123000337,1072,309,763
123000338,1101,70,1031
123000339,216,223,-7
123000340,310,666,-356
123000342,33,152,-119
123000343,49,9,40
123000344,1432,611,821
123000345,431,749,-318
123000346,365,60,305
123000352,1549,900,649
123000353,35,168,-133
123000354,634,15,619
123000355,1,585,-584
123000356,411,3,408
123000357,2,223,-221
123000359,5,148,-143
123000360,220,137,83
123000361,374,393,-19
123000362,294,137,157
123000363,106,195,-89
123000364,651,552,99
123000365,56,367,-311
123000366,514,1822,-1308
123000367,405,1253,-848
123000370,51,251,-200
123000371,1283,31,1252
123000372,545,19,526
123000373,7,383,-376
123000374,32,279,-247
123000375,316,64,252
123000376,811,649,162
123000377,307,25,282
123000378,13,267,-254
123000379,3,209,-206
123000380,79,378,-299
123000381,163,52,111
123000382,1293,170,1123
123000383,262,1470,-1208
123000384,506,78,428
123000385,457,550,-93
123000436,49,1008,-959
123000507,199,306,-107
123000508,210,793,-583
123000517,352,44,308
123000518,22,292,-270
123000519,162,86,76
123000520,48,282,-234
123000521,267,100,167
123000522,151,450,-299
123000541,7,6,1
123000542,0,23,-23
123000565,821,69,752
123000566,264,952,-688
123000567,118,294,-176
123000573,52,895,-843
123000574,968,64,904
123000575,1377,1209,168
123000576,757,1673,-916
123000577,68,544,-476
123000578,591,95,496
123000579,3177,4467,-1290
123000580,88,38,50
123000582,302,31,271
123000583,16,430,-414
123000584,169,364,-195
123000585,0,202,-202
123000586,88,0,88
123000596,156,162,-6
123000597,85,139,-54
123000602,26,16,10
123000603,629,895,-266
123000604,586,968,-382
123000605,1230,23,1207
123000606,2,391,-389
123000609,18,329,-311
123000610,195,188,7
123000613,71,254,-183
123000614,228,53,175
123000615,118,224,-106
123000616,497,57,440
123000617,111,521,-410
123000618,89,633,-544
123000619,584,49,535
123000620,14,416,-402
123000622,394,26,368
123000624,116,76,40
123000630,1180,519,661
123000631,219,1770,-1551
123000632,977,989,-12
123000633,2,534,-532
123000634,77,137,-60
123000635,154,139,15
123000636,132,894,-762
123000637,212,23,189
123000638,776,54,722
123000639,922,3539,-2617
123000640,29,770,-741
123000648,335,131,204
123000649,63,551,-488
123900001,1456,53,1403
123900002,63,1546,-1483
123900003,386,408,-22
123900005,197,166,31
123900006,319,50,269
124000001,1774,183,1591
124000002,109,1927,-1818
124000003,790,229,561
124000004,96,581,-485
124000005,1189,618,571
124000006,239,1466,-1227
124000007,469,96,373
124000008,8,576,-568
124000009,650,337,313
124000010,158,516,-358
124000011,1288,349,939
124000012,376,703,-327
124000017,175,270,-95
124000018,104,97,7
124000019,161,221,-60
124000020,72,261,-189
124000021,134,130,4
124000022,96,252,-156
124000023,1489,1394,95
124000024,1100,506,594
124000025,1053,1623,-570
124000026,1078,947,131
124000027,3813,4566,-753
124000028,2518,3971,-1453
124000030,2864,1409,1455
124000031,1704,2914,-1210
124000032,3705,1427,2278
124000033,1134,734,400
124000034,1099,1293,-194
124000035,376,249,127
124000036,184,751,-567
124000037,879,1202,-323
124000038,53,127,-74
124000039,1485,627,858
124000040,672,1135,-463
124000041,722,82,640
124000042,334,437,-103
124000043,94,128,-34
124000044,90,223,-133
124000045,909,679,230
124000046,394,744,-350
124000047,1291,1114,177
124000048,1042,1552,-510
124000049,1676,864,812
124000050,860,1925,-1065
124000051,992,831,161
124000052,768,1151,-383
124000053,550,1687,-1137
124000054,1030,666,364
124000055,1232,2519,-1287
124000056,2674,1814,860
124000057,959,603,356
124000058,548,1578,-1030
124000059,527,1050,-523
124000060,1264,808,456
124000061,1571,4881,-3310
124000062,7053,1996,5057
124000063,1604,1904,-300
124000064,3103,1590,1513
124000065,204,632,-428
124000066,409,119,290
124000067,273,256,17
124000068,88,177,-89
124000069,992,285,707
124000070,283,591,-308
124000071,2048,116,1932
124000072,856,547,309
124000073,955,220,735
124000074,361,835,-474
124000075,278,60,218
124000076,16,279,-263
124000077,2193,810,1383
124000078,3108,1867,1241
124000079,498,1204,-706
124000080,1287,271,1016
124000081,511,572,-61
124000082,69,204,-135
124000083,61,112,-51
124000084,70,300,-230
124000085,85,32,53
124000086,79,85,-6
124000087,412,104,308
124000088,227,383,-156
124000089,644,391,253
124000090,100,290,-190
124000091,460,177,283
124000092,79,458,-379
124000093,143,190,-47
124000094,258,539,-281
124000095,92,240,-148
124000096,182,327,-145
124000097,136,275,-139
124000098,107,138,-31
124000099,220,120,100
124000100,57,107,-50
124000101,71,129,-58
124000102,161,83,78
124000103,81,115,-34
124000104,84,83,1
124000105,75,133,-58
124000106,155,89,66
124000107,14,136,-122
124000108,80,33,47
124000109,106,169,-63
124000110,312,133,179
124000111,212,221,-9
124000112,562,704,-142
124000113,98,133,-35
124000114,312,446,-134
124000115,396,693,-297
124000116,165,287,-122
124000117,52,102,-50
124000118,48,110,-62
124000119,935,526,409
124000120,494,460,34
124000121,1954,973,981
124000122,617,1330,-713
124000123,1376,583,793
124000124,410,964,-554
124000125,384,433,-49
124000126,503,875,-372
124000127,863,757,106
124000128,661,1173,-512
124000129,1678,1228,450
124000130,1073,760,313
124000131,890,587,303
124000132,1079,1146,-67
124000133,793,921,-128
124000134,814,724,90
124000135,1701,1831,-130
124000136,899,1143,-244
124000137,1249,719,530
124000138,1487,1355,132
124000139,1598,51,1547
124000140,78,559,-481
124000141,790,212,578
124000142,62,587,-525
124000143,150,31,119
124000144,13,216,-203
124000145,581,64,517
124000146,203,99,104
124000148,77,255,-178
124000149,1518,782,736
124000150,557,667,-110
124000151,1004,674,330
124000152,1000,1507,-507
124000153,946,899,47
124000154,629,760,-131
124000155,1314,1355,-41
124000156,2169,1165,1004
124000169,178,437,-259
124000170,738,543,195
124000171,214,200,14
124000172,328,652,-324
124000173,416,214,202
124000174,427,694,-267
124000175,18,146,-128
124000176,53,49,4
124000177,19,44,-25
124000178,226,56,170
124000185,47,58,-11
124000186,7,59,-52
124000187,17,124,-107
124000188,232,76,156
124000190,116,40,76
124000191,284,141,143
124000192,3248,454,2794
124000193,1084,1039,45
124000194,412,579,-167
124000195,375,683,-308
124000196,1115,1184,-69
124000197,49,43,6
124000198,55,57,-2
124000201,397,936,-539
124000202,639,375,264
124000203,464,815,-351
124000204,802,448,354
124000205,215,573,-358
124000206,1180,475,705
124000207,0,56,-56
124000209,347,583,-236
124000210,453,239,214
124000211,523,1,522
124000212,1,508,-507
124000213,427,369,58
124000214,308,685,-377
124000215,847,32,815
124000216,1,457,-456
124000329,195,1743,-1548
124000338,128,1043,-915
124000339,1253,219,1034
124000341,1637,229,1408
124000344,40,4,36
124000357,762,2409,-1647
124000358,663,1664,-1001
124000359,878,812,66
124000360,678,655,23
124000361,2469,957,1512
124000362,1462,1577,-115
124000363,322,372,-50
124000364,642,851,-209
124000365,601,1082,-481
124000366,1869,757,1112
124000367,142,483,-341
124000368,759,493,266
124000369,247,230,17
124000370,119,719,-600
124000402,59,29,30
124000403,170,80,90
124000404,15,128,-113
124000405,1191,1311,-120
124000406,981,1765,-784
124000407,2,87,-85
124000411,24,442,-418
124000412,575,24,551
124000413,457,46,411
124000414,58,95,-37
124000415,30,156,-126
124000416,182,288,-106
124000417,160,124,36
124000418,152,159,-7
124000419,121,161,-40
124000420,96,118,-22
124000421,78,222,-144
124000422,18,16,2
124000423,102,32,70
124000424,7,190,-183
124000425,143,37,106
124000426,15,202,-187
124000427,200,20,180
124000428,17,59,-42
124000429,136,105,31
124000430,918,593,325
124000431,422,705,-283
124000432,282,1013,-731
124000439,0,12,-12
124000443,0,9,-9
124000445,953,1649,-696
124000446,2224,486,1738
124000447,34,208,-174
124000448,0,0,0
124000449,59,24,35
124000450,7,72,-65
124000451,4,272,-268
124900001,531,525,6
124900002,128,415,-287
124900003,995,903,92
124900004,504,530,-26
124900005,517,199,318
124900006,657,564,93
124900008,1860,760,1100
124900009,173,356,-183
124900010,177,172,5
124900011,489,462,27
124900012,518,151,367
124900013,886,215,671
124900014,687,94,593
124900015,188,437,-249
124900016,73,126,-53
124900017,600,1504,-904
124900018,55,18,37
124900020,103,48,55
124900021,539,82,457
124900022,281,11,270
124900024,237,97,140
124900026,310,53,257
124900027,100,361,-261
124900028,487,129,358
124900029,15,537,-522
124900030,6,161,-155
124900031,50,297,-247
124900032,204,345,-141
124900033,271,323,-52
124900034,4,137,-133
124900035,261,463,-202
124900036,2,64,-62
124900037,187,325,-138
124900038,265,417,-152
124900039,1,63,-62
124900040,139,93,46
124900041,343,1143,-800
124900042,97,3,94
124900043,566,1101,-535
124900044,57,2,55
124900045,871,1203,-332
124900047,192,164,28
124900048,237,121,116
124900050,185,267,-82
124900052,122,426,-304
124900053,313,373,-60
124900054,2193,692,1501
124900055,2,152,-150
124900057,8,107,-99
124900060,67,296,-229
124900061,181,11,170
124900062,302,33,269
124900066,0,40,-40
124900067,6,230,-224
124900068,231,537,-306
124900070,97,32,65
124900072,165,46,119
124900075,191,326,-135
124900076,56,1248,-1192
124900077,29,227,-198
124900078,167,41,126
124900079,696,222,474
124900080,365,676,-311
124900081,893,474,419
124900082,379,995,-616
124900083,324,531,-207
124900085,1052,396,656
124900086,58,1392,-1334
124900087,679,92,587
124900088,701,128,573
124900089,1444,42,1402
124900090,231,309,-78
124900091,280,417,-137
124900092,223,339,-116
124900093,216,273,-57
124900094,318,346,-28
124900095,86,425,-339
124900096,550,317,233
124900097,327,121,206
124900098,108,491,-383
124900099,618,612,6
124900100,290,199,91
124900101,208,416,-208
124900102,178,97,81
124900103,195,256,-61
124900104,103,242,-139
124900105,153,146,7
124900106,337,142,195
124900107,102,24,78
124900108,200,59,141
124900111,5,161,-156
124900112,90,497,-407
124900113,207,351,-144
124900114,303,175,128
124900115,321,28,293
124900116,221,176,45
124900117,613,130,483
124900118,232,299,-67
124900119,406,237,169
124900120,93,461,-368
124900121,164,537,-373
124900122,414,256,158
124900123,389,258,131
124900124,163,550,-387
204000001,164,14,150
204000002,41,14,27
204000003,24,5,19
204000004,8,1,7
204000005,734,629,105
204000006,1332,1417,-85
204000012,100,123,-23
204000019,613,549,64
204000020,596,621,-25
204000021,1464,735,729
204000022,587,493,94
204000023,551,937,-386
204000031,211,33,178
204000032,766,63,703
204000034,50,218,-168
204000035,1,7,-6
204000036,10,21,-11
204000037,2,11,-9
204000038,1,20,-19
204000039,75,23,52
204000040,4,23,-19
204000041,9,21,-12
204000042,44,11,33
204000043,36,3,33
204000044,60,3,57
204000045,31,1,30
204000046,13,2,11
204000057,6,10,-4
204000062,48,86,-38
204000068,37,366,-329
204000069,70,348,-278
204000070,149,153,-4
204000080,182,87,95
204000085,1994,2062,-68
204000086,2904,2270,634
204000087,30,17,13
204000088,6,110,-104
204000090,100,336,-236
204000093,312,97,215
204000096,836,1155,-319
204000097,479,60,419
204000099,1106,1621,-515
204000100,1272,2006,-734
204000105,2403,1753,650
204000110,1120,1222,-102
204000111,471,731,-260
204000112,988,606,382
204000113,541,709,-168
204000114,753,637,116
204000115,546,359,187
204000116,1481,432,1049
204000119,1957,2638,-681
204000132,740,558,182
204000133,783,665,118
204000134,303,188,115
204000135,1090,147,943
204000136,886,346,540
204000138,334,853,-519
204000140,212,182,30
204000141,176,92,84
204000144,5,26,-21
204000145,557,37,520
204000146,22,320,-298
204000147,36,259,-223
204000148,862,54,808
204000154,3,0,3
204000155,3,15,-12
204000177,58,80,-22
204000179,32,11,21
204000180,0,44,-44
204000222,1,4,-3
204000235,8,21,-13
204000236,58,337,-279
204000238,23,26,-3
204000240,334,82,252
204000263,680,1212,-532
204000268,1220,815,405
204000308,198,34,164
204000317,11,89,-78
204000322,15,37,-22
204000323,27,15,12
204000328,236,112,124
204000329,96,215,-119
204000330,203,76,127
204000331,103,141,-38
205000001,1376,1932,-556
205000013,6,68,-62
205000014,22,98,-76
205000015,30,182,-152
205000016,15,175,-160
205000017,17,74,-57
205000022,438,950,-512
205000025,1472,1351,121
205000029,198,3,195
205000045,130,364,-234
205000046,137,690,-553
205000047,53,592,-539
205000048,452,1382,-930
205000049,180,983,-803
205000050,987,350,637
205000059,0,281,-281
205000060,1,85,-84
205000061,1,73,-72
205000062,4,108,-104
205000063,12,64,-52
205000064,9,77,-68
205000065,55,495,-440
205000066,84,843,-759
205000067,23,994,-971
205000069,211,22,189
205000082,136,191,-55
205000110,88,292,-204
205000111,202,314,-112
205000112,283,227,56
205000113,178,373,-195
205000121,244,94,150
205000123,39,232,-193
205000126,462,129,333
205000127,702,191,511
205000128,636,103,533
205000129,753,113,640
205000130,536,36,500
205000131,207,7,200
205000132,344,1,343
205000133,267,0,267
205000134,313,0,313
205000137,52,149,-97
205000138,197,316,-119
205000139,51,131,-80
205000144,178,69,109
205000145,450,211,239
205000151,134,67,67
205000152,200,31,169
205000153,236,63,173
205000154,93,72,21
205000155,137,12,125
205000207,13,155,-142
205000233,34,5,29
205000234,0,2,-2
205000243,0,0,0
205000244,6,12,-6
205000245,20,205,-185
205000249,0,41,-41
205000250,9,0,9
205000264,6,88,-82
206000027,6,6,0
206000028,5,3,2
206000043,12,67,-55
206000053,8,7,1
206000054,1,32,-31
206000055,1,18,-17
206000075,6,11,-5
206000076,22,20,2
206000077,31,9,22
206000078,23,6,17
206000079,14,5,9
206000082,339,35,304
206000100,48,518,-470
206000103,0,0,0
206000104,13,21,-8
206000105,13,16,-3
206000106,10,18,-8
206000125,50,0,50
206000157,39,350,-311
206000170,2,134,-132
206000171,4,196,-192
206000172,10,506,-496
206000173,6,267,-261
206000174,3,103,-100
206000175,1,117,-116
206000176,14,194,-180
206000177,4,158,-154
206000178,1,144,-143
206000179,12,84,-72
206000180,12,118,-106
206000181,18,133,-115
206000182,11,189,-178
206000183,21,593,-572
206000184,4,313,-309
206000185,8,191,-183
206000186,103,1011,-908
206000223,9,173,-164
206000226,9,1,8
206000227,8,1,7
206000237,47,382,-335
206000238,42,493,-451
206000239,236,1796,-1560
206000240,45,158,-113
206000241,0,75,-75
206000242,11,237,-226
206000243,4,209,-205
206000244,58,597,-539
206000245,600,65,535
206000246,190,20,170
206000247,167,11,156
206000248,308,27,281
206000252,84,35,49
206000258,55,138,-83
206000315,23,5,18
206000317,467,92,375
206000318,368,69,299
206000319,947,114,833
206000320,141,45,96
206000321,190,12,178
206000322,363,16,347
206000323,119,3,116
206000324,143,11,132
206000325,162,10,152
206000326,207,12,195
206000327,439,3,436
206000328,121,9,112
206000329,247,5,242
206000330,41,5,36
206000331,169,1,168
206000332,56,2,54
206000333,492,2,490
206000334,185,4,181
206000335,0,19,-19
206000361,25,390,-365
206000392,5,25,-20
206000405,133,1,132
206000441,24,13,11
206000498,37,3,34
206000515,73,35,38
206000530,210,48,162
206000531,206,133,73
206000532,1729,211,1518
206000535,239,1893,-1654
206000536,18,160,-142
206000537,37,165,-128
206000613,1191,176,1015
206000784,443,41,402
207000001,136,620,-484
207000002,132,342,-210
207000003,202,205,-3
207000007,963,343,620
207000008,72,8,64
207000009,113,52,61
207000010,620,483,137
207000012,356,308,48
207000015,369,1501,-1132
207000019,400,123,277
207000021,549,179,370
207000022,158,132,26
207000023,276,64,212
207000024,4,13,-9
207000025,44,72,-28
207000026,153,51,102
207000027,51,94,-43
207000028,52,199,-147
207000029,395,469,-74
207000033,268,446,-178
207000034,277,89,188
207000039,378,130,248
207000040,247,105,142
207000041,276,56,220
207000042,241,82,159
207000043,245,217,28
207000051,175,262,-87
207000052,355,158,197
207000053,487,722,-235
207000054,64,151,-87
207000055,187,196,-9
207000056,290,403,-113
207000057,183,355,-172
207000058,294,398,-104
207000059,123,722,-599
207000060,86,271,-185
207000061,308,409,-101
207000062,255,33,222
207000063,360,122,238
207000064,572,176,396
207000065,328,238,90
207000066,225,212,13
207000067,40,111,-71
207000068,137,67,70
207000069,617,392,225
207000082,16,284,-268
207000083,122,313,-191
207000084,283,269,14
207000085,259,13,246
207000086,265,4,261
207000106,61,17,44
207000107,80,18,62
207000108,66,22,44
207000109,91,11,80
207000110,130,133,-3
207000111,92,148,-56
207000112,259,754,-495
207000114,33,69,-36
207000115,31,109,-78
207000116,31,393,-362
207000117,9,142,-133
207000118,8,96,-88
207000119,34,116,-82
207000123,211,27,184
207000124,39,42,-3
207000125,88,93,-5
207000126,63,139,-76
207000134,83,142,-59
207000135,15,272,-257
207000148,78,407,-329
207000149,112,74,38
207000152,163,395,-232
207000153,1039,1220,-181
207000154,462,173,289
207000159,117,249,-132
207000160,206,475,-269
207000238,0,163,-163
207000242,7,190,-183
207000248,126,26,100
207000249,131,56,75
207000250,794,93,701
207000251,72,91,-19
207000252,117,77,40
207000278,116,96,20
207000279,29,202,-173
207000280,556,89,467
207000281,109,1074,-965
207000282,280,110,170
207000283,213,273,-60
207000284,86,137,-51
207000285,150,69,81
207000291,27,153,-126
207000304,143,59,84
207000306,92,419,-327
207000310,58,109,-51
207000353,368,5,363
207000356,21,25,-4
207000357,17,10,7
207000358,8,25,-17
207000415,7,230,-223
207000417,81,7,74
207000418,158,159,-1
207000438,0,3,-3
207000439,1004,700,304
207000446,224,6,218
207000460,36,13,23
207000466,222,134,88
207000467,210,102,108
207000468,63,414,-351
207000476,11,64,-53
207000477,666,102,564
207000478,4,32,-28
207000523,0,19,-19
207000524,115,1,114
207000527,149,213,-64
207000530,472,17,455
207000531,359,13,346
207000532,71,29,42
207000534,505,65,440
207000535,58,446,-388
207000537,22,105,-83
207000540,8,229,-221
207000541,7,342,-335
207000548,61,319,-258
207000549,1088,22,1066
207000561,196,222,-26
207000562,43,245,-202
207000567,307,268,39
207000568,144,91,53
207000569,354,743,-389
207000584,408,207,201
207000585,92,589,-497
207000587,108,28,80
207000616,0,124,-124
207000617,238,3,235
207000624,71,55,16
207000631,5,122,-117
207900008,238,146,92
208000001,654,958,-304
208000002,1169,490,679
208000003,1154,421,733
208000004,1373,673,700
208000005,7,14,-7
208000019,818,1242,-424
208000020,153,573,-420
208000021,221,338,-117
208000022,1097,576,521
208000028,1473,1033,440
208000033,609,710,-101
208000034,1159,1391,-232
208000037,296,13,283
208000040,112,222,-110
208000041,1016,716,300
208000042,1524,890,634
208000047,140,259,-119
208000064,2785,1530,1255
208000066,1943,2182,-239
208000070,318,439,-121
208000071,331,1034,-703
208000072,325,1479,-1154
208000080,261,344,-83
208000081,397,145,252
208000082,334,285,49
208000083,198,416,-218
208000084,20,21,-1
208000085,1005,733,272
208000086,560,1138,-578
208000087,965,814,151
208000089,864,437,427
208000090,823,791,32
208000093,134,102,32
208000094,795,426,369
208000095,783,412,371
208000104,1001,1224,-223
208000105,1262,1207,55
208000114,87,310,-223
208000115,559,435,124
208000116,515,1143,-628
208000117,150,176,-26
208000118,121,136,-15
208000155,824,1189,-365
208000158,1517,3184,-1667
208000186,4088,4066,22
208000204,698,922,-224
208000205,1088,995,93
208000282,5842,2739,3103
209000004,689,169,520
209000005,65,34,31
209000006,412,143,269
209000007,251,307,-56
209000010,516,131,385
209000011,236,255,-19
209000012,662,171,491
209000013,455,388,67
209000014,617,1225,-608
209000025,267,46,221
209000026,577,151,426
209000027,628,870,-242
209000028,480,744,-264
209000029,633,756,-123
209000030,579,1513,-934
209000031,2941,2479,462
209000034,173,222,-49
209000035,138,196,-58
209000036,165,137,28
209000037,238,273,-35
209000038,95,191,-96
209000039,63,152,-89
209000040,223,586,-363
209000041,234,471,-237
209000042,235,440,-205
209000043,736,897,-161
209000044,169,767,-598
209000045,1598,610,988
209000046,465,584,-119
209000047,658,249,409
209000048,658,442,216
209000049,73,161,-88
209000050,270,204,66
209000051,361,471,-110
209000052,195,421,-226
209000062,56,132,-76
209000063,89,80,9
209000064,43,124,-81
209000065,75,25,50
209000066,62,37,25
209000067,72,45,27
209000080,51,281,-230
209000082,86,30,56
209000091,30,108,-78
209000093,67,25,42
209000094,222,246,-24
209000110,42,113,-71
209000111,445,1261,-816
209000112,765,719,46
209000113,1475,685,790
209000114,647,414,233
209000115,99,169,-70
209000116,722,630,92
209000118,30,74,-44
209000119,61,11,50
209000121,188,603,-415
209000135,72,153,-81
209000142,598,1237,-639
209000143,96,137,-41
209000144,58,93,-35
209000229,342,187,155
209000240,61,340,-279
209000259,89,167,-78
209000260,54,914,-860
209000261,7,505,-498
209000262,1,414,-413
209000263,1,157,-156
209000264,1,110,-109
209000265,444,0,444
209000266,103,1,102
209000267,862,6,856
209000268,707,38,669
210000037,78,12,66
210000047,56,16,40
210000048,69,13,56
210000049,30,8,22
210000052,51,113,-62
210000053,46,53,-7
210000054,84,140,-56
210000070,71,3,68
210000071,143,0,143
210000072,114,0,114
210000073,2,29,-27
210000074,2,155,-153
210000075,3,93,-90
210000076,15,113,-98
210000077,19,44,-25
210000078,42,29,13
210000079,26,17,9
210000080,122,58,64
210000081,156,14,142
210000082,136,3,133
210000083,114,2,112
210000084,56,1,55
210000085,0,88,-88
210000086,2,95,-93
210000099,30,293,-263
210000100,55,210,-155
210000101,70,233,-163
210000105,80,178,-98
210000159,0,139,-139
210000163,154,211,-57
210000164,261,145,116
210000168,79,21,58
210000187,0,20,-20
210000188,0,23,-23
210000214,87,0,87
210000219,37,60,-23
210000220,84,74,10
210000232,3,31,-28
210000233,38,75,-37
210000234,30,151,-121
210000235,42,84,-42
210000245,1,32,-31
210000246,65,1,64
210000258,14,96,-82
210000259,343,55,288
210000282,131,255,-124
210000285,0,119,-119
210000286,11,161,-150
210000290,2,14,-12
210000295,52,181,-129
210000296,27,49,-22
210000320,189,77,112
210000321,87,98,-11
210000338,66,69,-3
210000339,440,1089,-649
210000340,176,368,-192
210000341,221,281,-60
210000342,230,198,32
210000343,227,195,32
210000344,227,106,121
210000345,139,229,-90
210000346,77,119,-42
210000347,131,36,95
210000348,187,26,161
210000349,149,22,127
210000350,154,76,78
210000351,119,137,-18
210000352,71,74,-3
210000353,70,100,-30
210000354,215,103,112
210000355,49,84,-35
210000356,38,33,5
210000357,82,25,57
210000358,223,98,125
210000359,108,66,42
210000360,146,123,23
210000361,183,147,36
210000362,335,191,144
210000363,818,213,605
210000364,119,133,-14
210000365,128,79,49
210000366,99,50,49
210000367,102,32,70
210000368,158,35,123
210000369,33,19,14
210000370,51,31,20
210000372,25,43,-18
210000373,32,14,18
210000374,45,8,37
210000375,31,68,-37
210000376,62,138,-76
210000404,76,129,-53
210000439,35,43,-8
210000472,111,3,108
210000482,77,68,9
210000564,448,276,172
210000567,1,28,-27
210000568,271,3,268
211000092,37,71,-34
211000094,16,8,8
211000169,372,7,365
211000172,38,325,-287
211000209,0,21,-21
211000226,11,54,-43
211000270,28,26,2
211000275,39,27,12
211000276,93,21,72
211000279,42,53,-11
211000281,38,44,-6
211000302,56,101,-45
211507980,0,64,-64
211977296,38,4,34
212000003,146,58,88
212000004,50,22,28
212000005,42,31,11
212000006,44,57,-13
212000008,210,235,-25
212000009,40,141,-101
212000012,82,115,-33
212000013,30,67,-37
212000014,301,180,121
212000015,364,326,38
212000016,514,650,-136
212000027,398,483,-85
212000028,321,492,-171
212000029,217,329,-112
212000030,38,30,8
212000031,57,78,-21
212000048,48,165,-117
212000049,24,111,-87
212000050,12,5,7
212000051,190,244,-54
212000052,199,427,-228
212000053,441,824,-383
212000054,161,171,-10
212000055,174,253,-79
212000056,11,64,-53
212000057,19,27,-8
212000058,296,45,251
212000070,167,288,-121
212000077,148,881,-733
212000099,221,279,-58
212000108,191,169,22
212000111,188,102,86
212000120,135,100,35
212000138,101,28,73
212000156,11,140,-129
212000158,14,19,-5
212000159,359,68,291
212000160,548,312,236
212000161,105,7,98
212000310,56,14,42
212000311,12,75,-63
212000374,40,11,29
213000001,38,408,-370
213000005,473,184,289
213000006,966,424,542
213000007,249,13,236
213000009,772,507,265
213000010,207,306,-99
213000011,242,119,123
213000012,133,328,-195
213000014,58,19,39
213000015,236,6,230
213000016,743,3,740
213000017,92,1,91
213000018,5,179,-174
213000019,0,229,-229
213000020,121,406,-285
213000021,6,121,-115
213000023,292,196,96
213000033,341,1725,-1384
213000034,690,334,356
213000035,100,383,-283
213000045,210,353,-143
213000046,299,250,49
213000047,780,1281,-501
213000056,185,43,142
213000069,131,5,126
213000073,0,56,-56
213000074,90,365,-275
213000075,537,10,527
213000076,69,6,63
213000085,9,40,-31
213000086,12,186,-174
213000091,141,26,115
213000092,83,8,75
213000099,222,1291,-1069
213000100,1234,296,938
213000101,302,150,152
213000102,346,300,46
213000103,868,855,13
213000104,50,372,-322
213000105,8,149,-141
213000106,150,186,-36
213000107,215,715,-500
213000108,46,547,-501
213000109,13,325,-312
213000110,15,93,-78
213000111,18,70,-52
213000112,182,80,102
213000115,50,11,39
213000116,71,601,-530
213000117,13,815,-802
213000118,458,365,93
213000119,44,714,-670
213000120,132,502,-370
213000122,197,565,-368
213000123,409,1260,-851
213000124,94,1147,-1053
213000125,184,39,145
213000126,49,131,-82
213000127,159,174,-15
213000128,587,969,-382
213000129,444,578,-134
213000130,499,309,190
213000132,268,87,181
213000133,402,141,261
213000134,698,33,665
213000136,636,43,593
213000137,579,105,474
213000139,763,29,734
213000147,121,11,110
213000148,50,10,40
213000149,38,8,30
213000150,0,126,-126
213000151,1,114,-113
213000152,2,98,-96
213000153,5,122,-117
213000154,37,266,-229
213000155,69,283,-214
213000156,146,677,-531
213000157,621,482,139
213000158,334,1050,-716
213000159,437,661,-224
213000163,651,129,522
213000165,629,232,397
213000171,1,136,-135
213000172,3,361,-358
213000173,4,260,-256
213000174,1,145,-144
213000175,18,99,-81
213000176,26,24,2
213000177,70,4,66
213000178,113,3,110
213000179,165,0,165
213000180,131,0,131
213000184,267,437,-170
213000188,350,108,242
213000189,250,32,218
213000190,850,867,-17
213000191,278,470,-192
213000192,172,432,-260
213000193,1062,281,781
213000194,1,71,-70
213000195,18,520,-502
213000196,290,1325,-1035
213000197,370,727,-357
213000198,84,2,82
213000200,161,1073,-912
213000201,127,40,87
213000202,19,624,-605
213000203,3206,712,2494
213000204,696,84,612
213000205,380,65,315
213000206,499,47,452
213000207,230,15,215
213000208,152,1,151
213000209,237,3,234
213000210,500,4,496
213000211,5,14,-9
213000212,29,27,2
213000213,26,60,-34
213000218,209,662,-453
213000219,421,20,401
213000220,428,16,412
213000223,184,336,-152
213000224,60,55,5
213000225,83,10,73
213000226,79,13,66
213000227,905,302,603
213000228,778,110,668
213000229,490,65,425
213000230,644,40,604
213000232,106,1021,-915
213000233,10,80,-70
213000234,2,32,-30
213000293,5,83,-78
213000294,189,13,176
213000295,13,76,-63
213000296,95,41,54
213000297,12,125,-113
213000298,27,107,-80
213000299,113,65,48
213000300,24,7,17
213000303,22,45,-23
213000304,9,13,-4
213000305,6,12,-6
213000306,86,44,42
213000307,247,97,150
213000308,191,246,-55
213000309,115,76,39
213000310,293,131,162
213000311,374,693,-319
213000315,104,162,-58
213000316,274,75,199
213000322,112,164,-52
213000323,71,82,-11
213000324,37,17,20
213000325,23,75,-52
213000326,5,13,-8
213000327,5,21,-16
213000328,7,120,-113
213000329,107,23,84
213000340,229,645,-416
213000341,459,161,298
213000346,194,332,-138
213000347,819,583,236
213000348,5,178,-173
213000349,45,13,32
213000350,429,1226,-797
213000366,82,324,-242
213000367,224,41,183
213000379,241,91,150
213000386,15,316,-301
213000406,78,455,-377
213000417,1088,519,569
213000425,136,50,86
213000426,114,75,39
213000427,45,280,-235
213000428,27,253,-226
213000429,38,7,31
213000430,110,753,-643
213000431,196,1,195
213000432,2,29,-27
213000433,40,166,-126
213000434,54,125,-71
213000435,81,77,4
213000436,38,76,-38
213000437,0,10,-10
213000438,107,37,70
213000439,92,16,76
213000440,16,282,-266
213000441,2,1,1
213000442,1,39,-38
213000443,588,330,258
213000444,52,28,24
213000445,0,88,-88
213000446,1,14,-13
213000447,5,50,-45
213000448,7,129,-122
213000449,263,13,250
213000450,20,56,-36
213000451,183,81,102
213000452,38,19,19
213000453,57,324,-267
213000455,647,7,640
213000456,1,391,-390
213000481,76,13,63
213000482,57,4,53
213000489,327,119,208
213000491,3,162,-159
213000492,374,5,369
213000493,0,97,-97
213000494,249,153,96
213000495,0,129,-129
213000496,390,181,209
213000497,85,268,-183
213000498,105,190,-85
213000499,166,584,-418
213000500,428,108,320
213000501,91,39,52
213000502,188,121,67
213000503,2,53,-51
213000504,4,93,-89
213000505,8,13,-5
213000506,0,12,-12
213000507,4,108,-104
213900244,18,0,18
213900245,0,52,-52
218000003,34,27,7
218000004,49,36,13
218000005,81,38,43
218000006,55,39,16
218000007,21,19,2
218000012,243,216,27
218000013,88,140,-52
218000014,440,445,-5
218000019,803,718,85
218000020,263,467,-204
218000021,8,24,-16
218000022,2,7,-5
218000023,2,14,-12
218000024,2,6,-4
218000025,7,13,-6
218000026,5,23,-18
218000027,0,10,-10
218000028,3,3,0
218000029,2,2,0
218000030,12,24,-12
218000031,2,17,-15
218000032,2,18,-16
218000040,7,3,4
218000046,88,113,-25
218000047,6,201,-195
218000048,52,188,-136
218000049,121,149,-28
218000050,281,316,-35
218000051,81,304,-223
218000052,1,131,-130
218000053,2,11,-9
218000054,16,36,-20
218000055,8,14,-6
218000056,14,16,-2
218000057,8,26,-18
218000064,1,6,-5
218000065,61,36,25
218000066,17,110,-93
218000067,37,99,-62
218000068,86,81,5
218000069,335,143,192
218000070,240,280,-40
218000071,208,211,-3
218000072,256,221,35
218000078,817,1061,-244
218000079,85,101,-16
218000080,82,122,-40
218000081,269,285,-16
218000082,88,154,-66
218000083,52,103,-51
218000084,143,182,-39
218000085,158,413,-255
218000086,79,142,-63
218000087,195,215,-20
218000090,13,149,-136
218000091,909,666,243
218000092,69,183,-114
218000093,82,72,10
218000094,527,767,-240
218000099,283,779,-496
218000100,236,326,-90
218000101,323,182,141
218000102,335,309,26
218000103,83,158,-75
218000104,65,31,34
218000105,22,28,-6
218000106,13,20,-7
218000107,54,67,-13
218000108,7,48,-41
218000112,70,32,38
218000117,59,106,-47
218000134,493,688,-195
218000135,52,97,-45
218000136,169,136,33
218000137,287,181,106
218000138,26,121,-95
218000139,165,319,-154
218000140,372,265,107
218000141,85,74,11
218000142,260,170,90
218000143,101,261,-160
218000144,80,90,-10
218000145,329,393,-64
218000146,60,193,-133
218000151,1,29,-28
218000152,201,78,123
218000153,0,5,-5
218000154,9,0,9
218000155,10,0,10
218000156,20,8,12
218000157,14,13,1
218000158,2,8,-6
218000159,1,7,-6
218000160,3,3,0
218000161,13,2,11
218000162,31,5,26
218000163,17,4,13
218000164,32,3,29
218000165,53,8,45
218000170,9,63,-54
218000171,52,9,43
218000172,73,9,64
218000173,138,18,120
218000174,60,5,55
218000176,191,58,133
218000177,328,216,112
218000178,99,235,-136
218000179,109,154,-45
218000180,90,67,23
218000181,174,57,117
218000187,9,36,-27
218000188,34,64,-30
218000189,27,43,-16
218000190,19,16,3
218000191,103,60,43
218000192,190,244,-54
218000193,346,345,1
218000194,89,356,-267
218000195,140,84,56
218000196,316,352,-36
218000197,267,309,-42
218000198,43,137,-94
218000199,49,30,19
218000200,73,35,38
218000201,14,9,5
218000202,90,205,-115
218000207,3,22,-19
218000208,41,62,-21
218000211,80,19,61
218000212,1,2,-1
218000213,130,76,54
218000214,7,17,-10
218000215,84,70,14
218000217,4,151,-147
218000218,183,77,106
218000219,25,11,14
218000220,105,237,-132
218000221,813,208,605
218000222,59,34,25
218000223,58,361,-303
218000224,8,130,-122
218000225,205,57,148
218000226,133,75,58
218000230,1,2,-1
218000232,23,76,-53
218000239,310,20,290
218000240,25,12,13
218000241,63,3,60
218000242,162,3,159
218000243,291,3,288
218000244,119,6,113
218000245,14,2,12
218000246,20,4,16
218000247,0,1,-1
218000248,0,20,-20
218000249,0,4,-4
218000250,1,10,-9
218000251,13,26,-13
218000252,14,47,-33
218000253,2,33,-31
218000254,2,27,-25
218000255,0,36,-36
218000256,10,118,-108
218000267,611,1124,-513
218000268,30,54,-24
218000269,5,8,-3
218000270,95,58,37
218000271,49,76,-27
218000273,30,15,15
218000274,16,5,11
218000275,35,53,-18
218000276,7,54,-47
218000278,30,24,6
218000279,57,75,-18
218000280,13,56,-43
218000281,34,18,16
218000282,547,465,82
218000284,80,15,65
218000301,81,156,-75
218000302,102,66,36
218000303,57,63,-6
218000316,615,1196,-581
218000317,926,1296,-370
218000318,501,963,-462
218000319,973,1180,-207
218000320,735,748,-13
218000338,61,40,21
218000345,148,88,60
218000346,48,208,-160
218000459,42,277,-235
218000490,28,39,-11
218000501,206,56,150
218000502,22,82,-60
218000503,118,26,92
218000504,230,23,207
218000505,60,190,-130
218000506,32,276,-244
218000508,13,17,-4
218000510,176,11,165
218000520,112,99,13
218000521,9,57,-48
218000522,1,143,-142
218000523,181,29,152
218000524,36,222,-186
218000525,201,12,189
218000526,70,130,-60
218000529,66,183,-117
218000530,11,2,9
218000531,4,12,-8
218000532,33,31,2
218000534,124,13,111
218000537,22,64,-42
218000538,124,201,-77
218000540,281,74,207
218000543,109,43,66
218000544,28,108,-80
218000545,54,65,-11
218000546,49,77,-28
218000547,98,106,-8
218000548,117,86,31
218000549,457,337,120
218000550,259,317,-58
218000551,154,729,-575
218000552,548,44,504
218000553,54,89,-35
218000554,32,40,-8
218000555,31,44,-13
218000556,223,250,-27
218000557,193,196,-3
218000558,144,3,141
218000559,1,37,-36
218000560,0,20,-20
218000561,34,1,33
218000562,26,187,-161
218000563,193,25,168
218000564,5,150,-145
218000565,150,18,132
218000566,361,33,328
218000567,1,110,-109
218000568,42,2,40
218000569,15,131,-116
218000570,163,10,153
218000571,0,149,-149
218000572,167,3,164
218000573,15,155,-140
218000574,192,54,138
218000575,96,1,95
218000576,0,65,-65
218000577,96,0,96
218000578,0,79,-79
218000579,65,17,48
218000581,2,44,-42
218000582,63,3,60
218000583,13,0,13
218000584,0,23,-23
218000585,32,10,22
218000586,8,42,-34
218000587,7,4,3
218000588,0,4,-4
218000589,2,4,-2
218000590,7,0,7
218000591,18,4,14
218000592,83,1,82
218000593,43,1,42
218000594,6,1,5
218000596,0,0,0
218000597,4,0,4
218000598,19,2,17
218000599,52,1,51
218000600,32,1,31
218000601,0,0,0
218000602,3,14,-11
218000603,0,12,-12
218000604,37,1,36
218000605,0,135,-135
218000606,533,3,530
218000607,9,51,-42
218000608,48,30,18
218000609,4,66,-62
218000610,65,5,60
218000611,25,2,23
218000612,1,36,-35
218000613,24,0,24
218000614,0,36,-36
218000615,191,1,190
218000616,5,171,-166
218000617,30,0,30
218000618,0,23,-23
218000619,26,45,-19
218000620,2,16,-14
218000621,1,3,-2
218000622,0,29,-29
218000623,602,4,598
218000624,11,26,-15
218000625,21,1,20
218000626,0,9,-9
218000628,149,62,87
218000631,42,20,22
218000632,3,141,-138
218000633,111,1,110
218000634,8,25,-17
218000635,21,8,13
218000636,999,1351,-352
218000637,959,574,385
218000638,121,25,96
218000639,17,181,-164
218000640,221,24,197
218000641,122,297,-175
218000652,63,97,-34
218000653,171,78,93
218000663,9,219,-210
218000675,110,65,45
218000676,4,10,-6
218000677,7,0,7
218000680,497,486,11
218000681,450,132,318
218000691,175,280,-105
218000693,199,178,21
218000703,2,28,-26
218000718,714,907,-193
218000719,1214,497,717
218000720,14,171,-157
218000721,117,22,95
218000725,1,4,-3
218001147,5,236,-231
218001214,13,36,-23
218001258,242,7,235
218001329,204,178,26
218001330,149,118,31
218001351,48,23,25
218001352,13,20,-7
218001353,14,18,-4
218001354,10,16,-6
218001355,23,342,-319
218001356,248,25,223
218001357,70,254,-184
218001358,282,14,268
218001361,214,9,205
218001362,0,175,-175
219000001,77,65,12
219000002,65,69,-4
219000003,67,25,42
219000004,48,64,-16
219000017,88,23,65
219000020,170,186,-16
219000022,150,25,125
219000023,596,12,584
219000029,0,68,-68
219000034,108,29,79
219000039,68,62,6
219000040,61,33,28
219000041,108,72,36
219000051,0,43,-43
219000052,1,17,-16
219000053,3,128,-125
219000054,27,76,-49
219000055,183,3,180
219000056,17,0,17
219000057,65,1,64
219000062,21,86,-65
219000063,89,6,83
219000064,2,80,-78
219000110,609,36,573
219000111,177,64,113
219000112,214,99,115
219000113,111,185,-74
219000114,296,414,-118
219000116,86,74,12
219000117,164,103,61
219000118,567,53,514
219000123,313,106,207
219000124,166,66,100
219000125,20,27,-7
219000126,135,119,16
219000127,0,7,-7
219000128,26,130,-104
219000129,25,151,-126
219000130,479,501,-22
219000131,733,944,-211
219000133,128,44,84
219000134,13,28,-15
219000135,58,45,13
219000136,137,243,-106
219000138,65,24,41
219000139,11,58,-47
219000140,61,1,60
219000141,15,125,-110
219000142,14,108,-94
219000143,23,123,-100
219000145,14,39,-25
219000146,8,24,-16
219000147,4,24,-20
219000148,2,38,-36
219000149,10,68,-58
219000150,4,68,-64
219000151,2,49,-47
219000157,301,178,123
219000158,190,255,-65
219000161,112,9,103
219000163,1379,611,768
219000166,182,256,-74
219000167,230,216,14
219000168,322,189,133
219000174,434,179,255
219000175,72,5,67
219000176,77,12,65
219000177,54,2,52
219000178,36,7,29
219000179,22,4,18
219000180,42,26,16
219000182,159,14,145
219000183,104,38,66
219000184,104,10,94
219000185,2,52,-50
219000186,56,34,22
219000187,47,83,-36
219000189,117,162,-45
219000190,216,222,-6
219000191,1141,1253,-112
219000192,216,198,18
219000193,265,123,142
219000195,0,58,-58
219000196,7,123,-116
219000198,24,156,-132
219000199,66,295,-229
219000200,59,317,-258
219000201,99,268,-169
219000203,115,132,-17
219000204,404,221,183
219000205,139,139,0
219000207,186,245,-59
219000209,22,74,-52
219000210,79,118,-39
219000213,11,157,-146
219000239,259,326,-67
219000240,272,341,-69
219000241,106,200,-94
219000242,102,170,-68
219000243,121,263,-142
219000244,23,80,-57
219000245,70,110,-40
219000246,97,45,52
219000247,161,27,134
219000248,825,324,501
219000249,191,112,79
219000250,127,139,-12
219000251,516,265,251
219000252,224,174,50
219000253,504,111,393
219000255,204,86,118
219000256,438,81,357
219000257,135,0,135
219000262,339,127,212
219000263,92,164,-72
219000267,1,128,-127
219000268,7,4,3
219000269,7,3,4
219000270,13,0,13
219000271,117,6,111
219000278,0,9,-9
219000279,3,6,-3
219000283,0,12,-12
219000295,11,121,-110
219000296,72,609,-537
219000297,12,138,-126
219000298,25,165,-140
219000299,371,125,246
219000300,21,222,-201
219000301,269,404,-135
219000302,31,331,-300
219000307,73,50,23
219000308,56,98,-42
219000311,196,79,117
219000312,682,157,525
219000313,381,62,319
219000314,50,444,-394
219000315,246,72,174
219000316,576,51,525
219000317,93,18,75
219000320,0,77,-77
219000321,0,14,-14
219000323,4,80,-76
219000325,1,14,-13
219000326,37,68,-31
219000327,81,41,40
219000328,32,55,-23
219000329,289,115,174
219000330,44,44,0
219000331,86,38,48
219000332,108,75,33
219000333,18,9,9
219000335,67,1,66
219000337,38,0,38
219000338,69,2,67
219000344,114,74,40
219000345,45,108,-63
219000346,36,137,-101
219000348,158,78,80
219000349,62,192,-130
219000350,124,151,-27
219000351,6,6,0
219000352,396,50,346
219000353,71,46,25
219000354,169,143,26
219000355,185,74,111
219000356,1422,1445,-23
219000363,258,64,194
219000364,99,51,48
219000365,111,18,93
219000366,260,435,-175
219000368,497,578,-81
219000370,1203,533,670
219000371,17,40,-23
219000382,25,31,-6
219000383,677,958,-281
219000385,626,426,200
219000386,850,1205,-355
219000387,6,10,-4
219000390,12,5,7
219000391,1,3,-2
219000397,71,62,9
219000398,99,79,20
219000401,6,157,-151
219000402,84,174,-90
219000403,215,341,-126
219000404,37,168,-131
219000407,15,43,-28
219000409,47,60,-13
219000410,176,41,135
219000411,64,16,48
219000446,188,282,-94
219000447,0,23,-23
219000448,20,6,14
219000452,112,88,24
219000453,77,161,-84
219000454,288,258,30
219000556,272,117,155
219000558,238,194,44
219000590,45,165,-120
219000591,67,95,-28
219000592,128,346,-218
219000595,2,22,-20
219000635,318,64,254
219000636,21,117,-96
219000657,24,7,17
219000658,38,66,-28
219000673,0,26,-26
219000676,54,3,51
219000679,94,9,85
219000684,125,3,122
219000685,1,67,-66
219000686,1,2,-1
219000688,0,101,-101
219000689,36,352,-316
219000690,144,26,118
219000691,63,269,-206
219000692,144,40,104
219000693,0,20,-20
219000694,9,1,8
219000695,35,1,34
219000698,17,1,16
219000699,0,17,-17
219000727,5,119,-114
219000728,419,2,417
219000770,60,0,60
219000771,1,23,-22
219000788,751,198,553
219001150,1,35,-34
219001151,1,2,-1
219001166,27,27,0
219001167,2,171,-169
219001178,65,3,62
220000001,76,94,-18
220000002,8,115,-107
220000003,1010,268,742
220000004,999,486,513
220000005,1848,1610,238
220000006,469,975,-506
220000007,567,625,-58
220000008,417,977,-560
220000009,312,379,-67
220000010,218,153,65
220000011,598,3009,-2411
220000012,71,294,-223
220000014,131,63,68
220000015,64,150,-86
220000017,34,242,-208
220000018,3902,1987,1915
220000019,111,266,-155
220000020,395,305,90
220000021,712,199,513
220000022,618,469,149
220000023,372,134,238
220000024,1596,357,1239
220000025,751,789,-38
220000026,349,248,101
220000027,50,106,-56
220000028,45,50,-5
220000029,108,217,-109
220000030,235,68,167
220000031,422,405,17
220000064,18,806,-788
221000046,11,0,11
221000047,0,9,-9
221000048,0,8,-8
221000049,0,13,-13
221000050,32,0,32
221000055,57,54,3
221000057,76,10,66
221000068,232,146,86
221000069,298,73,225
221000070,156,17,139
221000071,71,2,69
221000072,228,16,212
221000073,285,72,213
221000074,2,20,-18
221000075,35,25,10
221000076,12,36,-24
221000077,31,129,-98
221000081,19,14,5
221000082,80,19,61
221000083,53,15,38
221000084,21,3,18
221000085,85,63,22
221000086,21,125,-104
221000087,12,156,-144
221000088,11,174,-163
221000089,29,258,-229
221000090,131,537,-406
221000098,116,18,98
221000099,178,15,163
221000100,89,5,84
221000101,184,26,158
221000102,123,19,104
221000109,9,95,-86
221000110,9,112,-103
221000111,14,238,-224
221000112,10,190,-180
221000113,19,208,-189
221000114,14,148,-134
221000120,61,42,19
221000121,1,35,-34
221000122,56,41,15
221000123,13,18,-5
221000124,44,245,-201
221000155,75,10,65
221000156,74,34,40
221000175,63,5,58
221000176,5,3,2
221000182,53,13,40
221000241,686,297,389
221000242,182,591,-409
221000243,534,202,332
221000244,263,544,-281
221000245,150,143,7
221000246,60,280,-220
221000247,65,133,-68
221000248,109,189,-80
221000267,58,584,-526
221000325,222,36,186
221000331,11,75,-64
221000338,7,36,-29
221000378,160,38,122
221000381,32,77,-45
222000282,18,3,15
222000296,3,31,-28
222000568,273,20,253
222000569,159,38,121
222000570,139,20,119
222000571,181,12,169
222000577,10,190,-180
222000578,42,202,-160
222000579,30,149,-119
222000580,76,1112,-1036
222000599,0,142,-142
222000600,2,426,-424
222000601,10,1155,-1145
222000603,42,34,8
222000604,4,48,-44
222000605,4,43,-39
222000606,5,17,-12
222000607,10,8,2
222000608,29,12,17
222000609,80,237,-157
222000616,312,35,277
222000617,6,45,-39
222000618,16,6,10
222000620,28,11,17
222000621,112,8,104
222000623,514,10,504
222000624,342,3,339
222000625,560,23,537
222000636,47,4,43
222000686,37,19,18
222000687,63,32,31
222001066,201,1,200
222001067,7,1,6
222001068,16,36,-20
222001069,34,28,6
222001082,6,42,-36
222001083,12,69,-57
222001084,0,40,-40
222001085,1,119,-118
222001111,18,172,-154
222001112,82,17,65
222001313,17,9,8
222001314,9,167,-158
222001464,190,78,112
222001465,27,178,-151
222001484,105,57,48
222001485,35,43,-8
222001494,424,151,273
222001495,170,306,-136
222001496,348,146,202
222001497,190,574,-384
222001502,13,105,-92
222001503,75,47,28
222001504,26,304,-278
222001505,306,17,289
222001506,58,351,-293
222001507,239,14,225
222001510,330,45,285
222001511,64,430,-366
222001514,507,209,298
222001515,245,613,-368
222001518,241,68,173
222001519,49,246,-197
222001527,189,105,84
222001528,55,211,-156
222001529,196,64,132
222001530,36,211,-175
222001533,176,318,-142
222001534,257,102,155
222001535,336,366,-30
222001536,175,310,-135
222001537,338,45,293
222001538,57,455,-398
222001563,593,124,469
222001564,52,615,-563
222001568,534,134,400
222001576,0,2,-2
222001579,0,9,-9
222001583,12,163,-151
222001584,55,27,28
222001596,995,1186,-191
222001597,2516,258,2258
222001626,1,171,-170
222001650,103,92,11
222001651,80,94,-14
222001914,173,52,121
222001915,71,218,-147
222001968,445,394,51
222001969,563,823,-260
222001970,185,222,-37
222001971,29,11,18
222001972,2,15,-13
225000001,481,249,232
225000002,830,150,680
225000003,740,104,636
225000004,376,316,60
225000005,99,65,34
225000006,0,255,-255
225000007,1865,1442,423
225000010,299,3,296
225000011,309,830,-521
225000012,187,452,-265
225000013,66,123,-57
225000014,591,82,509
225000015,76,156,-80
225000021,640,208,432
225000027,218,558,-340
225000032,629,158,471
225000042,89,670,-581
225000049,78,70,8
225000050,62,16,46
225000053,10,336,-326
225000058,601,163,438
225000067,344,132,212
225000068,172,349,-177
225000069,155,472,-317
225000070,120,420,-300
225000071,25,165,-140
225000075,32,1092,-1060
225000076,86,129,-43
225000078,59,96,-37
225000085,54,165,-111
225000086,186,76,110
225000087,343,19,324
225000088,9,169,-160
225000089,353,881,-528
225000090,26,427,-401
225000091,162,184,-22
225000092,44,69,-25
225000093,371,302,69
225000094,26,282,-256
225000095,306,384,-78
225000096,361,543,-182
225000098,549,328,221
225000099,313,207,106
225000100,230,199,31
225000104,139,413,-274
225000110,10,461,-451
225000111,206,990,-784
225000112,439,1135,-696
225000113,231,472,-241
225000114,57,220,-163
225000115,1647,666,981
225000116,957,261,696
225000117,840,269,571
225000118,857,256,601
225000119,153,72,81
225000120,916,43,873
225000121,255,25,230
225000123,474,18,456
225000125,395,206,189
225000126,842,202,640
225000127,645,991,-346
225000128,431,581,-150
225000132,275,47,228
225000133,266,42,224
225000134,608,187,421
225000135,52,8,44
225000136,246,20,226
225000137,332,77,255
225000138,344,68,276
225000143,67,324,-257
225000144,3,487,-484
225000145,117,49,68
225000146,89,121,-32
225000147,42,283,-241
225000148,22,205,-183
225000149,149,443,-294
225000151,37,231,-194
225000155,397,568,-171
225000156,187,799,-612
225000157,221,328,-107
225000158,60,265,-205
225000171,6,169,-163
225000180,55,3,52
225000181,0,55,-55
225000182,84,37,47
225000185,13,351,-338
225000187,116,279,-163
225000191,96,3,93
225000194,0,18,-18
225000208,2,43,-41
225000209,72,22,50
225000210,3,266,-263
225000217,0,19,-19
225000218,47,3,44
225000223,0,46,-46
225000224,186,0,186
225000225,1,55,-54
225000226,46,2,44
225000227,54,163,-109
225000228,18,32,-14
225000229,1,87,-86
225000230,146,2,144
225000231,1,83,-82
225000232,287,0,287
225000241,110,4,106
225000242,4,62,-58
225000249,23,0,23
225000250,55,1037,-982
225000251,360,38,322
226000042,353,531,-178
226000043,55,349,-294
226000044,151,603,-452
226000045,67,499,-432
226000046,304,181,123
226000047,353,139,214
226000048,346,140,206
226000049,243,241,2
226000070,0,65,-65
226000071,0,73,-73
226000072,0,8,-8
226000073,0,9,-9
226000074,0,8,-8
226000084,2,63,-61
226000085,0,10,-10
226000086,3,21,-18
226000087,28,24,4
226000088,65,13,52
226000090,115,90,25
226000091,20,16,4
226000092,33,7,26
226000093,23,2,21
226000094,21,5,16
226000095,43,24,19
226000105,35,1,34
226000106,11,0,11
226000107,9,0,9
226000108,44,0,44
226000109,73,0,73
226000124,92,62,30
226000134,542,396,146
226000135,1080,494,586
226000136,893,358,535
226000137,35,470,-435
226000138,13,249,-236
226000139,3,21,-18
226000156,108,12,96
226000157,656,17,639
226000163,61,67,-6
226000202,23,407,-384
226000231,420,13,407
226000232,59,22,37
227000033,270,60,210
227000036,266,35,231
227000037,253,34,219
227000038,231,39,192
227000049,1,20,-19
227000050,0,47,-47
227000055,101,1,100
227000056,33,1,32
227000084,4,103,-99
227000085,3,55,-52
227000088,53,7,46
227000089,142,0,142
227000090,41,2,39
227000091,18,0,18
227000093,114,0,114
227000094,26,0,26
227000130,41,66,-25
227000131,58,237,-179
227000132,22,249,-227
227000133,20,246,-226
227000134,26,373,-347
227000152,0,10,-10
227000153,0,56,-56
227000155,1,19,-18
227000156,0,11,-11
227000165,1,30,-29
227000196,248,246,2
227000199,321,511,-190
227000230,21,448,-427
227000232,490,17,473
227000242,70,507,-437
227000243,355,63,292
227000245,32,378,-346
227000246,102,540,-438
227000247,247,88,159
227000248,318,32,286
227000249,36,219,-183
227000250,498,138,360
227000251,146,278,-132
227000252,26,386,-360
227000253,115,31,84
227000262,248,55,193
227000266,995,30,965
227000267,49,1711,-1662
227000282,6,208,-202
227000284,529,28,501
227000286,6,79,-73
227000287,7,122,-115
227000291,12,529,-517
227000484,350,17,333
227000485,26,835,-809
227000655,166,28,138
227000656,517,37,480
227000657,144,14,130
227000661,363,36,327
227000680,223,50,173
229000265,15,39,-24
229000296,15,5,10
229000297,6,12,-6
229000298,4,102,-98
229000320,11,12,-1
229000321,81,10,71
229000412,5,42,-37
229000414,9,47,-38
229000415,36,0,36
229000416,3,0,3
229000417,2,11,-9
229000419,129,252,-123
229000440,389,69,320
229000442,14,1,13
229000443,5,4,1
229000444,2,21,-19
229000445,80,9,71
229000446,37,13,24
229000491,1,5,-4
229000492,3,49,-46
229000493,2,24,-22
229000494,13,2,11
229000495,72,6,66
229000496,28,5,23
229000507,0,19,-19
229000508,0,5,-5
229000509,0,19,-19
229000510,0,9,-9
229000511,3,16,-13
229000512,0,16,-16
229000513,0,0,0
229000514,0,2,-2
229000517,0,7,-7
229000518,6,9,-3
229000519,1,2,-1
229000520,6,16,-10
229000521,39,8,31
229000522,10,1,9
229000523,15,4,11
229000524,3,2,1
229000527,0,2,-2
229000528,1,0,1
229000529,1,0,1
229000530,13,0,13
229000531,15,0,15
229000532,6,9,-3
229000533,33,0,33
229000534,26,1,25
229000564,18,0,18
229000565,6,0,6
229000566,0,1,-1
229000567,2,16,-14
229000582,28,4,24
229000583,1,1,0
229000584,0,9,-9
229000585,1,14,-13
229000718,0,0,0
229000719,0,0,0
229000720,0,0,0
229000721,0,2,-2
229000722,0,2,-2
229000723,0,1,-1
229000724,0,0,0
229000725,0,0,0
229000738,0,0,0
229000739,0,0,0
229000740,1,0,1
229000741,1,0,1
229000742,2,0,2
229000743,3,0,3
229000744,1,0,1
229000745,0,0,0
229000746,6,0,6
229000847,77,0,77
229000848,47,0,47
229000849,101,3,98
229000851,42,0,42
229000854,0,32,-32
229000856,0,130,-130
229000857,0,50,-50
229000858,0,81,-81
229000919,19,138,-119
229000930,2,384,-382
229000937,159,12,147
229000966,39,20,19
229000981,25,80,-55
229000985,5,25,-20
229000986,1,5,-4
229000987,0,4,-4
229000988,2,3,-1
229000989,2,21,-19
229000990,15,0,15
229000991,3,1,2
229000992,9,19,-10
229000993,151,41,110
229000998,4,42,-38
229000999,35,14,21
229001034,0,10,-10
229001035,0,2,-2
229001037,44,7,37
229001042,6,12,-6
229001047,4,32,-28
229001050,41,34,7
229001168,0,0,0
229001200,17,7,10
229001338,0,31,-31
229001394,193,3,190
229001422,129,24,105
229001423,36,189,-153
229001431,69,63,6
229001432,57,83,-26
229001444,179,38,141
229001445,21,126,-105
229001479,10,0,10
229001503,194,126,68
229001504,133,242,-109
229001505,108,62,46
229001506,156,226,-70
229001509,57,17,40
229001545,97,7,90
229001546,8,177,-169
229001553,79,11,68
229001554,107,116,-9
229001559,2,15,-13
229001560,18,32,-14
229001630,71,7,64
229001631,12,23,-11
229001635,1,8,-7
229001636,4,2,2
229001658,2,185,-183
229001659,102,2,100
229001660,12,8,4
229001661,18,20,-2
229001662,20,0,20
229001663,0,22,-22
229002584,192,144,48
229002831,146,96,50
229002841,10,13,-3
229002842,24,26,-2
229002843,72,14,58
229002844,22,38,-16
229002845,5,54,-49
229002846,38,14,24
229002847,2,13,-11
229002848,28,19,9
229002849,1,39,-38
229002850,21,1,20
229002851,31,76,-45
229002852,129,29,100
229002853,123,12,111
229002854,16,50,-34
229002855,9,14,-5
229002856,21,28,-7
229002857,12,31,-19
229002858,27,7,20
229002859,25,16,9
229002860,131,9,122
229002861,113,44,69
229002862,74,19,55
229002863,20,18,2
229002864,51,16,35
229002865,14,6,8
229002866,16,21,-5
229002867,6,15,-9
229002868,22,9,13
229002869,10,140,-130
229002870,36,11,25
235000066,448,100,348
235000067,94,134,-40
235000072,26,127,-101
235000073,106,577,-471
235000074,81,53,28
235000080,30,96,-66
235000081,138,147,-9
235000082,248,100,148
235000083,168,163,5
235000084,78,78,0
235000085,119,80,39
235000089,77,57,20
235000092,70,266,-196
235000093,6,5,1
235000097,2,10,-8
235000098,56,20,36
235000099,63,19,44
235000116,98,18,80
235000117,748,15,733
235000133,4,547,-543
235000134,9,191,-182
235000206,12,1,11
235000207,7,0,7
235000208,1,2,-1
235000209,18,9,9
235000210,33,3,30
235000212,8,23,-15
235000213,11,14,-3
235000220,2,4,-2
235000221,70,11,59
235000238,3,52,-49
235000239,0,22,-22
235000242,250,494,-244
235000245,694,203,491
235000246,14,62,-48
235000284,9,108,-99
235000295,189,4,185
235000305,327,17,310
235000306,161,6,155
235000307,22,3,19
235000308,12,4,8
235000309,60,2,58
235000310,28,0,28
235000311,100,29,71
235000322,0,35,-35
235000323,1,67,-66
235000324,2,23,-21
235000325,7,4,3
235000326,9,194,-185
235000351,7,59,-52
235000352,5,30,-25
235000353,1,23,-22
235000354,2,63,-61
235000355,11,63,-52
235000356,139,18,121
235000357,21,8,13
235000358,98,14,84
235000359,11,3,8
235000360,62,8,54
235000361,52,6,46
235000381,70,248,-178
235000382,208,63,145
235000390,6,16,-10
235000391,117,25,92
235000392,288,385,-97
235000393,116,250,-134
235000395,66,77,-11
235000396,348,170,178
235000400,90,132,-42
235000401,43,156,-113
235000405,101,264,-163
235000406,44,274,-230
235000407,113,111,2
235000409,377,166,211
235000410,29,240,-211
235000411,1,73,-72
235000485,0,13,-13
235000486,12,0,12
235000549,358,86,272
235000550,89,187,-98
235000599,124,51,73
235000600,10,14,-4
235000601,17,27,-10
235000602,110,87,23
235000614,3,1,2
235000648,1,22,-21
235000649,87,5,82
235000685,1,12,-11
235000815,9,23,-14
235000834,0,13,-13
235000855,303,88,215
235000862,63,195,-132
235000891,0,4,-4
235000892,19,1,18
235000901,464,90,374
235000907,8,15,-7
235001010,161,71,90
235001029,598,362,236
235001030,356,371,-15
235001078,96,180,-84
235001079,91,122,-31
235001147,24,91,-67
235001166,21,80,-59
235001167,45,27,18
235001169,42,286,-244
235001188,0,7,-7
235001189,2,4,-2
235001197,12,32,-20
235001200,31,52,-21
235001207,370,122,248
235001210,113,207,-94
235001215,29,205,-176
235001239,1,71,-70
235001244,0,7,-7
235016267,0,69,-69
277101746,0,0,0
277102712,0,0,0
277103813,0,0,0
277103814,0,0,0
277103898,0,1,-1
277104249,0,3,-3
277104250,0,8,-8
277104251,0,2,-2
277104252,0,1,-1
990011530,2,178,-176
990014944,2,617,-615
990015176,53,35,18
990015618,0,156,-156
990016032,0,346,-346
990032570,1,33,-32
990070001,173,39,134
990070103,0,1,-1
990070601,0,45,-45
990070751,667,9,658
990070766,1,471,-470
990071180,513,186,327
990071343,26,1,25
990071387,0,38,-38
990071823,437,5,432
990072600,4,833,-829
990072964,0,384,-384
990073285,0,7,-7
990074393,2,856,-854
990074870,1196,16,1180
990075106,1359,16,1343
990075746,489,5,484
990076437,900,1,899
990076458,1,764,-763
997000007,839,8,831
997000041,1,214,-213
997000058,29,0,29
997000062,31,0,31
997000069,1,2,-1
997000070,0,26,-26
997000100,14,0,14
997000141,3,603,-600
997000198,341,696,-355
998000475,0,45,-45
998000736,2,186,-184
998000965,0,13,-13
998001031,0,66,-66
998001700,0,33,-33
998001899,0,0,0
998001900,5,3,2
998003073,1020,7,1013
998101900,0,0,0
998102850,3,177,-174
998501927,1074,516,558
998501929,74,0,74
998501930,58,4,54
998501931,190,31,159
998501932,12,1,11
998501933,49,2,47
998501937,40,1,39
998501944,5,0,5
998501950,0,3,-3
998501970,85,5,80
998501971,0,79,-79
998501973,0,33,-33
998501974,0,292,-292
998501975,272,6,266
998501976,201,1,200
998501977,0,38,-38
998501978,29,0,29
998501979,1,12,-11
998501980,139,1,138
998501981,36,1,35
998501982,0,70,-70
998501983,0,3,-3
998502006,0,1,-1
998502024,0,19,-19
998502032,0,4,-4
998502062,21,2,19
998502063,0,0,0
998502173,40,1,39
998502269,1,0,1
998502546,1,177,-176
998502578,0,6,-6
998502599,102,294,-192
998502621,0,0,0
998601159,1,214,-213
998601292,1,30,-29
999033574,1,457,-456
999800001,45,2,43
999800002,0,3,-3
999800003,1,1,0
999800004,0,2,-2
999800005,0,3,-3
