ID,insum,outsum,diff
100000001,138,65,73
100000002,1528,2277,-749
100000003,1052,2262,-1210
100000004,121,566,-445
100000005,900,1451,-551
100000006,10,45,-35
100000007,134,120,14
100000008,0,0,0
100000009,1,34,-33
100000010,0,13,-13
100000011,7,6,1
100000012,0,0,0
100000013,0,0,0
100000014,0,0,0
100000015,152,210,-58
100000016,0,0,0
100000017,0,0,0
100000018,77,64,13
100000019,148,322,-174
100000020,73,243,-170
100000021,0,0,0
100000022,82,120,-38
100000023,6,0,6
100000025,2,2,0
100000028,11,20,-9
100000029,0,0,0
100000030,0,0,0
100000031,111,481,-370
100000032,143,191,-48
100000033,126,145,-19
100000034,0,0,0
100000035,8,124,-116
100000036,57,73,-16
100000037,33,25,8
100000038,266,77,189
100000039,94,13,81
100000040,4,18,-14
100000041,81,46,35
100000042,92,73,19
100000043,37,30,7
100000044,0,0,0
100000045,0,0,0
100000046,0,0,0
100000047,0,0,0
100000048,0,0,0
100000049,0,0,0
100000051,0,0,0
100000053,1,0,1
100000054,10,4,6
100000055,0,0,0
100000056,11,26,-15
100000057,138,48,90
100000058,0,0,0
100000059,0,1,-1
100000060,102,37,65
100000061,126,35,91
100000062,115,56,59
100000063,108,77,31
100000064,163,20,143
100000065,30,2,28
100000066,6,1,5
100000067,21,3,18
100000068,6,9,-3
100000069,9,5,4
100000072,0,0,0
100000073,0,0,0
100000075,0,0,0
100000076,211,949,-738
100000077,36,92,-56
100000078,19,240,-221
100000079,1,149,-148
100000080,2,52,-50
100000081,2,22,-20
100000102,395,1440,-1045
100000103,135,124,11
100000104,80,131,-51
100000105,0,0,0
100000106,155,1439,-1284
100000107,13,386,-373
100000108,0,21,-21
100000109,107,41,66
100000116,103,194,-91
100000117,1,71,-70
100000118,437,67,370
100000119,159,13,146
100000121,38,12,26
100000122,117,98,19
100000123,294,126,168
100000124,88,77,11
100000125,31,57,-26
100000126,10,17,-7
100000127,0,4,-4
100000128,1,13,-12
100000129,9,24,-15
100000130,0,0,0
100000131,1,1,0
100000132,3,92,-89
100000133,276,85,191
100000135,113,59,54
100000139,65,118,-53
100000140,0,0,0
100000142,53,45,8
100000143,0,0,0
100000144,0,0,0
100000147,347,1070,-723
100000150,15,31,-16
100000151,105,478,-373
100000153,0,0,0
100000154,0,0,0
100000155,1,55,-54
100000156,12,123,-111
100000157,291,111,180
100000158,59,98,-39
100000159,7,59,-52
100000165,67,9,58
100000169,0,0,0
100000174,0,0,0
100000179,3,12,-9
100000180,0,0,0
100000181,4,1,3
100000188,0,0,0
100000189,155,40,115
100000190,55,255,-200
100000191,16,206,-190
100000192,3,238,-235
100000193,47,63,-16
100000330,0,0,0
100000355,9,4,5
100000362,167,81,86
100000363,1992,2695,-703
100000364,0,0,0
100000365,3015,1370,1645
100000366,475,297,178
100000367,2387,1954,433
100000368,85,74,11
100000369,56,816,-760
100000370,2,28,-26
100000376,0,1,-1
100000379,108,628,-520
100000380,967,1699,-732
100000384,1258,2302,-1044
100000385,143,723,-580
100000386,514,1232,-718
100000387,320,1333,-1013
100000388,1385,1078,307
100000389,1374,2177,-803
100000390,512,308,204
100000391,535,2049,-1514
100000392,143,212,-69
100000393,115,764,-649
100000394,100,303,-203
100000395,134,216,-82
100000396,236,349,-113
100000397,372,739,-367
100000398,2293,892,1401
100000413,0,0,0
100900002,0,0,0
100900003,0,0,0
100900004,0,0,0
100900005,0,0,0
100900006,0,0,0
100900007,0,0,0
100900008,0,0,0
100900009,0,0,0
100900010,0,0,0
100900011,0,0,0
100900012,0,0,0
100900013,0,0,0
100900014,0,0,0
100900015,0,0,0
100900016,0,0,0
100900017,0,0,0
100900018,0,0,0
100900019,0,0,0
100900020,0,0,0
100900021,0,0,0
100900022,0,0,0
100900023,0,0,0
100900024,0,0,0
100900025,0,0,0
100900026,0,0,0
100900027,2,0,2
100900028,0,0,0
100900029,0,0,0
100900030,0,0,0
100900031,0,0,0
100900032,0,0,0
100900033,0,0,0
100900034,0,0,0
100900035,0,0,0
100900036,0,0,0
100900037,0,0,0
100900038,0,0,0
100900039,0,0,0
100900040,0,0,0
100900041,0,0,0
100900042,10,2,8
100900043,0,0,0
100900044,0,0,0
100900045,0,0,0
100900046,0,0,0
100900047,0,0,0
100900048,0,0,0
100900049,0,0,0
100900050,0,0,0
100900051,0,0,0
100900052,0,0,0
100900053,0,0,0
100900054,0,0,0
100900055,0,0,0
100900056,0,0,0
100900057,0,0,0
100900058,0,0,0
100900059,0,0,0
100900060,0,0,0
100900061,0,0,0
100900062,0,0,0
100900063,0,0,0
100900064,0,0,0
100900065,0,0,0
100900066,0,0,0
100900067,0,0,0
100900068,0,0,0
100900069,0,0,0
100900070,0,0,0
100900071,0,0,0
100900072,0,0,0
100900073,0,0,0
100900074,0,0,0
100900075,0,0,0
100900076,0,0,0
100900077,0,0,0
100900078,0,0,0
100900079,0,0,0
100900080,0,0,0
100900081,0,0,0
100900082,0,0,0
100900083,0,0,0
100900085,0,0,0
100900086,0,0,0
100900088,0,0,0
100900089,0,0,0
100900090,0,0,0
100900091,0,0,0
100900092,0,0,0
100900093,0,0,0
100900094,0,0,0
100900095,0,0,0
100900096,0,0,0
100900097,0,0,0
100900098,0,0,0
100900099,0,0,0
100900100,0,0,0
100900101,0,0,0
100900102,0,0,0
100900103,0,0,0
100900104,0,0,0
100900105,0,0,0
100900106,0,0,0
100900107,0,0,0
100900108,0,0,0
100900109,0,0,0
100900110,0,0,0
100900111,0,0,0
100900112,0,0,0
100900113,0,0,0
100900114,0,0,0
100900115,0,0,0
100900116,0,0,0
100900117,0,0,0
100900118,0,0,0
100900119,0,0,0
100900120,0,0,0
100900121,0,0,0
100900122,0,0,0
100900123,0,0,0
100900124,0,0,0
100900125,0,0,0
100900126,0,0,0
100900127,0,0,0
100900128,0,0,0
100900129,0,0,0
100900131,0,0,0
100900133,0,0,0
100900134,0,0,0
100900135,0,0,0
100900137,0,0,0
100900138,0,0,0
100900139,0,0,0
100900140,0,0,0
100900141,0,0,0
100900142,0,0,0
100900143,0,0,0
100900144,0,0,0
100900145,0,0,0
100900146,0,0,0
100900147,0,0,0
100900148,0,0,0
100900149,0,0,0
100900150,0,0,0
100900151,0,0,0
100900152,0,0,0
100900153,0,0,0
100900154,0,0,0
100900155,0,0,0
100900156,0,0,0
100900157,0,0,0
100900159,0,0,0
100900160,0,0,0
100900161,0,0,0
100900162,0,0,0
100900163,0,0,0
100900164,0,0,0
100900165,0,0,0
100900166,0,0,0
100900167,0,0,0
100900168,0,0,0
100900169,0,0,0
100900170,0,0,0
100900171,0,0,0
100900172,0,0,0
100900173,0,0,0
100900174,0,0,0
100900176,0,0,0
100900177,0,0,0
100900178,0,0,0
100900179,0,0,0
100900180,0,0,0
100900181,0,0,0
100900182,0,0,0
100900184,0,0,0
100900186,0,0,0
100900187,0,0,0
100900188,0,0,0
100900189,0,0,0
100900191,0,0,0
100900192,0,0,0
100900195,0,0,0
100900197,0,0,0
100900198,0,0,0
100900199,0,0,0
100900200,0,0,0
100900201,0,0,0
100900202,0,0,0
100900203,0,0,0
100900204,0,0,0
100900205,0,0,0
100900206,0,0,0
100900207,0,0,0
100900210,0,0,0
100900211,0,0,0
100900213,0,0,0
100900214,0,0,0
100900215,0,0,0
100900217,0,0,0
101000001,103,287,-184
101000002,45,108,-63
101000003,11,69,-58
101000004,1205,1443,-238
101000005,629,1326,-697
101000006,347,83,264
101000007,25,359,-334
101000008,271,700,-429
101000009,169,56,113
101000010,80,36,44
101000011,24,72,-48
101000012,0,0,0
101000013,28,118,-90
101000014,41,136,-95
101000015,36,22,14
101000016,0,0,0
101000017,0,0,0
101000018,90,10,80
101000020,62,32,30
101000021,28,131,-103
101000022,0,0,0
101000023,34,224,-190
101000025,0,0,0
101000026,0,0,0
101000027,71,190,-119
101000028,0,0,0
101000029,0,0,0
101000030,0,0,0
101000031,0,13,-13
101000032,578,979,-401
101000033,11,6,5
101000034,45,123,-78
101000035,0,0,0
101000036,5,42,-37
101000037,52,311,-259
101000039,0,0,0
101000040,64,138,-74
101000041,881,1770,-889
101000042,10,191,-181
101000043,20,150,-130
101000045,60,210,-150
101000046,219,396,-177
101000047,399,273,126
101000048,44,62,-18
101000049,0,1,-1
101000050,58,201,-143
101000051,51,445,-394
101000052,125,610,-485
101000053,155,130,25
101000054,146,58,88
101000055,387,665,-278
101000056,0,0,0
101000057,45,3,42
101000058,57,352,-295
101000059,266,1329,-1063
101000060,38,6,32
101000061,84,1187,-1103
101000062,20,2,18
101000063,64,710,-646
101000064,27,3,24
101000065,62,292,-230
101000066,77,193,-116
101000067,33,3,30
101000068,60,125,-65
101000069,77,3,74
101000070,146,8,138
101000071,87,61,26
101000072,725,440,285
101000073,202,158,44
101000074,1327,396,931
101000075,1696,318,1378
101000077,311,87,224
101000078,59,65,-6
101000079,252,226,26
101000080,46,7,39
101000081,307,134,173
101000082,50,30,20
101000083,314,178,136
101000084,21,7,14
101000085,461,311,150
101000086,0,0,0
101000087,0,0,0
101000088,359,141,218
101000089,143,94,49
101000090,0,0,0
101000091,13,3,10
101000092,322,50,272
101000093,137,74,63
101000094,21,35,-14
101000095,3,20,-17
101000096,96,47,49
101000097,2,8,-6
101000098,1,11,-10
101000099,17,116,-99
101000100,1,6,-5
101000101,82,35,47
101000102,41,103,-62
101000103,81,45,36
101000104,25,135,-110
101000105,1,56,-55
101000106,0,0,0
101000107,0,0,0
101000108,0,0,0
101000109,0,0,0
101000110,0,0,0
101000111,0,0,0
101000113,0,0,0
101000114,218,149,69
101000115,0,0,0
101000116,0,0,0
101000117,0,0,0
101000119,0,0,0
101000120,0,0,0
101000121,0,0,0
101000122,0,0,0
101000123,0,0,0
101000124,0,0,0
101000125,2,1,1
101000128,0,0,0
101000130,30,11,19
101000131,66,28,38
101000132,3,2,1
101000135,0,0,0
101000136,0,0,0
101000137,0,0,0
101000141,186,1763,-1577
101000147,4,7,-3
101000148,0,0,0
101000149,0,0,0
101000150,0,0,0
101000151,0,0,0
101000152,7,5,2
101000153,16,16,0
101000154,17,4,13
101000155,0,0,0
101000156,0,0,0
101000157,0,0,0
101000160,0,0,0
101000163,46,206,-160
101000164,0,0,0
101000165,71,77,-6
101000166,35,32,3
101000168,0,0,0
101000252,394,79,315
101000254,0,0,0
101000258,0,0,0
101000261,15,0,15
101000262,175,2279,-2104
101000263,42,241,-199
101000265,0,0,0
101000266,0,0,0
101000269,0,0,0
101000290,114,95,19
101000293,0,0,0
101000294,32,10,22
101000295,4,11,-7
101000301,7,2,5
101000304,131,544,-413
101000305,310,340,-30
101000328,25,170,-145
101900001,0,0,0
101900002,0,0,0
101900003,0,0,0
101900004,0,0,0
101900005,0,0,0
101900006,0,0,0
101900007,0,0,0
101900008,0,0,0
101900009,0,0,0
101900010,0,0,0
101900011,0,0,0
101900012,0,0,0
101900013,0,0,0
101900017,0,0,0
101900018,0,0,0
101900019,0,0,0
101900020,0,0,0
101900021,0,0,0
101900022,0,0,0
101900023,0,0,0
101900026,0,0,0
101900027,0,0,0
102000001,288,479,-191
102000002,79,58,21
102000003,85,340,-255
102000004,106,428,-322
102000005,63,305,-242
102000006,31,363,-332
102000007,31,440,-409
102000008,337,269,68
102000009,408,612,-204
102000010,296,302,-6
102000011,265,563,-298
102000012,379,359,20
102000018,101,164,-63
102000019,0,0,0
102000026,0,0,0
102000029,0,0,0
102000030,0,0,0
102000031,0,0,0
102000032,0,0,0
102000033,0,0,0
102000034,0,0,0
102000035,0,0,0
102000036,0,0,0
102000037,0,0,0
102000038,0,0,0
102000039,0,0,0
102000040,0,0,0
102000041,0,0,0
102000042,0,0,0
102000043,0,0,0
102000044,0,0,0
102000045,69,91,-22
102000046,0,0,0
102000047,36,67,-31
102000048,0,0,0
102000049,0,0,0
102000050,133,59,74
102000051,0,0,0
102000052,152,79,73
102000053,0,0,0
102000054,62,4,58
102000055,60,1,59
102000056,352,38,314
102000057,56,120,-64
102000058,32,5,27
102000059,40,19,21
102000060,511,364,147
102000061,2,6,-4
102000062,197,179,18
102000063,5,5,0
102000064,10,38,-28
102000065,0,2,-2
102000066,27,20,7
102000067,17,129,-112
102000068,321,358,-37
102000069,0,0,0
102000070,0,0,0
102000071,769,435,334
102000072,354,371,-17
102000073,0,0,0
102000074,0,0,0
102000075,0,0,0
102000076,0,0,0
102000077,4,1,3
102000078,0,0,0
102000079,3,1,2
102000080,0,0,0
102000081,18,1,17
102000082,0,0,0
102000083,0,0,0
102000084,186,25,161
102000085,0,0,0
102000086,161,60,101
102000087,4,6,-2
102000088,9,41,-32
102000089,65,69,-4
102000090,83,136,-53
102000091,245,168,77
102000092,49,53,-4
102000093,152,160,-8
102000094,28,63,-35
102000095,0,0,0
102000096,170,110,60
102000097,0,0,0
102000098,33,18,15
102000099,27,4,23
102000100,2,18,-16
102000101,5,45,-40
102000102,11,27,-16
102000103,18,39,-21
102000104,0,0,0
102000105,0,0,0
102000106,0,0,0
102000107,0,0,0
102000108,0,0,0
102000109,0,0,0
102000110,0,0,0
102000111,0,0,0
102000112,0,0,0
102000113,0,0,0
102000114,0,0,0
102000115,0,0,0
102000116,1,84,-83
102000117,0,0,0
102000118,26,345,-319
102000119,0,0,0
102000120,0,0,0
102000121,0,0,0
102000122,0,0,0
102000123,0,0,0
102000124,0,0,0
102000125,0,0,0
102000126,0,0,0
102000127,0,0,0
102000128,0,0,0
102000129,0,0,0
102000130,0,0,0
102000131,0,0,0
102000132,0,0,0
102000133,250,50,200
102000134,66,104,-38
102000135,0,0,0
102000136,0,0,0
102000137,0,0,0
102000138,0,0,0
102000139,0,0,0
102000140,0,0,0
102000141,0,0,0
102000142,0,0,0
102000143,0,0,0
102000144,0,0,0
102000145,0,0,0
102000146,0,0,0
102000147,0,0,0
102000148,0,0,0
102000149,0,0,0
102000150,0,0,0
102000151,0,0,0
102000152,0,0,0
102000153,0,0,0
102000154,0,0,0
102000155,0,0,0
102000156,0,0,0
102000157,0,0,0
102000158,0,0,0
102000159,0,0,0
102000161,0,0,0
102000162,0,0,0
102000163,0,1,-1
102000164,0,0,0
102000165,0,0,0
102000166,0,2,-2
102000167,0,0,0
102000168,3,0,3
102000169,1,3,-2
102000170,0,0,0
102000171,0,0,0
102000172,2,1,1
102000173,1,11,-10
102000174,0,0,0
102000175,4,8,-4
102000176,0,0,0
102000178,1,9,-8
102000179,5,22,-17
102000180,43,1,42
102000181,63,6,57
102000182,25,3,22
102000183,214,96,118
102000184,39,6,33
102000185,301,57,244
102000186,13,7,6
102000187,32,7,25
102000188,266,69,197
102000189,12,15,-3
102000190,69,80,-11
102000191,52,24,28
102000192,0,0,0
102000193,0,0,0
102000194,0,0,0
102000195,0,0,0
102000196,0,0,0
102000197,0,0,0
102000198,0,0,0
102000199,0,0,0
102000200,0,0,0
102000201,0,0,0
102000202,0,0,0
102000203,0,0,0
102000204,0,0,0
102000205,0,0,0
102000206,0,0,0
102000207,0,0,0
102000208,0,0,0
102000209,0,0,0
102000210,0,0,0
102000211,0,0,0
102000212,0,0,0
102000213,0,0,0
102000214,0,0,0
102000215,0,0,0
102000216,0,0,0
102000217,0,0,0
102000218,0,0,0
102000219,0,0,0
102000225,184,162,22
102000226,0,0,0
102000227,0,0,0
102000228,0,0,0
102000229,0,0,0
102000230,6,45,-39
102000231,0,0,0
102000232,0,0,0
102000233,53,64,-11
102000234,19,202,-183
102000236,0,0,0
102000237,0,0,0
102000238,0,0,0
102000240,0,0,0
102000241,0,0,0
102000243,1,1,0
102000245,0,0,0
102000246,0,0,0
102000247,23,45,-22
102000248,33,203,-170
102000249,0,0,0
102000250,0,0,0
102000254,43,27,16
102000266,0,0,0
102000271,0,0,0
102000286,0,0,0
102000297,0,0,0
102000301,0,0,0
102000303,0,0,0
102000307,0,0,0
102900001,0,0,0
102900002,0,0,0
102900003,0,0,0
102900005,0,0,0
102900006,0,0,0
102900007,0,0,0
102900008,0,0,0
102900009,0,0,0
102900010,0,0,0
102900011,0,0,0
102900012,0,0,0
102900013,0,0,0
102900015,0,0,0
102900016,0,0,0
102900017,0,0,0
102900018,0,0,0
102900019,0,0,0
102900020,0,0,0
102900021,0,0,0
102900022,0,0,0
102900023,0,0,0
102900024,0,0,0
102900025,0,0,0
102900026,0,0,0
102900027,0,0,0
102900028,0,0,0
102900029,0,0,0
102900030,0,0,0
102900031,0,0,0
102900032,0,0,0
102900033,0,0,0
102900034,0,0,0
102900035,0,0,0
102900036,0,0,0
102900037,0,0,0
102900038,0,0,0
102900039,0,0,0
102900040,0,0,0
102900041,0,0,0
102900042,0,0,0
102900043,0,0,0
102900044,0,0,0
102900045,0,0,0
102900046,0,0,0
102900047,0,0,0
102900048,0,0,0
102900049,0,0,0
102900050,0,0,0
102900051,0,0,0
102900053,0,0,0
102900054,0,0,0
102900055,0,0,0
102900056,0,0,0
102900057,0,0,0
102900058,0,0,0
102900059,0,0,0
102900060,0,0,0
102900061,0,0,0
102900062,0,0,0
102900063,0,0,0
102900064,0,0,0
102900065,0,0,0
102900066,0,0,0
102900068,0,0,0
102900070,0,0,0
102900072,0,0,0
102900073,0,0,0
102900075,0,0,0
102900076,0,0,0
102900077,0,0,0
102900078,0,0,0
102900079,0,0,0
102900080,0,0,0
102900081,0,0,0
102900082,0,0,0
102900083,0,0,0
102900084,0,0,0
102900085,0,0,0
102900086,0,0,0
102900087,0,0,0
102900088,0,0,0
102900089,0,0,0
102900090,0,0,0
102900091,0,0,0
102900092,0,0,0
102900094,0,0,0
102900095,0,0,0
102900096,0,0,0
102900097,0,0,0
103000001,114,61,53
103000002,42,64,-22
103000003,81,107,-26
103000004,1,17,-16
103000005,565,340,225
103000006,195,164,31
103000007,4,5,-1
103000008,0,0,0
103000009,135,101,34
103000010,0,0,0
103000011,20,38,-18
103000012,448,484,-36
103000013,125,10,115
103000014,370,732,-362
103000015,0,0,0
103000016,30,106,-76
103000017,76,32,44
103000018,0,0,0
103000019,126,102,24
103000020,4,83,-79
103000021,957,693,264
103000022,48,28,20
103000023,408,771,-363
103000024,0,0,0
103000025,3,147,-144
103000026,0,0,0
103000027,65,61,4
103000028,13,44,-31
103000029,43,62,-19
103000030,16,54,-38
103000031,156,358,-202
103000032,170,256,-86
103000033,1812,699,1113
103000034,9,28,-19
103000035,65,214,-149
103000036,7,203,-196
103000037,10,4,6
103000038,221,272,-51
103000039,5,49,-44
103000040,19,72,-53
103000041,208,228,-20
103000042,47,8,39
103000043,70,99,-29
103000044,0,0,0
103000046,0,0,0
103000047,0,0,0
103000048,0,0,0
103000049,0,0,0
103000050,0,0,0
103000051,0,0,0
103000052,0,0,0
103000053,0,0,0
103000054,294,11,283
103000055,538,64,474
103000056,34,20,14
103000057,271,201,70
103000058,218,16,202
103000059,34,29,5
103000060,154,13,141
103000061,69,86,-17
103000062,0,0,0
103000063,133,63,70
103000064,0,0,0
103000065,0,0,0
103000066,0,0,0
103000069,0,0,0
103000070,0,0,0
103000071,91,38,53
103000072,0,0,0
103000073,132,3,129
103000074,111,8,103
103000075,0,0,0
103000076,16,46,-30
103000077,0,0,0
103000078,102,71,31
103000079,22,48,-26
103000080,146,28,118
103000081,3,134,-131
103000082,124,19,105
103000083,0,0,0
103000084,13,2,11
103000085,0,0,0
103000086,147,127,20
103000087,64,184,-120
103000088,0,0,0
103000089,59,123,-64
103000090,633,312,321
103000091,46,103,-57
103000092,325,38,287
103000093,0,0,0
103000094,111,16,95
103000095,0,0,0
103000096,163,17,146
103000097,0,0,0
103000098,206,20,186
103000099,0,0,0
103000100,0,0,0
103000101,168,10,158
103000102,0,0,0
103000103,91,19,72
103000104,1,0,1
103000105,17,2,15
103000106,0,0,0
103000107,70,8,62
103000108,107,17,90
103000109,17,7,10
103000110,97,59,38
103000111,0,0,0
103000112,42,16,26
103000113,0,0,0
103000114,289,116,173
103000115,54,12,42
103000116,72,13,59
103000117,104,14,90
103000118,0,0,0
103000119,0,0,0
103000120,0,0,0
103000121,3,10,-7
103000122,243,931,-688
103000125,1,7,-6
103000126,111,1,110
103000127,0,3,-3
103000128,2,0,2
103000129,1,7,-6
103000130,36,0,36
103000131,6,27,-21
103000132,1,7,-6
103000133,0,25,-25
103000134,131,60,71
103000135,104,72,32
103000136,398,81,317
103000137,26,182,-156
103000138,83,205,-122
103000139,0,0,0
103000140,27,28,-1
103000141,0,0,0
103000142,9,17,-8
103000143,0,0,0
103000144,37,18,19
103000145,0,0,0
103000150,0,0,0
103000152,0,0,0
103000153,58,41,17
103000156,0,19,-19
103000157,18,0,18
103000159,0,0,0
103000162,0,0,0
103000163,0,38,-38
103000164,0,0,0
103000165,0,0,0
103000166,53,57,-4
103000167,5,4,1
103000168,0,0,0
103000169,31,19,12
103000170,432,327,105
103000171,2,1,1
103000172,109,16,93
103000173,0,0,0
103000174,100,11,89
103000175,0,0,0
103000176,10,18,-8
103000177,0,0,0
103000178,0,0,0
103000179,0,0,0
103000183,83,0,83
103000185,16,0,16
103000186,50,7,43
103000187,0,0,0
103000188,0,0,0
103000189,0,0,0
103000191,2,1,1
103000292,2,49,-47
103000293,25,174,-149
103000295,69,11,58
103000296,14,0,14
103000297,3,0,3
103000504,0,0,0
103000505,0,2,-2
103000506,0,0,0
103000507,0,0,0
103000508,0,0,0
103000509,0,0,0
103900001,0,0,0
103900002,0,0,0
103900003,0,0,0
103900004,0,0,0
103900005,0,0,0
103900006,0,0,0
103900007,0,0,0
103900008,0,0,0
103900009,0,0,0
103900010,0,0,0
103900011,0,0,0
103900012,0,0,0
103900013,0,0,0
103900014,0,0,0
103900015,0,0,0
103900016,0,0,0
103900017,0,0,0
103900018,0,0,0
103900019,0,0,0
103900020,0,0,0
103900021,0,0,0
103900022,0,0,0
103900023,0,0,0
103900024,0,0,0
103900025,0,0,0
103900026,0,0,0
103900027,0,0,0
103900028,0,0,0
103900029,0,0,0
103900030,0,0,0
103900031,0,0,0
103900032,0,0,0
103900033,0,0,0
103900034,0,0,0
103900035,0,0,0
103900036,0,0,0
103900037,0,0,0
103900038,0,0,0
103900039,0,0,0
103900040,0,0,0
103900041,0,0,0
103900042,0,0,0
103900043,0,0,0
103900044,0,0,0
103900045,0,0,0
103900047,0,0,0
103900048,0,0,0
103900049,0,0,0
103900050,0,0,0
103900051,0,0,0
103900052,0,0,0
103900053,0,0,0
103900054,0,0,0
103900055,0,0,0
103900056,0,0,0
103900057,0,0,0
103900058,0,0,0
103900059,0,0,0
103900060,0,0,0
103900061,0,0,0
103900062,0,0,0
103900063,0,0,0
103900064,0,0,0
103900065,0,0,0
103900066,0,0,0
103900067,0,0,0
103900068,0,0,0
103900069,0,0,0
103900070,0,0,0
103900071,0,0,0
103900072,0,0,0
103900073,0,0,0
103900074,0,0,0
103900075,0,0,0
103900076,0,0,0
103900077,0,0,0
103900078,0,0,0
103900079,0,0,0
103900080,0,0,0
103900081,0,0,0
103900082,0,0,0
103900083,0,0,0
103900084,0,0,0
103900085,0,0,0
103900086,0,0,0
103900088,0,0,0
103900089,0,0,0
103900090,0,0,0
103900091,0,0,0
103900092,0,0,0
103900093,0,0,0
103900094,0,0,0
103900095,0,0,0
103900096,0,0,0
103900097,0,0,0
103900098,0,0,0
103900099,0,0,0
103900100,0,0,0
103900101,0,0,0
103900102,0,0,0
103900104,0,0,0
103900105,0,0,0
103900106,0,0,0
103900107,0,0,0
103900108,0,0,0
103900109,0,0,0
103900110,0,0,0
103900111,0,0,0
103900112,0,0,0
103900113,0,0,0
103900114,0,0,0
103900115,0,0,0
103900116,0,0,0
103900117,0,0,0
103900119,0,0,0
103900120,0,0,0
103900122,0,0,0
103900123,0,0,0
103900124,0,0,0
103900125,0,0,0
103900126,0,0,0
103900127,0,0,0
103900128,0,0,0
103900131,0,0,0
103900133,0,0,0
103900134,0,0,0
103900135,0,0,0
103900137,0,0,0
103900138,0,0,0
103900139,0,0,0
103900140,0,0,0
103900141,0,0,0
103900142,0,0,0
103900143,0,0,0
103900144,0,0,0
103900145,0,0,0
103900146,0,0,0
103900147,0,0,0
103900148,0,0,0
103900149,0,0,0
103900150,0,0,0
103900151,0,0,0
103900152,0,0,0
103900153,0,0,0
103900154,0,0,0
103900155,0,0,0
103900156,0,0,0
103900157,0,0,0
103900158,0,0,0
103900159,0,0,0
103900160,0,0,0
103900161,0,0,0
103900162,0,0,0
103900163,0,0,0
103900167,0,0,0
103900168,0,0,0
103900169,0,0,0
103900170,0,0,0
103900171,0,0,0
103900172,0,0,0
103900173,0,0,0
103900174,0,0,0
103900175,0,0,0
103900176,0,0,0
103900177,0,0,0
103900178,0,0,0
103900179,0,0,0
103900180,0,0,0
103900181,0,0,0
103900182,0,0,0
103900184,0,0,0
103900185,0,0,0
103900187,0,0,0
103900188,0,0,0
103900189,0,0,0
103900190,0,0,0
103900191,0,0,0
103900192,0,0,0
103900193,0,0,0
103900194,0,0,0
103900195,0,0,0
103900196,0,0,0
103900197,0,0,0
103900198,0,0,0
103900199,0,0,0
103900200,0,0,0
103900201,0,0,0
103900202,0,0,0
103900203,0,0,0
103900204,0,0,0
103900207,0,0,0
103900208,0,0,0
103900209,0,0,0
103900210,0,0,0
103900211,0,0,0
103900212,0,0,0
103900213,7,70,-63
103900214,18,120,-102
103900215,35,62,-27
103900216,0,0,0
103900217,0,0,0
103900218,0,0,0
103900219,0,0,0
103900233,0,0,0
103900235,0,0,0
103900236,0,0,0
103900242,0,0,0
103900243,0,0,0
103900244,0,0,0
103900245,0,0,0
103900246,0,0,0
103900247,0,0,0
103900248,0,0,0
103900249,0,0,0
103900250,0,0,0
103900251,0,0,0
103900253,0,0,0
103900254,0,0,0
103900255,0,0,0
103900256,0,0,0
103900257,0,0,0
103900258,0,0,0
103900259,0,0,0
103900261,0,0,0
103900262,0,0,0
103900263,0,0,0
103900264,0,0,0
103900265,0,0,0
103900266,0,0,0
103900267,0,0,0
103900268,0,0,0
103900269,0,0,0
103900270,0,0,0
103900271,0,0,0
103900272,0,0,0
103900273,0,0,0
103900274,0,0,0
103900275,0,0,0
103900276,0,0,0
103900277,0,0,0
103900278,0,0,0
103900279,0,0,0
103900280,0,0,0
104000001,551,305,246
104000002,32,117,-85
104000003,844,461,383
104000004,753,304,449
104000005,514,631,-117
104000006,1171,296,875
104000007,940,217,723
104000008,128,83,45
104000009,155,59,96
104000010,108,96,12
104000011,0,0,0
104000012,0,0,0
104000013,152,61,91
104000014,0,0,0
104000015,138,32,106
104000016,0,0,0
104000018,209,130,79
104000019,281,185,96
104000020,59,96,-37
104000021,110,89,21
104000022,9,40,-31
104000023,214,11,203
104000024,0,0,0
104000026,0,0,0
104000027,22,26,-4
104000028,227,45,182
104000029,22,39,-17
104000030,260,70,190
104000031,106,35,71
104000032,0,0,0
104000033,294,12,282
104000034,0,0,0
104000035,462,20,442
104000036,323,68,255
104000037,0,0,0
104000038,198,64,134
104000039,83,40,43
104000040,34,68,-34
104000041,99,26,73
104000042,56,21,35
104000043,60,21,39
104000044,93,19,74
104000045,93,26,67
104000046,95,98,-3
104000047,30,236,-206
104000048,149,364,-215
104000049,1,0,1
104000050,0,1,-1
104000051,0,0,0
104000052,231,125,106
104000053,96,62,34
104000054,1,6,-5
104000055,375,148,227
104000056,60,0,60
104000057,0,0,0
104000058,242,65,177
104000059,102,207,-105
104000060,230,77,153
104000061,54,41,13
104000062,24,6,18
104000064,0,0,0
104000065,1,7,-6
104000069,0,0,0
104000070,0,0,0
104000071,0,0,0
104000072,33,10,23
104000075,0,0,0
104000076,0,0,0
104000082,188,286,-98
104000083,15,12,3
104000084,3,37,-34
104000085,12,6,6
104000086,4,19,-15
104000087,3,0,3
104000090,0,0,0
104000092,0,0,0
104000094,0,0,0
104000095,47,367,-320
104000096,247,0,247
104000097,625,55,570
104000098,999,72,927
104000100,1205,108,1097
104000101,213,220,-7
104000106,9,16,-7
104000107,137,20,117
104000108,62,4,58
104000109,64,2,62
104000110,34,15,19
104000111,103,25,78
104000112,8,19,-11
104000116,0,0,0
104000117,87,20,67
104000118,36,0,36
104000119,32,17,15
104000120,15,3,12
104000121,0,20,-20
104000122,232,27,205
104000123,62,124,-62
104000124,332,497,-165
104000125,92,73,19
104000126,234,95,139
104000127,89,381,-292
104000128,224,21,203
104000129,125,1,124
104000130,1,2,-1
104000131,0,0,0
104000132,0,0,0
104000133,24,25,-1
104000134,101,91,10
104000135,52,183,-131
104000136,279,227,52
104000137,338,90,248
104000138,0,0,0
104000139,598,398,200
104000141,110,193,-83
104000142,0,0,0
104000143,0,0,0
104000144,0,0,0
104000145,296,28,268
104000146,0,0,0
104000147,0,0,0
104000148,59,36,23
104000149,0,0,0
104000150,328,138,190
104000151,0,0,0
104000152,0,0,0
104000153,124,73,51
104000154,0,0,0
104000155,129,94,35
104000157,73,3,70
104000158,11,8,3
104000159,9,3,6
104000160,238,73,165
104000161,33,24,9
104000162,28,110,-82
104000165,193,421,-228
104000167,113,163,-50
104000168,82,0,82
104000169,76,3,73
104000170,0,0,0
104000248,0,0,0
104000251,0,0,0
104000272,0,0,0
104000273,0,0,0
104000274,0,0,0
104000275,0,0,0
104000279,15,118,-103
104000290,0,0,0
104000291,160,178,-18
104000293,107,83,24
104000294,0,0,0
104000295,86,58,28
104000296,260,174,86
104000297,54,149,-95
104000298,384,86,298
104000299,183,131,52
104900001,0,0,0
104900002,0,0,0
104900003,0,0,0
104900004,0,0,0
104900005,0,0,0
104900006,0,0,0
104900007,0,0,0
104900009,0,0,0
104900010,0,0,0
104900011,0,0,0
104900012,0,0,0
104900013,0,0,0
104900014,0,0,0
104900015,0,0,0
104900016,0,0,0
104900017,0,0,0
104900018,0,0,0
104900019,0,0,0
104900020,0,0,0
104900021,0,0,0
104900022,0,0,0
104900023,0,0,0
104900024,0,0,0
104900025,0,0,0
104900026,0,0,0
104900027,0,0,0
104900028,0,0,0
104900029,0,0,0
104900030,0,0,0
104900031,0,0,0
104900032,0,0,0
104900033,0,0,0
104900034,0,0,0
104900035,0,0,0
104900036,0,0,0
104900037,0,0,0
104900038,0,0,0
104900039,0,0,0
104900040,0,0,0
104900041,0,0,0
104900042,0,0,0
104900043,0,0,0
104900044,0,0,0
104900045,0,0,0
104900046,0,0,0
104900047,0,0,0
104900048,0,0,0
104900049,0,0,0
104900050,0,0,0
104900051,0,0,0
104900052,0,0,0
104900053,0,0,0
104900054,0,0,0
104900055,0,0,0
104900056,0,0,0
104900057,0,0,0
104900058,0,0,0
104900059,0,0,0
104900060,0,0,0
104900061,0,0,0
104900063,0,0,0
104900064,0,0,0
104900065,0,0,0
104900066,0,0,0
104900067,0,0,0
104900068,0,0,0
104900070,0,0,0
104900071,0,0,0
104900072,0,0,0
104900073,0,0,0
104900074,0,0,0
104900075,0,0,0
104900076,0,0,0
104900077,0,0,0
104900078,0,0,0
104900079,0,0,0
104900080,0,0,0
104900082,0,0,0
104900085,0,0,0
104900087,0,0,0
104900089,0,0,0
104900090,0,0,0
104900091,0,0,0
104900093,0,0,0
104900097,0,0,0
104900098,0,0,0
104900099,0,0,0
104900100,0,0,0
104900102,0,0,0
104900103,0,0,0
104900104,0,0,0
104900106,0,0,0
104900107,0,0,0
104900108,0,0,0
104900109,0,0,0
104900110,0,0,0
104900111,0,0,0
104900112,0,0,0
104900113,0,0,0
104900114,0,0,0
104900115,0,0,0
104900116,0,0,0
104900118,0,0,0
104900119,0,0,0
104900120,0,0,0
104900121,0,0,0
104900122,0,0,0
104900123,0,0,0
104900124,0,0,0
104900125,0,0,0
104900126,0,0,0
104900127,0,0,0
104900128,0,0,0
104900129,0,0,0
105000001,790,203,587
105000002,392,305,87
105000003,506,307,199
105000004,25,56,-31
105000005,71,254,-183
105000006,118,422,-304
105000007,44,206,-162
105000008,7,369,-362
105000009,1919,1116,803
105000010,37,176,-139
105000011,801,869,-68
105000012,23,59,-36
105000013,415,654,-239
105000014,2263,1093,1170
105000015,1609,2584,-975
105000016,133,143,-10
105000017,23,22,1
105000018,61,99,-38
105000019,0,1,-1
105000020,0,0,0
105000021,0,0,0
105000022,26,8,18
105000023,0,0,0
105000028,0,0,0
105000029,0,11,-11
105000030,207,207,0
105000031,0,0,0
105000033,88,64,24
105000034,0,0,0
105000037,0,0,0
105000038,332,427,-95
105000039,112,147,-35
105000040,188,294,-106
105000041,16,52,-36
105000042,978,250,728
105000043,42,112,-70
105000044,228,99,129
105000045,2,53,-51
105000046,471,34,437
105000047,3,43,-40
105000048,446,202,244
105000049,0,0,0
105000050,409,196,213
105000051,0,0,0
105000052,52,48,4
105000053,1,41,-40
105000054,85,107,-22
105000055,0,0,0
105000056,466,208,258
105000057,25,2,23
105000058,19,28,-9
105000059,422,152,270
105000060,4,0,4
105000061,414,70,344
105000062,0,0,0
105000063,0,0,0
105000064,378,103,275
105000065,0,0,0
105000066,40,14,26
105000067,521,219,302
105000068,9,37,-28
105000069,53,96,-43
105000070,12,58,-46
105000071,157,125,32
105000072,385,67,318
105000073,212,84,128
105000074,0,0,0
105000075,11,22,-11
105000076,39,14,25
105000077,87,16,71
105000078,43,86,-43
105000079,3,24,-21
105000080,515,581,-66
105000081,21,11,10
105000082,271,571,-300
105000083,929,649,280
105000084,0,0,0
105000085,721,841,-120
105000086,0,0,0
105000087,0,0,0
105000088,308,426,-118
105000089,102,96,6
105000090,44,19,25
105000091,0,0,0
105000092,0,0,0
105000093,0,1,-1
105000094,23,6,17
105000095,0,1,-1
105000096,158,164,-6
105000097,0,0,0
105000098,243,81,162
105000099,0,0,0
105000100,0,0,0
105000101,212,53,159
105000102,0,0,0
105000103,164,57,107
105000104,0,0,0
105000105,232,47,185
105000106,21,1,20
105000107,10,2,8
105000108,24,18,6
105000109,50,2,48
105000110,11,17,-6
105000111,11,3,8
105000112,72,15,57
105000113,2,0,2
105000114,22,96,-74
105000115,0,0,0
105000116,112,17,95
105000117,0,0,0
105000118,8,20,-12
105000119,0,0,0
105000120,313,26,287
105000121,0,0,0
105000122,22,8,14
105000123,155,6,149
105000124,110,63,47
105000125,173,37,136
105000126,52,52,0
105000127,134,30,104
105000128,29,12,17
105000129,23,58,-35
105000130,13,499,-486
105000131,0,0,0
105000132,162,107,55
105000133,0,0,0
105000134,212,23,189
105000135,0,0,0
105000136,0,0,0
105000137,276,12,264
105000138,0,0,0
105000139,0,0,0
105000140,373,37,336
105000141,0,0,0
105000142,113,35,78
105000143,0,0,0
105000144,0,0,0
105000145,137,62,75
105000146,0,0,0
105000147,287,54,233
105000148,302,73,229
105000149,683,149,534
105000150,0,0,0
105000151,0,0,0
105000152,0,0,0
105000153,0,0,0
105000154,2,3,-1
105000155,0,0,0
105000156,0,2,-2
105000157,18,4,14
105000158,80,5,75
105000159,24,5,19
105000160,58,61,-3
105000161,56,8,48
105000162,37,43,-6
105000163,50,11,39
105000164,0,5,-5
105000165,42,65,-23
105000166,22,65,-43
105000167,34,117,-83
105000168,157,135,22
105000169,32,10,22
105000170,0,0,0
105000171,0,0,0
105000172,8,0,8
105000173,3,3,0
105000174,0,5,-5
105000175,0,0,0
105000176,0,1,-1
105000177,44,37,7
105000178,13,0,13
105000179,23,3,20
105000180,0,0,0
105000181,0,1,-1
105000182,0,0,0
105000183,0,0,0
105000184,0,0,0
105000185,59,315,-256
105000186,0,0,0
105000187,107,41,66
105000188,6,61,-55
105000189,0,0,0
105000190,116,70,46
105000191,1,1,0
105000192,135,44,91
105000193,0,1,-1
105000194,120,10,110
105000195,0,27,-27
105000196,4,38,-34
105000197,0,0,0
105000198,0,0,0
105000199,5,85,-80
105000200,24,110,-86
105000201,6,0,6
105000203,0,0,0
105000204,3,8,-5
105000205,0,0,0
105000207,0,0,0
105000208,8,110,-102
105000209,0,0,0
105000211,0,0,0
105000212,93,5,88
105000213,77,30,47
105000214,24,34,-10
105000215,118,123,-5
105000216,16,0,16
105000217,0,0,0
105000218,178,30,148
105000221,6,1,5
105000222,104,1,103
105000223,43,0,43
105000226,3,2,1
105000227,0,0,0
105000228,0,5,-5
105000229,33,305,-272
105000231,190,65,125
105000233,228,432,-204
105000234,66,265,-199
105000235,206,115,91
105000237,23,0,23
105000243,0,0,0
105000248,0,0,0
105000262,0,0,0
105000269,0,0,0
105000270,140,1,139
105000271,0,0,0
105000282,4,0,4
105000287,0,0,0
105000288,2,23,-21
105000289,325,375,-50
105000290,0,0,0
105000402,32,104,-72
105000426,0,2,-2
105000438,67,204,-137
105000440,0,0,0
105000446,444,409,35
105000447,135,23,112
105000454,0,0,0
105000455,0,0,0
105000474,2,14,-12
105000477,0,0,0
105000478,391,1273,-882
105000479,0,0,0
105000480,1708,1632,76
105000481,893,392,501
105000482,123,219,-96
105000483,279,901,-622
105000484,101,269,-168
105000485,283,1228,-945
105000486,221,231,-10
105000488,69,190,-121
105000489,306,71,235
105000549,0,58,-58
105000550,0,0,0
105000551,9,16,-7
105000552,206,117,89
105000555,258,313,-55
105000556,0,0,0
105000557,0,0,0
105900001,0,0,0
105900002,0,0,0
105900003,0,0,0
105900004,0,0,0
105900005,0,0,0
105900006,0,0,0
105900007,0,0,0
105900008,0,0,0
105900009,0,0,0
105900011,0,0,0
105900012,0,0,0
105900013,0,0,0
105900014,0,0,0
105900015,0,0,0
105900016,0,0,0
105900017,0,0,0
105900018,0,0,0
105900019,0,0,0
105900020,0,0,0
105900021,0,0,0
105900022,0,0,0
105900023,0,0,0
105900024,0,0,0
105900025,0,0,0
105900026,0,0,0
105900027,0,0,0
105900028,0,0,0
105900029,0,0,0
105900030,0,0,0
105900031,0,0,0
105900032,0,0,0
105900033,0,0,0
105900034,0,0,0
105900035,0,0,0
105900036,0,0,0
105900037,0,0,0
105900038,0,0,0
105900039,0,0,0
105900040,0,0,0
105900041,0,0,0
105900042,0,0,0
105900043,0,0,0
105900044,0,0,0
105900045,0,0,0
105900046,0,0,0
105900047,0,0,0
105900048,23,3,20
105900050,0,0,0
105900051,0,0,0
105900052,0,0,0
105900053,0,0,0
105900054,0,0,0
105900056,0,0,0
105900057,0,0,0
105900058,0,0,0
105900059,0,0,0
106000001,575,327,248
106000002,3,181,-178
106000003,1171,769,402
106000004,48,327,-279
106000005,2037,1368,669
106000006,77,306,-229
106000007,711,68,643
106000008,55,96,-41
106000009,492,186,306
106000010,24,134,-110
106000011,671,439,232
106000012,58,43,15
106000013,1148,401,747
106000014,56,65,-9
106000015,1403,539,864
106000016,95,121,-26
106000017,620,144,476
106000018,84,152,-68
106000019,204,152,52
106000020,8,37,-29
106000021,291,96,195
106000022,74,30,44
106000023,491,35,456
106000024,32,52,-20
106000025,203,113,90
106000026,53,42,11
106000027,968,629,339
106000028,10,29,-19
106000029,51,53,-2
106000030,0,0,0
106000034,0,0,0
106000035,154,282,-128
106000036,0,0,0
106000037,0,0,0
106000038,0,0,0
106000039,0,0,0
106000040,0,0,0
106000041,287,78,209
106000043,101,4,97
106000046,0,0,0
106000047,0,0,0
106000049,193,9,184
106000050,0,0,0
106000051,116,75,41
106000052,0,0,0
106000053,250,21,229
106000054,0,0,0
106000055,149,10,139
106000056,0,0,0
106000057,200,69,131
106000058,0,0,0
106000059,253,157,96
106000060,0,0,0
106000061,43,152,-109
106000062,0,0,0
106000063,577,117,460
106000064,0,0,0
106000065,256,13,243
106000066,17,1,16
106000067,210,13,197
106000068,1,1,0
106000069,30,2,28
106000070,39,4,35
106000071,233,19,214
106000072,198,230,-32
106000073,386,83,303
106000074,190,189,1
106000075,166,151,15
106000076,672,171,501
106000077,631,47,584
106000078,257,70,187
106000079,436,36,400
106000080,402,71,331
106000081,529,65,464
106000082,455,21,434
106000083,355,196,159
106000084,412,23,389
106000085,632,256,376
106000086,689,145,544
106000087,251,13,238
106000088,215,44,171
106000089,439,19,420
106000090,371,63,308
106000091,5,0,5
106000092,176,47,129
106000093,143,9,134
106000094,0,0,0
106000095,263,22,241
106000096,302,17,285
106000097,173,29,144
106000098,323,12,311
106000099,8,9,-1
106000100,594,5,589
106000101,371,3,368
106000102,3,17,-14
106000103,0,70,-70
106000104,107,27,80
106000105,4,38,-34
106000106,184,16,168
106000107,17,87,-70
106000108,79,5,74
106000109,1,68,-67
106000110,95,23,72
106000111,2,41,-39
106000112,109,7,102
106000113,28,53,-25
106000114,21,10,11
106000115,17,50,-33
106000116,60,49,11
106000117,0,0,0
106000118,304,46,258
106000119,0,0,0
106000120,361,168,193
106000121,8,6,2
106000122,0,0,0
106000123,37,22,15
106000124,0,0,0
106000125,0,0,0
106000126,26,5,21
106000127,0,0,0
106000128,124,24,100
106000129,0,0,0
106000130,249,42,207
106000131,0,0,0
106000132,216,14,202
106000133,0,0,0
106000134,210,76,134
106000135,0,0,0
106000136,384,73,311
106000137,0,0,0
106000138,283,5,278
106000139,124,27,97
106000140,0,0,0
106000141,0,0,0
106000142,35,14,21
106000143,0,0,0
106000144,138,15,123
106000145,0,0,0
106000146,363,99,264
106000147,31,11,20
106000148,69,54,15
106000149,178,39,139
106000150,66,71,-5
106000151,241,85,156
106000152,107,183,-76
106000153,0,11,-11
106000154,52,5,47
106000155,6,35,-29
106000156,332,49,283
106000157,121,93,28
106000158,558,127,431
106000159,182,75,107
106000160,191,168,23
106000161,80,4,76
106000162,201,40,161
106000163,54,6,48
106000164,188,10,178
106000165,47,13,34
106000166,279,14,265
106000167,70,65,5
106000168,197,20,177
106000169,24,23,1
106000170,160,20,140
106000171,18,132,-114
106000172,442,67,375
106000173,107,151,-44
106000174,259,16,243
106000175,94,2,92
106000176,295,61,234
106000177,0,0,0
106000178,320,25,295
106000179,0,0,0
106000180,110,39,71
106000181,46,58,-12
106000182,483,10,473
106000183,540,76,464
106000184,287,49,238
106000185,42,28,14
106000186,54,9,45
106000187,3,14,-11
106000188,0,0,0
106000189,0,3,-3
106000190,7,1,6
106000191,118,24,94
106000192,0,0,0
106000193,69,32,37
106000194,1,4,-3
106000195,59,2,57
106000196,1,31,-30
106000197,136,1,135
106000198,1,26,-25
106000199,121,11,110
106000200,0,51,-51
106000201,49,32,17
106000202,46,19,27
106000203,0,0,0
106000204,36,3,33
106000205,0,0,0
106000206,17,1,16
106000207,0,30,-30
106000208,459,33,426
106000209,626,53,573
106000210,2,22,-20
106000211,18,79,-61
106000212,904,72,832
106000213,0,0,0
106000214,290,56,234
106000215,4,55,-51
106000216,153,8,145
106000217,1,71,-70
106000218,32,30,2
106000219,3,65,-62
106000220,136,11,125
106000221,0,0,0
106000222,105,11,94
106000223,133,28,105
106000224,0,0,0
106000225,7,125,-118
106000226,0,0,0
106000228,0,0,0
106000229,0,0,0
106000231,244,4,240
106000232,0,0,0
106000233,41,7,34
106000234,0,0,0
106000235,38,34,4
106000236,0,0,0
106000237,0,0,0
106000238,0,0,0
106000239,0,0,0
106000240,0,0,0
106000241,1,63,-62
106000242,94,31,63
106000249,75,28,47
106000250,12,32,-20
106000251,0,0,0
106000252,0,0,0
106000253,0,0,0
106000254,0,0,0
106000255,0,0,0
106000256,0,0,0
106000257,21,11,10
106000258,0,0,0
106000259,0,0,0
106000260,0,0,0
106000261,0,0,0
106000262,0,0,0
106000263,0,0,0
106000264,0,0,0
106000265,0,0,0
106000266,0,0,0
106000267,0,0,0
106000268,0,0,0
106000269,0,0,0
106000270,27,0,27
106000271,0,0,0
106000272,0,0,0
106000273,0,0,0
106000274,0,0,0
106000275,0,0,0
106000276,0,0,0
106000277,0,0,0
106000278,0,0,0
106000279,0,0,0
106000280,0,0,0
106000281,0,0,0
106000282,0,0,0
106000283,0,0,0
106000284,0,0,0
106000285,0,0,0
106000286,0,0,0
106000287,0,0,0
106000288,0,0,0
106000289,0,0,0
106000290,0,0,0
106000291,0,0,0
106000292,0,0,0
106000293,0,0,0
106000294,0,0,0
106000295,0,0,0
106000296,0,0,0
106000297,0,0,0
106000298,0,0,0
106000299,0,0,0
106000300,0,0,0
106000301,0,0,0
106000303,0,0,0
106000304,0,0,0
106000305,0,0,0
106000306,0,0,0
106000307,0,0,0
106000308,0,0,0
106000309,0,0,0
106000310,25,4,21
106000311,120,20,100
106000312,2,15,-13
106000313,24,2,22
106000318,0,0,0
106000319,400,17,383
106000320,0,0,0
106000321,0,0,0
106000322,0,0,0
106000324,0,0,0
106000325,1372,339,1033
106000326,90,66,24
106000327,108,9,99
106000328,0,0,0
106000329,1,4,-3
106000330,0,14,-14
106000428,47,112,-65
106000429,0,0,0
106000430,0,0,0
106000431,247,244,3
106000432,3,116,-113
106000433,842,511,331
106000434,1190,328,862
106000435,7,80,-73
106000436,0,0,0
106000437,47,7,40
106000438,10,5,5
106000439,0,0,0
106000440,12,38,-26
106000441,0,2,-2
106000442,48,0,48
106000443,0,2,-2
106000450,0,0,0
106000451,19,12,7
106000454,0,0,0
106000455,0,26,-26
106000456,38,1,37
106000457,0,0,0
106000458,156,8,148
106000459,0,0,0
106000460,268,5,263
106000461,0,0,0
106000462,0,0,0
106000463,0,2,-2
106000464,0,0,0
106000465,159,0,159
106000466,0,0,0
106000467,0,35,-35
106000468,31,24,7
106000469,15,0,15
106000470,0,0,0
106000471,0,0,0
106000472,21,2,19
106000473,0,0,0
106000474,16,64,-48
106000475,96,71,25
106000476,1,8,-7
106000477,0,0,0
106000480,0,0,0
106900001,0,0,0
106900002,0,0,0
106900003,0,0,0
106900004,0,0,0
106900006,0,0,0
106900007,0,0,0
106900008,0,0,0
106900009,0,0,0
106900010,0,0,0
106900012,0,0,0
106900013,0,0,0
106900014,0,0,0
106900015,0,0,0
106900016,0,0,0
106900017,0,0,0
106900018,0,0,0
106900019,0,0,0
106900020,0,0,0
106900021,0,0,0
106900022,0,0,0
106900023,0,0,0
106900024,0,0,0
106900025,0,0,0
106900026,0,0,0
106900027,174,1,173
107000001,1577,2507,-930
107000002,240,331,-91
107000003,4627,4297,330
107000004,433,329,104
107000005,4669,2805,1864
107000006,286,225,61
107000007,1556,2337,-781
107000008,454,290,164
107000009,4319,3272,1047
107000010,293,343,-50
107000011,0,0,0
107000012,0,0,0
107000013,0,0,0
107000014,0,0,0
107000015,0,0,0
107000016,0,0,0
107000017,9,7,2
107000018,0,0,0
107000020,81,412,-331
107000021,21,4,17
107000022,52,283,-231
107000023,172,0,172
107000024,83,201,-118
107000025,29,4,25
107000026,18,60,-42
107000027,211,40,171
107000028,22,117,-95
107000029,852,122,730
107000030,97,129,-32
107000031,879,240,639
107000032,93,109,-16
107000033,180,63,117
107000034,0,0,0
107000035,20,50,-30
107000036,0,0,0
107000037,28,134,-106
107000038,5,47,-42
107000039,131,329,-198
107000040,16,4,12
107000041,400,80,320
107000042,39,58,-19
107000043,291,97,194
107000044,27,11,16
107000045,14,16,-2
107000046,398,79,319
107000047,21,79,-58
107000048,243,41,202
107000049,5,99,-94
107000050,417,91,326
107000051,54,172,-118
107000052,226,89,137
107000053,269,67,202
107000054,23,204,-181
107000055,166,52,114
107000056,76,34,42
107000057,102,220,-118
107000058,926,1080,-154
107000059,0,0,0
107000060,2324,1947,377
107000061,21,12,9
107000062,1759,1156,603
107000063,1,16,-15
107000064,1338,1068,270
107000065,15,25,-10
107000066,840,694,146
107000067,178,137,41
107000068,98,168,-70
107000069,176,292,-116
107000070,248,32,216
107000071,613,9,604
107000072,0,0,0
107000073,160,35,125
107000074,0,0,0
107000075,1453,44,1409
107000076,0,0,0
107000077,1258,37,1221
107000078,0,0,0
107000079,979,68,911
107000080,0,0,0
107000081,1089,194,895
107000082,0,0,0
107000083,395,445,-50
107000084,0,0,0
107000085,731,682,49
107000086,115,277,-162
107000087,497,228,269
107000088,61,83,-22
107000089,355,179,176
107000090,90,76,14
107000091,387,163,224
107000092,54,62,-8
107000093,240,348,-108
107000094,58,64,-6
107000095,1038,499,539
107000096,0,0,0
107000097,326,103,223
107000098,0,0,0
107000099,193,132,61
107000100,0,0,0
107000101,127,81,46
107000102,0,1,-1
107000103,163,96,67
107000104,0,0,0
107000105,266,48,218
107000106,0,0,0
107000107,315,135,180
107000108,0,0,0
107000109,205,26,179
107000110,0,0,0
107000111,130,2,128
107000112,0,0,0
107000113,349,27,322
107000114,0,0,0
107000115,455,22,433
107000116,0,0,0
107000117,183,94,89
107000118,0,0,0
107000119,854,202,652
107000120,0,0,0
107000121,562,30,532
107000122,12,88,-76
107000123,409,36,373
107000124,22,64,-42
107000125,453,46,407
107000126,50,57,-7
107000129,0,0,0
107000130,182,73,109
107000131,0,0,0
107000132,285,129,156
107000133,0,0,0
107000134,37,0,37
107000135,0,0,0
107000136,89,0,89
107000137,0,3,-3
107000138,1,0,1
107000139,0,10,-10
107000140,100,0,100
107000141,0,5,-5
107000142,75,0,75
107000143,0,3,-3
107000144,24,2,22
107000145,0,13,-13
107000146,0,0,0
107000147,4,6,-2
107000150,0,0,0
107000151,0,0,0
107000152,32,148,-116
107000153,0,0,0
107000154,0,0,0
107000155,58,0,58
107000156,162,1,161
107000157,0,0,0
107000158,19,0,19
107000159,0,0,0
107000160,127,62,65
107000161,0,1,-1
107000162,38,45,-7
107000163,43,0,43
107000164,0,0,0
107000165,0,0,0
107000166,0,0,0
107000167,0,0,0
107000168,472,100,372
107000169,6,7,-1
107000170,485,65,420
107000171,7,14,-7
107000172,352,60,292
107000173,3,7,-4
107000174,193,217,-24
107000175,59,12,47
107000176,17,0,17
107000177,0,0,0
107000178,0,0,0
107000179,0,0,0
107000180,676,29,647
107000181,0,0,0
107000182,532,25,507
107000183,0,0,0
107000184,407,50,357
107000185,0,0,0
107000186,481,66,415
107000187,74,68,6
107000188,0,0,0
107000189,57,31,26
107000190,0,0,0
107000191,83,77,6
107000192,0,0,0
107000193,59,34,25
107000194,0,0,0
107000197,225,26,199
107000198,0,0,0
107000199,142,87,55
107000200,8,23,-15
107000201,71,53,18
107000202,90,77,13
107000203,37,159,-122
107000204,80,559,-479
107000205,56,19,37
107000206,28,459,-431
107000207,40,51,-11
107000208,14,68,-54
107000209,0,0,0
107000210,0,0,0
107000211,0,0,0
107000212,0,0,0
107000213,0,0,0
107000214,0,0,0
107000215,0,0,0
107000216,0,0,0
107000217,0,0,0
107000219,0,0,0
107000220,0,0,0
107000222,11,15,-4
107000224,12,1,11
107000225,0,0,0
107000226,140,7,133
107000227,0,0,0
107000228,0,0,0
107000229,0,0,0
107000230,27,8,19
107000231,41,61,-20
107000232,0,0,0
107000233,0,0,0
107000234,0,0,0
107000235,199,2,197
107000236,0,0,0
107000237,12,0,12
107000238,28,0,28
107000239,0,0,0
107000240,0,0,0
107000243,0,0,0
107000244,6,0,6
107000246,0,0,0
107000249,0,0,0
107000251,0,0,0
107000252,0,0,0
107000255,0,0,0
107000257,0,0,0
107000258,0,0,0
107000259,0,0,0
107000260,0,0,0
107000262,0,0,0
107000263,0,0,0
107000266,0,0,0
107000267,0,0,0
107000268,0,0,0
107000269,0,0,0
107000270,0,0,0
107000271,0,0,0
107000272,0,0,0
107000273,0,0,0
107000274,2,0,2
107000275,0,0,0
107000280,94,0,94
107000281,0,0,0
107000282,0,0,0
107000290,0,0,0
107000291,0,0,0
107000292,0,0,0
107000293,0,0,0
107000294,0,0,0
107000295,0,0,0
107000296,0,2,-2
107000444,50,0,50
107000496,0,1,-1
107000497,0,0,0
107000500,0,0,0
107000501,0,0,0
107000502,0,0,0
107000505,3,25,-22
107000506,0,0,0
107000508,0,0,0
107000509,26,44,-18
107000510,0,0,0
107000514,0,0,0
107000515,0,0,0
107000516,155,102,53
107000518,354,28,326
107000519,0,0,0
107000520,0,0,0
107000521,0,0,0
107000522,518,230,288
107900001,0,0,0
107900002,0,0,0
107900003,0,0,0
107900004,0,0,0
107900005,0,0,0
107900006,0,0,0
107900007,0,0,0
107900008,0,0,0
107900009,0,0,0
107900010,0,0,0
107900012,0,0,0
107900013,0,0,0
107900014,0,0,0
107900015,0,0,0
107900016,0,0,0
107900017,0,0,0
107900018,0,0,0
107900019,0,0,0
107900020,0,0,0
107900021,0,0,0
107900023,0,0,0
107900024,0,0,0
107900025,0,0,0
107900026,0,0,0
107900027,0,0,0
107900028,0,0,0
107900030,0,0,0
107900031,0,0,0
107900032,0,0,0
107900033,0,0,0
107900034,0,0,0
107900035,0,0,0
107900036,0,0,0
107900037,0,0,0
107900038,0,0,0
107900039,0,0,0
107900040,0,0,0
107900041,0,0,0
107900043,0,0,0
107900044,0,0,0
107900045,0,0,0
107900046,0,0,0
107900047,0,0,0
107900048,0,0,0
107900049,0,0,0
107900050,0,0,0
107900051,0,0,0
107900052,0,0,0
107900053,0,0,0
107900055,0,0,0
107900056,0,0,0
107900057,0,0,0
107900058,0,0,0
107900060,0,0,0
107900061,0,0,0
107900063,0,0,0
107900064,0,0,0
107900065,0,0,0
107900066,0,0,0
107900067,0,0,0
107900068,0,0,0
107900069,0,0,0
107900070,0,0,0
107900071,0,0,0
107900072,0,0,0
107900073,0,0,0
107900074,0,0,0
107900076,0,0,0
107900077,0,0,0
107900079,0,0,0
107900080,0,0,0
107900081,0,0,0
107900082,0,0,0
107900083,0,0,0
107900084,0,0,0
107900086,0,0,0
107900087,0,0,0
107900088,0,0,0
107900089,0,0,0
107900090,0,0,0
107900091,0,0,0
107900093,0,0,0
107900095,0,0,0
107900097,0,0,0
107900098,0,0,0
107900100,0,0,0
107900101,0,0,0
107900102,0,0,0
107900103,0,0,0
107900104,0,0,0
107900105,0,0,0
107900106,0,0,0
107900107,0,0,0
107900108,0,0,0
107900109,0,0,0
107900110,0,0,0
107900111,0,0,0
107900112,0,0,0
107900113,0,0,0
107900114,0,0,0
107900115,0,0,0
107900116,0,0,0
107900117,0,0,0
107900118,0,0,0
107900119,0,0,0
107900120,0,0,0
107900121,0,0,0
107900122,0,0,0
107900123,0,0,0
107900124,0,0,0
107900125,0,0,0
107900126,0,0,0
107900127,0,0,0
107900128,0,0,0
107900129,0,0,0
107900130,0,0,0
107900131,0,0,0
107900132,0,0,0
107900133,0,0,0
107900134,0,0,0
107900135,0,0,0
107900136,0,0,0
107900137,0,0,0
107900138,0,0,0
107900139,0,0,0
107900141,0,0,0
107900142,0,0,0
107900143,0,0,0
107900144,0,0,0
107900145,0,0,0
107900146,0,0,0
107900147,0,0,0
107900148,0,0,0
107900149,0,0,0
107900150,0,0,0
107900151,0,0,0
107900152,0,0,0
107900153,0,0,0
107900154,0,0,0
107900155,0,0,0
107900156,0,0,0
107900157,0,0,0
107900158,0,0,0
107900159,0,0,0
107900160,0,0,0
107900161,0,0,0
107900162,0,0,0
107900163,0,0,0
107900164,0,0,0
107900165,0,0,0
107900166,0,0,0
107900167,0,0,0
107900168,0,0,0
107900169,0,0,0
107900171,0,0,0
107900172,0,0,0
107900173,0,0,0
107900174,0,0,0
107900175,0,0,0
107900176,0,0,0
107900177,0,0,0
107900178,0,0,0
107900179,0,0,0
107900180,0,0,0
107900181,0,0,0
107900182,0,0,0
107900183,0,0,0
107900184,0,0,0
107900185,0,0,0
107900186,0,0,0
107900187,0,0,0
107900188,0,0,0
107900189,0,0,0
107900190,0,0,0
107900191,0,0,0
107900193,0,0,0
107900194,0,0,0
107900195,0,0,0
107900196,0,0,0
107900197,0,0,0
107900199,0,0,0
107900201,0,0,0
107900203,0,0,0
107900204,0,0,0
107900206,0,0,0
107900207,0,0,0
107900208,0,0,0
107900209,0,0,0
107900210,0,0,0
107900213,0,0,0
107900214,0,0,0
107900215,0,0,0
107900216,0,0,0
107900217,0,0,0
107900218,0,0,0
107900219,0,0,0
107900220,0,0,0
107900221,0,0,0
107900223,0,0,0
107900224,0,0,0
107900225,0,0,0
107900226,0,0,0
107900227,0,0,0
107900228,0,0,0
107900229,0,0,0
107900230,0,0,0
107900231,0,0,0
107900232,0,0,0
107900233,0,0,0
107900234,0,0,0
107900235,0,0,0
107900236,0,0,0
107900237,0,0,0
107900238,0,0,0
107900239,0,0,0
107900240,0,0,0
107900241,0,0,0
107900242,0,0,0
107900243,0,0,0
107900244,0,0,0
107900245,0,0,0
107900246,0,0,0
107900248,0,0,0
107900249,0,0,0
107900250,0,0,0
107900251,0,0,0
107900252,0,0,0
107900253,0,0,0
107900254,0,0,0
107900255,0,0,0
107900256,0,0,0
107900257,0,0,0
107900258,0,0,0
107900259,0,0,0
107900261,0,0,0
107900262,0,0,0
107900264,0,0,0
107900265,0,0,0
107900267,0,0,0
107900268,0,0,0
107900269,0,0,0
107900270,0,0,0
107900271,0,0,0
107900272,0,0,0
107900273,0,0,0
107900274,0,0,0
107900275,0,0,0
107900276,0,0,0
107900277,0,0,0
107900278,0,0,0
107900279,0,0,0
107900280,0,0,0
107900281,0,0,0
107900282,0,0,0
107900283,0,0,0
107900284,0,0,0
107900285,0,0,0
107900286,0,0,0
107900287,0,0,0
107900290,0,0,0
107900291,0,0,0
107900292,0,0,0
107900293,0,0,0
107900295,0,0,0
107900297,0,0,0
107900298,0,0,0
107900299,0,0,0
107900301,4,68,-64
107900302,0,0,0
107900303,1,1,0
107900304,0,0,0
107900305,0,0,0
107900306,0,0,0
107900307,0,0,0
107900308,0,0,0
107900309,0,0,0
107900310,0,0,0
107900311,0,0,0
107900312,0,0,0
107900313,0,0,0
107900314,0,0,0
107900315,0,0,0
107900316,0,0,0
107900317,0,0,0
107900318,0,0,0
107900319,0,0,0
107900320,0,0,0
107900321,0,0,0
107900322,0,0,0
107900323,0,0,0
107900324,0,0,0
107900325,0,0,0
107900326,0,0,0
107900327,0,0,0
107900328,0,0,0
107900329,0,0,0
107900330,0,0,0
107900331,0,0,0
107900332,0,0,0
107900333,0,0,0
107900334,0,0,0
107900335,0,0,0
107900336,0,0,0
107900337,0,0,0
107900338,0,0,0
107900339,0,0,0
107900340,0,0,0
107900341,0,0,0
107900342,0,0,0
107900343,0,0,0
107900344,0,0,0
107900345,0,0,0
107900346,0,0,0
107900347,0,0,0
107900348,0,0,0
107900349,0,0,0
107900350,0,0,0
107900351,0,0,0
107900352,0,0,0
107900353,0,0,0
107900354,0,0,0
108000001,2172,1172,1000
108000002,95,194,-99
108000003,1478,906,572
108000004,363,1493,-1130
108000005,4593,1660,2933
108000006,123,655,-532
108000007,4358,1014,3344
108000008,366,286,80
108000009,2596,1088,1508
108000010,196,286,-90
108000011,4850,1669,3181
108000012,526,652,-126
108000014,208,1,207
108000015,644,8,636
108000016,0,0,0
108000017,782,41,741
108000018,1339,76,1263
108000019,234,47,187
108000020,488,82,406
108000021,0,0,0
108000022,31,55,-24
108000023,670,52,618
108000024,224,18,206
108000025,43,6,37
108000026,440,45,395
108000027,64,2,62
108000028,343,4,339
108000029,76,1,75
108000030,352,7,345
108000031,9,0,9
108000032,1261,83,1178
108000033,0,0,0
108000034,1160,74,1086
108000035,0,0,0
108000036,2,54,-52
108000037,532,75,457
108000038,888,86,802
108000039,8,30,-22
108000040,1095,161,934
108000041,11,12,-1
108000042,302,6,296
108000043,58,1,57
108000044,619,4,615
108000045,39,0,39
108000046,1147,146,1001
108000047,0,0,0
108000048,0,0,0
108000049,314,48,266
108000050,1,3,-2
108000051,198,33,165
108000052,7,4,3
108000053,312,30,282
108000054,29,6,23
108000055,277,90,187
108000056,31,32,-1
108000057,268,425,-157
108000058,480,697,-217
108000059,4,122,-118
108000060,157,192,-35
108000061,0,0,0
108000062,232,75,157
108000063,0,0,0
108000064,117,100,17
108000065,0,0,0
108000066,455,74,381
108000067,960,23,937
108000068,673,110,563
108000069,0,0,0
108000070,1553,100,1453
108000071,0,0,0
108000072,1715,138,1577
108000073,0,0,0
108000074,608,146,462
108000075,0,0,0
108000076,838,312,526
108000077,0,0,0
108000078,2023,708,1315
108000079,0,0,0
108000080,1010,257,753
108000081,0,0,0
108000082,0,0,0
108000083,105,38,67
108000084,0,0,0
108000085,102,82,20
108000086,0,0,0
108000087,45,259,-214
108000088,518,40,478
108000089,0,0,0
108000091,0,0,0
108000092,563,15,548
108000093,0,0,0
108000094,841,69,772
108000095,0,0,0
108000096,490,337,153
108000097,0,0,0
108000098,1338,165,1173
108000099,95,22,73
108000100,120,73,47
108000101,993,256,737
108000102,311,609,-298
108000106,177,0,177
108000107,0,0,0
108000108,100,2,98
108000109,0,0,0
108000110,20,18,2
108000111,0,0,0
108000112,0,40,-40
108000113,99,42,57
108000115,40,8,32
108000117,178,21,157
108000118,22,97,-75
108000119,105,8,97
108000120,566,147,419
108000121,39,25,14
108000122,632,86,546
108000123,458,66,392
108000124,0,0,0
108000125,480,65,415
108000126,0,0,0
108000127,481,72,409
108000128,0,0,0
108000129,0,0,0
108000130,316,22,294
108000131,389,83,306
108000132,0,0,0
108000133,840,37,803
108000134,0,0,0
108000135,1314,11,1303
108000136,0,0,0
108000137,23,9,14
108000138,15,33,-18
108000139,48,39,9
108000140,0,0,0
108000141,0,0,0
108000142,0,0,0
108000143,0,0,0
108000144,0,0,0
108000145,0,0,0
108000146,0,0,0
108000147,0,0,0
108000148,0,0,0
108000149,0,0,0
108000150,0,0,0
108000151,0,0,0
108000152,0,0,0
108000153,0,0,0
108000154,0,0,0
108000155,0,0,0
108000156,0,0,0
108000157,0,0,0
108000158,0,0,0
108000159,53,14,39
108000160,151,10,141
108000161,219,81,138
108000165,0,0,0
108000172,0,0,0
108000173,0,0,0
108000175,286,24,262
108000178,0,0,0
108000179,52,490,-438
108000181,0,0,0
108000182,0,0,0
108000183,0,0,0
108000184,26,157,-131
108000185,0,0,0
108000186,0,0,0
108000187,0,0,0
108000188,0,0,0
108000189,71,26,45
108000190,0,0,0
108000192,0,0,0
108000193,0,108,-108
108000194,16,1,15
108000195,0,0,0
108000196,19,10,9
108000198,0,0,0
108000199,0,0,0
108000200,0,0,0
108000203,0,0,0
108000204,0,0,0
108000205,0,0,0
108000339,148,15,133
108000364,39,12,27
108000365,2,20,-18
108000367,0,0,0
108000368,0,0,0
108000369,0,0,0
108000371,0,0,0
108000372,145,1,144
108000373,45,15,30
108000376,0,0,0
108000377,43,72,-29
108000378,5678,2898,2780
108000379,0,0,0
108000381,0,0,0
108000382,42,0,42
108000383,0,0,0
108900001,0,0,0
108900002,0,0,0
108900003,0,0,0
108900004,83,27,56
108900007,82,19,63
108900008,1,7,-6
108900009,5,0,5
108900010,0,0,0
108900011,130,20,110
108900012,9,4,5
108900013,112,20,92
108900014,0,0,0
108900015,0,0,0
108900016,0,0,0
108900017,1,0,1
108900018,0,0,0
108900019,0,0,0
108900020,0,0,0
108900021,0,0,0
108900022,0,0,0
108900023,0,0,0
108900024,0,0,0
108900025,0,0,0
108900026,0,0,0
108900027,0,0,0
108900028,0,0,0
108900029,0,0,0
108900030,0,0,0
108900031,0,0,0
108900032,0,0,0
108900033,0,0,0
108900034,0,0,0
108900035,0,0,0
108900038,0,0,0
108900039,0,0,0
108900040,0,0,0
108900041,208,83,125
108900042,0,0,0
108900043,0,0,0
108900044,0,0,0
108900045,0,0,0
108900046,0,0,0
108900047,0,0,0
108900048,0,0,0
108900049,0,0,0
108900050,0,0,0
108900051,0,0,0
108900052,0,0,0
108900053,0,0,0
108900054,0,0,0
108900055,0,0,0
108900056,0,0,0
108900057,0,0,0
108900058,0,0,0
108900059,0,0,0
108900060,2,4,-2
108900061,0,0,0
108900062,0,0,0
108900063,0,0,0
108900064,0,0,0
108900065,0,0,0
108900066,27,0,27
108900067,0,0,0
108900068,0,0,0
108900069,0,0,0
108900070,0,0,0
108900071,0,0,0
108900072,0,0,0
108900073,0,0,0
108900074,0,0,0
108900075,0,0,0
108900076,3,2,1
108900077,0,0,0
108900078,0,0,0
108900079,0,0,0
108900080,0,0,0
108900081,0,0,0
108900082,0,0,0
108900083,0,0,0
108900085,0,0,0
108900086,0,0,0
108900087,0,0,0
108900088,32,1,31
108900089,0,0,0
108900090,0,0,0
108900091,0,0,0
108900092,57,4,53
108900093,0,0,0
108900094,0,0,0
108900095,0,0,0
108900096,0,0,0
108900097,29,0,29
108900098,0,0,0
108900099,38,1,37
108900100,0,0,0
108900101,0,0,0
108900102,0,0,0
108900103,0,0,0
108900105,0,0,0
108900106,19,1,18
108900108,0,0,0
108900109,0,0,0
108900110,19,4,15
108900111,14,0,14
108900113,0,0,0
108900114,0,0,0
108900115,0,0,0
108900116,0,0,0
108900117,0,0,0
108900118,0,0,0
108900119,0,0,0
108900120,0,0,0
108900121,0,0,0
108900122,0,0,0
108900123,0,0,0
108900124,0,0,0
108900125,0,0,0
108900126,0,0,0
108900127,0,0,0
108900128,0,0,0
108900129,0,0,0
108900130,0,0,0
108900131,0,0,0
108900132,0,0,0
108900133,0,0,0
108900134,0,0,0
108900135,0,0,0
108900136,0,0,0
108900137,0,0,0
108900138,0,0,0
108900140,0,0,0
108900141,0,0,0
108900142,0,0,0
108900143,0,0,0
108900144,0,0,0
108900145,0,0,0
108900146,0,0,0
108900147,0,0,0
108900148,0,0,0
108900150,0,0,0
108900151,0,0,0
108900152,0,0,0
108900153,0,0,0
108900154,4,1,3
108900156,0,0,0
108900157,0,0,0
108900158,0,0,0
108900159,0,0,0
108900160,0,0,0
108900161,0,0,0
108900162,0,0,0
108900163,0,0,0
108900164,0,0,0
108900168,0,0,0
108900169,0,0,0
108900171,62,66,-4
108900172,0,0,0
108900173,0,0,0
108900174,0,0,0
108900176,0,0,0
108900177,0,0,0
108900178,0,0,0
108900180,0,18,-18
108900183,0,0,0
108900184,54,3,51
108900185,0,0,0
108900186,0,0,0
108900189,9,1,8
108900190,0,0,0
108900192,0,0,0
108900195,4,0,4
108900196,0,0,0
108900199,0,0,0
108900200,3,0,3
108900201,0,0,0
108900203,0,0,0
108900204,0,0,0
108900205,0,0,0
108900206,0,0,0
108900207,0,0,0
108900208,0,0,0
108900209,0,0,0
108900210,0,0,0
108900211,0,0,0
108900212,0,0,0
108900215,0,0,0
108900216,0,0,0
108900217,0,0,0
108900218,0,0,0
108900221,0,0,0
108900224,0,0,0
108900225,0,0,0
108900227,0,0,0
108900230,0,0,0
108900232,0,0,0
108900233,0,0,0
108900234,0,0,0
108900235,0,0,0
108900236,0,0,0
108900240,0,0,0
108900241,0,0,0
108900245,0,0,0
108900250,0,0,0
108900258,0,0,0
108900259,0,0,0
108900260,0,0,0
108900261,0,0,0
108900262,0,0,0
108900263,0,0,0
108900264,0,0,0
108900265,0,0,0
108900266,0,0,0
108900267,0,0,0
108900268,0,0,0
108900269,0,0,0
108900270,0,0,0
108900271,0,0,0
108900272,0,0,0
108900273,0,0,0
108900274,0,0,0
109000001,836,561,275
109000002,1,329,-328
109000003,1725,168,1557
109000004,0,207,-207
109000005,1564,97,1467
109000006,1,146,-145
109000007,1532,229,1303
109000008,2,111,-109
109000009,1813,230,1583
109000010,22,233,-211
109000011,2466,450,2016
109000012,36,262,-226
109000013,2956,864,2092
109000014,63,207,-144
109000015,3733,572,3161
109000016,98,244,-146
109000017,1932,433,1499
109000018,69,254,-185
109000019,1667,233,1434
109000020,8,137,-129
109000023,11,0,11
109000024,0,0,0
109000025,0,0,0
109000026,47,0,47
109000027,0,0,0
109000028,16,1,15
109000029,0,0,0
109000030,0,0,0
109000031,333,34,299
109000032,0,0,0
109000033,208,24,184
109000034,0,0,0
109000035,0,0,0
109000036,0,0,0
109000037,0,0,0
109000038,25,32,-7
109000039,0,0,0
109000040,0,0,0
109000041,53,59,-6
109000042,33,85,-52
109000044,112,22,90
109000045,0,0,0
109000046,164,19,145
109000047,0,0,0
109000048,189,25,164
109000049,0,0,0
109000050,215,77,138
109000051,0,0,0
109000052,0,0,0
109000053,0,0,0
109000054,0,0,0
109000055,0,0,0
109000056,0,0,0
109000057,0,0,0
109000058,0,0,0
109000059,0,0,0
109000060,15,5,10
109000061,0,0,0
109000062,0,4,-4
109000063,0,0,0
109000064,1,7,-6
109000065,0,0,0
109000066,2,0,2
109000067,0,0,0
109000068,87,1,86
109000069,248,16,232
109000070,0,0,0
109000071,0,0,0
109000072,1,1,0
109000073,0,0,0
109000074,0,5,-5
109000075,0,0,0
109000076,19,22,-3
109000077,23,3,20
109000078,2,15,-13
109000079,1,2,-1
109000080,8,0,8
109000081,31,8,23
109000082,25,8,17
109000083,28,5,23
109000088,0,23,-23
109000089,0,0,0
109000090,1,25,-24
109000091,0,0,0
109000092,1,42,-41
109000093,0,0,0
109000094,4,0,4
109000095,0,12,-12
109000096,34,2,32
109000097,0,0,0
109000098,26,4,22
109000099,271,28,243
109000100,9,11,-2
109000101,267,12,255
109000102,10,60,-50
109000103,18,17,1
109000104,452,16,436
109000105,16,51,-35
109000106,361,24,337
109000107,10,42,-32
109000108,524,46,478
109000109,14,47,-33
109000110,72,110,-38
109000111,21,185,-164
109000112,0,0,0
109000113,7,11,-4
109000114,151,106,45
109000115,210,8,202
109000116,0,1,-1
109000117,107,2,105
109000118,0,6,-6
109000119,310,10,300
109000120,0,0,0
109000121,290,20,270
109000122,0,4,-4
109000123,0,0,0
109000124,55,1,54
109000125,540,15,525
109000126,1,11,-10
109000127,562,11,551
109000128,24,8,16
109000129,617,30,587
109000130,4,1,3
109000131,78,224,-146
109000132,24,50,-26
109000133,0,0,0
109000134,0,0,0
109000135,0,0,0
109000136,42,27,15
109000137,92,13,79
109000138,39,4,35
109000139,92,36,56
109000140,7,3,4
109000141,94,11,83
109000142,0,6,-6
109000143,0,0,0
109000145,0,0,0
109000146,63,26,37
109000148,0,0,0
109000149,0,0,0
109000150,10,73,-63
109000155,0,0,0
109000156,247,17,230
109000158,0,0,0
109000159,49,21,28
109000160,0,0,0
109000161,496,44,452
109000162,59,6,53
109000163,509,26,483
109000164,37,21,16
109000165,400,127,273
109000166,86,3,83
109000167,0,4,-4
109000170,0,0,0
109000171,0,0,0
109000172,0,0,0
109000173,0,0,0
109000174,0,0,0
109000175,0,0,0
109000176,16,2,14
109000177,0,0,0
109000178,21,0,21
109000179,0,0,0
109000180,0,0,0
109000181,0,0,0
109000182,0,0,0
109000183,0,3,-3
109000184,0,0,0
109000185,16,2,14
109000188,28,11,17
109000189,63,2,61
109000190,0,0,0
109000191,455,50,405
109000192,0,0,0
109000193,0,0,0
109000194,0,0,0
109000195,0,0,0
109000196,0,0,0
109000197,0,0,0
109000198,0,0,0
109000199,0,0,0
109000206,0,0,0
109000207,0,0,0
109000208,0,0,0
109000209,0,0,0
109000210,1,6,-5
109000211,0,4,-4
109000214,40,42,-2
109000215,301,27,274
109000216,14,204,-190
109000217,0,0,0
109000218,0,0,0
109000221,1,14,-13
109000222,8,11,-3
109000223,4,48,-44
109000224,0,0,0
109000225,0,6,-6
109000226,26,2,24
109000227,45,12,33
109000228,0,0,0
109000231,0,0,0
109000232,74,3,71
109000236,0,0,0
109000241,64,44,20
109000242,307,66,241
109000293,0,0,0
109000361,25,12,13
109000364,0,0,0
109000396,0,1,-1
109000397,0,0,0
109000399,2,13,-11
109000400,0,0,0
109000403,0,0,0
109000406,152,1,151
109000407,0,0,0
109000408,1,73,-72
109000410,0,0,0
109000411,44,1,43
109900001,0,0,0
109900002,0,0,0
109900003,0,0,0
109900004,0,0,0
109900005,0,0,0
109900006,0,0,0
109900007,0,0,0
109900008,0,0,0
109900009,0,0,0
109900010,0,0,0
109900011,0,0,0
109900012,0,0,0
109900013,0,0,0
109900014,0,0,0
109900015,0,0,0
109900016,0,0,0
109900017,0,0,0
109900018,0,0,0
109900019,0,0,0
109900020,0,0,0
109900021,0,0,0
109900022,17,1,16
109900023,0,0,0
109900024,0,0,0
109900025,0,0,0
109900026,0,0,0
109900027,0,0,0
109900028,0,0,0
109900029,0,0,0
109900030,0,0,0
109900031,0,0,0
109900032,0,0,0
109900033,0,0,0
109900034,0,0,0
109900035,0,0,0
109900036,0,0,0
109900037,0,0,0
109900038,0,0,0
109900039,0,0,0
109900040,0,0,0
109900041,0,0,0
109900042,0,0,0
109900044,0,0,0
109900045,0,0,0
109900046,45,0,45
109900047,0,0,0
109900048,0,0,0
109900049,0,0,0
109900050,0,0,0
109900051,0,0,0
109900052,0,0,0
109900053,0,0,0
109900054,0,0,0
109900055,0,0,0
109900056,0,0,0
109900057,0,0,0
109900058,0,0,0
109900059,0,0,0
109900060,0,0,0
109900061,0,0,0
109900062,0,0,0
109900063,0,0,0
109900064,29,0,29
109900065,0,0,0
109900066,0,0,0
109900067,0,0,0
109900068,0,0,0
109900069,0,0,0
109900070,0,0,0
109900071,0,0,0
109900072,0,0,0
109900073,0,0,0
109900074,0,0,0
109900075,0,0,0
109900076,0,0,0
109900077,0,0,0
109900078,0,0,0
109900080,0,0,0
109900081,0,0,0
109900082,0,0,0
109900083,0,0,0
109900084,0,0,0
109900085,0,0,0
109900086,0,0,0
109900087,0,0,0
109900089,0,0,0
109900090,0,0,0
109900091,0,0,0
109900092,0,0,0
109900093,0,0,0
109900094,0,0,0
109900095,0,0,0
109900096,0,0,0
109900097,0,0,0
109900098,0,0,0
109900099,0,0,0
109900100,0,0,0
109900101,0,0,0
109900102,0,0,0
109900103,0,0,0
109900104,0,0,0
109900105,0,0,0
109900106,0,0,0
109900107,0,0,0
109900108,0,0,0
109900109,0,0,0
109900110,0,0,0
109900111,0,0,0
109900112,0,0,0
109900113,0,0,0
109900114,0,0,0
109900115,0,0,0
109900117,0,0,0
109900118,0,0,0
109900119,0,0,0
109900120,0,0,0
109900121,0,0,0
109900122,0,0,0
109900123,0,0,0
109900124,0,0,0
109900125,0,0,0
109900126,0,0,0
109900128,0,0,0
109900130,0,0,0
109900131,0,0,0
109900132,0,0,0
109900133,0,0,0
109900134,0,0,0
109900135,0,0,0
109900136,0,0,0
109900137,0,0,0
109900140,0,0,0
109900142,0,0,0
109900145,0,0,0
109900146,0,0,0
109900148,0,0,0
109900149,0,0,0
109900150,0,0,0
109900151,0,0,0
109900152,0,0,0
109900153,0,0,0
109900154,0,0,0
109900155,0,0,0
109900157,0,0,0
109900158,0,0,0
109900159,0,0,0
109900160,0,0,0
109900161,0,0,0
109900162,0,0,0
109900163,0,0,0
109900164,0,0,0
109900165,0,0,0
109900166,0,0,0
109900167,0,0,0
109900168,0,0,0
109900169,0,0,0
109900170,0,0,0
109900171,0,0,0
109900172,0,0,0
109900173,0,0,0
109900174,0,0,0
109900175,0,0,0
109900176,0,0,0
109900177,0,0,0
109900178,0,0,0
109900179,0,0,0
109900180,0,0,0
110000001,37,68,-31
110000002,710,287,423
110000003,92,286,-194
110000004,550,174,376
110000005,17,67,-50
110000006,10,44,-34
110000007,4,3,1
110000008,0,0,0
110000009,0,1,-1
110000010,0,0,0
110000011,8,0,8
110000012,0,0,0
110000013,1,8,-7
110000014,16,25,-9
110000015,7,25,-18
110000016,80,37,43
110000017,77,59,18
110000018,9,23,-14
110000019,0,0,0
110000020,0,0,0
110000021,71,13,58
110000022,0,0,0
110000023,0,0,0
110000024,0,0,0
110000025,0,0,0
110000026,0,0,0
110000027,9,35,-26
110000028,168,8,160
110000029,0,0,0
110000030,74,22,52
110000031,0,0,0
110000032,110,3,107
110000033,2,19,-17
110000034,6,0,6
110000035,23,48,-25
110000036,38,0,38
110000037,3,29,-26
110000038,21,6,15
110000039,159,43,116
110000040,0,0,0
110000041,189,140,49
110000042,0,0,0
110000043,129,79,50
110000044,0,0,0
110000045,16,33,-17
110000046,0,0,0
110000047,2,11,-9
110000048,0,0,0
110000049,1,0,1
110000050,0,0,0
110000051,0,2,-2
110000052,3,13,-10
110000053,0,0,0
110000054,0,0,0
110000055,31,8,23
110000056,156,23,133
110000057,0,0,0
110000058,81,102,-21
110000059,21,46,-25
110000060,826,179,647
110000061,59,140,-81
110000062,738,164,574
110000063,0,0,0
110000064,24,0,24
110000065,0,0,0
110000066,0,0,0
110000067,0,1,-1
110000068,1,30,-29
110000069,0,0,0
110000071,0,0,0
110000073,0,0,0
110000075,0,0,0
110000076,0,0,0
110000077,0,0,0
110000078,0,0,0
110000080,42,9,33
110000081,1,0,1
110000082,0,0,0
110000083,47,153,-106
110000084,457,175,282
110000085,269,356,-87
110000086,417,251,166
110000087,1,28,-27
110000088,0,108,-108
110000089,322,2,320
110000090,0,0,0
110000091,0,0,0
110000092,0,0,0
110000093,80,8,72
110000094,9,2,7
110000095,439,42,397
110000096,96,36,60
110000097,547,71,476
110000098,446,37,409
110000099,42,98,-56
110000100,45,0,45
110000101,0,0,0
110000102,0,0,0
110000104,0,0,0
110000105,25,9,16
110000106,0,0,0
110000107,5,39,-34
110000108,362,3,359
110000109,0,0,0
110000110,889,123,766
110000111,0,0,0
110000112,0,0,0
110000113,0,0,0
110000114,0,2,-2
110000115,20,32,-12
110000116,3,6,-3
110000117,0,0,0
110000118,139,19,120
110000119,0,0,0
110000120,53,7,46
110000121,0,0,0
110000122,19,3,16
110000123,72,72,0
110000124,0,0,0
110000125,229,12,217
110000126,126,2,124
110000127,251,2,249
110000128,0,0,0
110000129,0,0,0
110000130,88,5,83
110000131,0,0,0
110000132,0,0,0
110000133,0,0,0
110000134,0,0,0
110000135,19,1,18
110000136,0,0,0
110000137,143,1,142
110000138,0,0,0
110000139,98,4,94
110000140,533,16,517
110000143,101,13,88
110000144,1042,278,764
110000145,299,63,236
110000146,784,69,715
110000147,0,0,0
110000148,55,7,48
110000151,17,88,-71
110000152,2,27,-25
110000153,0,0,0
110000154,0,0,0
110000155,51,389,-338
110000156,37,126,-89
110000157,38,312,-274
110000160,0,0,0
110000161,0,0,0
110000166,0,0,0
110000167,395,39,356
110000168,446,86,360
110000169,250,134,116
110000170,6,35,-29
110000171,166,3,163
110000172,39,45,-6
110000173,52,21,31
110000174,0,0,0
110000175,52,0,52
110000176,25,13,12
110000177,9,63,-54
110000178,96,67,29
110000179,75,94,-19
110000180,95,50,45
110000181,113,23,90
110000182,85,10,75
110000183,219,152,67
110000184,100,75,25
110000185,0,0,0
110000186,0,0,0
110000191,132,0,132
110000192,1,0,1
110000193,0,0,0
110000194,0,0,0
110000195,0,0,0
110000196,0,0,0
110000197,0,0,0
110000198,0,0,0
110000199,0,0,0
110000200,4,0,4
110000201,0,0,0
110000202,0,0,0
110000203,0,0,0
110000204,0,0,0
110000205,0,0,0
110000206,0,0,0
110000207,0,0,0
110000208,0,0,0
110000209,0,0,0
110000210,835,178,657
110000211,678,207,471
110000212,113,63,50
110000213,10,2,8
110000214,3,0,3
110000215,0,0,0
110000216,0,0,0
110000217,160,0,160
110000218,0,0,0
110000219,76,0,76
110000220,0,0,0
110000221,40,1,39
110000222,0,0,0
110000223,0,0,0
110000224,0,0,0
110000225,0,0,0
110000226,306,25,281
110000227,0,0,0
110000228,34,0,34
110000229,0,0,0
110000230,307,77,230
110000231,61,84,-23
110000232,0,0,0
110000233,41,28,13
110000234,147,10,137
110000235,155,38,117
110000236,0,0,0
110000237,0,0,0
110000238,396,103,293
110000239,0,0,0
110000240,0,0,0
110000242,0,0,0
110000243,0,0,0
110000244,0,0,0
110000245,0,0,0
110000246,7,16,-9
110000247,74,87,-13
110000248,60,29,31
110000249,0,0,0
110000250,2,12,-10
110000251,6,9,-3
110000252,61,3,58
110000253,83,13,70
110000254,0,0,0
110000255,0,0,0
110000256,33,76,-43
110000257,36,0,36
110000258,0,2,-2
110000259,0,0,0
110000260,0,2,-2
110000263,0,0,0
110000264,5,1,4
110000265,979,108,871
110000266,443,328,115
110000267,0,0,0
110000268,0,0,0
110000269,0,0,0
110000270,0,0,0
110000271,219,15,204
110000272,162,185,-23
110000273,129,195,-66
110000274,42,181,-139
110000275,108,51,57
110000276,31,87,-56
110000277,500,48,452
110000278,0,143,-143
110000279,479,112,367
110000280,288,37,251
110000281,0,0,0
110000282,36,0,36
110000283,0,0,0
110000284,0,0,0
110000285,0,0,0
110000286,5,44,-39
110000287,33,1,32
110000288,0,0,0
110000289,0,0,0
110000290,0,0,0
110000291,204,19,185
110000292,0,0,0
110000293,112,7,105
110000294,0,0,0
110000295,55,5,50
110000296,0,0,0
110000297,0,0,0
110000298,0,0,0
110000299,0,0,0
110000301,0,0,0
110000302,0,0,0
110000303,0,0,0
110000304,0,0,0
110000305,113,0,113
110000306,0,0,0
110000307,89,1,88
110000308,105,0,105
110000309,0,0,0
110000310,104,2,102
110000311,0,0,0
110000312,20,3,17
110000313,0,0,0
110000314,0,0,0
110000315,25,163,-138
110000316,5,121,-116
110000317,0,0,0
110000318,0,0,0
110000319,0,0,0
110000320,0,0,0
110000321,0,0,0
110000322,1,22,-21
110000323,0,0,0
110000324,0,0,0
110000325,435,285,150
110000327,120,0,120
110000328,0,0,0
110000333,58,120,-62
110000334,0,6,-6
110000335,50,36,14
110000336,8,6,2
110000337,675,211,464
110000338,37,13,24
110000339,6,17,-11
110000340,0,4,-4
110000341,62,1,61
110000342,34,5,29
110000343,0,0,0
110000344,0,0,0
110000345,4,20,-16
110000346,254,223,31
110000347,638,186,452
110000348,0,0,0
110000349,0,0,0
110000350,0,0,0
110000351,386,82,304
110000352,0,0,0
110000353,688,65,623
110000354,2,26,-24
110000355,0,0,0
110000356,146,0,146
110000357,0,0,0
110000361,0,0,0
110000362,0,0,0
110000363,82,0,82
110000364,91,64,27
110000365,30,0,30
110000366,0,0,0
110000367,0,0,0
110000368,0,0,0
110000369,19,1,18
110000373,0,0,0
110000374,0,0,0
110000375,63,12,51
110000376,0,0,0
110000377,57,80,-23
110000378,0,0,0
110000379,503,155,348
110000380,81,2,79
110000383,0,0,0
110000384,135,0,135
110000385,0,0,0
110000387,20,1,19
110000388,0,0,0
110000389,680,12,668
110000391,223,31,192
110000396,0,0,0
110000397,0,0,0
110000398,0,0,0
110000399,509,0,509
110000587,1,3,-2
110000589,5,1,4
110000640,0,0,0
110000652,0,0,0
110000653,0,0,0
110000654,0,0,0
110000656,0,0,0
110000674,0,0,0
110000675,0,0,0
110000676,0,0,0
110000679,14,16,-2
110000682,3,28,-25
110000683,97,14,83
110000684,0,0,0
110000685,0,0,0
110000686,0,0,0
110000687,0,0,0
110000688,33,1,32
110000689,0,0,0
110000692,0,4,-4
110000693,0,0,0
110000694,0,0,0
110000695,0,0,0
110000696,62,5,57
110900001,0,0,0
110900002,0,0,0
110900003,0,0,0
110900004,0,0,0
110900005,0,0,0
110900006,0,0,0
110900007,0,0,0
110900008,0,0,0
110900009,0,0,0
110900010,0,0,0
110900011,0,0,0
110900012,0,0,0
110900013,0,0,0
110900014,0,0,0
110900015,0,0,0
110900016,0,0,0
110900017,0,0,0
110900018,0,0,0
110900019,0,0,0
110900020,0,0,0
110900021,0,0,0
110900022,0,0,0
110900023,0,0,0
110900024,0,0,0
110900025,0,0,0
110900027,0,0,0
110900028,0,0,0
110900029,0,0,0
110900030,0,0,0
110900031,0,0,0
110900032,0,0,0
110900033,0,0,0
110900035,0,0,0
110900036,0,0,0
110900037,0,0,0
110900038,0,0,0
110900039,0,0,0
110900040,0,0,0
110900041,0,0,0
110900042,0,0,0
110900043,0,0,0
110900044,0,0,0
110900045,0,0,0
110900046,0,0,0
110900047,0,0,0
110900049,0,0,0
110900050,0,0,0
110900051,0,0,0
110900052,0,0,0
110900053,0,0,0
110900054,0,0,0
110900055,0,0,0
110900056,0,0,0
110900057,0,0,0
110900058,0,0,0
110900059,0,0,0
110900060,0,0,0
110900061,0,0,0
110900062,0,0,0
110900063,0,0,0
110900064,0,0,0
110900065,0,0,0
110900066,0,0,0
110900067,0,0,0
110900068,0,0,0
110900069,0,0,0
110900070,0,0,0
110900071,0,0,0
110900073,0,0,0
110900074,0,0,0
110900075,0,0,0
110900077,0,0,0
110900078,0,0,0
110900079,34,1,33
110900080,0,0,0
110900081,0,0,0
110900082,0,0,0
110900083,0,0,0
110900084,0,0,0
110900085,0,0,0
110900086,0,0,0
110900087,0,0,0
110900088,0,0,0
110900090,0,0,0
110900091,0,0,0
110900093,0,0,0
110900095,0,0,0
110900097,0,0,0
110900098,0,0,0
110900099,0,0,0
110900100,0,0,0
110900102,0,0,0
110900105,0,0,0
110900108,0,0,0
110900111,0,0,0
110900112,0,0,0
110900113,0,0,0
110900115,0,0,0
110900116,0,0,0
110900118,0,0,0
110900119,0,0,0
110900120,0,0,0
110900121,0,0,0
110900122,0,0,0
110900125,0,0,0
110900127,0,0,0
110900128,0,0,0
110900129,0,0,0
110900130,0,0,0
110900131,0,0,0
110900132,0,0,0
110900133,0,0,0
110900135,0,0,0
110900136,0,0,0
110900139,0,0,0
110900140,0,0,0
110900141,0,0,0
110900142,0,0,0
110900143,0,0,0
110900144,0,0,0
110900145,0,0,0
110900146,0,0,0
110900147,0,0,0
110900148,0,0,0
110900149,0,0,0
110900150,0,0,0
110900151,0,0,0
110900152,0,0,0
110900153,0,0,0
111000001,56,42,14
111000002,0,0,0
111000003,439,92,347
111000004,0,0,0
111000005,558,59,499
111000006,0,0,0
111000007,755,65,690
111000008,0,0,0
111000009,32,158,-126
111000010,541,157,384
111000011,37,61,-24
111000012,267,61,206
111000013,2,62,-60
111000014,732,129,603
111000017,0,0,0
111000018,0,0,0
111000020,0,0,0
111000021,26,3,23
111000023,44,2,42
111000025,118,172,-54
111000029,0,0,0
111000030,0,0,0
111000031,558,82,476
111000032,60,9,51
111000033,58,8,50
111000034,2,37,-35
111000037,0,0,0
111000038,28,14,14
111000039,2,8,-6
111000040,1,21,-20
111000041,0,0,0
111000042,0,0,0
111000043,899,134,765
111000044,934,107,827
111000045,1129,300,829
111000046,548,133,415
111000047,536,204,332
111000049,86,24,62
111000050,0,0,0
111000051,0,0,0
111000052,0,0,0
111000053,0,0,0
111000054,0,0,0
111000055,2,0,2
111000056,0,0,0
111000057,0,0,0
111000058,126,0,126
111000059,333,74,259
111000060,1800,86,1714
111000061,123,21,102
111000062,446,2,444
111000063,745,49,696
111000064,713,60,653
111000065,661,48,613
111000066,256,21,235
111000067,0,0,0
111000068,0,0,0
111000069,0,0,0
111000070,0,0,0
111000071,0,0,0
111000072,849,179,670
111000073,557,210,347
111000074,1159,214,945
111000075,238,37,201
111000076,251,37,214
111000077,790,259,531
111000078,222,21,201
111000079,307,38,269
111000080,129,53,76
111000081,77,78,-1
111000082,122,35,87
111000084,98,161,-63
111000085,59,15,44
111000086,95,15,80
111000087,134,21,113
111000088,113,18,95
111000089,149,13,136
111000090,51,42,9
111000091,0,0,0
111000092,1,1,0
111000093,0,0,0
111000094,15,0,15
111000095,5,5,0
111000096,40,18,22
111000097,0,0,0
111000098,0,0,0
111000099,0,0,0
111000100,0,0,0
111000101,0,0,0
111000102,0,0,0
111000104,122,26,96
111000107,0,0,0
111000109,121,38,83
111000110,313,103,210
111000111,1152,20,1132
111000112,952,17,935
111000113,458,166,292
111000114,265,124,141
111000115,1391,154,1237
111000116,271,32,239
111000117,53,19,34
111000118,168,25,143
111000119,355,43,312
111000120,299,36,263
111000121,135,26,109
111000122,9,4,5
111000123,8,1,7
111000124,0,0,0
111000125,0,0,0
111000126,0,0,0
111000127,216,9,207
111000128,780,8,772
111000129,1083,22,1061
111000130,1504,44,1460
111000131,943,21,922
111000132,478,86,392
111000133,6,25,-19
111000134,40,7,33
111000135,0,0,0
111000136,288,9,279
111000138,5,0,5
111000140,0,0,0
111000141,2,1,1
111000142,0,0,0
111000143,0,0,0
111000144,0,0,0
111000145,7,0,7
111000146,4,0,4
111000147,6,0,6
111000148,58,7,51
111000149,0,0,0
111000150,16,1,15
111000151,0,0,0
111000153,116,2,114
111000154,4,2,2
111000155,45,9,36
111000156,200,42,158
111000157,87,123,-36
111000158,199,184,15
111000159,275,122,153
111000160,76,36,40
111000161,0,76,-76
111000162,0,0,0
111000163,0,0,0
111000164,0,0,0
111000165,210,18,192
111000166,0,0,0
111000167,0,0,0
111000168,24,29,-5
111000169,75,24,51
111000170,89,3,86
111000171,36,17,19
111000172,6,12,-6
111000173,70,7,63
111000174,17,12,5
111000175,1,2,-1
111000176,0,0,0
111000177,0,0,0
111000178,0,0,0
111000179,0,0,0
111000180,0,0,0
111000181,127,0,127
111000182,60,0,60
111000183,51,12,39
111000184,75,30,45
111000185,3,3,0
111000186,15,1,14
111000187,13,1,12
111000188,3,2,1
111000189,0,0,0
111000190,0,0,0
111000191,0,0,0
111000192,0,0,0
111000193,0,0,0
111000194,0,0,0
111000195,0,0,0
111000196,0,0,0
111000197,116,10,106
111000198,124,0,124
111000199,108,3,105
111000200,295,19,276
111000201,80,3,77
111000202,106,2,104
111000203,136,23,113
111000204,58,207,-149
111000213,96,43,53
111000214,261,66,195
111000215,199,59,140
111000217,293,19,274
111000218,94,171,-77
111000219,0,0,0
111000220,164,39,125
111000221,29,34,-5
111000224,0,0,0
111000225,75,12,63
111000226,5,2,3
111000227,14,0,14
111000228,0,0,0
111000229,0,0,0
111000230,14,3,11
111000231,183,33,150
111000232,0,0,0
111000233,0,0,0
111000234,0,0,0
111000239,0,0,0
111000240,11,10,1
111000241,0,0,0
111000242,31,4,27
111000243,0,0,0
111000244,15,11,4
111000245,161,22,139
111000246,128,51,77
111000247,0,0,0
111000248,106,32,74
111000249,0,0,0
111000250,0,0,0
111000251,0,0,0
111000253,0,0,0
111000255,0,0,0
111000257,0,0,0
111000260,0,0,0
111000261,74,19,55
111000271,0,0,0
111000273,127,17,110
111000274,244,207,37
111000275,46,2,44
111000276,0,0,0
111000277,0,0,0
111000278,185,6,179
111000291,264,464,-200
111000298,1,1,0
111000299,110,0,110
111000300,0,0,0
111000302,2,0,2
111000303,0,0,0
111000312,0,0,0
111000315,0,0,0
111000320,8,20,-12
111000321,5,15,-10
111000322,83,4,79
111000323,4,1,3
111000324,8,4,4
111000325,0,0,0
111000326,1,0,1
111000327,76,58,18
111000328,37,56,-19
111000329,0,0,0
111000330,2,0,2
111000331,29,1,28
111000332,110,88,22
111000334,5,20,-15
111000335,41,2,39
111000337,217,1,216
111000338,5,1,4
111000339,0,0,0
111000340,1,6,-5
111000341,171,6,165
111000342,0,0,0
111000344,245,31,214
111000345,12,8,4
111000346,0,0,0
111000347,0,0,0
111000350,23,5,18
111000351,0,0,0
111000352,33,2,31
111000353,0,0,0
111000354,26,9,17
111000355,0,0,0
111000358,38,18,20
111000360,38,13,25
111000361,45,3,42
111000546,2,0,2
111000547,121,16,105
111000548,0,0,0
111000549,103,4,99
111000550,0,2,-2
111000551,84,2,82
111000552,17,17,0
111000907,301,4,297
111000908,6,0,6
111000916,157,0,157
111000917,0,0,0
111000918,16,18,-2
111000920,60,0,60
111000921,0,0,0
111000922,1,0,1
111000924,0,0,0
111000925,2212,214,1998
111000926,131,83,48
111000927,1961,456,1505
111000928,440,398,42
111000929,1381,174,1207
111000930,26,130,-104
111000931,1446,308,1138
111000932,141,143,-2
111000933,1843,539,1304
111000934,12,95,-83
111000935,933,155,778
111000936,8,69,-61
111000937,682,220,462
111000938,7,158,-151
111000939,163,0,163
111000940,0,0,0
111000941,40,12,28
111000943,0,0,0
111000944,23,5,18
111000945,16,0,16
111001109,208,5,203
111001110,0,0,0
111001111,0,0,0
111001112,172,0,172
111001113,0,112,-112
111001114,2,1,1
111001115,0,0,0
111001116,450,50,400
111001117,0,0,0
111001120,4,30,-26
111001121,0,0,0
111001122,0,0,0
111001123,4,11,-7
111001124,0,0,0
111001125,0,70,-70
111001126,0,0,0
111001127,0,0,0
111900001,0,0,0
111900002,0,0,0
111900003,0,0,0
111900004,0,0,0
111900006,0,0,0
111900007,0,0,0
111900008,0,0,0
111900009,0,0,0
111900010,0,0,0
111900012,3,0,3
111900013,0,0,0
111900014,26,1,25
111900015,0,0,0
111900016,0,0,0
111900017,0,0,0
111900018,0,0,0
111900019,0,0,0
111900020,0,0,0
111900021,0,0,0
111900022,0,0,0
111900023,0,0,0
111900024,0,0,0
111900025,0,0,0
111900026,0,0,0
111900027,0,0,0
111900028,0,0,0
111900029,0,0,0
111900030,0,0,0
111900031,0,0,0
111900032,0,0,0
111900033,0,0,0
111900034,0,0,0
111900035,0,0,0
111900036,0,0,0
111900038,0,0,0
111900039,0,0,0
111900040,0,0,0
111900042,0,0,0
111900043,0,0,0
111900044,0,0,0
111900046,0,0,0
111900048,0,0,0
111900049,0,0,0
111900050,0,0,0
111900051,0,0,0
111900052,0,0,0
111900053,0,0,0
111900054,0,0,0
111900055,0,0,0
111900056,0,0,0
111900057,10,0,10
111900058,0,0,0
111900059,31,9,22
111900060,0,0,0
111900061,0,0,0
111900062,0,0,0
111900063,0,0,0
111900064,0,0,0
111900065,0,0,0
111900066,0,0,0
111900067,0,0,0
111900068,0,0,0
111900069,0,0,0
111900070,0,0,0
111900071,0,0,0
111900072,0,0,0
111900073,0,0,0
111900074,0,0,0
111900075,0,0,0
111900076,0,0,0
111900077,0,0,0
111900078,0,0,0
111900079,0,0,0
111900080,0,0,0
111900082,0,0,0
111900083,0,0,0
111900084,0,0,0
111900085,0,0,0
111900086,0,0,0
111900087,0,0,0
111900088,0,0,0
111900089,0,0,0
111900090,0,0,0
111900091,0,0,0
111900092,0,0,0
111900093,0,0,0
111900094,0,0,0
111900095,0,0,0
111900096,0,0,0
111900097,0,0,0
111900098,0,0,0
111900099,0,0,0
111900100,0,0,0
111900101,0,0,0
111900102,0,0,0
111900103,0,0,0
111900104,0,0,0
111900105,0,0,0
111900106,0,0,0
111900110,0,0,0
111900111,4,0,4
111900112,0,0,0
111900113,0,0,0
111900118,0,0,0
111900119,0,0,0
111900122,0,0,0
111900123,0,0,0
111900124,0,0,0
111900125,0,0,0
111900126,0,0,0
111900127,0,0,0
111900128,0,0,0
111900129,0,0,0
111900130,0,0,0
111900131,0,0,0
111900132,0,0,0
111900133,0,0,0
111900134,0,0,0
111900135,0,0,0
111900136,0,0,0
111900137,0,0,0
111900138,0,0,0
111900139,0,0,0
111900140,0,0,0
111900141,0,0,0
111900142,0,0,0
111900143,0,0,0
111900144,0,0,0
111900145,0,0,0
111900146,0,0,0
111900147,0,0,0
111900148,0,0,0
111900149,0,0,0
111900150,0,0,0
111900151,0,0,0
111900152,0,0,0
111900153,0,0,0
111900154,0,0,0
111900155,0,0,0
111900156,0,0,0
111900157,0,0,0
111900158,0,0,0
111900159,0,0,0
111900160,0,0,0
111900161,0,0,0
111900162,0,0,0
111900163,0,0,0
111900164,0,0,0
111901113,0,0,0
111901114,0,0,0
111901115,0,0,0
111901116,0,0,0
111901117,0,0,0
111901118,0,0,0
111901119,0,0,0
111901121,0,0,0
111901122,0,0,0
111901123,0,0,0
111901124,0,0,0
111901125,34,47,-13
111901127,0,0,0
111901128,0,0,0
111901129,0,0,0
111901130,0,0,0
111901131,0,0,0
111901132,0,0,0
111901133,0,0,0
111901134,0,0,0
111901135,0,0,0
111901136,0,0,0
111901138,0,0,0
111901139,0,0,0
111901140,0,0,0
111901141,0,0,0
111901142,0,0,0
111901143,0,0,0
111901144,0,0,0
111901145,0,0,0
111901146,0,0,0
111901147,0,0,0
111901148,0,0,0
111901149,0,0,0
111901150,0,0,0
112000001,1184,377,807
112000002,0,0,0
112000003,601,143,458
112000004,0,0,0
112000005,2890,1235,1655
112000006,0,0,0
112000007,932,930,2
112000008,1818,1772,46
112000009,653,84,569
112000010,361,830,-469
112000011,134,52,82
112000012,637,1453,-816
112000013,111,58,53
112000014,161,628,-467
112000015,0,0,0
112000016,75,241,-166
112000017,0,0,0
112000024,0,0,0
112000026,0,0,0
112000027,490,424,66
112000028,0,0,0
112000029,0,0,0
112000030,0,0,0
112000031,1,30,-29
112000032,0,0,0
112000033,0,21,-21
112000034,0,0,0
112000035,0,0,0
112000036,0,0,0
112000037,0,0,0
112000038,0,0,0
112000039,38,6,32
112000040,0,0,0
112000041,0,0,0
112000042,0,0,0
112000050,738,403,335
112000051,656,977,-321
112000054,12,127,-115
112000057,0,0,0
112000058,0,0,0
112000059,0,0,0
112000061,0,0,0
112000062,16,91,-75
112000063,0,0,0
112000064,0,0,0
112000065,0,0,0
112000066,91,340,-249
112000067,0,0,0
112000068,57,212,-155
112000069,0,0,0
112000070,32,20,12
112000071,0,0,0
112000072,160,12,148
112000073,0,0,0
112000074,111,33,78
112000075,375,138,237
112000076,146,74,72
112000077,77,4,73
112000078,157,19,138
112000079,107,12,95
112000080,72,15,57
112000081,39,149,-110
112000082,212,149,63
112000083,80,24,56
112000084,167,86,81
112000085,326,24,302
112000086,387,79,308
112000087,61,21,40
112000088,81,34,47
112000089,2,17,-15
112000090,30,4,26
112000091,28,25,3
112000092,1173,86,1087
112000093,166,22,144
112000094,451,119,332
112000095,189,16,173
112000096,464,128,336
112000097,526,271,255
112000098,0,0,0
112000099,82,1165,-1083
112000100,684,111,573
112000101,0,0,0
112000102,372,77,295
112000103,0,0,0
112000105,0,0,0
112000106,556,129,427
112000107,3,2,1
112000108,0,0,0
112000109,71,3,68
112000110,275,16,259
112000111,5,37,-32
112000112,242,16,226
112000113,7,2,5
112000114,315,30,285
112000115,0,0,0
112000116,0,0,0
112000117,0,0,0
112000118,0,0,0
112000119,0,0,0
112000120,0,0,0
112000121,0,0,0
112000122,54,8,46
112000123,108,24,84
112000124,26,1,25
112000125,23,11,12
112000126,0,0,0
112000127,41,53,-12
112000128,0,0,0
112000129,116,5,111
112000130,0,0,0
112000131,0,0,0
112000132,0,0,0
112000133,84,0,84
112000134,101,11,90
112000135,182,15,167
112000136,0,1,-1
112000137,273,97,176
112000138,10,1,9
112000139,1,39,-38
112000140,0,0,0
112000141,15,4,11
112000142,0,0,0
112000143,152,2,150
112000144,0,0,0
112000145,425,9,416
112000146,0,0,0
112000147,147,17,130
112000148,0,0,0
112000149,7,21,-14
112000150,0,0,0
112000151,45,4,41
112000152,0,0,0
112000153,9,2,7
112000154,78,0,78
112000155,0,0,0
112000157,24,325,-301
112000158,18,3,15
112000159,0,0,0
112000167,0,0,0
112000169,0,0,0
112000173,0,0,0
112000175,19,6,13
112000176,0,0,0
112000177,0,0,0
112000178,0,0,0
112000179,0,0,0
112000180,0,0,0
112000181,73,9,64
112000182,248,14,234
112000183,46,3,43
112000184,2,2,0
112000185,0,0,0
112000187,0,0,0
112000195,0,0,0
112000196,0,0,0
112000197,0,0,0
112000198,0,0,0
112000199,0,0,0
112000202,391,1,390
112000216,0,0,0
112000230,0,0,0
112000231,0,0,0
112000256,12,42,-30
112000313,0,0,0
112000314,0,0,0
112000337,0,0,0
112000352,0,0,0
112000392,152,180,-28
112000398,346,87,259
112000399,306,1895,-1589
112000400,5,40,-35
112000401,25,30,-5
112000402,680,1740,-1060
112000403,112,1048,-936
112000404,155,322,-167
112000405,1149,646,503
112000406,20,96,-76
112000407,2756,411,2345
112000408,47,102,-55
112000409,3,84,-81
112000410,0,0,0
112000411,0,0,0
112000412,0,0,0
112000413,0,0,0
112000414,0,0,0
112000415,0,0,0
112000416,831,242,589
112000417,31,9,22
112000421,0,0,0
112000422,6,0,6
112000424,0,0,0
112000425,0,0,0
112000426,0,0,0
112000427,0,0,0
112000428,0,0,0
112000429,301,384,-83
112000430,444,684,-240
112000431,38,18,20
112000432,0,0,0
112000433,27,74,-47
112000437,0,5,-5
112900001,0,0,0
112900002,0,0,0
112900003,0,0,0
112900004,0,0,0
112900005,0,0,0
112900006,0,0,0
112900007,0,0,0
112900008,0,0,0
112900009,0,0,0
112900010,0,0,0
112900011,0,0,0
112900012,0,0,0
112900013,0,0,0
112900014,0,0,0
112900015,0,0,0
112900016,0,0,0
112900017,0,0,0
112900018,0,0,0
112900019,0,0,0
112900020,0,0,0
112900021,0,0,0
112900022,0,0,0
112900023,0,0,0
112900024,0,0,0
112900025,0,0,0
112900026,0,0,0
112900027,0,0,0
112900028,0,0,0
112900029,0,0,0
112900030,0,0,0
112900031,0,0,0
112900032,0,0,0
112900034,0,0,0
112900035,0,0,0
112900036,0,0,0
112900037,0,0,0
112900038,0,0,0
112900039,0,0,0
112900040,0,0,0
112900041,0,0,0
112900042,0,0,0
112900043,0,0,0
112900044,0,0,0
112900045,0,0,0
112900046,0,0,0
112900047,0,0,0
112900049,0,0,0
112900050,0,0,0
112900051,0,0,0
112900052,0,0,0
112900053,0,0,0
112900054,0,0,0
112900055,0,0,0
112900056,0,0,0
112900057,0,0,0
112900058,0,0,0
112900059,0,0,0
112900060,0,0,0
112900061,0,0,0
112900062,0,0,0
112900063,0,0,0
112900064,0,0,0
112900065,0,0,0
112900066,0,0,0
112900067,0,0,0
112900068,0,0,0
112900069,0,0,0
112900071,0,0,0
112900072,0,0,0
112900073,0,0,0
112900074,0,0,0
112900075,0,0,0
112900076,0,0,0
112900078,0,0,0
112900079,0,0,0
112900080,0,0,0
112900081,0,0,0
112900082,0,0,0
112900083,0,0,0
112900084,0,0,0
112900086,0,0,0
112900087,0,0,0
112900088,0,0,0
112900089,0,0,0
112900090,0,0,0
112900091,0,0,0
112900092,0,0,0
112900093,0,0,0
112900095,0,0,0
112900096,0,0,0
112900097,0,0,0
112900098,0,0,0
112900099,0,0,0
112900100,0,0,0
112900101,0,0,0
112900102,0,0,0
112900103,0,0,0
112900104,0,0,0
112900105,0,0,0
112900106,0,0,0
112900107,0,0,0
112900108,0,0,0
112900109,0,0,0
112900110,0,0,0
112900111,0,0,0
112900112,0,0,0
112900113,0,0,0
112900114,0,0,0
112900115,0,0,0
112900116,0,0,0
112900117,0,0,0
112900118,0,0,0
112900119,0,0,0
112900120,0,0,0
112900121,0,0,0
112900122,0,0,0
112900123,0,0,0
112900124,0,0,0
112900125,0,0,0
112900126,0,0,0
112900127,0,0,0
112900128,0,0,0
112900129,0,0,0
112900130,0,0,0
112900131,0,0,0
112900132,0,0,0
112900133,0,0,0
112900134,0,0,0
112900135,0,0,0
112900137,0,0,0
112900138,0,0,0
112900139,0,0,0
112900141,0,0,0
112900142,0,0,0
112900143,0,0,0
112900144,0,0,0
112900145,0,0,0
112900146,0,0,0
112900147,0,0,0
112900148,0,0,0
112900149,0,0,0
112900151,0,0,0
112900152,0,0,0
112900153,0,0,0
112900154,0,0,0
112900155,0,0,0
112900156,0,0,0
112900157,0,0,0
112900158,0,0,0
112900159,0,0,0
112900160,0,0,0
112900161,0,0,0
112900162,0,0,0
112900163,0,0,0
112900164,0,0,0
112900165,0,0,0
112900166,0,0,0
112900167,0,0,0
112900168,0,0,0
112900169,0,0,0
112900170,0,0,0
112900172,0,0,0
112900173,0,0,0
112900174,0,0,0
112900175,0,0,0
112900176,0,0,0
112900177,0,0,0
112900178,0,0,0
112900179,0,0,0
112900180,0,0,0
112900181,0,0,0
112900182,0,0,0
112900183,0,0,0
112900184,0,0,0
112900185,0,0,0
112900186,0,0,0
112900187,0,0,0
112900188,0,0,0
112900189,0,0,0
112900190,0,0,0
112900192,0,0,0
112900193,0,0,0
112900194,0,0,0
112900195,0,0,0
112900196,0,0,0
112900197,0,0,0
112900199,0,0,0
112900200,0,0,0
112900201,0,0,0
112900202,0,0,0
112900203,0,0,0
112900204,0,0,0
112900205,0,0,0
112900206,0,0,0
112900207,0,0,0
112900208,0,0,0
112900209,0,0,0
112900210,0,0,0
112900211,0,0,0
112900212,0,0,0
112900213,0,0,0
112900214,0,0,0
112900215,0,0,0
112900216,0,0,0
112900217,0,0,0
112900218,0,0,0
112900219,0,0,0
112900220,0,0,0
112900221,0,0,0
112900222,0,0,0
112900223,0,0,0
112900224,0,0,0
112900225,0,0,0
112900226,0,0,0
112900227,0,0,0
112900228,0,0,0
112900229,0,0,0
112900230,0,0,0
112900232,0,0,0
112900233,0,0,0
112900234,0,0,0
112900235,0,0,0
112900236,0,0,0
112900237,0,0,0
112900238,0,0,0
112900239,0,0,0
112900240,0,0,0
112900241,0,0,0
112900242,0,0,0
112900243,0,0,0
112900244,0,0,0
112900245,0,0,0
112900246,0,0,0
112900247,0,0,0
112900248,0,0,0
112900249,0,0,0
112900250,0,0,0
112900251,0,0,0
112900252,0,0,0
112900253,0,0,0
112900254,0,0,0
112900255,0,0,0
112900256,0,0,0
112900257,0,0,0
112900258,0,0,0
113000001,292,317,-25
113000002,275,285,-10
113000003,140,129,11
113000004,120,162,-42
113000005,41,56,-15
113000006,43,79,-36
113000007,59,52,7
113000008,81,56,25
113000009,65,29,36
113000010,205,47,158
113000011,0,0,0
113000012,728,93,635
113000013,5,47,-42
113000014,33,9,24
113000015,4,1,3
113000016,0,0,0
113000017,0,0,0
113000018,27,24,3
113000019,0,0,0
113000020,156,2,154
113000021,322,22,300
113000022,62,3,59
113000025,0,0,0
113000026,40,4,36
113000027,111,0,111
113000028,5,0,5
113000029,27,36,-9
113000030,0,0,0
113000031,0,0,0
113000032,42,51,-9
113000033,77,44,33
113000034,0,0,0
113000035,0,0,0
113000036,0,0,0
113000037,0,0,0
113000038,0,0,0
113000039,0,0,0
113000040,0,0,0
113000042,0,0,0
113000051,116,116,0
113000052,130,58,72
113000053,38,15,23
113000054,13,36,-23
113000055,110,27,83
113000056,111,45,66
113000058,0,0,0
113000059,208,65,143
113000060,0,0,0
113000061,72,69,3
113000062,0,0,0
113000063,0,0,0
113000064,0,0,0
113000065,2,7,-5
113000066,162,2,160
113000067,35,9,26
113000068,11,21,-10
113000069,4,29,-25
113000070,44,11,33
113000071,18,31,-13
113000072,132,10,122
113000073,2,60,-58
113000074,91,16,75
113000075,228,13,215
113000076,3,128,-125
113000077,90,72,18
113000078,0,0,0
113000079,0,0,0
113000080,109,64,45
113000081,171,89,82
113000082,0,0,0
113000083,176,184,-8
113000084,19,1,18
113000085,277,152,125
113000086,7,9,-2
113000087,138,469,-331
113000088,10,2,8
113000089,207,454,-247
113000090,6,19,-13
113000091,6,0,6
113000094,61,5,56
113000095,0,0,0
113000096,0,0,0
113000097,48,4,44
113000098,0,0,0
113000099,57,4,53
113000100,0,0,0
113000101,0,0,0
113000102,25,46,-21
113000103,0,0,0
113000104,263,168,95
113000105,623,147,476
113000106,0,0,0
113000107,310,415,-105
113000108,70,28,42
113000109,0,0,0
113000110,70,98,-28
113000111,0,0,0
113000112,15,61,-46
113000113,40,28,12
113000114,0,0,0
113000116,0,0,0
113000117,0,0,0
113000118,0,0,0
113000119,0,0,0
113000120,0,2,-2
113000121,0,0,0
113000124,18,8,10
113000125,0,0,0
113000127,0,0,0
113000128,0,0,0
113000129,0,0,0
113000133,31,0,31
113000134,1,64,-63
113000135,1006,890,116
113000137,287,298,-11
113000139,32,42,-10
113000140,0,0,0
113000141,20,13,7
113000142,0,0,0
113000143,1,9,-8
113000144,0,0,0
113000145,0,0,0
113000146,0,0,0
113000147,0,0,0
113000148,0,0,0
113000149,0,0,0
113000150,0,0,0
113000151,0,0,0
113000152,0,0,0
113000153,0,0,0
113000154,12,79,-67
113000155,29,67,-38
113000156,0,0,0
113000157,0,0,0
113000158,0,0,0
113000159,0,0,0
113000160,0,0,0
113000161,0,0,0
113000162,0,0,0
113000163,0,0,0
113000164,0,0,0
113000166,76,0,76
113000167,0,0,0
113000168,0,0,0
113000169,120,1,119
113000170,205,9,196
113000171,0,0,0
113000172,51,5,46
113000173,47,4,43
113000174,0,0,0
113000175,48,3,45
113000176,296,6,290
113000177,0,0,0
113000178,0,0,0
113000179,138,18,120
113000180,67,4,63
113000181,38,14,24
113000182,24,2,22
113000183,4,69,-65
113000184,0,0,0
113000189,0,0,0
113000190,0,0,0
113000192,76,261,-185
113000193,108,19,89
113000194,13,26,-13
113000195,53,53,0
113000196,157,20,137
113000197,46,3,43
113000198,0,0,0
113000199,3,3,0
113000201,0,0,0
113000202,0,0,0
113000203,4,3,1
113000204,41,178,-137
113000205,0,0,0
113000206,0,0,0
113000207,0,0,0
113000208,0,0,0
113000209,0,0,0
113000210,0,0,0
113000211,1,0,1
113000212,0,0,0
113000213,8,1,7
113000214,0,0,0
113000234,0,0,0
113000410,2,8,-6
113000411,32,133,-101
113000412,491,329,162
113000413,188,380,-192
113000414,260,351,-91
113000415,9,64,-55
113000416,50,32,18
113000417,11,70,-59
113000418,548,178,370
113000419,77,101,-24
113000420,448,162,286
113000421,1723,1275,448
113000422,269,479,-210
113000423,255,308,-53
113000424,816,468,348
113000425,0,0,0
113000428,0,0,0
113000430,0,0,0
113000432,189,4,185
113000433,0,0,0
113000434,0,0,0
113000435,0,0,0
113000436,0,0,0
113000437,26,0,26
113000438,1,0,1
113000439,0,0,0
113000440,0,1,-1
113000441,1,0,1
113000442,0,0,0
113000443,3,0,3
113000444,0,0,0
113000445,1,0,1
113000446,0,0,0
113000448,0,0,0
113000449,1,1,0
113000450,0,5,-5
113000451,0,0,0
113000452,1,2,-1
113000453,0,0,0
113000454,0,7,-7
113000455,0,0,0
113000456,0,0,0
113000468,0,0,0
113000469,0,0,0
113000470,0,0,0
113000471,0,0,0
113000472,0,0,0
113000474,8,44,-36
113000475,80,56,24
113000476,274,238,36
113000477,876,424,452
113000478,451,136,315
113000479,0,0,0
113000483,0,0,0
113000484,0,0,0
113000485,0,0,0
113000486,0,0,0
113000487,0,0,0
113000488,0,0,0
113000489,0,0,0
113000490,0,0,0
113000491,0,0,0
113000492,0,0,0
113000493,0,0,0
113000495,0,0,0
113000496,0,0,0
113000499,0,0,0
113900001,0,0,0
113900002,0,0,0
113900003,0,0,0
113900004,0,0,0
113900005,0,0,0
113900006,0,0,0
113900007,0,0,0
113900008,0,0,0
113900009,0,0,0
113900010,0,0,0
113900011,0,0,0
113900012,0,0,0
113900013,0,0,0
113900014,0,0,0
113900015,0,0,0
113900016,0,0,0
113900017,0,0,0
113900018,0,0,0
113900019,0,0,0
113900020,0,0,0
113900022,0,0,0
113900023,0,0,0
113900024,0,0,0
113900025,0,0,0
113900026,0,0,0
113900027,0,0,0
113900028,0,0,0
113900029,0,0,0
113900030,0,0,0
113900031,0,0,0
113900032,0,0,0
113900033,0,0,0
113900035,0,0,0
113900036,0,0,0
113900037,0,0,0
113900038,0,0,0
113900039,0,0,0
113900040,0,0,0
113900041,0,0,0
113900042,0,0,0
113900043,0,0,0
113900044,0,0,0
113900045,0,0,0
113900046,0,0,0
113900047,0,0,0
113900048,0,0,0
113900049,0,0,0
113900050,0,0,0
113900051,0,0,0
113900052,0,0,0
113900053,0,0,0
113900054,0,0,0
113900055,0,0,0
113900056,0,0,0
113900057,0,0,0
113900058,0,0,0
113900059,0,0,0
113900060,0,0,0
113900061,0,0,0
113900062,0,0,0
113900063,0,0,0
113900064,0,0,0
113900065,0,0,0
113900066,0,0,0
113900067,0,0,0
113900068,0,0,0
113900069,0,0,0
113900070,0,0,0
113900071,0,0,0
113900072,0,0,0
113900073,0,0,0
113900074,0,0,0
113900075,0,0,0
113900076,0,0,0
113900077,0,0,0
113900078,0,0,0
113900079,0,0,0
113900080,0,0,0
113900081,0,0,0
113900082,0,0,0
113900083,0,0,0
113900084,0,0,0
113900085,0,0,0
113900086,0,0,0
113900087,0,0,0
113900088,0,0,0
113900089,0,0,0
113900090,0,0,0
113900091,0,0,0
113900092,0,0,0
113900093,0,0,0
113900094,0,0,0
113900095,0,0,0
113900096,0,0,0
113900097,0,0,0
113900098,0,0,0
113900099,0,0,0
113900100,0,0,0
113900101,0,0,0
113900102,0,0,0
113900103,0,0,0
113900104,0,0,0
113900105,0,0,0
113900106,0,0,0
113900107,0,0,0
113900108,0,0,0
113900109,0,0,0
113900110,0,0,0
113900111,0,0,0
113900112,0,0,0
113900113,0,0,0
113900114,0,0,0
113900115,0,0,0
113900116,0,0,0
113900117,0,0,0
113900118,0,0,0
113900119,0,0,0
113900120,0,0,0
113900121,0,0,0
113900122,0,0,0
113900123,0,0,0
113900124,0,0,0
113900125,0,0,0
113900126,0,0,0
113900127,0,0,0
113900128,0,0,0
113900129,0,0,0
113900130,0,0,0
113900131,0,0,0
113900132,0,0,0
113900133,0,0,0
113900135,0,0,0
113900136,0,0,0
113900137,0,0,0
113900138,0,0,0
113900139,0,0,0
113900140,0,0,0
113900141,0,0,0
113900142,0,0,0
113900143,0,0,0
113900144,0,0,0
113900145,0,0,0
113900146,0,0,0
113900148,0,0,0
113900149,0,0,0
113900150,0,0,0
113900151,0,0,0
113900152,0,0,0
113900153,0,0,0
113900154,0,0,0
113900155,0,0,0
113900156,0,0,0
113900157,0,0,0
113900158,0,0,0
113900159,0,0,0
113900160,0,0,0
113900161,0,0,0
113900162,0,0,0
113900163,0,0,0
113900164,0,0,0
113900165,0,0,0
113900166,0,0,0
113900167,0,0,0
113900168,0,0,0
113900169,0,0,0
113900171,0,0,0
113900172,0,0,0
113900173,0,0,0
113900174,0,0,0
113900175,0,0,0
113900176,0,0,0
113900177,0,0,0
113900178,0,0,0
113900179,0,0,0
113900180,0,0,0
113900181,0,0,0
113900182,0,0,0
113900183,0,0,0
113900184,0,0,0
113900185,0,0,0
113900186,0,0,0
113900187,0,0,0
113900188,0,0,0
113900189,0,0,0
113900190,0,0,0
113900191,0,0,0
113900192,0,0,0
113900193,0,0,0
113900194,0,0,0
113900195,0,0,0
113900196,0,0,0
113900197,0,0,0
113900198,0,0,0
113900199,0,0,0
113900200,0,0,0
113900201,0,0,0
113900202,0,0,0
113900203,0,0,0
113900204,0,0,0
113900205,0,0,0
113900206,0,0,0
113900207,0,0,0
113900208,0,0,0
113900209,0,0,0
113900210,0,0,0
113900211,0,0,0
113900212,0,0,0
113900214,0,0,0
113900215,0,0,0
113900216,0,0,0
113900217,0,0,0
113900218,0,0,0
113900219,0,0,0
113900220,0,0,0
113900221,0,0,0
113900222,0,0,0
113900223,0,0,0
113900224,0,0,0
113900225,0,0,0
113900226,0,0,0
113900227,0,0,0
113900228,0,0,0
113900229,0,0,0
113900230,0,0,0
113900231,0,0,0
113900232,0,0,0
113900233,0,0,0
113900234,0,0,0
113900235,0,0,0
113900236,0,0,0
113900237,0,0,0
113900238,0,0,0
113900239,0,0,0
113900240,0,0,0
113900241,0,0,0
113900242,0,0,0
113900243,0,0,0
113900244,0,0,0
113900245,0,0,0
113900246,0,0,0
113900247,0,0,0
113900248,0,0,0
113900249,0,0,0
113900250,0,0,0
113900251,0,0,0
113900252,0,0,0
113900253,0,0,0
113900254,0,0,0
113900255,0,0,0
113900256,0,0,0
113900257,0,0,0
113900258,0,0,0
113900259,0,0,0
113900260,0,0,0
113900261,0,0,0
113900262,0,0,0
113900263,0,0,0
113900264,0,0,0
113900265,0,0,0
113900266,0,0,0
113900267,0,0,0
113900268,0,0,0
113900269,0,0,0
113900270,0,0,0
113900271,0,0,0
113900273,0,0,0
113900274,0,0,0
113900275,0,0,0
113900276,0,0,0
113900277,0,0,0
113900278,0,0,0
113900279,0,0,0
113900280,0,0,0
113900281,0,0,0
113900282,0,0,0
113900283,0,0,0
113900284,0,0,0
113900285,0,0,0
113900286,0,0,0
113900287,0,0,0
113900288,0,0,0
113900289,0,0,0
113900290,0,0,0
113900291,0,0,0
113900292,0,0,0
113900293,0,0,0
113900294,0,0,0
113900295,0,4,-4
113900296,0,0,0
113900297,0,0,0
113900298,0,0,0
113900299,0,0,0
113900300,0,0,0
113900301,0,0,0
113900302,0,0,0
113900303,0,0,0
113900304,0,0,0
113900305,0,0,0
113900306,0,0,0
113900307,0,0,0
113900308,0,0,0
113900309,0,0,0
113900310,0,0,0
113900311,0,0,0
113900312,0,0,0
113900313,0,0,0
113900314,0,0,0
113900315,0,0,0
114000001,215,96,119
114000002,46,26,20
114000003,0,0,0
114000004,0,0,0
114000005,0,0,0
114000006,0,0,0
114000007,0,0,0
114000008,2,69,-67
114000009,19,26,-7
114000011,846,167,679
114000012,526,57,469
114000013,317,95,222
114000014,0,0,0
114000015,0,0,0
114000016,0,0,0
114000017,40,0,40
114000018,0,0,0
114000026,338,114,224
114000027,268,167,101
114000028,292,206,86
114000038,0,0,0
114000039,0,0,0
114000040,8,0,8
114000042,0,0,0
114000043,0,0,0
114000044,9,23,-14
114000045,0,0,0
114000046,0,0,0
114000047,0,0,0
114000048,0,50,-50
114000049,53,104,-51
114000050,11,113,-102
114000051,37,245,-208
114000052,52,130,-78
114000053,0,0,0
114000054,0,0,0
114000055,0,0,0
114000056,0,0,0
114000057,327,111,216
114000058,0,0,0
114000059,0,0,0
114000060,0,0,0
114000061,38,127,-89
114000062,52,156,-104
114000063,6,10,-4
114000064,12,2,10
114000065,12,36,-24
114000066,50,59,-9
114000067,22,14,8
114000068,16,1,15
114000069,66,1,65
114000070,821,407,414
114000071,0,0,0
114000072,0,0,0
114000073,0,1,-1
114000074,0,0,0
114000075,57,0,57
114000076,6,5,1
114000077,11,0,11
114000078,1,2,-1
114000079,0,0,0
114000080,0,4,-4
114000081,14,23,-9
114000082,0,0,0
114000083,0,0,0
114000084,0,0,0
114000085,0,0,0
114000086,0,0,0
114000087,0,0,0
114000088,0,4,-4
114000089,8,1,7
114000090,80,83,-3
114000091,38,17,21
114000092,25,20,5
114000093,100,26,74
114000094,78,41,37
114000095,6,17,-11
114000096,0,0,0
114000097,0,0,0
114000098,73,1,72
114000099,0,0,0
114000100,926,4,922
114000101,0,0,0
114000102,96,8,88
114000103,0,0,0
114000104,0,0,0
114000105,0,0,0
114000106,0,0,0
114000107,0,0,0
114000108,0,0,0
114000109,480,195,285
114000110,0,0,0
114000111,556,124,432
114000112,0,0,0
114000113,388,17,371
114000114,0,0,0
114000115,791,142,649
114000116,407,111,296
114000117,1045,50,995
114000118,580,65,515
114000119,751,54,697
114000120,114,17,97
114000121,0,0,0
114000122,126,4,122
114000123,451,36,415
114000124,51,75,-24
114000125,64,136,-72
114000126,303,28,275
114000127,1,0,1
114000128,18,4,14
114000130,4,3,1
114000131,10,6,4
114000132,0,0,0
114000133,0,0,0
114000134,0,0,0
114000138,0,0,0
114000139,7,63,-56
114000144,141,44,97
114000145,0,0,0
114000146,0,0,0
114000147,333,39,294
114000148,13,17,-4
114000149,28,40,-12
114000150,0,0,0
114000151,66,82,-16
114000152,2,9,-7
114000153,0,0,0
114000154,24,2,22
114000155,249,148,101
114000156,87,41,46
114000157,14,80,-66
114000158,0,0,0
114000159,0,0,0
114000160,0,0,0
114000161,261,480,-219
114000162,777,623,154
114000163,0,0,0
114000165,6,59,-53
114000166,63,31,32
114000167,321,64,257
114000168,0,0,0
114000169,279,384,-105
114000170,467,213,254
114000171,970,133,837
114000174,0,0,0
114000176,0,0,0
114000177,0,0,0
114000178,1,0,1
114000179,216,19,197
114000180,0,0,0
114000181,249,679,-430
114000182,141,136,5
114000183,92,52,40
114000184,27,109,-82
114000185,312,83,229
114000189,280,3,277
114000190,892,11,881
114000191,0,0,0
114000192,0,44,-44
114000193,0,0,0
114000194,132,21,111
114000195,0,0,0
114000196,0,0,0
114000197,315,2,313
114000198,0,0,0
114000199,0,0,0
114000200,32,0,32
114000201,4,2,2
114000202,299,153,146
114000203,104,49,55
114000204,0,0,0
114000205,3,11,-8
114000206,0,0,0
114000207,6,107,-101
114000208,1,27,-26
114000209,7,67,-60
114000210,1,57,-56
114000211,640,215,425
114000212,111,305,-194
114000213,505,210,295
114000214,5,0,5
114000215,0,0,0
114000216,365,108,257
114000217,86,16,70
114000218,23,3,20
114000219,329,3,326
114000220,0,21,-21
114000221,256,19,237
114000222,49,37,12
114000223,327,71,256
114000224,52,32,20
114000225,63,4,59
114000226,162,21,141
114000227,328,138,190
114000228,301,62,239
114000229,137,46,91
114000230,434,74,360
114000231,101,74,27
114000232,385,140,245
114000233,747,25,722
114000234,704,166,538
114000235,148,21,127
114000236,0,0,0
114000237,0,0,0
114000238,1,165,-164
114000239,0,0,0
114000240,91,83,8
114000241,29,37,-8
114000242,123,32,91
114000243,652,241,411
114000244,444,101,343
114000245,0,0,0
114000246,0,0,0
114000247,311,93,218
114000248,319,160,159
114000249,220,249,-29
114000250,104,7,97
114000251,140,11,129
114000252,0,0,0
114000253,29,0,29
114000254,0,0,0
114000255,0,0,0
114000256,2,96,-94
114000257,2,130,-128
114000258,75,0,75
114000259,2,7,-5
114000260,0,0,0
114000261,78,11,67
114000262,0,0,0
114000263,37,1,36
114000264,0,0,0
114000265,0,0,0
114000267,0,204,-204
114000268,0,0,0
114000270,89,0,89
114000271,122,1,121
114000283,206,13,193
114000285,0,0,0
114000288,0,5,-5
114000289,0,0,0
114000293,27,1,26
114000294,2,10,-8
114000395,430,6,424
114000396,84,28,56
114000402,0,0,0
114000403,60,7,53
114000405,60,34,26
114000423,135,26,109
114000424,44,28,16
114000425,161,16,145
114000426,60,6,54
114000427,0,0,0
114000428,0,0,0
114000429,0,23,-23
114000432,0,0,0
114000434,0,0,0
114000435,0,0,0
114900001,0,0,0
114900002,0,0,0
114900003,0,0,0
114900004,0,0,0
114900005,0,0,0
114900006,0,0,0
114900007,0,0,0
114900008,0,0,0
114900010,0,0,0
114900011,0,0,0
114900013,0,0,0
114900015,0,0,0
114900018,0,0,0
114900020,0,0,0
114900022,0,0,0
114900024,0,0,0
114900025,0,0,0
114900026,0,0,0
114900027,0,0,0
114900029,0,0,0
114900030,0,0,0
114900031,0,0,0
114900032,0,0,0
114900033,0,0,0
114900034,0,0,0
114900035,0,0,0
114900036,0,0,0
114900037,0,0,0
114900038,0,0,0
114900039,0,0,0
114900040,0,0,0
114900041,0,0,0
114900042,0,0,0
114900043,0,0,0
114900044,0,0,0
114900046,0,0,0
114900047,0,0,0
114900048,0,0,0
114900049,0,0,0
114900050,0,0,0
114900051,0,0,0
114900052,0,0,0
114900053,0,0,0
114900054,0,0,0
114900057,0,0,0
114900058,0,0,0
114900059,0,0,0
114900060,0,0,0
114900061,0,0,0
114900062,0,0,0
114900063,0,0,0
114900064,0,0,0
114900065,0,0,0
114900067,0,0,0
114900068,0,0,0
114900069,0,0,0
114900070,0,0,0
114900072,0,0,0
114900073,0,0,0
114900074,0,0,0
114900075,0,0,0
114900076,0,0,0
114900080,0,0,0
114900082,0,0,0
114900083,0,0,0
114900090,0,0,0
114900091,0,0,0
114900095,0,0,0
114900096,0,0,0
114900097,0,0,0
114900098,0,0,0
114900099,0,0,0
115000001,96,137,-41
115000002,1508,494,1014
115000003,141,109,32
115000004,1242,1027,215
115000005,27,77,-50
115000006,484,389,95
115000007,0,0,0
115000008,155,96,59
115000009,0,0,0
115000010,157,180,-23
115000013,0,0,0
115000015,0,0,0
115000016,0,0,0
115000019,61,174,-113
115000020,0,0,0
115000021,3,271,-268
115000022,7,54,-47
115000023,612,257,355
115000024,5,51,-46
115000025,400,114,286
115000026,0,0,0
115000027,213,158,55
115000028,0,0,0
115000029,663,7,656
115000030,0,67,-67
115000031,611,29,582
115000032,0,0,0
115000033,131,6,125
115000034,0,0,0
115000035,514,1,513
115000036,0,0,0
115000037,263,1,262
115000038,23,29,-6
115000039,0,44,-44
115000040,232,42,190
115000041,13,63,-50
115000042,108,16,92
115000043,849,558,291
115000044,506,55,451
115000045,137,13,124
115000046,752,226,526
115000047,1067,134,933
115000048,97,90,7
115000049,88,227,-139
115000050,1307,454,853
115000051,447,221,226
115000052,151,141,10
115000053,414,206,208
115000054,75,38,37
115000055,0,0,0
115000056,65,66,-1
115000057,0,0,0
115000058,37,23,14
115000059,0,0,0
115000061,35,4,31
115000062,0,0,0
115000063,0,0,0
115000064,117,4,113
115000065,0,0,0
115000067,22,0,22
115000069,0,0,0
115000070,0,15,-15
115000071,26,1,25
115000072,0,0,0
115000073,281,4,277
115000075,0,0,0
115000076,549,294,255
115000077,224,165,59
115000078,157,103,54
115000079,255,118,137
115000080,408,172,236
115000081,0,0,0
115000082,1128,525,603
115000083,0,0,0
115000084,647,124,523
115000085,0,0,0
115000086,570,33,537
115000087,0,0,0
115000088,703,103,600
115000089,0,0,0
115000090,81,68,13
115000091,100,19,81
115000092,300,5,295
115000093,471,0,471
115000094,1517,405,1112
115000095,1098,188,910
115000096,189,29,160
115000097,249,56,193
115000098,397,29,368
115000099,798,243,555
115000100,602,92,510
115000101,11,15,-4
115000102,357,141,216
115000103,10,0,10
115000105,6,1,5
115000106,257,23,234
115000107,2,25,-23
115000108,116,61,55
115000109,983,761,222
115000110,231,51,180
115000111,20,101,-81
115000112,60,35,25
115000113,11,76,-65
115000114,58,37,21
115000116,107,95,12
115000117,81,25,56
115000118,116,206,-90
115000119,74,49,25
115000120,18,316,-298
115000121,97,86,11
115000122,97,32,65
115000123,139,447,-308
115000124,62,27,35
115000125,120,58,62
115000126,30,51,-21
115000127,15,0,15
115000128,15,20,-5
115000129,61,1,60
115000130,82,2,80
115000131,81,29,52
115000132,64,0,64
115000133,70,5,65
115000134,57,1,56
115000135,23,1,22
115000136,79,15,64
115000137,0,0,0
115000138,196,6,190
115000139,0,0,0
115000140,166,13,153
115000141,0,0,0
115000142,0,0,0
115000143,221,38,183
115000144,0,0,0
115000145,0,0,0
115000146,111,51,60
115000147,0,0,0
115000148,0,0,0
115000149,1,10,-9
115000150,0,0,0
115000151,52,21,31
115000152,0,0,0
115000153,18,17,1
115000154,11,4,7
115000155,0,0,0
115000156,29,43,-14
115000157,0,0,0
115000158,0,0,0
115000159,0,0,0
115000160,1,0,1
115000161,0,0,0
115000162,245,66,179
115000163,0,0,0
115000164,0,0,0
115000165,28,40,-12
115000167,39,6,33
115000168,66,25,41
115000169,0,0,0
115000170,0,0,0
115000171,76,61,15
115000172,0,0,0
115000173,6,4,2
115000174,18,47,-29
115000175,0,0,0
115000176,3,3,0
115000177,0,0,0
115000178,0,0,0
115000179,7,1,6
115000180,0,0,0
115000181,133,15,118
115000182,178,37,141
115000183,0,0,0
115000186,163,4,159
115000187,60,39,21
115000188,144,24,120
115000189,12,39,-27
115000190,592,34,558
115000191,3,14,-11
115000194,0,0,0
115000195,16,7,9
115000196,3,0,3
115000197,0,0,0
115000198,60,3,57
115000199,0,0,0
115000200,12,4,8
115000201,0,0,0
115000206,204,0,204
115000207,0,0,0
115000208,19,47,-28
115000209,398,2,396
115000210,42,54,-12
115000211,2,10,-8
115000212,27,1,26
115000224,0,0,0
115000225,0,0,0
115000229,1,0,1
115000230,1,0,1
115000231,84,3,81
115000232,458,1,457
115000233,0,0,0
115000234,0,0,0
115000241,0,0,0
115000242,0,0,0
115000243,0,0,0
115000244,0,0,0
115000246,0,0,0
115000247,0,0,0
115000248,0,0,0
115000249,0,0,0
115000250,0,0,0
115000251,0,0,0
115000252,0,0,0
115000253,0,0,0
115000258,0,0,0
115000259,0,0,0
115000261,0,0,0
115000262,0,0,0
115000263,0,0,0
115000264,0,0,0
115000267,0,0,0
115000268,0,0,0
115000269,0,0,0
115000270,0,0,0
115000272,1,0,1
115000273,0,0,0
115000280,47,347,-300
115000281,0,0,0
115000282,242,204,38
115000284,0,0,0
115000296,313,1,312
115000297,4,205,-201
115000298,0,0,0
115000300,0,0,0
115000302,82,18,64
115000303,103,2,101
115000304,86,23,63
115000305,0,0,0
115000306,0,0,0
115000307,0,0,0
115000308,0,0,0
115000309,0,0,0
115000310,0,0,0
115000311,407,77,330
115000313,0,0,0
115000314,34,36,-2
115000315,17,52,-35
115000316,0,0,0
115000317,96,8,88
115000318,353,12,341
115000319,7,38,-31
115000320,1,66,-65
115000321,62,0,62
115000322,0,23,-23
115000449,0,0,0
115000557,0,0,0
115000558,67,2,65
115000587,7,6,1
115000588,53,173,-120
115000589,1813,1087,726
115000590,31,40,-9
115000591,460,394,66
115000592,17,63,-46
115000593,627,167,460
115000594,69,84,-15
115000609,1,4,-3
115000617,145,49,96
115000624,0,0,0
115000633,243,82,161
115000634,1244,167,1077
115000635,321,103,218
115000638,0,0,0
115000641,0,0,0
115000642,119,19,100
115000643,0,21,-21
115000644,2,12,-10
115000646,36,120,-84
115000647,39,29,10
115000648,323,28,295
115000893,1462,404,1058
115000894,0,95,-95
115000895,16,103,-87
115000896,787,186,601
115000897,33,25,8
115000898,53,10,43
115000899,6,27,-21
115000900,3,63,-60
115000901,3,22,-19
115000912,75,12,63
115000913,0,0,0
115000915,0,0,0
115000916,0,0,0
115000917,0,0,0
115000918,0,0,0
115000919,0,0,0
115000920,0,0,0
115000921,0,0,0
115000922,163,329,-166
115000923,10,84,-74
115000925,0,0,0
115000927,0,0,0
115000933,0,16,-16
115000934,0,0,0
115000935,0,0,0
115000936,0,1,-1
115000937,11,28,-17
115000938,16,4,12
115000939,3,32,-29
115000940,1,2,-1
115000941,0,2,-2
115000942,0,10,-10
115000943,0,0,0
115000944,0,0,0
115900001,0,0,0
115900002,0,0,0
115900003,0,0,0
115900004,0,0,0
115900005,0,0,0
115900006,0,0,0
115900008,0,0,0
115900009,0,0,0
115900010,0,0,0
115900011,0,0,0
115900012,0,0,0
115900013,0,0,0
115900014,0,0,0
115900015,0,0,0
115900016,0,0,0
115900017,0,0,0
115900018,0,0,0
115900019,0,0,0
115900020,0,0,0
115900021,0,0,0
115900022,0,0,0
115900023,0,0,0
115900025,0,0,0
115900026,0,0,0
115900027,0,0,0
115900028,0,0,0
115900029,0,0,0
115900030,0,0,0
115900031,0,0,0
115900032,0,0,0
115900033,0,0,0
115900034,0,0,0
115900035,0,0,0
115900036,0,0,0
115900037,0,0,0
115900038,0,0,0
115900039,0,0,0
115900041,0,0,0
115900042,0,0,0
115900043,0,0,0
115900044,0,0,0
115900046,0,0,0
115900047,0,0,0
115900049,0,0,0
115900051,0,0,0
115900052,0,0,0
115900053,0,0,0
115900054,0,0,0
115900055,0,0,0
115900056,0,0,0
115900057,0,0,0
115900058,0,0,0
115900060,0,0,0
115900061,0,0,0
115900062,0,0,0
115900063,0,0,0
115900064,0,0,0
115900065,0,0,0
115900066,0,0,0
115900067,0,0,0
115900068,0,0,0
115900069,0,0,0
115900070,0,0,0
115900071,0,0,0
115900072,0,0,0
115900073,0,0,0
115900074,0,0,0
115900075,0,0,0
115900076,0,0,0
115900077,0,0,0
115900078,0,0,0
115900079,0,0,0
115900080,0,0,0
115900081,0,0,0
115900082,0,0,0
115900084,0,0,0
115900085,0,0,0
115900086,0,0,0
115900088,0,0,0
115900089,0,0,0
115900090,0,0,0
115900091,0,0,0
115900092,0,0,0
115900093,0,0,0
115900094,0,0,0
115900096,0,0,0
115900097,0,0,0
115900098,0,0,0
115900099,0,0,0
115900100,0,0,0
115900101,0,0,0
115900102,0,0,0
115900103,0,0,0
115900104,0,0,0
115900105,0,0,0
115900106,0,0,0
115900107,0,0,0
115900108,0,0,0
115900109,0,0,0
115900110,0,0,0
115900111,0,0,0
115900112,0,0,0
115900113,0,0,0
115900114,0,0,0
115900115,0,0,0
115900116,0,0,0
115900117,0,0,0
115900118,0,0,0
115900119,0,0,0
115900120,0,0,0
115900121,0,0,0
115900124,0,0,0
115900125,0,0,0
115900126,0,0,0
115900127,0,0,0
115900128,0,0,0
115900129,0,0,0
115900130,0,0,0
115900131,0,0,0
115900132,0,0,0
115900134,0,0,0
115900135,0,0,0
115900137,0,0,0
115900139,0,0,0
115900140,0,0,0
115900141,0,0,0
115900142,0,0,0
115900143,0,0,0
115900144,0,0,0
115900146,0,0,0
115900147,0,0,0
115900148,0,0,0
115900149,0,0,0
115900150,0,0,0
115900151,0,0,0
115900152,0,0,0
115900153,0,0,0
115900154,0,0,0
115900155,0,0,0
115900156,0,0,0
115900157,0,0,0
115900158,0,0,0
115900159,0,0,0
115900160,0,0,0
115900161,0,0,0
115900163,0,0,0
115900164,0,0,0
115900166,0,0,0
115900168,0,0,0
115900171,0,0,0
115900172,0,0,0
115900173,0,0,0
115900174,0,0,0
115900175,0,0,0
115900178,0,0,0
115900179,0,0,0
115900180,0,0,0
115900181,0,0,0
115900182,0,0,0
115900183,0,0,0
115900184,0,0,0
115900187,0,0,0
115900189,0,0,0
115900190,0,0,0
115900191,0,0,0
115900192,0,0,0
115900193,0,0,0
115900194,0,0,0
115900195,0,0,0
115900198,0,0,0
115900199,0,0,0
115900200,0,0,0
115900201,0,0,0
115900202,0,0,0
115900203,0,0,0
115900204,0,0,0
115900205,0,0,0
115900206,0,0,0
115900207,0,0,0
115900208,0,0,0
115900209,0,0,0
115900210,0,0,0
115900211,0,0,0
115900212,0,0,0
115900213,0,0,0
115900214,0,0,0
115900215,0,0,0
115900216,0,0,0
115900217,0,0,0
115900218,0,0,0
115900219,0,0,0
115900220,0,0,0
115900221,0,0,0
115900222,0,0,0
115900223,0,0,0
115900224,0,0,0
115900225,0,0,0
115900226,0,0,0
115900227,0,0,0
115900228,0,0,0
115900229,0,0,0
115900230,0,0,0
115900231,0,0,0
115900232,0,0,0
115900233,0,0,0
115900234,0,0,0
115900235,0,0,0
115900236,0,0,0
115900237,0,0,0
115900238,0,0,0
115900239,0,0,0
115900240,0,0,0
115900241,0,0,0
115900242,5,2,3
115900243,0,0,0
115900244,0,0,0
115900245,0,0,0
115900246,0,0,0
115900247,0,0,0
115900248,0,0,0
115900249,0,0,0
115900250,0,0,0
115900251,0,0,0
115900252,0,0,0
115900253,0,0,0
115900254,0,0,0
115900255,0,0,0
115900256,0,0,0
115900257,0,0,0
115900258,0,0,0
115900259,0,0,0
115900260,0,0,0
115900261,0,0,0
115900262,0,0,0
115900263,0,0,0
115900264,0,0,0
115900265,0,0,0
115900266,0,0,0
115900267,0,0,0
115900268,0,0,0
115900269,0,0,0
115900270,0,0,0
115900271,0,0,0
115900272,0,0,0
115900273,0,0,0
115900274,0,0,0
115900275,0,0,0
115900276,0,0,0
115900277,0,0,0
115900278,0,0,0
115900279,0,0,0
115900280,0,0,0
115900281,0,0,0
115900282,0,0,0
115900283,0,0,0
115900284,0,0,0
116000001,97,262,-165
116000002,1401,2033,-632
116000003,8,89,-81
116000004,539,1788,-1249
116000005,27,129,-102
116000006,251,721,-470
116000007,104,172,-68
116000008,629,476,153
116000009,33,94,-61
116000010,684,449,235
116000011,56,189,-133
116000012,574,183,391
116000013,151,479,-328
116000014,0,0,0
116000015,2,0,2
116000016,963,48,915
116000017,56,29,27
116000018,121,32,89
116000019,49,0,49
116000020,370,63,307
116000021,114,0,114
116000022,156,46,110
116000023,1,3,-2
116000024,192,61,131
116000025,9,20,-11
116000026,434,61,373
116000027,284,67,217
116000028,499,544,-45
116000029,0,0,0
116000030,394,393,1
116000031,0,0,0
116000032,154,3,151
116000033,431,243,188
116000034,1502,1361,141
116000035,415,94,321
116000036,0,0,0
116000037,11,37,-26
116000038,5,114,-109
116000039,0,0,0
116000040,116,156,-40
116000041,0,0,0
116000042,263,299,-36
116000043,0,0,0
116000044,0,0,0
116000045,1454,2124,-670
116000046,144,76,68
116000047,160,41,119
116000048,1512,771,741
116000049,1313,650,663
116000050,444,246,198
116000051,1896,391,1505
116000052,708,204,504
116000053,876,221,655
116000054,0,0,0
116000055,0,0,0
116000056,394,976,-582
116000057,0,0,0
116000058,115,167,-52
116000059,568,2310,-1742
116000060,109,118,-9
116000061,73,374,-301
116000062,38,27,11
116000063,147,509,-362
116000066,59,363,-304
116000067,0,0,0
116000068,43,108,-65
116000069,0,0,0
116000078,157,363,-206
116000080,0,0,0
116000082,0,0,0
116000083,221,98,123
116000084,23,332,-309
116000085,259,50,209
116000086,10,97,-87
116000087,692,160,532
116000088,45,38,7
116000089,0,0,0
116000090,5,5,0
116000091,0,0,0
116000093,164,221,-57
116000094,0,50,-50
116000095,282,13,269
116000096,23,106,-83
116000097,432,45,387
116000098,9,267,-258
116000099,448,1,447
116000100,54,0,54
116000101,6,0,6
116000102,133,24,109
116000103,60,33,27
116000104,5,7,-2
116000105,96,2,94
116000106,65,7,58
116000107,160,0,160
116000108,1,0,1
116000111,6,0,6
116000113,26,3,23
116000114,0,0,0
116000115,74,39,35
116000116,0,0,0
116000117,236,457,-221
116000118,0,0,0
116000119,997,357,640
116000120,0,0,0
116000121,217,191,26
116000122,0,0,0
116000123,835,115,720
116000124,0,0,0
116000125,1023,48,975
116000126,0,0,0
116000127,0,0,0
116000128,849,102,747
116000129,0,0,0
116000130,0,0,0
116000133,414,9,405
116000134,163,9,154
116000135,853,167,686
116000136,104,36,68
116000137,329,157,172
116000138,0,0,0
116000139,475,1013,-538
116000140,0,1,-1
116000141,43,0,43
116000142,364,675,-311
116000143,425,188,237
116000144,174,230,-56
116000145,1658,317,1341
116000146,132,4,128
116000147,105,294,-189
116000148,0,0,0
116000149,0,0,0
116000151,48,117,-69
116000153,124,592,-468
116000155,213,465,-252
116000156,2,29,-27
116000157,129,0,129
116000158,521,48,473
116000159,95,0,95
116000160,0,0,0
116000161,0,0,0
116000162,0,0,0
116000163,0,0,0
116000164,0,0,0
116000177,10,1,9
116000194,0,0,0
116000195,670,167,503
116000196,0,0,0
116000197,0,0,0
116000198,563,493,70
116000200,1,25,-24
116000201,0,0,0
116000202,0,0,0
116000203,0,0,0
116000204,0,0,0
116000205,0,0,0
116000206,0,0,0
116000207,0,0,0
116000233,0,0,0
116000287,0,0,0
116000288,169,71,98
116000292,0,0,0
116000296,2,0,2
116000297,0,0,0
116000304,0,0,0
116000305,0,0,0
116000346,0,0,0
116000352,0,0,0
116000354,0,0,0
116000357,0,0,0
116000358,0,0,0
116000361,0,0,0
116000372,0,0,0
116000381,0,0,0
116000388,0,0,0
116000389,129,4,125
116000445,0,0,0
116000446,365,26,339
116000447,0,0,0
116000448,546,351,195
116000563,125,1060,-935
116000565,0,0,0
116000568,0,0,0
116000579,0,0,0
116000583,0,0,0
116000584,0,0,0
116000585,0,0,0
116000586,0,0,0
116000587,517,4,513
116000589,93,1,92
116000590,5,2,3
116000591,143,8,135
116000592,73,3,70
116000593,0,0,0
116000594,0,0,0
116000595,0,0,0
116000596,0,0,0
116000597,170,1,169
116000598,0,0,0
116000605,0,0,0
116000606,31,8,23
116000607,0,0,0
116000609,0,0,0
116000611,0,0,0
116000612,1139,422,717
116000613,424,125,299
116000614,0,0,0
116000615,0,0,0
116000616,0,0,0
116000617,0,0,0
116000618,0,0,0
116000619,1,2,-1
116000620,728,49,679
116000621,1,63,-62
116000622,79,46,33
116000624,0,2,-2
116000627,0,0,0
116000628,0,0,0
116000629,0,0,0
116000630,15,1,14
116000631,1,3,-2
116000632,173,1,172
116000633,21,0,21
116000634,0,0,0
116000635,1431,1621,-190
116000636,113,166,-53
116000637,0,0,0
116000638,4,0,4
116000639,4,0,4
116000640,28,0,28
116000641,0,0,0
116000643,0,0,0
116000644,0,0,0
116000645,0,0,0
116900001,0,0,0
116900002,0,0,0
116900003,0,0,0
116900004,0,0,0
116900005,0,0,0
116900006,1,0,1
116900007,0,0,0
116900008,0,0,0
116900009,0,0,0
116900010,0,0,0
116900011,0,0,0
116900012,0,0,0
116900013,0,0,0
116900014,0,0,0
116900016,0,0,0
116900017,0,0,0
116900018,0,0,0
116900019,0,0,0
116900020,0,0,0
116900023,0,0,0
116900025,0,0,0
116900026,0,0,0
116900027,0,0,0
116900028,0,0,0
116900029,0,0,0
116900031,0,0,0
116900032,0,0,0
116900033,0,0,0
116900034,0,0,0
116900035,0,0,0
116900036,0,0,0
116900038,0,0,0
116900041,0,0,0
116900042,0,0,0
116900043,0,0,0
116900047,0,0,0
116900049,0,0,0
116900050,0,0,0
116900051,0,0,0
116900052,0,0,0
116900055,0,0,0
116900057,0,0,0
116900058,0,0,0
116900059,0,0,0
116900060,0,0,0
116900062,0,0,0
116900064,0,0,0
116900065,0,0,0
116900067,0,0,0
116900068,0,0,0
116900070,0,0,0
116900072,0,0,0
116900073,0,0,0
116900074,0,0,0
116900076,0,0,0
116900077,0,0,0
116900078,0,0,0
116900079,0,0,0
116900080,0,0,0
116900081,0,0,0
116900082,0,0,0
116900083,0,0,0
116900084,0,0,0
116900085,0,0,0
116900086,0,0,0
116900088,0,0,0
116900090,0,0,0
116900091,0,0,0
116900092,0,0,0
116900093,0,0,0
116900094,0,0,0
116900095,0,0,0
116900096,0,0,0
116900097,0,0,0
116900098,0,0,0
116900099,0,0,0
116900100,0,0,0
116900101,0,0,0
116900103,0,0,0
116900104,0,0,0
116900105,0,0,0
116900106,0,0,0
116900107,0,0,0
116900110,0,0,0
116900111,286,2,284
116900112,115,4,111
116900113,42,28,14
116900116,0,0,0
116900117,0,0,0
116900118,0,0,0
116900120,0,0,0
116900121,0,0,0
116900122,0,0,0
116900123,0,0,0
116900124,0,0,0
116900125,0,0,0
116900126,0,0,0
116900128,0,0,0
116900129,0,0,0
116900130,0,0,0
116900131,0,0,0
116900132,0,0,0
116900133,0,0,0
116900134,0,0,0
116900136,0,0,0
116900137,0,0,0
116900138,0,0,0
116900139,0,0,0
116900140,0,0,0
116900141,0,0,0
116900142,0,0,0
116900143,0,0,0
116900144,0,0,0
116900145,0,0,0
116900147,0,0,0
116900148,0,0,0
116900149,0,0,0
116900150,0,0,0
116900151,0,0,0
116900153,0,0,0
116900154,0,0,0
116900155,0,0,0
116900157,0,0,0
116900158,0,0,0
116900159,0,0,0
116900160,0,0,0
116900161,0,0,0
116900162,0,0,0
116900163,0,0,0
116900164,0,0,0
116900165,0,0,0
116900166,0,0,0
116900167,0,0,0
116900168,0,0,0
116900169,0,0,0
116900170,0,0,0
116900171,0,0,0
116900172,0,0,0
116900173,0,0,0
116900174,0,0,0
116900175,0,0,0
116900178,0,0,0
116900179,0,0,0
116900180,0,0,0
116900182,0,0,0
116900183,0,0,0
116900185,0,0,0
116900186,0,0,0
116900187,0,0,0
116900188,0,0,0
116900189,0,0,0
116900191,0,0,0
116900192,0,0,0
116900194,0,0,0
116900195,0,0,0
116900196,0,0,0
116900197,0,0,0
116900198,0,0,0
116900200,0,0,0
116900201,0,0,0
116900202,0,0,0
116900203,0,0,0
116900204,0,0,0
116900206,0,0,0
116900207,0,0,0
116900208,1,0,1
116900209,0,0,0
116900210,0,0,0
116900211,0,0,0
116900212,0,0,0
116900213,0,0,0
116900214,0,0,0
116900215,0,0,0
116900216,0,0,0
116900218,0,0,0
116900219,0,0,0
116900220,0,0,0
116900221,0,0,0
116900222,109,101,8
116900223,0,0,0
116900226,0,0,0
116900227,0,0,0
116900228,0,0,0
116900230,0,0,0
116900233,0,0,0
116900234,0,0,0
116900235,0,0,0
116900238,0,0,0
116900239,0,0,0
116900240,0,0,0
116900241,0,0,0
116900242,0,0,0
116900243,0,0,0
116900245,0,0,0
116900246,0,0,0
116900247,0,0,0
116900248,0,0,0
116900249,0,0,0
116900250,0,0,0
116900251,0,0,0
116900252,190,2,188
116900254,0,0,0
116900255,0,0,0
116900256,0,0,0
116900257,0,0,0
116900258,0,0,0
116900259,0,0,0
116900260,0,0,0
116900261,0,0,0
116900262,0,0,0
116900263,0,0,0
116900264,14,0,14
116900265,0,0,0
116900266,0,0,0
116900267,0,0,0
116900268,0,0,0
116900269,203,80,123
116900271,0,0,0
116900272,0,0,0
116900273,0,0,0
116900274,0,0,0
116900275,0,0,0
116900276,99,4,95
116900277,0,0,0
116900278,0,0,0
116900279,0,0,0
116900280,0,0,0
116900281,0,0,0
116900282,0,0,0
116900283,0,0,0
116900284,0,0,0
116900285,0,0,0
116900286,0,0,0
116900287,0,0,0
116900288,0,0,0
116900289,0,0,0
116900290,0,0,0
116900291,0,0,0
116900292,0,0,0
116900293,0,0,0
116900294,0,0,0
116900295,0,0,0
116900296,0,0,0
116900297,0,0,0
116900298,0,0,0
116900299,0,0,0
116900300,0,0,0
116900301,0,0,0
116900302,0,0,0
116900303,0,0,0
116900304,0,0,0
116900305,0,0,0
116900306,3,3,0
116900307,0,0,0
116900308,0,0,0
116900309,0,0,0
117000001,934,536,398
117000002,12,48,-36
117000003,2327,1242,1085
117000004,325,257,68
117000005,1664,691,973
117000006,76,135,-59
117000007,3122,700,2422
117000008,86,158,-72
117000009,2027,345,1682
117000010,150,137,13
117000011,1235,288,947
117000012,129,101,28
117000013,1096,162,934
117000014,26,265,-239
117000015,472,244,228
117000016,37,12,25
117000017,36,30,6
117000018,3,12,-9
117000019,29,15,14
117000020,36,9,27
117000021,77,4,73
117000022,115,27,88
117000023,16,51,-35
117000024,0,0,0
117000025,0,0,0
117000026,804,1174,-370
117000027,0,0,0
117000028,291,251,40
117000030,162,58,104
117000031,178,303,-125
117000032,449,391,58
117000033,377,301,76
117000034,131,79,52
117000035,614,107,507
117000036,122,67,55
117000037,542,59,483
117000038,107,114,-7
117000039,561,77,484
117000040,0,0,0
117000041,461,31,430
117000044,0,0,0
117000045,17,37,-20
117000046,0,0,0
117000047,633,328,305
117000048,0,0,0
117000049,3,29,-26
117000050,5,4,1
117000051,641,266,375
117000052,0,0,0
117000053,0,0,0
117000054,1119,94,1025
117000055,1,25,-24
117000056,328,58,270
117000057,0,23,-23
117000060,0,0,0
117000061,428,381,47
117000062,0,0,0
117000063,437,149,288
117000064,0,0,0
117000066,1,1,0
117000067,26,103,-77
117000074,0,57,-57
117000076,1,11,-10
117000077,117,51,66
117000078,0,0,0
117000079,54,3,51
117000080,0,0,0
117000081,130,1,129
117000082,0,0,0
117000083,81,0,81
117000084,47,0,47
117000085,32,27,5
117000086,232,192,40
117000087,22,61,-39
117000088,285,170,115
117000089,1429,251,1178
117000090,0,49,-49
117000091,904,92,812
117000092,0,35,-35
117000093,1236,160,1076
117000094,54,72,-18
117000095,2257,144,2113
117000096,34,90,-56
117000097,1384,229,1155
117000098,54,84,-30
117000099,1633,264,1369
117000100,0,0,0
117000101,0,0,0
117000102,995,310,685
117000103,22,38,-16
117000104,785,194,591
117000105,9,55,-46
117000106,995,224,771
117000107,72,23,49
117000108,928,579,349
117000109,188,12,176
117000110,950,961,-11
117000111,2050,1498,552
117000112,800,536,264
117000113,0,0,0
117000114,1,4,-3
117000115,0,0,0
117000116,1,2,-1
117000117,95,101,-6
117000118,12,13,-1
117000119,8,81,-73
117000120,0,54,-54
117000121,0,64,-64
117000122,5,126,-121
117000123,143,76,67
117000124,3,1,2
117000125,0,1,-1
117000126,17,1,16
117000127,5,0,5
117000128,2,2,0
117000129,192,606,-414
117000130,5,0,5
117000131,0,0,0
117000132,1805,8,1797
117000133,0,0,0
117000134,0,0,0
117000135,0,0,0
117000136,0,0,0
117000137,0,0,0
117000138,0,0,0
117000140,32,42,-10
117000141,1095,176,919
117000181,0,0,0
117000182,0,0,0
117000195,0,0,0
117000196,0,0,0
117000225,0,0,0
117000226,0,0,0
117000276,0,0,0
117000277,0,0,0
117000310,1,368,-367
117000315,0,0,0
117000320,164,0,164
117000906,164,2,162
117000907,0,0,0
117000909,1,8,-7
117000910,0,0,0
117000911,0,44,-44
117000915,0,0,0
117000916,13,46,-33
117000917,326,22,304
117000918,47,60,-13
117000919,0,0,0
117000920,0,19,-19
117000921,0,0,0
117000922,8,0,8
117000924,65,263,-198
117000926,55,3,52
117000927,143,603,-460
117000928,0,0,0
117000929,0,0,0
117000930,0,0,0
117000931,0,0,0
117900002,0,0,0
117900003,0,0,0
117900005,0,0,0
117900006,0,0,0
117900007,0,0,0
117900008,0,0,0
117900010,0,0,0
117900011,0,0,0
117900012,0,0,0
117900013,0,0,0
117900014,0,0,0
117900015,0,0,0
117900016,0,0,0
117900017,0,0,0
117900018,0,0,0
117900019,0,0,0
117900020,0,0,0
117900021,0,0,0
117900023,0,0,0
117900024,0,0,0
117900025,0,0,0
117900026,0,0,0
117900028,0,0,0
117900029,0,0,0
117900030,0,0,0
117900031,0,0,0
117900032,0,0,0
117900033,0,0,0
117900034,0,0,0
117900035,0,0,0
117900036,0,0,0
117900037,0,0,0
117900038,0,0,0
117900039,0,0,0
117900040,0,0,0
117900041,0,0,0
117900042,0,0,0
117900043,0,0,0
117900044,0,0,0
117900045,0,0,0
117900048,0,0,0
117900049,0,0,0
117900050,0,0,0
117900051,0,0,0
117900052,0,0,0
117900053,0,0,0
117900054,0,0,0
117900055,0,0,0
117900056,0,0,0
117900057,0,0,0
117900058,0,0,0
117900059,0,0,0
117900060,0,0,0
117900061,0,0,0
117900063,0,0,0
117900065,0,0,0
117900066,0,0,0
117900067,0,0,0
117900069,0,0,0
117900070,0,0,0
117900071,0,0,0
117900073,0,0,0
117900074,0,0,0
117900075,0,0,0
117900076,0,0,0
117900077,0,0,0
117900078,0,0,0
117900080,0,0,0
117900081,0,0,0
117900082,0,0,0
117900083,0,0,0
117900086,0,0,0
117900087,0,0,0
117900088,0,0,0
117900089,0,0,0
117900090,0,0,0
117900091,0,0,0
117900092,0,0,0
117900093,0,0,0
117900094,0,0,0
117900095,0,0,0
117900096,0,0,0
117900097,0,0,0
117900098,0,0,0
117900099,0,0,0
117900100,0,0,0
117900101,0,0,0
117900102,0,0,0
117900103,0,0,0
117900104,0,0,0
117900105,0,0,0
117900106,0,0,0
117900107,0,0,0
117900109,0,0,0
117900110,0,0,0
117900111,0,0,0
117900112,0,0,0
117900113,0,0,0
117900114,0,0,0
117900115,0,0,0
117900116,0,0,0
117900117,0,0,0
117900118,1,0,1
117900119,0,0,0
117900120,2,0,2
117900121,2,0,2
117900122,0,0,0
117900123,0,0,0
117900124,0,0,0
117900125,0,0,0
117900126,0,0,0
117900127,0,0,0
117900128,0,0,0
117900129,0,0,0
117900130,0,0,0
117900131,0,0,0
117900132,0,0,0
117900133,0,0,0
117900134,0,0,0
117900135,0,0,0
117900136,0,0,0
117900137,0,0,0
117900138,0,0,0
117900139,0,0,0
117900140,0,0,0
117900141,0,0,0
117900142,0,0,0
117900144,0,0,0
117900145,0,0,0
117900146,0,0,0
117900147,0,0,0
117900148,0,0,0
117900149,0,0,0
117900150,0,0,0
117900151,0,0,0
117900152,0,0,0
117900153,0,0,0
117900154,0,0,0
117900156,0,0,0
117900157,0,0,0
117900158,0,0,0
117900160,0,0,0
117900161,0,0,0
117900162,0,0,0
117900163,0,0,0
117900165,0,0,0
117900166,0,0,0
117900168,0,0,0
117900169,0,0,0
117900170,0,0,0
117900171,0,0,0
117900172,0,0,0
117900173,0,0,0
117900174,0,0,0
117900175,0,0,0
117900176,0,0,0
117900177,0,0,0
117900178,0,0,0
117900180,0,0,0
117900181,0,0,0
117900182,0,0,0
117900183,0,0,0
117900184,0,0,0
117900185,0,0,0
117900186,0,0,0
117900187,0,0,0
117900188,0,0,0
117900189,0,0,0
117900190,0,0,0
117900191,0,0,0
117900192,0,0,0
117900193,0,0,0
117900194,0,0,0
117900195,0,0,0
117900196,0,0,0
117900207,0,0,0
117900208,0,0,0
117900209,0,0,0
117900210,0,0,0
117900211,0,0,0
117900212,0,0,0
117900213,0,0,0
117900214,0,0,0
117900215,0,0,0
117900216,0,0,0
117900217,0,0,0
117900218,0,0,0
117900219,0,0,0
117900220,0,0,0
117900222,0,0,0
117900223,0,0,0
118000001,228,556,-328
118000002,12,73,-61
118000003,1038,2051,-1013
118000004,58,38,20
118000005,1859,2092,-233
118000006,89,216,-127
118000007,139,776,-637
118000008,149,322,-173
118000009,43,304,-261
118000010,178,435,-257
118000011,0,0,0
118000012,0,0,0
118000013,0,0,0
118000014,0,0,0
118000016,0,0,0
118000017,45,96,-51
118000018,0,0,0
118000019,6,2,4
118000020,0,0,0
118000021,0,0,0
118000022,58,29,29
118000023,201,118,83
118000024,269,263,6
118000027,138,124,14
118000029,38,459,-421
118000032,283,871,-588
118000033,672,1470,-798
118000034,32,70,-38
118000035,63,375,-312
118000036,76,184,-108
118000037,0,0,0
118000038,23,168,-145
118000039,0,0,0
118000040,168,210,-42
118000041,0,0,0
118000045,2,53,-51
118000046,0,292,-292
118000047,0,0,0
118000048,84,152,-68
118000051,18,295,-277
118000052,14,68,-54
118000053,1,31,-30
118000054,15,121,-106
118000055,4,39,-35
118000056,0,0,0
118000057,0,5,-5
118000058,0,0,0
118000059,10,18,-8
118000060,6,3,3
118000061,20,114,-94
118000062,0,0,0
118000063,1,38,-37
118000064,10,119,-109
118000065,85,49,36
118000066,2,269,-267
118000067,10,40,-30
118000068,25,191,-166
118000069,2,17,-15
118000070,0,90,-90
118000071,71,107,-36
118000072,316,475,-159
118000073,30,128,-98
118000074,0,18,-18
118000075,0,66,-66
118000076,897,2591,-1694
118000077,0,0,0
118000078,690,989,-299
118000079,48,99,-51
118000080,0,0,0
118000081,352,789,-437
118000082,0,0,0
118000083,0,0,0
118000084,0,0,0
118000086,0,0,0
118000087,27,19,8
118000088,162,436,-274
118000089,482,222,260
118000090,2,11,-9
118000091,53,184,-131
118000092,0,0,0
118000093,0,0,0
118000096,0,0,0
118000097,0,0,0
118000098,0,0,0
118000099,0,0,0
118000101,427,289,138
118000102,116,42,74
118000107,30,3,27
118000108,48,26,22
118000110,0,0,0
118000111,0,0,0
118000112,168,1,167
118000113,0,0,0
118000114,119,0,119
118000115,1,0,1
118000116,4,0,4
118000117,28,13,15
118000118,323,424,-101
118000119,247,338,-91
118000120,50,10,40
118000121,0,0,0
118000122,0,0,0
118000123,0,0,0
118000125,0,0,0
118000126,2,19,-17
118000127,123,244,-121
118000128,0,0,0
118000129,232,203,29
118000130,10,34,-24
118000131,15,30,-15
118000132,223,342,-119
118000133,83,213,-130
118000135,97,201,-104
118000136,0,7,-7
118000137,0,0,0
118000138,0,0,0
118000139,0,0,0
118000140,1,19,-18
118000141,998,956,42
118000142,0,0,0
118000143,397,630,-233
118000144,97,87,10
118000145,472,186,286
118000146,395,63,332
118000147,355,27,328
118000148,42,84,-42
118000149,6,8,-2
118000150,398,161,237
118000151,37,36,1
118000153,793,613,180
118000154,348,266,82
118000155,665,708,-43
118000156,191,102,89
118000157,363,48,315
118000158,15,8,7
118000159,53,154,-101
118000160,604,200,404
118000161,0,0,0
118000162,175,115,60
118000163,166,161,5
118000164,707,241,466
118000168,0,0,0
118000169,0,0,0
118000170,15,4,11
118000171,1,2,-1
118000172,0,0,0
118000173,213,170,43
118000175,246,473,-227
118000176,309,492,-183
118000177,172,289,-117
118000178,0,0,0
118000179,596,793,-197
118000180,616,445,171
118000181,13,70,-57
118000182,29,76,-47
118000183,35,68,-33
118000184,795,236,559
118000185,0,0,0
118000186,0,0,0
118000187,73,0,73
118000188,0,0,0
118000189,0,0,0
118000190,0,0,0
118000191,1,0,1
118000192,2,18,-16
118000193,0,0,0
118000194,588,828,-240
118000195,21,36,-15
118000196,0,0,0
118000197,13,2,11
118000198,0,81,-81
118000199,200,215,-15
118000200,0,0,0
118000201,0,0,0
118000202,0,0,0
118000203,0,0,0
118000204,4,41,-37
118000205,44,18,26
118000206,102,21,81
118000207,0,0,0
118000208,189,384,-195
118000209,278,27,251
118000210,40,36,4
118000211,76,27,49
118000213,0,7,-7
118000214,42,25,17
118000215,0,0,0
118000216,0,0,0
118000217,0,0,0
118000218,0,0,0
118000219,0,0,0
118000220,55,29,26
118000221,0,0,0
118000222,0,0,0
118000223,6,8,-2
118000224,0,0,0
118000225,0,0,0
118000226,12,1,11
118000227,28,55,-27
118000228,0,0,0
118000229,0,0,0
118000230,0,0,0
118000231,0,0,0
118000232,0,0,0
118000233,173,36,137
118000234,0,0,0
118000236,2,0,2
118000237,0,0,0
118000238,0,0,0
118000239,139,27,112
118000240,0,0,0
118000241,0,0,0
118000242,0,0,0
118000243,0,0,0
118000244,0,0,0
118000246,0,0,0
118000255,2,5,-3
118000256,5,0,5
118000259,0,0,0
118000260,0,0,0
118000261,0,0,0
118000263,0,0,0
118000266,0,0,0
118000267,0,0,0
118000268,13,0,13
118000270,0,0,0
118000271,0,1,-1
118000272,0,0,0
118000273,0,0,0
118000274,0,0,0
118000276,0,0,0
118000295,0,0,0
118000298,0,0,0
118000299,0,0,0
118000301,0,0,0
118000302,0,0,0
118000311,0,0,0
118000312,0,0,0
118000313,0,0,0
118000314,0,0,0
118000315,0,0,0
118000316,0,0,0
118000325,70,0,70
118000326,0,0,0
118000331,7,0,7
118000332,25,0,25
118000333,51,0,51
118000335,78,0,78
118000336,0,0,0
118000407,0,0,0
118000457,0,0,0
118000465,73,153,-80
118000480,0,0,0
118000489,8,73,-65
118000490,0,0,0
118000492,132,13,119
118000510,0,0,0
118000514,9,0,9
118000515,55,1,54
118000517,0,0,0
118000524,0,0,0
118000525,0,0,0
118000530,1,51,-50
118000531,126,25,101
118000532,0,0,0
118000533,0,0,0
118000534,0,0,0
118000535,100,24,76
118000536,0,0,0
118000537,0,0,0
118000538,0,0,0
118000539,0,46,-46
118000540,0,0,0
118000541,0,0,0
118000542,55,14,41
118000543,20,18,2
118000546,0,0,0
118000553,0,0,0
118000557,0,0,0
118000560,0,0,0
118000562,0,0,0
118000563,325,705,-380
118000576,35,0,35
118000577,0,9,-9
118000578,35,0,35
118000579,6,5,1
118000583,0,0,0
118000595,49,100,-51
118000596,0,0,0
118000597,6,24,-18
118000598,1,0,1
118000599,0,0,0
118000600,0,0,0
118000601,0,0,0
118000602,0,0,0
118000603,0,0,0
118000605,0,0,0
118000606,0,0,0
118900001,0,0,0
118900002,0,0,0
118900003,0,0,0
118900004,0,0,0
118900005,0,0,0
118900006,0,0,0
118900007,0,0,0
118900008,0,0,0
118900009,0,0,0
118900010,0,0,0
118900011,0,0,0
118900012,24,1,23
118900013,0,0,0
118900015,0,0,0
118900016,0,0,0
118900017,0,0,0
118900018,0,0,0
118900019,0,0,0
118900020,0,0,0
118900021,0,0,0
118900022,0,0,0
118900023,0,0,0
118900024,0,0,0
118900025,0,0,0
118900026,0,0,0
118900027,0,0,0
118900028,0,0,0
118900029,0,0,0
118900030,0,0,0
118900031,0,0,0
118900032,0,0,0
118900033,0,0,0
118900034,0,0,0
118900035,0,0,0
118900036,0,0,0
118900037,0,0,0
118900038,0,0,0
118900039,0,0,0
118900040,0,0,0
118900041,0,0,0
118900042,0,0,0
118900045,0,0,0
118900046,0,0,0
118900047,0,0,0
118900048,0,0,0
118900049,0,0,0
118900050,0,0,0
118900051,1,12,-11
118900052,0,0,0
118900053,0,0,0
118900054,0,0,0
118900055,0,0,0
118900056,4,0,4
118900057,0,0,0
118900058,0,0,0
118900059,0,0,0
118900060,0,0,0
118900062,0,0,0
118900064,0,0,0
118900065,0,0,0
118900066,0,0,0
118900067,0,0,0
118900068,0,0,0
118900069,0,0,0
118900071,0,0,0
118900072,0,0,0
118900073,0,0,0
118900074,0,0,0
118900075,0,0,0
118900076,0,0,0
118900077,0,0,0
118900078,0,0,0
118900079,0,0,0
118900080,0,0,0
118900081,0,0,0
118900082,0,0,0
118900083,0,0,0
118900084,0,0,0
118900085,0,0,0
118900086,0,0,0
118900087,0,0,0
118900088,0,0,0
118900089,0,0,0
118900090,0,0,0
118900091,0,0,0
118900092,0,0,0
118900093,0,0,0
118900096,0,69,-69
118900097,0,0,0
118900099,0,0,0
118900100,0,0,0
118900101,0,0,0
118900102,0,0,0
118900103,0,0,0
118900104,0,0,0
118900105,0,0,0
118900107,0,0,0
118900108,0,0,0
118900110,0,0,0
118900111,0,0,0
118900112,0,0,0
118900113,0,0,0
118900114,0,0,0
118900115,0,0,0
118900116,0,0,0
118900117,0,0,0
118900118,0,0,0
118900119,0,0,0
118900120,0,0,0
118900121,0,0,0
118900122,0,0,0
118900123,0,0,0
118900124,0,0,0
118900126,0,0,0
118900129,0,0,0
118900130,0,0,0
118900131,0,0,0
118900132,0,0,0
118900133,0,0,0
118900135,0,0,0
118900136,0,0,0
118900137,0,0,0
118900139,0,0,0
118900140,0,0,0
118900141,0,0,0
118900144,0,0,0
118900145,0,0,0
118900146,0,0,0
118900147,0,0,0
118900148,0,0,0
118900150,0,0,0
118900152,0,0,0
118900157,0,0,0
118900158,0,0,0
118900159,0,0,0
118900161,0,0,0
118900163,0,0,0
118900164,0,0,0
118900165,0,0,0
118900166,0,0,0
118900167,0,0,0
118900168,0,0,0
118900169,0,0,0
118900170,0,0,0
118900171,0,0,0
118900174,0,0,0
118900175,0,0,0
118900176,0,0,0
118900177,0,0,0
118900178,0,0,0
118900179,0,0,0
118900181,0,0,0
118900182,0,0,0
118900183,0,0,0
118900184,0,0,0
118900185,0,0,0
118900186,0,0,0
118900187,0,0,0
118900188,0,0,0
118900189,0,0,0
118900190,0,0,0
118900191,0,0,0
118900192,0,0,0
118900193,0,0,0
118900195,0,0,0
118900196,0,0,0
118900197,0,0,0
118900198,0,0,0
118900199,0,0,0
118900200,0,0,0
118900201,0,0,0
118900202,0,0,0
118900203,0,0,0
118900204,0,0,0
118900205,0,0,0
118900206,0,0,0
119000001,479,400,79
119000002,706,179,527
119000003,66,83,-17
119000004,34,79,-45
119000005,248,61,187
119000006,173,60,113
119000007,750,610,140
119000008,0,0,0
119000009,375,370,5
119000010,0,0,0
119000011,530,342,188
119000012,33,58,-25
119000013,1589,580,1009
119000014,9,64,-55
119000019,0,0,0
119000020,56,30,26
119000021,112,75,37
119000022,0,0,0
119000023,149,135,14
119000024,210,1303,-1093
119000025,17,59,-42
119000026,0,0,0
119000027,5,29,-24
119000028,66,80,-14
119000029,0,0,0
119000030,32,123,-91
119000031,0,0,0
119000032,0,42,-42
119000033,382,101,281
119000034,0,0,0
119000035,1,16,-15
119000036,163,26,137
119000037,0,34,-34
119000038,0,20,-20
119000039,22,29,-7
119000040,5,305,-300
119000041,3,34,-31
119000048,289,110,179
119000049,30,59,-29
119000050,5,7,-2
119000051,53,163,-110
119000052,4,4,0
119000053,65,170,-105
119000054,232,83,149
119000055,1530,171,1359
119000056,637,362,275
119000057,80,54,26
119000058,77,50,27
119000059,793,201,592
119000060,0,0,0
119000061,107,114,-7
119000062,0,0,0
119000063,63,53,10
119000064,26,73,-47
119000065,49,14,35
119000066,135,111,24
119000067,228,53,175
119000068,118,36,82
119000069,335,134,201
119000070,106,24,82
119000071,0,0,0
119000072,338,101,237
119000073,111,47,64
119000074,369,125,244
119000075,315,67,248
119000076,0,0,0
119000077,0,0,0
119000078,0,0,0
119000079,0,0,0
119000080,0,0,0
119000081,0,0,0
119000082,0,0,0
119000083,0,0,0
119000084,0,0,0
119000085,0,0,0
119000086,0,0,0
119000087,0,0,0
119000088,0,0,0
119000089,0,0,0
119000090,0,0,0
119000091,0,0,0
119000092,0,0,0
119000093,358,107,251
119000094,973,178,795
119000095,87,137,-50
119000097,122,141,-19
119000098,251,555,-304
119000099,519,65,454
119000100,458,293,165
119000101,0,0,0
119000102,0,0,0
119000103,28,32,-4
119000104,0,0,0
119000105,74,84,-10
119000106,0,0,0
119000107,147,124,23
119000108,0,0,0
119000109,0,0,0
119000110,0,0,0
119000111,0,0,0
119000112,0,0,0
119000113,0,0,0
119000114,6,17,-11
119000115,0,0,0
119000116,4,36,-32
119000117,0,0,0
119000118,0,0,0
119000123,0,0,0
119000124,130,15,115
119000125,334,20,314
119000126,320,41,279
119000127,0,0,0
119000128,0,0,0
119000131,0,0,0
119000132,0,0,0
119000133,0,0,0
119000134,198,241,-43
119000135,0,0,0
119000136,0,0,0
119000137,0,0,0
119000138,0,0,0
119000139,0,0,0
119000140,0,0,0
119000284,0,0,0
119000285,0,0,0
119000286,0,0,0
119000287,0,0,0
119000288,0,0,0
119000289,0,0,0
119000290,57,3,54
119000291,0,0,0
119000293,2,10,-8
119000294,154,90,64
119000295,0,0,0
119000296,0,0,0
119000297,0,0,0
119000302,0,0,0
119000303,0,12,-12
119000310,0,0,0
119000314,0,0,0
119000315,0,0,0
119000316,0,0,0
119000317,0,0,0
119900001,0,0,0
119900002,0,0,0
119900003,0,0,0
119900004,0,0,0
119900005,0,0,0
119900006,0,0,0
119900007,0,0,0
119900008,0,0,0
119900009,0,0,0
119900010,0,0,0
119900011,0,0,0
119900012,0,0,0
119900013,0,0,0
119900014,0,0,0
119900015,0,0,0
119900016,0,0,0
119900017,0,0,0
119900018,0,0,0
119900019,0,0,0
119900020,0,0,0
119900021,0,0,0
119900022,0,0,0
119900023,0,0,0
119900025,0,0,0
119900026,0,0,0
119900027,0,0,0
119900028,0,0,0
119900029,0,0,0
119900030,0,0,0
119900031,0,0,0
119900033,0,0,0
119900034,0,0,0
119900037,0,0,0
119900038,0,0,0
119900039,0,0,0
119900040,0,0,0
119900041,0,0,0
119900042,0,0,0
119900043,0,0,0
119900044,0,0,0
119900046,0,0,0
119900047,0,0,0
119900048,0,0,0
119900049,0,0,0
119900050,0,0,0
119900051,0,0,0
119900052,0,0,0
119900053,0,0,0
119900054,0,0,0
119900055,0,0,0
119900057,0,0,0
119900058,0,0,0
119900059,0,0,0
119900060,0,0,0
119900061,0,0,0
119900062,0,0,0
119900063,0,0,0
119900065,0,0,0
119900067,0,0,0
119900068,0,0,0
119900069,0,0,0
119900070,0,0,0
119900071,0,0,0
119900073,0,0,0
119900074,0,0,0
119900075,0,0,0
119900076,0,0,0
119900077,0,0,0
119900078,0,0,0
119900079,0,0,0
119900080,0,0,0
119900081,0,0,0
119900082,0,0,0
119900083,0,0,0
119900084,0,0,0
119900085,0,0,0
119900086,0,0,0
119900087,0,0,0
119900088,0,0,0
119900089,0,0,0
119900090,0,0,0
119900091,0,0,0
119900092,0,0,0
119900093,0,0,0
119900094,0,0,0
119900095,0,0,0
119900096,0,0,0
119900097,0,0,0
119900098,0,0,0
119900099,0,0,0
119900100,0,0,0
119900101,0,0,0
119900102,0,0,0
119900103,0,0,0
119900104,0,0,0
119900105,0,0,0
119900106,0,0,0
119900107,0,0,0
119900108,0,0,0
119900109,0,0,0
119900110,0,0,0
119900111,0,0,0
119900112,0,0,0
119900113,0,0,0
119900114,0,0,0
119900115,0,0,0
119900116,0,0,0
119900117,0,0,0
119900118,0,0,0
119900119,0,0,0
119900120,0,0,0
119900121,0,0,0
119900122,0,0,0
119900123,0,0,0
119900124,0,0,0
119900125,0,0,0
119900126,0,0,0
119900127,0,0,0
119900128,0,0,0
119900129,0,0,0
119900130,0,0,0
119900131,0,0,0
119900132,0,0,0
119900133,0,0,0
119900134,0,0,0
119900135,0,0,0
119900136,0,0,0
119900138,0,0,0
119900139,0,0,0
119900140,0,0,0
119900141,0,0,0
119900142,0,0,0
119900143,0,0,0
119900144,0,0,0
119900145,0,0,0
119900146,0,0,0
119900147,0,0,0
119900148,0,0,0
119900149,0,0,0
119900150,0,0,0
119900151,0,0,0
119900152,0,0,0
119900153,0,0,0
119900154,0,0,0
119900155,0,0,0
119900156,0,0,0
119900157,0,0,0
119900158,0,0,0
119900159,0,0,0
119900160,0,0,0
119900161,0,0,0
119900162,0,0,0
119900163,0,0,0
119900164,0,0,0
119900165,0,0,0
119900166,0,0,0
119900167,0,0,0
119900168,0,0,0
119900169,0,0,0
119900170,0,0,0
119900171,0,0,0
119900172,0,0,0
119900173,0,0,0
119900174,0,0,0
119900175,0,0,0
119900177,0,0,0
119900178,0,0,0
119900179,0,0,0
119900180,0,0,0
119900181,0,0,0
119900182,0,0,0
119900183,0,0,0
119900184,0,0,0
119900185,0,0,0
119900186,0,0,0
119900187,0,0,0
119900188,0,0,0
119900189,0,0,0
119900190,0,0,0
119900191,0,0,0
119900192,0,0,0
119900193,0,0,0
119900194,0,0,0
119900195,0,0,0
119900196,0,0,0
119900197,0,0,0
119900198,0,0,0
119900199,0,0,0
119900200,0,0,0
119900201,0,0,0
119900202,0,0,0
119900203,0,0,0
119900204,0,0,0
119900205,0,0,0
119900206,0,0,0
119900208,0,0,0
119900209,0,0,0
119900210,0,0,0
119900211,0,0,0
119900212,0,0,0
119900213,0,0,0
119900214,0,0,0
119900215,0,0,0
119900216,0,0,0
119900217,0,0,0
119900218,0,0,0
119900219,0,0,0
119900220,0,0,0
119900221,0,0,0
119900222,0,0,0
119900223,0,0,0
119900224,0,0,0
119900225,0,0,0
119900226,0,0,0
119900227,0,0,0
119900228,0,0,0
119900229,0,0,0
119900230,0,0,0
119900231,0,0,0
119900232,0,0,0
119900233,0,0,0
119900234,0,0,0
119900235,0,0,0
119900236,0,0,0
119900237,0,0,0
119900238,0,0,0
119900240,0,0,0
119900241,0,0,0
119900242,0,0,0
119900244,0,0,0
119900245,0,0,0
119900246,0,0,0
119900247,0,0,0
119900248,0,0,0
119900249,0,0,0
119900253,0,0,0
119900254,0,0,0
119900255,0,0,0
119900256,0,0,0
119900257,0,0,0
119900258,0,0,0
119900259,0,0,0
119900260,0,0,0
119900261,0,0,0
119900262,0,0,0
119900263,0,0,0
119900264,0,0,0
119900265,0,0,0
119900266,0,0,0
119900267,0,0,0
119900268,0,0,0
119900269,0,0,0
119900271,0,0,0
119900272,0,0,0
119900275,0,0,0
119900276,0,0,0
119900277,0,0,0
119900278,0,0,0
119900279,0,0,0
119900280,0,0,0
119900281,0,0,0
119900282,0,0,0
119900283,0,0,0
119900284,0,0,0
119900285,0,0,0
119900286,0,0,0
119900288,0,0,0
119900289,0,0,0
119900290,0,0,0
119900291,0,0,0
119900292,0,0,0
119900293,0,0,0
119900294,0,0,0
119900295,0,0,0
119900296,0,0,0
119900297,0,0,0
119900298,0,0,0
119900299,0,0,0
119900300,0,0,0
119900301,0,0,0
119900302,0,0,0
119900303,0,0,0
119900304,0,0,0
119900305,0,0,0
119900306,0,0,0
119900307,0,0,0
119900308,0,0,0
119900309,0,0,0
119900310,0,0,0
119900311,0,0,0
119900312,0,0,0
119900313,0,0,0
119900314,0,0,0
119900315,0,0,0
119900318,0,0,0
119900319,0,0,0
119900320,0,0,0
119900321,0,0,0
120000001,2154,2258,-104
120000002,146,88,58
120000003,104,120,-16
120000004,66,148,-82
120000005,213,167,46
120000006,98,103,-5
120000007,204,83,121
120000008,15,103,-88
120000009,29,12,17
120000010,113,68,45
120000011,19,114,-95
120000012,49,232,-183
120000013,624,290,334
120000014,245,331,-86
120000015,1091,468,623
120000016,2279,794,1485
120000017,576,429,147
120000018,1517,598,919
120000019,335,143,192
120000020,1042,468,574
120000021,373,883,-510
120000022,2363,1415,948
120000023,482,376,106
120000024,334,283,51
120000025,1012,316,696
120000026,436,564,-128
120000027,560,787,-227
120000028,0,1,-1
120000029,21,213,-192
120000030,5,139,-134
120000031,842,480,362
120000032,481,189,292
120000033,242,76,166
120000034,328,114,214
120000035,551,128,423
120000036,1252,936,316
120000037,358,709,-351
120000038,292,742,-450
120000039,0,77,-77
120000040,0,36,-36
120000041,6,13,-7
120000042,50,41,9
120000043,116,54,62
120000044,43,6,37
120000045,10,0,10
120000046,47,9,38
120000047,4,15,-11
120000048,557,261,296
120000049,632,298,334
120000050,117,237,-120
120000051,28,235,-207
120000052,0,0,0
120000053,161,28,133
120000054,148,32,116
120000055,131,21,110
120000056,402,289,113
120000057,327,99,228
120000058,49,64,-15
120000059,3,340,-337
120000061,0,3,-3
120000062,0,0,0
120000063,87,1,86
120000064,53,0,53
120000065,148,5,143
120000066,73,4,69
120000067,1,2,-1
120000068,15,50,-35
120000069,100,62,38
120000070,10,2,8
120000071,308,136,172
120000072,474,239,235
120000073,201,145,56
120000074,77,67,10
120000075,612,141,471
120000076,934,112,822
120000077,380,255,125
120000078,719,421,298
120000079,0,0,0
120000080,0,0,0
120000081,0,0,0
120000082,0,0,0
120000083,0,0,0
120000084,31,14,17
120000085,5,8,-3
120000086,37,34,3
120000087,1,5,-4
120000088,395,64,331
120000089,748,50,698
120000090,251,51,200
120000091,623,175,448
120000092,721,166,555
120000093,92,118,-26
120000094,137,411,-274
120000095,0,0,0
120000096,0,0,0
120000098,150,0,150
120000099,36,0,36
120000100,136,4,132
120000101,62,1,61
120000102,61,770,-709
120000103,635,693,-58
120000104,1241,76,1165
120000105,1737,62,1675
120000106,1584,31,1553
120000107,1690,56,1634
120000108,997,32,965
120000109,421,33,388
120000110,0,41,-41
120000111,1,16,-15
120000112,3,11,-8
120000113,5,4,1
120000114,27,6,21
120000115,4,15,-11
120000116,38,19,19
120000117,0,0,0
120000118,0,0,0
120000119,4,68,-64
120000120,0,0,0
120000121,21,52,-31
120000122,124,38,86
120000123,315,169,146
120000124,217,113,104
120000125,17,7,10
120000126,123,142,-19
120000127,187,122,65
120000128,118,23,95
120000129,153,85,68
120000130,574,139,435
120000131,84,79,5
120000134,0,0,0
120000135,0,0,0
120000137,0,0,0
120000138,0,0,0
120000139,0,0,0
120000140,0,0,0
120000141,0,0,0
120000142,0,0,0
120000143,0,0,0
120000144,0,0,0
120000145,0,0,0
120000146,389,837,-448
120000149,0,0,0
120000150,0,0,0
120000151,169,51,118
120000152,168,23,145
120000153,0,0,0
120000154,78,1,77
120000155,124,40,84
120000156,123,17,106
120000157,185,84,101
120000158,0,0,0
120000159,126,314,-188
120000160,577,225,352
120000161,312,118,194
120000162,14,263,-249
120000163,0,0,0
120000164,0,0,0
120000165,113,10,103
120000166,103,58,45
120000167,0,0,0
120000168,0,0,0
120000169,0,0,0
120000170,0,0,0
120000171,0,0,0
120000172,0,0,0
120000173,0,0,0
120000174,0,0,0
120000175,0,0,0
120000176,0,0,0
120000177,0,0,0
120000178,0,0,0
120000179,0,0,0
120000180,0,0,0
120000181,0,0,0
120000182,0,0,0
120000183,0,0,0
120000184,0,0,0
120000186,0,0,0
120000187,0,0,0
120000188,0,0,0
120000190,0,0,0
120000191,0,0,0
120000192,0,0,0
120000193,0,0,0
120000195,0,0,0
120000196,0,0,0
120000197,0,0,0
120000198,0,0,0
120000199,0,0,0
120000200,0,0,0
120000201,0,0,0
120000202,0,0,0
120000203,0,0,0
120000207,0,0,0
120000208,0,0,0
120000209,0,0,0
120000210,0,0,0
120000211,0,0,0
120000212,0,0,0
120000213,0,0,0
120000214,0,0,0
120000215,0,0,0
120000216,0,0,0
120000217,0,0,0
120000218,0,0,0
120000219,0,0,0
120000220,0,0,0
120000225,0,0,0
120000226,0,0,0
120000227,0,0,0
120000228,0,0,0
120000230,0,0,0
120000231,0,0,0
120000233,296,1,295
120000235,1,25,-24
120000236,1007,30,977
120000237,0,0,0
120000238,0,0,0
120000241,615,422,193
120000412,0,0,0
120000413,0,0,0
120000414,0,0,0
120000415,0,0,0
120000416,0,0,0
120000417,0,0,0
120000418,0,0,0
120000419,0,0,0
120000420,30,1,29
120000421,525,363,162
120000422,0,0,0
120000423,0,0,0
120000424,0,0,0
120000436,217,50,167
120000437,0,0,0
120000438,0,0,0
120000439,351,142,209
120000443,0,0,0
120000444,552,123,429
120000445,346,348,-2
120000446,273,18,255
120000447,559,0,559
120000449,0,0,0
120000450,0,0,0
120000451,47,47,0
120000452,37,1,36
120000453,0,0,0
120000454,18,1,17
120000455,4,16,-12
120000456,5,140,-135
120000457,54,39,15
120000458,0,0,0
120000459,69,15,54
120000665,8,169,-161
120000668,0,46,-46
120000669,3,10,-7
120000670,1,46,-45
120000671,149,54,95
120000672,0,10,-10
120900001,0,0,0
120900002,0,0,0
120900003,0,0,0
120900004,0,0,0
120900005,0,0,0
120900006,0,0,0
120900007,0,0,0
120900008,0,0,0
120900009,0,0,0
120900010,0,0,0
120900011,0,0,0
120900012,0,0,0
120900013,0,0,0
120900014,0,0,0
120900015,0,0,0
120900016,0,0,0
120900017,0,0,0
120900018,0,0,0
120900019,0,0,0
120900020,0,0,0
120900021,0,0,0
120900022,0,0,0
120900023,0,0,0
120900024,0,0,0
120900025,0,0,0
120900026,0,0,0
120900027,0,0,0
120900028,0,0,0
120900029,0,0,0
120900030,0,0,0
120900031,0,0,0
120900032,0,0,0
120900033,0,0,0
120900034,0,0,0
120900035,0,0,0
120900037,0,0,0
120900038,0,0,0
120900039,0,0,0
120900040,0,0,0
120900041,0,0,0
120900042,0,0,0
120900043,0,0,0
120900044,0,0,0
120900045,0,0,0
120900046,0,0,0
120900047,0,0,0
120900048,0,0,0
120900049,0,0,0
120900050,0,0,0
120900051,0,0,0
120900052,0,0,0
120900053,0,0,0
120900054,0,0,0
120900055,0,0,0
120900056,0,0,0
120900057,0,0,0
120900058,0,0,0
120900059,0,0,0
120900060,0,0,0
120900061,0,0,0
120900062,0,0,0
120900063,0,0,0
120900064,0,0,0
120900065,0,0,0
120900066,0,0,0
120900067,0,0,0
120900068,0,0,0
120900069,0,0,0
120900071,0,0,0
120900072,0,0,0
120900073,0,0,0
120900074,0,0,0
120900076,0,0,0
120900077,0,0,0
120900078,0,0,0
120900079,0,0,0
120900080,0,0,0
120900081,0,0,0
120900082,0,0,0
120900083,0,0,0
120900084,0,0,0
120900085,0,0,0
120900086,0,0,0
120900087,0,0,0
120900088,0,0,0
120900089,0,0,0
120900090,0,0,0
120900091,0,0,0
120900092,0,0,0
120900093,0,0,0
120900094,0,0,0
120900095,0,0,0
120900096,0,0,0
120900097,0,0,0
120900098,0,0,0
120900099,0,0,0
120900100,0,0,0
120900101,0,0,0
120900102,0,0,0
120900103,0,0,0
120900104,0,0,0
120900105,0,0,0
120900106,0,0,0
120900107,0,0,0
120900108,0,0,0
120900109,0,0,0
120900110,0,0,0
120900111,0,0,0
120900112,0,0,0
120900113,0,0,0
120900114,0,0,0
120900115,78,28,50
120900116,0,0,0
120900117,0,0,0
120900118,0,0,0
120900119,0,0,0
120900120,0,0,0
120900121,0,0,0
120900122,0,0,0
120900123,0,0,0
120900124,0,0,0
120900125,0,0,0
120900126,0,0,0
120900127,0,0,0
120900128,0,0,0
120900129,0,0,0
120900130,0,0,0
120900131,0,0,0
120900132,0,0,0
120900133,0,0,0
120900134,0,0,0
120900135,0,0,0
120900136,0,0,0
120900137,0,0,0
120900138,0,0,0
120900139,0,0,0
120900140,0,0,0
120900141,0,0,0
120900142,0,0,0
120900143,0,0,0
120900144,0,0,0
120900145,0,0,0
120900146,0,0,0
120900147,0,0,0
120900148,0,0,0
120900149,0,0,0
120900150,0,0,0
120900151,0,0,0
120900152,0,0,0
120900153,0,0,0
120900154,0,0,0
120900155,0,0,0
120900156,0,0,0
120900157,0,0,0
120900158,0,0,0
120900159,0,0,0
120900160,0,0,0
120900161,0,0,0
120900162,0,0,0
120900163,0,0,0
120900164,0,0,0
120900165,0,0,0
120900166,0,0,0
120900167,0,0,0
120900169,0,0,0
120900170,0,0,0
120900171,0,0,0
120900172,0,0,0
120900173,0,0,0
120900174,0,0,0
120900175,0,0,0
120900176,0,0,0
120900177,0,0,0
120900178,0,0,0
120900179,0,0,0
120900180,0,0,0
120900181,0,0,0
120900182,0,0,0
120900183,0,0,0
120900184,0,0,0
120900185,0,0,0
120900186,0,0,0
120900187,0,0,0
120900188,0,0,0
120900189,0,0,0
120900190,0,0,0
120900191,0,0,0
120900192,0,0,0
120900194,0,0,0
120900195,0,0,0
120900196,0,0,0
120900197,0,0,0
120900198,0,0,0
120900199,0,0,0
120900200,0,0,0
120900201,0,0,0
120900202,0,0,0
120900203,0,0,0
120900204,0,0,0
120900205,0,0,0
120900206,0,0,0
120900207,0,0,0
121000001,0,0,0
121000002,209,119,90
121000003,0,0,0
121000004,197,224,-27
121000005,3,50,-47
121000006,91,294,-203
121000007,5,36,-31
121000008,436,362,74
121000009,33,55,-22
121000010,589,259,330
121000011,261,141,120
121000012,1191,536,655
121000013,317,346,-29
121000014,1831,567,1264
121000015,575,975,-400
121000016,793,686,107
121000017,84,156,-72
121000018,183,167,16
121000019,124,132,-8
121000020,632,988,-356
121000021,20,24,-4
121000022,63,387,-324
121000023,20,7,13
121000024,617,666,-49
121000025,40,76,-36
121000026,57,93,-36
121000027,82,152,-70
121000028,5,73,-68
121000029,117,7,110
121000030,0,0,0
121000031,3,4,-1
121000032,0,0,0
121000034,7,3,4
121000035,0,0,0
121000036,9,47,-38
121000037,30,37,-7
121000038,66,190,-124
121000039,0,0,0
121000041,0,0,0
121000042,0,28,-28
121000043,29,12,17
121000044,1,56,-55
121000045,4,10,-6
121000046,0,0,0
121000047,0,0,0
121000049,102,43,59
121000050,62,241,-179
121000051,17,36,-19
121000052,38,77,-39
121000053,6,2,4
121000054,0,0,0
121000055,0,0,0
121000056,297,313,-16
121000057,0,0,0
121000058,0,0,0
121000059,19,23,-4
121000060,35,48,-13
121000061,0,10,-10
121000062,0,18,-18
121000063,6,20,-14
121000064,35,20,15
121000065,30,6,24
121000066,0,0,0
121000067,0,0,0
121000068,40,3,37
121000069,0,9,-9
121000070,57,149,-92
121000071,43,232,-189
121000072,24,29,-5
121000073,25,185,-160
121000074,0,0,0
121000075,0,0,0
121000076,0,1,-1
121000077,7,11,-4
121000078,0,0,0
121000080,77,56,21
121000081,261,248,13
121000082,19,32,-13
121000083,5,2,3
121000084,0,0,0
121000085,83,27,56
121000086,0,103,-103
121000087,1,129,-128
121000088,0,0,0
121000089,1,157,-156
121000090,0,0,0
121000091,468,79,389
121000092,20,10,10
121000093,5,54,-49
121000094,54,29,25
121000095,1,4,-3
121000096,0,0,0
121000097,0,0,0
121000098,23,28,-5
121000099,9,32,-23
121000100,0,0,0
121000101,11,11,0
121000102,0,0,0
121000103,3,7,-4
121000104,0,0,0
121000105,0,0,0
121000106,4,10,-6
121000107,202,213,-11
121000109,104,311,-207
121000110,0,12,-12
121000114,306,336,-30
121000115,0,0,0
121000116,0,0,0
121000117,2,0,2
121000118,0,0,0
121000119,0,0,0
121000120,2,58,-56
121000121,4,5,-1
121000123,3,1,2
121000127,0,0,0
121000128,0,0,0
121000129,0,0,0
121000130,18,9,9
121000131,0,0,0
121000132,30,29,1
121000135,0,0,0
121000136,66,123,-57
121000137,0,0,0
121000138,6,33,-27
121000139,0,0,0
121000141,0,0,0
121000142,0,0,0
121000143,0,0,0
121000144,0,0,0
121000145,0,1,-1
121000146,44,9,35
121000147,6,77,-71
121000148,0,0,0
121000149,219,336,-117
121000152,13,19,-6
121000153,98,12,86
121000154,123,18,105
121000155,96,63,33
121000156,88,47,41
121000157,51,23,28
121000158,28,26,2
121000159,28,30,-2
121000160,1,1,0
121000161,0,0,0
121000162,0,0,0
121000165,73,752,-679
121000166,7,27,-20
121000168,10,85,-75
121000169,3,5,-2
121000170,63,62,1
121000171,23,59,-36
121000172,16,68,-52
121000173,0,5,-5
121000174,3,5,-2
121000175,10,4,6
121000176,6,10,-4
121000177,3,0,3
121000178,0,0,0
121000179,8,9,-1
121000181,25,73,-48
121000182,24,63,-39
121000183,12,32,-20
121000184,2,31,-29
121000185,2,26,-24
121000186,0,7,-7
121000187,0,0,0
121000188,0,0,0
121000192,21,1,20
121000193,0,0,0
121000194,40,138,-98
121000195,0,0,0
121000196,0,0,0
121000197,2,1,1
121000198,0,0,0
121000199,1,1,0
121000200,0,0,0
121000201,0,0,0
121000202,0,0,0
121000203,0,0,0
121000204,0,0,0
121000205,12,20,-8
121000206,0,0,0
121000207,0,0,0
121000208,0,0,0
121000209,58,8,50
121000210,0,0,0
121000211,3,0,3
121000212,0,0,0
121000213,48,122,-74
121000214,24,152,-128
121000215,60,63,-3
121000216,76,57,19
121000217,531,111,420
121000218,3,24,-21
121000219,178,98,80
121000220,0,0,0
121000221,18,89,-71
121000222,12,87,-75
121000223,0,0,0
121000224,0,0,0
121000225,15,41,-26
121000226,13,174,-161
121000227,0,0,0
121000228,0,0,0
121000229,0,0,0
121000230,0,0,0
121000231,171,1,170
121000232,0,0,0
121000233,150,2,148
121000234,1,2,-1
121000235,1,10,-9
121000236,0,4,-4
121000237,16,0,16
121000238,0,0,0
121000239,1,0,1
121000240,0,9,-9
121000241,42,0,42
121000242,0,13,-13
121000243,13,0,13
121000244,0,4,-4
121000245,0,0,0
121000246,0,2,-2
121000247,28,0,28
121000248,11,9,2
121000249,0,0,0
121000250,28,82,-54
121000251,0,0,0
121000252,1,15,-14
121000253,0,0,0
121000254,80,26,54
121000255,0,0,0
121000256,15,37,-22
121000257,0,0,0
121000258,20,43,-23
121000259,0,0,0
121000260,0,0,0
121000261,2,27,-25
121000262,0,0,0
121000263,12,46,-34
121000271,0,0,0
121000273,0,0,0
121000274,2,6,-4
121000275,0,0,0
121000276,0,5,-5
121000278,59,2,57
121000279,0,0,0
121000280,14,29,-15
121000289,6,2,4
121000290,56,48,8
121000294,0,0,0
121000297,75,38,37
121000299,0,0,0
121000300,0,0,0
121000302,1,116,-115
121000303,21,2,19
121000304,167,152,15
121000305,54,88,-34
121000306,68,76,-8
121000308,0,0,0
121000309,0,0,0
121000310,0,0,0
121000311,0,0,0
121000312,93,41,52
121000313,0,0,0
121000314,0,0,0
121000315,0,0,0
121000530,216,169,47
121000531,439,204,235
121000532,1100,347,753
121000533,3890,1184,2706
121000918,0,0,0
121000919,0,0,0
121000938,0,0,0
121000939,30,24,6
121000956,0,0,0
121000957,0,0,0
121000958,0,1,-1
121000959,60,17,43
121000960,29,42,-13
121000961,109,0,109
121000962,1,32,-31
121000973,0,0,0
121000976,0,0,0
121000979,0,0,0
121000981,58,0,58
121000982,0,0,0
121000983,5,3,2
121000984,0,0,0
121000985,0,0,0
121000986,0,0,0
121000987,0,0,0
121000988,206,29,177
121001302,0,0,0
121001308,0,0,0
121001309,0,0,0
121001313,0,0,0
121001314,0,0,0
121001315,1308,122,1186
121001326,0,0,0
121900001,4,43,-39
121900002,0,0,0
121900003,0,0,0
121900004,0,0,0
121900005,0,0,0
121900006,0,0,0
121900007,0,0,0
121900008,0,0,0
121900009,0,0,0
121900010,0,0,0
121900011,0,0,0
121900012,0,0,0
121900013,0,0,0
121900014,0,0,0
121900015,0,0,0
121900016,0,0,0
121900017,0,0,0
121900018,0,0,0
121900019,0,0,0
121900020,0,0,0
121900021,0,0,0
121900022,0,0,0
121900023,0,0,0
121900024,0,0,0
121900025,0,0,0
121900026,0,0,0
121900027,0,0,0
121900028,0,0,0
121900029,0,0,0
121900030,0,0,0
121900031,0,0,0
121900032,0,0,0
121900033,0,0,0
121900034,0,0,0
121900035,0,0,0
121900036,0,0,0
121900037,0,0,0
121900038,0,0,0
121900039,0,0,0
121900040,0,0,0
121900041,0,0,0
121900042,0,0,0
121900043,0,0,0
121900044,0,0,0
121900046,0,0,0
121900047,0,0,0
121900048,0,0,0
121900050,0,0,0
121900051,0,0,0
121900052,0,0,0
121900053,0,0,0
121900054,0,0,0
121900055,0,0,0
121900058,0,0,0
121900059,0,0,0
121900060,0,0,0
121900061,0,0,0
121900062,0,0,0
121900063,0,0,0
121900064,0,0,0
121900066,0,0,0
121900067,0,0,0
121900069,0,0,0
121900070,0,0,0
121900071,0,0,0
121900072,0,0,0
121900073,0,0,0
121900074,0,0,0
121900075,0,0,0
121900076,0,0,0
121900077,0,0,0
121900078,0,0,0
121900079,0,0,0
121900080,0,0,0
121900082,0,0,0
121900084,0,0,0
121900085,0,0,0
121900086,0,0,0
121900087,0,0,0
121900088,0,0,0
121900089,0,0,0
121900090,0,0,0
121900091,0,0,0
121900092,0,0,0
121900093,0,0,0
121900094,0,0,0
121900095,0,0,0
121900096,0,0,0
121900097,0,0,0
121900098,0,0,0
121900099,0,0,0
121900100,0,0,0
121900101,0,0,0
121900102,0,0,0
121900103,0,0,0
121900104,0,0,0
121900105,0,0,0
121900106,0,0,0
121900107,0,0,0
121900108,0,0,0
121900109,0,0,0
121900110,0,0,0
121900111,0,0,0
121900112,0,0,0
121900113,0,0,0
121900114,0,0,0
121900117,0,0,0
121900118,0,0,0
121900119,0,0,0
121900120,0,0,0
121900121,0,0,0
121900122,0,0,0
121900123,0,0,0
121900124,0,0,0
121900125,0,0,0
121900127,0,0,0
121900128,0,0,0
121900129,0,0,0
121900130,0,0,0
121900131,0,0,0
121900132,0,0,0
121900133,0,0,0
121900134,0,0,0
121900135,0,0,0
121900136,0,0,0
121900137,0,0,0
121900138,0,0,0
121900139,0,0,0
121900140,0,0,0
121900141,0,0,0
121900142,0,0,0
121900143,0,0,0
121900144,0,0,0
121900145,0,0,0
121900146,0,0,0
121900147,0,0,0
121900148,0,0,0
121900149,0,0,0
121900150,0,0,0
121900151,0,0,0
121900152,0,0,0
121900153,0,0,0
121900154,0,0,0
121900155,0,0,0
121900156,0,0,0
121900157,0,0,0
121900158,0,0,0
121900159,0,0,0
121900160,0,0,0
121900161,0,0,0
121900162,0,0,0
121900163,0,0,0
121900164,0,0,0
121900165,0,0,0
121900166,0,0,0
121900167,0,0,0
121900168,0,0,0
121900169,0,0,0
121900170,0,0,0
121900171,0,0,0
121900172,0,0,0
121900173,0,0,0
121900174,0,0,0
121900175,0,0,0
121900176,0,0,0
121900177,0,0,0
121900178,0,0,0
121900179,0,0,0
121900180,0,0,0
121900182,0,0,0
121900183,0,0,0
121900184,0,0,0
121900186,0,0,0
121900187,0,0,0
121900188,0,0,0
121900189,0,0,0
121900190,0,0,0
121900191,0,0,0
121900192,0,0,0
121900193,0,0,0
121900194,0,0,0
121900195,0,0,0
121900196,0,0,0
121900197,0,0,0
121900198,0,0,0
121900199,0,0,0
121900200,0,0,0
121900201,0,0,0
121900202,0,0,0
121900203,0,0,0
121900204,0,0,0
121900205,0,0,0
121900206,0,0,0
121900207,0,0,0
121900208,0,0,0
121900209,0,0,0
121900210,0,0,0
121900211,0,0,0
121900212,0,0,0
121900213,0,0,0
121900214,0,0,0
121900215,0,0,0
121900216,0,0,0
121900217,0,0,0
121900218,0,0,0
121900220,0,0,0
121900221,0,0,0
121900222,0,0,0
121900223,0,0,0
121900224,0,0,0
121900225,0,0,0
121900226,0,0,0
121900227,0,0,0
121900228,0,0,0
121900230,0,0,0
121900231,0,0,0
121900232,0,0,0
121900233,0,0,0
121900234,0,0,0
121900235,0,0,0
121900236,0,0,0
121900237,0,0,0
121900238,0,0,0
121900239,0,0,0
121900240,0,0,0
121900241,0,0,0
121900242,0,0,0
121900243,0,0,0
121900244,0,0,0
121900245,0,0,0
121900246,0,0,0
121900248,0,0,0
121900250,0,0,0
121900251,0,0,0
121900252,0,0,0
121900253,0,0,0
121900254,0,0,0
121900255,0,0,0
121900258,0,0,0
121900259,0,0,0
121900260,0,0,0
121900261,0,0,0
121900262,0,0,0
121900263,0,0,0
121900264,0,0,0
121900265,0,0,0
121900266,0,0,0
121900267,0,0,0
121900269,0,0,0
121900270,0,0,0
121900271,0,0,0
121900273,0,0,0
121900274,0,0,0
121900277,0,0,0
121900278,0,0,0
121900279,0,0,0
121900280,0,0,0
121900281,0,0,0
121900284,0,0,0
121900286,0,0,0
121900287,0,0,0
121900288,0,0,0
121900290,0,0,0
121900291,0,0,0
121900292,0,0,0
121900293,0,0,0
121900294,0,0,0
121900295,0,0,0
121900296,0,0,0
121900298,0,0,0
121900299,0,0,0
121900300,0,0,0
121900301,0,0,0
121900302,0,0,0
121900303,0,0,0
121900304,0,0,0
121900305,0,0,0
121900306,0,0,0
121900307,0,0,0
121900308,0,0,0
121900309,0,0,0
121900310,0,0,0
121900311,0,0,0
121900312,0,0,0
121900313,0,0,0
121900314,0,0,0
121900315,0,0,0
121900316,0,0,0
121900317,0,0,0
121900318,0,0,0
121900319,0,0,0
121900320,0,0,0
121900321,0,0,0
121900322,0,0,0
121900323,0,0,0
121900324,0,0,0
121900325,0,0,0
121900326,0,0,0
121900327,0,0,0
121900328,0,0,0
121900329,0,0,0
121900330,0,0,0
121900331,0,0,0
121900332,0,0,0
121900333,0,0,0
121900334,0,0,0
122000001,62,105,-43
122000002,117,47,70
122000003,72,87,-15
122000004,122,156,-34
122000005,352,738,-386
122000006,71,197,-126
122000007,62,256,-194
122000008,97,200,-103
122000009,14,53,-39
122000010,599,245,354
122000011,234,174,60
122000012,122,83,39
122000013,6,33,-27
122000014,0,7,-7
122000015,31,61,-30
122000016,4,53,-49
122000017,0,0,0
122000018,0,0,0
122000019,0,10,-10
122000020,0,0,0
122000021,0,0,0
122000022,76,25,51
122000023,14,16,-2
122000024,184,170,14
122000025,34,177,-143
122000026,319,323,-4
122000027,0,0,0
122000028,97,12,85
122000029,9,15,-6
122000030,0,0,0
122000031,0,17,-17
122000032,80,57,23
122000033,145,231,-86
122000034,0,0,0
122000035,0,0,0
122000036,0,0,0
122000037,0,3,-3
122000038,6,0,6
122000039,0,0,0
122000040,0,0,0
122000041,0,3,-3
122000042,1,4,-3
122000043,0,0,0
122000044,1,0,1
122000045,93,28,65
122000046,92,39,53
122000047,0,0,0
122000048,291,544,-253
122000049,487,161,326
122000050,35,20,15
122000051,1,25,-24
122000052,2,34,-32
122000053,50,603,-553
122000054,55,118,-63
122000055,404,639,-235
122000056,269,86,183
122000057,93,234,-141
122000058,87,70,17
122000059,113,62,51
122000060,0,0,0
122000061,0,0,0
122000062,80,27,53
122000063,2,1,1
122000064,19,80,-61
122000065,143,230,-87
122000066,105,83,22
122000067,146,417,-271
122000068,33,297,-264
122000069,31,54,-23
122000070,242,76,166
122000071,26,83,-57
122000072,0,0,0
122000073,0,0,0
122000074,67,95,-28
122000075,34,62,-28
122000076,99,96,3
122000077,0,0,0
122000078,453,311,142
122000079,2,67,-65
122000080,0,0,0
122000081,0,0,0
122000082,119,87,32
122000083,0,0,0
122000084,0,0,0
122000085,3,10,-7
122000086,23,315,-292
122000087,7,23,-16
122000088,0,0,0
122000089,86,218,-132
122000090,0,0,0
122000091,0,0,0
122000092,0,0,0
122000093,228,582,-354
122000094,279,355,-76
122000095,5,62,-57
122000096,21,269,-248
122000098,359,512,-153
122000099,7,28,-21
122000100,13,1,12
122000101,0,0,0
122000102,0,0,0
122000103,0,0,0
122000104,15,0,15
122000105,5,6,-1
122000106,1,7,-6
122000107,4,23,-19
122000108,0,0,0
122000109,3,0,3
122000110,0,0,0
122000111,425,112,313
122000112,122,77,45
122000113,41,24,17
122000114,253,700,-447
122000115,352,310,42
122000116,11,99,-88
122000117,125,1,124
122000118,33,21,12
122000119,0,0,0
122000120,0,0,0
122000121,40,14,26
122000122,17,13,4
122000123,52,56,-4
122000124,8,78,-70
122000125,19,71,-52
122000126,1,35,-34
122000127,10,34,-24
122000128,0,6,-6
122000129,47,6,41
122000130,119,56,63
122000131,11,8,3
122000132,0,0,0
122000133,0,0,0
122000134,26,45,-19
122000135,14,21,-7
122000136,35,35,0
122000137,34,31,3
122000139,1,68,-67
122000140,0,0,0
122000141,11,3,8
122000142,0,0,0
122000143,0,0,0
122000144,25,21,4
122000145,0,0,0
122000146,30,41,-11
122000147,17,59,-42
122000148,219,144,75
122000149,147,34,113
122000150,126,51,75
122000151,0,0,0
122000152,0,0,0
122000153,71,96,-25
122000154,80,27,53
122000155,113,101,12
122000156,294,378,-84
122000157,198,237,-39
122000158,0,0,0
122000159,41,19,22
122000160,161,94,67
122000161,73,29,44
122000162,76,38,38
122000163,0,0,0
122000164,0,0,0
122000165,0,0,0
122000166,48,22,26
122000167,0,0,0
122000168,0,0,0
122000169,0,0,0
122000170,0,0,0
122000171,0,0,0
122000172,0,0,0
122000173,0,0,0
122000174,322,370,-48
122000175,0,0,0
122000176,0,1,-1
122000177,265,409,-144
122000178,421,95,326
122000179,0,0,0
122000180,181,262,-81
122000181,405,427,-22
122000182,82,46,36
122000183,17,3,14
122000184,359,395,-36
122000185,112,190,-78
122000186,0,0,0
122000187,96,62,34
122000188,0,0,0
122000189,57,29,28
122000190,183,72,111
122000191,21,7,14
122000192,0,0,0
122000193,0,0,0
122000194,0,0,0
122000195,0,0,0
122000196,0,0,0
122000197,0,13,-13
122000198,0,0,0
122000199,15,66,-51
122000200,33,47,-14
122000201,208,204,4
122000202,121,160,-39
122000203,0,0,0
122000204,0,0,0
122000205,0,0,0
122000206,180,52,128
122000207,105,55,50
122000208,141,41,100
122000209,242,41,201
122000210,22,7,15
122000211,1,18,-17
122000212,37,42,-5
122000213,86,83,3
122000214,164,181,-17
122000215,121,137,-16
122000217,1,10,-9
122000218,56,30,26
122000219,27,56,-29
122000220,26,43,-17
122000221,0,0,0
122000222,25,1,24
122000223,53,32,21
122000225,79,16,63
122000226,9,30,-21
122000227,2,17,-15
122000228,1,4,-3
122000229,0,0,0
122000230,0,8,-8
122000231,0,25,-25
122000232,1,5,-4
122000233,0,0,0
122000234,1,0,1
122000235,29,2,27
122000236,12,0,12
122000237,0,0,0
122000238,3,12,-9
122000239,7,1,6
122000240,27,2,25
122000241,52,43,9
122000242,0,0,0
122000243,0,0,0
122000244,0,0,0
122000245,2,0,2
122000246,23,69,-46
122000247,14,2,12
122000248,18,18,0
122000249,150,133,17
122000250,213,53,160
122000251,0,0,0
122000252,11,1,10
122000253,0,0,0
122000254,6,1,5
122000255,0,0,0
122000256,6,40,-34
122000257,1,14,-13
122000258,17,40,-23
122000259,0,0,0
122000260,0,0,0
122000261,0,1,-1
122000262,0,0,0
122000263,0,0,0
122000264,151,32,119
122000265,177,28,149
122000266,190,4,186
122000267,0,0,0
122000268,0,0,0
122000269,0,0,0
122000270,0,0,0
122000271,0,0,0
122000272,0,0,0
122000273,0,0,0
122000274,0,0,0
122000275,0,0,0
122000276,46,101,-55
122000277,123,118,5
122000278,111,47,64
122000279,6,18,-12
122000280,4,6,-2
122000281,3,9,-6
122000282,22,11,11
122000283,0,0,0
122000284,0,0,0
122000285,0,0,0
122000286,0,0,0
122000287,448,90,358
122000288,51,7,44
122000291,812,46,766
122000293,0,0,0
122000294,122,7,115
122000295,144,4,140
122000296,35,90,-55
122000297,699,420,279
122000299,108,14,94
122000300,4,26,-22
122000301,51,50,1
122000302,1,2,-1
122000303,29,80,-51
122000304,0,0,0
122000305,376,81,295
122000306,21,28,-7
122000307,0,0,0
122000309,0,0,0
122000310,0,0,0
122000311,0,0,0
122000312,2,53,-51
122000313,7,60,-53
122000314,44,56,-12
122000315,0,0,0
122000316,5,12,-7
122000317,60,5,55
122000318,27,74,-47
122000319,8,10,-2
122000320,0,0,0
122000321,0,0,0
122000322,64,67,-3
122000323,74,83,-9
122000324,0,0,0
122000325,73,200,-127
122000326,1,0,1
122000327,1,10,-9
122000328,0,0,0
122000330,66,176,-110
122000332,0,0,0
122000333,0,0,0
122000337,17,17,0
122000338,2,5,-3
122000340,1,0,1
122000342,18,36,-18
122000343,8,7,1
122000344,32,0,32
122000345,4,3,1
122000346,0,0,0
122000348,32,12,20
122000349,0,0,0
122000351,4,0,4
122000352,0,0,0
122000353,0,0,0
122000355,0,0,0
122000356,12,6,6
122000357,0,9,-9
122000358,0,0,0
122000359,0,0,0
122000360,0,0,0
122000362,0,0,0
122000364,0,0,0
122000365,0,0,0
122000366,0,0,0
122000368,0,0,0
122000370,0,0,0
122000371,0,0,0
122000372,0,0,0
122000381,0,0,0
122000382,0,0,0
122000384,0,0,0
122000385,0,0,0
122000386,2,144,-142
122000387,0,0,0
122000388,29,55,-26
122000389,0,0,0
122000390,7,66,-59
122000391,0,0,0
122000392,0,0,0
122000393,0,0,0
122000394,0,0,0
122000395,0,0,0
122000396,0,0,0
122000397,0,0,0
122000398,28,41,-13
122000399,0,0,0
122000400,11,58,-47
122000401,0,0,0
122000402,50,10,40
122000403,0,0,0
122000404,147,17,130
122000408,215,260,-45
122000503,0,0,0
122000524,0,0,0
122000544,0,0,0
122000616,0,0,0
122000640,0,0,0
122000641,0,0,0
122000642,0,0,0
122000643,30,10,20
122000644,0,0,0
122000645,0,0,0
122000651,5,15,-10
122000664,13,33,-20
122000665,0,0,0
122000666,38,82,-44
122000673,0,0,0
122000674,44,6,38
122000675,29,24,5
122000686,96,24,72
122000687,37,9,28
122000688,68,13,55
122000689,120,18,102
122000690,353,2,351
122000691,325,48,277
122000692,25,1,24
122000693,18,8,10
122000695,0,0,0
122000696,65,16,49
122000698,0,0,0
122000699,14,8,6
122000701,113,17,96
122000702,63,51,12
122000703,24,3,21
122000712,0,0,0
122000717,0,0,0
122000718,91,155,-64
122000719,0,41,-41
122000720,83,6,77
122000724,0,0,0
122900001,0,0,0
122900002,0,0,0
122900003,0,0,0
122900004,0,0,0
122900005,0,0,0
122900006,0,0,0
122900007,0,0,0
122900008,0,0,0
122900009,0,0,0
122900010,0,0,0
122900012,0,0,0
122900014,0,0,0
122900015,0,0,0
122900016,0,0,0
122900017,0,0,0
122900018,0,0,0
122900019,0,0,0
122900020,0,0,0
122900021,0,0,0
122900022,0,0,0
122900024,0,0,0
122900025,0,0,0
122900026,0,0,0
122900027,0,0,0
122900028,0,0,0
122900029,0,0,0
122900030,0,0,0
122900031,0,0,0
122900032,0,0,0
122900033,0,0,0
122900034,0,0,0
122900035,0,0,0
122900036,0,0,0
122900037,0,0,0
122900038,0,0,0
122900039,0,0,0
122900040,0,0,0
122900041,0,0,0
122900042,0,0,0
122900043,0,0,0
122900044,0,0,0
122900045,0,0,0
122900046,0,0,0
122900047,0,0,0
122900048,0,0,0
122900049,0,0,0
122900051,0,0,0
122900052,0,0,0
122900053,1,1,0
122900055,0,0,0
122900057,0,0,0
122900061,0,0,0
122900062,0,0,0
122900063,0,0,0
122900064,0,0,0
122900065,0,0,0
122900066,0,0,0
122900067,0,0,0
122900069,0,0,0
122900070,0,0,0
122900071,0,0,0
122900072,0,0,0
122900073,0,0,0
122900074,0,0,0
122900075,0,0,0
122900076,0,0,0
122900077,0,0,0
122900078,0,0,0
122900080,0,0,0
122900081,0,0,0
122900082,0,0,0
122900083,0,0,0
122900084,0,0,0
122900086,0,0,0
122900087,0,0,0
122900088,0,0,0
122900089,0,0,0
122900090,0,0,0
122900091,0,0,0
122900092,0,0,0
122900093,0,0,0
122900094,0,0,0
122900095,0,0,0
122900096,0,0,0
122900097,0,0,0
122900098,0,0,0
122900099,0,0,0
122900100,0,0,0
122900101,0,0,0
122900102,0,0,0
122900103,0,0,0
122900104,0,0,0
122900105,0,0,0
122900106,0,0,0
122900107,0,0,0
122900108,0,0,0
122900109,0,0,0
123000001,107,27,80
123000002,215,1110,-895
123000003,737,268,469
123000004,101,418,-317
123000005,924,330,594
123000006,239,314,-75
123000007,730,395,335
123000008,68,117,-49
123000009,2266,1515,751
123000010,102,233,-131
123000011,724,818,-94
123000012,51,148,-97
123000013,738,265,473
123000014,15,145,-130
123000015,1280,307,973
123000016,34,124,-90
123000017,696,271,425
123000018,120,2,118
123000019,165,0,165
123000020,46,1,45
123000021,131,1,130
123000022,336,26,310
123000023,144,83,61
123000024,86,58,28
123000025,20,2,18
123000026,0,0,0
123000027,0,0,0
123000028,2,158,-156
123000029,0,0,0
123000030,0,0,0
123000031,25,6,19
123000032,16,10,6
123000033,0,21,-21
123000034,99,28,71
123000035,42,154,-112
123000036,5,407,-402
123000037,0,0,0
123000038,0,0,0
123000039,0,0,0
123000040,0,0,0
123000041,25,472,-447
123000042,0,0,0
123000043,190,158,32
123000044,51,39,12
123000045,0,0,0
123000046,0,0,0
123000047,0,0,0
123000048,4,199,-195
123000049,2944,1079,1865
123000050,139,135,4
123000051,0,4,-4
123000052,141,261,-120
123000053,804,330,474
123000054,122,349,-227
123000055,544,678,-134
123000056,2,43,-41
123000057,66,100,-34
123000058,0,0,0
123000059,0,2,-2
123000060,0,2,-2
123000061,3,8,-5
123000063,53,21,32
123000064,2,3,-1
123000065,5,17,-12
123000066,2,4,-2
123000067,3,7,-4
123000068,36,102,-66
123000069,74,102,-28
123000070,0,0,0
123000071,85,34,51
123000072,0,0,0
123000073,147,35,112
123000074,0,0,0
123000075,29,105,-76
123000076,0,0,0
123000077,0,0,0
123000078,283,94,189
123000079,450,215,235
123000080,0,0,0
123000081,0,0,0
123000082,0,0,0
123000083,20,1,19
123000084,0,0,0
123000085,0,0,0
123000086,0,0,0
123000087,0,0,0
123000088,0,0,0
123000089,200,103,97
123000090,0,0,0
123000091,189,62,127
123000092,0,0,0
123000094,4,8,-4
123000095,23,30,-7
123000096,38,10,28
123000097,0,0,0
123000098,92,16,76
123000099,0,0,0
123000100,0,0,0
123000101,59,18,41
123000102,91,84,7
123000104,0,0,0
123000105,0,0,0
123000106,0,0,0
123000107,0,0,0
123000108,0,0,0
123000111,4,9,-5
123000112,25,4,21
123000113,0,0,0
123000114,4,11,-7
123000115,9,14,-5
123000116,0,0,0
123000117,0,12,-12
123000118,3,8,-5
123000119,3,8,-5
123000120,2,18,-16
123000121,0,0,0
123000122,0,0,0
123000123,0,0,0
123000124,0,0,0
123000125,93,107,-14
123000126,259,268,-9
123000127,0,0,0
123000128,0,0,0
123000129,258,17,241
123000130,87,1,86
123000131,98,14,84
123000132,0,0,0
123000133,0,0,0
123000134,0,0,0
123000135,44,31,13
123000136,0,0,0
123000137,0,0,0
123000138,0,0,0
123000139,74,6,68
123000140,0,0,0
123000141,60,10,50
123000142,0,0,0
123000143,0,0,0
123000144,0,0,0
123000145,0,0,0
123000146,0,0,0
123000147,0,0,0
123000149,15,40,-25
123000150,24,8,16
123000151,32,42,-10
123000152,0,0,0
123000153,2,31,-29
123000154,43,56,-13
123000155,14,18,-4
123000156,0,0,0
123000157,28,5,23
123000158,91,60,31
123000159,95,188,-93
123000160,27,67,-40
123000161,135,26,109
123000162,166,139,27
123000163,85,6,79
123000164,264,11,253
123000165,0,0,0
123000166,0,0,0
123000167,17,1,16
123000168,49,0,49
123000169,143,18,125
123000170,0,0,0
123000171,252,1,251
123000172,0,0,0
123000173,69,43,26
123000174,130,36,94
123000175,0,0,0
123000176,128,7,121
123000177,0,0,0
123000178,164,14,150
123000179,0,0,0
123000180,503,65,438
123000181,0,0,0
123000182,0,0,0
123000183,65,17,48
123000184,0,0,0
123000185,250,21,229
123000186,0,0,0
123000187,388,9,379
123000188,310,2,308
123000189,213,0,213
123000190,56,1,55
123000192,0,0,0
123000193,0,0,0
123000194,0,0,0
123000195,333,4,329
123000196,365,2,363
123000197,66,0,66
123000198,0,0,0
123000199,0,0,0
123000200,311,32,279
123000201,390,6,384
123000202,0,0,0
123000203,490,19,471
123000204,0,0,0
123000205,0,0,0
123000206,690,24,666
123000207,0,0,0
123000208,126,5,121
123000209,282,16,266
123000210,0,0,0
123000211,0,0,0
123000212,617,35,582
123000213,252,1,251
123000215,173,115,58
123000216,13,126,-113
123000217,41,3,38
123000218,0,0,0
123000219,61,10,51
123000220,172,8,164
123000221,3,3,0
123000222,7,11,-4
123000223,49,15,34
123000224,43,58,-15
123000225,8,0,8
123000226,74,0,74
123000227,1,2,-1
123000228,38,1,37
123000229,0,0,0
123000232,0,0,0
123000233,211,14,197
123000234,0,0,0
123000235,165,43,122
123000236,0,3,-3
123000237,49,12,37
123000238,0,0,0
123000239,0,0,0
123000240,0,0,0
123000241,17,32,-15
123000242,0,0,0
123000243,6,71,-65
123000244,18,63,-45
123000245,0,0,0
123000249,0,0,0
123000252,209,112,97
123000253,367,155,212
123000254,5,20,-15
123000255,60,110,-50
123000256,0,0,0
123000257,0,0,0
123000258,0,0,0
123000259,27,2,25
123000260,3,27,-24
123000261,0,0,0
123000262,0,0,0
123000263,97,4,93
123000264,30,2,28
123000265,0,0,0
123000266,5,9,-4
123000267,27,164,-137
123000268,0,0,0
123000269,2,27,-25
123000270,4,6,-2
123000271,0,0,0
123000272,258,69,189
123000273,101,515,-414
123000274,195,106,89
123000275,0,0,0
123000278,1,12,-11
123000279,5,24,-19
123000280,7,1,6
123000281,61,2,59
123000282,0,0,0
123000283,1,3,-2
123000284,0,0,0
123000286,0,1,-1
123000287,38,44,-6
123000288,181,125,56
123000289,86,73,13
123000291,0,0,0
123000294,0,0,0
123000295,348,206,142
123000296,103,171,-68
123000297,0,0,0
123000298,6,35,-29
123000299,11,70,-59
123000300,77,39,38
123000301,0,0,0
123000302,116,14,102
123000303,6,105,-99
123000305,0,0,0
123000306,0,0,0
123000309,0,0,0
123000310,32,0,32
123000311,0,0,0
123000312,0,0,0
123000313,135,13,122
123000315,118,18,100
123000316,629,12,617
123000317,0,0,0
123000318,0,0,0
123000329,0,0,0
123000337,59,4,55
123000338,0,7,-7
123000339,0,0,0
123000340,19,29,-10
123000342,0,0,0
123000343,2,0,2
123000344,14,0,14
123000345,0,0,0
123000346,76,29,47
123000352,0,0,0
123000353,0,0,0
123000354,344,2,342
123000355,0,0,0
123000356,58,0,58
123000357,0,0,0
123000359,0,0,0
123000360,178,18,160
123000361,0,0,0
123000362,129,5,124
123000363,48,0,48
123000364,5,13,-8
123000365,0,0,0
123000366,2,91,-89
123000367,0,2,-2
123000370,0,0,0
123000371,108,10,98
123000372,93,7,86
123000373,0,0,0
123000374,0,0,0
123000375,156,9,147
123000376,70,38,32
123000377,104,1,103
123000378,0,0,0
123000379,0,0,0
123000380,0,0,0
123000381,17,22,-5
123000382,115,10,105
123000383,0,0,0
123000384,36,0,36
123000385,0,0,0
123000436,3,361,-358
123000507,0,32,-32
123000508,279,693,-414
123000517,0,0,0
123000518,0,0,0
123000519,0,0,0
123000520,0,0,0
123000521,0,0,0
123000522,0,0,0
123000541,2,2,0
123000542,0,0,0
123000565,51,0,51
123000566,5,0,5
123000567,2,0,2
123000573,0,0,0
123000574,61,4,57
123000575,195,41,154
123000576,33,2,31
123000577,0,0,0
123000578,58,21,37
123000579,594,238,356
123000580,2,2,0
123000582,59,0,59
123000583,0,0,0
123000584,45,43,2
123000585,0,0,0
123000586,18,0,18
123000596,0,0,0
123000597,4,2,2
123000602,1,0,1
123000603,184,0,184
123000604,11,14,-3
123000605,965,3,962
123000606,0,0,0
123000609,0,0,0
123000610,47,67,-20
123000613,0,0,0
123000614,33,15,18
123000615,0,0,0
123000616,59,20,39
123000617,0,0,0
123000618,0,0,0
123000619,18,37,-19
123000620,0,0,0
123000622,48,25,23
123000624,69,23,46
123000630,450,56,394
123000631,56,59,-3
123000632,0,0,0
123000633,0,629,-629
123000634,4,1,3
123000635,0,0,0
123000636,0,0,0
123000637,2,0,2
123000638,5,14,-9
123000639,307,249,58
123000640,1,0,1
123000648,2,5,-3
123000649,0,0,0
123900001,0,0,0
123900002,0,0,0
123900003,0,0,0
123900005,0,0,0
123900006,0,0,0
124000001,405,90,315
124000002,1,144,-143
124000003,245,19,226
124000004,0,23,-23
124000005,223,27,196
124000006,4,23,-19
124000007,99,24,75
124000008,0,0,0
124000009,220,44,176
124000010,0,0,0
124000011,202,102,100
124000012,0,0,0
124000017,180,79,101
124000018,0,0,0
124000019,160,37,123
124000020,0,0,0
124000021,175,23,152
124000022,0,0,0
124000023,493,74,419
124000024,0,0,0
124000025,376,41,335
124000026,0,0,0
124000027,1478,305,1173
124000028,67,570,-503
124000030,0,0,0
124000031,403,108,295
124000032,1,25,-24
124000033,245,10,235
124000034,0,35,-35
124000035,68,6,62
124000036,0,27,-27
124000037,21,53,-32
124000038,1,5,-4
124000039,38,5,33
124000040,9,92,-83
124000041,137,0,137
124000042,0,11,-11
124000043,24,5,19
124000044,0,12,-12
124000045,197,29,168
124000046,0,0,0
124000047,222,27,195
124000048,0,0,0
124000049,266,25,241
124000050,0,0,0
124000051,135,8,127
124000052,0,0,0
124000053,140,65,75
124000054,0,0,0
124000055,470,84,386
124000056,0,0,0
124000057,159,64,95
124000058,0,0,0
124000059,102,98,4
124000060,0,0,0
124000061,54,165,-111
124000062,0,0,0
124000063,0,0,0
124000064,0,0,0
124000065,0,0,0
124000066,41,31,10
124000067,51,12,39
124000068,0,0,0
124000069,172,18,154
124000070,0,0,0
124000071,59,30,29
124000072,0,0,0
124000073,245,12,233
124000074,0,0,0
124000075,108,34,74
124000076,0,0,0
124000077,0,0,0
124000078,129,198,-69
124000079,0,0,0
124000080,186,57,129
124000081,0,0,0
124000082,0,62,-62
124000083,0,0,0
124000084,8,97,-89
124000085,0,0,0
124000086,0,0,0
124000087,0,0,0
124000088,5,25,-20
124000089,114,1,113
124000090,0,0,0
124000091,79,37,42
124000092,0,0,0
124000093,2,14,-12
124000094,0,0,0
124000095,47,1,46
124000096,0,0,0
124000097,76,21,55
124000098,0,0,0
124000099,31,3,28
124000100,0,0,0
124000101,20,22,-2
124000102,0,0,0
124000103,15,17,-2
124000104,0,0,0
124000105,35,1,34
124000106,0,0,0
124000107,0,38,-38
124000108,0,0,0
124000109,36,7,29
124000110,0,0,0
124000111,155,14,141
124000112,0,0,0
124000113,14,13,1
124000114,0,0,0
124000115,0,0,0
124000116,30,58,-28
124000117,0,0,0
124000118,1,33,-32
124000119,0,0,0
124000120,73,15,58
124000121,160,70,90
124000122,0,0,0
124000123,236,23,213
124000124,3,29,-26
124000125,101,8,93
124000126,4,22,-18
124000127,223,12,211
124000128,40,28,12
124000129,128,108,20
124000130,32,24,8
124000131,59,88,-29
124000132,96,130,-34
124000133,343,21,322
124000134,0,0,0
124000135,351,80,271
124000136,0,0,0
124000137,84,22,62
124000138,0,0,0
124000139,31,7,24
124000140,0,0,0
124000141,7,1,6
124000142,0,0,0
124000143,2,0,2
124000144,0,0,0
124000145,26,0,26
124000146,0,0,0
124000148,0,2,-2
124000149,84,22,62
124000150,0,0,0
124000151,42,22,20
124000152,0,0,0
124000153,117,65,52
124000154,0,0,0
124000155,197,42,155
124000156,0,0,0
124000169,7,14,-7
124000170,0,0,0
124000171,29,8,21
124000172,0,0,0
124000173,8,31,-23
124000174,0,0,0
124000175,0,0,0
124000176,116,85,31
124000177,0,0,0
124000178,73,15,58
124000185,0,0,0
124000186,0,0,0
124000187,0,0,0
124000188,0,0,0
124000190,18,33,-15
124000191,0,0,0
124000192,141,147,-6
124000193,0,0,0
124000194,11,41,-30
124000195,107,15,92
124000196,0,0,0
124000197,0,0,0
124000198,5,10,-5
124000201,0,0,0
124000202,195,1,194
124000203,0,0,0
124000204,188,7,181
124000205,62,0,62
124000206,395,3,392
124000207,0,0,0
124000209,76,4,72
124000210,100,47,53
124000211,336,1,335
124000212,0,0,0
124000213,0,0,0
124000214,240,2,238
124000215,33,18,15
124000216,0,0,0
124000329,0,0,0
124000338,0,0,0
124000339,157,1,156
124000341,126,0,126
124000344,16,0,16
124000357,528,147,381
124000358,732,291,441
124000359,386,96,290
124000360,133,77,56
124000361,649,104,545
124000362,0,0,0
124000363,0,0,0
124000364,0,0,0
124000365,51,258,-207
124000366,7,156,-149
124000367,0,0,0
124000368,28,40,-12
124000369,4,64,-60
124000370,0,0,0
124000402,2,1,1
124000403,8,0,8
124000404,0,0,0
124000405,321,51,270
124000406,7,49,-42
124000407,0,0,0
124000411,0,0,0
124000412,32,0,32
124000413,0,12,-12
124000414,44,6,38
124000415,0,0,0
124000416,0,0,0
124000417,31,1,30
124000418,5,3,2
124000419,0,0,0
124000420,52,7,45
124000421,0,0,0
124000422,0,0,0
124000423,0,0,0
124000424,0,0,0
124000425,24,0,24
124000426,0,0,0
124000427,1,0,1
124000428,0,0,0
124000429,14,0,14
124000430,0,0,0
124000431,0,0,0
124000432,0,2,-2
124000439,1,1,0
124000443,0,0,0
124000445,16,139,-123
124000446,0,0,0
124000447,0,12,-12
124000448,0,0,0
124000449,0,0,0
124000450,0,0,0
124000451,0,0,0
124900001,0,0,0
124900002,0,0,0
124900003,0,0,0
124900004,0,0,0
124900005,0,0,0
124900006,0,0,0
124900008,0,0,0
124900009,0,0,0
124900010,0,0,0
124900011,0,0,0
124900012,0,0,0
124900013,0,0,0
124900014,0,0,0
124900015,0,0,0
124900016,0,0,0
124900017,0,0,0
124900018,0,0,0
124900020,0,0,0
124900021,0,0,0
124900022,0,0,0
124900024,0,0,0
124900026,0,0,0
124900027,0,0,0
124900028,0,0,0
124900029,0,0,0
124900030,0,0,0
124900031,0,0,0
124900032,0,0,0
124900033,0,0,0
124900034,0,0,0
124900035,0,0,0
124900036,0,0,0
124900037,0,0,0
124900038,0,0,0
124900039,0,0,0
124900040,0,0,0
124900041,0,0,0
124900042,0,0,0
124900043,0,0,0
124900044,0,0,0
124900045,0,0,0
124900047,0,0,0
124900048,0,0,0
124900050,0,0,0
124900052,0,0,0
124900053,0,0,0
124900054,0,0,0
124900055,0,0,0
124900057,0,0,0
124900060,0,0,0
124900061,0,0,0
124900062,0,0,0
124900066,0,0,0
124900067,0,0,0
124900068,0,0,0
124900070,0,0,0
124900072,0,0,0
124900075,0,0,0
124900076,0,0,0
124900077,0,0,0
124900078,0,0,0
124900079,0,0,0
124900080,0,0,0
124900081,0,0,0
124900082,0,0,0
124900083,0,0,0
124900085,0,0,0
124900086,0,0,0
124900087,0,0,0
124900088,0,0,0
124900089,0,0,0
124900090,0,0,0
124900091,0,0,0
124900092,0,0,0
124900093,0,0,0
124900094,0,0,0
124900095,0,0,0
124900096,0,0,0
124900097,0,0,0
124900098,0,0,0
124900099,0,0,0
124900100,0,0,0
124900101,0,0,0
124900102,0,0,0
124900103,0,0,0
124900104,0,0,0
124900105,0,0,0
124900106,0,0,0
124900107,0,0,0
124900108,0,0,0
124900111,0,0,0
124900112,0,0,0
124900113,0,0,0
124900114,0,0,0
124900115,0,0,0
124900116,0,0,0
124900117,0,0,0
124900118,0,0,0
124900119,0,0,0
124900120,0,0,0
124900121,0,0,0
124900122,0,0,0
124900123,0,0,0
124900124,0,0,0
204000001,45,1,44
204000002,4,5,-1
204000003,1,18,-17
204000004,6,0,6
204000005,558,302,256
204000006,1780,1065,715
204000012,0,0,0
204000019,523,289,234
204000020,140,88,52
204000021,127,71,56
204000022,612,168,444
204000023,0,0,0
204000031,5,34,-29
204000032,275,14,261
204000034,0,0,0
204000035,0,0,0
204000036,0,0,0
204000037,0,0,0
204000038,0,0,0
204000039,0,0,0
204000040,0,0,0
204000041,0,0,0
204000042,1,19,-18
204000043,1,0,1
204000044,3,0,3
204000045,2,0,2
204000046,0,2,-2
204000057,0,0,0
204000062,0,0,0
204000068,0,0,0
204000069,0,0,0
204000070,358,304,54
204000080,0,0,0
204000085,0,0,0
204000086,0,0,0
204000087,0,0,0
204000088,0,0,0
204000090,0,0,0
204000093,269,14,255
204000096,567,321,246
204000097,88,5,83
204000099,812,493,319
204000100,706,360,346
204000105,0,0,0
204000110,0,0,0
204000111,0,0,0
204000112,0,0,0
204000113,0,0,0
204000114,133,202,-69
204000115,74,56,18
204000116,83,31,52
204000119,1098,574,524
204000132,601,48,553
204000133,656,65,591
204000134,106,39,67
204000135,525,28,497
204000136,410,327,83
204000138,479,108,371
204000140,298,163,135
204000141,340,67,273
204000144,0,8,-8
204000145,72,2,70
204000146,0,0,0
204000147,0,0,0
204000148,208,6,202
204000154,0,1,-1
204000155,0,0,0
204000177,110,23,87
204000179,18,1,17
204000180,0,0,0
204000222,0,0,0
204000235,0,0,0
204000236,9,15,-6
204000238,9,8,1
204000240,20,1,19
204000263,0,0,0
204000268,579,182,397
204000308,34,15,19
204000317,0,0,0
204000322,0,0,0
204000323,4,9,-5
204000328,200,37,163
204000329,0,0,0
204000330,94,6,88
204000331,0,0,0
205000001,0,0,0
205000013,0,0,0
205000014,0,0,0
205000015,0,0,0
205000016,0,0,0
205000017,0,0,0
205000022,0,0,0
205000025,0,0,0
205000029,44,11,33
205000045,0,0,0
205000046,0,0,0
205000047,0,0,0
205000048,0,0,0
205000049,0,0,0
205000050,0,0,0
205000059,0,0,0
205000060,0,0,0
205000061,0,0,0
205000062,0,0,0
205000063,0,0,0
205000064,0,0,0
205000065,0,0,0
205000066,0,0,0
205000067,0,0,0
205000069,0,0,0
205000082,167,81,86
205000110,0,0,0
205000111,0,0,0
205000112,140,85,55
205000113,0,0,0
205000121,150,61,89
205000123,0,0,0
205000126,870,78,792
205000127,946,70,876
205000128,422,6,416
205000129,526,11,515
205000130,148,6,142
205000131,9,0,9
205000132,15,0,15
205000133,6,0,6
205000134,191,0,191
205000137,0,0,0
205000138,0,0,0
205000139,0,0,0
205000144,88,28,60
205000145,105,27,78
205000151,47,46,1
205000152,90,14,76
205000153,255,18,237
205000154,80,75,5
205000155,111,11,100
205000207,0,0,0
205000233,13,0,13
205000234,0,0,0
205000243,0,0,0
205000244,0,0,0
205000245,0,0,0
205000249,0,0,0
205000250,8,1,7
205000264,0,0,0
206000027,18,9,9
206000028,5,0,5
206000043,0,0,0
206000053,0,0,0
206000054,0,0,0
206000055,0,0,0
206000075,0,0,0
206000076,0,0,0
206000077,0,0,0
206000078,0,0,0
206000079,0,0,0
206000082,199,3,196
206000100,0,0,0
206000103,0,0,0
206000104,0,0,0
206000105,0,0,0
206000106,0,0,0
206000125,134,0,134
206000157,0,0,0
206000170,0,0,0
206000171,0,0,0
206000172,0,0,0
206000173,0,0,0
206000174,0,0,0
206000175,0,0,0
206000176,0,0,0
206000177,0,0,0
206000178,0,0,0
206000179,0,0,0
206000180,0,0,0
206000181,0,0,0
206000182,0,0,0
206000183,0,0,0
206000184,0,0,0
206000185,0,0,0
206000186,0,0,0
206000223,0,0,0
206000226,1,2,-1
206000227,9,0,9
206000237,0,0,0
206000238,0,0,0
206000239,0,0,0
206000240,0,0,0
206000241,0,0,0
206000242,0,0,0
206000243,0,0,0
206000244,0,0,0
206000245,116,2,114
206000246,49,3,46
206000247,38,0,38
206000248,32,2,30
206000252,0,0,0
206000258,0,0,0
206000315,0,0,0
206000317,76,5,71
206000318,54,7,47
206000319,134,3,131
206000320,83,1,82
206000321,20,0,20
206000322,34,2,32
206000323,54,0,54
206000324,24,0,24
206000325,20,0,20
206000326,18,21,-3
206000327,6,5,1
206000328,123,1,122
206000329,56,0,56
206000330,7,0,7
206000331,76,1,75
206000332,2,0,2
206000333,177,1,176
206000334,56,1,55
206000335,0,0,0
206000361,0,0,0
206000392,0,0,0
206000405,94,0,94
206000441,76,31,45
206000498,36,0,36
206000515,0,0,0
206000530,11,4,7
206000531,13,25,-12
206000532,93,21,72
206000535,0,0,0
206000536,0,0,0
206000537,0,0,0
206000613,88,6,82
206000784,296,64,232
207000001,0,0,0
207000002,0,0,0
207000003,0,0,0
207000007,301,78,223
207000008,0,0,0
207000009,0,0,0
207000010,3,3,0
207000012,86,100,-14
207000015,2,28,-26
207000019,213,21,192
207000021,298,64,234
207000022,168,46,122
207000023,257,3,254
207000024,5,11,-6
207000025,3,6,-3
207000026,0,0,0
207000027,0,0,0
207000028,0,0,0
207000029,0,0,0
207000033,232,261,-29
207000034,71,20,51
207000039,128,20,108
207000040,303,4,299
207000041,25,5,20
207000042,221,45,176
207000043,151,74,77
207000051,0,0,0
207000052,0,0,0
207000053,0,0,0
207000054,0,0,0
207000055,0,0,0
207000056,0,0,0
207000057,0,0,0
207000058,0,0,0
207000059,0,0,0
207000060,0,0,0
207000061,31,372,-341
207000062,176,86,90
207000063,128,194,-66
207000064,318,106,212
207000065,263,59,204
207000066,281,83,198
207000067,98,17,81
207000068,153,7,146
207000069,522,89,433
207000082,0,0,0
207000083,0,0,0
207000084,98,40,58
207000085,0,0,0
207000086,0,0,0
207000106,10,2,8
207000107,121,4,117
207000108,77,0,77
207000109,42,3,39
207000110,33,14,19
207000111,202,4,198
207000112,70,36,34
207000114,0,0,0
207000115,0,0,0
207000116,0,0,0
207000117,0,0,0
207000118,0,0,0
207000119,0,0,0
207000123,108,3,105
207000124,72,3,69
207000125,32,2,30
207000126,42,15,27
207000134,0,0,0
207000135,0,0,0
207000148,187,70,117
207000149,0,0,0
207000152,0,0,0
207000153,0,0,0
207000154,260,24,236
207000159,0,0,0
207000160,0,0,0
207000238,0,0,0
207000242,0,0,0
207000248,0,0,0
207000249,0,0,0
207000250,0,0,0
207000251,0,0,0
207000252,0,0,0
207000278,26,30,-4
207000279,0,0,0
207000280,174,23,151
207000281,29,35,-6
207000282,1,32,-31
207000283,0,2,-2
207000284,0,0,0
207000285,0,4,-4
207000291,0,0,0
207000304,11,33,-22
207000306,0,0,0
207000310,118,103,15
207000353,35,0,35
207000356,0,0,0
207000357,0,18,-18
207000358,0,5,-5
207000415,0,0,0
207000417,29,0,29
207000418,67,46,21
207000438,0,0,0
207000439,565,94,471
207000446,75,0,75
207000460,0,0,0
207000466,0,0,0
207000467,139,10,129
207000468,0,0,0
207000476,0,0,0
207000477,0,0,0
207000478,0,0,0
207000523,0,0,0
207000524,4,1,3
207000527,299,63,236
207000530,240,0,240
207000531,78,0,78
207000532,54,0,54
207000534,163,10,153
207000535,0,0,0
207000537,0,0,0
207000540,0,0,0
207000541,0,0,0
207000548,0,0,0
207000549,65,1,64
207000561,93,10,83
207000562,0,0,0
207000567,0,0,0
207000568,0,0,0
207000569,0,0,0
207000584,0,0,0
207000585,20,54,-34
207000587,181,12,169
207000616,0,0,0
207000617,167,0,167
207000624,5,2,3
207000631,1,8,-7
207900008,0,0,0
208000001,108,197,-89
208000002,109,101,8
208000003,142,126,16
208000004,339,173,166
208000005,0,0,0
208000019,280,152,128
208000020,444,110,334
208000021,0,0,0
208000022,0,0,0
208000028,0,0,0
208000033,0,0,0
208000034,0,0,0
208000037,82,0,82
208000040,26,85,-59
208000041,385,61,324
208000042,208,74,134
208000047,0,0,0
208000064,704,323,381
208000066,323,214,109
208000070,45,16,29
208000071,112,40,72
208000072,66,79,-13
208000080,92,120,-28
208000081,103,26,77
208000082,0,0,0
208000083,0,0,0
208000084,1,3,-2
208000085,0,0,0
208000086,0,0,0
208000087,0,0,0
208000089,0,0,0
208000090,0,0,0
208000093,0,0,0
208000094,0,0,0
208000095,0,0,0
208000104,760,134,626
208000105,378,118,260
208000114,151,185,-34
208000115,133,69,64
208000116,173,260,-87
208000117,1,7,-6
208000118,7,4,3
208000155,0,0,0
208000158,0,0,0
208000186,560,381,179
208000204,0,0,0
208000205,0,0,0
208000282,0,0,0
209000004,14,19,-5
209000005,46,7,39
209000006,214,8,206
209000007,0,0,0
209000010,0,0,0
209000011,0,0,0
209000012,0,0,0
209000013,0,0,0
209000014,0,0,0
209000025,117,37,80
209000026,117,23,94
209000027,0,0,0
209000028,0,0,0
209000029,0,0,0
209000030,0,0,0
209000031,0,0,0
209000034,0,0,0
209000035,0,0,0
209000036,0,0,0
209000037,0,0,0
209000038,0,0,0
209000039,0,0,0
209000040,0,0,0
209000041,0,0,0
209000042,0,0,0
209000043,0,0,0
209000044,0,0,0
209000045,203,28,175
209000046,189,38,151
209000047,220,20,200
209000048,371,34,337
209000049,0,0,0
209000050,0,0,0
209000051,0,0,0
209000052,0,0,0
209000062,0,0,0
209000063,0,0,0
209000064,0,0,0
209000065,0,0,0
209000066,9,5,4
209000067,47,8,39
209000080,0,0,0
209000082,21,0,21
209000091,0,0,0
209000093,0,0,0
209000094,0,0,0
209000110,45,64,-19
209000111,176,55,121
209000112,106,48,58
209000113,187,41,146
209000114,32,2,30
209000115,0,0,0
209000116,0,0,0
209000118,1,13,-12
209000119,0,0,0
209000121,0,0,0
209000135,12,30,-18
209000142,152,19,133
209000143,0,0,0
209000144,0,0,0
209000229,104,12,92
209000240,0,0,0
209000259,0,0,0
209000260,0,0,0
209000261,0,0,0
209000262,0,0,0
209000263,0,0,0
209000264,0,0,0
209000265,18,0,18
209000266,9,0,9
209000267,242,2,240
209000268,499,0,499
210000037,40,2,38
210000047,39,1,38
210000048,44,1,43
210000049,4,0,4
210000052,0,0,0
210000053,0,0,0
210000054,0,0,0
210000070,13,0,13
210000071,53,0,53
210000072,15,0,15
210000073,0,0,0
210000074,0,0,0
210000075,0,0,0
210000076,0,0,0
210000077,0,0,0
210000078,0,0,0
210000079,2,7,-5
210000080,81,21,60
210000081,53,2,51
210000082,6,0,6
210000083,26,0,26
210000084,109,1,108
210000085,0,0,0
210000086,0,0,0
210000099,0,0,0
210000100,0,0,0
210000101,0,0,0
210000105,0,0,0
210000159,0,0,0
210000163,1,0,1
210000164,105,28,77
210000168,16,1,15
210000187,0,0,0
210000188,0,0,0
210000214,35,0,35
210000219,18,2,16
210000220,8,6,2
210000232,0,0,0
210000233,0,0,0
210000234,0,0,0
210000235,0,0,0
210000245,0,0,0
210000246,27,0,27
210000258,0,0,0
210000259,128,1,127
210000282,0,0,0
210000285,0,0,0
210000286,0,0,0
210000290,0,1,-1
210000295,0,0,0
210000296,0,0,0
210000320,69,1,68
210000321,2,0,2
210000338,0,0,0
210000339,0,0,0
210000340,0,0,0
210000341,0,0,0
210000342,0,0,0
210000343,0,0,0
210000344,0,0,0
210000345,0,0,0
210000346,0,0,0
210000347,0,0,0
210000348,0,0,0
210000349,0,0,0
210000350,0,0,0
210000351,0,0,0
210000352,12,1,11
210000353,80,6,74
210000354,44,26,18
210000355,14,5,9
210000356,0,11,-11
210000357,11,16,-5
210000358,11,7,4
210000359,53,7,46
210000360,131,28,103
210000361,60,65,-5
210000362,60,15,45
210000363,255,99,156
210000364,55,57,-2
210000365,72,7,65
210000366,105,1,104
210000367,72,2,70
210000368,93,13,80
210000369,17,4,13
210000370,14,1,13
210000372,0,4,-4
210000373,0,4,-4
210000374,72,1,71
210000375,29,4,25
210000376,94,13,81
210000404,0,0,0
210000439,43,0,43
210000472,15,0,15
210000482,21,2,19
210000564,247,37,210
210000567,0,0,0
210000568,19,0,19
211000092,0,0,0
211000094,0,0,0
211000169,0,0,0
211000172,0,0,0
211000209,0,0,0
211000226,5,1,4
211000270,0,0,0
211000275,0,0,0
211000276,0,0,0
211000279,0,0,0
211000281,0,0,0
211000302,0,0,0
211507980,0,0,0
211977296,0,0,0
212000003,30,5,25
212000004,0,0,0
212000005,0,0,0
212000006,0,0,0
212000008,0,0,0
212000009,0,0,0
212000012,0,0,0
212000013,0,0,0
212000014,0,0,0
212000015,0,0,0
212000016,0,0,0
212000027,453,48,405
212000028,262,119,143
212000029,120,102,18
212000030,23,27,-4
212000031,16,4,12
212000048,0,0,0
212000049,0,0,0
212000050,0,0,0
212000051,0,0,0
212000052,0,0,0
212000053,0,0,0
212000054,173,9,164
212000055,231,46,185
212000056,2,25,-23
212000057,1,22,-21
212000058,8,2,6
212000070,0,0,0
212000077,0,0,0
212000099,154,22,132
212000108,189,31,158
212000111,94,11,83
212000120,0,0,0
212000138,0,0,0
212000156,0,0,0
212000158,1,46,-45
212000159,464,32,432
212000160,427,40,387
212000161,7,18,-11
212000310,0,0,0
212000311,17,36,-19
212000374,0,0,0
213000001,0,0,0
213000005,182,26,156
213000006,191,44,147
213000007,13,1,12
213000009,289,57,232
213000010,211,28,183
213000011,157,6,151
213000012,0,0,0
213000014,31,18,13
213000015,123,0,123
213000016,114,0,114
213000017,20,0,20
213000018,0,0,0
213000019,0,0,0
213000020,0,0,0
213000021,0,0,0
213000023,1178,18,1160
213000033,0,0,0
213000034,269,17,252
213000035,203,35,168
213000045,0,0,0
213000046,0,0,0
213000047,0,0,0
213000056,176,3,173
213000069,7,0,7
213000073,0,0,0
213000074,0,0,0
213000075,415,16,399
213000076,0,0,0
213000085,0,0,0
213000086,0,0,0
213000091,189,1,188
213000092,26,0,26
213000099,0,0,0
213000100,358,122,236
213000101,405,8,397
213000102,447,3,444
213000103,375,10,365
213000104,0,0,0
213000105,0,0,0
213000106,0,0,0
213000107,0,0,0
213000108,0,0,0
213000109,0,0,0
213000110,0,0,0
213000111,0,0,0
213000112,0,0,0
213000115,51,0,51
213000116,0,0,0
213000117,0,0,0
213000118,138,207,-69
213000119,0,0,0
213000120,0,0,0
213000122,0,0,0
213000123,0,0,0
213000124,0,0,0
213000125,123,84,39
213000126,0,0,0
213000127,0,0,0
213000128,0,0,0
213000129,228,90,138
213000130,449,93,356
213000132,267,70,197
213000133,505,90,415
213000134,393,1,392
213000136,189,0,189
213000137,422,4,418
213000139,98,1,97
213000147,7,0,7
213000148,10,0,10
213000149,2,0,2
213000150,0,0,0
213000151,0,0,0
213000152,0,0,0
213000153,0,0,0
213000154,0,0,0
213000155,0,0,0
213000156,0,0,0
213000157,0,0,0
213000158,0,0,0
213000159,398,44,354
213000163,276,117,159
213000165,501,58,443
213000171,0,0,0
213000172,0,0,0
213000173,0,0,0
213000174,0,0,0
213000175,0,0,0
213000176,276,2,274
213000177,111,4,107
213000178,229,1,228
213000179,119,1,118
213000180,184,1,183
213000184,0,0,0
213000188,108,11,97
213000189,193,3,190
213000190,148,2,146
213000191,216,0,216
213000192,71,0,71
213000193,0,0,0
213000194,0,0,0
213000195,0,0,0
213000196,0,0,0
213000197,450,37,413
213000198,11,0,11
213000200,0,0,0
213000201,0,0,0
213000202,0,0,0
213000203,872,137,735
213000204,570,12,558
213000205,264,14,250
213000206,539,18,521
213000207,2,1,1
213000208,1,0,1
213000209,2,0,2
213000210,61,0,61
213000211,0,0,0
213000212,0,0,0
213000213,0,0,0
213000218,52,167,-115
213000219,293,12,281
213000220,153,22,131
213000223,20,46,-26
213000224,2,5,-3
213000225,31,4,27
213000226,13,0,13
213000227,503,16,487
213000228,271,2,269
213000229,8,0,8
213000230,159,2,157
213000232,0,0,0
213000233,0,0,0
213000234,0,0,0
213000293,0,0,0
213000294,27,0,27
213000295,0,0,0
213000296,12,3,9
213000297,0,0,0
213000298,0,0,0
213000299,11,1,10
213000300,0,4,-4
213000303,0,0,0
213000304,0,0,0
213000305,0,27,-27
213000306,0,0,0
213000307,3,16,-13
213000308,0,0,0
213000309,99,12,87
213000310,90,12,78
213000311,0,0,0
213000315,0,0,0
213000316,51,9,42
213000322,0,0,0
213000323,0,0,0
213000324,0,0,0
213000325,0,0,0
213000326,0,0,0
213000327,0,0,0
213000328,0,0,0
213000329,0,0,0
213000340,0,0,0
213000341,224,27,197
213000346,5,35,-30
213000347,171,32,139
213000348,0,0,0
213000349,0,0,0
213000350,0,0,0
213000366,0,0,0
213000367,88,7,81
213000379,0,0,0
213000386,0,0,0
213000406,0,0,0
213000417,499,119,380
213000425,0,0,0
213000426,0,0,0
213000427,0,0,0
213000428,0,0,0
213000429,0,0,0
213000430,0,0,0
213000431,0,0,0
213000432,0,0,0
213000433,0,0,0
213000434,0,0,0
213000435,0,0,0
213000436,0,0,0
213000437,0,0,0
213000438,0,0,0
213000439,0,0,0
213000440,0,0,0
213000441,0,0,0
213000442,0,0,0
213000443,0,0,0
213000444,0,0,0
213000445,0,0,0
213000446,0,0,0
213000447,0,0,0
213000448,0,0,0
213000449,0,0,0
213000450,0,0,0
213000451,0,0,0
213000452,0,0,0
213000453,0,0,0
213000455,45,0,45
213000456,0,0,0
213000481,7,1,6
213000482,1,0,1
213000489,36,3,33
213000491,0,0,0
213000492,53,0,53
213000493,0,0,0
213000494,163,10,153
213000495,0,0,0
213000496,479,108,371
213000497,0,0,0
213000498,0,0,0
213000499,0,0,0
213000500,259,2,257
213000501,24,7,17
213000502,37,2,35
213000503,0,0,0
213000504,0,0,0
213000505,60,0,60
213000506,0,0,0
213000507,0,0,0
213900244,46,0,46
213900245,0,0,0
218000003,0,0,0
218000004,0,0,0
218000005,0,18,-18
218000006,0,0,0
218000007,0,0,0
218000012,0,0,0
218000013,20,29,-9
218000014,59,56,3
218000019,0,0,0
218000020,0,0,0
218000021,0,0,0
218000022,0,0,0
218000023,0,0,0
218000024,0,0,0
218000025,0,0,0
218000026,0,0,0
218000027,0,0,0
218000028,0,0,0
218000029,0,0,0
218000030,0,0,0
218000031,0,0,0
218000032,0,0,0
218000040,3,0,3
218000046,2,6,-4
218000047,1,8,-7
218000048,9,17,-8
218000049,1,14,-13
218000050,25,36,-11
218000051,2,54,-52
218000052,0,16,-16
218000053,1,1,0
218000054,0,37,-37
218000055,2,2,0
218000056,0,32,-32
218000057,0,12,-12
218000064,0,1,-1
218000065,88,4,84
218000066,9,8,1
218000067,0,0,0
218000068,0,0,0
218000069,0,0,0
218000070,0,0,0
218000071,0,0,0
218000072,0,0,0
218000078,0,0,0
218000079,0,0,0
218000080,0,0,0
218000081,0,0,0
218000082,0,0,0
218000083,0,0,0
218000084,0,0,0
218000085,0,0,0
218000086,0,0,0
218000087,0,0,0
218000090,0,0,0
218000091,141,49,92
218000092,0,0,0
218000093,28,0,28
218000094,0,0,0
218000099,38,52,-14
218000100,12,13,-1
218000101,6,4,2
218000102,124,27,97
218000103,37,1,36
218000104,25,3,22
218000105,0,0,0
218000106,0,0,0
218000107,0,0,0
218000108,0,0,0
218000112,0,0,0
218000117,33,26,7
218000134,0,0,0
218000135,0,0,0
218000136,0,0,0
218000137,0,0,0
218000138,0,0,0
218000139,0,0,0
218000140,0,0,0
218000141,0,0,0
218000142,0,0,0
218000143,0,0,0
218000144,0,0,0
218000145,0,0,0
218000146,0,0,0
218000151,2,7,-5
218000152,40,6,34
218000153,0,0,0
218000154,0,0,0
218000155,0,0,0
218000156,0,0,0
218000157,0,0,0
218000158,0,0,0
218000159,0,0,0
218000160,0,0,0
218000161,0,0,0
218000162,0,0,0
218000163,0,0,0
218000164,0,0,0
218000165,0,0,0
218000170,0,8,-8
218000171,46,7,39
218000172,22,8,14
218000173,1,24,-23
218000174,16,6,10
218000176,161,14,147
218000177,326,27,299
218000178,120,15,105
218000179,321,29,292
218000180,12,2,10
218000181,104,7,97
218000187,0,0,0
218000188,0,0,0
218000189,0,0,0
218000190,0,0,0
218000191,0,0,0
218000192,0,0,0
218000193,0,0,0
218000194,0,0,0
218000195,0,0,0
218000196,0,0,0
218000197,0,0,0
218000198,0,2,-2
218000199,0,0,0
218000200,1,0,1
218000201,0,0,0
218000202,0,0,0
218000207,0,0,0
218000208,0,0,0
218000211,0,0,0
218000212,0,0,0
218000213,23,20,3
218000214,2,5,-3
218000215,6,6,0
218000217,0,3,-3
218000218,24,123,-99
218000219,3,26,-23
218000220,52,67,-15
218000221,159,108,51
218000222,1,13,-12
218000223,29,110,-81
218000224,0,80,-80
218000225,127,50,77
218000226,105,31,74
218000230,0,0,0
218000232,0,0,0
218000239,5,0,5
218000240,0,0,0
218000241,0,0,0
218000242,0,0,0
218000243,4,1,3
218000244,1,0,1
218000245,0,0,0
218000246,0,0,0
218000247,0,0,0
218000248,0,0,0
218000249,0,0,0
218000250,0,0,0
218000251,0,0,0
218000252,0,0,0
218000253,0,0,0
218000254,0,0,0
218000255,0,0,0
218000256,0,0,0
218000267,0,0,0
218000268,0,0,0
218000269,0,0,0
218000270,0,0,0
218000271,0,0,0
218000273,40,28,12
218000274,35,6,29
218000275,0,0,0
218000276,0,0,0
218000278,0,0,0
218000279,0,0,0
218000280,0,0,0
218000281,0,0,0
218000282,28,19,9
218000284,98,41,57
218000301,0,0,0
218000302,0,0,0
218000303,0,0,0
218000316,24,33,-9
218000317,1,2,-1
218000318,0,1,-1
218000319,0,0,0
218000320,0,0,0
218000338,0,2,-2
218000345,0,0,0
218000346,42,26,16
218000459,22,22,0
218000490,0,0,0
218000501,7,1,6
218000502,0,0,0
218000503,9,0,9
218000504,15,2,13
218000505,0,0,0
218000506,0,0,0
218000508,0,0,0
218000510,51,2,49
218000520,0,0,0
218000521,0,0,0
218000522,0,0,0
218000523,17,0,17
218000524,0,0,0
218000525,39,0,39
218000526,0,0,0
218000529,0,0,0
218000530,0,0,0
218000531,18,1,17
218000532,0,0,0
218000534,4,1,3
218000537,1,22,-21
218000538,0,0,0
218000540,0,0,0
218000543,0,0,0
218000544,0,0,0
218000545,0,0,0
218000546,0,0,0
218000547,0,0,0
218000548,0,0,0
218000549,153,0,153
218000550,0,0,0
218000551,0,0,0
218000552,83,0,83
218000553,0,0,0
218000554,0,0,0
218000555,1,2,-1
218000556,0,0,0
218000557,12,23,-11
218000558,46,3,43
218000559,0,0,0
218000560,0,0,0
218000561,0,0,0
218000562,0,0,0
218000563,101,0,101
218000564,0,0,0
218000565,16,0,16
218000566,3,1,2
218000567,0,0,0
218000568,0,0,0
218000569,0,0,0
218000570,1,0,1
218000571,0,0,0
218000572,2,0,2
218000573,0,0,0
218000574,1,0,1
218000575,33,0,33
218000576,0,0,0
218000577,13,2,11
218000578,0,0,0
218000579,0,0,0
218000581,0,0,0
218000582,0,0,0
218000583,0,0,0
218000584,0,0,0
218000585,0,0,0
218000586,0,0,0
218000587,0,0,0
218000588,0,0,0
218000589,0,0,0
218000590,0,0,0
218000591,0,0,0
218000592,0,0,0
218000593,0,0,0
218000594,0,0,0
218000596,0,0,0
218000597,0,0,0
218000598,0,0,0
218000599,0,0,0
218000600,0,0,0
218000601,0,0,0
218000602,0,0,0
218000603,0,0,0
218000604,0,1,-1
218000605,0,0,0
218000606,9,0,9
218000607,0,0,0
218000608,0,0,0
218000609,0,0,0
218000610,0,0,0
218000611,0,0,0
218000612,0,0,0
218000613,0,0,0
218000614,0,0,0
218000615,0,0,0
218000616,0,0,0
218000617,0,0,0
218000618,0,0,0
218000619,0,1,-1
218000620,1,1,0
218000621,0,0,0
218000622,0,0,0
218000623,0,0,0
218000624,0,4,-4
218000625,0,0,0
218000626,0,2,-2
218000628,44,21,23
218000631,0,0,0
218000632,0,0,0
218000633,2,1,1
218000634,0,0,0
218000635,0,1,-1
218000636,0,0,0
218000637,0,0,0
218000638,136,34,102
218000639,0,0,0
218000640,114,13,101
218000641,0,0,0
218000652,30,10,20
218000653,197,32,165
218000663,0,0,0
218000675,1,2,-1
218000676,0,0,0
218000677,0,0,0
218000680,0,0,0
218000681,55,4,51
218000691,0,0,0
218000693,125,8,117
218000703,0,0,0
218000718,0,0,0
218000719,2,21,-19
218000720,0,0,0
218000721,0,0,0
218000725,0,0,0
218001147,0,0,0
218001214,0,0,0
218001258,81,0,81
218001329,25,10,15
218001330,0,0,0
218001351,0,9,-9
218001352,0,0,0
218001353,0,5,-5
218001354,0,0,0
218001355,0,0,0
218001356,39,11,28
218001357,0,0,0
218001358,13,0,13
218001361,114,11,103
218001362,0,0,0
219000001,0,0,0
219000002,0,0,0
219000003,41,5,36
219000004,30,64,-34
219000017,0,0,0
219000020,96,1,95
219000022,76,0,76
219000023,48,0,48
219000029,0,0,0
219000034,14,27,-13
219000039,0,0,0
219000040,0,0,0
219000041,0,0,0
219000051,0,0,0
219000052,0,0,0
219000053,0,0,0
219000054,0,0,0
219000055,0,0,0
219000056,0,0,0
219000057,0,0,0
219000062,0,0,0
219000063,0,0,0
219000064,0,0,0
219000110,53,11,42
219000111,40,22,18
219000112,69,0,69
219000113,91,2,89
219000114,74,1,73
219000116,0,0,0
219000117,0,0,0
219000118,13,2,11
219000123,81,0,81
219000124,3,0,3
219000125,0,0,0
219000126,0,0,0
219000127,0,0,0
219000128,0,0,0
219000129,0,0,0
219000130,0,0,0
219000131,189,111,78
219000133,0,5,-5
219000134,2,3,-1
219000135,11,1,10
219000136,25,20,5
219000138,9,0,9
219000139,0,0,0
219000140,2,0,2
219000141,0,0,0
219000142,0,0,0
219000143,0,0,0
219000145,7,1,6
219000146,0,0,0
219000147,0,0,0
219000148,0,0,0
219000149,0,0,0
219000150,0,0,0
219000151,0,0,0
219000157,17,6,11
219000158,0,7,-7
219000161,0,0,0
219000163,14,5,9
219000166,5,36,-31
219000167,0,0,0
219000168,48,16,32
219000174,58,3,55
219000175,0,0,0
219000176,0,0,0
219000177,0,0,0
219000178,0,0,0
219000179,0,0,0
219000180,0,0,0
219000182,42,0,42
219000183,16,0,16
219000184,35,0,35
219000185,0,0,0
219000186,18,0,18
219000187,3,0,3
219000189,0,0,0
219000190,0,0,0
219000191,0,0,0
219000192,11,10,1
219000193,0,0,0
219000195,0,0,0
219000196,0,0,0
219000198,0,0,0
219000199,0,0,0
219000200,0,0,0
219000201,0,0,0
219000203,0,0,0
219000204,0,0,0
219000205,0,0,0
219000207,0,0,0
219000209,0,0,0
219000210,0,0,0
219000213,0,0,0
219000239,0,0,0
219000240,0,0,0
219000241,0,0,0
219000242,0,0,0
219000243,0,0,0
219000244,0,0,0
219000245,0,0,0
219000246,9,25,-16
219000247,47,5,42
219000248,100,36,64
219000249,40,11,29
219000250,11,25,-14
219000251,53,67,-14
219000252,151,95,56
219000253,86,4,82
219000255,3,12,-9
219000256,11,7,4
219000257,37,0,37
219000262,0,0,0
219000263,0,0,0
219000267,0,0,0
219000268,0,0,0
219000269,0,0,0
219000270,0,0,0
219000271,0,0,0
219000278,0,0,0
219000279,0,0,0
219000283,0,0,0
219000295,0,0,0
219000296,0,0,0
219000297,0,0,0
219000298,0,0,0
219000299,128,0,128
219000300,0,0,0
219000301,0,0,0
219000302,0,0,0
219000307,0,0,0
219000308,0,0,0
219000311,68,9,59
219000312,128,10,118
219000313,113,5,108
219000314,0,0,0
219000315,189,1,188
219000316,140,12,128
219000317,20,3,17
219000320,0,0,0
219000321,0,0,0
219000323,0,0,0
219000325,0,0,0
219000326,0,0,0
219000327,0,0,0
219000328,0,0,0
219000329,0,0,0
219000330,0,0,0
219000331,0,0,0
219000332,3,6,-3
219000333,0,0,0
219000335,0,0,0
219000337,5,0,5
219000338,5,0,5
219000344,0,0,0
219000345,0,0,0
219000346,0,0,0
219000348,0,0,0
219000349,0,0,0
219000350,0,0,0
219000351,0,0,0
219000352,2,4,-2
219000353,6,5,1
219000354,28,3,25
219000355,21,18,3
219000356,17,26,-9
219000363,66,5,61
219000364,79,4,75
219000365,33,0,33
219000366,73,0,73
219000368,59,14,45
219000370,33,36,-3
219000371,0,0,0
219000382,0,0,0
219000383,0,0,0
219000385,0,0,0
219000386,0,0,0
219000387,0,0,0
219000390,0,0,0
219000391,0,0,0
219000397,0,0,0
219000398,0,0,0
219000401,0,0,0
219000402,0,0,0
219000403,0,0,0
219000404,0,0,0
219000407,0,0,0
219000409,21,10,11
219000410,53,3,50
219000411,17,1,16
219000446,0,0,0
219000447,0,0,0
219000448,17,0,17
219000452,0,0,0
219000453,0,0,0
219000454,42,60,-18
219000556,18,4,14
219000558,0,0,0
219000590,0,0,0
219000591,25,3,22
219000592,0,0,0
219000595,0,0,0
219000635,66,3,63
219000636,0,0,0
219000657,0,0,0
219000658,0,0,0
219000673,0,0,0
219000676,1,0,1
219000679,2,0,2
219000684,0,0,0
219000685,0,0,0
219000686,0,0,0
219000688,0,0,0
219000689,0,0,0
219000690,196,2,194
219000691,0,0,0
219000692,41,1,40
219000693,0,0,0
219000694,0,0,0
219000695,0,0,0
219000698,18,0,18
219000699,0,0,0
219000727,0,0,0
219000728,0,0,0
219000770,1,0,1
219000771,0,0,0
219000788,0,0,0
219001150,0,0,0
219001151,0,0,0
219001166,19,0,19
219001167,0,0,0
219001178,80,0,80
220000001,0,5,-5
220000002,0,0,0
220000003,0,0,0
220000004,0,0,0
220000005,0,0,0
220000006,0,0,0
220000007,0,0,0
220000008,0,0,0
220000009,0,0,0
220000010,0,0,0
220000011,3,0,3
220000012,0,0,0
220000014,0,0,0
220000015,0,0,0
220000017,0,0,0
220000018,0,0,0
220000019,0,0,0
220000020,5,3,2
220000021,0,0,0
220000022,0,0,0
220000023,0,0,0
220000024,0,0,0
220000025,0,4,-4
220000026,1,7,-6
220000027,1,1,0
220000028,3,9,-6
220000029,0,0,0
220000030,0,0,0
220000031,15,6,9
220000064,0,0,0
221000046,1,0,1
221000047,0,0,0
221000048,0,0,0
221000049,0,0,0
221000050,43,0,43
221000055,28,0,28
221000057,117,3,114
221000068,265,18,247
221000069,203,16,187
221000070,111,3,108
221000071,89,1,88
221000072,209,1,208
221000073,70,5,65
221000074,0,0,0
221000075,0,0,0
221000076,0,0,0
221000077,0,0,0
221000081,12,0,12
221000082,34,0,34
221000083,19,20,-1
221000084,10,0,10
221000085,0,0,0
221000086,0,0,0
221000087,0,0,0
221000088,0,0,0
221000089,0,0,0
221000090,0,0,0
221000098,75,4,71
221000099,118,0,118
221000100,104,1,103
221000101,119,1,118
221000102,45,1,44
221000109,0,0,0
221000110,0,0,0
221000111,0,0,0
221000112,0,0,0
221000113,0,0,0
221000114,0,0,0
221000120,0,0,0
221000121,0,22,-22
221000122,1,1,0
221000123,0,0,0
221000124,0,0,0
221000155,22,9,13
221000156,0,0,0
221000175,0,1,-1
221000176,0,0,0
221000182,7,1,6
221000241,579,40,539
221000242,0,0,0
221000243,295,18,277
221000244,0,0,0
221000245,167,14,153
221000246,0,0,0
221000247,180,6,174
221000248,0,0,0
221000267,0,0,0
221000325,0,0,0
221000331,0,0,0
221000338,0,4,-4
221000378,75,4,71
221000381,0,0,0
222000282,0,0,0
222000296,0,0,0
222000568,113,1,112
222000569,65,6,59
222000570,53,1,52
222000571,228,11,217
222000577,0,0,0
222000578,0,0,0
222000579,0,0,0
222000580,0,0,0
222000599,0,0,0
222000600,0,0,0
222000601,0,0,0
222000603,0,0,0
222000604,0,0,0
222000605,0,0,0
222000606,0,0,0
222000607,0,0,0
222000608,0,0,0
222000609,0,0,0
222000616,60,1,59
222000617,0,6,-6
222000618,0,0,0
222000620,0,0,0
222000621,31,0,31
222000623,220,3,217
222000624,149,2,147
222000625,240,1,239
222000636,3,1,2
222000686,16,0,16
222000687,1,1,0
222001066,178,0,178
222001067,56,0,56
222001068,46,1,45
222001069,1,0,1
222001082,0,0,0
222001083,0,0,0
222001084,0,0,0
222001085,0,0,0
222001111,0,0,0
222001112,46,8,38
222001313,0,0,0
222001314,0,0,0
222001464,14,3,11
222001465,0,0,0
222001484,12,2,10
222001485,0,0,0
222001494,80,6,74
222001495,0,0,0
222001496,129,2,127
222001497,0,0,0
222001502,0,0,0
222001503,39,3,36
222001504,0,0,0
222001505,104,0,104
222001506,0,0,0
222001507,113,1,112
222001510,167,3,164
222001511,0,0,0
222001514,209,15,194
222001515,0,0,0
222001518,66,19,47
222001519,0,0,0
222001527,21,3,18
222001528,0,0,0
222001529,155,10,145
222001530,0,0,0
222001533,0,0,0
222001534,316,5,311
222001535,5,19,-14
222001536,0,0,0
222001537,26,4,22
222001538,0,0,0
222001563,339,4,335
222001564,0,0,0
222001568,7,0,7
222001576,0,0,0
222001579,0,0,0
222001583,0,0,0
222001584,14,0,14
222001596,0,0,0
222001597,187,26,161
222001626,0,0,0
222001650,0,7,-7
222001651,0,0,0
222001914,47,1,46
222001915,0,0,0
222001968,50,13,37
222001969,0,0,0
222001970,3,0,3
222001971,1,0,1
222001972,0,0,0
225000001,111,36,75
225000002,163,29,134
225000003,151,1,150
225000004,98,26,72
225000005,45,19,26
225000006,0,0,0
225000007,0,0,0
225000010,2,1,1
225000011,103,204,-101
225000012,88,146,-58
225000013,77,34,43
225000014,85,14,71
225000015,0,0,0
225000021,200,30,170
225000027,0,0,0
225000032,214,44,170
225000042,0,0,0
225000049,0,0,0
225000050,14,0,14
225000053,0,0,0
225000058,229,68,161
225000067,0,0,0
225000068,0,0,0
225000069,0,0,0
225000070,0,0,0
225000071,0,0,0
225000075,0,0,0
225000076,0,0,0
225000078,0,21,-21
225000085,5,2,3
225000086,10,1,9
225000087,53,1,52
225000088,0,0,0
225000089,0,0,0
225000090,0,0,0
225000091,0,0,0
225000092,0,0,0
225000093,0,0,0
225000094,0,0,0
225000095,0,0,0
225000096,0,0,0
225000098,208,37,171
225000099,177,31,146
225000100,61,35,26
225000104,0,0,0
225000110,0,0,0
225000111,0,0,0
225000112,0,0,0
225000113,0,0,0
225000114,0,0,0
225000115,0,0,0
225000116,150,41,109
225000117,245,152,93
225000118,236,49,187
225000119,26,3,23
225000120,160,5,155
225000121,147,3,144
225000123,717,8,709
225000125,189,27,162
225000126,222,66,156
225000127,444,134,310
225000128,281,122,159
225000132,0,0,0
225000133,0,0,0
225000134,88,63,25
225000135,23,0,23
225000136,19,1,18
225000137,8,0,8
225000138,113,0,113
225000143,0,0,0
225000144,0,0,0
225000145,61,2,59
225000146,0,0,0
225000147,0,0,0
225000148,0,0,0
225000149,0,0,0
225000151,0,0,0
225000155,0,0,0
225000156,0,0,0
225000157,0,0,0
225000158,0,0,0
225000171,0,0,0
225000180,11,0,11
225000181,0,0,0
225000182,40,1,39
225000185,0,0,0
225000187,0,0,0
225000191,3,0,3
225000194,0,0,0
225000208,0,0,0
225000209,76,4,72
225000210,0,0,0
225000217,0,0,0
225000218,30,0,30
225000223,0,0,0
225000224,2,0,2
225000225,0,0,0
225000226,312,14,298
225000227,0,0,0
225000228,0,0,0
225000229,0,0,0
225000230,1,0,1
225000231,0,0,0
225000232,67,0,67
225000241,128,0,128
225000242,0,0,0
225000249,24,0,24
225000250,0,0,0
225000251,0,0,0
226000042,0,0,0
226000043,0,0,0
226000044,0,0,0
226000045,0,0,0
226000046,167,8,159
226000047,73,17,56
226000048,106,0,106
226000049,97,73,24
226000070,0,0,0
226000071,0,0,0
226000072,0,0,0
226000073,0,0,0
226000074,0,0,0
226000084,0,0,0
226000085,0,0,0
226000086,0,0,0
226000087,0,0,0
226000088,0,0,0
226000090,0,1,-1
226000091,0,0,0
226000092,0,0,0
226000093,0,0,0
226000094,0,3,-3
226000095,1,65,-64
226000105,2,0,2
226000106,4,0,4
226000107,0,0,0
226000108,3,0,3
226000109,3,0,3
226000124,38,9,29
226000134,50,69,-19
226000135,125,33,92
226000136,29,36,-7
226000137,0,0,0
226000138,0,0,0
226000139,0,0,0
226000156,102,0,102
226000157,120,5,115
226000163,0,0,0
226000202,0,0,0
226000231,222,0,222
226000232,0,1,-1
227000033,58,5,53
227000036,125,0,125
227000037,94,0,94
227000038,23,0,23
227000049,0,0,0
227000050,0,0,0
227000055,8,0,8
227000056,0,0,0
227000084,0,0,0
227000085,0,0,0
227000088,12,0,12
227000089,5,0,5
227000090,1,0,1
227000091,1,0,1
227000093,3,0,3
227000094,0,0,0
227000130,0,0,0
227000131,0,0,0
227000132,0,0,0
227000133,0,0,0
227000134,0,0,0
227000152,0,0,0
227000153,0,0,0
227000155,0,0,0
227000156,0,0,0
227000165,0,0,0
227000196,49,1,48
227000199,116,3,113
227000230,0,0,0
227000232,66,7,59
227000242,0,0,0
227000243,160,4,156
227000245,0,0,0
227000246,0,0,0
227000247,170,0,170
227000248,2,17,-15
227000249,0,0,0
227000250,25,28,-3
227000251,0,0,0
227000252,0,0,0
227000253,84,1,83
227000262,281,0,281
227000266,137,0,137
227000267,0,0,0
227000282,0,0,0
227000284,147,14,133
227000286,0,0,0
227000287,0,0,0
227000291,0,0,0
227000484,138,3,135
227000485,0,0,0
227000655,39,0,39
227000656,95,4,91
227000657,8,2,6
227000661,76,4,72
227000680,0,0,0
229000265,9,0,9
229000296,0,0,0
229000297,0,0,0
229000298,0,0,0
229000320,0,0,0
229000321,0,0,0
229000412,0,0,0
229000414,0,1,-1
229000415,0,0,0
229000416,0,0,0
229000417,0,0,0
229000419,3,0,3
229000440,85,4,81
229000442,1,0,1
229000443,1,0,1
229000444,0,0,0
229000445,8,0,8
229000446,21,1,20
229000491,0,0,0
229000492,0,0,0
229000493,0,0,0
229000494,0,0,0
229000495,0,0,0
229000496,0,0,0
229000507,0,0,0
229000508,0,0,0
229000509,0,0,0
229000510,0,0,0
229000511,0,0,0
229000512,0,0,0
229000513,0,0,0
229000514,0,0,0
229000517,0,0,0
229000518,0,0,0
229000519,0,0,0
229000520,0,0,0
229000521,0,0,0
229000522,0,0,0
229000523,0,0,0
229000524,0,0,0
229000527,0,0,0
229000528,0,0,0
229000529,0,0,0
229000530,0,0,0
229000531,0,0,0
229000532,0,0,0
229000533,0,0,0
229000534,0,0,0
229000564,0,0,0
229000565,0,0,0
229000566,0,0,0
229000567,0,0,0
229000582,0,0,0
229000583,0,0,0
229000584,0,0,0
229000585,0,0,0
229000718,0,0,0
229000719,0,0,0
229000720,0,0,0
229000721,0,0,0
229000722,0,0,0
229000723,0,0,0
229000724,0,0,0
229000725,0,0,0
229000738,0,0,0
229000739,0,0,0
229000740,0,0,0
229000741,0,0,0
229000742,0,0,0
229000743,0,0,0
229000744,0,0,0
229000745,0,0,0
229000746,0,0,0
229000847,0,0,0
229000848,0,0,0
229000849,0,0,0
229000851,0,0,0
229000854,0,0,0
229000856,0,0,0
229000857,0,0,0
229000858,0,0,0
229000919,0,0,0
229000930,0,0,0
229000937,112,1,111
229000966,16,3,13
229000981,0,0,0
229000985,0,0,0
229000986,0,0,0
229000987,0,0,0
229000988,0,0,0
229000989,3,0,3
229000990,0,0,0
229000991,0,0,0
229000992,12,0,12
229000993,10,0,10
229000998,0,0,0
229000999,3,0,3
229001034,0,0,0
229001035,0,0,0
229001037,13,0,13
229001042,2,0,2
229001047,0,0,0
229001050,23,0,23
229001168,0,0,0
229001200,0,0,0
229001338,0,0,0
229001394,209,0,209
229001422,63,6,57
229001423,0,0,0
229001431,71,4,67
229001432,0,0,0
229001444,87,0,87
229001445,0,1,-1
229001479,0,0,0
229001503,67,16,51
229001504,0,0,0
229001505,130,6,124
229001506,0,0,0
229001509,1,0,1
229001545,38,0,38
229001546,0,0,0
229001553,24,1,23
229001554,0,0,0
229001559,0,0,0
229001560,0,1,-1
229001630,1,0,1
229001631,0,0,0
229001635,0,0,0
229001636,0,0,0
229001658,0,0,0
229001659,38,1,37
229001660,0,0,0
229001661,0,15,-15
229001662,20,0,20
229001663,0,0,0
229002584,15,4,11
229002831,0,3,-3
229002841,0,2,-2
229002842,8,2,6
229002843,3,1,2
229002844,0,0,0
229002845,0,5,-5
229002846,2,0,2
229002847,0,0,0
229002848,1,0,1
229002849,0,9,-9
229002850,23,0,23
229002851,0,14,-14
229002852,3,0,3
229002853,6,0,6
229002854,0,1,-1
229002855,0,0,0
229002856,1,0,1
229002857,0,0,0
229002858,0,0,0
229002859,0,0,0
229002860,4,2,2
229002861,3,8,-5
229002862,0,1,-1
229002863,0,1,-1
229002864,5,1,4
229002865,0,0,0
229002866,24,13,11
229002867,0,0,0
229002868,9,0,9
229002869,0,4,-4
229002870,2,0,2
235000066,211,2,209
235000067,137,4,133
235000072,0,0,0
235000073,0,0,0
235000074,0,0,0
235000080,0,0,0
235000081,0,0,0
235000082,178,4,174
235000083,94,6,88
235000084,16,4,12
235000085,177,2,175
235000089,27,1,26
235000092,0,0,0
235000093,0,0,0
235000097,1,0,1
235000098,89,1,88
235000099,5,2,3
235000116,16,0,16
235000117,50,0,50
235000133,0,0,0
235000134,0,0,0
235000206,0,3,-3
235000207,0,1,-1
235000208,1,6,-5
235000209,2,3,-1
235000210,1,1,0
235000212,0,0,0
235000213,0,0,0
235000220,0,0,0
235000221,0,0,0
235000238,0,176,-176
235000239,0,0,0
235000242,32,378,-346
235000245,0,0,0
235000246,0,0,0
235000284,0,0,0
235000295,14,0,14
235000305,56,30,26
235000306,71,0,71
235000307,51,0,51
235000308,0,0,0
235000309,3,0,3
235000310,0,0,0
235000311,2,0,2
235000322,0,0,0
235000323,0,0,0
235000324,0,0,0
235000325,0,0,0
235000326,0,0,0
235000351,0,0,0
235000352,0,0,0
235000353,0,0,0
235000354,0,0,0
235000355,0,0,0
235000356,13,0,13
235000357,16,0,16
235000358,7,2,5
235000359,0,0,0
235000360,2,0,2
235000361,20,0,20
235000381,0,0,0
235000382,107,1,106
235000390,13,1,12
235000391,72,3,69
235000392,184,25,159
235000393,95,21,74
235000395,77,10,67
235000396,284,10,274
235000400,3,2,1
235000401,0,0,0
235000405,0,0,0
235000406,0,0,0
235000407,0,0,0
235000409,0,0,0
235000410,0,0,0
235000411,0,0,0
235000485,0,0,0
235000486,50,0,50
235000549,42,9,33
235000550,0,0,0
235000599,0,0,0
235000600,0,0,0
235000601,5,0,5
235000602,49,5,44
235000614,0,0,0
235000648,0,0,0
235000649,32,1,31
235000685,0,0,0
235000815,0,0,0
235000834,0,0,0
235000855,48,2,46
235000862,0,0,0
235000891,0,0,0
235000892,0,0,0
235000901,0,0,0
235000907,0,0,0
235001010,53,1,52
235001029,0,0,0
235001030,266,8,258
235001078,66,8,58
235001079,0,0,0
235001147,7,2,5
235001166,4,2,2
235001167,0,0,0
235001169,0,0,0
235001188,0,0,0
235001189,4,5,-1
235001197,0,0,0
235001200,0,0,0
235001207,121,3,118
235001210,0,0,0
235001215,0,0,0
235001239,0,0,0
235001244,0,0,0
235016267,0,0,0
277101746,0,0,0
277102712,1,0,1
277103813,0,0,0
277103814,0,0,0
277103898,0,0,0
277104249,0,0,0
277104250,0,0,0
277104251,0,0,0
277104252,0,0,0
990011530,0,0,0
990014944,0,1,-1
990015176,6,0,6
990015618,0,0,0
990016032,0,0,0
990032570,0,1,-1
990070001,22,0,22
990070103,0,0,0
990070601,0,0,0
990070751,0,0,0
990070766,0,0,0
990071180,353,1,352
990071343,10,0,10
990071387,0,0,0
990071823,47,3,44
990072600,0,0,0
990072964,0,0,0
990073285,0,0,0
990074393,0,0,0
990074870,438,0,438
990075106,208,0,208
990075746,208,0,208
990076437,1325,18,1307
990076458,0,0,0
997000007,149,2,147
997000041,0,0,0
997000058,70,0,70
997000062,20,0,20
997000069,0,0,0
997000070,0,0,0
997000100,0,0,0
997000141,0,0,0
997000198,0,0,0
998000475,0,0,0
998000736,0,0,0
998000965,0,0,0
998001031,0,0,0
998001700,0,0,0
998001899,0,0,0
998001900,47,128,-81
998003073,399,77,322
998101900,5,27,-22
998102850,0,0,0
998501927,226,3,223
998501929,437,1,436
998501930,44,0,44
998501931,164,7,157
998501932,0,0,0
998501933,437,2,435
998501937,9,1,8
998501944,0,0,0
998501950,0,0,0
998501970,29,1,28
998501971,0,149,-149
998501973,0,0,0
998501974,0,0,0
998501975,91,2,89
998501976,21,7,14
998501977,0,3,-3
998501978,1,0,1
998501979,0,0,0
998501980,100,0,100
998501981,111,6,105
998501982,0,0,0
998501983,0,0,0
998502006,0,0,0
998502024,0,0,0
998502032,0,2,-2
998502062,7,0,7
998502063,0,0,0
998502173,4,0,4
998502269,0,0,0
998502546,0,0,0
998502578,0,0,0
998502599,0,0,0
998502621,0,0,0
998601159,0,0,0
998601292,0,0,0
999033574,0,0,0
999800001,19,0,19
999800002,0,0,0
999800003,4,0,4
999800004,0,0,0
999800005,0,0,0
