ID,insum,outsum,diff
100000001,536,781,-245
100000002,4136,1142,2994
100000003,5333,3254,2079
100000004,1441,1028,413
100000005,2460,4514,-2054
100000006,825,142,683
100000007,2522,872,1650
100000008,359,548,-189
100000009,813,281,532
100000010,197,60,137
100000011,1418,109,1309
100000012,177,868,-691
100000013,143,228,-85
100000014,679,316,363
100000015,2230,2654,-424
100000016,1245,1437,-192
100000017,1174,849,325
100000018,1772,630,1142
100000019,4907,2254,2653
100000020,2010,6371,-4361
100000021,5221,2439,2782
100000022,1982,1939,43
100000023,5716,1677,4039
100000025,2051,1012,1039
100000028,1858,931,927
100000029,209,270,-61
100000030,371,66,305
100000031,5561,6977,-1416
100000032,2897,3349,-452
100000033,1049,2369,-1320
100000034,668,410,258
100000035,2086,1358,728
100000036,2772,1457,1315
100000037,752,525,227
100000038,2316,1009,1307
100000039,775,219,556
100000040,220,219,1
100000041,1140,535,605
100000042,1785,514,1271
100000043,1645,592,1053
100000044,634,1033,-399
100000045,768,1273,-505
100000046,748,1005,-257
100000047,346,824,-478
100000048,692,717,-25
100000049,1938,2244,-306
100000051,579,1145,-566
100000053,283,9,274
100000054,860,45,815
100000055,1996,334,1662
100000056,719,492,227
100000057,2269,767,1502
100000058,1112,1252,-140
100000059,25,101,-76
100000060,392,420,-28
100000061,2407,546,1861
100000062,2321,633,1688
100000063,875,310,565
100000064,1592,432,1160
100000065,499,989,-490
100000066,293,756,-463
100000067,571,876,-305
100000068,614,1829,-1215
100000069,431,1610,-1179
100000072,459,1018,-559
100000073,1174,1288,-114
100000075,795,362,433
100000076,2751,2439,312
100000077,346,177,169
100000078,62,48,14
100000079,56,89,-33
100000080,47,71,-24
100000081,162,196,-34
100000102,2806,1834,972
100000103,4265,1424,2841
100000104,5223,2509,2714
100000105,3092,1469,1623
100000106,2399,2304,95
100000107,785,996,-211
100000108,860,985,-125
100000109,3645,1306,2339
100000116,1849,978,871
100000117,100,120,-20
100000118,2013,1046,967
100000119,696,763,-67
100000121,249,478,-229
100000122,900,935,-35
100000123,3121,4321,-1200
100000124,7111,6443,668
100000125,3381,1105,2276
100000126,955,340,615
100000127,1669,324,1345
100000128,2158,1519,639
100000129,437,473,-36
100000130,521,470,51
100000131,2572,2886,-314
100000132,1271,2617,-1346
100000133,5599,2737,2862
100000135,552,1084,-532
100000139,596,328,268
100000140,573,353,220
100000142,489,651,-162
100000143,1557,656,901
100000144,3622,905,2717
100000147,1186,2583,-1397
100000150,64,356,-292
100000151,1110,1002,108
100000153,284,375,-91
100000154,138,108,30
100000155,31,50,-19
100000156,509,293,216
100000157,153,90,63
100000158,342,72,270
100000159,315,475,-160
100000165,1885,775,1110
100000169,491,516,-25
100000174,1103,484,619
100000179,118,534,-416
100000180,2640,1398,1242
100000181,612,222,390
100000188,81,255,-174
100000189,1137,375,762
100000190,1182,932,250
100000191,747,523,224
100000192,48,150,-102
100000193,195,172,23
100000330,1693,881,812
100000355,348,530,-182
100000362,6137,3742,2395
100000363,3745,5364,-1619
100000364,378,229,149
100000365,5795,5701,94
100000366,7687,3210,4477
100000367,5684,5287,397
100000368,3158,1757,1401
100000369,1377,1954,-577
100000370,236,782,-546
100000376,153,128,25
100000379,2529,1406,1123
100000380,5083,3118,1965
100000384,6044,4331,1713
100000385,4929,3927,1002
100000386,8262,4894,3368
100000387,5719,5061,658
100000388,7933,6113,1820
100000389,7665,6099,1566
100000390,8844,5657,3187
100000391,6804,6637,167
100000392,4699,3539,1160
100000393,3327,3926,-599
100000394,10365,7523,2842
100000395,6302,3551,2751
100000396,10725,3499,7226
100000397,7097,5490,1607
100000398,12897,8422,4475
100000413,30,15,15
100900002,16,53,-37
100900003,327,188,139
100900004,19,538,-519
100900005,138,24,114
100900006,33,185,-152
100900007,491,10,481
100900008,1,339,-338
100900009,109,148,-39
100900010,123,171,-48
100900011,134,263,-129
100900012,3,221,-218
100900013,823,25,798
100900014,2,15,-13
100900015,130,68,62
100900016,1,46,-45
100900017,960,52,908
100900018,2,41,-39
100900019,28,137,-109
100900020,301,7,294
100900021,353,0,353
100900022,12,41,-29
100900023,0,47,-47
100900024,934,3,931
100900025,20,18,2
100900026,137,129,8
100900027,421,2249,-1828
100900028,117,185,-68
100900029,68,8,60
100900030,3,30,-27
100900031,569,60,509
100900032,213,0,213
100900033,181,166,15
100900034,462,2,460
100900035,658,3,655
100900036,25,1,24
100900037,98,209,-111
100900038,104,41,63
100900039,324,638,-314
100900040,436,694,-258
100900041,870,769,101
100900042,1245,351,894
100900043,0,19,-19
100900044,2095,527,1568
100900045,77,0,77
100900046,849,13,836
100900047,933,219,714
100900048,178,46,132
100900049,86,195,-109
100900050,8,15,-7
100900051,42,80,-38
100900052,297,50,247
100900053,308,39,269
100900054,19,92,-73
100900055,200,623,-423
100900056,132,259,-127
100900057,446,1161,-715
100900058,232,61,171
100900059,171,6,165
100900060,140,10,130
100900061,484,242,242
100900062,8,40,-32
100900063,243,661,-418
100900064,572,15,557
100900065,100,109,-9
100900066,120,170,-50
100900067,2,8,-6
100900068,206,108,98
100900069,614,12,602
100900070,405,5,400
100900071,919,247,672
100900072,3,46,-43
100900073,107,442,-335
100900074,6,8,-2
100900075,1504,358,1146
100900076,19,40,-21
100900077,18,107,-89
100900078,89,329,-240
100900079,1,23,-22
100900080,35,143,-108
100900081,41,143,-102
100900082,110,689,-579
100900083,21,25,-4
100900085,18,92,-74
100900086,166,739,-573
100900088,130,527,-397
100900089,5,33,-28
100900090,133,340,-207
100900091,1,15,-14
100900092,302,223,79
100900093,217,386,-169
100900094,128,507,-379
100900095,3,35,-32
100900096,24,108,-84
100900097,2,11,-9
100900098,32,30,2
100900099,39,568,-529
100900100,16,535,-519
100900101,360,61,299
100900102,95,106,-11
100900103,22,36,-14
100900104,6,163,-157
100900105,14,394,-380
100900106,71,8,63
100900107,1590,737,853
100900108,10,48,-38
100900109,40,30,10
100900110,15,46,-31
100900111,51,176,-125
100900112,2,11,-9
100900113,21,40,-19
100900114,15,23,-8
100900115,1,61,-60
100900116,752,706,46
100900117,314,745,-431
100900118,9,78,-69
100900119,38,27,11
100900120,5,10,-5
100900121,267,559,-292
100900122,170,158,12
100900123,76,185,-109
100900124,9,11,-2
100900125,19,88,-69
100900126,161,261,-100
100900127,12,10,2
100900128,61,108,-47
100900129,0,137,-137
100900131,99,220,-121
100900133,86,44,42
100900134,5,12,-7
100900135,1,116,-115
100900137,349,165,184
100900138,523,458,65
100900139,2,1,1
100900140,7,516,-509
100900141,8,449,-441
100900142,0,10,-10
100900143,724,358,366
100900144,24,2,22
100900145,154,170,-16
100900146,18,58,-40
100900147,26,253,-227
100900148,53,672,-619
100900149,37,153,-116
100900150,11,65,-54
100900151,135,499,-364
100900152,146,7,139
100900153,8,183,-175
100900154,6,42,-36
100900155,4,14,-10
100900156,24,4,20
100900157,3,168,-165
100900159,5,17,-12
100900160,18,20,-2
100900161,94,4,90
100900162,17,293,-276
100900163,212,202,10
100900164,44,60,-16
100900165,8,85,-77
100900166,23,3,20
100900167,21,89,-68
100900168,36,173,-137
100900169,102,814,-712
100900170,40,9,31
100900171,26,531,-505
100900172,0,20,-20
100900173,20,427,-407
100900174,420,62,358
100900176,1601,153,1448
100900177,625,295,330
100900178,415,168,247
100900179,159,238,-79
100900180,7,4,3
100900181,168,82,86
100900182,40,27,13
100900184,22,148,-126
100900186,653,543,110
100900187,19,149,-130
100900188,58,10,48
100900189,919,241,678
100900191,1386,1119,267
100900192,396,309,87
100900195,121,108,13
100900197,29,104,-75
100900198,19,181,-162
100900199,11,15,-4
100900200,636,398,238
100900201,44,572,-528
100900202,77,0,77
100900203,0,101,-101
100900204,225,278,-53
100900205,163,478,-315
100900206,128,65,63
100900207,208,133,75
100900210,59,500,-441
100900211,383,148,235
100900213,81,42,39
100900214,824,172,652
100900215,19,68,-49
100900217,148,109,39
101000001,4229,2497,1732
101000002,4233,4215,18
101000003,678,1736,-1058
101000004,8550,6907,1643
101000005,3941,4576,-635
101000006,6578,6760,-182
101000007,2326,3051,-725
101000008,3872,2881,991
101000009,2418,1595,823
101000010,1019,1231,-212
101000011,1972,702,1270
101000012,1504,792,712
101000013,678,1076,-398
101000014,532,706,-174
101000015,1076,823,253
101000016,396,425,-29
101000017,646,483,163
101000018,3611,2385,1226
101000020,4290,1089,3201
101000021,870,395,475
101000022,224,85,139
101000023,1831,770,1061
101000025,202,332,-130
101000026,473,22,451
101000027,1979,2036,-57
101000028,879,237,642
101000029,212,1398,-1186
101000030,2434,130,2304
101000031,1198,409,789
101000032,12067,4081,7986
101000033,2543,2892,-349
101000034,2734,1627,1107
101000035,900,403,497
101000036,1642,689,953
101000037,3217,1582,1635
101000039,2756,2100,656
101000040,3551,3339,212
101000041,11604,6900,4704
101000042,763,1183,-420
101000043,9155,5995,3160
101000045,2007,879,1128
101000046,5800,1311,4489
101000047,3090,2434,656
101000048,814,747,67
101000049,949,1428,-479
101000050,2045,1547,498
101000051,2547,2192,355
101000052,1800,868,932
101000053,1242,1664,-422
101000054,1802,1377,425
101000055,1196,1244,-48
101000056,52,136,-84
101000057,2179,933,1246
101000058,1486,1055,431
101000059,2725,1983,742
101000060,1439,604,835
101000061,1120,1508,-388
101000062,813,748,65
101000063,704,974,-270
101000064,1307,961,346
101000065,449,456,-7
101000066,1218,787,431
101000067,1548,857,691
101000068,481,433,48
101000069,442,71,371
101000070,1412,874,538
101000071,1857,880,977
101000072,856,2857,-2001
101000073,917,747,170
101000074,7713,3296,4417
101000075,6241,3710,2531
101000077,1432,1140,292
101000078,1040,2133,-1093
101000079,1087,417,670
101000080,984,526,458
101000081,1634,1487,147
101000082,3752,3416,336
101000083,2557,2262,295
101000084,1486,997,489
101000085,1800,1348,452
101000086,1094,1119,-25
101000087,962,1211,-249
101000088,1190,1173,17
101000089,946,1591,-645
101000090,2126,1588,538
101000091,415,1063,-648
101000092,828,1213,-385
101000093,1430,886,544
101000094,876,1233,-357
101000095,494,750,-256
101000096,435,579,-144
101000097,558,294,264
101000098,662,580,82
101000099,1164,1270,-106
101000100,937,723,214
101000101,372,368,4
101000102,895,453,442
101000103,1047,447,600
101000104,421,554,-133
101000105,1273,387,886
101000106,961,559,402
101000107,252,399,-147
101000108,1020,355,665
101000109,303,79,224
101000110,75,521,-446
101000111,163,215,-52
101000113,171,618,-447
101000114,11163,4250,6913
101000115,191,189,2
101000116,183,164,19
101000117,1143,413,730
101000119,69,45,24
101000120,127,55,72
101000121,112,49,63
101000122,168,80,88
101000123,111,101,10
101000124,756,227,529
101000125,333,542,-209
101000128,718,389,329
101000130,286,272,14
101000131,717,637,80
101000132,570,1095,-525
101000135,82,52,30
101000136,638,167,471
101000137,49,338,-289
101000141,1763,2513,-750
101000147,1062,532,530
101000148,1580,13,1567
101000149,276,254,22
101000150,128,812,-684
101000151,217,100,117
101000152,309,380,-71
101000153,729,395,334
101000154,284,1148,-864
101000155,310,182,128
101000156,29,255,-226
101000157,48,21,27
101000160,150,62,88
101000163,278,292,-14
101000164,505,362,143
101000165,261,410,-149
101000166,253,356,-103
101000168,843,362,481
101000252,1650,918,732
101000254,602,79,523
101000258,63,4,59
101000261,240,47,193
101000262,1177,1625,-448
101000263,239,850,-611
101000265,97,671,-574
101000266,347,347,0
101000269,68,12,56
101000290,1586,3175,-1589
101000293,23,85,-62
101000294,612,461,151
101000295,131,593,-462
101000301,819,381,438
101000304,2202,2472,-270
101000305,3049,1500,1549
101000328,135,341,-206
101900001,28,93,-65
101900002,0,17,-17
101900003,83,110,-27
101900004,9,68,-59
101900005,4130,1871,2259
101900006,879,40,839
101900007,783,199,584
101900008,90,319,-229
101900009,56,557,-501
101900010,960,620,340
101900011,304,1164,-860
101900012,173,364,-191
101900013,1254,185,1069
101900017,19,160,-141
101900018,1381,252,1129
101900019,417,134,283
101900020,39,62,-23
101900021,1,36,-35
101900022,121,1162,-1041
101900023,124,214,-90
101900026,120,48,72
101900027,10,116,-106
102000001,2746,4042,-1296
102000002,3107,1265,1842
102000003,3935,5776,-1841
102000004,8046,3028,5018
102000005,1308,1950,-642
102000006,1366,1836,-470
102000007,1562,3950,-2388
102000008,4883,1769,3114
102000009,5791,7382,-1591
102000010,6251,3439,2812
102000011,2959,2505,454
102000012,3544,3525,19
102000018,2974,2637,337
102000019,2673,1600,1073
102000026,204,553,-349
102000029,252,195,57
102000030,124,357,-233
102000031,103,215,-112
102000032,392,339,53
102000033,259,405,-146
102000034,525,444,81
102000035,988,759,229
102000036,7,247,-240
102000037,246,94,152
102000038,214,324,-110
102000039,286,74,212
102000040,678,207,471
102000041,247,305,-58
102000042,222,280,-58
102000043,424,177,247
102000044,392,458,-66
102000045,760,1060,-300
102000046,956,592,364
102000047,743,1071,-328
102000048,368,666,-298
102000049,1025,732,293
102000050,1080,1255,-175
102000051,410,690,-280
102000052,1673,866,807
102000053,866,886,-20
102000054,589,918,-329
102000055,976,814,162
102000056,754,1232,-478
102000057,1419,558,861
102000058,1054,1577,-523
102000059,1694,1418,276
102000060,1357,1017,340
102000061,1820,2218,-398
102000062,1775,1162,613
102000063,1219,1386,-167
102000064,609,739,-130
102000065,42,109,-67
102000066,1714,888,826
102000067,2814,3305,-491
102000068,8151,2804,5347
102000069,64,1440,-1376
102000070,2042,39,2003
102000071,8040,9534,-1494
102000072,3396,4376,-980
102000073,1213,1081,132
102000074,835,906,-71
102000075,173,299,-126
102000076,219,625,-406
102000077,525,918,-393
102000078,1068,1004,64
102000079,237,288,-51
102000080,282,224,58
102000081,367,709,-342
102000082,734,283,451
102000083,643,333,310
102000084,289,392,-103
102000085,1656,1117,539
102000086,1130,1156,-26
102000087,826,1702,-876
102000088,314,310,4
102000089,1021,412,609
102000090,476,1170,-694
102000091,1281,475,806
102000092,413,869,-456
102000093,638,732,-94
102000094,952,614,338
102000095,948,970,-22
102000096,694,660,34
102000097,630,676,-46
102000098,564,605,-41
102000099,753,565,188
102000100,716,938,-222
102000101,916,576,340
102000102,478,1479,-1001
102000103,1317,348,969
102000104,636,311,325
102000105,254,663,-409
102000106,840,677,163
102000107,1047,675,372
102000108,774,233,541
102000109,683,616,67
102000110,1002,1410,-408
102000111,19,325,-306
102000112,234,117,117
102000113,15,52,-37
102000114,864,403,461
102000115,258,318,-60
102000116,532,368,164
102000117,380,470,-90
102000118,1376,1095,281
102000119,2193,719,1474
102000120,209,487,-278
102000121,927,508,419
102000122,541,908,-367
102000123,1535,1071,464
102000124,1314,1140,174
102000125,929,900,29
102000126,824,735,89
102000127,1438,743,695
102000128,746,983,-237
102000129,1316,867,449
102000130,662,659,3
102000131,1174,599,575
102000132,419,694,-275
102000133,2057,1973,84
102000134,560,748,-188
102000135,702,859,-157
102000136,896,608,288
102000137,910,718,192
102000138,301,363,-62
102000139,161,402,-241
102000140,476,369,107
102000141,187,417,-230
102000142,440,404,36
102000143,176,403,-227
102000144,265,384,-119
102000145,330,433,-103
102000146,344,291,53
102000147,397,437,-40
102000148,214,524,-310
102000149,146,434,-288
102000150,303,123,180
102000151,112,302,-190
102000152,186,138,48
102000153,1238,508,730
102000154,386,724,-338
102000155,125,326,-201
102000156,383,111,272
102000157,156,343,-187
102000158,595,486,109
102000159,1049,398,651
102000161,3681,2026,1655
102000162,202,172,30
102000163,120,528,-408
102000164,1100,1087,13
102000165,382,156,226
102000166,120,143,-23
102000167,367,240,127
102000168,338,201,137
102000169,122,585,-463
102000170,532,192,340
102000171,339,146,193
102000172,167,365,-198
102000173,596,279,317
102000174,82,66,16
102000175,178,104,74
102000176,70,36,34
102000178,340,487,-147
102000179,413,234,179
102000180,735,455,280
102000181,604,624,-20
102000182,584,657,-73
102000183,1597,1784,-187
102000184,2015,907,1108
102000185,2091,1537,554
102000186,1170,1982,-812
102000187,1079,1680,-601
102000188,931,1359,-428
102000189,2079,781,1298
102000190,533,2088,-1555
102000191,1275,561,714
102000192,1169,1332,-163
102000193,46,149,-103
102000194,60,135,-75
102000195,423,441,-18
102000196,212,410,-198
102000197,559,413,146
102000198,189,796,-607
102000199,834,313,521
102000200,339,992,-653
102000201,946,475,471
102000202,8,108,-100
102000203,468,203,265
102000204,375,685,-310
102000205,951,457,494
102000206,630,662,-32
102000207,880,401,479
102000208,534,465,69
102000209,125,65,60
102000210,394,497,-103
102000211,662,384,278
102000212,355,8,347
102000213,5,391,-386
102000214,212,5,207
102000215,5,449,-444
102000216,42,52,-10
102000217,17,148,-131
102000218,294,184,110
102000219,552,358,194
102000225,660,661,-1
102000226,3283,926,2357
102000227,115,1,114
102000228,4,95,-91
102000229,23,37,-14
102000230,259,483,-224
102000231,265,443,-178
102000232,28,157,-129
102000233,484,750,-266
102000234,144,1127,-983
102000236,364,84,280
102000237,599,130,469
102000238,194,255,-61
102000240,756,657,99
102000241,172,135,37
102000243,20,77,-57
102000245,26,181,-155
102000246,27,36,-9
102000247,1352,1133,219
102000248,725,1032,-307
102000249,164,139,25
102000250,87,350,-263
102000254,83,322,-239
102000266,50,247,-197
102000271,52,0,52
102000286,513,358,155
102000297,1530,953,577
102000299,0,0,0
102000301,0,0,0
102000303,0,0,0
102000305,0,0,0
102000307,0,16,-16
102900001,1396,957,439
102900002,404,49,355
102900003,78,214,-136
102900005,371,321,50
102900006,556,157,399
102900007,434,27,407
102900008,179,63,116
102900009,508,176,332
102900010,675,532,143
102900011,1982,333,1649
102900012,327,77,250
102900013,33,91,-58
102900015,611,437,174
102900016,67,164,-97
102900017,142,591,-449
102900018,17,183,-166
102900019,269,378,-109
102900020,107,36,71
102900021,13,129,-116
102900022,745,177,568
102900023,29,44,-15
102900024,45,47,-2
102900025,304,126,178
102900026,409,1985,-1576
102900027,64,44,20
102900028,150,687,-537
102900029,147,202,-55
102900030,523,298,225
102900031,180,143,37
102900032,75,93,-18
102900033,69,196,-127
102900034,431,101,330
102900035,147,349,-202
102900036,344,520,-176
102900037,340,593,-253
102900038,553,601,-48
102900039,28,487,-459
102900040,131,234,-103
102900041,69,198,-129
102900042,157,296,-139
102900043,157,295,-138
102900044,616,2231,-1615
102900045,126,611,-485
102900046,120,293,-173
102900047,76,588,-512
102900048,652,643,9
102900049,121,353,-232
102900050,330,313,17
102900051,245,224,21
102900053,387,698,-311
102900054,699,1049,-350
102900055,60,166,-106
102900056,119,465,-346
102900057,17,48,-31
102900058,276,58,218
102900059,26,86,-60
102900060,127,447,-320
102900061,155,479,-324
102900062,214,975,-761
102900063,1194,492,702
102900064,121,334,-213
102900065,1690,558,1132
102900066,315,30,285
102900068,157,101,56
102900070,258,551,-293
102900072,26,56,-30
102900073,191,8,183
102900075,46,41,5
102900076,215,102,113
102900077,50,45,5
102900078,44,92,-48
102900079,123,11,112
102900080,283,35,248
102900081,104,272,-168
102900082,10,201,-191
102900083,266,11,255
102900084,17,27,-10
102900085,393,161,232
102900086,18,52,-34
102900087,96,84,12
102900088,28,39,-11
102900089,239,137,102
102900090,1,339,-338
102900091,168,1,167
102900092,328,958,-630
102900094,1,60,-59
102900095,83,2,81
102900096,64,21,43
102900097,5,127,-122
103000001,2246,2845,-599
103000002,2293,2532,-239
103000003,3348,2848,500
103000004,981,814,167
103000005,1905,2906,-1001
103000006,634,1547,-913
103000007,394,730,-336
103000008,980,782,198
103000009,1106,1178,-72
103000010,186,127,59
103000011,1733,1523,210
103000012,1220,1705,-485
103000013,4652,2096,2556
103000014,1366,2529,-1163
103000015,1779,754,1025
103000016,529,1343,-814
103000017,222,447,-225
103000018,678,472,206
103000019,304,300,4
103000020,2794,1701,1093
103000021,2019,1767,252
103000022,718,1120,-402
103000023,693,1685,-992
103000024,97,202,-105
103000025,124,611,-487
103000026,1441,164,1277
103000027,491,485,6
103000028,530,411,119
103000029,293,302,-9
103000030,1902,956,946
103000031,1580,1767,-187
103000032,2339,2073,266
103000033,3073,2994,79
103000034,1570,1292,278
103000035,451,1570,-1119
103000036,411,618,-207
103000037,657,559,98
103000038,599,1110,-511
103000039,323,438,-115
103000040,534,1032,-498
103000041,1668,2513,-845
103000042,1233,606,627
103000043,534,1040,-506
103000044,217,208,9
103000046,320,479,-159
103000047,598,857,-259
103000048,193,183,10
103000049,125,205,-80
103000050,678,555,123
103000051,439,640,-201
103000052,917,476,441
103000053,222,909,-687
103000054,2867,1643,1224
103000055,2146,2352,-206
103000056,595,1745,-1150
103000057,578,346,232
103000058,627,861,-234
103000059,445,894,-449
103000060,970,836,134
103000061,429,1062,-633
103000062,1060,663,397
103000063,690,887,-197
103000064,175,239,-64
103000065,5,492,-487
103000066,247,12,235
103000069,422,426,-4
103000070,1071,865,206
103000071,1029,530,499
103000072,157,709,-552
103000073,608,136,472
103000074,642,89,553
103000075,133,673,-540
103000076,312,280,32
103000077,71,462,-391
103000078,1460,589,871
103000079,915,748,167
103000080,1289,410,879
103000081,668,1189,-521
103000082,607,180,427
103000083,126,349,-223
103000084,177,8,169
103000085,1,170,-169
103000086,924,386,538
103000087,159,702,-543
103000088,399,386,13
103000089,274,436,-162
103000090,1871,785,1086
103000091,663,460,203
103000092,313,328,-15
103000093,295,407,-112
103000094,193,115,78
103000095,77,407,-330
103000096,617,98,519
103000097,83,812,-729
103000098,1044,182,862
103000099,353,653,-300
103000100,113,729,-616
103000101,806,120,686
103000102,99,671,-572
103000103,719,265,454
103000104,55,115,-60
103000105,137,128,9
103000106,6,106,-100
103000107,240,55,185
103000108,644,554,90
103000109,377,369,8
103000110,505,431,74
103000111,509,473,36
103000112,354,202,152
103000113,1023,836,187
103000114,1586,567,1019
103000115,575,496,79
103000116,545,427,118
103000117,388,494,-106
103000118,1043,862,181
103000119,1315,626,689
103000120,90,139,-49
103000121,927,1035,-108
103000122,872,881,-9
103000125,12,302,-290
103000126,622,8,614
103000127,1,176,-175
103000128,181,6,175
103000129,3,116,-113
103000130,55,46,9
103000131,128,86,42
103000132,127,146,-19
103000133,20,106,-86
103000134,869,935,-66
103000135,710,386,324
103000136,811,530,281
103000137,574,624,-50
103000138,956,884,72
103000139,8,74,-66
103000140,149,24,125
103000141,79,151,-72
103000142,215,53,162
103000143,102,202,-100
103000144,293,67,226
103000145,78,62,16
103000150,111,63,48
103000152,220,241,-21
103000153,251,159,92
103000156,5,347,-342
103000157,382,3,379
103000159,155,83,72
103000162,143,58,85
103000163,32,93,-61
103000164,72,18,54
103000165,129,347,-218
103000166,213,297,-84
103000167,188,146,42
103000168,92,209,-117
103000169,209,457,-248
103000170,700,477,223
103000171,66,111,-45
103000172,512,394,118
103000173,459,594,-135
103000174,111,372,-261
103000175,286,392,-106
103000176,845,654,191
103000177,571,502,69
103000178,254,290,-36
103000179,159,70,89
103000183,111,20,91
103000185,83,68,15
103000186,87,191,-104
103000187,392,417,-25
103000188,16,82,-66
103000189,741,808,-67
103000191,663,673,-10
103000292,1880,1430,450
103000293,1008,1842,-834
103000295,104,98,6
103000296,330,3,327
103000297,47,13,34
103000504,85,7,78
103000505,8,12,-4
103000506,2,251,-249
103000507,284,6,278
103000508,36,66,-30
103000509,222,631,-409
103900001,12,204,-192
103900002,1437,194,1243
103900003,1607,185,1422
103900004,63,1,62
103900005,2,294,-292
103900006,20,1,19
103900007,89,18,71
103900008,14,1,13
103900009,268,515,-247
103900010,146,367,-221
103900011,231,172,59
103900012,14,29,-15
103900013,54,93,-39
103900014,41,25,16
103900015,59,18,41
103900016,305,206,99
103900017,43,116,-73
103900018,804,243,561
103900019,54,302,-248
103900020,202,449,-247
103900021,612,126,486
103900022,1230,770,460
103900023,132,0,132
103900024,117,266,-149
103900025,10,36,-26
103900026,282,0,282
103900027,784,332,452
103900028,20,286,-266
103900029,1136,214,922
103900030,201,79,122
103900031,19,12,7
103900032,69,67,2
103900033,143,22,121
103900034,49,183,-134
103900035,38,54,-16
103900036,45,35,10
103900037,72,77,-5
103900038,98,210,-112
103900039,71,425,-354
103900040,12,149,-137
103900041,49,73,-24
103900042,49,364,-315
103900043,133,79,54
103900044,129,207,-78
103900045,303,176,127
103900047,73,39,34
103900048,42,20,22
103900049,212,1199,-987
103900050,7,95,-88
103900051,15,31,-16
103900052,214,401,-187
103900053,228,751,-523
103900054,122,480,-358
103900055,377,193,184
103900056,65,68,-3
103900057,25,196,-171
103900058,293,700,-407
103900059,0,10,-10
103900060,56,244,-188
103900061,150,70,80
103900062,209,72,137
103900063,48,0,48
103900064,117,8,109
103900065,859,480,379
103900066,162,29,133
103900067,167,2,165
103900068,6,2,4
103900069,137,41,96
103900070,130,283,-153
103900071,26,146,-120
103900072,13,205,-192
103900073,48,30,18
103900074,100,107,-7
103900075,226,82,144
103900076,367,656,-289
103900077,34,91,-57
103900078,292,146,146
103900079,130,244,-114
103900080,18,55,-37
103900081,123,26,97
103900082,11,130,-119
103900083,1717,833,884
103900084,58,92,-34
103900085,78,106,-28
103900086,539,328,211
103900088,409,434,-25
103900089,60,149,-89
103900090,5,207,-202
103900091,1244,290,954
103900092,754,413,341
103900093,112,322,-210
103900094,16,136,-120
103900095,331,212,119
103900096,34,247,-213
103900097,12,551,-539
103900098,183,91,92
103900099,58,185,-127
103900100,168,407,-239
103900101,87,1190,-1103
103900102,2,27,-25
103900104,2,35,-33
103900105,129,212,-83
103900106,1,27,-26
103900107,89,221,-132
103900108,45,326,-281
103900109,112,89,23
103900110,196,41,155
103900111,95,593,-498
103900112,29,56,-27
103900113,136,233,-97
103900114,387,285,102
103900115,259,213,46
103900116,5483,2516,2967
103900117,159,103,56
103900119,20,93,-73
103900120,63,124,-61
103900122,110,290,-180
103900123,1694,728,966
103900124,49,491,-442
103900125,130,92,38
103900126,364,458,-94
103900127,144,439,-295
103900128,165,157,8
103900131,42,102,-60
103900133,839,205,634
103900134,0,3,-3
103900135,2,9,-7
103900137,0,42,-42
103900138,46,314,-268
103900139,239,1590,-1351
103900140,19,123,-104
103900141,265,83,182
103900142,110,155,-45
103900143,30,3,27
103900144,0,35,-35
103900145,162,234,-72
103900146,293,232,61
103900147,346,128,218
103900148,205,265,-60
103900149,321,725,-404
103900150,6035,3317,2718
103900151,46,138,-92
103900152,475,575,-100
103900153,2,5,-3
103900154,1009,1430,-421
103900155,39,289,-250
103900156,41,217,-176
103900157,35,213,-178
103900158,98,199,-101
103900159,118,104,14
103900160,44,24,20
103900161,108,210,-102
103900162,60,171,-111
103900163,4,409,-405
103900167,14,66,-52
103900168,116,126,-10
103900169,53,29,24
103900170,0,113,-113
103900171,0,69,-69
103900172,9,27,-18
103900173,9,16,-7
103900174,111,62,49
103900175,90,62,28
103900176,7,57,-50
103900177,20,77,-57
103900178,76,57,19
103900179,52,113,-61
103900180,18,121,-103
103900181,59,38,21
103900182,56,17,39
103900184,485,62,423
103900185,205,276,-71
103900187,28,86,-58
103900188,58,20,38
103900189,101,11,90
103900190,52,54,-2
103900191,36,34,2
103900192,28,69,-41
103900193,113,180,-67
103900194,54,229,-175
103900195,15,109,-94
103900196,40,33,7
103900197,6,19,-13
103900198,10,50,-40
103900199,150,41,109
103900200,101,147,-46
103900201,120,224,-104
103900202,9,62,-53
103900203,67,16,51
103900204,2,101,-99
103900207,0,108,-108
103900208,137,0,137
103900209,9,90,-81
103900210,37,24,13
103900211,535,410,125
103900212,80,347,-267
103900213,105,302,-197
103900214,308,194,114
103900215,593,404,189
103900216,12,408,-396
103900217,442,56,386
103900218,7,419,-412
103900219,190,303,-113
103900233,40,0,40
103900235,41,17,24
103900236,29,0,29
103900242,30,32,-2
103900243,18,10,8
103900244,65,226,-161
103900245,71,175,-104
103900246,61,49,12
103900247,34,168,-134
103900248,43,61,-18
103900249,39,51,-12
103900250,42,29,13
103900251,1,40,-39
103900253,27,76,-49
103900254,4,44,-40
103900255,5,17,-12
103900256,9,53,-44
103900257,219,137,82
103900258,90,4,86
103900259,88,6,82
103900261,12,14,-2
103900262,17,2,15
103900263,45,65,-20
103900264,79,57,22
103900265,118,58,60
103900266,2,62,-60
103900267,11,88,-77
103900268,22,125,-103
103900269,165,42,123
103900270,67,184,-117
103900271,44,123,-79
103900272,66,95,-29
103900273,36,72,-36
103900274,65,18,47
103900275,24,9,15
103900276,8,90,-82
103900277,5,71,-66
103900278,10,75,-65
103900279,1,23,-22
103900280,1,99,-98
104000001,2108,1951,157
104000002,1800,2830,-1030
104000003,2205,2072,133
104000004,2794,2789,5
104000005,1461,1739,-278
104000006,3347,2759,588
104000007,4508,4475,33
104000008,232,338,-106
104000009,146,108,38
104000010,147,236,-89
104000011,481,392,89
104000012,154,385,-231
104000013,202,171,31
104000014,242,701,-459
104000015,288,133,155
104000016,514,483,31
104000018,675,195,480
104000019,559,178,381
104000020,154,685,-531
104000021,304,664,-360
104000022,122,316,-194
104000023,763,392,371
104000024,259,386,-127
104000026,51,392,-341
104000027,277,333,-56
104000028,453,266,187
104000029,442,528,-86
104000030,281,239,42
104000031,1169,373,796
104000032,240,368,-128
104000033,616,549,67
104000034,285,327,-42
104000035,884,470,414
104000036,768,576,192
104000037,284,259,25
104000038,447,284,163
104000039,182,279,-97
104000040,313,409,-96
104000041,885,404,481
104000042,227,466,-239
104000043,463,469,-6
104000044,309,636,-327
104000045,1161,1234,-73
104000046,1335,1863,-528
104000047,777,1262,-485
104000048,897,1732,-835
104000049,537,316,221
104000050,181,600,-419
104000051,165,581,-416
104000052,1710,1704,6
104000053,1085,570,515
104000054,812,435,377
104000055,3770,2608,1162
104000056,1422,162,1260
104000057,165,530,-365
104000058,835,714,121
104000059,546,1259,-713
104000060,1151,1176,-25
104000061,1620,1233,387
104000062,311,117,194
104000064,534,354,180
104000065,236,674,-438
104000069,1212,1054,158
104000070,70,507,-437
104000071,157,630,-473
104000072,572,229,343
104000075,43,275,-232
104000076,543,74,469
104000082,2247,3248,-1001
104000083,899,184,715
104000084,158,571,-413
104000085,317,278,39
104000086,215,371,-156
104000087,488,1576,-1088
104000090,771,1552,-781
104000092,1165,2486,-1321
104000094,932,1642,-710
104000095,1787,1388,399
104000096,1539,250,1289
104000097,1661,868,793
104000098,1980,1101,879
104000100,1766,696,1070
104000101,1271,1908,-637
104000106,54,598,-544
104000107,665,625,40
104000108,292,485,-193
104000109,303,76,227
104000110,925,1026,-101
104000111,3841,2000,1841
104000112,2459,629,1830
104000116,2,1158,-1156
104000117,180,709,-529
104000118,468,236,232
104000119,519,270,249
104000120,239,769,-530
104000121,176,778,-602
104000122,627,892,-265
104000123,875,1116,-241
104000124,875,2333,-1458
104000125,3493,3862,-369
104000126,370,433,-63
104000127,1429,2967,-1538
104000128,636,450,186
104000129,429,51,378
104000130,6,366,-360
104000131,812,534,278
104000132,481,597,-116
104000133,1375,814,561
104000134,983,1414,-431
104000135,434,1710,-1276
104000136,837,3362,-2525
104000137,1586,365,1221
104000138,955,360,595
104000139,6583,3030,3553
104000141,1207,1411,-204
104000142,646,686,-40
104000143,548,612,-64
104000144,87,213,-126
104000145,432,241,191
104000146,345,590,-245
104000147,137,353,-216
104000148,296,150,146
104000149,170,363,-193
104000150,959,486,473
104000151,345,505,-160
104000152,504,574,-70
104000153,492,468,24
104000154,1072,700,372
104000155,402,494,-92
104000157,977,1479,-502
104000158,477,461,16
104000159,744,462,282
104000160,1730,1780,-50
104000161,195,230,-35
104000162,85,148,-63
104000165,1115,1132,-17
104000167,620,957,-337
104000168,507,7,500
104000169,77,41,36
104000170,549,506,43
104000248,242,661,-419
104000251,100,263,-163
104000272,0,0,0
104000273,0,0,0
104000274,0,0,0
104000275,0,0,0
104000279,691,480,211
104000290,81,280,-199
104000291,673,1238,-565
104000293,682,735,-53
104000294,33,0,33
104000295,520,872,-352
104000296,389,616,-227
104000297,804,1720,-916
104000298,2150,631,1519
104000299,680,1606,-926
104900001,187,391,-204
104900002,47,151,-104
104900003,49,341,-292
104900004,78,302,-224
104900005,210,198,12
104900006,254,73,181
104900007,224,233,-9
104900009,171,408,-237
104900010,50,61,-11
104900011,16,6,10
104900012,219,32,187
104900013,112,17,95
104900014,3024,287,2737
104900015,104,3,101
104900016,205,227,-22
104900017,220,165,55
104900018,7,182,-175
104900019,336,2422,-2086
104900020,52,271,-219
104900021,3,198,-195
104900022,6,112,-106
104900023,1,86,-85
104900024,18,95,-77
104900025,81,245,-164
104900026,0,75,-75
104900027,394,289,105
104900028,20,86,-66
104900029,51,87,-36
104900030,479,253,226
104900031,87,236,-149
104900032,30,131,-101
104900033,119,264,-145
104900034,371,188,183
104900035,364,208,156
104900036,211,102,109
104900037,106,231,-125
104900038,533,752,-219
104900039,700,314,386
104900040,478,134,344
104900041,259,162,97
104900042,134,191,-57
104900043,19,129,-110
104900044,488,215,273
104900045,484,62,422
104900046,181,119,62
104900047,278,161,117
104900048,277,90,187
104900049,26,31,-5
104900050,422,94,328
104900051,260,50,210
104900052,44,6,38
104900053,411,105,306
104900054,128,28,100
104900055,65,0,65
104900056,265,17,248
104900057,57,0,57
104900058,562,139,423
104900059,255,72,183
104900060,1,353,-352
104900061,268,554,-286
104900063,3,106,-103
104900064,1,103,-102
104900065,0,208,-208
104900066,1,167,-166
104900067,6,363,-357
104900068,16,275,-259
104900070,209,306,-97
104900071,3,560,-557
104900072,43,299,-256
104900073,51,178,-127
104900074,60,266,-206
104900075,52,34,18
104900076,96,335,-239
104900077,826,180,646
104900078,230,547,-317
104900079,134,439,-305
104900080,122,533,-411
104900082,13,444,-431
104900085,2,250,-248
104900087,462,6,456
104900089,157,2,155
104900090,849,660,189
104900091,728,668,60
104900093,257,575,-318
104900097,2535,2162,373
104900098,89,35,54
104900099,160,655,-495
104900100,479,265,214
104900102,38,150,-112
104900103,431,72,359
104900104,2989,2010,979
104900106,91,125,-34
104900107,108,205,-97
104900108,29,222,-193
104900109,74,161,-87
104900110,15,70,-55
104900111,96,84,12
104900112,246,778,-532
104900113,602,365,237
104900114,333,452,-119
104900115,634,480,154
104900116,223,227,-4
104900118,18,78,-60
104900119,2,48,-46
104900120,45,210,-165
104900121,0,72,-72
104900122,4,63,-59
104900123,43,10,33
104900124,49,2,47
104900125,474,6,468
104900126,62,69,-7
104900127,36,104,-68
104900128,99,206,-107
104900129,1920,1623,297
105000001,2406,1650,756
105000002,2160,1628,532
105000003,3056,3436,-380
105000004,606,997,-391
105000005,793,1070,-277
105000006,1386,1588,-202
105000007,1147,1299,-152
105000008,1923,2536,-613
105000009,2028,2913,-885
105000010,3753,2759,994
105000011,2863,2384,479
105000012,4590,3339,1251
105000013,962,1168,-206
105000014,1942,2506,-564
105000015,9760,11576,-1816
105000016,3736,2310,1426
105000017,1846,936,910
105000018,1453,1433,20
105000019,1807,953,854
105000020,149,443,-294
105000021,346,126,220
105000022,293,79,214
105000023,494,366,128
105000028,99,167,-68
105000029,513,1160,-647
105000030,4657,3203,1454
105000031,4,31,-27
105000033,1341,2310,-969
105000034,148,675,-527
105000037,657,330,327
105000038,1660,1570,90
105000039,2972,1751,1221
105000040,894,975,-81
105000041,545,1190,-645
105000042,2776,1413,1363
105000043,2070,2033,37
105000044,533,400,133
105000045,306,851,-545
105000046,1011,395,616
105000047,537,1526,-989
105000048,701,199,502
105000049,220,719,-499
105000050,657,386,271
105000051,227,466,-239
105000052,749,843,-94
105000053,137,187,-50
105000054,349,907,-558
105000055,717,342,375
105000056,1638,2384,-746
105000057,1457,877,580
105000058,1427,1515,-88
105000059,729,617,112
105000060,504,670,-166
105000061,532,583,-51
105000062,767,901,-134
105000063,322,601,-279
105000064,1157,900,257
105000065,352,664,-312
105000066,1144,1584,-440
105000067,1128,896,232
105000068,507,887,-380
105000069,2042,1481,561
105000070,657,842,-185
105000071,214,738,-524
105000072,977,1802,-825
105000073,762,593,169
105000074,1136,983,153
105000075,588,856,-268
105000076,1357,1084,273
105000077,2688,1050,1638
105000078,1452,1386,66
105000079,1770,2955,-1185
105000080,1766,1182,584
105000081,3921,1346,2575
105000082,1135,1506,-371
105000083,4325,2663,1662
105000084,863,995,-132
105000085,1819,1673,146
105000086,667,1161,-494
105000087,1527,1888,-361
105000088,1559,1660,-101
105000089,3231,2321,910
105000090,1104,949,155
105000091,1613,1724,-111
105000092,893,952,-59
105000093,305,263,42
105000094,279,206,73
105000095,105,476,-371
105000096,1200,986,214
105000097,1054,729,325
105000098,863,684,179
105000099,1020,746,274
105000100,1077,1091,-14
105000101,2316,2055,261
105000102,1325,1401,-76
105000103,1464,2131,-667
105000104,2580,1036,1544
105000105,1416,2071,-655
105000106,1449,1942,-493
105000107,1136,998,138
105000108,1306,1628,-322
105000109,1472,1911,-439
105000110,706,672,34
105000111,673,841,-168
105000112,1128,793,335
105000113,442,815,-373
105000114,2904,1186,1718
105000115,261,1106,-845
105000116,768,581,187
105000117,935,1156,-221
105000118,608,475,133
105000119,742,1059,-317
105000120,880,607,273
105000121,813,1263,-450
105000122,425,729,-304
105000123,1424,1447,-23
105000124,1659,919,740
105000125,776,2126,-1350
105000126,2056,1916,140
105000127,2395,2293,102
105000128,1014,1173,-159
105000129,977,348,629
105000130,399,2210,-1811
105000131,931,446,485
105000132,715,559,156
105000133,492,985,-493
105000134,585,606,-21
105000135,611,778,-167
105000136,209,447,-238
105000137,425,252,173
105000138,256,480,-224
105000139,1072,1190,-118
105000140,339,572,-233
105000141,288,706,-418
105000142,174,593,-419
105000143,234,774,-540
105000144,329,951,-622
105000145,664,451,213
105000146,559,1046,-487
105000147,506,349,157
105000148,1185,593,592
105000149,2129,1916,213
105000150,2159,1725,434
105000151,462,401,61
105000152,176,530,-354
105000153,562,736,-174
105000154,582,569,13
105000155,453,974,-521
105000156,985,789,196
105000157,822,1568,-746
105000158,1811,802,1009
105000159,251,976,-725
105000160,1578,638,940
105000161,650,1057,-407
105000162,471,1543,-1072
105000163,1226,893,333
105000164,213,292,-79
105000165,1038,4488,-3450
105000166,5324,851,4473
105000167,2081,1352,729
105000168,420,740,-320
105000169,399,391,8
105000170,233,1512,-1279
105000171,1029,256,773
105000172,150,42,108
105000173,187,72,115
105000174,77,58,19
105000175,60,133,-73
105000176,292,115,177
105000177,281,188,93
105000178,109,445,-336
105000179,393,229,164
105000180,133,129,4
105000181,97,254,-157
105000182,68,51,17
105000183,2395,1643,752
105000184,1635,897,738
105000185,1244,712,532
105000186,609,834,-225
105000187,837,193,644
105000188,493,130,363
105000189,417,507,-90
105000190,385,416,-31
105000191,466,370,96
105000192,315,74,241
105000193,127,162,-35
105000194,467,135,332
105000195,261,758,-497
105000196,94,267,-173
105000197,304,623,-319
105000198,629,399,230
105000199,395,732,-337
105000200,130,199,-69
105000201,157,34,123
105000203,6,238,-232
105000204,113,105,8
105000205,92,183,-91
105000207,487,262,225
105000208,253,489,-236
105000209,250,419,-169
105000211,196,12,184
105000212,1195,1311,-116
105000213,191,221,-30
105000214,134,326,-192
105000215,289,223,66
105000216,147,281,-134
105000217,182,297,-115
105000218,1291,1275,16
105000221,146,192,-46
105000222,429,64,365
105000223,350,182,168
105000226,96,214,-118
105000227,64,183,-119
105000228,364,1543,-1179
105000229,175,356,-181
105000231,325,321,4
105000233,845,707,138
105000234,579,1170,-591
105000235,378,607,-229
105000237,676,71,605
105000243,46,42,4
105000248,83,78,5
105000262,388,1421,-1033
105000269,115,244,-129
105000270,367,77,290
105000271,0,198,-198
105000282,56,55,1
105000287,328,90,238
105000288,705,455,250
105000289,3110,1896,1214
105000290,90,2,88
105000402,3832,2908,924
105000426,538,581,-43
105000438,4305,1542,2763
105000440,15,18,-3
105000446,12382,6033,6349
105000447,7740,3090,4650
105000454,425,793,-368
105000455,270,247,23
105000474,31,6,25
105000477,316,535,-219
105000478,1640,3517,-1877
105000479,182,126,56
105000480,8879,5308,3571
105000481,4425,2903,1522
105000482,6115,7545,-1430
105000483,1457,1618,-161
105000484,2320,3227,-907
105000485,1719,2343,-624
105000486,4135,2666,1469
105000488,10589,5739,4850
105000489,912,905,7
105000549,229,113,116
105000550,586,1663,-1077
105000551,53,154,-101
105000552,3394,1945,1449
105000555,1253,982,271
105000556,50,25,25
105000557,29,185,-156
105900001,7,980,-973
105900002,1202,699,503
105900003,8,94,-86
105900004,213,146,67
105900005,11,240,-229
105900006,13,78,-65
105900007,120,22,98
105900008,38,678,-640
105900009,15,14,1
105900011,158,52,106
105900012,450,99,351
105900013,3,37,-34
105900014,7,54,-47
105900015,134,284,-150
105900016,393,472,-79
105900017,1197,56,1141
105900018,144,177,-33
105900019,50,224,-174
105900020,53,51,2
105900021,26,156,-130
105900022,194,160,34
105900023,1,84,-83
105900024,15,100,-85
105900025,159,40,119
105900026,233,35,198
105900027,4022,5454,-1432
105900028,385,207,178
105900029,1567,347,1220
105900030,205,233,-28
105900031,352,223,129
105900032,65,167,-102
105900033,189,121,68
105900034,156,233,-77
105900035,134,136,-2
105900036,55,89,-34
105900037,77,71,6
105900038,129,288,-159
105900039,87,90,-3
105900040,117,123,-6
105900041,160,156,4
105900042,66,130,-64
105900043,1192,49,1143
105900044,5,255,-250
105900045,0,592,-592
105900046,4,169,-165
105900047,5,24,-19
105900048,119,594,-475
105900050,4569,1368,3201
105900051,9,833,-824
105900052,447,306,141
105900053,3135,2482,653
105900054,314,185,129
105900056,699,388,311
105900057,41,114,-73
105900058,17,26,-9
105900059,0,24,-24
106000001,4659,2548,2111
106000002,2850,5469,-2619
106000003,2639,3717,-1078
106000004,1998,3056,-1058
106000005,3022,5632,-2610
106000006,6080,4690,1390
106000007,471,643,-172
106000008,414,361,53
106000009,496,436,60
106000010,611,600,11
106000011,925,1111,-186
106000012,846,1563,-717
106000013,1678,1978,-300
106000014,1956,1882,74
106000015,1472,1236,236
106000016,1373,2522,-1149
106000017,625,717,-92
106000018,663,560,103
106000019,376,496,-120
106000020,258,447,-189
106000021,294,486,-192
106000022,395,280,115
106000023,533,355,178
106000024,579,659,-80
106000025,121,190,-69
106000026,187,298,-111
106000027,1121,1304,-183
106000028,655,626,29
106000029,876,1367,-491
106000030,788,484,304
106000034,196,671,-475
106000035,1085,1747,-662
106000036,282,454,-172
106000037,2192,1605,587
106000038,541,102,439
106000039,177,101,76
106000040,177,911,-734
106000041,784,469,315
106000043,602,244,358
106000046,332,77,255
106000047,66,419,-353
106000049,898,241,657
106000050,480,882,-402
106000051,596,495,101
106000052,96,587,-491
106000053,312,140,172
106000054,361,578,-217
106000055,1030,1140,-110
106000056,283,453,-170
106000057,270,282,-12
106000058,128,194,-66
106000059,278,280,-2
106000060,390,626,-236
106000061,174,509,-335
106000062,154,570,-416
106000063,669,543,126
106000064,69,459,-390
106000065,281,323,-42
106000066,98,343,-245
106000067,306,113,193
106000068,58,675,-617
106000069,183,73,110
106000070,460,828,-368
106000071,1034,334,700
106000072,3129,1674,1455
106000073,1838,3081,-1243
106000074,564,669,-105
106000075,342,1529,-1187
106000076,1900,2316,-416
106000077,3676,1528,2148
106000078,967,1039,-72
106000079,702,1129,-427
106000080,1103,753,350
106000081,700,1318,-618
106000082,2154,862,1292
106000083,331,1596,-1265
106000084,1201,788,413
106000085,1539,1608,-69
106000086,631,990,-359
106000087,831,563,268
106000088,429,831,-402
106000089,899,406,493
106000090,252,653,-401
106000091,219,557,-338
106000092,627,291,336
106000093,467,133,334
106000094,101,358,-257
106000095,647,867,-220
106000096,895,785,110
106000097,1038,922,116
106000098,854,1130,-276
106000099,192,804,-612
106000100,834,278,556
106000101,876,275,601
106000102,202,661,-459
106000103,336,533,-197
106000104,771,501,270
106000105,461,714,-253
106000106,538,475,63
106000107,171,425,-254
106000108,356,371,-15
106000109,158,341,-183
106000110,229,355,-126
106000111,261,517,-256
106000112,252,575,-323
106000113,661,606,55
106000114,527,598,-71
106000115,252,535,-283
106000116,323,245,78
106000117,925,787,138
106000118,1084,1366,-282
106000119,1738,1120,618
106000120,708,1008,-300
106000121,142,151,-9
106000122,97,255,-158
106000123,368,181,187
106000124,85,306,-221
106000125,61,310,-249
106000126,342,151,191
106000127,818,878,-60
106000128,780,196,584
106000129,573,742,-169
106000130,668,460,208
106000131,153,1007,-854
106000132,616,183,433
106000133,2168,1367,801
106000134,678,1590,-912
106000135,277,755,-478
106000136,572,939,-367
106000137,91,905,-814
106000138,985,117,868
106000139,69,154,-85
106000140,62,77,-15
106000141,91,88,3
106000142,53,73,-20
106000143,74,60,14
106000144,28,56,-28
106000145,197,266,-69
106000146,373,150,223
106000147,456,452,4
106000148,731,826,-95
106000149,578,349,229
106000150,445,1848,-1403
106000151,3638,801,2837
106000152,1385,1853,-468
106000153,126,1619,-1493
106000154,1441,268,1173
106000155,135,275,-140
106000156,700,309,391
106000157,632,1623,-991
106000158,2411,975,1436
106000159,3391,1688,1703
106000160,339,2454,-2115
106000161,1511,468,1043
106000162,228,891,-663
106000163,356,434,-78
106000164,351,412,-61
106000165,170,640,-470
106000166,631,286,345
106000167,442,1100,-658
106000168,476,261,215
106000169,191,699,-508
106000170,948,298,650
106000171,226,1240,-1014
106000172,2665,1336,1329
106000173,1109,2895,-1786
106000174,984,420,564
106000175,276,957,-681
106000176,1401,809,592
106000177,811,2410,-1599
106000178,3079,1708,1371
106000179,1147,2562,-1415
106000180,744,1426,-682
106000181,597,1642,-1045
106000182,1051,667,384
106000183,1076,715,361
106000184,1305,637,668
106000185,800,918,-118
106000186,948,142,806
106000187,235,1175,-940
106000188,0,1,-1
106000189,13,70,-57
106000190,57,2,55
106000191,565,208,357
106000192,0,16,-16
106000193,375,244,131
106000194,137,378,-241
106000195,342,146,196
106000196,142,324,-182
106000197,478,269,209
106000198,144,280,-136
106000199,896,746,150
106000200,214,237,-23
106000201,461,2148,-1687
106000202,3976,604,3372
106000203,86,209,-123
106000204,98,10,88
106000205,32,138,-106
106000206,81,30,51
106000207,61,674,-613
106000208,1281,220,1061
106000209,1372,320,1052
106000210,327,1125,-798
106000211,353,1202,-849
106000212,786,357,429
106000213,772,1627,-855
106000214,2873,637,2236
106000215,255,550,-295
106000216,367,409,-42
106000217,285,544,-259
106000218,587,470,117
106000219,126,358,-232
106000220,370,295,75
106000221,201,305,-104
106000222,41,103,-62
106000223,170,123,47
106000224,192,270,-78
106000225,93,130,-37
106000226,157,335,-178
106000228,41,115,-74
106000229,64,677,-613
106000231,764,129,635
106000232,76,390,-314
106000233,572,73,499
106000234,104,179,-75
106000235,1082,72,1010
106000236,434,65,369
106000237,17,12,5
106000238,422,12,410
106000239,1,156,-155
106000240,64,8,56
106000241,18,708,-690
106000242,267,30,237
106000249,50,90,-40
106000250,45,592,-547
106000251,105,22,83
106000252,16,90,-74
106000253,41,55,-14
106000254,68,36,32
106000255,12,121,-109
106000256,74,75,-1
106000257,161,185,-24
106000258,541,19,522
106000259,11,25,-14
106000260,47,7,40
106000261,14,39,-25
106000262,79,20,59
106000263,16,110,-94
106000264,161,10,151
106000265,13,140,-127
106000266,122,28,94
106000267,10,59,-49
106000268,608,59,549
106000269,92,62,30
106000270,144,545,-401
106000271,73,201,-128
106000272,219,90,129
106000273,9,292,-283
106000274,175,71,104
106000275,175,252,-77
106000276,210,48,162
106000277,122,230,-108
106000278,233,28,205
106000279,29,28,1
106000280,103,100,3
106000281,104,69,35
106000282,73,60,13
106000283,100,88,12
106000284,68,120,-52
106000285,106,99,7
106000286,79,153,-74
106000287,155,90,65
106000288,95,163,-68
106000289,92,71,21
106000290,72,125,-53
106000291,97,79,18
106000292,98,97,1
106000293,118,100,18
106000294,130,143,-13
106000295,51,55,-4
106000296,39,151,-112
106000297,70,235,-165
106000298,141,62,79
106000299,68,130,-62
106000300,53,115,-62
106000301,64,102,-38
106000303,28,75,-47
106000304,35,24,11
106000305,40,35,5
106000306,27,60,-33
106000307,58,20,38
106000308,23,175,-152
106000309,25,65,-40
106000310,368,576,-208
106000311,350,199,151
106000312,79,170,-91
106000313,148,198,-50
106000318,148,338,-190
106000319,1079,223,856
106000320,4,50,-46
106000321,421,95,326
106000322,184,253,-69
106000324,15,158,-143
106000325,1454,932,522
106000326,967,1896,-929
106000327,147,141,6
106000328,11,125,-114
106000329,128,283,-155
106000330,61,82,-21
106000428,120,218,-98
106000429,178,584,-406
106000430,412,1406,-994
106000431,2396,478,1918
106000432,2323,3480,-1157
106000433,2140,1419,721
106000434,2860,1463,1397
106000435,1741,2858,-1117
106000436,15,210,-195
106000437,287,40,247
106000438,268,137,131
106000439,56,364,-308
106000440,298,446,-148
106000441,4,4,0
106000442,146,8,138
106000443,151,376,-225
106000450,2,194,-192
106000451,38,40,-2
106000454,14,367,-353
106000455,26,202,-176
106000456,132,64,68
106000457,32,967,-935
106000458,763,135,628
106000459,426,386,40
106000460,1603,46,1557
106000461,94,1228,-1134
106000462,2,42,-40
106000463,3,33,-30
106000464,5,497,-492
106000465,582,2,580
106000466,4,628,-624
106000467,472,559,-87
106000468,81,166,-85
106000469,233,3,230
106000470,311,1780,-1469
106000471,41,561,-520
106000472,129,9,120
106000473,45,29,16
106000474,329,543,-214
106000475,352,208,144
106000476,199,231,-32
106000477,45,172,-127
106000480,0,501,-501
106900001,0,7,-7
106900002,1,481,-480
106900003,275,843,-568
106900004,0,49,-49
106900006,0,9,-9
106900007,0,17,-17
106900008,282,224,58
106900009,330,379,-49
106900010,266,317,-51
106900012,1821,1877,-56
106900013,467,156,311
106900014,17,2,15
106900015,15,3,12
106900016,348,6,342
106900017,1,1,0
106900018,2,0,2
106900019,27,3,24
106900020,2269,1351,918
106900021,186,113,73
106900022,654,2,652
106900023,69,289,-220
106900024,507,43,464
106900025,69,583,-514
106900026,5,618,-613
106900027,838,6,832
107000001,4354,3141,1213
107000002,3737,5705,-1968
107000003,5142,6643,-1501
107000004,4855,5451,-596
107000005,3926,5254,-1328
107000006,5197,5399,-202
107000007,5351,10330,-4979
107000008,12462,9627,2835
107000009,6480,7398,-918
107000010,12431,11596,835
107000011,1471,1539,-68
107000012,4672,3531,1141
107000013,97,145,-48
107000014,51,392,-341
107000015,612,947,-335
107000016,779,1036,-257
107000017,3234,1127,2107
107000018,12,483,-471
107000020,1894,677,1217
107000021,1600,600,1000
107000022,943,1104,-161
107000023,2211,310,1901
107000024,612,1503,-891
107000025,295,466,-171
107000026,277,627,-350
107000027,1453,1165,288
107000028,1364,1583,-219
107000029,3319,2698,621
107000030,3241,3520,-279
107000031,3770,2434,1336
107000032,574,1198,-624
107000033,3095,4899,-1804
107000034,3457,1845,1612
107000035,323,245,78
107000036,467,1305,-838
107000037,74,863,-789
107000038,226,293,-67
107000039,892,755,137
107000040,175,410,-235
107000041,1500,767,733
107000042,712,2006,-1294
107000043,2662,1201,1461
107000044,594,365,229
107000045,137,311,-174
107000046,713,431,282
107000047,435,912,-477
107000048,656,372,284
107000049,579,806,-227
107000050,1049,582,467
107000051,486,424,62
107000052,1197,950,247
107000053,446,233,213
107000054,102,365,-263
107000055,423,157,266
107000056,540,912,-372
107000057,1664,376,1288
107000058,2280,2309,-29
107000059,2393,3653,-1260
107000060,3726,5324,-1598
107000061,5325,3897,1428
107000062,3641,2922,719
107000063,4276,5702,-1426
107000064,4285,2145,2140
107000065,4652,5428,-776
107000066,1611,2488,-877
107000067,1109,1178,-69
107000068,1364,737,627
107000069,742,549,193
107000070,1340,15,1325
107000071,3044,60,2984
107000072,66,2990,-2924
107000073,734,322,412
107000074,210,1040,-830
107000075,1527,503,1024
107000076,724,1711,-987
107000077,3435,1438,1997
107000078,3083,3832,-749
107000079,2579,1043,1536
107000080,1294,3711,-2417
107000081,1642,588,1054
107000082,671,2029,-1358
107000083,1366,533,833
107000084,485,1971,-1486
107000085,3026,3696,-670
107000086,4167,3998,169
107000087,2595,2183,412
107000088,3368,4173,-805
107000089,1414,1841,-427
107000090,1131,1266,-135
107000091,1120,830,290
107000092,751,1205,-454
107000093,1131,807,324
107000094,1113,1331,-218
107000095,807,765,42
107000096,602,1041,-439
107000097,790,423,367
107000098,576,743,-167
107000099,453,379,74
107000100,265,357,-92
107000101,73,252,-179
107000102,294,331,-37
107000103,399,211,188
107000104,229,404,-175
107000105,400,133,267
107000106,173,317,-144
107000107,740,196,544
107000108,257,702,-445
107000109,677,224,453
107000110,87,581,-494
107000111,404,72,332
107000112,71,349,-278
107000113,604,135,469
107000114,99,604,-505
107000115,490,161,329
107000116,120,914,-794
107000117,118,662,-544
107000118,120,205,-85
107000119,1553,1671,-118
107000120,1623,478,1145
107000121,815,803,12
107000122,1272,1085,187
107000123,419,724,-305
107000124,573,1125,-552
107000125,882,691,191
107000126,911,976,-65
107000129,345,920,-575
107000130,820,279,541
107000131,432,647,-215
107000132,622,331,291
107000133,1226,145,1081
107000134,415,9,406
107000135,7,274,-267
107000136,947,10,937
107000137,8,434,-426
107000138,512,38,474
107000139,25,457,-432
107000140,1579,135,1444
107000141,157,842,-685
107000142,502,144,358
107000143,142,762,-620
107000144,612,591,21
107000145,214,498,-284
107000146,191,405,-214
107000147,4541,1246,3295
107000150,727,2529,-1802
107000151,47,104,-57
107000152,434,1291,-857
107000153,187,456,-269
107000154,335,266,69
107000155,842,22,820
107000156,1228,20,1208
107000157,39,1656,-1617
107000158,662,23,639
107000159,36,1186,-1150
107000160,908,175,733
107000161,74,1497,-1423
107000162,261,507,-246
107000163,413,4,409
107000164,771,2,769
107000165,808,4,804
107000166,68,1151,-1083
107000167,572,311,261
107000168,1152,531,621
107000169,953,1063,-110
107000170,1824,781,1043
107000171,568,2130,-1562
107000172,934,1604,-670
107000173,714,1108,-394
107000174,974,4714,-3740
107000175,7038,1998,5040
107000176,3,7,-4
107000177,3,2,1
107000178,17,76,-59
107000179,278,2693,-2415
107000180,1246,292,954
107000181,418,1477,-1059
107000182,1691,975,716
107000183,182,888,-706
107000184,1121,809,312
107000185,459,1476,-1017
107000186,1123,414,709
107000187,1456,1302,154
107000188,677,728,-51
107000189,396,1147,-751
107000190,793,730,63
107000191,844,1389,-545
107000192,1607,835,772
107000193,355,488,-133
107000194,927,777,150
107000197,885,318,567
107000198,355,833,-478
107000199,543,839,-296
107000200,691,583,108
107000201,566,254,312
107000202,346,521,-175
107000203,1611,698,913
107000204,1646,750,896
107000205,2295,1103,1192
107000206,847,1067,-220
107000207,697,1054,-357
107000208,1086,482,604
107000209,2127,1151,976
107000210,894,397,497
107000211,12,37,-25
107000212,15,331,-316
107000213,6,19,-13
107000214,13,159,-146
107000215,318,416,-98
107000216,436,320,116
107000217,194,162,32
107000219,106,117,-11
107000220,232,222,10
107000222,292,772,-480
107000224,366,92,274
107000225,206,559,-353
107000226,404,78,326
107000227,100,290,-190
107000228,62,230,-168
107000229,189,122,67
107000230,1197,579,618
107000231,1849,1544,305
107000232,109,32,77
107000233,1701,913,788
107000234,2,56,-54
107000235,62,8,54
107000236,20,392,-372
107000237,21,0,21
107000238,29,0,29
107000239,3012,511,2501
107000240,72,879,-807
107000243,0,79,-79
107000244,3,82,-79
107000246,7,1082,-1075
107000249,6,1138,-1132
107000251,2,314,-312
107000252,4,1122,-1118
107000255,447,72,375
107000257,2,470,-468
107000258,1,138,-137
107000259,17,257,-240
107000260,713,18,695
107000262,12,578,-566
107000263,231,6,225
107000266,10,24,-14
107000267,75,128,-53
107000268,194,166,28
107000269,535,60,475
107000270,0,16,-16
107000271,12,828,-816
107000272,33,198,-165
107000273,4,193,-189
107000274,1673,182,1491
107000275,117,636,-519
107000280,784,31,753
107000281,33,871,-838
107000282,23,841,-818
107000290,5,28,-23
107000291,25,12,13
107000292,0,46,-46
107000293,124,4,120
107000294,0,41,-41
107000295,40,4,36
107000296,0,26,-26
107000444,338,12,326
107000496,1,26,-25
107000497,1613,2567,-954
107000500,297,329,-32
107000501,124,179,-55
107000502,181,380,-199
107000505,438,889,-451
107000506,2,28,-26
107000508,13,649,-636
107000509,301,1101,-800
107000510,42,18,24
107000514,47,371,-324
107000515,14,198,-184
107000516,323,278,45
107000518,1261,1092,169
107000519,2073,1026,1047
107000520,54,32,22
107000521,630,452,178
107000522,934,627,307
107900001,45,224,-179
107900002,55,7,48
107900003,395,21,374
107900004,8,2,6
107900005,1222,6,1216
107900006,121,1,120
107900007,295,38,257
107900008,91,28,63
107900009,144,4,140
107900010,50,1,49
107900012,290,19,271
107900013,245,69,176
107900014,30,9,21
107900015,870,10,860
107900016,406,91,315
107900017,12,3,9
107900018,64,122,-58
107900019,22,52,-30
107900020,72,10,62
107900021,56,133,-77
107900023,4,1,3
107900024,0,13,-13
107900025,178,290,-112
107900026,70,54,16
107900027,107,48,59
107900028,61,72,-11
107900030,154,20,134
107900031,35,82,-47
107900032,33,8,25
107900033,14,7,7
107900034,369,15,354
107900035,735,43,692
107900036,60,15,45
107900037,0,13,-13
107900038,151,192,-41
107900039,39,61,-22
107900040,23,62,-39
107900041,7,2,5
107900043,28,120,-92
107900044,11,10,1
107900045,99,52,47
107900046,151,151,0
107900047,14,21,-7
107900048,154,7,147
107900049,354,1058,-704
107900050,171,342,-171
107900051,60,66,-6
107900052,55,17,38
107900053,47,86,-39
107900055,520,217,303
107900056,160,53,107
107900057,1,0,1
107900058,40,559,-519
107900060,99,32,67
107900061,21,6,15
107900063,76,115,-39
107900064,258,113,145
107900065,136,14,122
107900066,21,6,15
107900067,1,0,1
107900068,295,322,-27
107900069,36,1555,-1519
107900070,153,43,110
107900071,26,706,-680
107900072,65,147,-82
107900073,106,108,-2
107900074,906,283,623
107900076,96,56,40
107900077,55,2,53
107900079,12,16,-4
107900080,247,370,-123
107900081,37,136,-99
107900082,26,22,4
107900083,367,164,203
107900084,82,125,-43
107900086,124,124,0
107900087,791,179,612
107900088,31,9,22
107900089,231,930,-699
107900090,468,2067,-1599
107900091,225,421,-196
107900093,93,94,-1
107900095,3790,2449,1341
107900097,21,78,-57
107900098,40,131,-91
107900100,1045,1102,-57
107900101,1065,225,840
107900102,31,6,25
107900103,41,187,-146
107900104,234,5,229
107900105,2,342,-340
107900106,1,1196,-1195
107900107,783,450,333
107900108,348,111,237
107900109,1032,8,1024
107900110,40,90,-50
107900111,5,894,-889
107900112,119,361,-242
107900113,217,125,92
107900114,221,183,38
107900115,0,54,-54
107900116,116,127,-11
107900117,352,438,-86
107900118,99,176,-77
107900119,117,259,-142
107900120,45,29,16
107900121,2,192,-190
107900122,5,51,-46
107900123,0,47,-47
107900124,39,30,9
107900125,42,193,-151
107900126,13,69,-56
107900127,414,320,94
107900128,122,83,39
107900129,47,45,2
107900130,70,28,42
107900131,780,230,550
107900132,137,382,-245
107900133,1,95,-94
107900134,39,70,-31
107900135,8,167,-159
107900136,26,35,-9
107900137,150,117,33
107900138,41,40,1
107900139,39,69,-30
107900141,46,30,16
107900142,111,893,-782
107900143,62,25,37
107900144,3,155,-152
107900145,20,106,-86
107900146,53,131,-78
107900147,34,42,-8
107900148,158,131,27
107900149,1006,251,755
107900150,114,770,-656
107900151,31,100,-69
107900152,4,140,-136
107900153,194,307,-113
107900154,62,48,14
107900155,52,77,-25
107900156,1,376,-375
107900157,38,64,-26
107900158,719,25,694
107900159,29,722,-693
107900160,140,258,-118
107900161,35,213,-178
107900162,1,40,-39
107900163,82,18,64
107900164,4,32,-28
107900165,24,95,-71
107900166,16,261,-245
107900167,37,18,19
107900168,21,34,-13
107900169,3,204,-201
107900171,13,1336,-1323
107900172,5,362,-357
107900173,7,168,-161
107900174,110,7,103
107900175,54,24,30
107900176,22,42,-20
107900177,0,73,-73
107900178,0,180,-180
107900179,12,149,-137
107900180,567,458,109
107900181,315,297,18
107900182,8,1348,-1340
107900183,47,296,-249
107900184,134,263,-129
107900185,122,6,116
107900186,38,58,-20
107900187,0,96,-96
107900188,698,177,521
107900189,35,118,-83
107900190,93,94,-1
107900191,45,125,-80
107900193,6,61,-55
107900194,211,14,197
107900195,2821,442,2379
107900196,44,106,-62
107900197,821,313,508
107900199,5,1036,-1031
107900201,100,111,-11
107900203,63,86,-23
107900204,182,212,-30
107900206,836,158,678
107900207,6,672,-666
107900208,6,660,-654
107900209,434,149,285
107900210,95,98,-3
107900213,551,423,128
107900214,8,196,-188
107900215,179,314,-135
107900216,202,73,129
107900217,37,110,-73
107900218,15,1354,-1339
107900219,22,77,-55
107900220,256,240,16
107900221,190,251,-61
107900223,101,569,-468
107900224,131,331,-200
107900225,9,700,-691
107900226,113,107,6
107900227,126,449,-323
107900228,18,114,-96
107900229,1,250,-249
107900230,19,142,-123
107900231,17,198,-181
107900232,83,151,-68
107900233,6,159,-153
107900234,83,167,-84
107900235,15,103,-88
107900236,95,84,11
107900237,70,438,-368
107900238,23,106,-83
107900239,1021,454,567
107900240,39,141,-102
107900241,17,90,-73
107900242,31,318,-287
107900243,1,92,-91
107900244,335,1,334
107900245,578,48,530
107900246,209,18,191
107900248,124,448,-324
107900249,528,15,513
107900250,0,509,-509
107900251,82,1142,-1060
107900252,796,24,772
107900253,141,5,136
107900254,76,381,-305
107900255,247,103,144
107900256,1294,535,759
107900257,140,123,17
107900258,99,191,-92
107900259,91,1583,-1492
107900261,14,455,-441
107900262,39,132,-93
107900264,379,3,376
107900265,283,174,109
107900267,209,18,191
107900268,7,0,7
107900269,0,1,-1
107900270,0,0,0
107900271,1,7,-6
107900272,61,10,51
107900273,30,116,-86
107900274,84,2,82
107900275,19,0,19
107900276,1,88,-87
107900277,0,168,-168
107900278,218,379,-161
107900279,111,196,-85
107900280,1671,2091,-420
107900281,1646,2332,-686
107900282,44,373,-329
107900283,1145,508,637
107900284,701,732,-31
107900285,112,74,38
107900286,162,92,70
107900287,122,150,-28
107900290,0,84,-84
107900291,386,21,365
107900292,126,235,-109
107900293,81,512,-431
107900295,48,53,-5
107900297,0,370,-370
107900298,856,804,52
107900299,3130,1939,1191
107900301,851,606,245
107900302,76,60,16
107900303,210,347,-137
107900304,193,459,-266
107900305,323,16,307
107900306,23,34,-11
107900307,52,273,-221
107900308,157,75,82
107900309,173,0,173
107900310,455,5,450
107900311,1,309,-308
107900312,74,3,71
107900313,3,140,-137
107900314,1,36,-35
107900315,0,47,-47
107900316,39,2,37
107900317,134,32,102
107900318,16,145,-129
107900319,8,162,-154
107900320,4,133,-129
107900321,116,2,114
107900322,0,158,-158
107900323,11,146,-135
107900324,156,2,154
107900325,95,1,94
107900326,308,272,36
107900327,1,69,-68
107900328,158,1,157
107900329,192,102,90
107900330,6,299,-293
107900331,198,40,158
107900332,252,38,214
107900333,73,14,59
107900334,5,159,-154
107900335,41,40,1
107900336,37,78,-41
107900337,1273,917,356
107900338,3,167,-164
107900339,2,20,-18
107900340,2,79,-77
107900341,74,2,72
107900342,104,109,-5
107900343,50,3,47
107900344,5,63,-58
107900345,126,27,99
107900346,14,1,13
107900347,24,1,23
107900348,4,1,3
107900349,24,3,21
107900350,33,267,-234
107900351,8,226,-218
107900352,4,39,-35
107900353,24,14,10
107900354,17,46,-29
108000001,2832,3878,-1046
108000002,2241,2909,-668
108000003,3437,3408,29
108000004,13937,17936,-3999
108000005,8566,6541,2025
108000006,9932,9270,662
108000007,4887,4692,195
108000008,4976,7477,-2501
108000009,3404,4898,-1494
108000010,4087,5632,-1545
108000011,12166,12196,-30
108000012,19772,18226,1546
108000014,1502,887,615
108000015,911,360,551
108000016,402,886,-484
108000017,1042,435,607
108000018,1614,665,949
108000019,2151,860,1291
108000020,1504,577,927
108000021,422,1931,-1509
108000022,426,1500,-1074
108000023,1291,238,1053
108000024,362,566,-204
108000025,337,320,17
108000026,800,483,317
108000027,790,795,-5
108000028,968,349,619
108000029,622,1050,-428
108000030,621,249,372
108000031,238,787,-549
108000032,1362,593,769
108000033,748,1343,-595
108000034,1482,479,1003
108000035,739,2770,-2031
108000036,358,1190,-832
108000037,1488,451,1037
108000038,2334,525,1809
108000039,600,2450,-1850
108000040,1741,916,825
108000041,607,2669,-2062
108000042,263,290,-27
108000043,209,351,-142
108000044,468,230,238
108000045,303,698,-395
108000046,1342,352,990
108000047,387,1085,-698
108000048,236,458,-222
108000049,1138,304,834
108000050,154,731,-577
108000051,295,121,174
108000052,250,725,-475
108000053,409,210,199
108000054,551,1064,-513
108000055,950,486,464
108000056,1351,1447,-96
108000057,523,1194,-671
108000058,1982,3824,-1842
108000059,3958,2180,1778
108000060,219,638,-419
108000061,343,575,-232
108000062,722,569,153
108000063,438,510,-72
108000064,190,279,-89
108000065,500,573,-73
108000066,1524,730,794
108000067,1531,512,1019
108000068,670,377,293
108000069,260,1152,-892
108000070,1767,760,1007
108000071,758,1832,-1074
108000072,1791,1126,665
108000073,1537,2275,-738
108000074,600,432,168
108000075,350,1073,-723
108000076,686,654,32
108000077,668,810,-142
108000078,2059,1384,675
108000079,1020,1978,-958
108000080,1322,550,772
108000081,743,1855,-1112
108000082,1017,1862,-845
108000083,1697,965,732
108000084,489,1371,-882
108000085,746,470,276
108000086,893,898,-5
108000087,135,1947,-1812
108000088,750,207,543
108000089,338,332,6
108000091,257,532,-275
108000092,131,80,51
108000093,181,652,-471
108000094,558,112,446
108000095,176,416,-240
108000096,273,178,95
108000097,126,498,-372
108000098,1561,1444,117
108000099,1345,351,994
108000100,120,576,-456
108000101,1357,1567,-210
108000102,1809,3327,-1518
108000106,983,1,982
108000107,4,679,-675
108000108,1103,58,1045
108000109,14,796,-782
108000110,175,370,-195
108000111,155,576,-421
108000112,80,157,-77
108000113,568,263,305
108000115,380,304,76
108000117,792,366,426
108000118,603,1572,-969
108000119,804,440,364
108000120,161,695,-534
108000121,194,493,-299
108000122,578,357,221
108000123,1167,243,924
108000124,774,639,135
108000125,542,322,220
108000126,223,574,-351
108000127,561,382,179
108000128,639,721,-82
108000129,471,1299,-828
108000130,535,289,246
108000131,945,610,335
108000132,2547,1706,841
108000133,821,607,214
108000134,609,747,-138
108000135,1148,657,491
108000136,525,1140,-615
108000137,408,352,56
108000138,424,1018,-594
108000139,580,346,234
108000140,112,28,84
108000141,45,118,-73
108000142,52,97,-45
108000143,31,505,-474
108000144,383,59,324
108000145,39,21,18
108000146,557,98,459
108000147,34,26,8
108000148,425,94,331
108000149,20,27,-7
108000150,26,11,15
108000151,551,130,421
108000152,146,541,-395
108000153,488,128,360
108000154,67,15,52
108000155,37,14,23
108000156,837,595,242
108000157,162,893,-731
108000158,124,699,-575
108000159,562,217,345
108000160,3369,1183,2186
108000161,2919,2599,320
108000165,4,132,-128
108000172,12,402,-390
108000173,2231,1841,390
108000175,506,134,372
108000178,440,343,97
108000179,203,865,-662
108000181,84,41,43
108000182,286,109,177
108000183,140,458,-318
108000184,1069,1956,-887
108000185,223,561,-338
108000186,365,468,-103
108000187,130,657,-527
108000188,570,270,300
108000189,2399,6759,-4360
108000190,54,127,-73
108000192,170,667,-497
108000193,907,31,876
108000194,39,8,31
108000195,4,1164,-1160
108000196,322,250,72
108000198,680,404,276
108000199,4,290,-286
108000200,648,578,70
108000203,125,730,-605
108000204,151,65,86
108000205,336,510,-174
108000339,1500,402,1098
108000364,349,773,-424
108000365,62,319,-257
108000367,173,399,-226
108000368,10,76,-66
108000369,1156,271,885
108000371,9,635,-626
108000372,749,7,742
108000373,285,185,100
108000376,98,35,63
108000377,397,357,40
108000378,9381,10124,-743
108000379,32,238,-206
108000381,64,19,45
108000382,202,5,197
108000383,1,189,-188
108900001,89,1178,-1089
108900002,217,58,159
108900003,310,736,-426
108900004,1496,505,991
108900007,221,230,-9
108900008,110,180,-70
108900009,80,105,-25
108900010,194,175,19
108900011,558,513,45
108900012,310,497,-187
108900013,182,286,-104
108900014,14,111,-97
108900015,0,53,-53
108900016,1,260,-259
108900017,222,415,-193
108900018,97,364,-267
108900019,27,741,-714
108900020,49,241,-192
108900021,95,245,-150
108900022,127,6,121
108900023,2,40,-38
108900024,27,173,-146
108900025,97,137,-40
108900026,18,120,-102
108900027,0,95,-95
108900028,105,381,-276
108900029,71,242,-171
108900030,0,122,-122
108900031,96,498,-402
108900032,11,216,-205
108900033,0,85,-85
108900034,1,252,-251
108900035,348,1476,-1128
108900038,0,356,-356
108900039,2,483,-481
108900040,10,135,-125
108900041,5276,2790,2486
108900042,4,336,-332
108900043,54,523,-469
108900044,2,552,-550
108900045,42,572,-530
108900046,61,786,-725
108900047,0,121,-121
108900048,134,1102,-968
108900049,3794,1270,2524
108900050,0,257,-257
108900051,0,233,-233
108900052,37,246,-209
108900053,106,165,-59
108900054,68,199,-131
108900055,46,371,-325
108900056,0,200,-200
108900057,4,158,-154
108900058,36,383,-347
108900059,342,23,319
108900060,67,112,-45
108900061,91,45,46
108900062,6,268,-262
108900063,5,303,-298
108900064,153,76,77
108900065,12,282,-270
108900066,289,110,179
108900067,24,188,-164
108900068,4,156,-152
108900069,51,124,-73
108900070,37,135,-98
108900071,102,67,35
108900072,2053,701,1352
108900073,34,322,-288
108900074,193,412,-219
108900075,85,49,36
108900076,256,77,179
108900077,193,493,-300
108900078,20,165,-145
108900079,964,186,778
108900080,20,762,-742
108900081,69,261,-192
108900082,63,113,-50
108900083,29,308,-279
108900085,2313,192,2121
108900086,73,293,-220
108900087,141,177,-36
108900088,953,390,563
108900089,14,187,-173
108900090,36,301,-265
108900091,121,83,38
108900092,414,404,10
108900093,80,78,2
108900094,169,104,65
108900095,39,369,-330
108900096,357,27,330
108900097,277,261,16
108900098,2419,580,1839
108900099,329,258,71
108900100,85,149,-64
108900101,241,136,105
108900102,107,837,-730
108900103,70,102,-32
108900105,10,1148,-1138
108900106,400,382,18
108900108,389,37,352
108900109,291,58,233
108900110,194,519,-325
108900111,424,676,-252
108900113,25,61,-36
108900114,78,8,70
108900115,59,64,-5
108900116,116,27,89
108900117,167,16,151
108900118,431,19,412
108900119,238,25,213
108900120,222,150,72
108900121,235,111,124
108900122,141,31,110
108900123,91,93,-2
108900124,424,180,244
108900125,293,5,288
108900126,107,18,89
108900127,117,29,88
108900128,137,38,99
108900129,633,140,493
108900130,214,0,214
108900131,357,2,355
108900132,462,62,400
108900133,203,58,145
108900134,291,223,68
108900135,157,10,147
108900136,43,1,42
108900137,137,1,136
108900138,641,45,596
108900140,281,282,-1
108900141,219,8,211
108900142,118,16,102
108900143,35,0,35
108900144,59,1,58
108900145,184,8,176
108900146,70,0,70
108900147,194,2,192
108900148,80,43,37
108900150,285,7,278
108900151,363,9,354
108900152,218,13,205
108900153,158,408,-250
108900154,4752,747,4005
108900156,100,7,93
108900157,29,476,-447
108900158,480,121,359
108900159,8,321,-313
108900160,14,310,-296
108900161,5,429,-424
108900162,72,0,72
108900163,2,223,-221
108900164,65,92,-27
108900168,8369,2489,5880
108900169,50,112,-62
108900171,6437,2533,3904
108900172,169,47,122
108900173,227,386,-159
108900174,734,595,139
108900176,129,502,-373
108900177,5885,4340,1545
108900178,4123,3052,1071
108900180,87,247,-160
108900183,184,213,-29
108900184,335,254,81
108900185,92,310,-218
108900186,44,417,-373
108900189,330,162,168
108900190,87,3078,-2991
108900192,99,232,-133
108900195,127,314,-187
108900196,23,370,-347
108900199,220,365,-145
108900200,593,360,233
108900201,483,1468,-985
108900203,481,88,393
108900204,365,31,334
108900205,149,14,135
108900206,519,45,474
108900207,165,71,94
108900208,25,376,-351
108900209,324,611,-287
108900210,188,225,-37
108900211,162,357,-195
108900212,767,1291,-524
108900215,80,486,-406
108900216,542,185,357
108900217,166,2,164
108900218,132,19,113
108900221,42,141,-99
108900224,37,196,-159
108900225,0,192,-192
108900227,112,239,-127
108900230,226,273,-47
108900232,2,301,-299
108900233,282,96,186
108900234,289,173,116
108900235,205,580,-375
108900236,33,286,-253
108900240,147,137,10
108900241,34,25,9
108900245,8,1376,-1368
108900250,224,133,91
108900258,7,243,-236
108900259,39,90,-51
108900260,9,87,-78
108900261,123,114,9
108900262,157,159,-2
108900263,43,146,-103
108900264,780,269,511
108900265,817,278,539
108900266,979,527,452
108900267,3,79,-76
108900268,9,4,5
108900269,62,14,48
108900270,54,5,49
108900271,35,6,29
108900272,232,10,222
108900273,1143,755,388
108900274,83,76,7
109000001,3780,1494,2286
109000002,2129,1703,426
109000003,2580,569,2011
109000004,512,2388,-1876
109000005,2621,786,1835
109000006,757,2213,-1456
109000007,1264,735,529
109000008,548,1943,-1395
109000009,3763,1503,2260
109000010,1683,4300,-2617
109000011,2911,2154,757
109000012,1947,3695,-1748
109000013,3194,2994,200
109000014,1925,3372,-1447
109000015,3656,6874,-3218
109000016,7000,4182,2818
109000017,2080,1364,716
109000018,880,3248,-2368
109000019,2593,1359,1234
109000020,1166,2244,-1078
109000023,302,41,261
109000024,12,206,-194
109000025,389,506,-117
109000026,801,355,446
109000027,94,357,-263
109000028,111,91,20
109000029,123,189,-66
109000030,81,516,-435
109000031,178,221,-43
109000032,101,449,-348
109000033,464,242,222
109000034,66,44,22
109000035,30,72,-42
109000036,167,421,-254
109000037,221,1117,-896
109000038,566,477,89
109000039,852,542,310
109000040,4350,6733,-2383
109000041,3925,1704,2221
109000042,723,1275,-552
109000044,367,64,303
109000045,105,335,-230
109000046,333,77,256
109000047,125,477,-352
109000048,808,185,623
109000049,357,641,-284
109000050,443,225,218
109000051,299,314,-15
109000052,488,1091,-603
109000053,226,69,157
109000054,504,469,35
109000055,369,261,108
109000056,424,379,45
109000057,512,446,66
109000058,1072,278,794
109000059,1183,1578,-395
109000060,559,415,144
109000061,1235,1024,211
109000062,138,381,-243
109000063,268,200,68
109000064,288,178,110
109000065,144,247,-103
109000066,402,110,292
109000067,73,355,-282
109000068,3857,24,3833
109000069,1286,46,1240
109000070,7,1337,-1330
109000071,402,120,282
109000072,120,388,-268
109000073,50,131,-81
109000074,74,248,-174
109000075,79,324,-245
109000076,139,251,-112
109000077,375,274,101
109000078,108,189,-81
109000079,130,219,-89
109000080,123,114,9
109000081,97,582,-485
109000082,645,235,410
109000083,296,757,-461
109000088,138,554,-416
109000089,221,57,164
109000090,189,433,-244
109000091,289,194,95
109000092,377,525,-148
109000093,196,241,-45
109000094,421,3,418
109000095,119,498,-379
109000096,628,277,351
109000097,85,200,-115
109000098,65,134,-69
109000099,1115,387,728
109000100,354,732,-378
109000101,1334,688,646
109000102,359,829,-470
109000103,476,816,-340
109000104,1503,718,785
109000105,413,1309,-896
109000106,1873,870,1003
109000107,648,2214,-1566
109000108,1597,580,1017
109000109,431,1993,-1562
109000110,1155,540,615
109000111,1047,2186,-1139
109000112,499,200,299
109000113,524,188,336
109000114,192,456,-264
109000115,1227,125,1102
109000116,27,281,-254
109000117,220,89,131
109000118,16,357,-341
109000119,1155,302,853
109000120,175,858,-683
109000121,476,69,407
109000122,126,904,-778
109000123,47,76,-29
109000124,605,484,121
109000125,935,412,523
109000126,544,790,-246
109000127,775,319,456
109000128,500,1644,-1144
109000129,1843,740,1103
109000130,659,2350,-1691
109000131,805,596,209
109000132,751,2049,-1298
109000133,339,1009,-670
109000134,864,1557,-693
109000135,1182,1712,-530
109000136,389,337,52
109000137,309,379,-70
109000138,646,352,294
109000139,489,472,17
109000140,285,471,-186
109000141,417,483,-66
109000142,145,508,-363
109000143,82,98,-16
109000145,122,416,-294
109000146,130,112,18
109000148,3394,1691,1703
109000149,28,67,-39
109000150,183,279,-96
109000155,756,608,148
109000156,1200,692,508
109000158,97,276,-179
109000159,113,506,-393
109000160,992,252,740
109000161,333,1172,-839
109000162,1758,777,981
109000163,987,1950,-963
109000164,1106,2618,-1512
109000165,1127,611,516
109000166,631,174,457
109000167,127,618,-491
109000170,62,63,-1
109000171,79,50,29
109000172,66,67,-1
109000173,49,90,-41
109000174,87,74,13
109000175,64,117,-53
109000176,293,274,19
109000177,23,133,-110
109000178,576,419,157
109000179,5208,4858,350
109000180,5121,3228,1893
109000181,20,38,-18
109000182,28,37,-9
109000183,44,39,5
109000184,29,29,0
109000185,18,65,-47
109000188,731,2223,-1492
109000189,3477,1010,2467
109000190,872,430,442
109000191,475,505,-30
109000192,329,253,76
109000193,171,353,-182
109000194,277,107,170
109000195,175,394,-219
109000196,308,118,190
109000197,168,423,-255
109000198,347,60,287
109000199,127,523,-396
109000206,249,44,205
109000207,141,39,102
109000208,96,84,12
109000209,176,167,9
109000210,187,623,-436
109000211,587,591,-4
109000214,425,444,-19
109000215,170,115,55
109000216,258,233,25
109000217,351,146,205
109000218,694,234,460
109000221,619,1127,-508
109000222,1015,277,738
109000223,287,295,-8
109000224,66,180,-114
109000225,70,67,3
109000226,88,239,-151
109000227,825,1079,-254
109000228,5,899,-894
109000231,3,321,-318
109000232,355,401,-46
109000236,218,943,-725
109000241,2095,2313,-218
109000242,1935,1663,272
109000293,31,69,-38
109000361,197,329,-132
109000364,203,540,-337
109000396,5,583,-578
109000397,448,5,443
109000399,143,500,-357
109000400,75,317,-242
109000403,140,817,-677
109000406,591,6,585
109000407,250,250,0
109000408,2,527,-525
109000410,947,269,678
109000411,250,45,205
109900001,81,1,80
109900002,852,19,833
109900003,223,2,221
109900004,1175,161,1014
109900005,38,6,32
109900006,426,257,169
109900007,650,649,1
109900008,0,50,-50
109900009,96,499,-403
109900010,580,25,555
109900011,84,49,35
109900012,404,213,191
109900013,393,166,227
109900014,436,76,360
109900015,412,284,128
109900016,153,25,128
109900017,206,272,-66
109900018,210,75,135
109900019,383,58,325
109900020,40,51,-11
109900021,33,33,0
109900022,138,246,-108
109900023,60,11,49
109900024,49,8,41
109900025,23,70,-47
109900026,4,153,-149
109900027,44,70,-26
109900028,1742,895,847
109900029,1,338,-337
109900030,39,15,24
109900031,0,76,-76
109900032,13,337,-324
109900033,7,439,-432
109900034,30,4,26
109900035,7,24,-17
109900036,26,101,-75
109900037,20,500,-480
109900038,55,206,-151
109900039,20,0,20
109900040,26,556,-530
109900041,49,365,-316
109900042,52,415,-363
109900044,203,329,-126
109900045,350,119,231
109900046,101,126,-25
109900047,427,370,57
109900048,5,92,-87
109900049,13,30,-17
109900050,3,198,-195
109900051,2,71,-69
109900052,114,424,-310
109900053,1,386,-385
109900054,557,205,352
109900055,44,311,-267
109900056,49,290,-241
109900057,5,227,-222
109900058,0,95,-95
109900059,488,99,389
109900060,402,160,242
109900061,39,311,-272
109900062,0,191,-191
109900063,4,381,-377
109900064,479,253,226
109900065,109,157,-48
109900066,340,967,-627
109900067,0,266,-266
109900068,35,7,28
109900069,2,50,-48
109900070,43,325,-282
109900071,1,54,-53
109900072,32,172,-140
109900073,238,466,-228
109900074,8,55,-47
109900075,22,22,0
109900076,24,438,-414
109900077,45,84,-39
109900078,109,195,-86
109900080,124,307,-183
109900081,50,266,-216
109900082,34,389,-355
109900083,19,52,-33
109900084,77,167,-90
109900085,256,695,-439
109900086,124,413,-289
109900087,360,494,-134
109900089,671,225,446
109900090,512,978,-466
109900091,228,79,149
109900092,810,27,783
109900093,857,171,686
109900094,79,105,-26
109900095,201,178,23
109900096,52,5,47
109900097,85,1,84
109900098,402,32,370
109900099,143,0,143
109900100,43,1,42
109900101,363,10,353
109900102,423,33,390
109900103,21,46,-25
109900104,533,846,-313
109900105,446,31,415
109900106,325,68,257
109900107,377,89,288
109900108,101,326,-225
109900109,23,155,-132
109900110,129,382,-253
109900111,291,813,-522
109900112,288,618,-330
109900113,576,455,121
109900114,833,553,280
109900115,189,93,96
109900117,856,111,745
109900118,244,458,-214
109900119,689,356,333
109900120,79,37,42
109900121,407,500,-93
109900122,444,3,441
109900123,25,157,-132
109900124,35,558,-523
109900125,6,112,-106
109900126,222,117,105
109900128,221,41,180
109900130,7069,2043,5026
109900131,39,157,-118
109900132,26,157,-131
109900133,76,292,-216
109900134,87,87,0
109900135,384,82,302
109900136,74,148,-74
109900137,87,319,-232
109900140,199,200,-1
109900142,1059,308,751
109900145,7,486,-479
109900146,611,43,568
109900148,62,119,-57
109900149,55,71,-16
109900150,20,84,-64
109900151,2,75,-73
109900152,1,40,-39
109900153,1,67,-66
109900154,100,0,100
109900155,66,26,40
109900157,54,258,-204
109900158,48,150,-102
109900159,158,46,112
109900160,140,44,96
109900161,192,86,106
109900162,172,167,5
109900163,654,219,435
109900164,68,266,-198
109900165,581,7,574
109900166,2,141,-139
109900167,175,602,-427
109900168,174,687,-513
109900169,159,229,-70
109900170,334,678,-344
109900171,188,108,80
109900172,217,241,-24
109900173,3161,2231,930
109900174,55,125,-70
109900175,146,92,54
109900176,120,167,-47
109900177,61,238,-177
109900178,12,117,-105
109900179,181,27,154
109900180,8,23,-15
110000001,1049,591,458
110000002,666,840,-174
110000003,933,812,121
110000004,537,668,-131
110000005,499,1552,-1053
110000006,407,398,9
110000007,144,169,-25
110000008,17,75,-58
110000009,86,45,41
110000010,43,75,-32
110000011,50,84,-34
110000012,659,447,212
110000013,40,663,-623
110000014,694,507,187
110000015,241,606,-365
110000016,267,1470,-1203
110000017,2721,253,2468
110000018,2600,440,2160
110000019,7,112,-105
110000020,341,195,146
110000021,633,472,161
110000022,683,177,506
110000023,5,123,-118
110000024,734,344,390
110000025,255,5,250
110000026,4,252,-248
110000027,970,423,547
110000028,766,808,-42
110000029,600,752,-152
110000030,213,372,-159
110000031,350,571,-221
110000032,738,478,260
110000033,381,98,283
110000034,429,948,-519
110000035,1031,537,494
110000036,1101,885,216
110000037,304,406,-102
110000038,217,721,-504
110000039,752,2885,-2133
110000040,326,335,-9
110000041,319,1334,-1015
110000042,121,346,-225
110000043,911,362,549
110000044,152,189,-37
110000045,981,126,855
110000046,30,17,13
110000047,290,30,260
110000048,14,21,-7
110000049,117,16,101
110000050,19,25,-6
110000051,63,16,47
110000052,42,44,-2
110000053,122,11,111
110000054,289,247,42
110000055,783,53,730
110000056,186,76,110
110000057,363,626,-263
110000058,1093,524,569
110000059,964,606,358
110000060,759,1016,-257
110000061,875,864,11
110000062,658,918,-260
110000063,37,123,-86
110000064,123,83,40
110000065,61,106,-45
110000066,85,53,32
110000067,149,214,-65
110000068,420,231,189
110000069,169,106,63
110000071,136,143,-7
110000073,10,41,-31
110000075,29,126,-97
110000076,309,341,-32
110000077,403,914,-511
110000078,40,65,-25
110000080,312,683,-371
110000081,64,246,-182
110000082,88,380,-292
110000083,273,721,-448
110000084,1091,877,214
110000085,2484,1895,589
110000086,1715,2044,-329
110000087,18,65,-47
110000088,79,244,-165
110000089,236,129,107
110000090,110,253,-143
110000091,1198,372,826
110000092,31,77,-46
110000093,57,18,39
110000094,535,299,236
110000095,178,657,-479
110000096,2428,1994,434
110000097,1151,1307,-156
110000098,2212,732,1480
110000099,935,1718,-783
110000100,715,502,213
110000101,38,437,-399
110000102,68,46,22
110000104,632,161,471
110000105,110,325,-215
110000106,721,453,268
110000107,361,413,-52
110000108,127,95,32
110000109,234,243,-9
110000110,3243,4419,-1176
110000111,6228,2847,3381
110000112,1513,1292,221
110000113,399,2371,-1972
110000114,154,660,-506
110000115,387,378,9
110000116,38,53,-15
110000117,186,386,-200
110000118,382,145,237
110000119,206,338,-132
110000120,379,185,194
110000121,110,423,-313
110000122,524,645,-121
110000123,537,699,-162
110000124,8,1180,-1172
110000125,1088,6,1082
110000126,281,35,246
110000127,1169,47,1122
110000128,48,1241,-1193
110000129,3,679,-676
110000130,420,185,235
110000131,88,524,-436
110000132,3,747,-744
110000133,42,457,-415
110000134,22,460,-438
110000135,220,35,185
110000136,78,347,-269
110000137,566,618,-52
110000138,793,885,-92
110000139,738,1262,-524
110000140,953,617,336
110000143,648,480,168
110000144,5557,1607,3950
110000145,1959,819,1140
110000146,1675,679,996
110000147,424,575,-151
110000148,756,348,408
110000151,868,771,97
110000152,948,501,447
110000153,68,51,17
110000154,7,27,-20
110000155,1576,4102,-2526
110000156,1241,2523,-1282
110000157,1622,1846,-224
110000160,372,345,27
110000161,234,348,-114
110000166,526,120,406
110000167,762,593,169
110000168,1029,578,451
110000169,782,388,394
110000170,136,77,59
110000171,587,167,420
110000172,134,838,-704
110000173,1044,1346,-302
110000174,160,1132,-972
110000175,556,65,491
110000176,123,282,-159
110000177,183,836,-653
110000178,409,1359,-950
110000179,1274,384,890
110000180,186,269,-83
110000181,354,500,-146
110000182,331,145,186
110000183,9354,6218,3136
110000184,490,2190,-1700
110000185,980,721,259
110000186,738,766,-28
110000191,880,370,510
110000192,569,6,563
110000193,1196,16,1180
110000194,21,1351,-1330
110000195,401,277,124
110000196,365,426,-61
110000197,82,187,-105
110000198,146,91,55
110000199,64,98,-34
110000200,1426,541,885
110000201,1132,897,235
110000202,1332,702,630
110000203,825,826,-1
110000204,6,250,-244
110000205,128,79,49
110000206,668,1514,-846
110000207,835,426,409
110000208,180,204,-24
110000209,136,876,-740
110000210,983,636,347
110000211,783,812,-29
110000212,385,1049,-664
110000213,174,76,98
110000214,248,138,110
110000215,192,397,-205
110000216,134,402,-268
110000217,253,159,94
110000218,165,343,-178
110000219,288,90,198
110000220,88,280,-192
110000221,272,79,193
110000222,90,229,-139
110000223,12,136,-124
110000224,90,4,86
110000225,231,772,-541
110000226,198,65,133
110000227,666,697,-31
110000228,314,324,-10
110000229,2,278,-276
110000230,548,686,-138
110000231,221,253,-32
110000232,249,191,58
110000233,248,243,5
110000234,745,517,228
110000235,877,987,-110
110000236,644,940,-296
110000237,1989,1176,813
110000238,1321,1530,-209
110000239,1994,1225,769
110000240,0,81,-81
110000242,0,4,-4
110000243,109,169,-60
110000244,130,362,-232
110000245,41,383,-342
110000246,1098,585,513
110000247,1272,4970,-3698
110000248,2291,1632,659
110000249,95,24,71
110000250,154,228,-74
110000251,310,681,-371
110000252,245,219,26
110000253,1440,744,696
110000254,780,1298,-518
110000255,211,940,-729
110000256,469,299,170
110000257,674,446,228
110000258,10,481,-471
110000259,135,17,118
110000260,28,289,-261
110000263,582,164,418
110000264,346,488,-142
110000265,1266,2078,-812
110000266,2177,2886,-709
110000267,16,240,-224
110000268,296,446,-150
110000269,3,82,-79
110000270,45,9,36
110000271,1571,298,1273
110000272,1071,950,121
110000273,4056,1643,2413
110000274,279,1276,-997
110000275,2271,626,1645
110000276,455,342,113
110000277,434,423,11
110000278,490,776,-286
110000279,810,771,39
110000280,565,437,128
110000281,36,353,-317
110000282,313,28,285
110000283,109,152,-43
110000284,109,66,43
110000285,6,529,-523
110000286,38,1,37
110000287,72,1,71
110000288,19,98,-79
110000289,482,1625,-1143
110000290,1019,670,349
110000291,4757,1348,3409
110000292,1315,4096,-2781
110000293,698,808,-110
110000294,971,1119,-148
110000295,182,845,-663
110000296,447,306,141
110000297,2792,375,2417
110000298,238,669,-431
110000299,460,78,382
110000301,479,27,452
110000302,611,1037,-426
110000303,429,7,422
110000304,212,261,-49
110000305,1252,23,1229
110000306,125,1207,-1082
110000307,1448,11,1437
110000308,481,7,474
110000309,6,829,-823
110000310,726,92,634
110000311,22,698,-676
110000312,468,92,376
110000313,2782,3911,-1129
110000314,2,400,-398
110000315,3677,2723,954
110000316,566,1374,-808
110000317,590,352,238
110000318,5,115,-110
110000319,27,45,-18
110000320,115,52,63
110000321,30,58,-28
110000322,298,382,-84
110000323,429,173,256
110000324,3408,1651,1757
110000325,3069,2957,112
110000327,516,310,206
110000328,227,421,-194
110000333,964,753,211
110000334,841,1507,-666
110000335,992,519,473
110000336,876,1113,-237
110000337,1789,633,1156
110000338,522,217,305
110000339,396,218,178
110000340,226,161,65
110000341,502,552,-50
110000342,540,2,538
110000343,1,21,-20
110000344,472,162,310
110000345,647,122,525
110000346,2919,2111,808
110000347,1136,820,316
110000348,23,33,-10
110000349,11,33,-22
110000350,46,6,40
110000351,965,948,17
110000352,722,1498,-776
110000353,2625,815,1810
110000354,1284,2935,-1651
110000355,90,112,-22
110000356,561,9,552
110000357,399,18,381
110000361,13,63,-50
110000362,35,11,24
110000363,340,144,196
110000364,211,331,-120
110000365,198,4,194
110000366,2,93,-91
110000367,370,192,178
110000368,4,49,-45
110000369,110,2,108
110000373,4,307,-303
110000374,241,11,230
110000375,177,1022,-845
110000376,55,121,-66
110000377,96,495,-399
110000378,13,394,-381
110000379,3050,1918,1132
110000380,98,15,83
110000383,2,986,-984
110000384,2508,830,1678
110000385,1,194,-193
110000387,79,19,60
110000388,31,204,-173
110000389,684,6,678
110000391,777,349,428
110000396,167,133,34
110000397,114,171,-57
110000398,8,53,-45
110000399,188,1,187
110000587,170,62,108
110000589,231,197,34
110000640,292,89,203
110000652,25,173,-148
110000653,338,478,-140
110000654,217,172,45
110000656,1,718,-717
110000674,35,10,25
110000675,23,7,16
110000676,6,26,-20
110000679,514,1172,-658
110000682,157,194,-37
110000683,374,686,-312
110000684,4,42,-38
110000685,3,16,-13
110000686,2,26,-24
110000687,27,4,23
110000688,80,768,-688
110000689,47,53,-6
110000692,152,146,6
110000693,90,287,-197
110000694,0,207,-207
110000695,317,663,-346
110000696,96,101,-5
110900001,304,11,293
110900002,667,154,513
110900003,655,672,-17
110900004,334,215,119
110900005,2785,1774,1011
110900006,60,22,38
110900007,150,20,130
110900008,21,64,-43
110900009,412,96,316
110900010,5,92,-87
110900011,14,77,-63
110900012,13,107,-94
110900013,966,152,814
110900014,313,14,299
110900015,482,508,-26
110900016,53,139,-86
110900017,364,47,317
110900018,422,74,348
110900019,156,25,131
110900020,85,350,-265
110900021,76,506,-430
110900022,92,335,-243
110900023,74,486,-412
110900024,22,428,-406
110900025,35,79,-44
110900027,54,186,-132
110900028,34,161,-127
110900029,35,347,-312
110900030,30,260,-230
110900031,2,139,-137
110900032,0,89,-89
110900033,51,175,-124
110900035,23,579,-556
110900036,111,21,90
110900037,66,19,47
110900038,983,191,792
110900039,10,274,-264
110900040,190,29,161
110900041,8,131,-123
110900042,121,52,69
110900043,4,140,-136
110900044,241,21,220
110900045,55,463,-408
110900046,46,242,-196
110900047,562,241,321
110900049,75,70,5
110900050,21,9,12
110900051,40,210,-170
110900052,4,187,-183
110900053,80,43,37
110900054,42,185,-143
110900055,32,3,29
110900056,76,119,-43
110900057,5,145,-140
110900058,225,176,49
110900059,714,531,183
110900060,447,140,307
110900061,27,44,-17
110900062,111,237,-126
110900063,36,150,-114
110900064,19,0,19
110900065,387,141,246
110900066,9,88,-79
110900067,320,636,-316
110900068,232,246,-14
110900069,3,26,-23
110900070,155,47,108
110900071,262,508,-246
110900073,0,22,-22
110900074,295,106,189
110900075,306,76,230
110900077,638,645,-7
110900078,18,75,-57
110900079,2517,1248,1269
110900080,109,78,31
110900081,9,57,-48
110900082,121,127,-6
110900083,129,71,58
110900084,28,115,-87
110900085,46,326,-280
110900086,77,266,-189
110900087,278,49,229
110900088,15,4,11
110900090,39,41,-2
110900091,2,67,-65
110900093,235,102,133
110900095,70,51,19
110900097,7,17,-10
110900098,32,83,-51
110900099,48,410,-362
110900100,0,21,-21
110900102,118,16,102
110900105,468,300,168
110900108,12,92,-80
110900111,472,231,241
110900112,831,5,826
110900113,537,66,471
110900115,7,78,-71
110900116,636,1794,-1158
110900118,135,2454,-2319
110900119,3758,331,3427
110900120,9,83,-74
110900121,116,2,114
110900122,366,212,154
110900125,345,437,-92
110900127,597,1206,-609
110900128,387,488,-101
110900129,423,652,-229
110900130,1279,652,627
110900131,176,23,153
110900132,287,62,225
110900133,92,234,-142
110900135,69,277,-208
110900136,254,17,237
110900139,10,0,10
110900140,3,0,3
110900141,311,95,216
110900142,61,182,-121
110900143,140,84,56
110900144,8,770,-762
110900145,223,38,185
110900146,337,133,204
110900147,153,319,-166
110900148,7,323,-316
110900149,1,52,-51
110900150,62,20,42
110900151,3,84,-81
110900152,42,280,-238
110900153,110,48,62
111000001,658,602,56
111000002,1028,736,292
111000003,1017,725,292
111000004,547,1014,-467
111000005,1416,1179,237
111000006,1058,1648,-590
111000007,4261,3255,1006
111000008,2570,3518,-948
111000009,510,981,-471
111000010,873,300,573
111000011,423,1148,-725
111000012,851,439,412
111000013,498,1001,-503
111000014,1620,672,948
111000017,155,1024,-869
111000018,262,416,-154
111000020,1100,2981,-1881
111000021,73,99,-26
111000023,53,98,-45
111000025,4778,4142,636
111000029,76,119,-43
111000030,42,137,-95
111000031,2252,1578,674
111000032,821,346,475
111000033,304,398,-94
111000034,298,280,18
111000037,1929,1294,635
111000038,4016,2983,1033
111000039,2492,2626,-134
111000040,2032,2705,-673
111000041,2012,1943,69
111000042,3801,2995,806
111000043,1734,3072,-1338
111000044,1687,1100,587
111000045,2095,2306,-211
111000046,1584,1734,-150
111000047,2374,3562,-1188
111000049,658,566,92
111000050,1719,1660,59
111000051,489,1296,-807
111000052,674,2208,-1534
111000053,384,928,-544
111000054,348,966,-618
111000055,1389,2132,-743
111000056,261,615,-354
111000057,106,682,-576
111000058,375,69,306
111000059,743,342,401
111000060,3962,1105,2857
111000061,460,355,105
111000062,807,388,419
111000063,1872,940,932
111000064,561,661,-100
111000065,1018,998,20
111000066,399,465,-66
111000067,654,754,-100
111000068,791,1199,-408
111000069,2008,2314,-306
111000070,1511,1278,233
111000071,265,701,-436
111000072,978,524,454
111000073,287,845,-558
111000074,1550,1690,-140
111000075,1069,749,320
111000076,550,684,-134
111000077,1860,1930,-70
111000078,3022,1867,1155
111000079,1507,905,602
111000080,525,803,-278
111000081,1688,4178,-2490
111000082,704,718,-14
111000084,889,566,323
111000085,1220,1724,-504
111000086,2771,1302,1469
111000087,693,946,-253
111000088,5144,2242,2902
111000089,755,921,-166
111000090,1020,1564,-544
111000091,809,644,165
111000092,1156,1060,96
111000093,671,1301,-630
111000094,2049,1258,791
111000095,611,2640,-2029
111000096,2164,7818,-5654
111000097,5409,1794,3615
111000098,938,1336,-398
111000099,699,2228,-1529
111000100,374,1885,-1511
111000101,424,797,-373
111000102,243,548,-305
111000104,733,215,518
111000107,130,704,-574
111000109,647,263,384
111000110,1529,822,707
111000111,2352,609,1743
111000112,1783,714,1069
111000113,976,1792,-816
111000114,2607,4220,-1613
111000115,6880,1527,5353
111000116,964,1276,-312
111000117,461,1037,-576
111000118,1576,964,612
111000119,970,1291,-321
111000120,473,713,-240
111000121,265,696,-431
111000122,722,1227,-505
111000123,1231,2996,-1765
111000124,445,2940,-2495
111000125,219,1609,-1390
111000126,117,1058,-941
111000127,839,246,593
111000128,1694,357,1337
111000129,2341,505,1836
111000130,1706,785,921
111000131,1506,644,862
111000132,1167,688,479
111000133,154,192,-38
111000134,179,173,6
111000135,75,167,-92
111000136,384,354,30
111000138,16,5,11
111000140,6,8,-2
111000141,307,402,-95
111000142,31,153,-122
111000143,6,129,-123
111000144,58,323,-265
111000145,2750,35,2715
111000146,164,24,140
111000147,463,57,406
111000148,223,71,152
111000149,10,52,-42
111000150,187,14,173
111000151,4,38,-34
111000153,692,746,-54
111000154,909,203,706
111000155,88,193,-105
111000156,460,550,-90
111000157,265,955,-690
111000158,979,832,147
111000159,2445,787,1658
111000160,481,371,110
111000161,12,279,-267
111000162,115,220,-105
111000163,854,1083,-229
111000164,839,4185,-3346
111000165,1265,576,689
111000166,2280,476,1804
111000167,205,527,-322
111000168,252,539,-287
111000169,382,692,-310
111000170,574,490,84
111000171,552,835,-283
111000172,206,543,-337
111000173,495,1027,-532
111000174,165,380,-215
111000175,43,259,-216
111000176,424,142,282
111000177,301,234,67
111000178,1433,339,1094
111000179,217,194,23
111000180,241,502,-261
111000181,958,300,658
111000182,183,263,-80
111000183,571,347,224
111000184,385,245,140
111000185,383,574,-191
111000186,519,304,215
111000187,130,226,-96
111000188,191,426,-235
111000189,1333,660,673
111000190,200,432,-232
111000191,198,413,-215
111000192,265,642,-377
111000193,341,348,-7
111000194,52,304,-252
111000195,215,355,-140
111000196,66,264,-198
111000197,395,169,226
111000198,545,131,414
111000199,180,187,-7
111000200,352,334,18
111000201,517,280,237
111000202,223,218,5
111000203,343,266,77
111000204,503,969,-466
111000213,183,494,-311
111000214,1628,1670,-42
111000215,1130,1408,-278
111000217,1371,1076,295
111000218,1426,1256,170
111000219,580,279,301
111000220,1939,610,1329
111000221,898,97,801
111000224,77,375,-298
111000225,374,326,48
111000226,179,1,178
111000227,38,10,28
111000228,34,362,-328
111000229,45,798,-753
111000230,348,420,-72
111000231,1079,955,124
111000232,694,1009,-315
111000233,794,808,-14
111000234,125,341,-216
111000239,140,175,-35
111000240,40,196,-156
111000241,23,348,-325
111000242,125,55,70
111000243,140,639,-499
111000244,532,139,393
111000245,1542,609,933
111000246,602,476,126
111000247,279,1030,-751
111000248,682,498,184
111000249,543,779,-236
111000250,45,106,-61
111000251,43,148,-105
111000253,9,7,2
111000255,32,21,11
111000257,35,34,1
111000260,77,1091,-1014
111000261,1321,114,1207
111000271,65,393,-328
111000273,4142,1809,2333
111000274,1277,2398,-1121
111000275,196,104,92
111000276,346,2048,-1702
111000277,217,391,-174
111000278,636,287,349
111000291,858,5113,-4255
111000298,545,321,224
111000299,713,151,562
111000300,88,614,-526
111000302,262,99,163
111000303,81,248,-167
111000312,41,95,-54
111000315,13,181,-168
111000320,364,787,-423
111000321,351,102,249
111000322,371,517,-146
111000323,193,20,173
111000324,330,261,69
111000325,67,70,-3
111000326,237,446,-209
111000327,414,473,-59
111000328,314,579,-265
111000329,1,55,-54
111000330,59,18,41
111000331,18,11,7
111000332,512,1416,-904
111000334,407,1584,-1177
111000335,1060,337,723
111000337,1268,541,727
111000338,122,108,14
111000339,500,366,134
111000340,178,598,-420
111000341,1201,770,431
111000342,436,831,-395
111000344,1021,809,212
111000345,353,62,291
111000346,41,141,-100
111000347,82,2,80
111000350,267,147,120
111000351,147,263,-116
111000352,147,113,34
111000353,173,299,-126
111000354,738,149,589
111000355,415,529,-114
111000358,169,1275,-1106
111000360,154,731,-577
111000361,125,322,-197
111000546,952,640,312
111000547,487,471,16
111000548,110,315,-205
111000549,253,318,-65
111000550,113,926,-813
111000551,825,169,656
111000552,3877,187,3690
111000907,621,70,551
111000908,33,1,32
111000916,1822,427,1395
111000917,55,549,-494
111000918,244,909,-665
111000920,467,37,430
111000921,2,319,-317
111000922,486,345,141
111000924,50,888,-838
111000925,2192,2355,-163
111000926,1071,2161,-1090
111000927,3549,5042,-1493
111000928,4947,4326,621
111000929,1707,1368,339
111000930,979,2753,-1774
111000931,1854,2770,-916
111000932,4440,2781,1659
111000933,3966,2314,1652
111000934,2481,3940,-1459
111000935,1291,1139,152
111000936,1230,2422,-1192
111000937,961,1707,-746
111000938,1602,2008,-406
111000939,624,55,569
111000940,356,167,189
111000941,536,415,121
111000943,354,282,72
111000944,150,439,-289
111000945,105,1677,-1572
111001109,485,344,141
111001110,200,647,-447
111001111,72,8,64
111001112,159,1,158
111001113,2,222,-220
111001114,981,142,839
111001115,76,360,-284
111001116,5382,4091,1291
111001117,710,3284,-2574
111001120,113,326,-213
111001121,237,287,-50
111001122,285,596,-311
111001123,312,152,160
111001124,167,277,-110
111001125,2,113,-111
111001126,53,78,-25
111900001,6,192,-186
111900002,6,660,-654
111900003,2,316,-314
111900004,44,127,-83
111900006,7,29,-22
111900007,61,1,60
111900008,160,1,159
111900009,102,10,92
111900010,483,694,-211
111900012,78,117,-39
111900013,34,78,-44
111900014,6038,3449,2589
111900015,0,69,-69
111900016,0,140,-140
111900017,0,153,-153
111900018,235,8,227
111900019,5,128,-123
111900020,3,51,-48
111900021,63,115,-52
111900022,6,80,-74
111900023,81,105,-24
111900024,37,133,-96
111900025,0,42,-42
111900026,0,92,-92
111900027,6,157,-151
111900028,3,402,-399
111900029,1,134,-133
111900030,43,324,-281
111900031,0,15,-15
111900032,0,356,-356
111900033,5,108,-103
111900034,403,457,-54
111900035,54,232,-178
111900036,2,325,-323
111900038,325,576,-251
111900039,48,436,-388
111900040,5,553,-548
111900042,26,164,-138
111900043,2,370,-368
111900044,328,276,52
111900046,54,200,-146
111900048,174,797,-623
111900049,43,240,-197
111900050,88,31,57
111900051,0,246,-246
111900052,526,507,19
111900053,1384,1181,203
111900054,114,6,108
111900055,21,475,-454
111900056,247,293,-46
111900057,75,57,18
111900058,321,656,-335
111900059,1976,549,1427
111900060,364,1,363
111900061,16,222,-206
111900062,8,95,-87
111900063,484,277,207
111900064,179,285,-106
111900065,64,32,32
111900066,127,111,16
111900067,2,348,-346
111900068,56,48,8
111900069,49,30,19
111900070,114,159,-45
111900071,8,205,-197
111900072,67,19,48
111900073,716,168,548
111900074,20,128,-108
111900075,71,3,68
111900076,145,71,74
111900077,29,1,28
111900078,232,27,205
111900079,25,25,0
111900080,249,265,-16
111900082,113,46,67
111900083,128,9,119
111900084,109,8,101
111900085,15,80,-65
111900086,28,8,20
111900087,42,0,42
111900088,452,11,441
111900089,132,1,131
111900090,65,35,30
111900091,192,1,191
111900092,84,1,83
111900093,412,11,401
111900094,85,2,83
111900095,175,16,159
111900096,171,3,168
111900097,66,0,66
111900098,184,0,184
111900099,54,0,54
111900100,120,2,118
111900101,96,36,60
111900102,446,535,-89
111900103,58,82,-24
111900104,147,73,74
111900105,348,203,145
111900106,946,66,880
111900110,1815,395,1420
111900111,237,157,80
111900112,486,2083,-1597
111900113,286,114,172
111900118,238,100,138
111900119,288,181,107
111900122,138,71,67
111900123,38,33,5
111900124,28,90,-62
111900125,479,48,431
111900126,259,2,257
111900127,3,765,-762
111900128,4,471,-467
111900129,265,6,259
111900130,229,32,197
111900131,537,2,535
111900132,31,965,-934
111900133,3,375,-372
111900134,9,246,-237
111900135,11,22,-11
111900136,75,113,-38
111900137,74,65,9
111900138,10,84,-74
111900139,19,122,-103
111900140,75,17,58
111900141,60,10,50
111900142,87,27,60
111900143,19,220,-201
111900144,1,82,-81
111900145,1,429,-428
111900146,3,286,-283
111900147,182,424,-242
111900148,22,652,-630
111900149,6,309,-303
111900150,19,205,-186
111900151,16,29,-13
111900152,92,104,-12
111900153,1733,414,1319
111900154,7,195,-188
111900155,45,133,-88
111900156,30,113,-83
111900157,87,24,63
111900158,510,59,451
111900159,321,14,307
111900160,269,4,265
111900161,148,3,145
111900162,73,138,-65
111900163,48,207,-159
111900164,84,61,23
111901113,405,205,200
111901114,228,293,-65
111901115,87,0,87
111901116,43,3,40
111901117,37,35,2
111901118,72,263,-191
111901119,848,69,779
111901121,234,214,20
111901122,5,568,-563
111901123,161,434,-273
111901124,167,2,165
111901125,341,231,110
111901127,724,499,225
111901128,10,133,-123
111901129,4,143,-139
111901130,11,176,-165
111901131,9,316,-307
111901132,44,13,31
111901133,36,7,29
111901134,27,4,23
111901135,17,12,5
111901136,5,29,-24
111901138,238,44,194
111901139,25,38,-13
111901140,15,120,-105
111901141,9,179,-170
111901142,5,115,-110
111901143,4,88,-84
111901144,61,50,11
111901145,179,273,-94
111901146,502,30,472
111901147,512,121,391
111901148,36,72,-36
111901149,12,2,10
112000001,1590,812,778
112000002,754,2571,-1817
112000003,1136,898,238
112000004,704,1183,-479
112000005,2861,3100,-239
112000006,2391,2148,243
112000007,2510,1818,692
112000008,2288,3896,-1608
112000009,3684,3977,-293
112000010,2544,2891,-347
112000011,2045,1933,112
112000012,4418,3098,1320
112000013,6306,2999,3307
112000014,3835,1088,2747
112000015,5816,3054,2762
112000016,4857,984,3873
112000017,2615,1661,954
112000024,2653,1149,1504
112000026,4637,5455,-818
112000027,880,608,272
112000028,1647,1607,40
112000029,435,616,-181
112000030,236,118,118
112000031,1333,3887,-2554
112000032,544,75,469
112000033,2143,1193,950
112000034,365,51,314
112000035,120,269,-149
112000036,1230,634,596
112000037,1174,618,556
112000038,1238,770,468
112000039,54,76,-22
112000040,107,295,-188
112000041,637,552,85
112000042,1173,360,813
112000050,1314,1613,-299
112000051,930,1162,-232
112000054,1863,2099,-236
112000057,452,412,40
112000058,481,628,-147
112000059,545,776,-231
112000061,3255,2079,1176
112000062,1449,549,900
112000063,1041,1228,-187
112000064,4217,5529,-1312
112000065,2217,2530,-313
112000066,3701,1406,2295
112000067,898,741,157
112000068,3172,2453,719
112000069,996,2037,-1041
112000070,2044,934,1110
112000071,1068,2611,-1543
112000072,2240,1056,1184
112000073,1613,2092,-479
112000074,1497,1071,426
112000075,1367,1123,244
112000076,3501,2751,750
112000077,606,617,-11
112000078,1616,588,1028
112000079,1211,1293,-82
112000080,806,883,-77
112000081,1725,2362,-637
112000082,1440,1020,420
112000083,745,1275,-530
112000084,1251,1055,196
112000085,1238,998,240
112000086,1661,1761,-100
112000087,431,504,-73
112000088,639,678,-39
112000089,282,349,-67
112000090,241,302,-61
112000091,644,1367,-723
112000092,1571,1293,278
112000093,1772,1182,590
112000094,643,1024,-381
112000095,683,1147,-464
112000096,492,729,-237
112000097,1130,628,502
112000098,986,1174,-188
112000099,727,1371,-644
112000100,1483,987,496
112000101,618,1129,-511
112000102,1116,610,506
112000103,356,1139,-783
112000105,730,1919,-1189
112000106,1708,538,1170
112000107,95,181,-86
112000108,272,1729,-1457
112000109,165,134,31
112000110,2268,660,1608
112000111,1259,3186,-1927
112000112,3305,620,2685
112000113,930,1786,-856
112000114,2382,1017,1365
112000115,385,503,-118
112000116,707,1164,-457
112000117,985,865,120
112000118,1077,983,94
112000119,497,858,-361
112000120,54,384,-330
112000121,133,556,-423
112000122,289,167,122
112000123,620,241,379
112000124,327,89,238
112000125,216,253,-37
112000126,211,551,-340
112000127,2245,1806,439
112000128,1337,612,725
112000129,119,141,-22
112000130,159,56,103
112000131,36,330,-294
112000132,131,245,-114
112000133,345,217,128
112000134,419,378,41
112000135,1469,715,754
112000136,1521,1347,174
112000137,1728,1639,89
112000138,1972,1336,636
112000139,1002,597,405
112000140,1138,1107,31
112000141,722,309,413
112000142,217,630,-413
112000143,1025,279,746
112000144,289,1273,-984
112000145,2333,635,1698
112000146,626,2286,-1660
112000147,2395,1892,503
112000148,1906,2462,-556
112000149,475,731,-256
112000150,406,692,-286
112000151,416,424,-8
112000152,307,473,-166
112000153,245,319,-74
112000154,101,225,-124
112000155,121,85,36
112000157,794,613,181
112000158,281,542,-261
112000159,394,396,-2
112000167,295,103,192
112000169,384,399,-15
112000173,648,215,433
112000175,449,401,48
112000176,3376,2054,1322
112000177,525,141,384
112000178,101,396,-295
112000179,178,109,69
112000180,214,388,-174
112000181,1344,2134,-790
112000182,1022,1938,-916
112000183,32,70,-38
112000184,307,448,-141
112000185,498,640,-142
112000187,3660,2298,1362
112000195,135,34,101
112000196,272,11,261
112000197,235,177,58
112000198,42,237,-195
112000199,1392,1000,392
112000202,397,3,394
112000216,56,288,-232
112000230,110,13,97
112000231,3,253,-250
112000256,35,228,-193
112000313,93,142,-49
112000314,83,32,51
112000337,381,594,-213
112000352,380,376,4
112000392,1125,1246,-121
112000398,1156,963,193
112000399,1987,1824,163
112000400,1745,3283,-1538
112000401,3507,2707,800
112000402,2544,2786,-242
112000403,2016,2645,-629
112000404,806,787,19
112000405,1955,3158,-1203
112000406,3832,2914,918
112000407,6517,8173,-1656
112000408,9082,8129,953
112000409,1848,5443,-3595
112000410,444,285,159
112000411,4553,1560,2993
112000412,1490,592,898
112000413,9173,4749,4424
112000414,88,106,-18
112000415,117,52,65
112000416,2220,1470,750
112000417,233,67,166
112000421,50,92,-42
112000422,377,412,-35
112000424,2393,2382,11
112000425,473,1124,-651
112000426,98,350,-252
112000427,0,11,-11
112000428,322,411,-89
112000429,2378,2800,-422
112000430,2543,2854,-311
112000431,60,117,-57
112000432,641,1278,-637
112000433,537,885,-348
112000437,40,198,-158
112900001,64,1,63
112900002,412,1157,-745
112900003,65,449,-384
112900004,47,351,-304
112900005,211,285,-74
112900006,10,393,-383
112900007,54,265,-211
112900008,3,33,-30
112900009,398,100,298
112900010,397,974,-577
112900011,188,313,-125
112900012,1,63,-62
112900013,0,114,-114
112900014,2,295,-293
112900015,372,647,-275
112900016,5,395,-390
112900017,48,213,-165
112900018,3,331,-328
112900019,49,179,-130
112900020,420,1066,-646
112900021,6,301,-295
112900022,17,84,-67
112900023,3,227,-224
112900024,40,281,-241
112900025,58,264,-206
112900026,10,290,-280
112900027,10,1229,-1219
112900028,30,141,-111
112900029,11,657,-646
112900030,191,236,-45
112900031,4,567,-563
112900032,176,243,-67
112900034,1,61,-60
112900035,9,480,-471
112900036,41,141,-100
112900037,144,196,-52
112900038,560,175,385
112900039,14,361,-347
112900040,3,368,-365
112900041,785,997,-212
112900042,52,323,-271
112900043,34,67,-33
112900044,619,400,219
112900045,374,320,54
112900046,172,86,86
112900047,15,37,-22
112900049,177,120,57
112900050,36,552,-516
112900051,335,669,-334
112900052,5,909,-904
112900053,304,111,193
112900054,186,56,130
112900055,184,32,152
112900056,387,212,175
112900057,52,598,-546
112900058,382,324,58
112900059,126,114,12
112900060,21,178,-157
112900061,98,127,-29
112900062,65,145,-80
112900063,177,17,160
112900064,191,214,-23
112900065,34,30,4
112900066,199,146,53
112900067,436,214,222
112900068,48,59,-11
112900069,1950,724,1226
112900071,23,10,13
112900072,218,1753,-1535
112900073,256,75,181
112900074,106,249,-143
112900075,1519,846,673
112900076,107,24,83
112900078,332,520,-188
112900079,299,39,260
112900080,70,8,62
112900081,52,192,-140
112900082,544,45,499
112900083,115,99,16
112900084,194,121,73
112900086,165,2,163
112900087,663,136,527
112900088,144,18,126
112900089,764,25,739
112900090,51,20,31
112900091,213,10,203
112900092,122,228,-106
112900093,1498,31,1467
112900095,37,4,33
112900096,381,171,210
112900097,70,341,-271
112900098,103,4,99
112900099,787,12,775
112900100,54,3,51
112900101,305,2,303
112900102,137,1,136
112900103,181,5,176
112900104,511,6,505
112900105,14,0,14
112900106,422,155,267
112900107,2,1,1
112900108,33,0,33
112900109,109,3,106
112900110,1107,17,1090
112900111,689,3,686
112900112,306,2,304
112900113,0,15,-15
112900114,132,77,55
112900115,1046,1,1045
112900116,170,29,141
112900117,83,93,-10
112900118,32,102,-70
112900119,174,3,171
112900120,820,280,540
112900121,152,231,-79
112900122,14,85,-71
112900123,140,32,108
112900124,6,82,-76
112900125,44,298,-254
112900126,211,192,19
112900127,349,128,221
112900128,325,913,-588
112900129,1,957,-956
112900130,285,65,220
112900131,56,284,-228
112900132,136,384,-248
112900133,29,988,-959
112900134,3,248,-245
112900135,80,66,14
112900137,2,622,-620
112900138,7,329,-322
112900139,232,1361,-1129
112900141,611,55,556
112900142,87,120,-33
112900143,54,567,-513
112900144,1,269,-268
112900145,32,629,-597
112900146,4,1079,-1075
112900147,3,1798,-1795
112900148,75,1,74
112900149,283,632,-349
112900151,23,82,-59
112900152,3742,1033,2709
112900153,2245,2000,245
112900154,1,162,-161
112900155,226,22,204
112900156,283,1311,-1028
112900157,413,92,321
112900158,50,44,6
112900159,177,92,85
112900160,112,330,-218
112900161,116,36,80
112900162,33,24,9
112900163,127,53,74
112900164,26,176,-150
112900165,237,39,198
112900166,32,83,-51
112900167,19,32,-13
112900168,0,2,-2
112900169,30,23,7
112900170,89,91,-2
112900172,69,10,59
112900173,256,102,154
112900174,259,43,216
112900175,164,141,23
112900176,13,26,-13
112900177,290,76,214
112900178,814,2557,-1743
112900179,45,453,-408
112900180,1717,1628,89
112900181,406,4,402
112900182,58,1197,-1139
112900183,162,298,-136
112900184,417,365,52
112900185,266,520,-254
112900186,1459,794,665
112900187,90,632,-542
112900188,743,242,501
112900189,4,22,-18
112900190,11,44,-33
112900192,458,525,-67
112900193,1096,324,772
112900194,48,98,-50
112900195,753,41,712
112900196,226,260,-34
112900197,219,310,-91
112900199,575,581,-6
112900200,475,285,190
112900201,137,101,36
112900202,316,804,-488
112900203,184,354,-170
112900204,1065,607,458
112900205,14,27,-13
112900206,57,106,-49
112900207,16,0,16
112900208,79,268,-189
112900209,600,397,203
112900210,0,51,-51
112900211,98,55,43
112900212,0,170,-170
112900213,36,24,12
112900214,38,19,19
112900215,15,199,-184
112900216,37,89,-52
112900217,0,44,-44
112900218,58,22,36
112900219,77,41,36
112900220,4,1,3
112900221,38,68,-30
112900222,0,22,-22
112900223,748,28,720
112900224,270,529,-259
112900225,329,371,-42
112900226,188,309,-121
112900227,524,1259,-735
112900228,56,35,21
112900229,168,62,106
112900230,6113,3656,2457
112900232,231,252,-21
112900233,82,166,-84
112900234,9,91,-82
112900235,156,44,112
112900236,223,21,202
112900237,182,300,-118
112900238,1,47,-46
112900239,913,306,607
112900240,10,100,-90
112900241,14,117,-103
112900242,14,134,-120
112900243,4,146,-142
112900244,4,83,-79
112900245,9,23,-14
112900246,1,9,-8
112900247,100,24,76
112900248,18,1,17
112900249,27,8,19
112900250,40,16,24
112900251,71,9,62
112900252,45,11,34
112900253,31,7,24
112900254,11,5,6
112900255,1,25,-24
112900256,8,35,-27
112900257,15,41,-26
112900258,9,15,-6
113000001,5039,4876,163
113000002,3304,3752,-448
113000003,1904,1748,156
113000004,1877,2541,-664
113000005,1687,978,709
113000006,1069,1448,-379
113000007,2138,1233,905
113000008,1830,1979,-149
113000009,1121,845,276
113000010,1249,1554,-305
113000011,635,1593,-958
113000012,1394,712,682
113000013,1914,764,1150
113000014,1871,1537,334
113000015,624,265,359
113000016,436,705,-269
113000017,33,362,-329
113000018,563,45,518
113000019,118,259,-141
113000020,469,47,422
113000021,1426,578,848
113000022,649,1105,-456
113000025,172,365,-193
113000026,492,422,70
113000027,662,481,181
113000028,706,414,292
113000029,720,689,31
113000030,378,686,-308
113000031,300,380,-80
113000032,294,272,22
113000033,295,417,-122
113000034,393,301,92
113000035,33,37,-4
113000036,32,46,-14
113000037,72,46,26
113000038,8,65,-57
113000039,69,480,-411
113000040,80,97,-17
113000042,705,641,64
113000051,785,2616,-1831
113000052,1816,964,852
113000053,337,400,-63
113000054,295,923,-628
113000055,1100,754,346
113000056,925,1021,-96
113000058,797,923,-126
113000059,1166,698,468
113000060,243,523,-280
113000061,519,902,-383
113000062,892,286,606
113000063,165,103,62
113000064,48,322,-274
113000065,177,886,-709
113000066,598,117,481
113000067,1848,1516,332
113000068,428,1557,-1129
113000069,573,1239,-666
113000070,2484,1169,1315
113000071,404,675,-271
113000072,786,533,253
113000073,465,1583,-1118
113000074,1040,493,547
113000075,2025,706,1319
113000076,750,1939,-1189
113000077,1322,572,750
113000078,826,2277,-1451
113000079,970,854,116
113000080,742,651,91
113000081,761,856,-95
113000082,1103,739,364
113000083,616,979,-363
113000084,1721,1424,297
113000085,919,891,28
113000086,1401,1567,-166
113000087,1117,985,132
113000088,2145,1354,791
113000089,919,1664,-745
113000090,283,564,-281
113000091,516,365,151
113000094,1145,184,961
113000095,225,790,-565
113000096,129,671,-542
113000097,914,425,489
113000098,116,28,88
113000099,1073,341,732
113000100,166,403,-237
113000101,313,505,-192
113000102,538,423,115
113000103,2334,642,1692
113000104,466,2227,-1761
113000105,647,417,230
113000106,369,615,-246
113000107,844,893,-49
113000108,919,1295,-376
113000109,614,2212,-1598
113000110,1490,428,1062
113000111,203,537,-334
113000112,420,435,-15
113000113,1393,437,956
113000114,419,1358,-939
113000116,660,302,358
113000117,837,152,685
113000118,164,496,-332
113000119,388,301,87
113000120,112,283,-171
113000121,614,671,-57
113000124,246,149,97
113000125,60,693,-633
113000127,2736,442,2294
113000128,429,533,-104
113000129,439,781,-342
113000133,2291,1527,764
113000134,2,1086,-1084
113000135,3645,4202,-557
113000137,2009,2842,-833
113000139,307,192,115
113000140,110,271,-161
113000141,216,181,35
113000142,634,992,-358
113000143,236,182,54
113000144,359,618,-259
113000145,44,141,-97
113000146,138,89,49
113000147,201,123,78
113000148,155,134,21
113000149,105,133,-28
113000150,488,341,147
113000151,93,67,26
113000152,20,84,-64
113000153,1478,597,881
113000154,769,1415,-646
113000155,361,491,-130
113000156,133,477,-344
113000157,335,1047,-712
113000158,752,261,491
113000159,870,788,82
113000160,740,1180,-440
113000161,252,464,-212
113000162,719,413,306
113000163,101,61,40
113000164,24,88,-64
113000166,168,94,74
113000167,62,144,-82
113000168,89,157,-68
113000169,164,103,61
113000170,93,106,-13
113000171,72,103,-31
113000172,252,63,189
113000173,59,30,29
113000174,146,558,-412
113000175,458,141,317
113000176,506,169,337
113000177,222,525,-303
113000178,199,405,-206
113000179,303,254,49
113000180,705,1195,-490
113000181,1392,937,455
113000182,194,366,-172
113000183,187,624,-437
113000184,33,117,-84
113000189,487,780,-293
113000190,1050,534,516
113000192,1672,1702,-30
113000193,3542,1380,2162
113000194,1853,1177,676
113000195,2227,704,1523
113000196,264,82,182
113000197,1714,1023,691
113000198,62,339,-277
113000199,1238,289,949
113000201,442,230,212
113000202,3398,1462,1936
113000203,262,215,47
113000204,1670,1734,-64
113000205,20,23,-3
113000206,5,38,-33
113000207,89,31,58
113000208,33,46,-13
113000209,24,31,-7
113000210,3,25,-22
113000211,180,217,-37
113000212,132,36,96
113000213,55,177,-122
113000214,214,220,-6
113000234,210,948,-738
113000410,346,268,78
113000411,3047,4830,-1783
113000412,7466,2756,4710
113000413,3028,3032,-4
113000414,7304,12225,-4921
113000415,2351,3192,-841
113000416,9184,4450,4734
113000417,2739,3001,-262
113000418,4496,3081,1415
113000419,1568,1798,-230
113000420,4000,5125,-1125
113000421,4118,5805,-1687
113000422,11768,9796,1972
113000423,1940,4675,-2735
113000424,3465,9402,-5937
113000425,16,103,-87
113000428,151,92,59
113000430,26,246,-220
113000432,2302,205,2097
113000433,101,737,-636
113000434,42,218,-176
113000435,112,558,-446
113000436,46,1226,-1180
113000437,993,41,952
113000438,239,16,223
113000439,15,112,-97
113000440,101,19,82
113000441,184,240,-56
113000442,167,180,-13
113000443,194,245,-51
113000444,180,261,-81
113000445,128,123,5
113000446,42,97,-55
113000448,207,148,59
113000449,249,1110,-861
113000450,441,2610,-2169
113000451,1263,220,1043
113000452,362,573,-211
113000453,100,296,-196
113000454,1449,77,1372
113000455,71,229,-158
113000456,3993,2472,1521
113000468,1812,210,1602
113000469,122,90,32
113000470,403,32,371
113000471,12,381,-369
113000472,119,315,-196
113000474,687,786,-99
113000475,1519,1800,-281
113000476,1350,1852,-502
113000477,2926,2116,810
113000478,4353,5993,-1640
113000479,47,257,-210
113000484,0,0,0
113000485,1,0,1
113000486,2,0,2
113000487,2,2,0
113000488,0,0,0
113000489,1,6,-5
113000490,0,9,-9
113000491,15,9,6
113000492,4,5,-1
113000493,0,0,0
113000495,195,203,-8
113000496,142,120,22
113000499,0,0,0
113900001,6,163,-157
113900002,2,139,-137
113900003,2,76,-74
113900004,1,54,-53
113900005,3,75,-72
113900006,1,13,-12
113900007,135,7,128
113900008,59,0,59
113900009,195,0,195
113900010,201,0,201
113900011,125,3,122
113900012,36,3,33
113900013,446,1,445
113900014,658,3,655
113900015,0,43,-43
113900016,30,0,30
113900017,1,21,-20
113900018,405,230,175
113900019,87,93,-6
113900020,147,3,144
113900022,17,0,17
113900023,31,0,31
113900024,44,61,-17
113900025,241,8,233
113900026,52,0,52
113900027,4,41,-37
113900028,37,474,-437
113900029,44,201,-157
113900030,224,3,221
113900031,2,0,2
113900032,35,0,35
113900033,96,57,39
113900035,58,3,55
113900036,14,95,-81
113900037,130,473,-343
113900038,81,95,-14
113900039,124,17,107
113900040,6,9,-3
113900041,2,3,-1
113900042,109,45,64
113900043,128,98,30
113900044,447,343,104
113900045,77,2,75
113900046,233,571,-338
113900047,8,43,-35
113900048,232,82,150
113900049,594,382,212
113900050,203,303,-100
113900051,250,314,-64
113900052,161,153,8
113900053,622,480,142
113900054,20,5,15
113900055,85,379,-294
113900056,17,78,-61
113900057,9,60,-51
113900058,66,135,-69
113900059,212,301,-89
113900060,108,224,-116
113900061,1021,252,769
113900062,81,16,65
113900063,38,48,-10
113900064,17,111,-94
113900065,485,22,463
113900066,268,357,-89
113900067,95,224,-129
113900068,425,449,-24
113900069,86,21,65
113900070,153,507,-354
113900071,27,34,-7
113900072,66,170,-104
113900073,236,406,-170
113900074,65,305,-240
113900075,1324,1118,206
113900076,126,4,122
113900077,62,196,-134
113900078,19,23,-4
113900079,4,36,-32
113900080,488,225,263
113900081,70,198,-128
113900082,105,212,-107
113900083,268,443,-175
113900084,255,102,153
113900085,37,299,-262
113900086,17,8,9
113900087,57,144,-87
113900088,58,97,-39
113900089,415,64,351
113900090,522,409,113
113900091,22,24,-2
113900092,58,121,-63
113900093,69,677,-608
113900094,328,388,-60
113900095,104,116,-12
113900096,168,64,104
113900097,92,98,-6
113900098,530,89,441
113900099,0,55,-55
113900100,0,1,-1
113900101,20,60,-40
113900102,149,140,9
113900103,348,270,78
113900104,153,234,-81
113900105,75,227,-152
113900106,3,63,-60
113900107,3,29,-26
113900108,237,235,2
113900109,342,157,185
113900110,40,12,28
113900111,139,141,-2
113900112,97,98,-1
113900113,982,494,488
113900114,2,92,-90
113900115,1,100,-99
113900116,101,153,-52
113900117,100,32,68
113900118,192,210,-18
113900119,226,442,-216
113900120,63,23,40
113900121,68,81,-13
113900122,362,1698,-1336
113900123,371,235,136
113900124,3,69,-66
113900125,919,143,776
113900126,123,70,53
113900127,290,530,-240
113900128,177,87,90
113900129,10,124,-114
113900130,6,22,-16
113900131,214,101,113
113900132,50,69,-19
113900133,18,76,-58
113900135,295,383,-88
113900136,95,74,21
113900137,412,283,129
113900138,47,122,-75
113900139,313,140,173
113900140,319,351,-32
113900141,400,328,72
113900142,167,72,95
113900143,6,37,-31
113900144,228,161,67
113900145,370,185,185
113900146,141,44,97
113900148,151,311,-160
113900149,163,89,74
113900150,677,524,153
113900151,313,207,106
113900152,24,43,-19
113900153,290,530,-240
113900154,6,178,-172
113900155,187,158,29
113900156,257,482,-225
113900157,33,230,-197
113900158,324,309,15
113900159,21,240,-219
113900160,805,501,304
113900161,68,216,-148
113900162,483,552,-69
113900163,244,242,2
113900164,325,62,263
113900165,703,406,297
113900166,183,122,61
113900167,249,44,205
113900168,142,101,41
113900169,226,378,-152
113900171,220,98,122
113900172,8,169,-161
113900173,23,529,-506
113900174,468,592,-124
113900175,309,122,187
113900176,283,545,-262
113900177,312,182,130
113900178,438,149,289
113900179,14,443,-429
113900180,155,108,47
113900181,452,82,370
113900182,731,1037,-306
113900183,48,81,-33
113900184,10,561,-551
113900185,195,94,101
113900186,44,22,22
113900187,41,139,-98
113900188,46,140,-94
113900189,275,116,159
113900190,220,119,101
113900191,88,174,-86
113900192,2,343,-341
113900193,33,186,-153
113900194,1534,1198,336
113900195,308,444,-136
113900196,4,113,-109
113900197,1,161,-160
113900198,23,210,-187
113900199,138,724,-586
113900200,8,248,-240
113900201,0,189,-189
113900202,29,282,-253
113900203,0,115,-115
113900204,52,462,-410
113900205,9,147,-138
113900206,12,187,-175
113900207,0,53,-53
113900208,0,82,-82
113900209,0,94,-94
113900210,540,706,-166
113900211,153,77,76
113900212,159,426,-267
113900214,453,298,155
113900215,89,92,-3
113900216,94,822,-728
113900217,83,267,-184
113900218,142,56,86
113900219,69,283,-214
113900220,134,121,13
113900221,334,155,179
113900222,249,413,-164
113900223,97,959,-862
113900224,126,61,65
113900225,428,202,226
113900226,299,110,189
113900227,429,197,232
113900228,281,467,-186
113900229,33,615,-582
113900230,3963,2713,1250
113900231,177,158,19
113900232,130,113,17
113900233,89,63,26
113900234,263,420,-157
113900235,69,22,47
113900236,119,304,-185
113900237,146,10,136
113900238,158,502,-344
113900239,60,100,-40
113900240,6,191,-185
113900241,129,45,84
113900242,47,136,-89
113900243,113,516,-403
113900244,361,192,169
113900245,1198,249,949
113900246,13,23,-10
113900247,162,384,-222
113900248,2457,1682,775
113900249,863,374,489
113900250,38,151,-113
113900251,513,205,308
113900252,487,21,466
113900253,619,50,569
113900254,832,129,703
113900255,397,20,377
113900256,394,38,356
113900257,24,518,-494
113900258,16,423,-407
113900259,403,177,226
113900260,157,11,146
113900261,27,96,-69
113900262,141,562,-421
113900263,208,734,-526
113900264,6,472,-466
113900265,239,276,-37
113900266,33,135,-102
113900267,97,403,-306
113900268,244,377,-133
113900269,109,129,-20
113900270,326,681,-355
113900271,674,1251,-577
113900273,173,15,158
113900274,94,26,68
113900275,42,74,-32
113900276,1,201,-200
113900277,109,5,104
113900278,291,161,130
113900279,116,88,28
113900280,1491,537,954
113900281,750,1248,-498
113900282,707,601,106
113900283,343,550,-207
113900284,755,183,572
113900285,124,38,86
113900286,15,102,-87
113900287,49,34,15
113900288,1,157,-156
113900289,912,85,827
113900290,341,205,136
113900291,130,186,-56
113900292,12,7,5
113900293,1,232,-231
113900294,354,30,324
113900295,335,331,4
113900296,1954,431,1523
113900297,2193,40,2153
113900298,25,1530,-1505
113900299,55,211,-156
113900300,4486,3053,1433
113900301,551,176,375
113900302,2627,993,1634
113900303,476,424,52
113900304,1,127,-126
113900305,105,2,103
113900306,35,0,35
113900307,29,0,29
113900308,110,112,-2
113900309,4,1000,-996
113900310,1,13,-12
113900311,3,2,1
113900312,183,170,13
113900313,11,6,5
114000001,948,2848,-1900
114000002,266,354,-88
114000003,37,285,-248
114000004,383,364,19
114000005,232,262,-30
114000006,2658,2256,402
114000007,685,1302,-617
114000008,1507,1720,-213
114000009,608,266,342
114000011,2464,2609,-145
114000012,2343,1815,528
114000013,1554,1552,2
114000014,501,286,215
114000015,1865,417,1448
114000016,264,358,-94
114000017,82,286,-204
114000018,236,56,180
114000026,1733,1283,450
114000027,2655,1901,754
114000028,2617,2542,75
114000038,245,161,84
114000039,101,49,52
114000040,85,202,-117
114000042,145,207,-62
114000043,61,147,-86
114000044,147,32,115
114000045,76,76,0
114000046,3102,4802,-1700
114000047,24,91,-67
114000048,43,38,5
114000049,1515,1769,-254
114000050,1731,2558,-827
114000051,3182,1936,1246
114000052,4780,1352,3428
114000053,97,533,-436
114000054,206,813,-607
114000055,634,21,613
114000056,1251,779,472
114000057,5786,2119,3667
114000058,653,1281,-628
114000059,343,297,46
114000060,722,864,-142
114000061,3649,2637,1012
114000062,2449,1346,1103
114000063,3065,1890,1175
114000064,6491,3640,2851
114000065,1805,2521,-716
114000066,523,575,-52
114000067,34,665,-631
114000068,490,640,-150
114000069,839,574,265
114000070,2104,1726,378
114000071,707,480,227
114000072,487,296,191
114000073,23,70,-47
114000074,54,20,34
114000075,45,105,-60
114000076,21,136,-115
114000077,9,41,-32
114000078,494,554,-60
114000079,186,36,150
114000080,83,69,14
114000081,88,82,6
114000082,51,483,-432
114000083,54,265,-211
114000084,322,94,228
114000085,116,624,-508
114000086,241,464,-223
114000087,98,123,-25
114000088,51,59,-8
114000089,969,416,553
114000090,832,922,-90
114000091,1404,982,422
114000092,880,670,210
114000093,1248,890,358
114000094,472,432,40
114000095,273,163,110
114000096,196,484,-288
114000097,146,702,-556
114000098,444,113,331
114000099,594,717,-123
114000100,1175,710,465
114000101,564,963,-399
114000102,522,365,157
114000103,178,398,-220
114000104,22,216,-194
114000105,116,59,57
114000106,805,821,-16
114000107,305,152,153
114000108,1670,1137,533
114000109,486,1012,-526
114000110,616,1670,-1054
114000111,1462,731,731
114000112,635,2341,-1706
114000113,1371,450,921
114000114,1445,1728,-283
114000115,2024,961,1063
114000116,914,1367,-453
114000117,2528,457,2071
114000118,2086,477,1609
114000119,1439,452,987
114000120,479,967,-488
114000121,418,767,-349
114000122,393,285,108
114000123,1643,392,1251
114000124,815,255,560
114000125,917,1430,-513
114000126,2880,277,2603
114000127,203,190,13
114000128,912,512,400
114000130,650,534,116
114000131,341,135,206
114000132,548,614,-66
114000133,774,1324,-550
114000134,56,115,-59
114000138,35,232,-197
114000139,456,221,235
114000144,750,454,296
114000145,108,195,-87
114000146,110,244,-134
114000147,1294,1602,-308
114000148,2361,1765,596
114000149,502,323,179
114000150,655,668,-13
114000151,685,1117,-432
114000152,143,48,95
114000153,728,1842,-1114
114000154,848,695,153
114000155,1827,2272,-445
114000156,863,565,298
114000157,327,954,-627
114000158,1743,740,1003
114000159,230,486,-256
114000160,104,432,-328
114000161,1351,2673,-1322
114000162,949,2121,-1172
114000163,9,109,-100
114000165,532,288,244
114000166,882,371,511
114000167,3392,1472,1920
114000168,896,681,215
114000169,1523,1132,391
114000170,1300,1005,295
114000171,988,3061,-2073
114000174,236,501,-265
114000176,690,466,224
114000177,2218,1000,1218
114000178,67,40,27
114000179,1189,804,385
114000180,499,880,-381
114000181,1592,3460,-1868
114000182,3467,2537,930
114000183,919,1107,-188
114000184,4459,1346,3113
114000185,1179,867,312
114000189,823,103,720
114000190,2256,321,1935
114000191,59,60,-1
114000192,379,1589,-1210
114000193,898,3168,-2270
114000194,1328,1126,202
114000195,136,36,100
114000196,5,334,-329
114000197,1132,114,1018
114000198,992,382,610
114000199,2130,1650,480
114000200,621,1812,-1191
114000201,154,818,-664
114000202,1166,612,554
114000203,573,775,-202
114000204,309,470,-161
114000205,272,1416,-1144
114000206,539,1388,-849
114000207,574,1785,-1211
114000208,428,2691,-2263
114000209,593,2459,-1866
114000210,243,1445,-1202
114000211,991,2089,-1098
114000212,780,734,46
114000213,1351,557,794
114000214,77,227,-150
114000215,197,108,89
114000216,1687,378,1309
114000217,268,262,6
114000218,117,294,-177
114000219,1298,262,1036
114000220,40,1112,-1072
114000221,791,152,639
114000222,173,1066,-893
114000223,504,124,380
114000224,98,667,-569
114000225,284,628,-344
114000226,123,203,-80
114000227,774,628,146
114000228,742,971,-229
114000229,1068,1159,-91
114000230,1719,1340,379
114000231,942,1267,-325
114000232,628,150,478
114000233,1698,132,1566
114000234,1317,1099,218
114000235,1178,1584,-406
114000236,0,560,-560
114000237,115,958,-843
114000238,250,169,81
114000239,190,1331,-1141
114000240,747,822,-75
114000241,294,1201,-907
114000242,1109,997,112
114000243,1733,883,850
114000244,1306,441,865
114000245,373,737,-364
114000246,268,46,222
114000247,1294,738,556
114000248,1207,573,634
114000249,467,699,-232
114000250,495,864,-369
114000251,371,272,99
114000252,107,79,28
114000253,77,124,-47
114000254,32,82,-50
114000255,554,211,343
114000256,1809,1695,114
114000257,433,1554,-1121
114000258,239,496,-257
114000259,69,213,-144
114000260,0,28,-28
114000261,57,31,26
114000262,131,152,-21
114000263,7,1,6
114000264,1064,401,663
114000265,0,2,-2
114000267,6,1691,-1685
114000268,13,1761,-1748
114000270,166,9,157
114000271,516,80,436
114000283,1015,508,507
114000285,32,244,-212
114000288,100,308,-208
114000289,1138,174,964
114000293,171,428,-257
114000294,136,301,-165
114000395,1613,69,1544
114000396,495,528,-33
114000402,391,284,107
114000403,267,403,-136
114000405,91,577,-486
114000423,316,442,-126
114000424,261,152,109
114000425,645,396,249
114000426,335,842,-507
114000427,52,62,-10
114000428,268,177,91
114000429,14,198,-184
114000432,69,114,-45
114000434,55,85,-30
114000435,3,203,-200
114900001,614,1026,-412
114900002,652,112,540
114900003,658,1612,-954
114900004,341,458,-117
114900005,579,945,-366
114900006,115,52,63
114900007,190,15,175
114900008,111,114,-3
114900010,2103,1810,293
114900011,246,161,85
114900013,218,136,82
114900015,66,424,-358
114900018,713,33,680
114900020,237,111,126
114900022,43,644,-601
114900024,336,167,169
114900025,456,214,242
114900026,106,124,-18
114900027,234,209,25
114900029,145,26,119
114900030,320,228,92
114900031,339,25,314
114900032,302,23,279
114900033,1013,536,477
114900034,59,195,-136
114900035,153,277,-124
114900036,202,703,-501
114900037,115,206,-91
114900038,185,565,-380
114900039,577,561,16
114900040,66,127,-61
114900041,599,520,79
114900042,739,720,19
114900043,603,252,351
114900044,112,32,80
114900046,39,111,-72
114900047,224,1713,-1489
114900048,145,317,-172
114900049,37,265,-228
114900050,79,351,-272
114900051,16,371,-355
114900052,70,227,-157
114900053,157,310,-153
114900054,42,138,-96
114900057,226,15,211
114900058,0,82,-82
114900059,74,82,-8
114900060,1139,844,295
114900061,126,166,-40
114900062,246,293,-47
114900063,48,211,-163
114900064,1112,545,567
114900065,355,679,-324
114900067,87,435,-348
114900068,74,246,-172
114900069,188,123,65
114900070,465,422,43
114900072,4,357,-353
114900073,3,208,-205
114900074,535,732,-197
114900075,218,8,210
114900076,4,406,-402
114900080,1853,508,1345
114900082,3810,1925,1885
114900083,1478,1333,145
114900090,302,221,81
114900091,143,186,-43
114900095,434,125,309
114900096,420,689,-269
114900097,182,2,180
114900098,4,236,-232
114900099,206,2,204
115000001,6665,4819,1846
115000002,3386,3919,-533
115000003,4946,3918,1028
115000004,3822,5966,-2144
115000005,1699,2456,-757
115000006,936,1712,-776
115000007,123,161,-38
115000008,536,655,-119
115000009,154,259,-105
115000010,290,177,113
115000013,58,227,-169
115000015,121,381,-260
115000016,81,188,-107
115000019,53,466,-413
115000020,165,715,-550
115000021,292,590,-298
115000022,550,356,194
115000023,396,498,-102
115000024,1139,498,641
115000025,753,628,125
115000026,194,466,-272
115000027,220,274,-54
115000028,188,931,-743
115000029,511,87,424
115000030,705,1258,-553
115000031,1181,228,953
115000032,10,309,-299
115000033,277,44,233
115000034,94,1059,-965
115000035,1185,75,1110
115000036,2,392,-390
115000037,574,11,563
115000038,55,193,-138
115000039,3609,3216,393
115000040,6569,3303,3266
115000041,1567,3204,-1637
115000042,1067,663,404
115000043,3592,2114,1478
115000044,3755,3902,-147
115000045,3061,2007,1054
115000046,2165,2450,-285
115000047,2142,1578,564
115000048,1788,2730,-942
115000049,1913,3764,-1851
115000050,2921,1923,998
115000051,1782,2715,-933
115000052,2816,1986,830
115000053,1660,1627,33
115000054,808,1504,-696
115000055,181,616,-435
115000056,287,593,-306
115000057,801,894,-93
115000058,591,231,360
115000059,242,222,20
115000061,331,145,186
115000062,228,308,-80
115000063,296,367,-71
115000064,295,112,183
115000065,45,423,-378
115000067,193,37,156
115000069,77,339,-262
115000070,35,849,-814
115000071,153,41,112
115000072,12,63,-51
115000073,1189,55,1134
115000075,109,64,45
115000076,3558,3151,407
115000077,1902,2619,-717
115000078,1229,1637,-408
115000079,1618,1959,-341
115000080,2482,2409,73
115000081,519,1065,-546
115000082,3668,3543,125
115000083,2057,2571,-514
115000084,1853,1176,677
115000085,716,953,-237
115000086,974,869,105
115000087,409,1627,-1218
115000088,1697,672,1025
115000089,1561,1296,265
115000090,484,727,-243
115000091,214,1057,-843
115000092,531,348,183
115000093,466,1,465
115000094,7016,5176,1840
115000095,4934,5924,-990
115000096,625,1735,-1110
115000097,824,1086,-262
115000098,1062,969,93
115000099,2383,3133,-750
115000100,975,486,489
115000101,456,1559,-1103
115000102,392,224,168
115000103,338,844,-506
115000105,51,223,-172
115000106,563,293,270
115000107,224,599,-375
115000108,3714,2764,950
115000109,4454,3844,610
115000110,1478,1273,205
115000111,793,2073,-1280
115000112,595,687,-92
115000113,657,932,-275
115000114,2105,851,1254
115000116,4179,2058,2121
115000117,4171,3462,709
115000118,2274,1844,430
115000119,2022,2512,-490
115000120,570,1279,-709
115000121,1602,946,656
115000122,4598,1682,2916
115000123,1666,2338,-672
115000124,1069,1036,33
115000125,413,584,-171
115000126,182,281,-99
115000127,425,115,310
115000128,533,959,-426
115000129,433,368,65
115000130,486,1025,-539
115000131,878,351,527
115000132,277,441,-164
115000133,610,301,309
115000134,506,192,314
115000135,491,203,288
115000136,328,264,64
115000137,191,183,8
115000138,284,281,3
115000139,241,257,-16
115000140,343,283,60
115000141,241,320,-79
115000142,210,293,-83
115000143,687,642,45
115000144,539,100,439
115000145,281,478,-197
115000146,571,304,267
115000147,498,530,-32
115000148,227,1104,-877
115000149,506,223,283
115000150,666,936,-270
115000151,1110,614,496
115000152,683,1251,-568
115000153,1112,637,475
115000154,773,381,392
115000155,560,953,-393
115000156,962,674,288
115000157,664,809,-145
115000158,540,331,209
115000159,812,450,362
115000160,569,354,215
115000161,157,452,-295
115000162,803,751,52
115000163,678,699,-21
115000164,740,706,34
115000165,361,476,-115
115000167,197,74,123
115000168,563,381,182
115000169,562,343,219
115000170,168,139,29
115000171,327,234,93
115000172,1206,722,484
115000173,370,562,-192
115000174,100,314,-214
115000175,192,118,74
115000176,151,97,54
115000177,103,83,20
115000178,31,255,-224
115000179,38,27,11
115000180,76,603,-527
115000181,577,125,452
115000182,859,345,514
115000183,241,850,-609
115000186,727,305,422
115000187,175,813,-638
115000188,419,510,-91
115000189,220,465,-245
115000190,729,383,346
115000191,192,489,-297
115000194,180,217,-37
115000195,361,337,24
115000196,170,102,68
115000197,206,266,-60
115000198,274,197,77
115000199,310,213,97
115000200,381,114,267
115000201,198,350,-152
115000206,328,61,267
115000207,100,296,-196
115000208,378,680,-302
115000209,832,289,543
115000210,148,161,-13
115000211,199,211,-12
115000212,1524,258,1266
115000224,542,62,480
115000225,46,108,-62
115000229,186,184,2
115000230,121,397,-276
115000231,313,1698,-1385
115000232,1525,287,1238
115000233,188,219,-31
115000234,19,336,-317
115000241,69,317,-248
115000242,92,394,-302
115000243,45,231,-186
115000244,26,134,-108
115000246,34,28,6
115000247,52,14,38
115000248,28,26,2
115000249,36,35,1
115000250,267,62,205
115000251,286,126,160
115000252,129,248,-119
115000253,18,395,-377
115000258,281,171,110
115000259,397,167,230
115000261,8,15,-7
115000262,14,42,-28
115000263,10,44,-34
115000264,31,39,-8
115000267,62,52,10
115000268,33,142,-109
115000269,140,64,76
115000270,9,34,-25
115000272,60,162,-102
115000273,430,49,381
115000280,1464,143,1321
115000281,287,726,-439
115000282,742,661,81
115000284,447,171,276
115000296,1267,10,1257
115000297,161,73,88
115000298,55,397,-342
115000300,181,170,11
115000302,665,141,524
115000303,595,100,495
115000304,594,102,492
115000305,82,740,-658
115000306,158,356,-198
115000307,106,203,-97
115000308,43,24,19
115000309,17,30,-13
115000310,860,999,-139
115000311,808,1303,-495
115000313,159,682,-523
115000314,416,142,274
115000315,1123,547,576
115000316,54,117,-63
115000317,168,473,-305
115000318,665,314,351
115000319,83,348,-265
115000320,6,256,-250
115000321,456,8,448
115000322,49,228,-179
115000449,233,210,23
115000557,4,1139,-1135
115000558,601,63,538
115000587,460,431,29
115000588,2546,3232,-686
115000589,3510,2516,994
115000590,1202,1342,-140
115000591,1794,666,1128
115000592,684,1873,-1189
115000593,1469,597,872
115000594,1118,2514,-1396
115000609,187,326,-139
115000617,2015,3052,-1037
115000624,206,97,109
115000633,408,2295,-1887
115000634,2577,777,1800
115000635,643,164,479
115000638,835,927,-92
115000641,64,150,-86
115000642,369,358,11
115000643,132,611,-479
115000644,179,514,-335
115000646,902,1572,-670
115000647,195,449,-254
115000648,1643,1991,-348
115000893,3739,1586,2153
115000894,154,1369,-1215
115000895,745,1003,-258
115000896,1630,384,1246
115000897,596,123,473
115000898,575,213,362
115000899,587,1062,-475
115000900,127,309,-182
115000901,106,143,-37
115000912,404,102,302
115000913,5,22,-17
115000915,25,2,23
115000916,3,0,3
115000917,0,11,-11
115000918,55,270,-215
115000919,9,9,0
115000920,38,31,7
115000921,523,103,420
115000922,1248,730,518
115000923,583,1140,-557
115000925,122,65,57
115000927,53,58,-5
115000933,307,200,107
115000934,165,217,-52
115000935,112,104,8
115000936,37,565,-528
115000937,833,148,685
115000938,191,218,-27
115000939,308,262,46
115000940,59,17,42
115000941,18,21,-3
115000942,69,123,-54
115000943,91,13,78
115000944,4,16,-12
115900001,65,52,13
115900002,100,121,-21
115900003,205,130,75
115900004,3,62,-59
115900005,108,5,103
115900006,117,261,-144
115900008,52,20,32
115900009,90,241,-151
115900010,300,160,140
115900011,365,283,82
115900012,121,75,46
115900013,336,120,216
115900014,118,164,-46
115900015,123,95,28
115900016,91,38,53
115900017,13,19,-6
115900018,201,73,128
115900019,26,9,17
115900020,57,0,57
115900021,1232,123,1109
115900022,1487,6,1481
115900023,71,9,62
115900025,41,242,-201
115900026,814,296,518
115900027,1,277,-276
115900028,674,55,619
115900029,25,399,-374
115900030,32,31,1
115900031,391,318,73
115900032,397,720,-323
115900033,0,35,-35
115900034,39,410,-371
115900035,49,14,35
115900036,152,685,-533
115900037,56,406,-350
115900038,37,11,26
115900039,217,209,8
115900041,584,474,110
115900042,27,8,19
115900043,107,85,22
115900044,237,317,-80
115900046,167,253,-86
115900047,166,110,56
115900049,116,275,-159
115900051,5,83,-78
115900052,7,197,-190
115900053,183,221,-38
115900054,187,58,129
115900055,31,113,-82
115900056,195,263,-68
115900057,38,22,16
115900058,53,66,-13
115900060,106,134,-28
115900061,210,0,210
115900062,20,324,-304
115900063,108,12,96
115900064,145,234,-89
115900065,145,95,50
115900066,199,146,53
115900067,14,705,-691
115900068,3442,707,2735
115900069,71,172,-101
115900070,214,184,30
115900071,0,422,-422
115900072,42,190,-148
115900073,68,64,4
115900074,8,333,-325
115900075,16,213,-197
115900076,6,63,-57
115900077,8,330,-322
115900078,67,97,-30
115900079,158,16,142
115900080,586,249,337
115900081,28,80,-52
115900082,194,213,-19
115900084,337,28,309
115900085,23,76,-53
115900086,1570,568,1002
115900088,9,63,-54
115900089,289,697,-408
115900090,271,36,235
115900091,10,44,-34
115900092,20,195,-175
115900093,7,19,-12
115900094,2,378,-376
115900096,3,11,-8
115900097,0,389,-389
115900098,156,400,-244
115900099,127,65,62
115900100,14,563,-549
115900101,78,279,-201
115900102,67,82,-15
115900103,258,139,119
115900104,43,142,-99
115900105,303,574,-271
115900106,56,25,31
115900107,91,160,-69
115900108,76,55,21
115900109,68,364,-296
115900110,4,35,-31
115900111,0,112,-112
115900112,38,877,-839
115900113,45,46,-1
115900114,5,146,-141
115900115,70,299,-229
115900116,117,842,-725
115900117,46,26,20
115900118,7,352,-345
115900119,126,143,-17
115900120,21,280,-259
115900121,147,218,-71
115900124,225,571,-346
115900125,238,46,192
115900126,500,96,404
115900127,545,69,476
115900128,9,108,-99
115900129,605,43,562
115900130,21,230,-209
115900131,497,30,467
115900132,477,11,466
115900134,282,12,270
115900135,502,1047,-545
115900137,27,5,22
115900139,54,49,5
115900140,201,28,173
115900141,1,13,-12
115900142,13,13,0
115900143,252,247,5
115900144,61,177,-116
115900146,9,152,-143
115900147,277,280,-3
115900148,57,4,53
115900149,75,26,49
115900150,42,49,-7
115900151,24,100,-76
115900152,106,299,-193
115900153,125,231,-106
115900154,481,300,181
115900155,0,60,-60
115900156,505,850,-345
115900157,139,516,-377
115900158,23,13,10
115900159,124,240,-116
115900160,12,4,8
115900161,92,190,-98
115900163,158,120,38
115900164,525,58,467
115900166,213,156,57
115900168,106,152,-46
115900171,87,383,-296
115900172,56,119,-63
115900173,203,152,51
115900174,269,249,20
115900175,110,195,-85
115900178,14,751,-737
115900179,246,13,233
115900180,39,193,-154
115900181,137,167,-30
115900182,351,210,141
115900183,67,23,44
115900184,1963,15,1948
115900187,4,132,-128
115900189,2,226,-224
115900190,335,1196,-861
115900191,45,356,-311
115900192,4,163,-159
115900193,217,106,111
115900194,603,71,532
115900195,600,1789,-1189
115900198,190,349,-159
115900199,197,227,-30
115900200,257,271,-14
115900201,429,357,72
115900202,1,46,-45
115900203,10,10,0
115900204,2,5,-3
115900205,123,11,112
115900206,219,210,9
115900207,31,41,-10
115900208,222,198,24
115900209,8,212,-204
115900210,19,134,-115
115900211,2,202,-200
115900212,138,318,-180
115900213,145,79,66
115900214,401,278,123
115900215,28,92,-64
115900216,3,99,-96
115900217,29,47,-18
115900218,0,35,-35
115900219,83,6,77
115900220,102,20,82
115900221,37,11,26
115900222,48,13,35
115900223,8,256,-248
115900224,1302,796,506
115900225,77,24,53
115900226,14,44,-30
115900227,11,46,-35
115900228,15,39,-24
115900229,5,49,-44
115900230,75,117,-42
115900231,100,4,96
115900232,53,1,52
115900233,59,12,47
115900234,28,37,-9
115900235,35,41,-6
115900236,107,29,78
115900237,34,48,-14
115900238,69,21,48
115900239,37,38,-1
115900240,15,50,-35
115900241,240,156,84
115900242,274,356,-82
115900243,4,14,-10
115900244,24,25,-1
115900245,50,30,20
115900246,30,18,12
115900247,54,5,49
115900248,11,4,7
115900249,8,9,-1
115900250,17,32,-15
115900251,1,14,-13
115900252,13,3,10
115900253,12,25,-13
115900254,11,38,-27
115900255,9,24,-15
115900256,18,33,-15
115900257,12,26,-14
115900258,0,2,-2
115900259,2,3,-1
115900260,13,3,10
115900261,13,2,11
115900262,4,1,3
115900263,3,1,2
115900264,3,3,0
115900265,0,6,-6
115900266,1,9,-8
115900267,10,7,3
115900268,2,2,0
115900269,350,421,-71
115900270,282,365,-83
115900271,58,0,58
115900272,27,0,27
115900273,5,16,-11
115900274,1,5,-4
115900275,1,18,-17
115900276,0,24,-24
115900277,0,71,-71
115900278,23,104,-81
115900279,26,154,-128
115900280,24,268,-244
115900281,475,230,245
115900282,20,17,3
115900283,14,32,-18
115900284,5,9,-4
116000001,13210,5341,7869
116000002,4754,9060,-4306
116000003,1745,1801,-56
116000004,2711,3251,-540
116000005,3240,3235,5
116000006,2831,1992,839
116000007,3182,4044,-862
116000008,3733,1961,1772
116000009,2163,2961,-798
116000010,2681,1484,1197
116000011,1139,2187,-1048
116000012,1357,1068,289
116000013,10537,4475,6062
116000014,13473,10529,2944
116000015,331,1093,-762
116000016,6309,3124,3185
116000017,41,653,-612
116000018,693,297,396
116000019,665,303,362
116000020,506,817,-311
116000021,354,355,-1
116000022,390,343,47
116000023,974,638,336
116000024,684,926,-242
116000025,776,666,110
116000026,1827,2445,-618
116000027,681,544,137
116000028,491,642,-151
116000029,782,733,49
116000030,791,415,376
116000031,187,304,-117
116000032,454,254,200
116000033,312,492,-180
116000034,677,879,-202
116000035,362,779,-417
116000036,1771,846,925
116000037,635,449,186
116000038,410,379,31
116000039,487,302,185
116000040,948,249,699
116000041,189,481,-292
116000042,555,215,340
116000043,76,624,-548
116000044,48,116,-68
116000045,1639,1128,511
116000046,1176,1474,-298
116000047,1835,2385,-550
116000048,1825,1718,107
116000049,1130,2398,-1268
116000050,1402,1470,-68
116000051,5849,2210,3639
116000052,5619,4602,1017
116000053,1819,1026,793
116000054,773,2574,-1801
116000055,624,1104,-480
116000056,902,1198,-296
116000057,2737,1716,1021
116000058,2521,1990,531
116000059,2479,3970,-1491
116000060,2255,1015,1240
116000061,629,983,-354
116000062,799,256,543
116000063,605,1082,-477
116000066,337,535,-198
116000067,326,525,-199
116000068,214,308,-94
116000069,319,387,-68
116000078,544,1095,-551
116000080,2108,1281,827
116000082,10,81,-71
116000083,1506,396,1110
116000084,2234,4537,-2303
116000085,2029,1476,553
116000086,2187,1680,507
116000087,1529,1306,223
116000088,782,1139,-357
116000089,223,98,125
116000090,159,201,-42
116000091,341,305,36
116000093,424,337,87
116000094,513,725,-212
116000095,622,428,194
116000096,719,1351,-632
116000097,1248,758,490
116000098,155,5651,-5496
116000099,6089,286,5803
116000100,240,24,216
116000101,1293,964,329
116000102,298,1390,-1092
116000103,508,288,220
116000104,206,1450,-1244
116000105,999,161,838
116000106,788,891,-103
116000107,2717,341,2376
116000108,484,199,285
116000111,178,59,119
116000113,119,114,5
116000114,55,171,-116
116000115,443,356,87
116000116,363,603,-240
116000117,1510,2175,-665
116000118,1333,1433,-100
116000119,2564,2009,555
116000120,2941,4518,-1577
116000121,860,512,348
116000122,1416,1994,-578
116000123,901,541,360
116000124,364,986,-622
116000125,2924,797,2127
116000126,366,1771,-1405
116000127,1095,1422,-327
116000128,1354,871,483
116000129,1346,294,1052
116000130,532,480,52
116000133,789,1014,-225
116000134,1950,2515,-565
116000135,2046,1537,509
116000136,1292,2331,-1039
116000137,1112,719,393
116000138,836,465,371
116000139,1768,2011,-243
116000140,177,211,-34
116000141,311,712,-401
116000142,3658,3259,399
116000143,1863,1676,187
116000144,1383,2398,-1015
116000145,1458,1361,97
116000146,490,273,217
116000147,309,131,178
116000148,461,490,-29
116000149,511,519,-8
116000151,665,646,19
116000153,97,386,-289
116000155,192,212,-20
116000156,368,1033,-665
116000157,59,21,38
116000158,375,355,20
116000159,20,12,8
116000160,16,82,-66
116000161,3,70,-67
116000162,60,53,7
116000163,23,8,15
116000164,12,48,-36
116000177,449,97,352
116000194,113,395,-282
116000195,1542,730,812
116000196,5,6,-1
116000197,7,18,-11
116000198,2483,1082,1401
116000200,655,374,281
116000201,592,647,-55
116000202,29,300,-271
116000203,8,136,-128
116000204,9,85,-76
116000205,2,209,-207
116000206,2,159,-157
116000207,13,62,-49
116000233,218,532,-314
116000287,179,523,-344
116000288,224,196,28
116000292,78,91,-13
116000296,43,252,-209
116000297,164,44,120
116000304,204,32,172
116000305,32,104,-72
116000346,152,87,65
116000352,84,34,50
116000354,31,8,23
116000357,29,17,12
116000358,304,50,254
116000361,518,12,506
116000372,6816,3548,3268
116000381,141,2,139
116000388,3,69,-66
116000389,859,550,309
116000445,248,675,-427
116000446,453,681,-228
116000447,20,481,-461
116000448,661,210,451
116000563,773,683,90
116000565,45,516,-471
116000568,69,244,-175
116000579,36,127,-91
116000583,145,93,52
116000584,16,9,7
116000585,37,18,19
116000586,95,88,7
116000587,513,618,-105
116000589,94,69,25
116000590,93,194,-101
116000591,204,230,-26
116000592,14,103,-89
116000593,1,27,-26
116000594,452,523,-71
116000595,550,156,394
116000596,104,5,99
116000597,362,92,270
116000598,14,199,-185
116000605,279,127,152
116000606,90,323,-233
116000607,4,65,-61
116000609,230,973,-743
116000611,155,604,-449
116000612,658,1814,-1156
116000613,518,363,155
116000614,395,632,-237
116000615,6,317,-311
116000616,28,74,-46
116000617,114,63,51
116000618,1,107,-106
116000619,109,69,40
116000620,95,56,39
116000621,50,100,-50
116000622,66,185,-119
116000624,219,111,108
116000627,97,95,2
116000628,89,622,-533
116000629,53,421,-368
116000630,458,23,435
116000631,181,92,89
116000632,806,129,677
116000633,188,280,-92
116000634,398,204,194
116000635,3266,1967,1299
116000636,1223,1171,52
116000637,507,96,411
116000638,168,409,-241
116000640,33,32,1
116000641,2,0,2
116000644,28,610,-582
116900001,188,137,51
116900002,226,2,224
116900003,21,58,-37
116900004,24,40,-16
116900005,191,65,126
116900006,187,181,6
116900007,93,113,-20
116900008,381,356,25
116900009,19,2,17
116900010,1,1344,-1343
116900011,15,25,-10
116900012,132,141,-9
116900013,11,127,-116
116900014,111,303,-192
116900015,298,49,249
116900016,181,1,180
116900017,2,633,-631
116900018,41,58,-17
116900019,3,338,-335
116900020,1092,941,151
116900023,109,9,100
116900024,436,61,375
116900025,916,836,80
116900026,134,580,-446
116900027,42,61,-19
116900028,8,125,-117
116900029,1,36,-35
116900031,9,1,8
116900032,14,381,-367
116900033,24,19,5
116900034,10,59,-49
116900035,173,227,-54
116900036,5,116,-111
116900038,48,3,45
116900041,29,23,6
116900042,782,283,499
116900043,26,60,-34
116900047,38,132,-94
116900049,20,320,-300
116900050,114,454,-340
116900051,73,186,-113
116900052,158,58,100
116900055,0,9,-9
116900057,18,279,-261
116900058,32,385,-353
116900059,4,128,-124
116900060,185,205,-20
116900062,7,8,-1
116900064,75,817,-742
116900065,41,139,-98
116900067,118,67,51
116900068,146,206,-60
116900070,2,3,-1
116900072,20,377,-357
116900073,13,111,-98
116900074,6,42,-36
116900076,10,22,-12
116900077,10,101,-91
116900078,238,108,130
116900079,41,229,-188
116900080,25,34,-9
116900081,397,1203,-806
116900082,458,812,-354
116900083,75,44,31
116900084,150,37,113
116900085,56,155,-99
116900086,55,212,-157
116900088,132,67,65
116900090,195,55,140
116900091,274,27,247
116900092,75,672,-597
116900093,1420,1579,-159
116900094,4328,3116,1212
116900095,172,87,85
116900096,80,352,-272
116900097,3287,2562,725
116900098,828,243,585
116900099,782,609,173
116900100,924,31,893
116900101,316,542,-226
116900103,9,0,9
116900104,76,87,-11
116900105,278,128,150
116900106,1735,438,1297
116900107,4016,2183,1833
116900110,13,1,12
116900111,413,686,-273
116900112,231,972,-741
116900113,1955,1640,315
116900116,124,424,-300
116900117,194,113,81
116900118,726,719,7
116900120,276,96,180
116900121,177,29,148
116900122,638,763,-125
116900123,116,732,-616
116900124,252,1006,-754
116900125,328,178,150
116900126,191,484,-293
116900128,1,47,-46
116900129,1,299,-298
116900130,591,2900,-2309
116900131,17,114,-97
116900132,45,160,-115
116900133,102,158,-56
116900134,255,209,46
116900136,171,162,9
116900137,341,168,173
116900138,213,181,32
116900139,135,396,-261
116900140,162,150,12
116900141,776,435,341
116900142,3,86,-83
116900143,216,400,-184
116900144,32,80,-48
116900145,93,204,-111
116900147,485,347,138
116900148,13,39,-26
116900149,42,294,-252
116900150,13,27,-14
116900151,35,11,24
116900153,82,86,-4
116900154,685,488,197
116900155,85,69,16
116900157,439,307,132
116900158,919,252,667
116900159,39,281,-242
116900160,888,506,382
116900161,5661,4808,853
116900162,13,132,-119
116900163,139,144,-5
116900164,264,64,200
116900165,241,142,99
116900166,27,77,-50
116900167,347,53,294
116900168,377,94,283
116900169,527,322,205
116900170,205,553,-348
116900171,28,147,-119
116900172,184,280,-96
116900173,121,44,77
116900174,76,58,18
116900175,168,148,20
116900178,15,113,-98
116900179,115,284,-169
116900180,106,37,69
116900182,336,256,80
116900183,187,88,99
116900185,30,44,-14
116900186,93,302,-209
116900187,134,56,78
116900188,116,37,79
116900189,146,2,144
116900191,346,533,-187
116900192,209,116,93
116900194,132,1203,-1071
116900195,26,21,5
116900196,14,125,-111
116900197,98,4,94
116900198,180,209,-29
116900200,38,38,0
116900201,76,11,65
116900202,145,64,81
116900203,157,12,145
116900204,49,79,-30
116900206,3,24,-21
116900207,46,43,3
116900208,7,110,-103
116900209,99,101,-2
116900210,436,246,190
116900211,182,9,173
116900212,53,75,-22
116900213,181,104,77
116900214,140,167,-27
116900215,11,24,-13
116900216,332,243,89
116900218,5,213,-208
116900219,1439,442,997
116900220,96,177,-81
116900221,72,286,-214
116900222,391,343,48
116900223,96,255,-159
116900226,64,64,0
116900227,160,94,66
116900228,307,216,91
116900230,73,273,-200
116900231,32,418,-386
116900232,13,419,-406
116900233,213,103,110
116900234,13,2,11
116900235,152,284,-132
116900238,1667,352,1315
116900239,38,1519,-1481
116900240,5644,3498,2146
116900241,69,157,-88
116900242,1077,477,600
116900243,3,31,-28
116900245,29,23,6
116900246,142,25,117
116900247,733,19,714
116900248,77,49,28
116900249,288,102,186
116900250,333,47,286
116900251,497,414,83
116900252,125,858,-733
116900254,9,105,-96
116900255,92,61,31
116900256,264,58,206
116900257,34,589,-555
116900258,7,294,-287
116900259,255,8,247
116900260,1,137,-136
116900261,65,2,63
116900262,189,185,4
116900263,1,12,-11
116900264,1,5,-4
116900265,31,4,27
116900266,17,31,-14
116900267,6,1,5
116900268,156,83,73
116900269,268,501,-233
116900271,1129,165,964
116900272,382,319,63
116900273,138,49,89
116900274,117,111,6
116900275,160,139,21
116900276,439,101,338
116900277,571,28,543
116900278,11,8,3
116900279,2,29,-27
116900280,10,28,-18
116900281,6002,3634,2368
116900282,23,245,-222
116900283,24,132,-108
116900284,17,226,-209
116900285,292,148,144
116900286,270,41,229
116900287,19,62,-43
116900288,50,98,-48
116900289,25,33,-8
116900290,6,39,-33
116900291,12,13,-1
116900292,0,3,-3
116900293,35,84,-49
116900294,25,141,-116
116900295,192,29,163
116900296,192,52,140
116900297,9,86,-77
116900298,68,50,18
116900299,144,36,108
116900300,5,74,-69
116900301,74,94,-20
116900302,62,53,9
116900303,364,96,268
116900304,1,162,-161
116900305,8,52,-44
116900306,164,86,78
116900307,101,0,101
116900308,0,166,-166
116900309,122,152,-30
117000001,1914,1719,195
117000002,2324,4822,-2498
117000003,6796,3196,3600
117000004,4243,5178,-935
117000005,2039,1747,292
117000006,1477,3881,-2404
117000007,3710,1281,2429
117000008,1295,4354,-3059
117000009,4940,2009,2931
117000010,2880,4727,-1847
117000011,2405,1840,565
117000012,1446,1544,-98
117000013,1924,1047,877
117000014,1464,2449,-985
117000015,2990,1466,1524
117000016,301,79,222
117000017,391,152,239
117000018,369,461,-92
117000019,151,30,121
117000020,438,1089,-651
117000021,1991,603,1388
117000022,426,74,352
117000023,398,241,157
117000024,352,122,230
117000025,655,656,-1
117000026,2529,899,1630
117000027,2953,3882,-929
117000028,5152,1528,3624
117000030,684,493,191
117000031,388,285,103
117000032,1837,1125,712
117000033,1696,850,846
117000034,373,353,20
117000035,318,363,-45
117000036,406,325,81
117000037,311,244,67
117000038,289,574,-285
117000039,484,268,216
117000040,191,1061,-870
117000041,812,183,629
117000044,21,896,-875
117000045,467,78,389
117000046,515,783,-268
117000047,811,645,166
117000048,1994,1256,738
117000049,101,597,-496
117000050,127,2319,-2192
117000051,2231,175,2056
117000052,42,377,-335
117000053,509,67,442
117000054,1828,8,1820
117000055,100,3484,-3384
117000056,646,17,629
117000057,657,2305,-1648
117000060,540,1735,-1195
117000061,1613,997,616
117000062,311,807,-496
117000063,1899,954,945
117000064,853,951,-98
117000066,993,811,182
117000067,152,502,-350
117000074,198,228,-30
117000076,132,56,76
117000077,165,180,-15
117000078,111,675,-564
117000079,350,207,143
117000080,6,386,-380
117000081,1067,131,936
117000082,15,77,-62
117000083,129,3,126
117000084,266,2,264
117000085,357,731,-374
117000086,933,518,415
117000087,108,498,-390
117000088,285,183,102
117000089,1529,295,1234
117000090,286,1506,-1220
117000091,803,293,510
117000092,383,1537,-1154
117000093,1074,772,302
117000094,1340,3177,-1837
117000095,3302,949,2353
117000096,688,2747,-2059
117000097,1243,1278,-35
117000098,2863,5314,-2451
117000099,2950,1292,1658
117000100,131,287,-156
117000101,228,1353,-1125
117000102,1435,696,739
117000103,628,2037,-1409
117000104,1226,620,606
117000105,860,1904,-1044
117000106,970,923,47
117000107,658,2027,-1369
117000108,1432,946,486
117000109,1900,2972,-1072
117000110,1311,1084,227
117000111,3681,4725,-1044
117000112,3067,1941,1126
117000113,206,287,-81
117000114,236,172,64
117000115,114,161,-47
117000116,109,231,-122
117000117,1602,760,842
117000118,286,135,151
117000119,1547,179,1368
117000120,270,390,-120
117000121,190,1070,-880
117000122,273,835,-562
117000123,1697,37,1660
117000124,1069,41,1028
117000125,360,87,273
117000126,105,35,70
117000127,170,263,-93
117000128,482,648,-166
117000129,483,590,-107
117000130,150,2,148
117000131,0,127,-127
117000132,2940,32,2908
117000133,1203,56,1147
117000134,0,40,-40
117000135,4,34,-30
117000136,0,36,-36
117000137,76,123,-47
117000138,3,577,-574
117000140,508,1750,-1242
117000141,1462,591,871
117000181,561,395,166
117000182,365,454,-89
117000195,200,1165,-965
117000196,220,92,128
117000225,204,14,190
117000226,10,115,-105
117000276,223,7,216
117000277,1,474,-473
117000310,1807,2512,-705
117000315,42,969,-927
117000320,91,1,90
117000906,270,20,250
117000907,9,438,-429
117000909,45,29,16
117000910,163,166,-3
117000911,130,276,-146
117000915,5,597,-592
117000916,24,3,21
117000917,839,36,803
117000918,54,62,-8
117000919,9,158,-149
117000920,3,1267,-1264
117000921,1,1498,-1497
117000922,61,121,-60
117000924,427,1014,-587
117000926,907,99,808
117000927,2594,817,1777
117000928,0,137,-137
117000929,244,427,-183
117000930,191,33,158
117000931,749,134,615
117900002,121,378,-257
117900003,761,427,334
117900005,10,24,-14
117900006,0,22,-22
117900007,136,122,14
117900008,0,35,-35
117900010,354,69,285
117900011,29,94,-65
117900012,76,103,-27
117900013,3,220,-217
117900014,566,138,428
117900015,19,124,-105
117900016,1125,581,544
117900017,625,336,289
117900018,221,73,148
117900019,336,287,49
117900020,89,411,-322
117900021,34,62,-28
117900023,696,247,449
117900024,69,82,-13
117900025,47,22,25
117900026,368,278,90
117900028,89,4,85
117900029,238,674,-436
117900030,360,345,15
117900031,246,73,173
117900032,1042,589,453
117900033,204,702,-498
117900034,80,39,41
117900035,299,101,198
117900036,211,467,-256
117900037,109,129,-20
117900038,32,327,-295
117900039,7,60,-53
117900040,115,464,-349
117900041,8,57,-49
117900042,3746,353,3393
117900043,35,67,-32
117900044,72,4014,-3942
117900045,239,145,94
117900048,252,322,-70
117900049,258,533,-275
117900050,8,53,-45
117900051,74,2,72
117900052,52,328,-276
117900053,1569,770,799
117900054,3,29,-26
117900055,133,286,-153
117900056,462,50,412
117900057,1326,1348,-22
117900058,92,33,59
117900059,353,69,284
117900060,1973,5542,-3569
117900061,14,223,-209
117900063,365,190,175
117900065,815,1229,-414
117900066,8,46,-38
117900067,414,186,228
117900069,723,302,421
117900070,275,19,256
117900071,85,126,-41
117900073,454,370,84
117900074,289,35,254
117900075,78,95,-17
117900076,20,44,-24
117900077,286,197,89
117900078,359,793,-434
117900080,158,49,109
117900081,594,471,123
117900082,432,404,28
117900083,270,446,-176
117900086,137,33,104
117900087,142,53,89
117900088,3575,2073,1502
117900089,1782,636,1146
117900090,505,499,6
117900091,125,204,-79
117900092,71,37,34
117900093,56,48,8
117900094,45,18,27
117900095,298,483,-185
117900096,100,226,-126
117900097,144,77,67
117900098,26,8,18
117900099,284,230,54
117900100,162,0,162
117900101,450,1585,-1135
117900102,54,42,12
117900103,77,2,75
117900104,75,109,-34
117900105,155,238,-83
117900106,105,45,60
117900107,47,0,47
117900109,474,410,64
117900110,161,1,160
117900111,421,9,412
117900112,46,12,34
117900113,3424,1756,1668
117900114,18,0,18
117900115,363,50,313
117900116,979,937,42
117900117,467,351,116
117900118,44,0,44
117900119,154,252,-98
117900120,190,76,114
117900121,80,13,67
117900122,1133,3119,-1986
117900123,753,472,281
117900124,952,792,160
117900125,1687,1755,-68
117900126,301,553,-252
117900127,408,486,-78
117900128,399,600,-201
117900129,71,3,68
117900130,1250,384,866
117900131,0,115,-115
117900132,15,113,-98
117900133,14,147,-133
117900134,29,228,-199
117900135,28,227,-199
117900136,2,56,-54
117900137,25,326,-301
117900138,1,37,-36
117900139,117,169,-52
117900140,3603,255,3348
117900141,200,198,2
117900142,272,31,241
117900144,71,98,-27
117900145,33,43,-10
117900146,247,121,126
117900147,64,62,2
117900148,2542,1231,1311
117900149,103,220,-117
117900150,56,53,3
117900151,41,105,-64
117900152,101,55,46
117900153,45,105,-60
117900154,401,663,-262
117900156,995,1021,-26
117900157,109,607,-498
117900158,219,163,56
117900160,554,584,-30
117900161,2862,2292,570
117900162,490,468,22
117900163,69,60,9
117900165,4,17,-13
117900166,109,444,-335
117900168,46,175,-129
117900169,0,105,-105
117900170,2,66,-64
117900171,2,24,-22
117900172,7,27,-20
117900173,132,63,69
117900174,52,47,5
117900175,8,47,-39
117900176,15,31,-16
117900177,19,36,-17
117900178,104,31,73
117900180,234,70,164
117900181,190,367,-177
117900182,1,31,-30
117900183,70,182,-112
117900184,30,58,-28
117900185,37,64,-27
117900186,29,18,11
117900187,13,7,6
117900188,228,60,168
117900189,66,49,17
117900190,30,2,28
117900191,96,0,96
117900192,174,2,172
117900193,3,75,-72
117900194,21,6,15
117900195,15,54,-39
117900196,8,20,-12
117900207,176,103,73
117900208,31,35,-4
117900209,158,187,-29
117900210,147,176,-29
117900211,3,168,-165
117900212,102,192,-90
117900213,32,21,11
117900214,7,40,-33
117900215,34,44,-10
117900216,88,13,75
117900217,142,274,-132
117900218,197,234,-37
117900219,8,95,-87
117900220,135,69,66
117900222,254,300,-46
117900223,199,275,-76
118000001,987,1003,-16
118000002,1183,2171,-988
118000003,2357,2844,-487
118000004,4355,3117,1238
118000005,5665,4994,671
118000006,7642,9987,-2345
118000007,6558,3211,3347
118000008,6107,3852,2255
118000009,2506,3033,-527
118000010,4706,3989,717
118000011,1301,2034,-733
118000012,1149,2187,-1038
118000013,2907,2786,121
118000014,2359,2906,-547
118000016,172,394,-222
118000017,453,394,59
118000018,451,501,-50
118000019,2533,1524,1009
118000020,1552,2766,-1214
118000021,878,2657,-1779
118000022,1867,798,1069
118000023,1038,322,716
118000024,1850,1086,764
118000027,16620,11186,5434
118000029,1179,686,493
118000032,1527,3371,-1844
118000033,3302,4327,-1025
118000034,5940,2413,3527
118000035,1843,2295,-452
118000036,1357,1099,258
118000037,659,847,-188
118000038,162,95,67
118000039,83,197,-114
118000040,1455,1284,171
118000041,1966,1422,544
118000045,941,116,825
118000046,1723,443,1280
118000047,1179,648,531
118000048,3204,1518,1686
118000051,2321,1022,1299
118000052,1934,526,1408
118000053,488,599,-111
118000054,2156,2131,25
118000055,1834,2323,-489
118000056,434,380,54
118000057,328,417,-89
118000058,3116,1240,1876
118000059,2001,795,1206
118000060,946,491,455
118000061,1450,1407,43
118000062,640,247,393
118000063,361,491,-130
118000064,802,1213,-411
118000065,3868,1643,2225
118000066,683,1401,-718
118000067,1517,938,579
118000068,1849,4236,-2387
118000069,3405,1109,2296
118000070,5497,1741,3756
118000071,3051,6273,-3222
118000072,2148,1169,979
118000073,3217,598,2619
118000074,649,824,-175
118000075,1144,285,859
118000076,1247,1944,-697
118000077,1409,1295,114
118000078,1824,1801,23
118000079,324,389,-65
118000080,1265,991,274
118000081,1863,1170,693
118000082,308,1167,-859
118000083,1555,1602,-47
118000084,3114,1704,1410
118000086,390,700,-310
118000087,4955,2630,2325
118000088,1837,1822,15
118000089,3273,2107,1166
118000090,1740,2564,-824
118000091,1065,2490,-1425
118000092,1119,523,596
118000093,120,730,-610
118000096,495,638,-143
118000097,889,682,207
118000098,354,211,143
118000099,481,772,-291
118000101,1087,374,713
118000102,384,1331,-947
118000107,1833,500,1333
118000108,770,2078,-1308
118000110,1,19,-18
118000111,2,386,-384
118000112,431,3,428
118000113,9,671,-662
118000114,342,9,333
118000115,18,13,5
118000116,45,1,44
118000117,1260,853,407
118000118,976,778,198
118000119,1079,1202,-123
118000120,1853,1280,573
118000121,157,684,-527
118000122,1539,322,1217
118000123,48,305,-257
118000125,1953,991,962
118000126,1002,1536,-534
118000127,1793,694,1099
118000128,775,1297,-522
118000129,1299,566,733
118000130,2962,4243,-1281
118000131,1011,1049,-38
118000132,2686,1802,884
118000133,1232,559,673
118000135,582,485,97
118000136,130,475,-345
118000137,751,109,642
118000138,400,620,-220
118000139,338,128,210
118000140,2784,3973,-1189
118000141,1989,1946,43
118000142,1551,1654,-103
118000143,1923,1199,724
118000144,1283,957,326
118000145,1893,2377,-484
118000146,1205,995,210
118000147,901,1712,-811
118000148,605,1416,-811
118000149,790,992,-202
118000150,372,367,5
118000151,369,492,-123
118000153,1267,1252,15
118000154,1544,1495,49
118000155,1157,1364,-207
118000156,2231,2318,-87
118000157,570,449,121
118000158,214,468,-254
118000159,19,103,-84
118000160,475,442,33
118000161,419,909,-490
118000162,1261,861,400
118000163,817,813,4
118000164,1966,1253,713
118000168,1213,467,746
118000169,1196,1278,-82
118000170,4226,5280,-1054
118000171,316,658,-342
118000172,111,324,-213
118000173,886,1011,-125
118000175,287,312,-25
118000176,231,412,-181
118000177,216,566,-350
118000178,51,44,7
118000179,1274,998,276
118000180,851,694,157
118000181,904,306,598
118000182,285,270,15
118000183,238,248,-10
118000184,748,739,9
118000185,974,964,10
118000186,819,924,-105
118000187,1097,817,280
118000188,557,211,346
118000189,477,800,-323
118000190,17,28,-11
118000191,33,27,6
118000192,508,550,-42
118000193,408,507,-99
118000194,1745,1049,696
118000195,752,761,-9
118000196,327,145,182
118000197,749,157,592
118000198,762,560,202
118000199,1153,417,736
118000200,74,198,-124
118000201,489,470,19
118000202,40,68,-28
118000203,1174,494,680
118000204,249,350,-101
118000205,240,334,-94
118000206,267,216,51
118000207,0,53,-53
118000208,1294,1632,-338
118000209,1859,1872,-13
118000210,57,43,14
118000211,51,50,1
118000213,970,1040,-70
118000214,558,557,1
118000215,290,291,-1
118000216,1437,2678,-1241
118000217,31,122,-91
118000218,56,126,-70
118000219,645,351,294
118000220,3,68,-65
118000221,151,317,-166
118000222,54,12,42
118000223,52,46,6
118000224,181,119,62
118000225,149,660,-511
118000226,1198,122,1076
118000227,939,349,590
118000228,160,176,-16
118000229,218,55,163
118000230,167,240,-73
118000231,77,204,-127
118000232,681,881,-200
118000233,860,786,74
118000234,412,171,241
118000236,341,297,44
118000237,101,366,-265
118000238,280,185,95
118000239,345,278,67
118000240,400,112,288
118000241,137,176,-39
118000242,279,606,-327
118000243,298,235,63
118000244,50,127,-77
118000246,0,20,-20
118000255,97,274,-177
118000256,127,289,-162
118000259,6,48,-42
118000260,221,88,133
118000261,35,60,-25
118000263,70,173,-103
118000266,549,295,254
118000267,1,100,-99
118000268,324,2,322
118000270,109,34,75
118000271,203,297,-94
118000272,109,78,31
118000273,107,89,18
118000274,115,244,-129
118000276,421,322,99
118000295,3,94,-91
118000298,161,380,-219
118000299,103,193,-90
118000301,1,53,-52
118000302,84,85,-1
118000311,371,136,235
118000312,235,171,64
118000313,52,151,-99
118000314,75,50,25
118000315,20,71,-51
118000316,589,427,162
118000325,55,53,2
118000326,12,35,-23
118000331,54,55,-1
118000332,12,31,-19
118000333,41,60,-19
118000335,263,3,260
118000336,0,268,-268
118000407,133,97,36
118000457,12,34,-22
118000465,4029,4198,-169
118000480,20,102,-82
118000489,134,356,-222
118000490,124,385,-261
118000492,277,248,29
118000510,77,25,52
118000514,193,274,-81
118000515,620,637,-17
118000517,303,218,85
118000524,459,268,191
118000525,809,757,52
118000530,17,93,-76
118000531,232,264,-32
118000532,218,313,-95
118000533,383,146,237
118000534,582,446,136
118000535,247,166,81
118000536,784,1277,-493
118000537,34,87,-53
118000538,17,51,-34
118000539,8,77,-69
118000540,206,85,121
118000541,208,44,164
118000542,106,105,1
118000543,134,136,-2
118000546,58,18,40
118000553,0,0,0
118000557,0,0,0
118000560,3048,1943,1105
118000562,16,176,-160
118000563,1614,1250,364
118000576,262,191,71
118000577,236,176,60
118000578,259,135,124
118000579,555,1012,-457
118000583,0,0,0
118000595,212,124,88
118000596,0,74,-74
118000597,165,162,3
118000598,15,0,15
118000599,54,55,-1
118000600,2,6,-4
118000601,14,1,13
118000602,2,7,-5
118000603,1,38,-37
118000605,75,425,-350
118900001,639,996,-357
118900002,914,746,168
118900003,342,15,327
118900004,25,34,-9
118900005,55,4,51
118900006,198,9,189
118900007,4,3,1
118900008,1289,43,1246
118900009,36,44,-8
118900010,53,6,47
118900011,121,35,86
118900012,470,204,266
118900013,391,106,285
118900015,115,35,80
118900016,18,16,2
118900017,227,255,-28
118900018,785,25,760
118900019,58,32,26
118900020,193,148,45
118900021,169,291,-122
118900022,108,88,20
118900023,169,115,54
118900024,65,158,-93
118900025,44,20,24
118900026,48,68,-20
118900027,400,252,148
118900028,129,119,10
118900029,288,297,-9
118900030,266,73,193
118900031,135,94,41
118900032,190,223,-33
118900033,410,356,54
118900034,147,17,130
118900035,105,207,-102
118900036,952,581,371
118900037,396,232,164
118900038,317,199,118
118900039,454,168,286
118900040,202,185,17
118900041,551,184,367
118900042,142,86,56
118900045,238,146,92
118900046,915,291,624
118900047,505,190,315
118900048,225,169,56
118900049,57,31,26
118900050,18,117,-99
118900051,121,121,0
118900052,284,179,105
118900053,55,94,-39
118900054,119,46,73
118900055,58,88,-30
118900056,101,282,-181
118900057,613,352,261
118900058,374,307,67
118900059,28,77,-49
118900060,166,110,56
118900062,226,235,-9
118900064,662,587,75
118900065,82,159,-77
118900066,59,116,-57
118900067,4642,3414,1228
118900068,6,210,-204
118900069,304,215,89
118900071,10,98,-88
118900072,316,412,-96
118900073,97,101,-4
118900074,150,228,-78
118900075,53,69,-16
118900076,190,102,88
118900077,198,169,29
118900078,41,5,36
118900079,64,194,-130
118900080,16,139,-123
118900081,93,33,60
118900082,507,138,369
118900083,37,12,25
118900084,15,27,-12
118900085,629,904,-275
118900086,41,73,-32
118900087,9,197,-188
118900088,0,14,-14
118900089,21,26,-5
118900090,415,395,20
118900091,155,150,5
118900092,89,116,-27
118900093,134,29,105
118900096,90,117,-27
118900097,221,454,-233
118900099,65,233,-168
118900100,147,240,-93
118900101,74,350,-276
118900102,44,93,-49
118900103,26,100,-74
118900104,204,162,42
118900105,184,109,75
118900107,146,76,70
118900108,105,124,-19
118900110,1512,823,689
118900111,501,501,0
118900112,86,215,-129
118900113,112,485,-373
118900114,36,64,-28
118900115,112,318,-206
118900116,120,166,-46
118900117,72,165,-93
118900118,202,331,-129
118900119,108,220,-112
118900120,84,232,-148
118900121,17,180,-163
118900122,17,638,-621
118900123,87,185,-98
118900124,40,201,-161
118900126,16,307,-291
118900129,251,209,42
118900130,105,195,-90
118900131,111,192,-81
118900132,285,196,89
118900133,20,121,-101
118900135,177,221,-44
118900136,196,443,-247
118900137,1,31,-30
118900139,272,388,-116
118900140,354,567,-213
118900141,123,118,5
118900144,97,397,-300
118900145,23,127,-104
118900146,288,624,-336
118900147,227,116,111
118900148,53,56,-3
118900150,166,556,-390
118900152,556,860,-304
118900157,63,161,-98
118900158,94,72,22
118900159,0,150,-150
118900161,104,6,98
118900163,147,104,43
118900164,5,112,-107
118900165,48,232,-184
118900166,33,8,25
118900167,99,128,-29
118900168,7,71,-64
118900169,99,378,-279
118900170,95,95,0
118900171,20,32,-12
118900174,50,68,-18
118900175,308,506,-198
118900176,127,240,-113
118900177,53,79,-26
118900178,41,148,-107
118900179,14,28,-14
118900181,77,100,-23
118900182,69,50,19
118900183,13,132,-119
118900184,279,69,210
118900185,64,111,-47
118900186,102,97,5
118900187,217,248,-31
118900188,245,249,-4
118900189,28,605,-577
118900190,20,299,-279
118900191,119,34,85
118900192,189,23,166
118900193,435,15,420
118900195,268,634,-366
118900196,33,157,-124
118900197,103,34,69
118900198,30,20,10
118900199,71,40,31
118900200,29,20,9
118900201,60,22,38
118900202,9,72,-63
118900203,11,39,-28
118900204,23,42,-19
118900205,7,11,-4
118900206,3,44,-41
119000001,1497,1321,176
119000002,3565,2521,1044
119000003,2250,1238,1012
119000004,2429,1451,978
119000005,1918,2050,-132
119000006,2869,1907,962
119000007,3009,3206,-197
119000008,1984,1853,131
119000009,3482,4019,-537
119000010,7010,4319,2691
119000011,3996,2645,1351
119000012,3141,3602,-461
119000013,2254,1484,770
119000014,2401,3473,-1072
119000019,263,193,70
119000020,2548,1361,1187
119000021,3946,2239,1707
119000022,2424,2342,82
119000023,320,255,65
119000024,1677,8599,-6922
119000025,7506,1373,6133
119000026,174,394,-220
119000027,340,477,-137
119000028,2059,1096,963
119000029,141,376,-235
119000030,606,1116,-510
119000031,824,765,59
119000032,1872,2553,-681
119000033,2281,1612,669
119000034,1079,1076,3
119000035,33,365,-332
119000036,1607,840,767
119000037,1074,1935,-861
119000038,163,1023,-860
119000039,239,298,-59
119000040,936,518,418
119000041,843,1282,-439
119000048,3459,3492,-33
119000049,1839,2683,-844
119000050,1688,2102,-414
119000051,1979,1073,906
119000052,1881,3006,-1125
119000053,1935,1249,686
119000054,3284,3561,-277
119000055,3707,3485,222
119000056,2117,2162,-45
119000057,1465,2194,-729
119000058,1939,1968,-29
119000059,1327,1611,-284
119000060,1319,1226,93
119000061,969,868,101
119000062,1259,1302,-43
119000063,414,437,-23
119000064,1371,1642,-271
119000065,2120,3224,-1104
119000066,1837,1246,591
119000067,1934,2460,-526
119000068,1613,1196,417
119000069,1412,2514,-1102
119000070,2193,1075,1118
119000071,574,702,-128
119000072,5410,3073,2337
119000073,4728,6500,-1772
119000074,1434,2952,-1518
119000075,1811,2431,-620
119000076,418,760,-342
119000077,838,442,396
119000078,439,249,190
119000079,194,659,-465
119000080,503,203,300
119000081,272,378,-106
119000082,794,244,550
119000083,639,405,234
119000084,377,451,-74
119000085,500,262,238
119000086,296,410,-114
119000087,1716,1032,684
119000088,313,259,54
119000089,115,185,-70
119000090,156,176,-20
119000091,139,402,-263
119000092,513,190,323
119000093,3957,2839,1118
119000094,2681,5844,-3163
119000095,1508,2633,-1125
119000097,2372,1650,722
119000098,766,2145,-1379
119000099,2598,1908,690
119000100,3134,2761,373
119000101,3450,1864,1586
119000102,786,974,-188
119000103,1654,406,1248
119000104,2494,1401,1093
119000105,884,1685,-801
119000106,327,1405,-1078
119000107,688,478,210
119000108,476,1068,-592
119000109,123,373,-250
119000110,545,303,242
119000111,65,539,-474
119000112,234,89,145
119000113,2439,298,2141
119000114,691,844,-153
119000115,133,123,10
119000116,105,103,2
119000117,110,282,-172
119000118,0,2,-2
119000123,4347,871,3476
119000124,798,246,552
119000125,3092,899,2193
119000126,908,828,80
119000127,506,613,-107
119000128,24,6,18
119000131,792,843,-51
119000132,1,5,-4
119000133,3,3,0
119000134,2017,655,1362
119000135,118,215,-97
119000136,214,247,-33
119000137,162,423,-261
119000138,340,365,-25
119000139,276,254,22
119000140,190,355,-165
119000284,1521,3226,-1705
119000285,2309,2512,-203
119000286,8265,6456,1809
119000287,1568,2412,-844
119000288,2076,1676,400
119000289,2050,3280,-1230
119000290,179,510,-331
119000291,9,330,-321
119000293,134,163,-29
119000294,58,33,25
119000295,1525,412,1113
119000296,233,148,85
119000297,0,0,0
119000299,0,0,0
119000302,3099,1469,1630
119000303,72,136,-64
119000314,1391,8226,-6835
119000315,1,509,-508
119000316,114,118,-4
119000317,73,422,-349
119900001,228,1291,-1063
119900002,238,342,-104
119900003,56,1093,-1037
119900004,370,929,-559
119900005,90,120,-30
119900006,181,438,-257
119900007,1099,219,880
119900008,116,35,81
119900009,668,635,33
119900010,1032,895,137
119900011,26,92,-66
119900012,23,57,-34
119900013,1552,839,713
119900014,473,215,258
119900015,97,42,55
119900016,32,75,-43
119900017,50,47,3
119900018,2029,814,1215
119900019,40,12,28
119900020,220,316,-96
119900021,125,73,52
119900022,84,523,-439
119900023,625,1203,-578
119900025,158,16,142
119900026,831,114,717
119900027,31,30,1
119900028,314,105,209
119900029,3,10,-7
119900030,501,536,-35
119900031,69,334,-265
119900033,1852,264,1588
119900034,336,147,189
119900037,212,23,189
119900038,108,332,-224
119900039,30,4,26
119900040,219,17,202
119900041,103,37,66
119900042,112,159,-47
119900043,108,148,-40
119900044,188,665,-477
119900046,90,68,22
119900047,222,56,166
119900048,159,49,110
119900049,141,8,133
119900050,171,108,63
119900051,839,25,814
119900052,50,46,4
119900053,141,194,-53
119900054,96,14,82
119900055,1164,522,642
119900057,182,74,108
119900058,178,3,175
119900059,167,82,85
119900060,268,16,252
119900061,267,12,255
119900062,61,28,33
119900063,22,34,-12
119900065,196,11,185
119900067,163,24,139
119900068,368,5,363
119900069,85,25,60
119900070,826,3,823
119900071,545,21,524
119900073,1805,605,1200
119900074,83,33,50
119900075,5067,2607,2460
119900076,457,402,55
119900077,840,1154,-314
119900078,637,1025,-388
119900079,571,255,316
119900080,358,322,36
119900081,470,73,397
119900082,986,213,773
119900083,387,143,244
119900084,619,268,351
119900085,112,65,47
119900086,512,1368,-856
119900087,550,321,229
119900088,29,67,-38
119900089,33,603,-570
119900090,130,67,63
119900091,80,1014,-934
119900092,97,366,-269
119900093,980,212,768
119900094,86,211,-125
119900095,194,118,76
119900096,68,132,-64
119900097,784,142,642
119900098,43,56,-13
119900099,28,226,-198
119900100,2728,2024,704
119900101,190,996,-806
119900102,28,300,-272
119900103,50,371,-321
119900104,30,186,-156
119900105,582,1370,-788
119900106,19,200,-181
119900107,445,3024,-2579
119900108,1963,582,1381
119900109,52,214,-162
119900110,579,582,-3
119900111,73,407,-334
119900112,1933,543,1390
119900113,94,362,-268
119900114,209,1143,-934
119900115,225,1264,-1039
119900116,202,454,-252
119900117,275,684,-409
119900118,63,1086,-1023
119900119,217,236,-19
119900120,597,574,23
119900121,360,1077,-717
119900122,760,412,348
119900123,214,319,-105
119900124,210,933,-723
119900125,69,368,-299
119900126,3759,274,3485
119900127,2610,1122,1488
119900128,447,842,-395
119900129,202,610,-408
119900130,41,267,-226
119900131,31,298,-267
119900132,0,238,-238
119900133,42,89,-47
119900134,2025,295,1730
119900135,3,442,-439
119900136,189,400,-211
119900138,368,533,-165
119900139,32,106,-74
119900140,5,176,-171
119900141,150,667,-517
119900142,0,29,-29
119900143,13,284,-271
119900144,1883,250,1633
119900145,92,181,-89
119900146,173,296,-123
119900147,3,108,-105
119900148,158,72,86
119900149,1372,3170,-1798
119900150,155,197,-42
119900151,1559,600,959
119900152,92,310,-218
119900153,164,79,85
119900154,28,516,-488
119900155,47,46,1
119900156,19,4,15
119900157,167,245,-78
119900158,183,101,82
119900159,4,1616,-1612
119900160,20,161,-141
119900161,224,217,7
119900162,659,873,-214
119900163,161,170,-9
119900164,1,0,1
119900165,150,287,-137
119900166,90,63,27
119900167,103,73,30
119900168,678,505,173
119900169,132,324,-192
119900170,203,273,-70
119900171,1089,440,649
119900172,124,25,99
119900173,14,418,-404
119900174,38,217,-179
119900175,1014,738,276
119900177,18,252,-234
119900178,109,202,-93
119900179,109,400,-291
119900180,881,820,61
119900181,70,98,-28
119900182,2,394,-392
119900183,206,814,-608
119900184,2557,568,1989
119900185,38,149,-111
119900186,95,762,-667
119900187,12,395,-383
119900188,63,362,-299
119900189,554,469,85
119900190,58,208,-150
119900191,314,145,169
119900192,42,155,-113
119900193,274,190,84
119900194,19,77,-58
119900195,27,164,-137
119900196,1395,460,935
119900197,182,150,32
119900198,371,317,54
119900199,148,23,125
119900200,551,641,-90
119900201,394,215,179
119900202,169,199,-30
119900203,175,489,-314
119900204,200,282,-82
119900205,594,639,-45
119900206,157,136,21
119900208,162,126,36
119900209,488,1027,-539
119900210,49,35,14
119900211,105,18,87
119900212,225,371,-146
119900213,15,80,-65
119900214,42,106,-64
119900215,70,104,-34
119900216,15,75,-60
119900217,16,77,-61
119900218,43,73,-30
119900219,4,142,-138
119900220,5,155,-150
119900221,18,341,-323
119900222,18,250,-232
119900223,9,97,-88
119900224,18,31,-13
119900225,1232,60,1172
119900226,571,1606,-1035
119900227,1023,316,707
119900228,139,237,-98
119900229,467,453,14
119900230,1592,693,899
119900231,178,162,16
119900232,258,76,182
119900233,81,11,70
119900234,35,48,-13
119900235,19,48,-29
119900236,32,209,-177
119900237,52,406,-354
119900238,6,82,-76
119900240,120,183,-63
119900241,150,273,-123
119900242,1226,1462,-236
119900244,663,1267,-604
119900245,128,171,-43
119900246,264,544,-280
119900247,35,110,-75
119900248,75,160,-85
119900249,221,110,111
119900253,2713,383,2330
119900254,78,479,-401
119900255,68,521,-453
119900256,393,963,-570
119900257,37,1,36
119900258,93,6,87
119900259,41,161,-120
119900260,89,10,79
119900261,382,168,214
119900262,3,271,-268
119900263,1009,428,581
119900264,109,180,-71
119900265,400,447,-47
119900266,308,240,68
119900267,377,533,-156
119900268,185,195,-10
119900269,992,1166,-174
119900271,32,73,-41
119900272,380,88,292
119900275,82,1,81
119900276,64,2,62
119900277,11,7,4
119900278,277,99,178
119900279,156,284,-128
119900280,927,236,691
119900281,4,225,-221
119900282,56,73,-17
119900283,11,293,-282
119900284,43,187,-144
119900285,26,84,-58
119900286,5,35,-30
119900288,3,27,-24
119900289,1,34,-33
119900290,2,18,-16
119900291,2,61,-59
119900292,58,76,-18
119900293,32,109,-77
119900294,79,105,-26
119900295,28,57,-29
119900296,24,267,-243
119900297,1,19,-18
119900298,9,5,4
119900299,67,206,-139
119900300,282,176,106
119900301,64,18,46
119900302,14,46,-32
119900303,179,239,-60
119900304,212,42,170
119900305,8,101,-93
119900306,10,2,8
119900307,38,79,-41
119900308,10,33,-23
119900309,50,127,-77
119900310,310,325,-15
119900311,68,115,-47
119900312,75,84,-9
119900313,246,288,-42
119900314,118,338,-220
119900315,1339,2310,-971
119900318,11,25,-14
119900319,11,210,-199
119900320,94,533,-439
119900321,66,0,66
120000001,6136,13013,-6877
120000002,2731,3320,-589
120000003,3869,2148,1721
120000004,3270,2639,631
120000005,5268,2366,2902
120000006,1360,1719,-359
120000007,4325,3391,934
120000008,1142,1600,-458
120000009,3894,1207,2687
120000010,1969,2951,-982
120000011,1147,2261,-1114
120000012,1711,3098,-1387
120000013,3090,3057,33
120000014,727,1649,-922
120000015,2603,1648,955
120000016,3498,2610,888
120000017,3532,2417,1115
120000018,4189,9949,-5760
120000019,987,1503,-516
120000020,3250,3337,-87
120000021,1879,2522,-643
120000022,2991,4203,-1212
120000023,1193,2005,-812
120000024,1613,2725,-1112
120000025,2655,2325,330
120000026,1651,2050,-399
120000027,1935,2431,-496
120000028,884,690,194
120000029,3663,652,3011
120000030,1519,1048,471
120000031,1981,6729,-4748
120000032,8785,4864,3921
120000033,5079,2065,3014
120000034,1879,2031,-152
120000035,1749,2213,-464
120000036,2712,5425,-2713
120000037,719,1417,-698
120000038,7243,3509,3734
120000039,499,882,-383
120000040,314,257,57
120000041,2330,1623,707
120000042,1941,2570,-629
120000043,4572,2057,2515
120000044,5019,2048,2971
120000045,5180,1347,3833
120000046,2634,2663,-29
120000047,1321,5236,-3915
120000048,7546,4400,3146
120000049,3504,2899,605
120000050,4066,4369,-303
120000051,3180,4468,-1288
120000052,9824,2608,7216
120000053,1387,3115,-1728
120000054,1483,5022,-3539
120000055,1881,5643,-3762
120000056,3833,3644,189
120000057,2838,678,2160
120000058,5157,550,4607
120000059,33,1886,-1853
120000061,191,646,-455
120000062,249,395,-146
120000063,2138,2889,-751
120000064,283,1374,-1091
120000065,1041,1880,-839
120000066,354,570,-216
120000067,87,547,-460
120000068,231,1079,-848
120000069,778,1358,-580
120000070,139,920,-781
120000071,433,227,206
120000072,711,575,136
120000073,804,113,691
120000074,217,78,139
120000075,1048,347,701
120000076,2748,501,2247
120000077,1930,713,1217
120000078,3499,1253,2246
120000079,357,490,-133
120000080,240,359,-119
120000081,380,233,147
120000082,270,296,-26
120000083,146,745,-599
120000084,359,371,-12
120000085,318,337,-19
120000086,324,552,-228
120000087,189,749,-560
120000088,878,1412,-534
120000089,1067,742,325
120000090,662,514,148
120000091,1002,1153,-151
120000092,1281,666,615
120000093,409,517,-108
120000094,147,726,-579
120000095,929,544,385
120000096,270,992,-722
120000098,883,948,-65
120000099,485,846,-361
120000100,755,1232,-477
120000101,458,562,-104
120000102,478,913,-435
120000103,1544,915,629
120000104,1590,517,1073
120000105,2561,779,1782
120000106,2198,762,1436
120000107,3372,765,2607
120000108,1259,142,1117
120000109,1114,80,1034
120000110,93,1156,-1063
120000111,138,1256,-1118
120000112,1098,3576,-2478
120000113,715,2589,-1874
120000114,1160,3331,-2171
120000115,370,2805,-2435
120000116,943,2596,-1653
120000117,1284,1731,-447
120000118,48,17,31
120000119,39,72,-33
120000120,66,71,-5
120000121,39,60,-21
120000122,252,384,-132
120000123,5714,4680,1034
120000124,408,376,32
120000125,458,800,-342
120000126,414,776,-362
120000127,2879,917,1962
120000128,3543,3345,198
120000129,322,292,30
120000130,965,625,340
120000131,291,654,-363
120000134,449,1184,-735
120000135,413,444,-31
120000137,251,1589,-1338
120000138,804,532,272
120000139,314,844,-530
120000140,653,565,88
120000141,406,562,-156
120000142,702,628,74
120000143,0,110,-110
120000144,88,1,87
120000145,340,2,338
120000146,1525,908,617
120000149,761,1349,-588
120000150,3608,10790,-7182
120000151,397,606,-209
120000152,447,241,206
120000153,180,616,-436
120000154,514,452,62
120000155,100,248,-148
120000156,1160,1029,131
120000157,1014,710,304
120000158,1015,917,98
120000159,2253,3096,-843
120000160,2369,1447,922
120000161,2035,2680,-645
120000162,106,264,-158
120000163,783,1554,-771
120000164,472,498,-26
120000165,553,1107,-554
120000166,1471,712,759
120000167,66,63,3
120000168,12,210,-198
120000169,44,729,-685
120000170,35,403,-368
120000171,14,147,-133
120000172,27,111,-84
120000173,3071,626,2445
120000174,488,20,468
120000175,493,24,469
120000176,448,42,406
120000177,1214,130,1084
120000178,104,9,95
120000179,443,27,416
120000180,649,76,573
120000181,89,416,-327
120000182,76,255,-179
120000183,10,207,-197
120000184,112,705,-593
120000186,66,207,-141
120000187,51,114,-63
120000188,150,153,-3
120000190,1055,17,1038
120000191,1249,43,1206
120000192,1101,28,1073
120000193,303,7,296
120000195,72,5,67
120000196,229,32,197
120000197,88,120,-32
120000198,96,88,8
120000199,105,1,104
120000200,87,0,87
120000201,17,22,-5
120000202,4,47,-43
120000203,25,225,-200
120000207,1,88,-87
120000208,12,283,-271
120000209,1,100,-99
120000210,141,92,49
120000211,76,2,74
120000212,117,0,117
120000213,134,373,-239
120000214,0,401,-401
120000215,3,199,-196
120000216,61,8,53
120000217,653,1158,-505
120000218,184,897,-713
120000219,4,578,-574
120000220,9,1899,-1890
120000225,1433,4,1429
120000226,305,1,304
120000227,682,46,636
120000228,6252,2803,3449
120000230,303,11,292
120000231,1107,2373,-1266
120000233,328,10,318
120000235,231,702,-471
120000236,946,2,944
120000237,2,1511,-1509
120000238,1,458,-457
120000241,1296,3645,-2349
120000412,1188,32,1156
120000413,245,280,-35
120000414,110,1,109
120000415,3,176,-173
120000416,254,4,250
120000417,20,65,-45
120000418,98,15,83
120000419,10,284,-274
120000420,70,39,31
120000421,11758,6534,5224
120000422,158,998,-840
120000423,5,48,-43
120000424,42,178,-136
120000436,145,630,-485
120000437,182,179,3
120000438,3864,399,3465
120000439,154,449,-295
120000443,194,0,194
120000444,1620,638,982
120000445,1778,1225,553
120000446,775,265,510
120000447,223,1,222
120000449,77,13,64
120000450,7,223,-216
120000451,85,206,-121
120000452,169,3,166
120000453,1,317,-316
120000454,71,40,31
120000455,125,54,71
120000456,2532,3663,-1131
120000457,1113,702,411
120000458,609,935,-326
120000459,68,91,-23
120000665,1087,265,822
120000668,133,334,-201
120000669,51,249,-198
120000670,285,428,-143
120000671,1414,466,948
120000672,131,571,-440
120900001,53,115,-62
120900002,416,321,95
120900003,366,34,332
120900004,8,70,-62
120900005,7,1298,-1291
120900006,528,216,312
120900007,155,133,22
120900008,180,1322,-1142
120900009,738,67,671
120900010,405,84,321
120900011,327,188,139
120900012,504,1119,-615
120900013,329,77,252
120900014,6,590,-584
120900015,1138,75,1063
120900016,745,84,661
120900017,2889,102,2787
120900018,152,541,-389
120900019,520,328,192
120900020,927,1179,-252
120900021,630,155,475
120900022,50,372,-322
120900023,256,43,213
120900024,2047,503,1544
120900025,2072,1214,858
120900026,214,220,-6
120900027,858,12,846
120900028,269,74,195
120900029,212,473,-261
120900030,1054,727,327
120900031,254,82,172
120900032,982,153,829
120900033,1008,82,926
120900034,25,2366,-2341
120900035,23,76,-53
120900037,280,7,273
120900038,95,248,-153
120900039,43,59,-16
120900040,313,8,305
120900041,186,28,158
120900042,541,54,487
120900043,100,29,71
120900044,5,394,-389
120900045,190,109,81
120900046,361,4,357
120900047,181,90,91
120900048,118,15,103
120900049,364,0,364
120900050,2433,1293,1140
120900051,322,127,195
120900052,586,6,580
120900053,210,77,133
120900054,1725,570,1155
120900055,358,2,356
120900056,400,22,378
120900057,118,19,99
120900058,426,1,425
120900059,80,4,76
120900060,50,37,13
120900061,277,289,-12
120900062,217,4,213
120900063,470,9,461
120900064,449,1,448
120900065,414,0,414
120900066,253,226,27
120900067,159,39,120
120900068,253,5,248
120900069,185,41,144
120900071,26,3,23
120900072,624,5,619
120900073,452,213,239
120900074,633,20,613
120900076,318,0,318
120900077,3145,435,2710
120900078,603,1311,-708
120900079,660,128,532
120900080,707,2103,-1396
120900081,833,813,20
120900082,624,537,87
120900083,129,8,121
120900084,213,371,-158
120900085,99,163,-64
120900086,127,290,-163
120900087,418,385,33
120900088,139,374,-235
120900089,4127,2177,1950
120900090,187,145,42
120900091,700,868,-168
120900092,1808,708,1100
120900093,2803,229,2574
120900094,638,211,427
120900095,378,23,355
120900096,49,236,-187
120900097,772,839,-67
120900098,452,264,188
120900099,76,76,0
120900100,118,321,-203
120900101,1004,374,630
120900102,33,98,-65
120900103,51,235,-184
120900104,18,55,-37
120900105,40,714,-674
120900106,1703,641,1062
120900107,274,145,129
120900108,9,878,-869
120900109,45,742,-697
120900110,15,977,-962
120900111,219,477,-258
120900112,17,1014,-997
120900113,30,1069,-1039
120900114,60,299,-239
120900115,135,279,-144
120900116,323,564,-241
120900117,2,597,-595
120900118,9,1019,-1010
120900119,3261,5819,-2558
120900120,147,916,-769
120900121,182,526,-344
120900122,362,613,-251
120900123,0,469,-469
120900124,5,782,-777
120900125,23,899,-876
120900126,2109,1425,684
120900127,14,485,-471
120900128,1584,1707,-123
120900129,62,402,-340
120900130,0,358,-358
120900131,51,95,-44
120900132,714,324,390
120900133,189,1090,-901
120900134,1088,483,605
120900135,7,666,-659
120900136,25,67,-42
120900137,183,112,71
120900138,44,291,-247
120900139,0,822,-822
120900140,10,90,-80
120900141,179,204,-25
120900142,31,638,-607
120900143,3,1017,-1014
120900144,0,165,-165
120900145,372,962,-590
120900146,3,1258,-1255
120900147,3,505,-502
120900148,70,117,-47
120900149,2,351,-349
120900150,66,776,-710
120900151,5,784,-779
120900152,0,60,-60
120900153,20,93,-73
120900154,0,309,-309
120900155,170,1298,-1128
120900156,36,469,-433
120900157,60,271,-211
120900158,70,757,-687
120900159,156,351,-195
120900160,22,819,-797
120900161,23,442,-419
120900162,22,560,-538
120900163,47,374,-327
120900164,5,10,-5
120900165,32,46,-14
120900166,110,218,-108
120900167,408,172,236
120900169,67,475,-408
120900170,1837,2587,-750
120900171,1258,410,848
120900172,1514,517,997
120900173,0,94,-94
120900174,5,119,-114
120900175,308,158,150
120900176,13,276,-263
120900177,1,872,-871
120900178,0,378,-378
120900179,1392,616,776
120900180,67,141,-74
120900181,190,44,146
120900182,17,397,-380
120900183,338,127,211
120900184,148,71,77
120900185,5,335,-330
120900186,1,554,-553
120900187,379,985,-606
120900188,151,12,139
120900189,129,1010,-881
120900190,55,14,41
120900191,6,33,-27
120900192,11961,6319,5642
120900194,36,92,-56
120900195,109,277,-168
120900196,853,39,814
120900197,661,154,507
120900198,400,670,-270
120900199,392,444,-52
120900200,83,128,-45
120900201,577,194,383
120900202,6,186,-180
120900203,32,105,-73
120900204,217,285,-68
120900205,65,61,4
120900206,11,51,-40
120900207,79,1398,-1319
121000001,768,1070,-302
121000002,2278,1579,699
121000003,2851,2032,819
121000004,2849,4506,-1657
121000005,2106,2759,-653
121000006,3522,1634,1888
121000007,2775,2694,81
121000008,5475,3170,2305
121000009,5707,5487,220
121000010,8727,5044,3683
121000011,8923,12021,-3098
121000012,16226,9883,6343
121000013,5209,7312,-2103
121000014,6783,6098,685
121000015,4234,7215,-2981
121000016,4468,3536,932
121000017,2127,3974,-1847
121000018,2715,1983,732
121000019,19570,13350,6220
121000020,13797,16001,-2204
121000021,3887,3274,613
121000022,3445,3018,427
121000023,5002,3359,1643
121000024,5205,5458,-253
121000025,590,1522,-932
121000026,344,154,190
121000027,1538,1250,288
121000028,800,530,270
121000029,1209,672,537
121000030,679,382,297
121000031,588,639,-51
121000032,182,113,69
121000034,532,237,295
121000035,288,137,151
121000036,1017,903,114
121000037,615,500,115
121000038,562,733,-171
121000039,396,449,-53
121000041,815,500,315
121000042,335,411,-76
121000043,678,575,103
121000044,1459,915,544
121000045,486,276,210
121000046,740,822,-82
121000047,265,65,200
121000049,2375,557,1818
121000050,325,1129,-804
121000051,877,314,563
121000052,757,648,109
121000053,377,92,285
121000054,38,346,-308
121000055,1319,1034,285
121000056,825,1031,-206
121000057,428,606,-178
121000058,465,239,226
121000059,2204,1395,809
121000060,600,1178,-578
121000061,153,181,-28
121000062,199,379,-180
121000063,870,757,113
121000064,740,879,-139
121000065,452,526,-74
121000066,685,561,124
121000067,873,406,467
121000068,778,387,391
121000069,697,508,189
121000070,2326,1436,890
121000071,1789,1480,309
121000072,1323,741,582
121000073,1285,989,296
121000074,182,196,-14
121000075,71,212,-141
121000076,1508,366,1142
121000077,156,138,18
121000078,107,156,-49
121000080,2252,619,1633
121000081,2736,2848,-112
121000082,133,304,-171
121000083,236,142,94
121000084,182,131,51
121000085,289,463,-174
121000086,227,819,-592
121000087,80,361,-281
121000088,418,583,-165
121000089,409,363,46
121000090,487,393,94
121000091,1738,778,960
121000092,230,96,134
121000093,173,253,-80
121000094,534,763,-229
121000095,379,586,-207
121000096,2216,2297,-81
121000097,1110,1855,-745
121000098,716,1215,-499
121000099,726,852,-126
121000100,1123,521,602
121000101,393,309,84
121000102,350,315,35
121000103,229,276,-47
121000104,213,219,-6
121000105,430,254,176
121000106,381,362,19
121000107,2273,3307,-1034
121000109,1411,1197,214
121000110,329,783,-454
121000114,2348,2094,254
121000115,896,794,102
121000116,356,937,-581
121000117,919,277,642
121000118,1518,243,1275
121000119,529,431,98
121000120,291,493,-202
121000121,684,975,-291
121000123,1780,532,1248
121000127,175,91,84
121000128,1184,467,717
121000129,928,592,336
121000130,593,895,-302
121000131,3007,2175,832
121000132,2071,1645,426
121000135,435,410,25
121000136,1906,698,1208
121000137,542,257,285
121000138,1377,895,482
121000139,712,185,527
121000141,303,170,133
121000142,799,973,-174
121000143,122,42,80
121000144,1160,1855,-695
121000145,685,1151,-466
121000146,1439,887,552
121000147,1291,531,760
121000148,975,1073,-98
121000149,2203,1449,754
121000152,542,591,-49
121000153,1902,719,1183
121000154,980,755,225
121000155,1217,1211,6
121000156,432,1094,-662
121000157,1197,1923,-726
121000158,478,584,-106
121000159,218,512,-294
121000160,358,514,-156
121000161,195,357,-162
121000162,101,219,-118
121000165,1607,1873,-266
121000166,29,968,-939
121000168,475,336,139
121000169,103,182,-79
121000170,383,100,283
121000171,60,163,-103
121000172,806,613,193
121000173,1304,1167,137
121000174,382,475,-93
121000175,941,429,512
121000176,406,255,151
121000177,1122,616,506
121000178,122,62,60
121000179,152,73,79
121000181,464,493,-29
121000182,117,248,-131
121000183,131,112,19
121000184,322,149,173
121000185,32,147,-115
121000186,252,397,-145
121000187,192,228,-36
121000188,139,228,-89
121000192,898,396,502
121000193,637,581,56
121000194,2744,2363,381
121000195,246,908,-662
121000196,724,220,504
121000197,218,539,-321
121000198,191,95,96
121000199,252,356,-104
121000200,606,58,548
121000201,5,250,-245
121000202,949,105,844
121000203,1009,2145,-1136
121000204,2534,700,1834
121000205,223,273,-50
121000206,182,42,140
121000207,2460,323,2137
121000208,8,330,-322
121000209,493,354,139
121000210,634,470,164
121000211,239,173,66
121000212,377,619,-242
121000213,8312,2703,5609
121000214,652,2905,-2253
121000215,1056,854,202
121000216,509,849,-340
121000217,4819,3179,1640
121000218,577,1626,-1049
121000219,2009,481,1528
121000220,268,38,230
121000221,199,227,-28
121000222,2925,2329,596
121000223,811,365,446
121000224,451,159,292
121000225,2374,1501,873
121000226,5415,1261,4154
121000227,13,238,-225
121000228,27,560,-533
121000229,315,351,-36
121000230,62,1522,-1460
121000231,897,37,860
121000232,388,308,80
121000233,618,380,238
121000234,54,73,-19
121000235,108,118,-10
121000236,20,88,-68
121000237,46,26,20
121000238,12,102,-90
121000239,93,13,80
121000240,20,207,-187
121000241,141,23,118
121000242,82,344,-262
121000243,678,223,455
121000244,16,101,-85
121000245,195,29,166
121000246,0,118,-118
121000247,131,6,125
121000248,2112,590,1522
121000249,214,234,-20
121000250,939,125,814
121000251,35,451,-416
121000252,104,49,55
121000253,600,465,135
121000254,873,243,630
121000255,276,138,138
121000256,632,191,441
121000257,128,83,45
121000258,312,65,247
121000259,125,76,49
121000260,192,132,60
121000261,268,74,194
121000262,987,1076,-89
121000263,650,497,153
121000271,352,1530,-1178
121000273,133,11,122
121000274,17,35,-18
121000275,2,18,-16
121000276,8,17,-9
121000278,65,47,18
121000279,49,13,36
121000280,57,41,16
121000289,288,24,264
121000290,1156,790,366
121000294,169,154,15
121000297,960,1146,-186
121000299,304,266,38
121000300,692,637,55
121000302,123,1319,-1196
121000303,523,506,17
121000304,561,46,515
121000305,191,44,147
121000306,105,80,25
121000308,144,336,-192
121000309,401,429,-28
121000310,115,285,-170
121000311,75,920,-845
121000312,331,213,118
121000313,304,484,-180
121000314,203,154,49
121000315,80,173,-93
121000530,1482,1424,58
121000531,2193,1493,700
121000532,6735,6801,-66
121000533,3181,3207,-26
121000918,122,238,-116
121000919,92,60,32
121000938,367,631,-264
121000939,574,410,164
121000956,1373,1164,209
121000957,10,13,-3
121000958,120,29,91
121000959,772,725,47
121000960,2933,2123,810
121000961,327,172,155
121000962,309,733,-424
121000973,0,130,-130
121000976,44,273,-229
121000979,426,134,292
121000981,552,454,98
121000982,389,170,219
121000983,566,405,161
121000984,64,87,-23
121000985,685,520,165
121000986,383,225,158
121000987,245,1010,-765
121000988,716,124,592
121001302,343,140,203
121001308,2,11,-9
121001309,68,76,-8
121001311,0,0,0
121001313,225,254,-29
121001314,2610,3487,-877
121001315,4486,2463,2023
121001326,348,386,-38
121900001,137,214,-77
121900002,61,29,32
121900003,403,27,376
121900004,127,361,-234
121900005,23,12,11
121900006,85,22,63
121900007,1658,2574,-916
121900008,1122,265,857
121900009,398,19,379
121900010,252,6,246
121900011,166,326,-160
121900012,4,0,4
121900013,1560,90,1470
121900014,1230,398,832
121900015,221,198,23
121900016,5,56,-51
121900017,915,383,532
121900018,390,7,383
121900019,470,226,244
121900020,37,0,37
121900021,773,24,749
121900022,293,242,51
121900023,143,294,-151
121900024,317,101,216
121900025,560,362,198
121900026,308,54,254
121900027,298,137,161
121900028,206,19,187
121900029,116,149,-33
121900030,435,531,-96
121900031,1031,6186,-5155
121900032,75,74,1
121900033,169,168,1
121900034,310,87,223
121900035,2271,2238,33
121900036,105,279,-174
121900037,188,684,-496
121900038,24,167,-143
121900039,415,45,370
121900040,73,101,-28
121900041,80,143,-63
121900042,341,112,229
121900043,8,8,0
121900044,213,55,158
121900046,278,243,35
121900047,145,65,80
121900048,32,146,-114
121900050,36,50,-14
121900051,166,188,-22
121900052,140,36,104
121900053,757,308,449
121900054,491,1078,-587
121900055,1,13,-12
121900058,223,126,97
121900059,388,192,196
121900060,151,295,-144
121900061,580,134,446
121900062,171,106,65
121900063,1662,372,1290
121900064,260,648,-388
121900066,84,23,61
121900067,86,78,8
121900069,199,125,74
121900070,229,86,143
121900071,354,240,114
121900072,47,175,-128
121900073,260,186,74
121900074,706,941,-235
121900075,406,445,-39
121900076,362,522,-160
121900077,11,36,-25
121900078,228,39,189
121900079,0,0,0
121900080,755,363,392
121900082,52,114,-62
121900084,13,203,-190
121900085,1,13,-12
121900086,8,43,-35
121900087,212,112,100
121900088,1768,2806,-1038
121900089,154,370,-216
121900090,70,114,-44
121900091,46,145,-99
121900092,67,91,-24
121900093,59,63,-4
121900094,37,10,27
121900095,267,118,149
121900096,1200,809,391
121900097,511,191,320
121900098,2,9,-7
121900099,203,69,134
121900100,289,462,-173
121900101,151,114,37
121900102,14,164,-150
121900103,915,207,708
121900104,1607,409,1198
121900105,251,169,82
121900106,13,4,9
121900107,46,35,11
121900108,1,24,-23
121900109,310,163,147
121900110,518,851,-333
121900111,1006,153,853
121900112,184,127,57
121900113,62,334,-272
121900114,54,65,-11
121900117,119,53,66
121900118,1794,577,1217
121900119,212,151,61
121900120,32,1396,-1364
121900121,428,42,386
121900122,47,72,-25
121900123,184,385,-201
121900124,210,177,33
121900125,1136,957,179
121900127,12,83,-71
121900128,66,80,-14
121900129,651,159,492
121900130,129,209,-80
121900131,355,82,273
121900132,48,113,-65
121900133,107,634,-527
121900134,26,146,-120
121900135,1968,317,1651
121900136,587,392,195
121900137,53,303,-250
121900138,94,170,-76
121900139,336,400,-64
121900140,61,151,-90
121900141,58,63,-5
121900142,142,132,10
121900143,4,150,-146
121900144,140,279,-139
121900145,142,202,-60
121900146,629,753,-124
121900147,47,188,-141
121900148,203,301,-98
121900149,263,614,-351
121900150,50,142,-92
121900151,66,225,-159
121900152,74,136,-62
121900153,116,737,-621
121900154,14,245,-231
121900155,3,148,-145
121900156,108,96,12
121900157,2,401,-399
121900158,62,128,-66
121900159,1,216,-215
121900160,65,301,-236
121900161,377,392,-15
121900162,85,117,-32
121900163,292,635,-343
121900164,472,194,278
121900165,326,156,170
121900166,227,127,100
121900167,172,92,80
121900168,229,224,5
121900169,2,172,-170
121900170,2,211,-209
121900171,752,477,275
121900172,577,217,360
121900173,853,182,671
121900174,29,81,-52
121900175,182,185,-3
121900176,647,1443,-796
121900177,176,68,108
121900178,56,55,1
121900179,347,190,157
121900180,3690,3757,-67
121900182,769,227,542
121900183,682,712,-30
121900184,65,482,-417
121900186,6,279,-273
121900187,29,151,-122
121900188,434,436,-2
121900189,27,104,-77
121900190,253,482,-229
121900191,127,187,-60
121900192,348,608,-260
121900193,71,149,-78
121900194,3,129,-126
121900195,96,116,-20
121900196,852,979,-127
121900197,396,1488,-1092
121900198,1078,911,167
121900199,6,23,-17
121900200,86,264,-178
121900201,1056,791,265
121900202,185,562,-377
121900203,189,693,-504
121900204,769,1165,-396
121900205,18,76,-58
121900206,13,11,2
121900207,152,27,125
121900208,248,249,-1
121900209,64,37,27
121900210,1117,955,162
121900211,318,495,-177
121900212,163,126,37
121900213,127,93,34
121900214,2,472,-470
121900215,48,118,-70
121900216,61,119,-58
121900217,262,141,121
121900218,186,364,-178
121900220,139,15,124
121900221,240,621,-381
121900222,171,141,30
121900223,195,25,170
121900224,81,24,57
121900225,183,112,71
121900226,218,582,-364
121900227,299,570,-271
121900228,227,327,-100
121900230,108,149,-41
121900231,414,902,-488
121900232,265,344,-79
121900233,197,212,-15
121900234,249,263,-14
121900235,546,169,377
121900236,404,165,239
121900237,221,275,-54
121900238,164,240,-76
121900239,170,31,139
121900240,297,92,205
121900241,37,56,-19
121900242,26,23,3
121900243,2,0,2
121900244,17,0,17
121900245,178,76,102
121900246,1574,279,1295
121900248,1349,1247,102
121900250,279,276,3
121900251,314,45,269
121900252,529,125,404
121900253,188,880,-692
121900254,568,261,307
121900255,258,74,184
121900258,2894,2129,765
121900259,447,600,-153
121900260,134,229,-95
121900261,204,572,-368
121900262,402,899,-497
121900263,249,301,-52
121900264,1733,1539,194
121900265,229,266,-37
121900266,385,141,244
121900267,78,44,34
121900269,185,646,-461
121900270,29,209,-180
121900271,47,125,-78
121900273,480,1679,-1199
121900274,257,243,14
121900277,505,958,-453
121900278,131,865,-734
121900279,140,176,-36
121900280,182,293,-111
121900281,404,252,152
121900284,75,11,64
121900286,271,131,140
121900287,25,28,-3
121900288,7,3,4
121900290,193,223,-30
121900291,358,521,-163
121900292,152,161,-9
121900293,1019,2628,-1609
121900294,237,8,229
121900295,131,216,-85
121900296,94,91,3
121900298,260,613,-353
121900299,0,3,-3
121900300,219,10,209
121900301,70,5,65
121900302,0,22,-22
121900303,368,273,95
121900304,8,6,2
121900305,2,2,0
121900306,137,3,134
121900307,93,6,87
121900308,11,259,-248
121900309,14,255,-241
121900310,35,459,-424
121900311,406,88,318
121900312,327,29,298
121900313,427,38,389
121900314,9,70,-61
121900315,14,1,13
121900316,2,16,-14
121900317,20,10,10
121900318,0,25,-25
121900319,21,109,-88
121900320,42,86,-44
121900321,35,0,35
121900322,2,31,-29
121900323,22,20,2
121900324,6,76,-70
121900325,15,9,6
121900326,2,30,-28
121900327,9,77,-68
121900328,0,29,-29
121900329,3,282,-279
121900330,7,13,-6
121900331,9,5,4
121900332,123,28,95
121900333,44,3,41
121900334,97,66,31
122000001,2653,5054,-2401
122000002,5069,1792,3277
122000003,2428,2649,-221
122000004,3389,1778,1611
122000005,2503,1738,765
122000006,2004,923,1081
122000007,1427,1954,-527
122000008,4696,5346,-650
122000009,489,430,59
122000010,2065,2960,-895
122000011,3229,1453,1776
122000012,1330,1424,-94
122000013,1330,987,343
122000014,1471,1357,114
122000015,1622,1113,509
122000016,627,987,-360
122000017,1108,1013,95
122000018,1378,1098,280
122000019,743,1097,-354
122000020,185,194,-9
122000021,327,487,-160
122000022,1241,998,243
122000023,727,1748,-1021
122000024,739,1048,-309
122000025,1272,1385,-113
122000026,1326,868,458
122000027,643,2872,-2229
122000028,774,449,325
122000029,441,461,-20
122000030,314,160,154
122000031,196,272,-76
122000032,1732,2231,-499
122000033,716,1131,-415
122000034,725,630,95
122000035,314,786,-472
122000036,750,602,148
122000037,373,227,146
122000038,271,375,-104
122000039,665,458,207
122000040,257,315,-58
122000041,469,543,-74
122000042,289,457,-168
122000043,109,128,-19
122000044,146,157,-11
122000045,1298,477,821
122000046,783,799,-16
122000047,258,263,-5
122000048,3679,4314,-635
122000049,6153,3261,2892
122000050,1739,805,934
122000051,318,287,31
122000052,523,392,131
122000053,165,861,-696
122000054,2566,1931,635
122000055,2476,3054,-578
122000056,5263,3740,1523
122000057,3893,3757,136
122000058,3342,1290,2052
122000059,3192,1658,1534
122000060,917,699,218
122000061,632,470,162
122000062,1420,324,1096
122000063,1410,639,771
122000064,3455,2570,885
122000065,4344,2409,1935
122000066,1264,886,378
122000067,1761,1203,558
122000068,1501,1170,331
122000069,730,551,179
122000070,804,1913,-1109
122000071,1290,1173,117
122000072,418,374,44
122000073,449,594,-145
122000074,3058,1736,1322
122000075,731,1164,-433
122000076,2088,1121,967
122000077,1383,795,588
122000078,2708,2607,101
122000079,1790,1220,570
122000080,977,408,569
122000081,218,300,-82
122000082,1038,767,271
122000083,1495,2286,-791
122000084,1504,914,590
122000085,315,1117,-802
122000086,2068,4708,-2640
122000087,410,174,236
122000088,327,388,-61
122000089,5231,2278,2953
122000090,197,383,-186
122000091,291,76,215
122000092,175,28,147
122000093,1705,1305,400
122000094,5831,1995,3836
122000095,2821,3199,-378
122000096,2345,1570,775
122000098,3467,1967,1500
122000099,1985,686,1299
122000100,948,547,401
122000101,376,643,-267
122000102,1818,1212,606
122000103,2309,1771,538
122000104,504,181,323
122000105,1102,252,850
122000106,557,586,-29
122000107,1078,426,652
122000108,485,770,-285
122000109,372,363,9
122000110,428,624,-196
122000111,2833,1262,1571
122000112,889,1303,-414
122000113,685,610,75
122000114,2949,1285,1664
122000115,1985,1172,813
122000116,617,507,110
122000117,1492,435,1057
122000118,588,745,-157
122000119,3465,2644,821
122000120,1889,4613,-2724
122000121,2127,3192,-1065
122000122,803,1939,-1136
122000123,1925,2215,-290
122000124,1012,724,288
122000125,847,885,-38
122000126,689,1622,-933
122000127,1032,1941,-909
122000128,567,762,-195
122000129,571,1299,-728
122000130,3031,1807,1224
122000131,1302,1588,-286
122000132,594,634,-40
122000133,911,1402,-491
122000134,928,912,16
122000135,766,735,31
122000136,854,831,23
122000137,1465,960,505
122000139,1380,2792,-1412
122000140,924,582,342
122000141,3620,929,2691
122000142,393,834,-441
122000143,456,652,-196
122000144,1340,1527,-187
122000145,1447,929,518
122000146,609,1200,-591
122000147,705,468,237
122000148,2013,1688,325
122000149,2125,1592,533
122000150,1256,871,385
122000151,271,342,-71
122000152,389,468,-79
122000153,398,393,5
122000154,258,178,80
122000155,1491,2235,-744
122000156,2472,2208,264
122000157,1559,1610,-51
122000158,372,737,-365
122000159,842,1788,-946
122000160,3169,2898,271
122000161,1083,1031,52
122000162,2126,1756,370
122000163,310,87,223
122000164,35,76,-41
122000165,827,622,205
122000166,1166,974,192
122000167,280,240,40
122000168,166,514,-348
122000169,525,152,373
122000170,298,242,56
122000171,54,98,-44
122000172,1491,1368,123
122000173,1426,2425,-999
122000174,2455,751,1704
122000175,1328,307,1021
122000176,269,696,-427
122000177,1425,1300,125
122000178,2766,2250,516
122000179,1437,2339,-902
122000180,1771,1273,498
122000181,1841,3206,-1365
122000182,2056,1339,717
122000183,1820,1035,785
122000184,2876,2019,857
122000185,1344,1293,51
122000186,509,774,-265
122000187,1685,1059,626
122000188,495,226,269
122000189,217,280,-63
122000190,953,1088,-135
122000191,885,682,203
122000192,1035,317,718
122000193,423,549,-126
122000194,712,222,490
122000195,216,488,-272
122000196,1163,577,586
122000197,593,525,68
122000198,511,752,-241
122000199,363,316,47
122000200,1199,530,669
122000201,1391,1294,97
122000202,1267,1191,76
122000203,2568,1509,1059
122000204,1969,2034,-65
122000205,1540,1478,62
122000206,2201,810,1391
122000207,2009,1055,954
122000208,2337,1374,963
122000209,2015,362,1653
122000210,2735,1536,1199
122000211,1595,1026,569
122000212,928,584,344
122000213,1068,1441,-373
122000214,2002,1773,229
122000215,1736,1736,0
122000217,2013,1355,658
122000218,688,57,631
122000219,1300,963,337
122000220,463,667,-204
122000221,70,488,-418
122000222,766,147,619
122000223,1601,503,1098
122000225,778,281,497
122000226,2850,1724,1126
122000227,403,2637,-2234
122000228,548,390,158
122000229,54,530,-476
122000230,102,489,-387
122000231,404,806,-402
122000232,673,956,-283
122000233,0,109,-109
122000234,472,177,295
122000235,1059,182,877
122000236,1171,146,1025
122000237,161,93,68
122000238,473,398,75
122000239,740,158,582
122000240,1184,633,551
122000241,1759,529,1230
122000242,886,133,753
122000243,295,85,210
122000244,78,421,-343
122000245,113,230,-117
122000246,385,232,153
122000247,844,721,123
122000248,1125,1762,-637
122000249,1799,992,807
122000250,2378,1216,1162
122000251,291,558,-267
122000252,492,164,328
122000253,65,262,-197
122000254,294,121,173
122000255,698,1643,-945
122000256,512,1020,-508
122000257,155,309,-154
122000258,338,355,-17
122000259,20,456,-436
122000260,10,64,-54
122000261,3,236,-233
122000262,1,52,-51
122000263,292,101,191
122000264,1004,473,531
122000265,2312,926,1386
122000266,4563,660,3903
122000267,141,94,47
122000268,172,352,-180
122000269,1038,346,692
122000270,835,137,698
122000271,395,932,-537
122000272,355,1082,-727
122000273,544,452,92
122000274,252,191,61
122000275,89,233,-144
122000276,944,474,470
122000277,1592,1421,171
122000278,2441,773,1668
122000279,185,502,-317
122000280,1028,658,370
122000281,902,748,154
122000282,345,172,173
122000283,720,95,625
122000284,311,88,223
122000285,689,94,595
122000286,181,153,28
122000287,1460,1337,123
122000288,826,281,545
122000291,1770,844,926
122000293,242,300,-58
122000294,141,235,-94
122000295,1601,182,1419
122000296,64,763,-699
122000297,2432,3076,-644
122000299,463,359,104
122000300,551,607,-56
122000301,10165,3340,6825
122000302,787,1522,-735
122000303,3534,1394,2140
122000304,184,326,-142
122000305,1046,237,809
122000306,29,819,-790
122000307,241,172,69
122000309,136,81,55
122000310,70,83,-13
122000311,275,127,148
122000312,176,116,60
122000313,132,78,54
122000314,138,216,-78
122000315,285,65,220
122000316,709,274,435
122000317,1403,318,1085
122000318,296,702,-406
122000319,270,411,-141
122000320,556,1655,-1099
122000321,90,230,-140
122000322,2402,2242,160
122000323,1612,2056,-444
122000324,1095,1024,71
122000325,928,1453,-525
122000326,71,105,-34
122000327,645,943,-298
122000328,932,680,252
122000330,1887,789,1098
122000332,313,418,-105
122000333,16,120,-104
122000337,1059,1567,-508
122000338,415,307,108
122000340,416,381,35
122000342,1834,951,883
122000343,444,1171,-727
122000344,53,30,23
122000345,160,50,110
122000346,325,498,-173
122000348,741,722,19
122000349,98,632,-534
122000351,143,171,-28
122000352,463,140,323
122000353,80,92,-12
122000355,180,210,-30
122000356,1328,1088,240
122000357,111,29,82
122000358,0,55,-55
122000359,0,38,-38
122000360,2,51,-49
122000362,10,88,-78
122000364,136,319,-183
122000365,3,48,-45
122000366,18,7,11
122000368,452,599,-147
122000370,24,54,-30
122000371,36,0,36
122000372,17,1,16
122000381,55,376,-321
122000382,110,252,-142
122000384,3260,1496,1764
122000385,76,0,76
122000386,561,1180,-619
122000387,551,542,9
122000388,1320,754,566
122000389,218,558,-340
122000390,429,216,213
122000391,367,141,226
122000392,192,224,-32
122000393,419,149,270
122000394,643,253,390
122000395,261,180,81
122000396,323,133,190
122000397,72,78,-6
122000398,52,63,-11
122000399,160,79,81
122000400,149,451,-302
122000401,130,88,42
122000402,261,105,156
122000403,563,850,-287
122000404,183,369,-186
122000408,1060,1386,-326
122000503,7,96,-89
122000524,160,94,66
122000544,67,2733,-2666
122000616,368,3,365
122000640,100,129,-29
122000641,127,345,-218
122000642,1716,1088,628
122000643,48,133,-85
122000644,149,46,103
122000645,115,199,-84
122000651,1747,771,976
122000664,148,46,102
122000665,1303,665,638
122000666,655,1102,-447
122000673,88,307,-219
122000674,183,106,77
122000675,1921,1063,858
122000686,622,923,-301
122000687,2016,355,1661
122000688,316,673,-357
122000689,953,610,343
122000690,1877,583,1294
122000691,627,1992,-1365
122000692,1284,452,832
122000693,391,1539,-1148
122000695,410,409,1
122000696,335,333,2
122000698,327,690,-363
122000699,299,62,237
122000701,1389,413,976
122000702,576,1395,-819
122000703,135,58,77
122000712,0,0,0
122000717,190,61,129
122000718,680,1129,-449
122000719,289,121,168
122000720,480,324,156
122000724,251,247,4
122900001,34,7,27
122900002,1314,4527,-3213
122900003,358,59,299
122900004,527,40,487
122900005,82,26,56
122900006,1191,214,977
122900007,169,48,121
122900008,745,46,699
122900009,759,421,338
122900010,270,150,120
122900012,228,315,-87
122900014,176,317,-141
122900015,1798,772,1026
122900016,139,238,-99
122900017,353,645,-292
122900018,160,16,144
122900019,8,180,-172
122900020,430,300,130
122900021,74,597,-523
122900022,815,949,-134
122900023,521,277,244
122900024,128,143,-15
122900025,22,195,-173
122900026,54,289,-235
122900027,65,727,-662
122900028,188,197,-9
122900029,4176,2593,1583
122900030,1101,489,612
122900031,85,266,-181
122900032,87,368,-281
122900033,378,133,245
122900034,4006,5029,-1023
122900035,21,26,-5
122900036,61,116,-55
122900037,396,163,233
122900038,161,2978,-2817
122900039,127,513,-386
122900040,331,378,-47
122900041,317,208,109
122900042,179,283,-104
122900043,299,173,126
122900044,83,316,-233
122900045,106,131,-25
122900046,200,126,74
122900047,197,165,32
122900048,75,238,-163
122900049,1455,133,1322
122900051,75,104,-29
122900052,138,205,-67
122900053,18,41,-23
122900055,420,107,313
122900057,330,56,274
122900061,492,167,325
122900062,574,787,-213
122900063,201,321,-120
122900064,1272,396,876
122900065,520,219,301
122900066,697,351,346
122900067,1093,681,412
122900069,297,1505,-1208
122900070,505,51,454
122900071,175,432,-257
122900072,11,648,-637
122900073,41,297,-256
122900074,720,721,-1
122900075,3,76,-73
122900076,5,188,-183
122900077,3,136,-133
122900078,227,91,136
122900080,50,32,18
122900081,263,187,76
122900082,866,270,596
122900083,207,180,27
122900084,10,242,-232
122900086,4,65,-61
122900087,319,446,-127
122900088,26,150,-124
122900089,25,130,-105
122900090,5,577,-572
122900091,198,1,197
122900092,0,166,-166
122900093,2,263,-261
122900094,5,199,-194
122900095,172,9,163
122900096,263,186,77
122900097,20,34,-14
122900098,94,82,12
122900099,55,6,49
122900100,611,147,464
122900101,593,233,360
122900102,28,24,4
122900103,151,9,142
122900104,111,10,101
122900105,12,13,-1
122900106,5,104,-99
122900107,5,232,-227
122900108,14,254,-240
123000001,1795,467,1328
123000002,4341,4519,-178
123000003,3750,3777,-27
123000004,3488,4234,-746
123000005,2817,3014,-197
123000006,2487,2825,-338
123000007,4417,2894,1523
123000008,3544,3487,57
123000009,4914,3314,1600
123000010,3587,3699,-112
123000011,2696,859,1837
123000012,1036,2394,-1358
123000013,3821,995,2826
123000014,1264,3488,-2224
123000015,4759,1147,3612
123000016,4808,4113,695
123000017,3431,1858,1573
123000018,57,136,-79
123000019,213,224,-11
123000020,120,104,16
123000021,70,277,-207
123000022,365,2821,-2456
123000023,1901,1524,377
123000024,1811,668,1143
123000025,348,256,92
123000026,45,97,-52
123000027,950,382,568
123000028,2050,388,1662
123000029,2037,610,1427
123000030,350,405,-55
123000031,174,340,-166
123000032,381,252,129
123000033,381,103,278
123000034,1475,1321,154
123000035,423,442,-19
123000036,333,937,-604
123000037,345,321,24
123000038,122,291,-169
123000039,424,1284,-860
123000040,869,403,466
123000041,1480,1174,306
123000042,1084,635,449
123000043,3103,7246,-4143
123000044,5026,2444,2582
123000045,8536,2776,5760
123000046,832,1402,-570
123000047,2348,1236,1112
123000048,83,561,-478
123000049,6522,7809,-1287
123000050,1439,1433,6
123000051,148,251,-103
123000052,956,3157,-2201
123000053,2996,3264,-268
123000054,1526,1326,200
123000055,1274,1782,-508
123000056,1726,1870,-144
123000057,13429,6866,6563
123000058,788,968,-180
123000059,596,590,6
123000060,850,298,552
123000061,339,693,-354
123000063,897,1036,-139
123000064,761,357,404
123000065,5908,2801,3107
123000066,789,629,160
123000067,1175,829,346
123000068,2741,2957,-216
123000069,7051,3522,3529
123000070,301,751,-450
123000071,960,1071,-111
123000072,1113,1001,112
123000073,1090,856,234
123000074,1032,1458,-426
123000075,351,1003,-652
123000076,730,794,-64
123000077,2171,2830,-659
123000078,1597,2014,-417
123000079,1489,2077,-588
123000080,2212,2073,139
123000081,175,400,-225
123000082,411,1003,-592
123000083,891,259,632
123000084,574,626,-52
123000085,231,118,113
123000086,424,268,156
123000087,255,325,-70
123000088,1765,942,823
123000089,597,1147,-550
123000090,1280,1075,205
123000091,1597,1705,-108
123000092,1062,1256,-194
123000094,438,259,179
123000095,700,698,2
123000096,698,427,271
123000097,540,835,-295
123000098,710,536,174
123000099,606,781,-175
123000100,679,735,-56
123000101,642,633,9
123000102,672,713,-41
123000104,412,440,-28
123000105,528,511,17
123000106,475,447,28
123000107,470,597,-127
123000108,814,1239,-425
123000111,836,364,472
123000112,922,649,273
123000113,511,1403,-892
123000114,510,663,-153
123000115,293,292,1
123000116,35,114,-79
123000117,1934,2077,-143
123000118,399,1032,-633
123000119,291,971,-680
123000120,648,906,-258
123000121,523,696,-173
123000122,346,216,130
123000123,492,637,-145
123000124,518,481,37
123000125,1079,1251,-172
123000126,1322,3357,-2035
123000127,951,802,149
123000128,358,351,7
123000129,546,258,288
123000130,569,85,484
123000131,705,736,-31
123000132,403,604,-201
123000133,306,385,-79
123000134,338,182,156
123000135,2058,1386,672
123000136,263,922,-659
123000137,127,302,-175
123000138,92,443,-351
123000139,450,135,315
123000140,132,754,-622
123000141,742,155,587
123000142,1229,1058,171
123000143,1837,2220,-383
123000144,29,23,6
123000145,290,117,173
123000146,60,101,-41
123000147,166,130,36
123000149,428,451,-23
123000150,202,265,-63
123000151,377,488,-111
123000152,160,397,-237
123000153,233,657,-424
123000154,1866,1933,-67
123000155,2347,982,1365
123000156,69,178,-109
123000157,655,838,-183
123000158,572,834,-262
123000159,3117,2620,497
123000160,1053,777,276
123000161,1730,1199,531
123000162,1078,1932,-854
123000163,477,117,360
123000164,1334,454,880
123000165,446,1652,-1206
123000166,53,168,-115
123000167,129,303,-174
123000168,272,275,-3
123000169,755,144,611
123000170,98,202,-104
123000171,517,29,488
123000172,220,592,-372
123000173,549,288,261
123000174,894,432,462
123000175,621,1331,-710
123000176,1106,290,816
123000177,292,945,-653
123000178,869,153,716
123000179,47,661,-614
123000180,1693,409,1284
123000181,354,1718,-1364
123000182,251,412,-161
123000183,195,612,-417
123000184,88,549,-461
123000185,557,468,89
123000186,5,809,-804
123000187,647,17,630
123000188,166,2,164
123000189,180,171,9
123000190,48,70,-22
123000192,32,392,-360
123000193,87,1082,-995
123000194,537,373,164
123000195,311,31,280
123000196,335,63,272
123000197,90,161,-71
123000198,135,315,-180
123000199,28,595,-567
123000200,551,8,543
123000201,1002,30,972
123000202,16,1133,-1117
123000203,1035,93,942
123000204,103,1232,-1129
123000205,596,2057,-1461
123000206,2181,234,1947
123000207,121,1042,-921
123000208,723,146,577
123000209,2201,683,1518
123000210,576,2334,-1758
123000211,571,2622,-2051
123000212,2953,559,2394
123000213,839,95,744
123000215,154,240,-86
123000216,191,656,-465
123000217,222,41,181
123000218,67,628,-561
123000219,923,142,781
123000220,637,115,522
123000221,461,89,372
123000222,426,385,41
123000223,219,314,-95
123000224,468,590,-122
123000225,328,94,234
123000226,103,339,-236
123000227,129,349,-220
123000228,267,64,203
123000229,1330,1894,-564
123000232,140,707,-567
123000233,722,214,508
123000234,148,745,-597
123000235,951,315,636
123000236,258,841,-583
123000237,392,99,293
123000238,95,506,-411
123000239,531,1442,-911
123000240,52,400,-348
123000241,462,119,343
123000242,105,177,-72
123000243,928,881,47
123000244,1051,773,278
123000245,82,259,-177
123000249,342,686,-344
123000252,774,247,527
123000253,960,610,350
123000254,778,1094,-316
123000255,1218,1033,185
123000256,23,293,-270
123000257,3031,2203,828
123000258,1064,1028,36
123000259,318,477,-159
123000260,385,451,-66
123000261,169,161,8
123000262,107,203,-96
123000263,343,114,229
123000264,167,88,79
123000265,65,196,-131
123000266,629,769,-140
123000267,520,343,177
123000268,48,86,-38
123000269,75,74,1
123000270,55,79,-24
123000271,91,83,8
123000272,607,308,299
123000273,241,648,-407
123000274,1236,739,497
123000275,293,883,-590
123000278,3119,2595,524
123000279,116,93,23
123000280,427,316,111
123000281,362,106,256
123000282,97,305,-208
123000283,86,54,32
123000284,43,92,-49
123000286,262,312,-50
123000287,582,259,323
123000288,1236,791,445
123000289,484,905,-421
123000291,275,841,-566
123000294,249,315,-66
123000295,1075,969,106
123000296,642,419,223
123000297,606,886,-280
123000298,648,506,142
123000299,74,223,-149
123000300,929,893,36
123000301,114,212,-98
123000302,96,217,-121
123000303,163,131,32
123000305,1062,1001,61
123000306,120,179,-59
123000309,60,84,-24
123000310,48,31,17
123000311,0,95,-95
123000312,571,903,-332
123000313,518,476,42
123000315,63,346,-283
123000316,1297,322,975
123000317,317,89,228
123000318,72,250,-178
123000329,9,22,-13
123000337,1375,312,1063
123000338,1009,53,956
123000339,212,176,36
123000340,200,528,-328
123000342,19,144,-125
123000343,50,4,46
123000344,1498,514,984
123000345,418,604,-186
123000346,354,55,299
123000352,1410,899,511
123000353,25,238,-213
123000354,551,40,511
123000355,1,469,-468
123000356,309,5,304
123000357,8,165,-157
123000359,8,177,-169
123000360,201,109,92
123000361,310,319,-9
123000362,349,99,250
123000363,110,192,-82
123000364,525,503,22
123000365,34,377,-343
123000366,527,1826,-1299
123000367,382,1182,-800
123000370,52,194,-142
123000371,729,27,702
123000372,461,21,440
123000373,7,317,-310
123000374,19,228,-209
123000375,321,45,276
123000376,921,676,245
123000377,339,14,325
123000378,13,241,-228
123000379,3,221,-218
123000380,74,415,-341
123000381,155,62,93
123000382,1453,118,1335
123000383,207,1555,-1348
123000384,515,85,430
123000385,434,611,-177
123000436,38,934,-896
123000507,186,348,-162
123000508,249,921,-672
123000517,366,38,328
123000518,29,323,-294
123000519,172,108,64
123000520,60,277,-217
123000521,308,116,192
123000522,162,410,-248
123000541,11,4,7
123000542,0,16,-16
123000565,863,45,818
123000566,253,738,-485
123000567,78,254,-176
123000573,43,875,-832
123000574,994,74,920
123000575,1458,1163,295
123000576,876,1579,-703
123000577,75,536,-461
123000578,527,63,464
123000579,3441,4600,-1159
123000580,169,39,130
123000582,355,36,319
123000583,28,379,-351
123000584,176,371,-195
123000585,0,149,-149
123000586,56,0,56
123000596,132,149,-17
123000597,63,127,-64
123000602,26,7,19
123000603,650,680,-30
123000604,590,904,-314
123000605,1017,65,952
123000606,0,380,-380
123000609,20,350,-330
123000610,174,137,37
123000613,64,228,-164
123000614,222,43,179
123000615,89,174,-85
123000616,601,38,563
123000617,94,405,-311
123000618,64,643,-579
123000619,541,55,486
123000620,13,396,-383
123000622,383,21,362
123000624,127,64,63
123000630,1233,508,725
123000631,231,1501,-1270
123000632,842,937,-95
123000633,2,347,-345
123000634,68,105,-37
123000635,113,128,-15
123000636,92,578,-486
123000637,210,31,179
123000638,822,53,769
123000639,1019,3781,-2762
123000640,28,754,-726
123000648,356,112,244
123000649,37,539,-502
123900001,1323,50,1273
123900002,39,1431,-1392
123900003,387,521,-134
123900005,264,158,106
123900006,295,50,245
124000001,1903,215,1688
124000002,106,1754,-1648
124000003,835,210,625
124000004,96,606,-510
124000005,1005,619,386
124000006,232,1145,-913
124000007,521,114,407
124000008,19,573,-554
124000009,657,315,342
124000010,168,548,-380
124000011,935,280,655
124000012,318,680,-362
124000017,164,145,19
124000018,129,88,41
124000019,150,196,-46
124000020,64,222,-158
124000021,132,129,3
124000022,88,229,-141
124000023,1402,1436,-34
124000024,1023,586,437
124000025,1022,1641,-619
124000026,1069,991,78
124000027,4126,4598,-472
124000028,2632,4461,-1829
124000030,3047,1294,1753
124000031,1762,2964,-1202
124000032,3440,1216,2224
124000033,1153,619,534
124000034,1109,1233,-124
124000035,353,198,155
124000036,177,673,-496
124000037,624,1261,-637
124000038,58,134,-76
124000039,1098,526,572
124000040,621,1272,-651
124000041,534,68,466
124000042,191,499,-308
124000043,120,86,34
124000044,99,221,-122
124000045,868,604,264
124000046,399,740,-341
124000047,1327,857,470
124000048,1083,1505,-422
124000049,1763,767,996
124000050,922,1907,-985
124000051,958,655,303
124000052,809,1175,-366
124000053,597,1624,-1027
124000054,1147,627,520
124000055,1254,2324,-1070
124000056,2531,1811,720
124000057,1039,670,369
124000058,561,1490,-929
124000059,556,1118,-562
124000060,1298,792,506
124000061,1589,4773,-3184
124000062,7038,2166,4872
124000063,1589,1959,-370
124000064,2588,1572,1016
124000065,190,568,-378
124000066,427,130,297
124000067,264,228,36
124000068,80,159,-79
124000069,857,242,615
124000070,277,648,-371
124000071,869,94,775
124000072,406,505,-99
124000073,937,192,745
124000074,344,750,-406
124000075,317,47,270
124000076,16,196,-180
124000077,2081,844,1237
124000078,2866,1617,1249
124000079,466,1187,-721
124000080,882,214,668
124000081,259,607,-348
124000082,61,177,-116
124000083,91,115,-24
124000084,84,438,-354
124000085,129,43,86
124000086,101,105,-4
124000087,258,91,167
124000088,202,377,-175
124000089,842,410,432
124000090,156,390,-234
124000091,486,149,337
124000092,97,674,-577
124000093,127,110,17
124000094,148,499,-351
124000095,68,146,-78
124000096,158,285,-127
124000097,133,180,-47
124000098,102,96,6
124000099,254,127,127
124000100,52,121,-69
124000101,57,108,-51
124000102,142,71,71
124000103,73,128,-55
124000104,124,69,55
124000105,66,111,-45
124000106,138,92,46
124000107,15,154,-139
124000108,76,27,49
124000109,142,115,27
124000110,281,148,133
124000111,205,202,3
124000112,605,694,-89
124000113,88,111,-23
124000114,322,462,-140
124000115,400,695,-295
124000116,135,167,-32
124000117,55,79,-24
124000118,56,79,-23
124000119,926,470,456
124000120,534,361,173
124000121,2241,1055,1186
124000122,611,1376,-765
124000123,1061,553,508
124000124,548,1162,-614
124000125,408,493,-85
124000126,275,711,-436
124000127,816,461,355
124000128,644,976,-332
124000129,1921,1504,417
124000130,758,724,34
124000131,915,547,368
124000132,959,861,98
124000133,870,894,-24
124000134,718,720,-2
124000135,1644,1687,-43
124000136,973,1091,-118
124000137,1227,646,581
124000138,1430,1343,87
124000139,840,46,794
124000140,32,486,-454
124000141,657,49,608
124000142,90,462,-372
124000143,145,17,128
124000144,13,215,-202
124000145,231,29,202
124000146,47,96,-49
124000148,42,143,-101
124000149,1158,632,526
124000150,414,663,-249
124000151,887,502,385
124000152,890,1466,-576
124000153,740,803,-63
124000154,402,826,-424
124000155,1349,1152,197
124000156,2114,1161,953
124000169,192,429,-237
124000170,560,468,92
124000171,252,215,37
124000172,281,600,-319
124000173,410,214,196
124000174,423,575,-152
124000175,20,139,-119
124000176,49,9,40
124000177,21,39,-18
124000178,108,49,59
124000190,153,60,93
124000191,260,93,167
124000192,2286,401,1885
124000193,491,976,-485
124000194,483,526,-43
124000195,330,747,-417
124000196,1132,1099,33
124000197,46,50,-4
124000198,52,64,-12
124000201,333,951,-618
124000202,692,313,379
124000203,417,733,-316
124000204,833,394,439
124000205,181,468,-287
124000206,948,415,533
124000207,0,35,-35
124000209,271,566,-295
124000210,427,237,190
124000211,480,4,476
124000212,1,448,-447
124000213,397,356,41
124000214,360,654,-294
124000215,958,32,926
124000216,6,393,-387
124000329,177,1847,-1670
124000338,88,967,-879
124000339,1151,133,1018
124000341,1562,107,1455
124000344,31,2,29
124000357,771,2376,-1605
124000358,731,1529,-798
124000359,996,772,224
124000360,742,547,195
124000361,2278,921,1357
124000362,1524,2055,-531
124000363,326,374,-48
124000364,681,842,-161
124000365,694,1194,-500
124000366,1755,839,916
124000367,162,593,-431
124000368,764,456,308
124000369,245,168,77
124000370,141,836,-695
124000402,58,24,34
124000403,153,38,115
124000404,18,106,-88
124000405,1026,825,201
124000406,937,819,118
124000407,0,67,-67
124000411,11,396,-385
124000412,487,12,475
124000413,400,50,350
124000414,54,97,-43
124000415,48,141,-93
124000416,160,234,-74
124000417,133,103,30
124000418,147,127,20
124000419,122,145,-23
124000420,81,85,-4
124000421,56,230,-174
124000422,23,14,9
124000423,90,41,49
124000424,4,155,-151
124000425,151,24,127
124000426,6,195,-189
124000427,224,12,212
124000428,12,62,-50
124000429,64,103,-39
124000430,681,444,237
124000431,315,497,-182
124000432,304,895,-591
124000439,2,7,-5
124000443,0,6,-6
124000445,646,1270,-624
124000446,1858,105,1753
124000447,28,156,-128
124900001,543,470,73
124900002,114,394,-280
124900003,1054,858,196
124900004,523,470,53
124900005,324,191,133
124900006,667,454,213
124900008,1465,649,816
124900009,186,344,-158
124900010,180,126,54
124900011,503,297,206
124900012,526,168,358
124900013,550,158,392
124900014,454,67,387
124900015,174,374,-200
124900016,83,128,-45
124900017,610,1550,-940
124900018,42,12,30
124900020,69,61,8
124900021,370,51,319
124900022,341,6,335
124900024,229,45,184
124900026,405,52,353
124900027,94,352,-258
124900028,402,118,284
124900029,6,477,-471
124900030,5,116,-111
124900031,20,275,-255
124900032,198,226,-28
124900033,159,268,-109
124900034,4,120,-116
124900035,229,372,-143
124900036,0,71,-71
124900037,253,334,-81
124900038,311,383,-72
124900039,1,62,-61
124900040,178,77,101
124900041,353,1142,-789
124900042,155,2,153
124900043,560,1090,-530
124900044,71,4,67
124900045,773,1223,-450
124900047,175,153,22
124900048,261,133,128
124900050,209,266,-57
124900052,135,411,-276
124900053,149,387,-238
124900054,1884,539,1345
124900055,1,145,-144
124900057,18,70,-52
124900060,78,199,-121
124900061,150,12,138
124900062,187,25,162
124900066,0,28,-28
124900067,6,169,-163
124900068,222,478,-256
124900070,69,33,36
124900072,109,56,53
124900075,188,216,-28
124900076,40,1116,-1076
124900077,19,131,-112
124900078,97,31,66
124900079,580,174,406
124900080,320,643,-323
124900081,865,395,470
124900082,428,966,-538
124900083,319,584,-265
124900085,987,360,627
124900086,67,1427,-1360
124900087,760,91,669
124900088,825,113,712
124900089,1464,51,1413
124900090,234,235,-1
124900091,319,406,-87
124900092,228,296,-68
124900093,251,252,-1
124900094,305,311,-6
124900095,91,400,-309
124900096,576,280,296
124900097,303,85,218
124900098,127,411,-284
124900099,567,548,19
124900100,323,99,224
124900101,184,279,-95
124900102,239,52,187
124900103,169,212,-43
124900104,109,180,-71
124900105,135,130,5
124900106,344,85,259
124900107,83,21,62
124900108,223,76,147
124900111,0,171,-171
124900112,73,498,-425
124900113,161,344,-183
124900114,222,159,63
124900115,98,39,59
124900116,176,166,10
124900117,452,131,321
124900118,246,290,-44
124900119,410,210,200
124900120,89,408,-319
124900121,152,453,-301
124900122,385,250,135
124900123,313,147,166
124900124,118,528,-410
204000001,133,9,124
204000002,46,7,39
204000003,30,3,27
204000004,12,2,10
204000005,782,677,105
204000006,1437,1499,-62
204000011,17,72,-55
204000012,47,162,-115
204000019,679,593,86
204000020,651,610,41
204000021,1621,853,768
204000022,658,473,185
204000023,594,1085,-491
204000031,163,21,142
204000032,650,47,603
204000034,35,212,-177
204000035,0,6,-6
204000036,11,23,-12
204000037,8,17,-9
204000038,3,25,-22
204000039,24,19,5
204000040,2,19,-17
204000041,9,26,-17
204000042,49,12,37
204000043,47,2,45
204000044,52,8,44
204000045,61,3,58
204000046,13,2,11
204000057,1,13,-12
204000062,37,76,-39
204000068,41,384,-343
204000069,74,389,-315
204000070,120,109,11
204000080,101,92,9
204000085,2422,2129,293
204000086,3121,2528,593
204000087,58,14,44
204000088,7,145,-138
204000090,107,351,-244
204000093,324,74,250
204000096,761,1432,-671
204000097,405,46,359
204000099,1185,1533,-348
204000100,1441,2125,-684
204000105,2542,1759,783
204000110,1086,1251,-165
204000111,485,648,-163
204000112,792,586,206
204000113,599,710,-111
204000114,808,629,179
204000115,509,354,155
204000116,747,387,360
204000119,1942,2775,-833
204000132,727,407,320
204000133,819,494,325
204000134,247,202,45
204000135,882,135,747
204000136,885,253,632
204000138,339,565,-226
204000140,239,151,88
204000141,239,85,154
204000144,10,24,-14
204000145,529,29,500
204000146,23,295,-272
204000147,51,257,-206
204000148,493,48,445
204000154,7,2,5
204000155,6,9,-3
204000177,71,46,25
204000179,29,6,23
204000180,0,67,-67
204000222,9,4,5
204000235,17,25,-8
204000236,89,282,-193
204000238,15,30,-15
204000240,416,79,337
204000263,736,1209,-473
204000268,1274,1051,223
204000308,172,28,144
204000317,22,56,-34
204000322,17,43,-26
204000323,25,8,17
204000328,204,93,111
204000329,105,176,-71
204000330,233,70,163
204000331,94,156,-62
205000001,1423,2141,-718
205000013,9,64,-55
205000014,23,103,-80
205000015,38,236,-198
205000016,18,197,-179
205000017,23,73,-50
205000022,461,1061,-600
205000025,1727,1427,300
205000029,212,11,201
205000045,181,366,-185
205000046,132,664,-532
205000047,92,550,-458
205000048,438,1492,-1054
205000049,177,1147,-970
205000050,929,368,561
205000059,1,317,-316
205000060,1,82,-81
205000061,5,82,-77
205000062,3,109,-106
205000063,20,65,-45
205000064,12,95,-83
205000065,61,553,-492
205000066,145,905,-760
205000067,23,1213,-1190
205000069,242,12,230
205000082,181,216,-35
205000110,87,338,-251
205000111,202,336,-134
205000112,192,258,-66
205000113,226,374,-148
205000121,262,94,168
205000123,44,239,-195
205000126,473,139,334
205000127,885,247,638
205000128,728,133,595
205000129,939,140,799
205000130,609,44,565
205000131,164,9,155
205000132,412,4,408
205000133,393,2,391
205000134,291,0,291
205000137,61,149,-88
205000138,153,336,-183
205000139,37,149,-112
205000144,126,96,30
205000145,360,225,135
205000151,176,74,102
205000152,222,32,190
205000153,251,54,197
205000154,109,61,48
205000155,159,17,142
205000207,11,215,-204
205000233,43,2,41
205000234,0,1,-1
205000243,1,0,1
205000244,2,5,-3
205000245,14,203,-189
205000249,0,45,-45
205000250,5,1,4
205000264,6,89,-83
206000027,6,4,2
206000028,3,3,0
206000043,9,58,-49
206000053,1,3,-2
206000054,5,27,-22
206000055,1,20,-19
206000075,18,5,13
206000076,21,25,-4
206000077,18,8,10
206000078,32,4,28
206000079,12,9,3
206000082,419,33,386
206000100,36,575,-539
206000103,3,14,-11
206000104,16,25,-9
206000105,6,12,-6
206000106,12,24,-12
206000125,65,0,65
206000157,64,586,-522
206000170,0,153,-153
206000171,4,197,-193
206000172,4,473,-469
206000173,2,250,-248
206000174,10,99,-89
206000175,3,129,-126
206000176,16,202,-186
206000177,2,175,-173
206000178,4,120,-116
206000179,11,76,-65
206000180,16,131,-115
206000181,6,156,-150
206000182,13,168,-155
206000183,22,583,-561
206000184,4,309,-305
206000185,10,186,-176
206000186,97,1080,-983
206000223,18,229,-211
206000226,5,1,4
206000227,18,2,16
206000237,28,314,-286
206000238,27,539,-512
206000239,251,1897,-1646
206000240,1,42,-41
206000241,0,102,-102
206000242,5,226,-221
206000243,6,211,-205
206000244,64,528,-464
206000245,658,66,592
206000246,209,19,190
206000247,190,11,179
206000248,398,25,373
206000252,73,23,50
206000258,23,35,-12
206000315,22,14,8
206000317,452,109,343
206000318,392,59,333
206000319,1030,90,940
206000320,153,54,99
206000321,173,11,162
206000322,368,22,346
206000323,122,18,104
206000324,147,13,134
206000325,173,8,165
206000326,190,3,187
206000327,418,6,412
206000328,125,3,122
206000329,243,7,236
206000330,42,3,39
206000331,158,4,154
206000332,43,6,37
206000333,512,3,509
206000334,215,3,212
206000335,0,24,-24
206000361,2,218,-216
206000392,1,21,-20
206000405,112,1,111
206000441,28,18,10
206000498,27,1,26
206000515,96,39,57
206000530,212,62,150
206000531,175,151,24
206000532,1619,239,1380
206000535,215,1873,-1658
206000536,19,154,-135
206000537,12,173,-161
206000613,1247,223,1024
206000784,566,39,527
207000001,212,720,-508
207000002,133,316,-183
207000003,188,168,20
207000007,1009,306,703
207000008,89,21,68
207000009,93,50,43
207000010,477,454,23
207000012,345,256,89
207000015,317,1494,-1177
207000019,400,122,278
207000021,641,209,432
207000022,162,120,42
207000023,254,50,204
207000024,5,14,-9
207000025,60,100,-40
207000026,108,55,53
207000027,31,99,-68
207000028,54,176,-122
207000029,371,444,-73
207000033,268,447,-179
207000034,298,91,207
207000039,406,120,286
207000040,269,105,164
207000041,80,28,52
207000042,254,81,173
207000043,273,197,76
207000051,201,264,-63
207000052,55,140,-85
207000053,474,586,-112
207000054,49,148,-99
207000055,186,129,57
207000056,401,402,-1
207000057,182,278,-96
207000058,181,409,-228
207000059,119,667,-548
207000060,106,226,-120
207000061,292,490,-198
207000062,279,60,219
207000063,325,134,191
207000064,452,169,283
207000065,379,257,122
207000066,229,207,22
207000067,58,101,-43
207000068,147,74,73
207000069,687,385,302
207000082,18,280,-262
207000083,135,274,-139
207000084,297,236,61
207000085,267,20,247
207000086,224,4,220
207000106,57,23,34
207000107,86,13,73
207000108,78,15,63
207000109,77,9,68
207000110,71,93,-22
207000111,68,89,-21
207000112,206,658,-452
207000114,36,42,-6
207000115,20,102,-82
207000116,25,448,-423
207000117,10,110,-100
207000118,1,101,-100
207000119,52,103,-51
207000123,186,19,167
207000124,61,42,19
207000125,69,64,5
207000126,68,97,-29
207000134,97,141,-44
207000135,23,294,-271
207000148,69,314,-245
207000149,93,47,46
207000152,183,410,-227
207000153,1089,1347,-258
207000154,521,157,364
207000159,158,230,-72
207000160,200,436,-236
207000238,0,159,-159
207000242,5,199,-194
207000248,47,33,14
207000249,172,51,121
207000250,727,85,642
207000251,85,96,-11
207000252,57,73,-16
207000278,139,106,33
207000279,41,171,-130
207000280,601,77,524
207000281,110,1118,-1008
207000282,278,149,129
207000283,221,243,-22
207000284,130,180,-50
207000285,136,102,34
207000291,21,125,-104
207000304,161,66,95
207000306,104,452,-348
207000310,84,110,-26
207000353,404,8,396
207000356,28,29,-1
207000357,21,5,16
207000358,12,19,-7
207000415,9,203,-194
207000417,79,7,72
207000418,150,147,3
207000438,0,2,-2
207000439,1144,733,411
207000446,195,8,187
207000460,25,13,12
207000466,262,155,107
207000467,267,115,152
207000468,56,434,-378
207000476,21,67,-46
207000477,630,88,542
207000478,1,27,-26
207000523,0,24,-24
207000524,110,0,110
207000527,143,239,-96
207000530,526,30,496
207000531,321,15,306
207000532,95,25,70
207000534,577,65,512
207000535,58,385,-327
207000537,28,116,-88
207000540,9,246,-237
207000541,2,309,-307
207000548,17,273,-256
207000549,489,16,473
207000561,154,204,-50
207000562,49,210,-161
207000567,202,257,-55
207000568,166,85,81
207000569,317,696,-379
207000584,404,229,175
207000585,79,473,-394
207000587,101,17,84
207000616,0,147,-147
207000617,163,0,163
207000624,75,51,24
207000631,7,87,-80
207900008,253,113,140
208000001,613,953,-340
208000002,1034,514,520
208000003,1050,446,604
208000004,1293,724,569
208000005,9,22,-13
208000019,692,1096,-404
208000020,135,603,-468
208000021,248,362,-114
208000022,1125,548,577
208000028,1405,934,471
208000033,577,578,-1
208000034,1163,1349,-186
208000037,339,28,311
208000040,122,196,-74
208000041,1054,661,393
208000042,1852,810,1042
208000047,172,258,-86
208000064,2763,1602,1161
208000066,2074,2270,-196
208000070,339,397,-58
208000071,382,1004,-622
208000072,331,1486,-1155
208000080,294,351,-57
208000081,421,177,244
208000082,335,327,8
208000083,211,487,-276
208000084,22,13,9
208000085,951,769,182
208000086,566,1162,-596
208000087,932,854,78
208000089,971,458,513
208000090,927,708,219
208000093,174,124,50
208000094,657,378,279
208000095,827,449,378
208000104,1030,1211,-181
208000105,926,1248,-322
208000114,109,344,-235
208000115,565,482,83
208000116,617,1256,-639
208000117,200,178,22
208000118,129,119,10
208000155,825,1044,-219
208000158,1639,3506,-1867
208000186,4424,4108,316
208000204,630,1031,-401
208000205,1161,1186,-25
208000282,6697,3006,3691
209000004,367,165,202
209000005,43,22,21
209000006,385,155,230
209000007,224,302,-78
209000010,523,142,381
209000011,254,261,-7
209000012,272,202,70
209000013,341,394,-53
209000014,647,1128,-481
209000025,262,39,223
209000026,636,120,516
209000027,612,859,-247
209000028,428,850,-422
209000029,577,645,-68
209000030,595,1478,-883
209000031,2881,2528,353
209000034,212,286,-74
209000035,126,215,-89
209000036,164,150,14
209000037,255,296,-41
209000038,126,206,-80
209000039,70,165,-95
209000040,284,630,-346
209000041,210,516,-306
209000042,200,533,-333
209000043,761,922,-161
209000044,219,780,-561
209000045,1581,596,985
209000046,518,573,-55
209000047,588,245,343
209000048,628,372,256
209000049,100,147,-47
209000050,249,185,64
209000051,377,432,-55
209000052,159,403,-244
209000062,42,121,-79
209000063,67,108,-41
209000064,66,98,-32
209000065,88,32,56
209000066,68,39,29
209000067,63,52,11
209000080,38,295,-257
209000082,92,27,65
209000091,41,125,-84
209000093,71,38,33
209000094,260,279,-19
209000110,38,120,-82
209000111,444,1257,-813
209000112,769,516,253
209000113,1365,488,877
209000114,643,334,309
209000115,73,179,-106
209000116,674,586,88
209000118,28,52,-24
209000119,43,14,29
209000121,160,567,-407
209000135,61,138,-77
209000142,620,1195,-575
209000143,109,94,15
209000144,53,112,-59
209000229,342,162,180
209000240,65,335,-270
209000259,97,151,-54
209000260,61,974,-913
209000261,8,539,-531
209000262,1,437,-436
209000263,0,179,-179
209000264,0,107,-107
209000265,472,41,431
209000266,105,0,105
209000267,891,10,881
209000268,652,62,590
210000037,85,22,63
210000047,80,23,57
210000048,79,17,62
210000049,47,12,35
210000052,73,86,-13
210000053,37,58,-21
210000054,79,112,-33
210000070,80,4,76
210000071,75,1,74
210000072,28,2,26
210000073,0,42,-42
210000074,0,113,-113
210000075,1,83,-82
210000076,4,123,-119
210000077,28,51,-23
210000078,34,28,6
210000079,35,12,23
210000080,133,66,67
210000081,187,18,169
210000082,100,1,99
210000083,86,1,85
210000084,37,1,36
210000085,1,69,-68
210000086,0,113,-113
210000099,36,257,-221
210000100,42,193,-151
210000101,100,176,-76
210000105,84,192,-108
210000159,2,142,-140
210000163,132,202,-70
210000164,239,114,125
210000168,87,23,64
210000187,0,22,-22
210000188,0,17,-17
210000214,89,1,88
210000219,22,45,-23
210000220,81,68,13
210000232,1,19,-18
210000233,28,71,-43
210000234,23,136,-113
210000235,44,125,-81
210000245,2,46,-44
210000246,48,4,44
210000258,17,86,-69
210000259,412,45,367
210000282,120,243,-123
210000285,2,96,-94
210000286,15,172,-157
210000290,5,19,-14
210000295,70,176,-106
210000296,28,45,-17
210000320,163,78,85
210000321,127,81,46
210000338,45,70,-25
210000339,389,1024,-635
210000340,150,375,-225
210000341,196,265,-69
210000342,196,191,5
210000343,205,189,16
210000344,222,112,110
210000345,215,180,35
210000346,77,110,-33
210000347,110,36,74
210000348,150,15,135
210000349,107,26,81
210000350,138,100,38
210000351,152,166,-14
210000352,45,83,-38
210000353,38,92,-54
210000354,126,95,31
210000355,45,96,-51
210000356,60,68,-8
210000357,70,45,25
210000358,245,102,143
210000359,97,75,22
210000360,148,117,31
210000361,213,159,54
210000362,329,225,104
210000363,857,226,631
210000364,111,152,-41
210000365,99,76,23
210000366,145,71,74
210000367,104,24,80
210000368,202,43,159
210000369,26,21,5
210000370,55,29,26
210000372,31,33,-2
210000373,40,16,24
210000374,46,8,38
210000375,35,65,-30
210000376,70,140,-70
210000404,66,131,-65
210000439,17,49,-32
210000472,99,6,93
210000482,73,66,7
210000564,483,292,191
210000567,0,36,-36
210000568,307,2,305
211000092,43,62,-19
211000094,19,15,4
211000169,406,8,398
211000172,47,340,-293
211000209,1,27,-26
211000226,13,22,-9
211000270,18,50,-32
211000275,39,16,23
211000276,73,20,53
211000279,45,59,-14
211000281,37,48,-11
211000302,45,83,-38
211507980,3,57,-54
211977296,57,3,54
212000003,120,58,62
212000004,45,20,25
212000005,39,16,23
212000006,73,58,15
212000008,201,232,-31
212000009,34,152,-118
212000012,76,97,-21
212000013,31,74,-43
212000014,287,205,82
212000015,301,285,16
212000016,498,647,-149
212000027,437,469,-32
212000028,294,521,-227
212000029,250,374,-124
212000030,44,26,18
212000031,55,66,-11
212000048,32,134,-102
212000049,26,116,-90
212000050,28,11,17
212000051,187,219,-32
212000052,170,382,-212
212000053,475,884,-409
212000054,169,136,33
212000055,208,252,-44
212000056,19,60,-41
212000057,21,36,-15
212000058,261,39,222
212000070,166,298,-132
212000077,150,813,-663
212000099,235,329,-94
212000108,192,153,39
212000111,184,130,54
212000120,110,103,7
212000138,141,40,101
212000156,4,129,-125
212000158,15,16,-1
212000159,373,42,331
212000160,590,332,258
212000161,93,6,87
212000310,49,18,31
212000311,18,72,-54
212000374,34,6,28
213000001,38,395,-357
213000005,391,110,281
213000006,1037,312,725
213000007,248,5,243
213000009,769,529,240
213000010,192,337,-145
213000011,271,117,154
213000012,107,362,-255
213000014,72,16,56
213000015,222,6,216
213000016,551,1,550
213000017,139,43,96
213000018,3,186,-183
213000019,5,174,-169
213000020,92,420,-328
213000021,7,147,-140
213000023,270,174,96
213000033,305,1704,-1399
213000034,758,324,434
213000035,143,320,-177
213000045,196,260,-64
213000046,258,211,47
213000047,795,1117,-322
213000056,144,48,96
213000069,137,3,134
213000073,2,51,-49
213000074,74,399,-325
213000075,509,8,501
213000076,69,4,65
213000085,11,36,-25
213000086,10,180,-170
213000091,136,11,125
213000092,103,13,90
213000099,167,1214,-1047
213000100,1344,270,1074
213000101,289,146,143
213000102,337,287,50
213000103,898,834,64
213000104,48,382,-334
213000105,4,208,-204
213000106,61,160,-99
213000107,183,656,-473
213000108,32,544,-512
213000109,12,317,-305
213000110,11,94,-83
213000111,17,67,-50
213000112,214,116,98
213000115,46,25,21
213000116,73,520,-447
213000117,14,777,-763
213000118,420,339,81
213000119,50,645,-595
213000120,129,513,-384
213000122,205,635,-430
213000123,356,1290,-934
213000124,137,1179,-1042
213000125,151,16,135
213000126,75,122,-47
213000127,175,221,-46
213000128,498,942,-444
213000129,421,643,-222
213000130,567,290,277
213000132,283,105,178
213000133,462,147,315
213000134,729,34,695
213000136,503,31,472
213000137,635,90,545
213000139,712,34,678
213000147,142,6,136
213000148,38,13,25
213000149,42,7,35
213000150,0,133,-133
213000151,5,104,-99
213000152,2,95,-93
213000153,8,125,-117
213000154,52,208,-156
213000155,35,266,-231
213000156,104,600,-496
213000157,574,450,124
213000158,317,957,-640
213000159,515,618,-103
213000163,720,89,631
213000165,692,268,424
213000171,0,105,-105
213000172,5,322,-317
213000173,3,293,-290
213000174,1,173,-172
213000175,8,94,-86
213000176,36,28,8
213000177,60,4,56
213000178,99,4,95
213000179,154,1,153
213000180,110,0,110
213000184,189,416,-227
213000188,342,95,247
213000189,289,48,241
213000190,914,861,53
213000191,298,460,-162
213000192,206,434,-228
213000193,972,256,716
213000194,3,85,-82
213000195,30,516,-486
213000196,291,1277,-986
213000197,363,741,-378
213000198,142,0,142
213000200,125,1104,-979
213000201,116,59,57
213000202,7,547,-540
213000203,3351,694,2657
213000204,639,90,549
213000205,296,118,178
213000206,509,87,422
213000207,276,16,260
213000208,183,1,182
213000209,286,1,285
213000210,552,3,549
213000211,10,14,-4
213000212,34,25,9
213000213,52,53,-1
213000218,250,691,-441
213000219,467,26,441
213000220,464,14,450
213000223,242,285,-43
213000224,82,66,16
213000225,108,14,94
213000226,72,32,40
213000227,860,339,521
213000228,411,116,295
213000229,547,43,504
213000230,622,38,584
213000232,94,971,-877
213000233,12,79,-67
213000234,4,34,-30
213000293,18,70,-52
213000294,174,11,163
213000295,8,87,-79
213000296,78,35,43
213000297,6,91,-85
213000298,19,114,-95
213000299,60,55,5
213000300,37,6,31
213000303,21,42,-21
213000304,6,4,2
213000305,8,4,4
213000306,100,25,75
213000307,204,56,148
213000308,150,201,-51
213000309,146,75,71
213000310,311,149,162
213000311,352,684,-332
213000315,89,111,-22
213000316,185,74,111
213000322,109,160,-51
213000323,88,75,13
213000324,55,22,33
213000325,26,76,-50
213000326,7,15,-8
213000327,17,30,-13
213000328,20,118,-98
213000329,110,25,85
213000340,184,645,-461
213000341,465,110,355
213000346,182,258,-76
213000347,858,454,404
213000348,14,167,-153
213000349,25,11,14
213000350,352,1129,-777
213000366,84,329,-245
213000367,275,50,225
213000379,218,78,140
213000386,8,242,-234
213000406,86,373,-287
213000417,1143,516,627
213000425,153,40,113
213000426,107,50,57
213000427,53,242,-189
213000428,41,198,-157
213000429,41,4,37
213000430,111,724,-613
213000431,132,2,130
213000432,3,12,-9
213000433,32,158,-126
213000434,55,98,-43
213000435,77,76,1
213000436,26,70,-44
213000437,0,4,-4
213000438,113,73,40
213000439,83,30,53
213000440,7,285,-278
213000441,5,0,5
213000442,1,24,-23
213000443,467,390,77
213000444,29,23,6
213000445,1,61,-60
213000446,0,12,-12
213000447,8,54,-46
213000448,8,127,-119
213000449,283,12,271
213000450,17,48,-31
213000451,196,85,111
213000452,23,24,-1
213000453,52,281,-229
213000455,744,6,738
213000456,1,388,-387
213000481,87,3,84
213000482,68,1,67
213000489,367,105,262
213000491,6,189,-183
213000492,440,8,432
213000493,0,96,-96
213000494,232,112,120
213000495,0,137,-137
213000496,435,184,251
213000497,52,254,-202
213000498,104,222,-118
213000499,139,554,-415
213000500,385,70,315
213000501,81,22,59
213000502,204,115,89
213000503,0,60,-60
213000504,7,115,-108
213000505,10,7,3
213000506,0,11,-11
213000507,1,108,-107
213900244,41,3,38
213900245,0,40,-40
218000003,28,33,-5
218000004,48,39,9
218000005,85,39,46
218000006,64,33,31
218000007,24,21,3
218000012,215,190,25
218000013,94,150,-56
218000014,504,518,-14
218000019,824,655,169
218000020,245,499,-254
218000021,14,19,-5
218000022,6,22,-16
218000023,2,19,-17
218000024,0,9,-9
218000025,1,7,-6
218000026,1,14,-13
218000027,0,8,-8
218000028,1,6,-5
218000029,1,5,-4
218000030,9,28,-19
218000031,2,20,-18
218000032,8,12,-4
218000040,20,14,6
218000046,120,105,15
218000047,10,163,-153
218000048,58,181,-123
218000049,122,120,2
218000050,336,296,40
218000051,71,298,-227
218000052,0,117,-117
218000053,3,18,-15
218000054,16,29,-13
218000055,5,12,-7
218000056,14,25,-11
218000057,6,22,-16
218000064,4,12,-8
218000065,81,25,56
218000066,9,68,-59
218000067,57,103,-46
218000068,110,84,26
218000069,230,147,83
218000070,234,277,-43
218000071,200,171,29
218000072,258,215,43
218000078,809,1027,-218
218000079,80,110,-30
218000080,80,122,-42
218000081,343,260,83
218000082,96,143,-47
218000083,54,73,-19
218000084,141,147,-6
218000085,159,397,-238
218000086,55,164,-109
218000087,149,208,-59
218000090,14,167,-153
218000091,973,564,409
218000092,59,200,-141
218000093,81,79,2
218000094,585,762,-177
218000099,266,839,-573
218000100,257,329,-72
218000101,296,182,114
218000102,400,265,135
218000103,98,145,-47
218000104,79,56,23
218000105,12,21,-9
218000106,11,12,-1
218000107,45,81,-36
218000108,11,35,-24
218000112,64,34,30
218000117,43,74,-31
218000134,541,720,-179
218000135,48,96,-48
218000136,205,143,62
218000137,233,151,82
218000138,34,146,-112
218000139,173,369,-196
218000140,404,278,126
218000141,123,87,36
218000142,262,132,130
218000143,132,253,-121
218000144,131,86,45
218000145,362,368,-6
218000146,102,184,-82
218000151,9,29,-20
218000152,186,84,102
218000153,5,4,1
218000154,4,1,3
218000155,8,1,7
218000156,14,4,10
218000157,12,9,3
218000158,5,2,3
218000159,2,3,-1
218000160,3,2,1
218000161,18,1,17
218000162,40,1,39
218000163,17,0,17
218000164,18,7,11
218000165,32,10,22
218000170,17,81,-64
218000171,72,26,46
218000172,55,21,34
218000173,92,28,64
218000174,54,42,12
218000176,189,45,144
218000177,315,244,71
218000178,82,228,-146
218000179,104,103,1
218000180,103,57,46
218000181,208,48,160
218000187,9,39,-30
218000188,45,55,-10
218000189,27,49,-22
218000190,38,20,18
218000191,160,52,108
218000192,215,249,-34
218000193,404,368,36
218000194,85,395,-310
218000195,125,79,46
218000196,304,316,-12
218000197,304,350,-46
218000198,35,136,-101
218000199,56,29,27
218000200,90,42,48
218000201,9,8,1
218000202,78,228,-150
218000207,6,32,-26
218000208,29,51,-22
218000211,96,24,72
218000212,1,5,-4
218000213,153,100,53
218000214,5,24,-19
218000215,68,53,15
218000217,7,117,-110
218000218,184,63,121
218000219,23,18,5
218000220,126,210,-84
218000221,847,199,648
218000222,66,46,20
218000223,41,397,-356
218000224,18,131,-113
218000225,166,55,111
218000226,166,63,103
218000230,5,3,2
218000232,31,58,-27
218000239,353,29,324
218000240,47,3,44
218000241,121,6,115
218000242,152,1,151
218000243,216,11,205
218000244,116,18,98
218000245,58,6,52
218000246,29,1,28
218000247,4,1,3
218000248,0,20,-20
218000249,2,0,2
218000250,5,6,-1
218000251,21,30,-9
218000252,8,37,-29
218000253,1,29,-28
218000254,0,27,-27
218000255,7,21,-14
218000256,16,85,-69
218000267,695,1216,-521
218000268,21,83,-62
218000269,7,9,-2
218000270,113,56,57
218000271,41,64,-23
218000273,12,11,1
218000274,19,4,15
218000275,27,61,-34
218000276,15,50,-35
218000278,42,32,10
218000279,52,53,-1
218000280,34,50,-16
218000281,38,18,20
218000282,564,415,149
218000284,80,14,66
218000301,77,168,-91
218000302,108,82,26
218000303,66,58,8
218000316,674,1218,-544
218000317,972,1345,-373
218000318,529,849,-320
218000319,1035,1238,-203
218000320,700,712,-12
218000338,80,38,42
218000345,140,76,64
218000346,45,184,-139
218000459,43,248,-205
218000490,44,28,16
218000501,139,33,106
218000502,39,81,-42
218000503,114,22,92
218000504,203,36,167
218000505,65,139,-74
218000506,35,349,-314
218000508,11,10,1
218000510,161,8,153
218000520,143,102,41
218000521,10,55,-45
218000522,2,150,-148
218000523,176,12,164
218000524,66,211,-145
218000525,282,23,259
218000526,73,129,-56
218000529,76,186,-110
218000530,13,1,12
218000531,6,15,-9
218000532,36,24,12
218000534,144,12,132
218000537,22,66,-44
218000538,130,207,-77
218000540,213,93,120
218000543,131,53,78
218000544,54,96,-42
218000545,57,83,-26
218000546,41,101,-60
218000547,141,114,27
218000548,116,111,5
218000549,484,298,186
218000550,335,349,-14
218000551,200,774,-574
218000552,675,60,615
218000553,92,149,-57
218000554,22,47,-25
218000555,57,62,-5
218000556,192,310,-118
218000557,248,201,47
218000558,105,4,101
218000559,0,57,-57
218000560,1,28,-27
218000561,32,0,32
218000562,28,197,-169
218000563,239,27,212
218000564,14,134,-120
218000565,244,30,214
218000566,589,46,543
218000567,0,106,-106
218000568,37,8,29
218000569,27,157,-130
218000570,249,23,226
218000571,0,157,-157
218000572,197,2,195
218000573,20,185,-165
218000574,236,49,187
218000575,120,0,120
218000576,3,87,-84
218000577,88,4,84
218000578,1,89,-88
218000579,39,16,23
218000581,14,61,-47
218000582,69,1,68
218000583,11,0,11
218000584,1,43,-42
218000585,34,1,33
218000586,6,41,-35
218000587,15,3,12
218000588,0,5,-5
218000589,2,9,-7
218000590,7,0,7
218000591,14,2,12
218000592,91,5,86
218000593,28,2,26
218000594,5,0,5
218000597,3,0,3
218000598,2,0,2
218000599,24,0,24
218000600,23,0,23
218000601,1,0,1
218000602,1,16,-15
218000603,0,6,-6
218000604,48,3,45
218000605,1,95,-94
218000606,373,2,371
218000607,23,38,-15
218000608,47,22,25
218000609,9,46,-37
218000610,65,5,60
218000611,26,5,21
218000612,0,34,-34
218000613,17,1,16
218000614,0,56,-56
218000615,171,3,168
218000616,5,146,-141
218000617,36,1,35
218000618,0,15,-15
218000619,16,28,-12
218000620,4,8,-4
218000621,0,0,0
218000622,0,38,-38
218000623,467,5,462
218000624,24,13,11
218000625,20,0,20
218000626,0,11,-11
218000628,158,55,103
218000631,39,19,20
218000632,5,125,-120
218000633,94,3,91
218000634,20,25,-5
218000635,15,8,7
218000636,1004,1374,-370
218000637,896,542,354
218000638,107,38,69
218000639,12,187,-175
218000640,201,30,171
218000641,120,282,-162
218000652,60,88,-28
218000653,159,67,92
218000663,15,218,-203
218000675,191,51,140
218000676,0,6,-6
218000677,8,1,7
218000680,292,442,-150
218000681,441,161,280
218000691,218,307,-89
218000693,203,196,7
218000703,6,26,-20
218000718,847,929,-82
218000719,1271,528,743
218000720,61,273,-212
218000721,536,29,507
218000725,13,6,7
218001147,4,160,-156
218001214,13,28,-15
218001258,227,6,221
218001329,160,205,-45
218001330,184,99,85
218001351,56,19,37
218001352,13,19,-6
218001353,31,15,16
218001354,13,31,-18
218001355,12,263,-251
218001356,289,19,270
218001357,65,234,-169
218001358,324,25,299
218001361,286,5,281
218001362,1,158,-157
219000001,62,40,22
219000002,71,55,16
219000003,67,28,39
219000004,36,76,-40
219000017,106,20,86
219000020,119,94,25
219000022,138,7,131
219000023,236,8,228
219000029,1,76,-75
219000034,86,30,56
219000039,67,79,-12
219000040,54,37,17
219000041,103,49,54
219000051,0,40,-40
219000052,0,34,-34
219000053,1,145,-144
219000054,27,106,-79
219000055,194,2,192
219000056,18,3,15
219000057,56,3,53
219000062,29,101,-72
219000063,91,7,84
219000064,2,113,-111
219000110,535,43,492
219000111,144,55,89
219000112,178,74,104
219000113,121,57,64
219000114,265,196,69
219000116,78,57,21
219000117,177,63,114
219000118,289,46,243
219000123,205,103,102
219000124,95,51,44
219000125,23,22,1
219000126,126,139,-13
219000127,0,6,-6
219000128,26,107,-81
219000129,28,156,-128
219000130,506,523,-17
219000131,713,967,-254
219000133,90,34,56
219000134,16,10,6
219000135,36,59,-23
219000136,104,217,-113
219000138,93,12,81
219000139,24,64,-40
219000140,80,2,78
219000141,9,126,-117
219000142,22,104,-82
219000143,24,119,-95
219000145,25,47,-22
219000146,6,31,-25
219000147,8,33,-25
219000148,2,29,-27
219000149,6,120,-114
219000150,2,80,-78
219000151,0,40,-40
219000157,210,148,62
219000158,201,218,-17
219000161,119,12,107
219000163,1533,552,981
219000166,166,204,-38
219000167,156,234,-78
219000168,318,146,172
219000174,496,147,349
219000175,64,2,62
219000176,116,9,107
219000177,34,3,31
219000178,44,1,43
219000179,18,3,15
219000180,51,33,18
219000182,170,14,156
219000183,95,25,70
219000184,115,16,99
219000185,1,58,-57
219000186,63,55,8
219000187,39,77,-38
219000189,110,168,-58
219000190,109,210,-101
219000191,1187,1312,-125
219000192,189,160,29
219000193,257,135,122
219000195,3,40,-37
219000196,9,120,-111
219000198,21,128,-107
219000199,56,293,-237
219000200,67,256,-189
219000201,71,194,-123
219000203,71,125,-54
219000204,229,208,21
219000205,96,149,-53
219000207,212,225,-13
219000209,23,97,-74
219000210,49,120,-71
219000213,19,177,-158
219000239,200,326,-126
219000240,253,388,-135
219000241,113,218,-105
219000242,83,149,-66
219000243,121,268,-147
219000244,39,100,-61
219000245,66,111,-45
219000246,103,57,46
219000247,172,35,137
219000248,777,293,484
219000249,205,86,119
219000250,104,127,-23
219000251,529,226,303
219000252,249,172,77
219000253,463,83,380
219000255,185,116,69
219000256,327,62,265
219000257,148,0,148
219000262,171,154,17
219000263,71,172,-101
219000267,6,145,-139
219000268,3,6,-3
219000269,13,4,9
219000270,10,0,10
219000271,128,6,122
219000278,3,10,-7
219000279,1,5,-4
219000283,0,15,-15
219000295,17,113,-96
219000296,57,562,-505
219000297,11,137,-126
219000298,17,187,-170
219000299,461,86,375
219000300,23,220,-197
219000301,261,408,-147
219000302,40,294,-254
219000307,49,29,20
219000308,47,57,-10
219000311,202,60,142
219000312,534,120,414
219000313,348,43,305
219000314,55,502,-447
219000315,304,58,246
219000316,457,59,398
219000317,64,9,55
219000320,1,76,-75
219000321,0,22,-22
219000323,5,64,-59
219000325,1,33,-32
219000326,70,81,-11
219000327,56,36,20
219000328,38,57,-19
219000329,301,124,177
219000330,48,45,3
219000331,56,38,18
219000332,116,54,62
219000333,18,8,10
219000335,60,3,57
219000337,38,0,38
219000338,73,0,73
219000344,50,77,-27
219000345,51,101,-50
219000346,43,103,-60
219000348,120,84,36
219000349,54,174,-120
219000350,78,149,-71
219000351,14,5,9
219000352,320,53,267
219000353,79,50,29
219000354,188,114,74
219000355,159,76,83
219000356,1560,1470,90
219000363,270,65,205
219000364,109,39,70
219000365,128,13,115
219000366,249,329,-80
219000368,472,547,-75
219000370,1224,549,675
219000371,25,32,-7
219000382,27,26,1
219000383,754,983,-229
219000385,592,489,103
219000386,846,1359,-513
219000387,3,17,-14
219000390,9,3,6
219000391,4,17,-13
219000397,59,75,-16
219000398,78,52,26
219000401,10,118,-108
219000402,49,145,-96
219000403,213,398,-185
219000404,28,160,-132
219000407,22,47,-25
219000409,56,57,-1
219000410,98,48,50
219000411,73,13,60
219000446,185,311,-126
219000447,1,24,-23
219000448,22,6,16
219000452,123,65,58
219000453,112,186,-74
219000454,260,262,-2
219000556,253,105,148
219000558,251,211,40
219000590,38,150,-112
219000591,87,67,20
219000592,149,378,-229
219000595,6,28,-22
219000635,191,65,126
219000636,26,123,-97
219000657,31,16,15
219000658,38,74,-36
219000673,0,25,-25
219000676,20,8,12
219000679,90,13,77
219000684,107,0,107
219000685,1,64,-63
219000686,0,1,-1
219000688,0,113,-113
219000689,26,310,-284
219000690,124,24,100
219000691,42,224,-182
219000692,160,27,133
219000693,0,31,-31
219000694,5,0,5
219000695,36,0,36
219000698,43,0,43
219000699,0,23,-23
219000727,2,106,-104
219000728,109,3,106
219000770,63,4,59
219000771,0,28,-28
219000788,544,158,386
219001150,0,29,-29
219001151,0,0,0
219001166,33,22,11
219001167,3,131,-128
219001178,41,0,41
220000001,40,73,-33
220000002,21,120,-99
220000003,899,263,636
220000004,969,493,476
220000005,1574,1655,-81
220000006,416,950,-534
220000007,477,653,-176
220000008,389,1008,-619
220000009,311,452,-141
220000010,235,151,84
220000011,681,3010,-2329
220000012,102,273,-171
220000014,145,51,94
220000015,82,158,-76
220000017,44,212,-168
220000018,3816,2171,1645
220000019,87,273,-186
220000020,369,247,122
220000021,777,168,609
220000022,736,460,276
220000023,341,163,178
220000024,1579,388,1191
220000025,680,823,-143
220000026,323,266,57
220000027,51,114,-63
220000028,60,45,15
220000029,113,189,-76
220000030,247,103,144
220000031,369,406,-37
220000064,25,808,-783
221000046,17,0,17
221000047,0,3,-3
221000048,1,4,-3
221000049,0,10,-10
221000050,29,1,28
221000055,46,38,8
221000057,90,14,76
221000068,247,152,95
221000069,300,93,207
221000070,201,34,167
221000071,56,13,43
221000072,243,24,219
221000073,191,64,127
221000074,0,15,-15
221000075,20,27,-7
221000076,14,35,-21
221000077,17,115,-98
221000081,29,11,18
221000082,53,8,45
221000083,60,7,53
221000084,16,4,12
221000085,37,55,-18
221000086,28,91,-63
221000087,3,150,-147
221000088,12,203,-191
221000089,41,252,-211
221000090,138,446,-308
221000098,119,23,96
221000099,175,8,167
221000100,83,8,75
221000101,244,27,217
221000102,119,16,103
221000109,6,106,-100
221000110,12,103,-91
221000111,30,230,-200
221000112,6,175,-169
221000113,20,212,-192
221000114,13,126,-113
221000120,33,38,-5
221000121,0,35,-35
221000122,44,24,20
221000123,20,19,1
221000124,33,230,-197
221000155,96,9,87
221000156,86,19,67
221000175,38,11,27
221000176,5,0,5
221000182,55,12,43
221000241,832,255,577
221000242,213,513,-300
221000243,526,130,396
221000244,234,579,-345
221000245,141,153,-12
221000246,51,292,-241
221000247,97,178,-81
221000248,105,187,-82
221000267,43,590,-547
221000325,139,51,88
221000331,15,65,-50
221000338,6,19,-13
221000378,171,25,146
221000381,43,69,-26
222000282,20,1,19
222000296,5,17,-12
222000568,278,14,264
222000569,158,34,124
222000570,128,9,119
222000571,172,12,160
222000577,9,170,-161
222000578,35,197,-162
222000579,29,128,-99
222000580,107,840,-733
222000599,2,122,-120
222000600,3,361,-358
222000601,5,1048,-1043
222000603,17,52,-35
222000604,6,62,-56
222000605,20,40,-20
222000606,2,10,-8
222000607,6,8,-2
222000608,32,7,25
222000609,72,232,-160
222000616,286,51,235
222000617,12,21,-9
222000618,18,8,10
222000620,32,15,17
222000621,130,13,117
222000623,540,10,530
222000624,345,2,343
222000625,525,21,504
222000636,55,2,53
222000686,38,10,28
222000687,69,25,44
222001066,261,0,261
222001067,6,5,1
222001068,40,35,5
222001069,21,32,-11
222001082,13,57,-44
222001083,12,64,-52
222001084,0,64,-64
222001085,0,78,-78
222001111,25,131,-106
222001112,79,30,49
222001313,36,10,26
222001314,8,127,-119
222001464,185,55,130
222001465,56,147,-91
222001484,136,70,66
222001485,21,42,-21
222001494,385,159,226
222001495,136,310,-174
222001496,268,132,136
222001497,156,456,-300
222001502,23,91,-68
222001503,115,51,64
222001504,23,291,-268
222001505,249,16,233
222001506,64,355,-291
222001507,269,18,251
222001510,333,43,290
222001511,44,350,-306
222001514,531,209,322
222001515,244,540,-296
222001518,229,78,151
222001519,65,253,-188
222001527,186,53,133
222001528,70,185,-115
222001529,201,54,147
222001530,51,221,-170
222001533,143,268,-125
222001534,267,75,192
222001535,243,299,-56
222001536,113,263,-150
222001537,322,51,271
222001538,70,441,-371
222001563,607,89,518
222001564,67,571,-504
222001568,551,130,421
222001576,3,0,3
222001579,1,7,-6
222001583,10,160,-150
222001584,88,31,57
222001596,692,1130,-438
222001597,1764,279,1485
222001626,2,171,-169
222001650,105,142,-37
222001651,102,138,-36
222001914,203,45,158
222001915,74,222,-148
222001968,512,353,159
222001969,559,692,-133
222001970,174,203,-29
222001971,15,13,2
222001972,3,19,-16
225000001,496,196,300
225000002,561,162,399
225000003,727,98,629
225000004,350,246,104
225000005,110,44,66
225000006,1,191,-190
225000007,1959,1497,462
225000010,326,10,316
225000011,341,834,-493
225000012,150,496,-346
225000013,87,109,-22
225000014,677,80,597
225000015,95,165,-70
225000021,631,216,415
225000027,234,544,-310
225000032,681,137,544
225000042,93,604,-511
225000049,41,77,-36
225000050,79,12,67
225000053,8,341,-333
225000058,603,192,411
225000067,203,148,55
225000068,151,409,-258
225000069,157,499,-342
225000070,96,359,-263
225000071,51,209,-158
225000075,43,1019,-976
225000076,80,108,-28
225000078,62,62,0
225000085,60,170,-110
225000086,191,47,144
225000087,292,18,274
225000088,8,180,-172
225000089,345,925,-580
225000090,31,395,-364
225000091,174,148,26
225000092,52,78,-26
225000093,247,300,-53
225000094,12,303,-291
225000095,330,419,-89
225000096,479,465,14
225000098,567,350,217
225000099,362,205,157
225000100,263,149,114
225000104,118,598,-480
225000110,10,412,-402
225000111,231,995,-764
225000112,417,1265,-848
225000113,213,546,-333
225000114,70,215,-145
225000115,1910,633,1277
225000116,1023,216,807
225000117,910,291,619
225000118,888,214,674
225000119,184,76,108
225000120,716,37,679
225000121,302,35,267
225000123,564,35,529
225000125,416,236,180
225000126,868,180,688
225000127,739,974,-235
225000128,517,663,-146
225000132,292,36,256
225000133,286,38,248
225000134,531,126,405
225000135,57,17,40
225000136,198,18,180
225000137,297,80,217
225000138,365,71,294
225000143,79,238,-159
225000144,0,472,-472
225000145,65,41,24
225000146,63,140,-77
225000147,35,292,-257
225000148,5,212,-207
225000149,95,504,-409
225000151,39,235,-196
225000155,507,537,-30
225000156,178,939,-761
225000157,220,399,-179
225000158,60,270,-210
225000171,7,178,-171
225000180,41,2,39
225000181,0,58,-58
225000182,107,20,87
225000185,3,384,-381
225000187,60,298,-238
225000191,125,3,122
225000194,0,14,-14
225000208,1,32,-31
225000209,70,21,49
225000210,5,199,-194
225000217,1,26,-25
225000218,41,1,40
225000223,3,47,-44
225000224,152,3,149
225000225,1,73,-72
225000226,50,1,49
225000227,52,154,-102
225000228,6,16,-10
225000229,0,101,-101
225000230,67,1,66
225000231,1,94,-93
225000232,237,1,236
225000241,98,3,95
225000242,0,61,-61
225000249,37,0,37
225000250,47,869,-822
225000251,292,31,261
226000042,383,497,-114
226000043,59,345,-286
226000044,166,611,-445
226000045,93,456,-363
226000046,286,99,187
226000047,341,92,249
226000048,348,99,249
226000049,247,161,86
226000070,1,39,-38
226000071,0,65,-65
226000072,0,18,-18
226000073,0,9,-9
226000074,0,14,-14
226000084,2,64,-62
226000085,3,6,-3
226000086,2,18,-16
226000087,26,15,11
226000088,30,19,11
226000090,99,59,40
226000091,22,13,9
226000092,66,2,64
226000093,29,3,26
226000094,24,6,18
226000095,41,23,18
226000105,28,3,25
226000106,6,0,6
226000107,2,0,2
226000108,51,0,51
226000109,103,1,102
226000124,116,68,48
226000134,602,352,250
226000135,1111,449,662
226000136,513,314,199
226000137,16,463,-447
226000138,14,231,-217
226000139,0,24,-24
226000156,107,3,104
226000157,284,10,274
226000163,70,56,14
226000202,19,396,-377
226000231,394,18,376
226000232,52,15,37
227000033,243,76,167
227000036,275,28,247
227000037,266,17,249
227000038,290,62,228
227000049,0,29,-29
227000050,1,29,-28
227000055,76,0,76
227000056,25,0,25
227000084,2,108,-106
227000085,0,45,-45
227000088,36,2,34
227000089,138,2,136
227000090,41,2,39
227000091,17,2,15
227000093,150,1,149
227000094,24,0,24
227000130,47,68,-21
227000131,31,237,-206
227000132,18,217,-199
227000133,27,233,-206
227000134,25,367,-342
227000152,0,6,-6
227000153,1,72,-71
227000155,0,17,-17
227000156,2,19,-17
227000165,3,35,-32
227000196,289,234,55
227000199,325,522,-197
227000230,27,483,-456
227000232,536,18,518
227000242,61,471,-410
227000243,425,73,352
227000245,14,361,-347
227000246,97,572,-475
227000247,328,85,243
227000248,249,33,216
227000249,32,248,-216
227000250,562,142,420
227000251,129,288,-159
227000252,21,385,-364
227000253,104,26,78
227000262,256,23,233
227000266,1032,32,1000
227000267,49,1622,-1573
227000282,9,196,-187
227000284,504,23,481
227000286,2,58,-56
227000287,15,99,-84
227000291,6,560,-554
227000484,359,9,350
227000485,30,932,-902
227000655,133,13,120
227000656,561,13,548
227000657,114,11,103
227000661,424,19,405
227000680,245,50,195
229000265,11,24,-13
229000296,6,13,-7
229000297,3,36,-33
229000298,1,101,-100
229000320,14,12,2
229000321,56,12,44
229000412,11,40,-29
229000414,8,48,-40
229000415,65,9,56
229000416,6,3,3
229000417,0,19,-19
229000419,94,245,-151
229000440,388,67,321
229000442,23,4,19
229000443,3,7,-4
229000444,6,20,-14
229000445,98,19,79
229000446,36,14,22
229000491,2,7,-5
229000492,6,40,-34
229000493,2,42,-40
229000494,26,1,25
229000495,49,6,43
229000496,37,1,36
229000507,0,20,-20
229000508,0,4,-4
229000509,1,17,-16
229000510,1,4,-3
229000511,0,18,-18
229000512,0,12,-12
229000513,1,6,-5
229000514,1,1,0
229000517,1,3,-2
229000518,3,12,-9
229000519,1,4,-3
229000520,7,17,-10
229000521,46,6,40
229000522,5,2,3
229000523,11,1,10
229000524,5,1,4
229000527,1,0,1
229000528,0,0,0
229000529,3,0,3
229000530,16,2,14
229000531,11,0,11
229000532,8,0,8
229000533,26,0,26
229000534,22,0,22
229000564,28,0,28
229000565,5,0,5
229000566,0,1,-1
229000567,0,20,-20
229000582,33,0,33
229000583,0,0,0
229000584,0,7,-7
229000585,0,16,-16
229000718,0,0,0
229000719,0,0,0
229000720,0,1,-1
229000721,0,0,0
229000722,0,2,-2
229000723,0,2,-2
229000724,0,0,0
229000725,0,1,-1
229000738,1,0,1
229000739,1,0,1
229000740,2,0,2
229000741,5,0,5
229000742,2,0,2
229000743,5,0,5
229000744,2,0,2
229000745,0,0,0
229000746,6,0,6
229000847,76,0,76
229000848,41,0,41
229000849,126,1,125
229000851,37,0,37
229000854,0,24,-24
229000856,4,96,-92
229000857,0,52,-52
229000858,0,77,-77
229000919,13,157,-144
229000930,1,287,-286
229000937,102,22,80
229000966,47,25,22
229000981,26,65,-39
229000985,25,30,-5
229000986,1,4,-3
229000987,0,2,-2
229000988,0,6,-6
229000989,10,20,-10
229000990,14,1,13
229000991,0,0,0
229000992,33,5,28
229000993,174,19,155
229000998,9,64,-55
229000999,58,12,46
229001034,0,17,-17
229001035,4,2,2
229001037,46,5,41
229001042,18,12,6
229001047,1,44,-43
229001050,46,65,-19
229001168,0,0,0
229001200,10,3,7
229001338,2,22,-20
229001394,217,3,214
229001422,144,30,114
229001423,36,177,-141
229001431,69,41,28
229001432,54,77,-23
229001444,180,43,137
229001445,27,139,-112
229001479,5,3,2
229001503,212,95,117
229001504,133,191,-58
229001505,109,62,47
229001506,104,151,-47
229001509,47,29,18
229001545,93,5,88
229001546,14,155,-141
229001553,62,17,45
229001554,36,103,-67
229001559,4,16,-12
229001560,15,32,-17
229001630,48,12,36
229001631,13,34,-21
229001635,1,4,-3
229001636,7,1,6
229001658,0,140,-140
229001659,95,3,92
229001660,8,6,2
229001661,23,19,4
229001662,22,1,21
229001663,0,14,-14
229002584,190,170,20
229002831,123,116,7
229002841,5,12,-7
229002842,11,21,-10
229002843,96,18,78
229002844,33,41,-8
229002845,10,52,-42
229002846,34,32,2
229002847,2,12,-10
229002848,14,20,-6
229002849,12,58,-46
229002850,21,3,18
229002851,27,104,-77
229002852,227,21,206
229002853,131,18,113
229002854,31,23,8
229002855,5,15,-10
229002856,28,19,9
229002857,6,65,-59
229002858,23,17,6
229002859,27,26,1
229002860,253,10,243
229002861,105,35,70
229002862,56,24,32
229002863,24,8,16
229002864,57,25,32
229002865,11,10,1
229002866,13,18,-5
229002867,1,31,-30
229002868,15,16,-1
229002869,26,110,-84
229002870,80,17,63
235000066,441,80,361
235000067,103,127,-24
235000072,12,97,-85
235000073,94,372,-278
235000074,55,59,-4
235000080,40,77,-37
235000081,129,136,-7
235000082,228,72,156
235000083,181,103,78
235000084,77,72,5
235000085,137,99,38
235000089,44,31,13
235000092,26,202,-176
235000093,7,7,0
235000097,3,8,-5
235000098,73,22,51
235000099,36,41,-5
235000116,104,23,81
235000117,804,13,791
235000133,7,426,-419
235000134,7,188,-181
235000206,12,7,5
235000207,11,6,5
235000208,11,5,6
235000209,10,4,6
235000210,35,4,31
235000212,5,32,-27
235000213,10,21,-11
235000220,3,5,-2
235000221,68,19,49
235000238,6,76,-70
235000239,2,20,-18
235000242,377,441,-64
235000245,557,190,367
235000246,24,96,-72
235000284,8,126,-118
235000295,211,16,195
235000305,327,20,307
235000306,214,13,201
235000307,26,2,24
235000308,19,2,17
235000309,61,0,61
235000310,22,0,22
235000311,103,36,67
235000322,0,19,-19
235000323,0,49,-49
235000324,0,23,-23
235000325,6,13,-7
235000326,12,222,-210
235000351,4,72,-68
235000352,2,45,-43
235000353,3,22,-19
235000354,8,51,-43
235000355,6,50,-44
235000356,182,14,168
235000357,19,14,5
235000358,140,12,128
235000359,23,5,18
235000360,57,10,47
235000361,57,2,55
235000381,128,213,-85
235000382,179,39,140
235000390,14,1,13
235000391,120,16,104
235000392,193,283,-90
235000393,119,194,-75
235000395,110,40,70
235000396,323,90,233
235000400,65,108,-43
235000401,42,155,-113
235000405,107,267,-160
235000406,33,268,-235
235000407,95,72,23
235000409,293,133,160
235000410,28,247,-219
235000411,2,80,-78
235000485,0,7,-7
235000486,7,0,7
235000549,157,77,80
235000550,98,153,-55
235000599,107,60,47
235000600,12,3,9
235000601,22,33,-11
235000602,103,91,12
235000614,2,6,-4
235000648,1,15,-14
235000649,83,5,78
235000685,1,7,-6
235000815,23,29,-6
235000834,0,15,-15
235000855,65,91,-26
235000862,52,143,-91
235000891,1,5,-4
235000892,20,3,17
235000901,185,71,114
235000907,4,9,-5
235001010,96,80,16
235001029,551,442,109
235001030,419,303,116
235001078,86,111,-25
235001079,43,110,-67
235001147,20,60,-40
235001166,14,73,-59
235001167,44,47,-3
235001169,27,343,-316
235001188,3,10,-7
235001189,4,2,2
235001197,13,34,-21
235001200,43,54,-11
235001207,377,56,321
235001210,96,181,-85
235001215,27,181,-154
235001239,1,70,-69
235001244,0,9,-9
235016267,1,69,-68
277101746,0,0,0
277102712,6,0,6
277103813,0,0,0
277103814,0,0,0
277103898,0,1,-1
277104249,0,3,-3
277104250,0,5,-5
277104251,0,8,-8
277104252,0,1,-1
990011530,0,177,-177
990014944,2,591,-589
990015176,38,1,37
990015618,2,180,-178
990016032,0,385,-385
990032570,0,44,-44
990070001,121,6,115
990070103,0,4,-4
990070601,1,39,-38
990070751,684,4,680
990070766,1,444,-443
990071180,502,210,292
990071343,15,1,14
990071387,0,22,-22
990071823,481,3,478
990072600,3,900,-897
990072964,0,371,-371
990073285,0,1,-1
990074393,0,787,-787
990074870,1304,8,1296
990075106,1648,9,1639
990075746,478,11,467
990076437,994,8,986
990076458,8,856,-848
997000007,829,8,821
997000041,1,148,-147
997000058,38,0,38
997000062,30,1,29
997000069,0,2,-2
997000070,0,28,-28
997000100,27,1,26
997000141,3,792,-789
997000198,730,1220,-490
998000475,0,46,-46
998000736,2,188,-186
998000965,0,9,-9
998001031,0,69,-69
998001700,0,32,-32
998001899,0,2,-2
998001900,18,0,18
998003073,1066,27,1039
998101900,0,0,0
998102850,3,163,-160
998501927,1198,586,612
998501929,102,6,96
998501930,57,0,57
998501931,170,26,144
998501932,16,1,15
998501933,43,2,41
998501937,12,0,12
998501944,4,0,4
998501950,0,4,-4
998501970,75,1,74
998501971,0,90,-90
998501973,1,42,-41
998501974,11,320,-309
998501975,209,5,204
998501976,179,1,178
998501977,0,11,-11
998501978,65,2,63
998501979,0,4,-4
998501980,61,2,59
998501981,26,2,24
998501982,0,87,-87
998501983,0,2,-2
998502006,0,0,0
998502024,1,21,-20
998502032,0,7,-7
998502062,13,0,13
998502063,0,0,0
998502173,83,2,81
998502269,0,2,-2
998502546,0,159,-159
998502578,0,1,-1
998502599,150,311,-161
998601159,0,179,-179
998601292,0,34,-34
999033574,5,431,-426
999800001,44,6,38
999800002,0,4,-4
999800003,0,1,-1
999800004,0,2,-2
999800005,0,2,-2
