ID,insum,outsum,diff
100000001,106,83,23
100000002,1386,2111,-725
100000003,1079,1986,-907
100000004,95,562,-467
100000005,775,1217,-442
100000006,5,9,-4
100000007,111,94,17
100000008,0,1,-1
100000009,0,20,-20
100000010,0,13,-13
100000011,16,17,-1
100000012,0,0,0
100000013,0,0,0
100000014,0,0,0
100000015,112,199,-87
100000016,1,0,1
100000017,0,0,0
100000018,54,41,13
100000019,117,283,-166
100000020,35,261,-226
100000021,3,1,2
100000022,69,176,-107
100000023,17,0,17
100000025,0,3,-3
100000028,6,10,-4
100000029,0,0,0
100000030,0,0,0
100000031,95,461,-366
100000032,118,173,-55
100000033,69,137,-68
100000034,0,0,0
100000035,26,68,-42
100000036,51,52,-1
100000037,30,27,3
100000038,231,75,156
100000039,54,2,52
100000040,1,13,-12
100000041,61,35,26
100000042,78,28,50
100000043,26,37,-11
100000044,0,0,0
100000045,0,0,0
100000046,0,0,0
100000047,0,0,0
100000048,0,0,0
100000049,0,0,0
100000051,0,0,0
100000053,1,0,1
100000054,6,20,-14
100000055,0,0,0
100000056,6,36,-30
100000057,78,42,36
100000058,0,0,0
100000059,2,1,1
100000060,96,41,55
100000061,67,49,18
100000062,104,70,34
100000063,90,40,50
100000064,192,20,172
100000065,34,6,28
100000066,0,6,-6
100000067,4,1,3
100000068,3,14,-11
100000069,3,25,-22
100000072,0,0,0
100000073,0,0,0
100000075,0,0,0
100000076,183,916,-733
100000077,39,47,-8
100000078,6,204,-198
100000079,0,104,-104
100000080,4,58,-54
100000081,0,50,-50
100000102,299,1286,-987
100000103,77,103,-26
100000104,90,94,-4
100000105,0,1,-1
100000106,127,1341,-1214
100000107,18,381,-363
100000108,2,9,-7
100000109,107,34,73
100000116,51,124,-73
100000117,2,74,-72
100000118,296,37,259
100000119,121,28,93
100000121,49,7,42
100000122,77,85,-8
100000123,245,108,137
100000124,79,63,16
100000125,11,43,-32
100000126,10,10,0
100000127,1,1,0
100000128,0,5,-5
100000129,20,29,-9
100000130,0,0,0
100000131,1,1,0
100000132,20,121,-101
100000133,240,111,129
100000135,93,85,8
100000139,113,117,-4
100000140,0,0,0
100000142,82,48,34
100000143,0,0,0
100000144,0,0,0
100000147,326,919,-593
100000150,1,12,-11
100000151,102,490,-388
100000153,0,0,0
100000154,0,0,0
100000155,4,44,-40
100000156,19,128,-109
100000157,290,91,199
100000158,41,79,-38
100000159,7,54,-47
100000165,83,13,70
100000169,0,0,0
100000174,0,0,0
100000179,1,6,-5
100000180,0,0,0
100000181,5,0,5
100000188,0,0,0
100000189,135,25,110
100000190,39,238,-199
100000191,33,234,-201
100000192,2,166,-164
100000193,29,66,-37
100000330,0,0,0
100000355,7,1,6
100000362,132,64,68
100000363,1856,2553,-697
100000364,0,0,0
100000365,2563,1185,1378
100000366,455,272,183
100000367,2151,1661,490
100000368,87,38,49
100000369,29,706,-677
100000370,1,46,-45
100000376,0,1,-1
100000379,105,588,-483
100000380,846,1603,-757
100000384,1188,2154,-966
100000385,87,678,-591
100000386,314,1170,-856
100000387,317,1258,-941
100000388,1286,1101,185
100000389,1297,2073,-776
100000390,538,341,197
100000391,489,1828,-1339
100000392,162,213,-51
100000393,134,638,-504
100000394,108,307,-199
100000395,54,219,-165
100000396,310,290,20
100000397,331,591,-260
100000398,2308,1068,1240
100000413,0,0,0
100900002,0,0,0
100900003,0,0,0
100900004,0,0,0
100900005,0,0,0
100900006,0,0,0
100900007,0,0,0
100900008,0,0,0
100900009,1,0,1
100900010,0,0,0
100900011,0,0,0
100900012,0,0,0
100900013,0,0,0
100900014,0,0,0
100900015,0,0,0
100900016,0,0,0
100900017,0,0,0
100900018,0,0,0
100900019,0,0,0
100900020,0,0,0
100900021,0,0,0
100900022,0,0,0
100900023,0,0,0
100900024,0,0,0
100900025,0,0,0
100900026,0,0,0
100900027,0,0,0
100900028,0,0,0
100900029,0,0,0
100900030,0,0,0
100900031,0,0,0
100900032,0,0,0
100900033,0,0,0
100900034,0,0,0
100900035,0,0,0
100900036,0,0,0
100900037,0,0,0
100900038,0,0,0
100900039,0,0,0
100900040,0,0,0
100900041,0,0,0
100900042,0,2,-2
100900043,0,0,0
100900044,0,0,0
100900045,0,0,0
100900046,0,0,0
100900047,0,0,0
100900048,0,0,0
100900049,0,0,0
100900050,0,0,0
100900051,0,0,0
100900052,0,0,0
100900053,0,0,0
100900054,0,0,0
100900055,0,0,0
100900056,0,0,0
100900057,0,1,-1
100900058,0,0,0
100900059,0,0,0
100900060,0,0,0
100900061,0,0,0
100900062,0,0,0
100900063,0,0,0
100900064,0,0,0
100900065,0,0,0
100900066,0,0,0
100900067,0,0,0
100900068,0,0,0
100900069,0,0,0
100900070,0,0,0
100900071,0,0,0
100900072,0,0,0
100900073,0,0,0
100900074,0,0,0
100900075,0,0,0
100900076,0,0,0
100900077,0,0,0
100900078,0,0,0
100900079,0,0,0
100900080,0,0,0
100900081,0,0,0
100900082,0,0,0
100900083,0,0,0
100900085,0,0,0
100900086,0,0,0
100900088,0,0,0
100900089,0,0,0
100900090,0,0,0
100900091,0,0,0
100900092,0,0,0
100900093,0,0,0
100900094,0,0,0
100900095,0,0,0
100900096,0,0,0
100900097,0,0,0
100900098,0,0,0
100900099,0,0,0
100900100,0,0,0
100900101,0,0,0
100900102,0,0,0
100900103,0,0,0
100900104,0,0,0
100900105,0,0,0
100900106,0,0,0
100900107,0,0,0
100900108,0,0,0
100900109,0,0,0
100900110,0,0,0
100900111,0,0,0
100900112,0,0,0
100900113,0,0,0
100900114,0,0,0
100900115,0,0,0
100900116,0,0,0
100900117,0,0,0
100900118,0,0,0
100900119,0,0,0
100900120,0,0,0
100900121,0,0,0
100900122,0,0,0
100900123,0,0,0
100900124,0,0,0
100900125,0,0,0
100900126,0,0,0
100900127,0,0,0
100900128,0,0,0
100900129,0,0,0
100900131,0,0,0
100900133,0,0,0
100900134,0,0,0
100900135,0,0,0
100900137,0,0,0
100900138,0,0,0
100900139,0,0,0
100900140,0,0,0
100900141,0,0,0
100900142,0,0,0
100900143,0,0,0
100900144,0,0,0
100900145,0,0,0
100900146,0,0,0
100900147,0,0,0
100900148,0,0,0
100900149,0,0,0
100900150,0,0,0
100900151,0,0,0
100900152,0,0,0
100900153,0,0,0
100900154,0,0,0
100900155,0,0,0
100900156,0,0,0
100900157,0,0,0
100900159,0,0,0
100900160,0,0,0
100900161,0,0,0
100900162,0,0,0
100900163,0,0,0
100900164,0,0,0
100900165,0,0,0
100900166,0,0,0
100900167,0,0,0
100900168,0,0,0
100900169,0,0,0
100900170,0,0,0
100900171,0,0,0
100900172,0,0,0
100900173,0,0,0
100900174,0,0,0
100900176,0,0,0
100900177,0,0,0
100900178,0,0,0
100900179,0,0,0
100900180,0,0,0
100900181,0,0,0
100900182,0,0,0
100900184,0,0,0
100900186,0,0,0
100900187,0,0,0
100900188,0,0,0
100900189,0,0,0
100900191,0,0,0
100900192,0,0,0
100900195,0,0,0
100900197,0,0,0
100900198,0,0,0
100900199,0,0,0
100900200,0,0,0
100900201,0,0,0
100900202,0,0,0
100900203,0,0,0
100900204,0,0,0
100900205,0,0,0
100900206,0,0,0
100900207,0,0,0
100900210,0,0,0
100900211,0,0,0
100900213,0,0,0
100900214,0,0,0
100900215,0,0,0
100900217,0,0,0
101000001,114,255,-141
101000002,35,102,-67
101000003,0,58,-58
101000004,1022,1421,-399
101000005,543,973,-430
101000006,341,192,149
101000007,21,352,-331
101000008,219,734,-515
101000009,167,30,137
101000010,45,27,18
101000011,15,51,-36
101000012,0,0,0
101000013,21,117,-96
101000014,18,66,-48
101000015,27,17,10
101000016,0,0,0
101000017,0,0,0
101000018,73,26,47
101000020,93,44,49
101000021,19,80,-61
101000022,0,0,0
101000023,36,211,-175
101000025,0,0,0
101000026,0,0,0
101000027,66,132,-66
101000028,0,0,0
101000029,0,0,0
101000030,0,0,0
101000031,0,39,-39
101000032,513,992,-479
101000033,4,10,-6
101000034,73,104,-31
101000035,0,0,0
101000036,2,44,-42
101000037,79,325,-246
101000039,0,0,0
101000040,30,108,-78
101000041,898,1777,-879
101000042,19,211,-192
101000043,20,172,-152
101000045,44,241,-197
101000046,278,401,-123
101000047,408,294,114
101000048,45,73,-28
101000049,0,2,-2
101000050,58,174,-116
101000051,32,401,-369
101000052,113,579,-466
101000053,179,134,45
101000054,190,66,124
101000055,228,567,-339
101000056,0,0,0
101000057,17,0,17
101000058,86,350,-264
101000059,277,1185,-908
101000060,12,1,11
101000061,55,1011,-956
101000062,11,1,10
101000063,96,520,-424
101000064,9,3,6
101000065,63,328,-265
101000066,68,229,-161
101000067,26,0,26
101000068,62,123,-61
101000069,79,2,77
101000070,129,4,125
101000071,64,63,1
101000072,672,465,207
101000073,197,220,-23
101000074,1073,416,657
101000075,1267,284,983
101000077,367,103,264
101000078,143,48,95
101000079,260,215,45
101000080,31,4,27
101000081,319,73,246
101000082,20,24,-4
101000083,368,146,222
101000084,15,6,9
101000085,386,208,178
101000086,0,0,0
101000087,0,0,0
101000088,328,164,164
101000089,136,95,41
101000090,0,0,0
101000091,20,11,9
101000092,271,28,243
101000093,152,58,94
101000094,8,17,-9
101000095,0,6,-6
101000096,59,29,30
101000097,6,7,-1
101000098,1,8,-7
101000099,41,135,-94
101000100,4,6,-2
101000101,79,46,33
101000102,27,154,-127
101000103,45,95,-50
101000104,29,115,-86
101000105,3,29,-26
101000106,0,0,0
101000107,0,0,0
101000108,0,0,0
101000109,0,0,0
101000110,0,0,0
101000111,0,0,0
101000113,0,0,0
101000114,96,102,-6
101000115,0,0,0
101000116,0,0,0
101000117,0,0,0
101000119,0,0,0
101000120,0,0,0
101000121,0,0,0
101000122,0,0,0
101000123,0,0,0
101000124,0,0,0
101000125,1,1,0
101000128,0,0,0
101000130,26,2,24
101000131,79,25,54
101000132,7,3,4
101000135,0,0,0
101000136,0,0,0
101000137,0,2,-2
101000141,179,1582,-1403
101000147,4,7,-3
101000148,0,0,0
101000149,0,0,0
101000150,0,0,0
101000151,0,0,0
101000152,8,1,7
101000153,22,23,-1
101000154,56,16,40
101000155,0,0,0
101000156,0,0,0
101000157,0,0,0
101000160,0,0,0
101000163,24,122,-98
101000164,0,0,0
101000165,90,97,-7
101000166,28,5,23
101000168,0,0,0
101000252,407,82,325
101000254,0,0,0
101000258,0,0,0
101000261,0,0,0
101000262,174,1968,-1794
101000263,62,248,-186
101000265,0,0,0
101000266,0,0,0
101000269,0,0,0
101000290,89,146,-57
101000293,0,0,0
101000294,30,14,16
101000295,12,16,-4
101000301,13,29,-16
101000304,134,483,-349
101000305,419,311,108
101000328,33,153,-120
101900001,0,0,0
101900002,0,0,0
101900003,0,0,0
101900004,0,0,0
101900005,0,0,0
101900006,0,0,0
101900007,0,0,0
101900008,0,0,0
101900009,0,0,0
101900010,0,0,0
101900011,0,0,0
101900012,0,0,0
101900013,0,0,0
101900017,0,0,0
101900018,0,0,0
101900019,0,0,0
101900020,0,0,0
101900021,0,0,0
101900022,0,0,0
101900023,0,0,0
101900026,0,0,0
101900027,0,0,0
102000001,273,449,-176
102000002,95,60,35
102000003,101,273,-172
102000004,87,368,-281
102000005,62,308,-246
102000006,18,295,-277
102000007,56,403,-347
102000008,302,263,39
102000009,404,573,-169
102000010,277,349,-72
102000011,183,513,-330
102000012,347,315,32
102000018,101,136,-35
102000019,0,0,0
102000026,0,0,0
102000029,0,0,0
102000030,0,0,0
102000031,0,0,0
102000032,0,0,0
102000033,0,0,0
102000034,0,0,0
102000035,0,0,0
102000036,0,0,0
102000037,0,0,0
102000038,0,0,0
102000039,0,0,0
102000040,0,0,0
102000041,0,0,0
102000042,0,0,0
102000043,0,0,0
102000044,0,0,0
102000045,66,48,18
102000046,0,0,0
102000047,29,45,-16
102000048,0,0,0
102000049,0,0,0
102000050,114,56,58
102000051,0,0,0
102000052,106,82,24
102000053,0,0,0
102000054,123,26,97
102000055,61,9,52
102000056,402,40,362
102000057,50,108,-58
102000058,72,4,68
102000059,49,21,28
102000060,521,394,127
102000061,2,3,-1
102000062,203,183,20
102000063,10,6,4
102000064,7,38,-31
102000065,5,2,3
102000066,26,12,14
102000067,26,59,-33
102000068,328,289,39
102000069,0,0,0
102000070,0,0,0
102000071,777,481,296
102000072,266,324,-58
102000073,0,0,0
102000074,0,0,0
102000075,0,0,0
102000076,0,0,0
102000077,0,0,0
102000078,0,0,0
102000079,0,0,0
102000080,0,0,0
102000081,49,4,45
102000082,0,0,0
102000083,0,0,0
102000084,183,37,146
102000085,0,0,0
102000086,141,53,88
102000087,2,6,-4
102000088,26,40,-14
102000089,64,58,6
102000090,71,122,-51
102000091,283,196,87
102000092,84,73,11
102000093,88,122,-34
102000094,77,46,31
102000095,0,0,0
102000096,259,97,162
102000097,0,0,0
102000098,30,37,-7
102000099,19,11,8
102000100,14,30,-16
102000101,0,34,-34
102000102,27,32,-5
102000103,16,23,-7
102000104,0,0,0
102000105,0,0,0
102000106,0,0,0
102000107,0,0,0
102000108,0,0,0
102000109,0,0,0
102000110,0,0,0
102000111,0,0,0
102000112,0,0,0
102000113,0,0,0
102000114,0,0,0
102000115,0,0,0
102000116,0,93,-93
102000117,0,0,0
102000118,37,323,-286
102000119,0,0,0
102000120,0,0,0
102000121,0,0,0
102000122,0,0,0
102000123,0,0,0
102000124,0,0,0
102000125,0,0,0
102000126,0,0,0
102000127,0,0,0
102000128,0,0,0
102000129,0,0,0
102000130,0,0,0
102000131,0,0,0
102000132,0,0,0
102000133,162,25,137
102000134,26,70,-44
102000135,0,0,0
102000136,0,0,0
102000137,0,0,0
102000138,0,0,0
102000139,0,0,0
102000140,0,0,0
102000141,0,0,0
102000142,0,0,0
102000143,0,0,0
102000144,0,0,0
102000145,0,0,0
102000146,0,0,0
102000147,0,0,0
102000148,0,0,0
102000149,0,0,0
102000150,0,0,0
102000151,0,0,0
102000152,0,0,0
102000153,0,0,0
102000154,0,0,0
102000155,0,0,0
102000156,0,0,0
102000157,0,0,0
102000158,0,0,0
102000159,0,0,0
102000161,0,0,0
102000162,0,0,0
102000163,0,1,-1
102000164,0,0,0
102000165,0,0,0
102000166,0,3,-3
102000167,0,0,0
102000168,1,1,0
102000169,1,1,0
102000170,0,0,0
102000171,0,0,0
102000172,0,1,-1
102000173,5,13,-8
102000174,0,0,0
102000175,9,2,7
102000176,1,1,0
102000178,1,0,1
102000179,6,15,-9
102000180,47,6,41
102000181,49,9,40
102000182,19,2,17
102000183,158,83,75
102000184,59,8,51
102000185,273,60,213
102000186,12,6,6
102000187,52,22,30
102000188,170,82,88
102000189,48,9,39
102000190,91,168,-77
102000191,50,20,30
102000192,0,0,0
102000193,0,0,0
102000194,0,0,0
102000195,0,0,0
102000196,0,0,0
102000197,0,0,0
102000198,0,0,0
102000199,0,0,0
102000200,0,0,0
102000201,0,0,0
102000202,0,0,0
102000203,0,0,0
102000204,0,0,0
102000205,0,0,0
102000206,0,0,0
102000207,0,0,0
102000208,0,0,0
102000209,0,0,0
102000210,0,0,0
102000211,0,0,0
102000212,0,0,0
102000213,0,0,0
102000214,0,0,0
102000215,0,0,0
102000216,0,0,0
102000217,0,0,0
102000218,0,0,0
102000219,0,0,0
102000225,151,106,45
102000226,0,0,0
102000227,0,0,0
102000228,0,0,0
102000229,0,0,0
102000230,31,29,2
102000231,0,0,0
102000232,0,0,0
102000233,46,75,-29
102000234,3,212,-209
102000236,0,0,0
102000237,0,0,0
102000238,0,0,0
102000240,0,0,0
102000241,0,0,0
102000243,1,3,-2
102000245,0,0,0
102000246,0,0,0
102000247,8,30,-22
102000248,29,173,-144
102000249,0,0,0
102000250,0,0,0
102000254,10,20,-10
102000266,0,0,0
102000271,0,0,0
102000286,0,1,-1
102000297,0,0,0
102000299,0,0,0
102000301,0,0,0
102000303,0,0,0
102000305,0,0,0
102000307,0,0,0
102900001,0,0,0
102900002,0,0,0
102900003,0,0,0
102900005,0,0,0
102900006,0,0,0
102900007,0,0,0
102900008,0,0,0
102900009,0,0,0
102900010,0,0,0
102900011,0,0,0
102900012,0,0,0
102900013,0,0,0
102900015,0,0,0
102900016,0,0,0
102900017,0,0,0
102900018,0,0,0
102900019,0,0,0
102900020,0,0,0
102900021,0,0,0
102900022,0,0,0
102900023,0,0,0
102900024,0,0,0
102900025,0,0,0
102900026,0,0,0
102900027,0,0,0
102900028,0,0,0
102900029,0,0,0
102900030,0,0,0
102900031,0,0,0
102900032,0,0,0
102900033,0,0,0
102900034,0,0,0
102900035,0,0,0
102900036,0,0,0
102900037,0,0,0
102900038,0,0,0
102900039,0,0,0
102900040,0,0,0
102900041,0,0,0
102900042,0,0,0
102900043,0,0,0
102900044,0,0,0
102900045,0,0,0
102900046,0,0,0
102900047,0,0,0
102900048,0,0,0
102900049,0,0,0
102900050,0,0,0
102900051,0,0,0
102900053,0,0,0
102900054,0,0,0
102900055,0,0,0
102900056,0,0,0
102900057,0,0,0
102900058,0,0,0
102900059,0,0,0
102900060,0,0,0
102900061,0,0,0
102900062,0,0,0
102900063,0,0,0
102900064,0,0,0
102900065,0,0,0
102900066,0,0,0
102900068,0,0,0
102900070,0,0,0
102900072,0,0,0
102900073,0,0,0
102900075,0,0,0
102900076,0,0,0
102900077,0,0,0
102900078,0,0,0
102900079,0,0,0
102900080,0,0,0
102900081,0,0,0
102900082,0,0,0
102900083,0,0,0
102900084,0,0,0
102900085,0,0,0
102900086,0,0,0
102900087,0,0,0
102900088,0,0,0
102900089,0,0,0
102900090,0,0,0
102900091,0,0,0
102900092,0,0,0
102900094,0,0,0
102900095,0,0,0
102900096,0,0,0
102900097,0,0,0
103000001,135,146,-11
103000002,58,77,-19
103000003,108,174,-66
103000004,7,31,-24
103000005,490,222,268
103000006,157,139,18
103000007,10,8,2
103000008,0,0,0
103000009,100,106,-6
103000010,0,0,0
103000011,14,38,-24
103000012,391,368,23
103000013,154,14,140
103000014,307,695,-388
103000015,0,0,0
103000016,83,66,17
103000017,75,41,34
103000018,0,0,0
103000019,85,85,0
103000020,6,100,-94
103000021,869,616,253
103000022,9,36,-27
103000023,313,717,-404
103000024,0,0,0
103000025,5,122,-117
103000026,0,0,0
103000027,28,42,-14
103000028,14,58,-44
103000029,40,65,-25
103000030,8,47,-39
103000031,127,311,-184
103000032,160,171,-11
103000033,1683,754,929
103000034,10,23,-13
103000035,44,202,-158
103000036,12,150,-138
103000037,20,9,11
103000038,180,249,-69
103000039,8,20,-12
103000040,14,55,-41
103000041,158,186,-28
103000042,20,9,11
103000043,78,98,-20
103000044,0,0,0
103000046,0,0,0
103000047,0,0,0
103000048,0,0,0
103000049,0,0,0
103000050,0,0,0
103000051,0,0,0
103000052,0,0,0
103000053,0,0,0
103000054,321,9,312
103000055,413,56,357
103000056,39,23,16
103000057,230,187,43
103000058,162,18,144
103000059,46,43,3
103000060,130,15,115
103000061,83,67,16
103000062,0,0,0
103000063,129,98,31
103000064,0,0,0
103000065,0,0,0
103000066,0,0,0
103000069,0,0,0
103000070,0,0,0
103000071,58,33,25
103000072,0,0,0
103000073,69,6,63
103000074,92,6,86
103000075,0,0,0
103000076,16,62,-46
103000077,0,0,0
103000078,94,60,34
103000079,26,27,-1
103000080,145,28,117
103000081,2,140,-138
103000082,112,18,94
103000083,0,0,0
103000084,13,1,12
103000085,0,0,0
103000086,144,144,0
103000087,56,118,-62
103000088,0,0,0
103000089,50,97,-47
103000090,612,338,274
103000091,61,105,-44
103000092,272,17,255
103000093,0,0,0
103000094,93,9,84
103000095,0,0,0
103000096,155,11,144
103000097,0,0,0
103000098,256,34,222
103000099,0,0,0
103000100,0,0,0
103000101,121,10,111
103000102,0,0,0
103000103,105,15,90
103000104,3,0,3
103000105,12,6,6
103000106,1,1,0
103000107,56,42,14
103000108,96,34,62
103000109,35,15,20
103000110,60,74,-14
103000111,0,0,0
103000112,35,31,4
103000113,0,0,0
103000114,325,103,222
103000115,75,33,42
103000116,58,24,34
103000117,69,6,63
103000118,0,0,0
103000119,0,0,0
103000120,0,0,0
103000121,12,16,-4
103000122,281,1042,-761
103000125,0,25,-25
103000126,89,1,88
103000127,0,11,-11
103000128,1,0,1
103000129,0,5,-5
103000130,32,0,32
103000131,5,44,-39
103000132,0,8,-8
103000133,1,16,-15
103000134,163,53,110
103000135,94,27,67
103000136,265,60,205
103000137,8,115,-107
103000138,60,224,-164
103000139,0,0,0
103000140,13,20,-7
103000141,0,0,0
103000142,31,9,22
103000143,0,0,0
103000144,42,14,28
103000145,0,4,-4
103000150,0,0,0
103000152,0,0,0
103000153,54,64,-10
103000156,0,12,-12
103000157,13,0,13
103000159,0,0,0
103000162,1,1,0
103000163,0,44,-44
103000164,0,0,0
103000165,0,0,0
103000166,51,66,-15
103000167,21,13,8
103000168,0,0,0
103000169,45,11,34
103000170,369,301,68
103000171,0,1,-1
103000172,109,19,90
103000173,0,0,0
103000174,140,18,122
103000175,0,0,0
103000176,13,14,-1
103000177,0,0,0
103000178,0,0,0
103000179,0,0,0
103000183,65,0,65
103000185,17,3,14
103000186,30,5,25
103000187,0,0,0
103000188,0,0,0
103000189,0,0,0
103000191,0,2,-2
103000292,2,38,-36
103000293,27,172,-145
103000295,73,5,68
103000296,14,1,13
103000297,1,1,0
103000504,0,0,0
103000505,1,1,0
103000506,0,0,0
103000507,0,0,0
103000508,0,0,0
103000509,0,0,0
103900001,0,0,0
103900002,0,0,0
103900003,0,0,0
103900004,0,0,0
103900005,0,0,0
103900006,0,0,0
103900007,0,0,0
103900008,0,0,0
103900010,0,0,0
103900012,0,0,0
103900014,0,0,0
103900015,0,0,0
103900017,0,0,0
103900018,0,0,0
103900019,0,0,0
103900020,0,0,0
103900021,0,0,0
103900022,0,0,0
103900023,0,0,0
103900024,0,0,0
103900025,0,0,0
103900026,0,0,0
103900027,0,0,0
103900028,0,0,0
103900029,0,0,0
103900030,0,0,0
103900031,0,0,0
103900032,0,0,0
103900033,0,0,0
103900034,0,0,0
103900035,0,0,0
103900036,0,0,0
103900037,0,0,0
103900038,0,0,0
103900039,0,0,0
103900040,0,0,0
103900041,0,0,0
103900042,0,0,0
103900043,0,0,0
103900044,0,0,0
103900045,0,0,0
103900047,0,0,0
103900048,0,0,0
103900049,0,0,0
103900050,0,0,0
103900051,0,0,0
103900053,0,0,0
103900054,0,0,0
103900055,0,0,0
103900056,0,0,0
103900057,0,0,0
103900058,0,0,0
103900059,0,0,0
103900060,0,0,0
103900061,0,0,0
103900062,0,0,0
103900063,0,0,0
103900064,0,0,0
103900065,0,0,0
103900066,0,0,0
103900067,0,0,0
103900068,0,0,0
103900069,0,0,0
103900070,0,0,0
103900071,0,0,0
103900072,0,0,0
103900073,0,0,0
103900074,0,0,0
103900075,0,0,0
103900076,0,0,0
103900077,0,0,0
103900078,0,0,0
103900079,0,0,0
103900080,0,0,0
103900081,0,0,0
103900082,0,0,0
103900083,0,0,0
103900084,0,0,0
103900085,0,0,0
103900086,0,0,0
103900088,0,0,0
103900089,0,0,0
103900090,0,0,0
103900091,0,0,0
103900092,0,0,0
103900093,0,0,0
103900094,0,0,0
103900095,0,0,0
103900096,0,0,0
103900097,0,0,0
103900098,0,0,0
103900099,0,0,0
103900100,0,0,0
103900101,0,0,0
103900102,0,0,0
103900104,0,0,0
103900105,0,0,0
103900106,0,0,0
103900107,0,0,0
103900108,0,0,0
103900109,0,0,0
103900110,0,0,0
103900111,0,0,0
103900112,0,0,0
103900113,0,0,0
103900114,0,0,0
103900115,0,0,0
103900116,0,0,0
103900117,0,0,0
103900119,0,0,0
103900120,0,0,0
103900122,0,0,0
103900123,0,0,0
103900124,0,0,0
103900125,0,0,0
103900126,0,0,0
103900127,0,0,0
103900128,0,0,0
103900131,0,0,0
103900133,0,0,0
103900134,0,0,0
103900135,0,0,0
103900137,0,0,0
103900138,0,0,0
103900139,0,0,0
103900140,0,0,0
103900141,0,0,0
103900142,0,0,0
103900143,0,0,0
103900144,0,0,0
103900145,0,0,0
103900146,0,0,0
103900147,0,0,0
103900148,0,0,0
103900149,0,0,0
103900150,0,0,0
103900151,0,0,0
103900152,0,0,0
103900153,0,0,0
103900154,0,0,0
103900155,0,0,0
103900156,0,0,0
103900157,0,0,0
103900158,0,0,0
103900159,0,0,0
103900160,0,0,0
103900161,0,0,0
103900162,0,0,0
103900163,0,0,0
103900167,0,0,0
103900168,0,0,0
103900169,0,0,0
103900170,0,0,0
103900171,0,0,0
103900172,0,0,0
103900173,0,0,0
103900174,0,0,0
103900175,0,0,0
103900176,0,0,0
103900177,0,0,0
103900178,0,0,0
103900179,0,0,0
103900180,0,0,0
103900181,0,0,0
103900182,0,0,0
103900184,0,0,0
103900185,0,0,0
103900187,0,0,0
103900188,0,0,0
103900189,0,0,0
103900190,0,0,0
103900191,0,0,0
103900192,0,0,0
103900193,0,0,0
103900194,0,0,0
103900195,0,0,0
103900196,0,0,0
103900197,0,0,0
103900198,0,0,0
103900199,0,0,0
103900200,0,0,0
103900201,0,0,0
103900202,0,0,0
103900203,0,0,0
103900204,0,0,0
103900207,0,0,0
103900208,0,0,0
103900209,0,0,0
103900210,0,0,0
103900211,0,0,0
103900212,0,0,0
103900213,4,80,-76
103900214,7,83,-76
103900215,39,58,-19
103900216,0,0,0
103900217,0,0,0
103900218,0,0,0
103900219,0,0,0
103900233,0,0,0
103900235,0,0,0
103900236,0,0,0
103900242,0,0,0
103900243,0,0,0
103900244,0,0,0
103900245,0,0,0
103900246,0,0,0
103900247,0,0,0
103900248,0,0,0
103900249,0,0,0
103900250,0,0,0
103900251,0,0,0
103900253,0,0,0
103900254,0,0,0
103900255,0,0,0
103900256,0,0,0
103900257,0,0,0
103900258,0,0,0
103900259,0,0,0
103900261,0,0,0
103900262,0,0,0
103900263,0,0,0
103900264,0,0,0
103900265,0,0,0
103900266,0,0,0
103900267,0,0,0
103900268,0,0,0
103900269,0,0,0
103900270,0,0,0
103900271,0,0,0
103900272,0,0,0
103900273,0,0,0
103900274,0,0,0
103900275,0,0,0
103900276,0,0,0
103900277,0,0,0
103900278,0,0,0
103900279,0,0,0
103900280,0,0,0
104000001,550,268,282
104000002,57,149,-92
104000003,721,311,410
104000004,608,329,279
104000005,537,599,-62
104000006,917,366,551
104000007,890,154,736
104000008,93,63,30
104000009,144,54,90
104000010,84,59,25
104000011,0,0,0
104000012,0,0,0
104000013,172,69,103
104000014,0,0,0
104000015,146,26,120
104000016,0,0,0
104000018,192,96,96
104000019,220,130,90
104000020,66,84,-18
104000021,44,57,-13
104000022,6,11,-5
104000023,238,10,228
104000024,0,0,0
104000026,0,0,0
104000027,13,12,1
104000028,173,57,116
104000029,25,41,-16
104000030,251,103,148
104000031,139,40,99
104000032,0,0,0
104000033,278,16,262
104000034,0,0,0
104000035,383,40,343
104000036,353,123,230
104000037,0,0,0
104000038,170,68,102
104000039,30,29,1
104000040,23,47,-24
104000041,62,31,31
104000042,51,38,13
104000043,62,14,48
104000044,110,17,93
104000045,100,17,83
104000046,104,76,28
104000047,36,253,-217
104000048,110,332,-222
104000049,3,2,1
104000050,2,5,-3
104000051,0,0,0
104000052,250,144,106
104000053,128,69,59
104000054,5,1,4
104000055,398,162,236
104000056,65,0,65
104000057,0,0,0
104000058,230,58,172
104000059,96,174,-78
104000060,199,78,121
104000061,116,42,74
104000062,43,5,38
104000064,0,0,0
104000065,0,7,-7
104000069,0,0,0
104000070,0,0,0
104000071,0,0,0
104000072,23,18,5
104000075,0,0,0
104000076,0,0,0
104000082,169,251,-82
104000083,28,9,19
104000084,2,28,-26
104000085,20,11,9
104000086,3,25,-22
104000087,4,1,3
104000090,0,0,0
104000092,0,0,0
104000094,0,0,0
104000095,25,302,-277
104000096,267,0,267
104000097,588,51,537
104000098,973,42,931
104000100,1085,122,963
104000101,152,199,-47
104000106,12,14,-2
104000107,183,12,171
104000108,96,1,95
104000109,61,10,51
104000110,29,10,19
104000111,77,26,51
104000112,7,15,-8
104000116,0,0,0
104000117,94,13,81
104000118,56,0,56
104000119,31,17,14
104000120,5,19,-14
104000121,0,19,-19
104000122,247,41,206
104000123,56,123,-67
104000124,240,472,-232
104000125,80,26,54
104000126,194,82,112
104000127,119,378,-259
104000128,235,13,222
104000129,144,0,144
104000130,2,2,0
104000131,0,0,0
104000132,0,0,0
104000133,30,16,14
104000134,114,81,33
104000135,46,242,-196
104000136,339,226,113
104000137,311,77,234
104000138,0,0,0
104000139,541,392,149
104000141,125,182,-57
104000142,0,0,0
104000143,0,0,0
104000144,0,0,0
104000145,234,39,195
104000146,0,0,0
104000147,0,0,0
104000148,44,41,3
104000149,0,0,0
104000150,252,92,160
104000151,0,0,0
104000152,0,0,0
104000153,155,86,69
104000154,0,0,0
104000155,137,90,47
104000157,57,3,54
104000158,5,18,-13
104000159,12,11,1
104000160,126,53,73
104000161,17,17,0
104000162,55,72,-17
104000165,182,338,-156
104000167,199,218,-19
104000168,50,0,50
104000169,83,3,80
104000170,0,0,0
104000248,0,0,0
104000251,0,0,0
104000272,0,0,0
104000273,0,0,0
104000274,0,0,0
104000275,0,0,0
104000279,30,130,-100
104000290,0,0,0
104000291,154,219,-65
104000293,86,104,-18
104000294,0,0,0
104000295,39,34,5
104000296,248,117,131
104000297,47,74,-27
104000298,326,73,253
104000299,174,122,52
104000302,0,0,0
104000303,0,0,0
104900001,0,0,0
104900002,0,0,0
104900003,0,0,0
104900004,0,0,0
104900005,0,0,0
104900006,0,0,0
104900007,0,0,0
104900009,0,0,0
104900010,0,0,0
104900011,0,0,0
104900012,0,0,0
104900013,0,0,0
104900014,0,0,0
104900015,0,0,0
104900016,0,0,0
104900017,0,0,0
104900018,0,0,0
104900019,0,0,0
104900020,0,0,0
104900021,0,0,0
104900022,0,0,0
104900023,0,0,0
104900024,0,0,0
104900025,0,0,0
104900026,0,0,0
104900027,0,0,0
104900028,0,0,0
104900029,0,0,0
104900030,0,0,0
104900031,0,0,0
104900032,0,0,0
104900033,0,0,0
104900034,0,0,0
104900035,0,0,0
104900036,0,0,0
104900037,0,0,0
104900038,0,0,0
104900039,0,0,0
104900040,0,0,0
104900041,0,0,0
104900042,0,0,0
104900043,0,0,0
104900044,0,0,0
104900045,0,0,0
104900046,0,0,0
104900047,0,0,0
104900048,0,0,0
104900049,0,0,0
104900050,0,0,0
104900051,0,0,0
104900052,0,0,0
104900053,0,0,0
104900054,0,0,0
104900055,0,0,0
104900056,0,0,0
104900057,0,0,0
104900058,0,0,0
104900059,0,0,0
104900061,0,0,0
104900063,0,0,0
104900064,0,0,0
104900065,0,0,0
104900066,0,0,0
104900067,0,0,0
104900068,0,0,0
104900070,0,0,0
104900071,0,0,0
104900072,0,0,0
104900073,0,0,0
104900074,0,0,0
104900075,0,0,0
104900076,0,0,0
104900077,0,0,0
104900078,0,0,0
104900079,0,0,0
104900080,0,0,0
104900082,0,0,0
104900085,0,0,0
104900089,0,0,0
104900091,0,0,0
104900093,0,0,0
104900097,0,0,0
104900098,0,0,0
104900099,0,0,0
104900100,0,0,0
104900102,0,0,0
104900103,0,0,0
104900106,0,0,0
104900107,0,0,0
104900108,0,0,0
104900109,0,0,0
104900110,0,0,0
104900111,0,0,0
104900112,0,0,0
104900113,0,0,0
104900114,0,0,0
104900115,0,0,0
104900116,0,0,0
104900118,0,0,0
104900119,0,0,0
104900120,0,0,0
104900121,0,0,0
104900122,0,0,0
104900123,0,0,0
104900124,0,0,0
104900125,0,0,0
104900126,0,0,0
104900127,0,0,0
104900128,0,0,0
104900129,0,0,0
105000001,730,160,570
105000002,201,212,-11
105000003,390,244,146
105000004,30,69,-39
105000005,81,228,-147
105000006,109,291,-182
105000007,55,158,-103
105000008,4,334,-330
105000009,1637,939,698
105000010,41,101,-60
105000011,717,873,-156
105000012,36,47,-11
105000013,246,546,-300
105000014,2152,1044,1108
105000015,1460,2356,-896
105000016,104,137,-33
105000017,62,30,32
105000018,35,126,-91
105000019,0,0,0
105000020,0,0,0
105000021,0,0,0
105000022,8,7,1
105000023,0,0,0
105000028,0,0,0
105000029,0,10,-10
105000030,180,148,32
105000031,0,0,0
105000033,37,65,-28
105000034,0,0,0
105000037,0,0,0
105000038,227,296,-69
105000039,100,113,-13
105000040,204,392,-188
105000041,10,87,-77
105000042,879,324,555
105000043,35,38,-3
105000044,173,77,96
105000045,3,39,-36
105000046,283,32,251
105000047,5,36,-31
105000048,422,260,162
105000049,2,1,1
105000050,370,191,179
105000051,0,0,0
105000052,54,86,-32
105000053,0,3,-3
105000054,81,59,22
105000055,0,0,0
105000056,370,198,172
105000057,24,2,22
105000058,18,23,-5
105000059,400,205,195
105000060,12,0,12
105000061,417,84,333
105000062,0,1,-1
105000063,0,0,0
105000064,449,77,372
105000065,0,0,0
105000066,29,1,28
105000067,359,161,198
105000068,7,57,-50
105000069,58,75,-17
105000070,48,30,18
105000071,203,205,-2
105000072,356,120,236
105000073,189,82,107
105000074,0,0,0
105000075,8,16,-8
105000076,29,23,6
105000077,152,13,139
105000078,14,79,-65
105000079,0,19,-19
105000080,398,524,-126
105000081,18,8,10
105000082,238,583,-345
105000083,865,704,161
105000084,0,0,0
105000085,602,756,-154
105000086,0,0,0
105000087,0,0,0
105000088,325,414,-89
105000089,86,85,1
105000090,36,44,-8
105000091,0,0,0
105000092,0,0,0
105000093,2,0,2
105000094,7,2,5
105000095,0,3,-3
105000096,159,161,-2
105000097,0,0,0
105000098,144,99,45
105000099,0,0,0
105000100,0,0,0
105000101,174,51,123
105000102,0,0,0
105000103,175,74,101
105000104,2,0,2
105000105,189,37,152
105000106,34,5,29
105000107,3,0,3
105000108,4,4,0
105000109,26,1,25
105000110,5,1,4
105000111,25,4,21
105000112,66,28,38
105000113,18,3,15
105000114,27,74,-47
105000115,0,1,-1
105000116,111,22,89
105000117,0,0,0
105000118,27,23,4
105000119,0,0,0
105000120,255,42,213
105000121,0,0,0
105000122,43,6,37
105000123,164,4,160
105000124,110,66,44
105000125,146,21,125
105000126,47,78,-31
105000127,125,39,86
105000128,31,9,22
105000129,55,37,18
105000130,22,477,-455
105000131,0,0,0
105000132,141,106,35
105000133,0,0,0
105000134,240,35,205
105000135,0,0,0
105000136,0,0,0
105000137,243,13,230
105000138,0,0,0
105000139,0,0,0
105000140,325,31,294
105000141,0,0,0
105000142,131,19,112
105000143,0,0,0
105000144,0,0,0
105000145,236,64,172
105000146,0,0,0
105000147,312,61,251
105000148,272,56,216
105000149,501,221,280
105000150,0,0,0
105000151,0,0,0
105000152,0,0,0
105000153,0,0,0
105000154,1,0,1
105000155,0,0,0
105000156,4,1,3
105000157,14,5,9
105000158,44,13,31
105000159,12,6,6
105000160,45,56,-11
105000161,66,7,59
105000162,20,28,-8
105000163,40,10,30
105000164,3,8,-5
105000165,20,57,-37
105000166,8,68,-60
105000167,46,157,-111
105000168,173,94,79
105000169,41,13,28
105000170,0,0,0
105000171,0,0,0
105000172,1,0,1
105000173,12,0,12
105000174,0,0,0
105000175,0,0,0
105000176,1,1,0
105000177,29,37,-8
105000178,2,0,2
105000179,18,3,15
105000180,0,0,0
105000181,0,0,0
105000182,0,0,0
105000183,0,0,0
105000184,0,0,0
105000185,85,255,-170
105000186,0,0,0
105000187,90,49,41
105000188,3,75,-72
105000189,0,0,0
105000190,137,59,78
105000191,6,2,4
105000192,131,33,98
105000193,0,17,-17
105000194,118,18,100
105000195,0,20,-20
105000196,10,80,-70
105000197,4,1,3
105000198,0,0,0
105000199,13,56,-43
105000200,7,96,-89
105000201,15,0,15
105000203,1,1,0
105000204,3,13,-10
105000205,0,0,0
105000207,0,0,0
105000208,12,122,-110
105000209,0,0,0
105000211,0,0,0
105000212,66,6,60
105000213,92,21,71
105000214,23,8,15
105000215,110,97,13
105000216,10,1,9
105000217,0,0,0
105000218,147,39,108
105000221,13,0,13
105000222,100,0,100
105000223,36,1,35
105000226,0,2,-2
105000227,15,1,14
105000228,0,7,-7
105000229,38,271,-233
105000231,173,54,119
105000233,306,362,-56
105000234,50,217,-167
105000235,224,114,110
105000237,66,2,64
105000243,0,0,0
105000248,0,0,0
105000262,0,0,0
105000269,0,0,0
105000270,82,3,79
105000271,0,0,0
105000282,5,1,4
105000287,0,0,0
105000288,0,22,-22
105000289,263,421,-158
105000290,0,0,0
105000402,21,77,-56
105000426,0,1,-1
105000438,55,177,-122
105000440,0,0,0
105000446,342,407,-65
105000447,102,32,70
105000454,0,0,0
105000455,0,0,0
105000474,14,14,0
105000477,0,0,0
105000478,343,1268,-925
105000479,0,0,0
105000480,1658,1521,137
105000481,788,418,370
105000482,125,271,-146
105000483,249,813,-564
105000484,104,341,-237
105000485,244,967,-723
105000486,211,277,-66
105000488,77,193,-116
105000489,298,61,237
105000549,0,38,-38
105000550,0,0,0
105000551,6,23,-17
105000552,184,67,117
105000555,299,295,4
105000556,0,0,0
105000557,0,0,0
105900001,0,0,0
105900002,0,0,0
105900003,0,0,0
105900004,0,0,0
105900005,0,0,0
105900006,0,0,0
105900007,0,0,0
105900008,0,0,0
105900009,0,0,0
105900011,0,0,0
105900012,0,0,0
105900013,0,0,0
105900014,0,0,0
105900015,0,0,0
105900016,0,0,0
105900017,0,0,0
105900018,0,0,0
105900019,0,0,0
105900020,0,0,0
105900021,0,0,0
105900022,0,0,0
105900023,0,0,0
105900024,0,0,0
105900025,0,0,0
105900026,0,0,0
105900027,0,0,0
105900028,0,0,0
105900029,0,0,0
105900030,0,0,0
105900031,0,0,0
105900032,0,0,0
105900033,0,0,0
105900034,0,0,0
105900035,0,0,0
105900036,0,0,0
105900037,0,0,0
105900038,0,0,0
105900039,0,0,0
105900040,0,0,0
105900041,0,0,0
105900042,0,0,0
105900043,0,0,0
105900044,0,0,0
105900045,0,0,0
105900046,0,0,0
105900047,0,0,0
105900048,26,2,24
105900050,0,0,0
105900051,0,0,0
105900052,0,0,0
105900053,0,0,0
105900054,0,0,0
105900056,0,0,0
105900057,0,0,0
105900058,0,0,0
105900059,0,0,0
106000001,606,377,229
106000002,2,144,-142
106000003,1121,755,366
106000004,66,237,-171
106000005,2002,1290,712
106000006,50,281,-231
106000007,735,79,656
106000008,57,100,-43
106000009,560,178,382
106000010,38,81,-43
106000011,583,462,121
106000012,41,32,9
106000013,1077,417,660
106000014,36,81,-45
106000015,1240,463,777
106000016,95,101,-6
106000017,614,133,481
106000018,108,131,-23
106000019,199,140,59
106000020,9,45,-36
106000021,245,89,156
106000022,65,47,18
106000023,456,50,406
106000024,17,52,-35
106000025,191,115,76
106000026,14,58,-44
106000027,867,558,309
106000028,4,36,-32
106000029,39,38,1
106000030,0,0,0
106000034,0,0,0
106000035,218,281,-63
106000036,0,0,0
106000037,0,0,0
106000038,0,0,0
106000039,0,0,0
106000040,0,0,0
106000041,231,52,179
106000043,83,23,60
106000046,0,0,0
106000047,0,0,0
106000049,194,7,187
106000050,0,0,0
106000051,104,88,16
106000052,0,0,0
106000053,237,29,208
106000054,0,0,0
106000055,158,17,141
106000056,0,0,0
106000057,185,58,127
106000058,0,0,0
106000059,217,92,125
106000060,0,0,0
106000061,9,113,-104
106000062,0,0,0
106000063,481,152,329
106000064,0,0,0
106000065,138,6,132
106000066,25,12,13
106000067,140,4,136
106000068,0,1,-1
106000069,57,1,56
106000070,15,5,10
106000071,197,18,179
106000072,204,171,33
106000073,448,81,367
106000074,176,161,15
106000075,124,156,-32
106000076,643,120,523
106000077,560,44,516
106000078,226,68,158
106000079,395,47,348
106000080,323,34,289
106000081,565,46,519
106000082,439,5,434
106000083,358,179,179
106000084,352,12,340
106000085,581,172,409
106000086,534,59,475
106000087,249,32,217
106000088,184,56,128
106000089,424,20,404
106000090,367,87,280
106000091,4,0,4
106000092,137,44,93
106000093,215,5,210
106000094,0,0,0
106000095,198,24,174
106000096,270,24,246
106000097,255,25,230
106000098,322,12,310
106000099,14,11,3
106000100,441,4,437
106000101,294,3,291
106000102,6,14,-8
106000103,0,65,-65
106000104,111,23,88
106000105,4,62,-58
106000106,130,10,120
106000107,16,86,-70
106000108,57,2,55
106000109,1,82,-81
106000110,81,18,63
106000111,0,50,-50
106000112,78,23,55
106000113,14,63,-49
106000114,17,10,7
106000115,18,50,-32
106000116,49,53,-4
106000117,0,0,0
106000118,226,66,160
106000119,0,0,0
106000120,326,137,189
106000121,17,10,7
106000122,0,0,0
106000123,21,8,13
106000124,0,0,0
106000125,0,0,0
106000126,37,2,35
106000127,0,0,0
106000128,111,13,98
106000129,0,0,0
106000130,246,32,214
106000131,0,0,0
106000132,243,10,233
106000133,0,0,0
106000134,255,76,179
106000135,0,0,0
106000136,393,61,332
106000137,0,0,0
106000138,262,3,259
106000139,92,19,73
106000140,0,0,0
106000141,0,0,0
106000142,69,24,45
106000143,0,0,0
106000144,131,23,108
106000145,0,0,0
106000146,312,103,209
106000147,65,4,61
106000148,49,54,-5
106000149,225,44,181
106000150,93,85,8
106000151,251,87,164
106000152,140,97,43
106000153,7,5,2
106000154,36,1,35
106000155,6,26,-20
106000156,214,14,200
106000157,106,85,21
106000158,616,105,511
106000159,182,80,102
106000160,175,174,1
106000161,69,2,67
106000162,193,37,156
106000163,38,8,30
106000164,178,12,166
106000165,43,31,12
106000166,276,7,269
106000167,68,15,53
106000168,183,10,173
106000169,33,37,-4
106000170,152,25,127
106000171,18,109,-91
106000172,332,37,295
106000173,118,152,-34
106000174,227,1,226
106000175,87,10,77
106000176,314,42,272
106000177,0,0,0
106000178,257,37,220
106000179,0,0,0
106000180,141,29,112
106000181,40,66,-26
106000182,545,22,523
106000183,481,66,415
106000184,303,54,249
106000185,35,31,4
106000186,85,3,82
106000187,3,7,-4
106000188,0,0,0
106000189,0,1,-1
106000190,0,0,0
106000191,114,7,107
106000192,0,0,0
106000193,68,36,32
106000194,3,12,-9
106000195,48,4,44
106000196,11,33,-22
106000197,121,2,119
106000198,1,25,-24
106000199,117,8,109
106000200,6,97,-91
106000201,38,29,9
106000202,43,13,30
106000203,0,0,0
106000204,24,6,18
106000205,0,0,0
106000206,4,0,4
106000207,0,17,-17
106000208,398,20,378
106000209,542,55,487
106000210,0,23,-23
106000211,11,53,-42
106000212,743,51,692
106000213,0,0,0
106000214,262,50,212
106000215,21,28,-7
106000216,145,16,129
106000217,4,61,-57
106000218,73,30,43
106000219,1,53,-52
106000220,135,12,123
106000221,0,0,0
106000222,65,24,41
106000223,160,15,145
106000224,0,0,0
106000225,4,120,-116
106000226,0,0,0
106000228,0,0,0
106000229,0,0,0
106000231,210,5,205
106000232,0,0,0
106000233,44,7,37
106000234,0,0,0
106000235,67,15,52
106000236,0,0,0
106000237,0,0,0
106000238,0,0,0
106000239,0,0,0
106000240,3,0,3
106000241,0,48,-48
106000242,66,3,63
106000249,77,26,51
106000250,5,47,-42
106000251,0,0,0
106000252,0,0,0
106000253,0,0,0
106000254,0,0,0
106000255,0,0,0
106000256,0,0,0
106000257,14,6,8
106000258,0,0,0
106000259,0,0,0
106000260,0,0,0
106000261,0,0,0
106000262,0,0,0
106000263,0,0,0
106000264,0,0,0
106000265,0,0,0
106000266,0,0,0
106000267,0,0,0
106000268,0,0,0
106000269,0,0,0
106000270,41,1,40
106000271,0,0,0
106000272,0,0,0
106000273,0,0,0
106000274,0,0,0
106000275,0,0,0
106000276,0,0,0
106000277,0,0,0
106000278,0,0,0
106000279,0,0,0
106000280,0,0,0
106000281,0,0,0
106000282,0,0,0
106000283,0,0,0
106000284,0,0,0
106000285,0,0,0
106000286,0,0,0
106000287,0,0,0
106000288,0,0,0
106000289,0,0,0
106000290,0,0,0
106000291,0,0,0
106000292,0,0,0
106000293,0,0,0
106000294,0,0,0
106000295,0,0,0
106000296,0,0,0
106000297,0,0,0
106000298,0,0,0
106000299,0,0,0
106000300,0,0,0
106000301,0,0,0
106000303,0,0,0
106000304,0,0,0
106000305,0,0,0
106000306,0,0,0
106000307,0,0,0
106000308,0,0,0
106000309,0,0,0
106000310,21,1,20
106000311,128,12,116
106000312,2,17,-15
106000313,53,5,48
106000318,0,0,0
106000319,316,20,296
106000320,0,0,0
106000321,0,0,0
106000322,0,0,0
106000324,0,0,0
106000325,1171,278,893
106000326,82,61,21
106000327,88,6,82
106000328,0,0,0
106000329,1,0,1
106000330,0,18,-18
106000428,38,114,-76
106000429,0,0,0
106000430,0,0,0
106000431,241,247,-6
106000432,4,156,-152
106000433,794,565,229
106000434,1142,361,781
106000435,1,101,-100
106000436,0,0,0
106000437,74,16,58
106000438,24,7,17
106000439,0,0,0
106000440,2,48,-46
106000441,1,0,1
106000442,21,0,21
106000443,0,0,0
106000450,0,0,0
106000451,19,47,-28
106000454,0,0,0
106000455,0,19,-19
106000456,32,1,31
106000457,0,0,0
106000458,147,4,143
106000459,0,0,0
106000460,247,2,245
106000461,0,0,0
106000462,0,0,0
106000463,0,2,-2
106000464,0,0,0
106000465,113,0,113
106000466,0,0,0
106000467,0,33,-33
106000468,57,15,42
106000469,9,0,9
106000470,0,0,0
106000471,0,0,0
106000472,36,0,36
106000473,0,0,0
106000474,21,73,-52
106000475,117,78,39
106000476,3,11,-8
106000477,0,0,0
106000480,0,0,0
106900001,0,0,0
106900002,0,0,0
106900003,0,0,0
106900004,0,0,0
106900006,0,0,0
106900007,0,0,0
106900008,0,0,0
106900009,0,0,0
106900010,0,0,0
106900012,0,0,0
106900013,0,0,0
106900014,0,0,0
106900015,0,0,0
106900016,0,0,0
106900017,0,0,0
106900018,0,0,0
106900019,0,0,0
106900020,0,0,0
106900021,0,0,0
106900022,0,0,0
106900023,0,0,0
106900024,0,0,0
106900025,0,0,0
106900026,0,0,0
106900027,146,1,145
107000001,1413,2087,-674
107000002,148,326,-178
107000003,4119,3978,141
107000004,382,372,10
107000005,4479,2897,1582
107000006,319,167,152
107000007,1669,2259,-590
107000008,525,263,262
107000009,3863,2802,1061
107000010,442,292,150
107000011,0,0,0
107000012,0,0,0
107000013,0,0,0
107000014,0,0,0
107000015,0,0,0
107000016,0,0,0
107000017,14,4,10
107000018,0,0,0
107000020,65,310,-245
107000021,48,11,37
107000022,44,338,-294
107000023,243,0,243
107000024,82,146,-64
107000025,27,44,-17
107000026,9,61,-52
107000027,155,38,117
107000028,20,133,-113
107000029,819,93,726
107000030,49,124,-75
107000031,900,227,673
107000032,70,98,-28
107000033,235,46,189
107000034,0,0,0
107000035,19,33,-14
107000036,0,0,0
107000037,48,118,-70
107000038,1,33,-32
107000039,89,321,-232
107000040,21,13,8
107000041,392,68,324
107000042,80,80,0
107000043,360,98,262
107000044,21,21,0
107000045,11,32,-21
107000046,351,44,307
107000047,24,44,-20
107000048,233,30,203
107000049,13,83,-70
107000050,419,77,342
107000051,40,178,-138
107000052,261,76,185
107000053,220,52,168
107000054,13,165,-152
107000055,165,28,137
107000056,15,31,-16
107000057,32,217,-185
107000058,918,1081,-163
107000059,0,0,0
107000060,2196,1887,309
107000061,16,1,15
107000062,1665,1093,572
107000063,7,33,-26
107000064,1377,892,485
107000065,7,36,-29
107000066,774,654,120
107000067,154,125,29
107000068,59,151,-92
107000069,146,224,-78
107000070,189,0,189
107000071,582,3,579
107000072,0,0,0
107000073,206,12,194
107000074,0,0,0
107000075,1247,48,1199
107000076,0,0,0
107000077,1065,32,1033
107000078,0,0,0
107000079,830,35,795
107000080,0,0,0
107000081,887,144,743
107000082,0,0,0
107000083,316,388,-72
107000084,0,0,0
107000085,737,633,104
107000086,92,292,-200
107000087,365,178,187
107000088,71,109,-38
107000089,334,174,160
107000090,62,60,2
107000091,352,134,218
107000092,49,67,-18
107000093,183,298,-115
107000094,70,65,5
107000095,979,555,424
107000096,0,0,0
107000097,282,179,103
107000098,0,0,0
107000099,148,125,23
107000100,0,0,0
107000101,87,114,-27
107000102,0,0,0
107000103,165,88,77
107000104,0,0,0
107000105,301,36,265
107000106,0,0,0
107000107,362,158,204
107000108,0,0,0
107000109,162,3,159
107000110,0,0,0
107000111,76,0,76
107000112,0,0,0
107000113,333,25,308
107000114,0,0,0
107000115,390,17,373
107000116,0,0,0
107000117,158,60,98
107000118,0,0,0
107000119,685,195,490
107000120,0,0,0
107000121,498,34,464
107000122,8,100,-92
107000123,445,28,417
107000124,25,56,-31
107000125,524,42,482
107000126,51,44,7
107000129,0,0,0
107000130,182,69,113
107000131,0,0,0
107000132,270,85,185
107000133,3,0,3
107000134,54,0,54
107000135,0,0,0
107000136,75,0,75
107000137,0,4,-4
107000138,0,0,0
107000139,0,9,-9
107000140,124,1,123
107000141,1,5,-4
107000142,48,0,48
107000143,0,8,-8
107000144,26,0,26
107000145,4,14,-10
107000146,0,0,0
107000147,4,15,-11
107000150,0,0,0
107000151,0,0,0
107000152,17,97,-80
107000153,0,0,0
107000154,0,0,0
107000155,59,0,59
107000156,134,0,134
107000157,0,3,-3
107000158,12,0,12
107000159,0,0,0
107000160,90,18,72
107000161,1,3,-2
107000162,30,35,-5
107000163,38,0,38
107000164,0,0,0
107000165,0,0,0
107000166,0,0,0
107000167,0,0,0
107000168,507,73,434
107000169,11,12,-1
107000170,512,38,474
107000171,11,13,-2
107000172,254,34,220
107000173,4,2,2
107000174,175,186,-11
107000175,33,11,22
107000176,15,0,15
107000177,0,0,0
107000178,0,0,0
107000179,0,0,0
107000180,465,7,458
107000181,0,0,0
107000182,535,22,513
107000183,0,0,0
107000184,348,9,339
107000185,0,0,0
107000186,375,36,339
107000187,61,60,1
107000188,0,0,0
107000189,64,34,30
107000190,0,0,0
107000191,69,105,-36
107000192,0,0,0
107000193,85,45,40
107000194,0,0,0
107000197,198,18,180
107000198,0,0,0
107000199,117,27,90
107000200,21,31,-10
107000201,68,97,-29
107000202,85,70,15
107000203,39,210,-171
107000204,60,545,-485
107000205,92,24,68
107000206,34,352,-318
107000207,15,34,-19
107000208,2,31,-29
107000209,0,0,0
107000210,0,0,0
107000211,0,0,0
107000212,0,0,0
107000213,0,0,0
107000214,0,0,0
107000215,0,0,0
107000216,0,0,0
107000217,0,0,0
107000219,0,0,0
107000220,0,0,0
107000222,22,25,-3
107000224,9,0,9
107000225,0,0,0
107000226,116,8,108
107000227,0,0,0
107000228,0,0,0
107000229,0,0,0
107000230,28,8,20
107000231,50,110,-60
107000232,0,0,0
107000233,0,0,0
107000234,0,0,0
107000235,140,1,139
107000236,0,0,0
107000237,8,0,8
107000238,13,0,13
107000239,0,0,0
107000240,0,0,0
107000243,0,0,0
107000244,18,0,18
107000246,0,0,0
107000249,0,0,0
107000251,0,0,0
107000252,0,0,0
107000255,0,0,0
107000257,0,0,0
107000258,0,0,0
107000259,0,0,0
107000260,0,0,0
107000262,0,0,0
107000263,0,0,0
107000266,0,0,0
107000267,0,0,0
107000268,0,0,0
107000269,1,0,1
107000270,0,0,0
107000271,0,0,0
107000272,0,0,0
107000273,0,0,0
107000274,8,0,8
107000275,0,0,0
107000280,87,0,87
107000281,0,0,0
107000282,0,0,0
107000290,0,0,0
107000291,0,0,0
107000292,0,0,0
107000293,0,0,0
107000294,0,0,0
107000295,0,0,0
107000296,0,1,-1
107000444,22,0,22
107000496,0,4,-4
107000497,0,0,0
107000500,0,0,0
107000501,0,0,0
107000502,0,0,0
107000505,1,22,-21
107000506,0,0,0
107000508,0,0,0
107000509,41,71,-30
107000510,0,0,0
107000514,0,0,0
107000515,0,0,0
107000516,137,48,89
107000518,368,37,331
107000519,0,0,0
107000520,0,0,0
107000521,0,0,0
107000522,484,220,264
107900001,0,0,0
107900002,0,0,0
107900003,0,0,0
107900004,0,0,0
107900005,0,0,0
107900006,0,0,0
107900007,0,0,0
107900008,0,0,0
107900009,0,0,0
107900010,0,0,0
107900012,0,0,0
107900013,0,0,0
107900014,0,0,0
107900015,0,0,0
107900016,0,0,0
107900017,0,0,0
107900018,0,0,0
107900019,0,0,0
107900020,0,0,0
107900021,0,0,0
107900023,0,0,0
107900024,0,0,0
107900025,0,0,0
107900026,0,0,0
107900027,0,0,0
107900028,0,0,0
107900030,0,0,0
107900031,0,0,0
107900032,0,0,0
107900033,0,0,0
107900034,0,0,0
107900035,0,0,0
107900036,0,0,0
107900037,0,0,0
107900038,0,0,0
107900039,0,0,0
107900040,0,0,0
107900041,0,0,0
107900043,0,0,0
107900044,0,0,0
107900045,0,0,0
107900046,0,0,0
107900047,0,0,0
107900048,0,0,0
107900049,0,0,0
107900050,0,0,0
107900051,0,0,0
107900052,0,0,0
107900053,0,0,0
107900055,0,0,0
107900056,0,0,0
107900057,0,0,0
107900058,0,0,0
107900060,0,0,0
107900061,0,0,0
107900063,0,0,0
107900064,0,0,0
107900065,0,0,0
107900066,0,0,0
107900067,0,0,0
107900068,0,0,0
107900069,0,0,0
107900070,0,0,0
107900071,0,0,0
107900072,0,0,0
107900073,0,0,0
107900074,0,0,0
107900076,0,0,0
107900077,0,0,0
107900079,0,0,0
107900080,0,0,0
107900081,0,0,0
107900082,0,0,0
107900083,0,0,0
107900084,0,0,0
107900086,0,0,0
107900087,0,0,0
107900088,0,0,0
107900089,0,0,0
107900090,0,0,0
107900091,0,0,0
107900093,0,0,0
107900095,0,0,0
107900097,0,0,0
107900098,0,0,0
107900100,0,0,0
107900101,0,0,0
107900102,0,0,0
107900103,0,0,0
107900104,0,0,0
107900105,0,0,0
107900106,0,0,0
107900107,0,0,0
107900108,0,0,0
107900109,0,0,0
107900110,0,0,0
107900111,0,0,0
107900112,0,0,0
107900113,0,0,0
107900114,0,0,0
107900115,0,0,0
107900116,0,0,0
107900117,0,0,0
107900118,0,0,0
107900119,0,0,0
107900120,0,0,0
107900121,0,0,0
107900122,0,0,0
107900123,0,0,0
107900124,0,0,0
107900125,0,0,0
107900126,0,0,0
107900127,0,0,0
107900128,0,0,0
107900129,0,0,0
107900130,0,0,0
107900131,0,0,0
107900132,0,0,0
107900133,0,0,0
107900134,0,0,0
107900135,0,0,0
107900136,0,0,0
107900137,0,0,0
107900138,0,0,0
107900139,0,0,0
107900141,0,0,0
107900142,0,0,0
107900143,0,0,0
107900144,0,0,0
107900145,0,0,0
107900146,0,0,0
107900147,0,0,0
107900148,0,0,0
107900149,0,0,0
107900150,0,0,0
107900151,0,0,0
107900152,0,0,0
107900153,0,0,0
107900154,0,0,0
107900155,0,0,0
107900156,0,0,0
107900157,0,0,0
107900158,0,0,0
107900159,0,0,0
107900160,0,0,0
107900161,0,0,0
107900162,0,0,0
107900163,0,0,0
107900164,0,0,0
107900165,0,0,0
107900166,0,0,0
107900167,0,0,0
107900168,0,0,0
107900169,0,0,0
107900171,0,0,0
107900172,0,0,0
107900173,0,0,0
107900174,0,0,0
107900175,0,0,0
107900176,0,0,0
107900177,0,0,0
107900178,0,0,0
107900179,0,0,0
107900180,0,0,0
107900181,0,0,0
107900182,0,0,0
107900183,0,0,0
107900184,0,0,0
107900185,0,0,0
107900186,0,0,0
107900187,0,0,0
107900188,0,0,0
107900189,0,0,0
107900190,0,0,0
107900191,0,0,0
107900193,0,0,0
107900194,0,0,0
107900195,0,0,0
107900196,0,0,0
107900197,0,0,0
107900199,0,0,0
107900201,0,0,0
107900203,0,0,0
107900204,0,0,0
107900206,0,0,0
107900207,0,0,0
107900208,0,0,0
107900209,0,0,0
107900210,0,0,0
107900213,0,0,0
107900214,0,0,0
107900215,0,0,0
107900216,0,0,0
107900217,0,0,0
107900218,0,0,0
107900219,0,0,0
107900220,0,0,0
107900221,0,0,0
107900223,0,0,0
107900224,0,0,0
107900225,0,0,0
107900226,0,0,0
107900227,0,0,0
107900228,0,0,0
107900229,0,0,0
107900230,0,0,0
107900231,0,0,0
107900232,0,0,0
107900233,0,0,0
107900234,0,0,0
107900235,0,0,0
107900236,0,0,0
107900237,0,0,0
107900238,0,0,0
107900239,0,0,0
107900240,0,0,0
107900241,0,0,0
107900242,0,0,0
107900243,0,0,0
107900244,0,0,0
107900245,0,0,0
107900246,0,0,0
107900248,0,0,0
107900249,0,0,0
107900250,0,0,0
107900251,0,0,0
107900252,0,0,0
107900253,0,0,0
107900254,0,0,0
107900255,0,0,0
107900256,0,0,0
107900257,0,0,0
107900258,0,0,0
107900259,0,0,0
107900261,0,0,0
107900262,0,0,0
107900264,0,0,0
107900265,0,0,0
107900267,0,0,0
107900268,0,0,0
107900269,0,0,0
107900270,0,0,0
107900271,0,0,0
107900272,0,0,0
107900273,0,0,0
107900274,0,0,0
107900275,0,0,0
107900276,0,0,0
107900277,0,0,0
107900278,0,0,0
107900279,0,0,0
107900280,0,0,0
107900281,0,0,0
107900282,0,0,0
107900283,0,0,0
107900284,0,0,0
107900285,0,0,0
107900286,0,0,0
107900287,0,0,0
107900290,0,0,0
107900291,0,0,0
107900292,0,0,0
107900293,0,0,0
107900295,0,0,0
107900297,0,0,0
107900298,0,0,0
107900299,0,0,0
107900301,0,57,-57
107900302,0,0,0
107900303,0,0,0
107900304,0,0,0
107900305,0,0,0
107900306,0,0,0
107900307,0,0,0
107900308,0,0,0
107900309,0,0,0
107900310,0,0,0
107900311,0,0,0
107900312,0,0,0
107900313,0,0,0
107900314,0,0,0
107900315,0,0,0
107900316,0,0,0
107900317,0,0,0
107900318,0,0,0
107900319,0,0,0
107900320,0,0,0
107900321,0,0,0
107900322,0,0,0
107900323,0,0,0
107900324,0,0,0
107900325,0,0,0
107900326,0,0,0
107900327,0,0,0
107900328,0,0,0
107900329,0,0,0
107900330,0,0,0
107900331,0,0,0
107900332,0,0,0
107900333,0,0,0
107900334,0,0,0
107900335,0,0,0
107900336,0,0,0
107900337,0,0,0
107900338,0,0,0
107900339,0,0,0
107900340,0,0,0
107900341,0,0,0
107900342,0,0,0
107900343,0,0,0
107900344,0,0,0
107900345,0,0,0
107900346,0,0,0
107900347,0,0,0
107900348,0,0,0
107900349,0,0,0
107900350,0,0,0
107900351,0,0,0
107900352,0,0,0
107900353,0,0,0
107900354,0,0,0
108000001,1865,1094,771
108000002,77,257,-180
108000003,1291,630,661
108000004,476,1328,-852
108000005,4220,1502,2718
108000006,153,510,-357
108000007,4012,881,3131
108000008,387,249,138
108000009,2426,1059,1367
108000010,171,257,-86
108000011,4445,1494,2951
108000012,560,622,-62
108000014,266,1,265
108000015,606,8,598
108000016,0,0,0
108000017,764,57,707
108000018,1175,43,1132
108000019,168,34,134
108000020,480,79,401
108000021,0,0,0
108000022,24,68,-44
108000023,630,49,581
108000024,256,13,243
108000025,38,1,37
108000026,350,19,331
108000027,17,2,15
108000028,269,6,263
108000029,51,0,51
108000030,330,3,327
108000031,18,1,17
108000032,1086,99,987
108000033,0,0,0
108000034,1119,51,1068
108000035,0,0,0
108000036,4,26,-22
108000037,564,56,508
108000038,860,60,800
108000039,7,39,-32
108000040,866,188,678
108000041,22,4,18
108000042,222,1,221
108000043,34,0,34
108000044,611,3,608
108000045,3,0,3
108000046,1003,187,816
108000047,0,0,0
108000048,0,0,0
108000049,309,50,259
108000050,0,5,-5
108000051,198,38,160
108000052,1,6,-5
108000053,264,12,252
108000054,27,5,22
108000055,353,72,281
108000056,52,12,40
108000057,292,433,-141
108000058,514,646,-132
108000059,5,92,-87
108000060,183,170,13
108000061,0,0,0
108000062,236,89,147
108000063,0,0,0
108000064,90,84,6
108000065,0,0,0
108000066,432,61,371
108000067,868,32,836
108000068,613,118,495
108000069,0,0,0
108000070,1280,110,1170
108000071,0,0,0
108000072,1495,149,1346
108000073,0,0,0
108000074,555,87,468
108000075,0,0,0
108000076,816,211,605
108000077,0,0,0
108000078,1907,660,1247
108000079,0,0,0
108000080,1079,201,878
108000081,0,0,0
108000082,0,0,0
108000083,123,57,66
108000084,0,0,0
108000085,68,53,15
108000086,0,0,0
108000087,54,243,-189
108000088,542,35,507
108000089,0,0,0
108000091,0,0,0
108000092,490,38,452
108000093,0,0,0
108000094,787,75,712
108000095,0,0,0
108000096,386,294,92
108000097,0,0,0
108000098,1141,102,1039
108000099,87,26,61
108000100,122,67,55
108000101,898,249,649
108000102,288,592,-304
108000106,244,2,242
108000107,0,0,0
108000108,98,0,98
108000109,0,0,0
108000110,13,3,10
108000111,0,0,0
108000112,0,42,-42
108000113,110,43,67
108000115,71,9,62
108000117,147,10,137
108000118,2,123,-121
108000119,59,3,56
108000120,592,120,472
108000121,74,13,61
108000122,586,46,540
108000123,557,68,489
108000124,0,0,0
108000125,361,44,317
108000126,0,0,0
108000127,470,66,404
108000128,0,0,0
108000129,0,0,0
108000130,355,63,292
108000131,243,65,178
108000132,0,0,0
108000133,746,45,701
108000134,0,0,0
108000135,1262,13,1249
108000136,0,0,0
108000137,71,11,60
108000138,2,21,-19
108000139,50,37,13
108000140,0,0,0
108000141,0,0,0
108000142,0,0,0
108000143,0,0,0
108000144,0,0,0
108000145,0,0,0
108000146,0,0,0
108000147,0,0,0
108000148,0,0,0
108000149,0,0,0
108000150,0,0,0
108000151,0,0,0
108000152,0,0,0
108000153,0,0,0
108000154,0,0,0
108000155,0,0,0
108000156,0,0,0
108000157,0,0,0
108000158,0,0,0
108000159,25,17,8
108000160,159,17,142
108000161,226,65,161
108000165,0,0,0
108000172,0,0,0
108000173,0,0,0
108000175,271,35,236
108000178,0,0,0
108000179,45,481,-436
108000181,0,0,0
108000182,0,0,0
108000183,0,0,0
108000184,5,128,-123
108000185,0,0,0
108000186,0,0,0
108000187,0,0,0
108000188,0,0,0
108000189,74,16,58
108000190,0,0,0
108000192,0,0,0
108000193,0,161,-161
108000194,14,0,14
108000195,0,0,0
108000196,36,1,35
108000198,0,0,0
108000199,0,0,0
108000200,0,0,0
108000203,0,0,0
108000204,0,0,0
108000205,0,0,0
108000339,155,6,149
108000364,18,32,-14
108000365,5,16,-11
108000367,0,0,0
108000368,0,0,0
108000369,0,0,0
108000371,0,0,0
108000372,161,0,161
108000373,45,26,19
108000376,0,0,0
108000377,40,48,-8
108000378,5316,2725,2591
108000379,0,0,0
108000381,0,0,0
108000382,48,0,48
108000383,0,0,0
108900001,0,0,0
108900002,0,0,0
108900003,0,0,0
108900004,119,35,84
108900007,38,11,27
108900008,0,2,-2
108900009,8,0,8
108900010,0,0,0
108900011,72,13,59
108900012,16,3,13
108900013,60,13,47
108900014,0,0,0
108900015,0,0,0
108900016,0,0,0
108900017,0,0,0
108900018,0,0,0
108900019,0,0,0
108900020,0,0,0
108900021,0,0,0
108900022,0,0,0
108900023,0,0,0
108900024,0,0,0
108900025,0,0,0
108900026,0,0,0
108900027,0,0,0
108900028,0,0,0
108900029,0,0,0
108900030,0,0,0
108900031,0,0,0
108900032,0,0,0
108900033,0,0,0
108900034,0,0,0
108900035,0,0,0
108900038,0,0,0
108900039,0,0,0
108900040,0,0,0
108900041,208,92,116
108900042,0,0,0
108900043,0,0,0
108900044,0,0,0
108900045,0,0,0
108900046,0,0,0
108900047,0,0,0
108900048,0,0,0
108900049,0,0,0
108900050,0,0,0
108900051,0,0,0
108900052,0,0,0
108900053,0,0,0
108900054,0,0,0
108900055,0,0,0
108900056,0,0,0
108900057,0,0,0
108900058,0,0,0
108900059,0,0,0
108900060,4,1,3
108900061,0,0,0
108900062,0,0,0
108900063,0,0,0
108900064,0,0,0
108900065,0,0,0
108900066,11,2,9
108900067,0,0,0
108900068,0,0,0
108900069,0,0,0
108900070,0,0,0
108900071,4,0,4
108900072,0,0,0
108900073,0,0,0
108900074,0,0,0
108900075,0,0,0
108900076,11,0,11
108900077,0,0,0
108900078,0,0,0
108900079,0,0,0
108900080,0,0,0
108900081,0,0,0
108900082,0,0,0
108900083,0,0,0
108900085,0,0,0
108900086,0,0,0
108900087,0,0,0
108900088,13,4,9
108900089,0,0,0
108900090,0,0,0
108900091,0,0,0
108900092,127,20,107
108900093,0,0,0
108900094,0,0,0
108900095,0,0,0
108900096,0,0,0
108900097,46,2,44
108900098,0,0,0
108900099,47,0,47
108900100,0,0,0
108900101,0,0,0
108900102,0,0,0
108900103,0,0,0
108900105,0,0,0
108900106,11,1,10
108900108,0,0,0
108900109,0,0,0
108900110,16,4,12
108900111,29,4,25
108900113,0,0,0
108900114,0,0,0
108900115,0,0,0
108900116,0,0,0
108900117,0,0,0
108900118,0,0,0
108900119,0,0,0
108900120,0,0,0
108900121,0,0,0
108900122,0,0,0
108900123,0,0,0
108900124,0,0,0
108900125,0,0,0
108900126,0,0,0
108900127,0,0,0
108900128,0,0,0
108900129,0,0,0
108900130,0,0,0
108900131,0,0,0
108900132,0,0,0
108900133,0,0,0
108900134,0,0,0
108900135,0,0,0
108900136,0,0,0
108900137,0,0,0
108900138,0,0,0
108900140,0,0,0
108900141,0,0,0
108900142,0,0,0
108900143,0,0,0
108900144,0,0,0
108900145,0,0,0
108900146,0,0,0
108900147,0,0,0
108900148,0,0,0
108900150,0,0,0
108900151,0,0,0
108900152,0,0,0
108900153,0,0,0
108900154,2,0,2
108900156,0,0,0
108900157,0,0,0
108900158,0,0,0
108900159,0,0,0
108900160,0,0,0
108900161,0,0,0
108900162,0,0,0
108900163,0,0,0
108900164,0,0,0
108900168,0,0,0
108900169,0,0,0
108900171,43,50,-7
108900172,0,0,0
108900173,0,0,0
108900174,0,0,0
108900176,0,0,0
108900177,0,0,0
108900178,0,0,0
108900180,0,17,-17
108900183,0,0,0
108900184,26,0,26
108900185,0,0,0
108900186,0,0,0
108900189,39,2,37
108900190,0,0,0
108900192,0,0,0
108900195,4,0,4
108900196,0,0,0
108900199,2,0,2
108900200,1,1,0
108900201,0,0,0
108900203,0,0,0
108900204,0,0,0
108900205,0,0,0
108900206,0,0,0
108900207,0,0,0
108900208,0,0,0
108900209,0,0,0
108900210,0,0,0
108900211,0,0,0
108900212,0,0,0
108900215,0,0,0
108900216,0,0,0
108900217,0,0,0
108900218,0,0,0
108900221,0,0,0
108900224,0,0,0
108900225,0,0,0
108900227,0,0,0
108900230,0,0,0
108900232,0,0,0
108900233,0,0,0
108900234,0,0,0
108900235,0,0,0
108900236,0,0,0
108900240,0,0,0
108900241,0,0,0
108900245,0,0,0
108900250,0,0,0
108900258,0,0,0
108900259,0,0,0
108900260,0,0,0
108900261,0,0,0
108900262,0,0,0
108900263,0,0,0
108900264,0,0,0
108900265,0,0,0
108900266,0,0,0
108900267,0,0,0
108900268,0,0,0
108900269,0,0,0
108900270,0,0,0
108900271,0,0,0
108900272,0,0,0
108900273,0,0,0
108900274,0,0,0
109000001,820,541,279
109000002,0,361,-361
109000003,1695,196,1499
109000004,3,245,-242
109000005,1467,104,1363
109000006,3,133,-130
109000007,1347,153,1194
109000008,2,111,-109
109000009,1813,221,1592
109000010,18,190,-172
109000011,2200,400,1800
109000012,52,206,-154
109000013,2821,879,1942
109000014,38,179,-141
109000015,3560,524,3036
109000016,96,213,-117
109000017,1933,497,1436
109000018,94,268,-174
109000019,1669,316,1353
109000020,13,217,-204
109000023,7,0,7
109000024,0,0,0
109000025,0,0,0
109000026,52,0,52
109000027,0,0,0
109000028,22,0,22
109000029,0,0,0
109000030,0,0,0
109000031,262,32,230
109000032,0,0,0
109000033,162,25,137
109000034,0,0,0
109000035,0,0,0
109000036,0,11,-11
109000037,0,0,0
109000038,34,24,10
109000039,0,0,0
109000040,0,0,0
109000041,77,80,-3
109000042,23,75,-52
109000044,141,34,107
109000045,0,0,0
109000046,135,13,122
109000047,0,0,0
109000048,170,41,129
109000049,0,0,0
109000050,205,77,128
109000051,0,0,0
109000052,0,0,0
109000053,0,0,0
109000054,0,0,0
109000055,0,0,0
109000056,0,0,0
109000057,0,0,0
109000058,0,0,0
109000059,0,0,0
109000060,3,2,1
109000061,0,0,0
109000062,0,5,-5
109000063,0,0,0
109000064,0,13,-13
109000065,0,0,0
109000066,1,0,1
109000067,0,0,0
109000068,124,0,124
109000069,268,20,248
109000070,0,0,0
109000071,0,0,0
109000072,0,0,0
109000073,0,0,0
109000074,0,0,0
109000075,0,0,0
109000076,0,51,-51
109000077,9,3,6
109000078,0,2,-2
109000079,5,1,4
109000080,26,1,25
109000081,8,11,-3
109000082,72,6,66
109000083,47,5,42
109000088,0,32,-32
109000089,0,0,0
109000090,1,15,-14
109000091,0,0,0
109000092,2,37,-35
109000093,0,0,0
109000094,0,0,0
109000095,0,3,-3
109000096,60,16,44
109000097,0,0,0
109000098,23,17,6
109000099,199,16,183
109000100,10,30,-20
109000101,343,30,313
109000102,12,34,-22
109000103,21,4,17
109000104,475,18,457
109000105,18,48,-30
109000106,287,16,271
109000107,7,31,-24
109000108,432,44,388
109000109,11,44,-33
109000110,87,116,-29
109000111,15,127,-112
109000112,0,0,0
109000113,4,0,4
109000114,160,64,96
109000115,206,18,188
109000116,0,0,0
109000117,92,3,89
109000118,0,8,-8
109000119,290,2,288
109000120,0,4,-4
109000121,257,15,242
109000122,0,1,-1
109000123,0,0,0
109000124,38,3,35
109000125,596,4,592
109000126,3,11,-8
109000127,617,6,611
109000128,23,6,17
109000129,512,30,482
109000130,1,3,-2
109000131,102,291,-189
109000132,25,61,-36
109000133,0,0,0
109000134,0,0,0
109000135,0,0,0
109000136,51,13,38
109000137,49,2,47
109000138,32,9,23
109000139,82,25,57
109000140,9,14,-5
109000141,116,6,110
109000142,0,0,0
109000143,0,0,0
109000145,0,0,0
109000146,44,28,16
109000148,0,0,0
109000149,0,0,0
109000150,5,68,-63
109000155,0,0,0
109000156,270,13,257
109000158,0,0,0
109000159,41,12,29
109000160,0,0,0
109000161,508,45,463
109000162,56,1,55
109000163,428,23,405
109000164,37,29,8
109000165,386,140,246
109000166,72,6,66
109000167,17,5,12
109000170,0,0,0
109000171,0,0,0
109000172,0,0,0
109000173,0,0,0
109000174,0,0,0
109000175,0,0,0
109000176,26,4,22
109000177,0,0,0
109000178,13,6,7
109000179,0,0,0
109000180,0,0,0
109000181,0,0,0
109000182,0,0,0
109000183,0,0,0
109000184,0,0,0
109000185,2,0,2
109000188,29,18,11
109000189,45,0,45
109000190,0,0,0
109000191,419,31,388
109000192,0,0,0
109000193,0,0,0
109000194,0,0,0
109000195,0,0,0
109000196,0,0,0
109000197,0,0,0
109000198,0,0,0
109000199,0,0,0
109000206,0,0,0
109000207,0,0,0
109000208,0,0,0
109000209,0,0,0
109000210,2,0,2
109000211,0,1,-1
109000214,42,49,-7
109000215,224,25,199
109000216,13,196,-183
109000217,0,0,0
109000218,0,0,0
109000221,0,32,-32
109000222,6,25,-19
109000223,1,38,-37
109000224,0,0,0
109000225,0,1,-1
109000226,35,4,31
109000227,49,5,44
109000228,0,0,0
109000231,0,8,-8
109000232,53,4,49
109000236,0,0,0
109000241,82,28,54
109000242,327,56,271
109000293,0,0,0
109000361,19,23,-4
109000364,0,0,0
109000396,0,7,-7
109000397,0,0,0
109000399,2,8,-6
109000400,0,0,0
109000403,0,0,0
109000406,122,1,121
109000407,0,0,0
109000408,3,93,-90
109000410,0,0,0
109000411,49,0,49
109900001,0,0,0
109900002,0,0,0
109900003,0,0,0
109900005,0,0,0
109900006,0,0,0
109900007,0,0,0
109900008,0,0,0
109900009,0,0,0
109900010,0,0,0
109900011,0,0,0
109900012,0,0,0
109900013,0,0,0
109900015,0,0,0
109900017,0,0,0
109900018,0,0,0
109900019,0,0,0
109900020,0,0,0
109900021,0,0,0
109900022,31,0,31
109900023,0,0,0
109900024,0,0,0
109900025,0,0,0
109900027,0,0,0
109900028,0,0,0
109900029,0,0,0
109900030,0,0,0
109900031,0,0,0
109900032,0,0,0
109900033,0,0,0
109900034,0,0,0
109900035,0,0,0
109900036,0,0,0
109900037,0,0,0
109900038,0,0,0
109900039,0,0,0
109900040,0,0,0
109900041,0,0,0
109900042,0,0,0
109900044,0,0,0
109900045,0,0,0
109900046,106,0,106
109900047,0,0,0
109900048,0,0,0
109900049,0,0,0
109900050,0,0,0
109900051,0,0,0
109900052,0,0,0
109900053,0,0,0
109900054,0,0,0
109900055,0,0,0
109900056,0,0,0
109900057,0,0,0
109900058,0,0,0
109900060,0,0,0
109900061,0,0,0
109900062,0,0,0
109900064,16,0,16
109900065,0,0,0
109900066,0,0,0
109900067,0,0,0
109900068,0,0,0
109900069,0,0,0
109900071,0,0,0
109900072,0,0,0
109900073,0,0,0
109900074,0,0,0
109900075,0,0,0
109900076,0,0,0
109900077,0,0,0
109900078,0,0,0
109900080,0,0,0
109900081,0,0,0
109900082,0,0,0
109900083,0,0,0
109900084,0,0,0
109900085,0,0,0
109900086,0,0,0
109900087,0,0,0
109900089,0,0,0
109900092,0,0,0
109900093,0,0,0
109900094,0,0,0
109900095,0,0,0
109900096,0,0,0
109900097,0,0,0
109900098,0,0,0
109900099,0,0,0
109900100,0,0,0
109900101,0,0,0
109900102,0,0,0
109900103,0,0,0
109900104,0,0,0
109900105,0,0,0
109900106,0,0,0
109900107,0,0,0
109900108,0,0,0
109900109,0,0,0
109900111,0,0,0
109900114,0,0,0
109900115,0,0,0
109900117,0,0,0
109900121,0,0,0
109900123,0,0,0
109900125,0,0,0
109900126,0,0,0
109900130,0,0,0
109900131,0,0,0
109900132,0,0,0
109900134,0,0,0
109900135,0,0,0
109900137,0,0,0
109900140,0,0,0
109900149,0,0,0
109900150,0,0,0
109900151,0,0,0
109900152,0,0,0
109900153,0,0,0
109900154,0,0,0
109900155,0,0,0
109900157,0,0,0
109900159,0,0,0
109900161,0,0,0
109900162,0,0,0
109900163,0,0,0
109900164,0,0,0
109900165,0,0,0
109900166,0,0,0
109900167,0,0,0
109900168,0,0,0
109900169,0,0,0
109900170,0,0,0
109900171,0,0,0
109900172,0,0,0
109900173,0,0,0
109900174,0,0,0
109900175,0,0,0
109900176,0,0,0
109900177,0,0,0
109900178,0,0,0
109900179,0,0,0
109900180,0,0,0
110000001,58,84,-26
110000002,581,248,333
110000003,91,274,-183
110000004,552,204,348
110000005,68,61,7
110000006,3,20,-17
110000007,20,0,20
110000008,0,0,0
110000009,0,1,-1
110000010,0,0,0
110000011,2,0,2
110000012,0,0,0
110000013,0,11,-11
110000014,10,13,-3
110000015,13,17,-4
110000016,41,40,1
110000017,65,76,-11
110000018,10,16,-6
110000019,0,0,0
110000020,0,0,0
110000021,26,7,19
110000022,0,0,0
110000023,0,0,0
110000024,0,0,0
110000025,0,0,0
110000026,0,0,0
110000027,30,42,-12
110000028,146,7,139
110000029,0,0,0
110000030,52,12,40
110000031,0,0,0
110000032,154,10,144
110000033,1,2,-1
110000034,8,0,8
110000035,32,43,-11
110000036,37,2,35
110000037,4,37,-33
110000038,20,3,17
110000039,234,62,172
110000040,0,0,0
110000041,180,133,47
110000042,0,0,0
110000043,95,74,21
110000044,0,0,0
110000045,2,18,-16
110000046,0,0,0
110000047,1,5,-4
110000048,0,0,0
110000049,0,0,0
110000050,0,0,0
110000051,0,0,0
110000052,2,17,-15
110000053,1,0,1
110000054,0,0,0
110000055,24,5,19
110000056,96,28,68
110000057,0,0,0
110000058,95,77,18
110000059,29,76,-47
110000060,840,210,630
110000061,58,129,-71
110000062,638,206,432
110000063,0,0,0
110000064,30,8,22
110000065,0,0,0
110000066,0,0,0
110000067,7,3,4
110000068,0,3,-3
110000069,0,0,0
110000071,0,0,0
110000073,0,0,0
110000075,0,0,0
110000076,0,0,0
110000077,0,0,0
110000078,0,0,0
110000080,55,3,52
110000081,0,0,0
110000082,0,0,0
110000083,25,118,-93
110000084,365,156,209
110000085,187,277,-90
110000086,387,167,220
110000087,0,29,-29
110000088,2,96,-94
110000089,236,0,236
110000090,0,0,0
110000091,0,0,0
110000092,0,0,0
110000093,61,3,58
110000094,2,0,2
110000095,391,30,361
110000096,84,27,57
110000097,526,78,448
110000098,350,27,323
110000099,27,63,-36
110000100,47,0,47
110000101,0,0,0
110000102,0,0,0
110000104,0,0,0
110000105,17,2,15
110000106,0,0,0
110000107,6,42,-36
110000108,380,7,373
110000109,0,0,0
110000110,722,153,569
110000111,0,0,0
110000112,0,0,0
110000113,0,1,-1
110000114,2,3,-1
110000115,11,25,-14
110000116,0,5,-5
110000117,0,0,0
110000118,120,13,107
110000119,0,0,0
110000120,49,3,46
110000121,0,0,0
110000122,19,4,15
110000123,72,74,-2
110000124,0,0,0
110000125,299,6,293
110000126,82,0,82
110000127,296,17,279
110000128,0,0,0
110000129,0,0,0
110000130,75,13,62
110000131,0,0,0
110000132,0,0,0
110000133,0,0,0
110000134,0,0,0
110000135,17,0,17
110000136,0,0,0
110000137,142,4,138
110000138,0,0,0
110000139,127,5,122
110000140,669,17,652
110000143,104,11,93
110000144,1155,238,917
110000145,360,76,284
110000146,687,98,589
110000147,0,0,0
110000148,77,5,72
110000151,6,69,-63
110000152,2,22,-20
110000153,0,0,0
110000154,0,0,0
110000155,22,313,-291
110000156,25,114,-89
110000157,34,238,-204
110000160,0,0,0
110000161,0,0,0
110000166,0,0,0
110000167,355,17,338
110000168,415,36,379
110000169,232,89,143
110000170,8,4,4
110000171,149,0,149
110000172,12,35,-23
110000173,110,17,93
110000174,0,0,0
110000175,29,0,29
110000176,26,52,-26
110000177,7,55,-48
110000178,133,28,105
110000179,62,114,-52
110000180,95,66,29
110000181,108,10,98
110000182,64,3,61
110000183,191,107,84
110000184,88,95,-7
110000185,0,0,0
110000186,0,0,0
110000191,132,0,132
110000192,0,0,0
110000193,0,0,0
110000194,0,0,0
110000195,0,0,0
110000196,0,0,0
110000197,0,0,0
110000198,0,0,0
110000199,0,0,0
110000200,4,0,4
110000201,0,0,0
110000202,0,0,0
110000203,0,0,0
110000204,0,0,0
110000205,0,0,0
110000206,0,0,0
110000207,0,0,0
110000208,0,0,0
110000209,0,0,0
110000210,820,128,692
110000211,493,130,363
110000212,120,55,65
110000213,39,0,39
110000214,0,0,0
110000215,0,0,0
110000216,0,0,0
110000217,127,1,126
110000218,0,0,0
110000219,45,0,45
110000220,0,0,0
110000221,34,0,34
110000222,0,0,0
110000223,0,0,0
110000224,0,0,0
110000225,0,0,0
110000226,275,19,256
110000227,0,0,0
110000228,77,8,69
110000229,0,0,0
110000230,270,75,195
110000231,53,81,-28
110000232,0,0,0
110000233,48,14,34
110000234,98,8,90
110000235,141,42,99
110000236,0,0,0
110000237,0,0,0
110000238,336,73,263
110000239,0,0,0
110000240,0,0,0
110000242,0,0,0
110000243,0,0,0
110000244,0,0,0
110000245,0,0,0
110000246,7,5,2
110000247,117,87,30
110000248,76,35,41
110000249,0,0,0
110000250,0,4,-4
110000251,10,5,5
110000252,61,23,38
110000253,76,13,63
110000254,0,0,0
110000255,0,0,0
110000256,24,31,-7
110000257,32,1,31
110000258,0,20,-20
110000259,0,0,0
110000260,0,2,-2
110000263,0,0,0
110000264,3,3,0
110000265,959,93,866
110000266,385,270,115
110000267,0,0,0
110000268,0,0,0
110000269,0,0,0
110000270,0,0,0
110000271,196,17,179
110000272,225,179,46
110000273,86,193,-107
110000274,16,255,-239
110000275,122,45,77
110000276,31,84,-53
110000277,358,36,322
110000278,1,85,-84
110000279,400,73,327
110000280,242,26,216
110000281,0,0,0
110000282,47,0,47
110000283,0,0,0
110000284,0,0,0
110000285,0,0,0
110000286,6,31,-25
110000287,31,0,31
110000288,0,0,0
110000289,0,0,0
110000290,0,0,0
110000291,186,11,175
110000292,0,0,0
110000293,125,10,115
110000294,0,0,0
110000295,36,1,35
110000296,0,0,0
110000297,0,0,0
110000298,0,0,0
110000299,0,0,0
110000301,0,0,0
110000302,0,0,0
110000303,0,0,0
110000304,0,0,0
110000305,49,0,49
110000306,0,0,0
110000307,82,0,82
110000308,109,22,87
110000309,0,0,0
110000310,120,1,119
110000311,0,0,0
110000312,32,1,31
110000313,0,0,0
110000314,0,0,0
110000315,33,143,-110
110000316,5,128,-123
110000317,0,0,0
110000318,0,0,0
110000319,0,0,0
110000320,0,0,0
110000321,0,0,0
110000322,4,16,-12
110000323,0,0,0
110000324,0,0,0
110000325,363,233,130
110000327,130,1,129
110000328,0,0,0
110000333,93,115,-22
110000334,2,11,-9
110000335,64,10,54
110000336,7,13,-6
110000337,611,153,458
110000338,50,3,47
110000339,10,20,-10
110000340,0,0,0
110000341,107,1,106
110000342,20,0,20
110000343,0,0,0
110000344,0,0,0
110000345,7,0,7
110000346,322,179,143
110000347,563,216,347
110000348,0,0,0
110000349,0,0,0
110000350,0,0,0
110000351,337,89,248
110000352,0,0,0
110000353,600,49,551
110000354,1,8,-7
110000355,0,0,0
110000356,200,0,200
110000357,0,0,0
110000361,0,0,0
110000362,0,0,0
110000363,71,0,71
110000364,89,58,31
110000365,29,0,29
110000366,0,0,0
110000367,0,0,0
110000368,0,0,0
110000369,38,1,37
110000373,0,0,0
110000374,0,0,0
110000375,90,31,59
110000376,0,0,0
110000377,59,155,-96
110000378,0,0,0
110000379,517,144,373
110000380,111,1,110
110000383,0,0,0
110000384,98,0,98
110000385,0,0,0
110000387,36,0,36
110000388,0,0,0
110000389,559,5,554
110000391,177,40,137
110000396,0,0,0
110000397,0,0,0
110000398,0,0,0
110000399,389,0,389
110000587,0,1,-1
110000589,7,1,6
110000640,0,0,0
110000652,0,0,0
110000653,0,0,0
110000654,0,0,0
110000656,0,0,0
110000674,0,0,0
110000675,0,0,0
110000676,0,0,0
110000679,7,8,-1
110000682,22,33,-11
110000683,111,26,85
110000684,0,0,0
110000685,0,0,0
110000686,0,0,0
110000687,0,0,0
110000688,38,0,38
110000689,0,0,0
110000692,0,0,0
110000693,0,0,0
110000694,0,0,0
110000695,0,0,0
110000696,27,19,8
110900001,0,0,0
110900002,0,0,0
110900003,0,0,0
110900004,0,0,0
110900005,0,0,0
110900006,0,0,0
110900007,0,0,0
110900008,0,0,0
110900009,0,0,0
110900010,0,0,0
110900011,0,0,0
110900012,0,0,0
110900013,0,0,0
110900014,0,0,0
110900015,0,0,0
110900016,0,0,0
110900017,0,0,0
110900018,0,0,0
110900019,0,0,0
110900020,0,0,0
110900021,0,0,0
110900022,0,0,0
110900023,0,0,0
110900024,0,0,0
110900025,0,0,0
110900027,0,0,0
110900028,0,0,0
110900029,0,0,0
110900030,0,0,0
110900031,0,0,0
110900032,0,0,0
110900033,0,0,0
110900035,0,0,0
110900036,0,0,0
110900037,0,0,0
110900038,0,0,0
110900039,0,0,0
110900040,0,0,0
110900041,0,0,0
110900042,0,0,0
110900043,0,0,0
110900044,0,0,0
110900045,0,0,0
110900046,0,0,0
110900047,0,0,0
110900049,0,0,0
110900050,0,0,0
110900051,0,0,0
110900052,0,0,0
110900053,0,0,0
110900054,0,0,0
110900055,0,0,0
110900056,0,0,0
110900057,0,0,0
110900058,0,0,0
110900059,0,0,0
110900060,0,0,0
110900061,0,0,0
110900062,0,0,0
110900063,0,0,0
110900064,0,0,0
110900065,0,0,0
110900066,0,0,0
110900067,0,0,0
110900068,0,0,0
110900069,0,0,0
110900070,0,0,0
110900071,0,0,0
110900073,0,0,0
110900074,0,0,0
110900075,0,0,0
110900077,0,0,0
110900078,0,0,0
110900079,62,12,50
110900080,0,0,0
110900081,0,0,0
110900082,0,0,0
110900083,0,0,0
110900084,0,0,0
110900085,0,0,0
110900086,0,0,0
110900087,0,0,0
110900088,0,0,0
110900090,0,0,0
110900091,0,0,0
110900093,0,0,0
110900095,0,0,0
110900097,0,0,0
110900098,0,0,0
110900099,0,0,0
110900100,0,0,0
110900102,0,0,0
110900105,0,0,0
110900108,0,0,0
110900111,0,0,0
110900112,0,0,0
110900113,0,0,0
110900115,0,0,0
110900116,0,0,0
110900118,0,0,0
110900119,0,0,0
110900120,0,0,0
110900121,0,0,0
110900122,0,0,0
110900125,0,0,0
110900127,0,0,0
110900128,0,0,0
110900129,0,0,0
110900130,0,0,0
110900131,0,0,0
110900132,0,0,0
110900133,0,0,0
110900135,0,0,0
110900136,0,0,0
110900138,0,0,0
110900139,0,0,0
110900140,0,0,0
110900141,0,0,0
110900142,0,0,0
110900143,0,0,0
110900144,0,0,0
110900145,0,0,0
110900146,0,0,0
110900147,0,0,0
110900148,0,0,0
110900149,0,0,0
110900150,0,0,0
110900151,0,0,0
110900152,0,0,0
110900153,0,0,0
111000001,72,33,39
111000002,0,0,0
111000003,448,96,352
111000004,0,0,0
111000005,596,61,535
111000006,0,0,0
111000007,690,158,532
111000008,0,0,0
111000009,15,139,-124
111000010,468,159,309
111000011,34,60,-26
111000012,411,40,371
111000013,6,58,-52
111000014,774,82,692
111000017,0,0,0
111000018,0,0,0
111000020,0,0,0
111000021,30,4,26
111000023,55,0,55
111000025,127,167,-40
111000029,0,0,0
111000030,0,0,0
111000031,505,96,409
111000032,24,23,1
111000033,94,11,83
111000034,4,40,-36
111000037,0,0,0
111000038,39,15,24
111000039,1,3,-2
111000040,5,20,-15
111000041,0,0,0
111000042,0,0,0
111000043,848,87,761
111000044,859,84,775
111000045,1137,331,806
111000046,469,131,338
111000047,687,206,481
111000049,97,19,78
111000050,0,0,0
111000051,0,0,0
111000052,0,0,0
111000053,0,0,0
111000054,0,0,0
111000055,1,0,1
111000056,0,0,0
111000057,0,0,0
111000058,128,0,128
111000059,344,116,228
111000060,1592,155,1437
111000061,166,9,157
111000062,445,11,434
111000063,665,34,631
111000064,604,55,549
111000065,615,48,567
111000066,251,37,214
111000067,0,0,0
111000068,0,0,0
111000069,0,0,0
111000070,0,0,0
111000071,0,0,0
111000072,763,88,675
111000073,377,117,260
111000074,1048,204,844
111000075,195,11,184
111000076,272,16,256
111000077,737,180,557
111000078,226,34,192
111000079,245,50,195
111000080,96,42,54
111000081,95,71,24
111000082,135,24,111
111000084,78,123,-45
111000085,33,19,14
111000086,109,14,95
111000087,84,12,72
111000088,90,12,78
111000089,122,21,101
111000090,68,34,34
111000091,0,0,0
111000092,0,0,0
111000093,0,0,0
111000094,32,2,30
111000095,7,6,1
111000096,46,41,5
111000097,0,0,0
111000098,0,0,0
111000099,0,0,0
111000100,0,0,0
111000101,0,0,0
111000102,0,0,0
111000104,110,27,83
111000107,0,0,0
111000109,114,41,73
111000110,323,60,263
111000111,939,20,919
111000112,827,15,812
111000113,466,151,315
111000114,305,119,186
111000115,1280,170,1110
111000116,239,40,199
111000117,50,23,27
111000118,147,30,117
111000119,295,85,210
111000120,298,50,248
111000121,70,20,50
111000122,6,3,3
111000123,4,4,0
111000124,0,0,0
111000125,0,0,0
111000126,0,0,0
111000127,218,8,210
111000128,627,15,612
111000129,955,16,939
111000130,1274,27,1247
111000131,838,31,807
111000132,369,56,313
111000133,11,22,-11
111000134,3,8,-5
111000135,0,0,0
111000136,325,3,322
111000138,6,1,5
111000140,0,0,0
111000141,1,0,1
111000142,0,0,0
111000143,0,0,0
111000144,0,0,0
111000145,16,0,16
111000146,16,0,16
111000147,27,0,27
111000148,54,7,47
111000149,0,0,0
111000150,34,0,34
111000151,0,0,0
111000153,103,0,103
111000154,6,0,6
111000155,45,13,32
111000156,164,57,107
111000157,73,106,-33
111000158,236,216,20
111000159,275,113,162
111000160,50,29,21
111000161,1,80,-79
111000162,0,0,0
111000163,0,0,0
111000164,0,0,0
111000165,177,14,163
111000166,0,0,0
111000167,0,0,0
111000168,22,27,-5
111000169,55,26,29
111000170,59,5,54
111000171,52,6,46
111000172,7,6,1
111000173,70,18,52
111000174,2,4,-2
111000175,3,1,2
111000176,0,0,0
111000177,0,0,0
111000178,0,0,0
111000179,0,0,0
111000180,0,0,0
111000181,106,1,105
111000182,49,0,49
111000183,44,6,38
111000184,75,20,55
111000185,26,2,24
111000186,30,0,30
111000187,23,4,19
111000188,10,6,4
111000189,0,0,0
111000190,0,0,0
111000191,0,0,0
111000192,0,0,0
111000193,0,0,0
111000194,0,0,0
111000195,0,0,0
111000196,0,0,0
111000197,72,8,64
111000198,91,3,88
111000199,119,3,116
111000200,331,15,316
111000201,99,11,88
111000202,94,10,84
111000203,149,4,145
111000204,46,201,-155
111000213,91,44,47
111000214,199,39,160
111000215,159,55,104
111000217,270,25,245
111000218,76,115,-39
111000219,0,0,0
111000220,153,64,89
111000221,31,9,22
111000224,0,0,0
111000225,54,12,42
111000226,4,2,2
111000227,11,0,11
111000228,0,0,0
111000229,0,0,0
111000230,11,7,4
111000231,149,14,135
111000232,0,0,0
111000233,0,0,0
111000234,0,0,0
111000239,0,0,0
111000240,23,20,3
111000241,0,0,0
111000242,41,5,36
111000243,0,0,0
111000244,25,7,18
111000245,135,16,119
111000246,139,39,100
111000247,0,0,0
111000248,126,33,93
111000249,0,0,0
111000250,0,0,0
111000251,0,0,0
111000253,0,0,0
111000255,0,0,0
111000257,0,0,0
111000260,0,0,0
111000261,82,7,75
111000271,0,0,0
111000273,103,12,91
111000274,223,233,-10
111000275,60,1,59
111000276,0,0,0
111000277,0,0,0
111000278,180,11,169
111000291,319,449,-130
111000298,0,0,0
111000299,80,0,80
111000300,0,0,0
111000302,0,0,0
111000303,0,0,0
111000312,0,0,0
111000315,0,0,0
111000320,2,41,-39
111000321,22,14,8
111000322,44,7,37
111000323,7,4,3
111000324,2,5,-3
111000325,0,0,0
111000326,0,2,-2
111000327,58,20,38
111000328,28,60,-32
111000329,0,0,0
111000330,5,1,4
111000331,40,0,40
111000332,86,76,10
111000334,5,21,-16
111000335,34,5,29
111000337,164,2,162
111000338,3,0,3
111000339,2,5,-3
111000340,2,2,0
111000341,130,7,123
111000342,0,0,0
111000344,223,33,190
111000345,5,25,-20
111000346,0,0,0
111000347,0,0,0
111000350,23,1,22
111000351,0,0,0
111000352,26,4,22
111000353,0,0,0
111000354,20,0,20
111000355,0,0,0
111000358,45,18,27
111000360,26,13,13
111000361,51,1,50
111000546,5,0,5
111000547,120,3,117
111000548,0,2,-2
111000549,114,2,112
111000550,0,3,-3
111000551,67,0,67
111000552,7,16,-9
111000907,315,4,311
111000908,5,0,5
111000916,115,6,109
111000917,0,0,0
111000918,24,13,11
111000920,37,0,37
111000921,0,0,0
111000922,0,3,-3
111000924,0,0,0
111000925,1870,256,1614
111000926,109,69,40
111000927,1689,456,1233
111000928,392,429,-37
111000929,1298,209,1089
111000930,16,134,-118
111000931,1466,348,1118
111000932,177,118,59
111000933,1656,486,1170
111000934,11,137,-126
111000935,820,94,726
111000936,3,55,-52
111000937,584,209,375
111000938,7,137,-130
111000939,131,4,127
111000940,0,0,0
111000941,23,17,6
111000943,0,0,0
111000944,6,9,-3
111000945,6,0,6
111001109,202,18,184
111001110,0,0,0
111001111,3,0,3
111001112,164,0,164
111001113,0,103,-103
111001114,6,2,4
111001115,0,0,0
111001116,462,72,390
111001117,0,0,0
111001120,3,14,-11
111001121,0,0,0
111001122,0,0,0
111001123,5,36,-31
111001124,0,0,0
111001125,4,102,-98
111001126,0,0,0
111001127,0,0,0
111001128,52,3,49
111900001,0,0,0
111900002,0,0,0
111900003,0,0,0
111900004,0,0,0
111900006,0,0,0
111900007,0,0,0
111900008,0,0,0
111900009,0,0,0
111900010,0,0,0
111900012,0,0,0
111900013,0,0,0
111900014,8,1,7
111900015,0,0,0
111900016,0,0,0
111900017,0,0,0
111900018,0,0,0
111900019,0,0,0
111900020,0,0,0
111900021,0,0,0
111900022,0,0,0
111900023,0,0,0
111900024,0,0,0
111900025,0,0,0
111900026,0,0,0
111900027,0,0,0
111900028,0,0,0
111900029,0,0,0
111900030,0,0,0
111900032,0,0,0
111900033,0,0,0
111900034,0,0,0
111900035,0,0,0
111900036,0,0,0
111900038,0,0,0
111900039,0,0,0
111900040,0,0,0
111900042,0,0,0
111900043,0,0,0
111900044,0,0,0
111900046,0,0,0
111900048,0,0,0
111900049,0,0,0
111900050,0,0,0
111900051,0,0,0
111900052,0,0,0
111900053,0,0,0
111900054,0,0,0
111900055,0,0,0
111900056,0,0,0
111900057,7,0,7
111900058,0,0,0
111900059,29,23,6
111900060,0,0,0
111900061,0,0,0
111900062,0,0,0
111900063,0,0,0
111900064,0,0,0
111900065,0,0,0
111900066,0,0,0
111900067,0,0,0
111900068,0,0,0
111900069,0,0,0
111900070,0,0,0
111900071,0,0,0
111900072,0,0,0
111900073,0,0,0
111900074,0,0,0
111900075,0,0,0
111900076,0,0,0
111900077,0,0,0
111900078,0,0,0
111900079,0,0,0
111900080,0,0,0
111900082,0,0,0
111900083,0,0,0
111900084,0,0,0
111900085,0,0,0
111900086,0,0,0
111900087,0,0,0
111900088,0,0,0
111900089,0,0,0
111900090,0,0,0
111900091,0,0,0
111900092,0,0,0
111900093,0,0,0
111900094,0,0,0
111900095,0,0,0
111900096,0,0,0
111900097,0,0,0
111900098,0,0,0
111900099,2,0,2
111900100,0,0,0
111900101,0,0,0
111900102,0,0,0
111900103,0,0,0
111900104,0,0,0
111900105,0,0,0
111900106,0,0,0
111900110,0,0,0
111900111,20,0,20
111900112,0,0,0
111900113,0,0,0
111900118,0,0,0
111900119,0,0,0
111900122,0,0,0
111900123,0,0,0
111900124,0,0,0
111900125,0,0,0
111900126,0,0,0
111900127,0,0,0
111900128,0,0,0
111900129,0,0,0
111900130,0,0,0
111900131,0,0,0
111900132,0,0,0
111900133,0,0,0
111900134,0,0,0
111900135,0,0,0
111900136,0,0,0
111900137,0,0,0
111900138,0,0,0
111900139,0,0,0
111900140,0,0,0
111900141,0,0,0
111900142,0,0,0
111900143,0,0,0
111900144,0,0,0
111900145,0,0,0
111900146,0,0,0
111900147,0,0,0
111900148,0,0,0
111900149,0,0,0
111900150,0,0,0
111900151,0,0,0
111900152,0,0,0
111900153,0,0,0
111900154,0,0,0
111900155,0,0,0
111900156,0,0,0
111900157,0,0,0
111900158,0,0,0
111900159,0,0,0
111900160,0,0,0
111900161,0,0,0
111900162,0,0,0
111900163,0,0,0
111900164,0,0,0
111901113,0,0,0
111901114,0,0,0
111901115,0,0,0
111901116,0,0,0
111901117,0,0,0
111901118,0,0,0
111901119,0,0,0
111901121,0,0,0
111901122,0,0,0
111901123,0,0,0
111901124,0,0,0
111901125,8,21,-13
111901127,0,0,0
111901129,0,0,0
111901130,0,0,0
111901131,0,0,0
111901132,0,0,0
111901133,0,0,0
111901134,0,0,0
111901135,0,0,0
111901136,0,0,0
111901138,0,0,0
111901139,0,0,0
111901140,0,0,0
111901141,0,0,0
111901142,0,0,0
111901143,0,0,0
111901144,0,0,0
111901145,0,0,0
111901146,0,0,0
111901147,0,0,0
111901148,0,0,0
111901149,0,0,0
111901150,0,0,0
111901151,0,0,0
111901152,0,0,0
112000001,1151,319,832
112000002,0,0,0
112000003,585,108,477
112000004,0,0,0
112000005,2674,1122,1552
112000006,0,0,0
112000007,746,791,-45
112000008,1810,1703,107
112000009,578,69,509
112000010,224,756,-532
112000011,129,21,108
112000012,612,1274,-662
112000013,107,81,26
112000014,172,651,-479
112000015,0,0,0
112000016,83,240,-157
112000017,0,0,0
112000024,0,0,0
112000026,0,0,0
112000027,468,393,75
112000028,0,0,0
112000029,0,0,0
112000030,0,0,0
112000031,1,42,-41
112000032,0,0,0
112000033,3,51,-48
112000034,0,0,0
112000035,0,0,0
112000036,0,0,0
112000037,0,0,0
112000038,0,0,0
112000039,43,10,33
112000040,0,0,0
112000041,0,0,0
112000042,0,0,0
112000050,698,400,298
112000051,607,820,-213
112000054,21,153,-132
112000057,0,0,0
112000058,0,0,0
112000059,0,0,0
112000061,0,0,0
112000062,22,69,-47
112000063,0,0,0
112000064,0,0,0
112000065,0,0,0
112000066,61,273,-212
112000067,0,0,0
112000068,78,159,-81
112000069,0,0,0
112000070,19,25,-6
112000071,0,0,0
112000072,118,5,113
112000073,0,0,0
112000074,50,14,36
112000075,327,62,265
112000076,91,59,32
112000077,78,5,73
112000078,214,20,194
112000079,83,19,64
112000080,35,35,0
112000081,10,155,-145
112000082,246,152,94
112000083,83,12,71
112000084,170,63,107
112000085,275,33,242
112000086,307,59,248
112000087,41,12,29
112000088,101,41,60
112000089,1,16,-15
112000090,22,1,21
112000091,22,15,7
112000092,1047,79,968
112000093,124,17,107
112000094,403,103,300
112000095,208,17,191
112000096,429,103,326
112000097,500,192,308
112000098,0,0,0
112000099,46,1059,-1013
112000100,635,95,540
112000101,0,0,0
112000102,328,72,256
112000103,0,0,0
112000105,0,0,0
112000106,455,139,316
112000107,4,0,4
112000108,0,0,0
112000109,54,0,54
112000110,319,24,295
112000111,3,47,-44
112000112,334,11,323
112000113,36,1,35
112000114,308,19,289
112000115,0,0,0
112000116,0,0,0
112000117,0,0,0
112000118,0,0,0
112000119,0,0,0
112000120,0,0,0
112000121,0,0,0
112000122,52,5,47
112000123,98,18,80
112000124,7,0,7
112000125,31,18,13
112000126,0,0,0
112000127,41,61,-20
112000128,0,0,0
112000129,64,0,64
112000130,0,0,0
112000131,0,0,0
112000132,0,0,0
112000133,57,0,57
112000134,101,5,96
112000135,157,13,144
112000136,1,17,-16
112000137,250,95,155
112000138,12,9,3
112000139,0,12,-12
112000140,0,0,0
112000141,8,3,5
112000142,0,0,0
112000143,192,4,188
112000144,0,0,0
112000145,371,7,364
112000146,0,0,0
112000147,91,11,80
112000148,0,0,0
112000149,15,22,-7
112000150,0,0,0
112000151,65,3,62
112000152,0,0,0
112000153,2,2,0
112000154,30,0,30
112000155,0,0,0
112000157,25,343,-318
112000158,1,2,-1
112000159,0,0,0
112000167,0,0,0
112000169,0,0,0
112000173,0,0,0
112000175,5,3,2
112000176,0,0,0
112000177,0,0,0
112000178,0,0,0
112000179,0,0,0
112000180,0,0,0
112000181,46,9,37
112000182,177,9,168
112000183,44,0,44
112000184,2,1,1
112000185,0,0,0
112000187,0,0,0
112000195,0,0,0
112000196,0,0,0
112000197,0,0,0
112000198,0,0,0
112000199,0,0,0
112000202,341,1,340
112000216,0,0,0
112000230,0,0,0
112000231,0,0,0
112000256,13,29,-16
112000313,0,0,0
112000314,0,0,0
112000337,0,0,0
112000352,0,0,0
112000392,82,128,-46
112000398,236,52,184
112000399,331,1845,-1514
112000400,1,45,-44
112000401,28,34,-6
112000402,550,1541,-991
112000403,104,917,-813
112000404,130,267,-137
112000405,961,510,451
112000406,18,78,-60
112000407,2638,386,2252
112000408,68,96,-28
112000409,1,97,-96
112000410,0,0,0
112000411,0,0,0
112000412,0,0,0
112000413,0,0,0
112000414,0,0,0
112000415,0,0,0
112000416,651,178,473
112000417,10,10,0
112000421,0,0,0
112000422,40,0,40
112000424,0,0,0
112000425,0,0,0
112000426,0,0,0
112000427,0,0,0
112000428,0,0,0
112000429,273,265,8
112000430,450,594,-144
112000431,51,13,38
112000432,0,0,0
112000433,19,91,-72
112000437,0,7,-7
112900001,0,0,0
112900002,0,0,0
112900003,0,0,0
112900004,0,0,0
112900005,0,0,0
112900007,0,0,0
112900008,0,0,0
112900009,0,0,0
112900010,0,0,0
112900011,0,0,0
112900012,0,0,0
112900013,0,0,0
112900014,0,0,0
112900015,0,0,0
112900016,0,0,0
112900017,0,0,0
112900018,0,0,0
112900019,0,0,0
112900020,0,0,0
112900021,0,0,0
112900022,0,0,0
112900023,0,0,0
112900024,0,0,0
112900025,0,0,0
112900026,0,0,0
112900027,0,0,0
112900028,0,0,0
112900029,0,0,0
112900030,0,0,0
112900031,0,0,0
112900032,0,0,0
112900034,0,0,0
112900035,0,0,0
112900036,0,0,0
112900037,0,0,0
112900038,0,0,0
112900039,0,0,0
112900040,0,0,0
112900041,0,0,0
112900042,0,0,0
112900043,0,0,0
112900044,0,0,0
112900045,0,0,0
112900046,0,0,0
112900047,0,0,0
112900049,0,0,0
112900050,0,0,0
112900051,0,0,0
112900052,0,0,0
112900053,0,0,0
112900054,0,0,0
112900055,0,0,0
112900056,0,0,0
112900057,0,0,0
112900058,0,0,0
112900059,0,0,0
112900060,0,0,0
112900061,0,0,0
112900062,0,0,0
112900063,0,0,0
112900064,0,0,0
112900065,0,0,0
112900066,0,0,0
112900067,0,0,0
112900068,0,0,0
112900069,0,0,0
112900071,0,0,0
112900072,0,0,0
112900073,0,0,0
112900074,0,0,0
112900075,0,0,0
112900076,0,0,0
112900078,0,0,0
112900079,0,0,0
112900080,0,0,0
112900081,0,0,0
112900082,0,0,0
112900083,0,0,0
112900084,0,0,0
112900086,0,0,0
112900087,0,0,0
112900088,0,0,0
112900089,0,0,0
112900090,0,0,0
112900091,0,0,0
112900092,0,0,0
112900093,0,0,0
112900095,0,0,0
112900096,0,0,0
112900097,0,0,0
112900098,0,0,0
112900099,0,0,0
112900100,0,0,0
112900101,0,0,0
112900102,0,0,0
112900103,0,0,0
112900104,0,0,0
112900105,0,0,0
112900106,0,0,0
112900107,0,0,0
112900108,0,0,0
112900109,0,0,0
112900110,0,0,0
112900111,0,0,0
112900112,0,0,0
112900113,0,0,0
112900114,0,0,0
112900115,0,0,0
112900116,0,0,0
112900117,0,0,0
112900118,0,0,0
112900119,0,0,0
112900120,0,0,0
112900121,0,0,0
112900122,0,0,0
112900123,0,0,0
112900124,0,0,0
112900125,0,0,0
112900126,0,0,0
112900127,0,0,0
112900128,0,0,0
112900129,0,0,0
112900130,0,0,0
112900131,0,0,0
112900132,0,0,0
112900133,0,0,0
112900134,0,0,0
112900135,0,0,0
112900137,0,0,0
112900138,0,0,0
112900139,0,0,0
112900141,0,0,0
112900142,0,0,0
112900143,0,0,0
112900144,0,0,0
112900145,0,0,0
112900146,0,0,0
112900147,0,0,0
112900148,0,0,0
112900149,0,0,0
112900151,0,0,0
112900152,0,0,0
112900153,0,0,0
112900154,0,0,0
112900155,0,0,0
112900156,0,0,0
112900157,0,0,0
112900158,0,0,0
112900159,0,0,0
112900160,0,0,0
112900161,0,0,0
112900162,0,0,0
112900163,0,0,0
112900164,0,0,0
112900165,0,0,0
112900166,0,0,0
112900167,0,0,0
112900168,0,0,0
112900169,0,0,0
112900170,0,0,0
112900172,0,0,0
112900173,0,0,0
112900174,0,0,0
112900175,0,0,0
112900176,0,0,0
112900177,0,0,0
112900178,0,0,0
112900179,0,0,0
112900180,0,0,0
112900181,0,0,0
112900182,0,0,0
112900183,0,0,0
112900184,0,0,0
112900185,0,0,0
112900186,0,0,0
112900187,0,0,0
112900188,0,0,0
112900189,0,0,0
112900190,0,0,0
112900192,0,0,0
112900193,0,0,0
112900194,0,0,0
112900195,0,0,0
112900196,0,0,0
112900197,0,0,0
112900199,0,0,0
112900200,0,0,0
112900201,0,0,0
112900202,0,0,0
112900203,0,0,0
112900204,0,0,0
112900205,0,0,0
112900206,0,0,0
112900207,0,0,0
112900208,0,0,0
112900209,0,0,0
112900210,0,0,0
112900211,0,0,0
112900212,0,0,0
112900213,0,0,0
112900214,0,0,0
112900215,0,0,0
112900216,0,0,0
112900217,0,0,0
112900218,0,0,0
112900219,0,0,0
112900220,0,0,0
112900221,0,0,0
112900222,0,0,0
112900223,0,0,0
112900224,0,0,0
112900225,0,0,0
112900226,0,0,0
112900227,0,0,0
112900228,0,0,0
112900229,0,0,0
112900230,0,0,0
112900232,0,0,0
112900233,0,0,0
112900234,0,0,0
112900235,0,0,0
112900236,0,0,0
112900237,0,0,0
112900238,0,0,0
112900239,0,0,0
112900240,0,0,0
112900241,0,0,0
112900242,0,0,0
112900243,0,0,0
112900244,0,0,0
112900245,0,0,0
112900246,0,0,0
112900247,0,0,0
112900248,0,0,0
112900249,0,0,0
112900250,0,0,0
112900251,0,0,0
112900252,0,0,0
112900253,0,0,0
112900254,0,0,0
112900255,0,0,0
112900256,0,0,0
112900257,0,0,0
112900258,0,0,0
113000001,318,302,16
113000002,275,300,-25
113000003,151,110,41
113000004,128,109,19
113000005,55,70,-15
113000006,35,100,-65
113000007,94,54,40
113000008,100,61,39
113000009,80,29,51
113000010,260,52,208
113000011,0,0,0
113000012,608,103,505
113000013,21,38,-17
113000014,74,11,63
113000015,6,0,6
113000016,0,0,0
113000017,0,0,0
113000018,28,22,6
113000019,0,0,0
113000020,163,1,162
113000021,288,14,274
113000022,33,1,32
113000025,0,0,0
113000026,32,3,29
113000027,102,0,102
113000028,1,0,1
113000029,48,27,21
113000030,0,0,0
113000031,0,0,0
113000032,53,51,2
113000033,47,64,-17
113000034,0,0,0
113000035,0,0,0
113000036,0,0,0
113000037,0,0,0
113000038,0,0,0
113000039,0,0,0
113000040,0,0,0
113000042,0,0,0
113000051,107,96,11
113000052,124,50,74
113000053,37,15,22
113000054,22,26,-4
113000055,102,13,89
113000056,114,18,96
113000058,0,0,0
113000059,252,63,189
113000060,0,0,0
113000061,68,42,26
113000062,0,0,0
113000063,0,0,0
113000064,0,0,0
113000065,0,26,-26
113000066,132,12,120
113000067,21,3,18
113000068,2,14,-12
113000069,3,22,-19
113000070,97,14,83
113000071,22,29,-7
113000072,90,2,88
113000073,0,52,-52
113000074,100,3,97
113000075,185,6,179
113000076,1,89,-88
113000077,84,96,-12
113000078,0,0,0
113000079,0,0,0
113000080,86,59,27
113000081,87,70,17
113000082,0,0,0
113000083,150,137,13
113000084,21,1,20
113000085,243,132,111
113000086,13,12,1
113000087,133,441,-308
113000088,14,4,10
113000089,241,434,-193
113000090,0,22,-22
113000091,16,0,16
113000094,84,16,68
113000095,0,0,0
113000096,0,0,0
113000097,42,4,38
113000098,0,0,0
113000099,33,3,30
113000100,4,0,4
113000101,0,0,0
113000102,23,45,-22
113000103,0,0,0
113000104,272,182,90
113000105,603,101,502
113000106,0,0,0
113000107,306,344,-38
113000108,52,31,21
113000109,0,0,0
113000110,69,63,6
113000111,0,0,0
113000112,12,37,-25
113000113,48,30,18
113000114,0,0,0
113000116,0,0,0
113000117,0,0,0
113000118,0,2,-2
113000119,0,0,0
113000120,0,1,-1
113000121,0,0,0
113000124,50,12,38
113000125,0,0,0
113000127,0,0,0
113000128,0,0,0
113000129,0,0,0
113000133,15,1,14
113000134,1,82,-81
113000135,802,838,-36
113000137,238,203,35
113000139,29,41,-12
113000140,0,0,0
113000141,25,26,-1
113000142,0,0,0
113000143,6,20,-14
113000144,0,0,0
113000145,0,0,0
113000146,0,0,0
113000147,0,0,0
113000148,0,0,0
113000149,0,0,0
113000150,0,0,0
113000151,0,0,0
113000152,0,0,0
113000153,0,0,0
113000154,10,66,-56
113000155,66,68,-2
113000156,0,0,0
113000157,0,0,0
113000158,0,0,0
113000159,0,0,0
113000160,0,0,0
113000161,0,0,0
113000162,0,0,0
113000163,0,1,-1
113000164,0,0,0
113000166,66,3,63
113000167,0,0,0
113000168,0,0,0
113000169,88,5,83
113000170,207,13,194
113000171,0,0,0
113000172,58,13,45
113000173,16,10,6
113000174,0,0,0
113000175,44,4,40
113000176,276,4,272
113000177,0,0,0
113000178,0,0,0
113000179,146,20,126
113000180,141,0,141
113000181,36,20,16
113000182,12,1,11
113000183,0,45,-45
113000184,0,0,0
113000189,0,0,0
113000190,0,0,0
113000192,97,198,-101
113000193,96,18,78
113000194,15,31,-16
113000195,44,39,5
113000196,130,12,118
113000197,35,14,21
113000198,0,0,0
113000199,4,0,4
113000201,0,0,0
113000202,0,0,0
113000203,14,4,10
113000204,19,107,-88
113000205,0,0,0
113000206,0,0,0
113000207,0,0,0
113000208,0,0,0
113000209,0,0,0
113000210,0,0,0
113000211,0,1,-1
113000212,0,0,0
113000213,11,1,10
113000214,0,0,0
113000234,0,0,0
113000410,0,2,-2
113000411,32,112,-80
113000412,478,284,194
113000413,220,269,-49
113000414,257,408,-151
113000415,13,73,-60
113000416,44,54,-10
113000417,12,80,-68
113000418,426,171,255
113000419,63,76,-13
113000420,421,147,274
113000421,1574,1233,341
113000422,307,456,-149
113000423,291,349,-58
113000424,820,384,436
113000425,0,0,0
113000428,0,0,0
113000430,0,0,0
113000432,216,3,213
113000433,0,0,0
113000434,0,0,0
113000435,0,0,0
113000436,0,0,0
113000437,31,0,31
113000438,0,0,0
113000439,0,0,0
113000440,1,0,1
113000441,0,2,-2
113000442,0,0,0
113000443,9,0,9
113000444,0,0,0
113000445,2,0,2
113000446,0,0,0
113000448,0,0,0
113000449,1,0,1
113000450,0,8,-8
113000451,0,0,0
113000452,0,13,-13
113000453,0,0,0
113000454,1,26,-25
113000455,0,0,0
113000456,0,0,0
113000468,0,0,0
113000469,0,0,0
113000470,0,0,0
113000471,0,0,0
113000472,0,0,0
113000474,15,77,-62
113000475,49,74,-25
113000476,231,222,9
113000477,840,314,526
113000478,400,128,272
113000479,0,0,0
113000484,0,0,0
113000485,0,0,0
113000486,0,0,0
113000487,0,0,0
113000488,0,0,0
113000489,0,0,0
113000490,0,0,0
113000491,0,0,0
113000492,0,0,0
113000493,0,0,0
113000495,0,0,0
113000496,2,1,1
113000499,0,0,0
113900001,0,0,0
113900002,0,0,0
113900003,0,0,0
113900004,0,0,0
113900005,0,0,0
113900006,0,0,0
113900007,0,0,0
113900008,0,0,0
113900009,0,0,0
113900010,0,0,0
113900011,0,0,0
113900012,0,0,0
113900013,0,0,0
113900014,0,0,0
113900015,0,0,0
113900016,0,0,0
113900017,0,0,0
113900018,0,0,0
113900019,0,0,0
113900020,0,0,0
113900022,0,0,0
113900023,0,0,0
113900024,0,0,0
113900025,0,0,0
113900026,0,0,0
113900027,0,0,0
113900028,0,0,0
113900029,0,0,0
113900030,0,0,0
113900031,0,0,0
113900032,0,0,0
113900033,0,0,0
113900035,0,0,0
113900036,0,0,0
113900037,0,0,0
113900038,0,0,0
113900039,0,0,0
113900040,0,0,0
113900041,0,0,0
113900042,0,0,0
113900043,0,0,0
113900044,0,0,0
113900045,0,0,0
113900046,0,0,0
113900047,0,0,0
113900048,0,0,0
113900049,0,0,0
113900050,0,0,0
113900051,0,0,0
113900052,0,0,0
113900053,0,0,0
113900054,0,0,0
113900055,0,0,0
113900056,0,0,0
113900057,0,0,0
113900058,0,0,0
113900059,0,0,0
113900060,0,0,0
113900061,0,0,0
113900062,0,0,0
113900063,0,0,0
113900064,0,0,0
113900065,0,0,0
113900066,0,0,0
113900067,0,0,0
113900068,0,0,0
113900069,0,0,0
113900070,0,0,0
113900071,0,0,0
113900072,0,0,0
113900073,0,0,0
113900074,0,0,0
113900075,0,0,0
113900076,0,0,0
113900077,0,0,0
113900078,0,0,0
113900079,0,0,0
113900080,0,0,0
113900081,0,0,0
113900082,0,0,0
113900083,0,0,0
113900084,0,0,0
113900085,0,0,0
113900086,0,0,0
113900087,0,0,0
113900088,0,0,0
113900089,0,0,0
113900090,0,0,0
113900091,0,0,0
113900092,0,0,0
113900093,0,0,0
113900094,0,0,0
113900095,0,0,0
113900096,0,0,0
113900097,0,0,0
113900098,0,0,0
113900099,0,0,0
113900100,0,0,0
113900101,0,0,0
113900102,0,0,0
113900103,0,0,0
113900104,0,0,0
113900105,0,0,0
113900106,0,0,0
113900107,0,0,0
113900108,0,0,0
113900109,0,0,0
113900110,0,0,0
113900111,0,0,0
113900112,0,0,0
113900113,0,0,0
113900114,0,0,0
113900115,0,0,0
113900116,0,0,0
113900117,0,0,0
113900118,0,0,0
113900119,0,0,0
113900120,0,0,0
113900121,0,0,0
113900122,0,0,0
113900123,0,0,0
113900124,0,0,0
113900125,0,0,0
113900126,0,0,0
113900127,0,0,0
113900128,0,0,0
113900129,0,0,0
113900130,0,0,0
113900131,0,0,0
113900132,0,0,0
113900133,0,0,0
113900135,0,0,0
113900136,0,0,0
113900137,0,0,0
113900138,0,0,0
113900139,0,0,0
113900140,0,0,0
113900141,0,0,0
113900142,0,0,0
113900143,0,0,0
113900144,0,0,0
113900145,0,0,0
113900146,0,0,0
113900148,0,0,0
113900149,0,0,0
113900150,0,0,0
113900151,0,0,0
113900152,0,0,0
113900153,0,0,0
113900154,0,0,0
113900155,0,0,0
113900156,0,0,0
113900157,0,0,0
113900158,0,0,0
113900159,0,0,0
113900160,0,0,0
113900161,0,0,0
113900162,0,0,0
113900163,0,0,0
113900164,0,0,0
113900165,0,0,0
113900166,0,0,0
113900167,0,0,0
113900168,0,0,0
113900169,0,0,0
113900171,0,0,0
113900172,0,0,0
113900173,0,0,0
113900174,0,0,0
113900175,0,0,0
113900176,0,0,0
113900177,0,0,0
113900178,0,0,0
113900179,0,0,0
113900180,0,0,0
113900181,0,0,0
113900182,0,0,0
113900183,0,0,0
113900184,0,0,0
113900185,0,0,0
113900186,0,0,0
113900187,0,0,0
113900188,0,0,0
113900189,0,0,0
113900190,0,0,0
113900191,0,0,0
113900192,0,0,0
113900193,0,0,0
113900194,0,0,0
113900195,0,0,0
113900196,0,0,0
113900197,0,0,0
113900198,0,0,0
113900199,0,0,0
113900200,0,0,0
113900201,0,0,0
113900202,0,0,0
113900203,0,0,0
113900204,0,0,0
113900205,0,0,0
113900206,0,0,0
113900207,0,0,0
113900208,0,0,0
113900209,0,0,0
113900210,0,0,0
113900211,0,0,0
113900212,0,0,0
113900214,0,0,0
113900215,0,0,0
113900216,0,0,0
113900217,0,0,0
113900218,0,0,0
113900219,0,0,0
113900220,0,0,0
113900221,0,0,0
113900222,0,0,0
113900223,0,0,0
113900224,0,0,0
113900225,0,0,0
113900226,0,0,0
113900227,0,0,0
113900228,0,0,0
113900229,0,0,0
113900230,0,0,0
113900231,0,0,0
113900232,0,0,0
113900233,0,0,0
113900234,0,0,0
113900235,0,0,0
113900236,0,0,0
113900237,0,0,0
113900238,0,0,0
113900239,0,0,0
113900240,0,0,0
113900241,0,0,0
113900242,0,0,0
113900243,0,0,0
113900244,0,0,0
113900245,0,0,0
113900246,0,0,0
113900247,0,0,0
113900248,0,0,0
113900249,0,0,0
113900250,0,0,0
113900251,0,0,0
113900252,0,0,0
113900253,0,0,0
113900254,0,0,0
113900255,0,0,0
113900256,0,0,0
113900257,0,0,0
113900258,0,0,0
113900259,0,0,0
113900260,0,0,0
113900261,0,0,0
113900262,0,0,0
113900263,0,0,0
113900264,0,0,0
113900265,0,0,0
113900266,0,0,0
113900267,0,0,0
113900268,0,0,0
113900269,0,0,0
113900270,0,0,0
113900271,0,0,0
113900273,0,0,0
113900274,0,0,0
113900275,0,0,0
113900276,0,0,0
113900277,0,0,0
113900278,0,0,0
113900279,0,0,0
113900280,0,0,0
113900281,0,0,0
113900282,0,0,0
113900283,0,0,0
113900284,0,0,0
113900285,0,0,0
113900286,0,0,0
113900287,0,0,0
113900288,0,0,0
113900289,0,0,0
113900290,0,0,0
113900291,0,0,0
113900292,0,0,0
113900293,0,0,0
113900294,0,0,0
113900295,1,26,-25
113900296,0,0,0
113900297,0,0,0
113900298,0,0,0
113900299,0,0,0
113900300,0,0,0
113900301,0,0,0
113900302,0,0,0
113900303,0,0,0
113900304,0,0,0
113900305,0,0,0
113900306,0,0,0
113900307,0,0,0
113900308,0,0,0
113900309,0,0,0
113900310,0,0,0
113900311,0,0,0
113900312,0,0,0
113900313,0,0,0
113900314,0,0,0
113900315,0,0,0
114000001,213,56,157
114000002,45,28,17
114000003,0,0,0
114000004,0,0,0
114000005,0,0,0
114000006,0,0,0
114000007,0,0,0
114000008,2,76,-74
114000009,22,41,-19
114000011,701,156,545
114000012,475,44,431
114000013,327,87,240
114000014,0,0,0
114000015,0,0,0
114000016,0,0,0
114000017,21,2,19
114000018,0,0,0
114000026,210,82,128
114000027,254,150,104
114000028,279,165,114
114000038,0,0,0
114000039,0,0,0
114000040,32,1,31
114000042,0,0,0
114000043,0,0,0
114000044,10,21,-11
114000045,0,0,0
114000046,0,0,0
114000047,0,0,0
114000048,1,26,-25
114000049,50,77,-27
114000050,12,122,-110
114000051,43,273,-230
114000052,64,112,-48
114000053,0,0,0
114000054,0,0,0
114000055,0,0,0
114000056,0,0,0
114000057,344,78,266
114000058,0,0,0
114000059,0,0,0
114000060,0,0,0
114000061,93,154,-61
114000062,7,136,-129
114000063,1,4,-3
114000064,10,0,10
114000065,7,22,-15
114000066,85,50,35
114000067,7,15,-8
114000068,48,11,37
114000069,67,4,63
114000070,743,300,443
114000071,0,0,0
114000072,0,0,0
114000073,2,0,2
114000074,0,0,0
114000075,51,0,51
114000076,1,5,-4
114000077,15,0,15
114000078,2,3,-1
114000079,0,0,0
114000080,4,4,0
114000081,8,5,3
114000082,0,0,0
114000083,0,0,0
114000084,0,0,0
114000085,0,0,0
114000086,0,0,0
114000087,0,0,0
114000088,2,1,1
114000089,2,2,0
114000090,62,80,-18
114000091,29,22,7
114000092,33,20,13
114000093,59,20,39
114000094,77,44,33
114000095,9,14,-5
114000096,0,0,0
114000097,0,0,0
114000098,71,4,67
114000099,0,0,0
114000100,918,1,917
114000101,0,0,0
114000102,118,7,111
114000103,0,0,0
114000104,0,0,0
114000105,0,0,0
114000106,0,0,0
114000107,0,0,0
114000108,0,0,0
114000109,429,201,228
114000110,0,0,0
114000111,542,140,402
114000112,0,0,0
114000113,384,28,356
114000114,0,0,0
114000115,689,75,614
114000116,391,116,275
114000117,1009,33,976
114000118,574,89,485
114000119,690,54,636
114000120,118,11,107
114000121,0,0,0
114000122,158,9,149
114000123,341,43,298
114000124,75,49,26
114000125,49,86,-37
114000126,270,35,235
114000127,4,5,-1
114000128,27,3,24
114000130,2,2,0
114000131,22,11,11
114000132,0,0,0
114000133,0,0,0
114000134,0,0,0
114000138,0,0,0
114000139,13,45,-32
114000144,145,61,84
114000145,0,0,0
114000146,0,0,0
114000147,285,53,232
114000148,5,5,0
114000149,29,66,-37
114000150,0,0,0
114000151,76,41,35
114000152,3,1,2
114000153,0,0,0
114000154,27,16,11
114000155,194,120,74
114000156,41,53,-12
114000157,28,47,-19
114000158,0,0,0
114000159,0,0,0
114000160,0,0,0
114000161,237,429,-192
114000162,680,579,101
114000163,0,0,0
114000165,30,31,-1
114000166,26,10,16
114000167,308,90,218
114000168,0,0,0
114000169,340,373,-33
114000170,470,219,251
114000171,760,127,633
114000174,0,0,0
114000176,0,0,0
114000177,0,0,0
114000178,3,4,-1
114000179,155,70,85
114000180,0,0,0
114000181,225,571,-346
114000182,127,162,-35
114000183,95,65,30
114000184,64,104,-40
114000185,242,88,154
114000189,308,10,298
114000190,845,8,837
114000191,0,0,0
114000192,0,41,-41
114000193,0,0,0
114000194,75,13,62
114000195,0,0,0
114000196,0,0,0
114000197,408,1,407
114000198,0,0,0
114000199,0,0,0
114000200,30,2,28
114000201,1,3,-2
114000202,226,110,116
114000203,107,25,82
114000204,0,0,0
114000205,0,12,-12
114000206,0,0,0
114000207,5,92,-87
114000208,3,30,-27
114000209,3,65,-62
114000210,0,79,-79
114000211,646,201,445
114000212,141,266,-125
114000213,560,231,329
114000214,5,0,5
114000215,0,0,0
114000216,285,95,190
114000217,85,17,68
114000218,24,0,24
114000219,325,13,312
114000220,0,27,-27
114000221,213,14,199
114000222,41,19,22
114000223,302,70,232
114000224,61,47,14
114000225,66,4,62
114000226,126,27,99
114000227,391,139,252
114000228,308,36,272
114000229,130,44,86
114000230,526,55,471
114000231,98,60,38
114000232,295,152,143
114000233,807,51,756
114000234,650,134,516
114000235,142,18,124
114000236,0,0,0
114000237,0,0,0
114000238,1,93,-92
114000239,0,0,0
114000240,86,47,39
114000241,27,42,-15
114000242,51,39,12
114000243,503,225,278
114000244,469,69,400
114000245,0,0,0
114000246,0,0,0
114000247,289,71,218
114000248,320,125,195
114000249,263,232,31
114000250,103,6,97
114000251,76,32,44
114000252,0,0,0
114000253,18,4,14
114000254,0,0,0
114000255,0,0,0
114000256,9,79,-70
114000257,1,133,-132
114000258,59,0,59
114000259,0,12,-12
114000260,0,0,0
114000261,73,21,52
114000262,0,0,0
114000263,36,2,34
114000264,0,0,0
114000265,0,0,0
114000267,4,239,-235
114000268,0,0,0
114000270,79,0,79
114000271,93,0,93
114000283,180,12,168
114000285,0,0,0
114000288,0,11,-11
114000289,0,0,0
114000293,40,4,36
114000294,3,15,-12
114000395,373,3,370
114000396,144,25,119
114000402,0,0,0
114000403,102,8,94
114000405,54,23,31
114000423,103,21,82
114000424,36,9,27
114000425,180,11,169
114000426,90,15,75
114000427,0,0,0
114000428,0,0,0
114000429,3,19,-16
114000432,0,0,0
114000434,0,0,0
114000435,0,0,0
114900001,0,0,0
114900002,0,0,0
114900003,0,0,0
114900004,0,0,0
114900005,0,0,0
114900006,0,0,0
114900007,0,0,0
114900008,0,0,0
114900010,0,0,0
114900011,0,0,0
114900013,0,0,0
114900018,0,0,0
114900020,0,0,0
114900022,0,0,0
114900025,0,0,0
114900026,0,0,0
114900029,0,0,0
114900030,0,0,0
114900031,0,0,0
114900032,0,0,0
114900034,0,0,0
114900035,0,0,0
114900036,0,0,0
114900039,0,0,0
114900040,0,0,0
114900041,0,0,0
114900042,0,0,0
114900044,0,0,0
114900047,0,0,0
114900048,0,0,0
114900049,0,0,0
114900050,0,0,0
114900051,0,0,0
114900052,0,0,0
114900053,0,0,0
114900054,0,0,0
114900057,0,0,0
114900058,0,0,0
114900059,0,0,0
114900063,0,0,0
114900064,0,0,0
114900065,0,0,0
114900067,0,0,0
114900068,0,0,0
114900069,0,0,0
114900070,0,0,0
114900072,0,0,0
114900073,0,0,0
114900074,0,0,0
114900075,0,0,0
114900076,0,0,0
114900080,0,0,0
114900082,0,0,0
114900083,0,0,0
114900090,0,0,0
114900091,0,0,0
114900097,0,0,0
114900098,0,0,0
114900099,0,0,0
115000001,91,116,-25
115000002,1360,475,885
115000003,146,98,48
115000004,1005,924,81
115000005,28,116,-88
115000006,491,347,144
115000007,0,0,0
115000008,136,137,-1
115000009,0,0,0
115000010,159,186,-27
115000013,0,0,0
115000015,0,0,0
115000016,0,0,0
115000019,39,141,-102
115000020,0,0,0
115000021,1,208,-207
115000022,1,27,-26
115000023,569,228,341
115000024,3,53,-50
115000025,354,112,242
115000026,0,0,0
115000027,248,84,164
115000028,0,0,0
115000029,689,11,678
115000030,1,48,-47
115000031,560,38,522
115000032,2,0,2
115000033,128,2,126
115000034,0,0,0
115000035,518,3,515
115000036,0,0,0
115000037,186,0,186
115000038,25,39,-14
115000039,0,37,-37
115000040,204,36,168
115000041,19,94,-75
115000042,75,24,51
115000043,822,581,241
115000044,457,75,382
115000045,143,8,135
115000046,669,259,410
115000047,1006,133,873
115000048,101,79,22
115000049,198,182,16
115000050,1223,365,858
115000051,431,195,236
115000052,139,136,3
115000053,383,218,165
115000054,92,72,20
115000055,0,0,0
115000056,51,68,-17
115000057,0,0,0
115000058,55,18,37
115000059,0,0,0
115000061,42,4,38
115000062,0,0,0
115000063,0,0,0
115000064,127,56,71
115000065,0,0,0
115000067,18,0,18
115000069,0,0,0
115000070,0,31,-31
115000071,26,0,26
115000072,0,0,0
115000073,241,3,238
115000075,0,0,0
115000076,488,251,237
115000077,285,163,122
115000078,139,112,27
115000079,306,166,140
115000080,420,208,212
115000081,0,0,0
115000082,1026,495,531
115000083,0,0,0
115000084,694,140,554
115000085,0,0,0
115000086,578,56,522
115000087,0,0,0
115000088,591,145,446
115000089,0,0,0
115000090,77,65,12
115000091,112,25,87
115000092,351,7,344
115000093,388,0,388
115000094,1370,369,1001
115000095,1000,207,793
115000096,154,30,124
115000097,198,50,148
115000098,305,12,293
115000099,752,193,559
115000100,582,92,490
115000101,9,16,-7
115000102,343,114,229
115000103,0,0,0
115000105,3,0,3
115000106,259,41,218
115000107,3,17,-14
115000108,83,53,30
115000109,929,792,137
115000110,230,67,163
115000111,21,111,-90
115000112,73,26,47
115000113,3,85,-82
115000114,50,42,8
115000116,91,65,26
115000117,77,27,50
115000118,92,176,-84
115000119,76,67,9
115000120,10,290,-280
115000121,79,81,-2
115000122,101,10,91
115000123,118,400,-282
115000124,57,34,23
115000125,107,68,39
115000126,11,42,-31
115000127,32,0,32
115000128,33,71,-38
115000129,48,15,33
115000130,91,1,90
115000131,84,25,59
115000132,116,1,115
115000133,66,1,65
115000134,81,5,76
115000135,31,0,31
115000136,71,12,59
115000137,0,0,0
115000138,146,6,140
115000139,0,0,0
115000140,183,19,164
115000141,0,0,0
115000142,0,0,0
115000143,204,66,138
115000144,0,0,0
115000145,0,0,0
115000146,107,36,71
115000147,0,0,0
115000148,0,0,0
115000149,4,18,-14
115000150,0,0,0
115000151,35,46,-11
115000152,0,0,0
115000153,7,20,-13
115000154,16,7,9
115000155,0,0,0
115000156,23,38,-15
115000157,0,0,0
115000158,0,0,0
115000159,0,0,0
115000160,0,0,0
115000161,0,0,0
115000162,283,84,199
115000163,0,0,0
115000164,0,0,0
115000165,38,43,-5
115000167,18,4,14
115000168,76,30,46
115000169,0,0,0
115000170,0,0,0
115000171,58,66,-8
115000172,0,0,0
115000173,3,7,-4
115000174,14,54,-40
115000175,0,0,0
115000176,1,9,-8
115000177,0,0,0
115000178,0,0,0
115000179,8,1,7
115000180,0,0,0
115000181,145,6,139
115000182,195,18,177
115000183,0,0,0
115000186,117,2,115
115000187,33,57,-24
115000188,115,29,86
115000189,9,41,-32
115000190,464,28,436
115000191,2,36,-34
115000194,0,0,0
115000195,36,2,34
115000196,6,0,6
115000197,0,0,0
115000198,46,1,45
115000199,0,0,0
115000200,43,0,43
115000201,0,0,0
115000206,160,1,159
115000207,0,0,0
115000208,24,29,-5
115000209,403,3,400
115000210,39,39,0
115000211,6,2,4
115000212,17,1,16
115000224,0,0,0
115000225,0,0,0
115000229,2,4,-2
115000230,0,0,0
115000231,101,11,90
115000232,395,1,394
115000233,0,0,0
115000234,0,0,0
115000241,0,0,0
115000242,0,0,0
115000243,0,0,0
115000244,0,0,0
115000246,0,0,0
115000247,0,0,0
115000248,0,0,0
115000249,0,0,0
115000250,0,0,0
115000251,0,0,0
115000252,0,0,0
115000253,0,0,0
115000258,0,0,0
115000259,0,0,0
115000261,0,0,0
115000262,0,0,0
115000263,0,0,0
115000264,0,0,0
115000267,0,0,0
115000268,0,0,0
115000269,0,0,0
115000270,0,0,0
115000272,0,0,0
115000273,0,0,0
115000280,53,373,-320
115000281,0,0,0
115000282,178,106,72
115000284,0,0,0
115000296,209,0,209
115000297,6,233,-227
115000298,0,0,0
115000300,0,0,0
115000302,43,16,27
115000303,89,5,84
115000304,93,30,63
115000305,0,0,0
115000306,0,0,0
115000307,0,0,0
115000308,0,0,0
115000310,0,0,0
115000311,366,41,325
115000313,0,0,0
115000314,35,44,-9
115000315,13,51,-38
115000316,0,0,0
115000317,59,0,59
115000318,335,9,326
115000319,0,24,-24
115000320,1,52,-51
115000321,93,5,88
115000322,0,41,-41
115000449,0,0,0
115000557,0,0,0
115000558,71,1,70
115000587,9,0,9
115000588,64,185,-121
115000589,1785,944,841
115000590,33,34,-1
115000591,400,368,32
115000592,18,66,-48
115000593,701,154,547
115000594,54,108,-54
115000609,2,11,-9
115000617,97,20,77
115000624,0,0,0
115000633,215,134,81
115000634,1177,154,1023
115000635,293,43,250
115000638,0,0,0
115000641,0,0,0
115000642,129,11,118
115000643,3,15,-12
115000644,1,10,-9
115000646,40,115,-75
115000647,32,22,10
115000648,286,28,258
115000893,1320,334,986
115000894,0,75,-75
115000895,5,96,-91
115000896,792,133,659
115000897,26,25,1
115000898,63,5,58
115000899,8,17,-9
115000900,0,66,-66
115000901,2,11,-9
115000912,77,9,68
115000913,0,0,0
115000915,2,0,2
115000916,0,0,0
115000917,0,0,0
115000918,3,0,3
115000919,0,0,0
115000920,0,0,0
115000921,0,0,0
115000922,188,271,-83
115000923,8,71,-63
115000925,0,0,0
115000927,0,0,0
115000933,1,23,-22
115000934,0,0,0
115000935,0,0,0
115000936,0,0,0
115000937,23,45,-22
115000938,8,1,7
115000939,5,31,-26
115000940,0,2,-2
115000941,0,0,0
115000942,0,3,-3
115000943,0,0,0
115000944,0,0,0
115900001,0,0,0
115900002,0,0,0
115900003,0,0,0
115900004,0,0,0
115900005,0,0,0
115900006,0,0,0
115900008,0,0,0
115900009,0,0,0
115900010,0,0,0
115900011,0,0,0
115900012,0,0,0
115900013,0,0,0
115900014,0,0,0
115900015,0,0,0
115900016,0,0,0
115900017,0,0,0
115900018,0,0,0
115900019,0,0,0
115900020,0,0,0
115900021,0,0,0
115900022,0,0,0
115900023,0,0,0
115900025,0,0,0
115900026,0,0,0
115900027,0,0,0
115900028,0,0,0
115900029,0,0,0
115900030,0,0,0
115900031,0,0,0
115900032,0,0,0
115900033,0,0,0
115900034,0,0,0
115900035,0,0,0
115900036,0,0,0
115900037,0,0,0
115900038,0,0,0
115900039,0,0,0
115900041,0,0,0
115900042,0,0,0
115900043,0,0,0
115900044,0,0,0
115900046,0,0,0
115900047,0,0,0
115900049,0,0,0
115900051,0,0,0
115900052,0,0,0
115900053,0,0,0
115900054,0,0,0
115900055,0,0,0
115900056,0,0,0
115900057,0,0,0
115900058,0,0,0
115900060,0,0,0
115900061,0,0,0
115900062,0,0,0
115900063,0,0,0
115900064,0,0,0
115900065,0,0,0
115900066,0,0,0
115900067,0,0,0
115900068,0,0,0
115900069,0,0,0
115900070,0,0,0
115900071,0,0,0
115900072,0,0,0
115900073,0,0,0
115900074,0,0,0
115900075,0,0,0
115900076,0,0,0
115900077,0,0,0
115900078,0,0,0
115900079,0,0,0
115900080,0,0,0
115900081,0,0,0
115900082,0,0,0
115900084,0,0,0
115900085,0,0,0
115900086,0,0,0
115900088,0,0,0
115900089,0,0,0
115900090,0,0,0
115900091,0,0,0
115900092,0,0,0
115900093,0,0,0
115900094,0,0,0
115900096,0,0,0
115900097,0,0,0
115900098,0,0,0
115900099,0,0,0
115900100,0,0,0
115900101,0,0,0
115900102,0,0,0
115900103,0,0,0
115900104,0,0,0
115900105,0,0,0
115900106,0,0,0
115900107,0,0,0
115900108,0,0,0
115900109,0,0,0
115900110,0,0,0
115900111,0,0,0
115900112,0,0,0
115900113,0,0,0
115900114,0,0,0
115900115,0,0,0
115900116,0,0,0
115900117,0,0,0
115900118,0,0,0
115900119,0,0,0
115900120,0,0,0
115900121,0,0,0
115900124,0,0,0
115900125,0,0,0
115900126,0,0,0
115900127,0,0,0
115900128,0,0,0
115900129,0,0,0
115900130,0,0,0
115900131,0,0,0
115900132,0,0,0
115900134,0,0,0
115900135,0,0,0
115900137,0,0,0
115900139,0,0,0
115900140,0,0,0
115900141,0,0,0
115900142,0,0,0
115900143,0,0,0
115900144,0,0,0
115900146,0,0,0
115900147,0,0,0
115900148,0,0,0
115900149,0,0,0
115900150,0,0,0
115900151,0,0,0
115900152,0,0,0
115900153,0,0,0
115900154,0,0,0
115900155,0,0,0
115900156,0,0,0
115900157,0,0,0
115900158,0,0,0
115900159,0,0,0
115900160,0,0,0
115900161,0,0,0
115900163,0,0,0
115900164,0,0,0
115900166,0,0,0
115900168,0,0,0
115900171,0,0,0
115900172,0,0,0
115900173,0,0,0
115900174,0,0,0
115900175,0,0,0
115900178,0,0,0
115900179,0,0,0
115900180,0,0,0
115900181,0,0,0
115900182,0,0,0
115900183,0,0,0
115900184,0,0,0
115900187,0,0,0
115900189,0,0,0
115900190,0,0,0
115900191,0,0,0
115900192,0,0,0
115900193,0,0,0
115900194,0,0,0
115900195,0,0,0
115900198,0,0,0
115900199,0,0,0
115900200,0,0,0
115900201,0,0,0
115900202,0,0,0
115900203,0,0,0
115900204,0,0,0
115900205,0,0,0
115900206,0,0,0
115900207,0,0,0
115900208,0,0,0
115900209,0,0,0
115900210,0,0,0
115900211,0,0,0
115900212,0,0,0
115900213,0,0,0
115900214,0,0,0
115900215,0,0,0
115900216,0,0,0
115900217,0,0,0
115900218,0,0,0
115900219,0,0,0
115900220,0,0,0
115900221,0,0,0
115900222,0,0,0
115900223,0,0,0
115900224,0,0,0
115900225,0,0,0
115900226,0,0,0
115900227,0,0,0
115900228,0,0,0
115900229,0,0,0
115900230,0,0,0
115900231,0,0,0
115900232,0,0,0
115900233,0,0,0
115900234,0,0,0
115900235,0,0,0
115900236,0,0,0
115900237,0,0,0
115900238,0,0,0
115900239,0,0,0
115900240,0,0,0
115900241,0,0,0
115900242,0,1,-1
115900243,0,0,0
115900244,0,0,0
115900245,0,0,0
115900246,0,0,0
115900247,0,0,0
115900248,0,0,0
115900249,0,0,0
115900250,0,0,0
115900251,0,0,0
115900252,0,0,0
115900253,0,0,0
115900254,0,0,0
115900255,0,0,0
115900256,0,0,0
115900257,0,0,0
115900258,0,0,0
115900259,0,0,0
115900260,0,0,0
115900261,0,0,0
115900262,0,0,0
115900263,0,0,0
115900264,0,0,0
115900265,0,0,0
115900266,0,0,0
115900267,0,0,0
115900268,0,0,0
115900269,0,0,0
115900270,0,0,0
115900271,0,0,0
115900272,0,0,0
115900273,0,0,0
115900274,0,0,0
115900275,0,0,0
115900276,0,0,0
115900277,0,0,0
115900278,0,0,0
115900279,0,0,0
115900280,0,0,0
115900281,0,0,0
115900282,0,0,0
115900283,0,0,0
115900284,0,0,0
116000001,117,259,-142
116000002,1390,2177,-787
116000003,22,110,-88
116000004,454,1892,-1438
116000005,27,153,-126
116000006,272,625,-353
116000007,83,173,-90
116000008,647,467,180
116000009,8,104,-96
116000010,620,455,165
116000011,38,201,-163
116000012,569,144,425
116000013,125,527,-402
116000014,0,0,0
116000015,0,1,-1
116000016,826,101,725
116000017,46,5,41
116000018,105,30,75
116000019,66,1,65
116000020,463,34,429
116000021,98,0,98
116000022,119,52,67
116000023,1,2,-1
116000024,234,20,214
116000025,4,6,-2
116000026,422,63,359
116000027,220,91,129
116000028,530,657,-127
116000029,0,0,0
116000030,464,321,143
116000031,0,0,0
116000032,163,1,162
116000033,419,179,240
116000034,1350,1369,-19
116000035,407,112,295
116000036,0,0,0
116000037,3,25,-22
116000038,7,80,-73
116000039,0,0,0
116000040,72,174,-102
116000041,0,0,0
116000042,267,326,-59
116000043,0,0,0
116000044,0,0,0
116000045,1727,1811,-84
116000046,163,99,64
116000047,187,53,134
116000048,1554,726,828
116000049,1545,690,855
116000050,492,238,254
116000051,1934,464,1470
116000052,750,169,581
116000053,851,300,551
116000054,0,0,0
116000055,0,0,0
116000056,431,1229,-798
116000057,0,0,0
116000058,73,145,-72
116000059,535,2541,-2006
116000060,92,72,20
116000061,94,345,-251
116000062,59,25,34
116000063,124,529,-405
116000066,51,335,-284
116000067,0,0,0
116000068,29,117,-88
116000069,0,0,0
116000078,142,341,-199
116000080,0,0,0
116000082,0,0,0
116000083,218,66,152
116000084,42,224,-182
116000085,274,61,213
116000086,9,85,-76
116000087,701,195,506
116000088,42,29,13
116000089,0,0,0
116000090,1,2,-1
116000091,0,0,0
116000093,197,166,31
116000094,1,62,-61
116000095,260,22,238
116000096,47,105,-58
116000097,315,16,299
116000098,7,197,-190
116000099,446,3,443
116000100,51,0,51
116000101,16,1,15
116000102,88,29,59
116000103,95,26,69
116000104,17,8,9
116000105,81,2,79
116000106,34,5,29
116000107,165,4,161
116000108,0,4,-4
116000111,1,0,1
116000113,44,3,41
116000114,0,0,0
116000115,61,29,32
116000116,0,0,0
116000117,235,415,-180
116000118,0,0,0
116000119,1088,430,658
116000120,0,0,0
116000121,185,139,46
116000122,0,0,0
116000123,813,71,742
116000124,0,0,0
116000125,820,45,775
116000126,0,0,0
116000127,0,0,0
116000128,770,113,657
116000129,0,0,0
116000130,0,0,0
116000133,355,9,346
116000134,160,14,146
116000135,765,193,572
116000136,132,125,7
116000137,316,100,216
116000138,0,0,0
116000139,483,1009,-526
116000140,0,1,-1
116000141,26,2,24
116000142,262,616,-354
116000143,466,157,309
116000144,197,166,31
116000145,1609,306,1303
116000146,128,1,127
116000147,126,324,-198
116000148,0,4,-4
116000149,0,0,0
116000151,18,98,-80
116000153,120,612,-492
116000155,167,445,-278
116000156,1,30,-29
116000157,71,0,71
116000158,539,44,495
116000159,65,0,65
116000160,0,0,0
116000161,0,0,0
116000162,0,0,0
116000163,0,0,0
116000164,0,0,0
116000177,13,0,13
116000194,0,0,0
116000195,628,113,515
116000196,0,0,0
116000197,0,0,0
116000198,540,452,88
116000200,0,24,-24
116000201,0,0,0
116000202,0,1,-1
116000203,0,0,0
116000204,0,0,0
116000205,0,0,0
116000206,0,0,0
116000207,0,0,0
116000233,0,0,0
116000287,0,0,0
116000288,148,79,69
116000292,0,0,0
116000296,0,5,-5
116000297,0,0,0
116000304,0,0,0
116000305,0,0,0
116000346,0,0,0
116000352,0,0,0
116000354,0,0,0
116000357,0,0,0
116000358,0,0,0
116000361,0,0,0
116000372,0,0,0
116000381,0,0,0
116000388,0,0,0
116000389,151,13,138
116000445,0,0,0
116000446,371,36,335
116000447,0,0,0
116000448,505,206,299
116000563,129,1156,-1027
116000565,0,0,0
116000568,0,0,0
116000579,0,0,0
116000583,0,0,0
116000584,0,0,0
116000585,0,0,0
116000586,0,0,0
116000587,599,1,598
116000589,0,0,0
116000590,20,1,19
116000591,121,26,95
116000592,1,0,1
116000593,0,0,0
116000594,0,0,0
116000595,0,0,0
116000596,0,0,0
116000597,93,2,91
116000598,0,0,0
116000605,0,0,0
116000606,5,23,-18
116000607,0,0,0
116000609,0,0,0
116000611,0,0,0
116000612,1100,281,819
116000613,293,137,156
116000614,0,0,0
116000615,0,0,0
116000616,0,0,0
116000617,0,0,0
116000618,0,0,0
116000619,1,2,-1
116000620,562,11,551
116000621,1,41,-40
116000622,35,35,0
116000624,0,4,-4
116000627,0,0,0
116000628,0,0,0
116000629,0,0,0
116000630,3,0,3
116000631,0,0,0
116000632,208,0,208
116000633,75,0,75
116000634,0,0,0
116000635,1358,1582,-224
116000636,121,242,-121
116000637,0,0,0
116000638,99,5,94
116000639,12,0,12
116000640,30,1,29
116000641,0,0,0
116000643,0,0,0
116000644,0,0,0
116000645,0,0,0
116900001,0,0,0
116900002,0,0,0
116900003,0,0,0
116900004,0,0,0
116900005,0,0,0
116900006,1,2,-1
116900007,0,0,0
116900008,0,0,0
116900009,0,0,0
116900010,0,0,0
116900011,0,0,0
116900012,0,0,0
116900013,0,0,0
116900014,0,0,0
116900015,0,0,0
116900016,0,0,0
116900017,0,0,0
116900018,0,0,0
116900019,0,0,0
116900020,0,0,0
116900023,0,0,0
116900024,0,0,0
116900025,0,0,0
116900026,0,0,0
116900027,0,0,0
116900028,0,0,0
116900029,0,0,0
116900031,0,0,0
116900032,0,0,0
116900033,0,0,0
116900034,0,0,0
116900035,0,0,0
116900036,0,0,0
116900038,0,0,0
116900041,0,0,0
116900042,0,0,0
116900043,0,0,0
116900047,0,0,0
116900049,0,0,0
116900050,0,0,0
116900051,0,0,0
116900052,0,0,0
116900055,0,0,0
116900057,0,0,0
116900058,0,0,0
116900059,0,0,0
116900060,0,0,0
116900062,0,0,0
116900064,0,0,0
116900065,0,0,0
116900067,0,0,0
116900068,0,0,0
116900070,0,0,0
116900072,0,0,0
116900073,0,0,0
116900074,0,0,0
116900076,0,0,0
116900077,0,0,0
116900078,0,0,0
116900079,0,0,0
116900080,0,0,0
116900081,0,0,0
116900082,0,0,0
116900083,0,0,0
116900084,0,0,0
116900085,0,0,0
116900086,0,0,0
116900088,0,0,0
116900090,0,0,0
116900091,0,0,0
116900092,0,0,0
116900093,0,0,0
116900094,0,0,0
116900095,0,0,0
116900096,0,0,0
116900097,0,0,0
116900098,0,0,0
116900099,0,0,0
116900100,0,0,0
116900101,0,0,0
116900103,0,0,0
116900104,0,0,0
116900105,0,0,0
116900106,0,0,0
116900107,0,0,0
116900110,0,0,0
116900111,239,3,236
116900112,46,1,45
116900113,34,40,-6
116900116,0,0,0
116900117,0,0,0
116900118,0,0,0
116900120,0,0,0
116900121,0,0,0
116900122,0,0,0
116900123,0,0,0
116900124,0,0,0
116900125,0,0,0
116900126,0,0,0
116900128,0,0,0
116900129,0,0,0
116900130,0,0,0
116900131,0,0,0
116900132,0,0,0
116900133,0,0,0
116900134,0,0,0
116900136,0,0,0
116900137,0,0,0
116900138,0,0,0
116900139,0,0,0
116900140,0,0,0
116900141,0,0,0
116900142,0,0,0
116900143,0,0,0
116900144,0,0,0
116900145,0,0,0
116900147,0,0,0
116900148,0,0,0
116900149,0,0,0
116900150,0,0,0
116900151,0,0,0
116900153,0,0,0
116900154,0,0,0
116900155,0,0,0
116900157,0,0,0
116900158,0,0,0
116900159,0,0,0
116900160,0,0,0
116900161,0,0,0
116900162,0,0,0
116900163,0,0,0
116900164,0,0,0
116900165,0,0,0
116900166,0,0,0
116900167,0,0,0
116900168,0,0,0
116900169,0,0,0
116900170,0,0,0
116900171,0,0,0
116900172,0,0,0
116900173,0,0,0
116900174,0,0,0
116900175,0,0,0
116900178,0,0,0
116900179,0,0,0
116900180,0,0,0
116900182,0,0,0
116900183,0,0,0
116900185,0,0,0
116900186,0,0,0
116900187,0,0,0
116900188,0,0,0
116900189,0,0,0
116900191,0,0,0
116900192,0,0,0
116900194,0,0,0
116900195,0,0,0
116900196,0,0,0
116900197,0,0,0
116900198,0,0,0
116900200,0,0,0
116900201,0,0,0
116900202,0,0,0
116900203,0,0,0
116900204,0,0,0
116900206,0,0,0
116900207,0,0,0
116900208,19,1,18
116900209,0,0,0
116900210,0,0,0
116900211,0,0,0
116900212,0,0,0
116900213,0,0,0
116900214,0,0,0
116900215,0,0,0
116900216,0,0,0
116900218,0,0,0
116900219,0,0,0
116900220,0,0,0
116900221,0,0,0
116900222,132,85,47
116900223,0,0,0
116900226,0,0,0
116900227,0,0,0
116900228,0,0,0
116900230,0,0,0
116900231,0,0,0
116900232,0,0,0
116900233,0,0,0
116900234,0,0,0
116900235,0,0,0
116900238,0,0,0
116900239,0,0,0
116900240,0,0,0
116900241,0,0,0
116900242,0,0,0
116900243,0,0,0
116900245,0,0,0
116900246,0,0,0
116900247,0,0,0
116900248,0,0,0
116900249,0,0,0
116900250,0,0,0
116900251,0,0,0
116900252,157,1,156
116900254,0,0,0
116900255,0,0,0
116900256,0,0,0
116900257,0,0,0
116900258,0,0,0
116900259,0,0,0
116900260,0,0,0
116900261,0,0,0
116900262,0,0,0
116900263,0,0,0
116900264,142,1,141
116900265,0,0,0
116900266,0,0,0
116900267,0,0,0
116900268,0,0,0
116900269,310,114,196
116900271,0,0,0
116900272,0,0,0
116900273,0,0,0
116900274,0,0,0
116900275,0,0,0
116900276,61,1,60
116900277,0,0,0
116900278,0,0,0
116900279,0,0,0
116900280,0,0,0
116900281,0,0,0
116900282,0,0,0
116900283,0,0,0
116900284,0,0,0
116900285,0,0,0
116900286,0,0,0
116900287,0,0,0
116900288,0,0,0
116900289,0,0,0
116900290,0,0,0
116900291,0,0,0
116900292,0,0,0
116900293,0,0,0
116900294,0,0,0
116900295,0,0,0
116900296,0,0,0
116900297,0,0,0
116900298,0,0,0
116900299,0,0,0
116900300,0,0,0
116900301,0,0,0
116900302,0,0,0
116900303,0,0,0
116900304,0,0,0
116900305,0,0,0
116900306,20,2,18
116900307,0,0,0
116900308,0,0,0
116900309,0,0,0
116900310,0,0,0
117000001,989,529,460
117000002,6,61,-55
117000003,2400,1099,1301
117000004,229,189,40
117000005,1693,690,1003
117000006,78,135,-57
117000007,3153,693,2460
117000008,76,173,-97
117000009,2071,436,1635
117000010,127,103,24
117000011,1171,306,865
117000012,218,75,143
117000013,1085,185,900
117000014,30,273,-243
117000015,494,178,316
117000016,44,1,43
117000017,40,17,23
117000018,1,17,-16
117000019,22,11,11
117000020,63,25,38
117000021,72,1,71
117000022,82,28,54
117000023,13,25,-12
117000024,0,0,0
117000025,0,0,0
117000026,711,1021,-310
117000027,0,0,0
117000028,349,242,107
117000030,171,27,144
117000031,189,311,-122
117000032,439,305,134
117000033,281,348,-67
117000034,190,61,129
117000035,694,140,554
117000036,83,118,-35
117000037,605,71,534
117000038,111,104,7
117000039,479,50,429
117000040,0,0,0
117000041,463,31,432
117000044,0,0,0
117000045,65,43,22
117000046,0,0,0
117000047,623,364,259
117000048,0,0,0
117000049,0,48,-48
117000050,3,2,1
117000051,528,123,405
117000052,0,0,0
117000053,0,0,0
117000054,1224,63,1161
117000055,0,29,-29
117000056,339,40,299
117000057,0,11,-11
117000060,0,0,0
117000061,437,392,45
117000062,0,0,0
117000063,368,105,263
117000064,0,0,0
117000066,1,2,-1
117000067,61,80,-19
117000074,0,47,-47
117000076,0,8,-8
117000077,95,81,14
117000078,0,0,0
117000079,56,4,52
117000080,0,0,0
117000081,161,2,159
117000082,0,0,0
117000083,48,0,48
117000084,52,0,52
117000085,26,19,7
117000086,192,207,-15
117000087,18,40,-22
117000088,238,110,128
117000089,1256,270,986
117000090,5,42,-37
117000091,823,93,730
117000092,4,45,-41
117000093,1456,154,1302
117000094,43,66,-23
117000095,1989,139,1850
117000096,26,98,-72
117000097,1288,200,1088
117000098,48,90,-42
117000099,1619,264,1355
117000100,0,0,0
117000101,0,0,0
117000102,829,286,543
117000103,25,47,-22
117000104,774,198,576
117000105,14,38,-24
117000106,947,258,689
117000107,88,23,65
117000108,839,649,190
117000109,146,18,128
117000110,952,1032,-80
117000111,1887,1402,485
117000112,777,417,360
117000113,0,0,0
117000114,2,0,2
117000115,0,0,0
117000116,3,2,1
117000117,97,122,-25
117000118,14,21,-7
117000119,7,109,-102
117000120,0,68,-68
117000121,1,61,-60
117000122,1,89,-88
117000123,46,87,-41
117000124,1,0,1
117000125,2,0,2
117000126,14,0,14
117000127,6,2,4
117000128,2,1,1
117000129,191,752,-561
117000130,5,0,5
117000131,0,0,0
117000132,1694,51,1643
117000133,0,0,0
117000134,0,0,0
117000135,0,0,0
117000136,0,0,0
117000137,0,0,0
117000138,1,0,1
117000140,27,74,-47
117000141,1144,210,934
117000181,0,0,0
117000182,0,0,0
117000195,0,0,0
117000196,0,0,0
117000225,0,0,0
117000226,0,0,0
117000276,0,0,0
117000277,0,0,0
117000310,1,376,-375
117000315,0,0,0
117000320,131,0,131
117000906,156,0,156
117000907,0,0,0
117000909,2,22,-20
117000910,0,0,0
117000911,3,33,-30
117000915,0,0,0
117000916,25,23,2
117000917,320,3,317
117000918,54,43,11
117000919,0,0,0
117000920,0,26,-26
117000921,0,0,0
117000922,6,8,-2
117000924,87,211,-124
117000926,76,13,63
117000927,88,478,-390
117000928,0,0,0
117000929,0,0,0
117000930,0,0,0
117000931,0,0,0
117900002,0,0,0
117900003,0,0,0
117900005,0,0,0
117900006,0,0,0
117900007,0,0,0
117900008,0,0,0
117900010,0,0,0
117900011,0,0,0
117900012,0,0,0
117900013,0,0,0
117900014,0,0,0
117900015,0,0,0
117900016,0,0,0
117900017,0,0,0
117900018,0,0,0
117900019,0,0,0
117900020,0,0,0
117900021,0,0,0
117900023,0,0,0
117900024,0,0,0
117900025,0,0,0
117900026,0,0,0
117900028,0,0,0
117900029,0,0,0
117900031,0,0,0
117900032,0,0,0
117900033,0,0,0
117900034,0,0,0
117900035,0,0,0
117900036,0,0,0
117900037,0,0,0
117900038,0,0,0
117900039,0,0,0
117900040,0,0,0
117900041,0,0,0
117900042,0,0,0
117900043,0,0,0
117900044,0,0,0
117900045,0,0,0
117900048,0,0,0
117900049,0,0,0
117900050,0,0,0
117900051,0,0,0
117900052,0,0,0
117900053,0,0,0
117900054,0,0,0
117900055,0,0,0
117900056,0,0,0
117900057,0,0,0
117900058,0,0,0
117900059,0,0,0
117900060,0,0,0
117900061,0,0,0
117900063,0,0,0
117900065,0,0,0
117900066,0,0,0
117900067,0,0,0
117900069,0,0,0
117900070,0,0,0
117900071,0,0,0
117900073,0,0,0
117900074,0,0,0
117900075,0,0,0
117900076,0,0,0
117900077,0,0,0
117900078,0,0,0
117900080,0,0,0
117900081,0,0,0
117900082,0,0,0
117900083,0,0,0
117900086,0,0,0
117900087,0,0,0
117900088,0,0,0
117900089,0,0,0
117900090,0,0,0
117900091,0,0,0
117900092,0,0,0
117900093,0,0,0
117900094,0,0,0
117900095,0,0,0
117900096,0,0,0
117900097,0,0,0
117900098,0,0,0
117900099,0,0,0
117900100,0,0,0
117900101,0,0,0
117900102,0,0,0
117900103,0,0,0
117900104,0,0,0
117900105,0,0,0
117900106,0,0,0
117900107,0,0,0
117900109,0,0,0
117900110,0,0,0
117900111,0,0,0
117900112,0,0,0
117900113,0,0,0
117900114,0,0,0
117900115,0,0,0
117900116,0,0,0
117900117,0,0,0
117900118,0,0,0
117900119,0,0,0
117900120,0,0,0
117900121,4,0,4
117900122,0,0,0
117900123,0,0,0
117900124,0,0,0
117900125,0,0,0
117900126,0,0,0
117900127,0,0,0
117900128,0,0,0
117900129,0,0,0
117900130,0,0,0
117900131,0,0,0
117900132,0,0,0
117900133,0,0,0
117900134,0,0,0
117900135,0,0,0
117900136,0,0,0
117900137,0,0,0
117900138,0,0,0
117900139,0,0,0
117900140,1,1,0
117900141,0,0,0
117900142,0,0,0
117900144,0,0,0
117900145,0,0,0
117900146,0,0,0
117900147,0,0,0
117900148,0,0,0
117900149,0,0,0
117900150,0,0,0
117900151,0,0,0
117900152,0,0,0
117900153,0,0,0
117900154,0,0,0
117900156,0,0,0
117900157,0,0,0
117900158,0,0,0
117900160,0,0,0
117900161,0,0,0
117900162,0,0,0
117900163,0,0,0
117900165,0,0,0
117900166,0,0,0
117900168,0,0,0
117900169,0,0,0
117900170,0,0,0
117900171,0,0,0
117900172,0,0,0
117900173,0,0,0
117900174,0,0,0
117900175,0,0,0
117900176,0,0,0
117900177,0,0,0
117900178,0,0,0
117900180,0,0,0
117900181,0,0,0
117900182,0,0,0
117900183,0,0,0
117900184,0,0,0
117900185,0,0,0
117900186,0,0,0
117900187,0,0,0
117900188,0,0,0
117900189,0,0,0
117900190,0,0,0
117900191,0,0,0
117900192,0,0,0
117900193,0,0,0
117900194,0,0,0
117900195,0,0,0
117900196,0,0,0
117900207,0,0,0
117900208,0,0,0
117900209,0,0,0
117900210,0,0,0
117900211,0,0,0
117900212,0,0,0
117900213,0,0,0
117900214,0,0,0
117900215,0,0,0
117900216,0,0,0
117900217,0,0,0
117900218,0,0,0
117900219,0,0,0
117900220,0,0,0
117900222,0,0,0
117900223,0,0,0
118000001,183,577,-394
118000002,7,78,-71
118000003,888,1911,-1023
118000004,38,69,-31
118000005,1580,1749,-169
118000006,152,159,-7
118000007,124,813,-689
118000008,158,343,-185
118000009,39,274,-235
118000010,183,444,-261
118000011,0,0,0
118000012,0,0,0
118000013,0,0,0
118000014,0,0,0
118000016,0,0,0
118000017,35,46,-11
118000018,0,0,0
118000019,3,3,0
118000020,0,0,0
118000021,0,3,-3
118000022,38,38,0
118000023,234,189,45
118000024,185,266,-81
118000027,141,93,48
118000029,44,344,-300
118000032,239,856,-617
118000033,617,1382,-765
118000034,41,77,-36
118000035,89,327,-238
118000036,50,155,-105
118000037,0,0,0
118000038,24,96,-72
118000039,0,0,0
118000040,137,153,-16
118000041,0,0,0
118000045,0,60,-60
118000046,2,326,-324
118000047,0,0,0
118000048,85,154,-69
118000051,6,257,-251
118000052,11,102,-91
118000053,10,57,-47
118000054,31,143,-112
118000055,1,32,-31
118000056,0,0,0
118000057,0,2,-2
118000058,0,0,0
118000059,2,22,-20
118000060,5,1,4
118000061,26,86,-60
118000062,0,0,0
118000063,0,27,-27
118000064,5,59,-54
118000065,34,52,-18
118000066,0,231,-231
118000067,4,46,-42
118000068,22,139,-117
118000069,2,37,-35
118000070,4,91,-87
118000071,68,68,0
118000072,242,519,-277
118000073,5,140,-135
118000074,1,11,-10
118000075,1,96,-95
118000076,770,2032,-1262
118000077,0,0,0
118000078,701,854,-153
118000079,26,77,-51
118000080,0,0,0
118000081,295,565,-270
118000082,0,0,0
118000083,0,0,0
118000084,0,0,0
118000086,0,0,0
118000087,65,76,-11
118000088,276,409,-133
118000089,328,199,129
118000090,1,41,-40
118000091,72,176,-104
118000092,0,0,0
118000093,0,0,0
118000096,0,0,0
118000097,0,0,0
118000098,0,0,0
118000099,0,0,0
118000101,338,262,76
118000102,123,36,87
118000107,25,21,4
118000108,43,9,34
118000110,0,0,0
118000111,0,0,0
118000112,161,0,161
118000113,0,0,0
118000114,126,1,125
118000115,1,0,1
118000116,9,0,9
118000117,28,10,18
118000118,278,337,-59
118000119,183,303,-120
118000120,59,4,55
118000121,0,0,0
118000122,0,0,0
118000123,0,0,0
118000125,0,0,0
118000126,3,17,-14
118000127,61,283,-222
118000128,0,0,0
118000129,87,66,21
118000130,12,26,-14
118000131,16,28,-12
118000132,265,366,-101
118000133,74,171,-97
118000135,111,192,-81
118000136,0,11,-11
118000137,0,0,0
118000138,1,0,1
118000139,0,0,0
118000140,0,11,-11
118000141,953,954,-1
118000142,0,0,0
118000143,340,569,-229
118000144,113,87,26
118000145,402,172,230
118000146,434,26,408
118000147,452,34,418
118000148,43,100,-57
118000149,13,0,13
118000150,362,115,247
118000151,51,30,21
118000153,577,610,-33
118000154,344,267,77
118000155,595,819,-224
118000156,175,109,66
118000157,358,54,304
118000158,5,1,4
118000159,69,168,-99
118000160,543,229,314
118000161,0,0,0
118000162,157,88,69
118000163,146,208,-62
118000164,684,242,442
118000168,0,0,0
118000169,0,0,0
118000170,16,10,6
118000171,0,1,-1
118000172,0,0,0
118000173,258,179,79
118000175,308,423,-115
118000176,346,490,-144
118000177,190,404,-214
118000178,0,0,0
118000179,629,748,-119
118000180,591,430,161
118000181,15,34,-19
118000182,50,101,-51
118000183,65,105,-40
118000184,902,242,660
118000185,0,0,0
118000186,0,0,0
118000187,93,1,92
118000188,0,0,0
118000189,0,1,-1
118000190,0,0,0
118000191,2,0,2
118000192,0,27,-27
118000193,0,0,0
118000194,561,762,-201
118000195,23,21,2
118000196,0,0,0
118000197,16,4,12
118000198,3,72,-69
118000199,183,173,10
118000200,0,0,0
118000201,0,0,0
118000202,0,0,0
118000203,0,0,0
118000204,2,44,-42
118000205,39,44,-5
118000206,39,23,16
118000207,0,0,0
118000208,200,309,-109
118000209,243,43,200
118000210,32,11,21
118000211,67,28,39
118000213,0,18,-18
118000214,51,26,25
118000215,0,0,0
118000216,0,0,0
118000217,0,0,0
118000218,0,0,0
118000219,0,0,0
118000220,40,16,24
118000221,0,0,0
118000222,0,0,0
118000223,2,1,1
118000224,0,0,0
118000225,0,0,0
118000226,34,2,32
118000227,27,85,-58
118000228,0,0,0
118000229,0,0,0
118000230,0,0,0
118000231,0,0,0
118000232,0,0,0
118000233,165,21,144
118000234,0,0,0
118000236,7,0,7
118000237,0,0,0
118000238,3,0,3
118000239,172,19,153
118000240,0,0,0
118000241,0,0,0
118000242,0,0,0
118000243,0,0,0
118000244,0,0,0
118000246,0,0,0
118000255,5,5,0
118000256,2,9,-7
118000259,0,0,0
118000260,0,0,0
118000261,0,0,0
118000263,0,0,0
118000266,0,1,-1
118000267,0,0,0
118000268,8,0,8
118000270,0,0,0
118000271,0,5,-5
118000272,0,0,0
118000273,0,0,0
118000274,0,0,0
118000276,0,0,0
118000295,0,0,0
118000298,0,0,0
118000299,0,0,0
118000301,0,0,0
118000302,0,0,0
118000311,0,0,0
118000312,0,0,0
118000313,0,0,0
118000314,0,0,0
118000315,0,0,0
118000316,0,0,0
118000325,48,0,48
118000326,0,0,0
118000331,2,0,2
118000332,30,0,30
118000333,72,1,71
118000335,51,0,51
118000336,0,0,0
118000407,0,0,0
118000457,0,0,0
118000465,70,151,-81
118000480,0,0,0
118000489,27,55,-28
118000490,0,0,0
118000492,143,47,96
118000510,0,0,0
118000514,2,12,-10
118000515,98,4,94
118000517,0,0,0
118000524,0,0,0
118000525,0,0,0
118000530,1,34,-33
118000531,149,30,119
118000532,0,0,0
118000533,0,0,0
118000534,0,0,0
118000535,93,36,57
118000536,0,0,0
118000537,0,0,0
118000538,0,0,0
118000539,1,36,-35
118000540,0,0,0
118000541,0,0,0
118000542,40,22,18
118000543,1,15,-14
118000546,0,0,0
118000553,0,0,0
118000560,0,0,0
118000562,0,0,0
118000563,378,720,-342
118000576,35,1,34
118000577,4,7,-3
118000578,23,4,19
118000579,5,3,2
118000583,0,0,0
118000595,45,90,-45
118000596,0,0,0
118000597,18,12,6
118000598,0,0,0
118000599,0,0,0
118000600,0,0,0
118000601,0,0,0
118000602,0,0,0
118000603,0,0,0
118000605,0,0,0
118000606,0,0,0
118900001,0,0,0
118900002,0,0,0
118900003,0,0,0
118900004,0,0,0
118900005,0,0,0
118900006,0,0,0
118900007,0,0,0
118900008,0,0,0
118900009,0,0,0
118900010,0,0,0
118900011,0,0,0
118900012,11,0,11
118900013,0,0,0
118900015,0,0,0
118900016,0,0,0
118900017,0,0,0
118900018,0,0,0
118900019,0,0,0
118900020,0,0,0
118900021,0,0,0
118900022,0,0,0
118900023,0,0,0
118900024,0,0,0
118900025,0,0,0
118900026,0,0,0
118900027,0,0,0
118900028,0,0,0
118900029,0,0,0
118900030,0,0,0
118900031,0,0,0
118900032,0,0,0
118900033,0,0,0
118900034,0,0,0
118900035,0,0,0
118900036,0,0,0
118900037,0,0,0
118900038,0,0,0
118900039,0,0,0
118900040,0,0,0
118900041,0,0,0
118900042,0,0,0
118900045,0,0,0
118900046,0,0,0
118900047,0,0,0
118900048,0,0,0
118900049,0,0,0
118900050,0,0,0
118900051,6,1,5
118900052,0,0,0
118900053,0,0,0
118900054,0,0,0
118900055,0,0,0
118900056,0,0,0
118900057,0,0,0
118900058,0,0,0
118900059,0,0,0
118900060,0,0,0
118900062,0,0,0
118900064,0,0,0
118900065,0,0,0
118900066,0,0,0
118900067,0,0,0
118900068,0,0,0
118900069,0,0,0
118900071,0,0,0
118900072,0,0,0
118900073,0,0,0
118900074,0,0,0
118900075,0,0,0
118900076,0,0,0
118900077,0,0,0
118900078,0,0,0
118900079,0,0,0
118900080,0,0,0
118900081,0,0,0
118900082,0,0,0
118900083,0,0,0
118900084,0,0,0
118900085,0,0,0
118900086,0,0,0
118900087,0,0,0
118900088,0,0,0
118900089,0,0,0
118900090,0,0,0
118900091,0,0,0
118900092,0,0,0
118900093,0,0,0
118900096,1,99,-98
118900097,0,0,0
118900099,0,0,0
118900100,0,0,0
118900101,0,0,0
118900102,0,0,0
118900103,0,0,0
118900104,0,0,0
118900105,0,0,0
118900107,0,0,0
118900108,0,0,0
118900110,0,0,0
118900111,0,0,0
118900112,0,0,0
118900113,0,0,0
118900114,0,0,0
118900115,0,0,0
118900116,0,0,0
118900117,0,0,0
118900118,0,0,0
118900119,0,0,0
118900120,0,0,0
118900121,0,0,0
118900122,0,0,0
118900123,0,0,0
118900124,0,0,0
118900126,0,0,0
118900129,0,0,0
118900130,0,0,0
118900131,0,0,0
118900132,0,0,0
118900133,0,0,0
118900135,0,0,0
118900136,0,0,0
118900137,0,0,0
118900139,0,0,0
118900140,0,0,0
118900141,0,0,0
118900144,0,0,0
118900145,0,0,0
118900146,0,0,0
118900147,0,0,0
118900148,0,0,0
118900150,0,0,0
118900152,0,0,0
118900157,0,0,0
118900158,0,0,0
118900159,0,0,0
118900161,0,0,0
118900163,0,0,0
118900164,0,0,0
118900165,0,0,0
118900166,0,0,0
118900167,0,0,0
118900168,0,0,0
118900169,0,0,0
118900170,0,0,0
118900171,0,0,0
118900174,0,0,0
118900175,0,0,0
118900176,0,0,0
118900177,0,0,0
118900178,0,0,0
118900179,0,0,0
118900181,3,0,3
118900182,0,0,0
118900183,0,0,0
118900184,0,0,0
118900185,0,0,0
118900186,0,0,0
118900187,0,0,0
118900188,0,0,0
118900189,0,0,0
118900190,0,0,0
118900191,0,0,0
118900192,0,0,0
118900193,0,0,0
118900195,0,0,0
118900196,0,0,0
118900197,0,0,0
118900198,0,0,0
118900199,0,0,0
118900200,0,0,0
118900201,0,0,0
118900202,0,0,0
118900203,0,0,0
118900204,0,0,0
118900205,0,0,0
118900206,0,0,0
119000001,625,486,139
119000002,674,177,497
119000003,61,100,-39
119000004,40,68,-28
119000005,194,59,135
119000006,165,49,116
119000007,601,524,77
119000008,0,0,0
119000009,311,427,-116
119000010,0,0,0
119000011,567,324,243
119000012,17,62,-45
119000013,1287,518,769
119000014,15,96,-81
119000019,0,0,0
119000020,56,28,28
119000021,105,96,9
119000022,0,0,0
119000023,128,120,8
119000024,211,1450,-1239
119000025,18,63,-45
119000026,0,0,0
119000027,1,20,-19
119000028,52,60,-8
119000029,0,0,0
119000030,5,129,-124
119000031,0,0,0
119000032,1,34,-33
119000033,348,79,269
119000034,5,0,5
119000035,0,4,-4
119000036,134,23,111
119000037,3,36,-33
119000038,2,17,-15
119000039,21,49,-28
119000040,3,315,-312
119000041,15,20,-5
119000048,330,121,209
119000049,43,36,7
119000050,9,0,9
119000051,44,107,-63
119000052,5,3,2
119000053,58,122,-64
119000054,210,70,140
119000055,1219,127,1092
119000056,600,297,303
119000057,82,54,28
119000058,86,29,57
119000059,665,159,506
119000060,0,0,0
119000061,62,72,-10
119000062,0,0,0
119000063,26,44,-18
119000064,43,36,7
119000065,24,16,8
119000066,138,90,48
119000067,187,53,134
119000068,116,8,108
119000069,283,99,184
119000070,114,22,92
119000071,0,0,0
119000072,314,93,221
119000073,100,75,25
119000074,318,85,233
119000075,228,48,180
119000076,0,0,0
119000077,0,0,0
119000078,0,0,0
119000079,0,0,0
119000080,0,0,0
119000081,0,0,0
119000082,0,0,0
119000083,0,0,0
119000084,0,0,0
119000085,0,0,0
119000086,0,0,0
119000087,0,0,0
119000088,0,0,0
119000089,0,0,0
119000090,0,0,0
119000091,0,0,0
119000092,0,0,0
119000093,326,103,223
119000094,1016,222,794
119000095,56,102,-46
119000097,209,55,154
119000098,204,577,-373
119000099,452,61,391
119000100,482,242,240
119000101,0,0,0
119000102,0,0,0
119000103,22,20,2
119000104,0,0,0
119000105,90,97,-7
119000106,0,0,0
119000107,123,124,-1
119000108,0,0,0
119000109,0,0,0
119000110,0,0,0
119000111,0,0,0
119000112,0,0,0
119000113,0,0,0
119000114,8,29,-21
119000115,0,0,0
119000116,3,39,-36
119000117,0,0,0
119000118,0,0,0
119000123,0,0,0
119000124,118,15,103
119000125,326,17,309
119000126,307,18,289
119000127,0,0,0
119000128,0,0,0
119000131,0,0,0
119000132,0,0,0
119000133,0,0,0
119000134,145,207,-62
119000135,0,0,0
119000136,0,0,0
119000137,0,0,0
119000138,0,0,0
119000139,0,0,0
119000140,0,0,0
119000284,0,0,0
119000285,0,0,0
119000286,0,0,0
119000287,0,0,0
119000288,0,0,0
119000289,0,0,0
119000290,62,7,55
119000291,0,0,0
119000293,0,5,-5
119000294,149,104,45
119000295,0,0,0
119000296,0,0,0
119000297,0,0,0
119000302,0,0,0
119000303,0,7,-7
119000310,0,0,0
119000314,0,0,0
119000315,0,0,0
119000316,0,0,0
119000317,0,0,0
119000319,0,0,0
119900001,0,0,0
119900002,0,0,0
119900003,0,0,0
119900004,0,0,0
119900005,0,0,0
119900006,0,0,0
119900007,0,0,0
119900008,0,0,0
119900009,0,0,0
119900010,0,0,0
119900011,0,0,0
119900012,0,0,0
119900013,0,0,0
119900014,0,0,0
119900015,0,0,0
119900016,0,0,0
119900017,0,0,0
119900018,0,0,0
119900019,0,0,0
119900020,0,0,0
119900021,0,0,0
119900022,0,0,0
119900023,0,0,0
119900025,0,0,0
119900026,0,0,0
119900027,0,0,0
119900028,0,0,0
119900029,0,0,0
119900030,0,0,0
119900031,0,0,0
119900033,0,0,0
119900034,0,0,0
119900037,0,0,0
119900038,0,0,0
119900039,0,0,0
119900040,0,0,0
119900041,0,0,0
119900042,0,0,0
119900043,0,0,0
119900044,0,0,0
119900046,0,0,0
119900047,0,0,0
119900049,0,0,0
119900050,0,0,0
119900051,0,0,0
119900052,0,0,0
119900053,0,0,0
119900054,0,0,0
119900055,0,0,0
119900057,0,0,0
119900058,0,0,0
119900059,0,0,0
119900060,0,0,0
119900061,0,0,0
119900062,0,0,0
119900063,0,0,0
119900065,0,0,0
119900067,0,0,0
119900068,0,0,0
119900069,0,0,0
119900070,0,0,0
119900071,0,0,0
119900073,0,0,0
119900074,0,0,0
119900075,0,0,0
119900076,0,0,0
119900077,0,0,0
119900078,0,0,0
119900079,0,0,0
119900080,0,0,0
119900081,0,0,0
119900082,0,0,0
119900083,0,0,0
119900084,0,0,0
119900085,0,0,0
119900086,0,0,0
119900087,0,0,0
119900088,0,0,0
119900089,0,0,0
119900090,0,0,0
119900091,0,0,0
119900092,0,0,0
119900093,0,0,0
119900094,0,0,0
119900095,0,0,0
119900096,0,0,0
119900097,0,0,0
119900098,0,0,0
119900099,0,0,0
119900100,0,0,0
119900101,0,0,0
119900102,0,0,0
119900103,0,0,0
119900104,0,0,0
119900105,0,0,0
119900106,0,0,0
119900107,0,0,0
119900108,0,0,0
119900109,0,0,0
119900110,0,0,0
119900111,0,0,0
119900112,0,0,0
119900113,0,0,0
119900114,0,0,0
119900115,0,0,0
119900116,0,0,0
119900117,0,0,0
119900118,0,0,0
119900119,0,0,0
119900120,0,0,0
119900121,0,0,0
119900122,0,0,0
119900123,0,0,0
119900124,0,0,0
119900125,0,0,0
119900126,0,0,0
119900127,0,0,0
119900128,0,0,0
119900129,0,0,0
119900130,0,0,0
119900131,0,0,0
119900132,0,0,0
119900133,0,0,0
119900134,0,0,0
119900135,0,0,0
119900136,0,0,0
119900138,0,0,0
119900139,0,0,0
119900140,0,0,0
119900141,0,0,0
119900142,0,0,0
119900143,0,0,0
119900144,0,0,0
119900145,0,0,0
119900146,0,0,0
119900147,0,0,0
119900148,0,0,0
119900149,0,0,0
119900150,0,0,0
119900151,0,0,0
119900152,0,0,0
119900153,0,0,0
119900154,0,0,0
119900155,0,0,0
119900156,0,0,0
119900157,0,0,0
119900158,0,0,0
119900159,0,0,0
119900160,0,0,0
119900161,0,0,0
119900162,0,0,0
119900163,0,0,0
119900164,0,0,0
119900165,0,0,0
119900166,0,0,0
119900167,0,0,0
119900168,0,0,0
119900169,0,0,0
119900170,0,0,0
119900171,0,0,0
119900172,0,0,0
119900173,0,0,0
119900174,0,0,0
119900175,0,0,0
119900177,0,0,0
119900178,0,0,0
119900179,0,0,0
119900180,0,0,0
119900181,0,0,0
119900182,0,0,0
119900183,0,0,0
119900184,0,0,0
119900185,0,0,0
119900186,0,0,0
119900187,0,0,0
119900188,0,0,0
119900189,0,0,0
119900190,0,0,0
119900191,0,0,0
119900192,0,0,0
119900193,0,0,0
119900194,0,0,0
119900195,0,0,0
119900196,0,0,0
119900197,0,0,0
119900198,0,0,0
119900199,0,0,0
119900200,0,0,0
119900201,0,0,0
119900202,0,0,0
119900203,0,0,0
119900204,0,0,0
119900205,0,0,0
119900206,0,0,0
119900208,0,0,0
119900209,0,0,0
119900210,0,0,0
119900211,0,0,0
119900212,0,0,0
119900213,0,0,0
119900214,0,0,0
119900215,0,0,0
119900216,0,0,0
119900217,0,0,0
119900218,0,0,0
119900219,0,0,0
119900220,0,0,0
119900221,0,0,0
119900222,0,0,0
119900223,0,0,0
119900224,0,0,0
119900225,0,0,0
119900226,0,0,0
119900227,0,0,0
119900228,0,0,0
119900229,0,0,0
119900230,0,0,0
119900231,0,0,0
119900232,0,0,0
119900233,0,0,0
119900234,0,0,0
119900235,0,0,0
119900236,0,0,0
119900237,0,0,0
119900238,0,0,0
119900240,0,0,0
119900241,0,0,0
119900242,0,0,0
119900244,0,0,0
119900245,0,0,0
119900246,0,0,0
119900247,0,0,0
119900248,0,0,0
119900249,0,0,0
119900253,0,0,0
119900254,0,0,0
119900255,0,0,0
119900256,0,0,0
119900257,0,0,0
119900258,0,0,0
119900259,0,0,0
119900260,0,0,0
119900261,0,0,0
119900262,0,0,0
119900263,0,0,0
119900264,0,0,0
119900265,0,0,0
119900266,0,0,0
119900267,0,0,0
119900268,0,0,0
119900269,0,0,0
119900271,0,0,0
119900272,0,0,0
119900275,0,0,0
119900276,0,0,0
119900277,0,0,0
119900278,0,0,0
119900279,0,0,0
119900280,0,0,0
119900281,0,0,0
119900282,0,0,0
119900283,0,0,0
119900284,0,0,0
119900285,0,0,0
119900286,0,0,0
119900288,0,0,0
119900289,0,0,0
119900290,0,0,0
119900291,0,0,0
119900292,0,0,0
119900293,0,0,0
119900294,0,0,0
119900295,0,0,0
119900296,0,0,0
119900297,0,0,0
119900298,0,0,0
119900299,0,0,0
119900300,0,0,0
119900301,0,0,0
119900302,0,0,0
119900303,0,0,0
119900304,0,0,0
119900305,0,0,0
119900306,0,0,0
119900307,0,0,0
119900308,0,0,0
119900309,0,0,0
119900310,0,0,0
119900311,0,0,0
119900312,0,0,0
119900313,0,0,0
119900314,0,0,0
119900315,0,0,0
119900318,0,0,0
119900319,0,0,0
119900320,0,0,0
119900321,0,0,0
120000001,2061,2376,-315
120000002,139,106,33
120000003,51,61,-10
120000004,83,138,-55
120000005,204,163,41
120000006,83,93,-10
120000007,186,91,95
120000008,25,91,-66
120000009,13,16,-3
120000010,157,58,99
120000011,12,87,-75
120000012,68,257,-189
120000013,755,235,520
120000014,237,287,-50
120000015,1167,522,645
120000016,2084,723,1361
120000017,609,455,154
120000018,1344,589,755
120000019,324,113,211
120000020,834,347,487
120000021,322,845,-523
120000022,2049,1250,799
120000023,509,318,191
120000024,355,376,-21
120000025,791,286,505
120000026,469,558,-89
120000027,552,691,-139
120000028,0,0,0
120000029,23,231,-208
120000030,5,142,-137
120000031,853,499,354
120000032,426,139,287
120000033,242,55,187
120000034,242,86,156
120000035,470,114,356
120000036,1168,1018,150
120000037,347,612,-265
120000038,290,742,-452
120000039,3,37,-34
120000040,6,13,-7
120000041,8,39,-31
120000042,60,53,7
120000043,131,60,71
120000044,71,13,58
120000045,23,1,22
120000046,62,25,37
120000047,8,21,-13
120000048,558,223,335
120000049,631,227,404
120000050,63,206,-143
120000051,62,244,-182
120000052,0,0,0
120000053,210,20,190
120000054,91,20,71
120000055,110,29,81
120000056,425,216,209
120000057,358,66,292
120000058,65,37,28
120000059,1,265,-264
120000061,0,1,-1
120000062,0,0,0
120000063,64,1,63
120000064,47,2,45
120000065,132,3,129
120000066,48,3,45
120000067,0,7,-7
120000068,6,50,-44
120000069,107,30,77
120000070,9,7,2
120000071,338,226,112
120000072,445,177,268
120000073,195,116,79
120000074,86,70,16
120000075,545,130,415
120000076,849,97,752
120000077,348,208,140
120000078,555,365,190
120000079,0,0,0
120000080,0,0,0
120000081,0,0,0
120000082,0,0,0
120000083,0,0,0
120000084,27,3,24
120000085,31,0,31
120000086,47,10,37
120000087,21,4,17
120000088,396,106,290
120000089,704,69,635
120000090,259,42,217
120000091,535,165,370
120000092,579,132,447
120000093,136,131,5
120000094,108,376,-268
120000095,0,0,0
120000096,0,0,0
120000098,119,0,119
120000099,46,0,46
120000100,101,0,101
120000101,48,0,48
120000102,62,701,-639
120000103,635,671,-36
120000104,1060,76,984
120000105,1615,52,1563
120000106,1502,30,1472
120000107,1664,46,1618
120000108,778,3,775
120000109,358,25,333
120000110,2,50,-48
120000111,0,12,-12
120000112,5,8,-3
120000113,3,10,-7
120000114,23,19,4
120000115,5,15,-10
120000116,20,22,-2
120000117,0,0,0
120000118,0,0,0
120000119,1,78,-77
120000120,0,0,0
120000121,15,87,-72
120000122,166,79,87
120000123,345,206,139
120000124,184,111,73
120000125,25,6,19
120000126,134,140,-6
120000127,223,96,127
120000128,163,6,157
120000129,151,53,98
120000130,503,108,395
120000131,121,76,45
120000134,0,0,0
120000135,0,0,0
120000137,0,0,0
120000138,0,0,0
120000139,0,0,0
120000140,0,0,0
120000141,0,0,0
120000142,0,0,0
120000143,0,0,0
120000144,0,0,0
120000145,0,0,0
120000146,359,700,-341
120000149,0,0,0
120000150,0,0,0
120000151,164,63,101
120000152,134,33,101
120000153,0,0,0
120000154,72,4,68
120000155,110,44,66
120000156,169,30,139
120000157,200,59,141
120000158,0,0,0
120000159,89,282,-193
120000160,564,214,350
120000161,253,190,63
120000162,12,158,-146
120000163,0,0,0
120000164,0,0,0
120000165,113,17,96
120000166,123,62,61
120000167,0,0,0
120000168,0,0,0
120000169,0,0,0
120000170,0,0,0
120000171,0,0,0
120000172,0,0,0
120000173,0,0,0
120000174,0,0,0
120000175,0,0,0
120000176,0,0,0
120000177,0,0,0
120000178,0,0,0
120000179,0,0,0
120000180,0,0,0
120000181,0,0,0
120000182,0,0,0
120000183,0,0,0
120000184,0,0,0
120000186,0,0,0
120000187,0,0,0
120000188,0,0,0
120000190,0,0,0
120000191,0,0,0
120000192,0,0,0
120000193,0,0,0
120000195,0,0,0
120000196,0,0,0
120000197,0,0,0
120000198,0,0,0
120000199,0,0,0
120000200,0,0,0
120000201,0,0,0
120000202,0,0,0
120000203,0,0,0
120000207,0,0,0
120000208,0,0,0
120000209,0,0,0
120000210,0,0,0
120000211,0,0,0
120000212,0,0,0
120000213,0,0,0
120000214,0,0,0
120000215,0,0,0
120000216,0,0,0
120000217,0,0,0
120000218,0,0,0
120000219,0,0,0
120000220,0,0,0
120000225,0,0,0
120000226,0,0,0
120000227,0,0,0
120000228,0,0,0
120000230,0,0,0
120000231,0,0,0
120000233,224,0,224
120000235,0,21,-21
120000236,947,10,937
120000237,0,0,0
120000238,0,0,0
120000241,536,484,52
120000412,0,0,0
120000413,0,0,0
120000414,0,0,0
120000415,0,0,0
120000416,0,0,0
120000417,0,0,0
120000418,0,0,0
120000419,0,0,0
120000420,23,0,23
120000421,522,411,111
120000422,0,0,0
120000423,0,0,0
120000424,0,0,0
120000436,130,32,98
120000437,0,0,0
120000438,0,0,0
120000439,364,156,208
120000443,0,0,0
120000444,599,101,498
120000445,287,276,11
120000446,272,31,241
120000447,516,1,515
120000449,0,0,0
120000450,0,0,0
120000451,65,32,33
120000452,10,0,10
120000453,0,0,0
120000454,26,0,26
120000455,27,122,-95
120000456,8,191,-183
120000457,70,45,25
120000458,4,0,4
120000459,35,39,-4
120000665,8,102,-94
120000668,0,45,-45
120000669,2,6,-4
120000670,2,50,-48
120000671,100,74,26
120000672,0,10,-10
120900001,0,0,0
120900002,0,0,0
120900003,0,0,0
120900004,0,0,0
120900005,0,0,0
120900006,0,0,0
120900007,0,0,0
120900008,0,0,0
120900009,0,0,0
120900010,0,0,0
120900011,0,0,0
120900012,0,0,0
120900013,0,0,0
120900014,0,0,0
120900015,0,0,0
120900016,0,0,0
120900017,0,0,0
120900018,0,0,0
120900019,0,0,0
120900020,0,0,0
120900021,0,0,0
120900022,0,0,0
120900023,0,0,0
120900024,0,0,0
120900025,0,0,0
120900026,0,0,0
120900027,0,0,0
120900028,0,0,0
120900029,0,0,0
120900030,0,0,0
120900031,0,0,0
120900032,0,0,0
120900033,0,0,0
120900034,0,0,0
120900035,0,0,0
120900037,0,0,0
120900038,0,0,0
120900039,0,0,0
120900040,0,0,0
120900041,0,0,0
120900042,0,0,0
120900043,0,0,0
120900044,0,0,0
120900045,0,0,0
120900046,0,0,0
120900047,0,0,0
120900048,0,0,0
120900049,0,0,0
120900050,0,0,0
120900051,0,0,0
120900052,0,0,0
120900053,0,0,0
120900054,0,0,0
120900055,0,0,0
120900056,0,0,0
120900057,0,0,0
120900058,0,0,0
120900059,0,0,0
120900060,0,0,0
120900061,0,0,0
120900062,0,0,0
120900063,0,0,0
120900064,0,0,0
120900065,0,0,0
120900066,0,0,0
120900067,0,0,0
120900068,0,0,0
120900069,0,0,0
120900071,0,0,0
120900072,0,0,0
120900073,0,0,0
120900074,0,0,0
120900076,0,0,0
120900077,0,0,0
120900078,0,0,0
120900079,0,0,0
120900080,0,0,0
120900081,0,0,0
120900082,0,0,0
120900083,0,0,0
120900084,0,0,0
120900085,0,0,0
120900086,0,0,0
120900087,0,0,0
120900088,0,0,0
120900089,0,0,0
120900090,0,0,0
120900091,0,0,0
120900092,0,0,0
120900093,0,0,0
120900094,0,0,0
120900095,0,0,0
120900096,0,0,0
120900097,0,0,0
120900098,0,0,0
120900099,0,0,0
120900100,0,0,0
120900101,0,0,0
120900102,0,0,0
120900103,0,0,0
120900104,0,0,0
120900105,0,0,0
120900106,0,0,0
120900107,0,0,0
120900108,0,0,0
120900109,0,0,0
120900110,0,0,0
120900111,0,0,0
120900112,0,0,0
120900113,0,0,0
120900114,0,0,0
120900115,29,23,6
120900116,0,0,0
120900117,0,0,0
120900118,0,0,0
120900119,0,0,0
120900120,0,0,0
120900121,0,0,0
120900122,0,0,0
120900123,0,0,0
120900124,0,0,0
120900125,0,0,0
120900126,0,0,0
120900127,0,0,0
120900128,0,0,0
120900129,0,0,0
120900130,0,0,0
120900131,0,0,0
120900132,0,0,0
120900133,0,0,0
120900134,0,0,0
120900135,0,0,0
120900136,0,0,0
120900137,0,0,0
120900138,0,0,0
120900139,0,0,0
120900140,0,0,0
120900141,0,0,0
120900142,0,0,0
120900143,0,0,0
120900144,0,0,0
120900145,0,0,0
120900146,0,0,0
120900147,0,0,0
120900148,0,0,0
120900149,0,0,0
120900150,0,0,0
120900151,0,0,0
120900152,0,0,0
120900153,0,0,0
120900154,0,0,0
120900155,0,0,0
120900156,0,0,0
120900157,0,0,0
120900158,0,0,0
120900159,0,0,0
120900160,0,0,0
120900161,0,0,0
120900162,0,0,0
120900163,0,0,0
120900164,0,0,0
120900165,0,0,0
120900166,0,0,0
120900167,0,0,0
120900169,0,0,0
120900170,0,0,0
120900171,0,0,0
120900172,0,0,0
120900173,0,0,0
120900174,0,0,0
120900175,0,0,0
120900176,0,0,0
120900177,0,0,0
120900178,0,0,0
120900179,0,0,0
120900180,0,0,0
120900181,0,0,0
120900182,0,0,0
120900183,0,0,0
120900184,0,0,0
120900185,0,0,0
120900186,0,0,0
120900187,0,0,0
120900188,0,0,0
120900189,0,0,0
120900190,0,0,0
120900191,0,0,0
120900192,0,0,0
120900194,0,0,0
120900195,0,0,0
120900196,0,0,0
120900197,0,0,0
120900198,0,0,0
120900199,0,0,0
120900200,0,0,0
120900201,0,0,0
120900202,0,0,0
120900203,0,0,0
120900204,0,0,0
120900205,0,0,0
120900206,0,0,0
120900207,0,0,0
121000001,0,0,0
121000002,229,109,120
121000003,0,2,-2
121000004,146,194,-48
121000005,2,39,-37
121000006,112,347,-235
121000007,7,27,-20
121000008,414,365,49
121000009,23,85,-62
121000010,545,262,283
121000011,229,196,33
121000012,1233,568,665
121000013,252,378,-126
121000014,1740,633,1107
121000015,503,995,-492
121000016,817,606,211
121000017,41,187,-146
121000018,140,272,-132
121000019,196,156,40
121000020,716,995,-279
121000021,24,14,10
121000022,69,380,-311
121000023,32,26,6
121000024,845,695,150
121000025,31,73,-42
121000026,27,52,-25
121000027,55,98,-43
121000028,12,75,-63
121000029,24,6,18
121000030,0,0,0
121000031,2,4,-2
121000032,0,0,0
121000034,9,5,4
121000035,0,0,0
121000036,21,38,-17
121000037,22,40,-18
121000038,22,100,-78
121000039,0,0,0
121000041,0,0,0
121000042,0,26,-26
121000043,21,47,-26
121000044,4,59,-55
121000045,6,7,-1
121000046,0,0,0
121000047,0,0,0
121000049,99,47,52
121000050,68,217,-149
121000051,3,37,-34
121000052,17,86,-69
121000053,7,5,2
121000054,0,0,0
121000055,0,0,0
121000056,210,315,-105
121000057,0,0,0
121000058,0,0,0
121000059,6,19,-13
121000060,26,39,-13
121000061,0,9,-9
121000062,0,34,-34
121000063,7,16,-9
121000064,39,34,5
121000065,23,12,11
121000066,0,0,0
121000067,0,0,0
121000068,16,5,11
121000069,0,7,-7
121000070,66,92,-26
121000071,58,193,-135
121000072,27,17,10
121000073,19,167,-148
121000074,0,0,0
121000075,0,0,0
121000076,1,0,1
121000077,8,20,-12
121000078,0,0,0
121000080,99,121,-22
121000081,216,184,32
121000082,16,53,-37
121000083,3,8,-5
121000084,0,0,0
121000085,64,37,27
121000086,1,89,-88
121000087,0,82,-82
121000088,0,0,0
121000089,0,149,-149
121000090,0,0,0
121000091,432,101,331
121000092,13,18,-5
121000093,4,50,-46
121000094,63,27,36
121000095,3,9,-6
121000096,0,0,0
121000097,0,0,0
121000098,20,19,1
121000099,12,29,-17
121000100,0,0,0
121000101,0,11,-11
121000102,0,0,0
121000103,1,5,-4
121000104,0,0,0
121000105,0,0,0
121000106,3,1,2
121000107,208,244,-36
121000109,84,203,-119
121000110,0,2,-2
121000114,271,317,-46
121000115,0,0,0
121000116,0,0,0
121000117,0,0,0
121000118,0,0,0
121000119,0,0,0
121000120,0,32,-32
121000121,1,7,-6
121000123,0,0,0
121000127,0,0,0
121000128,0,0,0
121000129,0,0,0
121000130,22,13,9
121000131,0,0,0
121000132,29,26,3
121000135,0,0,0
121000136,32,60,-28
121000137,0,0,0
121000138,10,14,-4
121000139,0,0,0
121000141,0,0,0
121000142,0,0,0
121000143,0,0,0
121000144,0,0,0
121000145,0,1,-1
121000146,30,10,20
121000147,30,78,-48
121000148,1,0,1
121000149,257,397,-140
121000152,6,24,-18
121000153,73,13,60
121000154,116,18,98
121000155,107,46,61
121000156,86,30,56
121000157,31,7,24
121000158,23,22,1
121000159,28,24,4
121000160,0,1,-1
121000161,0,0,0
121000162,0,0,0
121000165,76,662,-586
121000166,38,19,19
121000168,22,79,-57
121000169,4,4,0
121000170,61,46,15
121000171,21,50,-29
121000172,34,60,-26
121000173,1,5,-4
121000174,2,5,-3
121000175,21,6,15
121000176,5,17,-12
121000177,1,1,0
121000178,0,0,0
121000179,18,7,11
121000181,25,109,-84
121000182,46,104,-58
121000183,14,19,-5
121000184,3,33,-30
121000185,0,14,-14
121000186,0,13,-13
121000187,0,0,0
121000188,0,0,0
121000192,22,7,15
121000193,0,0,0
121000194,41,186,-145
121000195,0,0,0
121000196,0,0,0
121000197,0,1,-1
121000198,0,0,0
121000199,1,2,-1
121000200,0,0,0
121000201,0,0,0
121000202,0,0,0
121000203,0,0,0
121000204,0,0,0
121000205,28,21,7
121000206,0,0,0
121000207,0,0,0
121000208,0,0,0
121000209,58,3,55
121000210,0,0,0
121000211,2,1,1
121000212,0,0,0
121000213,44,93,-49
121000214,32,126,-94
121000215,86,49,37
121000216,41,54,-13
121000217,517,113,404
121000218,4,21,-17
121000219,186,75,111
121000220,0,0,0
121000221,3,65,-62
121000222,8,50,-42
121000223,0,0,0
121000224,0,0,0
121000225,2,25,-23
121000226,14,201,-187
121000227,0,0,0
121000228,0,0,0
121000229,0,0,0
121000230,0,0,0
121000231,174,4,170
121000232,0,0,0
121000233,137,27,110
121000234,1,4,-3
121000235,0,15,-15
121000236,0,1,-1
121000237,21,0,21
121000238,0,2,-2
121000239,0,0,0
121000240,0,11,-11
121000241,44,0,44
121000242,0,2,-2
121000243,16,0,16
121000244,0,0,0
121000245,0,0,0
121000246,0,1,-1
121000247,28,0,28
121000248,22,4,18
121000249,0,0,0
121000250,24,113,-89
121000251,0,0,0
121000252,2,15,-13
121000253,0,0,0
121000254,42,9,33
121000255,0,0,0
121000256,5,33,-28
121000257,0,0,0
121000258,20,24,-4
121000259,0,0,0
121000260,0,0,0
121000261,5,29,-24
121000262,0,0,0
121000263,12,47,-35
121000271,0,0,0
121000273,0,0,0
121000274,0,17,-17
121000275,0,0,0
121000276,3,1,2
121000278,55,0,55
121000279,0,0,0
121000280,1,23,-22
121000289,14,8,6
121000290,55,25,30
121000294,0,0,0
121000297,74,31,43
121000299,0,0,0
121000300,0,0,0
121000302,0,91,-91
121000303,10,3,7
121000304,163,137,26
121000305,50,118,-68
121000306,59,111,-52
121000308,0,0,0
121000309,0,0,0
121000310,0,0,0
121000311,0,0,0
121000312,57,24,33
121000313,0,0,0
121000314,0,0,0
121000315,0,0,0
121000530,161,86,75
121000531,327,188,139
121000532,883,319,564
121000533,3578,1142,2436
121000918,0,0,0
121000919,0,0,0
121000938,0,0,0
121000939,27,33,-6
121000956,0,0,0
121000957,0,0,0
121000958,1,4,-3
121000959,46,8,38
121000960,73,44,29
121000961,78,0,78
121000962,0,16,-16
121000963,0,0,0
121000973,0,0,0
121000976,0,0,0
121000979,0,0,0
121000981,61,0,61
121000982,0,0,0
121000983,9,1,8
121000984,0,0,0
121000985,0,0,0
121000986,0,0,0
121000987,0,0,0
121000988,178,21,157
121001302,0,0,0
121001308,0,0,0
121001309,0,0,0
121001311,0,0,0
121001313,0,0,0
121001314,0,0,0
121001315,1271,104,1167
121001326,0,0,0
121900001,12,75,-63
121900002,0,0,0
121900003,0,0,0
121900004,0,0,0
121900005,0,0,0
121900006,0,0,0
121900007,0,0,0
121900008,0,0,0
121900009,0,0,0
121900010,0,0,0
121900011,0,0,0
121900012,0,0,0
121900013,0,0,0
121900014,0,0,0
121900015,0,0,0
121900016,0,0,0
121900017,0,0,0
121900018,0,0,0
121900019,0,0,0
121900020,0,0,0
121900021,0,0,0
121900022,0,0,0
121900023,0,0,0
121900024,0,0,0
121900025,0,0,0
121900026,0,0,0
121900027,0,0,0
121900028,0,0,0
121900029,0,0,0
121900030,0,0,0
121900031,0,0,0
121900032,0,0,0
121900033,0,0,0
121900034,0,0,0
121900035,0,0,0
121900036,0,0,0
121900037,0,0,0
121900038,0,0,0
121900039,0,0,0
121900040,0,0,0
121900041,0,0,0
121900042,0,0,0
121900043,0,0,0
121900044,0,0,0
121900046,0,0,0
121900047,0,0,0
121900048,0,0,0
121900050,0,0,0
121900051,0,0,0
121900052,0,0,0
121900053,0,0,0
121900054,0,0,0
121900055,0,0,0
121900058,0,0,0
121900059,0,0,0
121900060,0,0,0
121900062,0,0,0
121900063,0,0,0
121900064,0,0,0
121900066,0,0,0
121900067,0,0,0
121900069,0,0,0
121900070,0,0,0
121900071,0,0,0
121900072,0,0,0
121900073,0,0,0
121900074,0,0,0
121900075,0,0,0
121900076,0,0,0
121900078,0,0,0
121900079,0,0,0
121900080,0,0,0
121900082,0,0,0
121900084,0,0,0
121900086,0,0,0
121900087,0,0,0
121900088,0,0,0
121900089,0,0,0
121900090,0,0,0
121900091,0,0,0
121900092,0,0,0
121900093,0,0,0
121900094,0,0,0
121900095,0,0,0
121900096,0,0,0
121900097,0,0,0
121900098,0,0,0
121900099,0,0,0
121900100,0,0,0
121900101,0,0,0
121900102,0,0,0
121900103,0,0,0
121900104,0,0,0
121900105,0,0,0
121900106,0,0,0
121900107,0,0,0
121900108,0,0,0
121900109,0,0,0
121900110,0,0,0
121900111,0,0,0
121900112,0,0,0
121900113,0,0,0
121900114,0,0,0
121900117,0,0,0
121900118,0,0,0
121900119,0,0,0
121900120,0,0,0
121900121,0,0,0
121900122,0,0,0
121900123,0,0,0
121900124,0,0,0
121900125,0,0,0
121900127,0,0,0
121900128,0,0,0
121900129,0,0,0
121900130,0,0,0
121900131,0,0,0
121900132,0,0,0
121900133,0,0,0
121900134,0,0,0
121900135,0,0,0
121900136,0,0,0
121900137,0,0,0
121900138,0,0,0
121900139,0,0,0
121900140,0,0,0
121900141,0,0,0
121900142,0,0,0
121900143,0,0,0
121900144,0,0,0
121900145,0,0,0
121900146,0,0,0
121900147,0,0,0
121900148,0,0,0
121900149,0,0,0
121900150,0,0,0
121900151,0,0,0
121900152,0,0,0
121900153,0,0,0
121900154,0,0,0
121900155,0,0,0
121900156,0,0,0
121900157,0,0,0
121900158,0,0,0
121900159,0,0,0
121900160,0,0,0
121900161,0,0,0
121900162,0,0,0
121900163,0,0,0
121900164,0,0,0
121900165,0,0,0
121900166,0,0,0
121900167,0,0,0
121900168,0,0,0
121900169,0,0,0
121900170,0,0,0
121900171,0,0,0
121900172,0,0,0
121900173,0,0,0
121900174,0,0,0
121900175,0,0,0
121900176,0,0,0
121900177,0,0,0
121900178,0,0,0
121900179,0,0,0
121900180,0,0,0
121900182,0,0,0
121900183,0,0,0
121900184,0,0,0
121900186,0,0,0
121900187,0,0,0
121900188,0,0,0
121900189,0,0,0
121900190,0,0,0
121900191,0,0,0
121900192,0,0,0
121900193,0,0,0
121900194,0,0,0
121900195,0,0,0
121900196,0,0,0
121900197,0,0,0
121900198,0,0,0
121900199,0,0,0
121900200,0,0,0
121900201,0,0,0
121900202,0,0,0
121900203,0,0,0
121900204,0,0,0
121900205,0,0,0
121900206,0,0,0
121900207,0,0,0
121900208,0,0,0
121900209,0,0,0
121900210,0,0,0
121900211,0,0,0
121900212,0,0,0
121900213,0,0,0
121900214,0,0,0
121900215,0,0,0
121900216,0,0,0
121900217,0,0,0
121900218,0,0,0
121900220,0,0,0
121900221,0,0,0
121900222,0,0,0
121900223,0,0,0
121900224,0,0,0
121900225,0,0,0
121900226,0,0,0
121900227,0,0,0
121900228,0,0,0
121900230,0,0,0
121900231,0,0,0
121900232,0,0,0
121900233,0,0,0
121900234,0,0,0
121900235,0,0,0
121900236,0,0,0
121900237,0,0,0
121900238,0,0,0
121900239,0,0,0
121900240,0,0,0
121900241,0,0,0
121900242,0,0,0
121900243,0,0,0
121900244,0,0,0
121900245,0,0,0
121900246,0,0,0
121900248,0,0,0
121900250,0,0,0
121900251,0,0,0
121900252,0,0,0
121900253,0,0,0
121900254,0,0,0
121900255,0,0,0
121900258,0,0,0
121900259,0,0,0
121900260,0,0,0
121900261,0,0,0
121900262,0,0,0
121900263,0,0,0
121900264,0,0,0
121900265,0,0,0
121900266,0,0,0
121900267,0,0,0
121900269,0,0,0
121900270,0,0,0
121900271,0,0,0
121900273,0,0,0
121900274,0,0,0
121900277,0,0,0
121900278,0,0,0
121900279,0,0,0
121900280,0,0,0
121900281,0,0,0
121900284,0,0,0
121900286,0,0,0
121900287,0,0,0
121900288,0,0,0
121900290,0,0,0
121900291,0,0,0
121900292,0,0,0
121900293,0,0,0
121900294,0,0,0
121900295,0,0,0
121900296,0,0,0
121900298,0,0,0
121900299,0,0,0
121900300,0,0,0
121900301,0,0,0
121900302,0,0,0
121900303,0,0,0
121900304,0,0,0
121900305,0,0,0
121900306,0,0,0
121900307,0,0,0
121900308,0,0,0
121900309,0,0,0
121900310,0,0,0
121900311,0,0,0
121900312,0,0,0
121900313,0,0,0
121900314,0,0,0
121900315,0,0,0
121900316,0,0,0
121900317,0,0,0
121900318,0,0,0
121900319,0,0,0
121900320,0,0,0
121900321,0,0,0
121900322,0,0,0
121900323,0,0,0
121900324,0,0,0
121900325,0,0,0
121900326,0,0,0
121900327,0,0,0
121900328,0,0,0
121900329,0,0,0
121900330,0,0,0
121900331,0,0,0
121900332,0,0,0
121900333,0,0,0
121900334,0,0,0
122000001,65,109,-44
122000002,59,37,22
122000003,47,119,-72
122000004,56,45,11
122000005,284,654,-370
122000006,97,206,-109
122000007,41,180,-139
122000008,73,201,-128
122000009,22,51,-29
122000010,571,271,300
122000011,172,131,41
122000012,102,86,16
122000013,7,29,-22
122000014,2,2,0
122000015,28,35,-7
122000016,2,74,-72
122000017,4,2,2
122000018,0,0,0
122000019,0,3,-3
122000020,0,0,0
122000021,0,0,0
122000022,75,8,67
122000023,16,38,-22
122000024,264,109,155
122000025,50,136,-86
122000026,415,267,148
122000027,0,0,0
122000028,76,8,68
122000029,28,4,24
122000030,0,0,0
122000031,0,2,-2
122000032,62,57,5
122000033,88,217,-129
122000034,0,0,0
122000035,0,0,0
122000036,0,0,0
122000037,0,3,-3
122000038,7,3,4
122000039,0,0,0
122000040,0,0,0
122000041,0,2,-2
122000042,0,3,-3
122000043,2,0,2
122000044,4,2,2
122000045,115,17,98
122000046,79,18,61
122000047,0,0,0
122000048,317,557,-240
122000049,444,207,237
122000050,36,14,22
122000051,1,12,-11
122000052,3,5,-2
122000053,10,525,-515
122000054,49,129,-80
122000055,314,489,-175
122000056,224,90,134
122000057,73,197,-124
122000058,84,66,18
122000059,85,46,39
122000060,0,0,0
122000061,0,0,0
122000062,82,27,55
122000063,1,8,-7
122000064,55,197,-142
122000065,182,271,-89
122000066,82,64,18
122000067,121,438,-317
122000068,13,273,-260
122000069,37,52,-15
122000070,242,45,197
122000071,12,78,-66
122000072,0,0,0
122000073,0,0,0
122000074,41,32,9
122000075,40,63,-23
122000076,125,119,6
122000077,0,0,0
122000078,473,233,240
122000079,7,49,-42
122000080,0,3,-3
122000081,0,0,0
122000082,109,120,-11
122000083,0,0,0
122000084,0,0,0
122000085,1,14,-13
122000086,12,195,-183
122000087,5,24,-19
122000088,0,0,0
122000089,106,294,-188
122000090,0,0,0
122000091,0,0,0
122000092,0,0,0
122000093,175,540,-365
122000094,284,403,-119
122000095,3,42,-39
122000096,22,256,-234
122000098,294,447,-153
122000099,4,25,-21
122000100,3,9,-6
122000101,0,3,-3
122000102,0,0,0
122000103,0,0,0
122000104,1,7,-6
122000105,11,15,-4
122000106,0,20,-20
122000107,5,14,-9
122000108,0,0,0
122000109,1,3,-2
122000110,0,0,0
122000111,336,71,265
122000112,78,48,30
122000113,26,35,-9
122000114,272,708,-436
122000115,333,329,4
122000116,6,31,-25
122000117,106,1,105
122000118,30,18,12
122000119,0,0,0
122000120,0,0,0
122000121,54,17,37
122000122,33,9,24
122000123,50,36,14
122000124,6,34,-28
122000125,8,63,-55
122000126,4,27,-23
122000127,2,26,-24
122000128,1,0,1
122000129,34,5,29
122000130,98,74,24
122000131,7,14,-7
122000132,0,0,0
122000133,0,0,0
122000134,38,27,11
122000135,24,36,-12
122000136,22,13,9
122000137,14,31,-17
122000139,2,75,-73
122000140,0,0,0
122000141,13,3,10
122000142,0,0,0
122000143,0,0,0
122000144,29,22,7
122000145,0,0,0
122000146,5,59,-54
122000147,26,90,-64
122000148,137,186,-49
122000149,118,39,79
122000150,91,19,72
122000151,0,0,0
122000152,0,0,0
122000153,94,58,36
122000154,64,19,45
122000155,128,50,78
122000156,277,330,-53
122000157,181,225,-44
122000158,1,1,0
122000159,51,23,28
122000160,143,56,87
122000161,71,38,33
122000162,68,44,24
122000163,0,0,0
122000164,0,0,0
122000165,0,1,-1
122000166,49,40,9
122000167,0,0,0
122000168,1,0,1
122000169,0,0,0
122000170,0,0,0
122000171,0,0,0
122000172,0,0,0
122000173,0,0,0
122000174,289,289,0
122000175,0,0,0
122000176,0,0,0
122000177,302,362,-60
122000178,360,66,294
122000179,0,1,-1
122000180,331,271,60
122000181,480,401,79
122000182,65,18,47
122000183,16,4,12
122000184,303,403,-100
122000185,138,165,-27
122000186,0,0,0
122000187,129,57,72
122000188,0,0,0
122000189,12,26,-14
122000190,147,46,101
122000191,13,13,0
122000192,0,0,0
122000193,0,0,0
122000194,0,0,0
122000195,0,0,0
122000196,0,0,0
122000197,17,7,10
122000198,0,0,0
122000199,15,33,-18
122000200,62,29,33
122000201,264,222,42
122000202,119,223,-104
122000203,0,0,0
122000204,0,0,0
122000205,0,0,0
122000206,111,42,69
122000207,80,52,28
122000208,107,33,74
122000209,181,46,135
122000210,16,9,7
122000211,0,9,-9
122000212,33,50,-17
122000213,79,96,-17
122000214,164,215,-51
122000215,103,119,-16
122000217,11,32,-21
122000218,78,36,42
122000219,66,42,24
122000220,2,46,-44
122000221,0,0,0
122000222,23,1,22
122000223,24,51,-27
122000225,105,25,80
122000226,0,30,-30
122000227,0,6,-6
122000228,0,3,-3
122000229,0,0,0
122000230,0,14,-14
122000231,0,29,-29
122000232,0,18,-18
122000233,0,0,0
122000234,27,3,24
122000235,14,0,14
122000236,10,0,10
122000237,0,0,0
122000238,12,11,1
122000239,29,1,28
122000240,41,8,33
122000241,30,47,-17
122000242,0,0,0
122000243,0,0,0
122000244,0,0,0
122000245,10,1,9
122000246,34,97,-63
122000247,17,0,17
122000248,7,2,5
122000249,136,103,33
122000250,146,28,118
122000251,0,0,0
122000252,13,2,11
122000253,0,0,0
122000254,2,1,1
122000255,0,0,0
122000256,19,25,-6
122000257,2,9,-7
122000258,22,23,-1
122000259,0,0,0
122000260,0,0,0
122000261,0,0,0
122000262,0,0,0
122000263,0,0,0
122000264,173,36,137
122000265,165,27,138
122000266,209,21,188
122000267,0,0,0
122000268,0,0,0
122000269,0,0,0
122000270,0,0,0
122000271,0,0,0
122000272,0,0,0
122000273,0,0,0
122000274,0,0,0
122000275,0,0,0
122000276,50,92,-42
122000277,113,103,10
122000278,135,53,82
122000279,0,11,-11
122000280,6,7,-1
122000281,3,3,0
122000282,29,6,23
122000283,0,0,0
122000284,0,0,0
122000285,0,0,0
122000286,0,0,0
122000287,400,87,313
122000288,42,16,26
122000291,712,60,652
122000293,0,0,0
122000294,57,5,52
122000295,139,4,135
122000296,34,95,-61
122000297,787,366,421
122000299,85,21,64
122000300,1,5,-4
122000301,54,35,19
122000302,8,10,-2
122000303,34,78,-44
122000304,0,0,0
122000305,261,71,190
122000306,15,39,-24
122000307,0,0,0
122000309,0,0,0
122000310,0,0,0
122000311,0,0,0
122000312,3,51,-48
122000313,0,71,-71
122000314,41,50,-9
122000315,0,0,0
122000316,25,28,-3
122000317,52,11,41
122000318,15,42,-27
122000319,6,2,4
122000320,0,0,0
122000321,0,0,0
122000322,87,53,34
122000323,57,81,-24
122000324,0,1,-1
122000325,46,170,-124
122000326,16,0,16
122000327,0,7,-7
122000328,0,0,0
122000330,58,135,-77
122000333,0,0,0
122000337,12,29,-17
122000338,2,1,1
122000340,0,0,0
122000342,29,16,13
122000343,0,10,-10
122000344,20,0,20
122000345,3,4,-1
122000346,0,0,0
122000348,30,19,11
122000349,0,0,0
122000351,2,0,2
122000352,0,0,0
122000353,0,0,0
122000355,0,0,0
122000356,15,16,-1
122000357,0,10,-10
122000358,0,0,0
122000359,0,0,0
122000360,0,0,0
122000362,0,0,0
122000364,0,0,0
122000365,0,4,-4
122000366,0,0,0
122000368,0,0,0
122000370,0,0,0
122000371,0,0,0
122000372,0,0,0
122000381,0,0,0
122000382,0,0,0
122000384,0,0,0
122000385,0,0,0
122000386,0,127,-127
122000387,0,0,0
122000388,26,59,-33
122000389,0,0,0
122000390,10,25,-15
122000391,0,0,0
122000392,0,0,0
122000393,0,0,0
122000394,0,0,0
122000395,0,0,0
122000396,0,0,0
122000397,0,0,0
122000398,16,28,-12
122000399,0,0,0
122000400,8,48,-40
122000401,0,0,0
122000402,37,7,30
122000403,0,0,0
122000404,103,9,94
122000408,266,283,-17
122000503,0,0,0
122000524,0,0,0
122000544,0,0,0
122000614,10,1,9
122000616,0,0,0
122000640,0,0,0
122000641,0,0,0
122000642,0,0,0
122000643,38,15,23
122000644,0,0,0
122000645,0,0,0
122000651,5,10,-5
122000664,8,5,3
122000665,0,0,0
122000666,41,50,-9
122000673,0,0,0
122000674,46,26,20
122000675,25,25,0
122000686,97,37,60
122000687,26,14,12
122000688,41,12,29
122000689,115,7,108
122000690,330,3,327
122000691,289,43,246
122000692,23,8,15
122000693,16,15,1
122000695,0,0,0
122000696,64,10,54
122000698,0,0,0
122000699,17,2,15
122000701,104,4,100
122000702,54,47,7
122000703,68,3,65
122000712,0,0,0
122000717,0,0,0
122000718,48,119,-71
122000719,1,9,-8
122000720,56,10,46
122000724,0,0,0
122900001,0,0,0
122900002,0,0,0
122900003,0,0,0
122900004,0,0,0
122900005,0,0,0
122900006,0,0,0
122900007,0,0,0
122900008,0,0,0
122900009,0,0,0
122900010,0,0,0
122900012,0,0,0
122900014,0,0,0
122900015,0,0,0
122900016,0,0,0
122900017,0,0,0
122900018,0,0,0
122900020,0,0,0
122900021,0,0,0
122900022,0,0,0
122900023,0,0,0
122900024,0,0,0
122900025,0,0,0
122900026,0,0,0
122900027,0,0,0
122900028,0,0,0
122900029,0,0,0
122900030,0,0,0
122900031,0,0,0
122900032,0,0,0
122900033,0,0,0
122900034,0,0,0
122900035,0,0,0
122900036,0,0,0
122900037,0,0,0
122900038,0,0,0
122900039,0,0,0
122900040,0,0,0
122900041,0,0,0
122900042,0,0,0
122900043,0,0,0
122900044,0,0,0
122900045,0,0,0
122900046,0,0,0
122900047,0,0,0
122900048,0,0,0
122900049,0,0,0
122900051,0,0,0
122900052,0,0,0
122900053,0,1,-1
122900055,0,0,0
122900057,0,0,0
122900061,0,0,0
122900062,0,0,0
122900063,0,0,0
122900064,0,0,0
122900065,0,0,0
122900066,0,0,0
122900067,0,0,0
122900069,0,0,0
122900070,0,0,0
122900071,0,0,0
122900073,0,0,0
122900074,0,0,0
122900075,0,0,0
122900076,0,0,0
122900077,0,0,0
122900078,0,0,0
122900080,0,0,0
122900081,0,0,0
122900082,0,0,0
122900083,0,0,0
122900084,0,0,0
122900086,0,0,0
122900087,0,0,0
122900088,0,0,0
122900089,0,0,0
122900090,0,0,0
122900091,0,0,0
122900092,0,0,0
122900093,0,0,0
122900094,0,0,0
122900095,0,0,0
122900096,0,0,0
122900097,0,0,0
122900098,0,0,0
122900099,0,0,0
122900100,0,0,0
122900101,0,0,0
122900102,0,0,0
122900103,0,0,0
122900104,0,0,0
122900105,0,0,0
122900106,0,0,0
122900107,0,0,0
122900108,0,0,0
122900109,0,0,0
123000001,112,40,72
123000002,172,1097,-925
123000003,774,267,507
123000004,75,314,-239
123000005,768,301,467
123000006,228,325,-97
123000007,634,421,213
123000008,57,97,-40
123000009,1935,1460,475
123000010,93,178,-85
123000011,623,712,-89
123000012,28,144,-116
123000013,770,240,530
123000014,10,138,-128
123000015,1158,295,863
123000016,24,115,-91
123000017,709,186,523
123000018,104,4,100
123000019,111,0,111
123000020,27,1,26
123000021,131,4,127
123000022,265,12,253
123000023,177,39,138
123000024,68,68,0
123000025,17,1,16
123000026,0,0,0
123000027,0,0,0
123000028,5,122,-117
123000029,0,0,0
123000030,0,0,0
123000031,27,3,24
123000032,14,28,-14
123000033,2,17,-15
123000034,97,17,80
123000035,39,113,-74
123000036,5,338,-333
123000037,0,0,0
123000038,0,0,0
123000039,0,0,0
123000040,0,0,0
123000041,11,382,-371
123000042,0,0,0
123000043,178,149,29
123000044,44,38,6
123000045,0,0,0
123000046,0,0,0
123000047,0,0,0
123000048,1,136,-135
123000049,2621,1059,1562
123000050,102,86,16
123000051,1,2,-1
123000052,161,259,-98
123000053,762,300,462
123000054,99,296,-197
123000055,628,795,-167
123000056,5,67,-62
123000057,47,112,-65
123000058,0,0,0
123000059,1,2,-1
123000060,1,0,1
123000061,0,7,-7
123000063,42,16,26
123000064,1,0,1
123000065,8,20,-12
123000066,1,16,-15
123000067,0,0,0
123000068,41,79,-38
123000069,71,81,-10
123000070,0,0,0
123000071,44,32,12
123000072,0,0,0
123000073,141,41,100
123000074,0,0,0
123000075,14,137,-123
123000076,0,0,0
123000077,0,0,0
123000078,307,99,208
123000079,471,168,303
123000080,0,0,0
123000081,0,0,0
123000082,0,0,0
123000083,0,2,-2
123000084,0,0,0
123000085,0,0,0
123000086,0,0,0
123000087,0,0,0
123000088,0,0,0
123000089,227,97,130
123000090,0,0,0
123000091,148,102,46
123000092,0,0,0
123000094,1,5,-4
123000095,18,26,-8
123000096,34,12,22
123000097,0,0,0
123000098,71,9,62
123000099,0,0,0
123000100,0,0,0
123000101,76,18,58
123000102,94,62,32
123000104,0,0,0
123000105,0,0,0
123000106,0,0,0
123000107,0,0,0
123000108,0,0,0
123000111,12,6,6
123000112,21,0,21
123000113,0,0,0
123000114,4,27,-23
123000115,6,4,2
123000116,0,0,0
123000117,18,11,7
123000118,0,4,-4
123000119,2,15,-13
123000120,0,11,-11
123000121,0,0,0
123000122,0,0,0
123000123,0,0,0
123000124,0,0,0
123000125,37,99,-62
123000126,192,238,-46
123000127,0,0,0
123000128,0,0,0
123000129,236,8,228
123000130,66,5,61
123000131,89,10,79
123000132,0,0,0
123000133,0,0,0
123000134,0,0,0
123000135,50,32,18
123000136,0,0,0
123000137,0,0,0
123000138,0,0,0
123000139,69,23,46
123000140,0,0,0
123000141,32,9,23
123000142,0,0,0
123000143,0,0,0
123000144,0,0,0
123000145,0,0,0
123000146,0,0,0
123000147,0,0,0
123000149,19,32,-13
123000150,28,26,2
123000151,34,49,-15
123000152,0,0,0
123000153,3,35,-32
123000154,45,84,-39
123000155,28,24,4
123000156,0,0,0
123000157,26,38,-12
123000158,60,42,18
123000159,113,91,22
123000160,13,65,-52
123000161,107,45,62
123000162,179,68,111
123000163,13,12,1
123000164,187,14,173
123000165,0,0,0
123000166,0,0,0
123000167,1,1,0
123000168,55,0,55
123000169,153,7,146
123000170,0,0,0
123000171,258,2,256
123000172,0,0,0
123000173,95,30,65
123000174,104,12,92
123000175,0,0,0
123000176,75,2,73
123000177,0,0,0
123000178,133,25,108
123000179,0,0,0
123000180,514,88,426
123000181,0,0,0
123000182,0,0,0
123000183,65,33,32
123000184,0,0,0
123000185,194,35,159
123000186,0,0,0
123000187,399,4,395
123000188,381,1,380
123000189,2,0,2
123000190,1,0,1
123000192,0,0,0
123000193,0,0,0
123000194,0,0,0
123000195,280,4,276
123000196,268,0,268
123000197,85,0,85
123000198,0,0,0
123000199,0,0,0
123000200,302,1,301
123000201,209,18,191
123000202,0,0,0
123000203,407,22,385
123000204,0,0,0
123000205,0,0,0
123000206,573,67,506
123000207,0,0,0
123000208,93,16,77
123000209,323,20,303
123000210,0,0,0
123000211,0,0,0
123000212,491,39,452
123000213,251,5,246
123000215,136,119,17
123000216,23,100,-77
123000217,29,14,15
123000218,0,0,0
123000219,38,9,29
123000220,154,19,135
123000221,3,15,-12
123000222,8,24,-16
123000223,45,10,35
123000224,48,39,9
123000225,35,4,31
123000226,57,0,57
123000227,2,2,0
123000228,39,4,35
123000229,0,0,0
123000232,0,0,0
123000233,233,14,219
123000234,0,0,0
123000235,125,23,102
123000236,0,3,-3
123000237,47,19,28
123000238,0,0,0
123000239,0,0,0
123000240,0,0,0
123000241,24,7,17
123000242,0,0,0
123000243,12,51,-39
123000244,20,47,-27
123000245,0,0,0
123000249,0,0,0
123000252,202,101,101
123000253,341,125,216
123000254,4,19,-15
123000255,64,100,-36
123000256,0,0,0
123000257,0,0,0
123000258,0,0,0
123000259,2,3,-1
123000260,2,8,-6
123000261,0,0,0
123000262,0,0,0
123000263,55,1,54
123000264,3,0,3
123000265,0,0,0
123000266,18,12,6
123000267,24,129,-105
123000268,0,0,0
123000269,2,29,-27
123000270,23,1,22
123000271,0,0,0
123000272,237,52,185
123000273,70,539,-469
123000274,134,85,49
123000275,0,0,0
123000278,1,18,-17
123000279,1,25,-24
123000280,15,2,13
123000281,59,6,53
123000282,0,0,0
123000283,2,9,-7
123000284,0,0,0
123000286,0,2,-2
123000287,37,33,4
123000288,189,92,97
123000289,86,63,23
123000291,0,0,0
123000294,0,0,0
123000295,326,193,133
123000296,104,202,-98
123000297,0,0,0
123000298,10,33,-23
123000299,7,74,-67
123000300,101,33,68
123000301,0,0,0
123000302,87,13,74
123000303,17,87,-70
123000305,0,0,0
123000306,0,0,0
123000309,0,0,0
123000310,8,3,5
123000311,153,1,152
123000312,0,0,0
123000313,104,8,96
123000315,75,31,44
123000316,585,8,577
123000317,0,0,0
123000318,0,0,0
123000329,0,0,0
123000337,177,14,163
123000338,2,2,0
123000339,0,0,0
123000340,0,23,-23
123000342,0,0,0
123000343,5,0,5
123000344,44,0,44
123000345,0,0,0
123000346,86,9,77
123000352,0,0,0
123000353,0,0,0
123000354,427,1,426
123000355,0,0,0
123000356,62,1,61
123000357,0,0,0
123000359,0,0,0
123000360,159,15,144
123000361,0,0,0
123000362,116,5,111
123000363,39,0,39
123000364,3,13,-10
123000365,0,0,0
123000366,2,57,-55
123000367,0,11,-11
123000370,0,0,0
123000371,97,1,96
123000372,84,0,84
123000373,0,0,0
123000374,0,0,0
123000375,98,2,96
123000376,80,28,52
123000377,96,0,96
123000378,0,0,0
123000379,0,0,0
123000380,0,0,0
123000381,45,20,25
123000382,109,5,104
123000383,0,0,0
123000384,40,1,39
123000385,0,0,0
123000436,5,279,-274
123000507,2,16,-14
123000508,232,667,-435
123000517,0,0,0
123000518,0,0,0
123000519,0,0,0
123000520,0,0,0
123000521,0,0,0
123000522,0,0,0
123000541,2,0,2
123000542,0,0,0
123000565,73,0,73
123000566,2,0,2
123000567,0,0,0
123000573,0,0,0
123000574,27,7,20
123000575,145,14,131
123000576,45,1,44
123000577,0,0,0
123000578,32,20,12
123000579,563,235,328
123000580,20,1,19
123000582,69,0,69
123000583,0,0,0
123000584,22,54,-32
123000585,0,0,0
123000586,17,0,17
123000596,0,0,0
123000597,17,3,14
123000602,0,0,0
123000603,141,6,135
123000604,43,4,39
123000605,902,17,885
123000606,0,0,0
123000609,0,0,0
123000610,28,33,-5
123000613,0,0,0
123000614,50,3,47
123000615,0,0,0
123000616,42,10,32
123000617,0,0,0
123000618,0,0,0
123000619,19,9,10
123000620,0,0,0
123000622,47,17,30
123000624,56,20,36
123000630,350,22,328
123000631,61,20,41
123000632,0,0,0
123000633,2,479,-477
123000634,2,1,1
123000635,0,0,0
123000636,0,0,0
123000637,2,0,2
123000638,41,3,38
123000639,230,212,18
123000640,0,0,0
123000648,80,67,13
123000649,0,0,0
123000650,35,27,8
123000651,0,0,0
123000652,27,0,27
123000653,0,0,0
123900001,0,0,0
123900002,0,0,0
123900003,0,0,0
123900005,0,0,0
123900006,0,0,0
124000001,449,92,357
124000002,2,270,-268
124000003,252,14,238
124000004,0,29,-29
124000005,263,20,243
124000006,19,28,-9
124000007,119,18,101
124000008,0,0,0
124000009,191,41,150
124000010,0,0,0
124000011,225,85,140
124000012,0,0,0
124000017,163,50,113
124000018,0,0,0
124000019,151,15,136
124000020,0,0,0
124000021,103,7,96
124000022,0,0,0
124000023,84,17,67
124000024,0,0,0
124000025,37,19,18
124000026,0,0,0
124000027,0,0,0
124000028,0,0,0
124000031,420,110,310
124000032,0,40,-40
124000033,296,24,272
124000034,1,53,-52
124000035,40,5,35
124000036,0,17,-17
124000037,18,59,-41
124000038,1,7,-6
124000039,37,3,34
124000040,18,75,-57
124000041,119,20,99
124000042,1,13,-12
124000043,20,5,15
124000044,1,11,-10
124000045,165,27,138
124000046,0,0,0
124000047,181,18,163
124000048,0,0,0
124000049,226,32,194
124000050,0,0,0
124000051,184,5,179
124000052,0,0,0
124000053,164,80,84
124000054,0,0,0
124000055,425,77,348
124000056,0,0,0
124000057,180,42,138
124000058,0,0,0
124000059,92,98,-6
124000060,0,0,0
124000061,125,127,-2
124000062,0,0,0
124000063,0,0,0
124000064,0,0,0
124000065,0,0,0
124000066,34,2,32
124000067,48,10,38
124000068,0,0,0
124000069,133,23,110
124000070,0,0,0
124000071,70,26,44
124000072,0,0,0
124000073,212,11,201
124000074,0,0,0
124000075,107,41,66
124000076,0,0,0
124000077,0,0,0
124000078,95,130,-35
124000079,0,0,0
124000080,123,79,44
124000081,0,0,0
124000082,7,66,-59
124000083,0,0,0
124000084,26,68,-42
124000085,0,0,0
124000086,0,0,0
124000087,0,0,0
124000088,1,6,-5
124000089,94,3,91
124000090,0,0,0
124000091,67,44,23
124000092,0,0,0
124000093,5,10,-5
124000094,0,0,0
124000095,49,0,49
124000096,0,0,0
124000097,46,16,30
124000098,0,0,0
124000099,36,1,35
124000100,0,0,0
124000101,15,20,-5
124000102,0,0,0
124000103,19,3,16
124000104,0,0,0
124000105,4,5,-1
124000106,0,0,0
124000107,0,0,0
124000108,0,0,0
124000109,14,10,4
124000110,0,0,0
124000111,123,16,107
124000112,0,0,0
124000113,3,14,-11
124000114,0,0,0
124000115,0,0,0
124000116,26,34,-8
124000117,0,0,0
124000118,2,23,-21
124000119,0,0,0
124000120,79,15,64
124000121,105,77,28
124000122,15,0,15
124000123,311,44,267
124000124,3,26,-23
124000125,159,7,152
124000126,3,13,-10
124000127,173,10,163
124000128,3,19,-16
124000129,161,50,111
124000130,27,12,15
124000131,64,104,-40
124000132,64,35,29
124000133,332,50,282
124000134,0,0,0
124000135,274,46,228
124000136,0,0,0
124000137,29,24,5
124000138,0,0,0
124000139,30,6,24
124000140,0,0,0
124000141,14,2,12
124000142,0,0,0
124000143,4,0,4
124000144,0,0,0
124000145,14,1,13
124000146,0,0,0
124000148,0,0,0
124000149,36,31,5
124000150,0,0,0
124000151,54,32,22
124000152,0,0,0
124000153,101,57,44
124000154,0,0,0
124000155,200,23,177
124000156,0,0,0
124000169,3,50,-47
124000170,0,0,0
124000171,29,13,16
124000172,0,0,0
124000173,4,22,-18
124000174,0,0,0
124000175,0,0,0
124000176,91,70,21
124000177,0,0,0
124000178,63,38,25
124000185,0,0,0
124000186,0,0,0
124000187,0,0,0
124000188,3,0,3
124000190,0,36,-36
124000191,0,0,0
124000192,120,76,44
124000193,0,0,0
124000194,3,16,-13
124000195,97,32,65
124000196,0,0,0
124000197,0,0,0
124000198,6,9,-3
124000201,0,0,0
124000202,160,2,158
124000203,0,0,0
124000204,191,10,181
124000205,19,0,19
124000206,334,2,332
124000207,0,0,0
124000209,73,13,60
124000210,73,31,42
124000211,362,1,361
124000212,0,0,0
124000213,0,0,0
124000214,136,2,134
124000215,80,12,68
124000216,0,0,0
124000329,0,0,0
124000338,0,0,0
124000339,161,1,160
124000341,158,0,158
124000344,23,1,22
124000357,651,186,465
124000358,1041,356,685
124000359,283,88,195
124000360,228,105,123
124000361,570,85,485
124000362,0,0,0
124000363,0,0,0
124000364,0,0,0
124000365,14,90,-76
124000366,6,38,-32
124000367,0,0,0
124000368,21,54,-33
124000369,12,51,-39
124000370,0,0,0
124000402,1,0,1
124000403,38,1,37
124000404,0,0,0
124000405,324,8,316
124000406,5,11,-6
124000407,0,0,0
124000411,0,0,0
124000412,34,1,33
124000413,0,18,-18
124000414,60,14,46
124000415,0,0,0
124000416,0,0,0
124000417,40,1,39
124000418,4,20,-16
124000419,0,0,0
124000420,66,13,53
124000421,0,0,0
124000422,0,0,0
124000423,0,0,0
124000424,0,0,0
124000425,17,0,17
124000426,0,0,0
124000427,2,0,2
124000428,0,0,0
124000429,16,0,16
124000430,0,0,0
124000431,0,0,0
124000432,0,0,0
124000439,0,0,0
124000443,0,0,0
124000445,5,116,-111
124000446,0,0,0
124000447,2,15,-13
124000448,1,0,1
124000449,10,0,10
124000450,0,0,0
124000451,0,0,0
124000452,0,0,0
124000453,1206,264,942
124000454,34,254,-220
124900001,0,0,0
124900002,0,0,0
124900003,0,0,0
124900004,0,0,0
124900005,0,0,0
124900006,0,0,0
124900008,0,0,0
124900009,0,0,0
124900010,0,0,0
124900011,0,0,0
124900012,0,0,0
124900013,0,0,0
124900014,0,0,0
124900015,0,0,0
124900016,0,0,0
124900017,0,0,0
124900018,0,0,0
124900020,0,0,0
124900021,0,0,0
124900022,0,0,0
124900024,0,0,0
124900026,0,0,0
124900027,0,0,0
124900028,0,0,0
124900029,0,0,0
124900030,0,0,0
124900031,0,0,0
124900032,0,0,0
124900033,0,0,0
124900034,0,0,0
124900035,0,0,0
124900036,0,0,0
124900037,0,0,0
124900038,0,0,0
124900039,0,0,0
124900040,0,0,0
124900041,0,0,0
124900042,0,0,0
124900043,0,0,0
124900044,0,0,0
124900045,0,0,0
124900047,0,0,0
124900048,0,0,0
124900050,0,0,0
124900052,0,0,0
124900053,0,0,0
124900054,0,0,0
124900055,0,0,0
124900057,0,0,0
124900060,0,0,0
124900061,0,0,0
124900062,0,0,0
124900066,0,0,0
124900067,0,0,0
124900068,0,0,0
124900070,0,0,0
124900072,0,0,0
124900075,0,0,0
124900076,0,0,0
124900077,0,0,0
124900078,0,0,0
124900079,0,0,0
124900080,0,0,0
124900081,0,0,0
124900082,0,0,0
124900083,0,0,0
124900085,0,0,0
124900086,0,0,0
124900087,0,0,0
124900088,0,0,0
124900089,0,0,0
124900090,0,0,0
124900091,0,0,0
124900092,0,0,0
124900093,0,0,0
124900094,0,0,0
124900095,0,0,0
124900096,0,0,0
124900097,0,0,0
124900098,0,0,0
124900099,0,0,0
124900100,0,0,0
124900101,0,0,0
124900102,0,0,0
124900103,0,0,0
124900104,0,0,0
124900105,0,0,0
124900106,0,0,0
124900107,0,0,0
124900108,0,0,0
124900111,0,0,0
124900112,0,0,0
124900113,0,0,0
124900114,0,0,0
124900115,0,0,0
124900116,0,0,0
124900117,0,0,0
124900118,0,0,0
124900119,0,0,0
124900120,0,0,0
124900121,0,0,0
124900122,0,0,0
124900123,0,0,0
124900124,0,0,0
124900125,0,0,0
124900126,0,0,0
204000001,45,0,45
204000002,35,4,31
204000003,10,16,-6
204000004,5,0,5
204000005,439,289,150
204000006,1741,898,843
204000011,0,0,0
204000012,0,0,0
204000019,576,222,354
204000020,122,90,32
204000021,141,40,101
204000022,519,114,405
204000023,0,0,0
204000031,2,50,-48
204000032,286,18,268
204000034,0,0,0
204000035,0,0,0
204000036,0,0,0
204000037,0,0,0
204000038,0,0,0
204000039,0,0,0
204000040,0,0,0
204000041,0,0,0
204000042,2,3,-1
204000043,18,0,18
204000044,14,1,13
204000045,1,2,-1
204000046,1,0,1
204000057,0,0,0
204000062,0,0,0
204000068,0,0,0
204000069,0,0,0
204000070,309,299,10
204000080,0,0,0
204000085,0,0,0
204000086,0,0,0
204000087,0,0,0
204000088,0,0,0
204000090,0,0,0
204000093,335,11,324
204000096,475,207,268
204000097,105,2,103
204000099,713,534,179
204000100,598,386,212
204000105,0,0,0
204000110,0,0,0
204000111,0,0,0
204000112,0,0,0
204000113,0,0,0
204000114,114,193,-79
204000115,56,51,5
204000116,88,66,22
204000119,1134,594,540
204000132,545,53,492
204000133,653,76,577
204000134,91,39,52
204000135,422,19,403
204000136,348,249,99
204000138,437,91,346
204000140,232,168,64
204000141,316,64,252
204000144,1,14,-13
204000145,44,0,44
204000146,0,0,0
204000147,0,0,0
204000148,243,10,233
204000154,0,2,-2
204000155,0,0,0
204000177,120,18,102
204000179,0,0,0
204000180,0,0,0
204000222,0,0,0
204000235,0,0,0
204000236,7,20,-13
204000238,8,27,-19
204000240,20,1,19
204000263,0,0,0
204000268,712,184,528
204000308,33,9,24
204000317,0,0,0
204000322,0,0,0
204000323,3,16,-13
204000328,154,27,127
204000329,0,0,0
204000330,118,5,113
204000331,0,0,0
205000001,0,0,0
205000013,0,0,0
205000014,0,0,0
205000015,0,0,0
205000016,0,0,0
205000017,0,0,0
205000022,0,0,0
205000025,0,0,0
205000029,35,0,35
205000045,0,0,0
205000046,0,0,0
205000047,0,0,0
205000048,0,0,0
205000049,0,0,0
205000050,0,0,0
205000059,0,0,0
205000060,0,0,0
205000061,0,0,0
205000062,0,0,0
205000063,0,0,0
205000064,0,0,0
205000065,0,0,0
205000066,0,0,0
205000067,0,0,0
205000069,0,0,0
205000082,153,60,93
205000110,0,0,0
205000111,0,0,0
205000112,132,38,94
205000113,0,0,0
205000121,201,72,129
205000123,0,0,0
205000126,680,96,584
205000127,738,57,681
205000128,484,22,462
205000129,393,35,358
205000130,81,1,80
205000131,4,0,4
205000132,66,21,45
205000133,11,0,11
205000134,272,1,271
205000137,0,0,0
205000138,0,0,0
205000139,0,0,0
205000144,74,42,32
205000145,93,24,69
205000151,45,36,9
205000152,119,18,101
205000153,189,13,176
205000154,58,64,-6
205000155,58,2,56
205000207,0,0,0
205000233,25,0,25
205000234,0,0,0
205000243,0,0,0
205000244,0,0,0
205000245,0,0,0
205000249,0,0,0
205000250,8,2,6
205000264,0,0,0
206000027,20,7,13
206000028,2,0,2
206000043,0,0,0
206000053,0,0,0
206000054,0,0,0
206000055,0,0,0
206000075,0,0,0
206000076,0,0,0
206000077,0,0,0
206000078,0,0,0
206000079,0,0,0
206000082,248,6,242
206000100,0,0,0
206000103,0,0,0
206000104,0,0,0
206000105,0,0,0
206000106,0,0,0
206000125,172,0,172
206000157,0,0,0
206000170,0,0,0
206000171,0,0,0
206000172,0,0,0
206000173,0,0,0
206000174,0,0,0
206000175,0,0,0
206000176,0,0,0
206000177,0,0,0
206000178,0,0,0
206000179,0,0,0
206000180,0,0,0
206000181,0,0,0
206000182,0,0,0
206000183,0,0,0
206000184,0,0,0
206000185,0,0,0
206000186,0,0,0
206000223,0,0,0
206000226,2,1,1
206000227,4,0,4
206000237,0,0,0
206000238,0,0,0
206000239,0,0,0
206000240,0,0,0
206000241,0,0,0
206000242,0,0,0
206000243,0,0,0
206000244,0,0,0
206000245,138,1,137
206000246,44,0,44
206000247,27,0,27
206000248,38,0,38
206000252,0,0,0
206000258,0,0,0
206000315,0,0,0
206000317,74,7,67
206000318,44,0,44
206000319,75,8,67
206000320,66,1,65
206000321,35,3,32
206000322,36,4,32
206000323,32,1,31
206000324,39,1,38
206000325,22,1,21
206000326,42,18,24
206000327,4,3,1
206000328,98,0,98
206000329,46,2,44
206000330,3,1,2
206000331,54,1,53
206000332,4,2,2
206000333,179,3,176
206000334,54,0,54
206000335,0,0,0
206000361,0,0,0
206000392,0,0,0
206000405,150,1,149
206000441,51,40,11
206000498,18,0,18
206000515,0,0,0
206000530,31,16,15
206000531,15,30,-15
206000532,78,4,74
206000535,0,0,0
206000536,0,0,0
206000537,0,0,0
206000613,111,7,104
206000784,279,55,224
207000001,0,0,0
207000002,0,0,0
207000003,0,0,0
207000007,265,81,184
207000008,0,0,0
207000009,0,0,0
207000010,0,0,0
207000012,92,69,23
207000015,2,11,-9
207000019,199,36,163
207000021,274,43,231
207000022,78,18,60
207000023,194,6,188
207000024,2,14,-12
207000025,2,27,-25
207000026,0,0,0
207000027,0,0,0
207000028,0,0,0
207000029,0,0,0
207000033,271,198,73
207000034,71,27,44
207000039,115,25,90
207000040,242,16,226
207000041,3,1,2
207000042,166,32,134
207000043,169,62,107
207000051,0,0,0
207000052,0,0,0
207000053,0,0,0
207000054,0,0,0
207000055,0,0,0
207000056,0,0,0
207000057,0,0,0
207000058,0,0,0
207000059,0,0,0
207000060,0,0,0
207000061,13,342,-329
207000062,137,76,61
207000063,90,161,-71
207000064,302,58,244
207000065,277,49,228
207000066,308,107,201
207000067,79,9,70
207000068,112,5,107
207000069,531,50,481
207000082,0,0,0
207000083,0,3,-3
207000084,80,34,46
207000085,0,0,0
207000086,0,0,0
207000106,10,2,8
207000107,59,2,57
207000108,46,1,45
207000109,49,2,47
207000110,53,9,44
207000111,163,6,157
207000112,67,42,25
207000114,0,0,0
207000115,0,0,0
207000116,0,0,0
207000117,0,0,0
207000118,0,0,0
207000119,0,0,0
207000123,104,2,102
207000124,68,10,58
207000125,47,2,45
207000126,37,14,23
207000134,0,0,0
207000135,0,0,0
207000148,189,49,140
207000149,0,0,0
207000152,0,0,0
207000153,0,0,0
207000154,215,22,193
207000159,0,0,0
207000160,0,0,0
207000238,0,0,0
207000242,0,0,0
207000248,0,0,0
207000249,0,0,0
207000250,0,0,0
207000251,0,0,0
207000252,0,0,0
207000278,31,38,-7
207000279,0,0,0
207000280,181,10,171
207000281,32,16,16
207000282,1,20,-19
207000283,0,2,-2
207000284,0,0,0
207000285,1,13,-12
207000291,0,0,0
207000304,44,22,22
207000306,0,0,0
207000310,93,86,7
207000353,43,0,43
207000356,0,0,0
207000357,1,25,-24
207000358,1,4,-3
207000415,0,0,0
207000417,24,0,24
207000418,84,41,43
207000438,0,0,0
207000439,510,83,427
207000446,66,1,65
207000460,0,0,0
207000466,0,0,0
207000467,107,6,101
207000468,0,0,0
207000476,0,0,0
207000477,0,0,0
207000478,0,0,0
207000523,0,0,0
207000524,28,0,28
207000527,235,41,194
207000530,241,0,241
207000531,64,0,64
207000532,39,2,37
207000534,160,12,148
207000535,0,0,0
207000537,0,0,0
207000540,0,0,0
207000541,0,0,0
207000548,0,0,0
207000549,87,2,85
207000561,101,18,83
207000562,0,0,0
207000567,0,0,0
207000568,0,0,0
207000569,0,0,0
207000584,0,0,0
207000585,38,38,0
207000587,169,5,164
207000616,0,0,0
207000617,165,0,165
207000624,3,6,-3
207000631,2,7,-5
207900008,0,0,0
208000001,84,159,-75
208000002,116,106,10
208000003,131,160,-29
208000004,257,159,98
208000005,0,0,0
208000019,281,126,155
208000020,297,109,188
208000021,0,0,0
208000022,0,0,0
208000028,0,0,0
208000033,0,0,0
208000034,0,0,0
208000037,132,2,130
208000040,11,62,-51
208000041,247,42,205
208000042,250,65,185
208000047,0,0,0
208000064,706,322,384
208000066,300,313,-13
208000070,98,13,85
208000071,170,29,141
208000072,67,87,-20
208000080,84,155,-71
208000081,89,13,76
208000082,0,0,0
208000083,0,0,0
208000084,1,1,0
208000085,0,0,0
208000086,0,0,0
208000087,0,0,0
208000089,0,0,0
208000090,0,0,0
208000093,0,0,0
208000094,0,0,0
208000095,0,1,-1
208000104,680,120,560
208000105,420,126,294
208000114,159,181,-22
208000115,188,86,102
208000116,189,222,-33
208000117,0,9,-9
208000118,13,23,-10
208000155,0,0,0
208000158,0,0,0
208000186,536,372,164
208000204,0,0,0
208000205,0,0,0
208000282,0,0,0
209000004,33,24,9
209000005,45,0,45
209000006,192,24,168
209000007,0,0,0
209000010,0,0,0
209000011,0,0,0
209000012,0,0,0
209000013,0,0,0
209000014,0,0,0
209000025,156,37,119
209000026,209,36,173
209000027,0,0,0
209000028,0,0,0
209000029,0,0,0
209000030,0,0,0
209000031,0,0,0
209000034,0,0,0
209000035,0,0,0
209000036,0,0,0
209000037,0,0,0
209000038,0,0,0
209000039,0,0,0
209000040,0,0,0
209000041,0,0,0
209000042,0,0,0
209000043,0,0,0
209000044,0,0,0
209000045,271,17,254
209000046,182,38,144
209000047,280,15,265
209000048,328,27,301
209000049,0,0,0
209000050,0,0,0
209000051,0,0,0
209000052,0,0,0
209000062,0,0,0
209000063,0,0,0
209000064,0,0,0
209000065,6,0,6
209000066,21,6,15
209000067,63,9,54
209000080,0,0,0
209000082,19,1,18
209000091,0,0,0
209000093,0,0,0
209000094,0,0,0
209000110,34,67,-33
209000111,149,35,114
209000112,60,33,27
209000113,144,50,94
209000114,53,8,45
209000115,0,0,0
209000116,0,0,0
209000118,0,15,-15
209000119,0,0,0
209000121,0,0,0
209000135,45,41,4
209000142,116,20,96
209000143,0,0,0
209000144,0,0,0
209000229,94,16,78
209000240,0,0,0
209000259,0,0,0
209000260,0,0,0
209000261,0,0,0
209000262,0,0,0
209000263,0,0,0
209000264,0,0,0
209000265,59,10,49
209000266,2,0,2
209000267,290,0,290
209000268,368,2,366
210000037,30,0,30
210000047,45,0,45
210000048,54,0,54
210000049,0,0,0
210000052,0,0,0
210000053,0,0,0
210000054,0,0,0
210000070,55,1,54
210000071,49,0,49
210000072,15,0,15
210000073,0,0,0
210000074,0,0,0
210000075,0,0,0
210000076,0,0,0
210000077,0,0,0
210000078,0,0,0
210000079,4,5,-1
210000080,97,11,86
210000081,16,6,10
210000082,8,0,8
210000083,27,0,27
210000084,73,0,73
210000085,0,0,0
210000086,0,0,0
210000099,0,0,0
210000100,0,0,0
210000101,0,0,0
210000105,0,0,0
210000159,0,0,0
210000163,0,0,0
210000164,81,16,65
210000168,8,0,8
210000187,0,0,0
210000188,0,0,0
210000214,29,0,29
210000219,20,1,19
210000220,2,2,0
210000232,0,0,0
210000233,0,0,0
210000234,0,0,0
210000235,0,0,0
210000245,0,0,0
210000246,19,0,19
210000258,0,0,0
210000259,133,10,123
210000282,0,0,0
210000285,0,0,0
210000286,0,0,0
210000290,0,1,-1
210000295,0,0,0
210000296,0,0,0
210000320,59,4,55
210000321,6,1,5
210000338,0,0,0
210000339,0,0,0
210000340,0,0,0
210000341,0,0,0
210000342,0,0,0
210000343,0,0,0
210000344,0,0,0
210000345,0,0,0
210000346,0,0,0
210000347,0,0,0
210000348,0,0,0
210000349,0,0,0
210000350,0,0,0
210000351,0,0,0
210000352,21,18,3
210000353,81,12,69
210000354,35,23,12
210000355,33,10,23
210000356,1,8,-7
210000357,10,20,-10
210000358,2,17,-15
210000359,22,15,7
210000360,162,44,118
210000361,56,77,-21
210000362,105,25,80
210000363,256,61,195
210000364,73,50,23
210000365,66,10,56
210000366,98,1,97
210000367,69,2,67
210000368,76,2,74
210000369,22,2,20
210000370,57,1,56
210000372,3,2,1
210000373,3,3,0
210000374,95,0,95
210000375,27,4,23
210000376,56,18,38
210000404,0,0,0
210000439,35,0,35
210000472,14,0,14
210000482,49,8,41
210000564,225,44,181
210000567,0,0,0
210000568,13,0,13
211000092,0,0,0
211000094,0,0,0
211000169,0,0,0
211000172,0,0,0
211000209,0,0,0
211000226,1,3,-2
211000270,0,0,0
211000275,0,0,0
211000276,0,0,0
211000279,0,0,0
211000281,0,0,0
211000302,0,0,0
211507980,0,0,0
211977296,0,0,0
212000003,55,14,41
212000004,0,0,0
212000005,0,0,0
212000006,0,0,0
212000008,0,0,0
212000009,0,0,0
212000012,0,0,0
212000013,0,0,0
212000014,0,0,0
212000015,0,0,0
212000016,0,0,0
212000027,393,41,352
212000028,201,126,75
212000029,157,164,-7
212000030,13,26,-13
212000031,31,9,22
212000048,0,0,0
212000049,0,0,0
212000050,0,0,0
212000051,0,0,0
212000052,0,0,0
212000053,0,0,0
212000054,148,3,145
212000055,198,31,167
212000056,4,21,-17
212000057,0,21,-21
212000058,5,2,3
212000070,0,0,0
212000077,0,0,0
212000099,159,18,141
212000108,134,33,101
212000111,89,7,82
212000120,0,0,0
212000138,0,0,0
212000156,0,0,0
212000158,0,41,-41
212000159,406,22,384
212000160,355,40,315
212000161,7,11,-4
212000310,0,0,0
212000311,0,26,-26
212000374,0,0,0
213000001,0,0,0
213000005,201,17,184
213000006,163,29,134
213000007,2,0,2
213000009,278,45,233
213000010,311,19,292
213000011,156,3,153
213000012,0,0,0
213000014,40,22,18
213000015,134,0,134
213000016,62,0,62
213000017,15,0,15
213000018,0,0,0
213000019,0,0,0
213000020,0,0,0
213000021,0,0,0
213000023,951,22,929
213000033,0,0,0
213000034,138,9,129
213000035,230,19,211
213000045,0,0,0
213000046,0,0,0
213000047,0,0,0
213000056,130,2,128
213000069,9,0,9
213000073,0,0,0
213000074,0,0,0
213000075,349,20,329
213000076,0,0,0
213000085,0,0,0
213000086,0,0,0
213000091,255,0,255
213000092,41,1,40
213000099,0,0,0
213000100,318,72,246
213000101,361,11,350
213000102,466,2,464
213000103,224,4,220
213000104,0,0,0
213000105,0,0,0
213000106,0,0,0
213000107,0,0,0
213000108,0,0,0
213000109,0,0,0
213000110,0,0,0
213000111,0,0,0
213000112,0,0,0
213000115,52,0,52
213000116,0,0,0
213000117,0,0,0
213000118,131,200,-69
213000119,0,0,0
213000120,0,0,0
213000122,0,0,0
213000123,0,0,0
213000124,0,0,0
213000125,88,69,19
213000126,0,0,0
213000127,0,0,0
213000128,0,0,0
213000129,211,83,128
213000130,469,102,367
213000132,264,52,212
213000133,419,111,308
213000134,365,3,362
213000136,185,2,183
213000137,373,5,368
213000139,74,0,74
213000147,2,1,1
213000148,1,1,0
213000149,1,0,1
213000150,0,0,0
213000151,0,0,0
213000152,0,0,0
213000153,0,0,0
213000154,0,0,0
213000155,0,0,0
213000156,0,0,0
213000157,0,0,0
213000158,0,0,0
213000159,300,31,269
213000163,297,131,166
213000165,471,81,390
213000171,0,0,0
213000172,0,0,0
213000173,0,0,0
213000174,0,0,0
213000175,0,0,0
213000176,327,1,326
213000177,28,2,26
213000178,83,0,83
213000179,80,0,80
213000180,152,0,152
213000184,0,0,0
213000188,101,4,97
213000189,190,3,187
213000190,114,1,113
213000191,184,2,182
213000192,69,0,69
213000193,0,0,0
213000194,0,0,0
213000195,0,0,0
213000196,0,0,0
213000197,460,16,444
213000198,0,0,0
213000200,0,0,0
213000201,0,0,0
213000202,0,0,0
213000203,802,81,721
213000204,550,8,542
213000205,190,4,186
213000206,489,14,475
213000207,18,2,16
213000208,0,0,0
213000209,4,0,4
213000210,52,0,52
213000211,0,0,0
213000212,0,0,0
213000213,0,0,0
213000218,11,134,-123
213000219,250,15,235
213000220,93,26,67
213000223,28,54,-26
213000224,1,3,-2
213000225,26,2,24
213000226,11,0,11
213000227,459,12,447
213000228,296,8,288
213000229,11,0,11
213000230,118,0,118
213000232,0,0,0
213000233,0,0,0
213000234,0,0,0
213000293,0,0,0
213000294,5,1,4
213000295,0,0,0
213000296,17,1,16
213000297,0,0,0
213000298,0,0,0
213000299,20,3,17
213000300,0,0,0
213000303,0,0,0
213000304,0,0,0
213000305,1,2,-1
213000306,0,0,0
213000307,7,11,-4
213000308,0,0,0
213000309,77,8,69
213000310,119,24,95
213000311,0,0,0
213000315,0,0,0
213000316,93,0,93
213000322,0,0,0
213000323,0,0,0
213000340,0,0,0
213000341,236,14,222
213000346,4,22,-18
213000347,134,12,122
213000348,0,0,0
213000349,0,0,0
213000350,0,0,0
213000366,0,0,0
213000367,95,1,94
213000379,0,0,0
213000386,0,0,0
213000406,0,0,0
213000417,428,120,308
213000425,0,0,0
213000426,0,0,0
213000427,0,0,0
213000428,0,0,0
213000429,0,0,0
213000430,0,0,0
213000431,0,0,0
213000432,0,0,0
213000433,0,0,0
213000434,0,0,0
213000435,0,0,0
213000439,0,0,0
213000441,0,0,0
213000443,0,0,0
213000445,0,0,0
213000446,0,0,0
213000447,0,0,0
213000448,0,0,0
213000449,0,0,0
213000450,0,0,0
213000451,0,0,0
213000452,0,0,0
213000453,0,0,0
213000455,29,3,26
213000456,0,0,0
213000481,4,0,4
213000482,2,0,2
213000489,15,1,14
213000491,0,0,0
213000492,28,3,25
213000493,0,0,0
213000494,105,12,93
213000495,0,0,0
213000496,523,85,438
213000497,0,0,0
213000498,0,0,0
213000499,0,0,0
213000500,229,5,224
213000501,17,6,11
213000502,13,2,11
213000503,0,0,0
213000504,0,0,0
213000505,35,0,35
213000506,0,0,0
213000507,0,0,0
213900244,64,0,64
213900245,0,0,0
218000003,0,0,0
218000004,0,0,0
218000005,1,3,-2
218000006,0,0,0
218000007,0,0,0
218000012,0,0,0
218000013,5,20,-15
218000014,59,57,2
218000019,0,0,0
218000020,0,0,0
218000040,6,2,4
218000046,0,4,-4
218000047,0,7,-7
218000048,22,22,0
218000049,19,16,3
218000050,16,29,-13
218000051,1,25,-24
218000052,0,26,-26
218000053,0,0,0
218000054,1,27,-26
218000055,1,6,-5
218000056,1,30,-29
218000057,0,6,-6
218000064,0,0,0
218000065,51,0,51
218000066,5,14,-9
218000067,0,0,0
218000068,0,0,0
218000069,0,0,0
218000070,0,0,0
218000071,0,0,0
218000072,0,0,0
218000078,0,0,0
218000079,0,0,0
218000080,0,0,0
218000081,0,0,0
218000082,0,0,0
218000083,0,0,0
218000084,0,0,0
218000085,0,0,0
218000086,0,0,0
218000087,0,0,0
218000090,0,0,0
218000091,134,38,96
218000092,0,0,0
218000093,4,0,4
218000094,0,0,0
218000099,51,42,9
218000100,8,12,-4
218000101,4,4,0
218000102,130,42,88
218000103,37,1,36
218000104,23,3,20
218000105,0,0,0
218000106,0,0,0
218000107,0,0,0
218000108,0,0,0
218000112,0,0,0
218000117,41,11,30
218000134,0,0,0
218000135,0,0,0
218000136,0,0,0
218000137,0,0,0
218000138,0,0,0
218000139,0,0,0
218000140,0,0,0
218000141,0,0,0
218000142,0,0,0
218000143,0,0,0
218000144,0,0,0
218000145,0,0,0
218000146,0,0,0
218000151,0,9,-9
218000152,62,2,60
218000170,0,0,0
218000171,30,1,29
218000172,16,4,12
218000173,0,10,-10
218000174,15,5,10
218000176,110,7,103
218000177,321,10,311
218000178,150,5,145
218000179,231,3,228
218000180,20,0,20
218000181,110,2,108
218000187,0,0,0
218000188,0,0,0
218000189,0,0,0
218000190,0,0,0
218000191,0,0,0
218000192,0,0,0
218000193,0,0,0
218000194,0,0,0
218000195,0,0,0
218000196,0,0,0
218000197,0,1,-1
218000198,1,0,1
218000199,0,0,0
218000200,0,0,0
218000201,0,0,0
218000202,0,0,0
218000207,0,0,0
218000208,0,0,0
218000211,0,0,0
218000213,30,11,19
218000214,2,1,1
218000215,0,9,-9
218000217,0,2,-2
218000218,24,84,-60
218000219,2,25,-23
218000220,39,76,-37
218000221,144,104,40
218000222,3,14,-11
218000223,64,137,-73
218000224,5,130,-125
218000225,156,114,42
218000226,133,27,106
218000232,0,0,0
218000239,11,0,11
218000240,0,0,0
218000241,1,0,1
218000242,1,0,1
218000243,2,0,2
218000244,0,0,0
218000245,0,0,0
218000246,0,0,0
218000247,0,0,0
218000248,0,0,0
218000249,0,0,0
218000250,0,0,0
218000251,0,0,0
218000252,0,0,0
218000253,0,0,0
218000254,0,0,0
218000255,0,0,0
218000256,0,0,0
218000267,0,0,0
218000268,0,0,0
218000269,0,0,0
218000270,0,0,0
218000271,0,0,0
218000273,15,24,-9
218000274,22,7,15
218000275,0,0,0
218000276,0,0,0
218000278,0,0,0
218000279,0,0,0
218000280,0,0,0
218000281,0,0,0
218000282,52,26,26
218000284,127,30,97
218000301,0,0,0
218000302,0,0,0
218000303,0,0,0
218000316,22,17,5
218000317,12,0,12
218000318,0,1,-1
218000319,0,0,0
218000320,0,0,0
218000338,0,0,0
218000345,0,0,0
218000346,47,20,27
218000459,14,23,-9
218000490,0,0,0
218000501,15,0,15
218000502,0,0,0
218000503,17,0,17
218000504,38,1,37
218000505,0,0,0
218000506,0,0,0
218000508,0,0,0
218000510,41,5,36
218000520,0,0,0
218000521,0,0,0
218000522,0,0,0
218000523,16,0,16
218000524,0,0,0
218000525,38,0,38
218000526,0,0,0
218000529,0,0,0
218000531,52,3,49
218000532,0,0,0
218000534,22,0,22
218000537,19,8,11
218000538,0,0,0
218000540,0,0,0
218000543,0,0,0
218000544,0,0,0
218000545,0,0,0
218000546,0,0,0
218000547,0,0,0
218000548,0,0,0
218000549,153,2,151
218000550,0,0,0
218000551,0,0,0
218000552,72,1,71
218000553,0,0,0
218000554,0,0,0
218000555,11,0,11
218000556,0,0,0
218000557,35,10,25
218000558,28,1,27
218000559,0,0,0
218000560,0,0,0
218000561,1,0,1
218000562,0,0,0
218000563,133,0,133
218000564,0,0,0
218000565,8,0,8
218000566,3,0,3
218000567,0,0,0
218000568,0,0,0
218000569,0,0,0
218000570,5,0,5
218000571,0,0,0
218000572,5,0,5
218000573,0,0,0
218000574,4,0,4
218000575,27,0,27
218000576,0,0,0
218000577,28,0,28
218000578,0,0,0
218000579,0,0,0
218000581,0,0,0
218000582,0,0,0
218000583,0,0,0
218000584,0,0,0
218000585,0,0,0
218000586,0,0,0
218000587,0,0,0
218000588,0,0,0
218000589,0,0,0
218000590,0,0,0
218000591,0,0,0
218000592,0,0,0
218000593,0,0,0
218000594,0,0,0
218000597,0,0,0
218000598,0,0,0
218000599,0,0,0
218000600,0,0,0
218000601,0,0,0
218000602,0,0,0
218000603,0,0,0
218000604,0,0,0
218000605,0,0,0
218000606,1,0,1
218000607,0,0,0
218000608,0,0,0
218000609,0,0,0
218000610,0,0,0
218000611,0,0,0
218000612,0,0,0
218000613,0,0,0
218000614,0,0,0
218000615,0,0,0
218000616,0,0,0
218000617,0,0,0
218000618,0,0,0
218000619,0,0,0
218000620,0,0,0
218000621,0,0,0
218000622,0,0,0
218000623,0,0,0
218000624,0,0,0
218000625,0,0,0
218000626,0,0,0
218000628,73,18,55
218000631,11,1,10
218000632,0,0,0
218000633,0,0,0
218000634,0,0,0
218000635,0,2,-2
218000636,0,0,0
218000637,0,0,0
218000638,142,23,119
218000639,0,0,0
218000640,106,4,102
218000641,0,0,0
218000652,24,14,10
218000653,196,18,178
218000663,0,0,0
218000675,1,3,-2
218000680,0,0,0
218000681,86,6,80
218000691,0,0,0
218000693,88,14,74
218000718,0,0,0
218000719,5,24,-19
218000720,0,0,0
218000721,0,0,0
218001147,0,0,0
218001214,0,0,0
218001258,100,0,100
218001329,40,14,26
218001330,0,0,0
218001351,0,1,-1
218001352,0,0,0
218001353,0,2,-2
218001354,0,0,0
218001355,0,0,0
218001356,64,5,59
218001357,0,0,0
218001358,12,0,12
218001361,168,9,159
218001362,0,0,0
219000001,0,0,0
219000002,0,0,0
219000003,31,1,30
219000004,11,38,-27
219000017,0,0,0
219000020,61,0,61
219000022,59,0,59
219000023,38,0,38
219000029,0,0,0
219000034,20,9,11
219000039,0,0,0
219000040,0,0,0
219000041,0,0,0
219000051,0,0,0
219000052,0,0,0
219000053,0,0,0
219000055,0,0,0
219000056,0,0,0
219000057,0,0,0
219000062,0,0,0
219000063,0,0,0
219000064,0,0,0
219000110,45,2,43
219000111,27,21,6
219000112,31,2,29
219000113,55,0,55
219000114,51,0,51
219000116,0,0,0
219000117,3,0,3
219000118,18,4,14
219000123,37,1,36
219000124,2,0,2
219000125,0,0,0
219000126,0,0,0
219000127,0,0,0
219000128,0,0,0
219000129,0,0,0
219000130,0,0,0
219000131,146,75,71
219000133,0,6,-6
219000134,10,17,-7
219000135,6,4,2
219000136,28,21,7
219000138,9,0,9
219000139,0,0,0
219000140,3,0,3
219000141,0,0,0
219000142,0,0,0
219000143,0,0,0
219000145,4,3,1
219000146,0,0,0
219000147,0,0,0
219000148,0,0,0
219000149,0,0,0
219000150,0,0,0
219000151,0,0,0
219000157,6,1,5
219000158,1,1,0
219000161,0,0,0
219000163,20,1,19
219000166,2,24,-22
219000167,0,0,0
219000168,37,5,32
219000174,31,3,28
219000175,0,0,0
219000176,0,0,0
219000177,0,0,0
219000178,0,0,0
219000179,0,0,0
219000180,0,0,0
219000182,24,4,20
219000183,15,1,14
219000184,32,1,31
219000185,0,0,0
219000186,16,0,16
219000187,3,0,3
219000189,0,0,0
219000190,0,0,0
219000191,0,0,0
219000192,36,11,25
219000193,0,0,0
219000195,0,0,0
219000196,0,0,0
219000198,0,0,0
219000199,0,0,0
219000200,0,0,0
219000201,0,0,0
219000203,0,0,0
219000204,0,0,0
219000205,0,0,0
219000207,0,0,0
219000209,0,0,0
219000210,0,0,0
219000213,0,0,0
219000239,0,0,0
219000240,0,0,0
219000241,0,0,0
219000242,0,0,0
219000243,0,0,0
219000244,0,0,0
219000245,0,0,0
219000246,16,20,-4
219000247,58,3,55
219000248,147,17,130
219000249,53,7,46
219000250,16,18,-2
219000251,47,76,-29
219000252,135,79,56
219000253,63,11,52
219000255,0,15,-15
219000256,20,1,19
219000257,67,0,67
219000262,0,0,0
219000263,0,0,0
219000267,0,0,0
219000268,0,0,0
219000269,0,0,0
219000270,0,0,0
219000271,0,0,0
219000278,0,0,0
219000279,0,0,0
219000283,0,0,0
219000295,0,0,0
219000296,0,0,0
219000297,0,0,0
219000298,0,0,0
219000299,116,10,106
219000300,0,0,0
219000301,0,0,0
219000302,0,0,0
219000307,0,0,0
219000308,0,0,0
219000311,109,1,108
219000312,123,6,117
219000313,90,3,87
219000314,0,0,0
219000315,145,2,143
219000316,132,1,131
219000317,23,0,23
219000320,0,0,0
219000321,0,0,0
219000323,0,0,0
219000325,0,0,0
219000326,0,0,0
219000327,0,0,0
219000328,0,0,0
219000329,0,0,0
219000330,0,0,0
219000331,0,0,0
219000332,1,0,1
219000333,0,0,0
219000335,0,0,0
219000337,4,0,4
219000338,1,0,1
219000344,0,0,0
219000345,0,0,0
219000346,0,0,0
219000348,0,0,0
219000349,0,0,0
219000350,0,0,0
219000351,0,0,0
219000352,9,14,-5
219000353,6,9,-3
219000354,6,10,-4
219000355,10,16,-6
219000356,23,69,-46
219000363,77,4,73
219000364,81,3,78
219000365,31,0,31
219000366,103,2,101
219000368,46,23,23
219000370,52,42,10
219000371,0,0,0
219000382,0,0,0
219000383,0,0,0
219000385,0,0,0
219000386,0,0,0
219000387,0,0,0
219000390,0,0,0
219000391,0,0,0
219000397,0,0,0
219000398,0,0,0
219000401,0,0,0
219000402,0,0,0
219000403,0,0,0
219000404,0,0,0
219000407,0,0,0
219000409,9,9,0
219000410,20,0,20
219000411,27,1,26
219000446,0,0,0
219000447,0,0,0
219000448,19,0,19
219000452,0,0,0
219000453,0,0,0
219000454,60,18,42
219000556,35,2,33
219000558,0,0,0
219000590,0,0,0
219000591,23,4,19
219000592,0,0,0
219000595,0,0,0
219000635,59,1,58
219000636,0,0,0
219000657,1,0,1
219000658,0,0,0
219000673,0,0,0
219000676,0,0,0
219000679,1,0,1
219000684,0,0,0
219000685,0,0,0
219000686,0,0,0
219000688,0,0,0
219000689,0,0,0
219000690,207,7,200
219000691,0,0,0
219000692,52,1,51
219000693,0,0,0
219000694,0,0,0
219000695,0,0,0
219000698,7,0,7
219000699,0,0,0
219000727,0,0,0
219000728,0,0,0
219000770,6,0,6
219000771,0,0,0
219000788,0,0,0
219001150,0,0,0
219001151,0,0,0
219001166,13,0,13
219001167,0,0,0
219001178,39,0,39
220000001,1,7,-6
220000002,0,0,0
220000003,0,0,0
220000004,0,0,0
220000005,0,0,0
220000006,0,0,0
220000007,0,0,0
220000008,0,0,0
220000009,0,0,0
220000010,2,1,1
220000011,10,4,6
220000012,1,0,1
220000014,0,0,0
220000015,0,0,0
220000017,0,0,0
220000018,0,0,0
220000019,0,0,0
220000020,3,7,-4
220000021,0,0,0
220000022,1,0,1
220000023,0,0,0
220000024,1,0,1
220000025,2,5,-3
220000026,0,4,-4
220000027,0,5,-5
220000028,1,26,-25
220000029,0,0,0
220000030,0,0,0
220000031,7,10,-3
220000064,0,0,0
221000046,0,0,0
221000047,0,0,0
221000048,0,0,0
221000049,0,0,0
221000050,23,0,23
221000055,28,0,28
221000068,250,31,219
221000069,209,35,174
221000070,96,2,94
221000071,96,0,96
221000072,164,1,163
221000073,49,1,48
221000074,0,0,0
221000075,0,0,0
221000076,0,0,0
221000077,0,0,0
221000081,39,0,39
221000082,48,0,48
221000083,20,5,15
221000084,12,0,12
221000085,0,0,0
221000086,0,0,0
221000087,0,0,0
221000088,0,0,0
221000089,0,0,0
221000090,0,0,0
221000098,146,8,138
221000099,82,0,82
221000100,114,0,114
221000101,206,1,205
221000103,0,0,0
221000104,0,0,0
221000107,32,0,32
221000108,16,0,16
221000111,0,0,0
221000112,0,0,0
221000113,0,0,0
221000114,0,0,0
221000120,0,0,0
221000121,0,6,-6
221000122,1,4,-3
221000123,0,0,0
221000124,0,0,0
221000155,18,6,12
221000156,4,0,4
221000175,0,0,0
221000176,0,0,0
221000182,7,0,7
221000241,726,40,686
221000242,0,0,0
221000243,327,28,299
221000244,0,0,0
221000245,152,22,130
221000246,0,0,0
221000247,191,27,164
221000248,0,0,0
221000267,0,0,0
221000325,0,0,0
221000331,0,0,0
221000338,0,2,-2
221000378,85,10,75
221000381,0,0,0
222000282,0,0,0
222000296,0,0,0
222000568,104,0,104
222000569,63,4,59
222000570,40,0,40
222000571,245,8,237
222000577,0,0,0
222000578,0,0,0
222000579,0,0,0
222000580,0,0,0
222000599,0,0,0
222000600,0,0,0
222000601,0,0,0
222000603,0,0,0
222000604,0,0,0
222000605,0,0,0
222000606,0,0,0
222000607,0,0,0
222000608,0,0,0
222000609,0,0,0
222000616,79,2,77
222000617,1,2,-1
222000618,0,0,0
222000620,0,0,0
222000621,40,0,40
222000623,212,0,212
222000624,166,1,165
222000625,190,0,190
222000636,6,0,6
222000686,1,0,1
222000687,3,0,3
222001066,161,1,160
222001067,47,0,47
222001068,36,0,36
222001069,1,0,1
222001082,0,0,0
222001083,0,0,0
222001084,0,0,0
222001085,0,0,0
222001111,0,0,0
222001112,33,6,27
222001313,0,1,-1
222001314,0,0,0
222001464,25,1,24
222001465,0,0,0
222001484,10,0,10
222001485,0,0,0
222001494,94,4,90
222001495,0,0,0
222001496,94,0,94
222001497,0,0,0
222001502,0,0,0
222001503,30,14,16
222001504,0,0,0
222001505,172,0,172
222001506,0,0,0
222001507,122,0,122
222001510,133,0,133
222001511,0,0,0
222001514,231,9,222
222001515,0,0,0
222001518,99,21,78
222001519,0,0,0
222001527,13,1,12
222001528,0,0,0
222001529,184,2,182
222001530,0,0,0
222001533,0,0,0
222001534,298,4,294
222001535,6,19,-13
222001536,0,0,0
222001537,46,0,46
222001538,0,0,0
222001563,275,6,269
222001564,0,0,0
222001568,14,0,14
222001576,0,0,0
222001579,0,0,0
222001583,0,0,0
222001584,4,0,4
222001596,0,0,0
222001597,113,28,85
222001626,0,0,0
222001650,0,13,-13
222001651,3,0,3
222001914,52,0,52
222001915,0,0,0
222001968,48,4,44
222001969,0,0,0
222001970,20,0,20
222001971,1,0,1
222001972,0,0,0
225000001,110,41,69
225000002,134,24,110
225000003,116,2,114
225000004,147,31,116
225000005,46,24,22
225000006,0,0,0
225000007,0,0,0
225000010,6,0,6
225000011,86,206,-120
225000012,47,91,-44
225000013,56,25,31
225000014,66,16,50
225000015,0,0,0
225000021,180,15,165
225000027,0,0,0
225000032,148,18,130
225000042,0,0,0
225000049,0,0,0
225000050,28,0,28
225000053,0,0,0
225000058,160,61,99
225000067,0,0,0
225000068,0,0,0
225000069,0,0,0
225000070,0,0,0
225000071,0,0,0
225000075,0,0,0
225000076,0,0,0
225000078,0,25,-25
225000085,7,1,6
225000086,8,0,8
225000087,102,3,99
225000088,0,0,0
225000089,0,0,0
225000090,0,0,0
225000091,0,0,0
225000092,0,0,0
225000093,0,0,0
225000094,0,0,0
225000095,0,0,0
225000096,0,0,0
225000098,131,50,81
225000099,162,27,135
225000100,36,42,-6
225000104,0,0,0
225000110,0,0,0
225000111,0,0,0
225000112,0,0,0
225000113,0,0,0
225000114,0,0,0
225000115,0,0,0
225000116,167,32,135
225000117,264,78,186
225000118,303,41,262
225000119,27,4,23
225000120,128,4,124
225000121,137,2,135
225000123,374,12,362
225000125,103,18,85
225000126,221,46,175
225000127,409,84,325
225000128,290,119,171
225000132,0,0,0
225000133,0,0,0
225000134,96,50,46
225000135,16,2,14
225000136,19,0,19
225000137,8,0,8
225000138,130,0,130
225000143,0,0,0
225000144,0,0,0
225000145,51,6,45
225000146,0,0,0
225000147,0,0,0
225000148,0,0,0
225000149,0,0,0
225000151,0,0,0
225000155,0,0,0
225000156,0,0,0
225000157,0,0,0
225000158,0,0,0
225000171,0,0,0
225000180,29,8,21
225000181,0,0,0
225000182,38,5,33
225000185,0,0,0
225000187,0,0,0
225000191,41,0,41
225000194,0,0,0
225000208,0,0,0
225000209,61,19,42
225000210,0,0,0
225000217,0,0,0
225000218,28,0,28
225000223,0,0,0
225000224,11,1,10
225000225,0,0,0
225000226,135,3,132
225000227,0,0,0
225000228,7,1,6
225000229,0,0,0
225000230,2,0,2
225000231,0,0,0
225000232,72,0,72
225000241,129,0,129
225000242,0,0,0
225000249,28,0,28
225000250,0,0,0
225000251,0,0,0
226000042,0,0,0
226000043,0,0,0
226000044,0,0,0
226000045,0,0,0
226000046,164,3,161
226000047,68,20,48
226000048,111,19,92
226000049,89,81,8
226000070,0,0,0
226000071,0,0,0
226000072,0,0,0
226000073,0,0,0
226000074,0,0,0
226000084,0,0,0
226000085,0,0,0
226000086,0,0,0
226000087,0,0,0
226000088,0,0,0
226000090,5,5,0
226000091,3,1,2
226000092,0,0,0
226000093,0,0,0
226000094,0,12,-12
226000095,0,44,-44
226000105,0,0,0
226000106,1,0,1
226000107,0,0,0
226000108,3,0,3
226000109,11,0,11
226000124,42,5,37
226000134,58,90,-32
226000135,143,32,111
226000136,11,13,-2
226000137,0,0,0
226000138,0,0,0
226000139,0,0,0
226000156,91,1,90
226000157,115,1,114
226000163,0,0,0
226000202,0,0,0
226000231,165,1,164
226000232,3,0,3
227000033,65,1,64
227000036,166,2,164
227000037,89,0,89
227000038,25,0,25
227000049,0,0,0
227000050,0,0,0
227000055,7,0,7
227000056,0,0,0
227000084,0,0,0
227000085,0,0,0
227000088,2,0,2
227000089,1,0,1
227000090,0,0,0
227000091,11,0,11
227000093,2,0,2
227000094,0,0,0
227000130,0,0,0
227000131,0,0,0
227000132,0,0,0
227000133,0,0,0
227000134,0,0,0
227000152,0,0,0
227000153,0,0,0
227000155,0,0,0
227000156,0,0,0
227000165,0,0,0
227000196,34,1,33
227000199,111,8,103
227000230,0,0,0
227000232,58,10,48
227000242,0,0,0
227000243,120,0,120
227000245,0,0,0
227000246,0,0,0
227000247,131,4,127
227000248,35,14,21
227000249,0,0,0
227000250,21,25,-4
227000251,0,0,0
227000252,0,0,0
227000253,92,4,88
227000262,266,2,264
227000266,112,0,112
227000267,0,0,0
227000282,0,0,0
227000284,131,3,128
227000286,0,0,0
227000287,0,0,0
227000291,0,0,0
227000484,90,0,90
227000485,0,0,0
227000655,53,0,53
227000656,55,0,55
227000657,6,0,6
227000661,69,2,67
227000680,0,0,0
229000265,0,0,0
229000296,0,0,0
229000297,0,0,0
229000298,0,0,0
229000320,0,0,0
229000321,0,0,0
229000412,0,0,0
229000414,0,0,0
229000415,0,0,0
229000416,0,0,0
229000417,0,0,0
229000419,0,5,-5
229000440,99,1,98
229000442,2,0,2
229000443,0,0,0
229000444,0,0,0
229000445,4,0,4
229000446,20,0,20
229000847,0,0,0
229000848,0,0,0
229000849,0,0,0
229000851,0,0,0
229000854,0,0,0
229000856,0,0,0
229000857,0,0,0
229000858,0,0,0
229000919,0,0,0
229000930,0,0,0
229000937,110,0,110
229000966,12,3,9
229000981,0,0,0
229000985,0,0,0
229000986,0,0,0
229000987,0,0,0
229000988,0,0,0
229000989,0,0,0
229000990,0,0,0
229000991,0,0,0
229000992,3,0,3
229000993,7,0,7
229000998,0,0,0
229000999,11,0,11
229001034,0,0,0
229001035,1,0,1
229001037,6,0,6
229001042,2,0,2
229001047,0,0,0
229001050,27,0,27
229001200,1,0,1
229001338,0,0,0
229001394,206,0,206
229001422,80,4,76
229001423,0,0,0
229001431,92,9,83
229001432,0,0,0
229001444,90,3,87
229001445,0,3,-3
229001503,61,6,55
229001504,0,0,0
229001505,143,3,140
229001506,0,0,0
229001509,2,0,2
229001545,10,0,10
229001546,0,0,0
229001553,24,0,24
229001554,0,0,0
229001559,0,0,0
229001560,0,0,0
229001630,4,0,4
229001631,0,0,0
229001635,0,0,0
229001636,0,0,0
229001658,0,0,0
229001659,21,0,21
229001660,0,0,0
229001661,0,9,-9
229001662,11,0,11
229001663,0,0,0
229002584,41,5,36
229002831,0,0,0
229002841,0,0,0
229002842,0,1,-1
229002843,0,6,-6
229002844,0,1,-1
229002845,0,11,-11
229002846,2,1,1
229002847,0,0,0
229002848,0,0,0
229002849,0,7,-7
229002850,19,0,19
229002851,0,17,-17
229002852,7,0,7
229002853,8,0,8
229002854,1,1,0
229002855,0,0,0
229002856,1,1,0
229002857,1,0,1
229002858,0,0,0
229002859,1,0,1
229002860,4,1,3
229002861,1,10,-9
229002862,0,0,0
229002863,0,0,0
229002864,3,4,-1
229002865,0,0,0
229002866,1,5,-4
229002867,0,0,0
229002868,9,0,9
229002869,0,2,-2
229002870,0,1,-1
235000066,175,0,175
235000067,89,7,82
235000072,0,0,0
235000073,0,0,0
235000074,0,0,0
235000080,0,0,0
235000081,0,0,0
235000082,122,6,116
235000083,88,0,88
235000084,18,0,18
235000085,204,10,194
235000089,23,0,23
235000092,0,0,0
235000093,0,0,0
235000097,1,0,1
235000098,64,2,62
235000099,0,1,-1
235000116,21,0,21
235000117,101,1,100
235000133,0,0,0
235000134,0,0,0
235000206,0,10,-10
235000207,0,0,0
235000208,0,2,-2
235000209,0,1,-1
235000210,0,0,0
235000212,0,0,0
235000213,0,0,0
235000220,0,0,0
235000221,0,0,0
235000238,2,169,-167
235000239,0,10,-10
235000242,16,302,-286
235000245,0,0,0
235000246,0,0,0
235000284,0,0,0
235000295,16,0,16
235000305,45,22,23
235000306,71,1,70
235000307,48,0,48
235000308,1,0,1
235000309,0,0,0
235000310,1,0,1
235000311,1,1,0
235000322,0,0,0
235000323,0,0,0
235000324,0,0,0
235000325,0,0,0
235000326,0,0,0
235000351,0,0,0
235000352,0,0,0
235000353,0,0,0
235000354,0,0,0
235000355,0,0,0
235000356,18,0,18
235000357,8,0,8
235000358,1,0,1
235000359,0,0,0
235000360,4,0,4
235000361,33,0,33
235000381,0,0,0
235000382,73,0,73
235000390,3,0,3
235000391,138,1,137
235000392,149,20,129
235000393,81,29,52
235000395,81,10,71
235000396,255,4,251
235000400,4,6,-2
235000401,0,0,0
235000405,0,0,0
235000406,0,0,0
235000407,0,0,0
235000409,0,0,0
235000410,0,0,0
235000411,0,0,0
235000485,0,0,0
235000486,4,0,4
235000549,22,21,1
235000550,0,0,0
235000599,0,0,0
235000600,0,0,0
235000601,1,2,-1
235000602,26,0,26
235000614,0,0,0
235000648,0,0,0
235000649,69,0,69
235000685,0,0,0
235000815,0,0,0
235000834,0,0,0
235000855,60,4,56
235000862,0,0,0
235000891,0,0,0
235000892,11,0,11
235000901,0,0,0
235000907,0,0,0
235001010,35,3,32
235001029,0,0,0
235001030,265,9,256
235001078,62,7,55
235001079,0,0,0
235001147,2,8,-6
235001166,8,7,1
235001167,0,0,0
235001169,0,0,0
235001188,0,0,0
235001189,6,0,6
235001197,0,0,0
235001200,0,0,0
235001207,254,24,230
235001210,0,0,0
235001215,0,0,0
235001239,0,0,0
235001244,1,7,-6
235016267,0,0,0
277102712,0,0,0
277103813,3,0,3
277103814,0,0,0
277104249,0,0,0
277104250,0,0,0
277104251,0,0,0
277104252,0,0,0
990011530,0,0,0
990014944,0,2,-2
990015176,9,0,9
990015618,0,0,0
990016032,0,0,0
990032570,0,1,-1
990070001,37,0,37
990070103,0,0,0
990070601,0,0,0
990070751,0,0,0
990070766,0,0,0
990071180,395,14,381
990071343,1,0,1
990071387,0,0,0
990071823,12,3,9
990072600,0,0,0
990072964,0,0,0
990073285,0,0,0
990074393,0,0,0
990074870,470,2,468
990075106,163,0,163
990075746,198,5,193
990076437,1108,17,1091
990076458,0,0,0
997000007,146,0,146
997000041,0,0,0
997000058,43,0,43
997000062,10,1,9
997000069,0,0,0
997000070,0,0,0
997000100,0,0,0
997000141,0,0,0
997000198,0,0,0
998000475,0,0,0
998000736,0,0,0
998000965,0,0,0
998001031,0,0,0
998001700,0,0,0
998001899,0,0,0
998001900,35,123,-88
998003073,312,20,292
998101900,2,40,-38
998102850,0,0,0
998501927,229,0,229
998501929,489,9,480
998501930,69,5,64
998501931,162,0,162
998501932,1,0,1
998501933,409,0,409
998501937,16,2,14
998501944,0,0,0
998501950,0,0,0
998501970,38,0,38
998501971,0,115,-115
998501973,0,0,0
998501974,0,0,0
998501975,97,0,97
998501976,11,0,11
998501977,0,1,-1
998501978,2,0,2
998501979,0,0,0
998501980,66,0,66
998501981,109,1,108
998501982,0,0,0
998501983,0,0,0
998502006,0,0,0
998502024,0,0,0
998502032,0,0,0
998502062,2,0,2
998502063,0,0,0
998502173,1,0,1
998502269,0,0,0
998502546,0,0,0
998502578,0,0,0
998502599,0,0,0
998502621,0,0,0
998601159,0,0,0
998601292,0,0,0
999033574,0,0,0
999800001,20,0,20
999800002,0,0,0
999800003,5,0,5
999800004,0,0,0
999800005,0,0,0
