ID,insum,outsum,diff
100000001,558,690,-132
100000002,4958,904,4054
100000003,5505,3028,2477
100000004,1522,1092,430
100000005,2074,3768,-1694
100000006,940,118,822
100000007,3305,708,2597
100000008,312,397,-85
100000009,648,192,456
100000010,95,73,22
100000011,955,106,849
100000012,150,817,-667
100000013,68,188,-120
100000014,425,285,140
100000015,2106,2670,-564
100000016,1208,1397,-189
100000017,1000,863,137
100000018,2125,664,1461
100000019,4918,2093,2825
100000020,1910,6621,-4711
100000021,5149,2419,2730
100000022,2386,1572,814
100000023,5630,1335,4295
100000025,2622,757,1865
100000028,2485,814,1671
100000029,312,209,103
100000030,440,55,385
100000031,5579,7108,-1529
100000032,2742,4763,-2021
100000033,1460,2865,-1405
100000034,721,395,326
100000035,2208,1092,1116
100000036,2636,1501,1135
100000037,562,515,47
100000038,2126,1086,1040
100000039,825,209,616
100000040,268,207,61
100000041,1197,408,789
100000042,1103,432,671
100000043,1071,433,638
100000044,440,763,-323
100000045,683,1179,-496
100000046,683,1043,-360
100000047,388,644,-256
100000048,782,675,107
100000049,1882,2082,-200
100000051,604,1122,-518
100000053,237,3,234
100000054,634,32,602
100000055,1829,289,1540
100000056,780,555,225
100000057,1859,715,1144
100000058,1055,1103,-48
100000059,26,72,-46
100000060,418,345,73
100000061,2209,532,1677
100000062,2208,629,1579
100000063,741,293,448
100000064,1782,495,1287
100000065,660,891,-231
100000066,400,730,-330
100000067,638,730,-92
100000068,608,1440,-832
100000069,508,1559,-1051
100000072,459,1184,-725
100000073,1284,1164,120
100000075,867,374,493
100000076,4676,2865,1811
100000077,480,142,338
100000078,78,54,24
100000079,76,67,9
100000080,44,35,9
100000081,118,108,10
100000102,4287,1465,2822
100000103,6126,1126,5000
100000104,4813,2229,2584
100000105,3873,1178,2695
100000106,2926,1809,1117
100000107,750,792,-42
100000108,1129,855,274
100000109,4811,1258,3553
100000116,1791,938,853
100000117,115,76,39
100000118,2360,811,1549
100000119,811,584,227
100000121,318,481,-163
100000122,2051,962,1089
100000123,3947,4968,-1021
100000124,5951,6962,-1011
100000125,2916,995,1921
100000126,1116,324,792
100000127,2724,417,2307
100000128,2151,1237,914
100000129,663,541,122
100000130,293,536,-243
100000131,2553,3014,-461
100000132,1213,2234,-1021
100000133,5500,2628,2872
100000135,539,975,-436
100000139,496,219,277
100000140,425,204,221
100000142,417,600,-183
100000143,1719,769,950
100000144,4563,1023,3540
100000147,1135,2775,-1640
100000150,53,407,-354
100000151,887,699,188
100000153,460,334,126
100000154,304,103,201
100000155,40,40,0
100000156,336,143,193
100000157,85,66,19
100000158,207,72,135
100000159,849,442,407
100000165,1615,717,898
100000169,654,425,229
100000174,1390,469,921
100000179,139,547,-408
100000180,3364,1167,2197
100000181,605,240,365
100000188,86,256,-170
100000189,1008,369,639
100000190,1120,564,556
100000191,698,431,267
100000192,72,123,-51
100000193,188,196,-8
100000330,1763,701,1062
100000355,410,607,-197
100000362,5833,3320,2513
100000363,3518,5278,-1760
100000364,371,170,201
100000365,4428,4571,-143
100000366,7002,2827,4175
100000367,4596,4460,136
100000368,2995,1594,1401
100000369,1253,1816,-563
100000370,160,566,-406
100000376,224,117,107
100000379,4914,1432,3482
100000380,8449,2415,6034
100000384,6036,3957,2079
100000385,5173,3653,1520
100000386,9390,4800,4590
100000387,7429,4429,3000
100000388,8287,5163,3124
100000389,7553,5127,2426
100000390,7712,4735,2977
100000391,5557,5696,-139
100000392,5777,2462,3315
100000393,2822,3002,-180
100000394,10707,5425,5282
100000395,5131,2597,2534
100000396,10274,2551,7723
100000397,6460,3323,3137
100000398,12269,8038,4231
100000413,47,17,30
100900002,5,68,-63
100900003,359,160,199
100900004,32,669,-637
100900005,134,11,123
100900006,24,131,-107
100900007,418,11,407
100900008,1,355,-354
100900009,69,87,-18
100900010,100,117,-17
100900011,198,330,-132
100900012,2,246,-244
100900013,1017,2,1015
100900014,3,12,-9
100900015,119,120,-1
100900016,1,42,-41
100900017,725,66,659
100900018,0,25,-25
100900019,16,165,-149
100900020,465,15,450
100900021,383,1,382
100900022,11,23,-12
100900023,8,61,-53
100900024,905,1,904
100900025,22,9,13
100900026,121,139,-18
100900027,391,2822,-2431
100900028,125,167,-42
100900029,101,10,91
100900030,5,21,-16
100900031,566,31,535
100900032,272,0,272
100900033,235,149,86
100900034,513,3,510
100900035,956,4,952
100900036,34,5,29
100900037,80,269,-189
100900038,378,23,355
100900039,288,877,-589
100900040,513,687,-174
100900041,478,715,-237
100900042,1170,266,904
100900043,0,12,-12
100900044,2708,629,2079
100900045,71,3,68
100900046,1205,19,1186
100900047,792,172,620
100900048,126,43,83
100900049,88,208,-120
100900050,1,29,-28
100900051,53,40,13
100900052,232,30,202
100900053,257,33,224
100900054,44,69,-25
100900055,289,576,-287
100900056,156,302,-146
100900057,440,1436,-996
100900058,337,38,299
100900059,120,1,119
100900060,110,12,98
100900061,427,280,147
100900062,1,70,-69
100900063,140,555,-415
100900064,668,15,653
100900065,129,103,26
100900066,90,177,-87
100900067,2,12,-10
100900068,139,114,25
100900069,1432,12,1420
100900070,233,6,227
100900071,823,324,499
100900072,6,55,-49
100900073,127,431,-304
100900074,8,17,-9
100900075,1475,341,1134
100900076,25,37,-12
100900077,26,109,-83
100900078,141,446,-305
100900079,13,21,-8
100900080,35,149,-114
100900081,139,177,-38
100900082,124,772,-648
100900083,13,49,-36
100900085,19,70,-51
100900086,199,1280,-1081
100900088,116,633,-517
100900089,2,31,-29
100900090,192,405,-213
100900091,0,39,-39
100900092,330,286,44
100900093,145,404,-259
100900094,77,484,-407
100900095,4,78,-74
100900096,27,49,-22
100900097,5,12,-7
100900098,21,21,0
100900099,44,554,-510
100900100,7,341,-334
100900101,369,60,309
100900102,19,50,-31
100900103,19,13,6
100900104,17,169,-152
100900105,12,241,-229
100900106,66,12,54
100900107,1701,639,1062
100900108,10,22,-12
100900109,43,47,-4
100900110,1,12,-11
100900111,64,222,-158
100900112,2,17,-15
100900113,12,16,-4
100900114,35,18,17
100900115,5,58,-53
100900116,625,1020,-395
100900117,359,560,-201
100900118,28,42,-14
100900119,30,24,6
100900120,1,20,-19
100900121,222,680,-458
100900122,166,195,-29
100900123,122,232,-110
100900124,21,17,4
100900125,27,95,-68
100900126,141,198,-57
100900127,5,16,-11
100900128,89,206,-117
100900129,1,96,-95
100900131,85,224,-139
100900133,117,50,67
100900134,1,9,-8
100900135,0,164,-164
100900137,325,181,144
100900138,536,421,115
100900139,33,8,25
100900140,5,735,-730
100900141,0,389,-389
100900142,2,10,-8
100900143,836,368,468
100900144,5,4,1
100900145,71,184,-113
100900146,8,52,-44
100900147,21,188,-167
100900148,54,823,-769
100900149,31,132,-101
100900150,2,69,-67
100900151,133,422,-289
100900152,107,29,78
100900153,10,146,-136
100900154,13,23,-10
100900155,20,13,7
100900156,7,8,-1
100900157,4,113,-109
100900159,4,21,-17
100900160,18,15,3
100900161,80,9,71
100900162,23,219,-196
100900163,173,214,-41
100900164,25,33,-8
100900165,16,102,-86
100900166,19,7,12
100900167,15,71,-56
100900168,30,143,-113
100900169,147,900,-753
100900170,42,8,34
100900171,28,571,-543
100900172,0,10,-10
100900173,12,485,-473
100900174,634,67,567
100900176,1348,167,1181
100900177,758,313,445
100900178,470,122,348
100900179,103,108,-5
100900180,1,5,-4
100900181,106,77,29
100900182,37,16,21
100900184,13,181,-168
100900186,788,650,138
100900187,11,153,-142
100900188,33,26,7
100900189,834,183,651
100900191,1388,1094,294
100900192,408,269,139
100900195,202,148,54
100900197,12,27,-15
100900198,14,257,-243
100900199,3,4,-1
100900200,641,369,272
100900201,55,605,-550
100900202,77,0,77
100900203,0,101,-101
100900204,585,338,247
100900205,144,479,-335
100900206,109,71,38
100900207,222,119,103
100900210,120,652,-532
100900211,344,169,175
100900213,56,24,32
100900214,719,150,569
100900215,24,69,-45
100900217,141,94,47
101000001,5098,2695,2403
101000002,4241,4349,-108
101000003,821,1880,-1059
101000004,8756,8839,-83
101000005,1782,3920,-2138
101000006,8438,8235,203
101000007,2106,3106,-1000
101000008,5680,3083,2597
101000009,2346,1843,503
101000010,1046,1440,-394
101000011,2396,760,1636
101000012,1860,921,939
101000013,712,1074,-362
101000014,658,719,-61
101000015,1140,815,325
101000016,619,404,215
101000017,706,481,225
101000018,5242,2245,2997
101000020,5636,1536,4100
101000021,2067,378,1689
101000022,234,35,199
101000023,2526,750,1776
101000025,227,484,-257
101000026,646,14,632
101000027,2594,1877,717
101000028,1384,241,1143
101000029,172,908,-736
101000030,1739,86,1653
101000031,664,232,432
101000032,10332,2826,7506
101000033,3634,2608,1026
101000034,4333,1505,2828
101000035,1101,390,711
101000036,2384,791,1593
101000037,5036,1529,3507
101000039,3243,2003,1240
101000040,4347,3016,1331
101000041,12260,6054,6206
101000042,814,882,-68
101000043,8649,4846,3803
101000045,2069,767,1302
101000046,4398,702,3696
101000047,2275,1469,806
101000048,768,788,-20
101000049,898,1165,-267
101000050,1790,1193,597
101000051,2338,1722,616
101000052,2330,613,1717
101000053,1179,1922,-743
101000054,1530,1020,510
101000055,1642,1411,231
101000056,61,118,-57
101000057,2772,895,1877
101000058,2013,1046,967
101000059,4525,1732,2793
101000060,1781,536,1245
101000061,1121,1378,-257
101000062,1091,698,393
101000063,837,767,70
101000064,1830,772,1058
101000065,394,409,-15
101000066,870,511,359
101000067,1528,582,946
101000068,498,308,190
101000069,765,65,700
101000070,1622,845,777
101000071,2170,904,1266
101000072,1021,3800,-2779
101000073,805,584,221
101000074,6246,2845,3401
101000075,6023,2759,3264
101000077,1024,947,77
101000078,968,2033,-1065
101000079,660,429,231
101000080,874,339,535
101000081,1533,1474,59
101000082,3844,3478,366
101000083,2199,2496,-297
101000084,1579,1231,348
101000085,1705,1272,433
101000086,1090,1203,-113
101000087,1091,1328,-237
101000088,944,1107,-163
101000089,870,1618,-748
101000090,2311,1491,820
101000091,370,1302,-932
101000092,755,1285,-530
101000093,1428,945,483
101000094,715,1371,-656
101000095,303,737,-434
101000096,375,652,-277
101000097,1623,378,1245
101000098,832,542,290
101000099,1165,1455,-290
101000100,1024,672,352
101000101,467,305,162
101000102,1481,450,1031
101000103,1234,439,795
101000104,448,598,-150
101000105,1113,329,784
101000106,950,511,439
101000107,133,376,-243
101000108,1114,398,716
101000109,272,77,195
101000110,56,673,-617
101000111,184,242,-58
101000113,223,822,-599
101000114,7905,2563,5342
101000115,162,204,-42
101000116,271,196,75
101000117,788,316,472
101000119,183,49,134
101000120,288,51,237
101000121,104,26,78
101000122,203,72,131
101000123,92,57,35
101000124,449,198,251
101000125,324,652,-328
101000128,1168,286,882
101000130,272,278,-6
101000131,706,605,101
101000132,485,1638,-1153
101000135,62,26,36
101000136,747,90,657
101000137,37,267,-230
101000141,2285,2794,-509
101000147,1185,593,592
101000148,2555,20,2535
101000149,356,223,133
101000150,71,995,-924
101000151,141,77,64
101000152,429,487,-58
101000153,623,389,234
101000154,256,1462,-1206
101000155,280,180,100
101000156,28,298,-270
101000157,46,18,28
101000160,172,54,118
101000163,290,211,79
101000164,704,570,134
101000165,230,435,-205
101000166,277,368,-91
101000168,971,403,568
101000252,1684,1055,629
101000254,427,54,373
101000258,29,13,16
101000261,252,26,226
101000262,1254,1393,-139
101000263,239,636,-397
101000265,98,771,-673
101000266,387,283,104
101000269,127,8,119
101000290,1838,3278,-1440
101000293,21,97,-76
101000294,547,481,66
101000295,157,503,-346
101000301,835,380,455
101000304,2343,2738,-395
101000305,3361,1913,1448
101000328,158,388,-230
101900001,23,84,-61
101900002,0,24,-24
101900003,137,109,28
101900004,5,58,-53
101900005,4879,1633,3246
101900006,831,57,774
101900007,724,111,613
101900008,117,304,-187
101900009,78,493,-415
101900010,1080,757,323
101900011,354,1825,-1471
101900012,124,376,-252
101900013,1404,188,1216
101900017,25,172,-147
101900018,1554,313,1241
101900019,317,156,161
101900020,97,83,14
101900021,0,57,-57
101900022,118,1274,-1156
101900023,143,256,-113
101900026,152,54,98
101900027,16,132,-116
102000001,4124,4309,-185
102000002,3690,1614,2076
102000003,3769,6246,-2477
102000004,7840,3114,4726
102000005,1765,2453,-688
102000006,2085,2060,25
102000007,1771,4975,-3204
102000008,5961,1925,4036
102000009,5270,7560,-2290
102000010,5651,4164,1487
102000011,3967,3079,888
102000012,4400,4036,364
102000018,3072,3141,-69
102000019,2696,1913,783
102000026,251,1010,-759
102000029,352,238,114
102000030,109,359,-250
102000031,76,194,-118
102000032,391,454,-63
102000033,229,495,-266
102000034,497,559,-62
102000035,903,751,152
102000036,30,416,-386
102000037,208,89,119
102000038,266,251,15
102000039,310,92,218
102000040,540,202,338
102000041,271,357,-86
102000042,328,195,133
102000043,501,203,298
102000044,1200,549,651
102000045,785,1220,-435
102000046,1140,724,416
102000047,790,1258,-468
102000048,325,1040,-715
102000049,1142,834,308
102000050,1150,1272,-122
102000051,554,701,-147
102000052,1580,916,664
102000053,1222,891,331
102000054,497,982,-485
102000055,855,950,-95
102000056,563,1644,-1081
102000057,1474,613,861
102000058,1034,1943,-909
102000059,1840,1531,309
102000060,1552,985,567
102000061,1522,2217,-695
102000062,1485,1202,283
102000063,1231,1884,-653
102000064,748,854,-106
102000065,52,145,-93
102000066,1333,1327,6
102000067,2470,3695,-1225
102000068,11758,3536,8222
102000069,55,2089,-2034
102000070,2838,59,2779
102000071,9630,10185,-555
102000072,3688,5156,-1468
102000073,958,1058,-100
102000074,674,1001,-327
102000075,173,383,-210
102000076,210,602,-392
102000077,393,1316,-923
102000078,829,972,-143
102000079,164,252,-88
102000080,288,215,73
102000081,394,812,-418
102000082,869,309,560
102000083,568,434,134
102000084,157,401,-244
102000085,1602,1310,292
102000086,973,1470,-497
102000087,906,1906,-1000
102000088,243,310,-67
102000089,1006,423,583
102000090,445,1158,-713
102000091,1652,462,1190
102000092,341,1027,-686
102000093,702,775,-73
102000094,1063,717,346
102000095,977,997,-20
102000096,654,782,-128
102000097,860,827,33
102000098,707,771,-64
102000099,931,621,310
102000100,1069,1223,-154
102000101,1288,701,587
102000102,369,2942,-2573
102000103,1435,441,994
102000104,1062,372,690
102000105,327,767,-440
102000106,700,953,-253
102000107,1112,669,443
102000108,688,261,427
102000109,804,661,143
102000110,799,1708,-909
102000111,16,372,-356
102000112,198,113,85
102000113,19,43,-24
102000114,1008,445,563
102000115,264,338,-74
102000116,1003,302,701
102000117,444,560,-116
102000118,1976,1044,932
102000119,2582,769,1813
102000120,279,435,-156
102000121,868,433,435
102000122,521,872,-351
102000123,1251,956,295
102000124,978,1101,-123
102000125,836,1355,-519
102000126,597,749,-152
102000127,1047,837,210
102000128,644,893,-249
102000129,1558,817,741
102000130,720,588,132
102000131,1410,565,845
102000132,630,483,147
102000133,1547,2312,-765
102000134,613,770,-157
102000135,859,1283,-424
102000136,1023,630,393
102000137,932,715,217
102000138,235,323,-88
102000139,209,308,-99
102000140,744,298,446
102000141,344,470,-126
102000142,493,399,94
102000143,133,493,-360
102000144,267,552,-285
102000145,366,559,-193
102000146,352,295,57
102000147,391,441,-50
102000148,207,574,-367
102000149,159,609,-450
102000150,280,182,98
102000151,141,338,-197
102000152,125,223,-98
102000153,1323,551,772
102000154,460,778,-318
102000155,155,291,-136
102000156,565,107,458
102000157,144,294,-150
102000158,735,607,128
102000159,1175,427,748
102000161,4090,2407,1683
102000162,279,164,115
102000163,125,506,-381
102000164,1084,1116,-32
102000165,332,121,211
102000166,109,187,-78
102000167,286,186,100
102000168,281,146,135
102000169,118,751,-633
102000170,591,242,349
102000171,260,107,153
102000172,281,360,-79
102000173,600,324,276
102000174,47,66,-19
102000175,132,99,33
102000176,50,32,18
102000178,497,474,23
102000179,639,311,328
102000180,704,505,199
102000181,470,667,-197
102000182,532,703,-171
102000183,1761,2062,-301
102000184,1764,880,884
102000185,2336,1542,794
102000186,1145,1954,-809
102000187,942,1852,-910
102000188,1011,1599,-588
102000189,2396,926,1470
102000190,529,2610,-2081
102000191,1318,618,700
102000192,1038,1460,-422
102000193,73,165,-92
102000194,102,151,-49
102000195,515,521,-6
102000196,209,479,-270
102000197,536,421,115
102000198,285,902,-617
102000199,759,357,402
102000200,342,1111,-769
102000201,732,430,302
102000202,2,131,-129
102000203,360,315,45
102000204,459,1059,-600
102000205,1026,633,393
102000206,768,707,61
102000207,1495,458,1037
102000208,551,572,-21
102000209,80,42,38
102000210,344,502,-158
102000211,654,418,236
102000212,389,11,378
102000213,0,388,-388
102000214,249,25,224
102000215,4,516,-512
102000216,52,57,-5
102000217,12,194,-182
102000218,262,176,86
102000219,525,317,208
102000225,798,721,77
102000226,2619,1136,1483
102000227,176,2,174
102000228,0,117,-117
102000229,40,32,8
102000230,276,534,-258
102000231,301,581,-280
102000232,13,307,-294
102000233,483,823,-340
102000234,110,1197,-1087
102000236,267,99,168
102000237,884,179,705
102000238,194,271,-77
102000240,797,507,290
102000241,254,105,149
102000243,10,83,-73
102000245,30,130,-100
102000246,42,34,8
102000247,1634,1256,378
102000248,1299,1489,-190
102000249,140,177,-37
102000250,58,511,-453
102000254,70,385,-315
102000266,49,223,-174
102000271,76,33,43
102000286,512,498,14
102000297,1911,1236,675
102000301,0,0,0
102000303,0,0,0
102000305,0,0,0
102000307,0,5,-5
102900001,1032,987,45
102900002,422,36,386
102900003,65,251,-186
102900005,236,385,-149
102900006,380,171,209
102900007,444,27,417
102900008,189,56,133
102900009,526,219,307
102900010,608,584,24
102900011,1918,455,1463
102900012,389,83,306
102900013,23,71,-48
102900015,649,392,257
102900016,67,147,-80
102900017,106,659,-553
102900018,23,162,-139
102900019,461,455,6
102900020,130,33,97
102900021,16,194,-178
102900022,832,154,678
102900023,15,67,-52
102900024,34,43,-9
102900025,322,134,188
102900026,478,1549,-1071
102900027,42,62,-20
102900028,151,702,-551
102900029,134,187,-53
102900030,684,288,396
102900031,198,155,43
102900032,68,121,-53
102900033,106,239,-133
102900034,339,104,235
102900035,186,379,-193
102900036,299,649,-350
102900037,369,730,-361
102900038,503,773,-270
102900039,20,460,-440
102900040,132,242,-110
102900041,61,182,-121
102900042,131,358,-227
102900043,129,247,-118
102900044,518,2068,-1550
102900045,131,539,-408
102900046,111,305,-194
102900047,101,572,-471
102900048,592,723,-131
102900049,111,351,-240
102900050,275,345,-70
102900051,204,233,-29
102900053,432,706,-274
102900054,809,890,-81
102900055,63,123,-60
102900056,141,481,-340
102900057,10,46,-36
102900058,268,63,205
102900059,13,38,-25
102900060,126,537,-411
102900061,171,566,-395
102900062,195,1141,-946
102900063,997,433,564
102900064,115,416,-301
102900065,1908,528,1380
102900066,314,44,270
102900068,143,103,40
102900070,146,528,-382
102900072,43,41,2
102900073,205,6,199
102900075,75,54,21
102900076,253,93,160
102900077,46,50,-4
102900078,29,110,-81
102900079,173,17,156
102900080,315,34,281
102900081,100,234,-134
102900082,5,227,-222
102900083,355,15,340
102900084,4,33,-29
102900085,358,124,234
102900086,27,46,-19
102900087,114,109,5
102900088,60,38,22
102900089,338,134,204
102900090,5,447,-442
102900091,203,1,202
102900092,237,1166,-929
102900094,0,70,-70
102900095,96,0,96
102900096,54,24,30
102900097,5,136,-131
103000001,2378,2931,-553
103000002,2859,2733,126
103000003,4164,3020,1144
103000004,1004,827,177
103000005,2028,3824,-1796
103000006,643,1727,-1084
103000007,512,886,-374
103000008,1310,942,368
103000009,1133,1085,48
103000010,295,215,80
103000011,1594,1287,307
103000012,1297,1632,-335
103000013,4654,2029,2625
103000014,1315,2664,-1349
103000015,2318,755,1563
103000016,585,1716,-1131
103000017,212,443,-231
103000018,926,506,420
103000019,241,299,-58
103000020,3098,1321,1777
103000021,2175,1624,551
103000022,1656,1570,86
103000023,578,1948,-1370
103000024,90,275,-185
103000025,120,547,-427
103000026,1497,203,1294
103000027,330,446,-116
103000028,427,372,55
103000029,249,252,-3
103000030,1898,823,1075
103000031,1611,2174,-563
103000032,2675,1988,687
103000033,2387,2966,-579
103000034,1829,1141,688
103000035,396,1628,-1232
103000036,386,540,-154
103000037,590,466,124
103000038,420,1035,-615
103000039,367,513,-146
103000040,425,1291,-866
103000041,1913,2678,-765
103000042,1085,708,377
103000043,445,1267,-822
103000044,175,211,-36
103000046,218,533,-315
103000047,654,727,-73
103000048,138,185,-47
103000049,91,200,-109
103000050,671,685,-14
103000051,402,601,-199
103000052,876,466,410
103000053,202,628,-426
103000054,2664,1488,1176
103000055,2095,2395,-300
103000056,610,2153,-1543
103000057,450,345,105
103000058,585,943,-358
103000059,448,991,-543
103000060,1079,742,337
103000061,387,957,-570
103000062,1055,649,406
103000063,624,841,-217
103000064,162,306,-144
103000065,8,475,-467
103000066,254,12,242
103000069,350,491,-141
103000070,971,973,-2
103000071,1011,503,508
103000072,125,820,-695
103000073,448,125,323
103000074,581,105,476
103000075,96,718,-622
103000076,338,264,74
103000077,67,429,-362
103000078,1723,546,1177
103000079,1227,711,516
103000080,1402,371,1031
103000081,506,1140,-634
103000082,500,181,319
103000083,114,333,-219
103000084,189,14,175
103000085,4,160,-156
103000086,1070,388,682
103000087,163,643,-480
103000088,512,393,119
103000089,259,568,-309
103000090,1794,754,1040
103000091,540,538,2
103000092,307,268,39
103000093,289,469,-180
103000094,153,102,51
103000095,57,376,-319
103000096,580,89,491
103000097,85,706,-621
103000098,1160,184,976
103000099,543,627,-84
103000100,83,786,-703
103000101,808,114,694
103000102,83,696,-613
103000103,607,196,411
103000104,62,112,-50
103000105,104,116,-12
103000106,5,84,-79
103000107,183,54,129
103000108,1207,638,569
103000109,377,361,16
103000110,454,513,-59
103000111,544,406,138
103000112,456,236,220
103000113,1114,661,453
103000114,2454,388,2066
103000115,351,567,-216
103000116,474,557,-83
103000117,324,497,-173
103000118,1253,984,269
103000119,1721,745,976
103000120,199,166,33
103000121,748,1138,-390
103000122,733,613,120
103000125,9,403,-394
103000126,577,7,570
103000127,3,228,-225
103000128,212,2,210
103000129,1,145,-144
103000130,61,28,33
103000131,181,83,98
103000132,104,157,-53
103000133,5,101,-96
103000134,778,898,-120
103000135,729,362,367
103000136,784,516,268
103000137,734,594,140
103000138,916,737,179
103000139,6,89,-83
103000140,152,24,128
103000141,71,141,-70
103000142,182,78,104
103000143,113,189,-76
103000144,221,72,149
103000145,52,41,11
103000150,86,54,32
103000152,385,281,104
103000153,439,170,269
103000156,8,486,-478
103000157,387,3,384
103000159,118,37,81
103000162,189,47,142
103000163,28,53,-25
103000164,86,26,60
103000165,154,420,-266
103000166,202,322,-120
103000167,230,124,106
103000168,105,159,-54
103000169,216,467,-251
103000170,555,475,80
103000171,58,80,-22
103000172,408,455,-47
103000173,380,636,-256
103000174,148,457,-309
103000175,170,408,-238
103000176,904,639,265
103000177,628,537,91
103000178,228,323,-95
103000179,123,42,81
103000183,124,24,100
103000185,65,64,1
103000186,160,272,-112
103000187,424,578,-154
103000188,13,75,-62
103000189,2091,998,1093
103000191,466,497,-31
103000292,2206,1547,659
103000293,1183,1752,-569
103000295,102,117,-15
103000296,475,7,468
103000297,28,9,19
103000504,147,9,138
103000505,13,15,-2
103000506,5,329,-324
103000507,158,5,153
103000508,63,20,43
103000509,233,696,-463
103900001,3,289,-286
103900002,1642,188,1454
103900003,1761,311,1450
103900004,61,5,56
103900005,0,277,-277
103900006,21,36,-15
103900007,44,2,42
103900008,56,0,56
103900009,262,393,-131
103900010,173,293,-120
103900011,170,175,-5
103900012,16,26,-10
103900013,42,75,-33
103900014,47,19,28
103900015,58,21,37
103900016,223,213,10
103900017,21,94,-73
103900018,718,214,504
103900019,35,282,-247
103900020,225,442,-217
103900021,776,207,569
103900022,1070,771,299
103900023,109,2,107
103900024,81,372,-291
103900025,10,46,-36
103900026,204,0,204
103900027,718,270,448
103900028,17,279,-262
103900029,1040,163,877
103900030,709,63,646
103900031,20,6,14
103900032,74,67,7
103900033,172,4,168
103900034,18,248,-230
103900035,45,49,-4
103900036,46,27,19
103900037,79,50,29
103900038,73,155,-82
103900039,61,495,-434
103900040,14,187,-173
103900041,50,43,7
103900042,46,396,-350
103900043,133,107,26
103900044,163,290,-127
103900045,231,248,-17
103900047,62,28,34
103900048,68,34,34
103900049,250,1273,-1023
103900050,12,101,-89
103900051,2,31,-29
103900052,205,495,-290
103900053,166,894,-728
103900054,117,538,-421
103900055,487,239,248
103900056,45,57,-12
103900057,32,223,-191
103900058,232,790,-558
103900059,0,11,-11
103900060,60,256,-196
103900061,120,60,60
103900062,313,101,212
103900063,28,0,28
103900064,75,3,72
103900065,863,400,463
103900066,122,22,100
103900067,128,11,117
103900068,11,1,10
103900069,137,7,130
103900070,160,296,-136
103900071,11,157,-146
103900072,9,309,-300
103900073,42,28,14
103900074,54,116,-62
103900075,182,95,87
103900076,319,770,-451
103900077,56,92,-36
103900078,161,143,18
103900079,111,263,-152
103900080,6,56,-50
103900081,177,41,136
103900082,33,127,-94
103900083,1808,1200,608
103900084,59,127,-68
103900085,80,119,-39
103900086,580,278,302
103900088,401,351,50
103900089,36,199,-163
103900090,3,210,-207
103900091,1154,285,869
103900092,879,457,422
103900093,96,317,-221
103900094,11,126,-115
103900095,693,225,468
103900096,24,239,-215
103900097,2,408,-406
103900098,146,100,46
103900099,57,212,-155
103900100,167,477,-310
103900101,68,1224,-1156
103900102,2,33,-31
103900104,1,42,-41
103900105,90,224,-134
103900106,0,36,-36
103900107,88,288,-200
103900108,48,406,-358
103900109,91,116,-25
103900110,253,48,205
103900111,77,631,-554
103900112,26,66,-40
103900113,125,241,-116
103900114,451,310,141
103900115,295,206,89
103900116,6648,2737,3911
103900117,154,115,39
103900119,28,54,-26
103900120,60,125,-65
103900122,96,304,-208
103900123,1950,753,1197
103900124,70,515,-445
103900125,122,79,43
103900126,409,534,-125
103900127,155,523,-368
103900128,73,200,-127
103900131,36,141,-105
103900133,1055,128,927
103900134,0,1,-1
103900135,24,8,16
103900137,0,41,-41
103900138,71,315,-244
103900139,383,1321,-938
103900140,11,100,-89
103900141,238,94,144
103900142,136,200,-64
103900143,39,5,34
103900144,3,55,-52
103900145,193,311,-118
103900146,320,324,-4
103900147,416,125,291
103900148,183,199,-16
103900149,237,772,-535
103900150,7380,3643,3737
103900151,89,201,-112
103900152,384,453,-69
103900153,13,1,12
103900154,1186,1880,-694
103900155,35,286,-251
103900156,46,231,-185
103900157,21,274,-253
103900158,78,186,-108
103900159,143,85,58
103900160,82,29,53
103900161,125,210,-85
103900162,66,228,-162
103900163,4,517,-513
103900167,13,83,-70
103900168,107,110,-3
103900169,48,32,16
103900170,4,131,-127
103900171,2,53,-51
103900172,6,24,-18
103900173,15,13,2
103900174,116,91,25
103900175,79,66,13
103900176,10,43,-33
103900177,10,69,-59
103900178,48,102,-54
103900179,52,174,-122
103900180,10,125,-115
103900181,115,41,74
103900182,58,7,51
103900184,556,64,492
103900185,300,317,-17
103900187,67,70,-3
103900188,44,16,28
103900189,98,5,93
103900190,95,64,31
103900191,28,29,-1
103900192,43,62,-19
103900193,160,149,11
103900194,88,308,-220
103900195,1,69,-68
103900196,27,33,-6
103900197,9,22,-13
103900198,11,54,-43
103900199,150,65,85
103900200,116,149,-33
103900201,79,199,-120
103900202,9,42,-33
103900203,23,21,2
103900204,0,134,-134
103900207,1,134,-133
103900208,59,1,58
103900209,18,104,-86
103900210,51,19,32
103900211,420,504,-84
103900212,79,435,-356
103900213,147,247,-100
103900214,350,146,204
103900215,611,324,287
103900216,9,485,-476
103900217,468,69,399
103900218,14,492,-478
103900219,168,408,-240
103900233,60,1,59
103900235,40,17,23
103900236,35,2,33
103900242,9,39,-30
103900243,22,16,6
103900244,99,282,-183
103900245,104,228,-124
103900246,93,43,50
103900247,52,124,-72
103900248,33,66,-33
103900249,38,40,-2
103900250,61,48,13
103900251,1,43,-42
103900253,163,86,77
103900254,6,35,-29
103900255,61,27,34
103900256,19,31,-12
103900257,205,303,-98
103900258,73,1,72
103900259,172,10,162
103900261,11,5,6
103900262,32,9,23
103900263,64,110,-46
103900264,108,47,61
103900265,164,32,132
103900266,0,75,-75
103900267,11,88,-77
103900268,22,155,-133
103900269,144,57,87
103900270,55,190,-135
103900271,54,143,-89
103900272,99,113,-14
103900273,29,75,-46
103900274,74,9,65
103900275,37,11,26
103900276,5,138,-133
103900277,6,102,-96
103900278,8,63,-55
103900279,0,21,-21
103900280,1,130,-129
104000001,1683,1884,-201
104000002,1782,3310,-1528
104000003,2304,2524,-220
104000004,3172,3342,-170
104000005,1480,1992,-512
104000006,2889,3246,-357
104000007,4386,4690,-304
104000008,239,315,-76
104000009,132,153,-21
104000010,131,232,-101
104000011,770,349,421
104000012,196,399,-203
104000013,194,169,25
104000014,293,812,-519
104000015,268,176,92
104000016,584,494,90
104000018,730,252,478
104000019,562,196,366
104000020,208,642,-434
104000021,332,606,-274
104000022,147,223,-76
104000023,645,437,208
104000024,284,379,-95
104000026,89,349,-260
104000027,377,289,88
104000028,377,294,83
104000029,521,628,-107
104000030,253,244,9
104000031,894,398,496
104000032,221,332,-111
104000033,531,538,-7
104000034,298,420,-122
104000035,772,424,348
104000036,662,536,126
104000037,299,341,-42
104000038,377,387,-10
104000039,182,341,-159
104000040,405,396,9
104000041,746,418,328
104000042,241,462,-221
104000043,343,514,-171
104000044,265,770,-505
104000045,1138,1260,-122
104000046,1389,1708,-319
104000047,912,1259,-347
104000048,975,1821,-846
104000049,588,362,226
104000050,293,702,-409
104000051,126,673,-547
104000052,1350,1540,-190
104000053,1033,719,314
104000054,480,381,99
104000055,3866,2497,1369
104000056,2476,364,2112
104000057,306,682,-376
104000058,808,808,0
104000059,648,1373,-725
104000060,1354,1327,27
104000061,1651,1188,463
104000062,514,282,232
104000064,503,290,213
104000065,301,448,-147
104000069,672,410,262
104000070,92,420,-328
104000071,325,525,-200
104000072,583,456,127
104000075,53,315,-262
104000076,598,50,548
104000082,2217,3242,-1025
104000083,848,257,591
104000084,194,574,-380
104000085,301,278,23
104000086,201,430,-229
104000087,413,1359,-946
104000090,630,1496,-866
104000092,892,2770,-1878
104000094,716,1805,-1089
104000095,1893,1741,152
104000096,1464,171,1293
104000097,1489,977,512
104000098,1579,1127,452
104000100,1357,690,667
104000101,1360,2345,-985
104000106,242,748,-506
104000107,521,521,0
104000108,308,597,-289
104000109,319,71,248
104000110,858,954,-96
104000111,3998,2042,1956
104000112,2334,604,1730
104000116,2,1344,-1342
104000117,139,803,-664
104000118,438,264,174
104000119,409,278,131
104000120,173,845,-672
104000121,227,797,-570
104000122,532,787,-255
104000123,950,1126,-176
104000124,875,2493,-1618
104000125,3949,3271,678
104000126,302,380,-78
104000127,1510,3260,-1750
104000128,759,455,304
104000129,397,40,357
104000130,16,241,-225
104000131,900,592,308
104000132,1270,751,519
104000133,1390,948,442
104000134,851,1994,-1143
104000135,404,1598,-1194
104000136,641,2965,-2324
104000137,1380,326,1054
104000138,1211,625,586
104000139,6869,2749,4120
104000141,1082,1593,-511
104000142,656,849,-193
104000143,621,773,-152
104000144,75,236,-161
104000145,452,185,267
104000146,390,706,-316
104000147,122,369,-247
104000148,223,162,61
104000149,186,331,-145
104000150,899,498,401
104000151,473,519,-46
104000152,533,644,-111
104000153,496,562,-66
104000154,1183,680,503
104000155,411,576,-165
104000157,1129,1574,-445
104000158,477,376,101
104000159,647,489,158
104000160,1476,1603,-127
104000161,302,228,74
104000162,101,179,-78
104000165,1436,1101,335
104000167,514,947,-433
104000168,570,3,567
104000169,102,48,54
104000170,469,375,94
104000248,275,837,-562
104000251,116,259,-143
104000272,0,0,0
104000273,0,0,0
104000274,0,0,0
104000275,0,0,0
104000279,588,429,159
104000290,211,364,-153
104000291,928,1270,-342
104000293,850,705,145
104000294,14,0,14
104000295,709,886,-177
104000296,538,985,-447
104000297,899,1838,-939
104000298,2020,1135,885
104000299,818,1744,-926
104000302,124,199,-75
104000303,179,201,-22
104900001,147,330,-183
104900002,40,161,-121
104900003,35,288,-253
104900004,64,305,-241
104900005,225,162,63
104900006,196,90,106
104900007,265,213,52
104900009,98,292,-194
104900010,56,35,21
104900011,27,5,22
104900012,257,53,204
104900013,87,39,48
104900014,1361,274,1087
104900015,113,13,100
104900016,139,306,-167
104900017,191,164,27
104900018,6,182,-176
104900019,352,2116,-1764
104900020,60,286,-226
104900021,7,338,-331
104900022,13,147,-134
104900023,2,117,-115
104900024,13,141,-128
104900025,63,284,-221
104900026,1,122,-121
104900027,379,286,93
104900028,20,115,-95
104900029,76,150,-74
104900030,387,174,213
104900031,100,246,-146
104900032,40,147,-107
104900033,136,267,-131
104900034,317,131,186
104900035,205,146,59
104900036,145,93,52
104900037,118,267,-149
104900038,546,592,-46
104900039,1014,300,714
104900040,305,102,203
104900041,188,181,7
104900042,141,283,-142
104900043,16,136,-120
104900044,294,177,117
104900045,361,45,316
104900046,116,110,6
104900047,223,118,105
104900048,225,58,167
104900049,25,27,-2
104900050,188,74,114
104900051,264,32,232
104900052,34,2,32
104900053,402,103,299
104900054,118,31,87
104900055,71,0,71
104900056,149,8,141
104900057,36,0,36
104900058,706,116,590
104900059,227,34,193
104900060,94,364,-270
104900061,209,497,-288
104900063,46,146,-100
104900064,1,120,-119
104900065,1,169,-168
104900066,3,162,-159
104900067,0,238,-238
104900068,6,199,-193
104900070,194,244,-50
104900071,2,562,-560
104900072,52,225,-173
104900073,50,222,-172
104900074,49,214,-165
104900075,51,46,5
104900076,97,263,-166
104900077,1120,166,954
104900078,165,517,-352
104900079,74,394,-320
104900080,74,448,-374
104900082,14,330,-316
104900085,45,362,-317
104900087,278,4,274
104900089,125,1,124
104900090,557,536,21
104900091,443,459,-16
104900093,228,486,-258
104900097,2755,1637,1118
104900098,67,42,25
104900099,270,475,-205
104900100,584,247,337
104900102,35,243,-208
104900103,362,79,283
104900104,2852,1459,1393
104900106,59,157,-98
104900107,84,301,-217
104900108,19,310,-291
104900109,93,256,-163
104900110,3,49,-46
104900111,119,86,33
104900112,248,781,-533
104900113,581,401,180
104900114,280,446,-166
104900115,480,469,11
104900116,219,220,-1
104900118,22,81,-59
104900119,9,41,-32
104900120,101,201,-100
104900121,3,105,-102
104900122,3,122,-119
104900123,39,18,21
104900124,39,1,38
104900125,292,1,291
104900126,70,62,8
104900127,34,57,-23
104900128,87,82,5
104900129,2026,1478,548
105000001,1496,1266,230
105000002,2488,1700,788
105000003,4394,4211,183
105000004,583,1186,-603
105000005,1461,1289,172
105000006,1206,1691,-485
105000007,1441,1562,-121
105000008,2195,2881,-686
105000009,1835,3111,-1276
105000010,3535,2784,751
105000011,2504,2293,211
105000012,4710,3436,1274
105000013,935,1116,-181
105000014,1727,2334,-607
105000015,8756,9892,-1136
105000016,3679,2433,1246
105000017,2071,877,1194
105000018,1520,1827,-307
105000019,1932,1082,850
105000020,319,488,-169
105000021,695,147,548
105000022,280,74,206
105000023,533,307,226
105000028,104,155,-51
105000029,676,1035,-359
105000030,4812,3634,1178
105000031,2,44,-42
105000033,1561,2430,-869
105000034,213,789,-576
105000037,688,423,265
105000038,1882,1448,434
105000039,3070,1935,1135
105000040,808,953,-145
105000041,588,1495,-907
105000042,3011,1355,1656
105000043,2179,1951,228
105000044,480,408,72
105000045,315,1020,-705
105000046,812,349,463
105000047,440,1580,-1140
105000048,711,211,500
105000049,291,787,-496
105000050,738,467,271
105000051,249,655,-406
105000052,539,917,-378
105000053,266,227,39
105000054,462,1018,-556
105000055,893,372,521
105000056,1028,2508,-1480
105000057,1316,956,360
105000058,1652,1514,138
105000059,670,738,-68
105000060,680,772,-92
105000061,605,647,-42
105000062,1005,1128,-123
105000063,393,627,-234
105000064,1082,838,244
105000065,522,877,-355
105000066,1365,2050,-685
105000067,1115,733,382
105000068,783,937,-154
105000069,2872,1434,1438
105000070,932,727,205
105000071,450,780,-330
105000072,1250,1980,-730
105000073,916,587,329
105000074,1221,1022,199
105000075,864,731,133
105000076,1776,1071,705
105000077,2422,968,1454
105000078,1619,1386,233
105000079,1669,2153,-484
105000080,1740,1247,493
105000081,3534,1590,1944
105000082,1395,1108,287
105000083,4283,1989,2294
105000084,1930,1041,889
105000085,1687,1297,390
105000086,770,1219,-449
105000087,1854,1979,-125
105000088,1903,1881,22
105000089,3442,2057,1385
105000090,1074,907,167
105000091,1895,1530,365
105000092,849,1081,-232
105000093,450,248,202
105000094,298,203,95
105000095,137,587,-450
105000096,1608,1054,554
105000097,1663,796,867
105000098,1411,701,710
105000099,1808,851,957
105000100,1044,1229,-185
105000101,2185,2119,66
105000102,1475,1575,-100
105000103,1427,2119,-692
105000104,1965,1012,953
105000105,1233,2207,-974
105000106,1378,1752,-374
105000107,1091,1024,67
105000108,1090,1652,-562
105000109,1363,1841,-478
105000110,629,824,-195
105000111,714,911,-197
105000112,1113,932,181
105000113,392,732,-340
105000114,3592,1260,2332
105000115,399,1195,-796
105000116,667,536,131
105000117,1019,1339,-320
105000118,474,421,53
105000119,551,1264,-713
105000120,864,574,290
105000121,800,1344,-544
105000122,353,610,-257
105000123,1191,1480,-289
105000124,1594,1030,564
105000125,819,2167,-1348
105000126,1839,2010,-171
105000127,2284,2441,-157
105000128,917,1323,-406
105000129,966,485,481
105000130,364,2210,-1846
105000131,1005,521,484
105000132,789,567,222
105000133,460,1092,-632
105000134,602,505,97
105000135,454,832,-378
105000136,180,454,-274
105000137,377,303,74
105000138,214,540,-326
105000139,1141,1180,-39
105000140,295,564,-269
105000141,335,734,-399
105000142,154,533,-379
105000143,196,710,-514
105000144,302,944,-642
105000145,520,500,20
105000146,591,1010,-419
105000147,579,405,174
105000148,1080,710,370
105000149,2073,1873,200
105000150,1952,1712,240
105000151,522,388,134
105000152,168,606,-438
105000153,485,598,-113
105000154,730,834,-104
105000155,378,777,-399
105000156,986,805,181
105000157,803,1760,-957
105000158,1888,774,1114
105000159,232,1083,-851
105000160,1520,614,906
105000161,777,1414,-637
105000162,732,1648,-916
105000163,1401,1230,171
105000164,208,325,-117
105000165,1546,4708,-3162
105000166,6753,711,6042
105000167,2683,1370,1313
105000168,291,841,-550
105000169,413,408,5
105000170,174,1375,-1201
105000171,1084,334,750
105000172,214,42,172
105000173,123,30,93
105000174,87,50,37
105000175,79,153,-74
105000176,202,121,81
105000177,256,173,83
105000178,117,593,-476
105000179,350,193,157
105000180,98,131,-33
105000181,56,418,-362
105000182,36,62,-26
105000183,2892,1812,1080
105000184,1883,998,885
105000185,1646,776,870
105000186,847,764,83
105000187,1084,233,851
105000188,460,127,333
105000189,328,545,-217
105000190,291,458,-167
105000191,417,428,-11
105000192,288,82,206
105000193,123,168,-45
105000194,385,108,277
105000195,230,924,-694
105000196,106,239,-133
105000197,286,639,-353
105000198,684,376,308
105000199,521,738,-217
105000200,152,200,-48
105000201,176,37,139
105000203,11,227,-216
105000204,99,100,-1
105000205,123,262,-139
105000207,651,277,374
105000208,231,431,-200
105000209,230,324,-94
105000211,249,18,231
105000212,1272,1572,-300
105000213,205,197,8
105000214,119,330,-211
105000215,243,230,13
105000216,131,351,-220
105000217,144,346,-202
105000218,934,1131,-197
105000221,194,282,-88
105000222,498,72,426
105000223,245,198,47
105000226,56,343,-287
105000227,56,189,-133
105000228,379,1208,-829
105000229,155,331,-176
105000231,285,323,-38
105000233,1006,780,226
105000234,581,1395,-814
105000235,343,696,-353
105000237,667,90,577
105000243,35,77,-42
105000248,141,64,77
105000262,317,1661,-1344
105000269,95,243,-148
105000270,371,77,294
105000271,0,313,-313
105000282,146,83,63
105000287,364,119,245
105000288,522,451,71
105000289,3405,1582,1823
105000290,65,4,61
105000402,4384,2956,1428
105000426,620,599,21
105000438,4420,1539,2881
105000440,19,27,-8
105000446,12666,5862,6804
105000447,7756,3327,4429
105000454,342,931,-589
105000455,308,221,87
105000474,36,3,33
105000477,249,468,-219
105000478,1646,3069,-1423
105000479,201,150,51
105000480,8543,4513,4030
105000481,3927,2964,963
105000482,6372,6360,12
105000483,1396,1694,-298
105000484,2997,3166,-169
105000485,1579,2346,-767
105000486,4708,3189,1519
105000488,10431,5714,4717
105000489,722,905,-183
105000549,136,167,-31
105000550,639,1450,-811
105000551,34,156,-122
105000552,3904,2403,1501
105000555,1659,1079,580
105000556,49,68,-19
105000557,56,324,-268
105900001,12,991,-979
105900002,1506,631,875
105900003,12,172,-160
105900004,262,139,123
105900005,9,269,-260
105900006,5,82,-77
105900007,117,19,98
105900008,53,834,-781
105900009,22,16,6
105900011,221,53,168
105900012,535,104,431
105900013,4,21,-17
105900014,14,84,-70
105900015,155,319,-164
105900016,375,667,-292
105900017,932,52,880
105900018,158,213,-55
105900019,82,371,-289
105900020,48,53,-5
105900021,30,260,-230
105900022,261,313,-52
105900023,2,114,-112
105900024,8,99,-91
105900025,146,38,108
105900026,284,32,252
105900027,4239,8224,-3985
105900028,372,203,169
105900029,1535,451,1084
105900030,267,301,-34
105900031,420,203,217
105900032,72,160,-88
105900033,312,140,172
105900034,156,227,-71
105900035,131,153,-22
105900036,62,122,-60
105900037,49,72,-23
105900038,130,342,-212
105900039,142,130,12
105900040,97,113,-16
105900041,197,300,-103
105900042,53,142,-89
105900043,1806,37,1769
105900044,7,413,-406
105900045,3,643,-640
105900046,8,205,-197
105900047,13,38,-25
105900048,137,645,-508
105900050,6694,870,5824
105900051,4,963,-959
105900052,550,333,217
105900053,3783,2118,1665
105900054,358,209,149
105900056,716,285,431
105900057,28,134,-106
105900058,10,30,-20
105900059,1,38,-37
106000001,4266,2296,1970
106000002,2576,5408,-2832
106000003,2878,3828,-950
106000004,2287,3058,-771
106000005,2444,5619,-3175
106000006,6121,5024,1097
106000007,511,585,-74
106000008,395,398,-3
106000009,443,438,5
106000010,617,705,-88
106000011,698,1054,-356
106000012,843,1645,-802
106000013,1595,2109,-514
106000014,1869,1823,46
106000015,1322,1179,143
106000016,1210,2432,-1222
106000017,597,784,-187
106000018,715,602,113
106000019,334,481,-147
106000020,260,513,-253
106000021,278,540,-262
106000022,431,300,131
106000023,621,487,134
106000024,505,581,-76
106000025,170,236,-66
106000026,152,263,-111
106000027,1069,1450,-381
106000028,504,651,-147
106000029,1121,1512,-391
106000030,673,361,312
106000034,272,728,-456
106000035,1225,1710,-485
106000036,275,418,-143
106000037,2374,1712,662
106000038,452,112,340
106000039,190,71,119
106000040,224,881,-657
106000041,983,445,538
106000043,648,228,420
106000046,415,74,341
106000047,116,463,-347
106000049,936,235,701
106000050,364,963,-599
106000051,564,393,171
106000052,116,694,-578
106000053,193,129,64
106000054,452,445,7
106000055,841,1183,-342
106000056,303,472,-169
106000057,230,278,-48
106000058,169,228,-59
106000059,233,268,-35
106000060,459,653,-194
106000061,227,567,-340
106000062,134,667,-533
106000063,544,658,-114
106000064,44,421,-377
106000065,340,287,53
106000066,105,386,-281
106000067,346,119,227
106000068,73,710,-637
106000069,203,92,111
106000070,442,829,-387
106000071,855,287,568
106000072,4230,1837,2393
106000073,2058,3125,-1067
106000074,637,890,-253
106000075,356,1481,-1125
106000076,1827,2242,-415
106000077,3678,1664,2014
106000078,873,1122,-249
106000079,512,1072,-560
106000080,1284,841,443
106000081,521,1365,-844
106000082,2232,934,1298
106000083,304,1592,-1288
106000084,1161,782,379
106000085,1389,1606,-217
106000086,612,803,-191
106000087,882,568,314
106000088,426,867,-441
106000089,972,462,510
106000090,292,697,-405
106000091,266,751,-485
106000092,649,266,383
106000093,329,142,187
106000094,89,188,-99
106000095,584,896,-312
106000096,938,741,197
106000097,841,1240,-399
106000098,757,1082,-325
106000099,282,854,-572
106000100,1300,305,995
106000101,1039,274,765
106000102,199,603,-404
106000103,300,598,-298
106000104,742,486,256
106000105,455,805,-350
106000106,464,525,-61
106000107,157,493,-336
106000108,306,411,-105
106000109,152,370,-218
106000110,219,358,-139
106000111,196,609,-413
106000112,204,568,-364
106000113,969,648,321
106000114,516,491,25
106000115,246,563,-317
106000116,190,271,-81
106000117,926,742,184
106000118,1030,1338,-308
106000119,1942,1215,727
106000120,621,1091,-470
106000121,217,199,18
106000122,103,334,-231
106000123,318,221,97
106000124,73,357,-284
106000125,70,308,-238
106000126,226,152,74
106000127,774,961,-187
106000128,722,305,417
106000129,501,704,-203
106000130,691,463,228
106000131,165,838,-673
106000132,753,218,535
106000133,2972,1463,1509
106000134,781,1832,-1051
106000135,373,845,-472
106000136,707,1070,-363
106000137,188,1657,-1469
106000138,967,113,854
106000139,60,123,-63
106000140,69,117,-48
106000141,115,110,5
106000142,104,66,38
106000143,96,105,-9
106000144,49,78,-29
106000145,277,272,5
106000146,272,211,61
106000147,798,866,-68
106000148,1165,1271,-106
106000149,468,817,-349
106000150,553,2226,-1673
106000151,4616,909,3707
106000152,1560,1897,-337
106000153,131,1662,-1531
106000154,1515,343,1172
106000155,90,283,-193
106000156,624,278,346
106000157,557,1753,-1196
106000158,2974,816,2158
106000159,4017,1719,2298
106000160,353,2332,-1979
106000161,1510,475,1035
106000162,203,1029,-826
106000163,262,578,-316
106000164,404,403,1
106000165,170,617,-447
106000166,643,296,347
106000167,373,1271,-898
106000168,343,307,36
106000169,177,722,-545
106000170,592,281,311
106000171,134,1080,-946
106000172,2448,1257,1191
106000173,961,2718,-1757
106000174,895,427,468
106000175,282,1020,-738
106000176,1182,740,442
106000177,798,2541,-1743
106000178,2855,1678,1177
106000179,1054,2324,-1270
106000180,704,1624,-920
106000181,526,1890,-1364
106000182,888,661,227
106000183,940,749,191
106000184,2125,801,1324
106000185,1359,1020,339
106000186,891,137,754
106000187,240,1122,-882
106000188,0,4,-4
106000189,11,65,-54
106000190,15,1,14
106000191,613,242,371
106000192,4,19,-15
106000193,369,210,159
106000194,154,321,-167
106000195,361,108,253
106000196,92,319,-227
106000197,426,331,95
106000198,132,331,-199
106000199,796,846,-50
106000200,262,168,94
106000201,493,2691,-2198
106000202,5122,619,4503
106000203,117,310,-193
106000204,56,12,44
106000205,26,201,-175
106000206,110,27,83
106000207,54,700,-646
106000208,1036,178,858
106000209,1104,314,790
106000210,232,1183,-951
106000211,417,1483,-1066
106000212,786,386,400
106000213,839,1797,-958
106000214,2672,678,1994
106000215,327,591,-264
106000216,468,376,92
106000217,323,636,-313
106000218,570,447,123
106000219,174,394,-220
106000220,402,279,123
106000221,165,279,-114
106000222,23,124,-101
106000223,171,114,57
106000224,209,316,-107
106000225,64,86,-22
106000226,145,286,-141
106000228,50,161,-111
106000229,122,770,-648
106000231,772,219,553
106000232,61,382,-321
106000233,635,121,514
106000234,109,228,-119
106000235,774,118,656
106000236,250,108,142
106000237,5,9,-4
106000238,115,28,87
106000239,6,169,-163
106000240,58,7,51
106000241,13,713,-700
106000242,361,40,321
106000249,64,88,-24
106000250,49,560,-511
106000251,97,65,32
106000252,23,80,-57
106000253,45,110,-65
106000254,25,56,-31
106000255,19,179,-160
106000256,58,50,8
106000257,124,241,-117
106000258,294,36,258
106000259,9,74,-65
106000260,39,5,34
106000261,1,71,-70
106000262,86,11,75
106000263,18,95,-77
106000264,195,10,185
106000265,13,134,-121
106000266,167,32,135
106000267,4,72,-68
106000268,661,75,586
106000269,68,29,39
106000270,133,511,-378
106000271,80,237,-157
106000272,173,63,110
106000273,3,269,-266
106000274,169,50,119
106000275,127,273,-146
106000276,156,45,111
106000277,117,249,-132
106000278,252,48,204
106000279,16,62,-46
106000280,127,170,-43
106000281,76,66,10
106000282,93,74,19
106000283,141,90,51
106000284,63,123,-60
106000285,127,131,-4
106000286,74,166,-92
106000287,122,136,-14
106000288,74,183,-109
106000289,118,96,22
106000290,71,110,-39
106000291,72,131,-59
106000292,72,124,-52
106000293,116,97,19
106000294,116,114,2
106000295,25,48,-23
106000296,44,96,-52
106000297,71,271,-200
106000298,143,56,87
106000299,73,164,-91
106000300,77,116,-39
106000301,83,130,-47
106000303,28,83,-55
106000304,19,37,-18
106000305,35,48,-13
106000306,25,64,-39
106000307,27,18,9
106000308,21,156,-135
106000309,16,72,-56
106000310,322,607,-285
106000311,292,167,125
106000312,112,214,-102
106000313,178,233,-55
106000318,147,311,-164
106000319,1139,296,843
106000320,2,29,-27
106000321,445,95,350
106000322,103,191,-88
106000324,9,164,-155
106000325,1412,970,442
106000326,1089,2086,-997
106000327,115,166,-51
106000328,16,125,-109
106000329,74,301,-227
106000330,28,51,-23
106000428,110,208,-98
106000429,200,572,-372
106000430,432,1490,-1058
106000431,2236,515,1721
106000432,2238,3510,-1272
106000433,2123,1582,541
106000434,3121,1638,1483
106000435,2095,3131,-1036
106000436,14,274,-260
106000437,376,20,356
106000438,806,182,624
106000439,48,425,-377
106000440,242,515,-273
106000441,0,1,-1
106000442,307,17,290
106000443,128,396,-268
106000450,5,212,-207
106000451,44,50,-6
106000454,7,229,-222
106000455,13,251,-238
106000456,171,49,122
106000457,10,1074,-1064
106000458,762,172,590
106000459,308,478,-170
106000460,1081,66,1015
106000461,105,1432,-1327
106000462,1,34,-33
106000463,5,30,-25
106000464,6,502,-496
106000465,444,3,441
106000466,4,703,-699
106000467,553,571,-18
106000468,60,185,-125
106000469,267,0,267
106000470,297,1687,-1390
106000471,37,642,-605
106000472,133,10,123
106000473,27,21,6
106000474,492,862,-370
106000475,392,386,6
106000476,203,226,-23
106000477,54,187,-133
106000480,0,419,-419
106900001,0,13,-13
106900002,3,575,-572
106900003,241,901,-660
106900004,3,79,-76
106900006,0,11,-11
106900007,1,11,-10
106900008,215,255,-40
106900009,245,373,-128
106900010,236,271,-35
106900012,1748,1745,3
106900013,521,150,371
106900014,36,7,29
106900015,11,0,11
106900016,293,5,288
106900017,4,0,4
106900018,3,0,3
106900019,37,0,37
106900020,2701,1261,1440
106900021,173,64,109
106900022,486,1,485
106900023,87,294,-207
106900024,429,28,401
106900025,65,612,-547
106900026,4,768,-764
106900027,1205,3,1202
107000001,3974,2733,1241
107000002,4150,4932,-782
107000003,4381,6137,-1756
107000004,5251,5480,-229
107000005,3392,4935,-1543
107000006,4607,5815,-1208
107000007,4453,9162,-4709
107000008,12804,9656,3148
107000009,5748,6802,-1054
107000010,11847,11771,76
107000011,1440,1581,-141
107000012,4646,3771,875
107000013,66,156,-90
107000014,61,377,-316
107000015,665,986,-321
107000016,590,1031,-441
107000017,5595,1028,4567
107000018,11,459,-448
107000020,3430,548,2882
107000021,1453,701,752
107000022,1035,1223,-188
107000023,1776,345,1431
107000024,556,1684,-1128
107000025,322,492,-170
107000026,216,583,-367
107000027,1279,1293,-14
107000028,1309,1822,-513
107000029,2868,2563,305
107000030,3427,3752,-325
107000031,3536,2632,904
107000032,488,1047,-559
107000033,3495,5721,-2226
107000034,4460,2068,2392
107000035,410,244,166
107000036,503,1291,-788
107000037,65,817,-752
107000038,308,260,48
107000039,837,755,82
107000040,169,365,-196
107000041,1460,693,767
107000042,801,1822,-1021
107000043,2714,980,1734
107000044,591,393,198
107000045,132,286,-154
107000046,699,417,282
107000047,456,854,-398
107000048,511,328,183
107000049,645,862,-217
107000050,970,690,280
107000051,564,407,157
107000052,1145,1021,124
107000053,374,208,166
107000054,88,366,-278
107000055,331,213,118
107000056,581,966,-385
107000057,2194,321,1873
107000058,2216,2031,185
107000059,1444,2329,-885
107000060,3553,5248,-1695
107000061,5409,4691,718
107000062,3325,2970,355
107000063,4511,5679,-1168
107000064,4681,2336,2345
107000065,6126,6244,-118
107000066,2029,2622,-593
107000067,1058,1193,-135
107000068,1448,630,818
107000069,883,477,406
107000070,1054,9,1045
107000071,2374,39,2335
107000072,57,3174,-3117
107000073,547,300,247
107000074,173,1043,-870
107000075,1383,466,917
107000076,793,1668,-875
107000077,2869,1168,1701
107000078,2568,3554,-986
107000079,2251,898,1353
107000080,1346,3524,-2178
107000081,1301,657,644
107000082,515,2082,-1567
107000083,1001,357,644
107000084,543,2065,-1522
107000085,2903,3542,-639
107000086,3892,3842,50
107000087,2864,2289,575
107000088,3334,4041,-707
107000089,1356,1896,-540
107000090,984,1391,-407
107000091,1166,1020,146
107000092,755,1242,-487
107000093,1231,880,351
107000094,1282,1413,-131
107000095,624,666,-42
107000096,576,962,-386
107000097,720,376,344
107000098,714,845,-131
107000099,489,275,214
107000100,310,311,-1
107000101,77,214,-137
107000102,404,409,-5
107000103,333,262,71
107000104,232,412,-180
107000105,362,180,182
107000106,238,354,-116
107000107,644,249,395
107000108,315,885,-570
107000109,653,208,445
107000110,68,581,-513
107000111,273,62,211
107000112,42,386,-344
107000113,652,132,520
107000114,92,806,-714
107000115,460,142,318
107000116,119,910,-791
107000117,63,652,-589
107000118,128,258,-130
107000119,1632,1566,66
107000120,2164,464,1700
107000121,580,907,-327
107000122,1117,943,174
107000123,294,875,-581
107000124,510,940,-430
107000125,659,784,-125
107000126,902,1021,-119
107000129,470,935,-465
107000130,910,214,696
107000131,439,761,-322
107000132,570,323,247
107000133,974,85,889
107000134,287,4,283
107000135,6,227,-221
107000136,952,7,945
107000137,13,396,-383
107000138,395,29,366
107000139,28,530,-502
107000140,1613,124,1489
107000141,145,858,-713
107000142,621,134,487
107000143,72,783,-711
107000144,475,571,-96
107000145,198,581,-383
107000146,160,488,-328
107000147,4321,1241,3080
107000150,696,2877,-2181
107000151,51,91,-40
107000152,566,1112,-546
107000153,313,418,-105
107000154,327,242,85
107000155,1126,34,1092
107000156,938,43,895
107000157,31,1959,-1928
107000158,594,45,549
107000159,67,1480,-1413
107000160,678,156,522
107000161,102,1692,-1590
107000162,182,691,-509
107000163,262,4,258
107000164,523,1,522
107000165,707,7,700
107000166,56,1247,-1191
107000167,455,294,161
107000168,806,481,325
107000169,985,919,66
107000170,1510,770,740
107000171,553,2200,-1647
107000172,1048,1311,-263
107000173,686,1344,-658
107000174,738,4212,-3474
107000175,7167,1964,5203
107000176,1,1,0
107000177,4,1,3
107000178,8,66,-58
107000179,268,2773,-2505
107000180,1026,343,683
107000181,399,1550,-1151
107000182,1317,870,447
107000183,147,930,-783
107000184,856,782,74
107000185,475,1309,-834
107000186,891,390,501
107000187,1135,1378,-243
107000188,603,597,6
107000189,403,1126,-723
107000190,511,803,-292
107000191,748,1277,-529
107000192,1430,916,514
107000193,418,405,13
107000194,998,823,175
107000197,674,247,427
107000198,268,832,-564
107000199,532,904,-372
107000200,933,893,40
107000201,416,241,175
107000202,344,573,-229
107000203,1066,491,575
107000204,2099,606,1493
107000205,2295,907,1388
107000206,890,1150,-260
107000207,802,873,-71
107000208,1193,390,803
107000209,2043,1086,957
107000210,762,435,327
107000211,3,56,-53
107000212,13,443,-430
107000213,11,34,-23
107000214,35,197,-162
107000215,340,370,-30
107000216,353,396,-43
107000217,138,146,-8
107000219,94,102,-8
107000220,135,213,-78
107000222,280,765,-485
107000224,246,97,149
107000225,182,473,-291
107000226,306,93,213
107000227,89,333,-244
107000228,99,224,-125
107000229,292,233,59
107000230,1153,514,639
107000231,1835,1257,578
107000232,127,62,65
107000233,1577,834,743
107000234,1,55,-54
107000235,53,7,46
107000236,27,451,-424
107000237,15,1,14
107000238,18,6,12
107000239,4333,555,3778
107000240,91,1054,-963
107000243,0,60,-60
107000244,3,61,-58
107000246,0,1265,-1265
107000249,0,1259,-1259
107000251,1,249,-248
107000252,1,1029,-1028
107000255,549,102,447
107000257,1,534,-533
107000258,0,145,-145
107000259,5,193,-188
107000260,548,5,543
107000262,16,664,-648
107000263,206,15,191
107000266,7,12,-5
107000267,57,157,-100
107000268,151,196,-45
107000269,709,39,670
107000270,1,7,-6
107000271,13,876,-863
107000272,13,183,-170
107000273,7,269,-262
107000274,1911,16,1895
107000275,1205,1109,96
107000280,623,40,583
107000281,47,1136,-1089
107000282,34,1232,-1198
107000290,3,24,-21
107000291,42,14,28
107000292,0,67,-67
107000293,265,1,264
107000294,0,43,-43
107000295,41,1,40
107000296,0,19,-19
107000444,344,8,336
107000496,0,27,-27
107000497,1494,2818,-1324
107000500,319,333,-14
107000501,151,126,25
107000502,210,329,-119
107000505,616,881,-265
107000506,4,18,-14
107000508,7,617,-610
107000509,241,995,-754
107000510,22,25,-3
107000514,48,280,-232
107000515,12,266,-254
107000516,272,249,23
107000518,1004,1065,-61
107000519,2777,1072,1705
107000520,98,22,76
107000521,682,527,155
107000522,739,759,-20
107900001,31,129,-98
107900002,30,1,29
107900003,226,149,77
107900004,3,1,2
107900005,967,4,963
107900006,247,2,245
107900007,285,41,244
107900008,84,32,52
107900009,155,6,149
107900010,30,0,30
107900012,248,22,226
107900013,226,68,158
107900014,39,3,36
107900015,695,8,687
107900016,394,84,310
107900017,8,2,6
107900018,36,87,-51
107900019,7,59,-52
107900020,124,19,105
107900021,53,189,-136
107900023,0,0,0
107900024,0,38,-38
107900025,138,222,-84
107900026,72,85,-13
107900027,80,49,31
107900028,46,80,-34
107900030,171,15,156
107900031,81,193,-112
107900032,45,0,45
107900033,16,3,13
107900034,283,8,275
107900035,607,22,585
107900036,46,9,37
107900037,0,49,-49
107900038,125,194,-69
107900039,16,73,-57
107900040,37,62,-25
107900041,0,2,-2
107900043,23,184,-161
107900044,5,13,-8
107900045,80,28,52
107900046,127,139,-12
107900047,28,79,-51
107900048,180,7,173
107900049,345,1152,-807
107900050,135,321,-186
107900051,76,85,-9
107900052,41,27,14
107900053,30,81,-51
107900055,402,164,238
107900056,105,20,85
107900057,3,0,3
107900058,26,638,-612
107900060,31,31,0
107900061,27,3,24
107900063,65,88,-23
107900064,253,103,150
107900065,143,9,134
107900066,9,10,-1
107900067,0,0,0
107900068,264,172,92
107900069,38,1751,-1713
107900070,96,34,62
107900071,27,747,-720
107900072,72,192,-120
107900073,98,114,-16
107900074,757,192,565
107900076,101,39,62
107900077,38,2,36
107900079,4,16,-12
107900080,439,246,193
107900081,37,154,-117
107900082,30,12,18
107900083,242,161,81
107900084,111,66,45
107900086,40,138,-98
107900087,619,95,524
107900088,13,12,1
107900089,319,825,-506
107900090,500,2159,-1659
107900091,145,380,-235
107900093,91,91,0
107900095,3510,1996,1514
107900097,18,57,-39
107900098,41,168,-127
107900100,953,997,-44
107900101,1111,226,885
107900102,9,6,3
107900103,54,180,-126
107900104,274,1,273
107900105,3,680,-677
107900106,10,1415,-1405
107900107,870,439,431
107900108,394,126,268
107900109,993,13,980
107900110,53,103,-50
107900111,8,1055,-1047
107900112,183,484,-301
107900113,162,126,36
107900114,145,198,-53
107900115,3,30,-27
107900116,132,207,-75
107900117,640,396,244
107900118,67,147,-80
107900119,74,157,-83
107900120,17,23,-6
107900121,5,121,-116
107900122,8,50,-42
107900123,6,34,-28
107900124,35,35,0
107900125,49,168,-119
107900126,6,46,-40
107900127,341,319,22
107900128,85,71,14
107900129,40,31,9
107900130,45,26,19
107900131,656,209,447
107900132,102,376,-274
107900133,0,53,-53
107900134,12,28,-16
107900135,5,156,-151
107900136,39,31,8
107900137,129,109,20
107900138,44,25,19
107900139,16,71,-55
107900141,44,42,2
107900142,66,883,-817
107900143,55,62,-7
107900144,1,165,-164
107900145,6,76,-70
107900146,44,133,-89
107900147,44,35,9
107900148,150,150,0
107900149,1242,183,1059
107900150,99,748,-649
107900151,56,117,-61
107900152,8,182,-174
107900153,180,296,-116
107900154,60,20,40
107900155,31,71,-40
107900156,2,257,-255
107900157,21,69,-48
107900158,539,18,521
107900159,35,948,-913
107900160,88,183,-95
107900161,14,173,-159
107900162,2,28,-26
107900163,87,22,65
107900164,1,36,-35
107900165,22,68,-46
107900166,23,208,-185
107900167,32,8,24
107900168,19,49,-30
107900169,13,167,-154
107900171,13,1545,-1532
107900172,0,293,-293
107900173,10,150,-140
107900174,76,0,76
107900175,12,17,-5
107900176,20,36,-16
107900177,1,35,-34
107900178,0,201,-201
107900179,9,138,-129
107900180,760,456,304
107900181,270,297,-27
107900182,8,1445,-1437
107900183,29,304,-275
107900184,86,240,-154
107900185,61,5,56
107900186,5,43,-38
107900187,0,122,-122
107900188,832,140,692
107900189,11,101,-90
107900190,76,123,-47
107900191,41,127,-86
107900193,18,73,-55
107900194,223,5,218
107900195,3316,428,2888
107900196,61,97,-36
107900197,877,268,609
107900199,1,1334,-1333
107900201,95,119,-24
107900203,63,68,-5
107900204,195,155,40
107900206,1319,137,1182
107900207,0,505,-505
107900208,3,649,-646
107900209,330,147,183
107900210,105,127,-22
107900213,380,314,66
107900214,5,160,-155
107900215,113,261,-148
107900216,143,109,34
107900217,32,92,-60
107900218,12,1396,-1384
107900219,19,104,-85
107900220,213,224,-11
107900221,143,205,-62
107900223,93,579,-486
107900224,91,271,-180
107900225,6,833,-827
107900226,123,158,-35
107900227,115,412,-297
107900228,29,117,-88
107900229,1,270,-269
107900230,16,123,-107
107900231,10,220,-210
107900232,81,219,-138
107900233,6,158,-152
107900234,116,144,-28
107900235,23,76,-53
107900236,102,94,8
107900237,92,352,-260
107900238,19,111,-92
107900239,1119,388,731
107900240,27,102,-75
107900241,16,89,-73
107900242,16,309,-293
107900243,3,52,-49
107900244,376,3,373
107900245,386,46,340
107900246,200,14,186
107900248,202,246,-44
107900249,480,12,468
107900250,3,524,-521
107900251,115,1557,-1442
107900252,708,17,691
107900253,149,1,148
107900254,87,346,-259
107900255,282,78,204
107900256,1404,493,911
107900257,145,71,74
107900258,80,266,-186
107900259,98,1430,-1332
107900261,3,330,-327
107900262,48,117,-69
107900264,180,6,174
107900265,126,186,-60
107900267,187,17,170
107900268,39,11,28
107900269,1,5,-4
107900270,0,0,0
107900271,0,20,-20
107900272,126,15,111
107900273,18,92,-74
107900274,37,0,37
107900275,30,0,30
107900276,0,81,-81
107900277,0,216,-216
107900278,168,340,-172
107900279,135,176,-41
107900280,1693,2265,-572
107900281,2493,2055,438
107900282,82,360,-278
107900283,1235,368,867
107900284,526,783,-257
107900285,79,84,-5
107900286,143,91,52
107900287,144,180,-36
107900290,2,109,-107
107900291,381,20,361
107900292,123,269,-146
107900293,82,591,-509
107900295,40,104,-64
107900297,1,311,-310
107900298,1034,812,222
107900299,3099,1821,1278
107900301,631,550,81
107900302,79,44,35
107900303,132,315,-183
107900304,167,480,-313
107900305,211,11,200
107900306,24,23,1
107900307,32,209,-177
107900308,130,67,63
107900309,250,2,248
107900310,480,5,475
107900311,2,158,-156
107900312,121,6,115
107900313,2,138,-136
107900314,2,41,-39
107900315,0,43,-43
107900316,33,1,32
107900317,154,32,122
107900318,12,158,-146
107900319,6,168,-162
107900320,1,127,-126
107900321,106,3,103
107900322,0,121,-121
107900323,4,111,-107
107900324,133,2,131
107900325,108,4,104
107900326,262,319,-57
107900327,9,56,-47
107900328,180,0,180
107900329,289,80,209
107900330,11,427,-416
107900331,157,40,117
107900332,171,41,130
107900333,44,17,27
107900334,6,159,-153
107900335,39,50,-11
107900336,39,45,-6
107900337,1014,610,404
107900338,0,147,-147
107900339,3,19,-16
107900340,0,61,-61
107900341,56,2,54
107900342,143,129,14
107900343,124,3,121
107900344,4,75,-71
107900345,113,23,90
107900346,19,1,18
107900347,13,2,11
107900348,4,2,2
107900349,13,14,-1
107900350,24,217,-193
107900351,3,195,-192
107900352,11,35,-24
107900353,17,8,9
107900354,15,70,-55
108000001,2386,3495,-1109
108000002,1922,2406,-484
108000003,3103,2954,149
108000004,14854,16741,-1887
108000005,7871,5581,2290
108000006,10225,9282,943
108000007,4414,3977,437
108000008,5314,7130,-1816
108000009,3156,4185,-1029
108000010,3468,5533,-2065
108000011,10063,10702,-639
108000012,19038,18887,151
108000014,1313,666,647
108000015,702,293,409
108000016,299,795,-496
108000017,912,443,469
108000018,1512,547,965
108000019,2076,855,1221
108000020,1385,546,839
108000021,404,2002,-1598
108000022,443,1536,-1093
108000023,998,210,788
108000024,316,656,-340
108000025,250,279,-29
108000026,564,542,22
108000027,585,807,-222
108000028,534,278,256
108000029,428,1036,-608
108000030,934,250,684
108000031,383,628,-245
108000032,1358,615,743
108000033,786,1329,-543
108000034,1542,500,1042
108000035,863,2599,-1736
108000036,329,1261,-932
108000037,1447,397,1050
108000038,2120,597,1523
108000039,548,2596,-2048
108000040,1513,823,690
108000041,700,2826,-2126
108000042,229,274,-45
108000043,216,326,-110
108000044,390,225,165
108000045,274,671,-397
108000046,1282,353,929
108000047,421,1216,-795
108000048,131,498,-367
108000049,714,229,485
108000050,188,817,-629
108000051,286,136,150
108000052,274,816,-542
108000053,402,229,173
108000054,543,1091,-548
108000055,936,507,429
108000056,1442,1279,163
108000057,787,1069,-282
108000058,1988,3290,-1302
108000059,3776,2336,1440
108000060,256,618,-362
108000061,293,595,-302
108000062,634,533,101
108000063,354,497,-143
108000064,172,291,-119
108000065,625,562,63
108000066,1589,791,798
108000067,1477,492,985
108000068,692,431,261
108000069,269,1245,-976
108000070,1518,770,748
108000071,657,1712,-1055
108000072,1266,1157,109
108000073,1498,1978,-480
108000074,452,392,60
108000075,288,922,-634
108000076,542,546,-4
108000077,702,751,-49
108000078,1699,1492,207
108000079,955,1853,-898
108000080,893,567,326
108000081,517,2045,-1528
108000082,1045,1938,-893
108000083,1591,936,655
108000084,509,1272,-763
108000085,572,426,146
108000086,832,836,-4
108000087,95,1596,-1501
108000088,671,186,485
108000089,334,328,6
108000091,200,636,-436
108000092,163,92,71
108000093,137,752,-615
108000094,450,108,342
108000095,153,554,-401
108000096,249,208,41
108000097,141,596,-455
108000098,1196,1396,-200
108000099,1269,291,978
108000100,168,539,-371
108000101,1130,1441,-311
108000102,1598,3115,-1517
108000106,1200,1,1199
108000107,0,652,-652
108000108,686,39,647
108000109,14,829,-815
108000110,142,392,-250
108000111,186,815,-629
108000112,81,116,-35
108000113,495,278,217
108000115,375,419,-44
108000117,714,424,290
108000118,594,1421,-827
108000119,707,460,247
108000120,122,727,-605
108000121,169,574,-405
108000122,420,373,47
108000123,579,239,340
108000124,242,609,-367
108000125,316,366,-50
108000126,151,505,-354
108000127,499,323,176
108000128,562,705,-143
108000129,307,1308,-1001
108000130,352,338,14
108000131,757,475,282
108000132,2264,1671,593
108000133,694,560,134
108000134,582,686,-104
108000135,951,526,425
108000136,546,1169,-623
108000137,368,517,-149
108000138,333,1171,-838
108000139,367,432,-65
108000140,69,30,39
108000141,36,108,-72
108000142,56,148,-92
108000143,31,592,-561
108000144,285,71,214
108000145,40,42,-2
108000146,499,68,431
108000147,125,71,54
108000148,448,93,355
108000149,84,39,45
108000150,44,16,28
108000151,525,81,444
108000152,127,614,-487
108000153,374,152,222
108000154,94,21,73
108000155,40,23,17
108000156,838,604,234
108000157,169,761,-592
108000158,85,593,-508
108000159,653,188,465
108000160,4320,1021,3299
108000161,3281,1967,1314
108000165,7,160,-153
108000172,4,253,-249
108000173,2436,1469,967
108000175,344,137,207
108000178,517,401,116
108000179,236,701,-465
108000181,80,41,39
108000182,328,109,219
108000183,120,499,-379
108000184,1144,1814,-670
108000185,181,609,-428
108000186,286,569,-283
108000187,118,765,-647
108000188,448,290,158
108000189,2625,5905,-3280
108000190,40,138,-98
108000192,171,685,-514
108000193,846,28,818
108000194,40,28,12
108000195,4,1232,-1228
108000196,188,207,-19
108000198,800,473,327
108000199,0,159,-159
108000200,323,637,-314
108000203,123,834,-711
108000204,88,34,54
108000205,436,515,-79
108000339,1411,394,1017
108000364,344,765,-421
108000365,63,357,-294
108000367,165,430,-265
108000368,8,77,-69
108000369,1395,195,1200
108000371,14,683,-669
108000372,613,14,599
108000373,265,184,81
108000376,57,32,25
108000377,335,361,-26
108000378,8376,9488,-1112
108000379,26,220,-194
108000381,60,5,55
108000382,283,0,283
108000383,0,228,-228
108900001,130,1259,-1129
108900002,181,55,126
108900003,343,881,-538
108900004,985,491,494
108900007,148,163,-15
108900008,60,161,-101
108900009,72,108,-36
108900010,157,162,-5
108900011,264,421,-157
108900012,220,419,-199
108900013,118,274,-156
108900014,10,116,-106
108900015,0,42,-42
108900016,0,267,-267
108900017,195,248,-53
108900018,73,474,-401
108900019,40,866,-826
108900020,42,237,-195
108900021,87,204,-117
108900022,121,4,117
108900023,7,21,-14
108900024,13,163,-150
108900025,63,144,-81
108900026,27,94,-67
108900027,0,67,-67
108900028,53,363,-310
108900029,44,307,-263
108900030,0,111,-111
108900031,78,460,-382
108900032,6,236,-230
108900033,0,81,-81
108900034,1,270,-269
108900035,341,1424,-1083
108900038,1,358,-357
108900039,1,523,-522
108900040,6,101,-95
108900041,5065,2383,2682
108900042,7,316,-309
108900043,69,396,-327
108900044,1,601,-600
108900045,42,645,-603
108900046,58,933,-875
108900047,0,155,-155
108900048,114,1152,-1038
108900049,4787,1016,3771
108900050,3,240,-237
108900051,2,218,-216
108900052,21,243,-222
108900053,106,141,-35
108900054,56,242,-186
108900055,48,355,-307
108900056,3,156,-153
108900057,0,162,-162
108900058,16,413,-397
108900059,320,29,291
108900060,113,155,-42
108900061,86,28,58
108900062,2,370,-368
108900063,6,325,-319
108900064,142,91,51
108900065,12,303,-291
108900066,249,108,141
108900067,15,217,-202
108900068,9,259,-250
108900069,39,139,-100
108900070,41,148,-107
108900071,59,41,18
108900072,2272,542,1730
108900073,33,417,-384
108900074,117,584,-467
108900075,66,51,15
108900076,227,58,169
108900077,133,499,-366
108900078,18,203,-185
108900079,931,228,703
108900080,25,789,-764
108900081,56,258,-202
108900082,38,114,-76
108900083,24,247,-223
108900085,2084,206,1878
108900086,62,290,-228
108900087,126,217,-91
108900088,784,337,447
108900089,20,123,-103
108900090,21,416,-395
108900091,127,92,35
108900092,346,299,47
108900093,79,88,-9
108900094,204,69,135
108900095,35,498,-463
108900096,409,20,389
108900097,233,251,-18
108900098,2850,492,2358
108900099,235,283,-48
108900100,62,155,-93
108900101,138,122,16
108900102,113,678,-565
108900103,82,78,4
108900105,2,935,-933
108900106,260,428,-168
108900108,709,65,644
108900109,260,53,207
108900110,159,420,-261
108900111,343,620,-277
108900113,43,68,-25
108900114,46,18,28
108900115,65,69,-4
108900116,69,16,53
108900117,156,17,139
108900118,426,5,421
108900119,178,39,139
108900120,189,181,8
108900121,307,95,212
108900122,80,27,53
108900123,116,117,-1
108900124,345,192,153
108900125,239,2,237
108900126,88,10,78
108900127,109,21,88
108900128,77,28,49
108900129,534,121,413
108900130,252,1,251
108900131,315,10,305
108900132,406,75,331
108900133,209,70,139
108900134,201,308,-107
108900135,90,3,87
108900136,50,0,50
108900137,109,2,107
108900138,625,27,598
108900140,226,246,-20
108900141,204,20,184
108900142,89,6,83
108900143,20,0,20
108900144,70,0,70
108900145,144,11,133
108900146,66,0,66
108900147,161,0,161
108900148,87,35,52
108900150,194,3,191
108900151,141,3,138
108900152,204,27,177
108900153,111,477,-366
108900154,3820,392,3428
108900156,135,77,58
108900157,29,570,-541
108900158,255,37,218
108900159,3,302,-299
108900160,15,289,-274
108900161,3,455,-452
108900162,57,0,57
108900163,4,225,-221
108900164,59,83,-24
108900168,9076,2122,6954
108900169,35,124,-89
108900171,7319,2341,4978
108900172,180,41,139
108900173,183,423,-240
108900174,582,640,-58
108900176,120,605,-485
108900177,6954,3718,3236
108900178,4575,2603,1972
108900180,94,254,-160
108900183,167,185,-18
108900184,316,157,159
108900185,58,242,-184
108900186,50,311,-261
108900189,182,124,58
108900190,60,2832,-2772
108900192,84,236,-152
108900195,107,280,-173
108900196,22,461,-439
108900199,220,358,-138
108900200,899,367,532
108900201,379,1424,-1045
108900203,396,82,314
108900204,350,17,333
108900205,151,30,121
108900206,320,32,288
108900207,179,73,106
108900208,26,312,-286
108900209,302,566,-264
108900210,149,199,-50
108900211,154,372,-218
108900212,725,1023,-298
108900215,123,499,-376
108900216,547,138,409
108900217,143,0,143
108900218,125,10,115
108900221,82,135,-53
108900224,37,156,-119
108900225,1,261,-260
108900227,91,250,-159
108900230,304,264,40
108900232,2,282,-280
108900233,262,75,187
108900234,236,156,80
108900235,177,573,-396
108900236,19,291,-272
108900240,94,90,4
108900241,29,23,6
108900245,7,945,-938
108900250,185,124,61
108900258,6,289,-283
108900259,58,95,-37
108900260,18,139,-121
108900261,148,152,-4
108900262,204,151,53
108900263,25,215,-190
108900264,776,287,489
108900265,1071,311,760
108900266,1096,454,642
108900267,7,83,-76
108900268,9,5,4
108900269,83,19,64
108900270,67,9,58
108900271,57,8,49
108900272,204,11,193
108900273,1236,737,499
108900274,53,75,-22
109000001,3847,1357,2490
109000002,2102,1707,395
109000003,2429,605,1824
109000004,593,2376,-1783
109000005,2594,790,1804
109000006,882,2352,-1470
109000007,1236,803,433
109000008,564,2217,-1653
109000009,3099,1463,1636
109000010,1755,4426,-2671
109000011,2987,2105,882
109000012,1559,2823,-1264
109000013,2543,2745,-202
109000014,1686,3666,-1980
109000015,3617,6342,-2725
109000016,7609,4447,3162
109000017,2009,1263,746
109000018,2807,5071,-2264
109000019,2866,1432,1434
109000020,1312,2317,-1005
109000023,265,23,242
109000024,16,248,-232
109000025,418,540,-122
109000026,924,360,564
109000027,79,374,-295
109000028,160,91,69
109000029,96,205,-109
109000030,82,372,-290
109000031,161,143,18
109000032,213,1249,-1036
109000033,401,158,243
109000034,37,53,-16
109000035,22,72,-50
109000036,106,402,-296
109000037,197,980,-783
109000038,586,399,187
109000039,725,532,193
109000040,3738,5412,-1674
109000041,4252,1530,2722
109000042,911,1197,-286
109000044,457,153,304
109000045,243,452,-209
109000046,265,61,204
109000047,102,445,-343
109000048,1143,422,721
109000049,338,536,-198
109000050,545,613,-68
109000051,388,255,133
109000052,482,1194,-712
109000053,1062,401,661
109000054,199,585,-386
109000055,202,267,-65
109000056,254,452,-198
109000057,485,404,81
109000058,2312,509,1803
109000059,1179,1349,-170
109000060,1081,444,637
109000061,1327,763,564
109000062,100,272,-172
109000063,204,262,-58
109000064,162,180,-18
109000065,96,340,-244
109000066,331,126,205
109000067,64,387,-323
109000068,2446,36,2410
109000069,920,36,884
109000070,6,1125,-1119
109000071,338,108,230
109000072,151,674,-523
109000073,60,134,-74
109000074,37,239,-202
109000075,104,367,-263
109000076,151,258,-107
109000077,445,395,50
109000078,70,226,-156
109000079,179,217,-38
109000080,167,135,32
109000081,108,574,-466
109000082,558,237,321
109000083,330,885,-555
109000088,154,509,-355
109000089,226,59,167
109000090,138,417,-279
109000091,238,161,77
109000092,343,565,-222
109000093,222,198,24
109000094,367,7,360
109000095,127,530,-403
109000096,460,328,132
109000097,72,149,-77
109000098,75,130,-55
109000099,824,377,447
109000100,218,706,-488
109000101,1133,799,334
109000102,257,761,-504
109000103,611,716,-105
109000104,1191,634,557
109000105,458,1184,-726
109000106,1571,805,766
109000107,603,2138,-1535
109000108,1369,626,743
109000109,422,1969,-1547
109000110,1065,518,547
109000111,1305,2928,-1623
109000112,447,143,304
109000113,344,236,108
109000114,128,432,-304
109000115,1395,118,1277
109000116,17,559,-542
109000117,147,88,59
109000118,9,348,-339
109000119,831,393,438
109000120,112,870,-758
109000121,407,172,235
109000122,117,967,-850
109000123,25,229,-204
109000124,438,484,-46
109000125,805,440,365
109000126,382,953,-571
109000127,1154,327,827
109000128,481,1960,-1479
109000129,1445,617,828
109000130,873,3240,-2367
109000131,1155,853,302
109000132,1072,3052,-1980
109000133,417,1236,-819
109000134,764,1550,-786
109000135,1374,1475,-101
109000136,355,315,40
109000137,300,405,-105
109000138,515,335,180
109000139,400,504,-104
109000140,288,744,-456
109000141,590,571,19
109000142,149,496,-347
109000143,87,111,-24
109000145,135,356,-221
109000146,129,109,20
109000148,3615,1502,2113
109000149,19,51,-32
109000150,205,198,7
109000155,508,713,-205
109000156,1322,715,607
109000158,79,264,-185
109000159,112,611,-499
109000160,863,258,605
109000161,334,1299,-965
109000162,1706,730,976
109000163,862,1871,-1009
109000164,1182,2726,-1544
109000165,958,621,337
109000166,544,139,405
109000167,177,736,-559
109000170,53,71,-18
109000171,62,70,-8
109000172,57,80,-23
109000173,36,96,-60
109000174,102,63,39
109000175,109,346,-237
109000176,296,241,55
109000177,23,77,-54
109000178,475,446,29
109000179,5292,3736,1556
109000180,5118,3062,2056
109000181,8,42,-34
109000182,30,50,-20
109000183,39,30,9
109000184,23,18,5
109000185,28,69,-41
109000188,783,2029,-1246
109000189,2752,1009,1743
109000190,450,556,-106
109000191,336,564,-228
109000192,360,238,122
109000193,176,385,-209
109000194,175,125,50
109000195,109,442,-333
109000196,226,108,118
109000197,123,434,-311
109000198,203,76,127
109000199,86,507,-421
109000206,223,34,189
109000207,83,44,39
109000208,83,96,-13
109000209,113,142,-29
109000210,182,624,-442
109000211,451,619,-168
109000214,398,978,-580
109000215,188,117,71
109000216,303,207,96
109000217,210,87,123
109000218,323,180,143
109000221,586,1226,-640
109000222,931,296,635
109000223,272,219,53
109000224,46,210,-164
109000225,49,58,-9
109000226,68,315,-247
109000227,700,1094,-394
109000228,2,498,-496
109000231,7,365,-358
109000232,293,440,-147
109000236,206,795,-589
109000241,2099,2263,-164
109000242,1743,1673,70
109000293,51,235,-184
109000361,160,249,-89
109000364,166,534,-368
109000396,4,646,-642
109000397,379,6,373
109000399,184,486,-302
109000400,86,366,-280
109000403,138,996,-858
109000406,593,9,584
109000407,253,225,28
109000408,4,727,-723
109000410,928,292,636
109000411,213,45,168
109900001,90,0,90
109900002,752,13,739
109900003,192,0,192
109900004,97,23,74
109900005,14,2,12
109900006,307,254,53
109900007,473,736,-263
109900008,1,38,-37
109900009,118,638,-520
109900010,448,21,427
109900011,89,26,63
109900012,223,187,36
109900013,359,187,172
109900014,305,73,232
109900015,546,204,342
109900016,110,41,69
109900017,176,153,23
109900018,179,97,82
109900019,165,47,118
109900020,40,56,-16
109900021,46,37,9
109900022,80,267,-187
109900023,27,12,15
109900024,26,9,17
109900025,12,74,-62
109900026,0,12,-12
109900027,26,71,-45
109900028,2068,842,1226
109900029,3,427,-424
109900030,35,18,17
109900031,0,86,-86
109900032,6,260,-254
109900033,1,429,-428
109900034,23,1,22
109900035,10,13,-3
109900036,6,96,-90
109900037,44,529,-485
109900038,41,213,-172
109900039,10,0,10
109900040,18,639,-621
109900041,75,436,-361
109900042,34,388,-354
109900044,102,268,-166
109900045,271,93,178
109900046,95,94,1
109900047,262,387,-125
109900048,2,120,-118
109900049,8,14,-6
109900050,0,278,-278
109900051,0,62,-62
109900052,77,334,-257
109900053,3,442,-439
109900054,408,167,241
109900055,48,324,-276
109900056,16,227,-211
109900057,3,230,-227
109900058,1,108,-107
109900059,31,13,18
109900060,336,142,194
109900061,68,271,-203
109900062,1,252,-251
109900063,0,16,-16
109900064,501,261,240
109900065,137,125,12
109900066,338,915,-577
109900067,0,322,-322
109900068,45,6,39
109900069,5,34,-29
109900070,3,40,-37
109900071,1,40,-39
109900072,23,145,-122
109900073,267,596,-329
109900074,6,47,-41
109900075,31,27,4
109900076,48,436,-388
109900077,47,56,-9
109900078,116,268,-152
109900080,108,274,-166
109900081,36,170,-134
109900082,36,335,-299
109900083,16,75,-59
109900084,67,136,-69
109900085,230,807,-577
109900086,143,431,-288
109900087,404,420,-16
109900089,564,141,423
109900090,48,112,-64
109900091,23,6,17
109900092,766,15,751
109900093,588,117,471
109900094,84,109,-25
109900095,126,218,-92
109900096,38,2,36
109900097,59,2,57
109900098,343,27,316
109900099,87,2,85
109900100,45,0,45
109900101,298,8,290
109900102,386,25,361
109900103,23,42,-19
109900104,394,929,-535
109900105,376,35,341
109900106,266,55,211
109900107,362,75,287
109900108,81,373,-292
109900109,47,179,-132
109900110,9,41,-32
109900111,249,1009,-760
109900112,26,92,-66
109900113,40,42,-2
109900114,1313,335,978
109900115,139,101,38
109900117,671,134,537
109900118,26,53,-27
109900119,63,28,35
109900120,4,6,-2
109900121,274,285,-11
109900122,24,0,24
109900123,9,130,-121
109900124,4,58,-54
109900125,1,194,-193
109900126,173,134,39
109900128,9,4,5
109900130,8639,2131,6508
109900131,95,155,-60
109900132,40,193,-153
109900133,15,34,-19
109900134,66,111,-45
109900135,446,92,354
109900136,7,12,-5
109900137,85,387,-302
109900140,133,267,-134
109900142,116,53,63
109900145,1,24,-23
109900146,52,5,47
109900148,10,6,4
109900149,44,71,-27
109900150,4,91,-87
109900151,6,63,-57
109900152,1,18,-17
109900153,0,61,-61
109900154,57,0,57
109900155,49,28,21
109900157,53,276,-223
109900158,12,10,2
109900159,168,40,128
109900160,16,4,12
109900161,170,43,127
109900162,145,114,31
109900163,583,316,267
109900164,49,295,-246
109900165,148,5,143
109900166,0,164,-164
109900167,173,516,-343
109900168,184,693,-509
109900169,129,196,-67
109900170,247,706,-459
109900171,142,105,37
109900172,173,228,-55
109900173,3478,1878,1600
109900174,58,146,-88
109900175,77,76,1
109900176,101,170,-69
109900177,45,226,-181
109900178,7,130,-123
109900179,51,29,22
109900180,7,12,-5
110000001,1134,609,525
110000002,614,774,-160
110000003,961,763,198
110000004,506,655,-149
110000005,604,1747,-1143
110000006,640,388,252
110000007,116,156,-40
110000008,17,65,-48
110000009,65,51,14
110000010,57,65,-8
110000011,45,98,-53
110000012,751,452,299
110000013,42,644,-602
110000014,674,489,185
110000015,266,616,-350
110000016,308,1642,-1334
110000017,3026,271,2755
110000018,2984,501,2483
110000019,12,108,-96
110000020,343,224,119
110000021,817,445,372
110000022,692,179,513
110000023,3,182,-179
110000024,643,367,276
110000025,239,7,232
110000026,7,395,-388
110000027,1515,325,1190
110000028,965,745,220
110000029,465,905,-440
110000030,232,389,-157
110000031,294,617,-323
110000032,729,504,225
110000033,459,78,381
110000034,487,751,-264
110000035,866,703,163
110000036,1017,697,320
110000037,198,477,-279
110000038,207,627,-420
110000039,678,2787,-2109
110000040,386,373,13
110000041,398,1201,-803
110000042,90,249,-159
110000043,782,357,425
110000044,202,97,105
110000045,1351,114,1237
110000046,24,13,11
110000047,134,35,99
110000048,26,17,9
110000049,133,19,114
110000050,20,17,3
110000051,116,11,105
110000052,32,35,-3
110000053,204,16,188
110000054,247,233,14
110000055,619,24,595
110000056,201,48,153
110000057,437,712,-275
110000058,1129,518,611
110000059,865,543,322
110000060,665,1077,-412
110000061,868,835,33
110000062,591,930,-339
110000063,28,72,-44
110000064,94,93,1
110000065,68,61,7
110000066,80,39,41
110000067,129,277,-148
110000068,298,324,-26
110000069,147,109,38
110000071,89,145,-56
110000073,11,19,-8
110000075,16,115,-99
110000076,307,369,-62
110000077,437,1290,-853
110000078,28,55,-27
110000080,322,743,-421
110000081,45,335,-290
110000082,74,316,-242
110000083,245,806,-561
110000084,1070,697,373
110000085,2307,1756,551
110000086,1270,1643,-373
110000087,7,69,-62
110000088,77,241,-164
110000089,179,158,21
110000090,144,279,-135
110000091,1546,438,1108
110000092,22,93,-71
110000093,61,7,54
110000094,494,248,246
110000095,178,732,-554
110000096,2785,1788,997
110000097,928,1252,-324
110000098,1986,698,1288
110000099,1049,1713,-664
110000100,659,677,-18
110000101,28,441,-413
110000102,61,45,16
110000104,332,131,201
110000105,98,275,-177
110000106,557,437,120
110000107,425,399,26
110000108,148,56,92
110000109,269,334,-65
110000110,3180,3310,-130
110000111,6336,2684,3652
110000112,1287,883,404
110000113,477,1872,-1395
110000114,122,545,-423
110000115,284,239,45
110000116,30,57,-27
110000117,149,409,-260
110000118,388,196,192
110000119,190,339,-149
110000120,357,199,158
110000121,92,384,-292
110000122,381,607,-226
110000123,493,635,-142
110000124,2,915,-913
110000125,942,4,938
110000126,246,17,229
110000127,1027,36,991
110000128,31,1269,-1238
110000129,3,644,-641
110000130,367,120,247
110000131,68,440,-372
110000132,0,716,-716
110000133,42,508,-466
110000134,30,416,-386
110000135,176,34,142
110000136,74,303,-229
110000137,579,566,13
110000138,620,730,-110
110000139,636,1335,-699
110000140,1076,583,493
110000143,660,390,270
110000144,5051,1412,3639
110000145,1854,749,1105
110000146,1704,602,1102
110000147,462,751,-289
110000148,583,277,306
110000151,879,594,285
110000152,824,390,434
110000153,76,84,-8
110000154,5,17,-12
110000155,1492,3333,-1841
110000156,1061,1866,-805
110000157,1836,1624,212
110000160,324,380,-56
110000161,166,379,-213
110000166,326,111,215
110000167,679,567,112
110000168,823,485,338
110000169,707,378,329
110000170,141,95,46
110000171,518,196,322
110000172,156,841,-685
110000173,1132,1462,-330
110000174,183,1280,-1097
110000175,444,105,339
110000176,52,244,-192
110000177,149,792,-643
110000178,388,1103,-715
110000179,1303,349,954
110000180,137,316,-179
110000181,326,457,-131
110000182,290,206,84
110000183,10553,6163,4390
110000184,742,2148,-1406
110000185,1263,718,545
110000186,620,953,-333
110000191,574,428,146
110000192,348,6,342
110000193,720,9,711
110000194,27,1258,-1231
110000195,319,387,-68
110000196,243,471,-228
110000197,97,188,-91
110000198,119,74,45
110000199,48,114,-66
110000200,1110,455,655
110000201,718,783,-65
110000202,1119,549,570
110000203,735,791,-56
110000204,3,282,-279
110000205,116,43,73
110000206,622,1474,-852
110000207,745,366,379
110000208,136,167,-31
110000209,103,771,-668
110000210,729,626,103
110000211,715,841,-126
110000212,441,1015,-574
110000213,219,97,122
110000214,221,126,95
110000215,163,455,-292
110000216,94,507,-413
110000217,245,215,30
110000218,133,442,-309
110000219,242,91,151
110000220,60,320,-260
110000221,283,99,184
110000222,71,253,-182
110000223,5,193,-188
110000224,90,20,70
110000225,239,647,-408
110000226,219,76,143
110000227,746,685,61
110000228,364,399,-35
110000229,1,300,-299
110000230,465,648,-183
110000231,167,209,-42
110000232,226,215,11
110000233,138,254,-116
110000234,681,399,282
110000235,1020,851,169
110000236,588,756,-168
110000237,1613,1085,528
110000238,1179,1359,-180
110000239,1884,1289,595
110000240,2,84,-82
110000242,0,10,-10
110000243,66,184,-118
110000244,99,320,-221
110000245,40,395,-355
110000246,790,528,262
110000247,915,4554,-3639
110000248,1901,1744,157
110000249,95,10,85
110000250,31,223,-192
110000251,223,670,-447
110000252,190,220,-30
110000253,1063,737,326
110000254,602,1264,-662
110000255,264,1042,-778
110000256,487,260,227
110000257,696,376,320
110000258,4,401,-397
110000259,94,10,84
110000260,19,390,-371
110000263,436,148,288
110000264,213,443,-230
110000265,1032,1800,-768
110000266,1813,2102,-289
110000267,18,224,-206
110000268,224,479,-255
110000269,5,92,-87
110000270,49,0,49
110000271,1851,305,1546
110000272,1002,920,82
110000273,3002,1282,1720
110000274,249,1161,-912
110000275,2160,481,1679
110000276,363,301,62
110000277,303,365,-62
110000278,377,818,-441
110000279,590,720,-130
110000280,280,374,-94
110000281,33,222,-189
110000282,286,46,240
110000283,82,96,-14
110000284,59,54,5
110000285,1,342,-341
110000286,28,0,28
110000287,47,4,43
110000288,1,73,-72
110000289,529,1330,-801
110000290,1050,622,428
110000291,5111,1361,3750
110000292,1312,3461,-2149
110000293,642,817,-175
110000294,775,976,-201
110000295,138,767,-629
110000296,294,301,-7
110000297,2036,281,1755
110000298,248,667,-419
110000299,422,59,363
110000301,271,29,242
110000302,340,1112,-772
110000303,394,5,389
110000304,161,284,-123
110000305,865,20,845
110000306,125,1368,-1243
110000307,1245,2,1243
110000308,423,12,411
110000309,4,905,-901
110000310,443,86,357
110000311,17,687,-670
110000312,435,64,371
110000313,2497,3414,-917
110000314,3,338,-335
110000315,3398,2079,1319
110000316,538,1184,-646
110000317,529,339,190
110000318,1,86,-85
110000319,19,27,-8
110000320,60,38,22
110000321,12,46,-34
110000322,304,366,-62
110000323,400,192,208
110000324,3447,1253,2194
110000325,2447,2284,163
110000327,591,285,306
110000328,160,402,-242
110000333,773,524,249
110000334,663,1274,-611
110000335,643,412,231
110000336,628,1181,-553
110000337,1173,531,642
110000338,305,192,113
110000339,293,212,81
110000340,72,176,-104
110000341,407,559,-152
110000342,434,4,430
110000343,1,16,-15
110000344,219,158,61
110000345,349,97,252
110000346,2140,1585,555
110000347,1110,705,405
110000348,31,29,2
110000349,17,42,-25
110000350,55,3,52
110000351,715,737,-22
110000352,615,1648,-1033
110000353,2690,742,1948
110000354,1205,2670,-1465
110000355,70,93,-23
110000356,635,5,630
110000357,303,13,290
110000361,9,69,-60
110000362,42,21,21
110000363,224,145,79
110000364,159,392,-233
110000365,192,3,189
110000366,3,83,-80
110000367,308,157,151
110000368,5,57,-52
110000369,34,4,30
110000373,5,292,-287
110000374,222,9,213
110000375,94,922,-828
110000376,22,103,-81
110000377,93,529,-436
110000378,28,355,-327
110000379,3607,1459,2148
110000380,35,17,18
110000383,1,1056,-1055
110000384,2804,1056,1748
110000385,0,141,-141
110000387,57,13,44
110000388,32,268,-236
110000389,622,9,613
110000391,475,272,203
110000396,152,141,11
110000397,93,172,-79
110000398,6,54,-48
110000399,185,1,184
110000587,94,46,48
110000589,193,172,21
110000640,187,90,97
110000652,24,101,-77
110000653,340,472,-132
110000654,77,79,-2
110000656,1,631,-630
110000674,13,16,-3
110000675,3,13,-10
110000676,1,48,-47
110000679,550,988,-438
110000682,141,189,-48
110000683,320,608,-288
110000684,8,46,-38
110000685,7,9,-2
110000686,3,28,-25
110000687,45,4,41
110000688,81,691,-610
110000689,52,44,8
110000692,108,171,-63
110000693,183,212,-29
110000694,0,141,-141
110000695,219,578,-359
110000696,126,111,15
110900001,176,6,170
110900002,513,223,290
110900003,522,702,-180
110900004,287,189,98
110900005,3430,1741,1689
110900006,39,12,27
110900007,112,24,88
110900008,25,57,-32
110900009,389,99,290
110900010,8,89,-81
110900011,17,96,-79
110900012,8,107,-99
110900013,771,163,608
110900014,182,8,174
110900015,745,437,308
110900016,40,173,-133
110900017,335,40,295
110900018,309,53,256
110900019,142,18,124
110900020,79,454,-375
110900021,59,535,-476
110900022,76,309,-233
110900023,65,526,-461
110900024,17,409,-392
110900025,12,71,-59
110900027,28,233,-205
110900028,41,192,-151
110900029,21,329,-308
110900030,24,306,-282
110900031,81,195,-114
110900032,0,105,-105
110900033,29,202,-173
110900035,24,497,-473
110900036,92,20,72
110900037,51,48,3
110900038,1113,173,940
110900039,9,258,-249
110900040,190,29,161
110900041,8,149,-141
110900042,110,63,47
110900043,1,143,-142
110900044,241,11,230
110900045,28,415,-387
110900046,84,277,-193
110900047,617,271,346
110900049,47,65,-18
110900050,24,3,21
110900051,36,203,-167
110900052,4,193,-189
110900053,76,52,24
110900054,37,241,-204
110900055,27,1,26
110900056,57,113,-56
110900057,6,205,-199
110900058,224,204,20
110900059,604,614,-10
110900060,313,116,197
110900061,17,59,-42
110900062,111,278,-167
110900063,41,155,-114
110900064,11,0,11
110900065,391,148,243
110900066,9,87,-78
110900067,394,549,-155
110900068,216,240,-24
110900069,1,27,-26
110900070,124,44,80
110900071,295,466,-171
110900073,3,27,-24
110900074,213,86,127
110900075,279,76,203
110900077,553,523,30
110900078,22,84,-62
110900079,2584,985,1599
110900080,72,53,19
110900081,5,70,-65
110900082,122,195,-73
110900083,106,54,52
110900084,40,119,-79
110900085,42,325,-283
110900086,44,214,-170
110900087,218,46,172
110900088,41,0,41
110900090,24,48,-24
110900091,5,49,-44
110900093,210,94,116
110900095,28,38,-10
110900097,13,31,-18
110900098,37,137,-100
110900099,54,465,-411
110900100,1,33,-32
110900102,69,13,56
110900105,495,340,155
110900108,10,94,-84
110900111,338,117,221
110900112,595,7,588
110900113,421,42,379
110900115,6,92,-86
110900116,446,1965,-1519
110900118,142,2094,-1952
110900119,4048,364,3684
110900120,10,110,-100
110900121,106,0,106
110900122,284,144,140
110900125,286,317,-31
110900127,474,1057,-583
110900128,411,464,-53
110900129,313,622,-309
110900130,1119,565,554
110900131,114,33,81
110900132,168,34,134
110900133,80,204,-124
110900135,66,326,-260
110900136,217,18,199
110900138,0,0,0
110900139,55,0,55
110900140,5,0,5
110900141,647,159,488
110900142,61,169,-108
110900143,164,90,74
110900144,5,797,-792
110900145,137,33,104
110900146,375,95,280
110900147,119,341,-222
110900148,2,309,-307
110900149,0,92,-92
110900150,56,21,35
110900151,4,71,-67
110900152,38,247,-209
110900153,98,23,75
111000001,836,673,163
111000002,883,952,-69
111000003,1441,1239,202
111000004,785,1367,-582
111000005,1435,1544,-109
111000006,1217,1948,-731
111000007,4367,3895,472
111000008,4043,4020,23
111000009,443,1013,-570
111000010,766,346,420
111000011,597,1146,-549
111000012,870,430,440
111000013,407,1096,-689
111000014,1451,760,691
111000017,133,856,-723
111000018,337,398,-61
111000020,1410,2596,-1186
111000021,76,92,-16
111000023,69,135,-66
111000025,5377,3344,2033
111000029,89,101,-12
111000030,25,90,-65
111000031,1946,1390,556
111000032,666,366,300
111000033,380,308,72
111000034,272,288,-16
111000037,1975,1122,853
111000038,3866,2699,1167
111000039,1859,2568,-709
111000040,1670,2718,-1048
111000041,1776,1879,-103
111000042,4626,2800,1826
111000043,1801,2906,-1105
111000044,1504,1113,391
111000045,1916,2089,-173
111000046,1156,1536,-380
111000047,1979,3571,-1592
111000049,534,532,2
111000050,1914,1752,162
111000051,670,1297,-627
111000052,596,1692,-1096
111000053,426,1252,-826
111000054,325,1090,-765
111000055,1241,2068,-827
111000056,160,595,-435
111000057,93,747,-654
111000058,280,106,174
111000059,391,356,35
111000060,3632,1053,2579
111000061,442,400,42
111000062,624,373,251
111000063,1694,1075,619
111000064,458,637,-179
111000065,954,1022,-68
111000066,400,316,84
111000067,561,722,-161
111000068,596,1189,-593
111000069,1766,2270,-504
111000070,1940,1322,618
111000071,323,825,-502
111000072,915,508,407
111000073,327,1000,-673
111000074,1415,1709,-294
111000075,1006,797,209
111000076,508,692,-184
111000077,1661,2067,-406
111000078,3115,1447,1668
111000079,1414,791,623
111000080,482,829,-347
111000081,1818,4154,-2336
111000082,624,858,-234
111000084,800,615,185
111000085,1122,1801,-679
111000086,2819,1448,1371
111000087,741,696,45
111000088,5874,2146,3728
111000089,690,951,-261
111000090,968,1459,-491
111000091,723,698,25
111000092,1118,1057,61
111000093,666,1050,-384
111000094,1696,1073,623
111000095,606,2205,-1599
111000096,2095,7190,-5095
111000097,5550,1678,3872
111000098,886,1383,-497
111000099,619,2272,-1653
111000100,349,1945,-1596
111000101,427,897,-470
111000102,153,755,-602
111000104,456,241,215
111000107,66,658,-592
111000109,452,293,159
111000110,1545,766,779
111000111,1760,527,1233
111000112,1343,595,748
111000113,879,1509,-630
111000114,2564,3181,-617
111000115,6491,1202,5289
111000116,848,1013,-165
111000117,578,1020,-442
111000118,1665,1015,650
111000119,1049,1477,-428
111000120,521,681,-160
111000121,268,767,-499
111000122,579,1292,-713
111000123,1069,3189,-2120
111000124,584,3173,-2589
111000125,236,1758,-1522
111000126,113,977,-864
111000127,759,220,539
111000128,1261,358,903
111000129,2663,496,2167
111000130,1625,803,822
111000131,1236,668,568
111000132,1000,702,298
111000133,209,192,17
111000134,148,150,-2
111000135,51,135,-84
111000136,344,383,-39
111000138,17,18,-1
111000140,2,4,-2
111000141,246,328,-82
111000142,11,135,-124
111000143,11,102,-91
111000144,58,186,-128
111000145,2418,26,2392
111000146,119,17,102
111000147,289,47,242
111000148,367,76,291
111000149,7,47,-40
111000150,168,11,157
111000151,8,35,-27
111000153,645,694,-49
111000154,937,229,708
111000155,124,194,-70
111000156,432,514,-82
111000157,217,855,-638
111000158,1040,748,292
111000159,2903,773,2130
111000160,283,398,-115
111000161,25,326,-301
111000162,88,202,-114
111000163,782,1018,-236
111000164,907,4167,-3260
111000165,1267,685,582
111000166,2103,478,1625
111000167,187,574,-387
111000168,268,479,-211
111000169,341,672,-331
111000170,619,602,17
111000171,489,868,-379
111000172,131,602,-471
111000173,351,1247,-896
111000174,139,472,-333
111000175,46,271,-225
111000176,272,161,111
111000177,245,261,-16
111000178,1178,359,819
111000179,204,218,-14
111000180,178,370,-192
111000181,845,366,479
111000182,205,289,-84
111000183,469,430,39
111000184,418,284,134
111000185,386,576,-190
111000186,499,376,123
111000187,144,330,-186
111000188,239,500,-261
111000189,1332,678,654
111000190,232,514,-282
111000191,164,402,-238
111000192,174,618,-444
111000193,340,412,-72
111000194,25,441,-416
111000195,123,393,-270
111000196,36,295,-259
111000197,312,173,139
111000198,451,130,321
111000199,160,178,-18
111000200,291,346,-55
111000201,396,279,117
111000202,184,247,-63
111000203,268,301,-33
111000204,491,823,-332
111000213,189,529,-340
111000214,1549,1886,-337
111000215,1001,1589,-588
111000217,1236,810,426
111000218,1083,953,130
111000219,479,267,212
111000220,2167,617,1550
111000221,971,110,861
111000224,127,430,-303
111000225,324,296,28
111000226,198,1,197
111000227,75,5,70
111000228,16,282,-266
111000229,38,592,-554
111000230,332,465,-133
111000231,837,1050,-213
111000232,503,929,-426
111000233,589,855,-266
111000234,122,346,-224
111000239,103,186,-83
111000240,37,208,-171
111000241,30,387,-357
111000242,93,81,12
111000243,91,686,-595
111000244,342,92,250
111000245,1021,554,467
111000246,369,469,-100
111000247,243,1077,-834
111000248,502,446,56
111000249,443,902,-459
111000250,31,87,-56
111000251,38,128,-90
111000253,6,26,-20
111000255,22,13,9
111000257,31,20,11
111000260,45,1174,-1129
111000261,938,96,842
111000271,76,307,-231
111000273,5502,1958,3544
111000274,1175,2438,-1263
111000275,142,99,43
111000276,284,2028,-1744
111000277,230,428,-198
111000278,536,246,290
111000291,823,4843,-4020
111000298,572,299,273
111000299,593,106,487
111000300,76,577,-501
111000302,251,92,159
111000303,92,236,-144
111000312,43,81,-38
111000315,34,219,-185
111000320,401,658,-257
111000321,329,136,193
111000322,305,511,-206
111000323,166,18,148
111000324,318,238,80
111000325,49,62,-13
111000326,195,416,-221
111000327,400,533,-133
111000328,221,537,-316
111000329,0,49,-49
111000330,69,23,46
111000331,13,14,-1
111000332,432,1461,-1029
111000334,397,1773,-1376
111000335,721,260,461
111000337,933,437,496
111000338,68,136,-68
111000339,442,475,-33
111000340,101,686,-585
111000341,1092,655,437
111000342,415,609,-194
111000344,881,656,225
111000345,295,92,203
111000346,41,117,-76
111000347,123,0,123
111000350,227,159,68
111000351,117,251,-134
111000352,139,106,33
111000353,105,305,-200
111000354,565,163,402
111000355,332,534,-202
111000358,96,1406,-1310
111000360,150,742,-592
111000361,101,327,-226
111000546,641,653,-12
111000547,263,590,-327
111000548,103,268,-165
111000549,258,380,-122
111000550,103,641,-538
111000551,669,179,490
111000552,2779,143,2636
111000907,549,24,525
111000908,28,0,28
111000916,1314,356,958
111000917,49,443,-394
111000918,150,1040,-890
111000920,450,27,423
111000921,3,322,-319
111000922,340,383,-43
111000924,43,934,-891
111000925,2128,2398,-270
111000926,982,2570,-1588
111000927,2805,5096,-2291
111000928,4722,4300,422
111000929,1109,1373,-264
111000930,899,2911,-2012
111000931,1765,2474,-709
111000932,4518,2608,1910
111000933,3617,2260,1357
111000934,2431,3293,-862
111000935,1317,1138,179
111000936,1227,2634,-1407
111000937,902,1395,-493
111000938,1705,2506,-801
111000939,444,58,386
111000940,329,206,123
111000941,222,554,-332
111000943,266,270,-4
111000944,144,541,-397
111000945,88,2005,-1917
111001109,492,291,201
111001110,253,649,-396
111001111,62,9,53
111001112,203,3,200
111001113,11,241,-230
111001114,1720,106,1614
111001115,137,356,-219
111001116,5688,3936,1752
111001117,647,2417,-1770
111001120,86,326,-240
111001121,210,378,-168
111001122,194,640,-446
111001123,189,152,37
111001124,142,280,-138
111001125,3,122,-119
111001126,6,0,6
111001127,0,82,-82
111001128,374,640,-266
111900001,8,286,-278
111900002,5,864,-859
111900003,0,392,-392
111900004,44,156,-112
111900006,7,30,-23
111900007,76,4,72
111900008,121,5,116
111900009,76,1,75
111900010,357,596,-239
111900012,113,126,-13
111900013,7,48,-41
111900014,6160,2720,3440
111900015,0,74,-74
111900016,3,159,-156
111900017,0,138,-138
111900018,272,3,269
111900019,9,100,-91
111900020,1,51,-50
111900021,47,134,-87
111900022,10,106,-96
111900023,118,102,16
111900024,0,96,-96
111900025,0,41,-41
111900026,0,106,-106
111900027,13,199,-186
111900028,0,412,-412
111900029,4,163,-159
111900030,61,366,-305
111900031,0,5,-5
111900032,2,380,-378
111900033,3,120,-117
111900034,399,595,-196
111900035,73,267,-194
111900036,1,300,-299
111900038,356,660,-304
111900039,70,601,-531
111900040,3,604,-601
111900042,26,176,-150
111900043,0,355,-355
111900044,377,332,45
111900046,40,224,-184
111900048,80,554,-474
111900049,40,295,-255
111900050,110,28,82
111900051,2,149,-147
111900052,470,633,-163
111900053,1298,836,462
111900054,127,2,125
111900055,10,308,-298
111900056,228,203,25
111900057,43,91,-48
111900058,356,753,-397
111900059,2512,442,2070
111900060,338,1,337
111900061,16,144,-128
111900062,14,57,-43
111900063,297,221,76
111900064,82,176,-94
111900065,68,26,42
111900066,150,175,-25
111900067,1,368,-367
111900068,40,32,8
111900069,56,41,15
111900070,74,108,-34
111900071,1,244,-243
111900072,33,17,16
111900073,527,116,411
111900074,18,177,-159
111900075,48,3,45
111900076,85,44,41
111900077,12,1,11
111900078,134,13,121
111900079,29,44,-15
111900080,248,234,14
111900082,64,22,42
111900083,75,6,69
111900084,50,4,46
111900085,22,106,-84
111900086,22,2,20
111900087,48,0,48
111900088,406,3,403
111900089,54,1,53
111900090,49,47,2
111900091,118,4,114
111900092,104,0,104
111900093,304,3,301
111900094,73,0,73
111900095,183,24,159
111900096,74,0,74
111900097,26,0,26
111900098,121,0,121
111900099,40,1,39
111900100,109,1,108
111900101,103,30,73
111900102,415,711,-296
111900103,62,52,10
111900104,130,80,50
111900105,300,174,126
111900106,1085,55,1030
111900110,1931,356,1575
111900111,146,173,-27
111900112,666,1808,-1142
111900113,366,87,279
111900118,273,80,193
111900119,278,118,160
111900122,109,55,54
111900123,24,33,-9
111900124,27,111,-84
111900125,346,13,333
111900126,203,1,202
111900127,1,775,-774
111900128,2,682,-680
111900129,200,28,172
111900130,130,11,119
111900131,387,1,386
111900132,29,1204,-1175
111900133,8,395,-387
111900134,10,232,-222
111900135,8,23,-15
111900136,74,147,-73
111900137,74,100,-26
111900138,14,154,-140
111900139,24,175,-151
111900140,58,15,43
111900141,50,19,31
111900142,65,31,34
111900143,25,220,-195
111900144,1,90,-89
111900145,0,529,-529
111900146,3,243,-240
111900147,157,439,-282
111900148,28,637,-609
111900149,6,360,-354
111900150,13,168,-155
111900151,7,15,-8
111900152,80,65,15
111900153,1590,467,1123
111900154,8,183,-175
111900155,28,69,-41
111900156,25,67,-42
111900157,64,17,47
111900158,421,36,385
111900159,226,8,218
111900160,272,2,270
111900161,114,6,108
111900162,95,189,-94
111900163,36,253,-217
111900164,69,52,17
111901113,326,190,136
111901114,138,311,-173
111901115,76,0,76
111901116,40,4,36
111901117,19,35,-16
111901118,122,177,-55
111901119,1135,68,1067
111901121,230,298,-68
111901122,5,752,-747
111901123,109,372,-263
111901124,118,1,117
111901125,286,228,58
111901127,744,260,484
111901128,7,86,-79
111901129,5,125,-120
111901130,7,251,-244
111901131,6,307,-301
111901132,207,17,190
111901133,37,3,34
111901134,35,1,34
111901135,10,6,4
111901136,1,37,-36
111901138,260,54,206
111901139,15,42,-27
111901140,8,122,-114
111901141,9,220,-211
111901142,6,146,-140
111901143,5,95,-90
111901144,37,43,-6
111901145,227,231,-4
111901146,532,31,501
111901147,898,203,695
111901148,18,72,-54
111901149,16,3,13
111901150,60,0,60
111901151,0,0,0
112000001,1525,941,584
112000002,851,2492,-1641
112000003,978,902,76
112000004,708,1261,-553
112000005,2365,2723,-358
112000006,2191,2136,55
112000007,2015,1601,414
112000008,2476,3971,-1495
112000009,4002,3895,107
112000010,2796,2695,101
112000011,2419,2181,238
112000012,5024,2346,2678
112000013,6158,3046,3112
112000014,4474,747,3727
112000015,4802,2535,2267
112000016,8757,956,7801
112000017,3969,1305,2664
112000024,2512,965,1547
112000026,4341,5299,-958
112000027,905,618,287
112000028,2054,1657,397
112000029,409,653,-244
112000030,163,100,63
112000031,1740,3558,-1818
112000032,396,41,355
112000033,2669,1105,1564
112000034,404,41,363
112000035,128,240,-112
112000036,1611,657,954
112000037,1439,647,792
112000038,1360,741,619
112000039,86,85,1
112000040,133,236,-103
112000041,662,539,123
112000042,1193,337,856
112000050,1211,2054,-843
112000051,829,1194,-365
112000054,1768,2628,-860
112000057,395,361,34
112000058,348,559,-211
112000059,493,820,-327
112000061,3693,1935,1758
112000062,1592,566,1026
112000063,1293,1820,-527
112000064,4530,5858,-1328
112000065,2346,2482,-136
112000066,3841,1460,2381
112000067,817,692,125
112000068,2975,2095,880
112000069,948,1801,-853
112000070,1951,881,1070
112000071,1120,2526,-1406
112000072,1807,945,862
112000073,1783,1826,-43
112000074,1397,975,422
112000075,1530,1235,295
112000076,3521,2781,740
112000077,469,646,-177
112000078,1522,601,921
112000079,1119,1265,-146
112000080,621,861,-240
112000081,1586,2453,-867
112000082,1493,961,532
112000083,546,1271,-725
112000084,1164,951,213
112000085,1326,1159,167
112000086,1540,1529,11
112000087,378,836,-458
112000088,484,637,-153
112000089,346,382,-36
112000090,264,339,-75
112000091,627,1146,-519
112000092,1367,1179,188
112000093,1482,1015,467
112000094,504,1031,-527
112000095,662,880,-218
112000096,419,887,-468
112000097,931,508,423
112000098,940,1207,-267
112000099,545,1011,-466
112000100,1244,1005,239
112000101,500,1025,-525
112000102,807,643,164
112000103,321,1177,-856
112000105,775,2111,-1336
112000106,1372,549,823
112000107,80,176,-96
112000108,289,1945,-1656
112000109,135,164,-29
112000110,1835,713,1122
112000111,1261,3122,-1861
112000112,3679,656,3023
112000113,932,1831,-899
112000114,2147,1033,1114
112000115,375,561,-186
112000116,396,1034,-638
112000117,1113,825,288
112000118,1089,964,125
112000119,553,987,-434
112000120,94,438,-344
112000121,110,651,-541
112000122,202,213,-11
112000123,552,181,371
112000124,271,92,179
112000125,194,189,5
112000126,167,688,-521
112000127,2207,1680,527
112000128,947,557,390
112000129,88,129,-41
112000130,137,88,49
112000131,63,447,-384
112000132,105,313,-208
112000133,347,277,70
112000134,470,406,64
112000135,986,654,332
112000136,1105,1206,-101
112000137,1707,1400,307
112000138,2083,1144,939
112000139,954,453,501
112000140,1284,1126,158
112000141,687,361,326
112000142,357,697,-340
112000143,906,318,588
112000144,338,1465,-1127
112000145,1962,691,1271
112000146,677,2424,-1747
112000147,2144,1792,352
112000148,1775,2610,-835
112000149,353,702,-349
112000150,339,681,-342
112000151,386,471,-85
112000152,271,419,-148
112000153,139,285,-146
112000154,111,241,-130
112000155,166,123,43
112000157,863,547,316
112000158,250,681,-431
112000159,474,403,71
112000167,293,108,185
112000169,551,565,-14
112000173,518,205,313
112000175,334,368,-34
112000176,3296,1996,1300
112000177,441,147,294
112000178,69,512,-443
112000179,164,105,59
112000180,246,384,-138
112000181,1333,2020,-687
112000182,884,1908,-1024
112000183,22,62,-40
112000184,356,505,-149
112000185,404,663,-259
112000187,3193,2168,1025
112000195,122,11,111
112000196,154,0,154
112000197,126,96,30
112000198,29,275,-246
112000199,1315,1016,299
112000202,280,2,278
112000216,67,233,-166
112000230,106,2,104
112000231,3,263,-260
112000256,36,253,-217
112000313,101,124,-23
112000314,73,36,37
112000337,259,548,-289
112000352,450,288,162
112000392,1310,1396,-86
112000398,1063,836,227
112000399,3928,2201,1727
112000400,1660,3712,-2052
112000401,2979,3152,-173
112000402,2440,2419,21
112000403,3003,2962,41
112000404,738,639,99
112000405,1603,2696,-1093
112000406,3879,3483,396
112000407,5230,7159,-1929
112000408,7990,7606,384
112000409,2174,6396,-4222
112000410,378,181,197
112000411,4532,1426,3106
112000412,1547,569,978
112000413,9546,4251,5295
112000414,94,121,-27
112000415,108,42,66
112000416,1916,1476,440
112000417,228,64,164
112000421,51,125,-74
112000422,279,423,-144
112000424,2812,2679,133
112000425,387,1158,-771
112000426,108,335,-227
112000427,10,15,-5
112000428,240,438,-198
112000429,2338,3116,-778
112000430,2775,3302,-527
112000431,95,172,-77
112000432,503,1663,-1160
112000433,465,754,-289
112000437,68,297,-229
112900001,38,1,37
112900002,312,1116,-804
112900003,37,490,-453
112900004,22,265,-243
112900005,204,288,-84
112900007,31,248,-217
112900008,0,31,-31
112900009,304,96,208
112900010,322,985,-663
112900011,266,311,-45
112900012,1,39,-38
112900013,1,156,-155
112900014,3,258,-255
112900015,318,743,-425
112900016,6,292,-286
112900017,28,245,-217
112900018,117,821,-704
112900019,53,227,-174
112900020,363,1179,-816
112900021,4,304,-300
112900022,10,78,-68
112900023,1,209,-208
112900024,36,250,-214
112900025,83,324,-241
112900026,10,305,-295
112900027,11,1357,-1346
112900028,39,135,-96
112900029,13,768,-755
112900030,226,195,31
112900031,1,466,-465
112900032,162,338,-176
112900034,1,72,-71
112900035,5,478,-473
112900036,35,144,-109
112900037,200,215,-15
112900038,448,105,343
112900039,38,342,-304
112900040,3,313,-310
112900041,948,1069,-121
112900042,56,364,-308
112900043,25,28,-3
112900044,665,479,186
112900045,445,329,116
112900046,245,67,178
112900047,15,29,-14
112900049,189,104,85
112900050,52,553,-501
112900051,292,554,-262
112900052,4,959,-955
112900053,394,92,302
112900054,216,42,174
112900055,110,32,78
112900056,355,199,156
112900057,41,683,-642
112900058,235,337,-102
112900059,145,167,-22
112900060,11,182,-171
112900061,64,113,-49
112900062,95,140,-45
112900063,202,15,187
112900064,201,213,-12
112900065,32,21,11
112900066,161,144,17
112900067,496,175,321
112900068,28,46,-18
112900069,2222,730,1492
112900071,28,5,23
112900072,296,1674,-1378
112900073,311,58,253
112900074,80,220,-140
112900075,1661,774,887
112900076,112,17,95
112900078,260,422,-162
112900079,261,31,230
112900080,53,1,52
112900081,40,167,-127
112900082,353,20,333
112900083,102,61,41
112900084,225,113,112
112900086,33,0,33
112900087,554,95,459
112900088,88,37,51
112900089,522,14,508
112900090,26,25,1
112900091,175,11,164
112900092,147,241,-94
112900093,1216,26,1190
112900095,27,2,25
112900096,359,132,227
112900097,65,378,-313
112900098,50,2,48
112900099,672,10,662
112900100,60,0,60
112900101,191,2,189
112900102,192,9,183
112900103,147,5,142
112900104,526,5,521
112900105,22,2,20
112900106,429,103,326
112900107,3,0,3
112900108,174,0,174
112900109,96,2,94
112900110,727,10,717
112900111,556,4,552
112900112,275,1,274
112900113,0,24,-24
112900114,95,26,69
112900115,866,2,864
112900116,148,42,106
112900117,178,108,70
112900118,32,93,-61
112900119,172,1,171
112900120,893,274,619
112900121,280,209,71
112900122,16,128,-112
112900123,176,29,147
112900124,11,101,-90
112900125,30,284,-254
112900126,167,229,-62
112900127,315,103,212
112900128,381,783,-402
112900129,2,852,-850
112900130,264,49,215
112900131,43,239,-196
112900132,103,499,-396
112900133,26,1190,-1164
112900134,2,255,-253
112900135,99,38,61
112900137,2,664,-662
112900138,4,334,-330
112900139,217,1054,-837
112900141,697,21,676
112900142,71,122,-51
112900143,66,583,-517
112900144,16,888,-872
112900145,48,483,-435
112900146,2,1344,-1342
112900147,7,2107,-2100
112900148,62,1,61
112900149,257,524,-267
112900151,28,92,-64
112900152,4832,1039,3793
112900153,2099,1771,328
112900154,0,123,-123
112900155,186,67,119
112900156,265,1440,-1175
112900157,309,170,139
112900158,45,11,34
112900159,169,94,75
112900160,70,229,-159
112900161,129,36,93
112900162,31,25,6
112900163,150,46,104
112900164,34,172,-138
112900165,118,29,89
112900166,25,65,-40
112900167,3,54,-51
112900168,6,0,6
112900169,5,11,-6
112900170,84,100,-16
112900172,56,19,37
112900173,203,87,116
112900174,281,46,235
112900175,150,125,25
112900176,18,31,-13
112900177,230,50,180
112900178,704,2501,-1797
112900179,60,514,-454
112900180,1889,1679,210
112900181,412,16,396
112900182,50,1289,-1239
112900183,154,227,-73
112900184,468,398,70
112900185,270,476,-206
112900186,1285,849,436
112900187,73,453,-380
112900188,738,243,495
112900189,5,30,-25
112900190,51,51,0
112900192,453,488,-35
112900193,1109,315,794
112900194,57,149,-92
112900195,817,26,791
112900196,194,428,-234
112900197,163,317,-154
112900199,523,636,-113
112900200,418,309,109
112900201,39,86,-47
112900202,326,865,-539
112900203,133,288,-155
112900204,1022,575,447
112900205,10,8,2
112900206,28,120,-92
112900207,10,0,10
112900208,75,245,-170
112900209,638,370,268
112900210,5,13,-8
112900211,71,142,-71
112900212,0,151,-151
112900213,40,37,3
112900214,37,11,26
112900215,4,214,-210
112900216,39,90,-51
112900217,0,44,-44
112900218,39,10,29
112900219,53,24,29
112900220,4,0,4
112900221,9,101,-92
112900222,0,30,-30
112900223,766,22,744
112900224,218,611,-393
112900225,315,426,-111
112900226,169,287,-118
112900227,276,1018,-742
112900228,56,42,14
112900229,153,74,79
112900230,6497,3801,2696
112900232,179,182,-3
112900233,69,182,-113
112900234,12,116,-104
112900235,141,27,114
112900236,170,14,156
112900237,211,359,-148
112900238,6,59,-53
112900239,1052,381,671
112900240,4,134,-130
112900241,26,153,-127
112900242,6,236,-230
112900243,9,206,-197
112900244,1,79,-78
112900245,3,35,-32
112900246,9,12,-3
112900247,137,29,108
112900248,23,1,22
112900249,38,6,32
112900250,75,26,49
112900251,53,18,35
112900252,91,33,58
112900253,32,11,21
112900254,4,1,3
112900255,1,27,-26
112900256,3,50,-47
112900257,16,35,-19
112900258,15,24,-9
113000001,5596,7351,-1755
113000002,3651,4202,-551
113000003,1796,2965,-1169
113000004,2018,3111,-1093
113000005,1829,1358,471
113000006,1112,1841,-729
113000007,2131,1545,586
113000008,1947,2075,-128
113000009,824,1088,-264
113000010,1120,1808,-688
113000011,684,1595,-911
113000012,1313,972,341
113000013,1987,844,1143
113000014,1837,1558,279
113000015,625,171,454
113000016,450,639,-189
113000017,60,317,-257
113000018,594,67,527
113000019,122,231,-109
113000020,429,36,393
113000021,2261,789,1472
113000022,691,1347,-656
113000025,223,559,-336
113000026,445,443,2
113000027,1374,442,932
113000028,1093,391,702
113000029,748,762,-14
113000030,393,521,-128
113000031,283,318,-35
113000032,263,267,-4
113000033,267,433,-166
113000034,408,358,50
113000035,31,33,-2
113000036,26,54,-28
113000037,81,33,48
113000038,15,63,-48
113000039,79,610,-531
113000040,93,111,-18
113000042,909,608,301
113000051,916,2914,-1998
113000052,2300,1230,1070
113000053,384,593,-209
113000054,305,894,-589
113000055,1141,844,297
113000056,824,1237,-413
113000058,855,813,42
113000059,1119,634,485
113000060,189,565,-376
113000061,718,940,-222
113000062,1113,201,912
113000063,163,188,-25
113000064,41,384,-343
113000065,172,1014,-842
113000066,571,101,470
113000067,1429,1358,71
113000068,370,1789,-1419
113000069,580,1574,-994
113000070,1861,982,879
113000071,323,701,-378
113000072,642,489,153
113000073,509,1557,-1048
113000074,953,523,430
113000075,2016,773,1243
113000076,1037,1866,-829
113000077,1176,512,664
113000078,873,2191,-1318
113000079,1088,871,217
113000080,948,558,390
113000081,683,923,-240
113000082,1181,773,408
113000083,518,911,-393
113000084,1708,1341,367
113000085,840,753,87
113000086,1253,1433,-180
113000087,846,1038,-192
113000088,2275,1368,907
113000089,927,1682,-755
113000090,280,638,-358
113000091,556,363,193
113000094,1470,221,1249
113000095,373,833,-460
113000096,176,776,-600
113000097,1285,357,928
113000098,104,36,68
113000099,1270,329,941
113000100,190,410,-220
113000101,442,507,-65
113000102,725,403,322
113000103,2712,595,2117
113000104,389,2944,-2555
113000105,589,435,154
113000106,357,554,-197
113000107,791,957,-166
113000108,1025,1458,-433
113000109,658,4677,-4019
113000110,1453,487,966
113000111,280,928,-648
113000112,364,441,-77
113000113,1340,456,884
113000114,353,1580,-1227
113000116,673,322,351
113000117,837,168,669
113000118,236,649,-413
113000119,447,318,129
113000120,98,312,-214
113000121,883,814,69
113000124,273,151,122
113000125,37,720,-683
113000127,3037,459,2578
113000128,513,528,-15
113000129,466,1201,-735
113000133,3056,1532,1524
113000134,4,1471,-1467
113000135,3570,4411,-841
113000137,1909,2741,-832
113000139,321,154,167
113000140,123,255,-132
113000141,280,166,114
113000142,813,907,-94
113000143,238,155,83
113000144,346,669,-323
113000145,40,138,-98
113000146,142,79,63
113000147,140,144,-4
113000148,94,122,-28
113000149,100,148,-48
113000150,434,390,44
113000151,69,75,-6
113000152,36,86,-50
113000153,1497,500,997
113000154,557,1536,-979
113000155,291,506,-215
113000156,158,367,-209
113000157,360,836,-476
113000158,648,261,387
113000159,708,799,-91
113000160,720,1154,-434
113000161,207,575,-368
113000162,545,412,133
113000163,86,91,-5
113000164,49,95,-46
113000166,129,103,26
113000167,29,135,-106
113000168,67,134,-67
113000169,137,107,30
113000170,134,123,11
113000171,63,99,-36
113000172,218,93,125
113000173,40,25,15
113000174,114,527,-413
113000175,385,135,250
113000176,447,205,242
113000177,174,442,-268
113000178,190,318,-128
113000179,278,240,38
113000180,810,1508,-698
113000181,1607,1183,424
113000182,249,554,-305
113000183,214,572,-358
113000184,14,94,-80
113000189,486,962,-476
113000190,1016,481,535
113000192,2866,1628,1238
113000193,5419,1157,4262
113000194,2505,1133,1372
113000195,2472,716,1756
113000196,531,142,389
113000197,1820,1127,693
113000198,62,327,-265
113000199,1386,355,1031
113000201,1733,255,1478
113000202,3789,3738,51
113000203,425,274,151
113000204,2040,1497,543
113000205,17,28,-11
113000206,27,36,-9
113000207,49,36,13
113000208,26,70,-44
113000209,26,33,-7
113000210,6,40,-34
113000211,373,268,105
113000212,302,26,276
113000213,31,258,-227
113000214,214,420,-206
113000234,168,1063,-895
113000410,607,254,353
113000411,2916,4513,-1597
113000412,8447,2900,5547
113000413,3355,2862,493
113000414,7950,12280,-4330
113000415,2509,3238,-729
113000416,8745,4387,4358
113000417,2502,3208,-706
113000418,4238,3158,1080
113000419,1346,1692,-346
113000420,3711,4659,-948
113000421,3947,6058,-2111
113000422,12527,10331,2196
113000423,2195,4223,-2028
113000424,3744,10019,-6275
113000425,14,96,-82
113000428,159,34,125
113000430,43,116,-73
113000432,2298,177,2121
113000433,92,852,-760
113000434,34,194,-160
113000435,60,611,-551
113000436,78,1099,-1021
113000437,689,28,661
113000438,322,23,299
113000439,55,134,-79
113000440,137,18,119
113000441,205,310,-105
113000442,143,202,-59
113000443,208,309,-101
113000444,160,307,-147
113000445,98,153,-55
113000446,34,92,-58
113000448,308,209,99
113000449,294,1988,-1694
113000450,737,6705,-5968
113000451,1671,182,1489
113000452,607,1147,-540
113000453,86,338,-252
113000454,3451,68,3383
113000455,132,202,-70
113000456,3909,2385,1524
113000468,2185,285,1900
113000469,337,135,202
113000470,435,27,408
113000471,15,578,-563
113000472,119,340,-221
113000474,486,773,-287
113000475,1672,2002,-330
113000476,1291,1955,-664
113000477,2488,2274,214
113000478,4266,6688,-2422
113000479,57,272,-215
113000485,8,0,8
113000486,19,1,18
113000487,2,6,-4
113000488,0,0,0
113000489,1,15,-14
113000490,0,0,0
113000491,9,13,-4
113000492,2,6,-4
113000493,2,0,2
113000495,220,243,-23
113000496,160,136,24
113000499,0,0,0
113900001,4,341,-337
113900002,3,175,-172
113900003,1,153,-152
113900004,4,102,-98
113900005,4,80,-76
113900006,4,63,-59
113900007,245,1,244
113900008,626,2,624
113900009,656,8,648
113900010,834,5,829
113900011,116,6,110
113900012,47,2,45
113900013,2186,21,2165
113900014,610,3,607
113900015,1,57,-56
113900016,43,0,43
113900017,5,43,-38
113900018,415,121,294
113900019,116,60,56
113900020,99,0,99
113900022,11,0,11
113900023,59,0,59
113900024,55,68,-13
113900025,206,19,187
113900026,28,0,28
113900027,5,46,-41
113900028,15,489,-474
113900029,52,232,-180
113900030,185,2,183
113900031,1,0,1
113900032,20,0,20
113900033,67,61,6
113900035,48,4,44
113900036,29,91,-62
113900037,105,490,-385
113900038,97,120,-23
113900039,140,6,134
113900040,8,6,2
113900041,5,0,5
113900042,83,27,56
113900043,263,143,120
113900044,461,261,200
113900045,79,4,75
113900046,227,556,-329
113900047,56,128,-72
113900048,262,83,179
113900049,716,430,286
113900050,197,322,-125
113900051,223,365,-142
113900052,149,144,5
113900053,538,565,-27
113900054,12,0,12
113900055,103,419,-316
113900056,67,182,-115
113900057,24,97,-73
113900058,71,180,-109
113900059,190,353,-163
113900060,88,224,-136
113900061,831,281,550
113900062,108,24,84
113900063,78,103,-25
113900064,36,144,-108
113900065,552,16,536
113900066,318,437,-119
113900067,92,318,-226
113900068,485,423,62
113900069,62,35,27
113900070,144,389,-245
113900071,53,61,-8
113900072,64,208,-144
113900073,237,444,-207
113900074,131,326,-195
113900075,1209,1216,-7
113900076,145,6,139
113900077,49,172,-123
113900078,37,81,-44
113900079,0,37,-37
113900080,383,207,176
113900081,80,281,-201
113900082,155,286,-131
113900083,200,427,-227
113900084,223,104,119
113900085,59,270,-211
113900086,10,33,-23
113900087,41,161,-120
113900088,58,82,-24
113900089,385,55,330
113900090,570,349,221
113900091,12,9,3
113900092,52,109,-57
113900093,101,703,-602
113900094,313,363,-50
113900095,95,120,-25
113900096,182,39,143
113900097,26,70,-44
113900098,542,80,462
113900099,0,67,-67
113900100,0,4,-4
113900101,26,61,-35
113900102,173,120,53
113900103,250,192,58
113900104,110,197,-87
113900105,61,280,-219
113900106,0,63,-63
113900107,2,31,-29
113900108,325,186,139
113900109,341,122,219
113900110,43,23,20
113900111,166,129,37
113900112,168,133,35
113900113,754,429,325
113900114,0,113,-113
113900115,0,105,-105
113900116,108,146,-38
113900117,147,33,114
113900118,227,270,-43
113900119,234,440,-206
113900120,51,39,12
113900121,38,71,-33
113900122,259,1747,-1488
113900123,418,205,213
113900124,2,76,-74
113900125,1276,164,1112
113900126,125,57,68
113900127,234,595,-361
113900128,144,61,83
113900129,12,119,-107
113900130,0,18,-18
113900131,170,104,66
113900132,103,53,50
113900133,24,99,-75
113900135,360,442,-82
113900136,91,79,12
113900137,477,277,200
113900138,41,133,-92
113900139,430,134,296
113900140,307,246,61
113900141,444,453,-9
113900142,148,63,85
113900143,10,36,-26
113900144,394,171,223
113900145,325,203,122
113900146,122,61,61
113900148,145,331,-186
113900149,180,102,78
113900150,690,492,198
113900151,333,231,102
113900152,20,41,-21
113900153,316,464,-148
113900154,2,122,-120
113900155,179,155,24
113900156,300,453,-153
113900157,61,275,-214
113900158,473,296,177
113900159,13,254,-241
113900160,495,591,-96
113900161,55,205,-150
113900162,578,540,38
113900163,254,263,-9
113900164,237,51,186
113900165,719,432,287
113900166,175,136,39
113900167,201,30,171
113900168,160,110,50
113900169,224,323,-99
113900171,161,50,111
113900172,12,234,-222
113900173,45,576,-531
113900174,391,533,-142
113900175,235,145,90
113900176,299,594,-295
113900177,363,206,157
113900178,322,104,218
113900179,14,513,-499
113900180,133,87,46
113900181,667,133,534
113900182,656,877,-221
113900183,51,57,-6
113900184,17,561,-544
113900185,208,85,123
113900186,25,47,-22
113900187,38,137,-99
113900188,41,115,-74
113900189,284,116,168
113900190,293,123,170
113900191,107,188,-81
113900192,2,302,-300
113900193,18,201,-183
113900194,1856,1073,783
113900195,338,368,-30
113900196,1,131,-130
113900197,1,194,-193
113900198,19,141,-122
113900199,132,702,-570
113900200,25,250,-225
113900201,0,196,-196
113900202,26,269,-243
113900203,3,152,-149
113900204,42,550,-508
113900205,10,137,-127
113900206,2,142,-140
113900207,3,65,-62
113900208,0,60,-60
113900209,1,97,-96
113900210,635,653,-18
113900211,193,67,126
113900212,172,464,-292
113900214,408,427,-19
113900215,93,75,18
113900216,72,975,-903
113900217,63,277,-214
113900218,154,93,61
113900219,126,375,-249
113900220,190,140,50
113900221,359,128,231
113900222,257,450,-193
113900223,142,1223,-1081
113900224,103,74,29
113900225,596,214,382
113900226,287,113,174
113900227,253,188,65
113900228,367,435,-68
113900229,65,600,-535
113900230,4399,2511,1888
113900231,168,174,-6
113900232,63,127,-64
113900233,54,61,-7
113900234,259,490,-231
113900235,89,27,62
113900236,63,362,-299
113900237,124,13,111
113900238,228,560,-332
113900239,69,67,2
113900240,7,114,-107
113900241,117,38,79
113900242,59,128,-69
113900243,113,430,-317
113900244,371,194,177
113900245,1332,282,1050
113900246,19,27,-8
113900247,169,345,-176
113900248,2812,1656,1156
113900249,1010,365,645
113900250,51,166,-115
113900251,511,236,275
113900252,415,12,403
113900253,640,57,583
113900254,910,127,783
113900255,332,20,312
113900256,403,32,371
113900257,30,641,-611
113900258,6,467,-461
113900259,478,190,288
113900260,136,11,125
113900261,27,103,-76
113900262,144,605,-461
113900263,200,727,-527
113900264,9,554,-545
113900265,199,233,-34
113900266,37,156,-119
113900267,124,434,-310
113900268,242,341,-99
113900269,76,175,-99
113900270,350,499,-149
113900271,561,1134,-573
113900273,118,17,101
113900274,67,54,13
113900275,31,54,-23
113900276,2,200,-198
113900277,129,2,127
113900278,258,178,80
113900279,64,87,-23
113900280,1401,498,903
113900281,614,1278,-664
113900282,732,502,230
113900283,500,500,0
113900284,749,176,573
113900285,132,29,103
113900286,16,109,-93
113900287,52,13,39
113900288,1,114,-113
113900289,1233,174,1059
113900290,469,195,274
113900291,116,235,-119
113900292,12,7,5
113900293,38,243,-205
113900294,441,21,420
113900295,394,410,-16
113900296,2079,362,1717
113900297,1858,47,1811
113900298,12,1772,-1760
113900299,106,252,-146
113900300,5074,2995,2079
113900301,907,336,571
113900302,2636,1115,1521
113900303,575,412,163
113900304,3,156,-153
113900305,86,0,86
113900306,24,0,24
113900307,137,0,137
113900308,63,137,-74
113900309,5,968,-963
113900310,2,10,-8
113900311,1,0,1
113900312,228,228,0
113900313,30,5,25
113900314,0,32,-32
113900315,35,1,34
114000001,1017,3138,-2121
114000002,216,468,-252
114000003,223,1091,-868
114000004,307,323,-16
114000005,249,240,9
114000006,2641,2193,448
114000007,590,1237,-647
114000008,1495,1557,-62
114000009,612,238,374
114000011,2393,3367,-974
114000012,1914,2248,-334
114000013,1358,1802,-444
114000014,564,576,-12
114000015,1594,449,1145
114000016,182,388,-206
114000017,137,259,-122
114000018,343,67,276
114000026,1396,1464,-68
114000027,2607,2138,469
114000028,2319,2792,-473
114000038,233,132,101
114000039,185,259,-74
114000040,81,178,-97
114000042,163,230,-67
114000043,346,258,88
114000044,227,271,-44
114000045,75,66,9
114000046,3102,4625,-1523
114000047,50,58,-8
114000048,156,145,11
114000049,1437,1532,-95
114000050,1495,2189,-694
114000051,3032,1752,1280
114000052,4486,1216,3270
114000053,82,395,-313
114000054,151,914,-763
114000055,407,25,382
114000056,989,810,179
114000057,7645,2156,5489
114000058,488,1197,-709
114000059,253,288,-35
114000060,841,873,-32
114000061,3612,2198,1414
114000062,2151,1017,1134
114000063,2722,1510,1212
114000064,5540,3267,2273
114000065,1890,2336,-446
114000066,414,653,-239
114000067,18,551,-533
114000068,426,613,-187
114000069,951,492,459
114000070,2062,1701,361
114000071,581,420,161
114000072,349,284,65
114000073,16,85,-69
114000074,58,21,37
114000075,61,136,-75
114000076,15,125,-110
114000077,15,35,-20
114000078,267,699,-432
114000079,92,35,57
114000080,97,83,14
114000081,99,93,6
114000082,60,576,-516
114000083,63,224,-161
114000084,233,84,149
114000085,119,630,-511
114000086,184,478,-294
114000087,65,204,-139
114000088,50,52,-2
114000089,1335,400,935
114000090,736,695,41
114000091,1333,744,589
114000092,930,478,452
114000093,932,837,95
114000094,532,396,136
114000095,333,140,193
114000096,171,311,-140
114000097,112,519,-407
114000098,418,116,302
114000099,500,782,-282
114000100,1080,765,315
114000101,357,745,-388
114000102,474,425,49
114000103,171,517,-346
114000104,26,242,-216
114000105,117,80,37
114000106,918,885,33
114000107,289,155,134
114000108,3253,1480,1773
114000109,451,1230,-779
114000110,565,1710,-1145
114000111,1394,663,731
114000112,467,2749,-2282
114000113,1315,481,834
114000114,1230,1817,-587
114000115,2215,929,1286
114000116,611,1344,-733
114000117,2136,431,1705
114000118,1984,460,1524
114000119,1482,444,1038
114000120,581,800,-219
114000121,566,695,-129
114000122,607,334,273
114000123,1519,346,1173
114000124,892,335,557
114000125,804,1510,-706
114000126,1588,220,1368
114000127,264,206,58
114000128,800,590,210
114000130,596,500,96
114000131,262,104,158
114000132,595,706,-111
114000133,825,1310,-485
114000134,64,159,-95
114000138,53,185,-132
114000139,560,229,331
114000144,681,413,268
114000145,92,157,-65
114000146,143,271,-128
114000147,1327,1461,-134
114000148,2290,1903,387
114000149,362,270,92
114000150,2075,1399,676
114000151,2042,1532,510
114000152,149,41,108
114000153,1296,1973,-677
114000154,1125,998,127
114000155,1376,2495,-1119
114000156,1176,534,642
114000157,319,1013,-694
114000158,1868,674,1194
114000159,182,409,-227
114000160,100,283,-183
114000161,1706,2506,-800
114000162,939,1954,-1015
114000163,11,104,-93
114000165,536,273,263
114000166,843,351,492
114000167,4125,1386,2739
114000168,760,547,213
114000169,1579,1037,542
114000170,1314,951,363
114000171,918,2792,-1874
114000174,245,428,-183
114000176,658,419,239
114000177,2219,859,1360
114000178,68,52,16
114000179,1239,911,328
114000180,567,693,-126
114000181,1624,3083,-1459
114000182,4785,2259,2526
114000183,1166,1202,-36
114000184,5663,1430,4233
114000185,1096,866,230
114000189,643,98,545
114000190,1906,264,1642
114000191,47,64,-17
114000192,304,1254,-950
114000193,823,2927,-2104
114000194,1275,1000,275
114000195,133,16,117
114000196,0,266,-266
114000197,982,122,860
114000198,1218,408,810
114000199,2250,1647,603
114000200,832,1942,-1110
114000201,227,892,-665
114000202,924,644,280
114000203,606,882,-276
114000204,138,472,-334
114000205,266,1665,-1399
114000206,497,1488,-991
114000207,1260,2040,-780
114000208,440,3045,-2605
114000209,602,2829,-2227
114000210,322,2011,-1689
114000211,1057,1649,-592
114000212,544,822,-278
114000213,1405,703,702
114000214,86,181,-95
114000215,178,83,95
114000216,1401,437,964
114000217,253,335,-82
114000218,110,292,-182
114000219,1232,242,990
114000220,49,1310,-1261
114000221,729,160,569
114000222,174,1289,-1115
114000223,445,134,311
114000224,102,696,-594
114000225,247,616,-369
114000226,119,255,-136
114000227,750,517,233
114000228,687,964,-277
114000229,934,1208,-274
114000230,1610,1316,294
114000231,755,1323,-568
114000232,564,139,425
114000233,1658,93,1565
114000234,1375,978,397
114000235,1137,1531,-394
114000236,1,522,-521
114000237,90,962,-872
114000238,178,224,-46
114000239,166,1255,-1089
114000240,729,721,8
114000241,249,1123,-874
114000242,1116,1014,102
114000243,1358,927,431
114000244,657,370,287
114000245,322,680,-358
114000246,239,51,188
114000247,702,750,-48
114000248,1046,596,450
114000249,477,652,-175
114000250,410,717,-307
114000251,256,343,-87
114000252,60,86,-26
114000253,47,154,-107
114000254,46,66,-20
114000255,742,226,516
114000256,1749,1380,369
114000257,853,1654,-801
114000258,271,412,-141
114000259,103,233,-130
114000260,1,49,-48
114000261,54,45,9
114000262,100,155,-55
114000263,27,6,21
114000264,806,497,309
114000265,0,0,0
114000267,4,1990,-1986
114000268,5,1736,-1731
114000270,233,1,232
114000271,690,92,598
114000283,989,433,556
114000285,22,256,-234
114000288,71,335,-264
114000289,1173,228,945
114000293,131,498,-367
114000294,223,297,-74
114000395,2011,65,1946
114000396,458,396,62
114000402,402,341,61
114000403,325,423,-98
114000405,105,562,-457
114000423,287,462,-175
114000424,355,163,192
114000425,510,504,6
114000426,267,865,-598
114000427,50,114,-64
114000428,237,182,55
114000429,16,199,-183
114000432,82,146,-64
114000434,37,81,-44
114000435,0,191,-191
114900001,604,1323,-719
114900002,565,66,499
114900003,492,1905,-1413
114900004,198,359,-161
114900005,449,979,-530
114900006,80,53,27
114900007,165,19,146
114900008,92,100,-8
114900010,2156,1977,179
114900011,137,154,-17
114900013,213,156,57
114900020,196,79,117
114900025,373,221,152
114900026,66,93,-27
114900029,115,46,69
114900030,343,218,125
114900031,348,42,306
114900032,254,54,200
114900034,60,231,-171
114900035,176,268,-92
114900036,295,899,-604
114900039,458,489,-31
114900040,73,155,-82
114900041,560,576,-16
114900042,685,746,-61
114900044,148,20,128
114900047,217,1466,-1249
114900048,81,384,-303
114900049,39,275,-236
114900050,75,441,-366
114900051,20,397,-377
114900052,37,194,-157
114900053,99,290,-191
114900054,41,113,-72
114900057,199,13,186
114900058,0,80,-80
114900059,60,34,26
114900063,59,208,-149
114900064,986,523,463
114900065,318,644,-326
114900067,72,380,-308
114900068,98,341,-243
114900069,195,116,79
114900070,485,493,-8
114900072,6,280,-274
114900073,1,179,-178
114900074,398,773,-375
114900075,173,4,169
114900076,13,347,-334
114900080,2345,450,1895
114900082,3996,1913,2083
114900083,1306,1145,161
114900090,296,258,38
114900091,141,172,-31
114900097,139,5,134
114900098,3,256,-253
114900099,207,3,204
115000001,7972,5192,2780
115000002,3640,3848,-208
115000003,4846,4294,552
115000004,3466,5527,-2061
115000005,1787,2730,-943
115000006,1115,1594,-479
115000007,157,234,-77
115000008,406,567,-161
115000009,241,350,-109
115000010,405,154,251
115000013,86,247,-161
115000015,122,418,-296
115000016,59,160,-101
115000019,40,498,-458
115000020,139,531,-392
115000021,251,490,-239
115000022,545,326,219
115000023,334,507,-173
115000024,1048,494,554
115000025,762,625,137
115000026,155,430,-275
115000027,249,208,41
115000028,195,771,-576
115000029,576,118,458
115000030,634,1000,-366
115000031,1220,201,1019
115000032,12,262,-250
115000033,186,52,134
115000034,142,974,-832
115000035,1038,88,950
115000036,0,429,-429
115000037,524,14,510
115000038,48,224,-176
115000039,3714,2754,960
115000040,6483,3404,3079
115000041,1574,2908,-1334
115000042,1003,631,372
115000043,3044,2148,896
115000044,3549,3965,-416
115000045,2454,2204,250
115000046,1963,2622,-659
115000047,1789,1910,-121
115000048,1617,2960,-1343
115000049,1664,3685,-2021
115000050,3066,2200,866
115000051,1577,2499,-922
115000052,2907,2005,902
115000053,1581,1575,6
115000054,747,1505,-758
115000055,173,513,-340
115000056,245,459,-214
115000057,665,754,-89
115000058,395,200,195
115000059,262,164,98
115000061,356,139,217
115000062,286,276,10
115000063,242,371,-129
115000064,262,106,156
115000065,80,447,-367
115000067,277,38,239
115000069,53,332,-279
115000070,37,998,-961
115000071,129,12,117
115000072,6,92,-86
115000073,1484,65,1419
115000075,97,102,-5
115000076,3788,3126,662
115000077,1729,2754,-1025
115000078,1037,1814,-777
115000079,1196,2204,-1008
115000080,2043,2687,-644
115000081,442,937,-495
115000082,3322,3542,-220
115000083,1934,2574,-640
115000084,1657,1278,379
115000085,680,970,-290
115000086,909,911,-2
115000087,511,1524,-1013
115000088,1572,694,878
115000089,1546,1384,162
115000090,583,1026,-443
115000091,319,1206,-887
115000092,477,409,68
115000093,454,2,452
115000094,7546,5230,2316
115000095,5793,5275,518
115000096,549,2004,-1455
115000097,715,909,-194
115000098,866,875,-9
115000099,2260,3205,-945
115000100,824,526,298
115000101,521,1639,-1118
115000102,448,229,219
115000103,381,815,-434
115000105,52,244,-192
115000106,450,329,121
115000107,131,626,-495
115000108,3703,2627,1076
115000109,4975,3591,1384
115000110,1344,1184,160
115000111,727,1726,-999
115000112,567,640,-73
115000113,611,800,-189
115000114,1602,820,782
115000116,3672,1839,1833
115000117,3897,2955,942
115000118,2215,1582,633
115000119,2112,2235,-123
115000120,659,1022,-363
115000121,1525,873,652
115000122,3071,1587,1484
115000123,1294,1666,-372
115000124,1198,943,255
115000125,467,597,-130
115000126,197,280,-83
115000127,601,108,493
115000128,677,810,-133
115000129,379,310,69
115000130,353,1003,-650
115000131,671,329,342
115000132,179,451,-272
115000133,477,432,45
115000134,291,216,75
115000135,294,252,42
115000136,215,244,-29
115000137,161,173,-12
115000138,275,341,-66
115000139,276,247,29
115000140,254,249,5
115000141,212,278,-66
115000142,133,333,-200
115000143,543,660,-117
115000144,506,102,404
115000145,238,441,-203
115000146,395,317,78
115000147,532,438,94
115000148,302,1224,-922
115000149,625,230,395
115000150,620,1025,-405
115000151,877,539,338
115000152,539,1410,-871
115000153,932,532,400
115000154,869,332,537
115000155,606,1037,-431
115000156,1381,654,727
115000157,1023,946,77
115000158,714,392,322
115000159,948,476,472
115000160,493,338,155
115000161,124,537,-413
115000162,677,713,-36
115000163,599,639,-40
115000164,624,569,55
115000165,437,389,48
115000167,215,83,132
115000168,811,340,471
115000169,839,318,521
115000170,289,137,152
115000171,522,285,237
115000172,1275,593,682
115000173,397,458,-61
115000174,185,355,-170
115000175,216,69,147
115000176,248,83,165
115000177,124,72,52
115000178,50,213,-163
115000179,36,13,23
115000180,148,665,-517
115000181,593,129,464
115000182,711,306,405
115000183,245,861,-616
115000186,672,273,399
115000187,165,820,-655
115000188,417,565,-148
115000189,232,439,-207
115000190,699,506,193
115000191,267,485,-218
115000194,178,197,-19
115000195,299,327,-28
115000196,137,149,-12
115000197,235,328,-93
115000198,271,193,78
115000199,269,246,23
115000200,322,104,218
115000201,166,414,-248
115000206,318,47,271
115000207,76,325,-249
115000208,393,621,-228
115000209,504,262,242
115000210,146,118,28
115000211,221,178,43
115000212,1726,260,1466
115000224,492,72,420
115000225,51,98,-47
115000229,185,142,43
115000230,71,341,-270
115000231,328,2214,-1886
115000232,1237,359,878
115000233,199,177,22
115000234,42,326,-284
115000241,65,308,-243
115000242,86,344,-258
115000243,36,263,-227
115000244,12,105,-93
115000246,46,20,26
115000247,61,20,41
115000248,29,19,10
115000249,38,15,23
115000250,334,35,299
115000251,182,126,56
115000252,112,213,-101
115000253,9,345,-336
115000258,295,185,110
115000259,315,162,153
115000261,9,26,-17
115000262,7,32,-25
115000263,16,74,-58
115000264,22,70,-48
115000267,54,69,-15
115000268,46,123,-77
115000269,141,73,68
115000270,9,18,-9
115000272,33,179,-146
115000273,292,26,266
115000280,2114,161,1953
115000281,447,711,-264
115000282,814,564,250
115000284,381,199,182
115000296,1106,15,1091
115000297,305,122,183
115000298,113,433,-320
115000300,209,167,42
115000302,537,155,382
115000303,548,112,436
115000304,619,76,543
115000305,83,869,-786
115000306,153,444,-291
115000307,72,250,-178
115000308,23,11,12
115000310,863,988,-125
115000311,654,1315,-661
115000313,96,761,-665
115000314,369,129,240
115000315,1110,500,610
115000316,51,99,-48
115000317,163,467,-304
115000318,830,319,511
115000319,55,375,-320
115000320,24,277,-253
115000321,534,4,530
115000322,33,253,-220
115000449,191,226,-35
115000557,6,1011,-1005
115000558,753,80,673
115000587,510,354,156
115000588,2833,3270,-437
115000589,3818,2688,1130
115000590,1138,1262,-124
115000591,1260,718,542
115000592,816,1698,-882
115000593,1488,669,819
115000594,859,2274,-1415
115000609,240,275,-35
115000617,1847,3090,-1243
115000624,154,61,93
115000633,421,2211,-1790
115000634,2556,825,1731
115000635,627,205,422
115000638,1043,783,260
115000641,54,82,-28
115000642,361,276,85
115000643,104,519,-415
115000644,123,371,-248
115000646,822,1358,-536
115000647,127,418,-291
115000648,1454,1908,-454
115000893,3719,1613,2106
115000894,147,1383,-1236
115000895,695,937,-242
115000896,1932,382,1550
115000897,478,166,312
115000898,535,235,300
115000899,747,1415,-668
115000900,138,469,-331
115000901,90,182,-92
115000912,371,130,241
115000913,4,9,-5
115000915,128,5,123
115000916,13,1,12
115000917,0,10,-10
115000918,60,235,-175
115000919,10,12,-2
115000920,145,67,78
115000921,823,191,632
115000922,2389,689,1700
115000923,775,1135,-360
115000925,81,74,7
115000927,36,67,-31
115000933,536,244,292
115000934,121,206,-85
115000935,80,114,-34
115000936,90,617,-527
115000937,1124,182,942
115000938,314,183,131
115000939,309,211,98
115000940,62,23,39
115000941,49,25,24
115000942,249,117,132
115000943,77,16,61
115000944,14,10,4
115900001,100,42,58
115900002,91,113,-22
115900003,141,129,12
115900004,3,94,-91
115900005,117,5,112
115900006,78,296,-218
115900008,57,15,42
115900009,94,276,-182
115900010,232,193,39
115900011,420,269,151
115900012,70,108,-38
115900013,359,138,221
115900014,123,137,-14
115900015,140,106,34
115900016,99,31,68
115900017,3,7,-4
115900018,162,84,78
115900019,35,16,19
115900020,53,2,51
115900021,1511,164,1347
115900022,1921,3,1918
115900023,89,6,83
115900025,52,184,-132
115900026,733,268,465
115900027,2,312,-310
115900028,594,55,539
115900029,6,448,-442
115900030,30,25,5
115900031,455,282,173
115900032,425,681,-256
115900033,2,46,-44
115900034,10,436,-426
115900035,73,19,54
115900036,165,586,-421
115900037,60,406,-346
115900038,52,10,42
115900039,113,224,-111
115900041,542,571,-29
115900042,50,9,41
115900043,101,106,-5
115900044,232,195,37
115900046,177,276,-99
115900047,163,81,82
115900049,141,226,-85
115900051,2,81,-79
115900052,14,295,-281
115900053,176,192,-16
115900054,180,59,121
115900055,20,157,-137
115900056,143,273,-130
115900057,75,7,68
115900058,63,47,16
115900060,71,102,-31
115900061,244,2,242
115900062,30,281,-251
115900063,80,13,67
115900064,196,313,-117
115900065,91,85,6
115900066,226,176,50
115900067,3,793,-790
115900068,3508,796,2712
115900069,37,208,-171
115900070,194,206,-12
115900071,1,402,-401
115900072,52,155,-103
115900073,55,53,2
115900074,4,403,-399
115900075,24,276,-252
115900076,4,66,-62
115900077,9,314,-305
115900078,65,123,-58
115900079,90,10,80
115900080,565,246,319
115900081,28,73,-45
115900082,103,140,-37
115900084,337,32,305
115900085,54,66,-12
115900086,1453,524,929
115900088,17,33,-16
115900089,255,781,-526
115900090,232,11,221
115900091,7,27,-20
115900092,14,215,-201
115900093,1,17,-16
115900094,5,400,-395
115900096,2,13,-11
115900097,14,454,-440
115900098,172,438,-266
115900099,88,67,21
115900100,7,666,-659
115900101,172,393,-221
115900102,50,86,-36
115900103,230,244,-14
115900104,62,108,-46
115900105,119,588,-469
115900106,55,28,27
115900107,42,136,-94
115900108,106,56,50
115900109,79,361,-282
115900110,7,29,-22
115900111,5,98,-93
115900112,38,829,-791
115900113,40,41,-1
115900114,2,142,-140
115900115,61,206,-145
115900116,73,862,-789
115900117,77,27,50
115900118,1,358,-357
115900119,118,104,14
115900120,26,350,-324
115900121,147,221,-74
115900124,133,509,-376
115900125,222,44,178
115900126,552,85,467
115900127,497,38,459
115900128,14,105,-91
115900129,563,55,508
115900130,23,258,-235
115900131,288,48,240
115900132,380,13,367
115900134,240,11,229
115900135,464,768,-304
115900137,26,3,23
115900139,65,64,1
115900140,203,25,178
115900141,6,47,-41
115900142,9,31,-22
115900143,266,262,4
115900144,62,239,-177
115900146,5,118,-113
115900147,247,218,29
115900148,64,6,58
115900149,59,25,34
115900150,73,83,-10
115900151,7,80,-73
115900152,86,309,-223
115900153,96,210,-114
115900154,463,344,119
115900155,0,51,-51
115900156,558,697,-139
115900157,115,436,-321
115900158,31,14,17
115900159,79,309,-230
115900160,6,5,1
115900161,107,176,-69
115900163,133,98,35
115900164,374,53,321
115900166,191,194,-3
115900168,118,153,-35
115900171,118,365,-247
115900172,65,143,-78
115900173,204,111,93
115900174,276,206,70
115900175,72,204,-132
115900178,4,685,-681
115900179,183,11,172
115900180,33,205,-172
115900181,154,248,-94
115900182,271,285,-14
115900183,107,24,83
115900184,1426,8,1418
115900187,6,124,-118
115900189,1,152,-151
115900190,292,951,-659
115900191,41,393,-352
115900192,6,84,-78
115900193,114,104,10
115900194,493,56,437
115900195,579,1500,-921
115900198,173,305,-132
115900199,166,233,-67
115900200,266,254,12
115900201,394,303,91
115900202,1,57,-56
115900203,2,13,-11
115900204,4,8,-4
115900205,175,33,142
115900206,143,143,0
115900207,31,27,4
115900208,115,217,-102
115900209,8,161,-153
115900210,4,116,-112
115900211,4,181,-177
115900212,123,222,-99
115900213,256,52,204
115900214,381,311,70
115900215,23,53,-30
115900216,4,68,-64
115900217,2,45,-43
115900218,0,37,-37
115900219,65,14,51
115900220,93,16,77
115900221,42,24,18
115900222,30,22,8
115900223,20,245,-225
115900224,1299,882,417
115900225,79,27,52
115900226,21,34,-13
115900227,5,38,-33
115900228,13,66,-53
115900229,8,48,-40
115900230,67,99,-32
115900231,113,3,110
115900232,83,3,80
115900233,77,7,70
115900234,60,17,43
115900235,36,24,12
115900236,69,25,44
115900237,19,26,-7
115900238,28,27,1
115900239,14,23,-9
115900240,6,48,-42
115900241,118,121,-3
115900242,275,355,-80
115900243,5,7,-2
115900244,3,12,-9
115900245,36,5,31
115900246,5,10,-5
115900247,31,14,17
115900248,9,6,3
115900249,4,22,-18
115900250,9,22,-13
115900251,4,14,-10
115900252,0,3,-3
115900253,10,9,1
115900254,20,15,5
115900255,3,23,-20
115900256,32,78,-46
115900257,2,8,-6
115900258,0,1,-1
115900259,5,2,3
115900260,13,4,9
115900261,11,3,8
115900262,2,1,1
115900263,10,4,6
115900264,6,7,-1
115900265,2,10,-8
115900266,4,12,-8
115900267,9,9,0
115900268,2,13,-11
115900269,359,394,-35
115900270,259,511,-252
115900271,82,0,82
115900272,24,2,22
115900273,7,20,-13
115900274,0,7,-7
115900275,2,17,-15
115900276,2,28,-26
115900277,0,70,-70
115900278,40,151,-111
115900279,18,139,-121
115900280,29,319,-290
115900281,631,258,373
115900282,33,18,15
115900283,10,22,-12
115900284,5,8,-3
116000001,11963,5722,6241
116000002,4218,9271,-5053
116000003,1471,1857,-386
116000004,2298,2927,-629
116000005,4506,3198,1308
116000006,3807,1852,1955
116000007,3345,3451,-106
116000008,3922,1772,2150
116000009,1849,2666,-817
116000010,2257,1184,1073
116000011,1050,2057,-1007
116000012,1126,891,235
116000013,15350,4736,10614
116000014,17870,12891,4979
116000015,405,1396,-991
116000016,7123,3519,3604
116000017,33,747,-714
116000018,643,414,229
116000019,1020,348,672
116000020,554,996,-442
116000021,407,343,64
116000022,456,406,50
116000023,1117,1009,108
116000024,710,1101,-391
116000025,867,581,286
116000026,2169,2245,-76
116000027,1288,638,650
116000028,513,836,-323
116000029,1117,733,384
116000030,770,529,241
116000031,156,248,-92
116000032,406,245,161
116000033,359,607,-248
116000034,1209,1291,-82
116000035,654,1089,-435
116000036,1830,848,982
116000037,767,555,212
116000038,894,370,524
116000039,641,312,329
116000040,2244,296,1948
116000041,305,490,-185
116000042,595,188,407
116000043,67,548,-481
116000044,19,93,-74
116000045,2223,1426,797
116000046,1511,1465,46
116000047,3126,3983,-857
116000048,2922,1867,1055
116000049,1097,2574,-1477
116000050,1304,2125,-821
116000051,5671,2428,3243
116000052,6528,5359,1169
116000053,3168,1442,1726
116000054,1547,2795,-1248
116000055,625,1652,-1027
116000056,902,1546,-644
116000057,4987,2199,2788
116000058,3662,2411,1251
116000059,3641,5696,-2055
116000060,3108,1113,1995
116000061,856,1211,-355
116000062,1160,350,810
116000063,933,1253,-320
116000066,247,615,-368
116000067,271,624,-353
116000068,293,284,9
116000069,214,456,-242
116000078,430,1136,-706
116000080,1684,1070,614
116000082,14,80,-66
116000083,1422,533,889
116000084,2029,4278,-2249
116000085,1908,1630,278
116000086,2387,1662,725
116000087,1590,1324,266
116000088,788,1085,-297
116000089,222,117,105
116000090,152,212,-60
116000091,275,296,-21
116000093,433,379,54
116000094,521,701,-180
116000095,713,618,95
116000096,667,1474,-807
116000097,877,850,27
116000098,199,5620,-5421
116000099,8227,402,7825
116000100,185,22,163
116000101,609,1062,-453
116000102,287,1481,-1194
116000103,394,274,120
116000104,231,1782,-1551
116000105,1190,191,999
116000106,641,1259,-618
116000107,2383,450,1933
116000108,490,220,270
116000111,201,35,166
116000113,102,115,-13
116000114,30,146,-116
116000115,189,103,86
116000116,289,507,-218
116000117,1244,1811,-567
116000118,921,1319,-398
116000119,2239,2096,143
116000120,2561,4312,-1751
116000121,782,592,190
116000122,1414,1759,-345
116000123,681,541,140
116000124,383,943,-560
116000125,1373,482,891
116000126,318,1599,-1281
116000127,1213,1545,-332
116000128,1359,802,557
116000129,522,179,343
116000130,368,247,121
116000133,651,1109,-458
116000134,1864,2439,-575
116000135,1935,1414,521
116000136,1311,2335,-1024
116000137,1034,616,418
116000138,626,507,119
116000139,2042,2536,-494
116000140,158,346,-188
116000141,326,883,-557
116000142,3759,3589,170
116000143,2276,1838,438
116000144,1394,2620,-1226
116000145,1567,1470,97
116000146,427,289,138
116000147,470,172,298
116000148,521,453,68
116000149,547,600,-53
116000151,859,733,126
116000153,106,994,-888
116000155,301,412,-111
116000156,420,938,-518
116000157,42,15,27
116000158,322,474,-152
116000159,13,20,-7
116000160,10,107,-97
116000161,1,82,-81
116000162,138,107,31
116000163,18,6,12
116000164,13,15,-2
116000177,370,155,215
116000194,111,459,-348
116000195,1879,694,1185
116000196,10,8,2
116000197,5,15,-10
116000198,2855,1252,1603
116000200,955,592,363
116000201,594,756,-162
116000202,19,345,-326
116000203,7,159,-152
116000204,11,72,-61
116000205,1,218,-217
116000206,10,132,-122
116000207,1,46,-45
116000233,195,685,-490
116000287,177,643,-466
116000288,238,271,-33
116000292,40,120,-80
116000296,15,229,-214
116000297,126,37,89
116000304,86,43,43
116000305,17,93,-76
116000346,164,99,65
116000352,110,24,86
116000354,46,7,39
116000357,15,11,4
116000358,251,62,189
116000361,543,0,543
116000372,10333,4059,6274
116000381,67,0,67
116000388,2,43,-41
116000389,957,536,421
116000445,301,699,-398
116000446,410,930,-520
116000447,39,628,-589
116000448,643,208,435
116000563,1255,1098,157
116000565,52,434,-382
116000568,52,108,-56
116000579,35,103,-68
116000584,22,7,15
116000585,44,22,22
116000586,141,148,-7
116000587,684,563,121
116000589,26,79,-53
116000590,53,95,-42
116000591,148,368,-220
116000592,30,120,-90
116000593,0,50,-50
116000594,427,423,4
116000595,582,167,415
116000596,106,9,97
116000597,283,72,211
116000598,11,172,-161
116000605,282,160,122
116000606,64,216,-152
116000607,4,60,-56
116000609,226,925,-699
116000611,109,606,-497
116000612,765,2143,-1378
116000613,569,407,162
116000614,445,715,-270
116000615,8,230,-222
116000616,40,116,-76
116000617,91,84,7
116000618,4,161,-157
116000619,45,56,-11
116000620,103,523,-420
116000621,34,112,-78
116000622,64,204,-140
116000624,232,92,140
116000627,75,133,-58
116000628,48,487,-439
116000629,27,344,-317
116000630,251,71,180
116000631,112,79,33
116000632,458,133,325
116000633,122,333,-211
116000634,317,183,134
116000635,3978,1839,2139
116000636,1917,1282,635
116000637,343,96,247
116000638,101,519,-418
116000639,111,3,108
116000640,19,15,4
116000641,34,192,-158
116000643,3,153,-150
116000644,43,625,-582
116000645,116,19,97
116900001,200,202,-2
116900002,235,2,233
116900003,23,70,-47
116900004,43,43,0
116900005,229,55,174
116900006,204,131,73
116900007,127,199,-72
116900008,329,386,-57
116900009,4,1,3
116900010,0,1536,-1536
116900011,17,38,-21
116900012,129,192,-63
116900013,8,132,-124
116900014,81,316,-235
116900015,334,67,267
116900016,137,0,137
116900017,1,550,-549
116900019,5,331,-326
116900020,1271,629,642
116900023,107,10,97
116900024,479,161,318
116900025,754,968,-214
116900026,142,625,-483
116900027,37,50,-13
116900028,5,130,-125
116900029,1,26,-25
116900031,0,9,-9
116900032,8,390,-382
116900033,20,44,-24
116900034,10,84,-74
116900035,111,232,-121
116900036,1,103,-102
116900038,38,3,35
116900041,10,13,-3
116900042,787,257,530
116900043,17,80,-63
116900047,57,90,-33
116900049,46,338,-292
116900050,82,481,-399
116900051,86,209,-123
116900052,298,58,240
116900055,1,3,-2
116900057,17,234,-217
116900058,30,401,-371
116900059,1,152,-151
116900060,174,215,-41
116900062,3,5,-2
116900064,88,896,-808
116900065,27,149,-122
116900067,92,115,-23
116900068,97,300,-203
116900070,2,1,1
116900072,24,428,-404
116900073,8,161,-153
116900074,4,45,-41
116900076,11,34,-23
116900077,10,199,-189
116900078,278,122,156
116900079,45,339,-294
116900080,10,15,-5
116900081,341,1494,-1153
116900082,441,947,-506
116900083,71,95,-24
116900084,263,66,197
116900085,37,167,-130
116900086,72,231,-159
116900088,351,62,289
116900090,141,75,66
116900091,225,52,173
116900092,85,892,-807
116900093,1522,2527,-1005
116900094,5319,4700,619
116900095,458,122,336
116900096,62,171,-109
116900097,4734,2224,2510
116900098,842,301,541
116900099,700,487,213
116900100,664,17,647
116900101,249,614,-365
116900103,4,1,3
116900104,58,105,-47
116900105,240,75,165
116900106,1333,173,1160
116900107,4777,2045,2732
116900110,13,0,13
116900111,325,478,-153
116900112,160,956,-796
116900113,1296,712,584
116900116,268,296,-28
116900117,86,108,-22
116900118,829,734,95
116900120,174,106,68
116900121,76,32,44
116900122,472,747,-275
116900123,107,781,-674
116900124,199,1200,-1001
116900125,196,247,-51
116900126,210,531,-321
116900128,0,39,-39
116900129,2,371,-369
116900130,831,3013,-2182
116900131,73,240,-167
116900132,35,88,-53
116900133,80,105,-25
116900134,252,240,12
116900136,165,156,9
116900137,375,181,194
116900138,205,200,5
116900139,103,340,-237
116900140,172,172,0
116900141,706,389,317
116900142,2,51,-49
116900143,220,439,-219
116900144,25,65,-40
116900145,148,283,-135
116900147,893,362,531
116900148,9,41,-32
116900149,35,231,-196
116900150,14,9,5
116900151,31,33,-2
116900153,94,93,1
116900154,801,421,380
116900155,77,83,-6
116900157,390,359,31
116900158,1085,218,867
116900159,55,421,-366
116900160,2751,339,2412
116900161,7543,5241,2302
116900163,172,174,-2
116900164,161,62,99
116900165,214,138,76
116900166,49,143,-94
116900167,439,79,360
116900168,361,71,290
116900169,1457,342,1115
116900170,273,429,-156
116900171,35,143,-108
116900172,253,213,40
116900173,165,54,111
116900174,35,48,-13
116900175,292,118,174
116900178,23,177,-154
116900179,71,190,-119
116900180,97,33,64
116900182,354,240,114
116900183,184,80,104
116900185,22,40,-18
116900186,38,189,-151
116900187,44,38,6
116900188,116,21,95
116900189,47,0,47
116900191,342,572,-230
116900192,180,137,43
116900194,209,879,-670
116900195,46,21,25
116900196,101,229,-128
116900197,73,10,63
116900198,204,143,61
116900200,51,46,5
116900201,84,19,65
116900202,160,166,-6
116900203,76,3,73
116900204,52,86,-34
116900206,5,37,-32
116900207,50,26,24
116900208,4,126,-122
116900209,56,107,-51
116900210,440,286,154
116900211,158,4,154
116900212,54,146,-92
116900213,189,191,-2
116900214,155,150,5
116900215,46,90,-44
116900216,362,174,188
116900218,12,319,-307
116900219,1131,517,614
116900220,112,230,-118
116900221,94,423,-329
116900222,314,374,-60
116900223,76,226,-150
116900226,62,63,-1
116900227,242,69,173
116900228,258,289,-31
116900230,77,745,-668
116900231,19,759,-740
116900232,738,165,573
116900233,490,479,11
116900234,16,3,13
116900235,389,443,-54
116900238,1560,430,1130
116900239,12,1030,-1018
116900240,6681,4459,2222
116900241,49,139,-90
116900242,1321,352,969
116900243,1,34,-33
116900245,30,16,14
116900246,117,42,75
116900247,442,19,423
116900248,112,38,74
116900249,233,169,64
116900250,210,58,152
116900251,616,534,82
116900252,332,1506,-1174
116900254,854,428,426
116900255,109,32,77
116900256,259,157,102
116900257,12,527,-515
116900258,3,335,-332
116900259,149,10,139
116900260,0,186,-186
116900261,38,0,38
116900262,161,148,13
116900263,0,10,-10
116900264,43,57,-14
116900265,23,0,23
116900266,10,42,-32
116900267,2,0,2
116900268,100,16,84
116900269,314,568,-254
116900271,1100,156,944
116900272,708,526,182
116900273,424,77,347
116900274,69,85,-16
116900275,162,233,-71
116900276,340,89,251
116900277,591,41,550
116900278,4,14,-10
116900279,8,24,-16
116900280,17,35,-18
116900281,7508,3476,4032
116900282,4,139,-135
116900283,18,167,-149
116900284,11,208,-197
116900285,316,455,-139
116900286,164,12,152
116900287,4,84,-80
116900288,57,156,-99
116900289,25,32,-7
116900290,2,27,-25
116900291,12,10,2
116900292,1,22,-21
116900293,71,96,-25
116900294,34,136,-102
116900295,765,39,726
116900296,325,50,275
116900297,11,138,-127
116900298,143,43,100
116900299,239,38,201
116900300,6,86,-80
116900301,112,118,-6
116900302,118,48,70
116900303,474,101,373
116900304,0,243,-243
116900305,33,136,-103
116900306,113,169,-56
116900307,56,0,56
116900308,2,219,-217
116900309,38,82,-44
116900310,16,64,-48
117000001,2192,2045,147
117000002,2933,5967,-3034
117000003,9641,3818,5823
117000004,5304,6551,-1247
117000005,2463,2069,394
117000006,1629,4938,-3309
117000007,3760,1436,2324
117000008,1430,5620,-4190
117000009,5085,2196,2889
117000010,3213,5401,-2188
117000011,1935,2025,-90
117000012,1472,1854,-382
117000013,2187,1208,979
117000014,2058,3129,-1071
117000015,4035,1540,2495
117000016,822,63,759
117000017,1131,122,1009
117000018,278,467,-189
117000019,335,26,309
117000020,426,1186,-760
117000021,2799,899,1900
117000022,803,66,737
117000023,1318,235,1083
117000024,737,102,635
117000025,1960,530,1430
117000026,6045,1034,5011
117000027,2481,2195,286
117000028,4462,1271,3191
117000030,723,726,-3
117000031,461,326,135
117000032,2928,1577,1351
117000033,1573,1115,458
117000034,634,466,168
117000035,371,363,8
117000036,519,512,7
117000037,350,314,36
117000038,377,800,-423
117000039,711,319,392
117000040,226,1035,-809
117000041,983,178,805
117000044,24,1012,-988
117000045,642,106,536
117000046,666,826,-160
117000047,1208,785,423
117000048,2217,1593,624
117000049,125,606,-481
117000050,213,2464,-2251
117000051,1976,173,1803
117000052,43,419,-376
117000053,374,67,307
117000054,1463,13,1450
117000055,137,3679,-3542
117000056,602,26,576
117000057,701,2657,-1956
117000060,537,1980,-1443
117000061,2113,1193,920
117000062,307,596,-289
117000063,2281,1077,1204
117000064,1011,1093,-82
117000066,1143,821,322
117000067,219,493,-274
117000074,179,239,-60
117000076,74,68,6
117000077,201,152,49
117000078,144,844,-700
117000079,403,289,114
117000080,0,413,-413
117000081,1086,137,949
117000082,28,94,-66
117000083,597,380,217
117000084,512,1,511
117000085,261,722,-461
117000086,803,645,158
117000087,142,522,-380
117000088,286,228,58
117000089,1389,328,1061
117000090,269,1557,-1288
117000091,771,365,406
117000092,407,1729,-1322
117000093,1189,838,351
117000094,1196,3412,-2216
117000095,3064,986,2078
117000096,597,2974,-2377
117000097,1060,1363,-303
117000098,2867,5738,-2871
117000099,2858,1312,1546
117000100,166,251,-85
117000101,227,1376,-1149
117000102,1335,857,478
117000103,849,1951,-1102
117000104,1219,753,466
117000105,907,1902,-995
117000106,974,987,-13
117000107,626,2233,-1607
117000108,1355,1053,302
117000109,1916,2778,-862
117000110,1458,930,528
117000111,4142,6124,-1982
117000112,2773,2297,476
117000113,156,263,-107
117000114,193,169,24
117000115,70,132,-62
117000116,115,259,-144
117000117,2199,764,1435
117000118,556,213,343
117000119,1385,190,1195
117000120,984,369,615
117000121,135,1348,-1213
117000122,521,1647,-1126
117000123,2367,35,2332
117000124,747,44,703
117000125,982,71,911
117000126,228,34,194
117000127,259,325,-66
117000128,754,746,8
117000129,1100,706,394
117000130,183,4,179
117000131,0,119,-119
117000132,2493,42,2451
117000133,1038,122,916
117000134,0,51,-51
117000135,0,30,-30
117000136,0,29,-29
117000137,77,99,-22
117000138,6,568,-562
117000140,582,1882,-1300
117000141,1519,780,739
117000181,605,254,351
117000182,409,500,-91
117000195,208,1206,-998
117000196,204,89,115
117000225,553,26,527
117000226,10,246,-236
117000276,224,9,215
117000277,0,494,-494
117000310,2329,3343,-1014
117000315,44,2377,-2333
117000320,142,0,142
117000906,225,7,218
117000907,6,385,-379
117000909,132,39,93
117000910,204,159,45
117000911,85,263,-178
117000915,6,688,-682
117000916,36,8,28
117000917,872,49,823
117000918,110,156,-46
117000919,4,133,-129
117000920,5,1350,-1345
117000921,3,1609,-1606
117000922,58,111,-53
117000924,836,1169,-333
117000926,1212,105,1107
117000927,1941,493,1448
117000928,0,132,-132
117000929,203,751,-548
117000930,260,33,227
117000931,345,128,217
117900002,226,508,-282
117900003,711,422,289
117900005,11,105,-94
117900006,0,37,-37
117900007,167,114,53
117900008,0,44,-44
117900010,1119,147,972
117900011,78,28,50
117900012,91,118,-27
117900013,0,206,-206
117900014,1803,180,1623
117900015,36,144,-108
117900016,1493,587,906
117900017,1660,514,1146
117900018,244,87,157
117900019,413,363,50
117900020,62,400,-338
117900021,36,82,-46
117900023,551,759,-208
117900024,112,84,28
117900025,37,13,24
117900026,311,419,-108
117900028,262,14,248
117900029,209,1247,-1038
117900031,678,130,548
117900032,745,600,145
117900033,194,1215,-1021
117900034,94,73,21
117900035,203,86,117
117900036,257,799,-542
117900037,79,127,-48
117900038,20,469,-449
117900039,6,64,-58
117900040,134,554,-420
117900041,9,53,-44
117900042,4740,532,4208
117900043,57,57,0
117900044,11,5941,-5930
117900045,240,144,96
117900048,257,354,-97
117900049,196,868,-672
117900050,16,77,-61
117900051,200,5,195
117900052,72,466,-394
117900053,1253,765,488
117900054,25,30,-5
117900055,135,673,-538
117900056,494,31,463
117900057,1226,1413,-187
117900058,173,16,157
117900059,797,143,654
117900060,1874,5874,-4000
117900061,64,542,-478
117900063,398,293,105
117900065,893,1305,-412
117900066,3,98,-95
117900067,367,245,122
117900069,979,458,521
117900070,878,16,862
117900071,130,187,-57
117900073,328,464,-136
117900074,1010,27,983
117900075,133,75,58
117900076,37,77,-40
117900077,353,154,199
117900078,227,679,-452
117900080,181,47,134
117900081,532,471,61
117900082,333,319,14
117900083,294,616,-322
117900086,211,56,155
117900087,137,66,71
117900088,3284,2328,956
117900089,1567,573,994
117900090,1098,727,371
117900091,180,183,-3
117900092,57,45,12
117900093,69,64,5
117900094,22,23,-1
117900095,1045,748,297
117900096,72,266,-194
117900097,186,70,116
117900098,21,14,7
117900099,260,314,-54
117900100,141,2,139
117900101,439,1612,-1173
117900102,70,72,-2
117900103,71,1,70
117900104,37,139,-102
117900105,136,272,-136
117900106,81,61,20
117900107,12,1,11
117900109,394,365,29
117900110,61,2,59
117900111,329,13,316
117900112,46,15,31
117900113,5701,2094,3607
117900114,19,0,19
117900115,360,61,299
117900116,964,1053,-89
117900117,331,391,-60
117900118,54,0,54
117900119,132,261,-129
117900120,219,87,132
117900121,74,22,52
117900122,1162,2838,-1676
117900123,910,515,395
117900124,808,683,125
117900125,1744,1482,262
117900126,260,617,-357
117900127,527,609,-82
117900128,308,818,-510
117900129,147,0,147
117900130,883,489,394
117900131,2,115,-113
117900132,16,132,-116
117900133,7,141,-134
117900134,91,215,-124
117900135,10,196,-186
117900136,0,32,-32
117900137,52,320,-268
117900138,0,38,-38
117900139,145,123,22
117900140,5796,1269,4527
117900141,355,263,92
117900142,562,100,462
117900144,177,107,70
117900145,45,27,18
117900146,360,93,267
117900147,101,95,6
117900148,3723,1074,2649
117900149,63,172,-109
117900150,38,61,-23
117900151,61,106,-45
117900152,231,91,140
117900153,29,91,-62
117900154,577,803,-226
117900156,1073,898,175
117900157,104,620,-516
117900158,186,166,20
117900160,575,542,33
117900161,2707,2466,241
117900162,559,664,-105
117900163,310,37,273
117900165,2,14,-12
117900166,117,423,-306
117900168,70,250,-180
117900169,2,137,-135
117900170,2,47,-45
117900171,4,24,-20
117900172,14,36,-22
117900173,158,70,88
117900174,77,73,4
117900175,5,48,-43
117900176,31,48,-17
117900177,18,72,-54
117900178,92,42,50
117900180,308,63,245
117900181,140,211,-71
117900182,16,26,-10
117900183,49,201,-152
117900184,14,39,-25
117900185,22,44,-22
117900186,28,16,12
117900187,16,7,9
117900188,220,32,188
117900189,70,25,45
117900190,25,2,23
117900191,64,5,59
117900192,212,19,193
117900193,51,121,-70
117900194,2,5,-3
117900195,9,56,-47
117900196,24,43,-19
117900207,139,129,10
117900208,23,29,-6
117900209,225,199,26
117900210,130,247,-117
117900211,5,218,-213
117900212,93,216,-123
117900213,18,18,0
117900214,19,26,-7
117900215,46,50,-4
117900216,223,41,182
117900217,163,163,0
117900218,292,579,-287
117900219,100,79,21
117900220,503,243,260
117900222,202,347,-145
117900223,230,305,-75
118000001,1075,829,246
118000002,1711,2266,-555
118000003,5107,2473,2634
118000004,4813,2230,2583
118000005,5051,5076,-25
118000006,6402,10284,-3882
118000007,10379,2521,7858
118000008,8015,3226,4789
118000009,3030,3331,-301
118000010,5364,4224,1140
118000011,1159,2529,-1370
118000012,1279,2697,-1418
118000013,3735,3024,711
118000014,2274,3341,-1067
118000016,257,384,-127
118000017,321,556,-235
118000018,683,497,186
118000019,2740,1575,1165
118000020,1224,1908,-684
118000021,1033,2407,-1374
118000022,2119,750,1369
118000023,1238,322,916
118000024,1497,999,498
118000027,15593,10674,4919
118000029,982,686,296
118000032,1658,3302,-1644
118000033,3473,3761,-288
118000034,5988,2460,3528
118000035,2003,2421,-418
118000036,1870,1097,773
118000037,939,908,31
118000038,135,88,47
118000039,107,338,-231
118000040,1940,1695,245
118000041,2544,1590,954
118000045,1246,119,1127
118000046,2878,544,2334
118000047,3975,723,3252
118000048,5662,1344,4318
118000051,2747,613,2134
118000052,1848,451,1397
118000053,1101,714,387
118000054,2310,2192,118
118000055,1622,2476,-854
118000056,310,314,-4
118000057,191,499,-308
118000058,4417,1087,3330
118000059,3591,711,2880
118000060,1262,610,652
118000061,1113,1442,-329
118000062,767,280,487
118000063,502,415,87
118000064,1256,1190,66
118000065,5999,1953,4046
118000066,937,1311,-374
118000067,1626,873,753
118000068,2882,4142,-1260
118000069,5129,1172,3957
118000070,7953,2001,5952
118000071,4098,6697,-2599
118000072,4723,1037,3686
118000073,3969,541,3428
118000074,824,732,92
118000075,802,272,530
118000076,2256,1734,522
118000077,2055,1453,602
118000078,2184,2012,172
118000079,222,358,-136
118000080,1493,1003,490
118000081,2253,1035,1218
118000082,348,1092,-744
118000083,1748,1580,168
118000084,3042,1784,1258
118000086,328,633,-305
118000087,5444,2739,2705
118000088,1903,2023,-120
118000089,3768,2263,1505
118000090,2267,3217,-950
118000091,1430,2754,-1324
118000092,1248,554,694
118000093,148,848,-700
118000096,701,686,15
118000097,882,671,211
118000098,294,186,108
118000099,529,897,-368
118000101,1064,368,696
118000102,324,1333,-1009
118000107,2673,565,2108
118000108,633,2644,-2011
118000110,1,24,-23
118000111,1,618,-617
118000112,502,10,492
118000113,5,859,-854
118000114,442,13,429
118000115,16,21,-5
118000116,121,1,120
118000117,1566,1066,500
118000118,1280,763,517
118000119,978,1117,-139
118000120,2024,1417,607
118000121,165,549,-384
118000122,1884,387,1497
118000123,73,293,-220
118000125,2341,1005,1336
118000126,1410,1754,-344
118000127,2107,793,1314
118000128,772,1330,-558
118000129,1655,473,1182
118000130,3303,4697,-1394
118000131,1234,1211,23
118000132,2661,1959,702
118000133,1401,620,781
118000135,806,466,340
118000136,152,504,-352
118000137,983,86,897
118000138,360,553,-193
118000139,459,125,334
118000140,2669,4414,-1745
118000141,1858,2193,-335
118000142,1814,2363,-549
118000143,1750,1449,301
118000144,1497,1065,432
118000145,1873,2906,-1033
118000146,1419,1304,115
118000147,1002,1709,-707
118000148,570,1543,-973
118000149,777,1128,-351
118000150,311,440,-129
118000151,338,541,-203
118000153,1122,1744,-622
118000154,1275,1901,-626
118000155,1039,1743,-704
118000156,2804,2527,277
118000157,534,465,69
118000158,230,514,-284
118000159,23,102,-79
118000160,489,533,-44
118000161,467,746,-279
118000162,2138,1236,902
118000163,681,1228,-547
118000164,2537,2029,508
118000168,1433,420,1013
118000169,1534,1603,-69
118000170,4552,6128,-1576
118000171,319,670,-351
118000172,126,330,-204
118000173,1295,1312,-17
118000175,363,457,-94
118000176,293,519,-226
118000177,213,649,-436
118000178,125,70,55
118000179,1795,1282,513
118000180,879,1002,-123
118000181,1106,399,707
118000182,359,292,67
118000183,300,393,-93
118000184,696,1204,-508
118000185,1037,1022,15
118000186,766,993,-227
118000187,1066,743,323
118000188,1028,210,818
118000189,525,863,-338
118000190,35,12,23
118000191,20,20,0
118000192,517,296,221
118000193,321,487,-166
118000194,2727,1260,1467
118000195,1200,710,490
118000196,967,147,820
118000197,600,113,487
118000198,871,526,345
118000199,1603,468,1135
118000200,60,167,-107
118000201,1041,464,577
118000202,103,61,42
118000203,2527,431,2096
118000204,320,367,-47
118000205,555,506,49
118000206,285,243,42
118000207,1,113,-112
118000208,1474,1599,-125
118000209,1874,2062,-188
118000210,58,33,25
118000211,16,46,-30
118000213,1452,842,610
118000214,787,738,49
118000215,295,621,-326
118000216,1354,4939,-3585
118000217,44,100,-56
118000218,55,107,-52
118000219,544,442,102
118000220,2,40,-38
118000221,128,319,-191
118000222,65,14,51
118000223,29,64,-35
118000224,352,79,273
118000225,176,948,-772
118000226,1749,163,1586
118000227,956,541,415
118000228,158,169,-11
118000229,422,53,369
118000230,133,206,-73
118000231,75,194,-119
118000232,695,1006,-311
118000233,801,819,-18
118000234,343,230,113
118000236,544,377,167
118000237,76,507,-431
118000238,250,247,3
118000239,363,284,79
118000240,435,129,306
118000241,149,295,-146
118000242,339,720,-381
118000243,185,177,8
118000244,55,182,-127
118000246,0,9,-9
118000255,62,220,-158
118000256,95,243,-148
118000259,11,55,-44
118000260,255,136,119
118000261,24,101,-77
118000263,105,279,-174
118000266,1355,429,926
118000267,0,77,-77
118000268,974,2,972
118000270,60,28,32
118000271,277,377,-100
118000272,80,33,47
118000273,168,80,88
118000274,129,345,-216
118000276,337,375,-38
118000295,8,98,-90
118000298,106,369,-263
118000299,81,204,-123
118000301,0,62,-62
118000302,83,107,-24
118000311,356,113,243
118000312,316,209,107
118000313,35,180,-145
118000314,72,75,-3
118000315,21,38,-17
118000316,605,611,-6
118000325,25,55,-30
118000326,17,65,-48
118000331,14,58,-44
118000332,36,31,5
118000333,37,70,-33
118000335,305,2,303
118000336,0,251,-251
118000407,135,108,27
118000457,4,58,-54
118000465,3451,4107,-656
118000480,53,144,-91
118000489,98,361,-263
118000490,134,450,-316
118000492,292,275,17
118000510,109,14,95
118000514,186,369,-183
118000515,645,847,-202
118000517,436,333,103
118000524,721,207,514
118000525,995,771,224
118000530,21,84,-63
118000531,225,318,-93
118000532,219,357,-138
118000533,454,196,258
118000534,788,428,360
118000535,307,157,150
118000536,772,996,-224
118000537,27,80,-53
118000538,57,75,-18
118000539,24,62,-38
118000540,273,150,123
118000541,181,82,99
118000542,160,174,-14
118000543,153,200,-47
118000546,23,28,-5
118000553,0,2,-2
118000560,3244,1861,1383
118000562,17,277,-260
118000563,2558,1687,871
118000576,170,180,-10
118000577,286,296,-10
118000578,148,97,51
118000579,1077,1246,-169
118000583,0,0,0
118000595,212,126,86
118000596,0,58,-58
118000597,288,228,60
118000598,9,2,7
118000599,55,71,-16
118000600,4,10,-6
118000601,7,0,7
118000602,3,12,-9
118000603,0,76,-76
118000605,61,534,-473
118000606,40,47,-7
118900001,965,1126,-161
118900002,1053,853,200
118900003,246,12,234
118900004,60,53,7
118900005,83,4,79
118900006,131,1,130
118900007,17,3,14
118900008,1573,59,1514
118900009,39,33,6
118900010,55,7,48
118900011,150,32,118
118900012,540,240,300
118900013,488,88,400
118900015,231,84,147
118900016,9,11,-2
118900017,250,211,39
118900018,817,28,789
118900019,50,25,25
118900020,283,115,168
118900021,194,377,-183
118900022,119,104,15
118900023,182,112,70
118900024,73,159,-86
118900025,56,30,26
118900026,67,103,-36
118900027,459,321,138
118900028,144,178,-34
118900029,356,318,38
118900030,231,125,106
118900031,167,121,46
118900032,237,154,83
118900033,741,494,247
118900034,148,21,127
118900035,192,216,-24
118900036,873,737,136
118900037,895,247,648
118900038,364,245,119
118900039,358,215,143
118900040,179,222,-43
118900041,352,194,158
118900042,183,137,46
118900045,332,195,137
118900046,938,312,626
118900047,625,241,384
118900048,392,155,237
118900049,65,46,19
118900050,15,167,-152
118900051,196,82,114
118900052,612,226,386
118900053,37,87,-50
118900054,125,64,61
118900055,69,94,-25
118900056,56,203,-147
118900057,564,408,156
118900058,518,285,233
118900059,16,85,-69
118900060,43,160,-117
118900062,190,171,19
118900064,655,522,133
118900065,38,243,-205
118900066,94,106,-12
118900067,5129,3415,1714
118900068,9,585,-576
118900069,332,272,60
118900071,2,59,-57
118900072,395,428,-33
118900073,83,93,-10
118900074,114,206,-92
118900075,57,65,-8
118900076,295,75,220
118900077,201,179,22
118900078,68,16,52
118900079,47,213,-166
118900080,29,96,-67
118900081,75,40,35
118900082,588,139,449
118900083,37,13,24
118900084,12,22,-10
118900085,577,1069,-492
118900086,19,52,-33
118900087,19,230,-211
118900088,1,13,-12
118900089,36,16,20
118900090,465,483,-18
118900091,127,164,-37
118900092,90,135,-45
118900093,136,14,122
118900096,199,236,-37
118900097,230,690,-460
118900099,70,287,-217
118900100,114,194,-80
118900101,74,448,-374
118900102,42,55,-13
118900103,28,98,-70
118900104,110,132,-22
118900105,165,137,28
118900107,132,98,34
118900108,112,77,35
118900110,1362,746,616
118900111,350,526,-176
118900112,95,183,-88
118900113,71,558,-487
118900114,24,76,-52
118900115,93,273,-180
118900116,114,172,-58
118900117,105,173,-68
118900118,237,441,-204
118900119,125,346,-221
118900120,119,395,-276
118900121,15,219,-204
118900122,14,942,-928
118900123,102,267,-165
118900124,75,147,-72
118900126,29,365,-336
118900129,316,188,128
118900130,144,167,-23
118900131,140,264,-124
118900132,643,190,453
118900133,16,115,-99
118900135,263,219,44
118900136,224,706,-482
118900137,9,40,-31
118900139,226,411,-185
118900140,516,875,-359
118900141,78,215,-137
118900144,159,606,-447
118900145,22,173,-151
118900146,304,889,-585
118900147,368,152,216
118900148,76,52,24
118900150,143,580,-437
118900152,463,922,-459
118900157,157,188,-31
118900158,81,100,-19
118900159,0,180,-180
118900161,125,3,122
118900163,201,88,113
118900164,16,94,-78
118900165,39,228,-189
118900166,39,3,36
118900167,75,134,-59
118900168,5,81,-76
118900169,122,436,-314
118900170,107,169,-62
118900171,17,61,-44
118900174,65,68,-3
118900175,327,572,-245
118900176,139,272,-133
118900177,38,84,-46
118900178,42,141,-99
118900179,9,31,-22
118900181,70,125,-55
118900182,69,61,8
118900183,38,98,-60
118900184,518,81,437
118900185,148,161,-13
118900186,100,96,4
118900187,220,290,-70
118900188,301,288,13
118900189,46,841,-795
118900190,12,484,-472
118900191,146,58,88
118900192,172,19,153
118900193,371,12,359
118900195,344,838,-494
118900196,33,176,-143
118900197,83,101,-18
118900198,19,36,-17
118900199,80,58,22
118900200,24,10,14
118900201,29,23,6
118900202,14,66,-52
118900203,10,38,-28
118900204,17,28,-11
118900205,1,29,-28
118900206,3,31,-28
119000001,1504,1447,57
119000002,3906,2726,1180
119000003,2020,1422,598
119000004,2466,1669,797
119000005,1861,2293,-432
119000006,2553,1844,709
119000007,3749,3541,208
119000008,2283,2123,160
119000009,3764,4321,-557
119000010,7547,4280,3267
119000011,4216,2605,1611
119000012,3212,3195,17
119000013,2021,1412,609
119000014,2829,3554,-725
119000019,307,165,142
119000020,1887,1401,486
119000021,3646,2396,1250
119000022,3123,2563,560
119000023,370,259,111
119000024,1985,8711,-6726
119000025,10603,1371,9232
119000026,140,257,-117
119000027,340,382,-42
119000028,2156,1402,754
119000029,116,292,-176
119000030,473,964,-491
119000031,921,1072,-151
119000032,1823,2468,-645
119000033,2128,1590,538
119000034,1327,974,353
119000035,30,401,-371
119000036,1512,1154,358
119000037,1301,1796,-495
119000038,292,1159,-867
119000039,370,416,-46
119000040,1110,544,566
119000041,949,1471,-522
119000048,3481,3727,-246
119000049,1771,3225,-1454
119000050,1549,2657,-1108
119000051,1920,1117,803
119000052,2034,3366,-1332
119000053,1745,1207,538
119000054,2884,4047,-1163
119000055,3139,3874,-735
119000056,2039,2284,-245
119000057,1251,2473,-1222
119000058,1741,2276,-535
119000059,1166,1826,-660
119000060,1282,1000,282
119000061,968,925,43
119000062,1266,1479,-213
119000063,390,555,-165
119000064,1682,1642,40
119000065,2094,3630,-1536
119000066,2197,1324,873
119000067,2045,2719,-674
119000068,1632,1311,321
119000069,1531,2684,-1153
119000070,2062,1291,771
119000071,514,738,-224
119000072,6659,3558,3101
119000073,5443,6551,-1108
119000074,1134,3726,-2592
119000075,1684,2679,-995
119000076,453,935,-482
119000077,1084,465,619
119000078,483,271,212
119000079,181,679,-498
119000080,201,41,160
119000081,294,393,-99
119000082,669,226,443
119000083,466,310,156
119000084,271,463,-192
119000085,525,324,201
119000086,216,355,-139
119000087,1857,1070,787
119000088,255,273,-18
119000090,150,190,-40
119000091,102,292,-190
119000092,481,259,222
119000093,3933,3297,636
119000094,2731,6653,-3922
119000095,1407,3003,-1596
119000097,2553,1738,815
119000098,708,2252,-1544
119000099,2257,1858,399
119000100,2794,2605,189
119000101,4120,1872,2248
119000102,1120,823,297
119000103,1985,473,1512
119000104,3032,1543,1489
119000105,947,1538,-591
119000106,431,1771,-1340
119000107,661,527,134
119000108,409,1254,-845
119000109,140,312,-172
119000110,606,277,329
119000111,65,507,-442
119000112,282,92,190
119000113,2536,319,2217
119000114,755,1104,-349
119000115,198,200,-2
119000116,228,127,101
119000117,180,358,-178
119000118,0,1,-1
119000123,5609,647,4962
119000124,839,253,586
119000125,2535,960,1575
119000126,855,898,-43
119000127,508,724,-216
119000128,33,4,29
119000131,763,950,-187
119000132,2,3,-1
119000133,3,3,0
119000134,3094,737,2357
119000135,119,217,-98
119000136,179,232,-53
119000137,135,442,-307
119000138,317,398,-81
119000139,198,247,-49
119000140,136,334,-198
119000284,1583,3341,-1758
119000285,2560,2537,23
119000286,8131,6181,1950
119000287,1475,2839,-1364
119000288,2281,1700,581
119000289,3919,4251,-332
119000290,138,536,-398
119000291,8,428,-420
119000293,185,312,-127
119000294,54,56,-2
119000295,2129,523,1606
119000296,327,386,-59
119000302,3716,1751,1965
119000303,223,131,92
119000310,0,0,0
119000314,1387,7480,-6093
119000315,1,645,-644
119000316,87,125,-38
119000317,52,473,-421
119000319,165,240,-75
119900001,203,1117,-914
119900002,147,329,-182
119900003,67,1129,-1062
119900004,347,713,-366
119900005,125,159,-34
119900006,180,414,-234
119900007,1231,229,1002
119900008,181,29,152
119900009,585,645,-60
119900010,1190,1059,131
119900011,12,76,-64
119900012,27,101,-74
119900013,1697,733,964
119900014,704,237,467
119900015,72,34,38
119900016,30,106,-76
119900017,31,44,-13
119900018,2316,691,1625
119900019,27,9,18
119900020,139,170,-31
119900021,151,57,94
119900022,143,401,-258
119900023,766,1159,-393
119900025,126,30,96
119900026,740,94,646
119900027,84,49,35
119900028,235,83,152
119900029,1,5,-4
119900030,396,537,-141
119900031,58,345,-287
119900033,1907,209,1698
119900034,277,129,148
119900037,167,47,120
119900038,35,233,-198
119900039,58,7,51
119900040,176,7,169
119900041,62,34,28
119900042,207,145,62
119900043,85,175,-90
119900044,222,620,-398
119900046,75,77,-2
119900047,186,54,132
119900048,150,64,86
119900049,157,14,143
119900050,74,109,-35
119900051,836,23,813
119900052,38,38,0
119900053,170,191,-21
119900054,95,3,92
119900055,878,420,458
119900057,179,94,85
119900058,201,5,196
119900059,175,73,102
119900060,219,15,204
119900061,204,3,201
119900062,39,21,18
119900063,11,52,-41
119900065,241,4,237
119900067,97,37,60
119900068,293,1,292
119900069,56,14,42
119900070,656,4,652
119900071,467,14,453
119900073,1939,715,1224
119900074,98,31,67
119900075,6007,2206,3801
119900076,530,455,75
119900077,574,1201,-627
119900078,487,1188,-701
119900079,464,342,122
119900080,453,302,151
119900081,335,160,175
119900082,958,135,823
119900083,366,129,237
119900084,814,212,602
119900085,109,108,1
119900086,393,1216,-823
119900087,854,353,501
119900088,46,50,-4
119900089,21,642,-621
119900090,184,73,111
119900091,74,1394,-1320
119900092,53,359,-306
119900093,871,261,610
119900094,86,229,-143
119900095,241,105,136
119900096,44,115,-71
119900097,762,179,583
119900098,42,65,-23
119900099,26,258,-232
119900100,2766,2301,465
119900101,256,1061,-805
119900102,59,344,-285
119900103,27,455,-428
119900104,33,289,-256
119900105,853,1290,-437
119900106,39,239,-200
119900107,465,3892,-3427
119900108,2262,645,1617
119900109,39,262,-223
119900110,476,739,-263
119900111,57,387,-330
119900112,2858,574,2284
119900113,89,409,-320
119900114,183,1545,-1362
119900115,220,1430,-1210
119900116,140,474,-334
119900117,219,969,-750
119900118,49,1227,-1178
119900119,147,256,-109
119900120,451,680,-229
119900121,320,1284,-964
119900122,653,451,202
119900123,237,402,-165
119900124,172,1199,-1027
119900125,47,412,-365
119900126,4787,290,4497
119900127,2982,1152,1830
119900128,435,825,-390
119900129,236,800,-564
119900130,39,294,-255
119900131,36,375,-339
119900132,4,350,-346
119900133,33,56,-23
119900134,2532,286,2246
119900135,1,431,-430
119900136,140,500,-360
119900138,365,668,-303
119900139,94,106,-12
119900140,1,134,-133
119900141,160,721,-561
119900142,0,24,-24
119900143,13,247,-234
119900144,2533,303,2230
119900145,140,248,-108
119900146,193,183,10
119900147,4,134,-130
119900148,164,62,102
119900149,1745,3194,-1449
119900150,148,203,-55
119900151,1798,593,1205
119900152,94,456,-362
119900153,126,82,44
119900154,18,833,-815
119900155,31,37,-6
119900156,23,4,19
119900157,102,242,-140
119900158,108,107,1
119900159,6,1821,-1815
119900160,34,193,-159
119900161,241,247,-6
119900162,713,804,-91
119900163,171,174,-3
119900164,1,2,-1
119900165,128,238,-110
119900166,46,47,-1
119900167,156,127,29
119900168,691,556,135
119900169,102,265,-163
119900170,224,247,-23
119900171,1002,489,513
119900172,141,22,119
119900173,15,501,-486
119900174,1,184,-183
119900175,1012,871,141
119900177,37,288,-251
119900178,6,157,-151
119900179,132,343,-211
119900180,973,809,164
119900181,59,84,-25
119900182,3,457,-454
119900183,118,818,-700
119900184,2884,719,2165
119900185,38,155,-117
119900186,79,626,-547
119900187,12,449,-437
119900188,59,379,-320
119900189,494,371,123
119900190,60,249,-189
119900191,314,122,192
119900192,37,173,-136
119900193,276,224,52
119900194,12,61,-49
119900195,16,182,-166
119900196,1393,431,962
119900197,112,146,-34
119900198,135,359,-224
119900199,134,29,105
119900200,561,630,-69
119900201,331,152,179
119900202,190,205,-15
119900203,158,422,-264
119900204,282,378,-96
119900205,490,653,-163
119900206,149,170,-21
119900208,198,186,12
119900209,493,1023,-530
119900210,36,42,-6
119900211,91,18,73
119900212,183,448,-265
119900213,7,61,-54
119900214,29,107,-78
119900215,63,111,-48
119900216,14,106,-92
119900217,12,70,-58
119900218,26,66,-40
119900219,16,146,-130
119900220,7,132,-125
119900221,32,442,-410
119900222,34,304,-270
119900223,19,106,-87
119900224,19,40,-21
119900225,1232,55,1177
119900226,689,1564,-875
119900227,1066,409,657
119900228,169,273,-104
119900229,354,530,-176
119900230,1605,630,975
119900231,191,207,-16
119900232,177,85,92
119900233,39,5,34
119900234,52,50,2
119900235,29,34,-5
119900236,27,249,-222
119900237,55,457,-402
119900238,0,77,-77
119900240,75,216,-141
119900241,219,301,-82
119900242,1442,1896,-454
119900244,837,1445,-608
119900245,137,158,-21
119900246,241,505,-264
119900247,17,89,-72
119900248,73,134,-61
119900249,164,110,54
119900253,3427,424,3003
119900254,71,505,-434
119900255,73,482,-409
119900256,360,1091,-731
119900257,60,0,60
119900258,92,16,76
119900259,10,183,-173
119900260,75,2,73
119900261,214,206,8
119900262,2,264,-262
119900263,1089,460,629
119900264,70,234,-164
119900265,430,452,-22
119900266,223,257,-34
119900267,196,403,-207
119900268,202,252,-50
119900269,822,1303,-481
119900271,6,97,-91
119900272,292,92,200
119900275,89,9,80
119900276,33,2,31
119900277,7,1,6
119900278,292,92,200
119900279,96,288,-192
119900280,1091,216,875
119900281,0,202,-202
119900282,55,75,-20
119900283,10,335,-325
119900284,72,312,-240
119900285,36,64,-28
119900286,8,21,-13
119900288,3,66,-63
119900289,0,55,-55
119900290,4,75,-71
119900291,0,46,-46
119900292,28,40,-12
119900293,21,132,-111
119900294,55,87,-32
119900295,27,68,-41
119900296,39,366,-327
119900297,1,11,-10
119900298,4,6,-2
119900299,30,191,-161
119900300,195,223,-28
119900301,94,18,76
119900302,29,80,-51
119900303,186,227,-41
119900304,135,44,91
119900305,20,150,-130
119900306,15,1,14
119900307,21,100,-79
119900308,7,20,-13
119900309,21,112,-91
119900310,390,337,53
119900311,54,154,-100
119900312,90,107,-17
119900313,238,394,-156
119900314,113,331,-218
119900315,990,2555,-1565
119900318,5,29,-24
119900319,4,373,-369
119900320,83,672,-589
119900321,72,2,70
120000001,7991,14753,-6762
120000002,2606,3255,-649
120000003,3846,1846,2000
120000004,3246,2516,730
120000005,4710,2118,2592
120000006,1359,1642,-283
120000007,3961,3092,869
120000008,1171,1528,-357
120000009,4235,1155,3080
120000010,1958,3077,-1119
120000011,1106,2263,-1157
120000012,1535,2953,-1418
120000013,2493,3000,-507
120000014,672,1890,-1218
120000015,2886,1837,1049
120000016,3305,2925,380
120000017,2901,2516,385
120000018,4513,9405,-4892
120000019,909,1559,-650
120000020,3408,3303,105
120000021,1944,2252,-308
120000022,2550,3791,-1241
120000023,971,2051,-1080
120000024,1439,2568,-1129
120000025,2349,2588,-239
120000026,1264,2125,-861
120000027,1457,2345,-888
120000028,1390,681,709
120000029,5112,663,4449
120000030,561,1230,-669
120000031,1765,8651,-6886
120000032,9661,4793,4868
120000033,5087,2421,2666
120000034,1854,2581,-727
120000035,1871,2785,-914
120000036,2681,5077,-2396
120000037,721,1468,-747
120000038,8772,3462,5310
120000039,595,1011,-416
120000040,127,231,-104
120000041,2006,1668,338
120000042,1748,3096,-1348
120000043,4369,2374,1995
120000044,4475,1683,2792
120000045,4604,1192,3412
120000046,2101,2585,-484
120000047,1572,4481,-2909
120000048,7836,4258,3578
120000049,3995,3301,694
120000050,4374,5303,-929
120000051,3188,4670,-1482
120000052,12568,2694,9874
120000053,1183,3815,-2632
120000054,1454,5783,-4329
120000055,1820,6069,-4249
120000056,3159,3966,-807
120000057,2521,667,1854
120000058,3867,375,3492
120000059,32,1520,-1488
120000061,151,616,-465
120000062,294,400,-106
120000063,1974,2867,-893
120000064,280,1707,-1427
120000065,785,1988,-1203
120000066,220,530,-310
120000067,65,560,-495
120000068,203,1095,-892
120000069,862,1684,-822
120000070,66,1030,-964
120000071,309,295,14
120000072,564,675,-111
120000073,561,99,462
120000074,215,67,148
120000075,734,292,442
120000076,1674,418,1256
120000077,1599,678,921
120000078,3038,1151,1887
120000079,385,709,-324
120000080,233,386,-153
120000081,402,243,159
120000082,241,293,-52
120000083,175,659,-484
120000084,409,502,-93
120000085,380,454,-74
120000086,349,848,-499
120000087,263,1082,-819
120000088,854,1519,-665
120000089,929,556,373
120000090,639,648,-9
120000091,700,1159,-459
120000092,964,646,318
120000093,361,578,-217
120000094,189,715,-526
120000095,927,649,278
120000096,279,1070,-791
120000098,505,1052,-547
120000099,215,808,-593
120000100,689,1318,-629
120000101,671,552,119
120000102,443,707,-264
120000103,1288,740,548
120000104,1439,490,949
120000105,2214,791,1423
120000106,1755,699,1056
120000107,2913,629,2284
120000108,1067,147,920
120000109,1157,113,1044
120000110,129,1185,-1056
120000111,141,1429,-1288
120000112,899,4031,-3132
120000113,741,3018,-2277
120000114,1027,3548,-2521
120000115,377,2797,-2420
120000116,636,2330,-1694
120000117,1461,1715,-254
120000118,58,48,10
120000119,42,90,-48
120000120,85,73,12
120000121,94,72,22
120000122,308,244,64
120000123,6290,4875,1415
120000124,517,659,-142
120000125,500,788,-288
120000126,385,687,-302
120000127,2262,885,1377
120000128,4230,2816,1414
120000129,317,406,-89
120000130,924,931,-7
120000131,400,666,-266
120000134,396,1350,-954
120000135,407,549,-142
120000137,202,1992,-1790
120000138,647,652,-5
120000139,233,995,-762
120000140,571,686,-115
120000141,328,563,-235
120000142,590,723,-133
120000143,3,112,-109
120000144,76,6,70
120000145,311,4,307
120000146,2570,1036,1534
120000149,542,1230,-688
120000150,4505,10871,-6366
120000151,394,639,-245
120000152,381,222,159
120000153,154,726,-572
120000154,407,557,-150
120000155,155,365,-210
120000156,1740,963,777
120000157,878,724,154
120000158,795,1044,-249
120000159,2086,2754,-668
120000160,2422,1653,769
120000161,1926,2981,-1055
120000162,97,287,-190
120000163,521,1569,-1048
120000164,383,485,-102
120000165,499,1094,-595
120000166,1076,598,478
120000167,44,44,0
120000168,7,170,-163
120000169,39,428,-389
120000170,58,349,-291
120000171,14,106,-92
120000172,79,97,-18
120000173,4248,424,3824
120000174,912,19,893
120000175,1148,30,1118
120000176,727,31,696
120000177,1669,138,1531
120000178,233,12,221
120000179,593,18,575
120000180,699,62,637
120000181,195,283,-88
120000182,121,203,-82
120000183,11,156,-145
120000184,89,684,-595
120000186,131,226,-95
120000187,135,74,61
120000188,673,145,528
120000190,1700,29,1671
120000191,1713,45,1668
120000192,1248,24,1224
120000193,435,11,424
120000195,70,2,68
120000196,293,43,250
120000197,85,197,-112
120000198,125,91,34
120000199,95,2,93
120000200,88,2,86
120000201,4,26,-22
120000202,1,51,-50
120000203,23,261,-238
120000207,0,76,-76
120000208,9,356,-347
120000209,4,124,-120
120000210,184,261,-77
120000211,46,0,46
120000212,80,0,80
120000213,48,251,-203
120000214,1,261,-260
120000215,5,156,-151
120000216,30,3,27
120000217,713,1057,-344
120000218,220,888,-668
120000219,7,582,-575
120000220,16,2058,-2042
120000225,1019,1,1018
120000226,326,1,325
120000227,716,39,677
120000228,5942,2509,3433
120000230,269,10,259
120000231,955,2669,-1714
120000233,220,32,188
120000235,157,855,-698
120000236,751,0,751
120000237,3,2035,-2032
120000238,4,199,-195
120000241,1176,3814,-2638
120000412,1601,17,1584
120000413,306,429,-123
120000414,108,3,105
120000415,3,220,-217
120000416,128,16,112
120000417,3,115,-112
120000418,92,11,81
120000419,15,482,-467
120000420,305,114,191
120000421,12454,6183,6271
120000422,188,802,-614
120000423,2,59,-57
120000424,67,163,-96
120000436,129,575,-446
120000437,215,199,16
120000438,4884,417,4467
120000439,162,427,-265
120000443,141,0,141
120000444,1024,707,317
120000445,1580,1479,101
120000446,1090,428,662
120000447,152,7,145
120000449,64,22,42
120000450,11,424,-413
120000451,96,284,-188
120000452,27,0,27
120000453,0,394,-394
120000454,148,194,-46
120000455,72,103,-31
120000456,2775,3510,-735
120000457,988,862,126
120000458,592,807,-215
120000459,69,123,-54
120000665,2264,254,2010
120000668,108,263,-155
120000669,35,230,-195
120000670,360,351,9
120000671,1039,434,605
120000672,176,661,-485
120900001,43,102,-59
120900002,629,386,243
120900003,343,39,304
120900004,7,69,-62
120900005,7,1201,-1194
120900006,336,214,122
120900007,93,171,-78
120900008,165,1416,-1251
120900009,1346,93,1253
120900010,351,103,248
120900011,375,164,211
120900012,677,875,-198
120900013,295,79,216
120900014,3,678,-675
120900015,671,70,601
120900016,631,51,580
120900017,3266,111,3155
120900018,89,492,-403
120900019,467,220,247
120900020,867,1176,-309
120900021,569,159,410
120900022,58,344,-286
120900023,147,23,124
120900024,1684,422,1262
120900025,1967,1043,924
120900026,201,209,-8
120900027,1053,58,995
120900028,284,67,217
120900029,203,372,-169
120900030,988,678,310
120900031,186,62,124
120900032,651,119,532
120900033,929,51,878
120900034,17,2395,-2378
120900035,30,59,-29
120900037,171,13,158
120900038,53,208,-155
120900039,92,41,51
120900040,233,3,230
120900041,179,48,131
120900042,349,65,284
120900043,52,38,14
120900044,7,411,-404
120900045,136,113,23
120900046,352,6,346
120900047,145,49,96
120900048,67,6,61
120900049,262,1,261
120900050,3272,1164,2108
120900051,247,110,137
120900052,448,4,444
120900053,160,111,49
120900054,1800,697,1103
120900055,296,1,295
120900056,409,24,385
120900057,97,26,71
120900058,355,0,355
120900059,76,2,74
120900060,57,41,16
120900061,264,347,-83
120900062,153,0,153
120900063,500,3,497
120900064,357,2,355
120900065,317,1,316
120900066,198,296,-98
120900067,174,70,104
120900068,180,1,179
120900069,139,107,32
120900071,8,1,7
120900072,621,0,621
120900073,349,252,97
120900074,405,13,392
120900076,236,0,236
120900077,3759,327,3432
120900078,577,1255,-678
120900079,523,98,425
120900080,536,2542,-2006
120900081,772,1258,-486
120900082,538,371,167
120900083,106,2,104
120900084,218,294,-76
120900085,153,206,-53
120900086,134,268,-134
120900087,347,287,60
120900088,214,303,-89
120900089,4618,1932,2686
120900090,156,222,-66
120900091,661,613,48
120900092,1745,907,838
120900093,3927,300,3627
120900094,665,220,445
120900095,630,30,600
120900096,32,255,-223
120900097,737,1104,-367
120900098,366,217,149
120900099,80,80,0
120900100,120,401,-281
120900101,997,394,603
120900102,38,176,-138
120900103,46,207,-161
120900104,18,56,-38
120900105,33,756,-723
120900106,1555,647,908
120900107,278,169,109
120900108,16,930,-914
120900109,67,767,-700
120900110,11,1475,-1464
120900111,199,448,-249
120900112,5,1316,-1311
120900113,19,1026,-1007
120900114,50,190,-140
120900115,204,255,-51
120900116,286,573,-287
120900117,1,690,-689
120900118,5,1046,-1041
120900119,3176,7793,-4617
120900120,70,722,-652
120900121,134,521,-387
120900122,309,808,-499
120900123,3,587,-584
120900124,4,812,-808
120900125,1,985,-984
120900126,1834,1046,788
120900127,24,701,-677
120900128,1227,1537,-310
120900129,72,343,-271
120900130,0,306,-306
120900131,45,95,-50
120900132,614,306,308
120900133,169,1282,-1113
120900134,1090,443,647
120900135,10,674,-664
120900136,28,56,-28
120900137,176,124,52
120900138,21,232,-211
120900139,7,834,-827
120900140,2,69,-67
120900141,140,126,14
120900142,17,779,-762
120900143,4,1041,-1037
120900144,1,150,-149
120900145,151,1038,-887
120900146,4,1103,-1099
120900147,3,587,-584
120900148,95,173,-78
120900149,0,376,-376
120900150,29,758,-729
120900151,2,760,-758
120900152,0,41,-41
120900153,19,100,-81
120900154,2,356,-354
120900155,145,1199,-1054
120900156,38,524,-486
120900157,48,315,-267
120900158,35,610,-575
120900159,179,421,-242
120900160,34,628,-594
120900161,37,505,-468
120900162,34,562,-528
120900163,38,361,-323
120900164,23,3,20
120900165,17,31,-14
120900166,195,173,22
120900167,435,93,342
120900169,84,520,-436
120900170,2470,2262,208
120900171,1125,449,676
120900172,1733,455,1278
120900173,0,60,-60
120900174,14,122,-108
120900175,409,214,195
120900176,15,314,-299
120900177,0,848,-848
120900178,0,318,-318
120900179,1249,532,717
120900180,124,174,-50
120900181,503,125,378
120900182,18,787,-769
120900183,385,233,152
120900184,136,78,58
120900185,14,318,-304
120900186,1,594,-593
120900187,350,901,-551
120900188,165,25,140
120900189,188,916,-728
120900190,37,8,29
120900191,7,22,-15
120900192,13818,4944,8874
120900194,36,94,-58
120900195,142,289,-147
120900196,1220,47,1173
120900197,499,95,404
120900198,258,596,-338
120900199,276,298,-22
120900200,94,133,-39
120900201,550,135,415
120900202,2,254,-252
120900203,34,117,-83
120900204,211,398,-187
120900205,51,106,-55
120900206,14,32,-18
120900207,71,1372,-1301
121000001,1506,1104,402
121000002,4560,2468,2092
121000003,3638,1902,1736
121000004,3074,7936,-4862
121000005,2692,2871,-179
121000006,3630,1805,1825
121000007,4174,2629,1545
121000008,9630,4051,5579
121000009,6911,5955,956
121000010,11004,6990,4014
121000011,7998,12128,-4130
121000012,14533,10994,3539
121000013,5168,7215,-2047
121000014,7581,7401,180
121000015,5786,7127,-1341
121000016,5095,5259,-164
121000017,2154,3832,-1678
121000018,2102,1832,270
121000019,18129,11408,6721
121000020,11903,13443,-1540
121000021,4359,3214,1145
121000022,2531,2557,-26
121000023,4025,3272,753
121000024,4323,4376,-53
121000025,676,1701,-1025
121000026,395,181,214
121000027,1472,1103,369
121000028,881,440,441
121000029,1198,661,537
121000030,764,360,404
121000031,772,621,151
121000032,208,117,91
121000034,868,230,638
121000035,402,127,275
121000036,2395,1228,1167
121000037,975,555,420
121000038,885,620,265
121000039,675,415,260
121000041,692,419,273
121000042,354,350,4
121000043,931,647,284
121000044,2100,794,1306
121000045,402,310,92
121000046,660,802,-142
121000047,951,211,740
121000049,2065,577,1488
121000050,449,1124,-675
121000051,1249,348,901
121000052,597,638,-41
121000053,476,95,381
121000054,52,332,-280
121000055,1499,1075,424
121000056,894,1097,-203
121000057,417,456,-39
121000058,378,141,237
121000059,1972,1458,514
121000060,480,1012,-532
121000061,281,134,147
121000062,158,350,-192
121000063,975,655,320
121000064,853,849,4
121000065,614,375,239
121000066,779,508,271
121000067,1200,285,915
121000068,951,301,650
121000069,537,374,163
121000070,2934,1164,1770
121000071,1961,1256,705
121000072,1550,725,825
121000073,1747,779,968
121000074,161,161,0
121000075,61,86,-25
121000076,1117,376,741
121000077,173,170,3
121000078,170,159,11
121000080,2465,622,1843
121000081,2233,3850,-1617
121000082,200,291,-91
121000083,272,119,153
121000084,204,154,50
121000085,267,546,-279
121000086,176,799,-623
121000087,91,270,-179
121000088,291,552,-261
121000089,329,337,-8
121000090,546,321,225
121000091,1315,677,638
121000092,220,95,125
121000093,149,239,-90
121000094,414,777,-363
121000095,397,593,-196
121000096,2116,2232,-116
121000097,1282,1935,-653
121000098,527,1218,-691
121000099,644,862,-218
121000100,1089,582,507
121000101,385,297,88
121000102,273,326,-53
121000103,175,294,-119
121000104,259,149,110
121000105,305,258,47
121000106,293,361,-68
121000107,2769,3589,-820
121000109,1555,1185,370
121000110,296,798,-502
121000114,3014,2109,905
121000115,1030,788,242
121000116,395,872,-477
121000117,874,317,557
121000118,1320,230,1090
121000119,1213,645,568
121000120,200,464,-264
121000121,816,969,-153
121000123,1562,480,1082
121000127,229,152,77
121000128,967,510,457
121000129,868,529,339
121000130,522,980,-458
121000131,2520,1803,717
121000132,1458,1524,-66
121000135,348,285,63
121000136,1689,446,1243
121000137,372,220,152
121000138,1582,547,1035
121000139,932,57,875
121000141,424,142,282
121000142,830,851,-21
121000143,92,25,67
121000144,818,1280,-462
121000145,826,1122,-296
121000146,1591,835,756
121000147,1267,513,754
121000148,1069,1025,44
121000149,2750,1476,1274
121000152,517,902,-385
121000153,1700,908,792
121000154,948,1093,-145
121000155,1280,1527,-247
121000156,414,1250,-836
121000157,1250,2657,-1407
121000158,449,855,-406
121000159,197,601,-404
121000160,331,563,-232
121000161,143,318,-175
121000162,67,217,-150
121000165,1490,1554,-64
121000166,24,718,-694
121000168,783,295,488
121000169,54,148,-94
121000170,316,158,158
121000171,42,141,-99
121000172,606,595,11
121000173,1263,1059,204
121000174,296,491,-195
121000175,1005,446,559
121000176,454,252,202
121000177,1605,621,984
121000178,174,81,93
121000179,116,78,38
121000181,461,482,-21
121000182,69,175,-106
121000183,72,89,-17
121000184,165,81,84
121000185,55,142,-87
121000186,187,271,-84
121000187,166,225,-59
121000188,188,253,-65
121000192,738,334,404
121000193,792,650,142
121000194,2713,2170,543
121000195,469,1016,-547
121000196,1319,354,965
121000197,541,582,-41
121000198,593,87,506
121000199,387,351,36
121000200,1033,93,940
121000201,9,199,-190
121000202,908,122,786
121000203,949,1835,-886
121000204,3241,679,2562
121000205,284,255,29
121000206,190,24,166
121000207,2342,487,1855
121000208,4,386,-382
121000209,359,325,34
121000210,455,485,-30
121000211,293,167,126
121000212,336,764,-428
121000213,8286,3288,4998
121000214,755,3872,-3117
121000215,1325,757,568
121000216,846,1042,-196
121000217,5671,4492,1179
121000218,954,1903,-949
121000219,2752,524,2228
121000220,406,50,356
121000221,135,265,-130
121000222,3294,2382,912
121000223,1336,425,911
121000224,524,207,317
121000225,4028,1539,2489
121000226,10829,1479,9350
121000227,0,66,-66
121000228,23,644,-621
121000229,336,349,-13
121000230,59,1672,-1613
121000231,874,48,826
121000232,348,314,34
121000233,751,406,345
121000234,45,62,-17
121000235,119,87,32
121000236,20,74,-54
121000237,31,15,16
121000238,3,87,-84
121000239,58,4,54
121000240,13,337,-324
121000241,125,11,114
121000242,74,260,-186
121000243,562,195,367
121000244,18,78,-60
121000245,159,22,137
121000246,7,99,-92
121000247,87,5,82
121000248,1495,817,678
121000249,178,254,-76
121000250,924,141,783
121000251,19,492,-473
121000252,119,70,49
121000253,942,478,464
121000254,1463,295,1168
121000255,318,154,164
121000256,546,201,345
121000257,138,74,64
121000258,574,57,517
121000259,190,52,138
121000260,299,155,144
121000261,396,59,337
121000262,981,1238,-257
121000263,421,509,-88
121000271,287,1662,-1375
121000273,288,11,277
121000274,44,52,-8
121000275,2,19,-17
121000276,7,34,-27
121000278,243,71,172
121000279,89,12,77
121000280,129,38,91
121000289,124,14,110
121000290,1298,763,535
121000294,164,130,34
121000297,1159,1657,-498
121000299,665,300,365
121000300,554,643,-89
121000302,106,1024,-918
121000303,708,507,201
121000304,533,56,477
121000305,158,45,113
121000306,120,139,-19
121000308,228,500,-272
121000309,605,786,-181
121000310,176,356,-180
121000311,88,946,-858
121000312,300,219,81
121000313,410,669,-259
121000314,138,165,-27
121000315,68,183,-115
121000530,1483,1402,81
121000531,1506,1548,-42
121000532,6487,6522,-35
121000533,2727,3126,-399
121000918,142,207,-65
121000919,84,34,50
121000938,347,336,11
121000939,353,290,63
121000956,913,1562,-649
121000957,4,3,1
121000958,230,30,200
121000959,690,877,-187
121000960,3311,2145,1166
121000961,265,164,101
121000962,404,1197,-793
121000963,0,0,0
121000973,1,87,-86
121000976,13,205,-192
121000979,317,105,212
121000981,405,332,73
121000982,511,236,275
121000983,529,360,169
121000984,31,62,-31
121000985,596,714,-118
121000986,950,303,647
121000987,289,1403,-1114
121000988,861,170,691
121001302,380,185,195
121001308,3,12,-9
121001309,179,89,90
121001313,522,275,247
121001314,3228,4292,-1064
121001315,4541,2596,1945
121001326,502,448,54
121900001,133,199,-66
121900002,154,21,133
121900003,349,14,335
121900004,164,371,-207
121900005,23,5,18
121900006,128,22,106
121900007,1862,2906,-1044
121900008,391,101,290
121900009,471,18,453
121900010,201,0,201
121900011,178,348,-170
121900012,16,3,13
121900013,1858,57,1801
121900014,1319,397,922
121900015,178,186,-8
121900016,8,65,-57
121900017,438,525,-87
121900018,353,7,346
121900019,345,289,56
121900020,41,2,39
121900021,817,23,794
121900022,293,207,86
121900023,79,253,-174
121900024,367,118,249
121900025,494,335,159
121900026,249,30,219
121900027,313,105,208
121900028,262,40,222
121900029,147,138,9
121900030,646,819,-173
121900031,1060,8377,-7317
121900032,101,82,19
121900033,151,143,8
121900034,666,69,597
121900035,2293,2229,64
121900036,83,336,-253
121900037,167,521,-354
121900038,39,168,-129
121900039,461,37,424
121900040,39,88,-49
121900041,67,146,-79
121900042,405,131,274
121900043,16,11,5
121900044,197,71,126
121900046,228,210,18
121900047,186,69,117
121900048,12,146,-134
121900050,20,38,-18
121900051,145,166,-21
121900052,106,27,79
121900053,469,548,-79
121900054,549,904,-355
121900055,3,6,-3
121900058,254,151,103
121900059,477,171,306
121900060,101,329,-228
121900062,133,95,38
121900063,2121,338,1783
121900064,315,618,-303
121900066,100,23,77
121900067,56,46,10
121900069,178,110,68
121900070,345,76,269
121900071,229,209,20
121900072,60,214,-154
121900073,285,209,76
121900074,568,968,-400
121900075,1140,393,747
121900076,1262,591,671
121900078,87,25,62
121900079,0,0,0
121900080,792,285,507
121900082,66,129,-63
121900084,13,237,-224
121900086,21,34,-13
121900087,164,108,56
121900088,1441,2592,-1151
121900089,218,374,-156
121900090,20,124,-104
121900091,72,179,-107
121900092,82,69,13
121900093,116,76,40
121900094,5,12,-7
121900095,159,130,29
121900096,1315,596,719
121900097,591,131,460
121900098,3,0,3
121900099,238,61,177
121900100,222,329,-107
121900101,126,119,7
121900102,5,112,-107
121900103,1246,218,1028
121900104,1177,373,804
121900105,229,179,50
121900106,5,8,-3
121900107,33,33,0
121900108,1,22,-21
121900109,321,169,152
121900110,365,1078,-713
121900111,1429,97,1332
121900112,184,111,73
121900113,101,778,-677
121900114,27,83,-56
121900117,274,52,222
121900118,2191,549,1642
121900119,154,171,-17
121900120,53,1678,-1625
121900121,459,43,416
121900122,17,42,-25
121900123,142,450,-308
121900124,88,142,-54
121900125,763,1161,-398
121900127,14,96,-82
121900128,133,71,62
121900129,618,153,465
121900130,97,145,-48
121900131,354,69,285
121900132,70,90,-20
121900133,108,527,-419
121900134,70,140,-70
121900135,2053,272,1781
121900136,267,455,-188
121900137,28,421,-393
121900138,109,169,-60
121900139,478,389,89
121900140,92,179,-87
121900141,86,20,66
121900142,101,114,-13
121900143,4,102,-98
121900144,136,229,-93
121900145,151,193,-42
121900146,600,775,-175
121900147,70,143,-73
121900148,187,232,-45
121900149,344,605,-261
121900150,82,119,-37
121900151,76,229,-153
121900152,109,122,-13
121900153,122,512,-390
121900154,17,208,-191
121900155,0,107,-107
121900156,111,77,34
121900157,1,417,-416
121900158,76,93,-17
121900159,2,193,-191
121900160,103,240,-137
121900161,387,275,112
121900162,146,112,34
121900163,239,623,-384
121900164,411,166,245
121900165,236,157,79
121900166,392,153,239
121900167,161,109,52
121900168,222,184,38
121900169,3,253,-250
121900170,4,284,-280
121900171,556,502,54
121900172,472,255,217
121900173,840,236,604
121900174,40,57,-17
121900175,381,108,273
121900176,772,1403,-631
121900177,125,63,62
121900178,79,76,3
121900179,456,145,311
121900180,4588,3557,1031
121900182,912,291,621
121900183,789,560,229
121900184,53,506,-453
121900186,6,262,-256
121900187,52,138,-86
121900188,497,637,-140
121900189,31,79,-48
121900190,479,551,-72
121900191,97,231,-134
121900192,323,587,-264
121900193,73,156,-83
121900194,1,131,-130
121900195,77,60,17
121900196,1069,1162,-93
121900197,424,1716,-1292
121900198,864,1550,-686
121900199,4,16,-12
121900200,198,219,-21
121900201,1039,679,360
121900202,163,457,-294
121900203,163,777,-614
121900204,743,1615,-872
121900205,31,93,-62
121900206,13,11,2
121900207,163,34,129
121900208,232,319,-87
121900209,43,24,19
121900210,1807,1028,779
121900211,384,893,-509
121900212,184,115,69
121900213,146,91,55
121900214,6,371,-365
121900215,72,72,0
121900216,88,88,0
121900217,189,92,97
121900218,167,441,-274
121900220,109,15,94
121900221,341,679,-338
121900222,279,119,160
121900223,160,33,127
121900224,105,38,67
121900225,346,110,236
121900226,202,205,-3
121900227,172,479,-307
121900228,211,480,-269
121900230,200,88,112
121900231,316,357,-41
121900232,290,412,-122
121900233,226,182,44
121900234,460,299,161
121900235,443,195,248
121900236,365,180,185
121900237,134,244,-110
121900238,120,287,-167
121900239,153,35,118
121900240,170,94,76
121900241,50,51,-1
121900242,4,0,4
121900243,6,0,6
121900244,20,2,18
121900245,164,43,121
121900246,2137,270,1867
121900248,1221,1091,130
121900250,229,268,-39
121900251,252,38,214
121900252,456,107,349
121900253,277,1044,-767
121900254,488,211,277
121900255,222,73,149
121900258,2878,2161,717
121900259,323,690,-367
121900260,36,159,-123
121900261,187,605,-418
121900262,352,1235,-883
121900263,180,379,-199
121900264,1903,1756,147
121900265,265,334,-69
121900266,341,178,163
121900267,54,50,4
121900269,130,560,-430
121900270,26,234,-208
121900271,46,107,-61
121900273,941,2356,-1415
121900274,258,202,56
121900277,506,931,-425
121900278,113,718,-605
121900279,184,169,15
121900280,261,284,-23
121900281,422,119,303
121900284,65,14,51
121900286,126,132,-6
121900287,14,18,-4
121900288,33,2,31
121900290,251,256,-5
121900291,421,643,-222
121900292,202,134,68
121900293,1038,2748,-1710
121900294,247,4,243
121900295,106,351,-245
121900296,105,69,36
121900298,578,633,-55
121900299,0,1,-1
121900300,98,1,97
121900301,90,5,85
121900302,0,43,-43
121900303,852,281,571
121900304,0,10,-10
121900305,2,2,0
121900306,49,1,48
121900307,39,29,10
121900308,25,292,-267
121900309,17,236,-219
121900310,27,453,-426
121900311,356,33,323
121900312,215,31,184
121900313,595,30,565
121900314,2,73,-71
121900315,9,0,9
121900316,0,21,-21
121900317,8,3,5
121900318,4,28,-24
121900319,40,244,-204
121900320,63,132,-69
121900321,7,0,7
121900322,1,36,-35
121900323,20,12,8
121900324,13,94,-81
121900325,14,3,11
121900326,3,23,-20
121900327,6,74,-68
121900328,0,24,-24
121900329,2,224,-222
121900330,1,35,-34
121900331,7,3,4
121900332,56,61,-5
121900333,37,5,32
121900334,223,77,146
122000001,2439,4361,-1922
122000002,4939,1634,3305
122000003,1955,2328,-373
122000004,3261,1454,1807
122000005,2507,1476,1031
122000006,2139,711,1428
122000007,1629,1903,-274
122000008,4530,5402,-872
122000009,565,354,211
122000010,2106,3126,-1020
122000011,2958,1112,1846
122000012,1570,1239,331
122000013,2703,1376,1327
122000014,1583,1976,-393
122000015,1301,1032,269
122000016,595,842,-247
122000017,1177,1089,88
122000018,1417,1134,283
122000019,841,1258,-417
122000020,173,174,-1
122000021,495,334,161
122000022,1441,1250,191
122000023,759,2705,-1946
122000024,850,903,-53
122000025,2552,1421,1131
122000026,1470,898,572
122000027,577,4795,-4218
122000028,738,385,353
122000029,431,344,87
122000031,207,327,-120
122000032,2043,3753,-1710
122000033,1133,1053,80
122000034,983,458,525
122000035,336,1109,-773
122000036,657,584,73
122000037,338,239,99
122000038,321,383,-62
122000039,275,288,-13
122000040,989,1116,-127
122000041,576,597,-21
122000042,550,546,4
122000043,156,130,26
122000044,127,203,-76
122000045,2097,442,1655
122000046,882,1163,-281
122000047,376,247,129
122000048,3841,4703,-862
122000049,6240,2589,3651
122000050,2106,769,1337
122000051,492,322,170
122000052,711,331,380
122000053,223,672,-449
122000054,2846,1852,994
122000055,3502,2812,690
122000056,5052,3988,1064
122000057,3382,3349,33
122000058,4073,1058,3015
122000059,3320,1538,1782
122000060,909,652,257
122000061,607,448,159
122000062,1981,582,1399
122000063,1753,619,1134
122000064,3781,2579,1202
122000065,5419,2695,2724
122000066,571,446,125
122000067,2676,1304,1372
122000068,1294,1665,-371
122000069,1187,689,498
122000070,641,4694,-4053
122000071,1241,1765,-524
122000072,281,273,8
122000073,998,664,334
122000074,2733,1566,1167
122000075,626,1563,-937
122000076,1816,1060,756
122000077,2296,648,1648
122000078,3047,2400,647
122000079,3129,1078,2051
122000080,1490,393,1097
122000081,264,392,-128
122000082,1370,747,623
122000083,1432,3904,-2472
122000084,1172,796,376
122000085,285,1995,-1710
122000086,2426,5800,-3374
122000087,329,176,153
122000088,328,318,10
122000089,7178,3430,3748
122000090,310,565,-255
122000091,518,41,477
122000092,282,16,266
122000093,2623,1014,1609
122000094,7638,1745,5893
122000095,2919,2732,187
122000096,2329,1944,385
122000098,3129,1701,1428
122000099,5406,733,4673
122000100,1416,839,577
122000101,309,1754,-1445
122000102,1618,1109,509
122000103,2239,1586,653
122000104,540,178,362
122000105,569,311,258
122000106,580,549,31
122000107,1001,482,519
122000108,518,690,-172
122000109,401,439,-38
122000110,378,425,-47
122000111,2830,1233,1597
122000112,865,1646,-781
122000113,659,632,27
122000114,6538,1963,4575
122000115,1684,2936,-1252
122000116,470,506,-36
122000117,1213,370,843
122000118,514,731,-217
122000119,3194,2273,921
122000120,2365,4386,-2021
122000121,2550,2661,-111
122000122,883,1399,-516
122000123,1936,1775,161
122000124,1006,485,521
122000125,595,696,-101
122000126,631,1011,-380
122000127,1199,1421,-222
122000128,670,784,-114
122000129,568,1444,-876
122000130,3216,1540,1676
122000131,1499,1677,-178
122000132,710,570,140
122000133,963,1605,-642
122000134,823,878,-55
122000135,882,778,104
122000136,838,601,237
122000137,1431,941,490
122000139,2273,3225,-952
122000140,1827,601,1226
122000141,4363,1065,3298
122000142,539,748,-209
122000143,479,591,-112
122000144,1686,1646,40
122000145,1788,832,956
122000146,618,1230,-612
122000147,1099,499,600
122000148,3021,1524,1497
122000149,2087,1546,541
122000150,1362,1032,330
122000151,226,419,-193
122000152,499,451,48
122000153,395,339,56
122000154,281,243,38
122000155,1512,2801,-1289
122000156,2094,1861,233
122000157,2443,1225,1218
122000158,435,669,-234
122000159,1090,1850,-760
122000160,3992,3133,859
122000161,1289,1244,45
122000162,2124,1864,260
122000163,234,61,173
122000164,30,62,-32
122000165,1153,726,427
122000166,1981,1365,616
122000167,253,187,66
122000168,223,539,-316
122000169,663,428,235
122000170,348,280,68
122000171,30,55,-25
122000172,1390,1810,-420
122000173,1293,2379,-1086
122000174,3052,872,2180
122000175,872,330,542
122000176,301,663,-362
122000177,2009,1285,724
122000178,3365,4239,-874
122000179,1661,2563,-902
122000180,1607,1186,421
122000181,1880,3062,-1182
122000182,1689,1335,354
122000183,1731,1366,365
122000184,2073,1771,302
122000185,1161,1193,-32
122000186,665,819,-154
122000187,2653,1096,1557
122000188,467,260,207
122000189,258,359,-101
122000190,1482,1181,301
122000191,1374,554,820
122000192,953,246,707
122000193,550,524,26
122000194,2291,407,1884
122000195,339,443,-104
122000196,1218,582,636
122000197,614,504,110
122000198,649,768,-119
122000199,394,293,101
122000200,1875,994,881
122000201,2020,1328,692
122000202,1610,1062,548
122000203,2369,1430,939
122000204,1546,2075,-529
122000205,1518,1716,-198
122000206,2442,835,1607
122000207,2252,1119,1133
122000208,3803,1407,2396
122000209,4159,443,3716
122000210,2806,1758,1048
122000211,2067,942,1125
122000212,980,636,344
122000213,1137,1505,-368
122000214,2059,1838,221
122000215,1885,1721,164
122000217,2526,1311,1215
122000218,904,116,788
122000219,1314,933,381
122000220,409,665,-256
122000221,103,491,-388
122000222,220,64,156
122000223,1801,467,1334
122000225,1170,316,854
122000226,2787,2129,658
122000227,383,3515,-3132
122000228,434,302,132
122000229,30,479,-449
122000230,73,559,-486
122000231,337,774,-437
122000232,755,865,-110
122000233,1,84,-83
122000234,297,95,202
122000235,698,121,577
122000236,1378,254,1124
122000237,84,54,30
122000238,450,758,-308
122000239,518,137,381
122000240,1540,368,1172
122000241,1530,649,881
122000242,663,114,549
122000243,277,87,190
122000244,53,340,-287
122000245,99,305,-206
122000246,369,207,162
122000247,577,794,-217
122000248,1316,1852,-536
122000249,1284,875,409
122000250,2190,1291,899
122000251,277,374,-97
122000252,514,95,419
122000253,116,419,-303
122000254,271,112,159
122000255,770,1734,-964
122000256,412,1231,-819
122000257,270,382,-112
122000258,443,258,185
122000259,23,511,-488
122000261,54,233,-179
122000262,0,32,-32
122000263,250,117,133
122000264,1393,530,863
122000265,3596,887,2709
122000266,8081,647,7434
122000267,154,86,68
122000268,271,369,-98
122000269,1286,282,1004
122000270,2523,166,2357
122000271,545,946,-401
122000272,347,971,-624
122000273,301,389,-88
122000274,240,201,39
122000275,93,206,-113
122000276,673,440,233
122000277,1531,1471,60
122000278,1775,854,921
122000279,261,504,-243
122000280,1461,753,708
122000281,931,882,49
122000282,359,146,213
122000283,1325,52,1273
122000284,205,95,110
122000285,738,109,629
122000286,317,137,180
122000287,1671,1504,167
122000288,1134,286,848
122000291,1710,883,827
122000293,396,277,119
122000294,129,232,-103
122000295,1699,243,1456
122000296,77,891,-814
122000297,2676,2772,-96
122000299,382,379,3
122000300,642,669,-27
122000301,11505,2755,8750
122000302,608,1085,-477
122000303,3392,1411,1981
122000304,60,237,-177
122000305,921,861,60
122000306,38,844,-806
122000307,175,140,35
122000309,188,74,114
122000310,81,78,3
122000311,383,242,141
122000312,235,99,136
122000313,160,64,96
122000314,179,286,-107
122000315,265,15,250
122000316,578,196,382
122000317,864,250,614
122000318,450,484,-34
122000319,311,450,-139
122000320,822,2403,-1581
122000321,195,180,15
122000322,2494,3373,-879
122000323,1621,2318,-697
122000324,1521,1285,236
122000325,937,1347,-410
122000326,58,116,-58
122000327,575,1016,-441
122000328,1185,707,478
122000330,2077,738,1339
122000332,268,193,75
122000333,6,193,-187
122000337,936,1610,-674
122000338,311,352,-41
122000340,501,357,144
122000342,2231,1041,1190
122000343,472,1203,-731
122000344,55,26,29
122000345,250,75,175
122000346,293,538,-245
122000348,583,631,-48
122000349,147,758,-611
122000351,126,334,-208
122000352,1138,227,911
122000353,155,161,-6
122000355,185,185,0
122000356,2492,971,1521
122000357,112,24,88
122000358,0,59,-59
122000359,0,32,-32
122000360,0,32,-32
122000362,7,75,-68
122000364,107,346,-239
122000365,1,67,-66
122000366,13,6,7
122000368,484,614,-130
122000370,18,75,-57
122000371,56,1,55
122000372,46,2,44
122000381,59,399,-340
122000382,90,357,-267
122000384,5178,2178,3000
122000385,51,0,51
122000386,939,1506,-567
122000387,1428,506,922
122000388,1921,740,1181
122000389,253,595,-342
122000390,938,299,639
122000391,483,105,378
122000392,166,307,-141
122000393,17,50,-33
122000394,538,290,248
122000395,157,205,-48
122000396,443,124,319
122000397,98,89,9
122000398,54,74,-20
122000399,204,79,125
122000400,231,387,-156
122000401,314,133,181
122000402,209,176,33
122000403,446,1004,-558
122000404,140,318,-178
122000408,916,1334,-418
122000503,7,162,-155
122000524,153,85,68
122000544,49,5389,-5340
122000614,449,390,59
122000616,241,1,240
122000640,97,166,-69
122000641,125,421,-296
122000642,2026,1018,1008
122000643,37,144,-107
122000644,214,30,184
122000645,131,422,-291
122000651,2667,750,1917
122000664,163,41,122
122000665,1195,527,668
122000666,604,1161,-557
122000673,45,354,-309
122000674,180,53,127
122000675,1820,1376,444
122000686,392,1064,-672
122000687,2147,337,1810
122000688,238,791,-553
122000689,947,756,191
122000690,1388,631,757
122000691,416,2261,-1845
122000692,1351,334,1017
122000693,315,1607,-1292
122000695,260,467,-207
122000696,346,341,5
122000698,333,717,-384
122000699,233,38,195
122000701,1519,369,1150
122000702,457,1669,-1212
122000703,225,67,158
122000712,0,0,0
122000717,169,77,92
122000718,1320,1755,-435
122000719,179,84,95
122000720,347,312,35
122000724,262,315,-53
122900001,44,11,33
122900002,1221,4773,-3552
122900003,464,53,411
122900004,457,40,417
122900005,99,25,74
122900006,1792,143,1649
122900007,152,55,97
122900008,1225,65,1160
122900009,628,433,195
122900010,208,238,-30
122900012,235,286,-51
122900014,147,256,-109
122900015,1887,638,1249
122900016,286,267,19
122900017,443,711,-268
122900018,233,26,207
122900019,365,157,208
122900020,738,257,481
122900021,66,1172,-1106
122900024,165,122,43
122900025,22,174,-152
122900026,137,277,-140
122900027,71,836,-765
122900028,171,134,37
122900029,4399,2947,1452
122900030,1203,430,773
122900031,118,277,-159
122900032,88,434,-346
122900033,385,145,240
122900034,3628,6714,-3086
122900035,34,8,26
122900036,50,276,-226
122900037,641,109,532
122900038,182,4003,-3821
122900039,85,555,-470
122900040,399,269,130
122900041,307,195,112
122900042,179,250,-71
122900043,710,163,547
122900044,112,351,-239
122900045,118,103,15
122900046,339,86,253
122900047,586,211,375
122900048,28,418,-390
122900049,1539,99,1440
122900051,80,83,-3
122900052,59,267,-208
122900053,31,37,-6
122900055,510,162,348
122900057,461,54,407
122900061,446,197,249
122900062,440,734,-294
122900063,233,281,-48
122900064,1873,397,1476
122900065,424,71,353
122900066,596,398,198
122900067,1188,719,469
122900069,488,2426,-1938
122900070,439,218,221
122900071,136,451,-315
122900073,46,264,-218
122900074,680,577,103
122900075,2,68,-66
122900076,3,241,-238
122900077,40,214,-174
122900078,107,10,97
122900080,66,39,27
122900081,352,187,165
122900082,706,253,453
122900083,180,187,-7
122900084,8,279,-271
122900086,8,127,-119
122900087,268,437,-169
122900088,64,96,-32
122900089,251,217,34
122900090,6,637,-631
122900091,192,0,192
122900092,173,365,-192
122900093,0,254,-254
122900094,3,204,-201
122900095,162,11,151
122900096,96,86,10
122900097,61,37,24
122900098,93,87,6
122900099,40,5,35
122900100,1048,186,862
122900101,902,345,557
122900102,23,12,11
122900103,111,5,106
122900104,118,5,113
122900105,13,5,8
122900106,1,91,-90
122900107,4,194,-190
122900108,7,255,-248
122900109,605,524,81
123000001,2027,457,1570
123000002,5269,4156,1113
123000003,4303,4140,163
123000004,3580,4885,-1305
123000005,2785,3491,-706
123000006,2902,2936,-34
123000007,3913,3013,900
123000008,2816,3723,-907
123000009,5332,3502,1830
123000010,3814,3804,10
123000011,5309,920,4389
123000012,1384,2523,-1139
123000013,4321,1034,3287
123000014,1544,3969,-2425
123000015,4854,1209,3645
123000016,5591,3878,1713
123000017,3007,1844,1163
123000018,60,132,-72
123000019,185,355,-170
123000020,131,167,-36
123000021,96,492,-396
123000022,354,4235,-3881
123000023,1585,1431,154
123000024,1865,828,1037
123000025,277,329,-52
123000026,36,102,-66
123000027,1549,241,1308
123000028,2244,238,2006
123000029,3253,316,2937
123000030,507,477,30
123000031,141,350,-209
123000032,252,270,-18
123000033,466,135,331
123000034,1372,1369,3
123000035,292,444,-152
123000036,213,972,-759
123000037,249,314,-65
123000038,132,261,-129
123000039,461,1163,-702
123000040,996,362,634
123000041,1556,1048,508
123000042,1505,626,879
123000043,3400,7107,-3707
123000044,5215,2185,3030
123000045,9119,2708,6411
123000046,852,1391,-539
123000047,2265,1243,1022
123000048,43,559,-516
123000049,6466,7492,-1026
123000050,1114,1480,-366
123000051,162,282,-120
123000052,721,3228,-2507
123000053,2501,3043,-542
123000054,1414,1277,137
123000055,989,1735,-746
123000056,1661,1864,-203
123000057,14451,6206,8245
123000058,735,886,-151
123000059,530,604,-74
123000060,820,300,520
123000061,299,865,-566
123000063,719,937,-218
123000064,989,296,693
123000065,6664,3606,3058
123000066,907,824,83
123000067,961,791,170
123000068,3161,3263,-102
123000069,6272,3854,2418
123000070,287,853,-566
123000071,906,1137,-231
123000072,1094,1318,-224
123000073,1174,954,220
123000074,1191,1770,-579
123000075,310,1018,-708
123000076,594,951,-357
123000077,2326,3529,-1203
123000078,1365,2143,-778
123000079,1167,2144,-977
123000080,2238,2334,-96
123000081,178,450,-272
123000082,343,1115,-772
123000083,841,254,587
123000084,583,848,-265
123000085,261,112,149
123000086,337,319,18
123000087,305,384,-79
123000088,1163,1026,137
123000089,479,1394,-915
123000090,1215,1159,56
123000091,1760,2108,-348
123000092,1232,1472,-240
123000094,553,232,321
123000095,393,708,-315
123000096,592,478,114
123000097,510,857,-347
123000098,776,749,27
123000099,606,862,-256
123000100,594,714,-120
123000101,582,748,-166
123000102,571,665,-94
123000104,406,497,-91
123000105,575,495,80
123000106,575,507,68
123000107,404,661,-257
123000108,874,1330,-456
123000111,765,379,386
123000112,1003,630,373
123000113,696,1591,-895
123000114,544,803,-259
123000115,321,366,-45
123000116,41,170,-129
123000117,1679,2074,-395
123000118,416,1000,-584
123000119,291,1030,-739
123000120,394,894,-500
123000121,458,742,-284
123000122,438,312,126
123000123,486,603,-117
123000124,616,586,30
123000125,1177,1201,-24
123000126,1728,3137,-1409
123000127,1079,763,316
123000128,358,417,-59
123000129,577,250,327
123000130,436,75,361
123000131,736,761,-25
123000132,464,668,-204
123000133,289,472,-183
123000134,504,253,251
123000135,1706,1411,295
123000136,253,1052,-799
123000137,138,325,-187
123000138,113,413,-300
123000139,447,175,272
123000140,112,796,-684
123000141,694,164,530
123000142,963,1051,-88
123000143,2767,2845,-78
123000144,42,30,12
123000147,225,96,129
123000149,561,443,118
123000150,273,267,6
123000151,383,542,-159
123000152,132,304,-172
123000153,135,602,-467
123000154,1450,1865,-415
123000155,1840,665,1175
123000156,103,180,-77
123000157,650,861,-211
123000158,661,899,-238
123000159,3762,2425,1337
123000160,940,689,251
123000161,1974,1280,694
123000162,1306,1803,-497
123000163,424,127,297
123000164,816,233,583
123000165,428,1183,-755
123000167,6,206,-200
123000168,248,307,-59
123000169,638,100,538
123000170,106,290,-184
123000171,459,88,371
123000172,735,922,-187
123000173,635,434,201
123000174,1082,464,618
123000175,690,1474,-784
123000176,915,257,658
123000177,291,983,-692
123000178,1042,189,853
123000179,85,826,-741
123000180,1180,312,868
123000181,296,1356,-1060
123000182,195,356,-161
123000183,102,377,-275
123000184,94,680,-586
123000185,449,548,-99
123000186,3,684,-681
123000187,536,12,524
123000188,273,2,271
123000189,88,183,-95
123000190,27,68,-41
123000192,18,584,-566
123000193,83,957,-874
123000194,295,174,121
123000195,328,23,305
123000196,233,106,127
123000197,56,264,-208
123000198,154,301,-147
123000199,8,652,-644
123000200,342,9,333
123000201,450,16,434
123000202,20,1406,-1386
123000203,628,59,569
123000204,91,1148,-1057
123000205,629,1985,-1356
123000206,1245,140,1105
123000207,339,1222,-883
123000208,833,156,677
123000209,3039,749,2290
123000210,847,3055,-2208
123000211,602,2708,-2106
123000212,2607,462,2145
123000213,665,71,594
123000215,242,191,51
123000216,175,1003,-828
123000217,199,50,149
123000218,96,484,-388
123000219,1026,206,820
123000220,601,76,525
123000221,213,141,72
123000222,472,436,36
123000223,183,429,-246
123000224,394,658,-264
123000225,237,112,125
123000226,85,345,-260
123000227,94,319,-225
123000228,262,67,195
123000229,1346,1747,-401
123000232,108,687,-579
123000233,734,253,481
123000234,154,762,-608
123000235,699,328,371
123000236,264,780,-516
123000237,364,62,302
123000238,131,718,-587
123000239,546,1572,-1026
123000240,63,458,-395
123000241,812,129,683
123000242,77,227,-150
123000243,992,1153,-161
123000244,1418,724,694
123000245,83,199,-116
123000249,639,987,-348
123000252,1053,232,821
123000253,908,512,396
123000254,602,1012,-410
123000255,1040,936,104
123000256,34,259,-225
123000257,3490,2346,1144
123000258,1224,1064,160
123000259,426,509,-83
123000260,524,492,32
123000261,170,166,4
123000263,250,306,-56
123000264,130,155,-25
123000265,63,171,-108
123000266,440,827,-387
123000267,472,375,97
123000268,66,99,-33
123000269,174,70,104
123000270,114,66,48
123000271,101,76,25
123000272,813,312,501
123000273,328,632,-304
123000274,1194,622,572
123000275,310,1010,-700
123000278,3292,2757,535
123000279,144,130,14
123000280,439,374,65
123000281,419,125,294
123000282,165,296,-131
123000283,38,85,-47
123000284,62,119,-57
123000286,408,283,125
123000287,933,418,515
123000288,1165,579,586
123000289,594,921,-327
123000291,333,821,-488
123000294,313,288,25
123000295,1388,1154,234
123000296,773,763,10
123000297,681,1104,-423
123000298,918,966,-48
123000299,336,564,-228
123000300,864,964,-100
123000301,142,292,-150
123000302,74,221,-147
123000303,213,112,101
123000305,1050,976,74
123000306,93,243,-150
123000309,69,73,-4
123000310,40,82,-42
123000311,1,196,-195
123000312,957,894,63
123000313,457,611,-154
123000315,85,353,-268
123000316,2026,529,1497
123000317,438,82,356
123000318,127,368,-241
123000329,28,18,10
123000337,1082,315,767
123000338,1240,75,1165
123000339,182,186,-4
123000340,390,823,-433
123000342,13,146,-133
123000343,74,7,67
123000344,1394,515,879
123000345,363,628,-265
123000346,321,94,227
123000352,1574,765,809
123000353,21,132,-111
123000354,505,12,493
123000355,1,577,-576
123000356,275,5,270
123000357,0,208,-208
123000359,8,188,-180
123000360,216,152,64
123000361,455,357,98
123000362,197,116,81
123000363,74,172,-98
123000364,482,492,-10
123000365,15,316,-301
123000366,358,1693,-1335
123000367,312,1162,-850
123000370,48,284,-236
123000371,366,35,331
123000372,398,16,382
123000373,5,437,-432
123000374,12,286,-274
123000375,270,37,233
123000376,1193,945,248
123000377,259,31,228
123000378,8,291,-283
123000379,1,255,-254
123000380,105,325,-220
123000381,229,39,190
123000382,1098,135,963
123000383,224,1208,-984
123000384,571,90,481
123000385,499,855,-356
123000436,100,1231,-1131
123000507,224,460,-236
123000508,292,727,-435
123000517,339,25,314
123000518,18,293,-275
123000519,126,61,65
123000520,51,274,-223
123000521,323,100,223
123000522,103,457,-354
123000541,9,7,2
123000542,0,27,-27
123000565,625,54,571
123000566,250,860,-610
123000567,164,237,-73
123000573,40,836,-796
123000574,573,96,477
123000575,1224,1164,60
123000576,647,1835,-1188
123000577,103,724,-621
123000578,729,81,648
123000579,4515,5113,-598
123000580,248,70,178
123000582,362,29,333
123000583,11,393,-382
123000584,190,265,-75
123000585,2,214,-212
123000586,90,1,89
123000596,540,295,245
123000597,167,220,-53
123000602,26,6,20
123000603,433,996,-563
123000604,530,914,-384
123000605,1250,25,1225
123000606,2,467,-465
123000609,23,400,-377
123000610,165,165,0
123000613,77,224,-147
123000614,260,61,199
123000615,69,215,-146
123000616,446,57,389
123000617,111,448,-337
123000618,106,544,-438
123000619,628,40,588
123000620,21,420,-399
123000622,356,17,339
123000624,126,97,29
123000630,850,517,333
123000631,311,2089,-1778
123000632,1210,1070,140
123000633,1,505,-504
123000634,80,118,-38
123000635,246,130,116
123000636,94,835,-741
123000637,243,33,210
123000638,775,80,695
123000639,999,3607,-2608
123000640,30,866,-836
123000648,468,102,366
123000649,62,629,-567
123000650,271,69,202
123000651,49,156,-107
123900001,1228,50,1178
123900002,39,1773,-1734
123900003,422,593,-171
123900005,234,137,97
123900006,344,66,278
124000001,1488,149,1339
124000002,122,1677,-1555
124000003,635,189,446
124000004,80,627,-547
124000005,823,268,555
124000006,280,1227,-947
124000007,508,99,409
124000008,17,909,-892
124000009,542,285,257
124000010,200,807,-607
124000011,1414,263,1151
124000012,340,683,-343
124000017,150,150,0
124000018,114,107,7
124000019,109,188,-79
124000020,35,206,-171
124000021,164,91,73
124000022,120,238,-118
124000023,1170,328,842
124000024,118,337,-219
124000025,862,541,321
124000026,324,406,-82
124000027,1913,1167,746
124000028,2525,1519,1006
124000031,1355,2166,-811
124000032,3085,1268,1817
124000033,998,907,91
124000034,837,1415,-578
124000035,302,202,100
124000036,160,715,-555
124000037,382,921,-539
124000038,41,104,-63
124000039,979,454,525
124000040,633,895,-262
124000041,314,69,245
124000042,94,414,-320
124000043,180,86,94
124000044,72,235,-163
124000045,681,562,119
124000046,284,823,-539
124000047,1237,990,247
124000048,892,1643,-751
124000049,1497,739,758
124000050,725,2046,-1321
124000051,747,543,204
124000052,673,1083,-410
124000053,497,1473,-976
124000054,974,542,432
124000055,1326,2200,-874
124000056,3047,1609,1438
124000057,923,514,409
124000058,530,1603,-1073
124000059,610,1031,-421
124000060,1213,828,385
124000061,1424,4418,-2994
124000062,4398,1987,2411
124000063,1869,2273,-404
124000064,2923,1987,936
124000065,13,54,-41
124000066,332,140,192
124000067,191,169,22
124000068,67,218,-151
124000069,523,221,302
124000070,225,464,-239
124000071,215,56,159
124000072,29,45,-16
124000073,586,75,511
124000074,304,695,-391
124000075,233,47,186
124000076,8,247,-239
124000077,2217,671,1546
124000078,3515,1147,2368
124000079,484,1020,-536
124000080,433,208,225
124000081,185,629,-444
124000082,76,206,-130
124000083,115,174,-59
124000084,146,526,-380
124000085,142,49,93
124000086,262,83,179
124000088,124,300,-176
124000089,830,385,445
124000090,143,454,-311
124000091,437,188,249
124000092,162,756,-594
124000093,104,123,-19
124000094,120,522,-402
124000095,85,133,-48
124000096,122,236,-114
124000097,166,219,-53
124000098,60,136,-76
124000099,382,151,231
124000100,68,122,-54
124000101,69,122,-53
124000102,148,80,68
124000103,98,128,-30
124000104,212,75,137
124000105,65,103,-38
124000106,208,99,109
124000107,13,160,-147
124000108,79,38,41
124000109,145,148,-3
124000110,341,162,179
124000111,196,228,-32
124000112,558,804,-246
124000113,60,107,-47
124000114,327,558,-231
124000115,504,779,-275
124000116,89,188,-99
124000117,118,114,4
124000118,66,105,-39
124000119,1287,578,709
124000120,745,480,265
124000121,1475,741,734
124000122,539,1393,-854
124000123,858,531,327
124000124,524,1197,-673
124000125,306,483,-177
124000126,247,665,-418
124000127,784,494,290
124000128,653,966,-313
124000129,1944,1387,557
124000130,730,827,-97
124000131,970,457,513
124000132,1041,870,171
124000133,1029,886,143
124000134,558,469,89
124000135,2509,1884,625
124000136,981,829,152
124000137,1654,936,718
124000138,1864,1700,164
124000139,1376,57,1319
124000140,114,648,-534
124000141,688,41,647
124000142,53,688,-635
124000143,128,15,113
124000144,11,249,-238
124000145,122,39,83
124000146,30,110,-80
124000148,41,113,-72
124000149,1211,483,728
124000150,320,627,-307
124000151,556,159,397
124000152,640,1049,-409
124000153,640,561,79
124000154,335,802,-467
124000155,1202,952,250
124000156,1692,1029,663
124000169,212,496,-284
124000170,679,503,176
124000171,306,256,50
124000172,391,595,-204
124000173,531,268,263
124000174,487,617,-130
124000175,9,97,-88
124000176,54,17,37
124000177,11,43,-32
124000178,31,39,-8
124000185,53,4,49
124000186,4,62,-58
124000187,7,142,-135
124000188,59,11,48
124000190,149,33,116
124000191,608,129,479
124000192,3497,378,3119
124000193,1163,955,208
124000194,476,540,-64
124000195,237,618,-381
124000196,1400,1332,68
124000197,63,52,11
124000198,25,65,-40
124000201,327,979,-652
124000202,476,33,443
124000203,115,831,-716
124000204,578,3,575
124000205,80,530,-450
124000206,436,116,320
124000207,0,47,-47
124000209,236,569,-333
124000210,324,207,117
124000211,504,4,500
124000212,2,473,-471
124000213,277,377,-100
124000214,245,865,-620
124000215,494,26,468
124000216,0,458,-458
124000329,21,1102,-1081
124000338,159,1602,-1443
124000339,544,119,425
124000341,1108,95,1013
124000344,126,41,85
124000357,1808,4270,-2462
124000358,1258,2849,-1591
124000359,996,805,191
124000360,819,760,59
124000361,2126,827,1299
124000362,1675,1773,-98
124000363,321,399,-78
124000364,819,929,-110
124000365,874,1237,-363
124000366,2055,1466,589
124000367,144,515,-371
124000368,683,375,308
124000369,228,205,23
124000370,81,546,-465
124000402,57,3,54
124000403,97,12,85
124000404,15,134,-119
124000405,859,808,51
124000406,810,917,-107
124000407,4,49,-45
124000411,12,380,-368
124000412,430,24,406
124000413,1200,58,1142
124000414,95,148,-53
124000415,52,220,-168
124000416,139,335,-196
124000417,180,160,20
124000418,136,150,-14
124000419,70,180,-110
124000420,89,118,-29
124000421,56,261,-205
124000422,32,22,10
124000423,157,47,110
124000424,2,183,-181
124000425,105,16,89
124000426,5,200,-195
124000427,149,15,134
124000428,106,58,48
124000429,38,58,-20
124000430,536,245,291
124000431,409,493,-84
124000432,174,1153,-979
124000439,7,7,0
124000443,0,3,-3
124000445,1213,1209,4
124000446,2435,102,2333
124000447,27,213,-186
124000448,46,19,27
124000449,124,12,112
124000450,15,335,-320
124000451,2,174,-172
124000452,427,137,290
124000453,2456,4269,-1813
124000454,2056,4108,-2052
124900001,446,447,-1
124900002,119,414,-295
124900003,547,319,228
124900004,433,379,54
124900005,331,177,154
124900006,470,398,72
124900008,1448,721,727
124900009,135,291,-156
124900010,132,66,66
124900011,375,316,59
124900012,359,105,254
124900013,662,193,469
124900014,418,192,226
124900015,145,290,-145
124900016,37,68,-31
124900017,687,1363,-676
124900018,181,34,147
124900020,47,50,-3
124900021,198,57,141
124900024,201,51,150
124900026,345,2,343
124900027,103,275,-172
124900028,504,99,405
124900030,10,115,-105
124900031,32,352,-320
124900033,83,316,-233
124900035,186,378,-192
124900036,0,79,-79
124900037,205,292,-87
124900039,2,51,-49
124900040,29,45,-16
124900042,148,48,100
124900043,290,1037,-747
124900044,161,2,159
124900045,738,893,-155
124900047,871,387,484
124900050,373,555,-182
124900052,121,318,-197
124900053,278,802,-524
124900054,1177,612,565
124900055,6,304,-298
124900057,13,204,-191
124900060,1045,566,479
124900061,121,29,92
124900062,128,20,108
124900066,0,191,-191
124900067,28,487,-459
124900068,216,436,-220
124900070,151,221,-70
124900072,314,60,254
124900075,375,532,-157
124900076,79,1424,-1345
124900077,159,312,-153
124900078,69,5,64
124900080,411,1189,-778
124900081,860,325,535
124900082,594,1716,-1122
124900083,616,1447,-831
124900085,2456,753,1703
124900086,56,1021,-965
124900087,2424,115,2309
124900088,1054,334,720
124900089,2242,285,1957
124900090,196,203,-7
124900091,221,395,-174
124900092,243,341,-98
124900093,242,195,47
124900094,267,293,-26
124900095,59,419,-360
124900096,580,226,354
124900097,284,117,167
124900098,122,379,-257
124900099,520,547,-27
124900100,238,120,118
124900101,20,12,8
124900102,124,91,33
124900103,159,256,-97
124900104,78,226,-148
124900105,109,145,-36
124900106,266,78,188
124900107,107,9,98
124900108,409,134,275
124900111,44,185,-141
124900112,281,779,-498
124900113,96,277,-181
124900114,290,140,150
124900115,73,32,41
124900116,127,115,12
124900117,595,68,527
124900118,375,241,134
124900119,284,94,190
124900120,78,400,-322
124900121,267,186,81
124900122,382,261,121
124900123,527,429,98
124900124,361,544,-183
124900125,258,10,248
124900126,0,72,-72
204000001,160,19,141
204000002,69,28,41
204000003,49,2,47
204000004,52,1,51
204000005,784,669,115
204000006,1234,2372,-1138
204000011,12,70,-58
204000012,99,157,-58
204000019,667,624,43
204000020,670,769,-99
204000021,1908,823,1085
204000022,536,575,-39
204000023,678,1185,-507
204000031,109,48,61
204000032,566,34,532
204000034,40,194,-154
204000035,1,5,-4
204000036,3,13,-10
204000037,8,22,-14
204000038,1,15,-14
204000039,12,32,-20
204000040,7,28,-21
204000041,34,31,3
204000042,62,15,47
204000043,27,6,21
204000044,34,8,26
204000045,45,7,38
204000046,14,4,10
204000057,13,11,2
204000062,31,114,-83
204000068,44,391,-347
204000069,51,315,-264
204000070,76,184,-108
204000080,74,95,-21
204000085,2271,1940,331
204000086,3105,2883,222
204000087,47,7,40
204000088,4,128,-124
204000090,127,356,-229
204000093,280,170,110
204000096,969,1491,-522
204000097,325,89,236
204000099,1031,2090,-1059
204000100,1225,2228,-1003
204000105,2552,1866,686
204000110,1125,1485,-360
204000111,597,891,-294
204000112,1163,746,417
204000113,625,836,-211
204000114,670,625,45
204000115,575,309,266
204000116,1541,538,1003
204000119,2554,2861,-307
204000132,704,449,255
204000133,795,540,255
204000134,187,233,-46
204000135,833,233,600
204000136,776,357,419
204000138,392,543,-151
204000140,257,205,52
204000141,178,118,60
204000144,7,30,-23
204000145,399,58,341
204000146,29,344,-315
204000147,79,254,-175
204000148,1027,42,985
204000154,10,3,7
204000155,3,5,-2
204000177,66,116,-50
204000179,28,14,14
204000180,0,38,-38
204000222,4,4,0
204000235,16,25,-9
204000236,70,261,-191
204000238,15,47,-32
204000240,394,100,294
204000263,729,1298,-569
204000268,1326,916,410
204000308,203,48,155
204000317,18,115,-97
204000322,10,40,-30
204000323,17,12,5
204000328,203,133,70
204000329,117,195,-78
204000330,276,147,129
204000331,215,105,110
205000001,1297,2040,-743
205000013,13,93,-80
205000014,27,103,-76
205000015,35,246,-211
205000016,22,192,-170
205000017,27,91,-64
205000022,434,948,-514
205000025,1700,1355,345
205000029,210,3,207
205000045,236,354,-118
205000046,91,728,-637
205000047,81,582,-501
205000048,376,1425,-1049
205000049,171,1036,-865
205000050,1223,399,824
205000059,0,246,-246
205000060,0,134,-134
205000061,8,95,-87
205000062,8,81,-73
205000063,36,192,-156
205000064,21,147,-126
205000065,75,632,-557
205000066,128,970,-842
205000067,54,1159,-1105
205000069,200,17,183
205000082,143,381,-238
205000110,107,315,-208
205000111,237,346,-109
205000112,221,196,25
205000113,248,388,-140
205000121,225,139,86
205000123,70,240,-170
205000126,489,364,125
205000127,766,460,306
205000128,903,271,632
205000129,806,284,522
205000130,1261,112,1149
205000131,1464,16,1448
205000132,1080,4,1076
205000133,1246,4,1242
205000134,592,1,591
205000137,73,190,-117
205000138,187,345,-158
205000139,71,157,-86
205000144,151,105,46
205000145,424,294,130
205000151,200,80,120
205000152,212,74,138
205000153,267,108,159
205000154,71,159,-88
205000155,138,51,87
205000207,10,200,-190
205000233,112,1,111
205000234,0,5,-5
205000243,0,0,0
205000244,1,3,-2
205000245,19,237,-218
205000249,1,55,-54
205000250,5,1,4
205000264,8,96,-88
206000027,9,8,1
206000028,4,2,2
206000043,42,101,-59
206000053,6,8,-2
206000054,4,22,-18
206000055,1,16,-15
206000075,6,4,2
206000076,24,19,5
206000077,19,11,8
206000078,34,7,27
206000079,8,7,1
206000082,548,37,511
206000100,51,687,-636
206000103,9,13,-4
206000104,17,24,-7
206000105,12,7,5
206000106,23,19,4
206000125,67,0,67
206000157,55,553,-498
206000170,0,161,-161
206000171,3,173,-170
206000172,4,698,-694
206000173,1,269,-268
206000174,8,115,-107
206000175,2,142,-140
206000176,24,284,-260
206000177,0,172,-172
206000178,4,171,-167
206000179,3,57,-54
206000180,15,141,-126
206000181,52,244,-192
206000182,19,300,-281
206000183,38,668,-630
206000184,6,334,-328
206000185,17,233,-216
206000186,134,1306,-1172
206000223,7,174,-167
206000226,10,3,7
206000227,29,9,20
206000237,32,384,-352
206000238,25,697,-672
206000239,399,1953,-1554
206000240,7,45,-38
206000241,0,104,-104
206000242,13,297,-284
206000243,13,254,-241
206000244,113,658,-545
206000245,618,50,568
206000246,145,13,132
206000247,149,16,133
206000248,288,16,272
206000252,71,29,42
206000258,35,33,2
206000315,33,7,26
206000317,620,93,527
206000318,362,70,292
206000319,941,167,774
206000320,132,57,75
206000321,124,19,105
206000322,341,21,320
206000323,118,9,109
206000324,130,5,125
206000325,130,10,120
206000326,142,7,135
206000327,773,13,760
206000328,116,4,112
206000329,206,5,201
206000330,26,6,20
206000331,100,1,99
206000332,23,4,19
206000333,408,6,402
206000334,153,4,149
206000335,0,15,-15
206000361,11,183,-172
206000392,3,21,-18
206000405,190,1,189
206000441,17,10,7
206000498,28,1,27
206000515,72,42,30
206000530,194,61,133
206000531,267,189,78
206000532,3046,234,2812
206000535,303,2588,-2285
206000536,24,232,-208
206000537,8,163,-155
206000613,1485,267,1218
206000784,469,36,433
207000001,209,547,-338
207000002,129,345,-216
207000003,170,223,-53
207000007,770,291,479
207000008,40,26,14
207000009,48,38,10
207000010,457,533,-76
207000012,249,247,2
207000015,413,1622,-1209
207000019,449,136,313
207000021,735,219,516
207000022,184,149,35
207000023,221,59,162
207000024,11,12,-1
207000025,25,111,-86
207000026,183,30,153
207000027,49,82,-33
207000028,61,214,-153
207000029,288,458,-170
207000033,387,423,-36
207000034,351,121,230
207000039,288,227,61
207000040,234,150,84
207000041,98,59,39
207000042,246,94,152
207000043,264,209,55
207000051,175,332,-157
207000052,57,214,-157
207000053,449,712,-263
207000054,38,164,-126
207000055,159,179,-20
207000056,333,435,-102
207000057,145,282,-137
207000058,209,319,-110
207000059,93,710,-617
207000060,97,297,-200
207000061,369,443,-74
207000062,323,52,271
207000063,349,168,181
207000064,363,192,171
207000065,358,254,104
207000066,191,204,-13
207000067,48,125,-77
207000068,132,99,33
207000069,747,525,222
207000082,6,313,-307
207000083,130,364,-234
207000084,192,262,-70
207000085,192,24,168
207000086,124,15,109
207000106,47,35,12
207000107,138,25,113
207000108,58,11,47
207000109,52,26,26
207000110,43,138,-95
207000111,100,89,11
207000112,306,671,-365
207000114,20,45,-25
207000115,15,99,-84
207000116,16,425,-409
207000117,13,137,-124
207000118,3,101,-98
207000119,39,82,-43
207000123,240,42,198
207000124,48,30,18
207000125,48,74,-26
207000126,71,90,-19
207000134,57,201,-144
207000135,28,279,-251
207000148,69,323,-254
207000149,66,55,11
207000152,142,487,-345
207000153,1000,1131,-131
207000154,421,220,201
207000159,125,221,-96
207000160,174,562,-388
207000238,1,195,-194
207000242,2,234,-232
207000248,41,34,7
207000249,210,64,146
207000250,976,70,906
207000251,115,93,22
207000252,42,84,-42
207000278,84,112,-28
207000279,36,179,-143
207000280,430,75,355
207000281,142,1113,-971
207000282,283,92,191
207000283,158,308,-150
207000284,136,161,-25
207000285,208,63,145
207000291,22,124,-102
207000304,152,81,71
207000306,78,487,-409
207000310,68,111,-43
207000353,276,4,272
207000356,40,28,12
207000357,25,15,10
207000358,9,49,-40
207000415,7,180,-173
207000417,56,7,49
207000418,121,183,-62
207000438,0,1,-1
207000439,1002,597,405
207000446,130,12,118
207000460,24,20,4
207000466,224,165,59
207000467,148,135,13
207000468,67,392,-325
207000476,9,83,-74
207000477,545,116,429
207000478,0,30,-30
207000523,0,35,-35
207000524,127,0,127
207000527,96,240,-144
207000530,378,14,364
207000531,378,18,360
207000532,101,28,73
207000534,618,41,577
207000535,44,377,-333
207000537,30,105,-75
207000540,7,274,-267
207000541,4,344,-340
207000548,15,292,-277
207000549,459,20,439
207000561,131,182,-51
207000562,80,207,-127
207000567,198,304,-106
207000568,154,117,37
207000569,384,993,-609
207000584,334,228,106
207000585,123,343,-220
207000587,108,38,70
207000616,0,148,-148
207000617,130,0,130
207000624,60,37,23
207000631,11,105,-94
207900008,238,179,59
208000001,808,1031,-223
208000002,1015,630,385
208000003,1411,633,778
208000004,1732,952,780
208000005,65,23,42
208000019,645,1268,-623
208000020,219,677,-458
208000021,227,531,-304
208000022,1110,663,447
208000028,1608,1076,532
208000033,462,778,-316
208000034,1213,1934,-721
208000037,529,22,507
208000040,170,178,-8
208000041,1000,689,311
208000042,1711,772,939
208000047,164,370,-206
208000064,2916,1906,1010
208000066,1882,2029,-147
208000070,420,484,-64
208000071,361,957,-596
208000072,344,1421,-1077
208000080,295,465,-170
208000081,465,188,277
208000082,465,409,56
208000083,211,515,-304
208000084,86,34,52
208000085,1681,772,909
208000086,723,1159,-436
208000087,524,890,-366
208000089,887,662,225
208000090,989,974,15
208000093,206,194,12
208000094,463,486,-23
208000095,779,501,278
208000104,925,1268,-343
208000105,1052,1422,-370
208000114,119,271,-152
208000115,518,375,143
208000116,802,1290,-488
208000117,214,207,7
208000118,99,162,-63
208000155,1102,1104,-2
208000158,2039,3241,-1202
208000186,3806,3952,-146
208000204,783,1130,-347
208000205,1196,1428,-232
208000282,5642,2506,3136
209000004,411,216,195
209000005,57,39,18
209000006,566,189,377
209000007,563,319,244
209000010,651,152,499
209000011,302,324,-22
209000012,246,294,-48
209000013,275,529,-254
209000014,615,1255,-640
209000025,356,67,289
209000026,674,233,441
209000027,662,1075,-413
209000028,455,1004,-549
209000029,1316,766,550
209000030,958,1834,-876
209000031,3920,2863,1057
209000034,188,270,-82
209000035,126,218,-92
209000036,186,168,18
209000037,251,322,-71
209000038,98,195,-97
209000039,64,192,-128
209000040,269,580,-311
209000041,173,468,-295
209000042,212,524,-312
209000043,752,1164,-412
209000044,234,883,-649
209000045,1664,440,1224
209000046,547,569,-22
209000047,517,239,278
209000048,551,275,276
209000049,114,170,-56
209000050,255,245,10
209000051,372,498,-126
209000052,243,537,-294
209000062,55,194,-139
209000063,49,169,-120
209000064,42,206,-164
209000065,74,63,11
209000066,80,65,15
209000067,74,52,22
209000080,26,298,-272
209000082,69,50,19
209000091,69,136,-67
209000093,85,32,53
209000094,294,225,69
209000110,50,134,-84
209000111,459,1657,-1198
209000112,936,695,241
209000113,2322,660,1662
209000114,447,445,2
209000115,100,210,-110
209000116,1026,658,368
209000118,111,68,43
209000119,144,25,119
209000121,263,725,-462
209000135,93,228,-135
209000142,705,1572,-867
209000143,243,146,97
209000144,219,113,106
209000229,230,215,15
209000240,65,472,-407
209000259,148,152,-4
209000260,33,1095,-1062
209000261,4,549,-545
209000262,1,450,-449
209000263,0,152,-152
209000264,1,62,-61
209000265,460,23,437
209000266,104,0,104
209000267,703,5,698
209000268,640,38,602
210000037,86,27,59
210000047,70,30,40
210000048,97,32,65
210000049,48,21,27
210000052,28,108,-80
210000053,22,66,-44
210000054,96,91,5
210000070,111,3,108
210000071,83,1,82
210000072,76,0,76
210000073,0,37,-37
210000074,0,164,-164
210000075,5,113,-108
210000076,6,195,-189
210000077,158,36,122
210000078,64,49,15
210000079,151,9,142
210000080,311,69,242
210000081,221,16,205
210000082,211,1,210
210000083,129,2,127
210000084,38,0,38
210000085,3,127,-124
210000086,6,167,-161
210000099,40,342,-302
210000100,70,251,-181
210000101,87,322,-235
210000105,27,311,-284
210000159,0,200,-200
210000163,158,291,-133
210000164,302,174,128
210000168,188,47,141
210000187,0,17,-17
210000188,1,24,-23
210000214,32,0,32
210000219,37,61,-24
210000220,64,66,-2
210000232,6,23,-17
210000233,47,70,-23
210000234,24,124,-100
210000235,55,112,-57
210000245,1,36,-35
210000246,27,1,26
210000258,12,109,-97
210000259,378,64,314
210000282,137,343,-206
210000285,1,173,-172
210000286,22,224,-202
210000290,1,11,-10
210000295,55,258,-203
210000296,54,76,-22
210000320,133,104,29
210000321,121,86,35
210000338,205,75,130
210000339,389,1299,-910
210000340,186,482,-296
210000341,295,348,-53
210000342,222,251,-29
210000343,379,233,146
210000344,532,160,372
210000345,298,495,-197
210000346,263,256,7
210000347,561,46,515
210000348,389,20,369
210000349,362,30,332
210000350,129,99,30
210000351,132,150,-18
210000352,61,119,-58
210000353,46,140,-94
210000354,111,144,-33
210000355,193,112,81
210000356,213,65,148
210000357,225,51,174
210000358,378,171,207
210000359,323,107,216
210000360,263,124,139
210000361,248,166,82
210000362,349,193,156
210000363,752,208,544
210000364,132,124,8
210000365,127,79,48
210000366,130,80,50
210000367,51,38,13
210000368,138,40,98
210000369,52,22,30
210000370,129,40,89
210000372,97,35,62
210000373,122,19,103
210000374,66,14,52
210000375,37,93,-56
210000376,159,169,-10
210000404,103,175,-72
210000439,25,31,-6
210000472,134,3,131
210000482,108,98,10
210000564,375,284,91
210000567,2,35,-33
210000568,536,3,533
211000092,63,57,6
211000094,20,3,17
211000169,194,14,180
211000172,24,281,-257
211000209,0,31,-31
211000226,26,25,1
211000270,38,27,11
211000275,27,20,7
211000276,76,23,53
211000279,49,39,10
211000281,39,43,-4
211000302,32,95,-63
211507980,1,24,-23
211977296,75,2,73
212000003,295,74,221
212000004,240,34,206
212000005,91,26,65
212000006,94,85,9
212000008,224,222,2
212000009,76,179,-103
212000012,91,100,-9
212000013,44,70,-26
212000014,293,203,90
212000015,393,300,93
212000016,531,599,-68
212000027,331,599,-268
212000028,240,583,-343
212000029,215,361,-146
212000030,49,52,-3
212000031,74,77,-3
212000048,49,165,-116
212000049,19,111,-92
212000050,33,4,29
212000051,189,210,-21
212000052,163,342,-179
212000053,387,759,-372
212000054,140,136,4
212000055,195,270,-75
212000056,24,67,-43
212000057,15,51,-36
212000058,323,23,300
212000070,92,309,-217
212000077,139,761,-622
212000099,213,304,-91
212000108,438,226,212
212000111,229,140,89
212000120,326,120,206
212000138,226,42,184
212000156,33,161,-128
212000158,19,26,-7
212000159,284,55,229
212000160,382,251,131
212000161,97,11,86
212000310,36,16,20
212000311,20,76,-56
212000374,32,6,26
213000001,55,434,-379
213000005,296,163,133
213000006,1178,290,888
213000007,258,18,240
213000009,764,481,283
213000010,239,287,-48
213000011,244,159,85
213000012,133,274,-141
213000014,62,14,48
213000015,229,5,224
213000016,431,3,428
213000017,86,1,85
213000018,7,138,-131
213000019,5,172,-167
213000020,106,314,-208
213000021,8,142,-134
213000023,260,268,-8
213000033,299,1595,-1296
213000034,777,375,402
213000035,116,461,-345
213000045,156,308,-152
213000046,223,245,-22
213000047,859,1184,-325
213000056,101,88,13
213000069,256,4,252
213000073,0,28,-28
213000074,63,413,-350
213000075,680,20,660
213000076,78,3,75
213000085,8,43,-35
213000086,18,168,-150
213000091,93,13,80
213000092,49,7,42
213000099,203,1106,-903
213000100,1235,372,863
213000101,277,157,120
213000102,400,303,97
213000103,847,906,-59
213000104,51,448,-397
213000105,4,134,-130
213000106,56,163,-107
213000107,153,596,-443
213000108,47,556,-509
213000109,2,257,-255
213000110,15,77,-62
213000111,13,52,-39
213000112,231,96,135
213000115,49,6,43
213000116,50,730,-680
213000117,14,1052,-1038
213000118,339,391,-52
213000119,63,704,-641
213000120,101,620,-519
213000122,272,575,-303
213000123,498,1236,-738
213000124,81,1048,-967
213000125,88,19,69
213000126,40,154,-114
213000127,108,189,-81
213000128,629,906,-277
213000129,426,640,-214
213000130,505,341,164
213000132,245,121,124
213000133,446,112,334
213000134,897,15,882
213000136,481,31,450
213000137,514,117,397
213000139,1017,34,983
213000147,288,27,261
213000148,103,16,87
213000149,87,16,71
213000150,1,135,-134
213000151,1,94,-93
213000152,3,97,-94
213000153,4,55,-51
213000154,21,247,-226
213000155,22,280,-258
213000156,111,787,-676
213000157,748,520,228
213000158,359,874,-515
213000159,379,812,-433
213000163,511,104,407
213000165,504,231,273
213000171,19,166,-147
213000172,53,350,-297
213000173,29,255,-226
213000174,4,154,-150
213000175,19,93,-74
213000176,14,134,-120
213000177,40,27,13
213000178,113,35,78
213000179,182,72,110
213000180,148,80,68
213000184,89,438,-349
213000188,375,94,281
213000189,236,36,200
213000190,689,709,-20
213000191,307,485,-178
213000192,217,486,-269
213000193,1135,174,961
213000194,4,66,-62
213000195,12,536,-524
213000196,332,1082,-750
213000197,326,1121,-795
213000198,168,1,167
213000200,155,904,-749
213000201,90,33,57
213000202,7,629,-622
213000203,3875,977,2898
213000204,799,173,626
213000205,204,206,-2
213000206,409,173,236
213000207,287,32,255
213000208,337,2,335
213000209,298,5,293
213000210,1164,5,1159
213000211,31,21,10
213000212,111,11,100
213000213,81,33,48
213000218,243,689,-446
213000219,470,19,451
213000220,445,3,442
213000223,315,237,78
213000224,85,71,14
213000225,128,18,110
213000226,83,18,65
213000227,849,349,500
213000228,244,159,85
213000229,839,95,744
213000230,806,65,741
213000232,80,821,-741
213000233,15,56,-41
213000234,3,23,-20
213000293,43,55,-12
213000294,337,15,322
213000295,77,78,-1
213000296,83,35,48
213000297,5,103,-98
213000298,27,115,-88
213000299,123,51,72
213000300,28,11,17
213000303,5,32,-27
213000304,1,9,-8
213000305,18,14,4
213000306,125,44,81
213000307,543,95,448
213000308,106,231,-125
213000309,174,107,67
213000310,339,108,231
213000311,326,644,-318
213000315,123,111,12
213000316,202,101,101
213000322,66,46,20
213000323,52,87,-35
213000340,113,649,-536
213000341,410,136,274
213000346,204,206,-2
213000347,774,430,344
213000348,6,99,-93
213000349,21,14,7
213000350,301,1381,-1080
213000366,64,423,-359
213000367,216,25,191
213000379,109,78,31
213000386,14,273,-259
213000406,96,418,-322
213000417,1269,634,635
213000425,86,24,62
213000426,136,99,37
213000427,27,320,-293
213000428,41,198,-157
213000429,58,21,37
213000430,120,645,-525
213000431,131,16,115
213000432,0,45,-45
213000433,31,201,-170
213000435,69,117,-48
213000439,135,20,115
213000441,4,3,1
213000443,599,481,118
213000445,1,99,-98
213000446,1,29,-28
213000447,3,85,-82
213000448,119,189,-70
213000449,203,1,202
213000450,48,109,-61
213000451,53,53,0
213000452,169,102,67
213000453,71,314,-243
213000455,460,20,440
213000456,2,222,-220
213000481,230,8,222
213000482,63,6,57
213000489,486,86,400
213000491,0,264,-264
213000492,1241,51,1190
213000493,0,183,-183
213000494,242,147,95
213000495,0,108,-108
213000496,267,216,51
213000497,24,231,-207
213000498,75,169,-94
213000499,160,569,-409
213000500,381,106,275
213000501,93,33,60
213000502,290,90,200
213000503,0,45,-45
213000504,4,92,-88
213000505,5,18,-13
213000506,0,5,-5
213000507,8,101,-93
213900244,31,0,31
213900245,0,29,-29
218000003,29,18,11
218000004,58,24,34
218000005,95,33,62
218000006,73,30,43
218000007,19,15,4
218000012,324,311,13
218000013,119,185,-66
218000014,455,563,-108
218000019,759,661,98
218000020,321,566,-245
218000040,17,13,4
218000046,53,122,-69
218000047,14,194,-180
218000048,45,202,-157
218000049,94,145,-51
218000050,323,302,21
218000051,104,292,-188
218000052,2,102,-100
218000053,4,15,-11
218000054,7,38,-31
218000055,6,10,-4
218000056,22,27,-5
218000057,7,38,-31
218000064,8,27,-19
218000065,89,65,24
218000066,13,96,-83
218000067,53,84,-31
218000068,61,85,-24
218000069,244,176,68
218000070,297,294,3
218000071,216,238,-22
218000072,336,276,60
218000078,893,1120,-227
218000079,76,79,-3
218000080,76,78,-2
218000081,279,260,19
218000082,41,126,-85
218000083,58,71,-13
218000084,94,158,-64
218000085,157,436,-279
218000086,88,184,-96
218000087,171,248,-77
218000090,13,265,-252
218000091,935,618,317
218000092,74,154,-80
218000093,156,86,70
218000094,615,852,-237
218000099,277,881,-604
218000100,284,343,-59
218000101,708,157,551
218000102,373,342,31
218000103,70,190,-120
218000104,97,49,48
218000105,25,16,9
218000106,10,7,3
218000107,63,89,-26
218000108,4,34,-30
218000112,92,24,68
218000117,77,65,12
218000134,487,944,-457
218000135,161,114,47
218000136,169,93,76
218000137,224,130,94
218000138,51,97,-46
218000139,166,331,-165
218000140,350,289,61
218000141,127,53,74
218000142,203,189,14
218000143,100,263,-163
218000144,133,72,61
218000145,368,417,-49
218000146,46,159,-113
218000151,23,37,-14
218000152,213,66,147
218000170,7,49,-42
218000171,101,11,90
218000172,45,26,19
218000173,44,14,30
218000174,50,11,39
218000176,219,25,194
218000177,345,246,99
218000178,95,245,-150
218000179,117,111,6
218000180,80,44,36
218000181,168,65,103
218000187,8,19,-11
218000188,34,86,-52
218000189,34,83,-49
218000190,15,11,4
218000191,173,127,46
218000192,252,317,-65
218000193,425,457,-32
218000194,82,376,-294
218000195,131,60,71
218000196,246,319,-73
218000197,217,326,-109
218000198,39,133,-94
218000199,46,29,17
218000200,100,47,53
218000201,18,9,9
218000202,147,388,-241
218000207,11,51,-40
218000208,55,61,-6
218000211,80,18,62
218000213,106,63,43
218000214,7,21,-14
218000215,49,72,-23
218000217,5,161,-156
218000218,160,75,85
218000219,92,28,64
218000220,263,250,13
218000221,1689,238,1451
218000222,92,30,62
218000223,57,340,-283
218000224,17,190,-173
218000225,231,17,214
218000226,140,85,55
218000232,59,87,-28
218000239,306,15,291
218000240,35,14,21
218000241,101,0,101
218000242,142,4,138
218000243,310,2,308
218000244,97,3,94
218000245,21,2,19
218000246,7,0,7
218000247,10,0,10
218000248,0,18,-18
218000249,2,0,2
218000250,3,16,-13
218000251,6,10,-4
218000252,5,21,-16
218000253,5,21,-16
218000254,0,10,-10
218000255,2,11,-9
218000256,2,54,-52
218000267,863,1439,-576
218000268,7,68,-61
218000269,10,16,-6
218000270,93,44,49
218000271,39,82,-43
218000273,11,10,1
218000274,7,12,-5
218000275,21,46,-25
218000276,4,70,-66
218000278,48,35,13
218000279,72,89,-17
218000280,16,54,-38
218000281,17,12,5
218000282,678,507,171
218000284,166,34,132
218000301,87,105,-18
218000302,119,53,66
218000303,57,104,-47
218000316,773,1575,-802
218000317,960,1601,-641
218000318,571,994,-423
218000319,1173,1508,-335
218000320,1088,992,96
218000338,116,36,80
218000345,158,79,79
218000346,83,212,-129
218000459,39,299,-260
218000490,66,59,7
218000501,197,66,131
218000502,29,117,-88
218000503,113,25,88
218000504,212,26,186
218000505,53,182,-129
218000506,29,243,-214
218000508,22,6,16
218000510,259,19,240
218000520,141,120,21
218000521,14,41,-27
218000522,1,104,-103
218000523,261,7,254
218000524,44,334,-290
218000525,175,24,151
218000526,40,138,-98
218000529,25,169,-144
218000531,20,33,-13
218000532,30,20,10
218000534,136,25,111
218000537,37,66,-29
218000538,156,220,-64
218000540,271,79,192
218000543,104,68,36
218000544,52,95,-43
218000545,53,73,-20
218000546,63,89,-26
218000547,152,138,14
218000548,180,139,41
218000549,502,308,194
218000550,253,348,-95
218000551,173,771,-598
218000552,553,56,497
218000553,41,113,-72
218000554,69,30,39
218000555,41,45,-4
218000556,180,376,-196
218000557,368,241,127
218000558,96,1,95
218000559,0,45,-45
218000560,0,40,-40
218000561,40,0,40
218000562,26,199,-173
218000563,285,33,252
218000564,19,149,-130
218000565,182,26,156
218000566,369,38,331
218000567,10,63,-53
218000568,45,3,42
218000569,26,132,-106
218000570,189,8,181
218000571,0,164,-164
218000572,250,5,245
218000573,23,131,-108
218000574,139,59,80
218000575,124,2,122
218000576,0,88,-88
218000577,180,0,180
218000578,1,95,-94
218000579,44,43,1
218000581,13,46,-33
218000582,87,3,84
218000583,25,0,25
218000584,4,17,-13
218000585,25,2,23
218000586,6,44,-38
218000587,6,0,6
218000588,1,8,-7
218000589,0,6,-6
218000590,5,2,3
218000591,5,7,-2
218000592,6,2,4
218000593,108,1,107
218000594,24,2,22
218000597,8,0,8
218000598,1,0,1
218000599,11,2,9
218000600,83,5,78
218000601,1,0,1
218000602,1,14,-13
218000603,0,3,-3
218000604,13,0,13
218000605,0,262,-262
218000606,606,1,605
218000607,9,55,-46
218000608,135,11,124
218000609,5,64,-59
218000610,93,6,87
218000611,42,1,41
218000612,1,19,-18
218000613,33,1,32
218000614,0,34,-34
218000615,219,1,218
218000616,5,86,-81
218000617,47,1,46
218000618,3,19,-16
218000619,169,46,123
218000620,6,6,0
218000621,1,5,-4
218000622,0,14,-14
218000623,338,2,336
218000624,18,22,-4
218000625,28,5,23
218000626,0,14,-14
218000628,200,59,141
218000631,77,19,58
218000632,4,130,-126
218000633,117,0,117
218000634,11,26,-15
218000635,7,13,-6
218000636,902,1673,-771
218000637,764,745,19
218000638,123,61,62
218000639,19,197,-178
218000640,219,55,164
218000641,243,329,-86
218000652,57,127,-70
218000653,192,83,109
218000663,4,154,-150
218000675,93,50,43
218000680,249,533,-284
218000681,487,199,288
218000691,122,311,-189
218000693,137,178,-41
218000718,651,791,-140
218000719,1171,382,789
218000720,19,126,-107
218000721,316,15,301
218001147,6,353,-347
218001214,28,22,6
218001258,236,6,230
218001329,199,169,30
218001330,198,159,39
218001351,52,17,35
218001352,14,25,-11
218001353,34,14,20
218001354,14,46,-32
218001355,33,336,-303
218001356,266,13,253
218001357,73,309,-236
218001358,290,16,274
218001361,206,17,189
218001362,0,336,-336
219000001,40,82,-42
219000002,70,83,-13
219000003,48,40,8
219000004,53,58,-5
219000017,240,22,218
219000020,95,25,70
219000022,128,9,119
219000023,150,1,149
219000029,0,106,-106
219000034,153,23,130
219000039,194,82,112
219000040,67,30,37
219000041,118,43,75
219000051,0,39,-39
219000052,0,20,-20
219000053,1,137,-136
219000055,148,9,139
219000056,54,1,53
219000057,113,1,112
219000062,43,129,-86
219000063,65,6,59
219000064,4,131,-127
219000110,775,57,718
219000111,140,69,71
219000112,180,66,114
219000113,155,72,83
219000114,227,101,126
219000116,100,49,51
219000117,141,91,50
219000118,195,79,116
219000123,374,101,273
219000124,113,50,63
219000125,12,15,-3
219000126,144,94,50
219000127,2,5,-3
219000128,28,112,-84
219000129,40,181,-141
219000130,740,712,28
219000131,804,917,-113
219000133,89,55,34
219000134,20,35,-15
219000135,44,59,-15
219000136,180,206,-26
219000138,54,20,34
219000139,18,74,-56
219000140,32,9,23
219000141,12,108,-96
219000142,10,111,-101
219000143,21,127,-106
219000145,19,94,-75
219000146,2,43,-41
219000147,5,38,-33
219000148,1,35,-34
219000149,9,116,-107
219000150,2,67,-65
219000151,4,41,-37
219000157,235,199,36
219000158,164,290,-126
219000161,153,17,136
219000163,1623,573,1050
219000166,137,260,-123
219000167,123,284,-161
219000168,358,174,184
219000174,387,89,298
219000175,59,4,55
219000176,70,11,59
219000177,35,5,30
219000178,28,4,24
219000179,27,1,26
219000180,28,20,8
219000182,114,32,82
219000183,76,21,55
219000184,102,7,95
219000185,0,59,-59
219000186,31,58,-27
219000187,19,84,-65
219000189,179,229,-50
219000190,220,277,-57
219000191,1341,1277,64
219000192,199,148,51
219000193,403,191,212
219000195,1,70,-69
219000196,11,158,-147
219000198,27,183,-156
219000199,70,438,-368
219000200,45,375,-330
219000201,104,290,-186
219000203,72,160,-88
219000204,392,237,155
219000205,81,182,-101
219000207,184,285,-101
219000209,25,95,-70
219000210,96,162,-66
219000213,13,154,-141
219000239,221,362,-141
219000240,307,364,-57
219000241,86,222,-136
219000242,124,207,-83
219000243,93,286,-193
219000244,109,129,-20
219000245,60,69,-9
219000246,76,28,48
219000247,123,30,93
219000248,789,341,448
219000249,268,107,161
219000250,125,129,-4
219000251,571,211,360
219000252,270,161,109
219000253,390,106,284
219000255,125,144,-19
219000256,194,92,102
219000257,182,3,179
219000262,137,186,-49
219000263,103,220,-117
219000267,0,155,-155
219000268,1,7,-6
219000269,13,2,11
219000270,14,2,12
219000271,166,12,154
219000278,0,12,-12
219000279,1,3,-2
219000283,0,18,-18
219000295,9,101,-92
219000296,71,569,-498
219000297,13,146,-133
219000298,12,180,-168
219000299,377,76,301
219000300,32,250,-218
219000301,277,388,-111
219000302,47,332,-285
219000307,42,46,-4
219000308,53,56,-3
219000311,194,54,140
219000312,506,166,340
219000313,378,79,299
219000314,52,564,-512
219000315,211,68,143
219000316,457,62,395
219000317,103,16,87
219000320,0,44,-44
219000321,0,14,-14
219000323,3,57,-54
219000325,0,43,-43
219000326,87,119,-32
219000327,54,46,8
219000328,40,80,-40
219000329,343,147,196
219000330,32,32,0
219000331,45,37,8
219000332,86,93,-7
219000333,10,12,-2
219000335,93,4,89
219000337,57,1,56
219000338,101,3,98
219000344,27,94,-67
219000345,52,112,-60
219000346,67,173,-106
219000348,125,116,9
219000349,62,209,-147
219000350,171,167,4
219000351,10,3,7
219000352,320,67,253
219000353,135,52,83
219000354,152,138,14
219000355,228,73,155
219000356,1625,1150,475
219000363,260,88,172
219000364,118,50,68
219000365,188,27,161
219000366,255,519,-264
219000368,570,571,-1
219000370,1280,354,926
219000371,21,28,-7
219000382,21,24,-3
219000383,921,995,-74
219000385,783,597,186
219000386,1009,1608,-599
219000387,1,6,-5
219000390,2,3,-1
219000391,7,6,1
219000397,91,73,18
219000398,99,58,41
219000401,7,148,-141
219000402,27,183,-156
219000403,160,350,-190
219000404,18,144,-126
219000407,8,60,-52
219000409,43,53,-10
219000410,132,53,79
219000411,71,30,41
219000446,235,344,-109
219000447,4,23,-19
219000448,51,12,39
219000452,149,61,88
219000453,128,142,-14
219000454,370,330,40
219000556,262,103,159
219000558,402,179,223
219000590,46,147,-101
219000591,102,103,-1
219000592,166,484,-318
219000595,4,18,-14
219000635,169,89,80
219000636,15,131,-116
219000657,21,17,4
219000658,29,59,-30
219000673,0,7,-7
219000676,34,1,33
219000679,83,7,76
219000684,93,1,92
219000685,2,73,-71
219000686,1,2,-1
219000688,0,104,-104
219000689,25,321,-296
219000690,174,24,150
219000691,54,190,-136
219000692,143,23,120
219000693,1,19,-18
219000694,12,0,12
219000695,14,0,14
219000698,60,0,60
219000699,0,8,-8
219000727,3,180,-177
219000728,222,5,217
219000770,46,2,44
219000771,0,21,-21
219000788,506,307,199
219001150,0,22,-22
219001151,18,4,14
219001166,54,24,30
219001167,2,92,-90
219001178,43,0,43
220000001,230,62,168
220000002,35,175,-140
220000003,788,309,479
220000004,1066,560,506
220000005,1650,1623,27
220000006,343,1033,-690
220000007,464,731,-267
220000008,361,1147,-786
220000009,272,556,-284
220000010,257,165,92
220000011,923,5582,-4659
220000012,105,495,-390
220000014,197,54,143
220000015,157,182,-25
220000017,37,326,-289
220000018,5285,1117,4168
220000019,97,308,-211
220000020,478,289,189
220000021,579,227,352
220000022,562,640,-78
220000023,379,190,189
220000024,1839,405,1434
220000025,950,972,-22
220000026,342,238,104
220000027,105,105,0
220000028,68,57,11
220000029,104,206,-102
220000030,140,100,40
220000031,356,405,-49
220000064,24,646,-622
221000046,9,0,9
221000047,0,15,-15
221000048,0,3,-3
221000049,0,7,-7
221000050,22,0,22
221000055,59,42,17
221000068,263,117,146
221000069,265,51,214
221000070,203,18,185
221000071,88,12,76
221000072,256,16,240
221000073,187,83,104
221000074,1,31,-30
221000075,30,25,5
221000076,19,62,-43
221000077,67,81,-14
221000081,113,47,66
221000082,43,10,33
221000083,32,5,27
221000084,11,7,4
221000085,41,61,-20
221000086,35,130,-95
221000087,3,180,-177
221000088,12,178,-166
221000089,40,292,-252
221000090,134,542,-408
221000098,133,18,115
221000099,166,21,145
221000100,93,12,81
221000101,305,23,282
221000102,0,0,0
221000107,14,0,14
221000108,14,9,5
221000109,2,11,-9
221000110,11,159,-148
221000111,37,254,-217
221000112,5,177,-172
221000113,20,205,-185
221000114,13,196,-183
221000120,34,32,2
221000121,3,33,-30
221000122,50,22,28
221000123,28,44,-16
221000124,72,224,-152
221000155,75,16,59
221000156,137,40,97
221000175,18,11,7
221000176,10,5,5
221000182,43,18,25
221000241,711,245,466
221000242,176,501,-325
221000243,899,150,749
221000244,272,604,-332
221000245,199,167,32
221000246,66,320,-254
221000247,127,183,-56
221000248,134,216,-82
221000267,91,732,-641
221000325,124,63,61
221000331,24,92,-68
221000338,6,38,-32
221000378,203,55,148
221000381,93,81,12
222000282,42,1,41
222000296,14,18,-4
222000568,315,15,300
222000569,212,34,178
222000570,89,12,77
222000571,266,7,259
222000577,3,200,-197
222000578,33,258,-225
222000579,46,181,-135
222000580,110,970,-860
222000599,2,139,-137
222000600,2,305,-303
222000601,7,918,-911
222000603,29,32,-3
222000604,9,50,-41
222000605,26,35,-9
222000606,17,13,4
222000607,13,8,5
222000608,74,11,63
222000609,56,270,-214
222000616,224,51,173
222000617,46,18,28
222000618,9,2,7
222000620,50,15,35
222000621,102,9,93
222000623,682,3,679
222000624,259,1,258
222000625,449,17,432
222000636,71,2,69
222000686,38,10,28
222000687,46,36,10
222001066,273,4,269
222001067,8,8,0
222001068,15,28,-13
222001069,27,37,-10
222001082,7,43,-36
222001083,16,62,-46
222001084,0,80,-80
222001085,0,123,-123
222001111,82,186,-104
222001112,92,31,61
222001313,89,13,76
222001314,13,113,-100
222001464,122,48,74
222001465,26,196,-170
222001484,103,64,39
222001485,27,39,-12
222001494,274,168,106
222001495,124,365,-241
222001496,333,180,153
222001497,178,506,-328
222001502,17,91,-74
222001503,106,53,53
222001504,23,247,-224
222001505,194,18,176
222001506,21,274,-253
222001507,197,34,163
222001510,252,24,228
222001511,43,413,-370
222001514,480,146,334
222001515,210,574,-364
222001518,176,62,114
222001519,60,247,-187
222001527,163,49,114
222001528,51,224,-173
222001529,140,29,111
222001530,27,188,-161
222001533,123,309,-186
222001534,231,63,168
222001535,203,207,-4
222001536,102,353,-251
222001537,163,13,150
222001538,49,435,-386
222001563,370,104,266
222001564,50,681,-631
222001568,441,123,318
222001576,1,3,-2
222001579,0,6,-6
222001583,30,191,-161
222001584,81,37,44
222001596,736,1285,-549
222001597,1733,309,1424
222001626,0,176,-176
222001650,80,120,-40
222001651,122,160,-38
222001914,161,51,110
222001915,33,224,-191
222001968,532,318,214
222001969,410,766,-356
222001970,187,297,-110
222001971,31,24,7
222001972,1,33,-32
225000001,358,305,53
225000002,732,215,517
225000003,532,166,366
225000004,372,340,32
225000005,52,56,-4
225000006,0,182,-182
225000007,2706,1757,949
225000010,405,9,396
225000011,543,1252,-709
225000012,275,606,-331
225000013,157,157,0
225000014,1578,92,1486
225000015,104,207,-103
225000021,701,364,337
225000027,284,620,-336
225000032,557,241,316
225000042,91,830,-739
225000049,81,106,-25
225000050,93,30,63
225000053,9,331,-322
225000058,952,157,795
225000067,253,216,37
225000068,182,438,-256
225000069,182,617,-435
225000070,82,505,-423
225000071,52,266,-214
225000075,30,1390,-1360
225000076,117,162,-45
225000078,71,83,-12
225000085,60,159,-99
225000086,251,89,162
225000087,201,22,179
225000088,18,217,-199
225000089,481,1181,-700
225000090,62,518,-456
225000091,190,211,-21
225000092,42,99,-57
225000093,217,405,-188
225000094,16,385,-369
225000095,383,562,-179
225000096,490,640,-150
225000098,624,393,231
225000099,346,266,80
225000100,388,362,26
225000104,264,1218,-954
225000110,58,1056,-998
225000111,694,2480,-1786
225000112,1126,2470,-1344
225000113,624,1306,-682
225000114,162,598,-436
225000115,5074,1656,3418
225000116,2312,864,1448
225000117,1984,724,1260
225000118,1894,686,1208
225000119,382,348,34
225000120,1578,406,1172
225000121,514,144,370
225000123,2482,156,2326
225000125,772,680,92
225000126,2450,600,1850
225000127,2028,2048,-20
225000128,1116,1480,-364
225000132,496,128,368
225000133,440,126,314
225000134,1048,360,688
225000135,60,2,58
225000136,440,32,408
225000137,600,168,432
225000138,926,148,778
225000143,186,488,-302
225000144,2,902,-900
225000145,412,158,254
225000146,168,418,-250
225000147,98,894,-796
225000148,10,656,-646
225000149,178,1044,-866
225000151,58,622,-564
225000155,1048,1376,-328
225000156,622,2116,-1494
225000157,846,978,-132
225000158,198,702,-504
225000171,22,400,-378
225000180,112,2,110
225000181,0,130,-130
225000182,194,100,94
225000185,18,900,-882
225000187,200,1006,-806
225000191,292,0,292
225000194,0,30,-30
225000208,0,116,-116
225000209,210,34,176
225000210,16,730,-714
225000217,0,56,-56
225000218,36,2,34
225000223,0,100,-100
225000224,1196,10,1186
225000225,0,270,-270
225000226,262,16,246
225000227,114,444,-330
225000228,26,136,-110
225000229,0,216,-216
225000230,540,0,540
225000231,2,228,-226
225000232,888,6,882
225000241,606,2,604
225000242,0,184,-184
225000249,130,0,130
225000250,124,2226,-2102
225000251,798,76,722
226000042,1128,1040,88
226000043,238,644,-406
226000044,534,1674,-1140
226000045,214,1000,-786
226000046,910,238,672
226000047,822,228,594
226000048,1112,298,814
226000049,586,442,144
226000070,0,78,-78
226000071,0,114,-114
226000072,0,34,-34
226000073,0,18,-18
226000074,0,22,-22
226000084,22,192,-170
226000085,36,32,4
226000086,6,26,-20
226000087,16,34,-18
226000088,68,12,56
226000090,516,294,222
226000091,24,62,-38
226000092,18,0,18
226000093,130,2,128
226000094,74,8,66
226000095,550,20,530
226000105,50,4,46
226000106,18,2,16
226000107,14,8,6
226000108,184,2,182
226000109,218,0,218
226000124,254,194,60
226000134,976,1098,-122
226000135,2016,1486,530
226000136,754,820,-66
226000137,8,1248,-1240
226000138,30,824,-794
226000139,4,42,-38
226000156,400,4,396
226000157,602,20,582
226000163,300,236,64
226000202,28,958,-930
226000231,590,36,554
226000232,128,22,106
227000033,572,168,404
227000036,534,86,448
227000037,346,82,264
227000038,672,194,478
227000049,2,104,-102
227000050,6,226,-220
227000055,458,4,454
227000056,146,0,146
227000084,14,126,-112
227000085,0,82,-82
227000088,248,16,232
227000089,388,6,382
227000090,264,2,262
227000091,74,2,72
227000093,438,0,438
227000094,76,0,76
227000130,112,152,-40
227000131,42,554,-512
227000132,88,570,-482
227000133,46,514,-468
227000134,46,704,-658
227000152,0,12,-12
227000153,0,82,-82
227000155,0,34,-34
227000156,2,60,-58
227000165,4,48,-44
227000196,434,460,-26
227000199,316,924,-608
227000230,12,674,-662
227000232,374,58,316
227000242,116,966,-850
227000243,708,258,450
227000245,60,820,-760
227000246,288,990,-702
227000247,512,236,276
227000248,798,86,712
227000249,106,504,-398
227000250,1260,412,848
227000251,546,716,-170
227000252,54,710,-656
227000253,178,48,130
227000262,480,176,304
227000266,1430,38,1392
227000267,80,2426,-2346
227000282,4,324,-320
227000284,624,62,562
227000286,8,144,-136
227000287,16,214,-198
227000291,24,722,-698
227000484,394,20,374
227000485,54,1238,-1184
227000655,234,18,216
227000656,820,50,770
227000657,126,24,102
227000661,322,32,290
227000680,1224,274,950
229000265,32,136,-104
229000296,28,34,-6
229000297,20,80,-60
229000298,24,292,-268
229000320,32,12,20
229000321,64,12,52
229000412,36,98,-62
229000414,16,166,-150
229000415,28,0,28
229000416,16,12,4
229000417,2,20,-18
229000419,250,562,-312
229000440,482,108,374
229000442,32,2,30
229000443,14,4,10
229000444,38,50,-12
229000445,182,32,150
229000446,118,34,84
229000847,104,0,104
229000848,68,0,68
229000849,186,0,186
229000851,30,0,30
229000854,2,84,-82
229000856,4,216,-212
229000857,0,76,-76
229000858,0,156,-156
229000919,26,270,-244
229000930,8,614,-606
229000937,228,40,188
229000966,80,48,32
229000981,28,146,-118
229000985,22,96,-74
229000986,6,20,-14
229000987,0,0,0
229000988,4,6,-2
229000989,30,18,12
229000990,2,4,-2
229000991,14,2,12
229000992,22,22,0
229000993,310,50,260
229000998,30,132,-102
229000999,132,16,116
229001034,6,20,-14
229001035,38,0,38
229001037,108,24,84
229001042,12,52,-40
229001047,6,100,-94
229001050,84,166,-82
229001200,6,0,6
229001338,8,64,-56
229001394,396,16,380
229001422,216,60,156
229001423,72,404,-332
229001431,118,116,2
229001432,160,178,-18
229001444,224,100,124
229001445,92,410,-318
229001503,448,178,270
229001504,204,488,-284
229001505,186,68,118
229001506,216,464,-248
229001509,188,66,122
229001545,148,6,142
229001546,24,296,-272
229001553,160,36,124
229001554,50,268,-218
229001559,14,14,0
229001560,10,34,-24
229001630,112,30,82
229001631,34,98,-64
229001635,0,6,-6
229001636,28,2,26
229001658,4,302,-298
229001659,96,2,94
229001660,4,14,-10
229001661,46,52,-6
229001662,224,4,220
229001663,0,52,-52
229002584,336,370,-34
229002831,540,290,250
229002841,38,28,10
229002842,72,32,40
229002843,236,32,204
229002844,134,106,28
229002845,30,100,-70
229002846,186,30,156
229002847,46,26,20
229002848,28,34,-6
229002849,52,96,-44
229002850,12,0,12
229002851,170,164,6
229002852,430,24,406
229002853,270,36,234
229002854,154,70,84
229002855,48,28,20
229002856,442,16,426
229002857,36,84,-48
229002858,76,14,62
229002859,132,60,72
229002860,376,20,356
229002861,126,60,66
229002862,80,44,36
229002863,132,14,118
229002864,54,36,18
229002865,20,20,0
229002866,12,14,-2
229002867,14,48,-34
229002868,116,18,98
229002869,60,312,-252
229002870,60,22,38
235000066,690,172,518
235000067,210,230,-20
235000072,70,142,-72
235000073,94,610,-516
235000074,92,168,-76
235000080,98,182,-84
235000081,176,216,-40
235000082,408,194,214
235000083,328,260,68
235000084,174,180,-6
235000085,178,166,12
235000089,30,112,-82
235000092,108,302,-194
235000093,26,14,12
235000097,8,24,-16
235000098,114,42,72
235000099,50,42,8
235000116,178,40,138
235000117,2150,46,2104
235000133,6,888,-882
235000134,24,296,-272
235000206,60,0,60
235000207,6,4,2
235000208,4,2,2
235000209,20,6,14
235000210,56,2,54
235000212,14,32,-18
235000213,0,20,-20
235000220,16,4,12
235000221,140,20,120
235000238,42,128,-86
235000239,2,30,-28
235000242,684,982,-298
235000245,1508,384,1124
235000246,64,136,-72
235000284,4,232,-228
235000295,462,40,422
235000305,630,66,564
235000306,264,14,250
235000307,36,6,30
235000308,102,2,100
235000309,130,0,130
235000310,76,0,76
235000311,438,192,246
235000322,0,74,-74
235000323,2,112,-110
235000324,0,50,-50
235000325,2,20,-18
235000326,14,456,-442
235000351,2,158,-156
235000352,30,100,-70
235000353,2,28,-26
235000354,20,62,-42
235000355,20,98,-78
235000356,226,0,226
235000357,56,14,42
235000358,160,6,154
235000359,30,10,20
235000360,108,10,98
235000361,168,8,160
235000381,136,560,-424
235000382,186,64,122
235000390,38,4,34
235000391,234,44,190
235000392,312,446,-134
235000393,256,266,-10
235000395,166,112,54
235000396,620,222,398
235000400,200,286,-86
235000401,124,344,-220
235000405,220,510,-290
235000406,176,404,-228
235000407,108,186,-78
235000409,358,280,78
235000410,64,420,-356
235000411,0,138,-138
235000485,0,8,-8
235000486,12,0,12
235000549,156,252,-96
235000550,274,254,20
235000599,130,98,32
235000600,16,30,-14
235000601,38,60,-22
235000602,132,204,-72
235000614,6,4,2
235000648,2,32,-30
235000649,108,6,102
235000685,0,18,-18
235000815,32,76,-44
235000834,0,44,-44
235000855,70,96,-26
235000862,156,394,-238
235000891,0,4,-4
235000892,34,4,30
235000901,110,198,-88
235000907,30,38,-8
235001010,92,148,-56
235001029,934,732,202
235001030,748,494,254
235001078,190,240,-50
235001079,210,208,2
235001147,44,148,-104
235001166,126,156,-30
235001167,76,92,-16
235001169,108,534,-426
235001188,2,24,-22
235001189,8,0,8
235001197,22,48,-26
235001200,64,58,6
235001207,646,108,538
235001210,212,606,-394
235001215,82,454,-372
235001239,0,106,-106
235001244,0,6,-6
235016267,2,342,-340
277102712,2,0,2
277103813,0,0,0
277103814,0,0,0
277104249,0,2,-2
277104250,0,28,-28
277104251,0,4,-4
277104252,0,2,-2
990011530,0,410,-410
990014944,0,930,-930
990015176,190,6,184
990015618,2,266,-264
990016032,2,674,-672
990032570,0,84,-84
990070001,210,64,146
990070103,0,2,-2
990070601,0,74,-74
990070751,1010,6,1004
990070766,0,1094,-1094
990071180,992,432,560
990071343,104,6,98
990071387,0,38,-38
990071823,34,2,32
990072600,2,1370,-1368
990072964,0,750,-750
990073285,0,4,-4
990074393,2,1524,-1522
990074870,2158,80,2078
990075106,2350,18,2332
990075746,858,10,848
990076437,1668,6,1662
990076458,38,2374,-2336
997000007,1440,42,1398
997000041,2,232,-230
997000058,44,0,44
997000062,224,0,224
997000069,0,8,-8
997000070,0,70,-70
997000100,52,0,52
997000141,10,2526,-2516
997000198,1390,1660,-270
998000475,2,40,-38
998000736,6,442,-436
998000965,4,62,-58
998001031,0,186,-186
998001700,0,36,-36
998001899,0,2,-2
998001900,10,2,8
998003073,1758,50,1708
998101900,0,0,0
998102850,2,204,-202
998501927,1978,1132,846
998501929,184,26,158
998501930,80,2,78
998501931,178,4,174
998501932,24,2,22
998501933,160,54,106
998501937,18,0,18
998501944,2,2,0
998501950,0,14,-14
998501970,82,0,82
998501971,0,150,-150
998501973,0,108,-108
998501974,2,486,-484
998501975,930,2,928
998501976,280,26,254
998501977,2,34,-32
998501978,62,0,62
998501979,0,42,-42
998501980,432,62,370
998501981,176,52,124
998501982,0,220,-220
998501983,2,0,2
998502006,0,0,0
998502024,0,20,-20
998502032,0,8,-8
998502062,192,124,68
998502063,0,0,0
998502173,116,0,116
998502269,0,2,-2
998502546,4,302,-298
998502578,0,16,-16
998502599,276,738,-462
998502621,0,0,0
998601159,2,460,-458
998601292,0,44,-44
999033574,6,1448,-1442
999800001,68,0,68
999800002,0,8,-8
999800003,0,0,0
999800004,0,4,-4
999800005,0,8,-8
