ID,insum,outsum,diff
100000001,400,515,-115
100000002,2595,1944,651
100000003,3216,3084,132
100000004,417,762,-345
100000005,1553,2869,-1316
100000006,507,124,383
100000007,1504,496,1008
100000008,235,374,-139
100000009,449,201,248
100000010,48,47,1
100000011,499,167,332
100000012,77,1222,-1145
100000013,155,343,-188
100000014,439,293,146
100000015,992,1415,-423
100000016,516,834,-318
100000017,488,602,-114
100000018,751,411,340
100000019,2096,1483,613
100000020,976,3668,-2692
100000021,3271,1469,1802
100000022,554,1602,-1048
100000023,2881,963,1918
100000025,415,829,-414
100000028,650,668,-18
100000029,138,229,-91
100000030,57,23,34
100000031,1445,3620,-2175
100000032,1106,2359,-1253
100000033,716,1764,-1048
100000034,96,610,-514
100000035,727,796,-69
100000036,891,1030,-139
100000037,470,306,164
100000038,1522,696,826
100000039,293,211,82
100000040,165,99,66
100000041,887,342,545
100000042,666,297,369
100000043,448,423,25
100000044,217,451,-234
100000045,229,557,-328
100000046,454,457,-3
100000047,177,277,-100
100000048,221,346,-125
100000049,867,974,-107
100000051,359,541,-182
100000053,64,4,60
100000054,225,26,199
100000055,553,270,283
100000056,335,415,-80
100000057,1289,446,843
100000058,518,693,-175
100000059,4,144,-140
100000060,359,214,145
100000061,1572,286,1286
100000062,1284,371,913
100000063,647,190,457
100000064,841,228,613
100000065,190,464,-274
100000066,100,383,-283
100000067,249,419,-170
100000068,298,929,-631
100000069,235,713,-478
100000072,220,458,-238
100000073,671,705,-34
100000075,529,187,342
100000076,1153,2193,-1040
100000077,80,270,-190
100000078,12,26,-14
100000079,18,26,-8
100000080,15,42,-27
100000081,69,199,-130
100000102,1985,2744,-759
100000103,1522,918,604
100000104,1812,1589,223
100000105,1244,1184,60
100000106,1193,2098,-905
100000107,181,862,-681
100000108,358,554,-196
100000109,1048,918,130
100000116,585,662,-77
100000117,54,146,-92
100000118,683,1045,-362
100000119,390,690,-300
100000121,196,350,-154
100000122,878,875,3
100000123,1213,1936,-723
100000124,2953,2888,65
100000125,2311,1074,1237
100000126,424,340,84
100000127,926,305,621
100000128,1322,1410,-88
100000129,266,468,-202
100000130,322,228,94
100000131,1054,1416,-362
100000132,490,1312,-822
100000133,2061,1207,854
100000135,429,966,-537
100000139,174,483,-309
100000140,244,224,20
100000142,367,375,-8
100000143,874,362,512
100000144,1962,584,1378
100000147,958,2547,-1589
100000150,44,387,-343
100000151,547,1278,-731
100000153,140,332,-192
100000154,29,194,-165
100000155,9,37,-28
100000156,278,422,-144
100000157,270,95,175
100000158,223,184,39
100000159,209,448,-239
100000165,691,548,143
100000169,102,678,-576
100000174,294,553,-259
100000179,78,293,-215
100000180,813,1410,-597
100000181,228,211,17
100000188,44,111,-67
100000189,697,302,395
100000190,441,1122,-681
100000191,514,458,56
100000192,19,76,-57
100000193,251,149,102
100000330,506,590,-84
100000355,94,459,-365
100000362,2726,1540,1186
100000363,3462,3453,9
100000364,83,187,-104
100000365,4451,7074,-2623
100000366,2562,1831,731
100000367,3426,5199,-1773
100000368,2425,737,1688
100000369,535,1361,-826
100000370,165,570,-405
100000376,80,118,-38
100000379,1356,1160,196
100000380,3280,3447,-167
100000384,3715,4500,-785
100000385,2031,2672,-641
100000386,3669,3817,-148
100000387,2476,3960,-1484
100000388,2639,4011,-1372
100000389,2673,3918,-1245
100000390,3478,4450,-972
100000391,2503,4923,-2420
100000392,1904,3112,-1208
100000393,1513,3857,-2344
100000394,4011,6445,-2434
100000395,2633,4390,-1757
100000396,4440,3089,1351
100000397,2772,6541,-3769
100000398,7193,5232,1961
100000413,2,0,2
100000414,113,293,-180
100900002,6,14,-8
100900003,235,189,46
100900004,6,591,-585
100900005,69,8,61
100900006,8,46,-38
100900007,146,3,143
100900008,1,221,-220
100900009,36,143,-107
100900010,38,34,4
100900011,119,129,-10
100900012,0,130,-130
100900013,581,7,574
100900014,2,10,-8
100900015,50,66,-16
100900016,1,25,-24
100900017,589,58,531
100900018,0,24,-24
100900019,13,38,-25
100900020,258,3,255
100900021,293,0,293
100900022,2,28,-26
100900023,0,27,-27
100900024,245,2,243
100900025,9,12,-3
100900026,72,64,8
100900027,328,1575,-1247
100900028,89,162,-73
100900029,64,6,58
100900030,7,70,-63
100900031,453,28,425
100900032,202,0,202
100900033,141,121,20
100900034,534,3,531
100900035,174,0,174
100900036,2,1,1
100900037,74,113,-39
100900038,89,61,28
100900039,178,232,-54
100900040,370,323,47
100900041,448,292,156
100900042,1372,1078,294
100900043,0,9,-9
100900044,833,241,592
100900045,42,6,36
100900046,677,5,672
100900047,445,117,328
100900048,78,51,27
100900049,34,88,-54
100900050,0,4,-4
100900051,14,36,-22
100900052,136,23,113
100900053,371,28,343
100900054,12,46,-34
100900055,127,492,-365
100900056,30,49,-19
100900057,791,979,-188
100900058,103,29,74
100900059,57,6,51
100900060,145,3,142
100900061,223,98,125
100900062,6,18,-12
100900063,171,453,-282
100900064,398,18,380
100900065,44,76,-32
100900066,97,175,-78
100900067,7,7,0
100900068,88,58,30
100900069,397,15,382
100900070,233,0,233
100900071,399,109,290
100900072,7,33,-26
100900073,67,203,-136
100900074,0,4,-4
100900075,1023,195,828
100900076,2,21,-19
100900077,24,29,-5
100900078,60,189,-129
100900079,4,11,-7
100900080,38,93,-55
100900081,31,82,-51
100900082,151,270,-119
100900083,16,11,5
100900085,14,218,-204
100900086,79,437,-358
100900088,76,231,-155
100900089,1,11,-10
100900090,55,315,-260
100900091,1,28,-27
100900092,104,131,-27
100900093,211,155,56
100900094,105,193,-88
100900095,0,13,-13
100900096,31,64,-33
100900097,3,2,1
100900098,21,55,-34
100900099,17,268,-251
100900100,4,204,-200
100900101,154,16,138
100900102,14,33,-19
100900103,7,34,-27
100900104,7,74,-67
100900105,14,219,-205
100900106,32,12,20
100900107,919,543,376
100900108,2,3,-1
100900109,12,31,-19
100900110,0,4,-4
100900111,11,110,-99
100900112,2,6,-4
100900113,8,10,-2
100900114,15,11,4
100900115,5,6,-1
100900116,430,360,70
100900117,184,611,-427
100900118,12,21,-9
100900119,11,5,6
100900120,12,11,1
100900121,206,289,-83
100900122,74,122,-48
100900123,66,99,-33
100900124,8,13,-5
100900125,10,29,-19
100900126,154,108,46
100900127,2,5,-3
100900128,69,95,-26
100900129,0,112,-112
100900131,35,86,-51
100900133,26,26,0
100900134,2,14,-12
100900135,0,126,-126
100900137,194,140,54
100900138,233,271,-38
100900139,2,9,-7
100900140,2,191,-189
100900141,0,276,-276
100900142,0,6,-6
100900143,633,260,373
100900144,4,5,-1
100900145,68,103,-35
100900146,5,33,-28
100900147,7,266,-259
100900148,41,306,-265
100900149,29,137,-108
100900150,1,14,-13
100900151,122,322,-200
100900152,119,6,113
100900153,6,107,-101
100900154,80,90,-10
100900155,7,7,0
100900156,12,2,10
100900157,8,141,-133
100900159,1,42,-41
100900160,19,6,13
100900161,19,5,14
100900162,14,136,-122
100900163,114,142,-28
100900164,18,14,4
100900165,5,12,-7
100900166,9,1,8
100900167,10,25,-15
100900168,26,84,-58
100900169,93,592,-499
100900170,10,6,4
100900171,8,299,-291
100900172,0,20,-20
100900173,3,159,-156
100900174,56,10,46
100900176,891,111,780
100900177,333,130,203
100900178,114,103,11
100900179,141,164,-23
100900180,3,4,-1
100900181,51,53,-2
100900182,28,30,-2
100900184,5,81,-76
100900186,280,235,45
100900187,8,40,-32
100900188,13,11,2
100900189,933,115,818
100900191,575,854,-279
100900192,177,354,-177
100900195,63,99,-36
100900197,4,26,-22
100900198,18,108,-90
100900199,2,1,1
100900200,459,238,221
100900201,27,373,-346
100900202,81,9,72
100900203,0,195,-195
100900204,194,615,-421
100900205,116,504,-388
100900206,132,33,99
100900207,201,118,83
100900210,45,268,-223
100900211,248,95,153
100900213,93,26,67
100900214,344,139,205
100900215,8,28,-20
100900217,58,70,-12
101000001,1655,1377,278
101000002,3611,4023,-412
101000003,238,630,-392
101000004,4056,4163,-107
101000005,2076,2808,-732
101000006,3278,4310,-1032
101000007,1648,2210,-562
101000009,1419,629,790
101000010,533,580,-47
101000011,627,247,380
101000012,642,506,136
101000013,461,688,-227
101000014,249,303,-54
101000015,1019,608,411
101000016,252,273,-21
101000017,301,231,70
101000018,1647,1635,12
101000020,1619,678,941
101000021,609,245,364
101000022,8,4,4
101000023,819,513,306
101000025,202,304,-102
101000026,186,11,175
101000027,1456,2067,-611
101000028,523,186,337
101000029,126,1110,-984
101000030,786,88,698
101000031,303,675,-372
101000032,3300,3442,-142
101000033,1261,2207,-946
101000034,1198,1154,44
101000035,478,179,299
101000036,1177,759,418
101000037,1469,1325,144
101000039,1082,1683,-601
101000040,1656,2869,-1213
101000041,3341,6156,-2815
101000042,184,683,-499
101000043,2998,5387,-2389
101000045,652,842,-190
101000046,1313,1526,-213
101000047,1072,3125,-2053
101000048,425,340,85
101000049,335,1322,-987
101000050,804,1390,-586
101000051,658,1877,-1219
101000052,885,829,56
101000053,553,820,-267
101000054,1150,565,585
101000055,824,933,-109
101000056,40,67,-27
101000057,976,993,-17
101000058,508,824,-316
101000059,1337,1591,-254
101000060,1265,543,722
101000061,476,984,-508
101000062,382,574,-192
101000063,416,880,-464
101000064,682,930,-248
101000065,236,442,-206
101000066,626,925,-299
101000067,804,906,-102
101000068,188,420,-232
101000069,195,60,135
101000070,678,701,-23
101000071,1306,693,613
101000072,379,1913,-1534
101000073,515,879,-364
101000074,2746,2722,24
101000075,2370,3818,-1448
101000077,1138,1106,32
101000078,573,1142,-569
101000079,1411,551,860
101000080,1077,713,364
101000081,1225,1201,24
101000082,1782,2181,-399
101000083,1953,1686,267
101000084,864,611,253
101000085,948,792,156
101000086,710,875,-165
101000087,653,705,-52
101000088,863,889,-26
101000089,769,1171,-402
101000090,1389,749,640
101000091,362,394,-32
101000092,971,556,415
101000093,948,479,469
101000094,831,569,262
101000095,473,328,145
101000096,352,293,59
101000097,271,348,-77
101000098,235,416,-181
101000099,412,654,-242
101000100,552,641,-89
101000101,177,289,-112
101000102,475,405,70
101000103,524,484,40
101000104,307,537,-230
101000105,235,415,-180
101000106,368,932,-564
101000107,172,238,-66
101000108,445,162,283
101000109,338,49,289
101000110,16,226,-210
101000111,73,98,-25
101000113,169,401,-232
101000114,3941,6552,-2611
101000115,107,38,69
101000116,29,32,-3
101000117,1150,166,984
101000119,46,42,4
101000120,68,44,24
101000121,63,75,-12
101000122,70,113,-43
101000123,49,81,-32
101000124,1103,294,809
101000125,129,321,-192
101000128,193,347,-154
101000130,79,169,-90
101000131,660,348,312
101000132,540,421,119
101000135,30,35,-5
101000136,276,152,124
101000137,13,221,-208
101000141,626,2742,-2116
101000147,777,374,403
101000148,563,16,547
101000149,154,256,-102
101000150,78,352,-274
101000151,217,47,170
101000152,198,219,-21
101000153,365,148,217
101000154,152,458,-306
101000155,251,113,138
101000156,14,220,-206
101000157,25,23,2
101000160,18,9,9
101000163,129,392,-263
101000164,267,167,100
101000165,167,216,-49
101000166,153,183,-30
101000168,601,360,241
101000252,1428,695,733
101000254,76,78,-2
101000258,57,11,46
101000261,160,61,99
101000262,1113,2179,-1066
101000263,139,730,-591
101000265,53,541,-488
101000266,154,131,23
101000269,16,11,5
101000290,252,1501,-1249
101000293,22,48,-26
101000294,416,290,126
101000295,114,259,-145
101000301,319,392,-73
101000304,1535,1701,-166
101000305,2245,798,1447
101000328,93,252,-159
101900001,48,59,-11
101900002,0,7,-7
101900003,62,55,7
101900004,3,39,-36
101900005,1761,1848,-87
101900006,623,348,275
101900007,325,85,240
101900008,46,162,-116
101900009,26,289,-263
101900010,549,561,-12
101900011,54,502,-448
101900012,111,73,38
101900013,412,155,257
101900017,5,114,-109
101900018,890,148,742
101900019,196,91,105
101900020,58,50,8
101900021,0,13,-13
101900022,87,818,-731
101900023,78,116,-38
101900026,74,33,41
101900027,19,86,-67
102000001,2070,2876,-806
102000002,1423,605,818
102000003,1667,4361,-2694
102000004,2474,1706,768
102000005,808,1740,-932
102000006,626,1154,-528
102000007,963,3106,-2143
102000008,2321,980,1341
102000009,4165,5592,-1427
102000010,2923,1868,1055
102000011,2359,2022,337
102000012,2270,1870,400
102000018,1836,1850,-14
102000019,1495,985,510
102000026,102,268,-166
102000029,157,137,20
102000030,95,206,-111
102000031,84,102,-18
102000032,393,201,192
102000033,225,228,-3
102000034,304,213,91
102000035,487,388,99
102000036,7,128,-121
102000037,116,28,88
102000038,138,265,-127
102000039,146,71,75
102000040,220,202,18
102000041,84,356,-272
102000042,95,259,-164
102000043,94,129,-35
102000044,246,300,-54
102000045,477,533,-56
102000046,705,415,290
102000047,449,613,-164
102000048,254,459,-205
102000049,707,570,137
102000050,628,824,-196
102000051,275,508,-233
102000052,703,478,225
102000053,542,622,-80
102000054,565,667,-102
102000055,942,285,657
102000056,694,484,210
102000057,1022,351,671
102000058,646,680,-34
102000059,854,839,15
102000060,713,595,118
102000061,1032,873,159
102000062,1191,678,513
102000063,748,863,-115
102000064,384,414,-30
102000065,27,126,-99
102000066,634,434,200
102000067,1435,1806,-371
102000068,5509,1751,3758
102000069,61,1465,-1404
102000070,911,29,882
102000071,4676,5775,-1099
102000072,1782,2364,-582
102000073,255,319,-64
102000074,318,410,-92
102000075,77,121,-44
102000076,182,153,29
102000077,409,434,-25
102000078,646,303,343
102000079,87,106,-19
102000080,167,123,44
102000081,249,607,-358
102000082,565,281,284
102000083,419,134,285
102000084,250,176,74
102000085,1057,564,493
102000086,787,471,316
102000087,444,775,-331
102000088,251,121,130
102000089,928,224,704
102000090,276,623,-347
102000091,901,363,538
102000092,213,321,-108
102000093,440,473,-33
102000094,595,453,142
102000095,644,775,-131
102000096,277,503,-226
102000097,371,388,-17
102000098,288,414,-126
102000099,492,612,-120
102000100,297,733,-436
102000101,428,534,-106
102000102,217,619,-402
102000103,882,233,649
102000104,287,198,89
102000105,198,285,-87
102000106,526,232,294
102000107,1056,291,765
102000108,444,113,331
102000109,375,321,54
102000110,842,519,323
102000111,4,213,-209
102000112,130,79,51
102000113,7,18,-11
102000114,524,203,321
102000115,154,217,-63
102000116,210,323,-113
102000117,91,352,-261
102000118,581,929,-348
102000119,985,625,360
102000120,119,342,-223
102000121,672,338,334
102000122,415,611,-196
102000123,728,624,104
102000124,760,699,61
102000125,464,554,-90
102000126,496,469,27
102000127,790,392,398
102000128,522,593,-71
102000129,1017,415,602
102000130,529,444,85
102000131,758,340,418
102000132,289,409,-120
102000133,1743,1139,604
102000134,611,453,158
102000135,442,495,-53
102000136,545,375,170
102000137,347,462,-115
102000138,142,168,-26
102000139,81,280,-199
102000140,110,388,-278
102000141,140,228,-88
102000142,244,176,68
102000143,148,181,-33
102000144,249,204,45
102000145,240,217,23
102000146,274,181,93
102000147,386,268,118
102000148,160,376,-216
102000149,102,178,-76
102000150,285,93,192
102000151,80,115,-35
102000152,187,106,81
102000153,738,457,281
102000154,210,438,-228
102000155,54,260,-206
102000156,192,118,74
102000157,73,327,-254
102000158,266,312,-46
102000159,498,442,56
102000161,1435,1255,180
102000162,104,91,13
102000163,71,340,-269
102000164,394,600,-206
102000165,165,100,65
102000166,97,131,-34
102000167,139,146,-7
102000168,189,133,56
102000169,69,312,-243
102000170,238,81,157
102000171,68,37,31
102000172,38,197,-159
102000173,267,150,117
102000174,47,43,4
102000175,107,34,73
102000176,52,12,40
102000178,210,239,-29
102000179,257,136,121
102000180,815,245,570
102000181,687,310,377
102000182,456,357,99
102000183,1322,1037,285
102000184,1461,427,1034
102000185,2192,813,1379
102000186,984,890,94
102000187,636,839,-203
102000188,987,985,2
102000189,1168,404,764
102000190,343,1652,-1309
102000191,1036,284,752
102000192,913,1067,-154
102000193,41,60,-19
102000194,31,64,-33
102000195,286,203,83
102000196,136,179,-43
102000197,534,219,315
102000198,191,339,-148
102000199,983,182,801
102000200,210,462,-252
102000201,867,264,603
102000202,4,56,-52
102000203,230,101,129
102000204,342,314,28
102000205,792,177,615
102000206,428,273,155
102000207,607,276,331
102000208,272,258,14
102000209,58,37,21
102000210,462,237,225
102000211,242,80,162
102000212,266,9,257
102000213,2,133,-131
102000214,275,13,262
102000215,4,185,-181
102000216,61,72,-11
102000217,7,80,-73
102000218,239,163,76
102000219,249,130,119
102000225,421,311,110
102000226,559,650,-91
102000227,113,0,113
102000228,1,48,-47
102000229,30,43,-13
102000230,235,260,-25
102000231,157,223,-66
102000232,28,114,-86
102000233,266,361,-95
102000234,67,777,-710
102000236,146,26,120
102000237,325,88,237
102000238,96,148,-52
102000240,385,484,-99
102000241,108,78,30
102000243,9,20,-11
102000245,12,59,-47
102000246,0,31,-31
102000247,272,356,-84
102000248,232,484,-252
102000249,85,60,25
102000250,45,145,-100
102000254,87,120,-33
102000266,11,253,-242
102000271,21,1,20
102000286,216,235,-19
102000297,1145,612,533
102000305,0,0,0
102000307,0,5,-5
102000316,209,99,110
102900001,702,399,303
102900002,342,22,320
102900003,74,99,-25
102900005,271,141,130
102900006,328,90,238
102900007,385,17,368
102900008,192,32,160
102900009,403,209,194
102900010,290,649,-359
102900011,949,195,754
102900012,298,55,243
102900013,41,34,7
102900015,395,355,40
102900016,53,63,-10
102900017,116,289,-173
102900018,31,67,-36
102900019,202,173,29
102900020,101,12,89
102900021,42,73,-31
102900022,426,165,261
102900023,10,45,-35
102900024,21,36,-15
102900025,147,79,68
102900026,213,1389,-1176
102900027,37,36,1
102900028,94,518,-424
102900029,116,137,-21
102900030,285,216,69
102900031,202,81,121
102900032,59,47,12
102900033,80,97,-17
102900034,294,24,270
102900035,113,156,-43
102900036,234,236,-2
102900037,354,199,155
102900038,287,188,99
102900039,5,331,-326
102900040,79,123,-44
102900041,55,80,-25
102900042,141,190,-49
102900043,141,169,-28
102900044,311,1025,-714
102900045,101,255,-154
102900046,98,144,-46
102900047,105,257,-152
102900048,350,270,80
102900049,82,194,-112
102900050,151,218,-67
102900051,126,135,-9
102900053,263,349,-86
102900054,253,686,-433
102900055,64,151,-87
102900056,83,254,-171
102900057,6,47,-41
102900058,182,48,134
102900059,25,50,-25
102900060,87,266,-179
102900061,103,268,-165
102900062,168,438,-270
102900063,1010,230,780
102900064,66,263,-197
102900065,694,203,491
102900066,283,17,266
102900068,62,67,-5
102900070,168,281,-113
102900072,10,39,-29
102900073,90,3,87
102900075,27,79,-52
102900076,85,97,-12
102900077,24,25,-1
102900078,21,47,-26
102900079,136,12,124
102900080,273,23,250
102900081,61,183,-122
102900082,8,161,-153
102900083,140,9,131
102900084,3,39,-36
102900085,230,110,120
102900086,14,55,-41
102900087,110,60,50
102900088,20,28,-8
102900089,119,103,16
102900090,2,129,-127
102900091,71,2,69
102900092,227,408,-181
102900094,0,98,-98
102900095,100,0,100
102900096,66,19,47
102900097,0,56,-56
103000001,1566,1625,-59
103000002,1270,1666,-396
103000003,2005,1790,215
103000004,537,558,-21
103000005,1266,2205,-939
103000006,587,1201,-614
103000007,258,368,-110
103000008,676,359,317
103000009,1012,624,388
103000010,134,77,57
103000011,1103,789,314
103000012,964,1027,-63
103000013,2032,1059,973
103000014,907,1764,-857
103000015,871,425,446
103000016,409,983,-574
103000017,171,313,-142
103000018,400,212,188
103000019,217,205,12
103000020,1720,978,742
103000021,1448,1683,-235
103000022,491,693,-202
103000023,555,1372,-817
103000024,56,92,-36
103000025,70,506,-436
103000026,573,125,448
103000027,203,387,-184
103000028,245,200,45
103000029,124,173,-49
103000030,981,691,290
103000031,762,1296,-534
103000032,1403,931,472
103000033,2024,1920,104
103000034,925,575,350
103000035,249,858,-609
103000036,236,281,-45
103000037,338,351,-13
103000038,282,580,-298
103000039,375,183,192
103000040,287,520,-233
103000041,1101,956,145
103000042,943,300,643
103000043,469,495,-26
103000044,206,102,104
103000046,271,231,40
103000047,424,348,76
103000048,138,107,31
103000049,84,85,-1
103000050,456,219,237
103000051,414,273,141
103000052,496,164,332
103000053,96,284,-188
103000054,2000,963,1037
103000055,1429,1393,36
103000056,472,709,-237
103000057,540,150,390
103000058,356,481,-125
103000059,334,489,-155
103000060,507,333,174
103000061,275,613,-338
103000062,655,290,365
103000063,581,681,-100
103000064,119,103,16
103000065,1,248,-247
103000066,198,7,191
103000069,292,248,44
103000070,695,425,270
103000071,839,285,554
103000072,103,323,-220
103000073,514,71,443
103000074,452,72,380
103000075,76,292,-216
103000076,186,277,-91
103000077,15,196,-181
103000078,484,481,3
103000079,321,377,-56
103000080,486,241,245
103000081,240,555,-315
103000082,308,155,153
103000083,68,174,-106
103000084,75,6,69
103000085,1,57,-56
103000086,328,285,43
103000087,59,340,-281
103000088,146,230,-84
103000089,180,333,-153
103000090,1690,805,885
103000091,466,371,95
103000092,188,153,35
103000093,282,273,9
103000094,146,69,77
103000095,36,220,-184
103000096,364,41,323
103000097,60,558,-498
103000098,416,163,253
103000099,163,508,-345
103000100,96,411,-315
103000101,635,84,551
103000102,77,311,-234
103000103,529,104,425
103000104,26,79,-53
103000105,146,105,41
103000106,11,80,-69
103000107,124,35,89
103000108,831,593,238
103000109,316,332,-16
103000110,384,397,-13
103000111,242,293,-51
103000112,204,142,62
103000113,277,498,-221
103000114,969,268,701
103000115,433,342,91
103000116,519,238,281
103000117,350,240,110
103000118,287,313,-26
103000119,635,275,360
103000120,53,73,-20
103000121,186,196,-10
103000122,238,295,-57
103000125,14,83,-69
103000126,479,3,476
103000127,0,92,-92
103000128,99,1,98
103000129,0,63,-63
103000130,45,19,26
103000131,55,62,-7
103000132,66,121,-55
103000133,17,59,-42
103000134,175,516,-341
103000135,352,158,194
103000136,328,285,43
103000137,244,364,-120
103000138,328,396,-68
103000139,3,64,-61
103000140,171,18,153
103000141,20,98,-78
103000142,85,43,42
103000143,32,114,-82
103000144,82,28,54
103000145,16,68,-52
103000150,68,39,29
103000152,144,214,-70
103000153,179,138,41
103000156,2,137,-135
103000157,321,0,321
103000159,46,13,33
103000162,27,9,18
103000163,10,16,-6
103000164,6,8,-2
103000165,43,137,-94
103000166,147,203,-56
103000167,139,82,57
103000168,57,135,-78
103000169,132,265,-133
103000170,669,236,433
103000171,47,78,-31
103000172,204,173,31
103000173,402,141,261
103000174,192,207,-15
103000175,252,148,104
103000176,490,363,127
103000177,307,257,50
103000178,127,200,-73
103000179,148,25,123
103000183,128,11,117
103000185,90,27,63
103000186,118,98,20
103000187,491,139,352
103000188,7,67,-60
103000189,559,585,-26
103000191,248,293,-45
103000292,905,1118,-213
103000293,458,1520,-1062
103000295,41,92,-51
103000296,166,4,162
103000297,14,11,3
103000504,97,13,84
103000505,11,13,-2
103000506,0,147,-147
103000507,147,3,144
103000508,47,52,-5
103000509,170,398,-228
103900001,3,90,-87
103900002,523,99,424
103900003,504,8,496
103900004,82,0,82
103900005,1,82,-81
103900006,6,1,5
103900007,57,0,57
103900008,5,3,2
103900009,173,363,-190
103900010,79,203,-124
103900011,278,72,206
103900012,10,21,-11
103900013,55,33,22
103900014,39,7,32
103900015,64,6,58
103900016,169,96,73
103900017,41,63,-22
103900018,297,129,168
103900019,36,206,-170
103900020,173,344,-171
103900021,175,27,148
103900022,629,379,250
103900023,148,0,148
103900024,31,160,-129
103900025,10,16,-6
103900026,39,0,39
103900027,589,130,459
103900028,22,192,-170
103900029,727,136,591
103900030,233,84,149
103900031,25,6,19
103900032,56,51,5
103900033,66,13,53
103900034,25,62,-37
103900035,45,7,38
103900036,19,23,-4
103900037,65,27,38
103900038,42,127,-85
103900039,75,186,-111
103900040,4,65,-61
103900041,25,32,-7
103900042,65,145,-80
103900043,166,32,134
103900044,33,232,-199
103900045,248,120,128
103900047,70,6,64
103900048,23,13,10
103900049,103,651,-548
103900050,9,101,-92
103900051,0,26,-26
103900052,125,174,-49
103900053,113,307,-194
103900054,102,175,-73
103900055,340,132,208
103900056,52,31,21
103900057,37,58,-21
103900058,208,284,-76
103900059,1,21,-20
103900060,45,109,-64
103900061,124,25,99
103900062,207,52,155
103900063,7,0,7
103900064,106,2,104
103900065,441,243,198
103900066,129,30,99
103900067,135,4,131
103900068,0,0,0
103900069,43,12,31
103900070,112,99,13
103900071,11,49,-38
103900072,27,77,-50
103900073,22,19,3
103900074,77,37,40
103900075,163,37,126
103900076,419,253,166
103900077,21,92,-71
103900078,205,63,142
103900079,80,97,-17
103900080,17,18,-1
103900081,87,51,36
103900082,5,109,-104
103900083,787,847,-60
103900084,37,46,-9
103900085,44,120,-76
103900086,506,268,238
103900088,213,337,-124
103900089,33,88,-55
103900090,30,102,-72
103900091,752,138,614
103900092,504,245,259
103900093,36,175,-139
103900094,4,70,-66
103900095,170,144,26
103900096,15,82,-67
103900097,4,230,-226
103900098,145,73,72
103900099,58,47,11
103900100,162,198,-36
103900101,76,609,-533
103900102,3,27,-24
103900104,5,22,-17
103900105,39,73,-34
103900106,0,62,-62
103900107,137,92,45
103900108,49,120,-71
103900109,108,37,71
103900110,120,23,97
103900111,86,291,-205
103900112,40,67,-27
103900113,84,128,-44
103900114,208,184,24
103900115,182,158,24
103900116,1635,1521,114
103900117,112,29,83
103900119,13,50,-37
103900120,53,50,3
103900122,80,117,-37
103900123,448,320,128
103900124,84,251,-167
103900125,73,41,32
103900126,427,193,234
103900127,169,178,-9
103900128,85,85,0
103900131,48,82,-34
103900133,666,30,636
103900134,1,1,0
103900135,1,3,-2
103900137,0,9,-9
103900138,141,101,40
103900139,279,1398,-1119
103900140,5,152,-147
103900141,139,40,99
103900142,153,86,67
103900143,61,2,59
103900144,1,18,-17
103900145,104,117,-13
103900146,190,122,68
103900147,231,72,159
103900148,185,116,69
103900149,233,327,-94
103900150,2534,2672,-138
103900151,32,88,-56
103900152,477,184,293
103900153,5,2,3
103900154,313,987,-674
103900155,43,96,-53
103900156,78,80,-2
103900157,40,81,-41
103900158,63,73,-10
103900159,105,29,76
103900160,34,25,9
103900161,92,103,-11
103900162,67,75,-8
103900163,6,271,-265
103900167,8,90,-82
103900168,90,44,46
103900169,28,34,-6
103900170,0,48,-48
103900171,1,22,-21
103900172,0,14,-14
103900173,15,8,7
103900174,129,30,99
103900175,13,51,-38
103900176,10,27,-17
103900177,17,67,-50
103900178,41,38,3
103900179,41,45,-4
103900180,2,23,-21
103900181,44,12,32
103900182,35,9,26
103900184,220,81,139
103900185,76,285,-209
103900187,6,68,-62
103900188,28,27,1
103900189,120,9,111
103900190,47,36,11
103900191,10,43,-33
103900192,18,63,-45
103900193,90,91,-1
103900194,31,99,-68
103900195,4,65,-61
103900196,17,23,-6
103900197,8,10,-2
103900198,9,22,-13
103900199,87,41,46
103900200,109,45,64
103900201,84,77,7
103900202,4,22,-18
103900203,24,16,8
103900204,1,39,-38
103900207,0,33,-33
103900208,80,0,80
103900209,4,52,-48
103900210,20,15,5
103900211,413,171,242
103900212,104,182,-78
103900213,31,142,-111
103900214,199,147,52
103900215,135,198,-63
103900216,24,31,-7
103900217,178,2,176
103900218,34,183,-149
103900219,106,120,-14
103900233,29,1,28
103900235,8,33,-25
103900236,10,10,0
103900242,13,4,9
103900243,5,6,-1
103900244,83,102,-19
103900245,44,81,-37
103900246,35,22,13
103900247,24,52,-28
103900248,2,19,-17
103900249,5,31,-26
103900250,10,15,-5
103900251,1,25,-24
103900253,7,89,-82
103900254,0,1,-1
103900255,2,9,-7
103900256,6,13,-7
103900257,87,71,16
103900258,17,9,8
103900259,17,3,14
103900261,8,1,7
103900262,11,2,9
103900263,25,28,-3
103900264,20,5,15
103900265,35,0,35
103900266,0,52,-52
103900267,16,65,-49
103900268,52,69,-17
103900269,228,80,148
103900270,53,146,-93
103900271,134,99,35
103900272,23,25,-2
103900273,20,17,3
103900274,46,1,45
103900275,15,0,15
103900277,3,26,-23
103900278,133,114,19
103900279,41,33,8
103900280,1,54,-53
103900281,64,29,35
103900282,79,4,75
103900283,188,10,178
103900284,14,22,-8
103900285,48,77,-29
103900286,13,59,-46
103900287,4,116,-112
103900288,64,139,-75
103900289,217,153,64
103900290,174,32,142
103900291,22,45,-23
103900292,110,51,59
103900293,2,28,-26
103900294,5,115,-110
104000001,1803,1089,714
104000002,1079,1387,-308
104000003,1460,1329,131
104000004,1737,1575,162
104000005,1197,1272,-75
104000006,2149,1843,306
104000007,2697,2852,-155
104000008,129,156,-27
104000009,150,83,67
104000010,140,213,-73
104000011,227,165,62
104000012,99,177,-78
104000013,162,157,5
104000014,133,374,-241
104000015,205,82,123
104000016,419,231,188
104000018,603,117,486
104000019,539,163,376
104000020,80,249,-169
104000021,186,295,-109
104000022,129,183,-54
104000023,758,228,530
104000024,212,181,31
104000026,44,191,-147
104000027,192,129,63
104000028,236,195,41
104000029,255,191,64
104000030,186,162,24
104000031,891,287,604
104000032,171,135,36
104000033,519,336,183
104000034,224,153,71
104000035,812,223,589
104000036,680,331,349
104000037,259,120,139
104000038,378,311,67
104000039,127,112,15
104000040,146,190,-44
104000041,828,173,655
104000042,97,225,-128
104000043,179,232,-53
104000044,175,317,-142
104000045,615,497,118
104000046,591,830,-239
104000047,484,583,-99
104000048,643,695,-52
104000049,422,147,275
104000050,155,370,-215
104000051,80,311,-231
104000052,1598,1391,207
104000053,891,321,570
104000054,199,145,54
104000055,2210,1283,927
104000056,667,243,424
104000057,208,356,-148
104000058,585,507,78
104000059,333,715,-382
104000060,723,876,-153
104000061,723,637,86
104000062,364,87,277
104000064,302,176,126
104000065,81,427,-346
104000069,464,820,-356
104000070,37,301,-264
104000071,188,249,-61
104000072,331,192,139
104000075,30,155,-125
104000076,335,26,309
104000082,1485,2011,-526
104000083,542,119,423
104000084,101,282,-181
104000085,275,205,70
104000086,141,274,-133
104000087,273,1033,-760
104000090,592,626,-34
104000092,818,959,-141
104000094,515,685,-170
104000095,1304,975,329
104000096,1011,85,926
104000097,1213,408,805
104000098,1607,460,1147
104000100,1115,347,768
104000101,847,855,-8
104000106,81,423,-342
104000107,418,206,212
104000108,138,249,-111
104000109,195,68,127
104000110,455,517,-62
104000111,1446,1304,142
104000112,862,313,549
104000116,2,360,-358
104000117,119,238,-119
104000118,503,87,416
104000119,348,150,198
104000120,151,238,-87
104000121,156,439,-283
104000122,506,564,-58
104000123,478,460,18
104000124,338,699,-361
104000125,1538,2585,-1047
104000126,293,276,17
104000127,752,1163,-411
104000128,353,198,155
104000129,307,14,293
104000130,5,105,-100
104000131,269,304,-35
104000132,323,321,2
104000133,940,494,446
104000134,575,867,-292
104000135,291,972,-681
104000136,441,2067,-1626
104000137,940,223,717
104000138,429,191,238
104000139,2638,1405,1233
104000141,591,592,-1
104000142,487,308,179
104000143,418,228,190
104000144,62,145,-83
104000145,289,192,97
104000146,160,272,-112
104000147,116,187,-71
104000148,266,129,137
104000149,158,158,0
104000150,670,339,331
104000151,186,190,-4
104000152,404,247,157
104000153,393,427,-34
104000154,570,277,293
104000155,312,432,-120
104000157,616,809,-193
104000158,159,199,-40
104000159,579,330,249
104000160,1128,1180,-52
104000161,146,163,-17
104000162,81,141,-60
104000165,602,572,30
104000167,495,761,-266
104000168,348,2,346
104000169,86,18,68
104000170,217,295,-78
104000248,180,352,-172
104000251,57,107,-50
104000272,0,0,0
104000273,0,0,0
104000274,0,0,0
104000275,0,0,0
104000279,1483,1450,33
104000290,74,148,-74
104000291,374,755,-381
104000293,571,534,37
104000294,23,0,23
104000295,408,437,-29
104000296,298,402,-104
104000297,410,1184,-774
104000298,1319,685,634
104000299,521,909,-388
104000302,78,68,10
104000303,145,117,28
104900001,68,187,-119
104900002,36,117,-81
104900003,56,181,-125
104900004,42,137,-95
104900005,173,133,40
104900006,224,51,173
104900007,186,129,57
104900009,92,186,-94
104900010,33,23,10
104900011,6,9,-3
104900012,97,17,80
104900013,78,13,65
104900014,1127,168,959
104900015,59,4,55
104900016,165,87,78
104900017,119,149,-30
104900018,21,71,-50
104900019,165,1963,-1798
104900020,64,137,-73
104900021,2,74,-72
104900022,7,92,-85
104900023,0,24,-24
104900024,11,117,-106
104900025,46,82,-36
104900026,2,23,-21
104900027,337,162,175
104900028,40,86,-46
104900029,27,29,-2
104900030,255,148,107
104900031,45,134,-89
104900032,32,53,-21
104900033,102,187,-85
104900034,245,125,120
104900035,282,150,132
104900036,141,56,85
104900037,78,89,-11
104900038,166,512,-346
104900039,264,265,-1
104900040,282,83,199
104900041,131,92,39
104900042,98,96,2
104900043,14,149,-135
104900044,460,123,337
104900045,246,34,212
104900046,133,29,104
104900047,203,63,140
104900048,247,46,201
104900049,39,29,10
104900050,198,54,144
104900051,188,17,171
104900052,74,0,74
104900053,274,48,226
104900054,111,15,96
104900055,105,0,105
104900056,135,12,123
104900057,60,0,60
104900058,264,103,161
104900059,95,72,23
104900061,125,260,-135
104900063,14,85,-71
104900064,0,41,-41
104900065,3,97,-94
104900066,2,56,-54
104900067,2,208,-206
104900068,10,93,-83
104900070,103,118,-15
104900071,0,180,-180
104900072,29,165,-136
104900073,23,74,-51
104900074,25,100,-75
104900075,39,11,28
104900076,34,123,-89
104900077,325,152,173
104900078,77,224,-147
104900079,51,260,-209
104900080,72,389,-317
104900082,11,209,-198
104900085,0,80,-80
104900089,190,1,189
104900091,562,240,322
104900093,145,236,-91
104900097,989,1227,-238
104900098,81,11,70
104900099,37,265,-228
104900100,167,139,28
104900102,26,51,-25
104900103,251,24,227
104900106,73,56,17
104900107,100,51,49
104900108,29,101,-72
104900109,67,105,-38
104900110,11,28,-17
104900111,104,49,55
104900112,178,266,-88
104900113,489,169,320
104900114,232,168,64
104900115,344,145,199
104900116,182,80,102
104900118,11,28,-17
104900119,3,26,-23
104900120,34,203,-169
104900121,0,39,-39
104900122,4,20,-16
104900123,48,9,39
104900124,39,1,38
104900125,221,64,157
104900126,31,28,3
104900127,16,24,-8
104900128,84,106,-22
104900129,588,1250,-662
105000001,1943,1099,844
105000002,1725,1048,677
105000003,2073,2124,-51
105000004,381,454,-73
105000005,688,814,-126
105000006,917,1212,-295
105000007,796,1209,-413
105000008,887,2501,-1614
105000009,1808,2170,-362
105000010,2086,1157,929
105000011,2819,1770,1049
105000012,2706,1632,1074
105000013,714,775,-61
105000014,1647,1900,-253
105000015,5847,10854,-5007
105000016,1304,1131,173
105000017,1060,515,545
105000018,696,957,-261
105000019,732,622,110
105000020,138,354,-216
105000021,189,106,83
105000022,148,81,67
105000023,351,225,126
105000028,39,73,-34
105000029,439,906,-467
105000030,2396,1441,955
105000031,5,24,-19
105000033,678,978,-300
105000034,127,572,-445
105000037,518,163,355
105000038,967,1116,-149
105000039,1471,824,647
105000040,775,837,-62
105000041,380,703,-323
105000042,1642,1123,519
105000043,1081,1135,-54
105000044,462,345,117
105000045,242,381,-139
105000046,871,265,606
105000047,405,702,-297
105000048,455,136,319
105000049,173,303,-130
105000050,544,331,213
105000051,133,265,-132
105000052,508,593,-85
105000053,99,97,2
105000054,412,519,-107
105000055,553,166,387
105000056,1171,1203,-32
105000057,999,404,595
105000058,777,698,79
105000059,511,478,33
105000060,316,342,-26
105000061,595,343,252
105000062,367,436,-69
105000063,199,224,-25
105000064,1086,539,547
105000065,271,334,-63
105000066,797,690,107
105000067,962,650,312
105000068,317,486,-169
105000069,1025,1245,-220
105000070,376,635,-259
105000071,162,676,-514
105000072,896,1753,-857
105000073,638,392,246
105000074,688,388,300
105000075,340,497,-157
105000076,741,591,150
105000077,1364,685,679
105000078,641,925,-284
105000079,791,2660,-1869
105000080,1053,934,119
105000081,2466,1165,1301
105000082,684,1493,-809
105000083,3024,3376,-352
105000084,398,572,-174
105000085,1225,1748,-523
105000086,460,578,-118
105000087,793,1043,-250
105000088,948,1093,-145
105000089,1577,1205,372
105000090,633,456,177
105000091,745,858,-113
105000092,442,570,-128
105000093,198,248,-50
105000094,217,150,67
105000095,91,323,-232
105000096,815,803,12
105000097,603,521,82
105000098,659,494,165
105000099,465,429,36
105000100,1003,781,222
105000101,1502,1134,368
105000102,1187,926,261
105000103,863,1537,-674
105000104,1849,1033,816
105000105,864,1367,-503
105000106,1050,951,99
105000107,1091,598,493
105000108,1162,779,383
105000109,1292,907,385
105000110,598,295,303
105000111,654,462,192
105000112,840,330,510
105000113,303,523,-220
105000114,1433,803,630
105000115,241,894,-653
105000116,618,348,270
105000117,792,445,347
105000118,385,279,106
105000119,513,436,77
105000120,727,355,372
105000121,636,571,65
105000122,362,634,-272
105000123,834,633,201
105000124,1437,405,1032
105000125,609,984,-375
105000126,1528,851,677
105000127,1581,1232,349
105000128,558,596,-38
105000129,618,582,36
105000130,211,2282,-2071
105000131,442,213,229
105000132,737,502,235
105000133,376,452,-76
105000134,599,378,221
105000135,304,328,-24
105000136,81,189,-108
105000137,461,123,338
105000138,165,185,-20
105000139,582,531,51
105000140,351,296,55
105000141,230,262,-32
105000142,205,352,-147
105000143,183,357,-174
105000144,189,440,-251
105000145,484,206,278
105000146,240,431,-191
105000147,549,219,330
105000148,836,414,422
105000149,1638,1320,318
105000150,1074,752,322
105000151,412,266,146
105000152,132,348,-216
105000153,414,380,34
105000154,362,312,50
105000155,270,455,-185
105000156,452,357,95
105000157,448,824,-376
105000158,1160,611,549
105000159,198,581,-383
105000160,1444,504,940
105000161,457,515,-58
105000162,501,1241,-740
105000163,565,487,78
105000164,148,179,-31
105000165,369,3651,-3282
105000166,2629,671,1958
105000167,802,1090,-288
105000168,329,337,-8
105000169,429,183,246
105000170,148,800,-652
105000171,808,145,663
105000172,112,24,88
105000173,178,38,140
105000174,39,30,9
105000175,40,83,-43
105000176,269,59,210
105000177,312,146,166
105000178,151,193,-42
105000179,499,106,393
105000180,106,57,49
105000181,83,98,-15
105000182,41,30,11
105000183,1267,1325,-58
105000184,1215,572,643
105000185,900,738,162
105000186,332,446,-114
105000187,565,120,445
105000188,163,66,97
105000189,97,252,-155
105000190,206,206,0
105000191,235,195,40
105000192,243,38,205
105000193,47,55,-8
105000194,420,137,283
105000195,184,351,-167
105000196,105,288,-183
105000197,179,344,-165
105000198,337,182,155
105000199,179,578,-399
105000200,84,201,-117
105000201,54,30,24
105000203,8,117,-109
105000204,81,47,34
105000205,55,84,-29
105000207,243,124,119
105000208,119,324,-205
105000209,145,209,-64
105000211,256,4,252
105000212,912,629,283
105000213,65,122,-57
105000214,100,128,-28
105000215,174,95,79
105000216,188,189,-1
105000217,111,184,-73
105000218,1073,776,297
105000221,150,97,53
105000222,500,153,347
105000223,290,183,107
105000226,77,93,-16
105000227,49,77,-28
105000228,115,1212,-1097
105000229,101,360,-259
105000231,309,183,126
105000233,799,473,326
105000234,359,637,-278
105000235,240,444,-204
105000237,551,48,503
105000243,29,18,11
105000248,52,69,-17
105000262,292,558,-266
105000269,161,127,34
105000270,328,25,303
105000271,0,112,-112
105000282,61,27,34
105000287,290,51,239
105000288,457,229,228
105000289,1745,1607,138
105000290,17,10,7
105000402,1719,2608,-889
105000426,261,320,-59
105000438,2838,1322,1516
105000440,39,21,18
105000446,5188,3245,1943
105000447,2706,1467,1239
105000454,561,416,145
105000455,164,94,70
105000474,24,0,24
105000477,303,426,-123
105000478,1259,3305,-2046
105000479,68,85,-17
105000480,6512,6250,262
105000481,3388,2646,742
105000482,2768,5163,-2395
105000483,1331,1615,-284
105000484,1261,1953,-692
105000485,879,2286,-1407
105000486,1974,1636,338
105000488,6766,3159,3607
105000489,531,511,20
105000549,62,79,-17
105000550,320,864,-544
105000551,39,80,-41
105000552,1659,1029,630
105000555,932,866,66
105000556,48,13,35
105000557,30,124,-94
105900001,6,884,-878
105900002,548,460,88
105900003,9,72,-63
105900004,150,78,72
105900005,2,306,-304
105900006,16,49,-33
105900007,87,10,77
105900008,29,267,-238
105900009,18,10,8
105900011,67,36,31
105900012,285,70,215
105900013,2,17,-15
105900014,3,43,-40
105900015,109,193,-84
105900016,259,198,61
105900017,897,25,872
105900018,120,96,24
105900019,21,105,-84
105900020,34,63,-29
105900021,15,101,-86
105900022,173,91,82
105900023,2,51,-49
105900024,1,99,-98
105900025,143,8,135
105900026,111,14,97
105900027,4477,4699,-222
105900028,480,489,-9
105900029,872,222,650
105900030,118,158,-40
105900031,216,121,95
105900032,77,108,-31
105900033,72,82,-10
105900034,140,121,19
105900035,99,111,-12
105900036,93,113,-20
105900037,88,39,49
105900038,136,132,4
105900039,130,77,53
105900040,56,56,0
105900041,108,116,-8
105900042,34,115,-81
105900043,773,27,746
105900044,4,141,-137
105900045,2,455,-453
105900046,7,157,-150
105900047,4,28,-24
105900048,48,283,-235
105900050,4174,2665,1509
105900051,27,576,-549
105900052,337,223,114
105900053,1607,1830,-223
105900054,219,102,117
105900056,329,206,123
105900057,3,61,-58
105900058,15,6,9
105900059,0,35,-35
106000001,2378,1655,723
106000002,1145,3079,-1934
106000003,1907,2386,-479
106000004,1054,1726,-672
106000005,2516,3335,-819
106000006,3370,1905,1465
106000007,421,414,7
106000008,297,198,99
106000009,488,261,227
106000010,312,342,-30
106000011,918,741,177
106000012,654,719,-65
106000013,1438,1350,88
106000014,1081,873,208
106000015,1387,893,494
106000016,771,1202,-431
106000017,443,455,-12
106000018,389,310,79
106000019,328,289,39
106000020,253,211,42
106000021,306,301,5
106000022,248,122,126
106000023,439,273,166
106000024,291,232,59
106000025,86,145,-59
106000026,58,157,-99
106000027,1032,863,169
106000028,409,203,206
106000029,449,503,-54
106000030,252,349,-97
106000034,113,282,-169
106000035,792,1655,-863
106000036,115,324,-209
106000037,1277,862,415
106000038,130,86,44
106000039,51,53,-2
106000040,99,528,-429
106000041,470,327,143
106000043,398,178,220
106000046,213,44,169
106000047,31,281,-250
106000049,874,110,764
106000050,189,329,-140
106000051,509,302,207
106000052,103,302,-199
106000053,288,84,204
106000054,201,238,-37
106000055,381,179,202
106000056,197,190,7
106000057,274,199,75
106000058,89,80,9
106000059,259,184,75
106000060,235,291,-56
106000061,158,413,-255
106000062,117,238,-121
106000063,661,465,196
106000064,14,169,-155
106000065,203,140,63
106000066,79,239,-160
106000067,379,79,300
106000068,50,359,-309
106000069,245,41,204
106000070,324,428,-104
106000071,605,219,386
106000072,1501,1020,481
106000073,950,2098,-1148
106000074,501,489,12
106000075,233,1006,-773
106000076,1240,1247,-7
106000077,1984,1000,984
106000078,712,554,158
106000079,576,507,69
106000080,895,345,550
106000081,538,754,-216
106000082,1505,460,1045
106000083,359,1013,-654
106000084,792,459,333
106000085,865,1040,-175
106000086,427,602,-175
106000087,639,325,314
106000088,269,477,-208
106000089,723,200,523
106000090,229,398,-169
106000091,206,235,-29
106000092,369,187,182
106000093,303,85,218
106000094,67,137,-70
106000095,500,420,80
106000096,714,382,332
106000097,701,474,227
106000098,533,604,-71
106000099,134,361,-227
106000100,856,158,698
106000101,586,159,427
106000102,120,272,-152
106000103,196,254,-58
106000104,558,237,321
106000105,395,311,84
106000106,437,301,136
106000107,123,185,-62
106000108,305,195,110
106000109,162,157,5
106000110,146,194,-48
106000111,137,204,-67
106000112,156,371,-215
106000113,400,376,24
106000114,246,449,-203
106000115,158,202,-44
106000116,255,120,135
106000117,605,354,251
106000118,780,883,-103
106000119,772,509,263
106000120,626,963,-337
106000121,175,108,67
106000122,123,87,36
106000123,363,94,269
106000124,35,112,-77
106000125,28,142,-114
106000126,251,51,200
106000127,246,339,-93
106000128,666,101,565
106000129,422,320,102
106000130,616,219,397
106000131,87,473,-386
106000132,395,129,266
106000133,894,834,60
106000134,300,1245,-945
106000135,156,350,-194
106000136,662,883,-221
106000137,56,357,-301
106000138,831,104,727
106000139,26,43,-17
106000140,43,26,17
106000141,91,22,69
106000142,64,29,35
106000143,19,36,-17
106000144,71,48,23
106000145,215,121,94
106000146,290,90,200
106000147,554,350,204
106000148,680,580,100
106000149,410,376,34
106000150,314,1430,-1116
106000151,2078,454,1624
106000152,589,1377,-788
106000153,95,1074,-979
106000154,693,141,552
106000155,136,220,-84
106000156,607,142,465
106000157,397,932,-535
106000158,1292,580,712
106000159,1455,1227,228
106000160,293,1666,-1373
106000161,855,184,671
106000162,170,653,-483
106000163,306,185,121
106000164,373,209,164
106000165,147,271,-124
106000166,500,184,316
106000167,300,514,-214
106000168,469,167,302
106000169,219,329,-110
106000170,579,163,416
106000171,177,697,-520
106000172,1778,852,926
106000173,746,1344,-598
106000174,843,254,589
106000175,192,430,-238
106000176,1212,702,510
106000177,405,1146,-741
106000178,2090,895,1195
106000179,559,1070,-511
106000180,500,631,-131
106000181,610,839,-229
106000182,1059,425,634
106000183,959,294,665
106000184,1381,326,1055
106000185,724,662,62
106000186,466,102,364
106000187,98,654,-556
106000188,3,0,3
106000189,8,29,-21
106000190,20,0,20
106000191,436,138,298
106000192,0,6,-6
106000193,272,143,129
106000194,100,184,-84
106000195,283,77,206
106000196,74,242,-168
106000197,406,145,261
106000198,127,120,7
106000199,502,500,2
106000200,119,153,-34
106000201,301,1957,-1656
106000202,1575,375,1200
106000203,17,149,-132
106000204,69,1,68
106000205,11,98,-87
106000206,70,16,54
106000207,34,272,-238
106000208,991,140,851
106000209,1056,245,811
106000210,144,426,-282
106000211,180,620,-440
106000212,533,382,151
106000213,317,986,-669
106000214,1363,392,971
106000215,232,328,-96
106000216,343,217,126
106000217,175,218,-43
106000218,345,236,109
106000219,86,187,-101
106000220,343,128,215
106000221,167,134,33
106000222,44,57,-13
106000223,214,67,147
106000224,150,136,14
106000225,56,80,-24
106000226,72,142,-70
106000228,22,33,-11
106000229,70,410,-340
106000231,617,84,533
106000232,89,170,-81
106000233,286,43,243
106000234,75,189,-114
106000235,772,119,653
106000236,281,147,134
106000237,13,21,-8
106000238,173,20,153
106000239,2,76,-74
106000240,10,2,8
106000241,13,371,-358
106000242,232,23,209
106000249,35,34,1
106000250,57,387,-330
106000251,84,7,77
106000252,15,39,-24
106000253,30,41,-11
106000254,28,22,6
106000255,19,101,-82
106000256,61,26,35
106000257,89,95,-6
106000258,297,29,268
106000259,6,46,-40
106000260,18,5,13
106000261,4,42,-38
106000262,57,5,52
106000263,13,34,-21
106000264,103,10,93
106000265,3,71,-68
106000266,53,21,32
106000267,0,44,-44
106000268,238,44,194
106000269,36,34,2
106000270,81,276,-195
106000271,63,96,-33
106000272,121,33,88
106000273,7,110,-103
106000274,95,29,66
106000275,103,193,-90
106000276,78,25,53
106000277,88,226,-138
106000278,88,19,69
106000279,3,16,-13
106000280,70,38,32
106000281,73,45,28
106000282,42,45,-3
106000283,108,33,75
106000284,62,59,3
106000285,67,39,28
106000286,59,67,-8
106000287,73,34,39
106000288,58,83,-25
106000289,77,51,26
106000290,51,46,5
106000291,62,61,1
106000292,46,42,4
106000293,98,67,31
106000294,92,73,19
106000295,33,27,6
106000296,27,65,-38
106000297,31,143,-112
106000298,54,45,9
106000299,50,86,-36
106000300,47,66,-19
106000301,55,74,-19
106000303,31,36,-5
106000304,13,14,-1
106000305,32,32,0
106000306,39,31,8
106000307,26,21,5
106000308,17,47,-30
106000309,8,39,-31
106000310,214,230,-16
106000311,240,120,120
106000312,93,71,22
106000313,167,126,41
106000318,40,255,-215
106000319,740,181,559
106000320,2,43,-41
106000321,176,101,75
106000322,150,85,65
106000324,7,72,-65
106000325,1253,647,606
106000326,621,968,-347
106000327,167,52,115
106000328,23,77,-54
106000329,122,155,-33
106000330,51,53,-2
106000428,116,129,-13
106000429,111,313,-202
106000430,226,761,-535
106000431,1602,291,1311
106000432,1329,1910,-581
106000433,2040,1089,951
106000434,2219,1104,1115
106000435,832,1601,-769
106000436,15,98,-83
106000437,155,36,119
106000438,361,117,244
106000439,77,254,-177
106000440,267,422,-155
106000441,2,0,2
106000442,166,2,164
106000443,147,156,-9
106000450,1,67,-66
106000451,26,55,-29
106000454,5,182,-177
106000455,6,90,-84
106000456,82,13,69
106000457,8,396,-388
106000458,734,83,651
106000459,113,169,-56
106000460,1013,21,992
106000461,95,483,-388
106000462,0,16,-16
106000463,5,15,-10
106000464,5,271,-266
106000465,542,3,539
106000466,7,257,-250
106000467,179,285,-106
106000468,101,56,45
106000469,117,0,117
106000470,187,1128,-941
106000471,14,255,-241
106000472,128,18,110
106000473,22,11,11
106000474,365,228,137
106000475,366,228,138
106000476,141,185,-44
106000477,48,64,-16
106000480,1,207,-206
106900001,0,7,-7
106900002,8,193,-185
106900003,12,44,-32
106900004,0,10,-10
106900006,0,8,-8
106900007,0,14,-14
106900008,408,573,-165
106900009,230,126,104
106900010,435,107,328
106900012,241,316,-75
106900013,640,1125,-485
106900014,27,0,27
106900015,11,0,11
106900016,210,12,198
106900017,3,1,2
106900018,4,0,4
106900019,28,3,25
106900020,1007,934,73
106900021,126,155,-29
106900022,612,1,611
106900023,139,272,-133
106900024,328,35,293
106900025,90,309,-219
106900026,0,31,-31
106900027,564,4,560
106900028,0,3,-3
106900029,302,93,209
106900030,1,229,-228
107000001,2447,2557,-110
107000002,1612,2374,-762
107000003,4011,4336,-325
107000004,2710,1988,722
107000005,4062,4093,-31
107000006,2800,1818,982
107000007,3531,6319,-2788
107000008,5076,3653,1423
107000009,5533,5429,104
107000010,5521,4295,1226
107000011,725,770,-45
107000012,2479,1709,770
107000013,67,41,26
107000014,33,98,-65
107000015,386,423,-37
107000016,629,402,227
107000017,1209,1198,11
107000018,9,917,-908
107000020,862,1154,-292
107000021,871,241,630
107000022,474,1168,-694
107000023,1690,117,1573
107000024,392,932,-540
107000025,143,218,-75
107000026,271,271,0
107000027,1082,646,436
107000028,1004,742,262
107000029,2486,2059,427
107000030,1795,1593,202
107000031,3306,1721,1585
107000032,337,566,-229
107000033,1556,2161,-605
107000034,2137,826,1311
107000035,242,139,103
107000036,233,689,-456
107000037,72,560,-488
107000038,152,176,-24
107000039,562,586,-24
107000040,126,197,-71
107000041,981,528,453
107000042,453,1371,-918
107000043,1391,898,493
107000044,293,246,47
107000045,69,173,-104
107000046,542,385,157
107000047,315,596,-281
107000048,478,171,307
107000049,488,542,-54
107000050,795,424,371
107000051,179,254,-75
107000052,873,731,142
107000053,235,185,50
107000054,44,189,-145
107000055,283,109,174
107000056,372,505,-133
107000057,1061,169,892
107000058,1558,1702,-144
107000059,1208,1901,-693
107000060,3438,3597,-159
107000061,3122,2020,1102
107000062,3999,2147,1852
107000063,2849,2685,164
107000064,3477,1701,1776
107000065,2326,2673,-347
107000066,1088,1965,-877
107000067,934,1130,-196
107000068,839,713,126
107000069,716,400,316
107000070,823,4,819
107000071,2721,45,2676
107000072,24,1425,-1401
107000073,567,409,158
107000074,117,526,-409
107000075,1415,467,948
107000076,408,791,-383
107000077,2884,1249,1635
107000078,1816,1750,66
107000079,2023,913,1110
107000080,781,1818,-1037
107000081,1350,434,916
107000082,404,799,-395
107000083,1037,318,719
107000084,216,724,-508
107000085,2228,2405,-177
107000086,2283,2257,26
107000087,2334,1650,684
107000088,2390,2393,-3
107000089,1306,1264,42
107000090,613,648,-35
107000091,1182,633,549
107000092,505,516,-11
107000093,966,657,309
107000094,656,684,-28
107000095,738,524,214
107000096,414,450,-36
107000097,684,248,436
107000098,341,413,-72
107000099,407,206,201
107000100,145,270,-125
107000101,47,125,-78
107000102,161,188,-27
107000103,215,168,47
107000104,149,198,-49
107000105,293,135,158
107000106,414,174,240
107000107,432,108,324
107000108,91,371,-280
107000109,440,128,312
107000110,74,227,-153
107000111,209,28,181
107000112,35,159,-124
107000113,679,90,589
107000114,98,304,-206
107000115,536,136,400
107000116,87,444,-357
107000117,93,531,-438
107000118,97,125,-28
107000119,888,1195,-307
107000120,651,389,262
107000121,774,510,264
107000122,903,492,411
107000123,414,402,12
107000124,477,530,-53
107000125,804,411,393
107000126,741,409,332
107000129,130,395,-265
107000130,399,163,236
107000131,232,323,-91
107000132,338,243,95
107000133,258,114,144
107000134,168,0,168
107000135,6,171,-165
107000136,426,3,423
107000137,12,239,-227
107000138,180,22,158
107000139,14,403,-389
107000140,1301,72,1229
107000141,91,509,-418
107000142,422,81,341
107000143,29,414,-385
107000144,479,358,121
107000145,127,324,-197
107000146,114,196,-82
107000147,2665,770,1895
107000150,315,1718,-1403
107000151,25,66,-41
107000152,340,1058,-718
107000153,83,172,-89
107000154,153,235,-82
107000155,626,12,614
107000156,774,29,745
107000157,52,715,-663
107000158,547,24,523
107000159,33,478,-445
107000160,960,81,879
107000161,41,603,-562
107000162,160,395,-235
107000163,99,5,94
107000164,585,1,584
107000165,945,2,943
107000166,22,538,-516
107000167,433,136,297
107000168,767,349,418
107000169,426,547,-121
107000170,1776,509,1267
107000171,464,827,-363
107000172,987,1077,-90
107000173,425,449,-24
107000174,853,3866,-3013
107000175,3323,838,2485
107000176,0,0,0
107000177,0,3,-3
107000178,20,12,8
107000179,188,1058,-870
107000180,1138,152,986
107000181,327,633,-306
107000182,1519,550,969
107000183,82,421,-339
107000184,886,448,438
107000185,325,757,-432
107000186,958,309,649
107000187,1046,763,283
107000188,444,339,105
107000189,404,546,-142
107000190,496,406,90
107000191,638,751,-113
107000192,1115,402,713
107000193,274,341,-67
107000194,634,420,214
107000197,707,221,486
107000198,206,470,-264
107000199,575,384,191
107000200,381,420,-39
107000201,358,208,150
107000202,240,274,-34
107000203,781,748,33
107000204,770,937,-167
107000205,1405,551,854
107000206,390,845,-455
107000207,447,648,-201
107000208,558,399,159
107000209,1013,929,84
107000210,320,152,168
107000211,4,55,-51
107000212,10,195,-185
107000213,2,19,-17
107000214,24,107,-83
107000215,256,237,19
107000216,314,219,95
107000217,174,103,71
107000219,80,111,-31
107000220,138,96,42
107000222,211,305,-94
107000224,360,64,296
107000225,285,200,85
107000226,313,93,220
107000227,112,83,29
107000228,85,281,-196
107000229,65,64,1
107000230,564,289,275
107000231,692,1264,-572
107000232,113,33,80
107000233,635,677,-42
107000234,2,36,-34
107000235,64,2,62
107000236,15,306,-291
107000237,35,0,35
107000238,43,0,43
107000239,1681,289,1392
107000240,60,399,-339
107000243,0,45,-45
107000244,5,75,-70
107000246,1,835,-834
107000249,6,951,-945
107000251,1,332,-331
107000252,1,437,-436
107000255,175,91,84
107000257,3,343,-340
107000258,0,172,-172
107000259,1,60,-59
107000260,1216,14,1202
107000262,8,231,-223
107000263,294,6,288
107000266,6,19,-13
107000267,41,112,-71
107000268,91,62,29
107000269,99,19,80
107000270,84,19,65
107000271,6,65,-59
107000272,44,11,33
107000273,0,171,-171
107000274,567,9,558
107000275,365,1291,-926
107000280,662,18,644
107000281,38,393,-355
107000282,53,403,-350
107000290,9,28,-19
107000291,10,0,10
107000292,4,106,-102
107000293,25,11,14
107000294,1,131,-130
107000295,69,4,65
107000296,1,11,-10
107000444,233,6,227
107000496,1,9,-8
107000497,1050,1062,-12
107000500,249,206,43
107000501,75,107,-32
107000502,97,186,-89
107000505,234,487,-253
107000506,0,6,-6
107000508,1,261,-260
107000509,134,426,-292
107000510,29,23,6
107000514,31,193,-162
107000515,4,91,-87
107000516,402,187,215
107000518,901,1252,-351
107000519,895,488,407
107000520,60,36,24
107000521,488,245,243
107000522,898,355,543
107900001,72,74,-2
107900002,43,9,34
107900003,217,28,189
107900004,1,0,1
107900005,1055,0,1055
107900006,143,6,137
107900007,218,24,194
107900008,48,7,41
107900009,60,3,57
107900010,48,1,47
107900012,237,25,212
107900013,113,8,105
107900014,28,2,26
107900015,697,13,684
107900016,197,50,147
107900017,10,3,7
107900018,55,140,-85
107900019,24,12,12
107900020,7,9,-2
107900021,73,42,31
107900023,1,2,-1
107900024,0,1,-1
107900025,133,143,-10
107900026,37,12,25
107900027,23,25,-2
107900028,93,25,68
107900030,165,33,132
107900031,43,48,-5
107900032,4,0,4
107900033,15,4,11
107900034,193,7,186
107900035,636,25,611
107900036,62,17,45
107900037,0,5,-5
107900038,63,145,-82
107900039,24,14,10
107900040,13,71,-58
107900041,2,0,2
107900043,30,49,-19
107900044,9,6,3
107900045,66,26,40
107900046,136,134,2
107900047,19,5,14
107900048,177,15,162
107900049,172,581,-409
107900050,53,142,-89
107900051,71,26,45
107900052,18,25,-7
107900053,33,52,-19
107900055,423,169,254
107900056,98,50,48
107900057,0,0,0
107900058,17,262,-245
107900060,43,29,14
107900061,6,11,-5
107900063,62,91,-29
107900064,200,115,85
107900065,162,3,159
107900066,37,9,28
107900067,0,0,0
107900068,69,398,-329
107900069,37,1675,-1638
107900070,114,34,80
107900071,32,310,-278
107900072,88,69,19
107900073,83,78,5
107900074,393,282,111
107900076,122,17,105
107900077,111,1,110
107900079,14,22,-8
107900080,207,489,-282
107900081,47,61,-14
107900082,16,10,6
107900083,240,123,117
107900084,76,89,-13
107900086,56,170,-114
107900087,314,145,169
107900088,33,4,29
107900089,122,473,-351
107900090,342,1446,-1104
107900091,112,159,-47
107900093,49,53,-4
107900095,1908,1706,202
107900097,7,29,-22
107900098,44,126,-82
107900100,513,837,-324
107900101,496,81,415
107900102,28,8,20
107900103,18,95,-77
107900104,122,3,119
107900105,0,229,-229
107900106,1,481,-480
107900107,791,376,415
107900108,109,84,25
107900109,1136,20,1116
107900110,27,47,-20
107900111,5,288,-283
107900112,40,264,-224
107900113,143,44,99
107900114,141,68,73
107900115,0,31,-31
107900116,131,61,70
107900117,161,170,-9
107900118,36,77,-41
107900119,49,196,-147
107900120,29,39,-10
107900121,4,96,-92
107900122,2,63,-61
107900123,9,17,-8
107900124,7,9,-2
107900125,10,81,-71
107900126,9,40,-31
107900127,354,285,69
107900128,43,70,-27
107900129,52,11,41
107900130,57,8,49
107900131,357,246,111
107900132,82,169,-87
107900133,1,41,-40
107900134,29,92,-63
107900135,6,88,-82
107900136,25,23,2
107900137,129,77,52
107900138,49,21,28
107900139,24,39,-15
107900141,27,22,5
107900142,53,330,-277
107900143,47,3,44
107900144,1,87,-86
107900145,9,54,-45
107900146,20,79,-59
107900147,16,13,3
107900148,82,56,26
107900149,394,92,302
107900150,46,277,-231
107900151,47,69,-22
107900152,12,72,-60
107900153,70,203,-133
107900154,34,16,18
107900155,51,53,-2
107900156,3,154,-151
107900157,18,29,-11
107900158,486,20,466
107900159,14,333,-319
107900160,97,110,-13
107900161,29,82,-53
107900162,1,14,-13
107900163,14,35,-21
107900164,10,17,-7
107900165,34,97,-63
107900166,9,82,-73
107900167,4,37,-33
107900168,29,20,9
107900169,2,281,-279
107900171,8,561,-553
107900172,1,122,-121
107900173,15,44,-29
107900174,118,6,112
107900175,23,29,-6
107900176,18,23,-5
107900177,0,75,-75
107900178,0,119,-119
107900179,20,81,-61
107900180,225,388,-163
107900181,286,188,98
107900182,7,532,-525
107900183,27,100,-73
107900184,104,125,-21
107900185,107,3,104
107900186,14,33,-19
107900187,0,70,-70
107900188,381,76,305
107900189,4,55,-51
107900190,40,95,-55
107900191,49,80,-31
107900193,4,54,-50
107900194,169,7,162
107900195,1233,191,1042
107900196,48,62,-14
107900197,322,243,79
107900199,1,581,-580
107900201,68,55,13
107900203,22,25,-3
107900204,137,125,12
107900206,780,218,562
107900207,2,309,-307
107900208,5,262,-257
107900209,204,102,102
107900210,34,47,-13
107900213,285,304,-19
107900214,6,52,-46
107900215,88,248,-160
107900216,131,32,99
107900217,22,73,-51
107900218,3,846,-843
107900219,15,38,-23
107900220,149,205,-56
107900221,75,106,-31
107900223,68,241,-173
107900224,52,240,-188
107900225,0,266,-266
107900226,106,36,70
107900227,86,161,-75
107900228,27,63,-36
107900229,2,128,-126
107900230,10,52,-42
107900231,21,113,-92
107900232,77,51,26
107900233,3,55,-52
107900234,111,64,47
107900235,4,71,-67
107900236,145,33,112
107900237,24,186,-162
107900238,22,49,-27
107900239,343,365,-22
107900240,9,39,-30
107900241,10,29,-19
107900242,12,70,-58
107900243,0,47,-47
107900244,140,4,136
107900245,436,32,404
107900246,351,8,343
107900248,253,164,89
107900249,556,30,526
107900250,0,228,-228
107900251,58,625,-567
107900252,556,17,539
107900253,120,2,118
107900254,27,306,-279
107900255,134,59,75
107900256,806,993,-187
107900257,122,76,46
107900258,98,106,-8
107900259,55,1395,-1340
107900261,0,124,-124
107900262,37,67,-30
107900264,355,6,349
107900265,203,86,117
107900267,264,9,255
107900268,2,2,0
107900269,0,0,0
107900270,0,1,-1
107900271,0,12,-12
107900272,17,7,10
107900273,29,56,-27
107900274,114,0,114
107900275,38,0,38
107900276,0,53,-53
107900277,0,94,-94
107900278,208,207,1
107900279,43,100,-57
107900280,1319,1461,-142
107900281,588,2008,-1420
107900282,37,310,-273
107900283,394,309,85
107900284,408,302,106
107900285,83,39,44
107900286,40,37,3
107900287,192,131,61
107900290,0,155,-155
107900291,365,18,347
107900292,87,110,-23
107900293,70,229,-159
107900295,25,24,1
107900297,1,179,-178
107900298,464,417,47
107900299,1629,1695,-66
107900301,496,608,-112
107900302,75,11,64
107900303,166,138,28
107900304,253,202,51
107900305,268,16,252
107900306,6,27,-21
107900307,48,170,-122
107900308,167,97,70
107900309,27,1,26
107900310,186,3,183
107900311,3,195,-192
107900312,56,1,55
107900313,1,87,-86
107900314,0,29,-29
107900315,0,28,-28
107900316,28,4,24
107900317,72,6,66
107900318,8,90,-82
107900319,4,100,-96
107900320,0,74,-74
107900321,87,3,84
107900322,0,57,-57
107900323,1,68,-67
107900324,57,0,57
107900325,77,1,76
107900326,256,92,164
107900327,1,55,-54
107900328,46,3,43
107900329,13,49,-36
107900330,2,153,-151
107900331,188,12,176
107900332,243,11,232
107900333,43,9,34
107900334,6,83,-77
107900335,42,33,9
107900336,28,42,-14
107900337,387,615,-228
107900338,1,62,-61
107900339,0,13,-13
107900340,1,43,-42
107900341,32,0,32
107900342,85,125,-40
107900343,17,1,16
107900344,9,33,-24
107900345,83,24,59
107900346,10,1,9
107900347,15,0,15
107900348,2,0,2
107900349,11,1,10
107900350,22,145,-123
107900351,2,65,-63
107900352,0,9,-9
107900353,8,2,6
107900354,5,27,-22
108000001,2375,2596,-221
108000002,1318,1420,-102
108000003,2520,2568,-48
108000004,7499,8363,-864
108000005,5791,5167,624
108000006,5037,4394,643
108000007,3825,3049,776
108000008,2972,3414,-442
108000009,2797,3331,-534
108000010,1929,2565,-636
108000011,8713,8713,0
108000012,9261,8387,874
108000014,455,630,-175
108000015,729,205,524
108000016,208,574,-366
108000017,862,238,624
108000018,1455,366,1089
108000019,1040,531,509
108000020,972,349,623
108000021,210,1017,-807
108000022,208,800,-592
108000023,977,178,799
108000024,213,304,-91
108000025,228,162,66
108000026,699,206,493
108000027,647,412,235
108000028,676,142,534
108000029,398,432,-34
108000030,403,132,271
108000031,144,274,-130
108000032,1326,461,865
108000033,535,666,-131
108000034,1301,291,1010
108000035,406,1180,-774
108000036,318,600,-282
108000037,1407,309,1098
108000038,2106,429,1677
108000039,373,1078,-705
108000040,1408,671,737
108000041,444,1359,-915
108000042,267,121,146
108000043,194,135,59
108000044,472,102,370
108000045,243,247,-4
108000046,1177,248,929
108000047,254,476,-222
108000048,93,188,-95
108000049,768,139,629
108000050,68,368,-300
108000051,240,113,127
108000052,111,356,-245
108000053,271,154,117
108000054,320,716,-396
108000055,784,451,333
108000056,847,926,-79
108000057,496,987,-491
108000058,1538,2808,-1270
108000059,1969,1176,793
108000060,178,495,-317
108000061,295,301,-6
108000062,739,430,309
108000063,316,291,25
108000064,195,152,43
108000065,395,243,152
108000066,1086,587,499
108000067,1453,426,1027
108000068,584,291,293
108000069,146,472,-326
108000070,1520,587,933
108000071,486,782,-296
108000072,1351,902,449
108000073,775,937,-162
108000074,478,291,187
108000075,252,460,-208
108000076,605,360,245
108000077,457,352,105
108000078,1593,783,810
108000079,559,722,-163
108000080,1066,421,645
108000081,376,715,-339
108000082,643,1006,-363
108000083,1402,694,708
108000084,339,604,-265
108000085,705,368,337
108000086,532,399,133
108000087,83,1719,-1636
108000088,635,167,468
108000089,235,207,28
108000091,252,293,-41
108000092,115,72,43
108000093,146,281,-135
108000094,482,67,415
108000095,126,173,-47
108000096,333,141,192
108000097,96,217,-121
108000098,1403,742,661
108000099,724,207,517
108000100,155,323,-168
108000101,1188,1150,38
108000102,1230,2741,-1511
108000106,742,1,741
108000107,1,403,-402
108000108,408,29,379
108000109,3,412,-409
108000110,268,189,79
108000111,91,350,-259
108000112,39,127,-88
108000113,262,139,123
108000115,168,153,15
108000117,470,270,200
108000118,419,1507,-1088
108000119,358,198,160
108000120,115,577,-462
108000121,143,278,-135
108000122,513,227,286
108000123,789,124,665
108000124,359,297,62
108000125,350,147,203
108000126,157,191,-34
108000127,430,189,241
108000128,445,232,213
108000129,394,446,-52
108000130,461,151,310
108000131,687,383,304
108000132,1111,715,396
108000133,888,431,457
108000134,316,303,13
108000135,826,321,505
108000136,203,490,-287
108000137,433,190,243
108000138,333,502,-169
108000139,477,164,313
108000140,72,16,56
108000141,22,33,-11
108000142,51,49,2
108000143,57,232,-175
108000144,393,45,348
108000145,53,4,49
108000146,639,31,608
108000147,24,11,13
108000148,500,44,456
108000149,11,9,2
108000150,40,7,33
108000151,89,29,60
108000152,93,222,-129
108000153,453,78,375
108000154,35,5,30
108000155,18,16,2
108000156,452,257,195
108000157,81,885,-804
108000158,51,598,-547
108000159,299,140,159
108000160,1448,784,664
108000161,1114,1889,-775
108000165,7,128,-121
108000172,21,201,-180
108000173,834,1379,-545
108000175,481,97,384
108000178,299,168,131
108000179,99,596,-497
108000181,63,23,40
108000182,164,78,86
108000183,16,191,-175
108000184,546,1647,-1101
108000185,156,221,-65
108000186,307,204,103
108000187,81,231,-150
108000188,513,159,354
108000189,876,6668,-5792
108000190,20,54,-34
108000192,194,285,-91
108000193,307,12,295
108000194,22,11,11
108000195,0,577,-577
108000196,240,111,129
108000198,625,166,459
108000199,1,234,-233
108000200,298,202,96
108000203,101,254,-153
108000204,106,49,57
108000205,149,194,-45
108000339,780,271,509
108000364,189,397,-208
108000365,28,178,-150
108000367,93,151,-58
108000368,4,43,-39
108000369,385,131,254
108000371,2,405,-403
108000372,459,3,456
108000373,118,103,15
108000376,75,32,43
108000377,395,157,238
108000378,6524,7378,-854
108000379,6,105,-99
108000381,44,5,39
108000382,100,1,99
108000383,2,175,-173
108900001,43,524,-481
108900002,134,41,93
108900003,230,347,-117
108900004,106,302,-196
108900007,359,135,224
108900008,128,99,29
108900009,86,87,-1
108900010,276,119,157
108900011,521,282,239
108900012,275,391,-116
108900013,124,198,-74
108900014,10,106,-96
108900015,3,105,-102
108900016,1,136,-135
108900017,224,307,-83
108900018,136,203,-67
108900019,34,301,-267
108900020,42,97,-55
108900021,95,201,-106
108900022,50,0,50
108900023,59,26,33
108900024,19,68,-49
108900025,110,55,55
108900026,12,55,-43
108900027,0,32,-32
108900028,64,155,-91
108900029,18,121,-103
108900030,1,40,-39
108900031,129,182,-53
108900032,7,86,-79
108900033,0,59,-59
108900034,0,115,-115
108900035,272,546,-274
108900038,0,162,-162
108900039,0,220,-220
108900040,7,54,-47
108900041,3017,2364,653
108900042,8,283,-275
108900043,24,231,-207
108900044,0,207,-207
108900045,70,225,-155
108900046,38,316,-278
108900047,63,150,-87
108900048,78,452,-374
108900049,1277,1092,185
108900050,3,125,-122
108900051,0,82,-82
108900052,19,104,-85
108900053,42,138,-96
108900054,42,106,-64
108900055,22,199,-177
108900056,1,98,-97
108900057,1,90,-89
108900058,23,189,-166
108900059,408,47,361
108900060,74,89,-15
108900061,55,24,31
108900062,1,131,-130
108900063,7,135,-128
108900064,207,23,184
108900065,5,92,-87
108900066,355,104,251
108900067,8,102,-94
108900068,7,67,-60
108900069,60,36,24
108900070,21,48,-27
108900071,86,49,37
108900072,1057,297,760
108900073,17,165,-148
108900074,142,112,30
108900075,29,30,-1
108900076,232,51,181
108900077,96,230,-134
108900078,35,54,-19
108900079,424,111,313
108900080,23,496,-473
108900081,32,139,-107
108900082,74,51,23
108900083,13,155,-142
108900085,1065,109,956
108900086,139,102,37
108900087,62,113,-51
108900088,732,328,404
108900089,15,87,-72
108900090,31,112,-81
108900091,114,32,82
108900092,374,244,130
108900093,79,60,19
108900094,128,50,78
108900095,17,148,-131
108900096,181,14,167
108900097,236,148,88
108900098,1001,519,482
108900099,383,130,253
108900100,81,71,10
108900101,144,159,-15
108900102,61,756,-695
108900103,60,128,-68
108900105,1,937,-936
108900106,464,176,288
108900108,268,27,241
108900109,311,69,242
108900110,191,195,-4
108900111,405,260,145
108900113,34,64,-30
108900114,92,5,87
108900115,66,54,12
108900116,36,2,34
108900117,133,8,125
108900118,492,14,478
108900119,206,18,188
108900120,208,123,85
108900121,210,73,137
108900122,137,22,115
108900123,110,105,5
108900124,456,174,282
108900125,338,3,335
108900126,92,41,51
108900127,129,22,107
108900128,90,30,60
108900129,720,111,609
108900130,304,2,302
108900131,316,8,308
108900132,398,27,371
108900133,233,17,216
108900134,359,129,230
108900135,170,7,163
108900136,21,0,21
108900137,124,1,123
108900138,679,37,642
108900140,358,141,217
108900141,255,8,247
108900142,89,3,86
108900143,100,0,100
108900144,91,1,90
108900145,175,15,160
108900146,73,0,73
108900147,197,1,196
108900148,47,20,27
108900150,157,2,155
108900151,61,0,61
108900152,216,5,211
108900153,167,138,29
108900154,3499,349,3150
108900156,49,0,49
108900157,16,199,-183
108900158,283,28,255
108900159,2,83,-81
108900160,15,153,-138
108900161,5,184,-179
108900162,87,2,85
108900163,2,231,-229
108900164,58,74,-16
108900168,3773,1896,1877
108900169,58,74,-16
108900171,3091,2375,716
108900172,148,29,119
108900173,108,240,-132
108900174,701,450,251
108900176,86,264,-178
108900177,2390,3967,-1577
108900178,2009,2642,-633
108900180,98,255,-157
108900183,154,108,46
108900184,401,161,240
108900185,90,212,-122
108900186,57,234,-177
108900189,304,83,221
108900190,29,1273,-1244
108900192,84,134,-50
108900195,66,112,-46
108900196,13,130,-117
108900199,175,230,-55
108900200,457,237,220
108900201,445,949,-504
108900203,312,96,216
108900204,226,13,213
108900205,113,31,82
108900206,326,49,277
108900207,123,63,60
108900208,11,145,-134
108900209,164,302,-138
108900210,116,126,-10
108900211,101,404,-303
108900212,330,935,-605
108900215,53,231,-178
108900216,235,222,13
108900217,87,1,86
108900218,38,14,24
108900221,21,94,-73
108900224,13,95,-82
108900225,0,131,-131
108900227,88,218,-130
108900230,98,135,-37
108900232,4,124,-120
108900233,223,72,151
108900234,238,96,142
108900235,116,274,-158
108900236,20,142,-122
108900240,78,76,2
108900241,17,27,-10
108900245,3,722,-719
108900250,104,64,40
108900258,4,93,-89
108900259,35,36,-1
108900260,1,49,-48
108900261,51,84,-33
108900262,81,96,-15
108900263,24,79,-55
108900264,389,172,217
108900265,570,333,237
108900266,417,453,-36
108900267,1,119,-118
108900268,12,10,2
108900269,68,10,58
108900270,49,6,43
108900271,37,5,32
108900272,152,5,147
108900273,404,618,-214
108900274,77,20,57
109000001,1616,1320,296
109000002,643,1502,-859
109000003,1992,339,1653
109000004,387,1474,-1087
109000005,1839,502,1337
109000006,610,1366,-756
109000007,1199,398,801
109000008,452,1074,-622
109000009,2307,1059,1248
109000010,894,2174,-1280
109000011,2618,1289,1329
109000012,1409,1734,-325
109000013,2666,2129,537
109000014,1490,1438,52
109000015,3620,7290,-3670
109000016,3750,1721,2029
109000017,2103,905,1198
109000018,839,1422,-583
109000019,1961,1133,828
109000020,759,1135,-376
109000023,183,14,169
109000024,30,127,-97
109000025,318,355,-37
109000026,477,255,222
109000027,60,267,-207
109000028,114,60,54
109000029,61,147,-86
109000030,48,367,-319
109000031,139,174,-35
109000032,123,305,-182
109000033,203,129,74
109000034,24,30,-6
109000035,10,28,-18
109000036,123,247,-124
109000037,203,1300,-1097
109000038,332,235,97
109000039,701,588,113
109000040,1303,5323,-4020
109000041,1336,1295,41
109000042,381,833,-452
109000044,372,98,274
109000045,173,257,-84
109000046,254,77,177
109000047,42,239,-197
109000048,777,326,451
109000049,125,327,-202
109000050,352,329,23
109000051,146,112,34
109000052,333,454,-121
109000053,1092,158,934
109000054,185,197,-12
109000055,162,144,18
109000056,262,171,91
109000057,457,407,50
109000058,1100,201,899
109000059,462,1149,-687
109000060,552,341,211
109000061,499,631,-132
109000062,103,231,-128
109000063,110,74,36
109000064,278,102,176
109000065,74,128,-54
109000066,250,31,219
109000067,31,179,-148
109000068,950,59,891
109000069,604,20,584
109000070,7,1408,-1401
109000071,280,45,235
109000072,91,373,-282
109000073,70,74,-4
109000074,27,156,-129
109000075,69,268,-199
109000076,157,205,-48
109000077,213,227,-14
109000078,85,131,-46
109000079,120,128,-8
109000080,196,78,118
109000081,154,298,-144
109000082,671,138,533
109000083,234,357,-123
109000088,109,257,-148
109000089,179,42,137
109000090,101,226,-125
109000091,209,112,97
109000092,234,227,7
109000093,270,102,168
109000094,479,1,478
109000095,105,222,-117
109000096,525,231,294
109000097,82,93,-11
109000098,52,91,-39
109000099,540,165,375
109000100,162,417,-255
109000101,1150,345,805
109000102,246,446,-200
109000103,739,393,346
109000104,1295,312,983
109000105,377,575,-198
109000106,1328,469,859
109000107,435,933,-498
109000108,1291,359,932
109000109,392,866,-474
109000110,782,343,439
109000111,510,930,-420
109000112,255,68,187
109000113,242,68,174
109000114,88,257,-169
109000115,699,74,625
109000116,9,473,-464
109000117,221,29,192
109000118,9,178,-169
109000119,949,120,829
109000120,155,375,-220
109000121,748,60,688
109000122,115,365,-250
109000123,44,134,-90
109000124,570,246,324
109000125,626,218,408
109000126,375,381,-6
109000127,1385,182,1203
109000128,377,637,-260
109000129,1759,503,1256
109000130,623,1013,-390
109000131,1121,887,234
109000132,892,1460,-568
109000133,214,512,-298
109000134,434,758,-324
109000135,575,972,-397
109000136,249,175,74
109000137,223,251,-28
109000138,327,190,137
109000139,394,276,118
109000140,203,307,-104
109000141,727,395,332
109000142,83,269,-186
109000143,72,65,7
109000145,109,299,-190
109000146,35,61,-26
109000148,1663,1207,456
109000149,8,56,-48
109000150,66,152,-86
109000155,598,505,93
109000156,586,387,199
109000158,45,171,-126
109000159,62,234,-172
109000160,742,138,604
109000161,313,510,-197
109000162,1329,454,875
109000163,768,988,-220
109000164,1043,1512,-469
109000165,1153,380,773
109000166,604,87,517
109000167,105,259,-154
109000170,36,48,-12
109000171,31,39,-8
109000172,32,40,-8
109000173,27,72,-45
109000174,67,32,35
109000175,110,179,-69
109000176,192,131,61
109000177,22,56,-34
109000178,619,238,381
109000179,2151,3221,-1070
109000180,2273,2172,101
109000181,16,14,2
109000182,38,20,18
109000183,35,13,22
109000184,27,15,12
109000185,40,19,21
109000188,490,925,-435
109000189,1996,602,1394
109000190,543,293,250
109000191,201,261,-60
109000192,356,153,203
109000193,144,119,25
109000194,191,78,113
109000195,99,146,-47
109000196,166,79,87
109000197,201,165,36
109000198,247,51,196
109000199,102,259,-157
109000206,186,22,164
109000207,116,34,82
109000208,51,57,-6
109000209,75,56,19
109000210,102,256,-154
109000211,479,241,238
109000214,366,409,-43
109000215,131,37,94
109000216,217,185,32
109000217,235,79,156
109000218,429,196,233
109000221,330,620,-290
109000222,695,224,471
109000223,254,266,-12
109000224,36,79,-43
109000225,66,61,5
109000226,63,105,-42
109000227,761,445,316
109000228,3,1755,-1752
109000231,0,119,-119
109000232,302,154,148
109000236,169,484,-315
109000241,1499,1227,272
109000242,1356,844,512
109000293,116,134,-18
109000361,185,159,26
109000364,117,270,-153
109000396,1,252,-251
109000397,453,7,446
109000399,96,204,-108
109000400,54,145,-91
109000403,47,1105,-1058
109000406,282,6,276
109000407,157,111,46
109000408,1,261,-260
109000410,691,111,580
109000411,170,27,143
109000412,3,37,-34
109900001,72,0,72
109900002,819,18,801
109900003,215,1,214
109900005,40,3,37
109900006,258,83,175
109900007,585,258,327
109900008,1,29,-28
109900009,100,266,-166
109900010,480,5,475
109900011,68,43,25
109900012,208,120,88
109900013,258,106,152
109900014,314,47,267
109900015,177,100,77
109900016,98,6,92
109900017,125,175,-50
109900018,122,19,103
109900019,382,26,356
109900020,16,33,-17
109900021,18,9,9
109900022,117,169,-52
109900023,12,4,8
109900024,12,1,11
109900025,5,6,-1
109900027,30,13,17
109900028,466,912,-446
109900029,2,97,-95
109900030,19,2,17
109900031,0,89,-89
109900032,3,217,-214
109900033,2,291,-289
109900034,40,5,35
109900035,20,8,12
109900036,12,114,-102
109900037,14,258,-244
109900038,72,143,-71
109900039,5,0,5
109900040,27,273,-246
109900041,42,162,-120
109900042,63,357,-294
109900044,161,237,-76
109900045,62,61,1
109900046,95,51,44
109900047,199,149,50
109900048,3,56,-53
109900049,4,39,-35
109900050,0,74,-74
109900051,1,27,-26
109900052,34,187,-153
109900053,0,123,-123
109900054,511,102,409
109900055,88,154,-66
109900056,42,163,-121
109900057,3,79,-76
109900058,0,60,-60
109900060,393,75,318
109900061,39,145,-106
109900062,1,58,-57
109900064,391,130,261
109900065,36,87,-51
109900066,234,453,-219
109900067,0,109,-109
109900068,35,3,32
109900069,5,20,-15
109900071,3,19,-16
109900072,16,80,-64
109900073,255,243,12
109900074,6,18,-12
109900075,25,55,-30
109900076,19,109,-90
109900077,37,28,9
109900078,75,131,-56
109900080,83,142,-59
109900081,14,185,-171
109900082,17,186,-169
109900083,30,68,-38
109900084,36,67,-31
109900085,115,348,-233
109900086,111,479,-368
109900087,105,226,-121
109900089,479,191,288
109900092,518,18,500
109900093,654,117,537
109900094,43,64,-21
109900095,167,130,37
109900096,29,3,26
109900097,70,1,69
109900098,407,25,382
109900099,189,3,186
109900100,22,1,21
109900101,432,6,426
109900102,375,21,354
109900103,29,17,12
109900104,531,286,245
109900105,402,15,387
109900106,191,37,154
109900107,416,53,363
109900108,81,129,-48
109900109,19,44,-25
109900111,193,391,-198
109900114,988,602,386
109900115,161,67,94
109900117,834,80,754
109900121,262,265,-3
109900123,13,108,-95
109900125,0,95,-95
109900126,233,63,170
109900130,3083,2050,1033
109900131,46,127,-81
109900132,24,93,-69
109900134,55,52,3
109900135,308,42,266
109900137,68,176,-108
109900140,129,87,42
109900149,18,45,-27
109900150,4,61,-57
109900151,5,25,-20
109900152,0,11,-11
109900153,1,27,-26
109900154,22,0,22
109900155,46,7,39
109900157,64,117,-53
109900159,88,21,67
109900161,166,71,95
109900162,147,117,30
109900163,339,169,170
109900164,24,153,-129
109900165,229,1,228
109900166,1,98,-97
109900167,90,228,-138
109900168,194,350,-156
109900169,117,117,0
109900170,166,662,-496
109900171,160,49,111
109900172,135,136,-1
109900173,1312,1637,-325
109900174,27,61,-34
109900175,49,134,-85
109900176,73,92,-19
109900177,23,122,-99
109900178,13,70,-57
109900179,48,11,37
109900180,4,5,-1
110000001,710,338,372
110000002,460,500,-40
110000003,446,496,-50
110000004,332,436,-104
110000005,246,1004,-758
110000006,173,219,-46
110000007,55,45,10
110000008,10,52,-42
110000009,53,16,37
110000010,23,54,-31
110000011,33,41,-8
110000012,425,191,234
110000013,44,428,-384
110000014,440,216,224
110000015,153,498,-345
110000016,230,1168,-938
110000017,1680,156,1524
110000018,1320,180,1140
110000019,6,55,-49
110000020,237,123,114
110000021,340,271,69
110000022,444,88,356
110000023,8,65,-57
110000024,419,232,187
110000025,367,6,361
110000026,5,122,-117
110000027,809,451,358
110000028,713,448,265
110000029,322,337,-15
110000030,160,286,-126
110000031,207,215,-8
110000032,491,258,233
110000033,240,108,132
110000034,296,434,-138
110000035,438,270,168
110000036,560,440,120
110000037,120,243,-123
110000038,133,441,-308
110000039,631,2281,-1650
110000040,221,160,61
110000041,201,1114,-913
110000042,55,218,-163
110000043,514,206,308
110000044,42,335,-293
110000045,237,93,144
110000046,4,19,-15
110000047,9,23,-14
110000048,12,19,-7
110000049,17,4,13
110000050,4,11,-7
110000051,65,3,62
110000052,33,27,6
110000053,27,8,19
110000054,283,211,72
110000055,508,55,453
110000056,88,74,14
110000057,293,404,-111
110000058,620,244,376
110000059,638,388,250
110000060,704,628,76
110000061,458,471,-13
110000062,411,578,-167
110000063,49,99,-50
110000064,57,33,24
110000065,60,70,-10
110000066,54,10,44
110000067,48,104,-56
110000068,182,47,135
110000069,197,59,138
110000071,127,52,75
110000073,22,11,11
110000075,4,59,-55
110000076,177,192,-15
110000077,218,571,-353
110000078,28,24,4
110000080,218,388,-170
110000081,62,116,-54
110000082,30,212,-182
110000083,184,412,-228
110000084,1005,568,437
110000085,942,968,-26
110000086,853,1576,-723
110000087,15,30,-15
110000088,64,130,-66
110000089,168,59,109
110000090,295,224,71
110000091,538,183,355
110000092,15,39,-24
110000093,34,31,3
110000094,345,186,159
110000095,135,338,-203
110000096,1049,1282,-233
110000097,900,1072,-172
110000098,1221,499,722
110000099,518,977,-459
110000100,744,264,480
110000101,32,135,-103
110000102,72,27,45
110000104,397,98,299
110000105,51,178,-127
110000106,415,373,42
110000107,178,227,-49
110000108,113,67,46
110000109,172,170,2
110000110,1285,2080,-795
110000111,2593,1937,656
110000112,496,837,-341
110000113,150,1513,-1363
110000114,142,337,-195
110000115,231,162,69
110000116,43,51,-8
110000117,196,113,83
110000118,338,104,234
110000119,163,165,-2
110000120,292,94,198
110000121,93,259,-166
110000122,268,283,-15
110000123,409,240,169
110000124,2,622,-620
110000125,723,5,718
110000126,278,32,246
110000127,834,54,780
110000128,36,760,-724
110000129,7,386,-379
110000130,230,147,83
110000131,77,268,-191
110000132,1,469,-468
110000133,26,356,-330
110000134,16,261,-245
110000135,119,22,97
110000136,31,161,-130
110000137,408,358,50
110000138,548,329,219
110000139,699,602,97
110000140,542,537,5
110000143,485,264,221
110000144,3484,1391,2093
110000145,1705,816,889
110000146,1035,480,555
110000147,274,322,-48
110000148,365,97,268
110000151,598,815,-217
110000152,648,347,301
110000153,88,20,68
110000154,12,20,-8
110000155,799,2680,-1881
110000156,905,1647,-742
110000157,1426,1581,-155
110000160,272,174,98
110000161,109,143,-34
110000166,368,56,312
110000167,560,426,134
110000168,677,470,207
110000169,642,277,365
110000170,158,51,107
110000171,470,94,376
110000172,146,407,-261
110000173,694,671,23
110000174,93,420,-327
110000175,547,48,499
110000176,249,355,-106
110000177,166,621,-455
110000178,273,1228,-955
110000179,639,207,432
110000180,165,128,37
110000181,352,251,101
110000182,207,78,129
110000183,3825,4613,-788
110000184,213,1503,-1290
110000185,693,547,146
110000186,494,541,-47
110000191,975,132,843
110000192,467,9,458
110000193,990,6,984
110000194,9,479,-470
110000195,335,175,160
110000196,290,137,153
110000197,88,79,9
110000198,110,46,64
110000199,81,91,-10
110000200,894,305,589
110000201,792,738,54
110000202,932,529,403
110000203,467,364,103
110000204,8,91,-83
110000205,111,39,72
110000206,351,575,-224
110000207,906,242,664
110000208,137,144,-7
110000209,96,445,-349
110000210,1090,257,833
110000211,567,357,210
110000212,237,698,-461
110000213,196,33,163
110000214,233,65,168
110000215,109,148,-39
110000216,132,146,-14
110000217,254,77,177
110000218,108,151,-43
110000219,280,34,246
110000220,43,100,-57
110000221,234,51,183
110000222,30,144,-114
110000223,3,163,-160
110000224,39,7,32
110000225,180,461,-281
110000226,250,51,199
110000227,610,588,22
110000228,152,109,43
110000229,0,121,-121
110000230,442,388,54
110000231,149,204,-55
110000232,143,146,-3
110000233,127,194,-67
110000234,498,827,-329
110000235,664,765,-101
110000236,507,343,164
110000237,1456,827,629
110000238,848,1030,-182
110000239,1233,683,550
110000240,2,28,-26
110000242,0,13,-13
110000243,86,59,27
110000244,74,195,-121
110000245,37,189,-152
110000246,633,331,302
110000247,639,2059,-1420
110000248,1144,749,395
110000249,49,4,45
110000250,37,81,-44
110000251,241,181,60
110000252,289,125,164
110000253,911,405,506
110000254,428,469,-41
110000255,142,518,-376
110000256,327,236,91
110000257,459,299,160
110000258,3,136,-133
110000259,143,10,133
110000260,26,99,-73
110000263,273,42,231
110000264,271,172,99
110000265,897,1145,-248
110000266,805,1696,-891
110000267,12,76,-64
110000268,147,225,-78
110000269,4,47,-43
110000270,46,1,45
110000271,664,125,539
110000272,741,623,118
110000273,1308,782,526
110000274,179,1147,-968
110000275,853,409,444
110000276,316,226,90
110000277,297,216,81
110000278,319,416,-97
110000279,668,512,156
110000280,391,228,163
110000281,33,212,-179
110000282,123,16,107
110000283,18,46,-28
110000284,20,26,-6
110000285,0,267,-267
110000286,3,0,3
110000287,41,1,40
110000288,5,47,-42
110000289,348,1331,-983
110000290,571,458,113
110000291,2276,859,1417
110000292,797,3149,-2352
110000293,500,395,105
110000294,933,703,230
110000295,135,399,-264
110000296,369,223,146
110000297,1509,169,1340
110000298,125,300,-175
110000299,116,50,66
110000301,336,24,312
110000302,559,621,-62
110000303,441,5,436
110000304,185,154,31
110000305,763,15,748
110000306,115,619,-504
110000307,1136,3,1133
110000308,306,5,301
110000309,4,419,-415
110000310,501,35,466
110000311,8,331,-323
110000312,253,51,202
110000313,1518,1627,-109
110000314,0,95,-95
110000315,1864,1456,408
110000316,355,832,-477
110000317,246,404,-158
110000318,1,20,-19
110000319,9,7,2
110000320,20,25,-5
110000321,7,38,-31
110000322,166,245,-79
110000323,358,132,226
110000324,1790,997,793
110000325,1480,1861,-381
110000327,276,133,143
110000328,104,273,-169
110000333,699,479,220
110000334,451,696,-245
110000335,488,291,197
110000336,586,542,44
110000337,1153,340,813
110000338,358,92,266
110000339,246,154,92
110000340,56,116,-60
110000341,301,357,-56
110000342,129,1,128
110000343,0,18,-18
110000344,240,142,98
110000345,378,147,231
110000346,1398,1190,208
110000347,837,546,291
110000348,10,11,-1
110000349,11,22,-11
110000350,45,2,43
110000351,722,559,163
110000352,483,903,-420
110000353,1598,421,1177
110000354,646,1975,-1329
110000355,51,34,17
110000356,687,4,683
110000357,295,10,285
110000361,22,17,5
110000362,51,8,43
110000363,324,67,257
110000364,179,245,-66
110000365,114,1,113
110000366,1,51,-50
110000367,239,100,139
110000368,0,35,-35
110000369,37,1,36
110000373,4,154,-150
110000374,172,12,160
110000375,90,704,-614
110000376,30,44,-14
110000377,57,368,-311
110000378,8,241,-233
110000379,1465,1239,226
110000380,54,6,48
110000383,2,1120,-1118
110000384,1084,930,154
110000385,0,109,-109
110000387,49,4,45
110000388,30,108,-78
110000389,598,13,585
110000391,609,131,478
110000396,136,68,68
110000397,129,54,75
110000398,2,20,-18
110000399,102,6,96
110000587,83,44,39
110000589,152,100,52
110000640,153,39,114
110000652,4,104,-100
110000653,288,271,17
110000654,29,981,-952
110000656,2,237,-235
110000674,16,6,10
110000675,4,7,-3
110000676,0,18,-18
110000679,198,745,-547
110000682,74,110,-36
110000683,214,299,-85
110000684,3,19,-16
110000685,5,5,0
110000686,7,16,-9
110000687,17,1,16
110000688,39,671,-632
110000689,15,26,-11
110000692,45,94,-49
110000693,71,179,-108
110000694,0,101,-101
110000695,191,414,-223
110000696,35,27,8
110000698,16,396,-380
110000699,51,249,-198
110900001,161,10,151
110900002,325,80,245
110900003,516,231,285
110900004,311,51,260
110900005,1198,1879,-681
110900006,30,10,20
110900007,72,29,43
110900008,13,25,-12
110900009,313,103,210
110900010,7,26,-19
110900011,10,31,-21
110900012,19,52,-33
110900013,615,129,486
110900014,381,24,357
110900015,258,425,-167
110900016,40,105,-65
110900017,330,26,304
110900018,221,33,188
110900019,184,14,170
110900020,84,120,-36
110900021,33,241,-208
110900022,99,115,-16
110900023,49,265,-216
110900024,15,177,-162
110900025,48,35,13
110900027,32,114,-82
110900028,15,69,-54
110900029,5,132,-127
110900030,21,106,-85
110900031,4,102,-98
110900032,0,41,-41
110900033,38,79,-41
110900035,18,349,-331
110900036,74,10,64
110900037,60,16,44
110900038,438,93,345
110900039,6,162,-156
110900040,161,15,146
110900041,9,28,-19
110900042,88,27,61
110900043,3,51,-48
110900044,128,5,123
110900045,28,174,-146
110900046,11,103,-92
110900047,198,170,28
110900049,55,47,8
110900050,16,2,14
110900052,7,152,-145
110900053,38,18,20
110900054,30,91,-61
110900055,23,2,21
110900056,98,79,19
110900057,9,77,-68
110900058,168,85,83
110900059,334,215,119
110900060,312,61,251
110900061,20,29,-9
110900062,82,73,9
110900063,35,75,-40
110900064,7,0,7
110900065,166,104,62
110900066,6,43,-37
110900067,109,275,-166
110900068,169,139,30
110900069,3,7,-4
110900070,82,68,14
110900071,138,354,-216
110900073,0,9,-9
110900074,287,92,195
110900075,276,33,243
110900077,673,360,313
110900078,28,23,5
110900079,1469,985,484
110900080,111,57,54
110900081,12,27,-15
110900082,105,64,41
110900083,105,29,76
110900084,62,62,0
110900085,27,110,-83
110900086,44,199,-155
110900087,261,43,218
110900088,5,4,1
110900090,30,23,7
110900091,0,23,-23
110900093,121,72,49
110900095,31,27,4
110900097,17,14,3
110900098,14,53,-39
110900099,29,169,-140
110900100,0,10,-10
110900102,36,13,23
110900105,382,77,305
110900108,15,18,-3
110900111,256,101,155
110900112,583,11,572
110900113,261,22,239
110900115,2,38,-36
110900116,548,664,-116
110900118,73,2219,-2146
110900119,1389,124,1265
110900120,18,38,-20
110900121,75,0,75
110900122,364,107,257
110900125,317,323,-6
110900127,523,919,-396
110900128,340,414,-74
110900129,222,660,-438
110900130,603,442,161
110900131,190,64,126
110900132,205,41,164
110900133,100,182,-82
110900135,29,154,-125
110900136,247,16,231
110900139,0,0,0
110900140,0,0,0
110900141,264,152,112
110900142,36,59,-23
110900143,87,47,40
110900144,1,312,-311
110900145,163,39,124
110900146,191,184,7
110900147,70,156,-86
110900148,0,142,-142
110900149,0,35,-35
110900150,20,5,15
110900151,1,21,-20
110900152,31,99,-68
110900153,122,30,92
111000001,457,393,64
111000002,612,437,175
111000003,1127,499,628
111000004,400,684,-284
111000005,1205,884,321
111000006,593,1266,-673
111000007,2640,2181,459
111000008,1160,1884,-724
111000009,353,573,-220
111000010,641,206,435
111000011,274,803,-529
111000012,585,281,304
111000013,411,680,-269
111000014,1207,368,839
111000017,79,573,-494
111000018,140,263,-123
111000020,589,1187,-598
111000021,53,81,-28
111000023,84,81,3
111000025,3194,2583,611
111000029,97,49,48
111000030,39,69,-30
111000031,1433,755,678
111000032,443,273,170
111000033,168,230,-62
111000034,75,243,-168
111000037,859,498,361
111000038,2487,1318,1169
111000039,1306,1178,128
111000040,1328,1407,-79
111000041,1077,815,262
111000042,1550,1320,230
111000043,1211,2499,-1288
111000044,1266,970,296
111000045,1932,1874,58
111000046,1182,1323,-141
111000047,1999,3183,-1184
111000049,381,314,67
111000050,791,795,-4
111000051,358,624,-266
111000052,512,1110,-598
111000053,218,493,-275
111000054,325,472,-147
111000055,761,1109,-348
111000056,183,379,-196
111000057,79,260,-181
111000058,387,61,326
111000059,680,231,449
111000060,3472,625,2847
111000061,533,232,301
111000062,637,265,372
111000063,1707,740,967
111000064,629,439,190
111000065,889,792,97
111000066,465,411,54
111000067,497,353,144
111000068,518,675,-157
111000069,1263,1326,-63
111000070,756,640,116
111000071,220,348,-128
111000072,1002,370,632
111000073,235,799,-564
111000074,1127,1207,-80
111000075,767,371,396
111000076,364,341,23
111000077,1329,1343,-14
111000078,2117,1008,1109
111000079,794,413,381
111000080,369,432,-63
111000081,1051,2769,-1718
111000082,496,460,36
111000084,519,349,170
111000085,641,724,-83
111000086,1318,632,686
111000087,469,288,181
111000088,2598,1583,1015
111000089,516,523,-7
111000090,540,940,-400
111000091,476,250,226
111000092,1029,532,497
111000093,610,847,-237
111000094,1531,705,826
111000095,520,1489,-969
111000096,923,5129,-4206
111000097,2697,1066,1631
111000098,599,695,-96
111000099,409,939,-530
111000100,323,809,-486
111000101,244,450,-206
111000102,193,232,-39
111000104,431,102,329
111000107,58,389,-331
111000109,459,126,333
111000110,1089,404,685
111000111,1830,316,1514
111000112,1584,395,1189
111000113,659,1156,-497
111000114,1487,2503,-1016
111000115,3089,726,2363
111000116,814,560,254
111000117,279,612,-333
111000118,1125,508,617
111000119,968,644,324
111000120,391,414,-23
111000121,220,510,-290
111000122,363,783,-420
111000123,723,1308,-585
111000124,300,1192,-892
111000125,248,708,-460
111000126,82,533,-451
111000127,783,88,695
111000128,1665,213,1452
111000129,2121,348,1773
111000130,1600,470,1130
111000131,1444,441,1003
111000132,1238,594,644
111000133,128,66,62
111000134,118,48,70
111000135,35,106,-71
111000136,303,200,103
111000138,7,3,4
111000140,4,5,-1
111000141,146,223,-77
111000142,12,287,-275
111000143,2,381,-379
111000144,45,1422,-1377
111000145,298,11,287
111000146,116,16,100
111000147,205,17,188
111000148,86,64,22
111000149,2,15,-13
111000150,13,1,12
111000151,6,12,-6
111000153,395,622,-227
111000154,515,171,344
111000155,61,119,-58
111000156,382,402,-20
111000157,148,675,-527
111000158,590,524,66
111000159,2051,610,1441
111000160,354,351,3
111000161,13,309,-296
111000162,34,98,-64
111000163,548,440,108
111000164,380,1572,-1192
111000165,679,305,374
111000166,934,234,700
111000167,122,267,-145
111000168,158,287,-129
111000169,272,504,-232
111000170,300,277,23
111000171,301,307,-6
111000172,151,242,-91
111000173,292,419,-127
111000174,162,146,16
111000175,32,155,-123
111000176,284,77,207
111000177,253,103,150
111000178,1191,187,1004
111000179,245,109,136
111000180,177,291,-114
111000181,1214,189,1025
111000182,182,115,67
111000183,269,226,43
111000184,258,135,123
111000185,278,168,110
111000186,298,163,135
111000187,105,104,1
111000188,310,307,3
111000189,494,360,134
111000190,175,172,3
111000191,125,163,-38
111000192,109,260,-151
111000193,233,187,46
111000194,40,202,-162
111000195,117,191,-74
111000196,58,115,-57
111000197,451,92,359
111000198,631,80,551
111000199,180,88,92
111000200,415,269,146
111000201,676,195,481
111000202,222,188,34
111000203,360,253,107
111000204,327,1080,-753
111000213,173,479,-306
111000214,1031,775,256
111000215,889,814,75
111000217,1052,521,531
111000218,943,666,277
111000219,245,169,76
111000220,749,354,395
111000221,392,76,316
111000224,54,246,-192
111000225,314,227,87
111000226,74,3,71
111000227,20,3,17
111000228,11,313,-302
111000229,19,716,-697
111000230,138,140,-2
111000231,896,357,539
111000232,472,470,2
111000233,861,477,384
111000234,101,341,-240
111000239,72,78,-6
111000240,32,155,-123
111000241,41,164,-123
111000242,135,52,83
111000243,117,250,-133
111000244,403,79,324
111000245,1021,206,815
111000246,462,142,320
111000247,225,377,-152
111000248,491,273,218
111000249,332,310,22
111000250,31,36,-5
111000251,38,60,-22
111000253,5,7,-2
111000255,50,7,43
111000257,23,17,6
111000260,27,644,-617
111000261,878,64,814
111000271,38,172,-134
111000273,1635,830,805
111000274,920,1536,-616
111000275,148,41,107
111000276,208,761,-553
111000277,155,215,-60
111000278,442,163,279
111000291,709,4550,-3841
111000298,401,141,260
111000299,521,95,426
111000300,72,381,-309
111000302,238,79,159
111000303,97,114,-17
111000312,29,53,-24
111000315,6,62,-56
111000320,159,293,-134
111000321,252,99,153
111000322,230,237,-7
111000323,193,18,175
111000324,272,120,152
111000325,24,49,-25
111000326,155,191,-36
111000327,362,185,177
111000328,184,362,-178
111000329,1,21,-20
111000330,58,6,52
111000331,24,4,20
111000332,360,828,-468
111000334,301,784,-483
111000335,819,131,688
111000337,1032,198,834
111000338,40,52,-12
111000339,386,98,288
111000340,195,347,-152
111000341,1014,374,640
111000342,107,706,-599
111000344,763,369,394
111000345,146,118,28
111000346,35,203,-168
111000347,92,3,89
111000350,168,64,104
111000351,74,148,-74
111000352,191,79,112
111000353,96,116,-20
111000354,310,130,180
111000355,234,290,-56
111000358,90,536,-446
111000360,142,289,-147
111000361,118,107,11
111000546,552,371,181
111000547,293,223,70
111000548,107,168,-61
111000549,227,181,46
111000550,64,540,-476
111000551,494,135,359
111000552,557,183,374
111000907,378,15,363
111000908,18,0,18
111000916,1396,153,1243
111000917,23,233,-210
111000918,163,337,-174
111000920,558,8,550
111000921,14,119,-105
111000922,364,133,231
111000924,40,356,-316
111000925,2549,1393,1156
111000926,920,946,-26
111000927,1998,3134,-1136
111000928,2920,1635,1285
111000929,1146,944,202
111000930,557,1218,-661
111000931,1577,1876,-299
111000932,2530,1144,1386
111000933,2453,1819,634
111000934,1139,1658,-519
111000935,1203,642,561
111000936,760,1149,-389
111000937,817,903,-86
111000938,980,812,168
111000939,451,20,431
111000940,340,61,279
111000941,330,216,114
111000943,456,186,270
111000944,113,170,-57
111000945,78,834,-756
111001109,333,283,50
111001110,130,257,-127
111001111,50,4,46
111001112,60,1,59
111001113,3,119,-116
111001114,374,123,251
111001115,41,595,-554
111001116,2475,2792,-317
111001117,338,1539,-1201
111001120,110,111,-1
111001121,126,108,18
111001122,177,251,-74
111001123,273,68,205
111001124,139,79,60
111001125,0,126,-126
111001126,0,0,0
111001127,0,21,-21
111001128,518,331,187
111900001,0,84,-84
111900002,1,262,-261
111900003,1,173,-172
111900004,6,43,-37
111900006,8,20,-12
111900007,73,5,68
111900008,136,3,133
111900009,75,0,75
111900010,198,199,-1
111900012,36,60,-24
111900013,8,3,5
111900014,2010,3135,-1125
111900015,0,17,-17
111900016,0,26,-26
111900017,0,54,-54
111900018,122,2,120
111900019,0,50,-50
111900020,0,14,-14
111900021,32,72,-40
111900022,5,38,-33
111900023,48,52,-4
111900024,274,87,187
111900025,0,12,-12
111900026,0,50,-50
111900027,1,89,-88
111900028,16,170,-154
111900029,0,30,-30
111900030,19,136,-117
111900032,0,134,-134
111900033,1,35,-34
111900034,180,245,-65
111900035,39,119,-80
111900036,0,123,-123
111900038,172,311,-139
111900039,35,167,-132
111900040,0,186,-186
111900042,11,58,-47
111900043,1,124,-123
111900044,191,103,88
111900046,25,70,-45
111900048,225,273,-48
111900049,14,111,-97
111900050,49,9,40
111900051,2,150,-148
111900052,228,186,42
111900053,442,1098,-656
111900054,82,4,78
111900055,12,138,-126
111900056,113,263,-150
111900057,75,31,44
111900058,470,235,235
111900059,743,446,297
111900060,284,3,281
111900061,6,68,-62
111900062,13,62,-49
111900063,146,189,-43
111900064,70,109,-39
111900065,73,12,61
111900066,90,118,-28
111900067,1,226,-225
111900068,25,27,-2
111900069,54,19,35
111900070,132,67,65
111900071,0,108,-108
111900072,43,10,33
111900073,609,133,476
111900074,6,88,-82
111900075,46,11,35
111900076,148,54,94
111900077,35,0,35
111900078,228,20,208
111900079,38,34,4
111900080,150,226,-76
111900082,144,33,111
111900083,101,22,79
111900084,94,5,89
111900085,26,121,-95
111900086,57,6,51
111900087,32,0,32
111900088,494,21,473
111900089,58,1,57
111900090,31,20,11
111900091,212,1,211
111900092,61,1,60
111900093,330,4,326
111900094,72,0,72
111900095,199,27,172
111900096,178,3,175
111900097,28,0,28
111900098,211,1,210
111900099,28,0,28
111900100,80,0,80
111900101,71,20,51
111900102,559,246,313
111900103,52,68,-16
111900104,89,42,47
111900105,178,98,80
111900106,355,16,339
111900110,816,198,618
111900111,47,2,45
111900112,271,2248,-1977
111900113,144,65,79
111900118,235,78,157
111900119,228,141,87
111900122,73,63,10
111900123,15,24,-9
111900124,17,65,-48
111900125,361,31,330
111900126,196,4,192
111900127,2,359,-357
111900128,2,219,-217
111900129,239,7,232
111900130,119,20,99
111900131,405,1,404
111900132,7,436,-429
111900133,30,139,-109
111900134,4,92,-88
111900135,17,30,-13
111900136,58,131,-73
111900137,49,30,19
111900138,8,43,-35
111900139,11,39,-28
111900140,73,19,54
111900141,49,7,42
111900142,82,26,56
111900143,26,41,-15
111900144,2,44,-42
111900145,1,202,-201
111900146,0,118,-118
111900147,77,204,-127
111900148,18,324,-306
111900149,1,138,-137
111900150,5,55,-50
111900151,7,18,-11
111900152,62,70,-8
111900153,742,603,139
111900154,23,227,-204
111900155,39,61,-22
111900156,48,54,-6
111900157,92,16,76
111900158,452,78,374
111900159,281,15,266
111900160,278,2,276
111900161,182,0,182
111900162,72,111,-39
111900163,12,120,-108
111900164,90,30,60
111901113,392,153,239
111901114,211,110,101
111901115,47,1,46
111901116,20,0,20
111901117,18,38,-20
111901118,27,228,-201
111901119,329,46,283
111901121,76,107,-31
111901122,4,244,-240
111901123,129,121,8
111901124,155,3,152
111901125,412,134,278
111901127,178,326,-148
111901128,4,23,-19
111901129,0,41,-41
111901130,0,44,-44
111901131,2,146,-144
111901132,132,38,94
111901133,30,1,29
111901134,51,3,48
111901135,36,7,29
111901138,142,32,110
111901139,5,18,-13
111901140,2,36,-34
111901141,3,74,-71
111901142,1,46,-45
111901143,0,32,-32
111901144,38,29,9
111901145,64,244,-180
111901146,212,15,197
111901147,186,200,-14
111901148,15,32,-17
111901149,5,0,5
111901150,24,2,22
111901151,0,0,0
111901152,1,12,-11
112000001,1293,480,813
112000002,502,1244,-742
112000003,1145,783,362
112000004,415,453,-38
112000005,2582,2962,-380
112000006,1451,820,631
112000007,2297,1537,760
112000008,1697,2631,-934
112000009,1748,1385,363
112000010,1970,2509,-539
112000011,1049,912,137
112000012,2105,2976,-871
112000013,2267,1769,498
112000014,1569,1748,-179
112000015,2483,2030,453
112000016,2436,1366,1070
112000017,1096,1761,-665
112000024,1545,488,1057
112000026,1486,2076,-590
112000027,500,464,36
112000028,675,711,-36
112000029,415,455,-40
112000030,87,32,55
112000031,791,2546,-1755
112000032,100,26,74
112000033,1122,1446,-324
112000034,163,26,137
112000035,47,273,-226
112000036,415,663,-248
112000037,722,612,110
112000038,833,767,66
112000039,98,36,62
112000040,47,158,-111
112000041,269,317,-48
112000042,608,283,325
112000050,943,1070,-127
112000051,793,1004,-211
112000054,883,855,28
112000057,303,158,145
112000058,172,228,-56
112000059,240,408,-168
112000061,1404,826,578
112000062,819,569,250
112000063,509,1586,-1077
112000064,1911,2500,-589
112000065,938,1233,-295
112000066,2165,1098,1067
112000067,451,389,62
112000068,2257,2031,226
112000069,364,944,-580
112000070,1173,670,503
112000071,665,1240,-575
112000072,1675,584,1091
112000073,960,1141,-181
112000074,1174,810,364
112000075,1188,840,348
112000076,2280,1562,718
112000077,725,281,444
112000078,1327,393,934
112000079,1013,795,218
112000080,564,445,119
112000081,932,1615,-683
112000082,888,511,377
112000083,416,672,-256
112000084,899,511,388
112000085,815,419,396
112000086,1171,762,409
112000087,469,376,93
112000088,649,273,376
112000089,254,188,66
112000090,148,134,14
112000091,437,544,-107
112000092,1410,771,639
112000093,1236,533,703
112000094,574,546,28
112000095,627,501,126
112000096,418,422,-4
112000097,988,512,476
112000098,493,418,75
112000099,509,1400,-891
112000100,1646,583,1063
112000101,378,440,-62
112000102,1094,404,690
112000103,307,525,-218
112000105,480,906,-426
112000106,1661,296,1365
112000107,81,148,-67
112000108,257,834,-577
112000109,173,104,69
112000110,1379,507,872
112000111,536,1413,-877
112000112,1814,390,1424
112000113,489,829,-340
112000114,1542,547,995
112000115,232,253,-21
112000116,380,477,-97
112000117,915,578,337
112000118,744,504,240
112000119,329,368,-39
112000120,52,195,-143
112000121,91,174,-83
112000122,218,102,116
112000123,596,90,506
112000124,361,38,323
112000125,218,195,23
112000126,202,194,8
112000127,1052,1571,-519
112000128,380,302,78
112000129,104,43,61
112000130,191,72,119
112000131,63,162,-99
112000132,113,156,-43
112000133,285,94,191
112000134,310,189,121
112000135,1213,433,780
112000136,818,733,85
112000137,1070,1057,13
112000138,890,654,236
112000139,517,433,84
112000140,533,662,-129
112000141,735,263,472
112000142,115,287,-172
112000143,857,133,724
112000144,159,559,-400
112000145,1929,389,1540
112000146,399,1045,-646
112000147,2146,1229,917
112000148,1106,1092,14
112000149,301,275,26
112000150,196,342,-146
112000151,262,202,60
112000152,357,251,106
112000153,122,146,-24
112000154,78,140,-62
112000155,111,84,27
112000157,388,352,36
112000158,226,199,27
112000159,453,198,255
112000167,254,96,158
112000169,219,267,-48
112000173,511,119,392
112000175,289,197,92
112000176,1029,984,45
112000177,441,124,317
112000178,61,138,-77
112000179,231,65,166
112000180,209,241,-32
112000181,896,885,11
112000182,1032,605,427
112000183,25,31,-6
112000184,383,120,263
112000185,470,336,134
112000187,2437,1621,816
112000195,95,9,86
112000196,133,2,131
112000197,71,83,-12
112000198,39,189,-150
112000199,712,574,138
112000202,329,7,322
112000216,35,162,-127
112000230,84,2,82
112000231,1,119,-118
112000256,64,157,-93
112000313,38,45,-7
112000314,24,34,-10
112000337,101,359,-258
112000352,155,214,-59
112000392,857,660,197
112000398,1179,551,628
112000399,1194,1738,-544
112000400,891,1257,-366
112000401,1841,1063,778
112000402,2393,2648,-255
112000403,1034,2367,-1333
112000404,809,647,162
112000405,1643,2128,-485
112000406,1760,1050,710
112000407,5763,6094,-331
112000408,4537,3184,1353
112000409,1190,2157,-967
112000410,251,271,-20
112000411,2050,1200,850
112000412,1053,429,624
112000413,4156,4686,-530
112000414,101,38,63
112000415,66,11,55
112000416,2068,1056,1012
112000417,221,55,166
112000421,55,44,11
112000422,214,130,84
112000424,1181,1958,-777
112000425,270,486,-216
112000426,120,228,-108
112000427,0,7,-7
112000428,183,270,-87
112000429,1409,1392,17
112000430,1732,1813,-81
112000431,93,97,-4
112000432,354,575,-221
112000433,130,283,-153
112000437,39,60,-21
112900001,41,2,39
112900002,415,452,-37
112900003,49,217,-168
112900004,28,105,-77
112900005,175,131,44
112900007,17,103,-86
112900008,3,37,-34
112900009,241,97,144
112900010,384,459,-75
112900011,88,133,-45
112900012,0,42,-42
112900013,1,87,-86
112900014,1,116,-115
112900015,203,400,-197
112900016,7,161,-154
112900017,25,107,-82
112900018,423,428,-5
112900019,9,72,-63
112900020,191,601,-410
112900021,2,135,-133
112900022,7,25,-18
112900023,0,73,-73
112900024,24,140,-116
112900025,61,160,-99
112900026,5,93,-88
112900027,3,488,-485
112900028,24,87,-63
112900029,24,281,-257
112900030,56,76,-20
112900031,1,238,-237
112900032,126,161,-35
112900034,0,11,-11
112900035,0,218,-218
112900036,23,88,-65
112900037,131,175,-44
112900038,467,82,385
112900039,8,145,-137
112900040,5,244,-239
112900041,311,605,-294
112900042,59,134,-75
112900043,21,35,-14
112900044,263,218,45
112900045,134,166,-32
112900046,97,35,62
112900047,11,15,-4
112900049,217,49,168
112900050,23,264,-241
112900051,168,263,-95
112900052,4,449,-445
112900053,185,88,97
112900054,141,49,92
112900055,41,29,12
112900056,140,198,-58
112900057,12,301,-289
112900058,203,273,-70
112900059,104,89,15
112900060,15,79,-64
112900061,92,60,32
112900062,36,63,-27
112900063,40,9,31
112900064,87,113,-26
112900065,16,25,-9
112900066,174,167,7
112900067,191,78,113
112900068,36,25,11
112900069,908,579,329
112900071,35,5,30
112900072,89,1830,-1741
112900073,248,99,149
112900074,56,213,-157
112900075,589,677,-88
112900076,45,29,16
112900078,199,357,-158
112900079,159,22,137
112900080,86,6,80
112900081,48,228,-180
112900082,431,25,406
112900083,121,102,19
112900084,159,94,65
112900086,107,1,106
112900087,604,108,496
112900088,96,4,92
112900089,619,25,594
112900090,58,32,26
112900091,189,3,186
112900092,75,256,-181
112900093,898,15,883
112900095,84,2,82
112900096,416,151,265
112900097,40,164,-124
112900098,97,3,94
112900099,665,4,661
112900100,42,1,41
112900101,358,2,356
112900102,67,8,59
112900103,157,1,156
112900104,443,2,441
112900105,7,0,7
112900106,289,102,187
112900107,5,0,5
112900108,6,0,6
112900109,108,2,106
112900110,1136,34,1102
112900111,670,2,668
112900112,367,3,364
112900113,0,9,-9
112900114,193,23,170
112900115,1150,3,1147
112900116,126,2,124
112900117,55,41,14
112900118,10,48,-38
112900119,137,5,132
112900120,440,187,253
112900121,32,74,-42
112900122,15,37,-22
112900123,67,11,56
112900124,16,35,-19
112900125,24,184,-160
112900126,111,107,4
112900127,265,82,183
112900128,180,376,-196
112900129,2,355,-353
112900130,185,68,117
112900131,26,147,-121
112900132,70,276,-206
112900133,26,537,-511
112900134,0,124,-124
112900135,80,38,42
112900137,37,242,-205
112900138,0,98,-98
112900139,82,729,-647
112900141,434,13,421
112900142,58,131,-73
112900143,11,280,-269
112900144,2,375,-373
112900145,24,281,-257
112900146,3,504,-501
112900147,2,737,-735
112900148,30,3,27
112900149,149,293,-144
112900151,7,28,-21
112900152,2266,433,1833
112900153,922,1810,-888
112900154,0,43,-43
112900155,156,7,149
112900156,407,609,-202
112900157,145,13,132
112900158,64,7,57
112900159,134,114,20
112900160,57,150,-93
112900161,104,39,65
112900162,21,14,7
112900163,57,33,24
112900164,45,157,-112
112900165,79,6,73
112900166,17,45,-28
112900167,3,65,-62
112900168,8,2,6
112900169,7,5,2
112900170,135,89,46
112900172,38,15,23
112900173,97,55,42
112900174,188,43,145
112900175,81,111,-30
112900176,25,50,-25
112900177,152,45,107
112900178,481,1980,-1499
112900179,24,202,-178
112900180,1348,901,447
112900181,468,4,464
112900182,38,458,-420
112900183,68,166,-98
112900184,276,230,46
112900185,92,448,-356
112900186,546,745,-199
112900187,64,369,-305
112900188,447,539,-92
112900189,2,6,-4
112900190,15,8,7
112900192,391,525,-134
112900193,684,263,421
112900194,49,30,19
112900195,704,29,675
112900196,195,224,-29
112900197,87,185,-98
112900199,328,144,184
112900200,375,124,251
112900201,136,44,92
112900202,368,409,-41
112900203,226,166,60
112900204,576,445,131
112900205,6,20,-14
112900206,22,123,-101
112900207,31,0,31
112900208,74,308,-234
112900209,400,230,170
112900210,2,18,-16
112900211,53,11,42
112900212,1,48,-47
112900213,44,2,42
112900214,11,10,1
112900215,6,120,-114
112900216,28,31,-3
112900217,0,70,-70
112900218,76,0,76
112900219,71,0,71
112900220,1,0,1
112900221,4,57,-53
112900222,0,16,-16
112900223,654,14,640
112900224,201,189,12
112900225,335,143,192
112900226,70,151,-81
112900227,343,227,116
112900228,60,16,44
112900229,188,18,170
112900230,3271,2137,1134
112900232,157,167,-10
112900233,38,62,-24
112900234,16,24,-8
112900235,71,13,58
112900236,227,4,223
112900237,265,158,107
112900238,5,12,-7
112900239,518,322,196
112900240,7,19,-12
112900241,5,29,-24
112900242,7,45,-38
112900243,5,72,-67
112900244,10,49,-39
112900245,0,19,-19
112900246,0,2,-2
112900247,118,12,106
112900248,13,1,12
112900249,33,4,29
112900250,59,15,44
112900251,51,9,42
112900252,50,11,39
112900253,28,8,20
112900254,6,6,0
112900255,3,43,-40
112900256,1,35,-34
112900257,8,45,-37
112900258,27,15,12
113000001,3915,3159,756
113000002,2301,2219,82
113000003,1247,967,280
113000004,933,1556,-623
113000005,1211,720,491
113000006,777,900,-123
113000007,1452,735,717
113000008,1187,1034,153
113000009,784,459,325
113000010,838,697,141
113000011,575,769,-194
113000012,1112,448,664
113000013,631,550,81
113000014,724,829,-105
113000015,181,95,86
113000016,167,403,-236
113000017,24,210,-186
113000018,260,26,234
113000019,165,227,-62
113000020,442,58,384
113000021,777,454,323
113000022,515,708,-193
113000025,84,176,-92
113000026,349,264,85
113000027,401,423,-22
113000028,360,392,-32
113000029,451,525,-74
113000030,185,347,-162
113000031,152,198,-46
113000032,117,206,-89
113000033,149,276,-127
113000034,157,175,-18
113000035,19,15,4
113000036,9,18,-9
113000037,27,21,6
113000038,12,38,-26
113000039,57,238,-181
113000040,35,45,-10
113000042,476,348,128
113000051,567,1448,-881
113000052,1344,464,880
113000053,327,192,135
113000054,219,392,-173
113000055,1020,269,751
113000056,836,631,205
113000058,406,540,-134
113000059,672,291,381
113000060,192,350,-158
113000061,466,630,-164
113000062,420,185,235
113000063,155,45,110
113000064,57,149,-92
113000065,133,415,-282
113000066,543,75,468
113000067,1646,637,1009
113000068,267,587,-320
113000069,376,568,-192
113000070,1752,622,1130
113000071,283,325,-42
113000072,664,228,436
113000073,209,805,-596
113000074,634,297,337
113000075,1114,607,507
113000076,449,1496,-1047
113000077,536,459,77
113000078,412,1193,-781
113000079,297,585,-288
113000080,335,480,-145
113000081,428,481,-53
113000082,767,452,315
113000083,402,549,-147
113000084,953,616,337
113000085,502,422,80
113000086,774,580,194
113000087,705,669,36
113000088,1340,752,588
113000089,597,1081,-484
113000090,170,479,-309
113000091,335,276,59
113000094,792,121,671
113000095,156,482,-326
113000096,92,465,-373
113000097,653,195,458
113000098,56,27,29
113000099,605,283,322
113000100,80,243,-163
113000101,195,291,-96
113000102,429,364,65
113000103,1159,232,927
113000104,361,1502,-1141
113000105,581,247,334
113000106,192,182,10
113000107,684,522,162
113000108,471,625,-154
113000109,397,932,-535
113000110,1171,287,884
113000111,169,341,-172
113000112,232,212,20
113000113,720,241,479
113000114,234,758,-524
113000116,403,179,224
113000117,513,64,449
113000118,50,256,-206
113000119,252,208,44
113000120,41,149,-108
113000121,282,591,-309
113000124,190,89,101
113000125,22,506,-484
113000127,1113,142,971
113000128,433,188,245
113000129,222,456,-234
113000133,1169,672,497
113000134,4,714,-710
113000135,2852,3031,-179
113000137,873,2318,-1445
113000139,143,129,14
113000140,42,121,-79
113000141,112,109,3
113000142,253,523,-270
113000143,125,93,32
113000144,153,404,-251
113000145,50,70,-20
113000146,71,39,32
113000147,116,32,84
113000148,154,65,89
113000149,93,47,46
113000150,299,175,124
113000151,39,24,15
113000152,18,68,-50
113000153,680,309,371
113000154,366,905,-539
113000155,189,424,-235
113000156,81,168,-87
113000157,172,427,-255
113000158,351,143,208
113000159,553,408,145
113000160,405,438,-33
113000161,154,223,-69
113000162,548,175,373
113000163,88,40,48
113000164,50,41,9
113000166,127,67,60
113000167,35,53,-18
113000168,45,74,-29
113000169,177,40,137
113000170,63,44,19
113000171,30,57,-27
113000172,174,44,130
113000173,72,19,53
113000174,58,209,-151
113000175,304,55,249
113000176,314,119,195
113000177,130,210,-80
113000178,89,145,-56
113000179,214,158,56
113000180,373,631,-258
113000181,853,545,308
113000182,87,289,-202
113000183,68,368,-300
113000184,21,50,-29
113000189,244,490,-246
113000190,319,251,68
113000192,614,2029,-1415
113000193,1427,1819,-392
113000194,656,838,-182
113000195,818,970,-152
113000196,153,87,66
113000197,780,870,-90
113000198,76,122,-46
113000199,801,154,647
113000201,133,297,-164
113000202,2721,523,2198
113000203,84,150,-66
113000204,557,1776,-1219
113000205,11,5,6
113000206,7,16,-9
113000207,56,15,41
113000208,23,30,-7
113000209,14,15,-1
113000210,4,19,-15
113000211,103,216,-113
113000212,51,25,26
113000213,17,99,-82
113000214,138,178,-40
113000234,98,440,-342
113000410,41,153,-112
113000411,1248,2055,-807
113000412,2847,1449,1398
113000413,1039,1976,-937
113000414,2452,7322,-4870
113000415,1160,1344,-184
113000416,3464,2061,1403
113000417,1068,1414,-346
113000418,2637,2246,391
113000419,917,985,-68
113000420,2355,3586,-1231
113000421,2447,4061,-1614
113000422,5741,5917,-176
113000423,1051,3214,-2163
113000424,1274,6049,-4775
113000425,1,64,-63
113000428,12,10,2
113000430,0,20,-20
113000432,1642,134,1508
113000433,57,420,-363
113000434,17,50,-33
113000435,40,247,-207
113000436,22,544,-522
113000437,909,19,890
113000438,218,11,207
113000439,45,44,1
113000440,101,24,77
113000441,220,109,111
113000442,121,70,51
113000443,193,102,91
113000444,201,77,124
113000445,101,68,33
113000446,27,74,-47
113000448,209,125,84
113000449,113,456,-343
113000450,299,1064,-765
113000451,942,141,801
113000452,107,303,-196
113000453,40,366,-326
113000454,279,61,218
113000455,30,336,-306
113000456,1907,1485,422
113000468,707,83,624
113000469,9,35,-26
113000470,230,12,218
113000471,15,254,-239
113000472,67,170,-103
113000474,615,384,231
113000475,843,925,-82
113000476,1094,1401,-307
113000477,2538,1333,1205
113000478,2315,2730,-415
113000479,42,76,-34
113000485,0,0,0
113000486,1,0,1
113000487,0,0,0
113000488,0,1,-1
113000489,0,0,0
113000490,0,0,0
113000491,0,0,0
113000492,3,0,3
113000493,0,0,0
113000495,126,100,26
113000496,83,55,28
113900001,0,128,-128
113900002,0,37,-37
113900003,1,27,-26
113900004,3,33,-30
113900005,0,44,-44
113900006,1,21,-20
113900007,13,0,13
113900008,21,1,20
113900009,33,2,31
113900010,27,2,25
113900011,48,0,48
113900012,23,0,23
113900013,51,6,45
113900014,366,1,365
113900015,6,21,-15
113900016,17,0,17
113900017,0,25,-25
113900018,228,198,30
113900019,131,50,81
113900020,78,0,78
113900022,13,0,13
113900023,22,0,22
113900024,64,16,48
113900025,145,17,128
113900026,26,0,26
113900027,8,32,-24
113900028,32,276,-244
113900029,46,104,-58
113900030,185,0,185
113900031,19,2,17
113900032,48,0,48
113900033,87,32,55
113900035,46,0,46
113900036,11,42,-31
113900037,129,240,-111
113900038,43,87,-44
113900039,113,6,107
113900040,6,17,-11
113900041,1,0,1
113900042,45,30,15
113900043,77,69,8
113900044,187,243,-56
113900045,38,1,37
113900046,130,331,-201
113900047,29,69,-40
113900048,110,77,33
113900049,338,232,106
113900050,159,182,-23
113900051,146,184,-38
113900052,78,85,-7
113900053,374,415,-41
113900054,16,0,16
113900055,33,204,-171
113900056,33,95,-62
113900057,8,33,-25
113900058,37,63,-26
113900059,183,187,-4
113900060,91,150,-59
113900061,273,193,80
113900062,61,7,54
113900063,59,44,15
113900064,3,58,-55
113900065,281,9,272
113900066,275,183,92
113900067,122,90,32
113900068,282,350,-68
113900069,9,9,0
113900070,101,230,-129
113900071,22,20,2
113900072,40,78,-38
113900073,268,190,78
113900074,75,140,-65
113900075,681,981,-300
113900076,64,7,57
113900077,32,93,-61
113900078,17,43,-26
113900079,6,18,-12
113900080,325,89,236
113900081,39,88,-49
113900082,97,130,-33
113900083,192,155,37
113900084,159,99,60
113900085,38,91,-53
113900086,35,13,22
113900087,65,93,-28
113900088,50,84,-34
113900089,232,18,214
113900090,320,198,122
113900091,23,4,19
113900092,24,36,-12
113900093,46,563,-517
113900094,219,152,67
113900095,101,97,4
113900096,134,32,102
113900097,21,53,-32
113900098,552,59,493
113900099,1,13,-12
113900100,0,1,-1
113900101,9,53,-44
113900102,68,119,-51
113900103,218,192,26
113900104,61,141,-80
113900105,84,105,-21
113900106,1,25,-24
113900107,2,9,-7
113900108,122,148,-26
113900109,199,197,2
113900110,23,18,5
113900111,141,55,86
113900112,96,38,58
113900113,557,266,291
113900114,0,19,-19
113900115,0,39,-39
113900116,54,81,-27
113900117,33,22,11
113900118,135,179,-44
113900119,132,244,-112
113900120,49,19,30
113900121,31,37,-6
113900122,185,1451,-1266
113900123,275,94,181
113900124,0,34,-34
113900125,418,71,347
113900126,82,21,61
113900127,253,465,-212
113900128,108,45,63
113900129,6,128,-122
113900130,3,65,-62
113900131,145,38,107
113900132,55,44,11
113900133,7,69,-62
113900135,181,186,-5
113900136,57,37,20
113900137,171,183,-12
113900138,16,64,-48
113900139,160,108,52
113900140,60,176,-116
113900141,366,121,245
113900142,85,35,50
113900143,9,34,-25
113900144,100,143,-43
113900145,224,81,143
113900146,102,31,71
113900148,44,223,-179
113900149,95,48,47
113900150,175,224,-49
113900151,315,102,213
113900152,44,30,14
113900153,87,294,-207
113900154,2,76,-74
113900155,117,129,-12
113900156,89,207,-118
113900157,24,208,-184
113900158,113,237,-124
113900159,15,145,-130
113900160,351,268,83
113900161,20,170,-150
113900162,179,360,-181
113900163,111,97,14
113900164,194,25,169
113900165,484,196,288
113900166,57,61,-4
113900167,226,30,196
113900168,44,59,-15
113900169,152,158,-6
113900171,177,42,135
113900172,4,66,-62
113900173,21,239,-218
113900174,339,293,46
113900175,205,112,93
113900176,213,227,-14
113900177,190,125,65
113900178,279,100,179
113900179,10,198,-188
113900180,82,53,29
113900181,357,78,279
113900182,397,485,-88
113900183,24,30,-6
113900184,7,168,-161
113900185,97,35,62
113900186,13,11,2
113900187,24,78,-54
113900188,9,59,-50
113900189,173,79,94
113900190,103,62,41
113900191,44,82,-38
113900192,769,1118,-349
113900193,5,79,-74
113900194,795,495,300
113900195,149,183,-34
113900196,2,62,-60
113900197,0,55,-55
113900198,9,169,-160
113900199,49,360,-311
113900200,4,85,-81
113900201,2,43,-41
113900202,6,94,-88
113900203,12,41,-29
113900204,20,232,-212
113900205,2,43,-41
113900206,1,59,-58
113900207,0,16,-16
113900208,0,18,-18
113900209,0,38,-38
113900210,236,443,-207
113900211,119,35,84
113900212,131,216,-85
113900214,143,311,-168
113900215,17,49,-32
113900216,93,365,-272
113900217,72,111,-39
113900218,133,93,40
113900219,68,220,-152
113900220,84,84,0
113900221,208,138,70
113900222,570,531,39
113900223,141,388,-247
113900224,44,24,20
113900225,213,103,110
113900226,240,62,178
113900227,299,117,182
113900228,184,273,-89
113900229,44,572,-528
113900230,1866,1969,-103
113900231,102,69,33
113900232,73,56,17
113900233,38,35,3
113900234,168,206,-38
113900235,39,10,29
113900236,174,161,13
113900237,82,4,78
113900238,135,314,-179
113900239,21,55,-34
113900240,2,130,-128
113900241,84,41,43
113900242,29,86,-57
113900243,46,206,-160
113900244,108,103,5
113900245,664,193,471
113900246,8,14,-6
113900247,87,333,-246
113900248,1311,972,339
113900249,441,364,77
113900250,29,117,-88
113900251,535,80,455
113900252,419,11,408
113900253,400,40,360
113900254,516,84,432
113900255,330,15,315
113900256,208,18,190
113900257,6,234,-228
113900258,8,158,-150
113900259,452,90,362
113900260,142,2,140
113900261,34,40,-6
113900262,105,245,-140
113900263,52,332,-280
113900264,0,263,-263
113900265,92,221,-129
113900266,33,78,-45
113900267,57,267,-210
113900268,187,244,-57
113900269,54,78,-24
113900270,148,408,-260
113900271,377,472,-95
113900273,14,5,9
113900274,37,31,6
113900275,12,39,-27
113900276,0,58,-58
113900277,75,2,73
113900278,162,110,52
113900279,57,47,10
113900280,913,351,562
113900281,281,675,-394
113900282,261,306,-45
113900283,337,405,-68
113900284,514,85,429
113900285,60,21,39
113900286,20,38,-18
113900287,52,8,44
113900288,1,61,-60
113900289,322,74,248
113900290,95,154,-59
113900291,58,86,-28
113900292,7,2,5
113900293,3,106,-103
113900294,315,9,306
113900295,258,220,38
113900296,513,146,367
113900297,1880,28,1852
113900298,12,869,-857
113900299,97,53,44
113900300,1343,1245,98
113900301,453,227,226
113900302,1256,682,574
113900303,231,296,-65
113900304,0,68,-68
113900305,83,1,82
113900306,25,0,25
113900307,15,0,15
113900308,44,70,-26
113900309,2,236,-234
113900310,0,11,-11
113900311,1,0,1
113900312,119,152,-33
113900313,7,5,2
113900314,0,8,-8
113900315,24,1,23
114000001,669,1346,-677
114000002,199,220,-21
114000003,142,494,-352
114000004,269,171,98
114000005,191,138,53
114000006,1184,869,315
114000007,396,536,-140
114000008,751,1073,-322
114000009,521,140,381
114000011,1846,1402,444
114000012,2006,1044,962
114000013,1293,999,294
114000014,410,224,186
114000015,1595,253,1342
114000016,149,126,23
114000017,34,206,-172
114000018,61,23,38
114000026,1538,611,927
114000027,2361,1215,1146
114000028,1385,1988,-603
114000038,137,93,44
114000039,120,79,41
114000040,69,126,-57
114000042,119,72,47
114000043,234,144,90
114000044,202,126,76
114000045,33,38,-5
114000046,2127,2199,-72
114000047,4,39,-35
114000048,49,77,-28
114000049,929,767,162
114000050,853,1175,-322
114000051,1626,1281,345
114000052,2942,1373,1569
114000053,78,433,-355
114000054,110,362,-252
114000055,203,11,192
114000056,307,746,-439
114000057,2837,1264,1573
114000058,155,991,-836
114000059,86,233,-147
114000060,286,465,-179
114000061,1393,1909,-516
114000062,741,916,-175
114000063,1108,839,269
114000064,2110,2354,-244
114000065,926,1175,-249
114000066,298,343,-45
114000067,8,520,-512
114000068,284,466,-182
114000069,648,332,316
114000070,1425,1327,98
114000071,444,238,206
114000072,359,183,176
114000073,6,37,-31
114000074,20,18,2
114000075,38,48,-10
114000076,22,40,-18
114000077,3,15,-12
114000078,396,225,171
114000079,103,45,58
114000080,30,58,-28
114000081,53,56,-3
114000082,25,185,-160
114000083,44,116,-72
114000084,201,57,144
114000085,46,289,-243
114000086,184,287,-103
114000087,85,71,14
114000088,16,28,-12
114000089,319,194,125
114000090,579,627,-48
114000091,923,483,440
114000092,532,352,180
114000093,889,439,450
114000094,302,265,37
114000095,121,108,13
114000096,65,100,-35
114000097,66,161,-95
114000098,396,73,323
114000099,508,217,291
114000100,1083,327,756
114000101,317,278,39
114000102,470,218,252
114000103,94,174,-80
114000104,73,117,-44
114000105,155,62,93
114000106,395,742,-347
114000107,303,66,237
114000108,1092,684,408
114000109,507,1349,-842
114000110,402,710,-308
114000111,1227,651,576
114000112,507,1235,-728
114000113,1356,381,975
114000114,781,808,-27
114000115,1727,816,911
114000116,593,1614,-1021
114000117,2264,441,1823
114000118,1903,321,1582
114000119,1319,299,1020
114000120,387,461,-74
114000121,402,490,-88
114000122,211,211,0
114000123,1197,266,931
114000124,631,190,441
114000125,601,571,30
114000126,1806,150,1656
114000127,239,62,177
114000128,630,190,440
114000130,335,309,26
114000131,188,70,118
114000132,378,268,110
114000133,504,666,-162
114000134,77,43,34
114000138,25,78,-53
114000139,235,198,37
114000144,499,411,88
114000145,57,78,-21
114000146,89,73,16
114000147,914,1698,-784
114000148,1088,1236,-148
114000149,219,229,-10
114000150,668,820,-152
114000151,720,1728,-1008
114000152,130,30,100
114000153,690,1460,-770
114000154,501,469,32
114000155,983,1618,-635
114000156,580,467,113
114000157,213,601,-388
114000158,640,485,155
114000159,142,211,-69
114000160,88,210,-122
114000161,803,2131,-1328
114000162,866,1820,-954
114000163,13,36,-23
114000165,408,241,167
114000166,488,228,260
114000167,1686,1006,680
114000168,399,358,41
114000169,953,964,-11
114000170,1018,845,173
114000171,918,3238,-2320
114000174,133,278,-145
114000176,293,319,-26
114000177,1064,508,556
114000178,36,41,-5
114000179,805,585,220
114000180,251,376,-125
114000181,1236,2771,-1535
114000182,1140,1473,-333
114000183,562,565,-3
114000184,1548,581,967
114000185,759,516,243
114000189,805,86,719
114000190,2461,311,2150
114000191,54,78,-24
114000192,81,674,-593
114000193,347,1069,-722
114000194,1060,443,617
114000195,240,25,215
114000196,1,89,-88
114000197,1052,14,1038
114000198,447,236,211
114000199,1252,1303,-51
114000200,369,702,-333
114000201,87,389,-302
114000202,757,269,488
114000203,433,375,58
114000204,121,225,-104
114000205,125,885,-760
114000206,376,878,-502
114000207,383,824,-441
114000208,330,1045,-715
114000209,355,1157,-802
114000210,158,572,-414
114000211,842,1200,-358
114000212,521,603,-82
114000213,968,327,641
114000214,48,74,-26
114000215,103,35,68
114000216,1009,289,720
114000217,292,121,171
114000218,126,133,-7
114000219,835,98,737
114000220,10,435,-425
114000221,602,84,518
114000222,92,496,-404
114000223,356,118,238
114000224,44,345,-301
114000225,175,329,-154
114000226,137,193,-56
114000227,602,378,224
114000228,509,380,129
114000229,888,647,241
114000230,1213,643,570
114000231,680,804,-124
114000232,541,105,436
114000233,1622,83,1539
114000234,741,456,285
114000235,696,714,-18
114000236,0,189,-189
114000237,134,415,-281
114000238,139,155,-16
114000239,127,576,-449
114000240,513,850,-337
114000241,213,486,-273
114000242,574,514,60
114000243,1293,614,679
114000244,774,210,564
114000245,288,524,-236
114000246,108,51,57
114000247,1021,408,613
114000248,1043,398,645
114000249,368,404,-36
114000250,497,367,130
114000251,327,138,189
114000252,26,28,-2
114000253,49,65,-16
114000254,22,43,-21
114000255,226,70,156
114000256,417,1317,-900
114000257,429,674,-245
114000258,247,169,78
114000259,187,164,23
114000260,0,18,-18
114000261,42,13,29
114000262,248,60,188
114000263,5,1,4
114000264,771,216,555
114000265,0,0,0
114000267,4,1511,-1507
114000268,2,586,-584
114000270,83,16,67
114000271,262,30,232
114000283,1011,184,827
114000285,14,70,-56
114000288,60,176,-116
114000289,1026,128,898
114000293,153,314,-161
114000294,145,138,7
114000395,1365,56,1309
114000396,456,436,20
114000402,369,191,178
114000403,181,122,59
114000405,141,197,-56
114000423,271,180,91
114000424,323,84,239
114000425,632,132,500
114000426,203,666,-463
114000427,41,45,-4
114000428,113,127,-14
114000429,10,104,-94
114000432,84,79,5
114000434,12,38,-26
114000435,0,121,-121
114900001,432,371,61
114900002,523,112,411
114900003,505,581,-76
114900004,171,222,-51
114900005,375,358,17
114900006,57,38,19
114900007,231,15,216
114900008,131,87,44
114900010,959,1199,-240
114900011,94,96,-2
114900013,123,92,31
114900018,629,34,595
114900020,143,52,91
114900022,0,351,-351
114900025,356,104,252
114900026,59,87,-28
114900029,117,24,93
114900030,162,114,48
114900031,327,21,306
114900032,307,14,293
114900034,42,85,-43
114900035,72,131,-59
114900036,106,246,-140
114900039,332,192,140
114900040,34,45,-11
114900041,572,202,370
114900042,698,274,424
114900044,102,22,80
114900047,160,1639,-1479
114900048,59,168,-109
114900049,30,84,-54
114900050,31,167,-136
114900051,23,164,-141
114900052,65,205,-140
114900053,109,208,-99
114900054,26,47,-21
114900057,158,14,144
114900058,0,60,-60
114900059,47,76,-29
114900063,43,72,-29
114900064,1229,173,1056
114900065,374,371,3
114900067,43,253,-210
114900068,49,107,-58
114900069,105,47,58
114900070,335,187,148
114900072,5,182,-177
114900073,2,89,-87
114900074,449,289,160
114900075,213,5,208
114900076,4,154,-150
114900080,900,190,710
114900082,1812,1656,156
114900083,542,701,-159
114900090,213,122,91
114900091,53,91,-38
114900097,113,1,112
114900098,3,105,-102
114900099,155,3,152
115000001,2901,1741,1160
115000002,2417,3390,-973
115000003,3005,1403,1602
115000004,2741,4218,-1477
115000005,1102,1190,-88
115000006,762,1104,-342
115000007,159,148,11
115000008,302,385,-83
115000009,175,131,44
115000010,172,130,42
115000013,25,172,-147
115000015,56,223,-167
115000016,34,120,-86
115000019,34,307,-273
115000020,69,639,-570
115000021,211,308,-97
115000022,353,231,122
115000023,215,443,-228
115000024,681,326,355
115000025,535,550,-15
115000026,114,247,-133
115000027,213,221,-8
115000028,135,550,-415
115000029,390,50,340
115000030,497,791,-294
115000031,976,184,792
115000032,4,191,-187
115000033,160,26,134
115000034,34,697,-663
115000035,700,46,654
115000036,0,191,-191
115000037,347,9,338
115000038,24,100,-76
115000039,2117,2485,-368
115000040,2920,1826,1094
115000041,1114,2525,-1411
115000042,523,421,102
115000043,3254,1726,1528
115000044,2900,2149,751
115000045,1722,848,874
115000046,1955,1562,393
115000047,1771,933,838
115000048,1256,1157,99
115000049,1088,1917,-829
115000050,2187,1117,1070
115000051,1008,2310,-1302
115000052,1163,961,202
115000053,1326,1292,34
115000054,352,643,-291
115000055,135,585,-450
115000056,178,452,-274
115000057,586,793,-207
115000058,563,319,244
115000059,166,108,58
115000061,101,153,-52
115000062,161,167,-6
115000063,270,165,105
115000064,138,24,114
115000065,52,351,-299
115000067,120,12,108
115000069,70,178,-108
115000070,16,497,-481
115000071,47,9,38
115000072,6,39,-33
115000073,889,44,845
115000075,70,29,41
115000076,1701,1404,297
115000077,1452,957,495
115000078,1000,719,281
115000079,1214,979,235
115000080,2109,995,1114
115000081,321,472,-151
115000082,2995,2487,508
115000083,1309,910,399
115000084,1748,791,957
115000085,584,438,146
115000086,807,350,457
115000087,324,783,-459
115000088,1091,442,649
115000089,1011,779,232
115000090,285,606,-321
115000091,138,418,-280
115000092,497,287,210
115000093,369,1,368
115000094,3549,3841,-292
115000095,2330,4362,-2032
115000096,622,676,-54
115000097,774,616,158
115000098,848,399,449
115000099,1760,1483,277
115000100,844,228,616
115000101,358,780,-422
115000102,280,168,112
115000103,175,341,-166
115000105,58,81,-23
115000106,484,206,278
115000107,115,203,-88
115000108,1553,1387,166
115000109,2215,3069,-854
115000110,845,1113,-268
115000111,377,775,-398
115000112,454,519,-65
115000113,354,431,-77
115000114,1105,395,710
115000116,2146,1392,754
115000117,1921,1818,103
115000118,1843,1122,721
115000119,1594,1278,316
115000120,400,836,-436
115000121,711,484,227
115000122,1094,843,251
115000123,641,1263,-622
115000124,535,614,-79
115000125,272,483,-211
115000126,87,245,-158
115000127,267,64,203
115000128,257,485,-228
115000129,174,258,-84
115000130,236,468,-232
115000131,624,162,462
115000132,278,165,113
115000133,506,175,331
115000134,291,160,131
115000135,220,85,135
115000136,204,171,33
115000137,77,100,-23
115000138,286,198,88
115000139,193,142,51
115000140,351,148,203
115000141,159,115,44
115000142,110,103,7
115000143,649,395,254
115000144,388,54,334
115000145,228,137,91
115000146,400,235,165
115000147,225,247,-22
115000148,176,437,-261
115000149,363,150,213
115000150,454,348,106
115000151,686,303,383
115000152,405,356,49
115000153,703,299,404
115000154,634,204,430
115000155,410,469,-59
115000156,529,510,19
115000157,327,549,-222
115000158,291,337,-46
115000159,362,364,-2
115000160,310,263,47
115000161,76,257,-181
115000162,380,492,-112
115000163,282,486,-204
115000164,483,480,3
115000165,235,329,-94
115000167,114,41,73
115000168,248,211,37
115000169,301,283,18
115000170,67,119,-52
115000171,199,216,-17
115000172,478,403,75
115000173,170,434,-264
115000174,60,265,-205
115000175,132,51,81
115000176,72,57,15
115000177,50,61,-11
115000178,17,134,-117
115000179,15,15,0
115000180,44,262,-218
115000181,404,80,324
115000182,544,141,403
115000183,303,418,-115
115000186,453,159,294
115000187,135,408,-273
115000188,286,327,-41
115000189,117,296,-179
115000190,436,243,193
115000191,72,281,-209
115000194,104,86,18
115000195,146,150,-4
115000196,223,49,174
115000197,244,137,107
115000198,242,85,157
115000199,237,95,142
115000200,234,66,168
115000201,113,164,-51
115000206,307,33,274
115000207,102,158,-56
115000208,206,327,-121
115000209,424,200,224
115000210,83,77,6
115000211,171,149,22
115000212,780,232,548
115000224,262,45,217
115000225,47,54,-7
115000229,105,42,63
115000230,48,184,-136
115000231,148,652,-504
115000232,1166,167,999
115000233,85,96,-11
115000234,17,247,-230
115000241,76,121,-45
115000242,88,129,-41
115000243,30,79,-49
115000244,10,78,-68
115000246,60,5,55
115000247,30,14,16
115000248,31,10,21
115000249,15,17,-2
115000250,200,20,180
115000251,174,63,111
115000252,86,102,-16
115000253,22,331,-309
115000258,216,74,142
115000259,242,61,181
115000261,17,16,1
115000262,13,30,-17
115000263,21,32,-11
115000264,46,27,19
115000267,69,49,20
115000268,24,89,-65
115000269,91,53,38
115000270,6,7,-1
115000272,55,65,-10
115000273,313,19,294
115000280,1308,138,1170
115000281,196,528,-332
115000282,282,306,-24
115000284,184,98,86
115000296,800,7,793
115000297,153,116,37
115000298,49,284,-235
115000300,151,103,48
115000302,490,51,439
115000303,490,55,435
115000304,479,41,438
115000305,65,270,-205
115000306,114,129,-15
115000307,76,110,-34
115000308,24,10,14
115000310,850,350,500
115000311,793,680,113
115000313,91,274,-183
115000314,349,127,222
115000315,586,443,143
115000316,58,79,-21
115000317,107,231,-124
115000318,495,187,308
115000319,80,188,-108
115000320,13,228,-215
115000321,135,5,130
115000322,67,119,-52
115000449,105,122,-17
115000557,28,765,-737
115000558,326,104,222
115000587,505,208,297
115000588,1477,1423,54
115000589,2417,1534,883
115000590,781,805,-24
115000591,1131,544,587
115000592,296,1065,-769
115000593,973,383,590
115000594,425,1689,-1264
115000609,138,131,7
115000617,599,2104,-1505
115000624,267,51,216
115000633,256,1234,-978
115000634,1760,467,1293
115000635,461,112,349
115000638,330,333,-3
115000641,38,101,-63
115000642,196,128,68
115000643,93,273,-180
115000644,56,308,-252
115000646,585,1155,-570
115000647,114,314,-200
115000648,1483,900,583
115000893,1579,932,647
115000894,98,566,-468
115000895,245,662,-417
115000896,839,282,557
115000897,348,85,263
115000898,275,133,142
115000899,221,770,-549
115000900,47,275,-228
115000901,44,95,-51
115000912,267,63,204
115000913,2,11,-9
115000915,9,0,9
115000916,8,5,3
115000917,0,9,-9
115000918,24,328,-304
115000919,4,10,-6
115000920,16,29,-13
115000921,208,93,115
115000922,525,626,-101
115000923,190,1014,-824
115000925,94,61,33
115000927,43,48,-5
115000933,146,266,-120
115000934,132,98,34
115000935,100,42,58
115000936,10,449,-439
115000937,499,106,393
115000938,93,172,-79
115000939,113,141,-28
115000940,5,10,-5
115000941,3,25,-22
115000942,18,86,-68
115000943,8,28,-20
115000944,1,5,-4
115900001,98,19,79
115900002,45,44,1
115900003,150,39,111
115900004,0,12,-12
115900005,125,4,121
115900006,50,106,-56
115900008,49,5,44
115900009,61,82,-21
115900010,228,80,148
115900011,255,130,125
115900012,137,16,121
115900013,211,62,149
115900014,84,53,31
115900015,139,22,117
115900016,56,23,33
115900017,12,3,9
115900018,128,27,101
115900019,60,4,56
115900020,66,2,64
115900021,524,209,315
115900022,489,4,485
115900023,16,1,15
115900025,19,85,-66
115900026,508,113,395
115900027,0,132,-132
115900028,336,29,307
115900029,5,146,-141
115900030,30,11,19
115900031,137,139,-2
115900032,309,402,-93
115900033,2,23,-21
115900034,8,127,-119
115900035,25,11,14
115900036,42,793,-751
115900037,10,111,-101
115900038,41,8,33
115900039,94,88,6
115900041,234,523,-289
115900042,41,5,36
115900043,49,27,22
115900044,147,145,2
115900046,228,117,111
115900047,119,141,-22
115900049,97,109,-12
115900051,1,23,-22
115900052,9,127,-118
115900053,183,74,109
115900054,231,23,208
115900055,8,77,-69
115900056,90,110,-20
115900057,13,14,-1
115900058,21,20,1
115900060,32,40,-8
115900061,146,1,145
115900062,23,148,-125
115900063,39,2,37
115900064,134,113,21
115900065,105,32,73
115900066,69,51,18
115900067,4,256,-252
115900068,1486,884,602
115900069,51,100,-49
115900070,100,74,26
115900071,0,156,-156
115900072,21,59,-38
115900073,62,53,9
115900074,6,146,-140
115900075,25,112,-87
115900076,5,33,-28
115900077,7,126,-119
115900078,49,141,-92
115900079,191,13,178
115900080,161,112,49
115900081,13,22,-9
115900082,65,101,-36
115900084,339,11,328
115900085,11,33,-22
115900086,781,286,495
115900088,1,41,-40
115900089,247,339,-92
115900090,303,7,296
115900091,3,7,-4
115900092,87,53,34
115900093,17,4,13
115900094,0,127,-127
115900096,4,8,-4
115900097,4,154,-150
115900098,183,134,49
115900099,142,75,67
115900100,14,250,-236
115900101,126,115,11
115900102,92,35,57
115900103,201,66,135
115900104,74,43,31
115900105,186,179,7
115900106,69,15,54
115900107,71,53,18
115900108,116,26,90
115900109,31,173,-142
115900110,5,4,1
115900111,1,34,-33
115900112,29,324,-295
115900113,24,13,11
115900114,1,72,-71
115900115,31,80,-49
115900116,43,322,-279
115900117,85,9,76
115900118,2,100,-98
115900119,60,72,-12
115900120,15,112,-97
115900121,145,104,41
115900124,194,386,-192
115900125,243,39,204
115900126,431,62,369
115900127,449,39,410
115900128,14,54,-40
115900129,368,34,334
115900130,21,160,-139
115900131,278,17,261
115900132,450,12,438
115900134,232,13,219
115900135,251,668,-417
115900137,32,1,31
115900139,39,47,-8
115900140,200,22,178
115900141,8,45,-37
115900142,10,23,-13
115900143,151,178,-27
115900144,100,108,-8
115900146,5,42,-37
115900147,172,171,1
115900148,40,6,34
115900149,96,7,89
115900150,50,11,39
115900151,9,85,-76
115900152,74,157,-83
115900153,119,81,38
115900154,206,255,-49
115900155,0,16,-16
115900156,549,566,-17
115900157,149,311,-162
115900158,9,4,5
115900159,72,170,-98
115900160,3,10,-7
115900161,25,53,-28
115900163,105,44,61
115900164,389,1,388
115900166,87,77,10
115900168,88,62,26
115900171,72,208,-136
115900172,33,67,-34
115900173,218,81,137
115900174,133,208,-75
115900175,98,115,-17
115900178,6,241,-235
115900179,216,5,211
115900180,20,48,-28
115900181,150,62,88
115900182,360,70,290
115900183,29,42,-13
115900184,562,10,552
115900187,8,104,-96
115900189,2,151,-149
115900190,130,689,-559
115900191,27,138,-111
115900192,5,75,-70
115900193,180,45,135
115900194,415,36,379
115900195,291,1404,-1113
115900198,152,174,-22
115900199,150,122,28
115900200,200,168,32
115900201,298,334,-36
115900202,1,40,-39
115900203,3,8,-5
115900204,0,4,-4
115900205,52,10,42
115900206,124,85,39
115900207,27,7,20
115900208,47,54,-7
115900209,12,106,-94
115900210,6,83,-77
115900211,1,74,-73
115900212,111,137,-26
115900213,88,78,10
115900214,443,111,332
115900215,16,120,-104
115900216,5,51,-46
115900217,1,37,-36
115900218,2,18,-16
115900219,101,0,101
115900220,156,5,151
115900221,75,4,71
115900222,32,32,0
115900223,6,317,-311
115900224,459,971,-512
115900225,34,19,15
115900226,4,17,-13
115900227,2,40,-38
115900228,5,25,-20
115900229,7,21,-14
115900230,40,59,-19
115900231,81,2,79
115900232,46,2,44
115900233,54,3,51
115900234,61,24,37
115900235,41,27,14
115900236,87,56,31
115900237,27,29,-2
115900238,29,8,21
115900239,18,24,-6
115900240,7,18,-11
115900241,114,71,43
115900242,159,232,-73
115900243,4,0,4
115900244,3,4,-1
115900245,22,1,21
115900246,4,11,-7
115900247,15,14,1
115900248,7,3,4
115900249,4,3,1
115900250,3,7,-4
115900251,1,11,-10
115900252,3,1,2
115900253,6,8,-2
115900254,3,10,-7
115900255,2,11,-9
115900256,9,61,-52
115900257,2,4,-2
115900258,0,0,0
115900259,2,0,2
115900260,4,0,4
115900261,1,2,-1
115900262,0,1,-1
115900263,7,1,6
115900264,10,0,10
115900265,1,2,-1
115900266,0,13,-13
115900267,8,8,0
115900268,3,10,-7
115900269,342,210,132
115900270,230,171,59
115900271,75,0,75
115900272,21,2,19
115900273,4,8,-4
115900274,3,4,-1
115900275,1,2,-1
115900276,1,29,-28
115900277,1,26,-25
115900278,37,49,-12
115900279,16,96,-80
115900280,8,342,-334
115900281,139,247,-108
115900282,10,6,4
115900283,18,8,10
115900284,21,2,19
116000001,4126,2210,1916
116000002,2816,7833,-5017
116000003,788,864,-76
116000004,1609,2586,-977
116000005,977,1577,-600
116000006,1559,1584,-25
116000007,1592,1547,45
116000008,2620,1413,1207
116000009,761,1140,-379
116000010,1723,1047,676
116000011,617,1080,-463
116000012,1210,862,348
116000013,4091,2393,1698
116000014,5322,8254,-2932
116000015,78,920,-842
116000016,2213,2252,-39
116000017,26,503,-477
116000018,423,154,269
116000019,663,164,499
116000020,445,360,85
116000021,406,182,224
116000022,248,214,34
116000023,705,444,261
116000024,401,433,-32
116000025,493,493,0
116000026,1235,1735,-500
116000027,393,430,-37
116000028,391,727,-336
116000029,293,536,-243
116000030,541,379,162
116000031,75,199,-124
116000032,225,119,106
116000033,297,362,-65
116000034,512,537,-25
116000035,237,402,-165
116000036,782,1052,-270
116000037,321,308,13
116000038,203,339,-136
116000039,286,360,-74
116000040,348,293,55
116000041,80,305,-225
116000042,439,220,219
116000043,50,385,-335
116000044,8,49,-41
116000045,1250,1057,193
116000046,759,1273,-514
116000047,1192,1603,-411
116000048,1210,1335,-125
116000049,985,2336,-1351
116000050,1014,870,144
116000051,5010,1883,3127
116000052,4777,3781,996
116000053,1465,539,926
116000054,614,1640,-1026
116000055,492,551,-59
116000056,619,699,-80
116000057,1783,1081,702
116000058,1805,1884,-79
116000059,1741,2819,-1078
116000060,1066,746,320
116000061,481,675,-194
116000062,383,217,166
116000063,379,934,-555
116000066,203,418,-215
116000067,149,280,-131
116000068,160,186,-26
116000069,145,223,-78
116000078,339,676,-337
116000080,1397,561,836
116000082,4,20,-16
116000083,1404,318,1086
116000084,1157,1967,-810
116000085,1668,1503,165
116000086,1260,638,622
116000087,1810,1392,418
116000088,580,509,71
116000089,115,47,68
116000090,72,91,-19
116000091,213,178,35
116000093,439,174,265
116000094,419,348,71
116000095,569,226,343
116000096,539,961,-422
116000097,844,306,538
116000098,58,4224,-4166
116000099,3062,181,2881
116000100,219,15,204
116000101,530,354,176
116000102,192,539,-347
116000103,389,186,203
116000104,138,667,-529
116000105,827,94,733
116000106,503,1032,-529
116000107,2141,407,1734
116000108,391,348,43
116000111,110,38,72
116000113,67,61,6
116000114,51,104,-53
116000115,199,72,127
116000116,186,225,-39
116000117,983,964,19
116000118,953,694,259
116000119,2247,1218,1029
116000120,2062,2038,24
116000121,694,369,325
116000122,741,696,45
116000123,921,320,601
116000124,273,418,-145
116000125,2066,548,1518
116000126,243,784,-541
116000127,621,687,-66
116000128,1333,733,600
116000129,958,187,771
116000130,513,398,115
116000133,961,496,465
116000134,1272,892,380
116000135,1814,1067,747
116000136,565,1012,-447
116000137,865,414,451
116000138,536,456,80
116000139,1193,1466,-273
116000140,94,133,-39
116000141,173,276,-103
116000142,1872,1572,300
116000143,1361,1269,92
116000144,960,1047,-87
116000145,1295,728,567
116000146,478,78,400
116000147,149,104,45
116000148,388,461,-73
116000149,435,410,25
116000151,389,305,84
116000153,63,199,-136
116000155,114,165,-51
116000156,285,498,-213
116000157,59,4,55
116000158,233,233,0
116000159,15,11,4
116000160,18,20,-2
116000161,5,36,-31
116000162,47,81,-34
116000163,15,7,8
116000164,4,20,-16
116000177,332,199,133
116000194,46,254,-208
116000195,1042,414,628
116000196,17,0,17
116000197,5,8,-3
116000198,1398,663,735
116000200,429,327,102
116000201,402,409,-7
116000202,18,148,-130
116000203,4,64,-60
116000204,14,52,-38
116000205,0,120,-120
116000206,3,136,-133
116000207,2,56,-54
116000233,97,173,-76
116000287,124,209,-85
116000288,255,107,148
116000292,36,50,-14
116000296,5,85,-80
116000297,100,17,83
116000304,118,21,97
116000305,16,57,-41
116000346,71,37,34
116000352,87,19,68
116000354,15,4,11
116000357,2,12,-10
116000358,260,53,207
116000361,152,1,151
116000372,2198,3051,-853
116000381,91,0,91
116000388,2,30,-28
116000389,501,269,232
116000445,366,273,93
116000446,453,280,173
116000447,11,392,-381
116000448,318,138,180
116000563,516,655,-139
116000565,34,188,-154
116000568,32,116,-84
116000579,15,75,-60
116000583,62,32,30
116000584,16,7,9
116000585,23,20,3
116000586,50,72,-22
116000587,412,494,-82
116000589,48,30,18
116000590,47,41,6
116000591,205,126,79
116000592,7,41,-34
116000593,0,13,-13
116000594,490,231,259
116000595,430,68,362
116000596,113,7,106
116000597,275,95,180
116000598,20,71,-51
116000605,177,68,109
116000606,48,204,-156
116000607,0,26,-26
116000609,101,657,-556
116000611,113,216,-103
116000612,675,1354,-679
116000613,477,258,219
116000614,292,331,-39
116000615,2,233,-231
116000616,45,52,-7
116000617,137,29,108
116000618,2,26,-24
116000619,22,49,-27
116000620,176,363,-187
116000621,42,73,-31
116000622,44,98,-54
116000624,185,100,85
116000627,73,43,30
116000628,61,153,-92
116000629,18,118,-100
116000630,201,24,177
116000631,124,31,93
116000632,612,38,574
116000633,90,84,6
116000634,254,69,185
116000635,1664,1788,-124
116000636,513,1057,-544
116000637,297,41,256
116000638,112,170,-58
116000639,74,0,74
116000640,17,19,-2
116000641,29,62,-33
116000643,0,86,-86
116000644,27,183,-156
116000645,11,8,3
116900001,154,107,47
116900002,131,2,129
116900003,40,27,13
116900004,25,32,-7
116900005,185,28,157
116900006,60,87,-27
116900007,90,82,8
116900008,311,161,150
116900009,10,4,6
116900010,562,570,-8
116900011,6,22,-16
116900012,214,106,108
116900013,3,64,-61
116900014,117,79,38
116900015,418,23,395
116900016,187,5,182
116900017,8,232,-224
116900018,55,38,17
116900019,2,142,-140
116900020,344,615,-271
116900023,79,6,73
116900024,441,37,404
116900025,781,313,468
116900026,44,315,-271
116900027,17,33,-16
116900028,7,61,-54
116900029,0,33,-33
116900031,0,2,-2
116900032,2,165,-163
116900033,18,3,15
116900034,4,40,-36
116900035,106,62,44
116900036,2,94,-92
116900038,31,4,27
116900041,29,10,19
116900042,278,135,143
116900043,8,32,-24
116900047,22,94,-72
116900049,19,150,-131
116900050,76,242,-166
116900051,70,66,4
116900052,87,48,39
116900055,0,11,-11
116900057,15,112,-97
116900058,19,227,-208
116900059,3,56,-53
116900060,127,89,38
116900062,1,17,-16
116900064,70,261,-191
116900065,17,61,-44
116900067,60,36,24
116900068,72,127,-55
116900070,3,7,-4
116900072,24,151,-127
116900073,17,41,-24
116900074,2,30,-28
116900076,9,36,-27
116900077,9,61,-52
116900078,131,34,97
116900079,24,94,-70
116900080,5,18,-13
116900081,245,608,-363
116900082,247,500,-253
116900083,20,18,2
116900084,98,48,50
116900085,30,55,-25
116900086,31,107,-76
116900088,188,59,129
116900090,77,34,43
116900091,261,7,254
116900092,66,333,-267
116900093,1038,881,157
116900094,1793,2536,-743
116900095,180,87,93
116900096,41,195,-154
116900097,1344,1928,-584
116900098,475,255,220
116900099,304,423,-119
116900100,638,38,600
116900101,178,212,-34
116900103,5,2,3
116900104,54,79,-25
116900105,196,99,97
116900106,771,3,768
116900107,1360,1491,-131
116900110,18,5,13
116900111,505,272,233
116900112,197,381,-184
116900113,684,1011,-327
116900116,52,501,-449
116900117,95,66,29
116900118,505,596,-91
116900120,272,26,246
116900121,81,4,77
116900122,677,305,372
116900123,163,298,-135
116900124,126,564,-438
116900125,267,83,184
116900126,42,326,-284
116900128,0,17,-17
116900129,1,122,-121
116900130,308,2241,-1933
116900131,28,130,-102
116900132,29,55,-26
116900133,93,87,6
116900134,133,121,12
116900136,201,114,87
116900137,160,52,108
116900138,133,66,67
116900139,74,201,-127
116900140,82,77,5
116900141,391,255,136
116900142,1,40,-39
116900143,137,164,-27
116900144,18,60,-42
116900145,47,101,-54
116900147,210,425,-215
116900148,7,33,-26
116900149,37,236,-199
116900150,6,9,-3
116900151,61,9,52
116900153,96,50,46
116900154,178,365,-187
116900155,44,45,-1
116900157,479,106,373
116900158,116,212,-96
116900159,60,180,-120
116900160,609,483,126
116900161,3234,4419,-1185
116900162,8,52,-44
116900163,127,44,83
116900164,42,53,-11
116900165,181,184,-3
116900166,33,22,11
116900167,320,27,293
116900168,251,23,228
116900169,191,413,-222
116900170,268,363,-95
116900171,37,62,-25
116900172,91,326,-235
116900173,157,18,139
116900174,39,45,-6
116900175,139,159,-20
116900178,14,52,-38
116900179,62,254,-192
116900180,54,18,36
116900182,238,129,109
116900183,123,45,78
116900185,22,45,-23
116900186,74,87,-13
116900187,38,28,10
116900188,87,14,73
116900189,29,1,28
116900191,241,388,-147
116900192,210,55,155
116900194,110,1044,-934
116900195,37,20,17
116900196,28,73,-45
116900197,84,5,79
116900198,70,165,-95
116900200,41,10,31
116900201,49,4,45
116900202,40,12,28
116900203,95,9,86
116900204,38,60,-22
116900206,24,8,16
116900207,21,14,7
116900208,7,38,-31
116900209,29,51,-22
116900210,302,177,125
116900211,134,2,132
116900212,70,23,47
116900213,138,58,80
116900214,118,67,51
116900215,23,40,-17
116900216,192,106,86
116900218,3,122,-119
116900219,962,242,720
116900220,109,110,-1
116900221,59,134,-75
116900222,301,254,47
116900223,77,144,-67
116900226,42,13,29
116900227,179,44,135
116900228,202,80,122
116900230,52,114,-62
116900231,35,184,-149
116900232,15,176,-161
116900233,167,68,99
116900234,22,3,19
116900235,293,194,99
116900238,1021,202,819
116900239,9,722,-713
116900240,2525,2087,438
116900241,55,45,10
116900242,413,372,41
116900243,0,22,-22
116900245,19,11,8
116900246,78,14,64
116900247,745,21,724
116900248,65,27,38
116900249,182,34,148
116900250,349,42,307
116900251,270,445,-175
116900252,116,384,-268
116900254,12,87,-75
116900255,81,35,46
116900256,275,88,187
116900257,14,203,-189
116900258,2,80,-78
116900259,246,6,240
116900260,1,57,-56
116900261,54,0,54
116900262,155,103,52
116900263,0,12,-12
116900264,83,24,59
116900265,34,1,33
116900266,15,13,2
116900267,15,0,15
116900268,26,20,6
116900269,251,436,-185
116900271,402,203,199
116900272,244,173,71
116900273,110,117,-7
116900274,109,32,77
116900275,142,57,85
116900276,187,101,86
116900277,231,24,207
116900278,2,1,1
116900279,1,10,-9
116900280,20,7,13
116900281,2383,2902,-519
116900282,2,32,-30
116900283,10,29,-19
116900284,1,74,-73
116900285,130,106,24
116900286,70,16,54
116900287,3,19,-16
116900288,74,78,-4
116900289,10,9,1
116900290,5,9,-4
116900291,32,4,28
116900292,0,15,-15
116900293,23,12,11
116900294,12,85,-73
116900295,80,59,21
116900296,30,76,-46
116900297,2,73,-71
116900298,41,62,-21
116900299,27,60,-33
116900300,0,54,-54
116900301,28,148,-120
116900302,24,43,-19
116900303,76,58,18
116900304,0,75,-75
116900305,2,21,-19
116900306,139,53,86
116900307,48,1,47
116900308,0,46,-46
116900309,53,45,8
116900310,11,23,-12
117000001,1444,1162,282
117000002,1354,2632,-1278
117000003,4342,2388,1954
117000004,2181,3262,-1081
117000005,1769,1383,386
117000006,869,1851,-982
117000007,3335,891,2444
117000008,608,2033,-1425
117000009,3161,1323,1838
117000010,1666,1991,-325
117000011,1711,1080,631
117000012,929,803,126
117000013,1528,596,932
117000014,907,1603,-696
117000015,1653,898,755
117000016,151,128,23
117000017,117,92,25
117000018,72,443,-371
117000019,57,32,25
117000020,270,892,-622
117000021,753,520,233
117000022,177,150,27
117000023,85,263,-178
117000024,146,215,-69
117000025,220,989,-769
117000026,1313,1256,57
117000027,748,2715,-1967
117000028,1044,1246,-202
117000030,203,314,-111
117000031,278,331,-53
117000032,912,856,56
117000033,891,556,335
117000034,356,214,142
117000035,352,299,53
117000036,368,223,145
117000037,237,128,109
117000038,101,419,-318
117000039,322,177,145
117000040,212,551,-339
117000041,772,151,621
117000044,7,347,-340
117000045,394,62,332
117000046,339,678,-339
117000047,878,443,435
117000048,1092,512,580
117000049,67,275,-208
117000050,110,987,-877
117000051,1675,57,1618
117000052,35,168,-133
117000053,365,27,338
117000054,1367,7,1360
117000055,26,1418,-1392
117000056,479,25,454
117000057,337,1240,-903
117000060,294,569,-275
117000061,1359,612,747
117000062,183,380,-197
117000063,1266,778,488
117000064,448,414,34
117000066,447,557,-110
117000067,76,406,-330
117000074,84,95,-11
117000076,49,21,28
117000077,71,123,-52
117000078,88,384,-296
117000079,326,239,87
117000080,1,187,-186
117000081,752,103,649
117000082,13,60,-47
117000083,442,611,-169
117000084,115,3,112
117000085,224,441,-217
117000086,481,184,297
117000087,159,295,-136
117000088,172,108,64
117000089,1217,196,1021
117000090,206,690,-484
117000091,649,187,462
117000092,269,692,-423
117000093,961,595,366
117000094,940,1556,-616
117000095,2819,637,2182
117000096,407,1502,-1095
117000097,1149,727,422
117000098,1381,2140,-759
117000099,2660,883,1777
117000100,191,229,-38
117000101,115,538,-423
117000102,1374,501,873
117000103,515,932,-417
117000104,1093,408,685
117000105,549,831,-282
117000106,964,524,440
117000107,384,949,-565
117000108,1327,777,550
117000109,748,1315,-567
117000110,1073,806,267
117000111,2221,2696,-475
117000112,2051,968,1083
117000113,160,117,43
117000114,146,104,42
117000115,76,49,27
117000116,100,161,-61
117000117,912,723,189
117000118,181,116,65
117000119,130,141,-11
117000120,93,381,-288
117000121,23,658,-635
117000122,236,565,-329
117000123,966,19,947
117000124,154,98,56
117000125,109,117,-8
117000126,26,13,13
117000127,97,208,-111
117000128,222,508,-286
117000129,216,893,-677
117000130,106,5,101
117000131,0,66,-66
117000132,2133,21,2112
117000133,1564,24,1540
117000134,0,76,-76
117000135,5,66,-61
117000136,0,25,-25
117000137,100,108,-8
117000138,5,405,-400
117000140,353,918,-565
117000141,1379,415,964
117000181,224,140,84
117000182,411,495,-84
117000195,99,437,-338
117000196,192,112,80
117000225,100,28,72
117000226,18,123,-105
117000276,198,13,185
117000277,0,146,-146
117000310,1006,1495,-489
117000315,56,530,-474
117000320,62,0,62
117000906,310,12,298
117000907,5,173,-168
117000909,57,31,26
117000910,121,120,1
117000911,72,96,-24
117000915,1,260,-259
117000916,57,2,55
117000917,910,29,881
117000918,98,50,48
117000919,6,42,-36
117000920,1,529,-528
117000921,0,481,-481
117000922,24,62,-38
117000924,278,456,-178
117000926,346,88,258
117000927,451,525,-74
117000928,0,90,-90
117000929,288,293,-5
117000930,218,5,213
117000931,92,97,-5
117900002,64,238,-174
117900003,348,255,93
117900005,1,55,-54
117900006,1,25,-24
117900007,79,35,44
117900008,0,19,-19
117900010,186,43,143
117900011,22,85,-63
117900012,47,42,5
117900013,0,119,-119
117900014,416,154,262
117900015,15,83,-68
117900016,598,543,55
117900017,517,311,206
117900018,136,138,-2
117900019,316,124,192
117900020,43,455,-412
117900021,28,36,-8
117900023,562,48,514
117900024,22,25,-3
117900025,18,4,14
117900026,354,113,241
117900028,28,6,22
117900029,193,292,-99
117900031,68,70,-2
117900032,883,483,400
117900033,242,220,22
117900034,109,26,83
117900035,372,136,236
117900036,143,161,-18
117900037,141,99,42
117900038,70,130,-60
117900039,1,19,-18
117900040,82,176,-94
117900041,0,21,-21
117900042,1884,182,1702
117900043,20,7,13
117900044,40,2564,-2524
117900045,89,94,-5
117900048,338,148,190
117900049,179,256,-77
117900050,4,80,-76
117900051,11,2,9
117900052,40,267,-227
117900053,1145,324,821
117900054,1,9,-8
117900055,270,159,111
117900056,44,34,10
117900057,628,842,-214
117900058,38,27,11
117900059,142,70,72
117900060,1609,2710,-1101
117900061,10,156,-146
117900063,270,105,165
117900065,493,659,-166
117900066,5,43,-38
117900067,357,91,266
117900069,537,152,385
117900070,94,45,49
117900071,30,53,-23
117900073,254,141,113
117900074,76,88,-12
117900075,35,41,-6
117900076,27,35,-8
117900077,281,169,112
117900078,207,593,-386
117900080,94,33,61
117900081,298,252,46
117900082,332,240,92
117900083,231,198,33
117900086,84,16,68
117900087,89,46,43
117900088,2074,1083,991
117900089,1633,548,1085
117900090,409,236,173
117900091,55,80,-25
117900092,50,15,35
117900093,76,36,40
117900094,22,24,-2
117900095,252,461,-209
117900096,71,155,-84
117900097,350,53,297
117900098,15,7,8
117900099,100,142,-42
117900100,176,3,173
117900101,312,1310,-998
117900102,68,27,41
117900103,41,2,39
117900104,15,85,-70
117900105,84,90,-6
117900106,61,23,38
117900107,14,0,14
117900109,407,264,143
117900110,129,1,128
117900111,312,9,303
117900112,48,5,43
117900113,1130,1038,92
117900114,46,0,46
117900115,117,42,75
117900116,591,513,78
117900117,437,162,275
117900118,46,0,46
117900119,104,53,51
117900120,183,19,164
117900121,84,32,52
117900122,730,2494,-1764
117900123,484,227,257
117900124,595,401,194
117900125,1166,1431,-265
117900126,127,284,-157
117900127,286,166,120
117900128,214,275,-61
117900129,52,0,52
117900130,645,350,295
117900131,2,104,-102
117900132,12,48,-36
117900133,14,57,-43
117900134,75,173,-98
117900135,24,81,-57
117900136,0,16,-16
117900137,28,121,-93
117900138,0,17,-17
117900139,85,70,15
117900140,2070,29,2041
117900141,55,145,-90
117900142,108,30,78
117900144,25,238,-213
117900145,14,62,-48
117900146,88,118,-30
117900147,74,27,47
117900148,1405,1294,111
117900149,96,98,-2
117900150,28,17,11
117900151,20,45,-25
117900152,52,52,0
117900153,7,46,-39
117900154,292,367,-75
117900156,580,507,73
117900157,67,387,-320
117900158,155,144,11
117900160,519,526,-7
117900161,1576,1151,425
117900162,314,365,-51
117900163,28,161,-133
117900165,0,9,-9
117900166,65,402,-337
117900168,171,102,69
117900169,2,83,-81
117900170,2,7,-5
117900171,2,9,-7
117900172,9,23,-14
117900173,84,46,38
117900174,19,36,-17
117900175,8,11,-3
117900176,1,19,-18
117900177,8,17,-9
117900178,83,16,67
117900180,152,29,123
117900181,39,217,-178
117900182,2,20,-18
117900183,33,143,-110
117900184,16,48,-32
117900185,36,63,-27
117900186,31,8,23
117900187,28,6,22
117900188,145,25,120
117900189,47,17,30
117900190,5,0,5
117900191,44,1,43
117900192,182,1,181
117900193,0,57,-57
117900194,9,25,-16
117900195,14,32,-18
117900196,14,23,-9
117900207,108,142,-34
117900208,13,23,-10
117900209,111,116,-5
117900210,46,126,-80
117900211,2,90,-88
117900212,64,87,-23
117900213,16,13,3
117900214,7,26,-19
117900215,38,35,3
117900216,18,17,1
117900217,36,144,-108
117900218,99,74,25
117900219,1,63,-62
117900220,81,80,1
117900222,119,149,-30
117900223,93,195,-102
118000001,398,808,-410
118000002,292,999,-707
118000003,1554,2195,-641
118000004,1604,1505,99
118000005,2000,3374,-1374
118000006,2071,5214,-3143
118000007,3137,2946,191
118000008,2086,2272,-186
118000009,1145,1575,-430
118000010,4210,2237,1973
118000011,1064,971,93
118000012,640,889,-249
118000013,1375,1291,84
118000014,1361,1385,-24
118000016,158,170,-12
118000017,311,207,104
118000018,193,205,-12
118000019,1310,1079,231
118000020,730,1861,-1131
118000021,391,2024,-1633
118000022,828,545,283
118000023,615,258,357
118000024,565,778,-213
118000027,5862,7135,-1273
118000029,359,525,-166
118000032,438,2389,-1951
118000033,1922,4303,-2381
118000034,2979,1911,1068
118000035,1358,2018,-660
118000036,615,870,-255
118000037,465,578,-113
118000038,153,48,105
118000039,57,95,-38
118000040,1143,786,357
118000041,1490,916,574
118000045,293,78,215
118000046,636,388,248
118000047,484,759,-275
118000048,1247,1266,-19
118000051,1043,775,268
118000052,715,460,255
118000053,125,179,-54
118000054,807,414,393
118000055,626,646,-20
118000056,285,221,64
118000057,140,222,-82
118000058,1815,1145,670
118000059,1068,783,285
118000060,788,377,411
118000061,973,658,315
118000062,403,210,193
118000063,190,454,-264
118000064,510,749,-239
118000065,1576,1235,341
118000066,508,1160,-652
118000067,460,445,15
118000068,858,3472,-2614
118000069,1480,665,815
118000070,2958,1041,1917
118000071,1555,4321,-2766
118000072,769,993,-224
118000073,760,431,329
118000074,265,320,-55
118000075,438,152,286
118000076,1178,1900,-722
118000077,865,925,-60
118000078,1295,1706,-411
118000079,140,319,-179
118000080,611,695,-84
118000081,1350,1019,331
118000082,173,887,-714
118000083,903,1160,-257
118000084,1871,1037,834
118000086,189,299,-110
118000087,2122,1514,608
118000088,1161,1029,132
118000089,2269,1593,676
118000090,771,1677,-906
118000091,539,1750,-1211
118000092,738,348,390
118000093,30,545,-515
118000096,428,466,-38
118000097,627,538,89
118000098,160,159,1
118000099,461,402,59
118000101,873,233,640
118000102,291,614,-323
118000107,848,355,493
118000108,306,1380,-1074
118000110,0,19,-19
118000111,1,164,-163
118000112,476,1,475
118000113,3,242,-239
118000114,358,4,354
118000115,2,3,-1
118000116,16,0,16
118000117,543,490,53
118000118,588,893,-305
118000119,686,908,-222
118000120,1014,637,377
118000121,69,601,-532
118000122,896,317,579
118000123,43,233,-190
118000125,821,530,291
118000126,404,946,-542
118000127,943,472,471
118000128,370,785,-415
118000129,660,271,389
118000130,1153,1541,-388
118000131,261,351,-90
118000132,1882,1455,427
118000133,846,361,485
118000135,394,338,56
118000136,84,339,-255
118000137,328,67,261
118000138,277,326,-49
118000139,303,75,228
118000140,2055,3398,-1343
118000141,1614,1043,571
118000142,1460,896,564
118000143,1469,901,568
118000144,782,418,364
118000145,1390,859,531
118000146,866,364,502
118000147,654,833,-179
118000148,486,632,-146
118000149,760,599,161
118000150,276,297,-21
118000151,334,276,58
118000153,835,791,44
118000154,1295,1069,226
118000155,1023,871,152
118000156,1026,1295,-269
118000157,386,301,85
118000158,173,249,-76
118000159,19,68,-49
118000160,397,303,94
118000161,389,355,34
118000162,1295,556,739
118000163,599,500,99
118000164,1077,938,139
118000168,406,303,103
118000169,642,529,113
118000170,2003,2331,-328
118000171,229,336,-107
118000172,79,159,-80
118000173,735,728,7
118000175,219,289,-70
118000176,172,460,-288
118000177,150,500,-350
118000178,33,39,-6
118000179,759,1017,-258
118000180,498,602,-104
118000181,537,207,330
118000182,230,238,-8
118000183,178,212,-34
118000184,734,435,299
118000185,728,971,-243
118000186,575,786,-211
118000187,1007,401,606
118000188,374,53,321
118000189,404,220,184
118000190,5,12,-7
118000191,16,5,11
118000192,25,43,-18
118000193,22,142,-120
118000194,720,557,163
118000195,305,881,-576
118000196,147,151,-4
118000197,120,90,30
118000198,313,471,-158
118000199,259,259,0
118000200,25,109,-84
118000201,205,438,-233
118000202,25,37,-12
118000203,429,490,-61
118000204,50,338,-288
118000205,221,256,-35
118000206,117,128,-11
118000207,0,22,-22
118000208,759,845,-86
118000209,1419,911,508
118000210,35,31,4
118000211,15,29,-14
118000213,444,1034,-590
118000214,153,387,-234
118000215,238,108,130
118000216,1262,747,515
118000217,19,80,-61
118000218,69,54,15
118000219,215,127,88
118000220,3,28,-25
118000221,135,164,-29
118000222,24,0,24
118000223,11,21,-10
118000224,46,62,-16
118000225,87,351,-264
118000226,477,123,354
118000227,372,301,71
118000228,60,140,-80
118000229,57,50,7
118000230,82,139,-57
118000231,47,113,-66
118000232,547,343,204
118000233,779,414,365
118000234,317,52,265
118000236,187,143,44
118000237,45,93,-48
118000238,155,66,89
118000239,234,135,99
118000240,140,89,51
118000241,124,67,57
118000242,246,236,10
118000243,184,122,62
118000244,39,59,-20
118000246,7,12,-5
118000255,33,141,-108
118000256,69,104,-35
118000259,11,28,-17
118000260,76,32,44
118000261,26,14,12
118000263,32,76,-44
118000266,89,120,-31
118000267,0,80,-80
118000268,148,4,144
118000270,57,5,52
118000271,172,158,14
118000272,38,25,13
118000273,99,37,62
118000274,50,120,-70
118000276,395,182,213
118000295,6,61,-55
118000298,97,121,-24
118000299,77,67,10
118000301,1,33,-32
118000302,68,39,29
118000311,479,55,424
118000312,169,80,89
118000313,26,65,-39
118000314,75,20,55
118000315,38,20,18
118000316,447,308,139
118000325,35,10,25
118000326,12,6,6
118000331,30,20,10
118000332,9,11,-2
118000333,22,35,-13
118000335,222,0,222
118000336,0,101,-101
118000407,82,19,63
118000457,7,32,-25
118000465,1095,2311,-1216
118000480,26,31,-5
118000489,106,268,-162
118000490,13,109,-96
118000492,224,129,95
118000510,38,13,25
118000514,53,230,-177
118000515,446,432,14
118000517,193,114,79
118000524,157,232,-75
118000525,401,359,42
118000530,22,41,-19
118000531,213,167,46
118000532,203,159,44
118000533,257,111,146
118000534,355,216,139
118000535,198,92,106
118000536,159,805,-646
118000537,25,97,-72
118000538,39,79,-40
118000539,2,64,-62
118000540,162,66,96
118000541,90,24,66
118000542,51,129,-78
118000543,90,147,-57
118000546,23,21,2
118000553,0,0,0
118000560,875,1322,-447
118000562,20,69,-49
118000563,808,761,47
118000576,136,53,83
118000577,162,190,-28
118000578,103,43,60
118000579,424,748,-324
118000583,0,1,-1
118000595,159,72,87
118000596,0,46,-46
118000597,154,134,20
118000598,1,0,1
118000599,80,30,50
118000600,0,1,-1
118000601,3,0,3
118000602,1,5,-4
118000603,0,15,-15
118000605,50,87,-37
118000606,16,22,-6
118900001,247,773,-526
118900002,467,542,-75
118900003,168,15,153
118900004,36,24,12
118900005,39,4,35
118900006,68,0,68
118900007,5,2,3
118900008,1031,63,968
118900009,29,26,3
118900010,33,2,31
118900011,81,11,70
118900012,264,127,137
118900013,295,105,190
118900015,132,41,91
118900016,2,6,-4
118900017,168,236,-68
118900018,561,23,538
118900019,19,5,14
118900020,64,84,-20
118900021,97,145,-48
118900022,78,70,8
118900023,98,43,55
118900024,60,82,-22
118900025,22,19,3
118900026,44,51,-7
118900027,213,92,121
118900028,119,72,47
118900029,239,235,4
118900030,232,21,211
118900031,142,54,88
118900032,162,115,47
118900033,253,228,25
118900034,104,19,85
118900035,72,96,-24
118900036,804,417,387
118900037,215,223,-8
118900038,266,78,188
118900039,317,85,232
118900040,156,127,29
118900041,394,97,297
118900042,129,59,70
118900045,201,86,115
118900046,488,289,199
118900047,313,163,150
118900048,59,192,-133
118900049,25,29,-4
118900050,14,15,-1
118900051,66,72,-6
118900052,143,157,-14
118900053,22,64,-42
118900054,77,46,31
118900055,41,31,10
118900056,69,204,-135
118900057,464,344,120
118900058,227,156,71
118900059,25,54,-29
118900060,91,136,-45
118900062,310,103,207
118900064,223,359,-136
118900065,38,58,-20
118900066,45,58,-13
118900067,1952,2414,-462
118900068,2,120,-118
118900069,286,129,157
118900071,12,31,-19
118900072,320,157,163
118900073,111,62,49
118900074,94,68,26
118900075,62,31,31
118900076,93,60,33
118900077,110,115,-5
118900078,7,3,4
118900079,31,61,-30
118900080,12,54,-42
118900081,52,28,24
118900082,647,99,548
118900083,13,7,6
118900084,7,19,-12
118900085,495,398,97
118900086,25,55,-30
118900087,29,154,-125
118900088,2,0,2
118900089,29,11,18
118900090,429,201,228
118900091,71,97,-26
118900092,88,18,70
118900093,85,21,64
118900096,66,121,-55
118900097,192,243,-51
118900099,43,117,-74
118900100,60,111,-51
118900101,60,146,-86
118900102,22,59,-37
118900103,15,58,-43
118900104,96,45,51
118900105,108,31,77
118900107,88,33,55
118900108,68,43,25
118900110,557,423,134
118900111,338,224,114
118900112,42,129,-87
118900113,149,184,-35
118900114,10,50,-40
118900115,46,137,-91
118900116,107,178,-71
118900117,61,141,-80
118900118,197,176,21
118900119,133,152,-19
118900120,74,197,-123
118900121,6,57,-51
118900122,9,749,-740
118900123,99,99,0
118900124,52,89,-37
118900126,4,265,-261
118900129,155,137,18
118900130,49,168,-119
118900131,191,128,63
118900132,174,171,3
118900133,10,71,-61
118900135,119,126,-7
118900136,170,259,-89
118900137,3,44,-41
118900139,144,138,6
118900140,276,276,0
118900141,46,43,3
118900144,85,167,-82
118900145,31,53,-22
118900146,265,401,-136
118900147,112,78,34
118900148,53,11,42
118900150,312,426,-114
118900152,356,354,2
118900157,29,105,-76
118900158,56,29,27
118900159,1,99,-98
118900161,56,13,43
118900163,41,46,-5
118900164,0,49,-49
118900165,25,46,-21
118900166,22,2,20
118900167,32,93,-61
118900168,35,99,-64
118900169,53,99,-46
118900170,81,25,56
118900171,12,36,-24
118900174,39,29,10
118900175,340,389,-49
118900176,109,188,-79
118900177,30,15,15
118900178,35,112,-77
118900179,41,5,36
118900181,49,60,-11
118900182,43,22,21
118900183,22,84,-62
118900184,166,67,99
118900185,112,52,60
118900186,67,81,-14
118900187,110,194,-84
118900188,220,178,42
118900189,32,605,-573
118900190,11,125,-114
118900191,120,14,106
118900192,130,4,126
118900193,383,5,378
118900195,135,262,-127
118900196,19,64,-45
118900197,81,23,58
118900198,14,8,6
118900199,42,6,36
118900200,8,1,7
118900201,13,20,-7
118900202,2,22,-20
118900203,16,1,15
118900204,5,14,-9
118900205,0,2,-2
118900206,1,5,-4
119000001,854,1110,-256
119000002,2712,1887,825
119000003,1656,471,1185
119000004,1526,788,738
119000005,960,1194,-234
119000006,2071,1058,1013
119000007,2290,2034,256
119000008,1252,961,291
119000009,2364,3211,-847
119000010,3302,3018,284
119000011,1634,1529,105
119000012,1115,1783,-668
119000013,1832,1106,726
119000014,911,1387,-476
119000019,173,81,92
119000020,1416,805,611
119000021,2956,1680,1276
119000022,865,1536,-671
119000023,228,187,41
119000024,1004,7495,-6491
119000025,2765,622,2143
119000026,60,214,-154
119000027,142,201,-59
119000028,1034,442,592
119000029,56,209,-153
119000030,351,492,-141
119000031,526,359,167
119000032,1112,1286,-174
119000033,1358,841,517
119000034,693,510,183
119000035,13,151,-138
119000036,1278,507,771
119000037,837,737,100
119000038,108,363,-255
119000039,279,182,97
119000040,417,360,57
119000041,386,710,-324
119000048,1644,1340,304
119000049,1309,956,353
119000050,937,1087,-150
119000051,1248,575,673
119000052,999,1649,-650
119000053,1029,632,397
119000054,2142,1566,576
119000055,3195,1745,1450
119000056,1863,1244,619
119000057,1018,914,104
119000058,1321,841,480
119000059,890,978,-88
119000060,1084,611,473
119000061,675,426,249
119000062,766,809,-43
119000063,443,318,125
119000064,578,530,48
119000065,1268,1791,-523
119000066,1291,791,500
119000067,1192,1117,75
119000068,1181,670,511
119000069,1028,1144,-116
119000070,1757,581,1176
119000071,358,363,-5
119000072,2557,1616,941
119000073,2366,4479,-2113
119000074,869,1102,-233
119000075,1971,1313,658
119000076,186,722,-536
119000077,370,365,5
119000078,250,179,71
119000079,168,466,-298
119000080,354,77,277
119000081,158,235,-77
119000082,506,149,357
119000083,418,231,187
119000084,160,260,-100
119000085,337,130,207
119000086,181,338,-157
119000087,883,414,469
119000088,241,181,60
119000089,55,101,-46
119000090,94,66,28
119000091,63,207,-144
119000092,270,114,156
119000093,2027,1345,682
119000094,2364,3124,-760
119000095,1239,1385,-146
119000097,1389,708,681
119000098,717,1890,-1173
119000099,1825,885,940
119000100,2600,1976,624
119000101,2443,907,1536
119000102,563,813,-250
119000103,962,370,592
119000104,1184,713,471
119000105,609,1533,-924
119000106,295,573,-278
119000107,668,357,311
119000108,273,434,-161
119000109,79,325,-246
119000110,183,241,-58
119000111,25,364,-339
119000112,97,68,29
119000113,977,184,793
119000114,575,670,-95
119000115,122,86,36
119000116,72,49,23
119000117,83,203,-120
119000118,2,0,2
119000123,2668,1020,1648
119000124,522,122,400
119000125,2827,359,2468
119000126,1069,334,735
119000127,376,245,131
119000128,13,1,12
119000131,693,297,396
119000132,1,1,0
119000133,1,6,-5
119000134,1109,334,775
119000135,143,141,2
119000136,208,64,144
119000137,188,150,38
119000138,402,112,290
119000139,154,87,67
119000140,184,229,-45
119000284,759,1473,-714
119000285,1224,1058,166
119000286,3528,2718,810
119000287,939,1136,-197
119000288,1238,639,599
119000289,833,1209,-376
119000290,157,200,-43
119000291,7,140,-133
119000293,104,94,10
119000294,67,23,44
119000295,622,154,468
119000296,203,123,80
119000302,1029,701,328
119000303,37,85,-48
119000314,838,6500,-5662
119000315,2,202,-200
119000316,99,64,35
119000317,70,109,-39
119000319,428,81,347
119900001,176,928,-752
119900002,107,105,2
119900003,16,475,-459
119900004,192,822,-630
119900005,123,56,67
119900006,147,242,-95
119900007,707,177,530
119900008,147,52,95
119900009,426,325,101
119900010,383,504,-121
119900011,11,64,-53
119900012,7,57,-50
119900013,1174,796,378
119900014,255,104,151
119900015,76,13,63
119900016,17,33,-16
119900017,21,27,-6
119900018,1011,712,299
119900019,24,7,17
119900020,96,106,-10
119900021,84,76,8
119900022,64,467,-403
119900023,248,1310,-1062
119900025,138,15,123
119900026,329,114,215
119900027,17,8,9
119900028,153,72,81
119900029,2,5,-3
119900030,324,245,79
119900031,24,323,-299
119900033,1464,235,1229
119900034,304,53,251
119900037,134,13,121
119900038,27,215,-188
119900039,29,1,28
119900040,102,19,83
119900041,92,12,80
119900042,174,113,61
119900043,72,98,-26
119900044,119,570,-451
119900046,96,23,73
119900047,223,46,177
119900049,114,4,110
119900050,49,63,-14
119900051,765,9,756
119900052,45,32,13
119900053,141,93,48
119900054,135,6,129
119900055,837,323,514
119900057,159,26,133
119900058,181,1,180
119900059,62,37,25
119900060,179,8,171
119900061,221,3,218
119900062,49,20,29
119900063,5,46,-41
119900065,166,5,161
119900067,49,11,38
119900068,426,3,423
119900069,63,12,51
119900070,560,4,556
119900071,352,7,345
119900073,908,398,510
119900074,27,42,-15
119900075,1937,1472,465
119900076,61,28,33
119900077,553,346,207
119900078,333,425,-92
119900079,221,91,130
119900080,260,115,145
119900081,457,22,435
119900082,701,58,643
119900083,187,67,120
119900084,307,183,124
119900085,35,22,13
119900086,277,550,-273
119900087,381,210,171
119900088,21,19,2
119900089,32,275,-243
119900090,73,33,40
119900091,52,517,-465
119900092,27,205,-178
119900093,651,123,528
119900094,31,125,-94
119900095,115,69,46
119900096,24,56,-32
119900097,314,135,179
119900098,21,30,-9
119900099,21,77,-56
119900100,1091,1598,-507
119900101,108,621,-513
119900102,26,126,-100
119900103,43,111,-68
119900104,26,49,-23
119900105,333,1382,-1049
119900106,4,84,-80
119900107,197,1135,-938
119900108,1528,421,1107
119900109,16,72,-56
119900110,494,320,174
119900111,162,234,-72
119900112,597,298,299
119900113,45,115,-70
119900114,145,500,-355
119900115,204,569,-365
119900116,69,251,-182
119900117,270,311,-41
119900118,70,437,-367
119900119,168,91,77
119900120,343,226,117
119900121,307,415,-108
119900122,254,190,64
119900123,122,192,-70
119900124,134,386,-252
119900125,24,124,-100
119900126,1742,138,1604
119900127,1201,594,607
119900128,245,344,-99
119900129,146,208,-62
119900130,12,107,-95
119900131,41,109,-68
119900132,10,112,-102
119900133,44,56,-12
119900134,676,123,553
119900135,0,155,-155
119900136,124,134,-10
119900138,211,256,-45
119900139,41,82,-41
119900140,2,54,-52
119900141,48,463,-415
119900142,1,23,-22
119900143,16,131,-115
119900144,759,106,653
119900145,69,104,-35
119900146,105,96,9
119900147,1,74,-73
119900148,116,36,80
119900149,467,2694,-2227
119900150,105,77,28
119900151,680,308,372
119900152,96,125,-29
119900153,93,44,49
119900154,26,291,-265
119900155,29,24,5
119900156,28,7,21
119900157,90,93,-3
119900158,101,25,76
119900159,0,565,-565
119900160,14,50,-36
119900161,115,80,35
119900162,652,533,119
119900163,61,96,-35
119900164,0,0,0
119900165,95,81,14
119900166,43,35,8
119900167,26,26,0
119900168,691,282,409
119900169,40,181,-141
119900170,99,195,-96
119900171,815,164,651
119900172,67,9,58
119900173,4,166,-162
119900174,1,80,-79
119900175,921,356,565
119900177,25,89,-64
119900178,0,58,-58
119900179,83,421,-338
119900180,774,569,205
119900181,28,58,-30
119900182,0,127,-127
119900183,74,422,-348
119900184,850,241,609
119900185,21,111,-90
119900186,21,591,-570
119900187,5,151,-146
119900188,67,144,-77
119900189,289,245,44
119900190,71,207,-136
119900191,166,143,23
119900192,8,103,-95
119900193,273,112,161
119900194,14,56,-42
119900195,21,82,-61
119900196,419,195,224
119900197,146,96,50
119900198,149,128,21
119900199,99,21,78
119900200,438,368,70
119900201,149,64,85
119900202,60,191,-131
119900203,87,364,-277
119900204,213,152,61
119900205,571,243,328
119900206,142,49,93
119900208,154,151,3
119900209,370,775,-405
119900210,18,17,1
119900211,32,1,31
119900212,427,290,137
119900213,7,50,-43
119900214,30,31,-1
119900215,27,40,-13
119900216,12,28,-16
119900217,5,29,-24
119900218,3,32,-29
119900219,5,29,-24
119900220,2,46,-44
119900221,22,69,-47
119900222,7,65,-58
119900223,13,28,-15
119900224,7,14,-7
119900225,341,20,321
119900226,214,962,-748
119900227,438,139,299
119900228,184,204,-20
119900229,203,226,-23
119900230,684,249,435
119900231,189,69,120
119900232,96,60,36
119900233,32,2,30
119900234,80,19,61
119900235,2,21,-19
119900236,13,63,-50
119900237,41,170,-129
119900238,1,33,-32
119900240,84,75,9
119900241,93,169,-76
119900242,551,831,-280
119900244,294,729,-435
119900245,53,91,-38
119900246,158,372,-214
119900247,11,61,-50
119900248,21,176,-155
119900249,123,58,65
119900253,916,249,667
119900254,71,545,-474
119900255,67,411,-344
119900256,392,346,46
119900257,54,0,54
119900258,64,3,61
119900259,5,49,-44
119900260,76,6,70
119900261,257,68,189
119900262,0,83,-83
119900263,727,200,527
119900264,77,86,-9
119900265,394,220,174
119900266,214,117,97
119900267,144,223,-79
119900268,156,70,86
119900269,754,534,220
119900271,33,37,-4
119900272,233,126,107
119900275,107,2,105
119900276,55,1,54
119900277,10,6,4
119900278,79,57,22
119900279,68,143,-75
119900280,319,78,241
119900281,0,133,-133
119900282,26,70,-44
119900283,21,120,-99
119900284,26,116,-90
119900285,11,45,-34
119900286,0,10,-10
119900288,2,10,-8
119900289,0,14,-14
119900290,3,4,-1
119900291,0,37,-37
119900292,50,46,4
119900293,7,49,-42
119900294,19,39,-20
119900295,28,32,-4
119900296,49,83,-34
119900297,1,15,-14
119900298,0,2,-2
119900299,42,74,-32
119900300,180,81,99
119900301,23,34,-11
119900302,28,27,1
119900303,199,107,92
119900304,128,18,110
119900305,2,60,-58
119900306,17,5,12
119900307,50,29,21
119900308,4,11,-7
119900309,22,77,-55
119900310,137,180,-43
119900311,62,49,13
119900312,74,49,25
119900313,173,120,53
119900314,115,196,-81
119900315,1481,923,558
119900318,9,32,-23
119900319,2,106,-104
119900320,140,177,-37
119900321,46,4,42
120000001,3585,11462,-7877
120000002,1864,1505,359
120000003,1788,906,882
120000004,1741,1012,729
120000005,2227,1097,1130
120000006,855,800,55
120000007,2000,2281,-281
120000008,714,795,-81
120000009,1478,619,859
120000010,1475,1438,37
120000011,820,954,-134
120000012,1220,1340,-120
120000013,2218,1787,431
120000014,489,892,-403
120000015,1725,1059,666
120000016,2654,1630,1024
120000017,2309,1655,654
120000018,2251,7648,-5397
120000019,795,927,-132
120000020,2014,2319,-305
120000021,1299,1636,-337
120000022,1763,2772,-1009
120000023,841,1197,-356
120000024,729,1675,-946
120000025,1864,1273,591
120000026,1643,1203,440
120000027,1450,1378,72
120000028,472,1429,-957
120000029,1089,803,286
120000030,537,618,-81
120000031,1186,3046,-1860
120000032,4116,2598,1518
120000033,3637,1175,2462
120000034,1553,1133,420
120000035,1448,1164,284
120000036,2260,3388,-1128
120000037,472,1008,-536
120000038,2738,2255,483
120000039,542,672,-130
120000040,129,563,-434
120000041,702,772,-70
120000042,1309,1173,136
120000043,2686,867,1819
120000044,3927,1036,2891
120000045,4550,765,3785
120000046,2811,1685,1126
120000047,437,3924,-3487
120000048,3835,2610,1225
120000049,2353,1811,542
120000050,2759,2347,412
120000051,1952,2562,-610
120000052,4525,1257,3268
120000053,1069,1240,-171
120000054,1029,2068,-1039
120000055,1391,2722,-1331
120000056,2711,2186,525
120000057,2219,1003,1216
120000058,1175,1257,-82
120000059,5,1013,-1008
120000061,71,378,-307
120000062,118,219,-101
120000063,843,1375,-532
120000064,208,612,-404
120000065,475,804,-329
120000066,109,286,-177
120000067,19,307,-288
120000068,180,474,-294
120000069,494,458,36
120000070,44,389,-345
120000071,427,62,365
120000072,665,347,318
120000073,670,76,594
120000074,107,64,43
120000075,578,202,376
120000076,1781,308,1473
120000077,1538,476,1062
120000078,2155,1054,1101
120000079,441,242,199
120000080,259,230,29
120000081,342,135,207
120000082,278,220,58
120000083,137,548,-411
120000084,244,178,66
120000085,218,221,-3
120000086,234,330,-96
120000087,195,247,-52
120000088,674,594,80
120000089,689,341,348
120000090,535,322,213
120000091,736,595,141
120000092,874,430,444
120000093,320,332,-12
120000094,124,509,-385
120000095,663,245,418
120000096,181,363,-182
120000098,453,435,18
120000099,205,378,-173
120000100,555,475,80
120000101,489,368,121
120000102,445,697,-252
120000103,1186,740,446
120000104,1444,358,1086
120000105,2435,635,1800
120000106,2043,590,1453
120000107,3213,448,2765
120000108,1152,97,1055
120000109,863,48,815
120000110,84,596,-512
120000111,167,610,-443
120000112,602,1389,-787
120000113,672,1097,-425
120000114,797,1515,-718
120000115,259,1193,-934
120000116,505,990,-485
120000117,680,853,-173
120000118,58,29,29
120000119,20,61,-41
120000120,84,66,18
120000121,56,48,8
120000122,132,314,-182
120000123,2018,4650,-2632
120000124,328,277,51
120000125,440,388,52
120000126,309,613,-304
120000127,1389,710,679
120000128,1628,2355,-727
120000129,181,193,-12
120000130,581,355,226
120000131,318,407,-89
120000134,248,463,-215
120000135,447,317,130
120000137,164,514,-350
120000138,753,235,518
120000139,216,321,-105
120000140,645,264,381
120000141,221,212,9
120000142,607,361,246
120000143,0,66,-66
120000144,90,3,87
120000145,344,1,343
120000146,709,680,29
120000149,438,644,-206
120000150,1569,7476,-5907
120000151,361,254,107
120000152,391,130,261
120000153,128,310,-182
120000154,345,279,66
120000155,155,231,-76
120000156,666,723,-57
120000157,653,442,211
120000158,649,466,183
120000159,1631,1454,177
120000160,1861,1111,750
120000161,1807,1376,431
120000162,63,256,-193
120000163,595,693,-98
120000164,462,293,169
120000165,493,468,25
120000166,1015,316,699
120000167,112,94,18
120000168,7,320,-313
120000169,40,1237,-1197
120000170,19,1144,-1125
120000171,9,445,-436
120000172,13,445,-432
120000173,778,1380,-602
120000174,169,29,140
120000175,101,18,83
120000176,88,26,62
120000177,585,56,529
120000178,44,13,31
120000179,104,28,76
120000180,219,51,168
120000181,56,717,-661
120000182,43,467,-424
120000183,12,224,-212
120000184,133,706,-573
120000186,27,742,-715
120000187,27,292,-265
120000188,31,462,-431
120000190,343,59,284
120000191,386,60,326
120000192,349,18,331
120000193,90,1,89
120000195,22,4,18
120000196,115,12,103
120000197,39,35,4
120000198,136,36,100
120000199,51,0,51
120000200,191,1,190
120000201,24,23,1
120000202,2,29,-27
120000203,46,132,-86
120000207,2,45,-43
120000208,7,123,-116
120000209,5,58,-53
120000210,39,37,2
120000211,148,0,148
120000212,220,0,220
120000213,119,100,19
120000214,0,124,-124
120000215,1,103,-102
120000216,105,24,81
120000217,341,632,-291
120000218,83,427,-344
120000219,3,243,-240
120000220,1,665,-664
120000225,1381,2,1379
120000226,341,4,337
120000227,696,35,661
120000228,7451,2378,5073
120000230,395,11,384
120000231,1019,1218,-199
120000233,250,23,227
120000235,235,395,-160
120000236,707,2,705
120000237,1,544,-543
120000238,1,835,-834
120000241,814,2190,-1376
120000412,188,8,180
120000413,214,95,119
120000414,98,1,97
120000415,0,29,-29
120000416,50,3,47
120000417,6,116,-110
120000418,89,9,80
120000419,11,90,-79
120000420,245,61,184
120000421,4896,3259,1637
120000422,56,1087,-1031
120000423,4,45,-41
120000424,73,95,-22
120000436,66,563,-497
120000437,93,64,29
120000438,1215,152,1063
120000439,147,431,-284
120000443,158,1,157
120000444,1104,233,871
120000445,1347,780,567
120000446,484,297,187
120000447,175,0,175
120000449,60,1,59
120000450,5,79,-74
120000451,64,109,-45
120000452,148,0,148
120000453,0,75,-75
120000454,78,57,21
120000455,65,23,42
120000456,1559,2521,-962
120000457,405,316,89
120000458,316,450,-134
120000459,70,72,-2
120000665,398,169,229
120000668,140,703,-563
120000669,73,108,-35
120000670,69,758,-689
120000671,951,353,598
120000672,69,372,-303
120900001,62,90,-28
120900002,112,244,-132
120900003,123,9,114
120900004,15,45,-30
120900005,13,858,-845
120900006,327,155,172
120900007,141,46,95
120900008,249,647,-398
120900009,425,20,405
120900010,353,75,278
120900011,92,126,-34
120900012,99,733,-634
120900013,248,73,175
120900014,3,227,-224
120900015,840,60,780
120900016,780,32,748
120900017,1179,35,1144
120900018,95,213,-118
120900019,437,394,43
120900020,556,877,-321
120900021,606,142,464
120900022,14,112,-98
120900023,284,18,266
120900024,1145,321,824
120900025,960,661,299
120900026,94,86,8
120900027,619,19,600
120900028,326,87,239
120900029,64,465,-401
120900030,1146,561,585
120900031,209,101,108
120900032,920,76,844
120900033,695,57,638
120900034,18,1708,-1690
120900035,21,55,-34
120900037,154,7,147
120900038,44,246,-202
120900039,64,53,11
120900040,299,6,293
120900041,91,13,78
120900042,509,24,485
120900043,65,28,37
120900044,14,207,-193
120900045,153,37,116
120900046,430,9,421
120900047,146,76,70
120900048,118,21,97
120900049,389,1,388
120900050,956,1106,-150
120900051,302,81,221
120900052,501,3,498
120900053,212,25,187
120900054,1066,320,746
120900055,336,2,334
120900056,364,8,356
120900057,117,9,108
120900058,521,3,518
120900059,81,1,80
120900060,52,23,29
120900061,187,82,105
120900062,235,1,234
120900063,460,9,451
120900064,588,0,588
120900065,453,0,453
120900066,168,115,53
120900067,118,55,63
120900068,228,2,226
120900069,216,14,202
120900071,5,3,2
120900072,697,7,690
120900073,511,22,489
120900074,334,3,331
120900076,281,0,281
120900077,1178,101,1077
120900078,747,594,153
120900079,512,65,447
120900080,718,740,-22
120900081,937,75,862
120900082,339,287,52
120900083,81,4,77
120900084,269,441,-172
120900085,56,111,-55
120900086,84,256,-172
120900087,340,298,42
120900088,133,350,-217
120900089,1420,2213,-793
120900090,212,47,165
120900091,455,772,-317
120900092,823,256,567
120900093,915,84,831
120900094,377,101,276
120900095,197,8,189
120900096,29,105,-76
120900097,445,319,126
120900098,207,96,111
120900099,36,38,-2
120900100,39,138,-99
120900101,350,127,223
120900102,32,44,-12
120900103,40,137,-97
120900104,17,33,-16
120900105,21,189,-168
120900106,736,256,480
120900107,107,75,32
120900108,8,234,-226
120900109,32,302,-270
120900110,106,348,-242
120900111,123,181,-58
120900112,8,392,-384
120900113,6,403,-397
120900114,29,76,-47
120900115,129,227,-98
120900116,309,169,140
120900117,3,197,-194
120900118,6,356,-350
120900119,3988,2146,1842
120900120,42,207,-165
120900121,47,250,-203
120900122,306,205,101
120900123,9,146,-137
120900124,0,301,-301
120900125,8,275,-267
120900126,1130,579,551
120900127,4,182,-178
120900128,979,779,200
120900129,36,146,-110
120900130,1,123,-122
120900131,87,42,45
120900132,887,106,781
120900133,54,393,-339
120900134,637,223,414
120900135,6,253,-247
120900136,48,68,-20
120900137,150,29,121
120900138,16,122,-106
120900139,0,322,-322
120900140,5,47,-42
120900141,86,113,-27
120900142,16,200,-184
120900143,1,459,-458
120900144,1,71,-70
120900145,278,577,-299
120900146,3,481,-478
120900147,40,226,-186
120900148,56,88,-32
120900149,0,112,-112
120900150,57,366,-309
120900151,34,305,-271
120900152,150,19,131
120900153,61,47,14
120900154,0,108,-108
120900155,95,538,-443
120900156,200,192,8
120900157,65,160,-95
120900158,43,342,-299
120900159,217,206,11
120900160,32,455,-423
120900161,39,204,-165
120900162,80,359,-279
120900163,123,444,-321
120900164,1,74,-73
120900165,14,435,-421
120900166,57,258,-201
120900167,152,67,85
120900169,53,146,-93
120900170,503,2202,-1699
120900171,481,126,355
120900172,385,1054,-669
120900173,8,42,-34
120900174,2,72,-70
120900175,160,53,107
120900176,11,245,-234
120900177,4,952,-948
120900178,0,202,-202
120900179,527,276,251
120900180,44,131,-87
120900181,117,24,93
120900182,10,182,-172
120900183,341,23,318
120900184,150,24,126
120900185,13,121,-108
120900186,0,247,-247
120900187,344,646,-302
120900188,207,11,196
120900189,65,1257,-1192
120900190,54,3,51
120900191,11,6,5
120900192,4212,6108,-1896
120900194,55,52,3
120900195,50,145,-95
120900196,416,24,392
120900197,498,113,385
120900198,176,316,-140
120900199,238,339,-101
120900200,38,99,-61
120900201,287,69,218
120900202,0,88,-88
120900203,14,53,-39
120900204,87,142,-55
120900205,33,17,16
120900206,11,23,-12
120900207,49,603,-554
121000001,397,755,-358
121000002,1401,955,446
121000003,1888,1082,806
121000004,1490,2027,-537
121000005,1168,1619,-451
121000006,1729,1356,373
121000007,1464,2153,-689
121000008,2925,2537,388
121000009,2592,3600,-1008
121000010,4261,3366,895
121000011,3857,6225,-2368
121000012,7377,5167,2210
121000013,3392,4032,-640
121000014,3671,3238,433
121000015,2463,4769,-2306
121000016,2817,2131,686
121000017,1130,2013,-883
121000018,1246,1002,244
121000019,7574,6735,839
121000020,7307,11446,-4139
121000021,1520,1313,207
121000022,1528,1876,-348
121000023,1959,1509,450
121000024,2881,2883,-2
121000025,290,856,-566
121000026,258,137,121
121000027,879,800,79
121000028,458,276,182
121000029,518,392,126
121000030,441,218,223
121000031,389,411,-22
121000032,150,102,48
121000034,182,159,23
121000035,103,112,-9
121000036,621,550,71
121000037,394,413,-19
121000038,312,470,-158
121000039,155,175,-20
121000041,255,228,27
121000042,170,170,0
121000043,457,438,19
121000044,815,618,197
121000045,285,179,106
121000046,418,511,-93
121000047,197,190,7
121000049,885,389,496
121000050,220,830,-610
121000051,377,180,197
121000052,282,477,-195
121000053,221,65,156
121000054,25,257,-232
121000055,633,819,-186
121000056,546,607,-61
121000057,275,305,-30
121000058,178,164,14
121000059,1362,772,590
121000060,323,623,-300
121000061,74,191,-117
121000062,143,266,-123
121000063,564,564,0
121000064,428,587,-159
121000065,187,332,-145
121000066,501,368,133
121000067,308,320,-12
121000068,350,260,90
121000069,158,384,-226
121000070,1051,676,375
121000071,1021,931,90
121000072,1054,367,687
121000073,796,715,81
121000074,106,106,0
121000075,22,82,-60
121000076,314,147,167
121000077,88,85,3
121000078,85,79,6
121000080,964,349,615
121000081,1370,2183,-813
121000082,74,191,-117
121000083,102,96,6
121000084,121,129,-8
121000085,188,259,-71
121000086,228,456,-228
121000087,46,154,-108
121000088,302,392,-90
121000089,148,204,-56
121000090,186,213,-27
121000091,693,510,183
121000092,124,58,66
121000093,118,134,-16
121000094,272,388,-116
121000095,246,447,-201
121000096,1817,1340,477
121000097,376,1159,-783
121000098,397,502,-105
121000099,533,395,138
121000100,734,251,483
121000101,255,189,66
121000102,189,157,32
121000103,142,147,-5
121000104,185,76,109
121000105,271,116,155
121000106,197,152,45
121000107,1089,1733,-644
121000109,711,662,49
121000110,176,464,-288
121000114,1914,1361,553
121000115,855,444,411
121000116,203,601,-398
121000117,282,161,121
121000118,1041,144,897
121000119,207,229,-22
121000120,125,354,-229
121000121,347,846,-499
121000123,740,463,277
121000127,94,67,27
121000128,765,209,556
121000129,739,335,404
121000130,510,400,110
121000131,1072,1122,-50
121000132,788,1329,-541
121000135,97,202,-105
121000136,757,571,186
121000137,280,213,67
121000138,628,731,-103
121000139,419,256,163
121000141,122,72,50
121000142,332,523,-191
121000143,60,16,44
121000144,360,1046,-686
121000145,375,551,-176
121000146,930,845,85
121000147,644,331,313
121000148,581,626,-45
121000149,1265,852,413
121000152,281,270,11
121000153,1173,348,825
121000154,775,274,501
121000155,810,700,110
121000156,228,627,-399
121000157,503,808,-305
121000158,302,287,15
121000159,147,293,-146
121000160,228,222,6
121000161,156,189,-33
121000162,88,85,3
121000165,726,1309,-583
121000166,12,291,-279
121000168,275,135,140
121000169,50,89,-39
121000170,249,54,195
121000171,37,116,-79
121000172,502,311,191
121000173,758,699,59
121000174,298,340,-42
121000175,727,220,507
121000176,238,164,74
121000177,492,278,214
121000178,81,35,46
121000179,32,42,-10
121000181,322,272,50
121000182,80,216,-136
121000183,72,63,9
121000184,31,68,-37
121000185,36,144,-108
121000186,152,232,-80
121000187,88,85,3
121000188,134,60,74
121000192,537,268,269
121000193,371,322,49
121000194,1209,1231,-22
121000195,147,658,-511
121000196,367,169,198
121000197,127,374,-247
121000198,106,81,25
121000199,109,126,-17
121000200,388,56,332
121000201,1,114,-113
121000202,582,64,518
121000203,544,1248,-704
121000204,2041,385,1656
121000205,61,121,-60
121000206,79,26,53
121000207,1379,591,788
121000208,1,224,-223
121000209,288,116,172
121000210,512,208,304
121000211,232,69,163
121000212,362,227,135
121000213,6580,1677,4903
121000214,414,1088,-674
121000215,649,617,32
121000216,271,377,-106
121000217,2158,1929,229
121000218,263,1005,-742
121000219,898,354,544
121000220,110,23,87
121000221,63,189,-126
121000222,1517,1558,-41
121000223,222,406,-184
121000224,182,284,-102
121000225,717,1840,-1123
121000226,1396,883,513
121000227,25,94,-69
121000228,23,334,-311
121000229,223,248,-25
121000230,46,967,-921
121000231,740,31,709
121000232,280,169,111
121000233,434,202,232
121000234,24,24,0
121000235,41,70,-29
121000236,2,45,-43
121000237,29,6,23
121000238,5,59,-54
121000239,30,3,27
121000240,10,100,-90
121000241,69,6,63
121000242,40,526,-486
121000243,208,65,143
121000244,7,101,-94
121000245,49,18,31
121000246,3,81,-78
121000247,90,2,88
121000248,339,515,-176
121000249,66,120,-54
121000250,319,185,134
121000251,8,189,-181
121000252,61,42,19
121000253,264,192,72
121000254,518,130,388
121000255,119,184,-65
121000256,178,115,63
121000257,22,50,-28
121000258,99,65,34
121000259,28,36,-8
121000260,20,61,-41
121000261,48,46,2
121000262,565,290,275
121000263,354,328,26
121000271,258,833,-575
121000273,14,6,8
121000274,14,28,-14
121000275,0,11,-11
121000276,1,12,-11
121000278,51,8,43
121000279,9,25,-16
121000280,17,20,-3
121000289,198,23,175
121000290,698,591,107
121000294,117,47,70
121000297,356,814,-458
121000299,81,331,-250
121000300,450,281,169
121000302,20,478,-458
121000303,348,122,226
121000304,287,37,250
121000305,97,39,58
121000306,101,71,30
121000308,116,188,-72
121000309,168,239,-71
121000310,85,168,-83
121000311,66,332,-266
121000312,198,122,76
121000313,161,238,-77
121000314,43,76,-33
121000315,11,49,-38
121000530,1039,855,184
121000531,1225,972,253
121000532,3832,4798,-966
121000533,2016,2171,-155
121000918,32,90,-58
121000919,42,66,-24
121000938,39,190,-151
121000939,40,157,-117
121000956,1156,771,385
121000957,1,4,-3
121000958,17,16,1
121000959,681,434,247
121000960,897,1349,-452
121000961,233,39,194
121000962,308,352,-44
121000973,1,121,-120
121000976,7,118,-111
121000979,267,74,193
121000981,220,79,141
121000982,382,130,252
121000983,294,179,115
121000984,15,48,-33
121000985,581,207,374
121000986,209,72,137
121000987,188,420,-232
121000988,605,53,552
121001302,131,79,52
121001308,3,7,-4
121001309,15,202,-187
121001313,125,85,40
121001314,1059,1306,-247
121001315,3277,2004,1273
121001326,314,271,43
121900001,112,132,-20
121900002,32,16,16
121900003,302,5,297
121900004,56,172,-116
121900005,17,0,17
121900006,61,13,48
121900007,1065,970,95
121900008,102,79,23
121900009,196,6,190
121900010,151,1,150
121900011,96,102,-6
121900012,2,0,2
121900013,622,87,535
121900014,735,238,497
121900015,139,94,45
121900016,5,19,-14
121900017,550,255,295
121900018,268,5,263
121900019,300,125,175
121900020,11,1,10
121900021,643,17,626
121900022,175,156,19
121900023,90,151,-61
121900024,157,69,88
121900025,386,266,120
121900026,124,23,101
121900027,195,56,139
121900028,150,2,148
121900029,39,109,-70
121900030,310,426,-116
121900031,604,4095,-3491
121900032,66,24,42
121900033,119,192,-73
121900034,206,53,153
121900035,1309,1317,-8
121900036,45,215,-170
121900037,93,630,-537
121900038,21,54,-33
121900039,193,19,174
121900040,40,54,-14
121900041,78,155,-77
121900042,225,101,124
121900043,6,4,2
121900044,50,25,25
121900046,156,173,-17
121900047,95,50,45
121900048,8,36,-28
121900050,41,25,16
121900051,89,142,-53
121900052,98,18,80
121900053,284,186,98
121900054,261,516,-255
121900055,0,7,-7
121900058,141,66,75
121900059,219,124,95
121900060,89,228,-139
121900062,59,61,-2
121900063,1030,247,783
121900064,144,280,-136
121900066,38,14,24
121900067,44,13,31
121900069,102,53,49
121900070,108,71,37
121900071,310,165,145
121900072,52,67,-15
121900073,116,198,-82
121900074,336,549,-213
121900075,275,401,-126
121900076,331,306,25
121900078,28,13,15
121900079,0,0,0
121900080,471,201,270
121900082,40,57,-17
121900084,14,50,-36
121900086,6,45,-39
121900087,85,84,1
121900088,801,1171,-370
121900089,167,147,20
121900090,24,42,-18
121900091,44,52,-8
121900092,45,86,-41
121900093,50,63,-13
121900094,14,16,-2
121900095,202,89,113
121900096,592,543,49
121900097,398,103,295
121900098,2,0,2
121900099,106,26,80
121900100,83,267,-184
121900101,88,96,-8
121900102,1,67,-66
121900103,229,148,81
121900104,1207,281,926
121900105,201,141,60
121900106,0,2,-2
121900107,19,11,8
121900108,2,15,-13
121900109,147,98,49
121900110,368,361,7
121900111,534,110,424
121900112,102,93,9
121900113,55,258,-203
121900114,34,30,4
121900117,83,39,44
121900118,1016,457,559
121900119,139,59,80
121900120,43,679,-636
121900121,197,19,178
121900122,14,40,-26
121900123,134,206,-72
121900124,130,121,9
121900125,687,449,238
121900127,7,64,-57
121900128,35,52,-17
121900129,211,127,84
121900130,93,170,-77
121900131,186,66,120
121900132,19,34,-15
121900133,55,989,-934
121900134,15,118,-103
121900135,2060,271,1789
121900136,350,178,172
121900137,20,141,-121
121900138,57,55,2
121900139,168,615,-447
121900140,37,103,-66
121900141,63,19,44
121900142,92,63,29
121900143,14,82,-68
121900144,73,129,-56
121900145,138,159,-21
121900146,335,423,-88
121900147,91,111,-20
121900148,133,199,-66
121900149,170,292,-122
121900150,34,115,-81
121900151,52,161,-109
121900152,50,69,-19
121900153,35,375,-340
121900154,9,210,-201
121900155,0,64,-64
121900156,104,92,12
121900157,0,190,-190
121900158,51,65,-14
121900159,0,120,-120
121900160,2,194,-192
121900161,183,289,-106
121900162,64,99,-35
121900163,212,283,-71
121900164,234,110,124
121900165,186,98,88
121900166,99,123,-24
121900167,73,75,-2
121900168,86,135,-49
121900169,8,113,-105
121900170,10,145,-135
121900171,509,274,235
121900172,407,84,323
121900173,490,138,352
121900174,27,40,-13
121900175,108,117,-9
121900176,277,883,-606
121900177,120,43,77
121900178,36,25,11
121900179,375,129,246
121900180,1405,2612,-1207
121900182,431,262,169
121900183,495,719,-224
121900184,47,454,-407
121900186,19,300,-281
121900187,19,72,-53
121900188,272,191,81
121900189,18,45,-27
121900190,191,313,-122
121900191,50,216,-166
121900192,199,704,-505
121900193,25,96,-71
121900194,4,156,-152
121900195,23,41,-18
121900196,473,615,-142
121900197,269,857,-588
121900198,857,660,197
121900199,0,21,-21
121900200,50,153,-103
121900201,486,473,13
121900202,75,423,-348
121900203,65,488,-423
121900204,394,749,-355
121900205,11,65,-54
121900206,17,12,5
121900207,52,7,45
121900208,83,157,-74
121900209,40,32,8
121900210,739,659,80
121900211,320,341,-21
121900212,71,80,-9
121900213,163,25,138
121900214,5,302,-297
121900215,19,72,-53
121900216,22,118,-96
121900217,142,107,35
121900218,98,266,-168
121900220,48,8,40
121900221,160,291,-131
121900222,93,59,34
121900223,72,7,65
121900224,44,9,35
121900225,64,97,-33
121900226,120,66,54
121900227,159,328,-169
121900228,115,150,-35
121900230,60,120,-60
121900231,91,338,-247
121900232,105,172,-67
121900233,96,99,-3
121900234,195,72,123
121900235,316,80,236
121900236,235,100,135
121900237,125,247,-122
121900238,117,139,-22
121900239,143,17,126
121900240,170,80,90
121900241,57,40,17
121900242,1,0,1
121900243,7,0,7
121900244,7,2,5
121900245,124,41,83
121900246,1892,106,1786
121900248,671,676,-5
121900250,101,200,-99
121900251,300,17,283
121900252,218,76,142
121900253,74,536,-462
121900254,249,202,47
121900255,215,45,170
121900258,2281,1207,1074
121900259,192,395,-203
121900260,43,62,-19
121900261,112,343,-231
121900262,263,545,-282
121900263,197,153,44
121900264,719,690,29
121900265,221,137,84
121900266,405,70,335
121900267,40,29,11
121900269,96,447,-351
121900270,18,134,-116
121900271,27,78,-51
121900273,278,1023,-745
121900274,190,103,87
121900277,301,617,-316
121900278,62,563,-501
121900279,71,100,-29
121900280,52,225,-173
121900281,93,126,-33
121900284,59,3,56
121900286,105,44,61
121900287,6,16,-10
121900288,2,0,2
121900290,187,404,-217
121900291,262,520,-258
121900292,80,87,-7
121900293,650,1944,-1294
121900294,125,0,125
121900295,94,113,-19
121900296,41,62,-21
121900298,160,599,-439
121900299,0,4,-4
121900300,51,12,39
121900301,75,3,72
121900302,5,51,-46
121900303,196,165,31
121900304,2,7,-5
121900305,5,8,-3
121900306,164,0,164
121900307,71,4,67
121900308,17,139,-122
121900309,1,104,-103
121900310,17,169,-152
121900311,349,16,333
121900312,225,4,221
121900313,251,11,240
121900314,1,24,-23
121900315,17,0,17
121900316,0,11,-11
121900317,9,2,7
121900318,2,5,-3
121900319,47,92,-45
121900320,32,38,-6
121900321,22,0,22
121900322,3,12,-9
121900323,24,23,1
121900324,2,23,-21
121900325,18,0,18
121900326,2,12,-10
121900327,1,30,-29
121900328,0,13,-13
121900329,8,90,-82
121900330,0,70,-70
121900331,3,22,-19
121900332,42,6,36
121900333,19,1,18
121900334,74,46,28
122000001,949,3409,-2460
122000002,1952,899,1053
122000003,945,1932,-987
122000004,1649,896,753
122000005,1895,1287,608
122000006,863,766,97
122000007,504,1060,-556
122000008,1258,2425,-1167
122000009,305,304,1
122000010,1383,1715,-332
122000011,2349,1103,1246
122000012,691,1397,-706
122000013,495,729,-234
122000014,1491,758,733
122000015,741,577,164
122000016,333,520,-187
122000017,596,666,-70
122000018,1025,926,99
122000019,537,770,-233
122000020,114,194,-80
122000021,110,298,-188
122000022,681,688,-7
122000023,560,892,-332
122000024,417,1170,-753
122000025,583,1399,-816
122000026,423,998,-575
122000027,395,871,-476
122000028,519,339,180
122000029,222,293,-71
122000030,133,96,37
122000031,98,258,-160
122000032,1567,1232,335
122000033,300,1260,-960
122000034,301,418,-117
122000035,129,444,-315
122000036,332,292,40
122000037,207,141,66
122000038,153,208,-55
122000039,487,350,137
122000040,150,189,-39
122000041,292,395,-103
122000042,216,273,-57
122000043,71,75,-4
122000044,64,72,-8
122000045,958,422,536
122000046,505,415,90
122000047,89,111,-22
122000048,2001,2536,-535
122000049,3399,2021,1378
122000050,744,503,241
122000051,119,275,-156
122000052,312,272,40
122000053,143,622,-479
122000054,1238,1228,10
122000055,1209,2546,-1337
122000056,2228,2218,10
122000057,1864,2612,-748
122000058,961,1322,-361
122000059,1021,1878,-857
122000060,258,608,-350
122000061,192,377,-185
122000062,438,205,233
122000063,485,620,-135
122000064,1820,2672,-852
122000065,1826,1351,475
122000066,268,324,-56
122000067,922,782,140
122000068,898,630,268
122000069,679,595,84
122000070,497,677,-180
122000071,1112,762,350
122000072,286,390,-104
122000073,213,583,-370
122000074,1860,1060,800
122000075,481,826,-345
122000076,2907,1014,1893
122000077,511,931,-420
122000078,831,2561,-1730
122000079,387,1206,-819
122000080,365,350,15
122000081,119,119,0
122000082,271,923,-652
122000083,1280,818,462
122000084,1234,529,705
122000085,167,475,-308
122000086,1308,3068,-1760
122000087,169,141,28
122000088,119,217,-98
122000089,2798,1319,1479
122000090,72,336,-264
122000091,71,71,0
122000092,60,12,48
122000093,1170,1669,-499
122000094,2939,1523,1416
122000095,685,2066,-1381
122000096,576,1025,-449
122000098,1410,1959,-549
122000099,890,530,360
122000100,510,357,153
122000101,254,332,-78
122000102,1153,742,411
122000103,1146,1047,99
122000104,435,118,317
122000105,331,184,147
122000106,232,537,-305
122000107,709,284,425
122000108,244,499,-255
122000109,249,200,49
122000110,299,394,-95
122000111,1790,950,840
122000112,806,813,-7
122000113,468,478,-10
122000114,1396,1253,143
122000115,1134,797,337
122000116,282,400,-118
122000117,974,269,705
122000118,327,405,-78
122000119,1307,1040,267
122000120,830,1833,-1003
122000121,708,1715,-1007
122000122,428,808,-380
122000123,910,971,-61
122000124,472,370,102
122000125,344,389,-45
122000126,246,471,-225
122000127,445,604,-159
122000128,257,331,-74
122000129,351,1038,-687
122000130,1724,882,842
122000131,591,575,16
122000132,146,274,-128
122000133,586,701,-115
122000134,602,457,145
122000135,403,455,-52
122000136,479,426,53
122000137,902,534,368
122000139,615,1811,-1196
122000140,456,388,68
122000141,2111,644,1467
122000142,157,555,-398
122000143,193,239,-46
122000144,675,538,137
122000145,545,514,31
122000146,580,804,-224
122000147,331,260,71
122000148,852,1180,-328
122000149,1160,959,201
122000150,770,608,162
122000151,86,249,-163
122000152,150,222,-72
122000153,226,163,63
122000154,148,166,-18
122000155,1059,1447,-388
122000156,1550,1821,-271
122000157,683,1671,-988
122000158,178,354,-176
122000159,365,732,-367
122000160,1355,1261,94
122000161,666,584,82
122000162,815,1013,-198
122000163,148,47,101
122000164,23,73,-50
122000165,507,470,37
122000166,554,838,-284
122000167,154,141,13
122000168,114,409,-295
122000169,230,166,64
122000170,211,148,63
122000171,26,53,-27
122000172,1027,699,328
122000173,792,1456,-664
122000174,1345,710,635
122000175,459,219,240
122000176,251,540,-289
122000177,784,1040,-256
122000178,1947,1549,398
122000179,1070,1496,-426
122000180,888,855,33
122000181,901,1632,-731
122000182,806,745,61
122000183,1245,635,610
122000184,1615,1531,84
122000185,747,1324,-577
122000186,301,684,-383
122000187,1152,659,493
122000188,247,165,82
122000189,154,219,-65
122000190,489,837,-348
122000191,490,426,64
122000192,697,295,402
122000193,276,470,-194
122000194,317,148,169
122000195,115,318,-203
122000196,572,521,51
122000197,342,507,-165
122000198,314,767,-453
122000199,197,226,-29
122000200,646,430,216
122000201,747,1045,-298
122000202,817,1157,-340
122000203,1594,910,684
122000204,735,1044,-309
122000205,662,776,-114
122000206,1674,566,1108
122000207,1474,872,602
122000208,1368,1007,361
122000209,1109,286,823
122000210,1160,1017,143
122000211,733,772,-39
122000212,494,369,125
122000213,578,900,-322
122000214,1208,1193,15
122000215,1320,1015,305
122000217,1040,955,85
122000218,532,49,483
122000219,602,542,60
122000220,199,414,-215
122000221,58,306,-248
122000222,417,134,283
122000223,756,400,356
122000225,449,255,194
122000226,934,864,70
122000227,159,1239,-1080
122000228,186,246,-60
122000229,47,333,-286
122000230,105,230,-125
122000231,372,486,-114
122000232,426,496,-70
122000233,0,48,-48
122000234,301,70,231
122000235,511,95,416
122000236,743,50,693
122000237,80,52,28
122000238,243,232,11
122000239,622,141,481
122000240,821,412,409
122000241,1128,293,835
122000242,384,52,332
122000243,152,50,102
122000244,72,179,-107
122000245,104,103,1
122000246,280,100,180
122000247,395,342,53
122000248,653,766,-113
122000249,807,594,213
122000250,1305,682,623
122000251,106,312,-206
122000252,279,93,186
122000253,34,120,-86
122000254,139,51,88
122000255,534,715,-181
122000256,193,365,-172
122000257,153,142,11
122000258,165,136,29
122000259,19,295,-276
122000260,152,428,-276
122000261,8,182,-174
122000262,0,30,-30
122000263,194,190,4
122000264,989,277,712
122000265,1628,633,995
122000266,2521,456,2065
122000267,157,111,46
122000268,86,265,-179
122000269,531,229,302
122000270,333,144,189
122000271,186,635,-449
122000272,232,551,-319
122000273,249,204,45
122000274,126,138,-12
122000275,159,137,22
122000276,402,276,126
122000277,728,888,-160
122000278,1141,420,721
122000279,147,238,-91
122000280,471,302,169
122000281,503,482,21
122000282,215,248,-33
122000283,240,87,153
122000284,178,59,119
122000285,260,64,196
122000286,49,113,-64
122000287,857,895,-38
122000288,295,199,96
122000291,1378,437,941
122000293,177,142,35
122000294,98,180,-82
122000295,871,114,757
122000296,42,386,-344
122000297,1252,2253,-1001
122000299,309,175,134
122000300,348,372,-24
122000301,4846,1972,2874
122000302,330,890,-560
122000303,1765,808,957
122000304,61,109,-48
122000305,753,335,418
122000306,31,298,-267
122000307,79,100,-21
122000309,61,42,19
122000310,15,68,-53
122000311,105,82,23
122000312,79,167,-88
122000313,97,49,48
122000314,82,192,-110
122000315,219,59,160
122000316,474,120,354
122000317,1068,212,856
122000318,129,248,-119
122000319,103,174,-71
122000320,188,618,-430
122000321,40,114,-74
122000322,1048,1489,-441
122000323,658,1550,-892
122000324,822,959,-137
122000325,738,1682,-944
122000326,79,76,3
122000327,208,413,-205
122000328,404,303,101
122000330,933,462,471
122000333,14,71,-57
122000337,739,541,198
122000338,253,163,90
122000340,188,550,-362
122000342,960,535,425
122000343,322,478,-156
122000344,66,17,49
122000345,137,40,97
122000346,233,228,5
122000348,374,338,36
122000349,47,244,-197
122000351,127,137,-10
122000352,245,143,102
122000353,59,78,-19
122000355,140,194,-54
122000356,657,736,-79
122000357,68,32,36
122000358,0,32,-32
122000359,0,11,-11
122000360,0,34,-34
122000362,7,24,-17
122000364,107,190,-83
122000365,4,26,-22
122000366,9,4,5
122000368,271,418,-147
122000370,13,21,-8
122000371,18,2,16
122000372,10,2,8
122000381,78,215,-137
122000382,95,199,-104
122000384,1271,712,559
122000385,54,0,54
122000386,172,752,-580
122000387,272,487,-215
122000388,663,542,121
122000389,105,504,-399
122000390,245,183,62
122000391,176,271,-95
122000392,109,113,-4
122000393,232,217,15
122000394,334,132,202
122000395,94,84,10
122000396,197,64,133
122000397,20,29,-9
122000398,19,44,-25
122000399,108,57,51
122000400,52,424,-372
122000401,93,56,37
122000402,215,115,100
122000403,263,399,-136
122000404,92,94,-2
122000408,364,586,-222
122000503,9,53,-44
122000524,108,70,38
122000544,53,1390,-1337
122000614,291,297,-6
122000616,131,2,129
122000640,52,57,-5
122000641,98,154,-56
122000642,785,537,248
122000643,31,109,-78
122000644,61,12,49
122000645,93,117,-24
122000651,533,866,-333
122000664,79,8,71
122000665,768,330,438
122000666,460,718,-258
122000673,30,117,-87
122000674,141,45,96
122000675,1217,435,782
122000686,250,597,-347
122000687,998,302,696
122000688,137,260,-123
122000689,628,207,421
122000690,1619,191,1428
122000691,653,747,-94
122000692,776,217,559
122000693,218,737,-519
122000695,252,177,75
122000696,281,107,174
122000698,259,295,-36
122000699,113,42,71
122000701,1023,185,838
122000702,282,571,-289
122000703,101,47,54
122000717,41,31,10
122000718,324,1151,-827
122000719,89,45,44
122000720,431,114,317
122000724,240,183,57
122900001,13,9,4
122900002,559,3284,-2725
122900003,262,26,236
122900004,748,27,721
122900005,57,38,19
122900006,315,311,4
122900007,95,87,8
122900008,228,68,160
122900009,286,222,64
122900010,108,84,24
122900012,153,249,-96
122900014,96,141,-45
122900015,548,568,-20
122900016,90,139,-49
122900017,187,398,-211
122900018,110,7,103
122900020,97,255,-158
122900021,73,217,-144
122900022,647,497,150
122900023,211,89,122
122900024,60,85,-25
122900025,10,190,-180
122900026,12,165,-153
122900027,22,330,-308
122900028,109,82,27
122900029,2844,1788,1056
122900030,670,384,286
122900031,26,184,-158
122900032,56,270,-214
122900033,194,122,72
122900034,2730,3225,-495
122900035,14,8,6
122900036,39,26,13
122900037,201,51,150
122900038,53,1676,-1623
122900039,70,304,-234
122900040,155,268,-113
122900041,249,191,58
122900042,81,212,-131
122900043,188,162,26
122900044,77,220,-143
122900045,72,70,2
122900046,118,130,-12
122900047,108,131,-23
122900048,24,128,-104
122900049,879,74,805
122900051,62,100,-38
122900052,134,128,6
122900053,16,27,-11
122900055,215,52,163
122900057,113,38,75
122900061,307,126,181
122900062,298,368,-70
122900063,124,112,12
122900064,568,243,325
122900065,387,163,224
122900066,410,241,169
122900067,682,369,313
122900069,442,681,-239
122900070,208,36,172
122900071,69,197,-128
122900073,15,121,-106
122900074,453,241,212
122900075,0,32,-32
122900076,7,122,-115
122900077,4,67,-63
122900078,99,44,55
122900080,33,46,-13
122900081,126,87,39
122900082,682,171,511
122900083,91,121,-30
122900084,2,75,-73
122900086,4,69,-65
122900087,262,245,17
122900088,29,205,-176
122900089,138,151,-13
122900090,6,218,-212
122900091,189,3,186
122900092,0,52,-52
122900093,0,123,-123
122900094,0,80,-80
122900095,85,6,79
122900096,193,84,109
122900097,27,27,0
122900098,57,56,1
122900099,58,5,53
122900100,73,294,-221
122900101,220,160,60
122900102,23,14,9
122900103,100,2,98
122900104,176,2,174
122900105,7,4,3
122900106,2,23,-21
122900107,1,66,-65
122900108,0,77,-77
122900109,135,57,78
123000001,678,329,349
123000002,2020,3812,-1792
123000003,2439,2762,-323
123000004,2125,2601,-476
123000005,1793,1803,-10
123000006,1460,1540,-80
123000007,3121,1939,1182
123000008,2079,2061,18
123000009,3202,2012,1190
123000010,2318,2589,-271
123000011,1231,685,546
123000012,516,1555,-1039
123000013,2339,633,1706
123000014,580,1976,-1396
123000015,1355,705,650
123000016,1933,2269,-336
123000017,2260,1279,981
123000018,39,58,-19
123000019,297,83,214
123000020,195,44,151
123000021,75,127,-52
123000022,190,1207,-1017
123000023,1279,1277,2
123000024,1111,475,636
123000025,252,84,168
123000026,20,56,-36
123000027,91,360,-269
123000028,1040,549,491
123000029,678,719,-41
123000030,151,126,25
123000031,201,117,84
123000032,300,77,223
123000033,198,58,140
123000034,773,498,275
123000035,243,266,-23
123000036,172,689,-517
123000037,175,179,-4
123000038,35,166,-131
123000039,295,1013,-718
123000040,418,181,237
123000041,681,881,-200
123000042,697,512,185
123000043,965,4494,-3529
123000044,2049,1484,565
123000045,2277,1291,986
123000046,372,1021,-649
123000047,1006,619,387
123000048,27,569,-542
123000049,3238,6289,-3051
123000050,920,1047,-127
123000051,69,174,-105
123000052,477,2044,-1567
123000053,1489,1800,-311
123000054,901,852,49
123000055,886,1799,-913
123000056,750,903,-153
123000057,3856,2998,858
123000058,688,1256,-568
123000059,311,335,-24
123000060,627,414,213
123000061,251,421,-170
123000063,516,652,-136
123000064,622,177,445
123000065,2986,1230,1756
123000066,318,341,-23
123000067,542,312,230
123000068,1434,1587,-153
123000069,3277,1613,1664
123000070,173,319,-146
123000071,766,450,316
123000072,771,438,333
123000073,1079,490,589
123000074,665,552,113
123000075,228,698,-470
123000076,414,289,125
123000077,1336,1231,105
123000078,1296,970,326
123000079,1206,1057,149
123000080,1398,827,571
123000081,85,197,-112
123000082,206,551,-345
123000083,407,165,242
123000084,453,293,160
123000085,366,91,275
123000086,328,64,264
123000087,418,105,313
123000088,1413,502,911
123000089,456,684,-228
123000090,935,525,410
123000091,976,907,69
123000092,640,718,-78
123000094,284,119,165
123000095,415,527,-112
123000096,562,257,305
123000097,374,387,-13
123000098,590,330,260
123000099,488,378,110
123000100,331,533,-202
123000101,342,436,-94
123000102,383,513,-130
123000104,269,330,-61
123000105,279,256,23
123000106,331,269,62
123000107,207,254,-47
123000108,471,580,-109
123000111,574,234,340
123000112,770,275,495
123000113,222,325,-103
123000114,248,430,-182
123000115,207,173,34
123000116,39,57,-18
123000117,1174,774,400
123000118,259,424,-165
123000119,213,485,-272
123000120,279,375,-96
123000121,356,359,-3
123000122,237,193,44
123000123,367,319,48
123000124,290,301,-11
123000125,678,422,256
123000126,1141,4056,-2915
123000127,405,325,80
123000128,163,143,20
123000129,447,134,313
123000130,477,60,417
123000131,766,662,104
123000132,156,276,-120
123000133,109,156,-47
123000134,146,86,60
123000135,1004,464,540
123000136,122,356,-234
123000137,61,111,-50
123000138,69,175,-106
123000139,401,59,342
123000140,40,324,-284
123000141,435,97,338
123000142,539,612,-73
123000143,791,974,-183
123000144,23,20,3
123000145,117,175,-58
123000146,11,73,-62
123000147,45,72,-27
123000149,218,181,37
123000150,102,150,-48
123000151,144,304,-160
123000152,58,339,-281
123000153,121,453,-332
123000154,847,1197,-350
123000155,1339,826,513
123000156,7,61,-54
123000157,435,473,-38
123000158,297,418,-121
123000159,1834,1482,352
123000160,933,905,28
123000161,999,634,365
123000162,910,901,9
123000163,337,305,32
123000164,1104,220,884
123000165,317,712,-395
123000166,41,80,-39
123000167,105,144,-39
123000168,186,136,50
123000169,611,94,517
123000170,106,55,51
123000171,512,22,490
123000172,110,249,-139
123000173,284,156,128
123000174,648,227,421
123000175,376,497,-121
123000176,569,151,418
123000177,203,415,-212
123000178,496,95,401
123000179,54,241,-187
123000180,1137,207,930
123000181,187,649,-462
123000182,140,116,24
123000183,118,369,-251
123000185,496,217,279
123000186,0,285,-285
123000187,423,3,420
123000188,212,0,212
123000189,40,125,-85
123000190,36,194,-158
123000192,39,194,-155
123000193,91,523,-432
123000194,253,184,69
123000195,304,56,248
123000196,218,85,133
123000197,110,63,47
123000198,22,502,-480
123000199,39,680,-641
123000200,219,5,214
123000201,711,25,686
123000202,29,482,-453
123000203,663,54,609
123000204,50,509,-459
123000205,310,725,-415
123000206,1541,173,1368
123000207,154,595,-441
123000208,576,162,414
123000209,1463,471,992
123000210,284,1056,-772
123000211,349,1124,-775
123000212,2006,352,1654
123000213,436,95,341
123000215,45,160,-115
123000216,113,547,-434
123000217,117,18,99
123000218,42,338,-296
123000219,416,41,375
123000220,336,58,278
123000221,176,34,142
123000222,207,151,56
123000223,274,115,159
123000224,330,156,174
123000225,227,40,187
123000226,51,259,-208
123000227,49,162,-113
123000228,218,36,182
123000229,623,703,-80
123000232,100,343,-243
123000233,548,96,452
123000234,75,305,-230
123000235,752,178,574
123000236,96,354,-258
123000237,213,66,147
123000238,47,242,-195
123000239,261,584,-323
123000240,38,381,-343
123000241,209,50,159
123000242,68,97,-29
123000243,630,656,-26
123000244,701,551,150
123000245,27,99,-72
123000249,298,353,-55
123000252,652,177,475
123000253,850,290,560
123000254,493,538,-45
123000255,749,583,166
123000256,27,84,-57
123000257,947,769,178
123000258,911,647,264
123000259,301,249,52
123000260,303,197,106
123000261,176,55,121
123000262,82,99,-17
123000263,318,61,257
123000264,109,61,48
123000265,25,104,-79
123000266,367,390,-23
123000267,382,218,164
123000268,41,37,4
123000269,49,47,2
123000270,26,60,-34
123000271,41,42,-1
123000272,496,274,222
123000273,184,518,-334
123000274,810,341,469
123000275,158,427,-269
123000278,1339,1470,-131
123000279,85,29,56
123000280,264,233,31
123000281,178,58,120
123000282,68,183,-115
123000283,89,43,46
123000284,46,47,-1
123000286,124,249,-125
123000287,390,170,220
123000288,969,674,295
123000289,263,866,-603
123000291,170,526,-356
123000294,148,178,-30
123000295,687,720,-33
123000296,598,355,243
123000297,539,365,174
123000298,421,136,285
123000299,175,181,-6
123000300,1081,789,292
123000301,104,207,-103
123000302,48,61,-13
123000303,67,122,-55
123000305,464,492,-28
123000306,126,82,44
123000309,20,45,-25
123000310,49,33,16
123000311,67,76,-9
123000312,378,419,-41
123000313,400,224,176
123000315,87,147,-60
123000316,540,261,279
123000317,140,58,82
123000318,39,153,-114
123000329,6,13,-7
123000337,531,509,22
123000338,224,143,81
123000339,207,91,116
123000340,95,190,-95
123000342,43,40,3
123000343,24,8,16
123000344,665,237,428
123000345,284,353,-69
123000346,284,45,239
123000352,747,480,267
123000353,33,82,-49
123000354,397,4,393
123000355,1,330,-329
123000356,238,4,234
123000357,2,55,-53
123000359,21,79,-58
123000360,161,57,104
123000361,133,152,-19
123000362,243,42,201
123000363,43,78,-35
123000364,315,311,4
123000365,22,264,-242
123000366,250,1265,-1015
123000367,684,768,-84
123000370,37,430,-393
123000371,456,51,405
123000372,191,25,166
123000373,7,156,-149
123000374,27,69,-42
123000375,242,33,209
123000376,643,456,187
123000377,231,4,227
123000378,12,140,-128
123000379,3,112,-109
123000380,21,216,-195
123000381,55,76,-21
123000382,414,82,332
123000383,51,633,-582
123000384,300,80,220
123000385,56,281,-225
123000436,20,683,-663
123000507,54,123,-69
123000508,112,658,-546
123000517,137,22,115
123000518,18,141,-123
123000519,104,55,49
123000520,20,149,-129
123000521,251,92,159
123000522,86,255,-169
123000541,6,3,3
123000542,0,9,-9
123000565,673,34,639
123000566,240,286,-46
123000567,57,117,-60
123000573,27,353,-326
123000574,430,46,384
123000575,848,441,407
123000576,509,653,-144
123000577,27,359,-332
123000578,248,55,193
123000579,862,3837,-2975
123000580,91,28,63
123000582,254,26,228
123000583,9,154,-145
123000584,97,158,-61
123000585,0,78,-78
123000586,63,16,47
123000596,64,61,3
123000597,51,156,-105
123000602,46,10,36
123000603,648,288,360
123000604,437,288,149
123000605,460,11,449
123000606,0,281,-281
123000609,16,144,-128
123000610,88,87,1
123000613,34,101,-67
123000614,160,23,137
123000615,43,116,-73
123000616,429,33,396
123000617,62,161,-99
123000618,27,348,-321
123000619,280,27,253
123000620,28,182,-154
123000622,228,8,220
123000624,104,50,54
123000630,1051,255,796
123000631,138,601,-463
123000632,602,533,69
123000633,0,139,-139
123000634,46,103,-57
123000635,56,59,-3
123000636,33,228,-195
123000637,101,25,76
123000638,312,15,297
123000639,471,2531,-2060
123000640,23,257,-234
123000648,751,101,650
123000649,161,471,-310
123000650,80,46,34
123000651,25,157,-132
123000652,239,18,221
123000653,50,100,-50
123000654,43,93,-50
123900001,669,36,633
123900002,23,941,-918
123900003,116,197,-81
123900005,186,106,80
123900006,195,30,165
124000001,1363,111,1252
124000002,11,442,-431
124000003,704,116,588
124000004,41,247,-206
124000005,720,321,399
124000006,138,484,-346
124000007,276,82,194
124000008,14,251,-237
124000009,501,155,346
124000010,135,222,-87
124000011,609,212,397
124000012,159,202,-43
124000017,111,107,4
124000018,63,32,31
124000019,91,81,10
124000020,77,61,16
124000021,70,65,5
124000022,54,85,-31
124000023,498,150,348
124000024,806,214,592
124000025,516,334,182
124000026,435,201,234
124000027,879,570,309
124000028,1096,393,703
124000031,1034,2147,-1113
124000032,1040,553,487
124000033,656,400,256
124000034,319,579,-260
124000035,256,115,141
124000036,99,334,-235
124000037,270,679,-409
124000038,33,51,-18
124000039,534,311,223
124000040,307,634,-327
124000041,313,151,162
124000042,81,337,-256
124000043,72,209,-137
124000044,67,96,-29
124000045,584,319,265
124000046,154,347,-193
124000047,1058,550,508
124000048,520,489,31
124000049,1107,440,667
124000050,576,746,-170
124000051,651,335,316
124000052,375,432,-57
124000053,366,1117,-751
124000054,516,271,245
124000055,919,1951,-1032
124000056,1142,820,322
124000057,763,380,383
124000058,321,711,-390
124000059,383,753,-370
124000060,532,383,149
124000061,890,4004,-3114
124000062,2805,1000,1805
124000063,826,844,-18
124000064,1089,683,406
124000065,74,405,-331
124000066,174,92,82
124000067,158,125,33
124000068,57,90,-33
124000069,632,128,504
124000070,197,344,-147
124000071,486,187,299
124000072,230,317,-87
124000073,676,141,535
124000074,193,359,-166
124000075,213,15,198
124000076,7,82,-75
124000077,960,456,504
124000078,1726,729,997
124000079,218,620,-402
124000080,407,131,276
124000081,166,266,-100
124000082,35,115,-80
124000083,39,55,-16
124000084,66,440,-374
124000085,65,27,38
124000086,16,82,-66
124000087,143,126,17
124000088,45,228,-183
124000089,632,180,452
124000090,72,163,-91
124000091,428,95,333
124000092,93,333,-240
124000093,75,64,11
124000094,58,219,-161
124000095,87,85,2
124000096,72,112,-40
124000097,73,91,-18
124000098,34,46,-12
124000099,170,68,102
124000100,24,69,-45
124000101,71,102,-31
124000102,86,27,59
124000103,121,83,38
124000104,80,32,48
124000105,84,85,-1
124000106,88,28,60
124000107,10,122,-112
124000108,24,26,-2
124000109,126,108,18
124000110,134,61,73
124000111,165,110,55
124000112,492,411,81
124000113,78,66,12
124000114,257,215,42
124000115,236,332,-96
124000116,75,127,-52
124000117,28,62,-34
124000118,33,72,-39
124000119,431,241,190
124000120,262,276,-14
124000121,1244,599,645
124000122,330,770,-440
124000123,613,296,317
124000124,268,599,-331
124000125,264,356,-92
124000126,248,357,-109
124000127,625,231,394
124000128,301,531,-230
124000129,1434,998,436
124000130,536,369,167
124000131,676,355,321
124000132,551,508,43
124000133,752,515,237
124000134,562,371,191
124000135,1123,1163,-40
124000136,430,536,-106
124000137,621,416,205
124000138,609,663,-54
124000139,499,51,448
124000140,54,341,-287
124000141,494,27,467
124000142,36,255,-219
124000143,105,8,97
124000144,10,99,-89
124000145,104,31,73
124000146,20,41,-21
124000148,41,85,-44
124000149,888,302,586
124000150,211,372,-161
124000151,722,210,512
124000152,434,632,-198
124000153,479,456,23
124000154,204,355,-151
124000155,928,683,245
124000156,806,587,219
124000169,135,265,-130
124000170,282,252,30
124000171,148,166,-18
124000172,170,264,-94
124000173,325,138,187
124000174,268,288,-20
124000175,2,46,-44
124000176,51,31,20
124000177,2,49,-47
124000178,38,37,1
124000185,36,15,21
124000186,0,24,-24
124000187,3,23,-20
124000188,68,7,61
124000190,69,44,25
124000191,65,196,-131
124000192,642,277,365
124000193,189,477,-288
124000194,245,222,23
124000195,233,403,-170
124000196,574,493,81
124000197,42,26,16
124000198,31,43,-12
124000201,235,394,-159
124000202,486,243,243
124000203,366,238,128
124000204,703,189,514
124000205,92,244,-152
124000206,737,199,538
124000207,0,18,-18
124000209,121,142,-21
124000210,382,63,319
124000211,493,5,488
124000212,0,243,-243
124000213,390,159,231
124000214,293,218,75
124000215,437,36,401
124000216,7,210,-203
124000329,94,667,-573
124000338,63,354,-291
124000339,766,89,677
124000341,1187,62,1125
124000344,30,1,29
124000357,1254,2268,-1014
124000358,1180,1847,-667
124000359,930,461,469
124000360,602,299,303
124000361,1061,562,499
124000362,521,667,-146
124000363,183,226,-43
124000364,409,461,-52
124000365,491,613,-122
124000366,1049,942,107
124000367,102,274,-172
124000368,311,356,-45
124000369,54,56,-2
124000370,28,259,-231
124000402,22,23,-1
124000403,91,17,74
124000404,5,36,-31
124000405,601,520,81
124000406,530,443,87
124000407,3,26,-23
124000411,4,146,-142
124000412,243,2,241
124000413,93,30,63
124000414,71,98,-27
124000415,46,62,-16
124000416,96,122,-26
124000417,115,90,25
124000418,197,91,106
124000419,85,55,30
124000420,71,80,-9
124000421,54,55,-1
124000422,9,8,1
124000423,48,15,33
124000424,3,69,-66
124000425,80,14,66
124000426,2,74,-72
124000427,99,7,92
124000428,8,56,-48
124000429,57,47,10
124000430,550,250,300
124000431,416,266,150
124000432,196,398,-202
124000439,37,2,35
124000443,1,27,-26
124000445,329,948,-619
124000446,623,134,489
124000447,6,101,-95
124000448,85,4,81
124000449,132,22,110
124000450,14,70,-56
124000451,1,25,-24
124000452,266,62,204
124000453,1814,2605,-791
124000454,1303,2997,-1694
124000455,8,473,-465
124000456,312,6,306
124000457,2,119,-117
124000458,4,101,-97
124000459,144,1,143
124000460,5,70,-65
124900001,590,330,260
124900002,109,118,-9
124900003,887,454,433
124900004,565,275,290
124900005,110,56,54
124900006,632,242,390
124900008,734,356,378
124900009,159,270,-111
124900010,149,289,-140
124900011,296,235,61
124900012,314,97,217
124900013,422,134,288
124900014,337,50,287
124900015,56,223,-167
124900016,43,50,-7
124900017,332,1480,-1148
124900018,44,37,7
124900020,70,35,35
124900021,250,21,229
124900022,46,10,36
124900024,269,2,267
124900026,144,9,135
124900027,98,281,-183
124900028,142,45,97
124900029,19,344,-325
124900030,0,31,-31
124900031,10,122,-112
124900032,89,164,-75
124900033,68,131,-63
124900034,3,55,-52
124900035,64,201,-137
124900036,0,40,-40
124900037,86,109,-23
124900038,170,182,-12
124900039,4,47,-43
124900040,115,48,67
124900041,234,499,-265
124900042,82,1,81
124900043,399,488,-89
124900044,87,2,85
124900045,289,732,-443
124900047,84,85,-1
124900048,118,47,71
124900050,92,90,2
124900052,117,232,-115
124900053,130,164,-34
124900054,973,340,633
124900055,0,127,-127
124900057,7,205,-198
124900060,45,150,-105
124900061,93,13,80
124900062,155,21,134
124900066,0,4,-4
124900067,8,72,-64
124900068,122,302,-180
124900070,33,13,20
124900072,54,34,20
124900075,180,161,19
124900076,29,915,-886
124900077,19,86,-67
124900078,46,12,34
124900079,275,135,140
124900080,229,279,-50
124900081,803,240,563
124900082,269,475,-206
124900083,238,245,-7
124900085,600,326,274
124900086,28,813,-785
124900087,352,74,278
124900088,244,66,178
124900089,572,23,549
124900090,273,166,107
124900091,238,127,111
124900092,169,110,59
124900093,246,125,121
124900094,318,154,164
124900095,80,287,-207
124900096,273,205,68
124900097,274,42,232
124900098,65,152,-87
124900099,240,317,-77
124900100,165,37,128
124900101,44,281,-237
124900102,199,8,191
124900103,85,84,1
124900104,28,81,-53
124900105,71,61,10
124900106,223,18,205
124900107,69,16,53
124900108,72,57,15
124900111,0,79,-79
124900112,64,167,-103
124900113,58,129,-71
124900114,104,65,39
124900115,67,32,35
124900116,176,121,55
124900117,151,81,70
124900118,121,322,-201
124900119,211,147,64
124900120,71,189,-118
124900121,66,243,-177
124900122,151,119,32
124900123,238,71,167
124900124,134,161,-27
124900125,499,1,498
124900126,3,173,-170
204000001,90,5,85
204000002,18,5,13
204000003,10,1,9
204000004,0,1,-1
204000005,616,484,132
204000006,952,1054,-102
204000011,16,25,-9
204000012,36,69,-33
204000019,616,330,286
204000020,491,448,43
204000021,1121,570,551
204000022,502,335,167
204000023,484,388,96
204000031,48,5,43
204000032,292,10,282
204000034,63,80,-17
204000035,0,0,0
204000036,9,11,-2
204000037,2,19,-17
204000038,1,7,-6
204000039,5,2,3
204000040,2,9,-7
204000041,5,7,-2
204000042,9,7,2
204000043,30,3,27
204000044,24,4,20
204000045,21,2,19
204000046,7,2,5
204000057,10,6,4
204000062,29,25,4
204000068,14,208,-194
204000069,50,284,-234
204000070,54,49,5
204000080,44,36,8
204000085,1584,1057,527
204000086,1708,1071,637
204000087,37,6,31
204000088,6,50,-44
204000090,74,154,-80
204000093,298,65,233
204000096,747,957,-210
204000097,332,16,316
204000099,767,1202,-435
204000100,1233,1652,-419
204000105,1614,808,806
204000110,375,736,-361
204000111,384,392,-8
204000112,732,520,212
204000113,324,457,-133
204000114,480,565,-85
204000115,528,228,300
204000116,565,503,62
204000119,1655,2037,-382
204000132,583,298,285
204000133,871,161,710
204000134,175,80,95
204000135,557,45,512
204000136,471,141,330
204000138,425,456,-31
204000140,193,100,93
204000141,134,61,73
204000144,8,17,-9
204000145,311,35,276
204000146,16,118,-102
204000147,24,120,-96
204000148,237,22,215
204000154,2,6,-4
204000155,0,4,-4
204000177,53,21,32
204000179,54,8,46
204000180,1,32,-31
204000222,1,4,-3
204000235,17,5,12
204000236,33,108,-75
204000238,14,13,1
204000240,230,68,162
204000263,626,655,-29
204000268,751,500,251
204000308,89,18,71
204000317,11,40,-29
204000322,8,16,-8
204000323,11,4,7
204000328,172,51,121
204000329,59,60,-1
204000330,142,59,83
204000331,108,114,-6
205000001,687,1072,-385
205000013,3,53,-50
205000014,15,54,-39
205000015,38,93,-55
205000016,22,97,-75
205000017,24,59,-35
205000022,281,614,-333
205000025,1277,672,605
205000029,161,9,152
205000045,99,457,-358
205000046,112,481,-369
205000047,37,261,-224
205000048,328,693,-365
205000049,124,637,-513
205000050,456,268,188
205000059,0,150,-150
205000060,1,71,-70
205000061,1,164,-163
205000062,6,200,-194
205000063,29,152,-123
205000064,27,68,-41
205000065,57,466,-409
205000066,118,452,-334
205000067,42,576,-534
205000069,181,6,175
205000082,117,114,3
205000110,59,178,-119
205000111,174,154,20
205000112,154,135,19
205000113,129,275,-146
205000121,221,23,198
205000123,33,152,-119
205000126,391,67,324
205000127,782,131,651
205000128,354,67,287
205000129,592,80,512
205000130,175,20,155
205000131,71,10,61
205000132,97,3,94
205000133,59,0,59
205000134,221,0,221
205000137,55,79,-24
205000138,103,171,-68
205000139,22,75,-53
205000144,96,58,38
205000145,258,107,151
205000151,114,25,89
205000152,113,9,104
205000153,185,24,161
205000154,50,32,18
205000155,104,6,98
205000207,2,117,-115
205000233,35,0,35
205000234,0,1,-1
205000243,0,0,0
205000244,0,2,-2
205000245,3,58,-55
205000249,0,14,-14
205000250,3,0,3
205000264,1,60,-59
206000027,3,3,0
206000028,3,3,0
206000043,5,31,-26
206000053,2,4,-2
206000054,3,10,-7
206000055,1,14,-13
206000075,10,11,-1
206000076,12,13,-1
206000077,22,4,18
206000078,22,1,21
206000079,38,2,36
206000082,196,43,153
206000100,20,173,-153
206000103,2,6,-4
206000104,11,4,7
206000105,3,5,-2
206000106,3,6,-3
206000125,53,0,53
206000157,29,266,-237
206000170,1,71,-70
206000171,1,96,-95
206000172,10,121,-111
206000173,0,83,-83
206000174,11,22,-11
206000175,0,49,-49
206000176,7,54,-47
206000177,0,40,-40
206000178,0,112,-112
206000179,7,34,-27
206000180,3,37,-34
206000181,16,32,-16
206000182,5,44,-39
206000183,10,110,-100
206000184,9,117,-108
206000185,6,34,-28
206000186,71,316,-245
206000223,7,108,-101
206000226,4,2,2
206000227,12,2,10
206000237,20,120,-100
206000238,9,216,-207
206000239,147,703,-556
206000240,1,46,-45
206000241,0,21,-21
206000242,4,76,-72
206000243,11,51,-40
206000244,32,183,-151
206000245,592,43,549
206000246,233,8,225
206000247,267,5,262
206000248,296,8,288
206000252,57,28,29
206000258,31,15,16
206000315,33,5,28
206000317,411,91,320
206000318,436,36,400
206000319,1078,64,1014
206000320,204,30,174
206000321,161,7,154
206000322,295,9,286
206000323,164,5,159
206000324,149,7,142
206000325,131,9,122
206000326,169,10,159
206000327,92,6,86
206000328,139,4,135
206000329,214,9,205
206000330,51,1,50
206000331,150,5,145
206000332,52,2,50
206000333,482,2,480
206000334,253,1,252
206000335,0,28,-28
206000361,1,49,-48
206000392,2,8,-6
206000405,66,0,66
206000441,15,14,1
206000498,27,1,26
206000515,41,24,17
206000530,306,26,280
206000531,132,175,-43
206000532,1045,230,815
206000535,101,957,-856
206000536,9,75,-66
206000537,18,81,-63
206000613,969,150,819
206000784,307,21,286
207000001,106,402,-296
207000002,81,264,-183
207000003,121,96,25
207000007,929,227,702
207000008,87,7,80
207000009,46,31,15
207000010,317,192,125
207000012,296,151,145
207000015,209,531,-322
207000019,161,51,110
207000021,431,149,282
207000022,136,107,29
207000023,174,43,131
207000024,2,10,-8
207000025,16,61,-45
207000026,77,26,51
207000027,18,30,-12
207000028,64,122,-58
207000029,149,269,-120
207000033,184,338,-154
207000034,201,102,99
207000039,441,66,375
207000040,390,38,352
207000041,48,18,30
207000042,162,37,125
207000043,134,100,34
207000051,97,124,-27
207000052,72,81,-9
207000053,296,293,3
207000054,45,57,-12
207000055,148,62,86
207000056,241,175,66
207000057,98,162,-64
207000058,177,179,-2
207000059,79,268,-189
207000060,65,141,-76
207000061,133,462,-329
207000062,407,24,383
207000063,339,64,275
207000064,278,77,201
207000065,234,136,98
207000066,210,107,103
207000067,40,53,-13
207000068,123,30,93
207000069,582,206,376
207000082,6,114,-108
207000083,40,109,-69
207000084,245,173,72
207000085,197,21,176
207000086,211,2,209
207000106,42,12,30
207000107,70,12,58
207000108,45,7,38
207000109,53,10,43
207000110,61,47,14
207000111,41,63,-22
207000112,78,446,-368
207000114,16,32,-16
207000115,23,33,-10
207000116,24,289,-265
207000117,8,64,-56
207000118,5,50,-45
207000119,12,32,-20
207000123,140,16,124
207000124,53,10,43
207000125,50,32,18
207000126,58,46,12
207000134,95,76,19
207000135,27,111,-84
207000148,55,218,-163
207000149,65,30,35
207000152,101,275,-174
207000153,440,857,-417
207000154,284,134,150
207000159,62,77,-15
207000160,135,200,-65
207000238,1,185,-184
207000242,2,105,-103
207000248,65,12,53
207000249,102,28,74
207000250,355,58,297
207000251,60,49,11
207000252,59,36,23
207000278,106,66,40
207000279,14,71,-57
207000280,642,47,595
207000281,84,423,-339
207000282,47,89,-42
207000283,37,134,-97
207000284,21,269,-248
207000285,48,53,-5
207000291,14,60,-46
207000304,81,35,46
207000306,60,239,-179
207000310,95,52,43
207000353,198,5,193
207000356,8,28,-20
207000357,7,8,-1
207000358,5,13,-8
207000415,2,123,-121
207000417,51,2,49
207000418,78,74,4
207000438,0,1,-1
207000439,465,493,-28
207000446,135,5,130
207000460,24,8,16
207000466,89,63,26
207000467,255,46,209
207000468,51,130,-79
207000476,9,39,-30
207000477,499,60,439
207000478,0,16,-16
207000523,0,0,0
207000524,63,3,60
207000527,107,115,-8
207000530,378,12,366
207000531,254,6,248
207000532,39,18,21
207000534,158,23,135
207000535,35,257,-222
207000537,28,59,-31
207000540,4,87,-83
207000541,4,242,-238
207000548,10,128,-118
207000549,222,12,210
207000561,103,108,-5
207000562,13,92,-79
207000567,93,110,-17
207000568,238,33,205
207000569,427,259,168
207000584,201,93,108
207000585,21,214,-193
207000587,176,22,154
207000616,3,86,-83
207000617,79,0,79
207000624,43,34,9
207000631,3,90,-87
207900008,269,57,212
208000001,483,930,-447
208000002,627,416,211
208000003,1048,268,780
208000004,844,550,294
208000005,1,10,-9
208000019,493,691,-198
208000020,131,348,-217
208000021,214,219,-5
208000022,892,254,638
208000028,560,825,-265
208000033,408,337,71
208000034,724,841,-117
208000037,207,8,199
208000040,122,82,40
208000041,504,396,108
208000042,552,460,92
208000047,105,132,-27
208000064,1434,1151,283
208000066,1210,1817,-607
208000070,303,231,72
208000071,389,443,-54
208000072,307,751,-444
208000080,290,247,43
208000081,291,113,178
208000082,264,147,117
208000083,145,245,-100
208000084,5,4,1
208000085,585,395,190
208000086,365,723,-358
208000087,274,545,-271
208000089,1004,246,758
208000090,795,336,459
208000093,208,115,93
208000094,397,261,136
208000095,612,321,291
208000104,735,608,127
208000105,542,726,-184
208000114,158,224,-66
208000115,344,203,141
208000116,408,679,-271
208000117,150,187,-37
208000118,92,101,-9
208000155,563,725,-162
208000158,1115,2506,-1391
208000186,2175,2952,-777
208000204,623,704,-81
208000205,1057,616,441
208000282,2977,2202,775
209000004,286,143,143
209000005,33,19,14
209000006,338,181,157
209000007,166,259,-93
209000010,233,79,154
209000011,117,206,-89
209000012,55,100,-45
209000013,161,136,25
209000014,327,458,-131
209000025,275,52,223
209000026,529,85,444
209000027,353,467,-114
209000028,259,278,-19
209000029,219,332,-113
209000030,328,640,-312
209000031,1600,889,711
209000034,150,193,-43
209000035,78,143,-65
209000036,155,80,75
209000037,246,156,90
209000038,134,136,-2
209000039,40,99,-59
209000040,178,385,-207
209000041,138,293,-155
209000042,192,246,-54
209000043,480,644,-164
209000044,200,704,-504
209000045,889,269,620
209000046,387,304,83
209000047,249,123,126
209000048,429,221,208
209000049,68,54,14
209000050,177,94,83
209000051,221,160,61
209000052,119,138,-19
209000062,53,39,14
209000063,60,39,21
209000064,23,37,-14
209000065,79,11,68
209000066,51,13,38
209000067,82,14,68
209000080,10,180,-170
209000082,67,30,37
209000091,17,54,-37
209000093,34,11,23
209000094,83,133,-50
209000110,18,81,-63
209000111,296,1024,-728
209000112,722,435,287
209000113,1090,325,765
209000114,570,334,236
209000115,52,55,-3
209000116,350,153,197
209000118,12,17,-5
209000119,9,11,-2
209000121,95,259,-164
209000135,24,135,-111
209000142,456,1090,-634
209000143,28,26,2
209000144,21,95,-74
209000229,191,91,100
209000240,17,131,-114
209000259,42,44,-2
209000260,49,487,-438
209000261,8,233,-225
209000262,2,185,-183
209000263,0,174,-174
209000264,1,201,-200
209000265,238,0,238
209000266,62,1,61
209000267,751,2,749
209000268,428,32,396
210000037,60,22,38
210000047,84,6,78
210000048,84,13,71
210000049,68,2,66
210000052,61,35,26
210000053,30,32,-2
210000054,44,55,-11
210000070,100,5,95
210000071,68,0,68
210000072,29,0,29
210000073,0,13,-13
210000074,1,64,-63
210000075,4,79,-75
210000076,6,156,-150
210000077,8,53,-45
210000078,24,43,-19
210000079,9,13,-4
210000080,50,51,-1
210000081,112,10,102
210000082,122,2,120
210000083,63,0,63
210000084,39,1,38
210000085,2,37,-35
210000086,0,59,-59
210000099,32,170,-138
210000100,31,124,-93
210000101,62,124,-62
210000105,24,107,-83
210000159,0,159,-159
210000163,69,143,-74
210000164,251,139,112
210000168,87,33,54
210000187,0,12,-12
210000188,0,14,-14
210000214,18,0,18
210000219,25,37,-12
210000220,101,49,52
210000232,3,16,-13
210000233,16,34,-18
210000234,10,51,-41
210000235,44,31,13
210000245,0,38,-38
210000246,22,0,22
210000258,7,66,-59
210000259,243,41,202
210000282,71,165,-94
210000285,0,96,-96
210000286,19,102,-83
210000290,4,12,-8
210000295,41,82,-41
210000296,32,18,14
210000320,170,45,125
210000321,87,33,54
210000338,35,57,-22
210000339,207,804,-597
210000340,81,254,-173
210000341,202,231,-29
210000342,203,175,28
210000343,131,158,-27
210000344,129,83,46
210000345,84,182,-98
210000346,47,74,-27
210000347,25,52,-27
210000348,98,33,65
210000349,53,21,32
210000350,108,53,55
210000351,154,78,76
210000352,74,39,35
210000353,46,56,-10
210000354,78,55,23
210000355,39,50,-11
210000356,15,45,-30
210000357,37,38,-1
210000358,168,119,49
210000359,53,83,-30
210000360,161,134,27
210000361,163,114,49
210000362,189,194,-5
210000363,450,186,264
210000364,66,98,-32
210000365,130,55,75
210000366,119,39,80
210000367,78,17,61
210000368,95,26,69
210000369,25,26,-1
210000370,26,32,-6
210000372,9,27,-18
210000373,22,30,-8
210000374,41,40,1
210000375,36,51,-15
210000376,56,66,-10
210000404,36,108,-72
210000439,26,19,7
210000472,55,0,55
210000482,81,72,9
210000564,151,129,22
210000567,0,29,-29
210000568,201,1,200
211000092,49,27,22
211000094,21,11,10
211000169,106,22,84
211000172,8,178,-170
211000209,2,16,-14
211000226,6,30,-24
211000270,49,4,45
211000275,29,10,19
211000276,45,8,37
211000279,13,15,-2
211000281,66,21,45
211000302,26,19,7
211507980,5,44,-39
211977296,20,3,17
212000003,102,46,56
212000004,13,42,-29
212000005,12,38,-26
212000006,37,50,-13
212000008,132,81,51
212000009,29,66,-37
212000012,60,51,9
212000013,33,48,-15
212000014,209,129,80
212000015,302,189,113
212000016,410,384,26
212000027,487,251,236
212000028,277,289,-12
212000029,214,148,66
212000030,61,26,35
212000031,45,30,15
212000048,27,133,-106
212000049,15,130,-115
212000050,13,6,7
212000051,178,101,77
212000052,226,150,76
212000053,318,255,63
212000054,272,72,200
212000055,303,127,176
212000056,15,15,0
212000057,7,9,-2
212000058,120,29,91
212000070,98,94,4
212000077,150,318,-168
212000099,182,229,-47
212000108,202,127,75
212000111,171,50,121
212000120,80,49,31
212000138,131,35,96
212000156,5,58,-53
212000158,14,15,-1
212000159,373,48,325
212000160,603,175,428
212000161,48,1,47
212000310,33,6,27
212000311,8,38,-30
212000374,29,6,23
213000001,32,171,-139
213000005,231,101,130
213000006,537,238,299
213000007,66,12,54
213000009,415,366,49
213000010,162,224,-62
213000011,182,70,112
213000012,93,169,-76
213000014,67,8,59
213000015,184,1,183
213000016,308,0,308
213000017,71,0,71
213000018,3,57,-54
213000019,1,84,-83
213000020,80,177,-97
213000021,4,68,-64
213000023,224,151,73
213000033,212,1127,-915
213000034,373,124,249
213000035,76,92,-16
213000045,111,193,-82
213000046,127,114,13
213000047,393,978,-585
213000056,100,12,88
213000069,75,0,75
213000073,4,31,-27
213000074,33,238,-205
213000075,365,2,363
213000076,16,0,16
213000085,5,40,-35
213000086,12,93,-81
213000091,167,13,154
213000092,56,8,48
213000099,153,880,-727
213000100,823,184,639
213000101,365,57,308
213000102,320,150,170
213000103,484,540,-56
213000104,71,216,-145
213000105,1,124,-123
213000106,51,73,-22
213000107,135,230,-95
213000108,44,233,-189
213000109,9,146,-137
213000110,12,38,-26
213000111,13,25,-12
213000112,68,68,0
213000115,38,2,36
213000116,31,193,-162
213000117,8,388,-380
213000118,350,198,152
213000119,29,336,-307
213000120,80,235,-155
213000122,86,259,-173
213000123,238,554,-316
213000124,97,650,-553
213000125,98,18,80
213000126,21,72,-51
213000127,63,136,-73
213000128,183,558,-375
213000129,177,636,-459
213000130,522,252,270
213000132,327,89,238
213000133,484,53,431
213000134,730,12,718
213000136,507,20,487
213000137,376,31,345
213000139,202,12,190
213000147,26,9,17
213000148,8,12,-4
213000149,19,4,15
213000150,0,139,-139
213000151,0,74,-74
213000152,2,90,-88
213000153,2,62,-60
213000154,27,108,-81
213000155,19,112,-93
213000156,124,254,-130
213000157,385,241,144
213000158,222,503,-281
213000159,272,290,-18
213000163,717,107,610
213000165,493,177,316
213000171,49,60,-11
213000172,58,98,-40
213000173,4,82,-78
213000174,1,29,-28
213000175,34,16,18
213000176,13,71,-58
213000177,18,6,12
213000178,46,4,42
213000179,165,15,150
213000180,173,42,131
213000184,60,251,-191
213000188,240,70,170
213000189,295,39,256
213000190,639,428,211
213000191,280,230,50
213000192,160,184,-24
213000193,438,130,308
213000194,3,58,-55
213000195,14,282,-268
213000196,165,881,-716
213000197,328,311,17
213000198,20,1,19
213000200,89,439,-350
213000201,42,18,24
213000202,8,341,-333
213000203,1916,442,1474
213000204,555,54,501
213000205,183,43,140
213000206,356,16,340
213000207,58,3,55
213000208,28,2,26
213000209,64,0,64
213000210,149,3,146
213000211,5,19,-14
213000212,13,23,-10
213000213,8,58,-50
213000218,161,231,-70
213000219,335,16,319
213000220,252,8,244
213000223,148,193,-45
213000224,49,57,-8
213000225,40,14,26
213000226,41,5,36
213000227,656,130,526
213000228,420,66,354
213000229,73,20,53
213000230,338,17,321
213000232,47,624,-577
213000233,15,52,-37
213000234,3,44,-41
213000293,24,75,-51
213000294,67,34,33
213000295,12,91,-79
213000296,43,5,38
213000297,4,71,-67
213000298,18,57,-39
213000299,41,11,30
213000300,25,3,22
213000303,22,25,-3
213000304,5,6,-1
213000305,1,9,-8
213000306,33,33,0
213000307,56,60,-4
213000308,74,120,-46
213000309,73,46,27
213000310,335,119,216
213000311,144,454,-310
213000315,57,52,5
213000316,65,64,1
213000322,19,16,3
213000323,10,29,-19
213000340,107,238,-131
213000341,452,65,387
213000346,144,161,-17
213000347,476,337,139
213000348,3,152,-149
213000349,9,9,0
213000350,233,472,-239
213000366,67,135,-68
213000367,207,22,185
213000379,30,31,-1
213000386,12,209,-197
213000406,88,224,-136
213000417,845,297,548
213000425,128,40,88
213000426,131,36,95
213000427,27,108,-81
213000428,31,57,-26
213000429,33,4,29
213000430,53,235,-182
213000431,747,3,744
213000432,5,21,-16
213000433,8,80,-72
213000434,75,42,33
213000435,60,57,3
213000439,35,24,11
213000441,0,1,-1
213000443,389,200,189
213000445,0,41,-41
213000446,0,23,-23
213000447,2,26,-24
213000448,7,149,-142
213000449,405,5,400
213000450,15,19,-4
213000451,172,45,127
213000452,25,13,12
213000453,24,134,-110
213000455,133,22,111
213000456,0,149,-149
213000481,11,5,6
213000482,26,0,26
213000489,117,46,71
213000491,1,183,-182
213000492,65,1,64
213000493,0,86,-86
213000494,127,59,68
213000495,0,37,-37
213000496,203,90,113
213000497,23,172,-149
213000498,71,73,-2
213000499,134,151,-17
213000500,283,44,239
213000501,134,21,113
213000502,107,54,53
213000503,0,21,-21
213000504,21,25,-4
213000505,3,8,-5
213000506,0,4,-4
213000507,3,43,-40
213900244,36,1,35
213900245,0,2,-2
218000003,17,15,2
218000004,19,23,-4
218000005,21,25,-4
218000006,48,21,27
218000007,6,11,-5
218000012,60,81,-21
218000013,129,100,29
218000014,251,271,-20
218000019,455,295,160
218000020,184,247,-63
218000040,2,2,0
218000046,56,71,-15
218000047,8,73,-65
218000048,19,43,-24
218000049,50,64,-14
218000050,184,126,58
218000051,69,95,-26
218000052,1,58,-57
218000053,1,8,-7
218000054,3,21,-18
218000055,4,19,-15
218000056,13,10,3
218000057,5,8,-3
218000064,1,8,-7
218000065,77,6,71
218000066,5,25,-20
218000067,55,57,-2
218000068,67,47,20
218000069,226,89,137
218000070,172,119,53
218000071,152,86,66
218000072,162,132,30
218000078,679,359,320
218000079,95,56,39
218000080,85,43,42
218000081,304,125,179
218000082,49,63,-14
218000083,76,37,39
218000084,116,45,71
218000085,89,137,-48
218000086,38,73,-35
218000087,152,84,68
218000090,10,102,-92
218000091,824,403,421
218000092,55,120,-65
218000093,71,47,24
218000094,250,393,-143
218000099,201,455,-254
218000100,209,148,61
218000101,222,76,146
218000102,299,101,198
218000103,42,56,-14
218000104,82,22,60
218000105,16,19,-3
218000106,7,6,1
218000107,48,19,29
218000108,4,15,-11
218000112,18,32,-14
218000117,31,60,-29
218000134,361,314,47
218000135,23,56,-33
218000136,145,80,65
218000137,164,122,42
218000138,30,78,-48
218000139,176,231,-55
218000140,347,217,130
218000141,61,39,22
218000142,145,129,16
218000143,48,179,-131
218000144,28,74,-46
218000145,333,178,155
218000146,84,116,-32
218000151,2,6,-4
218000152,60,19,41
218000170,10,16,-6
218000171,33,9,24
218000172,4,6,-2
218000173,9,4,5
218000174,14,5,9
218000176,189,36,153
218000177,276,116,160
218000178,64,124,-60
218000179,153,42,111
218000180,58,7,51
218000181,178,27,151
218000187,8,52,-44
218000188,16,29,-13
218000189,14,44,-30
218000190,0,15,-15
218000191,125,48,77
218000192,178,110,68
218000193,284,167,117
218000194,80,136,-56
218000195,91,34,57
218000196,279,169,110
218000197,284,163,121
218000198,32,77,-45
218000199,31,16,15
218000200,48,41,7
218000201,10,19,-9
218000202,50,252,-202
218000207,9,16,-7
218000208,20,24,-4
218000211,12,14,-2
218000213,33,38,-5
218000214,1,13,-12
218000215,16,20,-4
218000217,2,54,-52
218000218,104,28,76
218000219,6,19,-13
218000220,42,257,-215
218000221,326,131,195
218000222,4,32,-28
218000223,21,159,-138
218000224,6,70,-64
218000225,181,10,171
218000226,144,18,126
218000232,21,23,-2
218000239,98,13,85
218000240,7,1,6
218000241,11,0,11
218000242,9,1,8
218000243,15,3,12
218000244,30,1,29
218000245,9,2,7
218000246,2,1,1
218000247,1,0,1
218000248,1,26,-25
218000249,0,1,-1
218000250,3,11,-8
218000251,7,40,-33
218000252,2,137,-135
218000253,4,117,-113
218000254,1,52,-51
218000255,1,44,-43
218000256,3,69,-66
218000267,249,624,-375
218000268,8,30,-22
218000269,5,7,-2
218000270,131,21,110
218000271,9,20,-11
218000273,7,2,5
218000274,10,1,9
218000275,27,31,-4
218000276,13,16,-3
218000278,17,42,-25
218000279,79,21,58
218000280,1,15,-14
218000281,9,6,3
218000282,373,400,-27
218000284,46,0,46
218000301,59,121,-62
218000302,94,34,60
218000303,11,37,-26
218000316,638,493,145
218000317,1002,479,523
218000318,680,403,277
218000319,775,429,346
218000320,698,360,338
218000338,36,56,-20
218000345,52,42,10
218000346,30,133,-103
218000459,18,133,-115
218000490,27,50,-23
218000501,87,20,67
218000502,62,33,29
218000503,94,16,78
218000504,115,31,84
218000505,29,71,-42
218000506,24,189,-165
218000508,5,2,3
218000510,120,6,114
218000520,88,61,27
218000521,13,38,-25
218000522,2,115,-113
218000523,111,2,109
218000524,3,167,-164
218000525,51,16,35
218000526,16,141,-125
218000529,17,68,-51
218000531,11,7,4
218000532,29,16,13
218000534,109,17,92
218000537,10,50,-40
218000538,106,192,-86
218000540,121,60,61
218000543,124,37,87
218000544,14,49,-35
218000545,50,54,-4
218000546,36,32,4
218000547,66,137,-71
218000548,53,70,-17
218000549,285,343,-58
218000550,102,136,-34
218000551,73,587,-514
218000552,196,47,149
218000553,28,94,-66
218000554,12,31,-19
218000555,27,35,-8
218000556,209,149,60
218000557,231,118,113
218000558,30,0,30
218000559,0,34,-34
218000560,0,29,-29
218000561,27,0,27
218000562,12,146,-134
218000563,139,14,125
218000564,2,74,-72
218000565,55,35,20
218000566,55,20,35
218000567,0,68,-68
218000568,7,3,4
218000569,3,116,-113
218000570,49,6,43
218000571,0,101,-101
218000572,128,2,126
218000573,6,131,-125
218000574,36,15,21
218000575,92,0,92
218000576,0,61,-61
218000577,51,1,50
218000578,0,62,-62
218000579,32,5,27
218000581,1,23,-22
218000582,21,0,21
218000583,1,2,-1
218000584,0,8,-8
218000585,45,5,40
218000586,13,58,-45
218000587,1,3,-2
218000588,1,3,-2
218000589,0,12,-12
218000590,3,1,2
218000591,1,9,-8
218000592,4,9,-5
218000593,9,2,7
218000594,1,11,-10
218000597,2,6,-4
218000598,1,0,1
218000599,2,0,2
218000600,3,0,3
218000601,0,1,-1
218000602,0,4,-4
218000603,0,6,-6
218000604,5,0,5
218000605,1,72,-71
218000606,100,0,100
218000607,5,29,-24
218000608,38,9,29
218000609,8,32,-24
218000610,71,23,48
218000611,10,0,10
218000612,0,18,-18
218000613,51,0,51
218000614,5,28,-23
218000615,121,0,121
218000616,6,65,-59
218000617,11,2,9
218000618,1,17,-16
218000619,6,15,-9
218000620,0,20,-20
218000621,0,1,-1
218000622,0,47,-47
218000623,9,0,9
218000624,0,35,-35
218000625,10,1,9
218000626,0,18,-18
218000628,125,35,90
218000631,32,18,14
218000632,0,87,-87
218000633,81,2,79
218000634,4,21,-17
218000635,6,7,-1
218000636,633,604,29
218000637,811,274,537
218000638,165,23,142
218000639,9,98,-89
218000640,169,10,159
218000641,81,106,-25
218000652,22,25,-3
218000653,155,20,135
218000663,4,99,-95
218000675,44,50,-6
218000680,177,211,-34
218000681,268,135,133
218000691,156,95,61
218000693,245,113,132
218000718,96,499,-403
218000719,203,389,-186
218000720,3,150,-147
218000721,62,29,33
218001147,7,97,-90
218001214,9,36,-27
218001258,180,5,175
218001329,110,72,38
218001330,74,51,23
218001351,20,12,8
218001352,13,14,-1
218001353,3,6,-3
218001354,8,24,-16
218001355,14,94,-80
218001356,244,33,211
218001357,34,72,-38
218001358,182,25,157
218001361,386,8,378
218001362,0,88,-88
219000001,33,34,-1
219000002,34,34,0
219000003,38,19,19
219000004,80,42,38
219000017,48,21,27
219000020,190,56,134
219000022,85,2,83
219000023,199,2,197
219000029,0,37,-37
219000034,26,22,4
219000039,79,80,-1
219000040,44,33,11
219000041,85,19,66
219000051,0,22,-22
219000052,0,23,-23
219000053,0,76,-76
219000055,208,5,203
219000056,5,0,5
219000057,47,0,47
219000062,26,44,-18
219000063,57,6,51
219000064,0,43,-43
219000110,374,116,258
219000111,56,36,20
219000112,127,56,71
219000113,92,59,33
219000114,103,120,-17
219000116,75,33,42
219000117,88,60,28
219000118,149,33,116
219000123,187,62,125
219000124,79,33,46
219000125,12,14,-2
219000126,72,140,-68
219000127,0,2,-2
219000128,10,97,-87
219000129,24,100,-76
219000130,239,344,-105
219000131,454,602,-148
219000133,37,81,-44
219000134,15,39,-24
219000135,15,55,-40
219000136,88,161,-73
219000138,49,17,32
219000139,37,26,11
219000140,36,0,36
219000141,24,41,-17
219000142,17,35,-18
219000143,3,37,-34
219000145,15,16,-1
219000146,2,20,-18
219000147,1,13,-12
219000148,2,4,-2
219000149,6,35,-29
219000150,1,34,-33
219000151,3,16,-13
219000157,167,82,85
219000158,147,128,19
219000161,119,7,112
219000163,673,348,325
219000166,91,138,-47
219000167,103,89,14
219000168,155,70,85
219000174,317,104,213
219000175,68,2,66
219000176,105,1,104
219000177,41,1,40
219000178,45,1,44
219000179,17,3,14
219000180,28,26,2
219000182,120,15,105
219000183,45,20,25
219000184,78,3,75
219000185,1,16,-15
219000186,50,14,36
219000187,13,33,-20
219000189,67,136,-69
219000190,61,176,-115
219000191,360,794,-434
219000192,143,95,48
219000193,164,118,46
219000195,1,38,-37
219000196,5,61,-56
219000198,26,56,-30
219000199,39,82,-43
219000200,32,95,-63
219000201,35,119,-84
219000203,19,87,-68
219000204,145,184,-39
219000205,78,111,-33
219000207,97,101,-4
219000209,25,25,0
219000210,45,42,3
219000213,14,97,-83
219000239,136,160,-24
219000240,168,217,-49
219000241,94,74,20
219000242,49,61,-12
219000243,47,105,-58
219000244,16,46,-30
219000245,23,29,-6
219000246,22,28,-6
219000247,196,26,170
219000248,371,350,21
219000249,107,75,32
219000250,147,63,84
219000251,374,157,217
219000252,189,122,67
219000253,345,105,240
219000255,114,87,27
219000256,185,49,136
219000257,77,1,76
219000262,90,53,37
219000263,56,79,-23
219000267,2,39,-37
219000268,0,3,-3
219000269,3,4,-1
219000270,4,0,4
219000271,125,6,119
219000278,1,15,-14
219000279,1,1,0
219000283,0,12,-12
219000295,4,58,-54
219000296,50,200,-150
219000297,17,52,-35
219000298,22,55,-33
219000299,247,39,208
219000300,21,97,-76
219000301,146,230,-84
219000302,38,172,-134
219000307,36,20,16
219000308,45,43,2
219000311,123,51,72
219000312,395,125,270
219000313,280,47,233
219000314,39,149,-110
219000315,201,22,179
219000316,392,35,357
219000317,68,13,55
219000320,0,67,-67
219000321,0,13,-13
219000323,3,34,-31
219000325,0,7,-7
219000326,44,31,13
219000327,44,17,27
219000328,15,34,-19
219000329,223,74,149
219000330,11,9,2
219000331,26,26,0
219000332,118,64,54
219000333,29,2,27
219000335,46,0,46
219000337,15,0,15
219000338,25,1,24
219000344,25,55,-30
219000345,36,28,8
219000346,23,56,-33
219000348,118,43,75
219000349,47,97,-50
219000350,107,168,-61
219000351,0,4,-4
219000352,357,53,304
219000353,79,45,34
219000354,140,59,81
219000355,146,52,94
219000356,463,943,-480
219000363,140,93,47
219000364,104,49,55
219000365,82,17,65
219000366,185,302,-117
219000368,269,406,-137
219000370,642,465,177
219000371,7,24,-17
219000382,6,20,-14
219000383,310,793,-483
219000385,236,390,-154
219000386,407,996,-589
219000387,0,17,-17
219000390,3,0,3
219000391,3,0,3
219000397,36,30,6
219000398,15,47,-32
219000401,9,54,-45
219000402,18,36,-18
219000403,109,237,-128
219000404,11,79,-68
219000407,9,8,1
219000409,41,49,-8
219000410,65,38,27
219000411,58,3,55
219000446,81,199,-118
219000447,1,11,-10
219000448,33,0,33
219000452,91,64,27
219000453,53,146,-93
219000454,116,194,-78
219000556,220,47,173
219000558,93,60,33
219000590,20,103,-83
219000591,59,39,20
219000592,50,196,-146
219000595,3,10,-7
219000635,135,27,108
219000636,25,34,-9
219000657,9,20,-11
219000658,15,62,-47
219000673,0,12,-12
219000676,4,1,3
219000679,16,6,10
219000684,78,3,75
219000685,2,30,-28
219000686,1,1,0
219000688,0,41,-41
219000689,11,158,-147
219000690,107,8,99
219000691,24,132,-108
219000692,116,23,93
219000693,0,4,-4
219000694,6,0,6
219000695,35,1,34
219000698,10,2,8
219000699,0,7,-7
219000727,1,111,-110
219000728,115,0,115
219000770,16,1,15
219000771,0,22,-22
219000788,335,192,143
219001150,3,20,-17
219001151,2,1,1
219001166,27,19,8
219001167,2,51,-49
219001178,34,1,33
220000001,16,58,-42
220000002,4,56,-52
220000003,216,138,78
220000004,229,177,52
220000005,641,833,-192
220000006,129,410,-281
220000007,308,238,70
220000008,201,374,-173
220000009,197,186,11
220000010,127,43,84
220000011,267,1785,-1518
220000012,35,156,-121
220000014,87,36,51
220000015,61,289,-228
220000017,20,105,-85
220000018,2505,798,1707
220000019,63,221,-158
220000020,260,142,118
220000021,474,127,347
220000022,562,248,314
220000023,325,131,194
220000024,1002,400,602
220000025,446,891,-445
220000026,221,297,-76
220000027,27,72,-45
220000028,37,39,-2
220000029,53,54,-1
220000030,53,40,13
220000031,384,258,126
220000064,14,648,-634
221000046,2,0,2
221000047,0,0,0
221000048,0,1,-1
221000049,0,6,-6
221000050,6,0,6
221000055,16,43,-27
221000068,239,85,154
221000069,158,33,125
221000070,112,16,96
221000071,76,4,72
221000072,163,10,153
221000073,94,16,78
221000074,0,16,-16
221000075,9,14,-5
221000076,9,13,-4
221000077,3,33,-30
221000081,50,18,32
221000082,63,3,60
221000083,9,5,4
221000084,5,1,4
221000085,19,31,-12
221000086,8,62,-54
221000087,4,93,-89
221000088,12,127,-115
221000089,22,141,-119
221000090,64,311,-247
221000098,73,6,67
221000099,158,12,146
221000100,93,4,89
221000101,184,11,173
221000107,26,3,23
221000108,39,3,36
221000109,1,36,-35
221000110,2,20,-18
221000111,15,200,-185
221000112,6,78,-72
221000113,10,60,-50
221000114,4,85,-81
221000120,34,30,4
221000121,6,32,-26
221000122,17,30,-13
221000123,16,12,4
221000124,13,82,-69
221000155,73,11,62
221000156,50,25,25
221000175,0,12,-12
221000176,0,3,-3
221000182,54,8,46
221000241,488,190,298
221000242,85,256,-171
221000243,499,126,373
221000244,254,329,-75
221000245,118,82,36
221000246,31,168,-137
221000247,130,96,34
221000248,131,93,38
221000267,38,331,-293
221000325,39,43,-4
221000331,8,32,-24
221000338,17,34,-17
221000378,131,16,115
221000381,45,31,14
222000282,13,1,12
222000296,1,13,-12
222000568,191,12,179
222000569,119,36,83
222000570,122,17,105
222000571,271,24,247
222000577,7,66,-59
222000578,28,100,-72
222000579,38,69,-31
222000580,45,467,-422
222000599,1,87,-86
222000600,1,143,-142
222000601,4,514,-510
222000603,11,30,-19
222000604,1,32,-31
222000605,27,11,16
222000606,2,12,-10
222000607,1,5,-4
222000608,16,7,9
222000609,41,97,-56
222000616,295,17,278
222000617,2,17,-15
222000618,4,10,-6
222000620,7,15,-8
222000621,19,6,13
222000623,440,24,416
222000624,332,1,331
222000625,418,11,407
222000636,44,7,37
222000686,16,15,1
222000687,44,18,26
222001066,154,3,151
222001067,6,0,6
222001068,44,12,32
222001069,45,13,32
222001082,17,28,-11
222001083,14,32,-18
222001084,0,39,-39
222001085,1,73,-72
222001111,28,87,-59
222001112,122,6,116
222001313,22,6,16
222001314,9,90,-81
222001464,201,18,183
222001465,11,81,-70
222001484,96,16,80
222001485,21,24,-3
222001494,382,80,302
222001495,76,131,-55
222001496,291,86,205
222001497,96,236,-140
222001502,17,55,-38
222001503,149,29,120
222001504,23,182,-159
222001505,294,10,284
222001506,39,223,-184
222001507,180,15,165
222001510,430,21,409
222001511,32,156,-124
222001514,410,111,299
222001515,134,258,-124
222001518,310,40,270
222001519,27,115,-88
222001527,132,37,95
222001528,21,70,-49
222001529,255,26,229
222001530,45,88,-43
222001533,136,146,-10
222001534,265,42,223
222001535,214,211,3
222001536,49,125,-76
222001537,244,57,187
222001538,57,212,-155
222001563,630,73,557
222001564,51,216,-165
222001568,123,125,-2
222001576,0,1,-1
222001579,0,5,-5
222001583,8,56,-48
222001584,60,12,48
222001596,386,634,-248
222001597,1146,265,881
222001626,0,69,-69
222001650,32,90,-58
222001651,30,166,-136
222001914,130,52,78
222001915,24,105,-81
222001968,366,188,178
222001969,363,282,81
222001970,140,210,-70
222001971,26,2,24
222001972,0,4,-4
225000001,282,123,159
225000002,377,104,273
225000003,406,60,346
225000004,274,88,186
225000005,45,35,10
225000006,1,125,-124
225000007,692,818,-126
225000010,201,5,196
225000011,160,703,-543
225000012,170,411,-241
225000013,44,113,-69
225000014,524,83,441
225000015,75,88,-13
225000021,472,138,334
225000027,137,276,-139
225000032,522,81,441
225000042,60,296,-236
225000049,60,43,17
225000050,77,6,71
225000053,2,135,-133
225000058,519,139,380
225000067,148,82,66
225000068,82,189,-107
225000069,88,271,-183
225000070,88,167,-79
225000071,47,74,-27
225000075,19,357,-338
225000076,42,77,-35
225000078,51,23,28
225000085,71,133,-62
225000086,208,49,159
225000087,80,15,65
225000088,8,109,-101
225000089,164,616,-452
225000090,34,247,-213
225000091,134,77,57
225000092,24,60,-36
225000093,171,163,8
225000094,1,113,-112
225000095,239,194,45
225000096,226,274,-48
225000098,544,263,281
225000099,217,128,89
225000100,253,92,161
225000104,75,235,-160
225000110,3,252,-249
225000111,161,529,-368
225000112,212,665,-453
225000113,178,372,-194
225000114,71,135,-64
225000115,767,425,342
225000116,544,137,407
225000117,560,157,403
225000118,778,177,601
225000119,153,87,66
225000120,540,72,468
225000121,169,16,153
225000123,393,17,376
225000125,306,119,187
225000126,509,141,368
225000127,461,854,-393
225000128,371,594,-223
225000132,276,31,245
225000133,176,37,139
225000134,427,108,319
225000135,47,3,44
225000136,264,7,257
225000137,242,41,201
225000138,264,48,216
225000143,44,120,-76
225000144,3,214,-211
225000145,41,35,6
225000146,63,36,27
225000147,34,84,-50
225000148,0,89,-89
225000149,36,187,-151
225000151,35,98,-63
225000155,337,241,96
225000156,116,520,-404
225000157,203,225,-22
225000158,40,127,-87
225000171,1,78,-77
225000180,23,0,23
225000181,0,54,-54
225000182,81,6,75
225000185,4,353,-349
225000187,38,293,-255
225000191,41,2,39
225000194,0,6,-6
225000208,4,36,-32
225000209,79,6,73
225000210,3,118,-115
225000217,0,11,-11
225000218,10,0,10
225000223,1,83,-82
225000224,37,0,37
225000225,1,13,-12
225000226,18,6,12
225000227,31,60,-29
225000228,18,19,-1
225000229,0,51,-51
225000230,94,0,94
225000231,0,28,-28
225000232,162,0,162
225000241,50,1,49
225000242,1,37,-36
225000249,10,11,-1
225000250,40,289,-249
225000251,352,31,321
226000042,142,265,-123
226000043,31,129,-98
226000044,91,268,-177
226000045,30,186,-156
226000046,418,53,365
226000047,304,83,221
226000048,368,100,268
226000049,302,166,136
226000070,1,17,-16
226000071,0,33,-33
226000072,0,15,-15
226000073,0,1,-1
226000074,1,8,-7
226000084,0,21,-21
226000085,1,5,-4
226000086,2,9,-7
226000087,2,13,-11
226000088,8,7,1
226000090,186,77,109
226000091,12,32,-20
226000092,14,1,13
226000093,8,1,7
226000094,7,1,6
226000095,9,1,8
226000105,3,2,1
226000106,4,0,4
226000107,9,0,9
226000108,7,0,7
226000109,66,0,66
226000124,73,49,24
226000134,499,328,171
226000135,966,510,456
226000136,315,344,-29
226000137,4,161,-157
226000138,6,111,-105
226000139,0,11,-11
226000156,177,1,176
226000157,178,8,170
226000163,136,93,43
226000202,9,146,-137
226000231,428,10,418
226000232,9,0,9
227000033,19,1,18
227000037,272,22,250
227000038,116,12,104
227000049,0,25,-25
227000050,0,47,-47
227000055,54,0,54
227000056,11,0,11
227000084,2,57,-55
227000085,0,42,-42
227000088,25,0,25
227000089,74,1,73
227000090,21,1,20
227000091,23,1,22
227000093,67,0,67
227000094,18,5,13
227000130,20,122,-102
227000131,7,95,-88
227000132,9,134,-125
227000133,8,96,-88
227000134,26,145,-119
227000152,0,4,-4
227000153,0,30,-30
227000155,1,14,-13
227000156,2,4,-2
227000165,1,117,-116
227000196,20,118,-98
227000199,363,14,349
227000230,1,195,-194
227000232,187,13,174
227000241,337,26,311
227000242,41,244,-203
227000243,320,52,268
227000244,213,48,165
227000245,17,145,-128
227000246,64,206,-142
227000247,252,60,192
227000248,94,38,56
227000249,26,90,-64
227000250,15,11,4
227000251,83,177,-94
227000252,21,106,-85
227000253,137,16,121
227000262,335,37,298
227000266,636,35,601
227000267,11,545,-534
227000486,222,135,87
227000655,247,3,244
227000661,62,13,49
227000680,74,40,34
229000265,7,17,-10
229000296,0,12,-12
229000297,1,20,-19
229000298,10,47,-37
229000320,3,1,2
229000321,7,0,7
229000412,18,32,-14
229000414,6,40,-34
229000415,18,2,16
229000416,0,8,-8
229000417,5,9,-4
229000419,36,162,-126
229000440,246,60,186
229000442,8,1,7
229000443,3,4,-1
229000444,0,22,-22
229000445,50,5,45
229000446,33,10,23
229000847,63,0,63
229000848,14,1,13
229000849,63,0,63
229000851,23,0,23
229000854,0,4,-4
229000856,2,18,-16
229000857,0,11,-11
229000858,0,19,-19
229000919,5,53,-48
229000930,0,117,-117
229000937,99,8,91
229000966,44,19,25
229000981,23,15,8
229000985,4,8,-4
229000986,0,5,-5
229000987,0,0,0
229000988,0,3,-3
229000989,2,5,-3
229000990,0,1,-1
229000991,0,0,0
229000992,14,5,9
229000993,103,10,93
229000998,12,25,-13
229000999,81,12,69
229001034,2,4,-2
229001035,3,0,3
229001037,55,7,48
229001042,14,22,-8
229001047,7,18,-11
229001050,26,44,-18
229001200,18,2,16
229001338,0,4,-4
229001394,153,2,151
229001422,72,10,62
229001423,22,65,-43
229001431,29,43,-14
229001432,16,55,-39
229001444,95,29,66
229001445,19,69,-50
229001503,183,42,141
229001504,86,79,7
229001505,80,26,54
229001506,59,74,-15
229001509,26,8,18
229001545,122,7,115
229001546,3,50,-47
229001553,51,8,43
229001554,26,65,-39
229001559,3,1,2
229001560,4,20,-16
229001630,51,5,46
229001631,10,12,-2
229001635,0,8,-8
229001636,2,0,2
229001658,1,69,-68
229001659,29,3,26
229001660,11,4,7
229001661,7,13,-6
229001662,13,0,13
229001663,0,19,-19
229002584,90,89,1
229002831,78,51,27
229002841,3,9,-6
229002842,3,12,-9
229002843,25,10,15
229002844,12,22,-10
229002845,5,63,-58
229002846,13,11,2
229002847,1,8,-7
229002848,4,13,-9
229002849,5,42,-37
229002850,6,2,4
229002851,25,70,-45
229002852,77,6,71
229002853,63,6,57
229002854,24,39,-15
229002855,4,15,-11
229002856,14,10,4
229002857,9,86,-77
229002858,18,6,12
229002859,11,48,-37
229002860,68,12,56
229002861,25,26,-1
229002862,13,8,5
229002863,11,12,-1
229002864,17,16,1
229002865,7,2,5
229002866,8,24,-16
229002867,0,15,-15
229002868,7,13,-6
229002869,13,64,-51
229002870,40,8,32
235000066,209,36,173
235000067,89,69,20
235000072,21,53,-32
235000073,73,226,-153
235000074,37,32,5
235000080,20,62,-42
235000081,77,65,12
235000082,229,41,188
235000083,144,49,95
235000084,28,44,-16
235000085,136,30,106
235000089,45,17,28
235000092,26,116,-90
235000093,3,14,-11
235000097,1,12,-11
235000098,60,5,55
235000099,22,15,7
235000116,53,10,43
235000117,332,18,314
235000133,6,302,-296
235000134,6,154,-148
235000206,12,4,8
235000207,6,3,3
235000208,1,1,0
235000209,4,0,4
235000210,1,1,0
235000212,3,10,-7
235000213,1,11,-10
235000220,1,4,-3
235000221,36,9,27
235000238,2,113,-111
235000239,4,19,-15
235000242,254,509,-255
235000245,328,102,226
235000246,6,58,-52
235000284,3,113,-110
235000295,66,11,55
235000305,210,15,195
235000306,205,7,198
235000307,7,1,6
235000308,9,3,6
235000309,48,1,47
235000310,12,0,12
235000311,20,15,5
235000322,0,8,-8
235000323,1,27,-26
235000324,0,13,-13
235000325,0,7,-7
235000326,6,83,-77
235000351,4,48,-44
235000352,6,35,-29
235000353,1,18,-17
235000354,7,49,-42
235000355,6,70,-64
235000356,41,1,40
235000357,22,5,17
235000358,22,17,5
235000359,12,8,4
235000360,21,15,6
235000361,48,4,44
235000381,74,115,-41
235000382,99,20,79
235000390,5,1,4
235000391,133,14,119
235000392,149,215,-66
235000393,73,124,-51
235000395,109,29,80
235000396,378,67,311
235000400,24,88,-64
235000401,10,80,-70
235000405,74,128,-54
235000406,36,105,-69
235000407,61,30,31
235000409,163,52,111
235000410,29,99,-70
235000411,0,31,-31
235000485,0,6,-6
235000486,7,0,7
235000549,123,64,59
235000550,70,58,12
235000599,106,22,84
235000600,11,16,-5
235000601,9,16,-7
235000602,58,41,17
235000614,2,3,-1
235000648,1,8,-7
235000649,21,1,20
235000685,3,1,2
235000815,13,103,-90
235000834,0,5,-5
235000855,90,26,64
235000862,34,60,-26
235000891,0,7,-7
235000892,22,19,3
235000901,97,56,41
235000907,3,11,-8
235001010,72,29,43
235001029,320,177,143
235001030,225,106,119
235001078,54,106,-52
235001079,34,40,-6
235001147,41,28,13
235001166,21,40,-19
235001167,36,11,25
235001169,22,269,-247
235001188,1,4,-3
235001189,1,1,0
235001197,10,15,-5
235001200,26,26,0
235001207,351,48,303
235001210,94,89,5
235001215,12,95,-83
235001239,0,43,-43
235001244,0,13,-13
235016267,0,16,-16
277102712,8,0,8
277103813,0,0,0
277104249,0,9,-9
277104250,0,3,-3
277104251,0,11,-11
277104252,0,2,-2
990011530,0,123,-123
990014944,1,219,-218
990015176,12,6,6
990016032,0,109,-109
990032570,17,40,-23
990070001,54,0,54
990070103,0,1,-1
990070601,0,20,-20
990070751,723,3,720
990070766,0,193,-193
990071180,293,123,170
990071343,100,76,24
990071387,4,12,-8
990071823,7,0,7
990072600,0,889,-889
990072964,3,240,-237
990073285,0,0,0
990074393,0,349,-349
990074870,1139,6,1133
990075106,742,6,736
990075746,371,5,366
990076437,1124,5,1119
990076458,0,233,-233
997000007,307,8,299
997000041,0,119,-119
997000058,34,0,34
997000062,26,0,26
997000069,0,1,-1
997000070,0,14,-14
997000100,26,0,26
997000141,1,449,-448
997000198,60,660,-600
998000475,0,7,-7
998000736,0,69,-69
998000965,0,4,-4
998001031,0,41,-41
998001700,0,0,0
998001899,0,1,-1
998001900,7,1,6
998003073,504,10,494
998101900,0,0,0
998102850,1,145,-144
998501927,501,799,-298
998501929,79,9,70
998501930,15,0,15
998501931,97,5,92
998501932,4,1,3
998501933,37,1,36
998501937,3,0,3
998501944,14,1,13
998501950,0,2,-2
998501970,43,4,39
998501971,0,49,-49
998501973,0,28,-28
998501974,0,151,-151
998501975,65,2,63
998501976,114,0,114
998501977,0,19,-19
998501978,5,0,5
998501979,0,3,-3
998501980,59,0,59
998501981,21,1,20
998501982,0,74,-74
998501983,0,1,-1
998502006,0,2,-2
998502024,0,4,-4
998502032,0,0,0
998502062,31,1,30
998502063,0,0,0
998502173,12,0,12
998502269,0,1,-1
998502546,1,144,-143
998502578,2,0,2
998502599,9,248,-239
998502621,0,1,-1
998601159,1,58,-57
998601292,1,7,-6
999033574,0,198,-198
999800001,15,4,11
999800002,0,3,-3
999800003,2,0,2
999800004,1,3,-2
999800005,0,3,-3
