dong,insum,outsum,diff
강남구 개포1동,468,956,-488
강남구 개포2동,8537,15007,-6470
강남구 개포4동,4677,6969,-2292
강남구 논현1동,28402,23381,5021
강남구 논현2동,20255,16591,3664
강남구 대치1동,22685,11630,11055
강남구 대치2동,28151,17262,10889
강남구 대치4동,26390,14124,12266
강남구 도곡1동,14613,13858,755
강남구 도곡2동,5594,4618,976
강남구 삼성1동,32117,20359,11758
강남구 삼성2동,12697,10150,2547
강남구 세곡동,10321,24763,-14442
강남구 수서동,24012,9178,14834
강남구 신사동,27437,11573,15864
강남구 압구정동,37621,20127,17494
강남구 역삼1동,64736,35301,29435
강남구 역삼2동,17523,15361,2162
강남구 일원1동,4343,7646,-3303
강남구 일원2동,2617,2317,300
강남구 일원본동,4724,10290,-5566
강남구 청담동,25710,18818,6892
강동구 강일동,5106,14320,-9214
강동구 고덕제1동,3697,6327,-2630
강동구 고덕제2동,6095,6127,-32
강동구 길동,8064,9830,-1766
강동구 둔촌제1동,116,196,-80
강동구 둔촌제2동,8434,7725,709
강동구 명일제1동,10817,10485,332
강동구 명일제2동,8770,5940,2830
강동구 상일동,15537,12345,3192
강동구 성내제1동,7218,7862,-644
강동구 성내제2동,7156,7593,-437
강동구 성내제3동,8608,8049,559
강동구 암사제1동,4003,9662,-5659
강동구 암사제2동,2308,1712,596
강동구 암사제3동,650,838,-188
강동구 천호제1동,3328,7442,-4114
강동구 천호제2동,18669,12140,6529
강동구 천호제3동,6931,5482,1449
강북구 미아동,15033,10668,4365
강북구 번1동,37157,26414,10743
강북구 번2동,5009,11092,-6083
강북구 번3동,7749,17320,-9571
강북구 삼각산동,3655,7995,-4340
강북구 삼양동,8613,16186,-7573
강북구 송중동,57793,44660,13133
강북구 송천동,15761,17983,-2222
강북구 수유1동,7931,12075,-4144
강북구 수유2동,6393,11503,-5110
강북구 수유3동,31552,19842,11710
강북구 우이동,9167,9691,-524
강북구 월곡제1동,1007,846,161
강북구 인수동,6539,15143,-8604
강서구 가양제1동,13247,8257,4990
강서구 가양제2동,1254,2473,-1219
강서구 가양제3동,1452,2734,-1282
강서구 공항동,9399,7922,1477
강서구 등촌제1동,11736,14962,-3226
강서구 등촌제2동,4857,10235,-5378
강서구 등촌제3동,17010,15387,1623
강서구 발산제1동,18239,15771,2468
강서구 방화제1동,7666,8959,-1293
강서구 방화제2동,6548,5051,1497
강서구 방화제3동,1029,1531,-502
강서구 염창동,6153,10207,-4054
강서구 우장산동,9891,12569,-2678
강서구 화곡본동,5108,9059,-3951
강서구 화곡제1동,25927,27621,-1694
강서구 화곡제2동,2516,7270,-4754
강서구 화곡제3동,8973,7503,1470
강서구 화곡제4동,4508,7904,-3396
강서구 화곡제6동,12657,15117,-2460
강서구 화곡제8동,13370,9524,3846
관악구 낙성대동,22682,30200,-7518
관악구 난곡동,5513,16443,-10930
관악구 난향동,3268,8126,-4858
관악구 남현동,9187,10864,-1677
관악구 대학동,25870,20436,5434
관악구 미성동,12067,20279,-8212
관악구 보라매동,11187,15279,-4092
관악구 삼성동,7994,22483,-14489
관악구 서림동,11219,19246,-8027
관악구 서원동,43326,27177,16149
관악구 성현동,5534,17544,-12010
관악구 신림동,46919,27601,19318
관악구 신사동,8135,13263,-5128
관악구 신원동,2426,4607,-2181
관악구 은천동,16794,17412,-618
관악구 인헌동,7949,9850,-1901
관악구 조원동,26761,18338,8423
관악구 중앙동,7067,5777,1290
관악구 청룡동,25247,11908,13339
관악구 청림동,1839,5692,-3853
관악구 행운동,33750,25280,8470
광진구 광장동,4286,4531,-245
광진구 구의제1동,9122,9666,-544
광진구 구의제2동,7965,12527,-4562
광진구 구의제3동,10695,5721,4974
광진구 군자동,9211,13147,-3936
광진구 능동,8270,9705,-1435
광진구 자양제1동,2552,2969,-417
광진구 자양제2동,11547,18195,-6648
광진구 자양제3동,4847,5054,-207
광진구 자양제4동,17924,16916,1008
광진구 중곡제1동,4276,5788,-1512
광진구 중곡제2동,6211,7718,-1507
광진구 중곡제3동,4618,7136,-2518
광진구 중곡제4동,3692,7203,-3511
광진구 화양동,16495,13095,3400
구로구 가리봉동,8825,7201,1624
구로구 개봉제1동,22413,24021,-1608
구로구 개봉제2동,16537,15425,1112
구로구 개봉제3동,3184,7974,-4790
구로구 고척제1동,11115,16376,-5261
구로구 고척제2동,7307,15353,-8046
구로구 구로제1동,4436,8044,-3608
구로구 구로제2동,20164,24919,-4755
구로구 구로제3동,54944,18624,36320
구로구 구로제4동,14055,10384,3671
구로구 구로제5동,23438,15640,7798
구로구 수궁동,17217,16221,996
구로구 신도림동,28933,16646,12287
구로구 오류제1동,8113,11507,-3394
구로구 오류제2동,7852,8875,-1023
구로구 항동,1153,5779,-4626
금천구 가산동,47081,24476,22605
금천구 독산제1동,24043,35801,-11758
금천구 독산제2동,8037,14654,-6617
금천구 독산제3동,12300,18588,-6288
금천구 독산제4동,7800,7109,691
금천구 미성동,67,313,-246
금천구 시흥제1동,24994,29650,-4656
금천구 시흥제2동,4815,13628,-8813
금천구 시흥제3동,7549,8468,-919
금천구 시흥제4동,3323,7001,-3678
금천구 시흥제5동,10127,13950,-3823
노원구 공릉1동,13694,12751,943
노원구 공릉2동,11516,14132,-2616
노원구 상계10동,10176,3918,6258
노원구 상계1동,10322,11959,-1637
노원구 상계2동,15247,9485,5762
노원구 상계3.4동,1716,4308,-2592
노원구 상계5동,8512,8313,199
노원구 상계6.7동,15162,9869,5293
노원구 상계8동,2380,4106,-1726
노원구 상계9동,3964,6689,-2725
노원구 월계1동,30457,19145,11312
노원구 월계2동,4749,10400,-5651
노원구 월계3동,8130,9566,-1436
노원구 중계1동,8435,8362,73
노원구 중계2.3동,11694,9704,1990
노원구 중계4동,6714,6924,-210
노원구 중계본동,10360,8790,1570
노원구 하계1동,11831,11388,443
노원구 하계2동,8657,7397,1260
도봉구 도봉제1동,7420,8294,-874
도봉구 도봉제2동,10435,10943,-508
도봉구 방학제1동,10621,15005,-4384
도봉구 방학제2동,2871,9185,-6314
도봉구 방학제3동,4559,9760,-5201
도봉구 쌍문제1동,4638,13282,-8644
도봉구 쌍문제2동,6555,9873,-3318
도봉구 쌍문제3동,7375,5800,1575
도봉구 쌍문제4동,3613,9852,-6239
도봉구 창제1동,27137,11391,15746
도봉구 창제2동,4450,10905,-6455
도봉구 창제3동,4489,10064,-5575
도봉구 창제4동,15283,12453,2830
도봉구 창제5동,12341,12007,334
동대문구 답십리제1동,9459,13406,-3947
동대문구 답십리제2동,10702,13501,-2799
동대문구 면목제5동,30,49,-19
동대문구 용신동,36996,32453,4543
동대문구 이문제1동,7511,9343,-1832
동대문구 이문제2동,3798,4913,-1115
동대문구 장안제1동,22383,19478,2905
동대문구 장안제2동,13294,18485,-5191
동대문구 전농제1동,11436,18672,-7236
동대문구 전농제2동,7586,11319,-3733
동대문구 제기동,19192,18484,708
동대문구 청량리동,30731,21214,9517
동대문구 회기동,6220,5711,509
동대문구 휘경제1동,15383,12359,3024
동대문구 휘경제2동,10365,12734,-2369
동작구 노량진제1동,46687,31379,15308
동작구 노량진제2동,22846,12304,10542
동작구 대방동,27516,33374,-5858
동작구 사당제1동,13698,15155,-1457
동작구 사당제2동,23700,18946,4754
동작구 사당제3동,3824,9969,-6145
동작구 사당제4동,783,1085,-302
동작구 사당제5동,4365,8626,-4261
동작구 상도제1동,32704,38760,-6056
동작구 상도제2동,13171,18393,-5222
동작구 상도제3동,9250,15150,-5900
동작구 상도제4동,4649,16966,-12317
동작구 신대방제1동,4051,4755,-704
동작구 신대방제2동,14461,17548,-3087
동작구 흑석동,19762,21989,-2227
마포구 공덕동,11132,14211,-3079
마포구 대흥동,18038,12603,5435
마포구 도화동,7753,6844,909
마포구 망원제1동,6945,9209,-2264
마포구 망원제2동,5009,6436,-1427
마포구 상암동,31935,24055,7880
마포구 서강동,6623,8134,-1511
마포구 서교동,87281,41694,45587
마포구 성산제1동,6975,11399,-4424
마포구 성산제2동,11717,18448,-6731
마포구 신수동,1918,4229,-2311
마포구 아현동,14945,16015,-1070
마포구 연남동,4463,5152,-689
마포구 염리동,3056,3750,-694
마포구 용강동,11459,10283,1176
마포구 합정동,12413,11045,1368
서대문구 남가좌제1동,6188,8767,-2579
서대문구 남가좌제2동,9748,17692,-7944
서대문구 북가좌제1동,2967,6963,-3996
서대문구 북가좌제2동,8165,14832,-6667
서대문구 북아현동,9510,12419,-2909
서대문구 신촌동,72548,36356,36192
서대문구 연희동,36541,42606,-6065
서대문구 천연동,13253,15308,-2055
서대문구 충현동,21905,24369,-2464
서대문구 홍은제1동,8872,16297,-7425
서대문구 홍은제2동,14894,26448,-11554
서대문구 홍제제1동,18372,13929,4443
서대문구 홍제제2동,11334,16203,-4869
서대문구 홍제제3동,9978,9953,25
서초구 내곡동,7215,9459,-2244
서초구 반포1동,16394,14138,2256
서초구 반포2동,8680,5602,3078
서초구 반포3동,23778,12386,11392
서초구 반포4동,22064,14208,7856
서초구 반포본동,7531,6650,881
서초구 방배1동,11706,9597,2109
서초구 방배2동,12918,12394,524
서초구 방배3동,6536,8685,-2149
서초구 방배4동,9781,11878,-2097
서초구 방배본동,7232,7908,-676
서초구 서초1동,11230,10162,1068
서초구 서초2동,27160,22173,4987
서초구 서초3동,24855,19016,5839
서초구 서초4동,25622,18605,7017
서초구 양재1동,41403,40127,1276
서초구 양재2동,21248,19168,2080
서초구 잠원동,12299,18437,-6138
성동구 금호1가동,3551,7592,-4041
성동구 금호2.3가동,8425,9638,-1213
성동구 금호4가동,4782,7470,-2688
성동구 마장동,6189,7805,-1616
성동구 사근동,6791,4199,2592
성동구 성수1가제1동,6498,4512,1986
성동구 성수1가제2동,4855,3137,1718
성동구 성수2가제1동,4386,4672,-286
성동구 성수2가제3동,6372,3711,2661
성동구 송정동,2005,3595,-1590
성동구 옥수동,10377,11160,-783
성동구 왕십리도선동,12205,7349,4856
성동구 왕십리제2동,6210,10458,-4248
성동구 용답동,7833,7464,369
성동구 응봉동,2255,8138,-5883
성동구 행당제1동,16915,8681,8234
성동구 행당제2동,7624,9363,-1739
성북구 길음제1동,15122,18187,-3065
성북구 길음제2동,9566,12558,-2992
성북구 돈암제1동,17580,14931,2649
성북구 돈암제2동,2311,8869,-6558
성북구 동선동,33710,20486,13224
성북구 보문동,6632,8485,-1853
성북구 삼선동,30584,27433,3151
성북구 석관동,7070,10870,-3800
성북구 성북동,17387,15793,1594
성북구 안암동,10465,9680,785
성북구 월곡제1동,12857,15126,-2269
성북구 월곡제2동,8929,7269,1660
성북구 장위제1동,5188,15260,-10072
성북구 장위제2동,8254,9445,-1191
성북구 장위제3동,3484,6744,-3260
성북구 정릉제1동,8520,13936,-5416
성북구 정릉제2동,9569,22321,-12752
성북구 정릉제3동,6556,7259,-703
성북구 정릉제4동,10264,17435,-7171
성북구 종암동,19055,25708,-6653
송파구 가락1동,2650,3540,-890
송파구 가락2동,9524,13118,-3594
송파구 가락본동,14265,13474,791
송파구 거여1동,2592,3744,-1152
송파구 거여2동,910,998,-88
송파구 마천1동,2077,4170,-2093
송파구 마천2동,4936,10365,-5429
송파구 문정1동,3507,5582,-2075
송파구 문정2동,20479,16426,4053
송파구 방이1동,5153,5859,-706
송파구 방이2동,13092,10515,2577
송파구 삼전동,7961,14318,-6357
송파구 석촌동,16870,20868,-3998
송파구 송파1동,11430,11510,-80
송파구 송파2동,3654,3740,-86
송파구 오금동,10921,13491,-2570
송파구 오륜동,6243,5315,928
송파구 위례동,6844,11303,-4459
송파구 잠실2동,3184,4356,-1172
송파구 잠실3동,39230,17166,22064
송파구 잠실4동,441,706,-265
송파구 잠실6동,17407,7536,9871
송파구 잠실7동,6978,4078,2900
송파구 잠실본동,19326,18173,1153
송파구 장지동,7275,7757,-482
송파구 풍납1동,4613,3700,913
송파구 풍납2동,6169,9069,-2900
양천구 목1동,38857,15649,23208
양천구 목2동,18917,21039,-2122
양천구 목3동,11890,15057,-3167
양천구 목4동,7228,16960,-9732
양천구 목5동,15662,15421,241
양천구 신월1동,2717,3741,-1024
양천구 신월2동,3050,8622,-5572
양천구 신월3동,3850,6087,-2237
양천구 신월4동,4009,10648,-6639
양천구 신월5동,3041,7977,-4936
양천구 신월6동,3136,4344,-1208
양천구 신월7동,5410,13136,-7726
양천구 신정1동,6896,6505,391
양천구 신정2동,3383,3673,-290
양천구 신정3동,15690,24211,-8521
양천구 신정4동,25898,14630,11268
양천구 신정6동,4306,4188,118
양천구 신정7동,5125,8071,-2946
영등포구 당산제1동,10708,7629,3079
영등포구 당산제2동,28701,17290,11411
영등포구 대림제1동,4756,9117,-4361
영등포구 대림제2동,4317,4133,184
영등포구 대림제3동,6524,10424,-3900
영등포구 도림동,3899,12179,-8280
영등포구 문래동,15154,12475,2679
영등포구 신길제1동,3977,7801,-3824
영등포구 신길제3동,5606,11983,-6377
영등포구 신길제4동,1963,4547,-2584
영등포구 신길제5동,7105,7373,-268
영등포구 신길제6동,6635,12034,-5399
영등포구 신길제7동,6575,11795,-5220
영등포구 양평제1동,6322,6588,-266
영등포구 양평제2동,10556,10006,550
영등포구 여의동,77996,32506,45490
영등포구 영등포동,55959,32554,23405
영등포구 영등포본동,15401,12825,2576
용산구 남영동,26684,21460,5224
용산구 보광동,4043,7022,-2979
용산구 서빙고동,5990,8831,-2841
용산구 용문동,2290,3352,-1062
용산구 용산2가동,7167,11382,-4215
용산구 원효로제1동,7119,9988,-2869
용산구 원효로제2동,4168,8137,-3969
용산구 이촌제1동,9729,8242,1487
용산구 이촌제2동,1305,3748,-2443
용산구 이태원제1동,8900,10083,-1183
용산구 이태원제2동,4540,6554,-2014
용산구 청파동,8223,11868,-3645
용산구 필동,4120,400,3720
용산구 한강로동,37211,23301,13910
용산구 한남동,37634,29303,8331
용산구 효창동,3357,7427,-4070
용산구 후암동,4904,9329,-4425
은평구 갈현제1동,4306,11460,-7154
은평구 갈현제2동,14883,13765,1118
은평구 구산동,6277,10290,-4013
은평구 녹번동,21655,17838,3817
은평구 대조동,26690,21015,5675
은평구 불광제1동,23712,18571,5141
은평구 불광제2동,10963,16371,-5408
은평구 수색동,4330,7429,-3099
은평구 신사제1동,10506,15637,-5131
은평구 신사제2동,10853,12797,-1944
은평구 역촌동,14398,17117,-2719
은평구 응암제1동,12256,18299,-6043
은평구 응암제2동,3282,8885,-5603
은평구 응암제3동,7703,12241,-4538
은평구 증산동,14501,12270,2231
은평구 진관동,21554,25260,-3706
종로구 가회동,1038,1751,-713
종로구 교남동,6031,5132,899
종로구 무악동,3596,4437,-841
종로구 부암동,8259,11312,-3053
종로구 사직동,41929,18887,23042
종로구 삼청동,5314,2413,2901
종로구 숭인제1동,683,1964,-1281
종로구 숭인제2동,7686,7189,497
종로구 이화동,17256,10327,6929
종로구 종로1.2.3.4가동,113839,31915,81924
종로구 종로5.6가동,15228,7152,8076
종로구 창신제1동,13547,8984,4563
종로구 창신제2동,2693,4276,-1583
종로구 창신제3동,2365,3838,-1473
종로구 청운효자동,6095,6981,-886
종로구 충현동,1996,1442,554
종로구 평창동,8544,11733,-3189
종로구 혜화동,27471,15773,11698
중구 광희동,18286,10438,7848
중구 다산동,3859,5605,-1746
중구 동화동,1193,1387,-194
중구 명동,33818,12493,21325
중구 소공동,42295,12638,29657
중구 신당동,4110,4461,-351
중구 신당제5동,10032,6173,3859
중구 약수동,4702,4978,-276
중구 을지로동,5832,2120,3712
중구 장충동,4220,3267,953
중구 중림동,7558,4873,2685
중구 청구동,4361,4175,186
중구 필동,4679,3857,822
중구 황학동,4670,4532,138
중구 회현동,36236,24853,11383
중랑구 망우본동,14109,15480,-1371
중랑구 망우제3동,2949,6502,-3553
중랑구 면목본동,17831,15936,1895
중랑구 면목제2동,3749,7098,-3349
중랑구 면목제3.8동,13458,13859,-401
중랑구 면목제4동,5097,7846,-2749
중랑구 면목제5동,3951,6751,-2800
중랑구 면목제7동,3258,6051,-2793
중랑구 묵제1동,8718,10419,-1701
중랑구 묵제2동,2285,3086,-801
중랑구 상봉제1동,7454,7801,-347
중랑구 상봉제2동,20198,16294,3904
중랑구 신내1동,9251,20483,-11232
중랑구 신내2동,13669,10803,2866
중랑구 중화제1동,4072,8064,-3992
중랑구 중화제2동,12634,12102,532
NA,280966,367207,-86241
