ID,insum,outsum,diff
100000001,0,0,0
100000002,1467,2168,-701
100000003,1979,2688,-709
100000004,231,781,-550
100000005,1175,1677,-502
100000006,71,88,-17
100000007,361,304,57
100000008,8,40,-32
100000009,42,181,-139
100000010,3,52,-49
100000011,51,57,-6
100000012,82,25,57
100000013,0,11,-11
100000014,8,23,-15
100000015,413,685,-272
100000016,80,188,-108
100000017,52,93,-41
100000018,184,153,31
100000019,424,853,-429
100000020,205,1229,-1024
100000021,261,177,84
100000022,264,554,-290
100000023,524,422,102
100000025,191,733,-542
100000028,301,458,-157
100000029,3,27,-24
100000030,67,7,60
100000031,607,2072,-1465
100000032,246,1067,-821
100000033,150,1013,-863
100000034,7,117,-110
100000035,186,537,-351
100000036,208,294,-86
100000037,338,113,225
100000038,874,274,600
100000039,80,42,38
100000040,12,90,-78
100000041,370,128,242
100000042,297,84,213
100000043,154,99,55
100000044,7,17,-10
100000045,26,47,-21
100000046,117,72,45
100000047,9,36,-27
100000048,30,55,-25
100000049,145,233,-88
100000051,113,114,-1
100000053,33,1,32
100000054,39,11,28
100000055,87,21,66
100000056,81,82,-1
100000057,443,173,270
100000058,92,116,-24
100000059,7,39,-32
100000060,108,187,-79
100000061,399,168,231
100000062,177,210,-33
100000063,249,150,99
100000064,247,152,95
100000065,110,63,47
100000066,115,38,77
100000067,65,94,-29
100000068,95,142,-47
100000069,52,162,-110
100000072,39,51,-12
100000073,196,221,-25
100000075,185,36,149
100000076,446,1801,-1355
100000077,83,258,-175
100000078,7,67,-60
100000079,3,35,-32
100000080,11,54,-43
100000081,1,56,-55
100000102,737,1565,-828
100000103,357,275,82
100000104,290,263,27
100000105,321,371,-50
100000106,372,1514,-1142
100000107,50,494,-444
100000108,15,69,-54
100000109,386,242,144
100000116,278,359,-81
100000117,2,56,-54
100000118,928,390,538
100000119,446,392,54
100000121,55,209,-154
100000122,81,291,-210
100000123,1279,1608,-329
100000124,672,1096,-424
100000125,488,1500,-1012
100000126,170,246,-76
100000127,548,290,258
100000128,12,498,-486
100000129,88,191,-103
100000130,356,281,75
100000131,103,226,-123
100000132,188,1270,-1082
100000133,652,444,208
100000135,122,205,-83
100000139,122,175,-53
100000140,0,0,0
100000142,218,81,137
100000143,81,74,7
100000144,410,20,390
100000147,1069,3070,-2001
100000150,12,103,-91
100000151,84,811,-727
100000153,0,58,-58
100000154,0,100,-100
100000155,2,25,-23
100000156,31,95,-64
100000157,281,70,211
100000158,21,48,-27
100000159,42,367,-325
100000165,514,182,332
100000169,4,161,-157
100000174,102,116,-14
100000179,10,379,-369
100000180,35,53,-18
100000181,47,51,-4
100000188,10,29,-19
100000189,297,94,203
100000190,74,428,-354
100000191,72,216,-144
100000192,3,75,-72
100000193,35,72,-37
100000330,217,308,-91
100000355,30,65,-35
100000362,869,383,486
100000363,2359,2985,-626
100000364,208,97,111
100000365,3857,3626,231
100000366,707,559,148
100000367,2881,2993,-112
100000368,73,67,6
100000369,142,1183,-1041
100000370,36,575,-539
100000376,11,237,-226
100000379,329,1504,-1175
100000380,1564,2563,-999
100000384,1517,2550,-1033
100000385,455,2204,-1749
100000386,1077,1954,-877
100000387,731,3665,-2934
100000388,1211,1320,-109
100000389,1750,3228,-1478
100000390,665,825,-160
100000391,1544,3948,-2404
100000392,269,593,-324
100000393,228,1860,-1632
100000394,693,1217,-524
100000395,406,1099,-693
100000396,679,551,128
100000397,392,1387,-995
100000398,4872,1697,3175
100000413,0,0,0
100900002,0,0,0
100900003,18,57,-39
100900004,0,0,0
100900005,0,0,0
100900006,0,0,0
100900007,0,0,0
100900008,0,0,0
100900009,0,1,-1
100900010,0,0,0
100900011,0,0,0
100900012,0,0,0
100900013,0,0,0
100900014,0,0,0
100900015,0,0,0
100900016,0,0,0
100900017,23,3,20
100900018,0,0,0
100900019,0,0,0
100900020,0,0,0
100900021,25,0,25
100900022,0,0,0
100900023,0,0,0
100900024,0,0,0
100900025,0,0,0
100900026,0,0,0
100900027,5,163,-158
100900028,8,4,4
100900029,0,0,0
100900030,0,0,0
100900031,130,28,102
100900032,51,0,51
100900033,0,0,0
100900034,0,0,0
100900035,0,0,0
100900036,0,0,0
100900037,0,0,0
100900038,0,1,-1
100900039,40,0,40
100900040,135,1,134
100900041,115,1,114
100900042,11,130,-119
100900043,0,1,-1
100900044,40,0,40
100900045,0,0,0
100900046,104,0,104
100900047,95,9,86
100900048,0,0,0
100900049,0,0,0
100900050,0,0,0
100900051,0,0,0
100900052,0,0,0
100900053,0,0,0
100900054,0,0,0
100900055,0,0,0
100900056,0,0,0
100900057,57,11,46
100900058,1,0,1
100900059,0,0,0
100900060,0,0,0
100900061,0,0,0
100900062,0,0,0
100900063,18,137,-119
100900064,29,0,29
100900065,0,0,0
100900066,9,0,9
100900067,0,0,0
100900068,0,0,0
100900069,0,0,0
100900070,0,0,0
100900071,0,0,0
100900072,0,0,0
100900073,0,0,0
100900074,0,0,0
100900075,3,0,3
100900076,1,3,-2
100900077,2,1,1
100900078,4,0,4
100900079,0,0,0
100900080,12,3,9
100900081,0,0,0
100900082,0,0,0
100900083,0,0,0
100900085,0,0,0
100900086,0,0,0
100900088,0,0,0
100900089,0,0,0
100900090,2,11,-9
100900091,0,2,-2
100900092,19,0,19
100900093,0,0,0
100900094,0,0,0
100900095,0,0,0
100900096,0,0,0
100900097,0,0,0
100900098,0,0,0
100900099,0,0,0
100900100,0,0,0
100900101,1,0,1
100900102,0,0,0
100900103,0,0,0
100900104,0,0,0
100900105,0,0,0
100900106,0,0,0
100900107,0,0,0
100900108,0,0,0
100900109,0,0,0
100900110,14,3,11
100900111,0,0,0
100900112,0,0,0
100900113,0,0,0
100900114,0,0,0
100900115,0,1,-1
100900116,30,0,30
100900117,0,0,0
100900118,0,0,0
100900119,0,0,0
100900120,0,0,0
100900121,22,2,20
100900122,0,0,0
100900123,0,0,0
100900124,0,0,0
100900125,0,0,0
100900126,0,0,0
100900127,0,0,0
100900128,0,0,0
100900129,0,0,0
100900131,0,0,0
100900133,0,0,0
100900134,0,0,0
100900135,0,0,0
100900137,0,0,0
100900138,0,0,0
100900139,0,0,0
100900140,0,0,0
100900141,0,0,0
100900142,0,0,0
100900143,0,0,0
100900144,0,0,0
100900145,0,0,0
100900146,1,1,0
100900147,0,0,0
100900148,0,0,0
100900149,0,0,0
100900150,0,0,0
100900151,0,0,0
100900152,0,0,0
100900153,0,0,0
100900154,1,0,1
100900155,0,0,0
100900156,0,0,0
100900157,0,0,0
100900159,0,0,0
100900160,0,0,0
100900161,0,0,0
100900162,0,0,0
100900163,0,0,0
100900164,0,0,0
100900165,0,0,0
100900166,0,0,0
100900167,0,0,0
100900168,0,0,0
100900169,0,0,0
100900170,0,0,0
100900171,0,0,0
100900172,0,0,0
100900173,0,0,0
100900174,0,0,0
100900176,0,0,0
100900177,0,0,0
100900178,42,2,40
100900179,0,0,0
100900180,0,0,0
100900181,0,0,0
100900182,1,0,1
100900184,2,8,-6
100900186,0,0,0
100900187,0,0,0
100900188,0,0,0
100900189,0,0,0
100900191,0,0,0
100900192,0,0,0
100900195,3,0,3
100900197,108,83,25
100900198,1,2,-1
100900199,5,3,2
100900200,0,0,0
100900201,0,0,0
100900202,0,0,0
100900203,0,0,0
100900204,5,0,5
100900205,0,0,0
100900206,0,0,0
100900207,0,0,0
100900210,0,0,0
100900211,0,0,0
100900213,0,0,0
100900214,0,0,0
100900215,0,0,0
100900217,0,0,0
101000001,515,683,-168
101000002,162,561,-399
101000003,67,440,-373
101000004,3797,7092,-3295
101000006,2640,3301,-661
101000007,458,2471,-2013
101000008,1066,2105,-1039
101000009,971,221,750
101000010,170,295,-125
101000011,104,190,-86
101000012,31,15,16
101000013,158,331,-173
101000014,150,404,-254
101000015,542,458,84
101000016,31,281,-250
101000017,77,209,-132
101000018,453,612,-159
101000020,651,150,501
101000021,91,278,-187
101000022,0,0,0
101000023,116,227,-111
101000025,86,154,-68
101000026,103,6,97
101000027,738,1233,-495
101000028,385,135,250
101000029,17,478,-461
101000030,66,57,9
101000031,83,605,-522
101000032,1015,1861,-846
101000033,212,1132,-920
101000034,150,1276,-1126
101000035,22,104,-82
101000036,335,606,-271
101000037,345,1400,-1055
101000039,305,673,-368
101000040,334,1046,-712
101000041,1331,2841,-1510
101000042,9,376,-367
101000043,1136,1858,-722
101000045,106,283,-177
101000046,561,974,-413
101000047,659,1301,-642
101000048,105,157,-52
101000049,51,500,-449
101000050,179,810,-631
101000051,99,1244,-1145
101000052,372,1051,-679
101000053,76,315,-239
101000054,208,193,15
101000055,425,1204,-779
101000056,14,110,-96
101000057,183,294,-111
101000058,293,1263,-970
101000059,645,1879,-1234
101000060,83,112,-29
101000061,148,1623,-1475
101000062,67,186,-119
101000063,82,1020,-938
101000064,117,350,-233
101000065,51,679,-628
101000066,78,655,-577
101000067,59,105,-46
101000068,146,259,-113
101000069,115,14,101
101000070,180,122,58
101000071,381,533,-152
101000072,1269,930,339
101000073,605,599,6
101000074,1968,1542,426
101000075,2743,833,1910
101000077,1285,437,848
101000078,664,543,121
101000079,738,394,344
101000080,340,42,298
101000081,627,522,105
101000082,805,534,271
101000083,1042,704,338
101000084,191,117,74
101000085,940,649,291
101000086,65,87,-22
101000087,131,119,12
101000088,524,567,-43
101000089,263,597,-334
101000090,248,179,69
101000091,153,190,-37
101000092,670,215,455
101000093,553,286,267
101000094,32,87,-55
101000095,71,105,-34
101000096,307,229,78
101000097,32,111,-79
101000098,65,211,-146
101000099,216,451,-235
101000100,201,519,-318
101000101,232,208,24
101000102,75,252,-177
101000103,137,273,-136
101000104,29,227,-198
101000105,8,103,-95
101000106,5,55,-50
101000107,24,62,-38
101000108,124,60,64
101000109,55,25,30
101000110,7,42,-35
101000111,36,36,0
101000113,38,225,-187
101000114,622,1125,-503
101000115,0,0,0
101000116,0,0,0
101000117,0,0,0
101000119,3,24,-21
101000120,3,12,-9
101000121,0,9,-9
101000122,4,4,0
101000123,7,8,-1
101000124,388,120,268
101000125,114,54,60
101000128,38,99,-61
101000130,391,104,287
101000131,400,275,125
101000132,64,90,-26
101000135,1,9,-8
101000136,13,31,-18
101000137,3,228,-225
101000141,246,2723,-2477
101000147,220,35,185
101000148,90,0,90
101000149,0,0,0
101000150,65,74,-9
101000151,16,2,14
101000152,77,18,59
101000153,138,37,101
101000154,132,85,47
101000155,0,1,-1
101000156,0,1,-1
101000157,0,1,-1
101000160,0,0,0
101000163,54,292,-238
101000164,66,24,42
101000165,162,109,53
101000166,106,209,-103
101000168,8,9,-1
101000252,900,195,705
101000254,0,0,0
101000258,180,5,175
101000261,244,42,202
101000262,209,1803,-1594
101000263,103,814,-711
101000265,0,215,-215
101000266,54,34,20
101000269,0,0,0
101000290,79,1220,-1141
101000293,0,0,0
101000294,187,127,60
101000295,75,89,-14
101000301,45,236,-191
101000304,509,1169,-660
101000305,862,686,176
101000328,23,448,-425
101900001,0,0,0
101900002,0,0,0
101900003,0,0,0
101900004,0,0,0
101900005,0,0,0
101900006,0,0,0
101900007,0,0,0
101900008,0,0,0
101900009,0,0,0
101900010,0,0,0
101900011,0,0,0
101900012,0,0,0
101900013,0,0,0
101900017,0,0,0
101900018,14,0,14
101900019,3,1,2
101900020,26,0,26
101900021,0,0,0
101900022,24,7,17
101900023,0,0,0
101900026,0,0,0
101900027,0,0,0
102000001,585,1831,-1246
102000002,554,235,319
102000003,379,1680,-1301
102000004,417,1104,-687
102000005,170,1175,-1005
102000006,164,981,-817
102000007,217,1453,-1236
102000008,1011,773,238
102000009,1902,2509,-607
102000010,823,905,-82
102000011,1615,2162,-547
102000012,1189,1106,83
102000018,326,407,-81
102000019,66,324,-258
102000026,2,77,-75
102000029,137,16,121
102000030,19,60,-41
102000031,1,35,-34
102000032,65,73,-8
102000033,139,84,55
102000034,25,25,0
102000035,72,61,11
102000036,0,97,-97
102000037,25,16,9
102000038,6,30,-24
102000039,3,21,-18
102000040,31,47,-16
102000041,5,110,-105
102000042,18,107,-89
102000043,0,34,-34
102000044,109,218,-109
102000045,74,295,-221
102000046,195,246,-51
102000047,162,201,-39
102000048,60,113,-53
102000049,308,129,179
102000050,145,308,-163
102000051,39,143,-104
102000052,367,357,10
102000053,338,266,72
102000054,234,123,111
102000055,130,17,113
102000056,433,40,393
102000057,204,90,114
102000058,54,57,-3
102000059,137,85,52
102000060,495,623,-128
102000061,146,182,-36
102000062,706,474,232
102000063,73,338,-265
102000064,379,455,-76
102000065,3,71,-68
102000066,233,196,37
102000067,375,1314,-939
102000068,1113,637,476
102000069,30,481,-451
102000070,513,11,502
102000071,2328,3350,-1022
102000072,602,585,17
102000073,57,79,-22
102000074,181,60,121
102000075,72,97,-25
102000076,118,32,86
102000077,460,150,310
102000078,436,35,401
102000079,48,14,34
102000080,83,28,55
102000081,95,209,-114
102000082,40,114,-74
102000083,107,29,78
102000084,372,69,303
102000085,342,100,242
102000086,573,232,341
102000087,32,224,-192
102000088,113,87,26
102000089,340,108,232
102000090,113,293,-180
102000091,782,232,550
102000092,141,124,17
102000093,131,250,-119
102000094,149,61,88
102000095,129,204,-75
102000096,378,158,220
102000097,133,131,2
102000098,152,116,36
102000099,274,223,51
102000100,64,175,-111
102000101,47,202,-155
102000102,92,299,-207
102000103,48,243,-195
102000104,79,126,-47
102000105,124,58,66
102000106,214,76,138
102000107,538,27,511
102000108,189,16,173
102000109,111,58,53
102000110,550,136,414
102000111,0,29,-29
102000112,24,31,-7
102000113,0,10,-10
102000114,108,92,16
102000115,23,71,-48
102000116,14,206,-192
102000117,2,91,-89
102000118,181,782,-601
102000119,116,149,-33
102000120,57,186,-129
102000121,122,156,-34
102000122,35,266,-231
102000123,70,92,-22
102000124,123,319,-196
102000125,60,60,0
102000126,103,168,-65
102000127,121,58,63
102000128,83,210,-127
102000129,128,87,41
102000130,144,395,-251
102000131,151,208,-57
102000132,53,340,-287
102000133,765,264,501
102000134,212,146,66
102000135,112,247,-135
102000136,103,58,45
102000137,67,29,38
102000138,44,7,37
102000139,32,58,-26
102000140,9,56,-47
102000141,1,142,-141
102000142,60,86,-26
102000143,40,29,11
102000144,121,17,104
102000145,55,20,35
102000146,118,72,46
102000147,15,28,-13
102000148,11,126,-115
102000149,51,61,-10
102000150,177,8,169
102000151,14,69,-55
102000152,36,45,-9
102000153,136,108,28
102000154,67,42,25
102000155,43,44,-1
102000156,19,19,0
102000157,2,39,-37
102000158,4,115,-111
102000159,22,29,-7
102000161,40,343,-303
102000162,9,5,4
102000163,12,195,-183
102000164,165,317,-152
102000165,0,0,0
102000166,0,27,-27
102000167,0,0,0
102000168,16,15,1
102000169,19,159,-140
102000170,0,0,0
102000171,0,0,0
102000172,1,71,-70
102000173,77,128,-51
102000174,8,3,5
102000175,107,47,60
102000176,4,15,-11
102000178,24,45,-21
102000179,93,73,20
102000180,162,34,128
102000181,336,87,249
102000182,219,109,110
102000183,539,151,388
102000184,199,55,144
102000185,1093,178,915
102000186,312,66,246
102000187,149,109,40
102000188,389,279,110
102000189,230,45,185
102000190,210,518,-308
102000191,195,49,146
102000192,43,211,-168
102000193,15,11,4
102000194,9,26,-17
102000195,86,32,54
102000196,50,42,8
102000197,253,9,244
102000198,30,68,-38
102000199,310,3,307
102000200,84,144,-60
102000201,214,44,170
102000202,0,6,-6
102000203,45,7,38
102000204,105,91,14
102000205,249,85,164
102000206,60,39,21
102000207,125,125,0
102000208,3,104,-101
102000209,24,2,22
102000210,55,7,48
102000211,8,0,8
102000212,250,5,245
102000213,0,1,-1
102000214,147,1,146
102000215,0,1,-1
102000216,22,47,-25
102000217,0,0,0
102000218,60,64,-4
102000219,4,27,-23
102000225,242,229,13
102000226,0,0,0
102000227,59,2,57
102000228,0,0,0
102000229,3,1,2
102000230,58,99,-41
102000231,57,188,-131
102000232,9,57,-48
102000233,68,156,-88
102000234,24,366,-342
102000236,35,1,34
102000237,55,19,36
102000238,3,4,-1
102000240,0,0,0
102000241,39,6,33
102000243,2,33,-31
102000245,0,0,0
102000246,5,49,-44
102000247,39,212,-173
102000248,123,345,-222
102000249,29,7,22
102000250,4,58,-54
102000254,56,48,8
102000266,0,13,-13
102000271,32,1,31
102000286,33,124,-91
102000297,128,172,-44
102000299,0,0,0
102000301,0,0,0
102000305,0,0,0
102000307,0,0,0
102900001,109,20,89
102900002,43,1,42
102900003,0,0,0
102900005,59,2,57
102900006,45,2,43
102900007,132,0,132
102900008,11,1,10
102900009,20,0,20
102900010,37,0,37
102900011,0,0,0
102900012,0,0,0
102900013,0,0,0
102900015,0,0,0
102900016,0,0,0
102900017,0,0,0
102900018,0,0,0
102900019,0,0,0
102900020,0,0,0
102900021,0,0,0
102900022,0,0,0
102900023,0,0,0
102900024,0,0,0
102900025,0,0,0
102900026,4,114,-110
102900027,0,0,0
102900028,4,60,-56
102900029,0,0,0
102900030,7,3,4
102900031,28,16,12
102900032,0,0,0
102900033,0,0,0
102900034,104,1,103
102900035,0,0,0
102900036,118,40,78
102900037,54,37,17
102900038,31,12,19
102900039,1,0,1
102900040,0,0,0
102900041,0,0,0
102900042,0,0,0
102900043,0,0,0
102900044,0,0,0
102900045,0,0,0
102900046,0,0,0
102900047,0,0,0
102900048,0,0,0
102900049,0,0,0
102900050,0,0,0
102900051,0,0,0
102900053,0,0,0
102900054,0,0,0
102900055,0,0,0
102900056,0,0,0
102900057,0,0,0
102900058,0,0,0
102900059,0,0,0
102900060,0,13,-13
102900061,9,10,-1
102900062,28,18,10
102900063,62,5,57
102900064,0,72,-72
102900065,34,0,34
102900066,10,0,10
102900068,0,0,0
102900070,0,0,0
102900072,0,0,0
102900073,0,0,0
102900075,0,0,0
102900076,0,0,0
102900077,0,0,0
102900078,0,0,0
102900079,50,0,50
102900080,19,0,19
102900081,0,0,0
102900082,0,0,0
102900083,0,0,0
102900084,0,0,0
102900085,0,0,0
102900086,0,0,0
102900087,0,0,0
102900088,0,0,0
102900089,0,0,0
102900090,0,0,0
102900091,0,0,0
102900092,0,0,0
102900094,0,0,0
102900095,10,0,10
102900096,0,0,0
102900097,0,0,0
103000001,1612,1141,471
103000002,1170,1076,94
103000003,967,992,-25
103000004,204,319,-115
103000005,946,956,-10
103000006,482,675,-193
103000007,246,219,27
103000008,151,34,117
103000009,422,408,14
103000010,73,31,42
103000011,323,518,-195
103000012,395,945,-550
103000013,327,380,-53
103000014,588,1623,-1035
103000015,84,22,62
103000016,248,460,-212
103000017,105,217,-112
103000018,155,164,-9
103000019,174,193,-19
103000020,356,431,-75
103000021,1828,1604,224
103000022,147,257,-110
103000023,482,1631,-1149
103000024,29,88,-59
103000025,23,311,-288
103000026,77,83,-6
103000027,68,229,-161
103000028,198,222,-24
103000029,67,49,18
103000030,213,402,-189
103000031,384,835,-451
103000032,637,384,253
103000033,2278,2126,152
103000034,511,334,177
103000035,154,424,-270
103000036,108,176,-68
103000037,147,125,22
103000038,239,493,-254
103000039,93,100,-7
103000040,121,271,-150
103000041,551,416,135
103000042,620,73,547
103000043,485,291,194
103000044,46,19,27
103000046,16,55,-39
103000047,124,105,19
103000048,41,43,-2
103000049,36,58,-22
103000050,95,3,92
103000051,33,68,-35
103000052,55,9,46
103000053,5,36,-31
103000054,666,103,563
103000055,918,396,522
103000056,298,270,28
103000057,637,181,456
103000058,272,75,197
103000059,301,237,64
103000060,266,124,142
103000061,284,247,37
103000062,181,54,127
103000063,248,419,-171
103000064,8,17,-9
103000065,3,21,-18
103000066,70,0,70
103000069,92,36,56
103000070,111,54,57
103000071,174,194,-20
103000072,54,104,-50
103000073,329,84,245
103000074,207,48,159
103000075,5,89,-84
103000076,78,282,-204
103000077,1,92,-91
103000078,186,364,-178
103000079,72,225,-153
103000080,317,150,167
103000081,78,428,-350
103000082,351,31,320
103000083,21,26,-5
103000084,28,2,26
103000085,0,19,-19
103000086,344,210,134
103000087,65,382,-317
103000088,232,183,49
103000089,82,307,-225
103000090,2861,2100,761
103000091,645,671,-26
103000092,321,138,183
103000093,48,108,-60
103000094,170,73,97
103000095,12,52,-40
103000096,351,4,347
103000097,4,76,-72
103000098,430,36,394
103000099,23,63,-40
103000100,61,109,-48
103000101,482,41,441
103000102,17,67,-50
103000103,352,18,334
103000104,57,18,39
103000105,117,9,108
103000106,5,47,-42
103000107,116,10,106
103000108,509,855,-346
103000109,178,492,-314
103000110,380,522,-142
103000111,138,144,-6
103000112,56,191,-135
103000113,31,332,-301
103000114,480,261,219
103000115,492,344,148
103000116,502,170,332
103000117,435,111,324
103000118,47,92,-45
103000119,47,77,-30
103000120,3,12,-9
103000121,12,41,-29
103000122,666,1013,-347
103000125,0,42,-42
103000126,272,1,271
103000127,0,39,-39
103000128,22,0,22
103000129,1,28,-27
103000130,32,13,19
103000131,28,58,-30
103000132,4,22,-18
103000133,3,34,-31
103000134,57,113,-56
103000135,78,88,-10
103000136,81,62,19
103000137,56,232,-176
103000138,159,274,-115
103000139,0,21,-21
103000140,28,5,23
103000141,16,8,8
103000142,51,16,35
103000143,13,9,4
103000144,76,22,54
103000145,9,16,-7
103000150,27,14,13
103000152,35,118,-83
103000153,79,237,-158
103000156,1,28,-27
103000157,73,2,71
103000159,47,7,40
103000162,15,1,14
103000163,0,7,-7
103000164,5,2,3
103000165,35,53,-18
103000166,97,177,-80
103000167,73,44,29
103000168,83,36,47
103000169,99,178,-79
103000170,777,203,574
103000171,0,28,-28
103000172,395,110,285
103000173,17,6,11
103000174,635,131,504
103000175,62,19,43
103000176,191,237,-46
103000177,42,24,18
103000178,24,21,3
103000179,31,4,27
103000183,92,0,92
103000185,64,6,58
103000186,100,50,50
103000187,3,2,1
103000188,1,58,-57
103000189,170,258,-88
103000191,198,136,62
103000292,23,207,-184
103000293,23,673,-650
103000295,86,23,63
103000296,13,0,13
103000297,0,0,0
103000504,3,1,2
103000505,0,3,-3
103000506,2,23,-21
103000507,98,0,98
103000508,6,57,-51
103000509,68,126,-58
103900001,0,0,0
103900002,0,0,0
103900003,74,20,54
103900004,2,0,2
103900005,0,0,0
103900006,0,0,0
103900007,0,0,0
103900008,3,0,3
103900009,63,8,55
103900010,67,0,67
103900011,0,0,0
103900012,0,13,-13
103900013,0,0,0
103900014,1,2,-1
103900015,34,0,34
103900016,0,0,0
103900017,0,0,0
103900018,0,0,0
103900019,3,49,-46
103900020,0,0,0
103900021,26,0,26
103900022,76,3,73
103900023,17,0,17
103900024,0,5,-5
103900025,0,0,0
103900026,0,0,0
103900027,24,4,20
103900028,1,16,-15
103900029,171,6,165
103900030,97,13,84
103900031,2,0,2
103900032,5,8,-3
103900033,9,1,8
103900034,1,1,0
103900035,0,0,0
103900036,1,4,-3
103900037,1,2,-1
103900038,15,30,-15
103900039,0,0,0
103900040,0,0,0
103900041,4,0,4
103900042,0,0,0
103900043,0,0,0
103900044,0,46,-46
103900045,9,6,3
103900047,0,0,0
103900048,0,0,0
103900049,0,0,0
103900050,1,0,1
103900051,0,0,0
103900052,0,0,0
103900053,1,0,1
103900054,0,0,0
103900055,0,0,0
103900056,0,0,0
103900057,21,1,20
103900058,0,0,0
103900059,0,0,0
103900060,38,0,38
103900061,50,2,48
103900062,0,0,0
103900063,0,0,0
103900064,6,0,6
103900065,12,42,-30
103900066,39,3,36
103900067,12,0,12
103900068,0,0,0
103900069,0,0,0
103900070,3,0,3
103900071,9,0,9
103900072,0,0,0
103900073,2,16,-14
103900074,10,0,10
103900075,5,0,5
103900076,0,0,0
103900077,1,16,-15
103900078,22,1,21
103900079,0,0,0
103900080,0,0,0
103900081,0,0,0
103900082,0,0,0
103900083,34,177,-143
103900084,0,0,0
103900085,1,0,1
103900086,13,15,-2
103900088,4,9,-5
103900089,1,5,-4
103900090,3,0,3
103900091,0,0,0
103900092,0,0,0
103900093,3,0,3
103900094,0,0,0
103900095,0,0,0
103900096,7,0,7
103900097,0,0,0
103900098,0,0,0
103900099,15,2,13
103900100,0,0,0
103900101,0,0,0
103900102,0,0,0
103900104,0,1,-1
103900105,0,0,0
103900106,0,0,0
103900107,54,2,52
103900108,3,6,-3
103900109,26,0,26
103900110,0,0,0
103900111,0,0,0
103900112,0,0,0
103900113,0,0,0
103900114,0,0,0
103900115,0,0,0
103900116,0,44,-44
103900117,7,0,7
103900119,0,61,-61
103900120,9,1,8
103900122,0,0,0
103900123,1,0,1
103900124,0,0,0
103900125,0,0,0
103900126,25,0,25
103900127,0,3,-3
103900128,0,0,0
103900131,0,0,0
103900133,41,0,41
103900134,0,0,0
103900135,0,0,0
103900137,0,0,0
103900138,0,0,0
103900139,21,96,-75
103900140,0,0,0
103900141,0,0,0
103900142,42,0,42
103900143,0,0,0
103900144,0,0,0
103900145,1,11,-10
103900146,38,3,35
103900147,0,0,0
103900148,0,0,0
103900149,22,1,21
103900150,113,48,65
103900151,0,0,0
103900152,173,8,165
103900153,0,0,0
103900154,0,5,-5
103900155,5,2,3
103900156,0,0,0
103900157,0,0,0
103900158,22,0,22
103900159,0,0,0
103900160,0,0,0
103900161,10,13,-3
103900162,0,0,0
103900163,0,0,0
103900167,0,21,-21
103900168,0,1,-1
103900169,0,17,-17
103900170,0,0,0
103900171,0,0,0
103900172,0,0,0
103900173,0,0,0
103900174,42,0,42
103900175,0,19,-19
103900176,0,0,0
103900177,0,0,0
103900178,0,0,0
103900179,0,0,0
103900180,0,0,0
103900181,0,0,0
103900182,0,0,0
103900184,0,0,0
103900185,0,0,0
103900187,0,2,-2
103900188,0,2,-2
103900189,30,0,30
103900190,1,0,1
103900191,0,0,0
103900192,0,0,0
103900193,0,0,0
103900194,0,0,0
103900195,0,0,0
103900196,0,0,0
103900197,0,0,0
103900198,0,0,0
103900199,0,0,0
103900200,0,0,0
103900201,0,0,0
103900202,0,0,0
103900203,23,0,23
103900204,0,0,0
103900207,0,0,0
103900208,1,0,1
103900209,0,0,0
103900210,0,0,0
103900211,74,0,74
103900212,0,0,0
103900213,0,0,0
103900214,83,195,-112
103900215,0,0,0
103900216,2,0,2
103900217,28,0,28
103900218,0,0,0
103900219,0,0,0
103900233,0,0,0
103900235,0,0,0
103900236,0,0,0
103900242,0,0,0
103900243,0,0,0
103900244,4,1,3
103900245,0,0,0
103900246,0,0,0
103900247,0,0,0
103900248,0,0,0
103900249,0,0,0
103900250,0,0,0
103900251,0,0,0
103900253,0,0,0
103900254,0,0,0
103900255,0,0,0
103900256,0,0,0
103900257,0,0,0
103900258,0,0,0
103900259,0,0,0
103900261,0,0,0
103900262,0,0,0
103900263,0,0,0
103900264,0,0,0
103900265,0,0,0
103900266,0,1,-1
103900267,0,0,0
103900268,1,0,1
103900269,5,0,5
103900270,1,0,1
103900271,3,0,3
103900272,0,0,0
103900273,0,0,0
103900274,0,0,0
103900275,0,0,0
103900276,0,0,0
103900277,0,0,0
103900278,0,0,0
103900279,0,0,0
103900280,0,0,0
104000001,959,665,294
104000002,1005,1267,-262
104000003,993,962,31
104000004,1195,1233,-38
104000005,769,1242,-473
104000006,1282,862,420
104000007,2322,1213,1109
104000008,38,25,13
104000009,452,174,278
104000010,59,258,-199
104000011,41,22,19
104000012,11,28,-17
104000013,160,213,-53
104000014,59,38,21
104000015,236,49,187
104000016,18,21,-3
104000018,583,69,514
104000019,691,155,536
104000020,35,131,-96
104000021,125,225,-100
104000022,88,150,-62
104000023,483,111,372
104000024,17,8,9
104000026,18,2,16
104000027,4,11,-7
104000028,449,163,286
104000029,27,19,8
104000030,495,327,168
104000031,576,56,520
104000032,18,22,-4
104000033,389,59,330
104000034,78,28,50
104000035,792,62,730
104000036,565,175,390
104000037,17,28,-11
104000038,324,162,162
104000039,227,157,70
104000040,67,206,-139
104000041,199,95,104
104000042,200,80,120
104000043,29,70,-41
104000044,107,76,31
104000045,311,87,224
104000046,257,135,122
104000047,142,353,-211
104000048,440,675,-235
104000049,272,127,145
104000050,93,275,-182
104000051,1,10,-9
104000052,525,566,-41
104000053,543,84,459
104000054,64,17,47
104000055,897,202,695
104000056,165,1,164
104000057,8,4,4
104000058,518,232,286
104000059,261,463,-202
104000060,251,278,-27
104000061,302,98,204
104000062,211,29,182
104000064,153,18,135
104000065,6,88,-82
104000069,304,536,-232
104000070,24,149,-125
104000071,2,1,1
104000072,139,46,93
104000075,0,0,0
104000076,0,0,0
104000082,428,789,-361
104000083,356,54,302
104000084,28,139,-111
104000085,258,31,227
104000086,123,83,40
104000087,72,175,-103
104000090,60,86,-26
104000092,120,119,1
104000094,134,95,39
104000095,302,508,-206
104000096,755,0,755
104000097,774,61,713
104000098,1184,87,1097
104000100,1000,113,887
104000101,525,385,140
104000106,69,182,-113
104000107,446,102,344
104000108,93,9,84
104000109,36,24,12
104000110,88,221,-133
104000111,290,428,-138
104000112,54,33,21
104000116,0,47,-47
104000117,96,40,56
104000118,277,42,235
104000119,55,91,-36
104000120,124,40,84
104000121,54,131,-77
104000122,416,260,156
104000123,275,334,-59
104000124,171,711,-540
104000125,187,460,-273
104000126,231,277,-46
104000127,384,588,-204
104000128,353,103,250
104000129,67,3,64
104000130,7,66,-59
104000131,6,7,-1
104000132,5,1,4
104000133,211,171,40
104000134,269,733,-464
104000135,81,978,-897
104000136,396,1589,-1193
104000137,536,264,272
104000138,21,23,-2
104000139,866,1467,-601
104000141,348,346,2
104000142,187,44,143
104000143,160,21,139
104000144,29,71,-42
104000145,143,105,38
104000146,37,64,-27
104000147,6,49,-43
104000148,153,82,71
104000149,32,16,16
104000150,419,174,245
104000151,23,63,-40
104000152,136,136,0
104000153,365,273,92
104000154,117,253,-136
104000155,277,308,-31
104000157,478,318,160
104000158,62,148,-86
104000159,256,97,159
104000160,776,1215,-439
104000161,62,35,27
104000162,41,47,-6
104000165,284,212,72
104000167,136,515,-379
104000168,278,1,277
104000169,126,13,113
104000170,2,4,-2
104000248,1,34,-33
104000251,0,0,0
104000272,0,0,0
104000273,0,0,0
104000274,0,0,0
104000275,0,0,0
104000279,172,437,-265
104000290,1,30,-29
104000291,413,338,75
104000293,331,276,55
104000294,0,0,0
104000295,350,799,-449
104000296,101,187,-86
104000297,122,1129,-1007
104000298,493,297,196
104000299,431,473,-42
104000302,15,23,-8
104000303,7,1,6
104900001,0,0,0
104900002,0,0,0
104900003,0,0,0
104900004,0,0,0
104900005,0,0,0
104900006,0,0,0
104900007,0,0,0
104900009,0,0,0
104900010,0,0,0
104900011,0,0,0
104900012,0,0,0
104900013,0,0,0
104900014,0,0,0
104900015,0,0,0
104900016,0,0,0
104900017,7,0,7
104900018,0,0,0
104900019,0,0,0
104900020,0,0,0
104900021,0,0,0
104900022,0,1,-1
104900023,0,0,0
104900024,0,0,0
104900025,0,0,0
104900026,0,0,0
104900027,0,0,0
104900028,0,0,0
104900029,0,0,0
104900030,0,0,0
104900031,0,1,-1
104900032,0,0,0
104900033,0,0,0
104900034,0,0,0
104900035,0,0,0
104900036,1,0,1
104900037,0,0,0
104900038,0,0,0
104900039,0,0,0
104900040,2,0,2
104900041,0,0,0
104900042,0,0,0
104900043,0,0,0
104900044,37,0,37
104900045,0,0,0
104900046,0,0,0
104900047,55,2,53
104900048,58,2,56
104900049,0,0,0
104900050,0,0,0
104900051,37,3,34
104900052,0,0,0
104900053,75,0,75
104900054,9,0,9
104900055,0,0,0
104900056,33,0,33
104900057,1,0,1
104900058,50,0,50
104900059,42,4,38
104900060,0,0,0
104900061,0,0,0
104900063,1,0,1
104900064,0,0,0
104900065,3,0,3
104900066,0,0,0
104900067,0,0,0
104900068,0,0,0
104900070,0,0,0
104900071,0,0,0
104900072,0,0,0
104900073,0,0,0
104900074,0,0,0
104900075,0,0,0
104900076,0,0,0
104900077,0,0,0
104900078,0,0,0
104900079,0,0,0
104900080,0,0,0
104900082,0,0,0
104900085,0,0,0
104900087,27,0,27
104900089,0,0,0
104900090,0,0,0
104900091,0,0,0
104900093,0,0,0
104900097,0,0,0
104900098,0,0,0
104900099,0,0,0
104900100,0,0,0
104900102,0,0,0
104900103,0,0,0
104900104,0,0,0
104900106,0,0,0
104900107,0,0,0
104900108,0,0,0
104900109,0,0,0
104900110,0,0,0
104900111,0,0,0
104900112,0,0,0
104900113,0,0,0
104900114,0,0,0
104900115,0,0,0
104900116,0,0,0
104900118,0,0,0
104900119,0,0,0
104900120,0,0,0
104900121,0,0,0
104900122,0,0,0
104900123,0,0,0
104900124,0,0,0
104900125,36,0,36
104900126,0,0,0
104900127,0,0,0
104900128,44,1,43
104900129,0,0,0
105000001,631,452,179
105000002,581,614,-33
105000003,777,1188,-411
105000004,274,584,-310
105000005,296,535,-239
105000006,389,1012,-623
105000007,301,789,-488
105000008,340,1372,-1032
105000009,1608,1270,338
105000010,732,491,241
105000011,1055,1606,-551
105000012,498,575,-77
105000013,390,516,-126
105000014,1788,1239,549
105000015,3144,5103,-1959
105000016,917,754,163
105000017,747,427,320
105000018,910,443,467
105000019,651,755,-104
105000020,15,136,-121
105000021,90,27,63
105000022,36,36,0
105000023,198,178,20
105000028,27,90,-63
105000029,61,303,-242
105000030,1227,936,291
105000031,0,0,0
105000033,407,397,10
105000034,33,300,-267
105000037,162,28,134
105000038,352,574,-222
105000039,235,243,-8
105000040,210,562,-352
105000041,81,160,-79
105000042,850,589,261
105000043,166,136,30
105000044,186,149,37
105000045,83,67,16
105000046,291,60,231
105000047,150,125,25
105000048,578,224,354
105000049,184,95,89
105000050,447,214,233
105000051,57,104,-47
105000052,130,205,-75
105000053,137,13,124
105000054,178,206,-28
105000055,311,37,274
105000056,677,303,374
105000057,989,100,889
105000058,422,285,137
105000059,576,195,381
105000060,241,86,155
105000061,400,167,233
105000062,228,74,154
105000063,28,68,-40
105000064,765,150,615
105000065,34,28,6
105000066,230,124,106
105000067,686,354,332
105000068,31,129,-98
105000069,476,415,61
105000070,293,481,-188
105000071,241,808,-567
105000072,789,1409,-620
105000073,349,326,23
105000074,21,108,-87
105000075,84,173,-89
105000076,361,203,158
105000077,745,226,519
105000078,333,507,-174
105000079,71,228,-157
105000080,1065,897,168
105000081,137,126,11
105000082,280,636,-356
105000083,1293,1011,282
105000084,122,109,13
105000085,1774,1147,627
105000086,150,152,-2
105000087,202,200,2
105000088,1062,1014,48
105000089,395,401,-6
105000090,160,136,24
105000091,156,83,73
105000092,124,91,33
105000093,95,110,-15
105000094,212,81,131
105000095,10,137,-127
105000096,383,484,-101
105000097,148,80,68
105000098,490,336,154
105000099,81,52,29
105000100,345,268,77
105000101,938,394,544
105000102,508,242,266
105000103,544,297,247
105000104,530,163,367
105000105,465,265,200
105000106,548,194,354
105000107,454,160,294
105000108,430,155,275
105000109,685,202,483
105000110,352,109,243
105000111,418,130,288
105000112,469,169,300
105000113,150,315,-165
105000114,653,587,66
105000115,146,772,-626
105000116,456,179,277
105000117,193,81,112
105000118,159,124,35
105000119,77,92,-15
105000120,613,246,367
105000121,242,111,131
105000122,180,192,-12
105000123,142,120,22
105000124,849,144,705
105000125,494,228,266
105000126,646,288,358
105000127,929,241,688
105000128,108,155,-47
105000129,286,82,204
105000130,56,1771,-1715
105000131,59,32,27
105000132,425,593,-168
105000133,63,91,-28
105000134,411,174,237
105000135,75,23,52
105000136,0,0,0
105000137,210,28,182
105000138,0,0,0
105000139,169,85,84
105000140,362,70,292
105000141,84,66,18
105000142,323,89,234
105000143,81,145,-64
105000144,34,129,-95
105000145,282,166,116
105000146,0,0,0
105000147,342,74,268
105000148,381,126,255
105000149,854,517,337
105000150,30,17,13
105000151,271,50,221
105000152,113,69,44
105000153,342,53,289
105000154,140,38,102
105000155,100,72,28
105000156,77,66,11
105000157,202,140,62
105000158,587,167,420
105000159,112,95,17
105000160,936,203,733
105000161,121,98,23
105000162,178,779,-601
105000163,221,148,73
105000164,16,50,-34
105000165,89,1985,-1896
105000166,160,235,-75
105000167,231,871,-640
105000168,67,152,-85
105000169,194,26,168
105000170,83,362,-279
105000171,334,35,299
105000172,58,5,53
105000173,105,9,96
105000174,8,5,3
105000175,0,0,0
105000176,123,21,102
105000177,158,26,132
105000178,91,47,44
105000179,159,15,144
105000180,0,0,0
105000181,39,20,19
105000182,0,0,0
105000183,586,1249,-663
105000184,4,22,-18
105000185,201,311,-110
105000186,10,19,-9
105000187,187,141,46
105000188,20,107,-87
105000189,1,76,-75
105000190,56,82,-26
105000191,77,47,30
105000192,132,23,109
105000193,25,4,21
105000194,240,18,222
105000195,4,68,-64
105000196,33,115,-82
105000197,6,116,-110
105000198,18,13,5
105000199,23,179,-156
105000200,47,160,-113
105000201,33,2,31
105000203,24,149,-125
105000204,17,74,-57
105000205,24,154,-130
105000207,0,0,0
105000208,103,121,-18
105000209,0,0,0
105000211,77,0,77
105000212,304,95,209
105000213,24,14,10
105000214,48,11,37
105000215,75,89,-14
105000216,14,6,8
105000217,0,0,0
105000218,790,166,624
105000221,37,21,16
105000222,90,63,27
105000223,49,21,28
105000226,37,27,10
105000227,22,43,-21
105000228,28,493,-465
105000229,121,346,-225
105000231,186,32,154
105000233,270,255,15
105000234,176,293,-117
105000235,213,200,13
105000237,260,35,225
105000243,40,13,27
105000248,2,14,-12
105000262,174,11,163
105000269,23,16,7
105000270,279,2,277
105000271,0,20,-20
105000282,6,14,-8
105000287,42,41,1
105000288,185,135,50
105000289,558,783,-225
105000290,14,58,-44
105000402,232,843,-611
105000426,37,183,-146
105000438,480,472,8
105000440,2,0,2
105000446,1450,2536,-1086
105000447,1387,310,1077
105000454,0,0,0
105000455,106,43,63
105000474,27,0,27
105000477,159,134,25
105000478,668,2445,-1777
105000479,49,17,32
105000480,1914,2787,-873
105000481,1207,915,292
105000482,595,1240,-645
105000483,311,793,-482
105000484,532,992,-460
105000485,754,1321,-567
105000486,757,1103,-346
105000488,606,1292,-686
105000489,508,260,248
105000549,11,22,-11
105000550,0,0,0
105000551,12,10,2
105000552,471,311,160
105000555,758,667,91
105000556,25,3,22
105000557,3,66,-63
105900001,0,120,-120
105900002,103,22,81
105900003,0,0,0
105900004,0,0,0
105900005,0,0,0
105900006,0,0,0
105900007,0,0,0
105900008,0,0,0
105900009,2,0,2
105900011,4,3,1
105900012,15,16,-1
105900013,1,0,1
105900014,2,4,-2
105900015,0,0,0
105900016,20,5,15
105900017,0,0,0
105900018,0,0,0
105900019,1,11,-10
105900020,0,0,0
105900021,0,12,-12
105900022,0,0,0
105900023,0,5,-5
105900024,0,4,-4
105900025,14,0,14
105900026,0,0,0
105900027,541,81,460
105900028,2,0,2
105900029,218,66,152
105900030,44,28,16
105900031,0,0,0
105900032,0,0,0
105900033,0,0,0
105900034,0,0,0
105900035,0,0,0
105900036,0,0,0
105900037,0,0,0
105900038,0,0,0
105900039,0,0,0
105900040,0,0,0
105900041,0,0,0
105900042,0,0,0
105900043,38,0,38
105900044,0,0,0
105900045,0,0,0
105900046,0,0,0
105900047,0,0,0
105900048,41,27,14
105900050,19,81,-62
105900051,0,19,-19
105900052,2,0,2
105900053,0,0,0
105900054,0,0,0
105900056,23,13,10
105900057,0,1,-1
105900058,0,0,0
105900059,0,0,0
106000001,883,712,171
106000002,67,579,-512
106000003,1022,1674,-652
106000004,398,1576,-1178
106000005,1835,2104,-269
106000006,1031,876,155
106000007,420,104,316
106000008,24,109,-85
106000009,334,171,163
106000010,36,134,-98
106000011,758,371,387
106000012,86,170,-84
106000013,1146,683,463
106000014,220,207,13
106000015,1306,583,723
106000016,175,163,12
106000017,723,145,578
106000018,46,117,-71
106000019,293,141,152
106000020,38,26,12
106000021,356,152,204
106000022,109,21,88
106000023,668,70,598
106000024,61,49,12
106000025,270,237,33
106000026,30,37,-7
106000027,1394,584,810
106000028,14,16,-2
106000029,23,9,14
106000030,0,0,0
106000034,0,0,0
106000035,469,590,-121
106000036,0,0,0
106000037,165,52,113
106000038,19,9,10
106000039,3,16,-13
106000040,5,110,-105
106000041,487,91,396
106000043,172,25,147
106000046,110,9,101
106000047,0,0,0
106000049,490,7,483
106000050,79,56,23
106000051,554,229,325
106000052,0,0,0
106000053,263,50,213
106000054,0,0,0
106000055,370,12,358
106000056,0,0,0
106000057,189,43,146
106000058,0,0,0
106000059,230,90,140
106000060,0,0,0
106000061,63,304,-241
106000062,0,0,0
106000063,404,390,14
106000064,0,0,0
106000065,399,61,338
106000066,36,21,15
106000067,267,56,211
106000068,19,8,11
106000069,157,17,140
106000070,56,6,50
106000071,422,99,323
106000072,438,614,-176
106000073,487,1239,-752
106000074,330,406,-76
106000075,111,285,-174
106000076,492,216,276
106000077,766,194,572
106000078,452,80,372
106000079,516,73,443
106000080,717,108,609
106000081,329,117,212
106000082,543,83,460
106000083,194,220,-26
106000084,428,80,348
106000085,406,261,145
106000086,297,101,196
106000087,324,108,216
106000088,195,174,21
106000089,464,31,433
106000090,280,325,-45
106000091,65,59,6
106000092,280,106,174
106000093,297,36,261
106000094,0,0,0
106000095,437,70,367
106000096,750,63,687
106000097,431,56,375
106000098,535,66,469
106000099,56,47,9
106000100,895,50,845
106000101,394,27,367
106000102,10,60,-50
106000103,44,112,-68
106000104,431,67,364
106000105,52,168,-116
106000106,411,56,355
106000107,29,114,-85
106000108,332,58,274
106000109,17,31,-14
106000110,200,46,154
106000111,57,48,9
106000112,100,159,-59
106000113,49,214,-165
106000114,248,138,110
106000115,115,187,-72
106000116,190,114,76
106000117,44,44,0
106000118,585,366,219
106000119,30,115,-85
106000120,345,450,-105
106000121,108,35,73
106000122,145,59,86
106000123,172,27,145
106000124,123,32,91
106000125,50,65,-15
106000126,274,23,251
106000127,226,123,103
106000128,278,58,220
106000129,214,160,54
106000130,586,83,503
106000131,62,265,-203
106000132,244,29,215
106000133,164,450,-286
106000134,160,1146,-986
106000135,2,140,-138
106000136,360,525,-165
106000137,0,140,-140
106000138,896,44,852
106000139,59,28,31
106000140,0,0,0
106000141,0,0,0
106000142,51,8,43
106000143,0,0,0
106000144,133,23,110
106000145,0,0,0
106000146,305,101,204
106000147,244,132,112
106000148,197,206,-9
106000149,515,110,405
106000150,252,625,-373
106000151,510,168,342
106000152,365,784,-419
106000153,45,476,-431
106000154,261,53,208
106000155,43,68,-25
106000156,479,46,433
106000157,78,423,-345
106000158,414,442,-28
106000159,212,603,-391
106000160,196,1027,-831
106000161,118,41,77
106000162,156,397,-241
106000163,66,38,28
106000164,243,46,197
106000165,41,79,-38
106000166,413,36,377
106000167,171,191,-20
106000168,341,57,284
106000169,84,134,-50
106000170,295,33,262
106000171,84,322,-238
106000172,732,91,641
106000173,513,476,37
106000174,727,10,717
106000175,57,16,41
106000176,768,150,618
106000177,102,100,2
106000178,907,143,764
106000179,61,38,23
106000180,238,206,32
106000181,303,333,-30
106000182,855,68,787
106000183,760,54,706
106000184,506,76,430
106000185,275,206,69
106000186,91,5,86
106000187,4,211,-207
106000188,0,0,0
106000189,1,23,-22
106000190,0,4,-4
106000191,160,0,160
106000192,0,0,0
106000193,18,31,-13
106000194,11,41,-30
106000195,12,15,-3
106000196,18,89,-71
106000197,152,12,140
106000198,51,14,37
106000199,133,171,-38
106000200,56,98,-42
106000201,67,987,-920
106000202,119,100,19
106000203,0,0,0
106000204,13,3,10
106000205,0,0,0
106000206,7,8,-1
106000207,0,9,-9
106000208,656,37,619
106000209,941,100,841
106000210,26,8,18
106000211,6,39,-33
106000212,642,76,566
106000213,9,76,-67
106000214,520,54,466
106000215,65,126,-61
106000216,374,42,332
106000217,14,160,-146
106000218,301,28,273
106000219,28,117,-89
106000220,277,30,247
106000221,33,48,-15
106000222,39,7,32
106000223,179,44,135
106000224,74,48,26
106000225,28,74,-46
106000226,23,100,-77
106000228,0,0,0
106000229,0,0,0
106000231,249,8,241
106000232,0,0,0
106000233,124,12,112
106000234,0,0,0
106000235,36,35,1
106000236,0,0,0
106000237,0,0,0
106000238,0,19,-19
106000239,0,0,0
106000240,3,0,3
106000241,0,80,-80
106000242,69,7,62
106000249,113,9,104
106000250,14,104,-90
106000251,29,1,28
106000252,0,0,0
106000253,23,1,22
106000254,0,0,0
106000255,27,2,25
106000256,0,0,0
106000257,5,40,-35
106000258,9,2,7
106000259,0,0,0
106000260,6,0,6
106000261,0,0,0
106000262,14,0,14
106000263,0,0,0
106000264,40,0,40
106000265,0,0,0
106000266,53,1,52
106000267,0,0,0
106000268,100,3,97
106000269,0,0,0
106000270,16,11,5
106000271,0,14,-14
106000272,0,0,0
106000273,0,17,-17
106000274,0,0,0
106000275,3,9,-6
106000276,0,0,0
106000277,3,10,-7
106000278,0,0,0
106000279,0,0,0
106000280,0,0,0
106000281,0,0,0
106000282,0,0,0
106000283,0,0,0
106000284,0,0,0
106000285,0,0,0
106000286,0,0,0
106000287,0,0,0
106000288,0,0,0
106000289,0,0,0
106000290,0,0,0
106000291,0,0,0
106000292,0,0,0
106000293,0,0,0
106000294,0,0,0
106000295,0,0,0
106000296,0,0,0
106000297,0,0,0
106000298,0,0,0
106000299,0,0,0
106000300,0,0,0
106000301,0,0,0
106000303,3,3,0
106000304,0,0,0
106000305,0,4,-4
106000306,0,0,0
106000307,28,5,23
106000308,0,0,0
106000309,0,0,0
106000310,115,29,86
106000311,84,9,75
106000312,55,25,30
106000313,46,7,39
106000318,0,0,0
106000319,352,55,297
106000320,1,48,-47
106000321,3,168,-165
106000322,164,48,116
106000324,21,19,2
106000325,1259,334,925
106000326,66,243,-177
106000327,142,7,135
106000328,4,2,2
106000329,8,8,0
106000330,19,28,-9
106000428,54,160,-106
106000429,43,145,-102
106000430,33,227,-194
106000431,944,144,800
106000432,37,366,-329
106000433,1016,600,416
106000434,1588,633,955
106000435,68,336,-268
106000436,0,41,-41
106000437,154,36,118
106000438,37,140,-103
106000439,2,27,-25
106000440,58,84,-26
106000441,0,0,0
106000442,37,2,35
106000443,242,215,27
106000450,0,0,0
106000451,31,25,6
106000454,0,0,0
106000455,0,5,-5
106000456,23,0,23
106000457,0,0,0
106000458,476,147,329
106000459,0,0,0
106000460,431,16,415
106000461,0,0,0
106000462,0,0,0
106000463,0,56,-56
106000464,0,0,0
106000465,283,1,282
106000466,0,0,0
106000467,1,83,-82
106000468,59,28,31
106000469,237,0,237
106000470,7,45,-38
106000471,0,0,0
106000472,41,0,41
106000473,0,0,0
106000474,73,61,12
106000475,246,61,185
106000476,142,201,-59
106000477,0,0,0
106000480,0,0,0
106900001,0,0,0
106900002,0,0,0
106900003,0,0,0
106900004,0,0,0
106900006,0,0,0
106900007,0,0,0
106900008,0,0,0
106900009,0,0,0
106900010,0,0,0
106900012,0,0,0
106900013,0,0,0
106900014,0,0,0
106900015,0,0,0
106900016,0,0,0
106900017,0,0,0
106900018,0,0,0
106900019,3,1,2
106900020,0,0,0
106900021,1,0,1
106900022,0,0,0
106900023,0,0,0
106900024,0,0,0
106900025,0,0,0
106900026,0,0,0
106900027,242,0,242
107000001,1437,2345,-908
107000002,436,673,-237
107000003,3388,3522,-134
107000004,1052,562,490
107000005,3239,2702,537
107000006,1174,549,625
107000007,2215,2678,-463
107000008,936,701,235
107000009,5677,5447,230
107000010,1720,774,946
107000011,59,75,-16
107000012,472,153,319
107000013,0,0,0
107000014,0,0,0
107000015,0,0,0
107000016,0,0,0
107000017,153,118,35
107000018,0,79,-79
107000020,145,319,-174
107000021,105,54,51
107000022,278,332,-54
107000023,511,83,428
107000024,184,509,-325
107000025,124,55,69
107000026,86,114,-28
107000027,445,175,270
107000028,429,255,174
107000029,1341,799,542
107000030,657,576,81
107000031,1505,743,762
107000032,54,347,-293
107000033,769,880,-111
107000034,248,131,117
107000035,120,76,44
107000036,112,441,-329
107000037,48,419,-371
107000038,78,44,34
107000039,337,467,-130
107000040,72,30,42
107000041,322,241,81
107000042,129,754,-625
107000043,414,266,148
107000044,83,171,-88
107000045,41,129,-88
107000046,367,134,233
107000047,148,250,-102
107000048,208,166,42
107000049,127,273,-146
107000050,231,181,50
107000051,229,263,-34
107000052,238,304,-66
107000053,246,221,25
107000054,35,189,-154
107000055,117,89,28
107000056,383,467,-84
107000057,487,187,300
107000058,1441,1502,-61
107000059,83,260,-177
107000060,2967,2650,317
107000061,703,579,124
107000062,2854,1309,1545
107000063,597,477,120
107000064,2147,1571,576
107000065,430,536,-106
107000066,1305,1549,-244
107000067,385,296,89
107000068,251,485,-234
107000069,378,518,-140
107000070,299,23,276
107000071,1144,2,1142
107000072,1,90,-89
107000073,263,93,170
107000074,34,34,0
107000075,1261,44,1217
107000076,8,62,-54
107000077,1294,91,1203
107000078,25,124,-99
107000079,1219,237,982
107000080,74,138,-64
107000081,1211,229,982
107000082,261,220,41
107000083,754,290,464
107000084,97,237,-140
107000085,1106,1052,54
107000086,628,705,-77
107000087,789,864,-75
107000088,391,525,-134
107000089,574,559,15
107000090,112,227,-115
107000091,616,229,387
107000092,98,195,-97
107000093,345,601,-256
107000094,200,154,46
107000095,710,314,396
107000096,60,82,-22
107000097,439,146,293
107000098,77,98,-21
107000099,227,223,4
107000100,46,111,-65
107000101,79,171,-92
107000102,161,157,4
107000103,318,75,243
107000104,78,105,-27
107000105,431,99,332
107000106,25,64,-39
107000107,347,155,192
107000108,68,81,-13
107000109,372,31,341
107000110,0,0,0
107000111,222,22,200
107000112,0,0,0
107000113,492,37,455
107000114,0,0,0
107000115,516,79,437
107000116,0,0,0
107000117,73,381,-308
107000118,0,0,0
107000119,233,706,-473
107000120,0,0,0
107000121,437,170,267
107000122,173,158,15
107000123,350,189,161
107000124,170,92,78
107000125,596,97,499
107000126,181,137,44
107000129,30,41,-11
107000130,322,114,208
107000131,93,66,27
107000132,144,87,57
107000133,149,10,139
107000134,92,0,92
107000135,0,94,-94
107000136,279,1,278
107000137,0,85,-85
107000138,8,0,8
107000139,1,114,-113
107000140,425,0,425
107000141,6,71,-65
107000142,48,7,41
107000143,3,106,-103
107000144,132,159,-27
107000145,11,54,-43
107000146,4,46,-42
107000147,340,184,156
107000150,228,869,-641
107000151,1,3,-2
107000152,93,618,-525
107000153,5,32,-27
107000154,0,37,-37
107000155,343,12,331
107000156,365,2,363
107000157,1,177,-176
107000158,233,5,228
107000159,0,105,-105
107000160,697,42,655
107000161,14,119,-105
107000162,125,176,-51
107000163,59,0,59
107000164,302,1,301
107000165,484,14,470
107000166,0,80,-80
107000167,230,45,185
107000168,479,67,412
107000169,42,116,-74
107000170,1129,246,883
107000171,58,168,-110
107000172,435,491,-56
107000173,130,87,43
107000174,311,1154,-843
107000175,423,144,279
107000176,0,0,0
107000177,1,0,1
107000178,2,3,-1
107000179,65,155,-90
107000180,1004,72,932
107000181,112,65,47
107000182,1000,46,954
107000183,70,27,43
107000184,758,80,678
107000185,86,102,-16
107000186,371,112,259
107000187,399,263,136
107000188,50,51,-1
107000189,255,133,122
107000190,141,65,76
107000191,368,258,110
107000192,272,36,236
107000193,152,160,-8
107000194,89,101,-12
107000197,425,46,379
107000198,113,39,74
107000199,144,95,49
107000200,94,168,-74
107000201,86,100,-14
107000202,52,202,-150
107000203,93,296,-203
107000204,55,1242,-1187
107000205,132,71,61
107000206,49,757,-708
107000207,86,124,-38
107000208,77,146,-69
107000209,98,241,-143
107000210,44,92,-48
107000211,0,17,-17
107000212,1,40,-39
107000213,1,1,0
107000214,0,14,-14
107000215,145,42,103
107000216,71,58,13
107000217,31,21,10
107000219,6,68,-62
107000220,28,12,16
107000222,3,42,-39
107000224,105,3,102
107000225,24,83,-59
107000226,165,3,162
107000227,18,38,-20
107000228,3,33,-30
107000229,77,22,55
107000230,91,107,-16
107000231,220,440,-220
107000232,27,18,9
107000233,41,168,-127
107000234,1,75,-74
107000235,84,5,79
107000236,0,0,0
107000237,26,0,26
107000238,33,0,33
107000239,390,157,233
107000240,26,72,-46
107000243,0,81,-81
107000244,6,0,6
107000246,0,35,-35
107000249,0,33,-33
107000251,0,5,-5
107000252,0,45,-45
107000255,23,2,21
107000257,1,99,-98
107000258,0,19,-19
107000259,0,19,-19
107000260,768,2,766
107000262,4,17,-13
107000263,194,1,193
107000266,3,5,-2
107000267,5,2,3
107000268,12,13,-1
107000269,8,0,8
107000270,144,77,67
107000271,0,0,0
107000272,125,0,125
107000273,0,17,-17
107000274,105,12,93
107000275,11,67,-56
107000280,537,11,526
107000281,8,68,-60
107000282,0,147,-147
107000290,2,2,0
107000291,2,3,-1
107000292,0,5,-5
107000293,10,0,10
107000294,0,9,-9
107000295,34,0,34
107000296,0,5,-5
107000444,81,0,81
107000496,0,1,-1
107000497,202,171,31
107000500,116,56,60
107000501,3,58,-55
107000502,114,66,48
107000505,41,275,-234
107000506,0,0,0
107000508,0,45,-45
107000509,44,284,-240
107000510,2,13,-11
107000514,22,84,-62
107000515,2,34,-32
107000516,316,73,243
107000518,469,375,94
107000519,56,25,31
107000520,30,8,22
107000521,113,33,80
107000522,337,133,204
107900001,4,0,4
107900002,1,10,-9
107900003,10,0,10
107900004,0,0,0
107900005,599,0,599
107900006,46,2,44
107900007,90,3,87
107900008,14,0,14
107900009,2,0,2
107900010,0,0,0
107900012,43,1,42
107900013,34,0,34
107900014,2,0,2
107900015,310,2,308
107900016,56,6,50
107900017,1,0,1
107900018,8,81,-73
107900019,20,0,20
107900020,0,0,0
107900021,0,0,0
107900023,12,0,12
107900024,0,0,0
107900025,40,6,34
107900026,2,0,2
107900027,0,0,0
107900028,4,3,1
107900030,61,4,57
107900031,6,5,1
107900032,8,0,8
107900033,1,0,1
107900034,26,3,23
107900035,294,3,291
107900036,14,9,5
107900037,0,0,0
107900038,3,12,-9
107900039,3,1,2
107900040,0,0,0
107900041,0,0,0
107900043,12,6,6
107900044,0,0,0
107900045,19,16,3
107900046,47,39,8
107900047,0,0,0
107900048,26,1,25
107900049,8,65,-57
107900050,0,8,-8
107900051,6,1,5
107900052,0,0,0
107900053,4,1,3
107900055,40,7,33
107900056,2,25,-23
107900057,0,0,0
107900058,0,10,-10
107900060,0,0,0
107900061,0,0,0
107900063,21,33,-12
107900064,57,32,25
107900065,55,1,54
107900066,0,1,-1
107900067,0,0,0
107900068,7,130,-123
107900069,2,539,-537
107900070,24,7,17
107900071,0,28,-28
107900072,60,3,57
107900073,0,0,0
107900074,0,0,0
107900076,20,6,14
107900077,0,0,0
107900079,4,2,2
107900080,2,52,-50
107900081,0,0,0
107900082,0,0,0
107900083,93,25,68
107900084,3,3,0
107900086,7,43,-36
107900087,14,6,8
107900088,1,0,1
107900089,0,41,-41
107900090,5,136,-131
107900091,51,55,-4
107900093,0,0,0
107900095,171,272,-101
107900097,3,6,-3
107900098,13,6,7
107900100,32,315,-283
107900101,10,3,7
107900102,4,0,4
107900103,3,13,-10
107900104,0,0,0
107900105,0,23,-23
107900106,0,81,-81
107900107,0,0,0
107900108,26,6,20
107900109,534,4,530
107900110,33,2,31
107900111,0,80,-80
107900112,7,71,-64
107900113,0,0,0
107900114,65,25,40
107900115,0,0,0
107900116,41,32,9
107900117,39,56,-17
107900118,2,12,-10
107900119,22,34,-12
107900120,1,0,1
107900121,0,0,0
107900122,0,0,0
107900123,0,2,-2
107900124,0,0,0
107900125,3,3,0
107900126,1,0,1
107900127,0,0,0
107900128,13,13,0
107900129,5,0,5
107900130,0,0,0
107900131,8,11,-3
107900132,1,35,-34
107900133,0,0,0
107900134,1,15,-14
107900135,0,2,-2
107900136,1,0,1
107900137,32,23,9
107900138,18,9,9
107900139,0,0,0
107900141,6,3,3
107900142,0,16,-16
107900143,9,0,9
107900144,0,11,-11
107900145,0,0,0
107900146,15,15,0
107900147,1,1,0
107900148,2,2,0
107900149,24,3,21
107900150,0,13,-13
107900151,0,4,-4
107900152,0,0,0
107900153,0,86,-86
107900154,3,2,1
107900155,0,0,0
107900156,0,0,0
107900157,5,1,4
107900158,100,2,98
107900159,1,28,-27
107900160,69,12,57
107900161,0,4,-4
107900162,0,0,0
107900163,0,0,0
107900164,0,2,-2
107900165,4,55,-51
107900166,12,11,1
107900167,0,0,0
107900168,3,0,3
107900169,0,3,-3
107900171,0,29,-29
107900172,0,0,0
107900173,2,6,-4
107900174,0,0,0
107900175,0,0,0
107900176,1,0,1
107900177,0,0,0
107900178,0,17,-17
107900179,0,0,0
107900180,21,151,-130
107900181,0,0,0
107900182,1,24,-23
107900183,4,13,-9
107900184,0,0,0
107900185,0,0,0
107900186,0,1,-1
107900187,0,6,-6
107900188,269,65,204
107900189,0,0,0
107900190,1,27,-26
107900191,0,0,0
107900193,0,0,0
107900194,0,0,0
107900195,80,16,64
107900196,0,0,0
107900197,1,14,-13
107900199,0,0,0
107900201,0,0,0
107900203,3,0,3
107900204,0,0,0
107900206,7,121,-114
107900207,1,52,-51
107900208,0,27,-27
107900209,0,0,0
107900210,3,0,3
107900213,0,0,0
107900214,0,22,-22
107900215,10,28,-18
107900216,0,0,0
107900217,0,0,0
107900218,0,0,0
107900219,0,0,0
107900220,0,0,0
107900221,0,4,-4
107900223,0,0,0
107900224,29,37,-8
107900225,0,0,0
107900226,0,0,0
107900227,11,3,8
107900228,0,2,-2
107900229,0,0,0
107900230,0,0,0
107900231,0,0,0
107900232,8,5,3
107900233,0,0,0
107900234,0,0,0
107900235,0,10,-10
107900236,0,0,0
107900237,0,0,0
107900238,0,0,0
107900239,26,43,-17
107900240,4,4,0
107900241,0,0,0
107900242,2,13,-11
107900243,0,0,0
107900244,0,0,0
107900245,113,22,91
107900246,96,10,86
107900248,117,0,117
107900249,150,16,134
107900250,0,40,-40
107900251,0,38,-38
107900252,94,6,88
107900253,66,2,64
107900254,0,10,-10
107900255,13,1,12
107900256,11,0,11
107900257,41,8,33
107900258,28,2,26
107900259,0,363,-363
107900261,1,38,-37
107900262,0,0,0
107900264,67,1,66
107900265,7,17,-10
107900267,73,0,73
107900268,0,0,0
107900269,0,0,0
107900270,0,0,0
107900271,0,0,0
107900272,4,0,4
107900273,31,3,28
107900274,57,0,57
107900275,1,0,1
107900276,0,0,0
107900277,0,0,0
107900278,79,3,76
107900279,0,0,0
107900280,386,67,319
107900281,127,811,-684
107900282,5,180,-175
107900283,136,97,39
107900284,238,47,191
107900285,14,0,14
107900286,8,5,3
107900287,78,14,64
107900290,0,0,0
107900291,62,0,62
107900292,91,33,58
107900293,32,85,-53
107900295,7,0,7
107900297,0,1,-1
107900298,80,132,-52
107900299,104,214,-110
107900301,28,97,-69
107900302,19,7,12
107900303,69,14,55
107900304,60,0,60
107900305,42,0,42
107900306,0,0,0
107900307,0,0,0
107900308,43,3,40
107900309,0,0,0
107900310,0,0,0
107900311,0,0,0
107900312,0,0,0
107900313,0,0,0
107900314,0,0,0
107900315,0,0,0
107900316,0,0,0
107900317,0,0,0
107900318,0,0,0
107900319,0,0,0
107900320,0,1,-1
107900321,47,1,46
107900322,0,1,-1
107900323,0,3,-3
107900324,29,0,29
107900325,62,0,62
107900326,82,5,77
107900327,0,0,0
107900328,0,0,0
107900329,0,0,0
107900330,0,6,-6
107900331,120,17,103
107900332,134,0,134
107900333,19,0,19
107900334,0,0,0
107900335,2,1,1
107900336,1,0,1
107900337,80,191,-111
107900338,0,2,-2
107900339,0,0,0
107900340,0,0,0
107900341,0,0,0
107900342,49,5,44
107900343,13,1,12
107900344,0,2,-2
107900345,16,4,12
107900346,0,0,0
107900347,5,0,5
107900348,0,3,-3
107900349,21,0,21
107900350,1,23,-22
107900351,0,1,-1
107900352,0,1,-1
107900353,3,0,3
107900354,0,39,-39
108000001,1953,970,983
108000002,75,124,-49
108000003,1702,853,849
108000004,1145,2322,-1177
108000005,4572,1953,2619
108000006,654,980,-326
108000007,3252,1338,1914
108000008,791,658,133
108000009,2817,1429,1388
108000010,538,652,-114
108000011,7374,3661,3713
108000012,2167,1420,747
108000014,171,290,-119
108000015,383,102,281
108000016,48,19,29
108000017,645,72,573
108000018,1158,105,1053
108000019,240,79,161
108000020,545,108,437
108000021,45,37,8
108000022,108,212,-104
108000023,738,66,672
108000024,105,71,34
108000025,141,4,137
108000026,333,51,282
108000027,272,11,261
108000028,491,73,418
108000029,159,7,152
108000030,158,28,130
108000031,32,16,16
108000032,979,141,838
108000033,72,136,-64
108000034,1241,67,1174
108000035,127,310,-183
108000036,29,73,-44
108000037,1055,72,983
108000038,1864,151,1713
108000039,55,112,-57
108000040,908,257,651
108000041,43,116,-73
108000042,288,13,275
108000043,4,4,0
108000044,549,10,539
108000045,19,2,17
108000046,1026,70,956
108000047,116,141,-25
108000048,1,0,1
108000049,443,39,404
108000050,3,38,-35
108000051,254,51,203
108000052,20,45,-25
108000053,213,76,137
108000054,57,241,-184
108000055,410,161,249
108000056,196,191,5
108000057,277,477,-200
108000058,712,1503,-791
108000059,292,612,-320
108000060,144,252,-108
108000061,121,132,-11
108000062,494,137,357
108000063,257,105,152
108000064,106,147,-41
108000065,259,105,154
108000066,566,78,488
108000067,878,109,769
108000068,476,132,344
108000069,28,281,-253
108000070,1476,153,1323
108000071,120,379,-259
108000072,1120,181,939
108000073,207,216,-9
108000074,431,155,276
108000075,130,149,-19
108000076,904,121,783
108000077,163,128,35
108000078,1093,241,852
108000079,177,253,-76
108000080,1009,275,734
108000081,108,299,-191
108000082,169,148,21
108000083,671,267,404
108000084,85,75,10
108000085,337,201,136
108000086,53,49,4
108000087,94,1053,-959
108000088,387,42,345
108000089,54,65,-11
108000091,13,130,-117
108000092,212,15,197
108000093,24,89,-65
108000094,463,13,450
108000095,8,31,-23
108000096,460,83,377
108000097,60,47,13
108000098,921,303,618
108000099,273,89,184
108000100,219,174,45
108000101,614,339,275
108000102,530,1073,-543
108000106,355,0,355
108000107,0,56,-56
108000108,316,7,309
108000109,0,150,-150
108000110,317,21,296
108000111,43,160,-117
108000112,28,147,-119
108000113,149,132,17
108000115,122,33,89
108000117,201,25,176
108000118,96,449,-353
108000119,231,53,178
108000120,17,253,-236
108000121,154,38,116
108000122,412,79,333
108000123,219,19,200
108000124,52,61,-9
108000125,329,39,290
108000126,90,29,61
108000127,323,39,284
108000128,218,27,191
108000129,46,40,6
108000130,227,64,163
108000131,318,68,250
108000132,48,55,-7
108000133,986,80,906
108000134,113,28,85
108000135,760,136,624
108000136,30,84,-54
108000137,328,67,261
108000138,73,188,-115
108000139,266,84,182
108000140,328,2,326
108000141,3,31,-28
108000142,5,29,-24
108000143,29,18,11
108000144,576,6,570
108000145,41,22,19
108000146,652,6,646
108000147,2,9,-7
108000148,290,17,273
108000149,1,1,0
108000150,40,28,12
108000151,8,36,-28
108000152,59,11,48
108000153,230,27,203
108000154,40,0,40
108000155,71,29,42
108000156,244,36,208
108000157,11,629,-618
108000158,36,206,-170
108000159,85,53,32
108000160,850,381,469
108000161,624,882,-258
108000165,21,40,-19
108000172,1,46,-45
108000173,573,518,55
108000175,297,22,275
108000178,169,218,-49
108000179,119,665,-546
108000181,12,2,10
108000182,96,10,86
108000183,5,31,-26
108000184,51,1105,-1054
108000185,1,2,-1
108000186,108,1,107
108000187,2,11,-9
108000188,186,4,182
108000189,226,3458,-3232
108000190,0,0,0
108000192,109,70,39
108000193,14,137,-123
108000194,16,3,13
108000195,0,7,-7
108000196,168,47,121
108000198,293,13,280
108000199,0,0,0
108000200,199,4,195
108000203,0,11,-11
108000204,13,27,-14
108000205,30,8,22
108000339,384,277,107
108000364,63,144,-81
108000365,14,38,-24
108000367,41,2,39
108000368,0,0,0
108000369,62,20,42
108000371,0,131,-131
108000372,329,0,329
108000373,42,26,16
108000376,17,13,4
108000377,378,130,248
108000378,5639,5023,616
108000379,0,0,0
108000381,50,14,36
108000382,91,1,90
108000383,0,21,-21
108900001,0,16,-16
108900002,46,4,42
108900003,0,6,-6
108900004,177,131,46
108900007,109,94,15
108900008,42,21,21
108900009,45,47,-2
108900010,68,32,36
108900011,401,44,357
108900012,196,49,147
108900013,106,38,68
108900014,0,10,-10
108900015,0,0,0
108900016,0,0,0
108900017,55,31,24
108900018,22,59,-37
108900019,1,12,-11
108900020,13,9,4
108900021,20,45,-25
108900022,8,0,8
108900023,0,2,-2
108900024,3,0,3
108900025,88,3,85
108900026,0,0,0
108900027,0,10,-10
108900028,22,20,2
108900029,10,11,-1
108900030,0,0,0
108900031,20,27,-7
108900032,0,0,0
108900033,0,10,-10
108900034,0,4,-4
108900035,47,63,-16
108900038,0,8,-8
108900039,0,23,-23
108900040,0,9,-9
108900041,712,691,21
108900042,0,6,-6
108900043,0,0,0
108900044,0,20,-20
108900045,50,56,-6
108900046,1,39,-38
108900047,0,10,-10
108900048,15,22,-7
108900049,74,262,-188
108900050,0,33,-33
108900051,0,9,-9
108900052,0,5,-5
108900053,3,71,-68
108900054,0,0,0
108900055,2,45,-43
108900056,0,5,-5
108900057,0,8,-8
108900058,1,19,-18
108900059,104,14,90
108900060,26,65,-39
108900061,0,1,-1
108900062,1,15,-14
108900063,2,6,-4
108900064,11,5,6
108900065,5,22,-17
108900066,123,21,102
108900067,1,9,-8
108900068,1,35,-34
108900069,81,4,77
108900070,20,3,17
108900071,27,5,22
108900072,119,51,68
108900073,1,11,-10
108900074,124,8,116
108900075,10,9,1
108900076,168,22,146
108900077,3,21,-18
108900078,31,9,22
108900079,65,17,48
108900080,26,117,-91
108900081,2,22,-20
108900082,3,5,-2
108900083,1,10,-9
108900085,125,3,122
108900086,17,4,13
108900087,6,22,-16
108900088,106,45,61
108900089,3,49,-46
108900090,22,6,16
108900091,5,19,-14
108900092,65,41,24
108900093,14,24,-10
108900094,64,4,60
108900095,1,10,-9
108900096,26,5,21
108900097,61,11,50
108900098,251,243,8
108900099,106,5,101
108900100,16,5,11
108900101,25,53,-28
108900102,0,218,-218
108900103,48,13,35
108900105,1,536,-535
108900106,136,37,99
108900108,51,11,40
108900109,138,14,124
108900110,20,11,9
108900111,171,29,142
108900113,18,20,-2
108900114,22,1,21
108900115,49,31,18
108900116,2,0,2
108900117,45,2,43
108900118,152,3,149
108900119,240,36,204
108900120,51,35,16
108900121,68,10,58
108900122,58,1,57
108900123,31,14,17
108900124,38,7,31
108900125,190,4,186
108900126,47,29,18
108900127,58,3,55
108900128,101,12,89
108900129,89,4,85
108900130,76,2,74
108900131,187,3,184
108900132,90,1,89
108900133,78,11,67
108900134,291,14,277
108900135,160,0,160
108900136,18,2,16
108900137,87,0,87
108900138,221,10,211
108900140,270,6,264
108900141,233,14,219
108900142,26,0,26
108900143,16,0,16
108900144,46,0,46
108900145,110,9,101
108900146,8,0,8
108900147,191,0,191
108900148,6,2,4
108900150,33,3,30
108900151,1,0,1
108900152,106,16,90
108900153,127,10,117
108900154,1815,116,1699
108900156,6,0,6
108900157,1,34,-33
108900158,120,7,113
108900159,1,18,-17
108900160,9,20,-11
108900161,0,32,-32
108900162,22,1,21
108900163,1,162,-161
108900164,31,6,25
108900168,432,570,-138
108900169,9,13,-4
108900171,221,880,-659
108900172,70,10,60
108900173,22,14,8
108900174,439,43,396
108900176,2,11,-9
108900177,161,704,-543
108900178,211,928,-717
108900180,36,68,-32
108900183,24,31,-7
108900184,154,23,131
108900185,2,55,-53
108900186,9,40,-31
108900189,118,6,112
108900190,9,59,-50
108900192,4,44,-40
108900195,12,13,-1
108900196,8,24,-16
108900199,47,35,12
108900200,162,92,70
108900201,97,149,-52
108900203,212,45,167
108900204,126,11,115
108900205,112,6,106
108900206,68,15,53
108900207,28,15,13
108900208,15,27,-12
108900209,23,17,6
108900210,0,7,-7
108900211,0,37,-37
108900212,3,128,-125
108900215,0,5,-5
108900216,60,11,49
108900217,1,0,1
108900218,15,1,14
108900221,0,0,0
108900224,0,0,0
108900225,0,0,0
108900227,23,50,-27
108900230,18,11,7
108900232,0,10,-10
108900233,108,5,103
108900234,60,20,40
108900235,0,0,0
108900236,0,0,0
108900240,10,9,1
108900241,0,10,-10
108900245,1,96,-95
108900250,48,0,48
108900258,0,5,-5
108900259,0,2,-2
108900260,0,0,0
108900261,6,2,4
108900262,19,5,14
108900263,7,7,0
108900264,3,2,1
108900265,23,160,-137
108900266,16,216,-200
108900267,0,57,-57
108900268,3,4,-1
108900269,22,1,21
108900270,36,0,36
108900271,2,1,1
108900272,59,2,57
108900273,26,138,-112
108900274,7,1,6
109000001,637,1843,-1206
109000002,1,143,-142
109000003,1160,221,939
109000004,1,40,-39
109000005,915,270,645
109000006,0,57,-57
109000007,848,330,518
109000008,4,77,-73
109000009,1508,442,1066
109000010,9,161,-152
109000011,1923,662,1261
109000012,35,132,-97
109000013,2640,1640,1000
109000014,49,142,-93
109000015,2334,4004,-1670
109000016,49,180,-131
109000017,1771,404,1367
109000018,49,130,-81
109000019,1332,549,783
109000020,6,45,-39
109000023,30,0,30
109000024,0,15,-15
109000025,42,84,-42
109000026,228,161,67
109000027,25,99,-74
109000028,64,16,48
109000029,30,79,-49
109000030,0,0,0
109000031,183,37,146
109000032,0,0,0
109000033,254,43,211
109000034,0,1,-1
109000035,0,3,-3
109000036,3,65,-62
109000037,96,675,-579
109000038,57,40,17
109000039,203,293,-90
109000040,257,2957,-2700
109000041,152,677,-525
109000042,155,330,-175
109000044,151,2,149
109000045,38,0,38
109000046,182,9,173
109000047,4,2,2
109000048,238,46,192
109000049,14,10,4
109000050,122,78,44
109000051,19,26,-7
109000052,91,57,34
109000053,373,58,315
109000054,29,31,-2
109000055,21,69,-48
109000056,80,9,71
109000057,59,189,-130
109000058,98,8,90
109000059,0,257,-257
109000060,147,165,-18
109000061,37,1050,-1013
109000062,18,90,-72
109000063,3,8,-5
109000064,139,17,122
109000065,0,3,-3
109000066,106,4,102
109000067,0,47,-47
109000068,91,0,91
109000069,143,1,142
109000070,0,8,-8
109000071,102,24,78
109000072,55,261,-206
109000073,14,62,-48
109000074,8,128,-120
109000075,53,3,50
109000076,48,127,-79
109000077,68,52,16
109000078,23,44,-21
109000079,28,27,1
109000080,169,9,160
109000081,35,90,-55
109000082,314,12,302
109000083,106,68,38
109000088,103,37,66
109000089,208,12,196
109000090,78,49,29
109000091,169,24,145
109000092,136,121,15
109000093,129,28,101
109000094,300,0,300
109000095,11,28,-17
109000096,505,28,477
109000097,6,21,-15
109000098,70,43,27
109000099,394,21,373
109000100,24,86,-62
109000101,804,231,573
109000102,150,57,93
109000103,242,105,137
109000104,1084,74,1010
109000105,63,92,-29
109000106,820,149,671
109000107,78,120,-42
109000108,1020,151,869
109000109,91,67,24
109000110,397,259,138
109000111,130,189,-59
109000112,37,29,8
109000113,138,16,122
109000114,171,77,94
109000115,276,19,257
109000116,1,84,-83
109000117,138,2,136
109000118,1,90,-89
109000119,620,21,599
109000120,14,55,-41
109000121,283,12,271
109000122,29,64,-35
109000123,9,4,5
109000124,317,81,236
109000125,736,91,645
109000126,24,36,-12
109000127,791,71,720
109000128,34,41,-7
109000129,1001,126,875
109000130,47,51,-4
109000131,422,308,114
109000132,112,156,-44
109000133,17,73,-56
109000134,11,72,-61
109000135,51,20,31
109000136,120,114,6
109000137,279,73,206
109000138,195,54,141
109000139,221,52,169
109000140,80,88,-8
109000141,144,24,120
109000142,14,84,-70
109000143,4,23,-19
109000145,34,92,-58
109000146,61,154,-93
109000148,0,0,0
109000149,4,153,-149
109000150,65,92,-27
109000155,186,270,-84
109000156,210,10,200
109000158,6,160,-154
109000159,5,96,-91
109000160,502,42,460
109000161,227,143,84
109000162,536,96,440
109000163,540,94,446
109000164,695,428,267
109000165,524,216,308
109000166,397,23,374
109000167,132,52,80
109000170,9,11,-2
109000171,37,4,33
109000172,2,2,0
109000173,3,8,-5
109000174,15,1,14
109000175,51,14,37
109000176,100,64,36
109000177,18,8,10
109000178,233,64,169
109000179,403,791,-388
109000180,653,208,445
109000181,17,21,-4
109000182,37,25,12
109000183,12,3,9
109000184,24,77,-53
109000185,16,19,-3
109000188,141,212,-71
109000189,447,59,388
109000190,126,149,-23
109000191,241,88,153
109000192,208,8,200
109000193,96,17,79
109000194,75,2,73
109000195,48,13,35
109000196,68,4,64
109000197,87,9,78
109000198,105,11,94
109000199,28,22,6
109000206,82,6,76
109000207,45,5,40
109000208,61,45,16
109000209,37,25,12
109000210,24,15,9
109000211,231,284,-53
109000214,163,213,-50
109000215,110,29,81
109000216,111,178,-67
109000217,3,0,3
109000218,2,11,-9
109000221,10,59,-49
109000222,333,35,298
109000223,92,140,-48
109000224,86,26,60
109000225,55,10,45
109000226,89,47,42
109000227,486,83,403
109000228,0,0,0
109000231,0,35,-35
109000232,219,11,208
109000236,8,32,-24
109000241,521,159,362
109000242,379,90,289
109000293,6,40,-34
109000361,92,25,67
109000364,16,8,8
109000396,1,33,-32
109000397,486,1,485
109000399,83,86,-3
109000400,46,31,15
109000403,2,610,-608
109000406,172,47,125
109000407,47,35,12
109000408,0,32,-32
109000410,0,0,0
109000411,196,19,177
109900001,0,0,0
109900002,104,1,103
109900003,165,0,165
109900004,25,0,25
109900005,7,0,7
109900006,170,16,154
109900007,241,0,241
109900008,0,0,0
109900009,0,3,-3
109900010,0,0,0
109900011,1,23,-22
109900012,21,13,8
109900013,53,29,24
109900014,34,14,20
109900015,46,15,31
109900016,25,4,21
109900017,26,10,16
109900018,17,2,15
109900019,25,3,22
109900020,1,0,1
109900021,21,0,21
109900022,96,25,71
109900023,10,0,10
109900024,0,0,0
109900025,0,0,0
109900026,0,17,-17
109900027,0,5,-5
109900028,12,124,-112
109900029,0,6,-6
109900030,0,0,0
109900031,0,26,-26
109900032,0,0,0
109900033,0,34,-34
109900034,1,0,1
109900035,3,0,3
109900036,0,0,0
109900037,0,0,0
109900038,0,4,-4
109900039,23,0,23
109900040,0,0,0
109900041,22,4,18
109900042,0,0,0
109900044,20,1,19
109900045,35,9,26
109900046,68,15,53
109900047,4,37,-33
109900048,0,4,-4
109900049,0,5,-5
109900050,0,3,-3
109900051,0,1,-1
109900052,1,4,-3
109900053,0,9,-9
109900054,274,23,251
109900055,21,8,13
109900056,0,0,0
109900057,0,12,-12
109900058,0,0,0
109900059,359,4,355
109900060,155,10,145
109900061,1,3,-2
109900062,0,0,0
109900063,5,24,-19
109900064,66,29,37
109900065,1,5,-4
109900066,0,9,-9
109900067,0,0,0
109900068,34,3,31
109900069,0,1,-1
109900070,2,8,-6
109900071,0,0,0
109900072,0,6,-6
109900073,80,2,78
109900074,1,2,-1
109900075,0,0,0
109900076,0,4,-4
109900077,2,45,-43
109900078,7,8,-1
109900080,2,11,-9
109900081,0,8,-8
109900082,12,11,1
109900083,1,0,1
109900084,0,0,0
109900085,4,12,-8
109900086,0,109,-109
109900087,1,29,-28
109900089,29,1,28
109900090,36,34,2
109900091,151,0,151
109900092,0,0,0
109900093,77,1,76
109900094,14,0,14
109900095,5,21,-16
109900096,35,0,35
109900097,4,0,4
109900098,76,0,76
109900099,239,0,239
109900100,0,0,0
109900101,273,0,273
109900102,0,0,0
109900103,6,5,1
109900104,353,14,339
109900105,0,0,0
109900106,0,0,0
109900107,0,0,0
109900108,0,0,0
109900109,0,0,0
109900110,0,1,-1
109900111,4,10,-6
109900112,17,10,7
109900113,255,117,138
109900114,94,25,69
109900115,18,5,13
109900117,369,5,364
109900118,23,13,10
109900119,18,47,-29
109900120,0,1,-1
109900121,18,4,14
109900122,173,0,173
109900123,1,0,1
109900124,2,3,-1
109900125,0,22,-22
109900126,98,3,95
109900128,100,0,100
109900130,179,317,-138
109900131,1,4,-3
109900132,0,8,-8
109900133,6,8,-2
109900134,0,0,0
109900135,0,0,0
109900136,0,0,0
109900137,5,6,-1
109900140,21,9,12
109900142,218,4,214
109900145,0,109,-109
109900146,7,1,6
109900148,20,13,7
109900149,0,0,0
109900150,0,3,-3
109900151,0,0,0
109900152,4,8,-4
109900153,0,12,-12
109900154,0,0,0
109900155,17,3,14
109900157,9,20,-11
109900158,1,2,-1
109900159,36,13,23
109900160,26,7,19
109900161,49,5,44
109900162,30,18,12
109900163,90,34,56
109900164,37,95,-58
109900165,45,2,43
109900166,0,29,-29
109900167,11,68,-57
109900168,50,42,8
109900169,0,0,0
109900170,1,214,-213
109900171,20,20,0
109900172,10,22,-12
109900173,43,236,-193
109900174,0,0,0
109900175,0,0,0
109900176,0,0,0
109900177,0,0,0
109900178,0,0,0
109900179,0,0,0
109900180,27,0,27
110000001,119,81,38
110000002,308,605,-297
110000003,96,214,-118
110000004,330,569,-239
110000005,196,914,-718
110000006,93,408,-315
110000007,39,14,25
110000008,4,9,-5
110000009,1,15,-14
110000010,21,25,-4
110000011,3,12,-9
110000012,89,93,-4
110000013,24,230,-206
110000014,210,92,118
110000015,44,238,-194
110000016,199,603,-404
110000017,945,190,755
110000018,171,108,63
110000019,3,31,-28
110000020,124,32,92
110000021,33,47,-14
110000022,156,4,152
110000023,0,33,-33
110000024,59,19,40
110000025,376,0,376
110000026,1,61,-60
110000027,124,239,-115
110000028,465,140,325
110000029,20,142,-122
110000030,91,207,-116
110000031,47,46,1
110000032,277,84,193
110000033,18,50,-32
110000034,122,165,-43
110000035,176,159,17
110000036,274,145,129
110000037,26,186,-160
110000038,52,156,-104
110000039,373,1121,-748
110000040,140,57,83
110000041,211,962,-751
110000042,35,89,-54
110000043,272,169,103
110000044,6,23,-17
110000045,10,72,-62
110000046,23,8,15
110000047,8,13,-5
110000048,1,10,-9
110000049,7,24,-17
110000050,1,13,-12
110000051,1,6,-5
110000052,36,75,-39
110000053,1,3,-2
110000054,13,63,-50
110000055,35,59,-24
110000056,50,76,-26
110000057,62,66,-4
110000058,339,234,105
110000059,79,119,-40
110000060,747,184,563
110000061,102,108,-6
110000062,543,255,288
110000063,42,38,4
110000064,30,12,18
110000065,45,30,15
110000066,10,7,3
110000067,20,8,12
110000068,46,23,23
110000069,196,0,196
110000071,104,5,99
110000073,0,2,-2
110000075,3,1,2
110000076,109,87,22
110000077,69,211,-142
110000078,49,2,47
110000080,86,98,-12
110000081,8,58,-50
110000082,4,110,-106
110000083,94,64,30
110000084,456,575,-119
110000085,568,314,254
110000086,423,701,-278
110000087,22,15,7
110000088,27,30,-3
110000089,96,10,86
110000090,5,12,-7
110000091,34,14,20
110000092,0,0,0
110000093,81,16,65
110000094,179,40,139
110000095,96,272,-176
110000096,220,290,-70
110000097,343,661,-318
110000098,664,147,517
110000099,184,239,-55
110000100,279,2,277
110000101,0,25,-25
110000102,34,40,-6
110000104,137,60,77
110000105,37,59,-22
110000106,95,218,-123
110000107,27,102,-75
110000108,86,103,-17
110000109,4,36,-32
110000110,745,1365,-620
110000111,815,927,-112
110000112,123,196,-73
110000113,23,527,-504
110000114,58,216,-158
110000115,136,56,80
110000116,36,39,-3
110000117,109,26,83
110000118,251,7,244
110000119,78,54,24
110000120,132,33,99
110000121,4,91,-87
110000122,105,144,-39
110000123,356,284,72
110000124,1,191,-190
110000125,231,0,231
110000126,87,3,84
110000127,322,11,311
110000128,0,69,-69
110000129,1,27,-26
110000130,135,30,105
110000131,6,36,-30
110000132,0,58,-58
110000133,0,54,-54
110000134,0,35,-35
110000135,85,9,76
110000136,4,27,-23
110000137,269,30,239
110000138,95,37,58
110000139,466,42,424
110000140,481,127,354
110000143,184,73,111
110000144,902,443,459
110000145,448,224,224
110000146,393,155,238
110000147,39,312,-273
110000148,264,21,243
110000151,49,191,-142
110000152,116,542,-426
110000153,0,0,0
110000154,0,0,0
110000155,267,461,-194
110000156,124,326,-202
110000157,131,524,-393
110000160,181,83,98
110000161,31,70,-39
110000166,256,5,251
110000167,591,257,334
110000168,375,200,175
110000169,296,142,154
110000170,43,41,2
110000171,229,24,205
110000172,78,118,-40
110000173,197,213,-16
110000174,27,61,-34
110000175,301,32,269
110000176,38,246,-208
110000177,52,341,-289
110000178,158,685,-527
110000179,243,107,136
110000180,14,94,-80
110000181,142,36,106
110000182,72,11,61
110000183,2053,2308,-255
110000184,56,975,-919
110000185,93,192,-99
110000186,54,137,-83
110000191,620,69,551
110000192,263,1,262
110000193,588,1,587
110000194,0,75,-75
110000195,234,10,224
110000196,123,8,115
110000197,30,9,21
110000198,21,6,15
110000199,13,31,-18
110000200,189,43,146
110000201,202,288,-86
110000202,460,139,321
110000203,45,29,16
110000204,8,11,-3
110000205,123,17,106
110000206,42,23,19
110000207,711,29,682
110000208,15,68,-53
110000209,10,47,-37
110000210,689,143,546
110000211,412,146,266
110000212,168,391,-223
110000213,88,4,84
110000214,50,15,35
110000215,1,77,-76
110000216,8,71,-63
110000217,233,22,211
110000218,48,39,9
110000219,188,34,154
110000220,4,14,-10
110000221,216,12,204
110000222,10,74,-64
110000223,2,10,-8
110000224,0,0,0
110000225,41,121,-80
110000226,73,15,58
110000227,13,97,-84
110000228,55,9,46
110000229,0,22,-22
110000230,247,204,43
110000231,98,79,19
110000232,28,37,-9
110000233,91,84,7
110000234,147,105,42
110000235,229,226,3
110000236,0,0,0
110000237,396,113,283
110000238,505,211,294
110000239,440,154,286
110000240,0,1,-1
110000242,0,0,0
110000243,28,9,19
110000244,2,14,-12
110000245,0,53,-53
110000246,288,64,224
110000247,203,244,-41
110000248,211,92,119
110000249,62,4,58
110000250,1,23,-22
110000251,45,76,-31
110000252,149,22,127
110000253,427,198,229
110000254,169,60,109
110000255,36,81,-45
110000256,81,81,0
110000257,23,0,23
110000258,1,43,-42
110000259,52,5,47
110000260,33,25,8
110000263,127,6,121
110000264,220,128,92
110000265,613,368,245
110000266,540,437,103
110000267,0,0,0
110000268,59,1,58
110000269,0,0,0
110000270,23,0,23
110000271,272,11,261
110000272,183,138,45
110000273,141,214,-73
110000274,51,670,-619
110000275,217,75,142
110000276,45,180,-135
110000277,168,32,136
110000278,98,125,-27
110000279,407,90,317
110000280,246,67,179
110000281,38,9,29
110000282,38,1,37
110000283,11,28,-17
110000284,0,1,-1
110000285,0,7,-7
110000286,0,0,0
110000287,12,0,12
110000288,0,0,0
110000289,107,883,-776
110000290,67,79,-12
110000291,194,308,-114
110000292,278,1433,-1155
110000293,320,108,212
110000294,664,265,399
110000295,38,91,-53
110000296,242,23,219
110000297,614,18,596
110000298,1,28,-27
110000299,28,16,12
110000301,280,13,267
110000302,49,79,-30
110000303,234,8,226
110000304,41,20,21
110000305,469,0,469
110000306,0,54,-54
110000307,453,0,453
110000308,172,24,148
110000309,0,68,-68
110000310,419,16,403
110000311,0,87,-87
110000312,197,4,193
110000313,439,100,339
110000314,0,59,-59
110000315,364,504,-140
110000316,19,205,-186
110000317,1,11,-10
110000318,0,16,-16
110000319,3,3,0
110000320,1,5,-4
110000321,19,19,0
110000322,36,87,-51
110000323,152,79,73
110000324,200,55,145
110000325,970,998,-28
110000327,148,73,75
110000328,1,27,-26
110000333,264,433,-169
110000334,34,113,-79
110000335,89,80,9
110000336,30,87,-57
110000337,783,49,734
110000338,140,77,63
110000339,213,17,196
110000340,0,10,-10
110000341,130,0,130
110000342,24,0,24
110000343,0,0,0
110000344,0,4,-4
110000345,13,45,-32
110000346,789,380,409
110000347,789,192,597
110000348,2,6,-4
110000349,1,1,0
110000350,20,1,19
110000351,579,150,429
110000352,214,477,-263
110000353,833,114,719
110000354,148,872,-724
110000355,1,0,1
110000356,183,2,181
110000357,240,3,237
110000361,0,0,0
110000362,0,0,0
110000363,312,6,306
110000364,109,64,45
110000365,31,1,30
110000366,0,1,-1
110000367,41,20,21
110000368,0,2,-2
110000369,28,0,28
110000373,1,40,-39
110000374,16,16,0
110000375,45,114,-69
110000376,25,32,-7
110000377,46,135,-89
110000378,0,64,-64
110000379,824,1205,-381
110000380,180,11,169
110000383,0,42,-42
110000384,281,19,262
110000385,0,14,-14
110000387,28,0,28
110000388,5,29,-24
110000389,504,5,499
110000391,292,24,268
110000396,34,12,22
110000397,60,17,43
110000398,1,29,-28
110000399,65,0,65
110000587,57,18,39
110000589,122,33,89
110000640,76,1,75
110000652,2,59,-57
110000653,30,36,-6
110000654,0,0,0
110000656,0,0,0
110000674,0,0,0
110000675,0,0,0
110000676,0,0,0
110000679,26,15,11
110000682,35,61,-26
110000683,179,113,66
110000684,0,0,0
110000685,2,7,-5
110000686,0,0,0
110000687,2,0,2
110000688,2,190,-188
110000689,46,7,39
110000692,3,36,-33
110000693,5,107,-102
110000694,0,0,0
110000695,6,28,-22
110000696,56,12,44
110900001,39,6,33
110900002,51,0,51
110900003,243,5,238
110900004,146,1,145
110900005,0,0,0
110900006,15,4,11
110900007,20,4,16
110900008,0,0,0
110900009,14,90,-76
110900010,0,0,0
110900011,1,4,-3
110900012,0,0,0
110900013,155,31,124
110900014,17,0,17
110900015,22,220,-198
110900016,0,0,0
110900017,140,2,138
110900018,43,7,36
110900019,2,0,2
110900020,0,0,0
110900021,0,0,0
110900022,0,0,0
110900023,1,35,-34
110900024,0,0,0
110900025,0,0,0
110900027,0,0,0
110900028,0,0,0
110900029,0,7,-7
110900030,0,0,0
110900031,0,0,0
110900032,0,0,0
110900033,0,0,0
110900035,0,0,0
110900036,10,0,10
110900037,21,1,20
110900038,0,0,0
110900039,0,0,0
110900040,17,5,12
110900041,0,0,0
110900042,0,0,0
110900043,0,0,0
110900044,0,0,0
110900045,0,0,0
110900046,0,0,0
110900047,0,0,0
110900049,8,10,-2
110900050,5,0,5
110900051,0,0,0
110900052,0,0,0
110900053,0,0,0
110900054,0,0,0
110900055,0,0,0
110900056,0,0,0
110900057,0,0,0
110900058,0,0,0
110900059,1,0,1
110900060,46,2,44
110900061,0,0,0
110900062,0,0,0
110900063,1,7,-6
110900064,1,0,1
110900065,11,40,-29
110900066,3,8,-5
110900067,0,0,0
110900068,0,0,0
110900069,7,1,6
110900070,0,0,0
110900071,0,0,0
110900073,0,4,-4
110900074,119,0,119
110900075,46,17,29
110900077,213,41,172
110900078,0,0,0
110900079,280,271,9
110900080,48,12,36
110900081,0,0,0
110900082,17,9,8
110900083,1,2,-1
110900084,0,0,0
110900085,6,55,-49
110900086,0,30,-30
110900087,51,15,36
110900088,0,0,0
110900090,0,0,0
110900091,0,0,0
110900093,15,1,14
110900095,14,1,13
110900097,0,0,0
110900098,0,9,-9
110900099,6,27,-21
110900100,0,3,-3
110900102,18,3,15
110900105,16,5,11
110900108,6,1,5
110900111,3,6,-3
110900112,172,6,166
110900113,6,0,6
110900115,1,6,-5
110900116,166,57,109
110900118,1,401,-400
110900119,42,0,42
110900120,0,0,0
110900121,30,0,30
110900122,13,1,12
110900125,84,122,-38
110900127,0,0,0
110900128,25,52,-27
110900129,4,104,-100
110900130,20,167,-147
110900131,33,6,27
110900132,57,11,46
110900133,0,0,0
110900135,0,1,-1
110900136,17,0,17
110900138,0,0,0
110900139,0,0,0
110900140,0,0,0
110900141,32,2,30
110900142,0,0,0
110900143,56,2,54
110900144,0,0,0
110900145,15,26,-11
110900146,32,32,0
110900147,0,0,0
110900148,0,0,0
110900149,0,0,0
110900150,3,7,-4
110900151,0,6,-6
110900152,6,0,6
110900153,49,0,49
111000001,400,257,143
111000002,112,8,104
111000003,740,474,266
111000004,6,20,-14
111000005,560,715,-155
111000006,29,27,2
111000007,990,1103,-113
111000008,131,73,58
111000009,36,165,-129
111000010,507,268,239
111000011,13,375,-362
111000012,116,190,-74
111000013,73,340,-267
111000014,544,167,377
111000017,1,88,-87
111000018,3,11,-8
111000020,6,160,-154
111000021,25,37,-12
111000023,37,75,-38
111000025,193,354,-161
111000029,2,5,-3
111000030,0,0,0
111000031,721,292,429
111000032,306,129,177
111000033,59,18,41
111000034,11,61,-50
111000037,245,341,-96
111000038,343,260,83
111000039,467,319,148
111000040,446,335,111
111000041,97,174,-77
111000042,278,529,-251
111000043,784,914,-130
111000044,725,94,631
111000045,730,284,446
111000046,556,413,143
111000047,1237,1962,-725
111000049,29,33,-4
111000050,115,129,-14
111000051,38,82,-44
111000052,40,52,-12
111000053,54,60,-6
111000054,43,46,-3
111000055,254,158,96
111000056,16,35,-19
111000057,29,32,-3
111000058,258,15,243
111000059,269,97,172
111000060,2373,235,2138
111000061,312,68,244
111000062,621,81,540
111000063,640,308,332
111000064,559,139,420
111000065,845,226,619
111000066,251,45,206
111000067,214,60,154
111000068,89,42,47
111000069,39,147,-108
111000070,112,72,40
111000071,1,9,-8
111000072,666,361,305
111000073,130,492,-362
111000074,804,395,409
111000075,218,79,139
111000076,450,123,327
111000077,562,182,380
111000078,384,143,241
111000079,233,85,148
111000080,87,141,-54
111000081,252,790,-538
111000082,215,93,122
111000084,171,180,-9
111000085,475,609,-134
111000086,709,304,405
111000087,420,128,292
111000088,575,459,116
111000089,253,207,46
111000090,196,221,-25
111000091,206,112,94
111000092,697,194,503
111000093,287,227,60
111000094,607,256,351
111000095,290,893,-603
111000096,404,2377,-1973
111000097,185,167,18
111000098,71,112,-41
111000099,50,166,-116
111000100,52,90,-38
111000101,48,114,-66
111000102,0,27,-27
111000104,279,14,265
111000107,2,48,-46
111000109,191,12,179
111000110,301,123,178
111000111,1158,52,1106
111000112,837,51,786
111000113,336,653,-317
111000114,295,806,-511
111000115,934,222,712
111000116,144,69,75
111000117,92,76,16
111000118,225,89,136
111000119,557,58,499
111000120,138,77,61
111000121,186,96,90
111000122,122,137,-15
111000123,316,226,90
111000124,91,327,-236
111000125,58,132,-74
111000126,36,79,-43
111000127,428,19,409
111000128,1022,54,968
111000129,1474,104,1370
111000130,1426,150,1276
111000131,1080,80,1000
111000132,909,429,480
111000133,57,3,54
111000134,37,15,22
111000135,3,79,-76
111000136,360,43,317
111000138,4,7,-3
111000140,0,0,0
111000141,21,23,-2
111000142,0,5,-5
111000143,0,9,-9
111000144,0,32,-32
111000145,29,0,29
111000146,58,3,55
111000147,43,4,39
111000148,22,4,18
111000149,0,65,-65
111000150,3,1,2
111000151,1,0,1
111000153,160,12,148
111000154,24,10,14
111000155,87,26,61
111000156,338,72,266
111000157,22,173,-151
111000158,364,326,38
111000159,668,442,226
111000160,212,28,184
111000161,2,60,-58
111000162,1,10,-9
111000163,43,78,-35
111000164,10,252,-242
111000165,161,33,128
111000166,42,10,32
111000167,9,42,-33
111000168,85,46,39
111000169,93,7,86
111000170,51,42,9
111000171,82,20,62
111000172,26,68,-42
111000173,89,84,5
111000174,9,15,-6
111000175,26,32,-6
111000176,131,24,107
111000177,285,40,245
111000178,756,29,727
111000179,232,15,217
111000180,64,116,-52
111000181,304,53,251
111000182,90,10,80
111000183,78,45,33
111000184,163,30,133
111000185,73,24,49
111000186,52,4,48
111000187,87,15,72
111000188,185,49,136
111000189,18,51,-33
111000190,14,22,-8
111000191,13,13,0
111000192,38,36,2
111000193,25,12,13
111000194,2,6,-4
111000195,4,32,-28
111000196,8,14,-6
111000197,282,20,262
111000198,221,3,218
111000199,130,25,105
111000200,382,156,226
111000201,283,31,252
111000202,171,29,142
111000203,154,29,125
111000204,104,498,-394
111000213,113,139,-26
111000214,304,111,193
111000215,331,155,176
111000217,721,95,626
111000218,486,303,183
111000219,75,22,53
111000220,219,71,148
111000221,100,13,87
111000224,1,7,-6
111000225,308,328,-20
111000226,13,1,12
111000227,0,3,-3
111000228,0,382,-382
111000229,1,469,-468
111000230,50,42,8
111000231,357,65,292
111000232,295,171,124
111000233,277,53,224
111000234,21,80,-59
111000239,0,0,0
111000240,9,76,-67
111000241,0,0,0
111000242,39,30,9
111000243,0,0,0
111000244,323,24,299
111000245,283,41,242
111000246,334,49,285
111000247,182,96,86
111000248,416,76,340
111000249,224,36,188
111000250,59,8,51
111000251,54,24,30
111000253,6,6,0
111000255,23,1,22
111000257,17,0,17
111000260,0,39,-39
111000261,342,7,335
111000271,0,29,-29
111000273,332,139,193
111000274,316,258,58
111000275,48,12,36
111000276,51,151,-100
111000277,56,40,16
111000278,194,36,158
111000291,565,3339,-2774
111000298,166,45,121
111000299,85,11,74
111000300,4,15,-11
111000302,88,34,54
111000303,115,19,96
111000312,40,4,36
111000315,0,12,-12
111000320,59,13,46
111000321,243,52,191
111000322,128,45,83
111000323,109,6,103
111000324,90,67,23
111000325,3,14,-11
111000326,79,109,-30
111000327,95,105,-10
111000328,122,137,-15
111000329,0,14,-14
111000330,12,0,12
111000331,7,4,3
111000332,265,286,-21
111000334,55,93,-38
111000335,341,10,331
111000337,536,5,531
111000338,9,2,7
111000339,192,3,189
111000340,4,66,-62
111000341,518,156,362
111000342,0,22,-22
111000344,420,155,265
111000345,22,8,14
111000346,1,11,-10
111000347,77,2,75
111000350,43,147,-104
111000351,5,139,-134
111000352,15,21,-6
111000353,15,74,-59
111000354,65,32,33
111000355,5,124,-119
111000358,54,54,0
111000360,47,26,21
111000361,46,9,37
111000546,127,2,125
111000547,86,56,30
111000548,7,9,-2
111000549,55,9,46
111000550,0,74,-74
111000551,37,13,24
111000552,55,13,42
111000907,557,3,554
111000908,5,0,5
111000916,442,11,431
111000917,0,16,-16
111000918,33,40,-7
111000920,170,0,170
111000921,0,15,-15
111000922,107,4,103
111000924,0,74,-74
111000925,2142,683,1459
111000926,460,324,136
111000927,1172,1333,-161
111000928,706,463,243
111000929,1149,289,860
111000930,304,444,-140
111000931,1108,401,707
111000932,636,421,215
111000933,1673,1112,561
111000934,265,407,-142
111000935,963,224,739
111000936,176,292,-116
111000937,551,289,262
111000938,494,259,235
111000939,375,8,367
111000940,269,18,251
111000941,114,15,99
111000943,301,83,218
111000944,29,36,-7
111000945,156,3,153
111001109,165,159,6
111001110,40,1,39
111001111,20,1,19
111001112,209,16,193
111001113,2,30,-28
111001114,51,52,-1
111001115,0,0,0
111001116,388,1958,-1570
111001117,13,59,-46
111001120,27,12,15
111001121,9,21,-12
111001122,53,29,24
111001123,109,63,46
111001124,26,15,11
111001125,6,394,-388
111001126,9,2,7
111001127,0,0,0
111001128,488,165,323
111900001,0,0,0
111900002,0,2,-2
111900003,0,23,-23
111900004,0,11,-11
111900006,0,0,0
111900007,0,0,0
111900008,0,0,0
111900009,3,0,3
111900010,0,1,-1
111900012,0,1,-1
111900013,4,12,-8
111900014,243,1215,-972
111900015,0,3,-3
111900016,0,1,-1
111900017,0,0,0
111900018,43,3,40
111900019,0,43,-43
111900020,0,4,-4
111900021,2,0,2
111900022,0,1,-1
111900023,44,18,26
111900024,25,1,24
111900025,0,9,-9
111900026,0,7,-7
111900027,0,2,-2
111900028,0,0,0
111900029,0,3,-3
111900030,0,0,0
111900031,0,0,0
111900032,0,0,0
111900033,0,5,-5
111900034,0,0,0
111900035,0,0,0
111900036,0,0,0
111900038,0,0,0
111900039,0,0,0
111900040,0,0,0
111900042,0,0,0
111900043,0,0,0
111900044,0,0,0
111900046,0,0,0
111900048,110,45,65
111900049,0,0,0
111900050,0,0,0
111900051,0,12,-12
111900052,0,0,0
111900053,46,487,-441
111900054,0,0,0
111900055,1,35,-34
111900056,41,40,1
111900057,49,12,37
111900058,254,5,249
111900059,73,44,29
111900060,0,0,0
111900061,0,2,-2
111900062,21,15,6
111900063,91,2,89
111900064,4,10,-6
111900065,44,12,32
111900066,17,0,17
111900067,0,0,0
111900068,6,20,-14
111900069,33,24,9
111900070,26,0,26
111900071,0,0,0
111900072,23,8,15
111900073,57,9,48
111900074,0,0,0
111900075,44,2,42
111900076,34,12,22
111900077,31,0,31
111900078,46,5,41
111900079,41,12,29
111900080,0,0,0
111900082,211,26,185
111900083,28,1,27
111900084,97,2,95
111900085,0,0,0
111900086,167,4,163
111900087,44,2,42
111900088,127,2,125
111900089,65,2,63
111900090,0,0,0
111900091,382,1,381
111900092,72,13,59
111900093,100,1,99
111900094,76,0,76
111900095,0,0,0
111900096,191,0,191
111900097,62,0,62
111900098,52,0,52
111900099,10,0,10
111900100,0,0,0
111900101,2,1,1
111900102,20,0,20
111900103,0,0,0
111900104,1,0,1
111900105,2,2,0
111900106,44,13,31
111900110,0,0,0
111900111,53,5,48
111900112,0,0,0
111900113,40,21,19
111900118,45,2,43
111900119,0,6,-6
111900122,22,6,16
111900123,3,5,-2
111900124,10,4,6
111900125,30,4,26
111900126,15,0,15
111900127,0,0,0
111900128,0,0,0
111900129,88,0,88
111900130,1,1,0
111900131,22,0,22
111900132,0,0,0
111900133,0,0,0
111900134,0,0,0
111900135,0,0,0
111900136,0,0,0
111900137,22,0,22
111900138,2,18,-16
111900139,0,11,-11
111900140,55,8,47
111900141,9,1,8
111900142,27,2,25
111900143,3,0,3
111900144,0,0,0
111900145,0,0,0
111900146,0,0,0
111900147,0,0,0
111900148,0,0,0
111900149,0,0,0
111900150,0,0,0
111900151,0,0,0
111900152,0,0,0
111900153,0,0,0
111900154,0,0,0
111900155,0,0,0
111900156,0,0,0
111900157,0,0,0
111900158,0,0,0
111900159,0,0,0
111900160,0,0,0
111900161,3,0,3
111900162,0,0,0
111900163,0,0,0
111900164,0,0,0
111901113,68,0,68
111901114,39,0,39
111901115,0,0,0
111901116,0,0,0
111901117,0,0,0
111901118,0,0,0
111901119,0,0,0
111901121,0,0,0
111901122,0,0,0
111901123,59,0,59
111901124,0,0,0
111901125,242,54,188
111901127,0,0,0
111901128,0,0,0
111901129,0,0,0
111901130,0,0,0
111901131,0,88,-88
111901132,5,11,-6
111901133,0,0,0
111901134,0,0,0
111901135,0,0,0
111901136,0,0,0
111901138,0,0,0
111901139,0,0,0
111901140,0,0,0
111901141,0,0,0
111901142,0,0,0
111901143,0,0,0
111901144,0,0,0
111901145,1,1,0
111901146,0,0,0
111901147,8,1,7
111901148,0,0,0
111901149,0,0,0
111901150,0,0,0
111901151,0,0,0
112000001,1403,638,765
112000002,130,179,-49
112000003,748,335,413
112000004,94,93,1
112000005,2232,1789,443
112000006,99,47,52
112000007,1923,1285,638
112000008,1533,2255,-722
112000009,1751,463,1288
112000010,901,2424,-1523
112000011,617,317,300
112000012,1747,3715,-1968
112000013,720,440,280
112000014,220,2497,-2277
112000015,303,820,-517
112000016,355,1028,-673
112000017,86,390,-304
112000024,46,86,-40
112000026,363,406,-43
112000027,297,520,-223
112000028,286,50,236
112000029,87,368,-281
112000030,3,1,2
112000031,265,1568,-1303
112000032,10,1,9
112000033,322,1139,-817
112000034,6,0,6
112000035,8,42,-34
112000036,14,621,-607
112000037,39,105,-66
112000038,168,428,-260
112000039,57,9,48
112000040,8,17,-9
112000041,57,87,-30
112000042,270,49,221
112000050,604,564,40
112000051,672,698,-26
112000054,482,536,-54
112000057,6,14,-8
112000058,29,220,-191
112000059,90,206,-116
112000061,430,253,177
112000062,147,402,-255
112000063,273,348,-75
112000064,464,416,48
112000065,330,130,200
112000066,597,641,-44
112000067,69,70,-1
112000068,973,735,238
112000069,35,138,-103
112000070,211,280,-69
112000071,118,116,2
112000072,832,171,661
112000073,34,144,-110
112000074,447,193,254
112000075,771,371,400
112000076,779,254,525
112000077,625,137,488
112000078,698,180,518
112000079,1042,389,653
112000080,196,197,-1
112000081,181,336,-155
112000082,469,368,101
112000083,228,250,-22
112000084,429,252,177
112000085,671,200,471
112000086,1135,367,768
112000087,194,70,124
112000088,503,128,375
112000089,112,134,-22
112000090,207,77,130
112000091,173,78,95
112000092,843,128,715
112000093,273,80,193
112000094,441,113,328
112000095,422,61,361
112000096,516,107,409
112000097,877,188,689
112000098,34,47,-13
112000099,230,831,-601
112000100,978,138,840
112000101,32,46,-14
112000102,418,80,338
112000103,60,65,-5
112000105,84,39,45
112000106,1023,43,980
112000107,46,18,28
112000108,225,217,8
112000109,148,41,107
112000110,656,130,526
112000111,137,198,-61
112000112,719,63,656
112000113,99,99,0
112000114,742,148,594
112000115,102,18,84
112000116,43,26,17
112000117,50,62,-12
112000118,112,61,51
112000119,86,93,-7
112000120,0,7,-7
112000121,47,59,-12
112000122,184,17,167
112000123,358,26,332
112000124,200,5,195
112000125,133,42,91
112000126,232,63,169
112000127,558,679,-121
112000128,61,304,-243
112000129,75,11,64
112000130,41,9,32
112000131,31,1,30
112000132,8,8,0
112000133,162,24,138
112000134,110,41,69
112000135,421,83,338
112000136,144,180,-36
112000137,493,209,284
112000138,194,158,36
112000139,79,184,-105
112000140,48,89,-41
112000141,294,83,211
112000142,11,58,-47
112000143,609,40,569
112000144,44,68,-24
112000145,1485,104,1381
112000146,105,91,14
112000147,980,329,651
112000148,188,111,77
112000149,184,99,85
112000150,15,17,-2
112000151,92,22,70
112000152,36,37,-1
112000153,31,28,3
112000154,60,1,59
112000155,10,12,-2
112000157,55,204,-149
112000158,109,31,78
112000159,82,49,33
112000167,6,1,5
112000169,57,456,-399
112000173,144,5,139
112000175,126,66,60
112000176,362,269,93
112000177,93,32,61
112000178,22,24,-2
112000179,55,8,47
112000180,24,13,11
112000181,284,89,195
112000182,707,118,589
112000183,53,42,11
112000184,144,35,109
112000185,21,48,-27
112000187,781,201,580
112000195,77,3,74
112000196,19,0,19
112000197,5,13,-8
112000198,1,11,-10
112000199,2,79,-77
112000202,262,10,252
112000216,4,45,-41
112000230,28,0,28
112000231,0,6,-6
112000256,44,63,-19
112000313,13,11,2
112000314,1,1,0
112000337,52,110,-58
112000352,2,15,-13
112000392,544,629,-85
112000398,493,225,268
112000399,248,2078,-1830
112000400,217,353,-136
112000401,469,448,21
112000402,1255,2565,-1310
112000403,341,1920,-1579
112000404,512,949,-437
112000405,1622,1753,-131
112000406,856,649,207
112000407,3093,1992,1101
112000408,1091,726,365
112000409,347,796,-449
112000410,0,0,0
112000411,162,35,127
112000412,0,0,0
112000413,57,232,-175
112000414,36,6,30
112000415,9,1,8
112000416,1353,449,904
112000417,95,56,39
112000421,40,4,36
112000422,64,32,32
112000424,107,555,-448
112000425,37,29,8
112000426,6,26,-20
112000427,0,3,-3
112000428,38,37,1
112000429,611,748,-137
112000430,831,1273,-442
112000431,45,53,-8
112000432,45,36,9
112000433,121,206,-85
112000437,52,99,-47
112900001,29,3,26
112900002,58,0,58
112900003,26,0,26
112900004,9,0,9
112900005,57,0,57
112900006,0,0,0
112900007,53,0,53
112900008,0,1,-1
112900009,28,0,28
112900010,15,1,14
112900011,0,0,0
112900012,0,0,0
112900013,1,1,0
112900014,0,0,0
112900015,0,12,-12
112900016,0,0,0
112900017,1,4,-3
112900018,0,0,0
112900019,0,0,0
112900020,15,20,-5
112900021,0,0,0
112900022,0,0,0
112900023,0,0,0
112900024,0,0,0
112900025,1,2,-1
112900026,0,0,0
112900027,0,0,0
112900028,0,0,0
112900029,39,13,26
112900030,0,0,0
112900031,0,0,0
112900032,0,0,0
112900034,0,3,-3
112900035,0,0,0
112900036,0,0,0
112900037,0,0,0
112900038,57,0,57
112900039,0,0,0
112900040,0,0,0
112900041,10,44,-34
112900042,0,0,0
112900043,1,1,0
112900044,2,0,2
112900045,0,0,0
112900046,0,0,0
112900047,0,0,0
112900049,0,0,0
112900050,12,0,12
112900051,0,0,0
112900052,4,0,4
112900053,0,0,0
112900054,2,0,2
112900055,0,0,0
112900056,0,0,0
112900057,0,0,0
112900058,3,5,-2
112900059,0,0,0
112900060,0,0,0
112900061,0,0,0
112900062,0,0,0
112900063,0,0,0
112900064,0,0,0
112900065,0,0,0
112900066,13,27,-14
112900067,0,0,0
112900068,0,0,0
112900069,1,0,1
112900071,0,0,0
112900072,2,20,-18
112900073,59,24,35
112900074,0,0,0
112900075,16,1,15
112900076,0,0,0
112900078,0,0,0
112900079,0,0,0
112900080,0,0,0
112900081,2,4,-2
112900082,37,3,34
112900083,13,16,-3
112900084,0,0,0
112900086,0,0,0
112900087,32,0,32
112900088,24,0,24
112900089,156,2,154
112900090,2,0,2
112900091,0,0,0
112900092,5,0,5
112900093,0,0,0
112900095,0,0,0
112900096,63,4,59
112900097,0,1,-1
112900098,1,0,1
112900099,165,3,162
112900100,18,1,17
112900101,0,0,0
112900102,0,0,0
112900103,0,0,0
112900104,0,0,0
112900105,0,0,0
112900106,6,4,2
112900107,0,0,0
112900108,0,0,0
112900109,13,0,13
112900110,0,0,0
112900111,0,0,0
112900112,1,0,1
112900113,0,0,0
112900114,1,0,1
112900115,426,9,417
112900116,10,0,10
112900117,0,0,0
112900118,0,0,0
112900119,0,0,0
112900120,0,0,0
112900121,0,0,0
112900122,0,0,0
112900123,0,0,0
112900124,0,0,0
112900125,0,0,0
112900126,9,3,6
112900127,0,0,0
112900128,0,0,0
112900129,0,10,-10
112900130,0,0,0
112900131,0,0,0
112900132,0,0,0
112900133,1,20,-19
112900134,0,1,-1
112900135,0,0,0
112900137,0,5,-5
112900138,0,0,0
112900139,0,0,0
112900141,115,2,113
112900142,0,0,0
112900143,0,0,0
112900144,0,0,0
112900145,0,0,0
112900146,0,0,0
112900147,0,0,0
112900148,0,0,0
112900149,0,0,0
112900151,0,0,0
112900152,92,5,87
112900153,8,57,-49
112900154,0,0,0
112900155,12,1,11
112900156,19,0,19
112900157,173,0,173
112900158,0,0,0
112900159,0,0,0
112900160,0,0,0
112900161,0,0,0
112900162,0,0,0
112900163,0,0,0
112900164,0,0,0
112900165,0,0,0
112900166,0,0,0
112900167,0,0,0
112900168,0,0,0
112900169,0,0,0
112900170,0,0,0
112900172,0,0,0
112900173,0,0,0
112900174,0,0,0
112900175,0,0,0
112900176,0,0,0
112900177,0,0,0
112900178,0,0,0
112900179,0,22,-22
112900180,176,16,160
112900181,0,0,0
112900182,0,0,0
112900183,0,0,0
112900184,31,16,15
112900185,0,7,-7
112900186,33,67,-34
112900187,0,0,0
112900188,27,27,0
112900189,0,0,0
112900190,0,0,0
112900192,59,37,22
112900193,51,26,25
112900194,0,0,0
112900195,86,1,85
112900196,32,15,17
112900197,0,9,-9
112900199,44,0,44
112900200,13,0,13
112900201,7,0,7
112900202,0,11,-11
112900203,0,0,0
112900204,11,9,2
112900205,3,0,3
112900206,0,0,0
112900207,0,0,0
112900208,0,1,-1
112900209,0,0,0
112900210,0,0,0
112900211,0,0,0
112900212,0,0,0
112900213,0,0,0
112900214,0,0,0
112900215,0,0,0
112900216,0,0,0
112900217,0,0,0
112900218,27,0,27
112900219,4,0,4
112900220,0,0,0
112900221,22,0,22
112900222,0,0,0
112900223,157,0,157
112900224,22,0,22
112900225,0,0,0
112900226,0,0,0
112900227,181,1,180
112900228,39,0,39
112900229,0,0,0
112900230,132,105,27
112900232,0,3,-3
112900233,0,0,0
112900234,0,0,0
112900235,0,0,0
112900236,0,0,0
112900237,51,1,50
112900238,0,0,0
112900239,0,0,0
112900240,0,0,0
112900241,0,0,0
112900242,0,0,0
112900243,0,0,0
112900244,0,0,0
112900245,0,0,0
112900246,0,0,0
112900247,0,0,0
112900248,0,0,0
112900249,6,1,5
112900250,0,0,0
112900251,0,0,0
112900252,0,0,0
112900253,1,0,1
112900254,0,0,0
112900255,0,2,-2
112900256,0,0,0
112900257,0,0,0
112900258,0,0,0
113000001,1167,1197,-30
113000002,1356,1539,-183
113000003,250,633,-383
113000004,311,670,-359
113000005,280,275,5
113000006,165,528,-363
113000007,334,241,93
113000008,248,525,-277
113000009,223,238,-15
113000010,404,251,153
113000011,185,96,89
113000012,442,65,377
113000013,81,102,-21
113000014,168,259,-91
113000015,26,90,-64
113000016,1,25,-24
113000017,2,3,-1
113000018,36,4,32
113000019,0,0,0
113000020,228,19,209
113000021,369,100,269
113000022,177,213,-36
113000025,9,25,-16
113000026,117,215,-98
113000027,96,176,-80
113000028,10,63,-53
113000029,258,256,2
113000030,0,1,-1
113000031,0,0,0
113000032,62,80,-18
113000033,95,72,23
113000034,0,1,-1
113000035,0,0,0
113000036,9,17,-8
113000037,0,0,0
113000038,18,10,8
113000039,0,21,-21
113000040,2,0,2
113000042,107,152,-45
113000051,309,785,-476
113000052,237,68,169
113000053,56,55,1
113000054,77,404,-327
113000055,527,125,402
113000056,516,140,376
113000058,83,295,-212
113000059,379,128,251
113000060,76,177,-101
113000061,174,170,4
113000062,96,28,68
113000063,140,26,114
113000064,40,38,2
113000065,125,111,14
113000066,419,42,377
113000067,701,90,611
113000068,133,156,-23
113000069,120,181,-61
113000070,726,88,638
113000071,103,52,51
113000072,149,50,99
113000073,61,182,-121
113000074,142,82,60
113000075,545,136,409
113000076,143,563,-420
113000077,146,223,-77
113000078,90,243,-153
113000079,61,97,-36
113000080,70,83,-13
113000081,161,178,-17
113000082,116,62,54
113000083,194,305,-111
113000084,385,147,238
113000085,397,217,180
113000086,259,275,-16
113000087,357,510,-153
113000088,189,164,25
113000089,311,794,-483
113000090,21,217,-196
113000091,66,1,65
113000094,403,100,303
113000095,65,33,32
113000096,65,25,40
113000097,160,54,106
113000098,3,7,-4
113000099,243,31,212
113000100,68,20,48
113000101,15,4,11
113000102,84,70,14
113000103,423,127,296
113000104,381,816,-435
113000105,395,101,294
113000106,113,58,55
113000107,427,315,112
113000108,357,324,33
113000109,75,264,-189
113000110,424,269,155
113000111,15,74,-59
113000112,93,145,-52
113000113,399,203,196
113000114,12,152,-140
113000116,42,45,-3
113000117,35,30,5
113000118,6,224,-218
113000119,132,32,100
113000120,54,265,-211
113000121,93,53,40
113000124,174,53,121
113000125,1,361,-360
113000127,125,10,115
113000128,48,121,-73
113000129,0,0,0
113000133,223,2,221
113000134,5,486,-481
113000135,1347,1557,-210
113000137,401,741,-340
113000139,101,21,80
113000140,0,3,-3
113000141,33,41,-8
113000142,65,136,-71
113000143,61,176,-115
113000144,9,21,-12
113000145,50,8,42
113000146,0,0,0
113000147,0,0,0
113000148,110,27,83
113000149,57,83,-26
113000150,0,0,0
113000151,0,0,0
113000152,3,69,-66
113000153,117,98,19
113000154,36,292,-256
113000155,62,242,-180
113000156,27,43,-16
113000157,44,65,-21
113000158,103,15,88
113000159,241,10,231
113000160,105,80,25
113000161,152,85,67
113000162,0,0,0
113000163,14,7,7
113000164,0,0,0
113000166,131,13,118
113000167,0,0,0
113000168,0,0,0
113000169,115,2,113
113000170,91,22,69
113000171,0,0,0
113000172,136,11,125
113000173,68,5,63
113000174,0,0,0
113000175,162,17,145
113000176,230,5,225
113000177,0,0,0
113000178,0,0,0
113000179,187,11,176
113000180,430,693,-263
113000181,507,437,70
113000182,5,25,-20
113000183,42,145,-103
113000184,0,0,0
113000189,1,93,-92
113000190,51,71,-20
113000192,236,798,-562
113000193,470,595,-125
113000194,152,525,-373
113000195,232,551,-319
113000196,119,99,20
113000197,327,658,-331
113000198,8,78,-70
113000199,241,57,184
113000201,16,21,-5
113000202,488,121,367
113000203,34,3,31
113000204,64,793,-729
113000205,0,0,0
113000206,0,16,-16
113000207,0,0,0
113000208,2,17,-15
113000209,0,0,0
113000210,0,18,-18
113000211,57,23,34
113000212,15,5,10
113000213,19,18,1
113000214,5,4,1
113000234,1,49,-48
113000410,9,53,-44
113000411,500,811,-311
113000412,750,373,377
113000413,573,649,-76
113000414,863,3096,-2233
113000415,227,318,-91
113000416,484,377,107
113000417,161,240,-79
113000418,1143,1311,-168
113000419,378,664,-286
113000420,1007,1503,-496
113000421,1636,2623,-987
113000422,1836,2161,-325
113000423,436,1356,-920
113000424,716,2290,-1574
113000425,4,54,-50
113000428,1,0,1
113000430,0,0,0
113000432,719,33,686
113000433,3,112,-109
113000434,0,1,-1
113000435,0,0,0
113000436,3,19,-16
113000437,409,5,404
113000438,29,5,24
113000439,0,0,0
113000440,30,2,28
113000441,77,45,32
113000442,0,0,0
113000443,48,10,38
113000444,0,0,0
113000445,24,23,1
113000446,0,0,0
113000448,0,0,0
113000449,4,295,-291
113000450,16,544,-528
113000451,0,0,0
113000452,40,190,-150
113000453,0,0,0
113000454,59,70,-11
113000455,0,0,0
113000456,113,43,70
113000468,106,14,92
113000469,14,15,-1
113000470,82,26,56
113000471,0,70,-70
113000472,8,15,-7
113000474,587,608,-21
113000475,364,577,-213
113000476,557,995,-438
113000477,1436,785,651
113000478,1084,1281,-197
113000479,2,19,-17
113000485,0,0,0
113000486,0,0,0
113000487,0,0,0
113000488,0,0,0
113000489,0,0,0
113000490,0,0,0
113000491,0,0,0
113000492,0,0,0
113000495,0,0,0
113000496,37,34,3
113000497,0,0,0
113000499,0,0,0
113900001,0,0,0
113900002,0,0,0
113900003,0,0,0
113900004,0,0,0
113900005,0,0,0
113900006,0,0,0
113900007,0,0,0
113900008,0,0,0
113900009,0,0,0
113900010,0,0,0
113900011,0,0,0
113900012,0,0,0
113900013,0,0,0
113900014,124,5,119
113900015,0,0,0
113900016,0,0,0
113900017,0,0,0
113900018,0,0,0
113900019,0,0,0
113900020,52,0,52
113900022,19,0,19
113900023,0,0,0
113900024,0,0,0
113900025,40,1,39
113900026,0,0,0
113900027,1,0,1
113900028,0,0,0
113900029,0,0,0
113900030,55,0,55
113900031,0,0,0
113900032,0,0,0
113900033,0,0,0
113900035,0,0,0
113900036,0,0,0
113900037,0,0,0
113900038,0,0,0
113900039,70,4,66
113900040,0,0,0
113900041,0,0,0
113900042,0,0,0
113900043,0,0,0
113900044,7,36,-29
113900045,0,0,0
113900046,0,0,0
113900047,0,0,0
113900048,0,0,0
113900049,0,0,0
113900050,4,26,-22
113900051,0,0,0
113900052,16,0,16
113900053,65,86,-21
113900054,0,0,0
113900055,1,0,1
113900056,0,0,0
113900057,0,0,0
113900058,0,0,0
113900059,0,0,0
113900060,1,4,-3
113900061,11,23,-12
113900062,0,0,0
113900063,0,0,0
113900064,0,0,0
113900065,190,3,187
113900066,0,0,0
113900067,12,0,12
113900068,76,96,-20
113900069,0,0,0
113900070,0,0,0
113900071,0,0,0
113900072,0,0,0
113900073,93,119,-26
113900074,22,16,6
113900075,82,185,-103
113900076,0,0,0
113900077,0,0,0
113900078,0,0,0
113900079,0,0,0
113900080,2,0,2
113900081,0,0,0
113900082,0,0,0
113900083,26,20,6
113900084,10,3,7
113900085,0,0,0
113900086,0,0,0
113900087,0,0,0
113900088,0,0,0
113900089,135,3,132
113900090,1,3,-2
113900091,0,0,0
113900092,0,0,0
113900093,0,0,0
113900094,13,5,8
113900095,6,3,3
113900096,0,0,0
113900097,0,0,0
113900098,157,7,150
113900099,0,0,0
113900100,0,0,0
113900101,0,0,0
113900102,0,0,0
113900103,3,16,-13
113900104,45,15,30
113900105,0,0,0
113900106,0,0,0
113900107,0,0,0
113900108,0,0,0
113900109,0,0,0
113900110,0,0,0
113900111,0,0,0
113900112,10,0,10
113900113,4,9,-5
113900114,0,0,0
113900115,0,0,0
113900116,0,0,0
113900117,0,0,0
113900118,3,6,-3
113900119,11,53,-42
113900120,0,0,0
113900121,0,0,0
113900122,13,786,-773
113900123,1,1,0
113900124,0,0,0
113900125,13,0,13
113900126,0,0,0
113900127,0,0,0
113900128,0,0,0
113900129,0,50,-50
113900130,0,0,0
113900131,0,0,0
113900132,0,0,0
113900133,0,0,0
113900135,0,0,0
113900136,0,0,0
113900137,0,2,-2
113900138,0,0,0
113900139,0,0,0
113900140,11,30,-19
113900141,0,0,0
113900142,0,0,0
113900143,0,0,0
113900144,23,2,21
113900145,0,0,0
113900146,0,0,0
113900148,0,0,0
113900149,0,0,0
113900150,53,5,48
113900151,0,0,0
113900152,0,0,0
113900153,0,0,0
113900154,0,0,0
113900155,0,0,0
113900156,0,0,0
113900157,1,12,-11
113900158,0,0,0
113900159,0,0,0
113900160,0,0,0
113900161,0,0,0
113900162,0,21,-21
113900163,0,0,0
113900164,1,0,1
113900165,0,0,0
113900166,2,2,0
113900167,0,0,0
113900168,0,0,0
113900169,0,0,0
113900171,0,0,0
113900172,0,0,0
113900173,0,12,-12
113900174,0,0,0
113900175,56,15,41
113900176,0,0,0
113900177,0,8,-8
113900178,0,0,0
113900179,0,25,-25
113900180,11,1,10
113900181,72,0,72
113900182,0,0,0
113900183,0,3,-3
113900184,0,23,-23
113900185,0,1,-1
113900186,0,0,0
113900187,0,4,-4
113900188,0,0,0
113900189,0,0,0
113900190,0,0,0
113900191,0,0,0
113900192,0,0,0
113900193,0,7,-7
113900194,38,8,30
113900195,0,0,0
113900196,0,0,0
113900197,3,5,-2
113900198,0,0,0
113900199,0,5,-5
113900200,0,0,0
113900201,0,5,-5
113900202,0,0,0
113900203,1,1,0
113900204,0,2,-2
113900205,0,0,0
113900206,0,0,0
113900207,0,0,0
113900208,0,0,0
113900209,0,0,0
113900210,0,0,0
113900211,0,0,0
113900212,89,4,85
113900214,1,19,-18
113900215,226,0,226
113900216,0,0,0
113900217,0,0,0
113900218,0,0,0
113900219,0,0,0
113900220,0,0,0
113900221,0,23,-23
113900222,0,0,0
113900223,0,0,0
113900224,0,0,0
113900225,5,3,2
113900226,4,7,-3
113900227,5,6,-1
113900228,0,0,0
113900229,1,9,-8
113900230,91,8,83
113900231,0,0,0
113900232,0,0,0
113900233,0,0,0
113900234,0,0,0
113900235,0,0,0
113900236,102,3,99
113900237,0,0,0
113900238,4,60,-56
113900239,0,0,0
113900240,0,0,0
113900241,0,0,0
113900242,0,0,0
113900243,1,6,-5
113900244,6,9,-3
113900245,8,2,6
113900246,1,8,-7
113900247,21,74,-53
113900248,0,0,0
113900249,12,118,-106
113900250,5,16,-11
113900251,179,2,177
113900252,163,1,162
113900253,76,0,76
113900254,127,15,112
113900255,239,6,233
113900256,135,3,132
113900257,1,22,-21
113900258,0,27,-27
113900259,107,0,107
113900260,151,0,151
113900261,15,5,10
113900262,38,24,14
113900263,0,0,0
113900264,0,0,0
113900265,2,0,2
113900266,16,0,16
113900267,0,0,0
113900268,4,43,-39
113900269,0,0,0
113900270,0,0,0
113900271,0,0,0
113900273,1,0,1
113900274,5,1,4
113900275,0,0,0
113900276,2,4,-2
113900277,48,0,48
113900278,0,0,0
113900279,0,0,0
113900280,9,6,3
113900281,3,107,-104
113900282,0,0,0
113900283,0,0,0
113900284,217,89,128
113900285,6,0,6
113900286,0,0,0
113900287,0,0,0
113900288,0,0,0
113900289,0,0,0
113900290,0,0,0
113900291,0,0,0
113900292,0,0,0
113900293,3,0,3
113900294,153,1,152
113900295,19,53,-34
113900296,72,8,64
113900297,156,2,154
113900298,0,0,0
113900299,4,0,4
113900300,242,17,225
113900301,29,0,29
113900302,45,3,42
113900303,0,0,0
113900304,0,0,0
113900305,47,0,47
113900306,24,0,24
113900307,1,0,1
113900308,0,0,0
113900309,0,1,-1
113900310,0,0,0
113900311,5,0,5
113900312,0,0,0
113900313,0,0,0
113900314,0,0,0
113900315,1,0,1
114000001,261,308,-47
114000002,55,82,-27
114000003,9,45,-36
114000004,64,27,37
114000005,66,14,52
114000006,256,268,-12
114000007,186,97,89
114000008,172,247,-75
114000009,104,90,14
114000011,1175,295,880
114000012,1484,166,1318
114000013,958,299,659
114000014,80,36,44
114000015,209,12,197
114000016,6,39,-33
114000017,18,147,-129
114000018,18,4,14
114000026,1014,297,717
114000027,1204,663,541
114000028,478,1107,-629
114000038,14,6,8
114000039,0,0,0
114000040,84,98,-14
114000042,2,65,-63
114000043,139,41,98
114000044,71,27,44
114000045,22,8,14
114000046,368,461,-93
114000047,19,44,-25
114000048,14,61,-47
114000049,445,337,108
114000050,204,301,-97
114000051,603,675,-72
114000052,573,703,-130
114000053,91,193,-102
114000054,37,245,-208
114000055,13,4,9
114000056,0,71,-71
114000057,565,531,34
114000058,0,12,-12
114000059,2,27,-25
114000060,41,126,-85
114000061,527,963,-436
114000062,69,328,-259
114000063,94,157,-63
114000064,279,355,-76
114000065,173,328,-155
114000066,240,421,-181
114000067,64,175,-111
114000068,62,114,-52
114000069,108,34,74
114000070,776,606,170
114000071,62,15,47
114000072,122,14,108
114000073,29,16,13
114000074,3,4,-1
114000075,18,6,12
114000076,9,5,4
114000077,2,3,-1
114000078,6,26,-20
114000079,11,0,11
114000080,5,47,-42
114000081,29,50,-21
114000082,2,55,-53
114000083,0,0,0
114000084,65,41,24
114000085,17,9,8
114000086,5,14,-9
114000087,0,0,0
114000088,40,6,34
114000089,54,19,35
114000090,202,266,-64
114000091,173,288,-115
114000092,110,67,43
114000093,269,135,134
114000094,160,100,60
114000095,47,196,-149
114000096,21,45,-24
114000097,23,32,-9
114000098,195,83,112
114000099,247,34,213
114000100,1085,72,1013
114000101,173,42,131
114000102,160,86,74
114000103,65,79,-14
114000104,0,14,-14
114000105,9,7,2
114000106,103,270,-167
114000107,113,17,96
114000108,19,27,-8
114000109,344,653,-309
114000110,8,9,-1
114000111,782,253,529
114000112,1,10,-9
114000113,951,107,844
114000114,4,22,-18
114000115,934,230,704
114000116,674,1442,-768
114000117,1705,163,1542
114000118,1412,111,1301
114000119,1557,242,1315
114000120,188,171,17
114000121,0,0,0
114000122,119,26,93
114000123,737,79,658
114000124,435,41,394
114000125,175,297,-122
114000126,680,54,626
114000127,61,30,31
114000128,387,37,350
114000130,140,216,-76
114000131,105,23,82
114000132,93,64,29
114000133,63,62,1
114000134,0,0,0
114000138,0,0,0
114000139,79,127,-48
114000144,230,197,33
114000145,0,0,0
114000146,0,0,0
114000147,569,1101,-532
114000148,246,326,-80
114000149,35,79,-44
114000150,21,46,-25
114000151,131,935,-804
114000152,14,0,14
114000153,81,325,-244
114000154,91,83,8
114000155,418,834,-416
114000156,311,412,-101
114000157,62,282,-220
114000158,55,42,13
114000159,32,34,-2
114000160,7,42,-35
114000161,245,630,-385
114000162,654,945,-291
114000163,0,0,0
114000165,83,201,-118
114000166,87,77,10
114000167,774,391,383
114000168,23,1,22
114000169,319,504,-185
114000170,453,216,237
114000171,578,2588,-2010
114000174,3,0,3
114000176,4,5,-1
114000177,9,4,5
114000178,75,19,56
114000179,410,322,88
114000180,16,4,12
114000181,417,1559,-1142
114000182,274,288,-14
114000183,122,49,73
114000184,101,69,32
114000185,606,417,189
114000189,634,42,592
114000190,1936,363,1573
114000191,21,84,-63
114000192,0,1,-1
114000193,0,0,0
114000194,609,311,298
114000195,157,34,123
114000196,0,0,0
114000197,1122,13,1109
114000198,0,0,0
114000199,0,54,-54
114000200,117,66,51
114000201,31,69,-38
114000202,423,145,278
114000203,210,203,7
114000204,0,0,0
114000205,26,133,-107
114000206,17,132,-115
114000207,76,95,-19
114000208,38,51,-13
114000209,38,94,-56
114000210,14,136,-122
114000211,1103,366,737
114000212,346,440,-94
114000213,1270,362,908
114000214,14,0,14
114000215,27,0,27
114000216,406,112,294
114000217,240,140,100
114000218,49,3,46
114000219,476,44,432
114000220,0,3,-3
114000221,490,30,460
114000222,19,95,-76
114000223,409,73,336
114000224,23,68,-45
114000225,90,33,57
114000226,119,11,108
114000227,742,258,484
114000228,552,108,444
114000229,555,262,293
114000230,1304,263,1041
114000231,448,283,165
114000232,550,105,445
114000233,1073,26,1047
114000234,710,346,364
114000235,478,282,196
114000236,0,0,0
114000237,83,137,-54
114000238,63,224,-161
114000239,60,188,-128
114000240,390,295,95
114000241,75,97,-22
114000242,184,101,83
114000243,1015,558,457
114000244,258,99,159
114000245,79,80,-1
114000246,0,0,0
114000247,404,187,217
114000248,781,393,388
114000249,676,187,489
114000250,236,29,207
114000251,168,6,162
114000252,1,18,-17
114000253,18,18,0
114000254,0,0,0
114000255,11,104,-93
114000256,63,160,-97
114000257,58,159,-101
114000258,83,54,29
114000259,0,2,-2
114000260,0,0,0
114000261,28,9,19
114000262,0,0,0
114000263,16,0,16
114000264,143,36,107
114000265,0,0,0
114000267,3,415,-412
114000268,0,0,0
114000270,121,1,120
114000271,106,42,64
114000283,624,75,549
114000285,0,0,0
114000288,3,3,0
114000289,214,21,193
114000293,60,9,51
114000294,31,157,-126
114000395,411,0,411
114000396,169,97,72
114000402,297,112,185
114000403,253,40,213
114000405,121,51,70
114000423,164,39,125
114000424,173,106,67
114000425,355,90,265
114000426,106,418,-312
114000427,27,5,22
114000428,41,43,-2
114000429,50,8,42
114000432,85,16,69
114000434,1,9,-8
114000435,0,0,0
114900001,210,46,164
114900002,50,7,43
114900003,135,38,97
114900004,14,69,-55
114900005,78,39,39
114900006,9,4,5
114900007,38,2,36
114900008,48,2,46
114900010,30,52,-22
114900011,50,24,26
114900013,31,21,10
114900018,171,1,170
114900020,0,11,-11
114900022,4,13,-9
114900025,101,15,86
114900026,47,12,35
114900029,13,1,12
114900030,53,2,51
114900031,123,4,119
114900032,96,1,95
114900034,0,0,0
114900035,5,16,-11
114900036,101,35,66
114900039,0,0,0
114900040,0,0,0
114900041,0,0,0
114900042,0,0,0
114900044,6,0,6
114900047,0,0,0
114900048,0,0,0
114900049,0,0,0
114900050,0,0,0
114900051,0,0,0
114900052,0,0,0
114900053,0,0,0
114900054,0,0,0
114900057,37,2,35
114900058,0,0,0
114900059,8,0,8
114900063,0,0,0
114900064,0,0,0
114900065,0,0,0
114900067,0,0,0
114900068,0,0,0
114900069,0,0,0
114900070,105,13,92
114900072,0,0,0
114900073,0,0,0
114900074,150,0,150
114900075,41,0,41
114900076,0,0,0
114900080,109,40,69
114900082,359,9,350
114900083,0,0,0
114900090,50,45,5
114900091,0,0,0
114900097,20,0,20
114900098,0,0,0
114900099,27,0,27
115000001,473,542,-69
115000002,1575,2623,-1048
115000003,530,202,328
115000004,1844,2802,-958
115000005,122,145,-23
115000006,481,733,-252
115000007,109,210,-101
115000008,181,110,71
115000009,204,240,-36
115000010,61,116,-55
115000013,0,0,0
115000015,0,0,0
115000016,2,285,-283
115000019,41,91,-50
115000020,8,136,-128
115000021,1,27,-26
115000022,3,14,-11
115000023,171,303,-132
115000024,5,7,-2
115000025,450,156,294
115000026,1,1,0
115000027,203,60,143
115000028,0,0,0
115000029,503,18,485
115000030,2,20,-18
115000031,289,13,276
115000032,0,0,0
115000033,88,3,85
115000034,0,0,0
115000035,319,15,304
115000036,0,0,0
115000037,210,10,200
115000038,32,271,-239
115000039,754,1004,-250
115000040,719,487,232
115000041,365,1443,-1078
115000042,221,78,143
115000043,1292,840,452
115000044,652,250,402
115000045,403,117,286
115000046,1513,724,789
115000047,1452,353,1099
115000048,394,185,209
115000049,387,454,-67
115000050,1489,432,1057
115000051,743,1752,-1009
115000052,246,402,-156
115000053,804,1673,-869
115000054,161,128,33
115000055,5,106,-101
115000056,57,70,-13
115000057,52,217,-165
115000058,27,125,-98
115000059,23,137,-114
115000061,55,67,-12
115000062,37,7,30
115000063,7,2,5
115000064,101,15,86
115000065,4,2,2
115000067,105,7,98
115000069,0,1,-1
115000070,0,47,-47
115000071,40,20,20
115000072,0,0,0
115000073,473,109,364
115000075,84,40,44
115000076,543,362,181
115000077,551,336,215
115000078,529,170,359
115000079,434,296,138
115000080,1176,345,831
115000081,23,16,7
115000082,1787,1423,364
115000083,592,252,340
115000084,1740,187,1553
115000085,225,178,47
115000086,613,181,432
115000087,144,387,-243
115000088,743,226,517
115000089,114,117,-3
115000090,204,156,48
115000091,158,120,38
115000092,440,171,269
115000093,300,1,299
115000094,1763,2889,-1126
115000095,717,2147,-1430
115000096,335,192,143
115000097,607,567,40
115000098,705,58,647
115000099,1135,307,828
115000100,787,184,603
115000101,46,51,-5
115000102,289,156,133
115000103,153,155,-2
115000105,44,15,29
115000106,241,155,86
115000107,15,28,-13
115000108,336,240,96
115000109,911,1757,-846
115000110,586,486,100
115000111,100,414,-314
115000112,188,173,15
115000113,174,278,-104
115000114,184,74,110
115000116,287,455,-168
115000117,351,233,118
115000118,317,641,-324
115000119,427,278,149
115000120,111,927,-816
115000121,170,140,30
115000122,273,231,42
115000123,111,1081,-970
115000124,191,280,-89
115000125,91,334,-243
115000126,64,217,-153
115000127,120,13,107
115000128,46,249,-203
115000129,50,59,-9
115000130,172,28,144
115000131,250,35,215
115000132,139,34,105
115000133,222,29,193
115000134,87,12,75
115000135,30,8,22
115000136,54,61,-7
115000137,19,7,12
115000138,164,43,121
115000139,11,11,0
115000140,317,54,263
115000141,47,4,43
115000142,24,7,17
115000143,590,258,332
115000144,125,16,109
115000145,53,13,40
115000146,236,84,152
115000147,130,38,92
115000148,81,164,-83
115000149,107,191,-84
115000150,110,87,23
115000151,345,141,204
115000152,175,108,67
115000153,506,117,389
115000154,286,95,191
115000155,103,76,27
115000156,142,340,-198
115000157,71,105,-34
115000158,13,100,-87
115000159,53,56,-3
115000160,76,80,-4
115000161,36,234,-198
115000162,449,442,7
115000163,83,88,-5
115000164,34,102,-68
115000165,139,371,-232
115000167,140,19,121
115000168,157,130,27
115000169,1,14,-13
115000170,1,0,1
115000171,146,151,-5
115000172,19,18,1
115000173,30,104,-74
115000174,24,155,-131
115000175,2,7,-5
115000176,10,76,-66
115000177,0,8,-8
115000178,0,7,-7
115000179,7,42,-35
115000180,0,12,-12
115000181,325,7,318
115000182,515,35,480
115000183,4,11,-7
115000186,179,10,169
115000187,27,20,7
115000188,251,73,178
115000189,13,9,4
115000190,180,81,99
115000191,12,17,-5
115000194,0,0,0
115000195,67,31,36
115000196,117,21,96
115000197,47,52,-5
115000198,276,17,259
115000199,71,57,14
115000200,159,19,140
115000201,36,17,19
115000206,281,3,278
115000207,0,0,0
115000208,17,6,11
115000209,263,81,182
115000210,70,21,49
115000211,40,16,24
115000212,102,14,88
115000224,22,11,11
115000225,22,18,4
115000229,31,11,20
115000230,24,24,0
115000231,242,126,116
115000232,1092,148,944
115000233,3,20,-17
115000234,2,11,-9
115000241,4,10,-6
115000242,90,9,81
115000243,6,8,-2
115000244,13,13,0
115000246,0,3,-3
115000247,1,0,1
115000248,3,0,3
115000249,1,1,0
115000250,112,3,109
115000251,54,20,34
115000252,9,35,-26
115000253,0,81,-81
115000258,153,6,147
115000259,22,1,21
115000261,20,4,16
115000262,0,12,-12
115000263,0,29,-29
115000264,0,0,0
115000267,2,11,-9
115000268,0,0,0
115000269,40,2,38
115000270,1,1,0
115000272,36,9,27
115000273,105,2,103
115000280,100,490,-390
115000281,0,0,0
115000282,120,321,-201
115000284,2,28,-26
115000296,122,2,120
115000297,20,303,-283
115000298,0,0,0
115000300,100,1,99
115000302,307,53,254
115000303,310,17,293
115000304,313,22,291
115000305,4,51,-47
115000306,15,8,7
115000307,29,2,27
115000308,0,0,0
115000309,0,2,-2
115000310,365,126,239
115000311,708,234,474
115000313,3,25,-22
115000314,105,47,58
115000315,4,24,-20
115000316,7,23,-16
115000317,33,28,5
115000318,437,50,387
115000319,1,15,-14
115000320,0,53,-53
115000321,66,0,66
115000322,1,8,-7
115000449,11,29,-18
115000557,0,0,0
115000558,99,18,81
115000587,193,122,71
115000588,73,96,-23
115000589,1362,1028,334
115000590,37,36,1
115000591,307,295,12
115000592,19,48,-29
115000593,661,322,339
115000594,7,29,-22
115000609,79,60,19
115000617,15,334,-319
115000624,63,2,61
115000633,207,123,84
115000634,1351,243,1108
115000635,236,59,177
115000638,3,19,-16
115000641,7,5,2
115000642,109,4,105
115000643,2,0,2
115000644,2,0,2
115000646,164,284,-120
115000647,17,54,-37
115000648,835,52,783
115000893,696,414,282
115000894,0,13,-13
115000895,0,3,-3
115000896,264,173,91
115000897,116,22,94
115000898,42,166,-124
115000899,1,50,-49
115000900,1,113,-112
115000901,0,0,0
115000912,136,62,74
115000913,0,1,-1
115000915,15,0,15
115000916,0,0,0
115000917,0,15,-15
115000918,12,206,-194
115000919,0,8,-8
115000920,0,0,0
115000921,0,0,0
115000922,133,382,-249
115000923,0,18,-18
115000925,10,4,6
115000927,0,4,-4
115000933,0,21,-21
115000934,12,31,-19
115000935,25,1,24
115000936,5,309,-304
115000937,105,99,6
115000938,5,46,-41
115000939,12,42,-30
115000940,0,4,-4
115000941,0,24,-24
115000942,3,95,-92
115000943,0,0,0
115000944,0,0,0
115900001,60,0,60
115900002,0,3,-3
115900003,23,3,20
115900004,0,0,0
115900005,60,0,60
115900006,0,1,-1
115900008,6,1,5
115900009,1,3,-2
115900010,161,10,151
115900011,62,4,58
115900012,12,1,11
115900013,69,9,60
115900014,9,6,3
115900015,32,0,32
115900016,29,5,24
115900017,1,2,-1
115900018,30,9,21
115900019,0,0,0
115900020,47,12,35
115900021,37,2,35
115900022,34,0,34
115900023,9,1,8
115900025,0,1,-1
115900026,48,2,46
115900027,0,0,0
115900028,21,16,5
115900029,25,15,10
115900030,0,0,0
115900031,3,22,-19
115900032,24,15,9
115900033,0,0,0
115900034,0,17,-17
115900035,0,0,0
115900036,1,163,-162
115900037,0,4,-4
115900038,2,0,2
115900039,1,1,0
115900041,11,116,-105
115900042,3,0,3
115900043,13,0,13
115900044,43,62,-19
115900046,160,10,150
115900047,3,20,-17
115900049,12,11,1
115900051,0,0,0
115900052,0,0,0
115900053,51,3,48
115900054,104,0,104
115900055,0,0,0
115900056,32,6,26
115900057,0,6,-6
115900058,0,0,0
115900060,0,1,-1
115900061,32,0,32
115900062,9,33,-24
115900063,0,0,0
115900064,2,3,-1
115900065,15,3,12
115900066,1,1,0
115900067,0,4,-4
115900068,0,0,0
115900069,0,1,-1
115900070,14,2,12
115900071,0,0,0
115900072,1,27,-26
115900073,3,10,-7
115900074,0,0,0
115900075,6,3,3
115900076,1,0,1
115900077,0,0,0
115900078,4,3,1
115900079,131,1,130
115900080,18,3,15
115900081,15,0,15
115900082,24,7,17
115900084,56,0,56
115900085,0,0,0
115900086,146,9,137
115900088,0,0,0
115900089,164,1,163
115900090,101,0,101
115900091,0,0,0
115900092,0,0,0
115900093,0,0,0
115900094,0,0,0
115900096,0,0,0
115900097,0,0,0
115900098,0,0,0
115900099,2,0,2
115900100,0,13,-13
115900101,0,0,0
115900102,5,1,4
115900103,6,0,6
115900104,44,2,42
115900105,49,4,45
115900106,0,0,0
115900107,42,13,29
115900108,0,0,0
115900109,0,95,-95
115900110,0,0,0
115900111,0,0,0
115900112,0,141,-141
115900113,0,0,0
115900114,0,0,0
115900115,0,0,0
115900116,14,72,-58
115900117,0,0,0
115900118,0,0,0
115900119,0,0,0
115900120,0,3,-3
115900121,9,5,4
115900124,36,202,-166
115900125,68,0,68
115900126,99,6,93
115900127,277,1,276
115900128,0,0,0
115900129,70,1,69
115900130,0,3,-3
115900131,85,2,83
115900132,185,1,184
115900134,66,0,66
115900135,13,55,-42
115900137,3,0,3
115900139,0,0,0
115900140,93,0,93
115900141,0,0,0
115900142,0,0,0
115900143,0,0,0
115900144,0,0,0
115900146,21,3,18
115900147,26,93,-67
115900148,7,1,6
115900149,18,0,18
115900150,30,0,30
115900151,0,1,-1
115900152,9,13,-4
115900153,22,3,19
115900154,17,37,-20
115900155,0,0,0
115900156,39,52,-13
115900157,52,36,16
115900158,0,0,0
115900159,45,20,25
115900160,0,0,0
115900161,0,1,-1
115900163,68,1,67
115900164,189,5,184
115900166,12,0,12
115900168,0,0,0
115900171,7,21,-14
115900172,1,3,-2
115900173,49,7,42
115900174,8,10,-2
115900175,67,11,56
115900178,5,13,-8
115900179,30,0,30
115900180,0,3,-3
115900181,68,5,63
115900182,228,8,220
115900183,0,0,0
115900184,54,0,54
115900187,0,16,-16
115900189,0,7,-7
115900190,0,34,-34
115900191,0,5,-5
115900192,0,11,-11
115900193,26,12,14
115900194,119,2,117
115900195,18,465,-447
115900198,23,35,-12
115900199,21,10,11
115900200,27,5,22
115900201,109,26,83
115900202,0,24,-24
115900203,10,0,10
115900204,0,0,0
115900205,8,0,8
115900206,0,0,0
115900207,0,0,0
115900208,3,7,-4
115900209,1,9,-8
115900210,0,11,-11
115900211,0,3,-3
115900212,0,0,0
115900213,4,51,-47
115900214,156,13,143
115900215,0,14,-14
115900216,0,0,0
115900217,0,0,0
115900218,0,0,0
115900219,15,0,15
115900220,53,0,53
115900221,32,0,32
115900222,59,5,54
115900223,0,102,-102
115900224,29,225,-196
115900225,7,11,-4
115900226,1,3,-2
115900227,0,0,0
115900228,0,0,0
115900229,0,5,-5
115900230,0,30,-30
115900231,0,0,0
115900232,0,0,0
115900233,0,0,0
115900234,0,0,0
115900235,0,0,0
115900236,0,0,0
115900237,0,0,0
115900238,0,0,0
115900239,0,0,0
115900240,0,0,0
115900241,0,0,0
115900242,31,91,-60
115900243,0,0,0
115900244,1,0,1
115900245,20,0,20
115900246,0,0,0
115900247,0,0,0
115900248,0,0,0
115900249,0,0,0
115900250,8,5,3
115900251,0,0,0
115900252,0,0,0
115900253,2,3,-1
115900254,0,6,-6
115900255,0,1,-1
115900256,2,13,-11
115900257,0,0,0
115900258,0,0,0
115900259,0,0,0
115900260,0,0,0
115900261,0,0,0
115900262,0,0,0
115900263,0,0,0
115900264,0,0,0
115900265,0,0,0
115900266,0,0,0
115900267,0,0,0
115900268,0,0,0
115900269,0,0,0
115900270,28,0,28
115900271,60,0,60
115900272,9,1,8
115900273,0,0,0
115900274,0,0,0
115900275,0,0,0
115900276,0,0,0
115900277,0,0,0
115900278,0,0,0
115900279,0,0,0
115900280,25,2,23
115900281,0,0,0
115900282,0,6,-6
115900283,6,5,1
115900284,0,0,0
116000001,670,564,106
116000002,2901,9018,-6117
116000003,198,221,-23
116000004,949,3502,-2553
116000005,67,552,-485
116000006,321,648,-327
116000007,493,940,-447
116000008,1212,788,424
116000009,187,891,-704
116000010,1031,667,364
116000011,374,450,-76
116000012,909,356,553
116000013,822,938,-116
116000014,1591,6932,-5341
116000015,43,161,-118
116000016,607,3057,-2450
116000017,1,329,-328
116000018,81,65,16
116000019,413,65,348
116000020,205,79,126
116000021,225,112,113
116000022,98,131,-33
116000023,213,249,-36
116000024,202,56,146
116000025,160,164,-4
116000026,426,196,230
116000027,258,350,-92
116000028,583,1681,-1098
116000029,93,148,-55
116000030,339,877,-538
116000031,0,0,0
116000032,102,4,98
116000033,493,154,339
116000034,1678,832,846
116000035,298,100,198
116000036,27,84,-57
116000037,41,193,-152
116000038,71,243,-172
116000039,69,42,27
116000040,229,393,-164
116000041,22,47,-25
116000042,571,445,126
116000043,62,96,-34
116000044,0,1,-1
116000045,2216,1770,446
116000046,506,376,130
116000047,588,799,-211
116000048,3315,1095,2220
116000049,1676,986,690
116000050,641,398,243
116000051,2811,819,1992
116000052,1179,461,718
116000053,2808,426,2382
116000054,382,374,8
116000055,305,188,117
116000056,1460,1375,85
116000057,502,123,379
116000058,290,606,-316
116000059,786,4255,-3469
116000060,184,265,-81
116000061,78,708,-630
116000062,169,136,33
116000063,180,951,-771
116000066,107,782,-675
116000067,10,38,-28
116000068,86,156,-70
116000069,52,24,28
116000078,262,549,-287
116000080,445,145,300
116000082,3,17,-14
116000083,603,150,453
116000084,361,652,-291
116000085,550,311,239
116000086,177,230,-53
116000087,1019,649,370
116000088,178,139,39
116000089,34,7,27
116000090,52,56,-4
116000091,10,54,-44
116000093,210,115,95
116000094,197,81,116
116000095,279,25,254
116000096,505,555,-50
116000097,193,52,141
116000098,134,2387,-2253
116000099,607,60,547
116000100,55,3,52
116000101,284,15,269
116000102,63,148,-85
116000103,199,57,142
116000104,116,38,78
116000105,727,17,710
116000106,333,54,279
116000107,854,8,846
116000108,0,36,-36
116000111,43,26,17
116000113,62,6,56
116000114,2,32,-30
116000115,145,23,122
116000116,58,52,6
116000117,964,404,560
116000118,306,135,171
116000119,1796,626,1170
116000120,345,302,43
116000121,348,195,153
116000122,40,55,-15
116000123,1027,103,924
116000124,149,45,104
116000125,1249,108,1141
116000126,63,35,28
116000127,135,48,87
116000128,1016,102,914
116000129,280,15,265
116000130,194,98,96
116000133,319,29,290
116000134,463,221,242
116000135,1199,343,856
116000136,363,558,-195
116000137,482,205,277
116000138,157,202,-45
116000139,1048,1830,-782
116000140,60,133,-73
116000141,99,26,73
116000142,1261,1205,56
116000143,956,1011,-55
116000144,930,711,219
116000145,2002,497,1505
116000146,135,15,120
116000147,100,125,-25
116000148,172,194,-22
116000149,147,60,87
116000151,323,253,70
116000153,117,565,-448
116000155,178,379,-201
116000156,93,80,13
116000157,61,0,61
116000158,196,23,173
116000159,26,2,24
116000160,3,2,1
116000161,0,66,-66
116000162,4,66,-62
116000163,10,3,7
116000164,2,1,1
116000177,12,9,3
116000194,15,28,-13
116000195,403,89,314
116000196,0,0,0
116000197,0,0,0
116000198,1197,786,411
116000200,125,393,-268
116000201,123,101,22
116000202,2,13,-11
116000203,0,14,-14
116000204,0,4,-4
116000205,0,8,-8
116000206,0,1,-1
116000207,3,0,3
116000233,0,0,0
116000287,16,12,4
116000288,118,50,68
116000292,0,0,0
116000296,4,35,-31
116000297,19,0,19
116000304,27,4,23
116000305,0,15,-15
116000346,0,0,0
116000352,0,0,0
116000354,0,0,0
116000357,0,0,0
116000358,5,7,-2
116000361,5,0,5
116000372,1937,3250,-1313
116000381,14,0,14
116000388,0,1,-1
116000389,75,5,70
116000445,80,24,56
116000446,493,62,431
116000447,0,61,-61
116000448,207,53,154
116000563,258,1179,-921
116000565,6,102,-96
116000568,13,72,-59
116000579,0,23,-23
116000583,3,0,3
116000584,30,3,27
116000585,20,29,-9
116000586,5,58,-53
116000587,414,113,301
116000589,24,5,19
116000590,32,2,30
116000591,193,38,155
116000592,2,16,-14
116000593,0,0,0
116000594,181,45,136
116000595,97,17,80
116000596,70,0,70
116000597,203,75,128
116000598,12,20,-8
116000605,18,1,17
116000606,52,103,-51
116000607,0,0,0
116000609,3,166,-163
116000611,17,21,-4
116000612,1242,1537,-295
116000613,406,110,296
116000614,43,29,14
116000615,0,0,0
116000616,44,8,36
116000617,59,0,59
116000618,6,4,2
116000619,6,44,-38
116000620,239,26,213
116000621,47,74,-27
116000622,135,77,58
116000624,69,9,60
116000627,108,2,106
116000628,27,13,14
116000629,12,10,2
116000630,338,0,338
116000631,138,7,131
116000632,338,9,329
116000633,84,58,26
116000634,110,1,109
116000635,1302,1431,-129
116000636,246,579,-333
116000637,47,0,47
116000638,18,73,-55
116000639,28,0,28
116000640,30,3,27
116000641,0,0,0
116000643,0,0,0
116000644,0,0,0
116000645,14,13,1
116900001,38,2,36
116900002,32,0,32
116900003,0,0,0
116900004,128,46,82
116900005,18,2,16
116900006,13,37,-24
116900007,1,4,-3
116900008,63,11,52
116900009,9,2,7
116900010,0,45,-45
116900011,0,1,-1
116900012,1,17,-16
116900013,0,18,-18
116900014,0,0,0
116900016,76,0,76
116900017,0,58,-58
116900018,0,0,0
116900019,0,0,0
116900020,14,86,-72
116900023,0,0,0
116900025,280,31,249
116900026,0,62,-62
116900027,0,0,0
116900028,0,0,0
116900029,0,6,-6
116900031,0,0,0
116900032,0,3,-3
116900033,0,0,0
116900034,0,0,0
116900035,6,5,1
116900036,0,6,-6
116900038,0,0,0
116900041,1,0,1
116900042,0,0,0
116900043,2,20,-18
116900047,0,9,-9
116900049,0,0,0
116900050,39,5,34
116900051,27,0,27
116900052,24,26,-2
116900055,0,2,-2
116900057,0,0,0
116900058,0,5,-5
116900059,0,0,0
116900060,16,24,-8
116900062,1,12,-11
116900064,0,0,0
116900065,0,7,-7
116900067,8,2,6
116900068,57,32,25
116900070,1,0,1
116900072,0,0,0
116900073,0,2,-2
116900074,2,0,2
116900076,0,2,-2
116900077,0,2,-2
116900078,0,0,0
116900079,1,5,-4
116900080,0,0,0
116900081,5,25,-20
116900082,7,76,-69
116900083,13,3,10
116900084,1,0,1
116900085,1,1,0
116900086,0,21,-21
116900088,17,1,16
116900090,1,0,1
116900091,24,0,24
116900092,5,7,-2
116900093,69,124,-55
116900094,444,982,-538
116900095,12,0,12
116900096,38,0,38
116900097,163,524,-361
116900098,9,6,3
116900099,18,112,-94
116900100,258,4,254
116900101,24,2,22
116900103,5,0,5
116900104,0,73,-73
116900105,48,24,24
116900106,799,9,790
116900107,432,629,-197
116900110,0,0,0
116900111,365,79,286
116900112,118,52,66
116900113,129,613,-484
116900116,1,7,-6
116900117,8,13,-5
116900118,49,5,44
116900120,70,3,67
116900121,41,8,33
116900122,188,20,168
116900123,32,35,-3
116900124,6,4,2
116900125,46,3,43
116900126,4,102,-98
116900128,0,0,0
116900129,0,1,-1
116900130,9,324,-315
116900131,0,0,0
116900132,1,0,1
116900133,0,0,0
116900134,0,0,0
116900136,0,0,0
116900137,0,0,0
116900138,0,0,0
116900139,0,0,0
116900140,0,0,0
116900141,0,0,0
116900142,0,0,0
116900143,0,0,0
116900144,0,0,0
116900145,0,0,0
116900147,0,0,0
116900148,0,0,0
116900149,0,9,-9
116900150,0,0,0
116900151,0,0,0
116900153,1,0,1
116900154,3,14,-11
116900155,0,0,0
116900157,53,2,51
116900158,4,12,-8
116900159,5,10,-5
116900160,171,106,65
116900161,291,33,258
116900162,0,3,-3
116900163,40,1,39
116900164,7,0,7
116900165,160,41,119
116900166,9,0,9
116900167,57,2,55
116900168,71,5,66
116900169,7,19,-12
116900170,286,45,241
116900171,2,1,1
116900172,4,64,-60
116900173,47,3,44
116900174,0,11,-11
116900175,4,7,-3
116900178,0,0,0
116900179,21,32,-11
116900180,3,1,2
116900182,56,7,49
116900183,56,11,45
116900185,23,9,14
116900186,1,1,0
116900187,13,3,10
116900188,18,0,18
116900189,0,0,0
116900191,13,2,11
116900192,136,4,132
116900194,10,230,-220
116900195,1,1,0
116900196,0,3,-3
116900197,21,1,20
116900198,6,22,-16
116900200,0,0,0
116900201,27,0,27
116900202,6,2,4
116900203,14,0,14
116900204,0,18,-18
116900206,0,0,0
116900207,0,0,0
116900208,1,9,-8
116900209,0,2,-2
116900210,8,2,6
116900211,20,1,19
116900212,0,0,0
116900213,45,4,41
116900214,0,0,0
116900215,0,3,-3
116900216,1,0,1
116900218,0,4,-4
116900219,125,29,96
116900220,25,11,14
116900221,0,0,0
116900222,190,88,102
116900223,17,1,16
116900226,47,5,42
116900227,46,2,44
116900228,92,2,90
116900230,1,10,-9
116900233,281,2,279
116900234,2,1,1
116900235,0,4,-4
116900238,37,2,35
116900239,0,50,-50
116900240,1071,242,829
116900241,0,0,0
116900242,79,239,-160
116900243,0,0,0
116900245,33,18,15
116900246,24,0,24
116900247,214,8,206
116900248,8,3,5
116900249,123,4,119
116900250,95,7,88
116900251,9,69,-60
116900252,31,31,0
116900254,0,5,-5
116900255,0,0,0
116900256,0,0,0
116900257,0,0,0
116900258,0,0,0
116900259,7,3,4
116900260,0,0,0
116900261,24,13,11
116900262,55,1,54
116900263,0,0,0
116900264,51,8,43
116900265,0,0,0
116900266,0,0,0
116900267,0,0,0
116900268,0,0,0
116900269,307,141,166
116900271,0,0,0
116900272,54,13,41
116900273,4,3,1
116900274,63,1,62
116900275,7,0,7
116900276,136,117,19
116900277,16,0,16
116900278,0,0,0
116900279,4,0,4
116900280,0,0,0
116900281,354,714,-360
116900282,0,2,-2
116900283,0,1,-1
116900284,0,0,0
116900285,4,17,-13
116900286,6,0,6
116900287,0,4,-4
116900288,27,8,19
116900289,5,2,3
116900290,0,0,0
116900291,0,0,0
116900292,0,0,0
116900293,0,0,0
116900294,0,0,0
116900295,0,0,0
116900296,0,0,0
116900297,0,0,0
116900298,0,0,0
116900299,0,0,0
116900300,0,0,0
116900301,0,0,0
116900302,0,0,0
116900303,23,0,23
116900304,0,0,0
116900305,2,2,0
116900306,231,80,151
116900307,0,0,0
116900308,0,0,0
116900309,0,0,0
116900310,0,0,0
117000001,2162,1705,457
117000002,1265,603,662
117000003,3349,1425,1924
117000004,1323,1029,294
117000005,2313,832,1481
117000006,422,654,-232
117000007,2803,611,2192
117000008,416,714,-298
117000009,1909,418,1491
117000010,624,505,119
117000011,1247,394,853
117000012,761,211,550
117000013,1359,257,1102
117000014,418,1004,-586
117000015,579,806,-227
117000016,70,145,-75
117000017,61,162,-101
117000018,10,357,-347
117000019,8,65,-57
117000020,152,846,-694
117000021,671,488,183
117000022,67,229,-162
117000023,79,489,-410
117000024,26,146,-120
117000025,9,184,-175
117000026,963,1104,-141
117000027,175,192,-17
117000028,244,272,-28
117000030,154,208,-54
117000031,355,186,169
117000032,732,519,213
117000033,444,234,210
117000034,285,188,97
117000035,432,146,286
117000036,152,206,-54
117000037,265,78,187
117000038,254,310,-56
117000039,200,113,87
117000040,3,126,-123
117000041,758,9,749
117000044,1,97,-96
117000045,212,149,63
117000046,211,164,47
117000047,630,257,373
117000048,177,125,52
117000049,16,176,-160
117000050,75,171,-96
117000051,1380,23,1357
117000052,5,96,-91
117000053,289,2,287
117000054,1063,9,1054
117000055,0,177,-177
117000056,303,24,279
117000057,52,208,-156
117000060,144,53,91
117000061,1502,546,956
117000062,93,42,51
117000063,1265,353,912
117000064,741,144,597
117000066,26,80,-54
117000067,164,249,-85
117000074,5,45,-40
117000076,4,5,-1
117000077,33,21,12
117000078,144,57,87
117000079,66,21,45
117000080,0,0,0
117000081,180,7,173
117000082,1,7,-6
117000083,58,0,58
117000084,30,0,30
117000085,138,76,62
117000086,153,61,92
117000087,4,91,-87
117000088,283,64,219
117000089,1453,124,1329
117000090,65,63,2
117000091,834,42,792
117000092,103,163,-60
117000093,1509,95,1414
117000094,183,192,-9
117000095,2699,95,2604
117000096,217,181,36
117000097,1640,278,1362
117000098,402,400,2
117000099,3068,366,2702
117000100,34,42,-8
117000101,66,67,-1
117000102,1708,172,1536
117000103,57,217,-160
117000104,1454,135,1319
117000105,118,213,-95
117000106,1401,131,1270
117000107,88,146,-58
117000108,1451,811,640
117000109,187,160,27
117000110,1868,1291,577
117000111,2035,1744,291
117000112,1347,648,699
117000113,29,21,8
117000114,97,48,49
117000115,53,11,42
117000116,53,14,39
117000117,197,147,50
117000118,56,78,-22
117000119,22,224,-202
117000120,1,183,-182
117000121,0,264,-264
117000122,25,275,-250
117000123,182,38,144
117000124,7,7,0
117000125,7,35,-28
117000126,7,3,4
117000127,11,17,-6
117000128,25,5,20
117000129,155,705,-550
117000130,60,0,60
117000131,0,0,0
117000132,1670,4,1666
117000133,1676,4,1672
117000134,0,0,0
117000135,0,0,0
117000136,0,0,0
117000137,144,92,52
117000138,0,0,0
117000140,198,165,33
117000141,1789,220,1569
117000181,6,9,-3
117000182,351,481,-130
117000195,1,36,-35
117000196,95,130,-35
117000225,4,11,-7
117000226,0,15,-15
117000276,157,5,152
117000277,0,31,-31
117000310,244,1605,-1361
117000315,14,183,-169
117000320,49,0,49
117000906,314,54,260
117000907,0,44,-44
117000909,52,82,-30
117000910,173,22,151
117000911,33,44,-11
117000915,3,75,-72
117000916,7,0,7
117000917,912,37,875
117000918,80,154,-74
117000919,0,25,-25
117000920,0,125,-125
117000921,0,24,-24
117000922,1,17,-16
117000924,112,261,-149
117000926,130,58,72
117000927,110,301,-191
117000928,0,0,0
117000929,18,17,1
117000930,8,0,8
117000931,103,92,11
117900002,28,399,-371
117900003,0,0,0
117900005,0,6,-6
117900006,0,1,-1
117900007,100,11,89
117900008,0,0,0
117900010,103,38,65
117900011,0,33,-33
117900012,11,6,5
117900013,0,4,-4
117900014,195,39,156
117900015,0,13,-13
117900016,118,387,-269
117900017,314,47,267
117900018,51,22,29
117900019,233,19,214
117900020,3,49,-46
117900021,7,4,3
117900023,97,1,96
117900024,26,3,23
117900025,0,0,0
117900026,195,22,173
117900028,6,2,4
117900029,94,16,78
117900030,103,155,-52
117900031,47,36,11
117900032,246,78,168
117900033,223,33,190
117900034,6,0,6
117900035,65,10,55
117900036,62,43,19
117900037,64,7,57
117900038,0,0,0
117900039,0,0,0
117900040,0,0,0
117900041,0,0,0
117900042,238,80,158
117900043,0,0,0
117900044,1,1122,-1121
117900045,56,32,24
117900048,193,20,173
117900049,107,20,87
117900050,0,85,-85
117900051,0,0,0
117900052,0,0,0
117900053,498,55,443
117900054,0,17,-17
117900055,64,35,29
117900056,0,18,-18
117900057,97,167,-70
117900058,0,2,-2
117900059,0,0,0
117900060,845,307,538
117900061,1,79,-78
117900063,99,24,75
117900065,27,69,-42
117900066,0,51,-51
117900067,360,19,341
117900069,281,22,259
117900070,30,42,-12
117900071,146,52,94
117900073,278,7,271
117900074,0,52,-52
117900075,71,18,53
117900076,0,1,-1
117900077,83,2,81
117900078,111,179,-68
117900080,61,37,24
117900081,21,41,-20
117900082,194,95,99
117900083,218,47,171
117900086,114,31,83
117900087,7,15,-8
117900088,172,50,122
117900089,704,82,622
117900090,202,55,147
117900091,171,10,161
117900092,22,7,15
117900093,48,1,47
117900094,52,20,32
117900095,95,67,28
117900096,104,54,50
117900097,26,1,25
117900098,35,2,33
117900099,48,254,-206
117900100,174,1,173
117900101,379,622,-243
117900102,33,7,26
117900103,59,0,59
117900104,0,76,-76
117900105,46,11,35
117900106,21,8,13
117900107,65,0,65
117900109,343,216,127
117900110,93,0,93
117900111,305,11,294
117900112,11,1,10
117900113,135,54,81
117900114,15,0,15
117900115,4,15,-11
117900116,235,88,147
117900117,144,55,89
117900118,55,2,53
117900119,230,0,230
117900120,236,15,221
117900121,55,0,55
117900122,123,1040,-917
117900123,227,64,163
117900124,95,53,42
117900125,286,171,115
117900126,45,43,2
117900127,140,9,131
117900128,126,32,94
117900129,58,1,57
117900130,214,2,212
117900131,0,0,0
117900132,0,0,0
117900133,0,0,0
117900134,0,0,0
117900135,0,0,0
117900136,0,0,0
117900137,0,0,0
117900138,0,0,0
117900139,13,1,12
117900140,1035,162,873
117900141,10,55,-45
117900142,2,60,-58
117900144,0,41,-41
117900145,0,15,-15
117900146,87,66,21
117900147,39,17,22
117900148,197,762,-565
117900149,20,3,17
117900150,23,17,6
117900151,35,8,27
117900152,0,0,0
117900153,0,78,-78
117900154,207,77,130
117900156,109,22,87
117900157,55,40,15
117900158,53,0,53
117900160,251,102,149
117900161,174,94,80
117900162,278,96,182
117900163,12,43,-31
117900165,0,0,0
117900166,2,60,-58
117900168,74,2,72
117900169,0,0,0
117900170,1,0,1
117900171,19,0,19
117900172,1,0,1
117900173,2,3,-1
117900174,0,1,-1
117900175,1,0,1
117900176,6,14,-8
117900177,0,2,-2
117900178,0,0,0
117900180,23,4,19
117900181,5,259,-254
117900182,1,40,-39
117900183,32,66,-34
117900184,21,7,14
117900185,51,1,50
117900186,45,0,45
117900187,24,0,24
117900188,34,1,33
117900189,14,1,13
117900190,1,0,1
117900191,6,0,6
117900192,33,0,33
117900193,146,93,53
117900194,6,0,6
117900195,22,1,21
117900196,21,1,20
117900207,12,10,2
117900208,8,4,4
117900209,58,4,54
117900210,0,0,0
117900211,0,0,0
117900212,110,40,70
117900213,18,7,11
117900214,0,1,-1
117900215,0,0,0
117900216,0,0,0
117900217,0,0,0
117900218,0,0,0
117900219,0,0,0
117900220,2,39,-37
117900222,13,44,-31
117900223,26,104,-78
118000001,250,972,-722
118000002,91,364,-273
118000003,1585,2596,-1011
118000004,507,456,51
118000005,1051,1605,-554
118000006,1083,1710,-627
118000007,2612,4433,-1821
118000008,2273,1866,407
118000009,456,1221,-765
118000010,856,1057,-201
118000011,380,159,221
118000012,240,176,64
118000013,349,313,36
118000014,335,292,43
118000016,114,18,96
118000017,664,468,196
118000018,70,43,27
118000019,447,765,-318
118000020,65,631,-566
118000021,70,859,-789
118000022,519,405,114
118000023,226,255,-29
118000024,388,431,-43
118000027,2683,3813,-1130
118000029,121,727,-606
118000032,147,1045,-898
118000033,1461,1627,-166
118000034,875,1217,-342
118000035,229,690,-461
118000036,126,401,-275
118000037,133,298,-165
118000038,67,237,-170
118000039,39,32,7
118000040,461,359,102
118000041,275,392,-117
118000045,62,217,-155
118000046,51,941,-890
118000047,29,283,-254
118000048,472,1260,-788
118000051,308,800,-492
118000052,276,842,-566
118000053,249,505,-256
118000054,553,426,127
118000055,281,551,-270
118000056,18,173,-155
118000057,135,175,-40
118000058,420,361,59
118000059,207,839,-632
118000060,244,214,30
118000061,259,238,21
118000062,91,43,48
118000063,62,622,-560
118000064,207,849,-642
118000065,732,264,468
118000066,297,1509,-1212
118000067,110,681,-571
118000068,200,2038,-1838
118000069,300,479,-179
118000070,464,1048,-584
118000071,272,1883,-1611
118000072,327,2373,-2046
118000073,169,710,-541
118000074,83,412,-329
118000075,170,290,-120
118000076,2485,5121,-2636
118000077,634,624,10
118000078,841,1219,-378
118000079,13,111,-98
118000080,80,264,-184
118000081,798,632,166
118000082,115,648,-533
118000083,275,730,-455
118000084,240,229,11
118000086,7,101,-94
118000087,1105,1143,-38
118000088,275,946,-671
118000089,630,697,-67
118000090,108,1050,-942
118000091,106,1422,-1316
118000092,189,98,91
118000093,13,494,-481
118000096,62,285,-223
118000097,108,168,-60
118000098,108,182,-74
118000099,0,0,0
118000101,467,128,339
118000102,290,160,130
118000107,9,6,3
118000108,50,377,-327
118000110,0,0,0
118000111,0,0,0
118000112,264,0,264
118000113,0,0,0
118000114,231,1,230
118000115,0,0,0
118000116,1,0,1
118000117,258,240,18
118000118,400,553,-153
118000119,509,591,-82
118000120,451,212,239
118000121,11,126,-115
118000122,66,39,27
118000123,58,146,-88
118000125,33,84,-51
118000126,171,384,-213
118000127,470,478,-8
118000128,8,388,-380
118000129,147,305,-158
118000130,435,866,-431
118000131,92,222,-130
118000132,1497,1226,271
118000133,338,163,175
118000135,155,291,-136
118000136,16,260,-244
118000137,51,64,-13
118000138,18,62,-44
118000139,113,13,100
118000140,730,4338,-3608
118000141,2536,1284,1252
118000142,725,748,-23
118000143,2433,1526,907
118000144,297,189,108
118000145,646,226,420
118000146,869,55,814
118000147,804,125,679
118000148,163,598,-435
118000149,326,102,224
118000150,578,276,302
118000151,370,52,318
118000153,1658,835,823
118000154,857,572,285
118000155,2128,1023,1105
118000156,483,772,-289
118000157,276,120,156
118000158,131,138,-7
118000159,31,73,-42
118000160,540,135,405
118000161,302,121,181
118000162,414,283,131
118000163,410,706,-296
118000164,916,644,272
118000168,60,1,59
118000169,140,377,-237
118000170,784,907,-123
118000171,62,141,-79
118000172,88,60,28
118000173,539,360,179
118000175,71,216,-145
118000176,262,253,9
118000177,272,365,-93
118000178,2,36,-34
118000179,441,553,-112
118000180,397,275,122
118000181,169,16,153
118000182,59,111,-52
118000183,127,86,41
118000184,735,241,494
118000185,143,556,-413
118000186,73,629,-556
118000187,867,181,686
118000188,130,8,122
118000189,35,13,22
118000190,1,2,-1
118000191,5,5,0
118000192,1,117,-116
118000193,4,175,-171
118000194,436,843,-407
118000195,118,715,-597
118000196,12,84,-72
118000197,109,259,-150
118000198,294,673,-379
118000199,400,606,-206
118000200,0,0,0
118000201,54,287,-233
118000202,0,0,0
118000203,26,106,-80
118000204,4,27,-23
118000205,62,46,16
118000206,197,110,87
118000207,0,42,-42
118000208,638,711,-73
118000209,933,170,763
118000210,95,19,76
118000211,80,20,60
118000213,84,724,-640
118000214,120,23,97
118000215,32,12,20
118000216,441,26,415
118000217,1,6,-5
118000218,30,1,29
118000219,38,64,-26
118000220,1,43,-42
118000221,13,292,-279
118000222,20,0,20
118000223,49,15,34
118000224,12,5,7
118000225,0,0,0
118000226,180,3,177
118000227,45,281,-236
118000228,0,0,0
118000229,0,0,0
118000230,0,0,0
118000231,0,0,0
118000232,0,0,0
118000233,473,99,374
118000234,0,0,0
118000236,113,4,109
118000237,0,0,0
118000238,189,3,186
118000239,211,137,74
118000240,30,9,21
118000241,20,2,18
118000242,0,0,0
118000243,0,0,0
118000244,0,21,-21
118000246,0,0,0
118000255,26,207,-181
118000256,43,105,-62
118000259,0,4,-4
118000260,40,1,39
118000261,7,1,6
118000263,15,33,-18
118000266,61,17,44
118000267,0,0,0
118000268,13,0,13
118000270,0,0,0
118000271,85,79,6
118000272,19,0,19
118000273,0,0,0
118000274,0,0,0
118000276,56,10,46
118000295,0,0,0
118000298,4,0,4
118000299,0,0,0
118000301,0,0,0
118000302,5,6,-1
118000311,200,26,174
118000312,0,0,0
118000313,11,3,8
118000314,3,4,-1
118000315,0,0,0
118000316,12,8,4
118000325,68,1,67
118000326,13,2,11
118000331,118,0,118
118000332,83,2,81
118000333,56,5,51
118000335,87,0,87
118000336,0,0,0
118000407,128,9,119
118000457,0,0,0
118000465,202,271,-69
118000480,7,6,1
118000489,2,285,-283
118000490,4,34,-30
118000492,257,41,216
118000510,0,0,0
118000514,16,9,7
118000515,77,141,-64
118000517,89,38,51
118000524,12,37,-25
118000525,5,3,2
118000530,23,56,-33
118000531,140,94,46
118000532,0,0,0
118000533,0,0,0
118000534,0,0,0
118000535,105,27,78
118000536,0,6,-6
118000537,0,13,-13
118000538,4,10,-6
118000539,12,111,-99
118000540,11,4,7
118000541,7,1,6
118000542,33,71,-38
118000543,23,19,4
118000546,0,1,-1
118000553,0,0,0
118000560,0,0,0
118000562,0,0,0
118000563,505,601,-96
118000576,66,29,37
118000577,170,147,23
118000578,19,10,9
118000579,124,271,-147
118000583,0,0,0
118000595,106,45,61
118000596,0,0,0
118000597,103,113,-10
118000598,0,0,0
118000599,299,6,293
118000600,2,2,0
118000601,1,0,1
118000602,0,4,-4
118000603,0,6,-6
118000605,3,1,2
118000606,0,0,0
118900001,0,0,0
118900002,51,1,50
118900003,52,1,51
118900004,10,0,10
118900005,0,0,0
118900006,0,0,0
118900007,0,0,0
118900008,161,1,160
118900009,0,0,0
118900010,0,0,0
118900011,0,0,0
118900012,84,30,54
118900013,0,0,0
118900015,0,0,0
118900016,0,0,0
118900017,0,0,0
118900018,0,0,0
118900019,0,0,0
118900020,0,0,0
118900021,17,22,-5
118900022,20,1,19
118900023,0,0,0
118900024,0,0,0
118900025,0,0,0
118900026,5,1,4
118900027,0,0,0
118900028,75,9,66
118900029,0,0,0
118900030,0,0,0
118900031,2,4,-2
118900032,0,0,0
118900033,0,0,0
118900034,0,0,0
118900035,8,6,2
118900036,129,40,89
118900037,0,0,0
118900038,63,2,61
118900039,0,0,0
118900040,26,14,12
118900041,0,0,0
118900042,5,0,5
118900045,7,15,-8
118900046,5,2,3
118900047,13,16,-3
118900048,0,0,0
118900049,0,0,0
118900050,0,0,0
118900051,5,16,-11
118900052,0,0,0
118900053,0,0,0
118900054,27,0,27
118900055,0,0,0
118900056,48,13,35
118900057,79,63,16
118900058,0,0,0
118900059,0,0,0
118900060,38,4,34
118900062,0,0,0
118900064,0,0,0
118900065,0,0,0
118900066,0,0,0
118900067,115,275,-160
118900068,0,0,0
118900069,0,0,0
118900071,0,0,0
118900072,0,0,0
118900073,0,0,0
118900074,0,0,0
118900075,0,0,0
118900076,0,0,0
118900077,0,0,0
118900078,0,0,0
118900079,0,0,0
118900080,0,0,0
118900081,0,0,0
118900082,0,0,0
118900083,0,0,0
118900084,0,0,0
118900085,0,0,0
118900086,0,0,0
118900087,0,0,0
118900088,0,0,0
118900089,0,0,0
118900090,0,0,0
118900091,0,0,0
118900092,0,0,0
118900093,0,0,0
118900096,60,48,12
118900097,19,35,-16
118900099,0,4,-4
118900100,0,0,0
118900101,0,0,0
118900102,0,0,0
118900103,0,0,0
118900104,12,1,11
118900105,0,0,0
118900107,0,0,0
118900108,0,0,0
118900110,35,0,35
118900111,0,0,0
118900112,0,0,0
118900113,0,0,0
118900114,0,0,0
118900115,0,16,-16
118900116,14,2,12
118900117,19,10,9
118900118,21,1,20
118900119,5,1,4
118900120,0,4,-4
118900121,0,0,0
118900122,0,0,0
118900123,22,11,11
118900124,0,0,0
118900126,0,0,0
118900129,0,0,0
118900130,0,0,0
118900131,18,1,17
118900132,0,0,0
118900133,0,0,0
118900135,0,0,0
118900136,62,17,45
118900137,0,0,0
118900139,0,0,0
118900140,113,23,90
118900141,0,0,0
118900144,7,15,-8
118900145,0,0,0
118900146,5,34,-29
118900147,0,0,0
118900148,0,0,0
118900150,0,0,0
118900152,0,0,0
118900157,0,0,0
118900158,0,0,0
118900159,0,0,0
118900161,0,0,0
118900163,0,0,0
118900164,0,0,0
118900165,0,0,0
118900166,0,0,0
118900167,0,0,0
118900168,0,0,0
118900169,0,0,0
118900170,0,0,0
118900171,0,0,0
118900174,0,0,0
118900175,86,13,73
118900176,53,29,24
118900177,0,0,0
118900178,0,0,0
118900179,0,0,0
118900181,35,7,28
118900182,0,0,0
118900183,0,0,0
118900184,0,0,0
118900185,39,0,39
118900186,12,6,6
118900187,15,12,3
118900188,58,19,39
118900189,0,0,0
118900190,0,0,0
118900191,0,0,0
118900192,0,0,0
118900193,0,0,0
118900195,12,0,12
118900196,0,0,0
118900197,1,0,1
118900198,0,0,0
118900199,0,0,0
118900200,0,0,0
118900201,0,0,0
118900202,0,0,0
118900203,0,0,0
118900204,0,0,0
118900205,0,0,0
118900206,0,0,0
119000001,829,653,176
119000002,1655,640,1015
119000003,920,227,693
119000004,554,1079,-525
119000005,947,1418,-471
119000006,1031,566,465
119000007,1553,1622,-69
119000008,418,369,49
119000009,669,2034,-1365
119000010,799,941,-142
119000011,975,821,154
119000012,509,958,-449
119000013,2279,1148,1131
119000014,555,1198,-643
119000019,55,10,45
119000020,454,891,-437
119000021,755,1296,-541
119000022,93,357,-264
119000023,53,171,-118
119000024,328,6716,-6388
119000025,723,326,397
119000026,6,150,-144
119000027,70,175,-105
119000028,1109,250,859
119000029,8,113,-105
119000030,207,622,-415
119000031,309,441,-132
119000032,164,535,-371
119000033,927,753,174
119000034,439,289,150
119000035,8,56,-48
119000036,1010,219,791
119000037,448,339,109
119000038,28,164,-136
119000039,315,164,151
119000040,138,356,-218
119000041,225,578,-353
119000048,1108,451,657
119000049,553,263,290
119000050,359,483,-124
119000051,362,183,179
119000052,351,434,-83
119000053,611,369,242
119000054,1193,388,805
119000055,2311,345,1966
119000056,1881,377,1504
119000057,652,388,264
119000058,497,326,171
119000059,640,292,348
119000060,379,116,263
119000061,127,260,-133
119000062,156,216,-60
119000063,281,202,79
119000064,117,105,12
119000065,180,286,-106
119000066,485,493,-8
119000067,591,405,186
119000068,478,191,287
119000069,437,241,196
119000070,804,143,661
119000071,42,76,-34
119000072,553,285,268
119000073,1019,2326,-1307
119000074,1252,281,971
119000075,1164,786,378
119000076,17,257,-240
119000077,206,161,45
119000078,84,22,62
119000079,37,96,-59
119000080,87,30,57
119000081,150,43,107
119000082,66,3,63
119000083,55,36,19
119000084,184,46,138
119000085,98,46,52
119000086,68,27,41
119000087,272,98,174
119000088,79,4,75
119000089,7,48,-41
119000090,53,78,-25
119000091,30,55,-25
119000092,54,95,-41
119000093,803,564,239
119000094,1296,993,303
119000095,700,486,214
119000097,521,265,256
119000098,404,1924,-1520
119000099,818,222,596
119000100,1626,744,882
119000101,644,521,123
119000102,41,153,-112
119000103,268,194,74
119000104,90,37,53
119000105,160,553,-393
119000106,85,68,17
119000107,612,284,328
119000108,152,71,81
119000109,13,31,-18
119000110,0,0,0
119000111,2,11,-9
119000112,0,0,0
119000113,71,13,58
119000114,37,98,-61
119000115,74,92,-18
119000116,7,74,-67
119000117,16,92,-76
119000118,3,0,3
119000123,217,535,-318
119000124,292,36,256
119000125,1527,89,1438
119000126,687,108,579
119000127,134,20,114
119000128,4,0,4
119000131,252,35,217
119000132,0,0,0
119000133,1,7,-6
119000134,175,456,-281
119000135,34,10,24
119000136,0,0,0
119000137,27,6,21
119000138,0,0,0
119000139,2,2,0
119000140,0,0,0
119000284,166,537,-371
119000285,284,154,130
119000286,1047,671,376
119000287,562,338,224
119000288,334,122,212
119000289,312,510,-198
119000290,167,147,20
119000291,0,60,-60
119000293,131,241,-110
119000294,47,43,4
119000295,104,113,-9
119000296,109,7,102
119000302,1078,809,269
119000303,47,26,21
119000304,0,0,0
119000314,189,2234,-2045
119000315,0,7,-7
119000316,0,0,0
119000317,16,9,7
119900001,0,0,0
119900002,57,46,11
119900003,0,0,0
119900004,0,0,0
119900005,0,0,0
119900006,0,0,0
119900007,3,0,3
119900008,0,0,0
119900009,63,44,19
119900010,146,137,9
119900011,0,0,0
119900012,0,0,0
119900013,177,120,57
119900014,59,53,6
119900015,0,0,0
119900016,0,0,0
119900017,0,0,0
119900018,102,190,-88
119900019,0,0,0
119900020,0,0,0
119900021,0,0,0
119900022,6,127,-121
119900023,83,618,-535
119900025,0,0,0
119900026,0,0,0
119900027,0,0,0
119900028,31,38,-7
119900029,0,0,0
119900030,0,0,0
119900031,2,230,-228
119900033,153,89,64
119900034,0,0,0
119900037,0,0,0
119900038,21,5,16
119900039,0,0,0
119900040,91,7,84
119900041,0,0,0
119900042,0,0,0
119900043,3,2,1
119900044,0,63,-63
119900046,0,0,0
119900047,0,0,0
119900048,25,0,25
119900049,0,0,0
119900050,1,4,-3
119900051,295,12,283
119900052,0,0,0
119900053,0,0,0
119900054,100,1,99
119900055,0,0,0
119900057,0,0,0
119900058,0,0,0
119900059,1,0,1
119900060,20,4,16
119900061,70,0,70
119900062,0,0,0
119900063,0,0,0
119900065,0,0,0
119900067,0,0,0
119900068,0,0,0
119900069,18,0,18
119900070,91,1,90
119900071,119,3,116
119900073,68,0,68
119900074,0,0,0
119900075,118,46,72
119900076,0,0,0
119900077,17,0,17
119900078,166,8,158
119900079,37,0,37
119900080,80,16,64
119900081,98,2,96
119900082,930,128,802
119900083,76,58,18
119900084,0,0,0
119900085,0,0,0
119900086,66,25,41
119900087,0,0,0
119900088,0,0,0
119900089,0,8,-8
119900090,0,0,0
119900091,0,11,-11
119900092,0,5,-5
119900093,0,0,0
119900094,2,0,2
119900095,0,0,0
119900096,0,0,0
119900097,0,4,-4
119900098,0,0,0
119900099,0,0,0
119900100,71,88,-17
119900101,1,100,-99
119900102,0,0,0
119900103,0,0,0
119900104,0,0,0
119900105,19,11,8
119900106,0,0,0
119900107,0,0,0
119900108,404,135,269
119900109,0,0,0
119900110,36,7,29
119900111,24,2,22
119900112,0,0,0
119900113,1,2,-1
119900114,38,44,-6
119900115,32,26,6
119900116,0,5,-5
119900117,19,29,-10
119900118,21,14,7
119900119,3,14,-11
119900120,34,34,0
119900121,0,0,0
119900122,8,0,8
119900123,2,5,-3
119900124,0,2,-2
119900125,0,0,0
119900126,161,37,124
119900127,37,0,37
119900128,31,3,28
119900129,4,1,3
119900130,0,0,0
119900131,0,2,-2
119900132,0,0,0
119900133,0,0,0
119900134,10,0,10
119900135,0,0,0
119900136,0,0,0
119900138,0,0,0
119900139,0,0,0
119900140,0,0,0
119900141,0,0,0
119900142,0,0,0
119900143,0,0,0
119900144,0,0,0
119900145,0,0,0
119900146,0,0,0
119900147,0,0,0
119900148,0,0,0
119900149,7,492,-485
119900150,0,0,0
119900151,121,101,20
119900152,0,0,0
119900153,0,0,0
119900154,1,0,1
119900155,0,0,0
119900156,32,8,24
119900157,0,0,0
119900158,0,0,0
119900159,0,0,0
119900160,0,0,0
119900161,10,8,2
119900162,75,23,52
119900163,0,0,0
119900164,0,0,0
119900165,0,0,0
119900166,0,0,0
119900167,0,0,0
119900168,151,5,146
119900169,0,0,0
119900170,0,0,0
119900171,1,1,0
119900172,0,0,0
119900173,0,0,0
119900174,0,0,0
119900175,256,29,227
119900177,0,0,0
119900178,0,0,0
119900179,29,247,-218
119900180,134,16,118
119900181,0,0,0
119900182,0,0,0
119900183,1,0,1
119900184,3,2,1
119900185,3,84,-81
119900186,0,0,0
119900187,0,0,0
119900188,89,35,54
119900189,0,0,0
119900190,0,0,0
119900191,0,1,-1
119900192,0,0,0
119900193,115,13,102
119900194,0,0,0
119900195,0,0,0
119900196,0,0,0
119900197,0,0,0
119900198,0,0,0
119900199,7,0,7
119900200,0,0,0
119900201,0,0,0
119900202,1,5,-4
119900203,0,0,0
119900204,8,4,4
119900205,298,26,272
119900206,0,0,0
119900208,1,0,1
119900209,19,60,-41
119900210,0,0,0
119900211,0,0,0
119900212,356,8,348
119900213,0,0,0
119900214,0,0,0
119900215,0,0,0
119900216,0,0,0
119900217,0,0,0
119900218,0,0,0
119900219,0,0,0
119900220,0,0,0
119900221,0,0,0
119900222,0,0,0
119900223,0,0,0
119900224,0,0,0
119900225,0,0,0
119900226,9,122,-113
119900227,24,16,8
119900228,0,3,-3
119900229,0,0,0
119900230,19,0,19
119900231,54,3,51
119900232,0,0,0
119900233,10,3,7
119900234,0,0,0
119900235,0,0,0
119900236,0,0,0
119900237,4,3,1
119900238,0,0,0
119900240,0,0,0
119900241,0,0,0
119900242,65,1,64
119900244,43,90,-47
119900245,0,0,0
119900246,0,0,0
119900247,0,0,0
119900248,0,0,0
119900249,4,0,4
119900253,108,126,-18
119900254,2,230,-228
119900255,19,15,4
119900256,160,43,117
119900257,1,1,0
119900258,0,0,0
119900259,10,1,9
119900260,0,0,0
119900261,60,8,52
119900262,1,0,1
119900263,123,7,116
119900264,0,0,0
119900265,0,0,0
119900266,0,0,0
119900267,0,11,-11
119900268,16,2,14
119900269,85,2,83
119900271,0,1,-1
119900272,1,1,0
119900275,0,0,0
119900276,0,0,0
119900277,0,0,0
119900278,0,0,0
119900279,0,0,0
119900280,6,0,6
119900281,0,0,0
119900282,0,0,0
119900283,0,6,-6
119900284,165,89,76
119900285,0,0,0
119900286,0,0,0
119900288,6,10,-4
119900289,0,1,-1
119900290,0,0,0
119900291,0,0,0
119900292,9,12,-3
119900293,2,5,-3
119900294,2,6,-4
119900295,105,2,103
119900296,66,12,54
119900297,0,2,-2
119900298,1,0,1
119900299,0,0,0
119900300,0,0,0
119900301,0,0,0
119900302,0,0,0
119900303,0,0,0
119900304,0,0,0
119900305,0,0,0
119900306,0,0,0
119900307,0,0,0
119900308,0,0,0
119900309,0,0,0
119900310,1,3,-2
119900311,0,0,0
119900312,5,1,4
119900313,25,3,22
119900314,0,0,0
119900315,0,0,0
119900318,0,0,0
119900319,0,0,0
119900320,149,22,127
119900321,58,24,34
120000001,3857,11957,-8100
120000002,608,661,-53
120000003,460,489,-29
120000004,794,588,206
120000005,718,500,218
120000006,285,329,-44
120000007,589,462,127
120000008,320,312,8
120000009,382,251,131
120000010,457,372,85
120000011,181,242,-61
120000012,335,311,24
120000013,943,501,442
120000014,286,481,-195
120000015,1106,735,371
120000016,2745,1565,1180
120000017,1739,1784,-45
120000018,1868,5789,-3921
120000019,441,607,-166
120000020,1535,1152,383
120000021,836,1357,-521
120000022,3107,3372,-265
120000023,710,784,-74
120000024,701,857,-156
120000025,1932,669,1263
120000026,1298,1494,-196
120000027,1779,1729,50
120000028,362,160,202
120000029,173,605,-432
120000030,42,234,-192
120000031,475,1289,-814
120000032,1335,1005,330
120000033,1173,269,904
120000034,1406,270,1136
120000035,1056,256,800
120000036,1281,1727,-446
120000037,549,1368,-819
120000038,883,1972,-1089
120000039,32,181,-149
120000040,12,87,-75
120000041,61,162,-101
120000042,422,351,71
120000043,1678,462,1216
120000044,3235,492,2743
120000045,3200,210,2990
120000046,2131,1469,662
120000047,242,2377,-2135
120000048,2201,1572,629
120000049,1526,565,961
120000050,985,1059,-74
120000051,796,1433,-637
120000052,1036,714,322
120000053,625,571,54
120000054,437,597,-160
120000055,862,641,221
120000056,2033,948,1085
120000057,979,225,754
120000058,221,256,-35
120000059,95,920,-825
120000061,5,169,-164
120000062,75,71,4
120000063,211,292,-81
120000064,125,235,-110
120000065,189,150,39
120000066,91,71,20
120000067,3,85,-82
120000068,55,163,-108
120000069,270,128,142
120000070,57,132,-75
120000071,286,19,267
120000072,532,46,486
120000073,431,31,400
120000074,24,17,7
120000075,598,83,515
120000076,1308,53,1255
120000077,1016,121,895
120000078,436,203,233
120000079,389,157,232
120000080,195,67,128
120000081,302,55,247
120000082,175,176,-1
120000083,20,1145,-1125
120000084,37,36,1
120000085,58,9,49
120000086,59,57,2
120000087,86,36,50
120000088,353,236,117
120000089,840,120,720
120000090,318,196,122
120000091,428,204,224
120000092,641,86,555
120000093,351,131,220
120000094,134,336,-202
120000095,302,85,217
120000096,140,112,28
120000098,163,132,31
120000099,49,90,-41
120000100,229,142,87
120000101,271,144,127
120000102,299,842,-543
120000103,714,491,223
120000104,1865,140,1725
120000105,2165,92,2073
120000106,2158,97,2061
120000107,3534,114,3420
120000108,1354,42,1312
120000109,681,37,644
120000110,2,160,-158
120000111,0,114,-114
120000112,20,224,-204
120000113,42,204,-162
120000114,79,182,-103
120000115,60,162,-102
120000116,53,182,-129
120000117,294,127,167
120000118,27,39,-12
120000119,37,44,-7
120000120,34,44,-10
120000121,83,36,47
120000122,74,180,-106
120000123,446,4043,-3597
120000124,219,238,-19
120000125,203,94,109
120000126,78,209,-131
120000127,146,147,-1
120000128,476,929,-453
120000129,91,107,-16
120000130,506,239,267
120000131,189,147,42
120000134,24,11,13
120000135,53,285,-232
120000137,8,20,-12
120000138,309,51,258
120000139,97,25,72
120000140,170,12,158
120000141,171,10,161
120000142,345,53,292
120000143,0,3,-3
120000144,34,0,34
120000145,59,0,59
120000146,368,622,-254
120000149,191,111,80
120000150,288,3475,-3187
120000151,292,113,179
120000152,326,34,292
120000153,22,50,-28
120000154,87,113,-26
120000155,60,111,-51
120000156,152,408,-256
120000157,299,160,139
120000158,88,53,35
120000159,508,545,-37
120000160,1032,794,238
120000161,800,713,87
120000162,24,189,-165
120000163,227,106,121
120000164,272,52,220
120000165,221,73,148
120000166,868,32,836
120000167,0,0,0
120000168,0,0,0
120000169,0,0,0
120000170,0,0,0
120000171,0,0,0
120000172,0,0,0
120000173,15,2,13
120000174,1,0,1
120000175,1,0,1
120000176,0,0,0
120000177,47,2,45
120000178,1,0,1
120000179,2,2,0
120000180,10,0,10
120000181,5,56,-51
120000182,4,104,-100
120000183,3,151,-148
120000184,15,303,-288
120000186,1,36,-35
120000187,8,43,-35
120000188,10,39,-29
120000190,16,100,-84
120000191,33,34,-1
120000192,24,32,-8
120000193,26,29,-3
120000195,0,0,0
120000196,0,2,-2
120000197,6,4,2
120000198,49,0,49
120000199,0,0,0
120000200,0,0,0
120000201,0,0,0
120000202,0,0,0
120000203,0,0,0
120000207,0,0,0
120000208,0,0,0
120000209,0,0,0
120000210,0,0,0
120000211,0,0,0
120000212,0,0,0
120000213,0,0,0
120000214,0,0,0
120000215,0,0,0
120000216,0,0,0
120000217,0,0,0
120000218,0,0,0
120000219,0,0,0
120000220,0,0,0
120000225,924,0,924
120000226,246,1,245
120000227,190,23,167
120000228,0,0,0
120000230,50,1,49
120000231,166,37,129
120000233,247,3,244
120000235,0,30,-30
120000236,648,1,647
120000237,0,33,-33
120000238,0,0,0
120000241,725,1525,-800
120000412,89,0,89
120000413,115,15,100
120000414,134,0,134
120000415,0,6,-6
120000416,37,0,37
120000417,0,6,-6
120000418,132,0,132
120000419,0,4,-4
120000420,80,37,43
120000421,1690,935,755
120000422,7,320,-313
120000423,0,0,0
120000424,0,0,0
120000436,62,743,-681
120000437,9,7,2
120000438,165,78,87
120000439,150,257,-107
120000443,142,0,142
120000444,1043,49,994
120000445,799,537,262
120000446,121,92,29
120000447,129,1,128
120000449,55,0,55
120000450,1,4,-3
120000451,33,48,-15
120000452,109,16,93
120000453,0,0,0
120000454,63,44,19
120000455,28,47,-19
120000456,56,527,-471
120000457,192,114,78
120000458,213,97,116
120000459,22,23,-1
120000665,13,71,-58
120000668,9,234,-225
120000669,77,99,-22
120000670,7,151,-144
120000671,476,188,288
120000672,4,143,-139
120900001,81,3,78
120900002,3,7,-4
120900003,0,0,0
120900004,0,28,-28
120900005,1,35,-34
120900006,193,40,153
120900007,0,0,0
120900008,129,46,83
120900009,0,0,0
120900010,228,44,184
120900011,0,0,0
120900012,7,294,-287
120900013,103,14,89
120900014,0,37,-37
120900015,521,8,513
120900016,547,5,542
120900017,49,5,44
120900018,64,15,49
120900019,155,141,14
120900020,52,211,-159
120900021,331,7,324
120900022,0,7,-7
120900023,347,8,339
120900024,313,39,274
120900025,34,31,3
120900026,19,16,3
120900027,0,0,0
120900028,327,71,256
120900029,0,0,0
120900030,480,93,387
120900031,238,8,230
120900032,810,16,794
120900033,504,19,485
120900034,0,258,-258
120900035,29,1,28
120900037,171,0,171
120900038,0,0,0
120900039,0,0,0
120900040,218,0,218
120900041,2,1,1
120900042,216,24,192
120900043,25,5,20
120900044,1,68,-67
120900045,11,3,8
120900046,385,1,384
120900047,0,0,0
120900048,0,0,0
120900049,300,0,300
120900050,161,552,-391
120900051,124,58,66
120900052,200,2,198
120900053,0,0,0
120900054,142,9,133
120900055,350,1,349
120900056,0,0,0
120900057,0,0,0
120900058,541,0,541
120900059,56,0,56
120900060,0,0,0
120900061,30,1,29
120900062,131,10,121
120900063,0,0,0
120900064,330,0,330
120900065,340,0,340
120900066,243,18,225
120900067,67,29,38
120900068,131,1,130
120900069,0,0,0
120900071,29,3,26
120900072,0,0,0
120900073,0,0,0
120900074,313,19,294
120900076,191,0,191
120900077,516,203,313
120900078,671,66,605
120900079,98,3,95
120900080,116,1,115
120900081,513,61,452
120900082,142,9,133
120900083,133,10,123
120900084,129,198,-69
120900085,0,0,0
120900086,6,236,-230
120900087,247,83,164
120900088,10,228,-218
120900089,311,1526,-1215
120900090,24,0,24
120900091,47,288,-241
120900092,8,18,-10
120900093,0,0,0
120900094,11,27,-16
120900095,0,0,0
120900096,3,3,0
120900097,35,20,15
120900098,0,0,0
120900099,2,0,2
120900100,0,0,0
120900101,0,0,0
120900102,0,0,0
120900103,26,19,7
120900104,11,1,10
120900105,0,0,0
120900106,91,36,55
120900107,36,10,26
120900108,0,0,0
120900109,3,43,-40
120900110,0,0,0
120900111,1,0,1
120900112,0,0,0
120900113,0,24,-24
120900114,4,7,-3
120900115,32,57,-25
120900116,39,18,21
120900117,0,0,0
120900118,10,36,-26
120900119,639,321,318
120900120,2,21,-19
120900121,1,18,-17
120900122,77,15,62
120900123,0,0,0
120900124,0,27,-27
120900125,0,43,-43
120900126,41,11,30
120900127,0,0,0
120900128,28,17,11
120900129,61,20,41
120900130,1,28,-27
120900131,0,0,0
120900132,572,11,561
120900133,1,15,-14
120900134,1,6,-5
120900135,10,17,-7
120900136,0,0,0
120900137,163,9,154
120900138,0,8,-8
120900139,0,9,-9
120900140,0,0,0
120900141,46,22,24
120900142,0,6,-6
120900143,0,8,-8
120900144,0,15,-15
120900145,20,25,-5
120900146,0,19,-19
120900147,0,0,0
120900148,30,11,19
120900149,0,11,-11
120900150,3,25,-22
120900151,0,12,-12
120900152,0,0,0
120900153,0,0,0
120900154,0,20,-20
120900155,5,1,4
120900156,40,12,28
120900157,0,0,0
120900158,1,4,-3
120900159,0,0,0
120900160,0,10,-10
120900161,0,0,0
120900162,0,0,0
120900163,0,0,0
120900164,0,0,0
120900165,0,0,0
120900166,0,0,0
120900167,0,0,0
120900169,0,0,0
120900170,13,916,-903
120900171,40,0,40
120900172,0,0,0
120900173,0,1,-1
120900174,0,0,0
120900175,41,0,41
120900176,2,167,-165
120900177,1,482,-481
120900178,1,208,-207
120900179,31,8,23
120900180,0,0,0
120900181,0,0,0
120900182,0,0,0
120900183,10,4,6
120900184,0,0,0
120900185,0,0,0
120900186,0,26,-26
120900187,111,83,28
120900188,4,0,4
120900189,0,0,0
120900190,67,5,62
120900191,0,0,0
120900192,604,2142,-1538
120900194,0,1,-1
120900195,4,14,-10
120900196,0,0,0
120900197,293,26,267
120900198,1,33,-32
120900199,55,117,-62
120900200,0,0,0
120900201,48,11,37
120900202,0,9,-9
120900203,0,3,-3
120900204,22,13,9
120900205,4,1,3
120900206,1,0,1
120900207,0,51,-51
121000001,133,426,-293
121000002,253,844,-591
121000003,258,843,-585
121000004,312,1130,-818
121000005,1147,2422,-1275
121000006,626,1151,-525
121000007,195,1443,-1248
121000008,649,1226,-577
121000009,748,2560,-1812
121000010,776,1126,-350
121000011,1173,2959,-1786
121000012,1767,1226,541
121000013,1744,3193,-1449
121000014,2094,1371,723
121000015,2188,3766,-1578
121000016,744,544,200
121000017,457,1635,-1178
121000018,677,1058,-381
121000019,1712,2681,-969
121000020,3392,6200,-2808
121000021,263,382,-119
121000022,373,2231,-1858
121000023,599,310,289
121000024,1375,1859,-484
121000025,46,267,-221
121000026,49,120,-71
121000027,170,544,-374
121000028,62,172,-110
121000029,39,181,-142
121000030,0,0,0
121000031,51,163,-112
121000032,0,0,0
121000034,15,56,-41
121000035,0,22,-22
121000036,136,209,-73
121000037,121,358,-237
121000038,470,560,-90
121000039,75,51,24
121000041,59,167,-108
121000042,10,163,-153
121000043,267,304,-37
121000044,30,201,-171
121000045,63,177,-114
121000046,0,0,0
121000047,10,30,-20
121000049,351,271,80
121000050,86,1424,-1338
121000051,182,77,105
121000052,81,777,-696
121000053,19,70,-51
121000054,0,26,-26
121000055,215,487,-272
121000056,832,549,283
121000057,3,21,-18
121000058,33,95,-62
121000059,194,924,-730
121000060,420,628,-208
121000061,5,402,-397
121000062,201,255,-54
121000063,123,562,-439
121000064,169,485,-316
121000065,78,108,-30
121000066,44,27,17
121000067,83,26,57
121000068,144,559,-415
121000069,14,682,-668
121000070,200,253,-53
121000071,273,891,-618
121000072,73,72,1
121000073,105,415,-310
121000074,8,24,-16
121000075,0,6,-6
121000076,13,65,-52
121000077,21,60,-39
121000078,1,27,-26
121000080,157,159,-2
121000081,404,1250,-846
121000082,3,9,-6
121000083,34,68,-34
121000084,0,0,0
121000085,26,16,10
121000086,19,194,-175
121000087,3,187,-184
121000088,124,101,23
121000089,6,219,-213
121000090,66,125,-59
121000091,344,755,-411
121000092,59,28,31
121000093,17,89,-72
121000094,47,119,-72
121000095,10,126,-116
121000096,612,197,415
121000097,90,564,-474
121000098,126,163,-37
121000099,181,107,74
121000100,278,138,140
121000101,81,80,1
121000102,12,3,9
121000103,38,72,-34
121000104,20,1,19
121000105,8,5,3
121000106,46,109,-63
121000107,653,1548,-895
121000109,321,879,-558
121000110,12,584,-572
121000114,638,1264,-626
121000115,86,74,12
121000116,69,67,2
121000117,97,41,56
121000118,166,24,142
121000119,13,32,-19
121000120,39,410,-371
121000121,72,64,8
121000123,54,78,-24
121000127,6,50,-44
121000128,180,63,117
121000129,99,93,6
121000130,123,187,-64
121000131,37,188,-151
121000132,75,223,-148
121000135,106,162,-56
121000136,262,551,-289
121000137,97,141,-44
121000138,148,962,-814
121000139,0,0,0
121000141,38,3,35
121000142,7,65,-58
121000143,3,12,-9
121000144,464,628,-164
121000145,129,172,-43
121000146,222,85,137
121000147,147,41,106
121000148,82,138,-56
121000149,419,540,-121
121000152,74,89,-15
121000153,134,75,59
121000154,225,89,136
121000155,254,301,-47
121000156,94,159,-65
121000157,173,203,-30
121000158,343,216,127
121000159,184,129,55
121000160,241,89,152
121000161,99,193,-94
121000162,113,77,36
121000165,442,1648,-1206
121000166,17,284,-267
121000168,50,77,-27
121000169,4,25,-21
121000170,72,27,45
121000171,5,41,-36
121000172,151,349,-198
121000173,501,637,-136
121000174,195,380,-185
121000175,338,130,208
121000176,112,159,-47
121000177,154,80,74
121000178,95,28,67
121000179,9,8,1
121000181,137,56,81
121000182,239,336,-97
121000183,22,187,-165
121000184,15,357,-342
121000185,4,783,-779
121000186,80,639,-559
121000187,97,139,-42
121000188,37,66,-29
121000192,211,47,164
121000193,48,69,-21
121000194,471,909,-438
121000195,200,439,-239
121000196,82,81,1
121000197,27,76,-49
121000198,58,170,-112
121000199,15,57,-42
121000200,173,109,64
121000201,0,103,-103
121000202,46,2,44
121000203,8,101,-93
121000204,725,36,689
121000205,94,174,-80
121000206,120,114,6
121000207,546,268,278
121000208,0,88,-88
121000209,362,15,347
121000210,335,114,221
121000211,25,2,23
121000212,102,86,16
121000213,415,382,33
121000214,174,1029,-855
121000215,387,165,222
121000216,162,425,-263
121000217,994,1361,-367
121000218,51,350,-299
121000219,330,288,42
121000220,37,5,32
121000221,7,82,-75
121000222,598,777,-179
121000223,0,0,0
121000224,140,101,39
121000225,47,776,-729
121000226,142,728,-586
121000227,1,120,-119
121000228,14,66,-52
121000229,7,11,-4
121000230,17,142,-125
121000231,516,7,509
121000232,40,13,27
121000233,104,65,39
121000234,0,74,-74
121000235,11,32,-21
121000236,2,49,-47
121000237,3,14,-11
121000238,2,5,-3
121000239,24,1,23
121000240,2,20,-18
121000241,19,0,19
121000242,0,18,-18
121000243,52,4,48
121000244,2,5,-3
121000245,27,0,27
121000246,1,26,-25
121000247,12,0,12
121000248,68,58,10
121000249,32,36,-4
121000250,116,283,-167
121000251,0,48,-48
121000252,5,40,-35
121000253,55,118,-63
121000254,323,86,237
121000255,0,47,-47
121000256,32,190,-158
121000257,10,50,-40
121000258,52,155,-103
121000259,11,62,-51
121000260,0,18,-18
121000261,2,102,-100
121000262,116,68,48
121000263,297,34,263
121000271,33,901,-868
121000273,6,0,6
121000274,1,52,-51
121000275,0,1,-1
121000276,0,21,-21
121000278,12,9,3
121000279,2,7,-5
121000280,12,5,7
121000289,66,26,40
121000290,70,449,-379
121000294,77,16,61
121000297,187,310,-123
121000299,44,168,-124
121000300,74,117,-43
121000302,4,326,-322
121000303,70,26,44
121000304,357,63,294
121000305,38,59,-21
121000306,71,159,-88
121000308,0,1,-1
121000309,0,0,0
121000310,0,0,0
121000311,0,0,0
121000312,60,78,-18
121000313,0,0,0
121000314,0,8,-8
121000315,0,3,-3
121000530,496,467,29
121000531,725,397,328
121000532,1512,1347,165
121000533,2222,1337,885
121000918,0,0,0
121000919,19,96,-77
121000938,5,0,5
121000939,10,102,-92
121000956,492,215,277
121000957,0,0,0
121000958,14,6,8
121000959,213,47,166
121000960,245,245,0
121000961,116,0,116
121000962,36,73,-37
121000963,0,0,0
121000973,0,0,0
121000976,0,0,0
121000979,0,0,0
121000981,60,0,60
121000982,307,57,250
121000983,48,6,42
121000984,0,8,-8
121000985,182,75,107
121000986,80,60,20
121000987,39,96,-57
121000988,321,46,275
121001302,11,21,-10
121001308,0,26,-26
121001309,2,142,-140
121001313,0,0,0
121001314,471,272,199
121001315,1533,79,1454
121001326,33,84,-51
121900001,114,347,-233
121900002,0,0,0
121900003,0,0,0
121900004,0,0,0
121900005,4,0,4
121900006,0,0,0
121900007,163,23,140
121900008,0,0,0
121900009,0,0,0
121900010,0,0,0
121900011,21,1,20
121900012,5,0,5
121900013,4,0,4
121900014,0,0,0
121900015,77,0,77
121900016,0,0,0
121900017,0,0,0
121900018,0,0,0
121900019,0,0,0
121900020,2,1,1
121900021,26,0,26
121900022,0,0,0
121900023,0,0,0
121900024,0,0,0
121900025,0,0,0
121900026,0,0,0
121900027,0,0,0
121900028,0,0,0
121900029,0,0,0
121900030,0,0,0
121900031,9,68,-59
121900032,0,0,0
121900033,0,0,0
121900034,0,0,0
121900035,0,0,0
121900036,0,0,0
121900037,0,0,0
121900038,0,0,0
121900039,0,0,0
121900040,0,0,0
121900041,0,0,0
121900042,0,0,0
121900043,0,0,0
121900044,0,0,0
121900046,0,0,0
121900047,0,0,0
121900048,0,0,0
121900050,0,0,0
121900051,0,0,0
121900052,0,0,0
121900053,2,7,-5
121900054,0,0,0
121900055,0,0,0
121900058,0,0,0
121900059,0,0,0
121900060,0,0,0
121900061,0,0,0
121900062,0,0,0
121900063,16,4,12
121900064,0,0,0
121900066,0,0,0
121900067,0,0,0
121900069,0,0,0
121900070,2,4,-2
121900071,0,0,0
121900072,0,0,0
121900073,0,0,0
121900074,10,0,10
121900075,1,10,-9
121900076,0,0,0
121900078,0,0,0
121900079,0,0,0
121900080,0,0,0
121900082,0,0,0
121900084,0,0,0
121900086,0,0,0
121900087,0,0,0
121900088,0,1,-1
121900089,0,0,0
121900090,0,0,0
121900091,0,0,0
121900092,0,0,0
121900093,0,0,0
121900094,0,0,0
121900095,0,0,0
121900096,0,0,0
121900097,0,0,0
121900098,0,0,0
121900099,0,0,0
121900100,0,0,0
121900101,0,0,0
121900102,0,0,0
121900103,0,0,0
121900104,92,48,44
121900105,0,0,0
121900106,0,0,0
121900107,0,0,0
121900108,0,0,0
121900109,0,0,0
121900110,0,0,0
121900111,0,0,0
121900112,0,0,0
121900113,0,0,0
121900114,0,0,0
121900117,0,0,0
121900118,3,0,3
121900119,0,0,0
121900120,0,0,0
121900121,0,0,0
121900122,0,0,0
121900123,0,0,0
121900124,1,0,1
121900125,4,0,4
121900127,0,0,0
121900128,0,0,0
121900129,0,0,0
121900130,0,0,0
121900131,0,0,0
121900132,0,0,0
121900133,0,0,0
121900134,0,0,0
121900135,93,11,82
121900136,0,0,0
121900137,0,0,0
121900138,0,0,0
121900139,0,0,0
121900140,0,0,0
121900141,10,0,10
121900142,0,0,0
121900143,0,0,0
121900144,0,0,0
121900145,0,0,0
121900146,0,0,0
121900147,0,0,0
121900148,0,0,0
121900149,0,0,0
121900150,0,0,0
121900151,0,0,0
121900152,0,0,0
121900153,0,0,0
121900154,0,0,0
121900155,0,0,0
121900156,0,0,0
121900157,0,0,0
121900158,0,0,0
121900159,0,0,0
121900160,0,0,0
121900161,0,0,0
121900162,0,0,0
121900163,0,0,0
121900164,0,0,0
121900165,0,0,0
121900166,0,0,0
121900167,0,0,0
121900168,0,0,0
121900169,0,0,0
121900170,0,0,0
121900171,0,0,0
121900172,0,0,0
121900173,0,0,0
121900174,0,0,0
121900175,0,0,0
121900176,0,0,0
121900177,0,0,0
121900178,0,0,0
121900179,0,0,0
121900180,73,260,-187
121900182,0,0,0
121900183,0,0,0
121900184,0,0,0
121900186,0,0,0
121900187,0,0,0
121900188,0,0,0
121900189,0,0,0
121900190,2,0,2
121900191,0,0,0
121900192,0,0,0
121900193,0,0,0
121900194,0,0,0
121900195,0,0,0
121900196,0,0,0
121900197,0,0,0
121900198,258,0,258
121900199,0,0,0
121900200,0,0,0
121900201,0,0,0
121900202,0,0,0
121900203,0,0,0
121900204,0,0,0
121900205,0,0,0
121900206,0,0,0
121900207,0,0,0
121900208,0,0,0
121900209,0,0,0
121900210,0,0,0
121900211,0,0,0
121900212,0,0,0
121900213,0,0,0
121900214,0,0,0
121900215,0,0,0
121900216,0,0,0
121900217,0,0,0
121900218,0,0,0
121900220,0,0,0
121900221,0,0,0
121900222,0,0,0
121900223,0,0,0
121900224,0,0,0
121900225,0,0,0
121900226,0,0,0
121900227,0,0,0
121900228,0,0,0
121900230,0,0,0
121900231,0,0,0
121900232,0,0,0
121900233,0,0,0
121900234,0,0,0
121900235,0,0,0
121900236,0,0,0
121900237,0,0,0
121900238,0,0,0
121900239,0,0,0
121900240,0,0,0
121900241,0,0,0
121900242,0,0,0
121900243,0,0,0
121900244,0,0,0
121900245,0,0,0
121900246,36,8,28
121900248,0,0,0
121900250,0,0,0
121900251,0,0,0
121900252,0,0,0
121900253,7,80,-73
121900254,0,0,0
121900255,0,0,0
121900258,475,280,195
121900259,0,0,0
121900260,0,0,0
121900261,0,1,-1
121900262,0,0,0
121900263,0,0,0
121900264,0,0,0
121900265,0,0,0
121900266,0,0,0
121900267,0,0,0
121900269,0,0,0
121900270,0,0,0
121900271,0,0,0
121900273,3,6,-3
121900274,49,6,43
121900277,0,0,0
121900278,0,0,0
121900279,0,0,0
121900280,0,0,0
121900281,0,0,0
121900284,0,0,0
121900286,13,2,11
121900287,0,0,0
121900288,0,0,0
121900290,0,0,0
121900291,0,0,0
121900292,3,8,-5
121900293,0,0,0
121900294,0,0,0
121900295,0,0,0
121900296,0,0,0
121900298,0,7,-7
121900299,0,0,0
121900300,33,0,33
121900301,0,1,-1
121900302,0,0,0
121900303,0,0,0
121900304,0,0,0
121900305,0,0,0
121900306,0,0,0
121900307,37,0,37
121900308,0,0,0
121900309,0,0,0
121900310,0,0,0
121900311,68,0,68
121900312,27,3,24
121900313,52,1,51
121900314,0,0,0
121900315,0,0,0
121900316,0,0,0
121900317,0,0,0
121900318,0,0,0
121900319,0,0,0
121900320,0,0,0
121900321,0,0,0
121900322,0,0,0
121900323,0,0,0
121900324,0,0,0
121900325,0,0,0
121900326,0,0,0
121900327,0,0,0
121900328,0,0,0
121900329,0,0,0
121900330,0,0,0
121900331,0,0,0
121900332,0,0,0
121900333,0,0,0
121900334,0,0,0
122000001,329,735,-406
122000002,389,276,113
122000003,284,711,-427
122000004,282,382,-100
122000005,1024,2249,-1225
122000006,274,777,-503
122000007,256,773,-517
122000008,537,980,-443
122000009,105,147,-42
122000010,1166,1028,138
122000011,327,363,-36
122000012,210,379,-169
122000013,278,955,-677
122000014,505,786,-281
122000015,289,537,-248
122000016,107,361,-254
122000017,260,714,-454
122000018,320,668,-348
122000019,167,743,-576
122000020,33,82,-49
122000021,16,122,-106
122000022,125,85,40
122000023,76,69,7
122000024,418,461,-43
122000025,173,500,-327
122000026,421,414,7
122000027,88,320,-232
122000028,179,260,-81
122000029,38,133,-95
122000030,25,2,23
122000031,21,613,-592
122000032,184,295,-111
122000033,115,243,-128
122000034,11,65,-54
122000035,2,50,-48
122000036,77,93,-16
122000037,21,102,-81
122000038,81,187,-106
122000039,50,30,20
122000040,16,27,-11
122000041,348,1162,-814
122000042,177,608,-431
122000043,25,71,-46
122000044,50,114,-64
122000045,205,87,118
122000046,214,212,2
122000047,10,20,-10
122000048,882,1914,-1032
122000049,2016,1286,730
122000050,155,316,-161
122000051,136,715,-579
122000052,120,471,-351
122000053,144,1444,-1300
122000054,468,588,-120
122000055,2193,2334,-141
122000056,768,1146,-378
122000057,983,1294,-311
122000058,506,652,-146
122000059,417,875,-458
122000060,55,85,-30
122000061,9,36,-27
122000062,260,40,220
122000063,82,434,-352
122000064,1431,2270,-839
122000065,1276,1196,80
122000066,71,85,-14
122000067,749,1987,-1238
122000068,157,1708,-1551
122000069,77,196,-119
122000070,747,477,270
122000071,216,446,-230
122000072,3,107,-104
122000073,20,158,-138
122000074,337,576,-239
122000075,149,517,-368
122000076,202,331,-129
122000077,103,305,-202
122000078,399,417,-18
122000079,120,480,-360
122000080,48,246,-198
122000081,9,124,-115
122000082,135,272,-137
122000083,121,220,-99
122000084,47,77,-30
122000085,15,157,-142
122000086,693,2415,-1722
122000087,173,107,66
122000088,75,22,53
122000089,778,771,7
122000090,42,169,-127
122000091,54,33,21
122000092,1,26,-25
122000093,889,2053,-1164
122000094,1411,1310,101
122000095,479,1669,-1190
122000096,104,849,-745
122000098,1109,3296,-2187
122000099,101,398,-297
122000100,84,96,-12
122000101,53,60,-7
122000102,40,147,-107
122000103,83,129,-46
122000104,38,92,-54
122000105,76,123,-47
122000106,63,156,-93
122000107,146,192,-46
122000108,6,25,-19
122000109,42,104,-62
122000110,48,72,-24
122000111,262,228,34
122000112,129,147,-18
122000113,101,102,-1
122000114,346,1956,-1610
122000115,432,1442,-1010
122000116,34,197,-163
122000117,174,23,151
122000118,245,27,218
122000119,112,109,3
122000120,72,129,-57
122000121,246,419,-173
122000122,91,338,-247
122000123,162,393,-231
122000124,53,262,-209
122000125,101,207,-106
122000126,21,181,-160
122000127,64,190,-126
122000128,160,104,56
122000129,63,208,-145
122000130,414,386,28
122000131,124,147,-23
122000132,2,4,-2
122000133,58,58,0
122000134,95,269,-174
122000135,130,119,11
122000136,53,147,-94
122000137,177,323,-146
122000139,147,544,-397
122000140,139,338,-199
122000141,266,353,-87
122000142,32,328,-296
122000143,26,74,-48
122000144,145,78,67
122000145,104,42,62
122000146,112,300,-188
122000147,149,173,-24
122000148,141,113,28
122000149,252,90,162
122000150,138,115,23
122000151,1,1,0
122000152,11,0,11
122000153,114,162,-48
122000154,51,51,0
122000155,212,158,54
122000156,965,1144,-179
122000157,264,652,-388
122000158,74,58,16
122000159,151,221,-70
122000160,283,244,39
122000161,235,175,60
122000162,130,251,-121
122000163,13,3,10
122000164,3,4,-1
122000165,73,548,-475
122000166,93,134,-41
122000167,0,5,-5
122000168,30,799,-769
122000169,58,23,35
122000170,46,260,-214
122000171,0,0,0
122000172,239,776,-537
122000173,196,850,-654
122000174,372,1059,-687
122000175,107,50,57
122000176,186,957,-771
122000177,658,1549,-891
122000178,511,349,162
122000179,232,1218,-986
122000180,476,1209,-733
122000181,385,1429,-1044
122000182,188,203,-15
122000183,67,126,-59
122000184,734,967,-233
122000185,464,640,-176
122000186,147,364,-217
122000187,378,194,184
122000188,0,0,0
122000189,34,58,-24
122000190,280,371,-91
122000191,63,89,-26
122000192,73,14,59
122000193,100,300,-200
122000194,84,52,32
122000195,74,285,-211
122000196,66,84,-18
122000197,22,66,-44
122000198,64,238,-174
122000199,74,96,-22
122000200,145,147,-2
122000201,413,603,-190
122000202,228,487,-259
122000203,271,289,-18
122000204,328,433,-105
122000205,59,173,-114
122000206,471,617,-146
122000207,282,719,-437
122000208,445,290,155
122000209,442,100,342
122000210,215,227,-12
122000211,90,201,-111
122000212,135,128,7
122000213,76,291,-215
122000214,391,613,-222
122000215,1131,555,576
122000217,399,373,26
122000218,174,74,100
122000219,113,170,-57
122000220,34,279,-245
122000221,18,207,-189
122000222,50,27,23
122000223,85,140,-55
122000225,94,100,-6
122000226,54,377,-323
122000227,21,217,-196
122000228,42,81,-39
122000229,4,150,-146
122000230,1,111,-110
122000231,13,115,-102
122000232,86,101,-15
122000233,0,14,-14
122000234,124,22,102
122000235,162,20,142
122000236,171,9,162
122000237,5,2,3
122000238,45,105,-60
122000239,89,12,77
122000240,184,42,142
122000241,279,64,215
122000242,19,1,18
122000243,25,17,8
122000244,19,91,-72
122000245,29,2,27
122000246,46,113,-67
122000247,103,80,23
122000248,135,173,-38
122000249,191,162,29
122000250,146,175,-29
122000251,0,0,0
122000252,2,22,-20
122000253,0,0,0
122000254,24,7,17
122000255,54,253,-199
122000256,1,20,-19
122000257,2,18,-16
122000258,27,110,-83
122000259,3,100,-97
122000260,9,32,-23
122000261,10,61,-51
122000262,0,0,0
122000263,52,3,49
122000264,452,115,337
122000265,359,145,214
122000266,614,92,522
122000267,0,24,-24
122000268,38,18,20
122000269,62,57,5
122000270,7,3,4
122000271,0,0,0
122000272,0,0,0
122000273,4,1,3
122000274,6,10,-4
122000275,0,24,-24
122000276,207,215,-8
122000277,325,472,-147
122000278,253,61,192
122000279,33,5,28
122000280,124,16,108
122000281,30,76,-46
122000282,9,272,-263
122000283,3,22,-19
122000284,8,10,-2
122000285,2,0,2
122000286,0,1,-1
122000287,897,432,465
122000288,106,38,68
122000291,878,327,551
122000293,26,41,-15
122000294,8,123,-115
122000295,322,20,302
122000296,82,437,-355
122000297,662,1609,-947
122000299,185,98,87
122000300,40,43,-3
122000301,430,1022,-592
122000302,206,659,-453
122000303,291,30,261
122000304,0,32,-32
122000305,520,70,450
122000306,5,158,-153
122000307,10,35,-25
122000309,0,0,0
122000310,1,18,-17
122000311,7,28,-21
122000312,48,75,-27
122000313,7,84,-77
122000314,113,170,-57
122000315,99,0,99
122000316,302,90,212
122000317,427,78,349
122000318,120,245,-125
122000319,6,138,-132
122000320,10,58,-48
122000321,4,43,-39
122000322,499,366,133
122000323,249,258,-9
122000324,182,643,-461
122000325,199,360,-161
122000326,10,2,8
122000327,35,241,-206
122000328,84,140,-56
122000330,242,452,-210
122000332,11,91,-80
122000333,5,15,-10
122000337,115,50,65
122000338,28,12,16
122000340,16,72,-56
122000342,148,192,-44
122000343,29,75,-46
122000344,51,0,51
122000345,8,13,-5
122000346,9,4,5
122000348,96,237,-141
122000349,5,53,-48
122000351,41,17,24
122000352,21,13,8
122000353,0,0,0
122000355,53,543,-490
122000356,66,101,-35
122000357,25,14,11
122000358,0,0,0
122000359,0,0,0
122000360,0,0,0
122000362,0,5,-5
122000364,53,23,30
122000365,1,15,-14
122000366,5,1,4
122000368,39,70,-31
122000370,0,1,-1
122000371,0,0,0
122000372,0,0,0
122000381,5,61,-56
122000382,0,11,-11
122000384,304,510,-206
122000385,31,0,31
122000386,15,461,-446
122000387,72,93,-21
122000388,102,444,-342
122000389,34,52,-18
122000390,27,210,-183
122000391,3,121,-118
122000392,26,8,18
122000393,0,25,-25
122000394,30,49,-19
122000395,51,35,16
122000396,44,3,41
122000397,0,0,0
122000398,28,121,-93
122000399,15,7,8
122000400,21,149,-128
122000401,20,13,7
122000402,111,41,70
122000403,9,7,2
122000404,53,27,26
122000408,186,288,-102
122000503,0,11,-11
122000524,0,0,0
122000544,0,43,-43
122000614,20,78,-58
122000616,0,0,0
122000640,15,16,-1
122000641,14,43,-29
122000642,277,106,171
122000643,11,131,-120
122000644,0,0,0
122000645,5,20,-15
122000651,110,543,-433
122000664,51,15,36
122000665,142,162,-20
122000666,45,149,-104
122000673,7,41,-34
122000674,95,107,-12
122000675,683,294,389
122000686,95,95,0
122000687,340,55,285
122000688,153,97,56
122000689,278,33,245
122000690,866,20,846
122000691,387,101,286
122000692,172,10,162
122000693,84,157,-73
122000695,6,1,5
122000696,143,48,95
122000698,1,0,1
122000699,82,30,52
122000701,247,55,192
122000702,97,225,-128
122000703,13,34,-21
122000712,0,0,0
122000717,0,60,-60
122000718,92,759,-667
122000719,1,27,-26
122000720,183,32,151
122000724,27,5,22
122900001,0,0,0
122900002,60,317,-257
122900003,11,0,11
122900004,0,0,0
122900005,0,0,0
122900006,0,0,0
122900007,0,0,0
122900008,0,0,0
122900009,0,0,0
122900010,5,4,1
122900012,4,24,-20
122900014,0,0,0
122900015,97,41,56
122900016,0,0,0
122900017,0,0,0
122900018,0,0,0
122900019,0,0,0
122900020,0,0,0
122900021,0,0,0
122900022,0,0,0
122900023,0,0,0
122900024,0,0,0
122900025,0,0,0
122900026,0,0,0
122900027,0,134,-134
122900028,0,0,0
122900029,2,0,2
122900030,0,0,0
122900031,1,55,-54
122900032,0,0,0
122900033,1,49,-48
122900034,19,70,-51
122900035,0,0,0
122900036,0,0,0
122900037,0,0,0
122900038,3,104,-101
122900039,1,11,-10
122900040,2,6,-4
122900041,15,35,-20
122900042,3,21,-18
122900043,8,28,-20
122900044,2,30,-28
122900045,4,31,-27
122900046,4,16,-12
122900047,0,1,-1
122900048,0,1,-1
122900049,0,0,0
122900051,0,1,-1
122900052,71,1,70
122900053,1,7,-6
122900055,5,0,5
122900057,2,0,2
122900061,0,0,0
122900062,0,0,0
122900063,0,0,0
122900064,0,0,0
122900065,0,0,0
122900066,0,0,0
122900067,3,1,2
122900069,0,0,0
122900070,92,7,85
122900071,0,0,0
122900073,0,0,0
122900074,252,1,251
122900075,0,0,0
122900076,0,0,0
122900077,0,0,0
122900078,135,1,134
122900080,0,0,0
122900081,18,0,18
122900082,316,0,316
122900083,0,0,0
122900084,0,0,0
122900086,0,0,0
122900087,54,0,54
122900088,0,2,-2
122900089,0,0,0
122900090,0,0,0
122900091,0,0,0
122900092,0,0,0
122900093,0,0,0
122900094,0,0,0
122900095,0,0,0
122900096,17,0,17
122900097,0,0,0
122900098,0,0,0
122900099,0,0,0
122900100,0,0,0
122900101,0,0,0
122900102,0,0,0
122900103,0,0,0
122900104,0,0,0
122900105,0,0,0
122900106,0,0,0
122900107,0,0,0
122900108,0,0,0
122900109,0,0,0
123000001,422,97,325
123000002,528,2168,-1640
123000003,863,849,14
123000004,868,1204,-336
123000005,1221,732,489
123000006,864,1035,-171
123000007,784,671,113
123000008,421,419,2
123000009,1422,1420,2
123000010,392,331,61
123000011,721,765,-44
123000012,36,77,-41
123000013,611,308,303
123000014,13,264,-251
123000015,841,598,243
123000016,75,170,-95
123000017,3295,1735,1560
123000018,121,71,50
123000019,169,10,159
123000020,80,3,77
123000021,111,77,34
123000022,637,203,434
123000023,1296,924,372
123000024,482,325,157
123000025,59,69,-10
123000026,7,56,-49
123000027,4,216,-212
123000028,358,1785,-1427
123000029,4,265,-261
123000030,18,53,-35
123000031,241,61,180
123000032,316,93,223
123000033,26,37,-11
123000034,407,371,36
123000035,63,240,-177
123000036,53,546,-493
123000037,5,16,-11
123000038,11,104,-93
123000039,342,893,-551
123000040,20,8,12
123000041,138,588,-450
123000042,32,53,-21
123000043,681,2786,-2105
123000044,699,314,385
123000045,136,77,59
123000046,82,380,-298
123000047,201,77,124
123000048,10,675,-665
123000049,2946,2568,378
123000050,292,463,-171
123000051,22,47,-25
123000052,193,549,-356
123000053,975,813,162
123000054,294,1134,-840
123000055,1295,1881,-586
123000056,83,300,-217
123000057,500,726,-226
123000058,95,225,-130
123000059,50,134,-84
123000060,131,76,55
123000061,45,117,-72
123000063,177,153,24
123000064,214,24,190
123000065,355,431,-76
123000066,118,128,-10
123000067,244,152,92
123000068,383,376,7
123000069,654,281,373
123000070,70,51,19
123000071,425,235,190
123000072,65,34,31
123000073,501,307,194
123000074,188,47,141
123000075,113,427,-314
123000076,64,118,-54
123000077,490,145,345
123000078,861,465,396
123000079,816,458,358
123000080,335,79,256
123000081,4,5,-1
123000082,75,103,-28
123000083,210,36,174
123000084,155,34,121
123000085,118,32,86
123000086,155,63,92
123000087,38,59,-21
123000088,391,77,314
123000089,280,209,71
123000090,0,0,0
123000091,370,282,88
123000092,0,0,0
123000094,167,13,154
123000095,187,131,56
123000096,242,70,172
123000097,242,52,190
123000098,191,68,123
123000099,160,98,62
123000100,67,444,-377
123000101,106,30,76
123000102,404,525,-121
123000104,140,115,25
123000105,7,6,1
123000106,121,81,40
123000107,5,6,-1
123000108,170,42,128
123000111,256,103,153
123000112,208,78,130
123000113,55,45,10
123000114,95,189,-94
123000115,22,78,-56
123000116,2,17,-15
123000117,459,295,164
123000118,111,139,-28
123000119,22,122,-100
123000120,64,110,-46
123000121,173,225,-52
123000122,0,0,0
123000123,270,129,141
123000124,0,0,0
123000125,317,338,-21
123000126,455,1525,-1070
123000127,60,164,-104
123000128,0,0,0
123000129,301,45,256
123000130,310,7,303
123000131,324,176,148
123000132,0,0,0
123000133,0,0,0
123000134,56,18,38
123000135,305,163,142
123000136,0,0,0
123000137,0,0,0
123000138,0,0,0
123000139,243,17,226
123000140,0,0,0
123000141,100,28,72
123000142,140,29,111
123000143,95,120,-25
123000144,2,0,2
123000145,33,137,-104
123000146,0,57,-57
123000147,7,23,-16
123000149,78,139,-61
123000150,17,37,-20
123000151,75,215,-140
123000152,2,23,-21
123000153,8,306,-298
123000154,201,563,-362
123000155,192,440,-248
123000156,1,11,-10
123000157,57,141,-84
123000158,212,247,-35
123000159,489,1189,-700
123000160,248,531,-283
123000161,367,193,174
123000162,389,451,-62
123000163,389,57,332
123000164,853,27,826
123000165,33,231,-198
123000166,2,3,-1
123000167,51,19,32
123000168,102,25,77
123000169,259,36,223
123000170,11,0,11
123000171,250,3,247
123000172,1,25,-24
123000173,272,32,240
123000174,220,66,154
123000175,4,45,-41
123000176,250,59,191
123000177,60,68,-8
123000178,340,55,285
123000179,1,78,-77
123000180,488,184,304
123000181,31,141,-110
123000183,30,84,-54
123000184,7,22,-15
123000186,0,0,0
123000187,333,5,328
123000188,163,0,163
123000189,114,50,64
123000190,86,29,57
123000192,0,54,-54
123000193,1,153,-152
123000194,26,52,-26
123000195,192,16,176
123000196,214,0,214
123000197,24,2,22
123000198,0,126,-126
123000199,0,67,-67
123000200,368,2,366
123000201,670,7,663
123000202,0,59,-59
123000203,619,27,592
123000204,11,99,-88
123000205,19,132,-113
123000206,1438,104,1334
123000207,32,95,-63
123000208,320,26,294
123000209,806,99,707
123000210,45,189,-144
123000211,89,258,-169
123000212,1881,119,1762
123000213,234,28,206
123000215,43,133,-90
123000216,34,230,-196
123000217,130,4,126
123000218,5,18,-13
123000219,193,48,145
123000220,177,17,160
123000221,20,11,9
123000222,112,79,33
123000223,159,51,108
123000224,117,73,44
123000225,135,18,117
123000226,102,3,99
123000227,25,4,21
123000228,125,11,114
123000229,143,98,45
123000232,2,26,-24
123000233,279,26,253
123000234,4,18,-14
123000235,228,48,180
123000236,19,47,-28
123000237,162,9,153
123000238,0,1,-1
123000239,93,91,2
123000240,7,178,-171
123000241,75,55,20
123000242,15,47,-32
123000243,85,86,-1
123000244,67,78,-11
123000245,0,0,0
123000249,0,0,0
123000252,299,98,201
123000253,447,303,144
123000254,123,99,24
123000255,112,205,-93
123000256,0,3,-3
123000257,173,156,17
123000258,336,157,179
123000259,239,181,58
123000260,278,67,211
123000261,43,59,-16
123000262,5,13,-8
123000263,109,32,77
123000264,108,30,78
123000265,4,13,-9
123000266,118,120,-2
123000267,90,89,1
123000268,0,5,-5
123000269,38,64,-26
123000270,29,57,-28
123000271,7,8,-1
123000272,273,99,174
123000273,131,586,-455
123000274,507,288,219
123000275,6,52,-46
123000278,282,553,-271
123000279,33,40,-7
123000280,110,53,57
123000281,61,53,8
123000282,10,167,-157
123000283,92,42,50
123000284,5,13,-8
123000286,81,234,-153
123000287,79,85,-6
123000288,324,343,-19
123000289,62,363,-301
123000291,2,7,-5
123000294,112,349,-237
123000295,352,1022,-670
123000296,486,849,-363
123000297,179,61,118
123000298,149,45,104
123000299,32,160,-128
123000300,508,219,289
123000301,42,35,7
123000302,142,27,115
123000303,39,459,-420
123000305,119,287,-168
123000306,43,3,40
123000309,25,7,18
123000310,42,6,36
123000311,0,0,0
123000312,210,133,77
123000313,400,173,227
123000315,297,41,256
123000316,510,49,461
123000317,40,48,-8
123000318,5,43,-38
123000329,1,1,0
123000337,134,157,-23
123000338,154,160,-6
123000339,86,17,69
123000340,23,65,-42
123000342,1,6,-5
123000343,16,0,16
123000344,172,80,92
123000345,74,81,-7
123000346,477,57,420
123000352,66,129,-63
123000353,9,14,-5
123000354,420,2,418
123000355,0,197,-197
123000356,140,1,139
123000357,0,1,-1
123000359,0,1,-1
123000360,68,106,-38
123000361,121,16,105
123000362,85,9,76
123000363,16,0,16
123000364,141,107,34
123000365,0,34,-34
123000366,60,356,-296
123000367,70,217,-147
123000370,12,3,9
123000371,118,3,115
123000372,40,1,39
123000373,0,16,-16
123000374,0,0,0
123000375,225,16,209
123000376,365,304,61
123000377,115,0,115
123000378,7,1,6
123000379,0,21,-21
123000380,0,0,0
123000381,8,44,-36
123000382,164,39,125
123000383,0,0,0
123000384,101,47,54
123000385,0,0,0
123000436,10,323,-313
123000507,33,86,-53
123000508,128,972,-844
123000517,33,1,32
123000518,14,54,-40
123000519,20,9,11
123000520,8,111,-103
123000521,61,34,27
123000522,72,118,-46
123000541,21,4,17
123000542,0,0,0
123000565,290,4,286
123000566,83,95,-12
123000567,55,43,12
123000573,1,11,-10
123000574,261,10,251
123000575,393,3,390
123000576,100,5,95
123000577,0,0,0
123000578,148,20,128
123000579,529,1681,-1152
123000580,32,30,2
123000582,120,1,119
123000583,38,5,33
123000584,63,50,13
123000585,0,0,0
123000586,42,2,40
123000596,49,27,22
123000597,100,115,-15
123000602,10,5,5
123000603,331,157,174
123000604,152,90,62
123000605,264,8,256
123000606,0,0,0
123000609,13,24,-11
123000610,10,34,-24
123000613,8,14,-6
123000614,101,23,78
123000615,2,7,-5
123000616,137,25,112
123000617,0,0,0
123000618,0,0,0
123000619,50,6,44
123000620,0,0,0
123000622,107,0,107
123000624,65,65,0
123000630,809,177,632
123000631,105,60,45
123000632,258,41,217
123000633,4,122,-118
123000634,11,29,-18
123000635,0,0,0
123000636,57,157,-100
123000637,25,0,25
123000638,67,128,-61
123000639,375,1161,-786
123000640,8,0,8
123000648,164,25,139
123000649,0,16,-16
123000650,244,122,122
123000651,31,25,6
123900001,0,0,0
123900002,0,0,0
123900003,0,0,0
123900005,0,0,0
123900006,0,0,0
124000001,547,119,428
124000002,0,122,-122
124000003,461,45,416
124000004,0,16,-16
124000005,530,295,235
124000006,0,29,-29
124000007,83,37,46
124000008,3,18,-15
124000009,453,68,385
124000010,64,9,55
124000011,398,63,335
124000012,2,3,-1
124000017,110,53,57
124000018,0,0,0
124000019,79,18,61
124000020,0,0,0
124000021,61,23,38
124000022,0,0,0
124000023,469,656,-187
124000024,193,79,114
124000025,358,742,-384
124000026,424,746,-322
124000027,2215,1044,1171
124000028,95,2582,-2487
124000030,408,111,297
124000031,403,1829,-1426
124000032,1,10,-9
124000033,382,347,35
124000034,31,42,-11
124000035,120,12,108
124000036,0,44,-44
124000037,58,186,-128
124000038,0,1,-1
124000039,40,18,22
124000040,36,37,-1
124000041,214,13,201
124000042,1,7,-6
124000043,47,36,11
124000044,0,10,-10
124000045,339,95,244
124000046,0,0,0
124000047,408,66,342
124000048,0,0,0
124000049,789,74,715
124000050,0,0,0
124000051,482,111,371
124000052,0,0,0
124000053,359,570,-211
124000054,0,0,0
124000055,794,826,-32
124000056,13,3,10
124000057,709,232,477
124000058,6,4,2
124000059,578,473,105
124000060,77,22,55
124000061,538,1475,-937
124000062,163,87,76
124000063,296,65,231
124000064,196,77,119
124000065,0,0,0
124000066,22,23,-1
124000067,12,23,-11
124000068,0,0,0
124000069,143,4,139
124000070,0,0,0
124000071,57,7,50
124000072,0,0,0
124000073,253,2,251
124000074,0,0,0
124000075,201,45,156
124000076,0,0,0
124000077,43,59,-16
124000078,341,285,56
124000079,0,79,-79
124000080,132,30,102
124000081,0,0,0
124000082,43,104,-61
124000083,1,0,1
124000084,11,237,-226
124000085,0,2,-2
124000086,20,102,-82
124000087,32,92,-60
124000088,39,117,-78
124000089,205,24,181
124000090,18,11,7
124000091,186,27,159
124000092,37,216,-179
124000093,51,59,-8
124000094,17,104,-87
124000095,70,8,62
124000096,34,52,-18
124000097,131,13,118
124000098,50,8,42
124000099,68,31,37
124000100,1,43,-42
124000101,127,45,82
124000102,68,5,63
124000103,134,63,71
124000104,48,5,43
124000105,171,36,135
124000106,29,16,13
124000107,16,228,-212
124000108,9,5,4
124000109,65,21,44
124000110,65,2,63
124000111,134,21,113
124000112,152,159,-7
124000113,53,33,20
124000114,100,112,-12
124000115,167,154,13
124000116,16,45,-29
124000117,7,19,-12
124000118,11,37,-26
124000119,231,114,117
124000120,150,19,131
124000121,515,202,313
124000122,18,191,-173
124000123,316,75,241
124000124,97,145,-48
124000125,203,81,122
124000126,102,104,-2
124000127,574,58,516
124000128,218,85,133
124000129,797,423,374
124000130,128,31,97
124000131,369,211,158
124000132,192,68,124
124000133,502,221,281
124000134,160,242,-82
124000135,497,542,-45
124000136,48,186,-138
124000137,252,296,-44
124000138,45,100,-55
124000139,219,16,203
124000140,51,94,-43
124000141,249,2,247
124000142,19,95,-76
124000143,10,6,4
124000144,4,4,0
124000145,30,8,22
124000146,14,6,8
124000148,2,16,-14
124000149,246,115,131
124000150,42,76,-34
124000151,196,175,21
124000152,56,77,-21
124000153,202,567,-365
124000154,13,43,-30
124000155,299,115,184
124000156,42,36,6
124000169,23,59,-36
124000170,68,103,-35
124000171,74,80,-6
124000172,78,49,29
124000173,125,46,79
124000174,154,87,67
124000175,0,0,0
124000176,1,42,-41
124000177,0,0,0
124000178,2,66,-64
124000185,3,1,2
124000186,6,8,-2
124000187,4,2,2
124000188,10,0,10
124000190,9,14,-5
124000191,4,69,-65
124000192,261,161,100
124000193,0,0,0
124000194,47,33,14
124000195,212,237,-25
124000196,149,55,94
124000197,43,12,31
124000198,55,34,21
124000201,3,0,3
124000202,236,12,224
124000203,47,0,47
124000204,439,13,426
124000205,40,2,38
124000206,646,140,506
124000207,0,0,0
124000209,69,2,67
124000210,435,88,347
124000211,385,1,384
124000212,0,0,0
124000213,49,0,49
124000214,205,8,197
124000215,249,19,230
124000216,0,0,0
124000329,9,56,-47
124000338,1,132,-131
124000339,573,17,556
124000341,486,3,483
124000344,15,0,15
124000357,686,963,-277
124000358,658,876,-218
124000359,805,262,543
124000360,365,243,122
124000361,799,477,322
124000362,0,0,0
124000363,0,0,0
124000364,0,0,0
124000365,28,101,-73
124000366,7,219,-212
124000367,10,8,2
124000368,101,244,-143
124000369,24,72,-48
124000370,0,0,0
124000402,2,3,-1
124000403,92,8,84
124000404,3,12,-9
124000405,542,94,448
124000406,146,128,18
124000407,0,6,-6
124000411,0,59,-59
124000412,106,1,105
124000413,4,20,-16
124000414,140,46,94
124000415,33,18,15
124000416,27,51,-24
124000417,86,70,16
124000418,162,23,139
124000419,78,24,54
124000420,102,11,91
124000421,84,11,73
124000422,5,11,-6
124000423,29,20,9
124000424,0,6,-6
124000425,22,1,21
124000426,0,4,-4
124000427,73,0,73
124000428,0,19,-19
124000429,57,11,46
124000430,142,73,69
124000431,44,19,25
124000432,74,203,-129
124000439,2,0,2
124000443,0,0,0
124000445,11,350,-339
124000446,6,58,-52
124000447,7,66,-59
124000448,27,2,25
124000449,53,0,53
124000450,0,8,-8
124000451,0,8,-8
124900001,0,0,0
124900002,0,0,0
124900003,0,0,0
124900004,0,0,0
124900005,0,0,0
124900006,0,0,0
124900008,0,0,0
124900009,0,0,0
124900010,0,0,0
124900011,0,0,0
124900012,0,0,0
124900013,0,0,0
124900014,0,0,0
124900015,4,22,-18
124900016,7,6,1
124900017,1,17,-16
124900018,1,0,1
124900020,8,11,-3
124900021,27,12,15
124900022,24,0,24
124900024,77,0,77
124900026,0,0,0
124900027,0,0,0
124900028,0,0,0
124900029,0,0,0
124900030,0,0,0
124900031,0,0,0
124900032,0,0,0
124900033,0,0,0
124900034,0,0,0
124900035,0,0,0
124900036,0,0,0
124900037,0,0,0
124900039,0,0,0
124900040,0,0,0
124900042,0,0,0
124900043,0,0,0
124900044,0,0,0
124900045,0,0,0
124900047,0,0,0
124900048,0,0,0
124900050,0,0,0
124900052,0,0,0
124900053,0,0,0
124900054,0,0,0
124900055,0,0,0
124900057,0,0,0
124900060,0,0,0
124900061,10,0,10
124900062,6,0,6
124900066,0,0,0
124900067,0,0,0
124900068,0,0,0
124900070,0,0,0
124900072,0,0,0
124900075,0,0,0
124900076,0,0,0
124900077,0,0,0
124900078,0,0,0
124900079,0,0,0
124900080,0,0,0
124900081,0,0,0
124900082,0,0,0
124900083,0,0,0
124900085,0,0,0
124900086,0,0,0
124900087,0,0,0
124900088,0,0,0
124900089,0,0,0
124900090,44,8,36
124900091,0,0,0
124900092,0,0,0
124900093,44,4,40
124900094,80,1,79
124900095,11,31,-20
124900096,17,2,15
124900097,75,2,73
124900098,0,0,0
124900099,0,0,0
124900100,42,1,41
124900101,59,1,58
124900102,65,1,64
124900103,0,0,0
124900104,0,0,0
124900105,0,0,0
124900106,23,3,20
124900107,3,2,1
124900108,0,0,0
124900111,0,0,0
124900112,0,0,0
124900113,0,0,0
124900114,0,0,0
124900115,0,0,0
124900116,41,59,-18
124900117,0,0,0
124900118,3,72,-69
124900119,0,0,0
124900120,0,0,0
124900121,0,0,0
124900122,0,0,0
124900123,0,0,0
124900124,0,0,0
204000001,104,2,102
204000002,10,1,9
204000003,19,3,16
204000004,5,0,5
204000005,330,413,-83
204000006,850,1266,-416
204000011,0,0,0
204000012,0,0,0
204000019,837,276,561
204000020,363,187,176
204000021,422,371,51
204000022,623,257,366
204000023,0,0,0
204000031,18,4,14
204000032,121,0,121
204000034,15,3,12
204000035,0,0,0
204000036,0,0,0
204000037,0,0,0
204000038,0,0,0
204000039,0,0,0
204000040,0,0,0
204000041,0,0,0
204000042,6,5,1
204000043,16,9,7
204000044,22,0,22
204000045,11,9,2
204000046,0,3,-3
204000057,0,0,0
204000062,0,0,0
204000068,0,0,0
204000069,0,0,0
204000070,70,49,21
204000080,0,0,0
204000085,0,0,0
204000086,0,0,0
204000087,6,11,-5
204000088,0,0,0
204000090,33,25,8
204000093,617,9,608
204000096,781,185,596
204000097,125,13,112
204000099,1072,1278,-206
204000100,1180,555,625
204000105,0,0,0
204000110,0,0,0
204000111,0,0,0
204000112,0,0,0
204000113,0,0,0
204000114,307,581,-274
204000115,281,170,111
204000116,129,143,-14
204000119,1432,570,862
204000132,527,240,287
204000133,524,59,465
204000134,109,25,84
204000135,574,28,546
204000136,233,98,135
204000138,102,473,-371
204000140,125,116,9
204000141,141,34,107
204000144,0,20,-20
204000145,63,4,59
204000146,0,0,0
204000147,7,1,6
204000148,93,10,83
204000154,2,0,2
204000155,0,0,0
204000177,68,9,59
204000179,11,4,7
204000180,0,1,-1
204000222,0,0,0
204000235,0,0,0
204000236,2,5,-3
204000238,15,4,11
204000240,78,1,77
204000263,0,0,0
204000268,499,172,327
204000308,27,3,24
204000317,0,0,0
204000322,0,0,0
204000323,19,1,18
204000328,245,8,237
204000329,5,12,-7
204000330,54,10,44
204000331,5,11,-6
205000001,0,0,0
205000013,0,0,0
205000014,0,0,0
205000015,0,0,0
205000016,0,0,0
205000017,0,0,0
205000022,0,0,0
205000025,0,0,0
205000029,88,16,72
205000045,0,0,0
205000046,0,0,0
205000047,0,0,0
205000048,0,0,0
205000049,0,0,0
205000050,0,0,0
205000059,0,0,0
205000060,0,0,0
205000061,0,0,0
205000062,0,0,0
205000063,0,0,0
205000064,0,0,0
205000065,0,0,0
205000066,0,0,0
205000067,0,0,0
205000069,98,28,70
205000082,121,87,34
205000110,0,0,0
205000111,0,0,0
205000112,79,133,-54
205000113,0,0,0
205000121,134,40,94
205000123,0,0,0
205000126,545,75,470
205000127,626,37,589
205000128,403,19,384
205000129,557,32,525
205000130,105,8,97
205000131,26,1,25
205000132,43,1,42
205000133,20,1,19
205000134,132,0,132
205000137,0,0,0
205000138,0,0,0
205000139,0,0,0
205000144,48,78,-30
205000145,122,41,81
205000151,40,36,4
205000152,52,26,26
205000153,127,27,100
205000154,36,33,3
205000155,82,2,80
205000207,0,0,0
205000233,15,1,14
205000234,0,0,0
205000243,0,0,0
205000244,0,0,0
205000245,0,0,0
205000249,0,0,0
205000250,0,1,-1
205000264,0,0,0
206000027,3,19,-16
206000028,2,2,0
206000043,0,27,-27
206000053,0,0,0
206000054,0,0,0
206000055,0,0,0
206000075,1,4,-3
206000076,4,3,1
206000077,8,0,8
206000078,1,1,0
206000079,9,0,9
206000082,74,24,50
206000100,0,121,-121
206000103,0,0,0
206000104,0,0,0
206000105,0,0,0
206000106,0,0,0
206000125,73,0,73
206000157,0,0,0
206000170,0,0,0
206000171,0,10,-10
206000172,0,21,-21
206000173,0,3,-3
206000174,2,2,0
206000175,0,2,-2
206000176,0,5,-5
206000177,0,4,-4
206000178,0,5,-5
206000179,0,3,-3
206000180,1,8,-7
206000181,0,14,-14
206000182,3,9,-6
206000183,13,36,-23
206000184,0,0,0
206000185,0,1,-1
206000186,0,13,-13
206000223,0,0,0
206000226,6,0,6
206000227,3,4,-1
206000237,0,6,-6
206000238,0,14,-14
206000239,8,73,-65
206000240,0,0,0
206000241,0,46,-46
206000242,0,2,-2
206000243,0,0,0
206000244,0,4,-4
206000245,396,22,374
206000246,221,24,197
206000247,118,2,116
206000248,199,4,195
206000252,3,17,-14
206000258,0,0,0
206000315,9,1,8
206000317,335,49,286
206000318,265,16,249
206000319,607,14,593
206000320,188,17,171
206000321,177,4,173
206000322,139,0,139
206000323,152,11,141
206000324,89,1,88
206000325,68,2,66
206000326,68,0,68
206000327,11,33,-22
206000328,72,0,72
206000329,235,2,233
206000330,10,2,8
206000331,145,0,145
206000332,20,1,19
206000333,490,2,488
206000334,195,0,195
206000335,0,0,0
206000361,0,0,0
206000392,0,0,0
206000405,68,0,68
206000441,21,30,-9
206000498,22,0,22
206000515,24,15,9
206000530,161,61,100
206000531,94,103,-9
206000532,250,78,172
206000535,3,249,-246
206000536,1,20,-19
206000537,0,6,-6
206000613,375,62,313
206000784,247,60,187
207000001,0,0,0
207000002,0,0,0
207000003,0,0,0
207000007,894,124,770
207000008,49,3,46
207000009,35,2,33
207000010,39,137,-98
207000012,298,63,235
207000015,40,219,-179
207000019,116,33,83
207000021,135,168,-33
207000022,146,88,58
207000023,133,32,101
207000024,3,8,-5
207000025,5,23,-18
207000026,0,0,0
207000027,0,0,0
207000028,0,0,0
207000029,0,0,0
207000033,114,169,-55
207000034,98,24,74
207000039,322,21,301
207000040,309,24,285
207000041,10,6,4
207000042,153,9,144
207000043,107,81,26
207000051,0,0,0
207000052,0,0,0
207000053,0,0,0
207000054,0,0,0
207000055,0,0,0
207000056,0,0,0
207000057,0,0,0
207000058,0,0,0
207000059,0,0,0
207000060,0,0,0
207000061,77,1001,-924
207000062,323,47,276
207000063,252,12,240
207000064,236,25,211
207000065,148,41,107
207000066,314,75,239
207000067,53,30,23
207000068,144,6,138
207000069,415,113,302
207000082,1,116,-115
207000083,17,109,-92
207000084,352,90,262
207000085,197,29,168
207000086,345,1,344
207000106,39,7,32
207000107,92,2,90
207000108,63,2,61
207000109,45,1,44
207000110,58,8,50
207000111,81,7,74
207000112,72,117,-45
207000114,0,0,0
207000115,0,0,0
207000116,0,0,0
207000117,0,0,0
207000118,0,0,0
207000119,0,0,0
207000123,110,2,108
207000124,90,23,67
207000125,45,1,44
207000126,50,2,48
207000134,134,86,48
207000135,22,256,-234
207000148,54,101,-47
207000149,0,0,0
207000152,0,0,0
207000153,0,0,0
207000154,200,61,139
207000159,0,0,0
207000160,0,0,0
207000238,0,0,0
207000242,0,0,0
207000248,0,0,0
207000249,0,0,0
207000250,0,0,0
207000251,0,0,0
207000252,0,0,0
207000278,99,89,10
207000279,0,0,0
207000280,710,35,675
207000281,43,113,-70
207000282,0,160,-160
207000283,0,2,-2
207000284,10,378,-368
207000285,4,58,-54
207000291,0,0,0
207000304,62,17,45
207000306,0,0,0
207000310,81,28,53
207000353,19,0,19
207000356,0,0,0
207000357,0,104,-104
207000358,0,18,-18
207000415,0,0,0
207000417,4,0,4
207000418,57,36,21
207000438,0,0,0
207000439,219,64,155
207000446,16,1,15
207000460,38,3,35
207000466,0,0,0
207000467,149,23,126
207000468,0,0,0
207000476,29,2,27
207000477,248,11,237
207000478,0,0,0
207000523,0,0,0
207000524,17,0,17
207000527,133,50,83
207000530,194,1,193
207000531,55,0,55
207000532,6,5,1
207000534,49,41,8
207000535,0,0,0
207000537,0,0,0
207000540,0,0,0
207000541,0,0,0
207000548,0,0,0
207000549,54,1,53
207000561,104,24,80
207000562,0,0,0
207000567,0,0,0
207000568,80,6,74
207000569,224,14,210
207000584,0,0,0
207000585,6,9,-3
207000587,307,0,307
207000616,0,0,0
207000617,114,0,114
207000624,3,2,1
207000631,1,6,-5
207900008,346,23,323
208000001,310,426,-116
208000002,338,402,-64
208000003,544,377,167
208000004,430,264,166
208000005,0,0,0
208000019,460,319,141
208000020,116,135,-19
208000021,15,84,-69
208000022,137,197,-60
208000028,68,577,-509
208000033,65,91,-26
208000034,91,254,-163
208000037,66,4,62
208000040,96,28,68
208000041,122,194,-72
208000042,299,247,52
208000047,0,2,-2
208000064,837,885,-48
208000066,527,1017,-490
208000070,210,187,23
208000071,314,118,196
208000072,326,205,121
208000080,144,144,0
208000081,191,40,151
208000082,3,1,2
208000083,5,2,3
208000084,9,52,-43
208000085,20,3,17
208000086,36,13,23
208000087,48,52,-4
208000089,0,0,0
208000090,0,0,0
208000093,0,0,0
208000094,31,107,-76
208000095,179,57,122
208000104,940,229,711
208000105,502,352,150
208000114,58,382,-324
208000115,188,289,-101
208000116,268,682,-414
208000117,15,69,-54
208000118,48,129,-81
208000155,59,86,-27
208000158,67,197,-130
208000186,465,915,-450
208000204,38,71,-33
208000205,61,41,20
208000282,38,74,-36
209000004,132,44,88
209000005,20,4,16
209000006,250,73,177
209000007,196,178,18
209000010,0,0,0
209000011,0,0,0
209000012,0,0,0
209000013,0,0,0
209000014,0,0,0
209000025,197,29,168
209000026,448,18,430
209000027,0,0,0
209000028,0,0,0
209000029,0,0,0
209000030,0,0,0
209000031,0,0,0
209000034,124,178,-54
209000035,138,210,-72
209000036,447,60,387
209000037,361,129,232
209000038,239,51,188
209000039,111,67,44
209000040,153,42,111
209000041,85,32,53
209000042,51,61,-10
209000043,101,50,51
209000044,169,100,69
209000045,375,50,325
209000046,238,65,173
209000047,258,24,234
209000048,805,178,627
209000049,0,0,0
209000050,0,0,0
209000051,0,0,0
209000052,0,0,0
209000062,0,0,0
209000063,0,0,0
209000064,0,0,0
209000065,172,47,125
209000066,110,38,72
209000067,149,41,108
209000080,0,0,0
209000082,22,9,13
209000091,0,0,0
209000093,0,0,0
209000094,0,0,0
209000110,17,109,-92
209000111,226,534,-308
209000112,403,108,295
209000113,481,115,366
209000114,283,232,51
209000115,0,0,0
209000116,0,0,0
209000118,2,123,-121
209000119,0,0,0
209000121,0,0,0
209000135,20,24,-4
209000142,246,360,-114
209000143,0,0,0
209000144,17,116,-99
209000229,214,10,204
209000240,0,0,0
209000259,0,0,0
209000260,0,0,0
209000261,0,0,0
209000262,0,0,0
209000263,0,0,0
209000264,0,0,0
209000265,91,0,91
209000266,24,0,24
209000267,590,1,589
209000268,465,48,417
210000037,83,5,78
210000047,34,1,33
210000048,34,18,16
210000049,28,0,28
210000052,0,0,0
210000053,0,0,0
210000054,0,0,0
210000070,108,14,94
210000071,83,0,83
210000072,19,0,19
210000073,0,0,0
210000074,0,0,0
210000075,0,0,0
210000076,0,0,0
210000077,0,0,0
210000078,0,0,0
210000079,21,3,18
210000080,28,44,-16
210000081,47,2,45
210000082,2,1,1
210000083,30,0,30
210000084,98,0,98
210000085,0,0,0
210000086,0,0,0
210000099,0,0,0
210000100,0,0,0
210000101,0,0,0
210000105,0,0,0
210000159,0,0,0
210000163,0,0,0
210000164,159,62,97
210000168,47,7,40
210000187,0,0,0
210000188,0,0,0
210000214,17,0,17
210000219,16,19,-3
210000220,43,40,3
210000232,0,0,0
210000233,0,0,0
210000234,0,0,0
210000235,0,0,0
210000245,0,0,0
210000246,21,8,13
210000258,0,0,0
210000259,97,1,96
210000282,0,0,0
210000285,0,0,0
210000286,0,0,0
210000290,0,7,-7
210000295,0,0,0
210000296,0,0,0
210000320,169,16,153
210000321,72,2,70
210000338,0,0,0
210000339,0,0,0
210000340,0,0,0
210000341,0,0,0
210000342,0,0,0
210000343,0,0,0
210000344,0,0,0
210000345,0,0,0
210000346,0,0,0
210000347,0,0,0
210000348,0,0,0
210000349,0,0,0
210000350,0,0,0
210000351,0,0,0
210000352,43,6,37
210000353,43,11,32
210000354,12,10,2
210000355,3,16,-13
210000356,1,43,-42
210000357,26,69,-43
210000358,36,89,-53
210000359,31,71,-40
210000360,113,69,44
210000361,110,54,56
210000362,105,55,50
210000363,291,71,220
210000364,160,38,122
210000365,88,20,68
210000366,141,19,122
210000367,19,4,15
210000368,49,29,20
210000369,20,28,-8
210000370,35,7,28
210000372,1,9,-8
210000373,4,29,-25
210000374,14,10,4
210000375,20,11,9
210000376,33,35,-2
210000404,0,0,0
210000439,68,14,54
210000472,37,4,33
210000482,26,24,2
210000564,204,44,160
210000567,0,15,-15
210000568,118,2,116
211000092,37,5,32
211000094,14,3,11
211000169,55,1,54
211000172,5,65,-60
211000209,0,3,-3
211000226,11,11,0
211000270,19,23,-4
211000275,2,3,-1
211000276,72,0,72
211000279,14,11,3
211000281,31,2,29
211000302,0,0,0
211507980,0,36,-36
211977296,2,0,2
212000003,166,6,160
212000004,0,0,0
212000005,0,0,0
212000006,0,0,0
212000008,0,0,0
212000009,0,0,0
212000012,0,0,0
212000013,0,0,0
212000014,0,0,0
212000015,0,0,0
212000016,0,0,0
212000027,536,106,430
212000028,195,156,39
212000029,93,248,-155
212000030,52,24,28
212000031,41,14,27
212000048,0,0,0
212000049,0,0,0
212000050,0,0,0
212000051,0,0,0
212000052,0,0,0
212000053,0,0,0
212000054,279,11,268
212000055,316,65,251
212000056,14,31,-17
212000057,1,18,-17
212000058,23,6,17
212000070,0,0,0
212000077,0,0,0
212000099,276,70,206
212000108,226,101,125
212000111,273,33,240
212000120,0,0,0
212000138,0,0,0
212000156,0,0,0
212000158,0,27,-27
212000159,519,24,495
212000160,511,72,439
212000161,111,37,74
212000310,0,0,0
212000311,10,67,-57
212000374,0,0,0
213000001,3,135,-132
213000005,192,13,179
213000006,287,46,241
213000007,25,6,19
213000009,111,124,-13
213000010,398,55,343
213000011,114,24,90
213000012,0,0,0
213000014,36,6,30
213000015,206,0,206
213000016,221,1,220
213000017,66,0,66
213000018,0,1,-1
213000019,0,3,-3
213000020,20,32,-12
213000021,1,6,-5
213000023,487,122,365
213000033,33,129,-96
213000034,382,93,289
213000035,183,224,-41
213000045,38,82,-44
213000046,33,13,20
213000047,23,617,-594
213000056,75,3,72
213000069,14,0,14
213000073,0,0,0
213000074,4,78,-74
213000075,294,0,294
213000076,2,0,2
213000085,0,0,0
213000086,0,0,0
213000091,187,0,187
213000092,19,0,19
213000099,0,236,-236
213000100,596,176,420
213000101,266,60,206
213000102,281,49,232
213000103,302,97,205
213000104,13,48,-35
213000105,0,42,-42
213000106,3,10,-7
213000107,26,13,13
213000108,2,40,-38
213000109,0,43,-43
213000110,0,27,-27
213000111,0,16,-16
213000112,0,58,-58
213000115,22,0,22
213000116,10,72,-62
213000117,0,86,-86
213000118,425,202,223
213000119,0,17,-17
213000120,2,11,-9
213000122,5,30,-25
213000123,1,66,-65
213000124,6,56,-50
213000125,99,22,77
213000126,2,7,-5
213000127,0,25,-25
213000128,7,113,-106
213000129,105,882,-777
213000130,509,417,92
213000132,294,138,156
213000133,556,73,483
213000134,902,4,898
213000136,425,8,417
213000137,354,46,308
213000139,102,4,98
213000147,10,3,7
213000148,2,1,1
213000149,2,0,2
213000150,0,0,0
213000151,0,0,0
213000152,0,0,0
213000153,0,0,0
213000154,0,0,0
213000155,0,0,0
213000156,0,0,0
213000157,0,0,0
213000158,47,116,-69
213000159,469,82,387
213000163,537,120,417
213000165,320,101,219
213000171,0,0,0
213000172,0,0,0
213000173,0,0,0
213000174,0,0,0
213000175,104,22,82
213000176,26,21,5
213000177,51,5,46
213000178,189,1,188
213000179,140,1,139
213000180,66,0,66
213000184,12,74,-62
213000188,249,7,242
213000189,358,13,345
213000190,136,11,125
213000191,420,1,419
213000192,132,6,126
213000193,0,0,0
213000194,0,0,0
213000195,0,0,0
213000196,0,0,0
213000197,488,277,211
213000198,6,0,6
213000200,55,17,38
213000201,0,31,-31
213000202,0,16,-16
213000203,778,251,527
213000204,585,17,568
213000205,259,20,239
213000206,525,8,517
213000207,7,2,5
213000208,2,0,2
213000209,63,0,63
213000210,58,0,58
213000211,0,0,0
213000212,0,0,0
213000213,0,0,0
213000218,195,250,-55
213000219,242,22,220
213000220,282,4,278
213000223,65,78,-13
213000224,0,16,-16
213000225,28,24,4
213000226,65,4,61
213000227,643,57,586
213000228,332,14,318
213000229,6,6,0
213000230,254,1,253
213000232,1,298,-297
213000233,0,0,0
213000234,0,0,0
213000293,0,0,0
213000294,56,4,52
213000295,0,4,-4
213000296,29,11,18
213000297,0,0,0
213000298,0,0,0
213000299,11,13,-2
213000300,1,4,-3
213000303,0,0,0
213000304,0,0,0
213000305,1,13,-12
213000306,0,0,0
213000307,5,26,-21
213000308,0,0,0
213000309,84,15,69
213000310,64,32,32
213000311,5,152,-147
213000315,0,0,0
213000316,112,16,96
213000322,17,8,9
213000323,25,10,15
213000324,13,6,7
213000325,16,18,-2
213000326,1,16,-15
213000327,15,26,-11
213000328,49,17,32
213000329,30,32,-2
213000340,1,15,-14
213000341,549,49,500
213000346,62,145,-83
213000347,111,200,-89
213000348,0,6,-6
213000349,0,4,-4
213000350,32,75,-43
213000366,0,61,-61
213000367,266,20,246
213000379,2,3,-1
213000386,6,17,-11
213000406,8,28,-20
213000417,627,149,478
213000425,119,28,91
213000426,92,45,47
213000427,28,13,15
213000428,26,10,16
213000429,0,5,-5
213000430,9,14,-5
213000431,0,1,-1
213000432,0,188,-188
213000433,0,9,-9
213000434,7,5,2
213000435,54,33,21
213000436,19,2,17
213000437,13,16,-3
213000438,36,8,28
213000439,0,9,-9
213000440,44,24,20
213000441,2,1,1
213000442,26,28,-2
213000443,216,155,61
213000444,7,13,-6
213000445,0,40,-40
213000446,1,85,-84
213000447,0,32,-32
213000448,1,5,-4
213000449,457,19,438
213000450,11,0,11
213000451,17,0,17
213000452,0,1,-1
213000453,0,0,0
213000455,33,24,9
213000456,0,13,-13
213000481,3,1,2
213000482,35,0,35
213000489,32,11,21
213000491,0,0,0
213000492,31,0,31
213000493,0,0,0
213000494,110,31,79
213000495,0,0,0
213000496,314,155,159
213000497,0,9,-9
213000498,4,12,-8
213000499,11,11,0
213000500,316,22,294
213000501,83,23,60
213000502,30,16,14
213000503,0,0,0
213000504,0,3,-3
213000505,5,0,5
213000506,0,0,0
213000507,0,6,-6
213900244,12,0,12
213900245,0,0,0
218000003,0,0,0
218000004,0,0,0
218000005,6,25,-19
218000006,48,6,42
218000007,10,7,3
218000012,22,31,-9
218000013,10,74,-64
218000014,22,43,-21
218000019,95,46,49
218000020,86,17,69
218000040,3,0,3
218000046,57,13,44
218000047,2,19,-17
218000048,40,18,22
218000049,28,20,8
218000050,113,38,75
218000051,13,79,-66
218000052,0,20,-20
218000053,0,2,-2
218000054,9,4,5
218000055,3,4,-1
218000056,3,4,-1
218000057,0,14,-14
218000064,0,15,-15
218000065,101,9,92
218000066,5,13,-8
218000067,18,30,-12
218000068,27,8,19
218000069,86,3,83
218000070,26,18,8
218000071,69,14,55
218000072,8,50,-42
218000078,70,13,57
218000079,211,34,177
218000080,106,27,79
218000081,296,28,268
218000082,85,39,46
218000083,0,0,0
218000084,0,0,0
218000085,0,0,0
218000086,0,0,0
218000087,0,0,0
218000090,11,27,-16
218000091,533,191,342
218000092,120,23,97
218000093,39,15,24
218000094,0,0,0
218000099,55,125,-70
218000100,26,87,-61
218000101,52,47,5
218000102,116,24,92
218000103,8,0,8
218000104,24,0,24
218000105,0,0,0
218000106,0,0,0
218000107,0,0,0
218000108,0,0,0
218000112,0,0,0
218000117,7,28,-21
218000134,27,13,14
218000135,0,17,-17
218000136,18,24,-6
218000137,7,31,-24
218000138,0,0,0
218000139,40,0,40
218000140,292,139,153
218000141,12,1,11
218000142,133,22,111
218000143,31,94,-63
218000144,7,57,-50
218000145,161,61,100
218000146,28,68,-40
218000151,0,4,-4
218000152,75,3,72
218000170,1,16,-15
218000171,5,1,4
218000172,4,1,3
218000173,0,1,-1
218000174,12,1,11
218000176,208,2,206
218000177,219,53,166
218000178,168,30,138
218000179,253,11,242
218000180,28,10,18
218000181,241,18,223
218000187,0,0,0
218000188,0,0,0
218000189,0,0,0
218000190,0,0,0
218000191,0,0,0
218000192,0,0,0
218000193,0,0,0
218000194,0,0,0
218000195,59,30,29
218000196,201,32,169
218000197,394,51,343
218000198,55,30,25
218000199,26,6,20
218000200,30,8,22
218000201,3,2,1
218000202,0,0,0
218000207,0,0,0
218000208,0,0,0
218000211,1,1,0
218000213,53,27,26
218000214,3,26,-23
218000215,11,28,-17
218000217,2,40,-38
218000218,157,161,-4
218000219,1,53,-52
218000220,21,165,-144
218000221,170,141,29
218000222,1,57,-56
218000223,37,278,-241
218000224,2,166,-164
218000225,136,30,106
218000226,101,6,95
218000232,0,1,-1
218000239,18,0,18
218000240,0,0,0
218000241,0,0,0
218000242,0,0,0
218000243,6,0,6
218000244,0,0,0
218000245,1,5,-4
218000246,0,3,-3
218000247,0,0,0
218000248,0,0,0
218000249,0,0,0
218000250,0,0,0
218000251,0,0,0
218000252,0,1,-1
218000253,0,0,0
218000254,0,0,0
218000255,0,1,-1
218000256,0,1,-1
218000267,0,0,0
218000268,0,0,0
218000269,0,0,0
218000270,0,0,0
218000271,0,0,0
218000273,31,13,18
218000274,17,0,17
218000275,9,14,-5
218000276,2,7,-5
218000278,2,2,0
218000279,24,4,20
218000280,0,2,-2
218000281,3,4,-1
218000282,94,297,-203
218000284,33,5,28
218000301,0,0,0
218000302,29,1,28
218000303,0,0,0
218000316,649,291,358
218000317,956,273,683
218000318,673,131,542
218000319,20,16,4
218000320,0,0,0
218000338,3,5,-2
218000345,0,0,0
218000346,39,71,-32
218000459,18,37,-19
218000490,0,0,0
218000501,72,23,49
218000502,0,0,0
218000503,34,6,28
218000504,99,15,84
218000505,0,0,0
218000506,0,0,0
218000508,0,0,0
218000510,45,28,17
218000520,122,92,30
218000521,3,29,-26
218000522,0,21,-21
218000523,26,37,-11
218000524,0,90,-90
218000525,20,18,2
218000526,1,40,-39
218000529,0,13,-13
218000531,28,0,28
218000532,0,0,0
218000534,75,19,56
218000537,1,58,-57
218000538,27,58,-31
218000540,0,0,0
218000543,26,2,24
218000544,0,0,0
218000545,31,27,4
218000546,0,0,0
218000547,12,38,-26
218000548,0,0,0
218000549,339,16,323
218000550,1,39,-38
218000551,1,108,-107
218000552,172,41,131
218000553,0,0,0
218000554,0,0,0
218000555,32,10,22
218000556,8,0,8
218000557,123,99,24
218000558,25,0,25
218000559,0,35,-35
218000560,0,12,-12
218000561,1,0,1
218000562,1,69,-68
218000563,76,16,60
218000564,0,33,-33
218000565,29,0,29
218000566,13,1,12
218000567,0,65,-65
218000568,0,0,0
218000569,0,44,-44
218000570,7,1,6
218000571,0,34,-34
218000572,21,1,20
218000573,0,73,-73
218000574,14,2,12
218000575,69,0,69
218000576,0,94,-94
218000577,4,0,4
218000578,2,47,-45
218000579,1,1,0
218000581,0,0,0
218000582,7,0,7
218000583,0,0,0
218000584,0,0,0
218000585,29,0,29
218000586,31,3,28
218000587,0,0,0
218000588,0,0,0
218000589,0,0,0
218000590,3,0,3
218000591,0,0,0
218000592,0,0,0
218000593,0,0,0
218000594,0,2,-2
218000597,0,12,-12
218000598,0,0,0
218000599,7,31,-24
218000600,0,0,0
218000601,0,11,-11
218000602,0,0,0
218000603,0,0,0
218000604,12,4,8
218000605,0,26,-26
218000606,58,0,58
218000607,2,37,-35
218000608,4,2,2
218000609,0,4,-4
218000610,39,0,39
218000611,6,0,6
218000612,0,0,0
218000613,34,0,34
218000614,0,2,-2
218000615,16,0,16
218000616,1,33,-32
218000617,12,0,12
218000618,0,2,-2
218000619,10,1,9
218000620,4,2,2
218000621,1,0,1
218000622,0,9,-9
218000623,18,0,18
218000624,0,24,-24
218000625,0,0,0
218000626,0,12,-12
218000628,110,32,78
218000631,28,7,21
218000632,0,23,-23
218000633,27,0,27
218000634,0,0,0
218000635,0,1,-1
218000636,30,28,2
218000637,415,46,369
218000638,287,19,268
218000639,3,21,-18
218000640,244,18,226
218000641,26,45,-19
218000652,17,20,-3
218000653,131,15,116
218000663,0,2,-2
218000675,6,26,-20
218000680,34,23,11
218000681,253,12,241
218000691,51,30,21
218000693,228,6,222
218000718,0,27,-27
218000719,1,58,-57
218000720,0,22,-22
218000721,0,2,-2
218001147,0,0,0
218001214,0,0,0
218001258,399,1,398
218001329,21,59,-38
218001330,1,4,-3
218001351,7,15,-8
218001352,0,0,0
218001353,1,4,-3
218001354,0,7,-7
218001355,0,0,0
218001356,312,40,272
218001357,0,0,0
218001358,229,2,227
218001361,614,33,581
218001362,0,0,0
219000001,0,0,0
219000002,0,0,0
219000003,25,21,4
219000004,18,60,-42
219000017,21,68,-47
219000020,124,10,114
219000022,88,0,88
219000023,45,0,45
219000029,0,0,0
219000034,36,44,-8
219000039,0,0,0
219000040,6,36,-30
219000041,105,47,58
219000051,0,0,0
219000052,0,0,0
219000053,0,0,0
219000054,0,0,0
219000055,149,0,149
219000056,1,0,1
219000057,19,0,19
219000062,0,0,0
219000063,53,0,53
219000064,0,0,0
219000110,134,133,1
219000111,48,37,11
219000112,155,10,145
219000113,125,11,114
219000114,68,21,47
219000116,42,12,30
219000117,141,13,128
219000118,15,32,-17
219000123,83,0,83
219000124,0,0,0
219000125,0,0,0
219000126,0,0,0
219000127,0,0,0
219000128,0,0,0
219000129,0,0,0
219000130,0,0,0
219000131,522,901,-379
219000133,5,55,-50
219000134,7,22,-15
219000135,7,15,-8
219000136,32,72,-40
219000138,89,4,85
219000139,17,0,17
219000140,51,0,51
219000141,18,0,18
219000142,14,0,14
219000143,0,0,0
219000145,5,7,-2
219000146,0,0,0
219000147,0,0,0
219000148,0,0,0
219000149,0,0,0
219000150,0,0,0
219000151,0,0,0
219000157,147,38,109
219000158,42,43,-1
219000161,46,3,43
219000163,109,177,-68
219000166,37,33,4
219000167,3,11,-8
219000168,113,54,59
219000174,249,42,207
219000175,74,0,74
219000176,65,11,54
219000177,50,2,48
219000178,73,0,73
219000179,10,31,-21
219000180,3,2,1
219000182,54,8,46
219000183,31,6,25
219000184,16,8,8
219000185,0,0,0
219000186,80,4,76
219000187,5,2,3
219000189,0,0,0
219000190,0,0,0
219000191,0,0,0
219000192,173,242,-69
219000193,0,0,0
219000195,0,0,0
219000196,0,0,0
219000198,0,0,0
219000199,0,0,0
219000200,0,0,0
219000201,0,0,0
219000203,0,0,0
219000204,0,0,0
219000205,0,0,0
219000207,0,0,0
219000209,0,0,0
219000210,0,0,0
219000213,0,0,0
219000239,0,0,0
219000240,0,0,0
219000241,0,0,0
219000242,0,0,0
219000243,0,0,0
219000244,0,0,0
219000245,0,0,0
219000246,35,8,27
219000247,167,47,120
219000248,246,209,37
219000249,58,135,-77
219000250,88,56,32
219000251,201,56,145
219000252,345,114,231
219000253,163,19,144
219000255,83,95,-12
219000256,146,64,82
219000257,151,0,151
219000262,0,0,0
219000263,0,0,0
219000267,0,0,0
219000268,0,0,0
219000269,0,0,0
219000270,40,0,40
219000271,102,2,100
219000278,0,0,0
219000279,0,0,0
219000283,0,0,0
219000295,0,0,0
219000296,0,0,0
219000297,0,0,0
219000298,0,0,0
219000299,188,1,187
219000300,0,0,0
219000301,0,0,0
219000302,0,0,0
219000307,0,0,0
219000308,4,15,-11
219000311,129,24,105
219000312,302,35,267
219000313,221,9,212
219000314,0,0,0
219000315,220,8,212
219000316,304,37,267
219000317,13,21,-8
219000320,0,0,0
219000321,0,0,0
219000323,0,0,0
219000325,0,0,0
219000326,0,0,0
219000327,0,0,0
219000328,0,0,0
219000329,87,74,13
219000330,1,17,-16
219000331,21,14,7
219000332,86,47,39
219000333,35,0,35
219000335,33,1,32
219000337,1,0,1
219000338,34,0,34
219000344,0,0,0
219000345,0,0,0
219000346,0,0,0
219000348,0,0,0
219000349,0,0,0
219000350,0,0,0
219000351,0,0,0
219000352,19,48,-29
219000353,86,65,21
219000354,152,60,92
219000355,114,49,65
219000356,261,715,-454
219000363,78,20,58
219000364,192,22,170
219000365,117,0,117
219000366,105,211,-106
219000368,75,395,-320
219000370,195,564,-369
219000371,0,0,0
219000382,3,3,0
219000383,0,0,0
219000385,0,0,0
219000386,0,0,0
219000387,0,0,0
219000390,1,2,-1
219000391,1,2,-1
219000397,0,0,0
219000398,38,14,24
219000401,0,0,0
219000402,0,0,0
219000403,0,0,0
219000404,0,0,0
219000407,0,0,0
219000409,53,27,26
219000410,35,16,19
219000411,30,1,29
219000446,0,0,0
219000447,0,0,0
219000448,4,4,0
219000452,32,10,22
219000453,0,0,0
219000454,101,354,-253
219000556,168,15,153
219000558,0,0,0
219000590,0,0,0
219000591,78,14,64
219000592,0,0,0
219000595,0,0,0
219000635,125,26,99
219000636,0,0,0
219000657,4,2,2
219000658,0,0,0
219000673,0,0,0
219000676,0,0,0
219000679,14,0,14
219000684,100,0,100
219000685,0,0,0
219000686,0,1,-1
219000688,0,0,0
219000689,0,0,0
219000690,105,1,104
219000691,2,0,2
219000692,34,6,28
219000693,0,0,0
219000694,2,0,2
219000695,28,1,27
219000698,7,0,7
219000699,0,0,0
219000727,0,0,0
219000728,33,0,33
219000770,3,1,2
219000771,0,0,0
219000788,0,0,0
219001150,1,28,-27
219001151,0,0,0
219001166,4,15,-11
219001167,0,0,0
219001178,60,1,59
220000001,0,23,-23
220000002,1,15,-14
220000003,0,0,0
220000004,0,0,0
220000005,0,0,0
220000006,0,0,0
220000007,0,0,0
220000008,0,0,0
220000009,37,103,-66
220000010,4,6,-2
220000011,33,295,-262
220000012,4,82,-78
220000014,0,0,0
220000015,20,214,-194
220000017,27,56,-29
220000018,613,155,458
220000019,226,444,-218
220000020,94,23,71
220000021,192,109,83
220000022,362,139,223
220000023,66,94,-28
220000024,232,195,37
220000025,227,678,-451
220000026,67,538,-471
220000027,20,44,-24
220000028,29,40,-11
220000029,0,0,0
220000030,0,0,0
220000031,128,241,-113
220000064,0,0,0
221000046,2,0,2
221000047,0,0,0
221000048,0,0,0
221000049,0,0,0
221000050,2,0,2
221000055,9,1,8
221000057,90,1,89
221000068,184,161,23
221000069,161,99,62
221000070,247,18,229
221000071,120,2,118
221000072,184,4,180
221000073,106,12,94
221000074,0,0,0
221000075,0,0,0
221000076,0,0,0
221000077,0,0,0
221000081,5,1,4
221000082,34,1,33
221000083,2,5,-3
221000084,2,2,0
221000085,6,0,6
221000086,0,0,0
221000087,0,0,0
221000088,0,0,0
221000089,0,0,0
221000090,0,0,0
221000098,123,6,117
221000099,175,9,166
221000100,126,2,124
221000101,161,6,155
221000102,146,4,142
221000109,0,0,0
221000110,0,0,0
221000111,0,0,0
221000112,0,0,0
221000113,0,0,0
221000114,0,0,0
221000120,25,4,21
221000121,0,8,-8
221000122,19,10,9
221000123,3,45,-42
221000124,14,72,-58
221000155,99,4,95
221000156,24,20,4
221000175,9,34,-25
221000176,0,14,-14
221000182,26,2,24
221000241,372,352,20
221000242,0,0,0
221000243,339,94,245
221000244,0,0,0
221000245,113,45,68
221000246,0,0,0
221000247,207,40,167
221000248,0,0,0
221000267,2,131,-129
221000325,48,7,41
221000331,0,5,-5
221000338,13,46,-33
221000378,236,30,206
221000381,21,25,-4
222000282,0,1,-1
222000296,0,12,-12
222000568,344,26,318
222000569,74,56,18
222000570,119,9,110
222000571,349,2,347
222000577,0,19,-19
222000578,1,46,-45
222000579,5,37,-32
222000580,1,210,-209
222000599,0,10,-10
222000600,0,20,-20
222000601,1,88,-87
222000603,9,7,2
222000604,4,23,-19
222000605,1,47,-46
222000606,0,9,-9
222000607,0,19,-19
222000608,2,1,1
222000609,1,6,-5
222000616,186,9,177
222000617,0,0,0
222000618,0,0,0
222000620,1,1,0
222000621,2,4,-2
222000623,201,0,201
222000624,268,1,267
222000625,336,1,335
222000636,46,0,46
222000686,3,0,3
222000687,0,4,-4
222001066,96,0,96
222001067,32,0,32
222001068,94,6,88
222001069,25,19,6
222001082,8,18,-10
222001083,9,18,-9
222001084,0,5,-5
222001085,0,26,-26
222001111,14,48,-34
222001112,141,6,135
222001313,0,20,-20
222001314,0,31,-31
222001464,141,23,118
222001465,8,6,2
222001484,75,20,55
222001485,0,1,-1
222001494,370,24,346
222001495,4,11,-7
222001496,380,16,364
222001497,43,39,4
222001502,0,0,0
222001503,32,3,29
222001504,0,0,0
222001505,185,11,174
222001506,0,0,0
222001507,35,4,31
222001510,374,3,371
222001511,0,0,0
222001514,200,39,161
222001515,0,0,0
222001518,210,26,184
222001519,0,0,0
222001527,35,17,18
222001528,0,0,0
222001529,245,6,239
222001530,0,0,0
222001533,0,0,0
222001534,281,3,278
222001535,145,44,101
222001536,3,38,-35
222001537,52,7,45
222001538,0,0,0
222001563,752,4,748
222001564,0,0,0
222001568,49,4,45
222001576,0,23,-23
222001579,0,1,-1
222001583,12,11,1
222001584,45,6,39
222001596,41,89,-48
222001597,488,79,409
222001626,0,14,-14
222001650,0,28,-28
222001651,50,62,-12
222001914,113,30,83
222001915,0,0,0
222001968,196,55,141
222001969,40,57,-17
222001970,58,39,19
222001971,72,2,70
222001972,0,0,0
225000001,199,64,135
225000002,379,86,293
225000003,422,40,382
225000004,302,38,264
225000005,14,24,-10
225000006,0,0,0
225000007,0,0,0
225000010,59,2,57
225000011,48,703,-655
225000012,92,494,-402
225000013,55,46,9
225000014,291,62,229
225000015,1,2,-1
225000021,136,21,115
225000027,0,0,0
225000032,188,37,151
225000042,0,3,-3
225000049,0,0,0
225000050,38,9,29
225000053,0,0,0
225000058,328,47,281
225000067,0,0,0
225000068,0,0,0
225000069,0,0,0
225000070,0,0,0
225000071,0,0,0
225000075,0,0,0
225000076,0,0,0
225000078,16,21,-5
225000085,72,12,60
225000086,192,8,184
225000087,74,3,71
225000088,0,0,0
225000089,0,0,0
225000090,0,0,0
225000091,0,0,0
225000092,0,0,0
225000093,0,0,0
225000094,0,0,0
225000095,0,0,0
225000096,0,0,0
225000098,251,96,155
225000099,427,42,385
225000100,430,90,340
225000104,1,3,-2
225000110,0,1,-1
225000111,2,0,2
225000112,7,3,4
225000113,2,3,-1
225000114,0,7,-7
225000115,9,7,2
225000116,220,57,163
225000117,363,215,148
225000118,677,220,457
225000119,73,16,57
225000120,227,4,223
225000121,99,13,86
225000123,617,11,606
225000125,287,80,207
225000126,489,95,394
225000127,535,1042,-507
225000128,300,766,-466
225000132,292,33,259
225000133,170,8,162
225000134,305,108,197
225000135,68,4,64
225000136,243,2,241
225000137,242,22,220
225000138,484,10,474
225000143,0,0,0
225000144,0,0,0
225000145,21,46,-25
225000146,0,0,0
225000147,0,0,0
225000148,0,0,0
225000149,0,0,0
225000151,0,0,0
225000155,0,0,0
225000156,0,7,-7
225000157,1,6,-5
225000158,0,0,0
225000171,0,0,0
225000180,21,0,21
225000181,0,0,0
225000182,15,4,11
225000185,0,1,-1
225000187,0,2,-2
225000191,11,0,11
225000194,0,0,0
225000208,0,0,0
225000209,61,3,58
225000210,0,0,0
225000217,0,0,0
225000218,29,0,29
225000223,0,0,0
225000224,4,0,4
225000225,0,0,0
225000226,94,0,94
225000227,0,0,0
225000228,3,29,-26
225000229,0,0,0
225000230,0,0,0
225000231,0,0,0
225000232,64,0,64
225000241,23,0,23
225000242,0,0,0
225000249,27,0,27
225000250,0,0,0
225000251,287,29,258
226000042,0,0,0
226000043,0,0,0
226000044,0,0,0
226000045,0,0,0
226000046,376,26,350
226000047,144,22,122
226000048,255,21,234
226000049,161,59,102
226000070,0,0,0
226000071,0,0,0
226000072,0,0,0
226000073,0,0,0
226000074,0,0,0
226000084,0,0,0
226000085,0,0,0
226000086,0,0,0
226000087,0,0,0
226000088,0,0,0
226000090,20,16,4
226000091,3,35,-32
226000092,0,31,-31
226000093,0,3,-3
226000094,9,4,5
226000095,14,15,-1
226000105,15,0,15
226000106,0,0,0
226000107,9,0,9
226000108,2,0,2
226000109,31,0,31
226000124,78,12,66
226000134,232,220,12
226000135,525,191,334
226000136,230,116,114
226000137,0,0,0
226000138,0,0,0
226000139,0,0,0
226000156,106,3,103
226000157,128,2,126
226000163,0,0,0
226000202,0,0,0
226000231,300,2,298
226000232,11,0,11
227000033,287,22,265
227000036,424,3,421
227000037,270,10,260
227000038,42,6,36
227000049,0,0,0
227000050,0,0,0
227000055,30,0,30
227000056,2,0,2
227000084,0,0,0
227000085,0,0,0
227000088,24,0,24
227000089,9,1,8
227000090,24,0,24
227000091,28,10,18
227000093,23,0,23
227000094,3,0,3
227000130,0,0,0
227000131,0,0,0
227000132,0,0,0
227000133,0,0,0
227000134,0,0,0
227000152,0,0,0
227000153,0,0,0
227000155,0,0,0
227000156,0,0,0
227000165,0,0,0
227000196,186,4,182
227000199,348,11,337
227000230,0,0,0
227000232,258,7,251
227000242,0,0,0
227000243,289,21,268
227000245,0,0,0
227000246,0,0,0
227000247,424,20,404
227000248,93,48,45
227000249,0,0,0
227000250,131,132,-1
227000251,0,0,0
227000252,0,0,0
227000253,222,29,193
227000262,385,7,378
227000266,615,7,608
227000267,0,0,0
227000282,0,0,0
227000284,222,24,198
227000286,0,0,0
227000287,0,0,0
227000291,0,0,0
227000484,155,0,155
227000485,0,0,0
227000655,149,1,148
227000656,226,6,220
227000657,50,5,45
227000661,127,40,87
227000680,37,88,-51
229000265,20,4,16
229000296,0,18,-18
229000297,1,38,-37
229000298,5,23,-18
229000320,0,0,0
229000321,1,0,1
229000412,2,9,-7
229000414,10,6,4
229000415,2,0,2
229000416,0,0,0
229000417,0,1,-1
229000419,15,41,-26
229000440,95,6,89
229000442,4,0,4
229000443,0,0,0
229000444,0,9,-9
229000445,35,1,34
229000446,5,0,5
229000847,43,0,43
229000848,44,0,44
229000849,74,0,74
229000851,101,0,101
229000854,0,0,0
229000856,0,0,0
229000857,0,0,0
229000858,0,0,0
229000919,0,0,0
229000930,0,0,0
229000937,127,1,126
229000966,26,3,23
229000981,0,0,0
229000985,1,1,0
229000986,0,0,0
229000987,0,1,-1
229000988,0,0,0
229000989,5,1,4
229000990,0,0,0
229000991,0,0,0
229000992,14,0,14
229000993,57,16,41
229000998,1,7,-6
229000999,11,3,8
229001034,0,4,-4
229001035,1,1,0
229001037,18,1,17
229001042,3,1,2
229001047,0,10,-10
229001050,20,4,16
229001200,23,0,23
229001338,1,1,0
229001394,115,0,115
229001422,134,28,106
229001423,0,0,0
229001431,14,29,-15
229001432,0,0,0
229001444,57,3,54
229001445,13,27,-14
229001503,85,9,76
229001504,0,0,0
229001505,39,1,38
229001506,0,0,0
229001509,7,1,6
229001545,19,0,19
229001546,0,0,0
229001553,26,0,26
229001554,0,0,0
229001559,0,0,0
229001560,0,3,-3
229001630,42,0,42
229001631,0,12,-12
229001635,0,22,-22
229001636,0,0,0
229001658,0,0,0
229001659,19,0,19
229001660,0,0,0
229001661,0,5,-5
229001662,0,0,0
229001663,0,0,0
229002584,15,16,-1
229002831,60,32,28
229002841,0,7,-7
229002842,2,2,0
229002843,3,6,-3
229002844,21,27,-6
229002845,0,15,-15
229002846,3,11,-8
229002847,0,2,-2
229002848,10,0,10
229002849,0,9,-9
229002850,0,0,0
229002851,3,39,-36
229002852,53,5,48
229002853,28,2,26
229002854,3,0,3
229002855,0,0,0
229002856,1,1,0
229002857,4,1,3
229002858,0,0,0
229002859,0,0,0
229002860,4,1,3
229002861,18,4,14
229002862,2,1,1
229002863,0,1,-1
229002864,5,20,-15
229002865,0,15,-15
229002866,25,11,14
229002867,0,3,-3
229002868,2,0,2
229002869,0,6,-6
229002870,9,0,9
235000066,42,20,22
235000067,68,47,21
235000072,0,0,0
235000073,0,0,0
235000074,0,0,0
235000080,0,0,0
235000081,0,0,0
235000082,117,0,117
235000083,18,4,14
235000084,25,17,8
235000085,133,19,114
235000089,1,9,-8
235000092,0,0,0
235000093,0,0,0
235000097,1,0,1
235000098,23,0,23
235000099,0,22,-22
235000116,2,5,-3
235000117,211,2,209
235000133,0,0,0
235000134,0,0,0
235000206,1,1,0
235000207,0,1,-1
235000208,0,3,-3
235000209,3,2,1
235000210,10,4,6
235000212,0,0,0
235000213,0,0,0
235000220,0,0,0
235000221,0,0,0
235000238,0,176,-176
235000239,0,11,-11
235000242,99,655,-556
235000245,0,0,0
235000246,0,0,0
235000284,0,0,0
235000295,10,0,10
235000305,112,1,111
235000306,117,1,116
235000307,0,0,0
235000308,10,0,10
235000309,30,0,30
235000310,29,0,29
235000311,21,0,21
235000322,0,0,0
235000323,0,0,0
235000324,0,0,0
235000325,0,0,0
235000326,0,1,-1
235000351,0,1,-1
235000352,0,0,0
235000353,0,0,0
235000354,0,0,0
235000355,0,0,0
235000356,14,0,14
235000357,20,0,20
235000358,1,0,1
235000359,0,2,-2
235000360,2,0,2
235000361,20,3,17
235000381,0,0,0
235000382,61,6,55
235000390,4,1,3
235000391,93,2,91
235000392,119,70,49
235000393,59,66,-7
235000395,107,20,87
235000396,267,26,241
235000400,24,4,20
235000401,0,0,0
235000405,0,0,0
235000406,0,0,0
235000407,0,0,0
235000409,0,0,0
235000410,0,0,0
235000411,0,0,0
235000485,0,0,0
235000486,2,0,2
235000549,43,18,25
235000550,0,0,0
235000599,0,0,0
235000600,0,0,0
235000601,4,2,2
235000602,37,2,35
235000614,0,0,0
235000648,0,0,0
235000649,51,1,50
235000685,0,0,0
235000815,0,1,-1
235000834,0,0,0
235000855,13,15,-2
235000862,0,0,0
235000891,0,0,0
235000892,2,0,2
235000901,0,0,0
235000907,0,0,0
235001010,13,3,10
235001029,0,0,0
235001030,156,16,140
235001078,100,31,69
235001079,0,0,0
235001147,4,6,-2
235001166,3,21,-18
235001167,0,0,0
235001169,0,1,-1
235001188,0,0,0
235001189,9,2,7
235001197,0,0,0
235001200,0,0,0
235001207,242,3,239
235001210,0,0,0
235001215,0,0,0
235001239,0,0,0
235001244,0,1,-1
235016267,0,0,0
277102712,0,0,0
277103813,0,0,0
277103814,0,0,0
277104249,0,0,0
277104250,0,33,-33
277104251,0,0,0
277104252,0,2,-2
990011530,0,0,0
990014944,0,32,-32
990015176,22,0,22
990015618,0,2,-2
990016032,0,0,0
990032570,0,5,-5
990070001,36,4,32
990070103,0,0,0
990070601,0,2,-2
990070751,878,6,872
990070766,0,0,0
990071180,552,1,551
990071343,11,0,11
990071387,0,0,0
990071823,65,0,65
990072600,0,17,-17
990072964,0,1,-1
990073285,0,1,-1
990074393,0,101,-101
990074870,651,3,648
990075106,227,0,227
990075746,386,6,380
990076437,1012,2,1010
990076458,0,0,0
997000007,128,5,123
997000041,1,21,-20
997000058,36,0,36
997000062,24,0,24
997000069,0,0,0
997000070,0,0,0
997000100,65,0,65
997000141,0,0,0
997000198,0,0,0
998000475,0,0,0
998000736,0,2,-2
998000965,0,7,-7
998001031,0,2,-2
998001700,0,0,0
998001899,0,0,0
998001900,12,43,-31
998003073,414,9,405
998101900,0,8,-8
998102850,0,0,0
998501927,141,24,117
998501929,48,3,45
998501930,59,0,59
998501931,50,3,47
998501932,3,1,2
998501933,102,1,101
998501937,14,0,14
998501944,2,0,2
998501950,0,0,0
998501970,40,3,37
998501971,0,26,-26
998501973,0,0,0
998501974,0,51,-51
998501975,300,10,290
998501976,103,28,75
998501977,0,3,-3
998501978,2,0,2
998501979,0,0,0
998501980,23,15,8
998501981,47,0,47
998501982,0,0,0
998501983,0,0,0
998502006,0,0,0
998502024,0,3,-3
998502032,0,0,0
998502062,2,0,2
998502063,0,0,0
998502173,13,1,12
998502269,0,0,0
998502546,0,27,-27
998502578,0,0,0
998502599,0,0,0
998502621,0,13,-13
998601159,0,1,-1
998601292,0,0,0
999033574,0,0,0
999800001,12,0,12
999800002,0,0,0
999800003,6,1,5
999800004,0,6,-6
999800005,0,0,0
