dong,insum,outsum,diff
강남구 개포1동,1695,1213,482
강남구 개포2동,24638,16658,7980
강남구 개포4동,9929,7872,2057
강남구 논현1동,28992,27732,1260
강남구 논현2동,18617,19641,-1024
강남구 대치1동,19271,24417,-5146
강남구 대치2동,30614,29357,1257
강남구 대치4동,27517,25246,2271
강남구 도곡1동,19387,17224,2163
강남구 도곡2동,7096,6903,193
강남구 삼성1동,32336,27533,4803
강남구 삼성2동,17004,14387,2617
강남구 세곡동,25670,21047,4623
강남구 수서동,17144,16141,1003
강남구 신사동,20794,22512,-1718
강남구 압구정동,37801,32897,4904
강남구 역삼1동,65660,52784,12876
강남구 역삼2동,22004,20455,1549
강남구 일원1동,8396,7847,549
강남구 일원2동,3705,2821,884
강남구 일원본동,11466,11152,314
강남구 청담동,27577,24844,2733
강동구 강일동,13067,10669,2398
강동구 고덕제1동,5400,5717,-317
강동구 고덕제2동,8364,8863,-499
강동구 길동,11449,10730,719
강동구 둔촌제1동,234,254,-20
강동구 둔촌제2동,8303,7849,454
강동구 명일제1동,13212,12191,1021
강동구 명일제2동,10963,9307,1656
강동구 상일동,13419,12430,989
강동구 성내제1동,8163,6316,1847
강동구 성내제2동,7057,8918,-1861
강동구 성내제3동,9707,9530,177
강동구 암사제1동,8909,7201,1708
강동구 암사제2동,2717,4107,-1390
강동구 암사제3동,1758,832,926
강동구 천호제1동,4236,5778,-1542
강동구 천호제2동,16600,17602,-1002
강동구 천호제3동,6555,7923,-1368
강북구 미아동,18931,16482,2449
강북구 번1동,30968,32367,-1399
강북구 번2동,10495,10047,448
강북구 번3동,16647,14919,1728
강북구 삼각산동,6219,7074,-855
강북구 삼양동,17024,14542,2482
강북구 송중동,54405,54490,-85
강북구 송천동,26472,28805,-2333
강북구 수유1동,19395,16882,2513
강북구 수유2동,11647,10403,1244
강북구 수유3동,30157,36472,-6315
강북구 우이동,17412,12699,4713
강북구 월곡제1동,2124,2120,4
강북구 인수동,14639,13316,1323
강서구 가양제1동,14861,10843,4018
강서구 가양제2동,2995,2710,285
강서구 가양제3동,3139,2715,424
강서구 공항동,12401,11416,985
강서구 등촌제1동,15546,17632,-2086
강서구 등촌제2동,8273,6814,1459
강서구 등촌제3동,20450,21483,-1033
강서구 발산제1동,26474,23957,2517
강서구 방화제1동,11306,12172,-866
강서구 방화제2동,8165,8245,-80
강서구 방화제3동,2511,1787,724
강서구 염창동,9433,8750,683
강서구 우장산동,15379,17477,-2098
강서구 화곡본동,8768,8299,469
강서구 화곡제1동,27423,29393,-1970
강서구 화곡제2동,6845,6278,567
강서구 화곡제3동,9297,10001,-704
강서구 화곡제4동,7882,7355,527
강서구 화곡제6동,20675,16546,4129
강서구 화곡제8동,12547,11344,1203
관악구 낙성대동,23313,35928,-12615
관악구 난곡동,14180,10700,3480
관악구 난향동,7734,6384,1350
관악구 남현동,10029,11350,-1321
관악구 대학동,31578,23443,8135
관악구 미성동,18593,18590,3
관악구 보라매동,16194,15916,278
관악구 삼성동,16071,18941,-2870
관악구 서림동,19383,11167,8216
관악구 서원동,30448,35978,-5530
관악구 성현동,13384,12937,447
관악구 신림동,33153,33549,-396
관악구 신사동,9806,10252,-446
관악구 신원동,4362,4071,291
관악구 은천동,18378,18444,-66
관악구 인헌동,8832,8400,432
관악구 조원동,19170,26997,-7827
관악구 중앙동,6631,5181,1450
관악구 청룡동,22250,16810,5440
관악구 청림동,3794,3757,37
관악구 행운동,29842,26510,3332
광진구 광장동,5998,5168,830
광진구 구의제1동,10400,9591,809
광진구 구의제2동,11519,11173,346
광진구 구의제3동,8847,9934,-1087
광진구 군자동,12032,12593,-561
광진구 능동,8292,9354,-1062
광진구 자양제1동,3555,3359,196
광진구 자양제2동,16077,14592,1485
광진구 자양제3동,5353,4984,369
광진구 자양제4동,15344,16305,-961
광진구 중곡제1동,6366,4879,1487
광진구 중곡제2동,8760,8769,-9
광진구 중곡제3동,7751,5742,2009
광진구 중곡제4동,6015,6195,-180
광진구 화양동,12919,15728,-2809
구로구 가리봉동,9077,9728,-651
구로구 개봉제1동,26231,25675,556
구로구 개봉제2동,15635,15536,99
구로구 개봉제3동,6264,6095,169
구로구 고척제1동,18143,16839,1304
구로구 고척제2동,16970,14256,2714
구로구 구로제1동,9569,7783,1786
구로구 구로제2동,29535,28301,1234
구로구 구로제3동,33902,29083,4819
구로구 구로제4동,18725,17271,1454
구로구 구로제5동,21556,20337,1219
구로구 수궁동,17689,17151,538
구로구 신도림동,23666,25502,-1836
구로구 오류제1동,11780,11654,126
구로구 오류제2동,10859,10124,735
구로구 항동,3765,3181,584
금천구 가산동,34017,30582,3435
금천구 독산제1동,29800,32175,-2375
금천구 독산제2동,13349,12707,642
금천구 독산제3동,18666,16441,2225
금천구 독산제4동,11003,8369,2634
금천구 미성동,279,246,33
금천구 시흥제1동,28756,32529,-3773
금천구 시흥제2동,11069,11106,-37
금천구 시흥제3동,8723,7461,1262
금천구 시흥제4동,8194,5699,2495
금천구 시흥제5동,17991,12813,5178
노원구 공릉1동,14874,15688,-814
노원구 공릉2동,18877,17179,1698
노원구 상계10동,9302,6706,2596
노원구 상계1동,13176,12381,795
노원구 상계2동,13542,19443,-5901
노원구 상계3.4동,3801,3744,57
노원구 상계5동,10140,9544,596
노원구 상계6.7동,21309,21907,-598
노원구 상계8동,5569,4308,1261
노원구 상계9동,8157,5400,2757
노원구 월계1동,29824,25945,3879
노원구 월계2동,13123,10539,2584
노원구 월계3동,11449,11925,-476
노원구 중계1동,9143,10312,-1169
노원구 중계2.3동,13177,14282,-1105
노원구 중계4동,7985,7617,368
노원구 중계본동,10686,9341,1345
노원구 하계1동,17217,13781,3436
노원구 하계2동,10267,10591,-324
도봉구 도봉제1동,15430,9899,5531
도봉구 도봉제2동,11252,12581,-1329
도봉구 방학제1동,15556,16120,-564
도봉구 방학제2동,6583,7363,-780
도봉구 방학제3동,12067,7826,4241
도봉구 쌍문제1동,11920,11228,692
도봉구 쌍문제2동,12095,12516,-421
도봉구 쌍문제3동,10424,12212,-1788
도봉구 쌍문제4동,7752,7108,644
도봉구 창제1동,19096,16797,2299
도봉구 창제2동,8154,9720,-1566
도봉구 창제3동,9670,8944,726
도봉구 창제4동,17019,18066,-1047
도봉구 창제5동,12501,13300,-799
동대문구 답십리제1동,13586,14801,-1215
동대문구 답십리제2동,15688,13258,2430
동대문구 면목제5동,971,205,766
동대문구 용신동,54718,52098,2620
동대문구 이문제1동,10490,11213,-723
동대문구 이문제2동,4805,4430,375
동대문구 장안제1동,23235,21947,1288
동대문구 장안제2동,17853,17316,537
동대문구 전농제1동,18566,22534,-3968
동대문구 전농제2동,14411,10497,3914
동대문구 제기동,40223,32757,7466
동대문구 청량리동,36773,36759,14
동대문구 회기동,13033,12231,802
동대문구 휘경제1동,21787,20148,1639
동대문구 휘경제2동,13617,12515,1102
동작구 노량진제1동,34798,39282,-4484
동작구 노량진제2동,19526,15242,4284
동작구 대방동,39395,33512,5883
동작구 사당제1동,11620,12746,-1126
동작구 사당제2동,20195,18477,1718
동작구 사당제3동,7058,7028,30
동작구 사당제4동,1900,1838,62
동작구 사당제5동,7219,6187,1032
동작구 상도제1동,37427,37057,370
동작구 상도제2동,18105,19226,-1121
동작구 상도제3동,13825,12859,966
동작구 상도제4동,12208,10340,1868
동작구 신대방제1동,7265,7737,-472
동작구 신대방제2동,22838,20165,2673
동작구 흑석동,26301,22132,4169
마포구 공덕동,13888,13828,60
마포구 대흥동,21606,20183,1423
마포구 도화동,7059,7180,-121
마포구 망원제1동,10738,9316,1422
마포구 망원제2동,6147,5661,486
마포구 상암동,37863,32938,4925
마포구 서강동,9319,9699,-380
마포구 서교동,71680,83982,-12302
마포구 성산제1동,11502,10643,859
마포구 성산제2동,21043,19483,1560
마포구 신수동,4806,4975,-169
마포구 아현동,20751,18399,2352
마포구 연남동,9869,9632,237
마포구 염리동,4300,3860,440
마포구 용강동,13600,11663,1937
마포구 합정동,12252,16687,-4435
서대문구 남가좌제1동,12132,10365,1767
서대문구 남가좌제2동,18249,16454,1795
서대문구 북가좌제1동,4924,7089,-2165
서대문구 북가좌제2동,15861,14760,1101
서대문구 북아현동,11947,12767,-820
서대문구 신촌동,70528,65269,5259
서대문구 연희동,44896,46264,-1368
서대문구 천연동,23542,20952,2590
서대문구 충현동,26514,26727,-213
서대문구 홍은제1동,16159,15364,795
서대문구 홍은제2동,29827,23303,6524
서대문구 홍제제1동,24413,24774,-361
서대문구 홍제제2동,12221,14166,-1945
서대문구 홍제제3동,13657,12563,1094
서초구 내곡동,12087,9602,2485
서초구 반포1동,20329,17116,3213
서초구 반포2동,7630,7008,622
서초구 반포3동,22725,20948,1777
서초구 반포4동,26338,30205,-3867
서초구 반포본동,10686,10238,448
서초구 방배1동,14541,14116,425
서초구 방배2동,15592,15631,-39
서초구 방배3동,14771,11137,3634
서초구 방배4동,14968,16188,-1220
서초구 방배본동,11372,10126,1246
서초구 서초1동,14985,14219,766
서초구 서초2동,26678,28855,-2177
서초구 서초3동,34313,32757,1556
서초구 서초4동,26142,28418,-2276
서초구 양재1동,49293,46486,2807
서초구 양재2동,25555,20418,5137
서초구 잠원동,15860,20269,-4409
성동구 금호1가동,7261,7135,126
성동구 금호2.3가동,12442,13373,-931
성동구 금호4가동,6847,6852,-5
성동구 마장동,9801,9662,139
성동구 사근동,6457,5478,979
성동구 성수1가제1동,7083,6561,522
성동구 성수1가제2동,4899,5594,-695
성동구 성수2가제1동,5836,5199,637
성동구 성수2가제3동,6654,6019,635
성동구 송정동,4790,3157,1633
성동구 옥수동,13268,12956,312
성동구 왕십리도선동,10904,9864,1040
성동구 왕십리제2동,8555,10698,-2143
성동구 용답동,8545,8290,255
성동구 응봉동,6751,6081,670
성동구 행당제1동,14618,15826,-1208
성동구 행당제2동,10965,9695,1270
성북구 길음제1동,19506,20735,-1229
성북구 길음제2동,14400,19254,-4854
성북구 돈암제1동,18029,15829,2200
성북구 돈암제2동,7695,6298,1397
성북구 동선동,24808,28323,-3515
성북구 보문동,9968,8688,1280
성북구 삼선동,34373,33759,614
성북구 석관동,10699,10913,-214
성북구 성북동,23529,22434,1095
성북구 안암동,14644,14003,641
성북구 월곡제1동,17124,17641,-517
성북구 월곡제2동,10192,9129,1063
성북구 장위제1동,11501,12373,-872
성북구 장위제2동,11239,9658,1581
성북구 장위제3동,7056,6100,956
성북구 정릉제1동,13095,14345,-1250
성북구 정릉제2동,18217,17494,723
성북구 정릉제3동,10896,7864,3032
성북구 정릉제4동,19233,18495,738
성북구 종암동,28398,25632,2766
송파구 가락1동,3738,3572,166
송파구 가락2동,14762,13443,1319
송파구 가락본동,15650,14416,1234
송파구 거여1동,3534,3689,-155
송파구 거여2동,1202,1028,174
송파구 마천1동,6109,4230,1879
송파구 마천2동,10099,10181,-82
송파구 문정1동,4892,5080,-188
송파구 문정2동,16608,19492,-2884
송파구 방이1동,6825,6089,736
송파구 방이2동,11762,14245,-2483
송파구 삼전동,12415,10544,1871
송파구 석촌동,17131,18654,-1523
송파구 송파1동,11561,13119,-1558
송파구 송파2동,5703,4678,1025
송파구 오금동,16321,13583,2738
송파구 오륜동,6975,6462,513
송파구 위례동,8839,9282,-443
송파구 잠실2동,3904,7844,-3940
송파구 잠실3동,30885,32236,-1351
송파구 잠실4동,1084,1030,54
송파구 잠실6동,13777,16952,-3175
송파구 잠실7동,5703,4595,1108
송파구 잠실본동,20313,18039,2274
송파구 장지동,10819,6835,3984
송파구 풍납1동,4798,3824,974
송파구 풍납2동,11109,9836,1273
양천구 목1동,32015,33089,-1074
양천구 목2동,18972,17458,1514
양천구 목3동,18320,17392,928
양천구 목4동,13902,12463,1439
양천구 목5동,19589,20291,-702
양천구 신월1동,5787,3234,2553
양천구 신월2동,6634,7720,-1086
양천구 신월3동,6503,5517,986
양천구 신월4동,6861,7984,-1123
양천구 신월5동,6729,6931,-202
양천구 신월6동,6919,4395,2524
양천구 신월7동,10513,10637,-124
양천구 신정1동,9507,11793,-2286
양천구 신정2동,5501,5027,474
양천구 신정3동,27244,21690,5554
양천구 신정4동,22180,22863,-683
양천구 신정6동,6860,5411,1449
양천구 신정7동,9329,7833,1496
영등포구 당산제1동,11626,11071,555
영등포구 당산제2동,22639,21778,861
영등포구 대림제1동,10401,8824,1577
영등포구 대림제2동,4344,5080,-736
영등포구 대림제3동,11191,10505,686
영등포구 도림동,7408,8637,-1229
영등포구 문래동,16587,17641,-1054
영등포구 신길제1동,8082,7084,998
영등포구 신길제3동,11359,10595,764
영등포구 신길제4동,3582,3344,238
영등포구 신길제5동,7851,7903,-52
영등포구 신길제6동,10232,10714,-482
영등포구 신길제7동,9131,9504,-373
영등포구 양평제1동,8986,7461,1525
영등포구 양평제2동,13679,10945,2734
영등포구 여의동,62753,50329,12424
영등포구 영등포동,50322,57189,-6867
영등포구 영등포본동,14532,15829,-1297
용산구 남영동,28233,27249,984
용산구 보광동,8726,6010,2716
용산구 서빙고동,9809,8733,1076
용산구 용문동,4556,3830,726
용산구 용산2가동,10813,11903,-1090
용산구 원효로제1동,11811,11192,619
용산구 원효로제2동,8434,6832,1602
용산구 이촌제1동,11992,11125,867
용산구 이촌제2동,4031,3141,890
용산구 이태원제1동,11664,11958,-294
용산구 이태원제2동,6913,6096,817
용산구 청파동,12508,12703,-195
용산구 필동,1638,887,751
용산구 한강로동,33356,36091,-2735
용산구 한남동,36797,35958,839
용산구 효창동,6489,6010,479
용산구 후암동,9877,8743,1134
은평구 갈현제1동,11598,9729,1869
은평구 갈현제2동,14637,12348,2289
은평구 구산동,13875,7677,6198
은평구 녹번동,21112,19817,1295
은평구 대조동,26573,34649,-8076
은평구 불광제1동,21707,21229,478
은평구 불광제2동,19065,19320,-255
은평구 수색동,8437,8076,361
은평구 신사제1동,13153,16104,-2951
은평구 신사제2동,13133,12359,774
은평구 역촌동,19610,15977,3633
은평구 응암제1동,20235,26349,-6114
은평구 응암제2동,8474,7469,1005
은평구 응암제3동,15023,14413,610
은평구 증산동,13831,13376,455
은평구 진관동,35584,32174,3410
종로구 가회동,2804,3193,-389
종로구 교남동,7264,5283,1981
종로구 무악동,4112,3973,139
종로구 부암동,15063,13141,1922
종로구 사직동,39689,41415,-1726
종로구 삼청동,5379,5976,-597
종로구 숭인제1동,1118,1749,-631
종로구 숭인제2동,15710,13941,1769
종로구 이화동,16511,17318,-807
종로구 종로1.2.3.4가동,110694,105928,4766
종로구 종로5.6가동,25217,21670,3547
종로구 창신제1동,15281,11605,3676
종로구 창신제2동,6156,7729,-1573
종로구 창신제3동,3686,3348,338
종로구 청운효자동,11868,10021,1847
종로구 충현동,2961,1276,1685
종로구 평창동,17140,12729,4411
종로구 혜화동,23489,25998,-2509
중구 광희동,21088,21081,7
중구 다산동,6578,6286,292
중구 동화동,1686,1645,41
중구 명동,30907,30277,630
중구 소공동,52329,42462,9867
중구 신당동,7177,5763,1414
중구 신당제5동,10109,8383,1726
중구 약수동,5271,4443,828
중구 을지로동,7761,8016,-255
중구 장충동,5224,4490,734
중구 중림동,7710,6317,1393
중구 청구동,4649,3609,1040
중구 필동,5384,4467,917
중구 황학동,7328,6537,791
중구 회현동,41277,40441,836
중랑구 망우본동,24101,19950,4151
중랑구 망우제3동,5644,5376,268
중랑구 면목본동,18397,19922,-1525
중랑구 면목제2동,6371,6323,48
중랑구 면목제3.8동,16260,14958,1302
중랑구 면목제4동,7234,6441,793
중랑구 면목제5동,6024,4914,1110
중랑구 면목제7동,5220,6104,-884
중랑구 묵제1동,12607,11743,864
중랑구 묵제2동,4276,3283,993
중랑구 상봉제1동,10493,10097,396
중랑구 상봉제2동,18870,20869,-1999
중랑구 신내1동,17625,18239,-614
중랑구 신내2동,16066,14046,2020
중랑구 중화제1동,5651,7505,-1854
중랑구 중화제2동,13107,13619,-512
NA,361796,345693,16103
