ID,insum,outsum,diff
100000001,938,1168,-230
100000002,3172,3160,12
100000003,6290,5661,629
100000004,1500,1495,5
100000005,2693,6280,-3587
100000006,614,205,409
100000007,1883,864,1019
100000008,148,652,-504
100000009,500,307,193
100000010,66,101,-35
100000011,1176,159,1017
100000012,109,955,-846
100000013,56,248,-192
100000014,318,372,-54
100000015,2089,2523,-434
100000016,926,1641,-715
100000017,619,1034,-415
100000018,1318,717,601
100000019,4217,2254,1963
100000020,2169,6676,-4507
100000021,5825,2764,3061
100000022,1592,3241,-1649
100000023,4113,2042,2071
100000025,1195,1850,-655
100000028,1442,1774,-332
100000029,240,495,-255
100000030,203,90,113
100000031,4343,6715,-2372
100000032,2227,4098,-1871
100000033,1033,2512,-1479
100000034,393,787,-394
100000035,1700,2168,-468
100000036,1857,1774,83
100000037,878,460,418
100000038,2587,1132,1455
100000039,549,333,216
100000040,270,208,62
100000041,1533,562,971
100000042,1363,577,786
100000043,996,472,524
100000044,371,926,-555
100000045,498,1744,-1246
100000046,701,924,-223
100000047,349,538,-189
100000048,480,556,-76
100000049,1635,1473,162
100000051,543,944,-401
100000053,240,5,235
100000054,619,66,553
100000055,1293,271,1022
100000056,625,470,155
100000057,2256,749,1507
100000058,1137,1249,-112
100000059,23,149,-126
100000060,485,361,124
100000061,2798,585,2213
100000062,2328,615,1713
100000063,983,282,701
100000064,1387,376,1011
100000065,494,782,-288
100000066,205,615,-410
100000067,535,683,-148
100000068,545,1666,-1121
100000069,273,1316,-1043
100000072,312,839,-527
100000073,1211,999,212
100000075,833,269,564
100000076,2117,3312,-1195
100000077,211,268,-57
100000078,49,42,7
100000079,49,75,-26
100000080,35,45,-10
100000081,177,198,-21
100000102,2974,2912,62
100000103,2684,2201,483
100000104,4460,3433,1027
100000105,2682,2191,491
100000106,2619,3063,-444
100000107,635,1384,-749
100000108,834,1372,-538
100000109,2120,1676,444
100000116,1196,1241,-45
100000117,80,132,-52
100000118,1210,1613,-403
100000119,586,807,-221
100000121,314,529,-215
100000122,865,1485,-620
100000123,2250,5008,-2758
100000124,4005,8388,-4383
100000125,4080,2159,1921
100000126,771,539,232
100000127,1451,467,984
100000128,1218,3234,-2016
100000129,460,591,-131
100000130,501,527,-26
100000131,1988,2900,-912
100000132,1273,3869,-2596
100000133,4120,2672,1448
100000135,738,1377,-639
100000139,390,426,-36
100000140,383,438,-55
100000142,595,636,-41
100000143,1534,570,964
100000144,2981,790,2191
100000147,1389,3671,-2282
100000150,77,389,-312
100000151,1219,1479,-260
100000153,338,504,-166
100000154,37,351,-314
100000155,27,59,-32
100000156,399,448,-49
100000157,170,161,9
100000158,301,130,171
100000159,252,783,-531
100000165,1465,1057,408
100000169,277,981,-704
100000174,591,855,-264
100000179,121,769,-648
100000180,1684,2323,-639
100000181,952,292,660
100000188,94,292,-198
100000189,1108,409,699
100000190,801,1074,-273
100000191,810,679,131
100000192,90,103,-13
100000193,306,202,104
100000330,1297,1019,278
100000355,283,707,-424
100000362,4168,2817,1351
100000363,5046,5174,-128
100000364,245,348,-103
100000365,6445,8003,-1558
100000366,5344,3329,2015
100000367,6008,7737,-1729
100000368,2337,1460,877
100000369,1282,2673,-1391
100000370,249,1131,-882
100000376,60,211,-151
100000379,2212,2288,-76
100000380,4404,5962,-1558
100000384,6283,7003,-720
100000385,4385,6044,-1659
100000386,7446,6797,649
100000387,5284,7253,-1969
100000388,7526,8285,-759
100000389,9317,8685,632
100000390,11437,8017,3420
100000391,7312,12282,-4970
100000392,3009,4716,-1707
100000393,2959,6589,-3630
100000394,7567,10585,-3018
100000395,6260,4962,1298
100000396,6802,4072,2730
100000397,5120,7830,-2710
100000398,10179,8191,1988
100000413,0,0,0
100900002,10,40,-30
100900003,435,188,247
100900004,22,958,-936
100900005,131,28,103
100900006,37,80,-43
100900007,408,31,377
100900008,6,434,-428
100900009,132,141,-9
100900010,96,49,47
100900011,178,203,-25
100900012,0,151,-151
100900013,1034,8,1026
100900014,9,18,-9
100900015,133,90,43
100900016,1,33,-32
100900017,1097,121,976
100900018,0,8,-8
100900019,36,129,-93
100900020,377,5,372
100900021,532,2,530
100900022,16,40,-24
100900023,0,22,-22
100900024,700,8,692
100900025,18,19,-1
100900026,206,117,89
100900027,692,2917,-2225
100900028,100,268,-168
100900029,47,13,34
100900030,0,114,-114
100900031,768,67,701
100900032,324,0,324
100900033,277,345,-68
100900034,804,3,801
100900035,423,2,421
100900036,15,5,10
100900037,132,177,-45
100900038,77,44,33
100900039,298,407,-109
100900040,504,480,24
100900041,906,517,389
100900042,1310,1730,-420
100900043,0,18,-18
100900044,1659,652,1007
100900045,28,24,4
100900046,1329,16,1313
100900047,802,271,531
100900048,209,45,164
100900049,87,161,-74
100900050,3,13,-10
100900051,67,144,-77
100900052,411,55,356
100900053,506,22,484
100900054,10,61,-51
100900055,368,794,-426
100900056,111,229,-118
100900057,1686,1089,597
100900058,383,71,312
100900059,161,11,150
100900060,262,8,254
100900061,407,195,212
100900062,9,30,-21
100900063,349,778,-429
100900064,745,32,713
100900065,129,137,-8
100900066,211,117,94
100900067,13,17,-4
100900068,187,126,61
100900069,311,4,307
100900070,484,11,473
100900071,743,217,526
100900072,1,28,-27
100900073,181,346,-165
100900074,1,10,-9
100900075,1766,440,1326
100900076,10,44,-34
100900077,41,62,-21
100900078,109,396,-287
100900079,4,21,-17
100900080,50,190,-140
100900081,53,198,-145
100900082,153,437,-284
100900083,8,23,-15
100900085,14,459,-445
100900086,149,641,-492
100900088,147,379,-232
100900089,1,7,-6
100900090,135,755,-620
100900091,10,28,-18
100900092,255,131,124
100900093,325,341,-16
100900094,220,391,-171
100900095,6,22,-16
100900096,30,159,-129
100900097,2,4,-2
100900098,20,24,-4
100900099,17,562,-545
100900100,21,607,-586
100900101,352,107,245
100900102,73,225,-152
100900103,15,12,3
100900104,4,251,-247
100900105,33,613,-580
100900106,34,5,29
100900107,2226,911,1315
100900108,4,90,-86
100900109,17,21,-4
100900110,2,26,-24
100900111,29,189,-160
100900112,8,9,-1
100900113,18,28,-10
100900114,9,16,-7
100900115,4,47,-43
100900116,951,716,235
100900117,333,1185,-852
100900118,277,111,166
100900119,14,21,-7
100900120,10,7,3
100900121,418,618,-200
100900122,147,166,-19
100900123,124,203,-79
100900124,14,9,5
100900125,24,91,-67
100900126,254,204,50
100900127,4,11,-7
100900128,89,214,-125
100900129,3,222,-219
100900131,112,272,-160
100900133,105,40,65
100900134,2,8,-6
100900135,2,252,-250
100900137,352,196,156
100900138,558,614,-56
100900139,4,5,-1
100900140,5,428,-423
100900141,3,670,-667
100900142,1,19,-18
100900143,687,541,146
100900144,30,9,21
100900145,80,219,-139
100900146,13,56,-43
100900147,14,871,-857
100900148,67,457,-390
100900149,17,352,-335
100900150,7,35,-28
100900151,128,530,-402
100900152,158,18,140
100900153,4,265,-261
100900154,25,151,-126
100900155,17,12,5
100900156,37,14,23
100900157,29,315,-286
100900159,4,39,-35
100900160,73,12,61
100900161,40,5,35
100900162,34,529,-495
100900163,153,159,-6
100900164,71,50,21
100900165,6,28,-22
100900166,28,5,23
100900167,17,99,-82
100900168,39,140,-101
100900169,100,936,-836
100900170,45,7,38
100900171,11,539,-528
100900172,0,40,-40
100900173,13,293,-280
100900174,435,62,373
100900176,1426,217,1209
100900177,625,342,283
100900178,272,170,102
100900179,409,493,-84
100900180,14,5,9
100900181,120,76,44
100900182,76,66,10
100900184,22,134,-112
100900186,655,433,222
100900187,14,75,-61
100900188,48,14,34
100900189,1527,306,1221
100900191,1063,1221,-158
100900192,267,419,-152
100900195,136,216,-80
100900197,8,51,-43
100900198,40,127,-87
100900199,10,27,-17
100900200,763,443,320
100900201,93,807,-714
100900202,68,1,67
100900203,10,120,-110
100900204,321,860,-539
100900205,178,668,-490
100900206,202,118,84
100900207,325,197,128
100900210,69,354,-285
100900211,649,203,446
100900213,174,91,83
100900214,574,164,410
100900215,18,50,-32
100900217,160,167,-7
101000001,3868,2664,1204
101000002,7011,7088,-77
101000003,545,1381,-836
101000004,7936,6851,1085
101000005,4673,5166,-493
101000006,7199,7253,-54
101000007,3783,4727,-944
101000008,2477,2510,-33
101000009,2539,1112,1427
101000010,1088,884,204
101000011,1584,596,988
101000012,1117,962,155
101000013,771,1397,-626
101000014,464,594,-130
101000015,1314,905,409
101000016,363,568,-205
101000017,640,548,92
101000018,2595,2801,-206
101000020,2512,1185,1327
101000021,812,498,314
101000022,264,130,134
101000023,1267,799,468
101000025,369,469,-100
101000026,208,45,163
101000027,2077,2852,-775
101000028,991,230,761
101000029,256,2097,-1841
101000030,2007,153,1854
101000031,1115,1225,-110
101000032,7521,5348,2173
101000033,2363,4243,-1880
101000034,1877,1994,-117
101000035,966,516,450
101000036,1766,1166,600
101000037,2478,2222,256
101000039,2310,3434,-1124
101000040,3132,4756,-1624
101000041,8559,9733,-1174
101000042,538,1618,-1080
101000043,6868,9666,-2798
101000045,1690,1123,567
101000046,3279,2057,1222
101000047,2434,4679,-2245
101000048,885,763,122
101000049,811,2319,-1508
101000050,2566,3077,-511
101000051,1809,3511,-1702
101000052,1744,1249,495
101000053,1388,1791,-403
101000054,2298,1324,974
101000055,1466,1553,-87
101000056,30,116,-86
101000057,1872,1482,390
101000058,1349,1441,-92
101000059,2250,2549,-299
101000060,1948,844,1104
101000061,828,1676,-848
101000062,741,879,-138
101000063,508,1067,-559
101000064,974,1152,-178
101000065,465,576,-111
101000066,1213,1082,131
101000067,1317,1218,99
101000068,293,544,-251
101000069,302,121,181
101000070,1025,1165,-140
101000071,2139,1103,1036
101000072,925,3340,-2415
101000073,935,1427,-492
101000074,4917,4629,288
101000075,4122,5750,-1628
101000077,1802,1504,298
101000078,993,1955,-962
101000079,694,454,240
101000080,543,650,-107
101000081,2022,1826,196
101000082,3174,2878,296
101000083,2899,2367,532
101000084,1376,851,525
101000085,1680,1258,422
101000086,1088,1198,-110
101000087,925,1042,-117
101000088,1517,1170,347
101000089,1281,1703,-422
101000090,2111,1191,920
101000091,559,670,-111
101000092,1190,928,262
101000093,1567,836,731
101000094,1276,1121,155
101000095,587,649,-62
101000096,385,462,-77
101000097,496,568,-72
101000098,491,652,-161
101000099,1080,1146,-66
101000100,987,1174,-187
101000101,383,475,-92
101000102,803,525,278
101000103,884,702,182
101000104,459,673,-214
101000105,361,616,-255
101000106,718,1306,-588
101000107,256,446,-190
101000108,759,283,476
101000109,524,96,428
101000110,74,382,-308
101000111,148,240,-92
101000113,271,757,-486
101000114,8652,8426,226
101000115,147,102,45
101000116,184,148,36
101000117,1831,363,1468
101000119,77,65,12
101000120,224,91,133
101000121,72,80,-8
101000122,142,151,-9
101000123,54,149,-95
101000124,526,263,263
101000125,213,422,-209
101000128,430,630,-200
101000130,231,367,-136
101000131,1041,535,506
101000132,861,886,-25
101000135,80,57,23
101000136,367,168,199
101000137,38,464,-426
101000141,1275,3798,-2523
101000147,946,414,532
101000148,866,42,824
101000149,142,210,-68
101000150,141,516,-375
101000151,328,46,282
101000152,285,268,17
101000153,467,259,208
101000154,353,867,-514
101000155,380,166,214
101000156,28,390,-362
101000157,71,45,26
101000160,45,61,-16
101000163,259,394,-135
101000164,363,270,93
101000165,296,349,-53
101000166,346,353,-7
101000168,971,404,567
101000252,2455,1065,1390
101000254,294,131,163
101000258,28,6,22
101000261,106,55,51
101000262,1311,3233,-1922
101000263,537,1629,-1092
101000265,107,835,-728
101000266,367,506,-139
101000269,28,32,-4
101000290,1231,2644,-1413
101000293,44,100,-56
101000294,897,522,375
101000295,172,403,-231
101000301,785,642,143
101000304,2193,3078,-885
101000305,3263,1582,1681
101000328,129,675,-546
101900001,37,33,4
101900002,0,18,-18
101900003,46,110,-64
101900004,7,60,-53
101900005,2867,2996,-129
101900006,1321,105,1216
101900007,952,278,674
101900008,88,371,-283
101900009,53,458,-405
101900010,852,837,15
101900011,317,1271,-954
101900012,425,256,169
101900013,849,205,644
101900017,14,155,-141
101900018,1231,270,961
101900019,230,115,115
101900020,117,77,40
101900021,2,40,-38
101900022,154,1024,-870
101900023,153,160,-7
101900026,110,46,64
101900027,38,121,-83
102000001,2915,4881,-1966
102000002,2579,1110,1469
102000003,3315,8327,-5012
102000004,5905,3061,2844
102000005,1428,2471,-1043
102000006,1063,1965,-902
102000007,1975,5202,-3227
102000008,4031,1603,2428
102000009,7322,9045,-1723
102000010,4657,3260,1397
102000011,3908,3475,433
102000012,3239,3072,167
102000018,3026,2885,141
102000019,2132,1633,499
102000026,257,574,-317
102000029,267,212,55
102000030,133,403,-270
102000031,103,151,-48
102000032,545,315,230
102000033,238,413,-175
102000034,630,515,115
102000035,1145,815,330
102000036,18,285,-267
102000037,120,48,72
102000038,197,356,-159
102000039,227,92,135
102000040,394,266,128
102000041,216,420,-204
102000042,210,379,-169
102000043,288,238,50
102000044,325,474,-149
102000045,742,865,-123
102000046,1191,651,540
102000047,913,947,-34
102000048,445,787,-342
102000049,1099,877,222
102000050,1143,1217,-74
102000051,479,704,-225
102000052,1266,739,527
102000053,978,933,45
102000054,873,1280,-407
102000055,1448,619,829
102000056,1157,969,188
102000057,1648,743,905
102000058,1243,1304,-61
102000059,1594,1454,140
102000060,1282,1178,104
102000061,2188,1947,241
102000062,2318,1183,1135
102000063,1311,1670,-359
102000064,594,707,-113
102000065,92,154,-62
102000066,890,1088,-198
102000067,2231,2948,-717
102000068,9257,2994,6263
102000069,86,2131,-2045
102000070,1344,39,1305
102000071,6517,8961,-2444
102000072,3016,4012,-996
102000073,1562,1149,413
102000074,768,1362,-594
102000075,143,329,-186
102000076,209,364,-155
102000077,755,620,135
102000078,792,589,203
102000079,190,248,-58
102000080,269,209,60
102000081,283,750,-467
102000082,769,352,417
102000083,779,296,483
102000084,443,283,160
102000085,2131,970,1161
102000086,1377,1127,250
102000087,1005,1577,-572
102000088,486,348,138
102000089,1638,458,1180
102000090,616,1186,-570
102000091,1365,725,640
102000092,403,724,-321
102000093,510,732,-222
102000094,903,765,138
102000095,1062,1297,-235
102000096,826,891,-65
102000097,904,993,-89
102000098,659,893,-234
102000099,940,1016,-76
102000100,547,1378,-831
102000101,902,881,21
102000102,280,1470,-1190
102000103,1555,495,1060
102000104,575,335,240
102000105,300,461,-161
102000106,977,522,455
102000107,1618,472,1146
102000108,735,165,570
102000109,531,496,35
102000110,1346,924,422
102000111,10,248,-238
102000112,156,120,36
102000113,22,27,-5
102000114,679,318,361
102000115,284,344,-60
102000116,368,445,-77
102000117,170,514,-344
102000118,1205,1455,-250
102000119,1405,909,496
102000120,289,522,-233
102000121,1315,605,710
102000122,971,973,-2
102000123,1372,1422,-50
102000124,1597,1230,367
102000125,967,1166,-199
102000126,792,784,8
102000127,1378,931,447
102000128,954,1049,-95
102000129,1539,826,713
102000130,835,927,-92
102000131,2500,1003,1497
102000132,1177,1472,-295
102000133,2379,1465,914
102000134,852,775,77
102000135,673,945,-272
102000136,1096,666,430
102000137,831,1024,-193
102000138,307,506,-199
102000139,101,529,-428
102000140,279,541,-262
102000141,387,741,-354
102000142,387,405,-18
102000143,211,364,-153
102000144,403,343,60
102000145,458,461,-3
102000146,397,325,72
102000147,598,483,115
102000148,228,457,-229
102000149,170,314,-144
102000150,543,154,389
102000151,98,217,-119
102000152,211,161,50
102000153,1241,572,669
102000154,213,469,-256
102000155,92,331,-239
102000156,322,148,174
102000157,99,356,-257
102000158,489,604,-115
102000159,773,490,283
102000161,3463,2192,1271
102000162,214,156,58
102000163,112,632,-520
102000164,902,1246,-344
102000165,351,173,178
102000166,58,171,-113
102000167,311,344,-33
102000168,355,206,149
102000169,156,513,-357
102000170,538,331,207
102000171,352,497,-145
102000172,323,649,-326
102000173,505,376,129
102000174,120,83,37
102000175,165,94,71
102000176,80,46,34
102000178,261,466,-205
102000179,391,318,73
102000180,907,471,436
102000181,942,475,467
102000182,659,555,104
102000183,1987,1516,471
102000184,2052,736,1316
102000185,3130,1062,2068
102000186,1494,1512,-18
102000187,1023,1126,-103
102000188,1161,1268,-107
102000189,2087,705,1382
102000190,656,2724,-2068
102000191,1294,509,785
102000192,1367,1668,-301
102000193,84,125,-41
102000194,70,130,-60
102000195,482,439,43
102000196,294,343,-49
102000197,849,328,521
102000198,185,620,-435
102000199,1160,310,850
102000200,392,792,-400
102000201,1294,460,834
102000202,36,153,-117
102000203,506,194,312
102000204,517,619,-102
102000205,1315,415,900
102000206,806,526,280
102000207,743,424,319
102000208,417,415,2
102000209,63,62,1
102000210,407,404,3
102000211,597,270,327
102000212,347,19,328
102000213,6,247,-241
102000214,331,10,321
102000215,16,301,-285
102000216,56,80,-24
102000217,11,82,-71
102000218,313,191,122
102000219,332,211,121
102000225,498,751,-253
102000226,3076,1410,1666
102000227,210,1,209
102000228,1,106,-105
102000229,57,89,-32
102000230,295,368,-73
102000231,452,423,29
102000232,33,160,-127
102000233,441,628,-187
102000234,128,1032,-904
102000236,283,93,190
102000237,414,150,264
102000238,176,272,-96
102000240,477,654,-177
102000241,213,126,87
102000243,16,67,-51
102000245,13,176,-163
102000246,11,37,-26
102000247,900,953,-53
102000248,649,1351,-702
102000249,128,112,16
102000250,85,345,-260
102000254,164,220,-56
102000266,48,372,-324
102000271,31,0,31
102000286,496,401,95
102000297,2101,1095,1006
102000299,0,0,0
102000301,0,0,0
102000305,0,0,0
102000307,0,8,-8
102900001,1346,767,579
102900002,370,39,331
102900003,120,197,-77
102900005,480,262,218
102900006,633,150,483
102900007,573,17,556
102900008,337,58,279
102900009,471,429,42
102900010,256,851,-595
102900011,1525,423,1102
102900012,433,92,341
102900013,37,70,-33
102900015,664,645,19
102900016,93,81,12
102900017,233,449,-216
102900018,34,117,-83
102900019,473,462,11
102900020,255,50,205
102900021,41,71,-30
102900022,495,170,325
102900023,29,42,-13
102900024,70,49,21
102900025,192,88,104
102900026,442,2145,-1703
102900027,97,54,43
102900028,179,814,-635
102900029,174,235,-61
102900030,420,369,51
102900031,194,182,12
102900032,116,119,-3
102900033,149,164,-15
102900034,598,83,515
102900035,207,290,-83
102900036,298,372,-74
102900037,314,389,-75
102900038,495,405,90
102900039,19,559,-540
102900040,125,324,-199
102900041,113,198,-85
102900042,239,292,-53
102900043,223,220,3
102900044,541,1644,-1103
102900045,177,503,-326
102900046,178,213,-35
102900047,166,573,-407
102900048,642,452,190
102900049,157,307,-150
102900050,230,295,-65
102900051,270,186,84
102900052,71,88,-17
102900053,424,621,-197
102900054,559,1186,-627
102900055,166,222,-56
102900056,93,416,-323
102900057,9,86,-77
102900058,365,85,280
102900059,27,80,-53
102900060,188,409,-221
102900061,191,327,-136
102900062,402,688,-286
102900063,1499,411,1088
102900064,161,418,-257
102900065,1243,473,770
102900066,432,36,396
102900068,134,74,60
102900070,315,596,-281
102900072,9,49,-40
102900073,133,7,126
102900075,20,100,-80
102900076,141,191,-50
102900077,52,41,11
102900078,36,63,-27
102900079,275,9,266
102900080,342,42,300
102900081,94,322,-228
102900082,25,205,-180
102900083,183,21,162
102900084,11,38,-27
102900085,357,149,208
102900086,18,73,-55
102900087,108,117,-9
102900088,64,41,23
102900089,260,102,158
102900090,3,304,-301
102900091,196,0,196
102900092,492,677,-185
102900093,337,270,67
102900094,2,162,-160
102900095,177,4,173
102900096,86,12,74
102900097,3,128,-125
102900098,27,11,16
103000001,2563,2355,208
103000002,2134,2444,-310
103000003,3453,3234,219
103000004,893,681,212
103000005,1746,2932,-1186
103000006,914,1412,-498
103000007,469,647,-178
103000008,1009,723,286
103000009,1447,1118,329
103000010,124,88,36
103000011,1473,1224,249
103000012,1531,1465,66
103000013,3542,2033,1509
103000014,1562,2812,-1250
103000015,1715,685,1030
103000016,531,1446,-915
103000017,230,400,-170
103000018,736,317,419
103000019,376,333,43
103000020,2605,1469,1136
103000021,2084,2274,-190
103000022,751,1114,-363
103000023,711,1953,-1242
103000024,100,117,-17
103000025,127,725,-598
103000026,726,135,591
103000027,301,780,-479
103000028,292,378,-86
103000029,201,385,-184
103000030,1451,1129,322
103000031,1236,1988,-752
103000032,2401,1735,666
103000033,3281,2910,371
103000034,1465,1204,261
103000035,553,1444,-891
103000036,374,496,-122
103000037,569,570,-1
103000038,581,1146,-565
103000039,525,281,244
103000040,559,809,-250
103000041,1705,1885,-180
103000042,1535,453,1082
103000043,642,906,-264
103000044,321,220,101
103000046,410,477,-67
103000047,695,568,127
103000048,254,225,29
103000049,118,173,-55
103000050,753,475,278
103000051,582,577,5
103000052,864,331,533
103000053,202,783,-581
103000054,2727,1222,1505
103000055,2087,2078,9
103000056,969,1310,-341
103000057,814,241,573
103000058,762,721,41
103000059,554,799,-245
103000060,933,712,221
103000061,547,947,-400
103000062,1302,454,848
103000063,915,875,40
103000064,210,177,33
103000065,2,408,-406
103000066,268,18,250
103000069,492,359,133
103000070,1017,692,325
103000071,1303,520,783
103000072,126,546,-420
103000073,783,116,667
103000074,779,111,668
103000075,129,570,-441
103000076,338,486,-148
103000077,44,305,-261
103000078,941,798,143
103000079,622,567,55
103000080,956,420,536
103000081,473,1187,-714
103000082,554,180,374
103000083,121,292,-171
103000084,126,6,120
103000085,0,104,-104
103000086,530,462,68
103000087,163,559,-396
103000088,255,233,22
103000089,270,483,-213
103000090,2396,890,1506
103000091,728,468,260
103000092,252,250,2
103000093,268,363,-95
103000094,238,129,109
103000095,115,326,-211
103000096,699,97,602
103000097,79,640,-561
103000098,923,182,741
103000099,312,669,-357
103000100,144,671,-527
103000101,1003,114,889
103000102,115,448,-333
103000103,769,124,645
103000104,94,104,-10
103000105,201,56,145
103000106,18,148,-130
103000107,228,93,135
103000108,849,579,270
103000109,459,408,51
103000110,554,605,-51
103000111,493,516,-23
103000112,407,209,198
103000113,581,720,-139
103000114,1494,552,942
103000115,638,464,174
103000116,785,395,390
103000117,525,423,102
103000118,527,518,9
103000119,1038,487,551
103000120,49,144,-95
103000121,204,444,-240
103000122,443,488,-45
103000125,16,209,-193
103000126,830,1,829
103000127,0,154,-154
103000128,213,3,210
103000129,1,107,-106
103000130,78,52,26
103000131,175,156,19
103000132,67,180,-113
103000133,27,121,-94
103000134,433,940,-507
103000135,585,320,265
103000136,617,496,121
103000137,513,635,-122
103000138,699,690,9
103000139,1,68,-67
103000140,125,33,92
103000141,47,144,-97
103000142,183,82,101
103000143,67,185,-118
103000144,212,67,145
103000145,29,263,-234
103000150,75,55,20
103000152,198,195,3
103000153,234,184,50
103000156,9,258,-249
103000157,518,2,516
103000159,172,83,89
103000162,83,25,58
103000163,19,55,-36
103000164,20,10,10
103000165,96,211,-115
103000166,242,308,-66
103000167,220,100,120
103000168,136,140,-4
103000169,216,451,-235
103000170,1037,408,629
103000171,35,84,-49
103000172,701,272,429
103000173,834,443,391
103000174,247,303,-56
103000175,412,250,162
103000176,1035,744,291
103000177,471,400,71
103000178,250,311,-61
103000179,218,46,172
103000183,169,25,144
103000185,143,44,99
103000186,149,166,-17
103000187,802,313,489
103000188,16,91,-75
103000189,833,663,170
103000191,685,581,104
103000292,1356,2038,-682
103000293,1028,2785,-1757
103000295,98,107,-9
103000296,448,18,430
103000297,40,97,-57
103000504,79,14,65
103000505,19,18,1
103000506,0,205,-205
103000507,250,3,247
103000508,59,78,-19
103000509,254,580,-326
103900001,7,165,-158
103900002,1014,168,846
103900003,1374,325,1049
103900004,151,0,151
103900005,2,161,-159
103900006,2,2,0
103900007,97,4,93
103900008,11,0,11
103900009,368,524,-156
103900010,199,369,-170
103900011,437,191,246
103900012,12,17,-5
103900013,71,55,16
103900014,87,18,69
103900015,90,6,84
103900016,299,184,115
103900017,48,87,-39
103900018,624,244,380
103900019,87,504,-417
103900020,297,565,-268
103900021,340,51,289
103900022,1344,702,642
103900023,170,2,168
103900024,131,437,-306
103900025,6,43,-37
103900026,14,0,14
103900027,801,205,596
103900028,16,291,-275
103900029,1348,229,1119
103900030,327,97,230
103900031,46,1,45
103900032,103,93,10
103900033,111,15,96
103900034,30,123,-93
103900035,87,49,38
103900036,79,43,36
103900037,94,74,20
103900038,127,310,-183
103900039,106,282,-176
103900040,1,166,-165
103900041,70,66,4
103900042,115,273,-158
103900043,246,57,189
103900044,109,271,-162
103900045,362,159,203
103900047,131,23,108
103900048,64,60,4
103900049,169,1077,-908
103900050,21,148,-127
103900051,0,45,-45
103900052,249,295,-46
103900053,307,399,-92
103900054,188,349,-161
103900055,526,246,280
103900056,87,86,1
103900057,55,121,-66
103900058,291,471,-180
103900059,0,16,-16
103900060,73,178,-105
103900061,221,33,188
103900062,377,97,280
103900063,4,0,4
103900064,137,2,135
103900065,834,468,366
103900066,264,53,211
103900067,205,14,191
103900068,1,2,-1
103900069,75,22,53
103900070,159,253,-94
103900071,25,115,-90
103900072,30,178,-148
103900073,25,27,-2
103900074,99,64,35
103900075,350,64,286
103900076,616,529,87
103900077,47,109,-62
103900078,345,119,226
103900079,174,198,-24
103900080,10,42,-32
103900081,48,20,28
103900082,20,129,-109
103900083,1123,1267,-144
103900084,101,216,-115
103900085,117,150,-33
103900086,926,421,505
103900088,400,587,-187
103900089,61,181,-120
103900090,0,105,-105
103900091,1230,243,987
103900092,644,485,159
103900093,89,309,-220
103900094,11,110,-99
103900095,332,250,82
103900096,34,136,-102
103900097,12,429,-417
103900098,264,128,136
103900099,103,127,-24
103900100,288,320,-32
103900101,68,1050,-982
103900102,0,30,-30
103900104,2,25,-23
103900105,103,196,-93
103900106,0,65,-65
103900107,202,189,13
103900108,92,261,-169
103900109,153,90,63
103900110,256,52,204
103900111,129,427,-298
103900112,81,173,-92
103900113,127,310,-183
103900114,420,326,94
103900115,332,246,86
103900116,4256,3329,927
103900117,131,55,76
103900119,46,78,-32
103900120,115,99,16
103900122,127,245,-118
103900123,1087,702,385
103900124,69,369,-300
103900125,126,93,33
103900126,747,377,370
103900127,182,378,-196
103900128,173,145,28
103900131,41,102,-61
103900133,1045,28,1017
103900134,2,9,-7
103900135,6,5,1
103900137,6,22,-16
103900138,120,183,-63
103900139,185,2233,-2048
103900140,7,177,-170
103900141,324,40,284
103900142,209,110,99
103900143,65,0,65
103900144,0,30,-30
103900145,215,308,-93
103900146,349,240,109
103900147,447,145,302
103900148,286,295,-9
103900149,397,518,-121
103900150,5479,4462,1017
103900151,32,176,-144
103900152,691,357,334
103900153,7,12,-5
103900154,686,2062,-1376
103900155,58,200,-142
103900156,66,125,-59
103900157,63,98,-35
103900158,215,132,83
103900159,267,83,184
103900160,61,48,13
103900161,117,151,-34
103900162,70,157,-87
103900163,9,438,-429
103900167,17,107,-90
103900168,128,138,-10
103900169,59,39,20
103900170,1,64,-63
103900171,0,60,-60
103900172,6,8,-2
103900173,30,24,6
103900174,248,71,177
103900175,60,91,-31
103900176,10,35,-25
103900177,9,59,-50
103900178,73,70,3
103900179,82,83,-1
103900180,22,76,-54
103900181,51,57,-6
103900182,31,16,15
103900184,394,118,276
103900185,132,490,-358
103900187,14,112,-98
103900188,76,27,49
103900189,126,11,115
103900190,113,46,67
103900191,22,62,-40
103900192,35,63,-28
103900193,85,205,-120
103900194,67,259,-192
103900195,9,84,-75
103900196,69,125,-56
103900197,33,36,-3
103900198,28,46,-18
103900199,165,57,108
103900200,205,113,92
103900201,149,192,-43
103900202,13,49,-36
103900203,76,25,51
103900204,0,76,-76
103900207,0,63,-63
103900208,154,3,151
103900209,6,145,-139
103900210,53,20,33
103900211,644,303,341
103900212,116,321,-205
103900213,54,244,-190
103900214,261,207,54
103900215,295,335,-40
103900216,7,314,-307
103900217,444,71,373
103900218,2,264,-262
103900219,191,195,-4
103900233,53,0,53
103900235,37,25,12
103900236,39,3,36
103900242,1,6,-5
103900243,3,9,-6
103900244,135,192,-57
103900245,91,162,-71
103900246,73,60,13
103900247,55,94,-39
103900248,11,65,-54
103900249,21,117,-96
103900250,48,40,8
103900251,5,24,-19
103900253,9,74,-65
103900254,1,26,-25
103900255,7,15,-8
103900256,11,31,-20
103900257,109,148,-39
103900258,18,11,7
103900259,60,7,53
103900261,12,5,7
103900262,11,5,6
103900263,61,39,22
103900264,48,52,-4
103900265,16,6,10
103900266,6,111,-105
103900267,15,97,-82
103900268,30,51,-21
103900269,192,28,164
103900270,79,96,-17
103900271,42,76,-34
103900272,72,84,-12
103900273,55,57,-2
103900274,128,13,115
103900275,60,9,51
103900276,4,46,-42
103900277,13,53,-40
103900278,9,34,-25
103900279,2,41,-39
103900280,1,35,-34
104000001,2590,2220,370
104000002,1865,2195,-330
104000003,2328,2046,282
104000004,2675,2491,184
104000005,1781,1966,-185
104000006,3416,2595,821
104000007,4142,3781,361
104000008,200,242,-42
104000009,203,93,110
104000010,197,270,-73
104000011,387,201,186
104000012,152,223,-71
104000013,261,213,48
104000014,224,475,-251
104000015,414,141,273
104000016,578,325,253
104000018,1066,167,899
104000019,726,236,490
104000020,167,429,-262
104000021,213,389,-176
104000022,139,239,-100
104000023,842,324,518
104000024,190,321,-131
104000026,50,298,-248
104000027,247,200,47
104000028,445,255,190
104000029,379,251,128
104000030,316,222,94
104000031,1442,369,1073
104000032,249,229,20
104000033,810,496,314
104000034,382,241,141
104000035,934,376,558
104000036,861,472,389
104000037,327,208,119
104000038,516,367,149
104000039,271,198,73
104000040,267,311,-44
104000041,527,324,203
104000042,218,280,-62
104000043,189,345,-156
104000044,266,420,-154
104000045,871,809,62
104000046,1034,1150,-116
104000047,766,910,-144
104000048,1181,1160,21
104000049,573,299,274
104000050,180,655,-475
104000051,106,487,-381
104000052,1480,1680,-200
104000053,1032,390,642
104000054,696,349,347
104000055,3498,2319,1179
104000056,1024,240,784
104000057,201,360,-159
104000058,762,694,68
104000059,635,941,-306
104000060,1080,1234,-154
104000061,1200,966,234
104000062,500,135,365
104000064,579,400,179
104000065,268,789,-521
104000069,882,1248,-366
104000070,87,632,-545
104000071,137,460,-323
104000072,661,204,457
104000075,135,281,-146
104000076,550,145,405
104000082,2459,3797,-1338
104000083,830,209,621
104000084,153,524,-371
104000085,290,329,-39
104000086,181,472,-291
104000087,406,2227,-1821
104000090,813,1093,-280
104000092,1589,1584,5
104000094,972,1135,-163
104000095,2003,1261,742
104000096,1693,158,1535
104000097,2062,796,1266
104000098,2568,842,1726
104000100,1980,620,1360
104000101,1257,1468,-211
104000106,46,575,-529
104000107,677,396,281
104000108,275,430,-155
104000109,410,103,307
104000110,824,1069,-245
104000111,3369,2759,610
104000112,1937,619,1318
104000116,1,718,-717
104000117,173,497,-324
104000118,741,198,543
104000119,783,272,511
104000120,386,598,-212
104000121,192,552,-360
104000122,735,679,56
104000123,677,809,-132
104000124,667,1682,-1015
104000125,2775,4804,-2029
104000126,456,392,64
104000127,1165,1890,-725
104000128,635,358,277
104000129,342,27,315
104000130,19,248,-229
104000131,363,368,-5
104000132,353,379,-26
104000133,1498,859,639
104000134,1245,1687,-442
104000135,455,2179,-1724
104000136,798,4795,-3997
104000137,1801,573,1228
104000138,797,436,361
104000139,4867,2898,1969
104000141,930,1170,-240
104000142,655,548,107
104000143,653,428,225
104000144,95,184,-89
104000145,473,235,238
104000146,247,476,-229
104000147,147,271,-124
104000148,487,167,320
104000149,172,217,-45
104000150,1222,520,702
104000151,349,315,34
104000152,776,511,265
104000153,888,514,374
104000154,816,500,316
104000155,477,557,-80
104000157,1181,1097,84
104000158,436,726,-290
104000159,983,586,397
104000160,2152,1984,168
104000161,172,153,19
104000162,73,83,-10
104000165,886,932,-46
104000167,717,1121,-404
104000168,720,12,708
104000169,139,35,104
104000170,367,688,-321
104000248,411,565,-154
104000251,61,175,-114
104000272,0,0,0
104000273,0,0,0
104000274,0,0,0
104000275,0,0,0
104000279,657,409,248
104000290,113,354,-241
104000291,471,1081,-610
104000293,788,795,-7
104000294,53,0,53
104000295,699,791,-92
104000296,500,687,-187
104000297,862,1953,-1091
104000298,2066,864,1202
104000299,841,1380,-539
104900001,170,318,-148
104900002,110,211,-101
104900003,66,253,-187
104900004,143,206,-63
104900005,354,343,11
104900006,429,116,313
104900007,393,228,165
104900009,163,259,-96
104900010,93,59,34
104900011,26,8,18
104900012,288,45,243
104900013,185,20,165
104900014,2015,326,1689
104900015,111,12,99
104900016,244,177,67
104900017,197,169,28
104900018,6,180,-174
104900019,280,3430,-3150
104900020,56,248,-192
104900021,2,147,-145
104900022,11,111,-100
104900023,1,53,-52
104900024,21,60,-39
104900025,55,218,-163
104900026,3,63,-60
104900027,582,371,211
104900028,36,74,-38
104900029,59,60,-1
104900030,646,258,388
104900031,80,186,-106
104900032,58,101,-43
104900033,226,283,-57
104900034,468,192,276
104900035,396,209,187
104900036,336,92,244
104900037,180,225,-45
104900038,427,967,-540
104900039,505,574,-69
104900040,582,79,503
104900041,347,159,188
104900042,149,208,-59
104900043,29,221,-192
104900044,839,183,656
104900045,490,60,430
104900046,297,163,134
104900047,419,101,318
104900048,383,66,317
104900049,32,30,2
104900050,330,155,175
104900051,379,38,341
104900052,71,1,70
104900053,396,104,292
104900054,272,36,236
104900055,91,1,90
104900056,175,27,148
104900057,70,0,70
104900058,876,727,149
104900059,244,62,182
104900060,1,472,-471
104900061,231,464,-233
104900063,11,110,-99
104900064,0,62,-62
104900065,1,196,-195
104900066,1,98,-97
104900067,7,311,-304
104900068,27,162,-135
104900070,192,262,-70
104900071,0,411,-411
104900072,55,248,-193
104900073,94,166,-72
104900074,48,177,-129
104900075,76,67,9
104900076,143,244,-101
104900077,891,305,586
104900078,192,358,-166
104900079,133,614,-481
104900080,105,406,-301
104900082,18,372,-354
104900085,1,168,-167
104900087,272,1,271
104900089,248,0,248
104900090,1082,881,201
104900091,777,567,210
104900093,255,466,-211
104900097,2075,2488,-413
104900098,137,33,104
104900099,92,592,-500
104900100,418,279,139
104900102,57,136,-79
104900103,526,60,466
104900104,2794,2526,268
104900106,98,147,-49
104900107,164,159,5
104900108,82,205,-123
104900109,147,215,-68
104900110,10,56,-46
104900111,227,133,94
104900112,346,545,-199
104900113,866,329,537
104900114,435,400,35
104900115,851,314,537
104900116,296,191,105
104900118,9,54,-45
104900119,1,48,-47
104900120,34,327,-293
104900121,1,66,-65
104900122,2,43,-41
104900123,83,18,65
104900124,51,0,51
104900125,479,13,466
104900126,85,46,39
104900127,26,87,-61
104900128,121,152,-31
104900129,1626,2263,-637
105000001,2812,1442,1370
105000002,2588,1739,849
105000003,3417,4000,-583
105000004,732,809,-77
105000005,1129,1283,-154
105000006,1621,1870,-249
105000007,1329,1690,-361
105000008,1614,3608,-1994
105000009,2577,3550,-973
105000010,3061,1883,1178
105000011,3871,3273,598
105000012,3241,2761,480
105000013,1097,1094,3
105000014,2270,2917,-647
105000015,10231,17198,-6967
105000016,2586,2256,330
105000017,1806,938,868
105000018,1144,1537,-393
105000019,1134,900,234
105000020,233,485,-252
105000021,255,128,127
105000022,351,139,212
105000023,601,517,84
105000028,66,100,-34
105000029,631,1581,-950
105000030,3869,2386,1483
105000033,1013,1703,-690
105000034,160,1125,-965
105000037,683,309,374
105000038,1889,2274,-385
105000039,2010,1699,311
105000040,1149,1649,-500
105000041,646,1128,-482
105000042,3806,2066,1740
105000043,1580,1945,-365
105000044,741,532,209
105000045,339,603,-264
105000046,1452,465,987
105000047,550,1108,-558
105000048,715,270,445
105000049,300,443,-143
105000050,851,402,449
105000051,165,350,-185
105000052,685,857,-172
105000053,85,117,-32
105000054,449,948,-499
105000055,736,318,418
105000056,1970,1948,22
105000057,1428,812,616
105000058,1295,1174,121
105000059,786,715,71
105000060,592,614,-22
105000061,799,619,180
105000062,681,758,-77
105000063,338,447,-109
105000064,1817,846,971
105000065,410,515,-105
105000066,1187,1277,-90
105000067,1507,810,697
105000068,428,919,-491
105000069,1686,1832,-146
105000070,559,1030,-471
105000071,199,941,-742
105000072,1210,2365,-1155
105000073,972,707,265
105000074,1194,659,535
105000075,549,803,-254
105000076,1089,966,123
105000077,2223,1146,1077
105000078,1121,1471,-350
105000079,1335,3759,-2424
105000080,1732,1435,297
105000081,3922,1663,2259
105000082,1302,2414,-1112
105000083,5052,4325,727
105000084,584,766,-182
105000085,1861,2725,-864
105000086,705,834,-129
105000087,1361,1731,-370
105000088,1464,1628,-164
105000089,2689,2047,642
105000090,955,813,142
105000091,1213,1469,-256
105000092,681,789,-108
105000093,338,261,77
105000094,347,289,58
105000095,115,498,-383
105000096,1221,1149,72
105000097,852,838,14
105000098,1051,838,213
105000099,895,777,118
105000100,1583,1174,409
105000101,2180,1892,288
105000102,1979,1488,491
105000103,1548,2192,-644
105000104,2312,1071,1241
105000105,1304,1888,-584
105000106,1495,1601,-106
105000107,1723,818,905
105000108,1918,1251,667
105000109,1875,1436,439
105000110,1067,550,517
105000111,971,651,320
105000112,1390,519,871
105000113,526,660,-134
105000114,2345,1177,1168
105000115,365,1226,-861
105000116,987,535,452
105000117,1010,783,227
105000118,656,541,115
105000119,647,759,-112
105000120,1107,569,538
105000121,793,868,-75
105000122,507,792,-285
105000123,1113,1139,-26
105000124,2398,790,1608
105000125,960,1693,-733
105000126,2617,1660,957
105000127,2599,1751,848
105000128,790,1013,-223
105000129,811,371,440
105000130,406,3563,-3157
105000131,700,348,352
105000132,1131,897,234
105000133,528,846,-318
105000134,951,661,290
105000135,526,491,35
105000136,137,258,-121
105000137,658,279,379
105000138,215,306,-91
105000139,1080,787,293
105000140,619,542,77
105000141,366,529,-163
105000142,280,503,-223
105000143,253,621,-368
105000144,304,749,-445
105000145,905,386,519
105000146,443,856,-413
105000147,756,380,376
105000148,1417,625,792
105000149,2900,2320,580
105000150,1936,1483,453
105000151,562,387,175
105000152,225,486,-261
105000153,682,787,-105
105000154,894,489,405
105000155,432,971,-539
105000156,832,674,158
105000157,812,1512,-700
105000158,1989,730,1259
105000159,282,862,-580
105000160,1945,642,1303
105000161,689,825,-136
105000162,678,1899,-1221
105000163,1132,852,280
105000164,227,255,-28
105000165,802,5759,-4957
105000166,4529,1070,3459
105000167,1598,1897,-299
105000168,526,521,5
105000169,607,226,381
105000170,320,1380,-1060
105000171,1120,213,907
105000172,175,64,111
105000173,307,102,205
105000174,72,70,2
105000175,100,149,-49
105000176,618,102,516
105000177,361,190,171
105000178,193,476,-283
105000179,789,155,634
105000180,179,98,81
105000181,225,293,-68
105000182,51,45,6
105000183,1992,2428,-436
105000184,1005,1097,-92
105000185,1406,1365,41
105000186,506,803,-297
105000187,1102,234,868
105000188,303,160,143
105000189,176,499,-323
105000190,352,391,-39
105000191,328,334,-6
105000192,355,61,294
105000193,80,161,-81
105000194,378,60,318
105000195,341,622,-281
105000196,65,246,-181
105000197,274,486,-212
105000198,558,330,228
105000199,226,524,-298
105000200,136,347,-211
105000201,106,28,78
105000203,6,138,-132
105000204,92,71,21
105000205,91,168,-77
105000207,412,199,213
105000208,313,582,-269
105000209,213,297,-84
105000212,1247,1079,168
105000213,259,219,40
105000214,201,318,-117
105000215,421,203,218
105000216,176,241,-65
105000217,201,241,-40
105000218,1572,1216,356
105000221,206,183,23
105000222,423,130,293
105000223,305,148,157
105000226,111,221,-110
105000227,123,149,-26
105000228,206,2259,-2053
105000229,178,710,-532
105000231,475,357,118
105000233,907,742,165
105000234,545,1186,-641
105000235,442,615,-173
105000237,874,95,779
105000243,28,115,-87
105000248,70,76,-6
105000262,476,1033,-557
105000269,175,222,-47
105000270,571,50,521
105000271,2,207,-205
105000282,98,44,54
105000287,418,119,299
105000288,699,423,276
105000289,2977,2339,638
105000290,27,5,22
105000402,2982,4452,-1470
105000426,478,660,-182
105000438,4209,1843,2366
105000446,9668,5788,3880
105000447,5812,2662,3150
105000454,639,582,57
105000455,305,145,160
105000474,64,0,64
105000477,570,636,-66
105000478,1940,5350,-3410
105000479,93,113,-20
105000480,10047,8497,1550
105000481,5079,3974,1105
105000482,4729,8101,-3372
105000483,1647,2174,-527
105000484,2278,3227,-949
105000485,1712,3547,-1835
105000486,3264,2440,824
105000488,9833,5110,4723
105000489,1091,832,259
105000549,67,109,-42
105000550,444,1504,-1060
105000551,33,111,-78
105000552,2419,1485,934
105000555,820,1016,-196
105900001,9,2256,-2247
105900002,1006,718,288
105900003,10,96,-86
105900004,209,113,96
105900005,17,280,-263
105900006,16,188,-172
105900007,74,64,10
105900008,105,472,-367
105900009,27,16,11
105900011,342,54,288
105900012,654,169,485
105900013,5,26,-21
105900014,9,79,-70
105900015,189,356,-167
105900016,587,440,147
105900017,2038,56,1982
105900018,199,194,5
105900019,75,566,-491
105900020,45,72,-27
105900021,38,352,-314
105900022,253,186,67
105900023,7,120,-113
105900024,11,157,-146
105900025,176,27,149
105900026,230,24,206
105900027,11569,6255,5314
105900028,320,268,52
105900029,1632,327,1305
105900030,185,250,-65
105900031,343,175,168
105900032,93,138,-45
105900033,107,104,3
105900034,219,196,23
105900035,200,196,4
105900036,131,111,20
105900037,119,70,49
105900038,214,215,-1
105900039,152,88,64
105900040,60,100,-40
105900041,204,195,9
105900042,88,151,-63
105900043,1362,77,1285
105900044,2,203,-201
105900045,0,806,-806
105900046,10,248,-238
105900047,19,34,-15
105900048,108,396,-288
105900050,4207,6558,-2351
105900051,100,1190,-1090
105900052,654,148,506
105900053,2654,3048,-394
105900054,302,232,70
105900056,701,435,266
105900057,39,113,-74
105900058,17,10,7
105900059,0,27,-27
106000001,4524,2974,1550
106000002,2309,5616,-3307
106000003,3184,4246,-1062
106000004,1607,2775,-1168
106000005,3951,5557,-1606
106000006,5581,3240,2341
106000007,543,583,-40
106000008,548,336,212
106000009,666,413,253
106000010,717,591,126
106000011,1318,1083,235
106000012,865,1053,-188
106000013,1962,1940,22
106000014,1744,1354,390
106000015,1994,1343,651
106000016,1288,1690,-402
106000017,566,717,-151
106000018,593,384,209
106000019,411,357,54
106000020,337,281,56
106000021,358,374,-16
106000022,327,227,100
106000023,761,301,460
106000024,496,370,126
106000025,137,196,-59
106000026,97,162,-65
106000027,1627,1330,297
106000028,592,376,216
106000029,658,852,-194
106000030,513,652,-139
106000034,198,579,-381
106000035,922,2162,-1240
106000036,219,525,-306
106000037,1646,1173,473
106000038,349,168,181
106000039,125,162,-37
106000040,136,858,-722
106000041,665,715,-50
106000043,565,283,282
106000046,408,91,317
106000047,44,464,-420
106000049,1039,201,838
106000050,294,584,-290
106000051,871,625,246
106000052,113,543,-430
106000053,484,157,327
106000054,404,367,37
106000055,1230,972,258
106000056,250,324,-74
106000057,458,315,143
106000058,157,160,-3
106000059,431,292,139
106000060,327,395,-68
106000061,277,475,-198
106000062,173,550,-377
106000063,865,634,231
106000064,43,373,-330
106000065,467,397,70
106000066,137,270,-133
106000067,455,105,350
106000068,64,580,-516
106000069,294,47,247
106000070,484,681,-197
106000071,1312,293,1019
106000072,2496,1557,939
106000073,1635,3094,-1459
106000074,655,681,-26
106000075,345,1382,-1037
106000076,1969,2072,-103
106000077,3291,1308,1983
106000078,1302,910,392
106000079,756,881,-125
106000080,1301,579,722
106000081,722,1041,-319
106000082,2440,720,1720
106000083,493,1379,-886
106000084,1342,666,676
106000085,1388,1462,-74
106000086,626,786,-160
106000087,976,502,474
106000088,438,678,-240
106000089,1201,332,869
106000090,305,641,-336
106000091,264,433,-169
106000092,769,257,512
106000093,367,137,230
106000094,97,227,-130
106000095,984,611,373
106000096,1134,581,553
106000097,1427,619,808
106000098,771,793,-22
106000099,288,595,-307
106000100,1237,224,1013
106000101,788,234,554
106000102,154,529,-375
106000103,317,448,-131
106000104,812,380,432
106000105,525,610,-85
106000106,686,418,268
106000107,151,241,-90
106000108,324,245,79
106000109,215,223,-8
106000110,263,228,35
106000111,174,356,-182
106000112,247,533,-286
106000113,609,432,177
106000114,618,582,36
106000115,246,330,-84
106000116,393,224,169
106000117,1125,623,502
106000118,1376,1358,18
106000119,1131,856,275
106000120,981,1227,-246
106000121,221,174,47
106000122,121,180,-59
106000123,568,124,444
106000124,70,139,-69
106000125,27,198,-171
106000126,345,82,263
106000127,979,770,209
106000128,960,143,817
106000129,455,468,-13
106000130,880,294,586
106000131,157,593,-436
106000132,634,183,451
106000133,1411,1071,340
106000134,476,1639,-1163
106000135,215,485,-270
106000136,743,1010,-267
106000137,81,567,-486
106000138,1122,116,1006
106000139,62,133,-71
106000140,50,33,17
106000141,101,48,53
106000142,103,88,15
106000143,42,50,-8
106000144,24,76,-52
106000145,248,210,38
106000146,441,129,312
106000147,381,392,-11
106000148,510,701,-191
106000149,616,301,315
106000150,569,1730,-1161
106000151,3371,765,2606
106000152,1086,1671,-585
106000153,104,1634,-1530
106000154,1215,211,1004
106000155,138,270,-132
106000156,1022,271,751
106000157,668,1370,-702
106000158,2050,982,1068
106000159,2642,1919,723
106000160,487,2875,-2388
106000161,1488,301,1187
106000162,366,1032,-666
106000163,412,259,153
106000164,447,296,151
106000165,318,422,-104
106000166,880,308,572
106000167,376,802,-426
106000168,704,247,457
106000169,334,482,-148
106000170,892,181,711
106000171,217,1175,-958
106000172,3112,1428,1684
106000173,1147,2584,-1437
106000174,1299,515,784
106000175,274,769,-495
106000176,1952,839,1113
106000177,780,2096,-1316
106000178,3598,1665,1933
106000179,1204,2030,-826
106000180,933,1047,-114
106000181,1038,1878,-840
106000182,1600,743,857
106000183,1504,541,963
106000184,1670,627,1043
106000185,1084,1631,-547
106000186,992,171,821
106000187,246,1110,-864
106000188,1,3,-2
106000189,11,26,-15
106000190,35,2,33
106000191,788,226,562
106000192,1,19,-18
106000193,494,238,256
106000194,209,442,-233
106000195,849,182,667
106000196,281,599,-318
106000197,730,315,415
106000198,203,207,-4
106000199,722,708,14
106000200,268,238,30
106000201,509,2914,-2405
106000202,3357,651,2706
106000203,62,192,-130
106000204,102,9,93
106000205,70,159,-89
106000206,118,13,105
106000207,35,593,-558
106000208,1719,216,1503
106000209,1832,410,1422
106000210,383,787,-404
106000211,303,1047,-744
106000212,979,483,496
106000213,627,2056,-1429
106000214,2161,853,1308
106000215,314,524,-210
106000216,340,330,10
106000217,284,332,-48
106000218,425,389,36
106000219,147,230,-83
106000220,443,228,215
106000221,209,201,8
106000222,75,83,-8
106000223,309,145,164
106000224,227,143,84
106000225,96,172,-76
106000226,136,207,-71
106000228,50,82,-32
106000229,71,555,-484
106000231,1105,121,984
106000232,85,345,-260
106000233,686,108,578
106000234,71,299,-228
106000235,429,156,273
106000236,174,110,64
106000237,1,8,-7
106000238,5,22,-17
106000239,7,122,-115
106000240,75,3,72
106000241,25,498,-473
106000242,294,21,273
106000249,93,80,13
106000250,92,513,-421
106000251,108,26,82
106000252,27,70,-43
106000253,65,70,-5
106000254,111,43,68
106000255,24,169,-145
106000256,63,52,11
106000257,175,283,-108
106000258,228,50,178
106000259,3,67,-64
106000260,39,7,32
106000261,4,62,-58
106000262,112,12,100
106000263,23,76,-53
106000264,279,10,269
106000265,15,111,-96
106000266,135,22,113
106000267,11,98,-87
106000268,469,50,419
106000269,54,45,9
106000270,156,447,-291
106000271,83,222,-139
106000272,232,47,185
106000273,31,254,-223
106000274,177,37,140
106000275,197,304,-107
106000276,151,59,92
106000277,133,353,-220
106000278,202,40,162
106000279,31,30,1
106000280,80,63,17
106000281,106,45,61
106000282,87,72,15
106000283,134,60,74
106000284,81,121,-40
106000285,179,90,89
106000286,122,151,-29
106000287,153,73,80
106000288,87,139,-52
106000289,145,54,91
106000290,69,103,-34
106000291,117,86,31
106000292,96,97,-1
106000293,204,91,113
106000294,127,97,30
106000295,82,77,5
106000296,33,64,-31
106000297,59,236,-177
106000298,133,66,67
106000299,62,132,-70
106000300,50,122,-72
106000301,61,118,-57
106000303,41,91,-50
106000304,35,36,-1
106000305,77,62,15
106000306,56,43,13
106000307,60,33,27
106000308,36,113,-77
106000309,36,73,-37
106000310,387,438,-51
106000311,371,199,172
106000312,130,167,-37
106000313,238,199,39
106000318,104,554,-450
106000319,1155,298,857
106000320,7,117,-110
106000321,213,138,75
106000322,210,122,88
106000324,15,172,-157
106000325,1910,900,1010
106000326,1056,1392,-336
106000327,242,81,161
106000328,38,104,-66
106000329,60,248,-188
106000330,72,81,-9
106000428,97,173,-76
106000429,144,414,-270
106000430,483,1108,-625
106000431,2754,453,2301
106000432,1608,2370,-762
106000433,2804,1428,1376
106000434,3481,1869,1612
106000435,1351,2356,-1005
106000436,22,190,-168
106000437,282,83,199
106000438,332,229,103
106000439,34,684,-650
106000440,304,376,-72
106000441,0,0,0
106000442,221,8,213
106000443,257,211,46
106000450,2,104,-102
106000451,32,67,-35
106000454,14,122,-108
106000455,2,195,-193
106000456,103,38,65
106000457,18,721,-703
106000458,968,79,889
106000459,180,243,-63
106000460,1883,25,1858
106000461,157,865,-708
106000462,0,31,-31
106000463,0,16,-16
106000464,3,355,-352
106000465,866,3,863
106000466,1,351,-350
106000467,292,401,-109
106000468,101,123,-22
106000469,130,1,129
106000470,284,1745,-1461
106000471,17,445,-428
106000472,171,17,154
106000473,36,12,24
106000474,257,291,-34
106000475,257,139,118
106000476,143,257,-114
106000477,40,90,-50
106000480,0,341,-341
106900001,0,14,-14
106900002,1,313,-312
106900003,181,764,-583
106900004,1,10,-9
106900006,0,7,-7
106900007,0,10,-10
106900008,390,146,244
106900009,385,234,151
106900010,204,214,-10
106900012,1292,2088,-796
106900013,483,153,330
106900014,18,1,17
106900015,13,2,11
106900016,333,16,317
106900017,9,1,8
106900018,1,0,1
106900019,59,3,56
106900020,1878,1665,213
106900021,143,105,38
106900022,984,9,975
106900023,34,242,-208
106900024,614,58,556
106900025,55,537,-482
106900026,3,414,-411
106900027,871,4,867
107000001,4122,5113,-991
107000002,2643,4313,-1670
107000003,6490,7749,-1259
107000004,4548,4300,248
107000005,5721,6057,-336
107000006,3631,3476,155
107000007,6477,11549,-5072
107000008,9858,7097,2761
107000009,8757,8600,157
107000010,8939,7802,1137
107000011,1069,1210,-141
107000012,3588,2690,898
107000013,114,80,34
107000014,87,161,-74
107000015,501,637,-136
107000016,884,757,127
107000017,2622,1865,757
107000018,8,1330,-1322
107000020,1521,1673,-152
107000021,1323,404,919
107000022,891,1458,-567
107000023,2015,249,1766
107000024,598,1183,-585
107000025,255,331,-76
107000026,285,470,-185
107000027,1656,1030,626
107000028,1369,1137,232
107000029,4087,3424,663
107000030,2947,2768,179
107000031,5023,2804,2219
107000032,486,909,-423
107000033,3101,4266,-1165
107000034,3441,1687,1754
107000035,385,282,103
107000036,418,1525,-1107
107000037,88,822,-734
107000038,217,234,-17
107000039,1024,964,60
107000040,155,276,-121
107000041,1849,1051,798
107000042,815,2092,-1277
107000043,2503,1256,1247
107000044,608,401,207
107000045,107,316,-209
107000046,849,463,386
107000047,536,909,-373
107000048,812,333,479
107000049,805,908,-103
107000050,1385,546,839
107000051,262,349,-87
107000052,1225,1108,117
107000053,427,259,168
107000054,74,273,-199
107000055,414,193,221
107000056,471,771,-300
107000057,1328,215,1113
107000058,2673,2682,-9
107000059,2135,3117,-982
107000060,5182,5796,-614
107000061,5092,3356,1736
107000062,5927,3309,2618
107000063,4488,4220,268
107000064,5471,3005,2466
107000065,3923,4125,-202
107000066,2610,3454,-844
107000067,1326,1450,-124
107000068,1586,914,672
107000069,1045,744,301
107000070,1365,8,1357
107000071,4081,72,4009
107000072,43,2285,-2242
107000073,995,505,490
107000074,172,749,-577
107000075,2180,606,1574
107000076,621,1334,-713
107000077,4259,1605,2654
107000078,2410,2878,-468
107000079,3286,1318,1968
107000080,1089,2855,-1766
107000081,2639,696,1943
107000082,605,1643,-1038
107000083,1677,569,1108
107000084,306,1593,-1287
107000085,3151,3312,-161
107000086,3632,3233,399
107000087,3251,2112,1139
107000088,3569,3372,197
107000089,1642,1856,-214
107000090,1282,1091,191
107000091,1745,788,957
107000092,1012,979,33
107000093,1460,893,567
107000094,1056,1040,16
107000095,1010,773,237
107000096,620,753,-133
107000097,832,372,460
107000098,486,476,10
107000099,467,301,166
107000100,319,301,18
107000101,75,189,-114
107000102,243,312,-69
107000103,327,213,114
107000104,196,253,-57
107000105,496,161,335
107000106,205,232,-27
107000107,637,191,446
107000108,147,535,-388
107000109,672,143,529
107000110,84,423,-339
107000111,416,76,340
107000112,60,263,-203
107000113,860,121,739
107000114,116,451,-335
107000115,763,222,541
107000116,103,636,-533
107000117,176,772,-596
107000118,133,150,-17
107000119,1522,1637,-115
107000120,1012,548,464
107000121,1189,700,489
107000122,1328,880,448
107000123,622,556,66
107000124,578,720,-142
107000125,1323,566,757
107000126,1146,730,416
107000129,281,539,-258
107000130,780,272,508
107000131,494,421,73
107000132,680,369,311
107000133,506,85,421
107000134,319,4,315
107000135,12,253,-241
107000136,816,8,808
107000137,12,426,-414
107000138,326,34,292
107000139,16,522,-506
107000140,1735,120,1615
107000141,129,756,-627
107000142,603,112,491
107000143,77,622,-545
107000144,609,535,74
107000145,163,463,-300
107000146,234,341,-107
107000147,2960,852,2108
107000150,691,3535,-2844
107000151,31,154,-123
107000152,524,1814,-1290
107000153,154,435,-281
107000154,223,324,-101
107000155,1067,14,1053
107000156,1514,30,1484
107000157,80,1378,-1298
107000158,937,29,908
107000159,44,792,-748
107000160,1460,186,1274
107000161,111,1160,-1049
107000162,354,611,-257
107000163,215,6,209
107000164,947,5,942
107000165,1427,13,1414
107000166,54,909,-855
107000167,882,226,656
107000168,1338,604,734
107000169,643,839,-196
107000170,3181,1036,2145
107000171,836,1708,-872
107000172,1365,1767,-402
107000173,655,897,-242
107000174,1210,6222,-5012
107000175,5993,1593,4400
107000176,0,0,0
107000177,5,0,5
107000178,19,49,-30
107000179,392,1757,-1365
107000180,1882,300,1582
107000181,549,881,-332
107000182,2150,889,1261
107000183,195,643,-448
107000184,1260,650,610
107000185,523,1173,-650
107000186,1487,423,1064
107000187,1488,1235,253
107000188,766,607,159
107000189,583,1017,-434
107000190,731,744,-13
107000191,918,972,-54
107000192,2069,646,1423
107000193,433,627,-194
107000194,900,610,290
107000197,1368,325,1043
107000198,367,655,-288
107000199,812,640,172
107000200,606,679,-73
107000201,535,369,166
107000202,410,483,-73
107000203,867,1237,-370
107000204,993,1677,-684
107000205,1881,1042,839
107000206,948,1780,-832
107000207,699,1089,-390
107000208,963,702,261
107000209,2077,1668,409
107000210,700,408,292
107000211,7,75,-68
107000212,25,343,-318
107000213,49,32,17
107000214,22,131,-109
107000215,520,359,161
107000216,570,324,246
107000217,249,143,106
107000219,116,242,-126
107000220,256,187,69
107000222,358,529,-171
107000224,557,85,472
107000225,227,425,-198
107000226,564,93,471
107000227,118,253,-135
107000228,94,282,-188
107000229,158,147,11
107000230,1235,477,758
107000231,1389,2177,-788
107000232,132,37,95
107000233,1053,954,99
107000234,2,73,-71
107000235,88,9,79
107000236,12,443,-431
107000237,44,3,41
107000238,32,1,31
107000239,2909,666,2243
107000240,127,773,-646
107000241,113,18,95
107000242,353,32,321
107000243,1,25,-24
107000244,8,58,-50
107000246,2,878,-876
107000249,4,1006,-1002
107000251,0,239,-239
107000252,1,883,-882
107000255,347,143,204
107000257,0,335,-335
107000258,2,130,-128
107000259,2,169,-167
107000260,1056,7,1049
107000262,10,353,-343
107000263,379,9,370
107000266,11,22,-11
107000267,93,160,-67
107000268,136,113,23
107000269,773,87,686
107000270,4,36,-32
107000271,48,513,-465
107000272,35,113,-78
107000273,4,216,-212
107000274,1948,297,1651
107000275,26,1511,-1485
107000280,1167,39,1128
107000281,42,708,-666
107000282,40,731,-691
107000290,6,26,-20
107000291,14,12,2
107000292,1,71,-70
107000293,44,1,43
107000294,0,49,-49
107000295,14,0,14
107000296,2,25,-23
107000444,293,4,289
107000496,10,15,-5
107000497,1384,1936,-552
107000500,456,329,127
107000501,87,168,-81
107000502,245,277,-32
107000505,360,730,-370
107000506,2,173,-171
107000508,6,457,-451
107000509,253,751,-498
107000510,37,40,-3
107000514,82,342,-260
107000515,6,132,-126
107000516,469,342,127
107000518,1391,1732,-341
107000519,1519,883,636
107000520,100,59,41
107000521,754,392,362
107000522,1039,468,571
107900001,77,115,-38
107900002,69,13,56
107900003,357,17,340
107900004,65,0,65
107900005,1882,7,1875
107900006,303,5,298
107900007,445,61,384
107900008,168,25,143
107900009,134,30,104
107900010,50,2,48
107900012,354,54,300
107900013,267,28,239
107900014,32,7,25
107900015,1350,19,1331
107900016,462,84,378
107900017,34,2,32
107900018,86,239,-153
107900019,21,29,-8
107900020,77,22,55
107900021,114,87,27
107900023,4,5,-1
107900024,0,30,-30
107900025,252,241,11
107900026,100,41,59
107900027,57,45,12
107900028,130,58,72
107900030,219,42,177
107900031,71,74,-3
107900032,24,11,13
107900033,32,6,26
107900034,451,40,411
107900035,1074,39,1035
107900036,68,32,36
107900037,1,24,-23
107900038,151,305,-154
107900039,36,42,-6
107900040,102,225,-123
107900041,2,1,1
107900043,37,100,-63
107900044,1,8,-7
107900045,159,77,82
107900046,208,186,22
107900047,51,29,22
107900048,265,26,239
107900049,418,1437,-1019
107900050,106,325,-219
107900051,129,57,72
107900052,65,30,35
107900053,53,78,-25
107900055,685,278,407
107900056,149,62,87
107900057,3,0,3
107900058,23,523,-500
107900060,29,29,0
107900061,25,12,13
107900063,92,142,-50
107900064,333,130,203
107900065,304,18,286
107900066,41,7,34
107900067,3,0,3
107900068,102,764,-662
107900069,21,2003,-1982
107900070,149,65,84
107900071,21,633,-612
107900072,143,144,-1
107900073,152,66,86
107900074,609,386,223
107900076,198,64,134
107900077,113,3,110
107900078,237,45,192
107900079,13,23,-10
107900080,152,879,-727
107900081,71,130,-59
107900082,18,14,4
107900083,347,215,132
107900084,139,139,0
107900086,60,232,-172
107900087,533,192,341
107900088,48,8,40
107900089,242,948,-706
107900090,713,3182,-2469
107900091,216,307,-91
107900092,1965,447,1518
107900093,93,85,8
107900095,2897,2260,637
107900097,25,60,-35
107900098,86,228,-142
107900100,933,1581,-648
107900101,857,227,630
107900102,39,6,33
107900103,62,149,-87
107900104,231,4,227
107900105,0,255,-255
107900106,3,784,-781
107900107,1359,531,828
107900108,218,132,86
107900109,1618,27,1591
107900110,63,67,-4
107900111,7,702,-695
107900112,105,441,-336
107900113,356,77,279
107900114,200,139,61
107900115,0,27,-27
107900116,220,122,98
107900117,287,291,-4
107900118,97,126,-29
107900119,120,266,-146
107900120,55,36,19
107900121,2,138,-136
107900122,4,114,-110
107900123,2,73,-71
107900124,19,70,-51
107900125,25,233,-208
107900126,12,71,-59
107900127,578,383,195
107900128,107,81,26
107900129,96,33,63
107900130,81,25,56
107900131,599,359,240
107900132,124,321,-197
107900133,2,103,-101
107900134,26,87,-61
107900135,14,140,-126
107900136,40,43,-3
107900137,120,147,-27
107900138,100,41,59
107900139,39,40,-1
107900140,14,5,9
107900141,44,39,5
107900142,55,711,-656
107900143,80,35,45
107900144,0,125,-125
107900145,13,95,-82
107900146,91,132,-41
107900147,63,46,17
107900148,178,121,57
107900149,1014,223,791
107900150,48,560,-512
107900151,43,83,-40
107900152,6,152,-146
107900153,170,327,-157
107900154,73,33,40
107900155,120,78,42
107900156,19,240,-221
107900157,37,46,-9
107900158,1194,26,1168
107900159,25,718,-693
107900160,142,139,3
107900161,43,144,-101
107900162,1,88,-87
107900163,82,141,-59
107900164,20,54,-34
107900165,19,142,-123
107900166,21,146,-125
107900167,42,36,6
107900168,48,39,9
107900169,2,224,-222
107900171,6,1063,-1057
107900172,3,303,-300
107900173,19,87,-68
107900174,192,4,188
107900175,13,38,-25
107900176,60,34,26
107900177,1,166,-165
107900178,0,161,-161
107900179,40,106,-66
107900180,505,861,-356
107900181,383,271,112
107900182,6,943,-937
107900183,57,178,-121
107900184,74,209,-135
107900185,171,8,163
107900186,24,42,-18
107900187,1,134,-133
107900188,491,144,347
107900189,33,114,-81
107900190,58,154,-96
107900191,77,106,-29
107900193,5,48,-43
107900194,305,12,293
107900195,1898,386,1512
107900196,147,78,69
107900197,535,475,60
107900199,0,812,-812
107900201,124,87,37
107900203,12,71,-59
107900204,183,228,-45
107900205,238,351,-113
107900206,771,447,324
107900207,5,499,-494
107900208,14,525,-511
107900209,295,108,187
107900210,72,102,-30
107900213,591,509,82
107900214,16,81,-65
107900215,146,356,-210
107900216,140,48,92
107900217,26,103,-77
107900218,9,1517,-1508
107900219,35,79,-44
107900220,203,262,-59
107900221,134,170,-36
107900223,129,472,-343
107900224,114,532,-418
107900225,5,538,-533
107900226,73,78,-5
107900227,142,349,-207
107900228,20,85,-65
107900229,1,159,-158
107900230,24,67,-43
107900231,30,174,-144
107900232,107,105,2
107900233,19,112,-93
107900234,122,81,41
107900235,36,105,-69
107900236,110,31,79
107900237,49,347,-298
107900238,56,98,-42
107900239,675,556,119
107900240,54,92,-38
107900241,24,63,-39
107900242,41,188,-147
107900243,3,77,-74
107900244,364,4,360
107900245,924,53,871
107900246,283,20,263
107900248,678,358,320
107900249,944,45,899
107900250,2,411,-409
107900251,83,1257,-1174
107900252,1135,35,1100
107900253,231,8,223
107900254,56,323,-267
107900255,224,125,99
107900256,1012,1391,-379
107900257,309,136,173
107900258,134,185,-51
107900259,91,2491,-2400
107900261,1,238,-237
107900262,81,86,-5
107900264,330,3,327
107900265,240,118,122
107900267,301,11,290
107900268,12,6,6
107900269,0,3,-3
107900270,0,0,0
107900271,2,25,-23
107900272,81,42,39
107900273,49,84,-35
107900274,135,0,135
107900275,26,1,25
107900276,1,58,-57
107900277,2,126,-124
107900278,442,371,71
107900279,57,210,-153
107900280,2277,1799,478
107900281,1169,3707,-2538
107900282,40,636,-596
107900283,931,754,177
107900284,624,507,117
107900285,165,62,103
107900286,111,98,13
107900287,275,211,64
107900290,0,184,-184
107900291,575,22,553
107900292,174,159,15
107900293,88,324,-236
107900295,58,48,10
107900297,5,263,-258
107900298,748,647,101
107900299,2473,2591,-118
107900300,116,361,-245
107900301,646,815,-169
107900302,134,61,73
107900303,198,274,-76
107900304,436,342,94
107900305,383,15,368
107900306,14,39,-25
107900307,50,249,-199
107900308,175,173,2
107900309,88,2,86
107900310,490,0,490
107900311,4,478,-474
107900312,91,2,89
107900313,0,146,-146
107900314,0,44,-44
107900315,1,54,-53
107900316,45,1,44
107900317,72,14,58
107900318,9,177,-168
107900319,8,150,-142
107900320,0,109,-109
107900321,130,1,129
107900322,1,108,-107
107900323,6,108,-102
107900324,157,2,155
107900325,114,1,113
107900326,375,172,203
107900327,0,141,-141
107900328,78,1,77
107900329,125,69,56
107900330,6,223,-217
107900331,307,16,291
107900332,300,13,287
107900333,74,19,55
107900334,11,135,-124
107900335,86,43,43
107900336,35,82,-47
107900337,840,911,-71
107900338,1,143,-142
107900339,1,21,-20
107900340,3,57,-54
107900341,80,1,79
107900342,146,71,75
107900343,90,6,84
107900344,8,51,-43
107900345,151,35,116
107900346,27,2,25
107900347,22,3,19
107900348,2,2,0
107900349,29,9,20
107900350,18,215,-197
107900351,4,151,-147
107900352,1,15,-14
107900353,4,15,-11
107900354,6,27,-21
108000001,3529,4161,-632
108000002,1879,2324,-445
108000003,3894,3955,-61
108000004,11176,13607,-2431
108000005,9106,7208,1898
108000006,7740,7129,611
108000007,5924,4685,1239
108000008,4392,5649,-1257
108000009,4550,5293,-743
108000010,3517,4167,-650
108000011,13596,13371,225
108000012,15107,14058,1049
108000014,828,903,-75
108000015,940,292,648
108000016,331,562,-231
108000017,1264,481,783
108000018,2177,790,1387
108000019,2068,951,1117
108000020,1531,580,951
108000021,398,1551,-1153
108000022,415,1137,-722
108000023,1410,253,1157
108000024,380,429,-49
108000025,405,296,109
108000026,864,365,499
108000027,934,405,529
108000028,693,236,457
108000029,629,454,175
108000030,692,214,478
108000031,286,527,-241
108000032,2199,787,1412
108000033,850,962,-112
108000034,2141,493,1648
108000035,818,1873,-1055
108000036,415,835,-420
108000037,2088,491,1597
108000038,3148,601,2547
108000039,495,1642,-1147
108000040,2189,1043,1146
108000041,566,2016,-1450
108000042,354,223,131
108000043,249,278,-29
108000044,644,151,493
108000045,382,393,-11
108000046,1696,304,1392
108000047,503,765,-262
108000048,161,274,-113
108000049,1182,322,860
108000050,87,338,-251
108000051,462,163,299
108000052,215,520,-305
108000053,568,213,355
108000054,545,1057,-512
108000055,1227,695,532
108000056,807,1198,-391
108000057,707,1548,-841
108000058,2082,4309,-2227
108000059,2764,1941,823
108000060,243,473,-230
108000061,155,241,-86
108000062,1024,669,355
108000063,536,485,51
108000064,281,277,4
108000065,618,398,220
108000066,1581,898,683
108000067,2180,688,1492
108000068,910,464,446
108000069,226,852,-626
108000070,2479,891,1588
108000071,641,1275,-634
108000072,2118,1161,957
108000073,1374,1518,-144
108000074,782,454,328
108000075,395,692,-297
108000076,1017,660,357
108000077,620,572,48
108000078,2863,1387,1476
108000079,842,1222,-380
108000080,1744,573,1171
108000081,522,1348,-826
108000082,988,1662,-674
108000083,2211,1086,1125
108000084,413,963,-550
108000085,1014,513,501
108000086,883,651,232
108000087,191,2483,-2292
108000088,214,11,203
108000089,392,324,68
108000090,544,286,258
108000091,439,441,-2
108000092,162,76,86
108000093,253,401,-148
108000094,642,101,541
108000095,190,304,-114
108000096,377,205,172
108000097,151,316,-165
108000098,2243,1338,905
108000099,282,100,182
108000100,87,243,-156
108000101,1673,1600,73
108000102,1899,3620,-1721
108000106,977,1,976
108000107,1,840,-839
108000108,904,65,839
108000109,8,663,-655
108000110,201,337,-136
108000111,203,545,-342
108000112,70,157,-87
108000113,522,233,289
108000115,371,267,104
108000117,774,389,385
108000118,76,278,-202
108000119,678,369,309
108000120,155,837,-682
108000121,219,420,-201
108000122,653,371,282
108000123,829,220,609
108000124,398,469,-71
108000125,487,203,284
108000126,228,315,-87
108000127,667,287,380
108000128,744,355,389
108000129,368,734,-366
108000130,532,185,347
108000131,989,565,424
108000132,1676,1184,492
108000133,1088,609,479
108000134,532,458,74
108000135,1350,490,860
108000136,256,684,-428
108000137,623,318,305
108000138,491,712,-221
108000139,655,312,343
108000140,164,22,142
108000141,32,71,-39
108000142,64,77,-13
108000143,43,22,21
108000144,51,14,37
108000145,54,14,40
108000146,75,5,70
108000147,56,13,43
108000148,89,13,76
108000149,25,12,13
108000150,37,12,25
108000151,9,9,0
108000152,153,414,-261
108000153,715,153,562
108000154,68,6,62
108000155,34,19,15
108000156,289,136,153
108000157,188,1289,-1101
108000158,84,807,-723
108000159,431,303,128
108000160,2316,1238,1078
108000161,2077,2877,-800
108000165,2,239,-237
108000172,1,284,-283
108000173,1406,2306,-900
108000175,362,123,239
108000178,410,299,111
108000179,230,1072,-842
108000181,89,23,66
108000182,125,17,108
108000183,16,13,3
108000184,857,2439,-1582
108000185,291,381,-90
108000186,228,51,177
108000187,136,404,-268
108000188,815,243,572
108000189,610,1487,-877
108000190,32,138,-106
108000192,201,484,-283
108000193,892,22,870
108000194,29,17,12
108000195,6,896,-890
108000196,189,189,0
108000198,580,248,332
108000199,0,212,-212
108000200,610,441,169
108000202,1,180,-179
108000203,198,488,-290
108000204,179,71,108
108000205,228,353,-125
108000339,1128,399,729
108000364,153,286,-133
108000365,82,239,-157
108000367,304,341,-37
108000368,14,42,-28
108000369,654,228,426
108000371,3,537,-534
108000372,718,2,716
108000373,240,151,89
108000376,104,43,61
108000377,600,251,349
108000378,9669,11309,-1640
108000379,15,226,-211
108000381,83,9,74
108000382,149,1,148
108000383,0,174,-174
108900001,75,833,-758
108900002,169,64,105
108900003,286,615,-329
108900004,278,542,-264
108900005,83,495,-412
108900006,920,194,726
108900007,359,215,144
108900008,152,141,11
108900009,133,167,-34
108900010,368,181,187
108900011,711,393,318
108900012,425,462,-37
108900013,221,245,-24
108900014,30,124,-94
108900015,0,93,-93
108900016,0,228,-228
108900017,298,546,-248
108900018,181,379,-198
108900019,52,527,-475
108900020,67,175,-108
108900021,128,191,-63
108900022,206,28,178
108900023,11,18,-7
108900024,62,108,-46
108900025,141,91,50
108900026,22,131,-109
108900027,0,47,-47
108900028,116,259,-143
108900029,83,226,-143
108900030,0,84,-84
108900031,151,324,-173
108900032,16,220,-204
108900033,0,82,-82
108900034,0,133,-133
108900035,377,966,-589
108900036,189,264,-75
108900037,54,288,-234
108900038,1,241,-240
108900039,1,314,-313
108900040,8,73,-65
108900041,4696,3676,1020
108900042,8,370,-362
108900043,57,411,-354
108900044,4,354,-350
108900045,108,308,-200
108900046,39,575,-536
108900047,2,129,-127
108900048,129,689,-560
108900049,2151,1517,634
108900050,1,144,-143
108900051,0,123,-123
108900052,61,191,-130
108900053,59,229,-170
108900054,78,200,-122
108900055,68,300,-232
108900056,0,102,-102
108900057,1,129,-128
108900058,35,263,-228
108900059,534,72,462
108900060,124,146,-22
108900061,83,26,57
108900062,3,207,-204
108900063,23,250,-227
108900064,332,52,280
108900065,12,164,-152
108900066,536,162,374
108900067,14,122,-108
108900068,11,127,-116
108900069,79,82,-3
108900070,30,74,-44
108900071,113,69,44
108900072,1965,605,1360
108900073,47,230,-183
108900074,273,301,-28
108900075,52,43,9
108900076,460,59,401
108900077,146,324,-178
108900078,74,108,-34
108900079,613,204,409
108900080,51,939,-888
108900081,71,223,-152
108900082,129,72,57
108900083,20,271,-251
108900084,327,146,181
108900085,1854,179,1675
108900086,193,188,5
108900087,85,163,-78
108900088,1060,358,702
108900089,35,151,-116
108900090,65,214,-149
108900091,119,79,40
108900092,649,379,270
108900093,131,98,33
108900094,294,75,219
108900095,46,271,-225
108900096,344,8,336
108900097,386,196,190
108900098,1684,869,815
108900099,545,184,361
108900100,89,116,-27
108900101,250,240,10
108900102,130,1324,-1194
108900103,128,216,-88
108900104,133,357,-224
108900105,2,1435,-1433
108900106,632,254,378
108900108,376,74,302
108900109,477,82,395
108900110,317,373,-56
108900111,499,372,127
108900112,304,48,256
108900113,52,119,-67
108900114,128,15,113
108900115,98,106,-8
108900116,90,19,71
108900117,250,25,225
108900118,797,26,771
108900119,364,25,339
108900120,378,203,175
108900121,348,147,201
108900122,201,24,177
108900123,196,149,47
108900124,543,278,265
108900125,501,8,493
108900126,129,39,90
108900127,233,28,205
108900128,175,39,136
108900129,900,222,678
108900130,461,6,455
108900131,476,14,462
108900132,617,67,550
108900133,287,72,215
108900134,539,216,323
108900135,166,6,160
108900136,56,1,55
108900137,183,1,182
108900138,926,82,844
108900139,673,76,597
108900140,416,162,254
108900141,464,23,441
108900142,132,2,130
108900143,97,0,97
108900144,112,1,111
108900145,269,22,247
108900146,84,0,84
108900147,331,1,330
108900148,79,25,54
108900149,552,287,265
108900150,367,19,348
108900151,109,12,97
108900152,331,8,323
108900153,206,251,-45
108900154,5132,411,4721
108900155,347,105,242
108900156,107,17,90
108900157,27,365,-338
108900158,480,34,446
108900159,1,177,-176
108900160,18,214,-196
108900161,18,286,-268
108900162,171,11,160
108900163,1,355,-354
108900164,110,135,-25
108900165,127,70,57
108900167,1327,8378,-7051
108900168,6351,2902,3449
108900169,90,110,-20
108900171,5338,3456,1882
108900172,200,42,158
108900173,155,355,-200
108900174,990,630,360
108900176,145,456,-311
108900177,4166,6361,-2195
108900178,3226,3986,-760
108900179,513,1936,-1423
108900180,151,336,-185
108900182,52,391,-339
108900183,236,240,-4
108900184,490,289,201
108900185,125,471,-346
108900186,99,362,-263
108900187,517,52,465
108900188,779,54,725
108900189,583,170,413
108900190,58,2298,-2240
108900191,270,48,222
108900192,104,196,-92
108900193,123,55,68
108900194,25,290,-265
108900195,114,215,-101
108900196,81,257,-176
108900198,6,293,-287
108900199,344,349,-5
108900200,735,358,377
108900201,486,1249,-763
108900203,607,144,463
108900204,424,19,405
108900205,233,40,193
108900206,638,93,545
108900207,219,134,85
108900208,14,305,-291
108900209,179,488,-309
108900210,208,194,14
108900211,189,546,-357
108900212,474,1583,-1109
108900215,62,348,-286
108900216,545,283,262
108900217,121,2,119
108900218,116,15,101
108900219,115,8,107
108900220,76,23,53
108900221,32,183,-151
108900222,313,19,294
108900223,5,128,-123
108900224,31,172,-141
108900225,3,192,-189
108900226,366,45,321
108900227,147,425,-278
108900230,203,194,9
108900231,33,206,-173
108900232,1,249,-248
108900233,546,106,440
108900234,359,125,234
108900235,203,533,-330
108900236,57,353,-296
108900237,83,212,-129
108900240,184,142,42
108900241,78,37,41
108900245,12,1642,-1630
108900249,114,39,75
108900250,381,200,181
108900257,324,405,-81
108900258,9,184,-175
108900259,115,55,60
108900260,14,60,-46
108900261,87,94,-7
108900262,166,143,23
108900263,32,132,-100
108900264,469,326,143
108900265,761,499,262
108900266,615,723,-108
108900267,2,130,-128
108900268,13,20,-7
108900269,156,36,120
108900270,89,12,77
108900271,88,25,63
108900272,305,25,280
108900273,707,943,-236
108900274,63,40,23
109000001,2489,1764,725
109000002,1259,1696,-437
109000003,3110,474,2636
109000004,551,1930,-1379
109000005,2634,622,2012
109000006,731,1934,-1203
109000007,1872,643,1229
109000008,537,1542,-1005
109000009,4394,1364,3030
109000010,1363,3219,-1856
109000011,3940,2479,1461
109000012,1838,2878,-1040
109000013,4482,3785,697
109000014,1998,3027,-1029
109000015,4216,8250,-4034
109000016,5486,3159,2327
109000017,2849,1471,1378
109000018,940,2513,-1573
109000019,2912,1384,1528
109000020,1013,1731,-718
109000023,334,28,306
109000024,3,215,-212
109000025,391,473,-82
109000026,621,343,278
109000027,99,347,-248
109000028,194,83,111
109000029,115,270,-155
109000030,101,559,-458
109000031,291,239,52
109000032,124,482,-358
109000033,351,262,89
109000034,64,70,-6
109000035,20,65,-45
109000036,74,307,-233
109000037,293,1670,-1377
109000038,467,386,81
109000039,1108,1051,57
109000040,4408,10638,-6230
109000041,2280,1979,301
109000042,497,1205,-708
109000044,403,72,331
109000045,137,324,-187
109000046,480,84,396
109000047,95,421,-326
109000048,886,351,535
109000049,297,675,-378
109000050,493,362,131
109000051,305,241,64
109000052,604,728,-124
109000053,242,79,163
109000054,271,429,-158
109000055,269,363,-94
109000056,459,433,26
109000057,959,643,316
109000058,857,294,563
109000059,811,1666,-855
109000060,456,331,125
109000061,756,1245,-489
109000062,218,408,-190
109000063,275,184,91
109000064,331,201,130
109000065,177,218,-41
109000066,517,74,443
109000067,84,225,-141
109000068,2117,10,2107
109000069,1045,27,1018
109000070,7,1391,-1384
109000071,458,92,366
109000072,108,282,-174
109000073,83,117,-34
109000074,27,183,-156
109000075,100,355,-255
109000076,113,263,-150
109000077,360,209,151
109000078,109,195,-86
109000079,154,117,37
109000080,200,108,92
109000081,156,385,-229
109000082,829,165,664
109000083,339,557,-218
109000088,127,445,-318
109000089,313,70,243
109000090,183,376,-193
109000091,416,270,146
109000092,382,413,-31
109000093,306,298,8
109000094,796,3,793
109000095,124,350,-226
109000096,806,306,500
109000097,85,157,-72
109000098,67,200,-133
109000099,1082,338,744
109000100,346,503,-157
109000101,2123,774,1349
109000102,429,763,-334
109000103,578,591,-13
109000104,2181,637,1544
109000105,526,1119,-593
109000106,2310,930,1380
109000107,674,1840,-1166
109000108,2070,670,1400
109000109,523,1572,-1049
109000110,1575,646,929
109000111,995,1600,-605
109000112,480,101,379
109000113,647,177,470
109000114,229,396,-167
109000115,1275,40,1235
109000116,7,264,-257
109000117,327,46,281
109000118,15,282,-267
109000119,1714,249,1465
109000120,242,739,-497
109000121,775,43,732
109000122,179,630,-451
109000123,29,51,-22
109000124,741,441,300
109000125,957,313,644
109000126,443,716,-273
109000127,1214,230,984
109000128,546,1088,-542
109000129,2654,999,1655
109000130,562,1410,-848
109000131,960,768,192
109000132,781,1625,-844
109000133,306,981,-675
109000134,763,1188,-425
109000135,1177,1535,-358
109000136,348,303,45
109000137,418,433,-15
109000138,499,274,225
109000139,595,471,124
109000140,204,311,-107
109000141,625,526,99
109000142,166,573,-407
109000143,132,73,59
109000145,140,266,-126
109000146,51,123,-72
109000148,3137,2165,972
109000149,48,78,-30
109000150,74,372,-298
109000155,1039,622,417
109000156,1133,634,499
109000158,185,289,-104
109000159,154,577,-423
109000160,1133,261,872
109000161,402,968,-566
109000162,2354,666,1688
109000163,1180,1566,-386
109000164,1480,2159,-679
109000165,1560,464,1096
109000166,847,104,743
109000167,151,440,-289
109000170,43,30,13
109000171,77,41,36
109000172,30,80,-50
109000173,30,96,-66
109000174,119,52,67
109000175,55,72,-17
109000176,360,235,125
109000177,36,79,-43
109000178,900,712,188
109000179,4315,5847,-1532
109000180,5555,4405,1150
109000181,13,23,-10
109000182,46,22,24
109000183,50,22,28
109000184,45,15,30
109000185,39,25,14
109000188,650,1639,-989
109000189,2713,938,1775
109000190,679,513,166
109000191,424,420,4
109000192,448,150,298
109000193,213,238,-25
109000194,359,71,288
109000195,168,263,-95
109000196,356,98,258
109000197,245,312,-67
109000198,478,77,401
109000199,119,410,-291
109000206,239,32,207
109000207,131,37,94
109000208,87,102,-15
109000209,185,135,50
109000210,216,492,-276
109000211,857,539,318
109000214,418,248,170
109000215,159,87,72
109000216,331,343,-12
109000217,238,146,92
109000218,495,256,239
109000221,487,942,-455
109000222,1188,331,857
109000223,373,370,3
109000224,53,104,-51
109000225,92,37,55
109000226,71,152,-81
109000227,1276,1115,161
109000228,7,1148,-1141
109000231,1,273,-272
109000232,476,257,219
109000236,367,606,-239
109000241,2519,1789,730
109000242,2162,1191,971
109000293,30,88,-58
109000361,103,218,-115
109000364,258,505,-247
109000396,9,376,-367
109000397,789,8,781
109000399,120,421,-301
109000400,63,205,-142
109000403,125,1162,-1037
109000406,289,9,280
109000407,323,208,115
109000408,1,287,-286
109000410,1302,375,927
109000411,276,21,255
109900001,125,0,125
109900002,768,33,735
109900003,328,3,325
109900004,841,105,736
109900005,40,6,34
109900006,600,231,369
109900007,1158,398,760
109900008,1,32,-31
109900009,142,424,-282
109900010,715,19,696
109900011,100,58,42
109900012,505,220,285
109900013,454,227,227
109900014,568,59,509
109900015,511,284,227
109900016,179,28,151
109900017,209,255,-46
109900018,330,75,255
109900019,373,46,327
109900020,53,37,16
109900021,52,13,39
109900022,137,198,-61
109900023,7,7,0
109900024,43,4,39
109900025,17,50,-33
109900026,5,178,-173
109900027,65,26,39
109900028,927,1206,-279
109900029,8,265,-257
109900030,50,9,41
109900031,1,111,-110
109900032,14,311,-297
109900033,7,492,-485
109900034,53,2,51
109900035,22,35,-13
109900036,42,31,11
109900037,30,400,-370
109900038,165,228,-63
109900039,7,0,7
109900040,42,440,-398
109900041,62,296,-234
109900042,41,587,-546
109900044,152,220,-68
109900045,151,63,88
109900046,31,59,-28
109900047,295,278,17
109900048,20,103,-83
109900049,20,36,-16
109900050,3,87,-84
109900051,0,54,-54
109900052,107,287,-180
109900053,3,178,-175
109900054,888,338,550
109900055,71,274,-203
109900056,26,207,-181
109900057,6,100,-94
109900058,0,84,-84
109900059,948,169,779
109900060,611,127,484
109900061,66,264,-198
109900062,0,147,-147
109900063,30,558,-528
109900064,522,242,280
109900065,99,139,-40
109900066,324,718,-394
109900067,1,183,-182
109900068,135,4,131
109900069,4,33,-29
109900070,73,321,-248
109900071,5,22,-17
109900072,42,164,-122
109900073,554,408,146
109900074,13,27,-14
109900075,50,37,13
109900076,19,150,-131
109900077,26,43,-17
109900078,111,208,-97
109900080,115,283,-168
109900081,44,294,-250
109900082,41,315,-274
109900083,7,65,-58
109900084,66,148,-82
109900085,224,546,-322
109900086,176,503,-327
109900087,318,625,-307
109900089,781,261,520
109900090,516,912,-396
109900091,456,99,357
109900092,473,26,447
109900093,1103,202,901
109900094,80,119,-39
109900095,165,195,-30
109900096,33,4,29
109900097,113,3,110
109900098,492,44,448
109900099,251,6,245
109900100,72,0,72
109900101,655,12,643
109900102,676,39,637
109900103,47,29,18
109900104,685,562,123
109900105,641,23,618
109900106,604,56,548
109900107,878,111,767
109900108,115,272,-157
109900109,37,124,-87
109900110,128,325,-197
109900111,308,721,-413
109900112,378,498,-120
109900113,1121,719,402
109900114,864,1523,-659
109900115,212,112,100
109900117,1221,154,1067
109900118,190,432,-242
109900119,603,405,198
109900120,96,31,65
109900121,475,589,-114
109900122,553,9,544
109900123,28,144,-116
109900124,73,338,-265
109900125,1,139,-138
109900126,358,110,248
109900128,424,37,387
109900130,5635,2555,3080
109900131,43,134,-91
109900132,40,124,-84
109900133,132,235,-103
109900134,75,72,3
109900135,361,74,287
109900136,50,128,-78
109900137,176,276,-100
109900140,282,147,135
109900142,1720,341,1379
109900145,6,664,-658
109900146,523,65,458
109900148,45,91,-46
109900149,28,60,-32
109900150,6,81,-75
109900151,7,56,-49
109900152,0,28,-28
109900153,0,40,-40
109900154,75,0,75
109900155,138,27,111
109900157,70,178,-108
109900158,54,148,-94
109900159,222,46,176
109900160,191,79,112
109900161,222,96,126
109900162,245,99,146
109900163,701,347,354
109900164,84,225,-141
109900165,342,5,337
109900166,2,127,-125
109900167,212,445,-233
109900168,203,579,-376
109900169,334,194,140
109900170,231,1042,-811
109900171,227,96,131
109900172,283,328,-45
109900173,2361,2877,-516
109900174,80,121,-41
109900175,94,96,-2
109900176,138,134,4
109900177,55,180,-125
109900178,2,146,-144
109900179,33,14,19
109900180,3,7,-4
110000001,1002,526,476
110000002,642,805,-163
110000003,914,726,188
110000004,481,733,-252
110000005,395,1887,-1492
110000006,296,333,-37
110000007,184,83,101
110000008,17,66,-49
110000009,66,23,43
110000010,44,73,-29
110000011,50,64,-14
110000012,719,320,399
110000013,39,638,-599
110000014,608,411,197
110000015,266,546,-280
110000016,197,1686,-1489
110000017,2595,276,2319
110000018,2178,394,1784
110000019,10,90,-80
110000020,705,287,418
110000021,419,394,25
110000022,1060,219,841
110000023,11,172,-161
110000024,809,376,433
110000025,434,13,421
110000026,6,255,-249
110000027,758,1140,-382
110000028,926,729,197
110000029,596,654,-58
110000030,296,376,-80
110000031,360,405,-45
110000032,937,440,497
110000033,351,153,198
110000034,521,637,-116
110000035,1127,574,553
110000036,1006,575,431
110000037,340,404,-64
110000038,265,671,-406
110000039,745,3521,-2776
110000040,314,306,8
110000041,368,1696,-1328
110000042,98,333,-235
110000043,895,395,500
110000044,98,375,-277
110000045,1114,129,985
110000046,4,24,-20
110000047,116,33,83
110000048,13,31,-18
110000049,28,19,9
110000050,9,103,-94
110000051,36,12,24
110000052,30,27,3
110000053,244,45,199
110000054,177,396,-219
110000055,624,79,545
110000056,198,93,105
110000057,481,597,-116
110000058,1613,471,1142
110000059,1196,552,644
110000060,1011,1011,0
110000061,956,749,207
110000062,693,911,-218
110000063,35,139,-104
110000064,114,65,49
110000065,78,105,-27
110000066,95,41,54
110000067,90,149,-59
110000068,513,132,381
110000069,315,87,228
110000071,239,91,148
110000073,8,17,-9
110000075,14,67,-53
110000076,302,346,-44
110000077,405,1094,-689
110000078,53,40,13
110000080,246,615,-369
110000081,68,310,-242
110000082,64,477,-413
110000083,249,592,-343
110000084,1596,1037,559
110000085,1548,1600,-52
110000086,1401,2736,-1335
110000087,15,64,-49
110000088,110,255,-145
110000089,286,100,186
110000090,152,233,-81
110000091,966,243,723
110000092,21,69,-48
110000093,58,23,35
110000094,504,328,176
110000095,295,642,-347
110000096,1722,1859,-137
110000097,1200,1408,-208
110000098,2198,760,1438
110000099,809,1500,-691
110000100,1272,425,847
110000101,54,259,-205
110000102,87,16,71
110000104,354,164,190
110000105,61,259,-198
110000106,752,502,250
110000107,254,402,-148
110000108,164,96,68
110000109,339,272,67
110000110,2720,5957,-3237
110000111,5820,3269,2551
110000112,1071,1772,-701
110000113,309,2838,-2529
110000114,201,694,-493
110000115,432,302,130
110000116,40,53,-13
110000117,273,242,31
110000118,471,132,339
110000119,297,334,-37
110000120,426,166,260
110000121,56,460,-404
110000122,428,614,-186
110000123,729,852,-123
110000124,2,829,-827
110000125,1204,15,1189
110000126,412,40,372
110000127,1415,74,1341
110000128,41,1239,-1198
110000129,11,493,-482
110000130,385,233,152
110000131,143,256,-113
110000132,1,652,-651
110000133,89,429,-340
110000134,22,350,-328
110000135,187,25,162
110000136,87,270,-183
110000137,632,500,132
110000138,984,552,432
110000139,1000,976,24
110000140,1221,755,466
110000143,623,360,263
110000144,5234,2171,3063
110000145,1850,1556,294
110000146,2465,964,1501
110000147,591,775,-184
110000148,718,219,499
110000151,1068,1438,-370
110000152,1018,564,454
110000153,175,36,139
110000154,61,36,25
110000155,1710,4773,-3063
110000156,1089,2819,-1730
110000157,2045,2793,-748
110000160,460,278,182
110000161,259,238,21
110000166,792,141,651
110000167,1181,601,580
110000168,1089,571,518
110000169,1107,406,701
110000170,121,87,34
110000171,731,195,536
110000172,168,668,-500
110000173,985,1025,-40
110000174,246,726,-480
110000175,765,58,707
110000176,107,368,-261
110000177,224,956,-732
110000178,426,1687,-1261
110000179,1096,316,780
110000180,281,241,40
110000181,617,401,216
110000182,370,131,239
110000183,7652,7757,-105
110000184,387,2555,-2168
110000185,813,692,121
110000186,801,693,108
110000191,1367,312,1055
110000192,703,16,687
110000193,1461,15,1446
110000194,22,955,-933
110000195,588,254,334
110000196,540,287,253
110000197,135,147,-12
110000198,104,79,25
110000199,66,140,-74
110000200,1044,551,493
110000201,1005,1221,-216
110000202,1479,695,784
110000203,713,788,-75
110000204,4,243,-239
110000205,151,59,92
110000206,627,1100,-473
110000207,1316,400,916
110000208,257,242,15
110000209,180,793,-613
110000210,1525,470,1055
110000211,914,628,286
110000212,552,1111,-559
110000213,290,62,228
110000214,327,87,240
110000215,212,331,-119
110000216,104,249,-145
110000217,411,132,279
110000218,230,260,-30
110000219,412,84,328
110000220,87,193,-106
110000221,425,55,370
110000222,106,192,-86
110000223,2,138,-136
110000224,52,15,37
110000225,296,685,-389
110000226,259,66,193
110000227,711,816,-105
110000228,332,122,210
110000229,1,198,-197
110000230,479,557,-78
110000231,163,176,-13
110000232,189,288,-99
110000233,194,285,-91
110000234,698,893,-195
110000235,974,1110,-136
110000236,679,571,108
110000237,2189,1150,1039
110000238,1253,1411,-158
110000239,2157,1178,979
110000240,0,67,-67
110000242,0,22,-22
110000243,159,142,17
110000244,154,409,-255
110000245,46,322,-276
110000246,893,452,441
110000247,1261,6504,-5243
110000248,2387,2071,316
110000249,82,20,62
110000250,51,273,-222
110000251,373,750,-377
110000252,255,171,84
110000253,1825,936,889
110000254,686,1421,-735
110000255,219,974,-755
110000256,611,304,307
110000257,724,508,216
110000258,9,421,-412
110000259,147,29,118
110000260,19,204,-185
110000263,583,164,419
110000264,324,452,-128
110000265,1227,2019,-792
110000266,1959,3348,-1389
110000267,34,157,-123
110000268,348,532,-184
110000269,4,73,-69
110000270,94,9,85
110000271,1314,286,1028
110000272,1454,1132,322
110000273,3444,1748,1696
110000274,208,1732,-1524
110000275,1904,619,1285
110000276,308,427,-119
110000277,404,376,28
110000278,362,698,-336
110000279,936,857,79
110000280,495,421,74
110000281,60,347,-287
110000282,302,10,292
110000283,67,155,-88
110000284,52,25,27
110000285,1,719,-718
110000286,24,0,24
110000287,103,6,97
110000288,6,90,-84
110000289,495,2046,-1551
110000290,806,627,179
110000291,5318,1302,4016
110000292,1550,5310,-3760
110000293,766,636,130
110000294,1280,1347,-67
110000295,172,847,-675
110000296,612,404,208
110000297,2835,355,2480
110000298,241,637,-396
110000299,351,114,237
110000301,363,36,327
110000302,411,748,-337
110000303,483,8,475
110000304,205,211,-6
110000305,1494,19,1475
110000306,232,1091,-859
110000307,1990,9,1981
110000308,756,7,749
110000309,11,731,-720
110000310,792,57,735
110000311,15,653,-638
110000312,529,137,392
110000313,3017,4771,-1754
110000314,3,340,-337
110000315,2909,2956,-47
110000316,546,1396,-850
110000317,386,545,-159
110000318,9,89,-80
110000319,10,41,-31
110000320,58,92,-34
110000321,44,52,-8
110000322,395,403,-8
110000323,536,225,311
110000324,3425,1991,1434
110000325,2241,3047,-806
110000327,546,326,220
110000328,216,416,-200
110000333,972,842,130
110000334,1012,1446,-434
110000335,963,656,307
110000336,871,938,-67
110000337,1505,749,756
110000338,638,193,445
110000339,326,242,84
110000340,44,176,-132
110000341,582,509,73
110000342,413,4,409
110000343,0,17,-17
110000344,95,144,-49
110000345,143,166,-23
110000346,2204,2194,10
110000347,1200,806,394
110000348,39,19,20
110000349,14,15,-1
110000350,56,10,46
110000351,1158,752,406
110000352,907,1602,-695
110000353,2381,724,1657
110000354,1548,3212,-1664
110000355,115,82,33
110000356,728,11,717
110000357,433,13,420
110000361,53,47,6
110000362,85,71,14
110000363,550,121,429
110000364,298,298,0
110000365,149,0,149
110000366,1,132,-131
110000367,391,176,215
110000368,7,75,-68
110000369,48,3,45
110000373,1,291,-290
110000374,132,17,115
110000375,123,846,-723
110000376,46,75,-29
110000377,100,575,-475
110000378,13,380,-367
110000379,2345,1882,463
110000380,54,17,37
110000383,1,1128,-1127
110000384,1540,1013,527
110000385,1,213,-212
110000387,126,13,113
110000388,50,223,-173
110000389,910,8,902
110000391,909,297,612
110000396,194,153,41
110000397,169,136,33
110000398,4,35,-31
110000399,206,2,204
110000587,97,66,31
110000589,221,121,100
110000640,204,53,151
110000652,18,355,-337
110000653,344,431,-87
110000654,66,375,-309
110000656,5,446,-441
110000674,42,65,-23
110000675,90,141,-51
110000676,53,84,-31
110000679,309,1494,-1185
110000682,135,232,-97
110000683,297,476,-179
110000684,16,53,-37
110000685,9,21,-12
110000686,5,62,-57
110000687,80,6,74
110000688,88,993,-905
110000689,36,17,19
110000692,61,256,-195
110000693,80,340,-260
110000694,0,207,-207
110000695,263,753,-490
110000696,92,52,40
110900001,322,18,304
110900002,362,185,177
110900003,1091,544,547
110900004,658,177,481
110900005,2135,2629,-494
110900006,67,18,49
110900007,156,44,112
110900008,2,31,-29
110900009,586,186,400
110900010,11,68,-57
110900011,40,55,-15
110900012,15,81,-66
110900013,1162,119,1043
110900014,253,18,235
110900015,421,848,-427
110900016,65,121,-56
110900017,511,51,460
110900018,517,68,449
110900019,233,30,203
110900020,131,228,-97
110900021,105,455,-350
110900022,90,262,-172
110900023,107,485,-378
110900024,44,324,-280
110900025,1,49,-48
110900027,85,242,-157
110900028,39,129,-90
110900029,33,299,-266
110900030,54,208,-154
110900031,11,124,-113
110900032,0,50,-50
110900033,47,201,-154
110900035,28,458,-430
110900036,104,15,89
110900037,73,13,60
110900038,929,201,728
110900039,9,266,-257
110900040,255,39,216
110900041,24,74,-50
110900042,197,66,131
110900043,5,77,-72
110900044,224,26,198
110900045,41,322,-281
110900046,44,209,-165
110900047,438,392,46
110900049,143,93,50
110900050,26,0,26
110900051,23,212,-189
110900052,2,154,-152
110900053,136,54,82
110900054,47,171,-124
110900055,38,3,35
110900056,74,121,-47
110900057,7,105,-98
110900058,357,201,156
110900059,565,470,95
110900060,589,111,478
110900061,23,58,-35
110900062,180,203,-23
110900063,36,107,-71
110900064,5,0,5
110900065,319,165,154
110900066,10,52,-42
110900067,291,618,-327
110900068,249,201,48
110900069,5,21,-16
110900070,112,51,61
110900071,273,809,-536
110900073,2,19,-17
110900074,404,99,305
110900075,456,75,381
110900077,1136,593,543
110900078,56,40,16
110900079,1806,1685,121
110900080,151,90,61
110900081,3,51,-48
110900082,182,102,80
110900083,135,60,75
110900084,91,79,12
110900085,58,249,-191
110900086,131,375,-244
110900087,415,55,360
110900088,9,1,8
110900090,47,77,-30
110900091,1,52,-51
110900093,251,106,145
110900095,63,60,3
110900097,17,20,-3
110900098,52,54,-2
110900099,80,357,-277
110900100,0,21,-21
110900102,49,24,25
110900105,1052,219,833
110900108,13,46,-33
110900111,339,148,191
110900112,1075,9,1066
110900113,397,51,346
110900115,20,58,-38
110900116,937,1316,-379
110900118,99,3475,-3376
110900119,2978,336,2642
110900120,15,73,-58
110900121,162,3,159
110900122,556,201,355
110900125,492,546,-54
110900127,645,1668,-1023
110900128,294,325,-31
110900129,486,1187,-701
110900130,977,818,159
110900131,239,40,199
110900132,417,75,342
110900133,101,168,-67
110900135,76,321,-245
110900136,412,15,397
110900137,30,1,29
110900138,762,636,126
110900139,18,219,-201
110900140,31,4,27
110900141,9,224,-215
110900142,65,167,-102
110900143,267,98,169
110900144,2,540,-538
110900145,261,68,193
110900146,321,267,54
110900147,145,361,-216
110900148,8,269,-261
110900149,5,76,-71
110900150,90,31,59
110900151,19,107,-88
110900152,68,211,-143
110900153,177,52,125
111000001,636,473,163
111000002,793,524,269
111000003,1352,654,698
111000004,397,880,-483
111000005,1273,1196,77
111000006,893,1644,-751
111000007,4737,2879,1858
111000008,1897,3211,-1314
111000009,448,849,-401
111000010,946,313,633
111000011,351,1412,-1061
111000012,588,474,114
111000013,425,1234,-809
111000014,1315,513,802
111000017,113,911,-798
111000018,252,368,-116
111000020,817,2248,-1431
111000021,80,106,-26
111000023,111,124,-13
111000025,3914,4138,-224
111000029,76,131,-55
111000030,22,122,-100
111000031,2089,1267,822
111000032,526,400,126
111000033,255,334,-79
111000034,149,264,-115
111000037,1253,779,474
111000038,3470,2386,1084
111000039,2093,2061,32
111000040,1760,1939,-179
111000041,1574,1431,143
111000042,2469,2062,407
111000043,2228,3495,-1267
111000044,2011,1313,698
111000045,2688,2711,-23
111000046,2069,2077,-8
111000047,2945,4709,-1764
111000049,518,472,46
111000050,1490,1111,379
111000051,571,980,-409
111000052,574,1689,-1115
111000053,389,817,-428
111000054,415,680,-265
111000055,960,1528,-568
111000056,147,412,-265
111000057,139,419,-280
111000058,499,68,431
111000059,570,278,292
111000060,4468,982,3486
111000061,627,332,295
111000062,941,340,601
111000063,2008,1056,952
111000064,790,531,259
111000065,1286,1008,278
111000066,569,432,137
111000067,617,583,34
111000068,658,943,-285
111000069,1806,1915,-109
111000070,1061,940,121
111000071,237,528,-291
111000072,1375,619,756
111000073,386,909,-523
111000074,1690,1677,13
111000075,1163,612,551
111000076,599,571,28
111000077,1839,1807,32
111000078,2997,1427,1570
111000079,1406,826,580
111000080,685,677,8
111000081,1635,3942,-2307
111000082,885,555,330
111000084,968,628,340
111000085,1052,1043,9
111000086,2604,861,1743
111000087,769,541,228
111000088,4643,2469,2174
111000089,835,785,50
111000090,914,1369,-455
111000091,888,483,405
111000092,1653,889,764
111000093,951,1185,-234
111000094,2010,1072,938
111000095,774,2595,-1821
111000096,1590,8511,-6921
111000097,4281,1560,2721
111000098,901,1033,-132
111000099,699,1509,-810
111000100,425,1325,-900
111000101,455,961,-506
111000102,303,647,-344
111000104,844,196,648
111000107,184,748,-564
111000109,1026,287,739
111000110,1827,771,1056
111000111,2675,604,2071
111000112,2123,700,1423
111000113,1102,1859,-757
111000114,2196,3913,-1717
111000115,5530,1323,4207
111000116,923,946,-23
111000117,426,883,-457
111000118,1398,796,602
111000119,1201,884,317
111000120,584,630,-46
111000121,367,735,-368
111000122,676,888,-212
111000123,1267,2212,-945
111000124,467,2201,-1734
111000125,289,1141,-852
111000126,111,732,-621
111000127,1147,180,967
111000128,2312,322,1990
111000129,3307,511,2796
111000130,2679,737,1942
111000131,2032,583,1449
111000132,1912,985,927
111000133,214,147,67
111000134,235,87,148
111000135,56,176,-120
111000136,408,312,96
111000138,12,9,3
111000140,5,8,-3
111000141,244,355,-111
111000142,7,113,-106
111000143,3,195,-192
111000144,13,512,-499
111000145,852,8,844
111000146,135,18,117
111000147,286,28,258
111000148,143,69,74
111000149,1,40,-39
111000150,21,5,16
111000151,23,17,6
111000153,550,818,-268
111000154,759,248,511
111000155,128,176,-48
111000156,574,753,-179
111000157,270,1161,-891
111000158,871,779,92
111000159,2616,772,1844
111000160,497,326,171
111000161,10,302,-292
111000162,79,135,-56
111000163,824,727,97
111000164,553,3108,-2555
111000165,840,459,381
111000166,1695,358,1337
111000167,193,350,-157
111000168,219,381,-162
111000169,377,647,-270
111000170,433,420,13
111000171,554,584,-30
111000172,207,399,-192
111000173,375,761,-386
111000174,261,279,-18
111000175,73,297,-224
111000176,359,111,248
111000177,424,207,217
111000178,1502,254,1248
111000179,222,181,41
111000180,293,481,-188
111000181,1437,191,1246
111000182,266,175,91
111000183,387,304,83
111000184,331,244,87
111000185,424,404,20
111000186,351,248,103
111000187,168,152,16
111000188,292,334,-42
111000189,835,497,338
111000190,226,277,-51
111000191,209,244,-35
111000192,220,381,-161
111000193,280,236,44
111000194,64,271,-207
111000195,131,274,-143
111000196,106,157,-51
111000197,499,114,385
111000198,578,99,479
111000199,284,159,125
111000200,463,300,163
111000201,748,211,537
111000202,379,194,185
111000203,377,303,74
111000204,562,1385,-823
111000213,237,489,-252
111000214,1479,1256,223
111000215,1192,1182,10
111000217,1705,1031,674
111000218,1494,1230,264
111000219,505,194,311
111000220,1254,599,655
111000221,499,91,408
111000224,40,250,-210
111000225,434,317,117
111000226,91,2,89
111000227,29,5,24
111000228,18,430,-412
111000229,45,1074,-1029
111000230,261,278,-17
111000231,1210,629,581
111000232,581,790,-209
111000233,1280,645,635
111000234,132,481,-349
111000239,102,152,-50
111000240,62,240,-178
111000241,41,281,-240
111000242,241,72,169
111000243,135,388,-253
111000244,614,92,522
111000245,1184,381,803
111000246,735,288,447
111000247,430,681,-251
111000248,950,368,582
111000249,548,505,43
111000250,60,67,-7
111000251,42,88,-46
111000253,6,26,-20
111000255,41,13,28
111000257,44,23,21
111000260,83,939,-856
111000261,1533,112,1421
111000271,42,306,-264
111000273,3095,1220,1875
111000274,1471,2216,-745
111000275,172,42,130
111000276,278,1318,-1040
111000277,219,317,-98
111000278,720,230,490
111000291,826,6705,-5879
111000298,684,236,448
111000299,838,143,695
111000300,114,535,-421
111000302,386,67,319
111000303,64,182,-118
111000312,43,78,-35
111000315,6,106,-100
111000320,297,607,-310
111000321,520,143,377
111000322,380,362,18
111000323,299,37,262
111000324,434,215,219
111000325,43,68,-25
111000326,253,259,-6
111000327,479,282,197
111000328,294,485,-191
111000329,0,42,-42
111000330,75,3,72
111000331,11,2,9
111000332,629,1242,-613
111000334,377,1120,-743
111000335,1028,265,763
111000337,1584,374,1210
111000338,101,109,-8
111000339,830,281,549
111000340,122,462,-340
111000341,1402,679,723
111000342,170,961,-791
111000344,1187,757,430
111000345,202,72,130
111000346,18,137,-119
111000347,182,15,167
111000350,193,125,68
111000351,106,429,-323
111000352,209,148,61
111000353,177,248,-71
111000354,647,146,501
111000355,319,582,-263
111000358,148,923,-775
111000360,271,520,-249
111000361,169,199,-30
111000546,927,543,384
111000547,537,446,91
111000548,119,364,-245
111000549,367,268,99
111000550,92,1066,-974
111000551,765,159,606
111000552,1184,185,999
111000907,596,8,588
111000908,36,0,36
111000916,2052,323,1729
111000917,21,367,-346
111000918,243,658,-415
111000920,673,16,657
111000921,13,179,-166
111000922,600,253,347
111000924,46,590,-544
111000925,3097,1889,1208
111000926,1150,1422,-272
111000927,3242,4465,-1223
111000928,4136,2817,1319
111000929,1580,1307,273
111000930,748,1851,-1103
111000931,2335,2717,-382
111000932,3608,1880,1728
111000933,3859,2617,1242
111000934,1897,3152,-1255
111000935,1924,1037,887
111000936,1175,1882,-707
111000937,1260,1374,-114
111000938,1440,1335,105
111000939,706,45,661
111000940,589,138,451
111000941,437,440,-3
111000943,559,240,319
111000944,207,306,-99
111000945,110,1057,-947
111001109,497,475,22
111001110,167,431,-264
111001111,114,24,90
111001112,126,5,121
111001113,3,189,-186
111001114,702,192,510
111001115,72,682,-610
111001116,4158,4255,-97
111001117,595,2746,-2151
111001120,129,273,-144
111001121,220,181,39
111001122,235,358,-123
111001123,321,73,248
111001124,102,145,-43
111001125,5,145,-140
111900001,18,109,-91
111900002,23,536,-513
111900003,3,248,-245
111900004,52,137,-85
111900006,23,49,-26
111900007,160,2,158
111900008,282,10,272
111900009,255,159,96
111900010,337,422,-85
111900012,76,75,1
111900013,66,73,-7
111900014,4081,4811,-730
111900015,0,56,-56
111900016,0,99,-99
111900017,0,88,-88
111900018,242,4,238
111900019,3,144,-141
111900020,1,58,-57
111900021,30,99,-69
111900022,20,72,-52
111900023,123,91,32
111900024,5,44,-39
111900025,0,25,-25
111900026,1,60,-59
111900027,2,89,-87
111900028,1,261,-260
111900029,11,80,-69
111900030,19,361,-342
111900031,39,46,-7
111900032,1,264,-263
111900033,6,62,-56
111900034,158,483,-325
111900035,60,240,-180
111900036,2,221,-219
111900038,227,537,-310
111900039,61,335,-274
111900040,2,409,-407
111900042,39,114,-75
111900043,0,248,-248
111900044,290,179,111
111900046,28,120,-92
111900048,299,530,-231
111900049,24,170,-146
111900050,98,33,65
111900051,3,183,-180
111900052,324,406,-82
111900053,922,2124,-1202
111900054,180,1,179
111900055,10,335,-325
111900056,191,342,-151
111900057,155,26,129
111900058,607,448,159
111900059,1452,669,783
111900060,346,4,342
111900061,8,147,-139
111900062,26,79,-53
111900063,312,244,68
111900064,87,170,-83
111900065,99,24,75
111900066,116,202,-86
111900067,1,270,-269
111900068,73,78,-5
111900069,94,34,60
111900070,180,92,88
111900071,4,170,-166
111900072,69,34,35
111900073,992,186,806
111900074,8,120,-112
111900075,114,14,100
111900076,204,102,102
111900077,63,5,58
111900078,419,23,396
111900079,52,48,4
111900080,249,274,-25
111900082,238,45,193
111900083,173,8,165
111900084,114,7,107
111900085,68,154,-86
111900086,44,11,33
111900087,61,4,57
111900088,693,15,678
111900089,136,7,129
111900090,59,51,8
111900091,346,6,340
111900092,155,1,154
111900093,520,7,513
111900094,167,0,167
111900095,272,40,232
111900096,281,0,281
111900097,110,0,110
111900098,311,3,308
111900099,88,1,87
111900100,132,10,122
111900101,127,34,93
111900102,757,462,295
111900103,117,142,-25
111900104,161,94,67
111900105,372,225,147
111900106,824,55,769
111900110,1640,435,1205
111900111,220,142,78
111900112,473,3189,-2716
111900113,281,92,189
111900118,420,116,304
111900119,371,153,218
111900122,115,120,-5
111900123,20,33,-13
111900124,41,92,-51
111900125,703,48,655
111900126,310,9,301
111900127,2,429,-427
111900128,1,402,-401
111900129,407,5,402
111900130,235,52,183
111900131,593,5,588
111900132,21,775,-754
111900133,17,206,-189
111900134,14,191,-177
111900135,22,51,-29
111900136,72,190,-118
111900137,82,41,41
111900138,19,72,-53
111900139,19,103,-84
111900140,178,32,146
111900141,82,12,70
111900142,117,56,61
111900143,15,151,-136
111900144,0,88,-88
111900145,0,338,-338
111900146,1,167,-166
111900147,100,322,-222
111900148,30,482,-452
111900149,13,227,-214
111900150,19,159,-140
111900151,5,24,-19
111900152,92,86,6
111900153,1145,764,381
111900154,21,330,-309
111900155,61,129,-68
111900156,76,112,-36
111900157,188,29,159
111900158,573,107,466
111900159,413,31,382
111900160,398,2,396
111900161,267,3,264
111900162,86,182,-96
111900163,48,178,-130
111900164,189,82,107
111901113,685,211,474
111901114,244,270,-26
111901115,121,2,119
111901116,37,1,36
111901117,26,29,-3
111901118,60,308,-248
111901119,571,54,517
111901121,130,192,-62
111901122,8,374,-366
111901123,232,268,-36
111901124,271,6,265
111901125,413,199,214
111901127,540,661,-121
111901128,18,93,-75
111901129,3,125,-122
111901130,5,160,-155
111901131,6,280,-274
111901132,68,17,51
111901133,56,3,53
111901134,112,8,104
111901135,49,17,32
111901136,45,69,-24
111901137,1,40,-39
111901138,245,34,211
111901139,20,13,7
111901140,12,69,-57
111901141,7,115,-108
111901142,3,88,-85
111901143,2,90,-88
111901144,36,68,-32
111901145,224,401,-177
111901146,307,14,293
112000001,2232,680,1552
112000002,699,1895,-1196
112000003,1922,1173,749
112000004,767,795,-28
112000005,4036,3921,115
112000006,2148,1563,585
112000007,4042,2609,1433
112000008,2917,4108,-1191
112000009,2869,2485,384
112000010,3759,4270,-511
112000011,1520,1759,-239
112000012,4710,6446,-1736
112000013,3302,3484,-182
112000014,2418,3689,-1271
112000015,2383,4196,-1813
112000016,4743,2417,2326
112000017,2370,3983,-1613
112000024,2065,848,1217
112000026,2612,3304,-692
112000027,905,659,246
112000028,1058,1362,-304
112000029,633,804,-171
112000030,139,99,40
112000031,1394,5443,-4049
112000032,187,56,131
112000033,1826,3178,-1352
112000034,155,72,83
112000035,108,610,-502
112000036,981,1549,-568
112000037,804,862,-58
112000038,1478,1419,59
112000039,86,71,15
112000040,63,200,-137
112000041,482,441,41
112000042,1082,458,624
112000050,1274,1532,-258
112000051,1191,1790,-599
112000054,1520,1624,-104
112000057,620,380,240
112000058,312,678,-366
112000059,675,1039,-364
112000061,2788,2170,618
112000062,1729,1233,496
112000063,1235,2490,-1255
112000064,3906,4970,-1064
112000065,1736,2239,-503
112000066,3941,1738,2203
112000067,751,701,50
112000068,3837,2994,843
112000069,675,1873,-1198
112000070,2066,1053,1013
112000071,1252,2623,-1371
112000072,3262,992,2270
112000073,2071,2322,-251
112000074,1799,1323,476
112000075,1559,1432,127
112000076,3596,2482,1114
112000077,744,489,255
112000078,2056,675,1381
112000079,1537,1381,156
112000080,876,685,191
112000081,1358,2442,-1084
112000082,1690,829,861
112000083,685,1165,-480
112000084,1580,762,818
112000085,1353,878,475
112000086,1918,1128,790
112000087,560,426,134
112000088,921,473,448
112000089,323,342,-19
112000090,240,276,-36
112000091,725,856,-131
112000092,2416,1119,1297
112000093,1731,752,979
112000094,757,776,-19
112000095,698,828,-130
112000096,676,645,31
112000097,1588,882,706
112000098,972,857,115
112000099,991,1903,-912
112000100,2351,857,1494
112000101,647,713,-66
112000102,1648,479,1169
112000103,398,781,-383
112000105,528,1172,-644
112000106,2073,435,1638
112000107,41,173,-132
112000108,255,1483,-1228
112000109,106,74,32
112000110,2327,674,1653
112000111,1009,4127,-3118
112000112,4239,759,3480
112000113,841,1449,-608
112000114,2774,1078,1696
112000115,399,406,-7
112000116,852,1102,-250
112000117,1092,893,199
112000118,964,729,235
112000119,522,589,-67
112000120,90,270,-180
112000121,153,413,-260
112000122,397,161,236
112000123,1011,159,852
112000124,443,73,370
112000125,314,304,10
112000126,341,303,38
112000127,2521,2891,-370
112000128,848,834,14
112000129,140,102,38
112000130,246,84,162
112000131,63,230,-167
112000132,159,243,-84
112000133,426,174,252
112000134,495,357,138
112000135,1450,679,771
112000136,986,1237,-251
112000137,1937,1888,49
112000138,1367,1269,98
112000139,930,765,165
112000140,824,1152,-328
112000141,1092,336,756
112000142,190,493,-303
112000143,1361,220,1141
112000144,339,975,-636
112000145,3235,537,2698
112000146,555,1460,-905
112000147,2904,1871,1033
112000148,1553,2093,-540
112000149,617,506,111
112000150,318,540,-222
112000151,396,325,71
112000152,489,327,162
112000153,203,204,-1
112000154,140,198,-58
112000155,195,196,-1
112000157,735,585,150
112000158,347,370,-23
112000159,599,334,265
112000167,461,103,358
112000169,324,488,-164
112000173,909,232,677
112000175,437,318,119
112000176,2414,2231,183
112000177,1137,272,865
112000178,93,353,-260
112000179,334,106,228
112000180,279,376,-97
112000181,1456,1596,-140
112000182,1710,1258,452
112000183,23,53,-30
112000184,565,344,221
112000185,582,410,172
112000187,4535,2686,1849
112000195,149,33,116
112000196,305,3,302
112000197,316,324,-8
112000198,57,296,-239
112000199,1021,848,173
112000202,586,2,584
112000216,84,279,-195
112000230,118,9,109
112000231,8,261,-253
112000256,86,284,-198
112000313,63,92,-29
112000314,75,24,51
112000337,351,622,-271
112000352,293,445,-152
112000392,1796,1402,394
112000398,1791,891,900
112000399,1694,2706,-1012
112000400,1725,2400,-675
112000401,2241,1926,315
112000402,3808,3970,-162
112000403,1565,3580,-2015
112000404,1048,1025,23
112000405,2465,3164,-699
112000406,2840,1860,980
112000407,8608,8660,-52
112000408,7135,5402,1733
112000409,1590,3516,-1926
112000410,532,370,162
112000411,3223,1801,1422
112000412,1497,560,937
112000413,6738,6793,-55
112000414,87,71,16
112000415,144,57,87
112000416,3366,1414,1952
112000417,329,90,239
112000421,65,104,-39
112000422,435,268,167
112000424,1861,3208,-1347
112000425,449,666,-217
112000426,172,360,-188
112000427,2,7,-5
112000428,242,322,-80
112000429,2119,2207,-88
112000430,2566,2888,-322
112000431,94,194,-100
112000432,685,971,-286
112000433,383,990,-607
112000437,63,157,-94
112900001,114,2,112
112900002,629,746,-117
112900003,147,293,-146
112900004,64,208,-144
112900005,329,167,162
112900006,6,318,-312
112900007,72,173,-101
112900008,2,53,-51
112900009,448,137,311
112900010,453,720,-267
112900011,145,243,-98
112900012,0,61,-61
112900013,7,283,-276
112900014,6,335,-329
112900015,421,757,-336
112900016,12,241,-229
112900017,49,234,-185
112900018,1,152,-151
112900019,36,179,-143
112900020,417,1157,-740
112900021,2,159,-157
112900022,8,101,-93
112900023,1,123,-122
112900024,14,204,-190
112900025,108,306,-198
112900026,8,215,-207
112900027,6,823,-817
112900028,21,101,-80
112900029,26,479,-453
112900030,94,136,-42
112900031,7,337,-330
112900032,243,247,-4
112900034,0,39,-39
112900035,15,338,-323
112900036,46,118,-72
112900037,156,181,-25
112900038,796,197,599
112900039,8,248,-240
112900040,4,414,-410
112900041,941,1315,-374
112900042,70,304,-234
112900043,36,96,-60
112900044,472,529,-57
112900045,223,249,-26
112900046,214,64,150
112900047,7,27,-20
112900049,301,72,229
112900050,43,560,-517
112900051,304,587,-283
112900052,9,644,-635
112900053,309,106,203
112900054,152,57,95
112900055,138,61,77
112900056,482,238,244
112900057,23,370,-347
112900058,343,454,-111
112900059,95,115,-20
112900060,31,123,-92
112900061,127,109,18
112900062,101,97,4
112900063,85,14,71
112900064,161,233,-72
112900065,61,48,13
112900066,270,209,61
112900067,296,176,120
112900068,63,63,0
112900069,1706,958,748
112900071,34,10,24
112900072,129,2401,-2272
112900073,354,167,187
112900074,109,321,-212
112900075,1040,1082,-42
112900076,71,55,16
112900078,385,455,-70
112900079,257,34,223
112900080,72,2,70
112900081,55,252,-197
112900082,704,35,669
112900083,144,139,5
112900084,300,153,147
112900086,115,1,114
112900087,894,165,729
112900088,240,39,201
112900089,1042,56,986
112900090,89,30,59
112900091,404,18,386
112900092,185,410,-225
112900093,1342,30,1312
112900095,61,3,58
112900096,555,200,355
112900097,67,342,-275
112900098,246,2,244
112900099,1035,25,1010
112900100,57,0,57
112900101,455,6,449
112900102,204,13,191
112900103,244,12,232
112900104,156,6,150
112900105,41,1,40
112900106,474,161,313
112900107,7,2,5
112900108,14,1,13
112900109,150,0,150
112900110,1690,27,1663
112900111,862,2,860
112900112,372,2,370
112900113,0,6,-6
112900114,186,23,163
112900115,1708,8,1700
112900116,168,23,145
112900117,103,51,52
112900118,22,98,-76
112900119,259,4,255
112900120,739,299,440
112900121,70,199,-129
112900122,11,110,-99
112900123,117,22,95
112900124,31,85,-54
112900125,99,613,-514
112900126,176,231,-55
112900127,442,98,344
112900128,195,720,-525
112900129,1,669,-668
112900130,254,80,174
112900131,32,299,-267
112900132,87,332,-245
112900133,19,868,-849
112900134,0,305,-305
112900135,106,64,42
112900137,2,389,-387
112900138,7,221,-214
112900139,207,933,-726
112900141,1031,85,946
112900142,96,236,-140
112900143,20,480,-460
112900144,1,258,-257
112900145,33,439,-406
112900146,6,890,-884
112900147,2,1281,-1279
112900148,63,3,60
112900149,314,653,-339
112900151,17,58,-41
112900152,3089,766,2323
112900153,1598,2893,-1295
112900154,2,85,-83
112900155,247,56,191
112900156,322,811,-489
112900157,606,231,375
112900158,103,32,71
112900159,288,140,148
112900160,76,252,-176
112900161,103,75,28
112900162,26,15,11
112900163,77,53,24
112900164,42,228,-186
112900165,175,39,136
112900166,21,96,-75
112900167,12,97,-85
112900168,2,5,-3
112900169,11,24,-13
112900170,286,131,155
112900172,36,17,19
112900173,201,108,93
112900174,273,61,212
112900175,147,197,-50
112900176,18,112,-94
112900177,287,91,196
112900178,924,2687,-1763
112900179,31,338,-307
112900180,2189,1442,747
112900181,717,7,710
112900182,80,820,-740
112900183,159,403,-244
112900184,479,590,-111
112900185,336,721,-385
112900186,1371,1252,119
112900187,83,611,-528
112900188,668,1437,-769
112900189,11,23,-12
112900190,18,65,-47
112900192,784,908,-124
112900193,1521,408,1113
112900194,99,81,18
112900195,1127,47,1080
112900196,375,444,-69
112900197,261,412,-151
112900199,792,461,331
112900200,661,198,463
112900201,188,97,91
112900202,469,671,-202
112900203,333,209,124
112900204,932,664,268
112900205,20,21,-1
112900206,35,139,-104
112900207,18,0,18
112900208,93,324,-231
112900209,492,349,143
112900210,0,40,-40
112900211,78,32,46
112900212,0,66,-66
112900213,55,10,45
112900214,18,7,11
112900215,15,161,-146
112900216,22,69,-47
112900217,0,43,-43
112900218,179,28,151
112900219,91,16,75
112900220,3,0,3
112900221,131,90,41
112900222,1,55,-54
112900223,1232,23,1209
112900224,482,418,64
112900225,559,334,225
112900226,426,512,-86
112900227,874,847,27
112900228,93,46,47
112900229,262,41,221
112900230,7311,4220,3091
112900232,298,292,6
112900233,50,190,-140
112900234,11,66,-55
112900235,123,33,90
112900236,436,16,420
112900237,260,195,65
112900238,6,31,-25
112900239,619,586,33
113000001,6636,4488,2148
113000002,4092,3615,477
113000003,2153,1320,833
113000004,1558,2369,-811
113000005,2064,1041,1023
113000006,1089,1237,-148
113000007,2514,1185,1329
113000008,1726,1773,-47
113000009,1401,776,625
113000010,1245,1273,-28
113000011,927,1578,-651
113000012,2160,803,1357
113000013,1294,722,572
113000014,1534,1584,-50
113000015,356,233,123
113000016,449,911,-462
113000017,85,435,-350
113000018,435,31,404
113000019,399,368,31
113000020,459,119,340
113000021,1256,514,742
113000022,850,1212,-362
113000025,122,360,-238
113000026,653,676,-23
113000027,615,886,-271
113000028,993,944,49
113000029,930,795,135
113000030,373,614,-241
113000031,271,240,31
113000032,313,361,-48
113000033,339,480,-141
113000034,335,322,13
113000035,32,41,-9
113000036,26,96,-70
113000037,59,42,17
113000038,15,66,-51
113000039,144,313,-169
113000040,80,90,-10
113000042,748,583,165
113000051,937,2337,-1400
113000052,2037,711,1326
113000053,552,473,79
113000054,452,725,-273
113000055,1337,491,846
113000056,1367,953,414
113000058,894,875,19
113000059,1219,647,572
113000060,362,561,-199
113000061,501,776,-275
113000062,788,356,432
113000063,248,104,144
113000064,78,201,-123
113000065,191,629,-438
113000066,981,107,874
113000067,2892,1186,1706
113000068,496,1119,-623
113000069,584,880,-296
113000070,3279,1100,2179
113000071,567,579,-12
113000072,1047,473,574
113000073,423,1379,-956
113000074,1122,403,719
113000075,2135,771,1364
113000076,649,2132,-1483
113000077,1278,827,451
113000078,724,2695,-1971
113000079,855,865,-10
113000080,719,943,-224
113000081,1094,1208,-114
113000082,1284,1024,260
113000083,611,1055,-444
113000084,1691,1446,245
113000085,951,820,131
113000086,1229,1376,-147
113000087,1013,1132,-119
113000088,2255,1502,753
113000089,1041,1713,-672
113000090,317,753,-436
113000091,521,408,113
113000094,1421,295,1126
113000095,268,807,-539
113000096,140,737,-597
113000097,1307,523,784
113000098,159,51,108
113000099,1276,387,889
113000100,162,430,-268
113000101,331,588,-257
113000102,751,595,156
113000103,1839,399,1440
113000104,685,2108,-1423
113000105,1068,683,385
113000106,460,447,13
113000107,1156,767,389
113000108,724,1094,-370
113000109,619,1520,-901
113000110,2009,511,1498
113000111,160,653,-493
113000112,415,397,18
113000113,1292,338,954
113000114,294,1532,-1238
113000116,717,327,390
113000117,934,149,785
113000118,106,489,-383
113000119,332,353,-21
113000120,43,203,-160
113000121,546,1095,-549
113000124,262,133,129
113000125,94,998,-904
113000127,2365,289,2076
113000128,737,714,23
113000129,632,801,-169
113000133,2234,2001,233
113000134,6,1370,-1364
113000135,4904,5126,-222
113000137,1862,3852,-1990
113000139,478,259,219
113000140,115,289,-174
113000141,303,267,36
113000142,587,1450,-863
113000143,392,237,155
113000144,339,688,-349
113000145,99,111,-12
113000146,123,50,73
113000147,166,98,68
113000148,202,88,114
113000149,121,116,5
113000150,633,294,339
113000151,65,53,12
113000152,56,105,-49
113000153,1519,659,860
113000154,983,1729,-746
113000155,390,730,-340
113000156,192,374,-182
113000157,377,871,-494
113000158,816,252,564
113000159,1224,806,418
113000160,797,1118,-321
113000161,377,458,-81
113000162,1084,448,636
113000163,121,81,40
113000164,39,80,-41
113000166,242,119,123
113000167,40,86,-46
113000168,122,97,25
113000169,262,56,206
113000170,135,93,42
113000171,72,112,-40
113000172,290,45,245
113000173,74,30,44
113000174,132,361,-229
113000175,448,98,350
113000176,535,115,420
113000177,241,430,-189
113000178,184,290,-106
113000179,311,183,128
113000180,819,1191,-372
113000181,1172,863,309
113000182,227,331,-104
113000183,142,736,-594
113000184,13,148,-135
113000189,437,1074,-637
113000190,879,581,298
113000192,1042,3115,-2073
113000193,3498,2173,1325
113000194,1045,1390,-345
113000195,1883,1561,322
113000196,208,88,120
113000197,1449,1526,-77
113000198,91,300,-209
113000199,1678,416,1262
113000201,225,316,-91
113000202,4346,1228,3118
113000203,143,144,-1
113000204,875,2766,-1891
113000205,16,19,-3
113000206,10,50,-40
113000207,77,14,63
113000208,51,83,-32
113000209,13,24,-11
113000210,8,14,-6
113000211,154,226,-72
113000212,90,22,68
113000213,28,159,-131
113000214,212,314,-102
113000234,246,747,-501
113000410,175,261,-86
113000411,2334,4305,-1971
113000412,5688,2442,3246
113000413,2240,3642,-1402
113000414,5927,15433,-9506
113000415,2386,3074,-688
113000416,7473,4282,3191
113000417,3253,3229,24
113000418,4833,3680,1153
113000419,2206,2727,-521
113000420,4515,7275,-2760
113000421,4719,7644,-2925
113000422,12543,12839,-296
113000423,2332,6645,-4313
113000424,2970,10216,-7246
113000425,6,78,-72
113000428,21,19,2
113000430,3,64,-61
113000432,2428,246,2182
113000433,78,618,-540
113000434,25,137,-112
113000435,29,482,-453
113000436,23,1069,-1046
113000437,1395,19,1376
113000438,316,16,300
113000439,20,105,-85
113000440,152,32,120
113000441,319,221,98
113000442,134,145,-11
113000443,350,189,161
113000444,252,190,62
113000445,164,119,45
113000446,42,111,-69
113000448,226,193,33
113000449,181,845,-664
113000450,629,2286,-1657
113000451,1286,211,1075
113000452,298,510,-212
113000453,77,444,-367
113000454,570,139,431
113000455,57,401,-344
113000456,3606,3179,427
113000468,1350,176,1174
113000469,108,217,-109
113000470,400,21,379
113000471,19,391,-372
113000472,131,314,-183
113000474,771,606,165
113000475,1687,1546,141
113000476,1707,1972,-265
113000477,3879,1953,1926
113000478,3572,4384,-812
113000479,94,132,-38
113000480,110,327,-217
113000484,0,0,0
113000485,0,0,0
113000486,0,0,0
113000487,0,0,0
113000488,0,3,-3
113000489,0,0,0
113000490,0,0,0
113000491,1,0,1
113000492,3,0,3
113000493,0,0,0
113000495,226,159,67
113000496,202,103,99
113000499,0,0,0
113900001,1,201,-200
113900002,0,65,-65
113900003,0,53,-53
113900004,1,66,-65
113900005,1,75,-74
113900006,1,17,-16
113900007,54,29,25
113900008,23,0,23
113900009,89,0,89
113900010,65,0,65
113900011,54,1,53
113900012,29,1,28
113900013,259,6,253
113900014,620,5,615
113900015,0,93,-93
113900016,40,0,40
113900017,2,70,-68
113900018,334,249,85
113900019,170,44,126
113900020,174,0,174
113900022,51,0,51
113900023,25,0,25
113900024,53,42,11
113900025,286,42,244
113900026,81,0,81
113900027,14,69,-55
113900028,29,346,-317
113900029,62,170,-108
113900030,305,0,305
113900031,13,0,13
113900032,33,2,31
113900033,90,70,20
113900035,60,1,59
113900036,25,78,-53
113900037,216,386,-170
113900038,78,154,-76
113900039,213,22,191
113900040,12,21,-9
113900041,10,2,8
113900042,87,48,39
113900043,151,118,33
113900044,292,403,-111
113900045,109,0,109
113900046,339,646,-307
113900047,46,98,-52
113900048,175,129,46
113900049,524,303,221
113900050,299,331,-32
113900051,299,340,-41
113900052,149,129,20
113900053,850,556,294
113900054,32,4,28
113900055,150,421,-271
113900056,64,171,-107
113900057,20,86,-66
113900058,103,117,-14
113900059,254,308,-54
113900060,81,193,-112
113900061,827,259,568
113900062,104,20,84
113900063,106,161,-55
113900064,31,110,-79
113900065,452,18,434
113900066,462,282,180
113900067,213,309,-96
113900068,732,570,162
113900069,97,31,66
113900070,162,502,-340
113900071,79,67,12
113900072,76,152,-76
113900073,280,358,-78
113900074,158,593,-435
113900075,1451,1310,141
113900076,329,14,315
113900077,75,157,-82
113900078,33,85,-52
113900079,0,35,-35
113900080,634,225,409
113900081,52,214,-162
113900082,98,221,-123
113900083,482,295,187
113900084,303,112,191
113900085,40,252,-212
113900086,70,13,57
113900087,114,119,-5
113900088,86,97,-11
113900089,405,49,356
113900090,798,429,369
113900091,18,9,9
113900092,45,95,-50
113900093,93,862,-769
113900094,606,414,192
113900095,174,116,58
113900096,403,109,294
113900097,31,104,-73
113900098,705,91,614
113900099,0,40,-40
113900100,0,2,-2
113900101,8,65,-57
113900102,197,170,27
113900103,389,336,53
113900104,191,267,-76
113900105,165,155,10
113900106,0,36,-36
113900107,0,25,-25
113900108,241,278,-37
113900109,467,203,264
113900110,88,29,59
113900111,161,93,68
113900112,173,74,99
113900113,1075,547,528
113900114,1,72,-71
113900115,1,92,-91
113900116,140,155,-15
113900117,108,42,66
113900118,300,453,-153
113900119,224,635,-411
113900120,93,57,36
113900121,87,100,-13
113900122,437,2316,-1879
113900123,502,219,283
113900124,0,75,-75
113900125,793,137,656
113900126,175,34,141
113900127,358,743,-385
113900128,176,73,103
113900129,16,185,-169
113900130,1,69,-68
113900131,364,77,287
113900132,66,63,3
113900133,17,87,-70
113900135,373,283,90
113900136,112,103,9
113900137,366,332,34
113900138,67,358,-291
113900139,269,189,80
113900140,216,448,-232
113900141,633,266,367
113900142,172,119,53
113900143,15,57,-42
113900144,181,294,-113
113900145,527,164,363
113900146,218,67,151
113900148,167,368,-201
113900149,224,137,87
113900150,571,497,74
113900151,580,190,390
113900152,44,38,6
113900153,339,639,-300
113900154,2,146,-144
113900155,217,205,12
113900156,253,358,-105
113900157,62,267,-205
113900158,406,553,-147
113900159,9,252,-243
113900160,551,466,85
113900161,63,308,-245
113900162,463,1000,-537
113900163,310,293,17
113900164,340,38,302
113900165,880,438,442
113900166,172,234,-62
113900167,316,50,266
113900168,90,102,-12
113900169,244,418,-174
113900171,239,89,150
113900172,16,131,-115
113900173,51,434,-383
113900174,545,637,-92
113900175,384,157,227
113900176,356,474,-118
113900177,337,200,137
113900178,339,144,195
113900179,29,363,-334
113900180,148,93,55
113900181,868,144,724
113900182,860,881,-21
113900183,62,72,-10
113900184,9,362,-353
113900185,213,67,146
113900186,88,60,28
113900187,68,131,-63
113900188,56,192,-136
113900189,292,138,154
113900190,281,127,154
113900191,120,254,-134
113900192,9,684,-675
113900193,21,157,-136
113900194,1561,840,721
113900195,262,437,-175
113900196,35,196,-161
113900197,0,142,-142
113900198,30,264,-234
113900199,151,675,-524
113900200,26,430,-404
113900201,1,180,-179
113900202,40,315,-275
113900203,0,81,-81
113900204,35,490,-455
113900205,18,169,-151
113900206,4,142,-138
113900207,1,56,-55
113900208,0,74,-74
113900209,0,89,-89
113900210,582,821,-239
113900211,246,81,165
113900212,245,418,-173
113900214,495,482,13
113900215,188,162,26
113900216,197,671,-474
113900217,97,154,-57
113900218,210,93,117
113900219,111,467,-356
113900220,210,129,81
113900221,477,254,223
113900222,244,596,-352
113900223,195,652,-457
113900224,87,95,-8
113900225,653,227,426
113900226,369,134,235
113900227,395,297,98
113900228,274,622,-348
113900229,73,861,-788
113900230,3717,4279,-562
113900231,155,162,-7
113900232,119,108,11
113900233,139,77,62
113900234,389,528,-139
113900235,152,37,115
113900236,200,279,-79
113900237,268,22,246
113900238,273,713,-440
113900239,72,80,-8
113900240,16,187,-171
113900241,96,74,22
113900242,60,161,-101
113900243,131,389,-258
113900244,312,207,105
113900245,1141,310,831
113900246,10,26,-16
113900247,152,454,-302
113900248,2609,2012,597
113900249,725,385,340
113900250,98,208,-110
113900251,854,129,725
113900252,651,24,627
113900253,868,59,809
113900254,927,179,748
113900255,578,17,561
113900256,443,33,410
113900257,29,465,-436
113900258,38,359,-321
113900259,617,168,449
113900260,345,52,293
113900261,27,101,-74
113900262,157,503,-346
113900263,141,631,-490
113900264,8,388,-380
113900265,137,336,-199
113900266,52,192,-140
113900267,118,598,-480
113900268,389,487,-98
113900269,105,174,-69
113900270,303,749,-446
113900271,800,874,-74
113900273,35,17,18
113900274,80,41,39
113900275,47,109,-62
113900276,2,125,-123
113900277,179,3,176
113900278,201,179,22
113900279,63,86,-23
113900280,1518,605,913
113900281,580,1475,-895
113900282,892,744,148
113900283,453,492,-39
113900284,950,344,606
113900285,141,54,87
113900286,23,74,-51
113900287,80,39,41
113900288,7,143,-136
113900289,804,119,685
113900290,270,326,-56
113900291,106,175,-69
113900292,15,4,11
113900293,11,233,-222
113900294,579,24,555
113900295,498,542,-44
113900296,1802,418,1384
113900297,2515,58,2457
113900298,17,1727,-1710
113900299,100,105,-5
113900300,4579,3940,639
113900301,848,429,419
113900302,2021,1083,938
113900303,399,613,-214
113900304,1,91,-90
113900305,115,1,114
113900306,68,0,68
113900307,14,0,14
113900308,89,115,-26
113900309,12,569,-557
113900310,0,4,-4
113900311,7,1,6
113900312,225,209,16
113900313,19,15,4
114000001,963,2211,-1248
114000002,378,277,101
114000003,38,303,-265
114000004,436,490,-54
114000005,331,236,95
114000006,3515,2676,839
114000007,820,1367,-547
114000008,1621,2133,-512
114000009,974,298,676
114000011,2978,2209,769
114000012,2814,1486,1328
114000013,2046,1328,718
114000014,605,297,308
114000015,2516,382,2134
114000016,325,289,36
114000017,128,442,-314
114000018,242,23,219
114000026,2002,1253,749
114000027,3573,2119,1454
114000028,2625,2689,-64
114000038,365,164,201
114000039,99,43,56
114000040,158,242,-84
114000042,291,112,179
114000043,65,69,-4
114000044,313,42,271
114000045,52,80,-28
114000046,3486,5864,-2378
114000047,15,105,-90
114000048,72,55,17
114000049,1810,2171,-361
114000050,2089,3132,-1043
114000051,3968,2853,1115
114000052,4080,2563,1517
114000053,116,1002,-886
114000054,203,907,-704
114000055,210,53,157
114000056,877,1162,-285
114000057,4526,2298,2228
114000058,454,1838,-1384
114000059,270,422,-152
114000060,803,1064,-261
114000061,3308,3635,-327
114000062,2033,2031,2
114000063,2414,1779,635
114000064,5152,4244,908
114000065,1374,2446,-1072
114000066,550,772,-222
114000067,27,985,-958
114000068,705,775,-70
114000069,1271,828,443
114000070,2535,1903,632
114000071,838,656,182
114000072,661,274,387
114000073,19,66,-47
114000074,84,13,71
114000075,83,64,19
114000076,19,88,-69
114000077,7,21,-14
114000078,484,633,-149
114000079,135,17,118
114000080,93,98,-5
114000081,87,125,-38
114000082,56,371,-315
114000083,136,220,-84
114000084,472,93,379
114000085,99,511,-412
114000086,284,344,-60
114000087,169,151,18
114000088,36,31,5
114000089,675,378,297
114000090,1040,1206,-166
114000091,1782,1126,656
114000092,1178,726,452
114000093,1761,915,846
114000094,392,431,-39
114000095,324,231,93
114000096,129,339,-210
114000097,152,480,-328
114000098,753,86,667
114000099,804,392,412
114000100,2024,609,1415
114000101,564,598,-34
114000102,757,302,455
114000103,202,354,-152
114000104,68,206,-138
114000105,223,95,128
114000106,885,1387,-502
114000107,443,141,302
114000108,1109,875,234
114000109,619,1343,-724
114000110,691,1010,-319
114000111,2162,879,1283
114000112,499,1541,-1042
114000113,1446,667,779
114000114,1259,1115,144
114000115,2482,1206,1276
114000116,1029,1845,-816
114000117,3885,528,3357
114000118,2904,469,2435
114000119,2207,466,1741
114000120,623,684,-61
114000121,434,616,-182
114000122,423,315,108
114000123,2656,390,2266
114000124,1114,259,855
114000125,947,1031,-84
114000126,2232,268,1964
114000127,332,203,129
114000128,955,278,677
114000130,472,546,-74
114000131,345,126,219
114000132,767,550,217
114000133,982,1527,-545
114000134,63,155,-92
114000138,51,202,-151
114000139,531,340,191
114000144,1055,600,455
114000145,125,150,-25
114000146,142,259,-117
114000147,1635,2189,-554
114000148,1685,1902,-217
114000149,507,326,181
114000150,593,755,-162
114000151,789,1529,-740
114000152,168,48,120
114000153,778,2869,-2091
114000154,825,954,-129
114000155,1388,2849,-1461
114000156,855,798,57
114000157,335,1200,-865
114000158,1301,855,446
114000159,142,507,-365
114000160,136,479,-343
114000161,1349,3492,-2143
114000162,1237,3101,-1864
114000163,12,108,-96
114000165,676,413,263
114000166,880,588,292
114000167,2885,1682,1203
114000168,685,577,108
114000169,1510,1477,33
114000170,1409,1389,20
114000171,1485,4535,-3050
114000174,248,427,-179
114000176,361,517,-156
114000177,1588,773,815
114000178,58,62,-4
114000179,1142,761,381
114000180,362,562,-200
114000181,1661,4392,-2731
114000182,2227,2404,-177
114000183,1159,867,292
114000184,2767,839,1928
114000185,1181,804,377
114000189,1416,184,1232
114000190,3491,466,3025
114000191,85,116,-31
114000192,185,1130,-945
114000193,497,1922,-1425
114000194,1501,704,797
114000195,200,69,131
114000196,2,152,-150
114000197,1571,47,1524
114000198,706,360,346
114000199,1880,1655,225
114000200,627,1413,-786
114000201,150,754,-604
114000202,1157,512,645
114000203,518,499,19
114000204,132,449,-317
114000205,171,1262,-1091
114000206,618,1190,-572
114000207,632,1404,-772
114000208,536,2100,-1564
114000209,638,1769,-1131
114000210,235,1030,-795
114000211,1059,1322,-263
114000212,916,872,44
114000213,1423,517,906
114000214,96,236,-140
114000215,280,82,198
114000216,1939,326,1613
114000217,436,202,234
114000218,152,205,-53
114000219,1572,210,1362
114000220,44,880,-836
114000221,995,183,812
114000222,164,970,-806
114000223,568,166,402
114000224,95,435,-340
114000225,274,602,-328
114000226,271,252,19
114000227,798,507,291
114000228,952,680,272
114000229,1370,1369,1
114000230,1960,1142,818
114000231,1223,1352,-129
114000232,836,133,703
114000233,2459,120,2339
114000234,1075,645,430
114000235,1118,1108,10
114000236,0,325,-325
114000237,137,706,-569
114000238,116,215,-99
114000239,165,934,-769
114000240,850,857,-7
114000241,328,837,-509
114000242,843,746,97
114000243,1584,780,804
114000244,580,383,197
114000245,412,721,-309
114000246,84,48,36
114000247,559,606,-47
114000248,1262,482,780
114000249,493,438,55
114000250,647,651,-4
114000251,487,208,279
114000252,100,54,46
114000253,65,148,-83
114000254,46,65,-19
114000255,806,291,515
114000256,1367,2725,-1358
114000257,392,1194,-802
114000258,383,387,-4
114000259,93,216,-123
114000260,0,35,-35
114000261,50,47,3
114000262,328,138,190
114000263,7,1,6
114000264,1562,494,1068
114000265,0,0,0
114000267,8,1571,-1563
114000268,0,1016,-1016
114000270,172,2,170
114000271,366,51,315
114000283,1531,415,1116
114000285,28,171,-143
114000288,105,316,-211
114000289,1657,143,1514
114000293,223,418,-195
114000294,170,297,-127
114000395,1361,26,1335
114000396,766,639,127
114000402,581,265,316
114000403,332,287,45
114000405,215,369,-154
114000423,482,266,216
114000424,494,229,265
114000425,1155,306,849
114000426,400,958,-558
114000427,86,104,-18
114000428,195,322,-127
114000429,14,168,-154
114000432,164,72,92
114000434,41,129,-88
114000435,1,147,-146
114900001,903,693,210
114900002,658,113,545
114900003,1051,898,153
114900004,269,675,-406
114900005,944,562,382
114900006,149,84,65
114900007,399,47,352
114900008,234,97,137
114900010,1970,2219,-249
114900011,297,139,158
114900013,327,170,157
114900015,105,473,-368
114900018,971,38,933
114900020,294,149,145
114900022,17,702,-685
114900024,350,163,187
114900025,614,204,410
114900026,69,141,-72
114900027,247,273,-26
114900029,34,19,15
114900030,455,294,161
114900031,519,23,496
114900032,444,35,409
114900033,922,1042,-120
114900034,51,179,-128
114900035,128,349,-221
114900036,199,505,-306
114900037,164,176,-12
114900038,249,601,-352
114900039,601,435,166
114900040,86,98,-12
114900041,883,403,480
114900042,1021,615,406
114900043,551,197,354
114900044,149,37,112
114900046,55,111,-56
114900047,249,2206,-1957
114900048,109,275,-166
114900049,12,152,-140
114900050,49,384,-335
114900051,80,389,-309
114900052,115,261,-146
114900053,111,260,-149
114900054,56,122,-66
114900057,257,8,249
114900058,0,75,-75
114900059,83,107,-24
114900060,1174,1059,115
114900061,152,162,-10
114900062,381,516,-135
114900063,102,159,-57
114900064,1765,473,1292
114900065,425,842,-417
114900067,76,439,-363
114900068,60,106,-46
114900069,195,116,79
114900070,805,371,434
114900072,15,305,-290
114900073,1,162,-161
114900074,824,485,339
114900075,439,13,426
114900076,26,416,-390
114900080,1684,308,1376
114900082,3361,2422,939
114900083,1157,1170,-13
114900090,505,280,225
114900091,85,218,-133
114900095,350,95,255
114900096,568,866,-298
114900097,212,7,205
114900098,10,164,-154
114900099,256,9,247
115000001,5150,3082,2068
115000002,4580,4446,134
115000003,4756,2468,2288
115000004,4922,6398,-1476
115000005,1463,1856,-393
115000006,1128,1740,-612
115000007,120,254,-134
115000008,463,619,-156
115000009,253,265,-12
115000010,322,209,113
115000013,97,192,-95
115000015,87,292,-205
115000016,180,316,-136
115000019,41,444,-403
115000020,131,746,-615
115000021,268,421,-153
115000022,564,370,194
115000023,490,723,-233
115000024,937,423,514
115000025,1061,762,299
115000026,202,374,-172
115000027,270,282,-12
115000028,317,805,-488
115000029,731,141,590
115000030,891,1036,-145
115000031,1444,451,993
115000032,11,241,-230
115000033,195,36,159
115000034,101,1055,-954
115000035,1232,72,1160
115000036,1,366,-365
115000037,606,12,594
115000038,91,180,-89
115000039,3191,3720,-529
115000040,5020,2841,2179
115000041,1500,3893,-2393
115000042,881,594,287
115000043,4001,2361,1640
115000044,3305,3139,166
115000045,2708,1407,1301
115000046,2861,2325,536
115000047,2712,1551,1161
115000048,1763,1858,-95
115000049,1568,2655,-1087
115000050,3388,1669,1719
115000051,1847,3257,-1410
115000052,2027,1587,440
115000053,1987,1939,48
115000054,624,1109,-485
115000055,174,886,-712
115000056,190,440,-250
115000057,565,1352,-787
115000058,464,367,97
115000059,180,152,28
115000061,136,216,-80
115000062,199,262,-63
115000063,431,231,200
115000064,258,124,134
115000065,63,495,-432
115000067,177,13,164
115000069,92,280,-188
115000070,42,724,-682
115000071,82,13,69
115000072,39,81,-42
115000073,1373,59,1314
115000075,118,51,67
115000076,2940,2480,460
115000077,2072,1931,141
115000078,1534,1193,341
115000079,1590,1542,48
115000080,2778,1874,904
115000081,462,691,-229
115000082,4582,4023,559
115000083,2325,1596,729
115000084,3011,1088,1923
115000085,792,917,-125
115000086,1398,703,695
115000087,472,1394,-922
115000088,2206,694,1512
115000089,1343,1216,127
115000090,569,907,-338
115000091,224,710,-486
115000092,727,394,333
115000093,551,5,546
115000094,5897,5743,154
115000095,4082,6185,-2103
115000096,828,1118,-290
115000097,1269,952,317
115000098,1369,650,719
115000099,2615,2080,535
115000100,1147,384,763
115000101,430,1246,-816
115000102,593,225,368
115000103,352,604,-252
115000105,75,122,-47
115000106,743,377,366
115000107,203,397,-194
115000108,2768,2083,685
115000109,4088,4789,-701
115000110,1662,1741,-79
115000111,623,1421,-798
115000112,789,793,-4
115000113,822,768,54
115000114,1604,636,968
115000116,4350,2780,1570
115000117,3616,3351,265
115000118,2339,2025,314
115000119,1928,2605,-677
115000120,614,1603,-989
115000121,1219,996,223
115000122,3065,2143,922
115000123,1471,2569,-1098
115000124,822,1025,-203
115000125,444,634,-190
115000126,172,376,-204
115000127,389,135,254
115000128,465,739,-274
115000129,232,351,-119
115000130,536,711,-175
115000131,1108,265,843
115000132,418,292,126
115000133,623,245,378
115000134,433,313,120
115000135,308,194,114
115000136,253,260,-7
115000137,130,212,-82
115000138,421,275,146
115000139,232,211,21
115000140,396,253,143
115000141,213,201,12
115000142,245,173,72
115000143,936,559,377
115000144,547,57,490
115000145,314,261,53
115000146,520,344,176
115000147,395,455,-60
115000148,432,864,-432
115000149,850,295,555
115000150,750,735,15
115000151,1610,479,1131
115000152,818,1037,-219
115000153,1334,539,795
115000154,1056,292,764
115000155,603,783,-180
115000156,1237,764,473
115000157,706,733,-27
115000158,621,397,224
115000159,689,702,-13
115000160,594,787,-193
115000161,544,503,41
115000162,645,897,-252
115000163,497,690,-193
115000164,659,562,97
115000165,332,541,-209
115000167,154,58,96
115000168,539,321,218
115000169,589,357,232
115000170,121,159,-38
115000171,267,231,36
115000172,1129,701,428
115000173,325,645,-320
115000174,126,371,-245
115000175,177,225,-48
115000176,168,161,7
115000177,145,304,-159
115000178,7,209,-202
115000179,22,43,-21
115000180,143,466,-323
115000181,767,151,616
115000182,945,358,587
115000183,444,706,-262
115000186,733,258,475
115000187,242,649,-407
115000188,397,493,-96
115000189,215,449,-234
115000190,815,383,432
115000191,130,481,-351
115000194,152,256,-104
115000195,370,397,-27
115000196,205,103,102
115000197,278,232,46
115000198,419,169,250
115000199,396,143,253
115000200,411,90,321
115000201,165,296,-131
115000206,426,69,357
115000207,209,298,-89
115000208,362,587,-225
115000209,633,296,337
115000210,226,136,90
115000211,235,224,11
115000212,1210,400,810
115000224,458,50,408
115000225,44,80,-36
115000229,165,161,4
115000230,82,353,-271
115000231,294,1260,-966
115000232,1966,263,1703
115000233,173,176,-3
115000234,42,321,-279
115000241,105,224,-119
115000242,167,292,-125
115000243,63,149,-86
115000244,24,122,-98
115000246,43,27,16
115000247,38,32,6
115000248,49,33,16
115000249,48,16,32
115000250,305,18,287
115000251,289,114,175
115000252,126,200,-74
115000253,15,481,-466
115000258,379,156,223
115000259,333,124,209
115000261,21,16,5
115000262,30,23,7
115000263,28,28,0
115000264,25,38,-13
115000267,85,78,7
115000268,40,121,-81
115000269,118,55,63
115000270,6,24,-18
115000272,78,186,-108
115000273,463,34,429
115000280,2623,418,2205
115000281,693,1050,-357
115000282,1141,1060,81
115000284,313,222,91
115000296,793,17,776
115000297,119,354,-235
115000298,32,618,-586
115000300,210,206,4
115000302,673,153,520
115000303,956,169,787
115000304,882,51,831
115000305,122,679,-557
115000306,207,275,-68
115000307,78,201,-123
115000308,38,14,24
115000309,17,68,-51
115000310,1192,664,528
115000311,1205,1064,141
115000313,123,503,-380
115000314,515,143,372
115000315,827,537,290
115000316,65,142,-77
115000317,194,471,-277
115000318,899,334,565
115000319,68,322,-254
115000320,13,297,-284
115000321,256,12,244
115000322,55,183,-128
115000449,219,199,20
115000557,5,1604,-1599
115000558,426,141,285
115000587,736,332,404
115000588,1953,2348,-395
115000589,3791,2277,1514
115000590,1138,1393,-255
115000591,1999,804,1195
115000592,748,1785,-1037
115000593,1832,764,1068
115000594,660,2401,-1741
115000609,245,296,-51
115000617,1527,3391,-1864
115000624,295,79,216
115000633,471,1738,-1267
115000634,2792,821,1971
115000635,630,132,498
115000638,636,555,81
115000641,59,147,-88
115000642,349,296,53
115000643,133,492,-359
115000644,152,336,-184
115000646,962,1775,-813
115000647,221,510,-289
115000648,2313,1351,962
115000893,2624,1499,1125
115000894,137,874,-737
115000895,315,736,-421
115000896,1153,378,775
115000897,569,140,429
115000898,549,248,301
115000899,437,1164,-727
115000900,44,307,-263
115000901,61,142,-81
115000912,574,91,483
115000913,3,15,-12
115000915,22,0,22
115000916,4,0,4
115000917,0,2,-2
115000918,68,399,-331
115000919,12,19,-7
115000920,13,50,-37
115000921,503,83,420
115000922,763,831,-68
115000923,361,977,-616
115000925,156,80,76
115000927,55,61,-6
115000933,178,262,-84
115000934,125,188,-63
115000935,147,92,55
115000936,75,801,-726
115000937,778,171,607
115000938,100,283,-183
115000939,90,185,-95
115900001,117,20,97
115900002,115,95,20
115900003,220,72,148
115900004,0,54,-54
115900005,253,16,237
115900006,180,247,-67
115900008,85,11,74
115900009,87,203,-116
115900010,440,136,304
115900011,567,177,390
115900012,244,46,198
115900013,412,133,279
115900014,148,114,34
115900015,106,44,62
115900016,172,32,140
115900017,22,7,15
115900018,176,47,129
115900019,107,7,100
115900020,100,1,99
115900021,883,178,705
115900022,1365,15,1350
115900023,32,8,24
115900025,83,353,-270
115900026,910,186,724
115900027,1,233,-232
115900028,503,42,461
115900029,24,288,-264
115900030,27,34,-7
115900031,221,320,-99
115900032,628,653,-25
115900033,1,57,-56
115900034,33,289,-256
115900035,35,19,16
115900036,40,800,-760
115900037,40,300,-260
115900038,75,9,66
115900039,179,147,32
115900041,418,717,-299
115900042,43,9,34
115900043,117,79,38
115900044,228,291,-63
115900046,301,209,92
115900047,194,198,-4
115900049,179,250,-71
115900051,1,40,-39
115900052,19,187,-168
115900053,293,165,128
115900054,344,37,307
115900055,17,117,-100
115900056,214,203,11
115900057,29,7,22
115900058,16,43,-27
115900060,77,152,-75
115900061,259,0,259
115900062,17,223,-206
115900063,63,15,48
115900064,162,208,-46
115900065,188,101,87
115900066,119,146,-27
115900067,8,463,-455
115900068,2378,1058,1320
115900069,60,153,-93
115900070,238,107,131
115900071,0,286,-286
115900072,37,154,-117
115900073,102,97,5
115900074,4,226,-222
115900075,34,215,-181
115900076,1,53,-52
115900077,8,138,-130
115900078,38,147,-109
115900079,258,25,233
115900080,336,215,121
115900081,45,78,-33
115900082,201,151,50
115900084,597,32,565
115900085,43,59,-16
115900086,1515,565,950
115900088,18,78,-60
115900089,435,604,-169
115900090,448,20,428
115900091,11,23,-12
115900092,51,131,-80
115900093,8,25,-17
115900094,6,249,-243
115900096,3,14,-11
115900097,17,311,-294
115900098,207,230,-23
115900099,64,49,15
115900100,15,459,-444
115900101,185,193,-8
115900102,84,63,21
115900103,423,130,293
115900104,121,96,25
115900105,364,436,-72
115900106,102,22,80
115900107,88,97,-9
115900108,168,41,127
115900109,51,375,-324
115900110,3,14,-11
115900111,1,65,-64
115900112,34,804,-770
115900113,53,43,10
115900114,3,134,-131
115900115,102,238,-136
115900116,74,816,-742
115900117,89,20,69
115900118,0,216,-216
115900119,182,138,44
115900120,29,246,-217
115900121,297,211,86
115900124,335,797,-462
115900125,393,70,323
115900126,967,108,859
115900127,758,67,691
115900128,6,147,-141
115900129,775,57,718
115900130,22,227,-205
115900131,314,34,280
115900132,729,14,715
115900134,384,13,371
115900135,381,1177,-796
115900137,29,8,21
115900139,23,70,-47
115900140,287,41,246
115900141,5,22,-17
115900142,12,23,-11
115900143,236,369,-133
115900144,114,178,-64
115900146,20,70,-50
115900147,247,261,-14
115900148,71,4,67
115900149,132,22,110
115900150,106,23,83
115900151,18,109,-91
115900152,137,301,-164
115900153,160,181,-21
115900154,469,375,94
115900155,0,51,-51
115900156,767,947,-180
115900157,265,546,-281
115900158,14,8,6
115900159,170,221,-51
115900160,15,8,7
115900161,62,228,-166
115900163,220,160,60
115900164,713,19,694
115900166,207,123,84
115900168,125,135,-10
115900171,132,437,-305
115900172,64,136,-72
115900173,252,143,109
115900174,235,272,-37
115900175,174,220,-46
115900178,8,394,-386
115900179,355,10,345
115900180,24,123,-99
115900181,232,124,108
115900182,447,139,308
115900183,54,74,-20
115900184,1366,7,1359
115900187,18,144,-126
115900189,2,257,-255
115900190,48,1562,-1514
115900191,40,307,-267
115900192,3,136,-133
115900193,191,158,33
115900194,929,67,862
115900195,635,2404,-1769
115900198,263,379,-116
115900199,223,203,20
115900200,280,308,-28
115900201,650,407,243
115900202,0,57,-57
115900203,18,17,1
115900204,0,10,-10
115900205,81,19,62
115900206,262,162,100
115900207,38,23,15
115900208,168,150,18
115900209,7,166,-159
115900210,3,153,-150
115900211,1,183,-182
115900212,176,249,-73
115900213,94,112,-18
115900214,614,183,431
115900215,35,180,-145
115900216,7,86,-79
115900217,4,32,-28
115900218,6,32,-26
115900219,126,4,122
115900220,259,15,244
115900221,122,13,109
115900222,74,35,39
115900223,8,450,-442
115900224,784,1260,-476
115900225,71,68,3
115900226,20,55,-35
115900227,8,54,-46
115900228,10,38,-28
115900229,2,40,-38
115900230,43,89,-46
115900231,152,4,148
115900232,74,2,72
115900233,107,20,87
115900234,49,45,4
115900235,24,23,1
115900236,45,51,-6
115900237,18,28,-10
115900238,15,12,3
115900239,15,27,-12
115900240,17,48,-31
115900241,280,116,164
115900242,238,343,-105
115900243,16,6,10
115900244,10,13,-3
115900245,86,9,77
115900246,12,7,5
115900247,33,21,12
115900248,14,8,6
115900249,11,12,-1
115900250,4,20,-16
115900251,1,10,-9
115900252,6,5,1
115900253,13,11,2
115900254,7,26,-19
115900255,3,11,-8
115900256,25,27,-2
115900257,9,8,1
115900258,0,1,-1
115900259,3,8,-5
115900260,10,3,7
115900261,2,4,-2
115900262,0,0,0
115900263,16,1,15
115900264,9,3,6
115900265,7,5,2
115900266,7,28,-21
115900267,9,25,-16
115900268,10,10,0
115900269,580,302,278
115900270,445,369,76
115900271,193,1,192
115900272,35,12,23
115900273,9,49,-40
115900274,2,8,-6
115900275,4,14,-10
115900276,2,23,-21
115900277,0,50,-50
115900278,53,119,-66
115900279,32,186,-154
115900280,19,493,-474
115900281,278,284,-6
115900282,21,22,-1
115900283,11,27,-16
115900284,31,8,23
116000001,9664,4176,5488
116000002,5382,12312,-6930
116000003,1904,1728,176
116000004,3196,4197,-1001
116000005,2011,3125,-1114
116000006,2870,3047,-177
116000007,2029,3324,-1295
116000008,4190,2771,1419
116000009,1546,1823,-277
116000010,2840,1855,985
116000011,911,1583,-672
116000012,1883,1166,717
116000013,6938,3837,3101
116000014,9750,12855,-3105
116000015,240,1628,-1388
116000016,6338,4511,1827
116000017,31,865,-834
116000018,768,378,390
116000019,1066,400,666
116000020,737,1021,-284
116000021,498,404,94
116000022,448,345,103
116000023,1300,862,438
116000024,720,883,-163
116000025,928,915,13
116000026,1832,2883,-1051
116000027,718,782,-64
116000028,521,943,-422
116000029,622,719,-97
116000030,881,512,369
116000031,178,344,-166
116000032,468,178,290
116000033,412,434,-22
116000034,796,935,-139
116000035,450,763,-313
116000036,1741,1511,230
116000037,551,564,-13
116000038,486,622,-136
116000039,563,445,118
116000040,910,449,461
116000041,173,552,-379
116000042,615,328,287
116000043,125,809,-684
116000044,10,41,-31
116000045,1829,1509,320
116000046,1085,1672,-587
116000047,1847,2149,-302
116000048,2111,2033,78
116000049,1455,3408,-1953
116000050,1557,1269,288
116000051,6038,3189,2849
116000052,5533,4860,673
116000053,2257,850,1407
116000054,1027,2923,-1896
116000055,863,1020,-157
116000056,1104,1139,-35
116000057,3062,1419,1643
116000058,3116,2787,329
116000059,2955,4684,-1729
116000060,2322,1075,1247
116000061,510,980,-470
116000062,753,294,459
116000063,694,1289,-595
116000066,333,747,-414
116000067,248,528,-280
116000068,245,320,-75
116000069,284,341,-57
116000078,655,1201,-546
116000080,1978,781,1197
116000082,2,58,-56
116000083,1878,455,1423
116000084,2063,3542,-1479
116000085,2541,2123,418
116000086,1415,1045,370
116000087,2496,1901,595
116000088,875,993,-118
116000089,207,101,106
116000090,83,172,-89
116000091,306,320,-14
116000093,1432,458,974
116000094,733,549,184
116000095,931,615,316
116000096,920,1540,-620
116000097,1123,697,426
116000098,161,6737,-6576
116000099,5550,323,5227
116000100,306,16,290
116000101,1117,769,348
116000102,370,1038,-668
116000103,530,299,231
116000104,220,1116,-896
116000105,1210,176,1034
116000106,426,941,-515
116000107,2560,287,2273
116000108,237,294,-57
116000111,185,45,140
116000113,189,150,39
116000114,31,148,-117
116000115,452,160,292
116000116,310,442,-132
116000117,1772,2014,-242
116000118,1869,1144,725
116000119,3968,1953,2015
116000120,3249,3345,-96
116000121,1144,764,380
116000122,1277,1507,-230
116000123,1251,517,734
116000124,481,885,-404
116000125,3484,936,2548
116000126,364,1295,-931
116000127,1066,1101,-35
116000128,2402,1015,1387
116000129,1710,288,1422
116000130,657,599,58
116000133,1323,681,642
116000134,1744,1773,-29
116000135,3297,1473,1824
116000136,1098,1772,-674
116000137,1302,763,539
116000138,982,796,186
116000139,1676,2558,-882
116000140,154,261,-107
116000141,409,551,-142
116000142,2855,2224,631
116000143,2043,1789,254
116000144,1635,2009,-374
116000145,1994,1191,803
116000146,616,185,431
116000147,200,112,88
116000148,570,577,-7
116000149,838,901,-63
116000151,582,492,90
116000153,126,456,-330
116000155,204,286,-82
116000156,1168,936,232
116000157,136,23,113
116000158,471,426,45
116000159,31,28,3
116000160,24,43,-19
116000161,6,59,-53
116000162,75,103,-28
116000163,27,12,15
116000164,21,9,12
116000177,239,197,42
116000194,110,444,-334
116000195,1493,640,853
116000196,20,4,16
116000197,18,20,-2
116000198,2696,1108,1588
116000200,739,662,77
116000201,634,652,-18
116000202,11,226,-215
116000203,2,83,-81
116000204,19,60,-41
116000205,0,142,-142
116000206,1,93,-92
116000207,15,52,-37
116000233,247,429,-182
116000287,156,342,-186
116000288,344,201,143
116000292,83,132,-49
116000296,6,162,-156
116000297,107,14,93
116000304,236,43,193
116000305,29,78,-49
116000346,206,94,112
116000352,114,34,80
116000354,40,10,30
116000357,21,34,-13
116000358,506,85,421
116000361,72,2,70
116000372,4309,4852,-543
116000381,170,4,166
116000388,3,42,-39
116000389,1027,598,429
116000445,590,487,103
116000446,764,537,227
116000447,12,613,-601
116000448,694,162,532
116000563,1022,865,157
116000565,57,366,-309
116000568,58,394,-336
116000579,45,117,-72
116000584,26,7,19
116000585,32,20,12
116000586,73,106,-33
116000587,612,703,-91
116000589,57,53,4
116000590,88,53,35
116000591,356,198,158
116000592,8,75,-67
116000593,2,34,-32
116000594,737,418,319
116000595,664,123,541
116000596,105,7,98
116000597,541,94,447
116000598,32,153,-121
116000602,73,433,-360
116000605,188,107,81
116000606,125,283,-158
116000607,12,64,-52
116000609,182,924,-742
116000611,199,443,-244
116000612,909,1934,-1025
116000613,830,347,483
116000614,447,446,1
116000615,1,419,-418
116000616,55,73,-18
116000617,86,46,40
116000618,6,51,-45
116000619,58,72,-14
116000620,161,115,46
116000621,69,124,-55
116000622,72,159,-87
116000624,198,127,71
116000627,86,22,64
116000628,82,257,-175
116000629,46,287,-241
116000630,608,50,558
116000631,234,63,171
116000632,685,230,455
116000633,93,317,-224
116000634,526,45,481
116000635,2692,2650,42
116000636,620,1235,-615
116000637,473,19,454
116000638,42,331,-289
116900001,274,158,116
116900002,268,6,262
116900003,28,39,-11
116900004,62,67,-5
116900005,323,48,275
116900006,93,161,-68
116900007,167,154,13
116900008,555,291,264
116900009,16,9,7
116900010,0,878,-878
116900011,17,38,-21
116900012,282,214,68
116900013,4,139,-135
116900014,180,156,24
116900015,489,63,426
116900016,280,9,271
116900017,2,439,-437
116900018,98,54,44
116900019,3,257,-254
116900020,909,1349,-440
116900023,47,11,36
116900024,791,37,754
116900025,1389,911,478
116900026,113,523,-410
116900027,52,37,15
116900028,3,142,-139
116900029,1,58,-57
116900031,0,3,-3
116900032,13,221,-208
116900033,15,8,7
116900034,5,59,-54
116900035,145,140,5
116900036,7,114,-107
116900038,17,1,16
116900041,45,29,16
116900042,491,284,207
116900043,30,53,-23
116900047,26,149,-123
116900049,24,255,-231
116900050,130,421,-291
116900051,201,151,50
116900052,184,62,122
116900055,4,11,-7
116900057,41,203,-162
116900058,26,289,-263
116900059,1,141,-140
116900060,299,157,142
116900062,1,23,-22
116900064,103,511,-408
116900065,29,120,-91
116900067,131,90,41
116900068,140,213,-73
116900070,3,3,0
116900072,29,347,-318
116900073,20,110,-90
116900074,4,55,-51
116900076,23,58,-35
116900077,10,121,-111
116900078,220,112,108
116900079,63,206,-143
116900080,8,30,-22
116900081,379,903,-524
116900082,318,1016,-698
116900083,27,29,-2
116900084,147,68,79
116900085,59,144,-85
116900086,51,159,-108
116900088,399,144,255
116900090,95,30,65
116900091,447,78,369
116900092,115,636,-521
116900093,1665,1954,-289
116900094,4023,4091,-68
116900095,229,112,117
116900096,177,405,-228
116900097,2315,3253,-938
116900098,876,386,490
116900099,731,708,23
116900100,1026,61,965
116900101,300,411,-111
116900103,3,0,3
116900104,78,84,-6
116900105,299,181,118
116900106,2236,316,1920
116900107,2941,2855,86
116900110,19,6,13
116900111,743,518,225
116900112,328,878,-550
116900113,1697,1787,-90
116900116,80,676,-596
116900117,146,122,24
116900118,740,904,-164
116900120,472,82,390
116900121,178,30,148
116900122,1035,596,439
116900123,241,691,-450
116900124,202,869,-667
116900125,500,155,345
116900126,145,602,-457
116900128,0,45,-45
116900129,4,363,-359
116900130,598,4054,-3456
116900131,106,407,-301
116900132,48,127,-79
116900133,229,194,35
116900134,257,305,-48
116900136,250,253,-3
116900137,330,242,88
116900138,245,170,75
116900139,191,465,-274
116900140,189,134,55
116900141,916,504,412
116900142,4,98,-94
116900143,455,306,149
116900144,38,85,-47
116900145,94,192,-98
116900147,495,458,37
116900148,2,43,-41
116900149,53,234,-181
116900150,10,22,-12
116900151,53,15,38
116900153,139,75,64
116900154,512,645,-133
116900155,76,89,-13
116900157,774,206,568
116900158,114,338,-224
116900159,85,323,-238
116900160,861,971,-110
116900161,4861,7375,-2514
116900162,7,99,-92
116900163,240,127,113
116900164,109,82,27
116900165,296,396,-100
116900166,32,49,-17
116900167,499,80,419
116900168,418,75,343
116900169,540,636,-96
116900170,375,617,-242
116900171,57,159,-102
116900172,159,427,-268
116900173,274,26,248
116900174,51,44,7
116900175,244,220,24
116900178,50,116,-66
116900179,79,402,-323
116900180,111,15,96
116900182,528,270,258
116900183,215,118,97
116900185,32,63,-31
116900186,83,158,-75
116900187,44,66,-22
116900188,184,24,160
116900189,50,2,48
116900191,460,659,-199
116900192,357,130,227
116900194,133,1613,-1480
116900195,54,39,15
116900196,23,66,-43
116900197,114,11,103
116900198,125,260,-135
116900200,66,29,37
116900201,141,5,136
116900202,112,48,64
116900203,155,10,145
116900204,47,146,-99
116900205,0,0,0
116900206,8,12,-4
116900207,29,35,-6
116900208,8,78,-70
116900209,51,84,-33
116900210,664,271,393
116900211,284,7,277
116900212,77,41,36
116900213,249,123,126
116900214,211,141,70
116900215,66,57,9
116900216,341,243,98
116900218,13,268,-255
116900219,1195,365,830
116900220,153,291,-138
116900221,113,369,-256
116900222,451,398,53
116900223,140,312,-172
116900226,79,56,23
116900227,223,82,141
116900228,298,217,81
116900230,66,190,-124
116900231,62,279,-217
116900232,22,324,-302
116900233,295,133,162
116900234,20,9,11
116900235,165,240,-75
116900238,1196,288,908
116900239,15,1343,-1328
116900240,4334,3237,1097
116900241,90,183,-93
116900242,319,724,-405
116900243,2,29,-27
116900245,38,24,14
116900246,132,9,123
116900247,1114,36,1078
116900248,106,31,75
116900249,476,132,344
116900250,415,46,369
116900251,459,577,-118
116900252,178,734,-556
116900253,137,65,72
116900254,16,76,-60
116900255,86,95,-9
116900256,438,100,338
116900257,17,355,-338
116900258,8,152,-144
116900259,328,9,319
116900260,2,75,-73
116900261,66,1,65
116900262,196,117,79
116900263,0,15,-15
116900264,0,4,-4
116900265,56,2,54
116900266,29,25,4
116900267,3,0,3
116900268,374,301,73
116900269,308,606,-298
116900271,1455,276,1179
116900272,302,277,25
116900273,164,102,62
116900274,150,59,91
116900275,216,81,135
116900276,729,207,522
116900277,490,39,451
116900278,4,12,-8
116900279,0,21,-21
116900280,35,22,13
116900281,4538,4798,-260
116900282,4,74,-70
116900283,26,103,-77
116900284,18,209,-191
116900285,210,210,0
116900286,190,25,165
116900287,6,39,-33
116900288,72,79,-7
116900289,16,1,15
116900290,9,46,-37
116900291,10,8,2
116900292,0,18,-18
116900293,91,44,47
116900294,23,143,-120
116900295,170,87,83
116900296,78,67,11
116900297,6,89,-83
116900298,87,111,-24
116900299,36,109,-73
116900300,2,81,-79
116900301,48,133,-85
116900302,44,74,-30
116900303,196,102,94
116900304,0,160,-160
116900305,18,35,-17
116900306,195,83,112
117000001,2341,1971,370
117000002,1953,3777,-1824
117000003,8442,3807,4635
117000004,3929,5006,-1077
117000005,2617,2209,408
117000006,1396,3066,-1670
117000007,4687,1525,3162
117000008,1165,3406,-2241
117000009,5839,2317,3522
117000010,2652,3651,-999
117000011,2690,1842,848
117000012,1322,1212,110
117000013,2200,972,1228
117000014,1291,1986,-695
117000015,2635,1390,1245
117000016,249,161,88
117000017,208,138,70
117000018,168,713,-545
117000019,76,2,74
117000020,485,1540,-1055
117000021,1366,443,923
117000022,294,169,125
117000023,170,197,-27
117000024,250,292,-42
117000025,440,1150,-710
117000026,1947,1547,400
117000027,2051,5072,-3021
117000028,2914,2096,818
117000030,439,415,24
117000031,396,361,35
117000032,1527,1168,359
117000033,1086,704,382
117000034,350,237,113
117000035,458,290,168
117000036,381,298,83
117000037,315,220,95
117000038,173,522,-349
117000039,815,257,558
117000040,283,839,-556
117000041,1260,200,1060
117000044,9,683,-674
117000045,532,105,427
117000046,481,1072,-591
117000047,1353,717,636
117000048,1857,947,910
117000049,111,611,-500
117000050,127,1559,-1432
117000051,2569,102,2467
117000052,46,251,-205
117000053,651,61,590
117000054,2111,20,2091
117000055,6,2266,-2260
117000056,805,25,780
117000057,568,2134,-1566
117000060,522,1175,-653
117000061,2016,1049,967
117000062,299,647,-348
117000063,2086,1009,1077
117000064,650,659,-9
117000066,913,907,6
117000067,204,780,-576
117000074,126,235,-109
117000076,70,60,10
117000077,142,219,-77
117000078,181,622,-441
117000079,459,281,178
117000080,1,316,-315
117000081,1219,117,1102
117000082,9,79,-70
117000083,219,5,214
117000084,196,5,191
117000085,323,887,-564
117000086,817,466,351
117000087,107,483,-376
117000088,329,195,134
117000089,1890,285,1605
117000090,321,1064,-743
117000091,1055,294,761
117000092,434,1141,-707
117000093,1427,808,619
117000094,1326,2523,-1197
117000095,4301,1071,3230
117000096,785,1942,-1157
117000097,2021,1174,847
117000098,2253,3685,-1432
117000099,4616,1355,3261
117000100,309,364,-55
117000101,241,953,-712
117000102,2325,731,1594
117000103,693,1336,-643
117000104,1635,724,911
117000105,847,1281,-434
117000106,1467,800,667
117000107,561,1436,-875
117000108,2233,970,1263
117000109,1457,2118,-661
117000110,1854,1373,481
117000111,3893,4119,-226
117000112,3791,1614,2177
117000113,125,178,-53
117000114,255,127,128
117000115,90,87,3
117000116,175,236,-61
117000117,1752,1221,531
117000118,332,107,225
117000119,230,234,-4
117000120,205,602,-397
117000121,110,1254,-1144
117000122,354,923,-569
117000123,1523,44,1479
117000124,461,89,372
117000125,223,167,56
117000126,51,17,34
117000127,133,315,-182
117000128,368,798,-430
117000129,346,698,-352
117000130,144,3,141
117000131,0,135,-135
117000132,3513,31,3482
117000133,2155,73,2082
117000134,2,89,-87
117000135,6,62,-56
117000136,3,36,-33
117000137,105,170,-65
117000138,0,656,-656
117000140,470,1337,-867
117000141,2062,601,1461
117000181,525,205,320
117000182,479,683,-204
117000195,197,856,-659
117000196,380,183,197
117000225,96,39,57
117000226,6,101,-95
117000276,382,31,351
117000277,3,281,-278
117000310,1556,2109,-553
117000315,59,568,-509
117000320,58,2,56
117000906,359,12,347
117000907,20,287,-267
117000908,21,57,-36
117000909,50,31,19
117000910,205,190,15
117000911,109,180,-71
117000915,8,425,-417
117000916,45,11,34
117000917,1538,49,1489
117000918,69,86,-17
117000919,2,65,-63
117000920,0,1020,-1020
117000921,1,948,-947
117000922,32,81,-49
117000924,477,964,-487
117000926,725,100,625
117000927,1126,1140,-14
117000928,1,100,-99
117000929,320,278,42
117000930,258,15,243
117000931,276,212,64
117900002,101,408,-307
117900003,650,450,200
117900005,5,72,-67
117900006,0,88,-88
117900007,168,98,70
117900008,0,26,-26
117900010,240,73,167
117900011,19,136,-117
117900012,83,94,-11
117900013,1,161,-160
117900014,462,94,368
117900015,15,92,-77
117900016,1039,1079,-40
117900017,483,263,220
117900018,199,122,77
117900019,527,227,300
117900020,87,570,-483
117900021,41,61,-20
117900022,78,20,58
117900023,732,108,624
117900024,67,50,17
117900025,83,18,65
117900026,424,199,225
117900028,35,5,30
117900029,255,455,-200
117900030,605,267,338
117900031,148,105,43
117900032,1279,708,571
117900033,268,418,-150
117900034,49,41,8
117900035,262,113,149
117900036,237,296,-59
117900037,189,91,98
117900038,25,220,-195
117900039,4,55,-51
117900040,156,241,-85
117900041,7,39,-32
117900042,3209,364,2845
117900043,29,39,-10
117900044,18,2968,-2950
117900045,186,139,47
117900048,419,281,138
117900049,256,368,-112
117900050,8,198,-190
117900051,23,3,20
117900052,76,432,-356
117900053,2199,564,1635
117900054,0,53,-53
117900055,348,170,178
117900056,154,123,31
117900057,1222,1112,110
117900058,68,39,29
117900059,314,103,211
117900060,2539,4408,-1869
117900061,15,205,-190
117900063,453,193,260
117900065,724,1262,-538
117900066,4,98,-94
117900067,521,114,407
117900069,809,217,592
117900070,157,43,114
117900071,95,110,-15
117900073,563,264,299
117900074,90,52,38
117900075,92,83,9
117900076,24,63,-39
117900077,548,172,376
117900078,402,1072,-670
117900080,164,49,115
117900081,525,369,156
117900082,478,490,-12
117900083,485,339,146
117900086,116,20,96
117900087,157,53,104
117900088,2980,1901,1079
117900089,2543,923,1620
117900090,426,406,20
117900091,136,166,-30
117900092,87,21,66
117900093,98,62,36
117900094,53,27,26
117900095,303,366,-63
117900096,113,206,-93
117900097,282,78,204
117900098,54,14,40
117900099,157,192,-35
117900100,276,2,274
117900101,453,2079,-1626
117900102,77,48,29
117900103,70,1,69
117900104,19,124,-105
117900105,170,190,-20
117900106,126,26,100
117900107,58,2,56
117900109,866,458,408
117900110,128,1,127
117900111,426,43,383
117900112,85,11,74
117900113,2359,1865,494
117900114,32,0,32
117900115,204,76,128
117900116,851,830,21
117900117,780,298,482
117900118,106,1,105
117900119,242,132,110
117900120,252,51,201
117900121,218,100,118
117900122,1467,4532,-3065
117900123,658,350,308
117900124,758,715,43
117900125,2126,2211,-85
117900126,284,543,-259
117900127,501,376,125
117900128,448,550,-102
117900129,87,1,86
117900130,914,448,466
117900131,8,94,-86
117900132,14,98,-84
117900133,10,96,-86
117900134,89,254,-165
117900135,16,166,-150
117900136,0,42,-42
117900137,52,241,-189
117900138,1,43,-42
117900139,163,160,3
117900140,2928,335,2593
117900141,217,183,34
117900142,43,51,-8
117900144,72,205,-133
117900145,23,42,-19
117900146,199,186,13
117900147,49,61,-12
117900148,2239,1803,436
117900149,147,234,-87
117900150,44,49,-5
117900151,59,85,-26
117900152,75,67,8
117900153,23,97,-74
117900154,399,508,-109
117900156,846,846,0
117900157,71,475,-404
117900158,399,162,237
117900160,922,901,21
117900161,2487,1933,554
117900162,442,477,-35
117900163,52,111,-59
117900165,0,36,-36
117900166,139,591,-452
117900168,53,175,-122
117900169,1,112,-111
117900170,3,15,-12
117900171,1,24,-23
117900172,13,41,-28
117900173,159,116,43
117900174,46,85,-39
117900175,16,30,-14
117900176,14,24,-10
117900177,21,37,-16
117900178,141,27,114
117900180,253,54,199
117900181,81,411,-330
117900182,7,48,-41
117900183,78,203,-125
117900184,24,79,-55
117900185,33,45,-12
117900186,73,26,47
117900187,27,5,22
117900188,202,42,160
117900189,66,54,12
117900190,27,2,25
117900191,105,0,105
117900192,250,2,248
117900193,28,101,-73
117900194,16,8,8
117900195,8,97,-89
117900196,39,32,7
117900207,145,124,21
117900208,31,40,-9
117900209,237,153,84
117900210,151,244,-93
117900211,9,169,-160
117900212,132,175,-43
117900213,41,10,31
117900214,21,44,-23
117900215,23,46,-23
117900216,39,19,20
117900217,86,336,-250
117900218,159,129,30
117900219,5,155,-150
117900220,82,72,10
117900222,239,299,-60
117900223,130,316,-186
118000001,856,1257,-401
118000002,890,1661,-771
118000003,2066,3875,-1809
118000004,2236,2071,165
118000005,4482,7017,-2535
118000006,5023,10189,-5166
118000007,4889,4286,603
118000008,3054,3930,-876
118000009,1579,3592,-2013
118000010,6801,4475,2326
118000011,1609,1865,-256
118000012,1089,1760,-671
118000013,2463,2219,244
118000014,1758,1944,-186
118000016,234,274,-40
118000017,527,464,63
118000018,365,361,4
118000019,1863,1706,157
118000020,1261,4646,-3385
118000021,688,3977,-3289
118000022,1736,931,805
118000023,806,321,485
118000024,1374,1866,-492
118000027,13009,15254,-2245
118000029,1162,864,298
118000032,995,4242,-3247
118000033,2688,7851,-5163
118000034,4802,3054,1748
118000035,1739,3734,-1995
118000036,972,1531,-559
118000037,744,959,-215
118000038,263,86,177
118000039,105,157,-52
118000040,1759,1397,362
118000041,2422,1248,1174
118000045,318,281,37
118000046,1190,643,547
118000047,725,1052,-327
118000048,2229,2363,-134
118000051,2302,1649,653
118000052,1404,934,470
118000053,319,643,-324
118000054,1317,1134,183
118000055,1258,1163,95
118000056,200,495,-295
118000057,231,343,-112
118000058,2390,2215,175
118000059,1672,1439,233
118000060,1093,664,429
118000061,1377,1359,18
118000062,692,312,380
118000063,419,783,-364
118000064,871,1276,-405
118000065,3244,1581,1663
118000066,991,1715,-724
118000067,609,797,-188
118000068,1513,4294,-2781
118000069,2634,1077,1557
118000070,4612,1868,2744
118000071,3095,6653,-3558
118000072,1182,1334,-152
118000073,1135,776,359
118000074,471,316,155
118000075,640,343,297
118000076,1427,3295,-1868
118000077,1310,1278,32
118000078,1762,2499,-737
118000079,273,533,-260
118000080,928,919,9
118000081,1779,1372,407
118000082,308,1200,-892
118000083,1745,1902,-157
118000084,3247,1680,1567
118000086,290,622,-332
118000087,4022,2613,1409
118000088,1707,1500,207
118000089,3670,2295,1375
118000090,1276,2808,-1532
118000091,1121,2558,-1437
118000092,967,519,448
118000093,118,696,-578
118000096,477,604,-127
118000097,889,660,229
118000098,363,188,175
118000099,786,729,57
118000101,1270,314,956
118000102,480,961,-481
118000107,1525,495,1030
118000108,825,2414,-1589
118000110,2,27,-25
118000111,0,233,-233
118000112,553,6,547
118000113,4,409,-405
118000114,513,12,501
118000115,6,13,-7
118000116,34,1,33
118000117,1041,764,277
118000118,993,1094,-101
118000119,917,1393,-476
118000120,1818,1181,637
118000121,105,739,-634
118000122,1424,374,1050
118000123,60,297,-237
118000125,1644,842,802
118000126,669,1736,-1067
118000127,1663,684,979
118000128,495,1031,-536
118000129,960,390,570
118000130,1983,2791,-808
118000131,365,612,-247
118000132,2889,2114,775
118000133,1167,403,764
118000135,561,435,126
118000136,159,458,-299
118000137,624,76,548
118000138,484,505,-21
118000139,492,101,391
118000140,2981,5159,-2178
118000141,2520,1839,681
118000142,2116,1591,525
118000143,2512,1335,1177
118000144,1077,645,432
118000145,1714,1501,213
118000146,1382,688,694
118000147,953,1151,-198
118000148,492,1191,-699
118000149,1070,859,211
118000150,500,278,222
118000151,550,455,95
118000153,1610,1269,341
118000154,1471,1421,50
118000155,1737,1432,305
118000156,2223,2489,-266
118000157,734,426,308
118000158,195,444,-249
118000159,67,122,-55
118000160,649,380,269
118000161,538,649,-111
118000162,2094,1032,1062
118000163,944,912,32
118000164,2183,1386,797
118000168,782,771,11
118000169,1092,1108,-16
118000170,3448,4319,-871
118000171,379,599,-220
118000172,91,252,-161
118000173,893,1328,-435
118000175,313,478,-165
118000176,356,576,-220
118000177,298,666,-368
118000178,61,51,10
118000179,1312,1511,-199
118000180,901,742,159
118000181,762,299,463
118000182,317,297,20
118000183,249,310,-61
118000184,1159,607,552
118000185,1371,1521,-150
118000186,774,1227,-453
118000187,1590,668,922
118000188,730,170,560
118000189,742,621,121
118000190,9,9,0
118000191,46,13,33
118000192,53,148,-95
118000193,70,309,-239
118000194,1315,878,437
118000195,643,1320,-677
118000196,295,252,43
118000197,102,160,-58
118000198,380,777,-397
118000199,423,390,33
118000200,115,333,-218
118000201,476,548,-72
118000202,92,90,2
118000203,584,634,-50
118000204,116,414,-298
118000205,134,343,-209
118000206,239,197,42
118000207,1,55,-54
118000208,1648,1724,-76
118000209,2083,1166,917
118000210,95,39,56
118000211,31,35,-4
118000213,1130,1969,-839
118000214,581,680,-99
118000215,335,135,200
118000216,2473,2050,423
118000217,25,98,-73
118000218,101,58,43
118000219,540,246,294
118000220,5,54,-49
118000221,262,331,-69
118000222,70,6,64
118000223,35,55,-20
118000224,175,105,70
118000225,149,574,-425
118000226,1005,214,791
118000227,724,464,260
118000228,144,284,-140
118000229,153,121,32
118000230,195,217,-22
118000231,128,267,-139
118000232,952,648,304
118000233,1329,856,473
118000234,610,241,369
118000236,434,254,180
118000237,99,411,-312
118000238,374,124,250
118000239,325,325,0
118000240,289,178,111
118000241,204,197,7
118000242,460,499,-39
118000243,315,214,101
118000244,75,92,-17
118000246,1,38,-37
118000255,55,299,-244
118000256,144,223,-79
118000259,15,73,-58
118000260,251,86,165
118000261,37,39,-2
118000263,102,209,-107
118000266,121,260,-139
118000267,0,146,-146
118000268,360,5,355
118000270,107,25,82
118000271,271,184,87
118000272,133,48,85
118000273,188,69,119
118000274,120,236,-116
118000276,592,443,149
118000295,7,175,-168
118000298,143,256,-113
118000299,49,107,-58
118000301,0,36,-36
118000302,101,45,56
118000311,687,106,581
118000312,305,228,77
118000313,83,123,-40
118000314,95,51,44
118000315,61,41,20
118000316,816,399,417
118000325,68,49,19
118000326,28,47,-19
118000331,34,43,-9
118000332,13,30,-17
118000333,28,61,-33
118000335,432,0,432
118000336,0,193,-193
118000407,267,57,210
118000457,8,31,-23
118000465,2712,4200,-1488
118000480,55,95,-40
118000489,29,377,-348
118000490,10,166,-156
118000492,340,187,153
118000510,48,20,28
118000514,200,253,-53
118000515,883,726,157
118000517,259,162,97
118000524,245,316,-71
118000525,745,841,-96
118000530,28,137,-109
118000531,397,318,79
118000532,266,256,10
118000533,269,150,119
118000534,662,430,232
118000535,340,154,186
118000536,604,2107,-1503
118000537,16,256,-240
118000538,40,86,-46
118000539,20,108,-88
118000540,324,157,167
118000541,202,70,132
118000542,131,199,-68
118000543,279,248,31
118000546,67,46,21
118000553,0,0,0
118000557,0,0,0
118000560,2302,2889,-587
118000562,34,144,-110
118000563,1457,1217,240
118000576,188,112,76
118000577,194,107,87
118000578,208,72,136
118000579,583,1157,-574
118000583,0,0,0
118000595,241,98,143
118000596,0,51,-51
118000597,153,74,79
118000598,6,0,6
118000599,90,96,-6
118000600,10,5,5
118000601,2,0,2
118000602,29,5,24
118000603,1,19,-18
118900001,567,1120,-553
118900002,888,917,-29
118900003,511,8,503
118900004,59,37,22
118900005,95,9,86
118900006,203,7,196
118900007,7,0,7
118900008,1748,57,1691
118900009,90,43,47
118900010,77,8,69
118900011,207,45,162
118900012,499,211,288
118900013,570,159,411
118900015,250,85,165
118900016,20,10,10
118900017,232,354,-122
118900018,885,48,837
118900019,35,41,-6
118900020,207,174,33
118900021,215,415,-200
118900022,179,121,58
118900023,205,108,97
118900024,133,144,-11
118900025,31,21,10
118900026,76,111,-35
118900027,395,182,213
118900028,215,153,62
118900029,311,378,-67
118900030,476,81,395
118900031,243,100,143
118900032,245,176,69
118900033,461,453,8
118900034,199,33,166
118900035,147,147,0
118900036,1540,762,778
118900037,400,306,94
118900038,473,173,300
118900039,611,149,462
118900040,238,215,23
118900041,645,146,499
118900042,187,103,84
118900045,316,168,148
118900046,799,436,363
118900047,425,280,145
118900048,142,268,-126
118900049,70,52,18
118900050,45,82,-37
118900051,60,97,-37
118900052,231,255,-24
118900053,43,95,-52
118900054,135,78,57
118900055,116,51,65
118900056,31,428,-397
118900057,890,533,357
118900058,459,367,92
118900059,15,91,-76
118900060,57,110,-53
118900062,271,180,91
118900064,530,598,-68
118900065,67,143,-76
118900066,71,89,-18
118900067,4306,4103,203
118900068,12,202,-190
118900069,465,214,251
118900071,5,83,-78
118900072,545,312,233
118900073,192,81,111
118900074,148,147,1
118900075,62,77,-15
118900076,238,123,115
118900077,252,178,74
118900078,31,9,22
118900079,57,183,-126
118900080,35,113,-78
118900081,100,25,75
118900082,879,172,707
118900083,90,7,83
118900084,31,27,4
118900085,679,742,-63
118900086,50,100,-50
118900087,50,288,-238
118900088,0,12,-12
118900089,21,23,-2
118900090,557,339,218
118900091,169,204,-35
118900092,200,83,117
118900093,142,34,108
118900096,46,17,29
118900097,307,398,-91
118900099,105,180,-75
118900100,153,276,-123
118900101,135,362,-227
118900102,54,114,-60
118900103,86,144,-58
118900104,292,128,164
118900105,259,112,147
118900107,120,55,65
118900108,116,73,43
118900110,1176,979,197
118900111,461,498,-37
118900112,115,145,-30
118900113,101,355,-254
118900114,30,64,-34
118900115,135,476,-341
118900116,157,194,-37
118900117,112,193,-81
118900118,321,343,-22
118900119,154,198,-44
118900120,129,285,-156
118900121,19,166,-147
118900122,15,1070,-1055
118900123,176,224,-48
118900124,151,232,-81
118900126,21,402,-381
118900129,283,231,52
118900130,65,254,-189
118900131,205,167,38
118900132,337,187,150
118900133,20,145,-125
118900135,235,209,26
118900136,209,412,-203
118900137,7,48,-41
118900139,203,290,-87
118900140,451,538,-87
118900141,117,113,4
118900144,156,314,-158
118900145,26,100,-74
118900146,365,587,-222
118900147,187,147,40
118900148,73,53,20
118900150,192,579,-387
118900152,671,677,-6
118900157,68,161,-93
118900158,109,51,58
118900159,1,144,-143
118900161,71,17,54
118900163,133,80,53
118900164,5,76,-71
118900165,46,109,-63
118900166,52,4,48
118900167,126,48,78
118900168,14,245,-231
118900169,176,289,-113
118900170,214,128,86
118900171,30,49,-19
118900174,64,93,-29
118900175,519,514,5
118900176,205,260,-55
118900177,113,33,80
118900178,54,121,-67
118900179,14,25,-11
118900181,79,107,-28
118900182,99,43,56
118900183,31,159,-128
118900184,346,112,234
118900185,109,92,17
118900186,122,98,24
118900187,289,291,-2
118900188,336,320,16
118900189,35,905,-870
118900190,32,280,-248
118900191,194,57,137
118900192,272,24,248
118900193,671,7,664
118900195,311,588,-277
118900196,38,118,-80
118900197,172,44,128
118900198,38,15,23
118900199,126,37,89
118900200,35,16,19
118900201,35,60,-25
118900202,21,49,-28
118900203,10,35,-25
118900204,33,24,9
118900205,2,10,-8
118900206,6,19,-13
119000001,1506,2269,-763
119000002,4812,4123,689
119000003,3149,1032,2117
119000004,2659,1442,1217
119000005,1938,2112,-174
119000006,2948,1533,1415
119000007,3834,3282,552
119000008,2156,1774,382
119000009,3676,5348,-1672
119000010,6367,4690,1677
119000011,4435,3574,861
119000012,3362,4315,-953
119000013,3061,1863,1198
119000014,1753,2799,-1046
119000019,335,171,164
119000020,2195,1644,551
119000021,5158,2859,2299
119000022,2440,2943,-503
119000023,272,282,-10
119000024,2187,13475,-11288
119000025,5951,1308,4643
119000026,240,617,-377
119000027,263,472,-209
119000028,1675,835,840
119000029,106,320,-214
119000030,591,1000,-409
119000031,919,689,230
119000032,2076,2518,-442
119000033,2548,1396,1152
119000034,1262,989,273
119000035,31,312,-281
119000036,2318,730,1588
119000037,1468,1424,44
119000038,212,658,-446
119000039,428,284,144
119000040,825,644,181
119000041,935,1308,-373
119000048,2883,2374,509
119000049,1890,1887,3
119000050,1589,1713,-124
119000051,2208,919,1289
119000052,1929,2610,-681
119000053,2069,1263,806
119000054,3472,2492,980
119000055,5318,2902,2416
119000056,3317,2028,1289
119000057,1876,1690,186
119000058,2146,1648,498
119000059,1427,1573,-146
119000060,1874,1335,539
119000061,1069,776,293
119000062,1376,1365,11
119000063,653,394,259
119000064,877,966,-89
119000065,1838,3225,-1387
119000066,2539,1209,1330
119000067,1886,1814,72
119000068,1963,995,968
119000069,1631,2090,-459
119000070,3167,974,2193
119000071,472,726,-254
119000072,4897,2998,1899
119000073,5001,7484,-2483
119000074,1533,1866,-333
119000075,2916,2193,723
119000076,373,1108,-735
119000077,697,537,160
119000078,449,174,275
119000079,203,659,-456
119000080,454,183,271
119000081,370,391,-21
119000082,953,205,748
119000083,702,470,232
119000084,356,433,-77
119000085,576,200,376
119000086,354,444,-90
119000087,1554,823,731
119000088,416,269,147
119000089,72,226,-154
119000090,158,126,32
119000091,137,479,-342
119000092,557,171,386
119000093,3275,2353,922
119000094,3656,4942,-1286
119000095,1983,2817,-834
119000097,2227,1228,999
119000098,1071,3329,-2258
119000099,2490,1555,935
119000100,4540,3328,1212
119000101,4444,2296,2148
119000102,753,1616,-863
119000103,1477,830,647
119000104,2132,1221,911
119000105,1270,2346,-1076
119000106,403,1126,-723
119000107,1302,527,775
119000108,428,812,-384
119000109,114,634,-520
119000110,528,468,60
119000111,50,772,-722
119000112,209,118,91
119000113,2080,365,1715
119000114,1313,1179,134
119000115,127,128,-1
119000116,119,97,22
119000117,159,443,-284
119000118,5,1,4
119000123,2848,2298,550
119000124,701,221,480
119000125,4533,704,3829
119000126,1499,656,843
119000127,673,428,245
119000128,24,2,22
119000131,1126,486,640
119000132,9,5,4
119000133,0,2,-2
119000134,2129,662,1467
119000135,192,182,10
119000136,294,170,124
119000137,296,307,-11
119000138,590,245,345
119000139,287,198,89
119000140,274,375,-101
119000284,1187,2448,-1261
119000285,2210,1910,300
119000286,6396,5542,854
119000287,1334,2039,-705
119000288,1873,1342,531
119000289,1592,2528,-936
119000290,219,359,-140
119000291,14,250,-236
119000293,148,202,-54
119000294,46,33,13
119000295,1289,358,931
119000296,304,163,141
119000299,0,0,0
119000302,1879,1216,663
119000303,37,150,-113
119000314,1587,11379,-9792
119000315,0,272,-272
119000316,151,97,54
119000317,107,256,-149
119900001,358,1400,-1042
119900002,179,244,-65
119900003,53,881,-828
119900004,303,1400,-1097
119900005,237,80,157
119900006,257,419,-162
119900007,1355,284,1071
119900008,83,52,31
119900009,633,636,-3
119900010,1080,1218,-138
119900011,27,120,-93
119900012,16,105,-89
119900013,2108,1360,748
119900014,520,215,305
119900015,141,34,107
119900016,60,95,-35
119900017,81,38,43
119900018,1639,1070,569
119900019,55,10,45
119900020,238,199,39
119900021,243,98,145
119900022,105,1042,-937
119900023,472,1773,-1301
119900025,270,35,235
119900026,779,160,619
119900027,29,23,6
119900028,244,168,76
119900029,6,11,-5
119900030,801,434,367
119900031,84,504,-420
119900033,1918,396,1522
119900034,512,128,384
119900037,204,38,166
119900038,48,325,-277
119900039,66,13,53
119900040,125,39,86
119900041,131,35,96
119900042,82,150,-68
119900043,89,131,-42
119900044,235,1003,-768
119900046,162,67,95
119900047,408,81,327
119900048,41,18,23
119900049,152,8,144
119900050,132,119,13
119900051,703,13,690
119900052,66,52,14
119900053,257,161,96
119900054,209,12,197
119900055,1556,475,1081
119900057,272,72,200
119900058,281,6,275
119900059,107,62,45
119900060,305,33,272
119900062,98,26,72
119900063,21,64,-43
119900065,320,20,300
119900066,1,0,1
119900067,96,17,79
119900068,580,4,576
119900069,179,52,127
119900070,1134,8,1126
119900071,908,30,878
119900073,1542,625,917
119900074,63,45,18
119900075,3883,2635,1248
119900076,617,246,371
119900077,964,840,124
119900078,714,834,-120
119900079,396,145,251
119900080,1954,1217,737
119900081,409,40,369
119900082,1422,91,1331
119900083,606,151,455
119900084,770,385,385
119900085,37,54,-17
119900087,481,361,120
119900088,18,57,-39
119900089,49,398,-349
119900090,131,70,61
119900091,72,697,-625
119900092,157,412,-255
119900093,1381,278,1103
119900094,79,201,-122
119900095,261,100,161
119900096,35,158,-123
119900097,452,229,223
119900098,52,61,-9
119900099,45,215,-170
119900100,1760,3311,-1551
119900101,191,1484,-1293
119900102,23,207,-184
119900103,52,291,-239
119900104,47,189,-142
119900105,1029,2611,-1582
119900106,7,102,-95
119900107,254,1978,-1724
119900108,3195,651,2544
119900109,25,152,-127
119900110,960,499,461
119900111,191,231,-40
119900112,1114,639,475
119900113,62,216,-154
119900114,395,1142,-747
119900115,438,875,-437
119900116,174,481,-307
119900117,341,666,-325
119900118,105,669,-564
119900119,281,224,57
119900120,813,586,227
119900121,480,777,-297
119900122,435,296,139
119900123,262,306,-44
119900124,241,703,-462
119900125,69,283,-214
119900126,3606,416,3190
119900127,1775,898,877
119900128,573,648,-75
119900129,318,461,-143
119900130,38,210,-172
119900131,77,228,-151
119900132,1,205,-204
119900133,88,100,-12
119900134,1382,261,1121
119900135,1,276,-275
119900136,197,331,-134
119900138,354,568,-214
119900139,31,117,-86
119900140,18,170,-152
119900141,106,882,-776
119900142,26,51,-25
119900143,16,202,-186
119900144,1486,263,1223
119900145,94,143,-49
119900146,165,192,-27
119900147,4,170,-166
119900148,294,77,217
119900149,925,4877,-3952
119900150,146,172,-26
119900151,1799,1066,733
119900152,164,268,-104
119900153,221,70,151
119900154,12,234,-222
119900155,54,37,17
119900156,21,4,17
119900157,176,260,-84
119900158,267,85,182
119900159,7,1090,-1083
119900160,43,127,-84
119900161,182,172,10
119900162,1086,1258,-172
119900163,132,198,-66
119900164,0,3,-3
119900165,166,189,-23
119900166,127,37,90
119900167,73,87,-14
119900168,1088,511,577
119900169,84,336,-252
119900170,274,355,-81
119900171,1147,385,762
119900172,179,28,151
119900173,2,302,-300
119900174,4,169,-165
119900175,1672,640,1032
119900177,20,153,-133
119900178,21,171,-150
119900179,129,701,-572
119900180,1191,1015,176
119900181,88,157,-69
119900182,5,300,-295
119900183,201,645,-444
119900184,1869,500,1369
119900185,59,217,-158
119900186,71,1294,-1223
119900187,26,345,-319
119900188,159,402,-243
119900189,522,515,7
119900190,81,327,-246
119900191,437,367,70
119900192,53,163,-110
119900193,503,189,314
119900194,47,85,-38
119900195,31,152,-121
119900196,1230,413,817
119900197,281,167,114
119900198,178,224,-46
119900199,182,28,154
119900200,822,712,110
119900201,296,155,141
119900202,107,364,-257
119900203,228,658,-430
119900204,442,308,134
119900205,1071,418,653
119900206,232,143,89
119900208,206,182,24
119900209,594,1521,-927
119900210,68,20,48
119900211,85,6,79
119900212,388,280,108
119900213,12,69,-57
119900214,27,76,-49
119900215,76,66,10
119900216,11,69,-58
119900217,13,82,-69
119900218,11,60,-49
119900219,14,126,-112
119900220,8,60,-52
119900221,19,212,-193
119900222,7,189,-182
119900223,16,66,-50
119900224,12,29,-17
119900225,729,68,661
119900226,562,2277,-1715
119900227,1141,326,815
119900228,83,295,-212
119900229,368,451,-83
119900230,1353,606,747
119900231,347,170,177
119900232,259,134,125
119900233,77,3,74
119900234,19,100,-81
119900235,23,81,-58
119900236,23,251,-228
119900237,81,538,-457
119900238,2,63,-61
119900240,93,113,-20
119900241,198,222,-24
119900242,1738,1642,96
119900244,668,1300,-632
119900245,171,231,-60
119900246,352,661,-309
119900247,53,121,-68
119900248,106,274,-168
119900249,332,119,213
119900253,2164,391,1773
119900254,139,900,-761
119900255,186,873,-687
119900256,915,821,94
119900257,111,6,105
119900258,173,7,166
119900259,10,124,-114
119900260,153,16,137
119900261,362,132,230
119900262,0,160,-160
119900263,1270,334,936
119900264,108,169,-61
119900265,407,293,114
119900266,485,252,233
119900267,287,467,-180
119900268,165,161,4
119900269,1133,919,214
119900271,51,114,-63
119900272,309,373,-64
119900275,222,104,118
119900276,69,3,66
119900277,4,13,-9
119900278,368,155,213
119900279,155,370,-215
119900280,694,160,534
119900281,1,288,-287
119900282,51,142,-91
119900283,12,179,-167
119900284,63,251,-188
119900285,39,124,-85
119900286,3,33,-30
119900288,2,12,-10
119900289,0,43,-43
119900290,2,25,-23
119900291,1,88,-87
119900292,43,81,-38
119900293,41,5,36
119900294,42,0,42
119900295,0,0,0
119900296,0,0,0
119900299,72,179,-107
119900300,222,197,25
119900301,95,223,-128
119900302,187,109,78
119900303,283,191,92
119900304,236,47,189
119900305,15,98,-83
119900306,14,2,12
119900307,72,86,-14
119900308,9,36,-27
119900309,51,138,-87
119900310,303,275,28
119900311,104,103,1
119900312,115,112,3
119900313,276,286,-10
119900314,233,448,-215
119900315,2587,2039,548
119900318,15,42,-27
119900319,0,218,-218
119900320,267,470,-203
119900321,116,2,114
119900322,21,99,-78
119900323,5,137,-132
119900324,7,62,-55
119900325,287,256,31
119900326,54,122,-68
120000001,7202,17799,-10597
120000002,2859,2410,449
120000003,3145,1645,1500
120000004,2555,1733,822
120000005,4695,2004,2691
120000006,1427,1260,167
120000007,3713,3090,623
120000008,1120,1414,-294
120000009,2427,1226,1201
120000010,2200,2488,-288
120000011,1129,1608,-479
120000012,1757,2541,-784
120000013,3460,2936,524
120000014,825,1520,-695
120000015,2738,1551,1187
120000016,4424,2437,1987
120000017,3780,2942,838
120000018,4094,13697,-9603
120000019,1234,1635,-401
120000020,3251,3595,-344
120000021,1980,2864,-884
120000022,3062,4061,-999
120000023,1176,1825,-649
120000024,1500,2623,-1123
120000025,2987,1966,1021
120000026,2496,1791,705
120000027,2485,2418,67
120000028,728,1273,-545
120000029,3021,1395,1626
120000030,764,1109,-345
120000031,2718,6635,-3917
120000032,7953,3770,4183
120000033,4700,1788,2912
120000034,2427,1615,812
120000035,2415,1900,515
120000036,3074,5236,-2162
120000037,826,1909,-1083
120000038,5782,4492,1290
120000039,744,814,-70
120000040,145,656,-511
120000041,1224,1511,-287
120000042,2370,2874,-504
120000043,5509,1497,4012
120000044,6255,1718,4537
120000045,6637,1076,5561
120000046,3534,2840,694
120000047,957,5678,-4721
120000048,7081,4580,2501
120000049,3888,3117,771
120000050,3706,3667,39
120000051,2577,4287,-1710
120000052,7862,2288,5574
120000053,1230,1910,-680
120000054,1357,3630,-2273
120000055,1694,4391,-2697
120000056,4771,3913,858
120000057,4191,945,3246
120000058,2877,985,1892
120000059,8,1869,-1861
120000061,113,583,-470
120000062,250,371,-121
120000063,1448,2516,-1068
120000064,231,883,-652
120000065,598,1165,-567
120000066,313,528,-215
120000067,79,456,-377
120000068,199,664,-465
120000069,659,875,-216
120000070,115,596,-481
120000071,682,122,560
120000072,1008,379,629
120000073,1111,117,994
120000074,166,113,53
120000075,1217,344,873
120000076,2695,401,2294
120000077,2135,692,1443
120000078,3847,1408,2439
120000079,354,181,173
120000080,208,256,-48
120000081,438,170,268
120000082,258,268,-10
120000083,67,721,-654
120000084,409,379,30
120000085,397,455,-58
120000086,280,521,-241
120000087,271,500,-229
120000088,864,1015,-151
120000089,1335,662,673
120000090,913,557,356
120000091,1207,1136,71
120000092,1404,671,733
120000093,569,439,130
120000094,194,722,-528
120000095,1148,462,686
120000096,323,667,-344
120000098,1181,919,262
120000099,593,718,-125
120000100,999,828,171
120000101,700,475,225
120000102,744,1114,-370
120000103,1644,999,645
120000104,2176,619,1557
120000105,3456,725,2731
120000106,2962,747,2215
120000107,4985,671,4314
120000108,1706,170,1536
120000109,1347,107,1240
120000110,61,862,-801
120000111,109,933,-824
120000112,805,2165,-1360
120000113,555,1670,-1115
120000114,925,1971,-1046
120000115,369,1705,-1336
120000116,653,1633,-980
120000117,897,1237,-340
120000118,67,45,22
120000119,28,54,-26
120000120,109,125,-16
120000121,29,60,-31
120000122,293,439,-146
120000123,3832,6757,-2925
120000124,538,373,165
120000125,587,597,-10
120000126,335,1104,-769
120000127,2412,1175,1237
120000128,3059,4662,-1603
120000129,205,273,-68
120000130,928,569,359
120000131,375,804,-429
120000134,377,906,-529
120000135,736,646,90
120000137,341,1043,-702
120000138,1411,441,970
120000139,430,563,-133
120000140,1149,596,553
120000141,360,382,-22
120000142,749,636,113
120000143,0,84,-84
120000144,139,4,135
120000145,576,3,573
120000146,1056,1055,1
120000149,692,1055,-363
120000150,3026,12575,-9549
120000151,506,480,26
120000152,664,186,478
120000153,351,550,-199
120000154,616,549,67
120000155,153,285,-132
120000156,747,1291,-544
120000157,1200,804,396
120000158,1086,800,286
120000159,1986,2551,-565
120000160,2504,1753,751
120000161,2639,2244,395
120000162,108,278,-170
120000163,898,1042,-144
120000164,708,350,358
120000165,775,713,62
120000166,1947,585,1362
120000167,162,206,-44
120000168,23,701,-678
120000169,55,1776,-1721
120000170,58,1184,-1126
120000171,19,502,-483
120000172,16,289,-273
120000173,1713,1339,374
120000174,254,46,208
120000175,180,35,145
120000176,142,47,95
120000177,1470,142,1328
120000178,50,22,28
120000179,212,76,136
120000180,1655,104,1551
120000181,151,1740,-1589
120000182,79,687,-608
120000183,7,487,-480
120000184,165,1353,-1188
120000186,43,693,-650
120000187,28,320,-292
120000188,67,546,-479
120000190,523,54,469
120000191,650,91,559
120000192,845,45,800
120000193,317,16,301
120000195,81,4,77
120000196,395,27,368
120000197,212,112,100
120000198,209,65,144
120000199,161,1,160
120000200,112,1,111
120000201,21,39,-18
120000202,6,39,-33
120000203,60,165,-105
120000207,1,63,-62
120000208,10,152,-142
120000209,7,57,-50
120000210,55,61,-6
120000211,181,4,177
120000212,233,0,233
120000213,211,242,-31
120000214,2,215,-213
120000215,5,105,-100
120000216,123,24,99
120000217,559,1296,-737
120000218,150,699,-549
120000219,4,381,-377
120000220,7,1159,-1152
120000225,1851,5,1846
120000226,441,14,427
120000227,1068,90,978
120000228,10838,4212,6626
120000230,531,34,497
120000231,1674,2007,-333
120000233,400,2,398
120000235,290,545,-255
120000236,1349,1,1348
120000237,0,1164,-1164
120000238,4,812,-808
120000241,1320,4191,-2871
120000412,669,21,648
120000413,327,225,102
120000414,166,4,162
120000415,2,80,-78
120000416,146,7,139
120000417,6,72,-66
120000418,282,28,254
120000419,11,160,-149
120000420,57,32,25
120000421,9317,5631,3686
120000422,110,1837,-1727
120000423,3,82,-79
120000424,134,113,21
120000436,148,734,-586
120000437,137,125,12
120000438,1885,229,1656
120000439,233,654,-421
120000443,307,1,306
120000444,1838,500,1338
120000445,2000,1206,794
120000446,644,178,466
120000447,285,0,285
120000449,128,5,123
120000450,17,146,-129
120000451,166,450,-284
120000452,265,15,250
120000453,1,394,-393
120000454,88,68,20
120000455,76,34,42
120000456,2235,4421,-2186
120000457,940,460,480
120000458,466,463,3
120000459,85,64,21
120000665,1624,331,1293
120000668,144,1184,-1040
120000669,80,173,-93
120000670,249,782,-533
120000671,1462,640,822
120000672,98,612,-514
120900001,93,137,-44
120900002,361,633,-272
120900003,212,26,186
120900004,17,96,-79
120900005,38,693,-655
120900006,485,291,194
120900007,202,94,108
120900008,366,975,-609
120900009,657,31,626
120900010,645,135,510
120900011,268,249,19
120900012,282,1626,-1344
120900013,465,243,222
120900014,7,489,-482
120900015,1131,94,1037
120900016,1083,89,994
120900017,2071,96,1975
120900018,221,393,-172
120900019,788,424,364
120900020,711,1671,-960
120900021,990,329,661
120900022,19,293,-274
120900023,436,38,398
120900024,2399,524,1875
120900025,1739,1210,529
120900026,184,197,-13
120900027,993,21,972
120900028,510,166,344
120900029,133,639,-506
120900030,1553,876,677
120900031,352,162,190
120900032,1438,108,1330
120900033,1451,126,1325
120900034,42,2896,-2854
120900035,103,126,-23
120900037,329,19,310
120900038,71,418,-347
120900039,114,39,75
120900040,419,4,415
120900041,112,31,81
120900042,726,46,680
120900043,82,96,-14
120900044,25,383,-358
120900045,147,84,63
120900046,503,7,496
120900047,171,199,-28
120900048,187,52,135
120900049,716,3,713
120900050,1898,1890,8
120900051,400,96,304
120900052,789,14,775
120900053,384,81,303
120900054,1719,583,1136
120900055,516,2,514
120900056,714,41,673
120900057,204,26,178
120900058,722,4,718
120900059,124,2,122
120900060,94,41,53
120900061,275,205,70
120900062,297,1,296
120900063,738,5,733
120900064,878,1,877
120900065,759,6,753
120900066,508,174,334
120900067,239,81,158
120900068,445,0,445
120900069,316,37,279
120900071,27,1,26
120900072,955,4,951
120900073,641,143,498
120900074,1073,13,1060
120900076,400,2,398
120900077,2615,388,2227
120900078,1045,627,418
120900079,969,94,875
120900080,961,1351,-390
120900081,1107,798,309
120900082,564,434,130
120900083,158,2,156
120900084,369,579,-210
120900085,98,128,-30
120900086,90,410,-320
120900087,547,463,84
120900088,162,555,-393
120900089,2529,3353,-824
120900090,313,97,216
120900091,778,1123,-345
120900092,1313,450,863
120900093,1833,178,1655
120900094,432,170,262
120900095,503,16,487
120900096,76,244,-168
120900097,748,610,138
120900098,280,212,68
120900099,72,74,-2
120900100,95,206,-111
120900101,577,248,329
120900102,58,93,-35
120900103,83,239,-156
120900104,37,46,-9
120900105,35,476,-441
120900106,1113,451,662
120900107,294,162,132
120900108,8,503,-495
120900109,38,448,-410
120900110,11,484,-473
120900111,192,327,-135
120900112,15,707,-692
120900113,19,618,-599
120900114,28,152,-124
120900115,182,297,-115
120900116,499,361,138
120900117,9,400,-391
120900118,15,635,-620
120900119,5657,4319,1338
120900120,99,529,-430
120900121,230,441,-211
120900122,660,413,247
120900123,3,326,-323
120900124,5,510,-505
120900125,5,562,-557
120900126,1398,910,488
120900127,19,348,-329
120900128,1103,1368,-265
120900129,68,212,-144
120900130,1,359,-358
120900131,66,68,-2
120900132,1229,293,936
120900133,143,751,-608
120900134,687,410,277
120900135,7,435,-428
120900136,46,52,-6
120900137,276,104,172
120900138,29,208,-179
120900139,1,533,-532
120900140,5,86,-81
120900141,145,201,-56
120900142,20,425,-405
120900143,4,720,-716
120900144,0,114,-114
120900145,357,660,-303
120900146,2,812,-810
120900147,1,433,-432
120900148,158,136,22
120900149,2,218,-216
120900150,55,435,-380
120900151,2,520,-518
120900152,0,35,-35
120900153,87,113,-26
120900154,2,182,-180
120900155,199,803,-604
120900156,81,335,-254
120900157,92,293,-201
120900158,103,578,-475
120900159,235,483,-248
120900160,31,652,-621
120900161,51,531,-480
120900162,101,733,-632
120900163,105,1061,-956
120900164,0,25,-25
120900165,10,65,-55
120900166,166,798,-632
120900167,502,156,346
120900169,99,235,-136
120900170,899,3476,-2577
120900171,1034,229,805
120900172,691,1444,-753
120900173,0,49,-49
120900174,18,116,-98
120900175,309,140,169
120900176,20,404,-384
120900177,2,1412,-1410
120900178,2,463,-461
120900179,736,471,265
120900180,111,150,-39
120900181,62,44,18
120900182,24,256,-232
120900183,562,49,513
120900184,326,75,251
120900185,6,287,-281
120900186,1,318,-317
120900187,632,1119,-487
120900188,268,14,254
120900189,106,1664,-1558
120900190,109,4,105
120900191,16,13,3
120900192,7842,8898,-1056
120900194,65,100,-35
120900195,171,382,-211
120900196,945,54,891
120900197,948,197,751
120900198,279,552,-273
120900199,461,625,-164
120900200,72,121,-49
120900201,436,160,276
120900202,0,139,-139
120900203,46,93,-47
120900204,186,225,-39
120900205,72,67,5
120900206,32,42,-10
120900207,56,1114,-1058
121000001,860,1148,-288
121000002,2816,1406,1410
121000003,3044,2121,923
121000004,2767,3555,-788
121000005,1804,2779,-975
121000006,3563,1853,1710
121000007,2557,3142,-585
121000008,5235,4274,961
121000009,5853,6154,-301
121000010,8811,7228,1583
121000011,9910,13701,-3791
121000012,18116,12003,6113
121000013,5079,7720,-2641
121000014,6188,5625,563
121000015,4360,7431,-3071
121000016,4244,3690,554
121000017,2482,3807,-1325
121000018,3320,1891,1429
121000019,16079,12665,3414
121000020,14999,19213,-4214
121000021,3621,3249,372
121000022,3279,4032,-753
121000023,3980,3355,625
121000024,5956,6652,-696
121000025,680,1475,-795
121000026,375,222,153
121000027,1678,1303,375
121000028,1006,610,396
121000029,1038,775,263
121000030,813,511,302
121000031,685,675,10
121000032,251,154,97
121000034,326,248,78
121000035,122,170,-48
121000036,998,897,101
121000037,661,556,105
121000038,666,1193,-527
121000039,399,634,-235
121000041,698,685,13
121000042,359,428,-69
121000043,648,541,107
121000044,1617,1018,599
121000045,494,333,161
121000046,904,1099,-195
121000047,70,170,-100
121000049,1369,647,722
121000050,314,1241,-927
121000051,677,351,326
121000052,496,663,-167
121000053,416,131,285
121000054,52,431,-379
121000055,1143,1253,-110
121000056,782,1105,-323
121000057,279,596,-317
121000058,423,233,190
121000059,2534,1416,1118
121000060,717,1134,-417
121000061,87,482,-395
121000062,184,460,-276
121000063,1029,1002,27
121000064,875,897,-22
121000065,372,556,-184
121000066,764,606,158
121000067,669,744,-75
121000068,866,490,376
121000069,554,1209,-655
121000070,1808,1390,418
121000071,1620,1602,18
121000072,1266,909,357
121000073,1220,1066,154
121000074,133,169,-36
121000075,69,666,-597
121000076,719,555,164
121000077,143,214,-71
121000078,106,196,-90
121000080,2056,758,1298
121000081,5183,3312,1871
121000082,113,244,-131
121000083,195,111,84
121000084,183,201,-18
121000085,294,460,-166
121000086,359,654,-295
121000087,82,370,-288
121000088,590,699,-109
121000089,592,663,-71
121000090,689,608,81
121000091,1954,1223,731
121000092,227,101,126
121000093,201,274,-73
121000094,660,792,-132
121000095,430,840,-410
121000096,2651,2486,165
121000097,1136,2940,-1804
121000098,828,1170,-342
121000099,862,895,-33
121000100,1174,389,785
121000101,484,318,166
121000102,400,334,66
121000103,238,260,-22
121000104,304,133,171
121000105,554,247,307
121000106,434,439,-5
121000107,2136,3096,-960
121000109,1288,1050,238
121000110,308,737,-429
121000114,3144,2281,863
121000115,1295,638,657
121000116,242,904,-662
121000117,710,231,479
121000118,1604,245,1359
121000119,332,539,-207
121000120,373,518,-145
121000121,671,1450,-779
121000123,2003,841,1162
121000126,92,308,-216
121000127,193,103,90
121000128,1123,444,679
121000129,1086,586,500
121000130,768,894,-126
121000131,2206,2069,137
121000132,1778,2112,-334
121000135,601,1088,-487
121000136,1443,1328,115
121000137,609,412,197
121000138,936,1774,-838
121000139,447,704,-257
121000141,271,211,60
121000142,873,1334,-461
121000143,153,45,108
121000144,1081,2013,-932
121000145,616,994,-378
121000146,1640,1178,462
121000147,1342,600,742
121000148,1069,998,71
121000149,2711,1668,1043
121000152,430,543,-113
121000153,2063,647,1416
121000154,1428,656,772
121000155,1769,1069,700
121000156,487,989,-502
121000157,959,1631,-672
121000158,369,439,-70
121000159,226,402,-176
121000160,298,372,-74
121000161,245,355,-110
121000162,163,183,-20
121000165,1673,2128,-455
121000166,19,468,-449
121000168,489,237,252
121000169,100,173,-73
121000170,396,98,298
121000171,142,193,-51
121000172,824,595,229
121000173,1417,1373,44
121000174,482,491,-9
121000175,1225,411,814
121000176,439,302,137
121000177,865,599,266
121000178,112,67,45
121000179,66,61,5
121000181,465,426,39
121000182,213,305,-92
121000183,98,195,-97
121000184,95,155,-60
121000185,75,202,-127
121000186,250,707,-457
121000187,262,175,87
121000188,292,160,132
121000192,1241,465,776
121000193,727,573,154
121000194,2255,2245,10
121000195,268,860,-592
121000196,690,291,399
121000197,322,768,-446
121000198,236,199,37
121000199,172,346,-174
121000200,667,103,564
121000201,5,191,-186
121000202,1042,176,866
121000203,843,1730,-887
121000204,3391,740,2651
121000205,139,269,-130
121000206,192,51,141
121000207,2449,404,2045
121000208,4,306,-302
121000209,517,232,285
121000210,964,355,609
121000211,345,155,190
121000212,548,512,36
121000213,9519,2913,6606
121000214,999,2029,-1030
121000215,1050,1073,-23
121000216,601,626,-25
121000217,4708,2513,2195
121000218,367,1501,-1134
121000219,1545,460,1085
121000220,187,73,114
121000221,121,305,-184
121000222,2354,2743,-389
121000223,405,419,-14
121000224,295,327,-32
121000225,930,2220,-1290
121000226,2151,1119,1032
121000227,15,133,-118
121000228,18,509,-491
121000229,387,294,93
121000230,46,1331,-1285
121000231,1142,35,1107
121000232,448,287,161
121000233,561,347,214
121000234,16,34,-18
121000235,58,85,-27
121000236,25,32,-7
121000237,43,14,29
121000238,6,46,-40
121000239,51,6,45
121000240,9,162,-153
121000241,89,18,71
121000242,70,362,-292
121000243,475,214,261
121000244,11,63,-52
121000245,104,57,47
121000246,2,82,-80
121000247,120,4,116
121000248,1216,503,713
121000249,91,316,-225
121000250,676,272,404
121000251,18,362,-344
121000252,141,75,66
121000253,392,358,34
121000254,858,220,638
121000255,102,241,-139
121000256,305,195,110
121000257,29,106,-77
121000258,100,98,2
121000259,42,78,-36
121000260,102,99,3
121000261,70,57,13
121000262,1232,796,436
121000263,501,394,107
121000271,333,1324,-991
121000273,39,9,30
121000274,20,59,-39
121000275,0,3,-3
121000276,1,21,-20
121000278,73,68,5
121000279,30,29,1
121000280,37,53,-16
121000289,212,24,188
121000290,1098,907,191
121000294,202,137,65
121000297,799,1124,-325
121000299,136,774,-638
121000300,925,553,372
121000302,58,1141,-1083
121000303,446,386,60
121000304,572,73,499
121000305,227,47,180
121000306,131,138,-7
121000308,172,301,-129
121000309,400,436,-36
121000310,108,361,-253
121000311,81,723,-642
121000312,426,313,113
121000313,365,424,-59
121000314,101,138,-37
121000315,64,119,-55
121000530,1909,1367,542
121000531,2036,1524,512
121000532,7133,8389,-1256
121000533,3945,3962,-17
121000918,35,148,-113
121000919,50,71,-21
121000938,98,77,21
121000939,95,167,-72
121000956,1733,1133,600
121000957,4,21,-17
121000958,48,63,-15
121000959,913,695,218
121000960,1588,1639,-51
121000961,315,130,185
121000962,263,430,-167
121000973,1,199,-198
121000976,22,225,-203
121000979,599,248,351
121000981,473,237,236
121000982,466,237,229
121000983,509,328,181
121000984,27,127,-100
121000985,947,519,428
121000986,391,206,185
121000987,211,686,-475
121000988,999,135,864
121001302,234,134,100
121001308,0,13,-13
121001309,34,138,-104
121001311,0,0,0
121001313,248,231,17
121001314,1896,2468,-572
121001315,5501,3570,1931
121001318,0,0,0
121900001,120,216,-96
121900002,42,46,-4
121900003,497,59,438
121900004,78,449,-371
121900005,42,21,21
121900006,104,32,72
121900007,2124,1969,155
121900008,971,1056,-85
121900009,783,29,754
121900010,280,6,274
121900011,338,457,-119
121900012,19,0,19
121900013,1192,118,1074
121900014,1345,392,953
121900015,248,203,45
121900016,3,33,-30
121900017,532,621,-89
121900018,463,12,451
121900019,555,264,291
121900020,25,5,20
121900021,1191,20,1171
121900022,307,230,77
121900023,250,315,-65
121900024,439,103,336
121900025,714,459,255
121900026,433,55,378
121900027,504,257,247
121900028,222,26,196
121900029,193,352,-159
121900030,543,596,-53
121900031,1085,6681,-5596
121900032,159,112,47
121900033,236,266,-30
121900034,312,78,234
121900035,3349,2551,798
121900036,117,278,-161
121900037,164,1178,-1014
121900038,37,172,-135
121900039,367,84,283
121900040,112,142,-30
121900041,136,245,-109
121900042,441,175,266
121900043,5,7,-2
121900044,148,64,84
121900046,335,439,-104
121900047,314,88,226
121900048,71,117,-46
121900050,43,52,-9
121900051,204,209,-5
121900052,233,58,175
121900053,734,334,400
121900054,509,1007,-498
121900055,13,15,-2
121900058,268,147,121
121900059,473,260,213
121900060,202,376,-174
121900061,266,198,68
121900062,239,169,70
121900063,1614,767,847
121900064,303,605,-302
121900066,65,28,37
121900067,55,62,-7
121900069,165,189,-24
121900070,243,131,112
121900071,484,277,207
121900072,53,148,-95
121900073,307,269,38
121900074,870,1190,-320
121900075,435,589,-154
121900076,475,618,-143
121900077,20,15,5
121900078,109,63,46
121900079,0,0,0
121900080,945,457,488
121900082,61,96,-35
121900084,39,101,-62
121900085,1,12,-11
121900086,20,94,-74
121900087,147,138,9
121900088,2163,3757,-1594
121900089,273,255,18
121900090,58,74,-16
121900091,84,63,21
121900092,80,172,-92
121900093,77,72,5
121900094,18,17,1
121900095,347,209,138
121900096,1486,1111,375
121900097,689,185,504
121900098,12,8,4
121900099,302,78,224
121900100,207,524,-317
121900101,180,184,-4
121900102,6,165,-159
121900103,453,332,121
121900104,1847,389,1458
121900105,381,208,173
121900106,9,13,-4
121900107,49,35,14
121900108,0,20,-20
121900109,299,175,124
121900110,582,709,-127
121900111,751,284,467
121900112,139,189,-50
121900113,52,456,-404
121900114,124,87,37
121900117,258,183,75
121900118,1859,655,1204
121900119,245,132,113
121900120,35,1260,-1225
121900121,512,41,471
121900122,46,75,-29
121900123,285,433,-148
121900124,177,171,6
121900125,2310,1103,1207
121900127,23,97,-74
121900128,104,88,16
121900129,675,271,404
121900130,102,192,-90
121900131,272,97,175
121900132,68,99,-31
121900133,70,1144,-1074
121900134,68,189,-121
121900135,3509,446,3063
121900136,478,445,33
121900137,86,365,-279
121900138,136,201,-65
121900139,349,691,-342
121900140,96,230,-134
121900141,104,65,39
121900142,227,154,73
121900143,29,162,-133
121900144,179,283,-104
121900145,195,237,-42
121900146,702,768,-66
121900147,65,195,-130
121900148,230,337,-107
121900149,388,487,-99
121900150,50,169,-119
121900151,84,281,-197
121900152,100,146,-46
121900153,127,884,-757
121900154,21,267,-246
121900155,4,280,-276
121900156,240,174,66
121900157,2,307,-305
121900158,77,128,-51
121900159,1,238,-237
121900160,75,262,-187
121900161,337,368,-31
121900162,92,171,-79
121900163,382,454,-72
121900164,420,220,200
121900165,262,163,99
121900166,183,155,28
121900167,113,151,-38
121900168,132,225,-93
121900169,4,181,-177
121900170,18,198,-180
121900171,982,664,318
121900172,697,238,459
121900173,907,224,683
121900174,68,79,-11
121900175,210,428,-218
121900176,657,1361,-704
121900177,213,88,125
121900178,41,39,2
121900179,423,254,169
121900180,3256,5069,-1813
121900182,853,421,432
121900183,569,1592,-1023
121900184,64,777,-713
121900186,20,387,-367
121900187,38,181,-143
121900188,728,390,338
121900189,62,99,-37
121900190,294,427,-133
121900191,151,229,-78
121900192,350,1018,-668
121900193,37,156,-119
121900194,7,261,-254
121900195,81,122,-41
121900196,1000,1017,-17
121900197,301,1261,-960
121900198,1287,1109,178
121900199,2,29,-27
121900200,89,260,-171
121900201,1067,847,220
121900202,128,782,-654
121900203,234,1290,-1056
121900204,901,1259,-358
121900205,9,72,-63
121900206,24,55,-31
121900207,142,55,87
121900208,163,538,-375
121900209,80,58,22
121900210,1657,1230,427
121900211,234,317,-83
121900212,131,152,-21
121900213,284,95,189
121900214,27,468,-441
121900215,46,103,-57
121900216,38,300,-262
121900217,297,172,125
121900218,246,435,-189
121900220,182,17,165
121900221,458,591,-133
121900222,208,148,60
121900223,377,72,305
121900224,180,54,126
121900225,105,141,-36
121900226,401,494,-93
121900227,254,609,-355
121900228,221,255,-34
121900230,74,431,-357
121900231,231,2970,-2739
121900232,210,320,-110
121900233,281,270,11
121900234,355,230,125
121900235,580,154,426
121900236,386,164,222
121900237,185,331,-146
121900238,201,286,-85
121900239,258,42,216
121900240,331,107,224
121900241,56,46,10
121900242,6,2,4
121900243,21,0,21
121900244,54,3,51
121900245,266,49,217
121900246,2808,354,2454
121900247,400,304,96
121900248,1479,1470,9
121900250,314,380,-66
121900251,512,77,435
121900252,643,153,490
121900253,118,726,-608
121900254,456,290,166
121900255,540,118,422
121900258,3942,2105,1837
121900259,328,570,-242
121900260,159,156,3
121900261,182,651,-469
121900262,375,1017,-642
121900263,318,257,61
121900264,1634,1301,333
121900265,395,242,153
121900266,643,186,457
121900267,70,46,24
121900269,296,794,-498
121900270,48,227,-179
121900271,66,151,-85
121900273,583,1882,-1299
121900274,372,330,42
121900277,504,1195,-691
121900278,124,1030,-906
121900279,201,222,-21
121900280,143,382,-239
121900281,371,757,-386
121900284,93,10,83
121900286,150,112,38
121900287,27,25,2
121900288,4,1,3
121900290,369,428,-59
121900291,359,638,-279
121900292,178,162,16
121900293,1088,2727,-1639
121900294,335,3,332
121900295,169,222,-53
121900296,63,264,-201
121900298,289,862,-573
121900299,0,38,-38
121900300,127,11,116
121900301,74,5,69
121900302,8,25,-17
121900303,297,414,-117
121900304,0,14,-14
121900305,2,10,-8
121900306,290,3,287
121900307,132,12,120
121900308,13,262,-249
121900309,15,208,-193
121900310,24,382,-358
121900311,577,22,555
121900312,416,10,406
121900313,420,23,397
121900314,7,67,-60
121900315,21,1,20
121900316,0,12,-12
121900317,35,7,28
121900318,4,6,-2
121900319,72,116,-44
121900320,31,50,-19
121900321,31,12,19
121900322,0,13,-13
121900323,19,21,-2
121900324,2,46,-44
121900325,31,7,24
121900326,6,9,-3
121900327,6,35,-29
121900328,1,22,-21
121900329,1,133,-132
121900330,0,34,-34
121900331,115,92,23
121900332,123,42,81
121900333,26,0,26
121900334,57,67,-10
122000001,2201,5288,-3087
122000002,3667,1714,1953
122000003,1762,3029,-1267
122000004,2911,1686,1225
122000005,2642,2153,489
122000006,1633,1066,567
122000007,978,1614,-636
122000008,3011,4869,-1858
122000009,413,411,2
122000010,2321,3146,-825
122000011,3290,1734,1556
122000012,1044,1794,-750
122000013,1101,1031,70
122000014,1844,1105,739
122000015,1493,1159,334
122000016,577,854,-277
122000017,1311,1102,209
122000018,1584,1543,41
122000019,787,1026,-239
122000020,197,218,-21
122000021,269,500,-231
122000022,1192,1025,167
122000023,658,1666,-1008
122000024,720,1392,-672
122000025,827,1901,-1074
122000026,784,1316,-532
122000027,616,1664,-1048
122000028,1116,563,553
122000029,499,796,-297
122000030,297,179,118
122000031,183,340,-157
122000032,1866,1858,8
122000033,677,1473,-796
122000034,738,725,13
122000035,290,698,-408
122000036,612,466,146
122000037,384,257,127
122000038,240,402,-162
122000039,572,450,122
122000040,223,370,-147
122000041,552,620,-68
122000042,422,429,-7
122000043,97,105,-8
122000044,138,135,3
122000045,1266,483,783
122000046,832,690,142
122000047,217,296,-79
122000048,3550,4696,-1146
122000049,5833,3592,2241
122000050,1389,884,505
122000051,305,356,-51
122000052,532,536,-4
122000053,187,973,-786
122000054,2322,2046,276
122000055,2132,3206,-1074
122000056,4225,3320,905
122000057,3257,3660,-403
122000058,1974,1597,377
122000059,2229,2233,-4
122000060,528,856,-328
122000061,488,708,-220
122000062,744,343,401
122000063,996,720,276
122000064,3102,3301,-199
122000065,3350,2466,884
122000066,1021,1120,-99
122000067,1605,1392,213
122000068,1859,1075,784
122000069,734,740,-6
122000070,880,1336,-456
122000071,2208,1250,958
122000072,358,518,-160
122000073,262,912,-650
122000074,3315,1938,1377
122000075,889,1296,-407
122000076,3142,1360,1782
122000077,953,1014,-61
122000078,1558,2911,-1353
122000079,829,1404,-575
122000080,596,410,186
122000081,180,255,-75
122000082,434,989,-555
122000083,1899,1554,345
122000084,1711,997,714
122000085,279,1014,-735
122000086,2752,5681,-2929
122000087,456,332,124
122000088,351,582,-231
122000089,5103,2941,2162
122000090,209,553,-344
122000091,188,122,66
122000092,94,47,47
122000093,1631,2460,-829
122000094,5217,3388,1829
122000095,1938,4745,-2807
122000096,1794,1887,-93
122000098,2861,2919,-58
122000099,1553,883,670
122000100,816,666,150
122000101,451,804,-353
122000102,2426,1252,1174
122000103,2307,1885,422
122000104,600,225,375
122000105,706,283,423
122000106,536,622,-86
122000107,1145,490,655
122000108,499,843,-344
122000109,475,279,196
122000110,521,574,-53
122000111,2868,1481,1387
122000112,1099,1390,-291
122000113,704,661,43
122000114,2795,1617,1178
122000115,1925,1242,683
122000116,609,814,-205
122000117,1532,615,917
122000118,850,1109,-259
122000119,4634,3609,1025
122000120,3122,6908,-3786
122000121,3418,3873,-455
122000122,872,1914,-1042
122000123,2711,2190,521
122000124,1521,862,659
122000125,748,935,-187
122000126,802,1559,-757
122000127,1415,1612,-197
122000128,661,970,-309
122000129,480,1821,-1341
122000130,4469,2289,2180
122000131,2577,2245,332
122000132,791,869,-78
122000133,1161,1364,-203
122000134,1296,987,309
122000135,760,735,25
122000136,1007,864,143
122000137,2335,974,1361
122000139,1255,4242,-2987
122000140,784,754,30
122000141,4232,1232,3000
122000142,372,1151,-779
122000143,825,1159,-334
122000144,2397,2166,231
122000145,1428,1100,328
122000146,751,2004,-1253
122000147,782,699,83
122000148,1463,2420,-957
122000149,2466,1944,522
122000150,1342,1315,27
122000151,241,528,-287
122000152,472,526,-54
122000153,547,396,151
122000154,351,300,51
122000155,1498,2814,-1316
122000156,2432,2983,-551
122000157,1268,2530,-1262
122000158,515,996,-481
122000159,1205,2615,-1410
122000160,6096,4378,1718
122000161,1885,1890,-5
122000162,2772,2326,446
122000163,295,106,189
122000164,34,103,-69
122000165,706,701,5
122000166,729,1177,-448
122000167,321,281,40
122000168,204,592,-388
122000169,409,223,186
122000170,327,295,32
122000171,56,92,-36
122000172,1917,1450,467
122000173,1498,2318,-820
122000174,2187,1001,1186
122000175,891,320,571
122000176,329,878,-549
122000177,1546,1633,-87
122000178,2941,2500,441
122000179,1781,2335,-554
122000180,1751,1462,289
122000181,1662,3200,-1538
122000182,1911,2051,-140
122000183,2255,1125,1130
122000184,3366,2799,567
122000185,1550,2087,-537
122000186,460,851,-391
122000187,1928,1320,608
122000188,437,213,224
122000189,272,299,-27
122000190,876,1403,-527
122000191,887,875,12
122000192,1120,405,715
122000193,544,878,-334
122000194,590,180,410
122000195,199,575,-376
122000196,1359,690,669
122000197,592,813,-221
122000198,501,1018,-517
122000199,354,365,-11
122000200,862,690,172
122000201,1343,1678,-335
122000202,1123,1494,-371
122000203,3167,1744,1423
122000204,2009,2084,-75
122000205,1462,1520,-58
122000206,2914,1317,1597
122000207,2040,2012,28
122000208,2297,1680,617
122000209,1911,411,1500
122000210,2761,1762,999
122000211,1606,1650,-44
122000212,980,569,411
122000213,1141,1492,-351
122000214,2191,1890,301
122000215,2385,1733,652
122000217,2113,1404,709
122000218,879,93,786
122000219,1202,976,226
122000220,441,836,-395
122000221,98,419,-321
122000222,612,135,477
122000223,1437,627,810
122000225,735,384,351
122000226,2271,2113,158
122000227,426,2641,-2215
122000228,456,447,9
122000229,32,682,-650
122000230,74,482,-408
122000231,297,718,-421
122000232,589,956,-367
122000233,2,122,-120
122000234,494,61,433
122000235,612,167,445
122000236,1547,112,1435
122000237,164,88,76
122000238,412,353,59
122000239,689,178,511
122000240,1488,641,847
122000241,2348,671,1677
122000242,1012,184,828
122000243,372,48,324
122000244,72,524,-452
122000245,137,234,-97
122000246,532,213,319
122000247,720,776,-56
122000248,1261,1619,-358
122000249,1706,941,765
122000250,3165,1318,1847
122000251,307,559,-252
122000252,581,162,419
122000253,66,281,-215
122000254,318,119,199
122000255,756,1480,-724
122000256,329,729,-400
122000257,245,245,0
122000258,372,249,123
122000259,14,465,-451
122000260,6,53,-47
122000261,21,268,-247
122000262,0,41,-41
122000263,597,199,398
122000264,1712,371,1341
122000265,2697,995,1702
122000266,4489,715,3774
122000267,136,129,7
122000268,156,362,-206
122000269,1040,340,700
122000270,621,184,437
122000271,319,1061,-742
122000272,362,827,-465
122000273,564,435,129
122000274,265,208,57
122000275,121,250,-129
122000276,1070,597,473
122000277,1638,1845,-207
122000278,2362,792,1570
122000279,292,583,-291
122000280,889,836,53
122000281,999,716,283
122000282,184,489,-305
122000283,235,183,52
122000284,176,101,75
122000285,324,96,228
122000286,63,199,-136
122000287,1485,1409,76
122000288,688,289,399
122000291,2404,784,1620
122000293,257,315,-58
122000294,148,221,-73
122000295,1297,200,1097
122000296,33,496,-463
122000297,2611,3404,-793
122000299,721,428,293
122000300,554,568,-14
122000301,8298,3276,5022
122000302,744,1601,-857
122000303,2948,1379,1569
122000304,101,202,-101
122000305,1463,318,1145
122000306,27,534,-507
122000307,119,130,-11
122000309,45,42,3
122000310,25,113,-88
122000311,154,139,15
122000312,125,142,-17
122000313,133,73,60
122000314,142,201,-59
122000315,318,58,260
122000316,1025,186,839
122000317,1675,296,1379
122000318,320,967,-647
122000319,276,329,-53
122000320,298,1049,-751
122000321,140,186,-46
122000322,2041,2165,-124
122000323,1215,2445,-1230
122000324,1241,1311,-70
122000325,825,2001,-1176
122000326,136,88,48
122000327,837,1245,-408
122000328,1216,855,361
122000330,2566,1096,1470
122000332,177,332,-155
122000333,10,74,-64
122000337,1250,1494,-244
122000338,538,435,103
122000340,311,611,-300
122000342,1513,1088,425
122000343,575,1138,-563
122000344,111,19,92
122000345,46,27,19
122000346,356,412,-56
122000348,955,785,170
122000349,155,827,-672
122000351,142,179,-37
122000352,311,205,106
122000353,115,65,50
122000355,120,408,-288
122000356,1016,1313,-297
122000357,105,20,85
122000358,1,50,-49
122000359,0,36,-36
122000360,1,52,-51
122000362,13,61,-48
122000364,228,321,-93
122000365,1,45,-44
122000366,8,15,-7
122000368,394,633,-239
122000370,28,75,-47
122000371,29,0,29
122000372,11,0,11
122000381,133,350,-217
122000382,96,237,-141
122000384,2104,1113,991
122000385,66,0,66
122000386,316,1502,-1186
122000387,536,688,-152
122000388,1492,715,777
122000389,211,624,-413
122000390,305,279,26
122000391,368,194,174
122000392,178,213,-35
122000393,44,136,-92
122000394,649,235,414
122000395,179,132,47
122000396,368,107,261
122000397,37,54,-17
122000398,19,55,-36
122000399,198,88,110
122000400,102,638,-536
122000401,164,67,97
122000402,376,127,249
122000403,494,671,-177
122000404,244,170,74
122000408,811,1196,-385
122000503,13,107,-94
122000524,241,178,63
122000544,99,2109,-2010
122000616,287,4,283
122000640,81,142,-61
122000641,173,216,-43
122000642,1346,884,462
122000643,44,210,-166
122000644,162,49,113
122000645,101,164,-63
122000651,1225,987,238
122000664,177,45,132
122000665,1406,568,838
122000666,808,1224,-416
122000673,32,213,-181
122000674,256,66,190
122000675,1819,738,1081
122000686,467,962,-495
122000687,1448,324,1124
122000688,257,512,-255
122000689,1054,425,629
122000690,2638,431,2207
122000691,816,1298,-482
122000692,1716,409,1307
122000693,463,1544,-1081
122000695,428,390,38
122000696,546,247,299
122000698,482,514,-32
122000699,179,122,57
122000701,1613,294,1319
122000702,439,972,-533
122000703,193,56,137
122000712,0,0,0
122000717,177,59,118
122000718,418,956,-538
122000719,91,94,-3
122000720,733,178,555
122000724,146,36,110
122900001,74,19,55
122900002,1138,5929,-4791
122900003,464,41,423
122900004,1889,72,1817
122900005,114,125,-11
122900006,513,1090,-577
122900007,165,121,44
122900008,447,290,157
122900009,923,641,282
122900010,255,149,106
122900012,273,480,-207
122900014,137,213,-76
122900015,1584,1384,200
122900016,143,255,-112
122900017,418,976,-558
122900018,185,20,165
122900019,12,149,-137
122900020,165,394,-229
122900021,35,431,-396
122900022,1107,879,228
122900023,676,268,408
122900024,136,125,11
122900025,13,360,-347
122900026,26,256,-230
122900027,42,592,-550
122900028,122,171,-49
122900029,4131,2826,1305
122900030,975,656,319
122900031,33,353,-320
122900032,144,463,-319
122900033,225,182,43
122900034,3748,5109,-1361
122900035,95,44,51
122900036,79,68,11
122900037,363,146,217
122900038,129,3027,-2898
122900039,115,606,-491
122900040,237,515,-278
122900041,291,412,-121
122900042,171,283,-112
122900043,386,268,118
122900044,149,354,-205
122900045,142,106,36
122900046,158,404,-246
122900047,126,191,-65
122900048,76,219,-143
122900049,1397,140,1257
122900051,87,136,-49
122900052,121,152,-31
122900053,28,35,-7
122900055,462,122,340
122900057,292,72,220
122900061,479,183,296
122900062,640,687,-47
122900063,196,272,-76
122900064,791,414,377
122900065,584,228,356
122900066,788,302,486
122900067,1089,688,401
122900068,111,352,-241
122900069,389,1475,-1086
122900070,382,64,318
122900071,156,364,-208
122900072,6,463,-457
122900073,29,195,-166
122900074,1094,461,633
122900075,1,57,-56
122900076,8,167,-159
122900077,2,138,-136
122900078,240,67,173
122900080,46,38,8
122900081,201,132,69
122900082,993,261,732
122900083,171,177,-6
122900084,11,229,-218
122900086,17,119,-102
122900087,333,445,-112
122900088,32,247,-215
122900089,73,265,-192
122900090,11,410,-399
122900091,321,1,320
122900092,0,149,-149
122900093,1,164,-163
122900094,4,169,-165
122900095,217,19,198
122900096,359,118,241
122900097,32,48,-16
122900098,54,123,-69
122900099,81,25,56
122900100,217,407,-190
122900101,615,333,282
122900102,20,42,-22
122900103,221,10,211
122900104,291,12,279
122900105,38,26,12
122900106,6,41,-35
122900107,9,193,-184
122900108,3,153,-150
123000001,1171,438,733
123000002,2924,5856,-2932
123000003,4213,4285,-72
123000004,2890,3824,-934
123000005,2781,2882,-101
123000006,2326,2218,108
123000007,4470,2921,1549
123000008,2851,3181,-330
123000009,4621,3083,1538
123000010,3243,3345,-102
123000011,2056,855,1201
123000012,740,2139,-1399
123000013,3456,961,2495
123000014,738,3170,-2432
123000015,2965,1023,1942
123000016,3746,4128,-382
123000017,3703,1974,1729
123000018,117,119,-2
123000019,479,180,299
123000020,263,35,228
123000021,135,172,-37
123000022,403,1534,-1131
123000023,1927,1943,-16
123000024,1882,820,1062
123000025,218,143,75
123000026,49,107,-58
123000027,96,859,-763
123000028,1202,1467,-265
123000029,628,1860,-1232
123000030,271,301,-30
123000031,377,241,136
123000032,602,132,470
123000033,306,104,202
123000034,1192,828,364
123000035,484,437,47
123000036,322,957,-635
123000037,278,297,-19
123000038,71,221,-150
123000039,465,1718,-1253
123000040,794,375,419
123000041,1158,1227,-69
123000042,813,673,140
123000043,2925,11505,-8580
123000044,4343,2736,1607
123000045,6351,3597,2754
123000046,688,1785,-1097
123000047,1939,1370,569
123000048,89,1026,-937
123000049,6229,10556,-4327
123000050,1763,1650,113
123000051,132,187,-55
123000052,1022,3662,-2640
123000053,3272,3398,-126
123000054,1801,1720,81
123000055,1527,2847,-1320
123000056,1255,1826,-571
123000057,9321,7816,1505
123000058,698,1213,-515
123000059,483,556,-73
123000060,1096,393,703
123000061,319,703,-384
123000063,1023,999,24
123000064,1254,334,920
123000065,4184,2721,1463
123000066,791,597,194
123000067,1429,868,561
123000068,2728,2978,-250
123000069,6601,3209,3392
123000070,347,682,-335
123000071,1446,888,558
123000072,1250,794,456
123000073,1657,815,842
123000074,1218,1015,203
123000075,560,1308,-748
123000076,937,758,179
123000077,2310,2258,52
123000078,2013,1517,496
123000079,1830,1869,-39
123000080,2425,1513,912
123000081,193,343,-150
123000082,442,1110,-668
123000083,1065,300,765
123000084,835,522,313
123000085,367,79,288
123000086,712,177,535
123000087,424,293,131
123000088,1296,744,552
123000089,727,1075,-348
123000090,1118,855,263
123000091,1666,1452,214
123000092,972,1162,-190
123000094,574,234,340
123000095,629,631,-2
123000096,926,398,528
123000097,636,706,-70
123000098,943,549,394
123000099,734,773,-39
123000100,548,829,-281
123000101,629,708,-79
123000102,487,696,-209
123000104,524,609,-85
123000105,647,571,76
123000106,573,488,85
123000107,435,510,-75
123000108,648,1182,-534
123000111,1079,432,647
123000112,1531,531,1000
123000113,585,1117,-532
123000114,371,697,-326
123000115,320,341,-21
123000116,59,142,-83
123000117,1924,1699,225
123000118,536,730,-194
123000119,337,713,-376
123000120,369,770,-401
123000121,489,502,-13
123000122,351,277,74
123000123,468,522,-54
123000124,452,367,85
123000125,1283,1553,-270
123000126,1401,5083,-3682
123000127,661,633,28
123000128,367,325,42
123000129,861,228,633
123000130,734,86,648
123000131,962,820,142
123000132,381,609,-228
123000133,266,385,-119
123000134,443,196,247
123000135,2925,1307,1618
123000136,214,617,-403
123000137,104,237,-133
123000138,105,360,-255
123000139,703,117,586
123000140,159,620,-461
123000141,933,181,752
123000142,1270,1086,184
123000143,1035,1860,-825
123000144,32,33,-1
123000145,199,203,-4
123000146,51,65,-14
123000147,129,101,28
123000149,394,552,-158
123000150,139,339,-200
123000151,237,536,-299
123000152,88,509,-421
123000153,265,751,-486
123000154,1698,2450,-752
123000155,2319,1324,995
123000156,32,208,-176
123000157,693,783,-90
123000158,714,1005,-291
123000159,3684,3174,510
123000160,1206,988,218
123000161,2087,1198,889
123000162,1355,1806,-451
123000163,570,146,424
123000164,1813,334,1479
123000165,410,1381,-971
123000166,39,105,-66
123000167,251,265,-14
123000168,340,249,91
123000169,973,183,790
123000170,111,138,-27
123000171,896,18,878
123000172,187,574,-387
123000173,759,376,383
123000174,1186,553,633
123000175,613,1082,-469
123000176,1297,260,1037
123000177,304,983,-679
123000178,875,191,684
123000179,67,475,-408
123000180,1923,371,1552
123000181,330,1136,-806
123000182,228,387,-159
123000183,237,588,-351
123000184,85,419,-334
123000185,1004,350,654
123000186,2,401,-399
123000187,680,7,673
123000188,210,1,209
123000189,196,148,48
123000190,117,81,36
123000192,21,382,-361
123000193,77,721,-644
123000194,476,314,162
123000195,406,33,373
123000196,375,19,356
123000197,71,107,-36
123000198,44,492,-448
123000199,13,627,-614
123000200,720,10,710
123000201,1476,24,1452
123000202,15,813,-798
123000203,1229,93,1136
123000204,80,850,-770
123000205,484,1357,-873
123000206,2809,323,2486
123000207,71,627,-556
123000208,627,262,365
123000209,2468,711,1757
123000210,474,1776,-1302
123000211,614,2057,-1443
123000212,3701,566,3135
123000213,671,85,586
123000215,122,250,-128
123000216,136,629,-493
123000217,247,33,214
123000218,62,669,-607
123000219,757,76,681
123000220,606,95,511
123000221,156,96,60
123000222,402,337,65
123000223,422,261,161
123000224,474,370,104
123000225,324,79,245
123000226,95,372,-277
123000227,77,317,-240
123000228,321,55,266
123000229,918,1316,-398
123000232,77,530,-453
123000233,830,164,666
123000234,183,558,-375
123000235,1297,304,993
123000236,319,637,-318
123000237,392,80,312
123000238,72,472,-400
123000239,508,1180,-672
123000240,60,529,-469
123000241,413,86,327
123000242,195,226,-31
123000243,792,905,-113
123000244,927,811,116
123000245,45,178,-133
123000249,336,530,-194
123000252,1103,350,753
123000253,1484,625,859
123000254,747,857,-110
123000255,1219,949,270
123000256,42,233,-191
123000257,2519,1838,681
123000258,1060,806,254
123000259,449,426,23
123000260,551,380,171
123000261,260,133,127
123000262,100,149,-49
123000263,490,116,374
123000264,192,89,103
123000265,50,182,-132
123000266,607,710,-103
123000267,910,360,550
123000268,57,100,-43
123000269,53,89,-36
123000270,24,66,-42
123000271,63,77,-14
123000272,835,305,530
123000273,348,684,-336
123000274,1302,574,728
123000275,260,750,-490
123000278,2388,2643,-255
123000279,183,129,54
123000280,365,285,80
123000281,317,119,198
123000282,105,309,-204
123000283,209,55,154
123000284,97,69,28
123000286,219,493,-274
123000287,516,309,207
123000288,1436,1163,273
123000289,491,1209,-718
123000291,290,945,-655
123000294,179,296,-117
123000295,962,944,18
123000296,706,365,341
123000297,865,480,385
123000298,948,417,531
123000299,70,173,-103
123000300,1155,905,250
123000301,180,274,-94
123000302,165,138,27
123000303,111,273,-162
123000305,841,955,-114
123000306,155,109,46
123000309,73,61,12
123000310,53,47,6
123000311,1,80,-79
123000312,612,618,-6
123000313,578,382,196
123000315,334,270,64
123000316,982,98,884
123000317,213,76,137
123000318,70,221,-151
123000329,8,14,-6
123000337,875,357,518
123000338,350,146,204
123000339,315,104,211
123000340,105,284,-179
123000342,14,65,-51
123000343,46,6,40
123000344,1121,417,704
123000345,439,638,-199
123000346,490,51,439
123000352,1139,895,244
123000353,46,147,-101
123000354,233,9,224
123000355,0,267,-267
123000356,451,31,420
123000357,4,127,-123
123000359,5,108,-103
123000360,186,79,107
123000361,201,319,-118
123000362,471,102,369
123000363,113,168,-55
123000364,655,655,0
123000365,19,348,-329
123000366,489,2149,-1660
123000367,316,983,-667
123000370,41,287,-246
123000371,517,58,459
123000372,403,39,364
123000373,21,354,-333
123000374,13,207,-194
123000375,401,29,372
123000376,1144,737,407
123000377,437,19,418
123000378,9,218,-209
123000379,3,201,-198
123000380,54,442,-388
123000381,152,111,41
123000382,969,139,830
123000383,139,1317,-1178
123000384,533,130,403
123000385,185,554,-369
123000436,62,1200,-1138
123000507,95,210,-115
123000508,146,1111,-965
123000517,297,27,270
123000518,27,274,-247
123000519,151,60,91
123000520,62,178,-116
123000521,383,79,304
123000522,176,299,-123
123000541,11,2,9
123000542,0,10,-10
123000565,891,24,867
123000566,307,369,-62
123000567,92,146,-54
123000573,27,587,-560
123000574,817,97,720
123000575,1630,1020,610
123000576,1120,1151,-31
123000577,92,647,-555
123000578,539,108,431
123000579,1783,5469,-3686
123000580,158,46,112
123000582,569,33,536
123000583,41,307,-266
123000584,202,480,-278
123000585,0,78,-78
123000586,149,1,148
123000596,98,92,6
123000597,82,168,-86
123000602,62,8,54
123000603,1103,548,555
123000604,656,588,68
123000605,744,105,639
123000606,0,393,-393
123000609,20,298,-278
123000610,227,134,93
123000613,29,175,-146
123000614,263,73,190
123000615,41,88,-47
123000616,862,58,804
123000617,140,229,-89
123000618,120,594,-474
123000619,615,82,533
123000620,32,397,-365
123000622,530,26,504
123000624,152,50,102
123000630,1342,538,804
123000631,294,904,-610
123000632,744,733,11
123000633,0,145,-145
123000634,74,179,-105
123000635,118,130,-12
123000636,43,631,-588
123000637,146,80,66
123000638,593,44,549
123000639,922,4780,-3858
123000640,24,570,-546
123000648,404,75,329
123000649,30,438,-408
123900001,1185,67,1118
123900002,37,1467,-1430
123900003,227,476,-249
123900005,242,209,33
123900006,322,64,258
124000001,2223,182,2041
124000002,91,1574,-1483
124000003,1137,194,943
124000004,107,486,-379
124000005,1176,567,609
124000006,227,902,-675
124000007,386,141,245
124000008,5,475,-470
124000009,737,289,448
124000010,282,361,-79
124000011,1158,301,857
124000012,340,447,-107
124000017,264,155,109
124000018,137,78,59
124000019,176,142,34
124000020,60,177,-117
124000021,168,116,52
124000022,93,190,-97
124000023,1425,1685,-260
124000024,974,442,532
124000025,1226,1893,-667
124000026,1004,1148,-144
124000027,5289,5480,-191
124000028,1910,4215,-2305
124000030,2480,1455,1025
124000031,1312,3773,-2461
124000032,1801,715,1086
124000033,824,488,336
124000034,902,710,192
124000035,413,314,99
124000036,143,482,-339
124000037,713,1559,-846
124000038,50,146,-96
124000039,915,565,350
124000040,577,1412,-835
124000041,456,89,367
124000042,121,541,-420
124000043,93,100,-7
124000044,93,188,-95
124000045,993,571,422
124000046,390,719,-329
124000047,1994,867,1127
124000048,1185,1208,-23
124000049,1986,664,1322
124000050,931,1442,-511
124000051,1190,587,603
124000052,804,766,38
124000053,628,1702,-1074
124000054,1017,417,600
124000055,1522,2988,-1466
124000056,2072,1180,892
124000057,1164,605,559
124000058,498,1038,-540
124000059,841,1367,-526
124000060,1095,614,481
124000061,1559,6201,-4642
124000062,4874,1806,3068
124000063,1189,1422,-233
124000064,1903,1275,628
124000065,110,483,-373
124000066,207,91,116
124000067,234,143,91
124000068,79,118,-39
124000069,1012,194,818
124000070,300,429,-129
124000071,583,106,477
124000072,298,448,-150
124000073,1130,165,965
124000074,239,772,-533
124000075,422,27,395
124000076,17,139,-122
124000077,1320,1350,-30
124000078,2436,1574,862
124000079,351,1750,-1399
124000080,671,170,501
124000081,252,625,-373
124000082,89,108,-19
124000083,39,91,-52
124000084,54,539,-485
124000085,75,48,27
124000086,143,155,-12
124000087,166,132,34
124000088,358,599,-241
124000089,1011,249,762
124000090,186,330,-144
124000091,586,122,464
124000092,113,573,-460
124000093,123,133,-10
124000094,230,587,-357
124000095,127,85,42
124000096,215,276,-61
124000097,130,117,13
124000098,54,72,-18
124000099,288,126,162
124000100,96,120,-24
124000101,118,156,-38
124000102,71,48,23
124000103,130,125,5
124000104,89,38,51
124000105,131,118,13
124000106,173,48,125
124000107,32,187,-155
124000108,60,14,46
124000109,184,94,90
124000110,179,86,93
124000111,271,138,133
124000112,734,564,170
124000113,92,133,-41
124000114,353,406,-53
124000115,424,681,-257
124000116,157,163,-6
124000117,64,90,-26
124000118,47,129,-82
124000119,1137,564,573
124000120,660,485,175
124000121,1247,654,593
124000122,598,1248,-650
124000123,1013,533,480
124000124,452,1038,-586
124000125,546,490,56
124000126,357,605,-248
124000127,1022,452,570
124000128,667,817,-150
124000129,2473,1623,850
124000130,897,576,321
124000131,952,743,209
124000132,918,712,206
124000133,1084,1096,-12
124000134,1124,622,502
124000135,1979,1939,40
124000136,1003,991,12
124000137,1563,1007,556
124000138,2047,1384,663
124000139,592,49,543
124000140,34,426,-392
124000141,389,35,354
124000142,30,242,-212
124000143,95,18,77
124000144,12,68,-56
124000145,152,39,113
124000146,38,75,-37
124000148,9,108,-99
124000149,1160,547,613
124000150,284,678,-394
124000151,1008,494,514
124000152,889,1249,-360
124000153,1009,995,14
124000154,651,774,-123
124000155,1762,1109,653
124000156,1793,1178,615
124000169,255,557,-302
124000170,474,553,-79
124000171,335,277,58
124000172,357,496,-139
124000173,634,238,396
124000174,396,542,-146
124000175,19,147,-128
124000176,76,19,57
124000177,12,44,-32
124000178,64,57,7
124000190,87,99,-12
124000191,145,163,-18
124000192,1309,397,912
124000193,306,978,-672
124000194,452,406,46
124000195,377,680,-303
124000196,962,890,72
124000197,40,38,2
124000198,48,53,-5
124000201,347,797,-450
124000202,714,371,343
124000203,570,421,149
124000204,1081,293,788
124000205,119,330,-211
124000206,838,320,518
124000207,1,36,-35
124000209,192,325,-133
124000210,708,185,523
124000211,856,2,854
124000212,0,329,-329
124000213,635,204,431
124000214,489,517,-28
124000215,470,13,457
124000216,0,286,-286
124000329,226,1278,-1052
124000338,160,587,-427
124000339,1329,131,1198
124000341,2009,102,1907
124000344,28,4,24
124000357,1252,2353,-1101
124000358,900,1397,-497
124000359,1202,716,486
124000360,879,454,425
124000361,1954,885,1069
124000362,1035,1525,-490
124000363,242,310,-68
124000364,500,653,-153
124000365,587,961,-374
124000366,1242,821,421
124000367,106,440,-334
124000368,552,466,86
124000369,193,80,113
124000370,71,529,-458
124000402,35,16,19
124000403,170,39,131
124000404,12,86,-74
124000405,1161,866,295
124000406,722,776,-54
124000407,3,38,-35
124000411,19,331,-312
124000412,640,14,626
124000413,209,30,179
124000414,109,114,-5
124000415,61,91,-30
124000416,169,196,-27
124000417,224,94,130
124000418,229,98,131
124000419,138,98,40
124000420,109,63,46
124000421,75,121,-46
124000422,55,24,31
124000423,152,37,115
124000424,2,75,-73
124000425,146,45,101
124000426,23,111,-88
124000427,86,12,74
124000428,10,60,-50
124000429,83,41,42
124000430,720,513,207
124000431,230,459,-229
124000432,257,628,-371
124000439,11,11,0
124000443,0,8,-8
124000445,167,1356,-1189
124000446,1151,183,968
124900001,627,489,138
124900002,201,312,-111
124900003,1327,650,677
124900004,918,398,520
124900005,323,137,186
124900006,825,288,537
124900008,1272,700,572
124900009,206,432,-226
124900010,252,196,56
124900011,753,294,459
124900012,563,115,448
124900013,626,152,474
124900014,393,64,329
124900015,187,425,-238
124900016,82,118,-36
124900017,452,1886,-1434
124900018,90,3,87
124900020,95,77,18
124900021,380,50,330
124900022,57,3,54
124900024,349,16,333
124900026,94,45,49
124900027,130,627,-497
124900028,442,90,352
124900029,26,620,-594
124900030,8,100,-92
124900031,65,284,-219
124900032,318,251,67
124900033,132,302,-170
124900034,6,114,-108
124900035,234,363,-129
124900036,2,113,-111
124900037,283,250,33
124900038,330,295,35
124900039,1,125,-124
124900040,212,112,100
124900041,323,880,-557
124900042,123,8,115
124900043,572,734,-162
124900044,86,6,80
124900045,678,1301,-623
124900046,891,325,566
124900047,143,205,-62
124900048,237,93,144
124900050,213,193,20
124900052,96,371,-275
124900053,149,345,-196
124900054,1312,479,833
124900055,1,191,-190
124900057,20,52,-32
124900060,73,219,-146
124900061,143,12,131
124900062,258,33,225
124900066,0,13,-13
124900067,9,136,-127
124900068,297,657,-360
124900070,67,29,38
124900072,169,34,135
124900075,243,252,-9
124900076,26,1407,-1381
124900077,42,138,-96
124900078,98,20,78
124900079,450,231,219
124900080,359,459,-100
124900081,1161,354,807
124900082,409,656,-247
124900083,327,489,-162
124900085,901,686,215
124900086,90,1624,-1534
124900087,620,107,513
124900088,544,116,428
124900089,1125,24,1101
124900090,419,286,133
124900091,347,295,52
124900092,318,241,77
124900093,426,239,187
124900094,451,286,165
124900095,135,536,-401
124900096,575,267,308
124900097,476,65,411
124900098,139,319,-180
124900099,531,513,18
124900100,366,80,286
124900101,59,506,-447
124900102,308,18,290
124900103,199,159,40
124900104,101,153,-52
124900105,152,99,53
124900106,469,54,415
124900107,188,18,170
124900108,181,82,99
124900111,0,122,-122
124900112,71,459,-388
124900113,159,387,-228
124900114,163,234,-71
124900115,72,53,19
124900116,280,280,0
124900117,345,247,98
124900118,192,437,-245
124900119,463,219,244
124900120,42,351,-309
124900121,129,531,-402
124900122,283,257,26
124900123,288,172,116
124900124,196,454,-258
204000001,122,7,115
204000002,11,3,8
204000003,28,1,27
204000004,2,1,1
204000005,713,499,214
204000006,1259,1289,-30
204000011,16,26,-10
204000012,68,79,-11
204000019,623,480,143
204000020,771,455,316
204000021,1176,730,446
204000022,522,426,96
204000023,587,614,-27
204000031,77,17,60
204000032,320,46,274
204000034,22,130,-108
204000035,0,2,-2
204000036,6,26,-20
204000037,3,15,-12
204000038,1,10,-9
204000039,3,25,-22
204000040,5,15,-10
204000041,14,29,-15
204000042,49,17,32
204000043,63,5,58
204000044,31,0,31
204000045,70,6,64
204000046,21,1,20
204000057,6,18,-12
204000062,57,37,20
204000068,24,215,-191
204000069,119,359,-240
204000070,75,66,9
204000080,57,53,4
204000085,2057,1279,778
204000086,2351,1558,793
204000087,42,7,35
204000088,7,107,-100
204000090,21,251,-230
204000093,430,71,359
204000096,969,1040,-71
204000097,478,8,470
204000099,1010,1498,-488
204000100,1508,1948,-440
204000105,2049,1255,794
204000110,490,823,-333
204000111,520,440,80
204000112,528,508,20
204000113,484,610,-126
204000114,796,673,123
204000115,571,361,210
204000116,485,454,31
204000119,2013,2765,-752
204000132,852,353,499
204000133,1079,255,824
204000134,245,133,112
204000135,645,88,557
204000136,701,140,561
204000138,378,509,-131
204000140,289,185,104
204000141,193,93,100
204000144,2,18,-16
204000145,667,32,635
204000146,33,284,-251
204000147,20,151,-131
204000148,276,14,262
204000154,10,4,6
204000155,6,3,3
204000177,77,45,32
204000179,28,5,23
204000180,0,15,-15
204000222,4,16,-12
204000235,18,8,10
204000236,72,231,-159
204000238,33,18,15
204000240,364,85,279
204000263,635,839,-204
204000268,1006,818,188
204000308,151,14,137
204000317,13,94,-81
204000322,7,29,-22
204000323,10,3,7
204000328,240,44,196
204000329,47,154,-107
204000330,231,22,209
204000331,30,96,-66
204010341,26,196,-170
205000001,823,1677,-854
205000013,2,73,-71
205000014,16,109,-93
205000015,33,153,-120
205000016,15,144,-129
205000017,20,91,-71
205000022,273,785,-512
205000025,1086,1080,6
205000029,252,16,236
205000045,148,500,-352
205000046,106,462,-356
205000047,62,528,-466
205000048,287,763,-476
205000049,182,699,-517
205000050,761,291,470
205000059,0,205,-205
205000060,0,97,-97
205000061,1,98,-97
205000062,3,112,-109
205000063,19,114,-95
205000064,19,103,-84
205000065,45,483,-438
205000066,127,569,-442
205000067,30,683,-653
205000069,213,24,189
205000082,199,182,17
205000110,77,235,-158
205000111,209,194,15
205000112,186,248,-62
205000113,207,317,-110
205000121,297,58,239
205000123,43,248,-205
205000126,604,77,527
205000127,881,151,730
205000128,515,61,454
205000129,717,70,647
205000130,208,36,172
205000131,98,8,90
205000132,135,7,128
205000133,97,1,96
205000134,398,1,397
205000137,70,172,-102
205000138,184,288,-104
205000139,31,105,-74
205000144,95,85,10
205000145,391,199,192
205000151,217,46,171
205000152,220,21,199
205000153,266,27,239
205000154,104,55,49
205000155,163,13,150
205000207,14,150,-136
205000233,43,1,42
205000234,0,1,-1
205000243,0,2,-2
205000244,0,5,-5
205000245,18,156,-138
205000249,0,19,-19
205000250,2,2,0
205000264,7,84,-77
206000027,13,3,10
206000028,2,4,-2
206000043,6,52,-46
206000053,0,5,-5
206000054,2,14,-12
206000055,0,16,-16
206000075,13,29,-16
206000076,15,30,-15
206000077,22,18,4
206000078,22,7,15
206000079,16,2,14
206000082,503,62,441
206000100,20,425,-405
206000103,0,10,-10
206000104,10,22,-12
206000105,3,17,-14
206000106,4,13,-9
206000108,576,48,528
206000125,61,0,61
206000157,39,488,-449
206000170,0,142,-142
206000171,3,143,-140
206000172,9,288,-279
206000173,2,146,-144
206000174,11,45,-34
206000175,4,83,-79
206000176,19,157,-138
206000177,1,102,-101
206000178,1,156,-155
206000179,6,94,-88
206000180,6,110,-104
206000181,8,101,-93
206000182,9,99,-90
206000183,12,371,-359
206000184,6,223,-217
206000185,7,90,-83
206000186,138,591,-453
206000223,4,221,-217
206000226,12,0,12
206000227,19,4,15
206000237,45,193,-148
206000238,24,327,-303
206000239,227,1343,-1116
206000240,5,36,-31
206000241,0,56,-56
206000242,11,165,-154
206000243,9,117,-108
206000244,62,409,-347
206000245,981,99,882
206000246,252,15,237
206000247,345,7,338
206000248,435,15,420
206000252,40,62,-22
206000258,24,57,-33
206000315,28,9,19
206000317,638,148,490
206000318,523,85,438
206000319,1853,136,1717
206000320,254,55,199
206000321,255,19,236
206000322,652,35,617
206000323,233,17,216
206000324,216,6,210
206000325,207,12,195
206000326,172,17,155
206000327,119,5,114
206000328,216,11,205
206000329,371,12,359
206000330,44,11,33
206000331,236,0,236
206000332,56,2,54
206000333,831,6,825
206000334,394,5,389
206000335,0,17,-17
206000361,5,136,-131
206000392,4,25,-21
206000405,177,2,175
206000441,37,37,0
206000498,34,1,33
206000515,92,36,56
206000530,297,64,233
206000531,214,214,0
206000532,1809,336,1473
206000535,171,1369,-1198
206000536,8,128,-120
206000537,19,128,-109
206000613,1571,293,1278
207000001,139,589,-450
207000002,119,333,-214
207000003,134,155,-21
207000007,1136,300,836
207000008,127,8,119
207000009,50,32,18
207000010,400,336,64
207000012,438,303,135
207000015,305,924,-619
207000019,238,55,183
207000021,516,162,354
207000022,198,136,62
207000023,278,54,224
207000024,3,13,-10
207000025,22,67,-45
207000026,82,42,40
207000027,19,70,-51
207000028,35,146,-111
207000029,170,405,-235
207000033,179,459,-280
207000034,256,113,143
207000039,490,136,354
207000040,531,87,444
207000041,183,43,140
207000042,206,55,151
207000043,281,173,108
207000051,144,247,-103
207000052,76,118,-42
207000053,481,390,91
207000054,48,90,-42
207000055,201,107,94
207000056,365,290,75
207000057,156,237,-81
207000058,216,229,-13
207000059,110,362,-252
207000060,74,142,-68
207000061,179,602,-423
207000062,332,46,286
207000063,394,65,329
207000064,360,94,266
207000065,340,194,146
207000066,296,181,115
207000067,52,69,-17
207000068,136,75,61
207000069,708,304,404
207000082,11,195,-184
207000083,95,201,-106
207000084,272,260,12
207000085,222,16,206
207000086,207,7,200
207000106,62,51,11
207000107,89,15,74
207000108,72,21,51
207000109,72,15,57
207000110,82,117,-35
207000111,117,142,-25
207000112,159,922,-763
207000114,18,40,-22
207000115,23,77,-54
207000116,25,354,-329
207000117,10,90,-80
207000118,4,81,-77
207000119,51,57,-6
207000123,236,31,205
207000124,88,36,52
207000125,54,51,3
207000126,83,88,-5
207000134,96,122,-26
207000135,38,153,-115
207000148,91,355,-264
207000149,42,56,-14
207000152,115,373,-258
207000153,790,1307,-517
207000154,363,144,219
207000159,150,130,20
207000160,179,325,-146
207000238,0,241,-241
207000242,9,166,-157
207000248,44,37,7
207000249,129,25,104
207000250,518,73,445
207000251,105,77,28
207000252,108,86,22
207000278,117,89,28
207000279,30,115,-85
207000280,702,64,638
207000281,126,574,-448
207000282,111,97,14
207000283,63,144,-81
207000284,32,221,-189
207000285,100,52,48
207000291,16,101,-85
207000304,123,77,46
207000306,98,332,-234
207000310,145,87,58
207000353,351,7,344
207000356,6,40,-34
207000357,17,22,-5
207000358,11,32,-21
207000415,7,188,-181
207000417,67,5,62
207000418,97,117,-20
207000438,0,1,-1
207000439,832,867,-35
207000446,291,8,283
207000460,52,8,44
207000466,204,160,44
207000467,336,116,220
207000468,69,232,-163
207000476,7,41,-34
207000477,795,61,734
207000478,2,67,-65
207000523,0,16,-16
207000524,28,0,28
207000527,121,118,3
207000530,746,11,735
207000531,453,20,433
207000532,157,66,91
207000534,391,55,336
207000535,33,426,-393
207000537,140,92,48
207000540,16,160,-144
207000541,1,324,-323
207000548,16,204,-188
207000549,368,15,353
207000561,222,296,-74
207000562,36,126,-90
207000567,144,244,-100
207000568,230,60,170
207000569,538,483,55
207000584,339,225,114
207000585,102,503,-401
207000587,90,38,52
207000616,0,108,-108
207000617,172,1,171
207000624,16,30,-14
207000631,1,44,-43
207900008,226,95,131
208000001,597,1263,-666
208000002,770,656,114
208000003,1439,503,936
208000004,1286,857,429
208000005,5,13,-8
208000019,691,848,-157
208000020,190,446,-256
208000021,273,336,-63
208000022,1357,395,962
208000028,999,1093,-94
208000033,780,461,319
208000034,1362,1156,206
208000037,301,21,280
208000040,313,145,168
208000041,921,576,345
208000042,1387,607,780
208000047,140,174,-34
208000064,2432,1530,902
208000066,1634,3029,-1395
208000070,468,311,157
208000071,548,684,-136
208000072,447,1051,-604
208000080,343,385,-42
208000081,480,137,343
208000082,296,213,83
208000083,132,363,-231
208000084,9,23,-14
208000085,778,595,183
208000086,526,1077,-551
208000087,401,806,-405
208000089,1458,370,1088
208000090,1305,550,755
208000093,190,201,-11
208000094,710,357,353
208000095,648,456,192
208000104,1128,856,272
208000105,743,893,-150
208000114,103,400,-297
208000115,611,360,251
208000116,652,1133,-481
208000117,144,245,-101
208000118,123,163,-40
208000155,632,1178,-546
208000158,1474,4186,-2712
208000186,3393,4997,-1604
208000204,741,1243,-502
208000205,1376,1010,366
208000282,5217,3669,1548
209000004,372,170,202
209000005,38,45,-7
209000006,413,219,194
209000007,295,322,-27
209000010,386,118,268
209000011,144,239,-95
209000012,113,138,-25
209000013,243,270,-27
209000014,431,838,-407
209000025,424,54,370
209000026,708,110,598
209000027,389,640,-251
209000028,353,534,-181
209000029,564,563,1
209000030,427,980,-553
209000031,2051,1727,324
209000034,278,360,-82
209000035,174,204,-30
209000036,275,145,130
209000037,430,232,198
209000038,234,182,52
209000039,121,188,-67
209000040,319,629,-310
209000041,211,438,-227
209000042,378,404,-26
209000043,771,998,-227
209000044,273,955,-682
209000045,1419,476,943
209000046,749,541,208
209000047,497,204,293
209000048,666,328,338
209000049,74,99,-25
209000050,208,124,84
209000051,278,236,42
209000052,180,216,-36
209000062,43,83,-40
209000063,64,73,-9
209000064,53,78,-25
209000065,84,38,46
209000066,99,39,60
209000067,111,36,75
209000080,15,184,-169
209000082,94,24,70
209000091,16,93,-77
209000093,50,30,20
209000094,109,164,-55
209000110,36,181,-145
209000111,657,1614,-957
209000112,1281,465,816
209000113,1961,480,1481
209000114,879,491,388
209000115,80,108,-28
209000116,470,304,166
209000118,15,65,-50
209000119,19,16,3
209000121,100,362,-262
209000135,90,232,-142
209000142,814,1670,-856
209000143,56,83,-27
209000144,55,119,-64
209000229,348,176,172
209000240,40,231,-191
209000259,99,80,19
209000260,44,874,-830
209000261,4,468,-464
209000262,0,386,-386
209000263,0,222,-222
209000264,0,142,-142
209000265,473,0,473
209000266,141,4,137
209000267,1277,8,1269
209000268,843,56,787
210000037,86,36,50
210000047,100,22,78
210000048,108,22,86
210000049,106,12,94
210000052,58,58,0
210000053,28,50,-22
210000054,35,67,-32
210000070,185,6,179
210000071,95,0,95
210000072,34,0,34
210000073,1,24,-23
210000074,0,98,-98
210000075,3,101,-98
210000076,9,116,-107
210000077,9,40,-31
210000078,21,60,-39
210000079,24,9,15
210000080,131,100,31
210000081,191,21,170
210000082,102,0,102
210000083,117,4,113
210000084,37,0,37
210000085,2,54,-52
210000086,3,107,-104
210000099,38,195,-157
210000100,42,125,-83
210000101,74,162,-88
210000105,52,198,-146
210000159,0,162,-162
210000163,96,186,-90
210000164,349,220,129
210000168,154,44,110
210000187,1,22,-21
210000188,1,20,-19
210000214,33,0,33
210000219,48,68,-20
210000220,117,55,62
210000232,6,20,-14
210000233,35,61,-26
210000234,23,98,-75
210000235,52,42,10
210000245,2,69,-67
210000246,20,1,19
210000258,12,99,-87
210000259,353,62,291
210000282,98,185,-87
210000285,1,100,-99
210000286,35,138,-103
210000290,18,14,4
210000295,41,89,-48
210000296,57,30,27
210000320,221,47,174
210000321,129,58,71
210000338,66,50,16
210000339,314,1395,-1081
210000340,114,428,-314
210000341,183,256,-73
210000342,231,191,40
210000343,171,139,32
210000344,161,104,57
210000345,161,224,-63
210000346,98,133,-35
210000347,41,47,-6
210000348,141,27,114
210000349,67,34,33
210000350,164,47,117
210000351,233,94,139
210000352,70,51,19
210000353,77,81,-4
210000354,81,82,-1
210000355,39,66,-27
210000356,20,69,-49
210000357,57,60,-3
210000358,238,99,139
210000359,86,94,-8
210000360,173,100,73
210000361,152,139,13
210000362,258,194,64
210000363,697,293,404
210000364,97,136,-39
210000365,109,76,33
210000366,186,60,126
210000367,101,33,68
210000368,145,34,111
210000369,18,58,-40
210000370,46,29,17
210000372,21,19,2
210000373,26,18,8
210000374,69,63,6
210000375,33,76,-43
210000376,47,96,-49
210000404,51,101,-50
210000439,28,53,-25
210000472,83,3,80
210000482,53,110,-57
210000564,248,373,-125
210000567,2,50,-48
210000568,295,1,294
211000092,41,53,-12
211000094,31,6,25
211000169,241,28,213
211000172,9,236,-227
211000209,0,18,-18
211000226,10,13,-3
211000270,35,12,23
211000275,28,14,14
211000276,100,16,84
211000279,16,14,2
211000281,90,40,50
211507980,6,31,-25
211977296,29,5,24
212000003,122,62,60
212000004,23,32,-9
212000005,14,35,-21
212000006,33,49,-16
212000008,187,134,53
212000009,29,89,-60
212000012,127,74,53
212000013,35,51,-16
212000014,280,131,149
212000015,287,184,103
212000016,485,475,10
212000027,576,455,121
212000028,381,338,43
212000029,268,209,59
212000030,56,28,28
212000031,79,41,38
212000048,28,180,-152
212000049,22,131,-109
212000050,40,5,35
212000051,220,195,25
212000052,254,268,-14
212000053,382,393,-11
212000054,334,85,249
212000055,346,190,156
212000056,24,29,-5
212000057,19,35,-16
212000058,197,32,165
212000070,124,168,-44
212000077,146,449,-303
212000099,291,217,74
212000108,192,198,-6
212000111,228,104,124
212000120,97,57,40
212000138,163,25,138
212000156,3,89,-86
212000158,5,22,-17
212000159,550,46,504
212000160,739,213,526
212000161,101,5,96
212000310,45,18,27
212000311,17,64,-47
212000374,75,21,54
213000001,21,346,-325
213000005,517,121,396
213000006,1131,372,759
213000007,100,7,93
213000009,853,587,266
213000010,230,302,-72
213000011,226,113,113
213000012,120,284,-164
213000014,85,18,67
213000015,340,10,330
213000016,483,3,480
213000017,141,1,140
213000018,1,123,-122
213000019,3,139,-136
213000020,106,326,-220
213000021,1,111,-110
213000023,474,176,298
213000033,413,1765,-1352
213000034,935,302,633
213000035,117,177,-60
213000045,176,273,-97
213000046,218,181,37
213000047,692,1461,-769
213000056,81,30,51
213000069,104,1,103
213000073,1,39,-38
213000074,42,313,-271
213000075,623,12,611
213000076,21,2,19
213000085,8,49,-41
213000086,30,140,-110
213000091,287,20,267
213000092,71,16,55
213000099,158,1262,-1104
213000100,1313,348,965
213000101,529,128,401
213000102,750,202,548
213000103,1054,792,262
213000104,61,385,-324
213000105,2,202,-200
213000106,33,114,-81
213000107,169,479,-310
213000108,47,375,-328
213000109,7,216,-209
213000110,10,51,-41
213000111,9,55,-46
213000112,165,128,37
213000115,48,10,38
213000116,47,314,-267
213000117,8,604,-596
213000118,525,251,274
213000119,44,487,-443
213000120,137,405,-268
213000122,138,460,-322
213000123,351,1060,-709
213000124,122,1319,-1197
213000125,181,36,145
213000126,49,140,-91
213000127,125,244,-119
213000128,363,1173,-810
213000129,379,837,-458
213000130,821,401,420
213000132,606,137,469
213000133,620,138,482
213000134,1036,23,1013
213000136,654,39,615
213000137,759,84,675
213000139,222,19,203
213000147,59,12,47
213000148,17,6,11
213000149,25,12,13
213000150,0,141,-141
213000151,6,129,-123
213000152,2,75,-73
213000153,1,102,-101
213000154,21,391,-370
213000155,48,298,-250
213000156,137,381,-244
213000157,706,352,354
213000158,379,924,-545
213000159,663,495,168
213000163,1276,82,1194
213000165,1103,379,724
213000171,1,63,-62
213000172,5,204,-199
213000173,2,204,-202
213000174,1,117,-116
213000175,10,43,-33
213000176,67,38,29
213000177,131,7,124
213000178,249,2,247
213000179,311,1,310
213000180,288,1,287
213000184,99,452,-353
213000188,481,111,370
213000189,483,64,419
213000190,928,707,221
213000191,449,369,80
213000192,286,324,-38
213000193,689,257,432
213000194,1,57,-56
213000195,27,365,-338
213000196,263,1220,-957
213000197,540,529,11
213000198,57,3,54
213000200,114,766,-652
213000201,77,38,39
213000202,6,479,-473
213000203,3412,645,2767
213000204,888,63,825
213000205,422,68,354
213000206,564,52,512
213000207,84,19,65
213000208,95,4,91
213000209,177,2,175
213000210,287,3,284
213000211,3,23,-20
213000212,8,25,-17
213000213,14,48,-34
213000218,284,459,-175
213000219,558,17,541
213000220,482,11,471
213000223,242,300,-58
213000224,65,85,-20
213000225,117,20,97
213000226,87,13,74
213000227,1135,254,881
213000228,475,120,355
213000229,154,23,131
213000230,470,21,449
213000232,56,994,-938
213000233,10,534,-524
213000234,3,75,-72
213000293,31,65,-34
213000294,147,26,121
213000295,11,84,-73
213000296,82,25,57
213000297,6,101,-95
213000298,26,86,-60
213000299,71,30,41
213000300,15,8,7
213000303,8,41,-33
213000304,1,7,-6
213000305,3,16,-13
213000306,67,41,26
213000307,122,79,43
213000308,136,190,-54
213000309,211,70,141
213000310,489,249,240
213000311,270,737,-467
213000315,109,101,8
213000316,168,58,110
213000322,108,145,-37
213000323,176,66,110
213000324,71,33,38
213000325,42,56,-14
213000326,39,34,5
213000327,64,34,30
213000328,57,128,-71
213000329,162,27,135
213000340,160,447,-287
213000341,675,132,543
213000346,407,278,129
213000347,690,469,221
213000348,12,111,-99
213000349,19,8,11
213000350,296,864,-568
213000366,93,292,-199
213000367,347,13,334
213000379,91,51,40
213000386,14,330,-316
213000406,104,423,-319
213000417,1561,507,1054
213000425,248,52,196
213000426,231,50,181
213000427,45,214,-169
213000428,81,178,-97
213000429,14,3,11
213000430,131,615,-484
213000431,53,2,51
213000432,1,59,-58
213000433,36,126,-90
213000434,121,140,-19
213000435,170,83,87
213000436,53,62,-9
213000437,2,7,-5
213000438,194,51,143
213000439,36,12,24
213000440,9,290,-281
213000441,5,1,4
213000442,3,37,-34
213000443,515,395,120
213000444,57,28,29
213000445,0,72,-72
213000446,2,45,-43
213000447,3,40,-37
213000448,9,185,-176
213000449,453,5,448
213000450,28,43,-15
213000451,266,82,184
213000452,16,25,-9
213000453,36,219,-183
213000455,383,6,377
213000456,0,276,-276
213000481,5,6,-1
213000482,37,10,27
213000489,320,65,255
213000491,0,138,-138
213000492,185,2,183
213000493,0,85,-85
213000494,294,111,183
213000495,0,93,-93
213000496,458,172,286
213000497,45,236,-191
213000498,152,153,-1
213000499,216,345,-129
213000500,625,66,559
213000501,156,45,111
213000502,175,195,-20
213000503,0,68,-68
213000504,12,100,-88
213000505,23,13,10
213000506,0,18,-18
213000507,1,135,-134
213900244,56,0,56
213900245,1,20,-19
218000003,24,20,4
218000004,33,37,-4
218000005,91,34,57
218000006,49,25,24
218000007,11,8,3
218000012,170,137,33
218000013,129,144,-15
218000014,439,439,0
218000019,730,502,228
218000020,283,363,-80
218000021,32,38,-6
218000022,11,15,-4
218000023,5,11,-6
218000024,0,7,-7
218000025,9,16,-7
218000026,12,21,-9
218000027,2,9,-7
218000028,2,2,0
218000029,2,3,-1
218000030,18,22,-4
218000031,3,16,-13
218000032,1,17,-16
218000040,6,7,-1
218000046,40,83,-43
218000047,7,109,-102
218000048,64,72,-8
218000049,90,102,-12
218000050,268,215,53
218000051,89,181,-92
218000052,3,86,-83
218000053,5,12,-7
218000054,11,49,-38
218000055,4,14,-10
218000056,14,39,-25
218000057,3,18,-15
218000064,13,14,-1
218000065,125,56,69
218000066,27,35,-8
218000067,52,67,-15
218000068,197,115,82
218000069,286,106,180
218000070,231,248,-17
218000071,236,179,57
218000072,298,197,101
218000078,994,688,306
218000079,110,72,38
218000080,160,60,100
218000081,501,206,295
218000082,56,78,-22
218000083,117,53,64
218000084,194,104,90
218000085,198,311,-113
218000086,114,126,-12
218000087,183,149,34
218000090,13,86,-73
218000091,1107,596,511
218000092,107,117,-10
218000093,97,57,40
218000094,480,650,-170
218000099,330,714,-384
218000100,316,340,-24
218000101,355,168,187
218000102,436,239,197
218000103,150,154,-4
218000104,93,42,51
218000105,18,22,-4
218000106,9,5,4
218000107,60,70,-10
218000108,2,28,-26
218000112,40,17,23
218000117,71,34,37
218000134,655,505,150
218000135,32,89,-57
218000136,219,75,144
218000137,311,152,159
218000138,40,83,-43
218000139,269,279,-10
218000140,539,277,262
218000141,80,59,21
218000142,250,142,108
218000143,134,271,-137
218000144,31,74,-43
218000145,370,320,50
218000146,116,185,-69
218000151,8,12,-4
218000152,145,63,82
218000153,23,11,12
218000154,21,4,17
218000155,27,5,22
218000156,63,12,51
218000157,37,20,17
218000158,5,7,-2
218000159,2,5,-3
218000160,3,2,1
218000161,26,4,22
218000162,38,2,36
218000163,8,0,8
218000164,52,6,46
218000165,68,31,37
218000170,3,37,-34
218000171,35,9,26
218000172,12,9,3
218000173,30,12,18
218000174,22,4,18
218000176,135,38,97
218000177,188,186,2
218000178,48,212,-164
218000179,83,80,3
218000180,78,29,49
218000181,147,40,107
218000187,13,33,-20
218000188,30,30,0
218000189,30,51,-21
218000190,16,16,0
218000191,138,54,84
218000192,199,183,16
218000193,479,255,224
218000194,125,242,-117
218000195,143,57,86
218000196,367,201,166
218000197,414,206,208
218000198,10,69,-59
218000199,51,15,36
218000200,96,16,80
218000201,24,6,18
218000202,78,284,-206
218000207,6,17,-11
218000208,31,34,-3
218000211,26,19,7
218000212,1,12,-11
218000213,105,166,-61
218000214,2,42,-40
218000215,21,47,-26
218000217,7,76,-69
218000218,201,56,145
218000219,18,21,-3
218000220,69,412,-343
218000221,607,163,444
218000222,4,36,-32
218000223,42,345,-303
218000224,7,221,-214
218000225,139,27,112
218000226,106,43,63
218000230,0,6,-6
218000232,45,46,-1
218000239,162,15,147
218000240,5,2,3
218000241,25,2,23
218000242,61,1,60
218000243,32,3,29
218000244,47,3,44
218000245,22,0,22
218000246,0,0,0
218000247,3,1,2
218000248,0,19,-19
218000249,2,5,-3
218000250,1,5,-4
218000251,7,32,-25
218000252,2,32,-30
218000253,2,49,-47
218000254,0,27,-27
218000255,1,27,-26
218000256,8,57,-49
218000267,488,990,-502
218000268,12,31,-19
218000269,0,21,-21
218000270,118,36,82
218000271,13,35,-22
218000273,31,4,27
218000274,9,3,6
218000275,22,41,-19
218000276,4,42,-38
218000278,13,34,-21
218000279,114,52,62
218000280,6,39,-33
218000281,24,15,9
218000282,552,561,-9
218000284,83,5,78
218000301,111,118,-7
218000302,132,53,79
218000303,40,26,14
218000316,839,828,11
218000317,1386,836,550
218000318,806,615,191
218000319,1155,911,244
218000320,963,768,195
218000338,27,24,3
218000345,113,59,54
218000346,34,156,-122
218000459,28,174,-146
218000490,25,32,-7
218000501,103,37,66
218000502,39,66,-27
218000503,128,27,101
218000504,201,37,164
218000505,50,122,-72
218000506,41,237,-196
218000508,6,3,3
218000510,147,14,133
218000520,105,74,31
218000521,12,51,-39
218000522,3,148,-145
218000523,102,7,95
218000524,44,208,-164
218000525,108,8,100
218000526,44,114,-70
218000529,50,127,-77
218000530,13,2,11
218000531,14,16,-2
218000532,26,12,14
218000534,171,13,158
218000537,24,52,-28
218000538,137,253,-116
218000540,224,97,127
218000543,205,42,163
218000544,33,60,-27
218000545,74,84,-10
218000546,49,73,-24
218000547,84,183,-99
218000548,151,106,45
218000549,564,656,-92
218000550,265,320,-55
218000551,134,1028,-894
218000552,363,56,307
218000553,52,86,-34
218000554,29,25,4
218000555,36,65,-29
218000556,191,168,23
218000557,233,147,86
218000558,57,0,57
218000559,0,30,-30
218000560,0,50,-50
218000561,20,0,20
218000562,46,181,-135
218000563,151,19,132
218000564,11,116,-105
218000565,200,30,170
218000566,341,28,313
218000567,1,88,-87
218000568,41,8,33
218000569,17,216,-199
218000570,186,8,178
218000571,3,124,-121
218000572,138,0,138
218000573,17,149,-132
218000574,116,31,85
218000575,102,2,100
218000576,1,99,-98
218000577,128,1,127
218000578,1,91,-90
218000579,20,16,4
218000581,6,39,-33
218000582,50,1,49
218000583,8,1,7
218000584,1,13,-12
218000585,47,3,44
218000586,8,32,-24
218000587,1,2,-1
218000588,4,8,-4
218000589,0,15,-15
218000590,2,2,0
218000591,2,4,-2
218000592,4,0,4
218000593,0,0,0
218000594,0,1,-1
218000597,0,1,-1
218000598,0,0,0
218000599,2,0,2
218000600,0,0,0
218000601,1,1,0
218000602,0,2,-2
218000603,0,1,-1
218000604,7,2,5
218000605,0,24,-24
218000606,71,2,69
218000607,24,45,-21
218000608,50,22,28
218000609,4,31,-27
218000610,102,9,93
218000611,17,2,15
218000612,1,9,-8
218000613,37,2,35
218000614,3,36,-33
218000615,196,1,195
218000616,10,106,-96
218000617,17,1,16
218000618,2,6,-4
218000619,35,34,1
218000620,23,22,1
218000621,0,4,-4
218000622,0,4,-4
218000623,85,5,80
218000624,0,18,-18
218000625,4,5,-1
218000626,0,6,-6
218000628,197,29,168
218000631,54,22,32
218000632,3,93,-90
218000633,198,1,197
218000634,8,11,-3
218000635,11,2,9
218000636,978,925,53
218000637,929,442,487
218000638,238,56,182
218000639,20,108,-88
218000640,304,44,260
218000641,62,228,-166
218000652,33,56,-23
218000653,120,37,83
218000663,17,147,-130
218000675,57,55,2
218000676,2,12,-10
218000677,14,1,13
218000680,234,306,-72
218000681,443,151,292
218000691,233,165,68
218000693,257,156,101
218000703,7,16,-9
218000718,312,1163,-851
218000719,505,790,-285
218000720,15,209,-194
218000721,89,18,71
218000725,4,2,2
218001147,3,68,-65
218001214,3,48,-45
218001258,139,3,136
218001329,112,144,-32
218001330,91,80,11
218001351,30,11,19
218001352,27,23,4
218001353,14,10,4
218001354,4,29,-25
218001355,4,172,-168
218001356,635,15,620
218001357,8,117,-109
218001358,468,16,452
218001361,424,6,418
218001362,0,85,-85
219000001,48,49,-1
219000002,37,59,-22
219000003,69,29,40
219000004,64,52,12
219000017,73,66,7
219000020,174,52,122
219000022,149,9,140
219000023,149,1,148
219000029,1,77,-76
219000034,57,24,33
219000039,50,170,-120
219000040,37,96,-59
219000041,115,38,77
219000051,0,48,-48
219000052,0,23,-23
219000053,1,75,-74
219000054,29,81,-52
219000055,291,2,289
219000056,7,0,7
219000057,95,1,94
219000062,17,71,-54
219000063,88,4,84
219000064,1,69,-68
219000110,341,78,263
219000111,100,50,50
219000112,172,58,114
219000113,180,59,121
219000114,235,117,118
219000116,121,53,68
219000117,173,42,131
219000118,143,47,96
219000123,163,59,104
219000124,54,54,0
219000125,13,15,-2
219000126,66,129,-63
219000127,0,4,-4
219000128,6,108,-102
219000129,13,119,-106
219000130,324,447,-123
219000131,516,972,-456
219000133,40,43,-3
219000134,16,25,-9
219000135,23,64,-41
219000136,107,176,-69
219000138,74,15,59
219000139,71,47,24
219000140,66,9,57
219000141,22,83,-61
219000142,30,72,-42
219000143,11,56,-45
219000145,25,44,-19
219000146,5,28,-23
219000147,4,27,-23
219000148,6,21,-15
219000149,15,45,-30
219000150,2,48,-46
219000151,3,18,-15
219000157,227,112,115
219000158,215,251,-36
219000161,77,9,68
219000163,1314,541,773
219000166,163,161,2
219000167,132,178,-46
219000168,294,127,167
219000174,469,203,266
219000175,91,1,90
219000176,124,15,109
219000177,48,0,48
219000178,65,0,65
219000179,14,6,8
219000180,33,49,-16
219000182,166,14,152
219000183,125,25,100
219000184,150,10,140
219000185,4,23,-19
219000186,68,36,32
219000187,25,115,-90
219000189,76,202,-126
219000190,67,214,-147
219000191,590,1418,-828
219000192,178,121,57
219000193,189,133,56
219000195,1,71,-70
219000196,5,121,-116
219000198,18,77,-59
219000199,80,250,-170
219000200,40,158,-118
219000201,61,164,-103
219000203,31,147,-116
219000204,55,313,-258
219000205,56,215,-159
219000207,171,251,-80
219000209,44,78,-34
219000210,25,68,-43
219000213,6,124,-118
219000239,192,202,-10
219000240,228,410,-182
219000241,179,141,38
219000242,64,116,-52
219000243,94,230,-136
219000244,38,78,-40
219000245,30,42,-12
219000246,46,14,32
219000247,188,39,149
219000248,449,508,-59
219000249,179,114,65
219000250,168,117,51
219000251,575,255,320
219000252,229,136,93
219000253,479,109,370
219000255,120,127,-7
219000256,255,68,187
219000257,116,0,116
219000262,100,118,-18
219000263,76,173,-97
219000267,1,48,-47
219000268,2,0,2
219000269,3,2,1
219000270,8,0,8
219000271,141,4,137
219000278,0,8,-8
219000279,0,0,0
219000283,0,8,-8
219000295,12,85,-73
219000296,73,304,-231
219000297,11,102,-91
219000298,14,67,-53
219000299,560,72,488
219000300,29,150,-121
219000301,193,345,-152
219000302,27,245,-218
219000307,55,30,25
219000308,53,36,17
219000311,224,79,145
219000312,757,158,599
219000313,404,46,358
219000314,76,274,-198
219000315,333,37,296
219000316,633,66,567
219000317,112,16,96
219000320,1,68,-67
219000321,2,28,-26
219000323,2,43,-41
219000325,1,8,-7
219000326,73,54,19
219000327,89,41,48
219000328,55,36,19
219000329,265,121,144
219000330,52,34,18
219000331,63,60,3
219000332,123,108,15
219000333,18,2,16
219000335,98,0,98
219000337,17,0,17
219000338,64,0,64
219000344,17,83,-66
219000345,46,53,-7
219000346,46,99,-53
219000348,157,60,97
219000349,48,122,-74
219000350,73,420,-347
219000351,5,13,-8
219000352,278,119,159
219000353,107,74,33
219000354,208,66,142
219000355,168,65,103
219000356,939,1659,-720
219000363,189,67,122
219000364,85,54,31
219000365,108,29,79
219000366,215,360,-145
219000368,368,671,-303
219000370,883,662,221
219000371,14,28,-14
219000382,19,43,-24
219000383,559,1240,-681
219000385,417,453,-36
219000386,705,1611,-906
219000387,4,10,-6
219000390,2,0,2
219000391,4,0,4
219000397,59,53,6
219000398,78,67,11
219000401,9,74,-65
219000402,27,74,-47
219000403,151,381,-230
219000404,22,114,-92
219000407,7,29,-22
219000409,61,60,1
219000410,126,46,80
219000411,72,13,59
219000446,138,329,-191
219000447,0,16,-16
219000448,22,6,16
219000452,94,107,-13
219000453,43,210,-167
219000454,228,274,-46
219000556,299,83,216
219000558,212,170,42
219000590,54,153,-99
219000591,102,89,13
219000592,86,348,-262
219000595,0,10,-10
219000635,248,42,206
219000636,27,51,-24
219000657,43,34,9
219000658,62,147,-85
219000673,0,28,-28
219000676,30,3,27
219000679,29,4,25
219000684,94,1,93
219000685,0,36,-36
219000686,2,1,1
219000688,1,39,-38
219000689,12,170,-158
219000690,143,23,120
219000691,46,163,-117
219000692,211,23,188
219000693,1,21,-20
219000694,6,0,6
219000695,30,4,26
219000698,12,0,12
219000699,0,10,-10
219000727,0,77,-77
219000728,67,2,65
219000770,81,1,80
219000771,0,38,-38
219000788,285,200,85
219001150,0,33,-33
219001151,1,2,-1
219001166,61,35,26
219001167,2,63,-61
219001178,60,4,56
220000001,55,73,-18
220000002,31,102,-71
220000003,377,199,178
220000004,612,417,195
220000005,1085,1646,-561
220000006,165,706,-541
220000007,438,377,61
220000008,322,654,-332
220000009,321,301,20
220000010,195,84,111
220000011,412,2592,-2180
220000012,97,281,-184
220000014,111,46,65
220000015,83,309,-226
220000017,97,264,-167
220000018,3812,1893,1919
220000019,119,296,-177
220000020,507,222,285
220000021,802,217,585
220000022,1037,442,595
220000023,401,192,209
220000024,2036,468,1568
220000025,1238,1387,-149
220000026,336,485,-149
220000027,29,149,-120
220000028,49,46,3
220000029,35,96,-61
220000030,58,69,-11
220000031,586,483,103
220000064,25,801,-776
221000046,10,1,9
221000047,0,4,-4
221000048,0,2,-2
221000049,0,5,-5
221000050,26,0,26
221000055,49,58,-9
221000057,69,8,61
221000068,370,190,180
221000069,317,80,237
221000070,286,26,260
221000071,157,12,145
221000072,339,12,327
221000073,226,49,177
221000074,2,14,-12
221000075,24,23,1
221000076,10,22,-12
221000077,16,68,-52
221000081,23,10,13
221000082,69,6,63
221000083,29,7,22
221000084,8,4,4
221000085,13,50,-37
221000086,12,101,-89
221000087,5,136,-131
221000088,23,171,-148
221000089,40,255,-215
221000090,110,516,-406
221000098,150,11,139
221000099,243,13,230
221000100,123,3,120
221000101,211,16,195
221000102,142,9,133
221000109,4,82,-78
221000110,12,53,-41
221000111,14,179,-165
221000112,7,131,-124
221000113,10,109,-99
221000114,20,115,-95
221000120,50,29,21
221000121,7,32,-25
221000122,67,25,42
221000123,24,14,10
221000124,32,134,-102
221000155,116,11,105
221000156,57,55,2
221000175,3,12,-9
221000176,1,3,-2
221000182,44,11,33
221000241,655,425,230
221000242,170,396,-226
221000243,564,267,297
221000244,215,562,-347
221000245,100,90,10
221000246,46,295,-249
221000247,114,136,-22
221000248,172,107,65
221000267,31,499,-468
221000325,68,61,7
221000331,41,69,-28
221000338,15,29,-14
221000378,208,35,173
221000381,33,36,-3
222000282,9,2,7
222000296,0,18,-18
222000568,389,19,370
222000569,183,50,133
222000570,135,40,95
222000571,363,31,332
222000577,18,101,-83
222000578,23,153,-130
222000579,35,138,-103
222000580,53,742,-689
222000599,1,129,-128
222000600,2,240,-238
222000601,9,851,-842
222000603,30,41,-11
222000604,3,52,-49
222000605,21,13,8
222000606,2,11,-9
222000607,4,2,2
222000608,39,17,22
222000609,82,159,-77
222000616,438,36,402
222000617,13,22,-9
222000618,23,3,20
222000620,22,14,8
222000621,50,19,31
222000623,733,16,717
222000624,369,5,364
222000625,507,13,494
222000636,79,4,75
222000686,40,14,26
222000687,46,18,28
222001066,272,0,272
222001067,27,4,23
222001068,68,21,47
222001069,66,42,24
222001082,34,34,0
222001083,19,40,-21
222001084,1,45,-44
222001085,0,157,-157
222001111,52,85,-33
222001112,190,31,159
222001313,40,9,31
222001314,3,95,-92
222001464,89,50,39
222001465,41,115,-74
222001484,173,59,114
222001485,38,37,1
222001494,554,154,400
222001495,185,192,-7
222001496,338,83,255
222001497,87,270,-183
222001502,11,81,-70
222001503,153,40,113
222001504,29,243,-214
222001505,380,21,359
222001506,48,345,-297
222001507,330,64,266
222001510,563,40,523
222001511,60,260,-200
222001514,690,266,424
222001515,214,407,-193
222001518,390,66,324
222001519,57,133,-76
222001527,241,81,160
222001528,55,134,-79
222001529,333,48,285
222001530,59,190,-131
222001533,125,220,-95
222001534,370,74,296
222001535,226,239,-13
222001536,64,170,-106
222001537,413,61,352
222001538,112,345,-233
222001563,810,88,722
222001564,56,410,-354
222001568,361,123,238
222001576,2,2,0
222001579,0,9,-9
222001583,21,97,-76
222001584,110,20,90
222001596,541,1121,-580
222001597,2303,356,1947
222001626,0,130,-130
222001650,106,115,-9
222001651,107,265,-158
222001914,228,74,154
222001915,84,230,-146
222001968,477,285,192
222001969,416,527,-111
222001970,176,191,-15
222001971,41,17,24
222001972,2,20,-18
225000001,517,180,337
225000002,665,187,478
225000003,824,93,731
225000004,464,218,246
225000005,74,50,24
225000006,0,207,-207
225000007,1184,1146,38
225000010,285,15,270
225000011,415,926,-511
225000012,273,530,-257
225000013,65,97,-32
225000014,683,108,575
225000015,95,135,-40
225000021,886,170,716
225000027,229,449,-220
225000032,702,114,588
225000042,70,454,-384
225000049,36,59,-23
225000050,78,21,57
225000053,6,312,-306
225000058,663,176,487
225000067,181,122,59
225000068,94,243,-149
225000069,121,404,-283
225000070,123,348,-225
225000071,42,119,-77
225000075,24,532,-508
225000076,63,111,-48
225000078,85,56,29
225000085,125,159,-34
225000086,309,68,241
225000087,195,10,185
225000088,4,210,-206
225000089,181,1019,-838
225000090,60,366,-306
225000091,176,110,66
225000092,62,58,4
225000093,331,212,119
225000094,13,218,-205
225000095,352,320,32
225000096,265,328,-63
225000098,851,328,523
225000099,404,160,244
225000100,448,142,306
225000104,92,344,-252
225000110,14,350,-336
225000111,157,768,-611
225000112,289,852,-563
225000113,163,581,-418
225000114,50,267,-217
225000115,1279,571,708
225000116,1035,230,805
225000117,871,194,677
225000118,1087,201,886
225000119,286,96,190
225000120,734,25,709
225000121,330,22,308
225000123,572,36,536
225000125,527,164,363
225000126,647,168,479
225000127,698,1286,-588
225000128,615,871,-256
225000132,281,28,253
225000133,242,36,206
225000134,685,154,531
225000135,81,16,65
225000136,348,11,337
225000137,242,56,186
225000138,441,65,376
225000143,54,219,-165
225000144,9,230,-221
225000145,53,54,-1
225000146,43,63,-20
225000147,20,190,-170
225000148,22,116,-94
225000149,50,346,-296
225000151,33,166,-133
225000155,344,342,2
225000156,172,725,-553
225000157,261,287,-26
225000158,82,170,-88
225000171,6,139,-133
225000180,25,2,23
225000181,0,42,-42
225000182,80,8,72
225000185,2,396,-394
225000187,51,327,-276
225000191,104,3,101
225000194,0,5,-5
225000208,4,73,-69
225000209,118,24,94
225000210,13,220,-207
225000217,0,20,-20
225000218,11,2,9
225000223,0,55,-55
225000224,29,0,29
225000225,1,22,-21
225000226,49,2,47
225000227,22,81,-59
225000228,7,9,-2
225000229,0,58,-58
225000230,20,0,20
225000231,1,41,-40
225000232,149,0,149
225000241,80,1,79
225000242,0,29,-29
225000249,13,1,12
225000250,38,457,-419
225000251,371,14,357
225000254,6,19,-13
225000256,1,14,-13
225000257,0,31,-31
226000042,189,335,-146
226000043,46,224,-178
226000044,111,373,-262
226000045,70,274,-204
226000046,433,102,331
226000047,401,110,291
226000048,365,97,268
226000049,287,183,104
226000070,0,33,-33
226000071,0,45,-45
226000072,0,7,-7
226000073,0,6,-6
226000074,0,8,-8
226000084,2,36,-34
226000085,0,10,-10
226000086,6,11,-5
226000087,1,13,-12
226000088,28,53,-25
226000090,222,142,80
226000091,22,86,-64
226000092,21,29,-8
226000093,29,7,22
226000094,9,2,7
226000095,9,3,6
226000105,9,0,9
226000106,3,0,3
226000107,14,0,14
226000108,21,2,19
226000109,82,0,82
226000124,102,63,39
226000134,828,422,406
226000135,1609,535,1074
226000136,552,380,172
226000137,7,246,-239
226000138,8,156,-148
226000139,0,21,-21
226000156,267,2,265
226000157,310,8,302
226000163,65,106,-41
226000202,7,212,-205
226000231,504,15,489
226000232,24,2,22
227000033,387,65,322
227000036,396,39,357
227000037,387,31,356
227000038,189,23,166
227000084,0,67,-67
227000085,0,61,-61
227000088,33,6,27
227000089,152,1,151
227000090,46,4,42
227000091,19,1,18
227000092,42,2,40
227000093,153,1,152
227000094,19,5,14
227000130,30,67,-37
227000131,20,130,-110
227000132,10,141,-131
227000133,7,138,-131
227000134,16,249,-233
227000152,0,4,-4
227000153,1,41,-40
227000154,1,23,-22
227000155,2,40,-38
227000156,0,17,-17
227000165,2,20,-18
227000196,382,172,210
227000199,396,298,98
227000230,16,362,-346
227000232,461,25,436
227000242,36,351,-315
227000243,514,90,424
227000245,12,241,-229
227000246,106,416,-310
227000247,532,91,441
227000248,138,53,85
227000249,18,138,-120
227000250,388,179,209
227000251,79,207,-128
227000252,26,229,-203
227000253,211,19,192
227000262,524,66,458
227000266,1317,24,1293
227000267,28,1221,-1193
227000282,0,106,-106
227000284,538,16,522
227000286,6,61,-55
227000287,13,70,-57
227000291,13,366,-353
227000296,148,202,-54
227000484,244,12,232
227000485,18,658,-640
227000655,232,15,217
227000656,619,36,583
227000657,94,7,87
227000661,255,20,235
227000680,199,53,146
229000265,20,25,-5
229000296,7,24,-17
229000297,5,24,-19
229000298,8,147,-139
229000320,24,4,20
229000321,16,2,14
229000412,9,40,-31
229000414,6,40,-34
229000415,33,1,32
229000416,2,9,-7
229000417,6,8,-2
229000419,85,297,-212
229000440,427,70,357
229000442,23,8,15
229000443,6,2,4
229000444,2,36,-34
229000445,55,5,50
229000446,64,7,57
229000491,2,12,-10
229000492,4,52,-48
229000493,2,43,-41
229000494,46,1,45
229000495,145,4,141
229000496,55,2,53
229000507,0,48,-48
229000508,0,36,-36
229000509,3,56,-53
229000510,2,32,-30
229000511,3,39,-36
229000512,0,26,-26
229000513,0,8,-8
229000514,0,4,-4
229000517,2,6,-4
229000518,18,20,-2
229000519,1,5,-4
229000520,11,44,-33
229000521,61,14,47
229000522,23,5,18
229000523,8,6,2
229000524,4,4,0
229000527,1,0,1
229000528,0,0,0
229000529,4,1,3
229000530,45,2,43
229000531,34,0,34
229000532,13,1,12
229000533,54,1,53
229000534,24,0,24
229000564,92,2,90
229000565,11,0,11
229000566,0,8,-8
229000567,0,22,-22
229000582,59,4,55
229000583,10,2,8
229000584,0,13,-13
229000585,2,32,-30
229000718,0,0,0
229000719,0,0,0
229000720,0,9,-9
229000721,0,0,0
229000722,0,3,-3
229000723,0,4,-4
229000724,0,3,-3
229000725,0,2,-2
229000738,5,0,5
229000739,1,0,1
229000740,6,0,6
229000741,15,0,15
229000742,5,0,5
229000743,7,0,7
229000744,2,0,2
229000745,2,0,2
229000746,19,1,18
229000847,50,1,49
229000848,14,0,14
229000849,100,3,97
229000851,39,0,39
229000854,0,12,-12
229000856,2,70,-68
229000857,0,16,-16
229000858,0,30,-30
229000919,13,53,-40
229000930,0,209,-209
229000937,116,18,98
229000966,66,22,44
229000981,23,21,2
229000985,22,32,-10
229000986,1,4,-3
229000987,0,3,-3
229000988,4,1,3
229000989,18,3,15
229000990,0,0,0
229000991,3,0,3
229000992,3,10,-7
229000993,115,13,102
229000998,24,58,-34
229000999,70,6,64
229001034,0,9,-9
229001035,6,1,5
229001037,26,11,15
229001042,12,4,8
229001047,7,41,-34
229001050,28,70,-42
229001168,0,13,-13
229001200,14,0,14
229001338,1,13,-12
229001394,165,3,162
229001422,168,25,143
229001423,34,107,-73
229001431,77,59,18
229001432,46,59,-13
229001444,179,31,148
229001445,31,128,-97
229001479,19,3,16
229001503,212,96,116
229001504,101,122,-21
229001505,105,47,58
229001506,66,83,-17
229001509,32,28,4
229001545,73,4,69
229001546,7,53,-46
229001553,110,12,98
229001554,50,62,-12
229001559,4,3,1
229001560,11,22,-11
229001630,34,5,29
229001631,22,21,1
229001635,1,9,-8
229001636,8,0,8
229001658,2,107,-105
229001659,83,6,77
229001660,35,3,32
229001661,8,23,-15
229001662,17,0,17
229001663,0,14,-14
229002584,181,142,39
229002831,136,138,-2
229002841,20,12,8
229002842,24,19,5
229002843,63,24,39
229002844,31,41,-10
229002845,12,61,-49
229002846,45,23,22
229002847,3,16,-13
229002848,27,13,14
229002849,1,94,-93
229002850,17,1,16
229002851,45,204,-159
229002852,280,32,248
229002853,139,11,128
229002854,58,39,19
229002855,4,42,-38
229002856,43,9,34
229002857,13,188,-175
229002858,20,4,16
229002859,54,171,-117
229002860,463,41,422
229002861,67,39,28
229002862,31,29,2
229002863,24,12,12
229002864,38,38,0
229002865,32,4,28
229002866,23,13,10
229002867,6,12,-6
229002868,9,12,-3
229002869,51,94,-43
229002870,69,16,53
235000066,408,106,302
235000067,113,128,-15
235000072,29,69,-40
235000073,66,345,-279
235000074,66,53,13
235000080,11,76,-65
235000081,129,139,-10
235000082,177,41,136
235000083,264,92,172
235000084,34,47,-13
235000085,178,74,104
235000089,22,38,-16
235000092,27,139,-112
235000093,14,5,9
235000097,3,5,-2
235000098,71,9,62
235000099,33,19,14
235000116,82,20,62
235000117,539,27,512
235000133,10,520,-510
235000134,8,157,-149
235000206,3,8,-5
235000207,6,10,-4
235000208,1,2,-1
235000209,10,2,8
235000210,5,0,5
235000212,5,15,-10
235000213,3,10,-7
235000220,0,4,-4
235000221,75,18,57
235000238,10,154,-144
235000239,1,28,-27
235000242,266,775,-509
235000245,569,119,450
235000246,18,46,-28
235000284,28,105,-77
235000295,93,19,74
235000305,222,10,212
235000306,265,6,259
235000307,18,2,16
235000308,28,0,28
235000309,70,1,69
235000310,26,1,25
235000311,104,31,73
235000322,0,40,-40
235000323,1,51,-50
235000324,0,14,-14
235000325,1,13,-12
235000326,5,129,-124
235000351,4,62,-58
235000352,11,28,-17
235000353,6,39,-33
235000354,10,30,-20
235000355,8,43,-35
235000356,91,1,90
235000357,36,6,30
235000358,105,6,99
235000359,8,8,0
235000360,46,24,22
235000361,57,9,48
235000381,146,148,-2
235000382,242,31,211
235000390,19,5,14
235000391,238,10,228
235000392,188,338,-150
235000393,147,177,-30
235000395,159,60,99
235000396,576,36,540
235000400,75,39,36
235000401,26,117,-91
235000405,91,225,-134
235000406,32,196,-164
235000407,102,91,11
235000409,176,102,74
235000410,44,213,-169
235000411,1,55,-54
235000485,0,7,-7
235000486,22,0,22
235000549,105,93,12
235000550,133,184,-51
235000599,185,51,134
235000600,3,22,-19
235000601,32,30,2
235000602,171,57,114
235000614,2,6,-4
235000648,1,14,-13
235000649,43,3,40
235000685,1,4,-3
235000815,20,39,-19
235000834,0,13,-13
235000855,63,49,14
235000862,23,111,-88
235000891,0,13,-13
235000892,15,0,15
235000901,79,72,7
235000907,11,9,2
235001010,124,88,36
235001029,527,326,201
235001030,492,359,133
235001078,119,126,-7
235001079,70,90,-20
235001147,8,44,-36
235001166,6,75,-69
235001167,64,62,2
235001169,19,220,-201
235001188,1,6,-5
235001189,6,0,6
235001197,5,22,-17
235001200,43,29,14
235001207,165,29,136
235001210,17,65,-48
235001215,23,87,-64
235001239,1,47,-46
235001244,0,9,-9
235016267,0,69,-69
277101746,0,2,-2
277102712,1,0,1
277103813,0,0,0
277103814,0,0,0
277103898,0,0,0
277104249,0,3,-3
277104250,0,7,-7
277104251,0,3,-3
277104252,0,1,-1
990011530,1,215,-214
990014944,2,335,-333
990015176,115,8,107
990015618,0,88,-88
990016032,1,304,-303
990032570,1,42,-41
990070001,65,4,61
990070103,0,3,-3
990070601,2,26,-24
990070751,1143,58,1085
990070766,0,329,-329
990071180,560,188,372
990071343,35,0,35
990071387,1,9,-8
990071823,462,2,460
990072600,3,894,-891
990072964,8,267,-259
990073285,0,7,-7
990074393,2,678,-676
990074870,1708,22,1686
990075106,1701,9,1692
990075746,618,8,610
990076437,1585,3,1582
990076458,2,483,-481
997000007,438,3,435
997000041,1,272,-271
997000058,53,0,53
997000062,18,1,17
997000069,0,2,-2
997000070,0,29,-29
997000100,34,0,34
997000141,13,2143,-2130
997000198,308,1441,-1133
998000475,9,38,-29
998000736,0,197,-197
998000965,0,14,-14
998001031,0,60,-60
998001700,0,0,0
998001899,0,2,-2
998001900,32,7,25
998003073,946,7,939
998101900,0,0,0
998102850,2,319,-317
998501927,1139,805,334
998501929,193,18,175
998501930,70,24,46
998501931,134,34,100
998501932,2,0,2
998501933,63,2,61
998501937,27,1,26
998501944,9,1,8
998501950,0,87,-87
998501970,80,1,79
998501971,0,73,-73
998501973,0,25,-25
998501974,0,158,-158
998501975,89,2,87
998501976,149,2,147
998501977,1,16,-15
998501978,28,0,28
998501979,0,11,-11
998501980,98,0,98
998501981,38,1,37
998501982,0,81,-81
998501983,2,29,-27
998502006,0,0,0
998502024,0,7,-7
998502032,0,2,-2
998502062,12,1,11
998502063,0,0,0
998502173,51,0,51
998502269,0,3,-3
998502546,0,174,-174
998502578,0,0,0
998601159,1,88,-87
998601292,0,13,-13
999033574,0,229,-229
999800001,23,5,18
999800002,0,3,-3
999800003,6,1,5
999800004,0,3,-3
999800005,0,8,-8
