ID,insum,outsum,diff
100000001,677,955,-278
100000002,2749,2164,585
100000003,4407,4036,371
100000004,914,1092,-178
100000005,2135,4085,-1950
100000006,768,204,564
100000007,1877,660,1217
100000008,329,450,-121
100000009,681,243,438
100000010,122,216,-94
100000011,793,140,653
100000012,65,739,-674
100000013,232,274,-42
100000014,588,432,156
100000015,1362,2051,-689
100000016,704,1342,-638
100000017,619,891,-272
100000018,1055,568,487
100000019,2834,2037,797
100000020,1544,5026,-3482
100000021,3881,2363,1518
100000022,925,2304,-1379
100000023,3872,1822,2050
100000025,837,1209,-372
100000028,1050,1111,-61
100000029,171,436,-265
100000030,135,44,91
100000031,3011,5816,-2805
100000032,1676,3580,-1904
100000033,961,2394,-1433
100000034,272,767,-495
100000035,1253,1403,-150
100000036,1407,1352,55
100000037,758,500,258
100000038,2210,879,1331
100000039,423,193,230
100000040,215,154,61
100000041,1317,564,753
100000042,860,519,341
100000043,712,584,128
100000044,302,821,-519
100000045,427,973,-546
100000046,555,665,-110
100000047,246,371,-125
100000048,313,480,-167
100000049,1253,1326,-73
100000051,401,768,-367
100000053,178,7,171
100000054,546,48,498
100000055,905,291,614
100000056,564,374,190
100000057,1908,615,1293
100000058,666,1005,-339
100000059,5,119,-114
100000060,496,316,180
100000061,2339,495,1844
100000062,2100,526,1574
100000063,978,253,725
100000064,1340,337,1003
100000065,307,768,-461
100000066,169,678,-509
100000067,339,643,-304
100000068,454,1224,-770
100000069,285,1022,-737
100000072,290,413,-123
100000073,872,916,-44
100000075,803,306,497
100000076,1407,2675,-1268
100000077,148,245,-97
100000078,26,69,-43
100000079,27,49,-22
100000080,41,77,-36
100000081,122,231,-109
100000102,2440,2872,-432
100000103,1855,1625,230
100000104,2804,2891,-87
100000105,1821,1928,-107
100000106,1889,2595,-706
100000107,392,1217,-825
100000108,427,770,-343
100000109,1467,1049,418
100000116,974,956,18
100000117,79,133,-54
100000118,1102,1417,-315
100000119,590,907,-317
100000121,277,380,-103
100000122,757,1055,-298
100000123,2207,3357,-1150
100000124,3172,5071,-1899
100000125,3134,1624,1510
100000126,563,513,50
100000127,1419,488,931
100000128,1209,2046,-837
100000129,441,514,-73
100000130,483,419,64
100000131,1499,2113,-614
100000132,1010,2617,-1607
100000133,2888,2000,888
100000135,579,1121,-542
100000139,393,420,-27
100000140,256,378,-122
100000142,517,492,25
100000143,1222,619,603
100000144,3226,784,2442
100000147,1188,3015,-1827
100000150,61,392,-331
100000151,880,1322,-442
100000153,173,466,-293
100000154,49,242,-193
100000155,22,67,-45
100000156,552,629,-77
100000157,366,162,204
100000158,390,127,263
100000159,317,602,-285
100000165,1134,800,334
100000169,234,898,-664
100000174,426,883,-457
100000179,118,484,-366
100000180,1022,2064,-1042
100000181,466,165,301
100000188,73,142,-69
100000189,1006,396,610
100000190,752,1122,-370
100000191,739,599,140
100000192,37,90,-53
100000193,285,169,116
100000330,996,918,78
100000355,164,576,-412
100000362,3393,2097,1296
100000363,4434,4134,300
100000364,198,226,-28
100000365,5450,7550,-2100
100000366,4075,2407,1668
100000367,4741,6133,-1392
100000368,2201,1153,1048
100000369,855,2173,-1318
100000370,146,968,-822
100000376,77,161,-84
100000379,1600,1613,-13
100000380,3871,4423,-552
100000384,4564,5217,-653
100000385,2648,3792,-1144
100000386,4892,5295,-403
100000387,3836,5524,-1688
100000388,4796,6513,-1717
100000389,5950,6574,-624
100000390,7084,6573,511
100000391,5141,8171,-3030
100000392,2711,4241,-1530
100000393,2308,5060,-2752
100000394,5905,8670,-2765
100000395,4534,4899,-365
100000396,6374,4007,2367
100000397,4626,7465,-2839
100000398,10280,6864,3416
100000413,18,20,-2
100900002,3,23,-20
100900003,417,187,230
100900004,15,708,-693
100900005,77,26,51
100900006,26,96,-70
100900007,261,9,252
100900008,3,307,-304
100900009,105,197,-92
100900010,61,49,12
100900011,167,197,-30
100900012,0,180,-180
100900013,744,13,731
100900014,2,10,-8
100900015,81,90,-9
100900016,0,28,-28
100900017,778,67,711
100900018,1,15,-14
100900019,31,97,-66
100900020,274,7,267
100900021,506,3,503
100900022,15,37,-22
100900023,1,37,-36
100900024,436,3,433
100900025,22,5,17
100900026,113,79,34
100900027,562,2369,-1807
100900028,97,231,-134
100900029,46,7,39
100900030,7,83,-76
100900031,596,39,557
100900032,326,2,324
100900033,202,246,-44
100900034,570,0,570
100900035,268,2,266
100900036,22,1,21
100900037,125,146,-21
100900038,93,42,51
100900039,215,410,-195
100900040,535,440,95
100900041,904,550,354
100900042,1161,1243,-82
100900043,0,18,-18
100900044,1406,566,840
100900045,12,0,12
100900046,1064,15,1049
100900047,706,193,513
100900048,163,46,117
100900049,62,104,-42
100900050,5,7,-2
100900051,32,66,-34
100900052,284,36,248
100900053,436,22,414
100900054,13,52,-39
100900055,205,646,-441
100900056,58,98,-40
100900057,1178,1047,131
100900058,543,43,500
100900059,89,5,84
100900060,190,7,183
100900061,332,202,130
100900062,7,16,-9
100900063,248,640,-392
100900064,648,23,625
100900065,59,110,-51
100900066,163,159,4
100900067,9,12,-3
100900068,147,54,93
100900069,300,5,295
100900070,499,6,493
100900071,610,194,416
100900072,0,38,-38
100900073,132,256,-124
100900074,10,2,8
100900075,1490,290,1200
100900076,8,32,-24
100900077,25,57,-32
100900078,69,320,-251
100900079,11,15,-4
100900080,56,156,-100
100900081,42,128,-86
100900082,152,423,-271
100900083,15,22,-7
100900085,13,310,-297
100900086,120,555,-435
100900088,156,335,-179
100900089,4,21,-17
100900090,120,484,-364
100900091,2,17,-15
100900092,199,142,57
100900093,270,235,35
100900094,163,278,-115
100900095,14,28,-14
100900096,47,99,-52
100900097,15,5,10
100900098,17,16,1
100900099,23,470,-447
100900100,15,668,-653
100900101,275,60,215
100900102,82,95,-13
100900103,6,6,0
100900104,9,171,-162
100900105,30,490,-460
100900106,55,6,49
100900107,1393,704,689
100900108,7,19,-12
100900109,18,16,2
100900110,2,39,-37
100900111,35,150,-115
100900112,11,7,4
100900113,17,16,1
100900114,26,6,20
100900115,3,20,-17
100900116,769,638,131
100900117,277,870,-593
100900118,17,54,-37
100900119,18,7,11
100900120,4,15,-11
100900121,319,442,-123
100900122,230,165,65
100900123,112,157,-45
100900124,10,12,-2
100900125,10,64,-54
100900126,239,200,39
100900127,5,32,-27
100900128,76,155,-79
100900129,2,186,-184
100900131,209,224,-15
100900133,56,47,9
100900134,3,11,-8
100900135,1,229,-228
100900137,270,153,117
100900138,438,490,-52
100900139,8,4,4
100900140,5,434,-429
100900141,6,680,-674
100900142,4,7,-3
100900143,686,497,189
100900144,9,7,2
100900145,143,175,-32
100900146,8,55,-47
100900147,15,801,-786
100900148,69,459,-390
100900149,57,304,-247
100900150,4,30,-26
100900151,113,395,-282
100900152,168,11,157
100900153,1,202,-201
100900154,11,82,-71
100900155,7,5,2
100900156,38,2,36
100900157,6,157,-151
100900159,3,32,-29
100900160,37,4,33
100900161,61,9,52
100900162,40,210,-170
100900163,133,165,-32
100900164,72,42,30
100900165,19,29,-10
100900166,14,3,11
100900167,21,42,-21
100900168,79,123,-44
100900169,88,751,-663
100900170,37,10,27
100900171,17,443,-426
100900172,1,40,-39
100900173,5,244,-239
100900174,147,49,98
100900176,1772,215,1557
100900177,645,214,431
100900178,256,95,161
100900179,214,323,-109
100900180,5,4,1
100900181,79,121,-42
100900182,36,26,10
100900184,16,171,-155
100900186,487,364,123
100900187,10,77,-67
100900188,58,9,49
100900189,1341,250,1091
100900191,752,953,-201
100900192,221,470,-249
100900195,106,148,-42
100900197,16,47,-31
100900198,33,137,-104
100900199,1,21,-20
100900200,631,351,280
100900201,90,487,-397
100900202,69,3,66
100900203,0,133,-133
100900204,121,525,-404
100900205,223,503,-280
100900206,175,67,108
100900207,309,154,155
100900210,75,349,-274
100900211,443,191,252
100900213,129,48,81
100900214,510,144,366
100900215,47,49,-2
100900217,148,109,39
101000001,2456,2102,354
101000002,5631,5431,200
101000003,473,1065,-592
101000004,6306,5542,764
101000005,2771,3993,-1222
101000006,6061,6562,-501
101000007,2642,3583,-941
101000008,2164,2115,49
101000009,1826,922,904
101000010,778,781,-3
101000011,1260,451,809
101000012,808,662,146
101000013,755,1082,-327
101000014,361,434,-73
101000015,1238,817,421
101000016,300,478,-178
101000017,466,450,16
101000018,1909,2206,-297
101000020,1837,896,941
101000021,612,387,225
101000022,106,87,19
101000023,983,642,341
101000025,277,466,-189
101000026,304,24,280
101000027,1857,2800,-943
101000028,982,231,751
101000029,200,1686,-1486
101000030,1473,127,1346
101000031,685,964,-279
101000032,5529,5007,522
101000033,1834,3400,-1566
101000034,1575,1946,-371
101000035,676,410,266
101000036,1316,1065,251
101000037,1730,1851,-121
101000039,1697,2757,-1060
101000040,2313,4394,-2081
101000041,5866,7596,-1730
101000042,340,1209,-869
101000043,4900,7242,-2342
101000045,1088,1178,-90
101000046,2745,2138,607
101000047,1701,4615,-2914
101000048,609,479,130
101000049,576,1947,-1371
101000050,1194,1765,-571
101000051,1284,2660,-1376
101000052,1208,910,298
101000053,739,1142,-403
101000054,1559,862,697
101000055,1025,1143,-118
101000056,37,112,-75
101000057,1358,1384,-26
101000058,943,1370,-427
101000059,1706,2245,-539
101000060,1499,787,712
101000061,612,1521,-909
101000062,465,764,-299
101000063,523,1090,-567
101000064,973,1190,-217
101000065,340,497,-157
101000066,865,971,-106
101000067,979,999,-20
101000068,255,475,-220
101000069,242,79,163
101000070,801,973,-172
101000071,1871,824,1047
101000072,616,2890,-2274
101000073,801,1027,-226
101000074,4235,3735,500
101000075,3266,5085,-1819
101000077,1433,1191,242
101000078,819,1431,-612
101000079,1662,436,1226
101000080,1597,593,1004
101000081,1648,1553,95
101000082,2709,2709,0
101000083,2564,2169,395
101000084,1126,866,260
101000085,1389,1165,224
101000086,1010,1073,-63
101000087,756,884,-128
101000088,1140,1132,8
101000089,960,1465,-505
101000090,1710,1002,708
101000091,484,574,-90
101000092,1080,776,304
101000093,1442,730,712
101000094,1003,923,80
101000095,503,431,72
101000096,431,424,7
101000097,410,377,33
101000098,364,502,-138
101000099,680,966,-286
101000100,962,824,138
101000101,192,344,-152
101000102,613,478,135
101000103,611,478,133
101000104,318,595,-277
101000105,376,470,-94
101000106,516,967,-451
101000107,315,345,-30
101000108,757,231,526
101000109,447,69,378
101000110,50,311,-261
101000111,99,228,-129
101000113,186,593,-407
101000114,7258,8322,-1064
101000115,107,120,-13
101000116,78,76,2
101000117,958,239,719
101000119,85,67,18
101000120,193,70,123
101000121,81,86,-5
101000122,102,160,-58
101000123,62,178,-116
101000124,1626,322,1304
101000125,245,472,-227
101000128,278,601,-323
101000130,145,280,-135
101000131,1036,539,497
101000132,790,653,137
101000135,37,58,-21
101000136,440,223,217
101000137,23,320,-297
101000141,1002,3158,-2156
101000147,902,465,437
101000148,754,16,738
101000149,182,246,-64
101000150,88,601,-513
101000151,318,42,276
101000152,312,312,0
101000153,497,275,222
101000154,358,742,-384
101000155,278,127,151
101000156,16,256,-240
101000157,44,30,14
101000160,64,46,18
101000163,192,330,-138
101000164,330,339,-9
101000165,202,398,-196
101000166,208,232,-24
101000168,909,465,444
101000252,2004,914,1090
101000254,178,136,42
101000258,75,12,63
101000261,190,64,126
101000262,1335,2541,-1206
101000263,274,1052,-778
101000265,87,806,-719
101000266,310,282,28
101000269,17,14,3
101000290,854,2296,-1442
101000293,22,40,-18
101000294,641,485,156
101000295,159,320,-161
101000301,472,516,-44
101000304,1841,2128,-287
101000305,2516,1039,1477
101000328,90,381,-291
101900001,31,70,-39
101900002,0,10,-10
101900003,24,100,-76
101900004,9,79,-70
101900005,2609,2286,323
101900006,1058,55,1003
101900007,696,187,509
101900008,75,212,-137
101900009,77,352,-275
101900010,669,662,7
101900011,159,782,-623
101900012,248,138,110
101900013,630,183,447
101900017,13,121,-108
101900018,1066,337,729
101900019,193,123,70
101900020,68,47,21
101900021,0,33,-33
101900022,154,929,-775
101900023,187,189,-2
101900026,115,26,89
101900027,35,108,-73
102000001,2272,4180,-1908
102000002,2220,1019,1201
102000003,2729,6278,-3549
102000004,3915,2346,1569
102000005,1257,2098,-841
102000006,1043,1749,-706
102000007,1475,4126,-2651
102000008,3361,1367,1994
102000009,6076,7165,-1089
102000010,4298,2792,1506
102000011,3492,2722,770
102000012,2864,2618,246
102000018,2212,2296,-84
102000019,1910,1283,627
102000026,223,493,-270
102000029,195,200,-5
102000030,115,263,-148
102000031,81,91,-10
102000032,532,265,267
102000033,256,340,-84
102000034,426,298,128
102000035,920,618,302
102000036,21,225,-204
102000037,145,54,91
102000038,193,282,-89
102000039,144,51,93
102000040,349,204,145
102000041,157,383,-226
102000042,173,324,-151
102000043,172,228,-56
102000044,303,371,-68
102000045,782,699,83
102000046,1073,515,558
102000047,736,766,-30
102000048,350,669,-319
102000049,933,730,203
102000050,888,977,-89
102000051,359,572,-213
102000052,1015,708,307
102000053,721,721,0
102000054,692,944,-252
102000055,1255,479,776
102000056,982,729,253
102000057,1377,482,895
102000058,1001,1002,-1
102000059,1085,1081,4
102000060,1018,924,94
102000061,1581,1503,78
102000062,1662,1075,587
102000063,1059,1367,-308
102000064,628,679,-51
102000065,59,155,-96
102000066,853,810,43
102000067,1805,2800,-995
102000068,8170,2699,5471
102000069,90,2132,-2042
102000070,1291,49,1242
102000071,6447,7842,-1395
102000072,2483,3529,-1046
102000073,948,708,240
102000074,636,801,-165
102000075,142,215,-73
102000076,229,261,-32
102000077,629,560,69
102000078,1105,540,565
102000079,159,228,-69
102000080,272,198,74
102000081,265,896,-631
102000082,653,485,168
102000083,689,237,452
102000084,446,239,207
102000085,1718,811,907
102000086,1191,945,246
102000087,739,1086,-347
102000088,332,260,72
102000089,1200,289,911
102000090,443,797,-354
102000091,1148,550,598
102000092,283,582,-299
102000093,765,692,73
102000094,669,626,43
102000095,872,854,18
102000096,485,618,-133
102000097,618,615,3
102000098,495,590,-95
102000099,710,868,-158
102000100,459,1360,-901
102000101,624,822,-198
102000102,301,1169,-868
102000103,1323,354,969
102000104,534,272,262
102000105,274,440,-166
102000106,778,424,354
102000107,1459,425,1034
102000108,652,154,498
102000109,570,467,103
102000110,1232,862,370
102000111,16,268,-252
102000112,137,105,32
102000113,23,22,1
102000114,579,288,291
102000115,221,277,-56
102000116,309,385,-76
102000117,160,499,-339
102000118,954,1248,-294
102000119,1223,980,243
102000120,208,388,-180
102000121,983,580,403
102000122,642,831,-189
102000123,1217,986,231
102000124,1129,1037,92
102000125,1141,934,207
102000126,1038,685,353
102000127,1356,663,693
102000128,844,729,115
102000129,1525,641,884
102000130,813,573,240
102000131,1369,470,899
102000132,555,670,-115
102000133,2030,1613,417
102000134,861,724,137
102000135,676,777,-101
102000136,915,463,452
102000137,726,938,-212
102000138,261,365,-104
102000139,72,441,-369
102000140,289,668,-379
102000141,180,310,-130
102000142,299,318,-19
102000143,142,259,-117
102000144,279,304,-25
102000145,402,367,35
102000146,433,271,162
102000147,480,381,99
102000148,184,460,-276
102000149,226,273,-47
102000150,420,74,346
102000151,110,206,-96
102000152,232,118,114
102000153,923,519,404
102000154,232,435,-203
102000155,76,272,-196
102000156,301,111,190
102000157,100,308,-208
102000158,455,528,-73
102000159,546,411,135
102000161,2392,1812,580
102000162,174,156,18
102000163,100,475,-375
102000164,741,1072,-331
102000165,195,152,43
102000166,99,151,-52
102000167,283,206,77
102000168,252,183,69
102000169,106,419,-313
102000170,424,163,261
102000171,140,120,20
102000172,89,287,-198
102000173,428,250,178
102000174,105,74,31
102000175,258,88,170
102000176,55,17,38
102000178,236,331,-95
102000179,446,228,218
102000180,953,392,561
102000181,740,436,304
102000182,554,440,114
102000183,1748,1363,385
102000184,1886,713,1173
102000185,2558,1015,1543
102000186,1236,1312,-76
102000187,1003,1110,-107
102000188,1283,1190,93
102000189,1719,602,1117
102000190,512,2347,-1835
102000191,1008,402,606
102000192,1301,1368,-67
102000193,66,109,-43
102000194,57,137,-80
102000195,386,360,26
102000196,215,224,-9
102000197,785,278,507
102000198,231,472,-241
102000199,1059,238,821
102000200,376,701,-325
102000201,1070,369,701
102000202,5,73,-68
102000203,422,175,247
102000204,451,501,-50
102000205,936,345,591
102000206,614,435,179
102000207,607,389,218
102000208,366,349,17
102000209,59,63,-4
102000210,385,287,98
102000211,464,193,271
102000212,283,8,275
102000213,6,272,-266
102000214,262,12,250
102000215,5,238,-233
102000216,72,74,-2
102000217,15,92,-77
102000218,280,185,95
102000219,410,191,219
102000225,613,577,36
102000226,1074,810,264
102000227,139,3,136
102000228,3,121,-118
102000229,35,51,-16
102000230,352,347,5
102000231,247,356,-109
102000232,40,119,-79
102000233,480,468,12
102000234,141,943,-802
102000236,172,85,87
102000237,410,152,258
102000238,180,265,-85
102000240,459,695,-236
102000241,164,142,22
102000243,44,56,-12
102000245,17,138,-121
102000246,10,45,-35
102000247,483,599,-116
102000248,451,863,-412
102000249,172,113,59
102000250,79,258,-179
102000254,190,200,-10
102000266,23,310,-287
102000271,23,1,22
102000286,354,348,6
102000297,1615,762,853
102000301,0,1,-1
102000303,0,0,0
102000305,0,1,-1
102000307,0,3,-3
102900001,1114,601,513
102900002,409,40,369
102900003,43,185,-142
102900005,387,226,161
102900006,521,102,419
102900007,494,37,457
102900008,195,43,152
102900009,417,299,118
102900010,312,1014,-702
102900011,1484,331,1153
102900012,448,94,354
102900013,36,73,-37
102900015,481,435,46
102900016,80,92,-12
102900017,194,458,-264
102900018,55,106,-51
102900019,356,318,38
102900020,149,9,140
102900021,46,85,-39
102900022,587,167,420
102900023,68,48,20
102900024,45,42,3
102900025,151,79,72
102900026,284,1954,-1670
102900027,119,38,81
102900028,132,742,-610
102900029,184,166,18
102900030,394,267,127
102900031,296,121,175
102900032,108,90,18
102900033,147,180,-33
102900034,562,63,499
102900035,131,241,-110
102900036,307,316,-9
102900037,319,290,29
102900038,463,282,181
102900039,29,452,-423
102900040,140,265,-125
102900041,98,162,-64
102900042,193,245,-52
102900043,169,168,1
102900044,550,1536,-986
102900045,188,456,-268
102900046,137,222,-85
102900047,132,600,-468
102900048,670,383,287
102900049,169,260,-91
102900050,165,288,-123
102900051,205,194,11
102900053,306,487,-181
102900054,370,1001,-631
102900055,67,225,-158
102900056,134,353,-219
102900057,6,52,-46
102900058,348,62,286
102900059,31,79,-48
102900060,155,420,-265
102900061,152,347,-195
102900062,235,663,-428
102900063,1266,352,914
102900064,88,413,-325
102900065,900,225,675
102900066,335,18,317
102900068,104,63,41
102900070,146,431,-285
102900072,24,61,-37
102900073,112,7,105
102900075,24,94,-70
102900076,98,126,-28
102900077,24,26,-2
102900078,34,44,-10
102900079,163,8,155
102900080,344,24,320
102900081,116,228,-112
102900082,12,203,-191
102900083,191,7,184
102900084,8,35,-27
102900085,390,137,253
102900086,12,58,-46
102900087,126,91,35
102900088,51,37,14
102900089,261,120,141
102900090,2,272,-270
102900091,166,0,166
102900092,500,638,-138
102900094,3,90,-87
102900095,73,3,70
102900096,59,18,41
102900097,29,109,-80
103000001,2167,2089,78
103000002,1798,1943,-145
103000003,2793,2117,676
103000004,816,765,51
103000005,1766,2849,-1083
103000006,800,1197,-397
103000007,417,566,-149
103000008,800,527,273
103000009,1227,884,343
103000010,223,175,48
103000011,1421,1048,373
103000012,1453,1390,63
103000013,2691,1470,1221
103000014,1277,2429,-1152
103000015,1224,575,649
103000016,630,1423,-793
103000017,221,350,-129
103000018,484,268,216
103000019,296,251,45
103000020,1800,1143,657
103000021,1659,1885,-226
103000022,549,798,-249
103000023,611,1714,-1103
103000024,71,121,-50
103000025,120,633,-513
103000026,654,147,507
103000027,255,479,-224
103000028,348,329,19
103000029,162,279,-117
103000030,1242,1059,183
103000031,964,1661,-697
103000032,2092,1224,868
103000033,2763,2772,-9
103000034,1018,835,183
103000035,345,1135,-790
103000036,295,388,-93
103000037,471,497,-26
103000038,393,810,-417
103000039,411,300,111
103000040,468,764,-296
103000041,1408,1434,-26
103000042,1176,386,790
103000043,658,774,-116
103000044,253,173,80
103000046,334,424,-90
103000047,652,498,154
103000048,228,173,55
103000049,119,128,-9
103000050,702,349,353
103000051,578,443,135
103000052,681,288,393
103000053,244,773,-529
103000054,2319,1164,1155
103000055,1826,1645,181
103000056,725,1011,-286
103000057,785,247,538
103000058,596,673,-77
103000059,512,785,-273
103000060,736,623,113
103000061,360,865,-505
103000062,975,419,556
103000063,786,839,-53
103000064,157,171,-14
103000065,5,359,-354
103000066,204,7,197
103000069,430,354,76
103000070,995,572,423
103000071,1384,533,851
103000072,107,483,-376
103000073,656,80,576
103000074,575,94,481
103000075,114,467,-353
103000076,304,376,-72
103000077,27,229,-202
103000078,803,653,150
103000079,423,605,-182
103000080,774,341,433
103000081,376,1180,-804
103000082,453,188,265
103000083,115,246,-131
103000084,84,8,76
103000085,1,136,-135
103000086,346,372,-26
103000087,89,520,-431
103000088,211,272,-61
103000089,207,430,-223
103000090,2147,847,1300
103000091,554,460,94
103000092,247,181,66
103000093,250,384,-134
103000094,237,97,140
103000095,75,295,-220
103000096,602,63,539
103000097,70,578,-508
103000098,653,153,500
103000099,218,576,-358
103000100,107,481,-374
103000101,881,102,779
103000102,112,387,-275
103000103,674,139,535
103000104,69,90,-21
103000105,155,75,80
103000106,24,112,-88
103000107,233,54,179
103000108,977,564,413
103000109,423,432,-9
103000110,454,432,22
103000111,339,402,-63
103000112,259,183,76
103000113,416,493,-77
103000114,1043,399,644
103000115,639,516,123
103000116,670,351,319
103000117,456,394,62
103000118,411,462,-51
103000119,811,363,448
103000120,59,69,-10
103000121,183,499,-316
103000122,379,506,-127
103000125,21,187,-166
103000126,871,2,869
103000127,3,140,-137
103000128,205,5,200
103000129,1,110,-109
103000130,55,58,-3
103000131,107,87,20
103000132,96,192,-96
103000133,21,123,-102
103000134,324,818,-494
103000135,486,291,195
103000136,484,452,32
103000137,403,570,-167
103000138,622,765,-143
103000139,4,72,-68
103000140,116,36,80
103000141,62,142,-80
103000142,111,60,51
103000143,66,174,-108
103000144,148,52,96
103000145,22,117,-95
103000150,138,50,88
103000152,182,289,-107
103000153,201,133,68
103000156,13,269,-256
103000157,515,0,515
103000159,126,22,104
103000162,94,16,78
103000163,21,51,-30
103000164,18,27,-9
103000165,72,211,-139
103000166,213,367,-154
103000167,175,81,94
103000168,109,130,-21
103000169,200,412,-212
103000170,885,308,577
103000171,36,95,-59
103000172,469,244,225
103000173,628,373,255
103000174,174,237,-63
103000175,332,197,135
103000176,803,638,165
103000177,407,290,117
103000178,209,210,-1
103000179,282,41,241
103000183,186,12,174
103000185,136,36,100
103000186,151,150,1
103000187,594,227,367
103000188,14,84,-70
103000189,607,549,58
103000191,376,358,18
103000292,926,1694,-768
103000293,859,2081,-1222
103000295,67,113,-46
103000296,345,3,342
103000297,8,20,-12
103000504,38,14,24
103000505,3,22,-19
103000506,4,246,-242
103000507,187,1,186
103000508,52,55,-3
103000509,249,571,-322
103900001,7,117,-110
103900002,906,133,773
103900003,1208,196,1012
103900004,122,9,113
103900005,4,143,-139
103900006,14,4,10
103900007,142,24,118
103900008,12,5,7
103900009,284,468,-184
103900010,212,307,-95
103900011,372,129,243
103900012,37,33,4
103900013,74,41,33
103900014,70,16,54
103900015,67,8,59
103900016,350,142,208
103900017,41,69,-28
103900018,568,164,404
103900019,97,376,-279
103900020,209,444,-235
103900021,271,33,238
103900022,1113,650,463
103900023,175,0,175
103900024,93,264,-171
103900025,20,34,-14
103900026,183,4,179
103900027,711,206,505
103900028,24,269,-245
103900029,1166,166,1000
103900030,275,117,158
103900031,36,12,24
103900032,103,77,26
103900033,61,16,45
103900034,61,103,-42
103900035,47,35,12
103900036,32,25,7
103900037,76,37,39
103900038,134,211,-77
103900039,112,253,-141
103900040,9,140,-131
103900041,66,56,10
103900042,88,216,-128
103900043,230,57,173
103900044,62,171,-109
103900045,387,170,217
103900047,98,38,60
103900048,64,32,32
103900049,249,908,-659
103900050,16,179,-163
103900051,3,36,-33
103900052,177,282,-105
103900053,225,426,-201
103900054,129,235,-106
103900055,451,196,255
103900056,74,52,22
103900057,43,95,-52
103900058,316,461,-145
103900059,1,55,-54
103900060,35,152,-117
103900061,192,37,155
103900062,358,117,241
103900063,4,0,4
103900064,132,2,130
103900065,853,385,468
103900066,158,31,127
103900067,207,29,178
103900068,33,1,32
103900069,82,21,61
103900070,188,260,-72
103900071,14,100,-86
103900072,20,126,-106
103900073,27,30,-3
103900074,94,77,17
103900075,241,73,168
103900076,514,396,118
103900077,45,102,-57
103900078,378,169,209
103900079,151,166,-15
103900080,8,30,-22
103900081,124,39,85
103900082,9,128,-119
103900083,925,1108,-183
103900084,51,105,-54
103900085,96,126,-30
103900086,701,414,287
103900088,360,559,-199
103900089,49,145,-96
103900090,6,158,-152
103900091,1026,172,854
103900092,670,448,222
103900093,70,224,-154
103900094,5,69,-64
103900095,222,156,66
103900096,31,120,-89
103900097,8,381,-373
103900098,247,102,145
103900099,55,93,-38
103900100,239,268,-29
103900101,196,992,-796
103900102,1,37,-36
103900104,5,15,-10
103900105,88,200,-112
103900106,0,134,-134
103900107,119,176,-57
103900108,65,248,-183
103900109,144,84,60
103900110,213,50,163
103900111,131,428,-297
103900112,28,61,-33
103900113,145,256,-111
103900114,371,278,93
103900115,260,159,101
103900116,3460,3090,370
103900117,86,40,46
103900119,13,92,-79
103900120,65,98,-33
103900122,105,205,-100
103900123,1096,598,498
103900124,91,306,-215
103900125,117,72,45
103900126,563,235,328
103900127,178,295,-117
103900128,245,104,141
103900131,50,88,-38
103900133,795,47,748
103900134,2,3,-1
103900135,10,6,4
103900137,3,28,-25
103900138,77,206,-129
103900139,227,2123,-1896
103900140,5,171,-166
103900141,221,68,153
103900142,275,83,192
103900143,111,3,108
103900144,0,19,-19
103900145,183,201,-18
103900146,306,191,115
103900147,331,96,235
103900148,249,292,-43
103900149,417,513,-96
103900150,3985,3795,190
103900151,34,119,-85
103900152,633,361,272
103900153,15,10,5
103900154,514,1568,-1054
103900155,69,198,-129
103900156,69,124,-55
103900157,54,122,-68
103900158,86,95,-9
103900159,166,49,117
103900160,37,33,4
103900161,101,141,-40
103900162,47,123,-76
103900163,7,415,-408
103900167,19,104,-85
103900168,107,74,33
103900169,50,60,-10
103900170,0,73,-73
103900171,2,49,-47
103900172,20,12,8
103900173,5,7,-2
103900174,228,43,185
103900175,41,93,-52
103900176,13,44,-31
103900177,18,65,-47
103900178,58,56,2
103900179,57,79,-22
103900180,13,74,-61
103900181,30,48,-18
103900182,23,18,5
103900184,411,98,313
103900185,133,337,-204
103900187,17,68,-51
103900188,53,22,31
103900189,130,3,127
103900190,74,66,8
103900191,33,30,3
103900192,39,74,-35
103900193,101,183,-82
103900194,54,205,-151
103900195,8,69,-61
103900196,54,33,21
103900197,30,42,-12
103900198,17,38,-21
103900199,129,85,44
103900200,170,103,67
103900201,112,153,-41
103900202,16,48,-32
103900203,33,14,19
103900204,2,70,-68
103900207,0,78,-78
103900208,101,3,98
103900209,4,102,-98
103900210,54,29,25
103900211,516,278,238
103900212,107,238,-131
103900213,47,202,-155
103900214,234,202,32
103900215,241,351,-110
103900216,15,261,-246
103900217,376,50,326
103900218,3,240,-237
103900219,167,242,-75
103900233,95,4,91
103900235,14,31,-17
103900236,19,5,14
103900242,2,12,-10
103900243,3,11,-8
103900244,130,140,-10
103900245,104,142,-38
103900246,43,33,10
103900247,47,76,-29
103900248,13,53,-40
103900249,13,62,-49
103900250,24,28,-4
103900251,5,52,-47
103900253,16,105,-89
103900254,3,31,-28
103900255,8,21,-13
103900256,13,20,-7
103900257,93,112,-19
103900258,33,3,30
103900259,43,10,33
103900261,5,5,0
103900262,16,2,14
103900263,33,25,8
103900264,41,27,14
103900265,34,11,23
103900266,3,128,-125
103900267,6,41,-35
103900268,14,75,-61
103900269,141,36,105
103900270,57,96,-39
103900271,77,104,-27
103900272,57,57,0
103900273,30,21,9
103900274,96,7,89
103900275,63,5,58
103900276,10,40,-30
103900277,4,51,-47
103900278,9,27,-18
103900279,4,21,-17
103900280,0,54,-54
104000001,2148,1456,692
104000002,1488,1785,-297
104000003,2053,1717,336
104000004,2153,2104,49
104000005,1571,1644,-73
104000006,2562,2199,363
104000007,3477,3460,17
104000008,213,197,16
104000009,277,105,172
104000010,161,279,-118
104000011,370,207,163
104000012,137,217,-80
104000013,232,209,23
104000014,226,483,-257
104000015,272,128,144
104000016,517,275,242
104000018,764,168,596
104000019,674,187,487
104000020,137,379,-242
104000021,236,354,-118
104000022,123,247,-124
104000023,960,304,656
104000024,257,298,-41
104000026,38,255,-217
104000027,263,170,93
104000028,387,179,208
104000029,292,216,76
104000030,336,205,131
104000031,1269,340,929
104000032,218,197,21
104000033,624,449,175
104000034,287,212,75
104000035,880,301,579
104000036,658,424,234
104000037,293,180,113
104000038,485,264,221
104000039,232,171,61
104000040,187,283,-96
104000041,616,284,332
104000042,212,259,-47
104000043,197,292,-95
104000044,192,548,-356
104000045,813,704,109
104000046,884,1148,-264
104000047,616,754,-138
104000048,903,897,6
104000049,511,252,259
104000050,140,449,-309
104000051,106,478,-372
104000052,1532,1299,233
104000053,1046,379,667
104000054,460,255,205
104000055,2585,1715,870
104000056,858,263,595
104000057,189,422,-233
104000058,895,719,176
104000059,458,783,-325
104000060,878,1141,-263
104000061,1125,699,426
104000062,455,145,310
104000064,454,284,170
104000065,176,572,-396
104000069,660,937,-277
104000070,45,471,-426
104000071,193,467,-274
104000072,667,229,438
104000075,39,238,-199
104000076,452,76,376
104000082,1907,2762,-855
104000083,692,170,522
104000084,132,424,-292
104000085,310,302,8
104000086,217,375,-158
104000087,403,1453,-1050
104000090,787,1012,-225
104000092,1196,1506,-310
104000094,767,991,-224
104000095,1608,1171,437
104000096,1396,108,1288
104000097,1656,591,1065
104000098,2207,610,1597
104000100,1568,491,1077
104000101,1033,1169,-136
104000106,101,576,-475
104000107,561,362,199
104000108,259,364,-105
104000109,315,108,207
104000110,710,820,-110
104000111,2219,1987,232
104000112,1377,508,869
104000116,1,721,-720
104000117,143,414,-271
104000118,579,148,431
104000119,700,251,449
104000120,273,527,-254
104000121,236,574,-338
104000122,645,631,14
104000123,581,640,-59
104000124,632,1293,-661
104000125,2266,3759,-1493
104000126,322,344,-22
104000127,1122,1489,-367
104000128,508,292,216
104000129,337,21,316
104000130,10,222,-212
104000131,337,400,-63
104000132,321,392,-71
104000133,1446,678,768
104000134,987,1339,-352
104000135,433,1621,-1188
104000136,755,3365,-2610
104000137,1526,415,1111
104000138,771,252,519
104000139,3342,2165,1177
104000141,896,862,34
104000142,556,460,96
104000143,518,346,172
104000144,121,199,-78
104000145,414,167,247
104000146,253,461,-208
104000147,91,225,-134
104000148,375,131,244
104000149,146,179,-33
104000150,1023,467,556
104000151,327,271,56
104000152,452,406,46
104000153,627,497,130
104000154,711,386,325
104000155,432,471,-39
104000157,816,1050,-234
104000158,291,331,-40
104000159,846,408,438
104000160,1561,1683,-122
104000161,154,187,-33
104000162,48,117,-69
104000165,795,834,-39
104000167,616,988,-372
104000168,619,9,610
104000169,111,23,88
104000170,341,451,-110
104000248,259,410,-151
104000251,61,200,-139
104000272,0,0,0
104000273,0,0,0
104000274,0,0,0
104000275,0,0,0
104000279,576,376,200
104000290,49,252,-203
104000291,512,943,-431
104000293,801,513,288
104000294,44,0,44
104000295,425,632,-207
104000296,362,552,-190
104000297,520,1607,-1087
104000298,1798,605,1193
104000299,637,1036,-399
104000302,62,74,-12
104000303,107,117,-10
104900001,175,303,-128
104900002,53,143,-90
104900003,43,260,-217
104900004,117,204,-87
104900005,280,248,32
104900006,298,72,226
104900007,303,205,98
104900009,132,246,-114
104900010,81,34,47
104900011,16,13,3
104900012,189,27,162
104900013,91,7,84
104900014,1724,241,1483
104900015,95,7,88
104900016,181,138,43
104900017,170,143,27
104900018,10,115,-105
104900019,214,2681,-2467
104900020,58,204,-146
104900021,4,155,-151
104900022,5,72,-67
104900023,0,52,-52
104900024,32,72,-40
104900025,49,173,-124
104900026,6,54,-48
104900027,555,264,291
104900028,32,86,-54
104900029,51,45,6
104900030,374,224,150
104900031,73,117,-44
104900032,42,91,-49
104900033,164,263,-99
104900034,328,176,152
104900035,360,213,147
104900036,210,65,145
104900037,203,178,25
104900038,277,755,-478
104900039,351,297,54
104900040,492,94,398
104900041,233,152,81
104900042,158,182,-24
104900043,11,142,-131
104900044,658,181,477
104900045,457,55,402
104900046,254,108,146
104900047,331,126,205
104900048,351,68,283
104900049,40,30,10
104900050,308,63,245
104900051,276,40,236
104900052,56,1,55
104900053,455,73,382
104900054,143,16,127
104900055,129,1,128
104900056,250,10,240
104900057,79,1,78
104900058,406,126,280
104900059,202,104,98
104900060,0,232,-232
104900061,153,339,-186
104900063,0,84,-84
104900064,0,59,-59
104900065,0,173,-173
104900066,0,73,-73
104900067,3,266,-263
104900068,21,170,-149
104900070,141,191,-50
104900071,1,403,-402
104900072,23,189,-166
104900073,44,149,-105
104900074,57,174,-117
104900075,49,18,31
104900076,64,176,-112
104900077,510,178,332
104900078,156,314,-158
104900079,63,458,-395
104900080,108,386,-278
104900082,21,309,-288
104900085,1,168,-167
104900087,297,6,291
104900089,225,1,224
104900090,727,603,124
104900091,816,384,432
104900093,178,365,-187
104900097,1669,1827,-158
104900098,95,56,39
104900099,192,516,-324
104900100,331,144,187
104900102,33,97,-64
104900103,338,38,300
104900104,1714,1628,86
104900106,131,109,22
104900107,126,169,-43
104900108,20,150,-130
104900109,81,148,-67
104900110,11,40,-29
104900111,124,80,44
104900112,257,449,-192
104900113,517,228,289
104900114,381,290,91
104900115,636,262,374
104900116,249,151,98
104900118,20,41,-21
104900119,8,42,-34
104900120,32,190,-158
104900121,1,53,-52
104900122,3,27,-24
104900123,90,10,80
104900124,47,1,46
104900125,370,3,367
104900126,90,28,62
104900127,24,58,-34
104900128,113,152,-39
104900129,962,1872,-910
105000001,2525,1242,1283
105000002,1932,1159,773
105000003,2735,2731,4
105000004,540,711,-171
105000005,917,900,17
105000006,1130,1469,-339
105000007,1130,1471,-341
105000008,1300,2894,-1594
105000009,2371,2879,-508
105000010,2566,1582,984
105000011,3461,2508,953
105000012,3524,2235,1289
105000013,913,992,-79
105000014,2155,2236,-81
105000015,8354,13104,-4750
105000016,1964,1855,109
105000017,1224,725,499
105000018,1007,1304,-297
105000019,1323,810,513
105000020,150,471,-321
105000021,301,114,187
105000022,218,97,121
105000023,566,340,226
105000028,80,106,-26
105000029,617,1167,-550
105000030,3365,2100,1265
105000031,6,26,-20
105000033,976,1432,-456
105000034,146,963,-817
105000037,527,231,296
105000038,1362,1597,-235
105000039,1779,1217,562
105000040,974,1181,-207
105000041,503,943,-440
105000042,2644,1632,1012
105000043,1335,1670,-335
105000044,662,444,218
105000045,333,573,-240
105000046,1130,256,874
105000047,532,947,-415
105000048,609,218,391
105000049,215,419,-204
105000050,722,359,363
105000051,146,442,-296
105000052,899,806,93
105000053,139,119,20
105000054,722,791,-69
105000055,677,241,436
105000056,1553,1733,-180
105000057,1493,728,765
105000058,1124,1012,112
105000059,795,581,214
105000060,415,501,-86
105000061,675,512,163
105000062,537,597,-60
105000063,261,338,-77
105000064,1617,631,986
105000065,382,463,-81
105000066,900,1027,-127
105000067,1320,688,632
105000068,332,685,-353
105000069,1283,1853,-570
105000070,454,831,-377
105000071,230,818,-588
105000072,1051,2293,-1242
105000073,846,491,355
105000074,715,586,129
105000075,430,658,-228
105000076,862,829,33
105000077,1842,901,941
105000078,884,1036,-152
105000079,995,2635,-1640
105000080,1603,1256,347
105000081,2908,1258,1650
105000082,985,1668,-683
105000083,3875,3101,774
105000084,551,705,-154
105000085,1581,1988,-407
105000086,641,839,-198
105000087,1194,1453,-259
105000088,1324,1430,-106
105000089,2035,1760,275
105000090,937,740,197
105000091,994,1414,-420
105000092,623,772,-149
105000093,320,305,15
105000094,346,207,139
105000095,134,487,-353
105000096,1246,1051,195
105000097,814,751,63
105000098,927,552,375
105000099,636,639,-3
105000100,1312,812,500
105000101,1786,1495,291
105000102,1319,1171,148
105000103,1218,1781,-563
105000104,2023,829,1194
105000105,969,1598,-629
105000106,1294,1204,90
105000107,1420,752,668
105000108,1511,1049,462
105000109,1518,1234,284
105000110,736,489,247
105000111,932,667,265
105000112,1118,560,558
105000113,443,656,-213
105000114,2065,987,1078
105000115,329,1085,-756
105000116,820,453,367
105000117,867,724,143
105000118,534,388,146
105000119,564,669,-105
105000120,949,458,491
105000121,740,658,82
105000122,470,566,-96
105000123,860,911,-51
105000124,1847,736,1111
105000125,775,1429,-654
105000126,1855,1281,574
105000127,2165,1456,709
105000128,471,918,-447
105000129,735,317,418
105000130,293,2582,-2289
105000131,500,255,245
105000132,817,585,232
105000133,374,770,-396
105000134,798,462,336
105000135,490,539,-49
105000136,144,240,-96
105000137,645,220,425
105000138,173,265,-92
105000139,922,759,163
105000140,490,419,71
105000141,383,482,-99
105000142,212,389,-177
105000143,176,452,-276
105000144,290,686,-396
105000145,642,341,301
105000146,382,725,-343
105000147,725,371,354
105000148,997,609,388
105000149,2408,1779,629
105000150,1612,1292,320
105000151,453,400,53
105000152,191,310,-119
105000153,492,763,-271
105000154,508,416,92
105000155,322,806,-484
105000156,611,493,118
105000157,665,1141,-476
105000158,1560,710,850
105000159,277,641,-364
105000160,2040,649,1391
105000161,576,722,-146
105000162,499,1628,-1129
105000163,818,673,145
105000164,220,194,26
105000165,641,4561,-3920
105000166,3750,1166,2584
105000167,1119,1550,-431
105000168,471,482,-11
105000169,549,246,303
105000170,250,1051,-801
105000171,1051,176,875
105000172,178,104,74
105000173,240,168,72
105000174,60,86,-26
105000175,90,106,-16
105000176,455,131,324
105000177,359,186,173
105000178,196,374,-178
105000179,684,192,492
105000180,169,102,67
105000181,121,185,-64
105000182,77,63,14
105000183,1656,1724,-68
105000184,1090,948,142
105000185,1100,944,156
105000186,422,708,-286
105000187,876,200,676
105000188,249,138,111
105000189,149,429,-280
105000190,269,306,-37
105000191,410,366,44
105000192,279,55,224
105000193,102,126,-24
105000194,558,138,420
105000195,222,547,-325
105000196,117,273,-156
105000197,254,444,-190
105000198,528,267,261
105000199,288,702,-414
105000200,129,244,-115
105000201,92,29,63
105000203,33,169,-136
105000204,89,69,20
105000205,108,177,-69
105000207,400,150,250
105000208,171,543,-372
105000209,199,297,-98
105000211,328,18,310
105000212,1179,933,246
105000213,164,158,6
105000214,208,163,45
105000215,351,150,201
105000216,159,265,-106
105000217,146,216,-70
105000218,1430,937,493
105000221,135,148,-13
105000222,929,370,559
105000223,423,290,133
105000226,107,159,-52
105000227,70,150,-80
105000228,186,1696,-1510
105000229,127,430,-303
105000231,356,292,64
105000233,840,584,256
105000234,591,972,-381
105000235,362,521,-159
105000237,634,82,552
105000243,33,27,6
105000248,66,56,10
105000262,358,881,-523
105000269,178,151,27
105000270,405,53,352
105000271,0,142,-142
105000282,47,58,-11
105000287,345,70,275
105000288,1022,329,693
105000289,2246,1756,490
105000290,47,19,28
105000402,2609,3424,-815
105000426,401,469,-68
105000438,3395,1444,1951
105000440,37,42,-5
105000446,7434,4665,2769
105000447,4183,2198,1985
105000454,521,549,-28
105000455,265,139,126
105000474,54,0,54
105000477,433,453,-20
105000478,1802,3951,-2149
105000479,93,112,-19
105000480,7864,6129,1735
105000481,4315,3039,1276
105000482,3789,5947,-2158
105000483,1633,1910,-277
105000484,1895,2623,-728
105000485,1413,2735,-1322
105000486,3074,2156,918
105000488,7866,3897,3969
105000489,836,777,59
105000549,169,188,-19
105000550,415,1240,-825
105000551,20,88,-68
105000552,1961,1225,736
105000555,1068,995,73
105000556,63,22,41
105000557,54,198,-144
105900001,10,1507,-1497
105900002,748,786,-38
105900003,15,89,-74
105900004,197,115,82
105900005,63,250,-187
105900006,22,124,-102
105900007,81,42,39
105900008,58,430,-372
105900009,21,29,-8
105900011,146,41,105
105900012,527,108,419
105900013,2,19,-17
105900014,12,33,-21
105900015,147,279,-132
105900016,495,331,164
105900017,1549,34,1515
105900018,167,128,39
105900019,83,271,-188
105900020,43,54,-11
105900021,17,148,-131
105900022,233,149,84
105900023,8,71,-63
105900024,7,175,-168
105900025,199,43,156
105900026,192,17,175
105900027,6934,5465,1469
105900028,573,622,-49
105900029,1424,261,1163
105900030,153,171,-18
105900031,322,160,162
105900032,46,120,-74
105900033,89,137,-48
105900034,233,181,52
105900035,156,124,32
105900036,145,96,49
105900037,83,56,27
105900038,158,225,-67
105900039,209,88,121
105900040,70,82,-12
105900041,165,157,8
105900042,49,123,-74
105900043,1019,56,963
105900044,9,202,-193
105900045,6,689,-683
105900046,4,233,-229
105900047,11,38,-27
105900048,131,467,-336
105900050,3860,2876,984
105900051,49,936,-887
105900052,609,210,399
105900053,2290,2905,-615
105900054,338,126,212
105900056,582,494,88
105900057,67,104,-37
105900058,19,11,8
105900059,0,52,-52
106000001,3411,2285,1126
106000002,1434,4153,-2719
106000003,2670,3179,-509
106000004,1362,2340,-978
106000005,3175,4186,-1011
106000006,4638,2742,1896
106000007,510,540,-30
106000008,410,250,160
106000009,607,326,281
106000010,557,487,70
106000011,1100,1014,86
106000012,839,960,-121
106000013,1711,1684,27
106000014,1528,1231,297
106000015,1832,1082,750
106000016,1108,1433,-325
106000017,591,549,42
106000018,544,339,205
106000019,379,383,-4
106000020,330,265,65
106000021,309,351,-42
106000022,352,152,200
106000023,672,275,397
106000024,495,337,158
106000025,160,189,-29
106000026,77,157,-80
106000027,1607,1169,438
106000028,566,318,248
106000029,583,798,-215
106000030,384,378,6
106000034,197,439,-242
106000035,1048,1792,-744
106000036,170,361,-191
106000037,1651,1090,561
106000038,225,109,116
106000039,111,103,8
106000040,189,753,-564
106000041,635,475,160
106000043,555,206,349
106000046,294,82,212
106000047,61,358,-297
106000049,1033,190,843
106000050,295,472,-177
106000051,651,470,181
106000052,97,422,-325
106000053,348,100,248
106000054,284,321,-37
106000055,986,704,282
106000056,246,245,1
106000057,360,266,94
106000058,117,133,-16
106000059,341,205,136
106000060,342,425,-83
106000061,220,461,-241
106000062,122,390,-268
106000063,720,502,218
106000064,39,245,-206
106000065,290,255,35
106000066,119,301,-182
106000067,367,89,278
106000068,51,451,-400
106000069,223,59,164
106000070,436,578,-142
106000071,1068,251,817
106000072,1970,1348,622
106000073,1373,2937,-1564
106000074,646,569,77
106000075,279,1223,-944
106000076,1589,1653,-64
106000077,2612,1060,1552
106000078,977,721,256
106000079,707,705,2
106000080,1169,552,617
106000081,680,924,-244
106000082,1876,670,1206
106000083,461,1151,-690
106000084,1020,595,425
106000085,1242,1255,-13
106000086,618,788,-170
106000087,892,511,381
106000088,428,671,-243
106000089,927,292,635
106000090,292,531,-239
106000091,242,407,-165
106000092,530,243,287
106000093,313,132,181
106000094,98,199,-101
106000095,787,545,242
106000096,823,560,263
106000097,1061,667,394
106000098,679,767,-88
106000099,183,554,-371
106000100,1094,207,887
106000101,833,235,598
106000102,196,449,-253
106000103,297,366,-69
106000104,762,349,413
106000105,436,436,0
106000106,677,324,353
106000107,180,219,-39
106000108,305,294,11
106000109,233,193,40
106000110,260,268,-8
106000111,209,284,-75
106000112,195,543,-348
106000113,540,438,102
106000114,413,653,-240
106000115,179,298,-119
106000116,326,176,150
106000117,967,575,392
106000118,1109,1240,-131
106000119,1114,783,331
106000120,824,1112,-288
106000121,207,136,71
106000122,126,107,19
106000123,523,110,413
106000124,53,153,-100
106000125,29,196,-167
106000126,316,94,222
106000127,833,623,210
106000128,936,194,742
106000129,477,387,90
106000130,693,286,407
106000131,167,615,-448
106000132,582,182,400
106000133,1161,935,226
106000134,455,1601,-1146
106000135,215,476,-261
106000136,644,955,-311
106000137,70,489,-419
106000138,1090,86,1004
106000139,59,82,-23
106000140,52,30,22
106000141,114,20,94
106000142,99,59,40
106000143,44,70,-26
106000144,26,64,-38
106000145,257,188,69
106000146,389,143,246
106000147,313,402,-89
106000148,387,674,-287
106000149,582,290,292
106000150,557,1722,-1165
106000151,2907,734,2173
106000152,1110,1808,-698
106000153,129,1492,-1363
106000154,1123,184,939
106000155,139,221,-82
106000156,799,181,618
106000157,469,1123,-654
106000158,1605,733,872
106000159,2161,1570,591
106000160,408,2436,-2028
106000161,1110,295,815
106000162,320,963,-643
106000163,401,299,102
106000164,457,254,203
106000165,173,398,-225
106000166,717,237,480
106000167,342,760,-418
106000168,554,273,281
106000169,254,470,-216
106000170,726,249,477
106000171,202,930,-728
106000172,2398,1083,1315
106000173,977,1851,-874
106000174,1185,276,909
106000175,284,669,-385
106000176,1655,712,943
106000177,820,1766,-946
106000178,2673,1269,1404
106000179,875,1574,-699
106000180,717,886,-169
106000181,759,1134,-375
106000182,1353,569,784
106000183,1314,426,888
106000184,1350,440,910
106000185,1074,924,150
106000186,690,123,567
106000187,209,946,-737
106000188,2,5,-3
106000189,27,36,-9
106000190,20,3,17
106000191,603,186,417
106000192,0,29,-29
106000193,266,153,113
106000194,175,291,-116
106000195,288,125,163
106000196,91,355,-264
106000197,549,259,290
106000198,182,242,-60
106000199,692,649,43
106000200,169,215,-46
106000201,362,2488,-2126
106000202,2316,451,1865
106000203,36,125,-89
106000204,121,5,116
106000205,18,138,-120
106000206,87,15,72
106000207,30,468,-438
106000208,1383,129,1254
106000209,1457,399,1058
106000210,338,657,-319
106000211,292,857,-565
106000212,829,370,459
106000213,483,1445,-962
106000214,1831,590,1241
106000215,270,402,-132
106000216,333,293,40
106000217,219,258,-39
106000218,406,335,71
106000219,137,209,-72
106000220,452,175,277
106000221,312,183,129
106000222,60,90,-30
106000223,222,81,141
106000224,286,157,129
106000225,95,110,-15
106000226,108,213,-105
106000228,37,96,-59
106000229,114,459,-345
106000231,860,116,744
106000232,134,276,-142
106000233,572,169,403
106000234,71,214,-143
106000235,875,158,717
106000236,443,104,339
106000237,1,13,-12
106000238,27,29,-2
106000239,8,163,-155
106000240,48,2,46
106000241,7,572,-565
106000242,233,29,204
106000249,84,41,43
106000250,63,580,-517
106000251,100,29,71
106000252,28,68,-40
106000253,74,66,8
106000254,45,31,14
106000255,15,122,-107
106000256,58,29,29
106000257,135,138,-3
106000258,297,46,251
106000259,5,64,-59
106000260,75,5,70
106000261,6,52,-46
106000262,92,18,74
106000263,29,46,-17
106000264,179,10,169
106000265,5,121,-116
106000266,78,27,51
106000267,2,47,-45
106000268,331,86,245
106000269,55,31,24
106000270,97,339,-242
106000271,81,160,-79
106000272,196,44,152
106000273,13,178,-165
106000274,110,31,79
106000275,136,217,-81
106000276,142,38,104
106000277,121,228,-107
106000278,157,35,122
106000279,11,23,-12
106000280,117,55,62
106000281,63,57,6
106000282,47,74,-27
106000283,84,57,27
106000284,98,92,6
106000285,102,68,34
106000286,99,157,-58
106000287,111,53,58
106000288,93,145,-52
106000289,87,46,41
106000290,57,72,-15
106000291,107,87,20
106000292,70,73,-3
106000293,121,57,64
106000294,138,88,50
106000295,34,48,-14
106000296,39,75,-36
106000297,53,180,-127
106000298,105,89,16
106000299,64,106,-42
106000300,76,89,-13
106000301,54,111,-57
106000303,29,70,-41
106000304,23,25,-2
106000305,51,46,5
106000306,53,41,12
106000307,66,43,23
106000308,19,69,-50
106000309,18,54,-36
106000310,300,458,-158
106000311,329,151,178
106000312,114,133,-19
106000313,213,193,20
106000318,75,410,-335
106000319,932,200,732
106000320,2,49,-47
106000321,213,149,64
106000322,170,104,66
106000324,30,84,-54
106000325,1653,761,892
106000326,855,1128,-273
106000327,185,78,107
106000328,79,150,-71
106000329,209,241,-32
106000330,106,85,21
106000428,89,103,-14
106000429,159,353,-194
106000430,346,964,-618
106000431,2199,366,1833
106000432,1689,2115,-426
106000433,2259,1362,897
106000434,2841,1505,1336
106000435,1255,1957,-702
106000436,10,145,-135
106000437,225,37,188
106000438,298,157,141
106000439,60,277,-217
106000440,169,381,-212
106000441,1,0,1
106000442,222,6,216
106000443,154,192,-38
106000450,5,78,-73
106000451,26,44,-18
106000454,5,336,-331
106000455,3,154,-151
106000456,98,24,74
106000457,20,601,-581
106000458,870,110,760
106000459,165,283,-118
106000460,1420,23,1397
106000461,119,724,-605
106000462,0,26,-26
106000463,6,28,-22
106000464,4,293,-289
106000465,729,3,726
106000466,3,362,-359
106000467,307,412,-105
106000468,75,102,-27
106000469,155,1,154
106000470,271,1493,-1222
106000471,25,392,-367
106000472,117,23,94
106000473,42,17,25
106000474,224,362,-138
106000475,352,252,100
106000476,151,267,-116
106000477,52,88,-36
106000480,1,297,-296
106900001,0,8,-8
106900002,3,310,-307
106900003,177,827,-650
106900004,0,27,-27
106900006,0,4,-4
106900007,0,10,-10
106900008,381,106,275
106900009,338,207,131
106900010,251,209,42
106900012,992,1956,-964
106900013,499,182,317
106900014,36,5,31
106900015,10,1,9
106900016,340,12,328
106900017,9,0,9
106900018,4,0,4
106900019,42,2,40
106900020,1646,1493,153
106900021,140,76,64
106900022,912,8,904
106900023,70,166,-96
106900024,517,50,467
106900025,54,426,-372
106900026,1,417,-416
106900027,704,2,702
107000001,3383,3216,167
107000002,2110,3382,-1272
107000003,6204,5953,251
107000004,3650,3091,559
107000005,5147,5461,-314
107000006,4000,2979,1021
107000007,5492,8778,-3286
107000008,7601,5632,1969
107000009,7757,6977,780
107000010,7246,6089,1157
107000011,1053,1175,-122
107000012,3445,2568,877
107000013,109,104,5
107000014,71,173,-102
107000015,503,615,-112
107000016,847,660,187
107000017,1411,1839,-428
107000018,12,1288,-1276
107000020,1023,1750,-727
107000021,1186,300,886
107000022,833,1383,-550
107000023,2079,192,1887
107000024,693,1276,-583
107000025,188,326,-138
107000026,270,398,-128
107000027,1353,883,470
107000028,1398,1009,389
107000029,3572,2796,776
107000030,3031,2379,652
107000031,4449,2222,2227
107000032,460,815,-355
107000033,2441,3124,-683
107000034,2860,1182,1678
107000035,430,180,250
107000036,328,1068,-740
107000037,87,641,-554
107000038,235,230,5
107000039,778,765,13
107000040,204,291,-87
107000041,1181,576,605
107000042,698,1805,-1107
107000043,2141,1027,1114
107000044,469,330,139
107000045,80,326,-246
107000046,823,420,403
107000047,437,927,-490
107000048,670,279,391
107000049,673,662,11
107000050,1037,574,463
107000051,275,284,-9
107000052,1050,1030,20
107000053,289,247,42
107000054,92,272,-180
107000055,339,172,167
107000056,531,765,-234
107000057,1573,282,1291
107000058,2037,2185,-148
107000059,1629,2631,-1002
107000060,4471,4605,-134
107000061,4066,2656,1410
107000062,4693,2476,2217
107000063,3689,3684,5
107000064,4702,2259,2443
107000065,3117,3387,-270
107000066,1740,2570,-830
107000067,1268,1234,34
107000068,1243,767,476
107000069,944,538,406
107000070,1122,14,1108
107000071,3400,54,3346
107000072,56,1945,-1889
107000073,842,418,424
107000074,241,674,-433
107000075,1872,513,1359
107000076,604,1115,-511
107000077,3824,1262,2562
107000078,2310,2399,-89
107000079,2757,1107,1650
107000080,995,2206,-1211
107000081,2111,671,1440
107000082,512,1210,-698
107000083,1395,488,907
107000084,332,1241,-909
107000085,2639,2956,-317
107000086,3059,2923,136
107000087,2797,1960,837
107000088,2934,2989,-55
107000089,1526,1441,85
107000090,1058,925,133
107000091,1543,912,631
107000092,781,712,69
107000093,1189,803,386
107000094,952,946,6
107000095,842,759,83
107000096,527,628,-101
107000097,870,327,543
107000098,433,508,-75
107000099,371,277,94
107000100,201,285,-84
107000101,82,180,-98
107000102,174,285,-111
107000103,295,183,112
107000104,195,239,-44
107000105,399,140,259
107000106,293,259,34
107000107,716,158,558
107000108,154,435,-281
107000109,635,128,507
107000110,53,343,-290
107000111,359,46,313
107000112,46,240,-194
107000113,735,150,585
107000114,112,383,-271
107000115,632,167,465
107000116,124,564,-440
107000117,126,766,-640
107000118,163,164,-1
107000119,1221,1440,-219
107000120,937,545,392
107000121,1007,636,371
107000122,1203,739,464
107000123,521,513,8
107000124,620,645,-25
107000125,942,496,446
107000126,1085,583,502
107000129,229,525,-296
107000130,613,248,365
107000131,365,447,-82
107000132,639,365,274
107000133,530,108,422
107000134,243,5,238
107000135,3,255,-252
107000136,719,17,702
107000137,15,422,-407
107000138,253,36,217
107000139,26,512,-486
107000140,1250,110,1140
107000141,131,685,-554
107000142,468,82,386
107000143,70,585,-515
107000144,538,491,47
107000145,146,409,-263
107000146,166,215,-49
107000147,3724,1076,2648
107000150,570,2643,-2073
107000151,26,83,-57
107000152,369,1404,-1035
107000153,136,268,-132
107000154,219,278,-59
107000155,1018,27,991
107000156,1243,25,1218
107000157,62,1116,-1054
107000158,795,26,769
107000159,42,790,-748
107000160,1297,147,1150
107000161,75,914,-839
107000162,373,553,-180
107000163,255,2,253
107000164,983,5,978
107000165,1242,13,1229
107000166,35,777,-742
107000167,702,222,480
107000168,1119,542,577
107000169,690,675,15
107000170,2252,864,1388
107000171,672,1249,-577
107000172,1314,1501,-187
107000173,582,707,-125
107000174,1178,4761,-3583
107000175,4911,1176,3735
107000176,1,0,1
107000177,4,2,2
107000178,27,27,0
107000179,340,1457,-1117
107000180,1467,250,1217
107000181,453,849,-396
107000182,2212,745,1467
107000183,172,606,-434
107000184,1097,564,533
107000185,416,1039,-623
107000186,1189,302,887
107000187,1268,1171,97
107000188,625,537,88
107000189,559,953,-394
107000190,585,590,-5
107000191,911,1042,-131
107000192,1606,630,976
107000193,401,376,25
107000194,871,584,287
107000197,937,246,691
107000198,317,609,-292
107000199,723,587,136
107000200,514,547,-33
107000201,512,294,218
107000202,381,430,-49
107000203,904,1000,-96
107000204,1029,1297,-268
107000205,1596,966,630
107000206,687,1385,-698
107000207,621,1055,-434
107000208,932,590,342
107000209,1589,1259,330
107000210,522,276,246
107000211,6,49,-43
107000212,10,326,-316
107000213,3,20,-17
107000214,23,139,-116
107000215,455,374,81
107000216,495,260,235
107000217,161,314,-153
107000219,91,170,-79
107000220,171,190,-19
107000222,255,441,-186
107000224,492,101,391
107000225,164,241,-77
107000226,546,194,352
107000227,105,178,-73
107000228,120,321,-201
107000229,100,125,-25
107000230,1023,582,441
107000231,1136,1654,-518
107000232,142,22,120
107000233,977,885,92
107000234,3,66,-63
107000235,75,9,66
107000236,23,400,-377
107000237,41,0,41
107000238,58,1,57
107000239,1955,461,1494
107000240,110,606,-496
107000243,0,35,-35
107000244,3,53,-50
107000246,1,891,-890
107000249,2,1236,-1234
107000251,10,323,-313
107000252,3,656,-653
107000255,280,149,131
107000257,3,271,-268
107000258,2,78,-76
107000259,14,105,-91
107000260,786,4,782
107000262,34,346,-312
107000263,310,5,305
107000266,16,6,10
107000267,51,93,-42
107000268,91,114,-23
107000269,638,78,560
107000270,12,17,-5
107000271,23,451,-428
107000272,13,89,-76
107000273,5,180,-175
107000274,1362,287,1075
107000275,141,897,-756
107000280,961,31,930
107000281,27,519,-492
107000282,59,579,-520
107000290,7,24,-17
107000291,20,16,4
107000292,1,105,-104
107000293,59,5,54
107000294,0,40,-40
107000295,45,4,41
107000296,1,17,-16
107000444,265,9,256
107000496,3,7,-4
107000497,1196,1622,-426
107000500,346,250,96
107000501,129,161,-32
107000502,178,301,-123
107000505,261,652,-391
107000506,0,28,-28
107000508,8,386,-378
107000509,222,655,-433
107000510,17,41,-24
107000514,91,397,-306
107000515,18,145,-127
107000516,491,238,253
107000518,1132,1565,-433
107000519,1096,717,379
107000520,92,30,62
107000521,653,309,344
107000522,966,452,514
107900001,88,94,-6
107900002,63,17,46
107900003,620,18,602
107900004,14,0,14
107900005,1464,5,1459
107900006,185,4,181
107900007,368,38,330
107900008,178,18,160
107900009,162,16,146
107900010,49,1,48
107900012,239,41,198
107900013,212,32,180
107900014,54,1,53
107900015,1004,14,990
107900016,345,89,256
107900017,20,0,20
107900018,50,149,-99
107900019,40,22,18
107900020,40,23,17
107900021,105,104,1
107900023,1,1,0
107900024,0,29,-29
107900025,217,211,6
107900026,65,29,36
107900027,42,25,17
107900028,123,57,66
107900030,206,36,170
107900031,64,76,-12
107900032,21,7,14
107900033,34,4,30
107900034,349,21,328
107900035,969,69,900
107900036,68,39,29
107900037,0,26,-26
107900038,116,261,-145
107900039,47,38,9
107900040,15,113,-98
107900041,1,0,1
107900043,41,71,-30
107900044,15,11,4
107900045,108,48,60
107900046,192,179,13
107900047,65,62,3
107900048,200,13,187
107900049,285,893,-608
107900050,85,271,-186
107900051,88,54,34
107900052,27,25,2
107900053,72,68,4
107900055,472,238,234
107900056,104,75,29
107900057,10,0,10
107900058,22,446,-424
107900060,14,44,-30
107900061,8,7,1
107900063,75,119,-44
107900064,256,185,71
107900065,285,13,272
107900066,20,8,12
107900067,1,0,1
107900068,93,508,-415
107900069,23,2281,-2258
107900070,160,62,98
107900071,17,436,-419
107900072,136,113,23
107900073,136,75,61
107900074,509,318,191
107900076,138,37,101
107900077,88,0,88
107900079,9,21,-12
107900080,220,499,-279
107900081,61,75,-14
107900082,14,11,3
107900083,265,138,127
107900084,127,105,22
107900086,79,188,-109
107900087,422,142,280
107900088,57,7,50
107900089,208,831,-623
107900090,572,2142,-1570
107900091,159,297,-138
107900093,105,75,30
107900095,2440,1966,474
107900097,14,52,-38
107900098,42,130,-88
107900100,758,1434,-676
107900101,693,169,524
107900102,49,7,42
107900103,35,124,-89
107900104,196,8,188
107900105,3,269,-266
107900106,2,702,-700
107900107,998,422,576
107900108,169,111,58
107900109,1459,24,1435
107900110,62,74,-12
107900111,8,528,-520
107900112,103,386,-283
107900113,307,84,223
107900114,264,140,124
107900115,1,33,-32
107900116,170,133,37
107900117,225,234,-9
107900118,75,119,-44
107900119,85,278,-193
107900120,42,30,12
107900121,1,161,-160
107900122,0,97,-97
107900123,3,43,-40
107900124,17,25,-8
107900125,30,175,-145
107900126,15,109,-94
107900127,506,319,187
107900128,80,83,-3
107900129,86,42,44
107900130,84,16,68
107900131,431,306,125
107900132,88,269,-181
107900133,1,57,-56
107900134,30,93,-63
107900135,6,128,-122
107900136,36,30,6
107900137,82,133,-51
107900138,75,38,37
107900139,37,37,0
107900141,51,22,29
107900142,64,578,-514
107900143,97,25,72
107900144,1,112,-111
107900145,33,75,-42
107900146,42,97,-55
107900147,70,40,30
107900148,144,73,71
107900149,686,164,522
107900150,70,453,-383
107900151,53,77,-24
107900152,19,111,-92
107900153,136,258,-122
107900154,73,19,54
107900155,101,71,30
107900156,2,194,-192
107900157,47,49,-2
107900158,782,26,756
107900159,34,534,-500
107900160,111,119,-8
107900161,19,127,-108
107900162,0,51,-51
107900163,11,40,-29
107900164,22,68,-46
107900165,51,157,-106
107900166,15,124,-109
107900167,12,26,-14
107900168,73,67,6
107900169,0,169,-169
107900171,43,798,-755
107900172,1,259,-258
107900173,19,94,-75
107900174,122,3,119
107900175,21,71,-50
107900176,34,42,-8
107900177,4,98,-94
107900178,0,131,-131
107900179,20,106,-86
107900180,462,826,-364
107900181,509,214,295
107900182,2,695,-693
107900183,65,147,-82
107900184,183,256,-73
107900185,139,2,137
107900186,85,31,54
107900187,0,109,-109
107900188,492,119,373
107900189,27,97,-70
107900190,54,130,-76
107900191,77,67,10
107900193,4,64,-60
107900194,175,5,170
107900195,1496,314,1182
107900196,81,87,-6
107900197,459,404,55
107900199,1,673,-672
107900201,76,66,10
107900203,36,61,-25
107900204,183,144,39
107900206,732,294,438
107900207,4,370,-366
107900208,4,362,-358
107900209,357,99,258
107900210,63,80,-17
107900213,486,335,151
107900214,51,69,-18
107900215,108,266,-158
107900216,123,54,69
107900217,38,100,-62
107900218,18,1136,-1118
107900219,53,58,-5
107900220,124,226,-102
107900221,110,227,-117
107900223,103,390,-287
107900224,108,317,-209
107900225,14,432,-418
107900226,113,83,30
107900227,113,259,-146
107900228,20,72,-52
107900229,0,187,-187
107900230,36,62,-26
107900231,31,197,-166
107900232,97,125,-28
107900233,5,88,-83
107900234,132,101,31
107900235,19,59,-40
107900236,161,102,59
107900237,49,286,-237
107900238,39,76,-37
107900239,536,381,155
107900240,64,82,-18
107900241,7,73,-66
107900242,40,131,-91
107900243,0,37,-37
107900244,337,6,331
107900245,738,30,708
107900246,290,13,277
107900248,266,227,39
107900249,911,42,869
107900250,1,308,-307
107900251,84,865,-781
107900252,972,30,942
107900253,188,5,183
107900254,44,214,-170
107900255,242,89,153
107900256,763,1231,-468
107900257,202,121,81
107900258,122,166,-44
107900259,77,2201,-2124
107900261,10,229,-219
107900262,49,113,-64
107900264,353,10,343
107900265,113,153,-40
107900267,298,7,291
107900268,29,3,26
107900269,0,10,-10
107900270,0,0,0
107900271,5,31,-26
107900272,93,46,47
107900273,49,94,-45
107900274,121,0,121
107900275,13,1,12
107900276,3,87,-84
107900277,0,152,-152
107900278,252,340,-88
107900279,70,158,-88
107900280,1971,1567,404
107900281,892,2852,-1960
107900282,23,426,-403
107900283,627,590,37
107900284,537,507,30
107900285,168,47,121
107900286,147,86,61
107900287,233,173,60
107900290,0,181,-181
107900291,443,34,409
107900292,176,139,37
107900293,80,264,-184
107900295,68,45,23
107900297,5,271,-266
107900298,536,612,-76
107900299,1878,2230,-352
107900301,757,728,29
107900302,144,40,104
107900303,200,263,-63
107900304,344,265,79
107900305,265,11,254
107900306,10,22,-12
107900307,40,202,-162
107900308,197,137,60
107900309,102,1,101
107900310,436,7,429
107900311,3,291,-288
107900312,64,3,61
107900313,0,107,-107
107900314,2,31,-29
107900315,2,31,-29
107900316,54,4,50
107900317,47,12,35
107900318,4,87,-83
107900319,0,108,-108
107900320,0,78,-78
107900321,162,3,159
107900322,1,64,-63
107900323,3,93,-90
107900324,103,3,100
107900325,118,2,116
107900326,354,156,198
107900327,2,69,-67
107900328,71,1,70
107900329,111,66,45
107900330,4,159,-155
107900331,309,24,285
107900332,338,26,312
107900333,75,15,60
107900334,11,134,-123
107900335,81,39,42
107900336,30,43,-13
107900337,758,878,-120
107900338,4,118,-114
107900339,2,18,-16
107900340,0,40,-40
107900341,68,2,66
107900342,112,119,-7
107900343,44,3,41
107900344,9,40,-31
107900345,133,60,73
107900346,11,1,10
107900347,22,4,18
107900348,3,6,-3
107900349,8,10,-2
107900350,35,136,-101
107900351,8,133,-125
107900352,5,24,-19
107900353,11,3,8
107900354,3,37,-34
108000001,2853,3294,-441
108000002,1672,1912,-240
108000003,3047,3055,-8
108000004,9563,10867,-1304
108000005,7618,5920,1698
108000006,6727,5714,1013
108000007,4901,3783,1118
108000008,3454,4453,-999
108000009,3391,4146,-755
108000010,2360,3171,-811
108000011,11283,11116,167
108000012,12264,11603,661
108000014,765,918,-153
108000015,944,255,689
108000016,287,911,-624
108000017,1134,359,775
108000018,2081,704,1377
108000019,1991,887,1104
108000020,1321,545,776
108000021,319,1417,-1098
108000022,452,1152,-700
108000023,1188,229,959
108000024,296,471,-175
108000025,354,287,67
108000026,965,426,539
108000027,790,581,209
108000028,771,280,491
108000029,735,727,8
108000030,502,238,264
108000031,196,516,-320
108000032,1821,683,1138
108000033,782,820,-38
108000034,1575,481,1094
108000035,672,1570,-898
108000036,388,872,-484
108000037,1755,553,1202
108000038,2552,548,2004
108000039,418,1442,-1024
108000040,1751,857,894
108000041,794,1679,-885
108000042,379,232,147
108000043,250,253,-3
108000044,598,167,431
108000045,358,359,-1
108000046,1543,290,1253
108000047,401,767,-366
108000048,214,254,-40
108000049,1056,243,813
108000050,128,513,-385
108000051,367,132,235
108000052,204,523,-319
108000053,374,218,156
108000054,416,819,-403
108000055,947,539,408
108000056,1054,1020,34
108000057,615,1175,-560
108000058,1835,3204,-1369
108000059,2652,1737,915
108000060,251,586,-335
108000061,387,450,-63
108000062,813,472,341
108000063,465,364,101
108000064,294,238,56
108000065,551,375,176
108000066,1472,699,773
108000067,1641,633,1008
108000068,813,363,450
108000069,260,759,-499
108000070,2059,728,1331
108000071,769,1095,-326
108000072,1700,887,813
108000073,1143,1203,-60
108000074,715,367,348
108000075,327,519,-192
108000076,860,518,342
108000077,577,461,116
108000078,2585,1272,1313
108000079,823,1137,-314
108000080,1490,499,991
108000081,582,1070,-488
108000082,874,1285,-411
108000083,1960,919,1041
108000084,375,793,-418
108000085,862,507,355
108000086,731,586,145
108000087,185,2185,-2000
108000088,798,178,620
108000089,278,290,-12
108000091,182,355,-173
108000092,148,99,49
108000093,188,362,-174
108000094,625,118,507
108000095,159,253,-94
108000096,309,212,97
108000097,146,279,-133
108000098,1896,1196,700
108000099,899,296,603
108000100,166,501,-335
108000101,1288,1413,-125
108000102,1644,3479,-1835
108000106,725,2,723
108000107,2,781,-779
108000108,766,56,710
108000109,7,984,-977
108000110,239,252,-13
108000111,145,406,-261
108000112,54,129,-75
108000113,378,168,210
108000115,267,268,-1
108000117,448,303,145
108000118,556,1686,-1130
108000119,470,320,150
108000120,168,688,-520
108000121,220,375,-155
108000122,620,317,303
108000123,1235,176,1059
108000124,535,464,71
108000125,547,234,313
108000126,172,298,-126
108000127,507,295,212
108000128,608,337,271
108000129,326,748,-422
108000130,593,218,375
108000131,1077,511,566
108000132,1864,926,938
108000133,971,478,493
108000134,511,400,111
108000135,1216,506,710
108000136,274,682,-408
108000137,487,277,210
108000138,391,780,-389
108000139,490,257,233
108000140,137,33,104
108000141,45,42,3
108000142,44,60,-16
108000143,24,304,-280
108000144,542,65,477
108000145,46,6,40
108000146,805,79,726
108000147,30,7,23
108000148,698,87,611
108000149,9,8,1
108000150,24,16,8
108000151,138,68,70
108000152,121,378,-257
108000153,634,153,481
108000154,42,7,35
108000155,35,30,5
108000156,798,344,454
108000157,199,1081,-882
108000158,104,729,-625
108000159,401,191,210
108000160,2069,1051,1018
108000161,1862,2185,-323
108000165,8,161,-153
108000172,16,251,-235
108000173,1174,1800,-626
108000175,642,99,543
108000178,354,231,123
108000179,151,847,-696
108000181,63,29,34
108000182,230,77,153
108000183,25,355,-330
108000184,738,2219,-1481
108000185,236,297,-61
108000186,498,345,153
108000187,142,435,-293
108000188,676,244,432
108000189,1520,8685,-7165
108000190,33,122,-89
108000192,189,436,-247
108000193,624,36,588
108000194,92,40,52
108000195,0,723,-723
108000196,414,184,230
108000198,782,299,483
108000199,1,307,-306
108000200,538,316,222
108000203,154,452,-298
108000204,150,80,70
108000205,220,294,-74
108000339,1005,320,685
108000364,248,533,-285
108000365,61,307,-246
108000367,187,223,-36
108000368,16,56,-40
108000369,712,273,439
108000371,21,721,-700
108000372,700,5,695
108000373,237,130,107
108000376,109,47,62
108000377,537,194,343
108000378,8078,9377,-1299
108000379,39,268,-229
108000381,57,15,42
108000382,183,3,180
108000383,1,227,-226
108900001,101,723,-622
108900002,154,57,97
108900003,254,550,-296
108900004,829,464,365
108900007,310,197,113
108900008,170,157,13
108900009,81,111,-30
108900010,344,162,182
108900011,684,421,263
108900012,396,417,-21
108900013,184,229,-45
108900014,13,99,-86
108900015,0,201,-201
108900016,0,216,-216
108900017,244,457,-213
108900018,197,273,-76
108900019,44,397,-353
108900020,69,161,-92
108900021,155,239,-84
108900022,223,11,212
108900023,27,30,-3
108900024,34,66,-32
108900025,111,93,18
108900026,27,138,-111
108900027,1,72,-71
108900028,137,210,-73
108900029,54,181,-127
108900030,0,116,-116
108900031,151,248,-97
108900032,24,149,-125
108900033,0,79,-79
108900034,2,153,-151
108900035,304,873,-569
108900038,1,216,-215
108900039,0,341,-341
108900040,5,86,-81
108900041,3962,3200,762
108900042,6,420,-414
108900043,114,401,-287
108900044,2,316,-314
108900045,63,331,-268
108900046,42,494,-452
108900047,0,95,-95
108900048,132,662,-530
108900049,1815,1506,309
108900050,4,137,-133
108900051,0,115,-115
108900052,49,114,-65
108900053,85,184,-99
108900054,66,166,-100
108900055,80,277,-197
108900056,0,120,-120
108900057,0,87,-87
108900058,62,195,-133
108900059,567,46,521
108900060,93,132,-39
108900061,113,33,80
108900062,1,203,-202
108900063,27,193,-166
108900064,239,34,205
108900065,15,156,-141
108900066,420,161,259
108900067,10,131,-121
108900068,4,88,-84
108900069,90,55,35
108900070,32,78,-46
108900071,104,94,10
108900072,1646,509,1137
108900073,22,232,-210
108900074,270,190,80
108900075,50,32,18
108900076,376,79,297
108900077,126,412,-286
108900078,33,102,-69
108900079,717,153,564
108900080,21,642,-621
108900081,34,161,-127
108900082,103,79,24
108900083,22,236,-214
108900085,1491,187,1304
108900086,144,181,-37
108900087,67,145,-78
108900088,924,435,489
108900089,26,121,-95
108900090,75,213,-138
108900091,136,50,86
108900092,498,303,195
108900093,106,78,28
108900094,199,99,100
108900095,53,213,-160
108900096,237,9,228
108900097,255,174,81
108900098,1440,735,705
108900099,464,155,309
108900100,77,116,-39
108900101,222,239,-17
108900102,75,905,-830
108900103,103,151,-48
108900105,4,1268,-1264
108900106,555,251,304
108900108,329,52,277
108900109,429,85,344
108900110,201,246,-45
108900111,483,384,99
108900113,36,69,-33
108900114,64,12,52
108900115,81,80,1
108900116,91,14,77
108900117,243,32,211
108900118,603,26,577
108900119,280,20,260
108900120,394,198,196
108900121,281,111,170
108900122,167,30,137
108900123,130,102,28
108900124,526,202,324
108900125,426,4,422
108900126,108,48,60
108900127,221,38,183
108900128,142,32,110
108900129,898,142,756
108900130,354,5,349
108900131,491,11,480
108900132,536,55,481
108900133,276,62,214
108900134,418,314,104
108900135,178,26,152
108900136,74,1,73
108900137,189,2,187
108900138,870,81,789
108900140,365,240,125
108900141,373,7,366
108900142,87,4,83
108900143,74,2,72
108900144,153,8,145
108900145,257,24,233
108900146,69,1,68
108900147,234,2,232
108900148,60,29,31
108900150,248,12,236
108900151,98,11,87
108900152,331,14,317
108900153,268,339,-71
108900154,4886,488,4398
108900156,124,7,117
108900157,22,326,-304
108900158,447,31,416
108900159,3,143,-140
108900160,11,203,-192
108900161,6,291,-285
108900162,153,1,152
108900163,7,295,-288
108900164,33,88,-55
108900168,5259,2304,2955
108900169,70,86,-16
108900171,3502,2753,749
108900172,195,37,158
108900173,156,278,-122
108900174,897,647,250
108900176,126,359,-233
108900177,3160,4883,-1723
108900178,2625,3491,-866
108900180,95,253,-158
108900183,164,199,-35
108900184,463,209,254
108900185,133,242,-109
108900186,54,270,-216
108900189,305,139,166
108900190,28,1781,-1753
108900192,90,166,-76
108900195,169,192,-23
108900196,58,235,-177
108900199,290,310,-20
108900200,597,379,218
108900201,529,1190,-661
108900203,443,129,314
108900204,299,21,278
108900205,158,38,120
108900206,485,58,427
108900207,212,98,114
108900208,25,268,-243
108900209,230,393,-163
108900210,200,212,-12
108900211,166,497,-331
108900212,503,1306,-803
108900215,78,283,-205
108900216,362,349,13
108900217,96,2,94
108900218,88,20,68
108900221,66,264,-198
108900224,52,181,-129
108900225,2,184,-182
108900227,115,284,-169
108900230,201,173,28
108900232,5,216,-211
108900233,280,72,208
108900234,293,120,173
108900235,193,402,-209
108900236,51,180,-129
108900240,104,111,-7
108900241,32,33,-1
108900245,20,1364,-1344
108900250,263,92,171
108900258,19,146,-127
108900259,201,60,141
108900260,1,74,-73
108900261,75,86,-11
108900262,93,133,-40
108900263,34,165,-131
108900264,452,283,169
108900265,736,474,262
108900266,562,819,-257
108900267,10,122,-112
108900268,19,12,7
108900269,111,24,87
108900270,89,9,80
108900271,44,16,28
108900272,271,34,237
108900273,682,854,-172
108900274,69,58,11
109000001,2199,1671,528
109000002,1076,1760,-684
109000003,2213,376,1837
109000004,463,1693,-1230
109000005,2021,489,1532
109000006,685,1611,-926
109000007,1547,481,1066
109000008,508,1347,-839
109000009,3803,1113,2690
109000010,1167,2702,-1535
109000011,3344,1637,1707
109000012,1483,2174,-691
109000013,3463,2776,687
109000014,1615,1887,-272
109000015,3393,7287,-3894
109000016,4402,2544,1858
109000017,2440,1116,1324
109000018,940,2033,-1093
109000019,2432,1186,1246
109000020,970,1464,-494
109000023,320,23,297
109000024,5,151,-146
109000025,295,472,-177
109000026,504,244,260
109000027,71,288,-217
109000028,122,62,60
109000029,97,223,-126
109000030,68,399,-331
109000031,266,152,114
109000032,118,358,-240
109000033,306,123,183
109000034,71,86,-15
109000035,23,39,-16
109000036,117,234,-117
109000037,247,1433,-1186
109000038,383,234,149
109000039,937,553,384
109000040,3026,9021,-5995
109000041,1813,1780,33
109000042,511,1085,-574
109000044,467,71,396
109000045,98,276,-178
109000046,412,87,325
109000047,47,372,-325
109000048,769,196,573
109000049,254,502,-248
109000050,378,272,106
109000051,279,222,57
109000052,484,698,-214
109000053,216,98,118
109000054,216,326,-110
109000055,277,213,64
109000056,382,291,91
109000057,685,440,245
109000058,645,200,445
109000059,612,1380,-768
109000060,330,325,5
109000061,727,816,-89
109000062,115,298,-183
109000063,199,151,48
109000064,258,113,145
109000065,117,183,-66
109000066,368,69,299
109000067,61,232,-171
109000068,1613,23,1590
109000069,824,21,803
109000070,11,1718,-1707
109000071,303,71,232
109000072,117,270,-153
109000073,61,98,-37
109000074,24,122,-98
109000075,59,250,-191
109000076,124,248,-124
109000077,346,224,122
109000078,126,170,-44
109000079,154,141,13
109000080,230,106,124
109000081,181,345,-164
109000082,775,186,589
109000083,278,485,-207
109000088,103,379,-276
109000089,243,70,173
109000090,146,290,-144
109000091,285,195,90
109000092,346,389,-43
109000093,215,145,70
109000094,612,1,611
109000095,105,311,-206
109000096,690,250,440
109000097,89,108,-19
109000098,72,140,-68
109000099,782,288,494
109000100,279,583,-304
109000101,1513,514,999
109000102,484,682,-198
109000103,497,533,-36
109000104,1733,412,1321
109000105,411,828,-417
109000106,1706,671,1035
109000107,585,1318,-733
109000108,1609,468,1141
109000109,452,1118,-666
109000110,1150,406,744
109000111,751,1374,-623
109000112,472,99,373
109000113,461,117,344
109000114,171,252,-81
109000115,1021,87,934
109000116,22,229,-207
109000117,305,82,223
109000118,32,232,-200
109000119,1379,220,1159
109000120,260,582,-322
109000121,626,33,593
109000122,148,436,-288
109000123,49,52,-3
109000124,582,404,178
109000125,796,279,517
109000126,403,613,-210
109000127,981,145,836
109000128,535,1006,-471
109000129,2341,643,1698
109000130,491,1171,-680
109000131,857,566,291
109000132,692,1252,-560
109000133,280,711,-431
109000134,765,1082,-317
109000135,1117,1443,-326
109000136,251,286,-35
109000137,303,300,3
109000138,436,241,195
109000139,431,381,50
109000140,195,254,-59
109000141,469,359,110
109000142,163,402,-239
109000143,103,69,34
109000145,103,294,-191
109000146,62,74,-12
109000148,2260,1323,937
109000149,13,67,-54
109000150,127,257,-130
109000155,877,531,346
109000156,876,526,350
109000158,102,248,-146
109000159,83,349,-266
109000160,1007,156,851
109000161,338,753,-415
109000162,1899,606,1293
109000163,1184,1295,-111
109000164,1307,1961,-654
109000165,1254,429,825
109000166,739,94,645
109000167,134,321,-187
109000170,47,50,-3
109000171,88,45,43
109000172,26,62,-36
109000173,34,96,-62
109000174,121,49,72
109000175,45,79,-34
109000176,313,195,118
109000177,23,90,-67
109000178,872,307,565
109000179,3334,4852,-1518
109000180,3392,2926,466
109000181,17,17,0
109000182,49,26,23
109000183,33,13,20
109000184,53,19,34
109000185,26,32,-6
109000188,442,1321,-879
109000189,2484,1060,1424
109000190,555,382,173
109000191,381,351,30
109000192,424,201,223
109000193,283,240,43
109000194,273,107,166
109000195,203,283,-80
109000196,301,113,188
109000197,248,284,-36
109000198,438,78,360
109000199,149,356,-207
109000206,232,44,188
109000207,115,22,93
109000208,100,84,16
109000209,136,115,21
109000210,199,445,-246
109000211,666,366,300
109000214,390,254,136
109000215,129,60,69
109000216,239,274,-35
109000217,403,111,292
109000218,271,188,83
109000221,466,754,-288
109000222,793,223,570
109000223,396,315,81
109000224,43,100,-57
109000225,85,39,46
109000226,63,152,-89
109000227,1067,731,336
109000228,4,1575,-1571
109000231,4,210,-206
109000232,377,227,150
109000236,223,703,-480
109000241,2008,1701,307
109000242,1842,1108,734
109000293,52,60,-8
109000361,250,223,27
109000364,401,421,-20
109000396,4,318,-314
109000397,519,6,513
109000399,189,319,-130
109000400,99,237,-138
109000403,101,836,-735
109000406,420,33,387
109000407,229,164,65
109000408,0,385,-385
109000410,944,215,729
109000411,257,23,234
109900001,140,1,139
109900002,734,16,718
109900003,259,1,258
109900004,627,107,520
109900005,22,7,15
109900006,430,120,310
109900007,876,307,569
109900008,0,30,-30
109900009,129,332,-203
109900010,484,19,465
109900011,50,23,27
109900012,338,222,116
109900013,402,203,199
109900014,323,48,275
109900015,360,140,220
109900016,111,19,92
109900017,228,155,73
109900018,164,32,132
109900019,265,29,236
109900020,43,54,-11
109900021,45,24,21
109900022,178,168,10
109900023,11,8,3
109900024,23,11,12
109900025,27,49,-22
109900026,1,143,-142
109900027,32,49,-17
109900028,824,1169,-345
109900029,8,127,-119
109900030,32,12,20
109900031,0,145,-145
109900032,4,217,-213
109900033,2,419,-417
109900034,42,2,40
109900035,9,29,-20
109900036,49,44,5
109900037,43,273,-230
109900038,68,225,-157
109900039,13,0,13
109900040,27,346,-319
109900041,34,263,-229
109900042,46,346,-300
109900044,102,165,-63
109900045,229,142,87
109900046,157,113,44
109900047,287,250,37
109900048,6,67,-61
109900049,14,37,-23
109900050,0,118,-118
109900051,2,45,-43
109900052,73,244,-171
109900053,2,226,-224
109900054,618,157,461
109900055,70,235,-165
109900056,40,199,-159
109900057,3,125,-122
109900058,0,66,-66
109900059,756,101,655
109900060,586,111,475
109900061,47,193,-146
109900062,1,94,-93
109900063,9,342,-333
109900064,486,157,329
109900065,48,112,-64
109900066,290,543,-253
109900067,1,109,-108
109900068,51,2,49
109900069,6,30,-24
109900070,37,227,-190
109900071,6,27,-21
109900072,20,121,-101
109900073,386,359,27
109900074,14,29,-15
109900075,25,18,7
109900076,24,226,-202
109900077,67,53,14
109900078,78,180,-102
109900080,120,189,-69
109900081,23,240,-217
109900082,62,249,-187
109900083,20,77,-57
109900084,53,123,-70
109900085,183,465,-282
109900086,124,376,-252
109900087,240,349,-109
109900089,676,231,445
109900090,416,788,-372
109900091,414,87,327
109900092,450,22,428
109900093,908,129,779
109900094,61,82,-21
109900095,252,152,100
109900096,26,8,18
109900097,162,3,159
109900098,461,31,430
109900099,225,1,224
109900100,52,1,51
109900101,577,10,567
109900102,434,18,416
109900103,13,48,-35
109900104,581,451,130
109900105,519,14,505
109900106,367,62,305
109900107,572,77,495
109900108,114,207,-93
109900109,32,116,-84
109900110,81,235,-154
109900111,268,500,-232
109900112,283,366,-83
109900113,814,441,373
109900114,656,682,-26
109900115,139,59,80
109900117,977,119,858
109900118,202,294,-92
109900119,458,256,202
109900120,107,47,60
109900121,269,348,-79
109900122,491,8,483
109900123,20,106,-86
109900124,49,326,-277
109900125,0,133,-133
109900126,314,82,232
109900128,295,29,266
109900130,4141,2360,1781
109900131,40,137,-97
109900132,25,97,-72
109900133,91,189,-98
109900134,70,67,3
109900135,206,58,148
109900136,85,126,-41
109900137,188,236,-48
109900140,168,141,27
109900142,1360,228,1132
109900145,5,464,-459
109900146,305,42,263
109900148,53,97,-44
109900149,38,59,-21
109900150,7,66,-59
109900151,15,60,-45
109900152,1,46,-45
109900153,0,66,-66
109900154,62,0,62
109900155,75,36,39
109900157,69,207,-138
109900158,33,101,-68
109900159,85,34,51
109900160,175,46,129
109900161,228,62,166
109900162,189,64,125
109900163,560,212,348
109900164,63,266,-203
109900165,237,2,235
109900166,1,115,-114
109900167,180,383,-203
109900168,209,491,-282
109900169,222,154,68
109900170,210,982,-772
109900171,169,58,111
109900172,321,242,79
109900173,2063,2208,-145
109900174,61,86,-25
109900175,83,68,15
109900176,108,116,-8
109900177,44,170,-126
109900178,7,131,-124
109900179,57,30,27
109900180,6,9,-3
110000001,819,439,380
110000002,541,597,-56
110000003,704,649,55
110000004,488,647,-159
110000005,436,1698,-1262
110000006,229,281,-52
110000007,123,90,33
110000008,17,47,-30
110000009,29,21,8
110000010,30,43,-13
110000011,47,49,-2
110000012,563,302,261
110000013,39,464,-425
110000014,599,377,222
110000015,217,607,-390
110000016,204,1471,-1267
110000017,2423,235,2188
110000018,2290,324,1966
110000019,13,68,-55
110000020,417,236,181
110000021,407,416,-9
110000022,750,161,589
110000023,7,165,-158
110000024,505,349,156
110000025,472,14,458
110000026,4,232,-228
110000027,804,753,51
110000028,948,573,375
110000029,487,593,-106
110000030,243,348,-105
110000031,292,337,-45
110000032,690,314,376
110000033,205,146,59
110000034,566,556,10
110000035,732,430,302
110000036,856,514,342
110000037,200,301,-101
110000038,245,529,-284
110000039,759,3020,-2261
110000040,289,257,32
110000041,278,1415,-1137
110000042,112,400,-288
110000043,841,276,565
110000044,63,515,-452
110000045,466,116,350
110000046,5,166,-161
110000047,21,33,-12
110000048,11,15,-4
110000049,21,5,16
110000050,2,28,-26
110000051,21,6,15
110000052,33,22,11
110000053,44,5,39
110000054,213,498,-285
110000055,474,101,373
110000056,131,118,13
110000057,423,512,-89
110000058,991,431,560
110000059,998,449,549
110000060,879,796,83
110000061,652,615,37
110000062,614,814,-200
110000063,31,114,-83
110000064,76,57,19
110000065,75,56,19
110000066,60,35,25
110000067,63,125,-62
110000068,293,121,172
110000069,311,41,270
110000071,251,86,165
110000073,10,20,-10
110000075,20,70,-50
110000076,341,301,40
110000077,309,893,-584
110000078,36,27,9
110000080,263,508,-245
110000081,78,184,-106
110000082,41,363,-322
110000083,196,435,-239
110000084,1287,952,335
110000085,1299,1567,-268
110000086,1091,2024,-933
110000087,13,57,-44
110000088,95,211,-116
110000089,228,67,161
110000090,119,208,-89
110000091,711,224,487
110000092,17,37,-20
110000093,44,13,31
110000094,457,175,282
110000095,168,537,-369
110000096,1467,1751,-284
110000097,1048,1368,-320
110000098,1866,631,1235
110000099,770,1485,-715
110000100,1131,350,781
110000101,45,195,-150
110000102,89,22,67
110000104,420,135,285
110000105,77,290,-213
110000106,567,443,124
110000107,231,270,-39
110000108,167,72,95
110000109,263,200,63
110000110,2157,4178,-2021
110000111,3962,2503,1459
110000112,884,1327,-443
110000113,244,2020,-1776
110000114,229,540,-311
110000115,401,228,173
110000116,70,48,22
110000117,331,233,98
110000118,434,90,344
110000119,283,200,83
110000120,337,120,217
110000121,105,321,-216
110000122,387,435,-48
110000123,592,604,-12
110000124,4,733,-729
110000125,959,7,952
110000126,282,18,264
110000127,1130,87,1043
110000128,25,876,-851
110000129,6,531,-525
110000130,346,185,161
110000131,101,333,-232
110000132,2,628,-626
110000133,42,387,-345
110000134,23,339,-316
110000135,189,18,171
110000136,67,208,-141
110000137,505,408,97
110000138,700,411,289
110000139,1011,845,166
110000140,965,678,287
110000143,536,362,174
110000144,4188,1523,2665
110000145,1709,936,773
110000146,1327,605,722
110000147,399,570,-171
110000148,538,218,320
110000151,644,889,-245
110000152,584,417,167
110000153,141,25,116
110000154,13,26,-13
110000155,1047,3342,-2295
110000156,1060,1995,-935
110000157,1406,1618,-212
110000160,414,230,184
110000161,222,220,2
110000166,611,79,532
110000167,868,549,319
110000168,916,470,446
110000169,817,426,391
110000170,123,44,79
110000171,613,150,463
110000172,139,627,-488
110000173,790,918,-128
110000174,145,564,-419
110000175,669,57,612
110000176,97,320,-223
110000177,174,850,-676
110000178,332,1600,-1268
110000179,925,320,605
110000180,251,163,88
110000181,529,442,87
110000182,262,110,152
110000183,6087,6173,-86
110000184,278,2264,-1986
110000185,649,569,80
110000186,611,691,-80
110000191,1142,255,887
110000192,1080,8,1072
110000193,1805,18,1787
110000194,18,671,-653
110000195,463,278,185
110000196,511,215,296
110000197,104,145,-41
110000198,143,52,91
110000199,73,207,-134
110000200,889,421,468
110000201,942,1212,-270
110000202,1191,635,556
110000203,543,560,-17
110000204,4,176,-172
110000205,126,50,76
110000206,553,882,-329
110000207,1282,338,944
110000208,123,225,-102
110000209,115,583,-468
110000210,1291,442,849
110000211,845,583,262
110000212,420,950,-530
110000213,278,42,236
110000214,381,101,280
110000215,245,242,3
110000216,122,233,-111
110000217,341,125,216
110000218,237,242,-5
110000219,353,68,285
110000220,76,216,-140
110000221,350,72,278
110000222,45,143,-98
110000223,9,178,-169
110000224,35,18,17
110000225,313,713,-400
110000226,236,62,174
110000227,850,831,19
110000228,218,140,78
110000229,1,229,-228
110000230,500,531,-31
110000231,158,188,-30
110000232,334,180,154
110000233,163,243,-80
110000234,581,549,32
110000235,759,813,-54
110000236,547,470,77
110000237,1906,1187,719
110000238,1209,1214,-5
110000239,1798,1067,731
110000240,3,102,-99
110000242,0,18,-18
110000243,148,100,48
110000244,139,317,-178
110000245,52,289,-237
110000246,834,406,428
110000247,1010,3570,-2560
110000248,1881,1333,548
110000249,76,19,57
110000250,21,103,-82
110000251,311,363,-52
110000252,252,133,119
110000253,1253,598,655
110000254,605,771,-166
110000255,179,827,-648
110000256,494,238,256
110000257,482,440,42
110000258,7,505,-498
110000259,197,30,167
110000260,60,132,-72
110000263,554,68,486
110000264,321,275,46
110000265,963,1670,-707
110000266,1317,2269,-952
110000267,22,138,-116
110000268,205,339,-134
110000269,5,52,-47
110000270,65,1,64
110000271,1168,207,961
110000272,855,831,24
110000273,2095,1332,763
110000274,164,1645,-1481
110000275,1950,535,1415
110000276,277,367,-90
110000277,323,428,-105
110000278,316,571,-255
110000279,784,750,34
110000280,448,338,110
110000281,32,286,-254
110000282,232,19,213
110000283,52,106,-54
110000284,71,26,45
110000285,2,444,-442
110000286,13,1,12
110000287,46,1,45
110000288,2,71,-69
110000289,400,1739,-1339
110000290,677,566,111
110000291,3540,1156,2384
110000292,1228,4326,-3098
110000293,665,519,146
110000294,1043,929,114
110000295,202,675,-473
110000296,466,275,191
110000297,2175,293,1882
110000298,188,486,-298
110000299,210,73,137
110000301,454,29,425
110000302,702,671,31
110000303,576,6,570
110000304,280,206,74
110000305,1237,22,1215
110000306,204,827,-623
110000307,1812,4,1808
110000308,443,5,438
110000309,3,623,-620
110000310,725,50,675
110000311,12,487,-475
110000312,437,79,358
110000313,2359,2575,-216
110000314,2,216,-214
110000315,2518,2215,303
110000316,419,1231,-812
110000317,271,549,-278
110000318,7,40,-33
110000319,6,19,-13
110000320,43,30,13
110000321,11,43,-32
110000322,243,308,-65
110000323,505,167,338
110000324,2697,1430,1267
110000325,2147,2982,-835
110000327,384,241,143
110000328,185,336,-151
110000333,808,684,124
110000334,701,1002,-301
110000335,857,435,422
110000336,633,762,-129
110000337,1475,490,985
110000338,441,158,283
110000339,304,173,131
110000340,29,128,-99
110000341,365,420,-55
110000342,257,4,253
110000343,0,12,-12
110000344,261,369,-108
110000345,479,347,132
110000346,1734,1758,-24
110000347,1107,658,449
110000348,24,15,9
110000349,17,17,0
110000350,50,7,43
110000351,905,615,290
110000352,634,1280,-646
110000353,2131,669,1462
110000354,1028,2739,-1711
110000355,129,55,74
110000356,514,7,507
110000357,566,17,549
110000361,27,29,-2
110000362,103,9,94
110000363,464,72,392
110000364,200,214,-14
110000365,143,1,142
110000366,3,88,-85
110000367,338,160,178
110000368,4,60,-56
110000369,52,4,48
110000373,4,265,-261
110000374,160,35,125
110000375,114,967,-853
110000376,30,70,-40
110000377,73,400,-327
110000378,22,341,-319
110000379,2101,1590,511
110000380,91,36,55
110000383,5,1502,-1497
110000384,1552,1279,273
110000385,0,151,-151
110000387,67,14,53
110000388,29,162,-133
110000389,790,7,783
110000391,834,289,545
110000396,236,125,111
110000397,180,134,46
110000398,4,28,-24
110000399,141,0,141
110000587,171,110,61
110000589,231,100,131
110000640,187,33,154
110000652,12,168,-156
110000653,400,334,66
110000654,106,492,-386
110000656,0,368,-368
110000674,37,17,20
110000675,26,19,7
110000676,8,39,-31
110000679,333,1145,-812
110000682,111,169,-58
110000683,215,426,-211
110000684,0,29,-29
110000685,8,11,-3
110000686,1,28,-27
110000687,18,1,17
110000688,60,985,-925
110000689,45,56,-11
110000692,28,131,-103
110000693,56,227,-171
110000694,0,161,-161
110000695,139,500,-361
110000696,60,92,-32
110900001,249,21,228
110900002,334,174,160
110900003,879,372,507
110900004,413,133,280
110900005,1723,2206,-483
110900006,45,15,30
110900007,115,59,56
110900008,19,46,-27
110900009,505,130,375
110900010,11,52,-41
110900011,35,72,-37
110900012,11,73,-62
110900013,1034,126,908
110900014,238,8,230
110900015,425,598,-173
110900016,90,90,0
110900017,419,27,392
110900018,412,41,371
110900019,179,25,154
110900020,120,174,-54
110900021,108,397,-289
110900022,112,196,-84
110900023,59,419,-360
110900024,32,229,-197
110900025,4,51,-47
110900027,37,173,-136
110900028,37,95,-58
110900029,26,205,-179
110900030,40,140,-100
110900031,4,136,-132
110900032,0,73,-73
110900033,46,129,-83
110900035,40,415,-375
110900036,99,22,77
110900037,58,23,35
110900038,569,224,345
110900039,16,212,-196
110900040,193,31,162
110900041,11,59,-48
110900042,145,49,96
110900043,6,72,-66
110900044,245,22,223
110900045,42,244,-202
110900046,28,125,-97
110900047,380,342,38
110900049,83,92,-9
110900050,40,2,38
110900051,56,180,-124
110900052,1,113,-112
110900053,92,22,70
110900054,41,142,-101
110900055,37,4,33
110900056,102,100,2
110900057,2,72,-70
110900058,377,100,277
110900059,459,370,89
110900060,452,98,354
110900061,27,42,-15
110900062,155,170,-15
110900063,52,119,-67
110900064,14,1,13
110900065,287,131,156
110900066,9,48,-39
110900067,189,605,-416
110900068,187,151,36
110900069,18,16,2
110900070,75,53,22
110900071,246,527,-281
110900073,0,21,-21
110900074,459,94,365
110900075,351,79,272
110900077,930,565,365
110900078,50,50,0
110900079,1910,1277,633
110900080,101,87,14
110900081,23,36,-13
110900082,127,91,36
110900083,110,54,56
110900084,60,60,0
110900085,51,212,-161
110900086,82,318,-236
110900087,379,85,294
110900088,12,2,10
110900090,27,37,-10
110900091,0,51,-51
110900093,301,128,173
110900095,47,41,6
110900097,14,14,0
110900098,26,52,-26
110900099,31,302,-271
110900100,0,10,-10
110900102,35,13,22
110900105,557,202,355
110900108,15,44,-29
110900111,430,163,267
110900112,843,9,834
110900113,366,67,299
110900115,17,64,-47
110900116,739,1083,-344
110900118,87,2964,-2877
110900119,2124,192,1932
110900120,16,61,-45
110900121,127,1,126
110900122,460,146,314
110900125,453,440,13
110900127,451,1033,-582
110900128,287,503,-216
110900129,329,807,-478
110900130,902,618,284
110900131,214,41,173
110900132,329,74,255
110900133,60,143,-83
110900135,71,176,-105
110900136,381,12,369
110900139,6,0,6
110900140,0,0,0
110900141,316,187,129
110900142,63,115,-52
110900143,125,69,56
110900144,4,527,-523
110900145,429,111,318
110900146,195,298,-103
110900147,187,316,-129
110900148,5,268,-263
110900149,1,69,-68
110900150,33,11,22
110900151,4,75,-71
110900152,44,188,-144
110900153,174,38,136
111000001,569,523,46
111000002,640,511,129
111000003,1382,672,710
111000004,435,846,-411
111000005,1165,927,238
111000006,853,1473,-620
111000007,3567,2863,704
111000008,1630,2491,-861
111000009,434,856,-422
111000010,909,261,648
111000011,367,1175,-808
111000012,602,370,232
111000013,543,967,-424
111000014,1361,489,872
111000017,151,780,-629
111000018,238,317,-79
111000020,760,1829,-1069
111000021,117,85,32
111000023,99,94,5
111000025,3333,4082,-749
111000029,64,88,-24
111000030,36,91,-55
111000031,1802,1052,750
111000032,546,334,212
111000033,248,266,-18
111000034,96,273,-177
111000037,1121,739,382
111000038,2623,1434,1189
111000039,1542,1370,172
111000040,1662,1750,-88
111000041,1626,1260,366
111000042,2304,1800,504
111000043,1687,3401,-1714
111000044,1812,1244,568
111000045,2383,1996,387
111000046,1570,1438,132
111000047,2522,3806,-1284
111000049,388,406,-18
111000050,1184,1034,150
111000051,551,827,-276
111000052,605,1515,-910
111000053,349,560,-211
111000054,381,642,-261
111000055,1140,1479,-339
111000056,215,465,-250
111000057,129,396,-267
111000058,550,81,469
111000059,836,244,592
111000060,4066,838,3228
111000061,571,347,224
111000062,893,349,544
111000063,1737,909,828
111000064,838,559,279
111000065,1153,959,194
111000066,536,359,177
111000067,524,471,53
111000068,648,763,-115
111000069,1705,1677,28
111000070,1044,823,221
111000071,233,460,-227
111000072,1435,488,947
111000073,366,1103,-737
111000074,1474,1495,-21
111000075,1027,587,440
111000076,524,473,51
111000077,1239,1026,213
111000078,2586,1180,1406
111000079,1130,670,460
111000080,617,618,-1
111000081,1393,3804,-2411
111000082,770,556,214
111000084,826,530,296
111000085,864,985,-121
111000086,1830,835,995
111000087,703,459,244
111000088,3800,2341,1459
111000089,676,747,-71
111000090,782,1270,-488
111000091,855,385,470
111000092,1346,755,591
111000093,759,1180,-421
111000094,1988,1109,879
111000095,721,2211,-1490
111000096,1485,7069,-5584
111000097,3879,1609,2270
111000098,852,1061,-209
111000099,585,1431,-846
111000100,454,1234,-780
111000101,427,684,-257
111000102,286,422,-136
111000104,636,170,466
111000107,126,527,-401
111000109,585,208,377
111000110,1402,621,781
111000111,2552,465,2087
111000112,1921,532,1389
111000113,928,1395,-467
111000114,2053,3388,-1335
111000115,4359,1079,3280
111000116,1021,816,205
111000117,383,862,-479
111000118,1333,843,490
111000119,1157,840,317
111000120,550,610,-60
111000121,331,643,-312
111000122,544,864,-320
111000123,1158,1817,-659
111000124,415,1820,-1405
111000125,373,1101,-728
111000126,130,754,-624
111000127,946,148,798
111000128,2298,298,2000
111000129,2749,407,2342
111000130,2106,544,1562
111000131,1835,490,1345
111000132,1574,834,740
111000133,221,136,85
111000134,158,83,75
111000135,82,148,-66
111000136,426,288,138
111000138,34,3,31
111000140,0,4,-4
111000141,125,370,-245
111000142,25,168,-143
111000143,6,245,-239
111000144,38,997,-959
111000145,755,32,723
111000146,120,16,104
111000147,259,38,221
111000148,126,54,72
111000149,4,18,-14
111000150,37,3,34
111000151,1,17,-16
111000153,570,726,-156
111000154,626,240,386
111000155,93,178,-85
111000156,499,567,-68
111000157,237,878,-641
111000158,839,731,108
111000159,2400,773,1627
111000160,517,366,151
111000161,11,266,-255
111000162,68,130,-62
111000163,764,562,202
111000164,515,2456,-1941
111000165,887,354,533
111000166,1235,258,977
111000167,173,312,-139
111000168,223,398,-175
111000169,311,503,-192
111000170,431,375,56
111000171,508,506,2
111000172,236,364,-128
111000173,451,631,-180
111000174,254,258,-4
111000175,46,253,-207
111000176,393,140,253
111000177,380,196,184
111000178,1496,231,1265
111000179,280,138,142
111000180,226,461,-235
111000181,1378,214,1164
111000182,230,148,82
111000183,468,354,114
111000184,388,176,212
111000185,386,359,27
111000186,326,290,36
111000187,151,114,37
111000188,326,280,46
111000189,800,432,368
111000190,185,237,-52
111000191,175,212,-37
111000192,199,414,-215
111000193,281,240,41
111000194,50,288,-238
111000195,279,370,-91
111000196,87,161,-74
111000197,477,142,335
111000198,870,115,755
111000199,249,154,95
111000200,509,327,182
111000201,651,263,388
111000202,339,215,124
111000203,370,290,80
111000204,445,1325,-880
111000213,261,434,-173
111000214,1497,1033,464
111000215,1111,899,212
111000217,1519,887,632
111000218,1498,1000,498
111000219,389,178,211
111000220,1015,421,594
111000221,422,87,335
111000224,47,219,-172
111000225,536,335,201
111000226,103,5,98
111000227,29,7,22
111000228,23,420,-397
111000229,33,831,-798
111000230,218,252,-34
111000231,1120,552,568
111000232,711,757,-46
111000233,1077,619,458
111000234,132,387,-255
111000239,91,90,1
111000240,72,209,-137
111000241,28,194,-166
111000242,219,63,156
111000243,193,366,-173
111000244,567,122,445
111000245,1334,263,1071
111000246,651,247,404
111000247,409,540,-131
111000248,707,319,388
111000249,431,471,-40
111000250,87,53,34
111000251,50,95,-45
111000253,22,22,0
111000255,60,7,53
111000257,61,22,39
111000260,83,916,-833
111000261,1142,53,1089
111000271,69,253,-184
111000273,2176,1072,1104
111000274,1272,2146,-874
111000275,167,56,111
111000276,300,1069,-769
111000277,180,284,-104
111000278,590,205,385
111000291,814,6357,-5543
111000298,539,160,379
111000299,690,126,564
111000300,109,490,-381
111000302,280,94,186
111000303,101,155,-54
111000312,86,55,31
111000315,4,129,-125
111000320,265,517,-252
111000321,364,114,250
111000322,365,318,47
111000323,357,26,331
111000324,355,168,187
111000325,46,55,-9
111000326,203,261,-58
111000327,482,241,241
111000328,294,480,-186
111000329,1,26,-25
111000330,57,14,43
111000331,16,1,15
111000332,728,1321,-593
111000334,341,1024,-683
111000335,1171,226,945
111000337,1426,357,1069
111000338,149,78,71
111000339,737,195,542
111000340,122,423,-301
111000341,1300,499,801
111000342,199,1090,-891
111000344,1020,561,459
111000345,131,117,14
111000346,26,165,-139
111000347,160,25,135
111000350,220,122,98
111000351,125,268,-143
111000352,197,107,90
111000353,130,241,-111
111000354,485,140,345
111000355,318,437,-119
111000358,211,714,-503
111000360,184,439,-255
111000361,192,181,11
111000546,1153,634,519
111000547,420,395,25
111000548,165,246,-81
111000549,365,200,165
111000550,110,925,-815
111000551,643,212,431
111000552,1086,214,872
111000907,406,7,399
111000908,29,1,28
111000916,1814,222,1592
111000917,41,329,-288
111000918,255,469,-214
111000920,599,25,574
111000921,13,205,-192
111000922,588,229,359
111000924,61,521,-460
111000925,2662,1570,1092
111000926,1097,1293,-196
111000927,2797,3633,-836
111000928,3870,2339,1531
111000929,1792,1071,721
111000930,989,1742,-753
111000931,1889,2153,-264
111000932,3384,1585,1799
111000933,3247,2251,996
111000934,1782,2533,-751
111000935,1685,877,808
111000936,1037,1543,-506
111000937,1234,1198,36
111000938,1340,1250,90
111000939,593,45,548
111000940,536,127,409
111000941,424,302,122
111000943,481,203,278
111000944,184,248,-64
111000945,96,1100,-1004
111001109,531,451,80
111001110,153,420,-267
111001111,102,9,93
111001112,71,1,70
111001113,7,137,-130
111001114,588,201,387
111001115,37,499,-462
111001116,3329,3693,-364
111001117,488,2228,-1740
111001120,162,245,-83
111001121,211,168,43
111001122,223,343,-120
111001123,355,68,287
111001124,114,143,-29
111001125,8,145,-137
111001126,3,0,3
111001127,0,25,-25
111900001,0,158,-158
111900002,5,427,-422
111900003,5,215,-210
111900004,37,61,-24
111900006,15,44,-29
111900007,152,12,140
111900008,192,6,186
111900009,156,1,155
111900010,307,292,15
111900012,45,61,-16
111900013,13,36,-23
111900014,3120,4142,-1022
111900015,0,38,-38
111900016,0,70,-70
111900017,0,71,-71
111900018,226,3,223
111900019,6,79,-73
111900020,3,51,-48
111900021,33,65,-32
111900022,21,38,-17
111900023,85,71,14
111900024,0,97,-97
111900025,0,54,-54
111900026,1,52,-51
111900027,5,122,-117
111900028,3,277,-274
111900029,7,55,-48
111900030,36,263,-227
111900031,9,12,-3
111900032,7,213,-206
111900033,21,52,-31
111900034,246,429,-183
111900035,95,251,-156
111900036,1,169,-168
111900038,237,451,-214
111900039,59,324,-265
111900040,3,311,-308
111900042,53,144,-91
111900043,0,184,-184
111900044,269,131,138
111900046,39,124,-85
111900048,211,358,-147
111900049,49,162,-113
111900050,125,39,86
111900051,2,120,-118
111900052,357,312,45
111900053,665,1319,-654
111900054,180,1,179
111900055,7,194,-187
111900056,139,276,-137
111900057,124,39,85
111900058,469,349,120
111900059,1220,625,595
111900060,388,1,387
111900061,9,91,-82
111900062,55,56,-1
111900063,350,188,162
111900064,98,116,-18
111900065,125,25,100
111900066,139,129,10
111900067,1,257,-256
111900068,41,73,-32
111900069,82,17,65
111900070,174,95,79
111900071,2,171,-169
111900072,51,26,25
111900073,1198,153,1045
111900074,13,146,-133
111900075,79,16,63
111900076,173,47,126
111900077,32,3,29
111900078,293,25,268
111900079,82,38,44
111900080,194,268,-74
111900082,118,30,88
111900083,195,15,180
111900084,132,5,127
111900085,33,96,-63
111900086,42,6,36
111900087,63,0,63
111900088,469,14,455
111900089,114,3,111
111900090,36,38,-2
111900091,245,1,244
111900092,123,1,122
111900093,454,15,439
111900094,142,1,141
111900095,287,23,264
111900096,143,0,143
111900097,59,1,58
111900098,216,0,216
111900099,78,1,77
111900100,201,3,198
111900101,95,32,63
111900102,582,299,283
111900103,49,74,-25
111900104,121,37,84
111900105,251,189,62
111900106,611,43,568
111900110,1204,397,807
111900111,179,67,112
111900112,363,2989,-2626
111900113,207,79,128
111900118,341,82,259
111900119,322,118,204
111900122,91,53,38
111900123,35,21,14
111900124,16,56,-40
111900125,636,47,589
111900126,274,0,274
111900127,1,523,-522
111900128,1,365,-364
111900129,235,3,232
111900130,209,50,159
111900131,472,3,469
111900132,26,651,-625
111900133,0,211,-211
111900134,10,98,-88
111900135,17,28,-11
111900136,80,177,-97
111900137,47,57,-10
111900138,18,58,-40
111900139,13,66,-53
111900140,140,31,109
111900141,75,8,67
111900142,95,49,46
111900143,38,130,-92
111900144,0,58,-58
111900145,1,286,-285
111900146,3,185,-182
111900147,98,291,-193
111900148,23,408,-385
111900149,8,153,-145
111900150,16,70,-54
111900151,9,16,-7
111900152,86,79,7
111900153,874,592,282
111900154,7,389,-382
111900155,59,93,-34
111900156,75,66,9
111900157,133,18,115
111900158,623,94,529
111900159,359,37,322
111900160,353,2,351
111900161,203,1,202
111900162,73,173,-100
111900163,27,146,-119
111900164,109,68,41
111901113,543,131,412
111901114,239,261,-22
111901115,76,12,64
111901116,46,3,43
111901117,31,30,1
111901118,46,302,-256
111901119,439,49,390
111901121,137,122,15
111901122,9,312,-303
111901123,227,202,25
111901124,253,3,250
111901125,510,208,302
111901127,391,543,-152
111901128,11,60,-49
111901129,7,90,-83
111901130,10,78,-68
111901131,4,217,-213
111901132,50,31,19
111901133,47,4,43
111901134,85,2,83
111901135,31,8,23
111901136,4,38,-34
111901138,195,32,163
111901139,26,15,11
111901140,6,80,-74
111901141,8,137,-129
111901142,10,69,-59
111901143,3,88,-85
111901144,38,41,-3
111901145,126,252,-126
111901146,255,11,244
111901147,360,238,122
111901148,14,78,-64
111901149,10,4,6
111901150,24,0,24
112000001,1649,672,977
112000002,579,1570,-991
112000003,1570,907,663
112000004,611,676,-65
112000005,3562,3385,177
112000006,1612,1255,357
112000007,3595,2396,1199
112000008,2314,3868,-1554
112000009,2576,2327,249
112000010,2905,3272,-367
112000011,1387,1258,129
112000012,3433,4584,-1151
112000013,2578,2699,-121
112000014,1862,2327,-465
112000015,2475,3126,-651
112000016,3252,1517,1735
112000017,1264,2788,-1524
112000024,1803,715,1088
112000026,2248,2808,-560
112000027,780,767,13
112000028,881,1116,-235
112000029,604,631,-27
112000030,107,62,45
112000031,1175,4263,-3088
112000032,174,26,148
112000033,1655,2099,-444
112000034,189,67,122
112000035,46,351,-305
112000036,529,953,-424
112000037,1049,687,362
112000038,1509,905,604
112000039,97,61,36
112000040,74,189,-115
112000041,429,433,-4
112000042,802,302,500
112000050,1272,1163,109
112000051,1039,1299,-260
112000054,1272,1288,-16
112000057,425,336,89
112000058,275,481,-206
112000059,445,672,-227
112000061,2114,1689,425
112000062,1385,947,438
112000063,1024,2271,-1247
112000064,2701,4258,-1557
112000065,1453,1924,-471
112000066,3877,1595,2282
112000067,548,697,-149
112000068,3306,2746,560
112000069,689,1549,-860
112000070,2176,1070,1106
112000071,840,1749,-909
112000072,2502,756,1746
112000073,1056,1556,-500
112000074,1262,903,359
112000075,1466,1034,432
112000076,2938,2049,889
112000077,831,414,417
112000078,1783,550,1233
112000079,1372,1070,302
112000080,750,606,144
112000081,1183,1882,-699
112000082,1524,690,834
112000083,607,869,-262
112000084,1500,653,847
112000085,1145,587,558
112000086,1888,950,938
112000087,496,248,248
112000088,739,324,415
112000089,223,225,-2
112000090,163,209,-46
112000091,531,683,-152
112000092,1876,698,1178
112000093,1702,729,973
112000094,707,779,-72
112000095,685,684,1
112000096,959,1007,-48
112000097,1450,612,838
112000098,852,719,133
112000099,816,1601,-785
112000100,1852,714,1138
112000101,547,589,-42
112000102,1465,493,972
112000103,372,709,-337
112000105,653,1156,-503
112000106,2144,481,1663
112000107,100,170,-70
112000108,446,1153,-707
112000109,220,123,97
112000110,1933,654,1279
112000111,711,2261,-1550
112000112,2940,520,2420
112000113,663,1167,-504
112000114,2179,754,1425
112000115,448,465,-17
112000116,625,650,-25
112000117,917,637,280
112000118,836,643,193
112000119,383,549,-166
112000120,59,273,-214
112000121,148,347,-199
112000122,366,182,184
112000123,788,180,608
112000124,365,66,299
112000125,267,231,36
112000126,325,329,-4
112000127,1948,2055,-107
112000128,617,665,-48
112000129,143,84,59
112000130,279,89,190
112000131,84,249,-165
112000132,139,245,-106
112000133,412,123,289
112000134,419,289,130
112000135,1467,579,888
112000136,872,887,-15
112000137,1446,1430,16
112000138,1175,1000,175
112000139,859,753,106
112000140,711,1090,-379
112000141,895,380,515
112000142,136,383,-247
112000143,1339,250,1089
112000144,303,824,-521
112000145,2624,619,2005
112000146,552,1278,-726
112000147,2893,1690,1203
112000148,1473,1463,10
112000149,520,501,19
112000150,300,456,-156
112000151,364,261,103
112000152,416,319,97
112000153,194,212,-18
112000154,152,191,-39
112000155,121,136,-15
112000157,586,571,15
112000158,287,316,-29
112000159,443,207,236
112000167,423,105,318
112000169,257,422,-165
112000173,851,192,659
112000175,416,277,139
112000176,1771,1817,-46
112000177,776,186,590
112000178,83,288,-205
112000179,313,105,208
112000180,379,574,-195
112000181,1183,1310,-127
112000182,1295,988,307
112000183,46,48,-2
112000184,434,300,134
112000185,656,388,268
112000187,3523,2142,1381
112000195,135,14,121
112000196,176,1,175
112000197,142,141,1
112000198,33,294,-261
112000199,848,650,198
112000202,496,1,495
112000216,55,205,-150
112000230,90,9,81
112000231,4,201,-197
112000256,46,217,-171
112000313,70,97,-27
112000314,76,34,42
112000337,329,620,-291
112000352,277,424,-147
112000392,1336,1338,-2
112000398,1598,705,893
112000399,1408,2229,-821
112000400,1454,1732,-278
112000401,2285,1536,749
112000402,3020,2977,43
112000403,1534,2798,-1264
112000404,1122,759,363
112000405,2064,2648,-584
112000406,2460,1569,891
112000407,7487,7347,140
112000408,6299,4197,2102
112000409,1448,2986,-1538
112000410,420,307,113
112000411,2614,1526,1088
112000412,1237,490,747
112000413,5492,5908,-416
112000414,111,70,41
112000415,144,45,99
112000416,2707,1330,1377
112000417,347,73,274
112000421,59,83,-24
112000422,334,250,84
112000424,1501,2384,-883
112000425,429,672,-243
112000426,314,378,-64
112000427,0,20,-20
112000428,291,267,24
112000429,1885,1852,33
112000430,2272,2378,-106
112000431,119,116,3
112000432,546,909,-363
112000433,318,713,-395
112000437,53,144,-91
112900001,76,2,74
112900002,549,615,-66
112900003,86,285,-199
112900004,91,204,-113
112900005,275,159,116
112900006,19,266,-247
112900007,61,147,-86
112900008,1,68,-67
112900009,476,161,315
112900010,400,749,-349
112900011,117,150,-33
112900012,0,36,-36
112900013,0,151,-151
112900014,2,195,-193
112900015,362,599,-237
112900016,5,205,-200
112900017,43,128,-85
112900018,1,182,-181
112900019,30,120,-90
112900020,371,824,-453
112900021,20,149,-129
112900022,14,61,-47
112900023,0,99,-99
112900024,19,200,-181
112900025,86,167,-81
112900026,4,147,-143
112900027,4,717,-713
112900028,22,81,-59
112900029,17,411,-394
112900030,113,101,12
112900031,6,308,-302
112900032,187,242,-55
112900034,0,36,-36
112900035,1,275,-274
112900036,58,113,-55
112900037,135,203,-68
112900038,648,144,504
112900039,11,237,-226
112900040,10,251,-241
112900041,637,969,-332
112900042,112,218,-106
112900043,37,47,-10
112900044,426,314,112
112900045,249,224,25
112900046,145,52,93
112900047,10,32,-22
112900049,298,83,215
112900050,36,391,-355
112900051,238,414,-176
112900052,3,568,-565
112900053,368,92,276
112900054,145,76,69
112900055,127,29,98
112900056,404,195,209
112900057,42,333,-291
112900058,263,320,-57
112900059,121,111,10
112900060,36,126,-90
112900061,91,92,-1
112900062,63,95,-32
112900063,155,23,132
112900064,161,240,-79
112900065,33,43,-10
112900066,220,211,9
112900067,309,120,189
112900068,46,70,-24
112900069,1181,789,392
112900071,60,8,52
112900072,104,2199,-2095
112900073,334,112,222
112900074,83,297,-214
112900075,871,922,-51
112900076,68,44,24
112900078,349,434,-85
112900079,275,42,233
112900080,62,5,57
112900081,31,183,-152
112900082,658,21,637
112900083,169,123,46
112900084,258,139,119
112900086,180,0,180
112900087,898,142,756
112900088,155,15,140
112900089,861,25,836
112900090,63,40,23
112900091,267,4,263
112900092,118,386,-268
112900093,1065,26,1039
112900095,54,1,53
112900096,500,180,320
112900097,73,263,-190
112900098,117,4,113
112900099,863,16,847
112900100,74,1,73
112900101,379,4,375
112900102,116,16,100
112900103,214,8,206
112900104,172,8,164
112900105,18,0,18
112900106,382,118,264
112900107,9,1,8
112900108,17,1,16
112900109,155,0,155
112900110,1288,12,1276
112900111,771,5,766
112900112,424,1,423
112900113,1,17,-16
112900114,185,20,165
112900115,1524,4,1520
112900116,122,23,99
112900117,67,53,14
112900118,36,100,-64
112900119,195,3,192
112900120,658,257,401
112900121,70,142,-72
112900122,11,80,-69
112900123,78,25,53
112900124,27,72,-45
112900125,60,354,-294
112900126,152,143,9
112900127,311,80,231
112900128,208,527,-319
112900129,2,520,-518
112900130,249,87,162
112900131,38,197,-159
112900132,122,253,-131
112900133,18,863,-845
112900134,0,173,-173
112900135,104,39,65
112900137,1,392,-391
112900138,6,160,-154
112900139,154,859,-705
112900141,674,40,634
112900142,60,166,-106
112900143,14,333,-319
112900144,0,194,-194
112900145,27,338,-311
112900146,2,741,-739
112900147,4,1040,-1036
112900148,56,1,55
112900149,282,573,-291
112900151,38,71,-33
112900152,2863,658,2205
112900153,1456,2231,-775
112900154,1,107,-106
112900155,178,21,157
112900156,418,740,-322
112900157,517,93,424
112900158,121,24,97
112900159,187,118,69
112900160,79,225,-146
112900161,119,58,61
112900162,33,33,0
112900163,55,47,8
112900164,28,202,-174
112900165,141,19,122
112900166,10,75,-65
112900167,3,65,-62
112900168,4,1,3
112900169,10,19,-9
112900170,266,98,168
112900172,43,19,24
112900173,149,87,62
112900174,222,41,181
112900175,128,126,2
112900176,11,74,-63
112900177,258,53,205
112900178,763,2146,-1383
112900179,19,336,-317
112900180,1634,1134,500
112900181,624,7,617
112900182,54,655,-601
112900183,115,202,-87
112900184,396,345,51
112900185,186,573,-387
112900186,901,800,101
112900187,86,466,-380
112900188,557,763,-206
112900189,13,18,-5
112900190,12,51,-39
112900192,543,592,-49
112900193,1222,369,853
112900194,80,73,7
112900195,741,53,688
112900196,241,280,-39
112900197,162,332,-170
112900199,705,429,276
112900200,511,146,365
112900201,192,86,106
112900202,412,513,-101
112900203,237,223,14
112900204,759,590,169
112900205,21,5,16
112900206,21,56,-35
112900207,21,0,21
112900208,74,324,-250
112900209,423,274,149
112900210,0,14,-14
112900211,68,16,52
112900212,1,115,-114
112900213,60,9,51
112900214,22,22,0
112900215,22,105,-83
112900216,27,54,-27
112900217,1,52,-51
112900218,85,11,74
112900219,146,9,137
112900220,3,0,3
112900221,38,31,7
112900222,0,30,-30
112900223,863,13,850
112900224,355,309,46
112900225,414,243,171
112900226,213,296,-83
112900227,727,646,81
112900228,77,28,49
112900229,243,32,211
112900230,5000,3340,1660
112900232,309,272,37
112900233,57,131,-74
112900234,20,93,-73
112900235,112,22,90
112900236,269,16,253
112900237,245,226,19
112900238,6,12,-6
112900239,655,428,227
112900240,11,46,-35
112900241,18,75,-57
112900242,19,113,-94
112900243,9,79,-70
112900244,7,47,-40
112900245,0,41,-41
112900246,0,25,-25
112900247,139,32,107
112900248,19,0,19
112900249,44,3,41
112900250,65,27,38
112900251,74,11,63
112900252,78,13,65
112900253,49,7,42
112900254,24,3,21
112900255,4,47,-43
112900256,5,48,-43
112900257,19,28,-9
112900258,26,14,12
113000001,5509,3937,1572
113000002,3554,3053,501
113000003,1635,1218,417
113000004,1440,1971,-531
113000005,1762,844,918
113000006,1067,1079,-12
113000007,1760,909,851
113000008,1467,1402,65
113000009,1088,652,436
113000010,1256,1052,204
113000011,617,1084,-467
113000012,1556,510,1046
113000013,1011,642,369
113000014,1086,1199,-113
113000015,257,169,88
113000016,360,768,-408
113000017,29,247,-218
113000018,376,65,311
113000019,83,296,-213
113000020,390,93,297
113000021,1030,475,555
113000022,670,1019,-349
113000025,104,281,-177
113000026,385,390,-5
113000027,486,550,-64
113000028,481,517,-36
113000029,895,639,256
113000030,277,464,-187
113000031,165,278,-113
113000032,306,309,-3
113000033,244,444,-200
113000034,312,290,22
113000035,18,23,-5
113000036,21,51,-30
113000037,29,38,-9
113000038,17,43,-26
113000039,84,370,-286
113000040,49,99,-50
113000042,577,527,50
113000051,813,1933,-1120
113000052,1914,749,1165
113000053,510,319,191
113000054,427,603,-176
113000055,1227,463,764
113000056,1045,842,203
113000058,632,766,-134
113000059,1158,490,668
113000060,296,428,-132
113000061,509,692,-183
113000062,706,291,415
113000063,269,83,186
113000064,67,192,-125
113000065,158,591,-433
113000066,848,72,776
113000067,2456,946,1510
113000068,375,894,-519
113000069,555,779,-224
113000070,2428,913,1515
113000071,435,482,-47
113000072,789,427,362
113000073,293,1110,-817
113000074,885,365,520
113000075,1670,634,1036
113000076,587,2058,-1471
113000077,1023,785,238
113000078,631,2088,-1457
113000079,479,847,-368
113000080,650,762,-112
113000081,638,740,-102
113000082,939,645,294
113000083,614,768,-154
113000084,1541,1001,540
113000085,851,771,80
113000086,1520,1149,371
113000087,1096,887,209
113000088,1727,1130,597
113000089,902,1381,-479
113000090,243,534,-291
113000091,407,398,9
113000094,1072,175,897
113000095,250,632,-382
113000096,138,522,-384
113000097,1016,378,638
113000098,94,20,74
113000099,875,345,530
113000100,114,303,-189
113000101,316,456,-140
113000102,624,519,105
113000103,1563,320,1243
113000104,515,1955,-1440
113000105,739,350,389
113000106,269,307,-38
113000107,904,631,273
113000108,696,867,-171
113000109,631,1471,-840
113000110,1779,409,1370
113000111,232,563,-331
113000112,442,323,119
113000113,1181,339,842
113000114,401,1391,-990
113000116,569,254,315
113000117,640,154,486
113000118,92,443,-351
113000119,553,321,232
113000120,78,249,-171
113000121,436,708,-272
113000124,375,129,246
113000125,78,850,-772
113000127,1926,266,1660
113000128,485,426,59
113000129,417,547,-130
113000133,1620,1299,321
113000134,4,837,-833
113000135,3682,4246,-564
113000137,1496,3410,-1914
113000139,300,217,83
113000140,85,204,-119
113000141,180,227,-47
113000142,406,888,-482
113000143,270,220,50
113000144,266,573,-307
113000145,54,115,-61
113000146,105,57,48
113000147,174,78,96
113000148,198,101,97
113000149,105,113,-8
113000150,538,278,260
113000151,53,48,5
113000152,21,72,-51
113000153,918,475,443
113000154,597,1139,-542
113000155,280,633,-353
113000156,130,361,-231
113000157,249,643,-394
113000158,560,212,348
113000159,793,633,160
113000160,543,726,-183
113000161,251,243,8
113000162,706,272,434
113000163,113,51,62
113000164,32,66,-34
113000166,222,79,143
113000167,39,60,-21
113000168,86,83,3
113000169,223,83,140
113000170,122,105,17
113000171,51,88,-37
113000172,266,66,200
113000173,65,22,43
113000174,123,325,-202
113000175,405,108,297
113000176,463,142,321
113000177,157,409,-252
113000178,151,230,-79
113000179,253,162,91
113000180,506,1034,-528
113000181,1154,725,429
113000182,127,293,-166
113000183,120,497,-377
113000184,9,60,-51
113000189,385,812,-427
113000190,556,483,73
113000192,855,2470,-1615
113000193,2363,2036,327
113000194,1042,1110,-68
113000195,1422,1246,176
113000196,204,75,129
113000197,1315,1129,186
113000198,80,197,-117
113000199,1395,350,1045
113000201,224,309,-85
113000202,3728,707,3021
113000203,167,154,13
113000204,819,2405,-1586
113000205,18,18,0
113000206,11,44,-33
113000207,79,18,61
113000208,42,24,18
113000209,10,19,-9
113000210,7,14,-7
113000211,175,268,-93
113000212,94,34,60
113000213,29,122,-93
113000214,220,263,-43
113000234,158,677,-519
113000410,95,170,-75
113000411,1881,3427,-1546
113000412,4297,2368,1929
113000413,1540,2739,-1199
113000414,3991,11961,-7970
113000415,1801,2263,-462
113000416,5874,3378,2496
113000417,2570,2403,167
113000418,4665,3390,1275
113000419,1633,1856,-223
113000420,3933,5740,-1807
113000421,3858,6240,-2382
113000422,9136,9501,-365
113000423,1633,4959,-3326
113000424,2318,9333,-7015
113000425,5,74,-69
113000428,38,12,26
113000430,6,46,-40
113000432,2058,175,1883
113000433,90,497,-407
113000434,41,106,-65
113000435,25,385,-360
113000436,33,817,-784
113000437,1146,45,1101
113000438,313,11,302
113000439,20,97,-77
113000440,190,24,166
113000441,207,168,39
113000442,151,161,-10
113000443,308,176,132
113000444,186,151,35
113000445,123,84,39
113000446,60,76,-16
113000448,151,139,12
113000449,165,754,-589
113000450,474,1704,-1230
113000451,1196,186,1010
113000452,226,427,-201
113000453,87,367,-280
113000454,408,107,301
113000455,15,331,-316
113000456,2971,2381,590
113000468,1180,123,1057
113000469,48,74,-26
113000470,341,14,327
113000471,9,356,-347
113000472,103,215,-112
113000474,799,540,259
113000475,1315,1270,45
113000476,1485,1662,-177
113000477,3314,1766,1548
113000478,3297,3873,-576
113000479,79,148,-69
113000484,0,0,0
113000485,0,0,0
113000486,4,0,4
113000487,0,0,0
113000488,0,0,0
113000489,0,2,-2
113000490,0,3,-3
113000491,7,3,4
113000492,0,0,0
113000493,0,0,0
113000495,142,131,11
113000496,142,87,55
113900001,1,264,-263
113900002,1,47,-46
113900003,1,40,-39
113900004,3,58,-55
113900005,0,43,-43
113900006,0,27,-27
113900007,6,0,6
113900008,12,0,12
113900009,42,2,40
113900010,25,4,21
113900011,58,0,58
113900012,27,0,27
113900013,119,3,116
113900014,438,0,438
113900015,0,56,-56
113900016,36,0,36
113900017,7,56,-49
113900018,289,241,48
113900019,203,40,163
113900020,151,2,149
113900022,31,2,29
113900023,25,0,25
113900024,60,36,24
113900025,200,16,184
113900026,53,0,53
113900027,7,40,-33
113900028,30,342,-312
113900029,68,142,-74
113900030,255,3,252
113900031,19,0,19
113900032,35,0,35
113900033,91,55,36
113900035,46,1,45
113900036,31,72,-41
113900037,163,354,-191
113900038,76,93,-17
113900039,140,21,119
113900040,9,15,-6
113900041,9,1,8
113900042,64,29,35
113900043,112,74,38
113900044,243,275,-32
113900045,78,2,76
113900046,276,497,-221
113900047,57,111,-54
113900048,152,108,44
113900049,427,302,125
113900050,249,323,-74
113900051,213,265,-52
113900052,165,156,9
113900053,442,451,-9
113900054,17,0,17
113900055,86,306,-220
113900056,41,223,-182
113900057,7,66,-59
113900058,92,112,-20
113900059,258,222,36
113900060,125,245,-120
113900061,571,224,347
113900062,101,13,88
113900063,76,162,-86
113900064,15,94,-79
113900065,413,20,393
113900066,424,236,188
113900067,233,283,-50
113900068,448,452,-4
113900069,43,23,20
113900070,150,403,-253
113900071,56,104,-48
113900072,73,131,-58
113900073,327,227,100
113900074,498,596,-98
113900075,1072,1117,-45
113900076,179,17,162
113900077,30,173,-143
113900078,34,111,-77
113900079,3,25,-22
113900080,447,176,271
113900081,38,120,-82
113900082,110,182,-72
113900083,353,254,99
113900084,200,97,103
113900085,57,275,-218
113900086,55,18,37
113900087,69,115,-46
113900088,69,122,-53
113900089,340,41,299
113900090,601,311,290
113900091,21,20,1
113900092,37,67,-30
113900093,74,799,-725
113900094,533,238,295
113900095,131,115,16
113900096,219,65,154
113900097,61,112,-51
113900098,715,85,630
113900099,2,30,-28
113900100,1,4,-3
113900101,8,71,-63
113900102,87,169,-82
113900103,280,314,-34
113900104,130,203,-73
113900105,142,145,-3
113900106,0,43,-43
113900107,2,19,-17
113900108,177,235,-58
113900109,375,191,184
113900110,50,36,14
113900111,153,75,78
113900112,112,33,79
113900113,744,431,313
113900114,0,44,-44
113900115,0,75,-75
113900116,82,161,-79
113900117,96,41,55
113900118,187,436,-249
113900119,174,387,-213
113900120,65,85,-20
113900121,57,83,-26
113900122,289,2131,-1842
113900123,456,199,257
113900124,0,52,-52
113900125,664,123,541
113900126,83,29,54
113900127,282,670,-388
113900128,136,85,51
113900129,10,168,-158
113900130,2,59,-57
113900131,249,62,187
113900132,77,82,-5
113900133,16,76,-60
113900135,296,219,77
113900136,92,72,20
113900137,309,295,14
113900138,53,117,-64
113900139,204,241,-37
113900140,158,332,-174
113900141,559,201,358
113900142,119,51,68
113900143,21,42,-21
113900144,131,216,-85
113900145,367,130,237
113900146,172,31,141
113900148,135,298,-163
113900149,139,85,54
113900150,351,400,-49
113900151,366,212,154
113900152,34,42,-8
113900153,173,441,-268
113900154,4,121,-117
113900155,158,188,-30
113900156,207,328,-121
113900157,53,297,-244
113900158,189,345,-156
113900159,28,189,-161
113900160,526,441,85
113900161,49,196,-147
113900162,301,590,-289
113900163,207,204,3
113900164,247,64,183
113900165,661,371,290
113900166,81,121,-40
113900167,272,45,227
113900168,92,74,18
113900169,195,258,-63
113900171,200,108,92
113900172,11,132,-121
113900173,27,440,-413
113900174,406,488,-82
113900175,337,124,213
113900176,329,360,-31
113900177,330,187,143
113900178,340,83,257
113900179,27,337,-310
113900180,115,83,32
113900181,762,121,641
113900182,677,709,-32
113900183,42,56,-14
113900184,11,292,-281
113900185,184,77,107
113900186,47,30,17
113900187,40,129,-89
113900188,49,130,-81
113900189,276,125,151
113900190,201,133,68
113900191,77,149,-72
113900192,3,414,-411
113900193,21,119,-98
113900194,1195,745,450
113900195,264,314,-50
113900196,28,123,-95
113900197,3,125,-122
113900198,17,257,-240
113900199,108,506,-398
113900200,21,178,-157
113900201,1,118,-117
113900202,24,237,-213
113900203,4,62,-58
113900204,27,405,-378
113900205,4,165,-161
113900206,3,132,-129
113900207,0,29,-29
113900208,0,47,-47
113900209,0,53,-53
113900210,462,659,-197
113900211,138,66,72
113900212,194,366,-172
113900214,244,385,-141
113900215,70,81,-11
113900216,99,476,-377
113900217,79,174,-95
113900218,159,85,74
113900219,76,264,-188
113900220,118,108,10
113900221,298,271,27
113900222,239,460,-221
113900223,162,561,-399
113900224,105,63,42
113900225,637,182,455
113900226,375,128,247
113900227,468,214,254
113900228,221,435,-214
113900229,67,699,-632
113900230,3047,3155,-108
113900231,152,123,29
113900232,110,79,31
113900233,74,64,10
113900234,337,415,-78
113900235,100,39,61
113900236,222,207,15
113900237,245,7,238
113900238,229,502,-273
113900239,65,104,-39
113900240,4,174,-170
113900241,107,58,49
113900242,51,166,-115
113900243,76,327,-251
113900244,238,174,64
113900245,1013,236,777
113900246,8,26,-18
113900247,135,440,-305
113900248,1822,1669,153
113900249,658,494,164
113900250,71,132,-61
113900251,705,117,588
113900252,547,18,529
113900253,567,51,516
113900254,725,121,604
113900255,472,16,456
113900256,367,27,340
113900257,21,362,-341
113900258,21,266,-245
113900259,571,118,453
113900260,215,8,207
113900261,21,72,-51
113900262,136,422,-286
113900263,93,487,-394
113900264,1,317,-316
113900265,172,266,-94
113900266,20,160,-140
113900267,81,386,-305
113900268,342,350,-8
113900269,87,127,-40
113900270,187,505,-318
113900271,571,777,-206
113900273,20,17,3
113900274,71,43,28
113900275,39,82,-43
113900276,0,98,-98
113900277,128,7,121
113900278,222,191,31
113900279,65,64,1
113900280,1391,415,976
113900281,492,1201,-709
113900282,677,671,6
113900283,361,419,-58
113900284,647,107,540
113900285,96,40,56
113900286,22,82,-60
113900287,59,27,32
113900288,1,88,-87
113900289,629,92,537
113900290,197,278,-81
113900291,105,79,26
113900292,22,1,21
113900293,10,160,-150
113900294,498,25,473
113900295,387,401,-14
113900296,1469,385,1084
113900297,1962,31,1931
113900298,10,1427,-1417
113900299,112,90,22
113900300,3308,3354,-46
113900301,965,376,589
113900302,1887,891,996
113900303,317,466,-149
113900304,3,68,-65
113900305,96,0,96
113900306,79,6,73
113900307,19,0,19
113900308,65,113,-48
113900309,2,392,-390
113900310,0,6,-6
113900311,12,3,9
113900312,167,245,-78
113900313,18,6,12
113900314,0,7,-7
113900315,39,1,38
114000001,823,1616,-793
114000002,316,271,45
114000003,257,668,-411
114000004,423,354,69
114000005,284,198,86
114000006,1840,1652,188
114000007,530,891,-361
114000008,1108,1595,-487
114000009,814,239,575
114000011,2666,1827,839
114000012,2901,1439,1462
114000013,1585,1103,482
114000014,608,384,224
114000015,1778,272,1506
114000016,263,203,60
114000017,105,385,-280
114000018,141,28,113
114000026,2049,830,1219
114000027,3287,1638,1649
114000028,2302,2341,-39
114000038,311,131,180
114000039,166,124,42
114000040,136,198,-62
114000042,198,112,86
114000043,334,225,109
114000044,364,125,239
114000045,42,68,-26
114000046,2401,3716,-1315
114000047,7,79,-72
114000048,128,134,-6
114000049,1332,1226,106
114000050,1499,1770,-271
114000051,2750,1888,862
114000052,3210,1990,1220
114000053,94,686,-592
114000054,214,703,-489
114000055,271,53,218
114000056,481,916,-435
114000057,3556,1493,2063
114000058,365,1457,-1092
114000059,187,290,-103
114000060,445,724,-279
114000061,2376,2901,-525
114000062,1277,1395,-118
114000063,1773,1138,635
114000064,3622,3639,-17
114000065,1362,1829,-467
114000066,473,549,-76
114000067,27,674,-647
114000068,512,684,-172
114000069,721,442,279
114000070,1932,1595,337
114000071,711,355,356
114000072,721,180,541
114000073,10,66,-56
114000074,47,19,28
114000075,64,41,23
114000076,31,79,-48
114000077,5,18,-13
114000078,557,399,158
114000079,197,14,183
114000080,89,86,3
114000081,102,74,28
114000082,39,281,-242
114000083,96,170,-74
114000084,298,120,178
114000085,100,442,-342
114000086,266,292,-26
114000087,121,102,19
114000088,53,25,28
114000089,502,273,229
114000090,786,849,-63
114000091,1004,718,286
114000092,860,403,457
114000093,1300,689,611
114000094,434,411,23
114000095,222,158,64
114000096,92,283,-191
114000097,156,412,-256
114000098,649,63,586
114000099,771,372,399
114000100,1631,451,1180
114000101,432,518,-86
114000102,606,300,306
114000103,147,222,-75
114000104,70,179,-109
114000105,106,55,51
114000106,618,1197,-579
114000107,480,123,357
114000108,1447,935,512
114000109,759,1502,-743
114000110,634,1053,-419
114000111,1837,787,1050
114000112,552,1579,-1027
114000113,1683,477,1206
114000114,1082,1043,39
114000115,2357,1118,1239
114000116,845,1872,-1027
114000117,3065,523,2542
114000118,2766,454,2312
114000119,1844,426,1418
114000120,567,525,42
114000121,460,654,-194
114000122,386,238,148
114000123,1978,356,1622
114000124,976,275,701
114000125,897,960,-63
114000126,2293,260,2033
114000127,248,122,126
114000128,843,269,574
114000130,525,460,65
114000131,294,99,195
114000132,532,351,181
114000133,725,932,-207
114000134,82,84,-2
114000138,45,131,-86
114000139,418,246,172
114000144,896,483,413
114000145,78,117,-39
114000146,111,165,-54
114000147,1243,2070,-827
114000148,1614,1675,-61
114000149,372,281,91
114000150,978,1292,-314
114000151,1395,2409,-1014
114000152,63,32,31
114000153,748,1935,-1187
114000154,640,735,-95
114000155,1174,2048,-874
114000156,619,507,112
114000157,251,988,-737
114000158,1193,563,630
114000159,189,374,-185
114000160,139,329,-190
114000161,1279,2794,-1515
114000162,1185,2527,-1342
114000163,14,73,-59
114000165,518,341,177
114000166,494,430,64
114000167,2264,1465,799
114000168,611,491,120
114000169,1297,1254,43
114000170,1201,1041,160
114000171,988,4214,-3226
114000174,187,314,-127
114000176,344,347,-3
114000177,1309,601,708
114000178,43,36,7
114000179,1117,805,312
114000180,343,473,-130
114000181,1403,3338,-1935
114000182,1584,1873,-289
114000183,765,736,29
114000184,2015,757,1258
114000185,1045,735,310
114000189,1121,125,996
114000190,2898,403,2495
114000191,39,107,-68
114000192,129,845,-716
114000193,417,1532,-1115
114000194,1308,714,594
114000195,213,50,163
114000196,0,145,-145
114000197,1472,59,1413
114000198,595,262,333
114000199,1560,1649,-89
114000200,568,1157,-589
114000201,125,555,-430
114000202,839,419,420
114000203,608,530,78
114000204,146,377,-231
114000205,218,1159,-941
114000206,589,1157,-568
114000207,552,1057,-505
114000208,408,1557,-1149
114000209,513,1462,-949
114000210,238,724,-486
114000211,953,1508,-555
114000212,641,754,-113
114000213,1461,503,958
114000214,89,149,-60
114000215,175,57,118
114000216,1372,393,979
114000217,431,220,211
114000218,132,197,-65
114000219,1221,162,1059
114000220,49,663,-614
114000221,874,130,744
114000222,133,757,-624
114000223,483,160,323
114000224,53,460,-407
114000225,233,385,-152
114000226,186,180,6
114000227,830,494,336
114000228,825,553,272
114000229,1248,951,297
114000230,1613,889,724
114000231,919,1135,-216
114000232,947,132,815
114000233,1976,103,1873
114000234,1027,700,327
114000235,988,997,-9
114000236,0,316,-316
114000237,126,648,-522
114000238,213,188,25
114000239,189,777,-588
114000240,780,912,-132
114000241,254,777,-523
114000242,691,662,29
114000243,1744,767,977
114000244,1102,255,847
114000245,370,834,-464
114000246,96,72,24
114000247,1044,546,498
114000248,1457,471,986
114000249,491,576,-85
114000250,622,438,184
114000251,398,182,216
114000252,82,48,34
114000253,49,56,-7
114000254,57,62,-5
114000255,474,181,293
114000256,815,1958,-1143
114000257,527,932,-405
114000258,359,376,-17
114000259,121,293,-172
114000260,0,31,-31
114000261,41,42,-1
114000262,330,106,224
114000263,12,2,10
114000264,1237,307,930
114000265,0,0,0
114000267,3,1715,-1712
114000268,0,929,-929
114000270,140,12,128
114000271,386,52,334
114000283,1380,323,1057
114000285,14,143,-129
114000288,118,285,-167
114000289,1369,182,1187
114000293,200,326,-126
114000294,204,230,-26
114000395,1559,33,1526
114000396,681,527,154
114000402,503,203,300
114000403,299,260,39
114000405,185,273,-88
114000423,374,224,150
114000424,534,132,402
114000425,946,237,709
114000426,289,793,-504
114000427,35,77,-42
114000428,163,191,-28
114000429,8,182,-174
114000432,108,59,49
114000434,25,83,-58
114000435,1,147,-146
114900001,618,618,0
114900002,566,144,422
114900003,689,792,-103
114900004,205,404,-199
114900005,556,470,86
114900006,61,46,15
114900007,262,18,244
114900008,183,68,115
114900010,1218,1502,-284
114900011,238,123,115
114900013,220,147,73
114900018,1147,38,1109
114900020,169,82,87
114900022,10,706,-696
114900025,498,151,347
114900026,95,115,-20
114900029,171,39,132
114900030,335,154,181
114900031,423,31,392
114900032,277,28,249
114900034,62,149,-87
114900035,101,249,-148
114900036,184,429,-245
114900039,479,268,211
114900040,51,97,-46
114900041,796,290,506
114900042,853,383,470
114900044,178,42,136
114900047,187,1975,-1788
114900048,121,225,-104
114900049,20,170,-150
114900050,53,240,-187
114900051,37,299,-262
114900052,66,285,-219
114900053,182,222,-40
114900054,27,92,-65
114900057,184,12,172
114900058,1,52,-51
114900059,83,68,15
114900063,81,129,-48
114900064,1592,319,1273
114900065,418,564,-146
114900067,94,365,-271
114900068,78,215,-137
114900069,177,88,89
114900070,559,273,286
114900072,5,259,-254
114900073,1,138,-137
114900074,695,434,261
114900075,240,9,231
114900076,7,265,-258
114900080,1342,280,1062
114900082,2689,2114,575
114900083,806,813,-7
114900090,410,176,234
114900091,107,126,-19
114900097,195,3,192
114900098,6,182,-176
114900099,177,6,171
115000001,3800,2394,1406
115000002,3795,4330,-535
115000003,3783,1956,1827
115000004,4729,5579,-850
115000005,1522,1665,-143
115000006,1115,1305,-190
115000007,266,163,103
115000008,371,600,-229
115000009,240,183,57
115000010,270,167,103
115000013,73,227,-154
115000015,75,334,-259
115000016,60,244,-184
115000019,46,382,-336
115000020,93,601,-508
115000021,194,357,-163
115000022,417,309,108
115000023,372,546,-174
115000024,812,331,481
115000025,827,629,198
115000026,195,302,-107
115000027,317,305,12
115000028,203,592,-389
115000029,655,96,559
115000030,628,911,-283
115000031,1311,194,1117
115000032,7,294,-287
115000033,269,32,237
115000034,76,1011,-935
115000035,1021,62,959
115000036,0,284,-284
115000037,588,19,569
115000038,42,154,-112
115000039,2957,2900,57
115000040,4023,2526,1497
115000041,1249,3302,-2053
115000042,874,455,419
115000043,3794,2030,1764
115000044,3483,2762,721
115000045,2248,1142,1106
115000046,2636,2118,518
115000047,2325,1297,1028
115000048,1601,1564,37
115000049,1564,2379,-815
115000050,2990,1695,1295
115000051,1543,3150,-1607
115000052,1683,1544,139
115000053,1837,1839,-2
115000054,574,972,-398
115000055,219,1145,-926
115000056,279,421,-142
115000057,453,1248,-795
115000058,260,409,-149
115000059,152,97,55
115000061,155,161,-6
115000062,151,211,-60
115000063,355,253,102
115000064,225,83,142
115000065,63,444,-381
115000067,220,30,190
115000069,73,245,-172
115000070,20,694,-674
115000071,112,16,96
115000072,12,48,-36
115000073,1196,74,1122
115000075,111,67,44
115000076,2423,1857,566
115000077,1804,1444,360
115000078,1088,893,195
115000079,1303,1231,72
115000080,2506,1591,915
115000081,387,583,-196
115000082,3862,3103,759
115000083,1812,1365,447
115000084,2419,922,1497
115000085,791,601,190
115000086,1262,733,529
115000087,426,1126,-700
115000088,1574,645,929
115000089,1278,986,292
115000090,510,835,-325
115000091,214,741,-527
115000092,708,343,365
115000093,468,4,464
115000094,4887,5324,-437
115000095,3696,5704,-2008
115000096,795,986,-191
115000097,1058,787,271
115000098,1143,546,597
115000099,2434,1780,654
115000100,1214,318,896
115000101,379,1057,-678
115000102,478,239,239
115000103,247,551,-304
115000105,78,111,-33
115000106,712,275,437
115000107,177,345,-168
115000108,2320,2031,289
115000109,3264,4150,-886
115000110,1202,1440,-238
115000111,587,1184,-597
115000112,587,627,-40
115000113,474,624,-150
115000114,1628,534,1094
115000116,3038,2004,1034
115000117,3019,2462,557
115000118,1832,1467,365
115000119,1549,1689,-140
115000120,540,1281,-741
115000121,1031,711,320
115000122,2029,1390,639
115000123,1000,2140,-1140
115000124,660,843,-183
115000125,267,530,-263
115000126,129,269,-140
115000127,271,82,189
115000128,364,712,-348
115000129,237,379,-142
115000130,427,535,-108
115000131,767,246,521
115000132,282,270,12
115000133,521,221,300
115000134,270,213,57
115000135,195,123,72
115000136,244,249,-5
115000137,141,131,10
115000138,351,257,94
115000139,317,168,149
115000140,432,257,175
115000141,162,159,3
115000142,159,152,7
115000143,788,558,230
115000144,536,68,468
115000145,210,228,-18
115000146,398,338,60
115000147,293,471,-178
115000148,223,612,-389
115000149,700,190,510
115000150,656,474,182
115000151,1065,398,667
115000152,657,537,120
115000153,1165,392,773
115000154,853,235,618
115000155,523,612,-89
115000156,975,510,465
115000157,532,620,-88
115000158,382,384,-2
115000159,566,473,93
115000160,407,304,103
115000161,96,367,-271
115000162,571,771,-200
115000163,415,585,-170
115000164,691,566,125
115000165,378,457,-79
115000167,146,66,80
115000168,500,296,204
115000169,470,316,154
115000170,119,172,-53
115000171,291,242,49
115000172,840,569,271
115000173,309,575,-266
115000174,64,313,-249
115000175,170,63,107
115000176,73,91,-18
115000177,45,47,-2
115000178,8,164,-156
115000179,12,23,-11
115000180,120,359,-239
115000181,648,98,550
115000182,950,223,727
115000183,334,623,-289
115000186,668,215,453
115000187,212,498,-286
115000188,378,363,15
115000189,224,342,-118
115000190,640,338,302
115000191,139,491,-352
115000194,108,145,-37
115000195,249,266,-17
115000196,287,93,194
115000197,353,154,199
115000198,421,164,257
115000199,338,111,227
115000200,399,78,321
115000201,186,269,-83
115000206,534,36,498
115000207,150,244,-94
115000208,295,385,-90
115000209,654,338,316
115000210,128,153,-25
115000211,176,210,-34
115000212,1106,317,789
115000224,362,98,264
115000225,46,96,-50
115000229,129,98,31
115000230,95,254,-159
115000231,257,1044,-787
115000232,1744,239,1505
115000233,99,144,-45
115000234,26,259,-233
115000241,86,135,-49
115000242,106,180,-74
115000243,43,186,-143
115000244,10,100,-90
115000246,60,30,30
115000247,48,16,32
115000248,26,15,11
115000249,17,12,5
115000250,304,50,254
115000251,244,102,142
115000252,112,226,-114
115000253,17,380,-363
115000258,309,130,179
115000259,275,106,169
115000261,11,10,1
115000262,14,25,-11
115000263,47,46,1
115000264,37,45,-8
115000267,64,61,3
115000268,46,103,-57
115000269,133,65,68
115000270,14,8,6
115000272,67,87,-20
115000273,341,29,312
115000280,1824,371,1453
115000281,352,1170,-818
115000282,430,631,-201
115000284,224,138,86
115000296,1054,3,1051
115000297,125,188,-63
115000298,44,467,-423
115000300,174,150,24
115000302,543,91,452
115000303,759,93,666
115000304,825,47,778
115000305,98,373,-275
115000306,169,170,-1
115000307,106,209,-103
115000308,32,36,-4
115000309,12,46,-34
115000310,1117,587,530
115000311,996,886,110
115000313,153,434,-281
115000314,470,144,326
115000315,691,595,96
115000316,56,90,-34
115000317,136,329,-193
115000318,752,297,455
115000319,52,243,-191
115000320,9,214,-205
115000321,218,7,211
115000322,43,152,-109
115000449,207,182,25
115000557,3,1342,-1339
115000558,225,96,129
115000587,529,227,302
115000588,1816,1763,53
115000589,3461,1952,1509
115000590,1002,1217,-215
115000591,1539,535,1004
115000592,516,1600,-1084
115000593,1431,538,893
115000594,547,2352,-1805
115000609,220,201,19
115000617,898,2756,-1858
115000624,240,67,173
115000633,355,1555,-1200
115000634,2254,690,1564
115000635,568,125,443
115000638,610,476,134
115000641,63,133,-70
115000642,319,237,82
115000643,101,427,-326
115000644,115,304,-189
115000646,848,1329,-481
115000647,155,343,-188
115000648,2021,1233,788
115000893,2157,1362,795
115000894,110,956,-846
115000895,367,890,-523
115000896,1163,366,797
115000897,467,168,299
115000898,355,227,128
115000899,325,1053,-728
115000900,62,309,-247
115000901,49,118,-69
115000912,385,108,277
115000913,9,15,-6
115000915,7,1,6
115000916,2,0,2
115000917,1,9,-8
115000918,70,382,-312
115000919,9,10,-1
115000920,13,45,-32
115000921,411,77,334
115000922,774,713,61
115000923,332,1331,-999
115000925,125,100,25
115000927,47,54,-7
115000933,261,279,-18
115000934,106,137,-31
115000935,137,79,58
115000936,26,718,-692
115000937,680,190,490
115000938,171,283,-112
115000939,171,259,-88
115000940,7,7,0
115000941,5,26,-21
115000942,35,112,-77
115000943,23,26,-3
115000944,3,8,-5
115900001,174,33,141
115900002,68,123,-55
115900003,167,64,103
115900004,0,39,-39
115900005,216,19,197
115900006,154,195,-41
115900008,80,12,68
115900009,90,138,-48
115900010,302,126,176
115900011,486,196,290
115900012,228,43,185
115900013,309,93,216
115900014,116,86,30
115900015,183,60,123
115900016,97,19,78
115900017,28,10,18
115900018,148,45,103
115900019,31,9,22
115900020,81,3,78
115900021,877,180,697
115900022,1065,6,1059
115900023,27,7,20
115900025,35,225,-190
115900026,620,128,492
115900027,0,228,-228
115900028,498,47,451
115900029,30,258,-228
115900030,26,25,1
115900031,241,276,-35
115900032,387,452,-65
115900033,0,45,-45
115900034,29,259,-230
115900035,51,15,36
115900036,72,816,-744
115900037,52,232,-180
115900038,65,9,56
115900039,177,116,61
115900041,379,699,-320
115900042,35,14,21
115900043,87,61,26
115900044,268,249,19
115900046,289,188,101
115900047,145,186,-41
115900049,159,166,-7
115900051,5,36,-31
115900052,4,130,-126
115900053,223,149,74
115900054,336,43,293
115900055,16,60,-44
115900056,229,187,42
115900057,35,4,31
115900058,26,46,-20
115900060,66,92,-26
115900061,292,1,291
115900062,25,239,-214
115900063,90,10,80
115900064,181,184,-3
115900065,125,56,69
115900066,151,94,57
115900067,14,495,-481
115900068,2142,1145,997
115900069,58,128,-70
115900070,177,88,89
115900071,0,254,-254
115900072,47,109,-62
115900073,79,106,-27
115900074,4,215,-211
115900075,22,140,-118
115900076,8,42,-34
115900077,4,177,-173
115900078,72,193,-121
115900079,215,17,198
115900080,274,169,105
115900081,15,45,-30
115900082,123,215,-92
115900084,445,10,435
115900085,38,104,-66
115900086,1192,433,759
115900088,36,81,-45
115900089,386,441,-55
115900090,386,7,379
115900091,9,41,-32
115900092,26,93,-67
115900093,18,21,-3
115900094,8,187,-179
115900096,3,6,-3
115900097,8,217,-209
115900098,205,252,-47
115900099,331,106,225
115900100,20,360,-340
115900101,186,199,-13
115900102,79,65,14
115900103,216,113,103
115900104,93,91,2
115900105,265,368,-103
115900106,88,31,57
115900107,101,84,17
115900108,157,37,120
115900109,49,270,-221
115900110,3,12,-9
115900111,0,65,-65
115900112,48,554,-506
115900113,68,50,18
115900114,6,94,-88
115900115,82,142,-60
115900116,79,614,-535
115900117,115,13,102
115900118,5,267,-262
115900119,148,103,45
115900120,22,187,-165
115900121,215,158,57
115900124,313,627,-314
115900125,361,46,315
115900126,647,43,604
115900127,732,33,699
115900128,4,81,-77
115900129,652,76,576
115900130,11,224,-213
115900131,296,16,280
115900132,516,9,507
115900134,370,10,360
115900135,394,959,-565
115900137,34,2,32
115900139,31,68,-37
115900140,288,46,242
115900141,10,33,-23
115900142,9,25,-16
115900143,256,239,17
115900144,135,144,-9
115900146,5,35,-30
115900147,210,259,-49
115900148,74,5,69
115900149,116,21,95
115900150,69,24,45
115900151,18,120,-102
115900152,140,201,-61
115900153,123,146,-23
115900154,402,317,85
115900155,0,38,-38
115900156,645,697,-52
115900157,237,393,-156
115900158,16,9,7
115900159,114,137,-23
115900160,10,18,-8
115900161,40,107,-67
115900163,221,90,131
115900164,492,34,458
115900166,149,86,63
115900168,109,139,-30
115900171,106,288,-182
115900172,55,133,-78
115900173,192,105,87
115900174,200,205,-5
115900175,126,163,-37
115900178,7,423,-416
115900179,289,6,283
115900180,28,83,-55
115900181,187,118,69
115900182,399,147,252
115900183,53,41,12
115900184,1089,6,1083
115900187,9,95,-86
115900189,0,212,-212
115900190,110,1162,-1052
115900191,26,262,-236
115900192,5,156,-151
115900193,290,78,212
115900194,615,64,551
115900195,499,1955,-1456
115900198,231,245,-14
115900199,174,162,12
115900200,190,301,-111
115900201,341,348,-7
115900202,1,44,-43
115900203,3,17,-14
115900204,0,5,-5
115900205,45,17,28
115900206,203,95,108
115900207,40,20,20
115900208,93,91,2
115900209,3,129,-126
115900210,2,122,-120
115900211,5,207,-202
115900212,136,162,-26
115900213,73,115,-42
115900214,553,178,375
115900215,27,198,-171
115900216,1,89,-88
115900217,21,48,-27
115900218,4,21,-17
115900219,136,8,128
115900220,208,11,197
115900221,106,5,101
115900222,73,33,40
115900223,12,421,-409
115900224,782,1408,-626
115900225,62,50,12
115900226,8,25,-17
115900227,11,60,-49
115900228,8,40,-32
115900229,11,27,-16
115900230,41,73,-32
115900231,114,3,111
115900232,48,2,46
115900233,86,15,71
115900234,54,25,29
115900235,35,38,-3
115900236,147,41,106
115900237,53,30,23
115900238,62,20,42
115900239,16,39,-23
115900240,20,47,-27
115900241,238,82,156
115900242,241,323,-82
115900243,9,8,1
115900244,25,17,8
115900245,68,16,52
115900246,22,16,6
115900247,31,11,20
115900248,23,6,17
115900249,8,24,-16
115900250,9,28,-19
115900251,0,16,-16
115900252,3,8,-5
115900253,9,37,-28
115900254,5,27,-22
115900255,2,13,-11
115900256,14,23,-9
115900257,12,13,-1
115900258,0,0,0
115900259,8,5,3
115900260,13,2,11
115900261,14,2,12
115900262,5,1,4
115900263,21,0,21
115900264,12,1,11
115900265,0,8,-8
115900266,2,18,-16
115900267,11,14,-3
115900268,9,25,-16
115900269,530,251,279
115900270,315,214,101
115900271,141,0,141
115900272,39,9,30
115900273,11,31,-20
115900274,11,9,2
115900275,2,10,-8
115900276,0,15,-15
115900277,1,46,-45
115900278,40,80,-40
115900279,23,134,-111
115900280,17,375,-358
115900281,296,243,53
115900282,14,10,4
115900283,18,23,-5
115900284,22,9,13
116000001,7013,3450,3563
116000002,4420,10847,-6427
116000003,1337,1271,66
116000004,3089,3694,-605
116000005,1994,2265,-271
116000006,2395,2537,-142
116000007,2142,2289,-147
116000008,3502,1988,1514
116000009,1167,1628,-461
116000010,2279,1434,845
116000011,805,1458,-653
116000012,1459,1003,456
116000013,5710,3012,2698
116000014,7543,11248,-3705
116000015,144,1091,-947
116000016,3872,3016,856
116000017,44,619,-575
116000018,615,189,426
116000019,701,246,455
116000020,526,526,0
116000021,420,214,206
116000022,384,331,53
116000023,999,617,382
116000024,564,696,-132
116000025,780,705,75
116000026,1344,1941,-597
116000027,477,511,-34
116000028,476,804,-328
116000029,433,539,-106
116000030,850,457,393
116000031,157,327,-170
116000032,312,186,126
116000033,355,350,5
116000034,598,734,-136
116000035,297,559,-262
116000036,1013,1166,-153
116000037,500,409,91
116000038,281,427,-146
116000039,390,380,10
116000040,630,415,215
116000041,93,309,-216
116000042,541,263,278
116000043,90,538,-448
116000044,16,74,-58
116000045,1486,1100,386
116000046,829,1449,-620
116000047,1153,1848,-695
116000048,1508,1541,-33
116000049,1042,2705,-1663
116000050,1403,1085,318
116000051,5376,2236,3140
116000052,5310,4027,1283
116000053,1751,675,1076
116000054,797,1829,-1032
116000055,707,737,-30
116000056,906,920,-14
116000057,2020,1089,931
116000058,2325,2062,263
116000059,2212,3290,-1078
116000060,1552,935,617
116000061,542,938,-396
116000062,580,195,385
116000063,619,1155,-536
116000066,289,555,-266
116000067,201,417,-216
116000068,193,286,-93
116000069,225,289,-64
116000078,564,950,-386
116000080,1591,689,902
116000082,4,36,-32
116000083,1792,429,1363
116000084,1857,2823,-966
116000085,2088,1897,191
116000086,1689,989,700
116000087,2074,1537,537
116000088,762,791,-29
116000089,226,82,144
116000090,90,147,-57
116000091,447,345,102
116000093,762,585,177
116000094,748,597,151
116000095,829,471,358
116000096,654,1500,-846
116000097,853,571,282
116000098,101,6736,-6635
116000099,4931,283,4648
116000100,273,21,252
116000101,894,608,286
116000102,270,791,-521
116000103,482,265,217
116000104,217,899,-682
116000105,1096,157,939
116000106,718,1406,-688
116000107,2948,445,2503
116000108,705,206,499
116000111,138,44,94
116000113,110,94,16
116000114,32,127,-95
116000115,300,111,189
116000116,286,346,-60
116000117,1392,1674,-282
116000118,1298,918,380
116000119,3481,1777,1704
116000120,2672,2967,-295
116000121,868,515,353
116000122,1040,1169,-129
116000123,1083,458,625
116000124,374,592,-218
116000125,2895,728,2167
116000126,243,1035,-792
116000127,823,889,-66
116000128,1713,714,999
116000129,1326,239,1087
116000130,571,390,181
116000133,1127,686,441
116000134,1580,1387,193
116000135,2460,1293,1167
116000136,899,1432,-533
116000137,1135,624,511
116000138,754,576,178
116000139,1453,1766,-313
116000140,140,180,-40
116000141,289,562,-273
116000142,2548,1992,556
116000143,1745,1678,67
116000144,1263,1570,-307
116000145,1683,947,736
116000146,676,149,527
116000147,206,143,63
116000148,494,542,-48
116000149,581,556,25
116000151,600,432,168
116000153,82,301,-219
116000155,185,193,-8
116000156,735,950,-215
116000157,131,15,116
116000158,295,307,-12
116000159,15,23,-8
116000160,7,25,-18
116000161,8,46,-38
116000162,41,87,-46
116000163,27,5,22
116000164,9,14,-5
116000177,685,72,613
116000194,123,323,-200
116000195,1254,586,668
116000196,14,16,-2
116000197,7,17,-10
116000198,1744,744,1000
116000200,549,539,10
116000201,526,520,6
116000202,5,301,-296
116000203,2,80,-78
116000204,22,49,-27
116000205,0,119,-119
116000206,4,134,-130
116000207,10,62,-52
116000233,169,340,-171
116000287,203,329,-126
116000288,309,160,149
116000292,46,68,-22
116000296,25,255,-230
116000297,82,19,63
116000304,113,49,64
116000305,30,53,-23
116000346,123,67,56
116000352,100,25,75
116000354,18,25,-7
116000357,45,70,-25
116000358,451,78,373
116000361,206,3,203
116000372,3301,4252,-951
116000381,107,2,105
116000388,0,63,-63
116000389,626,449,177
116000445,474,374,100
116000446,610,389,221
116000447,27,504,-477
116000448,462,180,282
116000563,692,769,-77
116000565,33,303,-270
116000568,76,302,-226
116000579,24,129,-105
116000583,102,59,43
116000584,22,7,15
116000585,17,11,6
116000586,33,43,-10
116000587,402,505,-103
116000589,33,50,-17
116000590,69,59,10
116000591,320,191,129
116000592,16,85,-69
116000593,1,36,-35
116000594,674,344,330
116000595,643,113,530
116000596,106,7,99
116000597,466,123,343
116000598,25,119,-94
116000605,238,94,144
116000606,66,255,-189
116000607,3,27,-24
116000609,151,947,-796
116000611,173,318,-145
116000612,847,1736,-889
116000613,588,268,320
116000614,393,409,-16
116000615,1,260,-259
116000616,37,40,-3
116000617,92,29,63
116000618,4,34,-30
116000619,69,69,0
116000620,151,118,33
116000621,85,86,-1
116000622,68,131,-63
116000624,315,113,202
116000627,99,37,62
116000628,40,230,-190
116000629,27,163,-136
116000630,431,20,411
116000631,167,62,105
116000632,919,56,863
116000633,223,204,19
116000634,442,125,317
116000635,2042,2050,-8
116000636,530,1152,-622
116000637,513,66,447
116000638,203,267,-64
116000639,61,2,59
116000640,24,14,10
116000641,32,90,-58
116000643,0,106,-106
116000644,31,271,-240
116000645,26,7,19
116900001,234,131,103
116900002,212,6,206
116900003,51,38,13
116900004,41,49,-8
116900005,255,41,214
116900006,147,195,-48
116900007,155,179,-24
116900008,411,219,192
116900009,22,4,18
116900010,2,848,-846
116900011,32,25,7
116900012,433,182,251
116900013,3,93,-90
116900014,183,113,70
116900016,241,1,240
116900017,0,413,-413
116900018,89,63,26
116900019,9,179,-170
116900020,694,1177,-483
116900023,129,12,117
116900025,941,633,308
116900026,106,443,-337
116900027,51,69,-18
116900028,7,98,-91
116900029,0,61,-61
116900031,1,2,-1
116900032,8,200,-192
116900033,18,7,11
116900034,6,51,-45
116900035,138,111,27
116900036,4,69,-65
116900038,28,3,25
116900041,49,8,41
116900042,468,179,289
116900043,23,39,-16
116900047,24,147,-123
116900049,55,300,-245
116900050,117,308,-191
116900051,197,119,78
116900052,201,54,147
116900055,3,12,-9
116900057,17,164,-147
116900058,25,272,-247
116900059,1,111,-110
116900060,136,160,-24
116900062,0,44,-44
116900064,72,441,-369
116900065,25,96,-71
116900067,85,53,32
116900068,122,137,-15
116900070,1,1,0
116900072,29,261,-232
116900073,15,92,-77
116900074,20,43,-23
116900076,23,40,-17
116900077,4,95,-91
116900078,193,60,133
116900079,50,145,-95
116900080,17,34,-17
116900081,348,863,-515
116900082,325,590,-265
116900083,46,24,22
116900084,81,64,17
116900085,36,104,-68
116900086,61,141,-80
116900088,274,77,197
116900090,127,37,90
116900091,359,23,336
116900092,91,516,-425
116900093,1529,1342,187
116900094,2657,3592,-935
116900095,154,85,69
116900096,89,287,-198
116900097,1840,2775,-935
116900098,655,323,332
116900099,533,642,-109
116900100,900,42,858
116900101,214,334,-120
116900103,11,0,11
116900104,108,88,20
116900105,254,98,156
116900106,1824,144,1680
116900107,2281,2555,-274
116900110,21,1,20
116900111,618,375,243
116900112,234,755,-521
116900113,1321,1657,-336
116900116,75,600,-525
116900117,148,81,67
116900118,535,733,-198
116900120,392,69,323
116900121,202,12,190
116900122,806,503,303
116900123,220,438,-218
116900124,141,693,-552
116900125,332,175,157
116900126,91,530,-439
116900128,0,30,-30
116900129,4,381,-377
116900130,477,3300,-2823
116900131,80,267,-187
116900132,42,90,-48
116900133,166,104,62
116900134,238,236,2
116900136,264,188,76
116900137,220,137,83
116900138,155,123,32
116900139,163,273,-110
116900140,163,141,22
116900141,729,301,428
116900142,4,71,-67
116900143,273,231,42
116900144,38,69,-31
116900145,45,120,-75
116900147,303,576,-273
116900148,4,36,-32
116900149,65,282,-217
116900150,9,6,3
116900151,43,14,29
116900153,154,72,82
116900154,326,514,-188
116900155,56,68,-12
116900157,658,191,467
116900158,106,239,-133
116900159,69,312,-243
116900160,797,630,167
116900161,3743,6330,-2587
116900162,10,65,-55
116900163,195,125,70
116900164,113,75,38
116900165,269,221,48
116900166,45,55,-10
116900167,409,51,358
116900168,416,70,346
116900169,348,573,-225
116900170,347,406,-59
116900171,35,114,-79
116900172,173,426,-253
116900173,203,29,174
116900174,53,66,-13
116900175,157,188,-31
116900178,29,78,-49
116900179,80,331,-251
116900180,87,17,70
116900182,415,290,125
116900183,176,103,73
116900185,27,40,-13
116900186,57,154,-97
116900187,120,54,66
116900188,132,22,110
116900189,60,7,53
116900191,401,594,-193
116900192,330,108,222
116900194,159,1166,-1007
116900195,51,18,33
116900196,12,73,-61
116900197,104,14,90
116900198,167,239,-72
116900200,97,31,66
116900201,126,5,121
116900202,102,30,72
116900203,145,7,138
116900204,57,88,-31
116900206,26,14,12
116900207,24,29,-5
116900208,8,99,-91
116900209,27,77,-50
116900210,462,264,198
116900211,215,5,210
116900212,95,42,53
116900213,230,131,99
116900214,188,128,60
116900215,67,66,1
116900216,290,141,149
116900218,4,174,-170
116900219,1235,289,946
116900220,147,202,-55
116900221,97,247,-150
116900222,381,319,62
116900223,116,240,-124
116900226,128,33,95
116900227,208,66,142
116900228,272,119,153
116900230,85,405,-320
116900233,641,127,514
116900234,14,7,7
116900235,146,171,-25
116900238,1317,245,1072
116900239,2,620,-618
116900240,3709,3434,275
116900241,87,71,16
116900242,626,578,48
116900243,1,19,-18
116900245,27,31,-4
116900246,135,36,99
116900247,870,37,833
116900248,105,34,71
116900249,380,86,294
116900250,397,30,367
116900251,305,467,-162
116900252,115,608,-493
116900254,23,85,-62
116900255,105,73,32
116900256,352,108,244
116900257,38,292,-254
116900258,4,138,-134
116900259,335,13,322
116900260,2,91,-89
116900261,82,1,81
116900262,233,175,58
116900263,1,4,-3
116900264,104,43,61
116900265,57,0,57
116900266,14,27,-13
116900267,11,3,8
116900268,70,100,-30
116900269,281,476,-195
116900271,791,298,493
116900272,340,196,144
116900273,107,68,39
116900274,131,46,85
116900275,166,76,90
116900276,323,201,122
116900277,365,26,339
116900278,8,4,4
116900279,4,13,-9
116900280,38,17,21
116900281,3782,4235,-453
116900282,1,58,-57
116900283,22,96,-74
116900284,10,149,-139
116900285,173,174,-1
116900286,147,15,132
116900287,3,22,-19
116900288,100,116,-16
116900289,17,9,8
116900290,14,10,4
116900291,33,12,21
116900292,1,26,-25
116900293,57,30,27
116900294,22,127,-105
116900295,122,81,41
116900296,52,107,-55
116900297,9,101,-92
116900298,90,87,3
116900299,26,67,-41
116900300,0,78,-78
116900301,47,146,-99
116900302,26,58,-32
116900303,149,66,83
116900304,1,178,-177
116900305,17,29,-12
116900306,249,68,181
116900307,89,1,88
116900308,0,75,-75
116900309,113,81,32
116900310,26,59,-33
117000001,1923,1351,572
117000002,1915,3308,-1393
117000003,5427,2831,2596
117000004,2741,3919,-1178
117000005,2133,1668,465
117000006,1120,2371,-1251
117000007,3747,1034,2713
117000008,940,2446,-1506
117000009,4321,1508,2813
117000010,2080,2834,-754
117000011,2190,1354,836
117000012,1191,1077,114
117000013,1645,685,960
117000014,1019,1707,-688
117000015,1886,1133,753
117000016,216,139,77
117000017,164,138,26
117000018,99,638,-539
117000019,100,38,62
117000020,455,1224,-769
117000021,1194,552,642
117000022,207,193,14
117000023,141,291,-150
117000024,129,302,-173
117000025,344,1165,-821
117000026,1589,1468,121
117000027,1276,3819,-2543
117000028,1817,1764,53
117000030,320,421,-101
117000031,386,285,101
117000032,1142,972,170
117000033,1153,587,566
117000034,299,260,39
117000035,379,275,104
117000036,466,289,177
117000037,284,194,90
117000038,170,455,-285
117000039,369,232,137
117000040,263,734,-471
117000041,1037,170,867
117000044,13,673,-660
117000045,582,103,479
117000046,401,613,-212
117000047,894,639,255
117000048,1500,701,799
117000049,99,470,-371
117000050,150,1385,-1235
117000051,2136,91,2045
117000052,54,175,-121
117000053,634,38,596
117000054,1624,6,1618
117000055,80,2241,-2161
117000056,677,35,642
117000057,656,1873,-1217
117000060,399,970,-571
117000061,1521,755,766
117000062,301,535,-234
117000063,1671,820,851
117000064,531,535,-4
117000066,647,660,-13
117000067,101,595,-494
117000074,93,177,-84
117000076,105,41,64
117000077,140,162,-22
117000078,130,678,-548
117000079,374,218,156
117000080,1,255,-254
117000081,921,89,832
117000082,16,94,-78
117000083,72,4,68
117000084,142,3,139
117000085,246,801,-555
117000086,755,346,409
117000087,71,501,-430
117000088,267,136,131
117000089,1530,256,1274
117000090,304,1000,-696
117000091,822,212,610
117000092,465,927,-462
117000093,1313,575,738
117000094,1293,1897,-604
117000095,3419,714,2705
117000096,701,1602,-901
117000097,1467,963,504
117000098,2087,2794,-707
117000099,3595,1212,2383
117000100,223,327,-104
117000101,169,770,-601
117000102,1739,561,1178
117000103,656,1107,-451
117000104,1410,519,891
117000105,716,1056,-340
117000106,1292,608,684
117000107,482,1253,-771
117000108,1783,864,919
117000109,1120,1708,-588
117000110,1504,966,538
117000111,3113,3225,-112
117000112,3133,1373,1760
117000113,159,217,-58
117000114,322,128,194
117000115,89,81,8
117000116,134,201,-67
117000117,1302,943,359
117000118,281,164,117
117000119,167,193,-26
117000120,100,547,-447
117000121,67,884,-817
117000122,321,701,-380
117000123,1259,42,1217
117000124,352,109,243
117000125,139,117,22
117000126,56,15,41
117000127,130,234,-104
117000128,282,762,-480
117000129,310,839,-529
117000130,149,0,149
117000131,0,125,-125
117000132,2992,35,2957
117000133,1737,31,1706
117000134,2,63,-61
117000135,3,69,-66
117000136,3,25,-22
117000137,136,128,8
117000138,7,569,-562
117000140,391,1001,-610
117000141,1712,512,1200
117000181,418,150,268
117000182,378,667,-289
117000195,150,631,-481
117000196,198,154,44
117000225,81,58,23
117000226,5,127,-122
117000276,325,17,308
117000277,0,265,-265
117000310,1299,1867,-568
117000315,62,544,-482
117000320,90,1,89
117000906,451,19,432
117000907,16,270,-254
117000909,53,44,9
117000910,178,198,-20
117000911,97,199,-102
117000915,6,347,-341
117000916,49,5,44
117000917,1234,47,1187
117000918,65,52,13
117000919,3,46,-43
117000920,3,995,-992
117000921,1,818,-817
117000922,24,64,-40
117000924,378,596,-218
117000926,523,119,404
117000927,819,944,-125
117000928,1,118,-117
117000929,287,259,28
117000930,296,30,266
117000931,162,151,11
117900002,74,456,-382
117900003,458,370,88
117900005,23,85,-62
117900006,0,51,-51
117900007,199,80,119
117900008,0,22,-22
117900010,311,58,253
117900011,14,116,-102
117900012,82,67,15
117900013,0,119,-119
117900014,639,90,549
117900015,25,73,-48
117900016,915,774,141
117900017,566,257,309
117900018,144,176,-32
117900019,462,207,255
117900020,55,397,-342
117900021,29,54,-25
117900023,756,71,685
117900024,43,46,-3
117900025,52,13,39
117900026,419,181,238
117900028,52,1,51
117900029,296,313,-17
117900030,499,179,320
117900031,118,81,37
117900032,899,804,95
117900033,299,310,-11
117900034,64,24,40
117900035,169,434,-265
117900036,186,223,-37
117900037,208,103,105
117900038,26,208,-182
117900039,5,46,-41
117900040,137,280,-143
117900041,3,55,-52
117900042,2665,239,2426
117900043,20,42,-22
117900044,9,2913,-2904
117900045,158,114,44
117900048,336,282,54
117900049,145,313,-168
117900050,14,112,-98
117900051,11,6,5
117900052,52,308,-256
117900053,1725,474,1251
117900054,1,51,-50
117900055,328,183,145
117900056,123,74,49
117900057,1125,1080,45
117900058,34,19,15
117900059,224,113,111
117900060,2318,4353,-2035
117900061,13,201,-188
117900063,322,131,191
117900065,678,1098,-420
117900066,8,69,-61
117900067,554,114,440
117900069,674,166,508
117900070,140,30,110
117900071,99,139,-40
117900073,472,204,268
117900074,102,54,48
117900075,64,63,1
117900076,31,53,-22
117900077,550,191,359
117900078,324,724,-400
117900080,126,32,94
117900081,417,313,104
117900082,356,357,-1
117900083,324,237,87
117900086,156,26,130
117900087,112,46,66
117900088,2615,1422,1193
117900089,2004,660,1344
117900090,558,306,252
117900091,110,200,-90
117900092,68,29,39
117900093,101,35,66
117900094,40,40,0
117900095,312,558,-246
117900096,114,236,-122
117900097,250,44,206
117900098,79,5,74
117900099,119,196,-77
117900100,276,6,270
117900101,454,1773,-1319
117900102,88,27,61
117900103,54,5,49
117900104,8,91,-83
117900105,124,185,-61
117900106,96,49,47
117900107,52,2,50
117900109,645,349,296
117900110,149,2,147
117900111,445,30,415
117900112,66,11,55
117900113,1831,1450,381
117900114,28,2,26
117900115,137,64,73
117900116,965,567,398
117900117,653,222,431
117900118,98,2,96
117900119,218,110,108
117900120,260,36,224
117900121,99,30,69
117900122,859,3273,-2414
117900123,700,333,367
117900124,831,780,51
117900125,1639,1677,-38
117900126,253,427,-174
117900127,495,310,185
117900128,386,501,-115
117900129,88,1,87
117900130,974,342,632
117900131,6,106,-100
117900132,15,77,-62
117900133,20,76,-56
117900134,71,269,-198
117900135,25,140,-115
117900136,0,28,-28
117900137,39,207,-168
117900138,0,30,-30
117900139,125,78,47
117900140,2464,308,2156
117900141,140,170,-30
117900142,81,51,30
117900144,38,221,-183
117900145,19,57,-38
117900146,152,123,29
117900147,55,50,5
117900148,2094,1562,532
117900149,256,183,73
117900150,40,22,18
117900151,44,65,-21
117900152,88,49,39
117900153,29,109,-80
117900154,383,452,-69
117900156,845,592,253
117900157,75,600,-525
117900158,322,143,179
117900160,671,624,47
117900161,2299,1417,882
117900162,393,313,80
117900163,20,153,-133
117900165,0,11,-11
117900166,120,392,-272
117900168,58,255,-197
117900169,1,88,-87
117900170,1,42,-41
117900171,1,16,-15
117900172,32,22,10
117900173,140,66,74
117900174,21,55,-34
117900175,8,12,-4
117900176,11,23,-12
117900177,23,26,-3
117900178,114,38,76
117900180,208,27,181
117900181,46,356,-310
117900182,7,46,-39
117900183,68,193,-125
117900184,18,118,-100
117900185,46,59,-13
117900186,65,36,29
117900187,38,16,22
117900188,252,86,166
117900189,79,36,43
117900190,44,1,43
117900191,127,1,126
117900192,325,4,321
117900193,7,67,-60
117900194,6,7,-1
117900195,43,81,-38
117900196,25,41,-16
117900207,144,201,-57
117900208,20,24,-4
117900209,163,160,3
117900210,119,199,-80
117900211,7,168,-161
117900212,137,99,38
117900213,14,9,5
117900214,12,23,-11
117900215,36,58,-22
117900216,30,23,7
117900217,75,215,-140
117900218,101,141,-40
117900219,6,112,-106
117900220,47,107,-60
117900222,200,217,-17
117900223,186,271,-85
118000001,782,926,-144
118000002,581,1417,-836
118000003,1658,3035,-1377
118000004,1774,1747,27
118000005,3500,4788,-1288
118000006,3276,7501,-4225
118000007,4007,3858,149
118000008,2814,3519,-705
118000009,1360,2146,-786
118000010,4054,2730,1324
118000011,1382,1323,59
118000012,765,1329,-564
118000013,1818,1747,71
118000014,1801,2406,-605
118000016,170,273,-103
118000017,419,316,103
118000018,282,308,-26
118000019,1736,1267,469
118000020,835,2595,-1760
118000021,529,2503,-1974
118000022,1350,657,693
118000023,662,221,441
118000024,1045,985,60
118000027,9263,10072,-809
118000029,715,714,1
118000032,829,3455,-2626
118000033,2306,4796,-2490
118000034,3766,2209,1557
118000035,1614,2483,-869
118000036,907,1101,-194
118000037,772,725,47
118000038,280,68,212
118000039,74,169,-95
118000040,1467,1116,351
118000041,2258,1111,1147
118000045,280,153,127
118000046,1204,658,546
118000047,740,901,-161
118000048,1749,1799,-50
118000051,2842,1598,1244
118000052,2372,866,1506
118000053,240,425,-185
118000054,1057,993,64
118000055,1039,1189,-150
118000056,993,456,537
118000057,255,437,-182
118000058,1872,1440,432
118000059,1376,1004,372
118000060,1001,544,457
118000061,1235,1021,214
118000062,591,245,346
118000063,452,631,-179
118000064,742,1100,-358
118000065,2523,1457,1066
118000066,643,1386,-743
118000067,576,627,-51
118000068,1080,4420,-3340
118000069,1889,882,1007
118000070,4308,1613,2695
118000071,2346,6021,-3675
118000072,968,1308,-340
118000073,864,669,195
118000074,367,506,-139
118000075,609,305,304
118000076,1101,2602,-1501
118000077,1013,1059,-46
118000078,1625,1886,-261
118000079,204,353,-149
118000080,703,788,-85
118000081,1657,1151,506
118000082,290,1000,-710
118000083,1305,1293,12
118000084,2172,1405,767
118000086,205,414,-209
118000087,3337,2250,1087
118000088,1517,1427,90
118000089,3039,1929,1110
118000090,1070,2306,-1236
118000091,921,2299,-1378
118000092,797,395,402
118000093,92,624,-532
118000096,511,598,-87
118000097,737,569,168
118000098,283,165,118
118000099,526,505,21
118000101,1172,347,825
118000102,439,771,-332
118000107,1221,399,822
118000108,651,2345,-1694
118000110,0,23,-23
118000111,3,280,-277
118000112,695,3,692
118000113,11,347,-336
118000114,538,8,530
118000115,10,11,-1
118000116,33,2,31
118000117,805,614,191
118000118,898,1005,-107
118000119,807,1075,-268
118000120,1387,957,430
118000121,85,530,-445
118000122,1124,352,772
118000123,54,240,-186
118000125,1243,771,472
118000126,728,1351,-623
118000127,1462,693,769
118000128,469,960,-491
118000129,978,382,596
118000130,1640,2227,-587
118000131,376,603,-227
118000132,2650,2097,553
118000133,904,448,456
118000135,478,405,73
118000136,151,465,-314
118000137,588,81,507
118000138,400,395,5
118000139,506,98,408
118000140,2300,4155,-1855
118000141,2085,1544,541
118000142,1790,1108,682
118000143,2172,1077,1095
118000144,1011,622,389
118000145,1464,1280,184
118000146,1191,645,546
118000147,926,1051,-125
118000148,521,991,-470
118000149,1084,825,259
118000150,400,308,92
118000151,514,309,205
118000153,1349,933,416
118000154,1357,1178,179
118000155,1388,1090,298
118000156,1333,1995,-662
118000157,532,385,147
118000158,230,425,-195
118000159,20,79,-59
118000160,468,363,105
118000161,464,525,-61
118000162,1341,671,670
118000163,804,758,46
118000164,1571,1042,529
118000168,709,571,138
118000169,868,774,94
118000170,2580,3702,-1122
118000171,300,888,-588
118000172,134,236,-102
118000173,832,781,51
118000175,324,340,-16
118000176,273,447,-174
118000177,251,568,-317
118000178,50,52,-2
118000179,1022,1304,-282
118000180,693,607,86
118000181,666,245,421
118000182,312,223,89
118000183,200,241,-41
118000184,965,515,450
118000185,983,1173,-190
118000186,733,974,-241
118000187,1373,503,870
118000188,557,86,471
118000189,629,368,261
118000190,7,10,-3
118000191,26,20,6
118000192,130,123,7
118000193,91,284,-193
118000194,1064,807,257
118000195,425,1078,-653
118000196,235,154,81
118000197,119,124,-5
118000198,433,918,-485
118000199,313,299,14
118000200,73,254,-181
118000201,336,495,-159
118000202,55,79,-24
118000203,429,572,-143
118000204,89,405,-316
118000205,118,261,-143
118000206,225,204,21
118000207,0,39,-39
118000208,1274,1264,10
118000209,1669,1088,581
118000210,101,24,77
118000211,25,30,-5
118000213,1210,1548,-338
118000214,346,531,-185
118000215,311,117,194
118000216,1820,1576,244
118000217,52,69,-17
118000218,61,86,-25
118000219,294,214,80
118000220,5,45,-40
118000221,275,280,-5
118000222,74,8,66
118000223,41,36,5
118000224,140,64,76
118000225,110,474,-364
118000226,966,190,776
118000227,542,324,218
118000228,96,226,-130
118000229,92,62,30
118000230,116,150,-34
118000231,94,148,-54
118000232,730,446,284
118000233,916,537,379
118000234,447,131,316
118000236,268,217,51
118000237,84,219,-135
118000238,238,159,79
118000239,241,188,53
118000240,206,154,52
118000241,166,133,33
118000242,293,328,-35
118000243,200,124,76
118000244,54,63,-9
118000246,0,17,-17
118000255,97,254,-157
118000256,148,209,-61
118000259,6,49,-43
118000260,178,67,111
118000261,30,29,1
118000263,63,109,-46
118000266,135,174,-39
118000267,0,132,-132
118000268,204,3,201
118000270,72,15,57
118000271,219,204,15
118000272,107,24,83
118000273,137,48,89
118000274,89,205,-116
118000276,443,230,213
118000295,10,104,-94
118000298,100,183,-83
118000299,43,110,-67
118000301,0,59,-59
118000302,99,62,37
118000311,581,89,492
118000312,253,121,132
118000313,33,64,-31
118000314,75,56,19
118000315,40,18,22
118000316,693,334,359
118000325,43,33,10
118000326,25,38,-13
118000331,48,27,21
118000332,14,19,-5
118000333,21,40,-19
118000335,402,1,401
118000336,0,147,-147
118000407,174,54,120
118000457,4,44,-40
118000465,1781,3377,-1596
118000480,36,67,-31
118000489,16,360,-344
118000490,25,228,-203
118000492,382,168,214
118000510,28,22,6
118000514,100,281,-181
118000515,593,603,-10
118000517,236,147,89
118000524,207,252,-45
118000525,526,525,1
118000530,11,74,-63
118000531,320,241,79
118000532,201,194,7
118000533,281,124,157
118000534,459,317,142
118000535,309,109,200
118000536,348,1371,-1023
118000537,20,132,-112
118000538,43,56,-13
118000539,31,76,-45
118000540,208,107,101
118000541,201,60,141
118000542,111,160,-49
118000543,150,205,-55
118000546,31,15,16
118000553,0,1,-1
118000557,0,0,0
118000560,1407,1891,-484
118000562,40,82,-42
118000563,1146,1020,126
118000576,277,109,168
118000577,171,137,34
118000578,274,86,188
118000579,498,1125,-627
118000583,0,0,0
118000595,222,74,148
118000596,0,102,-102
118000597,184,113,71
118000598,7,2,5
118000599,95,53,42
118000600,2,4,-2
118000601,10,0,10
118000602,1,7,-6
118000603,0,22,-22
118000605,72,171,-99
118000606,17,20,-3
118900001,424,1027,-603
118900002,510,742,-232
118900003,464,10,454
118900004,57,39,18
118900005,80,5,75
118900006,110,1,109
118900007,9,10,-1
118900008,1181,67,1114
118900009,51,81,-30
118900010,92,2,90
118900011,145,33,112
118900012,335,149,186
118900013,454,196,258
118900015,266,59,207
118900016,3,8,-5
118900017,207,253,-46
118900018,876,37,839
118900019,30,12,18
118900020,167,158,9
118900021,120,256,-136
118900022,148,88,60
118900023,142,86,56
118900024,79,183,-104
118900025,24,46,-22
118900026,69,46,23
118900027,420,157,263
118900028,139,121,18
118900029,235,419,-184
118900030,431,59,372
118900031,123,59,64
118900032,233,183,50
118900033,306,354,-48
118900034,144,50,94
118900035,115,122,-7
118900036,1145,532,613
118900037,353,211,142
118900038,441,100,341
118900039,513,167,346
118900040,178,149,29
118900041,591,174,417
118900042,166,79,87
118900045,236,151,85
118900046,702,355,347
118900047,280,258,22
118900048,141,231,-90
118900049,53,42,11
118900050,50,60,-10
118900051,84,114,-30
118900052,184,152,32
118900053,21,69,-48
118900054,116,48,68
118900055,91,48,43
118900056,62,310,-248
118900057,635,323,312
118900058,382,282,100
118900059,20,83,-63
118900060,72,111,-39
118900062,261,247,14
118900064,403,520,-117
118900065,61,112,-51
118900066,67,71,-4
118900067,3124,3519,-395
118900068,12,237,-225
118900069,416,164,252
118900071,7,58,-51
118900072,402,302,100
118900073,211,83,128
118900074,118,112,6
118900075,60,52,8
118900076,155,101,54
118900077,236,120,116
118900078,35,6,29
118900079,53,157,-104
118900080,18,83,-65
118900081,50,34,16
118900082,849,121,728
118900083,47,8,39
118900084,16,18,-2
118900085,489,501,-12
118900086,25,65,-40
118900087,57,227,-170
118900088,0,9,-9
118900089,30,16,14
118900090,423,260,163
118900091,128,158,-30
118900092,157,49,108
118900093,122,14,108
118900096,59,77,-18
118900097,245,331,-86
118900099,92,161,-69
118900100,105,184,-79
118900101,64,133,-69
118900102,27,66,-39
118900103,37,108,-71
118900104,59,25,34
118900105,160,114,46
118900107,69,65,4
118900108,67,118,-51
118900110,1017,763,254
118900111,425,329,96
118900112,80,163,-83
118900113,129,244,-115
118900114,25,44,-19
118900115,88,274,-186
118900116,94,201,-107
118900117,96,171,-75
118900118,267,242,25
118900119,130,130,0
118900120,90,210,-120
118900121,33,108,-75
118900122,17,723,-706
118900123,158,147,11
118900124,72,140,-68
118900126,27,276,-249
118900129,253,164,89
118900130,48,185,-137
118900131,199,175,24
118900132,248,164,84
118900133,21,88,-67
118900135,152,148,4
118900136,182,320,-138
118900137,5,33,-28
118900139,225,197,28
118900140,323,403,-80
118900141,69,108,-39
118900144,139,285,-146
118900145,54,112,-58
118900146,278,525,-247
118900147,142,136,6
118900148,70,48,22
118900150,153,480,-327
118900152,477,471,6
118900157,66,174,-108
118900158,88,53,35
118900159,2,120,-118
118900161,61,19,42
118900163,93,64,29
118900164,2,98,-96
118900165,50,91,-41
118900166,24,3,21
118900167,75,102,-27
118900168,10,97,-87
118900169,126,145,-19
118900170,155,57,98
118900171,18,27,-9
118900174,36,59,-23
118900175,301,350,-49
118900176,173,184,-11
118900177,53,34,19
118900178,52,82,-30
118900179,0,9,-9
118900181,106,77,29
118900182,56,38,18
118900183,71,95,-24
118900184,286,82,204
118900185,45,73,-28
118900186,87,83,4
118900187,183,184,-1
118900188,220,190,30
118900189,38,686,-648
118900190,18,220,-202
118900191,206,20,186
118900192,211,11,200
118900193,594,3,591
118900195,192,394,-202
118900196,41,109,-68
118900197,131,41,90
118900198,32,18,14
118900199,111,38,73
118900200,21,14,7
118900201,34,26,8
118900202,7,39,-32
118900203,16,13,3
118900204,15,12,3
118900205,1,13,-12
118900206,8,22,-14
119000001,1174,1235,-61
119000002,3521,2141,1380
119000003,2563,741,1822
119000004,2440,1096,1344
119000005,1592,1719,-127
119000006,3127,1633,1494
119000007,3115,2703,412
119000008,1686,1461,225
119000009,3010,4539,-1529
119000010,4549,3774,775
119000011,2769,2798,-29
119000012,2249,2913,-664
119000013,2604,1545,1059
119000014,1388,2128,-740
119000019,273,119,154
119000020,2090,1557,533
119000021,4086,2049,2037
119000022,1549,2421,-872
119000023,208,300,-92
119000024,1478,11036,-9558
119000025,4028,1065,2963
119000026,124,424,-300
119000027,280,332,-52
119000028,1257,596,661
119000029,103,281,-178
119000030,528,812,-284
119000031,760,545,215
119000032,1539,1893,-354
119000033,2014,1165,849
119000034,906,757,149
119000035,27,235,-208
119000036,2016,608,1408
119000037,1181,1115,66
119000038,133,545,-412
119000039,429,259,170
119000040,575,593,-18
119000041,665,1058,-393
119000048,2392,2134,258
119000049,1937,1564,373
119000050,1588,1671,-83
119000051,1975,1076,899
119000052,1592,2263,-671
119000053,1937,1176,761
119000054,2993,2041,952
119000055,4435,2241,2194
119000056,2730,1624,1106
119000057,1494,1304,190
119000058,1670,1335,335
119000059,1142,1055,87
119000060,1372,938,434
119000061,960,645,315
119000062,1014,1034,-20
119000063,543,434,109
119000064,747,818,-71
119000065,1565,2503,-938
119000066,2059,935,1124
119000067,1668,1596,72
119000068,1693,816,877
119000069,1550,1675,-125
119000070,2716,740,1976
119000071,610,530,80
119000072,3688,2176,1512
119000073,3712,6155,-2443
119000074,1283,1559,-276
119000075,2391,1772,619
119000076,251,915,-664
119000077,533,487,46
119000078,401,380,21
119000079,167,510,-343
119000080,545,183,362
119000081,290,324,-34
119000082,854,197,657
119000083,460,308,152
119000084,271,347,-76
119000085,463,183,280
119000086,306,466,-160
119000087,1380,649,731
119000088,434,200,234
119000089,100,169,-69
119000090,165,125,40
119000091,121,299,-178
119000092,432,136,296
119000093,2819,1981,838
119000094,3321,4191,-870
119000095,1535,2080,-545
119000097,1580,860,720
119000098,894,2631,-1737
119000099,2152,1013,1139
119000100,3590,2600,990
119000101,3594,1642,1952
119000102,591,954,-363
119000103,1205,503,702
119000104,1810,1001,809
119000105,1014,1905,-891
119000106,283,892,-609
119000107,988,403,585
119000108,300,696,-396
119000109,95,464,-369
119000110,362,355,7
119000111,24,515,-491
119000112,175,89,86
119000113,1620,278,1342
119000114,863,1110,-247
119000115,150,112,38
119000116,51,79,-28
119000117,117,282,-165
119000118,2,0,2
119000123,2969,1521,1448
119000124,739,157,582
119000125,3690,510,3180
119000126,1365,561,804
119000127,591,453,138
119000128,18,1,17
119000131,885,419,466
119000132,0,2,-2
119000133,2,1,1
119000134,1264,558,706
119000135,122,169,-47
119000136,208,146,62
119000137,200,220,-20
119000138,481,170,311
119000139,236,140,96
119000140,246,269,-23
119000284,1059,2143,-1084
119000285,1698,1500,198
119000286,5146,3740,1406
119000287,1168,1724,-556
119000288,1631,966,665
119000289,1305,1877,-572
119000290,167,267,-100
119000291,3,185,-182
119000293,144,142,2
119000294,58,32,26
119000295,1075,241,834
119000296,318,116,202
119000297,0,0,0
119000299,0,0,0
119000302,1641,1053,588
119000303,33,117,-84
119000304,0,0,0
119000310,0,0,0
119000314,1297,9006,-7709
119000315,2,219,-217
119000316,194,67,127
119000317,119,194,-75
119900001,199,1180,-981
119900002,138,200,-62
119900003,52,659,-607
119900004,332,1294,-962
119900005,240,72,168
119900006,157,324,-167
119900007,1077,216,861
119900008,92,76,16
119900009,713,537,176
119900010,737,957,-220
119900011,54,119,-65
119900012,14,87,-73
119900013,1960,1033,927
119900014,428,192,236
119900015,119,44,75
119900016,39,84,-45
119900017,56,60,-4
119900018,1525,879,646
119900019,36,8,28
119900020,136,177,-41
119900021,166,131,35
119900022,81,681,-600
119900023,380,1490,-1110
119900025,218,31,187
119900026,588,131,457
119900027,50,23,27
119900028,274,111,163
119900029,1,4,-3
119900030,620,426,194
119900031,48,425,-377
119900033,1490,322,1168
119900034,450,104,346
119900037,228,31,197
119900038,31,320,-289
119900039,55,4,51
119900040,210,14,196
119900041,88,25,63
119900042,101,247,-146
119900043,81,101,-20
119900044,160,746,-586
119900046,167,39,128
119900047,310,73,237
119900048,214,37,177
119900049,138,7,131
119900050,98,103,-5
119900051,988,20,968
119900052,68,33,35
119900053,239,110,129
119900054,165,9,156
119900055,1192,446,746
119900057,275,78,197
119900058,292,4,288
119900059,128,48,80
119900060,227,29,198
119900061,257,15,242
119900062,70,17,53
119900063,13,61,-48
119900065,219,5,214
119900067,149,19,130
119900068,523,2,521
119900069,137,11,126
119900070,929,6,923
119900071,628,46,582
119900073,1593,540,1053
119900074,7,41,-34
119900075,3040,2018,1022
119900076,580,208,372
119900077,801,600,201
119900078,677,733,-56
119900079,494,180,314
119900080,312,276,36
119900081,543,68,475
119900082,1424,185,1239
119900083,346,112,234
119900084,543,255,288
119900085,52,41,11
119900086,474,842,-368
119900087,517,346,171
119900088,43,16,27
119900089,27,388,-361
119900090,97,35,62
119900091,86,621,-535
119900092,302,532,-230
119900093,886,176,710
119900094,44,291,-247
119900095,192,99,93
119900096,80,104,-24
119900097,445,168,277
119900098,54,47,7
119900099,27,169,-142
119900100,1518,2301,-783
119900101,154,1392,-1238
119900102,58,212,-154
119900103,39,245,-206
119900104,33,145,-112
119900105,825,2113,-1288
119900106,14,107,-93
119900107,331,1545,-1214
119900108,2758,550,2208
119900109,15,133,-118
119900110,832,379,453
119900111,119,263,-144
119900112,876,429,447
119900113,66,228,-162
119900114,231,718,-487
119900115,394,744,-350
119900116,136,383,-247
119900117,336,464,-128
119900118,96,575,-479
119900119,234,160,74
119900120,601,429,172
119900121,403,515,-112
119900122,493,298,195
119900123,167,279,-112
119900124,185,526,-341
119900125,50,248,-198
119900126,2638,285,2353
119900127,1594,729,865
119900128,427,595,-168
119900129,169,340,-171
119900130,6,201,-195
119900131,40,188,-148
119900132,1,205,-204
119900133,44,81,-37
119900134,976,142,834
119900135,2,259,-257
119900136,191,267,-76
119900138,298,454,-156
119900139,26,179,-153
119900140,3,95,-92
119900141,71,649,-578
119900142,0,23,-23
119900143,15,186,-171
119900144,949,197,752
119900145,82,112,-30
119900146,151,221,-70
119900147,1,151,-150
119900148,271,56,215
119900149,704,3981,-3277
119900150,204,124,80
119900151,1318,653,665
119900152,105,264,-159
119900153,188,57,131
119900154,18,401,-383
119900155,31,38,-7
119900156,39,26,13
119900157,128,163,-35
119900158,179,58,121
119900159,3,886,-883
119900160,32,90,-58
119900161,177,165,12
119900162,911,868,43
119900163,73,148,-75
119900164,1,6,-5
119900165,189,123,66
119900166,100,59,41
119900167,74,63,11
119900168,945,463,482
119900169,233,239,-6
119900170,201,268,-67
119900171,1298,296,1002
119900172,106,30,76
119900173,11,289,-278
119900174,16,201,-185
119900175,1343,544,799
119900177,12,148,-136
119900178,5,105,-100
119900179,127,548,-421
119900180,973,803,170
119900181,54,124,-70
119900182,0,231,-231
119900183,111,495,-384
119900184,1406,384,1022
119900185,45,165,-120
119900186,51,836,-785
119900187,17,241,-224
119900188,107,266,-159
119900189,432,398,34
119900190,86,308,-222
119900191,237,173,64
119900192,18,106,-88
119900193,436,158,278
119900194,32,79,-47
119900195,248,173,75
119900196,741,294,447
119900197,218,155,63
119900198,244,219,25
119900199,134,20,114
119900200,697,556,141
119900201,248,138,110
119900202,96,253,-157
119900203,162,595,-433
119900204,280,233,47
119900205,751,378,373
119900206,199,121,78
119900208,147,157,-10
119900209,576,1219,-643
119900210,38,41,-3
119900211,65,7,58
119900212,243,267,-24
119900213,7,70,-63
119900214,57,84,-27
119900215,62,76,-14
119900216,17,84,-67
119900217,16,50,-34
119900218,12,103,-91
119900219,11,113,-102
119900220,7,97,-90
119900221,28,235,-207
119900222,40,185,-145
119900223,28,59,-31
119900224,16,20,-4
119900225,804,52,752
119900226,414,1709,-1295
119900227,738,246,492
119900228,84,354,-270
119900229,316,290,26
119900230,1094,347,747
119900231,251,173,78
119900232,205,119,86
119900233,64,8,56
119900234,31,46,-15
119900235,12,54,-42
119900236,30,188,-158
119900237,58,265,-207
119900238,4,50,-46
119900240,120,122,-2
119900241,147,183,-36
119900242,982,1337,-355
119900244,527,1022,-495
119900245,101,142,-41
119900246,327,584,-257
119900247,28,150,-122
119900248,70,198,-128
119900249,217,128,89
119900253,1689,335,1354
119900254,96,697,-601
119900255,105,630,-525
119900256,787,605,182
119900257,86,1,85
119900258,150,4,146
119900259,20,91,-71
119900260,112,9,103
119900261,297,117,180
119900262,5,176,-171
119900263,1022,293,729
119900264,135,121,14
119900265,554,313,241
119900266,345,212,133
119900267,216,374,-158
119900268,135,95,40
119900269,1005,785,220
119900271,21,63,-42
119900272,299,172,127
119900275,232,119,113
119900276,54,1,53
119900277,6,5,1
119900278,148,79,69
119900279,91,294,-203
119900280,556,104,452
119900281,0,239,-239
119900282,63,87,-24
119900283,24,154,-130
119900284,47,178,-131
119900285,17,70,-53
119900286,2,17,-15
119900288,4,9,-5
119900289,0,22,-22
119900290,6,19,-13
119900291,1,57,-56
119900292,54,58,-4
119900293,29,96,-67
119900294,39,66,-27
119900295,40,48,-8
119900296,60,134,-74
119900297,1,24,-23
119900298,1,3,-2
119900299,115,182,-67
119900300,275,102,173
119900301,47,49,-2
119900302,44,48,-4
119900303,274,140,134
119900304,297,30,267
119900305,4,84,-80
119900306,15,7,8
119900307,58,55,3
119900308,3,15,-12
119900309,62,177,-115
119900310,254,185,69
119900311,138,71,67
119900312,122,63,59
119900313,268,223,45
119900314,174,342,-168
119900315,1755,1538,217
119900318,10,33,-23
119900319,14,163,-149
119900320,160,327,-167
119900321,73,5,68
120000001,4850,14883,-10033
120000002,2383,2102,281
120000003,2537,1466,1071
120000004,2269,1483,786
120000005,2808,1758,1050
120000006,1122,1101,21
120000007,2619,2799,-180
120000008,925,1013,-88
120000009,1650,909,741
120000010,1767,1864,-97
120000011,901,1044,-143
120000012,1494,1812,-318
120000013,2817,2272,545
120000014,697,1121,-424
120000015,2255,1177,1078
120000016,3387,1893,1494
120000017,2737,2026,711
120000018,3253,10943,-7690
120000019,1100,1341,-241
120000020,2996,2878,118
120000021,1930,1947,-17
120000022,2531,3551,-1020
120000023,1252,1558,-306
120000024,1419,2341,-922
120000025,2422,1705,717
120000026,2333,1595,738
120000027,2017,2161,-144
120000028,577,1357,-780
120000029,1533,976,557
120000030,417,1041,-624
120000031,1708,5493,-3785
120000032,6012,3029,2983
120000033,4351,1404,2947
120000034,1996,1388,608
120000035,2129,1470,659
120000036,2753,4020,-1267
120000037,590,1404,-814
120000038,4226,3094,1132
120000039,701,982,-281
120000040,110,944,-834
120000041,1288,1182,106
120000042,2073,1913,160
120000043,4452,1357,3095
120000044,4839,1305,3534
120000045,5616,891,4725
120000046,3479,2560,919
120000047,659,5341,-4682
120000048,5363,3429,1934
120000049,3129,2333,796
120000050,3001,3160,-159
120000051,2558,3564,-1006
120000052,6500,1891,4609
120000053,1522,1717,-195
120000054,1335,2689,-1354
120000055,1719,3450,-1731
120000056,4415,3042,1373
120000057,3671,989,2682
120000058,2655,1235,1420
120000059,4,1615,-1611
120000061,126,597,-471
120000062,163,309,-146
120000063,1256,2113,-857
120000064,248,827,-579
120000065,531,1192,-661
120000066,322,379,-57
120000067,48,376,-328
120000068,170,586,-416
120000069,715,708,7
120000070,118,559,-441
120000071,617,112,505
120000072,762,402,360
120000073,954,66,888
120000074,156,79,77
120000075,1002,268,734
120000076,2412,383,2029
120000077,1986,605,1381
120000078,3813,1142,2671
120000079,470,325,145
120000080,274,299,-25
120000081,468,162,306
120000082,413,264,149
120000083,133,862,-729
120000084,338,296,42
120000085,298,294,4
120000086,346,417,-71
120000087,242,460,-218
120000088,702,882,-180
120000089,1022,492,530
120000090,725,391,334
120000091,935,886,49
120000092,1182,479,703
120000093,608,406,202
120000094,212,548,-336
120000095,934,346,588
120000096,327,510,-183
120000098,858,875,-17
120000099,421,567,-146
120000100,695,748,-53
120000101,648,386,262
120000102,600,822,-222
120000103,1624,725,899
120000104,1865,442,1423
120000105,2943,667,2276
120000106,2337,649,1688
120000107,3768,519,3249
120000108,1396,122,1274
120000109,1032,66,966
120000110,83,797,-714
120000111,172,846,-674
120000112,669,1722,-1053
120000113,661,1461,-800
120000114,904,1600,-696
120000115,278,1473,-1195
120000116,660,1410,-750
120000117,841,1019,-178
120000118,30,32,-2
120000119,20,50,-30
120000120,80,60,20
120000121,22,37,-15
120000122,196,362,-166
120000123,2871,5800,-2929
120000124,403,301,102
120000125,568,461,107
120000126,297,897,-600
120000127,1694,856,838
120000128,2278,3449,-1171
120000129,269,243,26
120000130,801,374,427
120000131,301,534,-233
120000134,433,720,-287
120000135,586,499,87
120000137,261,781,-520
120000138,1215,407,808
120000139,315,466,-151
120000140,930,442,488
120000141,904,534,370
120000142,1173,785,388
120000143,2,77,-75
120000144,109,4,105
120000145,407,1,406
120000146,880,750,130
120000149,608,885,-277
120000150,2384,10744,-8360
120000151,411,313,98
120000152,536,141,395
120000153,194,395,-201
120000154,493,477,16
120000155,180,279,-99
120000156,648,1303,-655
120000157,927,553,374
120000158,788,599,189
120000159,1905,1762,143
120000160,2212,1432,780
120000161,2209,1867,342
120000162,67,262,-195
120000163,700,875,-175
120000164,585,302,283
120000165,677,570,107
120000166,1552,392,1160
120000167,127,151,-24
120000168,6,442,-436
120000169,29,1435,-1406
120000170,33,1275,-1242
120000171,10,458,-448
120000172,38,416,-378
120000173,1293,1467,-174
120000174,208,52,156
120000175,180,45,135
120000176,193,43,150
120000177,1017,92,925
120000178,60,15,45
120000179,123,44,79
120000180,866,89,777
120000181,86,1228,-1142
120000182,50,579,-529
120000183,8,310,-302
120000184,145,970,-825
120000186,53,733,-680
120000187,36,305,-269
120000188,61,585,-524
120000190,532,60,472
120000191,419,62,357
120000192,464,23,441
120000193,157,3,154
120000195,37,2,35
120000196,152,20,132
120000197,51,67,-16
120000198,189,58,131
120000199,129,0,129
120000200,103,0,103
120000201,19,34,-15
120000202,2,55,-53
120000203,72,209,-137
120000207,3,57,-54
120000208,18,181,-163
120000209,8,79,-71
120000210,57,51,6
120000211,222,3,219
120000212,248,0,248
120000213,203,213,-10
120000214,1,205,-204
120000215,7,132,-125
120000216,140,20,120
120000217,509,998,-489
120000218,115,569,-454
120000219,10,285,-275
120000220,5,924,-919
120000225,1655,3,1652
120000226,480,5,475
120000227,1010,73,937
120000228,9301,3468,5833
120000230,387,7,380
120000231,1370,1616,-246
120000233,379,6,373
120000235,266,508,-242
120000236,1164,10,1154
120000237,1,834,-833
120000238,2,898,-896
120000241,1097,2853,-1756
120000412,606,40,566
120000413,299,204,95
120000414,99,5,94
120000415,0,85,-85
120000416,184,4,180
120000417,20,78,-58
120000418,215,13,202
120000419,3,193,-190
120000420,65,8,57
120000421,6850,4369,2481
120000422,105,1360,-1255
120000423,4,84,-80
120000424,155,111,44
120000436,108,576,-468
120000437,123,99,24
120000438,1718,204,1514
120000439,216,443,-227
120000443,219,41,178
120000444,1259,316,943
120000445,1553,862,691
120000446,562,173,389
120000447,228,1,227
120000449,155,7,148
120000450,9,132,-123
120000451,103,161,-58
120000452,121,1,120
120000453,0,235,-235
120000454,61,76,-15
120000455,65,32,33
120000456,2050,3516,-1466
120000457,809,340,469
120000458,489,556,-67
120000459,84,43,41
120000665,970,272,698
120000668,124,923,-799
120000669,100,171,-71
120000670,160,657,-497
120000671,1343,477,866
120000672,103,504,-401
120900001,77,122,-45
120900002,241,476,-235
120900003,207,25,182
120900004,23,91,-68
120900005,15,777,-762
120900006,478,219,259
120900007,206,81,125
120900008,297,865,-568
120900009,721,46,675
120900010,468,131,337
120900011,191,230,-39
120900012,171,1076,-905
120900013,253,102,151
120900014,2,356,-354
120900015,919,69,850
120900016,833,47,786
120900017,1659,79,1580
120900018,87,279,-192
120900019,587,341,246
120900020,686,1169,-483
120900021,665,234,431
120900022,30,264,-234
120900023,331,36,295
120900024,1687,451,1236
120900025,1347,886,461
120900026,322,147,175
120900027,1064,20,1044
120900028,421,119,302
120900029,112,564,-452
120900030,1384,690,694
120900031,217,121,96
120900032,1319,152,1167
120900033,1044,85,959
120900034,22,2421,-2399
120900035,50,52,-2
120900037,195,14,181
120900038,51,341,-290
120900039,84,50,34
120900040,283,6,277
120900041,97,19,78
120900042,527,44,483
120900043,81,47,34
120900044,17,288,-271
120900045,193,72,121
120900046,517,3,514
120900047,173,108,65
120900048,151,35,116
120900049,540,1,539
120900050,1482,1625,-143
120900051,258,117,141
120900052,585,17,568
120900053,458,76,382
120900054,1418,378,1040
120900055,424,6,418
120900056,605,23,582
120900057,150,11,139
120900058,660,2,658
120900059,92,6,86
120900060,82,41,41
120900061,237,160,77
120900062,211,1,210
120900063,752,10,742
120900064,765,3,762
120900065,561,0,561
120900066,485,223,262
120900067,199,55,144
120900068,340,0,340
120900069,230,33,197
120900071,28,2,26
120900072,917,8,909
120900073,659,121,538
120900074,659,18,641
120900076,375,1,374
120900077,1807,319,1488
120900078,807,562,245
120900079,799,61,738
120900080,898,1254,-356
120900081,1222,522,700
120900082,414,333,81
120900083,93,5,88
120900084,365,393,-28
120900085,81,144,-63
120900086,79,297,-218
120900087,409,364,45
120900088,190,387,-197
120900089,1958,2522,-564
120900090,340,123,217
120900091,635,891,-256
120900092,1046,314,732
120900093,1512,156,1356
120900094,380,200,180
120900095,320,13,307
120900096,41,156,-115
120900097,556,539,17
120900098,253,141,112
120900099,61,52,9
120900100,84,164,-80
120900101,465,206,259
120900102,32,81,-49
120900103,43,190,-147
120900104,16,50,-34
120900105,57,351,-294
120900106,1055,346,709
120900107,215,105,110
120900108,10,399,-389
120900109,56,391,-335
120900110,13,629,-616
120900111,219,304,-85
120900112,7,549,-542
120900113,14,518,-504
120900114,58,139,-81
120900115,164,216,-52
120900116,458,221,237
120900117,11,374,-363
120900118,8,500,-492
120900119,5675,3795,1880
120900120,82,376,-294
120900121,274,400,-126
120900122,558,303,255
120900123,2,296,-294
120900124,1,371,-370
120900125,3,365,-362
120900126,1441,738,703
120900127,12,314,-302
120900128,1177,1109,68
120900129,40,230,-190
120900130,6,301,-295
120900131,170,47,123
120900132,1084,167,917
120900133,207,544,-337
120900134,760,288,472
120900135,5,377,-372
120900136,42,60,-18
120900137,272,54,218
120900138,20,149,-129
120900139,4,451,-447
120900140,0,88,-88
120900141,128,207,-79
120900142,16,322,-306
120900143,6,536,-530
120900144,0,101,-101
120900145,244,653,-409
120900146,3,689,-686
120900147,9,382,-373
120900148,112,161,-49
120900149,0,212,-212
120900150,60,392,-332
120900151,2,448,-446
120900152,0,12,-12
120900153,75,137,-62
120900154,0,141,-141
120900155,178,709,-531
120900156,67,360,-293
120900157,69,406,-337
120900158,87,514,-427
120900159,231,475,-244
120900160,21,755,-734
120900161,80,437,-357
120900162,152,564,-412
120900163,101,615,-514
120900164,2,85,-83
120900165,22,245,-223
120900166,70,371,-301
120900167,275,114,161
120900169,97,217,-120
120900170,622,2730,-2108
120900171,784,187,597
120900172,371,1049,-678
120900173,0,39,-39
120900174,14,130,-116
120900175,248,104,144
120900176,15,331,-316
120900177,1,1209,-1208
120900178,2,434,-432
120900179,643,341,302
120900180,61,166,-105
120900181,70,26,44
120900182,13,399,-386
120900183,568,71,497
120900184,342,51,291
120900185,13,379,-366
120900186,1,278,-277
120900187,445,968,-523
120900188,225,5,220
120900189,113,1620,-1507
120900190,115,15,100
120900191,8,18,-10
120900192,5984,7545,-1561
120900194,51,72,-21
120900195,90,224,-134
120900196,1138,36,1102
120900197,634,118,516
120900198,177,419,-242
120900199,371,425,-54
120900200,39,147,-108
120900201,402,110,292
120900202,1,101,-100
120900203,34,66,-32
120900204,137,169,-32
120900205,77,52,25
120900206,28,40,-12
120900207,80,826,-746
121000001,657,750,-93
121000002,2051,1215,836
121000003,2425,1429,996
121000004,2151,2679,-528
121000005,1494,2321,-827
121000006,2663,1779,884
121000007,2057,2539,-482
121000008,4173,3429,744
121000009,4307,5204,-897
121000010,6544,5458,1086
121000011,6862,10075,-3213
121000012,13231,9436,3795
121000013,4224,6048,-1824
121000014,5476,4560,916
121000015,3243,6241,-2998
121000016,3537,2882,655
121000017,2081,3287,-1206
121000018,2708,1420,1288
121000019,12397,10676,1721
121000020,11768,16186,-4418
121000021,1975,2228,-253
121000022,2355,2949,-594
121000023,2761,2331,430
121000024,4526,4627,-101
121000025,576,1260,-684
121000026,442,177,265
121000027,1516,1189,327
121000028,929,484,445
121000029,800,557,243
121000030,638,372,266
121000031,701,616,85
121000032,246,187,59
121000034,317,236,81
121000035,135,163,-28
121000036,872,680,192
121000037,499,513,-14
121000038,390,917,-527
121000039,296,365,-69
121000041,520,414,106
121000042,333,333,0
121000043,662,564,98
121000044,1272,979,293
121000045,319,267,52
121000046,594,773,-179
121000047,13,90,-77
121000049,1108,516,592
121000050,335,1043,-708
121000051,519,257,262
121000052,327,568,-241
121000053,277,123,154
121000054,36,341,-305
121000055,999,1173,-174
121000056,781,1025,-244
121000057,229,457,-228
121000058,343,197,146
121000059,1754,1092,662
121000060,547,975,-428
121000061,52,263,-211
121000062,118,369,-251
121000063,888,792,96
121000064,755,772,-17
121000065,276,446,-170
121000066,714,524,190
121000067,442,543,-101
121000068,595,377,218
121000069,543,809,-266
121000070,1846,1099,747
121000071,1630,1220,410
121000072,2052,594,1458
121000073,1207,811,396
121000074,284,128,156
121000075,48,350,-302
121000076,622,391,231
121000077,146,154,-8
121000078,129,207,-78
121000080,1555,507,1048
121000081,3005,2773,232
121000082,82,278,-196
121000083,128,87,41
121000084,143,185,-42
121000085,264,429,-165
121000086,371,542,-171
121000087,57,298,-241
121000088,501,492,9
121000089,303,419,-116
121000090,346,447,-101
121000091,1180,1034,146
121000092,201,65,136
121000093,146,211,-65
121000094,502,689,-187
121000095,320,648,-328
121000096,2517,2042,475
121000097,738,1960,-1222
121000098,666,821,-155
121000099,747,665,82
121000100,860,378,482
121000101,479,258,221
121000102,346,228,118
121000103,212,217,-5
121000104,242,105,137
121000105,428,210,218
121000106,379,278,101
121000107,1630,2487,-857
121000109,903,998,-95
121000110,252,726,-474
121000114,2669,1813,856
121000115,936,582,354
121000116,243,769,-526
121000117,573,214,359
121000118,1511,218,1293
121000119,343,412,-69
121000120,294,545,-251
121000121,461,1222,-761
121000123,1332,835,497
121000127,108,98,10
121000128,883,323,560
121000129,1145,458,687
121000130,589,665,-76
121000131,1827,1713,114
121000132,1407,2059,-652
121000135,272,430,-158
121000136,927,910,17
121000137,467,265,202
121000138,840,951,-111
121000139,412,372,40
121000141,201,133,68
121000142,678,914,-236
121000143,152,35,117
121000144,703,1668,-965
121000145,587,848,-261
121000146,1255,1036,219
121000147,1119,517,602
121000148,814,967,-153
121000149,2073,1230,843
121000152,456,411,45
121000153,1709,572,1137
121000154,1026,475,551
121000155,1366,943,423
121000156,386,830,-444
121000157,779,1257,-478
121000158,459,416,43
121000159,199,323,-124
121000160,310,356,-46
121000161,208,277,-69
121000162,108,129,-21
121000165,1282,1961,-679
121000166,17,414,-397
121000168,402,204,198
121000169,70,130,-60
121000170,352,81,271
121000171,61,160,-99
121000172,747,561,186
121000173,1138,955,183
121000174,370,358,12
121000175,928,350,578
121000176,366,228,138
121000177,633,465,168
121000178,131,52,79
121000179,167,54,113
121000181,533,307,226
121000182,120,220,-100
121000183,89,115,-26
121000184,50,112,-62
121000185,44,225,-181
121000186,211,462,-251
121000187,178,128,50
121000188,176,140,36
121000192,978,352,626
121000193,669,421,248
121000194,1856,1756,100
121000195,237,785,-548
121000196,482,238,244
121000197,131,553,-422
121000198,183,112,71
121000199,130,262,-132
121000200,623,77,546
121000201,10,163,-153
121000202,744,118,626
121000203,717,1574,-857
121000204,2712,600,2112
121000205,75,175,-100
121000206,98,43,55
121000207,1854,360,1494
121000208,1,204,-203
121000209,395,187,208
121000210,592,273,319
121000211,298,117,181
121000212,471,439,32
121000213,7868,2290,5578
121000214,761,1566,-805
121000215,882,814,68
121000216,463,505,-42
121000217,3234,2585,649
121000218,347,1201,-854
121000219,1266,470,796
121000220,142,43,99
121000221,100,246,-146
121000222,2028,1912,116
121000223,328,389,-61
121000224,258,222,36
121000225,882,2047,-1165
121000226,1842,1108,734
121000227,17,109,-92
121000228,20,417,-397
121000229,398,292,106
121000230,74,1217,-1143
121000231,941,32,909
121000232,353,257,96
121000233,555,330,225
121000234,14,30,-16
121000235,55,77,-22
121000236,6,53,-47
121000237,76,15,61
121000238,1,56,-55
121000239,72,2,70
121000240,7,220,-213
121000241,100,11,89
121000242,83,435,-352
121000243,396,141,255
121000244,20,107,-87
121000245,79,30,49
121000246,1,98,-97
121000247,122,9,113
121000248,704,821,-117
121000249,104,191,-87
121000250,458,204,254
121000251,23,296,-273
121000252,84,47,37
121000253,332,286,46
121000254,720,240,480
121000255,115,206,-91
121000256,274,238,36
121000257,28,89,-61
121000258,100,94,6
121000259,48,56,-8
121000260,91,96,-5
121000261,114,66,48
121000262,942,563,379
121000263,459,318,141
121000271,240,1084,-844
121000273,44,4,40
121000274,13,66,-53
121000275,8,43,-35
121000276,5,33,-28
121000278,56,31,25
121000279,22,27,-5
121000280,36,46,-10
121000289,250,27,223
121000290,963,764,199
121000294,191,92,99
121000297,598,1010,-412
121000299,77,585,-508
121000300,589,376,213
121000302,27,858,-831
121000303,482,278,204
121000304,458,61,397
121000305,156,44,112
121000306,114,135,-21
121000308,155,279,-124
121000309,270,425,-155
121000310,119,278,-159
121000311,58,602,-544
121000312,291,202,89
121000313,291,428,-137
121000314,106,138,-32
121000315,69,120,-51
121000530,1601,1108,493
121000531,1643,1382,261
121000532,5556,6758,-1202
121000533,3048,3109,-61
121000918,38,100,-62
121000919,68,67,1
121000938,77,149,-72
121000939,63,249,-186
121000956,1328,866,462
121000957,5,12,-7
121000958,24,47,-23
121000959,838,577,261
121000960,1371,1526,-155
121000961,278,90,188
121000962,406,421,-15
121000973,3,170,-167
121000976,15,173,-158
121000979,568,165,403
121000981,343,147,196
121000982,399,147,252
121000983,410,285,125
121000984,30,68,-38
121000985,651,336,315
121000986,320,123,197
121000987,214,608,-394
121000988,808,110,698
121001302,192,118,74
121001308,1,22,-21
121001309,49,145,-96
121001311,0,0,0
121001313,177,115,62
121001314,1474,2000,-526
121001315,4939,2633,2306
121001326,350,358,-8
121900001,98,131,-33
121900002,32,36,-4
121900003,335,15,320
121900004,78,289,-211
121900005,35,12,23
121900006,97,20,77
121900007,1736,1495,241
121900008,729,486,243
121900009,418,20,398
121900010,203,3,200
121900011,149,200,-51
121900012,21,0,21
121900013,866,78,788
121900014,948,299,649
121900015,226,171,55
121900016,4,23,-19
121900017,679,346,333
121900018,421,10,411
121900019,448,160,288
121900020,50,3,47
121900021,917,34,883
121900022,373,200,173
121900023,137,235,-98
121900024,280,101,179
121900025,606,404,202
121900026,296,27,269
121900027,322,102,220
121900028,213,14,199
121900029,144,279,-135
121900030,370,468,-98
121900031,760,5396,-4636
121900032,101,40,61
121900033,191,231,-40
121900034,222,69,153
121900035,2514,1939,575
121900036,103,256,-153
121900037,158,919,-761
121900038,40,112,-72
121900039,293,38,255
121900040,70,136,-66
121900041,113,225,-112
121900042,387,125,262
121900043,4,4,0
121900044,111,47,64
121900046,245,261,-16
121900047,191,66,125
121900048,35,98,-63
121900050,53,68,-15
121900051,175,192,-17
121900052,174,24,150
121900053,445,321,124
121900054,442,822,-380
121900055,4,19,-15
121900058,201,105,96
121900059,311,130,181
121900060,128,406,-278
121900061,129,118,11
121900062,112,83,29
121900063,1611,452,1159
121900064,218,521,-303
121900066,83,16,67
121900067,52,56,-4
121900069,191,110,81
121900070,133,101,32
121900071,311,207,104
121900072,50,118,-68
121900073,263,228,35
121900074,742,876,-134
121900075,415,539,-124
121900076,381,568,-187
121900078,88,20,68
121900079,0,0,0
121900080,646,292,354
121900082,96,87,9
121900084,34,91,-57
121900086,20,72,-52
121900087,183,136,47
121900088,1579,2477,-898
121900089,220,218,2
121900090,22,52,-30
121900091,82,75,7
121900092,60,126,-66
121900093,96,45,51
121900094,14,4,10
121900095,292,132,160
121900096,1012,770,242
121900097,613,195,418
121900098,1,1,0
121900099,230,54,176
121900100,141,514,-373
121900101,172,116,56
121900102,1,146,-145
121900103,385,281,104
121900104,1324,269,1055
121900105,260,201,59
121900106,5,3,2
121900107,43,26,17
121900108,0,22,-22
121900109,202,155,47
121900110,497,558,-61
121900111,539,169,370
121900112,136,128,8
121900113,64,407,-343
121900114,46,71,-25
121900117,129,94,35
121900118,1719,540,1179
121900119,243,90,153
121900120,40,838,-798
121900121,359,31,328
121900122,34,51,-17
121900123,210,341,-131
121900124,150,128,22
121900125,1335,940,395
121900127,16,66,-50
121900128,78,75,3
121900129,469,175,294
121900130,87,161,-74
121900131,242,82,160
121900132,69,81,-12
121900133,75,990,-915
121900134,26,144,-118
121900135,2664,390,2274
121900136,495,227,268
121900137,32,302,-270
121900138,61,106,-45
121900139,324,594,-270
121900140,58,104,-46
121900141,68,27,41
121900142,128,84,44
121900143,11,122,-111
121900144,121,226,-105
121900145,265,253,12
121900146,491,601,-110
121900147,54,168,-114
121900148,208,257,-49
121900149,232,421,-189
121900150,41,123,-82
121900151,73,269,-196
121900152,53,90,-37
121900153,53,637,-584
121900154,21,310,-289
121900155,0,172,-172
121900156,153,131,22
121900157,7,329,-322
121900158,74,73,1
121900159,0,177,-177
121900160,81,247,-166
121900161,238,340,-102
121900162,101,139,-38
121900163,274,425,-151
121900164,340,183,157
121900165,205,148,57
121900166,175,118,57
121900167,72,125,-53
121900168,129,209,-80
121900169,4,165,-161
121900170,8,151,-143
121900171,689,433,256
121900172,528,181,347
121900173,583,199,384
121900174,59,78,-19
121900175,189,169,20
121900176,504,1114,-610
121900177,141,62,79
121900178,29,52,-23
121900179,646,181,465
121900180,2177,4001,-1824
121900182,661,308,353
121900183,558,888,-330
121900184,63,496,-433
121900186,3,319,-316
121900187,22,133,-111
121900188,341,344,-3
121900189,14,101,-87
121900190,195,365,-170
121900191,160,218,-58
121900192,283,883,-600
121900193,69,170,-101
121900194,5,179,-174
121900195,54,68,-14
121900196,581,759,-178
121900197,300,964,-664
121900198,1058,1014,44
121900199,3,59,-56
121900200,65,244,-179
121900201,704,674,30
121900202,103,531,-428
121900203,122,946,-824
121900204,625,1186,-561
121900205,28,101,-73
121900206,22,31,-9
121900207,109,31,78
121900208,122,243,-121
121900209,71,49,22
121900210,1449,1001,448
121900211,379,488,-109
121900212,194,113,81
121900213,192,77,115
121900214,9,363,-354
121900215,66,106,-40
121900216,16,160,-144
121900217,231,142,89
121900218,154,430,-276
121900220,120,10,110
121900221,228,398,-170
121900222,188,129,59
121900223,139,36,103
121900224,80,46,34
121900225,69,119,-50
121900226,295,337,-42
121900227,213,582,-369
121900228,198,233,-35
121900230,54,259,-205
121900231,293,1391,-1098
121900232,185,277,-92
121900233,168,193,-25
121900234,250,150,100
121900235,411,110,301
121900236,400,150,250
121900237,169,267,-98
121900238,143,236,-93
121900239,160,29,131
121900240,245,102,143
121900241,32,31,1
121900242,7,0,7
121900243,7,0,7
121900244,22,2,20
121900245,205,46,159
121900246,2745,219,2526
121900248,987,1265,-278
121900250,178,310,-132
121900251,442,33,409
121900252,446,108,338
121900253,126,746,-620
121900254,375,250,125
121900255,405,86,319
121900258,3221,1533,1688
121900259,435,444,-9
121900260,55,130,-75
121900261,188,466,-278
121900262,326,801,-475
121900263,241,235,6
121900264,1249,974,275
121900265,272,241,31
121900266,463,121,342
121900267,103,41,62
121900269,147,574,-427
121900270,38,167,-129
121900271,43,92,-49
121900273,418,1422,-1004
121900274,311,197,114
121900277,512,1034,-522
121900278,118,699,-581
121900279,130,157,-27
121900280,60,338,-278
121900281,312,509,-197
121900284,84,6,78
121900286,180,88,92
121900287,23,32,-9
121900288,6,1,5
121900290,217,327,-110
121900291,338,518,-180
121900292,118,163,-45
121900293,897,2242,-1345
121900294,269,0,269
121900295,125,184,-59
121900296,32,182,-150
121900298,217,806,-589
121900299,0,3,-3
121900300,88,7,81
121900301,63,1,62
121900302,2,47,-45
121900303,310,321,-11
121900304,6,21,-15
121900305,7,29,-22
121900306,286,1,285
121900307,101,9,92
121900308,34,188,-154
121900309,10,191,-181
121900310,16,363,-347
121900311,437,30,407
121900312,282,19,263
121900313,387,32,355
121900314,2,48,-46
121900315,23,0,23
121900316,0,23,-23
121900317,13,5,8
121900318,1,16,-15
121900319,17,95,-78
121900320,48,65,-17
121900321,27,4,23
121900322,9,20,-11
121900323,14,10,4
121900324,6,35,-29
121900325,12,0,12
121900326,10,23,-13
121900327,3,45,-42
121900328,1,14,-13
121900329,2,142,-140
121900330,0,49,-49
121900331,6,4,2
121900332,67,18,49
121900333,26,3,23
121900334,124,59,65
122000001,1594,4894,-3300
122000002,3012,1424,1588
122000003,1520,2597,-1077
122000004,2412,1380,1032
122000005,2404,1907,497
122000006,1360,905,455
122000007,833,1528,-695
122000008,1984,3795,-1811
122000009,400,431,-31
122000010,1936,2519,-583
122000011,2698,1414,1284
122000012,944,1661,-717
122000013,881,966,-85
122000014,1683,974,709
122000015,1107,932,175
122000016,501,747,-246
122000017,1000,926,74
122000018,1173,1231,-58
122000019,752,1064,-312
122000020,163,189,-26
122000021,225,399,-174
122000022,1082,830,252
122000023,743,1375,-632
122000024,581,1239,-658
122000025,689,2019,-1330
122000026,612,1383,-771
122000027,556,1346,-790
122000028,819,407,412
122000029,385,447,-62
122000030,210,168,42
122000031,233,309,-76
122000032,1877,1578,299
122000033,488,1377,-889
122000034,453,562,-109
122000035,227,598,-371
122000036,515,487,28
122000037,350,211,139
122000038,235,294,-59
122000039,500,360,140
122000040,196,275,-79
122000041,472,605,-133
122000042,284,457,-173
122000043,136,129,7
122000044,126,142,-16
122000045,1242,502,740
122000046,719,642,77
122000047,159,184,-25
122000048,3401,3584,-183
122000049,4540,3272,1268
122000050,1177,725,452
122000051,224,432,-208
122000052,408,475,-67
122000053,187,726,-539
122000054,1867,1587,280
122000055,1729,3058,-1329
122000056,3550,3070,480
122000057,2692,3376,-684
122000058,1630,1540,90
122000059,1772,2350,-578
122000060,447,828,-381
122000061,368,608,-240
122000062,548,297,251
122000063,808,691,117
122000064,2755,3152,-397
122000065,2686,2089,597
122000066,471,501,-30
122000067,1272,999,273
122000068,1154,900,254
122000069,877,795,82
122000070,792,1082,-290
122000071,1517,960,557
122000072,415,463,-48
122000073,359,878,-519
122000074,2430,1245,1185
122000075,703,965,-262
122000076,2971,1185,1786
122000077,786,1100,-314
122000078,1443,3194,-1751
122000079,692,1255,-563
122000080,591,387,204
122000081,163,191,-28
122000082,375,929,-554
122000083,1637,1193,444
122000084,1422,682,740
122000085,222,674,-452
122000086,1925,4644,-2719
122000087,265,233,32
122000088,301,407,-106
122000089,3883,1933,1950
122000090,165,469,-304
122000091,119,127,-8
122000092,76,25,51
122000093,1444,1974,-530
122000094,3961,2506,1455
122000095,1385,3207,-1822
122000096,870,1310,-440
122000098,2501,2325,176
122000099,1285,673,612
122000100,728,551,177
122000101,291,433,-142
122000102,1613,961,652
122000103,1624,1242,382
122000104,399,182,217
122000105,543,252,291
122000106,387,601,-214
122000107,1070,393,677
122000108,355,705,-350
122000109,432,273,159
122000110,470,516,-46
122000111,2608,1260,1348
122000112,1117,1226,-109
122000113,657,614,43
122000114,2106,1434,672
122000115,1894,1155,739
122000116,506,538,-32
122000117,2220,441,1779
122000118,562,794,-232
122000119,2752,2223,529
122000120,1562,3843,-2281
122000121,1445,2619,-1174
122000122,617,1370,-753
122000123,1673,1559,114
122000124,890,483,407
122000125,646,714,-68
122000126,524,948,-424
122000127,924,1155,-231
122000128,407,518,-111
122000129,639,1458,-819
122000130,2772,1247,1525
122000131,1330,1067,263
122000132,361,510,-149
122000133,715,791,-76
122000134,1075,763,312
122000135,697,782,-85
122000136,800,611,189
122000137,1246,728,518
122000139,848,3088,-2240
122000140,638,604,34
122000141,2641,838,1803
122000142,235,757,-522
122000143,371,414,-43
122000144,1112,1025,87
122000145,880,833,47
122000146,921,1150,-229
122000147,467,513,-46
122000148,1240,1802,-562
122000149,1991,1702,289
122000150,1203,969,234
122000151,159,421,-262
122000152,266,403,-137
122000153,381,261,120
122000154,284,222,62
122000155,1397,2534,-1137
122000156,2233,2379,-146
122000157,1004,2102,-1098
122000158,344,496,-152
122000159,567,1293,-726
122000160,2937,2095,842
122000161,1265,1020,245
122000162,1730,1647,83
122000163,236,91,145
122000164,72,92,-20
122000165,803,659,144
122000166,744,944,-200
122000167,308,239,69
122000168,167,614,-447
122000169,320,201,119
122000170,328,231,97
122000171,68,94,-26
122000172,1493,1145,348
122000173,1211,2027,-816
122000174,1925,928,997
122000175,796,249,547
122000176,367,808,-441
122000177,1397,1369,28
122000178,2658,2123,535
122000179,1424,2264,-840
122000180,1462,1239,223
122000181,1259,2936,-1677
122000182,1538,1353,185
122000183,1910,992,918
122000184,2377,2467,-90
122000185,1104,1924,-820
122000186,425,775,-350
122000187,1682,870,812
122000188,423,253,170
122000189,212,327,-115
122000190,750,1137,-387
122000191,764,593,171
122000192,880,330,550
122000193,378,597,-219
122000194,418,183,235
122000195,148,480,-332
122000196,971,641,330
122000197,441,628,-187
122000198,505,754,-249
122000199,281,323,-42
122000200,705,570,135
122000201,1144,1476,-332
122000202,1106,1437,-331
122000203,2605,1466,1139
122000204,1219,1686,-467
122000205,1057,1259,-202
122000206,2307,914,1393
122000207,1895,1251,644
122000208,1873,1198,675
122000209,1650,363,1287
122000210,1835,1537,298
122000211,1183,1084,99
122000212,805,583,222
122000213,979,1225,-246
122000214,1961,1635,326
122000215,1968,1529,439
122000217,1746,1208,538
122000218,643,59,584
122000219,998,837,161
122000220,323,637,-314
122000221,49,343,-294
122000222,513,147,366
122000223,1978,554,1424
122000225,1077,303,774
122000226,1711,1577,134
122000227,221,2092,-1871
122000228,379,367,12
122000229,52,458,-406
122000230,129,425,-296
122000231,397,683,-286
122000232,596,707,-111
122000233,2,91,-89
122000234,336,50,286
122000235,491,89,402
122000236,1210,67,1143
122000237,109,118,-9
122000238,412,419,-7
122000239,514,416,98
122000240,1124,595,529
122000241,1910,415,1495
122000242,673,109,564
122000243,336,54,282
122000244,169,322,-153
122000245,113,201,-88
122000246,422,166,256
122000247,484,668,-184
122000248,899,1232,-333
122000249,1204,1015,189
122000250,1942,1047,895
122000251,249,428,-179
122000252,467,111,356
122000253,90,249,-159
122000254,296,84,212
122000255,571,1093,-522
122000256,420,708,-288
122000257,208,314,-106
122000258,181,151,30
122000259,30,325,-295
122000260,11,60,-49
122000261,17,218,-201
122000262,2,41,-39
122000263,361,204,157
122000264,1375,300,1075
122000265,1912,729,1183
122000266,3405,686,2719
122000267,174,69,105
122000268,142,284,-142
122000269,811,246,565
122000270,531,93,438
122000271,312,770,-458
122000272,333,800,-467
122000273,475,351,124
122000274,208,162,46
122000275,81,184,-103
122000276,780,435,345
122000277,1197,1407,-210
122000278,1938,564,1374
122000279,194,354,-160
122000280,805,497,308
122000281,780,564,216
122000282,224,342,-118
122000283,235,151,84
122000284,231,102,129
122000285,329,67,262
122000286,48,132,-84
122000287,453,356,97
122000288,1000,815,185
122000291,2127,802,1325
122000293,216,187,29
122000294,143,210,-67
122000295,1110,412,698
122000296,26,476,-450
122000297,1507,3312,-1805
122000299,751,398,353
122000300,563,663,-100
122000301,4442,2401,2041
122000302,523,1719,-1196
122000303,2397,1070,1327
122000304,11,40,-29
122000305,1155,177,978
122000306,36,473,-437
122000307,86,124,-38
122000309,41,42,-1
122000310,16,131,-115
122000311,251,183,68
122000312,134,223,-89
122000313,244,100,144
122000314,124,220,-96
122000315,330,49,281
122000316,744,198,546
122000317,1550,294,1256
122000318,303,629,-326
122000319,2027,816,1211
122000320,194,498,-304
122000321,97,134,-37
122000322,1591,1967,-376
122000323,1058,2208,-1150
122000324,1038,1040,-2
122000325,822,1926,-1104
122000326,99,84,15
122000327,476,706,-230
122000328,628,476,152
122000330,1568,750,818
122000332,184,321,-137
122000333,13,85,-72
122000337,1181,859,322
122000338,415,267,148
122000340,268,469,-201
122000342,1283,838,445
122000343,399,824,-425
122000344,97,6,91
122000345,9,12,-3
122000346,365,330,35
122000348,747,547,200
122000349,87,415,-328
122000351,158,182,-24
122000352,296,149,147
122000353,76,58,18
122000355,145,276,-131
122000356,874,1009,-135
122000357,77,27,50
122000358,1,46,-45
122000359,0,19,-19
122000360,0,16,-16
122000362,9,64,-55
122000364,186,286,-100
122000365,4,41,-37
122000366,15,9,6
122000368,428,530,-102
122000370,24,31,-7
122000371,25,0,25
122000372,12,0,12
122000381,110,277,-167
122000382,75,178,-103
122000384,1763,1003,760
122000385,52,1,51
122000386,204,897,-693
122000387,426,521,-95
122000388,1489,790,699
122000389,144,661,-517
122000390,309,213,96
122000391,247,210,37
122000392,123,148,-25
122000393,54,116,-62
122000394,526,197,329
122000395,159,137,22
122000396,233,116,117
122000397,30,47,-17
122000398,19,62,-43
122000399,156,63,93
122000400,72,484,-412
122000401,125,55,70
122000402,287,127,160
122000403,463,548,-85
122000404,155,146,9
122000408,664,951,-287
122000503,18,125,-107
122000524,251,144,107
122000544,84,1949,-1865
122000614,246,217,29
122000616,246,2,244
122000640,83,85,-2
122000641,172,216,-44
122000642,1029,649,380
122000643,68,175,-107
122000644,123,61,62
122000645,74,152,-78
122000651,852,1074,-222
122000664,133,30,103
122000665,1066,542,524
122000666,625,1056,-431
122000673,56,155,-99
122000674,190,73,117
122000675,1718,671,1047
122000686,743,763,-20
122000687,1778,284,1494
122000688,251,458,-207
122000689,886,329,557
122000690,2114,387,1727
122000691,833,1254,-421
122000692,1339,309,1030
122000693,383,1299,-916
122000695,293,274,19
122000696,449,158,291
122000698,367,438,-71
122000699,193,34,159
122000701,1519,262,1257
122000702,483,731,-248
122000703,187,61,126
122000717,104,50,54
122000718,648,1344,-696
122000719,114,69,45
122000720,549,166,383
122000724,235,260,-25
122900001,36,10,26
122900002,896,2776,-1880
122900003,384,40,344
122900004,1142,55,1087
122900005,120,56,64
122900006,446,472,-26
122900007,733,1279,-546
122900008,385,187,198
122900009,531,354,177
122900010,190,127,63
122900012,193,343,-150
122900014,115,195,-80
122900015,967,814,153
122900016,116,194,-78
122900017,1019,774,245
122900018,156,27,129
122900019,6,116,-110
122900020,61,84,-23
122900021,299,491,-192
122900022,895,634,261
122900023,334,104,230
122900024,124,121,3
122900025,10,237,-227
122900026,58,228,-170
122900027,125,801,-676
122900028,130,123,7
122900029,3346,2361,985
122900030,791,523,268
122900031,163,373,-210
122900032,134,309,-175
122900033,286,111,175
122900034,3918,3988,-70
122900035,28,12,16
122900036,39,73,-34
122900037,310,170,140
122900038,155,2640,-2485
122900039,99,413,-314
122900040,257,400,-143
122900041,286,316,-30
122900042,139,255,-116
122900043,265,280,-15
122900044,134,290,-156
122900045,113,102,11
122900046,151,232,-81
122900047,129,185,-56
122900048,41,160,-119
122900049,1247,130,1117
122900051,71,123,-52
122900052,144,139,5
122900053,15,26,-11
122900055,270,71,199
122900057,226,44,182
122900061,446,185,261
122900062,476,575,-99
122900063,136,204,-68
122900064,939,607,332
122900065,493,215,278
122900066,704,313,391
122900067,775,578,197
122900069,278,1126,-848
122900070,358,64,294
122900071,264,746,-482
122900073,0,26,-26
122900074,869,434,435
122900076,1,130,-129
122900077,2,122,-120
122900078,260,62,198
122900080,108,40,68
122900081,177,129,48
122900082,868,219,649
122900083,130,105,25
122900084,22,169,-147
122900086,56,1005,-949
122900087,225,347,-122
122900088,57,223,-166
122900089,31,358,-327
122900090,18,585,-567
122900091,291,3,288
122900092,0,74,-74
122900093,0,115,-115
122900094,4,98,-94
122900095,168,17,151
122900096,281,98,183
122900097,91,68,23
122900098,79,92,-13
122900099,153,31,122
122900100,155,232,-77
122900101,388,262,126
122900102,31,32,-1
122900103,165,4,161
122900104,245,2,243
122900105,24,16,8
122900106,20,44,-24
122900107,5,79,-74
122900108,11,198,-187
122900109,274,101,173
123000001,1024,420,604
123000002,2557,4611,-2054
123000003,3637,3830,-193
123000004,2674,3626,-952
123000005,2362,2502,-140
123000006,2110,2060,50
123000007,3787,2561,1226
123000008,2373,2738,-365
123000009,3717,2314,1403
123000010,2635,2728,-93
123000011,1840,734,1106
123000012,628,1964,-1336
123000013,3113,975,2138
123000014,851,2825,-1974
123000015,1979,912,1067
123000016,2966,3322,-356
123000017,3080,1569,1511
123000018,99,77,22
123000019,380,185,195
123000020,234,56,178
123000021,192,119,73
123000022,363,1486,-1123
123000023,1795,1712,83
123000024,1636,615,1021
123000025,410,128,282
123000026,62,105,-43
123000027,125,686,-561
123000028,1134,836,298
123000029,635,1547,-912
123000030,242,215,27
123000031,229,183,46
123000032,421,110,311
123000033,270,87,183
123000034,1120,641,479
123000035,387,373,14
123000036,246,862,-616
123000037,297,233,64
123000038,57,195,-138
123000039,488,1493,-1005
123000040,656,260,396
123000041,1040,1195,-155
123000042,786,645,141
123000043,2191,9608,-7417
123000044,3489,2306,1183
123000045,4313,2477,1836
123000046,474,1436,-962
123000047,1103,960,143
123000048,48,1001,-953
123000049,4952,8745,-3793
123000050,1497,1228,269
123000051,79,152,-73
123000052,770,2857,-2087
123000053,2398,2537,-139
123000054,1545,1293,252
123000055,1112,2436,-1324
123000056,1135,1391,-256
123000057,6354,5589,765
123000058,490,951,-461
123000059,398,421,-23
123000060,989,378,611
123000061,316,594,-278
123000063,838,770,68
123000064,1003,211,792
123000065,3794,2155,1639
123000066,597,521,76
123000067,1046,529,517
123000068,2405,2119,286
123000069,5338,2271,3067
123000070,218,571,-353
123000071,1118,782,336
123000072,934,649,285
123000073,1302,666,636
123000074,1042,843,199
123000075,351,1029,-678
123000076,879,481,398
123000077,1871,1717,154
123000078,1668,1380,288
123000079,1567,1372,195
123000080,1972,1189,783
123000081,182,287,-105
123000082,315,932,-617
123000083,845,236,609
123000084,649,436,213
123000085,381,80,301
123000086,590,134,456
123000087,308,247,61
123000088,1013,628,385
123000089,572,893,-321
123000090,1100,744,356
123000091,1233,1145,88
123000092,900,1063,-163
123000094,478,228,250
123000095,495,536,-41
123000096,797,318,479
123000097,560,454,106
123000098,816,428,388
123000099,606,528,78
123000100,429,670,-241
123000101,447,575,-128
123000102,484,677,-193
123000104,389,445,-56
123000105,427,408,19
123000106,497,570,-73
123000107,331,555,-224
123000108,469,1208,-739
123000111,884,295,589
123000112,1209,401,808
123000113,510,726,-216
123000114,359,654,-295
123000115,299,289,10
123000116,67,140,-73
123000117,1893,1243,650
123000118,376,524,-148
123000119,217,544,-327
123000120,282,604,-322
123000121,455,411,44
123000122,309,252,57
123000123,494,487,7
123000124,335,366,-31
123000125,1035,1182,-147
123000126,1136,3438,-2302
123000127,645,493,152
123000128,203,258,-55
123000129,757,181,576
123000130,660,78,582
123000131,886,668,218
123000132,321,439,-118
123000133,238,290,-52
123000134,302,177,125
123000135,2254,998,1256
123000136,156,462,-306
123000137,107,190,-83
123000138,96,276,-180
123000139,519,79,440
123000140,120,460,-340
123000141,714,110,604
123000142,921,775,146
123000143,985,1330,-345
123000144,14,24,-10
123000145,145,157,-12
123000146,11,87,-76
123000147,77,93,-16
123000149,297,325,-28
123000150,137,204,-67
123000151,235,418,-183
123000152,62,383,-321
123000153,192,647,-455
123000154,1302,1644,-342
123000155,1746,1158,588
123000156,22,116,-94
123000157,547,700,-153
123000158,533,653,-120
123000159,2788,2644,144
123000160,901,683,218
123000161,1610,1050,560
123000162,1022,1557,-535
123000163,441,125,316
123000164,1483,340,1143
123000165,385,1100,-715
123000166,42,102,-60
123000167,160,214,-54
123000168,300,186,114
123000169,749,148,601
123000170,120,112,8
123000171,730,23,707
123000172,147,325,-178
123000173,511,324,187
123000174,1055,416,639
123000175,428,786,-358
123000176,1000,261,739
123000177,253,690,-437
123000178,873,161,712
123000179,36,445,-409
123000180,1414,250,1164
123000181,289,976,-687
123000182,190,287,-97
123000183,181,563,-382
123000184,88,306,-218
123000185,692,316,376
123000186,7,399,-392
123000187,638,5,633
123000188,213,4,209
123000189,230,203,27
123000190,50,88,-38
123000192,22,361,-339
123000193,80,655,-575
123000194,470,267,203
123000195,327,36,291
123000196,276,30,246
123000197,68,102,-34
123000198,32,553,-521
123000199,11,576,-565
123000200,677,9,668
123000201,1110,26,1084
123000202,20,699,-679
123000203,965,73,892
123000204,64,772,-708
123000205,493,1177,-684
123000206,2247,270,1977
123000207,69,742,-673
123000208,607,170,437
123000209,2127,631,1496
123000210,489,1361,-872
123000211,492,1435,-943
123000212,2904,494,2410
123000213,612,84,528
123000215,74,185,-111
123000216,126,555,-429
123000217,186,32,154
123000218,62,567,-505
123000219,710,39,671
123000220,456,103,353
123000221,227,57,170
123000222,346,219,127
123000223,301,173,128
123000224,418,253,165
123000225,395,61,334
123000226,70,504,-434
123000227,72,301,-229
123000228,250,43,207
123000229,691,1061,-370
123000232,156,462,-306
123000233,697,133,564
123000234,158,522,-364
123000235,1136,212,924
123000236,257,545,-288
123000237,310,68,242
123000238,92,304,-212
123000239,396,799,-403
123000240,50,469,-419
123000241,323,65,258
123000242,119,168,-49
123000243,601,636,-35
123000244,700,576,124
123000245,54,133,-79
123000249,393,522,-129
123000252,898,288,610
123000253,1246,483,763
123000254,719,666,53
123000255,1122,851,271
123000256,28,147,-119
123000257,2094,1317,777
123000258,788,675,113
123000259,440,472,-32
123000260,571,291,280
123000261,190,96,94
123000262,115,155,-40
123000263,459,87,372
123000264,199,80,119
123000265,64,139,-75
123000266,607,507,100
123000267,701,349,352
123000268,57,72,-15
123000269,67,67,0
123000270,25,71,-46
123000271,62,69,-7
123000272,698,273,425
123000273,277,628,-351
123000274,1033,455,578
123000275,258,638,-380
123000278,1984,2019,-35
123000279,157,88,69
123000280,322,300,22
123000281,379,69,310
123000282,98,258,-160
123000283,157,42,115
123000284,59,72,-13
123000286,170,376,-206
123000287,385,258,127
123000288,1133,955,178
123000289,370,1047,-677
123000291,224,823,-599
123000294,237,210,27
123000295,900,794,106
123000296,598,341,257
123000297,718,453,265
123000298,819,393,426
123000299,89,210,-121
123000300,953,653,300
123000301,141,236,-95
123000302,82,120,-38
123000303,93,220,-127
123000305,785,782,3
123000306,116,128,-12
123000309,54,50,4
123000310,63,45,18
123000311,1,99,-98
123000312,488,486,2
123000313,575,303,272
123000315,148,220,-72
123000316,648,316,332
123000317,209,81,128
123000318,73,179,-106
123000329,15,47,-32
123000337,840,329,511
123000338,315,120,195
123000339,273,98,175
123000340,125,332,-207
123000342,124,99,25
123000343,38,16,22
123000344,967,340,627
123000345,356,607,-251
123000346,439,58,381
123000352,1302,768,534
123000353,31,100,-69
123000354,180,1,179
123000355,0,189,-189
123000356,402,6,396
123000357,3,111,-108
123000359,6,111,-105
123000360,209,65,144
123000361,208,252,-44
123000362,349,61,288
123000363,50,184,-134
123000364,436,471,-35
123000365,25,371,-346
123000366,340,1668,-1328
123000367,259,641,-382
123000370,45,912,-867
123000371,989,130,859
123000372,336,58,278
123000373,18,265,-247
123000374,7,150,-143
123000375,292,29,263
123000376,835,594,241
123000377,298,12,286
123000378,7,237,-230
123000379,1,177,-176
123000380,36,346,-310
123000381,133,93,40
123000382,647,111,536
123000383,130,998,-868
123000384,474,101,373
123000385,134,427,-293
123000436,28,918,-890
123000507,112,190,-78
123000508,184,888,-704
123000517,199,31,168
123000518,26,231,-205
123000519,128,74,54
123000520,42,194,-152
123000521,356,102,254
123000522,141,312,-171
123000541,5,2,3
123000542,0,9,-9
123000565,928,29,899
123000566,302,534,-232
123000567,91,197,-106
123000573,54,501,-447
123000574,855,54,801
123000575,1407,701,706
123000576,837,1015,-178
123000577,51,419,-368
123000578,395,80,315
123000579,1420,5218,-3798
123000580,111,38,73
123000582,347,22,325
123000583,13,254,-241
123000584,131,274,-143
123000585,0,56,-56
123000586,128,1,127
123000596,70,71,-1
123000597,93,152,-59
123000602,58,11,47
123000603,847,481,366
123000604,532,448,84
123000605,772,21,751
123000606,1,379,-378
123000609,12,227,-215
123000610,180,126,54
123000613,39,145,-106
123000614,236,49,187
123000615,78,149,-71
123000616,632,41,591
123000617,73,200,-127
123000618,62,498,-436
123000619,466,48,418
123000620,28,348,-320
123000622,413,17,396
123000624,152,117,35
123000630,1344,366,978
123000631,222,774,-552
123000632,602,557,45
123000633,1,226,-225
123000634,35,175,-140
123000635,106,64,42
123000636,45,453,-408
123000637,240,24,216
123000638,594,32,562
123000639,699,4237,-3538
123000640,26,356,-330
123000648,437,125,312
123000649,34,325,-291
123900001,932,42,890
123900002,23,1026,-1003
123900003,217,311,-94
123900005,204,144,60
123900006,303,37,266
124000001,1619,122,1497
124000002,81,1070,-989
124000003,872,145,727
124000004,64,353,-289
124000005,1088,516,572
124000006,183,747,-564
124000007,437,94,343
124000008,13,397,-384
124000009,688,214,474
124000010,207,356,-149
124000011,766,202,564
124000012,239,305,-66
124000017,214,127,87
124000018,121,57,64
124000019,139,115,24
124000020,50,108,-58
124000021,108,98,10
124000022,90,178,-88
124000023,1205,1216,-11
124000024,869,350,519
124000025,978,1471,-493
124000026,774,799,-25
124000027,3681,3944,-263
124000028,1305,3155,-1850
124000030,1904,1170,734
124000031,1558,3699,-2141
124000032,2192,747,1445
124000033,1101,590,511
124000034,602,811,-209
124000035,357,164,193
124000036,136,464,-328
124000037,345,964,-619
124000038,41,113,-72
124000039,725,447,278
124000040,366,816,-450
124000041,447,134,313
124000042,78,331,-253
124000043,103,96,7
124000044,114,187,-73
124000045,924,508,416
124000046,273,551,-278
124000047,1762,750,1012
124000048,884,921,-37
124000049,1686,556,1130
124000050,787,1232,-445
124000051,1103,519,584
124000052,502,599,-97
124000053,511,1635,-1124
124000054,720,422,298
124000055,1206,2663,-1457
124000056,1747,1060,687
124000057,957,486,471
124000058,488,922,-434
124000059,656,1125,-469
124000060,865,506,359
124000061,1244,5489,-4245
124000062,3786,1364,2422
124000063,939,1138,-199
124000064,1487,979,508
124000065,103,486,-383
124000066,296,109,187
124000067,178,153,25
124000068,126,115,11
124000069,612,189,423
124000070,255,411,-156
124000071,268,143,125
124000072,243,546,-303
124000073,879,139,740
124000074,256,603,-347
124000075,307,34,273
124000076,11,140,-129
124000077,1197,644,553
124000078,2193,1266,927
124000079,245,963,-718
124000080,578,189,389
124000081,231,379,-148
124000082,88,173,-85
124000083,105,107,-2
124000084,71,463,-392
124000085,86,40,46
124000086,26,96,-70
124000087,130,123,7
124000088,176,366,-190
124000089,696,244,452
124000090,147,257,-110
124000091,556,101,455
124000092,150,524,-374
124000093,135,76,59
124000094,159,440,-281
124000095,135,80,55
124000096,212,146,66
124000097,149,154,-5
124000098,99,91,8
124000099,204,151,53
124000100,56,116,-60
124000101,88,106,-18
124000102,93,48,45
124000103,115,116,-1
124000104,85,37,48
124000105,96,82,14
124000106,88,47,41
124000107,19,224,-205
124000108,64,20,44
124000109,159,104,55
124000110,184,95,89
124000111,182,134,48
124000112,641,410,231
124000113,114,72,42
124000114,279,282,-3
124000115,338,437,-99
124000116,109,149,-40
124000117,74,78,-4
124000118,32,81,-49
124000119,805,458,347
124000120,426,492,-66
124000121,1894,892,1002
124000122,525,1190,-665
124000123,861,416,445
124000124,366,827,-461
124000125,313,432,-119
124000126,343,457,-114
124000127,832,303,529
124000128,552,654,-102
124000129,1850,1231,619
124000130,655,431,224
124000131,796,546,250
124000132,742,565,177
124000133,943,751,192
124000134,763,517,246
124000135,1414,1466,-52
124000136,713,794,-81
124000137,896,759,137
124000138,877,966,-89
124000139,631,80,551
124000140,57,440,-383
124000141,877,37,840
124000142,119,378,-259
124000143,102,12,90
124000144,13,179,-166
124000145,147,48,99
124000146,39,76,-37
124000148,13,108,-95
124000149,1065,408,657
124000150,304,508,-204
124000151,971,373,598
124000152,764,1115,-351
124000153,967,670,297
124000154,552,635,-83
124000155,1236,963,273
124000156,1368,938,430
124000169,176,401,-225
124000170,414,346,68
124000171,246,206,40
124000172,232,411,-179
124000173,524,213,311
124000174,394,417,-23
124000175,6,89,-83
124000176,42,16,26
124000177,3,33,-30
124000178,46,46,0
124000185,40,14,26
124000186,3,52,-49
124000187,1,53,-52
124000188,54,10,44
124000190,143,65,78
124000191,145,157,-12
124000192,1247,376,871
124000193,270,859,-589
124000194,357,323,34
124000195,318,562,-244
124000196,725,642,83
124000197,61,48,13
124000198,37,63,-26
124000201,263,528,-265
124000202,580,265,315
124000203,403,369,34
124000204,802,278,524
124000205,91,292,-201
124000206,680,226,454
124000207,0,36,-36
124000209,185,271,-86
124000210,563,176,387
124000211,670,3,667
124000212,0,221,-221
124000213,488,218,270
124000214,436,414,22
124000215,384,21,363
124000216,0,311,-311
124000329,154,1022,-868
124000338,127,461,-334
124000339,1041,71,970
124000341,1560,63,1497
124000344,46,29,17
124000357,1066,2150,-1084
124000358,665,1392,-727
124000359,1005,478,527
124000360,739,412,327
124000361,1672,971,701
124000362,937,1130,-193
124000363,309,238,71
124000364,471,500,-29
124000365,571,783,-212
124000366,1401,578,823
124000367,80,380,-300
124000368,402,456,-54
124000369,139,92,47
124000370,73,350,-277
124000402,21,17,4
124000403,97,17,80
124000404,16,81,-65
124000405,895,661,234
124000406,669,602,67
124000407,4,45,-41
124000411,8,277,-269
124000412,434,17,417
124000413,143,34,109
124000414,94,103,-9
124000415,48,81,-33
124000416,166,173,-7
124000417,199,98,101
124000418,224,76,148
124000419,98,79,19
124000420,133,56,77
124000421,40,116,-76
124000422,20,10,10
124000423,116,36,80
124000424,7,115,-108
124000425,152,9,143
124000426,10,160,-150
124000427,151,6,145
124000428,7,72,-65
124000429,89,57,32
124000430,687,331,356
124000431,295,393,-98
124000432,256,646,-390
124000439,9,9,0
124000443,1,11,-10
124000445,286,1197,-911
124000446,874,187,687
124000447,30,157,-127
124000448,71,12,59
124000449,122,7,115
124000450,12,85,-73
124000451,6,45,-39
124900001,704,397,307
124900002,143,191,-48
124900003,1196,687,509
124900004,792,286,506
124900005,223,100,123
124900006,760,275,485
124900008,1069,547,522
124900009,172,355,-183
124900010,189,136,53
124900011,592,241,351
124900012,406,163,243
124900013,512,119,393
124900014,268,89,179
124900015,133,299,-166
124900016,86,92,-6
124900017,545,1639,-1094
124900018,73,8,65
124900020,85,46,39
124900021,326,62,264
124900022,48,11,37
124900024,316,19,297
124900026,99,55,44
124900027,149,385,-236
124900028,322,87,235
124900029,16,501,-485
124900030,9,69,-60
124900031,23,169,-146
124900032,126,235,-109
124900033,118,201,-83
124900034,6,80,-74
124900035,167,228,-61
124900036,0,36,-36
124900037,150,197,-47
124900038,226,238,-12
124900039,1,46,-45
124900040,136,63,73
124900041,344,713,-369
124900042,73,0,73
124900043,499,726,-227
124900044,101,7,94
124900045,520,960,-440
124900047,145,156,-11
124900048,184,78,106
124900050,126,176,-50
124900052,112,310,-198
124900053,123,302,-179
124900054,1160,417,743
124900055,1,135,-134
124900057,24,54,-30
124900060,58,249,-191
124900061,93,7,86
124900062,181,25,156
124900066,0,14,-14
124900067,6,116,-110
124900068,250,414,-164
124900070,57,21,36
124900072,116,42,74
124900075,268,183,85
124900076,24,1224,-1200
124900077,16,119,-103
124900078,84,12,72
124900079,446,150,296
124900080,297,437,-140
124900081,1075,337,738
124900082,420,561,-141
124900083,283,431,-148
124900085,793,527,266
124900086,61,1155,-1094
124900087,543,80,463
124900088,388,103,285
124900089,1014,23,991
124900090,317,184,133
124900091,257,214,43
124900092,202,164,38
124900093,309,197,112
124900094,466,215,251
124900095,92,432,-340
124900096,349,221,128
124900097,354,65,289
124900098,68,204,-136
124900099,359,362,-3
124900100,310,56,254
124900101,145,355,-210
124900102,199,14,185
124900103,133,130,3
124900104,63,130,-67
124900105,148,69,79
124900106,349,30,319
124900107,95,15,80
124900108,164,97,67
124900111,0,157,-157
124900112,72,315,-243
124900113,92,292,-200
124900114,138,130,8
124900115,54,39,15
124900116,235,175,60
124900117,241,113,128
124900118,177,429,-252
124900119,352,173,179
124900120,34,282,-248
124900121,104,339,-235
124900122,274,178,96
124900123,266,116,150
124900124,130,270,-140
204000001,173,9,164
204000002,27,7,20
204000003,20,5,15
204000004,5,2,3
204000005,655,492,163
204000006,1188,1175,13
204000011,17,27,-10
204000012,74,87,-13
204000019,666,393,273
204000020,649,510,139
204000021,1264,738,526
204000022,579,413,166
204000023,529,526,3
204000031,74,17,57
204000032,310,26,284
204000034,47,96,-49
204000035,0,7,-7
204000036,2,20,-18
204000037,1,9,-8
204000038,3,17,-14
204000039,5,30,-25
204000040,6,24,-18
204000041,18,18,0
204000042,39,8,31
204000043,28,4,24
204000044,42,0,42
204000045,56,3,53
204000046,19,6,13
204000057,2,10,-8
204000062,23,41,-18
204000068,34,277,-243
204000069,91,338,-247
204000070,89,111,-22
204000080,79,75,4
204000085,1818,1122,696
204000086,1925,1247,678
204000087,47,11,36
204000088,6,80,-74
204000090,85,225,-140
204000093,377,93,284
204000096,1005,954,51
204000097,500,30,470
204000099,1002,1355,-353
204000100,1272,1642,-370
204000105,1910,969,941
204000110,492,913,-421
204000111,408,550,-142
204000112,588,591,-3
204000113,411,595,-184
204000114,795,636,159
204000115,551,318,233
204000116,677,534,143
204000119,1721,2392,-671
204000132,854,380,474
204000133,999,191,808
204000134,217,81,136
204000135,755,75,680
204000136,707,198,509
204000138,422,615,-193
204000140,264,158,106
204000141,182,81,101
204000144,5,22,-17
204000145,478,27,451
204000146,40,256,-216
204000147,24,186,-162
204000148,440,30,410
204000154,15,4,11
204000155,1,8,-7
204000177,73,44,29
204000179,80,8,72
204000180,0,39,-39
204000222,0,14,-14
204000235,41,13,28
204000236,47,193,-146
204000238,25,33,-8
204000240,434,80,354
204000263,629,729,-100
204000268,850,623,227
204000308,115,14,101
204000317,11,78,-67
204000322,14,40,-26
204000323,10,6,4
204000328,261,75,186
204000329,90,116,-26
204000330,199,32,167
204000331,124,91,33
205000001,813,1302,-489
205000013,2,78,-76
205000014,23,79,-56
205000015,28,147,-119
205000016,22,170,-148
205000017,33,70,-37
205000022,293,674,-381
205000025,1179,958,221
205000029,255,8,247
205000045,121,511,-390
205000046,121,593,-472
205000047,52,435,-383
205000048,369,802,-433
205000049,169,621,-452
205000050,638,253,385
205000059,0,201,-201
205000060,0,97,-97
205000061,2,136,-134
205000062,1,136,-135
205000063,18,154,-136
205000064,30,69,-39
205000065,98,437,-339
205000066,139,558,-419
205000067,62,673,-611
205000069,233,16,217
205000082,168,136,32
205000110,78,213,-135
205000111,216,200,16
205000112,174,193,-19
205000113,233,300,-67
205000121,223,47,176
205000123,23,221,-198
205000126,413,63,350
205000127,752,119,633
205000128,428,60,368
205000129,608,59,549
205000130,144,30,114
205000131,58,8,50
205000132,131,3,128
205000133,68,0,68
205000134,217,0,217
205000137,42,109,-67
205000138,150,289,-139
205000139,28,116,-88
205000144,106,86,20
205000145,300,174,126
205000151,128,23,105
205000152,189,21,168
205000153,201,31,170
205000154,79,38,41
205000155,120,17,103
205000207,9,144,-135
205000233,20,1,19
205000234,0,0,0
205000243,1,0,1
205000244,0,5,-5
205000245,6,126,-120
205000249,0,22,-22
205000250,1,0,1
205000264,5,85,-80
206000027,6,2,4
206000028,5,0,5
206000043,7,32,-25
206000053,1,8,-7
206000054,1,19,-18
206000055,1,14,-13
206000075,18,20,-2
206000076,18,11,7
206000077,21,2,19
206000078,18,8,10
206000079,31,15,16
206000082,378,42,336
206000100,33,310,-277
206000103,7,10,-3
206000104,15,25,-10
206000105,6,11,-5
206000106,6,19,-13
206000125,60,0,60
206000157,21,362,-341
206000170,0,102,-102
206000171,3,166,-163
206000172,10,211,-201
206000173,2,137,-135
206000174,14,42,-28
206000175,1,50,-49
206000176,15,81,-66
206000177,1,78,-77
206000178,3,142,-139
206000179,10,82,-72
206000180,9,92,-83
206000181,14,61,-47
206000182,8,74,-66
206000183,23,252,-229
206000184,12,157,-145
206000185,4,48,-44
206000186,91,424,-333
206000223,6,117,-111
206000226,8,3,5
206000227,32,3,29
206000237,35,165,-130
206000238,37,304,-267
206000239,175,1068,-893
206000240,0,54,-54
206000241,0,61,-61
206000242,4,115,-111
206000243,8,88,-80
206000244,56,286,-230
206000245,1023,51,972
206000246,268,8,260
206000247,319,14,305
206000248,435,25,410
206000252,45,28,17
206000258,27,22,5
206000315,39,13,26
206000317,696,111,585
206000318,689,65,624
206000319,1834,79,1755
206000320,299,36,263
206000321,258,8,250
206000322,579,11,568
206000323,251,8,243
206000324,236,21,215
206000325,253,24,229
206000326,276,14,262
206000327,179,5,174
206000328,246,3,243
206000329,328,5,323
206000330,75,6,69
206000331,211,7,204
206000332,47,1,46
206000333,729,5,724
206000334,313,2,311
206000335,0,16,-16
206000361,1,141,-140
206000392,1,9,-8
206000405,151,2,149
206000441,33,14,19
206000498,33,0,33
206000515,64,35,29
206000530,399,76,323
206000531,317,260,57
206000532,1639,348,1291
206000535,127,1308,-1181
206000536,15,128,-113
206000537,8,123,-115
206000613,1574,213,1361
206000784,506,34,472
207000001,132,558,-426
207000002,91,274,-183
207000003,139,145,-6
207000007,992,239,753
207000008,164,12,152
207000009,54,47,7
207000010,327,290,37
207000012,452,177,275
207000015,211,738,-527
207000019,206,55,151
207000021,540,170,370
207000022,183,131,52
207000023,228,48,180
207000024,4,11,-7
207000025,24,78,-54
207000026,100,36,64
207000027,22,52,-30
207000028,40,128,-88
207000029,186,305,-119
207000033,184,390,-206
207000034,325,109,216
207000039,517,102,415
207000040,413,62,351
207000041,99,69,30
207000042,230,50,180
207000043,235,159,76
207000051,102,166,-64
207000052,74,107,-33
207000053,427,415,12
207000054,43,75,-32
207000055,166,111,55
207000056,261,261,0
207000057,153,222,-69
207000058,180,210,-30
207000059,126,317,-191
207000060,52,152,-100
207000061,198,611,-413
207000062,383,32,351
207000063,388,87,301
207000064,340,134,206
207000065,339,156,183
207000066,251,168,83
207000067,49,62,-13
207000068,134,42,92
207000069,720,332,388
207000082,7,147,-140
207000083,62,152,-90
207000084,323,261,62
207000085,221,30,191
207000086,280,8,272
207000106,42,22,20
207000107,83,17,66
207000108,80,11,69
207000109,50,18,32
207000110,74,85,-11
207000111,67,77,-10
207000112,199,654,-455
207000114,27,27,0
207000115,40,47,-7
207000116,21,351,-330
207000117,3,83,-80
207000118,3,39,-36
207000119,22,53,-31
207000123,213,36,177
207000124,67,26,41
207000125,65,47,18
207000126,64,48,16
207000134,95,108,-13
207000135,21,131,-110
207000148,86,289,-203
207000149,84,31,53
207000152,112,323,-211
207000153,650,1040,-390
207000154,300,127,173
207000159,120,108,12
207000160,118,210,-92
207000238,0,210,-210
207000242,4,102,-98
207000248,48,21,27
207000249,95,27,68
207000250,393,68,325
207000251,90,66,24
207000252,92,46,46
207000278,108,65,43
207000279,24,97,-73
207000280,701,80,621
207000281,123,506,-383
207000282,109,133,-24
207000283,60,227,-167
207000284,33,307,-274
207000285,74,87,-13
207000291,17,106,-89
207000304,70,70,0
207000306,48,248,-200
207000310,88,84,4
207000353,269,3,266
207000356,30,17,13
207000357,4,12,-8
207000358,2,18,-16
207000415,3,105,-102
207000417,59,10,49
207000418,102,124,-22
207000438,0,0,0
207000439,586,502,84
207000446,186,14,172
207000460,51,7,44
207000466,177,92,85
207000467,317,83,234
207000468,52,174,-122
207000476,11,51,-40
207000477,558,70,488
207000478,5,41,-36
207000523,0,23,-23
207000524,124,0,124
207000527,122,142,-20
207000530,615,8,607
207000531,342,27,315
207000532,95,69,26
207000534,299,56,243
207000535,35,266,-231
207000537,67,68,-1
207000540,5,126,-121
207000541,2,189,-187
207000548,17,220,-203
207000549,409,59,350
207000561,180,184,-4
207000562,34,106,-72
207000567,143,197,-54
207000568,200,45,155
207000569,507,378,129
207000584,207,146,61
207000585,44,315,-271
207000587,152,30,122
207000616,0,105,-105
207000617,169,0,169
207000624,52,44,8
207000631,6,84,-78
207900008,277,85,192
208000001,601,948,-347
208000002,635,416,219
208000003,1134,367,767
208000004,953,695,258
208000005,8,21,-13
208000019,638,877,-239
208000020,196,416,-220
208000021,235,266,-31
208000022,874,344,530
208000028,849,1172,-323
208000033,579,506,73
208000034,878,1135,-257
208000037,189,4,185
208000040,170,160,10
208000041,728,520,208
208000042,826,604,222
208000047,159,184,-25
208000064,2025,1319,706
208000066,1409,2135,-726
208000070,361,367,-6
208000071,450,622,-172
208000072,492,1023,-531
208000080,303,366,-63
208000081,392,116,276
208000082,348,216,132
208000083,146,322,-176
208000084,7,10,-3
208000085,668,571,97
208000086,427,871,-444
208000087,285,664,-379
208000089,1000,252,748
208000090,1127,454,673
208000093,170,233,-63
208000094,543,371,172
208000095,727,418,309
208000104,961,762,199
208000105,688,831,-143
208000114,118,312,-194
208000115,422,297,125
208000116,577,932,-355
208000117,168,156,12
208000118,93,159,-66
208000155,726,793,-67
208000158,1195,3271,-2076
208000186,3006,3576,-570
208000204,603,820,-217
208000205,1192,715,477
208000282,4096,2643,1453
209000004,412,171,241
209000005,67,56,11
209000006,395,154,241
209000007,246,251,-5
209000010,358,120,238
209000011,135,173,-38
209000012,110,116,-6
209000013,160,206,-46
209000014,415,561,-146
209000025,389,56,333
209000026,761,112,649
209000027,276,486,-210
209000028,342,385,-43
209000029,294,421,-127
209000030,282,778,-496
209000031,1651,1228,423
209000034,218,269,-51
209000035,130,199,-69
209000036,296,98,198
209000037,389,231,158
209000038,131,167,-36
209000039,76,131,-55
209000040,321,408,-87
209000041,195,352,-157
209000042,260,294,-34
209000043,599,781,-182
209000044,200,724,-524
209000045,1285,327,958
209000046,466,374,92
209000047,383,204,179
209000048,554,267,287
209000049,108,58,50
209000050,217,90,127
209000051,255,212,43
209000052,121,202,-81
209000062,52,51,1
209000063,45,55,-10
209000064,55,52,3
209000065,99,25,74
209000066,115,29,86
209000067,98,31,67
209000080,18,135,-117
209000082,71,31,40
209000091,24,75,-51
209000093,65,20,45
209000094,163,160,3
209000110,48,133,-85
209000111,429,1300,-871
209000112,1010,538,472
209000113,1583,472,1111
209000114,748,323,425
209000115,105,59,46
209000116,463,239,224
209000118,11,27,-16
209000119,15,13,2
209000121,113,301,-188
209000135,63,185,-122
209000142,523,1408,-885
209000143,52,49,3
209000144,38,97,-59
209000229,293,117,176
209000240,27,152,-125
209000259,61,108,-47
209000260,38,672,-634
209000261,9,441,-432
209000262,4,280,-276
209000263,1,183,-182
209000264,0,266,-266
209000265,435,20,415
209000266,113,1,112
209000267,847,11,836
209000268,471,53,418
210000037,56,45,11
210000047,107,22,85
210000048,107,24,83
210000049,65,5,60
210000052,75,53,22
210000053,42,43,-1
210000054,67,58,9
210000070,101,4,97
210000071,111,0,111
210000072,41,0,41
210000073,0,22,-22
210000074,0,68,-68
210000075,2,62,-60
210000076,16,120,-104
210000077,15,30,-15
210000078,39,27,12
210000079,27,21,6
210000080,108,93,15
210000081,226,35,191
210000082,104,2,102
210000083,109,2,107
210000084,54,0,54
210000085,0,50,-50
210000086,4,88,-84
210000099,31,253,-222
210000100,39,167,-128
210000101,83,135,-52
210000105,61,161,-100
210000159,1,183,-182
210000163,97,186,-89
210000164,335,227,108
210000168,111,39,72
210000187,0,17,-17
210000188,0,16,-16
210000214,22,0,22
210000219,34,43,-9
210000220,127,34,93
210000232,4,22,-18
210000233,35,42,-7
210000234,34,77,-43
210000235,56,46,10
210000245,1,38,-37
210000246,42,18,24
210000258,23,60,-37
210000259,378,69,309
210000282,93,172,-79
210000285,1,122,-121
210000286,19,96,-77
210000290,3,15,-12
210000295,40,88,-48
210000296,23,29,-6
210000320,167,57,110
210000321,138,64,74
210000338,39,66,-27
210000339,229,951,-722
210000340,109,329,-220
210000341,152,213,-61
210000342,196,179,17
210000343,201,166,35
210000344,141,103,38
210000345,100,184,-84
210000346,73,119,-46
210000347,20,44,-24
210000348,117,17,100
210000349,39,27,12
210000350,164,49,115
210000351,168,124,44
210000352,91,76,15
210000353,72,76,-4
210000354,110,79,31
210000355,46,58,-12
210000356,15,59,-44
210000357,39,74,-35
210000358,224,133,91
210000359,91,93,-2
210000360,126,134,-8
210000361,165,98,67
210000362,274,147,127
210000363,655,197,458
210000364,98,130,-32
210000365,131,111,20
210000366,127,66,61
210000367,98,35,63
210000368,134,64,70
210000369,24,29,-5
210000370,53,44,9
210000372,22,24,-2
210000373,13,10,3
210000374,52,26,26
210000375,50,61,-11
210000376,69,105,-36
210000404,51,102,-51
210000439,62,40,22
210000472,87,1,86
210000482,75,71,4
210000564,233,280,-47
210000567,0,48,-48
210000568,330,3,327
211000092,85,41,44
211000094,21,12,9
211000169,214,25,189
211000172,7,180,-173
211000209,0,20,-20
211000226,14,34,-20
211000270,47,10,37
211000275,15,7,8
211000276,115,21,94
211000279,7,21,-14
211000281,89,34,55
211000302,30,45,-15
211507980,3,52,-49
211977296,41,6,35
212000003,169,41,128
212000004,28,30,-2
212000005,32,22,10
212000006,23,34,-11
212000008,154,79,75
212000009,24,65,-41
212000012,90,88,2
212000013,26,43,-17
212000014,237,154,83
212000015,377,203,174
212000016,483,407,76
212000027,532,336,196
212000028,388,331,57
212000029,243,224,19
212000030,39,36,3
212000031,81,59,22
212000048,22,130,-108
212000049,21,110,-89
212000050,23,11,12
212000051,186,131,55
212000052,195,186,9
212000053,332,365,-33
212000054,298,102,196
212000055,266,184,82
212000056,21,48,-27
212000057,21,28,-7
212000058,218,37,181
212000070,126,145,-19
212000077,152,387,-235
212000099,247,252,-5
212000108,194,156,38
212000111,274,99,175
212000120,91,44,47
212000138,152,23,129
212000156,10,80,-70
212000158,14,19,-5
212000159,499,76,423
212000160,664,213,451
212000161,96,8,88
212000310,42,10,32
212000311,20,52,-32
212000374,24,12,12
213000001,40,331,-291
213000005,418,140,278
213000006,996,352,644
213000007,112,12,100
213000009,682,441,241
213000010,214,305,-91
213000011,193,118,75
213000012,153,208,-55
213000014,118,17,101
213000015,295,3,292
213000016,520,3,517
213000017,105,2,103
213000018,2,143,-141
213000019,1,158,-157
213000020,96,277,-181
213000021,9,123,-114
213000023,361,192,169
213000033,288,1501,-1213
213000034,668,230,438
213000035,141,189,-48
213000045,185,213,-28
213000046,205,146,59
213000047,546,1233,-687
213000056,166,16,150
213000069,103,3,100
213000073,0,48,-48
213000074,71,337,-266
213000075,526,10,516
213000076,27,3,24
213000085,10,57,-47
213000086,32,131,-99
213000091,223,15,208
213000092,74,14,60
213000099,233,992,-759
213000100,1117,313,804
213000101,373,104,269
213000102,519,149,370
213000103,864,715,149
213000104,45,350,-305
213000105,4,204,-200
213000106,52,111,-59
213000107,146,380,-234
213000108,59,349,-290
213000109,13,207,-194
213000110,22,72,-50
213000111,15,80,-65
213000112,139,117,22
213000115,58,16,42
213000116,56,362,-306
213000117,12,543,-531
213000118,495,222,273
213000119,45,516,-471
213000120,91,432,-341
213000122,131,392,-261
213000123,284,738,-454
213000124,111,798,-687
213000125,101,21,80
213000126,71,77,-6
213000127,143,174,-31
213000128,398,959,-561
213000129,279,760,-481
213000130,673,306,367
213000132,495,117,378
213000133,583,131,452
213000134,1034,30,1004
213000136,561,19,542
213000137,700,83,617
213000139,290,26,264
213000147,66,7,59
213000148,21,12,9
213000149,48,8,40
213000150,1,146,-145
213000151,9,138,-129
213000152,0,96,-96
213000153,4,134,-130
213000154,51,188,-137
213000155,43,149,-106
213000156,119,373,-254
213000157,522,294,228
213000158,340,751,-411
213000159,560,447,113
213000163,1038,105,933
213000165,896,242,654
213000171,0,41,-41
213000172,6,125,-119
213000173,2,122,-120
213000174,3,87,-84
213000175,14,43,-29
213000176,30,32,-2
213000177,83,9,74
213000178,203,2,201
213000179,263,2,261
213000180,254,0,254
213000184,82,252,-170
213000188,286,98,188
213000189,425,41,384
213000190,804,622,182
213000191,353,345,8
213000192,231,249,-18
213000193,776,188,588
213000194,1,98,-97
213000195,24,328,-304
213000196,238,989,-751
213000197,442,469,-27
213000198,66,6,60
213000200,130,663,-533
213000201,61,49,12
213000202,14,510,-496
213000203,2622,637,1985
213000204,744,59,685
213000205,272,59,213
213000206,445,36,409
213000207,120,10,110
213000208,67,10,57
213000209,127,3,124
213000210,254,1,253
213000211,6,24,-18
213000212,16,40,-24
213000213,15,45,-30
213000218,284,348,-64
213000219,454,20,434
213000220,459,18,441
213000223,196,241,-45
213000224,33,56,-23
213000225,104,7,97
213000226,86,13,73
213000227,961,209,752
213000228,462,93,369
213000229,142,27,115
213000230,538,40,498
213000232,46,988,-942
213000233,10,80,-70
213000234,6,43,-37
213000293,14,53,-39
213000294,106,20,86
213000295,2,96,-94
213000296,57,10,47
213000297,20,65,-45
213000298,27,66,-39
213000299,64,37,27
213000300,14,9,5
213000303,9,33,-24
213000304,0,7,-7
213000305,5,19,-14
213000306,59,30,29
213000307,103,74,29
213000308,75,123,-48
213000309,146,56,90
213000310,396,126,270
213000311,255,704,-449
213000315,118,77,41
213000316,156,49,107
213000322,90,85,5
213000323,99,70,29
213000324,54,9,45
213000325,42,61,-19
213000326,5,13,-8
213000327,5,13,-8
213000328,13,118,-105
213000329,104,15,89
213000340,153,422,-269
213000341,603,109,494
213000346,227,265,-38
213000347,584,483,101
213000348,8,130,-122
213000349,22,9,13
213000350,307,672,-365
213000366,97,232,-135
213000367,258,21,237
213000379,78,77,1
213000386,10,288,-278
213000406,80,370,-290
213000417,1214,423,791
213000425,261,29,232
213000426,162,34,128
213000427,43,113,-70
213000428,44,145,-101
213000429,19,4,15
213000430,171,519,-348
213000431,50,1,49
213000432,7,38,-31
213000433,16,74,-58
213000434,99,93,6
213000435,106,58,48
213000436,17,66,-49
213000437,0,1,-1
213000438,158,39,119
213000439,54,14,40
213000440,6,261,-255
213000441,3,1,2
213000442,0,25,-25
213000443,278,236,42
213000444,29,26,3
213000445,0,61,-61
213000446,1,30,-29
213000447,1,40,-39
213000448,20,153,-133
213000449,507,5,502
213000450,13,27,-14
213000451,251,46,205
213000452,19,21,-2
213000453,27,216,-189
213000455,406,3,403
213000456,0,463,-463
213000481,13,8,5
213000482,57,0,57
213000489,203,58,145
213000491,0,173,-173
213000492,139,4,135
213000493,2,77,-75
213000494,269,89,180
213000495,0,76,-76
213000496,395,160,235
213000497,54,210,-156
213000498,131,167,-36
213000499,233,346,-113
213000500,474,73,401
213000501,152,37,115
213000502,176,131,45
213000503,0,63,-63
213000504,25,65,-40
213000505,9,16,-7
213000506,0,16,-16
213000507,1,94,-93
213900244,31,0,31
213900245,0,15,-15
218000003,57,27,30
218000004,23,51,-28
218000005,27,37,-10
218000006,53,26,27
218000007,7,17,-10
218000012,155,133,22
218000013,105,106,-1
218000014,328,314,14
218000019,712,450,262
218000020,271,391,-120
218000021,18,10,8
218000022,5,15,-10
218000023,3,5,-2
218000024,0,1,-1
218000025,10,8,2
218000026,3,7,-4
218000027,0,6,-6
218000028,2,1,1
218000029,2,0,2
218000030,4,4,0
218000031,1,6,-5
218000032,2,6,-4
218000040,8,6,2
218000046,43,86,-43
218000047,12,125,-113
218000048,51,100,-49
218000049,56,104,-48
218000050,312,255,57
218000051,89,234,-145
218000052,1,73,-72
218000053,4,5,-1
218000054,6,123,-117
218000055,5,24,-19
218000056,25,33,-8
218000057,3,19,-16
218000064,9,13,-4
218000065,70,24,46
218000066,18,34,-16
218000067,54,73,-19
218000068,110,76,34
218000069,282,106,176
218000070,207,181,26
218000071,174,122,52
218000072,229,179,50
218000078,835,527,308
218000079,128,85,43
218000080,119,55,64
218000081,498,171,327
218000082,51,104,-53
218000083,57,49,8
218000084,153,101,52
218000085,177,222,-45
218000086,139,95,44
218000087,174,99,75
218000090,14,96,-82
218000091,1069,414,655
218000092,99,102,-3
218000093,100,34,66
218000094,395,463,-68
218000099,254,640,-386
218000100,298,239,59
218000101,339,111,228
218000102,383,202,181
218000103,80,72,8
218000104,74,22,52
218000105,35,9,26
218000106,12,9,3
218000107,92,29,63
218000108,2,34,-32
218000112,28,21,7
218000117,41,39,2
218000134,502,385,117
218000135,32,76,-44
218000136,167,142,25
218000137,215,127,88
218000138,59,92,-33
218000139,196,246,-50
218000140,367,238,129
218000141,89,90,-1
218000142,215,142,73
218000143,129,269,-140
218000144,48,106,-58
218000145,435,239,196
218000146,115,167,-52
218000151,8,9,-1
218000152,78,34,44
218000153,7,5,2
218000154,11,2,9
218000155,22,1,21
218000156,34,4,30
218000157,23,18,5
218000158,14,4,10
218000159,1,3,-2
218000160,0,4,-4
218000161,29,4,25
218000162,15,0,15
218000163,9,2,7
218000164,27,4,23
218000165,45,21,24
218000170,8,23,-15
218000171,33,9,24
218000172,10,4,6
218000173,13,14,-1
218000174,15,2,13
218000176,214,28,186
218000177,281,156,125
218000178,61,117,-56
218000179,128,42,86
218000180,90,21,69
218000181,150,29,121
218000187,17,24,-7
218000188,26,50,-24
218000189,24,51,-27
218000190,27,10,17
218000191,180,39,141
218000192,157,127,30
218000193,348,199,149
218000194,107,226,-119
218000195,99,65,34
218000196,346,207,139
218000197,408,221,187
218000198,36,90,-54
218000199,29,29,0
218000200,73,35,38
218000201,22,10,12
218000202,57,279,-222
218000207,19,39,-20
218000208,27,21,6
218000211,29,24,5
218000212,0,2,-2
218000213,91,91,0
218000214,3,31,-28
218000215,35,67,-32
218000217,11,117,-106
218000218,143,81,62
218000219,9,27,-18
218000220,51,320,-269
218000221,426,135,291
218000222,3,36,-33
218000223,32,251,-219
218000224,10,76,-66
218000225,158,9,149
218000226,131,35,96
218000230,0,1,-1
218000232,37,40,-3
218000239,141,20,121
218000240,14,1,13
218000241,39,4,35
218000242,40,8,32
218000243,64,7,57
218000244,64,11,53
218000245,8,2,6
218000246,4,0,4
218000247,2,0,2
218000248,0,17,-17
218000249,0,10,-10
218000250,2,8,-6
218000251,3,42,-39
218000252,4,138,-134
218000253,3,182,-179
218000254,0,76,-76
218000255,0,47,-47
218000256,8,107,-99
218000267,351,769,-418
218000268,8,52,-44
218000269,2,14,-12
218000270,75,33,42
218000271,9,43,-34
218000273,40,6,34
218000274,19,4,15
218000275,30,44,-14
218000276,21,34,-13
218000278,20,35,-15
218000279,117,31,86
218000280,6,30,-24
218000281,24,19,5
218000282,543,569,-26
218000284,51,11,40
218000301,65,114,-49
218000302,83,39,44
218000303,28,71,-43
218000316,731,799,-68
218000317,1380,747,633
218000318,845,511,334
218000319,1155,619,536
218000320,923,457,466
218000338,62,51,11
218000345,90,48,42
218000346,33,168,-135
218000459,36,292,-256
218000490,18,44,-26
218000501,146,47,99
218000502,57,73,-16
218000503,124,17,107
218000504,219,33,186
218000505,57,154,-97
218000506,27,274,-247
218000508,1,12,-11
218000510,128,14,114
218000520,97,109,-12
218000521,9,41,-32
218000522,0,107,-107
218000523,145,14,131
218000524,32,363,-331
218000525,96,18,78
218000526,20,165,-145
218000529,46,95,-49
218000530,10,1,9
218000531,4,17,-13
218000532,20,4,16
218000534,159,17,142
218000537,31,66,-35
218000538,137,237,-100
218000540,204,100,104
218000543,221,49,172
218000544,23,48,-25
218000545,83,82,1
218000546,52,56,-4
218000547,86,180,-94
218000548,152,60,92
218000549,444,528,-84
218000550,152,242,-90
218000551,65,900,-835
218000552,199,80,119
218000553,28,116,-88
218000554,17,28,-11
218000555,36,55,-19
218000556,202,149,53
218000557,283,148,135
218000558,51,15,36
218000559,0,40,-40
218000560,0,34,-34
218000561,21,0,21
218000562,38,141,-103
218000563,171,25,146
218000564,2,158,-156
218000565,142,44,98
218000566,182,61,121
218000567,1,98,-97
218000568,48,5,43
218000569,8,290,-282
218000570,112,16,96
218000571,2,115,-113
218000572,193,3,190
218000573,31,286,-255
218000574,116,42,74
218000575,134,0,134
218000576,1,77,-76
218000577,76,4,72
218000578,4,186,-182
218000579,49,15,34
218000581,2,33,-31
218000582,27,5,22
218000583,3,0,3
218000584,0,15,-15
218000585,41,2,39
218000586,14,55,-41
218000587,1,1,0
218000588,3,5,-2
218000589,3,4,-1
218000590,1,0,1
218000591,1,1,0
218000592,1,1,0
218000593,8,0,8
218000594,0,0,0
218000596,0,0,0
218000597,0,0,0
218000598,0,0,0
218000599,2,0,2
218000600,2,1,1
218000601,0,1,-1
218000602,0,3,-3
218000603,1,3,-2
218000604,4,0,4
218000605,0,39,-39
218000606,84,1,83
218000607,12,27,-15
218000608,61,14,47
218000609,6,39,-33
218000610,73,3,70
218000611,23,0,23
218000612,0,36,-36
218000613,68,1,67
218000614,16,41,-25
218000615,105,1,104
218000616,8,144,-136
218000617,20,1,19
218000618,0,20,-20
218000619,27,17,10
218000620,4,23,-19
218000621,0,0,0
218000622,0,8,-8
218000623,47,2,45
218000624,0,25,-25
218000625,11,0,11
218000626,1,6,-5
218000628,143,42,101
218000631,37,32,5
218000632,2,113,-111
218000633,185,1,184
218000634,26,15,11
218000635,36,9,27
218000636,673,706,-33
218000637,1040,368,672
218000638,217,22,195
218000639,9,89,-80
218000640,268,25,243
218000641,88,161,-73
218000652,34,51,-17
218000653,153,24,129
218000663,10,157,-147
218000675,55,71,-16
218000676,4,12,-8
218000677,13,1,12
218000680,254,238,16
218000681,388,167,221
218000691,167,117,50
218000693,292,128,164
218000703,1,8,-7
218000718,152,1013,-861
218000719,332,663,-331
218000720,9,267,-258
218000721,101,15,86
218000725,3,5,-2
218001147,4,79,-75
218001214,8,71,-63
218001258,244,4,240
218001329,110,112,-2
218001330,90,68,22
218001351,25,19,6
218001352,23,33,-10
218001353,28,9,19
218001354,19,17,2
218001355,22,131,-109
218001356,415,31,384
218001357,40,116,-76
218001358,290,23,267
218001361,324,5,319
218001362,0,76,-76
219000001,42,37,5
219000002,48,59,-11
219000003,72,30,42
219000004,58,59,-1
219000017,89,48,41
219000020,147,41,106
219000022,167,2,165
219000023,157,3,154
219000029,17,63,-46
219000034,36,34,2
219000039,93,99,-6
219000040,46,57,-11
219000041,158,20,138
219000051,0,22,-22
219000052,0,10,-10
219000053,0,68,-68
219000054,13,40,-27
219000055,277,2,275
219000056,6,0,6
219000057,61,0,61
219000062,10,34,-24
219000063,46,7,39
219000064,1,66,-65
219000110,363,193,170
219000111,181,76,105
219000112,187,80,107
219000113,213,75,138
219000114,281,106,175
219000116,92,46,46
219000117,108,50,58
219000118,181,67,114
219000123,254,80,174
219000124,101,65,36
219000125,24,17,7
219000126,63,122,-59
219000127,0,4,-4
219000128,2,77,-75
219000129,19,102,-83
219000130,275,431,-156
219000131,512,828,-316
219000133,64,67,-3
219000134,8,32,-24
219000135,30,80,-50
219000136,139,190,-51
219000138,70,14,56
219000139,28,37,-9
219000140,81,1,80
219000141,49,79,-30
219000142,10,57,-47
219000143,11,67,-56
219000145,26,36,-10
219000146,5,28,-23
219000147,4,22,-18
219000148,4,18,-14
219000149,10,69,-59
219000150,1,35,-34
219000151,4,18,-14
219000157,254,124,130
219000158,166,193,-27
219000161,91,16,75
219000163,874,475,399
219000166,114,150,-36
219000167,131,159,-28
219000168,318,111,207
219000174,390,121,269
219000175,101,4,97
219000176,138,10,128
219000177,86,2,84
219000178,51,3,48
219000179,11,6,5
219000180,57,35,22
219000182,159,15,144
219000183,65,26,39
219000184,88,23,65
219000185,0,30,-30
219000186,79,8,71
219000187,18,50,-32
219000189,77,166,-89
219000190,95,233,-138
219000191,489,1158,-669
219000192,181,114,67
219000193,149,126,23
219000195,8,98,-90
219000196,7,83,-76
219000198,33,80,-47
219000199,72,178,-106
219000200,60,113,-53
219000201,65,160,-95
219000203,48,129,-81
219000204,74,266,-192
219000205,57,197,-140
219000207,140,168,-28
219000209,30,39,-9
219000210,51,107,-56
219000213,14,91,-77
219000239,158,196,-38
219000240,261,263,-2
219000241,94,118,-24
219000242,49,129,-80
219000243,78,163,-85
219000244,18,57,-39
219000245,24,94,-70
219000246,37,59,-22
219000247,205,50,155
219000248,517,446,71
219000249,174,84,90
219000250,148,99,49
219000251,530,224,306
219000252,255,148,107
219000253,522,136,386
219000255,221,81,140
219000256,332,90,242
219000257,91,1,90
219000262,155,118,37
219000263,68,119,-51
219000267,2,51,-49
219000268,4,5,-1
219000269,7,3,4
219000270,17,0,17
219000271,140,1,139
219000278,0,14,-14
219000279,6,8,-2
219000283,0,15,-15
219000295,25,84,-59
219000296,80,293,-213
219000297,9,84,-75
219000298,10,79,-69
219000299,360,73,287
219000300,33,146,-113
219000301,220,314,-94
219000302,40,188,-148
219000307,35,50,-15
219000308,57,70,-13
219000311,170,55,115
219000312,504,142,362
219000313,344,47,297
219000314,66,233,-167
219000315,275,39,236
219000316,565,74,491
219000317,152,8,144
219000320,1,54,-53
219000321,1,18,-17
219000323,5,70,-65
219000325,3,10,-7
219000326,41,56,-15
219000327,67,27,40
219000328,27,50,-23
219000329,240,130,110
219000330,39,40,-1
219000331,87,46,41
219000332,120,83,37
219000333,20,2,18
219000335,77,4,73
219000337,29,1,28
219000338,42,0,42
219000344,23,75,-52
219000345,41,56,-15
219000346,49,93,-44
219000348,120,62,58
219000349,48,87,-39
219000350,102,207,-105
219000351,3,6,-3
219000352,277,85,192
219000353,128,46,82
219000354,191,83,108
219000355,126,53,73
219000356,694,1329,-635
219000363,200,55,145
219000364,126,44,82
219000365,110,16,94
219000366,217,386,-169
219000368,354,553,-199
219000370,934,563,371
219000371,20,28,-8
219000382,8,18,-10
219000383,522,949,-427
219000385,441,377,64
219000386,563,1414,-851
219000387,3,11,-8
219000390,5,2,3
219000391,4,0,4
219000397,58,43,15
219000398,80,49,31
219000401,15,62,-47
219000402,55,65,-10
219000403,145,278,-133
219000404,18,109,-91
219000407,8,22,-14
219000409,77,49,28
219000410,147,49,98
219000411,77,12,65
219000446,137,388,-251
219000447,1,22,-21
219000448,11,5,6
219000452,100,70,30
219000453,73,167,-94
219000454,198,253,-55
219000556,307,75,232
219000558,119,103,16
219000590,29,108,-79
219000591,120,67,53
219000592,90,193,-103
219000595,5,15,-10
219000635,293,47,246
219000636,39,74,-35
219000657,28,8,20
219000658,30,120,-90
219000673,0,26,-26
219000676,16,2,14
219000679,32,11,21
219000684,71,0,71
219000685,0,0,0
219000686,0,3,-3
219000688,0,54,-54
219000689,33,144,-111
219000690,139,21,118
219000691,59,142,-83
219000692,111,30,81
219000693,0,14,-14
219000694,6,0,6
219000695,32,5,27
219000698,17,0,17
219000699,0,58,-58
219000727,1,157,-156
219000728,184,1,183
219000770,55,2,53
219000771,0,40,-40
219000788,244,207,37
219001150,0,20,-20
219001151,69,32,37
219001166,50,40,10
219001167,2,70,-68
219001178,95,1,94
220000001,48,66,-18
220000002,28,82,-54
220000003,299,130,169
220000004,310,294,16
220000005,768,1109,-341
220000006,167,549,-382
220000007,380,285,95
220000008,263,482,-219
220000009,218,312,-94
220000010,121,111,10
220000011,305,2221,-1916
220000012,50,205,-155
220000014,85,47,38
220000015,60,297,-237
220000017,77,197,-120
220000018,2964,1300,1664
220000019,88,344,-256
220000020,355,210,145
220000021,695,158,537
220000022,995,354,641
220000023,438,131,307
220000024,1445,347,1098
220000025,618,867,-249
220000026,393,321,72
220000027,30,106,-76
220000028,40,55,-15
220000029,38,93,-55
220000030,56,62,-6
220000031,498,324,174
220000064,30,714,-684
221000046,3,0,3
221000047,0,3,-3
221000048,0,2,-2
221000049,0,8,-8
221000050,14,0,14
221000055,44,52,-8
221000057,70,7,63
221000068,306,108,198
221000069,315,62,253
221000070,174,21,153
221000071,93,4,89
221000072,171,8,163
221000073,141,30,111
221000074,1,16,-15
221000075,12,23,-11
221000076,8,25,-17
221000077,13,61,-48
221000081,17,9,8
221000082,82,4,78
221000083,54,11,43
221000084,5,1,4
221000085,15,45,-30
221000086,14,78,-64
221000087,9,106,-97
221000088,15,111,-96
221000089,43,168,-125
221000090,94,411,-317
221000098,103,13,90
221000099,161,10,151
221000100,83,6,77
221000101,191,19,172
221000102,137,22,115
221000109,7,46,-39
221000110,6,70,-64
221000111,24,158,-134
221000112,8,125,-117
221000113,15,122,-107
221000114,9,95,-86
221000120,37,20,17
221000121,4,47,-43
221000122,69,47,22
221000123,2,17,-15
221000124,20,141,-121
221000155,113,14,99
221000156,66,49,17
221000175,1,14,-13
221000176,2,2,0
221000182,34,4,30
221000241,551,213,338
221000242,132,461,-329
221000243,597,144,453
221000244,264,387,-123
221000245,88,101,-13
221000246,43,242,-199
221000247,168,160,8
221000248,167,130,37
221000267,76,504,-428
221000325,82,44,38
221000331,14,38,-24
221000338,13,42,-29
221000378,237,31,206
221000381,60,53,7
222000282,13,0,13
222000296,7,18,-11
222000568,336,23,313
222000569,209,50,159
222000570,170,32,138
222000571,327,26,301
222000577,11,117,-106
222000578,25,108,-83
222000579,29,99,-70
222000580,56,683,-627
222000599,1,80,-79
222000600,2,246,-244
222000601,3,645,-642
222000603,15,36,-21
222000604,0,38,-38
222000605,15,27,-12
222000606,1,13,-12
222000607,6,10,-4
222000608,12,38,-26
222000609,43,119,-76
222000616,386,16,370
222000617,7,21,-14
222000618,10,14,-4
222000620,21,25,-4
222000621,26,15,11
222000623,562,3,559
222000624,337,1,336
222000625,572,23,549
222000636,43,4,39
222000686,44,14,30
222000687,42,26,16
222001066,242,1,241
222001067,18,3,15
222001068,35,14,21
222001069,53,18,35
222001082,15,38,-23
222001083,25,28,-3
222001084,0,51,-51
222001085,2,116,-114
222001111,63,98,-35
222001112,159,30,129
222001313,14,9,5
222001314,4,108,-104
222001464,265,34,231
222001465,27,96,-69
222001484,170,41,129
222001485,35,54,-19
222001494,655,127,528
222001495,88,164,-76
222001496,361,128,233
222001497,112,244,-132
222001502,14,77,-63
222001503,101,43,58
222001504,29,235,-206
222001505,323,8,315
222001506,50,292,-242
222001507,285,28,257
222001510,557,29,528
222001511,46,272,-226
222001514,626,128,498
222001515,191,370,-179
222001518,408,61,347
222001519,52,133,-81
222001527,161,59,102
222001528,38,108,-70
222001529,285,67,218
222001530,48,149,-101
222001533,148,171,-23
222001534,276,72,204
222001535,286,236,50
222001536,96,135,-39
222001537,323,44,279
222001538,62,293,-231
222001563,875,88,787
222001564,62,326,-264
222001568,248,170,78
222001576,0,3,-3
222001579,1,17,-16
222001583,20,74,-54
222001584,112,16,96
222001596,481,1113,-632
222001597,1345,333,1012
222001626,1,124,-123
222001650,54,112,-58
222001651,82,577,-495
222001914,170,72,98
222001915,61,162,-101
222001968,478,270,208
222001969,405,399,6
222001970,182,178,4
222001971,21,8,13
222001972,4,10,-6
225000001,436,171,265
225000002,604,120,484
225000003,639,85,554
225000004,336,154,182
225000005,61,55,6
225000006,0,129,-129
225000007,970,977,-7
225000010,254,20,234
225000011,286,931,-645
225000012,162,510,-348
225000013,71,65,6
225000014,652,65,587
225000015,77,77,0
225000021,691,147,544
225000027,205,326,-121
225000032,582,129,453
225000042,62,461,-399
225000049,28,54,-26
225000050,71,12,59
225000053,7,219,-212
225000058,564,123,441
225000067,205,95,110
225000068,119,197,-78
225000069,95,342,-247
225000070,61,251,-190
225000071,36,110,-74
225000075,12,613,-601
225000076,61,117,-56
225000078,75,48,27
225000085,78,129,-51
225000086,264,60,204
225000087,192,20,172
225000088,5,141,-136
225000089,188,873,-685
225000090,35,366,-331
225000091,165,105,60
225000092,46,47,-1
225000093,194,170,24
225000094,14,147,-133
225000095,296,214,82
225000096,243,286,-43
225000098,804,234,570
225000099,370,150,220
225000100,432,144,288
225000104,144,306,-162
225000110,13,294,-281
225000111,234,655,-421
225000112,298,699,-401
225000113,168,452,-284
225000114,50,183,-133
225000115,872,412,460
225000116,824,153,671
225000117,626,228,398
225000118,895,226,669
225000119,198,66,132
225000120,624,29,595
225000121,120,14,106
225000123,410,9,401
225000125,403,120,283
225000126,565,168,397
225000127,547,1282,-735
225000128,446,778,-332
225000132,288,14,274
225000133,169,30,139
225000134,591,135,456
225000135,58,9,49
225000136,333,8,325
225000137,220,54,166
225000138,368,79,289
225000143,41,150,-109
225000144,4,225,-221
225000145,55,11,44
225000146,49,59,-10
225000147,23,155,-132
225000148,5,109,-104
225000149,49,296,-247
225000151,17,97,-80
225000155,358,275,83
225000156,128,739,-611
225000157,198,243,-45
225000158,49,192,-143
225000171,7,139,-132
225000180,43,4,39
225000181,0,34,-34
225000182,65,7,58
225000185,6,320,-314
225000187,38,272,-234
225000191,64,1,63
225000194,0,4,-4
225000208,1,38,-37
225000209,94,8,86
225000210,8,153,-145
225000217,0,16,-16
225000218,35,0,35
225000223,0,84,-84
225000224,44,1,43
225000225,3,42,-39
225000226,61,1,60
225000227,33,74,-41
225000228,7,3,4
225000229,0,83,-83
225000230,25,0,25
225000231,0,39,-39
225000232,156,0,156
225000241,59,1,58
225000242,2,52,-50
225000249,16,1,15
225000250,42,411,-369
225000251,301,16,285
226000042,288,262,26
226000043,55,188,-133
226000044,140,264,-124
226000045,46,218,-172
226000046,403,58,345
226000047,317,94,223
226000048,387,93,294
226000049,279,166,113
226000070,0,14,-14
226000071,0,52,-52
226000072,0,13,-13
226000073,0,4,-4
226000074,0,9,-9
226000084,1,42,-41
226000085,0,4,-4
226000086,8,14,-6
226000087,3,5,-2
226000088,8,14,-6
226000090,95,139,-44
226000091,13,34,-21
226000092,11,5,6
226000093,21,10,11
226000094,5,7,-2
226000095,12,3,9
226000105,22,2,20
226000106,4,0,4
226000107,13,0,13
226000108,42,0,42
226000109,91,2,89
226000124,110,58,52
226000134,754,339,415
226000135,1368,503,865
226000136,766,394,372
226000137,11,241,-230
226000138,11,123,-112
226000139,2,15,-13
226000156,231,6,225
226000157,190,23,167
226000163,62,73,-11
226000202,9,208,-199
226000231,477,16,461
226000232,28,13,15
227000033,367,63,304
227000036,405,38,367
227000037,374,36,338
227000038,149,38,111
227000049,0,32,-32
227000050,1,58,-57
227000055,70,2,68
227000056,32,1,31
227000084,1,46,-45
227000085,1,38,-37
227000088,48,2,46
227000089,98,2,96
227000090,35,0,35
227000091,20,0,20
227000093,113,0,113
227000094,9,1,8
227000130,21,92,-71
227000131,16,158,-142
227000132,9,166,-157
227000133,14,153,-139
227000134,19,240,-221
227000152,1,7,-6
227000153,0,44,-44
227000155,1,26,-25
227000156,0,8,-8
227000165,3,60,-57
227000196,328,141,187
227000199,363,285,78
227000230,16,273,-257
227000232,526,20,506
227000242,89,380,-291
227000243,466,93,373
227000245,17,317,-300
227000246,93,244,-151
227000247,452,74,378
227000248,228,40,188
227000249,46,162,-116
227000250,339,168,171
227000251,96,207,-111
227000252,34,182,-148
227000253,218,25,193
227000262,421,45,376
227000266,1298,26,1272
227000267,31,1136,-1105
227000282,13,108,-95
227000284,567,11,556
227000286,0,45,-45
227000287,25,71,-46
227000291,8,328,-320
227000484,252,13,239
227000485,17,809,-792
227000655,140,6,134
227000656,537,25,512
227000657,103,9,94
227000661,328,34,294
227000680,118,44,74
229000265,8,30,-22
229000296,3,22,-19
229000297,3,22,-19
229000298,4,115,-111
229000320,7,7,0
229000321,35,6,29
229000412,11,28,-17
229000414,8,39,-31
229000415,15,1,14
229000416,1,4,-3
229000417,1,12,-11
229000419,66,237,-171
229000440,256,34,222
229000442,9,2,7
229000443,2,2,0
229000444,0,23,-23
229000445,36,3,33
229000446,40,23,17
229000491,3,12,-9
229000492,6,39,-33
229000493,1,26,-25
229000494,10,0,10
229000495,59,2,57
229000496,25,0,25
229000507,0,35,-35
229000508,0,15,-15
229000509,0,25,-25
229000510,1,11,-10
229000511,0,11,-11
229000512,0,11,-11
229000513,0,2,-2
229000514,1,1,0
229000517,6,4,2
229000518,7,6,1
229000519,2,2,0
229000520,9,8,1
229000521,31,9,22
229000522,1,4,-3
229000523,4,3,1
229000524,0,1,-1
229000527,1,0,1
229000528,0,0,0
229000529,1,1,0
229000530,11,1,10
229000531,11,1,10
229000532,22,1,21
229000533,19,2,17
229000534,23,0,23
229000564,11,1,10
229000565,8,0,8
229000566,0,7,-7
229000567,0,18,-18
229000582,21,2,19
229000583,0,2,-2
229000584,0,14,-14
229000585,0,24,-24
229000718,0,1,-1
229000719,0,0,0
229000720,0,1,-1
229000721,0,0,0
229000722,0,2,-2
229000723,0,1,-1
229000724,0,1,-1
229000725,0,1,-1
229000738,0,0,0
229000739,0,0,0
229000740,0,0,0
229000741,1,0,1
229000742,0,0,0
229000743,5,0,5
229000744,0,0,0
229000745,1,0,1
229000746,1,0,1
229000847,69,0,69
229000848,30,0,30
229000849,117,0,117
229000851,43,1,42
229000854,0,3,-3
229000856,0,33,-33
229000857,0,15,-15
229000858,0,27,-27
229000919,27,73,-46
229000930,16,216,-200
229000937,96,18,78
229000966,55,25,30
229000981,37,24,13
229000985,19,10,9
229000986,3,2,1
229000987,0,0,0
229000988,3,3,0
229000989,13,2,11
229000990,0,1,-1
229000991,0,2,-2
229000992,10,3,7
229000993,113,10,103
229000998,13,44,-31
229000999,41,7,34
229001034,0,8,-8
229001035,3,5,-2
229001037,25,1,24
229001042,7,11,-4
229001047,3,25,-22
229001050,18,33,-15
229001168,0,4,-4
229001200,5,2,3
229001338,3,12,-9
229001394,245,2,243
229001422,116,24,92
229001423,29,132,-103
229001431,47,50,-3
229001432,43,66,-23
229001444,129,45,84
229001445,34,109,-75
229001479,14,2,12
229001503,314,74,240
229001504,104,130,-26
229001505,197,30,167
229001506,77,106,-29
229001509,44,5,39
229001545,75,6,69
229001546,10,68,-58
229001553,67,15,52
229001554,24,81,-57
229001559,3,6,-3
229001560,3,21,-18
229001630,35,6,29
229001631,3,22,-19
229001635,0,8,-8
229001636,4,1,3
229001658,2,95,-93
229001659,43,3,40
229001660,20,2,18
229001661,3,18,-15
229001662,27,0,27
229001663,0,24,-24
229002584,129,91,38
229002831,95,120,-25
229002841,6,13,-7
229002842,12,13,-1
229002843,31,10,21
229002844,44,36,8
229002845,16,59,-43
229002846,22,15,7
229002847,1,12,-11
229002848,9,3,6
229002849,4,64,-60
229002850,17,0,17
229002851,43,97,-54
229002852,160,24,136
229002853,75,17,58
229002854,35,37,-2
229002855,5,21,-16
229002856,35,8,27
229002857,8,97,-89
229002858,14,6,8
229002859,21,74,-53
229002860,127,7,120
229002861,57,13,44
229002862,45,6,39
229002863,19,18,1
229002864,27,13,14
229002865,14,7,7
229002866,18,14,4
229002867,3,12,-9
229002868,9,16,-7
229002869,23,103,-80
229002870,59,6,53
235000066,294,50,244
235000067,140,82,58
235000072,24,61,-37
235000073,113,355,-242
235000074,20,38,-18
235000080,5,77,-72
235000081,118,90,28
235000082,259,39,220
235000083,179,53,126
235000084,21,35,-14
235000085,182,54,128
235000089,30,22,8
235000092,22,161,-139
235000093,8,8,0
235000097,3,6,-3
235000098,61,12,49
235000099,28,12,16
235000116,55,16,39
235000117,473,14,459
235000133,12,489,-477
235000134,13,180,-167
235000206,11,4,7
235000207,2,4,-2
235000208,1,6,-5
235000209,4,5,-1
235000210,8,6,2
235000212,8,26,-18
235000213,2,6,-4
235000220,5,5,0
235000221,23,15,8
235000238,10,112,-102
235000239,0,22,-22
235000242,224,723,-499
235000245,476,158,318
235000246,7,44,-37
235000284,15,141,-126
235000295,98,17,81
235000305,230,22,208
235000306,225,7,218
235000307,18,0,18
235000308,20,2,18
235000309,73,0,73
235000310,21,3,18
235000311,50,28,22
235000322,0,8,-8
235000323,0,64,-64
235000324,1,20,-19
235000325,0,10,-10
235000326,10,89,-79
235000351,3,69,-66
235000352,18,68,-50
235000353,3,34,-31
235000354,30,51,-21
235000355,5,70,-65
235000356,60,4,56
235000357,29,3,26
235000358,96,14,82
235000359,12,6,6
235000360,34,9,25
235000361,56,8,48
235000381,83,92,-9
235000382,207,17,190
235000390,20,6,14
235000391,144,25,119
235000392,181,243,-62
235000393,109,143,-34
235000395,118,33,85
235000396,377,71,306
235000400,52,80,-28
235000401,21,95,-74
235000405,70,171,-101
235000406,54,219,-165
235000407,80,54,26
235000409,204,130,74
235000410,56,184,-128
235000411,3,61,-58
235000485,0,8,-8
235000486,13,0,13
235000549,82,89,-7
235000550,120,138,-18
235000599,161,35,126
235000600,12,8,4
235000601,10,24,-14
235000602,79,35,44
235000614,0,0,0
235000648,1,13,-12
235000649,45,4,41
235000685,1,6,-5
235000815,24,47,-23
235000834,0,4,-4
235000855,40,50,-10
235000862,44,77,-33
235000891,0,14,-14
235000892,25,16,9
235000901,85,126,-41
235000907,13,22,-9
235001010,63,43,20
235001029,428,311,117
235001030,304,179,125
235001078,82,108,-26
235001079,75,93,-18
235001147,29,37,-8
235001166,9,39,-30
235001167,52,33,19
235001169,15,275,-260
235001188,1,11,-10
235001189,12,2,10
235001197,19,26,-7
235001200,55,40,15
235001207,471,56,415
235001210,149,119,30
235001215,24,125,-101
235001239,5,51,-46
235001244,0,4,-4
235016267,0,22,-22
277101746,0,0,0
277102712,0,0,0
277103813,0,0,0
277103814,0,0,0
277103898,0,3,-3
277104249,0,5,-5
277104250,0,6,-6
277104251,0,9,-9
277104252,0,2,-2
990011530,1,130,-129
990014944,1,332,-331
990015176,51,1,50
990015618,0,31,-31
990016032,1,186,-185
990032570,4,25,-21
990070001,66,1,65
990070103,0,1,-1
990070601,0,34,-34
990070751,1098,3,1095
990070766,1,317,-316
990071180,429,155,274
990071343,14,1,13
990071387,0,31,-31
990071823,301,3,298
990072600,3,1040,-1037
990072964,0,249,-249
990073285,0,1,-1
990074393,3,552,-549
990074870,1371,23,1348
990075106,1049,3,1046
990075746,518,6,512
990076437,1247,1,1246
990076458,0,414,-414
997000007,633,9,624
997000041,1,164,-163
997000058,66,0,66
997000062,37,15,22
997000069,0,5,-5
997000070,0,27,-27
997000100,50,0,50
997000141,2,741,-739
997000198,319,941,-622
998000475,1,23,-22
998000736,1,140,-139
998000965,0,2,-2
998001031,1,60,-59
998001700,0,2,-2
998001899,0,0,0
998001900,5,1,4
998003073,871,3,868
998101900,0,0,0
998102850,0,227,-227
998501927,812,847,-35
998501929,97,3,94
998501930,75,0,75
998501931,119,2,117
998501932,10,2,8
998501933,36,1,35
998501937,26,0,26
998501944,16,0,16
998501950,0,11,-11
998501970,50,2,48
998501971,0,69,-69
998501973,0,26,-26
998501974,1,140,-139
998501975,94,4,90
998501976,206,35,171
998501977,0,14,-14
998501978,19,2,17
998501979,0,7,-7
998501980,21,1,20
998501981,30,1,29
998501982,1,84,-83
998501983,0,2,-2
998502006,0,0,0
998502024,0,4,-4
998502032,0,4,-4
998502062,22,0,22
998502063,0,0,0
998502173,40,0,40
998502269,0,1,-1
998502546,0,154,-154
998502578,9,6,3
998502599,53,298,-245
998502621,0,0,0
998601159,0,88,-88
998601292,0,32,-32
999033574,0,199,-199
999800001,22,1,21
999800002,0,2,-2
999800003,4,1,3
999800004,0,2,-2
999800005,0,0,0
