ID,insum,outsum,diff
100000001,971,997,-26
100000002,5408,7808,-2400
100000003,5096,7995,-2899
100000004,431,1726,-1295
100000005,3300,6395,-3095
100000006,585,346,239
100000007,3451,1107,2344
100000008,86,684,-598
100000009,486,492,-6
100000010,28,135,-107
100000011,610,168,442
100000012,32,992,-960
100000013,24,281,-257
100000014,214,389,-175
100000015,1891,2663,-772
100000016,514,2167,-1653
100000017,556,1769,-1213
100000018,950,1160,-210
100000019,4261,3422,839
100000020,1580,8196,-6616
100000021,6267,2369,3898
100000022,989,4868,-3879
100000023,4927,2207,2720
100000025,431,2636,-2205
100000028,501,2370,-1869
100000029,67,809,-742
100000030,73,92,-19
100000031,2599,8413,-5814
100000032,2351,4976,-2625
100000033,1445,4296,-2851
100000034,156,1843,-1687
100000035,1003,2134,-1131
100000036,922,2443,-1521
100000037,882,555,327
100000038,3229,1659,1570
100000039,318,532,-214
100000040,578,205,373
100000041,1912,762,1150
100000042,1400,581,819
100000043,873,567,306
100000044,269,1018,-749
100000045,360,827,-467
100000046,415,643,-228
100000047,239,536,-297
100000048,278,709,-431
100000049,1808,1148,660
100000051,529,562,-33
100000053,99,10,89
100000054,400,30,370
100000055,696,374,322
100000056,487,944,-457
100000057,2464,829,1635
100000058,738,799,-61
100000059,32,207,-175
100000060,721,419,302
100000061,2480,580,1900
100000062,1707,731,976
100000063,1277,371,906
100000064,1743,719,1024
100000065,347,855,-508
100000066,198,602,-404
100000067,211,744,-533
100000068,411,1595,-1184
100000069,425,1212,-787
100000072,149,392,-243
100000073,1052,820,232
100000075,930,218,712
100000076,1498,6567,-5069
100000077,91,640,-549
100000078,28,53,-25
100000079,43,85,-42
100000080,19,66,-47
100000081,65,226,-161
100000102,4038,8240,-4202
100000103,1634,2542,-908
100000104,3999,3497,502
100000105,1506,2744,-1238
100000106,1090,5752,-4662
100000107,123,2138,-2015
100000108,353,1205,-852
100000109,740,1903,-1163
100000116,383,847,-464
100000117,92,264,-172
100000118,504,1432,-928
100000119,901,1266,-365
100000121,190,776,-586
100000122,608,2574,-1966
100000123,1399,3408,-2009
100000124,2446,3726,-1280
100000125,6745,2969,3776
100000126,581,1297,-716
100000127,1110,962,148
100000128,788,3724,-2936
100000129,363,1019,-656
100000130,674,268,406
100000131,908,2389,-1481
100000132,1075,2232,-1157
100000133,1877,1211,666
100000135,755,1647,-892
100000139,143,577,-434
100000140,141,311,-170
100000142,749,687,62
100000143,1636,424,1212
100000144,1968,686,1282
100000147,1744,4800,-3056
100000150,117,622,-505
100000151,517,2551,-2034
100000153,136,917,-781
100000154,26,853,-827
100000155,6,104,-98
100000156,213,364,-151
100000157,416,317,99
100000158,317,285,32
100000159,139,1500,-1361
100000165,472,746,-274
100000169,25,1611,-1586
100000174,300,1409,-1109
100000179,72,1000,-928
100000180,779,4156,-3377
100000181,384,648,-264
100000188,91,367,-276
100000189,1072,763,309
100000190,461,2052,-1591
100000191,853,1050,-197
100000192,28,162,-134
100000193,255,283,-28
100000330,675,1341,-666
100000355,217,1079,-862
100000362,2151,1145,1006
100000363,7877,8612,-735
100000364,92,354,-262
100000365,7480,12073,-4593
100000366,1722,1346,376
100000367,5770,8019,-2249
100000368,2335,943,1392
100000369,838,3380,-2542
100000370,213,1409,-1196
100000376,42,339,-297
100000379,1068,3108,-2040
100000380,3923,8907,-4984
100000384,6644,9992,-3348
100000385,1401,5764,-4363
100000386,2505,10176,-7671
100000387,3402,9004,-5602
100000388,2110,9190,-7080
100000389,4296,10955,-6659
100000390,3793,6865,-3072
100000391,2725,14616,-11891
100000392,885,3666,-2781
100000393,744,8050,-7306
100000394,2735,7619,-4884
100000395,1601,6505,-4904
100000396,1749,3007,-1258
100000397,2063,9200,-7137
100000398,6339,4829,1510
100000413,0,0,0
100900002,10,3,7
100900003,590,342,248
100900004,24,1113,-1089
100900005,160,32,128
100900006,59,17,42
100900007,239,7,232
100900008,2,600,-598
100900009,38,106,-68
100900010,79,9,70
100900011,196,125,71
100900012,1,50,-49
100900013,1221,13,1208
100900014,8,2,6
100900015,54,145,-91
100900016,4,52,-48
100900017,1499,104,1395
100900018,0,7,-7
100900019,72,108,-36
100900020,457,8,449
100900021,544,4,540
100900022,17,41,-24
100900023,1,56,-55
100900024,459,4,455
100900025,10,9,1
100900026,116,119,-3
100900027,623,3219,-2596
100900028,176,575,-399
100900029,70,8,62
100900030,7,444,-437
100900031,966,69,897
100900032,610,0,610
100900033,183,689,-506
100900034,1545,3,1542
100900035,265,1,264
100900036,20,1,19
100900037,197,150,47
100900038,37,136,-99
100900039,248,271,-23
100900040,992,333,659
100900041,1442,310,1132
100900042,842,2548,-1706
100900043,0,45,-45
100900044,1328,640,688
100900045,5,0,5
100900046,1336,23,1313
100900047,647,277,370
100900048,169,41,128
100900049,88,87,1
100900050,15,20,-5
100900051,53,252,-199
100900052,319,46,273
100900053,898,41,857
100900054,20,41,-21
100900055,225,1403,-1178
100900056,58,128,-70
100900057,2941,848,2093
100900058,214,153,61
100900059,178,5,173
100900060,282,6,276
100900061,186,184,2
100900062,8,68,-60
100900063,418,1227,-809
100900064,710,30,680
100900065,154,249,-95
100900066,211,149,62
100900067,8,3,5
100900068,133,169,-36
100900069,196,3,193
100900070,659,10,649
100900071,311,145,166
100900072,0,51,-51
100900073,214,373,-159
100900074,4,36,-32
100900075,2182,178,2004
100900076,3,25,-22
100900077,89,23,66
100900078,54,286,-232
100900079,6,24,-18
100900080,106,105,1
100900081,80,163,-83
100900082,238,117,121
100900083,15,40,-25
100900085,6,612,-606
100900086,73,462,-389
100900088,319,146,173
100900089,2,19,-17
100900090,195,1145,-950
100900091,15,15,0
100900092,118,149,-31
100900093,483,431,52
100900094,281,160,121
100900095,10,72,-62
100900096,21,346,-325
100900097,4,1,3
100900098,36,18,18
100900099,21,481,-460
100900100,24,730,-706
100900101,252,74,178
100900102,46,301,-255
100900103,12,19,-7
100900104,7,337,-330
100900105,31,677,-646
100900106,27,2,25
100900107,2939,1176,1763
100900108,10,98,-88
100900109,11,31,-20
100900110,4,20,-16
100900111,26,281,-255
100900112,8,10,-2
100900113,18,40,-22
100900114,17,27,-10
100900115,20,18,2
100900116,1320,541,779
100900117,223,1556,-1333
100900118,67,147,-80
100900119,5,86,-81
100900120,49,0,49
100900121,409,449,-40
100900122,77,121,-44
100900123,172,120,52
100900124,0,5,-5
100900125,5,50,-45
100900126,476,128,348
100900127,4,1,3
100900128,99,641,-542
100900129,1,434,-433
100900131,21,223,-202
100900133,117,43,74
100900134,2,1,1
100900135,2,1045,-1043
100900137,331,232,99
100900138,337,483,-146
100900139,4,42,-38
100900140,19,268,-249
100900141,2,923,-921
100900142,0,9,-9
100900143,448,854,-406
100900144,14,14,0
100900145,54,310,-256
100900146,15,77,-62
100900147,30,1363,-1333
100900148,87,174,-87
100900149,16,363,-347
100900150,5,41,-36
100900151,192,667,-475
100900152,295,6,289
100900153,2,314,-312
100900154,27,364,-337
100900155,18,11,7
100900156,15,3,12
100900157,23,1503,-1480
100900159,5,82,-77
100900160,24,31,-7
100900161,23,7,16
100900162,35,660,-625
100900163,87,95,-8
100900164,111,39,72
100900165,28,37,-9
100900166,36,2,34
100900167,24,69,-45
100900168,23,242,-219
100900169,42,876,-834
100900170,30,1,29
100900171,22,581,-559
100900172,0,62,-62
100900173,10,130,-120
100900174,36,17,19
100900176,2057,305,1752
100900177,468,214,254
100900178,274,346,-72
100900179,511,408,103
100900180,17,3,14
100900181,102,96,6
100900182,62,43,19
100900184,13,123,-110
100900186,604,303,301
100900187,37,95,-58
100900188,35,38,-3
100900189,3184,253,2931
100900191,546,1602,-1056
100900192,129,670,-541
100900195,138,338,-200
100900197,41,35,6
100900198,30,52,-22
100900199,3,4,-1
100900200,1223,391,832
100900201,123,1282,-1159
100900202,43,0,43
100900203,0,115,-115
100900204,128,1063,-935
100900205,181,691,-510
100900206,295,205,90
100900207,401,278,123
100900210,103,233,-130
100900211,626,215,411
100900213,178,53,125
100900214,440,310,130
100900215,30,57,-27
100900217,82,183,-101
101000001,1933,2603,-670
101000002,7742,9032,-1290
101000003,454,1237,-783
101000004,6749,6882,-133
101000005,5331,6638,-1307
101000006,6358,11544,-5186
101000007,3542,6528,-2986
101000008,1689,3491,-1802
101000009,2975,859,2116
101000010,1304,623,681
101000011,1461,321,1140
101000012,440,808,-368
101000013,767,1675,-908
101000014,301,433,-132
101000015,2016,1444,572
101000016,264,979,-715
101000017,308,812,-504
101000018,1462,5421,-3959
101000020,1332,947,385
101000021,486,1259,-773
101000022,132,482,-350
101000023,778,1253,-475
101000025,390,711,-321
101000026,293,15,278
101000027,2075,4952,-2877
101000028,1189,478,711
101000029,84,1462,-1378
101000030,988,243,745
101000031,161,904,-743
101000032,2416,5565,-3149
101000033,1500,5609,-4109
101000034,911,2711,-1800
101000035,475,433,42
101000036,704,2041,-1337
101000037,1072,3968,-2896
101000039,1912,4603,-2691
101000040,3135,7409,-4274
101000041,2230,8063,-5833
101000042,122,1119,-997
101000043,3462,9639,-6177
101000045,241,947,-706
101000046,906,2683,-1777
101000047,927,5151,-4224
101000048,730,472,258
101000049,838,2941,-2103
101000050,837,2736,-1899
101000051,764,3334,-2570
101000052,1417,1936,-519
101000053,554,1472,-918
101000054,2124,1138,986
101000055,1095,2141,-1046
101000056,33,248,-215
101000057,921,2831,-1910
101000058,781,2118,-1337
101000059,2220,3248,-1028
101000060,1825,1670,155
101000061,425,2732,-2307
101000062,336,782,-446
101000063,242,1994,-1752
101000064,478,1184,-706
101000065,265,1025,-760
101000066,448,1645,-1197
101000067,361,1039,-678
101000068,75,459,-384
101000069,139,96,43
101000070,576,919,-343
101000071,3093,1444,1649
101000072,714,3154,-2440
101000073,608,1469,-861
101000074,1950,4144,-2194
101000075,1791,3893,-2102
101000077,1955,2206,-251
101000078,704,1304,-600
101000079,899,1130,-231
101000080,918,1258,-340
101000081,1905,1655,250
101000082,2124,2147,-23
101000083,4261,2591,1670
101000084,928,644,284
101000085,1595,1298,297
101000086,1014,1466,-452
101000087,819,1099,-280
101000088,2019,1451,568
101000089,1149,2000,-851
101000090,1694,856,838
101000091,646,574,72
101000092,2697,721,1976
101000093,1857,791,1066
101000094,1511,1028,483
101000095,723,599,124
101000096,785,358,427
101000097,353,913,-560
101000098,488,886,-398
101000099,582,1305,-723
101000100,993,1476,-483
101000101,277,681,-404
101000102,608,1125,-517
101000103,479,1165,-686
101000104,522,1159,-637
101000105,219,687,-468
101000106,260,1788,-1528
101000107,334,643,-309
101000108,560,139,421
101000109,847,178,669
101000110,57,191,-134
101000111,48,221,-173
101000113,123,1163,-1040
101000114,2705,10110,-7405
101000115,17,32,-15
101000116,20,22,-2
101000117,1090,216,874
101000119,28,89,-61
101000120,70,151,-81
101000121,39,61,-22
101000122,89,79,10
101000123,35,109,-74
101000124,601,475,126
101000125,104,200,-96
101000128,189,1176,-987
101000130,166,243,-77
101000131,1951,363,1588
101000132,1023,827,196
101000135,11,20,-9
101000136,117,185,-68
101000137,31,585,-554
101000141,684,5353,-4669
101000147,1361,406,955
101000148,991,15,976
101000149,27,107,-80
101000150,137,274,-137
101000151,548,50,498
101000152,406,340,66
101000153,433,131,302
101000154,490,481,9
101000155,720,237,483
101000156,94,659,-565
101000157,103,82,21
101000160,7,10,-3
101000163,139,662,-523
101000164,397,141,256
101000165,470,543,-73
101000166,226,315,-89
101000168,1173,688,485
101000252,2936,1145,1791
101000254,61,80,-19
101000258,75,4,71
101000261,52,68,-16
101000262,1342,5794,-4452
101000263,245,1764,-1519
101000265,80,834,-754
101000266,419,515,-96
101000269,22,33,-11
101000290,475,3924,-3449
101000293,39,70,-31
101000294,795,683,112
101000295,311,279,32
101000301,230,694,-464
101000304,2533,3952,-1419
101000305,2956,1203,1753
101000328,120,627,-507
101900001,23,21,2
101900002,0,1,-1
101900003,46,144,-98
101900004,2,365,-363
101900005,1227,4559,-3332
101900006,2189,118,2071
101900007,730,306,424
101900008,76,297,-221
101900009,21,426,-405
101900010,520,948,-428
101900011,105,1420,-1315
101900012,469,115,354
101900013,367,100,267
101900017,17,158,-141
101900018,807,402,405
101900019,57,170,-113
101900020,49,52,-3
101900021,0,73,-73
101900022,288,523,-235
101900023,262,119,143
101900026,166,53,113
101900027,23,115,-92
102000001,3951,7594,-3643
102000002,2689,2086,603
102000003,2569,8325,-5756
102000004,4280,3320,960
102000005,1428,4130,-2702
102000006,837,1917,-1080
102000007,2280,5492,-3212
102000008,5061,1714,3347
102000009,8160,10122,-1962
102000010,3777,2980,797
102000011,5348,5466,-118
102000012,3915,3087,828
102000018,3684,3573,111
102000019,2408,2270,138
102000026,537,509,28
102000029,375,328,47
102000030,273,511,-238
102000031,95,79,16
102000032,838,492,346
102000033,598,336,262
102000034,572,533,39
102000035,1798,649,1149
102000036,24,263,-239
102000037,351,51,300
102000038,132,694,-562
102000039,65,293,-228
102000040,210,588,-378
102000041,53,1140,-1087
102000042,133,783,-650
102000043,72,612,-540
102000044,462,1601,-1139
102000045,701,1075,-374
102000046,1636,1067,569
102000047,900,1037,-137
102000048,738,875,-137
102000049,1157,1470,-313
102000050,1259,1540,-281
102000051,244,1033,-789
102000052,1316,1512,-196
102000053,1058,1813,-755
102000054,1161,1424,-263
102000055,1974,312,1662
102000056,2124,292,1832
102000057,2016,515,1501
102000058,1185,750,435
102000059,1319,1368,-49
102000060,1051,947,104
102000061,2440,1481,959
102000062,2849,1213,1636
102000063,1337,1290,47
102000064,612,654,-42
102000065,63,153,-90
102000066,738,1182,-444
102000067,5340,3912,1428
102000068,11309,4373,6936
102000069,120,3144,-3024
102000070,2107,45,2062
102000071,8716,11798,-3082
102000072,2799,5085,-2286
102000073,798,994,-196
102000074,947,1898,-951
102000075,177,388,-211
102000076,441,249,192
102000077,966,388,578
102000078,1753,279,1474
102000079,203,105,98
102000080,433,241,192
102000081,325,947,-622
102000082,719,334,385
102000083,1408,228,1180
102000084,846,233,613
102000085,2859,888,1971
102000086,1770,1063,707
102000087,984,1333,-349
102000088,457,424,33
102000089,1805,392,1413
102000090,388,1264,-876
102000091,1505,686,819
102000092,423,557,-134
102000093,893,492,401
102000094,568,490,78
102000095,885,1038,-153
102000096,509,525,-16
102000097,856,640,216
102000098,423,944,-521
102000099,959,1291,-332
102000100,184,2236,-2052
102000101,535,683,-148
102000102,1066,1417,-351
102000103,4132,450,3682
102000104,786,421,365
102000105,386,648,-262
102000106,1121,382,739
102000107,2489,283,2206
102000108,722,279,443
102000109,901,466,435
102000110,2018,733,1285
102000111,9,418,-409
102000112,126,173,-47
102000113,32,34,-2
102000114,948,370,578
102000115,298,468,-170
102000116,315,881,-566
102000117,90,1364,-1274
102000118,954,2231,-1277
102000119,1227,2233,-1006
102000120,313,765,-452
102000121,1160,491,669
102000122,835,1398,-563
102000123,1215,1016,199
102000124,1878,1889,-11
102000125,555,892,-337
102000126,565,1157,-592
102000127,1196,737,459
102000128,1013,1307,-294
102000129,1697,496,1201
102000130,910,993,-83
102000131,1189,1003,186
102000132,506,1216,-710
102000133,4000,1731,2269
102000134,1305,962,343
102000135,1012,810,202
102000136,1372,759,613
102000137,433,1309,-876
102000138,326,440,-114
102000139,73,1043,-970
102000140,143,1177,-1034
102000141,211,1668,-1457
102000142,520,373,147
102000143,426,253,173
102000144,582,194,388
102000145,508,327,181
102000146,474,393,81
102000147,672,416,256
102000148,465,677,-212
102000149,418,171,247
102000150,854,129,725
102000151,210,144,66
102000152,336,169,167
102000153,1064,926,138
102000154,201,444,-243
102000155,49,792,-743
102000156,230,232,-2
102000157,41,1330,-1289
102000158,345,593,-248
102000159,1856,1424,432
102000161,2457,2226,231
102000162,151,277,-126
102000163,116,433,-317
102000164,761,929,-168
102000165,251,264,-13
102000166,38,148,-110
102000167,264,333,-69
102000168,295,251,44
102000169,121,649,-528
102000170,842,229,613
102000171,117,263,-146
102000172,27,540,-513
102000173,554,481,73
102000174,174,109,65
102000175,114,69,45
102000176,68,15,53
102000178,208,298,-90
102000179,512,249,263
102000180,1362,316,1046
102000181,1499,333,1166
102000182,845,462,383
102000183,2633,1161,1472
102000184,2746,689,2057
102000185,3591,858,2733
102000186,2621,1150,1471
102000187,1487,988,499
102000188,1636,1362,274
102000189,2054,451,1603
102000190,664,2636,-1972
102000191,1248,530,718
102000192,2972,2316,656
102000193,112,140,-28
102000194,75,223,-148
102000195,618,426,192
102000196,391,283,108
102000197,1257,274,983
102000198,296,545,-249
102000199,1806,189,1617
102000200,428,525,-97
102000201,2043,434,1609
102000202,6,153,-147
102000203,825,153,672
102000204,825,654,171
102000205,1951,582,1369
102000206,907,487,420
102000207,798,607,191
102000208,684,743,-59
102000209,83,103,-20
102000210,625,467,158
102000211,689,240,449
102000212,550,13,537
102000213,7,127,-120
102000214,574,17,557
102000215,8,181,-173
102000216,102,125,-23
102000217,7,58,-51
102000218,296,321,-25
102000219,213,153,60
102000225,311,650,-339
102000226,442,410,32
102000227,195,0,195
102000228,0,117,-117
102000229,75,69,6
102000230,438,351,87
102000231,442,381,61
102000232,87,251,-164
102000233,1035,505,530
102000234,121,1130,-1009
102000236,301,109,192
102000237,652,506,146
102000238,334,442,-108
102000240,446,1111,-665
102000241,298,84,214
102000243,13,49,-36
102000245,8,114,-106
102000246,14,60,-46
102000247,210,498,-288
102000248,334,1386,-1052
102000249,197,110,87
102000250,106,176,-70
102000254,336,182,154
102000266,2,706,-704
102000271,36,0,36
102000286,443,336,107
102000297,2812,1534,1278
102000299,0,0,0
102000301,0,0,0
102000305,0,0,0
102000307,0,8,-8
102900001,1255,743,512
102900002,325,54,271
102900003,140,132,8
102900005,492,283,209
102900006,691,94,597
102900007,864,5,859
102900008,445,24,421
102900009,412,701,-289
102900010,154,1084,-930
102900011,1086,719,367
102900012,616,114,502
102900013,81,42,39
102900015,794,530,264
102900016,136,40,96
102900017,439,218,221
102900018,105,69,36
102900019,459,588,-129
102900020,304,26,278
102900021,99,61,38
102900022,169,110,59
102900023,24,102,-78
102900024,80,65,15
102900025,129,101,28
102900026,516,2612,-2096
102900027,94,120,-26
102900028,244,1246,-1002
102900029,100,409,-309
102900030,484,472,12
102900031,386,151,235
102900032,213,65,148
102900033,136,171,-35
102900034,824,34,790
102900035,231,187,44
102900036,491,274,217
102900037,319,275,44
102900038,536,307,229
102900039,20,763,-743
102900040,235,297,-62
102900041,112,122,-10
102900042,448,162,286
102900043,353,117,236
102900044,770,1315,-545
102900045,262,412,-150
102900046,294,106,188
102900047,154,839,-685
102900048,763,248,515
102900049,93,423,-330
102900050,240,370,-130
102900051,267,206,61
102900052,53,183,-130
102900053,460,554,-94
102900054,361,1979,-1618
102900055,276,441,-165
102900056,92,391,-299
102900057,10,91,-81
102900058,653,104,549
102900059,66,56,10
102900060,141,377,-236
102900061,224,364,-140
102900062,562,437,125
102900063,2410,398,2012
102900064,109,582,-473
102900065,982,307,675
102900066,428,12,416
102900068,75,139,-64
102900070,251,765,-514
102900072,11,69,-58
102900073,86,15,71
102900075,21,125,-104
102900076,61,207,-146
102900077,57,24,33
102900078,49,61,-12
102900079,283,6,277
102900080,522,20,502
102900081,82,255,-173
102900082,34,247,-213
102900083,192,37,155
102900084,12,80,-68
102900085,271,116,155
102900086,15,92,-77
102900087,212,199,13
102900088,48,54,-6
102900089,267,182,85
102900090,1,233,-232
102900091,334,2,332
102900092,554,166,388
102900093,500,180,320
102900094,2,302,-300
102900095,155,0,155
102900096,120,22,98
102900097,243,152,91
102900098,16,1,15
103000001,2490,2669,-179
103000002,3042,3472,-430
103000003,3572,3142,430
103000004,790,697,93
103000005,1975,4570,-2595
103000006,1410,1762,-352
103000007,508,647,-139
103000008,1232,1038,194
103000009,2779,1333,1446
103000010,178,115,63
103000011,1171,989,182
103000012,1408,2098,-690
103000013,2719,1890,829
103000014,1349,4245,-2896
103000015,1850,985,865
103000016,621,2183,-1562
103000017,355,740,-385
103000018,769,271,498
103000019,456,779,-323
103000020,1584,1448,136
103000021,2076,3047,-971
103000022,945,1057,-112
103000023,1264,3314,-2050
103000024,63,76,-13
103000025,118,1524,-1406
103000026,478,114,364
103000027,209,712,-503
103000028,192,298,-106
103000029,82,234,-152
103000030,1700,1920,-220
103000031,841,3063,-2222
103000032,2056,1457,599
103000033,3317,3124,193
103000034,1126,1042,84
103000035,246,1297,-1051
103000036,270,307,-37
103000037,735,511,224
103000038,565,1136,-571
103000039,864,323,541
103000040,861,558,303
103000041,2522,1414,1108
103000042,2281,215,2066
103000043,1335,737,598
103000044,320,87,233
103000046,447,462,-15
103000047,888,273,615
103000048,282,194,88
103000049,103,88,15
103000050,941,270,671
103000051,846,443,403
103000052,891,238,653
103000053,322,305,17
103000054,2395,898,1497
103000055,2279,1417,862
103000056,957,915,42
103000057,1870,189,1681
103000058,728,567,161
103000059,1056,552,504
103000060,1031,276,755
103000061,793,757,36
103000062,1030,350,680
103000063,1319,1121,198
103000064,157,128,29
103000065,1,180,-179
103000066,344,11,333
103000069,519,148,371
103000070,1039,551,488
103000071,2275,824,1451
103000072,203,485,-282
103000073,1261,180,1081
103000074,1058,177,881
103000075,198,654,-456
103000076,404,1122,-718
103000077,37,354,-317
103000078,1025,1945,-920
103000079,590,1177,-587
103000080,637,467,170
103000081,329,1248,-919
103000082,601,222,379
103000083,140,612,-472
103000084,121,6,115
103000085,5,204,-199
103000086,446,731,-285
103000087,234,689,-455
103000088,247,458,-211
103000089,292,984,-692
103000090,6327,1503,4824
103000091,1959,667,1292
103000092,386,304,82
103000093,371,706,-335
103000094,404,160,244
103000095,160,329,-169
103000096,768,66,702
103000097,83,824,-741
103000098,713,149,564
103000099,124,799,-675
103000100,189,448,-259
103000101,1879,111,1768
103000102,129,306,-177
103000103,1009,127,882
103000104,142,65,77
103000105,356,66,290
103000106,11,169,-158
103000107,255,138,117
103000108,1847,1235,612
103000109,900,813,87
103000110,999,750,249
103000111,286,902,-616
103000112,296,612,-316
103000113,308,1557,-1249
103000114,1734,1298,436
103000115,886,770,116
103000116,971,426,545
103000117,716,526,190
103000118,406,326,80
103000119,1099,349,750
103000120,84,207,-123
103000121,101,180,-79
103000122,265,293,-28
103000125,42,71,-29
103000126,961,3,958
103000127,16,93,-77
103000128,272,2,270
103000129,1,143,-142
103000130,131,39,92
103000131,135,166,-31
103000132,81,154,-73
103000133,39,147,-108
103000134,253,1257,-1004
103000135,696,201,495
103000136,534,661,-127
103000137,524,896,-372
103000138,738,885,-147
103000139,2,135,-133
103000140,193,33,160
103000141,54,240,-186
103000142,77,157,-80
103000143,92,276,-184
103000144,180,140,40
103000145,19,535,-516
103000150,90,24,66
103000152,186,391,-205
103000153,205,374,-169
103000156,6,92,-86
103000157,713,1,712
103000159,295,189,106
103000162,38,7,31
103000163,4,15,-11
103000164,2,6,-4
103000165,63,120,-57
103000166,392,676,-284
103000167,290,230,60
103000168,287,143,144
103000169,255,775,-520
103000170,1315,204,1111
103000171,8,136,-128
103000172,1089,138,951
103000173,1261,165,1096
103000174,400,253,147
103000175,411,145,266
103000176,1146,1062,84
103000177,289,415,-126
103000178,112,299,-187
103000179,202,93,109
103000183,452,13,439
103000185,300,57,243
103000186,361,61,300
103000187,1397,133,1264
103000188,30,140,-110
103000189,876,596,280
103000191,569,698,-129
103000292,540,2439,-1899
103000293,1062,4085,-3023
103000295,99,139,-40
103000296,152,8,144
103000297,7,166,-159
103000504,60,9,51
103000505,4,43,-39
103000506,5,97,-92
103000507,316,3,313
103000508,107,96,11
103000509,262,679,-417
103900001,30,44,-14
103900002,790,143,647
103900003,1096,237,859
103900004,198,1,197
103900005,0,48,-48
103900006,32,2,30
103900007,277,10,267
103900008,45,0,45
103900009,573,296,277
103900010,356,154,202
103900011,729,84,645
103900012,10,38,-28
103900013,141,26,115
103900014,116,22,94
103900015,154,6,148
103900016,193,128,65
103900017,65,68,-3
103900018,368,100,268
103900019,81,475,-394
103900020,459,571,-112
103900021,77,72,5
103900022,878,640,238
103900023,358,3,355
103900024,90,294,-204
103900025,17,24,-7
103900026,2,0,2
103900027,541,309,232
103900028,81,447,-366
103900029,1550,200,1350
103900030,598,188,410
103900031,98,1,97
103900032,134,158,-24
103900033,113,70,43
103900034,40,36,4
103900035,81,44,37
103900036,117,34,83
103900037,175,98,77
103900038,83,275,-192
103900039,232,68,164
103900040,14,90,-76
103900041,94,52,42
103900042,158,63,95
103900043,457,66,391
103900044,46,919,-873
103900045,438,174,264
103900047,196,14,182
103900048,30,74,-44
103900049,90,1820,-1730
103900050,22,227,-205
103900051,1,65,-64
103900052,312,487,-175
103900053,503,149,354
103900054,252,158,94
103900055,626,198,428
103900056,96,45,51
103900057,147,53,94
103900058,637,185,452
103900059,0,60,-60
103900060,118,79,39
103900061,361,10,351
103900062,964,291,673
103900063,8,0,8
103900064,328,8,320
103900065,299,372,-73
103900066,371,141,230
103900067,443,14,429
103900068,1,1,0
103900069,133,20,113
103900070,141,175,-34
103900071,28,44,-16
103900072,47,89,-42
103900073,49,99,-50
103900074,99,22,77
103900075,563,86,477
103900076,1016,198,818
103900077,45,310,-265
103900078,505,42,463
103900079,169,249,-80
103900080,3,22,-19
103900081,12,28,-16
103900082,49,152,-103
103900083,1256,2297,-1041
103900084,99,350,-251
103900085,76,82,-6
103900086,1608,380,1228
103900088,392,682,-290
103900089,53,188,-135
103900090,1,38,-37
103900091,830,135,695
103900092,877,871,6
103900093,51,269,-218
103900094,41,43,-2
103900095,282,290,-8
103900096,124,104,20
103900097,36,376,-340
103900098,546,139,407
103900099,308,29,279
103900100,501,121,380
103900101,190,902,-712
103900102,0,45,-45
103900104,1,24,-23
103900105,20,80,-60
103900106,0,122,-122
103900107,273,34,239
103900108,91,140,-49
103900109,270,28,242
103900110,448,47,401
103900111,160,197,-37
103900112,85,163,-78
103900113,97,318,-221
103900114,919,278,641
103900115,238,289,-51
103900116,1543,3033,-1490
103900117,68,29,39
103900119,24,139,-115
103900120,119,67,52
103900122,375,57,318
103900123,440,857,-417
103900124,67,211,-144
103900125,177,73,104
103900126,841,133,708
103900127,221,191,30
103900128,230,59,171
103900131,41,65,-24
103900133,1162,10,1152
103900134,0,14,-14
103900135,5,0,5
103900137,0,3,-3
103900138,166,56,110
103900139,207,4587,-4380
103900140,3,359,-356
103900141,233,49,184
103900142,566,57,509
103900143,181,8,173
103900144,5,31,-26
103900145,160,169,-9
103900146,324,128,196
103900147,775,154,621
103900148,489,147,342
103900149,431,201,230
103900150,4459,7583,-3124
103900151,18,154,-136
103900152,1470,164,1306
103900153,11,12,-1
103900154,327,3265,-2938
103900155,72,73,-1
103900156,102,38,64
103900157,164,60,104
103900158,284,20,264
103900159,441,15,426
103900160,75,56,19
103900161,88,189,-101
103900162,45,51,-6
103900163,13,387,-374
103900167,9,187,-178
103900168,145,81,64
103900169,21,102,-81
103900170,1,69,-68
103900171,2,39,-37
103900172,1,6,-5
103900173,36,27,9
103900174,478,47,431
103900175,33,136,-103
103900176,10,41,-31
103900177,19,15,4
103900178,108,8,100
103900179,106,11,95
103900180,44,43,1
103900181,22,66,-44
103900182,12,48,-36
103900184,239,138,101
103900185,68,901,-833
103900187,17,235,-218
103900188,155,70,85
103900189,125,18,107
103900190,146,54,92
103900191,40,106,-66
103900192,51,108,-57
103900193,66,113,-47
103900194,75,73,2
103900195,4,244,-240
103900196,74,90,-16
103900197,8,24,-16
103900198,18,29,-11
103900199,166,111,55
103900200,285,67,218
103900201,82,134,-52
103900202,9,31,-22
103900203,46,62,-16
103900204,0,28,-28
103900207,6,20,-14
103900208,250,3,247
103900209,1,53,-52
103900210,62,64,-2
103900211,990,94,896
103900212,327,141,186
103900213,48,271,-223
103900214,292,369,-77
103900215,168,425,-257
103900216,2,135,-133
103900217,300,64,236
103900218,0,378,-378
103900219,246,127,119
103900233,204,28,176
103900235,7,248,-241
103900236,9,17,-8
103900242,0,17,-17
103900243,2,0,2
103900244,220,96,124
103900245,151,103,48
103900246,19,61,-42
103900247,13,55,-42
103900248,5,86,-81
103900249,4,81,-77
103900250,32,40,-8
103900251,6,31,-25
103900253,10,65,-55
103900254,6,35,-29
103900255,5,38,-33
103900256,9,40,-31
103900257,234,191,43
103900258,13,7,6
103900259,41,6,35
103900261,8,1,7
103900262,50,2,48
103900263,22,81,-59
103900264,26,19,7
103900265,11,11,0
103900266,3,168,-165
103900267,13,89,-76
103900268,31,14,17
103900269,227,17,210
103900270,84,47,37
103900271,60,43,17
103900272,70,34,36
103900273,66,3,63
103900274,273,2,271
103900275,199,14,185
103900276,17,8,9
103900277,10,10,0
103900278,0,27,-27
103900279,5,58,-53
103900280,5,4,1
104000001,3520,2336,1184
104000002,2460,2092,368
104000003,3019,2369,650
104000004,2603,2560,43
104000005,2548,2387,161
104000006,3564,2475,1089
104000007,4975,4074,901
104000008,243,200,43
104000009,334,122,212
104000010,241,681,-440
104000011,291,226,65
104000012,153,223,-70
104000013,470,485,-15
104000014,286,313,-27
104000015,648,180,468
104000016,300,244,56
104000018,1118,234,884
104000019,748,356,392
104000020,98,277,-179
104000021,362,320,42
104000022,286,336,-50
104000023,1557,519,1038
104000024,318,283,35
104000026,77,269,-192
104000027,336,315,21
104000028,578,276,302
104000029,340,254,86
104000030,468,234,234
104000031,1691,374,1317
104000032,163,145,18
104000033,909,628,281
104000034,394,134,260
104000035,1492,406,1086
104000036,1449,352,1097
104000037,259,118,141
104000038,633,422,211
104000039,297,137,160
104000040,139,537,-398
104000041,684,411,273
104000042,146,184,-38
104000043,240,255,-15
104000044,294,298,-4
104000045,871,472,399
104000046,739,928,-189
104000047,587,803,-216
104000048,851,807,44
104000049,895,365,530
104000050,148,831,-683
104000051,413,654,-241
104000052,2725,2270,455
104000053,1199,488,711
104000054,795,190,605
104000055,3092,2317,775
104000056,798,234,564
104000057,243,231,12
104000058,1204,816,388
104000059,841,922,-81
104000060,1487,1620,-133
104000061,1324,820,504
104000062,521,143,378
104000064,728,440,288
104000065,267,781,-514
104000069,638,1786,-1148
104000070,61,715,-654
104000071,196,341,-145
104000072,616,217,399
104000075,205,269,-64
104000076,631,59,572
104000082,2720,4730,-2010
104000083,683,205,478
104000084,143,371,-228
104000085,561,362,199
104000086,324,380,-56
104000087,368,2318,-1950
104000090,1642,857,785
104000092,2077,1034,1043
104000094,1057,784,273
104000095,3726,1414,2312
104000096,2667,52,2615
104000097,3583,630,2953
104000098,4411,603,3808
104000100,2922,839,2083
104000101,1708,1318,390
104000106,60,800,-740
104000107,720,258,462
104000108,247,323,-76
104000109,537,191,346
104000110,793,1269,-476
104000111,2490,4161,-1671
104000112,885,443,442
104000116,0,624,-624
104000117,365,375,-10
104000118,1491,149,1342
104000119,1234,360,874
104000120,348,352,-4
104000121,303,508,-205
104000122,1393,767,626
104000123,944,589,355
104000124,512,1189,-677
104000125,2608,5841,-3233
104000126,731,684,47
104000127,1435,1381,54
104000128,586,198,388
104000129,443,21,422
104000130,6,329,-323
104000131,332,255,77
104000132,247,414,-167
104000133,1876,845,1031
104000134,1207,1826,-619
104000135,672,1940,-1268
104000136,905,3702,-2797
104000137,2531,285,2246
104000138,1328,487,841
104000139,2763,2669,94
104000141,946,814,132
104000142,803,349,454
104000143,854,271,583
104000144,146,239,-93
104000145,446,259,187
104000146,195,518,-323
104000147,171,339,-168
104000148,426,177,249
104000149,215,154,61
104000150,1421,745,676
104000151,360,206,154
104000152,739,296,443
104000153,966,750,216
104000154,841,384,457
104000155,699,897,-198
104000157,1532,1059,473
104000158,228,657,-429
104000159,945,906,39
104000160,1942,2871,-929
104000161,248,176,72
104000162,113,156,-43
104000165,648,724,-76
104000167,959,1943,-984
104000168,999,24,975
104000169,295,55,240
104000170,183,495,-312
104000248,372,468,-96
104000251,127,146,-19
104000272,0,0,0
104000273,0,0,0
104000274,0,0,0
104000275,0,0,0
104000279,543,500,43
104000290,123,355,-232
104000291,439,1247,-808
104000293,1609,1188,421
104000294,132,0,132
104000295,1159,1044,115
104000296,779,693,86
104000297,981,2361,-1380
104000298,2066,1174,892
104000299,1165,1250,-85
104900001,178,245,-67
104900002,134,350,-216
104900003,104,251,-147
104900004,96,97,-1
104900005,696,518,178
104900006,886,110,776
104900007,532,212,320
104900009,160,152,8
104900010,169,28,141
104900011,3,47,-44
104900012,275,61,214
104900013,86,28,58
104900014,1539,405,1134
104900015,159,3,156
104900016,380,143,237
104900017,166,214,-48
104900018,34,102,-68
104900019,247,7189,-6942
104900020,61,300,-239
104900021,1,33,-32
104900022,8,259,-251
104900023,1,35,-34
104900024,23,285,-262
104900025,85,177,-92
104900026,0,69,-69
104900027,887,471,416
104900028,18,171,-153
104900029,14,37,-23
104900030,768,225,543
104900031,63,270,-207
104900032,78,79,-1
104900033,285,246,39
104900034,618,190,428
104900035,586,269,317
104900036,397,47,350
104900037,195,191,4
104900038,176,1779,-1603
104900039,316,569,-253
104900040,823,54,769
104900041,525,151,374
104900042,333,289,44
104900043,17,308,-291
104900044,1378,165,1213
104900045,473,79,394
104900046,638,101,537
104900047,752,95,657
104900048,582,77,505
104900049,72,45,27
104900050,582,62,520
104900051,443,23,420
104900052,208,2,206
104900053,597,112,485
104900054,288,36,252
104900055,343,0,343
104900056,319,37,282
104900057,85,0,85
104900058,501,1097,-596
104900059,130,23,107
104900060,1,527,-526
104900061,207,266,-59
104900063,0,305,-305
104900064,0,151,-151
104900065,2,391,-389
104900066,2,62,-60
104900067,12,347,-335
104900068,110,153,-43
104900070,133,219,-86
104900071,1,453,-452
104900072,97,192,-95
104900073,189,81,108
104900074,115,128,-13
104900075,116,22,94
104900076,226,138,88
104900077,506,348,158
104900078,296,204,92
104900079,168,1290,-1122
104900080,169,316,-147
104900082,15,325,-310
104900085,17,96,-79
104900087,441,6,435
104900089,625,0,625
104900090,1846,1086,760
104900091,602,473,129
104900093,199,296,-97
104900097,1425,4430,-3005
104900098,416,50,366
104900099,87,1116,-1029
104900100,386,243,143
104900102,72,113,-41
104900103,450,53,397
104900104,1841,2517,-676
104900106,329,158,171
104900107,137,113,24
104900108,76,139,-63
104900109,146,144,2
104900110,21,46,-25
104900111,677,117,560
104900112,490,232,258
104900113,1272,277,995
104900114,921,402,519
104900115,1007,190,817
104900116,804,121,683
104900118,35,63,-28
104900119,1,60,-59
104900120,20,790,-770
104900121,0,30,-30
104900122,0,61,-61
104900123,158,22,136
104900124,60,0,60
104900125,571,5,566
104900126,37,23,14
104900127,23,60,-37
104900128,121,97,24
104900129,1256,3584,-2328
105000001,3491,1473,2018
105000002,3024,2073,951
105000003,3247,4565,-1318
105000004,1042,814,228
105000005,1907,1449,458
105000006,1860,2234,-374
105000007,2130,3021,-891
105000008,1111,5115,-4004
105000009,3540,4412,-872
105000010,2780,1086,1694
105000011,4011,3834,177
105000012,2475,1754,721
105000013,1516,1649,-133
105000014,3657,4647,-990
105000015,9210,16201,-6991
105000016,1106,1233,-127
105000017,1527,771,756
105000018,879,2439,-1560
105000019,971,1341,-370
105000020,128,718,-590
105000021,195,267,-72
105000022,163,228,-65
105000023,739,215,524
105000028,53,67,-14
105000029,770,1982,-1212
105000030,3054,1869,1185
105000033,1066,1291,-225
105000034,233,1504,-1271
105000037,682,210,472
105000038,1335,1934,-599
105000039,1314,1085,229
105000040,963,1858,-895
105000041,327,879,-552
105000042,2252,2206,46
105000043,842,1628,-786
105000044,823,573,250
105000045,290,368,-78
105000046,1575,385,1190
105000047,657,444,213
105000048,1079,300,779
105000049,305,470,-165
105000050,1279,603,676
105000051,277,347,-70
105000052,876,1265,-389
105000053,84,108,-24
105000054,543,1138,-595
105000055,934,502,432
105000056,2053,1995,58
105000057,1467,785,682
105000058,1470,1004,466
105000059,1084,671,413
105000060,518,494,24
105000061,1554,575,979
105000062,627,517,110
105000063,385,295,90
105000064,2735,771,1964
105000065,518,483,35
105000066,1090,1215,-125
105000067,2308,1184,1124
105000068,299,830,-531
105000069,1664,3292,-1628
105000070,474,1505,-1031
105000071,279,1991,-1712
105000072,1447,5394,-3947
105000073,1284,892,392
105000074,674,467,207
105000075,568,535,33
105000076,1074,862,212
105000077,2028,952,1076
105000078,1025,1628,-603
105000079,944,3057,-2113
105000080,2097,1614,483
105000081,1495,1299,196
105000082,794,2228,-1434
105000083,2430,3594,-1164
105000084,561,600,-39
105000085,2688,2602,86
105000086,718,922,-204
105000087,1592,1616,-24
105000088,1804,2450,-646
105000089,1979,1548,431
105000090,671,629,42
105000091,724,1275,-551
105000092,508,1398,-890
105000093,353,490,-137
105000094,225,230,-5
105000095,169,713,-544
105000096,1232,2138,-906
105000097,606,725,-119
105000098,1415,1384,31
105000099,740,1053,-313
105000100,2220,1199,1021
105000101,2746,1482,1264
105000102,2068,1759,309
105000103,1571,2109,-538
105000104,2697,1303,1394
105000105,1334,1577,-243
105000106,1713,1140,573
105000107,2229,897,1332
105000108,2320,1242,1078
105000109,2878,1143,1735
105000110,1191,508,683
105000111,1927,449,1478
105000112,1538,696,842
105000113,710,895,-185
105000114,1873,1822,51
105000115,407,2011,-1604
105000116,1500,633,867
105000117,930,542,388
105000118,1217,446,771
105000119,673,462,211
105000120,1972,721,1251
105000121,901,564,337
105000122,526,884,-358
105000123,780,691,89
105000124,2912,650,2262
105000125,1096,1041,55
105000126,2840,1538,1302
105000127,3279,1447,1832
105000128,872,1200,-328
105000129,1504,267,1237
105000130,191,4185,-3994
105000131,301,156,145
105000132,1907,902,1005
105000133,648,562,86
105000134,1619,607,1012
105000135,410,408,2
105000136,178,220,-42
105000137,942,291,651
105000138,256,187,69
105000139,1087,455,632
105000140,713,431,282
105000141,392,277,115
105000142,362,411,-49
105000143,198,354,-156
105000144,286,466,-180
105000145,894,235,659
105000146,389,579,-190
105000147,827,321,506
105000148,983,709,274
105000149,3632,2969,663
105000150,1426,968,458
105000151,745,570,175
105000152,283,459,-176
105000153,902,779,123
105000154,801,493,308
105000155,669,871,-202
105000156,483,656,-173
105000157,753,1343,-590
105000158,2563,948,1615
105000159,323,957,-634
105000160,4720,990,3730
105000161,824,1301,-477
105000162,962,3456,-2494
105000163,1320,1054,266
105000164,161,341,-180
105000165,827,10506,-9679
105000166,4501,1758,2743
105000167,1323,3271,-1948
105000168,674,392,282
105000169,1019,150,869
105000170,402,1162,-760
105000171,1596,275,1321
105000172,260,14,246
105000173,421,48,373
105000174,156,56,100
105000175,146,51,95
105000176,967,73,894
105000177,558,297,261
105000178,437,285,152
105000179,1387,121,1266
105000180,384,57,327
105000181,313,167,146
105000182,103,31,72
105000183,2181,3172,-991
105000184,556,1029,-473
105000185,836,1242,-406
105000186,508,571,-63
105000187,988,355,633
105000188,193,268,-75
105000189,80,617,-537
105000190,286,291,-5
105000191,428,260,168
105000192,449,64,385
105000193,62,242,-180
105000194,875,148,727
105000195,443,911,-468
105000196,81,274,-193
105000197,232,570,-338
105000198,479,228,251
105000199,104,474,-370
105000200,174,465,-291
105000201,85,44,41
105000203,21,110,-89
105000204,114,50,64
105000205,107,141,-34
105000207,247,112,135
105000208,171,661,-490
105000209,289,150,139
105000212,1480,512,968
105000213,78,325,-247
105000214,194,144,50
105000215,442,167,275
105000216,259,105,154
105000217,269,163,106
105000218,2586,1298,1288
105000221,292,231,61
105000222,342,76,266
105000223,512,133,379
105000226,173,155,18
105000227,106,90,16
105000228,111,2353,-2242
105000229,200,796,-596
105000231,707,372,335
105000233,953,935,18
105000234,543,785,-242
105000235,566,746,-180
105000237,1645,135,1510
105000243,56,102,-46
105000248,38,90,-52
105000262,631,482,149
105000269,162,174,-12
105000270,772,39,733
105000271,2,186,-184
105000282,67,53,14
105000287,331,113,218
105000288,805,515,290
105000289,908,2130,-1222
105000290,26,17,9
105000402,2147,4652,-2505
105000426,244,602,-358
105000438,1281,1305,-24
105000446,6611,4232,2379
105000447,2199,1551,648
105000454,1000,244,756
105000455,205,128,77
105000474,76,4,72
105000477,954,698,256
105000478,2967,6778,-3811
105000479,173,228,-55
105000480,5941,9495,-3554
105000481,5322,5667,-345
105000482,2425,4019,-1594
105000483,2370,3761,-1391
105000484,1299,1794,-495
105000485,1250,3955,-2705
105000486,1521,2208,-687
105000488,3730,2171,1559
105000489,1557,902,655
105000549,89,182,-93
105000550,389,1180,-791
105000551,41,92,-51
105000552,2205,1249,956
105000555,585,1128,-543
105900001,5,2417,-2412
105900002,696,1138,-442
105900003,20,107,-87
105900004,212,79,133
105900005,56,180,-124
105900006,19,168,-149
105900007,52,44,8
105900008,123,309,-186
105900009,47,29,18
105900011,251,33,218
105900012,653,80,573
105900013,4,35,-31
105900014,17,87,-70
105900015,92,422,-330
105900016,866,291,575
105900017,1746,41,1705
105900018,204,157,47
105900019,109,296,-187
105900020,54,73,-19
105900021,35,494,-459
105900022,319,135,184
105900023,9,140,-131
105900024,10,275,-265
105900025,360,12,348
105900026,212,14,198
105900027,13715,5851,7864
105900028,242,293,-51
105900029,2717,454,2263
105900030,335,340,-5
105900031,411,222,189
105900032,154,244,-90
105900033,52,132,-80
105900034,380,150,230
105900035,395,146,249
105900036,212,65,147
105900037,211,40,171
105900038,233,252,-19
105900039,145,81,64
105900040,144,60,84
105900041,242,168,74
105900042,97,160,-63
105900043,1084,52,1032
105900044,2,363,-361
105900045,8,1250,-1242
105900046,4,272,-268
105900047,6,40,-34
105900048,130,466,-336
105900050,3525,8413,-4888
105900051,89,1125,-1036
105900052,1052,167,885
105900053,2151,4012,-1861
105900054,253,185,68
105900056,502,704,-202
105900057,31,121,-90
105900058,18,15,3
105900059,1,83,-82
106000001,2005,2476,-471
106000002,928,3575,-2647
106000003,3249,4447,-1198
106000004,1511,2170,-659
106000005,4636,4545,91
106000006,4720,1819,2901
106000007,544,487,57
106000008,517,329,188
106000009,586,344,242
106000010,552,558,-6
106000011,2093,1273,820
106000012,1207,908,299
106000013,2281,1929,352
106000014,2003,1257,746
106000015,2870,1349,1521
106000016,1485,1287,198
106000017,587,907,-320
106000018,637,552,85
106000019,499,627,-128
106000020,428,297,131
106000021,437,486,-49
106000022,458,159,299
106000023,948,401,547
106000024,635,366,269
106000025,174,193,-19
106000026,70,131,-61
106000027,2348,1681,667
106000028,781,219,562
106000029,722,611,111
106000030,176,506,-330
106000034,157,370,-213
106000035,838,2246,-1408
106000036,164,421,-257
106000037,1094,1088,6
106000038,104,169,-65
106000039,30,171,-141
106000040,146,878,-732
106000041,720,563,157
106000043,519,331,188
106000046,383,100,283
106000047,32,579,-547
106000049,1484,234,1250
106000050,277,350,-73
106000051,1173,808,365
106000052,162,253,-91
106000053,757,203,554
106000054,326,257,69
106000055,971,681,290
106000056,317,174,143
106000057,759,260,499
106000058,176,91,85
106000059,682,383,299
106000060,287,297,-10
106000061,236,859,-623
106000062,181,245,-64
106000063,1207,948,259
106000064,28,199,-171
106000065,612,228,384
106000066,100,287,-187
106000067,568,86,482
106000068,100,496,-396
106000069,512,61,451
106000070,465,524,-59
106000071,1003,245,758
106000072,3016,1532,1484
106000073,1396,5095,-3699
106000074,903,817,86
106000075,366,1187,-821
106000076,1691,1519,172
106000077,2371,930,1441
106000078,1575,635,940
106000079,1226,726,500
106000080,1539,369,1170
106000081,1227,757,470
106000082,2026,624,1402
106000083,593,1218,-625
106000084,994,567,427
106000085,1653,1497,156
106000086,623,704,-81
106000087,917,454,463
106000088,437,733,-296
106000089,1267,264,1003
106000090,479,601,-122
106000091,246,359,-113
106000092,1294,262,1032
106000093,553,155,398
106000094,127,243,-116
106000095,1584,640,944
106000096,1346,485,861
106000097,1744,700,1044
106000098,1143,679,464
106000099,247,646,-399
106000100,1576,147,1429
106000101,902,350,552
106000102,159,672,-513
106000103,244,478,-234
106000104,1206,340,866
106000105,651,485,166
106000106,1037,303,734
106000107,189,198,-9
106000108,579,125,454
106000109,266,147,119
106000110,468,130,338
106000111,236,158,78
106000112,452,891,-439
106000113,562,511,51
106000114,641,1112,-471
106000115,320,322,-2
106000116,482,257,225
106000117,1065,504,561
106000118,1924,1507,417
106000119,1127,592,535
106000120,1308,1795,-487
106000121,504,163,341
106000122,265,101,164
106000123,996,78,918
106000124,146,81,65
106000125,46,126,-80
106000126,581,54,527
106000127,1622,584,1038
106000128,1255,123,1132
106000129,777,364,413
106000130,1245,271,974
106000131,179,736,-557
106000132,587,170,417
106000133,1740,1774,-34
106000134,465,3113,-2648
106000135,137,609,-472
106000136,793,1501,-708
106000137,94,646,-552
106000138,2347,117,2230
106000139,80,42,38
106000140,54,62,-8
106000141,209,35,174
106000142,145,45,100
106000143,19,57,-38
106000144,39,93,-54
106000145,569,120,449
106000146,575,131,444
106000147,342,280,62
106000148,380,461,-81
106000149,878,331,547
106000150,787,2224,-1437
106000151,2849,700,2149
106000152,817,2838,-2021
106000153,77,1881,-1804
106000154,1127,151,976
106000155,205,337,-132
106000156,1698,138,1560
106000157,841,1717,-876
106000158,1539,844,695
106000159,2275,2407,-132
106000160,658,4727,-4069
106000161,1102,234,868
106000162,456,1703,-1247
106000163,476,208,268
106000164,962,272,690
106000165,404,351,53
106000166,1474,305,1169
106000167,495,580,-85
106000168,1105,264,841
106000169,494,301,193
106000170,1418,222,1196
106000171,301,917,-616
106000172,3086,1309,1777
106000173,1036,2303,-1267
106000174,1505,341,1164
106000175,254,536,-282
106000176,2612,1006,1606
106000177,1024,1685,-661
106000178,3238,1615,1623
106000179,762,1407,-645
106000180,720,643,77
106000181,1505,1389,116
106000182,2509,629,1880
106000183,2328,357,1971
106000184,2211,623,1588
106000185,1513,1441,72
106000186,597,76,521
106000187,78,1029,-951
106000188,2,2,0
106000189,14,49,-35
106000190,51,2,49
106000191,739,84,655
106000192,0,13,-13
106000193,479,204,275
106000194,147,413,-266
106000195,439,244,195
106000196,135,631,-496
106000197,837,361,476
106000198,304,184,120
106000199,802,1139,-337
106000200,347,281,66
106000201,527,4893,-4366
106000202,2402,521,1881
106000203,48,166,-118
106000204,128,6,122
106000205,6,130,-124
106000206,115,9,106
106000207,14,344,-330
106000208,2140,226,1914
106000209,2392,624,1768
106000210,307,681,-374
106000211,219,1319,-1100
106000212,1326,600,726
106000213,196,1083,-887
106000214,1410,439,971
106000215,434,431,3
106000216,723,422,301
106000217,265,341,-76
106000218,413,343,70
106000219,206,191,15
106000220,671,241,430
106000221,371,86,285
106000222,155,64,91
106000223,553,158,395
106000224,320,82,238
106000225,111,190,-79
106000226,102,97,5
106000228,142,93,49
106000229,109,434,-325
106000231,1485,125,1360
106000232,107,251,-144
106000233,747,115,632
106000234,88,312,-224
106000235,380,190,190
106000236,71,128,-57
106000237,0,43,-43
106000238,19,38,-19
106000239,0,161,-161
106000240,58,12,46
106000241,23,472,-449
106000242,263,47,216
106000249,108,36,72
106000250,91,664,-573
106000251,127,13,114
106000252,28,75,-47
106000253,81,80,1
106000254,114,45,69
106000255,45,202,-157
106000256,62,30,32
106000257,157,226,-69
106000258,154,46,108
106000259,1,73,-72
106000260,17,31,-14
106000261,4,53,-49
106000262,136,28,108
106000263,32,43,-11
106000264,204,20,184
106000265,17,180,-163
106000266,131,15,116
106000267,11,105,-94
106000268,304,36,268
106000269,30,66,-36
106000270,95,291,-196
106000271,143,123,20
106000272,248,92,156
106000273,33,185,-152
106000274,185,26,159
106000275,256,203,53
106000276,123,33,90
106000277,135,235,-100
106000278,116,35,81
106000279,9,22,-13
106000280,200,59,141
106000281,98,46,52
106000282,118,41,77
106000283,174,41,133
106000284,226,102,124
106000285,120,84,36
106000286,207,135,72
106000287,159,75,84
106000288,113,147,-34
106000289,109,80,29
106000290,112,59,53
106000291,99,120,-21
106000292,90,44,46
106000293,155,89,66
106000294,99,71,28
106000295,48,56,-8
106000296,39,66,-27
106000297,51,247,-196
106000298,68,77,-9
106000299,60,101,-41
106000300,75,105,-30
106000301,45,94,-49
106000303,40,72,-32
106000304,45,27,18
106000305,69,78,-9
106000306,75,32,43
106000307,170,26,144
106000308,43,145,-102
106000309,21,107,-86
106000310,313,281,32
106000311,533,171,362
106000312,228,117,111
106000313,408,157,251
106000318,67,460,-393
106000319,1701,475,1226
106000320,4,61,-57
106000321,163,172,-9
106000322,281,34,247
106000324,23,53,-30
106000325,2594,1000,1594
106000326,1302,1292,10
106000327,299,76,223
106000328,42,119,-77
106000329,157,299,-142
106000330,111,113,-2
106000428,74,204,-130
106000429,187,199,-12
106000430,323,880,-557
106000431,2696,440,2256
106000432,1089,2257,-1168
106000433,2530,1363,1167
106000434,3764,1354,2410
106000435,1195,2274,-1079
106000436,24,172,-148
106000437,462,104,358
106000438,263,310,-47
106000439,69,540,-471
106000440,215,482,-267
106000441,2,3,-1
106000442,278,17,261
106000443,333,159,174
106000450,0,73,-73
106000451,43,193,-150
106000454,4,113,-109
106000455,4,162,-158
106000456,87,34,53
106000457,48,299,-251
106000458,1405,52,1353
106000459,495,125,370
106000460,2098,25,2073
106000461,293,343,-50
106000462,3,70,-67
106000463,4,7,-3
106000464,29,161,-132
106000465,1279,11,1268
106000466,17,188,-171
106000467,107,229,-122
106000468,135,153,-18
106000469,91,0,91
106000470,238,2501,-2263
106000471,13,355,-342
106000472,168,25,143
106000473,64,11,53
106000474,357,340,17
106000475,397,110,287
106000476,136,354,-218
106000477,44,54,-10
106000480,1,789,-788
106900001,0,20,-20
106900002,0,173,-173
106900003,155,1152,-997
106900004,0,11,-11
106900006,0,6,-6
106900007,0,9,-9
106900008,973,68,905
106900009,600,169,431
106900010,405,221,184
106900012,1052,3535,-2483
106900013,686,251,435
106900014,52,6,46
106900015,11,3,8
106900016,650,33,617
106900017,18,3,15
106900018,4,1,3
106900019,168,0,168
106900020,1686,2854,-1168
106900021,201,126,75
106900022,1494,4,1490
106900023,27,118,-91
106900024,888,84,804
106900025,59,559,-500
106900026,0,171,-171
106900027,1468,4,1464
107000001,3171,7035,-3864
107000002,1539,2508,-969
107000003,9630,7829,1801
107000004,3779,2001,1778
107000005,9880,7903,1977
107000006,3306,1659,1647
107000007,6953,11353,-4400
107000008,4867,3494,1373
107000009,11850,10034,1816
107000010,6068,4598,1470
107000011,680,780,-100
107000012,2025,1802,223
107000013,151,42,109
107000014,69,82,-13
107000015,548,292,256
107000016,1123,423,700
107000017,895,4006,-3111
107000018,11,3727,-3716
107000020,832,3940,-3108
107000021,1325,441,884
107000022,1078,2698,-1620
107000023,2172,184,1988
107000024,927,2039,-1112
107000025,282,384,-102
107000026,487,550,-63
107000027,1858,967,891
107000028,1595,678,917
107000029,4717,3951,766
107000030,2330,1702,628
107000031,6803,3220,3583
107000032,388,698,-310
107000033,2561,3862,-1301
107000034,5669,1210,4459
107000035,573,303,270
107000036,696,1601,-905
107000037,123,879,-756
107000038,284,191,93
107000039,1285,1055,230
107000040,371,211,160
107000041,1496,1008,488
107000042,525,2308,-1783
107000043,1982,1141,841
107000044,311,335,-24
107000045,114,354,-240
107000046,1299,429,870
107000047,584,667,-83
107000048,833,352,481
107000049,608,758,-150
107000050,1230,672,558
107000051,200,300,-100
107000052,1060,1594,-534
107000053,434,429,5
107000054,50,171,-121
107000055,392,197,195
107000056,510,486,24
107000057,1253,150,1103
107000058,2299,2946,-647
107000059,2162,2481,-319
107000060,6659,6093,566
107000061,4248,2265,1983
107000062,7841,3490,4351
107000063,4404,2708,1696
107000064,6638,3608,3030
107000065,3020,2797,223
107000066,2318,3863,-1545
107000067,1813,1794,19
107000068,1147,1417,-270
107000069,1421,816,605
107000070,1282,7,1275
107000071,5448,68,5380
107000072,24,1215,-1191
107000073,1383,836,547
107000074,103,584,-481
107000075,2773,742,2031
107000076,346,814,-468
107000077,4925,1454,3471
107000078,1068,1696,-628
107000079,3732,1422,2310
107000080,667,1594,-927
107000081,3777,745,3032
107000082,808,709,99
107000083,2249,954,1295
107000084,323,915,-592
107000085,3517,3713,-196
107000086,3045,2701,344
107000087,4201,2827,1374
107000088,3100,2887,213
107000089,2362,2581,-219
107000090,1540,838,702
107000091,2278,1178,1100
107000092,1182,760,422
107000093,1899,1298,601
107000094,1023,813,210
107000095,1097,689,408
107000096,613,535,78
107000097,1052,268,784
107000098,391,384,7
107000099,605,450,155
107000100,389,356,33
107000101,135,260,-125
107000102,220,317,-97
107000103,378,261,117
107000104,212,226,-14
107000105,538,166,372
107000106,188,200,-12
107000107,877,157,720
107000108,154,356,-202
107000109,1111,191,920
107000110,53,197,-144
107000111,571,48,523
107000112,34,147,-113
107000113,1056,85,971
107000114,95,347,-252
107000115,1141,465,676
107000116,134,496,-362
107000117,119,1996,-1877
107000118,71,132,-61
107000119,1517,2062,-545
107000120,912,983,-71
107000121,1332,757,575
107000122,1093,584,509
107000123,761,564,197
107000124,763,369,394
107000125,1898,497,1401
107000126,1784,274,1510
107000129,292,266,26
107000130,1078,272,806
107000131,417,380,37
107000132,701,318,383
107000133,487,255,232
107000134,346,3,343
107000135,3,404,-401
107000136,726,8,718
107000137,10,634,-624
107000138,212,35,177
107000139,13,1005,-992
107000140,2334,110,2224
107000141,117,952,-835
107000142,762,139,623
107000143,70,584,-514
107000144,807,844,-37
107000145,214,384,-170
107000146,238,405,-167
107000147,4365,745,3620
107000150,506,4632,-4126
107000151,24,58,-34
107000152,914,2733,-1819
107000153,103,246,-143
107000154,39,507,-468
107000155,1435,14,1421
107000156,1942,41,1901
107000157,66,535,-469
107000158,1499,16,1483
107000159,32,408,-376
107000160,2300,224,2076
107000161,101,395,-294
107000162,445,962,-517
107000163,245,1,244
107000164,1254,5,1249
107000165,2248,26,2222
107000166,39,265,-226
107000167,1312,252,1060
107000168,1264,710,554
107000169,381,439,-58
107000170,4485,940,3545
107000171,664,739,-75
107000172,1999,2499,-500
107000173,369,507,-138
107000174,1376,8445,-7069
107000175,3330,1090,2240
107000176,1,1,0
107000177,3,1,2
107000178,19,5,14
107000179,414,807,-393
107000180,2658,182,2476
107000181,590,537,53
107000182,2932,537,2395
107000183,293,524,-231
107000184,1921,527,1394
107000185,467,761,-294
107000186,1576,355,1221
107000187,1443,1297,146
107000188,699,494,205
107000189,952,866,86
107000190,838,584,254
107000191,1065,917,148
107000192,2169,538,1631
107000193,596,713,-117
107000194,798,612,186
107000197,1330,296,1034
107000198,472,431,41
107000199,1256,656,600
107000200,795,864,-69
107000201,457,582,-125
107000202,455,441,14
107000203,753,1959,-1206
107000204,696,2303,-1607
107000205,1173,722,451
107000206,650,2017,-1367
107000207,580,1802,-1222
107000208,745,770,-25
107000209,856,1358,-502
107000210,122,246,-124
107000211,3,79,-76
107000212,17,260,-243
107000213,7,110,-103
107000214,16,92,-76
107000215,788,280,508
107000216,810,486,324
107000217,239,290,-51
107000219,106,338,-232
107000220,253,170,83
107000222,275,364,-89
107000224,920,130,790
107000225,155,228,-73
107000226,817,154,663
107000227,111,96,15
107000228,421,534,-113
107000229,56,148,-92
107000230,1110,442,668
107000231,557,2223,-1666
107000232,178,17,161
107000233,261,1198,-937
107000234,14,104,-90
107000235,93,24,69
107000236,5,396,-391
107000237,35,0,35
107000238,54,4,50
107000239,2459,713,1746
107000240,196,374,-178
107000241,45,13,32
107000242,303,20,283
107000243,0,36,-36
107000244,2,58,-56
107000246,2,726,-724
107000249,2,779,-777
107000251,1,127,-126
107000252,0,524,-524
107000255,220,246,-26
107000257,1,407,-406
107000258,17,240,-223
107000259,4,148,-144
107000260,2447,18,2429
107000262,17,179,-162
107000263,629,9,620
107000266,11,11,0
107000267,44,79,-35
107000268,127,73,54
107000269,76,5,71
107000270,366,82,284
107000271,5,0,5
107000272,226,2,224
107000273,7,307,-300
107000274,720,281,439
107000275,43,2137,-2094
107000280,1709,43,1666
107000281,37,315,-278
107000282,38,325,-287
107000290,34,69,-35
107000291,4,18,-14
107000292,5,550,-545
107000293,36,19,17
107000294,0,76,-76
107000295,48,7,41
107000296,0,6,-6
107000444,311,6,305
107000496,8,1,7
107000497,1189,1199,-10
107000500,522,403,119
107000501,120,203,-83
107000502,258,393,-135
107000505,303,722,-419
107000506,0,4,-4
107000508,3,204,-201
107000509,159,858,-699
107000510,72,73,-1
107000514,58,536,-478
107000515,13,69,-56
107000516,746,519,227
107000518,1994,3379,-1385
107000519,1129,517,612
107000520,159,56,103
107000521,1061,198,863
107000522,1628,338,1290
107900001,125,40,85
107900002,82,11,71
107900003,968,23,945
107900004,193,6,187
107900005,2993,21,2972
107900006,261,12,249
107900007,611,63,548
107900008,76,8,68
107900009,144,11,133
107900010,82,7,75
107900012,364,117,247
107900013,300,20,280
107900014,117,13,104
107900015,2038,18,2020
107900016,477,126,351
107900017,30,1,29
107900018,112,376,-264
107900019,33,11,22
107900020,31,23,8
107900021,215,46,169
107900023,7,3,4
107900024,0,7,-7
107900025,304,188,116
107900026,83,25,58
107900027,21,72,-51
107900028,256,72,184
107900030,357,64,293
107900031,129,125,4
107900032,10,10,0
107900033,26,2,24
107900034,301,27,274
107900035,1924,91,1833
107900036,80,50,30
107900037,2,9,-7
107900038,57,400,-343
107900039,85,22,63
107900040,15,335,-320
107900041,3,6,-3
107900043,80,132,-52
107900044,49,5,44
107900045,185,93,92
107900046,364,276,88
107900047,93,19,74
107900048,397,65,332
107900049,365,1250,-885
107900050,48,211,-163
107900051,65,31,34
107900052,25,59,-34
107900053,98,69,29
107900055,565,308,257
107900056,149,149,0
107900057,9,0,9
107900058,25,412,-387
107900060,5,39,-34
107900061,4,11,-7
107900063,109,126,-17
107900064,317,482,-165
107900065,580,24,556
107900066,30,5,25
107900067,1,1,0
107900068,136,1221,-1085
107900069,15,3498,-3483
107900070,269,172,97
107900071,20,282,-262
107900072,308,76,232
107900073,162,69,93
107900074,167,409,-242
107900076,256,56,200
107900077,180,13,167
107900078,244,70,174
107900079,31,25,6
107900080,167,1278,-1111
107900081,93,79,14
107900082,6,4,2
107900083,536,196,340
107900084,219,211,8
107900086,61,339,-278
107900087,157,110,47
107900088,137,44,93
107900089,266,869,-603
107900090,611,3508,-2897
107900091,196,100,96
107900092,1187,189,998
107900093,110,62,48
107900095,1464,2061,-597
107900097,31,67,-36
107900098,73,260,-187
107900100,1086,1822,-736
107900101,395,73,322
107900102,123,17,106
107900103,79,145,-66
107900104,225,0,225
107900105,4,156,-152
107900106,4,329,-325
107900107,1187,479,708
107900108,149,124,25
107900109,2917,105,2812
107900110,127,20,107
107900111,10,264,-254
107900112,75,646,-571
107900113,343,46,297
107900114,399,60,339
107900115,0,6,-6
107900116,269,60,209
107900117,275,82,193
107900118,43,72,-29
107900119,143,330,-187
107900120,69,68,1
107900121,3,124,-121
107900122,0,144,-144
107900123,29,85,-56
107900124,15,75,-60
107900125,34,233,-199
107900126,35,74,-39
107900127,546,347,199
107900128,109,98,11
107900129,165,16,149
107900130,170,11,159
107900131,89,836,-747
107900132,59,200,-141
107900133,0,54,-54
107900134,58,131,-73
107900135,16,89,-73
107900136,26,46,-20
107900137,115,120,-5
107900138,152,28,124
107900139,84,43,41
107900140,12,6,6
107900141,17,25,-8
107900142,27,440,-413
107900143,52,8,44
107900144,3,69,-66
107900145,5,51,-46
107900146,48,168,-120
107900147,51,53,-2
107900148,262,102,160
107900149,485,104,381
107900150,38,258,-220
107900151,42,33,9
107900152,4,108,-104
107900153,82,460,-378
107900154,49,73,-24
107900155,95,66,29
107900156,13,57,-44
107900157,33,45,-12
107900158,1533,57,1476
107900159,12,352,-340
107900160,242,56,186
107900161,85,37,48
107900162,0,51,-51
107900163,14,55,-41
107900164,34,48,-14
107900165,16,273,-257
107900166,77,56,21
107900167,21,53,-32
107900168,49,21,28
107900169,1,315,-314
107900171,6,264,-258
107900172,6,148,-142
107900173,40,52,-12
107900174,222,2,220
107900175,25,71,-46
107900176,97,8,89
107900177,0,140,-140
107900178,0,79,-79
107900179,33,73,-40
107900180,418,1357,-939
107900181,323,268,55
107900182,1,284,-283
107900183,103,51,52
107900184,92,128,-36
107900185,241,7,234
107900186,31,26,5
107900187,0,173,-173
107900188,347,114,233
107900189,26,114,-88
107900190,26,213,-187
107900191,60,49,11
107900193,3,101,-98
107900194,261,20,241
107900195,724,209,515
107900196,151,20,131
107900197,243,461,-218
107900199,0,314,-314
107900201,106,44,62
107900203,26,36,-10
107900204,209,148,61
107900205,228,340,-112
107900206,594,603,-9
107900207,0,192,-192
107900208,47,150,-103
107900209,254,142,112
107900210,31,33,-2
107900213,289,387,-98
107900214,7,31,-24
107900215,123,534,-411
107900216,44,39,5
107900217,30,87,-57
107900218,15,1421,-1406
107900219,44,34,10
107900220,60,185,-125
107900221,103,139,-36
107900223,208,112,96
107900224,104,551,-447
107900225,22,334,-312
107900226,12,60,-48
107900227,104,194,-90
107900228,66,84,-18
107900229,1,88,-87
107900230,29,15,14
107900231,50,71,-21
107900232,202,77,125
107900233,24,29,-5
107900234,172,137,35
107900235,10,86,-76
107900236,435,44,391
107900237,17,232,-215
107900238,51,29,22
107900239,256,719,-463
107900240,78,52,26
107900241,11,23,-12
107900242,34,58,-24
107900243,6,24,-18
107900244,535,23,512
107900245,1112,35,1077
107900246,420,21,399
107900248,490,122,368
107900249,1396,93,1303
107900250,3,222,-219
107900251,35,668,-633
107900252,1217,61,1156
107900253,367,15,352
107900254,94,181,-87
107900255,161,89,72
107900256,411,1740,-1329
107900257,389,174,215
107900258,151,71,80
107900259,47,3911,-3864
107900261,4,114,-110
107900262,67,45,22
107900264,460,35,425
107900265,193,160,33
107900267,558,18,540
107900268,12,2,10
107900269,0,3,-3
107900270,6,1,5
107900271,5,49,-44
107900272,24,62,-38
107900273,63,59,4
107900274,247,0,247
107900275,58,0,58
107900276,1,50,-49
107900277,0,81,-81
107900278,679,153,526
107900279,42,82,-40
107900280,2951,1446,1505
107900281,657,7045,-6388
107900282,40,1104,-1064
107900283,812,1097,-285
107900284,911,217,694
107900285,191,29,162
107900286,47,33,14
107900287,508,150,358
107900290,4,439,-435
107900291,700,44,656
107900292,132,64,68
107900293,137,128,9
107900295,48,12,36
107900297,4,253,-249
107900298,608,266,342
107900299,1625,3405,-1780
107900300,188,461,-273
107900301,1111,1026,85
107900302,162,44,118
107900303,328,203,125
107900304,712,94,618
107900305,467,19,448
107900306,3,58,-55
107900307,35,198,-163
107900308,230,248,-18
107900309,72,0,72
107900310,105,0,105
107900311,8,769,-761
107900312,28,0,28
107900313,3,265,-262
107900314,0,110,-110
107900315,3,79,-76
107900316,53,2,51
107900317,132,12,120
107900318,7,238,-231
107900319,14,61,-47
107900320,2,72,-70
107900321,215,8,207
107900322,0,27,-27
107900323,11,56,-45
107900324,166,1,165
107900325,134,0,134
107900326,602,72,530
107900327,1,197,-196
107900328,41,1,40
107900329,110,178,-68
107900330,10,102,-92
107900331,656,22,634
107900332,605,5,600
107900333,80,33,47
107900334,3,41,-38
107900335,29,33,-4
107900336,22,69,-47
107900337,454,1301,-847
107900338,3,64,-61
107900339,3,6,-3
107900340,0,72,-72
107900341,69,4,65
107900342,181,67,114
107900343,52,2,50
107900344,3,18,-15
107900345,100,29,71
107900346,27,0,27
107900347,11,5,6
107900348,10,9,1
107900349,24,9,15
107900350,7,129,-122
107900351,1,62,-61
107900352,3,13,-10
107900353,14,12,2
107900354,7,16,-9
108000001,5066,4285,781
108000002,1828,1513,315
108000003,3179,4339,-1160
108000004,10136,10245,-109
108000005,8488,6329,2159
108000006,4078,4451,-373
108000007,6222,5551,671
108000008,3326,3893,-567
108000009,6129,6345,-216
108000010,3125,3272,-147
108000011,14450,12816,1634
108000012,9370,9308,62
108000014,592,1448,-856
108000015,1205,245,960
108000016,397,617,-220
108000017,1529,431,1098
108000018,2450,754,1696
108000019,1189,985,204
108000020,1344,496,848
108000021,394,1232,-838
108000022,401,810,-409
108000023,2033,334,1699
108000024,392,257,135
108000025,460,161,299
108000026,1025,249,776
108000027,1102,179,923
108000028,838,187,651
108000029,854,279,575
108000030,676,172,504
108000031,230,359,-129
108000032,2852,625,2227
108000033,762,556,206
108000034,2342,667,1675
108000035,654,1223,-569
108000036,447,646,-199
108000037,2643,428,2215
108000038,4483,568,3915
108000039,499,1219,-720
108000040,2840,1137,1703
108000041,540,1698,-1158
108000042,566,135,431
108000043,281,151,130
108000044,1187,107,1080
108000045,380,141,239
108000046,2282,439,1843
108000047,367,490,-123
108000048,122,171,-49
108000049,1237,245,992
108000050,63,239,-176
108000051,493,301,192
108000052,163,362,-199
108000053,582,378,204
108000054,375,934,-559
108000055,1368,995,373
108000056,513,1296,-783
108000057,756,1798,-1042
108000058,2151,5405,-3254
108000059,1868,1272,596
108000060,289,666,-377
108000061,134,185,-51
108000062,1377,724,653
108000063,500,283,217
108000064,409,188,221
108000065,647,301,346
108000066,1525,852,673
108000067,2619,903,1716
108000068,1231,465,766
108000069,158,595,-437
108000070,2990,770,2220
108000071,557,1091,-534
108000072,2107,873,1234
108000073,838,946,-108
108000074,840,504,336
108000075,430,373,57
108000076,1270,583,687
108000077,533,411,122
108000078,3020,1138,1882
108000079,672,761,-89
108000080,2210,571,1639
108000081,740,844,-104
108000082,533,1263,-730
108000083,2469,1100,1369
108000084,451,731,-280
108000085,1548,785,763
108000086,466,460,6
108000087,239,3084,-2845
108000088,294,12,282
108000089,556,382,174
108000090,628,254,374
108000091,332,408,-76
108000092,278,86,192
108000093,346,341,5
108000094,1044,99,945
108000095,299,239,60
108000096,619,160,459
108000097,241,280,-39
108000098,2871,1050,1821
108000099,343,76,267
108000100,95,288,-193
108000101,1841,1954,-113
108000102,1750,4253,-2503
108000106,1100,4,1096
108000107,1,710,-709
108000108,801,93,708
108000109,4,633,-629
108000110,470,267,203
108000111,266,579,-313
108000112,74,170,-96
108000113,368,165,203
108000115,317,324,-7
108000117,518,518,0
108000118,64,408,-344
108000119,544,206,338
108000120,237,1153,-916
108000121,229,298,-69
108000122,883,461,422
108000123,1006,170,836
108000124,425,448,-23
108000125,1021,208,813
108000126,270,262,8
108000127,901,259,642
108000128,1001,269,732
108000129,466,378,88
108000130,685,231,454
108000131,824,476,348
108000132,739,908,-169
108000133,1628,552,1076
108000134,618,349,269
108000135,1621,733,888
108000136,311,446,-135
108000137,717,143,574
108000138,639,504,135
108000139,740,292,448
108000140,517,28,489
108000141,57,48,9
108000142,66,50,16
108000143,50,20,30
108000144,156,15,141
108000145,79,7,72
108000146,207,1,206
108000147,41,9,32
108000148,127,13,114
108000149,33,7,26
108000150,62,18,44
108000151,2,9,-7
108000152,195,208,-13
108000153,1162,142,1020
108000154,53,4,49
108000155,73,23,50
108000156,230,201,29
108000157,242,2285,-2043
108000158,144,1204,-1060
108000159,280,367,-87
108000160,1381,1347,34
108000161,1550,5098,-3548
108000165,4,433,-429
108000172,2,386,-384
108000173,564,2681,-2117
108000175,589,106,483
108000178,450,417,33
108000179,183,1189,-1006
108000181,134,18,116
108000182,83,10,73
108000183,5,3,2
108000184,702,3914,-3212
108000185,368,192,176
108000186,341,48,293
108000187,118,173,-55
108000188,1086,111,975
108000189,384,2211,-1827
108000190,43,82,-39
108000192,392,166,226
108000193,528,17,511
108000194,31,14,17
108000195,1,603,-602
108000196,232,244,-12
108000198,772,63,709
108000199,1,358,-357
108000200,738,186,552
108000202,0,215,-215
108000203,226,202,24
108000204,189,98,91
108000205,122,173,-51
108000339,881,379,502
108000364,105,224,-119
108000365,107,285,-178
108000367,257,183,74
108000368,6,39,-33
108000369,347,123,224
108000371,1,492,-491
108000372,805,3,802
108000373,248,63,185
108000376,167,28,139
108000377,776,94,682
108000378,9996,15466,-5470
108000379,48,139,-91
108000381,180,9,171
108000382,88,1,87
108000383,0,230,-230
108900001,19,296,-277
108900002,201,136,65
108900003,171,505,-334
108900004,72,526,-454
108900005,97,672,-575
108900006,1174,186,988
108900007,429,127,302
108900008,205,75,130
108900009,187,119,68
108900010,522,125,397
108900011,1232,286,946
108900012,576,284,292
108900013,211,224,-13
108900014,28,115,-87
108900015,1,87,-86
108900016,3,177,-174
108900017,221,519,-298
108900018,226,369,-143
108900019,34,220,-186
108900020,59,139,-80
108900021,164,164,0
108900022,158,30,128
108900023,12,55,-43
108900024,87,35,52
108900025,336,43,293
108900026,25,53,-28
108900027,1,27,-26
108900028,107,99,8
108900029,138,176,-38
108900030,0,25,-25
108900031,233,146,87
108900032,2,108,-106
108900033,0,32,-32
108900034,0,33,-33
108900035,295,304,-9
108900036,92,229,-137
108900037,53,114,-61
108900038,2,60,-58
108900039,0,52,-52
108900040,26,46,-20
108900041,3311,3916,-605
108900042,6,414,-408
108900043,52,244,-192
108900044,1,117,-116
108900045,165,139,26
108900046,15,212,-197
108900047,0,352,-352
108900048,96,295,-199
108900049,1117,3072,-1955
108900050,4,83,-79
108900051,1,78,-77
108900052,32,95,-63
108900053,84,542,-458
108900054,57,105,-48
108900055,23,496,-473
108900056,0,60,-60
108900057,3,46,-43
108900058,62,134,-72
108900059,1165,60,1105
108900060,120,325,-205
108900061,85,25,60
108900062,8,129,-121
108900063,11,91,-80
108900064,471,20,451
108900065,12,91,-79
108900066,604,176,428
108900067,3,153,-150
108900068,14,38,-24
108900069,124,25,99
108900070,37,45,-8
108900071,223,69,154
108900072,1233,456,777
108900073,54,82,-28
108900074,521,57,464
108900075,10,23,-13
108900076,811,69,742
108900077,85,174,-89
108900078,102,32,70
108900079,330,148,182
108900080,11,1330,-1319
108900081,57,208,-151
108900082,162,30,132
108900083,19,379,-360
108900084,231,129,102
108900085,1073,131,942
108900086,313,91,222
108900087,95,145,-50
108900088,1030,447,583
108900089,34,270,-236
108900090,133,63,70
108900091,120,39,81
108900092,837,349,488
108900093,149,164,-15
108900094,405,142,263
108900095,32,192,-160
108900096,263,6,257
108900097,401,91,310
108900098,1043,1318,-275
108900099,701,63,638
108900100,94,119,-25
108900101,278,394,-116
108900102,33,1634,-1601
108900103,176,199,-23
108900104,75,345,-270
108900105,8,2579,-2571
108900106,615,126,489
108900108,458,45,413
108900109,817,91,726
108900110,310,172,138
108900111,629,204,425
108900112,438,41,397
108900113,46,133,-87
108900114,156,29,127
108900115,230,145,85
108900116,154,21,133
108900117,295,27,268
108900118,1061,41,1020
108900119,492,41,451
108900120,383,263,120
108900121,396,151,245
108900122,373,27,346
108900123,268,154,114
108900124,1276,369,907
108900125,897,14,883
108900126,282,84,198
108900127,401,38,363
108900128,322,51,271
108900129,1570,242,1328
108900130,770,8,762
108900131,610,16,594
108900132,823,63,760
108900133,491,87,404
108900134,1231,139,1092
108900135,457,16,441
108900136,35,4,31
108900137,329,7,322
108900138,1460,90,1370
108900139,836,59,777
108900140,758,68,690
108900141,725,19,706
108900142,162,9,153
108900143,194,4,190
108900144,167,1,166
108900145,496,37,459
108900146,171,0,171
108900147,541,1,540
108900148,66,37,29
108900149,400,297,103
108900150,420,9,411
108900151,93,4,89
108900152,214,41,173
108900153,296,70,226
108900154,6408,447,5961
108900155,443,73,370
108900156,144,15,129
108900157,37,193,-156
108900158,638,43,595
108900159,1,75,-74
108900160,34,144,-110
108900161,4,186,-182
108900162,330,0,330
108900163,12,487,-475
108900164,87,23,64
108900165,92,55,37
108900167,929,14372,-13443
108900168,3558,2954,604
108900169,97,142,-45
108900171,2524,4507,-1983
108900172,235,62,173
108900173,51,375,-324
108900174,1423,432,991
108900176,156,309,-153
108900177,2867,10704,-7837
108900178,2456,5379,-2923
108900179,405,2602,-2197
108900180,106,478,-372
108900182,56,564,-508
108900183,108,150,-42
108900184,642,262,380
108900185,136,452,-316
108900186,106,333,-227
108900187,805,47,758
108900188,1066,51,1015
108900189,556,109,447
108900190,132,1587,-1455
108900191,238,54,184
108900192,127,140,-13
108900193,47,57,-10
108900194,5,274,-269
108900195,104,54,50
108900196,73,188,-115
108900198,9,199,-190
108900199,165,198,-33
108900200,876,340,536
108900201,432,876,-444
108900203,658,232,426
108900204,482,15,467
108900205,396,48,348
108900206,611,94,517
108900207,289,330,-41
108900208,22,270,-248
108900209,202,412,-210
108900210,108,154,-46
108900211,225,799,-574
108900212,170,2163,-1993
108900215,112,311,-199
108900216,235,408,-173
108900217,116,0,116
108900218,83,34,49
108900219,138,8,130
108900220,69,23,46
108900221,28,78,-50
108900222,387,29,358
108900223,5,78,-73
108900224,17,149,-132
108900225,1,120,-119
108900226,504,40,464
108900227,193,585,-392
108900230,79,198,-119
108900231,11,124,-113
108900232,1,97,-96
108900233,623,155,468
108900234,436,190,246
108900235,136,290,-154
108900236,24,228,-204
108900237,43,105,-62
108900240,134,123,11
108900241,77,93,-16
108900245,6,2078,-2072
108900249,114,22,92
108900250,424,175,249
108900257,277,159,118
108900258,2,99,-97
108900259,31,14,17
108900260,4,21,-17
108900261,59,44,15
108900262,58,119,-61
108900263,45,132,-87
108900264,146,299,-153
108900265,874,731,143
108900266,215,1639,-1424
108900267,0,370,-370
108900268,8,18,-10
108900269,197,20,177
108900270,201,27,174
108900271,99,45,54
108900272,468,53,415
108900273,210,1333,-1123
108900274,128,25,103
109000001,3497,2962,535
109000002,908,2214,-1306
109000003,4226,504,3722
109000004,595,1821,-1226
109000005,2635,692,1943
109000006,768,1681,-913
109000007,2494,752,1742
109000008,843,1604,-761
109000009,4257,1367,2890
109000010,846,2720,-1874
109000011,5712,3046,2666
109000012,1819,2679,-860
109000013,5454,5023,431
109000014,1900,2571,-671
109000015,4383,11989,-7606
109000016,5010,2385,2625
109000017,3966,1412,2554
109000018,1287,1862,-575
109000019,3345,1600,1745
109000020,1050,1665,-615
109000023,286,18,268
109000024,4,163,-159
109000025,375,670,-295
109000026,593,362,231
109000027,160,506,-346
109000028,143,51,92
109000029,159,460,-301
109000030,37,332,-295
109000031,249,194,55
109000032,135,354,-219
109000033,527,315,212
109000034,45,72,-27
109000035,7,76,-69
109000036,36,360,-324
109000037,563,3422,-2859
109000038,334,333,1
109000039,1383,1307,76
109000040,3717,17355,-13638
109000041,1667,2856,-1189
109000042,577,1555,-978
109000044,392,85,307
109000045,86,446,-360
109000046,739,108,631
109000047,63,410,-347
109000048,674,392,282
109000049,275,432,-157
109000050,385,279,106
109000051,238,117,121
109000052,683,462,221
109000053,443,118,325
109000054,194,350,-156
109000055,341,359,-18
109000056,461,294,167
109000057,1152,534,618
109000058,466,138,328
109000059,245,1466,-1221
109000060,224,433,-209
109000061,431,2253,-1822
109000062,192,562,-370
109000063,270,104,166
109000064,589,180,409
109000065,260,127,133
109000066,631,63,568
109000067,107,178,-71
109000068,975,9,966
109000069,708,35,673
109000070,135,1300,-1165
109000071,552,94,458
109000072,165,294,-129
109000073,72,133,-61
109000074,39,171,-132
109000075,141,322,-181
109000076,159,406,-247
109000077,286,136,150
109000078,148,140,8
109000079,163,87,76
109000080,462,77,385
109000081,194,274,-80
109000082,1316,179,1137
109000083,337,393,-56
109000088,264,234,30
109000089,481,90,391
109000090,164,305,-141
109000091,563,208,355
109000092,289,341,-52
109000093,421,306,115
109000094,1153,3,1150
109000095,165,278,-113
109000096,1225,270,955
109000097,97,120,-23
109000098,49,128,-79
109000099,975,216,759
109000100,415,565,-150
109000101,2209,620,1589
109000102,698,487,211
109000103,830,447,383
109000104,3101,515,2586
109000105,612,727,-115
109000106,2548,709,1839
109000107,626,1160,-534
109000108,2910,777,2133
109000109,552,933,-381
109000110,1740,661,1079
109000111,733,1803,-1070
109000112,401,112,289
109000113,410,186,224
109000114,189,316,-127
109000115,1253,49,1204
109000116,7,240,-233
109000117,409,30,379
109000118,25,197,-172
109000119,2307,85,2222
109000120,366,452,-86
109000121,849,20,829
109000122,232,296,-64
109000123,53,53,0
109000124,1209,251,958
109000125,1149,250,899
109000126,579,362,217
109000127,1669,195,1474
109000128,665,703,-38
109000129,3818,980,2838
109000130,392,707,-315
109000131,1190,900,290
109000132,495,1153,-658
109000133,387,573,-186
109000134,732,903,-171
109000135,651,1148,-497
109000136,342,218,124
109000137,341,368,-27
109000138,770,207,563
109000139,786,283,503
109000140,269,170,99
109000141,913,379,534
109000142,212,578,-366
109000143,147,60,87
109000145,148,429,-281
109000146,34,89,-55
109000148,1802,2467,-665
109000149,13,112,-99
109000150,49,578,-529
109000155,1348,930,418
109000156,987,441,546
109000158,94,292,-198
109000159,109,447,-338
109000160,1893,302,1591
109000161,726,784,-58
109000162,2943,490,2453
109000163,1698,1249,449
109000164,1793,1686,107
109000165,1913,410,1503
109000166,1500,106,1394
109000167,209,411,-202
109000170,31,50,-19
109000171,164,37,127
109000172,24,32,-8
109000173,21,123,-102
109000174,247,21,226
109000175,69,72,-3
109000176,678,256,422
109000177,30,82,-52
109000178,1147,662,485
109000179,2721,7259,-4538
109000180,3836,4033,-197
109000181,37,28,9
109000182,125,14,111
109000183,97,10,87
109000184,50,19,31
109000185,61,21,40
109000188,584,1013,-429
109000189,3354,772,2582
109000190,871,450,421
109000191,518,388,130
109000192,687,86,601
109000193,392,105,287
109000194,416,35,381
109000195,216,105,111
109000196,431,81,350
109000197,173,247,-74
109000198,419,47,372
109000199,221,275,-54
109000206,222,45,177
109000207,274,59,215
109000208,194,226,-32
109000209,174,110,64
109000210,126,458,-332
109000211,1309,440,869
109000214,515,177,338
109000215,192,92,100
109000216,368,423,-55
109000217,154,131,23
109000218,389,282,107
109000221,190,675,-485
109000222,1005,246,759
109000223,599,442,157
109000224,83,48,35
109000225,191,9,182
109000226,80,135,-55
109000227,2039,880,1159
109000228,4,1635,-1631
109000231,5,114,-109
109000232,803,173,630
109000236,416,384,32
109000241,2243,1174,1069
109000242,1575,700,875
109000293,28,89,-61
109000361,93,124,-31
109000364,107,334,-227
109000396,5,276,-271
109000397,1037,17,1020
109000399,167,315,-148
109000400,160,178,-18
109000403,39,1331,-1292
109000406,489,5,484
109000407,356,142,214
109000408,1,223,-222
109000410,1123,228,895
109000411,393,24,369
109900001,211,2,209
109900002,1074,12,1062
109900003,613,2,611
109900004,411,99,312
109900005,68,9,59
109900006,653,219,434
109900007,1705,150,1555
109900008,0,14,-14
109900009,172,245,-73
109900010,919,8,911
109900011,79,76,3
109900012,405,286,119
109900013,439,305,134
109900014,595,55,540
109900015,272,179,93
109900016,240,10,230
109900017,334,315,19
109900018,276,28,248
109900019,356,50,306
109900020,82,25,57
109900021,65,18,47
109900022,137,230,-93
109900023,39,9,30
109900024,34,2,32
109900025,20,25,-5
109900026,2,146,-144
109900027,59,38,21
109900028,393,2309,-1916
109900029,3,184,-181
109900030,106,22,84
109900031,0,290,-290
109900032,15,219,-204
109900033,5,312,-307
109900034,68,1,67
109900035,47,28,19
109900036,30,31,-1
109900037,25,407,-382
109900038,135,220,-85
109900039,15,0,15
109900040,49,287,-238
109900041,64,149,-85
109900042,27,610,-583
109900044,142,160,-18
109900045,100,37,63
109900046,58,48,10
109900047,188,204,-16
109900048,1,84,-83
109900049,23,33,-10
109900050,0,68,-68
109900051,0,18,-18
109900052,67,229,-162
109900053,3,84,-81
109900054,1295,245,1050
109900055,78,186,-108
109900056,32,546,-514
109900057,4,55,-51
109900058,0,61,-61
109900059,1579,126,1453
109900060,1001,73,928
109900061,120,133,-13
109900062,0,72,-72
109900063,12,356,-344
109900064,899,197,702
109900065,151,99,52
109900066,273,422,-149
109900067,1,71,-70
109900068,138,11,127
109900069,8,23,-15
109900070,21,173,-152
109900071,14,11,3
109900072,19,118,-99
109900073,646,121,525
109900074,19,11,8
109900075,73,38,35
109900076,8,54,-46
109900077,33,22,11
109900078,81,163,-82
109900080,149,146,3
109900081,21,256,-235
109900082,61,165,-104
109900083,16,41,-25
109900084,67,106,-39
109900085,88,270,-182
109900086,217,895,-678
109900087,146,492,-346
109900089,1035,210,825
109900090,309,594,-285
109900091,616,74,542
109900092,476,32,444
109900093,1596,162,1434
109900094,109,59,50
109900095,55,199,-144
109900096,186,9,177
109900097,202,6,196
109900098,793,52,741
109900099,514,2,512
109900100,110,0,110
109900101,1151,12,1139
109900102,660,43,617
109900103,51,51,0
109900104,1319,151,1168
109900105,930,48,882
109900106,436,44,392
109900107,1001,79,922
109900108,270,227,43
109900109,70,204,-134
109900110,106,173,-67
109900111,121,350,-229
109900112,129,249,-120
109900113,1173,871,302
109900114,877,1490,-613
109900115,226,78,148
109900117,1864,109,1755
109900118,144,249,-105
109900119,267,374,-107
109900120,64,18,46
109900121,291,463,-172
109900122,902,8,894
109900123,29,59,-30
109900124,67,213,-146
109900125,0,128,-128
109900126,574,25,549
109900128,566,33,533
109900130,3097,3592,-495
109900131,24,111,-87
109900132,52,165,-113
109900133,162,204,-42
109900134,95,134,-39
109900135,242,32,210
109900136,38,86,-48
109900137,311,186,125
109900140,305,66,239
109900142,2167,213,1954
109900145,6,694,-688
109900146,238,55,183
109900148,37,81,-44
109900149,22,58,-36
109900150,20,41,-21
109900151,4,30,-26
109900152,2,20,-18
109900153,1,50,-49
109900154,51,0,51
109900155,109,27,82
109900157,120,153,-33
109900158,34,123,-89
109900159,255,86,169
109900160,209,86,123
109900161,388,126,262
109900162,441,169,272
109900163,374,395,-21
109900164,59,231,-172
109900165,490,10,480
109900166,10,106,-96
109900167,217,261,-44
109900168,291,448,-157
109900169,362,120,242
109900170,353,1563,-1210
109900171,369,73,296
109900172,344,481,-137
109900173,1359,3525,-2166
109900174,64,114,-50
109900175,124,129,-5
109900176,224,136,88
109900177,97,98,-1
109900178,3,191,-188
109900179,4,18,-14
109900180,12,11,1
110000001,834,474,360
110000002,598,737,-139
110000003,727,680,47
110000004,388,650,-262
110000005,374,2034,-1660
110000006,249,281,-32
110000007,157,108,49
110000008,26,158,-132
110000009,72,38,34
110000010,51,130,-79
110000011,94,60,34
110000012,701,188,513
110000013,77,913,-836
110000014,504,347,157
110000015,266,669,-403
110000016,247,1837,-1590
110000017,3448,368,3080
110000018,2510,316,2194
110000019,13,112,-99
110000020,737,184,553
110000021,211,350,-139
110000022,1372,201,1171
110000023,6,101,-95
110000024,568,328,240
110000025,558,9,549
110000026,7,201,-194
110000027,704,1375,-671
110000028,1122,572,550
110000029,597,594,3
110000030,542,439,103
110000031,396,263,133
110000032,986,298,688
110000033,306,277,29
110000034,721,456,265
110000035,1081,484,597
110000036,1356,444,912
110000037,333,553,-220
110000038,250,633,-383
110000039,1002,5405,-4403
110000040,272,185,87
110000041,385,2477,-2092
110000042,105,677,-572
110000043,890,439,451
110000044,38,1232,-1194
110000045,160,232,-72
110000046,6,42,-36
110000047,8,157,-149
110000048,2,52,-50
110000049,21,17,4
110000050,3,149,-146
110000051,62,8,54
110000052,47,28,19
110000053,48,65,-17
110000054,135,897,-762
110000055,242,128,114
110000056,114,142,-28
110000057,406,518,-112
110000058,1346,553,793
110000059,1231,524,707
110000060,1396,936,460
110000061,672,677,-5
110000062,674,850,-176
110000063,84,243,-159
110000064,156,45,111
110000065,189,125,64
110000066,154,31,123
110000067,121,157,-36
110000068,438,84,354
110000069,624,45,579
110000071,492,32,460
110000073,65,5,60
110000075,24,78,-54
110000076,392,452,-60
110000077,278,1173,-895
110000078,144,7,137
110000080,279,436,-157
110000081,54,220,-166
110000082,41,381,-340
110000083,262,437,-175
110000084,1878,1285,593
110000085,843,1390,-547
110000086,1152,3090,-1938
110000087,25,61,-36
110000088,187,313,-126
110000089,462,73,389
110000090,74,174,-100
110000091,888,190,698
110000092,58,60,-2
110000093,49,39,10
110000094,641,221,420
110000095,216,912,-696
110000096,1277,2216,-939
110000097,1030,1755,-725
110000098,2309,837,1472
110000099,948,1522,-574
110000100,1994,210,1784
110000101,68,121,-53
110000102,151,40,111
110000104,473,249,224
110000105,56,253,-197
110000106,769,711,58
110000107,199,429,-230
110000108,190,104,86
110000109,205,338,-133
110000110,1971,4332,-2361
110000111,3715,3781,-66
110000112,240,1381,-1141
110000113,73,2796,-2723
110000114,363,836,-473
110000115,510,428,82
110000116,111,84,27
110000117,403,178,225
110000118,882,171,711
110000119,400,207,193
110000120,442,179,263
110000121,102,360,-258
110000122,262,345,-83
110000123,846,628,218
110000124,1,515,-514
110000125,1401,33,1368
110000126,423,42,381
110000127,1770,95,1675
110000128,84,618,-534
110000129,2,268,-266
110000130,379,332,47
110000131,98,231,-133
110000132,8,407,-399
110000133,34,454,-420
110000134,30,341,-311
110000135,255,29,226
110000136,110,211,-101
110000137,998,383,615
110000138,1155,478,677
110000139,1558,527,1031
110000140,1110,968,142
110000143,580,346,234
110000144,2321,2865,-544
110000145,1615,2287,-672
110000146,1458,1715,-257
110000147,528,906,-378
110000148,886,220,666
110000151,639,2159,-1520
110000152,677,664,13
110000153,369,10,359
110000154,120,46,74
110000155,941,3468,-2527
110000156,917,2682,-1765
110000157,1677,3362,-1685
110000160,423,376,47
110000161,284,177,107
110000166,990,84,906
110000167,1490,709,781
110000168,1168,766,402
110000169,1074,399,675
110000170,201,65,136
110000171,830,155,675
110000172,191,532,-341
110000173,577,664,-87
110000174,186,576,-390
110000175,1143,53,1090
110000176,62,617,-555
110000177,295,1460,-1165
110000178,506,2636,-2130
110000179,960,323,637
110000180,356,232,124
110000181,1075,461,614
110000182,388,146,242
110000183,5487,9231,-3744
110000184,342,3366,-3024
110000185,611,804,-193
110000186,685,833,-148
110000191,2131,130,2001
110000192,794,21,773
110000193,1694,24,1670
110000194,5,584,-579
110000195,888,95,793
110000196,686,80,606
110000197,184,48,136
110000198,121,34,87
110000199,61,128,-67
110000200,576,407,169
110000201,1193,1660,-467
110000202,1392,647,745
110000203,396,584,-188
110000204,4,213,-209
110000205,339,58,281
110000206,438,566,-128
110000207,1802,289,1513
110000208,241,357,-116
110000209,67,507,-440
110000210,1799,404,1395
110000211,846,623,223
110000212,647,1438,-791
110000213,481,93,388
110000214,586,79,507
110000215,176,158,18
110000216,104,116,-12
110000217,635,83,552
110000218,203,145,58
110000219,859,40,819
110000220,120,94,26
110000221,768,34,734
110000222,105,212,-107
110000223,6,93,-87
110000224,0,7,-7
110000225,230,743,-513
110000226,394,56,338
110000227,662,932,-270
110000228,336,87,249
110000229,0,78,-78
110000230,604,581,23
110000231,237,235,2
110000232,185,157,28
110000233,190,218,-28
110000234,538,1551,-1013
110000235,928,947,-19
110000236,998,435,563
110000237,2755,1386,1369
110000238,1115,971,144
110000239,2469,991,1478
110000240,0,46,-46
110000242,0,42,-42
110000243,267,44,223
110000244,152,362,-210
110000245,50,341,-291
110000246,1033,308,725
110000247,900,4591,-3691
110000248,1328,1261,67
110000249,80,21,59
110000250,16,155,-139
110000251,556,389,167
110000252,369,131,238
110000253,1810,653,1157
110000254,652,851,-199
110000255,167,602,-435
110000256,477,253,224
110000257,447,439,8
110000258,6,336,-330
110000259,328,17,311
110000260,40,100,-60
110000263,533,100,433
110000264,631,285,346
110000265,1395,2043,-648
110000266,1153,2570,-1417
110000267,33,138,-105
110000268,416,345,71
110000269,10,59,-49
110000270,131,13,118
110000271,1512,314,1198
110000272,1640,1584,56
110000273,1698,1333,365
110000274,295,2879,-2584
110000275,1708,585,1123
110000276,424,732,-308
110000277,397,249,148
110000278,451,672,-221
110000279,943,847,96
110000280,922,666,256
110000281,64,321,-257
110000282,228,29,199
110000283,29,73,-44
110000284,7,22,-15
110000285,4,718,-714
110000286,1,0,1
110000287,166,2,164
110000288,2,64,-62
110000289,685,3501,-2816
110000290,492,551,-59
110000291,4130,931,3199
110000292,1056,6924,-5868
110000293,836,362,474
110000294,1736,1434,302
110000295,225,749,-524
110000296,847,263,584
110000297,2774,278,2496
110000298,123,513,-390
110000299,116,98,18
110000301,429,40,389
110000302,478,629,-151
110000303,623,13,610
110000304,241,163,78
110000305,1833,41,1792
110000306,276,792,-516
110000307,2369,18,2351
110000308,726,4,722
110000309,3,509,-506
110000310,1141,51,1090
110000311,23,542,-519
110000312,590,135,455
110000313,1871,2867,-996
110000314,0,181,-181
110000315,2035,2243,-208
110000316,537,976,-439
110000317,187,991,-804
110000318,2,47,-45
110000319,13,49,-36
110000320,93,61,32
110000321,18,61,-43
110000322,350,387,-37
110000323,712,182,530
110000324,3086,1610,1476
110000325,1414,4307,-2893
110000327,410,383,27
110000328,206,551,-345
110000333,1165,1133,32
110000334,754,1726,-972
110000335,707,556,151
110000336,950,1258,-308
110000337,2288,697,1591
110000338,623,351,272
110000339,458,244,214
110000340,18,198,-180
110000341,617,342,275
110000342,131,2,129
110000343,0,11,-11
110000344,28,150,-122
110000345,100,306,-206
110000346,1277,1570,-293
110000347,1722,815,907
110000348,25,10,15
110000349,6,22,-16
110000350,142,6,136
110000351,1763,596,1167
110000352,1056,1955,-899
110000353,2459,358,2101
110000354,1466,4446,-2980
110000355,183,38,145
110000356,955,10,945
110000357,815,16,799
110000361,84,12,72
110000362,172,27,145
110000363,915,92,823
110000364,356,172,184
110000365,208,6,202
110000366,1,137,-136
110000367,540,89,451
110000368,1,69,-68
110000369,89,4,85
110000373,1,396,-395
110000374,92,39,53
110000375,110,1199,-1089
110000376,37,63,-26
110000377,72,420,-348
110000378,16,503,-487
110000379,2029,2737,-708
110000380,73,5,68
110000383,0,870,-870
110000384,681,274,407
110000385,1,280,-279
110000387,118,3,115
110000388,69,148,-79
110000389,1300,10,1290
110000391,1133,171,962
110000396,350,71,279
110000397,255,56,199
110000398,13,21,-8
110000399,198,2,196
110000587,182,125,57
110000589,209,103,106
110000640,255,32,223
110000652,14,611,-597
110000653,396,270,126
110000654,64,606,-542
110000656,0,170,-170
110000674,53,35,18
110000675,24,68,-44
110000676,1,63,-62
110000679,118,1134,-1016
110000682,103,236,-133
110000683,302,429,-127
110000684,0,86,-86
110000685,15,18,-3
110000686,8,91,-83
110000687,20,5,15
110000688,66,1609,-1543
110000689,44,13,31
110000692,19,264,-245
110000693,46,425,-379
110000694,2,205,-203
110000695,147,794,-647
110000696,49,70,-21
110900001,345,18,327
110900002,391,511,-120
110900003,1469,243,1226
110900004,818,75,743
110900005,1333,4978,-3645
110900006,99,46,53
110900007,241,86,155
110900008,7,21,-14
110900009,526,301,225
110900010,3,43,-40
110900011,48,89,-41
110900012,20,31,-11
110900013,1457,108,1349
110900014,314,24,290
110900015,294,948,-654
110900016,118,56,62
110900017,811,46,765
110900018,436,45,391
110900019,473,14,459
110900020,273,96,177
110900021,189,283,-94
110900022,133,111,22
110900023,95,392,-297
110900024,30,182,-152
110900025,6,48,-42
110900027,70,146,-76
110900028,50,78,-28
110900029,8,118,-110
110900030,69,91,-22
110900031,3,115,-112
110900032,1,39,-38
110900033,28,195,-167
110900035,17,653,-636
110900036,141,11,130
110900037,155,30,125
110900038,593,191,402
110900039,17,326,-309
110900040,365,19,346
110900041,29,60,-31
110900042,158,64,94
110900043,4,46,-42
110900044,239,20,219
110900045,102,186,-84
110900046,32,134,-102
110900047,268,554,-286
110900049,177,138,39
110900050,62,11,51
110900051,32,136,-104
110900052,12,101,-89
110900053,154,46,108
110900054,25,126,-101
110900055,25,5,20
110900056,36,134,-98
110900057,23,63,-40
110900058,501,175,326
110900059,534,164,370
110900060,469,208,261
110900061,4,43,-39
110900062,292,121,171
110900063,51,49,2
110900064,14,0,14
110900065,136,142,-6
110900066,4,38,-34
110900067,241,767,-526
110900068,368,178,190
110900069,4,6,-2
110900070,159,50,109
110900071,206,1108,-902
110900073,0,39,-39
110900074,689,106,583
110900075,565,76,489
110900077,1526,490,1036
110900078,145,19,126
110900079,1003,1830,-827
110900080,268,61,207
110900081,13,14,-1
110900082,237,49,188
110900083,170,50,120
110900084,115,25,90
110900085,91,172,-81
110900086,116,445,-329
110900087,588,109,479
110900088,10,0,10
110900090,68,95,-27
110900091,1,30,-29
110900093,306,109,197
110900095,107,82,25
110900097,14,14,0
110900098,44,77,-33
110900099,98,289,-191
110900100,1,7,-6
110900102,121,15,106
110900105,1628,149,1479
110900108,5,22,-17
110900111,418,53,365
110900112,1035,10,1025
110900113,352,59,293
110900115,3,71,-68
110900116,1625,696,929
110900118,101,4335,-4234
110900119,1525,161,1364
110900120,75,45,30
110900121,124,0,124
110900122,917,249,668
110900125,715,705,10
110900127,431,1824,-1393
110900128,154,376,-222
110900129,247,1320,-1073
110900130,394,725,-331
110900131,430,79,351
110900132,572,156,416
110900133,39,149,-110
110900135,94,278,-184
110900136,514,25,489
110900137,33,0,33
110900138,434,1253,-819
110900139,5,416,-411
110900140,13,6,7
110900141,2,270,-268
110900142,105,115,-10
110900143,274,72,202
110900144,0,188,-188
110900145,194,114,80
110900146,162,430,-268
110900147,109,363,-254
110900148,0,206,-206
110900149,8,60,-52
110900150,67,17,50
110900151,4,123,-119
110900152,52,72,-20
110900153,297,69,228
111000001,956,428,528
111000002,752,354,398
111000003,2297,1107,1190
111000004,616,628,-12
111000005,1310,1975,-665
111000006,871,2163,-1292
111000007,5169,4756,413
111000008,2623,3181,-558
111000009,280,640,-360
111000010,1484,378,1106
111000011,210,882,-672
111000012,417,474,-57
111000013,480,1022,-542
111000014,1997,540,1457
111000017,48,743,-695
111000018,98,331,-233
111000020,504,1318,-814
111000021,124,106,18
111000023,187,80,107
111000025,3580,4442,-862
111000029,91,95,-4
111000030,52,95,-43
111000031,1928,958,970
111000032,632,445,187
111000033,294,218,76
111000034,63,269,-206
111000037,1211,428,783
111000038,2162,1951,211
111000039,1873,2160,-287
111000040,1828,1550,278
111000041,490,594,-104
111000042,1990,2181,-191
111000043,2600,6134,-3534
111000044,1915,1205,710
111000045,3780,3412,368
111000046,2971,2391,580
111000047,3920,7432,-3512
111000049,433,402,31
111000050,1101,698,403
111000051,671,756,-85
111000052,594,1229,-635
111000053,296,646,-350
111000054,335,652,-317
111000055,1560,1353,207
111000056,216,300,-84
111000057,153,489,-336
111000058,1042,68,974
111000059,936,253,683
111000060,5508,960,4548
111000061,1001,325,676
111000062,1453,489,964
111000063,1851,1208,643
111000064,1389,585,804
111000065,1635,910,725
111000066,918,449,469
111000067,1319,491,828
111000068,700,684,16
111000069,1694,1496,198
111000070,849,524,325
111000071,253,373,-120
111000072,1805,823,982
111000073,439,1438,-999
111000074,1870,1742,128
111000075,772,654,118
111000076,976,564,412
111000077,1497,1239,258
111000078,2117,1043,1074
111000079,1026,682,344
111000080,697,526,171
111000081,1608,5375,-3767
111000082,1102,564,538
111000084,1335,510,825
111000085,1083,912,171
111000086,1951,809,1142
111000087,836,395,441
111000088,4689,3955,734
111000089,947,655,292
111000090,618,1081,-463
111000091,895,333,562
111000092,2431,803,1628
111000093,1077,1305,-228
111000094,2326,1544,782
111000095,992,3378,-2386
111000096,1052,9052,-8000
111000097,2886,1164,1722
111000098,409,859,-450
111000099,580,1099,-519
111000100,530,713,-183
111000101,482,696,-214
111000102,345,639,-294
111000104,1164,243,921
111000107,202,779,-577
111000109,1215,331,884
111000110,2041,670,1371
111000111,4491,433,4058
111000112,3223,495,2728
111000113,1044,2669,-1625
111000114,1613,5872,-4259
111000115,3309,1058,2251
111000116,950,864,86
111000117,343,838,-495
111000118,1006,714,292
111000119,1846,635,1211
111000120,698,717,-19
111000121,415,738,-323
111000122,815,815,0
111000123,1301,1435,-134
111000124,527,1448,-921
111000125,483,753,-270
111000126,186,468,-282
111000127,1823,127,1696
111000128,3818,326,3492
111000129,4317,581,3736
111000130,3754,491,3263
111000131,3658,514,3144
111000132,3216,1726,1490
111000133,425,102,323
111000134,296,129,167
111000135,69,172,-103
111000136,515,369,146
111000138,30,2,28
111000140,2,1,1
111000141,254,264,-10
111000142,4,232,-228
111000143,0,405,-405
111000144,44,1488,-1444
111000145,136,15,121
111000146,122,29,93
111000147,135,40,95
111000148,158,93,65
111000149,16,13,3
111000150,44,20,24
111000151,3,6,-3
111000153,566,528,38
111000154,396,215,181
111000155,197,176,21
111000156,855,470,385
111000157,254,915,-661
111000158,1059,1114,-55
111000159,4281,1155,3126
111000160,657,415,242
111000161,12,647,-635
111000162,9,125,-116
111000163,1093,687,406
111000164,436,2847,-2411
111000165,624,233,391
111000166,484,150,334
111000167,161,254,-93
111000168,297,347,-50
111000169,399,335,64
111000170,359,236,123
111000171,535,480,55
111000172,224,268,-44
111000173,344,551,-207
111000174,354,175,179
111000175,60,295,-235
111000176,529,54,475
111000177,960,139,821
111000178,2649,231,2418
111000179,402,114,288
111000180,326,401,-75
111000181,2712,189,2523
111000182,372,163,209
111000183,344,391,-47
111000184,438,211,227
111000185,534,338,196
111000186,324,303,21
111000187,266,123,143
111000188,583,304,279
111000189,390,335,55
111000190,172,220,-48
111000191,274,141,133
111000192,189,204,-15
111000193,379,126,253
111000194,80,243,-163
111000195,153,244,-91
111000196,111,62,49
111000197,910,145,765
111000198,920,102,818
111000199,421,143,278
111000200,962,307,655
111000201,1094,166,928
111000202,638,179,459
111000203,581,440,141
111000204,451,2367,-1916
111000213,287,602,-315
111000214,1461,862,599
111000215,1510,878,632
111000217,2362,883,1479
111000218,2015,1179,836
111000219,324,140,184
111000220,842,803,39
111000221,344,203,141
111000224,24,191,-167
111000225,458,345,113
111000226,71,3,68
111000227,17,5,12
111000228,11,791,-780
111000229,25,1604,-1579
111000230,175,159,16
111000231,1377,247,1130
111000232,1242,515,727
111000233,1764,512,1252
111000234,236,744,-508
111000239,78,45,33
111000240,72,384,-312
111000241,74,139,-65
111000242,417,71,346
111000243,186,232,-46
111000244,926,72,854
111000245,1266,182,1084
111000246,799,161,638
111000247,770,295,475
111000248,948,332,616
111000249,606,196,410
111000250,89,40,49
111000251,75,70,5
111000253,11,16,-5
111000255,64,6,58
111000257,105,15,90
111000260,72,560,-488
111000261,2095,104,1991
111000271,20,273,-253
111000273,3102,1052,2050
111000274,1976,3378,-1402
111000275,210,48,162
111000276,299,966,-667
111000277,326,220,106
111000278,505,171,334
111000291,1238,13527,-12289
111000298,610,174,436
111000299,916,176,740
111000300,73,509,-436
111000302,456,69,387
111000303,145,112,33
111000312,57,52,5
111000315,3,64,-61
111000320,152,311,-159
111000321,607,205,402
111000322,490,152,338
111000323,513,45,468
111000324,512,209,303
111000325,82,70,12
111000326,294,167,127
111000327,420,286,134
111000328,420,675,-255
111000329,18,23,-5
111000330,112,6,106
111000331,26,10,16
111000332,632,1119,-487
111000334,234,733,-499
111000335,1826,260,1566
111000337,2401,213,2188
111000338,133,121,12
111000339,1211,104,1107
111000340,152,255,-103
111000341,2099,954,1145
111000342,50,643,-593
111000344,1602,688,914
111000345,108,53,55
111000346,15,263,-248
111000347,232,14,218
111000350,311,111,200
111000351,148,309,-161
111000352,217,184,33
111000353,175,202,-27
111000354,638,485,153
111000355,377,904,-527
111000358,197,533,-336
111000360,294,155,139
111000361,179,76,103
111000546,1049,304,745
111000547,618,254,364
111000548,276,318,-42
111000549,380,215,165
111000550,39,1144,-1105
111000551,433,207,226
111000552,476,143,333
111000907,999,12,987
111000908,91,1,90
111000916,2789,204,2585
111000917,54,305,-251
111000918,349,359,-10
111000920,872,14,858
111000921,5,76,-71
111000922,842,153,689
111000924,59,239,-180
111000925,5186,2518,2668
111000926,1146,1104,42
111000927,3214,5736,-2522
111000928,3049,1720,1329
111000929,2383,1461,922
111000930,1120,1468,-348
111000931,2246,2746,-500
111000932,2267,1191,1076
111000933,3725,3684,41
111000934,1368,1754,-386
111000935,3224,1153,2071
111000936,1420,1200,220
111000937,1773,1698,75
111000938,1180,716,464
111000939,827,31,796
111000940,867,35,832
111000941,404,276,128
111000943,994,335,659
111000944,186,137,49
111000945,146,672,-526
111001109,718,1033,-315
111001110,226,386,-160
111001111,225,8,217
111001112,67,3,64
111001113,1,214,-213
111001114,590,356,234
111001115,28,1987,-1959
111001116,2250,6303,-4053
111001117,312,3359,-3047
111001120,148,211,-63
111001121,216,168,48
111001122,252,160,92
111001123,479,110,369
111001124,154,73,81
111001125,6,320,-314
111900001,50,31,19
111900002,91,165,-74
111900003,11,130,-119
111900004,32,43,-11
111900006,33,131,-98
111900007,365,25,340
111900008,596,10,586
111900009,454,31,423
111900010,99,307,-208
111900012,40,74,-34
111900013,57,11,46
111900014,2141,7898,-5757
111900015,0,30,-30
111900016,0,22,-22
111900017,0,27,-27
111900018,348,5,343
111900019,3,143,-140
111900020,3,28,-25
111900021,23,66,-43
111900022,18,19,-1
111900023,32,25,7
111900024,39,48,-9
111900025,1,19,-18
111900026,0,20,-20
111900027,3,41,-38
111900028,0,103,-103
111900029,18,51,-33
111900030,30,280,-250
111900031,186,109,77
111900032,0,85,-85
111900033,7,54,-47
111900034,92,345,-253
111900035,72,392,-320
111900036,1,79,-78
111900038,109,369,-260
111900039,44,172,-128
111900040,1,167,-166
111900042,24,81,-57
111900043,1,140,-139
111900044,57,196,-139
111900046,21,55,-34
111900048,664,228,436
111900049,19,137,-118
111900050,157,29,128
111900051,1,111,-110
111900052,128,221,-93
111900053,438,3137,-2699
111900054,322,14,308
111900055,12,177,-165
111900056,102,447,-345
111900057,180,9,171
111900058,987,227,760
111900059,1504,1095,409
111900060,427,4,423
111900061,4,71,-67
111900062,49,114,-65
111900063,295,186,109
111900064,48,107,-59
111900065,177,18,159
111900066,236,176,60
111900067,0,191,-191
111900068,81,101,-20
111900069,80,29,51
111900070,436,56,380
111900071,0,107,-107
111900072,116,73,43
111900073,1760,361,1399
111900074,11,152,-141
111900075,144,29,115
111900076,565,143,422
111900077,79,12,67
111900078,516,79,437
111900079,95,61,34
111900080,130,293,-163
111900082,310,72,238
111900083,364,60,304
111900084,306,19,287
111900085,45,148,-103
111900086,119,18,101
111900087,176,0,176
111900088,1108,49,1059
111900089,251,8,243
111900090,76,132,-56
111900091,808,14,794
111900092,261,2,259
111900093,774,20,754
111900094,206,6,200
111900095,637,63,574
111900096,532,9,523
111900097,147,1,146
111900098,574,6,568
111900099,161,0,161
111900100,208,10,198
111900101,148,54,94
111900102,1034,451,583
111900103,75,153,-78
111900104,146,113,33
111900105,338,227,111
111900106,292,23,269
111900110,1685,240,1445
111900111,340,28,312
111900112,404,6072,-5668
111900113,253,123,130
111900118,630,133,497
111900119,406,205,201
111900122,102,124,-22
111900123,24,45,-21
111900124,25,22,3
111900125,860,95,765
111900126,593,11,582
111900127,0,193,-193
111900128,5,175,-170
111900129,453,8,445
111900130,317,81,236
111900131,985,5,980
111900132,31,352,-321
111900133,2,152,-150
111900134,4,131,-127
111900135,20,45,-25
111900136,102,217,-115
111900137,17,34,-17
111900138,17,56,-39
111900139,37,42,-5
111900140,215,28,187
111900141,141,11,130
111900142,87,20,67
111900143,29,58,-29
111900144,0,24,-24
111900145,0,137,-137
111900146,2,66,-64
111900147,31,265,-234
111900148,16,317,-301
111900149,9,104,-95
111900150,15,106,-91
111900151,2,45,-43
111900152,94,107,-13
111900153,470,1035,-565
111900154,29,888,-859
111900155,90,228,-138
111900156,126,86,40
111900157,460,22,438
111900158,877,178,699
111900159,647,90,557
111900160,561,4,557
111900161,588,0,588
111900162,143,347,-204
111900163,54,174,-120
111900164,218,50,168
111901113,969,56,913
111901114,347,198,149
111901115,240,3,237
111901116,120,5,115
111901117,43,102,-59
111901118,31,656,-625
111901119,259,71,188
111901121,40,51,-11
111901122,6,134,-128
111901123,550,106,444
111901124,675,4,671
111901125,976,292,684
111901127,326,1633,-1307
111901128,25,82,-57
111901129,2,109,-107
111901130,4,97,-93
111901131,0,147,-147
111901132,100,45,55
111901133,123,2,121
111901134,299,14,285
111901135,84,27,57
111901136,46,68,-22
111901137,1,75,-74
111901138,42,27,15
111901139,3,13,-10
111901140,4,45,-41
111901141,1,29,-28
111901142,5,43,-38
111901143,0,70,-70
111901144,44,92,-48
111901145,119,441,-322
111901146,57,6,51
112000001,3124,870,2254
112000002,771,1748,-977
112000003,3385,1348,2037
112000004,947,285,662
112000005,5047,4976,71
112000006,920,748,172
112000007,6486,4236,2250
112000008,3806,4963,-1157
112000009,2989,1525,1464
112000010,5073,6392,-1319
112000011,1749,1203,546
112000012,4821,7440,-2619
112000013,1889,4111,-2222
112000014,1290,4711,-3421
112000015,1706,3917,-2211
112000016,2914,4673,-1759
112000017,624,5541,-4917
112000024,951,487,464
112000026,2008,1912,96
112000027,758,699,59
112000028,636,900,-264
112000029,989,1137,-148
112000030,136,28,108
112000031,1832,5653,-3821
112000032,80,26,54
112000033,1516,4502,-2986
112000034,100,38,62
112000035,45,1194,-1149
112000036,361,1848,-1487
112000037,729,1504,-775
112000038,1311,1796,-485
112000039,124,80,44
112000040,40,199,-159
112000041,301,326,-25
112000042,713,339,374
112000050,1694,1155,539
112000051,1633,3059,-1426
112000054,1288,1325,-37
112000057,962,274,688
112000058,274,493,-219
112000059,486,931,-445
112000061,2515,1166,1349
112000062,640,1774,-1134
112000063,296,4325,-4029
112000064,2652,3264,-612
112000065,922,2307,-1385
112000066,3935,2054,1881
112000067,447,517,-70
112000068,4330,3893,437
112000069,471,1766,-1295
112000070,2269,1084,1185
112000071,1203,1460,-257
112000072,3533,1043,2490
112000073,1525,1854,-329
112000074,1309,1161,148
112000075,1513,1490,23
112000076,3124,2083,1041
112000077,1496,388,1108
112000078,2920,679,2241
112000079,2408,1328,1080
112000080,951,606,345
112000081,969,1872,-903
112000082,1430,636,794
112000083,841,848,-7
112000084,1652,521,1131
112000085,1814,809,1005
112000086,2268,821,1447
112000087,824,270,554
112000088,1185,257,928
112000089,361,371,-10
112000090,263,197,66
112000091,800,442,358
112000092,3292,1042,2250
112000093,1835,460,1375
112000094,1125,849,276
112000095,983,516,467
112000096,1021,610,411
112000097,2662,992,1670
112000098,541,412,129
112000099,909,2418,-1509
112000100,2838,679,2159
112000101,643,324,319
112000102,2265,453,1812
112000103,518,475,43
112000105,431,531,-100
112000106,2823,366,2457
112000107,21,157,-136
112000108,554,870,-316
112000109,105,53,52
112000110,2889,680,2209
112000111,566,2566,-2000
112000112,3406,498,2908
112000113,809,962,-153
112000114,3662,871,2791
112000115,472,347,125
112000116,817,845,-28
112000117,1531,602,929
112000118,872,703,169
112000119,405,528,-123
112000120,78,298,-220
112000121,262,278,-16
112000122,528,107,421
112000123,1128,125,1003
112000124,814,97,717
112000125,446,383,63
112000126,535,200,335
112000127,2205,3748,-1543
112000128,562,764,-202
112000129,137,119,18
112000130,452,150,302
112000131,45,99,-54
112000132,234,173,61
112000133,545,132,413
112000134,687,326,361
112000135,1507,725,782
112000136,894,1069,-175
112000137,1878,2261,-383
112000138,1186,1105,81
112000139,786,1065,-279
112000140,326,1089,-763
112000141,1659,609,1050
112000142,146,388,-242
112000143,2036,237,1799
112000144,238,703,-465
112000145,3885,538,3347
112000146,546,1080,-534
112000147,3562,1962,1600
112000148,1004,1166,-162
112000149,806,437,369
112000150,489,232,257
112000151,433,172,261
112000152,1361,324,1037
112000153,175,165,10
112000154,259,440,-181
112000155,242,230,12
112000157,516,1058,-542
112000158,469,261,208
112000159,1211,249,962
112000167,503,228,275
112000169,244,707,-463
112000173,1598,351,1247
112000175,611,234,377
112000176,840,1539,-699
112000177,1476,472,1004
112000178,90,288,-198
112000179,416,106,310
112000180,387,286,101
112000181,1280,896,384
112000182,2650,631,2019
112000183,55,16,39
112000184,583,206,377
112000185,1256,279,977
112000187,5404,3301,2103
112000195,195,17,178
112000196,214,3,211
112000197,123,270,-147
112000198,48,255,-207
112000199,540,579,-39
112000202,644,2,642
112000216,89,173,-84
112000230,173,3,170
112000231,6,117,-111
112000256,110,341,-231
112000313,28,60,-32
112000314,71,76,-5
112000337,240,684,-444
112000352,145,492,-347
112000392,2207,988,1219
112000398,2785,790,1995
112000399,1494,7799,-6305
112000400,1475,1015,460
112000401,1395,984,411
112000402,5921,6486,-565
112000403,1664,7300,-5636
112000404,2176,1554,622
112000405,3605,3710,-105
112000406,2115,1022,1093
112000407,12031,8672,3359
112000408,4991,2599,2392
112000409,1587,1751,-164
112000410,442,503,-61
112000411,2041,2039,2
112000412,515,450,65
112000413,3757,10434,-6677
112000414,222,20,202
112000415,150,38,112
112000416,4842,1391,3451
112000417,363,94,269
112000421,84,55,29
112000422,366,167,199
112000424,1048,4401,-3353
112000425,585,388,197
112000426,362,262,100
112000427,0,18,-18
112000428,407,84,323
112000429,2619,2212,407
112000430,2933,3982,-1049
112000431,150,174,-24
112000432,678,482,196
112000433,357,807,-450
112000437,86,98,-12
112900001,112,6,106
112900002,1129,260,869
112900003,99,79,20
112900004,104,68,36
112900005,491,116,375
112900006,21,144,-123
112900007,62,60,2
112900008,0,67,-67
112900009,737,229,508
112900010,926,327,599
112900011,67,218,-151
112900012,12,21,-9
112900013,4,314,-310
112900014,16,111,-95
112900015,135,657,-522
112900016,5,85,-80
112900017,97,160,-63
112900018,3,62,-59
112900019,21,245,-224
112900020,233,895,-662
112900021,6,121,-115
112900022,39,27,12
112900023,1,36,-35
112900024,9,78,-69
112900025,162,174,-12
112900026,4,67,-63
112900027,2,246,-244
112900028,10,68,-58
112900029,18,107,-89
112900030,56,43,13
112900031,2,162,-160
112900032,282,213,69
112900034,0,19,-19
112900035,2,108,-106
112900036,26,131,-105
112900037,375,292,83
112900038,914,120,794
112900039,8,114,-106
112900040,9,457,-448
112900041,503,1654,-1151
112900042,65,154,-89
112900043,80,67,13
112900044,258,335,-77
112900045,137,130,7
112900046,96,128,-32
112900047,20,24,-4
112900049,428,62,366
112900050,16,580,-564
112900051,202,365,-163
112900052,5,270,-265
112900053,127,185,-58
112900054,133,64,69
112900055,134,44,90
112900056,580,355,225
112900057,28,151,-123
112900058,390,454,-64
112900059,212,344,-132
112900060,65,33,32
112900061,149,150,-1
112900062,134,74,60
112900063,55,16,39
112900064,33,264,-231
112900065,22,61,-39
112900066,279,334,-55
112900067,274,72,202
112900068,42,111,-69
112900069,1305,1871,-566
112900071,54,7,47
112900072,81,5319,-5238
112900073,473,331,142
112900074,137,476,-339
112900075,722,1816,-1094
112900076,68,67,1
112900078,462,775,-313
112900079,361,28,333
112900080,137,11,126
112900081,138,563,-425
112900082,828,109,719
112900083,312,253,59
112900084,498,369,129
112900086,183,5,178
112900087,2180,243,1937
112900088,349,11,338
112900089,1202,56,1146
112900090,144,146,-2
112900091,653,21,632
112900092,66,1031,-965
112900093,1633,52,1581
112900095,118,1,117
112900096,868,275,593
112900097,177,242,-65
112900098,174,3,171
112900099,1488,45,1443
112900100,159,3,156
112900101,738,9,729
112900102,122,53,69
112900103,384,20,364
112900104,267,3,264
112900105,33,1,32
112900106,570,191,379
112900107,3,3,0
112900108,9,0,9
112900109,329,0,329
112900110,2378,41,2337
112900111,1382,12,1370
112900112,462,4,458
112900113,0,2,-2
112900114,433,35,398
112900115,2842,7,2835
112900116,154,20,134
112900117,108,33,75
112900118,10,172,-162
112900119,418,4,414
112900120,353,293,60
112900121,79,98,-19
112900122,2,78,-76
112900123,232,31,201
112900124,8,36,-28
112900125,27,567,-540
112900126,89,137,-48
112900127,725,236,489
112900128,76,447,-371
112900129,1,499,-498
112900130,237,232,5
112900131,54,373,-319
112900132,150,349,-199
112900133,21,1021,-1000
112900134,1,262,-261
112900135,106,124,-18
112900137,1,292,-291
112900138,10,73,-63
112900139,68,517,-449
112900141,1440,236,1204
112900142,73,421,-348
112900143,4,248,-244
112900144,1,157,-156
112900145,9,315,-306
112900146,6,344,-338
112900147,2,382,-380
112900148,96,2,94
112900149,387,339,48
112900151,7,48,-41
112900152,2541,454,2087
112900153,411,4141,-3730
112900154,3,47,-44
112900155,168,21,147
112900156,1000,387,613
112900157,731,18,713
112900158,109,3,106
112900159,222,272,-50
112900160,32,155,-123
112900161,223,97,126
112900162,7,22,-15
112900163,29,92,-63
112900164,141,217,-76
112900165,90,42,48
112900166,20,167,-147
112900167,11,174,-163
112900168,2,8,-6
112900169,2,23,-21
112900170,138,238,-100
112900172,36,42,-6
112900173,181,123,58
112900174,521,84,437
112900175,168,462,-294
112900176,36,73,-37
112900177,218,99,119
112900178,740,4088,-3348
112900179,19,312,-293
112900180,3045,1198,1847
112900181,1592,10,1582
112900182,96,314,-218
112900183,89,392,-303
112900184,354,696,-342
112900185,122,810,-688
112900186,912,1527,-615
112900187,93,667,-574
112900188,724,4268,-3544
112900189,9,7,2
112900190,10,23,-13
112900192,883,749,134
112900193,1264,497,767
112900194,109,12,97
112900195,995,62,933
112900196,397,468,-71
112900197,156,310,-154
112900199,1190,282,908
112900200,594,90,504
112900201,252,131,121
112900202,802,461,341
112900203,586,120,466
112900204,497,562,-65
112900205,13,20,-7
112900206,45,65,-20
112900207,27,0,27
112900208,87,470,-383
112900209,146,353,-207
112900210,3,30,-27
112900211,137,6,131
112900212,0,41,-41
112900213,95,4,91
112900214,23,14,9
112900215,30,41,-11
112900216,33,30,3
112900217,0,20,-20
112900218,127,28,99
112900219,183,2,181
112900220,4,0,4
112900221,56,134,-78
112900222,0,46,-46
112900223,1394,33,1361
112900224,737,250,487
112900225,819,182,637
112900226,173,576,-403
112900227,1464,322,1142
112900228,122,53,69
112900229,662,15,647
112900230,9516,3119,6397
112900232,428,445,-17
112900233,49,96,-47
112900234,30,9,21
112900235,10,18,-8
112900236,698,17,681
112900237,449,46,403
112900238,7,2,5
112900239,649,918,-269
113000001,6743,5638,1105
113000002,5732,4268,1464
113000003,2380,1740,640
113000004,2438,2221,217
113000005,2121,1591,530
113000006,1412,1663,-251
113000007,3291,1816,1475
113000008,2171,1909,262
113000009,1880,790,1090
113000010,1754,1147,607
113000011,1735,1100,635
113000012,1943,865,1078
113000013,900,538,362
113000014,1107,1636,-529
113000015,152,172,-20
113000016,413,833,-420
113000017,120,420,-300
113000018,343,50,293
113000019,298,287,11
113000020,292,106,186
113000021,1699,996,703
113000022,902,2848,-1946
113000025,261,374,-113
113000026,823,1132,-309
113000027,615,1800,-1185
113000028,685,3073,-2388
113000029,1200,896,304
113000030,219,433,-214
113000031,181,159,22
113000032,273,468,-195
113000033,281,492,-211
113000034,193,124,69
113000035,33,22,11
113000036,17,82,-65
113000037,46,30,16
113000038,10,104,-94
113000039,59,252,-193
113000040,76,164,-88
113000042,700,546,154
113000051,1754,2665,-911
113000052,2663,563,2100
113000053,980,495,485
113000054,808,834,-26
113000055,2270,623,1647
113000056,1997,1151,846
113000058,607,952,-345
113000059,982,366,616
113000060,448,631,-183
113000061,665,804,-139
113000062,492,382,110
113000063,549,65,484
113000064,99,210,-111
113000065,243,409,-166
113000066,1209,151,1058
113000067,3753,1001,2752
113000068,641,489,152
113000069,807,476,331
113000070,3730,900,2830
113000071,849,434,415
113000072,1579,416,1163
113000073,504,1655,-1151
113000074,1194,406,788
113000075,2004,893,1111
113000076,536,3734,-3198
113000077,847,1197,-350
113000078,387,2427,-2040
113000079,408,1199,-791
113000080,705,1286,-581
113000081,1026,1187,-161
113000082,1133,1036,97
113000083,659,957,-298
113000084,2016,1289,727
113000085,1027,768,259
113000086,944,1426,-482
113000087,1020,1477,-457
113000088,2142,1654,488
113000089,800,1953,-1153
113000090,216,952,-736
113000091,297,501,-204
113000094,1648,409,1239
113000095,226,870,-644
113000096,172,1077,-905
113000097,1515,779,736
113000098,121,55,66
113000099,1601,681,920
113000100,129,801,-672
113000101,172,1368,-1196
113000102,805,945,-140
113000103,2945,388,2557
113000104,768,3156,-2388
113000105,1091,527,564
113000106,503,387,116
113000107,1220,1090,130
113000108,1093,909,184
113000109,568,1247,-679
113000110,6160,822,5338
113000111,276,640,-364
113000112,763,372,391
113000113,1602,463,1139
113000114,302,1380,-1078
113000116,612,258,354
113000117,1075,123,952
113000118,31,805,-774
113000119,419,411,8
113000120,58,457,-399
113000121,523,1319,-796
113000124,370,141,229
113000125,44,1350,-1306
113000127,1870,275,1595
113000128,1921,311,1610
113000129,511,1020,-509
113000133,3320,820,2500
113000134,3,1701,-1698
113000135,5095,6145,-1050
113000137,917,3929,-3012
113000139,389,283,106
113000140,37,139,-102
113000141,123,180,-57
113000142,236,593,-357
113000143,274,133,141
113000144,248,459,-211
113000145,86,118,-32
113000146,172,25,147
113000147,162,50,112
113000148,245,142,103
113000149,165,160,5
113000150,473,423,50
113000151,36,29,7
113000152,34,257,-223
113000153,1358,328,1030
113000154,537,1739,-1202
113000155,438,753,-315
113000156,255,432,-177
113000157,425,567,-142
113000158,609,269,340
113000159,1143,541,602
113000160,777,407,370
113000161,653,222,431
113000162,1190,293,897
113000163,148,42,106
113000164,31,35,-4
113000166,307,73,234
113000167,94,68,26
113000168,136,99,37
113000169,277,43,234
113000170,109,70,39
113000171,59,92,-33
113000172,355,54,301
113000173,77,12,65
113000174,189,122,67
113000175,647,99,548
113000176,678,77,601
113000177,196,137,59
113000178,167,125,42
113000179,386,155,231
113000180,1198,1703,-505
113000181,1470,689,781
113000182,174,429,-255
113000183,215,809,-594
113000184,21,95,-74
113000189,317,917,-600
113000190,174,239,-65
113000192,614,7884,-7270
113000193,1955,5418,-3463
113000194,837,5018,-4181
113000195,1324,4467,-3143
113000196,327,112,215
113000197,1617,3366,-1749
113000198,144,253,-109
113000199,2266,405,1861
113000201,416,946,-530
113000202,15993,2811,13182
113000203,115,796,-681
113000204,545,8672,-8127
113000205,17,11,6
113000206,4,52,-48
113000207,73,5,68
113000208,30,52,-22
113000209,13,18,-5
113000210,1,22,-21
113000211,103,508,-405
113000212,50,97,-47
113000213,39,149,-110
113000214,133,389,-256
113000234,263,879,-616
113000410,52,254,-202
113000411,1518,2913,-1395
113000412,4867,1635,3232
113000413,897,3375,-2478
113000414,3739,13799,-10060
113000415,2030,1552,478
113000416,2726,2372,354
113000417,1035,1935,-900
113000418,4487,4183,304
113000419,1619,3182,-1563
113000420,2454,6957,-4503
113000421,4865,8242,-3377
113000422,8900,10438,-1538
113000423,1451,6268,-4817
113000424,1836,10922,-9086
113000425,30,62,-32
113000428,82,10,72
113000430,5,50,-45
113000432,3132,344,2788
113000433,67,576,-509
113000434,18,80,-62
113000435,33,230,-197
113000436,23,688,-665
113000437,1699,39,1660
113000438,538,25,513
113000439,26,53,-27
113000440,218,44,174
113000441,328,212,116
113000442,272,27,245
113000443,468,124,344
113000444,413,73,340
113000445,179,79,100
113000446,35,110,-75
113000448,1114,274,840
113000449,196,1099,-903
113000450,1723,3110,-1387
113000451,4894,317,4577
113000452,157,809,-652
113000453,56,1175,-1119
113000454,421,242,179
113000455,12,2471,-2459
113000456,2467,2893,-426
113000468,918,107,811
113000469,65,332,-267
113000470,605,25,580
113000471,11,509,-498
113000472,63,292,-229
113000474,1677,917,760
113000475,1591,973,618
113000476,2740,2069,671
113000477,5662,1979,3683
113000478,3272,2690,582
113000479,250,115,135
113000480,115,995,-880
113000484,0,0,0
113000485,0,0,0
113000486,0,0,0
113000487,0,0,0
113000488,0,0,0
113000489,0,0,0
113000490,0,0,0
113000491,0,0,0
113000492,0,0,0
113000493,0,0,0
113000495,387,132,255
113000496,247,140,107
113000499,0,0,0
113900001,13,3220,-3207
113900002,4,95,-91
113900003,7,290,-283
113900004,1,517,-516
113900005,8,939,-931
113900006,1,49,-48
113900007,76,22,54
113900008,22,0,22
113900009,76,0,76
113900010,83,0,83
113900011,154,0,154
113900012,92,3,89
113900013,141,7,134
113900014,1171,4,1167
113900015,1,25,-24
113900016,56,0,56
113900017,1,81,-80
113900018,211,352,-141
113900019,253,44,209
113900020,244,8,236
113900022,128,1,127
113900023,64,3,61
113900024,81,73,8
113900025,285,27,258
113900026,124,1,123
113900027,14,139,-125
113900028,52,178,-126
113900029,114,178,-64
113900030,440,10,430
113900031,108,6,102
113900032,78,2,76
113900033,113,73,40
113900035,81,1,80
113900036,31,124,-93
113900037,258,271,-13
113900038,41,188,-147
113900039,281,34,247
113900040,26,55,-29
113900041,20,13,7
113900042,157,35,122
113900043,222,82,140
113900044,181,348,-167
113900045,75,1,74
113900046,362,1760,-1398
113900047,105,124,-19
113900048,105,124,-19
113900049,212,392,-180
113900050,325,594,-269
113900051,361,239,122
113900052,134,143,-9
113900053,721,969,-248
113900054,43,3,40
113900055,137,428,-291
113900056,63,127,-64
113900057,14,36,-22
113900058,115,51,64
113900059,302,207,95
113900060,64,247,-183
113900061,620,126,494
113900062,170,19,151
113900063,138,105,33
113900064,56,116,-60
113900065,626,36,590
113900066,680,171,509
113900067,330,182,148
113900068,624,1120,-496
113900069,56,45,11
113900070,130,249,-119
113900071,124,38,86
113900072,75,76,-1
113900073,565,387,178
113900074,242,256,-14
113900075,1133,2632,-1499
113900076,194,25,169
113900077,83,154,-71
113900078,67,35,32
113900079,3,48,-45
113900080,682,233,449
113900081,100,173,-73
113900082,180,262,-82
113900083,588,112,476
113900084,233,121,112
113900085,66,120,-54
113900086,76,8,68
113900087,119,70,49
113900088,125,131,-6
113900089,560,47,513
113900090,741,452,289
113900091,5,4,1
113900092,17,81,-64
113900093,102,1242,-1140
113900094,905,282,623
113900095,202,316,-114
113900096,469,98,371
113900097,29,58,-29
113900098,1157,211,946
113900099,3,17,-14
113900100,1,1,0
113900101,6,68,-62
113900102,60,178,-118
113900103,258,503,-245
113900104,83,474,-391
113900105,300,35,265
113900106,0,30,-30
113900107,2,8,-6
113900108,112,294,-182
113900109,229,236,-7
113900110,51,21,30
113900111,298,101,197
113900112,273,46,227
113900113,1259,442,817
113900114,1,4,-3
113900115,1,33,-32
113900116,37,253,-216
113900117,49,59,-10
113900118,229,654,-425
113900119,87,493,-406
113900120,83,29,54
113900121,95,66,29
113900122,376,3855,-3479
113900123,716,284,432
113900124,2,62,-60
113900125,1082,157,925
113900126,107,74,33
113900127,468,865,-397
113900128,320,90,230
113900129,6,229,-223
113900130,0,126,-126
113900131,427,46,381
113900132,30,107,-77
113900133,8,41,-33
113900135,346,416,-70
113900136,145,72,73
113900137,443,478,-35
113900138,49,415,-366
113900139,312,278,34
113900140,53,334,-281
113900141,806,229,577
113900142,142,54,88
113900143,11,64,-53
113900144,80,322,-242
113900145,359,159,200
113900146,255,84,171
113900148,79,297,-218
113900149,237,151,86
113900150,307,294,13
113900151,533,178,355
113900152,62,50,12
113900153,121,460,-339
113900154,5,126,-121
113900155,70,247,-177
113900156,296,314,-18
113900157,51,487,-436
113900158,157,416,-259
113900159,3,242,-239
113900160,417,372,45
113900161,139,321,-182
113900162,137,653,-516
113900163,338,290,48
113900164,622,31,591
113900165,709,466,243
113900166,47,79,-32
113900167,525,39,486
113900168,46,55,-9
113900169,337,309,28
113900171,329,112,217
113900172,4,52,-48
113900173,44,311,-267
113900174,512,446,66
113900175,367,273,94
113900176,387,269,118
113900177,370,233,137
113900178,337,284,53
113900179,41,206,-165
113900180,174,127,47
113900181,1374,276,1098
113900182,755,473,282
113900183,90,91,-1
113900184,12,256,-244
113900185,155,56,99
113900186,61,17,44
113900187,42,97,-55
113900188,9,97,-88
113900189,341,270,71
113900190,170,127,43
113900191,97,85,12
113900192,5,1040,-1035
113900193,10,128,-118
113900194,1293,510,783
113900195,216,525,-309
113900196,6,228,-222
113900197,2,78,-76
113900198,30,640,-610
113900199,91,417,-326
113900200,25,193,-168
113900201,13,87,-74
113900202,48,134,-86
113900203,3,28,-25
113900204,29,211,-182
113900205,14,56,-42
113900206,4,108,-104
113900207,0,44,-44
113900208,0,52,-52
113900209,0,36,-36
113900210,594,723,-129
113900211,283,67,216
113900212,385,260,125
113900214,359,723,-364
113900215,67,105,-38
113900216,167,508,-341
113900217,134,58,76
113900218,121,100,21
113900219,151,1182,-1031
113900220,124,220,-96
113900221,268,403,-135
113900222,109,718,-609
113900223,218,258,-40
113900224,52,68,-16
113900225,426,139,287
113900226,457,137,320
113900227,339,273,66
113900228,244,581,-337
113900229,60,1330,-1270
113900230,1903,3533,-1630
113900231,227,75,152
113900232,186,31,155
113900233,97,64,33
113900234,509,520,-11
113900235,207,28,179
113900236,450,133,317
113900237,224,14,210
113900238,266,739,-473
113900239,58,206,-148
113900240,4,187,-183
113900241,51,99,-48
113900242,55,420,-365
113900243,47,264,-217
113900244,113,204,-91
113900245,716,490,226
113900246,13,39,-26
113900247,108,809,-701
113900248,2611,2209,402
113900249,339,684,-345
113900250,44,331,-287
113900251,1525,80,1445
113900252,1270,25,1245
113900253,1019,60,959
113900254,701,290,411
113900255,814,13,801
113900256,527,43,484
113900257,26,254,-228
113900258,34,290,-256
113900259,954,92,862
113900260,333,35,298
113900261,83,41,42
113900262,226,299,-73
113900263,36,371,-335
113900264,0,213,-213
113900265,199,470,-271
113900266,42,111,-69
113900267,94,1260,-1166
113900268,318,560,-242
113900269,130,159,-29
113900270,185,685,-500
113900271,799,434,365
113900273,12,12,0
113900274,112,38,74
113900275,19,146,-127
113900276,1,60,-59
113900277,272,9,263
113900278,279,181,98
113900279,77,73,4
113900280,1477,683,794
113900281,267,1665,-1398
113900282,274,514,-240
113900283,576,635,-59
113900284,1210,211,999
113900285,158,54,104
113900286,50,25,25
113900287,115,14,101
113900288,8,137,-129
113900289,384,96,288
113900290,299,315,-16
113900291,92,80,12
113900292,23,9,14
113900293,12,208,-196
113900294,653,17,636
113900295,414,478,-64
113900296,2542,366,2176
113900297,2728,53,2675
113900298,13,1401,-1388
113900299,174,34,140
113900300,5938,5252,686
113900301,765,616,149
113900302,1283,1244,39
113900303,133,956,-823
113900304,0,92,-92
113900305,133,3,130
113900306,182,0,182
113900307,5,0,5
113900308,54,105,-51
113900309,2,288,-286
113900310,2,2,0
113900311,18,0,18
113900312,150,241,-91
113900313,9,4,5
114000001,1007,1984,-977
114000002,660,355,305
114000003,95,173,-78
114000004,586,220,366
114000005,411,143,268
114000006,1342,2195,-853
114000007,858,1060,-202
114000008,1671,2642,-971
114000009,1429,417,1012
114000011,3502,2005,1497
114000012,4363,1341,3022
114000013,2651,1100,1551
114000014,670,171,499
114000015,2795,183,2612
114000016,374,134,240
114000017,102,785,-683
114000018,140,12,128
114000026,3569,1058,2511
114000027,5809,2302,3507
114000028,2502,4112,-1610
114000038,405,138,267
114000039,113,45,68
114000040,133,280,-147
114000042,274,144,130
114000043,109,39,70
114000044,394,32,362
114000045,38,41,-3
114000046,2005,5159,-3154
114000047,24,90,-66
114000048,163,50,113
114000049,2069,2163,-94
114000050,1978,2921,-943
114000051,3234,2825,409
114000052,3733,2890,843
114000053,69,922,-853
114000054,201,708,-507
114000055,237,52,185
114000056,197,1166,-969
114000057,3748,1933,1815
114000058,64,1312,-1248
114000059,46,727,-681
114000060,833,933,-100
114000061,3115,4080,-965
114000062,575,2072,-1497
114000063,1097,1340,-243
114000064,1856,4181,-2325
114000065,978,2340,-1362
114000066,609,967,-358
114000067,24,1263,-1239
114000068,656,957,-301
114000069,1253,790,463
114000070,2281,2334,-53
114000071,977,610,367
114000072,775,158,617
114000073,33,18,15
114000074,156,16,140
114000075,105,28,77
114000076,51,33,18
114000077,7,8,-1
114000078,370,413,-43
114000079,372,42,330
114000080,80,103,-23
114000081,102,93,9
114000082,47,235,-188
114000083,88,87,1
114000084,385,150,235
114000085,106,267,-161
114000086,309,143,166
114000087,267,72,195
114000088,37,22,15
114000089,531,257,274
114000090,1088,1581,-493
114000091,1316,1219,97
114000092,743,599,144
114000093,1523,776,747
114000094,553,540,13
114000095,332,268,64
114000096,97,271,-174
114000097,125,247,-122
114000098,786,200,586
114000099,1362,120,1242
114000100,2281,360,1921
114000101,611,277,334
114000102,1013,399,614
114000103,109,154,-45
114000104,15,189,-174
114000105,242,135,107
114000106,858,2606,-1748
114000107,956,134,822
114000108,630,663,-33
114000109,1053,2062,-1009
114000110,576,655,-79
114000111,2903,1484,1419
114000112,404,855,-451
114000113,1615,589,1026
114000114,549,693,-144
114000115,2526,1157,1369
114000116,1207,4509,-3302
114000117,5780,898,4882
114000118,4654,610,4044
114000119,3707,650,3057
114000120,758,632,126
114000121,643,709,-66
114000122,516,440,76
114000123,3337,468,2869
114000124,1583,450,1133
114000125,1277,1014,263
114000126,2400,256,2144
114000127,260,109,151
114000128,1145,246,899
114000130,507,449,58
114000131,360,134,226
114000132,684,371,313
114000133,596,1183,-587
114000134,74,38,36
114000138,38,140,-102
114000139,495,562,-67
114000144,927,851,76
114000145,95,108,-13
114000146,143,77,66
114000147,1616,2999,-1383
114000148,768,1855,-1087
114000149,390,576,-186
114000150,329,737,-408
114000151,688,2238,-1550
114000152,88,54,34
114000153,592,2632,-2040
114000154,661,672,-11
114000155,1186,3479,-2293
114000156,806,898,-92
114000157,387,1888,-1501
114000158,1022,708,314
114000159,126,440,-314
114000160,65,557,-492
114000161,1169,3830,-2661
114000162,1737,3927,-2190
114000163,19,53,-34
114000165,538,515,23
114000166,566,686,-120
114000167,2238,1519,719
114000168,412,315,97
114000169,1138,1752,-614
114000170,1303,1803,-500
114000171,2081,10902,-8821
114000174,133,315,-182
114000176,220,589,-369
114000177,644,359,285
114000178,55,82,-27
114000179,984,915,69
114000180,224,298,-74
114000181,1479,6913,-5434
114000182,989,2895,-1906
114000183,597,680,-83
114000184,2110,573,1537
114000185,1492,791,701
114000189,1857,203,1654
114000190,4681,544,4137
114000191,131,294,-163
114000192,165,710,-545
114000193,191,763,-572
114000194,1914,698,1216
114000195,376,187,189
114000196,1,61,-60
114000197,2774,32,2742
114000198,637,326,311
114000199,1317,1515,-198
114000200,595,824,-229
114000201,229,587,-358
114000202,955,500,455
114000203,624,516,108
114000204,149,425,-276
114000205,176,1010,-834
114000206,774,1159,-385
114000207,511,781,-270
114000208,533,1189,-656
114000209,313,1097,-784
114000210,215,676,-461
114000211,1601,1112,489
114000212,937,984,-47
114000213,2308,474,1834
114000214,96,78,18
114000215,310,85,225
114000216,2069,381,1688
114000217,570,182,388
114000218,282,77,205
114000219,1965,205,1760
114000220,34,532,-498
114000221,1525,224,1301
114000222,152,438,-286
114000223,819,197,622
114000224,50,319,-269
114000225,484,335,149
114000226,323,171,152
114000227,947,541,406
114000228,1183,542,641
114000229,1779,1127,652
114000230,2104,920,1184
114000231,1449,1539,-90
114000232,1380,201,1179
114000233,3284,104,3180
114000234,1289,464,825
114000235,1735,1081,654
114000236,0,221,-221
114000237,167,598,-431
114000238,160,274,-114
114000239,187,757,-570
114000240,1012,1176,-164
114000241,310,659,-349
114000242,700,549,151
114000243,2432,902,1530
114000244,659,284,375
114000245,610,766,-156
114000246,110,49,61
114000247,521,488,33
114000248,2193,683,1510
114000249,660,405,255
114000250,945,358,587
114000251,469,170,299
114000252,116,21,95
114000253,26,113,-87
114000254,76,30,46
114000255,671,306,365
114000256,543,2699,-2156
114000257,340,711,-371
114000258,345,202,143
114000259,157,418,-261
114000260,0,21,-21
114000261,36,32,4
114000262,370,127,243
114000263,14,1,13
114000264,1803,367,1436
114000265,0,0,0
114000267,1,1973,-1972
114000268,2,462,-460
114000270,196,4,192
114000271,294,104,190
114000283,1969,309,1660
114000285,20,87,-67
114000288,237,302,-65
114000289,2162,120,2042
114000293,298,513,-215
114000294,215,274,-59
114000395,1428,15,1413
114000396,855,810,45
114000402,1048,161,887
114000403,357,211,146
114000405,355,219,136
114000423,541,174,367
114000424,700,169,531
114000425,1423,150,1273
114000426,345,907,-562
114000427,155,111,44
114000428,91,207,-116
114000429,11,108,-97
114000432,157,55,102
114000434,19,63,-44
114000435,10,39,-29
114900001,923,372,551
114900002,484,179,305
114900003,1411,414,997
114900004,294,721,-427
114900005,901,310,591
114900006,115,118,-3
114900007,415,32,383
114900008,381,170,211
114900010,1230,1832,-602
114900011,368,138,230
114900013,402,88,314
114900015,112,704,-592
114900018,1029,20,1009
114900020,186,128,58
114900022,13,552,-539
114900024,367,143,224
114900025,765,158,607
114900026,88,195,-107
114900027,240,140,100
114900029,58,20,38
114900030,430,198,232
114900031,681,36,645
114900032,657,32,625
114900033,608,1692,-1084
114900034,43,65,-22
114900035,71,338,-267
114900036,179,287,-108
114900037,97,87,10
114900038,254,295,-41
114900039,656,180,476
114900040,131,58,73
114900041,1380,157,1223
114900042,1778,266,1512
114900043,299,132,167
114900044,259,59,200
114900046,28,45,-17
114900047,249,4296,-4047
114900048,46,140,-94
114900049,11,87,-76
114900050,71,104,-33
114900051,58,163,-105
114900052,44,294,-250
114900053,77,153,-76
114900054,44,55,-11
114900057,266,20,246
114900058,1,31,-30
114900059,139,111,28
114900060,318,1144,-826
114900061,104,46,58
114900062,186,394,-208
114900063,86,67,19
114900064,2974,145,2829
114900065,832,855,-23
114900067,52,383,-331
114900068,34,74,-40
114900069,137,54,83
114900070,791,288,503
114900072,0,274,-274
114900073,0,52,-52
114900074,1171,156,1015
114900075,442,12,430
114900076,7,195,-188
114900080,1019,163,856
114900082,2333,3253,-920
114900083,449,1059,-610
114900090,633,253,380
114900091,99,123,-24
114900095,257,58,199
114900096,222,559,-337
114900097,297,4,293
114900098,6,82,-76
114900099,327,21,306
115000001,4170,2025,2145
115000002,5331,6467,-1136
115000003,4774,1618,3156
115000004,6211,7422,-1211
115000005,2088,2136,-48
115000006,1515,1753,-238
115000007,215,290,-75
115000008,510,675,-165
115000009,474,304,170
115000010,375,201,174
115000013,66,272,-206
115000015,23,303,-280
115000016,153,319,-166
115000019,46,516,-470
115000020,170,1284,-1114
115000021,323,408,-85
115000022,483,229,254
115000023,316,592,-276
115000024,951,329,622
115000025,1171,834,337
115000026,299,262,37
115000027,589,318,271
115000028,273,649,-376
115000029,1027,131,896
115000030,597,1009,-412
115000031,1167,365,802
115000032,8,200,-192
115000033,215,38,177
115000034,132,1079,-947
115000035,1129,90,1039
115000036,1,464,-463
115000037,575,25,550
115000038,139,175,-36
115000039,2981,4757,-1776
115000040,3567,2673,894
115000041,2262,5749,-3487
115000042,496,679,-183
115000043,4466,3321,1145
115000044,3064,2996,68
115000045,3046,1083,1963
115000046,3978,2815,1163
115000047,3790,1488,2302
115000048,2694,1903,791
115000049,1347,3026,-1679
115000050,4059,1626,2433
115000051,1819,5080,-3261
115000052,1336,1378,-42
115000053,3165,2936,229
115000054,624,743,-119
115000055,153,815,-662
115000056,122,380,-258
115000057,610,1666,-1056
115000058,185,444,-259
115000059,241,428,-187
115000061,129,161,-32
115000062,236,463,-227
115000063,411,403,8
115000064,285,155,130
115000065,81,467,-386
115000067,321,43,278
115000069,134,232,-98
115000070,35,1024,-989
115000071,86,35,51
115000072,17,64,-47
115000073,1674,121,1553
115000075,159,63,96
115000076,2600,2160,440
115000077,2677,1403,1274
115000078,2274,856,1418
115000079,2076,1239,837
115000080,4386,1463,2923
115000081,345,552,-207
115000082,6488,5445,1043
115000083,2803,1070,1733
115000084,4439,1149,3290
115000085,1618,718,900
115000086,1970,674,1296
115000087,533,1757,-1224
115000088,2181,741,1440
115000089,1548,1030,518
115000090,509,1016,-507
115000091,330,414,-84
115000092,1091,938,153
115000093,730,2,728
115000094,5114,8808,-3694
115000095,3797,8254,-4457
115000096,1345,957,388
115000097,2581,1649,932
115000098,2227,634,1593
115000099,3245,1558,1687
115000100,1880,323,1557
115000101,691,893,-202
115000102,686,240,446
115000103,351,466,-115
115000105,89,86,3
115000106,1140,489,651
115000107,262,255,7
115000108,1910,1899,11
115000109,3643,6271,-2628
115000110,1425,2502,-1077
115000111,504,1264,-760
115000112,791,1031,-240
115000113,525,981,-456
115000114,1294,472,822
115000116,2591,2221,370
115000117,2039,2345,-306
115000118,2124,2024,100
115000119,1599,2131,-532
115000120,632,1482,-850
115000121,655,784,-129
115000122,779,2078,-1299
115000123,1021,2272,-1251
115000124,864,1424,-560
115000125,354,938,-584
115000126,149,481,-332
115000127,400,227,173
115000128,319,859,-540
115000129,154,553,-399
115000130,555,463,92
115000131,1118,325,793
115000132,410,378,32
115000133,825,213,612
115000134,401,442,-41
115000135,295,267,28
115000136,281,198,83
115000137,101,234,-133
115000138,459,229,230
115000139,256,236,20
115000140,437,178,259
115000141,377,143,234
115000142,280,77,203
115000143,1122,689,433
115000144,577,99,478
115000145,363,153,210
115000146,729,590,139
115000147,422,440,-18
115000148,520,514,6
115000149,1019,262,757
115000150,930,524,406
115000151,1880,503,1377
115000152,1042,961,81
115000153,1860,528,1332
115000154,1271,324,947
115000155,910,957,-47
115000156,881,1110,-229
115000157,544,1142,-598
115000158,465,395,70
115000159,430,838,-408
115000160,553,717,-164
115000161,1306,527,779
115000162,533,1042,-509
115000163,445,743,-298
115000164,564,943,-379
115000165,306,832,-526
115000167,99,109,-10
115000168,499,714,-215
115000169,372,1025,-653
115000170,78,202,-124
115000171,182,512,-330
115000172,746,691,55
115000173,348,1206,-858
115000174,76,668,-592
115000175,233,144,89
115000176,74,139,-65
115000177,83,175,-92
115000178,33,175,-142
115000179,17,55,-38
115000180,135,218,-83
115000181,1171,159,1012
115000182,1518,266,1252
115000183,585,515,70
115000186,812,208,604
115000187,233,425,-192
115000188,464,672,-208
115000189,313,327,-14
115000190,889,487,402
115000191,304,573,-269
115000194,120,164,-44
115000195,211,471,-260
115000196,310,123,187
115000197,369,168,201
115000198,737,154,583
115000199,708,105,603
115000200,526,155,371
115000201,278,188,90
115000206,508,47,461
115000207,384,259,125
115000208,372,626,-254
115000209,922,455,467
115000210,160,163,-3
115000211,412,241,171
115000212,1309,322,987
115000224,376,85,291
115000225,131,75,56
115000229,158,149,9
115000230,78,868,-790
115000231,409,938,-529
115000232,3678,372,3306
115000233,201,277,-76
115000234,22,279,-257
115000241,135,54,81
115000242,318,97,221
115000243,178,102,76
115000244,4,152,-148
115000246,124,54,70
115000247,48,34,14
115000248,96,19,77
115000249,21,23,-2
115000250,357,38,319
115000251,414,55,359
115000252,109,173,-64
115000253,4,452,-448
115000258,495,62,433
115000259,242,62,180
115000261,29,26,3
115000262,6,56,-50
115000263,11,25,-14
115000264,15,41,-26
115000267,83,112,-29
115000268,76,116,-40
115000269,171,46,125
115000270,4,16,-12
115000272,76,109,-33
115000273,784,37,747
115000280,1947,202,1745
115000281,368,571,-203
115000282,1031,1032,-1
115000284,131,201,-70
115000296,602,12,590
115000297,173,169,4
115000298,62,476,-414
115000300,300,121,179
115000302,833,92,741
115000303,1287,44,1243
115000304,1226,62,1164
115000305,153,298,-145
115000306,246,146,100
115000307,207,188,19
115000308,18,24,-6
115000309,26,80,-54
115000310,2378,521,1857
115000311,2044,1274,770
115000313,173,254,-81
115000314,932,218,714
115000315,1240,1027,213
115000316,97,144,-47
115000317,236,517,-281
115000318,871,376,495
115000319,79,182,-103
115000320,41,550,-509
115000321,343,30,313
115000322,74,156,-82
115000449,276,246,30
115000557,2,2425,-2423
115000558,229,113,116
115000587,847,349,498
115000588,2317,2754,-437
115000589,4350,2676,1674
115000590,902,2287,-1385
115000591,1621,1067,554
115000592,477,2217,-1740
115000593,1654,1125,529
115000594,300,3008,-2708
115000609,297,279,18
115000617,416,2866,-2450
115000624,537,16,521
115000633,383,1219,-836
115000634,3319,790,2529
115000635,687,164,523
115000638,259,383,-124
115000641,47,271,-224
115000642,279,199,80
115000643,129,322,-193
115000644,195,331,-136
115000646,706,1788,-1082
115000647,310,635,-325
115000648,3579,937,2642
115000893,1848,1572,276
115000894,163,685,-522
115000895,187,950,-763
115000896,1243,653,590
115000897,545,141,404
115000898,456,404,52
115000899,373,2045,-1672
115000900,50,536,-486
115000901,72,319,-247
115000912,684,82,602
115000913,5,32,-27
115000915,10,0,10
115000916,25,43,-18
115000917,0,4,-4
115000918,42,694,-652
115000919,2,37,-35
115000920,14,57,-43
115000921,340,105,235
115000922,424,1440,-1016
115000923,92,2229,-2137
115000925,140,171,-31
115000927,55,105,-50
115000933,87,943,-856
115000934,118,175,-57
115000935,262,38,224
115000936,74,979,-905
115000937,1166,381,785
115000938,26,280,-254
115000939,15,129,-114
115900001,216,18,198
115900002,107,90,17
115900003,313,81,232
115900004,0,30,-30
115900005,370,33,337
115900006,118,137,-19
115900008,172,2,170
115900009,88,470,-382
115900010,623,48,575
115900011,486,239,247
115900012,434,18,416
115900013,353,126,227
115900014,186,135,51
115900015,277,24,253
115900016,110,54,56
115900017,25,13,12
115900018,250,26,224
115900019,103,12,91
115900020,166,4,162
115900021,758,397,361
115900022,927,8,919
115900023,4,10,-6
115900025,42,320,-278
115900026,760,75,685
115900027,0,255,-255
115900028,288,60,228
115900029,19,242,-223
115900030,83,64,19
115900031,87,302,-215
115900032,372,647,-275
115900033,1,109,-108
115900034,47,146,-99
115900035,90,89,1
115900036,45,2594,-2549
115900037,48,134,-86
115900038,67,38,29
115900039,198,146,52
115900041,159,1255,-1096
115900042,72,11,61
115900043,210,53,157
115900044,200,408,-208
115900046,654,138,516
115900047,137,277,-140
115900049,300,160,140
115900051,7,19,-12
115900052,10,108,-98
115900053,526,98,428
115900054,513,18,495
115900055,35,98,-63
115900056,303,116,187
115900057,14,38,-24
115900058,13,65,-52
115900060,55,188,-133
115900061,512,0,512
115900062,51,103,-52
115900063,47,2,45
115900064,186,264,-78
115900065,184,83,101
115900066,91,58,33
115900067,23,101,-78
115900068,1250,1652,-402
115900069,120,225,-105
115900070,267,71,196
115900071,0,121,-121
115900072,17,117,-100
115900073,176,195,-19
115900074,6,115,-109
115900075,31,121,-90
115900076,27,26,1
115900077,1,55,-54
115900078,23,186,-163
115900079,513,41,472
115900080,170,127,43
115900081,34,17,17
115900082,105,226,-121
115900084,875,34,841
115900085,73,115,-42
115900086,942,489,453
115900088,8,118,-110
115900089,804,309,495
115900090,927,18,909
115900091,16,42,-26
115900092,33,92,-59
115900093,15,23,-8
115900094,2,64,-62
115900096,23,6,17
115900097,7,120,-113
115900098,482,165,317
115900099,45,114,-69
115900100,35,158,-123
115900101,375,124,251
115900102,160,90,70
115900103,548,155,393
115900104,128,67,61
115900105,345,214,131
115900106,126,11,115
115900107,144,52,92
115900108,246,22,224
115900109,40,166,-126
115900110,29,5,24
115900111,3,67,-64
115900112,76,569,-493
115900113,65,31,34
115900114,12,74,-62
115900115,131,187,-56
115900116,105,467,-362
115900117,130,13,117
115900118,4,81,-77
115900119,250,145,105
115900120,48,130,-82
115900121,346,116,230
115900124,321,1114,-793
115900125,576,129,447
115900126,1380,109,1271
115900127,1311,61,1250
115900128,8,105,-97
115900129,663,57,606
115900130,12,505,-493
115900131,554,32,522
115900132,992,2,990
115900134,409,34,375
115900135,430,1118,-688
115900137,25,16,9
115900139,25,186,-161
115900140,778,93,685
115900141,6,65,-59
115900142,11,68,-57
115900143,396,575,-179
115900144,316,224,92
115900146,25,30,-5
115900147,162,305,-143
115900148,78,5,73
115900149,256,13,243
115900150,187,13,174
115900151,22,118,-96
115900152,260,235,25
115900153,199,144,55
115900154,344,566,-222
115900155,0,11,-11
115900156,922,986,-64
115900157,437,634,-197
115900158,7,6,1
115900159,166,149,17
115900160,0,21,-21
115900161,20,195,-175
115900163,452,165,287
115900164,1089,13,1076
115900166,140,168,-28
115900168,271,112,159
115900171,114,399,-285
115900172,127,110,17
115900173,295,88,207
115900174,208,509,-301
115900175,222,175,47
115900178,3,153,-150
115900179,555,10,545
115900180,78,84,-6
115900181,296,75,221
115900182,801,67,734
115900183,27,155,-128
115900184,470,15,455
115900187,8,288,-280
115900189,0,185,-185
115900190,183,1208,-1025
115900191,36,173,-137
115900192,12,117,-105
115900193,148,196,-48
115900194,1276,65,1211
115900195,525,3510,-2985
115900198,383,276,107
115900199,430,91,339
115900200,312,164,148
115900201,277,386,-109
115900202,8,75,-67
115900203,2,33,-31
115900204,0,15,-15
115900205,47,16,31
115900206,423,71,352
115900207,61,4,57
115900208,189,74,115
115900209,7,98,-91
115900210,5,126,-121
115900211,2,122,-120
115900212,242,122,120
115900213,79,171,-92
115900214,994,123,871
115900215,25,359,-334
115900216,1,61,-60
115900217,1,39,-38
115900218,2,39,-37
115900219,234,3,231
115900220,449,6,443
115900221,224,15,209
115900222,198,68,130
115900223,12,860,-848
115900224,670,2533,-1863
115900225,52,82,-30
115900226,25,80,-55
115900227,11,101,-90
115900228,11,47,-36
115900229,3,42,-39
115900230,38,96,-58
115900231,164,5,159
115900232,147,0,147
115900233,224,10,214
115900234,115,31,84
115900235,27,50,-23
115900236,18,103,-85
115900237,34,43,-9
115900238,38,17,21
115900239,30,12,18
115900240,32,19,13
115900241,334,34,300
115900242,293,554,-261
115900243,18,5,13
115900244,15,12,3
115900245,119,3,116
115900246,28,20,8
115900247,13,15,-2
115900248,18,2,16
115900249,32,10,22
115900250,14,13,1
115900251,8,9,-1
115900252,24,3,21
115900253,38,23,15
115900254,19,51,-32
115900255,3,57,-54
115900256,20,64,-44
115900257,4,11,-7
115900258,0,1,-1
115900259,12,3,9
115900260,7,2,5
115900261,11,0,11
115900262,18,0,18
115900263,24,0,24
115900264,34,0,34
115900265,6,11,-5
115900266,5,33,-28
115900267,1,15,-14
115900268,2,27,-25
115900269,981,174,807
115900270,530,108,422
115900271,241,0,241
115900272,72,13,59
115900273,15,55,-40
115900274,0,0,0
115900275,0,3,-3
115900276,2,20,-18
115900277,1,80,-79
115900278,68,136,-68
115900279,18,328,-310
115900280,15,954,-939
115900281,208,446,-238
115900282,38,68,-30
115900283,16,18,-2
115900284,55,24,31
116000001,7131,2348,4783
116000002,5768,17674,-11906
116000003,1494,1913,-419
116000004,4182,7216,-3034
116000005,1007,3670,-2663
116000006,3348,5544,-2196
116000007,1701,2109,-408
116000008,6343,3465,2878
116000009,968,1197,-229
116000010,3971,2291,1680
116000011,804,1121,-317
116000012,2619,1643,976
116000013,4372,5104,-732
116000014,11689,26432,-14743
116000015,124,2022,-1898
116000016,6062,6151,-89
116000017,32,816,-784
116000018,553,628,-75
116000019,1472,442,1030
116000020,882,1964,-1082
116000021,919,370,549
116000022,570,345,225
116000023,2155,1545,610
116000024,634,1023,-389
116000025,1524,1170,354
116000026,1677,3515,-1838
116000027,592,998,-406
116000028,578,1349,-771
116000029,400,515,-115
116000030,677,748,-71
116000031,100,186,-86
116000032,370,131,239
116000033,871,424,447
116000034,1034,863,171
116000035,552,402,150
116000036,509,4738,-4229
116000037,304,603,-299
116000038,169,1965,-1796
116000039,328,1920,-1592
116000040,555,1634,-1079
116000041,117,1132,-1015
116000042,1136,1007,129
116000043,177,549,-372
116000044,18,33,-15
116000045,1963,1529,434
116000046,1071,1955,-884
116000047,1981,3285,-1304
116000048,3001,1456,1545
116000049,2120,3407,-1287
116000050,2041,1263,778
116000051,5111,3523,1588
116000052,4820,4255,565
116000053,3340,727,2613
116000054,1467,2904,-1437
116000055,1388,1030,358
116000056,2113,1227,886
116000057,3185,1369,1816
116000058,4448,3580,868
116000059,2990,4606,-1616
116000060,3140,1495,1645
116000061,617,1701,-1084
116000062,609,376,233
116000063,828,2472,-1644
116000066,313,819,-506
116000067,264,373,-109
116000068,166,437,-271
116000069,380,193,187
116000078,771,1348,-577
116000080,2096,648,1448
116000082,15,22,-7
116000083,2445,595,1850
116000084,1380,2141,-761
116000085,2268,2175,93
116000086,746,667,79
116000087,3876,2563,1313
116000088,1112,1015,97
116000089,239,150,89
116000090,120,124,-4
116000091,249,703,-454
116000093,992,454,538
116000094,958,350,608
116000095,1031,688,343
116000096,1611,2121,-510
116000097,1528,711,817
116000098,101,9948,-9847
116000099,5415,415,5000
116000100,466,16,450
116000101,1565,504,1061
116000102,355,908,-553
116000103,504,446,58
116000104,263,957,-694
116000105,2009,182,1827
116000106,526,879,-353
116000107,3257,255,3002
116000108,41,298,-257
116000111,167,33,134
116000113,252,159,93
116000114,38,105,-67
116000115,495,161,334
116000116,273,252,21
116000117,1975,1734,241
116000118,2274,937,1337
116000119,5157,2019,3138
116000120,3357,2420,937
116000121,1159,758,401
116000122,948,862,86
116000123,1939,621,1318
116000124,541,489,52
116000125,4223,929,3294
116000126,382,599,-217
116000127,941,718,223
116000128,2627,1011,1616
116000129,1916,243,1673
116000130,1160,848,312
116000133,2062,686,1376
116000134,1653,1090,563
116000135,3804,1452,2352
116000136,931,1414,-483
116000137,1548,834,714
116000138,1689,1200,489
116000139,2165,3983,-1818
116000140,210,254,-44
116000141,572,394,178
116000142,3482,1955,1527
116000143,2460,1717,743
116000144,2146,1709,437
116000145,3131,922,2209
116000146,1238,93,1145
116000147,332,346,-14
116000148,1213,1627,-414
116000149,1271,1004,267
116000151,683,510,173
116000153,162,392,-230
116000155,288,414,-126
116000156,775,1112,-337
116000157,174,35,139
116000158,564,237,327
116000159,16,12,4
116000160,34,64,-30
116000161,3,62,-59
116000162,82,296,-214
116000163,64,20,44
116000164,30,41,-11
116000177,72,237,-165
116000194,106,325,-219
116000195,1682,435,1247
116000196,38,7,31
116000197,23,9,14
116000198,2601,1110,1491
116000200,713,901,-188
116000201,654,558,96
116000202,19,157,-138
116000203,1,47,-46
116000204,10,35,-25
116000205,0,73,-73
116000206,1,65,-64
116000207,9,47,-38
116000233,268,546,-278
116000287,308,172,136
116000288,475,175,300
116000292,144,125,19
116000296,12,93,-81
116000297,218,18,200
116000304,330,30,300
116000305,41,102,-61
116000346,228,126,102
116000352,250,131,119
116000354,29,31,-2
116000357,10,50,-40
116000358,569,81,488
116000361,52,3,49
116000372,3959,9153,-5194
116000381,196,1,195
116000388,1,24,-23
116000389,1075,434,641
116000445,1017,243,774
116000446,1048,327,721
116000447,20,772,-752
116000448,718,175,543
116000563,804,925,-121
116000565,29,197,-168
116000568,86,676,-590
116000579,12,82,-70
116000584,54,9,45
116000585,76,40,36
116000586,48,82,-34
116000587,429,442,-13
116000589,51,88,-37
116000590,119,60,59
116000591,372,219,153
116000592,4,35,-31
116000593,1,23,-22
116000594,1410,208,1202
116000595,1115,64,1051
116000596,184,9,175
116000597,996,306,690
116000598,25,123,-98
116000602,26,628,-602
116000605,199,131,68
116000606,79,485,-406
116000607,3,147,-144
116000609,136,1465,-1329
116000611,345,185,160
116000612,1959,2350,-391
116000613,1118,322,796
116000614,595,187,408
116000615,1,661,-660
116000616,189,55,134
116000617,184,14,170
116000618,12,25,-13
116000619,63,97,-34
116000620,275,141,134
116000621,173,112,61
116000622,183,97,86
116000624,166,87,79
116000627,140,15,125
116000628,117,145,-28
116000629,56,121,-65
116000630,1596,21,1575
116000631,706,18,688
116000632,979,70,909
116000633,58,149,-91
116000634,953,20,933
116000635,2385,4208,-1823
116000636,392,1941,-1549
116000637,837,18,819
116000638,21,206,-185
116900001,513,174,339
116900002,391,1,390
116900003,72,18,54
116900004,78,101,-23
116900005,399,66,333
116900006,97,175,-78
116900007,152,388,-236
116900008,942,168,774
116900009,18,29,-11
116900010,0,701,-701
116900011,26,27,-1
116900012,338,487,-149
116900013,8,31,-23
116900014,349,51,298
116900015,799,51,748
116900016,321,17,304
116900017,2,674,-672
116900018,173,91,82
116900019,3,137,-134
116900020,344,2177,-1833
116900023,40,13,27
116900024,1159,38,1121
116900025,1819,454,1365
116900026,98,501,-403
116900027,89,89,0
116900028,3,50,-47
116900029,1,186,-185
116900031,4,2,2
116900032,10,133,-123
116900033,55,13,42
116900034,0,34,-34
116900035,170,139,31
116900036,5,120,-115
116900038,33,4,29
116900041,82,18,64
116900042,181,234,-53
116900043,15,48,-33
116900047,28,294,-266
116900049,31,252,-221
116900050,88,277,-189
116900051,303,48,255
116900052,241,56,185
116900055,1,32,-31
116900057,38,96,-58
116900058,23,290,-267
116900059,2,64,-62
116900060,153,355,-202
116900062,0,56,-56
116900064,162,197,-35
116900065,14,101,-87
116900067,222,81,141
116900068,192,132,60
116900070,11,8,3
116900072,45,135,-90
116900073,24,69,-45
116900074,18,40,-22
116900076,26,67,-41
116900077,5,31,-26
116900078,192,42,150
116900079,78,130,-52
116900080,6,25,-19
116900081,226,687,-461
116900082,160,986,-826
116900083,10,12,-2
116900084,32,52,-20
116900085,22,80,-58
116900086,74,170,-96
116900088,359,87,272
116900090,47,18,29
116900091,545,42,503
116900092,117,510,-393
116900093,4150,1710,2440
116900094,3836,7853,-4017
116900095,287,518,-231
116900096,97,565,-468
116900097,1666,4706,-3040
116900098,840,757,83
116900099,258,1264,-1006
116900100,1426,153,1273
116900101,195,722,-527
116900103,7,0,7
116900104,29,245,-216
116900105,411,327,84
116900106,3863,99,3764
116900107,1529,3687,-2158
116900110,27,6,21
116900111,1213,231,982
116900112,294,527,-233
116900113,1116,4078,-2962
116900116,25,1842,-1817
116900117,303,133,170
116900118,1898,1173,725
116900120,557,66,491
116900121,280,31,249
116900122,1537,279,1258
116900123,423,243,180
116900124,170,631,-461
116900125,772,104,668
116900126,77,647,-570
116900128,6,101,-95
116900129,1,307,-306
116900130,1165,5661,-4496
116900131,97,459,-362
116900132,99,92,7
116900133,262,160,102
116900134,374,264,110
116900136,140,149,-9
116900137,290,165,125
116900138,177,165,12
116900139,99,267,-168
116900140,133,64,69
116900141,536,138,398
116900142,2,82,-80
116900143,478,177,301
116900144,85,70,15
116900145,75,166,-91
116900147,205,2673,-2468
116900148,7,62,-55
116900149,106,278,-172
116900150,23,23,0
116900151,106,112,-6
116900153,195,128,67
116900154,225,644,-419
116900155,64,108,-44
116900157,948,75,873
116900158,83,463,-380
116900159,110,799,-689
116900160,1172,1339,-167
116900161,4851,12161,-7310
116900162,18,94,-76
116900163,335,43,292
116900164,126,103,23
116900165,966,605,361
116900166,130,36,94
116900167,622,78,544
116900168,642,58,584
116900169,301,2499,-2198
116900170,942,572,370
116900171,64,105,-41
116900172,153,633,-480
116900173,363,20,343
116900174,85,201,-116
116900175,379,675,-296
116900178,90,97,-7
116900179,76,543,-467
116900180,98,18,80
116900182,1719,378,1341
116900183,243,111,132
116900185,51,59,-8
116900186,146,153,-7
116900187,53,114,-61
116900188,180,15,165
116900189,87,12,75
116900191,321,446,-125
116900192,376,131,245
116900194,119,2228,-2109
116900195,86,38,48
116900196,28,57,-29
116900197,134,18,116
116900198,68,463,-395
116900200,200,5,195
116900201,235,6,229
116900202,70,14,56
116900203,189,26,163
116900204,38,238,-200
116900205,0,0,0
116900206,69,4,65
116900207,66,30,36
116900208,6,46,-40
116900209,40,34,6
116900210,939,396,543
116900211,264,5,259
116900212,191,12,179
116900213,334,150,184
116900214,334,221,113
116900215,72,45,27
116900216,523,255,268
116900218,2,323,-321
116900219,590,262,328
116900220,166,361,-195
116900221,261,314,-53
116900222,640,299,341
116900223,135,239,-104
116900226,158,60,98
116900227,310,32,278
116900228,396,167,229
116900230,81,107,-26
116900231,88,147,-59
116900232,29,172,-143
116900233,408,108,300
116900234,43,15,28
116900235,176,265,-89
116900238,881,225,656
116900239,54,1216,-1162
116900240,4090,3924,166
116900241,187,79,108
116900242,365,1208,-843
116900243,0,11,-11
116900245,60,25,35
116900246,203,16,187
116900247,1341,42,1299
116900248,127,27,100
116900249,863,46,817
116900250,750,59,691
116900251,485,1390,-905
116900252,253,568,-315
116900253,229,38,191
116900254,85,102,-17
116900255,203,162,41
116900256,847,173,674
116900257,26,151,-125
116900258,5,104,-99
116900259,522,23,499
116900260,0,30,-30
116900261,95,4,91
116900262,178,71,107
116900263,1,30,-29
116900264,0,5,-5
116900265,123,0,123
116900266,47,24,23
116900267,19,0,19
116900268,249,181,68
116900269,497,1181,-684
116900271,735,497,238
116900272,578,330,248
116900273,44,602,-558
116900274,215,36,179
116900275,435,65,370
116900276,432,411,21
116900277,253,41,212
116900278,3,6,-3
116900279,9,31,-22
116900280,53,28,25
116900281,3753,7843,-4090
116900282,2,35,-33
116900283,9,44,-35
116900284,18,106,-88
116900285,203,388,-185
116900286,171,30,141
116900287,18,22,-4
116900288,188,57,131
116900289,39,2,37
116900290,66,4,62
116900291,48,14,34
116900292,4,43,-39
116900293,111,5,106
116900294,12,155,-143
116900295,175,527,-352
116900296,69,438,-369
116900297,3,156,-153
116900298,115,406,-291
116900299,54,621,-567
116900300,3,267,-264
116900301,25,1395,-1370
116900302,14,161,-147
116900303,110,238,-128
116900304,1,320,-319
116900305,14,46,-32
116900306,435,50,385
117000001,3962,3949,13
117000002,2232,4227,-1995
117000003,7455,4619,2836
117000004,2477,5971,-3494
117000005,4922,2961,1961
117000006,1144,2207,-1063
117000007,7915,1493,6422
117000008,1208,2704,-1496
117000009,5514,1990,3524
117000010,1683,2656,-973
117000011,3875,1690,2185
117000012,1855,928,927
117000013,2729,1071,1658
117000014,1427,2239,-812
117000015,3593,1874,1719
117000016,458,653,-195
117000017,118,1624,-1506
117000018,155,1741,-1586
117000019,78,9,69
117000020,968,3446,-2478
117000021,2525,852,1673
117000022,263,829,-566
117000023,84,975,-891
117000024,189,1606,-1417
117000025,194,4802,-4608
117000026,2033,5373,-3340
117000027,1514,4939,-3425
117000028,1251,4293,-3042
117000030,400,461,-61
117000031,532,492,40
117000032,1651,1903,-252
117000033,2016,1127,889
117000034,368,233,135
117000035,491,594,-103
117000036,525,376,149
117000037,395,252,143
117000038,423,749,-326
117000039,577,497,80
117000040,225,669,-444
117000041,1850,129,1721
117000044,10,673,-663
117000045,1173,258,915
117000046,415,1033,-618
117000047,1376,1017,359
117000048,1588,848,740
117000049,50,487,-437
117000050,280,1187,-907
117000051,3887,56,3831
117000052,43,170,-127
117000053,1132,37,1095
117000054,2310,16,2294
117000055,1,1261,-1260
117000056,885,47,838
117000057,523,1683,-1160
117000060,575,1342,-767
117000061,3797,1778,2019
117000062,232,1204,-972
117000063,2551,1107,1444
117000064,616,615,1
117000066,655,720,-65
117000067,130,825,-695
117000074,49,223,-174
117000076,57,55,2
117000077,266,216,50
117000078,182,554,-372
117000079,527,332,195
117000080,0,417,-417
117000081,1187,239,948
117000082,23,67,-44
117000083,245,30,215
117000084,223,2,221
117000085,408,999,-591
117000086,827,281,546
117000087,82,497,-415
117000088,370,158,212
117000089,2985,265,2720
117000090,330,678,-348
117000091,1672,245,1427
117000092,640,689,-49
117000093,2544,690,1854
117000094,1185,1231,-46
117000095,4835,870,3965
117000096,847,1483,-636
117000097,2915,1082,1833
117000098,1755,2644,-889
117000099,6532,1220,5312
117000100,258,458,-200
117000101,193,692,-499
117000102,3014,749,2265
117000103,446,872,-426
117000104,2629,752,1877
117000105,596,894,-298
117000106,2683,626,2057
117000107,638,1156,-518
117000108,3983,1258,2725
117000109,926,1590,-664
117000110,2920,2635,285
117000111,5497,4365,1132
117000112,4923,1588,3335
117000113,135,90,45
117000114,381,139,242
117000115,97,55,42
117000116,243,230,13
117000117,2140,1499,641
117000118,479,201,278
117000119,189,1099,-910
117000120,115,2696,-2581
117000121,43,1494,-1451
117000122,1165,2312,-1147
117000123,3538,99,3439
117000124,75,357,-282
117000125,115,1207,-1092
117000126,33,28,5
117000127,118,691,-573
117000128,140,1887,-1747
117000129,322,1990,-1668
117000130,194,2,192
117000131,1,98,-97
117000132,5441,85,5356
117000133,3721,92,3629
117000134,1,315,-314
117000135,4,339,-335
117000136,0,88,-88
117000137,374,206,168
117000138,2,1178,-1176
117000140,450,846,-396
117000141,3176,631,2545
117000181,435,259,176
117000182,3053,1532,1521
117000195,173,756,-583
117000196,519,233,286
117000225,64,405,-341
117000226,5,592,-587
117000276,471,30,441
117000277,0,116,-116
117000310,1380,2198,-818
117000315,319,936,-617
117000320,127,0,127
117000906,742,33,709
117000907,11,203,-192
117000908,3,492,-489
117000909,87,81,6
117000910,387,177,210
117000911,53,140,-87
117000915,10,191,-181
117000916,112,13,99
117000917,2425,69,2356
117000918,280,96,184
117000919,38,59,-21
117000920,1,1021,-1020
117000921,0,387,-387
117000922,30,59,-29
117000924,1043,998,45
117000926,983,772,211
117000927,239,1027,-788
117000928,0,154,-154
117000929,581,179,402
117000930,946,27,919
117000931,113,181,-68
117900002,83,1061,-978
117900003,196,375,-179
117900005,7,404,-397
117900006,1,177,-176
117900007,252,93,159
117900008,0,23,-23
117900010,558,81,477
117900011,33,1055,-1022
117900012,132,74,58
117900013,0,187,-187
117900014,1048,183,865
117900015,33,84,-51
117900016,1137,1149,-12
117900017,1239,488,751
117900018,513,1742,-1229
117900019,1266,187,1079
117900020,56,443,-387
117900021,73,112,-39
117900022,46,7,39
117900023,4383,128,4255
117900024,136,103,33
117900025,38,0,38
117900026,653,148,505
117900028,87,3,84
117900029,638,559,79
117900030,724,329,395
117900031,282,923,-641
117900032,1128,827,301
117900033,765,524,241
117900034,62,28,34
117900035,295,165,130
117900036,718,223,495
117900037,232,91,141
117900038,61,83,-22
117900039,1,45,-44
117900040,237,135,102
117900041,0,28,-28
117900042,2950,431,2519
117900043,3,33,-30
117900044,31,6322,-6291
117900045,315,168,147
117900048,444,160,284
117900049,528,305,223
117900050,20,1320,-1300
117900051,22,2,20
117900052,155,642,-487
117900053,2474,221,2253
117900054,2,24,-22
117900055,3301,444,2857
117900056,79,240,-161
117900057,1001,951,50
117900058,20,145,-125
117900059,166,164,2
117900060,3655,1963,1692
117900061,25,716,-691
117900063,718,242,476
117900065,330,930,-600
117900066,11,151,-140
117900067,1398,186,1212
117900069,1464,245,1219
117900070,72,324,-252
117900071,299,113,186
117900073,900,237,663
117900074,82,709,-627
117900075,168,53,115
117900076,70,137,-67
117900077,775,148,627
117900078,536,912,-376
117900080,372,62,310
117900081,261,302,-41
117900082,928,576,352
117900083,869,398,471
117900086,366,52,314
117900087,192,32,160
117900088,1161,1390,-229
117900089,3241,760,2481
117900090,922,452,470
117900091,129,56,73
117900092,174,33,141
117900093,151,43,108
117900094,76,40,36
117900095,619,998,-379
117900096,202,422,-220
117900097,333,47,286
117900098,101,23,78
117900099,300,617,-317
117900100,815,4,811
117900101,1041,3020,-1979
117900102,125,14,111
117900103,87,5,82
117900104,10,350,-340
117900105,83,169,-86
117900106,137,52,85
117900107,90,0,90
117900109,1322,391,931
117900110,275,2,273
117900111,779,48,731
117900112,100,20,80
117900113,1340,2424,-1084
117900114,54,0,54
117900115,63,444,-381
117900116,949,657,292
117900117,1248,150,1098
117900118,143,2,141
117900119,327,70,257
117900120,850,32,818
117900121,174,220,-46
117900122,1132,6463,-5331
117900123,1447,349,1098
117900124,383,623,-240
117900125,1757,1739,18
117900126,135,380,-245
117900127,847,238,609
117900128,466,309,157
117900129,176,6,170
117900130,795,552,243
117900131,4,73,-69
117900132,14,86,-72
117900133,45,52,-7
117900134,77,246,-169
117900135,17,89,-72
117900136,0,4,-4
117900137,145,191,-46
117900138,0,7,-7
117900139,107,88,19
117900140,5407,758,4649
117900141,108,407,-299
117900142,24,507,-483
117900144,60,2077,-2017
117900145,14,258,-244
117900146,263,439,-176
117900147,129,118,11
117900148,3670,3516,154
117900149,125,127,-2
117900150,81,77,4
117900151,57,118,-61
117900152,122,144,-22
117900153,9,203,-194
117900154,675,565,110
117900156,560,685,-125
117900157,118,528,-410
117900158,495,129,366
117900160,942,915,27
117900161,1207,1160,47
117900162,1155,535,620
117900163,21,1005,-984
117900165,0,7,-7
117900166,70,581,-511
117900168,90,104,-14
117900169,1,51,-50
117900170,7,11,-4
117900171,0,7,-7
117900172,12,6,6
117900173,42,186,-144
117900174,20,56,-36
117900175,1,28,-27
117900176,14,12,2
117900177,24,14,10
117900178,124,32,92
117900180,279,83,196
117900181,46,491,-445
117900182,5,58,-53
117900183,127,113,14
117900184,40,68,-28
117900185,84,35,49
117900186,36,6,30
117900187,32,8,24
117900188,218,62,156
117900189,121,26,95
117900190,12,3,9
117900191,123,1,122
117900192,238,1,237
117900193,56,51,5
117900194,15,11,4
117900195,5,128,-123
117900196,34,40,-6
117900207,76,177,-101
117900208,39,21,18
117900209,261,119,142
117900210,191,126,65
117900211,13,88,-75
117900212,158,363,-205
117900213,68,7,61
117900214,18,12,6
117900215,40,40,0
117900216,27,133,-106
117900217,56,526,-470
117900218,103,189,-86
117900219,2,261,-259
117900220,16,605,-589
117900222,317,108,209
117900223,132,346,-214
118000001,898,2746,-1848
118000002,556,1664,-1108
118000003,2553,6278,-3725
118000004,1529,5448,-3919
118000005,4721,5097,-376
118000006,4053,6825,-2772
118000007,5078,11048,-5970
118000008,1161,5704,-4543
118000009,1680,4272,-2592
118000010,5635,5090,545
118000011,2201,2176,25
118000012,1351,1904,-553
118000013,3173,2566,607
118000014,2070,1363,707
118000016,459,241,218
118000017,1162,635,527
118000018,482,337,145
118000019,1407,2566,-1159
118000020,699,3700,-3001
118000021,614,4134,-3520
118000022,1078,953,125
118000023,418,332,86
118000024,567,1430,-863
118000027,9838,10676,-838
118000029,587,1034,-447
118000032,268,3261,-2993
118000033,2381,6589,-4208
118000034,3457,4448,-991
118000035,2230,3194,-964
118000036,995,1298,-303
118000037,841,1757,-916
118000038,904,118,786
118000039,98,93,5
118000040,1959,1548,411
118000041,3824,1712,2112
118000045,366,275,91
118000046,1076,1971,-895
118000047,634,4198,-3564
118000048,1418,4529,-3111
118000051,904,5655,-4751
118000052,469,2724,-2255
118000053,507,1109,-602
118000054,3287,894,2393
118000055,3049,1876,1173
118000056,120,718,-598
118000057,174,372,-198
118000058,2042,5781,-3739
118000059,1542,3188,-1646
118000060,1345,725,620
118000061,1350,1249,101
118000062,494,394,100
118000063,443,1310,-867
118000064,724,1673,-949
118000065,1931,2013,-82
118000066,1856,4749,-2893
118000067,501,767,-266
118000068,902,11364,-10462
118000069,1292,1593,-301
118000070,6292,2760,3532
118000071,4155,11762,-7607
118000072,786,3775,-2989
118000073,556,1879,-1323
118000074,656,527,129
118000075,547,347,200
118000076,2253,7714,-5461
118000077,1282,2495,-1213
118000078,2109,3991,-1882
118000079,289,791,-502
118000080,641,1412,-771
118000081,1733,2578,-845
118000082,481,1533,-1052
118000083,1640,2358,-718
118000084,2464,2902,-438
118000086,186,742,-556
118000087,4321,2835,1486
118000088,1367,1969,-602
118000089,4307,3472,835
118000090,828,3918,-3090
118000091,1246,5224,-3978
118000092,881,835,46
118000093,79,804,-725
118000096,601,1038,-437
118000097,659,986,-327
118000098,340,394,-54
118000099,1370,609,761
118000101,2712,500,2212
118000102,548,690,-142
118000107,3043,780,2263
118000108,753,4759,-4006
118000110,1,57,-56
118000111,1,177,-176
118000112,1132,5,1127
118000113,9,317,-308
118000114,1039,14,1025
118000115,30,15,15
118000116,12,0,12
118000117,805,1000,-195
118000118,1384,2565,-1181
118000119,1188,2558,-1370
118000120,1509,1763,-254
118000121,36,833,-797
118000122,589,370,219
118000123,63,348,-285
118000125,1269,1843,-574
118000126,674,2735,-2061
118000127,1410,1140,270
118000128,327,2295,-1968
118000129,1794,836,958
118000130,2161,2824,-663
118000131,351,683,-332
118000132,3504,2680,824
118000133,1910,824,1086
118000135,687,1164,-477
118000136,180,912,-732
118000137,418,126,292
118000138,530,435,95
118000139,510,131,379
118000140,4381,10120,-5739
118000141,3859,1923,1936
118000142,3584,1954,1630
118000143,4444,1897,2547
118000144,947,521,426
118000145,1750,1463,287
118000146,1799,601,1198
118000147,1625,1067,558
118000148,777,1546,-769
118000149,1281,631,650
118000150,971,271,700
118000151,1256,404,852
118000153,2710,1204,1506
118000154,1947,1371,576
118000155,4175,1477,2698
118000156,3116,4220,-1104
118000157,877,445,432
118000158,305,702,-397
118000159,32,149,-117
118000160,1201,405,796
118000161,960,317,643
118000162,1792,1153,639
118000163,1437,1213,224
118000164,2572,1791,781
118000168,531,1165,-634
118000169,1082,956,126
118000170,3112,2645,467
118000171,529,460,69
118000172,101,141,-40
118000173,973,1914,-941
118000175,330,473,-143
118000176,523,723,-200
118000177,541,824,-283
118000178,53,41,12
118000179,880,1422,-542
118000180,899,690,209
118000181,914,235,679
118000182,399,215,184
118000183,365,392,-27
118000184,1715,547,1168
118000185,795,2385,-1590
118000186,665,1732,-1067
118000187,3058,500,2558
118000188,1181,92,1089
118000189,1181,357,824
118000190,5,10,-5
118000191,21,11,10
118000192,30,88,-58
118000193,6,151,-145
118000194,1902,925,977
118000195,252,5344,-5092
118000196,171,688,-517
118000197,62,247,-185
118000198,475,2041,-1566
118000199,364,1360,-996
118000200,139,830,-691
118000201,176,988,-812
118000202,67,373,-306
118000203,364,1488,-1124
118000204,66,779,-713
118000205,68,316,-248
118000206,293,328,-35
118000207,0,54,-54
118000208,1691,1584,107
118000209,3304,984,2320
118000210,173,37,136
118000211,87,72,15
118000213,462,5491,-5029
118000214,399,1106,-707
118000215,549,98,451
118000216,7538,2274,5264
118000217,28,37,-9
118000218,101,78,23
118000219,438,358,80
118000220,13,72,-59
118000221,658,716,-58
118000222,97,18,79
118000223,173,31,142
118000224,163,74,89
118000225,144,1539,-1395
118000226,1549,250,1299
118000227,1002,498,504
118000228,62,691,-629
118000229,55,610,-555
118000230,262,235,27
118000231,61,288,-227
118000232,1459,461,998
118000233,1970,819,1151
118000234,795,205,590
118000236,366,325,41
118000237,191,292,-101
118000238,393,139,254
118000239,402,299,103
118000240,147,93,54
118000241,250,213,37
118000242,742,281,461
118000243,515,190,325
118000244,81,41,40
118000246,0,56,-56
118000255,69,377,-308
118000256,172,247,-75
118000259,11,86,-75
118000260,288,76,212
118000261,114,22,92
118000263,134,230,-96
118000266,216,294,-78
118000267,3,430,-427
118000268,285,7,278
118000270,175,10,165
118000271,297,188,109
118000272,118,50,68
118000273,420,45,375
118000274,162,271,-109
118000276,705,439,266
118000295,21,119,-98
118000298,209,155,54
118000299,85,114,-29
118000301,0,130,-130
118000302,145,26,119
118000311,1244,63,1181
118000312,448,144,304
118000313,156,56,100
118000314,154,16,138
118000315,134,22,112
118000316,1162,528,634
118000325,145,27,118
118000326,73,43,30
118000331,30,18,12
118000332,11,17,-6
118000333,16,36,-20
118000335,851,1,850
118000336,0,142,-142
118000407,394,57,337
118000457,13,151,-138
118000465,776,3430,-2654
118000480,87,55,32
118000489,4,634,-630
118000490,9,157,-148
118000492,570,218,352
118000510,40,45,-5
118000514,109,823,-714
118000515,641,1388,-747
118000517,289,176,113
118000524,160,487,-327
118000525,513,849,-336
118000530,63,183,-120
118000531,693,238,455
118000532,389,212,177
118000533,286,142,144
118000534,947,370,577
118000535,458,139,319
118000536,71,883,-812
118000537,34,127,-93
118000538,32,92,-60
118000539,39,100,-61
118000540,242,211,31
118000541,94,118,-24
118000542,160,424,-264
118000543,297,355,-58
118000546,76,25,51
118000553,0,1,-1
118000557,0,0,0
118000560,1456,3311,-1855
118000562,48,141,-93
118000563,1471,1029,442
118000576,144,41,103
118000577,230,111,119
118000578,124,49,75
118000579,851,2169,-1318
118000583,0,0,0
118000595,312,88,224
118000596,2,609,-607
118000597,110,77,33
118000598,2,1,1
118000599,162,100,62
118000600,2,4,-2
118000601,12,0,12
118000602,2,3,-1
118000603,0,3,-3
118900001,528,1221,-693
118900002,719,1270,-551
118900003,753,5,748
118900004,64,33,31
118900005,87,11,76
118900006,318,12,306
118900007,1,0,1
118900008,1116,45,1071
118900009,85,103,-18
118900010,167,21,146
118900011,227,34,193
118900012,396,205,191
118900013,909,489,420
118900015,433,75,358
118900016,12,8,4
118900017,44,330,-286
118900018,1302,32,1270
118900019,23,16,7
118900020,72,401,-329
118900021,191,427,-236
118900022,184,41,143
118900023,145,152,-7
118900024,162,175,-13
118900025,41,23,18
118900026,80,33,47
118900027,461,157,304
118900028,298,113,185
118900029,273,448,-175
118900030,803,89,714
118900031,154,43,111
118900032,427,89,338
118900033,335,725,-390
118900034,271,59,212
118900035,153,87,66
118900036,1460,559,901
118900037,279,658,-379
118900038,662,83,579
118900039,890,125,765
118900040,315,145,170
118900041,949,270,679
118900042,214,94,120
118900045,268,215,53
118900046,495,415,80
118900047,410,392,18
118900048,151,787,-636
118900049,107,53,54
118900050,73,15,58
118900051,33,127,-94
118900052,270,681,-411
118900053,27,138,-111
118900054,248,63,185
118900055,238,17,221
118900056,26,402,-376
118900057,1252,636,616
118900058,574,508,66
118900059,31,154,-123
118900060,91,105,-14
118900062,274,142,132
118900064,240,728,-488
118900065,62,145,-83
118900066,126,125,1
118900067,3659,5118,-1459
118900068,32,404,-372
118900069,811,212,599
118900071,7,17,-10
118900072,878,548,330
118900073,288,128,160
118900074,316,98,218
118900075,141,25,116
118900076,274,256,18
118900077,426,199,227
118900078,6,0,6
118900079,78,135,-57
118900080,100,60,40
118900081,81,82,-1
118900082,2264,210,2054
118900083,30,8,22
118900084,17,28,-11
118900085,620,506,114
118900086,64,189,-125
118900087,78,751,-673
118900088,1,2,-1
118900089,47,29,18
118900090,613,240,373
118900091,93,387,-294
118900092,287,44,243
118900093,118,38,80
118900096,42,60,-18
118900097,297,597,-300
118900099,85,168,-83
118900100,117,256,-139
118900101,314,222,92
118900102,23,91,-68
118900103,33,221,-188
118900104,339,91,248
118900105,275,62,213
118900107,125,61,64
118900108,109,109,0
118900110,1410,1175,235
118900111,1142,447,695
118900112,196,294,-98
118900113,113,320,-207
118900114,27,279,-252
118900115,149,607,-458
118900116,88,165,-77
118900117,141,142,-1
118900118,391,258,133
118900119,263,216,47
118900120,147,412,-265
118900121,32,69,-37
118900122,11,1279,-1268
118900123,237,337,-100
118900124,144,109,35
118900126,50,476,-426
118900129,384,199,185
118900130,33,313,-280
118900131,541,186,355
118900132,377,222,155
118900133,9,173,-164
118900135,303,159,144
118900136,371,308,63
118900137,27,94,-67
118900139,391,198,193
118900140,641,383,258
118900141,214,56,158
118900144,264,289,-25
118900145,26,102,-76
118900146,488,540,-52
118900147,161,471,-310
118900148,65,64,1
118900150,134,650,-516
118900152,730,591,139
118900157,76,324,-248
118900158,231,54,177
118900159,1,82,-81
118900161,57,13,44
118900163,52,84,-32
118900164,3,49,-46
118900165,143,59,84
118900166,33,3,30
118900167,199,57,142
118900168,22,222,-200
118900169,151,79,72
118900170,301,46,255
118900171,76,33,43
118900174,99,55,44
118900175,917,619,298
118900176,280,319,-39
118900177,136,13,123
118900178,95,107,-12
118900179,10,16,-6
118900181,172,72,100
118900182,18,82,-64
118900183,29,186,-157
118900184,286,135,151
118900185,192,62,130
118900186,61,143,-82
118900187,191,319,-128
118900188,347,326,21
118900189,59,904,-845
118900190,74,196,-122
118900191,479,28,451
118900192,410,11,399
118900193,1075,3,1072
118900195,221,408,-187
118900196,59,205,-146
118900197,435,18,417
118900198,27,3,24
118900199,89,13,76
118900200,21,35,-14
118900201,59,75,-16
118900202,15,55,-40
118900203,34,4,30
118900204,42,7,35
118900205,5,2,3
118900206,5,4,1
119000001,1887,3499,-1612
119000002,4751,6580,-1829
119000003,4790,913,3877
119000004,3397,2289,1108
119000005,3002,3259,-257
119000006,4671,1859,2812
119000007,4578,4680,-102
119000008,2467,2077,390
119000009,3296,8181,-4885
119000010,4707,5083,-376
119000011,2467,3357,-890
119000012,1326,3778,-2452
119000013,4023,2416,1607
119000014,1761,2624,-863
119000019,412,245,167
119000020,3506,2273,1233
119000021,7744,4815,2929
119000022,1631,4558,-2927
119000023,237,290,-53
119000024,2156,22434,-20278
119000025,3990,1128,2862
119000026,95,727,-632
119000027,192,472,-280
119000028,2095,544,1551
119000029,73,304,-231
119000030,750,890,-140
119000031,1228,692,536
119000032,2446,2210,236
119000033,2628,1114,1514
119000034,1791,625,1166
119000035,53,193,-140
119000036,3752,521,3231
119000037,1947,806,1141
119000038,274,426,-152
119000039,836,428,408
119000040,1092,992,100
119000041,837,1585,-748
119000048,2634,1810,824
119000049,3878,1816,2062
119000050,1842,1648,194
119000051,3011,1161,1850
119000052,3276,2613,663
119000053,2379,1435,944
119000054,4658,1797,2861
119000055,7981,2365,5616
119000056,5011,1913,3098
119000057,2338,1295,1043
119000058,2022,1280,742
119000059,1284,1291,-7
119000060,2447,1032,1415
119000061,1342,784,558
119000062,1393,1252,141
119000063,921,648,273
119000064,1019,953,66
119000065,1517,3409,-1892
119000066,2669,1350,1319
119000067,2238,1354,884
119000068,2361,1032,1329
119000069,2286,1797,489
119000070,4177,758,3419
119000071,501,648,-147
119000072,5324,3522,1802
119000073,4383,12533,-8150
119000074,2188,1486,702
119000075,5242,2458,2784
119000076,201,1785,-1584
119000077,660,706,-46
119000078,632,260,372
119000079,254,778,-524
119000080,995,156,839
119000081,304,550,-246
119000082,1273,227,1046
119000083,945,574,371
119000084,392,453,-61
119000085,648,112,536
119000086,421,753,-332
119000087,874,339,535
119000088,390,155,235
119000089,115,208,-93
119000090,183,81,102
119000091,133,319,-186
119000092,364,166,198
119000093,4188,2470,1718
119000094,5366,6534,-1168
119000095,2970,4046,-1076
119000097,2032,1017,1015
119000098,1765,5628,-3863
119000099,2742,1138,1604
119000100,6314,3649,2665
119000101,4117,1744,2373
119000102,584,1951,-1367
119000103,1046,811,235
119000104,1549,1040,509
119000105,1193,3891,-2698
119000106,549,627,-78
119000107,1614,700,914
119000108,802,490,312
119000109,227,906,-679
119000110,419,589,-170
119000111,48,1087,-1039
119000112,207,165,42
119000113,1307,499,808
119000114,2436,1643,793
119000115,140,220,-80
119000116,118,158,-40
119000117,210,510,-300
119000118,7,0,7
119000123,2951,4244,-1293
119000124,1441,153,1288
119000125,6702,548,6154
119000126,2708,571,2137
119000127,1369,388,981
119000128,24,2,22
119000131,1510,279,1231
119000132,2,3,-1
119000133,0,12,-12
119000134,1549,691,858
119000135,320,250,70
119000136,543,85,458
119000137,351,125,226
119000138,1244,81,1163
119000139,278,98,180
119000140,514,429,85
119000284,1174,2211,-1037
119000285,1933,1578,355
119000286,3806,3233,573
119000287,1401,1622,-221
119000288,2324,976,1348
119000289,1310,3096,-1786
119000290,294,241,53
119000291,46,228,-182
119000293,184,192,-8
119000294,59,41,18
119000295,1543,288,1255
119000296,374,165,209
119000299,0,1,-1
119000302,1715,1396,319
119000303,48,351,-303
119000314,1852,16968,-15116
119000315,0,139,-139
119000316,329,81,248
119000317,147,107,40
119900001,213,2161,-1948
119900002,307,357,-50
119900003,53,425,-372
119900004,180,2917,-2737
119900005,374,85,289
119900006,162,517,-355
119900007,899,335,564
119900008,29,81,-52
119900009,658,423,235
119900010,860,1009,-149
119900011,47,335,-288
119900012,36,246,-210
119900013,2178,1832,346
119900014,508,204,304
119900015,428,82,346
119900016,91,41,50
119900017,70,45,25
119900018,1043,1694,-651
119900019,80,10,70
119900020,177,158,19
119900021,276,82,194
119900022,155,1636,-1481
119900023,530,3774,-3244
119900025,576,26,550
119900026,631,211,420
119900027,15,35,-20
119900028,303,220,83
119900029,12,1,11
119900030,702,371,331
119900031,115,1117,-1002
119900033,1344,411,933
119900034,1143,64,1079
119900037,226,6,220
119900038,49,619,-570
119900039,77,20,57
119900040,214,112,102
119900041,346,22,324
119900042,84,200,-116
119900043,192,184,8
119900044,328,1314,-986
119900046,308,15,293
119900047,710,367,343
119900048,59,10,49
119900049,310,1,309
119900050,258,256,2
119900051,1005,17,988
119900052,139,9,130
119900053,443,155,288
119900054,506,16,490
119900055,1860,473,1387
119900057,412,31,381
119900058,625,9,616
119900059,185,18,167
119900060,420,63,357
119900062,146,7,139
119900063,9,85,-76
119900065,309,17,292
119900066,0,0,0
119900067,123,15,108
119900068,1208,4,1204
119900069,241,30,211
119900070,1538,11,1527
119900071,1329,61,1268
119900073,1201,436,765
119900074,25,63,-38
119900075,1839,2036,-197
119900076,1248,199,1049
119900077,1696,411,1285
119900078,1175,694,481
119900079,745,76,669
119900080,2492,761,1731
119900081,980,13,967
119900082,2722,289,2433
119900083,421,90,331
119900084,546,538,8
119900085,73,41,32
119900087,489,930,-441
119900088,39,37,2
119900089,93,152,-59
119900090,70,27,43
119900091,55,200,-145
119900092,64,316,-252
119900093,2142,259,1883
119900094,27,182,-155
119900095,149,142,7
119900096,33,112,-79
119900097,183,184,-1
119900098,65,65,0
119900099,45,133,-88
119900100,618,3006,-2388
119900101,141,1733,-1592
119900102,95,130,-35
119900103,81,150,-69
119900104,38,102,-64
119900105,940,3567,-2627
119900106,8,98,-90
119900107,276,1242,-966
119900108,4630,696,3934
119900109,32,102,-70
119900110,862,358,504
119900111,179,101,78
119900112,730,893,-163
119900113,61,208,-147
119900114,391,516,-125
119900115,648,355,293
119900116,132,569,-437
119900117,594,322,272
119900118,167,234,-67
119900119,433,174,259
119900120,663,451,212
119900121,712,313,399
119900122,77,226,-149
119900123,254,404,-150
119900124,324,373,-49
119900125,59,229,-170
119900126,2571,181,2390
119900127,809,586,223
119900128,633,394,239
119900129,545,177,368
119900130,17,172,-155
119900131,72,91,-19
119900132,1,84,-83
119900133,161,72,89
119900134,572,94,478
119900135,1,166,-165
119900136,143,215,-72
119900138,168,332,-164
119900139,6,182,-176
119900140,3,167,-164
119900141,48,1161,-1113
119900142,15,34,-19
119900143,19,322,-303
119900144,1126,199,927
119900145,105,106,-1
119900146,151,191,-40
119900147,3,226,-223
119900148,464,58,406
119900149,495,7191,-6696
119900150,186,120,66
119900151,1627,1187,440
119900152,266,145,121
119900153,304,57,247
119900154,83,145,-62
119900155,77,39,38
119900156,22,15,7
119900157,246,123,123
119900158,368,51,317
119900159,4,405,-401
119900160,55,84,-29
119900161,152,102,50
119900162,1656,1000,656
119900163,71,189,-118
119900164,2,0,2
119900165,337,102,235
119900166,126,63,63
119900167,8,65,-57
119900168,1823,365,1458
119900169,40,372,-332
119900170,125,260,-135
119900171,1051,372,679
119900172,61,37,24
119900173,20,155,-135
119900174,23,103,-80
119900175,2191,372,1819
119900177,57,152,-95
119900178,17,139,-122
119900179,261,1107,-846
119900180,1617,772,845
119900181,17,175,-158
119900182,3,105,-102
119900183,174,496,-322
119900184,776,404,372
119900185,91,430,-339
119900186,13,2013,-2000
119900187,20,225,-205
119900188,242,322,-80
119900189,153,406,-253
119900190,109,370,-261
119900191,190,610,-420
119900192,66,156,-90
119900193,792,151,641
119900194,35,96,-61
119900195,58,201,-143
119900196,315,174,141
119900197,408,199,209
119900198,246,232,14
119900199,220,41,179
119900200,857,640,217
119900201,205,186,19
119900202,88,414,-326
119900203,195,748,-553
119900204,534,348,186
119900205,1568,276,1292
119900206,449,110,339
119900208,188,190,-2
119900209,948,2483,-1535
119900210,73,24,49
119900211,81,7,74
119900212,597,287,310
119900213,16,79,-63
119900214,121,21,100
119900215,86,30,56
119900216,28,20,8
119900217,48,16,32
119900218,27,115,-88
119900219,15,57,-42
119900220,28,18,10
119900221,87,74,13
119900222,33,82,-49
119900223,14,39,-25
119900224,34,15,19
119900225,314,23,291
119900226,289,2362,-2073
119900227,358,257,101
119900228,18,274,-256
119900229,153,293,-140
119900230,1106,297,809
119900231,429,80,349
119900232,180,167,13
119900233,126,12,114
119900234,17,205,-188
119900235,11,38,-27
119900236,28,231,-203
119900237,96,849,-753
119900238,2,103,-101
119900240,102,111,-9
119900241,224,193,31
119900242,2235,1652,583
119900244,716,1023,-307
119900245,261,255,6
119900246,236,757,-521
119900247,20,111,-91
119900248,59,465,-406
119900249,502,171,331
119900253,1157,345,812
119900254,100,1705,-1605
119900255,233,1289,-1056
119900256,1528,457,1071
119900257,146,4,142
119900258,448,36,412
119900259,13,46,-33
119900260,307,32,275
119900261,759,244,515
119900262,1,142,-141
119900263,1889,279,1610
119900264,261,76,185
119900265,485,205,280
119900266,654,173,481
119900267,226,262,-36
119900268,299,75,224
119900269,1621,455,1166
119900271,38,82,-44
119900272,276,532,-256
119900275,134,10,124
119900276,181,7,174
119900277,10,17,-7
119900278,408,152,256
119900279,141,403,-262
119900280,558,99,459
119900281,2,477,-475
119900282,31,194,-163
119900283,77,96,-19
119900284,103,134,-31
119900285,6,141,-135
119900286,1,30,-29
119900288,11,5,6
119900289,1,13,-12
119900290,6,0,6
119900291,1,67,-66
119900292,49,61,-12
119900293,49,14,35
119900294,49,0,49
119900295,0,0,0
119900296,0,0,0
119900299,96,108,-12
119900300,308,184,124
119900301,87,271,-184
119900302,111,228,-117
119900303,404,142,262
119900304,420,13,407
119900305,3,80,-77
119900306,38,4,34
119900307,113,43,70
119900308,12,32,-20
119900309,50,337,-287
119900310,362,292,70
119900311,225,35,190
119900312,304,115,189
119900313,375,259,116
119900314,361,544,-183
119900315,3262,1100,2162
119900318,25,117,-92
119900319,5,105,-100
119900320,413,343,70
119900321,188,11,177
119900322,7,48,-41
119900323,2,110,-108
119900324,0,39,-39
119900325,337,76,261
119900326,39,55,-16
120000001,10693,35801,-25108
120000002,3014,2935,79
120000003,2499,1450,1049
120000004,3112,1146,1966
120000005,2629,1561,1068
120000006,1727,1111,616
120000007,3231,5564,-2333
120000008,1209,1411,-202
120000009,1603,933,670
120000010,2783,2521,262
120000011,1174,1383,-209
120000012,2046,2051,-5
120000013,4764,2956,1808
120000014,1005,1413,-408
120000015,3151,1633,1518
120000016,5672,2707,2965
120000017,5856,5044,812
120000018,3910,22014,-18104
120000019,1556,2325,-769
120000020,3044,4800,-1756
120000021,2324,3456,-1132
120000022,3507,4717,-1210
120000023,1909,2310,-401
120000024,1562,3114,-1552
120000025,3988,2099,1889
120000026,4990,2254,2736
120000027,3601,2811,790
120000028,1023,3142,-2119
120000029,979,2736,-1757
120000030,224,1059,-835
120000031,2614,6516,-3902
120000032,5461,3455,2006
120000033,4969,1538,3431
120000034,4028,1122,2906
120000035,4798,2270,2528
120000036,4524,6980,-2456
120000037,822,2460,-1638
120000038,4476,3962,514
120000039,1064,1397,-333
120000040,119,1532,-1413
120000041,608,1438,-830
120000042,2507,1595,912
120000043,6469,981,5488
120000044,8637,1773,6864
120000045,11720,995,10725
120000046,7092,4527,2565
120000047,646,12616,-11970
120000048,9065,5490,3575
120000049,4996,4008,988
120000050,4478,5240,-762
120000051,2747,5055,-2308
120000052,7515,1438,6077
120000053,1529,1690,-161
120000054,1773,2797,-1024
120000055,1797,3330,-1533
120000056,5670,3989,1681
120000057,5706,1668,4038
120000058,1566,1989,-423
120000059,16,2344,-2328
120000061,135,624,-489
120000062,170,443,-273
120000063,686,2058,-1372
120000064,266,825,-559
120000065,567,1158,-591
120000066,260,381,-121
120000067,19,278,-259
120000068,271,322,-51
120000069,686,351,335
120000070,173,428,-255
120000071,1155,48,1107
120000072,1290,395,895
120000073,1429,98,1331
120000074,135,110,25
120000075,1657,515,1142
120000076,3576,625,2951
120000077,3504,823,2681
120000078,3195,1433,1762
120000079,430,173,257
120000080,227,243,-16
120000081,445,82,363
120000082,357,300,57
120000083,114,919,-805
120000084,342,408,-66
120000085,270,390,-120
120000086,291,331,-40
120000087,439,312,127
120000088,1051,930,121
120000089,1426,476,950
120000090,1450,461,989
120000091,1630,850,780
120000092,1512,498,1014
120000093,1214,665,549
120000094,425,1112,-687
120000095,1141,361,780
120000096,546,418,128
120000098,1579,510,1069
120000099,651,514,137
120000100,1234,681,553
120000101,1068,448,620
120000102,1175,1391,-216
120000103,2169,1407,762
120000104,3309,603,2706
120000105,4407,623,3784
120000106,4132,609,3523
120000107,8295,715,7580
120000108,2830,157,2673
120000109,1804,82,1722
120000110,54,809,-755
120000111,118,711,-593
120000112,678,1498,-820
120000113,683,1100,-417
120000114,593,1327,-734
120000115,442,1298,-856
120000116,656,1331,-675
120000117,641,968,-327
120000118,77,60,17
120000119,42,52,-10
120000120,263,284,-21
120000121,21,55,-34
120000122,297,1230,-933
120000123,2757,13292,-10535
120000124,674,502,172
120000125,1507,561,946
120000126,459,2296,-1837
120000127,1371,2397,-1026
120000128,2402,6762,-4360
120000129,198,330,-132
120000130,1215,549,666
120000131,816,817,-1
120000134,551,323,228
120000135,1501,718,783
120000137,443,323,120
120000138,2479,240,2239
120000139,419,232,187
120000140,1851,216,1635
120000141,496,421,75
120000142,1321,565,756
120000143,0,60,-60
120000144,198,20,178
120000145,1155,9,1146
120000146,1163,2128,-965
120000149,795,767,28
120000150,1972,14787,-12815
120000151,679,384,295
120000152,1137,154,983
120000153,700,564,136
120000154,1029,883,146
120000155,280,485,-205
120000156,387,3229,-2842
120000157,1310,586,724
120000158,1391,803,588
120000159,2016,2049,-33
120000160,2928,2330,598
120000161,4252,2732,1520
120000162,183,432,-249
120000163,1256,544,712
120000164,1142,200,942
120000165,1181,326,855
120000166,2063,298,1765
120000167,431,433,-2
120000168,29,2031,-2002
120000169,187,3496,-3309
120000170,25,3629,-3604
120000171,13,1291,-1278
120000172,14,886,-872
120000173,444,3825,-3381
120000174,64,104,-40
120000175,46,186,-140
120000176,37,86,-49
120000177,779,124,655
120000178,9,24,-15
120000179,37,100,-63
120000180,99,75,24
120000181,111,2462,-2351
120000182,80,1164,-1084
120000183,2,446,-444
120000184,467,1967,-1500
120000186,66,3285,-3219
120000187,18,1726,-1708
120000188,38,1445,-1407
120000190,116,86,30
120000191,141,212,-71
120000192,159,42,117
120000193,79,6,73
120000195,40,4,36
120000196,80,14,66
120000197,13,19,-6
120000198,493,32,461
120000199,569,1,568
120000200,469,2,467
120000201,51,134,-83
120000202,1,51,-50
120000203,266,130,136
120000207,2,40,-38
120000208,25,70,-45
120000209,1,23,-22
120000210,71,62,9
120000211,523,3,520
120000212,464,2,462
120000213,357,116,241
120000214,1,129,-128
120000215,2,105,-103
120000216,337,43,294
120000217,271,959,-688
120000218,24,554,-530
120000219,0,334,-334
120000220,1,683,-682
120000225,3389,7,3382
120000226,736,7,729
120000227,1586,195,1391
120000228,15833,6212,9621
120000230,823,49,774
120000231,2850,809,2041
120000233,738,51,687
120000235,475,367,108
120000236,1880,0,1880
120000237,4,731,-727
120000238,3,1746,-1743
120000241,1601,5903,-4302
120000412,343,28,315
120000413,664,107,557
120000414,381,4,377
120000415,3,22,-19
120000416,118,2,116
120000417,2,91,-89
120000418,461,12,449
120000419,14,109,-95
120000420,82,7,75
120000421,8026,4809,3217
120000422,143,2689,-2546
120000423,1,140,-139
120000424,356,84,272
120000436,130,1427,-1297
120000437,100,177,-77
120000438,1745,276,1469
120000439,389,1032,-643
120000443,213,1,212
120000444,2195,401,1794
120000445,3127,1447,1680
120000446,1766,157,1609
120000447,424,1,423
120000449,483,3,480
120000450,5,130,-125
120000451,242,171,71
120000452,475,3,472
120000453,0,74,-74
120000454,72,107,-35
120000455,151,62,89
120000456,3038,7022,-3984
120000457,512,388,124
120000458,431,483,-52
120000459,177,90,87
120000665,274,433,-159
120000668,136,2893,-2757
120000669,282,177,105
120000670,80,1571,-1491
120000671,3068,1105,1963
120000672,64,394,-330
120900001,109,85,24
120900002,184,1050,-866
120900003,310,44,266
120900004,30,244,-214
120900005,137,476,-339
120900006,1367,378,989
120900007,333,111,222
120900008,740,566,174
120900009,560,53,507
120900010,1124,251,873
120900011,89,393,-304
120900012,65,1758,-1693
120900013,608,231,377
120900014,1,381,-380
120900015,1259,227,1032
120900016,2350,134,2216
120900017,1963,78,1885
120900018,266,261,5
120900019,718,757,-39
120900020,781,1369,-588
120900021,1027,360,667
120900022,18,292,-274
120900023,581,77,504
120900024,2002,547,1455
120900025,1287,1238,49
120900026,150,204,-54
120900027,977,25,952
120900028,911,305,606
120900029,66,1380,-1314
120900030,3483,1052,2431
120900031,523,176,347
120900032,2220,72,2148
120900033,2314,194,2120
120900034,34,5105,-5071
120900035,92,100,-8
120900037,518,23,495
120900038,246,781,-535
120900039,202,95,107
120900040,760,14,746
120900041,68,15,53
120900042,1241,45,1196
120900043,148,82,66
120900044,17,643,-626
120900045,131,39,92
120900046,1161,17,1144
120900047,362,337,25
120900048,449,72,377
120900049,1120,5,1115
120900050,1275,3923,-2648
120900051,616,93,523
120900052,1368,13,1355
120900053,847,51,796
120900054,976,351,625
120900055,1092,7,1085
120900056,1582,67,1515
120900057,483,53,430
120900058,1267,5,1262
120900059,245,6,239
120900060,98,22,76
120900061,279,153,126
120900062,642,4,638
120900063,1854,23,1831
120900064,1444,1,1443
120900065,1270,2,1268
120900066,1002,140,862
120900067,447,138,309
120900068,714,0,714
120900069,713,14,699
120900071,63,4,59
120900072,1924,12,1912
120900073,1545,49,1496
120900074,1936,81,1855
120900076,772,0,772
120900077,1507,378,1129
120900078,1408,396,1012
120900079,1894,68,1826
120900080,1906,377,1529
120900081,2330,374,1956
120900082,386,601,-215
120900083,127,1,126
120900084,974,898,76
120900085,73,144,-71
120900086,65,789,-724
120900087,670,378,292
120900088,346,1294,-948
120900089,1778,5289,-3511
120900090,365,19,346
120900091,528,1239,-711
120900092,267,285,-18
120900093,1267,144,1123
120900094,217,165,52
120900095,483,19,464
120900096,119,211,-92
120900097,853,507,346
120900098,95,267,-172
120900099,129,87,42
120900100,100,234,-134
120900101,170,155,15
120900102,93,78,15
120900103,145,328,-183
120900104,29,67,-38
120900105,47,344,-297
120900106,464,189,275
120900107,113,155,-42
120900108,33,280,-247
120900109,23,259,-236
120900110,29,294,-265
120900111,178,263,-85
120900112,49,342,-293
120900113,30,291,-261
120900114,50,179,-129
120900115,167,319,-152
120900116,894,200,694
120900117,16,127,-111
120900118,26,341,-315
120900119,13790,3875,9915
120900120,125,446,-321
120900121,58,311,-253
120900122,1353,191,1162
120900123,9,155,-146
120900124,3,182,-179
120900125,3,394,-391
120900126,466,519,-53
120900127,29,174,-145
120900128,461,818,-357
120900129,14,173,-159
120900130,5,214,-209
120900131,355,172,183
120900132,1666,141,1525
120900133,37,394,-357
120900134,159,243,-84
120900135,2,253,-251
120900136,132,258,-126
120900137,478,117,361
120900138,20,183,-163
120900139,8,262,-254
120900140,15,315,-300
120900141,315,208,107
120900142,6,144,-138
120900143,2,269,-267
120900144,0,58,-58
120900145,195,534,-339
120900146,0,214,-214
120900147,1,346,-345
120900148,225,141,84
120900149,0,98,-98
120900150,124,202,-78
120900151,0,160,-160
120900152,41,10,31
120900153,0,0,0
120900154,0,75,-75
120900155,262,312,-50
120900156,161,179,-18
120900157,0,7,-7
120900158,104,183,-79
120900159,15,56,-41
120900160,59,314,-255
120900161,116,359,-243
120900162,107,695,-588
120900163,555,1946,-1391
120900164,0,80,-80
120900165,3,270,-267
120900166,71,1112,-1041
120900167,190,131,59
120900169,227,171,56
120900170,306,6594,-6288
120900171,414,177,237
120900172,153,3148,-2995
120900173,0,10,-10
120900174,4,124,-120
120900175,229,122,107
120900176,91,496,-405
120900177,7,2210,-2203
120900178,1,890,-889
120900179,265,306,-41
120900180,78,263,-185
120900181,40,42,-2
120900182,26,154,-128
120900183,1368,125,1243
120900184,533,73,460
120900185,1291,2854,-1563
120900186,2,138,-136
120900187,878,938,-60
120900188,486,9,477
120900189,135,5222,-5087
120900190,313,6,307
120900191,152,25,127
120900192,5390,19351,-13961
120900194,144,216,-72
120900195,138,246,-108
120900196,1067,39,1028
120900197,1128,225,903
120900198,162,310,-148
120900199,595,623,-28
120900200,41,177,-136
120900201,215,132,83
120900202,1,79,-78
120900203,52,109,-57
120900204,107,166,-59
120900205,81,22,59
120900206,133,87,46
120900207,65,799,-734
121000001,700,2345,-1645
121000002,2972,2628,344
121000003,6187,2346,3841
121000004,2870,4035,-1165
121000005,2071,2831,-760
121000006,4098,3992,106
121000007,2622,8006,-5384
121000008,4570,8099,-3529
121000009,4505,10884,-6379
121000010,7466,9727,-2261
121000011,7392,15044,-7652
121000012,14035,9938,4097
121000013,7670,9477,-1807
121000014,6803,6015,788
121000015,6582,11356,-4774
121000016,4795,5143,-348
121000017,3207,2260,947
121000018,4458,2186,2272
121000019,8534,8882,-348
121000020,13440,18873,-5433
121000021,2325,2228,97
121000022,3129,4348,-1219
121000023,3054,1388,1666
121000024,6038,6047,-9
121000025,503,1649,-1146
121000026,439,217,222
121000027,2321,1967,354
121000028,1087,1291,-204
121000029,1068,776,292
121000030,991,680,311
121000031,538,1032,-494
121000032,258,169,89
121000034,351,531,-180
121000035,216,240,-24
121000036,1000,1414,-414
121000037,765,2138,-1373
121000038,434,1724,-1290
121000039,272,547,-275
121000041,686,765,-79
121000042,303,438,-135
121000043,630,890,-260
121000044,1516,1604,-88
121000045,566,312,254
121000046,1126,1238,-112
121000047,58,90,-32
121000049,1092,860,232
121000050,355,2877,-2522
121000051,729,411,318
121000052,826,1834,-1008
121000053,375,235,140
121000054,64,580,-516
121000055,938,4142,-3204
121000056,1074,1611,-537
121000057,314,947,-633
121000058,181,243,-62
121000059,3914,1678,2236
121000060,630,1668,-1038
121000061,81,521,-440
121000062,179,1008,-829
121000063,1019,1708,-689
121000064,755,1374,-619
121000065,236,1485,-1249
121000066,860,1750,-890
121000067,417,980,-563
121000068,634,740,-106
121000069,159,1767,-1608
121000070,1533,2028,-495
121000071,2021,2714,-693
121000072,905,1408,-503
121000073,1269,2301,-1032
121000074,65,357,-292
121000075,13,157,-144
121000076,392,317,75
121000077,193,193,0
121000078,102,271,-169
121000080,2452,789,1663
121000081,5277,4788,489
121000082,116,551,-435
121000083,103,240,-137
121000084,271,432,-161
121000085,438,568,-130
121000086,1147,623,524
121000087,110,441,-331
121000088,988,833,155
121000089,228,1007,-779
121000090,312,792,-480
121000091,1484,1507,-23
121000092,279,95,184
121000093,283,311,-28
121000094,358,1078,-720
121000095,179,1195,-1016
121000096,7395,3881,3514
121000097,632,4288,-3656
121000098,904,561,343
121000099,1062,738,324
121000100,1299,189,1110
121000101,499,228,271
121000102,533,141,392
121000103,256,140,116
121000104,326,49,277
121000105,570,93,477
121000106,460,243,217
121000107,2269,3208,-939
121000109,1417,880,537
121000110,230,835,-605
121000114,5646,3177,2469
121000115,6202,1086,5116
121000116,480,1899,-1419
121000117,256,411,-155
121000118,2104,415,1689
121000119,357,364,-7
121000120,640,413,227
121000121,619,2141,-1522
121000123,1027,654,373
121000126,91,622,-531
121000127,177,203,-26
121000128,1458,171,1287
121000129,1303,338,965
121000130,888,621,267
121000131,1207,1195,12
121000132,821,1516,-695
121000135,462,712,-250
121000136,1106,1806,-700
121000137,970,434,536
121000138,696,1930,-1234
121000139,362,889,-527
121000141,326,331,-5
121000142,708,1226,-518
121000143,160,23,137
121000144,526,1172,-646
121000145,822,1106,-284
121000146,1453,2129,-676
121000147,1375,1058,317
121000148,1105,1120,-15
121000149,2953,3871,-918
121000152,349,283,66
121000153,1825,605,1220
121000154,2300,760,1540
121000155,3192,1499,1693
121000156,498,1507,-1009
121000157,1132,1557,-425
121000158,354,352,2
121000159,295,502,-207
121000160,396,552,-156
121000161,424,417,7
121000162,255,122,133
121000165,1621,2594,-973
121000166,23,594,-571
121000168,534,372,162
121000169,103,224,-121
121000170,406,77,329
121000171,61,248,-187
121000172,1464,1387,77
121000173,2130,2017,113
121000174,1027,1093,-66
121000175,2558,1008,1550
121000176,667,448,219
121000177,891,714,177
121000178,71,75,-4
121000179,31,62,-31
121000181,484,510,-26
121000182,328,479,-151
121000183,77,233,-156
121000184,58,552,-494
121000185,49,547,-498
121000186,373,983,-610
121000187,422,125,297
121000188,594,136,458
121000192,1092,605,487
121000193,867,448,419
121000194,2415,2310,105
121000195,294,1649,-1355
121000196,795,569,226
121000197,153,2254,-2101
121000198,185,464,-279
121000199,178,272,-94
121000200,954,247,707
121000201,8,353,-345
121000202,863,294,569
121000203,902,2592,-1690
121000204,4494,1101,3393
121000205,88,430,-342
121000206,152,181,-29
121000207,2883,1083,1800
121000208,9,300,-291
121000209,990,108,882
121000210,1225,330,895
121000211,565,227,338
121000212,699,646,53
121000213,21966,4064,17902
121000214,1317,2802,-1485
121000215,897,3010,-2113
121000216,763,1012,-249
121000217,4805,4727,78
121000218,517,3132,-2615
121000219,1951,1130,821
121000220,209,163,46
121000221,263,784,-521
121000222,5022,4427,595
121000223,284,1570,-1286
121000224,179,1050,-871
121000225,584,5502,-4918
121000226,1195,2200,-1005
121000227,15,169,-154
121000228,27,967,-940
121000229,672,799,-127
121000230,61,3093,-3032
121000231,2100,33,2067
121000232,733,519,214
121000233,879,453,426
121000234,10,92,-82
121000235,63,83,-20
121000236,4,61,-57
121000237,18,21,-3
121000238,4,95,-91
121000239,99,16,83
121000240,8,135,-127
121000241,119,31,88
121000242,39,511,-472
121000243,199,105,94
121000244,7,66,-59
121000245,29,25,4
121000246,3,139,-136
121000247,200,3,197
121000248,617,1450,-833
121000249,58,321,-263
121000250,780,488,292
121000251,10,248,-238
121000252,204,141,63
121000253,475,394,81
121000254,1156,183,973
121000255,151,244,-93
121000256,389,234,155
121000257,24,159,-135
121000258,68,154,-86
121000259,51,81,-30
121000260,59,80,-21
121000261,100,123,-23
121000262,2719,612,2107
121000263,597,531,66
121000271,1732,2641,-909
121000273,39,12,27
121000274,17,142,-125
121000275,0,10,-10
121000276,17,44,-27
121000278,63,44,19
121000279,42,36,6
121000280,47,62,-15
121000289,571,35,536
121000290,2381,2067,314
121000294,398,63,335
121000297,507,1244,-737
121000299,130,2385,-2255
121000300,2371,1234,1137
121000302,24,844,-820
121000303,526,278,248
121000304,630,121,509
121000305,388,146,242
121000306,330,338,-8
121000308,126,305,-179
121000309,294,482,-188
121000310,129,305,-176
121000311,81,385,-304
121000312,742,657,85
121000313,418,318,100
121000314,56,87,-31
121000315,24,63,-39
121000530,2642,2695,-53
121000531,2539,1955,584
121000532,7062,8760,-1698
121000533,4024,5157,-1133
121000918,26,73,-47
121000919,43,114,-71
121000938,104,161,-57
121000939,43,279,-236
121000956,2527,1694,833
121000957,2,34,-32
121000958,10,190,-180
121000959,1576,403,1173
121000960,1813,1357,456
121000961,429,101,328
121000962,961,471,490
121000973,1,276,-275
121000976,3,130,-127
121000979,682,270,412
121000981,436,164,272
121000982,526,235,291
121000983,645,269,376
121000984,5,78,-73
121000985,1350,403,947
121000986,636,138,498
121000987,176,550,-374
121000988,1465,137,1328
121001302,300,201,99
121001308,0,84,-84
121001309,30,456,-426
121001311,0,0,0
121001313,298,127,171
121001314,1862,1843,19
121001315,7495,5169,2326
121001318,0,0,0
121900001,195,398,-203
121900002,20,58,-38
121900003,521,31,490
121900004,84,894,-810
121900005,56,16,40
121900006,137,31,106
121900007,2842,1969,873
121900008,56,358,-302
121900009,1380,35,1345
121900010,347,1,346
121900011,453,191,262
121900012,8,0,8
121900013,357,61,296
121900014,2592,432,2160
121900015,200,238,-38
121900016,14,27,-13
121900017,804,1218,-414
121900018,721,9,712
121900019,761,239,522
121900020,91,3,88
121900021,1247,28,1219
121900022,323,325,-2
121900023,265,591,-326
121900024,625,61,564
121900025,836,698,138
121900026,488,141,347
121900027,654,384,270
121900028,193,21,172
121900029,160,417,-257
121900030,517,706,-189
121900031,1723,7969,-6246
121900032,208,147,61
121900033,206,517,-311
121900034,377,185,192
121900035,6495,4331,2164
121900036,238,774,-536
121900037,157,1699,-1542
121900038,94,238,-144
121900039,277,48,229
121900040,81,183,-102
121900041,92,524,-432
121900042,485,300,185
121900043,0,3,-3
121900044,66,47,19
121900046,208,358,-150
121900047,338,141,197
121900048,100,105,-5
121900050,32,210,-178
121900051,228,500,-272
121900052,310,50,260
121900053,754,530,224
121900054,356,1951,-1595
121900055,3,17,-14
121900058,534,728,-194
121900059,477,254,223
121900060,157,907,-750
121900061,203,159,44
121900062,157,101,56
121900063,1950,614,1336
121900064,449,871,-422
121900066,108,32,76
121900067,87,33,54
121900069,218,185,33
121900070,177,410,-233
121900071,990,433,557
121900072,60,173,-113
121900073,264,520,-256
121900074,421,729,-308
121900075,331,1218,-887
121900076,595,1026,-431
121900077,47,7,40
121900078,165,32,133
121900079,0,0,0
121900080,1167,418,749
121900082,129,113,16
121900084,29,30,-1
121900085,1,3,-2
121900086,39,47,-8
121900087,95,226,-131
121900088,1614,3607,-1993
121900089,385,218,167
121900090,58,33,25
121900091,109,29,80
121900092,176,146,30
121900093,104,111,-7
121900094,15,14,1
121900095,436,162,274
121900096,1386,966,420
121900097,1001,198,803
121900098,13,1,12
121900099,346,32,314
121900100,68,257,-189
121900101,120,195,-75
121900102,4,133,-129
121900103,604,351,253
121900104,2622,572,2050
121900105,336,206,130
121900106,15,18,-3
121900107,129,20,109
121900108,0,33,-33
121900109,281,273,8
121900110,1016,648,368
121900111,680,412,268
121900112,151,380,-229
121900113,73,591,-518
121900114,106,116,-10
121900117,176,301,-125
121900118,3362,965,2397
121900119,188,126,62
121900120,147,1128,-981
121900121,867,45,822
121900122,69,82,-13
121900123,252,494,-242
121900124,400,195,205
121900125,3644,1938,1706
121900127,9,150,-141
121900128,89,99,-10
121900129,175,194,-19
121900130,127,448,-321
121900131,446,132,314
121900132,116,85,31
121900133,20,767,-747
121900134,13,649,-636
121900135,5903,538,5365
121900136,499,442,57
121900137,57,453,-396
121900138,94,233,-139
121900139,348,5914,-5566
121900140,68,285,-217
121900141,110,79,31
121900142,180,75,105
121900143,30,227,-197
121900144,208,1144,-936
121900145,208,328,-120
121900146,555,961,-406
121900147,68,435,-367
121900148,416,642,-226
121900149,335,522,-187
121900150,34,272,-238
121900151,110,590,-480
121900152,196,104,92
121900153,31,310,-279
121900154,15,617,-602
121900155,5,318,-313
121900156,130,293,-163
121900157,3,544,-541
121900158,101,212,-111
121900159,6,296,-290
121900160,98,541,-443
121900161,275,838,-563
121900162,94,238,-144
121900163,603,261,342
121900164,275,540,-265
121900165,198,180,18
121900166,153,282,-129
121900167,78,169,-91
121900168,95,154,-59
121900169,33,369,-336
121900170,13,170,-157
121900171,1371,1155,216
121900172,796,463,333
121900173,828,530,298
121900174,83,81,2
121900175,152,683,-531
121900176,725,2663,-1938
121900177,157,89,68
121900178,87,127,-40
121900179,429,511,-82
121900180,2098,7604,-5506
121900182,806,891,-85
121900183,475,2198,-1723
121900184,39,2005,-1966
121900186,8,663,-655
121900187,21,145,-124
121900188,1355,247,1108
121900189,82,75,7
121900190,320,622,-302
121900191,55,534,-479
121900192,268,3813,-3545
121900193,74,626,-552
121900194,9,362,-353
121900195,45,57,-12
121900196,919,1244,-325
121900197,342,1274,-932
121900198,5765,3218,2547
121900199,5,58,-53
121900200,71,193,-122
121900201,1193,855,338
121900202,199,1153,-954
121900203,133,2710,-2577
121900204,2042,1633,409
121900205,13,201,-188
121900206,13,112,-99
121900207,25,58,-33
121900208,112,666,-554
121900209,101,57,44
121900210,3598,2505,1093
121900211,714,374,340
121900212,35,195,-160
121900213,554,55,499
121900214,4,626,-622
121900215,50,259,-209
121900216,51,469,-418
121900217,326,221,105
121900218,221,1197,-976
121900220,122,33,89
121900221,588,763,-175
121900222,399,116,283
121900223,233,205,28
121900224,160,141,19
121900225,153,346,-193
121900226,320,35,285
121900227,448,2355,-1907
121900228,184,166,18
121900230,62,578,-516
121900231,44,2159,-2115
121900232,139,470,-331
121900233,424,336,88
121900234,404,259,145
121900235,748,163,585
121900236,336,207,129
121900237,228,948,-720
121900238,212,400,-188
121900239,246,59,187
121900240,241,231,10
121900241,60,39,21
121900242,30,0,30
121900243,38,0,38
121900244,31,4,27
121900245,423,122,301
121900246,10633,651,9982
121900247,656,301,355
121900248,2077,1205,872
121900250,174,718,-544
121900251,784,35,749
121900252,460,268,192
121900253,47,1340,-1293
121900254,446,813,-367
121900255,824,265,559
121900258,6792,1807,4985
121900259,192,739,-547
121900260,238,129,109
121900261,144,938,-794
121900262,1277,1628,-351
121900263,314,222,92
121900264,1095,1028,67
121900265,618,199,419
121900266,804,114,690
121900267,94,44,50
121900269,274,1150,-876
121900270,75,244,-169
121900271,44,256,-212
121900273,508,2471,-1963
121900274,471,431,40
121900277,336,1121,-785
121900278,115,2275,-2160
121900279,184,334,-150
121900280,139,907,-768
121900281,151,631,-480
121900284,40,7,33
121900286,237,104,133
121900287,10,29,-19
121900288,2,25,-23
121900290,311,2215,-1904
121900291,538,1814,-1276
121900292,245,213,32
121900293,1002,7111,-6109
121900294,583,6,577
121900295,170,164,6
121900296,98,311,-213
121900298,129,1542,-1413
121900299,0,5,-5
121900300,119,7,112
121900301,59,5,54
121900302,15,71,-56
121900303,234,848,-614
121900304,5,37,-32
121900305,7,47,-40
121900306,451,1,450
121900307,215,3,212
121900308,8,107,-99
121900309,6,80,-74
121900310,24,123,-99
121900311,981,40,941
121900312,754,38,716
121900313,798,48,750
121900314,2,7,-5
121900315,35,3,32
121900316,0,2,-2
121900317,75,23,52
121900318,0,6,-6
121900319,73,509,-436
121900320,45,37,8
121900321,60,8,52
121900322,3,6,-3
121900323,86,39,47
121900324,1,33,-32
121900325,57,9,48
121900326,13,8,5
121900327,0,47,-47
121900328,1,23,-22
121900329,1,66,-65
121900330,0,143,-143
121900331,36,137,-101
121900332,80,37,43
121900333,65,1,64
121900334,46,80,-34
122000001,1602,6568,-4966
122000002,2810,1340,1470
122000003,1293,3613,-2320
122000004,1487,1630,-143
122000005,7787,3588,4199
122000006,777,2459,-1682
122000007,887,2557,-1670
122000008,1445,4422,-2977
122000009,748,759,-11
122000010,3806,4571,-765
122000011,9914,3631,6283
122000012,960,6974,-6014
122000013,689,3486,-2797
122000014,8096,2382,5714
122000015,1201,1073,128
122000016,645,728,-83
122000017,1636,1930,-294
122000018,3437,3015,422
122000019,1378,2852,-1474
122000020,216,678,-462
122000021,223,577,-354
122000022,1909,2774,-865
122000023,1492,2860,-1368
122000024,600,4774,-4174
122000025,650,6060,-5410
122000026,316,1850,-1534
122000027,906,1183,-277
122000028,2568,1052,1516
122000029,315,1550,-1235
122000030,207,354,-147
122000031,156,588,-432
122000032,11277,4915,6362
122000033,457,7922,-7465
122000034,379,1504,-1125
122000035,252,931,-679
122000036,710,775,-65
122000037,1470,379,1091
122000038,285,652,-367
122000039,582,1428,-846
122000040,275,575,-300
122000041,1368,1584,-216
122000042,569,1177,-608
122000043,114,255,-141
122000044,134,165,-31
122000045,3387,1445,1942
122000046,1178,1985,-807
122000047,125,322,-197
122000048,2502,4428,-1926
122000049,9726,4191,5535
122000050,841,1716,-875
122000051,201,712,-511
122000052,548,634,-86
122000053,298,1186,-888
122000054,1930,2848,-918
122000055,2075,5296,-3221
122000056,3104,3384,-280
122000057,6242,5530,712
122000058,956,3251,-2295
122000059,914,6434,-5520
122000060,296,1719,-1423
122000061,207,1450,-1243
122000062,581,279,302
122000063,388,2337,-1949
122000064,3726,9858,-6132
122000065,2989,4486,-1497
122000066,850,2821,-1971
122000067,1603,2470,-867
122000068,4282,1637,2645
122000069,1822,1425,397
122000070,1213,1729,-516
122000071,6236,1630,4606
122000072,2210,1476,734
122000073,318,3125,-2807
122000074,2988,2033,955
122000075,1560,1266,294
122000076,15134,3438,11696
122000077,668,3590,-2922
122000078,582,7034,-6452
122000079,257,4786,-4529
122000080,497,1181,-684
122000081,102,340,-238
122000082,308,1947,-1639
122000083,8338,1095,7243
122000084,7672,2222,5450
122000085,378,915,-537
122000086,4347,10109,-5762
122000087,247,586,-339
122000088,80,392,-312
122000089,7135,3580,3555
122000090,369,1786,-1417
122000091,99,862,-763
122000092,53,132,-79
122000093,2117,6874,-4757
122000094,8371,3943,4428
122000095,750,6529,-5779
122000096,509,4226,-3717
122000098,5013,5485,-472
122000099,825,2709,-1884
122000100,897,1327,-430
122000101,379,724,-345
122000102,4234,1498,2736
122000103,1787,2074,-287
122000104,3018,196,2822
122000105,600,877,-277
122000106,697,3229,-2532
122000107,1661,631,1030
122000108,946,1029,-83
122000109,622,394,228
122000110,1029,1107,-78
122000111,5469,2211,3258
122000112,2656,2311,345
122000113,1151,1232,-81
122000114,1982,4353,-2371
122000115,2476,1572,904
122000116,536,740,-204
122000117,1524,558,966
122000118,889,808,81
122000119,3912,2777,1135
122000120,887,5570,-4683
122000121,843,3110,-2267
122000122,352,1035,-683
122000123,1399,2255,-856
122000124,816,799,17
122000125,539,743,-204
122000126,531,1246,-715
122000127,464,1025,-561
122000128,331,570,-239
122000129,421,2429,-2008
122000130,3880,1924,1956
122000131,1210,2170,-960
122000132,290,847,-557
122000133,972,1307,-335
122000134,1305,881,424
122000135,518,227,291
122000136,1428,821,607
122000137,2976,1332,1644
122000139,855,4671,-3816
122000140,315,2299,-1984
122000141,6653,3878,2775
122000142,121,3834,-3713
122000143,441,911,-470
122000144,1875,2421,-546
122000145,735,1740,-1005
122000146,492,5169,-4677
122000147,684,1188,-504
122000148,440,2115,-1675
122000149,1934,1460,474
122000150,1504,1374,130
122000151,128,565,-437
122000152,501,567,-66
122000153,442,737,-295
122000154,264,249,15
122000155,1642,3725,-2083
122000156,11748,5940,5808
122000157,704,11739,-11035
122000158,427,1506,-1079
122000159,760,2284,-1524
122000160,2587,3340,-753
122000161,1247,1754,-507
122000162,1281,1936,-655
122000163,397,230,167
122000164,55,324,-269
122000165,1760,2305,-545
122000166,920,3542,-2622
122000167,338,774,-436
122000168,209,1557,-1348
122000169,400,402,-2
122000170,429,441,-12
122000171,43,71,-28
122000172,2985,2113,872
122000173,1765,4108,-2343
122000174,1748,2180,-432
122000175,963,549,414
122000176,391,1758,-1367
122000177,1298,2287,-989
122000178,8115,4908,3207
122000179,4253,6023,-1770
122000180,816,1430,-614
122000181,838,2563,-1725
122000182,1896,1802,94
122000183,3603,1519,2084
122000184,3742,5152,-1410
122000185,1487,5523,-4036
122000186,838,3417,-2579
122000187,2131,1770,361
122000188,467,513,-46
122000189,251,458,-207
122000190,801,3085,-2284
122000191,878,1340,-462
122000192,1701,695,1006
122000193,463,998,-535
122000194,632,364,268
122000195,162,1119,-957
122000196,1326,475,851
122000197,623,857,-234
122000198,459,3204,-2745
122000199,299,630,-331
122000200,1227,1225,2
122000201,1457,3761,-2304
122000202,1004,3128,-2124
122000203,2502,1698,804
122000204,1486,1819,-333
122000205,703,1088,-385
122000206,6264,1647,4617
122000207,2487,2300,187
122000208,2691,2799,-108
122000209,2691,863,1828
122000210,2940,2928,12
122000211,1473,2134,-661
122000212,1056,696,360
122000213,1292,1963,-671
122000214,2201,2053,148
122000215,3073,2482,591
122000217,1892,3814,-1922
122000218,824,88,736
122000219,1560,1134,426
122000220,311,914,-603
122000221,139,387,-248
122000222,728,206,522
122000223,1044,903,141
122000225,803,509,294
122000226,2059,1736,323
122000227,337,2145,-1808
122000228,355,336,19
122000229,27,449,-422
122000230,49,354,-305
122000231,229,696,-467
122000232,615,693,-78
122000233,0,75,-75
122000234,754,54,700
122000235,739,84,655
122000236,2045,50,1995
122000237,168,96,72
122000238,479,512,-33
122000239,911,188,723
122000240,1635,711,924
122000241,3225,520,2705
122000242,857,276,581
122000243,594,40,554
122000244,97,378,-281
122000245,132,65,67
122000246,608,225,383
122000247,635,252,383
122000248,890,918,-28
122000249,1765,1282,483
122000250,3006,1635,1371
122000251,135,564,-429
122000252,214,125,89
122000253,76,341,-265
122000254,514,135,379
122000255,664,692,-28
122000256,281,477,-196
122000257,365,99,266
122000258,344,302,42
122000259,58,355,-297
122000260,3,44,-41
122000261,22,350,-328
122000262,0,45,-45
122000263,234,672,-438
122000264,1952,464,1488
122000265,3716,1625,2091
122000266,4958,1004,3954
122000267,124,135,-11
122000268,185,452,-267
122000269,1339,479,860
122000270,612,278,334
122000271,281,2606,-2325
122000272,483,1963,-1480
122000273,664,595,69
122000274,436,290,146
122000275,65,236,-171
122000276,1556,588,968
122000277,1640,1988,-348
122000278,2890,373,2517
122000279,306,296,10
122000280,706,568,138
122000281,802,762,40
122000282,154,468,-314
122000283,189,223,-34
122000284,127,81,46
122000285,291,60,231
122000286,51,149,-98
122000287,2303,1605,698
122000288,673,285,388
122000291,4414,1143,3271
122000293,175,137,38
122000294,226,548,-322
122000295,1520,276,1244
122000296,22,857,-835
122000297,2409,4959,-2550
122000299,715,696,19
122000300,431,437,-6
122000301,7615,4518,3097
122000302,617,3361,-2744
122000303,2178,1180,998
122000304,59,156,-97
122000305,2063,494,1569
122000306,91,334,-243
122000307,172,179,-7
122000309,63,25,38
122000310,18,141,-123
122000311,79,145,-66
122000312,55,392,-337
122000313,74,98,-24
122000314,148,481,-333
122000315,367,84,283
122000316,1667,493,1174
122000317,3138,400,2738
122000318,363,1891,-1528
122000319,145,514,-369
122000320,269,1087,-818
122000321,118,119,-1
122000322,2165,2890,-725
122000323,639,5631,-4992
122000324,2590,3432,-842
122000325,887,7587,-6700
122000326,209,100,109
122000327,713,1477,-764
122000328,605,453,152
122000330,4302,2943,1359
122000332,218,307,-89
122000333,15,80,-65
122000337,1429,396,1033
122000338,749,378,371
122000340,235,4765,-4530
122000342,1715,736,979
122000343,659,403,256
122000344,167,32,135
122000345,22,11,11
122000346,222,218,4
122000348,1081,1000,81
122000349,87,637,-550
122000351,251,333,-82
122000352,203,290,-87
122000353,215,115,100
122000355,123,318,-195
122000356,506,3191,-2685
122000357,112,18,94
122000358,0,10,-10
122000359,0,28,-28
122000360,3,17,-14
122000362,7,39,-32
122000364,315,334,-19
122000365,2,46,-44
122000366,6,2,4
122000368,494,879,-385
122000370,33,10,23
122000371,36,0,36
122000372,4,2,2
122000381,224,429,-205
122000382,104,160,-56
122000384,1673,1824,-151
122000385,143,0,143
122000386,203,2895,-2692
122000387,616,1661,-1045
122000388,1442,1819,-377
122000389,296,2302,-2006
122000390,407,569,-162
122000391,134,1944,-1810
122000392,217,169,48
122000393,39,135,-96
122000394,846,186,660
122000395,216,135,81
122000396,410,141,269
122000397,16,42,-26
122000398,5,134,-129
122000399,171,76,95
122000400,49,1753,-1704
122000401,185,81,104
122000402,655,207,448
122000403,678,415,263
122000404,302,169,133
122000408,649,1025,-376
122000503,13,121,-108
122000524,113,730,-617
122000544,128,2913,-2785
122000616,306,3,303
122000640,130,48,82
122000641,286,179,107
122000642,1828,666,1162
122000643,52,351,-299
122000644,130,37,93
122000645,50,195,-145
122000651,486,4387,-3901
122000664,265,105,160
122000665,1813,638,1175
122000666,753,1265,-512
122000673,65,171,-106
122000674,444,136,308
122000675,2587,576,2011
122000686,498,2199,-1701
122000687,2184,455,1729
122000688,349,354,-5
122000689,1681,208,1473
122000690,4515,299,4216
122000691,1359,571,788
122000692,1740,305,1435
122000693,482,958,-476
122000695,576,280,296
122000696,971,125,846
122000698,448,256,192
122000699,265,76,189
122000701,2487,364,2123
122000702,448,1147,-699
122000703,261,102,159
122000712,0,0,0
122000717,85,96,-11
122000718,280,2013,-1733
122000719,110,132,-22
122000720,1239,118,1121
122000724,122,45,77
122900001,43,20,23
122900002,890,9852,-8962
122900003,554,45,509
122900004,2232,138,2094
122900005,96,127,-31
122900006,355,954,-599
122900007,112,299,-187
122900008,204,190,14
122900009,1669,556,1113
122900010,287,155,132
122900012,188,489,-301
122900014,160,139,21
122900015,912,1228,-316
122900016,249,219,30
122900017,257,1841,-1584
122900018,231,12,219
122900019,13,61,-48
122900020,173,422,-249
122900021,34,418,-384
122900022,1926,1042,884
122900023,1260,217,1043
122900024,166,133,33
122900025,10,378,-368
122900026,13,165,-152
122900027,36,458,-422
122900028,96,85,11
122900029,8082,2987,5095
122900030,3041,556,2485
122900031,63,467,-404
122900032,671,533,138
122900033,262,291,-29
122900034,4189,5350,-1161
122900035,48,16,32
122900036,109,70,39
122900037,676,252,424
122900038,66,4352,-4286
122900039,87,825,-738
122900040,320,1432,-1112
122900041,231,427,-196
122900042,215,340,-125
122900043,490,324,166
122900044,140,354,-214
122900045,274,457,-183
122900046,177,364,-187
122900047,125,246,-121
122900048,41,306,-265
122900049,3863,250,3613
122900051,71,897,-826
122900052,174,64,110
122900053,17,42,-25
122900055,350,104,246
122900057,371,58,313
122900061,655,106,549
122900062,771,923,-152
122900063,330,188,142
122900064,941,480,461
122900065,798,355,443
122900066,995,391,604
122900067,882,514,368
122900068,144,355,-211
122900069,552,2275,-1723
122900070,529,87,442
122900071,125,320,-195
122900072,17,291,-274
122900073,23,96,-73
122900074,1669,174,1495
122900075,1,105,-104
122900076,3,275,-272
122900077,7,54,-47
122900078,417,60,357
122900080,30,89,-59
122900081,197,204,-7
122900082,1318,136,1182
122900083,85,121,-36
122900084,8,87,-79
122900086,19,277,-258
122900087,478,465,13
122900088,36,980,-944
122900089,30,187,-157
122900090,6,274,-268
122900091,528,4,524
122900092,0,83,-83
122900093,0,89,-89
122900094,0,163,-163
122900095,281,51,230
122900096,703,70,633
122900097,41,71,-30
122900098,32,212,-180
122900099,157,42,115
122900100,98,1064,-966
122900101,679,473,206
122900102,97,83,14
122900103,356,20,336
122900104,463,10,453
122900105,18,43,-25
122900106,2,32,-30
122900107,12,39,-27
122900108,12,64,-52
123000001,906,2637,-1731
123000002,2650,9854,-7204
123000003,6112,5668,444
123000004,3227,4755,-1528
123000005,3989,3488,501
123000006,2817,2273,544
123000007,4925,3251,1674
123000008,2956,3089,-133
123000009,4647,3619,1028
123000010,3479,4985,-1506
123000011,1789,2227,-438
123000012,662,5021,-4359
123000013,6068,1689,4379
123000014,756,4556,-3800
123000015,2559,1544,1015
123000016,3141,3909,-768
123000017,5258,2445,2813
123000018,151,118,33
123000019,743,61,682
123000020,612,35,577
123000021,419,340,79
123000022,594,2439,-1845
123000023,2920,3279,-359
123000024,2136,1354,782
123000025,360,173,187
123000026,60,253,-193
123000027,57,1336,-1279
123000028,739,1709,-970
123000029,425,1807,-1382
123000030,358,104,254
123000031,477,174,303
123000032,744,88,656
123000033,399,189,210
123000034,1680,966,714
123000035,641,635,6
123000036,313,1544,-1231
123000037,277,158,119
123000038,46,368,-322
123000039,501,2108,-1607
123000040,519,299,220
123000041,854,2343,-1489
123000042,566,1680,-1114
123000043,1871,19536,-17665
123000044,3187,3226,-39
123000045,4519,2801,1718
123000046,332,1556,-1224
123000047,920,2043,-1123
123000048,53,1967,-1914
123000049,6339,12330,-5991
123000050,2888,2297,591
123000051,136,283,-147
123000052,1104,4634,-3530
123000053,3200,3752,-552
123000054,3158,2354,804
123000055,2468,6468,-4000
123000056,1348,940,408
123000057,3927,7244,-3317
123000058,853,1956,-1103
123000059,347,620,-273
123000060,1569,586,983
123000061,445,753,-308
123000063,1706,1444,262
123000064,1955,392,1563
123000065,4334,3200,1134
123000066,553,696,-143
123000067,1634,669,965
123000068,2144,2534,-390
123000069,4388,1684,2704
123000070,285,671,-386
123000071,2833,959,1874
123000072,1630,562,1068
123000073,3914,1161,2753
123000074,1528,1205,323
123000075,644,2772,-2128
123000076,926,544,382
123000077,2907,1786,1121
123000078,4031,1719,2312
123000079,3726,2171,1555
123000080,3621,1185,2436
123000081,309,357,-48
123000082,297,1196,-899
123000083,1828,470,1358
123000084,1390,529,861
123000085,807,116,691
123000086,1428,84,1344
123000087,806,509,297
123000088,1893,942,951
123000089,1379,1266,113
123000090,2304,1057,1247
123000091,2447,1866,581
123000092,1331,1626,-295
123000094,1084,225,859
123000095,1254,1014,240
123000096,1850,443,1407
123000097,1077,469,608
123000098,1631,553,1078
123000099,1013,429,584
123000100,372,1100,-728
123000101,529,637,-108
123000102,663,1140,-477
123000104,619,787,-168
123000105,454,618,-164
123000106,762,648,114
123000107,301,409,-108
123000108,691,1232,-541
123000111,1525,434,1091
123000112,1884,559,1325
123000113,896,729,167
123000114,474,882,-408
123000115,407,345,62
123000116,70,91,-21
123000117,2137,1354,783
123000118,725,501,224
123000119,306,450,-144
123000120,328,622,-294
123000121,845,1102,-257
123000122,541,453,88
123000123,627,800,-173
123000124,470,475,-5
123000125,1902,1772,130
123000126,1446,6834,-5388
123000127,505,699,-194
123000128,401,391,10
123000129,1356,425,931
123000130,1131,105,1026
123000131,2183,1194,989
123000132,452,631,-179
123000133,158,257,-99
123000134,315,153,162
123000135,3633,1147,2486
123000136,282,416,-134
123000137,156,222,-66
123000138,119,321,-202
123000139,963,211,752
123000140,104,540,-436
123000141,980,201,779
123000142,1292,964,328
123000143,877,1710,-833
123000144,11,43,-32
123000145,187,435,-248
123000146,26,217,-191
123000147,72,248,-176
123000149,391,490,-99
123000150,133,314,-181
123000151,227,817,-590
123000152,59,445,-386
123000153,151,932,-781
123000154,1271,2251,-980
123000155,2245,1699,546
123000156,26,162,-136
123000157,764,844,-80
123000158,622,918,-296
123000159,3820,5123,-1303
123000160,1719,1678,41
123000161,2172,1410,762
123000162,1977,2486,-509
123000163,946,306,640
123000164,2853,301,2552
123000165,442,1002,-560
123000166,39,106,-67
123000167,155,239,-84
123000168,527,150,377
123000169,1430,209,1221
123000170,118,47,71
123000171,1662,12,1650
123000172,203,483,-280
123000173,855,557,298
123000174,1142,617,525
123000175,374,1126,-752
123000176,1485,423,1062
123000177,367,1086,-719
123000178,1372,223,1149
123000179,50,397,-347
123000180,2328,446,1882
123000181,327,946,-619
123000182,345,247,98
123000183,167,641,-474
123000184,54,372,-318
123000185,1361,509,852
123000186,10,268,-258
123000187,770,20,750
123000188,347,2,345
123000189,302,142,160
123000190,127,96,31
123000192,8,295,-287
123000193,47,566,-519
123000194,197,260,-63
123000195,369,45,324
123000196,607,30,577
123000197,88,107,-19
123000198,107,624,-517
123000199,17,597,-580
123000200,1058,15,1043
123000201,1914,20,1894
123000202,30,497,-467
123000203,1618,58,1560
123000204,78,502,-424
123000205,219,755,-536
123000206,3759,348,3411
123000207,78,372,-294
123000208,1060,306,754
123000209,2874,861,2013
123000210,312,1211,-899
123000211,398,1463,-1065
123000212,5712,501,5211
123000213,739,76,663
123000215,130,270,-140
123000216,211,1180,-969
123000217,312,34,278
123000218,56,657,-601
123000219,815,176,639
123000220,757,107,650
123000221,191,153,38
123000222,545,371,174
123000223,794,147,647
123000224,670,319,351
123000225,360,67,293
123000226,106,525,-419
123000227,146,256,-110
123000228,414,93,321
123000229,707,1240,-533
123000232,167,514,-347
123000233,1235,156,1079
123000234,205,501,-296
123000235,1780,328,1452
123000236,323,461,-138
123000237,723,156,567
123000238,66,360,-294
123000239,423,688,-265
123000240,81,1466,-1385
123000241,438,91,347
123000242,365,238,127
123000243,955,866,89
123000244,816,517,299
123000245,32,91,-59
123000249,317,576,-259
123000252,1275,497,778
123000253,2151,779,1372
123000254,895,686,209
123000255,1268,1066,202
123000256,8,186,-178
123000257,2301,1203,1098
123000258,1303,599,704
123000259,710,516,194
123000260,928,322,606
123000261,528,165,363
123000262,97,101,-4
123000263,862,119,743
123000264,318,166,152
123000265,39,117,-78
123000266,651,566,85
123000267,966,536,430
123000268,42,58,-16
123000269,106,116,-10
123000270,28,133,-105
123000271,51,53,-2
123000272,873,351,522
123000273,401,1226,-825
123000274,1607,1116,491
123000275,241,1011,-770
123000278,1852,3530,-1678
123000279,225,114,111
123000280,348,301,47
123000281,487,167,320
123000282,75,477,-402
123000283,298,84,214
123000284,73,60,13
123000286,138,653,-515
123000287,392,471,-79
123000288,1201,1789,-588
123000289,251,1918,-1667
123000291,257,1007,-750
123000294,181,237,-56
123000295,796,1658,-862
123000296,971,673,298
123000297,1021,392,629
123000298,1427,273,1154
123000299,149,127,22
123000300,1857,1332,525
123000301,198,752,-554
123000302,194,128,66
123000303,99,515,-416
123000305,1148,1095,53
123000306,361,73,288
123000309,51,122,-71
123000310,78,85,-7
123000311,0,110,-110
123000312,467,537,-70
123000313,834,567,267
123000315,215,309,-94
123000316,911,178,733
123000317,372,138,234
123000318,55,180,-125
123000329,5,18,-13
123000337,369,458,-89
123000338,162,246,-84
123000339,496,32,464
123000340,119,274,-155
123000342,5,115,-110
123000343,101,56,45
123000344,595,370,225
123000345,458,664,-206
123000346,786,48,738
123000352,1231,996,235
123000353,71,138,-67
123000354,397,9,388
123000355,0,241,-241
123000356,642,10,632
123000357,1,146,-145
123000359,30,73,-43
123000360,341,165,176
123000361,376,231,145
123000362,560,132,428
123000363,161,214,-53
123000364,752,940,-188
123000365,46,468,-422
123000366,366,3755,-3389
123000367,320,627,-307
123000370,45,285,-240
123000371,601,142,459
123000372,734,73,661
123000373,12,387,-375
123000374,11,156,-145
123000375,558,120,438
123000376,1218,1164,54
123000377,870,50,820
123000378,33,234,-201
123000379,1,338,-337
123000380,17,387,-370
123000381,60,202,-142
123000382,603,181,422
123000383,147,1042,-895
123000384,784,167,617
123000385,177,670,-493
123000436,67,2035,-1968
123000507,51,129,-78
123000508,250,1877,-1627
123000517,308,23,285
123000518,35,157,-122
123000519,207,106,101
123000520,52,122,-70
123000521,717,138,579
123000522,177,206,-29
123000541,8,0,8
123000542,0,11,-11
123000565,1194,24,1170
123000566,532,128,404
123000567,90,77,13
123000573,46,453,-407
123000574,1130,66,1064
123000575,2394,683,1711
123000576,1174,1192,-18
123000577,97,890,-793
123000578,441,238,203
123000579,1100,10196,-9096
123000580,231,82,149
123000582,747,41,706
123000583,14,335,-321
123000584,125,445,-320
123000585,0,27,-27
123000586,137,0,137
123000596,69,66,3
123000597,102,226,-124
123000602,171,21,150
123000603,1913,358,1555
123000604,1007,247,760
123000605,988,95,893
123000606,1,596,-595
123000609,20,370,-350
123000610,190,109,81
123000613,40,206,-166
123000614,280,35,245
123000615,41,40,1
123000616,1244,74,1170
123000617,193,130,63
123000618,64,610,-546
123000619,579,90,489
123000620,30,378,-348
123000622,675,21,654
123000624,207,58,149
123000630,2481,626,1855
123000631,410,585,-175
123000632,755,768,-13
123000633,1,202,-201
123000634,45,434,-389
123000635,95,176,-81
123000636,54,416,-362
123000637,217,29,188
123000638,748,39,709
123000639,763,7427,-6664
123000640,12,258,-246
123000648,763,95,668
123000649,36,380,-344
123900001,1236,95,1141
123900002,41,1825,-1784
123900003,232,515,-283
123900005,411,323,88
123900006,599,114,485
124000001,2137,292,1845
124000002,36,1084,-1048
124000003,1547,201,1346
124000004,103,477,-374
124000005,1688,1124,564
124000006,220,486,-266
124000007,742,95,647
124000008,8,473,-465
124000009,1040,365,675
124000010,275,272,3
124000011,1321,520,801
124000012,269,304,-35
124000017,282,150,132
124000018,159,106,53
124000019,259,163,96
124000020,25,149,-124
124000021,192,142,50
124000022,94,191,-97
124000023,1457,1842,-385
124000024,1331,539,792
124000025,1516,2029,-513
124000026,1241,1164,77
124000027,4593,5051,-458
124000028,1194,3765,-2571
124000030,1778,1587,191
124000031,1514,6314,-4800
124000032,1269,457,812
124000033,998,608,390
124000034,957,650,307
124000035,569,365,204
124000036,94,390,-296
124000037,528,1240,-712
124000038,12,139,-127
124000039,324,379,-55
124000040,218,1395,-1177
124000041,598,172,426
124000042,230,450,-220
124000043,102,168,-66
124000044,85,124,-39
124000045,1711,441,1270
124000046,312,596,-284
124000047,2974,682,2292
124000048,1122,695,427
124000049,2823,470,2353
124000050,1355,1017,338
124000051,1696,379,1317
124000052,1063,680,383
124000053,637,2614,-1977
124000054,746,268,478
124000055,1330,5627,-4297
124000056,1444,778,666
124000057,1897,541,1356
124000058,720,930,-210
124000059,1423,1734,-311
124000060,548,443,105
124000061,1718,7698,-5980
124000062,2679,1505,1174
124000063,1252,1096,156
124000064,1584,1026,558
124000065,74,696,-622
124000066,218,114,104
124000067,241,139,102
124000068,167,179,-12
124000069,965,81,884
124000070,465,254,211
124000071,175,159,16
124000072,240,565,-325
124000073,1444,221,1223
124000074,261,594,-333
124000075,575,79,496
124000076,37,43,-6
124000077,353,991,-638
124000078,1476,1572,-96
124000079,169,1367,-1198
124000080,991,170,821
124000081,250,415,-165
124000082,92,185,-93
124000083,32,91,-59
124000084,75,1121,-1046
124000085,59,26,33
124000086,27,245,-218
124000087,116,197,-81
124000088,118,716,-598
124000089,1030,312,718
124000090,183,203,-20
124000091,740,110,630
124000092,254,446,-192
124000093,183,167,16
124000094,206,567,-361
124000095,127,111,16
124000096,269,253,16
124000097,166,169,-3
124000098,78,69,9
124000099,399,173,226
124000100,99,189,-90
124000101,205,192,13
124000102,111,20,91
124000103,301,174,127
124000104,114,33,81
124000105,223,149,74
124000106,132,36,96
124000107,26,248,-222
124000108,89,19,70
124000109,267,116,151
124000110,82,82,0
124000111,305,137,168
124000112,1094,451,643
124000113,153,189,-36
124000114,481,311,170
124000115,348,989,-641
124000116,132,241,-109
124000117,36,116,-80
124000118,32,85,-53
124000119,1084,1131,-47
124000120,887,984,-97
124000121,1117,798,319
124000122,521,1371,-850
124000123,1273,552,721
124000124,357,746,-389
124000125,664,449,215
124000126,342,472,-130
124000127,1282,418,864
124000128,658,694,-36
124000129,2046,1700,346
124000130,500,510,-10
124000131,903,1022,-119
124000132,514,665,-151
124000133,1494,1501,-7
124000134,1144,571,573
124000135,1705,2506,-801
124000136,631,984,-353
124000137,950,1368,-418
124000138,1289,1432,-143
124000139,371,77,294
124000140,15,395,-380
124000141,197,31,166
124000142,50,276,-226
124000143,84,9,75
124000144,13,88,-75
124000145,175,86,89
124000146,32,49,-17
124000148,10,109,-99
124000149,1121,376,745
124000150,229,670,-441
124000151,1368,521,847
124000152,965,1040,-75
124000153,1271,1155,116
124000154,640,760,-120
124000155,1759,985,774
124000156,987,1103,-116
124000169,166,764,-598
124000170,1051,659,392
124000171,397,380,17
124000172,409,552,-143
124000173,966,207,759
124000174,506,652,-146
124000175,13,54,-41
124000176,65,25,40
124000177,5,22,-17
124000178,52,82,-30
124000190,45,76,-31
124000191,67,289,-222
124000192,1263,820,443
124000193,161,2787,-2626
124000194,278,436,-158
124000195,525,836,-311
124000196,753,728,25
124000197,21,48,-27
124000198,76,64,12
124000201,143,523,-380
124000202,780,276,504
124000203,994,181,813
124000204,1732,236,1496
124000205,171,199,-28
124000206,1300,192,1108
124000207,0,16,-16
124000209,257,107,150
124000210,991,208,783
124000211,1222,5,1217
124000212,0,140,-140
124000213,846,141,705
124000214,718,294,424
124000215,682,22,660
124000216,2,158,-156
124000329,126,517,-391
124000338,134,286,-152
124000339,2248,67,2181
124000341,2732,112,2620
124000344,79,59,20
124000357,1186,2994,-1808
124000358,705,1958,-1253
124000359,1459,1054,405
124000360,1267,599,668
124000361,2549,1260,1289
124000362,1319,2166,-847
124000363,413,318,95
124000364,490,498,-8
124000365,697,889,-192
124000366,1813,775,1038
124000367,75,260,-185
124000368,611,1108,-497
124000369,86,121,-35
124000370,77,640,-563
124000402,44,18,26
124000403,230,24,206
124000404,15,50,-35
124000405,1039,744,295
124000406,482,481,1
124000407,2,34,-32
124000411,17,149,-132
124000412,609,9,600
124000413,95,117,-22
124000414,167,109,58
124000415,54,33,21
124000416,205,152,53
124000417,318,91,227
124000418,414,50,364
124000419,134,49,85
124000420,193,20,173
124000421,104,45,59
124000422,42,21,21
124000423,172,60,112
124000424,5,45,-40
124000425,117,24,93
124000426,6,105,-99
124000427,73,0,73
124000428,3,241,-238
124000429,64,38,26
124000430,989,442,547
124000431,359,323,36
124000432,320,574,-254
124000439,6,2,4
124000443,2,7,-5
124000445,112,2864,-2752
124000446,1043,251,792
124900001,1203,449,754
124900002,338,236,102
124900003,1625,441,1184
124900004,1522,229,1293
124900005,341,135,206
124900006,1294,305,989
124900008,857,674,183
124900009,163,612,-449
124900010,257,277,-20
124900011,940,393,547
124900012,550,118,432
124900013,701,194,507
124900014,492,47,445
124900015,245,402,-157
124900016,137,216,-79
124900017,382,3076,-2694
124900018,121,16,105
124900020,140,72,68
124900021,461,33,428
124900022,50,2,48
124900024,542,8,534
124900026,60,20,40
124900027,188,678,-490
124900028,401,174,227
124900029,46,712,-666
124900030,3,107,-104
124900031,61,313,-252
124900032,242,221,21
124900033,135,184,-49
124900034,4,120,-116
124900035,210,392,-182
124900036,2,66,-64
124900037,257,187,70
124900038,233,240,-7
124900039,2,76,-74
124900040,213,192,21
124900041,461,520,-59
124900042,27,2,25
124900043,813,453,360
124900044,171,1,170
124900045,448,1244,-796
124900046,408,270,138
124900047,102,214,-112
124900048,447,118,329
124900050,331,110,221
124900052,111,320,-209
124900053,229,223,6
124900054,800,449,351
124900055,0,157,-157
124900057,9,47,-38
124900060,33,203,-170
124900061,182,7,175
124900062,322,15,307
124900066,0,10,-10
124900067,5,68,-63
124900068,185,673,-488
124900070,103,31,72
124900072,238,44,194
124900075,638,204,434
124900076,18,2401,-2383
124900077,43,59,-16
124900078,131,26,105
124900079,280,264,16
124900080,504,255,249
124900081,1844,284,1560
124900082,432,425,7
124900083,414,445,-31
124900085,561,841,-280
124900086,40,1739,-1699
124900087,205,148,57
124900088,148,80,68
124900089,633,7,626
124900090,940,298,642
124900091,490,199,291
124900092,438,193,245
124900093,660,224,436
124900094,1009,318,691
124900095,205,815,-610
124900096,400,145,255
124900097,648,58,590
124900098,184,351,-167
124900099,280,850,-570
124900100,592,46,546
124900101,57,406,-349
124900102,430,14,416
124900103,243,93,150
124900104,56,82,-26
124900105,173,111,62
124900106,445,28,417
124900107,120,51,69
124900108,203,131,72
124900111,46,157,-111
124900112,137,249,-112
124900113,69,255,-186
124900114,83,158,-75
124900115,44,59,-15
124900116,335,402,-67
124900117,173,277,-104
124900118,109,996,-887
124900119,544,277,267
124900120,52,253,-201
124900121,138,556,-418
124900122,267,204,63
124900123,165,144,21
124900124,45,404,-359
204000001,208,7,201
204000002,9,4,5
204000003,20,4,16
204000004,0,1,-1
204000005,597,548,49
204000006,1030,1196,-166
204000011,10,33,-23
204000012,124,127,-3
204000019,1341,383,958
204000020,1117,711,406
204000021,1349,966,383
204000022,1493,524,969
204000023,621,437,184
204000031,37,18,19
204000032,253,48,205
204000034,35,63,-28
204000035,0,0,0
204000036,10,13,-3
204000037,0,13,-13
204000038,0,8,-8
204000039,10,15,-5
204000040,7,21,-14
204000041,16,36,-20
204000042,41,17,24
204000043,38,6,32
204000044,51,8,43
204000045,78,5,73
204000046,14,3,11
204000057,16,9,7
204000062,45,20,25
204000068,17,597,-580
204000069,207,532,-325
204000070,72,68,4
204000080,49,74,-25
204000085,1289,1102,187
204000086,1991,1157,834
204000087,59,6,53
204000088,12,61,-49
204000090,24,142,-118
204000093,679,70,609
204000096,1788,852,936
204000097,664,10,654
204000099,1162,2291,-1129
204000100,2288,1786,502
204000105,1210,840,370
204000110,305,1030,-725
204000111,568,499,69
204000112,617,503,114
204000113,314,628,-314
204000114,970,1195,-225
204000115,1236,532,704
204000116,678,715,-37
204000119,2554,2033,521
204000132,899,538,361
204000133,932,145,787
204000134,232,84,148
204000135,826,68,758
204000136,498,205,293
204000138,370,698,-328
204000140,292,168,124
204000141,211,77,134
204000144,15,20,-5
204000145,649,58,591
204000146,21,271,-250
204000147,7,202,-195
204000148,267,28,239
204000154,15,1,14
204000155,0,3,-3
204000177,72,54,18
204000179,65,11,54
204000180,1,26,-25
204000222,5,7,-2
204000235,43,19,24
204000236,40,183,-143
204000238,9,21,-12
204000240,283,73,210
204000263,515,849,-334
204000268,623,553,70
204000308,143,45,98
204000317,15,106,-91
204000322,28,54,-26
204000323,15,3,12
204000328,253,67,186
204000329,52,181,-129
204000330,208,13,195
204000331,56,128,-72
204010341,12,221,-209
205000001,640,908,-268
205000013,18,99,-81
205000014,64,93,-29
205000015,38,77,-39
205000016,24,80,-56
205000017,42,115,-73
205000022,228,572,-344
205000025,1115,696,419
205000029,472,20,452
205000045,172,619,-447
205000046,234,409,-175
205000047,118,380,-262
205000048,565,414,151
205000049,187,396,-209
205000050,886,241,645
205000059,0,223,-223
205000060,0,191,-191
205000061,5,448,-443
205000062,5,742,-737
205000063,23,681,-658
205000064,21,110,-89
205000065,171,536,-365
205000066,143,313,-170
205000067,79,451,-372
205000069,143,15,128
205000082,155,269,-114
205000110,63,120,-57
205000111,156,154,2
205000112,161,228,-67
205000113,127,159,-32
205000121,186,112,74
205000123,43,164,-121
205000126,678,100,578
205000127,893,140,753
205000128,480,59,421
205000129,841,66,775
205000130,96,19,77
205000131,37,22,15
205000132,123,5,118
205000133,65,0,65
205000134,351,1,350
205000137,186,115,71
205000138,223,248,-25
205000139,36,97,-61
205000144,85,86,-1
205000145,461,218,243
205000151,214,44,170
205000152,150,18,132
205000153,310,28,282
205000154,135,63,72
205000155,175,18,157
205000207,6,93,-87
205000233,26,2,24
205000234,1,1,0
205000243,0,0,0
205000244,0,1,-1
205000245,11,211,-200
205000249,0,10,-10
205000250,9,1,8
205000264,13,103,-90
206000027,6,8,-2
206000028,7,6,1
206000043,6,31,-25
206000053,5,1,4
206000054,0,13,-13
206000055,3,18,-15
206000075,16,22,-6
206000076,24,24,0
206000077,17,13,4
206000078,36,16,20
206000079,20,4,16
206000082,379,131,248
206000100,35,581,-546
206000103,2,2,0
206000104,7,23,-16
206000105,4,11,-7
206000106,4,35,-31
206000108,672,62,610
206000125,117,0,117
206000157,34,423,-389
206000170,0,115,-115
206000171,7,139,-132
206000172,20,145,-125
206000173,8,107,-99
206000174,14,41,-27
206000175,4,49,-45
206000176,18,82,-64
206000177,2,34,-32
206000178,1,208,-207
206000179,4,260,-256
206000180,3,103,-100
206000181,15,42,-27
206000182,15,82,-67
206000183,13,135,-122
206000184,2,96,-94
206000185,6,43,-37
206000186,85,305,-220
206000223,16,282,-266
206000226,59,5,54
206000227,29,8,21
206000237,23,127,-104
206000238,34,200,-166
206000239,234,1317,-1083
206000240,0,52,-52
206000241,0,69,-69
206000242,7,143,-136
206000243,8,75,-67
206000244,72,182,-110
206000245,1414,44,1370
206000246,505,16,489
206000247,505,7,498
206000248,643,44,599
206000252,63,66,-3
206000258,17,48,-31
206000315,53,2,51
206000317,678,200,478
206000318,932,97,835
206000319,2859,100,2759
206000320,522,49,473
206000321,528,22,506
206000322,1112,33,1079
206000323,373,7,366
206000324,362,29,333
206000325,271,31,240
206000326,297,27,270
206000327,60,23,37
206000328,267,10,257
206000329,460,5,455
206000330,73,8,65
206000331,360,4,356
206000332,113,3,110
206000333,1276,5,1271
206000334,548,3,545
206000335,0,16,-16
206000361,5,159,-154
206000392,10,17,-7
206000405,185,19,166
206000441,127,32,95
206000498,56,4,52
206000515,53,41,12
206000530,460,92,368
206000531,240,485,-245
206000532,1409,762,647
206000535,112,4458,-4346
206000536,15,72,-57
206000537,16,132,-116
206000613,1085,304,781
207000001,120,533,-413
207000002,127,442,-315
207000003,147,155,-8
207000007,1750,296,1454
207000008,234,6,228
207000009,110,48,62
207000010,306,275,31
207000012,518,237,281
207000015,323,497,-174
207000019,332,120,212
207000021,515,236,279
207000022,240,174,66
207000023,368,95,273
207000024,1,21,-20
207000025,32,83,-51
207000026,128,54,74
207000027,24,70,-46
207000028,58,113,-55
207000029,170,325,-155
207000033,336,468,-132
207000034,297,150,147
207000039,826,84,742
207000040,780,56,724
207000041,133,46,87
207000042,287,63,224
207000043,227,179,48
207000051,152,241,-89
207000052,15,146,-131
207000053,377,408,-31
207000054,77,63,14
207000055,160,82,78
207000056,259,202,57
207000057,143,223,-80
207000058,195,189,6
207000059,156,214,-58
207000060,65,177,-112
207000061,163,1075,-912
207000062,741,34,707
207000063,841,52,789
207000064,446,61,385
207000065,360,237,123
207000066,441,172,269
207000067,77,52,25
207000068,141,31,110
207000069,849,362,487
207000082,14,143,-129
207000083,89,166,-77
207000084,659,315,344
207000085,319,44,275
207000086,440,9,431
207000106,34,25,9
207000107,123,11,112
207000108,146,4,142
207000109,121,6,115
207000110,81,90,-9
207000111,75,176,-101
207000112,86,1373,-1287
207000114,24,27,-3
207000115,54,83,-29
207000116,28,446,-418
207000117,7,81,-74
207000118,3,26,-23
207000119,25,50,-25
207000123,340,22,318
207000124,140,18,122
207000125,57,24,33
207000126,85,25,60
207000134,160,119,41
207000135,38,126,-88
207000148,93,507,-414
207000149,58,55,3
207000152,132,408,-276
207000153,334,792,-458
207000154,339,357,-18
207000159,120,135,-15
207000160,237,209,28
207000238,1,202,-201
207000242,7,113,-106
207000248,48,58,-10
207000249,171,19,152
207000250,504,93,411
207000251,183,132,51
207000252,23,53,-30
207000278,121,125,-4
207000279,22,79,-57
207000280,1343,91,1252
207000281,233,331,-98
207000282,83,335,-252
207000283,26,211,-185
207000284,35,899,-864
207000285,63,105,-42
207000291,17,92,-75
207000304,124,71,53
207000306,73,291,-218
207000310,177,76,101
207000353,168,0,168
207000356,16,68,-52
207000357,9,33,-24
207000358,9,43,-34
207000415,17,204,-187
207000417,72,2,70
207000418,87,107,-20
207000438,0,1,-1
207000439,417,522,-105
207000446,286,6,280
207000460,65,12,53
207000466,308,136,172
207000467,550,103,447
207000468,82,145,-63
207000476,9,12,-3
207000477,1037,25,1012
207000478,0,123,-123
207000523,0,18,-18
207000524,82,30,52
207000527,245,150,95
207000530,1066,13,1053
207000531,468,13,455
207000532,133,28,105
207000534,181,34,147
207000535,32,505,-473
207000537,24,54,-30
207000540,9,74,-65
207000541,2,211,-209
207000548,10,135,-125
207000549,449,25,424
207000561,305,308,-3
207000562,16,122,-106
207000567,92,213,-121
207000568,327,25,302
207000569,974,187,787
207000584,115,258,-143
207000585,34,321,-287
207000587,134,35,99
207000616,0,59,-59
207000617,233,1,232
207000624,26,28,-2
207000631,2,27,-25
207900008,382,100,282
208000001,628,1530,-902
208000002,844,832,12
208000003,1077,545,532
208000004,1075,897,178
208000005,1,22,-21
208000019,1182,563,619
208000020,332,295,37
208000021,310,215,95
208000022,1115,454,661
208000028,999,1704,-705
208000033,699,387,312
208000034,1022,2140,-1118
208000037,509,33,476
208000040,259,114,145
208000041,1053,653,400
208000042,1237,547,690
208000047,240,181,59
208000064,2081,1925,156
208000066,1346,2654,-1308
208000070,688,381,307
208000071,898,402,496
208000072,752,801,-49
208000080,385,545,-160
208000081,479,122,357
208000082,590,144,446
208000083,250,253,-3
208000084,12,19,-7
208000085,668,433,235
208000086,653,1074,-421
208000087,434,780,-346
208000089,1314,337,977
208000090,1240,376,864
208000093,66,133,-67
208000094,752,414,338
208000095,1071,510,561
208000104,1472,530,942
208000105,946,697,249
208000114,104,377,-273
208000115,535,309,226
208000116,1161,1241,-80
208000117,56,90,-34
208000118,151,234,-83
208000155,660,1261,-601
208000158,1781,3549,-1768
208000186,1336,3496,-2160
208000204,1119,1265,-146
208000205,2063,762,1301
208000282,1364,2436,-1072
209000004,821,161,660
209000005,85,47,38
209000006,460,317,143
209000007,431,601,-170
209000010,262,203,59
209000011,140,332,-192
209000012,129,118,11
209000013,310,175,135
209000014,472,545,-73
209000025,615,117,498
209000026,1136,141,995
209000027,322,344,-22
209000028,231,261,-30
209000029,412,1233,-821
209000030,265,1494,-1229
209000031,2725,1210,1515
209000034,337,416,-79
209000035,285,438,-153
209000036,459,285,174
209000037,612,354,258
209000038,322,211,111
209000039,121,150,-29
209000040,445,582,-137
209000041,273,363,-90
209000042,394,308,86
209000043,610,720,-110
209000044,309,919,-610
209000045,745,314,431
209000046,790,444,346
209000047,582,232,350
209000048,664,471,193
209000049,123,77,46
209000050,242,85,157
209000051,317,209,108
209000052,218,223,-5
209000062,83,77,6
209000063,119,59,60
209000064,39,26,13
209000065,263,40,223
209000066,207,18,189
209000067,307,45,262
209000080,7,208,-201
209000082,111,57,54
209000091,30,80,-50
209000093,41,29,12
209000094,79,141,-62
209000110,67,200,-133
209000111,715,2331,-1616
209000112,1675,748,927
209000113,2520,1090,1430
209000114,1093,872,221
209000115,49,79,-30
209000116,423,269,154
209000118,28,93,-65
209000119,8,17,-9
209000121,98,331,-233
209000135,64,264,-200
209000142,653,2496,-1843
209000143,34,39,-5
209000144,68,290,-222
209000229,201,144,57
209000240,15,170,-155
209000259,77,118,-41
209000260,77,872,-795
209000261,1,283,-282
209000262,1,191,-190
209000263,1,399,-398
209000264,1,280,-279
209000265,372,2,370
209000266,126,1,125
209000267,1445,7,1438
209000268,608,80,528
210000037,143,41,102
210000047,130,10,120
210000048,211,17,194
210000049,72,7,65
210000052,99,77,22
210000053,66,29,37
210000054,14,69,-55
210000070,188,6,182
210000071,113,0,113
210000072,36,1,35
210000073,0,24,-24
210000074,0,120,-120
210000075,3,196,-193
210000076,12,259,-247
210000077,8,164,-156
210000078,43,119,-76
210000079,21,14,7
210000080,35,181,-146
210000081,182,29,153
210000082,52,1,51
210000083,68,0,68
210000084,83,0,83
210000085,6,52,-46
210000086,1,86,-85
210000099,80,173,-93
210000100,120,127,-7
210000101,100,131,-31
210000105,30,260,-230
210000159,1,350,-349
210000163,99,318,-219
210000164,210,352,-142
210000168,178,93,85
210000187,0,84,-84
210000188,0,29,-29
210000214,6,1,5
210000219,100,69,31
210000220,191,29,162
210000232,2,14,-12
210000233,77,51,26
210000234,78,106,-28
210000235,130,66,64
210000245,3,180,-177
210000246,11,1,10
210000258,36,85,-49
210000259,319,72,247
210000282,70,194,-124
210000285,1,156,-155
210000286,19,148,-129
210000290,1,4,-3
210000295,50,177,-127
210000296,74,47,27
210000320,367,36,331
210000321,165,24,141
210000338,71,69,2
210000339,174,954,-780
210000340,107,307,-200
210000341,242,273,-31
210000342,331,176,155
210000343,173,218,-45
210000344,67,190,-123
210000345,121,274,-153
210000346,57,123,-66
210000347,57,47,10
210000348,90,52,38
210000349,38,25,13
210000350,132,55,77
210000351,167,32,135
210000352,93,49,44
210000353,60,60,0
210000354,53,43,10
210000355,35,93,-58
210000356,16,101,-85
210000357,38,63,-25
210000358,291,281,10
210000359,63,167,-104
210000360,225,248,-23
210000361,169,172,-3
210000362,258,250,8
210000363,428,248,180
210000364,156,188,-32
210000365,130,77,53
210000366,181,65,116
210000367,134,25,109
210000368,128,34,94
210000369,32,48,-16
210000370,82,101,-19
210000372,31,18,13
210000373,18,42,-24
210000374,98,59,39
210000375,33,32,1
210000376,58,152,-94
210000404,56,114,-58
210000439,77,18,59
210000472,45,4,41
210000482,65,173,-108
210000564,147,291,-144
210000567,0,63,-63
210000568,230,1,229
211000092,72,38,34
211000094,50,13,37
211000169,198,17,181
211000172,11,144,-133
211000209,2,74,-72
211000226,4,11,-7
211000270,53,12,41
211000275,27,12,15
211000276,168,29,139
211000279,21,28,-7
211000281,121,27,94
211507980,0,42,-42
211977296,37,6,31
212000003,169,20,149
212000004,13,90,-77
212000005,17,58,-41
212000006,48,76,-28
212000008,258,128,130
212000009,77,96,-19
212000012,126,30,96
212000013,35,17,18
212000014,349,63,286
212000015,375,155,220
212000016,567,389,178
212000027,646,293,353
212000028,411,258,153
212000029,254,161,93
212000030,71,17,54
212000031,88,40,48
212000048,30,438,-408
212000049,24,303,-279
212000050,18,18,0
212000051,321,143,178
212000052,298,151,147
212000053,254,301,-47
212000054,509,69,440
212000055,590,99,491
212000056,16,34,-18
212000057,15,33,-18
212000058,141,22,119
212000070,144,107,37
212000077,132,283,-151
212000099,379,176,203
212000108,229,139,90
212000111,325,94,231
212000120,147,105,42
212000138,154,17,137
212000156,3,54,-51
212000158,3,26,-23
212000159,716,44,672
212000160,740,135,605
212000161,104,6,98
212000310,68,14,54
212000311,14,38,-24
212000374,48,20,28
213000001,17,556,-539
213000005,628,189,439
213000006,843,386,457
213000007,40,21,19
213000009,448,268,180
213000010,408,274,134
213000011,231,175,56
213000012,268,228,40
213000014,73,38,35
213000015,335,15,320
213000016,570,2,568
213000017,116,0,116
213000018,0,20,-20
213000019,3,85,-82
213000020,153,127,26
213000021,4,70,-66
213000023,555,291,264
213000033,462,1423,-961
213000034,598,212,386
213000035,177,298,-121
213000045,326,330,-4
213000046,210,153,57
213000047,310,1185,-875
213000056,193,40,153
213000069,104,4,100
213000073,1,56,-55
213000074,296,744,-448
213000075,682,5,677
213000076,7,1,6
213000085,1,29,-28
213000086,25,148,-123
213000091,439,10,429
213000092,49,10,39
213000099,228,1607,-1379
213000100,955,328,627
213000101,862,85,777
213000102,1014,124,890
213000103,895,627,268
213000104,90,294,-204
213000105,103,1841,-1738
213000106,19,70,-51
213000107,167,238,-71
213000108,56,301,-245
213000109,4,132,-128
213000110,17,87,-70
213000111,7,92,-85
213000112,46,83,-37
213000115,79,16,63
213000116,96,503,-407
213000117,9,521,-512
213000118,1273,295,978
213000119,44,363,-319
213000120,143,227,-84
213000122,225,293,-68
213000123,211,478,-267
213000124,260,789,-529
213000125,266,105,161
213000126,40,97,-57
213000127,39,244,-205
213000128,103,1207,-1104
213000129,161,1180,-1019
213000130,1507,598,909
213000132,936,186,750
213000133,1609,152,1457
213000134,2067,24,2043
213000136,676,21,655
213000137,916,68,848
213000139,142,20,122
213000147,20,12,8
213000148,9,10,-1
213000149,86,12,74
213000150,0,390,-390
213000151,4,193,-189
213000152,1,139,-138
213000153,1,145,-144
213000154,90,316,-226
213000155,28,220,-192
213000156,92,300,-208
213000157,985,312,673
213000158,491,648,-157
213000159,934,321,613
213000163,2039,184,1855
213000165,1072,409,663
213000171,0,25,-25
213000172,0,96,-96
213000173,2,77,-75
213000174,1,59,-58
213000175,14,17,-3
213000176,132,61,71
213000177,140,4,136
213000178,327,4,323
213000179,322,1,321
213000180,337,0,337
213000184,115,516,-401
213000188,577,83,494
213000189,679,33,646
213000190,855,524,331
213000191,693,274,419
213000192,421,145,276
213000193,593,350,243
213000194,4,62,-58
213000195,44,315,-271
213000196,232,1524,-1292
213000197,780,739,41
213000198,25,2,23
213000200,68,476,-408
213000201,29,60,-31
213000202,40,541,-501
213000203,2009,427,1582
213000204,1157,54,1103
213000205,531,65,466
213000206,786,43,743
213000207,54,9,45
213000208,93,8,85
213000209,136,2,134
213000210,216,3,213
213000211,7,41,-34
213000212,33,51,-18
213000213,16,22,-6
213000218,368,394,-26
213000219,1089,15,1074
213000220,894,8,886
213000223,172,284,-112
213000224,30,100,-70
213000225,105,24,81
213000226,93,25,68
213000227,1420,197,1223
213000228,702,71,631
213000229,88,18,70
213000230,547,13,534
213000232,118,215,-97
213000233,6,340,-334
213000234,5,99,-94
213000293,6,80,-74
213000294,67,33,34
213000295,29,85,-56
213000296,79,16,63
213000297,26,70,-44
213000298,2,58,-56
213000299,74,21,53
213000300,4,20,-16
213000303,4,22,-18
213000304,2,19,-17
213000305,0,32,-32
213000306,39,181,-142
213000307,81,195,-114
213000308,90,178,-88
213000309,198,93,105
213000310,378,250,128
213000311,131,1051,-920
213000315,83,169,-86
213000316,265,86,179
213000322,114,37,77
213000323,275,94,181
213000324,120,14,106
213000325,132,34,98
213000326,66,17,49
213000327,127,26,101
213000328,55,89,-34
213000329,149,22,127
213000340,220,239,-19
213000341,1203,112,1091
213000346,201,319,-118
213000347,377,755,-378
213000348,7,609,-602
213000349,3,37,-34
213000350,364,946,-582
213000366,93,158,-65
213000367,483,22,461
213000379,50,321,-271
213000386,44,98,-54
213000406,175,135,40
213000417,2119,580,1539
213000425,430,111,319
213000426,302,40,262
213000427,103,81,22
213000428,59,87,-28
213000429,3,13,-10
213000430,113,384,-271
213000431,19,3,16
213000432,3,71,-68
213000433,32,74,-42
213000434,195,173,22
213000435,221,166,55
213000436,69,35,34
213000437,1,9,-8
213000438,189,31,158
213000439,36,13,23
213000440,24,136,-112
213000441,1,2,-1
213000442,5,33,-28
213000443,606,496,110
213000444,90,14,76
213000445,0,79,-79
213000446,0,69,-69
213000447,2,67,-65
213000448,15,269,-254
213000449,1088,8,1080
213000450,33,77,-44
213000451,416,87,329
213000452,25,31,-6
213000453,34,234,-200
213000455,125,0,125
213000456,2,306,-304
213000481,10,4,6
213000482,27,3,24
213000489,261,47,214
213000491,2,204,-202
213000492,140,52,88
213000493,2,109,-107
213000494,387,121,266
213000495,0,21,-21
213000496,804,120,684
213000497,115,178,-63
213000498,210,109,101
213000499,322,142,180
213000500,839,69,770
213000501,284,46,238
213000502,182,205,-23
213000503,2,36,-34
213000504,16,49,-33
213000505,10,7,3
213000506,0,13,-13
213000507,8,95,-87
213900244,165,0,165
213900245,0,9,-9
218000003,21,33,-12
218000004,33,32,1
218000005,34,44,-10
218000006,65,60,5
218000007,7,8,-1
218000012,190,182,8
218000013,217,237,-20
218000014,395,309,86
218000019,480,483,-3
218000020,190,319,-129
218000021,30,36,-6
218000022,24,4,20
218000023,15,12,3
218000024,1,3,-2
218000025,4,5,-1
218000026,2,12,-10
218000027,0,1,-1
218000028,1,1,0
218000029,2,4,-2
218000030,4,7,-3
218000031,4,9,-5
218000032,0,12,-12
218000040,3,21,-18
218000046,62,42,20
218000047,8,42,-34
218000048,79,33,46
218000049,62,30,32
218000050,225,112,113
218000051,68,91,-23
218000052,2,19,-17
218000053,3,19,-16
218000054,3,50,-47
218000055,12,22,-10
218000056,11,26,-15
218000057,5,20,-15
218000064,1,13,-12
218000065,112,143,-31
218000066,15,24,-9
218000067,121,35,86
218000068,132,77,55
218000069,358,71,287
218000070,172,128,44
218000071,194,149,45
218000072,141,309,-168
218000078,1514,398,1116
218000079,260,65,195
218000080,218,60,158
218000081,744,109,635
218000082,97,62,35
218000083,162,26,136
218000084,255,75,180
218000085,258,161,97
218000086,129,91,38
218000087,240,75,165
218000090,24,147,-123
218000091,1318,545,773
218000092,181,110,71
218000093,105,39,66
218000094,568,498,70
218000099,270,718,-448
218000100,466,376,90
218000101,412,159,253
218000102,616,174,442
218000103,130,94,36
218000104,179,31,148
218000105,29,42,-13
218000106,12,17,-5
218000107,109,28,81
218000108,6,25,-19
218000112,93,53,40
218000117,44,112,-68
218000134,781,266,515
218000135,13,52,-39
218000136,171,71,100
218000137,235,138,97
218000138,51,92,-41
218000139,225,235,-10
218000140,731,259,472
218000141,99,58,41
218000142,249,117,132
218000143,45,361,-316
218000144,39,193,-154
218000145,533,329,204
218000146,166,118,48
218000151,4,20,-16
218000152,86,49,37
218000153,9,4,5
218000154,16,2,14
218000155,47,10,37
218000156,98,10,88
218000157,32,9,23
218000158,11,8,3
218000159,3,6,-3
218000160,4,6,-2
218000161,53,3,50
218000162,55,5,50
218000163,30,2,28
218000164,110,5,105
218000165,143,40,103
218000170,1,30,-29
218000171,53,8,45
218000172,9,7,2
218000173,29,32,-3
218000174,17,21,-4
218000176,232,46,186
218000177,407,221,186
218000178,59,185,-126
218000179,145,60,85
218000180,136,16,120
218000181,366,56,310
218000187,17,65,-48
218000188,10,75,-65
218000189,34,74,-40
218000190,27,10,17
218000191,235,36,199
218000192,330,155,175
218000193,575,216,359
218000194,207,222,-15
218000195,199,40,159
218000196,395,199,196
218000197,664,189,475
218000198,37,55,-18
218000199,38,17,21
218000200,59,23,36
218000201,19,26,-7
218000202,62,464,-402
218000207,6,10,-4
218000208,24,33,-9
218000211,56,31,25
218000212,0,5,-5
218000213,90,109,-19
218000214,2,38,-36
218000215,42,29,13
218000217,7,19,-12
218000218,88,13,75
218000219,3,68,-65
218000220,30,815,-785
218000221,437,208,229
218000222,1,51,-50
218000223,50,472,-422
218000224,17,253,-236
218000225,215,27,188
218000226,228,98,130
218000230,0,5,-5
218000232,49,80,-31
218000239,146,11,135
218000240,7,2,5
218000241,13,2,11
218000242,9,1,8
218000243,27,10,17
218000244,34,5,29
218000245,34,2,32
218000246,0,0,0
218000247,1,1,0
218000248,0,11,-11
218000249,0,4,-4
218000250,5,23,-18
218000251,4,24,-20
218000252,1,142,-141
218000253,2,59,-57
218000254,0,24,-24
218000255,2,14,-12
218000256,6,75,-69
218000267,388,1032,-644
218000268,3,43,-40
218000269,4,11,-7
218000270,193,43,150
218000271,20,43,-23
218000273,50,2,48
218000274,7,2,5
218000275,51,63,-12
218000276,26,27,-1
218000278,10,69,-59
218000279,131,47,84
218000280,5,25,-20
218000281,9,34,-25
218000282,561,801,-240
218000284,50,2,48
218000301,100,110,-10
218000302,111,40,71
218000303,35,44,-9
218000316,1272,669,603
218000317,1979,696,1283
218000318,1343,355,988
218000319,1669,697,972
218000320,1571,521,1050
218000338,16,74,-58
218000345,125,86,39
218000346,67,201,-134
218000459,25,79,-54
218000490,42,69,-27
218000501,83,56,27
218000502,89,18,71
218000503,153,29,124
218000504,116,24,92
218000505,32,90,-58
218000506,29,151,-122
218000508,6,3,3
218000510,114,8,106
218000520,119,102,17
218000521,10,24,-14
218000522,0,307,-307
218000523,143,2,141
218000524,14,769,-755
218000525,95,64,31
218000526,26,437,-411
218000529,64,82,-18
218000530,41,4,37
218000531,29,16,13
218000532,50,23,27
218000534,190,22,168
218000537,18,55,-37
218000538,106,395,-289
218000540,107,69,38
218000543,236,71,165
218000544,43,50,-7
218000545,120,91,29
218000546,53,44,9
218000547,136,217,-81
218000548,96,88,8
218000549,791,337,454
218000550,186,260,-74
218000551,92,503,-411
218000552,282,281,1
218000553,16,74,-58
218000554,62,80,-18
218000555,21,66,-45
218000556,294,169,125
218000557,578,239,339
218000558,112,0,112
218000559,0,21,-21
218000560,0,42,-42
218000561,18,0,18
218000562,24,142,-118
218000563,229,39,190
218000564,8,133,-125
218000565,56,93,-37
218000566,77,32,45
218000567,1,95,-94
218000568,5,2,3
218000569,7,447,-440
218000570,27,22,5
218000571,2,87,-85
218000572,205,3,202
218000573,7,207,-200
218000574,45,44,1
218000575,148,1,147
218000576,0,79,-79
218000577,132,2,130
218000578,1,223,-222
218000579,9,37,-28
218000581,7,65,-58
218000582,53,11,42
218000583,9,0,9
218000584,1,37,-36
218000585,66,1,65
218000586,17,33,-16
218000587,1,18,-17
218000588,0,1,-1
218000589,0,4,-4
218000590,13,1,12
218000591,1,2,-1
218000592,3,4,-1
218000593,2,2,0
218000594,0,0,0
218000597,0,0,0
218000598,0,1,-1
218000599,0,0,0
218000600,1,2,-1
218000601,2,1,1
218000602,0,1,-1
218000603,0,3,-3
218000604,9,1,8
218000605,1,29,-28
218000606,116,2,114
218000607,11,59,-48
218000608,112,29,83
218000609,12,46,-34
218000610,121,10,111
218000611,22,0,22
218000612,5,35,-30
218000613,65,2,63
218000614,0,52,-52
218000615,259,7,252
218000616,0,107,-107
218000617,12,0,12
218000618,1,17,-16
218000619,72,36,36
218000620,9,52,-43
218000621,0,12,-12
218000622,0,47,-47
218000623,59,2,57
218000624,0,85,-85
218000625,2,2,0
218000626,0,19,-19
218000628,252,106,146
218000631,32,45,-13
218000632,0,133,-133
218000633,94,2,92
218000634,3,16,-13
218000635,6,37,-31
218000636,1008,574,434
218000637,1175,319,856
218000638,348,24,324
218000639,19,60,-41
218000640,561,21,540
218000641,116,102,14
218000652,37,15,22
218000653,248,93,155
218000663,10,47,-37
218000675,55,109,-54
218000676,3,8,-5
218000677,47,0,47
218000680,276,164,112
218000681,565,171,394
218000691,236,173,63
218000693,518,90,428
218000703,9,13,-4
218000718,22,198,-176
218000719,53,314,-261
218000720,3,241,-238
218000721,24,70,-46
218000725,3,4,-1
218001147,2,46,-44
218001214,20,74,-54
218001258,183,6,177
218001329,117,137,-20
218001330,71,153,-82
218001351,20,26,-6
218001352,15,53,-38
218001353,2,23,-21
218001354,1,38,-37
218001355,5,98,-93
218001356,879,70,809
218001357,4,27,-23
218001358,510,29,481
218001361,615,4,611
218001362,1,24,-23
219000001,34,63,-29
219000002,31,50,-19
219000003,87,67,20
219000004,80,66,14
219000017,29,98,-69
219000020,220,46,174
219000022,132,2,130
219000023,111,1,110
219000029,2,85,-83
219000034,38,27,11
219000039,51,254,-203
219000040,32,84,-52
219000041,110,24,86
219000051,0,59,-59
219000052,0,58,-58
219000053,0,69,-69
219000054,21,74,-53
219000055,346,2,344
219000056,3,0,3
219000057,68,0,68
219000062,20,143,-123
219000063,87,17,70
219000064,0,97,-97
219000110,212,127,85
219000111,96,57,39
219000112,227,27,200
219000113,206,55,151
219000114,162,66,96
219000116,183,68,115
219000117,217,79,138
219000118,202,82,120
219000123,204,60,144
219000124,70,39,31
219000125,11,5,6
219000126,48,121,-73
219000127,0,3,-3
219000128,10,154,-144
219000129,7,103,-96
219000130,227,781,-554
219000131,751,1421,-670
219000133,44,81,-37
219000134,25,41,-16
219000135,17,109,-92
219000136,66,199,-133
219000138,108,23,85
219000139,101,20,81
219000140,163,1,162
219000141,46,45,1
219000142,8,38,-30
219000143,49,36,13
219000145,9,55,-46
219000146,25,12,13
219000147,1,45,-44
219000148,5,7,-2
219000149,13,34,-21
219000150,3,27,-24
219000151,6,21,-15
219000157,277,91,186
219000158,192,163,29
219000161,201,9,192
219000163,1230,406,824
219000166,139,241,-102
219000167,128,124,4
219000168,184,92,92
219000174,635,175,460
219000175,170,5,165
219000176,260,11,249
219000177,101,2,99
219000178,85,1,84
219000179,62,10,52
219000180,26,28,-2
219000182,271,21,250
219000183,154,36,118
219000184,114,12,102
219000185,46,14,32
219000186,82,31,51
219000187,18,57,-39
219000189,48,227,-179
219000190,46,232,-186
219000191,208,2039,-1831
219000192,187,187,0
219000193,147,162,-15
219000195,5,106,-101
219000196,3,134,-131
219000198,23,75,-52
219000199,38,163,-125
219000200,94,133,-39
219000201,86,176,-90
219000203,28,114,-86
219000204,41,376,-335
219000205,32,249,-217
219000207,106,249,-143
219000209,42,35,7
219000210,12,151,-139
219000213,8,172,-164
219000239,187,211,-24
219000240,168,437,-269
219000241,191,146,45
219000242,78,190,-112
219000243,192,228,-36
219000244,10,52,-42
219000245,26,21,5
219000246,48,65,-17
219000247,259,49,210
219000248,460,590,-130
219000249,203,218,-15
219000250,230,222,8
219000251,629,293,336
219000252,392,165,227
219000253,401,65,336
219000255,214,208,6
219000256,395,88,307
219000257,198,0,198
219000262,85,118,-33
219000263,78,111,-33
219000267,2,56,-54
219000268,4,11,-7
219000269,9,5,4
219000270,16,1,15
219000271,229,1,228
219000278,0,20,-20
219000279,1,12,-11
219000283,2,10,-8
219000295,20,60,-40
219000296,110,224,-114
219000297,43,50,-7
219000298,34,43,-9
219000299,485,88,397
219000300,37,56,-19
219000301,61,285,-224
219000302,19,181,-162
219000307,42,22,20
219000308,107,64,43
219000311,254,83,171
219000312,560,165,395
219000313,655,39,616
219000314,56,213,-157
219000315,403,38,365
219000316,828,64,764
219000317,239,33,206
219000320,17,73,-56
219000321,0,42,-42
219000323,21,74,-53
219000325,3,11,-8
219000326,72,92,-20
219000327,35,7,28
219000328,13,23,-10
219000329,217,95,122
219000330,32,48,-16
219000331,63,69,-6
219000332,186,117,69
219000333,43,5,38
219000335,103,1,102
219000337,29,1,28
219000338,48,1,47
219000344,10,57,-47
219000345,83,51,32
219000346,57,66,-9
219000348,215,60,155
219000349,51,109,-58
219000350,95,464,-369
219000351,1,8,-7
219000352,304,103,201
219000353,135,63,72
219000354,307,104,203
219000355,257,59,198
219000356,425,2241,-1816
219000363,158,77,81
219000364,149,60,89
219000365,115,15,100
219000366,192,586,-394
219000368,301,603,-302
219000370,605,1008,-403
219000371,5,19,-14
219000382,15,58,-43
219000383,240,1829,-1589
219000385,371,787,-416
219000386,739,1828,-1089
219000387,3,36,-33
219000390,7,1,6
219000391,5,0,5
219000397,52,45,7
219000398,76,73,3
219000401,25,76,-51
219000402,38,43,-5
219000403,75,238,-163
219000404,20,103,-83
219000407,10,30,-20
219000409,120,55,65
219000410,150,22,128
219000411,118,19,99
219000446,95,398,-303
219000447,0,22,-22
219000448,20,12,8
219000452,92,101,-9
219000453,60,290,-230
219000454,184,392,-208
219000556,406,97,309
219000558,120,154,-34
219000590,32,201,-169
219000591,178,153,25
219000592,66,197,-131
219000595,27,14,13
219000635,215,57,158
219000636,66,16,50
219000657,25,8,17
219000658,27,184,-157
219000673,0,160,-160
219000676,22,16,6
219000679,35,10,25
219000684,108,13,95
219000685,1,42,-41
219000686,0,7,-7
219000688,0,21,-21
219000689,36,180,-144
219000690,147,34,113
219000691,27,203,-176
219000692,147,33,114
219000693,11,18,-7
219000694,9,1,8
219000695,48,2,46
219000698,16,0,16
219000699,0,71,-71
219000727,2,141,-139
219000728,87,2,85
219000770,66,1,65
219000771,0,114,-114
219000788,209,375,-166
219001150,0,33,-33
219001151,0,4,-4
219001166,54,58,-4
219001167,3,45,-42
219001178,46,1,45
220000001,57,143,-86
220000002,12,101,-89
220000003,253,183,70
220000004,468,308,160
220000005,658,1845,-1187
220000006,125,763,-638
220000007,485,214,271
220000008,376,477,-101
220000009,325,395,-70
220000010,111,74,37
220000011,481,3659,-3178
220000012,55,361,-306
220000014,174,78,96
220000015,146,583,-437
220000017,22,392,-370
220000018,7861,2813,5048
220000019,175,577,-402
220000020,651,176,475
220000021,1154,237,917
220000022,1528,414,1114
220000023,405,183,222
220000024,1256,700,556
220000025,1119,2442,-1323
220000026,367,743,-376
220000027,49,188,-139
220000028,59,113,-54
220000029,21,76,-55
220000030,58,125,-67
220000031,857,457,400
220000064,43,1522,-1479
221000046,8,0,8
221000047,0,0,0
221000048,0,0,0
221000049,0,6,-6
221000050,18,0,18
221000055,69,41,28
221000057,94,1,93
221000068,196,95,101
221000069,376,58,318
221000070,286,14,272
221000071,119,6,113
221000072,374,7,367
221000073,203,37,166
221000074,6,9,-3
221000075,10,57,-47
221000076,10,25,-15
221000077,11,76,-65
221000081,5,8,-3
221000082,70,9,61
221000083,11,17,-6
221000084,19,21,-2
221000085,21,64,-43
221000086,24,96,-72
221000087,2,96,-94
221000088,14,74,-60
221000089,35,152,-117
221000090,65,433,-368
221000098,152,11,141
221000099,202,20,182
221000100,143,16,127
221000101,178,14,164
221000102,150,15,135
221000109,19,112,-93
221000110,8,25,-17
221000111,10,143,-133
221000112,6,112,-106
221000113,22,136,-114
221000114,12,131,-119
221000120,65,64,1
221000121,8,40,-32
221000122,23,72,-49
221000123,12,61,-49
221000124,18,120,-102
221000155,163,8,155
221000156,68,81,-13
221000175,15,18,-3
221000176,0,5,-5
221000182,47,6,41
221000241,268,285,-17
221000242,167,422,-255
221000243,371,300,71
221000244,215,516,-301
221000245,123,85,38
221000246,57,307,-250
221000247,167,76,91
221000248,143,157,-14
221000267,37,921,-884
221000325,33,121,-88
221000331,5,39,-34
221000338,27,46,-19
221000378,266,39,227
221000381,62,101,-39
222000282,2,0,2
222000296,1,4,-3
222000568,419,11,408
222000569,236,62,174
222000570,228,32,196
222000571,543,25,518
222000577,12,46,-34
222000578,2,92,-90
222000579,21,66,-45
222000580,23,440,-417
222000599,0,67,-67
222000600,1,138,-137
222000601,5,567,-562
222000603,23,60,-37
222000604,0,66,-66
222000605,7,48,-41
222000606,0,12,-12
222000607,10,3,7
222000608,35,14,21
222000609,66,90,-24
222000616,541,32,509
222000617,19,40,-21
222000618,0,2,-2
222000620,30,28,2
222000621,74,74,0
222000623,705,7,698
222000624,504,11,493
222000625,1062,12,1050
222000636,75,3,72
222000686,23,29,-6
222000687,41,27,14
222001066,383,9,374
222001067,53,2,51
222001068,64,11,53
222001069,128,23,105
222001082,48,19,29
222001083,54,31,23
222001084,1,80,-79
222001085,0,158,-158
222001111,75,52,23
222001112,298,34,264
222001313,23,20,3
222001314,8,86,-78
222001464,155,58,97
222001465,14,73,-59
222001484,255,71,184
222001485,18,22,-4
222001494,929,186,743
222001495,141,110,31
222001496,582,106,476
222001497,104,166,-62
222001502,13,54,-41
222001503,198,28,170
222001504,24,164,-140
222001505,633,12,621
222001506,43,252,-209
222001507,351,23,328
222001510,786,30,756
222001511,88,177,-89
222001514,846,145,701
222001515,101,258,-157
222001518,597,34,563
222001519,42,81,-39
222001527,196,154,42
222001528,10,113,-103
222001529,515,48,467
222001530,67,137,-70
222001533,129,133,-4
222001534,636,102,534
222001535,350,311,39
222001536,70,96,-26
222001537,590,49,541
222001538,48,447,-399
222001563,1329,82,1247
222001564,114,179,-65
222001568,261,193,68
222001576,0,4,-4
222001579,0,4,-4
222001583,5,34,-29
222001584,198,62,136
222001596,626,1442,-816
222001597,1634,341,1293
222001626,0,48,-48
222001650,31,113,-82
222001651,18,523,-505
222001914,294,98,196
222001915,48,285,-237
222001968,468,258,210
222001969,213,414,-201
222001970,201,362,-161
222001971,45,2,43
222001972,7,14,-7
225000001,455,182,273
225000002,891,179,712
225000003,825,94,731
225000004,653,262,391
225000005,113,46,67
225000006,1,218,-217
225000007,1117,1126,-9
225000010,316,18,298
225000011,340,1510,-1170
225000012,376,886,-510
225000013,150,143,7
225000014,623,128,495
225000015,128,127,1
225000021,915,140,775
225000027,163,392,-229
225000032,890,168,722
225000042,66,562,-496
225000049,67,86,-19
225000050,135,8,127
225000053,8,257,-249
225000058,698,279,419
225000067,205,127,78
225000068,87,183,-96
225000069,58,324,-266
225000070,134,264,-130
225000071,34,70,-36
225000075,54,540,-486
225000076,31,110,-79
225000078,50,50,0
225000085,151,108,43
225000086,436,113,323
225000087,218,19,199
225000088,11,185,-174
225000089,82,872,-790
225000090,50,392,-342
225000091,121,78,43
225000092,62,45,17
225000093,285,202,83
225000094,39,113,-74
225000095,251,283,-32
225000096,141,323,-182
225000098,1079,301,778
225000099,599,122,477
225000100,606,151,455
225000104,109,364,-255
225000110,14,382,-368
225000111,226,681,-455
225000112,286,889,-603
225000113,214,475,-261
225000114,123,268,-145
225000115,911,506,405
225000116,533,212,321
225000117,890,400,490
225000118,1361,447,914
225000119,441,105,336
225000120,932,37,895
225000121,248,23,225
225000123,707,17,690
225000125,826,171,655
225000126,1005,292,713
225000127,634,1879,-1245
225000128,585,1159,-574
225000132,624,23,601
225000133,291,46,245
225000134,979,192,787
225000135,112,18,94
225000136,581,19,562
225000137,330,90,240
225000138,546,100,446
225000143,89,213,-124
225000144,3,247,-244
225000145,43,28,15
225000146,80,47,33
225000147,35,99,-64
225000148,6,95,-89
225000149,46,141,-95
225000151,30,114,-84
225000155,276,321,-45
225000156,279,857,-578
225000157,423,349,74
225000158,70,154,-84
225000171,5,138,-133
225000180,23,0,23
225000181,0,76,-76
225000182,76,2,74
225000185,7,347,-340
225000187,39,320,-281
225000191,58,4,54
225000194,0,1,-1
225000208,0,47,-47
225000209,151,11,140
225000210,2,209,-207
225000217,0,14,-14
225000218,18,2,16
225000223,0,74,-74
225000224,43,0,43
225000225,1,42,-41
225000226,16,1,15
225000227,76,107,-31
225000228,9,12,-3
225000229,0,60,-60
225000230,24,0,24
225000231,0,27,-27
225000232,179,4,175
225000241,111,4,107
225000242,1,48,-47
225000249,39,2,37
225000250,56,372,-316
225000251,686,84,602
225000254,1,48,-47
225000256,2,150,-148
225000257,1,29,-28
226000042,182,247,-65
226000043,38,215,-177
226000044,116,382,-266
226000045,52,207,-155
226000046,786,59,727
226000047,535,177,358
226000048,497,143,354
226000049,504,326,178
226000070,0,11,-11
226000071,0,32,-32
226000072,0,15,-15
226000073,0,8,-8
226000074,0,15,-15
226000084,2,22,-20
226000085,2,7,-5
226000086,1,14,-13
226000087,1,30,-29
226000088,13,111,-98
226000090,100,154,-54
226000091,15,119,-104
226000092,0,32,-32
226000093,12,2,10
226000094,12,4,8
226000095,5,3,2
226000105,31,0,31
226000106,36,0,36
226000107,13,0,13
226000108,11,0,11
226000109,142,1,141
226000124,198,75,123
226000134,1113,674,439
226000135,2096,711,1385
226000136,780,545,235
226000137,8,167,-159
226000138,15,94,-79
226000139,1,29,-28
226000156,389,14,375
226000157,340,15,325
226000163,116,250,-134
226000202,9,163,-154
226000231,743,12,731
226000232,57,3,54
227000033,445,64,381
227000036,607,17,590
227000037,547,20,527
227000038,120,20,100
227000084,3,116,-113
227000085,1,67,-66
227000088,53,0,53
227000089,87,0,87
227000090,28,0,28
227000091,25,0,25
227000092,19,2,17
227000093,105,0,105
227000094,7,0,7
227000130,13,156,-143
227000131,25,143,-118
227000132,10,95,-85
227000133,5,80,-75
227000134,28,124,-96
227000152,0,5,-5
227000153,1,78,-77
227000154,0,29,-29
227000155,1,37,-36
227000156,0,5,-5
227000165,4,98,-94
227000196,568,119,449
227000199,645,174,471
227000230,9,218,-209
227000232,752,25,727
227000242,33,350,-317
227000243,419,77,342
227000245,9,228,-219
227000246,98,228,-130
227000247,655,29,626
227000248,148,57,91
227000249,33,156,-123
227000250,397,223,174
227000251,78,423,-345
227000252,61,139,-78
227000253,239,24,215
227000262,602,43,559
227000266,1792,44,1748
227000267,28,696,-668
227000282,8,79,-71
227000284,760,17,743
227000286,1,40,-39
227000287,7,39,-32
227000291,9,249,-240
227000296,232,317,-85
227000484,164,10,154
227000485,4,603,-599
227000655,272,4,268
227000656,654,39,615
227000657,150,7,143
227000661,457,26,431
227000680,176,124,52
229000265,35,33,2
229000296,2,21,-19
229000297,2,12,-10
229000298,4,97,-93
229000320,18,12,6
229000321,13,2,11
229000412,9,17,-8
229000414,13,27,-14
229000415,11,1,10
229000416,3,1,2
229000417,3,1,2
229000419,58,179,-121
229000440,338,79,259
229000442,28,24,4
229000443,8,3,5
229000444,0,10,-10
229000445,66,1,65
229000446,90,21,69
229000491,2,9,-7
229000492,5,36,-31
229000493,3,40,-37
229000494,53,1,52
229000495,141,7,134
229000496,93,4,89
229000507,0,22,-22
229000508,0,30,-30
229000509,1,63,-62
229000510,1,21,-20
229000511,3,13,-10
229000512,0,16,-16
229000513,0,3,-3
229000514,0,5,-5
229000517,5,5,0
229000518,9,7,2
229000519,1,4,-3
229000520,7,21,-14
229000521,71,8,63
229000522,6,4,2
229000523,3,3,0
229000524,5,7,-2
229000527,1,0,1
229000528,0,0,0
229000529,16,0,16
229000530,70,1,69
229000531,32,1,31
229000532,13,1,12
229000533,38,0,38
229000534,17,0,17
229000564,114,0,114
229000565,30,0,30
229000566,0,2,-2
229000567,0,22,-22
229000582,63,1,62
229000583,5,3,2
229000584,0,10,-10
229000585,0,51,-51
229000718,0,2,-2
229000719,0,2,-2
229000720,0,0,0
229000721,0,11,-11
229000722,0,6,-6
229000723,0,1,-1
229000724,0,5,-5
229000725,0,2,-2
229000738,3,0,3
229000739,2,0,2
229000740,3,0,3
229000741,54,0,54
229000742,14,0,14
229000743,20,0,20
229000744,3,0,3
229000745,0,0,0
229000746,20,0,20
229000847,55,1,54
229000848,17,1,16
229000849,73,1,72
229000851,43,0,43
229000854,0,6,-6
229000856,0,60,-60
229000857,0,12,-12
229000858,0,5,-5
229000919,5,51,-46
229000930,0,256,-256
229000937,82,5,77
229000966,69,46,23
229000981,12,17,-5
229000985,9,12,-3
229000986,1,5,-4
229000987,0,0,0
229000988,4,5,-1
229000989,15,9,6
229000990,6,3,3
229000991,5,3,2
229000992,51,2,49
229000993,111,7,104
229000998,6,44,-38
229000999,83,5,78
229001034,0,9,-9
229001035,5,2,3
229001037,107,2,105
229001042,25,12,13
229001047,14,40,-26
229001050,39,20,19
229001168,0,18,-18
229001200,13,39,-26
229001338,3,14,-11
229001394,164,7,157
229001422,187,26,161
229001423,28,80,-52
229001431,90,63,27
229001432,20,46,-26
229001444,213,45,168
229001445,36,83,-47
229001479,43,5,38
229001503,309,87,222
229001504,111,115,-4
229001505,149,40,109
229001506,76,60,16
229001509,50,14,36
229001545,148,3,145
229001546,6,25,-19
229001553,154,16,138
229001554,24,48,-24
229001559,1,13,-12
229001560,11,33,-22
229001630,103,2,101
229001631,21,19,2
229001635,0,9,-9
229001636,0,0,0
229001658,0,111,-111
229001659,41,0,41
229001660,11,7,4
229001661,2,39,-37
229001662,31,0,31
229001663,0,6,-6
229002584,230,157,73
229002831,86,77,9
229002841,4,14,-10
229002842,29,30,-1
229002843,91,16,75
229002844,25,47,-22
229002845,13,100,-87
229002846,38,16,22
229002847,0,21,-21
229002848,16,16,0
229002849,1,65,-64
229002850,29,0,29
229002851,39,115,-76
229002852,277,28,249
229002853,135,35,100
229002854,37,79,-42
229002855,6,39,-33
229002856,23,5,18
229002857,11,124,-113
229002858,29,3,26
229002859,33,117,-84
229002860,176,13,163
229002861,44,25,19
229002862,12,28,-16
229002863,29,18,11
229002864,50,20,30
229002865,18,10,8
229002866,35,44,-9
229002867,2,17,-15
229002868,19,25,-6
229002869,15,66,-51
229002870,93,25,68
235000066,180,43,137
235000067,76,58,18
235000072,25,70,-45
235000073,54,372,-318
235000074,40,30,10
235000080,14,43,-29
235000081,112,49,63
235000082,145,23,122
235000083,274,32,242
235000084,48,70,-22
235000085,188,49,139
235000089,21,17,4
235000092,44,116,-72
235000093,18,30,-12
235000097,4,3,1
235000098,79,7,72
235000099,7,20,-13
235000116,16,7,9
235000117,426,8,418
235000133,8,610,-602
235000134,16,169,-153
235000206,11,11,0
235000207,7,6,1
235000208,0,0,0
235000209,8,0,8
235000210,8,3,5
235000212,1,12,-11
235000213,2,9,-7
235000220,1,2,-1
235000221,25,27,-2
235000238,12,227,-215
235000239,5,43,-38
235000242,358,925,-567
235000245,293,179,114
235000246,10,40,-30
235000284,2,88,-86
235000295,97,45,52
235000305,344,35,309
235000306,502,17,485
235000307,28,2,26
235000308,12,2,10
235000309,93,2,91
235000310,53,0,53
235000311,471,20,451
235000322,1,31,-30
235000323,0,47,-47
235000324,0,24,-24
235000325,0,25,-25
235000326,9,43,-34
235000351,2,53,-51
235000352,8,36,-28
235000353,8,29,-21
235000354,14,40,-26
235000355,25,31,-6
235000356,90,5,85
235000357,64,7,57
235000358,21,6,15
235000359,9,4,5
235000360,55,10,45
235000361,89,8,81
235000381,147,43,104
235000382,187,24,163
235000390,12,2,10
235000391,188,37,151
235000392,214,257,-43
235000393,189,150,39
235000395,159,86,73
235000396,711,84,627
235000400,92,138,-46
235000401,16,102,-86
235000405,139,135,4
235000406,44,78,-34
235000407,48,59,-11
235000409,100,43,57
235000410,30,157,-127
235000411,0,32,-32
235000485,0,8,-8
235000486,9,0,9
235000549,108,70,38
235000550,138,87,51
235000599,200,38,162
235000600,11,38,-27
235000601,13,24,-11
235000602,146,52,94
235000614,6,7,-1
235000648,0,11,-11
235000649,21,3,18
235000685,15,4,11
235000815,34,64,-30
235000834,0,1,-1
235000855,44,28,16
235000862,51,48,3
235000891,0,16,-16
235000892,2,1,1
235000901,44,54,-10
235000907,2,18,-16
235001010,162,31,131
235001029,138,184,-46
235001030,267,142,125
235001078,111,76,35
235001079,53,53,0
235001147,2,79,-77
235001166,2,21,-19
235001167,90,40,50
235001169,19,228,-209
235001188,0,14,-14
235001189,2,0,2
235001197,0,18,-18
235001200,79,50,29
235001207,224,57,167
235001210,4,45,-41
235001215,29,73,-44
235001239,2,52,-50
235001244,0,11,-11
235016267,0,49,-49
277101746,0,0,0
277102712,3,0,3
277103813,0,1,-1
277103814,0,0,0
277103898,0,0,0
277104249,0,4,-4
277104250,0,7,-7
277104251,0,4,-4
277104252,0,4,-4
990011530,1,266,-265
990014944,10,220,-210
990015176,211,4,207
990015618,0,140,-140
990016032,1,319,-318
990032570,3,26,-23
990070001,65,30,35
990070103,0,5,-5
990070601,0,58,-58
990070751,2032,92,1940
990070766,0,149,-149
990071180,582,277,305
990071343,20,0,20
990071387,6,9,-3
990071823,478,8,470
990072600,0,1033,-1033
990072964,0,226,-226
990073285,0,3,-3
990074393,1,392,-391
990074870,2153,50,2103
990075106,822,1,821
990075746,847,12,835
990076437,3320,7,3313
990076458,2,271,-269
997000007,302,0,302
997000041,2,307,-305
997000058,76,0,76
997000062,20,0,20
997000069,0,3,-3
997000070,0,28,-28
997000100,108,0,108
997000141,0,451,-451
997000198,54,453,-399
998000475,0,0,0
998000736,0,93,-93
998000965,0,10,-10
998001031,0,58,-58
998001700,0,35,-35
998001899,0,0,0
998001900,9,0,9
998003073,1120,15,1105
998101900,0,0,0
998102850,2,339,-337
998501927,447,1119,-672
998501929,191,39,152
998501930,75,0,75
998501931,198,21,177
998501932,1,0,1
998501933,54,3,51
998501937,4,2,2
998501944,12,1,11
998501950,1,80,-79
998501970,106,5,101
998501971,0,83,-83
998501973,0,19,-19
998501974,8,117,-109
998501975,85,1,84
998501976,382,0,382
998501977,1,17,-16
998501978,20,2,18
998501979,0,5,-5
998501980,106,0,106
998501981,55,4,51
998501982,0,139,-139
998501983,0,71,-71
998502006,0,0,0
998502024,0,2,-2
998502032,0,1,-1
998502062,10,0,10
998502063,0,0,0
998502173,27,0,27
998502269,0,4,-4
998502546,0,304,-304
998502578,0,0,0
998601159,0,54,-54
998601292,1,46,-45
999033574,0,187,-187
999800001,56,43,13
999800002,0,3,-3
999800003,0,1,-1
999800004,0,3,-3
999800005,0,8,-8
