ID,insum,outsum,diff
100000001,252,421,-169
100000002,0,12,-12
100000003,20,31,-11
100000004,171,96,75
100000005,5,33,-28
100000006,0,0,0
100000007,0,0,0
100000008,1,0,1
100000009,0,0,0
100000010,0,0,0
100000011,0,0,0
100000012,0,0,0
100000013,0,0,0
100000014,0,0,0
100000015,0,0,0
100000016,0,0,0
100000017,0,1,-1
100000018,0,0,0
100000019,1,0,1
100000020,1,1,0
100000021,4,1,3
100000022,0,0,0
100000023,2,0,2
100000025,3,2,1
100000028,159,163,-4
100000029,4,0,4
100000030,0,0,0
100000031,139,149,-10
100000032,119,72,47
100000033,15,57,-42
100000034,436,374,62
100000035,0,0,0
100000036,0,0,0
100000037,1,1,0
100000038,0,0,0
100000039,0,0,0
100000040,0,0,0
100000041,1,0,1
100000042,0,0,0
100000043,0,0,0
100000044,0,1,-1
100000045,0,2,-2
100000046,0,4,-4
100000047,1,0,1
100000048,4,7,-3
100000049,7,4,3
100000051,0,2,-2
100000053,0,0,0
100000054,0,0,0
100000055,2,0,2
100000056,0,1,-1
100000057,0,0,0
100000058,5,1,4
100000059,0,0,0
100000060,0,0,0
100000061,0,0,0
100000062,1,0,1
100000063,0,0,0
100000064,0,0,0
100000065,6,9,-3
100000066,4,8,-4
100000067,7,1,6
100000068,7,3,4
100000069,4,6,-2
100000072,0,0,0
100000073,18,20,-2
100000075,0,0,0
100000076,0,0,0
100000077,0,0,0
100000078,0,0,0
100000079,0,0,0
100000080,0,0,0
100000081,0,0,0
100000102,0,0,0
100000103,0,0,0
100000104,0,0,0
100000105,2,0,2
100000106,0,4,-4
100000107,0,0,0
100000108,39,88,-49
100000109,190,187,3
100000116,1,2,-1
100000117,0,0,0
100000118,218,601,-383
100000119,26,113,-87
100000121,50,15,35
100000122,1,24,-23
100000123,99,136,-37
100000124,535,320,215
100000125,47,27,20
100000126,6,13,-7
100000127,0,0,0
100000128,0,3,-3
100000129,10,44,-34
100000130,0,0,0
100000131,2,2,0
100000132,97,113,-16
100000133,1001,455,546
100000135,0,0,0
100000139,1,95,-94
100000140,13,53,-40
100000142,0,0,0
100000143,25,60,-35
100000144,69,60,9
100000147,56,244,-188
100000150,0,0,0
100000151,0,1,-1
100000153,0,0,0
100000154,0,0,0
100000155,0,0,0
100000156,0,0,0
100000157,0,0,0
100000158,0,0,0
100000159,0,0,0
100000165,121,14,107
100000169,0,0,0
100000174,0,2,-2
100000179,5,16,-11
100000180,0,2,-2
100000181,0,0,0
100000188,0,0,0
100000189,0,0,0
100000190,61,84,-23
100000191,1,0,1
100000192,0,0,0
100000193,0,0,0
100000330,0,0,0
100000355,1,3,-2
100000362,254,232,22
100000363,65,38,27
100000364,0,0,0
100000365,756,553,203
100000366,536,529,7
100000367,415,684,-269
100000368,218,334,-116
100000369,0,0,0
100000370,0,0,0
100000376,0,0,0
100000379,52,41,11
100000380,121,229,-108
100000384,758,412,346
100000385,394,249,145
100000386,441,629,-188
100000387,408,193,215
100000388,2706,1375,1331
100000389,2020,878,1142
100000390,1982,509,1473
100000391,916,428,488
100000392,425,222,203
100000393,131,113,18
100000394,470,402,68
100000395,187,89,98
100000396,393,544,-151
100000397,392,117,275
100000398,2166,1628,538
100000413,0,0,0
100900002,0,0,0
100900003,0,0,0
100900004,0,0,0
100900005,0,0,0
100900006,0,0,0
100900007,0,0,0
100900008,0,0,0
100900009,0,0,0
100900010,0,0,0
100900011,0,0,0
100900012,0,0,0
100900013,0,0,0
100900014,0,0,0
100900015,0,0,0
100900016,0,0,0
100900017,0,0,0
100900018,0,0,0
100900019,0,0,0
100900020,0,0,0
100900021,0,0,0
100900022,0,0,0
100900023,0,0,0
100900024,0,0,0
100900025,0,0,0
100900026,0,0,0
100900027,0,0,0
100900028,0,0,0
100900029,0,0,0
100900030,0,0,0
100900031,0,0,0
100900032,0,0,0
100900033,0,0,0
100900034,0,0,0
100900035,0,0,0
100900036,0,0,0
100900037,0,0,0
100900038,0,0,0
100900039,0,0,0
100900040,0,0,0
100900041,0,0,0
100900042,0,0,0
100900043,0,0,0
100900044,0,0,0
100900045,0,0,0
100900046,0,0,0
100900047,0,0,0
100900048,0,0,0
100900049,0,0,0
100900050,0,0,0
100900051,0,0,0
100900052,0,0,0
100900053,0,0,0
100900054,0,0,0
100900055,0,0,0
100900056,0,0,0
100900057,0,0,0
100900058,0,0,0
100900059,0,0,0
100900060,0,0,0
100900061,0,0,0
100900062,0,0,0
100900063,0,0,0
100900064,0,0,0
100900065,0,0,0
100900066,0,0,0
100900067,0,0,0
100900068,0,0,0
100900069,0,0,0
100900070,0,0,0
100900071,0,0,0
100900072,0,0,0
100900073,0,0,0
100900074,0,0,0
100900075,0,0,0
100900076,0,0,0
100900077,0,0,0
100900078,0,0,0
100900079,0,0,0
100900080,0,0,0
100900081,0,0,0
100900082,0,0,0
100900083,0,0,0
100900085,0,0,0
100900086,0,0,0
100900088,0,0,0
100900089,0,0,0
100900090,0,0,0
100900091,0,0,0
100900092,0,0,0
100900093,0,0,0
100900094,0,0,0
100900095,0,0,0
100900096,0,0,0
100900097,0,0,0
100900098,0,0,0
100900099,0,0,0
100900100,0,0,0
100900101,0,0,0
100900102,0,0,0
100900103,0,0,0
100900104,0,0,0
100900105,0,0,0
100900106,0,0,0
100900107,0,0,0
100900108,0,0,0
100900109,0,0,0
100900110,0,0,0
100900111,0,0,0
100900112,0,0,0
100900113,0,0,0
100900114,0,0,0
100900115,0,0,0
100900116,0,0,0
100900117,0,0,0
100900118,0,0,0
100900119,0,0,0
100900120,0,0,0
100900121,0,0,0
100900122,0,0,0
100900123,0,0,0
100900124,0,0,0
100900125,0,0,0
100900126,0,0,0
100900127,0,0,0
100900128,0,0,0
100900129,0,0,0
100900131,0,0,0
100900133,0,0,0
100900134,0,0,0
100900135,0,0,0
100900137,0,0,0
100900138,0,0,0
100900139,0,0,0
100900140,0,0,0
100900141,0,0,0
100900142,0,0,0
100900143,0,0,0
100900144,0,0,0
100900145,0,0,0
100900146,0,0,0
100900147,0,0,0
100900148,0,0,0
100900149,0,0,0
100900150,0,0,0
100900151,0,0,0
100900152,0,0,0
100900153,0,0,0
100900154,0,0,0
100900155,0,0,0
100900156,0,0,0
100900157,0,0,0
100900159,0,0,0
100900160,0,0,0
100900161,0,0,0
100900162,0,0,0
100900163,0,0,0
100900164,0,0,0
100900165,0,0,0
100900166,0,0,0
100900167,0,0,0
100900168,0,0,0
100900169,0,0,0
100900170,0,0,0
100900171,0,0,0
100900172,0,0,0
100900173,0,0,0
100900174,0,0,0
100900176,0,0,0
100900177,0,0,0
100900178,0,0,0
100900179,0,0,0
100900180,0,0,0
100900181,0,0,0
100900182,0,0,0
100900184,0,0,0
100900186,0,0,0
100900187,0,0,0
100900188,0,0,0
100900189,0,0,0
100900191,0,0,0
100900192,0,0,0
100900195,0,0,0
100900197,0,0,0
100900198,0,0,0
100900199,0,0,0
100900200,0,0,0
100900201,0,0,0
100900202,0,0,0
100900203,0,0,0
100900204,0,0,0
100900205,0,0,0
100900206,0,0,0
100900207,0,0,0
100900210,0,1,-1
100900211,0,0,0
100900213,0,0,0
100900214,0,0,0
100900215,0,0,0
100900217,0,0,0
101000001,148,87,61
101000002,191,262,-71
101000003,1,0,1
101000004,709,114,595
101000005,359,316,43
101000006,128,183,-55
101000007,176,293,-117
101000008,610,188,422
101000009,26,64,-38
101000010,21,52,-31
101000011,66,20,46
101000012,0,0,0
101000013,91,42,49
101000014,36,8,28
101000015,56,66,-10
101000016,0,0,0
101000017,0,0,0
101000018,46,57,-11
101000020,109,7,102
101000021,60,14,46
101000022,77,39,38
101000023,287,193,94
101000025,0,0,0
101000026,0,0,0
101000027,313,203,110
101000028,108,6,102
101000029,0,62,-62
101000030,54,8,46
101000031,1,0,1
101000032,72,200,-128
101000033,240,331,-91
101000034,386,142,244
101000035,61,4,57
101000036,49,51,-2
101000037,108,51,57
101000039,96,80,16
101000040,174,128,46
101000041,142,95,47
101000042,0,40,-40
101000043,86,60,26
101000045,0,0,0
101000046,80,120,-40
101000047,158,20,138
101000048,0,1,-1
101000049,1,1,0
101000050,33,40,-7
101000051,43,71,-28
101000052,115,40,75
101000053,112,53,59
101000054,119,28,91
101000055,97,63,34
101000056,0,0,0
101000057,151,20,131
101000058,115,19,96
101000059,18,8,10
101000060,125,20,105
101000061,10,11,-1
101000062,179,22,157
101000063,0,10,-10
101000064,134,24,110
101000065,0,0,0
101000066,1,10,-9
101000067,35,32,3
101000068,0,0,0
101000069,0,0,0
101000070,98,128,-30
101000071,146,80,66
101000072,293,467,-174
101000073,5,3,2
101000074,1116,582,534
101000075,1899,766,1133
101000077,157,172,-15
101000078,104,97,7
101000079,86,73,13
101000080,71,74,-3
101000081,60,27,33
101000082,62,100,-38
101000083,32,17,15
101000084,46,89,-43
101000085,0,0,0
101000086,32,15,17
101000087,16,13,3
101000088,0,0,0
101000089,0,0,0
101000090,50,23,27
101000091,0,2,-2
101000092,0,0,0
101000093,181,80,101
101000094,37,107,-70
101000095,7,104,-97
101000096,34,22,12
101000097,32,49,-17
101000098,11,53,-42
101000099,18,114,-96
101000100,16,47,-31
101000101,27,42,-15
101000102,26,34,-8
101000103,46,13,33
101000104,13,44,-31
101000105,0,0,0
101000106,2,1,1
101000107,0,0,0
101000108,0,0,0
101000109,0,0,0
101000110,0,0,0
101000111,4,7,-3
101000113,0,1,-1
101000114,325,31,294
101000115,0,0,0
101000116,0,0,0
101000117,0,0,0
101000119,0,0,0
101000120,0,0,0
101000121,0,0,0
101000122,2,0,2
101000123,0,0,0
101000124,6,5,1
101000125,1,10,-9
101000128,24,36,-12
101000130,76,40,36
101000131,41,32,9
101000132,12,75,-63
101000135,0,0,0
101000136,0,1,-1
101000137,0,0,0
101000141,191,79,112
101000147,39,82,-43
101000148,1,0,1
101000149,0,0,0
101000150,0,0,0
101000151,0,0,0
101000152,0,0,0
101000153,0,0,0
101000154,0,0,0
101000155,0,1,-1
101000156,1,1,0
101000157,0,0,0
101000160,0,0,0
101000163,11,9,2
101000164,4,14,-10
101000165,0,0,0
101000166,1,0,1
101000168,0,0,0
101000252,0,0,0
101000254,150,21,129
101000258,0,0,0
101000261,0,0,0
101000262,27,113,-86
101000263,0,1,-1
101000265,2,38,-36
101000266,24,5,19
101000269,107,22,85
101000290,316,29,287
101000293,0,0,0
101000294,195,39,156
101000295,14,62,-48
101000301,72,23,49
101000304,115,215,-100
101000305,118,76,42
101000328,0,0,0
101900001,0,0,0
101900002,0,0,0
101900003,0,0,0
101900004,0,0,0
101900005,0,0,0
101900006,0,0,0
101900007,0,0,0
101900008,0,0,0
101900009,0,0,0
101900010,0,0,0
101900011,0,0,0
101900012,0,0,0
101900013,0,0,0
101900017,0,0,0
101900018,0,0,0
101900019,0,0,0
101900020,0,0,0
101900021,0,0,0
101900022,0,0,0
101900023,0,0,0
101900026,0,0,0
101900027,0,0,0
102000001,72,42,30
102000002,52,24,28
102000003,165,104,61
102000004,136,51,85
102000005,122,78,44
102000006,94,111,-17
102000007,97,85,12
102000008,165,136,29
102000009,238,200,38
102000010,266,222,44
102000011,83,115,-32
102000012,87,156,-69
102000018,4,0,4
102000019,0,1,-1
102000026,0,0,0
102000029,0,0,0
102000030,0,0,0
102000031,0,0,0
102000032,0,0,0
102000033,0,0,0
102000034,0,1,-1
102000035,0,0,0
102000036,0,0,0
102000037,0,0,0
102000038,0,0,0
102000039,0,0,0
102000040,1,0,1
102000041,0,0,0
102000042,0,0,0
102000043,0,0,0
102000044,0,0,0
102000045,1,0,1
102000046,0,0,0
102000047,0,2,-2
102000048,0,0,0
102000049,0,0,0
102000050,0,4,-4
102000051,0,0,0
102000052,1,0,1
102000053,0,2,-2
102000054,0,1,-1
102000055,7,2,5
102000056,0,1,-1
102000057,2,1,1
102000058,9,2,7
102000059,5,5,0
102000060,0,0,0
102000061,0,0,0
102000062,2,1,1
102000063,2,21,-19
102000064,15,41,-26
102000065,1,5,-4
102000066,98,44,54
102000067,68,175,-107
102000068,206,113,93
102000069,0,7,-7
102000070,2,0,2
102000071,335,579,-244
102000072,233,512,-279
102000073,2,51,-49
102000074,12,32,-20
102000075,2,12,-10
102000076,3,37,-34
102000077,6,35,-29
102000078,21,76,-55
102000079,4,6,-2
102000080,5,32,-27
102000081,18,34,-16
102000082,32,57,-25
102000083,0,0,0
102000084,0,0,0
102000085,0,0,0
102000086,1,1,0
102000087,0,0,0
102000088,0,0,0
102000089,0,0,0
102000090,0,0,0
102000091,9,3,6
102000092,0,0,0
102000093,0,3,-3
102000094,0,0,0
102000095,7,14,-7
102000096,0,0,0
102000097,36,21,15
102000098,0,0,0
102000099,1,0,1
102000100,0,0,0
102000101,0,0,0
102000102,0,0,0
102000103,0,0,0
102000104,0,2,-2
102000105,0,1,-1
102000106,0,0,0
102000107,0,1,-1
102000108,1,1,0
102000109,0,1,-1
102000110,0,2,-2
102000111,0,0,0
102000112,3,0,3
102000113,0,0,0
102000114,2,0,2
102000115,0,0,0
102000116,0,0,0
102000117,0,0,0
102000118,0,0,0
102000119,3,0,3
102000120,0,0,0
102000121,1,0,1
102000122,0,0,0
102000123,1,1,0
102000124,2,0,2
102000125,0,1,-1
102000126,0,4,-4
102000127,0,0,0
102000128,0,0,0
102000129,0,1,-1
102000130,0,0,0
102000131,1,0,1
102000132,0,3,-3
102000133,22,48,-26
102000134,29,26,3
102000135,0,1,-1
102000136,0,0,0
102000137,0,0,0
102000138,0,0,0
102000139,0,0,0
102000140,0,0,0
102000141,0,0,0
102000142,0,0,0
102000143,0,0,0
102000144,0,0,0
102000145,0,0,0
102000146,1,0,1
102000147,0,0,0
102000148,0,0,0
102000149,0,0,0
102000150,1,0,1
102000151,0,0,0
102000152,0,0,0
102000153,0,3,-3
102000154,1,2,-1
102000155,0,0,0
102000156,2,0,2
102000157,0,0,0
102000158,1,0,1
102000159,2,0,2
102000161,72,140,-68
102000162,8,31,-23
102000163,0,0,0
102000164,0,0,0
102000165,35,25,10
102000166,11,14,-3
102000167,27,50,-23
102000168,9,8,1
102000169,21,51,-30
102000170,35,41,-6
102000171,8,7,1
102000172,5,16,-11
102000173,23,3,20
102000174,0,0,0
102000175,0,0,0
102000176,0,0,0
102000178,0,0,0
102000179,0,0,0
102000180,2,0,2
102000181,0,0,0
102000182,0,0,0
102000183,1,0,1
102000184,11,12,-1
102000185,0,1,-1
102000186,1,25,-24
102000187,6,19,-13
102000188,0,3,-3
102000189,44,12,32
102000190,3,1,2
102000191,0,0,0
102000192,3,29,-26
102000193,0,0,0
102000194,0,0,0
102000195,0,2,-2
102000196,0,0,0
102000197,0,2,-2
102000198,0,0,0
102000199,2,0,2
102000200,0,0,0
102000201,0,1,-1
102000202,0,0,0
102000203,0,1,-1
102000204,0,0,0
102000205,1,0,1
102000206,2,0,2
102000207,0,0,0
102000208,0,0,0
102000209,0,0,0
102000210,0,0,0
102000211,0,0,0
102000212,3,0,3
102000213,0,0,0
102000214,0,0,0
102000215,0,0,0
102000216,0,0,0
102000217,0,0,0
102000218,0,0,0
102000219,0,0,0
102000225,0,0,0
102000226,0,0,0
102000227,0,0,0
102000228,0,0,0
102000229,0,0,0
102000230,0,0,0
102000231,0,0,0
102000232,0,1,-1
102000233,0,1,-1
102000234,0,0,0
102000236,0,0,0
102000237,0,0,0
102000238,0,0,0
102000240,17,36,-19
102000241,0,0,0
102000243,0,0,0
102000245,0,0,0
102000246,0,0,0
102000247,17,28,-11
102000248,32,2,30
102000249,10,10,0
102000250,3,16,-13
102000254,0,0,0
102000266,0,0,0
102000271,0,0,0
102000286,0,0,0
102000297,1,0,1
102000299,0,0,0
102000301,0,0,0
102000303,0,0,0
102000305,0,0,0
102000307,0,0,0
102900001,0,0,0
102900002,0,0,0
102900003,0,0,0
102900005,0,0,0
102900006,0,0,0
102900007,0,0,0
102900008,0,0,0
102900009,0,0,0
102900010,0,0,0
102900011,0,0,0
102900012,0,0,0
102900013,0,0,0
102900015,0,0,0
102900016,0,0,0
102900017,0,0,0
102900018,0,0,0
102900019,0,0,0
102900020,0,0,0
102900021,0,0,0
102900022,0,0,0
102900023,0,0,0
102900024,0,0,0
102900025,0,0,0
102900026,0,0,0
102900027,0,0,0
102900028,0,0,0
102900029,0,0,0
102900030,0,0,0
102900031,0,0,0
102900032,0,0,0
102900033,0,0,0
102900034,0,0,0
102900035,0,0,0
102900036,0,0,0
102900037,0,0,0
102900038,0,0,0
102900039,0,0,0
102900040,0,0,0
102900041,0,0,0
102900042,0,0,0
102900043,0,0,0
102900044,0,0,0
102900045,0,0,0
102900046,0,0,0
102900047,0,0,0
102900048,0,0,0
102900049,0,0,0
102900050,0,0,0
102900051,0,0,0
102900053,0,0,0
102900054,0,0,0
102900055,0,0,0
102900056,0,0,0
102900057,0,0,0
102900058,0,0,0
102900059,0,0,0
102900060,0,0,0
102900061,0,0,0
102900062,0,0,0
102900063,0,0,0
102900064,0,0,0
102900065,0,0,0
102900066,0,0,0
102900068,0,0,0
102900070,0,0,0
102900072,0,0,0
102900073,0,0,0
102900075,0,0,0
102900076,0,0,0
102900077,0,0,0
102900078,0,0,0
102900079,0,0,0
102900080,0,0,0
102900081,0,0,0
102900082,0,0,0
102900083,0,0,0
102900084,0,0,0
102900085,0,0,0
102900086,0,0,0
102900087,0,0,0
102900088,0,0,0
102900089,0,0,0
102900090,0,0,0
102900091,0,0,0
102900092,0,0,0
102900094,0,0,0
102900095,0,0,0
102900096,0,0,0
102900097,0,0,0
103000001,216,248,-32
103000002,25,98,-73
103000003,159,166,-7
103000004,43,207,-164
103000005,36,17,19
103000006,35,26,9
103000007,0,0,0
103000008,4,5,-1
103000009,0,0,0
103000010,0,0,0
103000011,124,173,-49
103000012,135,28,107
103000013,3,0,3
103000014,0,1,-1
103000015,11,9,2
103000016,0,0,0
103000017,0,0,0
103000018,0,0,0
103000019,0,0,0
103000020,0,1,-1
103000021,0,1,-1
103000022,0,0,0
103000023,0,0,0
103000024,0,0,0
103000025,0,2,-2
103000026,0,0,0
103000027,0,1,-1
103000028,1,0,1
103000029,0,0,0
103000030,59,40,19
103000031,50,41,9
103000032,0,0,0
103000033,0,1,-1
103000034,74,146,-72
103000035,70,30,40
103000036,0,0,0
103000037,60,73,-13
103000038,80,22,58
103000039,0,1,-1
103000040,0,0,0
103000041,0,0,0
103000042,1,1,0
103000043,0,0,0
103000044,0,0,0
103000046,0,0,0
103000047,0,0,0
103000048,0,0,0
103000049,0,0,0
103000050,0,0,0
103000051,0,0,0
103000052,0,0,0
103000053,0,0,0
103000054,1,0,1
103000055,0,0,0
103000056,2,1,1
103000057,0,0,0
103000058,0,0,0
103000059,0,0,0
103000060,0,0,0
103000061,0,0,0
103000062,0,1,-1
103000063,0,0,0
103000064,1,0,1
103000065,0,0,0
103000066,0,0,0
103000069,0,0,0
103000070,3,0,3
103000071,0,0,0
103000072,0,0,0
103000073,0,0,0
103000074,0,0,0
103000075,0,0,0
103000076,0,0,0
103000077,0,0,0
103000078,2,0,2
103000079,0,0,0
103000080,0,0,0
103000081,0,0,0
103000082,0,0,0
103000083,0,0,0
103000084,0,0,0
103000085,0,0,0
103000086,24,16,8
103000087,3,54,-51
103000088,1,0,1
103000089,0,0,0
103000090,94,91,3
103000091,40,31,9
103000092,0,1,-1
103000093,0,2,-2
103000094,2,0,2
103000095,0,0,0
103000096,0,0,0
103000097,0,1,-1
103000098,1,0,1
103000099,0,0,0
103000100,0,0,0
103000101,0,0,0
103000102,0,1,-1
103000103,0,0,0
103000104,0,0,0
103000105,0,0,0
103000106,0,0,0
103000107,0,0,0
103000108,0,0,0
103000109,0,0,0
103000110,84,66,18
103000111,1,0,1
103000112,0,0,0
103000113,0,1,-1
103000114,0,0,0
103000115,0,0,0
103000116,0,0,0
103000117,0,0,0
103000118,1,0,1
103000119,0,0,0
103000120,0,0,0
103000121,0,0,0
103000122,0,0,0
103000125,0,0,0
103000126,0,0,0
103000127,0,0,0
103000128,0,0,0
103000129,0,0,0
103000130,0,0,0
103000131,0,0,0
103000132,0,0,0
103000133,0,0,0
103000134,31,107,-76
103000135,12,11,1
103000136,39,119,-80
103000137,22,55,-33
103000138,112,51,61
103000139,0,0,0
103000140,0,0,0
103000141,0,0,0
103000142,0,0,0
103000143,0,0,0
103000144,1,1,0
103000145,0,0,0
103000150,0,0,0
103000152,0,0,0
103000153,0,0,0
103000156,0,0,0
103000157,0,0,0
103000159,0,0,0
103000162,0,0,0
103000163,0,0,0
103000164,2,0,2
103000165,0,0,0
103000166,0,0,0
103000167,0,0,0
103000168,0,0,0
103000169,0,1,-1
103000170,1,0,1
103000171,0,0,0
103000172,0,0,0
103000173,0,4,-4
103000174,0,0,0
103000175,0,0,0
103000176,0,0,0
103000177,2,1,1
103000178,0,2,-2
103000179,0,0,0
103000183,0,0,0
103000185,0,0,0
103000186,0,0,0
103000187,0,1,-1
103000188,0,0,0
103000189,0,1,-1
103000191,0,0,0
103000292,0,0,0
103000293,0,0,0
103000295,0,0,0
103000296,0,0,0
103000297,0,0,0
103000504,0,0,0
103000505,0,0,0
103000506,0,0,0
103000507,1,0,1
103000508,0,0,0
103000509,0,1,-1
103900001,0,0,0
103900002,0,0,0
103900003,0,0,0
103900004,0,0,0
103900005,0,0,0
103900006,0,0,0
103900007,0,0,0
103900008,0,0,0
103900010,0,0,0
103900012,0,0,0
103900014,0,0,0
103900015,0,0,0
103900017,0,0,0
103900018,0,0,0
103900019,0,0,0
103900020,0,0,0
103900021,0,0,0
103900022,0,0,0
103900023,0,0,0
103900024,0,0,0
103900025,0,0,0
103900026,0,0,0
103900027,0,0,0
103900028,0,0,0
103900029,0,0,0
103900030,0,0,0
103900031,0,0,0
103900032,0,0,0
103900033,0,0,0
103900034,0,0,0
103900035,0,0,0
103900036,0,0,0
103900037,0,0,0
103900038,0,0,0
103900039,0,0,0
103900040,0,0,0
103900041,0,0,0
103900042,0,0,0
103900043,0,0,0
103900044,0,0,0
103900045,0,0,0
103900047,0,0,0
103900048,0,0,0
103900049,0,0,0
103900050,0,0,0
103900051,0,0,0
103900053,0,0,0
103900054,0,0,0
103900055,0,0,0
103900056,0,0,0
103900057,0,0,0
103900058,0,0,0
103900059,0,0,0
103900060,0,0,0
103900061,0,0,0
103900062,0,0,0
103900063,0,0,0
103900064,0,0,0
103900065,0,0,0
103900066,0,0,0
103900067,0,0,0
103900068,0,0,0
103900069,0,0,0
103900070,0,0,0
103900071,0,0,0
103900072,0,0,0
103900073,0,0,0
103900074,0,0,0
103900075,0,0,0
103900076,0,0,0
103900077,0,0,0
103900078,0,0,0
103900079,0,0,0
103900080,0,0,0
103900081,0,0,0
103900082,0,0,0
103900083,0,0,0
103900084,0,0,0
103900085,0,0,0
103900086,0,0,0
103900088,0,0,0
103900089,0,0,0
103900090,0,0,0
103900091,0,0,0
103900092,0,0,0
103900093,0,0,0
103900094,0,0,0
103900095,0,0,0
103900096,0,0,0
103900097,0,0,0
103900098,0,0,0
103900099,0,0,0
103900100,0,0,0
103900101,0,0,0
103900102,0,0,0
103900104,0,0,0
103900105,0,0,0
103900106,0,0,0
103900107,0,0,0
103900108,0,0,0
103900109,0,0,0
103900110,0,0,0
103900111,0,0,0
103900112,0,0,0
103900113,0,0,0
103900114,0,0,0
103900115,0,0,0
103900116,0,0,0
103900117,0,0,0
103900119,0,0,0
103900120,0,0,0
103900122,0,0,0
103900123,0,0,0
103900124,0,0,0
103900125,0,0,0
103900126,0,0,0
103900127,0,0,0
103900128,0,0,0
103900131,0,0,0
103900133,0,0,0
103900134,0,0,0
103900135,0,0,0
103900137,0,0,0
103900138,0,0,0
103900139,0,0,0
103900140,0,0,0
103900141,0,0,0
103900142,0,0,0
103900143,0,0,0
103900144,0,0,0
103900145,0,0,0
103900146,0,0,0
103900147,0,0,0
103900148,0,0,0
103900149,0,0,0
103900150,0,0,0
103900151,0,0,0
103900152,0,0,0
103900153,0,0,0
103900154,0,0,0
103900155,0,0,0
103900156,0,0,0
103900157,0,0,0
103900158,0,0,0
103900159,0,0,0
103900160,0,0,0
103900161,0,0,0
103900162,0,0,0
103900163,0,0,0
103900167,0,0,0
103900168,0,0,0
103900169,0,0,0
103900170,0,0,0
103900171,0,0,0
103900172,0,0,0
103900173,0,0,0
103900174,0,0,0
103900175,0,0,0
103900176,0,0,0
103900177,0,0,0
103900178,0,0,0
103900179,0,0,0
103900180,0,0,0
103900181,0,0,0
103900182,0,0,0
103900184,0,0,0
103900185,0,0,0
103900187,0,0,0
103900188,0,0,0
103900189,0,0,0
103900190,0,0,0
103900191,0,0,0
103900192,0,0,0
103900193,0,0,0
103900194,0,0,0
103900195,0,0,0
103900196,0,0,0
103900197,0,0,0
103900198,0,0,0
103900199,0,0,0
103900200,0,0,0
103900201,0,0,0
103900202,0,0,0
103900203,0,0,0
103900204,0,0,0
103900207,0,0,0
103900208,0,0,0
103900209,0,0,0
103900210,0,0,0
103900211,0,0,0
103900212,0,0,0
103900213,6,186,-180
103900214,35,28,7
103900215,54,162,-108
103900216,0,0,0
103900217,0,0,0
103900218,0,0,0
103900219,0,0,0
103900233,0,0,0
103900235,0,0,0
103900236,0,0,0
103900242,0,0,0
103900243,0,0,0
103900244,0,0,0
103900245,0,0,0
103900246,0,0,0
103900247,0,0,0
103900248,0,0,0
103900249,0,0,0
103900250,0,0,0
103900251,0,0,0
103900253,0,0,0
103900254,0,0,0
103900255,0,0,0
103900256,0,0,0
103900257,0,0,0
103900258,0,0,0
103900259,0,0,0
103900261,0,0,0
103900262,0,0,0
103900263,0,0,0
103900264,0,0,0
103900265,0,0,0
103900266,0,0,0
103900267,0,0,0
103900268,0,0,0
103900269,0,0,0
103900270,0,0,0
103900271,0,0,0
103900272,0,0,0
103900273,0,0,0
103900274,0,0,0
103900275,0,0,0
103900276,0,0,0
103900277,0,0,0
103900278,0,0,0
103900279,0,0,0
103900280,0,0,0
104000001,138,353,-215
104000002,107,170,-63
104000003,78,625,-547
104000004,336,198,138
104000005,25,229,-204
104000006,54,248,-194
104000007,228,152,76
104000008,322,235,87
104000009,26,73,-47
104000010,0,0,0
104000011,18,15,3
104000012,3,15,-12
104000013,0,0,0
104000014,7,27,-20
104000015,0,0,0
104000016,0,0,0
104000018,0,0,0
104000019,14,3,11
104000020,38,89,-51
104000021,16,52,-36
104000022,7,17,-10
104000023,0,1,-1
104000024,0,0,0
104000026,0,0,0
104000027,18,101,-83
104000028,42,38,4
104000029,73,140,-67
104000030,25,63,-38
104000031,1,0,1
104000032,0,0,0
104000033,0,0,0
104000034,3,0,3
104000035,1,0,1
104000036,0,0,0
104000037,0,1,-1
104000038,0,0,0
104000039,2,35,-33
104000040,5,28,-23
104000041,1,0,1
104000042,0,0,0
104000043,0,0,0
104000044,0,1,-1
104000045,1,1,0
104000046,1,0,1
104000047,46,238,-192
104000048,252,448,-196
104000049,0,0,0
104000050,0,0,0
104000051,0,0,0
104000052,28,109,-81
104000053,33,55,-22
104000054,2,1,1
104000055,84,50,34
104000056,1,0,1
104000057,1,1,0
104000058,57,39,18
104000059,12,78,-66
104000060,25,68,-43
104000061,10,23,-13
104000062,0,0,0
104000064,0,0,0
104000065,0,0,0
104000069,2,2,0
104000070,0,1,-1
104000071,0,0,0
104000072,0,0,0
104000075,0,0,0
104000076,0,0,0
104000082,110,159,-49
104000083,0,0,0
104000084,3,1,2
104000085,0,0,0
104000086,0,0,0
104000087,0,0,0
104000090,0,1,-1
104000092,1,1,0
104000094,1,0,1
104000095,133,102,31
104000096,0,0,0
104000097,0,0,0
104000098,0,0,0
104000100,0,0,0
104000101,18,73,-55
104000106,0,0,0
104000107,0,2,-2
104000108,0,0,0
104000109,0,0,0
104000110,1,2,-1
104000111,0,1,-1
104000112,0,0,0
104000116,0,0,0
104000117,0,0,0
104000118,1,0,1
104000119,0,0,0
104000120,0,0,0
104000121,0,0,0
104000122,0,1,-1
104000123,73,161,-88
104000124,236,778,-542
104000125,0,0,0
104000126,0,3,-3
104000127,69,244,-175
104000128,0,1,-1
104000129,0,0,0
104000130,0,0,0
104000131,84,91,-7
104000132,79,84,-5
104000133,0,0,0
104000134,63,126,-63
104000135,27,82,-55
104000136,235,165,70
104000137,381,144,237
104000138,0,1,-1
104000139,644,451,193
104000141,150,371,-221
104000142,9,87,-78
104000143,12,96,-84
104000144,0,0,0
104000145,0,0,0
104000146,10,50,-40
104000147,5,9,-4
104000148,0,0,0
104000149,4,8,-4
104000150,0,0,0
104000151,4,6,-2
104000152,4,6,-2
104000153,0,0,0
104000154,26,12,14
104000155,0,0,0
104000157,12,20,-8
104000158,20,39,-19
104000159,21,27,-6
104000160,649,244,405
104000161,0,0,0
104000162,0,0,0
104000165,0,1,-1
104000167,2,1,1
104000168,0,0,0
104000169,0,0,0
104000170,1,0,1
104000248,0,0,0
104000251,5,21,-16
104000272,6,4,2
104000273,28,4,24
104000274,6,5,1
104000275,28,4,24
104000279,0,0,0
104000290,0,0,0
104000291,14,55,-41
104000293,0,0,0
104000294,0,0,0
104000295,20,33,-13
104000296,5,66,-61
104000297,147,83,64
104000298,75,42,33
104000299,24,84,-60
104000302,0,0,0
104000303,1,1,0
104900001,0,0,0
104900002,0,0,0
104900003,0,0,0
104900004,0,0,0
104900005,0,0,0
104900006,0,0,0
104900007,0,0,0
104900009,0,0,0
104900010,0,0,0
104900011,0,0,0
104900012,0,0,0
104900013,0,0,0
104900014,0,0,0
104900015,0,0,0
104900016,0,0,0
104900017,0,0,0
104900018,0,0,0
104900019,0,0,0
104900020,0,0,0
104900021,0,0,0
104900022,0,0,0
104900023,0,0,0
104900024,0,0,0
104900025,0,0,0
104900026,0,0,0
104900027,0,0,0
104900028,0,0,0
104900029,0,0,0
104900030,0,0,0
104900031,0,0,0
104900032,0,0,0
104900033,0,0,0
104900034,0,0,0
104900035,0,0,0
104900036,0,0,0
104900037,0,0,0
104900038,0,0,0
104900039,0,0,0
104900040,0,0,0
104900041,0,0,0
104900042,0,0,0
104900043,0,0,0
104900044,0,0,0
104900045,0,0,0
104900046,0,0,0
104900047,0,0,0
104900048,0,0,0
104900049,0,0,0
104900050,0,0,0
104900051,0,0,0
104900052,0,0,0
104900053,0,0,0
104900054,0,0,0
104900055,0,0,0
104900056,0,0,0
104900057,0,0,0
104900058,0,0,0
104900059,0,0,0
104900061,0,0,0
104900063,0,0,0
104900064,0,0,0
104900065,0,0,0
104900066,0,0,0
104900067,0,0,0
104900068,0,0,0
104900070,0,0,0
104900071,0,0,0
104900072,0,0,0
104900073,0,0,0
104900074,0,0,0
104900075,0,0,0
104900076,0,0,0
104900077,0,0,0
104900078,0,0,0
104900079,0,0,0
104900080,0,0,0
104900082,0,0,0
104900085,0,0,0
104900089,0,0,0
104900091,0,0,0
104900093,0,0,0
104900097,0,0,0
104900098,0,0,0
104900099,0,0,0
104900100,0,0,0
104900102,0,0,0
104900103,0,0,0
104900106,0,0,0
104900107,0,0,0
104900108,0,0,0
104900109,0,0,0
104900110,0,0,0
104900111,0,0,0
104900112,0,0,0
104900113,0,0,0
104900114,0,0,0
104900115,0,0,0
104900116,0,0,0
104900118,0,0,0
104900119,0,0,0
104900120,0,0,0
104900121,0,0,0
104900122,0,0,0
104900123,0,0,0
104900124,0,0,0
104900125,0,0,0
104900126,0,0,0
104900127,0,0,0
104900128,0,0,0
104900129,0,0,0
105000001,87,219,-132
105000002,30,148,-118
105000003,95,206,-111
105000004,51,82,-31
105000005,20,111,-91
105000006,13,182,-169
105000007,13,105,-92
105000008,6,267,-261
105000009,33,11,22
105000010,177,442,-265
105000011,43,33,10
105000012,239,547,-308
105000013,34,29,5
105000014,130,73,57
105000015,261,139,122
105000016,98,106,-8
105000017,109,75,34
105000018,0,0,0
105000019,0,0,0
105000020,0,0,0
105000021,0,0,0
105000022,0,0,0
105000023,0,0,0
105000028,0,0,0
105000029,1,5,-4
105000030,208,500,-292
105000031,0,0,0
105000033,57,528,-471
105000034,0,0,0
105000037,0,0,0
105000038,46,56,-10
105000039,123,210,-87
105000040,7,20,-13
105000041,24,130,-106
105000042,93,28,65
105000043,81,208,-127
105000044,8,15,-7
105000045,9,96,-87
105000046,34,14,20
105000047,16,101,-85
105000048,0,0,0
105000049,4,11,-7
105000050,0,0,0
105000051,0,0,0
105000052,0,0,0
105000053,0,0,0
105000054,0,0,0
105000055,0,1,-1
105000056,0,0,0
105000057,0,0,0
105000058,0,0,0
105000059,0,0,0
105000060,0,0,0
105000061,0,0,0
105000062,0,0,0
105000063,0,0,0
105000064,1,1,0
105000065,0,0,0
105000066,0,0,0
105000067,0,2,-2
105000068,0,0,0
105000069,1,0,1
105000070,0,0,0
105000071,0,0,0
105000072,0,1,-1
105000073,0,0,0
105000074,0,1,-1
105000075,10,11,-1
105000076,94,22,72
105000077,206,24,182
105000078,1,0,1
105000079,2,2,0
105000080,0,0,0
105000081,3,12,-9
105000082,0,0,0
105000083,0,0,0
105000084,2,2,0
105000085,0,2,-2
105000086,2,0,2
105000087,1,1,0
105000088,3,0,3
105000089,7,26,-19
105000090,14,18,-4
105000091,15,27,-12
105000092,3,14,-11
105000093,0,0,0
105000094,0,0,0
105000095,0,0,0
105000096,0,0,0
105000097,3,9,-6
105000098,0,0,0
105000099,4,12,-8
105000100,3,7,-4
105000101,3,1,2
105000102,4,6,-2
105000103,3,5,-2
105000104,1,12,-11
105000105,1,2,-1
105000106,1,0,1
105000107,1,0,1
105000108,1,2,-1
105000109,0,3,-3
105000110,0,0,0
105000111,0,0,0
105000112,1,0,1
105000113,0,1,-1
105000114,0,1,-1
105000115,0,0,0
105000116,0,2,-2
105000117,2,1,1
105000118,0,2,-2
105000119,0,0,0
105000120,0,0,0
105000121,0,2,-2
105000122,3,4,-1
105000123,0,0,0
105000124,0,1,-1
105000125,0,1,-1
105000126,6,0,6
105000127,1,0,1
105000128,0,0,0
105000129,3,2,1
105000130,0,0,0
105000131,0,0,0
105000132,0,0,0
105000133,0,1,-1
105000134,0,0,0
105000135,1,0,1
105000136,0,0,0
105000137,0,0,0
105000138,0,0,0
105000139,2,5,-3
105000140,0,4,-4
105000141,0,3,-3
105000142,0,0,0
105000143,0,2,-2
105000144,0,1,-1
105000145,0,1,-1
105000146,1,2,-1
105000147,0,0,0
105000148,0,0,0
105000149,0,0,0
105000150,2,4,-2
105000151,0,0,0
105000152,0,0,0
105000153,0,0,0
105000154,0,0,0
105000155,0,0,0
105000156,0,0,0
105000157,0,1,-1
105000158,0,0,0
105000159,0,2,-2
105000160,0,0,0
105000161,0,0,0
105000162,0,0,0
105000163,0,1,-1
105000164,2,0,2
105000165,0,0,0
105000166,3,0,3
105000167,1,8,-7
105000168,0,4,-4
105000169,8,38,-30
105000170,0,0,0
105000171,0,0,0
105000172,0,0,0
105000173,0,0,0
105000174,0,0,0
105000175,0,0,0
105000176,0,0,0
105000177,0,1,-1
105000178,0,0,0
105000179,0,0,0
105000180,0,0,0
105000181,0,0,0
105000182,0,0,0
105000183,0,0,0
105000184,147,211,-64
105000185,0,0,0
105000186,17,234,-217
105000187,0,0,0
105000188,0,0,0
105000189,5,102,-97
105000190,0,0,0
105000191,1,5,-4
105000192,0,0,0
105000193,25,88,-63
105000194,0,0,0
105000195,7,65,-58
105000196,0,0,0
105000197,7,104,-97
105000198,57,86,-29
105000199,2,1,1
105000200,0,0,0
105000201,3,5,-2
105000203,0,0,0
105000204,0,0,0
105000205,0,0,0
105000207,20,2,18
105000208,0,0,0
105000209,5,19,-14
105000211,0,0,0
105000212,0,1,-1
105000213,0,0,0
105000214,1,0,1
105000215,3,1,2
105000216,13,50,-37
105000217,7,14,-7
105000218,3,5,-2
105000221,0,0,0
105000222,0,0,0
105000223,0,0,0
105000226,0,0,0
105000227,0,0,0
105000228,0,0,0
105000229,0,0,0
105000231,0,0,0
105000233,42,45,-3
105000234,29,192,-163
105000235,0,0,0
105000237,0,0,0
105000243,0,1,-1
105000248,0,0,0
105000262,0,1,-1
105000269,0,0,0
105000270,4,6,-2
105000271,0,2,-2
105000282,0,0,0
105000287,0,0,0
105000288,0,0,0
105000289,25,67,-42
105000290,0,0,0
105000402,1,2,-1
105000426,10,2,8
105000438,0,1,-1
105000440,0,0,0
105000446,122,413,-291
105000447,26,42,-16
105000454,0,0,0
105000455,0,1,-1
105000474,0,0,0
105000477,0,0,0
105000478,58,48,10
105000479,0,1,-1
105000480,77,94,-17
105000481,121,81,40
105000482,348,403,-55
105000483,75,114,-39
105000484,130,560,-430
105000485,102,245,-143
105000486,452,454,-2
105000488,90,265,-175
105000489,0,1,-1
105000549,0,0,0
105000550,1,3,-2
105000551,0,0,0
105000552,382,174,208
105000555,0,2,-2
105000556,0,0,0
105000557,0,1,-1
105900001,0,0,0
105900002,0,0,0
105900003,0,0,0
105900004,0,0,0
105900005,0,0,0
105900006,0,0,0
105900007,0,0,0
105900008,0,0,0
105900009,0,0,0
105900011,0,0,0
105900012,0,0,0
105900013,0,0,0
105900014,0,0,0
105900015,0,0,0
105900016,0,0,0
105900017,0,0,0
105900018,0,0,0
105900019,0,0,0
105900020,0,0,0
105900021,0,0,0
105900022,0,0,0
105900023,0,0,0
105900024,0,0,0
105900025,0,0,0
105900026,0,0,0
105900027,0,0,0
105900028,0,0,0
105900029,0,0,0
105900030,0,0,0
105900031,0,0,0
105900032,0,0,0
105900033,0,0,0
105900034,0,0,0
105900035,0,0,0
105900036,0,0,0
105900037,0,0,0
105900038,0,0,0
105900039,0,0,0
105900040,0,0,0
105900041,0,0,0
105900042,0,0,0
105900043,0,0,0
105900044,0,0,0
105900045,0,0,0
105900046,0,0,0
105900047,0,0,0
105900048,0,0,0
105900050,0,0,0
105900051,0,0,0
105900052,0,0,0
105900053,0,0,0
105900054,0,0,0
105900056,0,0,0
105900057,0,0,0
105900058,0,0,0
105900059,0,0,0
106000001,100,7,93
106000002,184,262,-78
106000003,139,31,108
106000004,202,295,-93
106000005,102,39,63
106000006,210,423,-213
106000007,131,45,86
106000008,83,162,-79
106000009,85,22,63
106000010,56,153,-97
106000011,20,33,-13
106000012,30,145,-115
106000013,90,79,11
106000014,187,192,-5
106000015,67,98,-31
106000016,165,254,-89
106000017,138,106,32
106000018,406,259,147
106000019,16,20,-4
106000020,28,124,-96
106000021,29,31,-2
106000022,59,78,-19
106000023,16,26,-10
106000024,51,127,-76
106000025,47,37,10
106000026,84,142,-58
106000027,19,50,-31
106000028,49,138,-89
106000029,80,172,-92
106000030,0,0,0
106000034,0,1,-1
106000035,0,1,-1
106000036,2,3,-1
106000037,38,54,-16
106000038,1,1,0
106000039,0,0,0
106000040,1,22,-21
106000041,0,2,-2
106000043,1,0,1
106000046,0,0,0
106000047,0,0,0
106000049,0,0,0
106000050,16,208,-192
106000051,0,0,0
106000052,6,125,-119
106000053,0,0,0
106000054,38,170,-132
106000055,0,0,0
106000056,92,215,-123
106000057,0,0,0
106000058,13,87,-74
106000059,0,1,-1
106000060,45,182,-137
106000061,0,0,0
106000062,14,81,-67
106000063,0,0,0
106000064,3,72,-69
106000065,0,0,0
106000066,3,40,-37
106000067,0,0,0
106000068,1,129,-128
106000069,0,0,0
106000070,36,101,-65
106000071,0,0,0
106000072,33,87,-54
106000073,0,1,-1
106000074,3,12,-9
106000075,0,0,0
106000076,0,1,-1
106000077,7,19,-12
106000078,2,18,-16
106000079,0,1,-1
106000080,3,11,-8
106000081,1,2,-1
106000082,11,7,4
106000083,0,0,0
106000084,1,5,-4
106000085,1,2,-1
106000086,1,7,-6
106000087,0,2,-2
106000088,0,7,-7
106000089,1,2,-1
106000090,0,13,-13
106000091,0,0,0
106000092,0,5,-5
106000093,0,0,0
106000094,2,17,-15
106000095,1,16,-15
106000096,3,44,-41
106000097,10,33,-23
106000098,4,110,-106
106000099,3,119,-116
106000100,0,0,0
106000101,0,0,0
106000102,0,114,-114
106000103,0,41,-41
106000104,54,37,17
106000105,0,25,-25
106000106,29,4,25
106000107,0,34,-34
106000108,9,2,7
106000109,2,34,-32
106000110,16,7,9
106000111,0,22,-22
106000112,3,1,2
106000113,1,31,-30
106000114,33,2,31
106000115,2,35,-33
106000116,3,1,2
106000117,0,3,-3
106000118,1,1,0
106000119,2,3,-1
106000120,0,0,0
106000121,0,0,0
106000122,0,0,0
106000123,0,1,-1
106000124,0,2,-2
106000125,0,0,0
106000126,0,0,0
106000127,0,0,0
106000128,0,0,0
106000129,6,12,-6
106000130,4,0,4
106000131,1,17,-16
106000132,1,0,1
106000133,11,33,-22
106000134,0,0,0
106000135,4,36,-32
106000136,0,0,0
106000137,2,36,-34
106000138,0,0,0
106000139,0,0,0
106000140,2,28,-26
106000141,4,35,-31
106000142,0,0,0
106000143,7,29,-22
106000144,0,0,0
106000145,4,32,-28
106000146,0,0,0
106000147,0,2,-2
106000148,3,6,-3
106000149,0,0,0
106000150,3,18,-15
106000151,4,1,3
106000152,1,14,-13
106000153,0,1,-1
106000154,0,1,-1
106000155,0,0,0
106000156,2,0,2
106000157,5,63,-58
106000158,16,4,12
106000159,23,61,-38
106000160,1,13,-12
106000161,27,11,16
106000162,0,5,-5
106000163,2,11,-9
106000164,0,0,0
106000165,2,23,-21
106000166,0,3,-3
106000167,7,48,-41
106000168,0,0,0
106000169,3,22,-19
106000170,2,1,1
106000171,1,23,-22
106000172,0,2,-2
106000173,7,61,-54
106000174,2,4,-2
106000175,3,36,-33
106000176,0,1,-1
106000177,30,63,-33
106000178,1,3,-2
106000179,24,65,-41
106000180,49,58,-9
106000181,7,94,-87
106000182,1,1,0
106000183,2,0,2
106000184,1,1,0
106000185,2,47,-45
106000186,0,5,-5
106000187,10,99,-89
106000188,0,2,-2
106000189,0,0,0
106000190,0,0,0
106000191,0,0,0
106000192,0,4,-4
106000193,0,0,0
106000194,1,9,-8
106000195,0,0,0
106000196,0,3,-3
106000197,1,1,0
106000198,0,9,-9
106000199,7,2,5
106000200,0,16,-16
106000201,0,2,-2
106000202,35,13,22
106000203,2,9,-7
106000204,0,0,0
106000205,16,14,2
106000206,0,0,0
106000207,1,87,-86
106000208,14,0,14
106000209,19,2,17
106000210,3,84,-81
106000211,43,163,-120
106000212,33,1,32
106000213,1,15,-14
106000214,0,0,0
106000215,1,0,1
106000216,0,0,0
106000217,1,0,1
106000218,0,0,0
106000219,0,0,0
106000220,0,0,0
106000221,0,0,0
106000222,0,0,0
106000223,0,0,0
106000224,0,0,0
106000225,0,0,0
106000226,0,0,0
106000228,1,29,-28
106000229,0,16,-16
106000231,0,0,0
106000232,0,11,-11
106000233,0,0,0
106000234,0,10,-10
106000235,0,0,0
106000236,0,3,-3
106000237,0,0,0
106000238,0,0,0
106000239,0,2,-2
106000240,0,0,0
106000241,0,104,-104
106000242,17,0,17
106000249,0,0,0
106000250,1,33,-32
106000251,0,0,0
106000252,0,0,0
106000253,0,0,0
106000254,0,0,0
106000255,0,0,0
106000256,0,0,0
106000257,0,2,-2
106000258,0,0,0
106000259,0,0,0
106000260,0,0,0
106000261,0,0,0
106000262,0,0,0
106000263,0,0,0
106000264,0,0,0
106000265,0,0,0
106000266,0,0,0
106000267,0,0,0
106000268,0,0,0
106000269,0,0,0
106000270,5,50,-45
106000271,0,0,0
106000272,0,0,0
106000273,0,0,0
106000274,1,0,1
106000275,0,0,0
106000276,0,0,0
106000277,0,0,0
106000278,0,0,0
106000279,0,0,0
106000280,0,0,0
106000281,0,0,0
106000282,0,0,0
106000283,0,0,0
106000284,0,0,0
106000285,0,0,0
106000286,0,0,0
106000287,0,0,0
106000288,0,0,0
106000289,0,0,0
106000290,0,0,0
106000291,0,0,0
106000292,0,0,0
106000293,0,0,0
106000294,0,0,0
106000295,0,0,0
106000296,0,0,0
106000297,0,0,0
106000298,0,0,0
106000299,0,0,0
106000300,0,0,0
106000301,0,0,0
106000303,0,0,0
106000304,0,0,0
106000305,0,0,0
106000306,0,0,0
106000307,0,0,0
106000308,0,0,0
106000309,0,0,0
106000310,3,16,-13
106000311,0,0,0
106000312,4,14,-10
106000313,1,2,-1
106000318,0,1,-1
106000319,32,0,32
106000320,0,0,0
106000321,0,1,-1
106000322,0,0,0
106000324,0,0,0
106000325,42,19,23
106000326,36,160,-124
106000327,0,0,0
106000328,0,0,0
106000329,0,0,0
106000330,0,5,-5
106000428,0,0,0
106000429,14,72,-58
106000430,60,103,-43
106000431,1,0,1
106000432,146,220,-74
106000433,108,5,103
106000434,57,3,54
106000435,124,225,-101
106000436,1,19,-18
106000437,0,0,0
106000438,0,0,0
106000439,0,17,-17
106000440,0,1,-1
106000441,0,0,0
106000442,0,0,0
106000443,0,1,-1
106000450,0,7,-7
106000451,0,0,0
106000454,0,0,0
106000455,0,27,-27
106000456,0,0,0
106000457,0,87,-87
106000458,0,0,0
106000459,2,26,-24
106000460,0,0,0
106000461,4,70,-66
106000462,0,2,-2
106000463,0,0,0
106000464,1,19,-18
106000465,0,0,0
106000466,1,8,-7
106000467,18,67,-49
106000468,0,0,0
106000469,0,0,0
106000470,2,1,1
106000471,0,33,-33
106000472,0,0,0
106000473,0,1,-1
106000474,72,106,-34
106000475,20,37,-17
106000476,1,0,1
106000477,2,25,-23
106000480,0,16,-16
106900001,0,0,0
106900002,0,0,0
106900003,0,0,0
106900004,0,0,0
106900006,0,0,0
106900007,0,0,0
106900008,0,0,0
106900009,0,0,0
106900010,0,0,0
106900012,0,0,0
106900013,0,0,0
106900014,0,0,0
106900015,0,0,0
106900016,0,0,0
106900017,0,0,0
106900018,0,0,0
106900019,0,0,0
106900020,0,0,0
106900021,0,0,0
106900022,0,0,0
106900023,0,0,0
106900024,0,0,0
106900025,0,0,0
106900026,0,0,0
106900027,0,0,0
107000001,141,85,56
107000002,205,571,-366
107000003,283,113,170
107000004,449,842,-393
107000005,83,102,-19
107000006,246,679,-433
107000007,324,149,175
107000008,2036,1678,358
107000009,98,108,-10
107000010,468,796,-328
107000011,38,42,-4
107000012,53,80,-27
107000013,5,33,-28
107000014,0,24,-24
107000015,13,75,-62
107000016,7,60,-53
107000017,19,8,11
107000018,1,19,-18
107000020,0,0,0
107000021,14,11,3
107000022,0,44,-44
107000023,37,11,26
107000024,3,58,-55
107000025,5,8,-3
107000026,0,10,-10
107000027,52,22,30
107000028,12,27,-15
107000029,46,26,20
107000030,11,103,-92
107000031,45,32,13
107000032,0,0,0
107000033,113,239,-126
107000034,57,46,11
107000035,0,0,0
107000036,0,6,-6
107000037,0,0,0
107000038,12,20,-8
107000039,0,0,0
107000040,12,15,-3
107000041,0,1,-1
107000042,8,40,-32
107000043,1,0,1
107000044,24,19,5
107000045,2,9,-7
107000046,0,0,0
107000047,7,55,-48
107000048,1,0,1
107000049,7,30,-23
107000050,0,0,0
107000051,20,84,-64
107000052,0,0,0
107000053,15,13,2
107000054,8,117,-109
107000055,34,12,22
107000056,24,134,-110
107000057,47,44,3
107000058,0,0,0
107000059,16,71,-55
107000060,0,3,-3
107000061,39,55,-16
107000062,0,0,0
107000063,21,49,-28
107000064,0,0,0
107000065,24,49,-25
107000066,0,0,0
107000067,0,0,0
107000068,0,0,0
107000069,0,0,0
107000070,0,0,0
107000071,0,0,0
107000072,0,213,-213
107000073,0,0,0
107000074,3,45,-42
107000075,0,0,0
107000076,19,153,-134
107000077,0,0,0
107000078,20,158,-138
107000079,0,0,0
107000080,52,158,-106
107000081,0,0,0
107000082,15,204,-189
107000083,0,0,0
107000084,22,203,-181
107000085,54,53,1
107000086,117,221,-104
107000087,29,18,11
107000088,80,195,-115
107000089,33,42,-9
107000090,45,90,-45
107000091,24,27,-3
107000092,65,131,-66
107000093,14,107,-93
107000094,42,100,-58
107000095,0,0,0
107000096,15,36,-21
107000097,0,0,0
107000098,9,19,-10
107000099,0,0,0
107000100,0,6,-6
107000101,0,0,0
107000102,2,6,-4
107000103,0,0,0
107000104,0,3,-3
107000105,0,0,0
107000106,0,7,-7
107000107,0,0,0
107000108,1,8,-7
107000109,0,0,0
107000110,0,1,-1
107000111,0,0,0
107000112,0,2,-2
107000113,0,0,0
107000114,3,16,-13
107000115,0,0,0
107000116,4,39,-35
107000117,0,0,0
107000118,3,13,-10
107000119,97,42,55
107000120,19,44,-25
107000121,23,6,17
107000122,19,107,-88
107000123,27,15,12
107000124,9,83,-74
107000125,37,5,32
107000126,10,57,-47
107000129,5,45,-40
107000130,0,0,0
107000131,6,25,-19
107000132,0,0,0
107000133,0,0,0
107000134,0,0,0
107000135,0,0,0
107000136,0,0,0
107000137,0,0,0
107000138,0,0,0
107000139,0,0,0
107000140,0,0,0
107000141,0,0,0
107000142,0,0,0
107000143,0,0,0
107000144,0,0,0
107000145,0,0,0
107000146,0,0,0
107000147,0,0,0
107000150,0,0,0
107000151,0,0,0
107000152,0,0,0
107000153,0,3,-3
107000154,0,0,0
107000155,2,0,2
107000156,0,0,0
107000157,0,1,-1
107000158,0,0,0
107000159,0,0,0
107000160,0,0,0
107000161,0,0,0
107000162,0,0,0
107000163,0,0,0
107000164,0,0,0
107000165,0,0,0
107000166,0,0,0
107000167,0,0,0
107000168,1,0,1
107000169,1,2,-1
107000170,0,0,0
107000171,0,9,-9
107000172,0,0,0
107000173,2,5,-3
107000174,1,0,1
107000175,7,1,6
107000176,0,0,0
107000177,0,0,0
107000178,0,0,0
107000179,5,41,-36
107000180,0,0,0
107000181,2,24,-22
107000182,0,0,0
107000183,1,25,-24
107000184,0,0,0
107000185,5,21,-16
107000186,0,0,0
107000187,0,0,0
107000188,0,0,0
107000189,0,0,0
107000190,0,0,0
107000191,1,1,0
107000192,0,0,0
107000193,0,0,0
107000194,1,0,1
107000197,0,0,0
107000198,2,18,-16
107000199,0,0,0
107000200,0,0,0
107000201,0,0,0
107000202,0,1,-1
107000203,1,2,-1
107000204,0,0,0
107000205,2,0,2
107000206,0,0,0
107000207,0,0,0
107000208,0,0,0
107000209,0,0,0
107000210,0,0,0
107000211,0,0,0
107000212,0,0,0
107000213,0,0,0
107000214,0,0,0
107000215,0,0,0
107000216,0,0,0
107000217,0,0,0
107000219,0,0,0
107000220,0,0,0
107000222,0,0,0
107000224,0,0,0
107000225,0,0,0
107000226,0,0,0
107000227,0,0,0
107000228,0,0,0
107000229,0,0,0
107000230,17,53,-36
107000231,0,0,0
107000232,0,0,0
107000233,0,1,-1
107000234,0,0,0
107000235,0,1,-1
107000236,1,65,-64
107000237,0,0,0
107000238,0,0,0
107000239,0,0,0
107000240,0,0,0
107000243,0,8,-8
107000244,1,13,-12
107000246,1,112,-111
107000249,0,0,0
107000251,0,0,0
107000252,0,0,0
107000255,0,0,0
107000257,0,0,0
107000258,0,0,0
107000259,0,0,0
107000260,0,0,0
107000262,0,0,0
107000263,0,0,0
107000266,0,0,0
107000267,0,0,0
107000268,0,0,0
107000269,0,0,0
107000270,0,0,0
107000271,0,0,0
107000272,0,0,0
107000273,0,0,0
107000274,0,0,0
107000275,0,0,0
107000280,0,0,0
107000281,0,0,0
107000282,0,2,-2
107000290,0,0,0
107000291,0,0,0
107000292,0,0,0
107000293,0,0,0
107000294,0,0,0
107000295,0,0,0
107000296,0,0,0
107000444,0,0,0
107000496,0,0,0
107000497,35,123,-88
107000500,0,0,0
107000501,0,0,0
107000502,0,0,0
107000505,4,49,-45
107000506,0,0,0
107000508,0,0,0
107000509,0,0,0
107000510,0,0,0
107000514,0,0,0
107000515,0,0,0
107000516,0,0,0
107000518,0,0,0
107000519,9,89,-80
107000520,0,0,0
107000521,30,27,3
107000522,0,0,0
107900001,0,0,0
107900002,0,0,0
107900003,0,0,0
107900004,0,0,0
107900005,0,0,0
107900006,0,0,0
107900007,0,0,0
107900008,0,0,0
107900009,0,0,0
107900010,0,0,0
107900012,0,0,0
107900013,0,0,0
107900014,0,0,0
107900015,0,0,0
107900016,0,0,0
107900017,0,0,0
107900018,0,0,0
107900019,0,0,0
107900020,0,0,0
107900021,0,0,0
107900023,0,0,0
107900024,0,0,0
107900025,0,0,0
107900026,0,0,0
107900027,0,0,0
107900028,0,0,0
107900030,0,0,0
107900031,0,0,0
107900032,0,0,0
107900033,0,0,0
107900034,0,0,0
107900035,0,0,0
107900036,0,0,0
107900037,0,0,0
107900038,0,0,0
107900039,0,0,0
107900040,0,0,0
107900041,0,0,0
107900043,0,0,0
107900044,0,0,0
107900045,0,0,0
107900046,0,0,0
107900047,0,0,0
107900048,0,0,0
107900049,0,0,0
107900050,0,0,0
107900051,0,0,0
107900052,0,0,0
107900053,0,0,0
107900055,0,0,0
107900056,0,0,0
107900057,0,0,0
107900058,0,0,0
107900060,0,0,0
107900061,0,0,0
107900063,0,0,0
107900064,0,0,0
107900065,0,0,0
107900066,0,0,0
107900067,0,0,0
107900068,0,0,0
107900069,0,0,0
107900070,0,0,0
107900071,0,0,0
107900072,0,0,0
107900073,0,0,0
107900074,0,0,0
107900076,0,0,0
107900077,0,0,0
107900079,0,0,0
107900080,0,0,0
107900081,0,0,0
107900082,0,0,0
107900083,0,0,0
107900084,0,0,0
107900086,0,0,0
107900087,0,0,0
107900088,0,0,0
107900089,0,0,0
107900090,0,0,0
107900091,0,0,0
107900093,0,0,0
107900095,0,0,0
107900097,0,0,0
107900098,0,0,0
107900100,0,0,0
107900101,0,0,0
107900102,0,0,0
107900103,0,0,0
107900104,0,0,0
107900105,0,0,0
107900106,0,0,0
107900107,0,0,0
107900108,0,0,0
107900109,0,0,0
107900110,0,0,0
107900111,0,0,0
107900112,0,0,0
107900113,0,0,0
107900114,0,0,0
107900115,0,0,0
107900116,0,0,0
107900117,0,0,0
107900118,0,0,0
107900119,0,0,0
107900120,0,0,0
107900121,0,0,0
107900122,0,0,0
107900123,0,0,0
107900124,0,0,0
107900125,0,0,0
107900126,0,0,0
107900127,0,0,0
107900128,0,0,0
107900129,0,0,0
107900130,0,0,0
107900131,0,0,0
107900132,0,0,0
107900133,0,0,0
107900134,0,0,0
107900135,0,0,0
107900136,0,0,0
107900137,0,0,0
107900138,0,0,0
107900139,0,0,0
107900141,0,0,0
107900142,0,0,0
107900143,0,0,0
107900144,0,0,0
107900145,0,0,0
107900146,0,0,0
107900147,0,0,0
107900148,0,0,0
107900149,0,0,0
107900150,0,0,0
107900151,0,0,0
107900152,0,0,0
107900153,0,0,0
107900154,0,0,0
107900155,0,0,0
107900156,0,0,0
107900157,0,0,0
107900158,0,0,0
107900159,0,0,0
107900160,0,0,0
107900161,0,0,0
107900162,0,0,0
107900163,0,0,0
107900164,0,0,0
107900165,0,0,0
107900166,0,0,0
107900167,0,0,0
107900168,0,0,0
107900169,0,0,0
107900171,0,0,0
107900172,0,0,0
107900173,0,0,0
107900174,0,0,0
107900175,0,0,0
107900176,0,0,0
107900177,0,0,0
107900178,0,0,0
107900179,0,0,0
107900180,0,0,0
107900181,0,0,0
107900182,0,0,0
107900183,0,0,0
107900184,0,0,0
107900185,0,0,0
107900186,0,0,0
107900187,0,0,0
107900188,0,0,0
107900189,0,0,0
107900190,0,0,0
107900191,0,0,0
107900193,0,0,0
107900194,0,0,0
107900195,0,0,0
107900196,0,0,0
107900197,0,0,0
107900199,0,0,0
107900201,0,0,0
107900203,0,0,0
107900204,0,0,0
107900206,0,0,0
107900207,0,0,0
107900208,0,0,0
107900209,0,0,0
107900210,0,0,0
107900213,0,0,0
107900214,0,0,0
107900215,0,0,0
107900216,0,0,0
107900217,0,0,0
107900218,0,0,0
107900219,0,0,0
107900220,0,0,0
107900221,0,0,0
107900223,0,0,0
107900224,0,0,0
107900225,0,0,0
107900226,0,0,0
107900227,0,0,0
107900228,0,0,0
107900229,0,0,0
107900230,0,0,0
107900231,0,0,0
107900232,0,0,0
107900233,0,0,0
107900234,0,0,0
107900235,0,0,0
107900236,0,0,0
107900237,0,0,0
107900238,0,0,0
107900239,0,0,0
107900240,0,0,0
107900241,0,0,0
107900242,0,0,0
107900243,0,0,0
107900244,0,0,0
107900245,0,0,0
107900246,0,0,0
107900248,0,0,0
107900249,0,0,0
107900250,0,0,0
107900251,0,0,0
107900252,0,0,0
107900253,0,0,0
107900254,0,0,0
107900255,0,0,0
107900256,0,0,0
107900257,0,0,0
107900258,0,0,0
107900259,0,0,0
107900261,0,0,0
107900262,0,0,0
107900264,0,0,0
107900265,0,0,0
107900267,0,0,0
107900268,0,0,0
107900269,0,0,0
107900270,0,0,0
107900271,0,0,0
107900272,0,0,0
107900273,0,0,0
107900274,0,0,0
107900275,0,0,0
107900276,0,0,0
107900277,0,0,0
107900278,0,0,0
107900279,0,0,0
107900280,0,0,0
107900281,0,0,0
107900282,0,0,0
107900283,0,0,0
107900284,0,0,0
107900285,0,0,0
107900286,0,0,0
107900287,0,0,0
107900290,0,0,0
107900291,0,0,0
107900292,0,0,0
107900293,0,0,0
107900295,0,0,0
107900297,0,0,0
107900298,0,0,0
107900299,0,0,0
107900301,0,0,0
107900302,0,0,0
107900303,0,0,0
107900304,0,0,0
107900305,0,0,0
107900306,0,0,0
107900307,0,0,0
107900308,0,0,0
107900309,0,0,0
107900310,0,0,0
107900311,0,0,0
107900312,0,0,0
107900313,0,0,0
107900314,0,0,0
107900315,0,0,0
107900316,0,0,0
107900317,0,0,0
107900318,0,0,0
107900319,0,0,0
107900320,0,0,0
107900321,0,0,0
107900322,0,0,0
107900323,0,0,0
107900324,0,0,0
107900325,0,0,0
107900326,0,0,0
107900327,0,0,0
107900328,0,0,0
107900329,0,0,0
107900330,0,0,0
107900331,0,0,0
107900332,0,0,0
107900333,0,0,0
107900334,0,0,0
107900335,0,0,0
107900336,0,0,0
107900337,0,0,0
107900338,0,0,0
107900339,0,0,0
107900340,0,0,0
107900341,0,0,0
107900342,0,0,0
107900343,0,0,0
107900344,0,0,0
107900345,0,0,0
107900346,0,0,0
107900347,0,0,0
107900348,0,0,0
107900349,0,0,0
107900350,0,0,0
107900351,0,0,0
107900352,0,0,0
107900353,0,0,0
107900354,0,0,0
108000001,151,69,82
108000002,468,719,-251
108000003,188,48,140
108000004,1723,2637,-914
108000005,166,67,99
108000006,255,986,-731
108000007,142,120,22
108000008,347,748,-401
108000009,70,125,-55
108000010,192,665,-473
108000011,463,165,298
108000012,1389,1512,-123
108000014,0,0,0
108000015,0,0,0
108000016,50,171,-121
108000017,1,0,1
108000018,0,0,0
108000019,0,0,0
108000020,0,0,0
108000021,26,265,-239
108000022,2,1,1
108000023,0,0,0
108000024,0,0,0
108000025,3,15,-12
108000026,0,0,0
108000027,0,51,-51
108000028,0,0,0
108000029,1,47,-46
108000030,0,0,0
108000031,2,23,-21
108000032,0,0,0
108000033,22,58,-36
108000034,0,0,0
108000035,29,146,-117
108000036,5,123,-118
108000037,0,0,0
108000038,0,0,0
108000039,5,140,-135
108000040,0,0,0
108000041,20,145,-125
108000042,0,0,0
108000043,4,34,-30
108000044,0,0,0
108000045,1,50,-49
108000046,0,0,0
108000047,11,65,-54
108000048,7,19,-12
108000049,0,0,0
108000050,2,15,-13
108000051,0,0,0
108000052,3,10,-7
108000053,0,0,0
108000054,2,7,-5
108000055,0,0,0
108000056,26,35,-9
108000057,0,0,0
108000058,0,1,-1
108000059,110,86,24
108000060,0,0,0
108000061,0,0,0
108000062,2,2,0
108000063,0,0,0
108000064,0,0,0
108000065,0,0,0
108000066,0,0,0
108000067,0,0,0
108000068,0,0,0
108000069,12,78,-66
108000070,0,0,0
108000071,5,79,-74
108000072,0,0,0
108000073,24,65,-41
108000074,0,0,0
108000075,11,24,-13
108000076,0,0,0
108000077,20,32,-12
108000078,0,0,0
108000079,81,190,-109
108000080,0,0,0
108000081,33,221,-188
108000082,41,61,-20
108000083,0,0,0
108000084,3,36,-33
108000085,0,0,0
108000086,13,20,-7
108000087,0,0,0
108000088,0,0,0
108000089,0,1,-1
108000091,0,31,-31
108000092,0,0,0
108000093,12,22,-10
108000094,0,0,0
108000095,2,8,-6
108000096,0,0,0
108000097,2,16,-14
108000098,0,0,0
108000099,0,0,0
108000100,0,0,0
108000101,0,0,0
108000102,1,2,-1
108000106,0,0,0
108000107,0,1,-1
108000108,0,0,0
108000109,0,6,-6
108000110,0,0,0
108000111,14,65,-51
108000112,0,0,0
108000113,0,0,0
108000115,0,0,0
108000117,0,0,0
108000118,0,18,-18
108000119,6,19,-13
108000120,0,0,0
108000121,0,11,-11
108000122,0,0,0
108000123,0,0,0
108000124,1,224,-223
108000125,0,0,0
108000126,0,85,-85
108000127,0,0,0
108000128,7,142,-135
108000129,8,277,-269
108000130,0,0,0
108000131,0,0,0
108000132,107,98,9
108000133,0,0,0
108000134,20,181,-161
108000135,0,0,0
108000136,19,218,-199
108000137,0,0,0
108000138,0,0,0
108000139,0,0,0
108000140,0,0,0
108000141,3,6,-3
108000142,0,2,-2
108000143,0,0,0
108000144,0,0,0
108000145,0,0,0
108000146,0,0,0
108000147,0,0,0
108000148,0,0,0
108000149,0,0,0
108000150,0,0,0
108000151,0,0,0
108000152,0,0,0
108000153,0,0,0
108000154,0,0,0
108000155,0,0,0
108000156,0,0,0
108000157,0,0,0
108000158,0,0,0
108000159,0,0,0
108000160,3,18,-15
108000161,0,0,0
108000165,0,0,0
108000172,0,0,0
108000173,0,0,0
108000175,0,0,0
108000178,0,0,0
108000179,0,0,0
108000181,0,0,0
108000182,0,0,0
108000183,0,0,0
108000184,0,0,0
108000185,0,0,0
108000186,0,0,0
108000187,0,0,0
108000188,0,0,0
108000189,0,2,-2
108000190,1,15,-14
108000192,0,0,0
108000193,32,0,32
108000194,0,0,0
108000195,1,62,-61
108000196,0,0,0
108000198,0,0,0
108000199,0,27,-27
108000200,0,0,0
108000203,0,0,0
108000204,0,0,0
108000205,0,0,0
108000339,0,1,-1
108000364,0,0,0
108000365,0,0,0
108000367,0,0,0
108000368,0,0,0
108000369,0,0,0
108000371,0,6,-6
108000372,0,0,0
108000373,0,0,0
108000376,0,0,0
108000377,0,0,0
108000378,630,132,498
108000379,0,0,0
108000381,0,0,0
108000382,0,0,0
108000383,0,0,0
108900001,0,0,0
108900002,0,0,0
108900003,0,0,0
108900004,0,0,0
108900007,0,0,0
108900008,0,0,0
108900009,0,0,0
108900010,0,0,0
108900011,0,0,0
108900012,0,0,0
108900013,0,0,0
108900014,0,0,0
108900015,0,0,0
108900016,0,0,0
108900017,0,0,0
108900018,0,0,0
108900019,0,0,0
108900020,0,0,0
108900021,0,0,0
108900022,0,0,0
108900023,0,0,0
108900024,0,0,0
108900025,0,0,0
108900026,0,0,0
108900027,0,0,0
108900028,0,0,0
108900029,0,0,0
108900030,0,0,0
108900031,0,0,0
108900032,0,0,0
108900033,0,0,0
108900034,0,0,0
108900035,0,0,0
108900038,0,0,0
108900039,0,0,0
108900040,0,0,0
108900041,0,0,0
108900042,0,0,0
108900043,0,0,0
108900044,0,0,0
108900045,0,0,0
108900046,0,0,0
108900047,0,0,0
108900048,0,0,0
108900049,0,0,0
108900050,0,0,0
108900051,0,0,0
108900052,0,0,0
108900053,0,0,0
108900054,0,0,0
108900055,0,0,0
108900056,0,0,0
108900057,0,0,0
108900058,0,0,0
108900059,0,0,0
108900060,0,0,0
108900061,0,0,0
108900062,0,0,0
108900063,0,0,0
108900064,0,0,0
108900065,0,0,0
108900066,0,0,0
108900067,0,0,0
108900068,0,0,0
108900069,0,0,0
108900070,0,0,0
108900071,0,0,0
108900072,0,0,0
108900073,0,0,0
108900074,0,0,0
108900075,0,0,0
108900076,0,0,0
108900077,0,0,0
108900078,0,0,0
108900079,0,0,0
108900080,0,0,0
108900081,0,0,0
108900082,0,0,0
108900083,0,0,0
108900085,0,0,0
108900086,0,0,0
108900087,0,0,0
108900088,0,0,0
108900089,0,0,0
108900090,0,0,0
108900091,0,0,0
108900092,0,0,0
108900093,0,0,0
108900094,0,0,0
108900095,0,0,0
108900096,0,0,0
108900097,0,0,0
108900098,0,0,0
108900099,0,0,0
108900100,0,0,0
108900101,0,0,0
108900102,0,0,0
108900103,0,0,0
108900105,0,0,0
108900106,0,0,0
108900108,0,0,0
108900109,0,0,0
108900110,0,0,0
108900111,0,0,0
108900113,0,0,0
108900114,0,0,0
108900115,0,0,0
108900116,0,0,0
108900117,0,0,0
108900118,0,0,0
108900119,0,0,0
108900120,0,0,0
108900121,0,0,0
108900122,0,0,0
108900123,0,0,0
108900124,0,0,0
108900125,0,0,0
108900126,0,0,0
108900127,0,0,0
108900128,0,0,0
108900129,0,0,0
108900130,0,0,0
108900131,0,0,0
108900132,0,0,0
108900133,0,0,0
108900134,0,0,0
108900135,0,0,0
108900136,0,0,0
108900137,0,0,0
108900138,0,0,0
108900140,0,0,0
108900141,0,0,0
108900142,0,0,0
108900143,0,0,0
108900144,0,0,0
108900145,0,0,0
108900146,0,0,0
108900147,0,0,0
108900148,0,0,0
108900150,0,0,0
108900151,0,0,0
108900152,0,0,0
108900153,0,0,0
108900154,0,0,0
108900156,0,0,0
108900157,0,0,0
108900158,0,0,0
108900159,0,0,0
108900160,0,0,0
108900161,0,0,0
108900162,0,0,0
108900163,0,0,0
108900164,0,0,0
108900168,0,0,0
108900169,0,0,0
108900171,0,0,0
108900172,0,0,0
108900173,0,0,0
108900174,0,0,0
108900176,0,0,0
108900177,0,0,0
108900178,0,0,0
108900180,0,0,0
108900183,0,0,0
108900184,0,0,0
108900185,0,0,0
108900186,0,0,0
108900189,0,0,0
108900190,0,0,0
108900192,0,0,0
108900195,0,0,0
108900196,0,0,0
108900199,0,0,0
108900200,0,0,0
108900201,0,0,0
108900203,0,0,0
108900204,0,0,0
108900205,0,0,0
108900206,0,0,0
108900207,0,0,0
108900208,0,0,0
108900209,0,0,0
108900210,0,0,0
108900211,0,0,0
108900212,0,0,0
108900215,0,0,0
108900216,0,0,0
108900217,0,0,0
108900218,0,0,0
108900221,0,0,0
108900224,0,0,0
108900225,0,0,0
108900227,0,0,0
108900230,0,0,0
108900232,0,0,0
108900233,0,0,0
108900234,0,0,0
108900235,0,0,0
108900236,0,0,0
108900240,0,0,0
108900241,0,0,0
108900245,0,0,0
108900250,0,0,0
108900258,0,0,0
108900259,0,0,0
108900260,0,0,0
108900261,0,0,0
108900262,0,0,0
108900263,0,0,0
108900264,0,0,0
108900265,0,0,0
108900266,0,0,0
108900267,0,0,0
108900268,0,0,0
108900269,0,0,0
108900270,0,0,0
108900271,0,0,0
108900272,0,0,0
108900273,0,0,0
108900274,0,0,0
109000001,45,0,45
109000002,254,523,-269
109000003,84,0,84
109000004,184,841,-657
109000005,48,4,44
109000006,70,661,-591
109000007,29,4,25
109000008,93,423,-330
109000009,139,22,117
109000010,282,982,-700
109000011,132,28,104
109000012,232,1031,-799
109000013,138,30,108
109000014,134,955,-821
109000015,193,41,152
109000016,325,1180,-855
109000017,105,43,62
109000018,227,954,-727
109000019,110,7,103
109000020,292,583,-291
109000023,0,0,0
109000024,0,0,0
109000025,0,0,0
109000026,0,0,0
109000027,0,0,0
109000028,0,0,0
109000029,0,0,0
109000030,1,35,-34
109000031,0,0,0
109000032,1,30,-29
109000033,0,0,0
109000034,0,0,0
109000035,0,0,0
109000036,0,9,-9
109000037,0,0,0
109000038,23,8,15
109000039,0,0,0
109000040,0,0,0
109000041,17,17,0
109000042,3,9,-6
109000044,0,0,0
109000045,28,81,-53
109000046,0,0,0
109000047,19,242,-223
109000048,0,0,0
109000049,116,331,-215
109000050,0,0,0
109000051,209,148,61
109000052,0,0,0
109000053,0,0,0
109000054,0,0,0
109000055,0,0,0
109000056,0,0,0
109000057,0,0,0
109000058,0,0,0
109000059,0,0,0
109000060,0,0,0
109000061,0,0,0
109000062,0,0,0
109000063,0,0,0
109000064,0,0,0
109000065,0,0,0
109000066,0,0,0
109000067,0,0,0
109000068,0,0,0
109000069,0,0,0
109000070,0,94,-94
109000071,0,0,0
109000072,0,0,0
109000073,0,0,0
109000074,0,0,0
109000075,23,226,-203
109000076,0,0,0
109000077,0,0,0
109000078,0,0,0
109000079,0,0,0
109000080,0,0,0
109000081,0,0,0
109000082,0,0,0
109000083,0,0,0
109000088,0,0,0
109000089,0,0,0
109000090,0,0,0
109000091,0,0,0
109000092,0,0,0
109000093,0,0,0
109000094,0,0,0
109000095,0,0,0
109000096,0,0,0
109000097,0,0,0
109000098,0,0,0
109000099,12,4,8
109000100,3,40,-37
109000101,34,4,30
109000102,2,96,-94
109000103,0,0,0
109000104,17,3,14
109000105,2,87,-85
109000106,28,3,25
109000107,6,105,-99
109000108,42,3,39
109000109,8,113,-105
109000110,41,4,37
109000111,50,91,-41
109000112,0,0,0
109000113,27,48,-21
109000114,0,0,0
109000115,0,0,0
109000116,0,17,-17
109000117,0,0,0
109000118,0,22,-22
109000119,0,0,0
109000120,1,39,-38
109000121,0,0,0
109000122,1,58,-57
109000123,0,0,0
109000124,0,0,0
109000125,0,0,0
109000126,1,61,-60
109000127,0,0,0
109000128,2,71,-69
109000129,0,0,0
109000130,11,78,-67
109000131,0,0,0
109000132,10,25,-15
109000133,2,95,-93
109000134,6,186,-180
109000135,11,116,-105
109000136,0,0,0
109000137,0,0,0
109000138,0,0,0
109000139,0,0,0
109000140,0,0,0
109000141,0,0,0
109000142,0,0,0
109000143,0,0,0
109000145,0,0,0
109000146,0,0,0
109000148,0,0,0
109000149,0,0,0
109000150,0,0,0
109000155,0,0,0
109000156,0,0,0
109000158,0,0,0
109000159,0,0,0
109000160,0,0,0
109000161,0,0,0
109000162,0,0,0
109000163,0,0,0
109000164,0,0,0
109000165,0,0,0
109000166,0,0,0
109000167,0,0,0
109000170,0,0,0
109000171,0,0,0
109000172,0,0,0
109000173,0,0,0
109000174,0,0,0
109000175,0,0,0
109000176,0,0,0
109000177,0,0,0
109000178,0,0,0
109000179,0,0,0
109000180,0,0,0
109000181,0,0,0
109000182,0,0,0
109000183,0,0,0
109000184,0,0,0
109000185,0,0,0
109000188,0,0,0
109000189,0,0,0
109000190,0,0,0
109000191,0,0,0
109000192,0,0,0
109000193,0,0,0
109000194,0,0,0
109000195,0,0,0
109000196,0,0,0
109000197,0,0,0
109000198,0,0,0
109000199,0,0,0
109000206,0,0,0
109000207,0,0,0
109000208,0,0,0
109000209,0,0,0
109000210,0,0,0
109000211,0,0,0
109000214,0,0,0
109000215,0,0,0
109000216,15,4,11
109000217,0,0,0
109000218,0,0,0
109000221,0,0,0
109000222,0,0,0
109000223,0,0,0
109000224,0,0,0
109000225,0,0,0
109000226,0,0,0
109000227,0,0,0
109000228,0,34,-34
109000231,0,0,0
109000232,0,0,0
109000236,2,139,-137
109000241,0,0,0
109000242,0,0,0
109000293,0,0,0
109000361,0,0,0
109000364,0,0,0
109000396,0,0,0
109000397,0,0,0
109000399,0,0,0
109000400,0,0,0
109000403,0,0,0
109000406,4,2,2
109000407,0,0,0
109000408,1,142,-141
109000410,0,0,0
109000411,0,0,0
109900001,0,0,0
109900002,0,0,0
109900003,0,0,0
109900005,0,0,0
109900006,0,0,0
109900007,0,0,0
109900008,0,0,0
109900009,0,0,0
109900010,0,0,0
109900011,0,0,0
109900012,0,0,0
109900013,0,0,0
109900015,0,0,0
109900017,0,0,0
109900018,0,0,0
109900019,0,0,0
109900020,0,0,0
109900021,0,0,0
109900022,0,0,0
109900023,0,0,0
109900024,0,0,0
109900025,0,0,0
109900027,0,0,0
109900028,0,0,0
109900029,0,0,0
109900030,0,0,0
109900031,0,0,0
109900032,0,0,0
109900033,0,0,0
109900034,0,0,0
109900035,0,0,0
109900036,0,0,0
109900037,0,0,0
109900038,0,0,0
109900039,0,0,0
109900040,0,0,0
109900041,0,0,0
109900042,0,0,0
109900044,0,0,0
109900045,0,0,0
109900046,0,0,0
109900047,0,0,0
109900048,0,0,0
109900049,0,0,0
109900050,0,0,0
109900051,0,0,0
109900052,0,0,0
109900053,0,0,0
109900054,0,0,0
109900055,0,0,0
109900056,0,0,0
109900057,0,0,0
109900058,0,0,0
109900060,0,0,0
109900061,0,0,0
109900062,0,0,0
109900064,0,0,0
109900065,0,0,0
109900066,0,0,0
109900067,0,0,0
109900068,0,0,0
109900069,0,0,0
109900071,0,0,0
109900072,0,0,0
109900073,0,0,0
109900074,0,0,0
109900075,0,0,0
109900076,2,26,-24
109900077,0,0,0
109900078,0,0,0
109900080,0,0,0
109900081,0,0,0
109900082,0,0,0
109900083,0,0,0
109900084,0,0,0
109900085,0,0,0
109900086,0,0,0
109900087,0,0,0
109900089,0,0,0
109900092,0,0,0
109900093,0,0,0
109900094,0,0,0
109900095,0,0,0
109900096,0,0,0
109900097,0,0,0
109900098,0,0,0
109900099,0,0,0
109900100,0,0,0
109900101,0,0,0
109900102,0,0,0
109900103,0,0,0
109900104,0,0,0
109900105,0,0,0
109900106,0,0,0
109900107,0,0,0
109900108,0,0,0
109900109,0,0,0
109900111,0,0,0
109900114,0,0,0
109900115,0,0,0
109900117,0,0,0
109900121,0,0,0
109900123,0,0,0
109900125,0,0,0
109900126,0,0,0
109900130,0,0,0
109900131,0,0,0
109900132,0,0,0
109900134,0,0,0
109900135,0,0,0
109900137,0,0,0
109900140,0,0,0
109900149,0,0,0
109900150,0,0,0
109900151,0,0,0
109900152,0,0,0
109900153,0,0,0
109900154,0,0,0
109900155,0,0,0
109900157,0,0,0
109900159,0,0,0
109900161,0,0,0
109900162,0,0,0
109900163,0,0,0
109900164,0,0,0
109900165,0,0,0
109900166,0,0,0
109900167,0,0,0
109900168,0,0,0
109900169,0,0,0
109900170,0,0,0
109900171,0,0,0
109900172,0,0,0
109900173,0,0,0
109900174,0,0,0
109900175,0,0,0
109900176,0,0,0
109900177,0,0,0
109900178,0,0,0
109900179,0,0,0
109900180,0,0,0
110000001,99,175,-76
110000002,57,55,2
110000003,217,315,-98
110000004,224,66,158
110000005,109,33,76
110000006,2,1,1
110000007,0,0,0
110000008,0,0,0
110000009,0,0,0
110000010,0,0,0
110000011,0,0,0
110000012,3,1,2
110000013,0,0,0
110000014,1,1,0
110000015,1,1,0
110000016,0,0,0
110000017,0,0,0
110000018,1,0,1
110000019,0,0,0
110000020,0,0,0
110000021,0,0,0
110000022,0,0,0
110000023,0,0,0
110000024,3,1,2
110000025,0,0,0
110000026,0,0,0
110000027,0,0,0
110000028,1,0,1
110000029,2,1,1
110000030,0,0,0
110000031,0,2,-2
110000032,0,0,0
110000033,0,0,0
110000034,0,0,0
110000035,0,0,0
110000036,0,0,0
110000037,0,0,0
110000038,0,0,0
110000039,0,0,0
110000040,0,0,0
110000041,0,0,0
110000042,0,1,-1
110000043,0,0,0
110000044,0,0,0
110000045,0,0,0
110000046,0,0,0
110000047,0,0,0
110000048,0,0,0
110000049,0,0,0
110000050,0,0,0
110000051,0,0,0
110000052,0,0,0
110000053,0,0,0
110000054,0,0,0
110000055,0,0,0
110000056,0,0,0
110000057,1,0,1
110000058,0,0,0
110000059,38,134,-96
110000060,45,100,-55
110000061,183,265,-82
110000062,175,98,77
110000063,0,0,0
110000064,0,0,0
110000065,0,0,0
110000066,0,0,0
110000067,0,0,0
110000068,0,0,0
110000069,0,0,0
110000071,0,0,0
110000073,0,0,0
110000075,0,0,0
110000076,0,0,0
110000077,0,0,0
110000078,0,0,0
110000080,20,143,-123
110000081,2,32,-30
110000082,4,34,-30
110000083,40,114,-74
110000084,0,0,0
110000085,440,228,212
110000086,0,1,-1
110000087,2,60,-58
110000088,2,72,-70
110000089,0,0,0
110000090,0,0,0
110000091,0,0,0
110000092,0,0,0
110000093,54,8,46
110000094,20,129,-109
110000095,0,0,0
110000096,182,391,-209
110000097,0,0,0
110000098,0,0,0
110000099,38,211,-173
110000100,0,0,0
110000101,0,0,0
110000102,0,0,0
110000104,0,0,0
110000105,0,0,0
110000106,0,0,0
110000107,0,0,0
110000108,14,0,14
110000109,0,10,-10
110000110,389,2,387
110000111,0,1,-1
110000112,0,0,0
110000113,0,0,0
110000114,0,0,0
110000115,0,0,0
110000116,0,0,0
110000117,1,3,-2
110000118,0,0,0
110000119,2,1,1
110000120,0,0,0
110000121,0,4,-4
110000122,0,0,0
110000123,0,0,0
110000124,0,36,-36
110000125,0,0,0
110000126,0,0,0
110000127,0,0,0
110000128,0,31,-31
110000129,0,34,-34
110000130,1,0,1
110000131,4,35,-31
110000132,0,45,-45
110000133,0,0,0
110000134,0,0,0
110000135,0,0,0
110000136,0,0,0
110000137,0,0,0
110000138,0,0,0
110000139,0,0,0
110000140,0,0,0
110000143,0,0,0
110000144,254,11,243
110000145,49,11,38
110000146,107,13,94
110000147,0,0,0
110000148,0,0,0
110000151,0,0,0
110000152,0,0,0
110000153,0,0,0
110000154,0,0,0
110000155,180,512,-332
110000156,30,218,-188
110000157,73,183,-110
110000160,0,0,0
110000161,0,0,0
110000166,0,0,0
110000167,0,0,0
110000168,0,0,0
110000169,0,0,0
110000170,0,0,0
110000171,0,0,0
110000172,10,184,-174
110000173,74,201,-127
110000174,0,0,0
110000175,0,0,0
110000176,0,0,0
110000177,0,0,0
110000178,17,32,-15
110000179,4,39,-35
110000180,5,33,-28
110000181,2,24,-22
110000182,24,34,-10
110000183,1,1,0
110000184,31,23,8
110000185,3,70,-67
110000186,7,36,-29
110000191,0,3,-3
110000192,0,0,0
110000193,0,0,0
110000194,0,8,-8
110000195,0,0,0
110000196,0,0,0
110000197,0,0,0
110000198,0,0,0
110000199,0,0,0
110000200,6,17,-11
110000201,0,0,0
110000202,0,0,0
110000203,8,20,-12
110000204,0,0,0
110000205,0,0,0
110000206,2,11,-9
110000207,0,0,0
110000208,0,0,0
110000209,5,31,-26
110000210,0,0,0
110000211,0,0,0
110000212,17,12,5
110000213,0,0,0
110000214,0,0,0
110000215,0,0,0
110000216,0,1,-1
110000217,0,0,0
110000218,0,0,0
110000219,0,0,0
110000220,0,0,0
110000221,0,0,0
110000222,0,1,-1
110000223,0,0,0
110000224,0,0,0
110000225,1,7,-6
110000226,0,0,0
110000227,0,11,-11
110000228,0,0,0
110000229,0,4,-4
110000230,0,0,0
110000231,0,0,0
110000232,1,22,-21
110000233,0,0,0
110000234,0,0,0
110000235,0,0,0
110000236,22,57,-35
110000237,67,73,-6
110000238,4,28,-24
110000239,22,69,-47
110000240,0,0,0
110000242,0,0,0
110000243,0,0,0
110000244,1,38,-37
110000245,0,52,-52
110000246,0,5,-5
110000247,0,0,0
110000248,0,0,0
110000249,0,0,0
110000250,0,0,0
110000251,0,0,0
110000252,0,0,0
110000253,0,0,0
110000254,4,9,-5
110000255,1,5,-4
110000256,0,0,0
110000257,21,146,-125
110000258,0,0,0
110000259,0,0,0
110000260,0,0,0
110000263,0,0,0
110000264,0,0,0
110000265,165,89,76
110000266,132,37,95
110000267,0,3,-3
110000268,0,0,0
110000269,0,0,0
110000270,0,0,0
110000271,0,0,0
110000272,62,171,-109
110000273,88,215,-127
110000274,1,102,-101
110000275,1,5,-4
110000276,13,36,-23
110000277,0,0,0
110000278,0,0,0
110000279,0,0,0
110000280,0,0,0
110000281,0,0,0
110000282,0,0,0
110000283,0,0,0
110000284,0,0,0
110000285,0,1,-1
110000286,0,0,0
110000287,0,0,0
110000288,0,0,0
110000289,0,0,0
110000290,21,25,-4
110000291,0,0,0
110000292,3,72,-69
110000293,0,0,0
110000294,4,19,-15
110000295,0,0,0
110000296,0,12,-12
110000297,15,20,-5
110000298,0,0,0
110000299,0,0,0
110000301,0,0,0
110000302,0,0,0
110000303,0,0,0
110000304,0,0,0
110000305,0,0,0
110000306,0,0,0
110000307,0,0,0
110000308,0,0,0
110000309,0,0,0
110000310,0,0,0
110000311,0,0,0
110000312,0,0,0
110000313,15,47,-32
110000314,0,0,0
110000315,250,175,75
110000316,42,210,-168
110000317,1,0,1
110000318,0,0,0
110000319,0,0,0
110000320,0,0,0
110000321,0,0,0
110000322,0,0,0
110000323,0,0,0
110000324,60,235,-175
110000325,1,1,0
110000327,1,4,-3
110000328,6,50,-44
110000333,0,0,0
110000334,4,66,-62
110000335,0,0,0
110000336,7,88,-81
110000337,0,0,0
110000338,0,0,0
110000339,0,0,0
110000340,0,0,0
110000341,4,130,-126
110000342,0,0,0
110000343,0,18,-18
110000344,0,0,0
110000345,1,0,1
110000346,142,55,87
110000347,172,15,157
110000348,0,0,0
110000349,0,0,0
110000350,0,0,0
110000351,4,12,-8
110000352,2,142,-140
110000353,9,31,-22
110000354,4,196,-192
110000355,0,4,-4
110000356,0,0,0
110000357,0,0,0
110000361,0,0,0
110000362,0,0,0
110000363,0,0,0
110000364,0,0,0
110000365,0,0,0
110000366,0,1,-1
110000367,2,23,-21
110000368,0,1,-1
110000369,0,0,0
110000373,0,3,-3
110000374,0,0,0
110000375,1,57,-56
110000376,0,0,0
110000377,0,0,0
110000378,0,0,0
110000379,102,52,50
110000380,0,0,0
110000383,0,6,-6
110000384,0,4,-4
110000385,0,0,0
110000387,0,9,-9
110000388,0,0,0
110000389,0,0,0
110000391,0,1,-1
110000396,0,0,0
110000397,0,0,0
110000398,0,0,0
110000399,0,1,-1
110000587,0,0,0
110000589,0,0,0
110000640,0,0,0
110000652,0,1,-1
110000653,2,4,-2
110000654,0,0,0
110000656,0,0,0
110000674,0,0,0
110000675,0,0,0
110000676,0,0,0
110000679,3,3,0
110000682,0,0,0
110000683,0,0,0
110000684,0,1,-1
110000685,0,0,0
110000686,0,0,0
110000687,0,0,0
110000688,32,1,31
110000689,0,0,0
110000692,0,0,0
110000693,0,0,0
110000694,0,292,-292
110000695,4,52,-48
110000696,0,0,0
110900001,0,0,0
110900002,0,0,0
110900003,0,0,0
110900004,0,0,0
110900005,0,0,0
110900006,0,0,0
110900007,0,0,0
110900008,0,0,0
110900009,0,0,0
110900010,0,0,0
110900011,0,0,0
110900012,0,0,0
110900013,0,0,0
110900014,0,0,0
110900015,0,0,0
110900016,0,0,0
110900017,0,0,0
110900018,0,0,0
110900019,0,0,0
110900020,0,0,0
110900021,0,0,0
110900022,0,0,0
110900023,0,0,0
110900024,0,0,0
110900025,0,0,0
110900027,0,0,0
110900028,0,0,0
110900029,0,0,0
110900030,0,0,0
110900031,0,0,0
110900032,0,0,0
110900033,0,0,0
110900035,0,0,0
110900036,0,0,0
110900037,0,0,0
110900038,0,0,0
110900039,0,0,0
110900040,0,0,0
110900041,0,0,0
110900042,0,0,0
110900043,0,0,0
110900044,0,0,0
110900045,0,0,0
110900046,0,0,0
110900047,0,0,0
110900049,0,0,0
110900050,0,0,0
110900051,0,0,0
110900052,0,0,0
110900053,0,0,0
110900054,0,0,0
110900055,0,0,0
110900056,0,0,0
110900057,0,0,0
110900058,0,0,0
110900059,0,0,0
110900060,0,0,0
110900061,0,0,0
110900062,0,0,0
110900063,0,0,0
110900064,0,0,0
110900065,0,0,0
110900066,0,0,0
110900067,0,0,0
110900068,0,0,0
110900069,0,0,0
110900070,0,0,0
110900071,0,0,0
110900073,0,0,0
110900074,0,0,0
110900075,0,0,0
110900077,0,0,0
110900078,0,0,0
110900079,0,0,0
110900080,0,0,0
110900081,0,0,0
110900082,0,0,0
110900083,0,0,0
110900084,0,0,0
110900085,0,0,0
110900086,0,0,0
110900087,0,0,0
110900088,0,0,0
110900090,0,0,0
110900091,0,0,0
110900093,0,0,0
110900095,0,0,0
110900097,0,0,0
110900098,0,0,0
110900099,0,0,0
110900100,0,0,0
110900102,0,0,0
110900105,0,0,0
110900108,0,0,0
110900111,0,0,0
110900112,0,0,0
110900113,0,0,0
110900115,0,0,0
110900116,0,0,0
110900118,0,0,0
110900119,0,0,0
110900120,0,0,0
110900121,0,0,0
110900122,0,0,0
110900125,0,0,0
110900127,0,2,-2
110900128,0,0,0
110900129,0,0,0
110900130,0,0,0
110900131,0,0,0
110900132,0,0,0
110900133,0,0,0
110900135,0,0,0
110900136,0,0,0
110900138,0,0,0
110900139,0,0,0
110900140,0,0,0
110900141,0,0,0
110900142,0,0,0
110900143,0,0,0
110900144,0,18,-18
110900145,0,0,0
110900146,0,0,0
110900147,2,1,1
110900148,0,1,-1
110900149,0,0,0
110900150,0,0,0
110900151,0,0,0
110900152,0,0,0
110900153,0,0,0
111000001,54,27,27
111000002,175,105,70
111000003,24,14,10
111000004,78,144,-66
111000005,45,48,-3
111000006,147,178,-31
111000007,112,148,-36
111000008,274,241,33
111000009,129,333,-204
111000010,84,103,-19
111000011,148,431,-283
111000012,118,68,50
111000013,23,258,-235
111000014,47,64,-17
111000017,0,12,-12
111000018,11,10,1
111000020,88,455,-367
111000021,0,0,0
111000023,0,0,0
111000025,22,198,-176
111000029,0,0,0
111000030,0,0,0
111000031,1,0,1
111000032,0,0,0
111000033,0,0,0
111000034,0,31,-31
111000037,9,29,-20
111000038,12,29,-17
111000039,1,0,1
111000040,2,2,0
111000041,1,3,-2
111000042,4,6,-2
111000043,0,0,0
111000044,0,0,0
111000045,3,0,3
111000046,1,1,0
111000047,2,0,2
111000049,12,46,-34
111000050,70,160,-90
111000051,37,103,-66
111000052,78,140,-62
111000053,38,50,-12
111000054,44,63,-19
111000055,63,98,-35
111000056,34,45,-11
111000057,12,24,-12
111000058,0,0,0
111000059,0,0,0
111000060,0,0,0
111000061,0,0,0
111000062,0,1,-1
111000063,0,1,-1
111000064,0,1,-1
111000065,1,0,1
111000066,0,0,0
111000067,0,2,-2
111000068,0,5,-5
111000069,4,9,-5
111000070,2,4,-2
111000071,1,3,-2
111000072,0,0,0
111000073,0,0,0
111000074,1,0,1
111000075,1,0,1
111000076,0,0,0
111000077,2,0,2
111000078,61,97,-36
111000079,0,0,0
111000080,2,2,0
111000081,4,5,-1
111000082,2,0,2
111000084,1,1,0
111000085,0,0,0
111000086,0,0,0
111000087,0,0,0
111000088,0,0,0
111000089,0,0,0
111000090,0,0,0
111000091,0,0,0
111000092,0,0,0
111000093,0,0,0
111000094,39,56,-17
111000095,3,71,-68
111000096,14,388,-374
111000097,259,100,159
111000098,21,123,-102
111000099,19,232,-213
111000100,31,192,-161
111000101,8,36,-28
111000102,7,71,-64
111000104,0,0,0
111000107,6,58,-52
111000109,0,0,0
111000110,1,0,1
111000111,1,0,1
111000112,0,1,-1
111000113,0,0,0
111000114,0,0,0
111000115,4,0,4
111000116,0,0,0
111000117,0,0,0
111000118,0,0,0
111000119,0,0,0
111000120,0,0,0
111000121,0,0,0
111000122,0,3,-3
111000123,0,8,-8
111000124,2,11,-9
111000125,0,7,-7
111000126,0,5,-5
111000127,0,0,0
111000128,0,0,0
111000129,0,0,0
111000130,0,0,0
111000131,0,0,0
111000132,0,0,0
111000133,0,0,0
111000134,0,0,0
111000135,0,0,0
111000136,0,0,0
111000138,0,0,0
111000140,0,0,0
111000141,5,12,-7
111000142,0,0,0
111000143,0,0,0
111000144,0,0,0
111000145,1,0,1
111000146,0,0,0
111000147,0,0,0
111000148,0,0,0
111000149,0,0,0
111000150,0,0,0
111000151,2,0,2
111000153,0,1,-1
111000154,0,1,-1
111000155,0,1,-1
111000156,0,0,0
111000157,1,0,1
111000158,0,0,0
111000159,1,0,1
111000160,1,0,1
111000161,0,0,0
111000162,0,0,0
111000163,3,5,-2
111000164,2,16,-14
111000165,2,12,-10
111000166,0,0,0
111000167,1,0,1
111000168,0,0,0
111000169,0,1,-1
111000170,0,0,0
111000171,0,0,0
111000172,0,0,0
111000173,0,0,0
111000174,0,0,0
111000175,0,0,0
111000176,0,0,0
111000177,0,0,0
111000178,0,0,0
111000179,0,0,0
111000180,0,0,0
111000181,0,0,0
111000182,0,0,0
111000183,0,0,0
111000184,0,0,0
111000185,1,2,-1
111000186,0,3,-3
111000187,0,2,-2
111000188,0,6,-6
111000189,0,0,0
111000190,0,1,-1
111000191,0,1,-1
111000192,1,2,-1
111000193,0,1,-1
111000194,0,1,-1
111000195,0,1,-1
111000196,0,0,0
111000197,0,0,0
111000198,0,0,0
111000199,0,0,0
111000200,0,0,0
111000201,0,0,0
111000202,0,0,0
111000203,0,0,0
111000204,0,0,0
111000213,0,0,0
111000214,0,0,0
111000215,0,0,0
111000217,28,68,-40
111000218,19,70,-51
111000219,27,65,-38
111000220,0,2,-2
111000221,0,0,0
111000224,41,49,-8
111000225,0,2,-2
111000226,0,0,0
111000227,0,0,0
111000228,0,0,0
111000229,0,0,0
111000230,0,0,0
111000231,0,0,0
111000232,0,3,-3
111000233,7,11,-4
111000234,0,10,-10
111000239,1,1,0
111000240,0,0,0
111000241,2,8,-6
111000242,0,0,0
111000243,3,15,-12
111000244,0,0,0
111000245,0,0,0
111000246,0,0,0
111000247,1,3,-2
111000248,0,0,0
111000249,2,1,1
111000250,0,0,0
111000251,0,0,0
111000253,0,0,0
111000255,0,0,0
111000257,0,0,0
111000260,6,30,-24
111000261,0,0,0
111000271,0,2,-2
111000273,0,0,0
111000274,1,0,1
111000275,0,0,0
111000276,0,3,-3
111000277,0,0,0
111000278,0,0,0
111000291,0,1,-1
111000298,0,0,0
111000299,0,0,0
111000300,0,1,-1
111000302,0,0,0
111000303,0,0,0
111000312,0,0,0
111000315,5,19,-14
111000320,0,0,0
111000321,0,0,0
111000322,0,0,0
111000323,0,0,0
111000324,0,0,0
111000325,0,0,0
111000326,0,0,0
111000327,0,0,0
111000328,0,1,-1
111000329,0,3,-3
111000330,0,0,0
111000331,0,0,0
111000332,0,2,-2
111000334,1,22,-21
111000335,13,26,-13
111000337,33,68,-35
111000338,0,0,0
111000339,0,0,0
111000340,1,0,1
111000341,9,16,-7
111000342,0,7,-7
111000344,39,30,9
111000345,0,0,0
111000346,0,1,-1
111000347,0,0,0
111000350,0,0,0
111000351,1,0,1
111000352,0,0,0
111000353,0,5,-5
111000354,0,0,0
111000355,1,3,-2
111000358,0,3,-3
111000360,0,4,-4
111000361,0,4,-4
111000546,29,96,-67
111000547,0,0,0
111000548,10,30,-20
111000549,0,0,0
111000550,1,74,-73
111000551,0,0,0
111000552,0,0,0
111000907,2,4,-2
111000908,0,0,0
111000916,39,66,-27
111000917,3,10,-7
111000918,0,5,-5
111000920,0,0,0
111000921,0,11,-11
111000922,16,46,-30
111000924,5,27,-22
111000925,62,194,-132
111000926,148,459,-311
111000927,670,510,160
111000928,620,789,-169
111000929,65,105,-40
111000930,66,536,-470
111000931,162,232,-70
111000932,321,525,-204
111000933,179,145,34
111000934,172,473,-301
111000935,39,97,-58
111000936,79,276,-197
111000937,120,27,93
111000938,83,622,-539
111000939,0,0,0
111000940,0,0,0
111000941,0,0,0
111000943,0,0,0
111000944,0,0,0
111000945,0,8,-8
111001109,0,0,0
111001110,0,1,-1
111001111,0,0,0
111001112,10,1,9
111001113,22,69,-47
111001114,0,0,0
111001115,7,7,0
111001116,125,1,124
111001117,5,73,-68
111001120,0,0,0
111001121,0,0,0
111001122,0,1,-1
111001123,0,0,0
111001124,0,0,0
111001125,0,0,0
111001126,0,0,0
111001127,0,0,0
111001128,14,42,-28
111900001,0,0,0
111900002,0,0,0
111900003,0,0,0
111900004,0,0,0
111900006,0,0,0
111900007,0,0,0
111900008,0,0,0
111900009,0,0,0
111900010,0,0,0
111900012,0,0,0
111900013,0,0,0
111900014,0,0,0
111900015,0,0,0
111900016,0,0,0
111900017,0,0,0
111900018,0,0,0
111900019,0,0,0
111900020,0,0,0
111900021,0,0,0
111900022,0,0,0
111900023,0,0,0
111900024,0,0,0
111900025,0,0,0
111900026,0,0,0
111900027,0,0,0
111900028,0,0,0
111900029,0,0,0
111900030,0,0,0
111900032,0,0,0
111900033,0,0,0
111900034,0,0,0
111900035,0,0,0
111900036,0,0,0
111900038,0,0,0
111900039,0,0,0
111900040,0,0,0
111900042,0,0,0
111900043,0,0,0
111900044,0,0,0
111900046,0,0,0
111900048,0,0,0
111900049,0,0,0
111900050,0,0,0
111900051,0,0,0
111900052,0,0,0
111900053,0,0,0
111900054,0,0,0
111900055,0,0,0
111900056,0,0,0
111900057,0,0,0
111900058,0,0,0
111900059,0,0,0
111900060,0,0,0
111900061,0,0,0
111900062,0,0,0
111900063,0,0,0
111900064,0,0,0
111900065,0,0,0
111900066,0,0,0
111900067,0,0,0
111900068,0,0,0
111900069,0,0,0
111900070,0,0,0
111900071,0,0,0
111900072,0,0,0
111900073,0,0,0
111900074,0,0,0
111900075,0,0,0
111900076,0,0,0
111900077,0,0,0
111900078,0,0,0
111900079,0,0,0
111900080,0,0,0
111900082,0,0,0
111900083,0,0,0
111900084,0,0,0
111900085,0,0,0
111900086,0,0,0
111900087,0,0,0
111900088,0,0,0
111900089,0,0,0
111900090,0,0,0
111900091,0,0,0
111900092,0,0,0
111900093,0,0,0
111900094,0,0,0
111900095,0,0,0
111900096,0,0,0
111900097,0,0,0
111900098,0,0,0
111900099,0,0,0
111900100,0,0,0
111900101,0,0,0
111900102,0,0,0
111900103,0,0,0
111900104,0,0,0
111900105,0,0,0
111900106,0,0,0
111900110,0,0,0
111900111,0,0,0
111900112,0,0,0
111900113,0,0,0
111900118,0,0,0
111900119,0,0,0
111900122,0,0,0
111900123,0,0,0
111900124,0,0,0
111900125,0,0,0
111900126,0,0,0
111900127,0,0,0
111900128,0,0,0
111900129,0,0,0
111900130,0,0,0
111900131,0,0,0
111900132,0,0,0
111900133,0,0,0
111900134,0,0,0
111900135,0,0,0
111900136,0,0,0
111900137,0,0,0
111900138,0,0,0
111900139,0,0,0
111900140,0,0,0
111900141,0,0,0
111900142,0,0,0
111900143,0,0,0
111900144,0,0,0
111900145,0,0,0
111900146,0,0,0
111900147,0,0,0
111900148,0,0,0
111900149,0,0,0
111900150,0,0,0
111900151,0,0,0
111900152,0,0,0
111900153,0,0,0
111900154,0,0,0
111900155,0,0,0
111900156,0,0,0
111900157,0,0,0
111900158,0,0,0
111900159,0,0,0
111900160,0,0,0
111900161,0,0,0
111900162,0,0,0
111900163,0,0,0
111900164,0,0,0
111901113,0,0,0
111901114,0,0,0
111901115,0,0,0
111901116,0,0,0
111901117,0,0,0
111901118,0,0,0
111901119,0,0,0
111901121,0,0,0
111901122,0,0,0
111901123,0,0,0
111901124,0,0,0
111901125,0,0,0
111901127,0,0,0
111901129,0,0,0
111901130,0,0,0
111901131,0,0,0
111901132,0,0,0
111901133,0,0,0
111901134,0,0,0
111901135,0,0,0
111901136,0,0,0
111901138,0,0,0
111901139,0,0,0
111901140,0,0,0
111901141,0,0,0
111901142,0,0,0
111901143,0,0,0
111901144,0,0,0
111901145,0,0,0
111901146,0,0,0
111901147,0,0,0
111901148,0,0,0
111901149,0,0,0
111901150,0,0,0
111901151,0,0,0
111901152,0,0,0
112000001,55,31,24
112000002,70,246,-176
112000003,23,38,-15
112000004,49,186,-137
112000005,96,81,15
112000006,193,254,-61
112000007,41,35,6
112000008,28,98,-70
112000009,74,104,-30
112000010,20,44,-24
112000011,45,109,-64
112000012,73,223,-150
112000013,463,90,373
112000014,22,31,-9
112000015,2,36,-34
112000016,15,27,-12
112000017,1,22,-21
112000024,13,16,-3
112000026,94,290,-196
112000027,0,0,0
112000028,45,73,-28
112000029,0,1,-1
112000030,0,0,0
112000031,0,1,-1
112000032,1,1,0
112000033,0,0,0
112000034,0,0,0
112000035,0,0,0
112000036,1,0,1
112000037,0,0,0
112000038,0,0,0
112000039,0,0,0
112000040,0,0,0
112000041,0,0,0
112000042,0,0,0
112000050,0,0,0
112000051,10,39,-29
112000054,72,108,-36
112000057,0,1,-1
112000058,1,0,1
112000059,0,0,0
112000061,0,0,0
112000062,82,16,66
112000063,0,0,0
112000064,96,120,-24
112000065,1,0,1
112000066,2,1,1
112000067,1,0,1
112000068,0,0,0
112000069,0,0,0
112000070,0,0,0
112000071,1,1,0
112000072,0,0,0
112000073,0,0,0
112000074,0,0,0
112000075,0,0,0
112000076,1,0,1
112000077,0,1,-1
112000078,1,0,1
112000079,0,0,0
112000080,0,2,-2
112000081,0,1,-1
112000082,0,0,0
112000083,0,0,0
112000084,0,0,0
112000085,0,0,0
112000086,0,0,0
112000087,0,0,0
112000088,0,0,0
112000089,0,0,0
112000090,0,0,0
112000091,14,61,-47
112000092,0,1,-1
112000093,34,37,-3
112000094,1,0,1
112000095,22,30,-8
112000096,1,0,1
112000097,0,0,0
112000098,7,19,-12
112000099,0,1,-1
112000100,1,1,0
112000101,7,18,-11
112000102,1,0,1
112000103,4,17,-13
112000105,14,37,-23
112000106,0,0,0
112000107,0,0,0
112000108,0,0,0
112000109,0,0,0
112000110,3,0,3
112000111,0,1,-1
112000112,1,0,1
112000113,3,3,0
112000114,0,1,-1
112000115,0,0,0
112000116,0,0,0
112000117,0,0,0
112000118,0,1,-1
112000119,0,1,-1
112000120,0,0,0
112000121,0,0,0
112000122,0,0,0
112000123,0,0,0
112000124,0,0,0
112000125,0,0,0
112000126,0,1,-1
112000127,0,1,-1
112000128,1,0,1
112000129,1,4,-3
112000130,0,0,0
112000131,0,0,0
112000132,0,0,0
112000133,0,0,0
112000134,0,0,0
112000135,0,0,0
112000136,0,0,0
112000137,0,1,-1
112000138,0,4,-4
112000139,0,0,0
112000140,0,0,0
112000141,0,0,0
112000142,0,0,0
112000143,0,0,0
112000144,0,0,0
112000145,2,0,2
112000146,1,1,0
112000147,0,0,0
112000148,2,0,2
112000149,0,0,0
112000150,0,0,0
112000151,0,0,0
112000152,0,0,0
112000153,0,0,0
112000154,0,0,0
112000155,0,0,0
112000157,184,41,143
112000158,0,0,0
112000159,0,0,0
112000167,0,0,0
112000169,0,0,0
112000173,0,0,0
112000175,0,0,0
112000176,0,0,0
112000177,0,0,0
112000178,0,0,0
112000179,0,0,0
112000180,0,0,0
112000181,18,46,-28
112000182,0,0,0
112000183,0,0,0
112000184,0,0,0
112000185,0,0,0
112000187,17,14,3
112000195,0,0,0
112000196,0,0,0
112000197,0,0,0
112000198,0,3,-3
112000199,0,0,0
112000202,0,0,0
112000216,0,0,0
112000230,0,0,0
112000231,0,0,0
112000256,0,0,0
112000313,0,0,0
112000314,0,0,0
112000337,0,0,0
112000352,0,0,0
112000392,89,39,50
112000398,24,11,13
112000399,2,2,0
112000400,28,237,-209
112000401,100,177,-77
112000402,32,54,-22
112000403,0,3,-3
112000404,13,13,0
112000405,37,47,-10
112000406,103,248,-145
112000407,254,111,143
112000408,291,604,-313
112000409,36,452,-416
112000410,0,0,0
112000411,0,0,0
112000412,0,0,0
112000413,0,0,0
112000414,0,0,0
112000415,0,0,0
112000416,68,30,38
112000417,0,0,0
112000421,0,0,0
112000422,0,0,0
112000424,0,0,0
112000425,2,23,-21
112000426,0,0,0
112000427,0,0,0
112000428,0,0,0
112000429,146,140,6
112000430,103,241,-138
112000431,0,0,0
112000432,6,18,-12
112000433,36,87,-51
112000437,0,0,0
112900001,0,0,0
112900002,0,0,0
112900003,0,0,0
112900004,0,0,0
112900005,0,0,0
112900007,0,0,0
112900008,0,0,0
112900009,0,0,0
112900010,0,0,0
112900011,0,0,0
112900012,0,0,0
112900013,0,0,0
112900014,0,0,0
112900015,0,0,0
112900016,0,0,0
112900017,0,0,0
112900018,0,0,0
112900019,0,0,0
112900020,0,0,0
112900021,0,0,0
112900022,0,0,0
112900023,0,0,0
112900024,0,0,0
112900025,0,0,0
112900026,0,0,0
112900027,0,0,0
112900028,0,0,0
112900029,0,0,0
112900030,0,0,0
112900031,0,0,0
112900032,0,0,0
112900034,0,0,0
112900035,0,0,0
112900036,0,0,0
112900037,0,0,0
112900038,0,0,0
112900039,0,0,0
112900040,0,0,0
112900041,0,0,0
112900042,0,0,0
112900043,0,0,0
112900044,0,0,0
112900045,0,0,0
112900046,0,0,0
112900047,0,0,0
112900049,0,0,0
112900050,0,0,0
112900051,0,0,0
112900052,0,0,0
112900053,0,0,0
112900054,0,0,0
112900055,0,0,0
112900056,0,0,0
112900057,0,0,0
112900058,0,0,0
112900059,0,0,0
112900060,0,0,0
112900061,0,0,0
112900062,0,0,0
112900063,0,0,0
112900064,0,0,0
112900065,0,0,0
112900066,0,0,0
112900067,0,0,0
112900068,0,0,0
112900069,0,0,0
112900071,0,0,0
112900072,0,0,0
112900073,0,0,0
112900074,0,0,0
112900075,0,0,0
112900076,0,0,0
112900078,0,0,0
112900079,0,0,0
112900080,0,0,0
112900081,0,0,0
112900082,0,0,0
112900083,0,0,0
112900084,0,0,0
112900086,0,0,0
112900087,0,0,0
112900088,0,0,0
112900089,0,0,0
112900090,0,0,0
112900091,0,0,0
112900092,0,0,0
112900093,0,0,0
112900095,0,0,0
112900096,0,0,0
112900097,0,0,0
112900098,0,0,0
112900099,0,0,0
112900100,0,0,0
112900101,0,0,0
112900102,0,0,0
112900103,0,0,0
112900104,0,0,0
112900105,0,0,0
112900106,0,0,0
112900107,0,0,0
112900108,0,0,0
112900109,0,0,0
112900110,0,0,0
112900111,0,0,0
112900112,0,0,0
112900113,0,0,0
112900114,0,0,0
112900115,0,0,0
112900116,0,0,0
112900117,0,0,0
112900118,0,0,0
112900119,0,0,0
112900120,0,0,0
112900121,0,0,0
112900122,0,0,0
112900123,0,0,0
112900124,0,0,0
112900125,0,0,0
112900126,0,0,0
112900127,0,0,0
112900128,0,0,0
112900129,0,0,0
112900130,0,0,0
112900131,0,0,0
112900132,0,0,0
112900133,0,0,0
112900134,0,0,0
112900135,0,0,0
112900137,0,0,0
112900138,0,0,0
112900139,0,0,0
112900141,0,0,0
112900142,0,0,0
112900143,0,0,0
112900144,0,0,0
112900145,0,0,0
112900146,0,0,0
112900147,0,0,0
112900148,0,0,0
112900149,0,0,0
112900151,0,0,0
112900152,0,0,0
112900153,0,0,0
112900154,0,0,0
112900155,0,0,0
112900156,0,0,0
112900157,0,0,0
112900158,0,0,0
112900159,0,0,0
112900160,0,0,0
112900161,0,0,0
112900162,0,0,0
112900163,0,0,0
112900164,0,0,0
112900165,0,0,0
112900166,0,0,0
112900167,0,0,0
112900168,0,0,0
112900169,0,0,0
112900170,0,0,0
112900172,0,0,0
112900173,0,0,0
112900174,0,0,0
112900175,0,0,0
112900176,0,0,0
112900177,0,0,0
112900178,0,0,0
112900179,0,0,0
112900180,0,0,0
112900181,0,0,0
112900182,0,0,0
112900183,0,0,0
112900184,0,0,0
112900185,0,0,0
112900186,0,0,0
112900187,0,0,0
112900188,0,0,0
112900189,0,0,0
112900190,0,0,0
112900192,0,0,0
112900193,0,0,0
112900194,0,0,0
112900195,0,0,0
112900196,0,0,0
112900197,0,0,0
112900199,0,0,0
112900200,0,0,0
112900201,0,0,0
112900202,0,0,0
112900203,0,0,0
112900204,0,0,0
112900205,0,0,0
112900206,0,0,0
112900207,0,0,0
112900208,0,0,0
112900209,0,0,0
112900210,0,0,0
112900211,0,0,0
112900212,0,0,0
112900213,0,0,0
112900214,0,0,0
112900215,0,0,0
112900216,0,0,0
112900217,0,0,0
112900218,0,0,0
112900219,0,0,0
112900220,0,0,0
112900221,0,0,0
112900222,0,0,0
112900223,0,0,0
112900224,0,0,0
112900225,0,0,0
112900226,0,0,0
112900227,0,0,0
112900228,0,0,0
112900229,0,0,0
112900230,0,0,0
112900232,0,0,0
112900233,0,0,0
112900234,0,0,0
112900235,0,0,0
112900236,0,0,0
112900237,0,0,0
112900238,0,0,0
112900239,0,0,0
112900240,0,0,0
112900241,0,0,0
112900242,0,0,0
112900243,0,0,0
112900244,0,0,0
112900245,0,0,0
112900246,0,0,0
112900247,0,0,0
112900248,0,0,0
112900249,0,0,0
112900250,0,0,0
112900251,0,0,0
112900252,0,0,0
112900253,0,0,0
112900254,0,0,0
112900255,0,0,0
112900256,0,0,0
112900257,0,0,0
112900258,0,0,0
113000001,206,161,45
113000002,157,113,44
113000003,31,15,16
113000004,3,1,2
113000005,16,8,8
113000006,1,1,0
113000007,11,24,-13
113000008,1,1,0
113000009,15,15,0
113000010,1,0,1
113000011,8,32,-24
113000012,0,0,0
113000013,0,0,0
113000014,27,111,-84
113000015,3,19,-16
113000016,0,0,0
113000017,0,7,-7
113000018,0,0,0
113000019,2,14,-12
113000020,0,0,0
113000021,36,89,-53
113000022,2,91,-89
113000025,1,2,-1
113000026,0,0,0
113000027,0,0,0
113000028,0,2,-2
113000029,1,1,0
113000030,3,3,0
113000031,2,2,0
113000032,0,0,0
113000033,2,1,1
113000034,2,4,-2
113000035,1,1,0
113000036,0,0,0
113000037,0,0,0
113000038,0,0,0
113000039,0,0,0
113000040,0,0,0
113000042,1,0,1
113000051,54,108,-54
113000052,104,43,61
113000053,8,10,-2
113000054,2,48,-46
113000055,6,50,-44
113000056,18,21,-3
113000058,0,0,0
113000059,0,0,0
113000060,0,0,0
113000061,0,0,0
113000062,0,0,0
113000063,0,0,0
113000064,0,0,0
113000065,0,6,-6
113000066,0,0,0
113000067,0,0,0
113000068,0,3,-3
113000069,1,1,0
113000070,0,0,0
113000071,0,1,-1
113000072,0,0,0
113000073,11,33,-22
113000074,0,0,0
113000075,0,0,0
113000076,37,31,6
113000077,0,0,0
113000078,1,0,1
113000079,0,1,-1
113000080,0,0,0
113000081,0,0,0
113000082,1,0,1
113000083,0,0,0
113000084,0,0,0
113000085,0,0,0
113000086,2,0,2
113000087,1,0,1
113000088,3,0,3
113000089,0,1,-1
113000090,0,0,0
113000091,2,1,1
113000094,0,0,0
113000095,8,6,2
113000096,4,7,-3
113000097,0,0,0
113000098,0,0,0
113000099,0,0,0
113000100,0,1,-1
113000101,0,0,0
113000102,0,0,0
113000103,0,0,0
113000104,0,0,0
113000105,0,0,0
113000106,0,0,0
113000107,0,0,0
113000108,0,0,0
113000109,0,0,0
113000110,0,0,0
113000111,0,0,0
113000112,0,0,0
113000113,0,0,0
113000114,0,0,0
113000116,0,0,0
113000117,0,0,0
113000118,0,1,-1
113000119,0,0,0
113000120,0,1,-1
113000121,0,0,0
113000124,0,0,0
113000125,0,0,0
113000127,5,1,4
113000128,0,0,0
113000129,0,1,-1
113000133,6,1,5
113000134,0,0,0
113000135,0,0,0
113000137,0,0,0
113000139,0,0,0
113000140,1,1,0
113000141,1,0,1
113000142,0,2,-2
113000143,0,0,0
113000144,1,0,1
113000145,0,0,0
113000146,0,1,-1
113000147,0,0,0
113000148,0,1,-1
113000149,0,0,0
113000150,1,0,1
113000151,1,0,1
113000152,0,1,-1
113000153,1,2,-1
113000154,0,0,0
113000155,1,0,1
113000156,0,1,-1
113000157,0,2,-2
113000158,0,1,-1
113000159,5,0,5
113000160,2,13,-11
113000161,0,0,0
113000162,0,0,0
113000163,0,0,0
113000164,4,2,2
113000166,0,0,0
113000167,1,5,-4
113000168,0,6,-6
113000169,0,0,0
113000170,0,0,0
113000171,1,8,-7
113000172,0,0,0
113000173,0,0,0
113000174,3,12,-9
113000175,1,0,1
113000176,0,0,0
113000177,1,6,-5
113000178,2,7,-5
113000179,0,0,0
113000180,5,26,-21
113000181,0,58,-58
113000182,0,0,0
113000183,4,45,-41
113000184,1,2,-1
113000189,0,0,0
113000190,0,0,0
113000192,92,20,72
113000193,0,0,0
113000194,40,28,12
113000195,1,0,1
113000196,5,0,5
113000197,0,0,0
113000198,0,5,-5
113000199,0,0,0
113000201,0,0,0
113000202,3,1,2
113000203,0,0,0
113000204,16,26,-10
113000205,0,0,0
113000206,0,0,0
113000207,1,0,1
113000208,0,1,-1
113000209,0,0,0
113000210,0,0,0
113000211,0,0,0
113000212,0,0,0
113000213,0,0,0
113000214,0,0,0
113000234,0,6,-6
113000410,0,0,0
113000411,121,336,-215
113000412,472,287,185
113000413,302,326,-24
113000414,569,317,252
113000415,381,394,-13
113000416,671,311,360
113000417,160,312,-152
113000418,115,105,10
113000419,72,82,-10
113000420,574,151,423
113000421,155,144,11
113000422,761,229,532
113000423,386,300,86
113000424,599,592,7
113000425,0,0,0
113000428,1,4,-3
113000430,2,0,2
113000432,1,0,1
113000433,0,15,-15
113000434,0,0,0
113000435,0,0,0
113000436,0,2,-2
113000437,0,0,0
113000438,0,0,0
113000439,0,5,-5
113000440,0,0,0
113000441,0,0,0
113000442,2,15,-13
113000443,0,0,0
113000444,2,10,-8
113000445,0,0,0
113000446,0,7,-7
113000448,1,12,-11
113000449,0,0,0
113000450,0,2,-2
113000451,6,4,2
113000452,2,0,2
113000453,10,11,-1
113000454,0,0,0
113000455,4,5,-1
113000456,0,0,0
113000468,0,0,0
113000469,0,0,0
113000470,0,0,0
113000471,0,1,-1
113000472,0,3,-3
113000474,0,1,-1
113000475,70,165,-95
113000476,23,137,-114
113000477,119,189,-70
113000478,222,285,-63
113000479,0,0,0
113000484,0,0,0
113000485,0,0,0
113000486,0,0,0
113000487,0,0,0
113000488,0,0,0
113000489,0,0,0
113000490,0,0,0
113000491,0,0,0
113000492,0,0,0
113000493,0,0,0
113000495,0,12,-12
113000496,0,0,0
113000499,0,0,0
113900001,0,0,0
113900002,0,0,0
113900003,0,0,0
113900004,0,0,0
113900005,0,0,0
113900006,0,0,0
113900007,0,0,0
113900008,0,0,0
113900009,0,0,0
113900010,0,0,0
113900011,0,0,0
113900012,0,0,0
113900013,0,0,0
113900014,0,0,0
113900015,0,0,0
113900016,0,0,0
113900017,0,0,0
113900018,0,0,0
113900019,0,0,0
113900020,0,0,0
113900022,0,0,0
113900023,0,0,0
113900024,0,0,0
113900025,0,0,0
113900026,0,0,0
113900027,0,0,0
113900028,0,0,0
113900029,0,0,0
113900030,0,0,0
113900031,0,0,0
113900032,0,0,0
113900033,0,0,0
113900035,0,0,0
113900036,0,0,0
113900037,0,0,0
113900038,0,0,0
113900039,0,0,0
113900040,0,0,0
113900041,0,0,0
113900042,0,0,0
113900043,0,0,0
113900044,0,0,0
113900045,0,0,0
113900046,0,0,0
113900047,0,0,0
113900048,0,0,0
113900049,0,0,0
113900050,0,0,0
113900051,0,0,0
113900052,0,0,0
113900053,0,0,0
113900054,0,0,0
113900055,0,0,0
113900056,0,0,0
113900057,0,0,0
113900058,0,0,0
113900059,0,0,0
113900060,0,0,0
113900061,0,0,0
113900062,0,0,0
113900063,0,0,0
113900064,0,0,0
113900065,0,0,0
113900066,0,0,0
113900067,0,0,0
113900068,0,0,0
113900069,0,0,0
113900070,0,0,0
113900071,0,0,0
113900072,0,0,0
113900073,0,0,0
113900074,0,0,0
113900075,0,0,0
113900076,0,0,0
113900077,0,0,0
113900078,0,0,0
113900079,0,0,0
113900080,0,0,0
113900081,0,0,0
113900082,0,0,0
113900083,0,0,0
113900084,0,0,0
113900085,0,0,0
113900086,0,0,0
113900087,0,0,0
113900088,0,0,0
113900089,0,0,0
113900090,0,0,0
113900091,0,0,0
113900092,0,0,0
113900093,0,0,0
113900094,0,0,0
113900095,0,0,0
113900096,0,0,0
113900097,0,0,0
113900098,0,0,0
113900099,0,0,0
113900100,0,0,0
113900101,0,0,0
113900102,0,0,0
113900103,0,0,0
113900104,0,0,0
113900105,0,0,0
113900106,0,0,0
113900107,0,0,0
113900108,0,0,0
113900109,0,0,0
113900110,0,0,0
113900111,0,0,0
113900112,0,0,0
113900113,0,0,0
113900114,0,0,0
113900115,0,0,0
113900116,0,0,0
113900117,0,0,0
113900118,0,0,0
113900119,0,0,0
113900120,0,0,0
113900121,0,0,0
113900122,0,0,0
113900123,0,0,0
113900124,0,0,0
113900125,0,0,0
113900126,0,0,0
113900127,0,0,0
113900128,0,0,0
113900129,0,0,0
113900130,0,0,0
113900131,0,0,0
113900132,0,0,0
113900133,0,0,0
113900135,0,0,0
113900136,0,0,0
113900137,0,0,0
113900138,0,0,0
113900139,0,0,0
113900140,0,0,0
113900141,0,0,0
113900142,0,0,0
113900143,0,0,0
113900144,0,0,0
113900145,0,0,0
113900146,0,0,0
113900148,0,0,0
113900149,0,0,0
113900150,0,0,0
113900151,0,0,0
113900152,0,0,0
113900153,0,0,0
113900154,0,0,0
113900155,0,0,0
113900156,0,0,0
113900157,0,0,0
113900158,0,0,0
113900159,0,0,0
113900160,0,0,0
113900161,0,0,0
113900162,0,0,0
113900163,0,0,0
113900164,0,0,0
113900165,0,0,0
113900166,0,0,0
113900167,0,0,0
113900168,0,0,0
113900169,0,0,0
113900171,0,0,0
113900172,0,0,0
113900173,0,0,0
113900174,0,0,0
113900175,0,0,0
113900176,0,0,0
113900177,0,0,0
113900178,0,0,0
113900179,0,0,0
113900180,0,0,0
113900181,0,0,0
113900182,0,0,0
113900183,0,0,0
113900184,0,0,0
113900185,0,0,0
113900186,0,0,0
113900187,0,0,0
113900188,0,0,0
113900189,0,0,0
113900190,0,0,0
113900191,0,0,0
113900192,0,0,0
113900193,0,0,0
113900194,0,0,0
113900195,0,0,0
113900196,0,0,0
113900197,0,0,0
113900198,0,0,0
113900199,0,0,0
113900200,0,0,0
113900201,0,0,0
113900202,0,0,0
113900203,0,0,0
113900204,0,0,0
113900205,0,0,0
113900206,0,0,0
113900207,0,0,0
113900208,0,0,0
113900209,0,0,0
113900210,0,0,0
113900211,0,0,0
113900212,0,0,0
113900214,0,0,0
113900215,0,0,0
113900216,0,0,0
113900217,0,0,0
113900218,0,0,0
113900219,0,0,0
113900220,0,0,0
113900221,0,0,0
113900222,0,0,0
113900223,0,0,0
113900224,0,0,0
113900225,0,0,0
113900226,0,0,0
113900227,0,0,0
113900228,0,0,0
113900229,0,0,0
113900230,0,0,0
113900231,0,0,0
113900232,0,0,0
113900233,0,0,0
113900234,0,0,0
113900235,0,0,0
113900236,0,0,0
113900237,0,0,0
113900238,0,0,0
113900239,0,0,0
113900240,0,0,0
113900241,0,0,0
113900242,0,0,0
113900243,0,0,0
113900244,0,0,0
113900245,0,0,0
113900246,0,0,0
113900247,0,0,0
113900248,0,0,0
113900249,0,0,0
113900250,0,0,0
113900251,0,0,0
113900252,0,0,0
113900253,0,0,0
113900254,0,0,0
113900255,0,0,0
113900256,0,0,0
113900257,0,0,0
113900258,0,0,0
113900259,0,0,0
113900260,0,0,0
113900261,0,0,0
113900262,0,0,0
113900263,0,0,0
113900264,0,0,0
113900265,0,0,0
113900266,0,0,0
113900267,0,0,0
113900268,0,0,0
113900269,0,0,0
113900270,0,0,0
113900271,0,0,0
113900273,0,0,0
113900274,0,0,0
113900275,0,0,0
113900276,0,0,0
113900277,0,0,0
113900278,0,0,0
113900279,0,0,0
113900280,0,0,0
113900281,0,0,0
113900282,0,0,0
113900283,0,0,0
113900284,0,0,0
113900285,0,0,0
113900286,0,0,0
113900287,0,0,0
113900288,0,0,0
113900289,0,0,0
113900290,0,0,0
113900291,0,0,0
113900292,0,0,0
113900293,0,0,0
113900294,0,0,0
113900295,0,0,0
113900296,0,0,0
113900297,0,0,0
113900298,0,0,0
113900299,0,0,0
113900300,0,0,0
113900301,0,0,0
113900302,0,0,0
113900303,0,0,0
113900304,0,0,0
113900305,0,0,0
113900306,0,0,0
113900307,0,0,0
113900308,0,0,0
113900309,0,0,0
113900310,0,0,0
113900311,0,0,0
113900312,0,0,0
113900313,0,0,0
113900314,0,0,0
113900315,0,0,0
114000001,35,17,18
114000002,0,0,0
114000003,0,0,0
114000004,0,0,0
114000005,0,0,0
114000006,2,2,0
114000007,0,0,0
114000008,0,0,0
114000009,0,0,0
114000011,106,23,83
114000012,47,29,18
114000013,37,36,1
114000014,0,0,0
114000015,0,0,0
114000016,0,0,0
114000017,0,0,0
114000018,0,0,0
114000026,19,45,-26
114000027,37,48,-11
114000028,64,57,7
114000038,0,0,0
114000039,0,0,0
114000040,0,0,0
114000042,0,0,0
114000043,0,0,0
114000044,0,0,0
114000045,0,0,0
114000046,3,2,1
114000047,0,0,0
114000048,0,0,0
114000049,0,0,0
114000050,1,1,0
114000051,0,1,-1
114000052,0,1,-1
114000053,0,0,0
114000054,0,0,0
114000055,0,0,0
114000056,2,4,-2
114000057,113,14,99
114000058,0,0,0
114000059,0,0,0
114000060,0,5,-5
114000061,0,0,0
114000062,3,0,3
114000063,77,62,15
114000064,193,34,159
114000065,54,48,6
114000066,0,0,0
114000067,0,0,0
114000068,0,0,0
114000069,0,0,0
114000070,114,34,80
114000071,0,0,0
114000072,0,0,0
114000073,0,0,0
114000074,0,0,0
114000075,0,0,0
114000076,0,0,0
114000077,0,0,0
114000078,0,0,0
114000079,0,0,0
114000080,0,0,0
114000081,0,0,0
114000082,1,1,0
114000083,0,0,0
114000084,0,0,0
114000085,0,0,0
114000086,0,0,0
114000087,0,0,0
114000088,0,0,0
114000089,0,0,0
114000090,0,0,0
114000091,0,0,0
114000092,1,0,1
114000093,0,0,0
114000094,2,0,2
114000095,0,0,0
114000096,0,0,0
114000097,0,0,0
114000098,0,0,0
114000099,0,0,0
114000100,0,0,0
114000101,0,0,0
114000102,0,0,0
114000103,0,0,0
114000104,0,0,0
114000105,0,0,0
114000106,0,0,0
114000107,0,0,0
114000108,12,9,3
114000109,1,1,0
114000110,5,22,-17
114000111,0,0,0
114000112,2,30,-28
114000113,0,0,0
114000114,5,22,-17
114000115,2,0,2
114000116,21,20,1
114000117,29,4,25
114000118,54,6,48
114000119,47,2,45
114000120,0,0,0
114000121,0,2,-2
114000122,0,1,-1
114000123,0,0,0
114000124,0,0,0
114000125,2,59,-57
114000126,0,0,0
114000127,0,0,0
114000128,0,0,0
114000130,0,0,0
114000131,0,0,0
114000132,0,1,-1
114000133,0,1,-1
114000134,0,0,0
114000138,0,0,0
114000139,0,0,0
114000144,0,0,0
114000145,0,0,0
114000146,0,0,0
114000147,2,0,2
114000148,0,0,0
114000149,0,0,0
114000150,0,0,0
114000151,31,12,19
114000152,0,0,0
114000153,0,0,0
114000154,0,0,0
114000155,0,0,0
114000156,0,0,0
114000157,0,0,0
114000158,0,0,0
114000159,0,0,0
114000160,0,0,0
114000161,66,44,22
114000162,10,31,-21
114000163,0,0,0
114000165,0,0,0
114000166,0,0,0
114000167,5,13,-8
114000168,0,4,-4
114000169,403,148,255
114000170,115,106,9
114000171,111,192,-81
114000174,0,2,-2
114000176,0,3,-3
114000177,4,10,-6
114000178,0,0,0
114000179,0,0,0
114000180,0,5,-5
114000181,12,100,-88
114000182,216,408,-192
114000183,105,147,-42
114000184,93,225,-132
114000185,37,95,-58
114000189,0,0,0
114000190,0,0,0
114000191,0,0,0
114000192,6,91,-85
114000193,3,93,-90
114000194,0,0,0
114000195,0,0,0
114000196,0,3,-3
114000197,0,4,-4
114000198,0,0,0
114000199,1,1,0
114000200,0,0,0
114000201,0,7,-7
114000202,0,0,0
114000203,0,0,0
114000204,0,0,0
114000205,0,9,-9
114000206,0,8,-8
114000207,18,163,-145
114000208,7,93,-86
114000209,19,176,-157
114000210,13,97,-84
114000211,0,0,0
114000212,0,1,-1
114000213,135,1,134
114000214,0,0,0
114000215,1,3,-2
114000216,137,0,137
114000217,0,0,0
114000218,0,0,0
114000219,45,2,43
114000220,0,56,-56
114000221,27,1,26
114000222,2,52,-50
114000223,0,0,0
114000224,2,7,-5
114000225,16,12,4
114000226,4,26,-22
114000227,0,0,0
114000228,0,0,0
114000229,0,0,0
114000230,0,0,0
114000231,0,2,-2
114000232,0,0,0
114000233,0,0,0
114000234,0,0,0
114000235,0,0,0
114000236,0,149,-149
114000237,0,0,0
114000238,1,0,1
114000239,0,4,-4
114000240,0,1,-1
114000241,8,46,-38
114000242,42,33,9
114000243,2,1,1
114000244,0,0,0
114000245,4,11,-7
114000246,15,6,9
114000247,0,0,0
114000248,0,0,0
114000249,0,0,0
114000250,43,7,36
114000251,6,34,-28
114000252,0,0,0
114000253,0,0,0
114000254,0,0,0
114000255,0,0,0
114000256,0,0,0
114000257,0,123,-123
114000258,14,0,14
114000259,2,20,-18
114000260,0,15,-15
114000261,29,1,28
114000262,0,0,0
114000263,0,0,0
114000264,0,0,0
114000265,0,0,0
114000267,1,140,-139
114000268,0,38,-38
114000270,0,0,0
114000271,29,1,28
114000283,17,1,16
114000285,0,7,-7
114000288,3,13,-10
114000289,0,0,0
114000293,0,1,-1
114000294,0,0,0
114000395,69,1,68
114000396,0,1,-1
114000402,0,0,0
114000403,0,0,0
114000405,0,0,0
114000423,0,0,0
114000424,0,0,0
114000425,0,0,0
114000426,0,0,0
114000427,0,0,0
114000428,0,0,0
114000429,0,0,0
114000432,0,0,0
114000434,0,0,0
114000435,0,0,0
114900001,0,0,0
114900002,0,0,0
114900003,0,0,0
114900004,0,0,0
114900005,0,0,0
114900006,0,0,0
114900007,0,0,0
114900008,0,0,0
114900010,0,0,0
114900011,0,0,0
114900013,0,0,0
114900018,0,0,0
114900020,0,0,0
114900022,0,0,0
114900025,0,0,0
114900026,0,0,0
114900029,0,0,0
114900030,0,0,0
114900031,0,0,0
114900032,0,0,0
114900034,0,0,0
114900035,0,0,0
114900036,0,0,0
114900039,0,0,0
114900040,0,0,0
114900041,0,0,0
114900042,0,0,0
114900044,0,0,0
114900047,0,0,0
114900048,0,0,0
114900049,0,0,0
114900050,0,0,0
114900051,0,0,0
114900052,0,0,0
114900053,0,0,0
114900054,0,0,0
114900057,0,0,0
114900058,0,0,0
114900059,0,0,0
114900063,0,0,0
114900064,0,0,0
114900065,0,0,0
114900067,0,0,0
114900068,0,0,0
114900069,0,0,0
114900070,0,0,0
114900072,0,0,0
114900073,0,0,0
114900074,0,0,0
114900075,0,0,0
114900076,0,0,0
114900080,0,0,0
114900082,0,0,0
114900083,0,0,0
114900090,0,0,0
114900091,0,0,0
114900097,0,0,0
114900098,0,0,0
114900099,0,0,0
115000001,181,518,-337
115000002,299,103,196
115000003,258,418,-160
115000004,222,162,60
115000005,47,224,-177
115000006,35,60,-25
115000007,0,0,0
115000008,0,1,-1
115000009,0,0,0
115000010,3,0,3
115000013,0,2,-2
115000015,1,0,1
115000016,0,3,-3
115000019,0,1,-1
115000020,0,0,0
115000021,3,59,-56
115000022,10,36,-26
115000023,18,5,13
115000024,24,45,-21
115000025,4,7,-3
115000026,0,15,-15
115000027,25,12,13
115000028,8,27,-19
115000029,14,0,14
115000030,6,113,-107
115000031,70,1,69
115000032,0,4,-4
115000033,0,0,0
115000034,3,66,-63
115000035,0,0,0
115000036,0,11,-11
115000037,0,0,0
115000038,0,0,0
115000039,3,14,-11
115000040,0,0,0
115000041,9,19,-10
115000042,0,0,0
115000043,4,61,-57
115000044,63,83,-20
115000045,44,63,-19
115000046,3,2,1
115000047,3,2,1
115000048,25,100,-75
115000049,10,82,-72
115000050,2,0,2
115000051,4,1,3
115000052,79,47,32
115000053,1,2,-1
115000054,24,25,-1
115000055,1,16,-15
115000056,0,1,-1
115000057,0,6,-6
115000058,0,20,-20
115000059,0,8,-8
115000061,0,0,0
115000062,0,0,0
115000063,0,7,-7
115000064,0,0,0
115000065,0,3,-3
115000067,0,0,0
115000069,0,23,-23
115000070,1,23,-22
115000071,0,0,0
115000072,0,0,0
115000073,45,5,40
115000075,0,0,0
115000076,95,97,-2
115000077,28,67,-39
115000078,7,48,-41
115000079,14,80,-66
115000080,21,174,-153
115000081,0,0,0
115000082,44,161,-117
115000083,2,3,-1
115000084,1,0,1
115000085,0,1,-1
115000086,0,2,-2
115000087,0,2,-2
115000088,0,1,-1
115000089,269,146,123
115000090,110,238,-128
115000091,0,42,-42
115000092,0,0,0
115000093,0,0,0
115000094,96,198,-102
115000095,129,350,-221
115000096,0,1,-1
115000097,6,38,-32
115000098,7,89,-82
115000099,0,1,-1
115000100,0,0,0
115000101,12,110,-98
115000102,0,0,0
115000103,2,1,1
115000105,0,0,0
115000106,0,0,0
115000107,4,42,-38
115000108,320,348,-28
115000109,56,269,-213
115000110,33,26,7
115000111,43,139,-96
115000112,19,25,-6
115000113,27,60,-33
115000114,93,49,44
115000116,25,33,-8
115000117,41,47,-6
115000118,8,47,-39
115000119,78,60,18
115000120,5,49,-44
115000121,132,80,52
115000122,90,74,16
115000123,0,0,0
115000124,36,25,11
115000125,0,0,0
115000126,0,0,0
115000127,10,5,5
115000128,1,0,1
115000129,0,1,-1
115000130,0,0,0
115000131,0,1,-1
115000132,1,0,1
115000133,0,0,0
115000134,0,0,0
115000135,0,1,-1
115000136,0,0,0
115000137,0,0,0
115000138,0,1,-1
115000139,0,0,0
115000140,0,0,0
115000141,0,0,0
115000142,0,1,-1
115000143,0,0,0
115000144,0,0,0
115000145,0,1,-1
115000146,0,0,0
115000147,0,2,-2
115000148,0,3,-3
115000149,0,1,-1
115000150,0,1,-1
115000151,0,0,0
115000152,0,0,0
115000153,0,0,0
115000154,0,0,0
115000155,0,0,0
115000156,1,0,1
115000157,0,3,-3
115000158,0,0,0
115000159,1,0,1
115000160,0,0,0
115000161,0,1,-1
115000162,0,0,0
115000163,7,7,0
115000164,6,12,-6
115000165,0,0,0
115000167,0,1,-1
115000168,0,0,0
115000169,9,15,-6
115000170,6,8,-2
115000171,0,0,0
115000172,1,0,1
115000173,0,0,0
115000174,1,0,1
115000175,0,0,0
115000176,0,0,0
115000177,0,0,0
115000178,0,0,0
115000179,0,0,0
115000180,0,1,-1
115000181,0,0,0
115000182,0,0,0
115000183,0,1,-1
115000186,38,15,23
115000187,0,44,-44
115000188,158,21,137
115000189,2,48,-46
115000190,40,9,31
115000191,2,19,-17
115000194,1,0,1
115000195,0,0,0
115000196,0,0,0
115000197,0,0,0
115000198,0,0,0
115000199,0,0,0
115000200,0,0,0
115000201,0,0,0
115000206,0,0,0
115000207,3,34,-31
115000208,6,56,-50
115000209,43,2,41
115000210,0,0,0
115000211,19,11,8
115000212,48,36,12
115000224,0,0,0
115000225,0,0,0
115000229,0,0,0
115000230,0,0,0
115000231,0,46,-46
115000232,0,0,0
115000233,0,0,0
115000234,0,0,0
115000241,0,0,0
115000242,0,0,0
115000243,0,0,0
115000244,0,0,0
115000246,0,0,0
115000247,0,0,0
115000248,0,0,0
115000249,0,0,0
115000250,0,0,0
115000251,0,0,0
115000252,0,0,0
115000253,0,0,0
115000258,0,0,0
115000259,0,0,0
115000261,0,0,0
115000262,0,0,0
115000263,0,0,0
115000264,0,0,0
115000267,0,0,0
115000268,0,0,0
115000269,0,0,0
115000270,0,0,0
115000272,0,0,0
115000273,0,0,0
115000280,1,0,1
115000281,4,8,-4
115000282,3,2,1
115000284,266,44,222
115000296,0,0,0
115000297,0,0,0
115000298,0,2,-2
115000300,0,0,0
115000302,0,0,0
115000303,0,0,0
115000304,0,0,0
115000305,0,4,-4
115000306,0,2,-2
115000307,0,1,-1
115000308,0,0,0
115000310,0,1,-1
115000311,0,0,0
115000313,2,11,-9
115000314,0,0,0
115000315,45,209,-164
115000316,0,0,0
115000317,1,27,-26
115000318,54,6,48
115000319,0,37,-37
115000320,0,15,-15
115000321,70,1,69
115000322,1,27,-26
115000449,0,0,0
115000557,0,0,0
115000558,0,0,0
115000587,1,1,0
115000588,129,351,-222
115000589,300,98,202
115000590,45,139,-94
115000591,46,38,8
115000592,21,156,-135
115000593,37,19,18
115000594,69,174,-105
115000609,0,0,0
115000617,17,8,9
115000624,0,0,0
115000633,2,89,-87
115000634,205,37,168
115000635,23,3,20
115000638,0,0,0
115000641,0,0,0
115000642,0,0,0
115000643,1,55,-54
115000644,3,59,-56
115000646,24,30,-6
115000647,4,27,-23
115000648,5,103,-98
115000893,472,63,409
115000894,1,91,-90
115000895,16,118,-102
115000896,142,19,123
115000897,48,5,43
115000898,78,18,60
115000899,5,61,-56
115000900,10,10,0
115000901,1,36,-35
115000912,27,4,23
115000913,0,0,0
115000915,0,0,0
115000916,0,0,0
115000917,0,0,0
115000918,0,0,0
115000919,0,0,0
115000920,0,0,0
115000921,0,0,0
115000922,62,20,42
115000923,18,88,-70
115000925,0,0,0
115000927,0,0,0
115000933,9,25,-16
115000934,0,0,0
115000935,0,0,0
115000936,0,0,0
115000937,31,8,23
115000938,51,11,40
115000939,98,28,70
115000940,0,0,0
115000941,0,0,0
115000942,0,0,0
115000943,0,0,0
115000944,0,0,0
115900001,0,0,0
115900002,0,0,0
115900003,0,0,0
115900004,0,0,0
115900005,0,0,0
115900006,0,0,0
115900008,0,0,0
115900009,0,0,0
115900010,0,0,0
115900011,0,0,0
115900012,0,0,0
115900013,0,0,0
115900014,0,0,0
115900015,0,0,0
115900016,0,0,0
115900017,0,0,0
115900018,0,0,0
115900019,0,0,0
115900020,0,0,0
115900021,0,0,0
115900022,0,0,0
115900023,0,0,0
115900025,0,0,0
115900026,0,0,0
115900027,0,0,0
115900028,0,0,0
115900029,0,0,0
115900030,0,0,0
115900031,0,0,0
115900032,0,0,0
115900033,0,0,0
115900034,0,0,0
115900035,0,0,0
115900036,0,0,0
115900037,0,0,0
115900038,0,0,0
115900039,0,0,0
115900041,0,0,0
115900042,0,0,0
115900043,0,0,0
115900044,0,0,0
115900046,0,0,0
115900047,0,0,0
115900049,0,0,0
115900051,0,0,0
115900052,0,0,0
115900053,0,0,0
115900054,0,0,0
115900055,0,0,0
115900056,0,0,0
115900057,0,0,0
115900058,0,0,0
115900060,0,0,0
115900061,0,0,0
115900062,0,0,0
115900063,0,0,0
115900064,0,0,0
115900065,0,0,0
115900066,0,0,0
115900067,0,0,0
115900068,0,0,0
115900069,0,0,0
115900070,0,0,0
115900071,0,0,0
115900072,0,0,0
115900073,0,0,0
115900074,0,0,0
115900075,0,0,0
115900076,0,0,0
115900077,0,0,0
115900078,0,0,0
115900079,0,0,0
115900080,0,0,0
115900081,0,0,0
115900082,0,0,0
115900084,0,0,0
115900085,0,0,0
115900086,0,0,0
115900088,0,0,0
115900089,0,0,0
115900090,0,0,0
115900091,0,0,0
115900092,0,0,0
115900093,0,0,0
115900094,0,0,0
115900096,0,0,0
115900097,0,0,0
115900098,0,0,0
115900099,0,0,0
115900100,0,0,0
115900101,0,0,0
115900102,0,0,0
115900103,0,0,0
115900104,0,0,0
115900105,0,0,0
115900106,0,0,0
115900107,0,0,0
115900108,0,0,0
115900109,0,0,0
115900110,0,0,0
115900111,0,0,0
115900112,0,0,0
115900113,0,0,0
115900114,0,0,0
115900115,0,0,0
115900116,0,0,0
115900117,0,0,0
115900118,0,0,0
115900119,0,0,0
115900120,0,0,0
115900121,0,0,0
115900124,0,0,0
115900125,0,0,0
115900126,0,0,0
115900127,0,0,0
115900128,0,0,0
115900129,0,0,0
115900130,0,0,0
115900131,0,0,0
115900132,0,0,0
115900134,0,0,0
115900135,0,0,0
115900137,0,0,0
115900139,0,0,0
115900140,0,0,0
115900141,0,0,0
115900142,0,0,0
115900143,0,0,0
115900144,0,0,0
115900146,0,0,0
115900147,0,0,0
115900148,0,0,0
115900149,0,0,0
115900150,0,0,0
115900151,0,0,0
115900152,0,0,0
115900153,0,0,0
115900154,0,0,0
115900155,0,0,0
115900156,0,0,0
115900157,0,0,0
115900158,0,0,0
115900159,0,0,0
115900160,0,0,0
115900161,0,0,0
115900163,0,0,0
115900164,0,0,0
115900166,0,0,0
115900168,0,0,0
115900171,0,0,0
115900172,0,0,0
115900173,0,0,0
115900174,0,0,0
115900175,0,0,0
115900178,0,0,0
115900179,0,0,0
115900180,0,0,0
115900181,0,0,0
115900182,0,0,0
115900183,0,0,0
115900184,0,0,0
115900187,0,0,0
115900189,0,0,0
115900190,0,0,0
115900191,0,0,0
115900192,0,0,0
115900193,0,0,0
115900194,0,0,0
115900195,0,0,0
115900198,0,0,0
115900199,0,0,0
115900200,0,0,0
115900201,0,0,0
115900202,0,0,0
115900203,0,0,0
115900204,0,0,0
115900205,0,0,0
115900206,0,0,0
115900207,0,0,0
115900208,0,0,0
115900209,0,0,0
115900210,0,0,0
115900211,0,0,0
115900212,0,0,0
115900213,0,0,0
115900214,0,0,0
115900215,0,0,0
115900216,0,0,0
115900217,0,0,0
115900218,0,0,0
115900219,0,0,0
115900220,0,0,0
115900221,0,0,0
115900222,0,0,0
115900223,0,0,0
115900224,0,0,0
115900225,0,0,0
115900226,0,0,0
115900227,0,0,0
115900228,0,0,0
115900229,0,0,0
115900230,0,0,0
115900231,0,0,0
115900232,0,0,0
115900233,0,0,0
115900234,0,0,0
115900235,0,0,0
115900236,0,0,0
115900237,0,0,0
115900238,0,0,0
115900239,0,0,0
115900240,0,0,0
115900241,0,0,0
115900242,0,0,0
115900243,0,0,0
115900244,0,0,0
115900245,0,0,0
115900246,0,0,0
115900247,0,0,0
115900248,0,0,0
115900249,0,0,0
115900250,0,0,0
115900251,0,0,0
115900252,0,0,0
115900253,0,0,0
115900254,0,0,0
115900255,0,0,0
115900256,0,0,0
115900257,0,0,0
115900258,0,0,0
115900259,0,0,0
115900260,0,0,0
115900261,0,0,0
115900262,0,0,0
115900263,0,0,0
115900264,0,0,0
115900265,0,0,0
115900266,0,0,0
115900267,0,0,0
115900268,0,0,0
115900269,0,0,0
115900270,0,0,0
115900271,0,0,0
115900272,0,0,0
115900273,0,0,0
115900274,0,0,0
115900275,0,0,0
115900276,0,0,0
115900277,0,0,0
115900278,0,0,0
115900279,0,0,0
115900280,0,0,0
115900281,0,0,0
115900282,0,0,0
115900283,0,0,0
115900284,0,0,0
116000001,392,204,188
116000002,374,223,151
116000003,40,59,-19
116000004,187,61,126
116000005,10,95,-85
116000006,47,28,19
116000007,42,131,-89
116000008,114,54,60
116000009,18,49,-31
116000010,62,27,35
116000011,14,40,-26
116000012,90,18,72
116000013,269,388,-119
116000014,0,0,0
116000015,0,59,-59
116000016,0,0,0
116000017,2,22,-20
116000018,0,0,0
116000019,34,41,-7
116000020,43,63,-20
116000021,29,73,-44
116000022,29,89,-60
116000023,5,10,-5
116000024,0,0,0
116000025,8,28,-20
116000026,0,2,-2
116000027,12,20,-8
116000028,0,0,0
116000029,1,9,-8
116000030,0,0,0
116000031,1,11,-10
116000032,1,6,-5
116000033,0,1,-1
116000034,0,0,0
116000035,0,25,-25
116000036,1,2,-1
116000037,0,0,0
116000038,0,0,0
116000039,5,3,2
116000040,1,1,0
116000041,0,2,-2
116000042,0,0,0
116000043,0,7,-7
116000044,0,0,0
116000045,0,1,-1
116000046,5,44,-39
116000047,14,32,-18
116000048,7,2,5
116000049,2,11,-9
116000050,2,20,-18
116000051,20,20,0
116000052,7,28,-21
116000053,0,0,0
116000054,7,37,-30
116000055,8,12,-4
116000056,0,1,-1
116000057,12,21,-9
116000058,0,1,-1
116000059,0,3,-3
116000060,0,0,0
116000061,6,3,3
116000062,0,0,0
116000063,0,7,-7
116000066,0,0,0
116000067,0,1,-1
116000068,0,0,0
116000069,2,3,-1
116000078,0,0,0
116000080,3,0,3
116000082,0,0,0
116000083,39,9,30
116000084,1,46,-45
116000085,128,6,122
116000086,2,32,-30
116000087,142,6,136
116000088,42,49,-7
116000089,2,0,2
116000090,0,0,0
116000091,2,3,-1
116000093,9,4,5
116000094,0,43,-43
116000095,15,0,15
116000096,3,38,-35
116000097,38,2,36
116000098,0,98,-98
116000099,90,6,84
116000100,0,0,0
116000101,0,0,0
116000102,0,0,0
116000103,0,0,0
116000104,0,0,0
116000105,0,0,0
116000106,0,0,0
116000107,0,0,0
116000108,0,0,0
116000111,0,0,0
116000113,0,0,0
116000114,0,0,0
116000115,0,0,0
116000116,0,0,0
116000117,0,0,0
116000118,1,0,1
116000119,0,0,0
116000120,1,9,-8
116000121,0,0,0
116000122,57,63,-6
116000123,0,0,0
116000124,13,52,-39
116000125,0,0,0
116000126,13,70,-57
116000127,35,91,-56
116000128,0,0,0
116000129,0,0,0
116000130,0,0,0
116000133,2,10,-8
116000134,14,62,-48
116000135,5,8,-3
116000136,22,38,-16
116000137,1,10,-9
116000138,5,0,5
116000139,17,97,-80
116000140,0,0,0
116000141,0,0,0
116000142,12,169,-157
116000143,166,1,165
116000144,6,92,-86
116000145,137,20,117
116000146,0,0,0
116000147,24,12,12
116000148,0,0,0
116000149,0,0,0
116000151,6,52,-46
116000153,2,0,2
116000155,0,0,0
116000156,0,44,-44
116000157,0,0,0
116000158,0,21,-21
116000159,0,0,0
116000160,0,0,0
116000161,0,0,0
116000162,0,0,0
116000163,0,0,0
116000164,0,0,0
116000177,0,0,0
116000194,0,41,-41
116000195,117,67,50
116000196,0,0,0
116000197,0,0,0
116000198,0,0,0
116000200,7,81,-74
116000201,0,0,0
116000202,0,0,0
116000203,0,0,0
116000204,0,0,0
116000205,0,0,0
116000206,0,0,0
116000207,0,0,0
116000233,0,0,0
116000287,2,27,-25
116000288,0,0,0
116000292,0,0,0
116000296,0,0,0
116000297,0,2,-2
116000304,0,0,0
116000305,0,0,0
116000346,0,0,0
116000352,0,0,0
116000354,0,0,0
116000357,0,0,0
116000358,0,0,0
116000361,0,0,0
116000372,0,16,-16
116000381,0,0,0
116000388,0,0,0
116000389,0,0,0
116000445,2,57,-55
116000446,0,0,0
116000447,2,80,-78
116000448,0,0,0
116000563,0,0,0
116000565,0,0,0
116000568,0,0,0
116000579,0,0,0
116000583,0,0,0
116000584,0,0,0
116000585,0,0,0
116000586,0,0,0
116000587,0,0,0
116000589,0,0,0
116000590,0,0,0
116000591,0,0,0
116000592,0,0,0
116000593,0,0,0
116000594,0,0,0
116000595,0,0,0
116000596,0,0,0
116000597,0,0,0
116000598,0,0,0
116000605,0,0,0
116000606,0,0,0
116000607,0,0,0
116000609,0,0,0
116000611,2,40,-38
116000612,95,29,66
116000613,0,0,0
116000614,15,64,-49
116000615,0,45,-45
116000616,0,0,0
116000617,0,0,0
116000618,0,0,0
116000619,0,0,0
116000620,0,0,0
116000621,0,0,0
116000622,0,1,-1
116000624,0,0,0
116000627,0,0,0
116000628,0,0,0
116000629,0,0,0
116000630,0,0,0
116000631,0,0,0
116000632,0,0,0
116000633,0,0,0
116000634,2,7,-5
116000635,34,61,-27
116000636,165,70,95
116000637,5,5,0
116000638,0,0,0
116000639,0,0,0
116000640,0,0,0
116000641,0,3,-3
116000643,0,2,-2
116000644,2,11,-9
116000645,0,0,0
116900001,0,0,0
116900002,0,0,0
116900003,0,0,0
116900004,0,0,0
116900005,0,0,0
116900006,0,0,0
116900007,0,0,0
116900008,0,0,0
116900009,0,0,0
116900010,0,0,0
116900011,0,0,0
116900012,0,0,0
116900013,0,0,0
116900014,0,0,0
116900015,0,0,0
116900016,0,0,0
116900017,0,0,0
116900018,0,0,0
116900019,0,0,0
116900020,0,0,0
116900023,0,0,0
116900024,0,0,0
116900025,0,0,0
116900026,0,0,0
116900027,0,0,0
116900028,0,0,0
116900029,0,0,0
116900031,0,0,0
116900032,0,0,0
116900033,0,0,0
116900034,0,0,0
116900035,0,0,0
116900036,0,0,0
116900038,0,0,0
116900041,0,0,0
116900042,0,0,0
116900043,0,0,0
116900047,0,0,0
116900049,0,0,0
116900050,0,0,0
116900051,0,0,0
116900052,0,0,0
116900055,0,0,0
116900057,0,0,0
116900058,0,0,0
116900059,0,0,0
116900060,0,0,0
116900062,0,0,0
116900064,0,0,0
116900065,0,0,0
116900067,0,0,0
116900068,0,0,0
116900070,0,0,0
116900072,0,0,0
116900073,0,0,0
116900074,0,0,0
116900076,0,0,0
116900077,0,0,0
116900078,0,0,0
116900079,0,0,0
116900080,0,0,0
116900081,0,0,0
116900082,0,0,0
116900083,0,0,0
116900084,0,0,0
116900085,0,0,0
116900086,0,0,0
116900088,0,0,0
116900090,0,0,0
116900091,0,0,0
116900092,0,0,0
116900093,0,0,0
116900094,0,0,0
116900095,0,0,0
116900096,0,0,0
116900097,0,0,0
116900098,0,0,0
116900099,0,0,0
116900100,0,0,0
116900101,0,0,0
116900103,0,0,0
116900104,0,0,0
116900105,0,0,0
116900106,0,0,0
116900107,0,0,0
116900110,0,0,0
116900111,0,0,0
116900112,0,0,0
116900113,0,0,0
116900116,0,0,0
116900117,0,0,0
116900118,0,0,0
116900120,0,0,0
116900121,0,0,0
116900122,0,0,0
116900123,0,0,0
116900124,0,0,0
116900125,0,0,0
116900126,0,0,0
116900128,0,0,0
116900129,0,0,0
116900130,0,0,0
116900131,0,0,0
116900132,0,0,0
116900133,0,0,0
116900134,0,0,0
116900136,0,0,0
116900137,0,0,0
116900138,0,0,0
116900139,0,0,0
116900140,0,0,0
116900141,0,0,0
116900142,0,0,0
116900143,0,0,0
116900144,0,0,0
116900145,0,0,0
116900147,0,0,0
116900148,0,0,0
116900149,0,0,0
116900150,0,0,0
116900151,0,0,0
116900153,0,0,0
116900154,0,0,0
116900155,0,0,0
116900157,0,0,0
116900158,0,0,0
116900159,0,0,0
116900160,0,0,0
116900161,0,0,0
116900162,0,0,0
116900163,0,0,0
116900164,0,0,0
116900165,0,0,0
116900166,0,0,0
116900167,0,0,0
116900168,0,0,0
116900169,0,0,0
116900170,0,0,0
116900171,0,0,0
116900172,0,0,0
116900173,0,0,0
116900174,1,1,0
116900175,0,0,0
116900178,0,0,0
116900179,0,0,0
116900180,0,0,0
116900182,0,0,0
116900183,0,0,0
116900185,0,0,0
116900186,0,0,0
116900187,0,0,0
116900188,0,0,0
116900189,0,0,0
116900191,0,0,0
116900192,0,0,0
116900194,0,0,0
116900195,0,0,0
116900196,0,0,0
116900197,0,0,0
116900198,0,0,0
116900200,0,0,0
116900201,0,0,0
116900202,0,0,0
116900203,0,0,0
116900204,0,0,0
116900206,0,0,0
116900207,0,0,0
116900208,0,0,0
116900209,0,0,0
116900210,0,0,0
116900211,0,0,0
116900212,0,0,0
116900213,0,0,0
116900214,0,0,0
116900215,0,0,0
116900216,0,0,0
116900218,0,0,0
116900219,0,0,0
116900220,0,0,0
116900221,0,0,0
116900222,0,0,0
116900223,0,0,0
116900226,0,0,0
116900227,0,0,0
116900228,0,0,0
116900230,0,0,0
116900231,0,0,0
116900232,0,0,0
116900233,0,0,0
116900234,0,0,0
116900235,0,2,-2
116900238,0,0,0
116900239,0,0,0
116900240,0,0,0
116900241,0,0,0
116900242,0,0,0
116900243,0,0,0
116900245,0,0,0
116900246,0,1,-1
116900247,0,0,0
116900248,0,0,0
116900249,0,0,0
116900250,0,0,0
116900251,0,0,0
116900252,0,0,0
116900254,0,0,0
116900255,0,0,0
116900256,0,0,0
116900257,0,0,0
116900258,0,0,0
116900259,0,0,0
116900260,0,0,0
116900261,0,0,0
116900262,0,0,0
116900263,0,0,0
116900264,0,0,0
116900265,0,0,0
116900266,0,0,0
116900267,0,0,0
116900268,0,0,0
116900269,0,0,0
116900271,0,0,0
116900272,0,0,0
116900273,0,0,0
116900274,0,0,0
116900275,0,0,0
116900276,0,0,0
116900277,0,0,0
116900278,0,0,0
116900279,0,0,0
116900280,0,0,0
116900281,0,0,0
116900282,0,0,0
116900283,0,0,0
116900284,0,0,0
116900285,0,0,0
116900286,0,0,0
116900287,0,0,0
116900288,0,0,0
116900289,0,0,0
116900290,0,0,0
116900291,0,0,0
116900292,0,0,0
116900293,0,0,0
116900294,0,0,0
116900295,0,0,0
116900296,0,0,0
116900297,0,0,0
116900298,0,0,0
116900299,0,0,0
116900300,0,0,0
116900301,0,0,0
116900302,0,0,0
116900303,0,0,0
116900304,0,0,0
116900305,0,0,0
116900306,0,0,0
116900307,0,0,0
116900308,0,0,0
116900309,0,0,0
116900310,0,0,0
117000001,20,37,-17
117000002,28,138,-110
117000003,167,38,129
117000004,59,180,-121
117000005,50,14,36
117000006,10,164,-154
117000007,59,9,50
117000008,16,171,-155
117000009,1,0,1
117000010,29,86,-57
117000011,0,0,0
117000012,9,73,-64
117000013,1,0,1
117000014,10,17,-7
117000015,0,0,0
117000016,0,0,0
117000017,0,0,0
117000018,0,1,-1
117000019,0,0,0
117000020,0,2,-2
117000021,1,10,-9
117000022,0,0,0
117000023,0,10,-10
117000024,1,16,-15
117000025,0,2,-2
117000026,0,0,0
117000027,7,63,-56
117000028,0,0,0
117000030,0,0,0
117000031,0,0,0
117000032,70,26,44
117000033,83,31,52
117000034,0,0,0
117000035,0,0,0
117000036,0,0,0
117000037,0,0,0
117000038,0,0,0
117000039,0,0,0
117000040,0,0,0
117000041,0,0,0
117000044,0,0,0
117000045,0,0,0
117000046,0,0,0
117000047,0,0,0
117000048,3,2,1
117000049,0,0,0
117000050,0,3,-3
117000051,3,0,3
117000052,0,1,-1
117000053,0,0,0
117000054,41,1,40
117000055,0,32,-32
117000056,26,0,26
117000057,1,20,-19
117000060,0,0,0
117000061,0,0,0
117000062,0,0,0
117000063,0,0,0
117000064,0,0,0
117000066,0,0,0
117000067,0,0,0
117000074,0,0,0
117000076,0,0,0
117000077,0,0,0
117000078,1,47,-46
117000079,0,0,0
117000080,1,111,-110
117000081,0,0,0
117000082,0,31,-31
117000083,0,0,0
117000084,0,0,0
117000085,1,17,-16
117000086,0,0,0
117000087,19,116,-97
117000088,0,0,0
117000089,0,0,0
117000090,11,83,-72
117000091,0,0,0
117000092,13,89,-76
117000093,0,0,0
117000094,13,75,-62
117000095,0,0,0
117000096,21,143,-122
117000097,0,0,0
117000098,47,131,-84
117000099,0,0,0
117000100,0,0,0
117000101,0,0,0
117000102,0,0,0
117000103,54,68,-14
117000104,0,0,0
117000105,38,37,1
117000106,1,0,1
117000107,18,52,-34
117000108,0,0,0
117000109,96,74,22
117000110,0,0,0
117000111,176,68,108
117000112,25,21,4
117000113,0,0,0
117000114,0,0,0
117000115,0,0,0
117000116,0,0,0
117000117,0,0,0
117000118,0,0,0
117000119,0,0,0
117000120,0,0,0
117000121,0,0,0
117000122,0,0,0
117000123,0,0,0
117000124,0,0,0
117000125,0,0,0
117000126,0,0,0
117000127,0,0,0
117000128,0,0,0
117000129,0,0,0
117000130,0,0,0
117000131,0,2,-2
117000132,53,22,31
117000133,0,0,0
117000134,0,3,-3
117000135,0,0,0
117000136,0,0,0
117000137,0,0,0
117000138,0,35,-35
117000140,9,29,-20
117000141,1,0,1
117000181,0,0,0
117000182,0,0,0
117000195,0,0,0
117000196,0,0,0
117000225,0,0,0
117000226,0,0,0
117000276,0,0,0
117000277,0,0,0
117000310,11,22,-11
117000315,0,0,0
117000320,0,0,0
117000906,0,0,0
117000907,0,0,0
117000909,0,0,0
117000910,34,3,31
117000911,2,51,-49
117000915,0,0,0
117000916,0,0,0
117000917,0,0,0
117000918,0,0,0
117000919,0,0,0
117000920,0,25,-25
117000921,0,0,0
117000922,0,0,0
117000924,0,0,0
117000926,1,1,0
117000927,1,1,0
117000928,0,12,-12
117000929,0,1,-1
117000930,0,0,0
117000931,0,0,0
117900002,0,0,0
117900003,0,0,0
117900005,0,0,0
117900006,0,0,0
117900007,0,0,0
117900008,0,0,0
117900010,0,0,0
117900011,0,0,0
117900012,0,0,0
117900013,0,0,0
117900014,0,0,0
117900015,0,0,0
117900016,0,0,0
117900017,0,0,0
117900018,0,0,0
117900019,0,0,0
117900020,0,0,0
117900021,0,0,0
117900023,0,0,0
117900024,0,0,0
117900025,0,0,0
117900026,0,0,0
117900028,0,0,0
117900029,0,0,0
117900031,0,0,0
117900032,0,0,0
117900033,0,0,0
117900034,0,0,0
117900035,0,0,0
117900036,0,0,0
117900037,0,0,0
117900038,0,0,0
117900039,0,0,0
117900040,0,0,0
117900041,0,0,0
117900042,0,0,0
117900043,0,0,0
117900044,0,0,0
117900045,0,0,0
117900048,1,0,1
117900049,0,0,0
117900050,0,0,0
117900051,0,0,0
117900052,0,0,0
117900053,0,2,-2
117900054,0,0,0
117900055,0,0,0
117900056,0,0,0
117900057,0,0,0
117900058,0,0,0
117900059,0,0,0
117900060,0,0,0
117900061,0,0,0
117900063,0,0,0
117900065,0,1,-1
117900066,0,0,0
117900067,0,0,0
117900069,0,0,0
117900070,0,0,0
117900071,0,0,0
117900073,0,0,0
117900074,0,0,0
117900075,0,0,0
117900076,0,0,0
117900077,0,0,0
117900078,0,0,0
117900080,0,0,0
117900081,0,0,0
117900082,0,0,0
117900083,0,0,0
117900086,0,0,0
117900087,0,0,0
117900088,0,0,0
117900089,0,1,-1
117900090,0,0,0
117900091,0,0,0
117900092,0,0,0
117900093,0,0,0
117900094,0,0,0
117900095,0,0,0
117900096,0,0,0
117900097,0,0,0
117900098,0,0,0
117900099,0,0,0
117900100,0,0,0
117900101,0,0,0
117900102,0,0,0
117900103,0,0,0
117900104,0,0,0
117900105,0,0,0
117900106,0,0,0
117900107,0,0,0
117900109,0,0,0
117900110,0,0,0
117900111,0,0,0
117900112,0,0,0
117900113,0,0,0
117900114,0,0,0
117900115,0,0,0
117900116,0,0,0
117900117,0,0,0
117900118,0,0,0
117900119,0,0,0
117900120,0,0,0
117900121,0,0,0
117900122,0,0,0
117900123,0,0,0
117900124,0,0,0
117900125,231,3,228
117900126,0,0,0
117900127,0,0,0
117900128,0,0,0
117900129,0,0,0
117900130,0,0,0
117900131,0,0,0
117900132,0,0,0
117900133,0,0,0
117900134,0,0,0
117900135,0,0,0
117900136,0,0,0
117900137,0,0,0
117900138,0,0,0
117900139,0,0,0
117900140,0,0,0
117900141,0,0,0
117900142,0,0,0
117900144,0,0,0
117900145,0,0,0
117900146,0,0,0
117900147,0,0,0
117900148,0,0,0
117900149,0,0,0
117900150,0,0,0
117900151,0,0,0
117900152,0,0,0
117900153,0,0,0
117900154,0,0,0
117900156,0,0,0
117900157,0,0,0
117900158,0,0,0
117900160,0,0,0
117900161,0,0,0
117900162,0,0,0
117900163,0,0,0
117900165,0,0,0
117900166,0,0,0
117900168,0,0,0
117900169,0,0,0
117900170,0,0,0
117900171,0,0,0
117900172,0,0,0
117900173,0,0,0
117900174,0,0,0
117900175,0,0,0
117900176,0,0,0
117900177,0,0,0
117900178,0,0,0
117900180,0,0,0
117900181,0,0,0
117900182,0,0,0
117900183,0,0,0
117900184,0,0,0
117900185,0,0,0
117900186,0,0,0
117900187,0,0,0
117900188,0,0,0
117900189,0,0,0
117900190,0,0,0
117900191,0,0,0
117900192,0,0,0
117900193,0,0,0
117900194,0,0,0
117900195,0,0,0
117900196,0,0,0
117900207,0,0,0
117900208,0,0,0
117900209,0,0,0
117900210,0,0,0
117900211,0,0,0
117900212,0,0,0
117900213,0,0,0
117900214,0,0,0
117900215,0,0,0
117900216,0,0,0
117900217,0,0,0
117900218,0,0,0
117900219,0,0,0
117900220,0,0,0
117900222,0,0,0
117900223,0,0,0
118000001,53,51,2
118000002,39,94,-55
118000003,85,76,9
118000004,95,82,13
118000005,319,102,217
118000006,160,315,-155
118000007,199,68,131
118000008,52,81,-29
118000009,26,81,-55
118000010,1,4,-3
118000011,3,0,3
118000012,1,0,1
118000013,3,1,2
118000014,1,1,0
118000016,0,0,0
118000017,0,0,0
118000018,0,0,0
118000019,102,3,99
118000020,3,7,-4
118000021,4,6,-2
118000022,1,0,1
118000023,8,1,7
118000024,5,5,0
118000027,442,126,316
118000029,1,1,0
118000032,1,5,-4
118000033,78,112,-34
118000034,191,33,158
118000035,6,226,-220
118000036,3,1,2
118000037,0,3,-3
118000038,0,0,0
118000039,0,0,0
118000040,1,51,-50
118000041,19,8,11
118000045,0,0,0
118000046,0,0,0
118000047,0,0,0
118000048,3,2,1
118000051,0,0,0
118000052,0,1,-1
118000053,0,0,0
118000054,4,0,4
118000055,3,0,3
118000056,0,0,0
118000057,0,0,0
118000058,0,0,0
118000059,0,0,0
118000060,0,1,-1
118000061,0,4,-4
118000062,0,0,0
118000063,0,0,0
118000064,0,0,0
118000065,2,0,2
118000066,0,0,0
118000067,17,54,-37
118000068,1,4,-3
118000069,6,1,5
118000070,7,0,7
118000071,1,5,-4
118000072,2,0,2
118000073,0,0,0
118000074,0,0,0
118000075,0,0,0
118000076,46,29,17
118000077,129,36,93
118000078,61,55,6
118000079,1,7,-6
118000080,48,43,5
118000081,25,42,-17
118000082,0,1,-1
118000083,0,0,0
118000084,1,1,0
118000086,0,0,0
118000087,519,226,293
118000088,3,6,-3
118000089,19,463,-444
118000090,256,24,232
118000091,166,415,-249
118000092,0,0,0
118000093,0,0,0
118000096,0,0,0
118000097,0,0,0
118000098,0,0,0
118000099,0,1,-1
118000101,4,2,2
118000102,0,1,-1
118000107,0,3,-3
118000108,0,0,0
118000110,0,0,0
118000111,0,3,-3
118000112,0,0,0
118000113,0,4,-4
118000114,0,0,0
118000115,0,0,0
118000116,0,0,0
118000117,45,10,35
118000118,17,46,-29
118000119,21,41,-20
118000120,65,27,38
118000121,0,0,0
118000122,0,0,0
118000123,0,0,0
118000125,4,0,4
118000126,0,0,0
118000127,0,0,0
118000128,3,1,2
118000129,55,46,9
118000130,10,110,-100
118000131,47,119,-72
118000132,4,40,-36
118000133,20,43,-23
118000135,0,0,0
118000136,0,0,0
118000137,0,0,0
118000138,0,0,0
118000139,0,0,0
118000140,7,2,5
118000141,0,1,-1
118000142,4,3,1
118000143,1,0,1
118000144,0,1,-1
118000145,9,21,-12
118000146,6,15,-9
118000147,16,30,-14
118000148,3,11,-8
118000149,0,0,0
118000150,0,0,0
118000151,0,0,0
118000153,1,1,0
118000154,0,1,-1
118000155,0,1,-1
118000156,8,17,-9
118000157,0,0,0
118000158,1,0,1
118000159,0,0,0
118000160,0,0,0
118000161,3,10,-7
118000162,2,3,-1
118000163,0,0,0
118000164,2,2,0
118000168,0,0,0
118000169,5,12,-7
118000170,3,1,2
118000171,0,0,0
118000172,0,0,0
118000173,0,0,0
118000175,17,9,8
118000176,5,28,-23
118000177,0,0,0
118000178,0,0,0
118000179,11,74,-63
118000180,15,47,-32
118000181,30,51,-21
118000182,11,53,-42
118000183,21,89,-68
118000184,0,0,0
118000185,53,43,10
118000186,21,118,-97
118000187,2,21,-19
118000188,0,0,0
118000189,0,0,0
118000190,0,0,0
118000191,0,0,0
118000192,0,0,0
118000193,0,0,0
118000194,1,0,1
118000195,1,0,1
118000196,0,0,0
118000197,1,0,1
118000198,0,0,0
118000199,16,14,2
118000200,0,0,0
118000201,0,0,0
118000202,0,0,0
118000203,0,0,0
118000204,3,5,-2
118000205,0,0,0
118000206,0,0,0
118000207,0,0,0
118000208,0,0,0
118000209,10,25,-15
118000210,0,0,0
118000211,0,0,0
118000213,0,0,0
118000214,3,5,-2
118000215,1,6,-5
118000216,0,0,0
118000217,0,0,0
118000218,0,0,0
118000219,0,0,0
118000220,0,0,0
118000221,0,0,0
118000222,0,0,0
118000223,0,0,0
118000224,0,0,0
118000225,0,9,-9
118000226,0,0,0
118000227,0,0,0
118000228,5,3,2
118000229,0,0,0
118000230,0,0,0
118000231,0,0,0
118000232,0,1,-1
118000233,0,0,0
118000234,0,0,0
118000236,0,0,0
118000237,0,0,0
118000238,0,0,0
118000239,0,0,0
118000240,0,0,0
118000241,0,0,0
118000242,0,0,0
118000243,0,0,0
118000244,0,0,0
118000246,0,0,0
118000255,0,0,0
118000256,0,0,0
118000259,0,0,0
118000260,0,0,0
118000261,0,0,0
118000263,0,0,0
118000266,0,0,0
118000267,0,3,-3
118000268,0,0,0
118000270,0,0,0
118000271,0,0,0
118000272,0,0,0
118000273,0,0,0
118000274,0,0,0
118000276,0,0,0
118000295,0,0,0
118000298,14,10,4
118000299,2,5,-3
118000301,0,0,0
118000302,0,0,0
118000311,0,0,0
118000312,0,0,0
118000313,0,0,0
118000314,0,0,0
118000315,0,0,0
118000316,0,0,0
118000325,0,0,0
118000326,0,0,0
118000331,0,0,0
118000332,0,0,0
118000333,0,0,0
118000335,0,0,0
118000336,0,0,0
118000407,0,0,0
118000457,0,0,0
118000465,229,202,27
118000480,0,0,0
118000489,0,0,0
118000490,1,1,0
118000492,0,0,0
118000510,0,0,0
118000514,0,4,-4
118000515,0,0,0
118000517,0,0,0
118000524,260,211,49
118000525,0,1,-1
118000530,0,0,0
118000531,0,0,0
118000532,7,12,-5
118000533,12,18,-6
118000534,7,13,-6
118000535,0,0,0
118000536,0,2,-2
118000537,0,0,0
118000538,0,0,0
118000539,1,0,1
118000540,0,0,0
118000541,0,0,0
118000542,0,0,0
118000543,0,0,0
118000546,0,0,0
118000553,0,3,-3
118000560,0,0,0
118000562,0,0,0
118000563,4,4,0
118000576,0,0,0
118000577,0,0,0
118000578,0,0,0
118000579,0,0,0
118000583,0,0,0
118000595,0,0,0
118000596,0,0,0
118000597,0,0,0
118000598,0,0,0
118000599,0,0,0
118000600,0,0,0
118000601,0,0,0
118000602,0,0,0
118000603,0,1,-1
118000605,0,0,0
118000606,0,0,0
118900001,0,0,0
118900002,0,0,0
118900003,0,0,0
118900004,0,0,0
118900005,0,0,0
118900006,0,0,0
118900007,0,0,0
118900008,0,0,0
118900009,0,0,0
118900010,0,0,0
118900011,0,0,0
118900012,0,0,0
118900013,0,0,0
118900015,0,0,0
118900016,0,0,0
118900017,0,0,0
118900018,0,0,0
118900019,0,0,0
118900020,0,0,0
118900021,0,0,0
118900022,0,0,0
118900023,0,0,0
118900024,0,0,0
118900025,0,0,0
118900026,0,0,0
118900027,0,0,0
118900028,0,0,0
118900029,0,0,0
118900030,0,0,0
118900031,0,0,0
118900032,0,0,0
118900033,0,0,0
118900034,0,0,0
118900035,0,0,0
118900036,0,0,0
118900037,0,0,0
118900038,0,0,0
118900039,0,0,0
118900040,0,0,0
118900041,0,0,0
118900042,0,0,0
118900045,0,0,0
118900046,0,0,0
118900047,0,0,0
118900048,0,0,0
118900049,0,0,0
118900050,0,0,0
118900051,0,0,0
118900052,0,0,0
118900053,0,0,0
118900054,0,0,0
118900055,0,0,0
118900056,0,0,0
118900057,0,0,0
118900058,0,0,0
118900059,0,0,0
118900060,0,0,0
118900062,0,0,0
118900064,0,0,0
118900065,0,0,0
118900066,0,0,0
118900067,0,0,0
118900068,0,0,0
118900069,0,0,0
118900071,0,0,0
118900072,0,0,0
118900073,0,0,0
118900074,0,0,0
118900075,0,0,0
118900076,0,0,0
118900077,0,0,0
118900078,0,0,0
118900079,0,0,0
118900080,0,0,0
118900081,0,0,0
118900082,0,0,0
118900083,0,0,0
118900084,0,0,0
118900085,0,0,0
118900086,0,0,0
118900087,0,0,0
118900088,0,0,0
118900089,0,0,0
118900090,0,0,0
118900091,0,0,0
118900092,0,0,0
118900093,0,0,0
118900096,0,0,0
118900097,0,0,0
118900099,0,0,0
118900100,0,0,0
118900101,0,0,0
118900102,0,0,0
118900103,0,0,0
118900104,0,0,0
118900105,0,0,0
118900107,0,0,0
118900108,0,0,0
118900110,0,0,0
118900111,0,0,0
118900112,0,0,0
118900113,0,0,0
118900114,0,0,0
118900115,0,0,0
118900116,0,0,0
118900117,0,0,0
118900118,0,0,0
118900119,0,0,0
118900120,0,0,0
118900121,0,0,0
118900122,0,0,0
118900123,0,0,0
118900124,0,0,0
118900126,0,0,0
118900129,0,0,0
118900130,0,0,0
118900131,0,0,0
118900132,0,0,0
118900133,0,0,0
118900135,0,0,0
118900136,0,0,0
118900137,0,0,0
118900139,0,0,0
118900140,0,0,0
118900141,0,0,0
118900144,0,0,0
118900145,0,0,0
118900146,0,0,0
118900147,0,0,0
118900148,0,0,0
118900150,0,0,0
118900152,0,0,0
118900157,0,0,0
118900158,0,0,0
118900159,0,0,0
118900161,0,0,0
118900163,0,0,0
118900164,0,0,0
118900165,0,0,0
118900166,0,0,0
118900167,0,0,0
118900168,0,0,0
118900169,0,0,0
118900170,0,0,0
118900171,0,0,0
118900174,0,0,0
118900175,0,0,0
118900176,0,0,0
118900177,0,0,0
118900178,0,0,0
118900179,0,0,0
118900181,0,0,0
118900182,0,0,0
118900183,0,0,0
118900184,0,0,0
118900185,0,0,0
118900186,0,0,0
118900187,0,0,0
118900188,0,0,0
118900189,0,0,0
118900190,0,0,0
118900191,0,0,0
118900192,0,0,0
118900193,0,0,0
118900195,0,0,0
118900196,0,0,0
118900197,0,0,0
118900198,0,0,0
118900199,0,0,0
118900200,0,0,0
118900201,0,0,0
118900202,0,0,0
118900203,0,0,0
118900204,0,0,0
118900205,0,0,0
118900206,0,0,0
119000001,9,12,-3
119000002,0,4,-4
119000003,1,1,0
119000004,1,0,1
119000005,3,3,0
119000006,2,4,-2
119000007,3,5,-2
119000008,2,5,-3
119000009,5,9,-4
119000010,5,17,-12
119000011,108,26,82
119000012,81,139,-58
119000013,50,16,34
119000014,33,179,-146
119000019,0,0,0
119000020,1,1,0
119000021,3,0,3
119000022,2,0,2
119000023,0,0,0
119000024,66,50,16
119000025,5,3,2
119000026,0,0,0
119000027,0,0,0
119000028,0,0,0
119000029,0,0,0
119000030,6,4,2
119000031,1,3,-2
119000032,1,28,-27
119000033,45,12,33
119000034,6,2,4
119000035,0,14,-14
119000036,19,6,13
119000037,2,20,-18
119000038,0,7,-7
119000039,2,3,-1
119000040,8,5,3
119000041,0,1,-1
119000048,834,260,574
119000049,64,122,-58
119000050,3,1,2
119000051,1,1,0
119000052,3,4,-1
119000053,0,1,-1
119000054,30,150,-120
119000055,60,75,-15
119000056,55,49,6
119000057,21,91,-70
119000058,94,100,-6
119000059,0,0,0
119000060,1,2,-1
119000061,1,0,1
119000062,0,1,-1
119000063,0,1,-1
119000064,3,5,-2
119000065,0,2,-2
119000066,1,2,-1
119000067,2,3,-1
119000068,2,0,2
119000069,1,0,1
119000070,1,5,-4
119000071,1,0,1
119000072,5,6,-1
119000073,5,3,2
119000074,0,3,-3
119000075,0,4,-4
119000076,0,0,0
119000077,2,0,2
119000078,1,0,1
119000079,0,0,0
119000080,0,0,0
119000081,0,0,0
119000082,0,1,-1
119000083,0,1,-1
119000084,0,0,0
119000085,0,0,0
119000086,0,0,0
119000087,0,0,0
119000088,0,0,0
119000089,0,0,0
119000090,0,0,0
119000091,0,2,-2
119000092,0,1,-1
119000093,63,80,-17
119000094,78,109,-31
119000095,7,67,-60
119000097,9,23,-14
119000098,27,67,-40
119000099,33,71,-38
119000100,60,57,3
119000101,26,44,-18
119000102,0,0,0
119000103,2,0,2
119000104,1,1,0
119000105,0,0,0
119000106,0,1,-1
119000107,0,0,0
119000108,0,2,-2
119000109,0,0,0
119000110,0,0,0
119000111,0,0,0
119000112,0,0,0
119000113,0,0,0
119000114,0,0,0
119000115,0,0,0
119000116,0,0,0
119000117,0,0,0
119000118,0,0,0
119000123,0,0,0
119000124,0,0,0
119000125,0,1,-1
119000126,0,2,-2
119000127,1,3,-2
119000128,0,0,0
119000131,1,3,-2
119000132,0,0,0
119000133,0,0,0
119000134,47,95,-48
119000135,0,0,0
119000136,0,0,0
119000137,0,0,0
119000138,0,0,0
119000139,0,0,0
119000140,0,0,0
119000284,136,401,-265
119000285,180,213,-33
119000286,263,308,-45
119000287,105,160,-55
119000288,82,100,-18
119000289,96,142,-46
119000290,0,1,-1
119000291,0,1,-1
119000293,1,0,1
119000294,0,0,0
119000295,0,0,0
119000296,0,0,0
119000297,0,0,0
119000302,5,0,5
119000303,0,0,0
119000310,0,0,0
119000314,5,5,0
119000315,0,0,0
119000316,0,0,0
119000317,0,0,0
119000319,1,0,1
119900001,0,0,0
119900002,0,0,0
119900003,0,0,0
119900004,0,0,0
119900005,0,0,0
119900006,0,0,0
119900007,0,0,0
119900008,0,0,0
119900009,0,0,0
119900010,0,0,0
119900011,0,0,0
119900012,0,0,0
119900013,0,0,0
119900014,0,0,0
119900015,0,0,0
119900016,0,0,0
119900017,0,0,0
119900018,0,0,0
119900019,0,0,0
119900020,0,0,0
119900021,0,0,0
119900022,0,0,0
119900023,0,0,0
119900025,0,0,0
119900026,0,0,0
119900027,0,0,0
119900028,0,0,0
119900029,0,0,0
119900030,0,0,0
119900031,0,0,0
119900033,0,0,0
119900034,0,0,0
119900037,0,0,0
119900038,0,0,0
119900039,0,0,0
119900040,0,0,0
119900041,0,0,0
119900042,0,0,0
119900043,0,0,0
119900044,0,0,0
119900046,0,0,0
119900047,0,0,0
119900049,0,0,0
119900050,0,0,0
119900051,0,0,0
119900052,0,0,0
119900053,0,0,0
119900054,0,0,0
119900055,0,0,0
119900057,0,0,0
119900058,0,0,0
119900059,0,0,0
119900060,0,0,0
119900061,0,0,0
119900062,0,0,0
119900063,0,0,0
119900065,0,0,0
119900067,0,0,0
119900068,0,0,0
119900069,0,0,0
119900070,0,0,0
119900071,0,0,0
119900073,0,0,0
119900074,0,0,0
119900075,0,0,0
119900076,0,0,0
119900077,0,0,0
119900078,0,0,0
119900079,0,0,0
119900080,0,0,0
119900081,0,0,0
119900082,0,0,0
119900083,0,0,0
119900084,0,0,0
119900085,0,0,0
119900086,0,0,0
119900087,0,0,0
119900088,0,0,0
119900089,0,0,0
119900090,0,0,0
119900091,0,0,0
119900092,0,0,0
119900093,0,0,0
119900094,0,0,0
119900095,0,0,0
119900096,0,0,0
119900097,0,0,0
119900098,0,0,0
119900099,0,0,0
119900100,0,0,0
119900101,0,0,0
119900102,0,0,0
119900103,0,0,0
119900104,0,0,0
119900105,0,0,0
119900106,0,0,0
119900107,0,0,0
119900108,0,0,0
119900109,0,0,0
119900110,0,0,0
119900111,0,0,0
119900112,0,0,0
119900113,0,0,0
119900114,0,0,0
119900115,0,0,0
119900116,0,0,0
119900117,0,0,0
119900118,0,0,0
119900119,0,0,0
119900120,0,0,0
119900121,0,0,0
119900122,0,0,0
119900123,0,0,0
119900124,0,0,0
119900125,0,0,0
119900126,0,0,0
119900127,0,0,0
119900128,0,0,0
119900129,0,0,0
119900130,0,0,0
119900131,0,0,0
119900132,0,0,0
119900133,0,0,0
119900134,0,0,0
119900135,0,0,0
119900136,0,0,0
119900138,0,0,0
119900139,0,0,0
119900140,0,0,0
119900141,0,0,0
119900142,0,0,0
119900143,0,0,0
119900144,0,0,0
119900145,0,0,0
119900146,0,0,0
119900147,0,0,0
119900148,0,0,0
119900149,0,0,0
119900150,0,0,0
119900151,0,0,0
119900152,0,0,0
119900153,0,0,0
119900154,0,0,0
119900155,0,0,0
119900156,0,0,0
119900157,0,0,0
119900158,0,0,0
119900159,0,0,0
119900160,0,0,0
119900161,0,0,0
119900162,0,0,0
119900163,0,0,0
119900164,0,0,0
119900165,0,0,0
119900166,0,0,0
119900167,0,0,0
119900168,0,0,0
119900169,0,0,0
119900170,0,0,0
119900171,0,0,0
119900172,0,0,0
119900173,0,0,0
119900174,0,0,0
119900175,0,0,0
119900177,0,0,0
119900178,0,0,0
119900179,0,0,0
119900180,0,0,0
119900181,0,0,0
119900182,0,0,0
119900183,0,0,0
119900184,0,0,0
119900185,0,0,0
119900186,0,0,0
119900187,0,0,0
119900188,0,0,0
119900189,0,0,0
119900190,0,0,0
119900191,0,0,0
119900192,0,0,0
119900193,0,0,0
119900194,0,0,0
119900195,0,0,0
119900196,0,0,0
119900197,0,0,0
119900198,0,0,0
119900199,0,0,0
119900200,0,0,0
119900201,0,0,0
119900202,0,0,0
119900203,0,0,0
119900204,0,0,0
119900205,0,0,0
119900206,0,0,0
119900208,0,0,0
119900209,0,0,0
119900210,0,0,0
119900211,0,0,0
119900212,0,0,0
119900213,0,0,0
119900214,0,0,0
119900215,0,0,0
119900216,0,0,0
119900217,0,0,0
119900218,0,0,0
119900219,0,0,0
119900220,0,0,0
119900221,0,0,0
119900222,0,0,0
119900223,0,0,0
119900224,0,0,0
119900225,0,0,0
119900226,0,0,0
119900227,0,0,0
119900228,0,0,0
119900229,0,0,0
119900230,0,0,0
119900231,0,0,0
119900232,0,0,0
119900233,0,0,0
119900234,0,0,0
119900235,0,0,0
119900236,0,0,0
119900237,0,0,0
119900238,0,0,0
119900240,0,0,0
119900241,0,0,0
119900242,0,0,0
119900244,0,0,0
119900245,0,0,0
119900246,0,0,0
119900247,0,0,0
119900248,0,0,0
119900249,0,0,0
119900253,0,0,0
119900254,0,0,0
119900255,0,0,0
119900256,0,0,0
119900257,0,0,0
119900258,0,0,0
119900259,0,0,0
119900260,0,0,0
119900261,0,0,0
119900262,0,0,0
119900263,0,0,0
119900264,0,0,0
119900265,0,0,0
119900266,0,0,0
119900267,0,0,0
119900268,0,0,0
119900269,0,0,0
119900271,0,0,0
119900272,0,0,0
119900275,0,0,0
119900276,0,0,0
119900277,0,0,0
119900278,0,0,0
119900279,0,0,0
119900280,0,0,0
119900281,0,0,0
119900282,0,0,0
119900283,0,0,0
119900284,0,0,0
119900285,0,0,0
119900286,0,0,0
119900288,0,0,0
119900289,0,0,0
119900290,0,0,0
119900291,0,0,0
119900292,0,0,0
119900293,0,0,0
119900294,0,0,0
119900295,0,0,0
119900296,0,0,0
119900297,0,0,0
119900298,0,0,0
119900299,0,0,0
119900300,0,0,0
119900301,0,0,0
119900302,0,0,0
119900303,0,0,0
119900304,0,0,0
119900305,0,0,0
119900306,0,0,0
119900307,0,0,0
119900308,0,0,0
119900309,0,0,0
119900310,0,0,0
119900311,0,0,0
119900312,0,0,0
119900313,0,0,0
119900314,0,0,0
119900315,0,0,0
119900318,0,0,0
119900319,0,0,0
119900320,0,0,0
119900321,0,0,0
120000001,155,116,39
120000002,76,281,-205
120000003,96,228,-132
120000004,78,318,-240
120000005,281,394,-113
120000006,65,174,-109
120000007,91,212,-121
120000008,59,174,-115
120000009,2,6,-4
120000010,17,67,-50
120000011,19,88,-69
120000012,53,187,-134
120000013,16,74,-58
120000014,9,108,-99
120000015,45,199,-154
120000016,147,42,105
120000017,28,31,-3
120000018,215,228,-13
120000019,28,74,-46
120000020,87,164,-77
120000021,88,102,-14
120000022,253,155,98
120000023,36,56,-20
120000024,66,136,-70
120000025,71,136,-65
120000026,29,200,-171
120000027,241,275,-34
120000028,1,1,0
120000029,3,0,3
120000030,0,1,-1
120000031,3,1,2
120000032,10,2,8
120000033,0,2,-2
120000034,1,0,1
120000035,0,1,-1
120000036,0,5,-5
120000037,0,1,-1
120000038,4,3,1
120000039,0,0,0
120000040,0,1,-1
120000041,0,3,-3
120000042,0,2,-2
120000043,2,2,0
120000044,2,0,2
120000045,0,1,-1
120000046,1,1,0
120000047,0,1,-1
120000048,251,190,61
120000049,59,53,6
120000050,39,217,-178
120000051,20,275,-255
120000052,9,2,7
120000053,0,0,0
120000054,0,1,-1
120000055,0,4,-4
120000056,2,13,-11
120000057,0,2,-2
120000058,0,0,0
120000059,4,64,-60
120000061,41,39,2
120000062,1,1,0
120000063,2,5,-3
120000064,0,1,-1
120000065,0,0,0
120000066,0,1,-1
120000067,0,0,0
120000068,0,0,0
120000069,0,3,-3
120000070,0,1,-1
120000071,2,0,2
120000072,0,1,-1
120000073,1,1,0
120000074,0,0,0
120000075,1,1,0
120000076,0,3,-3
120000077,3,0,3
120000078,3,3,0
120000079,0,0,0
120000080,0,0,0
120000081,0,0,0
120000082,0,0,0
120000083,0,0,0
120000084,0,0,0
120000085,0,0,0
120000086,0,0,0
120000087,0,0,0
120000088,0,0,0
120000089,0,0,0
120000090,0,0,0
120000091,0,0,0
120000092,0,0,0
120000093,0,0,0
120000094,0,0,0
120000095,0,0,0
120000096,0,0,0
120000098,0,0,0
120000099,0,0,0
120000100,0,0,0
120000101,0,0,0
120000102,0,0,0
120000103,0,2,-2
120000104,0,0,0
120000105,0,0,0
120000106,2,0,2
120000107,0,0,0
120000108,2,0,2
120000109,0,0,0
120000110,0,3,-3
120000111,0,2,-2
120000112,0,2,-2
120000113,4,3,1
120000114,4,1,3
120000115,0,3,-3
120000116,1,4,-3
120000117,3,4,-1
120000118,0,0,0
120000119,0,0,0
120000120,0,0,0
120000121,0,0,0
120000122,0,0,0
120000123,0,0,0
120000124,0,0,0
120000125,0,0,0
120000126,0,0,0
120000127,0,0,0
120000128,0,0,0
120000129,0,0,0
120000130,0,0,0
120000131,0,0,0
120000134,0,0,0
120000135,0,0,0
120000137,0,0,0
120000138,0,0,0
120000139,0,0,0
120000140,0,0,0
120000141,0,0,0
120000142,0,0,0
120000143,0,0,0
120000144,0,0,0
120000145,0,0,0
120000146,0,0,0
120000149,0,0,0
120000150,0,0,0
120000151,0,0,0
120000152,0,0,0
120000153,0,0,0
120000154,2,8,-6
120000155,0,0,0
120000156,0,0,0
120000157,0,0,0
120000158,0,4,-4
120000159,108,411,-303
120000160,132,90,42
120000161,16,51,-35
120000162,0,0,0
120000163,0,1,-1
120000164,0,0,0
120000165,0,0,0
120000166,0,0,0
120000167,0,0,0
120000168,0,0,0
120000169,0,0,0
120000170,0,0,0
120000171,0,0,0
120000172,0,0,0
120000173,0,0,0
120000174,0,0,0
120000175,0,0,0
120000176,0,0,0
120000177,0,0,0
120000178,0,0,0
120000179,0,0,0
120000180,0,0,0
120000181,0,0,0
120000182,0,0,0
120000183,0,0,0
120000184,0,0,0
120000186,0,0,0
120000187,0,0,0
120000188,0,0,0
120000190,0,0,0
120000191,0,0,0
120000192,0,0,0
120000193,0,0,0
120000195,0,0,0
120000196,0,0,0
120000197,0,0,0
120000198,0,0,0
120000199,0,0,0
120000200,0,0,0
120000201,0,0,0
120000202,0,0,0
120000203,0,0,0
120000207,0,0,0
120000208,0,0,0
120000209,0,0,0
120000210,0,0,0
120000211,0,0,0
120000212,0,0,0
120000213,0,0,0
120000214,0,0,0
120000215,0,0,0
120000216,0,0,0
120000217,0,0,0
120000218,0,0,0
120000219,0,0,0
120000220,0,0,0
120000225,0,0,0
120000226,0,0,0
120000227,0,0,0
120000228,0,0,0
120000230,0,0,0
120000231,0,0,0
120000233,0,0,0
120000235,0,2,-2
120000236,0,0,0
120000237,0,2,-2
120000238,0,0,0
120000241,7,3,4
120000412,0,0,0
120000413,0,0,0
120000414,0,0,0
120000415,0,0,0
120000416,0,0,0
120000417,0,0,0
120000418,0,0,0
120000419,0,0,0
120000420,0,0,0
120000421,288,412,-124
120000422,0,0,0
120000423,0,0,0
120000424,0,0,0
120000436,0,0,0
120000437,0,0,0
120000438,0,0,0
120000439,0,1,-1
120000443,0,0,0
120000444,0,0,0
120000445,21,24,-3
120000446,0,0,0
120000447,0,0,0
120000449,0,0,0
120000450,0,0,0
120000451,0,0,0
120000452,0,0,0
120000453,0,0,0
120000454,0,0,0
120000455,0,0,0
120000456,0,3,-3
120000457,1,0,1
120000458,0,0,0
120000459,0,0,0
120000665,1,0,1
120000668,0,0,0
120000669,0,0,0
120000670,0,1,-1
120000671,13,12,1
120000672,13,34,-21
120900001,0,0,0
120900002,0,0,0
120900003,0,0,0
120900004,0,0,0
120900005,0,0,0
120900006,0,0,0
120900007,0,0,0
120900008,0,0,0
120900009,0,0,0
120900010,0,0,0
120900011,0,0,0
120900012,0,0,0
120900013,0,0,0
120900014,0,0,0
120900015,0,0,0
120900016,0,0,0
120900017,0,0,0
120900018,0,0,0
120900019,0,0,0
120900020,0,0,0
120900021,0,0,0
120900022,0,0,0
120900023,0,0,0
120900024,0,0,0
120900025,0,0,0
120900026,0,0,0
120900027,0,0,0
120900028,0,0,0
120900029,0,0,0
120900030,0,0,0
120900031,0,0,0
120900032,0,0,0
120900033,0,0,0
120900034,0,0,0
120900035,0,0,0
120900037,0,0,0
120900038,0,0,0
120900039,0,0,0
120900040,0,0,0
120900041,0,0,0
120900042,0,0,0
120900043,0,0,0
120900044,0,0,0
120900045,0,0,0
120900046,0,0,0
120900047,0,0,0
120900048,0,0,0
120900049,0,0,0
120900050,0,0,0
120900051,0,0,0
120900052,0,0,0
120900053,0,0,0
120900054,0,0,0
120900055,0,0,0
120900056,0,0,0
120900057,0,0,0
120900058,0,0,0
120900059,0,0,0
120900060,0,0,0
120900061,0,0,0
120900062,0,0,0
120900063,0,0,0
120900064,0,0,0
120900065,0,0,0
120900066,0,0,0
120900067,0,0,0
120900068,0,0,0
120900069,0,0,0
120900071,0,0,0
120900072,0,0,0
120900073,0,0,0
120900074,0,0,0
120900076,0,0,0
120900077,0,0,0
120900078,0,0,0
120900079,0,0,0
120900080,0,0,0
120900081,0,0,0
120900082,0,0,0
120900083,0,0,0
120900084,0,0,0
120900085,0,0,0
120900086,0,0,0
120900087,0,0,0
120900088,0,0,0
120900089,0,0,0
120900090,0,0,0
120900091,0,0,0
120900092,0,0,0
120900093,0,0,0
120900094,0,0,0
120900095,0,0,0
120900096,0,0,0
120900097,0,0,0
120900098,0,0,0
120900099,0,0,0
120900100,0,0,0
120900101,0,0,0
120900102,0,0,0
120900103,0,0,0
120900104,0,0,0
120900105,0,0,0
120900106,0,0,0
120900107,0,0,0
120900108,0,0,0
120900109,0,0,0
120900110,0,0,0
120900111,0,0,0
120900112,0,0,0
120900113,0,0,0
120900114,0,0,0
120900115,0,0,0
120900116,0,0,0
120900117,0,0,0
120900118,0,0,0
120900119,0,0,0
120900120,0,0,0
120900121,0,0,0
120900122,0,0,0
120900123,0,0,0
120900124,0,0,0
120900125,0,0,0
120900126,0,0,0
120900127,0,0,0
120900128,0,0,0
120900129,0,0,0
120900130,0,0,0
120900131,0,0,0
120900132,0,0,0
120900133,0,0,0
120900134,0,0,0
120900135,0,0,0
120900136,0,0,0
120900137,0,0,0
120900138,0,0,0
120900139,0,0,0
120900140,0,0,0
120900141,0,0,0
120900142,0,0,0
120900143,0,0,0
120900144,0,0,0
120900145,0,0,0
120900146,0,0,0
120900147,0,0,0
120900148,0,0,0
120900149,0,0,0
120900150,0,0,0
120900151,0,0,0
120900152,0,0,0
120900153,0,0,0
120900154,0,0,0
120900155,0,0,0
120900156,0,0,0
120900157,0,0,0
120900158,0,0,0
120900159,0,0,0
120900160,0,0,0
120900161,0,0,0
120900162,0,0,0
120900163,0,0,0
120900164,0,0,0
120900165,0,0,0
120900166,0,0,0
120900167,0,0,0
120900169,0,0,0
120900170,0,0,0
120900171,0,0,0
120900172,0,0,0
120900173,0,0,0
120900174,0,0,0
120900175,0,0,0
120900176,0,0,0
120900177,0,0,0
120900178,0,0,0
120900179,0,0,0
120900180,0,0,0
120900181,0,0,0
120900182,0,0,0
120900183,0,0,0
120900184,0,0,0
120900185,0,0,0
120900186,0,0,0
120900187,0,0,0
120900188,0,0,0
120900189,0,0,0
120900190,0,0,0
120900191,0,0,0
120900192,0,0,0
120900194,0,0,0
120900195,0,0,0
120900196,0,0,0
120900197,0,0,0
120900198,0,0,0
120900199,0,0,0
120900200,0,0,0
120900201,0,0,0
120900202,0,0,0
120900203,0,0,0
120900204,0,0,0
120900205,0,0,0
120900206,0,0,0
120900207,0,0,0
121000001,72,95,-23
121000002,13,1,12
121000003,308,246,62
121000004,22,1,21
121000005,232,307,-75
121000006,195,133,62
121000007,267,406,-139
121000008,196,180,16
121000009,642,559,83
121000010,535,248,287
121000011,1718,514,1204
121000012,977,392,585
121000013,840,797,43
121000014,779,499,280
121000015,553,1122,-569
121000016,888,588,300
121000017,1,2,-1
121000018,81,41,40
121000019,463,38,425
121000020,391,252,139
121000021,89,38,51
121000022,114,100,14
121000023,100,40,60
121000024,128,136,-8
121000025,73,54,19
121000026,92,64,28
121000027,279,56,223
121000028,60,32,28
121000029,0,0,0
121000030,0,0,0
121000031,0,0,0
121000032,0,0,0
121000034,0,0,0
121000035,0,5,-5
121000036,0,0,0
121000037,0,0,0
121000038,84,104,-20
121000039,0,0,0
121000041,0,0,0
121000042,0,0,0
121000043,0,0,0
121000044,0,0,0
121000045,0,0,0
121000046,0,0,0
121000047,0,0,0
121000049,1,3,-2
121000050,1,10,-9
121000051,0,0,0
121000052,1,1,0
121000053,0,0,0
121000054,0,19,-19
121000055,0,0,0
121000056,0,0,0
121000057,0,1,-1
121000058,0,0,0
121000059,0,0,0
121000060,12,21,-9
121000061,0,0,0
121000062,0,0,0
121000063,17,51,-34
121000064,4,7,-3
121000065,0,0,0
121000066,1,0,1
121000067,0,0,0
121000068,0,1,-1
121000069,0,0,0
121000070,35,31,4
121000071,44,36,8
121000072,42,32,10
121000073,30,36,-6
121000074,1,0,1
121000075,1,2,-1
121000076,0,0,0
121000077,0,0,0
121000078,1,12,-11
121000080,129,59,70
121000081,95,113,-18
121000082,41,63,-22
121000083,0,0,0
121000084,0,0,0
121000085,139,63,76
121000086,0,1,-1
121000087,0,0,0
121000088,2,2,0
121000089,0,2,-2
121000090,1,4,-3
121000091,732,77,655
121000092,48,9,39
121000093,13,17,-4
121000094,122,39,83
121000095,0,0,0
121000096,103,74,29
121000097,31,60,-29
121000098,14,25,-11
121000099,20,24,-4
121000100,1,9,-8
121000101,0,0,0
121000102,0,1,-1
121000103,0,0,0
121000104,0,0,0
121000105,1,1,0
121000106,0,0,0
121000107,2,5,-3
121000109,6,4,2
121000110,0,1,-1
121000114,84,211,-127
121000115,14,37,-23
121000116,18,35,-17
121000117,3,0,3
121000118,0,0,0
121000119,0,0,0
121000120,0,1,-1
121000121,0,0,0
121000123,0,0,0
121000127,0,0,0
121000128,5,13,-8
121000129,2,6,-4
121000130,28,18,10
121000131,2,16,-14
121000132,29,14,15
121000135,0,0,0
121000136,0,0,0
121000137,0,0,0
121000138,0,0,0
121000139,23,32,-9
121000141,0,0,0
121000142,0,0,0
121000143,0,0,0
121000144,3,3,0
121000145,0,0,0
121000146,0,0,0
121000147,1,0,1
121000148,1,0,1
121000149,46,52,-6
121000152,27,37,-10
121000153,4,1,3
121000154,6,1,5
121000155,1,4,-3
121000156,2,3,-1
121000157,3,2,1
121000158,0,3,-3
121000159,0,0,0
121000160,1,0,1
121000161,0,0,0
121000162,0,0,0
121000165,2,1,1
121000166,0,0,0
121000168,10,27,-17
121000169,20,12,8
121000170,113,48,65
121000171,87,65,22
121000172,45,10,35
121000173,8,4,4
121000174,1,2,-1
121000175,0,2,-2
121000176,1,0,1
121000177,1,3,-2
121000178,0,0,0
121000179,4,20,-16
121000181,22,146,-124
121000182,123,22,101
121000183,12,7,5
121000184,0,5,-5
121000185,0,0,0
121000186,1,2,-1
121000187,0,0,0
121000188,0,0,0
121000192,2,0,2
121000193,1,0,1
121000194,165,228,-63
121000195,0,1,-1
121000196,0,0,0
121000197,5,21,-16
121000198,0,0,0
121000199,9,37,-28
121000200,0,0,0
121000201,0,0,0
121000202,0,0,0
121000203,0,0,0
121000204,0,0,0
121000205,11,88,-77
121000206,0,0,0
121000207,0,0,0
121000208,0,0,0
121000209,16,47,-31
121000210,2,0,2
121000211,6,15,-9
121000212,2,1,1
121000213,2,30,-28
121000214,0,0,0
121000215,50,44,6
121000216,0,0,0
121000217,2,4,-2
121000218,34,167,-133
121000219,0,0,0
121000220,5,6,-1
121000221,6,1,5
121000222,154,273,-119
121000223,0,0,0
121000224,0,0,0
121000225,62,29,33
121000226,0,0,0
121000227,0,0,0
121000228,0,8,-8
121000229,0,2,-2
121000230,2,18,-16
121000231,0,0,0
121000232,0,0,0
121000233,0,0,0
121000234,0,0,0
121000235,0,0,0
121000236,0,0,0
121000237,0,0,0
121000238,0,0,0
121000239,0,0,0
121000240,0,0,0
121000241,0,0,0
121000242,0,0,0
121000243,0,0,0
121000244,0,0,0
121000245,0,0,0
121000246,0,0,0
121000247,0,0,0
121000248,0,0,0
121000249,2,14,-12
121000250,0,1,-1
121000251,3,53,-50
121000252,0,0,0
121000253,38,81,-43
121000254,0,0,0
121000255,3,9,-6
121000256,0,0,0
121000257,5,8,-3
121000258,0,0,0
121000259,3,8,-5
121000260,3,23,-20
121000261,1,0,1
121000262,0,0,0
121000263,13,37,-24
121000271,24,62,-38
121000273,0,0,0
121000274,0,0,0
121000275,0,0,0
121000276,0,0,0
121000278,0,0,0
121000279,0,0,0
121000280,0,0,0
121000289,0,0,0
121000290,1,0,1
121000294,0,0,0
121000297,1,0,1
121000299,0,19,-19
121000300,0,0,0
121000302,0,1,-1
121000303,0,1,-1
121000304,0,0,0
121000305,0,0,0
121000306,0,0,0
121000308,0,0,0
121000309,0,0,0
121000310,0,0,0
121000311,2,0,2
121000312,0,0,0
121000313,0,1,-1
121000314,6,15,-9
121000315,2,0,2
121000530,15,50,-35
121000531,41,23,18
121000532,137,63,74
121000533,85,73,12
121000918,0,0,0
121000919,0,0,0
121000938,0,0,0
121000939,0,0,0
121000956,6,3,3
121000957,3,16,-13
121000958,1,20,-19
121000959,17,90,-73
121000960,48,133,-85
121000961,0,0,0
121000962,0,0,0
121000963,0,0,0
121000973,1,5,-4
121000976,0,0,0
121000979,0,0,0
121000981,0,0,0
121000982,0,0,0
121000983,10,16,-6
121000984,0,0,0
121000985,3,2,1
121000986,0,0,0
121000987,15,152,-137
121000988,3,0,3
121001302,0,2,-2
121001308,0,0,0
121001309,0,0,0
121001311,0,0,0
121001313,0,0,0
121001314,820,715,105
121001315,470,243,227
121001326,0,1,-1
121900001,0,0,0
121900002,0,0,0
121900003,0,0,0
121900004,0,0,0
121900005,0,0,0
121900006,0,0,0
121900007,0,0,0
121900008,0,0,0
121900009,0,0,0
121900010,0,0,0
121900011,0,0,0
121900012,0,0,0
121900013,0,0,0
121900014,0,0,0
121900015,0,0,0
121900016,0,0,0
121900017,0,0,0
121900018,0,0,0
121900019,0,0,0
121900020,0,0,0
121900021,0,0,0
121900022,0,0,0
121900023,0,0,0
121900024,0,0,0
121900025,0,0,0
121900026,0,0,0
121900027,0,0,0
121900028,0,0,0
121900029,0,0,0
121900030,0,0,0
121900031,0,0,0
121900032,0,0,0
121900033,0,0,0
121900034,0,0,0
121900035,0,0,0
121900036,0,0,0
121900037,0,0,0
121900038,0,0,0
121900039,0,0,0
121900040,0,0,0
121900041,0,0,0
121900042,0,0,0
121900043,0,0,0
121900044,0,0,0
121900046,0,0,0
121900047,0,0,0
121900048,0,0,0
121900050,0,0,0
121900051,0,0,0
121900052,0,0,0
121900053,0,0,0
121900054,0,0,0
121900055,0,0,0
121900058,0,0,0
121900059,0,0,0
121900060,0,0,0
121900062,0,0,0
121900063,0,0,0
121900064,0,0,0
121900066,0,0,0
121900067,0,0,0
121900069,0,0,0
121900070,0,0,0
121900071,0,0,0
121900072,0,0,0
121900073,0,0,0
121900074,0,0,0
121900075,0,0,0
121900076,0,0,0
121900078,0,0,0
121900079,0,0,0
121900080,0,0,0
121900082,0,0,0
121900084,0,0,0
121900086,0,0,0
121900087,0,0,0
121900088,0,0,0
121900089,0,0,0
121900090,0,0,0
121900091,0,0,0
121900092,0,0,0
121900093,0,0,0
121900094,0,0,0
121900095,0,0,0
121900096,0,0,0
121900097,0,0,0
121900098,0,0,0
121900099,0,0,0
121900100,0,0,0
121900101,0,0,0
121900102,0,0,0
121900103,0,0,0
121900104,0,0,0
121900105,0,0,0
121900106,0,0,0
121900107,0,0,0
121900108,0,0,0
121900109,0,0,0
121900110,0,0,0
121900111,0,0,0
121900112,0,0,0
121900113,0,0,0
121900114,0,0,0
121900117,0,0,0
121900118,0,0,0
121900119,0,0,0
121900120,0,0,0
121900121,0,0,0
121900122,0,0,0
121900123,0,0,0
121900124,0,0,0
121900125,0,0,0
121900127,0,0,0
121900128,0,0,0
121900129,0,0,0
121900130,0,0,0
121900131,0,0,0
121900132,0,0,0
121900133,0,0,0
121900134,0,0,0
121900135,0,0,0
121900136,0,0,0
121900137,0,0,0
121900138,0,0,0
121900139,0,0,0
121900140,0,0,0
121900141,0,0,0
121900142,0,0,0
121900143,0,0,0
121900144,0,0,0
121900145,0,0,0
121900146,0,0,0
121900147,0,0,0
121900148,0,0,0
121900149,0,0,0
121900150,0,0,0
121900151,0,0,0
121900152,0,0,0
121900153,0,0,0
121900154,0,0,0
121900155,0,0,0
121900156,0,0,0
121900157,0,0,0
121900158,0,0,0
121900159,0,0,0
121900160,0,0,0
121900161,0,0,0
121900162,0,0,0
121900163,0,0,0
121900164,0,0,0
121900165,0,0,0
121900166,0,0,0
121900167,0,0,0
121900168,0,0,0
121900169,0,0,0
121900170,0,0,0
121900171,0,0,0
121900172,0,0,0
121900173,0,0,0
121900174,0,0,0
121900175,0,0,0
121900176,0,0,0
121900177,0,0,0
121900178,0,0,0
121900179,0,0,0
121900180,0,0,0
121900182,0,0,0
121900183,0,0,0
121900184,0,0,0
121900186,0,0,0
121900187,0,0,0
121900188,0,0,0
121900189,0,0,0
121900190,0,0,0
121900191,0,0,0
121900192,0,0,0
121900193,0,0,0
121900194,0,0,0
121900195,0,0,0
121900196,0,0,0
121900197,0,0,0
121900198,0,0,0
121900199,0,0,0
121900200,0,0,0
121900201,0,0,0
121900202,0,0,0
121900203,0,0,0
121900204,0,0,0
121900205,0,0,0
121900206,0,0,0
121900207,0,0,0
121900208,0,0,0
121900209,0,0,0
121900210,0,0,0
121900211,0,0,0
121900212,0,0,0
121900213,0,0,0
121900214,0,0,0
121900215,0,0,0
121900216,0,0,0
121900217,0,0,0
121900218,0,0,0
121900220,0,0,0
121900221,0,0,0
121900222,0,0,0
121900223,0,0,0
121900224,0,0,0
121900225,0,0,0
121900226,0,0,0
121900227,0,0,0
121900228,0,0,0
121900230,0,0,0
121900231,0,0,0
121900232,0,0,0
121900233,0,0,0
121900234,0,0,0
121900235,0,0,0
121900236,0,0,0
121900237,0,0,0
121900238,0,0,0
121900239,0,0,0
121900240,0,0,0
121900241,0,0,0
121900242,0,0,0
121900243,0,0,0
121900244,0,0,0
121900245,0,0,0
121900246,0,0,0
121900248,0,0,0
121900250,0,0,0
121900251,0,0,0
121900252,0,0,0
121900253,0,0,0
121900254,0,0,0
121900255,0,0,0
121900258,0,0,0
121900259,0,0,0
121900260,0,0,0
121900261,0,0,0
121900262,0,0,0
121900263,0,0,0
121900264,0,0,0
121900265,0,0,0
121900266,0,0,0
121900267,0,0,0
121900269,0,0,0
121900270,0,0,0
121900271,0,0,0
121900273,0,0,0
121900274,0,0,0
121900277,0,0,0
121900278,0,0,0
121900279,0,0,0
121900280,0,0,0
121900281,0,0,0
121900284,0,0,0
121900286,0,0,0
121900287,0,0,0
121900288,0,0,0
121900290,0,0,0
121900291,0,0,0
121900292,0,0,0
121900293,0,0,0
121900294,0,0,0
121900295,0,0,0
121900296,0,0,0
121900298,0,0,0
121900299,0,0,0
121900300,0,0,0
121900301,0,0,0
121900302,0,0,0
121900303,0,0,0
121900304,0,0,0
121900305,0,0,0
121900306,0,0,0
121900307,0,0,0
121900308,0,0,0
121900309,0,0,0
121900310,0,0,0
121900311,0,0,0
121900312,0,0,0
121900313,0,0,0
121900314,0,0,0
121900315,0,0,0
121900316,0,0,0
121900317,0,0,0
121900318,0,0,0
121900319,0,0,0
121900320,0,0,0
121900321,0,0,0
121900322,0,0,0
121900323,0,0,0
121900324,0,0,0
121900325,0,0,0
121900326,0,0,0
121900327,0,0,0
121900328,0,0,0
121900329,0,0,0
121900330,0,0,0
121900331,0,0,0
121900332,0,0,0
121900333,0,0,0
121900334,0,0,0
122000001,92,57,35
122000002,12,6,6
122000003,75,50,25
122000004,9,2,7
122000005,0,0,0
122000006,0,0,0
122000007,0,1,-1
122000008,4,2,2
122000009,0,0,0
122000010,3,2,1
122000011,0,1,-1
122000012,1,1,0
122000013,0,0,0
122000014,0,0,0
122000015,0,0,0
122000016,0,1,-1
122000017,0,0,0
122000018,1,0,1
122000019,0,1,-1
122000020,0,0,0
122000021,0,1,-1
122000022,0,0,0
122000023,0,0,0
122000024,0,0,0
122000025,0,0,0
122000026,0,1,-1
122000027,1,13,-12
122000028,0,1,-1
122000029,0,0,0
122000030,0,0,0
122000031,0,0,0
122000032,0,2,-2
122000033,1,0,1
122000034,1,0,1
122000035,0,1,-1
122000036,2,17,-15
122000037,0,0,0
122000038,0,0,0
122000039,0,0,0
122000040,0,0,0
122000041,0,0,0
122000042,0,0,0
122000043,1,0,1
122000044,0,0,0
122000045,1,0,1
122000046,0,0,0
122000047,0,1,-1
122000048,3,5,-2
122000049,65,54,11
122000050,2,0,2
122000051,0,0,0
122000052,0,0,0
122000053,0,0,0
122000054,5,0,5
122000055,43,117,-74
122000056,3,2,1
122000057,175,212,-37
122000058,35,20,15
122000059,4,6,-2
122000060,0,0,0
122000061,0,1,-1
122000062,2,2,0
122000063,0,0,0
122000064,4,6,-2
122000065,185,164,21
122000066,252,249,3
122000067,244,510,-266
122000068,35,58,-23
122000069,52,83,-31
122000070,1,0,1
122000071,0,1,-1
122000072,0,1,-1
122000073,0,1,-1
122000074,0,0,0
122000075,0,0,0
122000076,0,0,0
122000077,1,2,-1
122000078,0,0,0
122000079,40,47,-7
122000080,0,1,-1
122000081,0,0,0
122000082,0,0,0
122000083,0,0,0
122000084,0,1,-1
122000085,18,44,-26
122000086,80,111,-31
122000087,0,0,0
122000088,0,0,0
122000089,95,58,37
122000090,0,0,0
122000091,0,0,0
122000092,0,0,0
122000093,17,280,-263
122000094,193,52,141
122000095,101,98,3
122000096,0,0,0
122000098,299,370,-71
122000099,0,0,0
122000100,0,0,0
122000101,0,0,0
122000102,1,0,1
122000103,2,0,2
122000104,0,0,0
122000105,0,0,0
122000106,0,0,0
122000107,0,0,0
122000108,0,0,0
122000109,0,0,0
122000110,0,0,0
122000111,2,0,2
122000112,0,0,0
122000113,0,1,-1
122000114,436,337,99
122000115,476,180,296
122000116,70,10,60
122000117,0,0,0
122000118,0,0,0
122000119,44,73,-29
122000120,23,100,-77
122000121,101,72,29
122000122,16,61,-45
122000123,94,18,76
122000124,31,10,21
122000125,35,36,-1
122000126,7,30,-23
122000127,52,58,-6
122000128,20,36,-16
122000129,0,0,0
122000130,0,0,0
122000131,0,0,0
122000132,0,0,0
122000133,0,1,-1
122000134,41,25,16
122000135,29,95,-66
122000136,0,0,0
122000137,0,0,0
122000139,2,2,0
122000140,1,0,1
122000141,6,2,4
122000142,0,4,-4
122000143,0,0,0
122000144,0,0,0
122000145,1,0,1
122000146,0,0,0
122000147,0,0,0
122000148,305,346,-41
122000149,0,0,0
122000150,0,0,0
122000151,0,2,-2
122000152,1,0,1
122000153,0,0,0
122000154,0,0,0
122000155,2,0,2
122000156,626,636,-10
122000157,317,499,-182
122000158,0,0,0
122000159,0,0,0
122000160,0,0,0
122000161,0,0,0
122000162,0,0,0
122000163,0,0,0
122000164,0,0,0
122000165,1,0,1
122000166,2,0,2
122000167,0,0,0
122000168,0,0,0
122000169,0,0,0
122000170,0,0,0
122000171,0,0,0
122000172,6,32,-26
122000173,7,68,-61
122000174,498,185,313
122000175,0,0,0
122000176,0,0,0
122000177,299,217,82
122000178,1,1,0
122000179,1,2,-1
122000180,303,232,71
122000181,838,345,493
122000182,6,4,2
122000183,17,4,13
122000184,1564,619,945
122000185,422,263,159
122000186,0,0,0
122000187,0,0,0
122000188,0,0,0
122000189,0,0,0
122000190,0,0,0
122000191,0,0,0
122000192,0,0,0
122000193,0,0,0
122000194,0,0,0
122000195,0,0,0
122000196,0,0,0
122000197,0,0,0
122000198,0,0,0
122000199,0,0,0
122000200,1,0,1
122000201,354,429,-75
122000202,432,311,121
122000203,39,56,-17
122000204,16,57,-41
122000205,16,24,-8
122000206,0,0,0
122000207,0,0,0
122000208,0,1,-1
122000209,0,0,0
122000210,21,82,-61
122000211,19,68,-49
122000212,93,28,65
122000213,109,93,16
122000214,129,88,41
122000215,0,5,-5
122000217,33,67,-34
122000218,0,0,0
122000219,104,150,-46
122000220,26,98,-72
122000221,1,3,-2
122000222,0,0,0
122000223,48,47,1
122000225,80,7,73
122000226,17,97,-80
122000227,6,67,-61
122000228,5,23,-18
122000229,1,30,-29
122000230,0,28,-28
122000231,1,33,-32
122000232,0,19,-19
122000233,0,0,0
122000234,0,0,0
122000235,0,0,0
122000236,0,0,0
122000237,0,0,0
122000238,0,0,0
122000239,0,0,0
122000240,0,0,0
122000241,1,0,1
122000242,0,0,0
122000243,0,0,0
122000244,2,28,-26
122000245,8,19,-11
122000246,0,1,-1
122000247,33,87,-54
122000248,47,159,-112
122000249,0,0,0
122000250,1,0,1
122000251,26,18,8
122000252,0,0,0
122000253,5,20,-15
122000254,0,0,0
122000255,0,0,0
122000256,22,186,-164
122000257,7,25,-18
122000258,28,26,2
122000259,0,21,-21
122000260,0,4,-4
122000261,0,0,0
122000262,0,5,-5
122000263,0,2,-2
122000264,0,0,0
122000265,0,0,0
122000266,0,0,0
122000267,0,0,0
122000268,0,0,0
122000269,0,0,0
122000270,0,0,0
122000271,0,0,0
122000272,0,0,0
122000273,0,0,0
122000274,0,0,0
122000275,0,0,0
122000276,8,18,-10
122000277,43,44,-1
122000278,26,32,-6
122000279,17,44,-27
122000280,41,55,-14
122000281,42,58,-16
122000282,0,0,0
122000283,0,0,0
122000284,0,1,-1
122000285,1,0,1
122000286,0,0,0
122000287,0,0,0
122000288,0,0,0
122000291,82,18,64
122000293,0,1,-1
122000294,0,0,0
122000295,0,0,0
122000296,0,0,0
122000297,112,57,55
122000299,34,8,26
122000300,20,69,-49
122000301,69,99,-30
122000302,0,1,-1
122000303,153,159,-6
122000304,0,1,-1
122000305,0,0,0
122000306,7,125,-118
122000307,33,31,2
122000309,1,9,-8
122000310,1,4,-3
122000311,5,22,-17
122000312,0,0,0
122000313,0,0,0
122000314,0,0,0
122000315,1,0,1
122000316,3,0,3
122000317,0,1,-1
122000318,0,1,-1
122000319,9,11,-2
122000320,2,17,-15
122000321,0,6,-6
122000322,2,1,1
122000323,0,0,0
122000324,0,0,0
122000325,1,0,1
122000326,0,0,0
122000327,0,2,-2
122000328,0,3,-3
122000330,0,0,0
122000333,0,10,-10
122000337,29,171,-142
122000338,46,32,14
122000340,0,0,0
122000342,14,41,-27
122000343,0,78,-78
122000344,0,0,0
122000345,0,0,0
122000346,0,0,0
122000348,22,13,9
122000349,0,50,-50
122000351,0,0,0
122000352,0,0,0
122000353,0,4,-4
122000355,0,0,0
122000356,124,112,12
122000357,0,0,0
122000358,0,0,0
122000359,0,0,0
122000360,0,0,0
122000362,0,0,0
122000364,0,0,0
122000365,0,0,0
122000366,0,0,0
122000368,1,0,1
122000370,0,0,0
122000371,0,0,0
122000372,0,0,0
122000381,0,1,-1
122000382,0,0,0
122000384,20,14,6
122000385,0,0,0
122000386,0,0,0
122000387,0,0,0
122000388,0,1,-1
122000389,1,0,1
122000390,0,0,0
122000391,0,0,0
122000392,0,0,0
122000393,0,0,0
122000394,0,0,0
122000395,0,0,0
122000396,0,0,0
122000397,0,0,0
122000398,0,0,0
122000399,0,0,0
122000400,0,0,0
122000401,0,0,0
122000402,0,0,0
122000403,69,197,-128
122000404,0,0,0
122000408,22,33,-11
122000503,0,0,0
122000524,0,0,0
122000544,0,0,0
122000614,0,0,0
122000616,133,6,127
122000640,0,0,0
122000641,0,0,0
122000642,0,0,0
122000643,0,0,0
122000644,6,3,3
122000645,0,9,-9
122000651,0,1,-1
122000664,0,0,0
122000665,13,12,1
122000666,1,0,1
122000673,37,106,-69
122000674,1,0,1
122000675,79,113,-34
122000686,0,0,0
122000687,7,19,-12
122000688,0,0,0
122000689,21,38,-17
122000690,14,52,-38
122000691,0,0,0
122000692,28,17,11
122000693,0,0,0
122000695,6,47,-41
122000696,0,0,0
122000698,10,60,-50
122000699,0,0,0
122000701,25,27,-2
122000702,0,2,-2
122000703,0,0,0
122000712,1,0,1
122000717,12,2,10
122000718,3,0,3
122000719,0,0,0
122000720,0,0,0
122000724,1,0,1
122900001,0,0,0
122900002,0,0,0
122900003,0,0,0
122900004,0,0,0
122900005,0,0,0
122900006,0,0,0
122900007,0,0,0
122900008,0,0,0
122900009,0,0,0
122900010,0,0,0
122900012,0,0,0
122900014,0,0,0
122900015,0,0,0
122900016,0,0,0
122900017,0,0,0
122900018,0,0,0
122900020,0,0,0
122900021,0,0,0
122900022,0,0,0
122900023,0,0,0
122900024,0,0,0
122900025,0,0,0
122900026,0,0,0
122900027,0,0,0
122900028,0,0,0
122900029,0,0,0
122900030,0,0,0
122900031,0,0,0
122900032,0,0,0
122900033,0,0,0
122900034,0,0,0
122900035,0,0,0
122900036,0,0,0
122900037,0,0,0
122900038,0,0,0
122900039,0,0,0
122900040,0,0,0
122900041,0,0,0
122900042,0,0,0
122900043,0,0,0
122900044,0,0,0
122900045,0,0,0
122900046,0,0,0
122900047,0,0,0
122900048,0,0,0
122900049,0,0,0
122900051,0,0,0
122900052,0,0,0
122900053,0,0,0
122900055,0,0,0
122900057,0,0,0
122900061,0,0,0
122900062,0,0,0
122900063,0,0,0
122900064,0,0,0
122900065,0,0,0
122900066,0,0,0
122900067,0,0,0
122900069,0,0,0
122900070,0,0,0
122900071,0,0,0
122900073,0,0,0
122900074,0,0,0
122900075,0,0,0
122900076,0,0,0
122900077,0,0,0
122900078,0,0,0
122900080,0,0,0
122900081,0,0,0
122900082,0,0,0
122900083,0,0,0
122900084,0,0,0
122900086,0,0,0
122900087,0,0,0
122900088,0,0,0
122900089,0,0,0
122900090,0,0,0
122900091,0,0,0
122900092,0,0,0
122900093,0,0,0
122900094,0,0,0
122900095,0,0,0
122900096,0,0,0
122900097,0,0,0
122900098,0,0,0
122900099,0,0,0
122900100,0,0,0
122900101,0,0,0
122900102,0,0,0
122900103,0,0,0
122900104,0,0,0
122900105,0,0,0
122900106,0,0,0
122900107,0,0,0
122900108,0,0,0
122900109,0,0,0
123000001,82,75,7
123000002,200,229,-29
123000003,208,164,44
123000004,427,792,-365
123000005,99,138,-39
123000006,233,573,-340
123000007,119,114,5
123000008,347,737,-390
123000009,417,153,264
123000010,660,1088,-428
123000011,223,104,119
123000012,252,782,-530
123000013,135,45,90
123000014,341,701,-360
123000015,1044,24,1020
123000016,1069,630,439
123000017,0,0,0
123000018,0,0,0
123000019,0,2,-2
123000020,0,0,0
123000021,0,0,0
123000022,0,0,0
123000023,2,1,1
123000024,0,3,-3
123000025,0,0,0
123000026,0,2,-2
123000027,0,2,-2
123000028,0,0,0
123000029,0,6,-6
123000030,0,16,-16
123000031,0,0,0
123000032,0,0,0
123000033,0,0,0
123000034,0,0,0
123000035,0,0,0
123000036,0,0,0
123000037,7,7,0
123000038,0,0,0
123000039,0,0,0
123000040,9,6,3
123000041,0,2,-2
123000042,13,9,4
123000043,0,0,0
123000044,24,25,-1
123000045,144,108,36
123000046,2,0,2
123000047,3,1,2
123000048,0,0,0
123000049,259,167,92
123000050,51,40,11
123000051,0,0,0
123000052,52,70,-18
123000053,222,57,165
123000054,99,32,67
123000055,30,71,-41
123000056,117,284,-167
123000057,289,524,-235
123000058,0,2,-2
123000059,0,0,0
123000060,1,1,0
123000061,0,0,0
123000063,0,0,0
123000064,2,0,2
123000065,65,131,-66
123000066,8,13,-5
123000067,0,1,-1
123000068,204,456,-252
123000069,696,554,142
123000070,0,0,0
123000071,0,0,0
123000072,13,28,-15
123000073,0,0,0
123000074,29,12,17
123000075,0,0,0
123000076,0,2,-2
123000077,27,51,-24
123000078,0,0,0
123000079,0,0,0
123000080,31,47,-16
123000081,0,1,-1
123000082,0,1,-1
123000083,0,0,0
123000084,0,17,-17
123000085,0,0,0
123000086,0,0,0
123000087,0,0,0
123000088,0,1,-1
123000089,0,0,0
123000090,36,71,-35
123000091,0,0,0
123000092,9,51,-42
123000094,0,0,0
123000095,0,0,0
123000096,0,0,0
123000097,0,0,0
123000098,0,0,0
123000099,0,0,0
123000100,1,0,1
123000101,0,0,0
123000102,0,0,0
123000104,0,0,0
123000105,3,0,3
123000106,0,0,0
123000107,1,7,-6
123000108,1,5,-4
123000111,0,0,0
123000112,0,0,0
123000113,0,2,-2
123000114,1,1,0
123000115,0,0,0
123000116,0,0,0
123000117,0,0,0
123000118,0,0,0
123000119,0,0,0
123000120,0,0,0
123000121,0,0,0
123000122,6,11,-5
123000123,0,0,0
123000124,8,8,0
123000125,0,0,0
123000126,0,0,0
123000127,236,166,70
123000128,3,8,-5
123000129,0,0,0
123000130,0,0,0
123000131,0,0,0
123000132,0,6,-6
123000133,2,16,-14
123000134,0,0,0
123000135,0,0,0
123000136,0,2,-2
123000137,0,0,0
123000138,0,0,0
123000139,0,0,0
123000140,0,8,-8
123000141,0,0,0
123000142,36,51,-15
123000143,28,154,-126
123000144,0,0,0
123000145,0,0,0
123000146,0,0,0
123000147,0,0,0
123000149,0,1,-1
123000150,0,0,0
123000151,9,3,6
123000152,2,19,-17
123000153,0,0,0
123000154,1,0,1
123000155,7,19,-12
123000156,0,0,0
123000157,16,30,-14
123000158,0,0,0
123000159,0,0,0
123000160,0,0,0
123000161,0,0,0
123000162,0,0,0
123000163,0,0,0
123000164,0,0,0
123000165,0,0,0
123000166,0,1,-1
123000167,1,3,-2
123000168,0,0,0
123000169,0,0,0
123000170,0,2,-2
123000171,0,0,0
123000172,3,6,-3
123000173,0,0,0
123000174,1,0,1
123000175,2,7,-5
123000176,0,0,0
123000177,1,7,-6
123000178,0,0,0
123000179,0,0,0
123000180,1,0,1
123000181,1,9,-8
123000182,0,0,0
123000183,0,0,0
123000184,0,0,0
123000185,0,0,0
123000186,0,21,-21
123000187,0,0,0
123000188,0,0,0
123000189,0,0,0
123000190,0,0,0
123000192,0,0,0
123000193,0,0,0
123000194,0,2,-2
123000195,0,0,0
123000196,0,0,0
123000197,0,0,0
123000198,0,0,0
123000199,0,0,0
123000200,0,0,0
123000201,0,0,0
123000202,0,2,-2
123000203,2,0,2
123000204,0,5,-5
123000205,0,3,-3
123000206,0,0,0
123000207,0,0,0
123000208,0,0,0
123000209,0,0,0
123000210,0,1,-1
123000211,0,2,-2
123000212,0,0,0
123000213,0,0,0
123000215,259,4,255
123000216,0,0,0
123000217,0,0,0
123000218,5,21,-16
123000219,0,0,0
123000220,0,0,0
123000221,0,0,0
123000222,0,0,0
123000223,0,0,0
123000224,1,0,1
123000225,0,3,-3
123000226,0,3,-3
123000227,1,5,-4
123000228,0,1,-1
123000229,9,92,-83
123000232,1,26,-25
123000233,0,0,0
123000234,6,17,-11
123000235,0,0,0
123000236,6,22,-16
123000237,0,0,0
123000238,4,11,-7
123000239,5,54,-49
123000240,0,6,-6
123000241,0,0,0
123000242,0,0,0
123000243,31,126,-95
123000244,18,131,-113
123000245,4,57,-53
123000249,1745,174,1571
123000252,0,0,0
123000253,0,0,0
123000254,0,0,0
123000255,0,0,0
123000256,0,1,-1
123000257,0,6,-6
123000258,3,6,-3
123000259,0,1,-1
123000260,0,0,0
123000261,0,0,0
123000262,0,0,0
123000263,0,0,0
123000264,0,0,0
123000265,0,1,-1
123000266,0,0,0
123000267,0,0,0
123000268,0,0,0
123000269,0,0,0
123000270,0,0,0
123000271,0,0,0
123000272,0,1,-1
123000273,0,0,0
123000274,0,0,0
123000275,2,19,-17
123000278,0,0,0
123000279,0,0,0
123000280,0,0,0
123000281,0,0,0
123000282,0,0,0
123000283,0,0,0
123000284,0,0,0
123000286,0,0,0
123000287,0,0,0
123000288,0,1,-1
123000289,1,0,1
123000291,11,16,-5
123000294,0,5,-5
123000295,122,56,66
123000296,18,12,6
123000297,1,0,1
123000298,0,0,0
123000299,0,0,0
123000300,0,0,0
123000301,0,0,0
123000302,0,0,0
123000303,0,0,0
123000305,7,15,-8
123000306,0,9,-9
123000309,0,0,0
123000310,0,0,0
123000311,0,20,-20
123000312,1,0,1
123000313,0,0,0
123000315,0,0,0
123000316,528,15,513
123000317,0,0,0
123000318,0,0,0
123000329,0,0,0
123000337,0,0,0
123000338,0,0,0
123000339,0,29,-29
123000340,0,0,0
123000342,0,2,-2
123000343,0,0,0
123000344,0,5,-5
123000345,1,3,-2
123000346,0,0,0
123000352,3,30,-27
123000353,1,2,-1
123000354,0,0,0
123000355,0,31,-31
123000356,0,0,0
123000357,0,2,-2
123000359,0,1,-1
123000360,0,0,0
123000361,1,11,-10
123000362,0,0,0
123000363,0,2,-2
123000364,0,0,0
123000365,0,3,-3
123000366,0,0,0
123000367,0,0,0
123000370,0,5,-5
123000371,0,0,0
123000372,0,0,0
123000373,0,25,-25
123000374,1,17,-16
123000375,0,0,0
123000376,0,0,0
123000377,0,0,0
123000378,0,14,-14
123000379,0,18,-18
123000380,1,34,-33
123000381,0,0,0
123000382,0,0,0
123000383,5,90,-85
123000384,0,0,0
123000385,1,56,-55
123000436,141,312,-171
123000507,0,0,0
123000508,1,4,-3
123000517,0,0,0
123000518,0,0,0
123000519,0,0,0
123000520,0,0,0
123000521,0,0,0
123000522,0,0,0
123000541,0,0,0
123000542,0,5,-5
123000565,0,0,0
123000566,0,0,0
123000567,0,0,0
123000573,12,122,-110
123000574,0,0,0
123000575,54,117,-63
123000576,8,119,-111
123000577,13,112,-99
123000578,0,0,0
123000579,4,0,4
123000580,0,0,0
123000582,0,0,0
123000583,0,20,-20
123000584,0,0,0
123000585,0,6,-6
123000586,0,0,0
123000596,0,0,0
123000597,0,0,0
123000602,0,0,0
123000603,0,0,0
123000604,21,127,-106
123000605,1212,20,1192
123000606,2,602,-600
123000609,0,0,0
123000610,0,0,0
123000613,48,37,11
123000614,0,0,0
123000615,22,29,-7
123000616,0,0,0
123000617,14,29,-15
123000618,5,45,-40
123000619,0,0,0
123000620,11,32,-21
123000622,0,0,0
123000624,0,0,0
123000630,0,0,0
123000631,14,178,-164
123000632,1,1,0
123000633,2,300,-298
123000634,0,0,0
123000635,0,1,-1
123000636,0,0,0
123000637,0,0,0
123000638,0,0,0
123000639,1,0,1
123000640,0,2,-2
123000648,0,0,0
123000649,0,0,0
123000650,0,0,0
123000651,0,0,0
123000652,0,0,0
123000653,0,0,0
123900001,0,0,0
123900002,0,0,0
123900003,0,0,0
123900005,0,0,0
123900006,0,0,0
124000001,427,3,424
124000002,43,155,-112
124000003,14,2,12
124000004,8,43,-35
124000005,42,4,38
124000006,17,179,-162
124000007,0,0,0
124000008,3,71,-68
124000009,1,0,1
124000010,7,37,-30
124000011,0,0,0
124000012,14,47,-33
124000017,0,0,0
124000018,9,8,1
124000019,0,0,0
124000020,5,17,-12
124000021,0,0,0
124000022,16,31,-15
124000023,180,64,116
124000024,8,20,-12
124000025,67,30,37
124000026,7,19,-12
124000027,0,0,0
124000028,346,311,35
124000031,130,1,129
124000032,75,215,-140
124000033,168,11,157
124000034,20,212,-192
124000035,15,2,13
124000036,11,142,-131
124000037,21,6,15
124000038,2,23,-21
124000039,121,26,95
124000040,38,70,-32
124000041,56,13,43
124000042,6,59,-53
124000043,13,18,-5
124000044,5,48,-43
124000045,0,0,0
124000046,29,61,-32
124000047,0,0,0
124000048,30,77,-47
124000049,0,0,0
124000050,34,121,-87
124000051,0,0,0
124000052,15,64,-49
124000053,0,0,0
124000054,51,39,12
124000055,0,0,0
124000056,47,123,-76
124000057,0,0,0
124000058,22,107,-85
124000059,0,0,0
124000060,66,38,28
124000061,0,0,0
124000062,179,54,125
124000063,132,311,-179
124000064,57,228,-171
124000065,1,22,-21
124000066,0,0,0
124000067,0,0,0
124000068,0,10,-10
124000069,0,0,0
124000070,2,35,-33
124000071,0,0,0
124000072,10,13,-3
124000073,0,0,0
124000074,17,36,-19
124000075,0,0,0
124000076,4,26,-22
124000077,37,26,11
124000078,0,0,0
124000079,71,38,33
124000080,0,0,0
124000081,5,49,-44
124000082,0,0,0
124000083,2,6,-4
124000084,0,0,0
124000085,1,2,-1
124000086,0,0,0
124000087,0,0,0
124000088,0,0,0
124000089,1,0,1
124000090,1,26,-25
124000091,0,0,0
124000092,3,21,-18
124000093,0,0,0
124000094,0,0,0
124000095,0,0,0
124000096,0,0,0
124000097,0,0,0
124000098,0,0,0
124000099,0,0,0
124000100,0,2,-2
124000101,0,0,0
124000102,0,0,0
124000103,0,0,0
124000104,0,0,0
124000105,0,0,0
124000106,0,0,0
124000107,0,0,0
124000108,0,0,0
124000109,0,0,0
124000110,0,0,0
124000111,0,0,0
124000112,0,0,0
124000113,0,0,0
124000114,0,0,0
124000115,0,0,0
124000116,0,0,0
124000117,0,0,0
124000118,0,0,0
124000119,0,0,0
124000120,0,0,0
124000121,7,29,-22
124000122,205,81,124
124000123,26,6,20
124000124,18,120,-102
124000125,12,11,1
124000126,28,74,-46
124000127,16,12,4
124000128,27,112,-85
124000129,38,42,-4
124000130,49,55,-6
124000131,86,62,24
124000132,90,114,-24
124000133,1,0,1
124000134,24,30,-6
124000135,1,1,0
124000136,14,44,-30
124000137,0,0,0
124000138,12,36,-24
124000139,0,0,0
124000140,0,15,-15
124000141,0,0,0
124000142,0,0,0
124000143,0,0,0
124000144,0,0,0
124000145,0,0,0
124000146,0,0,0
124000148,0,0,0
124000149,1,0,1
124000150,13,25,-12
124000151,0,0,0
124000152,13,40,-27
124000153,0,0,0
124000154,16,40,-24
124000155,0,0,0
124000156,51,47,4
124000169,0,0,0
124000170,0,2,-2
124000171,0,0,0
124000172,2,0,2
124000173,0,0,0
124000174,0,0,0
124000175,5,28,-23
124000176,0,0,0
124000177,4,20,-16
124000178,0,0,0
124000185,0,0,0
124000186,0,0,0
124000187,0,0,0
124000188,0,0,0
124000190,0,0,0
124000191,0,1,-1
124000192,0,0,0
124000193,5,51,-46
124000194,22,89,-67
124000195,18,17,1
124000196,39,173,-134
124000197,0,0,0
124000198,0,0,0
124000201,2,82,-80
124000202,0,0,0
124000203,3,78,-75
124000204,0,0,0
124000205,0,55,-55
124000206,0,0,0
124000207,1,31,-30
124000209,6,56,-50
124000210,0,48,-48
124000211,0,0,0
124000212,2,80,-78
124000213,2,35,-33
124000214,0,0,0
124000215,0,0,0
124000216,0,40,-40
124000329,2,67,-65
124000338,1,18,-17
124000339,0,0,0
124000341,0,0,0
124000344,0,0,0
124000357,0,0,0
124000358,0,0,0
124000359,0,0,0
124000360,0,0,0
124000361,0,0,0
124000362,119,290,-171
124000363,41,96,-55
124000364,110,186,-76
124000365,327,608,-281
124000366,105,341,-236
124000367,9,54,-45
124000368,0,0,0
124000369,0,0,0
124000370,6,78,-72
124000402,0,0,0
124000403,0,0,0
124000404,0,0,0
124000405,42,11,31
124000406,61,131,-70
124000407,0,0,0
124000411,1,24,-23
124000412,0,0,0
124000413,0,0,0
124000414,0,0,0
124000415,0,0,0
124000416,0,0,0
124000417,0,0,0
124000418,0,0,0
124000419,0,0,0
124000420,0,0,0
124000421,0,0,0
124000422,0,0,0
124000423,0,0,0
124000424,0,3,-3
124000425,0,0,0
124000426,0,2,-2
124000427,0,0,0
124000428,1,1,0
124000429,2,73,-71
124000430,0,0,0
124000431,0,0,0
124000432,0,0,0
124000439,0,0,0
124000443,0,4,-4
124000445,0,0,0
124000446,2,2,0
124000447,0,0,0
124000448,0,0,0
124000449,0,0,0
124000450,0,0,0
124000451,0,0,0
124000452,0,0,0
124000453,231,68,163
124000454,104,407,-303
124900001,0,0,0
124900002,0,0,0
124900003,0,0,0
124900004,0,0,0
124900005,0,0,0
124900006,0,0,0
124900008,0,0,0
124900009,0,0,0
124900010,0,0,0
124900011,0,0,0
124900012,0,0,0
124900013,0,0,0
124900014,0,0,0
124900015,0,0,0
124900016,0,0,0
124900017,0,0,0
124900018,0,0,0
124900020,0,0,0
124900021,0,0,0
124900022,0,0,0
124900024,0,0,0
124900026,0,0,0
124900027,0,0,0
124900028,0,0,0
124900029,0,0,0
124900030,0,0,0
124900031,0,0,0
124900032,0,0,0
124900033,0,0,0
124900034,0,0,0
124900035,0,0,0
124900036,0,0,0
124900037,0,0,0
124900038,0,0,0
124900039,0,0,0
124900040,0,0,0
124900041,0,0,0
124900042,0,0,0
124900043,0,0,0
124900044,0,0,0
124900045,0,0,0
124900047,0,0,0
124900048,0,0,0
124900050,0,0,0
124900052,0,0,0
124900053,0,0,0
124900054,0,0,0
124900055,0,0,0
124900057,0,0,0
124900060,0,0,0
124900061,0,0,0
124900062,0,0,0
124900066,0,0,0
124900067,0,0,0
124900068,0,0,0
124900070,0,0,0
124900072,0,0,0
124900075,0,0,0
124900076,0,0,0
124900077,0,0,0
124900078,0,0,0
124900079,0,0,0
124900080,0,0,0
124900081,0,0,0
124900082,0,0,0
124900083,0,0,0
124900085,0,0,0
124900086,0,0,0
124900087,0,0,0
124900088,0,0,0
124900089,0,0,0
124900090,0,0,0
124900091,0,0,0
124900092,0,0,0
124900093,0,0,0
124900094,0,0,0
124900095,0,0,0
124900096,0,0,0
124900097,0,0,0
124900098,0,0,0
124900099,0,0,0
124900100,0,0,0
124900101,0,0,0
124900102,0,0,0
124900103,0,0,0
124900104,0,0,0
124900105,0,0,0
124900106,0,0,0
124900107,0,0,0
124900108,0,0,0
124900111,0,0,0
124900112,0,0,0
124900113,0,0,0
124900114,0,0,0
124900115,0,0,0
124900116,0,0,0
124900117,0,0,0
124900118,0,0,0
124900119,0,0,0
124900120,0,0,0
124900121,0,0,0
124900122,0,0,0
124900123,0,0,0
124900124,0,0,0
124900125,0,0,0
124900126,0,0,0
204000001,0,0,0
204000002,0,0,0
204000003,0,0,0
204000004,0,0,0
204000005,0,0,0
204000006,0,0,0
204000011,21,166,-145
204000012,2,147,-145
204000019,0,0,0
204000020,0,0,0
204000021,0,0,0
204000022,0,0,0
204000023,236,667,-431
204000031,0,0,0
204000032,0,0,0
204000034,46,114,-68
204000035,2,0,2
204000036,3,4,-1
204000037,2,2,0
204000038,1,2,-1
204000039,1,5,-4
204000040,0,4,-4
204000041,2,2,0
204000042,0,0,0
204000043,0,0,0
204000044,0,0,0
204000045,0,0,0
204000046,0,0,0
204000057,1,1,0
204000062,15,23,-8
204000068,35,91,-56
204000069,10,30,-20
204000070,0,0,0
204000080,24,97,-73
204000085,127,384,-257
204000086,432,545,-113
204000087,0,0,0
204000088,22,152,-130
204000090,23,79,-56
204000093,0,0,0
204000096,0,0,0
204000097,0,0,0
204000099,0,0,0
204000100,0,0,0
204000105,258,382,-124
204000110,124,549,-425
204000111,75,232,-157
204000112,96,169,-73
204000113,61,101,-40
204000114,0,0,0
204000115,0,1,-1
204000116,0,0,0
204000119,0,0,0
204000132,0,0,0
204000133,0,0,0
204000134,0,0,0
204000135,0,0,0
204000136,0,0,0
204000138,0,0,0
204000140,0,0,0
204000141,0,0,0
204000144,0,0,0
204000145,0,0,0
204000146,28,57,-29
204000147,8,67,-59
204000148,0,0,0
204000154,0,0,0
204000155,0,1,-1
204000177,0,0,0
204000179,0,0,0
204000180,0,43,-43
204000222,0,0,0
204000235,11,10,1
204000236,4,59,-55
204000238,0,0,0
204000240,13,7,6
204000263,87,347,-260
204000268,0,0,0
204000308,0,0,0
204000317,18,28,-10
204000322,2,10,-8
204000323,0,0,0
204000328,0,0,0
204000329,36,30,6
204000330,0,0,0
204000331,67,64,3
205000001,301,389,-88
205000013,0,65,-65
205000014,5,91,-86
205000015,8,139,-131
205000016,8,55,-47
205000017,14,20,-6
205000022,114,272,-158
205000025,252,391,-139
205000029,0,0,0
205000045,30,78,-48
205000046,16,147,-131
205000047,36,142,-106
205000048,102,363,-261
205000049,52,339,-287
205000050,67,156,-89
205000059,0,88,-88
205000060,0,12,-12
205000061,0,4,-4
205000062,2,8,-6
205000063,2,17,-15
205000064,2,61,-59
205000065,6,123,-117
205000066,1,101,-100
205000067,1,154,-153
205000069,0,0,0
205000082,0,0,0
205000110,18,139,-121
205000111,52,156,-104
205000112,0,0,0
205000113,71,144,-73
205000121,0,0,0
205000123,89,86,3
205000126,0,0,0
205000127,0,0,0
205000128,0,0,0
205000129,0,0,0
205000130,0,0,0
205000131,0,0,0
205000132,0,0,0
205000133,0,0,0
205000134,0,0,0
205000137,18,72,-54
205000138,67,116,-49
205000139,15,54,-39
205000144,0,0,0
205000145,0,0,0
205000151,0,0,0
205000152,0,0,0
205000153,0,0,0
205000154,0,0,0
205000155,0,0,0
205000207,177,347,-170
205000233,0,1,-1
205000234,0,1,-1
205000243,0,0,0
205000244,0,0,0
205000245,5,135,-130
205000249,0,0,0
205000250,0,0,0
205000264,1,47,-46
206000027,0,0,0
206000028,0,0,0
206000043,1,9,-8
206000053,1,23,-22
206000054,4,17,-13
206000055,1,16,-15
206000075,0,0,0
206000076,0,0,0
206000077,0,0,0
206000078,0,0,0
206000079,0,0,0
206000082,0,0,0
206000100,2,55,-53
206000103,10,36,-26
206000104,11,55,-44
206000105,4,25,-21
206000106,26,49,-23
206000125,0,0,0
206000157,112,454,-342
206000170,1,237,-236
206000171,1,79,-78
206000172,4,104,-100
206000173,0,30,-30
206000174,0,42,-42
206000175,0,47,-47
206000176,5,54,-49
206000177,0,66,-66
206000178,0,37,-37
206000179,0,13,-13
206000180,0,28,-28
206000181,2,19,-17
206000182,4,32,-28
206000183,2,32,-30
206000184,5,55,-50
206000185,3,37,-34
206000186,26,190,-164
206000223,6,50,-44
206000226,0,0,0
206000227,0,0,0
206000237,4,70,-66
206000238,16,112,-96
206000239,115,197,-82
206000240,2,81,-79
206000241,1,119,-118
206000242,11,77,-66
206000243,5,73,-68
206000244,30,125,-95
206000245,0,0,0
206000246,0,0,0
206000247,0,0,0
206000248,0,0,0
206000252,0,0,0
206000258,9,57,-48
206000315,0,0,0
206000317,0,0,0
206000318,0,0,0
206000319,0,0,0
206000320,0,1,-1
206000321,0,0,0
206000322,0,0,0
206000323,0,0,0
206000324,0,0,0
206000325,0,0,0
206000326,0,0,0
206000327,0,0,0
206000328,1,0,1
206000329,0,0,0
206000330,0,0,0
206000331,0,0,0
206000332,0,0,0
206000333,0,0,0
206000334,0,0,0
206000335,0,15,-15
206000361,6,157,-151
206000392,2,12,-10
206000405,0,0,0
206000441,0,0,0
206000498,0,1,-1
206000515,0,0,0
206000530,0,0,0
206000531,0,0,0
206000532,0,0,0
206000535,0,4,-4
206000536,0,0,0
206000537,0,2,-2
206000613,4,0,4
206000784,0,0,0
207000001,47,255,-208
207000002,24,217,-193
207000003,44,128,-84
207000007,0,0,0
207000008,0,0,0
207000009,0,0,0
207000010,28,21,7
207000012,0,0,0
207000015,60,46,14
207000019,0,0,0
207000021,0,0,0
207000022,0,0,0
207000023,0,0,0
207000024,0,0,0
207000025,0,0,0
207000026,46,100,-54
207000027,8,86,-78
207000028,22,102,-80
207000029,67,243,-176
207000033,0,0,0
207000034,0,0,0
207000039,0,0,0
207000040,0,0,0
207000041,0,0,0
207000042,0,0,0
207000043,0,0,0
207000051,5,39,-34
207000052,0,29,-29
207000053,162,424,-262
207000054,4,46,-42
207000055,22,39,-17
207000056,69,160,-91
207000057,41,103,-62
207000058,45,138,-93
207000059,41,158,-117
207000060,10,22,-12
207000061,0,0,0
207000062,0,0,0
207000063,0,0,0
207000064,0,0,0
207000065,0,0,0
207000066,0,0,0
207000067,0,0,0
207000068,0,0,0
207000069,0,0,0
207000082,0,0,0
207000083,4,20,-16
207000084,0,0,0
207000085,0,0,0
207000086,0,0,0
207000106,0,0,0
207000107,0,0,0
207000108,0,0,0
207000109,0,0,0
207000110,0,0,0
207000111,0,0,0
207000112,0,0,0
207000114,5,3,2
207000115,7,19,-12
207000116,3,66,-63
207000117,0,23,-23
207000118,0,25,-25
207000119,2,37,-35
207000123,0,0,0
207000124,0,0,0
207000125,0,0,0
207000126,0,0,0
207000134,0,0,0
207000135,0,0,0
207000148,0,0,0
207000149,25,13,12
207000152,52,124,-72
207000153,760,622,138
207000154,0,0,0
207000159,10,45,-35
207000160,17,40,-23
207000238,0,54,-54
207000242,1,49,-48
207000248,4,2,2
207000249,20,24,-4
207000250,27,27,0
207000251,19,29,-10
207000252,7,18,-11
207000278,0,0,0
207000279,5,21,-16
207000280,0,0,0
207000281,5,39,-34
207000282,0,0,0
207000283,0,6,-6
207000284,0,0,0
207000285,0,0,0
207000291,3,24,-21
207000304,0,0,0
207000306,31,235,-204
207000310,0,0,0
207000353,0,0,0
207000356,7,2,5
207000357,0,0,0
207000358,0,0,0
207000415,1,62,-61
207000417,0,0,0
207000418,0,0,0
207000438,0,6,-6
207000439,0,0,0
207000446,0,0,0
207000460,0,0,0
207000466,25,48,-23
207000467,0,0,0
207000468,6,50,-44
207000476,0,0,0
207000477,0,0,0
207000478,0,0,0
207000523,0,27,-27
207000524,0,0,0
207000527,0,0,0
207000530,0,0,0
207000531,0,0,0
207000532,0,0,0
207000534,0,0,0
207000535,23,57,-34
207000537,4,33,-29
207000540,1,44,-43
207000541,0,110,-110
207000548,2,73,-71
207000549,0,0,0
207000561,0,0,0
207000562,6,32,-26
207000567,89,133,-44
207000568,0,0,0
207000569,0,0,0
207000584,99,26,73
207000585,0,0,0
207000587,0,0,0
207000616,0,97,-97
207000617,0,0,0
207000624,0,0,0
207000631,0,0,0
207900008,0,0,0
208000001,0,0,0
208000002,0,0,0
208000003,0,0,0
208000004,0,0,0
208000005,2,18,-16
208000019,0,0,0
208000020,0,0,0
208000021,0,4,-4
208000022,5,0,5
208000028,0,0,0
208000033,3,0,3
208000034,1,5,-4
208000037,0,0,0
208000040,0,0,0
208000041,0,1,-1
208000042,0,0,0
208000047,10,27,-17
208000064,0,0,0
208000066,0,0,0
208000070,0,0,0
208000071,0,0,0
208000072,0,0,0
208000080,0,0,0
208000081,0,0,0
208000082,13,67,-54
208000083,25,128,-103
208000084,0,0,0
208000085,110,106,4
208000086,105,208,-103
208000087,37,109,-72
208000089,36,27,9
208000090,23,41,-18
208000093,4,8,-4
208000094,18,6,12
208000095,6,5,1
208000104,2,1,1
208000105,0,0,0
208000114,0,0,0
208000115,22,180,-158
208000116,0,0,0
208000117,0,0,0
208000118,0,0,0
208000155,57,352,-295
208000158,104,117,-13
208000186,0,0,0
208000204,13,20,-7
208000205,30,30,0
208000282,190,70,120
209000004,0,1,-1
209000005,0,0,0
209000006,3,0,3
209000007,0,0,0
209000010,90,30,60
209000011,39,42,-3
209000012,37,62,-25
209000013,24,82,-58
209000014,123,277,-154
209000025,0,0,0
209000026,0,0,0
209000027,50,210,-160
209000028,62,184,-122
209000029,78,179,-101
209000030,76,285,-209
209000031,655,814,-159
209000034,0,0,0
209000035,0,0,0
209000036,0,0,0
209000037,0,0,0
209000038,0,0,0
209000039,0,0,0
209000040,1,43,-42
209000041,9,30,-21
209000042,8,29,-21
209000043,3,13,-10
209000044,5,11,-6
209000045,28,88,-60
209000046,51,141,-90
209000047,37,43,-6
209000048,22,38,-16
209000049,69,87,-18
209000050,95,139,-44
209000051,83,134,-51
209000052,49,132,-83
209000062,8,51,-43
209000063,14,43,-29
209000064,8,49,-41
209000065,0,0,0
209000066,0,0,0
209000067,0,0,0
209000080,6,33,-27
209000082,0,0,0
209000091,6,32,-26
209000093,37,28,9
209000094,218,103,115
209000110,0,0,0
209000111,14,52,-38
209000112,9,22,-13
209000113,13,14,-1
209000114,2,2,0
209000115,38,63,-25
209000116,378,268,110
209000118,0,0,0
209000119,7,4,3
209000121,59,106,-47
209000135,0,0,0
209000142,75,29,46
209000143,4,18,-14
209000144,0,0,0
209000229,20,81,-61
209000240,9,51,-42
209000259,53,85,-32
209000260,5,71,-66
209000261,0,25,-25
209000262,0,17,-17
209000263,0,4,-4
209000264,0,1,-1
209000265,0,0,0
209000266,0,0,0
209000267,0,0,0
209000268,0,0,0
210000037,0,0,0
210000047,0,0,0
210000048,0,0,0
210000049,0,0,0
210000052,2,16,-14
210000053,1,7,-6
210000054,9,17,-8
210000070,0,0,0
210000071,0,0,0
210000072,0,0,0
210000073,0,31,-31
210000074,0,65,-65
210000075,0,38,-38
210000076,0,30,-30
210000077,3,9,-6
210000078,3,11,-8
210000079,0,0,0
210000080,0,0,0
210000081,0,0,0
210000082,0,0,0
210000083,0,0,0
210000084,0,0,0
210000085,0,18,-18
210000086,0,21,-21
210000099,27,88,-61
210000100,25,89,-64
210000101,26,106,-80
210000105,3,17,-14
210000159,0,25,-25
210000163,17,45,-28
210000164,0,0,0
210000168,0,0,0
210000187,1,4,-3
210000188,0,8,-8
210000214,0,0,0
210000219,0,0,0
210000220,0,0,0
210000232,0,5,-5
210000233,1,6,-5
210000234,1,20,-19
210000235,3,14,-11
210000245,0,19,-19
210000246,0,0,0
210000258,0,25,-25
210000259,0,0,0
210000282,4,68,-64
210000285,0,21,-21
210000286,1,43,-42
210000290,0,0,0
210000295,6,7,-1
210000296,2,4,-2
210000320,0,0,0
210000321,0,0,0
210000338,10,22,-12
210000339,119,205,-86
210000340,26,49,-23
210000341,22,72,-50
210000342,16,69,-53
210000343,105,104,1
210000344,15,42,-27
210000345,34,92,-58
210000346,6,42,-36
210000347,1,15,-14
210000348,11,7,4
210000349,14,16,-2
210000350,40,40,0
210000351,31,32,-1
210000352,0,0,0
210000353,0,1,-1
210000354,0,2,-2
210000355,0,0,0
210000356,0,0,0
210000357,0,0,0
210000358,0,0,0
210000359,0,0,0
210000360,0,0,0
210000361,0,0,0
210000362,0,0,0
210000363,0,0,0
210000364,0,0,0
210000365,0,0,0
210000366,0,0,0
210000367,0,0,0
210000368,0,0,0
210000369,0,0,0
210000370,0,0,0
210000372,0,0,0
210000373,0,0,0
210000374,0,0,0
210000375,0,0,0
210000376,0,0,0
210000404,31,46,-15
210000439,0,0,0
210000472,0,0,0
210000482,0,0,0
210000564,0,0,0
210000567,0,0,0
210000568,0,0,0
211000092,0,0,0
211000094,0,0,0
211000169,0,0,0
211000172,0,0,0
211000209,0,0,0
211000226,0,0,0
211000270,0,0,0
211000275,0,0,0
211000276,0,0,0
211000279,0,0,0
211000281,0,0,0
211000302,0,0,0
211507980,0,0,0
211977296,0,0,0
212000003,0,0,0
212000004,1,0,1
212000005,6,2,4
212000006,12,7,5
212000008,15,19,-4
212000009,2,19,-17
212000012,28,24,4
212000013,6,26,-20
212000014,69,46,23
212000015,44,44,0
212000016,184,151,33
212000027,4,1,3
212000028,0,0,0
212000029,0,0,0
212000030,0,0,0
212000031,0,0,0
212000048,1,13,-12
212000049,6,2,4
212000050,1,0,1
212000051,23,35,-12
212000052,35,53,-18
212000053,102,79,23
212000054,0,0,0
212000055,2,0,2
212000056,0,0,0
212000057,0,0,0
212000058,0,0,0
212000070,14,32,-18
212000077,18,99,-81
212000099,0,1,-1
212000108,0,0,0
212000111,0,0,0
212000120,16,6,10
212000138,18,18,0
212000156,1,16,-15
212000158,0,0,0
212000159,1,3,-2
212000160,1,0,1
212000161,0,0,0
212000310,1,3,-2
212000311,0,0,0
212000374,2,2,0
213000001,0,0,0
213000005,0,0,0
213000006,0,0,0
213000007,0,0,0
213000009,0,0,0
213000010,0,0,0
213000011,0,0,0
213000012,3,7,-4
213000014,0,0,0
213000015,0,0,0
213000016,0,0,0
213000017,0,0,0
213000018,0,0,0
213000019,0,0,0
213000020,0,0,0
213000021,0,0,0
213000023,0,0,0
213000033,0,0,0
213000034,0,0,0
213000035,0,0,0
213000045,0,0,0
213000046,0,0,0
213000047,0,0,0
213000056,0,0,0
213000069,0,0,0
213000073,0,0,0
213000074,0,12,-12
213000075,0,0,0
213000076,0,0,0
213000085,0,2,-2
213000086,0,3,-3
213000091,0,0,0
213000092,0,0,0
213000099,3,14,-11
213000100,0,0,0
213000101,0,0,0
213000102,0,0,0
213000103,0,0,0
213000104,0,0,0
213000105,0,1,-1
213000106,2,3,-1
213000107,3,4,-1
213000108,0,0,0
213000109,0,1,-1
213000110,0,0,0
213000111,0,0,0
213000112,1,0,1
213000115,0,0,0
213000116,0,0,0
213000117,0,0,0
213000118,25,2,23
213000119,0,16,-16
213000120,0,8,-8
213000122,2,5,-3
213000123,3,3,0
213000124,0,2,-2
213000125,0,0,0
213000126,0,0,0
213000127,0,0,0
213000128,0,0,0
213000129,1,0,1
213000130,0,0,0
213000132,0,0,0
213000133,0,0,0
213000134,0,0,0
213000136,0,0,0
213000137,0,0,0
213000139,0,0,0
213000147,0,0,0
213000148,0,0,0
213000149,0,0,0
213000150,0,1,-1
213000151,0,0,0
213000152,0,0,0
213000153,0,0,0
213000154,0,1,-1
213000155,0,1,-1
213000156,0,0,0
213000157,1,1,0
213000158,0,1,-1
213000159,0,0,0
213000163,0,0,0
213000165,0,0,0
213000171,0,0,0
213000172,0,1,-1
213000173,0,0,0
213000174,0,0,0
213000175,0,0,0
213000176,0,0,0
213000177,0,0,0
213000178,0,0,0
213000179,0,0,0
213000180,0,0,0
213000184,0,0,0
213000188,0,0,0
213000189,0,0,0
213000190,0,1,-1
213000191,0,4,-4
213000192,0,3,-3
213000193,22,6,16
213000194,0,0,0
213000195,0,2,-2
213000196,1,5,-4
213000197,0,0,0
213000198,0,0,0
213000200,16,6,10
213000201,0,0,0
213000202,0,21,-21
213000203,0,0,0
213000204,0,0,0
213000205,0,0,0
213000206,0,0,0
213000207,0,0,0
213000208,0,0,0
213000209,0,0,0
213000210,0,0,0
213000211,0,0,0
213000212,0,2,-2
213000213,0,2,-2
213000218,2,41,-39
213000219,0,0,0
213000220,0,0,0
213000223,0,0,0
213000224,0,0,0
213000225,0,0,0
213000226,0,0,0
213000227,0,0,0
213000228,0,0,0
213000229,0,0,0
213000230,0,0,0
213000232,1,36,-35
213000233,0,0,0
213000234,0,1,-1
213000293,0,7,-7
213000294,0,0,0
213000295,0,4,-4
213000296,0,0,0
213000297,3,6,-3
213000298,0,5,-5
213000299,0,0,0
213000300,0,0,0
213000303,2,2,0
213000304,0,0,0
213000305,0,0,0
213000306,0,0,0
213000307,0,0,0
213000308,1,3,-2
213000309,0,0,0
213000310,0,0,0
213000311,0,1,-1
213000315,2,1,1
213000316,0,0,0
213000322,0,0,0
213000323,0,0,0
213000340,0,12,-12
213000341,0,0,0
213000346,0,0,0
213000347,0,0,0
213000348,0,0,0
213000349,0,0,0
213000350,0,2,-2
213000366,1,5,-4
213000367,0,0,0
213000379,0,0,0
213000386,1,12,-11
213000406,3,19,-16
213000417,0,0,0
213000425,0,0,0
213000426,0,0,0
213000427,0,0,0
213000428,0,0,0
213000429,0,0,0
213000430,0,0,0
213000431,0,0,0
213000432,0,0,0
213000433,0,0,0
213000434,0,0,0
213000435,0,0,0
213000439,0,0,0
213000441,0,0,0
213000443,0,0,0
213000445,0,0,0
213000446,0,0,0
213000447,0,0,0
213000448,0,0,0
213000449,0,0,0
213000450,0,0,0
213000451,0,0,0
213000452,0,0,0
213000453,1,7,-6
213000455,0,0,0
213000456,0,3,-3
213000481,0,0,0
213000482,0,0,0
213000489,0,0,0
213000491,0,0,0
213000492,0,0,0
213000493,0,0,0
213000494,0,0,0
213000495,0,0,0
213000496,0,0,0
213000497,0,0,0
213000498,0,0,0
213000499,0,2,-2
213000500,0,0,0
213000501,0,0,0
213000502,0,0,0
213000503,0,0,0
213000504,0,1,-1
213000505,0,0,0
213000506,0,0,0
213000507,0,0,0
213900244,0,0,0
213900245,0,0,0
218000003,5,4,1
218000004,0,2,-2
218000005,0,0,0
218000006,1,40,-39
218000007,1,17,-16
218000012,3,13,-10
218000013,45,129,-84
218000014,265,202,63
218000019,385,190,195
218000020,137,186,-49
218000040,0,0,0
218000046,0,0,0
218000047,0,0,0
218000048,0,0,0
218000049,0,0,0
218000050,0,0,0
218000051,0,0,0
218000052,0,0,0
218000053,0,0,0
218000054,0,0,0
218000055,0,0,0
218000056,0,0,0
218000057,0,0,0
218000064,0,0,0
218000065,0,0,0
218000066,0,0,0
218000067,3,72,-69
218000068,15,61,-46
218000069,24,117,-93
218000070,16,115,-99
218000071,67,81,-14
218000072,174,133,41
218000078,121,262,-141
218000079,2,14,-12
218000080,10,8,2
218000081,10,12,-2
218000082,0,9,-9
218000083,3,24,-21
218000084,25,65,-40
218000085,94,155,-61
218000086,26,65,-39
218000087,69,90,-21
218000090,13,19,-6
218000091,179,137,42
218000092,30,156,-126
218000093,135,69,66
218000094,231,272,-41
218000099,107,212,-105
218000100,59,202,-143
218000101,25,65,-40
218000102,63,78,-15
218000103,16,38,-22
218000104,8,13,-5
218000105,7,0,7
218000106,14,11,3
218000107,8,84,-76
218000108,0,43,-43
218000112,20,8,12
218000117,0,0,0
218000134,81,190,-109
218000135,4,11,-7
218000136,10,20,-10
218000137,28,58,-30
218000138,0,4,-4
218000139,14,52,-38
218000140,0,8,-8
218000141,0,4,-4
218000142,9,23,-14
218000143,1,11,-10
218000144,0,5,-5
218000145,25,33,-8
218000146,7,23,-16
218000151,0,0,0
218000152,0,0,0
218000170,0,0,0
218000171,0,0,0
218000172,0,0,0
218000173,0,0,0
218000174,0,0,0
218000176,0,0,0
218000177,0,0,0
218000178,0,0,0
218000179,0,0,0
218000180,0,0,0
218000181,0,0,0
218000187,0,6,-6
218000188,3,4,-1
218000189,1,7,-6
218000190,2,0,2
218000191,20,48,-28
218000192,36,104,-68
218000193,103,170,-67
218000194,18,148,-130
218000195,35,33,2
218000196,32,103,-71
218000197,14,63,-49
218000198,1,29,-28
218000199,0,8,-8
218000200,1,6,-5
218000201,0,1,-1
218000202,9,24,-15
218000207,1,14,-13
218000208,11,7,4
218000211,1,25,-24
218000213,0,0,0
218000214,0,0,0
218000215,0,0,0
218000217,0,0,0
218000218,0,0,0
218000219,0,0,0
218000220,25,39,-14
218000221,51,62,-11
218000222,1,1,0
218000223,4,0,4
218000224,0,0,0
218000225,0,0,0
218000226,0,0,0
218000232,13,14,-1
218000239,0,0,0
218000240,0,0,0
218000241,0,0,0
218000242,0,0,0
218000243,0,0,0
218000244,0,0,0
218000245,0,0,0
218000246,0,0,0
218000247,0,0,0
218000248,0,0,0
218000249,0,0,0
218000250,0,0,0
218000251,0,0,0
218000252,0,0,0
218000253,0,0,0
218000254,0,0,0
218000255,0,0,0
218000256,0,0,0
218000267,12,179,-167
218000268,0,14,-14
218000269,0,6,-6
218000270,49,29,20
218000271,121,60,61
218000273,0,0,0
218000274,0,0,0
218000275,5,8,-3
218000276,4,26,-22
218000278,36,108,-72
218000279,37,80,-43
218000280,0,24,-24
218000281,0,17,-17
218000282,11,24,-13
218000284,0,0,0
218000301,3,20,-17
218000302,1,10,-9
218000303,4,17,-13
218000316,78,68,10
218000317,34,64,-30
218000318,22,80,-58
218000319,164,369,-205
218000320,160,376,-216
218000338,1,2,-1
218000345,0,2,-2
218000346,0,0,0
218000459,0,0,0
218000490,3,6,-3
218000501,0,0,0
218000502,5,41,-36
218000503,0,0,0
218000504,0,0,0
218000505,8,57,-49
218000506,25,71,-46
218000508,0,0,0
218000510,0,0,0
218000520,0,0,0
218000521,0,0,0
218000522,0,9,-9
218000523,0,0,0
218000524,0,6,-6
218000525,0,0,0
218000526,2,19,-17
218000529,0,0,0
218000531,0,0,0
218000532,3,13,-10
218000534,0,0,0
218000537,0,0,0
218000538,4,21,-17
218000540,38,24,14
218000543,61,51,10
218000544,66,58,8
218000545,6,37,-31
218000546,22,56,-34
218000547,20,26,-6
218000548,24,31,-7
218000549,46,38,8
218000550,69,51,18
218000551,109,48,61
218000552,29,27,2
218000553,4,7,-3
218000554,2,4,-2
218000555,0,1,-1
218000556,170,161,9
218000557,0,1,-1
218000558,0,0,0
218000559,0,0,0
218000560,0,0,0
218000561,0,0,0
218000562,5,35,-30
218000563,0,0,0
218000564,2,25,-23
218000565,0,0,0
218000566,0,1,-1
218000567,0,0,0
218000568,0,0,0
218000569,0,1,-1
218000570,0,0,0
218000571,0,0,0
218000572,0,0,0
218000573,2,0,2
218000574,0,0,0
218000575,0,0,0
218000576,0,0,0
218000577,0,0,0
218000578,0,0,0
218000579,0,0,0
218000581,0,0,0
218000582,0,0,0
218000583,0,0,0
218000584,0,2,-2
218000585,0,0,0
218000586,0,0,0
218000587,0,0,0
218000588,0,0,0
218000589,0,0,0
218000590,0,0,0
218000591,0,0,0
218000592,0,0,0
218000593,0,0,0
218000594,0,0,0
218000597,0,0,0
218000598,0,0,0
218000599,0,0,0
218000600,0,1,-1
218000601,0,0,0
218000602,0,0,0
218000603,0,1,-1
218000604,0,0,0
218000605,0,1,-1
218000606,0,0,0
218000607,0,0,0
218000608,0,0,0
218000609,0,0,0
218000610,0,0,0
218000611,0,0,0
218000612,0,0,0
218000613,0,0,0
218000614,0,0,0
218000615,0,0,0
218000616,0,1,-1
218000617,0,0,0
218000618,0,2,-2
218000619,0,0,0
218000620,0,0,0
218000621,0,0,0
218000622,0,0,0
218000623,0,0,0
218000624,0,0,0
218000625,0,0,0
218000626,0,0,0
218000628,14,4,10
218000631,0,0,0
218000632,0,0,0
218000633,0,0,0
218000634,2,3,-1
218000635,1,3,-2
218000636,142,367,-225
218000637,64,45,19
218000638,0,0,0
218000639,1,35,-34
218000640,0,0,0
218000641,2,21,-19
218000652,0,0,0
218000653,2,0,2
218000663,0,0,0
218000675,0,0,0
218000680,0,0,0
218000681,0,0,0
218000691,0,0,0
218000693,0,0,0
218000718,26,30,-4
218000719,7,17,-10
218000720,0,2,-2
218000721,0,0,0
218001147,3,61,-58
218001214,0,0,0
218001258,0,0,0
218001329,0,0,0
218001330,0,0,0
218001351,0,0,0
218001352,0,0,0
218001353,0,0,0
218001354,0,0,0
218001355,16,58,-42
218001356,0,1,-1
218001357,2,15,-13
218001358,0,0,0
218001361,0,0,0
218001362,0,85,-85
219000001,20,57,-37
219000002,43,76,-33
219000003,0,0,0
219000004,10,5,5
219000017,12,16,-4
219000020,0,0,0
219000022,0,0,0
219000023,0,0,0
219000029,0,47,-47
219000034,0,0,0
219000039,7,21,-14
219000040,2,20,-18
219000041,14,31,-17
219000051,0,94,-94
219000052,0,18,-18
219000053,1,70,-69
219000055,2,0,2
219000056,0,0,0
219000057,3,0,3
219000062,4,29,-25
219000063,11,17,-6
219000064,1,21,-20
219000110,1,1,0
219000111,0,0,0
219000112,1,0,1
219000113,2,0,2
219000114,0,0,0
219000116,16,9,7
219000117,42,32,10
219000118,8,30,-22
219000123,81,77,4
219000124,62,78,-16
219000125,7,27,-20
219000126,27,36,-9
219000127,0,8,-8
219000128,13,194,-181
219000129,29,232,-203
219000130,1285,938,347
219000131,547,439,108
219000133,2,10,-8
219000134,3,3,0
219000135,28,8,20
219000136,19,44,-25
219000138,3,19,-16
219000139,9,31,-22
219000140,0,0,0
219000141,1,35,-34
219000142,0,35,-35
219000143,0,31,-31
219000145,0,6,-6
219000146,1,67,-66
219000147,1,7,-6
219000148,0,4,-4
219000149,12,112,-100
219000150,0,80,-80
219000151,5,116,-111
219000157,37,23,14
219000158,48,128,-80
219000161,38,35,3
219000163,180,40,140
219000166,22,55,-33
219000167,32,115,-83
219000168,0,0,0
219000174,0,0,0
219000175,0,0,0
219000176,0,0,0
219000177,0,0,0
219000178,0,0,0
219000179,0,0,0
219000180,13,22,-9
219000182,0,0,0
219000183,0,20,-20
219000184,0,0,0
219000185,1,70,-69
219000186,1,6,-5
219000187,1,53,-52
219000189,70,187,-117
219000190,166,226,-60
219000191,676,513,163
219000192,88,178,-90
219000193,248,411,-163
219000195,5,48,-43
219000196,1,63,-62
219000198,11,85,-74
219000199,29,79,-50
219000200,15,89,-74
219000201,18,101,-83
219000203,6,133,-127
219000204,29,104,-75
219000205,18,64,-46
219000207,62,71,-9
219000209,17,37,-20
219000210,12,30,-18
219000213,5,38,-33
219000239,0,0,0
219000240,3,60,-57
219000241,12,17,-5
219000242,18,26,-8
219000243,3,44,-41
219000244,1,11,-10
219000245,1,7,-6
219000246,0,0,0
219000247,0,0,0
219000248,1,0,1
219000249,0,0,0
219000250,0,0,0
219000251,0,0,0
219000252,0,0,0
219000253,0,0,0
219000255,0,0,0
219000256,0,0,0
219000257,0,0,0
219000262,10,115,-105
219000263,16,54,-38
219000267,0,106,-106
219000268,2,20,-18
219000269,0,0,0
219000270,0,0,0
219000271,17,0,17
219000278,1,12,-11
219000279,2,5,-3
219000283,1,7,-6
219000295,1,32,-31
219000296,25,134,-109
219000297,2,48,-46
219000298,2,64,-62
219000299,0,0,0
219000300,7,67,-60
219000301,9,74,-65
219000302,1,60,-59
219000307,19,43,-24
219000308,12,9,3
219000311,0,0,0
219000312,0,0,0
219000313,0,0,0
219000314,30,134,-104
219000315,0,0,0
219000316,0,0,0
219000317,0,0,0
219000320,0,28,-28
219000321,1,5,-4
219000323,1,17,-16
219000325,0,53,-53
219000326,14,47,-33
219000327,27,17,10
219000328,14,17,-3
219000329,250,181,69
219000330,5,22,-17
219000331,10,29,-19
219000332,0,0,0
219000333,0,0,0
219000335,0,0,0
219000337,0,0,0
219000338,0,0,0
219000344,55,61,-6
219000345,63,101,-38
219000346,17,108,-91
219000348,34,52,-18
219000349,24,85,-61
219000350,19,49,-30
219000351,1,2,-1
219000352,0,0,0
219000353,7,13,-6
219000354,16,18,-2
219000355,2,0,2
219000356,338,196,142
219000363,107,21,86
219000364,57,13,44
219000365,13,1,12
219000366,143,41,102
219000368,1,1,0
219000370,115,54,61
219000371,1,26,-25
219000382,5,14,-9
219000383,269,311,-42
219000385,276,309,-33
219000386,388,582,-194
219000387,0,0,0
219000390,0,0,0
219000391,0,0,0
219000397,67,61,6
219000398,21,5,16
219000401,0,0,0
219000402,0,0,0
219000403,0,0,0
219000404,0,0,0
219000407,1,10,-9
219000409,0,0,0
219000410,0,0,0
219000411,0,0,0
219000446,161,204,-43
219000447,3,23,-20
219000448,0,0,0
219000452,0,0,0
219000453,6,8,-2
219000454,74,54,20
219000556,0,0,0
219000558,11,49,-38
219000590,0,11,-11
219000591,0,0,0
219000592,39,171,-132
219000595,0,3,-3
219000635,0,0,0
219000636,3,45,-42
219000657,0,0,0
219000658,5,32,-27
219000673,0,39,-39
219000676,0,3,-3
219000679,1,43,-42
219000684,2,0,2
219000685,0,24,-24
219000686,0,2,-2
219000688,2,195,-193
219000689,0,0,0
219000690,0,0,0
219000691,0,0,0
219000692,2,17,-15
219000693,0,12,-12
219000694,0,0,0
219000695,0,0,0
219000698,0,0,0
219000699,0,7,-7
219000727,1,121,-120
219000728,2,0,2
219000770,0,0,0
219000771,2,14,-12
219000788,67,72,-5
219001150,1,0,1
219001151,0,5,-5
219001166,0,0,0
219001167,0,0,0
219001178,0,1,-1
220000001,0,4,-4
220000002,6,15,-9
220000003,91,87,4
220000004,92,88,4
220000005,533,339,194
220000006,49,200,-151
220000007,127,189,-62
220000008,54,198,-144
220000009,32,77,-45
220000010,8,13,-5
220000011,37,26,11
220000012,0,8,-8
220000014,0,0,0
220000015,0,0,0
220000017,0,1,-1
220000018,0,0,0
220000019,0,0,0
220000020,7,26,-19
220000021,8,11,-3
220000022,25,22,3
220000023,7,6,1
220000024,46,29,17
220000025,12,10,2
220000026,6,5,1
220000027,0,1,-1
220000028,0,1,-1
220000029,6,55,-49
220000030,16,28,-12
220000031,2,2,0
220000064,0,0,0
221000046,0,0,0
221000047,0,0,0
221000048,0,0,0
221000049,0,5,-5
221000050,0,0,0
221000055,13,20,-7
221000068,0,0,0
221000069,0,0,0
221000070,0,0,0
221000071,0,0,0
221000072,0,0,0
221000073,1,12,-11
221000074,1,1,0
221000075,0,16,-16
221000076,4,19,-15
221000077,2,61,-59
221000081,0,0,0
221000082,0,0,0
221000083,0,0,0
221000084,0,0,0
221000085,1,31,-30
221000086,7,73,-66
221000087,1,80,-79
221000088,8,59,-51
221000089,4,53,-49
221000090,146,175,-29
221000098,0,0,0
221000099,0,0,0
221000100,0,0,0
221000101,0,0,0
221000103,4,22,-18
221000104,0,53,-53
221000107,0,0,0
221000108,0,0,0
221000111,7,75,-68
221000112,1,57,-56
221000113,6,55,-49
221000114,4,93,-89
221000120,0,0,0
221000121,0,0,0
221000122,0,0,0
221000123,0,0,0
221000124,0,0,0
221000155,0,0,0
221000156,0,0,0
221000175,0,0,0
221000176,0,0,0
221000182,0,0,0
221000241,0,0,0
221000242,108,294,-186
221000243,0,0,0
221000244,19,222,-203
221000245,0,0,0
221000246,4,78,-74
221000247,0,0,0
221000248,11,60,-49
221000267,0,0,0
221000325,0,0,0
221000331,0,0,0
221000338,0,0,0
221000378,0,0,0
221000381,0,0,0
222000282,0,0,0
222000296,0,0,0
222000568,0,0,0
222000569,0,0,0
222000570,0,0,0
222000571,0,0,0
222000577,0,0,0
222000578,0,0,0
222000579,0,0,0
222000580,0,0,0
222000599,0,0,0
222000600,0,0,0
222000601,0,0,0
222000603,0,0,0
222000604,0,0,0
222000605,0,0,0
222000606,0,0,0
222000607,0,0,0
222000608,0,0,0
222000609,0,0,0
222000616,0,0,0
222000617,0,0,0
222000618,0,0,0
222000620,0,0,0
222000621,0,0,0
222000623,0,0,0
222000624,0,0,0
222000625,0,0,0
222000636,0,0,0
222000686,0,0,0
222000687,0,0,0
222001066,0,0,0
222001067,0,0,0
222001068,0,0,0
222001069,0,0,0
222001082,0,0,0
222001083,0,0,0
222001084,0,0,0
222001085,0,0,0
222001111,0,0,0
222001112,0,0,0
222001313,0,0,0
222001314,0,0,0
222001464,0,0,0
222001465,0,0,0
222001484,0,0,0
222001485,0,0,0
222001494,0,0,0
222001495,0,0,0
222001496,0,0,0
222001497,0,0,0
222001502,1,1,0
222001503,0,0,0
222001504,0,1,-1
222001505,0,0,0
222001506,0,4,-4
222001507,0,0,0
222001510,0,0,0
222001511,0,0,0
222001514,0,0,0
222001515,0,0,0
222001518,0,0,0
222001519,0,0,0
222001527,0,0,0
222001528,0,5,-5
222001529,0,0,0
222001530,0,0,0
222001533,1,3,-2
222001534,0,0,0
222001535,0,0,0
222001536,0,0,0
222001537,0,0,0
222001538,0,1,-1
222001563,0,0,0
222001564,0,0,0
222001568,0,0,0
222001576,0,0,0
222001579,0,0,0
222001583,0,0,0
222001584,0,0,0
222001596,0,1,-1
222001597,0,0,0
222001626,0,0,0
222001650,0,0,0
222001651,0,0,0
222001914,0,0,0
222001915,0,0,0
222001968,0,0,0
222001969,0,0,0
222001970,0,0,0
222001971,0,0,0
222001972,0,0,0
225000001,0,0,0
225000002,0,0,0
225000003,0,0,0
225000004,0,0,0
225000005,0,0,0
225000006,0,72,-72
225000007,223,205,18
225000010,0,0,0
225000011,0,0,0
225000012,0,0,0
225000013,0,0,0
225000014,0,0,0
225000015,14,23,-9
225000021,0,0,0
225000027,26,163,-137
225000032,0,0,0
225000042,15,172,-157
225000049,4,6,-2
225000050,0,0,0
225000053,6,110,-104
225000058,0,0,0
225000067,14,36,-22
225000068,14,54,-40
225000069,5,48,-43
225000070,21,35,-14
225000071,6,38,-32
225000075,8,150,-142
225000076,16,47,-31
225000078,0,0,0
225000085,0,0,0
225000086,0,0,0
225000087,0,0,0
225000088,1,18,-17
225000089,380,118,262
225000090,0,8,-8
225000091,3,8,-5
225000092,0,14,-14
225000093,8,48,-40
225000094,2,43,-41
225000095,77,107,-30
225000096,38,52,-14
225000098,0,0,0
225000099,0,0,0
225000100,0,0,0
225000104,12,72,-60
225000110,5,73,-68
225000111,40,199,-159
225000112,33,225,-192
225000113,15,69,-54
225000114,17,33,-16
225000115,132,93,39
225000116,0,0,0
225000117,0,0,0
225000118,0,0,0
225000119,0,0,0
225000120,0,0,0
225000121,0,0,0
225000123,0,0,0
225000125,0,0,0
225000126,0,0,0
225000127,0,0,0
225000128,0,0,0
225000132,0,0,0
225000133,0,0,0
225000134,0,0,0
225000135,0,0,0
225000136,0,0,0
225000137,0,0,0
225000138,0,0,0
225000143,8,62,-54
225000144,2,129,-127
225000145,0,0,0
225000146,3,49,-46
225000147,2,105,-103
225000148,2,58,-56
225000149,88,194,-106
225000151,24,85,-61
225000155,36,47,-11
225000156,12,97,-85
225000157,12,76,-64
225000158,12,63,-51
225000171,0,43,-43
225000180,0,1,-1
225000181,0,16,-16
225000182,0,0,0
225000185,4,48,-44
225000187,19,82,-63
225000191,0,0,0
225000194,0,56,-56
225000208,0,7,-7
225000209,0,0,0
225000210,1,55,-54
225000217,0,9,-9
225000218,0,0,0
225000223,6,32,-26
225000224,0,0,0
225000225,0,2,-2
225000226,0,0,0
225000227,31,28,3
225000228,0,0,0
225000229,0,24,-24
225000230,0,0,0
225000231,1,49,-48
225000232,0,0,0
225000241,0,0,0
225000242,1,58,-57
225000249,0,0,0
225000250,20,242,-222
225000251,0,0,0
226000042,52,173,-121
226000043,9,85,-76
226000044,45,160,-115
226000045,17,109,-92
226000046,0,0,0
226000047,0,0,0
226000048,0,0,0
226000049,0,0,0
226000070,1,25,-24
226000071,0,10,-10
226000072,0,1,-1
226000073,0,13,-13
226000074,0,6,-6
226000084,2,14,-12
226000085,0,6,-6
226000086,3,1,2
226000087,0,2,-2
226000088,2,4,-2
226000090,0,0,0
226000091,0,0,0
226000092,0,0,0
226000093,0,0,0
226000094,0,0,0
226000095,0,0,0
226000105,0,0,0
226000106,0,0,0
226000107,0,0,0
226000108,0,0,0
226000109,0,0,0
226000124,0,0,0
226000134,0,0,0
226000135,1,0,1
226000136,0,0,0
226000137,1,147,-146
226000138,3,73,-70
226000139,0,9,-9
226000156,0,0,0
226000157,0,0,0
226000163,22,37,-15
226000202,1,105,-104
226000231,0,0,0
226000232,0,0,0
227000033,0,0,0
227000036,0,0,0
227000037,0,0,0
227000038,0,0,0
227000049,0,6,-6
227000050,0,16,-16
227000055,0,0,0
227000056,0,0,0
227000084,1,16,-15
227000085,0,10,-10
227000088,0,0,0
227000089,0,0,0
227000090,0,0,0
227000091,0,0,0
227000093,0,0,0
227000094,0,1,-1
227000130,1,49,-48
227000131,3,131,-128
227000132,1,127,-126
227000133,1,102,-101
227000134,1,130,-129
227000152,0,2,-2
227000153,1,25,-24
227000155,0,5,-5
227000156,0,10,-10
227000165,0,17,-17
227000196,10,30,-20
227000199,2,40,-38
227000230,10,35,-25
227000232,0,0,0
227000242,32,190,-158
227000243,0,0,0
227000245,39,224,-185
227000246,31,276,-245
227000247,0,0,0
227000248,0,0,0
227000249,16,136,-120
227000250,0,0,0
227000251,53,219,-166
227000252,15,269,-254
227000253,0,0,0
227000262,0,0,0
227000266,0,0,0
227000267,11,160,-149
227000282,18,25,-7
227000284,0,0,0
227000286,10,9,1
227000287,10,12,-2
227000291,26,53,-27
227000484,0,0,0
227000485,13,140,-127
227000655,0,0,0
227000656,0,0,0
227000657,0,0,0
227000661,0,0,0
227000680,0,0,0
229000265,0,2,-2
229000296,0,1,-1
229000297,2,4,-2
229000298,4,6,-2
229000320,0,0,0
229000321,0,0,0
229000412,0,5,-5
229000414,0,5,-5
229000415,0,0,0
229000416,0,0,0
229000417,0,0,0
229000419,3,11,-8
229000440,0,0,0
229000442,0,0,0
229000443,0,0,0
229000444,0,3,-3
229000445,0,0,0
229000446,0,0,0
229000847,10,1,9
229000848,15,0,15
229000849,190,2,188
229000851,14,0,14
229000854,2,24,-22
229000856,2,63,-61
229000857,0,11,-11
229000858,0,54,-54
229000919,7,155,-148
229000930,4,135,-131
229000937,0,0,0
229000966,0,0,0
229000981,5,63,-58
229000985,0,1,-1
229000986,0,0,0
229000987,0,0,0
229000988,0,1,-1
229000989,0,0,0
229000990,0,0,0
229000991,0,0,0
229000992,0,0,0
229000993,0,0,0
229000998,0,4,-4
229000999,0,0,0
229001034,0,1,-1
229001035,0,0,0
229001037,0,2,-2
229001042,0,0,0
229001047,0,1,-1
229001050,0,13,-13
229001200,0,0,0
229001338,0,3,-3
229001394,0,0,0
229001422,0,0,0
229001423,25,146,-121
229001431,0,0,0
229001432,47,75,-28
229001444,0,0,0
229001445,0,14,-14
229001503,0,0,0
229001504,26,138,-112
229001505,0,0,0
229001506,61,188,-127
229001509,0,7,-7
229001545,0,0,0
229001546,6,57,-51
229001553,0,0,0
229001554,5,90,-85
229001559,0,2,-2
229001560,0,0,0
229001630,0,0,0
229001631,0,6,-6
229001635,0,0,0
229001636,0,0,0
229001658,2,67,-65
229001659,0,0,0
229001660,0,0,0
229001661,0,0,0
229001662,12,11,1
229001663,1,28,-27
229002584,0,0,0
229002831,9,5,4
229002841,0,0,0
229002842,0,0,0
229002843,0,0,0
229002844,0,1,-1
229002845,0,1,-1
229002846,0,0,0
229002847,0,0,0
229002848,0,0,0
229002849,0,0,0
229002850,0,0,0
229002851,0,0,0
229002852,0,0,0
229002853,0,0,0
229002854,0,0,0
229002855,0,2,-2
229002856,0,0,0
229002857,0,1,-1
229002858,0,0,0
229002859,0,1,-1
229002860,0,0,0
229002861,0,0,0
229002862,0,0,0
229002863,0,0,0
229002864,0,0,0
229002865,0,2,-2
229002866,0,0,0
229002867,0,0,0
229002868,0,0,0
229002869,0,7,-7
229002870,0,0,0
235000066,0,0,0
235000067,0,0,0
235000072,12,69,-57
235000073,23,205,-182
235000074,8,28,-20
235000080,1,16,-15
235000081,13,23,-10
235000082,0,0,0
235000083,0,0,0
235000084,0,0,0
235000085,0,0,0
235000089,0,0,0
235000092,3,111,-108
235000093,0,4,-4
235000097,0,0,0
235000098,0,0,0
235000099,0,0,0
235000116,0,0,0
235000117,0,0,0
235000133,2,98,-96
235000134,0,47,-47
235000206,0,0,0
235000207,0,0,0
235000208,0,0,0
235000209,0,0,0
235000210,0,0,0
235000212,1,9,-8
235000213,1,4,-3
235000220,0,4,-4
235000221,2,13,-11
235000238,0,0,0
235000239,0,0,0
235000242,0,0,0
235000245,43,99,-56
235000246,3,44,-41
235000284,0,0,0
235000295,0,0,0
235000305,0,0,0
235000306,0,0,0
235000307,0,0,0
235000308,0,0,0
235000309,0,0,0
235000310,0,0,0
235000311,0,0,0
235000322,0,0,0
235000323,0,0,0
235000324,0,0,0
235000325,0,0,0
235000326,0,1,-1
235000351,0,0,0
235000352,0,0,0
235000353,0,0,0
235000354,0,0,0
235000355,0,0,0
235000356,0,0,0
235000357,0,0,0
235000358,0,0,0
235000359,0,0,0
235000360,0,0,0
235000361,0,0,0
235000381,15,85,-70
235000382,0,0,0
235000390,0,0,0
235000391,0,0,0
235000392,0,0,0
235000393,0,0,0
235000395,0,0,0
235000396,0,0,0
235000400,0,0,0
235000401,2,31,-29
235000405,22,107,-85
235000406,3,71,-68
235000407,29,75,-46
235000409,37,90,-53
235000410,8,113,-105
235000411,0,35,-35
235000485,0,18,-18
235000486,0,0,0
235000549,0,0,0
235000550,19,63,-44
235000599,22,31,-9
235000600,3,5,-2
235000601,0,0,0
235000602,0,0,0
235000614,0,1,-1
235000648,0,100,-100
235000649,0,0,0
235000685,0,0,0
235000815,0,0,0
235000834,0,0,0
235000855,0,0,0
235000862,7,46,-39
235000891,0,5,-5
235000892,0,11,-11
235000901,58,44,14
235000907,9,3,6
235001010,0,0,0
235001029,245,210,35
235001030,0,0,0
235001078,0,0,0
235001079,5,50,-45
235001147,0,0,0
235001166,0,0,0
235001167,4,25,-21
235001169,0,1,-1
235001188,0,10,-10
235001189,0,0,0
235001197,2,13,-11
235001200,20,27,-7
235001207,0,0,0
235001210,11,66,-55
235001215,3,62,-59
235001239,0,50,-50
235001244,0,0,0
235016267,0,0,0
277102712,0,0,0
277103813,1,0,1
277103814,0,0,0
277104249,0,1,-1
277104250,0,0,0
277104251,0,0,0
277104252,0,0,0
990011530,0,5,-5
990014944,0,35,-35
990015176,0,0,0
990015618,0,0,0
990016032,0,0,0
990032570,0,9,-9
990070001,0,0,0
990070103,0,0,0
990070601,0,0,0
990070751,0,0,0
990070766,0,0,0
990071180,0,2,-2
990071343,0,0,0
990071387,0,0,0
990071823,0,0,0
990072600,0,6,-6
990072964,0,39,-39
990073285,0,0,0
990074393,0,1,-1
990074870,1,5,-4
990075106,0,0,0
990075746,0,0,0
990076437,1,0,1
990076458,1,66,-65
997000007,0,0,0
997000041,0,1,-1
997000058,0,0,0
997000062,0,1,-1
997000069,0,0,0
997000070,0,27,-27
997000100,0,0,0
997000141,0,0,0
997000198,0,0,0
998000475,0,0,0
998000736,0,0,0
998000965,0,0,0
998001031,0,0,0
998001700,0,35,-35
998001899,0,0,0
998001900,25,0,25
998003073,0,1,-1
998101900,0,19,-19
998102850,0,0,0
998501927,0,60,-60
998501929,0,0,0
998501930,0,0,0
998501931,1,0,1
998501932,36,1,35
998501933,0,0,0
998501937,0,0,0
998501944,0,0,0
998501950,0,2,-2
998501970,1,1,0
998501971,0,45,-45
998501973,0,0,0
998501974,0,23,-23
998501975,0,0,0
998501976,3,0,3
998501977,0,4,-4
998501978,0,0,0
998501979,0,1,-1
998501980,1,1,0
998501981,0,0,0
998501982,0,0,0
998501983,0,0,0
998502006,0,0,0
998502024,0,1,-1
998502032,0,0,0
998502062,0,0,0
998502063,2,1,1
998502173,0,0,0
998502269,0,1,-1
998502546,0,0,0
998502578,0,0,0
998502599,0,0,0
998502621,0,0,0
998601159,0,0,0
998601292,0,0,0
999033574,0,26,-26
999800001,0,0,0
999800002,0,0,0
999800003,0,0,0
999800004,0,4,-4
999800005,0,9,-9
