ID,insum,outsum,diff
100000001,633,312,321
100000002,1074,477,597
100000003,5656,1332,4324
100000004,1523,590,933
100000005,1449,1587,-138
100000006,185,60,125
100000007,775,204,571
100000008,76,427,-351
100000009,196,116,80
100000010,14,35,-21
100000011,287,44,243
100000012,24,540,-516
100000013,5,126,-121
100000014,176,277,-101
100000015,1303,679,624
100000016,872,1106,-234
100000017,573,859,-286
100000018,1179,404,775
100000019,4462,1081,3381
100000020,1552,1896,-344
100000021,5563,1405,4158
100000022,1258,606,652
100000023,5361,570,4791
100000025,2592,289,2303
100000028,1556,555,1001
100000029,225,126,99
100000030,667,34,633
100000031,4486,3106,1380
100000032,2661,1768,893
100000033,579,1169,-590
100000034,708,219,489
100000035,1242,478,764
100000036,2171,602,1569
100000037,217,308,-91
100000038,727,569,158
100000039,347,121,226
100000040,91,59,32
100000041,354,219,135
100000042,318,214,104
100000043,416,153,263
100000044,317,528,-211
100000045,306,1054,-748
100000046,522,995,-473
100000047,188,642,-454
100000048,235,480,-245
100000049,1208,1976,-768
100000051,225,853,-628
100000053,17,9,8
100000054,36,29,7
100000055,259,234,25
100000056,180,416,-236
100000057,1048,543,505
100000058,633,1059,-426
100000059,6,62,-56
100000060,176,236,-60
100000061,1002,376,626
100000062,992,343,649
100000063,280,146,134
100000064,463,244,219
100000065,211,840,-629
100000066,142,699,-557
100000067,349,666,-317
100000068,371,1189,-818
100000069,144,1409,-1265
100000072,350,911,-561
100000073,913,935,-22
100000075,299,245,54
100000076,1251,1003,248
100000077,619,78,541
100000078,94,12,82
100000079,41,28,13
100000080,5,6,-1
100000081,39,16,23
100000102,1770,871,899
100000103,2920,547,2373
100000104,4375,819,3556
100000105,4045,349,3696
100000106,2117,839,1278
100000107,413,207,206
100000108,786,821,-35
100000109,2771,946,1825
100000116,899,336,563
100000117,19,20,-1
100000118,894,469,425
100000119,372,342,30
100000121,117,546,-429
100000122,649,580,69
100000123,3296,2929,367
100000124,6840,3503,3337
100000125,2999,592,2407
100000126,568,195,373
100000127,1281,291,990
100000128,732,608,124
100000129,365,265,100
100000130,252,423,-171
100000131,3810,1750,2060
100000132,1795,887,908
100000133,8707,2155,6552
100000135,318,356,-38
100000139,138,134,4
100000140,125,245,-120
100000142,208,455,-247
100000143,1424,822,602
100000144,3204,855,2349
100000147,606,1306,-700
100000150,6,350,-344
100000151,351,231,120
100000153,275,155,120
100000154,108,35,73
100000155,5,23,-18
100000156,56,65,-9
100000157,34,135,-101
100000158,21,62,-41
100000159,324,336,-12
100000165,809,532,277
100000169,529,193,336
100000174,1625,266,1359
100000179,99,421,-322
100000180,672,704,-32
100000181,163,241,-78
100000188,55,226,-171
100000189,342,211,131
100000190,268,261,7
100000191,389,305,84
100000192,104,50,54
100000193,71,137,-66
100000330,1895,295,1600
100000355,107,360,-253
100000362,4022,2750,1272
100000363,1493,2270,-777
100000364,275,123,152
100000365,2322,3422,-1100
100000366,3000,1862,1138
100000367,1911,2289,-378
100000368,1622,1609,13
100000369,705,769,-64
100000370,110,202,-92
100000376,57,49,8
100000379,1845,787,1058
100000380,2692,1086,1606
100000384,4979,1495,3484
100000385,5178,2080,3098
100000386,8539,1940,6599
100000387,7246,2159,5087
100000388,11810,2175,9635
100000389,10398,2174,8224
100000390,11772,1785,9987
100000391,6585,2302,4283
100000392,2381,732,1649
100000393,891,825,66
100000394,4704,1803,2901
100000395,2362,651,1711
100000396,3466,1171,2295
100000397,1936,1096,840
100000398,8666,6225,2441
100000413,11,1,10
100900002,2,66,-64
100900003,143,59,84
100900004,25,676,-651
100900005,86,3,83
100900006,7,213,-206
100900007,305,7,298
100900008,0,429,-429
100900009,32,38,-6
100900010,12,116,-104
100900011,17,257,-240
100900012,3,220,-217
100900013,246,4,242
100900014,2,4,-2
100900015,101,75,26
100900016,0,24,-24
100900017,356,37,319
100900018,0,13,-13
100900019,11,41,-30
100900020,160,0,160
100900021,349,1,348
100900022,5,4,1
100900023,0,10,-10
100900024,591,1,590
100900025,13,14,-1
100900026,23,120,-97
100900027,510,1216,-706
100900028,58,122,-64
100900029,48,7,41
100900030,3,7,-4
100900031,140,65,75
100900032,67,0,67
100900033,218,41,177
100900034,197,0,197
100900035,660,2,658
100900036,10,2,8
100900037,22,197,-175
100900038,29,10,19
100900039,199,489,-290
100900040,116,802,-686
100900041,150,884,-734
100900042,226,202,24
100900043,1,5,-4
100900044,2446,223,2223
100900045,35,0,35
100900046,473,0,473
100900047,664,49,615
100900048,55,6,49
100900049,34,230,-196
100900050,1,9,-8
100900051,43,23,20
100900052,56,8,48
100900053,111,16,95
100900054,0,92,-92
100900055,136,184,-48
100900056,63,154,-91
100900057,391,313,78
100900058,104,25,79
100900059,24,0,24
100900060,42,4,38
100900061,205,203,2
100900062,3,45,-42
100900063,82,268,-186
100900064,380,8,372
100900065,47,31,16
100900066,17,27,-10
100900067,5,7,-2
100900068,19,102,-83
100900069,197,1,196
100900070,73,0,73
100900071,485,174,311
100900072,1,61,-60
100900073,78,519,-441
100900074,2,2,0
100900075,2083,207,1876
100900076,29,13,16
100900077,1,108,-107
100900078,34,113,-79
100900079,3,19,-16
100900080,6,98,-92
100900081,9,45,-36
100900082,15,713,-698
100900083,4,24,-20
100900085,2,73,-71
100900086,97,234,-137
100900088,25,643,-618
100900089,2,20,-18
100900090,119,344,-225
100900091,1,12,-11
100900092,110,80,30
100900093,47,122,-75
100900094,43,607,-564
100900095,0,18,-18
100900096,8,76,-68
100900097,1,6,-5
100900098,1,11,-10
100900099,29,457,-428
100900100,6,197,-191
100900101,250,14,236
100900102,85,28,57
100900103,2,5,-3
100900104,13,106,-93
100900105,4,51,-47
100900106,26,1,25
100900107,1276,350,926
100900108,0,2,-2
100900109,9,16,-7
100900110,2,34,-32
100900111,59,96,-37
100900112,0,3,-3
100900113,3,19,-16
100900114,1,4,-3
100900115,0,20,-20
100900116,500,251,249
100900117,178,303,-125
100900118,94,40,54
100900119,1,13,-12
100900120,0,8,-8
100900121,147,202,-55
100900122,79,158,-79
100900123,41,62,-21
100900124,0,4,-4
100900125,12,42,-30
100900126,45,169,-124
100900127,0,2,-2
100900128,70,116,-46
100900129,1,70,-69
100900131,40,88,-48
100900133,44,49,-5
100900134,1,4,-3
100900135,0,96,-96
100900137,255,142,113
100900138,265,196,69
100900139,0,1,-1
100900140,4,679,-675
100900141,1,216,-215
100900142,0,2,-2
100900143,875,200,675
100900144,1,2,-1
100900145,7,79,-72
100900146,5,11,-6
100900147,1,200,-199
100900148,22,864,-842
100900149,3,55,-52
100900150,4,13,-9
100900151,58,393,-335
100900152,72,5,67
100900153,0,127,-127
100900154,2,17,-15
100900155,1,1,0
100900156,23,3,20
100900157,0,79,-79
100900159,0,8,-8
100900160,4,7,-3
100900161,159,5,154
100900162,5,118,-113
100900163,104,189,-85
100900164,12,16,-4
100900165,25,39,-14
100900166,23,3,20
100900167,25,61,-36
100900168,5,83,-78
100900169,129,930,-801
100900170,16,1,15
100900171,13,634,-621
100900172,0,7,-7
100900173,6,494,-488
100900174,208,60,148
100900176,1009,42,967
100900177,821,146,675
100900178,192,91,101
100900179,59,21,38
100900180,0,1,-1
100900181,45,21,24
100900182,11,7,4
100900184,1,97,-96
100900186,779,470,309
100900187,5,172,-167
100900188,38,6,32
100900189,532,99,433
100900191,842,477,365
100900192,162,84,78
100900195,67,110,-43
100900197,9,118,-109
100900198,17,189,-172
100900199,10,12,-2
100900200,483,273,210
100900201,20,717,-697
100900202,3,0,3
100900203,0,35,-35
100900204,138,74,64
100900205,67,182,-115
100900206,40,28,12
100900207,105,47,58
100900210,33,768,-735
100900211,209,30,179
100900213,30,8,22
100900214,762,32,730
100900215,1,18,-17
100900217,64,38,26
101000001,3250,1815,1435
101000002,2672,2054,618
101000003,583,1075,-492
101000004,7768,4677,3091
101000005,3988,3356,632
101000006,6680,4437,2243
101000007,1645,1899,-254
101000008,2674,1968,706
101000009,1043,1778,-735
101000010,614,1348,-734
101000011,1654,450,1204
101000012,1570,256,1314
101000013,386,527,-141
101000014,395,468,-73
101000015,612,605,7
101000016,292,231,61
101000017,387,392,-5
101000018,3874,1930,1944
101000020,3545,826,2719
101000021,908,158,750
101000022,315,43,272
101000023,1447,591,856
101000025,68,183,-115
101000026,350,26,324
101000027,1242,1097,145
101000028,581,124,457
101000029,18,482,-464
101000030,450,58,392
101000031,189,77,112
101000032,3950,1449,2501
101000033,2078,1280,798
101000034,2446,865,1581
101000035,989,212,777
101000036,1425,252,1173
101000037,4688,706,3982
101000039,3383,620,2763
101000040,3667,1660,2007
101000041,7035,1741,5294
101000042,539,348,191
101000043,6071,1361,4710
101000045,913,207,706
101000046,1516,633,883
101000047,860,682,178
101000048,528,610,-82
101000049,621,491,130
101000050,1860,598,1262
101000051,2794,788,2006
101000052,1365,308,1057
101000053,861,1120,-259
101000054,1373,1143,230
101000055,1414,585,829
101000056,47,39,8
101000057,2343,374,1969
101000058,1744,464,1280
101000059,3261,990,2271
101000060,1856,178,1678
101000061,1173,507,666
101000062,1274,219,1055
101000063,342,248,94
101000064,980,292,688
101000065,145,235,-90
101000066,305,151,154
101000067,535,240,295
101000068,181,118,63
101000069,213,42,171
101000070,1293,465,828
101000071,1442,452,990
101000072,853,2148,-1295
101000073,516,384,132
101000074,3015,1554,1461
101000075,4657,2026,2631
101000077,850,934,-84
101000078,739,1384,-645
101000079,253,456,-203
101000080,393,361,32
101000081,881,858,23
101000082,2732,1907,825
101000083,1302,1094,208
101000084,1177,994,183
101000085,1388,675,713
101000086,957,834,123
101000087,682,1052,-370
101000088,615,764,-149
101000089,619,960,-341
101000090,2136,1301,835
101000091,271,1395,-1124
101000092,611,937,-326
101000093,1099,607,492
101000094,503,882,-379
101000095,166,641,-475
101000096,152,525,-373
101000097,239,201,38
101000098,382,401,-19
101000099,838,864,-26
101000100,672,364,308
101000101,325,286,39
101000102,646,223,423
101000103,671,267,404
101000104,206,296,-90
101000105,619,99,520
101000106,406,398,8
101000107,67,233,-166
101000108,1122,302,820
101000109,119,48,71
101000110,25,614,-589
101000111,53,140,-87
101000113,75,301,-226
101000114,1835,970,865
101000115,83,131,-48
101000116,55,176,-121
101000117,141,170,-29
101000119,144,25,119
101000120,186,15,171
101000121,75,2,73
101000122,69,22,47
101000123,22,21,1
101000124,143,157,-14
101000125,97,318,-221
101000128,867,279,588
101000130,196,205,-9
101000131,318,555,-237
101000132,210,1394,-1184
101000135,55,4,51
101000136,139,43,96
101000137,14,127,-113
101000141,2153,970,1183
101000147,604,434,170
101000148,2049,25,2024
101000149,37,19,18
101000150,31,861,-830
101000151,72,64,8
101000152,226,261,-35
101000153,399,363,36
101000154,76,1522,-1446
101000155,123,106,17
101000156,40,209,-169
101000157,37,17,20
101000160,14,61,-47
101000163,85,72,13
101000164,453,270,183
101000165,129,263,-134
101000166,278,343,-65
101000168,488,321,167
101000252,1022,472,550
101000254,227,6,221
101000258,36,5,31
101000261,44,87,-43
101000262,518,819,-301
101000263,135,437,-302
101000265,18,416,-398
101000266,164,199,-35
101000269,106,2,104
101000290,1461,1425,36
101000293,4,59,-55
101000294,400,313,87
101000295,89,350,-261
101000301,599,115,484
101000304,1621,1828,-207
101000305,2041,1354,687
101000328,51,221,-170
101900001,24,60,-36
101900002,0,24,-24
101900003,59,78,-19
101900004,4,35,-31
101900005,4659,697,3962
101900006,578,10,568
101900007,315,32,283
101900008,99,185,-86
101900009,23,285,-262
101900010,873,354,519
101900011,209,953,-744
101900012,97,141,-44
101900013,922,74,848
101900017,15,71,-56
101900018,1794,113,1681
101900019,91,25,66
101900020,49,59,-10
101900021,0,22,-22
101900022,36,1219,-1183
101900023,38,191,-153
101900026,67,41,26
101900027,5,90,-85
102000001,1563,2677,-1114
102000002,2420,958,1462
102000003,3203,2665,538
102000004,8134,1797,6337
102000005,1204,1506,-302
102000006,1885,1112,773
102000007,1246,2799,-1553
102000008,5864,1313,4551
102000009,4569,5277,-708
102000010,5736,2522,3214
102000011,1735,1577,158
102000012,2618,2627,-9
102000018,2906,1772,1134
102000019,2233,1213,1020
102000026,224,373,-149
102000029,409,187,222
102000030,57,187,-130
102000031,14,203,-189
102000032,194,301,-107
102000033,108,340,-232
102000034,430,336,94
102000035,836,436,400
102000036,4,137,-133
102000037,127,73,54
102000038,108,75,33
102000039,77,32,45
102000040,407,83,324
102000041,101,169,-68
102000042,107,62,45
102000043,230,145,85
102000044,236,311,-75
102000045,541,772,-231
102000046,615,323,292
102000047,538,1053,-515
102000048,152,576,-424
102000049,603,411,192
102000050,794,859,-65
102000051,234,477,-243
102000052,877,649,228
102000053,550,672,-122
102000054,190,591,-401
102000055,421,864,-443
102000056,375,1071,-696
102000057,955,479,476
102000058,756,1538,-782
102000059,835,1050,-215
102000060,775,814,-39
102000061,836,2201,-1365
102000062,623,1074,-451
102000063,855,1275,-420
102000064,324,422,-98
102000065,28,114,-86
102000066,1333,847,486
102000067,2106,2219,-113
102000068,7017,1980,5037
102000069,24,1561,-1537
102000070,2019,33,1986
102000071,5017,7574,-2557
102000072,2587,3701,-1114
102000073,848,729,119
102000074,498,650,-152
102000075,113,221,-108
102000076,172,356,-184
102000077,153,1157,-1004
102000078,466,794,-328
102000079,45,235,-190
102000080,114,140,-26
102000081,188,652,-464
102000082,482,235,247
102000083,165,615,-450
102000084,107,338,-231
102000085,1151,1100,51
102000086,724,920,-196
102000087,478,1985,-1507
102000088,195,254,-59
102000089,650,423,227
102000090,336,1027,-691
102000091,1196,375,821
102000092,432,622,-190
102000093,403,383,20
102000094,1068,336,732
102000095,756,890,-134
102000096,1207,647,560
102000097,1282,885,397
102000098,605,759,-154
102000099,856,425,431
102000100,1163,527,636
102000101,1354,257,1097
102000102,279,1244,-965
102000103,1144,302,842
102000104,1015,251,764
102000105,86,767,-681
102000106,455,787,-332
102000107,500,438,62
102000108,391,257,134
102000109,220,495,-275
102000110,313,1333,-1020
102000111,9,225,-216
102000112,86,84,2
102000113,3,16,-13
102000114,824,253,571
102000115,143,140,3
102000116,457,252,205
102000117,253,344,-91
102000118,1553,814,739
102000119,2096,384,1712
102000120,48,353,-305
102000121,813,445,368
102000122,308,544,-236
102000123,1137,726,411
102000124,728,591,137
102000125,825,627,198
102000126,389,494,-105
102000127,807,464,343
102000128,366,849,-483
102000129,833,712,121
102000130,303,480,-177
102000131,1610,461,1149
102000132,601,380,221
102000133,782,2387,-1605
102000134,288,531,-243
102000135,938,453,485
102000136,916,287,629
102000137,956,653,303
102000138,184,335,-151
102000139,22,269,-247
102000140,140,180,-40
102000141,126,459,-333
102000142,95,306,-211
102000143,44,401,-357
102000144,72,367,-295
102000145,167,372,-205
102000146,198,263,-65
102000147,236,247,-11
102000148,146,172,-26
102000149,88,525,-437
102000150,124,232,-108
102000151,65,307,-242
102000152,94,140,-46
102000153,680,226,454
102000154,361,438,-77
102000155,74,188,-114
102000156,353,59,294
102000157,68,115,-47
102000158,271,178,93
102000159,1406,165,1241
102000161,4220,1087,3133
102000162,161,79,82
102000163,93,333,-240
102000164,996,598,398
102000165,224,111,113
102000166,23,58,-35
102000167,160,195,-35
102000168,174,74,100
102000169,63,287,-224
102000170,515,91,424
102000171,95,84,11
102000172,31,185,-154
102000173,219,141,78
102000174,19,39,-20
102000175,77,115,-38
102000176,31,25,6
102000178,162,491,-329
102000179,159,150,9
102000180,342,451,-109
102000181,339,630,-291
102000182,342,657,-315
102000183,712,1714,-1002
102000184,774,738,36
102000185,1163,1493,-330
102000186,486,1780,-1294
102000187,407,1743,-1336
102000188,352,1248,-896
102000189,2616,746,1870
102000190,613,1958,-1345
102000191,1132,550,582
102000192,489,817,-328
102000193,23,145,-122
102000194,50,124,-74
102000195,202,455,-253
102000196,111,560,-449
102000197,191,437,-246
102000198,96,906,-810
102000199,256,406,-150
102000200,140,1230,-1090
102000201,333,434,-101
102000202,1,170,-169
102000203,106,304,-198
102000204,179,836,-657
102000205,400,618,-218
102000206,333,670,-337
102000207,564,403,161
102000208,153,474,-321
102000209,21,52,-31
102000210,104,485,-381
102000211,189,450,-261
102000212,56,8,48
102000213,3,316,-313
102000214,62,8,54
102000215,1,547,-546
102000216,19,28,-9
102000217,6,227,-221
102000218,86,34,52
102000219,273,345,-72
102000225,723,641,82
102000226,2745,203,2542
102000227,46,0,46
102000228,1,84,-83
102000229,17,23,-6
102000230,206,555,-349
102000231,153,334,-181
102000232,12,117,-105
102000233,254,438,-184
102000234,90,1261,-1171
102000236,279,80,199
102000237,385,133,252
102000238,196,287,-91
102000240,581,419,162
102000241,179,72,107
102000243,5,36,-31
102000245,2,131,-129
102000246,13,20,-7
102000247,724,742,-18
102000248,324,387,-63
102000249,81,122,-41
102000250,10,392,-382
102000254,30,373,-343
102000266,34,128,-94
102000271,11,0,11
102000286,381,225,156
102000297,1466,691,775
102000301,0,0,0
102000303,0,0,0
102000307,0,3,-3
102900001,832,708,124
102900002,210,31,179
102900003,19,263,-244
102900005,213,258,-45
102900006,265,165,100
102900007,441,28,413
102900008,195,70,125
102900009,533,153,380
102900010,533,459,74
102900011,2057,241,1816
102900012,345,33,312
102900013,6,51,-45
102900015,656,135,521
102900016,30,95,-65
102900017,73,612,-539
102900018,6,141,-135
102900019,301,458,-157
102900020,57,27,30
102900021,6,123,-117
102900022,260,47,213
102900023,13,45,-32
102900024,8,28,-20
102900025,243,72,171
102900026,445,990,-545
102900027,52,54,-2
102900028,52,275,-223
102900029,74,79,-5
102900030,281,138,143
102900031,69,129,-60
102900032,16,105,-89
102900033,68,158,-90
102900034,152,108,44
102900035,45,451,-406
102900036,125,551,-426
102900037,128,634,-506
102900038,270,529,-259
102900039,20,306,-286
102900040,113,168,-55
102900041,52,151,-99
102900042,133,322,-189
102900043,68,254,-186
102900044,432,1639,-1207
102900045,63,465,-402
102900046,48,268,-220
102900047,45,600,-555
102900048,355,734,-379
102900049,47,331,-284
102900050,200,343,-143
102900051,116,142,-26
102900052,46,29,17
102900053,205,691,-486
102900054,765,704,61
102900055,45,88,-43
102900056,107,469,-362
102900057,1,18,-17
102900058,234,47,187
102900059,8,37,-29
102900060,32,341,-309
102900061,39,416,-377
102900062,59,1416,-1357
102900063,455,387,68
102900064,125,348,-223
102900065,1408,696,712
102900066,239,29,210
102900068,51,68,-17
102900070,54,650,-596
102900072,11,19,-8
102900073,101,3,98
102900075,13,15,-2
102900076,268,39,229
102900077,33,21,12
102900078,37,55,-18
102900079,193,11,182
102900080,211,30,181
102900081,52,171,-119
102900082,16,216,-200
102900083,264,13,251
102900084,3,15,-12
102900085,58,21,37
102900086,3,24,-21
102900087,39,107,-68
102900088,11,36,-25
102900089,215,88,127
102900090,1,419,-418
102900091,33,0,33
102900092,83,911,-828
102900093,163,125,38
102900094,1,39,-38
102900095,72,1,71
102900096,15,5,10
102900097,0,104,-104
102900098,30,6,24
103000001,1840,2041,-201
103000002,1476,1710,-234
103000003,2570,2048,522
103000004,771,459,312
103000005,1802,1685,117
103000006,391,1006,-615
103000007,334,741,-407
103000008,783,956,-173
103000009,550,671,-121
103000010,101,74,27
103000011,1609,730,879
103000012,802,1054,-252
103000013,5948,1598,4350
103000014,979,1142,-163
103000015,2149,654,1495
103000016,534,622,-88
103000017,98,199,-101
103000018,880,352,528
103000019,138,93,45
103000020,1384,1096,288
103000021,974,1114,-140
103000022,815,1031,-216
103000023,285,868,-583
103000024,98,137,-39
103000025,30,243,-213
103000026,1567,91,1476
103000027,201,249,-48
103000028,666,306,360
103000029,467,101,366
103000030,1755,424,1331
103000031,1187,840,347
103000032,1495,1401,94
103000033,1896,1805,91
103000034,1362,743,619
103000035,303,658,-355
103000036,417,318,99
103000037,664,339,325
103000038,385,585,-200
103000039,228,435,-207
103000040,151,988,-837
103000041,1072,2480,-1408
103000042,449,528,-79
103000043,228,1008,-780
103000044,84,248,-164
103000046,161,274,-113
103000047,288,505,-217
103000048,88,105,-17
103000049,82,165,-83
103000050,456,578,-122
103000051,183,436,-253
103000052,598,374,224
103000053,92,304,-212
103000054,1414,902,512
103000055,1172,1150,22
103000056,312,2209,-1897
103000057,326,214,112
103000058,266,837,-571
103000059,222,653,-431
103000060,557,674,-117
103000061,322,572,-250
103000062,737,717,20
103000063,412,546,-134
103000064,66,220,-154
103000065,2,314,-312
103000066,44,11,33
103000069,103,321,-218
103000070,405,1011,-606
103000071,503,299,204
103000072,91,842,-751
103000073,255,69,186
103000074,379,38,341
103000075,110,826,-716
103000076,146,161,-15
103000077,41,349,-308
103000078,991,259,732
103000079,1339,389,950
103000080,992,142,850
103000081,488,522,-34
103000082,264,155,109
103000083,95,331,-236
103000084,147,5,142
103000085,3,69,-66
103000086,440,234,206
103000087,109,260,-151
103000088,251,252,-1
103000089,137,239,-102
103000090,1127,868,259
103000091,398,328,70
103000092,202,280,-78
103000093,250,485,-235
103000094,148,119,29
103000095,16,323,-307
103000096,519,63,456
103000097,38,641,-603
103000098,867,144,723
103000099,392,565,-173
103000100,39,816,-777
103000101,397,119,278
103000102,81,635,-554
103000103,334,205,129
103000104,38,165,-127
103000105,47,121,-74
103000106,4,77,-73
103000107,183,48,135
103000108,429,508,-79
103000109,289,256,33
103000110,267,353,-86
103000111,391,294,97
103000112,232,192,40
103000113,544,531,13
103000114,688,295,393
103000115,252,340,-88
103000116,288,395,-107
103000117,135,416,-281
103000118,1086,983,103
103000119,1639,559,1080
103000120,40,66,-26
103000121,116,408,-292
103000122,151,156,-5
103000125,3,447,-444
103000126,170,4,166
103000127,0,208,-208
103000128,75,0,75
103000129,0,147,-147
103000130,37,7,30
103000131,151,59,92
103000132,26,54,-28
103000133,4,129,-125
103000134,719,440,279
103000135,792,184,608
103000136,763,249,514
103000137,459,476,-17
103000138,764,455,309
103000139,0,42,-42
103000140,74,15,59
103000141,19,83,-64
103000142,96,77,19
103000143,32,157,-125
103000144,109,61,48
103000145,16,11,5
103000150,29,36,-7
103000152,187,185,2
103000153,94,122,-28
103000156,2,397,-395
103000157,134,0,134
103000159,91,107,-16
103000162,57,39,18
103000163,1,9,-8
103000164,0,8,-8
103000165,91,349,-258
103000166,93,137,-44
103000167,127,83,44
103000168,40,165,-125
103000169,87,177,-90
103000170,363,442,-79
103000171,26,65,-39
103000172,151,241,-90
103000173,133,712,-579
103000174,89,239,-150
103000175,64,458,-394
103000176,548,205,343
103000177,605,314,291
103000178,327,222,105
103000179,66,13,53
103000183,34,26,8
103000185,52,73,-21
103000186,44,127,-83
103000187,110,600,-490
103000188,13,102,-89
103000189,743,854,-111
103000191,541,645,-104
103000292,2315,562,1753
103000293,1128,726,402
103000295,88,51,37
103000296,70,1,69
103000297,75,14,61
103000504,39,7,32
103000505,5,7,-2
103000506,1,175,-174
103000507,78,1,77
103000508,44,17,27
103000509,163,402,-239
103900001,7,316,-309
103900002,1647,125,1522
103900003,1576,67,1509
103900004,24,0,24
103900005,1,198,-197
103900006,0,0,0
103900007,13,1,12
103900008,4,0,4
103900009,118,235,-117
103900010,111,189,-78
103900011,61,205,-144
103900012,5,8,-3
103900013,12,63,-51
103900014,35,21,14
103900015,34,21,13
103900016,141,255,-114
103900017,11,69,-58
103900018,568,129,439
103900019,39,127,-88
103900020,124,212,-88
103900021,744,173,571
103900022,734,504,230
103900023,56,0,56
103900024,54,540,-486
103900025,1,55,-54
103900026,0,0,0
103900027,263,254,9
103900028,11,163,-152
103900029,581,87,494
103900030,92,30,62
103900031,1,2,-1
103900032,23,22,1
103900033,61,1,60
103900034,21,257,-236
103900035,28,53,-25
103900036,37,20,17
103900037,35,28,7
103900038,45,91,-46
103900039,21,483,-462
103900040,5,227,-222
103900041,6,20,-14
103900042,19,416,-397
103900043,48,97,-49
103900044,259,122,137
103900045,101,170,-69
103900047,17,36,-19
103900048,43,14,29
103900049,177,956,-779
103900050,0,45,-45
103900051,0,28,-28
103900052,118,672,-554
103900053,58,950,-892
103900054,26,605,-579
103900055,177,177,0
103900056,12,56,-44
103900057,9,278,-269
103900058,52,691,-639
103900059,0,1,-1
103900060,27,165,-138
103900061,54,42,12
103900062,82,41,41
103900063,2,0,2
103900064,33,4,29
103900065,739,232,507
103900066,40,6,34
103900067,36,3,33
103900068,0,0,0
103900069,44,3,41
103900070,90,203,-113
103900071,12,151,-139
103900072,6,303,-297
103900073,31,4,27
103900074,16,92,-76
103900075,123,110,13
103900076,181,736,-555
103900077,42,33,9
103900078,40,95,-55
103900079,42,229,-187
103900080,3,11,-8
103900081,49,6,43
103900082,0,70,-70
103900083,2060,270,1790
103900084,29,96,-67
103900085,63,72,-9
103900086,198,204,-6
103900088,302,146,156
103900089,46,170,-124
103900090,1,207,-206
103900091,729,166,563
103900092,204,484,-280
103900093,99,447,-348
103900094,10,172,-162
103900095,122,150,-28
103900096,10,350,-340
103900097,5,438,-433
103900098,80,52,28
103900099,10,194,-184
103900100,55,297,-242
103900101,38,867,-829
103900102,0,40,-40
103900104,1,26,-25
103900105,50,142,-92
103900106,0,13,-13
103900107,20,221,-201
103900108,28,409,-381
103900109,15,93,-78
103900110,148,27,121
103900111,19,688,-669
103900112,8,25,-17
103900113,130,110,20
103900114,484,302,182
103900115,184,72,112
103900116,6659,912,5747
103900117,233,111,122
103900119,29,44,-15
103900120,19,90,-71
103900122,35,388,-353
103900123,1278,413,865
103900124,21,545,-524
103900125,50,75,-25
103900126,169,446,-277
103900127,65,683,-618
103900128,15,150,-135
103900131,8,120,-112
103900133,587,14,573
103900134,1,2,-1
103900135,3,5,-2
103900137,0,25,-25
103900138,20,283,-263
103900139,214,703,-489
103900140,2,18,-16
103900141,166,79,87
103900142,51,131,-80
103900143,20,2,18
103900144,0,74,-74
103900145,107,275,-168
103900146,165,271,-106
103900147,154,98,56
103900148,68,163,-95
103900149,50,601,-551
103900150,6288,1290,4998
103900151,17,118,-101
103900152,135,755,-620
103900153,1,0,1
103900154,943,607,336
103900155,21,218,-197
103900156,15,165,-150
103900157,9,270,-261
103900158,16,169,-153
103900159,38,55,-17
103900160,5,7,-2
103900161,49,195,-146
103900162,38,189,-151
103900163,3,311,-308
103900167,17,48,-31
103900168,28,126,-98
103900169,7,19,-12
103900170,6,78,-72
103900171,0,99,-99
103900172,9,37,-28
103900173,3,7,-4
103900174,36,55,-19
103900175,38,19,19
103900176,7,6,1
103900177,12,37,-25
103900178,11,72,-61
103900179,20,154,-134
103900180,6,93,-87
103900181,64,24,40
103900182,14,10,4
103900184,449,27,422
103900185,147,63,84
103900187,107,22,85
103900188,16,2,14
103900189,76,5,71
103900190,18,27,-9
103900191,10,26,-16
103900192,18,46,-28
103900193,120,101,19
103900194,13,344,-331
103900195,0,17,-17
103900196,14,19,-5
103900197,11,19,-8
103900198,13,40,-27
103900199,54,95,-41
103900200,124,159,-35
103900201,52,124,-72
103900202,1,43,-42
103900203,6,18,-12
103900204,2,119,-117
103900207,0,152,-152
103900208,10,1,9
103900209,4,101,-97
103900210,14,29,-15
103900211,266,556,-290
103900212,39,482,-443
103900213,81,184,-103
103900214,174,66,108
103900215,663,203,460
103900216,1,500,-499
103900217,315,29,286
103900218,0,146,-146
103900219,34,259,-225
103900233,30,2,28
103900235,16,15,1
103900236,16,0,16
103900242,1,5,-4
103900243,0,2,-2
103900244,38,287,-249
103900245,41,202,-161
103900246,23,41,-18
103900247,22,88,-66
103900248,1,15,-14
103900249,7,38,-31
103900250,19,17,2
103900251,2,17,-15
103900253,5,17,-12
103900254,0,4,-4
103900255,16,7,9
103900256,3,8,-5
103900257,59,42,17
103900258,20,2,18
103900259,42,0,42
103900261,1,3,-2
103900262,10,1,9
103900263,42,22,20
103900264,36,5,31
103900265,26,5,21
103900266,0,23,-23
103900267,1,43,-42
103900268,8,126,-118
103900269,72,28,44
103900270,6,114,-108
103900271,12,184,-172
103900272,43,69,-26
103900273,12,56,-44
103900274,22,9,13
103900275,21,10,11
103900276,5,90,-85
103900277,4,94,-90
103900278,10,46,-36
103900279,2,12,-10
103900280,0,154,-154
104000001,1583,1865,-282
104000002,1099,2227,-1128
104000003,1745,1902,-157
104000004,2917,2178,739
104000005,632,1598,-966
104000006,1981,2523,-542
104000007,3273,3244,29
104000008,219,525,-306
104000009,90,136,-46
104000010,98,161,-63
104000011,631,461,170
104000012,116,465,-349
104000013,71,113,-42
104000014,177,698,-521
104000015,156,136,20
104000016,381,427,-46
104000018,396,107,289
104000019,354,95,259
104000020,143,903,-760
104000021,231,705,-474
104000022,107,339,-232
104000023,271,280,-9
104000024,197,345,-148
104000026,38,310,-272
104000027,223,377,-154
104000028,204,246,-42
104000029,304,567,-263
104000030,127,213,-86
104000031,501,239,262
104000032,207,390,-183
104000033,328,371,-43
104000034,217,406,-189
104000035,421,412,9
104000036,327,680,-353
104000037,174,284,-110
104000038,183,217,-34
104000039,165,424,-259
104000040,491,506,-15
104000041,303,304,-1
104000042,174,442,-268
104000043,198,347,-149
104000044,146,783,-637
104000045,559,1077,-518
104000046,1318,1374,-56
104000047,511,1204,-693
104000048,958,1887,-929
104000049,248,263,-15
104000050,137,506,-369
104000051,65,705,-640
104000052,712,1211,-499
104000053,539,598,-59
104000054,315,532,-217
104000055,3483,2695,788
104000056,1449,160,1289
104000057,104,480,-376
104000058,366,646,-280
104000059,336,1019,-683
104000060,447,893,-446
104000061,788,1183,-395
104000062,119,109,10
104000064,515,256,259
104000065,88,308,-220
104000069,1437,477,960
104000070,33,262,-229
104000071,101,344,-243
104000072,535,200,335
104000075,42,208,-166
104000076,340,43,297
104000082,1848,1981,-133
104000083,653,157,496
104000084,144,402,-258
104000085,181,157,24
104000086,155,380,-225
104000087,373,825,-452
104000090,582,1610,-1028
104000092,470,2605,-2135
104000094,591,2051,-1460
104000095,1011,1164,-153
104000096,598,335,263
104000097,891,1082,-191
104000098,952,1296,-344
104000100,791,629,162
104000101,708,2167,-1459
104000106,68,494,-426
104000107,456,556,-100
104000108,272,531,-259
104000109,180,57,123
104000110,643,773,-130
104000111,4813,1302,3511
104000112,2123,509,1614
104000116,2,1233,-1231
104000117,68,961,-893
104000118,239,225,14
104000119,302,192,110
104000120,123,1034,-911
104000121,80,603,-523
104000122,379,689,-310
104000123,812,1439,-627
104000124,1552,2742,-1190
104000125,4575,2355,2220
104000126,264,427,-163
104000127,1499,4139,-2640
104000128,696,471,225
104000129,308,23,285
104000130,8,155,-147
104000131,950,654,296
104000132,578,875,-297
104000133,919,703,216
104000134,679,1219,-540
104000135,278,736,-458
104000136,765,1682,-917
104000137,1574,208,1366
104000138,1148,372,776
104000139,8249,2677,5572
104000141,1071,1700,-629
104000142,489,1031,-542
104000143,404,788,-384
104000144,32,187,-155
104000145,333,145,188
104000146,384,645,-261
104000147,90,360,-270
104000148,148,132,16
104000149,192,421,-229
104000150,459,377,82
104000151,260,702,-442
104000152,364,720,-356
104000153,195,318,-123
104000154,1054,648,406
104000155,261,378,-117
104000157,906,1593,-687
104000158,208,193,15
104000159,402,276,126
104000160,1352,1030,322
104000161,158,142,16
104000162,15,98,-83
104000165,1251,911,340
104000167,365,439,-74
104000168,434,5,429
104000169,32,49,-17
104000170,854,223,631
104000248,147,800,-653
104000251,39,417,-378
104000272,0,0,0
104000273,0,0,0
104000274,0,0,0
104000275,0,0,0
104000279,582,455,127
104000290,34,314,-280
104000291,567,897,-330
104000293,530,613,-83
104000294,6,0,6
104000295,380,674,-294
104000296,225,701,-476
104000297,714,1228,-514
104000298,1760,781,979
104000299,425,1019,-594
104900001,53,361,-308
104900002,19,86,-67
104900003,25,351,-326
104900004,36,299,-263
104900005,117,175,-58
104900006,79,59,20
104900007,129,212,-83
104900009,73,448,-375
104900010,23,11,12
104900011,1,2,-1
104900012,108,14,94
104900013,35,5,30
104900014,3859,317,3542
104900015,80,0,80
104900016,57,263,-206
104900017,44,130,-86
104900018,3,186,-183
104900019,259,908,-649
104900020,37,257,-220
104900021,0,292,-292
104900022,18,154,-136
104900023,0,145,-145
104900024,15,106,-91
104900025,27,327,-300
104900026,3,141,-138
104900027,163,152,11
104900028,30,98,-68
104900029,26,73,-47
104900030,245,125,120
104900031,148,218,-70
104900032,26,167,-141
104900033,72,198,-126
104900034,165,72,93
104900035,112,89,23
104900036,98,61,37
104900037,44,305,-261
104900038,476,307,169
104900039,784,153,631
104900040,159,55,104
104900041,124,112,12
104900042,68,382,-314
104900043,6,34,-28
104900044,267,133,134
104900045,253,39,214
104900046,45,87,-42
104900047,92,121,-29
104900048,128,77,51
104900049,10,5,5
104900050,59,49,10
104900051,76,28,48
104900052,25,1,24
104900053,249,60,189
104900054,234,42,192
104900055,34,0,34
104900056,51,8,43
104900057,4,1,3
104900058,351,107,244
104900059,38,52,-14
104900060,0,319,-319
104900061,209,579,-370
104900063,1,97,-96
104900064,0,102,-102
104900065,0,81,-81
104900066,0,201,-201
104900067,2,192,-190
104900068,3,206,-203
104900070,51,262,-211
104900071,3,657,-654
104900072,22,178,-156
104900073,27,257,-230
104900074,32,192,-160
104900075,25,66,-41
104900076,49,360,-311
104900077,1021,60,961
104900078,104,771,-667
104900079,96,136,-40
104900080,22,505,-483
104900082,7,290,-283
104900085,0,200,-200
104900087,199,4,195
104900089,81,0,81
104900090,271,436,-165
104900091,388,949,-561
104900093,198,501,-303
104900097,2814,983,1831
104900098,16,37,-21
104900099,90,268,-178
104900100,607,194,413
104900102,12,225,-213
104900103,402,84,318
104900104,2873,876,1997
104900106,34,120,-86
104900107,45,292,-247
104900108,8,265,-257
104900109,35,93,-58
104900110,3,38,-35
104900111,97,72,25
104900112,115,898,-783
104900113,367,405,-38
104900114,138,619,-481
104900115,312,468,-156
104900116,80,290,-210
104900118,13,63,-50
104900119,0,29,-29
104900120,133,62,71
104900121,0,105,-105
104900122,1,91,-90
104900123,10,4,6
104900124,16,0,16
104900125,354,7,347
104900126,71,34,37
104900127,11,18,-7
104900128,39,161,-122
104900129,2348,710,1638
105000001,1655,1413,242
105000002,1433,1495,-62
105000003,1920,3191,-1271
105000004,369,892,-523
105000005,541,1100,-559
105000006,652,1187,-535
105000007,597,949,-352
105000008,515,1191,-676
105000009,917,2026,-1109
105000010,2678,2083,595
105000011,1358,1521,-163
105000012,3530,2736,794
105000013,495,775,-280
105000014,904,1508,-604
105000015,5535,3791,1744
105000016,2881,1376,1505
105000017,1409,870,539
105000018,1097,698,399
105000019,1210,906,304
105000020,115,240,-125
105000021,204,137,67
105000022,89,25,64
105000023,271,178,93
105000028,46,123,-77
105000029,211,599,-388
105000030,3098,3080,18
105000033,807,1873,-1066
105000034,76,344,-268
105000037,514,480,34
105000038,1130,920,210
105000039,3045,1448,1597
105000040,417,472,-55
105000041,587,1083,-496
105000042,1714,783,931
105000043,1963,1735,228
105000044,179,297,-118
105000045,213,780,-567
105000046,361,285,76
105000047,297,1252,-955
105000048,275,170,105
105000049,205,626,-421
105000050,263,325,-62
105000051,168,411,-243
105000052,271,808,-537
105000053,94,155,-61
105000054,120,864,-744
105000055,163,319,-156
105000056,509,2202,-1693
105000057,759,835,-76
105000058,1024,1241,-217
105000059,320,344,-24
105000060,320,583,-263
105000061,243,318,-75
105000062,585,1016,-431
105000063,230,604,-374
105000064,560,505,55
105000065,268,975,-707
105000066,817,1982,-1165
105000067,565,406,159
105000068,451,887,-436
105000069,2483,496,1987
105000070,706,669,37
105000071,132,311,-179
105000072,631,776,-145
105000073,469,420,49
105000074,642,825,-183
105000075,422,728,-306
105000076,1012,894,118
105000077,1500,574,926
105000078,1309,976,333
105000079,1550,1520,30
105000080,1275,705,570
105000081,803,559,244
105000082,384,351,33
105000083,730,445,285
105000084,347,1113,-766
105000085,788,677,111
105000086,423,749,-326
105000087,2067,1463,604
105000088,1083,1047,36
105000089,2618,1868,750
105000090,848,763,85
105000091,1808,1570,238
105000092,508,991,-483
105000093,270,193,77
105000094,218,189,29
105000095,50,349,-299
105000096,704,571,133
105000097,938,556,382
105000098,460,400,60
105000099,668,833,-165
105000100,560,968,-408
105000101,1221,1688,-467
105000102,889,1306,-417
105000103,1021,1869,-848
105000104,875,776,99
105000105,685,1420,-735
105000106,596,1098,-502
105000107,499,730,-231
105000108,635,1569,-934
105000109,732,1300,-568
105000110,421,790,-369
105000111,387,473,-86
105000112,785,866,-81
105000113,303,419,-116
105000114,3351,825,2526
105000115,277,550,-273
105000116,362,367,-5
105000117,525,1326,-801
105000118,200,302,-102
105000119,306,1143,-837
105000120,391,496,-105
105000121,564,1049,-485
105000122,142,326,-184
105000123,866,1381,-515
105000124,804,835,-31
105000125,390,1417,-1027
105000126,1184,1813,-629
105000127,1451,1594,-143
105000128,166,1293,-1127
105000129,491,251,240
105000130,53,699,-646
105000131,422,287,135
105000132,406,316,90
105000133,237,922,-685
105000134,270,515,-245
105000135,297,689,-392
105000136,67,293,-226
105000137,242,192,50
105000138,265,315,-50
105000139,610,971,-361
105000140,147,439,-292
105000141,129,523,-394
105000142,79,505,-426
105000143,163,551,-388
105000144,204,566,-362
105000145,344,398,-54
105000146,370,528,-158
105000147,292,304,-12
105000148,906,554,352
105000149,1224,1351,-127
105000150,2082,1111,971
105000151,256,245,11
105000152,144,647,-503
105000153,339,316,23
105000154,609,805,-196
105000155,214,448,-234
105000156,723,891,-168
105000157,906,1815,-909
105000158,1569,730,839
105000159,268,1248,-980
105000160,994,497,497
105000161,528,1804,-1276
105000162,313,1065,-752
105000163,1183,1071,112
105000164,184,296,-112
105000165,1410,2814,-1404
105000166,7313,278,7035
105000167,2476,856,1620
105000168,156,833,-677
105000169,217,457,-240
105000170,69,1017,-948
105000171,765,269,496
105000172,45,47,-2
105000173,39,26,13
105000174,24,28,-4
105000175,68,103,-35
105000176,74,59,15
105000177,81,117,-36
105000178,74,480,-406
105000179,75,90,-15
105000180,51,99,-48
105000181,39,376,-337
105000182,27,55,-28
105000183,2289,1002,1287
105000184,1217,500,717
105000185,937,547,390
105000186,358,659,-301
105000187,431,206,225
105000188,87,78,9
105000189,87,447,-360
105000190,103,292,-189
105000191,160,334,-174
105000192,78,62,16
105000193,50,100,-50
105000194,151,99,52
105000195,180,973,-793
105000196,18,50,-32
105000197,183,755,-572
105000198,392,283,109
105000199,147,142,5
105000200,93,237,-144
105000201,60,24,36
105000203,9,243,-234
105000204,47,72,-25
105000205,66,209,-143
105000207,674,190,484
105000208,212,222,-10
105000209,128,390,-262
105000212,569,1229,-660
105000213,242,116,126
105000214,38,189,-151
105000215,86,215,-129
105000216,36,315,-279
105000217,153,373,-220
105000218,425,788,-363
105000221,117,260,-143
105000222,36,41,-5
105000223,67,156,-89
105000226,17,321,-304
105000227,14,168,-154
105000228,154,520,-366
105000229,43,147,-104
105000231,118,157,-39
105000233,463,481,-18
105000234,441,943,-502
105000235,213,344,-131
105000237,431,41,390
105000243,9,47,-38
105000248,85,41,44
105000262,154,1549,-1395
105000269,62,141,-79
105000270,134,88,46
105000271,1,267,-266
105000282,77,45,32
105000287,285,107,178
105000288,290,308,-18
105000289,671,587,84
105000290,8,4,4
105000402,4280,1231,3049
105000426,253,413,-160
105000438,458,448,10
105000446,10308,3494,6814
105000447,5937,2139,3798
105000454,135,877,-742
105000455,221,169,52
105000474,7,0,7
105000477,140,236,-96
105000478,779,1276,-497
105000479,53,97,-44
105000480,1092,1461,-369
105000481,1452,1572,-120
105000482,3532,2271,1261
105000483,764,953,-189
105000484,1935,2209,-274
105000485,731,966,-235
105000486,2652,1802,850
105000488,2197,1987,210
105000489,370,590,-220
105000549,17,83,-66
105000550,413,923,-510
105000551,21,79,-58
105000552,2864,1562,1302
105000555,490,502,-12
105900001,9,794,-785
105900002,1299,218,1081
105900003,6,84,-78
105900004,260,115,145
105900005,3,183,-180
105900006,1,25,-24
105900007,29,8,21
105900008,42,708,-666
105900009,5,14,-9
105900011,69,47,22
105900012,344,193,151
105900013,1,7,-6
105900014,1,78,-77
105900015,100,290,-190
105900016,114,692,-578
105900017,440,47,393
105900018,185,225,-40
105900019,180,522,-342
105900020,23,76,-53
105900021,9,252,-243
105900022,178,273,-95
105900023,1,112,-111
105900024,6,79,-73
105900025,25,26,-1
105900026,125,37,88
105900027,3790,2301,1489
105900028,19,117,-98
105900029,1670,254,1416
105900030,125,220,-95
105900031,300,155,145
105900032,36,130,-94
105900033,64,124,-60
105900034,91,195,-104
105900035,156,152,4
105900036,24,145,-121
105900037,59,64,-5
105900038,83,202,-119
105900039,46,157,-111
105900040,50,75,-25
105900041,113,333,-220
105900042,16,104,-88
105900043,1595,78,1517
105900044,0,79,-79
105900045,1,400,-399
105900046,3,173,-170
105900047,25,24,1
105900048,36,387,-351
105900050,1335,347,988
105900051,3,1118,-1115
105900052,227,41,186
105900053,3436,936,2500
105900054,199,226,-27
105900056,790,216,574
105900057,16,130,-114
105900058,10,16,-6
105900059,0,23,-23
106000001,3189,994,2195
106000002,2450,3202,-752
106000003,2259,1905,354
106000004,2100,1945,155
106000005,1639,3783,-2144
106000006,4781,3893,888
106000007,334,467,-133
106000008,312,228,84
106000009,295,275,20
106000010,367,458,-91
106000011,502,726,-224
106000012,480,1420,-940
106000013,1102,1512,-410
106000014,1670,1744,-74
106000015,852,860,-8
106000016,842,2198,-1356
106000017,510,535,-25
106000018,438,553,-115
106000019,212,356,-144
106000020,157,444,-287
106000021,175,387,-212
106000022,166,365,-199
106000023,361,332,29
106000024,366,768,-402
106000025,61,133,-72
106000026,152,370,-218
106000027,564,1052,-488
106000028,293,637,-344
106000029,705,1353,-648
106000030,741,281,460
106000034,97,484,-387
106000035,615,736,-121
106000036,297,269,28
106000037,1213,1315,-102
106000038,428,88,340
106000039,136,39,97
106000040,147,557,-410
106000041,638,176,462
106000043,396,48,348
106000046,234,19,215
106000047,28,287,-259
106000049,386,104,282
106000050,202,761,-559
106000051,310,271,39
106000052,49,626,-577
106000053,116,125,-9
106000054,234,414,-180
106000055,411,601,-190
106000056,222,497,-275
106000057,156,212,-56
106000058,119,198,-79
106000059,111,215,-104
106000060,426,577,-151
106000061,119,271,-152
106000062,154,531,-377
106000063,395,313,82
106000064,20,336,-316
106000065,229,133,96
106000066,74,359,-285
106000067,138,86,52
106000068,46,550,-504
106000069,97,74,23
106000070,269,679,-410
106000071,441,222,219
106000072,4156,1128,3028
106000073,1588,1686,-98
106000074,189,521,-332
106000075,216,888,-672
106000076,1010,1319,-309
106000077,2367,1010,1357
106000078,444,794,-350
106000079,376,864,-488
106000080,655,757,-102
106000081,354,883,-529
106000082,1846,821,1025
106000083,205,949,-744
106000084,808,603,205
106000085,1215,925,290
106000086,567,477,90
106000087,618,525,93
106000088,343,688,-345
106000089,533,438,95
106000090,166,489,-323
106000091,238,615,-377
106000092,465,215,250
106000093,206,71,135
106000094,76,264,-188
106000095,267,1105,-838
106000096,449,722,-273
106000097,473,1447,-974
106000098,329,877,-548
106000099,126,829,-703
106000100,442,327,115
106000101,349,251,98
106000102,66,484,-418
106000103,128,561,-433
106000104,510,383,127
106000105,245,830,-585
106000106,299,416,-117
106000107,67,476,-409
106000108,110,306,-196
106000109,53,355,-302
106000110,107,289,-182
106000111,120,638,-518
106000112,105,302,-197
106000113,956,637,319
106000114,319,392,-73
106000115,151,556,-405
106000116,107,229,-122
106000117,671,711,-40
106000118,790,850,-60
106000119,2178,941,1237
106000120,598,639,-41
106000121,104,144,-40
106000122,93,300,-207
106000123,108,241,-133
106000124,16,335,-319
106000125,7,348,-341
106000126,50,205,-155
106000127,279,852,-573
106000128,269,304,-35
106000129,287,714,-427
106000130,334,360,-26
106000131,101,558,-457
106000132,794,119,675
106000133,3613,852,2761
106000134,561,502,59
106000135,175,781,-606
106000136,365,318,47
106000137,54,1508,-1454
106000138,393,39,354
106000139,38,121,-83
106000140,19,106,-87
106000141,34,144,-110
106000142,45,69,-24
106000143,12,131,-119
106000144,14,58,-44
106000145,87,363,-276
106000146,187,203,-16
106000147,258,448,-190
106000148,533,613,-80
106000149,295,396,-101
106000150,240,1389,-1149
106000151,4049,668,3381
106000152,1306,813,493
106000153,72,1129,-1057
106000154,1207,206,1001
106000155,38,170,-132
106000156,409,280,129
106000157,396,1589,-1193
106000158,2745,616,2129
106000159,4316,1056,3260
106000160,130,1437,-1307
106000161,1074,466,608
106000162,111,549,-438
106000163,144,530,-386
106000164,113,330,-217
106000165,163,695,-532
106000166,271,298,-27
106000167,187,1340,-1153
106000168,121,210,-89
106000169,77,821,-744
106000170,249,201,48
106000171,57,800,-743
106000172,2046,574,1472
106000173,707,2202,-1495
106000174,835,259,576
106000175,245,897,-652
106000176,735,497,238
106000177,421,1964,-1543
106000178,2159,1134,1025
106000179,970,1766,-796
106000180,776,1677,-901
106000181,327,1841,-1514
106000182,350,592,-242
106000183,415,934,-519
106000184,483,997,-514
106000185,353,811,-458
106000186,616,147,469
106000187,152,688,-536
106000188,0,1,-1
106000189,8,48,-40
106000190,4,5,-1
106000191,352,133,219
106000192,0,20,-20
106000193,154,127,27
106000194,103,213,-110
106000195,266,81,185
106000196,87,289,-202
106000197,109,247,-138
106000198,70,245,-175
106000199,628,338,290
106000200,377,123,254
106000201,436,899,-463
106000202,6083,532,5551
106000203,260,143,117
106000204,25,2,23
106000205,11,126,-115
106000206,37,13,24
106000207,55,794,-739
106000208,425,67,358
106000209,725,171,554
106000210,163,1123,-960
106000211,279,1535,-1256
106000212,328,104,224
106000213,723,970,-247
106000214,2202,389,1813
106000215,148,418,-270
106000216,230,332,-102
106000217,184,440,-256
106000218,295,244,51
106000219,49,218,-169
106000220,211,238,-27
106000221,57,243,-186
106000222,26,141,-115
106000223,33,94,-61
106000224,89,340,-251
106000225,65,53,12
106000226,94,290,-196
106000228,26,92,-66
106000229,43,785,-742
106000231,332,119,213
106000232,56,421,-365
106000233,232,129,103
106000234,21,208,-187
106000235,85,69,16
106000236,57,43,14
106000237,0,3,-3
106000238,5,5,0
106000239,8,38,-30
106000240,26,0,26
106000241,4,703,-699
106000242,91,8,83
106000249,43,91,-48
106000250,25,392,-367
106000251,25,21,4
106000252,6,102,-96
106000253,14,36,-22
106000254,43,50,-7
106000255,6,48,-42
106000256,72,86,-14
106000257,99,258,-159
106000258,94,13,81
106000259,0,18,-18
106000260,2,7,-5
106000261,1,37,-36
106000262,6,19,-13
106000263,1,55,-54
106000264,147,8,139
106000265,5,110,-105
106000266,76,10,66
106000267,4,94,-90
106000268,318,13,305
106000269,49,60,-11
106000270,110,320,-210
106000271,33,192,-159
106000272,66,35,31
106000273,10,204,-194
106000274,162,33,129
106000275,76,116,-40
106000276,111,51,60
106000277,107,100,7
106000278,120,35,85
106000279,5,62,-57
106000280,24,174,-150
106000281,90,70,20
106000282,52,41,11
106000283,76,97,-21
106000284,46,105,-59
106000285,95,95,0
106000286,59,166,-107
106000287,64,51,13
106000288,80,141,-61
106000289,55,74,-19
106000290,40,98,-58
106000291,37,83,-46
106000292,76,138,-62
106000293,42,95,-53
106000294,58,128,-70
106000295,20,55,-35
106000296,50,87,-37
106000297,57,162,-105
106000298,151,54,97
106000299,43,109,-66
106000300,50,69,-19
106000301,40,84,-44
106000303,19,30,-11
106000304,52,32,20
106000305,15,27,-12
106000306,46,63,-17
106000307,25,8,17
106000308,14,144,-130
106000309,14,59,-45
106000310,131,562,-431
106000311,156,102,54
106000312,45,188,-143
106000313,102,179,-77
106000318,186,141,45
106000319,304,22,282
106000320,1,26,-25
106000321,244,29,215
106000322,60,197,-137
106000324,3,144,-141
106000325,760,765,-5
106000326,631,1731,-1100
106000327,55,151,-96
106000328,4,93,-89
106000329,16,213,-197
106000330,17,39,-22
106000428,20,163,-143
106000429,94,452,-358
106000430,210,1436,-1226
106000431,714,282,432
106000432,1277,2195,-918
106000433,969,562,407
106000434,1950,625,1325
106000435,1717,2103,-386
106000436,8,305,-297
106000437,81,35,46
106000438,186,84,102
106000439,26,596,-570
106000440,112,419,-307
106000441,0,0,0
106000442,124,3,121
106000443,55,585,-530
106000450,4,178,-174
106000451,14,9,5
106000454,7,39,-32
106000455,16,150,-134
106000456,149,17,132
106000457,3,1035,-1032
106000458,174,167,7
106000459,25,338,-313
106000460,427,28,399
106000461,32,1820,-1788
106000462,0,7,-7
106000463,1,32,-31
106000464,1,499,-498
106000465,108,3,105
106000466,7,682,-675
106000467,457,426,31
106000468,53,175,-122
106000469,233,11,222
106000470,163,1061,-898
106000471,24,578,-554
106000472,51,16,35
106000473,11,24,-13
106000474,202,650,-448
106000475,172,119,53
106000476,152,101,51
106000477,23,132,-109
106000480,0,66,-66
106900001,0,10,-10
106900002,4,543,-539
106900003,182,690,-508
106900004,1,57,-56
106900006,0,18,-18
106900007,0,4,-4
106900008,75,289,-214
106900009,89,377,-288
106900010,135,296,-161
106900012,1658,873,785
106900013,197,29,168
106900014,12,2,10
106900015,9,0,9
106900016,74,1,73
106900017,7,0,7
106900018,1,0,1
106900019,17,2,15
106900020,2484,516,1968
106900021,13,18,-5
106900022,120,0,120
106900023,2,270,-268
106900024,217,14,203
106900025,35,492,-457
106900026,3,827,-824
106900027,183,0,183
107000001,1464,1205,259
107000002,2422,2995,-573
107000003,2487,3398,-911
107000004,4113,5130,-1017
107000005,1145,2674,-1529
107000006,2638,5921,-3283
107000007,3170,3751,-581
107000008,15447,9488,5959
107000009,3207,3393,-186
107000010,8659,10637,-1978
107000011,950,1090,-140
107000012,3781,3317,464
107000013,37,178,-141
107000014,12,200,-188
107000015,275,785,-510
107000016,255,1216,-961
107000017,1770,615,1155
107000018,4,169,-165
107000020,874,246,628
107000021,588,744,-156
107000022,502,1095,-593
107000023,850,282,568
107000024,293,1714,-1421
107000025,76,292,-216
107000026,73,652,-579
107000027,782,601,181
107000028,920,1395,-475
107000029,1093,1122,-29
107000030,2564,2800,-236
107000031,1641,1293,348
107000032,180,809,-629
107000033,2922,2777,145
107000034,4055,1799,2256
107000035,184,106,78
107000036,258,754,-496
107000037,30,414,-384
107000038,138,250,-112
107000039,373,350,23
107000040,75,276,-201
107000041,915,460,455
107000042,555,1369,-814
107000043,2370,694,1676
107000044,697,310,387
107000045,74,249,-175
107000046,299,263,36
107000047,225,751,-526
107000048,251,248,3
107000049,386,718,-332
107000050,444,409,35
107000051,374,251,123
107000052,796,533,263
107000053,222,111,111
107000054,70,270,-200
107000055,245,148,97
107000056,344,725,-381
107000057,1747,188,1559
107000058,1194,1537,-343
107000059,1933,2654,-721
107000060,2256,3407,-1151
107000061,4797,3365,1432
107000062,1736,2132,-396
107000063,2933,5383,-2450
107000064,1913,1475,438
107000065,2639,4734,-2095
107000066,1021,1339,-318
107000067,467,753,-286
107000068,1219,456,763
107000069,399,288,111
107000070,184,2,182
107000071,909,14,895
107000072,33,3333,-3300
107000073,193,150,43
107000074,131,767,-636
107000075,725,205,520
107000076,662,1640,-978
107000077,1232,438,794
107000078,1363,2954,-1591
107000079,1062,355,707
107000080,801,2827,-2026
107000081,578,368,210
107000082,490,2468,-1978
107000083,555,239,316
107000084,393,2407,-2014
107000085,1953,2377,-424
107000086,3114,2180,934
107000087,1820,1496,324
107000088,2207,2516,-309
107000089,931,1405,-474
107000090,655,921,-266
107000091,691,866,-175
107000092,582,1033,-451
107000093,603,749,-146
107000094,675,1232,-557
107000095,310,579,-269
107000096,390,812,-422
107000097,301,310,-9
107000098,298,802,-504
107000099,281,206,75
107000100,240,308,-68
107000101,66,123,-57
107000102,264,307,-43
107000103,219,114,105
107000104,219,302,-83
107000105,189,96,93
107000106,106,300,-194
107000107,231,168,63
107000108,71,875,-804
107000109,243,102,141
107000110,59,488,-429
107000111,73,28,45
107000112,24,350,-326
107000113,221,65,156
107000114,73,676,-603
107000115,166,47,119
107000116,53,970,-917
107000117,71,135,-64
107000118,128,293,-165
107000119,1704,815,889
107000120,2349,310,2039
107000121,353,724,-371
107000122,853,789,64
107000123,199,801,-602
107000124,312,756,-444
107000125,347,843,-496
107000126,417,1121,-704
107000129,77,1029,-952
107000130,141,165,-24
107000131,252,691,-439
107000132,267,270,-3
107000133,660,105,555
107000134,225,3,222
107000135,4,165,-161
107000136,398,3,395
107000137,13,318,-305
107000138,309,9,300
107000139,3,279,-276
107000140,583,29,554
107000141,69,690,-621
107000142,193,44,149
107000143,31,945,-914
107000144,210,320,-110
107000145,79,553,-474
107000146,98,196,-98
107000147,2336,536,1800
107000150,756,1078,-322
107000151,29,26,3
107000152,474,501,-27
107000153,328,230,98
107000154,131,65,66
107000155,285,10,275
107000156,452,11,441
107000157,29,2253,-2224
107000158,300,13,287
107000159,37,1361,-1324
107000160,298,62,236
107000161,43,1844,-1801
107000162,82,163,-81
107000163,11,0,11
107000164,96,0,96
107000165,253,2,251
107000166,42,1367,-1325
107000167,239,217,22
107000168,377,164,213
107000169,882,875,7
107000170,602,362,240
107000171,377,2945,-2568
107000172,462,419,43
107000173,630,1159,-529
107000174,693,1374,-681
107000175,9275,1461,7814
107000176,1,1,0
107000177,1,3,-2
107000178,0,47,-47
107000179,176,2974,-2798
107000180,502,309,193
107000181,208,1317,-1109
107000182,681,743,-62
107000183,63,961,-898
107000184,409,725,-316
107000185,252,1161,-909
107000186,307,275,32
107000187,848,934,-86
107000188,379,355,24
107000189,223,667,-444
107000190,275,624,-349
107000191,335,715,-380
107000192,1057,860,197
107000193,306,259,47
107000194,800,718,82
107000197,324,189,135
107000198,152,753,-601
107000199,514,701,-187
107000200,840,405,435
107000201,231,206,25
107000202,140,310,-170
107000203,505,448,57
107000204,504,594,-90
107000205,2308,867,1441
107000206,555,562,-7
107000207,559,838,-279
107000208,1186,241,945
107000209,1758,408,1350
107000210,1198,194,1004
107000211,6,20,-14
107000212,18,182,-164
107000213,19,20,-1
107000214,9,123,-114
107000215,178,477,-299
107000216,93,393,-300
107000217,68,122,-54
107000219,44,143,-99
107000220,80,344,-264
107000222,173,650,-477
107000224,201,31,170
107000225,133,640,-507
107000226,118,36,82
107000227,63,457,-394
107000228,43,93,-50
107000229,216,76,140
107000230,774,441,333
107000231,683,283,400
107000232,55,59,-4
107000233,505,224,281
107000234,0,16,-16
107000235,38,4,34
107000236,8,278,-270
107000237,5,0,5
107000238,23,1,22
107000239,4849,387,4462
107000240,53,956,-903
107000243,0,45,-45
107000244,10,64,-54
107000246,2,1031,-1029
107000249,0,854,-854
107000251,0,236,-236
107000252,2,1217,-1215
107000255,558,50,508
107000257,1,559,-558
107000258,2,118,-116
107000259,4,234,-230
107000260,196,3,193
107000262,7,823,-816
107000263,112,1,111
107000266,1,2,-1
107000267,36,165,-129
107000268,115,178,-63
107000269,111,19,92
107000270,1,6,-5
107000271,6,898,-892
107000272,6,207,-201
107000273,0,234,-234
107000274,712,223,489
107000275,25,501,-476
107000280,200,10,190
107000281,22,1076,-1054
107000282,27,1354,-1327
107000290,1,16,-15
107000291,13,4,9
107000292,1,26,-25
107000293,34,5,29
107000294,2,50,-48
107000295,24,4,20
107000296,0,7,-7
107000444,89,0,89
107000496,0,13,-13
107000497,955,3122,-2167
107000500,265,320,-55
107000501,42,179,-137
107000502,136,390,-254
107000505,576,692,-116
107000506,0,23,-23
107000508,2,609,-607
107000509,173,628,-455
107000510,15,15,0
107000514,13,202,-189
107000515,9,279,-270
107000516,129,138,-9
107000518,484,333,151
107000519,3365,985,2380
107000520,28,6,22
107000521,206,429,-223
107000522,258,662,-404
107900001,5,262,-257
107900002,22,1,21
107900003,88,4,84
107900004,10,0,10
107900005,285,2,283
107900006,28,0,28
107900007,124,21,103
107900008,14,27,-13
107900009,64,2,62
107900010,1,0,1
107900012,144,4,140
107900013,199,45,154
107900014,7,5,2
107900015,242,1,241
107900016,390,108,282
107900017,7,0,7
107900018,32,62,-30
107900019,10,69,-59
107900020,48,3,45
107900021,12,128,-116
107900023,0,0,0
107900024,0,20,-20
107900025,202,362,-160
107900026,19,94,-75
107900027,2,30,-28
107900028,12,82,-70
107900030,118,14,104
107900031,36,219,-183
107900032,0,3,-3
107900033,9,5,4
107900034,139,3,136
107900035,282,3,279
107900036,8,7,1
107900037,0,24,-24
107900038,122,70,52
107900039,6,52,-46
107900040,36,14,22
107900041,2,2,0
107900043,36,139,-103
107900044,2,4,-2
107900045,13,29,-16
107900046,49,22,27
107900047,5,67,-62
107900048,57,8,49
107900049,216,308,-92
107900050,62,336,-274
107900051,43,74,-31
107900052,12,4,8
107900053,6,45,-39
107900055,286,128,158
107900056,52,7,45
107900057,0,0,0
107900058,19,686,-667
107900060,3,20,-17
107900061,29,1,28
107900063,55,94,-39
107900064,208,29,179
107900065,50,4,46
107900066,14,5,9
107900067,0,0,0
107900068,75,216,-141
107900069,15,431,-416
107900070,30,13,17
107900071,4,879,-875
107900072,32,158,-126
107900073,25,103,-78
107900074,938,77,861
107900076,51,57,-6
107900077,14,0,14
107900078,155,16,139
107900079,9,7,2
107900080,57,154,-97
107900081,7,59,-52
107900082,8,11,-3
107900083,132,98,34
107900084,22,103,-81
107900086,51,97,-46
107900087,251,38,213
107900088,7,2,5
107900089,247,666,-419
107900090,370,599,-229
107900091,95,421,-326
107900092,1652,390,1262
107900093,42,43,-1
107900095,2253,725,1528
107900097,10,34,-24
107900098,58,135,-77
107900100,804,388,416
107900101,840,75,765
107900102,28,3,25
107900103,27,150,-123
107900104,65,1,64
107900105,0,408,-408
107900106,5,1580,-1575
107900107,1153,125,1028
107900108,214,63,151
107900109,363,6,357
107900110,15,75,-60
107900111,3,1175,-1172
107900112,85,204,-119
107900113,58,86,-28
107900114,55,197,-142
107900115,2,22,-20
107900116,18,186,-168
107900117,157,367,-210
107900118,58,122,-64
107900119,20,46,-26
107900120,33,7,26
107900121,1,82,-81
107900122,0,41,-41
107900123,4,10,-6
107900124,0,12,-12
107900125,23,149,-126
107900126,0,27,-27
107900127,376,62,314
107900128,84,50,34
107900129,13,30,-17
107900130,12,17,-5
107900131,183,20,163
107900132,35,387,-352
107900133,0,54,-54
107900134,20,10,10
107900135,3,171,-168
107900136,32,24,8
107900137,25,54,-29
107900138,18,25,-7
107900139,7,27,-20
107900141,28,10,18
107900142,25,973,-948
107900143,17,30,-13
107900144,2,142,-140
107900145,7,103,-96
107900146,33,98,-65
107900147,16,5,11
107900148,108,142,-34
107900149,1529,104,1425
107900150,31,598,-567
107900151,8,80,-72
107900152,10,269,-259
107900153,101,116,-15
107900154,9,3,6
107900155,21,11,10
107900156,3,403,-400
107900157,16,95,-79
107900158,161,7,154
107900159,30,924,-894
107900160,21,162,-141
107900161,6,206,-200
107900162,1,96,-95
107900163,42,7,35
107900164,5,15,-10
107900165,59,46,13
107900166,3,261,-258
107900167,11,1,10
107900168,1,16,-15
107900169,3,164,-161
107900171,10,1488,-1478
107900172,0,301,-301
107900173,8,221,-213
107900174,27,4,23
107900175,3,3,0
107900176,4,28,-24
107900177,0,88,-88
107900178,0,231,-231
107900179,3,113,-110
107900180,804,125,679
107900181,300,438,-138
107900182,2,1369,-1367
107900183,18,404,-386
107900184,28,179,-151
107900185,12,7,5
107900186,6,24,-18
107900187,1,70,-69
107900188,682,49,633
107900189,2,120,-118
107900190,100,29,71
107900191,21,150,-129
107900193,2,18,-16
107900194,142,4,138
107900195,3661,384,3277
107900196,17,48,-31
107900197,306,48,258
107900199,2,1027,-1025
107900201,30,133,-103
107900203,35,86,-51
107900204,209,179,30
107900205,156,320,-164
107900206,150,143,7
107900207,1,457,-456
107900208,5,770,-765
107900209,240,82,158
107900210,38,86,-48
107900213,218,314,-96
107900214,4,162,-158
107900215,144,263,-119
107900216,74,62,12
107900217,10,36,-26
107900218,8,1419,-1411
107900219,6,125,-119
107900220,128,92,36
107900221,164,209,-45
107900223,50,497,-447
107900224,111,218,-107
107900225,0,694,-694
107900226,49,121,-72
107900227,62,471,-409
107900228,3,101,-98
107900229,7,249,-242
107900230,5,123,-118
107900231,7,175,-168
107900232,17,246,-229
107900233,5,135,-130
107900234,28,183,-155
107900235,34,93,-59
107900236,26,70,-44
107900237,99,475,-376
107900238,10,84,-74
107900239,1202,337,865
107900240,9,142,-133
107900241,8,105,-97
107900242,6,380,-374
107900243,1,25,-24
107900244,102,4,98
107900245,146,18,128
107900246,20,3,17
107900248,89,468,-379
107900249,170,4,166
107900250,1,464,-463
107900251,30,997,-967
107900252,249,5,244
107900253,43,2,41
107900254,29,103,-74
107900255,305,48,257
107900256,293,467,-174
107900257,58,35,23
107900258,66,204,-138
107900259,65,489,-424
107900261,4,416,-412
107900262,17,98,-81
107900264,68,1,67
107900265,48,190,-142
107900267,63,16,47
107900268,31,2,29
107900269,0,2,-2
107900270,0,0,0
107900271,2,3,-1
107900272,97,4,93
107900273,14,54,-40
107900274,22,1,21
107900275,2,1,1
107900276,0,58,-58
107900277,0,187,-187
107900278,90,311,-221
107900279,121,75,46
107900280,1666,621,1045
107900281,2819,628,2191
107900282,47,142,-95
107900283,1158,328,830
107900284,84,617,-533
107900285,26,107,-81
107900286,76,52,24
107900287,60,97,-37
107900290,1,40,-39
107900291,202,9,193
107900292,76,224,-148
107900293,22,512,-490
107900295,33,130,-97
107900297,2,225,-223
107900298,513,664,-151
107900299,3647,1088,2559
107900300,18,145,-127
107900301,279,188,91
107900302,78,26,52
107900303,33,225,-192
107900304,71,489,-418
107900305,103,13,90
107900306,4,2,2
107900307,20,324,-304
107900308,189,38,151
107900309,2,0,2
107900310,0,0,0
107900311,99,48,51
107900312,0,0,0
107900313,2,45,-43
107900314,3,37,-34
107900315,0,40,-40
107900316,3,0,3
107900317,42,4,38
107900318,4,117,-113
107900319,1,191,-190
107900320,5,132,-127
107900321,37,2,35
107900322,4,178,-174
107900323,5,112,-107
107900324,86,2,84
107900325,31,0,31
107900326,89,297,-208
107900327,0,0,0
107900328,0,0,0
107900329,0,0,0
107900330,2,354,-352
107900331,64,38,26
107900332,59,13,46
107900333,25,8,17
107900334,5,236,-231
107900335,45,39,6
107900336,20,20,0
107900337,1219,319,900
107900338,1,100,-99
107900339,0,15,-15
107900340,0,35,-35
107900341,4,0,4
107900342,69,111,-42
107900343,7,2,5
107900344,2,86,-84
107900345,30,13,17
107900346,4,0,4
107900347,29,2,27
107900348,3,0,3
107900349,8,3,5
107900350,39,234,-195
107900351,1,213,-212
107900352,3,73,-70
107900353,4,14,-10
107900354,3,56,-53
108000001,1777,2218,-441
108000002,2155,2926,-771
108000003,2206,1220,986
108000004,15453,14120,1333
108000005,3133,2154,979
108000006,4369,5114,-745
108000007,2734,2464,270
108000008,4049,5159,-1110
108000009,1761,2237,-476
108000010,1993,4543,-2550
108000011,7438,5653,1785
108000012,15527,13744,1783
108000014,419,329,90
108000015,305,276,29
108000016,137,601,-464
108000017,460,269,191
108000018,822,327,495
108000019,995,450,545
108000020,680,349,331
108000021,372,1396,-1024
108000022,434,1283,-849
108000023,662,107,555
108000024,137,649,-512
108000025,112,181,-69
108000026,168,529,-361
108000027,195,458,-263
108000028,159,227,-68
108000029,133,499,-366
108000030,208,220,-12
108000031,161,489,-328
108000032,603,349,254
108000033,398,1090,-692
108000034,798,253,545
108000035,732,2344,-1612
108000036,249,1407,-1158
108000037,910,247,663
108000038,1161,281,880
108000039,345,2393,-2048
108000040,849,526,323
108000041,605,2725,-2120
108000042,60,253,-193
108000043,67,288,-221
108000044,163,168,-5
108000045,112,744,-632
108000046,568,216,352
108000047,225,1055,-830
108000048,103,435,-332
108000049,235,136,99
108000050,90,446,-356
108000051,95,55,40
108000052,301,733,-432
108000053,152,91,61
108000054,454,818,-364
108000055,646,267,379
108000056,748,820,-72
108000057,450,528,-78
108000058,1592,1672,-80
108000059,3400,1571,1829
108000060,61,266,-205
108000061,117,252,-135
108000062,329,263,66
108000063,268,584,-316
108000064,80,183,-103
108000065,294,572,-278
108000066,1299,605,694
108000067,855,306,549
108000068,358,244,114
108000069,113,1166,-1053
108000070,620,493,127
108000071,417,1806,-1389
108000072,719,637,82
108000073,1081,1857,-776
108000074,145,281,-136
108000075,227,748,-521
108000076,339,335,4
108000077,498,795,-297
108000078,1096,928,168
108000079,937,1777,-840
108000080,360,376,-16
108000081,375,2469,-2094
108000082,963,1520,-557
108000083,994,486,508
108000084,263,1214,-951
108000085,299,151,148
108000086,833,806,27
108000087,133,947,-814
108000088,57,6,51
108000089,151,178,-27
108000090,179,112,67
108000091,69,568,-499
108000092,44,71,-27
108000093,46,792,-746
108000094,280,95,185
108000095,62,453,-391
108000096,125,134,-9
108000097,66,516,-450
108000098,535,1097,-562
108000099,93,73,20
108000100,15,138,-123
108000101,478,602,-124
108000102,762,1241,-479
108000106,545,0,545
108000107,0,620,-620
108000108,363,28,335
108000109,4,664,-660
108000110,80,160,-80
108000111,105,509,-404
108000112,31,78,-47
108000113,481,266,215
108000115,398,298,100
108000117,608,241,367
108000118,74,113,-39
108000119,646,415,231
108000120,70,398,-328
108000121,161,471,-310
108000122,162,220,-58
108000123,296,271,25
108000124,133,459,-326
108000125,83,330,-247
108000126,73,589,-516
108000127,131,362,-231
108000128,207,811,-604
108000129,108,1492,-1384
108000130,109,285,-176
108000131,496,170,326
108000132,1310,1194,116
108000133,366,278,88
108000134,513,704,-191
108000135,367,205,162
108000136,751,903,-152
108000137,155,338,-183
108000138,155,1018,-863
108000139,116,337,-221
108000140,12,21,-9
108000141,12,145,-133
108000142,36,80,-44
108000143,29,22,7
108000144,19,19,0
108000145,13,24,-11
108000146,18,3,15
108000147,24,32,-8
108000148,7,5,2
108000149,4,15,-11
108000150,9,2,7
108000151,4,5,-1
108000152,69,620,-551
108000153,111,82,29
108000154,35,10,25
108000155,9,10,-1
108000156,264,85,179
108000157,81,238,-157
108000158,53,273,-220
108000159,627,114,513
108000160,4764,571,4193
108000161,3991,860,3131
108000165,0,74,-74
108000172,0,125,-125
108000173,2590,807,1783
108000175,173,61,112
108000178,308,268,40
108000179,179,453,-274
108000181,35,53,-18
108000182,141,10,131
108000183,13,12,1
108000184,1112,948,164
108000185,66,618,-552
108000186,44,55,-11
108000187,36,735,-699
108000188,142,241,-99
108000189,277,462,-185
108000190,38,97,-59
108000192,43,605,-562
108000193,517,47,470
108000194,17,5,12
108000195,2,1043,-1041
108000196,42,81,-39
108000198,278,329,-51
108000199,0,102,-102
108000200,142,573,-431
108000203,54,944,-890
108000204,38,21,17
108000205,383,539,-156
108000339,1409,174,1235
108000364,198,127,71
108000365,22,348,-326
108000367,113,317,-204
108000368,7,42,-35
108000369,1532,89,1443
108000371,0,593,-593
108000372,239,1,238
108000373,69,125,-56
108000376,53,8,45
108000377,172,272,-100
108000378,6947,5675,1272
108000379,23,120,-97
108000381,26,19,7
108000382,67,0,67
108000383,0,87,-87
108900001,90,1063,-973
108900002,138,30,108
108900003,339,958,-619
108900004,50,87,-37
108900005,22,76,-54
108900006,255,149,106
108900007,38,148,-110
108900008,34,142,-108
108900009,14,106,-92
108900010,63,181,-118
108900011,186,321,-135
108900012,100,451,-351
108900013,25,223,-198
108900014,0,79,-79
108900015,0,15,-15
108900016,3,174,-171
108900017,96,157,-61
108900018,36,520,-484
108900019,9,1103,-1094
108900020,18,295,-277
108900021,40,280,-240
108900022,26,3,23
108900023,5,39,-34
108900024,5,128,-123
108900025,25,116,-91
108900026,7,76,-69
108900027,0,117,-117
108900028,26,489,-463
108900029,25,236,-211
108900030,0,99,-99
108900031,53,639,-586
108900032,16,244,-228
108900033,0,63,-63
108900034,0,230,-230
108900035,163,1808,-1645
108900036,147,328,-181
108900037,20,478,-458
108900038,0,335,-335
108900039,0,520,-520
108900040,1,91,-90
108900041,5528,1451,4077
108900042,3,203,-200
108900043,18,471,-453
108900044,2,800,-798
108900045,14,650,-636
108900046,65,1020,-955
108900047,0,96,-96
108900048,62,1066,-1004
108900049,4937,509,4428
108900050,0,304,-304
108900051,2,238,-236
108900052,6,323,-317
108900053,80,104,-24
108900054,25,232,-207
108900055,81,488,-407
108900056,0,196,-196
108900057,0,170,-170
108900058,11,445,-434
108900059,142,11,131
108900060,42,62,-20
108900061,25,13,12
108900062,3,354,-351
108900063,4,372,-368
108900064,54,49,5
108900065,6,312,-306
108900066,95,61,34
108900067,16,236,-220
108900068,7,261,-254
108900069,24,109,-85
108900070,20,187,-167
108900071,48,39,9
108900072,2289,207,2082
108900073,10,517,-507
108900074,40,409,-369
108900075,45,89,-44
108900076,90,50,40
108900077,154,567,-413
108900078,12,197,-185
108900079,704,196,508
108900080,6,216,-210
108900081,46,257,-211
108900082,22,115,-93
108900083,4,104,-100
108900084,297,90,207
108900085,2070,95,1975
108900086,27,371,-344
108900087,97,186,-89
108900088,381,159,222
108900089,2,58,-56
108900090,11,498,-487
108900091,177,96,81
108900092,201,139,62
108900093,40,35,5
108900094,117,52,65
108900095,57,632,-575
108900096,447,32,415
108900097,131,194,-63
108900098,2956,243,2713
108900099,132,290,-158
108900100,19,107,-88
108900101,125,48,77
108900102,169,339,-170
108900103,25,36,-11
108900104,201,196,5
108900105,3,379,-376
108900106,131,607,-476
108900108,165,22,143
108900109,115,34,81
108900110,75,466,-391
108900111,114,728,-614
108900112,65,17,48
108900113,19,9,10
108900114,18,25,-7
108900115,39,47,-8
108900116,45,4,41
108900117,44,18,26
108900118,215,4,211
108900119,83,52,31
108900120,103,61,42
108900121,149,22,127
108900122,20,25,-5
108900123,40,26,14
108900124,185,69,116
108900125,91,0,91
108900126,38,6,32
108900127,46,15,31
108900128,19,8,11
108900129,326,49,277
108900130,82,0,82
108900131,114,0,114
108900132,162,54,108
108900133,82,46,36
108900134,89,253,-164
108900135,60,5,55
108900136,1,0,1
108900137,14,0,14
108900138,235,10,225
108900139,96,35,61
108900140,42,162,-120
108900141,67,7,60
108900142,24,1,23
108900143,14,0,14
108900144,15,0,15
108900145,74,4,70
108900146,10,0,10
108900147,56,0,56
108900148,71,28,43
108900149,471,297,174
108900150,138,9,129
108900151,17,1,16
108900152,20,3,17
108900153,37,487,-450
108900154,2079,284,1795
108900155,74,61,13
108900156,26,1,25
108900157,8,594,-586
108900158,34,10,24
108900159,16,361,-345
108900160,7,242,-235
108900161,1,456,-455
108900162,22,0,22
108900163,11,115,-104
108900164,20,100,-80
108900165,211,46,165
108900167,1377,1473,-96
108900168,9815,1265,8550
108900169,26,160,-134
108900171,7664,953,6711
108900172,178,25,153
108900173,186,316,-130
108900174,249,362,-113
108900176,149,795,-646
108900177,8141,1511,6630
108900178,4902,1194,3708
108900179,256,561,-305
108900180,49,107,-58
108900182,39,113,-74
108900183,135,204,-69
108900184,138,110,28
108900185,12,247,-235
108900186,25,311,-286
108900187,124,35,89
108900188,152,37,115
108900189,111,117,-6
108900190,25,2875,-2850
108900191,93,6,87
108900192,43,324,-281
108900193,118,26,92
108900194,9,258,-249
108900195,31,313,-282
108900196,18,487,-469
108900198,3,629,-626
108900199,90,297,-207
108900200,208,267,-59
108900201,175,1120,-945
108900203,187,13,174
108900204,153,12,141
108900205,72,10,62
108900206,107,16,91
108900207,72,28,44
108900208,14,312,-298
108900209,182,536,-354
108900210,115,148,-33
108900211,80,207,-127
108900212,648,551,97
108900215,86,604,-518
108900216,340,40,300
108900217,25,0,25
108900218,54,6,48
108900219,54,2,52
108900220,13,5,8
108900221,12,44,-32
108900222,40,11,29
108900223,7,40,-33
108900224,19,86,-67
108900225,0,126,-126
108900226,3,0,3
108900227,53,58,-5
108900230,386,321,65
108900231,51,231,-180
108900232,1,417,-416
108900233,123,18,105
108900234,153,44,109
108900235,144,618,-474
108900236,22,412,-390
108900237,34,260,-226
108900240,33,74,-41
108900241,5,11,-6
108900245,2,391,-389
108900249,40,6,34
108900250,74,72,2
108900257,47,510,-463
108900258,12,259,-247
108900259,15,59,-44
108900260,2,92,-90
108900261,113,124,-11
108900262,264,98,166
108900263,56,266,-210
108900264,277,213,64
108900265,1323,160,1163
108900266,1131,240,891
108900267,1,62,-61
108900268,2,5,-3
108900269,14,7,7
108900270,19,0,19
108900271,5,1,4
108900272,65,5,60
108900273,827,313,514
108900274,20,45,-25
109000001,2192,748,1444
109000002,2539,1101,1438
109000003,1529,428,1101
109000004,466,2686,-2220
109000005,1165,623,542
109000006,512,1968,-1456
109000007,627,571,56
109000008,303,1811,-1508
109000009,2401,823,1578
109000010,1261,3245,-1984
109000011,1470,1054,416
109000012,1568,3724,-2156
109000013,1805,1316,489
109000014,1073,3473,-2400
109000015,2370,2911,-541
109000016,9130,3727,5403
109000017,1180,772,408
109000018,565,3007,-2442
109000019,1649,800,849
109000020,1140,2077,-937
109000023,101,11,90
109000024,4,110,-106
109000025,263,243,20
109000026,439,231,208
109000027,46,190,-144
109000028,87,74,13
109000029,87,73,14
109000030,81,654,-573
109000031,94,47,47
109000032,46,493,-447
109000033,139,77,62
109000034,42,16,26
109000035,23,53,-30
109000036,68,307,-239
109000037,101,473,-372
109000038,401,294,107
109000039,458,272,186
109000040,5089,2306,2783
109000041,4593,902,3691
109000042,674,827,-153
109000044,120,75,45
109000045,66,384,-318
109000046,133,79,54
109000047,56,362,-306
109000048,688,90,598
109000049,217,474,-257
109000050,189,122,67
109000051,202,304,-102
109000052,243,1687,-1444
109000053,61,50,11
109000054,72,606,-534
109000055,96,116,-20
109000056,121,573,-452
109000057,163,136,27
109000058,439,160,279
109000059,312,645,-333
109000060,416,116,300
109000061,1286,322,964
109000062,93,177,-84
109000063,147,209,-62
109000064,66,150,-84
109000065,37,340,-303
109000066,176,108,68
109000067,21,344,-323
109000068,183,0,183
109000069,299,4,295
109000070,0,710,-710
109000071,212,65,147
109000072,46,303,-257
109000073,45,44,1
109000074,20,196,-176
109000075,41,435,-394
109000076,43,135,-92
109000077,269,280,-11
109000078,34,90,-56
109000079,90,269,-179
109000080,40,96,-56
109000081,36,555,-519
109000082,198,287,-89
109000083,113,871,-758
109000088,103,430,-327
109000089,119,18,101
109000090,135,446,-311
109000091,147,53,94
109000092,340,523,-183
109000093,101,102,-1
109000094,95,0,95
109000095,71,606,-535
109000096,229,106,123
109000097,57,86,-29
109000098,43,40,3
109000099,386,288,98
109000100,80,467,-387
109000101,548,649,-101
109000102,173,764,-591
109000103,138,531,-393
109000104,643,468,175
109000105,226,1457,-1231
109000106,887,428,459
109000107,370,1731,-1361
109000108,757,382,375
109000109,373,1733,-1360
109000110,848,290,558
109000111,673,2054,-1381
109000112,178,117,61
109000113,123,175,-52
109000114,98,287,-189
109000115,656,27,629
109000116,0,205,-205
109000117,55,80,-25
109000118,3,280,-277
109000119,329,312,17
109000120,79,1106,-1027
109000121,118,45,73
109000122,49,1089,-1040
109000123,10,78,-68
109000124,220,312,-92
109000125,268,237,31
109000126,171,977,-806
109000127,280,159,121
109000128,330,2326,-1996
109000129,810,288,522
109000130,463,2663,-2200
109000131,387,210,177
109000132,501,1670,-1169
109000133,226,870,-644
109000134,529,1368,-839
109000135,698,1040,-342
109000136,139,376,-237
109000137,93,231,-138
109000138,171,484,-313
109000139,177,355,-178
109000140,44,499,-455
109000141,164,398,-234
109000142,65,512,-447
109000143,60,38,22
109000145,48,99,-51
109000146,37,67,-30
109000148,3898,683,3215
109000149,25,18,7
109000150,52,111,-59
109000155,250,428,-178
109000156,817,849,-32
109000158,34,236,-202
109000159,49,596,-547
109000160,305,227,78
109000161,163,1328,-1165
109000162,1052,804,248
109000163,461,1490,-1029
109000164,626,2363,-1737
109000165,635,557,78
109000166,266,118,148
109000167,82,893,-811
109000170,40,41,-1
109000171,41,43,-2
109000172,26,36,-10
109000173,13,34,-21
109000174,32,49,-17
109000175,24,96,-72
109000176,92,294,-202
109000177,10,90,-80
109000178,284,451,-167
109000179,7088,1841,5247
109000180,4528,2101,2427
109000181,7,42,-35
109000182,19,31,-12
109000183,11,28,-17
109000184,14,20,-6
109000185,8,52,-44
109000188,275,2450,-2175
109000189,1126,717,409
109000190,271,487,-216
109000191,171,665,-494
109000192,117,229,-112
109000193,86,361,-275
109000194,66,128,-62
109000195,45,359,-314
109000196,123,77,46
109000197,101,497,-396
109000198,125,48,77
109000199,58,494,-436
109000206,85,34,51
109000207,42,45,-3
109000208,81,42,39
109000209,116,73,43
109000210,156,497,-341
109000211,149,251,-102
109000214,130,585,-455
109000215,66,38,28
109000216,161,108,53
109000217,88,34,54
109000218,103,92,11
109000221,208,1012,-804
109000222,468,63,405
109000223,147,130,17
109000224,24,374,-350
109000225,45,51,-6
109000226,23,279,-256
109000227,415,1461,-1046
109000228,1,237,-236
109000231,4,427,-423
109000232,143,486,-343
109000236,157,796,-639
109000241,975,1556,-581
109000242,820,977,-157
109000293,4,36,-32
109000361,58,225,-167
109000364,165,550,-385
109000396,2,848,-846
109000397,218,2,216
109000399,119,507,-388
109000400,35,284,-249
109000403,20,161,-141
109000406,93,7,86
109000407,147,242,-95
109000408,1,656,-655
109000410,423,132,291
109000411,45,21,24
109900001,36,0,36
109900002,234,9,225
109900003,57,0,57
109900004,312,226,86
109900005,18,4,14
109900006,173,182,-9
109900007,233,849,-616
109900008,0,24,-24
109900009,64,783,-719
109900010,162,10,152
109900011,32,22,10
109900012,99,121,-22
109900013,182,57,125
109900014,128,26,102
109900015,227,52,175
109900016,46,49,-3
109900017,49,53,-4
109900018,74,135,-61
109900019,30,64,-34
109900020,6,18,-12
109900021,2,9,-7
109900022,65,325,-260
109900023,11,0,11
109900024,2,0,2
109900025,4,69,-65
109900026,1,158,-157
109900027,38,4,34
109900028,2575,281,2294
109900029,6,438,-432
109900030,7,2,5
109900031,0,40,-40
109900032,0,267,-267
109900033,0,435,-435
109900034,3,0,3
109900035,12,23,-11
109900036,7,69,-62
109900037,11,590,-579
109900038,19,202,-183
109900039,1,0,1
109900040,18,629,-611
109900041,23,494,-471
109900042,6,446,-440
109900044,36,275,-239
109900045,26,14,12
109900046,10,29,-19
109900047,251,320,-69
109900048,0,48,-48
109900049,1,19,-18
109900050,2,365,-363
109900051,0,71,-71
109900052,35,198,-163
109900053,2,562,-560
109900054,242,70,172
109900055,22,224,-202
109900056,11,52,-41
109900057,2,234,-232
109900058,0,127,-127
109900059,191,62,129
109900060,148,150,-2
109900061,57,228,-171
109900062,2,257,-255
109900063,4,316,-312
109900064,189,259,-70
109900065,66,112,-46
109900066,193,859,-666
109900067,0,518,-518
109900068,21,3,18
109900069,4,29,-25
109900070,45,276,-231
109900071,1,33,-32
109900072,11,122,-111
109900073,83,730,-647
109900074,3,32,-29
109900075,1,9,-8
109900076,4,280,-276
109900077,14,39,-25
109900078,58,236,-178
109900080,98,279,-181
109900081,6,78,-72
109900082,24,403,-379
109900083,6,23,-17
109900084,36,143,-107
109900085,129,1080,-951
109900086,55,114,-59
109900087,169,272,-103
109900089,186,72,114
109900090,347,1039,-692
109900091,97,42,55
109900092,175,7,168
109900093,280,80,200
109900094,23,55,-32
109900095,89,184,-95
109900096,10,2,8
109900097,65,1,64
109900098,103,13,90
109900099,48,0,48
109900100,25,0,25
109900101,95,2,93
109900102,150,12,138
109900103,10,28,-18
109900104,136,1147,-1011
109900105,226,17,209
109900106,128,75,53
109900107,153,46,107
109900108,34,519,-485
109900109,11,224,-213
109900110,28,427,-399
109900111,186,1028,-842
109900112,334,886,-552
109900113,286,195,91
109900114,383,254,129
109900115,68,53,15
109900117,247,82,165
109900118,143,351,-208
109900119,503,196,307
109900120,28,9,19
109900121,244,95,149
109900122,155,1,154
109900123,8,138,-130
109900124,20,750,-730
109900125,1,206,-205
109900126,66,157,-91
109900128,68,51,17
109900130,10229,750,9479
109900131,32,131,-99
109900132,46,218,-172
109900133,43,439,-396
109900134,52,28,24
109900135,406,49,357
109900136,24,80,-56
109900137,29,373,-344
109900140,81,327,-246
109900142,362,186,176
109900145,2,75,-73
109900146,234,23,211
109900148,30,36,-6
109900149,37,43,-6
109900150,2,67,-65
109900151,3,45,-42
109900152,2,17,-15
109900153,0,34,-34
109900154,1,0,1
109900155,13,6,7
109900157,26,224,-198
109900158,43,96,-53
109900159,52,23,29
109900160,63,29,34
109900161,118,40,78
109900162,46,54,-8
109900163,518,225,293
109900164,42,183,-141
109900165,70,4,66
109900166,1,197,-196
109900167,71,555,-484
109900168,68,468,-400
109900169,44,112,-68
109900170,197,327,-130
109900171,59,50,9
109900172,52,155,-103
109900173,4117,790,3327
109900174,23,127,-104
109900175,11,53,-42
109900176,45,184,-139
109900177,16,280,-264
109900178,0,85,-85
109900179,3,15,-12
109900180,2,6,-4
110000001,570,464,106
110000002,426,377,49
110000003,718,521,197
110000004,427,414,13
110000005,568,823,-255
110000006,523,268,255
110000007,67,110,-43
110000008,7,30,-23
110000009,14,32,-18
110000010,5,46,-41
110000011,17,70,-53
110000012,560,403,157
110000013,18,304,-286
110000014,506,288,218
110000015,338,414,-76
110000016,304,746,-442
110000017,3503,231,3272
110000018,2886,398,2488
110000019,14,170,-156
110000020,531,246,285
110000021,378,272,106
110000022,523,158,365
110000023,1,138,-137
110000024,542,327,215
110000025,73,3,70
110000026,5,505,-500
110000027,337,228,109
110000028,490,484,6
110000029,422,742,-320
110000030,124,235,-111
110000031,154,581,-427
110000032,433,317,116
110000033,66,75,-9
110000034,124,609,-485
110000035,234,923,-689
110000036,257,590,-333
110000037,62,654,-592
110000038,165,459,-294
110000039,386,1033,-647
110000040,192,417,-225
110000041,93,592,-499
110000042,47,267,-220
110000043,283,142,141
110000044,27,63,-36
110000045,159,57,102
110000046,3,6,-3
110000047,4,9,-5
110000048,1,7,-6
110000049,5,5,0
110000050,3,12,-9
110000051,11,2,9
110000052,25,15,10
110000053,17,4,13
110000054,57,169,-112
110000055,122,16,106
110000056,228,42,186
110000057,245,667,-422
110000058,378,540,-162
110000059,426,496,-70
110000060,347,609,-262
110000061,822,733,89
110000062,661,605,56
110000063,22,71,-49
110000064,55,105,-50
110000065,9,57,-48
110000066,45,45,0
110000067,33,268,-235
110000068,76,458,-382
110000069,44,90,-46
110000071,39,147,-108
110000073,0,13,-13
110000075,3,66,-63
110000076,278,153,125
110000077,473,377,96
110000078,5,28,-23
110000080,170,590,-420
110000081,14,214,-200
110000082,15,214,-199
110000083,166,458,-292
110000084,479,306,173
110000085,2786,1185,1601
110000086,1338,689,649
110000087,5,41,-36
110000088,11,180,-169
110000089,85,142,-57
110000090,25,243,-218
110000091,1411,207,1204
110000092,10,79,-69
110000093,26,8,18
110000094,298,211,87
110000095,66,322,-256
110000096,3776,1390,2386
110000097,751,771,-20
110000098,1252,417,835
110000099,811,1239,-428
110000100,178,790,-612
110000101,14,648,-634
110000102,34,31,3
110000104,55,69,-14
110000105,29,270,-241
110000106,237,165,72
110000107,303,331,-28
110000108,148,38,110
110000109,322,236,86
110000110,4441,2254,2187
110000111,7774,1477,6297
110000112,1023,200,823
110000113,779,626,153
110000114,74,277,-203
110000115,119,216,-97
110000116,15,23,-8
110000117,69,571,-502
110000118,160,208,-48
110000119,99,315,-216
110000120,168,149,19
110000121,46,210,-164
110000122,165,466,-301
110000123,237,269,-32
110000124,4,760,-756
110000125,544,5,539
110000126,115,19,96
110000127,393,23,370
110000128,35,1670,-1635
110000129,4,554,-550
110000130,62,60,2
110000131,83,327,-244
110000132,0,757,-757
110000133,53,182,-129
110000134,13,251,-238
110000135,129,22,107
110000136,21,290,-269
110000137,241,714,-473
110000138,305,819,-514
110000139,432,1417,-985
110000140,418,299,119
110000143,502,306,196
110000144,3534,745,2789
110000145,1147,501,646
110000146,2185,710,1475
110000147,113,503,-390
110000148,234,289,-55
110000151,837,424,413
110000152,709,254,455
110000153,23,40,-17
110000154,54,18,36
110000155,1709,1404,305
110000156,621,942,-321
110000157,1241,1167,74
110000160,196,337,-141
110000161,105,429,-324
110000166,151,142,9
110000167,352,350,2
110000168,497,213,284
110000169,205,240,-35
110000170,74,77,-3
110000171,305,157,148
110000172,119,755,-636
110000173,1007,1212,-205
110000174,40,1207,-1167
110000175,197,54,143
110000176,15,151,-136
110000177,89,574,-485
110000178,338,506,-168
110000179,1329,342,987
110000180,64,325,-261
110000181,157,304,-147
110000182,301,166,135
110000183,10256,3324,6932
110000184,517,1151,-634
110000185,578,582,-4
110000186,535,461,74
110000191,202,392,-190
110000192,143,3,140
110000193,224,2,222
110000194,9,1276,-1267
110000195,105,361,-256
110000196,131,459,-328
110000197,26,190,-164
110000198,41,58,-17
110000199,23,103,-80
110000200,1117,532,585
110000201,264,415,-151
110000202,651,309,342
110000203,452,708,-256
110000204,3,286,-283
110000205,21,78,-57
110000206,365,1428,-1063
110000207,305,256,49
110000208,72,111,-39
110000209,69,659,-590
110000210,291,477,-186
110000211,265,622,-357
110000212,167,568,-401
110000213,38,39,-1
110000214,79,87,-8
110000215,49,585,-536
110000216,27,651,-624
110000217,84,204,-120
110000218,39,434,-395
110000219,121,71,50
110000220,19,435,-416
110000221,104,63,41
110000222,25,357,-332
110000223,0,50,-50
110000224,60,6,54
110000225,127,470,-343
110000226,137,35,102
110000227,369,296,73
110000228,197,292,-95
110000229,0,238,-238
110000230,271,482,-211
110000231,71,131,-60
110000232,58,157,-99
110000233,119,224,-105
110000234,391,294,97
110000235,959,735,224
110000236,161,823,-662
110000237,886,993,-107
110000238,593,1114,-521
110000239,719,1090,-371
110000240,0,128,-128
110000242,0,19,-19
110000243,38,202,-164
110000244,93,322,-229
110000245,46,435,-389
110000246,232,582,-350
110000247,1548,3154,-1606
110000248,2572,1093,1479
110000249,42,6,36
110000250,9,182,-173
110000251,61,338,-277
110000252,97,261,-164
110000253,741,299,442
110000254,566,1186,-620
110000255,158,1111,-953
110000256,319,143,176
110000257,543,306,237
110000258,3,479,-476
110000259,39,22,17
110000260,11,367,-356
110000263,523,68,455
110000264,115,569,-454
110000265,701,1178,-477
110000266,1505,1525,-20
110000267,15,150,-135
110000268,249,414,-165
110000269,2,84,-82
110000270,25,0,25
110000271,1894,240,1654
110000272,688,622,66
110000273,2504,1045,1459
110000274,107,705,-598
110000275,2732,395,2337
110000276,61,154,-93
110000277,77,338,-261
110000278,124,663,-539
110000279,411,559,-148
110000280,112,342,-230
110000281,15,140,-125
110000282,196,40,156
110000283,29,44,-15
110000284,32,19,13
110000285,2,145,-143
110000286,19,1,18
110000287,12,3,9
110000288,0,78,-78
110000289,253,901,-648
110000290,1331,446,885
110000291,5354,1157,4197
110000292,948,2635,-1687
110000293,236,961,-725
110000294,348,646,-298
110000295,42,649,-607
110000296,107,269,-162
110000297,2576,222,2354
110000298,289,432,-143
110000299,741,25,716
110000301,72,9,63
110000302,141,1218,-1077
110000303,154,5,149
110000304,56,236,-180
110000305,366,15,351
110000306,62,1699,-1637
110000307,411,6,405
110000308,258,8,250
110000309,9,1288,-1279
110000310,333,56,277
110000311,12,800,-788
110000312,492,32,460
110000313,3321,1401,1920
110000314,2,173,-171
110000315,2523,1189,1334
110000316,437,945,-508
110000317,503,161,342
110000318,0,56,-56
110000319,7,14,-7
110000320,32,59,-27
110000321,20,43,-23
110000322,81,485,-404
110000323,157,256,-99
110000324,4408,926,3482
110000325,1685,1584,101
110000327,426,194,232
110000328,161,419,-258
110000333,467,366,101
110000334,414,1274,-860
110000335,704,453,251
110000336,273,1123,-850
110000337,461,366,95
110000338,92,206,-114
110000339,61,185,-124
110000340,10,151,-141
110000341,189,540,-351
110000342,378,8,370
110000343,0,11,-11
110000344,23,199,-176
110000345,82,41,41
110000346,1685,1027,658
110000347,781,604,177
110000348,5,21,-16
110000349,7,19,-12
110000350,35,4,31
110000351,357,688,-331
110000352,286,1161,-875
110000353,2676,766,1910
110000354,542,1294,-752
110000355,39,67,-28
110000356,426,4,422
110000357,186,8,178
110000361,6,67,-61
110000362,22,196,-174
110000363,133,108,25
110000364,49,310,-261
110000365,86,0,86
110000366,0,95,-95
110000367,217,251,-34
110000368,1,81,-80
110000369,21,2,19
110000373,3,318,-315
110000374,28,2,26
110000375,109,587,-478
110000376,18,104,-86
110000377,39,191,-152
110000378,18,207,-189
110000379,3200,666,2534
110000380,16,9,7
110000383,0,486,-486
110000384,1478,332,1146
110000385,0,130,-130
110000387,44,3,41
110000388,13,184,-171
110000389,334,3,331
110000391,136,293,-157
110000396,63,150,-87
110000397,44,176,-132
110000398,5,34,-29
110000399,84,2,82
110000587,25,33,-8
110000589,120,126,-6
110000640,76,73,3
110000652,15,79,-64
110000653,88,398,-310
110000654,3,25,-22
110000656,2,566,-564
110000674,12,5,7
110000675,0,3,-3
110000676,0,32,-32
110000679,535,340,195
110000682,122,104,18
110000683,368,417,-49
110000684,4,52,-48
110000685,3,5,-2
110000686,1,11,-10
110000687,48,0,48
110000688,60,378,-318
110000689,15,53,-38
110000692,43,224,-181
110000693,51,172,-121
110000694,0,81,-81
110000695,84,574,-490
110000696,117,120,-3
110900001,104,19,85
110900002,264,222,42
110900003,190,985,-795
110900004,113,235,-122
110900005,3878,847,3031
110900006,28,10,18
110900007,27,3,24
110900008,3,44,-41
110900009,217,41,176
110900010,5,78,-73
110900011,3,93,-90
110900012,3,137,-134
110900013,465,153,312
110900014,60,6,54
110900015,745,226,519
110900016,5,181,-176
110900017,131,73,58
110900018,267,39,228
110900019,49,15,34
110900020,31,473,-442
110900021,43,545,-502
110900022,37,407,-370
110900023,60,336,-276
110900024,27,490,-463
110900025,2,28,-26
110900027,19,275,-256
110900028,14,160,-146
110900029,47,424,-377
110900030,9,326,-317
110900031,1,137,-136
110900032,0,88,-88
110900033,12,224,-212
110900035,33,378,-345
110900036,46,11,35
110900037,17,18,-1
110900038,1217,185,1032
110900039,15,191,-176
110900040,81,15,66
110900041,7,148,-141
110900042,31,39,-8
110900043,2,136,-134
110900044,270,17,253
110900045,37,668,-631
110900046,125,327,-202
110900047,685,53,632
110900049,16,24,-8
110900050,7,1,6
110900051,28,149,-121
110900052,2,208,-206
110900053,36,65,-29
110900054,16,289,-273
110900055,6,2,4
110900056,82,90,-8
110900057,2,259,-257
110900058,45,250,-205
110900059,404,747,-343
110900060,190,54,136
110900061,20,27,-7
110900062,38,291,-253
110900063,15,78,-63
110900064,2,0,2
110900065,434,57,377
110900066,4,67,-63
110900067,608,402,206
110900068,172,244,-72
110900069,0,24,-24
110900070,78,39,39
110900071,270,219,51
110900073,1,10,-9
110900074,177,47,130
110900075,125,68,57
110900077,172,307,-135
110900078,5,123,-118
110900079,1586,385,1201
110900080,27,56,-29
110900081,0,105,-105
110900082,29,200,-171
110900083,37,47,-10
110900084,14,171,-157
110900085,14,244,-230
110900086,40,88,-48
110900087,92,95,-3
110900088,5,0,5
110900090,22,18,4
110900091,0,59,-59
110900093,107,54,53
110900095,23,45,-22
110900097,5,14,-9
110900098,5,83,-78
110900099,51,396,-345
110900100,0,4,-4
110900102,14,15,-1
110900105,407,259,148
110900108,2,86,-84
110900111,168,71,97
110900112,288,3,285
110900113,525,30,495
110900115,3,88,-85
110900116,238,2654,-2416
110900118,133,784,-651
110900119,5488,228,5260
110900120,0,109,-109
110900121,44,2,42
110900122,145,132,13
110900125,134,206,-72
110900127,441,496,-55
110900128,176,125,51
110900129,199,243,-44
110900130,786,206,580
110900131,55,38,17
110900132,137,18,119
110900133,22,269,-247
110900135,52,378,-326
110900136,127,5,122
110900137,44,0,44
110900138,219,223,-4
110900139,2,24,-22
110900140,32,0,32
110900141,19,27,-8
110900142,36,151,-115
110900143,59,52,7
110900144,2,613,-611
110900145,56,9,47
110900146,234,46,188
110900147,166,163,3
110900148,2,284,-282
110900149,1,55,-54
110900150,27,27,0
110900151,2,45,-43
110900152,15,401,-386
110900153,44,12,32
111000001,169,258,-89
111000002,430,586,-156
111000003,377,398,-21
111000004,332,968,-636
111000005,660,550,110
111000006,692,1052,-360
111000007,3279,1164,2115
111000008,2887,2991,-104
111000009,209,711,-502
111000010,299,183,116
111000011,272,696,-424
111000012,402,235,167
111000013,182,1139,-957
111000014,743,434,309
111000017,104,402,-298
111000018,163,294,-131
111000020,2151,1681,470
111000021,54,97,-43
111000023,87,163,-76
111000025,6645,1465,5180
111000029,72,85,-13
111000030,28,107,-79
111000031,1804,483,1321
111000032,348,151,197
111000033,199,104,95
111000034,199,119,80
111000037,2585,1074,1511
111000038,2701,2021,680
111000039,1026,1932,-906
111000040,1230,2057,-827
111000041,1462,1242,220
111000042,5907,2316,3591
111000043,1415,1054,361
111000044,772,396,376
111000045,898,1254,-356
111000046,766,810,-44
111000047,1261,1542,-281
111000049,268,498,-230
111000050,1667,1755,-88
111000051,292,1028,-736
111000052,371,1193,-822
111000053,229,1016,-787
111000054,190,953,-763
111000055,876,1871,-995
111000056,71,669,-598
111000057,50,756,-706
111000058,109,83,26
111000059,127,274,-147
111000060,1701,796,905
111000061,302,275,27
111000062,469,190,279
111000063,1322,562,760
111000064,242,437,-195
111000065,602,583,19
111000066,193,194,-1
111000067,268,621,-353
111000068,175,548,-373
111000069,1517,1604,-87
111000070,2211,1168,1043
111000071,184,755,-571
111000072,404,209,195
111000073,148,386,-238
111000074,1063,999,64
111000075,398,579,-181
111000076,253,667,-414
111000077,843,969,-126
111000078,1500,955,545
111000079,1144,660,484
111000080,216,570,-354
111000081,1785,2300,-515
111000082,402,545,-143
111000084,392,405,-13
111000085,543,1490,-947
111000086,2833,1167,1666
111000087,565,797,-232
111000088,5617,1505,4112
111000089,363,808,-445
111000090,964,1328,-364
111000091,561,773,-212
111000092,608,1100,-492
111000093,244,631,-387
111000094,923,619,304
111000095,661,1339,-678
111000096,2639,4413,-1774
111000097,5793,1007,4786
111000098,329,1437,-1108
111000099,283,2462,-2179
111000100,197,2305,-2108
111000101,281,717,-436
111000102,71,766,-695
111000104,131,133,-2
111000107,29,645,-616
111000109,142,136,6
111000110,556,441,115
111000111,615,358,257
111000112,819,197,622
111000113,485,354,131
111000114,1036,879,157
111000115,7208,767,6441
111000116,654,573,81
111000117,364,606,-242
111000118,1118,824,294
111000119,753,1572,-819
111000120,236,553,-317
111000121,149,457,-308
111000122,337,974,-637
111000123,540,3192,-2652
111000124,310,3621,-3311
111000125,121,1959,-1838
111000126,58,996,-938
111000127,322,139,183
111000128,509,288,221
111000129,909,345,564
111000130,638,533,105
111000131,482,473,9
111000132,407,294,113
111000133,49,105,-56
111000134,81,96,-15
111000135,25,113,-88
111000136,144,213,-69
111000138,2,11,-9
111000140,0,6,-6
111000141,85,235,-150
111000142,21,134,-113
111000143,0,53,-53
111000144,2,82,-80
111000145,45,2,43
111000146,17,1,16
111000147,184,12,172
111000148,104,82,22
111000149,2,17,-15
111000150,2,4,-2
111000151,2,7,-5
111000153,441,468,-27
111000154,654,190,464
111000155,108,150,-42
111000156,300,264,36
111000157,109,402,-293
111000158,760,420,340
111000159,2137,541,1596
111000160,123,302,-179
111000161,8,210,-202
111000162,3,134,-131
111000163,209,622,-413
111000164,710,1602,-892
111000165,1268,387,881
111000166,1116,290,826
111000167,156,455,-299
111000168,210,313,-103
111000169,269,394,-125
111000170,399,324,75
111000171,337,1002,-665
111000172,68,623,-555
111000173,155,1360,-1205
111000174,63,529,-466
111000175,24,239,-215
111000176,103,156,-53
111000177,51,236,-185
111000178,424,282,142
111000179,54,168,-114
111000180,119,193,-74
111000181,355,235,120
111000182,69,128,-59
111000183,146,229,-83
111000184,231,162,69
111000185,277,366,-89
111000186,130,281,-151
111000187,72,288,-216
111000188,64,442,-378
111000189,1560,472,1088
111000190,132,559,-427
111000191,111,471,-360
111000192,115,671,-556
111000193,353,355,-2
111000194,24,385,-361
111000195,71,477,-406
111000196,22,305,-283
111000197,143,192,-49
111000198,124,111,13
111000199,50,120,-70
111000200,58,206,-148
111000201,225,164,61
111000202,100,120,-20
111000203,127,108,19
111000204,187,302,-115
111000213,111,282,-171
111000214,823,1461,-638
111000215,586,1294,-708
111000217,707,829,-122
111000218,661,868,-207
111000219,333,153,180
111000220,2703,432,2271
111000221,650,211,439
111000224,64,223,-159
111000225,122,91,31
111000226,83,0,83
111000227,25,7,18
111000228,9,138,-129
111000229,22,249,-227
111000230,138,447,-309
111000231,282,1259,-977
111000232,130,784,-654
111000233,180,655,-475
111000234,41,116,-75
111000239,125,169,-44
111000240,7,64,-57
111000241,18,410,-392
111000242,50,35,15
111000243,58,803,-745
111000244,104,48,56
111000245,260,496,-236
111000246,119,621,-502
111000247,51,1053,-1002
111000248,204,309,-105
111000249,273,833,-560
111000250,16,154,-138
111000251,20,123,-103
111000253,8,8,0
111000255,14,1,13
111000257,14,26,-12
111000260,26,1150,-1124
111000261,274,75,199
111000271,24,271,-247
111000273,5665,1091,4574
111000274,849,1413,-564
111000275,52,64,-12
111000276,233,2263,-2030
111000277,87,411,-324
111000278,359,227,132
111000291,316,1862,-1546
111000298,226,243,-17
111000299,423,78,345
111000300,66,513,-447
111000302,146,61,85
111000303,41,239,-198
111000312,53,41,12
111000315,9,198,-189
111000320,243,665,-422
111000321,148,59,89
111000322,115,594,-479
111000323,51,27,24
111000324,283,313,-30
111000325,8,76,-68
111000326,36,359,-323
111000327,399,617,-218
111000328,104,321,-217
111000329,1,15,-14
111000330,7,9,-2
111000331,6,1,5
111000332,307,864,-557
111000334,267,1566,-1299
111000335,179,107,72
111000337,253,340,-87
111000338,11,116,-105
111000339,101,747,-646
111000340,42,889,-847
111000341,432,185,247
111000342,47,191,-144
111000344,553,646,-93
111000345,197,19,178
111000346,9,74,-65
111000347,32,1,31
111000350,111,110,1
111000351,65,228,-163
111000352,85,75,10
111000353,40,197,-157
111000354,221,78,143
111000355,325,527,-202
111000358,63,1758,-1695
111000360,65,937,-872
111000361,31,355,-324
111000546,145,588,-443
111000547,120,630,-510
111000548,40,148,-108
111000549,102,402,-300
111000550,82,270,-188
111000551,485,104,381
111000552,255,37,218
111000907,75,3,72
111000908,4,0,4
111000916,398,209,189
111000917,48,299,-251
111000918,50,965,-915
111000920,110,2,108
111000921,2,359,-357
111000922,107,266,-159
111000924,31,974,-943
111000925,1089,1209,-120
111000926,752,2358,-1606
111000927,2502,2317,185
111000928,5205,3161,2044
111000929,450,625,-175
111000930,414,1977,-1563
111000931,969,1091,-122
111000932,2891,1919,972
111000933,2184,1200,984
111000934,2023,2225,-202
111000935,566,798,-232
111000936,612,1996,-1384
111000937,412,796,-384
111000938,1246,2157,-911
111000939,128,66,62
111000940,178,177,1
111000941,95,558,-463
111000943,111,218,-107
111000944,58,534,-476
111000945,32,2168,-2136
111001109,230,98,132
111001110,126,602,-476
111001111,8,7,1
111001112,53,1,52
111001113,9,76,-67
111001114,1230,67,1163
111001115,182,202,-20
111001116,4461,854,3607
111001117,552,472,80
111001120,61,288,-227
111001121,104,346,-242
111001122,102,662,-560
111001123,73,128,-55
111001124,25,361,-336
111001125,0,7,-7
111900001,1,129,-128
111900002,5,797,-792
111900003,6,427,-421
111900004,13,199,-186
111900006,2,16,-14
111900007,32,15,17
111900008,36,0,36
111900009,63,195,-132
111900010,187,548,-361
111900012,84,116,-32
111900013,12,87,-75
111900014,7199,1237,5962
111900015,0,59,-59
111900016,0,157,-157
111900017,0,141,-141
111900018,38,2,36
111900019,2,64,-62
111900020,3,29,-26
111900021,15,42,-27
111900022,11,46,-35
111900023,91,45,46
111900024,5,77,-72
111900025,1,40,-39
111900026,0,67,-67
111900027,5,150,-145
111900028,1,385,-384
111900029,7,98,-91
111900030,49,373,-324
111900031,2,26,-24
111900032,2,411,-409
111900033,2,78,-76
111900034,194,605,-411
111900035,4,159,-155
111900036,0,392,-392
111900038,279,585,-306
111900039,19,339,-320
111900040,8,770,-762
111900042,33,54,-21
111900043,5,455,-450
111900044,183,200,-17
111900046,51,210,-159
111900048,29,894,-865
111900049,21,314,-293
111900050,33,5,28
111900051,1,217,-216
111900052,375,627,-252
111900053,1117,191,926
111900054,18,0,18
111900055,15,578,-563
111900056,128,50,78
111900057,33,19,14
111900058,107,747,-640
111900059,1945,173,1772
111900060,92,3,89
111900061,3,248,-245
111900062,5,32,-27
111900063,109,207,-98
111900064,86,221,-135
111900065,23,9,14
111900066,57,90,-33
111900067,0,327,-327
111900068,18,11,7
111900069,30,10,20
111900070,71,148,-77
111900071,1,340,-339
111900072,10,6,4
111900073,152,43,109
111900074,6,186,-180
111900075,13,2,11
111900076,27,6,21
111900077,0,0,0
111900078,95,2,93
111900079,7,5,2
111900080,161,88,73
111900082,27,4,23
111900083,24,4,20
111900084,16,2,14
111900085,28,40,-12
111900086,26,3,23
111900087,11,0,11
111900088,129,2,127
111900089,11,1,10
111900090,78,14,64
111900091,45,0,45
111900092,11,0,11
111900093,110,4,106
111900094,15,0,15
111900095,57,6,51
111900096,58,0,58
111900097,3,0,3
111900098,24,0,24
111900099,19,0,19
111900100,18,0,18
111900101,34,18,16
111900102,100,672,-572
111900103,41,18,23
111900104,50,54,-4
111900105,157,100,57
111900106,1422,48,1374
111900110,3155,164,2991
111900111,32,181,-149
111900112,733,602,131
111900113,301,67,234
111900118,129,20,109
111900119,123,33,90
111900122,41,18,23
111900123,9,17,-8
111900124,22,116,-94
111900125,160,7,153
111900126,71,3,68
111900127,5,787,-782
111900128,3,611,-608
111900129,67,8,59
111900130,53,15,38
111900131,101,1,100
111900132,14,1326,-1312
111900133,6,292,-286
111900134,17,346,-329
111900135,3,6,-3
111900136,46,76,-30
111900137,58,39,19
111900138,12,74,-62
111900139,25,142,-117
111900140,18,11,7
111900141,12,5,7
111900142,21,11,10
111900143,14,263,-249
111900144,0,103,-103
111900145,2,678,-676
111900146,4,397,-393
111900147,162,477,-315
111900148,24,919,-895
111900149,9,503,-494
111900150,9,192,-183
111900151,1,17,-16
111900152,90,23,67
111900153,1419,132,1287
111900154,3,96,-93
111900155,29,26,3
111900156,13,18,-5
111900157,18,7,11
111900158,135,10,125
111900159,71,4,67
111900160,37,0,37
111900161,33,0,33
111900162,93,99,-6
111900163,50,227,-177
111900164,62,16,46
111901113,101,270,-169
111901114,30,425,-395
111901115,11,0,11
111901116,5,0,5
111901117,15,5,10
111901118,90,39,51
111901119,1336,61,1275
111901121,138,297,-159
111901122,5,602,-597
111901123,59,417,-358
111901124,57,1,56
111901125,86,161,-75
111901127,953,188,765
111901128,5,114,-109
111901129,2,139,-137
111901130,5,265,-260
111901131,0,214,-214
111901132,32,7,25
111901133,23,0,23
111901134,31,1,30
111901135,8,0,8
111901136,20,3,17
111901137,0,20,-20
111901138,35,36,-1
111901139,11,40,-29
111901140,12,160,-148
111901141,4,256,-252
111901142,5,147,-142
111901143,2,88,-86
111901144,18,23,-5
111901145,214,131,83
111901146,171,5,166
111901147,114,12,102
111901148,1,0,1
112000001,1005,618,387
112000002,606,2172,-1566
112000003,337,600,-263
112000004,365,1331,-966
112000005,1030,966,64
112000006,937,1678,-741
112000007,1039,918,121
112000008,1574,2394,-820
112000009,3722,3212,510
112000010,1326,1682,-356
112000011,1417,2047,-630
112000012,4415,1537,2878
112000013,5301,2575,2726
112000014,1903,712,1191
112000015,2223,1825,398
112000016,2464,736,1728
112000017,1279,913,366
112000024,1707,565,1142
112000026,4168,4685,-517
112000027,598,311,287
112000028,1562,1590,-28
112000029,198,396,-198
112000030,158,68,90
112000031,1048,1742,-694
112000032,415,45,370
112000033,1437,660,777
112000034,207,15,192
112000035,50,147,-97
112000036,603,420,183
112000037,454,680,-226
112000038,556,763,-207
112000039,22,77,-55
112000040,122,317,-195
112000041,429,439,-10
112000042,743,221,522
112000050,344,1021,-677
112000051,377,499,-122
112000054,1343,2250,-907
112000057,416,241,175
112000058,252,304,-52
112000059,782,265,517
112000061,5373,1175,4198
112000062,2756,444,2312
112000063,1786,555,1231
112000064,4986,5270,-284
112000065,2258,2389,-131
112000066,2536,684,1852
112000067,626,507,119
112000068,1374,782,592
112000069,515,1935,-1420
112000070,1208,347,861
112000071,486,2831,-2345
112000072,618,577,41
112000073,1072,1482,-410
112000074,681,548,133
112000075,655,706,-51
112000076,2336,2175,161
112000077,212,642,-430
112000078,667,628,39
112000079,754,1087,-333
112000080,287,884,-597
112000081,767,1438,-671
112000082,761,495,266
112000083,295,1357,-1062
112000084,600,525,75
112000085,618,1167,-549
112000086,769,1306,-537
112000087,103,451,-348
112000088,213,624,-411
112000089,100,291,-191
112000090,101,342,-241
112000091,536,1274,-738
112000092,805,666,139
112000093,1132,1112,20
112000094,283,652,-369
112000095,312,693,-381
112000096,247,587,-340
112000097,402,478,-76
112000098,685,1591,-906
112000099,338,457,-119
112000100,697,727,-30
112000101,267,897,-630
112000102,313,394,-81
112000103,167,1311,-1144
112000105,266,1869,-1603
112000106,406,270,136
112000107,8,116,-108
112000108,125,1581,-1456
112000109,71,56,15
112000110,711,352,359
112000111,1052,3809,-2757
112000112,1774,395,1379
112000113,814,2083,-1269
112000114,1239,679,560
112000115,98,521,-423
112000116,212,836,-624
112000117,397,495,-98
112000118,599,722,-123
112000119,333,907,-574
112000120,39,367,-328
112000121,40,621,-581
112000122,108,107,1
112000123,239,175,64
112000124,73,70,3
112000125,77,86,-9
112000126,95,707,-612
112000127,2178,857,1321
112000128,1175,295,880
112000129,53,88,-35
112000130,34,34,0
112000131,22,376,-354
112000132,39,347,-308
112000133,119,220,-101
112000134,263,431,-168
112000135,368,434,-66
112000136,566,1069,-503
112000137,529,974,-445
112000138,868,1246,-378
112000139,746,169,577
112000140,804,946,-142
112000141,166,165,1
112000142,71,847,-776
112000143,422,213,209
112000144,171,1660,-1489
112000145,1082,574,508
112000146,530,2211,-1681
112000147,894,1164,-270
112000148,1117,1982,-865
112000149,137,737,-600
112000150,87,605,-518
112000151,207,590,-383
112000152,156,331,-175
112000153,167,275,-108
112000154,59,85,-26
112000155,91,44,47
112000157,512,383,129
112000158,138,571,-433
112000159,154,259,-105
112000167,104,36,68
112000169,331,277,54
112000173,286,224,62
112000175,132,292,-160
112000176,4558,1270,3288
112000177,159,77,82
112000178,42,441,-399
112000179,79,154,-75
112000180,207,205,2
112000181,867,1756,-889
112000182,376,1986,-1610
112000183,33,48,-15
112000184,149,681,-532
112000185,155,542,-387
112000187,1919,1919,0
112000195,45,9,36
112000196,76,0,76
112000197,49,76,-27
112000198,19,370,-351
112000199,629,812,-183
112000202,107,1,106
112000216,30,131,-101
112000230,20,3,17
112000231,5,368,-363
112000256,19,85,-66
112000313,62,161,-99
112000314,5,6,-1
112000337,101,413,-312
112000352,195,122,73
112000392,1686,878,808
112000398,524,545,-21
112000399,2373,1063,1310
112000400,1425,3615,-2190
112000401,2175,2464,-289
112000402,946,1388,-442
112000403,1655,1131,524
112000404,167,442,-275
112000405,863,1683,-820
112000406,2850,2967,-117
112000407,2747,3808,-1061
112000408,7241,6234,1007
112000409,1380,4399,-3019
112000410,125,64,61
112000411,4917,481,4436
112000412,748,200,548
112000413,8789,1417,7372
112000414,49,76,-27
112000415,55,29,26
112000416,1023,974,49
112000417,110,74,36
112000421,26,112,-86
112000422,194,448,-254
112000424,1965,1024,941
112000425,221,1029,-808
112000426,47,222,-175
112000427,1,7,-6
112000428,53,340,-287
112000429,1453,2413,-960
112000430,1414,2554,-1140
112000431,31,77,-46
112000432,429,1959,-1530
112000433,516,449,67
112000437,34,284,-250
112900001,27,1,26
112900002,91,1235,-1144
112900003,18,219,-201
112900004,14,377,-363
112900005,52,202,-150
112900006,6,517,-511
112900007,8,230,-222
112900008,3,9,-6
112900009,313,75,238
112900010,126,768,-642
112900011,291,244,47
112900012,0,27,-27
112900013,2,94,-92
112900014,1,327,-326
112900015,315,825,-510
112900016,2,260,-258
112900017,17,155,-138
112900018,0,361,-361
112900019,63,181,-118
112900020,414,1247,-833
112900021,2,287,-285
112900022,1,65,-64
112900023,0,299,-299
112900024,12,164,-152
112900025,35,213,-178
112900026,2,231,-229
112900027,3,1272,-1269
112900028,14,110,-96
112900029,6,648,-642
112900030,238,142,96
112900031,2,496,-494
112900032,53,172,-119
112900034,2,49,-47
112900035,1,512,-511
112900036,12,110,-98
112900037,140,75,65
112900038,164,104,60
112900039,11,348,-337
112900040,7,267,-260
112900041,1207,488,719
112900042,16,428,-412
112900043,10,37,-27
112900044,419,297,122
112900045,441,264,177
112900046,215,62,153
112900047,15,11,4
112900049,25,67,-42
112900050,58,623,-565
112900051,199,598,-399
112900052,5,919,-914
112900053,259,88,171
112900054,228,18,210
112900055,118,5,113
112900056,182,70,112
112900057,4,658,-654
112900058,176,68,108
112900059,64,108,-44
112900060,7,195,-188
112900061,51,136,-85
112900062,31,141,-110
112900063,29,1,28
112900064,144,105,39
112900065,50,6,44
112900066,81,49,32
112900067,465,109,356
112900068,15,12,3
112900069,2432,223,2209
112900071,11,4,7
112900072,144,407,-263
112900073,120,24,96
112900074,34,53,-19
112900075,2140,275,1865
112900076,47,7,40
112900078,70,130,-60
112900079,58,3,55
112900080,15,1,14
112900081,38,79,-41
112900082,176,7,169
112900083,21,24,-3
112900084,79,32,47
112900086,21,0,21
112900087,222,29,193
112900088,19,2,17
112900089,378,12,366
112900090,9,7,2
112900091,40,0,40
112900092,84,88,-4
112900093,410,7,403
112900095,5,1,4
112900096,160,37,123
112900097,23,343,-320
112900098,41,0,41
112900099,195,5,190
112900100,18,0,18
112900101,57,1,56
112900102,23,3,20
112900103,47,0,47
112900104,16,3,13
112900105,4,0,4
112900106,183,39,144
112900107,0,0,0
112900108,29,0,29
112900109,15,0,15
112900110,269,8,261
112900111,134,1,133
112900112,100,1,99
112900113,0,13,-13
112900114,26,12,14
112900115,256,1,255
112900116,20,25,-5
112900117,78,66,12
112900118,19,69,-50
112900119,45,0,45
112900120,513,141,372
112900121,161,138,23
112900122,4,141,-137
112900123,85,9,76
112900124,2,153,-151
112900125,48,174,-126
112900126,108,243,-135
112900127,102,37,65
112900128,464,614,-150
112900129,7,907,-900
112900130,93,46,47
112900131,26,207,-181
112900132,31,393,-362
112900133,9,1233,-1224
112900134,1,263,-262
112900135,32,11,21
112900137,1,784,-783
112900138,3,480,-477
112900139,140,1129,-989
112900141,236,25,211
112900142,53,43,10
112900143,39,576,-537
112900144,1,331,-330
112900145,26,429,-403
112900146,6,1352,-1346
112900147,5,2296,-2291
112900148,7,0,7
112900149,168,421,-253
112900151,20,38,-18
112900152,4799,911,3888
112900153,1311,627,684
112900154,4,63,-59
112900155,43,7,36
112900156,98,1657,-1559
112900157,69,183,-114
112900158,10,4,6
112900159,134,48,86
112900160,19,228,-209
112900161,22,39,-17
112900162,27,6,21
112900163,102,5,97
112900164,26,52,-26
112900165,58,32,26
112900166,15,25,-10
112900167,2,26,-24
112900168,3,0,3
112900169,4,2,2
112900170,27,84,-57
112900172,69,4,65
112900173,288,73,215
112900174,104,13,91
112900175,153,36,117
112900176,4,12,-8
112900177,74,12,62
112900178,352,629,-277
112900179,20,549,-529
112900180,512,2031,-1519
112900181,147,2,145
112900182,19,1578,-1559
112900183,70,125,-55
112900184,242,221,21
112900185,180,270,-90
112900186,1475,430,1045
112900187,41,143,-102
112900188,551,192,359
112900189,16,20,-4
112900190,0,35,-35
112900192,278,162,116
112900193,826,193,633
112900194,7,70,-63
112900195,345,23,322
112900196,154,458,-304
112900197,113,348,-235
112900199,212,605,-393
112900200,159,264,-105
112900201,37,64,-27
112900202,90,819,-729
112900203,43,283,-240
112900204,578,190,388
112900205,1,0,1
112900206,6,46,-40
112900207,3,0,3
112900208,54,47,7
112900209,212,361,-149
112900210,0,17,-17
112900211,14,29,-15
112900212,0,36,-36
112900213,10,5,5
112900214,18,1,17
112900215,3,216,-213
112900216,27,59,-32
112900217,2,55,-53
112900218,8,10,-2
112900219,8,9,-1
112900220,3,0,3
112900221,1,95,-94
112900222,0,10,-10
112900223,325,3,322
112900224,124,709,-585
112900225,215,540,-325
112900226,272,151,121
112900227,129,1452,-1323
112900228,28,19,9
112900229,42,58,-16
112900230,7071,2098,4973
112900232,91,125,-34
112900233,21,149,-128
112900234,3,91,-88
112900235,22,9,13
112900236,78,15,63
112900237,43,379,-336
112900238,2,40,-38
112900239,288,214,74
112900240,1,30,-29
112900241,1,21,-20
112900242,1,36,-35
112900243,1,21,-20
112900244,1,12,-11
112900245,0,6,-6
112900246,0,0,0
112900247,10,6,4
112900248,7,0,7
112900249,3,3,0
112900250,5,2,3
112900251,9,5,4
112900252,1,3,-2
112900253,1,1,0
112900254,0,2,-2
112900255,0,4,-4
112900256,0,5,-5
112900257,1,4,-3
113000001,3849,3969,-120
113000002,2931,2736,195
113000003,1509,1450,59
113000004,1665,1847,-182
113000005,923,850,73
113000006,787,1052,-265
113000007,1054,1032,22
113000008,1150,1693,-543
113000009,485,722,-237
113000010,583,1514,-931
113000011,579,1713,-1134
113000012,852,695,157
113000013,758,351,407
113000014,1449,1131,318
113000015,639,227,412
113000016,334,271,63
113000017,9,212,-203
113000018,114,35,79
113000019,8,166,-158
113000020,38,8,30
113000021,598,486,112
113000022,259,1010,-751
113000025,36,191,-155
113000026,161,330,-169
113000027,596,262,334
113000028,753,202,551
113000029,682,481,201
113000030,486,491,-5
113000031,384,184,200
113000032,225,127,98
113000033,288,261,27
113000034,442,277,165
113000035,19,14,5
113000036,10,35,-25
113000037,45,20,25
113000038,21,41,-20
113000039,81,448,-367
113000040,71,55,16
113000042,732,566,166
113000051,489,1294,-805
113000052,2157,1018,1139
113000053,153,608,-455
113000054,143,614,-471
113000055,591,889,-298
113000056,411,1401,-990
113000058,527,791,-264
113000059,900,644,256
113000060,69,542,-473
113000061,553,745,-192
113000062,1106,117,989
113000063,91,251,-160
113000064,13,361,-348
113000065,110,1106,-996
113000066,220,103,117
113000067,809,867,-58
113000068,243,1914,-1671
113000069,268,1270,-1002
113000070,712,612,100
113000071,170,631,-461
113000072,212,379,-167
113000073,400,1395,-995
113000074,829,295,534
113000075,1895,354,1541
113000076,1166,1332,-166
113000077,1416,288,1128
113000078,1079,1103,-24
113000079,651,517,134
113000080,572,393,179
113000081,686,612,74
113000082,946,573,373
113000083,515,623,-108
113000084,1117,923,194
113000085,735,428,307
113000086,822,799,23
113000087,944,669,275
113000088,1871,905,966
113000089,764,1005,-241
113000090,233,302,-69
113000091,678,172,506
113000094,518,141,377
113000095,212,961,-749
113000096,145,808,-663
113000097,421,245,176
113000098,51,16,35
113000099,757,205,552
113000100,129,398,-269
113000101,312,448,-136
113000102,433,183,250
113000103,2217,517,1700
113000104,242,1823,-1581
113000105,378,444,-66
113000106,212,481,-269
113000107,350,642,-292
113000108,680,1433,-753
113000109,470,2335,-1865
113000110,1106,241,865
113000111,88,428,-340
113000112,211,245,-34
113000113,1604,195,1409
113000114,306,659,-353
113000116,581,206,375
113000117,591,126,465
113000118,117,156,-39
113000119,140,320,-180
113000120,25,179,-154
113000121,205,732,-527
113000124,103,115,-12
113000125,33,343,-310
113000127,3196,515,2681
113000128,385,362,23
113000129,534,1080,-546
113000133,3338,523,2815
113000134,8,492,-484
113000135,2347,1602,745
113000137,2197,1139,1058
113000139,362,135,227
113000140,180,193,-13
113000141,314,48,266
113000142,609,518,91
113000143,233,122,111
113000144,311,429,-118
113000145,52,124,-72
113000146,89,67,22
113000147,89,125,-36
113000148,76,121,-45
113000149,60,111,-51
113000150,427,334,93
113000151,125,48,77
113000152,22,132,-110
113000153,1756,463,1293
113000154,622,998,-376
113000155,199,265,-66
113000156,115,358,-243
113000157,264,674,-410
113000158,400,193,207
113000159,623,447,176
113000160,517,1134,-617
113000161,155,713,-558
113000162,462,315,147
113000163,32,20,12
113000164,16,94,-78
113000166,50,58,-8
113000167,28,200,-172
113000168,51,228,-177
113000169,94,31,63
113000170,62,50,12
113000171,63,91,-28
113000172,145,58,87
113000173,31,16,15
113000174,119,503,-384
113000175,248,107,141
113000176,315,121,194
113000177,126,342,-216
113000178,133,371,-238
113000179,213,113,100
113000180,406,1069,-663
113000181,498,794,-296
113000182,125,258,-133
113000183,196,522,-326
113000184,18,93,-75
113000189,424,474,-50
113000190,1324,300,1024
113000192,2626,972,1654
113000193,4575,657,3918
113000194,1883,855,1028
113000195,2387,347,2040
113000196,54,74,-20
113000197,920,560,360
113000198,25,213,-188
113000199,494,362,132
113000201,298,167,131
113000202,2847,1397,1450
113000203,496,96,400
113000204,1681,886,795
113000205,12,25,-13
113000206,8,28,-20
113000207,20,16,4
113000208,22,51,-29
113000209,21,20,1
113000210,4,38,-34
113000211,283,132,151
113000212,281,24,257
113000213,16,103,-87
113000214,44,192,-148
113000234,127,1301,-1174
113000410,59,96,-37
113000411,2176,3045,-869
113000412,9591,1354,8237
113000413,4038,1600,2438
113000414,10556,6477,4079
113000415,2415,1744,671
113000416,8720,2316,6404
113000417,3664,2042,1622
113000418,2462,1719,743
113000419,1698,1259,439
113000420,3299,2493,806
113000421,3325,3212,113
113000422,14985,5133,9852
113000423,2709,2510,199
113000424,4065,4885,-820
113000425,10,104,-94
113000428,29,2,27
113000430,2,6,-4
113000432,753,59,694
113000433,129,956,-827
113000434,15,417,-402
113000435,3,903,-900
113000436,28,1322,-1294
113000437,256,9,247
113000438,74,12,62
113000439,13,177,-164
113000440,54,22,32
113000441,99,246,-147
113000442,119,292,-173
113000443,67,322,-255
113000444,66,309,-243
113000445,53,147,-94
113000446,13,83,-70
113000448,172,115,57
113000449,243,832,-589
113000450,579,1820,-1241
113000451,1258,115,1143
113000452,385,352,33
113000453,194,192,2
113000454,792,37,755
113000455,84,87,-3
113000456,3124,1368,1756
113000468,2486,321,2165
113000469,258,65,193
113000470,514,68,446
113000471,4,311,-307
113000472,51,249,-198
113000474,218,545,-327
113000475,1072,1362,-290
113000476,578,1611,-1033
113000477,1287,1776,-489
113000478,2518,5209,-2691
113000479,30,274,-244
113000483,0,0,0
113000484,0,0,0
113000485,0,0,0
113000486,0,0,0
113000487,0,0,0
113000488,0,0,0
113000489,0,0,0
113000490,0,0,0
113000491,0,0,0
113000492,0,0,0
113000493,0,0,0
113000495,159,220,-61
113000496,62,86,-24
113000497,0,0,0
113000499,0,0,0
113900001,0,48,-48
113900002,0,67,-67
113900003,0,59,-59
113900004,0,17,-17
113900005,1,20,-19
113900006,0,9,-9
113900007,28,5,23
113900008,45,0,45
113900009,332,1,331
113900010,156,0,156
113900011,29,0,29
113900012,1,0,1
113900013,530,7,523
113900014,282,0,282
113900015,0,33,-33
113900016,19,2,17
113900017,1,49,-48
113900018,413,37,376
113900019,24,38,-14
113900020,34,0,34
113900022,4,0,4
113900023,2,0,2
113900024,26,65,-39
113900025,275,18,257
113900026,36,0,36
113900027,8,72,-64
113900028,7,461,-454
113900029,21,252,-231
113900030,61,1,60
113900031,1,0,1
113900032,3,0,3
113900033,53,72,-19
113900035,27,0,27
113900036,11,90,-79
113900037,28,571,-543
113900038,109,40,69
113900039,46,1,45
113900040,0,6,-6
113900041,0,0,0
113900042,33,21,12
113900043,172,80,92
113900044,92,20,72
113900045,23,0,23
113900046,252,704,-452
113900047,10,118,-108
113900048,215,26,189
113900049,706,98,608
113900050,103,287,-184
113900051,139,380,-241
113900052,144,89,55
113900053,383,104,279
113900054,6,2,4
113900055,82,536,-454
113900056,53,150,-97
113900057,9,96,-87
113900058,25,171,-146
113900059,96,307,-211
113900060,98,244,-146
113900061,780,75,705
113900062,38,13,25
113900063,52,170,-118
113900064,10,144,-134
113900065,194,16,178
113900066,95,351,-256
113900067,33,336,-303
113900068,260,308,-48
113900069,123,9,114
113900070,254,485,-231
113900071,28,53,-25
113900072,31,158,-127
113900073,98,310,-212
113900074,18,488,-470
113900075,639,581,58
113900076,117,2,115
113900077,25,263,-238
113900078,64,51,13
113900079,2,53,-51
113900080,214,121,93
113900081,18,238,-220
113900082,133,161,-28
113900083,73,631,-558
113900084,125,42,83
113900085,17,345,-328
113900086,20,12,8
113900087,15,174,-159
113900088,20,65,-45
113900089,230,20,210
113900090,288,201,87
113900091,7,14,-7
113900092,12,33,-21
113900093,60,408,-348
113900094,103,357,-254
113900095,52,59,-7
113900096,102,56,46
113900097,7,107,-100
113900098,310,38,272
113900099,0,39,-39
113900100,0,1,-1
113900101,11,31,-20
113900102,77,68,9
113900103,180,183,-3
113900104,100,86,14
113900105,17,317,-300
113900106,1,76,-75
113900107,0,15,-15
113900108,165,117,48
113900109,245,94,151
113900110,30,15,15
113900111,33,67,-34
113900112,17,49,-32
113900113,385,277,108
113900114,0,134,-134
113900115,0,72,-72
113900116,67,104,-37
113900117,63,9,54
113900118,115,143,-28
113900119,289,181,108
113900120,24,10,14
113900121,22,58,-36
113900122,179,904,-725
113900123,211,126,85
113900124,0,40,-40
113900125,1285,113,1172
113900126,74,36,38
113900127,168,290,-122
113900128,125,27,98
113900129,6,61,-55
113900130,0,5,-5
113900131,31,64,-33
113900132,36,36,0
113900133,12,43,-31
113900135,94,374,-280
113900136,74,74,0
113900137,222,153,69
113900138,50,148,-98
113900139,446,79,367
113900140,354,118,236
113900141,155,422,-267
113900142,61,75,-14
113900143,8,14,-6
113900144,239,89,150
113900145,174,183,-9
113900146,29,50,-21
113900148,73,140,-67
113900149,79,26,53
113900150,1232,568,664
113900151,152,179,-27
113900152,10,48,-38
113900153,469,359,110
113900154,8,94,-86
113900155,201,46,155
113900156,165,509,-344
113900157,32,216,-184
113900158,364,102,262
113900159,9,195,-186
113900160,268,589,-321
113900161,24,161,-137
113900162,503,317,186
113900163,183,211,-28
113900164,139,32,107
113900165,373,989,-616
113900166,194,79,115
113900167,147,26,121
113900168,103,111,-8
113900169,166,409,-243
113900171,63,41,22
113900172,2,154,-152
113900173,34,655,-621
113900174,224,710,-486
113900175,223,55,168
113900176,105,688,-583
113900177,156,191,-35
113900178,114,120,-6
113900179,15,605,-590
113900180,140,101,39
113900181,348,161,187
113900182,296,720,-424
113900183,25,59,-34
113900184,10,486,-476
113900185,114,69,45
113900186,10,36,-26
113900187,30,122,-92
113900188,23,106,-83
113900189,147,37,110
113900190,323,115,208
113900191,59,178,-119
113900192,3,245,-242
113900193,29,256,-227
113900194,1879,831,1048
113900195,292,372,-80
113900196,2,126,-124
113900197,1,330,-329
113900198,12,98,-86
113900199,171,604,-433
113900200,8,235,-227
113900201,0,229,-229
113900202,39,217,-178
113900203,2,196,-194
113900204,21,589,-568
113900205,6,91,-85
113900206,7,101,-94
113900207,0,62,-62
113900208,2,40,-38
113900209,0,71,-71
113900210,338,335,3
113900211,82,19,63
113900212,59,569,-510
113900214,500,286,214
113900215,19,68,-49
113900216,31,1177,-1146
113900217,21,355,-334
113900218,45,41,4
113900219,88,444,-356
113900220,59,24,35
113900221,203,83,120
113900222,227,147,80
113900223,52,985,-933
113900224,116,53,63
113900225,683,164,519
113900226,212,121,91
113900227,313,141,172
113900228,319,235,84
113900229,37,337,-300
113900230,3959,1017,2942
113900231,84,163,-79
113900232,37,94,-57
113900233,15,34,-19
113900234,104,285,-181
113900235,58,16,42
113900236,32,345,-313
113900237,59,9,50
113900238,183,231,-48
113900239,38,35,3
113900240,2,73,-71
113900241,54,55,-1
113900242,41,117,-76
113900243,115,352,-237
113900244,551,134,417
113900245,1226,243,983
113900246,6,2,4
113900247,120,155,-35
113900248,3765,667,3098
113900249,1124,146,978
113900250,14,68,-54
113900251,225,161,64
113900252,258,3,255
113900253,377,35,342
113900254,318,37,281
113900255,234,14,220
113900256,227,18,209
113900257,27,660,-633
113900258,8,558,-550
113900259,180,197,-17
113900260,75,7,68
113900261,12,131,-119
113900262,115,774,-659
113900263,49,423,-374
113900264,8,593,-585
113900265,126,273,-147
113900266,28,259,-231
113900267,68,408,-340
113900268,145,207,-62
113900269,43,95,-52
113900270,168,242,-74
113900271,353,1345,-992
113900273,10,1,9
113900274,27,13,14
113900275,11,43,-32
113900276,2,297,-295
113900277,23,1,22
113900278,226,131,95
113900279,94,69,25
113900280,895,598,297
113900281,155,717,-562
113900282,594,332,262
113900283,219,261,-42
113900284,292,68,224
113900285,47,24,23
113900286,12,103,-91
113900287,12,45,-33
113900288,0,61,-61
113900289,1300,34,1266
113900290,389,44,345
113900291,160,150,10
113900292,4,7,-3
113900293,2,149,-147
113900294,168,21,147
113900295,305,165,140
113900296,2395,282,2113
113900297,375,12,363
113900298,12,1174,-1162
113900299,15,83,-68
113900300,5816,1710,4106
113900301,780,274,506
113900302,2293,535,1758
113900303,539,107,432
113900304,1,126,-125
113900305,38,0,38
113900306,7,0,7
113900307,8,0,8
113900308,82,60,22
113900309,1,749,-748
113900310,0,15,-15
113900311,2,1,1
113900312,52,79,-27
113900313,7,2,5
114000001,813,2993,-2180
114000002,81,399,-318
114000003,25,251,-226
114000004,165,341,-176
114000005,105,196,-91
114000006,2865,1644,1221
114000007,424,1166,-742
114000008,1161,801,360
114000009,187,158,29
114000011,1726,2938,-1212
114000012,1020,2502,-1482
114000013,772,1982,-1210
114000014,248,383,-135
114000015,523,474,49
114000016,149,321,-172
114000017,74,143,-69
114000018,397,71,326
114000026,570,1470,-900
114000027,1024,1702,-678
114000028,1226,1390,-164
114000038,78,124,-46
114000039,43,97,-54
114000040,45,161,-116
114000042,55,177,-122
114000043,12,200,-188
114000044,44,51,-7
114000045,24,86,-62
114000046,1895,3682,-1787
114000047,5,46,-41
114000048,45,81,-36
114000049,1230,798,432
114000050,1265,833,432
114000051,2880,1129,1751
114000052,2062,1055,1007
114000053,28,390,-362
114000054,61,1351,-1290
114000055,123,19,104
114000056,1214,428,786
114000057,7680,2071,5609
114000058,469,350,119
114000059,179,125,54
114000060,336,595,-259
114000061,2802,948,1854
114000062,2066,465,1601
114000063,3307,1298,2009
114000064,8321,2047,6274
114000065,1653,1596,57
114000066,181,517,-336
114000067,10,236,-226
114000068,354,312,42
114000069,908,330,578
114000070,2238,1043,1195
114000071,354,548,-194
114000072,108,403,-295
114000073,12,125,-113
114000074,4,13,-9
114000075,16,152,-136
114000076,19,199,-180
114000077,3,56,-53
114000078,74,1122,-1048
114000079,37,25,12
114000080,68,79,-11
114000081,26,72,-46
114000082,30,552,-522
114000083,15,292,-277
114000084,41,50,-9
114000085,147,779,-632
114000086,71,669,-598
114000087,10,247,-237
114000088,67,72,-5
114000089,1369,479,890
114000090,399,356,43
114000091,1374,300,1074
114000092,722,193,529
114000093,572,425,147
114000094,222,324,-102
114000095,90,68,22
114000096,91,568,-477
114000097,85,997,-912
114000098,168,59,109
114000099,158,940,-782
114000100,379,664,-285
114000101,212,1233,-1021
114000102,138,256,-118
114000103,91,449,-358
114000104,3,278,-275
114000105,19,36,-17
114000106,754,298,456
114000107,57,102,-45
114000108,2065,1162,903
114000109,178,329,-151
114000110,365,1627,-1262
114000111,511,356,155
114000112,249,1586,-1337
114000113,300,325,-25
114000114,905,1275,-370
114000115,826,493,333
114000116,219,659,-440
114000117,924,311,613
114000118,844,239,605
114000119,584,164,420
114000120,427,960,-533
114000121,287,494,-207
114000122,228,255,-27
114000123,641,197,444
114000124,281,262,19
114000125,574,1622,-1048
114000126,428,129,299
114000127,48,153,-105
114000128,446,465,-19
114000130,330,353,-23
114000131,69,16,53
114000132,428,574,-146
114000133,1057,1065,-8
114000134,15,197,-182
114000138,33,167,-134
114000139,233,73,160
114000144,452,230,222
114000145,40,171,-131
114000146,71,345,-274
114000147,650,629,21
114000148,2027,879,1148
114000149,250,148,102
114000150,767,364,403
114000151,519,583,-64
114000152,113,19,94
114000153,848,891,-43
114000154,521,374,147
114000155,904,1039,-135
114000156,622,313,309
114000157,206,609,-403
114000158,2474,583,1891
114000159,192,276,-84
114000160,150,152,-2
114000161,1144,778,366
114000162,601,571,30
114000163,2,148,-146
114000165,166,105,61
114000166,556,155,401
114000167,3817,1011,2806
114000168,788,590,198
114000169,1438,463,975
114000170,703,395,308
114000171,488,832,-344
114000174,153,415,-262
114000176,531,286,245
114000177,1982,695,1287
114000178,23,57,-34
114000179,992,511,481
114000180,250,518,-268
114000181,1031,1470,-439
114000182,4752,1788,2964
114000183,954,878,76
114000184,6066,1410,4656
114000185,642,706,-64
114000189,283,53,230
114000190,950,136,814
114000191,11,31,-20
114000192,284,1437,-1153
114000193,914,2989,-2075
114000194,868,1101,-233
114000195,28,5,23
114000196,2,304,-302
114000197,432,36,396
114000198,1124,356,768
114000199,1518,864,654
114000200,379,2327,-1948
114000201,131,1028,-897
114000202,565,703,-138
114000203,283,801,-518
114000204,56,369,-313
114000205,168,1626,-1458
114000206,308,1066,-758
114000207,419,2183,-1764
114000208,269,3126,-2857
114000209,543,3089,-2546
114000210,286,1629,-1343
114000211,684,1285,-601
114000212,374,762,-388
114000213,648,517,131
114000214,66,247,-181
114000215,79,69,10
114000216,535,167,368
114000217,77,250,-173
114000218,53,312,-259
114000219,539,245,294
114000220,11,1362,-1351
114000221,209,78,131
114000222,162,1130,-968
114000223,237,60,177
114000224,108,674,-566
114000225,94,462,-368
114000226,43,205,-162
114000227,350,373,-23
114000228,385,816,-431
114000229,478,1075,-597
114000230,1073,1372,-299
114000231,572,1072,-500
114000232,246,107,139
114000233,990,118,872
114000234,644,907,-263
114000235,489,1381,-892
114000236,1,410,-409
114000237,50,1039,-989
114000238,22,150,-128
114000239,90,1310,-1220
114000240,484,595,-111
114000241,251,1113,-862
114000242,809,952,-143
114000243,709,587,122
114000244,330,316,14
114000245,232,535,-303
114000246,122,29,93
114000247,317,628,-311
114000248,573,446,127
114000249,283,417,-134
114000250,335,460,-125
114000251,127,295,-168
114000252,56,92,-36
114000253,19,212,-193
114000254,4,86,-82
114000255,357,139,218
114000256,1940,367,1573
114000257,463,1767,-1304
114000258,87,467,-380
114000259,30,253,-223
114000260,0,33,-33
114000261,17,14,3
114000262,23,146,-123
114000263,9,1,8
114000264,241,613,-372
114000265,0,0,0
114000267,4,776,-772
114000268,3,1972,-1969
114000270,68,4,64
114000271,205,72,133
114000283,403,423,-20
114000285,40,276,-236
114000288,36,361,-325
114000289,751,138,613
114000293,39,381,-342
114000294,125,296,-171
114000395,583,37,546
114000396,149,236,-87
114000402,204,291,-87
114000403,182,565,-383
114000405,78,544,-466
114000423,79,509,-430
114000424,125,229,-104
114000425,127,550,-423
114000426,196,388,-192
114000427,57,70,-13
114000428,215,65,150
114000429,10,192,-182
114000432,37,105,-68
114000434,15,87,-72
114000435,5,134,-129
114900001,224,1459,-1235
114900002,276,71,205
114900003,182,2015,-1833
114900004,99,159,-60
114900005,170,943,-773
114900006,7,14,-7
114900007,55,2,53
114900008,56,33,23
114900010,2599,1193,1406
114900011,43,63,-20
114900013,75,59,16
114900015,33,149,-116
114900018,530,49,481
114900020,42,22,20
114900022,2,546,-544
114900024,81,128,-47
114900025,181,221,-40
114900026,31,57,-26
114900027,126,177,-51
114900029,16,14,2
114900030,85,196,-111
114900031,72,20,52
114900032,82,44,38
114900033,1133,157,976
114900034,29,268,-239
114900035,109,237,-128
114900036,146,1123,-977
114900037,53,210,-157
114900038,115,1080,-965
114900039,293,678,-385
114900040,41,189,-148
114900041,221,644,-423
114900042,309,876,-567
114900043,707,299,408
114900044,52,11,41
114900046,44,141,-97
114900047,103,927,-824
114900048,56,203,-147
114900049,10,208,-198
114900050,16,535,-519
114900051,21,526,-505
114900052,76,202,-126
114900053,38,172,-134
114900054,39,140,-101
114900057,172,6,166
114900058,0,58,-58
114900059,18,11,7
114900060,1261,297,964
114900061,71,174,-103
114900062,198,244,-46
114900063,51,231,-180
114900064,539,664,-125
114900065,170,540,-370
114900067,10,299,-289
114900068,82,182,-100
114900069,157,137,20
114900070,181,663,-482
114900072,5,247,-242
114900073,1,168,-167
114900074,118,866,-748
114900075,71,1,70
114900076,6,320,-314
114900080,3064,333,2731
114900082,3495,1138,2357
114900083,442,639,-197
114900090,117,89,28
114900091,65,188,-123
114900095,361,82,279
114900096,458,482,-24
114900097,30,0,30
114900098,3,212,-209
114900099,62,1,61
115000001,8707,5774,2933
115000002,2149,2308,-159
115000003,3387,3951,-564
115000004,1645,3171,-1526
115000005,989,2863,-1874
115000006,402,1104,-702
115000007,81,96,-15
115000008,328,449,-121
115000009,102,240,-138
115000010,175,125,50
115000013,122,161,-39
115000015,122,150,-28
115000016,55,133,-78
115000019,7,315,-308
115000020,132,229,-97
115000021,190,322,-132
115000022,362,275,87
115000023,185,263,-78
115000024,1040,436,604
115000025,512,338,174
115000026,90,332,-242
115000027,107,211,-104
115000028,73,591,-518
115000029,283,112,171
115000030,186,670,-484
115000031,611,163,448
115000032,8,270,-262
115000033,89,22,67
115000034,120,891,-771
115000035,639,21,618
115000036,2,347,-345
115000037,191,4,187
115000038,38,134,-96
115000039,2809,1494,1315
115000040,5608,2777,2831
115000041,681,1808,-1127
115000042,566,581,-15
115000043,2468,2290,178
115000044,2798,4153,-1355
115000045,1634,2511,-877
115000046,913,2056,-1143
115000047,1088,1729,-641
115000048,1078,2859,-1781
115000049,1318,2659,-1341
115000050,1903,1613,290
115000051,1893,1180,713
115000052,3377,1767,1610
115000053,1063,1015,48
115000054,798,1188,-390
115000055,84,344,-260
115000056,190,228,-38
115000057,225,531,-306
115000058,123,123,0
115000059,117,157,-40
115000061,103,67,36
115000062,75,259,-184
115000063,137,244,-107
115000064,144,142,2
115000065,12,180,-168
115000067,210,42,168
115000069,22,220,-198
115000070,39,554,-515
115000071,55,5,50
115000072,28,36,-8
115000073,1174,27,1147
115000075,28,49,-21
115000076,2722,3139,-417
115000077,947,3560,-2613
115000078,409,1788,-1379
115000079,652,2226,-1574
115000080,1034,2465,-1431
115000081,288,737,-449
115000082,1937,2233,-296
115000083,1245,3190,-1945
115000084,676,897,-221
115000085,312,996,-684
115000086,435,902,-467
115000087,390,1318,-928
115000088,1228,515,713
115000089,1428,1302,126
115000090,715,493,222
115000091,240,1233,-993
115000092,266,338,-72
115000093,268,0,268
115000094,7156,3517,3639
115000095,6107,3389,2718
115000096,394,1980,-1586
115000097,285,670,-385
115000098,381,842,-461
115000099,1163,3138,-1975
115000100,472,402,70
115000101,304,1545,-1241
115000102,261,131,130
115000103,316,837,-521
115000105,26,211,-185
115000106,221,188,33
115000107,99,667,-568
115000108,3635,2643,992
115000109,5040,1893,3147
115000110,910,556,354
115000111,601,1362,-761
115000112,442,300,142
115000113,692,730,-38
115000114,1438,706,732
115000116,2294,947,1347
115000117,3153,1232,1921
115000118,1205,1104,101
115000119,1288,1370,-82
115000120,395,480,-85
115000121,1477,661,816
115000122,3912,508,3404
115000123,1751,857,894
115000124,588,585,3
115000125,294,539,-245
115000126,72,300,-228
115000127,260,114,146
115000128,1005,718,287
115000129,208,164,44
115000130,211,1044,-833
115000131,310,204,106
115000132,79,500,-421
115000133,127,304,-177
115000134,102,189,-87
115000135,51,191,-140
115000136,63,162,-99
115000137,51,146,-95
115000138,95,173,-78
115000139,111,239,-128
115000140,121,161,-40
115000141,72,358,-286
115000142,49,329,-280
115000143,252,400,-148
115000144,247,85,162
115000145,175,494,-319
115000146,159,119,40
115000147,264,514,-250
115000148,300,1504,-1204
115000149,232,148,84
115000150,477,1209,-732
115000151,372,349,23
115000152,432,1564,-1132
115000153,326,327,-1
115000154,369,283,86
115000155,346,1146,-800
115000156,825,432,393
115000157,762,764,-2
115000158,451,225,226
115000159,630,275,355
115000160,460,201,259
115000161,171,490,-319
115000162,589,402,187
115000163,507,434,73
115000164,608,448,160
115000165,251,258,-7
115000167,90,68,22
115000168,494,190,304
115000169,508,244,264
115000170,86,95,-9
115000171,156,104,52
115000172,1877,392,1485
115000173,227,198,29
115000174,29,156,-127
115000175,64,41,23
115000176,132,33,99
115000177,172,31,141
115000178,7,258,-251
115000179,14,15,-1
115000180,52,690,-638
115000181,221,90,131
115000182,306,308,-2
115000183,124,1031,-907
115000186,425,271,154
115000187,80,563,-483
115000188,340,369,-29
115000189,182,419,-237
115000190,544,358,186
115000191,196,333,-137
115000194,121,92,29
115000195,206,113,93
115000196,41,103,-62
115000197,62,414,-352
115000198,104,263,-159
115000199,120,328,-208
115000200,179,123,56
115000201,62,358,-296
115000206,138,45,93
115000207,46,340,-294
115000208,489,619,-130
115000209,330,124,206
115000210,60,83,-23
115000211,151,191,-40
115000212,1402,291,1111
115000224,104,63,41
115000225,46,40,6
115000229,250,150,100
115000230,78,342,-264
115000231,266,2709,-2443
115000232,710,391,319
115000233,33,202,-169
115000234,15,193,-178
115000241,29,252,-223
115000242,22,328,-306
115000243,18,275,-257
115000244,4,83,-79
115000246,19,10,9
115000247,7,8,-1
115000248,22,9,13
115000249,43,10,33
115000250,196,41,155
115000251,88,119,-31
115000252,17,132,-115
115000253,16,142,-126
115000258,104,183,-79
115000259,220,136,84
115000261,7,31,-24
115000262,8,25,-17
115000263,4,43,-39
115000264,7,48,-41
115000267,20,71,-51
115000268,23,118,-95
115000269,63,53,10
115000270,3,19,-16
115000272,37,140,-103
115000273,159,30,129
115000280,2652,65,2587
115000281,831,89,742
115000282,994,356,638
115000284,287,82,205
115000296,384,2,382
115000297,64,43,21
115000298,25,75,-50
115000300,44,208,-164
115000302,151,216,-65
115000303,255,131,124
115000304,292,79,213
115000305,25,1023,-998
115000306,45,574,-529
115000307,29,299,-270
115000308,63,14,49
115000309,13,14,-1
115000310,415,1327,-912
115000311,292,1357,-1065
115000313,79,772,-693
115000314,161,56,105
115000315,1424,270,1154
115000316,49,41,8
115000317,131,536,-405
115000318,424,186,238
115000319,49,252,-203
115000320,9,111,-102
115000321,308,7,301
115000322,35,233,-198
115000449,236,91,145
115000557,1,333,-332
115000558,122,57,65
115000587,192,310,-118
115000588,1844,3718,-1874
115000589,1957,2452,-495
115000590,634,1354,-720
115000591,934,648,286
115000592,680,1208,-528
115000593,1096,459,637
115000594,819,1222,-403
115000609,152,157,-5
115000617,1423,981,442
115000624,93,92,1
115000633,226,1510,-1284
115000634,1894,605,1289
115000635,172,94,78
115000638,1164,633,531
115000641,69,107,-38
115000642,322,168,154
115000643,43,358,-315
115000644,138,401,-263
115000646,477,698,-221
115000647,94,349,-255
115000648,708,1546,-838
115000893,3532,823,2709
115000894,61,1009,-948
115000895,265,661,-396
115000896,792,269,523
115000897,392,68,324
115000898,579,157,422
115000899,934,918,16
115000900,82,273,-191
115000901,62,53,9
115000912,127,58,69
115000913,4,44,-40
115000915,19,1,18
115000916,2,0,2
115000917,0,1,-1
115000918,95,116,-21
115000919,16,5,11
115000920,10,35,-25
115000921,1104,49,1055
115000922,1125,405,720
115000923,504,586,-82
115000925,36,73,-37
115000927,10,23,-13
115000933,318,96,222
115000934,71,181,-110
115000935,45,93,-48
115000936,43,167,-124
115000937,929,100,829
115000938,145,78,67
115000939,114,62,52
115000940,0,11,-11
115000941,1,6,-5
115000942,41,41,0
115000943,41,6,35
115000944,3,5,-2
115900001,21,80,-59
115900002,56,135,-79
115900003,55,146,-91
115900004,1,67,-66
115900005,65,0,65
115900006,48,379,-331
115900008,11,5,6
115900009,46,304,-258
115900010,107,216,-109
115900011,157,277,-120
115900012,27,102,-75
115900013,284,143,141
115900014,67,142,-75
115900015,11,112,-101
115900016,45,30,15
115900017,0,0,0
115900018,194,79,115
115900019,252,20,232
115900020,22,3,19
115900021,1849,98,1751
115900022,2456,13,2443
115900023,3,1,2
115900025,88,140,-52
115900026,848,376,472
115900027,1,416,-415
115900028,518,58,460
115900029,10,514,-504
115900030,21,8,13
115900031,475,99,376
115900032,256,806,-550
115900033,0,50,-50
115900034,22,572,-550
115900035,28,108,-80
115900036,246,241,5
115900037,19,536,-517
115900038,16,4,12
115900039,79,350,-271
115900041,223,233,-10
115900042,4,4,0
115900043,27,133,-106
115900044,176,227,-51
115900046,97,319,-222
115900047,45,33,12
115900049,76,229,-153
115900051,1,75,-74
115900052,15,333,-318
115900053,42,287,-245
115900054,42,39,3
115900055,10,159,-149
115900056,69,370,-301
115900057,10,0,10
115900058,26,77,-51
115900060,14,104,-90
115900061,58,0,58
115900062,13,292,-279
115900063,24,11,13
115900064,172,287,-115
115900065,27,141,-114
115900066,122,187,-65
115900067,5,811,-806
115900068,3757,102,3655
115900069,55,268,-213
115900070,41,257,-216
115900071,0,660,-660
115900072,84,272,-188
115900073,26,27,-1
115900074,4,348,-344
115900075,14,333,-319
115900076,2,116,-114
115900077,8,307,-299
115900078,17,130,-113
115900079,55,8,47
115900080,295,152,143
115900081,6,72,-66
115900082,130,109,21
115900084,115,43,72
115900085,42,42,0
115900086,1308,349,959
115900088,36,22,14
115900089,84,754,-670
115900090,124,20,104
115900091,0,25,-25
115900092,32,249,-217
115900093,9,48,-39
115900094,4,430,-426
115900096,0,23,-23
115900097,9,595,-586
115900098,46,426,-380
115900099,7,84,-77
115900100,8,519,-511
115900101,96,369,-273
115900102,14,75,-61
115900103,124,265,-141
115900104,14,144,-130
115900105,30,615,-585
115900106,13,31,-18
115900107,11,201,-190
115900108,34,36,-2
115900109,39,355,-316
115900110,0,9,-9
115900111,0,54,-54
115900112,19,857,-838
115900113,9,18,-9
115900114,3,130,-127
115900115,28,147,-119
115900116,68,989,-921
115900117,24,12,12
115900118,3,368,-365
115900119,47,58,-11
115900120,24,352,-328
115900121,64,178,-114
115900124,111,269,-158
115900125,79,36,43
115900126,317,49,268
115900127,347,42,305
115900128,6,47,-41
115900129,270,11,259
115900130,29,203,-174
115900131,93,13,80
115900132,155,2,153
115900134,98,8,90
115900135,572,426,146
115900137,6,1,5
115900139,65,62,3
115900140,129,10,119
115900141,8,56,-48
115900142,2,14,-12
115900143,70,204,-134
115900144,17,130,-113
115900146,5,170,-165
115900147,164,184,-20
115900148,19,14,5
115900149,10,20,-10
115900150,12,60,-48
115900151,7,64,-57
115900152,29,367,-338
115900153,19,175,-156
115900154,463,263,200
115900155,0,92,-92
115900156,365,603,-238
115900157,33,306,-273
115900158,31,2,29
115900159,10,206,-196
115900160,4,3,1
115900161,16,145,-129
115900163,79,94,-15
115900164,128,32,96
115900166,157,198,-41
115900168,11,191,-180
115900171,70,312,-242
115900172,16,140,-124
115900173,142,151,-9
115900174,251,237,14
115900175,45,184,-139
115900178,8,624,-616
115900179,78,13,65
115900180,26,292,-266
115900181,32,289,-257
115900182,122,352,-230
115900183,127,16,111
115900184,1639,16,1623
115900187,12,102,-90
115900189,0,66,-66
115900190,399,332,67
115900191,30,390,-360
115900192,12,31,-19
115900193,59,20,39
115900194,237,20,217
115900195,341,653,-312
115900198,117,172,-55
115900199,158,199,-41
115900200,211,244,-33
115900201,220,159,61
115900202,0,3,-3
115900203,0,1,-1
115900204,0,0,0
115900205,31,4,27
115900206,37,123,-86
115900207,11,18,-7
115900208,44,390,-346
115900209,1,87,-86
115900210,2,141,-139
115900211,0,163,-163
115900212,20,218,-198
115900213,21,24,-3
115900214,132,374,-242
115900215,14,24,-10
115900216,5,58,-53
115900217,0,46,-46
115900218,0,32,-32
115900219,17,1,16
115900220,29,3,26
115900221,27,8,19
115900222,33,4,29
115900223,5,55,-50
115900224,1424,227,1197
115900225,95,18,77
115900226,23,24,-1
115900227,7,31,-24
115900228,2,40,-38
115900229,7,47,-40
115900230,39,60,-21
115900231,35,0,35
115900232,14,0,14
115900233,53,7,46
115900234,6,4,2
115900235,5,14,-9
115900236,4,12,-8
115900237,0,17,-17
115900238,5,15,-10
115900239,6,26,-20
115900240,2,41,-39
115900241,59,49,10
115900242,129,110,19
115900243,7,8,-1
115900244,0,13,-13
115900245,9,16,-7
115900246,13,6,7
115900247,9,14,-5
115900248,0,0,0
115900249,2,15,-13
115900250,2,7,-5
115900251,0,3,-3
115900252,0,2,-2
115900253,3,4,-1
115900254,4,13,-9
115900255,10,8,2
115900256,20,12,8
115900257,1,5,-4
115900258,0,0,0
115900259,2,4,-2
115900260,9,0,9
115900261,3,0,3
115900262,1,1,0
115900263,2,2,0
115900264,2,4,-2
115900265,4,0,4
115900266,1,3,-2
115900267,1,4,-3
115900268,3,0,3
115900269,123,322,-199
115900270,104,743,-639
115900271,33,0,33
115900272,5,0,5
115900273,1,5,-4
115900274,2,21,-19
115900275,0,43,-43
115900276,0,75,-75
115900277,0,185,-185
115900278,17,100,-83
115900279,2,129,-127
115900280,16,131,-115
115900281,460,92,368
115900282,17,10,7
115900283,1,5,-4
115900284,1,7,-6
116000001,17610,4229,13381
116000002,3346,3252,94
116000003,1292,1718,-426
116000004,1191,1221,-30
116000005,2127,2826,-699
116000006,1272,858,414
116000007,2677,3612,-935
116000008,1746,1161,585
116000009,1644,2435,-791
116000010,991,625,366
116000011,587,1629,-1042
116000012,395,466,-71
116000013,15102,3570,11532
116000014,19574,4875,14699
116000015,401,596,-195
116000016,7526,1176,6350
116000017,27,338,-311
116000018,663,311,352
116000019,518,210,308
116000020,322,1070,-748
116000021,132,226,-94
116000022,222,431,-209
116000023,468,436,32
116000024,760,1466,-706
116000025,542,382,160
116000026,1439,2070,-631
116000027,284,481,-197
116000028,168,346,-178
116000029,880,406,474
116000030,226,192,34
116000031,89,144,-55
116000032,235,264,-29
116000033,144,438,-294
116000034,272,715,-443
116000035,227,382,-155
116000036,1752,367,1385
116000037,523,363,160
116000038,427,233,194
116000039,608,252,356
116000040,773,377,396
116000041,306,567,-261
116000042,238,276,-38
116000043,78,414,-336
116000044,15,114,-99
116000045,853,748,105
116000046,737,583,154
116000047,1343,1405,-62
116000048,1383,1269,114
116000049,469,1387,-918
116000050,791,1177,-386
116000051,1503,1328,175
116000052,1891,2691,-800
116000053,1050,903,147
116000054,390,2036,-1646
116000055,199,1426,-1227
116000056,481,833,-352
116000057,2303,1997,306
116000058,2044,1471,573
116000059,1759,2920,-1161
116000060,2688,765,1923
116000061,465,695,-230
116000062,472,225,247
116000063,468,916,-448
116000066,122,252,-130
116000067,269,609,-340
116000068,106,177,-71
116000069,206,438,-232
116000078,127,722,-595
116000080,791,944,-153
116000082,6,89,-83
116000083,697,250,447
116000084,1808,3507,-1699
116000085,1366,798,568
116000086,2071,1404,667
116000087,815,791,24
116000088,606,1165,-559
116000089,113,90,23
116000090,94,158,-64
116000091,92,73,19
116000093,1320,695,625
116000094,283,602,-319
116000095,357,562,-205
116000096,372,1029,-657
116000097,238,674,-436
116000098,170,2815,-2645
116000099,8377,308,8069
116000100,56,6,50
116000101,233,1594,-1361
116000102,176,1275,-1099
116000103,212,174,38
116000104,115,1536,-1421
116000105,371,181,190
116000106,106,1101,-995
116000107,575,426,149
116000108,29,136,-107
116000111,25,9,16
116000113,83,32,51
116000114,33,139,-106
116000115,100,46,54
116000116,165,518,-353
116000117,687,1619,-932
116000118,830,1515,-685
116000119,1237,1362,-125
116000120,1975,4615,-2640
116000121,372,299,73
116000122,1201,2246,-1045
116000123,268,326,-58
116000124,224,1251,-1027
116000125,975,392,583
116000126,170,1492,-1322
116000127,814,1558,-744
116000128,892,608,284
116000129,395,173,222
116000130,199,189,10
116000133,247,806,-559
116000134,946,2635,-1689
116000135,843,1016,-173
116000136,825,2204,-1379
116000137,390,391,-1
116000138,1119,341,778
116000139,1355,2068,-713
116000140,91,161,-70
116000141,340,971,-631
116000142,3376,4060,-684
116000143,1475,1094,381
116000144,868,2822,-1954
116000145,1068,1165,-97
116000146,166,414,-248
116000147,156,93,63
116000148,219,350,-131
116000149,276,423,-147
116000151,411,1030,-619
116000153,32,369,-337
116000155,148,182,-34
116000156,1499,1091,408
116000157,20,21,-1
116000158,227,365,-138
116000159,9,5,4
116000160,15,120,-105
116000161,9,105,-96
116000162,50,39,11
116000163,7,9,-2
116000164,4,16,-12
116000177,29,82,-53
116000194,63,325,-262
116000195,867,575,292
116000196,1,7,-6
116000197,5,7,-2
116000198,2189,842,1347
116000200,550,165,385
116000201,380,531,-151
116000202,4,313,-309
116000203,5,76,-71
116000204,13,45,-32
116000205,1,113,-112
116000206,1,60,-59
116000207,1,40,-39
116000233,129,776,-647
116000287,51,514,-463
116000288,33,265,-232
116000292,20,172,-152
116000296,10,195,-185
116000297,42,25,17
116000304,31,50,-19
116000305,10,95,-85
116000346,97,180,-83
116000352,48,48,0
116000354,26,9,17
116000357,15,10,5
116000358,119,29,90
116000361,351,17,334
116000372,8791,1646,7145
116000381,61,2,59
116000388,1,61,-60
116000389,502,452,50
116000445,132,743,-611
116000446,140,897,-757
116000447,14,461,-447
116000448,461,199,262
116000563,608,330,278
116000565,78,425,-347
116000568,38,120,-82
116000579,18,111,-93
116000584,7,34,-27
116000585,12,12,0
116000586,186,69,117
116000587,145,379,-234
116000589,21,108,-87
116000590,42,22,20
116000591,57,232,-175
116000592,23,161,-138
116000593,0,60,-60
116000594,152,610,-458
116000595,270,131,139
116000596,21,12,9
116000597,83,28,55
116000598,11,211,-200
116000602,110,82,28
116000605,136,113,23
116000606,34,91,-57
116000607,3,24,-21
116000609,147,449,-302
116000611,75,614,-539
116000612,420,1437,-1017
116000613,186,265,-79
116000614,358,775,-417
116000615,1,82,-81
116000616,19,137,-118
116000617,29,109,-80
116000618,0,217,-217
116000619,6,30,-24
116000620,29,41,-12
116000621,10,49,-39
116000622,22,92,-70
116000624,24,50,-26
116000627,16,45,-29
116000628,14,1089,-1075
116000629,38,488,-450
116000630,135,45,90
116000631,32,57,-25
116000632,204,238,-34
116000633,54,414,-360
116000634,81,247,-166
116000635,2713,1219,1494
116000636,1435,604,831
116000637,99,86,13
116000638,36,424,-388
116000640,3,10,-7
116000641,47,163,-116
116000644,4,1093,-1089
116900001,138,87,51
116900002,263,2,261
116900003,9,79,-70
116900004,16,33,-17
116900005,82,37,45
116900006,152,121,31
116900007,95,160,-65
116900008,142,521,-379
116900009,7,0,7
116900010,1,1725,-1724
116900011,13,47,-34
116900012,76,161,-85
116900013,8,175,-167
116900014,38,374,-336
116900015,89,55,34
116900016,35,0,35
116900017,3,720,-717
116900018,16,19,-3
116900019,3,320,-317
116900020,1495,222,1273
116900023,14,5,9
116900024,181,80,101
116900025,291,1062,-771
116900026,152,659,-507
116900027,3,32,-29
116900028,3,108,-105
116900029,9,9,0
116900031,0,7,-7
116900032,3,312,-309
116900033,8,6,2
116900034,5,95,-90
116900035,64,161,-97
116900036,1,127,-126
116900038,4,1,3
116900041,42,22,20
116900042,838,155,683
116900043,4,62,-58
116900047,89,22,67
116900049,38,231,-193
116900050,40,354,-314
116900051,25,300,-275
116900052,111,77,34
116900055,0,6,-6
116900057,12,251,-239
116900058,11,390,-379
116900059,0,174,-174
116900060,116,226,-110
116900062,0,5,-5
116900064,45,1060,-1015
116900065,3,79,-76
116900067,49,129,-80
116900068,91,464,-373
116900070,0,2,-2
116900072,12,460,-448
116900073,3,182,-179
116900074,3,40,-37
116900076,6,11,-5
116900077,6,191,-185
116900078,227,127,100
116900079,15,300,-285
116900080,0,18,-18
116900081,168,1231,-1063
116900082,132,1004,-872
116900083,28,65,-37
116900084,126,48,78
116900085,12,145,-133
116900086,14,196,-182
116900088,397,58,339
116900090,110,46,64
116900091,80,72,8
116900092,40,876,-836
116900093,1659,1364,295
116900094,6684,1599,5085
116900095,145,217,-72
116900096,68,61,7
116900097,3573,1164,2409
116900098,1063,192,871
116900099,384,278,106
116900100,252,31,221
116900101,221,751,-530
116900103,4,1,3
116900104,19,53,-34
116900105,182,30,152
116900106,509,378,131
116900107,4322,842,3480
116900110,9,2,7
116900111,86,1261,-1175
116900112,117,859,-742
116900113,2785,727,2058
116900116,99,224,-125
116900117,22,63,-41
116900118,1236,453,783
116900120,87,113,-26
116900121,25,32,-7
116900122,232,911,-679
116900123,56,979,-923
116900124,98,717,-619
116900125,72,167,-95
116900126,218,433,-215
116900128,1,58,-57
116900129,0,292,-292
116900130,999,1500,-501
116900131,33,165,-132
116900132,24,48,-24
116900133,51,82,-31
116900134,126,186,-60
116900136,74,146,-72
116900137,225,173,52
116900138,152,204,-52
116900139,58,418,-360
116900140,81,198,-117
116900141,285,310,-25
116900142,2,10,-8
116900143,115,523,-408
116900144,13,35,-22
116900145,82,359,-277
116900147,517,202,315
116900148,0,30,-30
116900149,15,100,-85
116900150,7,7,0
116900151,90,10,80
116900153,41,65,-24
116900154,545,123,422
116900155,49,17,32
116900157,141,232,-91
116900158,69,62,7
116900159,21,164,-143
116900160,349,256,93
116900161,8914,2976,5938
116900162,3,168,-165
116900163,34,135,-101
116900164,13,25,-12
116900165,70,67,3
116900166,10,79,-69
116900167,109,39,70
116900168,93,77,16
116900169,500,149,351
116900170,70,138,-68
116900171,25,167,-142
116900172,152,40,112
116900173,61,31,30
116900174,11,27,-16
116900175,120,67,53
116900178,13,147,-134
116900179,70,63,7
116900180,83,11,72
116900182,176,157,19
116900183,85,82,3
116900185,7,21,-14
116900186,49,337,-288
116900187,4,9,-5
116900188,40,9,31
116900189,22,2,20
116900191,176,260,-84
116900192,114,159,-45
116900194,34,327,-293
116900195,22,6,16
116900196,29,155,-126
116900197,21,5,16
116900198,286,113,173
116900200,7,36,-29
116900201,24,2,22
116900202,138,68,70
116900203,34,4,30
116900204,18,50,-32
116900206,1,37,-36
116900207,14,20,-6
116900208,9,115,-106
116900209,5,162,-157
116900210,225,137,88
116900211,141,13,128
116900212,10,41,-31
116900213,142,207,-65
116900214,78,128,-50
116900215,24,70,-46
116900216,136,375,-239
116900218,15,291,-276
116900219,507,356,151
116900220,43,133,-90
116900221,35,260,-225
116900222,222,231,-9
116900223,40,135,-95
116900226,12,57,-45
116900227,72,54,18
116900228,115,284,-169
116900230,24,360,-336
116900231,19,522,-503
116900232,5,534,-529
116900233,66,83,-17
116900234,6,1,5
116900235,112,343,-231
116900238,1187,336,851
116900239,1,702,-701
116900240,5783,1741,4042
116900241,9,154,-145
116900242,1165,123,1042
116900243,10,55,-45
116900245,36,12,24
116900246,18,17,1
116900247,118,11,107
116900248,30,16,14
116900249,83,95,-12
116900250,76,25,51
116900251,317,120,197
116900252,24,932,-908
116900253,32,56,-24
116900254,2,68,-66
116900255,74,21,53
116900256,103,63,40
116900257,32,544,-512
116900258,3,350,-347
116900259,34,4,30
116900260,0,144,-144
116900261,10,0,10
116900262,43,144,-101
116900263,0,6,-6
116900264,15,17,-2
116900265,4,0,4
116900266,4,47,-43
116900267,0,1,-1
116900268,12,1,11
116900269,196,460,-264
116900271,1869,62,1807
116900272,468,592,-124
116900273,246,23,223
116900274,26,44,-18
116900275,69,146,-77
116900276,707,30,677
116900277,651,2,649
116900278,3,10,-7
116900279,1,20,-19
116900280,0,25,-25
116900281,7532,1415,6117
116900282,2,158,-156
116900283,5,110,-105
116900284,29,186,-157
116900285,329,129,200
116900286,201,10,191
116900287,0,63,-63
116900288,14,144,-130
116900289,1,45,-44
116900290,0,40,-40
116900291,2,11,-9
116900292,0,2,-2
116900293,9,58,-49
116900294,21,89,-68
116900295,104,87,17
116900296,49,89,-40
116900297,4,45,-41
116900298,143,34,109
116900299,30,85,-55
116900300,20,360,-340
116900301,61,64,-3
116900302,27,29,-2
116900303,399,24,375
116900304,0,108,-108
116900305,14,37,-23
116900306,15,80,-65
116900307,13,0,13
116900308,0,239,-239
116900309,18,224,-206
117000001,688,874,-186
117000002,1220,3553,-2333
117000003,5140,2113,3027
117000004,3787,4707,-920
117000005,1003,1036,-33
117000006,813,4297,-3484
117000007,1832,1077,755
117000008,989,3979,-2990
117000009,3452,1156,2296
117000010,2510,4070,-1560
117000011,830,1764,-934
117000012,945,1696,-751
117000013,747,1300,-553
117000014,695,2388,-1693
117000015,2456,1087,1369
117000016,565,64,501
117000017,373,164,209
117000018,183,223,-40
117000019,211,15,196
117000020,804,773,31
117000021,3506,612,2894
117000022,530,51,479
117000023,585,113,472
117000024,414,37,377
117000025,930,478,452
117000026,2564,626,1938
117000027,3956,866,3090
117000028,4102,464,3638
117000030,1058,543,515
117000031,351,150,201
117000032,1651,1159,492
117000033,773,598,175
117000034,290,304,-14
117000035,190,137,53
117000036,319,252,67
117000037,149,173,-24
117000038,211,390,-179
117000039,258,235,23
117000040,70,1429,-1359
117000041,350,118,232
117000044,17,1233,-1216
117000045,223,50,173
117000046,317,767,-450
117000047,494,436,58
117000048,1678,1266,412
117000049,119,373,-254
117000050,69,2526,-2457
117000051,1003,149,854
117000052,11,577,-566
117000053,102,54,48
117000054,897,3,894
117000055,20,3416,-3396
117000056,298,9,289
117000057,575,1884,-1309
117000060,285,1873,-1588
117000061,786,552,234
117000062,137,536,-399
117000063,924,536,388
117000064,773,793,-20
117000066,914,685,229
117000067,112,225,-113
117000074,168,138,30
117000076,60,44,16
117000077,81,53,28
117000078,91,514,-423
117000079,161,189,-28
117000080,0,326,-326
117000081,563,124,439
117000082,9,43,-34
117000083,71,4,67
117000084,242,6,236
117000085,87,429,-342
117000086,1167,642,525
117000087,71,465,-394
117000088,151,183,-32
117000089,794,252,542
117000090,191,1390,-1199
117000091,288,343,-55
117000092,260,1787,-1527
117000093,510,578,-68
117000094,475,2522,-2047
117000095,1273,627,646
117000096,435,2413,-1978
117000097,619,1032,-413
117000098,2507,5588,-3081
117000099,1357,631,726
117000100,85,112,-27
117000101,202,1356,-1154
117000102,670,448,222
117000103,826,1939,-1113
117000104,807,351,456
117000105,633,2048,-1415
117000106,513,672,-159
117000107,320,2452,-2132
117000108,779,664,115
117000109,1552,2933,-1381
117000110,880,498,382
117000111,3106,4162,-1056
117000112,1625,1665,-40
117000113,84,387,-303
117000114,78,145,-67
117000115,21,148,-127
117000116,73,248,-175
117000117,1160,322,838
117000118,268,147,121
117000119,190,41,149
117000120,449,54,395
117000121,310,326,-16
117000122,622,624,-2
117000123,1625,25,1600
117000124,868,23,845
117000125,486,32,454
117000126,31,48,-17
117000127,160,347,-187
117000128,394,482,-88
117000129,589,268,321
117000130,89,3,86
117000131,0,273,-273
117000132,718,10,708
117000133,388,116,272
117000134,0,38,-38
117000135,2,49,-47
117000136,1,52,-51
117000137,22,36,-14
117000138,4,633,-629
117000140,344,1649,-1305
117000141,796,443,353
117000181,1101,387,714
117000182,292,138,154
117000195,181,1330,-1149
117000196,71,57,14
117000225,149,3,146
117000226,9,126,-117
117000276,45,10,35
117000277,0,524,-524
117000310,2109,2296,-187
117000315,31,670,-639
117000320,96,0,96
117000906,69,8,61
117000907,10,407,-397
117000909,85,25,60
117000910,171,96,75
117000911,86,245,-159
117000915,7,531,-524
117000916,21,1,20
117000917,406,16,390
117000918,12,27,-15
117000919,12,121,-109
117000920,2,1555,-1553
117000921,9,2220,-2211
117000922,33,155,-122
117000924,239,608,-369
117000926,1375,90,1285
117000927,2138,227,1911
117000928,2,299,-297
117000929,114,543,-429
117000930,58,8,50
117000931,795,41,754
117900002,101,295,-194
117900003,763,259,504
117900005,30,4,26
117900006,1,55,-54
117900007,29,183,-154
117900008,0,43,-43
117900010,197,154,43
117900011,16,22,-6
117900012,25,212,-187
117900013,0,364,-364
117900014,348,248,100
117900015,13,221,-208
117900016,1229,245,984
117900017,250,521,-271
117900018,217,34,183
117900019,303,695,-392
117900020,46,214,-168
117900021,16,118,-102
117900022,14,9,5
117900023,833,108,725
117900024,58,126,-68
117900025,21,5,16
117900026,158,429,-271
117900028,26,5,21
117900029,146,989,-843
117900030,118,153,-35
117900031,125,106,19
117900032,372,226,146
117900033,90,1058,-968
117900034,43,71,-28
117900035,81,17,64
117900036,102,761,-659
117900037,33,149,-116
117900038,15,422,-407
117900039,4,93,-89
117900040,71,562,-491
117900041,0,53,-53
117900042,4196,340,3856
117900043,42,38,4
117900044,133,1855,-1722
117900045,89,58,31
117900048,82,317,-235
117900049,56,820,-764
117900050,12,39,-27
117900051,39,3,36
117900052,54,202,-148
117900053,529,667,-138
117900054,0,10,-10
117900055,100,153,-53
117900056,513,31,482
117900057,583,1144,-561
117900058,90,9,81
117900059,197,61,136
117900060,455,4835,-4380
117900061,12,178,-166
117900063,106,201,-95
117900065,566,1091,-525
117900066,5,27,-22
117900067,207,379,-172
117900069,320,497,-177
117900070,258,1,257
117900071,67,112,-45
117900073,141,442,-301
117900074,108,6,102
117900075,53,74,-21
117900076,10,35,-25
117900077,105,74,31
117900078,148,298,-150
117900080,177,44,133
117900081,477,414,63
117900082,153,173,-20
117900083,157,710,-553
117900086,58,56,2
117900087,22,51,-29
117900088,2409,1458,951
117900089,801,215,586
117900090,179,961,-782
117900091,168,143,25
117900092,19,38,-19
117900093,26,60,-34
117900094,13,4,9
117900095,168,683,-515
117900096,40,229,-189
117900097,44,50,-6
117900098,9,1,8
117900099,53,460,-407
117900100,70,1,69
117900101,308,676,-368
117900102,33,46,-13
117900103,13,0,13
117900104,7,139,-132
117900105,166,203,-37
117900106,56,53,3
117900107,12,0,12
117900109,162,286,-124
117900110,43,0,43
117900111,107,4,103
117900112,24,25,-1
117900113,3893,1383,2510
117900114,6,0,6
117900115,326,17,309
117900116,755,740,15
117900117,237,300,-63
117900118,14,0,14
117900119,39,289,-250
117900120,67,95,-28
117900121,50,31,19
117900122,922,1049,-127
117900123,380,844,-464
117900124,344,464,-120
117900125,786,596,190
117900126,219,543,-324
117900127,217,633,-416
117900128,112,930,-818
117900129,7,1,6
117900130,580,243,337
117900131,0,102,-102
117900132,2,97,-95
117900133,3,95,-92
117900134,39,191,-152
117900135,17,261,-244
117900136,0,78,-78
117900137,15,383,-368
117900138,0,61,-61
117900139,20,148,-128
117900140,5144,183,4961
117900141,207,227,-20
117900142,20,7,13
117900144,64,113,-49
117900145,83,4,79
117900146,126,82,44
117900147,19,47,-28
117900148,2710,774,1936
117900149,10,168,-158
117900150,26,57,-31
117900151,16,155,-139
117900152,83,81,2
117900153,5,109,-104
117900154,298,634,-336
117900156,574,580,-6
117900157,41,393,-352
117900158,91,41,50
117900160,281,207,74
117900161,2348,2276,72
117900162,96,333,-237
117900163,80,14,66
117900165,0,6,-6
117900166,79,182,-103
117900168,40,161,-121
117900169,1,117,-116
117900170,0,30,-30
117900171,0,16,-16
117900172,14,28,-14
117900173,158,62,96
117900174,24,52,-28
117900175,1,20,-19
117900176,6,58,-52
117900177,6,57,-51
117900178,74,30,44
117900180,210,23,187
117900181,146,123,23
117900182,1,13,-12
117900183,20,102,-82
117900184,1,45,-44
117900185,11,21,-10
117900186,16,21,-5
117900187,12,4,8
117900188,116,15,101
117900189,33,8,25
117900190,8,0,8
117900191,23,0,23
117900192,92,0,92
117900193,7,47,-40
117900194,8,6,2
117900195,6,22,-16
117900196,10,23,-13
117900207,82,45,37
117900208,12,65,-53
117900209,175,125,50
117900210,148,129,19
117900211,8,158,-150
117900212,68,156,-88
117900213,6,9,-3
117900214,1,30,-29
117900215,7,51,-44
117900216,78,7,71
117900217,194,33,161
117900218,279,174,105
117900219,6,33,-27
117900220,93,57,36
117900222,135,273,-138
117900223,98,132,-34
118000001,580,323,257
118000002,1314,1484,-170
118000003,1488,1011,477
118000004,2924,1921,1003
118000005,4756,1396,3360
118000006,7450,5715,1735
118000007,5377,1546,3831
118000008,5082,2141,2941
118000009,1591,2572,-981
118000010,3209,3551,-342
118000011,525,2533,-2008
118000012,829,2566,-1737
118000013,2653,2537,116
118000014,1788,3190,-1402
118000016,211,644,-433
118000017,123,296,-173
118000018,147,818,-671
118000019,1534,1076,458
118000020,936,1054,-118
118000021,589,1341,-752
118000022,1619,371,1248
118000023,947,209,738
118000024,1355,479,876
118000027,16417,4017,12400
118000029,1081,465,616
118000032,1571,1179,392
118000033,2282,1766,516
118000034,4234,1452,2782
118000035,1391,1121,270
118000036,1046,800,246
118000037,428,717,-289
118000038,112,133,-21
118000039,64,385,-321
118000040,1295,2088,-793
118000041,1448,1270,178
118000045,698,104,594
118000046,1837,487,1350
118000047,1583,427,1156
118000048,3995,989,3006
118000051,2626,425,2201
118000052,1420,250,1170
118000053,347,274,73
118000054,1100,868,232
118000055,773,1043,-270
118000056,200,205,-5
118000057,305,235,70
118000058,3086,1016,2070
118000059,1619,680,939
118000060,409,634,-225
118000061,355,938,-583
118000062,371,204,167
118000063,258,363,-105
118000064,762,975,-213
118000065,5828,1227,4601
118000066,813,869,-56
118000067,1327,755,572
118000068,1746,2461,-715
118000069,3472,1212,2260
118000070,8129,1230,6899
118000071,3884,3561,323
118000072,1743,830,913
118000073,3091,392,2699
118000074,242,383,-141
118000075,646,280,366
118000076,1080,988,92
118000077,1083,838,245
118000078,1449,1457,-8
118000079,231,248,-17
118000080,1059,639,420
118000081,1123,817,306
118000082,282,546,-264
118000083,2141,817,1324
118000084,2522,1076,1446
118000086,159,481,-322
118000087,6124,2072,4052
118000088,1874,1388,486
118000089,3662,1950,1712
118000090,1925,1704,221
118000091,1330,1192,138
118000092,1170,288,882
118000093,129,559,-430
118000096,406,370,36
118000097,395,444,-49
118000098,176,164,12
118000099,193,878,-685
118000101,476,271,205
118000102,214,1657,-1443
118000107,3370,338,3032
118000108,513,772,-259
118000110,2,28,-26
118000111,3,535,-532
118000112,120,0,120
118000113,4,1165,-1161
118000114,107,4,103
118000115,26,2,24
118000116,35,1,34
118000117,1046,753,293
118000118,744,602,142
118000119,599,872,-273
118000120,1247,1264,-17
118000121,53,338,-285
118000122,890,190,700
118000123,58,197,-139
118000125,1456,965,491
118000126,518,1173,-655
118000127,1617,496,1121
118000128,655,956,-301
118000129,400,186,214
118000130,2659,3828,-1169
118000131,359,902,-543
118000132,1507,1166,341
118000133,331,345,-14
118000135,292,244,48
118000136,82,432,-350
118000137,553,44,509
118000138,174,765,-591
118000139,91,93,-2
118000140,1619,2305,-686
118000141,1096,1914,-818
118000142,868,2033,-1165
118000143,900,746,154
118000144,1468,1015,453
118000145,986,3090,-2104
118000146,697,1527,-830
118000147,490,1772,-1282
118000148,173,1125,-952
118000149,462,1102,-640
118000150,130,218,-88
118000151,156,465,-309
118000153,541,1010,-469
118000154,500,1320,-820
118000155,465,1106,-641
118000156,1959,1733,226
118000157,255,289,-34
118000158,109,419,-310
118000159,5,29,-24
118000160,170,353,-183
118000161,205,944,-739
118000162,758,650,108
118000163,307,522,-215
118000164,1988,1125,863
118000168,1333,156,1177
118000169,842,1679,-837
118000170,3245,6331,-3086
118000171,145,580,-435
118000172,99,254,-155
118000173,516,959,-443
118000175,147,259,-112
118000176,151,383,-232
118000177,94,463,-369
118000178,40,34,6
118000179,1130,426,704
118000180,515,597,-82
118000181,476,297,179
118000182,178,277,-99
118000183,136,190,-54
118000184,270,886,-616
118000185,603,578,25
118000186,343,566,-223
118000187,531,945,-414
118000188,287,184,103
118000189,146,845,-699
118000190,10,10,0
118000191,19,32,-13
118000192,37,77,-40
118000193,31,165,-134
118000194,1505,837,668
118000195,1262,311,951
118000196,418,82,336
118000197,187,79,108
118000198,513,230,283
118000199,411,192,219
118000200,145,202,-57
118000201,472,205,267
118000202,41,33,8
118000203,1756,256,1500
118000204,185,142,43
118000205,370,275,95
118000206,75,162,-87
118000207,2,86,-84
118000208,792,1269,-477
118000209,983,1552,-569
118000210,29,16,13
118000211,11,23,-12
118000213,843,599,244
118000214,527,239,288
118000215,161,300,-139
118000216,992,3503,-2511
118000217,12,182,-170
118000218,50,140,-90
118000219,403,337,66
118000220,2,23,-21
118000221,59,192,-133
118000222,59,26,33
118000223,12,18,-6
118000224,190,140,50
118000225,75,858,-783
118000226,457,88,369
118000227,895,203,692
118000228,157,82,75
118000229,245,25,220
118000230,61,283,-222
118000231,65,190,-125
118000232,476,961,-485
118000233,397,745,-348
118000234,139,300,-161
118000236,150,402,-252
118000237,29,754,-725
118000238,118,302,-184
118000239,148,237,-89
118000240,433,57,376
118000241,42,278,-236
118000242,199,691,-492
118000243,86,184,-98
118000244,18,189,-171
118000246,0,7,-7
118000255,40,166,-126
118000256,55,166,-111
118000259,4,40,-36
118000260,70,97,-27
118000261,8,79,-71
118000263,68,179,-111
118000266,66,426,-360
118000267,0,105,-105
118000268,161,2,159
118000270,21,43,-22
118000271,95,188,-93
118000272,25,52,-27
118000273,74,63,11
118000274,96,368,-272
118000276,135,205,-70
118000295,1,49,-48
118000298,92,390,-298
118000299,43,251,-208
118000301,0,66,-66
118000302,64,82,-18
118000311,110,113,-3
118000312,64,206,-142
118000313,14,116,-102
118000314,31,84,-53
118000315,4,49,-45
118000316,310,499,-189
118000325,12,71,-59
118000326,8,49,-41
118000331,3,51,-48
118000332,9,41,-32
118000333,12,34,-22
118000335,86,0,86
118000336,2,392,-390
118000407,35,85,-50
118000457,5,20,-15
118000465,3568,1943,1625
118000480,14,149,-135
118000489,27,75,-48
118000490,37,423,-386
118000492,148,133,15
118000510,82,2,80
118000514,108,287,-179
118000515,530,338,192
118000517,410,141,269
118000524,544,100,444
118000525,604,865,-261
118000530,6,104,-98
118000531,77,231,-154
118000532,104,293,-189
118000533,222,134,88
118000534,363,385,-22
118000535,96,68,28
118000536,780,293,487
118000537,24,49,-25
118000538,12,84,-72
118000539,6,36,-30
118000540,203,242,-39
118000541,102,97,5
118000542,63,118,-55
118000543,119,132,-13
118000546,19,21,-2
118000553,0,3,-3
118000560,3480,551,2929
118000562,3,439,-436
118000563,1404,1386,18
118000576,125,268,-143
118000577,146,147,-1
118000578,145,112,33
118000579,681,690,-9
118000583,0,4,-4
118000595,77,39,38
118000596,0,63,-63
118000597,44,182,-138
118000598,1,0,1
118000599,25,40,-15
118000600,0,3,-3
118000601,0,0,0
118000602,0,9,-9
118000603,0,40,-40
118000605,37,418,-381
118900001,1082,527,555
118900002,1096,381,715
118900003,70,6,64
118900004,24,44,-20
118900005,53,1,52
118900006,45,3,42
118900007,0,5,-5
118900008,568,33,535
118900009,6,12,-6
118900010,11,1,10
118900011,75,10,65
118900012,160,160,0
118900013,674,23,651
118900015,57,31,26
118900016,7,27,-20
118900017,98,74,24
118900018,1200,9,1191
118900019,43,10,33
118900020,142,68,74
118900021,93,307,-214
118900022,57,144,-87
118900023,52,99,-47
118900024,30,188,-158
118900025,18,27,-9
118900026,37,106,-69
118900027,347,198,149
118900028,38,178,-140
118900029,80,501,-421
118900030,67,58,9
118900031,28,127,-99
118900032,65,220,-155
118900033,193,836,-643
118900034,46,8,38
118900035,35,309,-274
118900036,522,564,-42
118900037,139,319,-180
118900038,146,331,-185
118900039,137,237,-100
118900040,111,105,6
118900041,111,153,-42
118900042,92,97,-5
118900045,113,134,-21
118900046,642,99,543
118900047,728,141,587
118900048,79,164,-85
118900049,61,27,34
118900050,13,150,-137
118900051,56,40,16
118900052,79,251,-172
118900053,22,50,-28
118900054,32,83,-51
118900055,23,146,-123
118900056,73,98,-25
118900057,177,162,15
118900058,234,447,-213
118900059,12,71,-59
118900060,9,102,-93
118900062,58,176,-118
118900064,541,265,276
118900065,25,112,-87
118900066,38,108,-70
118900067,6439,1820,4619
118900068,2,110,-108
118900069,130,205,-75
118900071,0,46,-46
118900072,233,370,-137
118900073,43,64,-21
118900074,64,136,-72
118900075,11,52,-41
118900076,153,58,95
118900077,218,184,34
118900078,29,5,24
118900079,40,122,-82
118900080,13,65,-52
118900081,46,8,38
118900082,358,151,207
118900083,6,25,-19
118900084,9,19,-10
118900085,389,928,-539
118900086,5,37,-32
118900087,13,94,-81
118900088,0,21,-21
118900089,42,6,36
118900090,267,388,-121
118900091,176,68,108
118900092,47,75,-28
118900093,89,6,83
118900096,45,33,12
118900097,88,748,-660
118900099,21,247,-226
118900100,118,175,-57
118900101,22,536,-514
118900102,11,47,-36
118900103,21,36,-15
118900104,43,126,-83
118900105,94,75,19
118900107,159,62,97
118900108,30,53,-23
118900110,1404,328,1076
118900111,106,717,-611
118900112,23,118,-95
118900113,88,579,-491
118900114,12,90,-78
118900115,58,222,-164
118900116,43,124,-81
118900117,44,175,-131
118900118,177,537,-360
118900119,45,280,-235
118900120,57,236,-179
118900121,5,261,-256
118900122,4,338,-334
118900123,56,194,-138
118900124,39,143,-104
118900126,9,197,-188
118900129,81,92,-11
118900130,46,55,-9
118900131,97,203,-106
118900132,244,114,130
118900133,16,48,-32
118900135,69,196,-127
118900136,181,796,-615
118900137,1,15,-14
118900139,69,493,-424
118900140,246,850,-604
118900141,27,307,-280
118900144,45,640,-595
118900145,20,163,-143
118900146,158,813,-655
118900147,88,132,-44
118900148,17,46,-29
118900150,129,253,-124
118900152,305,935,-630
118900157,94,102,-8
118900158,39,133,-94
118900159,1,238,-237
118900161,83,11,72
118900163,222,48,174
118900164,0,145,-145
118900165,8,297,-289
118900166,13,5,8
118900167,19,179,-160
118900168,2,67,-65
118900169,36,363,-327
118900170,17,79,-62
118900171,6,13,-7
118900174,15,35,-20
118900175,107,256,-149
118900176,49,126,-77
118900177,9,47,-38
118900178,3,61,-58
118900179,2,42,-40
118900181,38,75,-37
118900182,50,29,21
118900183,3,39,-36
118900184,127,19,108
118900185,20,103,-83
118900186,48,70,-22
118900187,70,250,-180
118900188,127,296,-169
118900189,14,339,-325
118900190,2,678,-676
118900191,65,31,34
118900192,69,40,29
118900193,113,6,107
118900195,356,979,-623
118900196,15,211,-196
118900197,88,115,-27
118900198,4,43,-39
118900199,5,55,-50
118900200,3,2,1
118900201,6,5,1
118900202,9,76,-67
118900203,5,32,-27
118900204,6,56,-50
118900205,5,32,-27
118900206,0,39,-39
119000001,674,1015,-341
119000002,1934,2396,-462
119000003,945,1397,-452
119000004,1330,1186,144
119000005,1222,1411,-189
119000006,1056,1209,-153
119000007,1940,2408,-468
119000008,1243,1965,-722
119000009,3083,2017,1066
119000010,8315,3302,5013
119000011,5352,1571,3781
119000012,5372,2569,2803
119000013,1835,968,867
119000014,2109,3382,-1273
119000019,154,144,10
119000020,796,1163,-367
119000021,1860,1757,103
119000022,3254,1050,2204
119000023,338,142,196
119000024,1984,4227,-2243
119000025,11855,1219,10636
119000026,332,166,166
119000027,580,370,210
119000028,1603,1112,491
119000029,91,209,-118
119000030,249,1003,-754
119000031,356,651,-295
119000032,1879,1770,109
119000033,1369,1526,-157
119000034,691,726,-35
119000035,30,361,-331
119000036,578,1121,-543
119000037,646,2222,-1576
119000038,53,1098,-1045
119000039,115,311,-196
119000040,808,353,455
119000041,759,831,-72
119000048,3338,3792,-454
119000049,851,3622,-2771
119000050,1222,2185,-963
119000051,1334,842,492
119000052,1855,2569,-714
119000053,1499,1030,469
119000054,2234,3396,-1162
119000055,1816,3266,-1450
119000056,1327,1739,-412
119000057,1096,2315,-1219
119000058,1250,2048,-798
119000059,651,1401,-750
119000060,708,713,-5
119000061,495,687,-192
119000062,704,1204,-500
119000063,187,191,-4
119000064,810,1411,-601
119000065,1441,2691,-1250
119000066,857,876,-19
119000067,1283,2423,-1140
119000068,799,874,-75
119000069,883,2172,-1289
119000070,1108,1005,103
119000071,310,730,-420
119000072,5529,3018,2511
119000073,3635,4118,-483
119000074,526,3310,-2784
119000075,534,2125,-1591
119000076,302,705,-403
119000077,417,418,-1
119000078,144,239,-95
119000079,39,577,-538
119000080,124,186,-62
119000081,104,316,-212
119000082,231,214,17
119000083,200,252,-52
119000084,194,554,-360
119000085,504,302,202
119000086,175,243,-68
119000087,1347,774,573
119000088,171,218,-47
119000089,29,118,-89
119000090,119,132,-13
119000091,122,219,-97
119000092,592,213,379
119000093,3599,3440,159
119000094,1449,4317,-2868
119000095,869,2753,-1884
119000097,2460,1621,839
119000098,519,1264,-745
119000099,1637,1623,14
119000100,1599,1797,-198
119000101,1704,1599,105
119000102,568,534,34
119000103,1014,463,551
119000104,3152,1398,1754
119000105,428,583,-155
119000106,171,2049,-1878
119000107,229,454,-225
119000108,153,1373,-1220
119000109,69,284,-215
119000110,255,362,-107
119000111,26,422,-396
119000112,118,127,-9
119000113,2278,246,2032
119000114,503,352,151
119000115,163,103,60
119000116,93,47,46
119000117,81,262,-181
119000118,1,4,-3
119000123,2084,651,1433
119000124,228,229,-1
119000125,1181,1348,-167
119000126,281,1131,-850
119000127,170,971,-801
119000128,27,4,23
119000131,374,1113,-739
119000132,4,2,2
119000133,0,2,-2
119000134,2497,493,2004
119000135,41,195,-154
119000136,60,286,-226
119000137,49,553,-504
119000138,147,494,-347
119000139,119,336,-217
119000140,104,151,-47
119000284,1426,2478,-1052
119000285,2531,1877,654
119000286,5769,3863,1906
119000287,1008,1756,-748
119000288,1273,1721,-448
119000289,2140,3890,-1750
119000290,112,526,-414
119000291,1,314,-313
119000293,26,145,-119
119000294,23,16,7
119000295,1896,541,1355
119000296,77,115,-38
119000302,4518,1291,3227
119000303,19,108,-89
119000310,0,0,0
119000314,1383,4172,-2789
119000315,0,701,-701
119000316,22,115,-93
119000317,17,556,-539
119900001,97,464,-367
119900002,43,269,-226
119900003,40,1362,-1322
119900004,299,256,43
119900005,50,152,-102
119900006,92,266,-174
119900007,482,39,443
119900008,4,19,-15
119900009,286,480,-194
119900010,632,809,-177
119900011,16,39,-23
119900012,4,22,-18
119900013,1139,396,743
119900014,437,175,262
119900015,39,11,28
119900016,21,94,-73
119900017,1,24,-23
119900018,1040,129,911
119900019,22,5,17
119900020,31,100,-69
119900021,58,38,20
119900022,93,225,-132
119900023,715,334,381
119900025,42,19,23
119900026,893,53,840
119900027,7,13,-6
119900028,109,20,89
119900029,1,5,-4
119900030,381,345,36
119900031,13,170,-157
119900033,1680,111,1569
119900034,84,104,-20
119900037,27,20,7
119900038,22,120,-98
119900039,78,10,68
119900040,22,5,17
119900041,42,53,-11
119900042,29,141,-112
119900043,28,144,-116
119900044,108,252,-144
119900046,31,70,-39
119900047,100,47,53
119900048,7,27,-20
119900049,43,32,11
119900050,57,43,14
119900051,109,3,106
119900052,9,61,-52
119900053,43,182,-139
119900054,36,2,34
119900055,443,231,212
119900057,50,78,-28
119900058,53,5,48
119900059,63,22,41
119900060,116,6,110
119900062,16,20,-4
119900063,14,32,-18
119900065,123,13,110
119900066,0,0,0
119900067,12,16,-4
119900068,104,2,102
119900069,22,15,7
119900070,216,27,189
119900071,131,6,125
119900073,1502,380,1122
119900074,16,12,4
119900075,5723,1606,4117
119900076,188,554,-366
119900077,183,1415,-1232
119900078,134,703,-569
119900079,40,346,-306
119900080,450,1091,-641
119900081,96,59,37
119900082,420,351,69
119900083,317,72,245
119900084,448,80,368
119900085,147,45,102
119900087,227,149,78
119900088,61,53,8
119900089,5,550,-545
119900090,184,45,139
119900091,19,1005,-986
119900092,7,385,-378
119900093,548,90,458
119900094,13,197,-184
119900095,158,68,90
119900096,13,119,-106
119900097,287,112,175
119900098,16,34,-18
119900099,20,324,-304
119900100,2420,1191,1229
119900101,154,685,-531
119900102,11,369,-358
119900103,27,494,-467
119900104,21,250,-229
119900105,323,1046,-723
119900106,14,265,-251
119900107,315,3600,-3285
119900108,1611,571,1040
119900109,7,285,-278
119900110,332,708,-376
119900111,16,342,-326
119900112,2957,316,2641
119900113,52,483,-431
119900114,89,1832,-1743
119900115,60,1369,-1309
119900116,137,203,-66
119900117,81,980,-899
119900118,17,1252,-1235
119900119,43,241,-198
119900120,531,728,-197
119900121,115,1562,-1447
119900122,205,384,-179
119900123,127,209,-82
119900124,41,1072,-1031
119900125,47,461,-414
119900126,5406,231,5175
119900127,2618,659,1959
119900128,150,799,-649
119900129,52,841,-789
119900130,17,275,-258
119900131,12,397,-385
119900132,22,425,-403
119900133,8,30,-22
119900134,2163,269,1894
119900135,1,520,-519
119900136,129,599,-470
119900138,386,656,-270
119900139,9,64,-55
119900140,3,168,-165
119900141,125,288,-163
119900142,7,20,-13
119900143,5,186,-181
119900144,2348,215,2133
119900145,51,301,-250
119900146,131,100,31
119900147,10,103,-93
119900148,40,29,11
119900149,1538,1377,161
119900150,130,223,-93
119900151,1263,569,694
119900152,45,448,-403
119900153,38,49,-11
119900154,11,321,-310
119900155,7,26,-19
119900156,7,2,5
119900157,18,256,-238
119900158,51,55,-4
119900159,4,1677,-1673
119900160,8,314,-306
119900161,106,365,-259
119900162,547,544,3
119900163,102,73,29
119900164,0,1,-1
119900165,34,260,-226
119900166,28,29,-1
119900167,41,122,-81
119900168,231,356,-125
119900169,125,150,-25
119900170,121,134,-13
119900171,366,447,-81
119900172,70,12,58
119900173,4,604,-600
119900174,2,294,-292
119900175,430,642,-212
119900177,9,283,-274
119900178,9,198,-189
119900179,21,166,-145
119900180,497,479,18
119900181,29,24,5
119900182,2,489,-487
119900183,78,962,-884
119900184,2818,451,2367
119900185,4,93,-89
119900186,37,215,-178
119900187,9,570,-561
119900188,13,298,-285
119900189,312,132,180
119900190,42,114,-72
119900191,189,69,120
119900192,5,205,-200
119900193,89,192,-103
119900194,2,38,-36
119900195,10,194,-184
119900196,2027,488,1539
119900197,72,82,-10
119900198,30,457,-427
119900199,120,22,98
119900200,180,510,-330
119900201,427,197,230
119900202,161,64,97
119900203,96,161,-65
119900204,83,360,-277
119900205,181,631,-450
119900206,37,155,-118
119900208,86,96,-10
119900209,207,401,-194
119900210,7,28,-21
119900211,53,7,46
119900212,57,321,-264
119900213,6,60,-54
119900214,6,115,-109
119900215,7,110,-103
119900216,4,109,-105
119900217,4,73,-69
119900218,8,52,-44
119900219,3,165,-162
119900220,3,177,-174
119900221,11,507,-496
119900222,6,305,-299
119900223,24,110,-86
119900224,14,43,-29
119900225,1293,42,1251
119900226,1000,830,170
119900227,1447,397,1050
119900228,30,270,-240
119900229,212,393,-181
119900230,1179,564,615
119900231,56,215,-159
119900232,103,38,65
119900233,9,2,7
119900234,4,26,-22
119900235,7,17,-10
119900236,12,256,-244
119900237,40,418,-378
119900238,2,97,-95
119900240,33,137,-104
119900241,89,224,-135
119900242,1445,743,702
119900244,650,882,-232
119900245,38,98,-60
119900246,219,194,25
119900247,17,33,-16
119900248,25,27,-2
119900249,115,34,81
119900253,3794,236,3558
119900254,16,207,-191
119900255,78,469,-391
119900256,158,1501,-1343
119900257,21,1,20
119900258,52,17,35
119900259,3,221,-218
119900260,36,2,34
119900261,77,165,-88
119900262,1,263,-262
119900263,830,383,447
119900264,36,240,-204
119900265,82,312,-230
119900266,92,307,-215
119900267,52,440,-388
119900268,66,276,-210
119900269,245,1212,-967
119900271,11,59,-48
119900272,71,22,49
119900275,54,23,31
119900276,8,0,8
119900277,6,0,6
119900278,177,58,119
119900279,97,117,-20
119900280,890,226,664
119900281,1,56,-55
119900282,41,13,28
119900283,5,351,-346
119900284,51,191,-140
119900285,2,26,-24
119900286,7,6,1
119900288,1,40,-39
119900289,0,41,-41
119900290,3,22,-19
119900291,1,36,-35
119900292,34,5,29
119900293,11,0,11
119900294,6,1,5
119900295,0,0,0
119900296,0,0,0
119900299,10,275,-265
119900300,45,189,-144
119900301,67,7,60
119900302,23,30,-7
119900303,198,349,-151
119900304,29,8,21
119900305,18,146,-128
119900306,6,0,6
119900307,14,181,-167
119900308,14,9,5
119900309,5,26,-21
119900310,223,366,-143
119900311,9,190,-181
119900312,28,88,-60
119900313,117,314,-197
119900314,60,211,-151
119900315,375,2610,-2235
119900318,4,19,-15
119900319,2,380,-378
119900320,95,750,-655
119900321,25,1,24
119900322,46,43,3
119900323,3,153,-150
119900324,1,59,-58
119900325,39,474,-435
119900326,225,32,193
120000001,7464,7120,344
120000002,1857,3229,-1372
120000003,3496,1895,1601
120000004,2828,2379,449
120000005,5034,2062,2972
120000006,1049,1212,-163
120000007,3394,2102,1292
120000008,996,1415,-419
120000009,5077,974,4103
120000010,1262,3304,-2042
120000011,873,2093,-1220
120000012,1459,3175,-1716
120000013,1677,2791,-1114
120000014,469,1686,-1217
120000015,2453,1602,851
120000016,2647,2083,564
120000017,1476,1498,-22
120000018,4868,5916,-1048
120000019,856,864,-8
120000020,2646,1932,714
120000021,1461,1369,92
120000022,2602,2675,-73
120000023,752,1544,-792
120000024,1209,1973,-764
120000025,1381,2185,-804
120000026,623,1863,-1240
120000027,1068,1455,-387
120000028,391,251,140
120000029,1973,304,1669
120000030,87,512,-425
120000031,1700,3877,-2177
120000032,10282,3009,7273
120000033,1940,1745,195
120000034,834,2389,-1555
120000035,1070,2287,-1217
120000036,1743,3372,-1629
120000037,399,736,-337
120000038,10449,2654,7795
120000039,331,899,-568
120000040,14,92,-78
120000041,282,1868,-1586
120000042,1094,4399,-3305
120000043,3772,2676,1096
120000044,2371,1134,1237
120000045,2382,945,1437
120000046,1308,1493,-185
120000047,2149,2384,-235
120000048,8493,2931,5562
120000049,2104,2613,-509
120000050,2274,4343,-2069
120000051,3745,3479,266
120000052,14843,2594,12249
120000053,720,4554,-3834
120000054,1235,6679,-5444
120000055,865,4417,-3552
120000056,2641,4771,-2130
120000057,1183,808,375
120000058,230,169,61
120000059,66,906,-840
120000061,51,710,-659
120000062,327,173,154
120000063,1735,3162,-1427
120000064,128,1574,-1446
120000065,284,1866,-1582
120000066,92,489,-397
120000067,45,567,-522
120000068,99,1125,-1026
120000069,298,1595,-1297
120000070,10,1086,-1076
120000071,113,152,-39
120000072,133,419,-286
120000073,209,75,134
120000074,53,89,-36
120000075,133,201,-68
120000076,516,278,238
120000077,608,352,256
120000078,2912,463,2449
120000079,110,400,-290
120000080,69,220,-151
120000081,150,211,-61
120000082,126,264,-138
120000083,121,268,-147
120000084,440,622,-182
120000085,283,533,-250
120000086,213,770,-557
120000087,158,1336,-1178
120000088,496,1440,-944
120000089,799,441,358
120000090,266,413,-147
120000091,473,676,-203
120000092,625,447,178
120000093,123,485,-362
120000094,85,366,-281
120000095,502,655,-153
120000096,185,1232,-1047
120000098,444,1059,-615
120000099,181,770,-589
120000100,422,1108,-686
120000101,301,530,-229
120000102,211,443,-232
120000103,709,374,335
120000104,1001,192,809
120000105,1099,267,832
120000106,923,275,648
120000107,1301,307,994
120000108,458,86,372
120000109,426,51,375
120000110,53,1023,-970
120000111,80,1487,-1407
120000112,543,4620,-4077
120000113,395,3276,-2881
120000114,492,2760,-2268
120000115,230,2408,-2178
120000116,601,2137,-1536
120000117,1093,1675,-582
120000118,35,17,18
120000119,41,37,4
120000120,32,26,6
120000121,24,33,-9
120000122,238,198,40
120000123,6756,2273,4483
120000124,279,489,-210
120000125,184,676,-492
120000126,163,617,-454
120000127,1136,465,671
120000128,2543,1552,991
120000129,189,229,-40
120000130,618,718,-100
120000131,253,472,-219
120000134,227,1399,-1172
120000135,113,276,-163
120000137,99,2368,-2269
120000138,177,513,-336
120000139,104,1048,-944
120000140,201,577,-376
120000141,76,563,-487
120000142,124,636,-512
120000143,4,89,-85
120000144,14,1,13
120000145,99,1,98
120000146,2122,697,1425
120000149,451,973,-522
120000150,6009,6376,-367
120000151,341,423,-82
120000152,118,288,-170
120000153,73,688,-615
120000154,417,350,67
120000155,106,199,-93
120000156,1642,311,1331
120000157,791,591,200
120000158,561,943,-382
120000159,1703,2340,-637
120000160,1660,1097,563
120000161,772,2515,-1743
120000162,62,154,-92
120000163,197,1510,-1313
120000164,194,463,-269
120000165,152,968,-816
120000166,377,691,-314
120000167,10,27,-17
120000168,4,65,-61
120000169,134,199,-65
120000170,143,107,36
120000171,32,18,14
120000172,15,19,-4
120000173,1854,112,1742
120000174,290,4,286
120000175,493,12,481
120000176,154,57,97
120000177,980,374,606
120000178,44,4,40
120000179,299,15,284
120000180,314,34,280
120000181,65,68,-3
120000182,62,53,9
120000183,0,113,-113
120000184,72,1142,-1070
120000186,89,47,42
120000187,79,25,54
120000188,217,41,176
120000190,882,7,875
120000191,1591,10,1581
120000192,2004,16,1988
120000193,636,3,633
120000195,66,2,64
120000196,236,32,204
120000197,56,95,-39
120000198,61,219,-158
120000199,41,1,40
120000200,43,0,43
120000201,14,9,5
120000202,0,84,-84
120000203,25,511,-486
120000207,1,96,-95
120000208,4,339,-335
120000209,2,136,-134
120000210,180,90,90
120000211,45,1,44
120000212,49,1,48
120000213,33,561,-528
120000214,1,547,-546
120000215,4,184,-180
120000216,18,1,17
120000217,852,1479,-627
120000218,258,1476,-1218
120000219,14,888,-874
120000220,15,3294,-3279
120000225,466,2,464
120000226,115,5,110
120000227,592,20,572
120000228,7581,1369,6212
120000230,114,20,94
120000231,349,2493,-2144
120000233,73,41,32
120000235,122,880,-758
120000236,426,2,424
120000237,3,2329,-2326
120000238,0,83,-83
120000241,989,2681,-1692
120000412,1975,16,1959
120000413,57,517,-460
120000414,34,2,32
120000415,0,193,-193
120000416,10,12,-2
120000417,8,97,-89
120000418,41,10,31
120000419,6,604,-598
120000420,98,26,72
120000421,16272,6125,10147
120000422,292,308,-16
120000423,2,43,-41
120000424,36,287,-251
120000436,92,293,-201
120000437,171,205,-34
120000438,5063,341,4722
120000439,106,219,-113
120000443,64,0,64
120000444,458,553,-95
120000445,1269,1170,99
120000446,917,316,601
120000447,68,9,59
120000449,37,4,33
120000450,4,473,-469
120000451,87,200,-113
120000452,54,1,53
120000453,1,317,-316
120000454,61,18,43
120000455,55,47,8
120000456,3045,1871,1174
120000457,1244,1152,92
120000458,412,644,-232
120000459,46,65,-19
120000665,712,124,588
120000668,64,132,-68
120000669,66,515,-449
120000670,243,334,-91
120000671,411,245,166
120000672,81,478,-397
120900001,28,37,-9
120900002,167,211,-44
120900003,139,24,115
120900004,3,26,-23
120900005,13,1825,-1812
120900006,89,186,-97
120900007,56,163,-107
120900008,88,1272,-1184
120900009,230,65,165
120900010,210,42,168
120900011,314,76,238
120900012,1143,632,511
120900013,161,21,140
120900014,12,801,-789
120900015,143,61,82
120900016,282,44,238
120900017,3161,95,3066
120900018,45,481,-436
120900019,321,92,229
120900020,557,450,107
120900021,233,35,198
120900022,13,419,-406
120900023,52,30,22
120900024,1255,381,874
120900025,2249,658,1591
120900026,51,126,-75
120900027,353,71,282
120900028,86,29,57
120900029,77,166,-89
120900030,555,371,184
120900031,82,31,51
120900032,312,132,180
120900033,357,19,338
120900034,40,1291,-1251
120900035,24,59,-35
120900037,50,0,50
120900038,19,64,-45
120900039,25,18,7
120900040,72,2,70
120900041,100,16,84
120900042,83,78,5
120900043,18,16,2
120900044,3,370,-367
120900045,129,94,35
120900046,130,1,129
120900047,56,31,25
120900048,36,12,24
120900049,106,0,106
120900050,4045,724,3321
120900051,90,124,-34
120900052,193,1,192
120900053,68,73,-5
120900054,1126,756,370
120900055,81,0,81
120900056,131,6,125
120900057,59,15,44
120900058,179,1,178
120900059,31,0,31
120900060,14,29,-15
120900061,171,348,-177
120900062,67,1,66
120900063,175,1,174
120900064,86,0,86
120900065,115,2,113
120900066,82,308,-226
120900067,156,21,135
120900068,47,0,47
120900069,70,78,-8
120900071,7,0,7
120900072,180,0,180
120900073,159,287,-128
120900074,146,1,145
120900076,75,0,75
120900077,3792,209,3583
120900078,246,740,-494
120900079,202,58,144
120900080,196,2717,-2521
120900081,294,948,-654
120900082,561,247,314
120900083,22,2,20
120900084,107,153,-46
120900085,146,73,73
120900086,162,143,19
120900087,203,55,148
120900088,124,131,-7
120900089,4974,943,4031
120900090,50,220,-170
120900091,311,171,140
120900092,815,894,-79
120900093,5083,277,4806
120900094,458,211,247
120900095,159,21,138
120900096,11,94,-83
120900097,583,1442,-859
120900098,264,221,43
120900099,23,98,-75
120900100,49,481,-432
120900101,386,379,7
120900102,9,87,-78
120900103,40,101,-61
120900104,100,35,65
120900105,21,1114,-1093
120900106,1319,710,609
120900107,449,196,253
120900108,6,1276,-1270
120900109,25,852,-827
120900110,8,488,-480
120900111,85,391,-306
120900112,4,1554,-1550
120900113,7,1183,-1176
120900114,28,288,-260
120900115,119,113,6
120900116,63,692,-629
120900117,1,743,-742
120900118,5,1078,-1073
120900119,3398,2941,457
120900120,36,926,-890
120900121,35,495,-460
120900122,87,699,-612
120900123,3,603,-600
120900124,5,764,-759
120900125,6,1313,-1307
120900126,1161,806,355
120900127,8,687,-679
120900128,909,908,1
120900129,67,520,-453
120900130,2,393,-391
120900131,11,43,-32
120900132,278,384,-106
120900133,201,1277,-1076
120900134,264,488,-224
120900135,8,781,-773
120900136,12,14,-2
120900137,71,75,-4
120900138,12,281,-269
120900139,5,931,-926
120900140,2,54,-52
120900141,29,78,-49
120900142,9,1013,-1004
120900143,4,1180,-1176
120900144,0,283,-283
120900145,37,1024,-987
120900146,3,1355,-1352
120900147,0,344,-344
120900148,56,95,-39
120900149,1,460,-459
120900150,20,603,-583
120900151,3,868,-865
120900152,0,67,-67
120900153,4,64,-60
120900154,0,366,-366
120900155,77,1233,-1156
120900156,13,494,-481
120900157,18,267,-249
120900158,20,599,-579
120900159,35,527,-492
120900160,22,356,-334
120900161,11,874,-863
120900162,12,970,-958
120900163,7,90,-83
120900164,4,2,2
120900165,0,1,-1
120900166,14,99,-85
120900167,117,57,60
120900169,29,596,-567
120900170,2444,1086,1358
120900171,1330,444,886
120900172,1196,87,1109
120900173,0,50,-50
120900174,3,103,-100
120900175,198,230,-32
120900176,8,177,-169
120900177,1,358,-357
120900178,0,160,-160
120900179,670,408,262
120900180,116,84,32
120900181,20,45,-25
120900182,12,277,-265
120900183,324,70,254
120900184,120,64,56
120900185,1,378,-377
120900186,2,458,-456
120900187,184,398,-214
120900188,56,13,43
120900189,89,277,-188
120900190,6,14,-8
120900191,0,26,-26
120900192,16035,1787,14248
120900194,36,77,-41
120900195,119,385,-266
120900196,280,55,225
120900197,244,36,208
120900198,143,662,-519
120900199,188,112,76
120900200,102,68,34
120900201,715,161,554
120900202,1,273,-272
120900203,14,37,-23
120900204,397,454,-57
120900205,61,139,-78
120900206,3,10,-7
120900207,33,1428,-1395
121000001,920,969,-49
121000002,1705,975,730
121000003,3880,1642,2238
121000004,2253,2676,-423
121000005,2119,2159,-40
121000006,2610,1153,1457
121000007,2847,2481,366
121000008,4743,2046,2697
121000009,7486,4349,3137
121000010,9152,2925,6227
121000011,11726,7701,4025
121000012,16677,5578,11099
121000013,5152,4920,232
121000014,6337,5180,1157
121000015,3802,4697,-895
121000016,4099,2973,1126
121000017,1437,2951,-1514
121000018,1691,1518,173
121000019,15283,6372,8911
121000020,9169,5842,3327
121000021,2622,2328,294
121000022,1188,1041,147
121000023,3786,2599,1187
121000024,2146,2333,-187
121000025,518,684,-166
121000026,219,111,108
121000027,1252,656,596
121000028,578,363,215
121000029,814,586,228
121000030,379,284,95
121000031,384,490,-106
121000032,156,67,89
121000034,307,136,171
121000035,115,54,61
121000036,988,655,333
121000037,458,455,3
121000038,520,358,162
121000039,254,316,-62
121000041,266,375,-109
121000042,152,207,-55
121000043,797,493,304
121000044,1902,560,1342
121000045,224,249,-25
121000046,228,584,-356
121000047,8,74,-66
121000049,1887,554,1333
121000050,244,806,-562
121000051,458,360,98
121000052,153,447,-294
121000053,360,61,299
121000054,18,136,-118
121000055,1456,789,667
121000056,842,836,6
121000057,120,258,-138
121000058,355,94,261
121000059,1835,795,1040
121000060,397,518,-121
121000061,77,124,-47
121000062,101,128,-27
121000063,618,418,200
121000064,449,558,-109
121000065,429,303,126
121000066,565,370,195
121000067,1155,212,943
121000068,416,321,95
121000069,562,167,395
121000070,1549,1137,412
121000071,632,629,3
121000072,817,578,239
121000073,645,563,82
121000074,73,87,-14
121000075,53,26,27
121000076,1028,203,825
121000077,194,47,147
121000078,38,83,-45
121000080,2678,481,2197
121000081,2210,1337,873
121000082,182,213,-31
121000083,252,110,142
121000084,209,76,133
121000085,341,401,-60
121000086,131,695,-564
121000087,63,179,-116
121000088,256,507,-251
121000089,420,212,208
121000090,403,280,123
121000091,1723,496,1227
121000092,100,89,11
121000093,144,184,-40
121000094,406,330,76
121000095,242,397,-155
121000096,2074,1886,188
121000097,1380,1346,34
121000098,216,1047,-831
121000099,254,659,-405
121000100,306,526,-220
121000101,94,203,-109
121000102,83,391,-308
121000103,51,248,-197
121000104,59,204,-145
121000105,219,256,-37
121000106,129,299,-170
121000107,1989,3543,-1554
121000109,1471,991,480
121000110,321,357,-36
121000114,2270,1948,322
121000115,744,707,37
121000116,461,679,-218
121000117,1187,204,983
121000118,868,205,663
121000119,144,196,-52
121000120,144,395,-251
121000121,357,741,-384
121000123,1168,528,640
121000127,100,108,-8
121000128,273,484,-211
121000129,282,331,-49
121000130,272,888,-616
121000131,2133,768,1365
121000132,961,881,80
121000135,286,132,154
121000136,703,398,305
121000137,427,109,318
121000138,564,784,-220
121000139,454,129,325
121000141,152,77,75
121000142,858,356,502
121000143,102,7,95
121000144,814,658,156
121000145,252,1082,-830
121000146,820,602,218
121000147,437,338,99
121000148,608,829,-221
121000149,1410,950,460
121000152,270,352,-82
121000153,1311,450,861
121000154,522,413,109
121000155,821,749,72
121000156,309,775,-466
121000157,1343,1617,-274
121000158,432,463,-31
121000159,135,538,-403
121000160,199,629,-430
121000161,56,371,-315
121000162,18,355,-337
121000165,1593,1335,258
121000166,22,463,-441
121000168,115,198,-83
121000169,39,154,-115
121000170,131,58,73
121000171,35,125,-90
121000172,301,330,-29
121000173,867,559,308
121000174,123,304,-181
121000175,419,499,-80
121000176,241,249,-8
121000177,454,534,-80
121000178,58,50,8
121000179,47,37,10
121000181,346,306,40
121000182,34,123,-89
121000183,14,62,-48
121000184,14,71,-57
121000185,11,125,-114
121000186,94,223,-129
121000187,107,207,-100
121000188,27,241,-214
121000192,367,261,106
121000193,563,296,267
121000194,2329,1831,498
121000195,473,964,-491
121000196,811,173,638
121000197,183,599,-416
121000198,155,62,93
121000199,117,343,-226
121000200,181,69,112
121000201,6,159,-153
121000202,338,66,272
121000203,500,2435,-1935
121000204,1158,497,661
121000205,129,266,-137
121000206,100,26,74
121000207,1050,440,610
121000208,7,364,-357
121000209,104,406,-302
121000210,163,593,-430
121000211,81,103,-22
121000212,185,742,-557
121000213,8187,2087,6100
121000214,738,1225,-487
121000215,1144,593,551
121000216,312,417,-105
121000217,3914,1804,2110
121000218,428,1423,-995
121000219,1019,257,762
121000220,314,62,252
121000221,132,214,-82
121000222,2307,1983,324
121000223,504,288,216
121000224,202,93,109
121000225,1021,798,223
121000226,1746,572,1174
121000227,7,189,-182
121000228,9,781,-772
121000229,57,454,-397
121000230,55,1752,-1697
121000231,288,16,272
121000232,373,143,230
121000233,385,262,123
121000234,3,14,-11
121000235,40,50,-10
121000236,2,27,-25
121000237,25,6,19
121000238,2,74,-72
121000239,4,7,-3
121000240,6,185,-179
121000241,100,4,96
121000242,18,122,-104
121000243,162,40,122
121000244,1,53,-52
121000245,1,13,-12
121000246,1,67,-66
121000247,12,2,10
121000248,463,421,42
121000249,26,209,-183
121000250,111,87,24
121000251,7,644,-637
121000252,38,15,23
121000253,155,566,-411
121000254,316,212,104
121000255,117,79,38
121000256,147,115,32
121000257,61,52,9
121000258,62,46,16
121000259,14,24,-10
121000260,34,91,-57
121000261,15,29,-14
121000262,926,532,394
121000263,251,404,-153
121000271,215,1440,-1225
121000273,58,6,52
121000274,5,35,-30
121000275,2,25,-23
121000276,0,14,-14
121000278,45,55,-10
121000279,27,9,18
121000280,14,31,-17
121000289,74,17,57
121000290,913,575,338
121000294,40,170,-130
121000297,820,602,218
121000299,151,179,-28
121000300,579,337,242
121000302,67,412,-345
121000303,344,293,51
121000304,349,53,296
121000305,63,41,22
121000306,39,79,-40
121000308,150,298,-148
121000309,356,604,-248
121000310,55,445,-390
121000311,106,766,-660
121000312,251,133,118
121000313,510,506,4
121000314,124,85,39
121000315,48,76,-28
121000530,700,1171,-471
121000531,743,1201,-458
121000532,4356,3314,1042
121000533,1876,1877,-1
121000918,8,241,-233
121000919,3,58,-55
121000938,335,129,206
121000939,252,73,179
121000956,295,1206,-911
121000957,2,8,-6
121000958,57,25,32
121000959,165,919,-754
121000960,1087,2033,-946
121000961,111,18,93
121000962,233,604,-371
121000973,1,277,-276
121000976,6,125,-119
121000979,132,33,99
121000981,318,53,265
121000982,154,179,-25
121000983,176,391,-215
121000984,6,24,-18
121000985,198,687,-489
121000986,108,389,-281
121000987,87,1350,-1263
121000988,282,89,193
121001302,420,92,328
121001308,1,6,-5
121001309,83,51,32
121001313,96,342,-246
121001314,3787,3697,90
121001315,3399,1438,1961
121900001,44,124,-80
121900002,30,18,12
121900003,225,10,215
121900004,114,275,-161
121900005,10,12,-2
121900006,64,14,50
121900007,1666,1939,-273
121900008,1547,92,1455
121900009,356,16,340
121900010,262,8,254
121900011,134,248,-114
121900012,2,0,2
121900013,738,14,724
121900014,814,371,443
121900015,76,125,-49
121900016,0,10,-10
121900017,252,400,-148
121900018,230,0,230
121900019,157,196,-39
121900020,15,1,14
121900021,623,11,612
121900022,128,149,-21
121900023,70,316,-246
121900024,296,38,258
121900025,409,232,177
121900026,200,25,175
121900027,121,87,34
121900028,150,3,147
121900029,113,148,-35
121900030,461,446,15
121900031,869,2988,-2119
121900032,54,45,9
121900033,108,84,24
121900034,267,104,163
121900035,1969,1353,616
121900036,28,256,-228
121900037,84,510,-426
121900038,21,94,-73
121900039,361,12,349
121900040,20,78,-58
121900041,116,102,14
121900042,217,117,100
121900043,0,3,-3
121900044,231,22,209
121900046,154,138,16
121900047,131,33,98
121900048,15,100,-85
121900050,18,27,-9
121900051,41,118,-77
121900052,62,38,24
121900053,136,163,-27
121900054,370,605,-235
121900055,1,2,-1
121900058,61,238,-177
121900059,207,97,110
121900060,82,218,-136
121900061,100,66,34
121900062,100,47,53
121900063,433,213,220
121900064,97,625,-528
121900066,13,15,-2
121900067,10,11,-1
121900069,202,130,72
121900070,149,60,89
121900071,55,246,-191
121900072,7,114,-107
121900073,197,128,69
121900074,380,395,-15
121900075,462,196,266
121900076,192,489,-297
121900077,0,22,-22
121900078,15,38,-23
121900079,0,0,0
121900080,305,351,-46
121900082,23,73,-50
121900084,0,212,-212
121900085,0,16,-16
121900086,6,40,-34
121900087,214,75,139
121900088,2094,1336,758
121900089,46,299,-253
121900090,6,104,-98
121900091,7,99,-92
121900092,24,107,-83
121900093,58,51,7
121900094,9,3,6
121900095,137,82,55
121900096,1247,258,989
121900097,173,75,98
121900098,1,8,-7
121900099,68,54,14
121900100,109,125,-16
121900101,35,73,-38
121900102,4,68,-64
121900103,375,108,267
121900104,577,190,387
121900105,42,57,-15
121900106,2,2,0
121900107,9,36,-27
121900108,0,13,-13
121900109,359,70,289
121900110,85,1250,-1165
121900111,471,70,401
121900112,247,66,181
121900113,35,126,-91
121900114,4,10,-6
121900117,48,13,35
121900118,1866,249,1617
121900119,62,109,-47
121900120,37,1374,-1337
121900121,450,39,411
121900122,7,24,-17
121900123,170,313,-143
121900124,110,197,-87
121900125,758,957,-199
121900127,6,46,-40
121900128,33,123,-90
121900129,1078,57,1021
121900130,71,191,-120
121900131,90,83,7
121900132,17,115,-98
121900133,70,119,-49
121900134,10,100,-90
121900135,1780,172,1608
121900136,78,475,-397
121900137,13,163,-150
121900138,36,182,-146
121900139,310,345,-35
121900140,19,91,-72
121900141,10,18,-8
121900142,51,86,-35
121900143,4,87,-83
121900144,160,330,-170
121900145,113,140,-27
121900146,494,599,-105
121900147,43,148,-105
121900148,97,171,-74
121900149,329,614,-285
121900150,59,108,-49
121900151,36,160,-124
121900152,42,117,-75
121900153,43,291,-248
121900154,2,93,-91
121900155,1,60,-59
121900156,120,62,58
121900157,6,431,-425
121900158,42,56,-14
121900159,1,156,-155
121900160,28,152,-124
121900161,478,227,251
121900162,98,55,43
121900163,58,608,-550
121900164,297,147,150
121900165,90,121,-31
121900166,56,126,-70
121900167,134,61,73
121900168,277,115,162
121900169,2,295,-293
121900170,2,140,-138
121900171,366,465,-99
121900172,183,255,-72
121900173,770,181,589
121900174,11,33,-22
121900175,61,122,-61
121900176,478,1507,-1029
121900177,128,33,95
121900178,13,44,-31
121900179,120,90,30
121900180,5231,1988,3243
121900182,471,259,212
121900183,206,510,-304
121900184,26,401,-375
121900186,5,279,-274
121900187,12,92,-80
121900188,471,256,215
121900189,21,60,-39
121900190,137,449,-312
121900191,95,92,3
121900192,344,392,-48
121900193,14,166,-152
121900194,4,108,-104
121900195,74,51,23
121900196,540,573,-33
121900197,217,1873,-1656
121900198,789,816,-27
121900199,1,10,-9
121900200,69,108,-39
121900201,672,342,330
121900202,81,233,-152
121900203,255,684,-429
121900204,1086,633,453
121900205,5,84,-79
121900206,5,2,3
121900207,132,21,111
121900208,112,201,-89
121900209,18,19,-1
121900210,768,727,41
121900211,136,254,-118
121900212,92,114,-22
121900213,85,87,-2
121900214,1,353,-352
121900215,30,42,-12
121900216,11,84,-73
121900217,171,54,117
121900218,241,340,-99
121900220,85,11,74
121900221,159,501,-342
121900222,71,171,-100
121900223,70,74,-4
121900224,40,40,0
121900225,93,31,62
121900226,161,968,-807
121900227,82,236,-154
121900228,154,169,-15
121900230,67,53,14
121900231,339,169,170
121900232,227,300,-73
121900233,206,192,14
121900234,106,298,-192
121900235,177,207,-30
121900236,214,106,108
121900237,79,113,-34
121900238,104,183,-79
121900239,60,26,34
121900240,131,89,42
121900241,40,73,-33
121900242,3,0,3
121900243,1,0,1
121900244,5,0,5
121900245,133,129,4
121900246,978,363,615
121900247,191,189,2
121900248,798,525,273
121900250,311,220,91
121900251,171,8,163
121900252,804,93,711
121900253,202,877,-675
121900254,659,182,477
121900255,73,38,35
121900258,1879,1544,335
121900259,289,342,-53
121900260,35,132,-97
121900261,103,288,-185
121900262,318,450,-132
121900263,101,225,-124
121900264,1980,928,1052
121900265,196,263,-67
121900266,128,142,-14
121900267,19,24,-5
121900269,97,227,-130
121900270,7,109,-102
121900271,31,105,-74
121900273,334,1006,-672
121900274,132,159,-27
121900277,224,1226,-1002
121900278,71,679,-608
121900279,180,226,-46
121900280,128,201,-73
121900281,364,53,311
121900284,91,6,85
121900286,38,128,-90
121900287,7,13,-6
121900288,0,1,-1
121900290,147,154,-7
121900291,381,440,-59
121900292,171,74,97
121900293,803,2431,-1628
121900294,228,1,227
121900295,53,209,-156
121900296,29,23,6
121900298,256,316,-60
121900299,0,0,0
121900300,11,1,10
121900301,8,0,8
121900302,0,51,-51
121900303,122,414,-292
121900304,0,2,-2
121900305,0,0,0
121900306,33,1,32
121900307,18,25,-7
121900308,10,338,-328
121900309,7,200,-193
121900310,18,396,-378
121900311,120,5,115
121900312,64,1,63
121900313,151,8,143
121900314,2,24,-22
121900315,1,0,1
121900316,1,6,-5
121900317,2,0,2
121900318,1,4,-3
121900319,4,33,-29
121900320,48,39,9
121900321,2,3,-1
121900322,0,8,-8
121900323,10,12,-2
121900324,3,32,-29
121900325,3,0,3
121900326,0,16,-16
121900327,1,62,-61
121900328,0,26,-26
121900329,0,174,-174
121900330,0,38,-38
121900331,62,12,50
121900332,67,28,39
121900333,7,3,4
121900334,37,32,5
122000001,2154,2227,-73
122000002,4662,936,3726
122000003,1775,938,837
122000004,2439,716,1723
122000005,2486,760,1726
122000006,1902,304,1598
122000007,907,667,240
122000008,5730,2719,3011
122000009,511,157,354
122000010,1844,1810,34
122000011,2902,646,2256
122000012,1080,679,401
122000013,1868,1073,795
122000014,1269,1648,-379
122000015,1099,781,318
122000016,294,536,-242
122000017,911,897,14
122000018,1028,923,105
122000019,643,1193,-550
122000020,155,130,25
122000021,536,342,194
122000022,1030,1272,-242
122000023,429,2391,-1962
122000024,1090,611,479
122000025,2072,836,1236
122000026,2149,541,1608
122000027,557,4088,-3531
122000028,605,252,353
122000029,338,170,168
122000030,356,67,289
122000031,112,130,-18
122000032,1192,2617,-1425
122000033,661,614,47
122000034,456,388,68
122000035,316,500,-184
122000036,349,581,-232
122000037,242,140,102
122000038,228,331,-103
122000039,505,391,114
122000040,379,201,178
122000041,405,354,51
122000042,154,293,-139
122000043,94,88,6
122000044,116,136,-20
122000045,1199,507,692
122000046,649,947,-298
122000047,246,115,131
122000048,2150,2604,-454
122000049,3746,1638,2108
122000050,1233,456,777
122000051,312,295,17
122000052,387,145,242
122000053,69,358,-289
122000054,1897,1344,553
122000055,1956,1541,415
122000056,4024,2452,1572
122000057,2811,1580,1231
122000058,4042,864,3178
122000059,3150,1053,2097
122000060,999,404,595
122000061,703,181,522
122000062,1048,236,812
122000063,957,332,625
122000064,3077,2316,761
122000065,5050,2587,2463
122000066,1112,861,251
122000067,1204,1170,34
122000068,656,1120,-464
122000069,451,634,-183
122000070,365,2517,-2152
122000071,714,1355,-641
122000072,296,224,72
122000073,388,299,89
122000074,1708,1000,708
122000075,342,996,-654
122000076,1392,879,513
122000077,1045,510,535
122000078,2693,1268,1425
122000079,1277,519,758
122000080,724,276,448
122000081,97,164,-67
122000082,1202,640,562
122000083,1029,3516,-2487
122000084,609,616,-7
122000085,146,1530,-1384
122000086,1716,3249,-1533
122000087,340,107,233
122000088,276,173,103
122000089,5764,2400,3364
122000090,245,279,-34
122000091,331,71,260
122000092,153,18,135
122000093,1447,910,537
122000094,6073,1159,4914
122000095,2920,1336,1584
122000096,2292,872,1420
122000098,2700,1072,1628
122000099,2226,532,1694
122000100,1696,477,1219
122000101,212,786,-574
122000102,1276,931,345
122000103,1448,1049,399
122000104,241,157,84
122000105,186,221,-35
122000106,636,396,240
122000107,687,369,318
122000108,292,692,-400
122000109,233,242,-9
122000110,287,476,-189
122000111,2201,869,1332
122000112,493,1015,-522
122000113,297,501,-204
122000114,2729,1304,1425
122000115,1487,900,587
122000116,368,409,-41
122000117,776,265,511
122000118,226,382,-156
122000119,2513,1197,1316
122000120,3498,1846,1652
122000121,4247,1790,2457
122000122,534,1074,-540
122000123,2009,1097,912
122000124,981,365,616
122000125,422,480,-58
122000126,584,517,67
122000127,1450,664,786
122000128,537,709,-172
122000129,255,488,-233
122000130,1729,388,1341
122000131,2161,455,1706
122000132,1081,349,732
122000133,910,1600,-690
122000134,325,415,-90
122000135,438,746,-308
122000136,301,201,100
122000137,712,521,191
122000139,1214,2155,-941
122000140,1008,369,639
122000141,4572,626,3946
122000142,547,442,105
122000143,626,195,431
122000144,2173,631,1542
122000145,1472,641,831
122000146,885,692,193
122000147,875,329,546
122000148,2441,1110,1331
122000149,1706,789,917
122000150,934,599,335
122000151,324,301,23
122000152,501,282,219
122000153,380,187,193
122000154,337,146,191
122000155,1299,1556,-257
122000156,2258,1465,793
122000157,1943,879,1064
122000158,314,406,-92
122000159,1151,1258,-107
122000160,5784,703,5081
122000161,1327,479,848
122000162,1802,1213,589
122000163,300,35,265
122000164,17,44,-27
122000165,733,621,112
122000166,860,912,-52
122000167,167,171,-4
122000168,159,418,-259
122000169,486,116,370
122000170,153,229,-76
122000171,28,71,-43
122000172,1176,1293,-117
122000173,1325,1622,-297
122000174,1655,609,1046
122000175,1123,285,838
122000176,304,491,-187
122000177,1405,1083,322
122000178,2920,2043,877
122000179,1793,2165,-372
122000180,2026,742,1284
122000181,1703,2006,-303
122000182,2328,680,1648
122000183,1565,722,843
122000184,3045,1167,1878
122000185,1343,885,458
122000186,574,633,-59
122000187,1237,957,280
122000188,492,177,315
122000189,281,236,45
122000190,949,777,172
122000191,969,427,542
122000192,1046,313,733
122000193,377,596,-219
122000194,500,124,376
122000195,108,364,-256
122000196,706,490,216
122000197,336,508,-172
122000198,485,815,-330
122000199,336,279,57
122000200,1288,422,866
122000201,1178,1305,-127
122000202,981,923,58
122000203,2405,1074,1331
122000204,1150,1491,-341
122000205,1182,843,339
122000206,1657,830,827
122000207,772,1085,-313
122000208,1584,1204,380
122000209,2108,268,1840
122000210,1230,1724,-494
122000211,925,1085,-160
122000212,431,362,69
122000213,786,880,-94
122000214,1350,1322,28
122000215,1693,1133,560
122000217,1593,1142,451
122000218,531,68,463
122000219,1376,901,475
122000220,331,676,-345
122000221,83,271,-188
122000222,464,56,408
122000223,834,378,456
122000225,503,209,294
122000226,918,1558,-640
122000227,206,1503,-1297
122000228,238,407,-169
122000229,21,319,-298
122000230,35,740,-705
122000231,117,587,-470
122000232,369,789,-420
122000233,1,120,-119
122000234,86,155,-69
122000235,254,164,90
122000236,350,180,170
122000237,66,50,16
122000238,78,153,-75
122000239,284,70,214
122000240,679,264,415
122000241,494,320,174
122000242,244,63,181
122000243,111,47,64
122000244,32,407,-375
122000245,40,271,-231
122000246,154,123,31
122000247,401,899,-498
122000248,1193,1923,-730
122000249,263,428,-165
122000250,1114,474,640
122000251,182,326,-144
122000252,581,63,518
122000253,19,261,-242
122000254,102,65,37
122000255,483,1702,-1219
122000256,264,1278,-1014
122000257,53,335,-282
122000258,36,164,-128
122000259,5,597,-592
122000260,4,101,-97
122000261,2,152,-150
122000262,1,64,-63
122000263,92,106,-14
122000264,431,366,65
122000265,1480,642,838
122000266,3939,390,3549
122000267,39,107,-68
122000268,85,312,-227
122000269,571,192,379
122000270,479,80,399
122000271,257,974,-717
122000272,215,936,-721
122000273,206,398,-192
122000274,70,158,-88
122000275,23,132,-109
122000276,282,510,-228
122000277,471,1101,-630
122000278,449,868,-419
122000279,91,535,-444
122000280,450,716,-266
122000281,426,572,-146
122000282,69,237,-168
122000283,146,51,95
122000284,40,60,-20
122000285,340,90,250
122000286,54,181,-127
122000287,483,1222,-739
122000288,191,175,16
122000291,605,361,244
122000293,235,290,-55
122000294,87,133,-46
122000295,1076,136,940
122000296,30,392,-362
122000297,2728,1512,1216
122000299,294,399,-105
122000300,781,424,357
122000301,12681,1931,10750
122000302,810,625,185
122000303,3790,993,2797
122000304,29,125,-96
122000305,496,197,299
122000306,12,710,-698
122000307,265,113,152
122000309,33,63,-30
122000310,17,24,-7
122000311,38,41,-3
122000312,72,28,44
122000313,15,40,-25
122000314,88,196,-108
122000315,93,21,72
122000316,225,166,59
122000317,653,155,498
122000318,349,331,18
122000319,294,475,-181
122000320,323,1956,-1633
122000321,56,237,-181
122000322,2263,1847,416
122000323,1463,1161,302
122000324,1406,956,450
122000325,868,827,41
122000326,10,128,-118
122000327,177,304,-127
122000328,1179,984,195
122000330,1562,498,1064
122000332,144,259,-115
122000333,11,179,-168
122000337,473,2019,-1546
122000338,229,366,-137
122000340,403,176,227
122000342,2287,930,1357
122000343,318,1389,-1071
122000344,13,33,-20
122000345,8,34,-26
122000346,198,517,-319
122000348,365,652,-287
122000349,73,590,-517
122000351,92,193,-101
122000352,211,46,165
122000353,37,94,-57
122000355,74,142,-68
122000356,1503,669,834
122000357,15,17,-2
122000358,0,70,-70
122000359,0,33,-33
122000360,0,54,-54
122000362,5,114,-109
122000364,54,491,-437
122000365,2,14,-12
122000366,1,12,-11
122000368,372,783,-411
122000370,5,78,-73
122000371,3,0,3
122000372,0,0,0
122000381,31,330,-299
122000382,28,226,-198
122000384,4104,1890,2214
122000385,15,1,14
122000386,495,742,-247
122000387,379,441,-62
122000388,1267,275,992
122000389,163,783,-620
122000390,286,184,102
122000391,175,84,91
122000392,153,211,-58
122000393,13,172,-159
122000394,239,244,-5
122000395,42,177,-135
122000396,214,115,99
122000397,11,100,-89
122000398,6,50,-44
122000399,50,89,-39
122000400,191,266,-75
122000401,81,95,-14
122000402,119,62,57
122000403,265,1172,-907
122000404,102,271,-169
122000408,700,874,-174
122000503,9,77,-68
122000524,221,83,138
122000544,19,1461,-1442
122000616,581,1,580
122000640,22,170,-148
122000641,62,382,-320
122000642,690,1223,-533
122000643,18,97,-79
122000644,142,30,112
122000645,70,126,-56
122000651,1836,566,1270
122000664,100,22,78
122000665,865,437,428
122000666,400,914,-514
122000673,25,369,-344
122000674,53,39,14
122000675,901,956,-55
122000686,242,1193,-951
122000687,596,355,241
122000688,104,776,-672
122000689,282,574,-292
122000690,390,642,-252
122000691,207,2640,-2433
122000692,624,377,247
122000693,311,1557,-1246
122000695,97,508,-411
122000696,147,326,-179
122000698,104,981,-877
122000699,111,29,82
122000701,804,303,501
122000702,399,2077,-1678
122000703,157,48,109
122000712,0,0,0
122000717,140,44,96
122000718,344,300,44
122000719,55,32,23
122000720,97,255,-158
122000724,123,26,97
122900001,18,1,17
122900002,893,1391,-498
122900003,198,20,178
122900004,789,12,777
122900005,42,62,-20
122900006,391,344,47
122900007,64,9,55
122900008,340,97,243
122900009,678,235,443
122900010,163,124,39
122900012,277,317,-40
122900014,111,252,-141
122900015,2075,191,1884
122900016,36,287,-251
122900017,345,544,-199
122900018,165,11,154
122900019,7,123,-116
122900020,218,320,-102
122900021,25,489,-464
122900022,309,924,-615
122900023,190,310,-120
122900024,101,71,30
122900025,9,108,-99
122900026,113,288,-175
122900027,49,574,-525
122900028,70,140,-70
122900029,4046,1715,2331
122900030,1130,383,747
122900031,57,98,-41
122900032,88,222,-134
122900033,125,171,-46
122900034,3120,3125,-5
122900035,4,12,-8
122900036,22,130,-108
122900037,219,103,116
122900038,96,1224,-1128
122900039,63,442,-379
122900040,157,359,-202
122900041,180,228,-48
122900042,99,273,-174
122900043,358,178,180
122900044,70,242,-172
122900045,63,79,-16
122900046,53,110,-57
122900047,158,106,52
122900048,26,155,-129
122900049,1498,71,1427
122900051,105,80,25
122900052,24,99,-75
122900053,5,8,-3
122900055,222,101,121
122900057,254,17,237
122900061,388,82,306
122900062,270,284,-14
122900063,103,430,-327
122900064,699,581,118
122900065,202,92,110
122900066,288,144,144
122900067,1642,719,923
122900068,214,397,-183
122900069,113,705,-592
122900070,127,31,96
122900071,73,440,-367
122900072,11,508,-497
122900073,55,213,-158
122900074,155,758,-603
122900075,0,49,-49
122900076,5,122,-117
122900077,2,138,-136
122900078,21,86,-65
122900080,50,14,36
122900081,146,98,48
122900082,428,185,243
122900083,198,93,105
122900084,2,175,-173
122900086,7,30,-23
122900087,51,546,-495
122900088,59,54,5
122900089,3,258,-255
122900090,3,493,-490
122900091,52,0,52
122900092,2,241,-239
122900093,0,411,-411
122900094,1,252,-251
122900095,72,1,71
122900096,66,259,-193
122900097,16,13,3
122900098,61,85,-24
122900099,5,13,-8
122900100,217,138,79
122900101,751,164,587
122900102,2,23,-21
122900103,22,1,21
122900104,19,6,13
122900105,3,0,3
122900106,1,85,-84
122900107,4,234,-230
122900108,13,201,-188
123000001,1722,243,1479
123000002,4960,1880,3080
123000003,3367,1932,1435
123000004,3042,3863,-821
123000005,1902,1951,-49
123000006,2869,2595,274
123000007,2249,1809,440
123000008,2222,3638,-1416
123000009,3652,2710,942
123000010,3191,3573,-382
123000011,2786,808,1978
123000012,1060,2000,-940
123000013,2739,917,1822
123000014,1157,3323,-2166
123000015,3811,520,3291
123000016,6055,1971,4084
123000017,2944,1546,1398
123000018,73,69,4
123000019,77,399,-322
123000020,50,116,-66
123000021,55,156,-101
123000022,357,819,-462
123000023,1061,1041,20
123000024,787,463,324
123000025,52,82,-30
123000026,9,108,-99
123000027,288,387,-99
123000028,513,663,-150
123000029,603,535,68
123000030,114,767,-653
123000031,155,365,-210
123000032,200,314,-114
123000033,147,61,86
123000034,471,401,70
123000035,141,198,-57
123000036,170,417,-247
123000037,119,264,-145
123000038,39,245,-206
123000039,490,638,-148
123000040,1050,303,747
123000041,874,438,436
123000042,892,350,542
123000043,3296,3260,36
123000044,6013,1644,4369
123000045,9850,1221,8629
123000046,741,475,266
123000047,2593,976,1617
123000048,44,268,-224
123000049,5983,2870,3113
123000050,561,791,-230
123000051,72,138,-66
123000052,397,1572,-1175
123000053,2176,2055,121
123000054,1018,793,225
123000055,623,876,-253
123000056,940,1422,-482
123000057,14618,3841,10777
123000058,426,482,-56
123000059,339,365,-26
123000060,540,329,211
123000061,111,560,-449
123000063,646,551,95
123000064,596,154,442
123000065,6409,2903,3506
123000066,1100,709,391
123000067,325,476,-151
123000068,2962,2867,95
123000069,9025,3083,5942
123000070,224,685,-461
123000071,456,1199,-743
123000072,801,1451,-650
123000073,484,749,-265
123000074,767,2114,-1347
123000075,315,652,-337
123000076,357,1119,-762
123000077,1892,3516,-1624
123000078,746,1650,-904
123000079,709,2162,-1453
123000080,1433,2548,-1115
123000081,176,591,-415
123000082,343,1107,-764
123000083,734,105,629
123000084,236,698,-462
123000085,72,98,-26
123000086,125,479,-354
123000087,67,513,-446
123000088,535,1271,-736
123000089,412,1120,-708
123000090,951,1179,-228
123000091,1574,1244,330
123000092,1130,1092,38
123000094,255,215,40
123000095,221,544,-323
123000096,245,385,-140
123000097,185,1083,-898
123000098,386,506,-120
123000099,427,794,-367
123000100,360,511,-151
123000101,552,359,193
123000102,478,403,75
123000104,281,279,2
123000105,565,538,27
123000106,591,256,335
123000107,512,504,8
123000108,1041,1063,-22
123000111,399,204,195
123000112,423,482,-59
123000113,455,1691,-1236
123000114,318,348,-30
123000115,159,263,-104
123000116,26,179,-153
123000117,1178,1949,-771
123000118,353,895,-542
123000119,146,1015,-869
123000120,292,811,-519
123000121,292,529,-237
123000122,332,249,83
123000123,449,521,-72
123000124,667,553,114
123000125,1023,614,409
123000126,1926,1512,414
123000127,1514,724,790
123000128,213,387,-174
123000129,206,125,81
123000130,323,59,264
123000131,447,387,60
123000132,325,510,-185
123000133,540,350,190
123000134,528,191,337
123000135,935,959,-24
123000136,154,1528,-1374
123000137,82,444,-362
123000138,41,404,-363
123000139,202,84,118
123000140,140,662,-522
123000141,717,66,651
123000142,748,950,-202
123000143,1041,2337,-1296
123000144,9,12,-3
123000145,142,89,53
123000146,48,74,-26
123000147,57,95,-38
123000149,260,209,51
123000150,199,186,13
123000151,234,366,-132
123000152,31,284,-253
123000153,161,383,-222
123000154,1661,1201,460
123000155,2151,635,1516
123000156,35,75,-40
123000157,464,759,-295
123000158,684,426,258
123000159,2405,1311,1094
123000160,360,375,-15
123000161,892,628,264
123000162,282,993,-711
123000163,147,40,107
123000164,669,220,449
123000165,273,1918,-1645
123000166,10,129,-119
123000167,79,256,-177
123000168,155,319,-164
123000169,299,61,238
123000170,29,321,-292
123000171,159,51,108
123000172,238,693,-455
123000173,353,120,233
123000174,556,118,438
123000175,944,1322,-378
123000176,448,91,357
123000177,318,1017,-699
123000178,440,61,379
123000179,53,740,-687
123000180,871,219,652
123000181,269,1332,-1063
123000182,84,399,-315
123000183,135,155,-20
123000184,51,773,-722
123000185,186,315,-129
123000186,9,639,-630
123000187,336,2,334
123000188,112,1,111
123000189,97,166,-69
123000190,32,60,-28
123000192,15,338,-323
123000193,42,539,-497
123000194,439,257,182
123000195,160,4,156
123000196,182,4,178
123000197,26,95,-69
123000198,12,175,-163
123000199,2,461,-459
123000200,196,3,193
123000201,380,7,373
123000202,28,1411,-1383
123000203,381,23,358
123000204,59,1270,-1211
123000205,274,2035,-1761
123000206,944,96,848
123000207,71,965,-894
123000208,156,77,79
123000209,874,226,648
123000210,312,1572,-1260
123000211,570,2877,-2307
123000212,1290,271,1019
123000213,216,42,174
123000215,98,47,51
123000216,143,268,-125
123000217,164,33,131
123000218,111,280,-169
123000219,881,16,865
123000220,420,50,370
123000221,102,177,-75
123000222,202,551,-349
123000223,86,634,-548
123000224,248,688,-440
123000225,181,81,100
123000226,149,342,-193
123000227,43,388,-345
123000228,148,69,79
123000229,1021,1670,-649
123000232,48,523,-475
123000233,431,104,327
123000234,111,572,-461
123000235,203,288,-85
123000236,82,826,-744
123000237,185,44,141
123000238,46,584,-538
123000239,344,1805,-1461
123000240,19,241,-222
123000241,1003,145,858
123000242,54,199,-145
123000243,282,870,-588
123000244,620,360,260
123000245,64,128,-64
123000249,383,574,-191
123000252,577,131,446
123000253,455,300,155
123000254,303,879,-576
123000255,588,605,-17
123000256,29,243,-214
123000257,3198,2065,1133
123000258,794,1199,-405
123000259,138,360,-222
123000260,279,610,-331
123000261,74,221,-147
123000262,96,291,-195
123000263,221,84,137
123000264,154,45,109
123000265,52,146,-94
123000266,423,531,-108
123000267,204,196,8
123000268,15,55,-40
123000269,34,43,-9
123000270,10,27,-17
123000271,26,80,-54
123000272,587,219,368
123000273,156,403,-247
123000274,791,278,513
123000275,294,1000,-706
123000278,2780,1959,821
123000279,32,64,-32
123000280,167,276,-109
123000281,146,73,73
123000282,64,227,-163
123000283,86,45,41
123000284,40,104,-64
123000286,227,181,46
123000287,598,192,406
123000288,710,460,250
123000289,326,537,-211
123000291,325,737,-412
123000294,157,244,-87
123000295,615,1202,-587
123000296,175,534,-359
123000297,174,839,-665
123000298,223,797,-574
123000299,28,266,-238
123000300,511,566,-55
123000301,53,167,-114
123000302,105,184,-79
123000303,38,140,-102
123000305,890,712,178
123000306,32,253,-221
123000309,61,55,6
123000310,78,14,64
123000311,0,150,-150
123000312,721,968,-247
123000313,135,199,-64
123000315,154,366,-212
123000316,1645,88,1557
123000317,212,50,162
123000318,78,312,-234
123000329,6,22,-16
123000337,128,206,-78
123000338,333,115,218
123000339,60,240,-180
123000340,152,424,-272
123000342,1,174,-173
123000343,52,0,52
123000344,888,381,507
123000345,320,524,-204
123000346,136,54,82
123000352,2110,664,1446
123000353,22,116,-94
123000354,104,4,100
123000355,2,374,-372
123000356,80,8,72
123000357,2,335,-333
123000359,4,286,-282
123000360,138,7,131
123000361,517,302,215
123000362,106,116,-10
123000363,58,211,-153
123000364,420,250,170
123000365,32,198,-166
123000366,197,1122,-925
123000367,167,867,-700
123000370,10,318,-308
123000371,84,18,66
123000372,106,6,100
123000373,4,450,-446
123000374,6,200,-194
123000375,114,18,96
123000376,461,522,-61
123000377,138,5,133
123000378,2,415,-413
123000379,1,190,-189
123000380,56,154,-98
123000381,114,57,57
123000382,1002,34,968
123000383,212,556,-344
123000384,423,89,334
123000385,424,609,-185
123000436,24,507,-483
123000507,128,283,-155
123000508,84,282,-198
123000517,315,21,294
123000518,43,247,-204
123000519,116,50,66
123000520,68,191,-123
123000521,222,118,104
123000522,181,501,-320
123000541,0,1,-1
123000542,0,24,-24
123000565,156,27,129
123000566,46,760,-714
123000567,109,215,-106
123000573,26,880,-854
123000574,286,49,237
123000575,1043,1072,-29
123000576,476,1620,-1144
123000577,98,448,-350
123000578,658,70,588
123000579,4362,1921,2441
123000580,70,19,51
123000582,204,20,184
123000583,15,462,-447
123000584,96,167,-71
123000585,1,105,-104
123000586,23,0,23
123000596,104,131,-27
123000597,35,49,-14
123000602,12,1,11
123000603,217,663,-446
123000604,252,1083,-831
123000605,501,69,432
123000606,0,176,-176
123000609,8,329,-321
123000610,51,92,-41
123000613,49,94,-45
123000614,143,48,95
123000615,50,268,-218
123000616,226,50,176
123000617,33,473,-440
123000618,41,676,-635
123000619,494,16,478
123000620,21,570,-549
123000622,231,16,215
123000624,108,105,3
123000630,459,375,84
123000631,130,1968,-1838
123000632,960,1091,-131
123000633,0,169,-169
123000634,65,40,25
123000635,231,96,135
123000636,14,559,-545
123000637,89,25,64
123000638,293,75,218
123000639,894,1674,-780
123000640,36,1060,-1024
123000648,114,54,60
123000649,35,621,-586
123900001,1441,56,1385
123900002,17,713,-696
123900003,277,528,-251
123900005,98,60,38
123900006,205,27,178
124000001,1268,101,1167
124000002,117,1536,-1419
124000003,346,117,229
124000004,67,639,-572
124000005,548,183,365
124000006,183,1468,-1285
124000007,486,71,415
124000008,14,462,-448
124000009,163,292,-129
124000010,73,518,-445
124000011,514,284,230
124000012,276,953,-677
124000017,19,68,-49
124000018,76,122,-46
124000019,44,55,-11
124000020,45,262,-217
124000021,72,29,43
124000022,111,259,-148
124000023,828,1018,-190
124000024,965,665,300
124000025,847,982,-135
124000026,1002,908,94
124000027,4898,2910,1988
124000028,3033,3216,-183
124000030,3444,1136,2308
124000031,506,708,-202
124000032,4297,859,3438
124000033,296,264,32
124000034,2204,860,1344
124000035,118,56,62
124000036,103,537,-434
124000037,433,329,104
124000038,37,112,-75
124000039,907,234,673
124000040,567,438,129
124000041,94,45,49
124000042,43,318,-275
124000043,103,79,24
124000044,54,245,-191
124000045,296,405,-109
124000046,167,729,-562
124000047,569,590,-21
124000048,386,1806,-1420
124000049,693,513,180
124000050,389,2395,-2006
124000051,330,414,-84
124000052,355,1495,-1140
124000053,395,595,-200
124000054,622,757,-135
124000055,947,913,34
124000056,3576,1217,2359
124000057,573,333,240
124000058,276,1402,-1126
124000059,329,465,-136
124000060,920,875,45
124000061,1150,2297,-1147
124000062,8272,1743,6529
124000063,1302,1557,-255
124000064,2562,1847,715
124000065,105,173,-68
124000066,292,55,237
124000067,29,214,-185
124000068,19,102,-83
124000069,249,228,21
124000070,115,558,-443
124000071,37,59,-22
124000072,137,518,-381
124000073,470,85,385
124000074,170,988,-818
124000075,64,25,39
124000076,9,276,-267
124000077,1366,717,649
124000078,2086,295,1791
124000079,563,767,-204
124000080,124,155,-31
124000081,110,820,-710
124000082,20,69,-49
124000083,24,159,-135
124000084,72,191,-119
124000085,114,36,78
124000086,45,75,-30
124000087,47,67,-20
124000088,137,234,-97
124000089,310,334,-24
124000090,65,466,-401
124000091,290,122,168
124000092,107,830,-723
124000093,104,65,39
124000094,169,318,-149
124000095,34,45,-11
124000096,79,273,-194
124000097,31,58,-27
124000098,29,110,-81
124000099,145,77,68
124000100,56,146,-90
124000101,21,106,-85
124000102,81,112,-31
124000103,41,54,-13
124000104,63,93,-30
124000105,31,42,-11
124000106,115,110,5
124000107,7,81,-74
124000108,66,42,24
124000109,80,50,30
124000110,102,79,23
124000111,143,143,0
124000112,390,616,-226
124000113,36,51,-15
124000114,143,633,-490
124000115,240,741,-501
124000116,52,56,-4
124000117,66,60,6
124000118,33,56,-23
124000119,872,488,384
124000120,354,473,-119
124000121,1538,439,1099
124000122,621,795,-174
124000123,653,286,367
124000124,474,821,-347
124000125,296,275,21
124000126,323,521,-198
124000127,433,237,196
124000128,554,879,-325
124000129,1399,944,455
124000130,783,543,240
124000131,697,415,282
124000132,775,628,147
124000133,448,702,-254
124000134,615,670,-55
124000135,1050,1103,-53
124000136,879,947,-68
124000137,1098,413,685
124000138,1728,827,901
124000139,371,21,350
124000140,22,287,-265
124000141,180,16,164
124000142,16,351,-335
124000143,20,12,8
124000144,9,114,-105
124000145,24,33,-9
124000146,6,131,-125
124000148,2,46,-44
124000149,522,205,317
124000150,280,455,-175
124000151,383,183,200
124000152,628,1008,-380
124000153,656,346,310
124000154,726,766,-40
124000155,971,577,394
124000156,1225,852,373
124000169,219,263,-44
124000170,617,352,265
124000171,183,195,-12
124000172,363,588,-225
124000173,138,205,-67
124000174,160,773,-613
124000175,3,145,-142
124000176,28,8,20
124000177,16,54,-38
124000178,10,16,-6
124000190,238,30,208
124000191,341,125,216
124000192,2084,266,1818
124000193,429,1063,-634
124000194,406,460,-54
124000195,183,400,-217
124000196,806,1173,-367
124000197,52,60,-8
124000198,10,43,-33
124000201,232,1098,-866
124000202,378,104,274
124000203,80,1054,-974
124000204,188,542,-354
124000205,36,522,-486
124000206,132,388,-256
124000207,0,45,-45
124000209,139,565,-426
124000210,97,212,-115
124000211,165,3,162
124000212,2,530,-528
124000213,106,323,-217
124000214,115,803,-688
124000215,69,9,60
124000216,1,575,-574
124000329,53,2507,-2454
124000338,16,1186,-1170
124000339,247,85,162
124000341,325,46,279
124000344,22,7,15
124000357,599,1239,-640
124000358,619,991,-372
124000359,684,426,258
124000360,357,313,44
124000361,1152,672,480
124000362,1420,1992,-572
124000363,234,440,-206
124000364,426,936,-510
124000365,612,1208,-596
124000366,1864,872,992
124000367,60,555,-495
124000368,141,132,9
124000369,96,82,14
124000370,73,698,-625
124000402,19,13,6
124000403,28,7,21
124000404,6,83,-77
124000405,771,499,272
124000406,843,726,117
124000407,2,31,-29
124000411,14,419,-405
124000412,120,24,96
124000413,306,49,257
124000414,23,106,-83
124000415,24,241,-217
124000416,84,315,-231
124000417,70,100,-30
124000418,51,131,-80
124000419,56,176,-120
124000420,24,62,-38
124000421,20,314,-294
124000422,27,2,25
124000423,105,40,65
124000424,0,175,-175
124000425,12,22,-10
124000426,3,259,-256
124000427,18,22,-4
124000428,7,21,-14
124000429,24,87,-63
124000430,322,669,-347
124000431,296,661,-365
124000432,75,710,-635
124000439,2,8,-6
124000443,0,3,-3
124000445,168,382,-214
124000446,2425,113,2312
124900001,296,218,78
124900002,74,492,-418
124900003,363,490,-127
124900004,220,351,-131
124900005,164,235,-71
124900006,220,375,-155
124900008,916,432,484
124900009,96,120,-24
124900010,76,26,50
124900011,160,112,48
124900012,292,59,233
124900013,195,82,113
124900014,119,57,62
124900015,97,162,-65
124900016,23,40,-17
124900017,430,218,212
124900018,6,8,-2
124900020,41,29,12
124900021,87,23,64
124900022,13,10,3
124900024,83,10,73
124900026,56,13,43
124900027,66,145,-79
124900028,666,100,566
124900029,9,299,-290
124900030,1,118,-117
124900031,38,400,-362
124900032,236,182,54
124900033,34,407,-373
124900034,3,124,-121
124900035,89,417,-328
124900036,0,45,-45
124900037,96,291,-195
124900038,252,515,-263
124900039,1,50,-49
124900040,18,78,-60
124900041,209,1475,-1266
124900042,19,0,19
124900043,286,1234,-948
124900044,54,0,54
124900045,478,685,-207
124900046,1017,148,869
124900047,98,163,-65
124900048,85,160,-75
124900050,109,266,-157
124900052,103,312,-209
124900053,27,353,-326
124900054,2959,343,2616
124900055,0,84,-84
124900057,5,100,-95
124900060,51,214,-163
124900061,17,3,14
124900062,23,16,7
124900066,0,20,-20
124900067,5,181,-176
124900068,164,199,-35
124900070,20,25,-5
124900072,28,21,7
124900075,72,228,-156
124900076,30,324,-294
124900077,12,94,-82
124900078,36,4,32
124900079,649,42,607
124900080,116,868,-752
124900081,479,215,264
124900082,236,1106,-870
124900083,144,511,-367
124900085,1461,214,1247
124900086,111,520,-409
124900087,538,41,497
124900088,703,84,619
124900089,1342,15,1327
124900090,109,176,-67
124900091,175,556,-381
124900092,143,489,-346
124900093,89,141,-52
124900094,114,217,-103
124900095,51,282,-231
124900096,513,84,429
124900097,143,37,106
124900098,97,386,-289
124900099,444,244,200
124900100,127,12,115
124900101,23,449,-426
124900102,85,9,76
124900103,81,219,-138
124900104,47,170,-123
124900105,36,136,-100
124900106,191,13,178
124900107,42,6,36
124900108,133,33,100
124900111,0,36,-36
124900112,49,811,-762
124900113,79,89,-10
124900114,249,52,197
124900115,31,33,-2
124900116,49,76,-27
124900117,602,124,478
124900118,83,76,7
124900119,165,50,115
124900120,15,377,-362
124900121,81,127,-46
124900122,502,192,310
124900123,485,73,412
124900124,159,193,-34
204000001,25,14,11
204000002,4,15,-11
204000003,52,1,51
204000004,6,0,6
204000005,311,272,39
204000006,644,727,-83
204000011,8,37,-29
204000012,25,120,-95
204000019,417,373,44
204000020,281,643,-362
204000021,1596,636,960
204000022,283,423,-140
204000023,259,1269,-1010
204000031,75,43,32
204000032,443,44,399
204000034,18,276,-258
204000035,0,4,-4
204000036,4,26,-22
204000037,1,6,-5
204000038,0,28,-28
204000039,4,63,-59
204000040,5,46,-41
204000041,9,44,-35
204000042,23,19,4
204000043,7,7,0
204000044,27,2,25
204000045,20,2,18
204000046,11,4,7
204000057,5,54,-49
204000062,7,116,-109
204000068,32,126,-94
204000069,16,125,-109
204000070,39,77,-38
204000080,11,52,-41
204000085,1032,1692,-660
204000086,2756,1931,825
204000087,23,16,7
204000088,7,78,-71
204000090,10,375,-365
204000093,167,63,104
204000096,430,472,-42
204000097,120,18,102
204000099,605,1080,-475
204000100,469,820,-351
204000105,1552,1286,266
204000110,516,1122,-606
204000111,288,688,-400
204000112,488,845,-357
204000113,366,787,-421
204000114,440,327,113
204000115,277,323,-46
204000116,401,478,-77
204000119,1346,1261,85
204000132,268,163,105
204000133,393,224,169
204000134,108,119,-11
204000135,173,101,72
204000136,142,179,-37
204000138,125,177,-52
204000140,113,76,37
204000141,65,41,24
204000144,2,19,-17
204000145,622,19,603
204000146,19,327,-308
204000147,28,100,-72
204000148,344,31,313
204000154,0,0,0
204000155,0,9,-9
204000177,96,74,22
204000179,8,6,2
204000180,0,56,-56
204000222,5,19,-14
204000235,6,17,-11
204000236,100,267,-167
204000238,22,31,-9
204000240,309,62,247
204000263,347,1190,-843
204000268,812,345,467
204000308,160,19,141
204000317,14,98,-84
204000322,6,21,-15
204000323,21,4,17
204000328,154,61,93
204000329,98,85,13
204000330,167,47,120
204000331,33,152,-119
205000001,1004,1123,-119
205000013,5,69,-64
205000014,11,132,-121
205000015,23,222,-199
205000016,15,173,-158
205000017,17,71,-54
205000022,280,455,-175
205000025,1139,861,278
205000029,127,5,122
205000045,53,177,-124
205000046,29,488,-459
205000047,34,457,-423
205000048,106,1021,-915
205000049,99,669,-570
205000050,1086,262,824
205000059,1,252,-251
205000060,1,50,-49
205000061,3,45,-42
205000062,0,38,-38
205000063,18,78,-60
205000064,15,128,-113
205000065,72,606,-534
205000066,54,695,-641
205000067,41,986,-945
205000069,165,16,149
205000082,101,157,-56
205000110,48,174,-126
205000111,124,295,-171
205000112,70,152,-82
205000113,226,207,19
205000121,135,31,104
205000123,33,165,-132
205000126,360,80,280
205000127,388,141,247
205000128,396,64,332
205000129,261,78,183
205000130,218,28,190
205000131,147,2,145
205000132,361,2,359
205000133,80,0,80
205000134,101,0,101
205000137,86,145,-59
205000138,227,285,-58
205000139,10,83,-73
205000144,42,32,10
205000145,269,90,179
205000151,81,17,64
205000152,69,9,60
205000153,109,21,88
205000154,32,46,-14
205000155,66,14,52
205000207,3,87,-84
205000233,6,2,4
205000234,1,0,1
205000243,0,0,0
205000244,0,2,-2
205000245,10,269,-259
205000249,0,30,-30
205000250,5,0,5
205000264,3,78,-75
206000027,4,3,1
206000028,1,1,0
206000043,11,105,-94
206000053,4,10,-6
206000054,8,19,-11
206000055,1,26,-25
206000075,2,5,-3
206000076,15,9,6
206000077,25,3,22
206000078,9,1,8
206000079,21,1,20
206000082,328,13,315
206000100,58,542,-484
206000103,7,14,-7
206000104,4,18,-14
206000105,3,21,-18
206000106,17,27,-10
206000108,468,16,452
206000125,38,0,38
206000157,87,706,-619
206000170,0,201,-201
206000171,4,226,-222
206000172,10,982,-972
206000173,4,345,-341
206000174,4,189,-185
206000175,5,264,-259
206000176,18,433,-415
206000177,2,233,-231
206000178,1,182,-181
206000179,5,97,-92
206000180,25,239,-214
206000181,11,408,-397
206000182,25,438,-413
206000183,12,1135,-1123
206000184,5,421,-416
206000185,2,362,-360
206000186,138,1682,-1544
206000223,3,291,-288
206000226,25,6,19
206000227,16,2,14
206000237,29,346,-317
206000238,35,685,-650
206000239,515,2179,-1664
206000240,1,41,-40
206000241,1,162,-161
206000242,5,564,-559
206000243,11,489,-478
206000244,42,1147,-1105
206000245,227,36,191
206000246,38,3,35
206000247,60,6,54
206000248,137,8,129
206000252,59,21,38
206000258,28,47,-19
206000315,25,3,22
206000317,228,71,157
206000318,95,39,56
206000319,449,57,392
206000320,43,23,20
206000321,68,6,62
206000322,117,9,108
206000323,59,2,57
206000324,55,14,41
206000325,71,7,64
206000326,66,7,59
206000327,97,3,94
206000328,34,8,26
206000329,48,9,39
206000330,25,7,18
206000331,74,7,67
206000332,8,5,3
206000333,163,3,160
206000334,109,0,109
206000335,1,18,-17
206000361,2,215,-213
206000392,7,42,-35
206000405,115,0,115
206000441,9,19,-10
206000498,24,0,24
206000515,86,14,72
206000530,60,39,21
206000531,119,33,86
206000532,2022,85,1937
206000535,317,1814,-1497
206000536,16,260,-244
206000537,5,136,-131
206000613,1091,128,963
207000001,129,312,-183
207000002,71,269,-198
207000003,109,248,-139
207000007,477,183,294
207000008,27,6,21
207000009,76,40,36
207000010,380,657,-277
207000012,161,168,-7
207000015,281,1820,-1539
207000019,123,63,60
207000021,455,142,313
207000022,76,81,-5
207000023,77,50,27
207000024,1,9,-8
207000025,15,51,-36
207000026,68,45,23
207000027,26,101,-75
207000028,30,270,-240
207000029,207,433,-226
207000033,155,142,13
207000034,196,47,149
207000039,207,97,110
207000040,90,84,6
207000041,17,38,-21
207000042,109,76,33
207000043,129,191,-62
207000051,65,325,-260
207000052,7,183,-176
207000053,386,680,-294
207000054,48,136,-88
207000055,65,193,-128
207000056,249,476,-227
207000057,139,275,-136
207000058,69,521,-452
207000059,42,1018,-976
207000060,25,314,-289
207000061,53,121,-68
207000062,90,44,46
207000063,96,182,-86
207000064,216,177,39
207000065,236,207,29
207000066,53,176,-123
207000067,43,125,-82
207000068,75,55,20
207000069,505,334,171
207000082,65,319,-254
207000083,71,456,-385
207000084,121,150,-29
207000085,117,10,107
207000086,100,6,94
207000106,13,33,-20
207000107,30,12,18
207000108,29,5,24
207000109,35,9,26
207000110,57,42,15
207000111,84,41,43
207000112,106,237,-131
207000114,16,12,4
207000115,8,83,-75
207000116,9,220,-211
207000117,5,98,-93
207000118,1,83,-82
207000119,26,124,-98
207000123,132,26,106
207000124,61,15,46
207000125,36,15,21
207000126,54,29,25
207000134,16,228,-212
207000135,25,311,-286
207000148,60,119,-59
207000149,66,34,32
207000152,155,398,-243
207000153,1242,843,399
207000154,297,107,190
207000159,44,297,-253
207000160,59,645,-586
207000238,0,78,-78
207000242,1,119,-118
207000248,20,18,2
207000249,102,60,42
207000250,621,70,551
207000251,49,63,-14
207000252,60,64,-4
207000278,50,58,-8
207000279,7,258,-251
207000280,142,53,89
207000281,56,1323,-1267
207000282,123,56,67
207000283,111,187,-76
207000284,70,98,-28
207000285,162,41,121
207000291,12,95,-83
207000304,68,42,26
207000306,63,394,-331
207000310,38,70,-32
207000353,157,4,153
207000356,1,14,-13
207000357,3,4,-1
207000358,27,9,18
207000415,4,154,-150
207000417,17,4,13
207000418,115,166,-51
207000438,0,1,-1
207000439,1138,227,911
207000446,135,7,128
207000460,6,5,1
207000466,189,179,10
207000467,78,74,4
207000468,21,567,-546
207000476,2,79,-77
207000477,205,104,101
207000478,2,7,-5
207000523,0,10,-10
207000524,18,1,17
207000527,62,159,-97
207000530,129,7,122
207000531,154,9,145
207000532,61,8,53
207000534,646,32,614
207000535,34,158,-124
207000537,24,87,-63
207000540,5,204,-199
207000541,0,319,-319
207000548,6,322,-316
207000549,113,14,99
207000561,61,74,-13
207000562,37,184,-147
207000567,139,261,-122
207000568,32,108,-76
207000569,73,1352,-1279
207000584,403,131,272
207000585,77,184,-107
207000587,13,12,1
207000616,0,221,-221
207000617,57,0,57
207000624,46,17,29
207000631,2,34,-32
207900008,54,265,-211
208000001,323,492,-169
208000002,311,400,-89
208000003,519,488,31
208000004,685,655,30
208000005,14,12,2
208000019,343,721,-378
208000020,112,369,-257
208000021,85,509,-424
208000022,401,713,-312
208000028,883,645,238
208000033,258,592,-334
208000034,789,1286,-497
208000037,444,77,367
208000040,69,121,-52
208000041,1210,380,830
208000042,550,441,109
208000047,72,303,-231
208000064,2354,1110,1244
208000066,1024,602,422
208000070,182,382,-200
208000071,233,718,-485
208000072,265,1086,-821
208000080,77,288,-211
208000081,122,177,-55
208000082,177,330,-153
208000083,76,398,-322
208000084,10,19,-9
208000085,670,535,135
208000086,344,739,-395
208000087,231,672,-441
208000089,512,660,-148
208000090,384,965,-581
208000093,117,98,19
208000094,230,457,-227
208000095,509,316,193
208000104,655,857,-202
208000105,357,964,-607
208000114,20,153,-133
208000115,372,303,69
208000116,155,793,-638
208000117,92,96,-4
208000118,40,68,-28
208000155,414,894,-480
208000158,1450,1895,-445
208000186,2653,1530,1123
208000204,304,746,-442
208000205,739,1205,-466
208000282,2862,1020,1842
209000004,91,159,-68
209000005,13,18,-5
209000006,360,92,268
209000007,168,120,48
209000010,405,139,266
209000011,125,210,-85
209000012,143,186,-43
209000013,122,618,-496
209000014,618,1667,-1049
209000025,142,38,104
209000026,349,59,290
209000027,207,951,-744
209000028,327,941,-614
209000029,508,866,-358
209000030,426,1653,-1227
209000031,3954,2575,1379
209000034,135,179,-44
209000035,83,121,-38
209000036,83,94,-11
209000037,112,172,-60
209000038,61,141,-80
209000039,73,148,-75
209000040,256,463,-207
209000041,159,367,-208
209000042,165,351,-186
209000043,687,571,116
209000044,165,522,-357
209000045,814,353,461
209000046,187,346,-159
209000047,238,167,71
209000048,286,247,39
209000049,96,180,-84
209000050,161,237,-76
209000051,202,377,-175
209000052,100,412,-312
209000062,28,229,-201
209000063,26,164,-138
209000064,8,154,-146
209000065,12,27,-15
209000066,22,22,0
209000067,44,45,-1
209000080,24,112,-88
209000082,47,38,9
209000091,57,75,-18
209000093,78,41,37
209000094,186,121,65
209000110,27,48,-21
209000111,422,864,-442
209000112,341,435,-94
209000113,875,394,481
209000114,193,235,-42
209000115,82,185,-103
209000116,835,552,283
209000118,23,55,-32
209000119,25,11,14
209000121,152,714,-562
209000135,42,62,-20
209000142,641,634,7
209000143,94,71,23
209000144,37,44,-7
209000229,96,141,-45
209000240,31,399,-368
209000259,177,97,80
209000260,45,982,-937
209000261,5,627,-622
209000262,2,512,-510
209000263,1,68,-67
209000264,1,30,-29
209000265,466,3,463
209000266,46,16,30
209000267,251,16,235
209000268,592,52,540
210000037,37,19,18
210000047,35,28,7
210000048,34,30,4
210000049,38,19,19
210000052,21,134,-113
210000053,14,86,-72
210000054,34,93,-59
210000070,57,0,57
210000071,11,0,11
210000072,5,0,5
210000073,0,21,-21
210000074,0,103,-103
210000075,0,40,-40
210000076,5,103,-98
210000077,46,38,8
210000078,59,43,16
210000079,29,9,20
210000080,100,47,53
210000081,86,4,82
210000082,61,1,60
210000083,57,0,57
210000084,13,1,12
210000085,0,58,-58
210000086,2,102,-100
210000099,18,251,-233
210000100,12,251,-239
210000101,38,257,-219
210000105,46,219,-173
210000159,0,96,-96
210000163,168,227,-59
210000164,303,85,218
210000168,153,25,128
210000187,0,11,-11
210000188,0,18,-18
210000214,29,0,29
210000219,17,48,-31
210000220,42,76,-34
210000232,4,21,-17
210000233,20,47,-27
210000234,28,137,-109
210000235,28,140,-112
210000245,1,28,-27
210000246,12,2,10
210000258,11,94,-83
210000259,126,7,119
210000282,32,186,-154
210000285,0,79,-79
210000286,13,176,-163
210000290,0,3,-3
210000295,46,163,-117
210000296,40,52,-12
210000320,101,158,-57
210000321,29,70,-41
210000338,60,67,-7
210000339,532,713,-181
210000340,86,241,-155
210000341,155,215,-60
210000342,137,180,-43
210000343,102,207,-105
210000344,236,115,121
210000345,201,144,57
210000346,49,86,-37
210000347,241,21,220
210000348,102,16,86
210000349,92,24,68
210000350,68,62,6
210000351,62,128,-66
210000352,31,62,-31
210000353,20,85,-65
210000354,32,92,-60
210000355,48,82,-34
210000356,83,88,-5
210000357,42,49,-7
210000358,336,112,224
210000359,82,74,8
210000360,149,96,53
210000361,92,146,-54
210000362,140,149,-9
210000363,797,102,695
210000364,74,72,2
210000365,49,27,22
210000366,92,28,64
210000367,39,27,12
210000368,112,12,100
210000369,11,34,-23
210000370,41,60,-19
210000372,30,27,3
210000373,76,4,72
210000374,29,28,1
210000375,22,56,-34
210000376,41,121,-80
210000404,108,145,-37
210000439,11,56,-45
210000472,89,3,86
210000482,58,39,19
210000564,506,133,373
210000567,2,14,-12
210000568,475,2,473
211000092,17,48,-31
211000094,91,16,75
211000169,151,8,143
211000172,14,169,-155
211000209,0,8,-8
211000226,11,21,-10
211000270,12,14,-2
211000275,19,16,3
211000276,57,30,27
211000279,12,69,-57
211000281,36,91,-55
211507980,1,16,-15
211977296,2,11,-9
212000003,102,50,52
212000004,79,28,51
212000005,20,23,-3
212000006,16,84,-68
212000008,105,215,-110
212000009,16,141,-125
212000012,28,67,-39
212000013,9,44,-35
212000014,176,142,34
212000015,149,219,-70
212000016,334,463,-129
212000027,332,406,-74
212000028,164,341,-177
212000029,102,236,-134
212000030,24,36,-12
212000031,29,56,-27
212000048,20,76,-56
212000049,8,61,-53
212000050,15,7,8
212000051,138,244,-106
212000052,76,416,-340
212000053,247,530,-283
212000054,110,159,-49
212000055,107,222,-115
212000056,8,34,-26
212000057,2,24,-22
212000058,326,43,283
212000070,62,301,-239
212000077,69,650,-581
212000099,132,213,-81
212000108,159,156,3
212000111,88,135,-47
212000120,155,118,37
212000138,70,11,59
212000156,1,109,-108
212000158,6,22,-16
212000159,135,31,104
212000160,254,193,61
212000161,24,5,19
212000310,27,15,12
212000311,1,63,-62
212000374,15,12,3
213000001,29,614,-585
213000005,242,73,169
213000006,918,118,800
213000007,34,2,32
213000009,469,159,310
213000010,130,148,-18
213000011,218,97,121
213000012,93,395,-302
213000014,28,5,23
213000015,156,2,154
213000016,145,2,143
213000017,17,0,17
213000018,0,225,-225
213000019,3,190,-187
213000020,60,299,-239
213000021,6,105,-99
213000023,172,180,-8
213000033,175,617,-442
213000034,354,253,101
213000035,97,102,-5
213000045,75,254,-179
213000046,82,176,-94
213000047,416,575,-159
213000056,29,35,-6
213000069,29,1,28
213000073,0,17,-17
213000074,193,522,-329
213000075,352,15,337
213000076,11,0,11
213000085,0,26,-26
213000086,6,295,-289
213000091,40,9,31
213000092,42,13,29
213000099,117,760,-643
213000100,1255,150,1105
213000101,127,157,-30
213000102,174,434,-260
213000103,666,658,8
213000104,36,442,-406
213000105,1,71,-70
213000106,7,174,-167
213000107,99,710,-611
213000108,11,551,-540
213000109,1,302,-301
213000110,2,76,-74
213000111,15,50,-35
213000112,194,144,50
213000115,24,11,13
213000116,99,752,-653
213000117,6,838,-832
213000118,192,267,-75
213000119,31,843,-812
213000120,72,841,-769
213000122,260,981,-721
213000123,719,1925,-1206
213000124,59,1703,-1644
213000125,103,18,85
213000126,111,73,38
213000127,184,129,55
213000128,841,478,363
213000129,482,251,231
213000130,222,145,77
213000132,98,77,21
213000133,193,103,90
213000134,424,62,362
213000136,197,20,177
213000137,333,85,248
213000139,529,13,516
213000147,22,0,22
213000148,18,6,12
213000149,36,6,30
213000150,0,51,-51
213000151,1,57,-56
213000152,1,68,-67
213000153,0,32,-32
213000154,15,222,-207
213000155,23,395,-372
213000156,41,644,-603
213000157,754,629,125
213000158,240,665,-425
213000159,245,591,-346
213000163,281,81,200
213000165,596,132,464
213000171,2,147,-145
213000172,2,328,-326
213000173,0,329,-329
213000174,2,208,-206
213000175,4,152,-148
213000176,13,25,-12
213000177,9,0,9
213000178,30,0,30
213000179,92,1,91
213000180,27,1,26
213000184,53,403,-350
213000188,358,89,269
213000189,149,21,128
213000190,652,707,-55
213000191,135,569,-434
213000192,80,714,-634
213000193,1352,196,1156
213000194,8,20,-12
213000195,10,460,-450
213000196,144,779,-635
213000197,186,241,-55
213000198,9,1,8
213000200,100,994,-894
213000201,168,52,116
213000202,7,721,-714
213000203,2628,326,2302
213000204,394,16,378
213000205,113,50,63
213000206,171,56,115
213000207,32,5,27
213000208,117,3,114
213000209,68,1,67
213000210,125,1,124
213000211,2,6,-4
213000212,6,22,-16
213000213,9,20,-11
213000218,87,923,-836
213000219,310,9,301
213000220,317,11,306
213000223,216,94,122
213000224,64,41,23
213000225,19,1,18
213000226,6,3,3
213000227,383,207,176
213000228,95,50,45
213000229,688,9,679
213000230,222,11,211
213000232,61,334,-273
213000233,1,16,-15
213000234,5,22,-17
213000293,17,46,-29
213000294,54,14,40
213000295,7,65,-58
213000296,69,27,42
213000297,17,79,-62
213000298,21,70,-49
213000299,57,33,24
213000300,24,2,22
213000303,2,14,-12
213000304,0,3,-3
213000305,1,9,-8
213000306,71,22,49
213000307,219,94,125
213000308,84,225,-141
213000309,74,42,32
213000310,152,132,20
213000311,271,461,-190
213000315,69,97,-28
213000316,33,38,-5
213000322,49,138,-89
213000323,23,53,-30
213000324,16,54,-38
213000325,10,89,-79
213000326,16,26,-10
213000327,5,57,-52
213000328,10,89,-79
213000329,15,41,-26
213000340,109,1036,-927
213000341,153,83,70
213000346,115,110,5
213000347,870,148,722
213000348,59,171,-112
213000349,151,16,135
213000350,183,1352,-1169
213000366,27,251,-224
213000367,110,27,83
213000379,213,234,-21
213000386,5,198,-193
213000406,82,330,-248
213000417,609,338,271
213000425,45,71,-26
213000426,58,71,-13
213000427,21,352,-331
213000428,21,255,-234
213000429,41,1,40
213000430,61,1107,-1046
213000431,117,0,117
213000432,0,13,-13
213000433,2,130,-128
213000434,27,67,-40
213000435,35,83,-48
213000436,12,57,-45
213000437,1,31,-30
213000438,71,83,-12
213000439,13,13,0
213000440,2,208,-206
213000441,0,0,0
213000442,0,41,-41
213000443,417,256,161
213000444,18,49,-31
213000445,0,94,-94
213000446,0,9,-9
213000447,5,79,-74
213000448,5,48,-43
213000449,91,6,85
213000450,8,39,-31
213000451,72,73,-1
213000452,26,8,18
213000453,20,286,-266
213000455,682,5,677
213000456,2,436,-434
213000481,12,6,6
213000482,101,2,99
213000489,497,30,467
213000491,0,69,-69
213000492,105,0,105
213000493,0,30,-30
213000494,53,118,-65
213000495,2,151,-149
213000496,173,210,-37
213000497,20,358,-338
213000498,42,273,-231
213000499,78,714,-636
213000500,180,87,93
213000501,31,22,9
213000502,104,43,61
213000503,2,73,-71
213000504,3,249,-246
213000505,6,11,-5
213000506,0,5,-5
213000507,2,134,-132
213900244,7,0,7
213900245,0,42,-42
218000003,39,8,31
218000004,14,7,7
218000005,20,41,-21
218000006,54,12,42
218000007,2,1,1
218000012,200,99,101
218000013,53,101,-48
218000014,425,265,160
218000019,875,413,462
218000020,205,308,-103
218000021,21,74,-53
218000022,6,49,-43
218000023,2,30,-28
218000024,1,14,-13
218000025,14,29,-15
218000026,2,57,-55
218000027,0,19,-19
218000028,1,5,-4
218000029,0,4,-4
218000030,8,23,-15
218000031,0,28,-28
218000032,1,26,-25
218000040,2,2,0
218000046,23,168,-145
218000047,14,161,-147
218000048,60,201,-141
218000049,74,141,-67
218000050,301,260,41
218000051,62,305,-243
218000052,7,97,-90
218000053,14,11,3
218000054,23,21,2
218000055,2,5,-3
218000056,10,34,-24
218000057,1,29,-28
218000064,0,7,-7
218000065,33,61,-28
218000066,14,71,-57
218000067,25,103,-78
218000068,56,86,-30
218000069,100,193,-93
218000070,33,211,-178
218000071,97,249,-152
218000072,290,219,71
218000078,407,1107,-700
218000079,20,57,-37
218000080,30,90,-60
218000081,173,246,-73
218000082,12,118,-106
218000083,13,63,-50
218000084,52,165,-113
218000085,70,425,-355
218000086,26,172,-146
218000087,147,228,-81
218000090,1,56,-55
218000091,687,398,289
218000092,28,137,-109
218000093,53,98,-45
218000094,474,772,-298
218000099,238,333,-95
218000100,187,229,-42
218000101,57,133,-76
218000102,144,256,-112
218000103,30,138,-108
218000104,25,60,-35
218000105,17,8,9
218000106,19,10,9
218000107,37,114,-77
218000108,9,57,-48
218000112,46,5,41
218000117,42,43,-1
218000134,419,696,-277
218000135,14,75,-61
218000136,167,34,133
218000137,95,118,-23
218000138,22,82,-60
218000139,81,359,-278
218000140,161,179,-18
218000141,11,56,-45
218000142,60,145,-85
218000143,26,119,-93
218000144,25,34,-9
218000145,132,330,-198
218000146,34,141,-107
218000151,5,15,-10
218000152,45,39,6
218000153,2,6,-4
218000154,5,1,4
218000155,1,1,0
218000156,25,14,11
218000157,8,20,-12
218000158,0,11,-11
218000159,1,2,-1
218000160,1,4,-3
218000161,9,5,4
218000162,12,17,-5
218000163,4,1,3
218000164,10,12,-2
218000165,21,22,-1
218000170,2,25,-23
218000171,15,4,11
218000172,7,8,-1
218000173,32,8,24
218000174,9,3,6
218000176,62,15,47
218000177,177,62,115
218000178,35,64,-29
218000179,20,25,-5
218000180,20,11,9
218000181,61,19,42
218000187,2,12,-10
218000188,15,32,-17
218000189,11,79,-68
218000190,6,22,-16
218000191,59,88,-29
218000192,117,443,-326
218000193,257,473,-216
218000194,42,467,-425
218000195,79,73,6
218000196,166,204,-38
218000197,99,313,-214
218000198,6,144,-138
218000199,15,24,-9
218000200,55,33,22
218000201,6,9,-3
218000202,90,118,-28
218000207,8,33,-25
218000208,9,52,-43
218000211,39,2,37
218000212,1,4,-3
218000213,73,39,34
218000214,2,11,-9
218000215,42,104,-62
218000217,2,94,-92
218000218,118,60,58
218000219,16,8,8
218000220,83,282,-199
218000221,470,104,366
218000222,41,17,24
218000223,18,41,-23
218000224,0,51,-51
218000225,123,17,106
218000226,37,41,-4
218000230,0,3,-3
218000232,42,61,-19
218000239,46,1,45
218000240,0,0,0
218000241,0,0,0
218000242,15,1,14
218000243,52,1,51
218000244,10,0,10
218000245,1,0,1
218000246,0,2,-2
218000247,0,0,0
218000248,0,37,-37
218000249,0,2,-2
218000250,3,4,-1
218000251,1,3,-2
218000252,0,12,-12
218000253,4,5,-1
218000254,0,8,-8
218000255,0,3,-3
218000256,0,24,-24
218000267,734,956,-222
218000268,12,40,-28
218000269,3,6,-3
218000270,38,85,-47
218000271,39,59,-20
218000273,5,5,0
218000274,15,1,14
218000275,8,23,-15
218000276,3,25,-22
218000278,12,32,-20
218000279,15,80,-65
218000280,23,28,-5
218000281,35,10,25
218000282,331,145,186
218000284,63,5,58
218000301,26,79,-53
218000302,41,52,-11
218000303,16,40,-24
218000316,448,1017,-569
218000317,502,1081,-579
218000318,206,831,-625
218000319,485,1481,-996
218000320,369,713,-344
218000338,55,25,30
218000345,119,56,63
218000346,59,154,-95
218000459,55,266,-211
218000490,24,57,-33
218000501,23,15,8
218000502,27,96,-69
218000503,29,28,1
218000504,90,8,82
218000505,42,187,-145
218000506,37,199,-162
218000508,23,3,20
218000510,160,12,148
218000520,88,60,28
218000521,3,73,-70
218000522,0,134,-134
218000523,69,1,68
218000524,55,94,-39
218000525,112,4,108
218000526,109,66,43
218000529,36,262,-226
218000530,1,2,-1
218000531,1,19,-18
218000532,8,20,-12
218000534,30,14,16
218000537,14,54,-40
218000538,62,117,-55
218000540,198,47,151
218000543,57,32,25
218000544,30,108,-78
218000545,20,54,-34
218000546,37,101,-64
218000547,33,72,-39
218000548,54,208,-154
218000549,234,99,135
218000550,242,493,-251
218000551,194,188,6
218000552,553,27,526
218000553,65,82,-17
218000554,11,12,-1
218000555,6,46,-40
218000556,59,326,-267
218000557,111,127,-16
218000558,80,0,80
218000559,0,18,-18
218000560,0,16,-16
218000561,18,0,18
218000562,19,145,-126
218000563,125,20,105
218000564,2,87,-85
218000565,306,18,288
218000566,899,26,873
218000567,1,37,-36
218000568,6,1,5
218000569,2,72,-70
218000570,190,6,184
218000571,0,69,-69
218000572,26,2,24
218000573,5,49,-44
218000574,140,62,78
218000575,51,1,50
218000576,2,65,-63
218000577,12,1,11
218000578,0,82,-82
218000579,12,1,11
218000581,7,92,-85
218000582,10,5,5
218000583,2,0,2
218000584,0,17,-17
218000585,4,0,4
218000586,3,38,-35
218000587,1,0,1
218000588,0,3,-3
218000589,0,2,-2
218000590,0,1,-1
218000591,2,1,1
218000592,1,0,1
218000593,1,0,1
218000594,0,0,0
218000597,0,0,0
218000598,0,0,0
218000599,2,0,2
218000600,0,0,0
218000601,0,0,0
218000602,0,5,-5
218000603,0,2,-2
218000604,10,1,9
218000605,0,13,-13
218000606,26,0,26
218000607,8,20,-12
218000608,40,9,31
218000609,0,34,-34
218000610,24,5,19
218000611,2,0,2
218000612,2,23,-21
218000613,13,3,10
218000614,0,44,-44
218000615,39,0,39
218000616,5,120,-115
218000617,3,1,2
218000618,0,20,-20
218000619,6,15,-9
218000620,3,8,-5
218000621,0,2,-2
218000622,0,2,-2
218000623,4,0,4
218000624,0,9,-9
218000625,0,2,-2
218000626,1,8,-7
218000628,85,39,46
218000631,10,13,-3
218000632,0,40,-40
218000633,34,1,33
218000634,13,13,0
218000635,26,8,18
218000636,458,1427,-969
218000637,506,551,-45
218000638,50,49,1
218000639,25,231,-206
218000640,45,24,21
218000641,32,384,-352
218000652,106,94,12
218000653,95,55,40
218000663,2,94,-92
218000675,69,56,13
218000676,2,34,-32
218000677,0,4,-4
218000680,192,473,-281
218000681,316,104,212
218000691,78,422,-344
218000693,67,108,-41
218000703,4,51,-47
218000718,790,226,564
218000719,1007,43,964
218000720,5,34,-29
218000721,22,7,15
218000725,1,3,-2
218001147,3,202,-199
218001214,12,7,5
218001258,17,2,15
218001329,134,81,53
218001330,221,104,117
218001351,29,8,21
218001352,7,14,-7
218001353,10,5,5
218001354,0,19,-19
218001355,4,485,-481
218001356,120,2,118
218001357,33,280,-247
218001358,79,7,72
218001361,46,10,36
218001362,1,330,-329
219000001,15,38,-23
219000002,17,56,-39
219000003,36,22,14
219000004,27,38,-11
219000017,55,15,40
219000020,35,10,25
219000022,60,4,56
219000023,56,2,54
219000029,1,51,-50
219000034,9,6,3
219000039,23,42,-19
219000040,44,32,12
219000041,39,20,19
219000051,0,34,-34
219000052,0,17,-17
219000053,0,216,-216
219000054,12,103,-91
219000055,26,1,25
219000056,5,3,2
219000057,33,1,32
219000062,5,197,-192
219000063,36,14,22
219000064,0,45,-45
219000110,200,15,185
219000111,70,11,59
219000112,138,23,115
219000113,56,23,33
219000114,211,30,181
219000116,37,22,15
219000117,126,67,59
219000118,39,49,-10
219000123,177,72,105
219000124,46,33,13
219000125,5,23,-18
219000126,35,84,-49
219000127,0,2,-2
219000128,9,75,-66
219000129,22,81,-59
219000130,905,575,330
219000131,736,634,102
219000133,62,17,45
219000134,7,10,-3
219000135,16,42,-26
219000136,75,132,-57
219000138,57,33,24
219000139,11,37,-26
219000140,14,1,13
219000141,8,132,-124
219000142,5,82,-77
219000143,12,115,-103
219000145,16,28,-12
219000146,10,64,-54
219000147,1,79,-78
219000148,2,71,-69
219000149,20,189,-169
219000150,1,113,-112
219000151,4,88,-84
219000157,107,128,-21
219000158,70,185,-115
219000161,62,11,51
219000163,1199,362,837
219000166,57,137,-80
219000167,80,210,-130
219000168,228,39,189
219000174,170,83,87
219000175,17,2,15
219000176,58,3,55
219000177,8,0,8
219000178,18,0,18
219000179,5,3,2
219000180,17,22,-5
219000182,39,13,26
219000183,21,42,-21
219000184,29,2,27
219000185,1,85,-84
219000186,10,35,-25
219000187,14,165,-151
219000189,105,100,5
219000190,118,168,-50
219000191,1390,572,818
219000192,113,56,57
219000193,420,103,317
219000195,1,47,-46
219000196,4,82,-78
219000198,18,150,-132
219000199,56,134,-78
219000200,20,171,-151
219000201,88,204,-116
219000203,21,73,-52
219000204,89,161,-72
219000205,35,179,-144
219000207,116,188,-72
219000209,14,94,-80
219000210,28,103,-75
219000213,8,237,-229
219000239,146,236,-90
219000240,169,244,-75
219000241,105,226,-121
219000242,67,183,-116
219000243,69,256,-187
219000244,4,87,-83
219000245,10,35,-25
219000246,23,10,13
219000247,34,34,0
219000248,311,191,120
219000249,123,39,84
219000250,89,64,25
219000251,395,94,301
219000252,140,93,47
219000253,145,44,101
219000255,73,75,-2
219000256,64,31,33
219000257,51,0,51
219000262,55,241,-186
219000263,15,249,-234
219000267,2,99,-97
219000268,4,3,1
219000269,0,0,0
219000270,4,0,4
219000271,35,6,29
219000278,0,13,-13
219000279,0,2,-2
219000283,0,14,-14
219000295,7,98,-91
219000296,52,558,-506
219000297,8,164,-156
219000298,11,224,-213
219000299,350,44,306
219000300,28,312,-284
219000301,165,281,-116
219000302,23,159,-136
219000307,42,55,-13
219000308,23,21,2
219000311,62,43,19
219000312,212,32,180
219000313,141,22,119
219000314,96,472,-376
219000315,55,27,28
219000316,168,27,141
219000317,34,13,21
219000320,2,59,-57
219000321,0,15,-15
219000323,3,94,-91
219000325,1,40,-39
219000326,68,93,-25
219000327,29,28,1
219000328,23,28,-5
219000329,243,88,155
219000330,23,27,-4
219000331,25,37,-12
219000332,68,46,22
219000333,3,0,3
219000335,68,5,63
219000337,6,0,6
219000338,60,0,60
219000344,28,50,-22
219000345,82,125,-43
219000346,8,145,-137
219000348,39,142,-103
219000349,34,227,-193
219000350,18,88,-70
219000351,0,3,-3
219000352,130,52,78
219000353,56,31,25
219000354,70,109,-39
219000355,72,24,48
219000356,1401,294,1107
219000363,167,16,151
219000364,59,5,54
219000365,55,6,49
219000366,222,94,128
219000368,392,286,106
219000370,918,195,723
219000371,8,13,-5
219000382,2,15,-13
219000383,737,477,260
219000385,537,325,212
219000386,794,919,-125
219000387,2,1,1
219000390,5,0,5
219000391,2,0,2
219000397,73,84,-11
219000398,58,29,29
219000401,6,89,-83
219000402,21,77,-56
219000403,51,157,-106
219000404,7,82,-75
219000407,0,23,-23
219000409,29,33,-4
219000410,34,24,10
219000411,29,18,11
219000446,229,283,-54
219000447,2,19,-17
219000448,2,2,0
219000452,80,63,17
219000453,53,64,-11
219000454,238,152,86
219000556,82,68,14
219000558,96,291,-195
219000590,8,189,-181
219000591,16,40,-24
219000592,92,346,-254
219000595,3,21,-18
219000635,44,24,20
219000636,14,80,-66
219000657,25,14,11
219000658,16,39,-23
219000673,0,6,-6
219000676,7,1,6
219000679,8,7,1
219000684,27,4,23
219000685,0,91,-91
219000686,2,0,2
219000688,1,84,-83
219000689,74,226,-152
219000690,205,18,187
219000691,55,93,-38
219000692,147,18,129
219000693,0,20,-20
219000694,8,0,8
219000695,4,0,4
219000698,6,0,6
219000699,0,9,-9
219000727,3,147,-144
219000728,30,1,29
219000770,16,1,15
219000771,0,31,-31
219000788,295,164,131
219001150,0,7,-7
219001151,0,2,-2
219001166,23,4,19
219001167,1,56,-55
219001178,7,0,7
220000001,13,44,-31
220000002,4,149,-145
220000003,235,253,-18
220000004,562,490,72
220000005,1444,1269,175
220000006,89,616,-527
220000007,172,682,-510
220000008,201,1077,-876
220000009,161,510,-349
220000010,104,107,-3
220000011,619,1745,-1126
220000012,201,253,-52
220000014,55,40,15
220000015,27,167,-140
220000017,23,312,-289
220000018,4568,965,3603
220000019,45,199,-154
220000020,219,177,42
220000021,308,152,156
220000022,272,440,-168
220000023,142,146,-4
220000024,1409,217,1192
220000025,876,343,533
220000026,136,108,28
220000027,3,71,-68
220000028,29,29,0
220000029,63,142,-79
220000030,93,82,11
220000031,127,235,-108
220000064,9,874,-865
221000046,4,0,4
221000047,0,2,-2
221000048,0,4,-4
221000049,0,9,-9
221000050,12,0,12
221000055,27,52,-25
221000057,36,9,27
221000068,255,77,178
221000069,156,56,100
221000070,108,34,74
221000071,52,11,41
221000072,77,10,67
221000073,101,87,14
221000074,5,18,-13
221000075,72,11,61
221000076,7,28,-21
221000077,29,60,-31
221000081,6,4,2
221000082,25,1,24
221000083,75,5,70
221000084,3,3,0
221000085,16,49,-33
221000086,14,89,-75
221000087,7,161,-154
221000088,20,122,-102
221000089,28,197,-169
221000090,136,372,-236
221000098,95,15,80
221000099,66,7,59
221000100,43,5,38
221000101,208,8,200
221000102,82,8,74
221000109,7,80,-73
221000110,10,138,-128
221000111,10,152,-142
221000112,8,145,-137
221000113,19,159,-140
221000114,15,164,-149
221000120,7,21,-14
221000121,0,16,-16
221000122,6,24,-18
221000123,7,23,-16
221000124,10,226,-216
221000155,69,11,58
221000156,25,28,-3
221000175,1,1,0
221000176,0,1,-1
221000182,12,3,9
221000241,431,143,288
221000242,202,285,-83
221000243,334,49,285
221000244,224,327,-103
221000245,33,87,-54
221000246,22,238,-216
221000247,29,109,-80
221000248,31,164,-133
221000267,33,570,-537
221000325,43,19,24
221000331,2,51,-49
221000338,14,20,-6
221000378,77,36,41
221000381,59,99,-40
222000282,1,0,1
222000296,0,11,-11
222000568,203,7,196
222000569,71,16,55
222000570,82,2,80
222000571,67,12,55
222000577,7,179,-172
222000578,12,226,-214
222000579,26,103,-77
222000580,102,734,-632
222000599,0,121,-121
222000600,6,320,-314
222000601,11,761,-750
222000603,22,10,12
222000604,34,25,9
222000605,3,14,-11
222000606,0,10,-10
222000607,0,6,-6
222000608,6,13,-7
222000609,25,337,-312
222000616,59,26,33
222000617,3,9,-6
222000618,1,1,0
222000620,44,7,37
222000621,46,4,42
222000623,363,3,360
222000624,171,3,168
222000625,211,12,199
222000636,11,1,10
222000686,19,5,14
222000687,12,32,-20
222001066,158,2,156
222001067,3,5,-2
222001068,14,41,-27
222001069,9,39,-30
222001082,8,40,-32
222001083,1,61,-60
222001084,0,36,-36
222001085,0,92,-92
222001111,16,216,-200
222001112,16,15,1
222001313,3,4,-1
222001314,1,103,-102
222001464,52,42,10
222001465,33,171,-138
222001484,41,48,-7
222001485,17,53,-36
222001494,118,96,22
222001495,100,390,-290
222001496,66,57,9
222001497,69,513,-444
222001502,19,121,-102
222001503,25,40,-15
222001504,11,272,-261
222001505,131,5,126
222001506,43,243,-200
222001507,185,14,171
222001510,160,28,132
222001511,29,358,-329
222001514,457,99,358
222001515,217,577,-360
222001518,68,33,35
222001519,52,347,-295
222001527,152,53,99
222001528,91,195,-104
222001529,88,19,69
222001530,38,226,-188
222001533,107,400,-293
222001534,74,40,34
222001535,45,99,-54
222001536,53,364,-311
222001537,269,26,243
222001538,39,415,-376
222001563,137,72,65
222001564,34,734,-700
222001568,184,86,98
222001576,0,1,-1
222001579,3,4,-1
222001583,28,184,-156
222001584,25,20,5
222001596,350,1225,-875
222001597,795,160,635
222001626,0,195,-195
222001650,98,55,43
222001651,118,132,-14
222001914,197,53,144
222001915,47,194,-147
222001968,478,155,323
222001969,457,793,-336
222001970,102,123,-21
222001971,8,23,-15
222001972,1,24,-23
225000001,201,82,119
225000002,159,41,118
225000003,161,49,112
225000004,169,185,-16
225000005,2,40,-38
225000006,0,117,-117
225000007,2710,874,1836
225000010,145,5,140
225000011,393,451,-58
225000012,51,290,-239
225000013,75,189,-114
225000014,350,71,279
225000015,51,218,-167
225000021,467,116,351
225000027,198,477,-279
225000032,517,138,379
225000042,44,579,-535
225000049,17,51,-34
225000050,35,9,26
225000053,3,154,-151
225000058,373,111,262
225000067,156,182,-26
225000068,74,433,-359
225000069,144,447,-303
225000070,39,500,-461
225000071,16,294,-278
225000075,21,636,-615
225000076,58,120,-62
225000078,45,12,33
225000085,26,40,-14
225000086,58,28,30
225000087,136,16,120
225000088,13,161,-148
225000089,298,514,-216
225000090,28,268,-240
225000091,51,211,-160
225000092,2,64,-62
225000093,141,430,-289
225000094,8,450,-442
225000095,281,513,-232
225000096,126,310,-184
225000098,234,84,150
225000099,133,62,71
225000100,65,87,-22
225000104,35,367,-332
225000110,10,363,-353
225000111,151,1067,-916
225000112,193,888,-695
225000113,98,591,-493
225000114,33,242,-209
225000115,2555,487,2068
225000116,897,64,833
225000117,728,197,531
225000118,525,168,357
225000119,51,42,9
225000120,443,19,424
225000121,147,9,138
225000123,594,4,590
225000125,161,285,-124
225000126,859,192,667
225000127,803,373,430
225000128,266,275,-9
225000132,163,26,137
225000133,116,32,84
225000134,299,66,233
225000135,21,12,9
225000136,85,5,80
225000137,48,45,3
225000138,224,17,207
225000143,48,145,-97
225000144,1,309,-308
225000145,11,15,-4
225000146,25,118,-93
225000147,12,314,-302
225000148,3,188,-185
225000149,35,390,-355
225000151,29,231,-202
225000155,153,243,-90
225000156,149,513,-364
225000157,77,322,-245
225000158,31,363,-332
225000171,4,149,-145
225000180,16,2,14
225000181,0,33,-33
225000182,50,3,47
225000185,2,198,-196
225000187,36,283,-247
225000191,65,1,64
225000194,0,8,-8
225000208,1,39,-38
225000209,18,20,-2
225000210,0,122,-122
225000217,0,16,-16
225000218,1,1,0
225000223,2,21,-19
225000224,76,1,75
225000225,1,5,-4
225000226,36,0,36
225000227,23,55,-32
225000228,2,1,1
225000229,0,74,-74
225000230,4,0,4
225000231,0,84,-84
225000232,32,0,32
225000241,67,1,66
225000242,0,38,-38
225000249,2,0,2
225000250,37,795,-758
225000251,170,13,157
225000256,0,0,0
225000257,0,0,0
226000042,365,302,63
226000043,83,247,-164
226000044,151,746,-595
226000045,64,427,-363
226000046,317,38,279
226000047,164,39,125
226000048,224,34,190
226000049,152,88,64
226000070,0,38,-38
226000071,0,58,-58
226000072,0,13,-13
226000073,0,13,-13
226000074,0,15,-15
226000084,0,44,-44
226000085,2,5,-3
226000086,15,5,10
226000087,0,13,-13
226000088,11,8,3
226000090,73,22,51
226000091,6,6,0
226000092,3,0,3
226000093,67,1,66
226000094,2,1,1
226000095,15,5,10
226000105,3,1,2
226000106,0,0,0
226000107,1,0,1
226000108,17,0,17
226000109,51,0,51
226000124,96,46,50
226000134,236,280,-44
226000135,564,412,152
226000136,103,194,-91
226000137,6,375,-369
226000138,4,200,-196
226000139,0,14,-14
226000156,45,0,45
226000157,71,6,65
226000163,27,29,-2
226000202,5,448,-443
226000231,89,7,82
226000232,23,3,20
227000033,222,28,194
227000036,144,11,133
227000037,74,24,50
227000038,128,28,100
227000084,2,36,-34
227000085,0,20,-20
227000088,57,5,52
227000089,93,2,91
227000090,23,0,23
227000091,5,0,5
227000092,19,0,19
227000093,30,0,30
227000094,5,0,5
227000130,12,52,-40
227000131,6,284,-278
227000132,15,277,-262
227000133,5,251,-246
227000134,18,486,-468
227000152,0,1,-1
227000153,0,30,-30
227000154,0,30,-30
227000155,0,32,-32
227000156,0,16,-16
227000165,1,9,-8
227000196,122,340,-218
227000199,53,548,-495
227000230,15,443,-428
227000232,97,16,81
227000242,72,472,-400
227000243,455,39,416
227000245,10,367,-357
227000246,95,469,-374
227000247,182,53,129
227000248,97,31,66
227000249,10,210,-200
227000250,270,123,147
227000251,170,297,-127
227000252,4,424,-420
227000253,62,19,43
227000262,260,22,238
227000266,297,8,289
227000267,37,1991,-1954
227000282,6,250,-244
227000284,151,19,132
227000286,1,81,-80
227000287,6,164,-158
227000291,16,582,-566
227000484,213,27,186
227000485,29,562,-533
227000655,31,10,21
227000656,465,11,454
227000657,26,15,11
227000661,166,4,162
227000680,99,30,69
229000265,7,17,-10
229000296,0,15,-15
229000297,0,43,-43
229000298,3,134,-131
229000320,4,2,2
229000321,3,0,3
229000412,23,20,3
229000414,7,39,-32
229000415,50,4,46
229000416,0,1,-1
229000417,8,5,3
229000419,63,192,-129
229000440,119,64,55
229000442,5,0,5
229000443,0,1,-1
229000444,0,38,-38
229000445,11,3,8
229000446,52,7,45
229000491,2,13,-11
229000492,14,128,-114
229000493,1,97,-96
229000494,15,7,8
229000495,45,9,36
229000496,17,4,13
229000507,0,18,-18
229000508,2,19,-17
229000509,0,27,-27
229000510,1,21,-20
229000511,2,32,-30
229000512,0,25,-25
229000513,0,3,-3
229000514,0,3,-3
229000517,0,9,-9
229000518,6,33,-27
229000519,0,18,-18
229000520,2,34,-32
229000521,11,6,5
229000522,3,6,-3
229000523,2,8,-6
229000524,1,1,0
229000527,4,0,4
229000528,0,0,0
229000529,5,1,4
229000530,21,3,18
229000531,20,2,18
229000532,22,3,19
229000533,60,0,60
229000534,67,0,67
229000564,20,0,20
229000565,9,0,9
229000566,0,17,-17
229000567,0,56,-56
229000582,81,0,81
229000583,4,1,3
229000584,0,28,-28
229000585,0,29,-29
229000718,0,0,0
229000719,0,0,0
229000720,0,5,-5
229000721,0,15,-15
229000722,0,24,-24
229000723,0,18,-18
229000724,0,4,-4
229000725,0,3,-3
229000738,0,0,0
229000739,0,0,0
229000740,0,0,0
229000741,3,0,3
229000742,1,0,1
229000743,6,0,6
229000744,0,0,0
229000745,2,0,2
229000746,20,0,20
229000847,8,0,8
229000848,5,0,5
229000849,27,3,24
229000851,3,1,2
229000854,0,45,-45
229000856,3,98,-95
229000857,0,30,-30
229000858,0,87,-87
229000919,3,71,-68
229000930,2,109,-107
229000937,45,15,30
229000966,26,17,9
229000981,11,60,-49
229000985,2,24,-22
229000986,0,4,-4
229000987,0,0,0
229000988,0,70,-70
229000989,2,1,1
229000990,1,1,0
229000991,0,1,-1
229000992,1,3,-2
229000993,95,12,83
229000998,19,33,-14
229000999,32,6,26
229001034,0,7,-7
229001035,5,0,5
229001037,18,12,6
229001042,4,13,-9
229001047,1,31,-30
229001050,11,32,-21
229001168,0,10,-10
229001200,1,0,1
229001338,6,12,-6
229001394,158,2,156
229001422,58,22,36
229001423,41,106,-65
229001431,26,30,-4
229001432,19,46,-27
229001444,63,38,25
229001445,26,171,-145
229001479,3,7,-4
229001503,51,89,-38
229001504,62,161,-99
229001505,79,37,42
229001506,28,93,-65
229001509,22,38,-16
229001545,57,4,53
229001546,3,72,-69
229001553,34,21,13
229001554,4,85,-81
229001559,0,9,-9
229001560,2,15,-13
229001630,26,1,25
229001631,6,19,-13
229001635,0,10,-10
229001636,0,0,0
229001658,0,68,-68
229001659,61,5,56
229001660,0,0,0
229001661,0,17,-17
229001662,39,0,39
229001663,0,19,-19
229002584,107,93,14
229002831,163,97,66
229002841,0,10,-10
229002842,2,12,-10
229002843,8,10,-2
229002844,16,36,-20
229002845,9,45,-36
229002846,11,8,3
229002847,22,9,13
229002848,3,11,-8
229002849,2,52,-50
229002850,4,0,4
229002851,20,89,-69
229002852,39,13,26
229002853,14,10,4
229002854,31,35,-4
229002855,6,20,-14
229002856,9,6,3
229002857,1,30,-29
229002858,2,5,-3
229002859,18,15,3
229002860,20,29,-9
229002861,7,7,0
229002862,4,28,-24
229002863,6,17,-11
229002864,0,17,-17
229002865,18,6,12
229002866,7,10,-3
229002867,4,10,-6
229002868,4,5,-1
229002869,3,108,-105
229002870,27,10,17
235000066,268,35,233
235000067,90,82,8
235000072,16,36,-20
235000073,54,224,-170
235000074,20,82,-62
235000080,29,72,-43
235000081,52,175,-123
235000082,40,34,6
235000083,47,63,-16
235000084,29,55,-26
235000085,53,85,-32
235000089,12,20,-8
235000092,5,103,-98
235000093,1,4,-3
235000097,3,4,-1
235000098,34,13,21
235000099,18,13,5
235000116,35,11,24
235000117,574,6,568
235000133,12,227,-215
235000134,10,68,-58
235000206,10,2,8
235000207,7,1,6
235000208,2,0,2
235000209,0,2,-2
235000210,4,1,3
235000212,5,6,-1
235000213,0,7,-7
235000220,1,6,-5
235000221,35,10,25
235000238,4,19,-15
235000239,1,2,-1
235000242,143,160,-17
235000245,569,208,361
235000246,9,43,-34
235000284,2,60,-58
235000295,75,3,72
235000305,43,9,34
235000306,35,2,33
235000307,9,1,8
235000308,29,0,29
235000309,18,0,18
235000310,31,1,30
235000311,17,4,13
235000322,0,24,-24
235000323,1,52,-51
235000324,0,9,-9
235000325,0,16,-16
235000326,9,193,-184
235000351,11,42,-31
235000352,18,33,-15
235000353,0,22,-22
235000354,1,26,-25
235000355,5,67,-62
235000356,16,22,-6
235000357,2,9,-7
235000358,36,9,27
235000359,1,4,-3
235000360,42,4,38
235000361,35,3,32
235000381,32,254,-222
235000382,77,22,55
235000390,12,2,10
235000391,44,11,33
235000392,36,105,-69
235000393,50,91,-41
235000395,45,17,28
235000396,193,33,160
235000400,76,21,55
235000401,13,150,-137
235000405,102,308,-206
235000406,32,254,-222
235000407,26,97,-71
235000409,159,165,-6
235000410,20,228,-208
235000411,3,69,-66
235000485,0,9,-9
235000486,1,0,1
235000549,29,53,-24
235000550,27,176,-149
235000599,47,95,-48
235000600,4,4,0
235000601,19,53,-34
235000602,36,150,-114
235000614,1,1,0
235000648,0,22,-22
235000649,24,0,24
235000685,1,3,-2
235000815,1,9,-8
235000834,0,5,-5
235000855,23,26,-3
235000862,12,172,-160
235000891,0,5,-5
235000892,13,0,13
235000901,40,85,-45
235000907,5,6,-1
235001010,24,88,-64
235001029,494,308,186
235001030,297,155,142
235001078,49,60,-11
235001079,67,105,-38
235001147,52,27,25
235001166,8,93,-85
235001167,7,90,-83
235001169,22,282,-260
235001188,0,3,-3
235001189,0,0,0
235001197,47,7,40
235001200,38,12,26
235001207,125,17,108
235001210,93,110,-17
235001215,21,73,-52
235001239,0,41,-41
235001244,0,4,-4
235016267,0,16,-16
277101746,0,1,-1
277102712,0,0,0
277103813,0,0,0
277103898,0,0,0
277104249,0,7,-7
277104250,0,8,-8
277104251,0,8,-8
277104252,0,1,-1
990011530,0,237,-237
990014944,2,442,-440
990015176,24,1,23
990015618,0,75,-75
990016032,0,225,-225
990032570,0,29,-29
990070001,33,0,33
990070103,0,0,0
990070601,0,32,-32
990070751,120,3,117
990070766,1,779,-778
990071180,282,122,160
990071343,8,2,6
990071387,0,7,-7
990071823,143,6,137
990072600,1,551,-550
990072964,1,494,-493
990073285,0,1,-1
990074393,0,988,-988
990074870,282,0,282
990075106,218,2,216
990075746,94,6,88
990076437,269,20,249
990076458,0,1092,-1092
997000007,101,9,92
997000041,0,118,-118
997000058,12,0,12
997000062,7,0,7
997000069,0,10,-10
997000070,0,48,-48
997000100,2,1,1
997000141,0,79,-79
997000198,384,324,60
998000475,0,17,-17
998000736,4,295,-291
998000965,0,3,-3
998001031,0,65,-65
998001700,0,13,-13
998001899,0,5,-5
998001900,18,24,-6
998003073,266,1,265
998101900,0,0,0
998102850,1,89,-88
998501927,288,246,42
998501929,105,4,101
998501930,46,9,37
998501931,48,5,43
998501932,2,0,2
998501933,35,2,33
998501937,1,0,1
998501944,3,1,2
998501950,2,46,-44
998501970,10,4,6
998501971,0,79,-79
998501973,0,96,-96
998501974,3,301,-298
998501975,71,0,71
998501976,46,2,44
998501977,0,11,-11
998501978,26,1,25
998501979,0,9,-9
998501980,45,1,44
998501981,28,9,19
998501982,0,76,-76
998501983,0,12,-12
998502006,0,0,0
998502024,0,0,0
998502032,0,2,-2
998502062,8,1,7
998502063,0,0,0
998502173,23,0,23
998502269,1,1,0
998502546,0,95,-95
998502578,0,2,-2
998502599,69,103,-34
998601159,0,234,-234
998601292,0,11,-11
999033574,0,537,-537
999800001,10,0,10
999800002,0,8,-8
999800003,3,1,2
999800004,0,2,-2
999800005,0,1,-1
