dong,insum,outsum,diff
강남구 개포1동,0,0,0
강남구 개포2동,136,239,-103
강남구 개포4동,0,0,0
강남구 논현1동,1612,1003,609
강남구 논현2동,0,0,0
강남구 대치1동,211,151,60
강남구 대치2동,780,669,111
강남구 대치4동,866,450,416
강남구 도곡1동,292,257,35
강남구 도곡2동,128,81,47
강남구 삼성1동,836,458,378
강남구 삼성2동,501,486,15
강남구 세곡동,72,145,-73
강남구 수서동,183,180,3
강남구 신사동,0,0,0
강남구 압구정동,0,0,0
강남구 역삼1동,3954,2520,1434
강남구 역삼2동,675,386,289
강남구 일원1동,0,0,0
강남구 일원2동,0,0,0
강남구 일원본동,153,199,-46
강남구 청담동,582,595,-13
강동구 강일동,132,294,-162
강동구 고덕제1동,19,51,-32
강동구 고덕제2동,152,118,34
강동구 길동,782,375,407
강동구 둔촌제1동,0,0,0
강동구 둔촌제2동,1,1,0
강동구 명일제1동,368,239,129
강동구 명일제2동,114,64,50
강동구 상일동,16,196,-180
강동구 성내제1동,0,1,-1
강동구 성내제2동,204,257,-53
강동구 성내제3동,24,67,-43
강동구 암사제1동,0,0,0
강동구 암사제2동,0,0,0
강동구 암사제3동,0,0,0
강동구 천호제1동,132,99,33
강동구 천호제2동,0,0,0
강동구 천호제3동,436,110,326
강북구 미아동,206,513,-307
강북구 번1동,389,1280,-891
강북구 번2동,0,0,0
강북구 번3동,0,0,0
강북구 삼각산동,0,0,0
강북구 삼양동,0,0,0
강북구 송중동,754,989,-235
강북구 송천동,436,259,177
강북구 수유1동,77,48,29
강북구 수유2동,0,0,0
강북구 수유3동,814,155,659
강북구 우이동,47,124,-77
강북구 월곡제1동,0,0,0
강북구 인수동,0,0,0
강서구 가양제1동,79,240,-161
강서구 가양제2동,0,0,0
강서구 가양제3동,0,0,0
강서구 공항동,146,271,-125
강서구 등촌제1동,153,449,-296
강서구 등촌제2동,172,219,-47
강서구 등촌제3동,100,450,-350
강서구 발산제1동,1414,412,1002
강서구 방화제1동,444,451,-7
강서구 방화제2동,295,134,161
강서구 방화제3동,0,0,0
강서구 염창동,0,0,0
강서구 우장산동,145,157,-12
강서구 화곡본동,0,0,0
강서구 화곡제1동,436,679,-243
강서구 화곡제2동,0,0,0
강서구 화곡제3동,80,127,-47
강서구 화곡제4동,68,172,-104
강서구 화곡제6동,351,127,224
강서구 화곡제8동,146,367,-221
관악구 낙성대동,437,435,2
관악구 난곡동,0,0,0
관악구 난향동,0,0,0
관악구 남현동,884,632,252
관악구 대학동,0,0,0
관악구 미성동,62,90,-28
관악구 보라매동,44,229,-185
관악구 삼성동,0,0,0
관악구 서림동,0,0,0
관악구 서원동,224,280,-56
관악구 성현동,0,0,0
관악구 신림동,1169,1865,-696
관악구 신사동,283,516,-233
관악구 신원동,0,0,0
관악구 은천동,149,401,-252
관악구 인헌동,79,136,-57
관악구 조원동,421,821,-400
관악구 중앙동,405,579,-174
관악구 청룡동,222,330,-108
관악구 청림동,0,0,0
관악구 행운동,276,668,-392
광진구 광장동,178,142,36
광진구 구의제1동,63,95,-32
광진구 구의제2동,104,214,-110
광진구 구의제3동,0,0,0
광진구 군자동,533,388,145
광진구 능동,722,952,-230
광진구 자양제1동,45,63,-18
광진구 자양제2동,0,0,0
광진구 자양제3동,0,0,0
광진구 자양제4동,857,1040,-183
광진구 중곡제1동,325,318,7
광진구 중곡제2동,163,567,-404
광진구 중곡제3동,136,272,-136
광진구 중곡제4동,0,0,0
광진구 화양동,975,953,22
구로구 가리봉동,63,346,-283
구로구 개봉제1동,504,561,-57
구로구 개봉제2동,350,363,-13
구로구 개봉제3동,0,0,0
구로구 고척제1동,181,168,13
구로구 고척제2동,0,0,0
구로구 구로제1동,86,115,-29
구로구 구로제2동,12,121,-109
구로구 구로제3동,153,291,-138
구로구 구로제4동,8,117,-109
구로구 구로제5동,81,285,-204
구로구 수궁동,301,584,-283
구로구 신도림동,755,583,172
구로구 오류제1동,426,566,-140
구로구 오류제2동,0,0,0
구로구 항동,0,0,0
금천구 가산동,276,105,171
금천구 독산제1동,74,424,-350
금천구 독산제2동,97,37,60
금천구 독산제3동,372,113,259
금천구 독산제4동,157,44,113
금천구 미성동,0,0,0
금천구 시흥제1동,245,280,-35
금천구 시흥제2동,0,0,0
금천구 시흥제3동,0,0,0
금천구 시흥제4동,0,0,0
금천구 시흥제5동,165,190,-25
노원구 공릉1동,858,1044,-186
노원구 공릉2동,0,0,0
노원구 상계10동,30,521,-491
노원구 상계1동,33,91,-58
노원구 상계2동,789,63,726
노원구 상계3.4동,0,0,0
노원구 상계5동,0,0,0
노원구 상계6.7동,563,643,-80
노원구 상계8동,9,28,-19
노원구 상계9동,3,15,-12
노원구 월계1동,99,29,70
노원구 월계2동,0,0,0
노원구 월계3동,77,119,-42
노원구 중계1동,0,0,0
노원구 중계2.3동,332,307,25
노원구 중계4동,0,0,0
노원구 중계본동,0,0,0
노원구 하계1동,77,131,-54
노원구 하계2동,136,153,-17
도봉구 도봉제1동,382,285,97
도봉구 도봉제2동,94,696,-602
도봉구 방학제1동,362,632,-270
도봉구 방학제2동,2,121,-119
도봉구 방학제3동,132,79,53
도봉구 쌍문제1동,0,0,0
도봉구 쌍문제2동,254,28,226
도봉구 쌍문제3동,80,38,42
도봉구 쌍문제4동,0,0,0
도봉구 창제1동,258,373,-115
도봉구 창제2동,39,265,-226
도봉구 창제3동,0,0,0
도봉구 창제4동,0,0,0
도봉구 창제5동,70,528,-458
동대문구 답십리제1동,45,114,-69
동대문구 답십리제2동,63,57,6
동대문구 면목제5동,0,0,0
동대문구 용신동,1124,1525,-401
동대문구 이문제1동,83,325,-242
동대문구 이문제2동,53,79,-26
동대문구 장안제1동,93,130,-37
동대문구 장안제2동,0,0,0
동대문구 전농제1동,164,362,-198
동대문구 전농제2동,0,0,0
동대문구 제기동,144,110,34
동대문구 청량리동,342,509,-167
동대문구 회기동,76,57,19
동대문구 휘경제1동,235,365,-130
동대문구 휘경제2동,155,621,-466
동작구 노량진제1동,294,380,-86
동작구 노량진제2동,149,152,-3
동작구 대방동,0,0,0
동작구 사당제1동,810,432,378
동작구 사당제2동,72,51,21
동작구 사당제3동,0,0,0
동작구 사당제4동,0,0,0
동작구 사당제5동,0,0,0
동작구 상도제1동,0,0,0
동작구 상도제2동,111,136,-25
동작구 상도제3동,85,310,-225
동작구 상도제4동,0,0,0
동작구 신대방제1동,13,6,7
동작구 신대방제2동,137,220,-83
동작구 흑석동,0,0,0
마포구 공덕동,165,246,-81
마포구 대흥동,116,126,-10
마포구 도화동,0,0,0
마포구 망원제1동,0,0,0
마포구 망원제2동,0,0,0
마포구 상암동,0,0,0
마포구 서강동,0,0,0
마포구 서교동,2658,1809,849
마포구 성산제1동,0,0,0
마포구 성산제2동,10,37,-27
마포구 신수동,0,0,0
마포구 아현동,129,279,-150
마포구 연남동,0,0,0
마포구 염리동,0,0,0
마포구 용강동,301,265,36
마포구 합정동,808,513,295
서대문구 남가좌제1동,74,104,-30
서대문구 남가좌제2동,0,0,0
서대문구 북가좌제1동,22,43,-21
서대문구 북가좌제2동,0,0,0
서대문구 북아현동,114,240,-126
서대문구 신촌동,725,928,-203
서대문구 연희동,23,45,-22
서대문구 천연동,184,224,-40
서대문구 충현동,141,430,-289
서대문구 홍은제1동,56,197,-141
서대문구 홍은제2동,0,0,0
서대문구 홍제제1동,313,101,212
서대문구 홍제제2동,157,532,-375
서대문구 홍제제3동,0,0,0
서초구 내곡동,0,3,-3
서초구 반포1동,458,577,-119
서초구 반포2동,0,0,0
서초구 반포3동,0,0,0
서초구 반포4동,0,0,0
서초구 반포본동,0,0,0
서초구 방배1동,9,30,-21
서초구 방배2동,21,30,-9
서초구 방배3동,386,436,-50
서초구 방배4동,0,0,0
서초구 방배본동,0,0,0
서초구 서초1동,411,255,156
서초구 서초2동,261,481,-220
서초구 서초3동,383,343,40
서초구 서초4동,1361,360,1001
서초구 양재1동,50,124,-74
서초구 양재2동,0,0,0
서초구 잠원동,290,886,-596
성동구 금호1가동,0,0,0
성동구 금호2.3가동,0,0,0
성동구 금호4가동,0,0,0
성동구 마장동,0,0,0
성동구 사근동,73,45,28
성동구 성수1가제1동,0,0,0
성동구 성수1가제2동,155,301,-146
성동구 성수2가제1동,36,19,17
성동구 성수2가제3동,268,435,-167
성동구 송정동,0,0,0
성동구 옥수동,0,0,0
성동구 왕십리도선동,0,0,0
성동구 왕십리제2동,277,305,-28
성동구 용답동,247,382,-135
성동구 응봉동,0,0,0
성동구 행당제1동,289,178,111
성동구 행당제2동,0,0,0
성북구 길음제1동,530,461,69
성북구 길음제2동,243,366,-123
성북구 돈암제1동,139,287,-148
성북구 돈암제2동,0,0,0
성북구 동선동,874,500,374
성북구 보문동,139,337,-198
성북구 삼선동,289,448,-159
성북구 석관동,208,452,-244
성북구 성북동,116,55,61
성북구 안암동,0,0,0
성북구 월곡제1동,0,0,0
성북구 월곡제2동,0,0,0
성북구 장위제1동,0,0,0
성북구 장위제2동,7,11,-4
성북구 장위제3동,0,0,0
성북구 정릉제1동,0,0,0
성북구 정릉제2동,0,0,0
성북구 정릉제3동,0,0,0
성북구 정릉제4동,0,0,0
성북구 종암동,0,0,0
송파구 가락1동,2,121,-119
송파구 가락2동,0,0,0
송파구 가락본동,877,514,363
송파구 거여1동,0,0,0
송파구 거여2동,0,0,0
송파구 마천1동,0,0,0
송파구 마천2동,0,0,0
송파구 문정1동,0,0,0
송파구 문정2동,1985,1476,509
송파구 방이1동,0,0,0
송파구 방이2동,0,1,-1
송파구 삼전동,0,0,0
송파구 석촌동,323,861,-538
송파구 송파1동,198,133,65
송파구 송파2동,116,73,43
송파구 오금동,0,0,0
송파구 오륜동,0,1,-1
송파구 위례동,1482,716,766
송파구 잠실2동,229,125,104
송파구 잠실3동,473,495,-22
송파구 잠실4동,0,0,0
송파구 잠실6동,2,4,-2
송파구 잠실7동,23,177,-154
송파구 잠실본동,256,531,-275
송파구 장지동,371,103,268
송파구 풍납1동,0,0,0
송파구 풍납2동,0,0,0
양천구 목1동,612,242,370
양천구 목2동,417,517,-100
양천구 목3동,467,537,-70
양천구 목4동,233,231,2
양천구 목5동,0,0,0
양천구 신월1동,0,0,0
양천구 신월2동,108,196,-88
양천구 신월3동,0,0,0
양천구 신월4동,96,275,-179
양천구 신월5동,0,0,0
양천구 신월6동,0,0,0
양천구 신월7동,105,229,-124
양천구 신정1동,0,0,0
양천구 신정2동,0,0,0
양천구 신정3동,500,704,-204
양천구 신정4동,973,1316,-343
양천구 신정6동,0,0,0
양천구 신정7동,0,0,0
영등포구 당산제1동,251,122,129
영등포구 당산제2동,619,505,114
영등포구 대림제1동,55,93,-38
영등포구 대림제2동,62,297,-235
영등포구 대림제3동,59,114,-55
영등포구 도림동,0,0,0
영등포구 문래동,291,367,-76
영등포구 신길제1동,0,0,0
영등포구 신길제3동,0,0,0
영등포구 신길제4동,0,0,0
영등포구 신길제5동,0,0,0
영등포구 신길제6동,0,0,0
영등포구 신길제7동,0,0,0
영등포구 양평제1동,154,93,61
영등포구 양평제2동,86,143,-57
영등포구 여의동,347,469,-122
영등포구 영등포동,1235,833,402
영등포구 영등포본동,390,153,237
용산구 남영동,264,282,-18
용산구 보광동,0,0,0
용산구 서빙고동,0,0,0
용산구 용문동,0,0,0
용산구 용산2가동,0,0,0
용산구 원효로제1동,0,0,0
용산구 원효로제2동,0,0,0
용산구 이촌제1동,19,40,-21
용산구 이촌제2동,0,0,0
용산구 이태원제1동,0,0,0
용산구 이태원제2동,0,0,0
용산구 청파동,69,82,-13
용산구 필동,0,0,0
용산구 한강로동,569,383,186
용산구 한남동,571,985,-414
용산구 효창동,0,0,0
용산구 후암동,0,0,0
은평구 갈현제1동,163,99,64
은평구 갈현제2동,3,3,0
은평구 구산동,2,0,2
은평구 녹번동,347,581,-234
은평구 대조동,476,422,54
은평구 불광제1동,517,675,-158
은평구 불광제2동,992,349,643
은평구 수색동,69,105,-36
은평구 신사제1동,0,0,0
은평구 신사제2동,0,0,0
은평구 역촌동,0,0,0
은평구 응암제1동,0,0,0
은평구 응암제2동,0,0,0
은평구 응암제3동,0,0,0
은평구 증산동,153,153,0
은평구 진관동,631,650,-19
종로구 가회동,0,0,0
종로구 교남동,145,97,48
종로구 무악동,30,62,-32
종로구 부암동,0,0,0
종로구 사직동,719,666,53
종로구 삼청동,0,0,0
종로구 숭인제1동,0,0,0
종로구 숭인제2동,943,1192,-249
종로구 이화동,173,177,-4
종로구 종로1.2.3.4가동,5191,3865,1326
종로구 종로5.6가동,740,915,-175
종로구 창신제1동,1221,919,302
종로구 창신제2동,763,711,52
종로구 창신제3동,0,0,0
종로구 청운효자동,0,0,0
종로구 충현동,122,100,22
종로구 평창동,0,0,0
종로구 혜화동,269,225,44
중구 광희동,3155,2318,837
중구 다산동,156,129,27
중구 동화동,0,0,0
중구 명동,799,755,44
중구 소공동,768,496,272
중구 신당동,219,152,67
중구 신당제5동,151,186,-35
중구 약수동,13,98,-85
중구 을지로동,85,107,-22
중구 장충동,36,203,-167
중구 중림동,107,142,-35
중구 청구동,0,0,0
중구 필동,226,108,118
중구 황학동,89,38,51
중구 회현동,863,534,329
중랑구 망우본동,388,412,-24
중랑구 망우제3동,0,0,0
중랑구 면목본동,34,239,-205
중랑구 면목제2동,218,344,-126
중랑구 면목제3.8동,14,71,-57
중랑구 면목제4동,131,424,-293
중랑구 면목제5동,230,386,-156
중랑구 면목제7동,24,131,-107
중랑구 묵제1동,255,445,-190
중랑구 묵제2동,130,91,39
중랑구 상봉제1동,217,56,161
중랑구 상봉제2동,310,1084,-774
중랑구 신내1동,156,253,-97
중랑구 신내2동,0,0,0
중랑구 중화제1동,182,258,-76
중랑구 중화제2동,298,187,111
NA,9453,22414,-12961
