ID,insum,outsum,diff
100000001,1323,521,802
100000002,4516,7816,-3300
100000003,4305,5357,-1052
100000004,243,1441,-1198
100000005,3941,4427,-486
100000006,584,1522,-938
100000007,2410,2070,340
100000008,118,1090,-972
100000009,289,3386,-3097
100000010,20,651,-631
100000011,419,123,296
100000012,41,316,-275
100000013,6,237,-231
100000014,117,2938,-2821
100000015,946,1848,-902
100000016,321,2724,-2403
100000017,262,3905,-3643
100000018,861,1008,-147
100000019,2759,2740,19
100000020,1198,5500,-4302
100000021,7224,1551,5673
100000022,664,5012,-4348
100000023,4994,1696,3298
100000025,482,1694,-1212
100000028,289,2588,-2299
100000029,29,1048,-1019
100000030,25,20,5
100000031,2133,8103,-5970
100000032,1898,5076,-3178
100000033,1208,3799,-2591
100000034,92,1776,-1684
100000035,631,1501,-870
100000036,560,2514,-1954
100000037,868,316,552
100000038,3392,798,2594
100000039,177,323,-146
100000040,962,156,806
100000041,1852,354,1498
100000042,1666,341,1325
100000043,657,102,555
100000044,120,145,-25
100000045,155,236,-81
100000046,256,233,23
100000047,141,186,-45
100000048,158,480,-322
100000049,1189,953,236
100000051,622,449,173
100000053,61,10,51
100000054,285,10,275
100000055,611,94,517
100000056,241,473,-232
100000057,2758,386,2372
100000058,1089,373,716
100000059,53,387,-334
100000060,1156,400,756
100000061,2796,615,2181
100000062,2048,948,1100
100000063,1327,483,844
100000064,1883,463,1420
100000065,357,435,-78
100000066,201,418,-217
100000067,201,589,-388
100000068,314,1618,-1304
100000069,291,940,-649
100000072,253,397,-144
100000073,1090,834,256
100000075,969,140,829
100000076,1663,11383,-9720
100000077,78,626,-548
100000078,0,58,-58
100000079,1,92,-91
100000080,0,53,-53
100000081,13,112,-99
100000102,2247,5480,-3233
100000103,1426,6974,-5548
100000104,3488,2923,565
100000105,1067,2270,-1203
100000106,684,3679,-2995
100000107,63,1337,-1274
100000108,445,1192,-747
100000109,457,1491,-1034
100000116,229,445,-216
100000117,43,135,-92
100000118,710,1377,-667
100000119,851,1036,-185
100000121,181,524,-343
100000122,548,2880,-2332
100000123,1103,2120,-1017
100000124,2049,2496,-447
100000125,7429,1992,5437
100000126,388,770,-382
100000127,1578,1141,437
100000128,526,3463,-2937
100000129,314,944,-630
100000130,1229,175,1054
100000131,654,1031,-377
100000132,1246,1232,14
100000133,1274,693,581
100000135,688,985,-297
100000139,156,457,-301
100000140,112,127,-15
100000142,669,725,-56
100000143,1586,390,1196
100000144,1101,257,844
100000147,1610,4922,-3312
100000150,216,450,-234
100000151,248,1760,-1512
100000153,52,466,-414
100000154,10,577,-567
100000155,0,52,-52
100000156,75,169,-94
100000157,259,191,68
100000158,153,208,-55
100000159,78,1205,-1127
100000165,656,422,234
100000169,18,3368,-3350
100000174,401,1602,-1201
100000179,104,997,-893
100000180,869,2551,-1682
100000181,256,225,31
100000188,70,72,-2
100000189,928,335,593
100000190,349,1313,-964
100000191,809,455,354
100000192,6,278,-272
100000193,393,192,201
100000330,563,1036,-473
100000355,221,283,-62
100000362,2030,719,1311
100000363,6760,8338,-1578
100000364,107,240,-133
100000365,4967,7640,-2673
100000366,1370,854,516
100000367,4932,5620,-688
100000368,1612,1516,96
100000369,537,2440,-1903
100000370,116,1074,-958
100000376,27,545,-518
100000379,687,4755,-4068
100000380,2850,8683,-5833
100000384,4610,6299,-1689
100000385,991,4723,-3732
100000386,1249,7395,-6146
100000387,3024,7879,-4855
100000388,1398,4198,-2800
100000389,4338,6661,-2323
100000390,2428,2481,-53
100000391,2126,6204,-4078
100000392,450,1952,-1502
100000393,708,3776,-3068
100000394,1366,4378,-3012
100000395,691,4101,-3410
100000396,640,1652,-1012
100000397,1347,6166,-4819
100000398,5099,3462,1637
100000413,2,1,1
100900002,12,8,4
100900003,636,338,298
100900004,5,331,-326
100900005,196,31,165
100900006,15,12,3
100900007,263,2,261
100900008,1,340,-339
100900009,17,12,5
100900010,15,2,13
100900011,135,144,-9
100900012,1,101,-100
100900013,1151,5,1146
100900014,0,1,-1
100900015,74,20,54
100900016,0,10,-10
100900017,1441,50,1391
100900018,0,13,-13
100900019,69,39,30
100900020,503,6,497
100900021,642,0,642
100900022,14,1,13
100900023,0,70,-70
100900024,477,4,473
100900025,29,0,29
100900026,81,155,-74
100900027,342,2721,-2379
100900028,123,358,-235
100900029,44,1,43
100900030,0,159,-159
100900031,1364,44,1320
100900032,449,0,449
100900033,60,552,-492
100900034,1968,17,1951
100900035,159,0,159
100900036,58,0,58
100900037,121,54,67
100900038,13,53,-40
100900039,310,216,94
100900040,789,433,356
100900041,2316,138,2178
100900042,304,2943,-2639
100900043,1,32,-31
100900044,939,979,-40
100900045,16,2,14
100900046,1196,6,1190
100900047,497,162,335
100900048,44,6,38
100900049,107,42,65
100900050,5,13,-8
100900051,10,121,-111
100900052,319,1,318
100900053,639,56,583
100900054,8,9,-1
100900055,499,1644,-1145
100900056,39,61,-22
100900057,1889,310,1579
100900058,145,33,112
100900059,217,2,215
100900060,244,9,235
100900061,162,175,-13
100900062,8,4,4
100900063,336,1505,-1169
100900064,569,12,557
100900065,30,236,-206
100900066,134,66,68
100900067,52,2,50
100900068,336,1091,-755
100900069,96,1,95
100900070,920,1,919
100900071,175,63,112
100900072,0,24,-24
100900073,224,111,113
100900074,0,20,-20
100900075,1461,54,1407
100900076,0,7,-7
100900077,127,8,119
100900078,67,213,-146
100900079,0,6,-6
100900080,233,230,3
100900081,21,95,-74
100900082,349,74,275
100900083,5,9,-4
100900085,1,406,-405
100900086,4,426,-422
100900088,314,92,222
100900089,1,6,-5
100900090,53,1097,-1044
100900091,2,7,-5
100900092,78,135,-57
100900093,480,653,-173
100900094,425,53,372
100900095,19,16,3
100900096,10,140,-130
100900097,1,0,1
100900098,10,16,-6
100900099,2,305,-303
100900100,3,133,-130
100900101,411,42,369
100900102,0,83,-83
100900103,6,47,-41
100900104,0,74,-74
100900105,6,325,-319
100900106,7,2,5
100900107,1594,595,999
100900108,12,4,8
100900109,1,32,-31
100900110,2,15,-13
100900111,21,210,-189
100900112,1,25,-24
100900113,25,2,23
100900114,9,14,-5
100900115,21,81,-60
100900116,959,423,536
100900117,207,1222,-1015
100900118,19,8,11
100900119,2,38,-36
100900120,30,10,20
100900121,517,180,337
100900122,62,93,-31
100900123,239,8,231
100900124,0,11,-11
100900125,7,18,-11
100900126,782,577,205
100900127,22,5,17
100900128,67,394,-327
100900129,1,276,-275
100900131,8,68,-60
100900133,120,36,84
100900134,9,6,3
100900135,1,314,-313
100900137,326,148,178
100900138,1022,294,728
100900139,2,49,-47
100900140,3,104,-101
100900141,0,406,-406
100900142,0,7,-7
100900143,226,619,-393
100900144,4,6,-2
100900145,37,1326,-1289
100900146,5,17,-12
100900147,3,1834,-1831
100900148,114,128,-14
100900149,18,748,-730
100900150,2,65,-63
100900151,58,316,-258
100900152,161,1,160
100900153,2,245,-243
100900154,0,162,-162
100900155,4,1,3
100900156,14,0,14
100900157,7,504,-497
100900159,4,67,-63
100900160,35,2,33
100900161,23,0,23
100900162,26,270,-244
100900163,52,69,-17
100900164,226,6,220
100900165,19,11,8
100900166,9,0,9
100900167,15,24,-9
100900168,13,105,-92
100900169,29,540,-511
100900170,16,10,6
100900171,4,511,-507
100900172,2,110,-108
100900173,9,59,-50
100900174,39,22,17
100900176,1054,208,846
100900177,271,107,164
100900178,150,110,40
100900179,141,162,-21
100900180,1,2,-1
100900181,26,43,-17
100900182,98,7,91
100900184,123,242,-119
100900186,628,379,249
100900187,43,53,-10
100900188,9,8,1
100900189,2836,377,2459
100900191,336,1118,-782
100900192,75,202,-127
100900195,77,419,-342
100900197,64,73,-9
100900198,18,6,12
100900199,1,2,-1
100900200,409,143,266
100900201,10,941,-931
100900202,38,0,38
100900203,0,80,-80
100900204,30,193,-163
100900205,104,560,-456
100900206,356,313,43
100900207,427,101,326
100900210,84,60,24
100900211,524,88,436
100900213,111,39,72
100900214,124,193,-69
100900215,42,8,34
100900217,57,79,-22
101000001,1825,2344,-519
101000002,6690,9259,-2569
101000003,384,908,-524
101000004,6761,7177,-416
101000005,4793,6832,-2039
101000006,5616,10357,-4741
101000007,2863,4829,-1966
101000008,1725,2569,-844
101000009,2575,914,1661
101000010,1159,647,512
101000011,1150,290,860
101000012,243,476,-233
101000013,330,1302,-972
101000014,313,333,-20
101000015,2952,1470,1482
101000016,176,615,-439
101000017,225,429,-204
101000018,1315,6486,-5171
101000020,1231,1195,36
101000021,430,780,-350
101000022,76,357,-281
101000023,908,778,130
101000025,399,662,-263
101000026,507,25,482
101000027,1456,3023,-1567
101000028,712,188,524
101000029,23,1179,-1156
101000030,600,99,501
101000031,43,567,-524
101000032,1782,4011,-2229
101000033,1059,5457,-4398
101000034,438,2969,-2531
101000035,339,502,-163
101000036,358,2405,-2047
101000037,662,4093,-3431
101000039,1634,3103,-1469
101000040,2371,7767,-5396
101000041,1445,5495,-4050
101000042,53,789,-736
101000043,2794,6615,-3821
101000045,241,592,-351
101000046,784,1707,-923
101000047,776,4197,-3421
101000048,387,300,87
101000049,563,2259,-1696
101000050,272,1738,-1466
101000051,616,1673,-1057
101000052,1505,1515,-10
101000053,284,1275,-991
101000054,1403,633,770
101000055,1086,1190,-104
101000056,6,140,-134
101000057,395,3965,-3570
101000058,737,2203,-1466
101000059,2343,3993,-1650
101000060,2628,1057,1571
101000061,211,2473,-2262
101000062,121,951,-830
101000063,147,1463,-1316
101000064,154,2077,-1923
101000065,78,1124,-1046
101000066,291,1353,-1062
101000067,175,486,-311
101000068,43,263,-220
101000069,96,31,65
101000070,361,626,-265
101000071,2742,1118,1624
101000072,478,2107,-1629
101000073,421,828,-407
101000074,1371,2215,-844
101000075,1433,2191,-758
101000077,1432,2635,-1203
101000078,551,817,-266
101000079,726,956,-230
101000080,887,953,-66
101000081,1327,1372,-45
101000082,1283,1306,-23
101000083,3266,2068,1198
101000084,917,468,449
101000085,1817,862,955
101000086,791,739,52
101000087,575,649,-74
101000088,2085,860,1225
101000089,1161,1785,-624
101000090,1396,545,851
101000091,449,400,49
101000092,2688,589,2099
101000093,1506,393,1113
101000094,725,631,94
101000095,509,574,-65
101000096,921,199,722
101000097,475,467,8
101000098,269,394,-125
101000099,340,896,-556
101000100,796,863,-67
101000101,124,946,-822
101000102,241,1123,-882
101000103,407,731,-324
101000104,129,626,-497
101000105,267,539,-272
101000106,191,1793,-1602
101000107,278,586,-308
101000108,479,64,415
101000109,1171,171,1000
101000110,41,164,-123
101000111,49,242,-193
101000113,74,1094,-1020
101000114,1461,5014,-3553
101000115,22,12,10
101000116,29,53,-24
101000117,1199,234,965
101000119,21,100,-79
101000120,27,127,-100
101000121,25,36,-11
101000122,66,125,-59
101000123,44,160,-116
101000124,480,596,-116
101000125,129,129,0
101000128,233,1657,-1424
101000130,139,355,-216
101000131,2254,316,1938
101000132,855,385,470
101000135,1,21,-20
101000136,46,180,-134
101000137,5,482,-477
101000141,599,4267,-3668
101000147,1519,418,1101
101000148,1167,15,1152
101000149,49,169,-120
101000150,177,179,-2
101000151,581,37,544
101000152,397,249,148
101000153,280,105,175
101000154,763,424,339
101000155,716,269,447
101000156,20,1201,-1181
101000157,17,142,-125
101000160,0,12,-12
101000163,46,496,-450
101000164,340,107,233
101000165,250,475,-225
101000166,135,180,-45
101000168,1389,250,1139
101000252,3184,563,2621
101000254,56,84,-28
101000258,117,9,108
101000261,43,96,-53
101000262,1128,6721,-5593
101000263,306,1179,-873
101000265,96,567,-471
101000266,373,124,249
101000269,20,54,-34
101000290,156,3513,-3357
101000293,7,11,-4
101000294,385,329,56
101000295,349,163,186
101000301,282,670,-388
101000304,2313,4248,-1935
101000305,2874,1428,1446
101000328,142,1425,-1283
101900001,4,27,-23
101900002,0,4,-4
101900003,34,100,-66
101900004,2,177,-175
101900005,913,4584,-3671
101900006,1320,80,1240
101900007,306,369,-63
101900008,56,310,-254
101900009,23,443,-420
101900010,1122,885,237
101900011,36,1595,-1559
101900012,412,81,331
101900013,318,72,246
101900017,18,91,-73
101900018,2037,390,1647
101900019,65,125,-60
101900020,94,38,56
101900021,0,28,-28
101900022,226,1500,-1274
101900023,207,286,-79
101900026,189,19,170
101900027,18,96,-78
102000001,4468,8296,-3828
102000002,2968,2846,122
102000003,1623,5057,-3434
102000004,4277,3645,632
102000005,1588,3827,-2239
102000006,721,1261,-540
102000007,1748,4495,-2747
102000008,5281,1438,3843
102000009,8900,10031,-1131
102000010,3877,2390,1487
102000011,5003,4365,638
102000012,4046,2613,1433
102000018,2876,3140,-264
102000019,2692,2235,457
102000026,603,514,89
102000029,421,295,126
102000030,103,454,-351
102000031,128,92,36
102000032,915,399,516
102000033,699,244,455
102000034,412,291,121
102000035,751,482,269
102000036,52,217,-165
102000037,221,33,188
102000038,248,151,97
102000039,70,130,-60
102000040,209,145,64
102000041,63,351,-288
102000042,48,198,-150
102000043,110,298,-188
102000044,516,1199,-683
102000045,970,572,398
102000046,1707,641,1066
102000047,1738,575,1163
102000048,844,556,288
102000049,1324,805,519
102000050,1523,986,537
102000051,171,470,-299
102000052,1556,1009,547
102000053,731,785,-54
102000054,832,930,-98
102000055,1301,201,1100
102000056,2031,268,1763
102000057,1952,547,1405
102000058,728,733,-5
102000059,828,1049,-221
102000060,791,958,-167
102000061,2485,1440,1045
102000062,2693,1055,1638
102000063,1058,1346,-288
102000064,679,823,-144
102000065,61,103,-42
102000066,743,447,296
102000067,5779,4746,1033
102000068,8425,3756,4669
102000069,103,2452,-2349
102000070,2137,31,2106
102000071,6133,13071,-6938
102000072,2976,3891,-915
102000073,573,351,222
102000074,902,452,450
102000075,242,94,148
102000076,576,155,421
102000077,774,860,-86
102000078,1624,405,1219
102000079,171,56,115
102000080,313,147,166
102000081,292,426,-134
102000082,739,247,492
102000083,1046,151,895
102000084,962,105,857
102000085,1685,539,1146
102000086,1689,591,1098
102000087,548,995,-447
102000088,582,199,383
102000089,1822,248,1574
102000090,305,1485,-1180
102000091,1032,610,422
102000092,269,648,-379
102000093,1030,705,325
102000094,572,232,340
102000095,650,753,-103
102000096,294,262,32
102000097,444,229,215
102000098,269,248,21
102000099,542,487,55
102000100,195,448,-253
102000101,276,283,-7
102000102,143,1216,-1073
102000103,3444,371,3073
102000104,528,390,138
102000105,298,344,-46
102000106,1173,408,765
102000107,2358,109,2249
102000108,652,940,-288
102000109,944,1126,-182
102000110,1516,353,1163
102000111,4,1932,-1928
102000112,110,188,-78
102000113,15,130,-115
102000114,2506,570,1936
102000115,201,447,-246
102000116,227,768,-541
102000117,57,749,-692
102000118,890,2428,-1538
102000119,583,1076,-493
102000120,258,436,-178
102000121,1493,262,1231
102000122,683,726,-43
102000123,1070,510,560
102000124,1489,1166,323
102000125,467,467,0
102000126,476,855,-379
102000127,1540,982,558
102000128,793,667,126
102000129,1481,597,884
102000130,708,789,-81
102000131,752,538,214
102000132,302,576,-274
102000133,4527,2622,1905
102000134,1761,649,1112
102000135,483,735,-252
102000136,871,556,315
102000137,399,306,93
102000138,395,122,273
102000139,76,367,-291
102000140,242,387,-145
102000141,276,438,-162
102000142,411,128,283
102000143,329,86,243
102000144,551,82,469
102000145,422,156,266
102000146,825,146,679
102000147,605,256,349
102000148,234,468,-234
102000149,456,125,331
102000150,1241,45,1196
102000151,152,79,73
102000152,489,63,426
102000153,711,347,364
102000154,89,184,-95
102000155,113,266,-153
102000156,251,79,172
102000157,23,511,-488
102000158,331,400,-69
102000159,1119,1179,-60
102000161,2706,2606,100
102000162,142,291,-149
102000163,187,326,-139
102000164,469,724,-255
102000165,187,524,-337
102000166,30,428,-398
102000167,158,155,3
102000168,259,226,33
102000169,142,721,-579
102000170,866,205,661
102000171,76,84,-8
102000172,11,402,-391
102000173,516,350,166
102000174,231,119,112
102000175,140,60,80
102000176,46,30,16
102000178,218,453,-235
102000179,519,254,265
102000180,1050,368,682
102000181,1435,221,1214
102000182,989,1623,-634
102000183,2237,707,1530
102000184,2449,608,1841
102000185,3159,406,2753
102000186,2337,524,1813
102000187,1095,530,565
102000188,1677,1245,432
102000189,1262,246,1016
102000190,450,2155,-1705
102000191,1020,222,798
102000192,2251,1811,440
102000193,123,174,-51
102000194,52,360,-308
102000195,870,346,524
102000196,382,282,100
102000197,1756,79,1677
102000198,406,274,132
102000199,1743,88,1655
102000200,472,339,133
102000201,2274,422,1852
102000202,24,288,-264
102000203,1001,66,935
102000204,1405,581,824
102000205,1763,1258,505
102000206,933,641,292
102000207,786,1266,-480
102000208,442,1410,-968
102000209,167,230,-63
102000210,1022,672,350
102000211,979,198,781
102000212,675,7,668
102000213,7,495,-488
102000214,789,6,783
102000215,14,207,-193
102000216,265,145,120
102000217,1,64,-63
102000218,297,261,36
102000219,313,70,243
102000225,261,1197,-936
102000226,220,319,-99
102000227,193,2,191
102000228,0,105,-105
102000229,180,76,104
102000230,471,330,141
102000231,496,281,215
102000232,52,212,-160
102000233,1283,372,911
102000234,110,1075,-965
102000236,322,32,290
102000237,1341,369,972
102000238,446,234,212
102000240,358,987,-629
102000241,88,106,-18
102000243,11,61,-50
102000245,9,85,-76
102000246,5,71,-66
102000247,226,345,-119
102000248,197,1123,-926
102000249,163,71,92
102000250,94,231,-137
102000254,549,130,419
102000266,6,307,-301
102000271,7,1,6
102000286,382,316,66
102000297,2773,802,1971
102000301,0,0,0
102000303,0,0,0
102000307,0,2,-2
102900001,1025,609,416
102900002,230,44,186
102900003,84,37,47
102900005,618,168,450
102900006,662,18,644
102900007,933,6,927
102900008,298,11,287
102900009,125,357,-232
102900010,289,649,-360
102900011,917,449,468
102900012,521,77,444
102900013,64,6,58
102900015,932,448,484
102900016,161,13,148
102900017,279,81,198
102900018,110,43,67
102900019,720,334,386
102900020,186,12,174
102900021,53,18,35
102900022,38,54,-16
102900023,9,4,5
102900024,57,16,41
102900025,64,20,44
102900026,215,2602,-2387
102900027,35,45,-10
102900028,167,1053,-886
102900029,45,396,-351
102900030,389,551,-162
102900031,419,82,337
102900032,203,17,186
102900033,111,101,10
102900034,828,23,805
102900035,330,55,275
102900036,231,110,121
102900037,244,351,-107
102900038,269,154,115
102900039,25,1013,-988
102900040,315,295,20
102900041,56,101,-45
102900042,343,93,250
102900043,454,91,363
102900044,548,1606,-1058
102900045,335,328,7
102900046,220,122,98
102900047,234,1227,-993
102900048,799,158,641
102900049,55,181,-126
102900050,203,1087,-884
102900051,263,388,-125
102900053,433,443,-10
102900054,215,1256,-1041
102900055,111,340,-229
102900056,193,166,27
102900057,1,84,-83
102900058,454,71,383
102900059,23,7,16
102900060,49,493,-444
102900061,248,788,-540
102900062,278,355,-77
102900063,2272,312,1960
102900064,14,372,-358
102900065,1089,191,898
102900066,288,1,287
102900068,49,123,-74
102900070,207,213,-6
102900072,0,80,-80
102900073,18,0,18
102900075,0,47,-47
102900076,33,43,-10
102900077,28,1,27
102900078,18,31,-13
102900079,305,0,305
102900080,338,8,330
102900081,17,77,-60
102900082,25,38,-13
102900083,51,3,48
102900084,2,16,-14
102900085,82,46,36
102900086,21,37,-16
102900087,363,56,307
102900088,31,32,-1
102900089,372,147,225
102900090,1,142,-141
102900091,583,0,583
102900092,1166,166,1000
102900094,1,29,-28
102900095,15,0,15
102900096,181,11,170
102900097,8,16,-8
103000001,2270,2430,-160
103000002,2675,2599,76
103000003,2959,1902,1057
103000004,828,466,362
103000005,1360,4509,-3149
103000006,1396,2324,-928
103000007,392,273,119
103000008,962,729,233
103000009,3147,1304,1843
103000010,189,63,126
103000011,1286,445,841
103000012,1359,1261,98
103000013,2672,1550,1122
103000014,1273,2497,-1224
103000015,1500,833,667
103000016,513,1897,-1384
103000017,364,1037,-673
103000018,856,148,708
103000019,542,850,-308
103000020,1260,1234,26
103000021,2273,3337,-1064
103000022,540,1034,-494
103000023,1167,2297,-1130
103000024,88,49,39
103000025,170,1926,-1756
103000026,314,248,66
103000027,251,533,-282
103000028,146,196,-50
103000029,144,298,-154
103000030,1769,1147,622
103000031,753,2880,-2127
103000032,1876,1247,629
103000033,4101,3439,662
103000034,1001,603,398
103000035,210,811,-601
103000036,296,225,71
103000037,519,366,153
103000038,555,753,-198
103000039,837,213,624
103000040,1040,361,679
103000041,3271,1318,1953
103000042,2710,117,2593
103000043,1225,444,781
103000044,366,139,227
103000046,294,654,-360
103000047,818,412,406
103000048,307,361,-54
103000049,96,84,12
103000050,1154,159,995
103000051,756,283,473
103000052,1215,115,1100
103000053,305,287,18
103000054,1912,184,1728
103000055,2479,732,1747
103000056,760,672,88
103000057,1754,113,1641
103000058,1133,198,935
103000059,1382,321,1061
103000060,917,195,722
103000061,1245,655,590
103000062,803,133,670
103000063,1759,567,1192
103000064,218,42,176
103000065,6,124,-118
103000066,261,11,250
103000069,351,730,-379
103000070,733,197,536
103000071,2290,1017,1273
103000072,175,290,-115
103000073,1445,82,1363
103000074,1119,49,1070
103000075,113,270,-157
103000076,505,1064,-559
103000077,7,135,-128
103000078,935,1586,-651
103000079,383,749,-366
103000080,352,360,-8
103000081,225,976,-751
103000082,661,174,487
103000083,139,257,-118
103000084,193,2,191
103000085,1,127,-126
103000086,493,490,3
103000087,92,769,-677
103000088,128,404,-276
103000089,398,892,-494
103000090,3956,840,3116
103000091,984,467,517
103000092,452,103,349
103000093,267,565,-298
103000094,562,84,478
103000095,88,331,-243
103000096,721,21,700
103000097,16,481,-465
103000098,552,66,486
103000099,84,697,-613
103000100,171,289,-118
103000101,1824,52,1772
103000102,99,192,-93
103000103,1081,76,1005
103000104,217,75,142
103000105,456,74,382
103000106,26,88,-62
103000107,363,80,283
103000108,1883,1463,420
103000109,649,734,-85
103000110,405,741,-336
103000111,433,660,-227
103000112,363,405,-42
103000113,487,1265,-778
103000114,1834,959,875
103000115,1027,595,432
103000116,907,257,650
103000117,424,337,87
103000118,377,249,128
103000119,989,251,738
103000120,61,242,-181
103000121,97,223,-126
103000122,399,926,-527
103000125,24,51,-27
103000126,1381,1,1380
103000127,1,43,-42
103000128,181,1,180
103000129,0,41,-41
103000130,104,109,-5
103000131,42,132,-90
103000132,53,117,-64
103000133,9,57,-48
103000134,182,1518,-1336
103000135,541,129,412
103000136,364,421,-57
103000137,274,471,-197
103000138,342,518,-176
103000139,1,32,-31
103000140,122,12,110
103000141,9,150,-141
103000142,136,50,86
103000143,20,113,-93
103000144,259,45,214
103000145,6,71,-65
103000150,53,50,3
103000152,199,494,-295
103000153,132,346,-214
103000156,5,63,-58
103000157,545,0,545
103000159,328,95,233
103000162,4,25,-21
103000163,5,36,-31
103000164,12,10,2
103000165,63,75,-12
103000166,335,670,-335
103000167,274,252,22
103000168,287,332,-45
103000169,428,1036,-608
103000170,2228,219,2009
103000171,32,132,-100
103000172,1214,83,1131
103000173,1858,144,1714
103000174,647,202,445
103000175,446,63,383
103000176,1157,1195,-38
103000177,240,665,-425
103000178,53,220,-167
103000179,169,65,104
103000183,656,14,642
103000185,318,75,243
103000186,583,52,531
103000187,2021,84,1937
103000188,9,72,-63
103000189,982,562,420
103000191,449,200,249
103000292,456,2165,-1709
103000293,495,4200,-3705
103000295,39,151,-112
103000296,82,1,81
103000297,4,7,-3
103000504,12,13,-1
103000505,4,18,-14
103000506,0,106,-106
103000507,279,3,276
103000508,64,41,23
103000509,250,434,-184
103900001,28,25,3
103900002,632,50,582
103900003,857,243,614
103900004,163,0,163
103900005,0,60,-60
103900006,1,4,-3
103900007,185,0,185
103900008,11,4,7
103900009,419,89,330
103900010,286,61,225
103900011,1137,78,1059
103900012,27,103,-76
103900013,92,2,90
103900014,202,25,177
103900015,142,11,131
103900016,204,183,21
103900017,84,59,25
103900018,194,20,174
103900019,23,752,-729
103900020,491,292,199
103900021,32,19,13
103900022,577,494,83
103900023,344,2,342
103900024,154,127,27
103900025,1,5,-4
103900026,1,0,1
103900027,261,189,72
103900028,68,399,-331
103900029,1493,117,1376
103900030,251,70,181
103900031,149,5,144
103900032,203,152,51
103900033,108,29,79
103900034,123,43,80
103900035,103,170,-67
103900036,16,17,-1
103900037,244,130,114
103900038,96,271,-175
103900039,295,52,243
103900040,21,120,-99
103900041,141,20,121
103900042,231,39,192
103900043,485,16,469
103900044,27,641,-614
103900045,565,292,273
103900047,186,14,172
103900048,6,66,-60
103900049,92,970,-878
103900050,26,227,-201
103900051,0,102,-102
103900052,342,263,79
103900053,625,98,527
103900054,385,80,305
103900055,641,106,535
103900056,156,124,32
103900057,359,41,318
103900058,715,132,583
103900059,0,308,-308
103900060,117,36,81
103900061,311,8,303
103900062,1269,393,876
103900063,22,0,22
103900064,293,2,291
103900065,250,632,-382
103900066,392,55,337
103900067,356,18,338
103900068,3,0,3
103900069,146,4,142
103900070,141,132,9
103900071,40,33,7
103900072,67,69,-2
103900073,80,41,39
103900074,186,18,168
103900075,282,22,260
103900076,1069,188,881
103900077,37,106,-69
103900078,593,105,488
103900079,49,153,-104
103900080,1,15,-14
103900081,20,23,-3
103900082,31,46,-15
103900083,1062,2298,-1236
103900084,21,390,-369
103900085,52,64,-12
103900086,2440,320,2120
103900088,282,574,-292
103900089,54,237,-183
103900090,2,50,-48
103900091,818,58,760
103900092,914,507,407
103900093,38,264,-226
103900094,4,51,-47
103900095,190,292,-102
103900096,234,20,214
103900097,60,124,-64
103900098,458,98,360
103900099,476,30,446
103900100,519,62,457
103900101,2203,856,1347
103900102,4,159,-155
103900104,1,14,-13
103900105,55,27,28
103900106,8,2351,-2343
103900107,389,11,378
103900108,126,83,43
103900109,369,10,359
103900110,446,27,419
103900111,480,117,363
103900112,41,31,10
103900113,25,95,-70
103900114,535,182,353
103900115,156,150,6
103900116,1170,3648,-2478
103900117,49,22,27
103900119,15,254,-239
103900120,133,26,107
103900122,279,62,217
103900123,255,975,-720
103900124,35,132,-97
103900125,136,29,107
103900126,832,41,791
103900127,183,103,80
103900128,270,34,236
103900131,59,83,-24
103900133,808,7,801
103900134,0,11,-11
103900135,0,1,-1
103900137,2,22,-20
103900138,384,15,369
103900139,159,4557,-4398
103900140,3,560,-557
103900141,190,21,169
103900142,887,50,837
103900143,284,0,284
103900144,12,25,-13
103900145,149,130,19
103900146,320,141,179
103900147,594,46,548
103900148,621,180,441
103900149,390,67,323
103900150,3445,6786,-3341
103900151,21,74,-53
103900152,1644,157,1487
103900153,14,18,-4
103900154,128,2993,-2865
103900155,43,34,9
103900156,51,8,43
103900157,347,11,336
103900158,621,5,616
103900159,733,5,728
103900160,31,11,20
103900161,56,90,-34
103900162,63,9,54
103900163,3,299,-296
103900167,3,135,-132
103900168,71,23,48
103900169,6,42,-36
103900170,0,26,-26
103900171,0,5,-5
103900172,3,5,-2
103900173,28,41,-13
103900174,499,35,464
103900175,24,197,-173
103900176,0,25,-25
103900177,1,5,-4
103900178,105,4,101
103900179,64,11,53
103900180,5,22,-17
103900181,5,38,-33
103900182,19,10,9
103900184,144,43,101
103900185,26,1606,-1580
103900187,15,177,-162
103900188,198,104,94
103900189,244,3,241
103900190,164,50,114
103900191,53,11,42
103900192,28,16,12
103900193,39,26,13
103900194,57,55,2
103900195,4,244,-240
103900196,95,62,33
103900197,4,55,-51
103900198,6,13,-7
103900199,180,20,160
103900200,277,22,255
103900201,72,14,58
103900202,6,55,-49
103900203,93,79,14
103900204,0,13,-13
103900207,0,30,-30
103900208,293,2,291
103900209,1,35,-34
103900210,91,29,62
103900211,1149,143,1006
103900212,201,71,130
103900213,9,181,-172
103900214,152,508,-356
103900215,77,341,-264
103900216,6,54,-48
103900217,561,137,424
103900218,1,477,-476
103900219,479,85,394
103900233,193,8,185
103900235,44,165,-121
103900236,7,6,1
103900242,1,2,-1
103900243,0,5,-5
103900244,235,51,184
103900245,220,88,132
103900246,24,71,-47
103900247,11,22,-11
103900248,0,31,-31
103900249,0,90,-90
103900250,37,12,25
103900251,0,13,-13
103900253,0,84,-84
103900254,4,10,-6
103900255,1,37,-36
103900256,32,12,20
103900257,97,206,-109
103900258,9,4,5
103900259,8,30,-22
103900261,91,2,89
103900262,62,6,56
103900263,32,102,-70
103900264,1,0,1
103900265,11,0,11
103900266,7,62,-55
103900267,1,55,-54
103900268,81,27,54
103900269,435,14,421
103900270,124,38,86
103900271,43,17,26
103900272,76,39,37
103900273,177,2,175
103900274,512,3,509
103900275,447,5,442
103900276,17,5,12
103900277,18,6,12
103900278,8,17,-9
103900279,3,81,-78
103900280,5,19,-14
104000001,3792,1625,2167
104000002,2633,1294,1339
104000003,2368,1254,1114
104000004,3367,1573,1794
104000005,2517,1355,1162
104000006,3105,2022,1083
104000007,4973,3851,1122
104000008,196,181,15
104000009,212,135,77
104000010,268,534,-266
104000011,167,102,65
104000012,194,88,106
104000013,320,486,-166
104000014,227,155,72
104000015,510,107,403
104000016,363,99,264
104000018,807,210,597
104000019,1005,379,626
104000020,33,187,-154
104000021,440,187,253
104000022,487,382,105
104000023,2036,457,1579
104000024,236,155,81
104000026,39,109,-70
104000027,359,117,242
104000028,647,246,401
104000029,424,240,184
104000030,653,274,379
104000031,1704,96,1608
104000032,151,69,82
104000033,1124,238,886
104000034,254,94,160
104000035,1443,231,1212
104000036,1465,259,1206
104000037,150,100,50
104000038,560,439,121
104000039,244,46,198
104000040,83,647,-564
104000041,931,562,369
104000042,189,94,95
104000043,122,315,-193
104000044,281,2088,-1807
104000045,679,700,-21
104000046,667,604,63
104000047,781,430,351
104000048,1020,457,563
104000049,949,361,588
104000050,53,437,-384
104000051,413,570,-157
104000052,2162,2300,-138
104000053,1602,623,979
104000054,972,294,678
104000055,2123,1812,311
104000056,532,48,484
104000057,387,90,297
104000058,1584,656,928
104000059,1002,1063,-61
104000060,1701,1707,-6
104000061,1431,453,978
104000062,310,106,204
104000064,791,183,608
104000065,155,471,-316
104000069,325,1844,-1519
104000070,68,643,-575
104000071,184,184,0
104000072,938,177,761
104000075,24,281,-257
104000076,876,51,825
104000082,2298,3594,-1296
104000083,654,125,529
104000084,160,184,-24
104000085,668,281,387
104000086,346,226,120
104000087,295,1557,-1262
104000090,1494,419,1075
104000092,1827,510,1317
104000094,733,503,230
104000095,3404,1391,2013
104000096,3584,22,3562
104000097,3767,318,3449
104000098,4910,398,4512
104000100,3661,842,2819
104000101,2170,1174,996
104000106,18,449,-431
104000107,611,165,446
104000108,286,249,37
104000109,488,156,332
104000110,817,1264,-447
104000111,2106,5184,-3078
104000112,689,528,161
104000116,1,331,-330
104000117,413,161,252
104000118,2685,124,2561
104000119,1263,355,908
104000120,497,563,-66
104000121,332,223,109
104000122,779,349,430
104000123,902,461,441
104000124,270,996,-726
104000125,1353,5782,-4429
104000126,548,446,102
104000127,1357,1135,222
104000128,753,104,649
104000129,539,10,529
104000130,0,510,-510
104000131,222,438,-216
104000132,380,637,-257
104000133,2130,704,1426
104000134,1040,1507,-467
104000135,449,1252,-803
104000136,509,2285,-1776
104000137,1556,270,1286
104000138,903,378,525
104000139,1853,2050,-197
104000141,626,356,270
104000142,841,268,573
104000143,1064,198,866
104000144,134,231,-97
104000145,345,86,259
104000146,99,494,-395
104000147,213,358,-145
104000148,584,113,471
104000149,202,57,145
104000150,1214,216,998
104000151,596,130,466
104000152,775,153,622
104000153,1192,387,805
104000154,589,156,433
104000155,460,766,-306
104000157,1490,589,901
104000158,96,254,-158
104000159,980,306,674
104000160,1627,2552,-925
104000161,129,85,44
104000162,125,80,45
104000165,1147,717,430
104000167,693,1816,-1123
104000168,1743,7,1736
104000169,352,31,321
104000170,192,258,-66
104000248,521,494,27
104000251,65,111,-46
104000272,0,0,0
104000273,0,0,0
104000274,0,0,0
104000275,0,0,0
104000279,606,440,166
104000290,39,225,-186
104000291,493,1247,-754
104000293,1567,1073,494
104000294,290,1,289
104000295,1044,776,268
104000296,825,444,381
104000297,931,1729,-798
104000298,1663,579,1084
104000299,1722,587,1135
104900001,58,78,-20
104900002,63,353,-290
104900003,106,101,5
104900004,232,45,187
104900005,1043,177,866
104900006,1322,137,1185
104900007,906,122,784
104900009,267,89,178
104900010,206,7,199
104900011,4,7,-3
104900012,259,34,225
104900013,58,33,25
104900014,1007,123,884
104900015,160,4,156
104900016,225,95,130
104900017,118,176,-58
104900018,2,27,-25
104900019,108,6830,-6722
104900020,89,232,-143
104900021,2,11,-9
104900022,3,137,-134
104900023,2,10,-8
104900024,9,185,-176
104900025,51,100,-49
104900026,2,31,-29
104900027,1175,321,854
104900028,37,134,-97
104900029,13,22,-9
104900030,787,121,666
104900031,13,184,-171
104900032,13,53,-40
104900033,460,130,330
104900034,482,180,302
104900035,746,225,521
104900036,484,20,464
104900037,328,65,263
104900038,89,2693,-2604
104900039,193,293,-100
104900040,700,17,683
104900041,457,91,366
104900042,284,88,196
104900043,63,648,-585
104900044,1468,78,1390
104900045,441,37,404
104900046,977,57,920
104900047,687,72,615
104900048,764,38,726
104900049,135,42,93
104900050,1140,88,1052
104900051,460,13,447
104900052,340,1,339
104900053,733,40,693
104900054,458,79,379
104900055,580,4,576
104900056,555,22,533
104900057,149,5,144
104900058,737,34,703
104900059,148,39,109
104900060,0,184,-184
104900061,251,66,185
104900063,1,170,-169
104900064,0,61,-61
104900065,2,291,-289
104900066,0,24,-24
104900067,0,819,-819
104900068,28,625,-597
104900070,27,211,-184
104900071,0,213,-213
104900072,21,77,-56
104900073,178,115,63
104900074,99,52,47
104900075,37,23,14
104900076,333,69,264
104900077,399,98,301
104900078,320,110,210
104900079,67,1814,-1747
104900080,278,202,76
104900082,3,128,-125
104900085,10,112,-102
104900087,420,4,416
104900089,820,0,820
104900090,1597,1245,352
104900091,323,485,-162
104900093,180,153,27
104900097,743,3413,-2670
104900098,362,81,281
104900099,116,850,-734
104900100,294,82,212
104900102,61,108,-47
104900103,374,39,335
104900104,1408,1360,48
104900106,340,95,245
104900107,53,121,-68
104900108,2,385,-383
104900109,187,227,-40
104900110,19,6,13
104900111,182,11,171
104900112,419,112,307
104900113,1051,110,941
104900114,847,358,489
104900115,1324,63,1261
104900116,926,72,854
104900118,26,14,12
104900119,0,51,-51
104900120,27,1708,-1681
104900121,1,7,-6
104900122,1,40,-39
104900123,384,25,359
104900124,268,19,249
104900125,552,4,548
104900126,32,13,19
104900127,56,5,51
104900128,152,83,69
104900129,589,3300,-2711
105000001,3544,1030,2514
105000002,2174,1445,729
105000003,2743,3200,-457
105000004,1614,684,930
105000005,2377,1478,899
105000006,1325,2103,-778
105000007,1822,2698,-876
105000008,788,3478,-2690
105000009,4268,4810,-542
105000010,2657,862,1795
105000011,3235,4167,-932
105000012,1852,1399,453
105000013,1264,1675,-411
105000014,4845,4342,503
105000015,7177,14581,-7404
105000016,743,684,59
105000017,1588,1060,528
105000018,494,2032,-1538
105000019,952,1025,-73
105000020,40,535,-495
105000021,272,148,124
105000022,151,166,-15
105000023,1080,104,976
105000028,5,64,-59
105000029,760,1092,-332
105000030,2515,2234,281
105000031,5,96,-91
105000033,1320,644,676
105000034,83,1811,-1728
105000037,1063,157,906
105000038,810,1722,-912
105000039,563,724,-161
105000040,993,1900,-907
105000041,213,718,-505
105000042,1603,1667,-64
105000043,611,387,224
105000044,941,290,651
105000045,251,195,56
105000046,1574,225,1349
105000047,521,229,292
105000048,1809,290,1519
105000049,245,401,-156
105000050,1362,647,715
105000051,255,299,-44
105000052,827,1556,-729
105000053,96,155,-59
105000054,571,1088,-517
105000055,1123,645,478
105000056,2419,2983,-564
105000057,2214,2736,-522
105000058,1636,1210,426
105000059,2082,756,1326
105000060,836,370,466
105000061,2614,503,2111
105000062,814,399,415
105000063,571,220,351
105000064,3908,689,3219
105000065,792,345,447
105000066,1293,733,560
105000067,2356,978,1378
105000068,351,645,-294
105000069,1029,4309,-3280
105000070,464,1213,-749
105000071,167,2725,-2558
105000072,2210,10330,-8120
105000073,1637,778,859
105000074,534,340,194
105000075,696,454,242
105000076,1304,750,554
105000077,2155,681,1474
105000078,756,826,-70
105000079,652,1758,-1106
105000080,1908,1765,143
105000081,1024,1136,-112
105000082,814,1270,-456
105000083,1761,1800,-39
105000084,627,912,-285
105000085,2425,2154,271
105000086,981,782,199
105000087,1605,1637,-32
105000088,2352,3801,-1449
105000089,1670,1072,598
105000090,544,288,256
105000091,654,391,263
105000092,569,409,160
105000093,279,331,-52
105000094,276,102,174
105000095,230,583,-353
105000096,1594,1806,-212
105000097,388,465,-77
105000098,2071,1455,616
105000099,682,995,-313
105000100,2813,1807,1006
105000101,3513,842,2671
105000102,2546,1268,1278
105000103,1401,1618,-217
105000104,3538,4101,-563
105000105,1514,3530,-2016
105000106,2631,590,2041
105000107,2506,1263,1243
105000108,2857,805,2052
105000109,4396,509,3887
105000110,1383,257,1126
105000111,2735,346,2389
105000112,1459,320,1139
105000113,738,750,-12
105000114,1130,1377,-247
105000115,310,2741,-2431
105000116,1852,692,1160
105000117,1716,346,1370
105000118,1645,327,1318
105000119,1265,495,770
105000120,2851,440,2411
105000121,1712,594,1118
105000122,739,1139,-400
105000123,790,388,402
105000124,3456,554,2902
105000125,1596,889,707
105000126,3472,1202,2270
105000127,3740,1109,2631
105000128,1173,1487,-314
105000129,2172,1804,368
105000130,175,4514,-4339
105000131,303,62,241
105000132,2403,1268,1135
105000133,418,390,28
105000134,2380,282,2098
105000135,290,301,-11
105000136,104,54,50
105000137,1015,214,801
105000138,172,64,108
105000139,1180,290,890
105000140,916,312,604
105000141,621,184,437
105000142,437,502,-65
105000143,288,225,63
105000144,449,328,121
105000145,916,183,733
105000146,513,290,223
105000147,824,218,606
105000148,1208,459,749
105000149,4651,1105,3546
105000150,1650,494,1156
105000151,1500,348,1152
105000152,310,646,-336
105000153,1976,266,1710
105000154,1333,408,925
105000155,1167,261,906
105000156,437,336,101
105000157,1111,474,637
105000158,4167,427,3740
105000159,448,433,15
105000160,5539,516,5023
105000161,1122,513,609
105000162,739,4451,-3712
105000163,1290,587,703
105000164,160,243,-83
105000165,714,14406,-13692
105000166,3105,2866,239
105000167,1420,5257,-3837
105000168,542,309,233
105000169,1501,71,1430
105000170,864,1165,-301
105000171,2010,299,1711
105000172,768,7,761
105000173,1155,9,1146
105000174,234,24,210
105000175,415,39,376
105000176,1117,89,1028
105000177,753,371,382
105000178,669,136,533
105000179,2396,64,2332
105000180,788,27,761
105000181,390,126,264
105000182,137,79,58
105000183,2037,3772,-1735
105000184,338,827,-489
105000185,340,1336,-996
105000186,459,790,-331
105000187,1062,322,740
105000188,142,193,-51
105000189,80,362,-282
105000190,338,290,48
105000191,596,293,303
105000192,432,55,377
105000193,100,63,37
105000194,1168,80,1088
105000195,526,309,217
105000196,100,555,-455
105000197,111,341,-230
105000198,144,116,28
105000199,98,1386,-1288
105000200,153,738,-585
105000201,104,97,7
105000203,33,87,-54
105000204,123,84,39
105000205,167,58,109
105000207,163,42,121
105000208,144,319,-175
105000209,222,61,161
105000211,910,6,904
105000212,1918,409,1509
105000213,91,56,35
105000214,206,89,117
105000215,464,158,306
105000216,421,68,353
105000217,283,57,226
105000218,3560,930,2630
105000221,151,139,12
105000222,674,157,517
105000223,894,228,666
105000226,353,70,283
105000227,114,104,10
105000228,26,1381,-1355
105000229,338,748,-410
105000231,668,93,575
105000233,1471,1434,37
105000234,282,771,-489
105000235,796,498,298
105000237,1780,86,1694
105000243,104,44,60
105000248,59,95,-36
105000262,927,276,651
105000269,121,172,-51
105000270,973,21,952
105000271,0,182,-182
105000282,84,44,40
105000287,173,53,120
105000288,1371,1462,-91
105000289,669,1145,-476
105000290,35,6,29
105000402,1405,4846,-3441
105000426,229,280,-51
105000438,845,872,-27
105000440,69,4,65
105000446,5639,3121,2518
105000447,1448,1104,344
105000454,1001,91,910
105000455,189,84,105
105000474,180,2,178
105000477,1905,465,1440
105000478,3187,5598,-2411
105000479,136,95,41
105000480,4136,5834,-1698
105000481,4738,3980,758
105000482,1907,2076,-169
105000483,2155,3153,-998
105000484,1159,1338,-179
105000485,991,4097,-3106
105000486,1328,1585,-257
105000488,2127,1219,908
105000489,2320,766,1554
105000549,164,372,-208
105000550,472,514,-42
105000551,17,61,-44
105000552,1893,910,983
105000555,690,1583,-893
105000556,78,23,55
105000557,37,127,-90
105900001,6,1821,-1815
105900002,719,2026,-1307
105900003,9,161,-152
105900004,208,39,169
105900005,56,928,-872
105900006,7,46,-39
105900007,26,50,-24
105900008,231,153,78
105900009,98,40,58
105900011,158,24,134
105900012,415,30,385
105900013,1,31,-30
105900014,1,34,-33
105900015,118,333,-215
105900016,914,154,760
105900017,3089,73,3016
105900018,269,119,150
105900019,128,72,56
105900020,144,24,120
105900021,47,82,-35
105900022,426,130,296
105900023,48,52,-4
105900024,3,511,-508
105900025,614,1,613
105900026,180,0,180
105900027,9468,2873,6595
105900028,190,413,-223
105900029,1611,163,1448
105900030,219,203,16
105900031,590,70,520
105900032,160,21,139
105900033,174,146,28
105900034,679,118,561
105900035,600,240,360
105900036,159,117,42
105900037,298,9,289
105900038,223,277,-54
105900039,184,91,93
105900040,242,55,187
105900041,349,100,249
105900042,235,318,-83
105900043,682,27,655
105900044,2,566,-564
105900045,4,2309,-2305
105900046,1,104,-103
105900047,21,71,-50
105900048,104,310,-206
105900050,686,5068,-4382
105900051,41,644,-603
105900052,1200,100,1100
105900053,3036,5859,-2823
105900054,250,171,79
105900056,307,747,-440
105900057,4,84,-80
105900058,19,8,11
105900059,2,234,-232
106000001,1856,2503,-647
106000002,862,1850,-988
106000003,3912,4457,-545
106000004,1378,1689,-311
106000005,5284,3335,1949
106000006,4747,1160,3587
106000007,680,278,402
106000008,369,247,122
106000009,570,158,412
106000010,178,340,-162
106000011,2314,666,1648
106000012,983,533,450
106000013,1729,1176,553
106000014,1494,1097,397
106000015,2823,657,2166
106000016,1644,1042,602
106000017,563,375,188
106000018,588,193,395
106000019,620,300,320
106000020,272,146,126
106000021,650,296,354
106000022,261,155,106
106000023,1043,193,850
106000024,563,237,326
106000025,188,189,-1
106000026,122,172,-50
106000027,2713,1072,1641
106000028,1080,255,825
106000029,1141,549,592
106000030,184,418,-234
106000034,123,332,-209
106000035,1497,1628,-131
106000036,46,369,-323
106000037,924,688,236
106000038,64,326,-262
106000039,64,209,-145
106000040,67,650,-583
106000041,805,434,371
106000043,396,215,181
106000046,290,36,254
106000047,69,314,-245
106000049,2138,101,2037
106000050,196,345,-149
106000051,1901,779,1122
106000052,111,143,-32
106000053,777,77,700
106000054,253,102,151
106000055,1507,293,1214
106000056,252,145,107
106000057,862,134,728
106000058,234,37,197
106000059,712,172,540
106000060,157,226,-69
106000061,183,793,-610
106000062,138,144,-6
106000063,1443,964,479
106000064,9,157,-148
106000065,729,148,581
106000066,170,710,-540
106000067,795,72,723
106000068,169,164,5
106000069,674,60,614
106000070,486,146,340
106000071,1137,132,1005
106000072,2285,1145,1140
106000073,1505,7203,-5698
106000074,843,681,162
106000075,602,898,-296
106000076,1103,1413,-310
106000077,1611,376,1235
106000078,2108,233,1875
106000079,1241,455,786
106000080,1694,230,1464
106000081,1234,440,794
106000082,1713,351,1362
106000083,649,636,13
106000084,835,350,485
106000085,1300,720,580
106000086,430,323,107
106000087,698,243,455
106000088,407,385,22
106000089,1555,159,1396
106000090,497,327,170
106000091,291,451,-160
106000092,1101,195,906
106000093,773,50,723
106000094,194,200,-6
106000095,1493,409,1084
106000096,2424,328,2096
106000097,2173,839,1334
106000098,1665,482,1183
106000099,142,323,-181
106000100,2842,223,2619
106000101,1227,133,1094
106000102,80,451,-371
106000103,329,850,-521
106000104,1662,695,967
106000105,425,544,-119
106000106,1408,143,1265
106000107,350,216,134
106000108,741,67,674
106000109,297,141,156
106000110,723,131,592
106000111,313,90,223
106000112,425,1073,-648
106000113,641,371,270
106000114,648,1344,-696
106000115,362,261,101
106000116,594,101,493
106000117,1159,515,644
106000118,1866,1268,598
106000119,1012,392,620
106000120,1272,2492,-1220
106000121,603,162,441
106000122,512,82,430
106000123,1375,64,1311
106000124,341,99,242
106000125,118,58,60
106000126,751,82,669
106000127,3009,437,2572
106000128,2347,236,2111
106000129,1343,228,1115
106000130,2155,146,2009
106000131,340,816,-476
106000132,1087,60,1027
106000133,1152,2551,-1399
106000134,832,5654,-4822
106000135,258,466,-208
106000136,1418,2637,-1219
106000137,190,947,-757
106000138,5131,121,5010
106000139,155,56,99
106000140,112,22,90
106000141,171,14,157
106000142,210,73,137
106000143,20,39,-19
106000144,40,74,-34
106000145,754,71,683
106000146,957,83,874
106000147,674,523,151
106000148,579,496,83
106000149,1487,236,1251
106000150,1681,2737,-1056
106000151,3697,314,3383
106000152,601,2798,-2197
106000153,234,727,-493
106000154,1208,88,1120
106000155,371,334,37
106000156,2299,135,2164
106000157,612,1838,-1226
106000158,1185,518,667
106000159,2520,3176,-656
106000160,1082,5901,-4819
106000161,585,149,436
106000162,674,2363,-1689
106000163,488,136,352
106000164,1111,268,843
106000165,217,256,-39
106000166,2167,205,1962
106000167,653,454,199
106000168,1737,171,1566
106000169,418,567,-149
106000170,1441,115,1326
106000171,358,866,-508
106000172,3424,1285,2139
106000173,1009,1589,-580
106000174,2070,244,1826
106000175,221,195,26
106000176,3729,599,3130
106000177,1911,915,996
106000178,4351,741,3610
106000179,1205,807,398
106000180,1668,476,1192
106000181,3882,889,2993
106000182,3138,353,2785
106000183,3323,216,3107
106000184,2158,308,1850
106000185,3162,1842,1320
106000186,533,38,495
106000187,118,2369,-2251
106000188,1,0,1
106000189,27,20,7
106000190,57,3,54
106000191,573,51,522
106000192,0,3,-3
106000193,406,279,127
106000194,129,411,-282
106000195,117,92,25
106000196,70,865,-795
106000197,1031,742,289
106000198,321,500,-179
106000199,622,2799,-2177
106000200,268,266,2
106000201,579,11345,-10766
106000202,2268,725,1543
106000203,21,133,-112
106000204,123,10,113
106000205,9,116,-107
106000206,107,24,83
106000207,32,235,-203
106000208,2743,52,2691
106000209,3618,217,3401
106000210,762,312,450
106000211,239,832,-593
106000212,2408,428,1980
106000213,269,920,-651
106000214,1464,287,1177
106000215,496,711,-215
106000216,1201,384,817
106000217,195,349,-154
106000218,336,95,241
106000219,184,127,57
106000220,981,217,764
106000221,441,74,367
106000222,237,49,188
106000223,711,46,665
106000224,361,50,311
106000225,178,180,-2
106000226,142,106,36
106000228,33,83,-50
106000229,258,389,-131
106000231,2324,103,2221
106000232,200,398,-198
106000233,927,152,775
106000234,142,1717,-1575
106000235,377,2415,-2038
106000236,107,2110,-2003
106000237,2,13,-11
106000238,7,182,-175
106000239,3,237,-234
106000240,72,14,58
106000241,6,684,-678
106000242,659,15,644
106000249,161,73,88
106000250,102,1044,-942
106000251,230,4,226
106000252,25,351,-326
106000253,156,73,83
106000254,233,53,180
106000255,107,232,-125
106000256,141,43,98
106000257,138,145,-7
106000258,87,430,-343
106000259,33,807,-774
106000260,42,32,10
106000261,3,142,-139
106000262,78,25,53
106000263,59,153,-94
106000264,336,4,332
106000265,42,124,-82
106000266,296,31,265
106000267,22,73,-51
106000268,526,23,503
106000269,128,30,98
106000270,200,253,-53
106000271,78,112,-34
106000272,158,105,53
106000273,55,186,-131
106000274,213,25,188
106000275,349,76,273
106000276,34,9,25
106000277,154,127,27
106000278,141,2,139
106000279,21,10,11
106000280,231,14,217
106000281,105,9,96
106000282,200,49,151
106000283,189,13,176
106000284,387,46,341
106000285,141,72,69
106000286,133,27,106
106000287,74,24,50
106000288,249,28,221
106000289,82,35,47
106000290,265,51,214
106000291,137,48,89
106000292,188,20,168
106000293,145,75,70
106000294,133,8,125
106000295,29,115,-86
106000296,22,26,-4
106000297,30,131,-101
106000298,39,159,-120
106000299,44,24,20
106000300,31,65,-34
106000301,14,132,-118
106000303,135,40,95
106000304,147,9,138
106000305,224,13,211
106000306,121,21,100
106000307,383,10,373
106000308,146,26,120
106000309,23,15,8
106000310,399,87,312
106000311,574,94,480
106000312,334,64,270
106000313,494,44,450
106000318,149,421,-272
106000319,2840,756,2084
106000320,1,320,-319
106000321,164,529,-365
106000322,455,47,408
106000324,120,131,-11
106000325,2525,357,2168
106000326,819,577,242
106000327,723,44,679
106000328,22,715,-693
106000329,24,794,-770
106000330,18,239,-221
106000428,114,246,-132
106000429,136,300,-164
106000430,230,1373,-1143
106000431,3667,454,3213
106000432,773,1450,-677
106000433,3414,1162,2252
106000434,5053,1097,3956
106000435,1159,1229,-70
106000436,6,168,-162
106000437,1957,52,1905
106000438,598,708,-110
106000439,51,730,-679
106000440,290,265,25
106000441,14,1,13
106000442,2447,19,2428
106000443,526,116,410
106000450,0,90,-90
106000451,51,368,-317
106000454,2,243,-241
106000455,1,103,-102
106000456,313,9,304
106000457,55,283,-228
106000458,2221,78,2143
106000459,1243,57,1186
106000460,3602,26,3576
106000461,872,181,691
106000462,1,76,-75
106000463,2,5,-3
106000464,3,155,-152
106000465,1676,8,1668
106000466,0,125,-125
106000467,100,349,-249
106000468,384,91,293
106000469,101,0,101
106000470,266,2736,-2470
106000471,3,227,-224
106000472,708,5,703
106000473,76,2,74
106000474,358,316,42
106000475,1165,458,707
106000476,244,365,-121
106000477,109,70,39
106000480,5,1941,-1936
106900001,0,3,-3
106900002,0,97,-97
106900003,51,968,-917
106900004,0,19,-19
106900006,0,1,-1
106900007,0,2,-2
106900008,1268,47,1221
106900009,1040,79,961
106900010,546,172,374
106900012,697,4558,-3861
106900013,1142,241,901
106900014,250,6,244
106900015,57,2,55
106900016,749,60,689
106900017,33,16,17
106900018,21,1,20
106900019,492,1,491
106900020,1109,4125,-3016
106900021,350,94,256
106900022,2658,22,2636
106900023,82,105,-23
106900024,818,55,763
106900025,21,275,-254
106900026,0,88,-88
106900027,2501,2,2499
107000001,3566,3728,-162
107000002,1586,2022,-436
107000003,11197,8058,3139
107000004,3121,1423,1698
107000005,13137,8682,4455
107000006,3684,1912,1772
107000007,5717,7827,-2110
107000008,3898,2489,1409
107000009,11465,8386,3079
107000010,5262,3087,2175
107000011,642,888,-246
107000012,2067,3975,-1908
107000013,198,37,161
107000014,249,84,165
107000015,809,339,470
107000016,1589,447,1142
107000017,553,893,-340
107000018,7,681,-674
107000020,732,509,223
107000021,917,437,480
107000022,1259,2842,-1583
107000023,2214,181,2033
107000024,1424,3310,-1886
107000025,538,135,403
107000026,357,514,-157
107000027,3094,438,2656
107000028,2035,476,1559
107000029,6202,2776,3426
107000030,2309,1100,1209
107000031,7943,2619,5324
107000032,400,537,-137
107000033,1859,4142,-2283
107000034,2805,819,1986
107000035,597,123,474
107000036,447,1201,-754
107000037,209,512,-303
107000038,293,95,198
107000039,1380,658,722
107000040,345,127,218
107000041,999,382,617
107000042,691,2562,-1871
107000043,1078,599,479
107000044,205,119,86
107000045,22,116,-94
107000046,929,196,733
107000047,479,320,159
107000048,652,137,515
107000049,490,367,123
107000050,723,275,448
107000051,210,345,-135
107000052,794,3136,-2342
107000053,317,774,-457
107000054,27,123,-96
107000055,424,169,255
107000056,630,513,117
107000057,1422,111,1311
107000058,2356,2185,171
107000059,2057,2013,44
107000060,8526,3986,4540
107000061,4068,1486,2582
107000062,11251,3313,7938
107000063,3809,1564,2245
107000064,8013,6112,1901
107000065,2080,2918,-838
107000066,1675,3160,-1485
107000067,1685,922,763
107000068,808,859,-51
107000069,1505,939,566
107000070,1323,35,1288
107000071,7412,30,7382
107000072,12,593,-581
107000073,2116,1093,1023
107000074,77,304,-227
107000075,3119,114,3005
107000076,207,492,-285
107000077,3968,326,3642
107000078,516,604,-88
107000079,4658,720,3938
107000080,343,767,-424
107000081,6102,750,5352
107000082,494,580,-86
107000083,2039,1789,250
107000084,184,837,-653
107000085,2859,2822,37
107000086,2884,1798,1086
107000087,3817,3390,427
107000088,2927,2416,511
107000089,1612,2500,-888
107000090,1672,709,963
107000091,2476,688,1788
107000092,1079,508,571
107000093,2092,1151,941
107000094,1091,510,581
107000095,2625,896,1729
107000096,839,602,237
107000097,3481,850,2631
107000098,571,484,87
107000099,913,421,492
107000100,231,313,-82
107000101,100,275,-175
107000102,248,313,-65
107000103,684,391,293
107000104,195,278,-83
107000105,915,1137,-222
107000106,211,130,81
107000107,1531,145,1386
107000108,330,321,9
107000109,2495,224,2271
107000110,216,149,67
107000111,1420,54,1366
107000112,51,107,-56
107000113,2228,99,2129
107000114,139,214,-75
107000115,1355,1321,34
107000116,133,236,-103
107000117,303,5544,-5241
107000118,152,65,87
107000119,1211,1823,-612
107000120,684,1358,-674
107000121,1166,538,628
107000122,676,484,192
107000123,972,343,629
107000124,934,185,749
107000125,2094,281,1813
107000126,2517,193,2324
107000129,501,348,153
107000130,1378,150,1228
107000131,436,300,136
107000132,1004,233,771
107000133,293,137,156
107000134,252,0,252
107000135,0,215,-215
107000136,582,2,580
107000137,6,302,-296
107000138,116,27,89
107000139,7,334,-327
107000140,2318,46,2272
107000141,68,1649,-1581
107000142,687,50,637
107000143,11,1667,-1656
107000144,608,719,-111
107000145,46,755,-709
107000146,179,459,-280
107000147,4876,801,4075
107000150,156,5516,-5360
107000151,1,46,-45
107000152,390,3632,-3242
107000153,59,156,-97
107000154,8,63,-55
107000155,1325,7,1318
107000156,1784,11,1773
107000157,22,230,-208
107000158,1793,60,1733
107000159,5,221,-216
107000160,2793,201,2592
107000161,86,242,-156
107000162,517,1032,-515
107000163,564,2,562
107000164,2136,3,2133
107000165,2857,4,2853
107000166,8,161,-153
107000167,1852,289,1563
107000168,1439,568,871
107000169,219,284,-65
107000170,6193,814,5379
107000171,742,471,271
107000172,2728,2691,37
107000173,535,248,287
107000174,1707,8935,-7228
107000175,2692,354,2338
107000176,0,1,-1
107000177,2,0,2
107000178,291,8,283
107000179,694,611,83
107000180,2771,128,2643
107000181,843,387,456
107000182,3099,291,2808
107000183,401,274,127
107000184,2613,334,2279
107000185,520,414,106
107000186,1176,183,993
107000187,1631,1394,237
107000188,825,485,340
107000189,1363,409,954
107000190,1382,480,902
107000191,1673,567,1106
107000192,2300,310,1990
107000193,398,297,101
107000194,781,229,552
107000197,1238,120,1118
107000198,408,405,3
107000199,756,594,162
107000200,1240,875,365
107000201,391,282,109
107000202,526,455,71
107000203,578,1106,-528
107000204,553,2351,-1798
107000205,647,265,382
107000206,223,1028,-805
107000207,337,512,-175
107000208,924,407,517
107000209,517,608,-91
107000210,61,43,18
107000211,13,62,-49
107000212,4,92,-88
107000213,11,6,5
107000214,36,50,-14
107000215,821,218,603
107000216,698,54,644
107000217,271,1010,-739
107000219,65,292,-227
107000220,115,343,-228
107000222,288,186,102
107000224,622,216,406
107000225,192,157,35
107000226,1014,538,476
107000227,200,91,109
107000228,217,732,-515
107000229,67,182,-115
107000230,823,463,360
107000231,351,1040,-689
107000232,169,26,143
107000233,189,526,-337
107000234,3,81,-78
107000235,39,26,13
107000236,3,631,-628
107000237,71,0,71
107000238,47,6,41
107000239,1673,609,1064
107000240,159,164,-5
107000243,0,36,-36
107000244,3,262,-259
107000246,0,257,-257
107000249,0,470,-470
107000251,3,63,-60
107000252,0,221,-221
107000255,198,289,-91
107000257,0,1356,-1356
107000258,7,201,-194
107000259,3,33,-30
107000260,3155,16,3139
107000262,48,141,-93
107000263,940,4,936
107000266,51,17,34
107000267,39,71,-32
107000268,568,35,533
107000269,21,5,16
107000270,440,66,374
107000271,1,0,1
107000272,245,0,245
107000273,18,172,-154
107000274,405,301,104
107000275,31,1406,-1375
107000280,2574,71,2503
107000281,56,298,-242
107000282,19,295,-276
107000290,7,49,-42
107000291,9,11,-2
107000292,0,111,-111
107000293,26,5,21
107000294,1,573,-572
107000295,26,4,22
107000296,0,41,-41
107000444,336,1,335
107000496,28,4,24
107000497,850,805,45
107000500,415,157,258
107000501,126,213,-87
107000502,292,202,90
107000505,393,475,-82
107000506,0,0,0
107000508,0,71,-71
107000509,105,729,-624
107000510,110,208,-98
107000514,51,390,-339
107000515,30,48,-18
107000516,903,488,415
107000518,2965,5435,-2470
107000519,506,320,186
107000520,349,44,305
107000521,2094,253,1841
107000522,3517,259,3258
107900001,150,75,75
107900002,36,4,32
107900003,1307,13,1294
107900004,76,0,76
107900005,6011,32,5979
107900006,309,16,293
107900007,652,36,616
107900008,43,1,42
107900009,110,18,92
107900010,118,20,98
107900012,476,43,433
107900013,279,3,276
107900014,364,11,353
107900015,3924,20,3904
107900016,193,46,147
107900017,96,0,96
107900018,57,530,-473
107900019,7,4,3
107900020,11,53,-42
107900021,389,19,370
107900023,26,5,21
107900024,0,3,-3
107900025,274,45,229
107900026,103,5,98
107900027,26,69,-43
107900028,512,13,499
107900030,371,13,358
107900031,291,75,216
107900032,117,2,115
107900033,38,10,28
107900034,441,12,429
107900035,3027,238,2789
107900036,30,44,-14
107900037,0,6,-6
107900038,34,416,-382
107900039,71,4,67
107900040,2,206,-204
107900041,1,2,-1
107900043,172,20,152
107900044,11,14,-3
107900045,206,48,158
107900046,560,602,-42
107900047,81,5,76
107900048,639,49,590
107900049,350,1446,-1096
107900050,29,87,-58
107900051,52,32,20
107900052,11,177,-166
107900053,197,33,164
107900055,512,114,398
107900056,144,190,-46
107900057,1,0,1
107900058,34,321,-287
107900060,0,112,-112
107900061,2,11,-9
107900063,112,61,51
107900064,163,1256,-1093
107900065,1056,30,1026
107900066,61,4,57
107900067,6,0,6
107900068,135,968,-833
107900069,5,5545,-5540
107900070,222,185,37
107900071,24,188,-164
107900072,253,16,237
107900073,70,358,-288
107900074,186,518,-332
107900076,213,8,205
107900077,165,1,164
107900079,16,39,-23
107900080,115,651,-536
107900081,70,44,26
107900082,2,14,-12
107900083,546,277,269
107900084,311,95,216
107900086,32,763,-731
107900087,393,22,371
107900088,91,6,85
107900089,146,449,-303
107900090,994,2148,-1154
107900091,81,87,-6
107900093,48,82,-34
107900095,1736,1162,574
107900097,30,79,-49
107900098,245,301,-56
107900100,291,2044,-1753
107900101,354,17,337
107900102,75,0,75
107900103,61,89,-28
107900104,622,3,619
107900105,0,58,-58
107900106,1,205,-204
107900107,728,296,432
107900108,147,29,118
107900109,3377,96,3281
107900110,143,22,121
107900111,3,134,-131
107900112,58,762,-704
107900113,467,15,452
107900114,433,46,387
107900115,0,1,-1
107900116,472,49,423
107900117,240,162,78
107900118,28,63,-35
107900119,192,366,-174
107900120,41,7,34
107900121,1,197,-196
107900122,0,41,-41
107900123,18,210,-192
107900124,0,16,-16
107900125,1,73,-72
107900126,45,99,-54
107900127,1610,215,1395
107900128,59,16,43
107900129,303,4,299
107900130,238,3,235
107900131,103,71,32
107900132,25,223,-198
107900133,0,9,-9
107900134,12,23,-11
107900135,2,23,-21
107900136,43,16,27
107900137,77,70,7
107900138,242,6,236
107900139,179,16,163
107900141,20,32,-12
107900142,21,806,-785
107900143,15,7,8
107900144,2,21,-19
107900145,2,41,-39
107900146,52,55,-3
107900147,29,4,25
107900148,142,47,95
107900149,518,11,507
107900150,37,158,-121
107900151,8,6,2
107900152,24,61,-37
107900153,143,173,-30
107900154,136,18,118
107900155,207,12,195
107900156,1,60,-59
107900157,34,25,9
107900158,2871,97,2774
107900159,23,272,-249
107900160,232,17,215
107900161,174,13,161
107900162,1,69,-68
107900163,32,39,-7
107900164,67,28,39
107900165,2,355,-353
107900166,59,32,27
107900167,4,17,-13
107900168,197,13,184
107900169,4,2385,-2381
107900171,3,285,-282
107900172,0,115,-115
107900173,100,25,75
107900174,179,5,174
107900175,7,87,-80
107900176,119,14,105
107900177,2,230,-228
107900178,0,155,-155
107900179,59,33,26
107900180,209,2058,-1849
107900181,186,131,55
107900182,0,289,-289
107900183,98,32,66
107900184,289,645,-356
107900185,251,7,244
107900186,39,5,34
107900187,0,56,-56
107900188,805,56,749
107900189,61,330,-269
107900190,10,147,-137
107900191,71,58,13
107900193,2,70,-68
107900194,234,19,215
107900195,2245,204,2041
107900196,168,23,145
107900197,160,135,25
107900199,0,254,-254
107900201,82,35,47
107900203,48,10,38
107900204,79,72,7
107900206,206,717,-511
107900207,0,113,-113
107900208,1,136,-135
107900209,436,177,259
107900210,24,19,5
107900213,376,101,275
107900214,3,61,-58
107900215,116,253,-137
107900216,4,13,-9
107900217,20,44,-24
107900218,6,1076,-1070
107900219,181,23,158
107900220,96,89,7
107900221,77,108,-31
107900223,280,98,182
107900224,76,308,-232
107900225,6,220,-214
107900226,10,29,-19
107900227,52,114,-62
107900228,73,81,-8
107900229,0,35,-35
107900230,56,10,46
107900231,33,42,-9
107900232,427,24,403
107900233,1,31,-30
107900234,668,36,632
107900235,4,63,-59
107900236,759,45,714
107900237,18,202,-184
107900238,99,23,76
107900239,159,679,-520
107900240,104,15,89
107900241,5,21,-16
107900242,11,38,-27
107900243,1,16,-15
107900244,305,3,302
107900245,1791,51,1740
107900246,260,35,225
107900248,631,86,545
107900249,1657,203,1454
107900250,0,204,-204
107900251,15,527,-512
107900252,1101,69,1032
107900253,332,47,285
107900254,84,166,-82
107900255,195,11,184
107900256,680,2667,-1987
107900257,658,195,463
107900258,103,49,54
107900259,31,5923,-5892
107900261,0,90,-90
107900262,155,47,108
107900264,768,25,743
107900265,96,340,-244
107900267,839,16,823
107900268,3,1,2
107900269,0,0,0
107900270,0,2,-2
107900271,0,51,-51
107900272,17,34,-17
107900273,71,34,37
107900274,192,0,192
107900275,47,1,46
107900276,2,20,-18
107900277,0,30,-30
107900278,623,103,520
107900279,10,20,-10
107900280,3460,842,2618
107900281,1016,12681,-11665
107900282,20,1377,-1357
107900283,260,1142,-882
107900284,1317,625,692
107900285,365,21,344
107900286,11,46,-35
107900287,1111,177,934
107900290,1,1257,-1256
107900291,576,3,573
107900292,140,40,100
107900293,117,90,27
107900295,98,10,88
107900297,2,332,-330
107900298,412,412,0
107900299,1194,4357,-3163
107900301,1060,1011,49
107900302,105,19,86
107900303,664,164,500
107900304,1168,57,1111
107900305,603,6,597
107900306,0,45,-45
107900307,4,115,-111
107900308,307,57,250
107900309,19,0,19
107900310,18,0,18
107900311,139,216,-77
107900312,28,0,28
107900313,0,116,-116
107900314,0,124,-124
107900315,0,35,-35
107900316,33,0,33
107900317,94,0,94
107900318,4,189,-185
107900319,4,18,-14
107900320,0,49,-49
107900321,286,1,285
107900322,1,30,-29
107900323,0,67,-67
107900324,139,1,138
107900325,378,1,377
107900326,1325,45,1280
107900327,0,79,-79
107900328,1,0,1
107900329,2,110,-108
107900330,11,45,-34
107900331,1007,15,992
107900332,976,11,965
107900333,155,10,145
107900334,6,18,-12
107900335,11,102,-91
107900336,20,64,-44
107900337,381,1775,-1394
107900338,1,56,-55
107900339,0,3,-3
107900340,0,92,-92
107900341,28,1,27
107900342,138,35,103
107900343,35,3,32
107900344,29,21,8
107900345,129,18,111
107900346,20,0,20
107900347,13,0,13
107900348,7,0,7
107900349,14,3,11
107900350,12,73,-61
107900351,6,11,-5
107900352,0,35,-35
107900353,57,1,56
107900354,11,70,-59
108000001,5992,3161,2831
108000002,1070,1030,40
108000003,2921,1544,1377
108000004,6661,7037,-376
108000005,8798,3772,5026
108000006,2438,1762,676
108000007,7119,3300,3819
108000008,2040,2608,-568
108000009,7409,4774,2635
108000010,1832,2347,-515
108000011,15245,10580,4665
108000012,6386,7388,-1002
108000014,459,1516,-1057
108000015,1138,206,932
108000016,335,563,-228
108000017,1518,284,1234
108000018,2335,508,1827
108000019,1107,288,819
108000020,1430,321,1109
108000021,160,679,-519
108000022,435,406,29
108000023,2560,269,2291
108000024,773,107,666
108000025,743,116,627
108000026,1967,103,1864
108000027,1344,149,1195
108000028,1632,142,1490
108000029,1227,274,953
108000030,695,143,552
108000031,222,371,-149
108000032,3606,491,3115
108000033,463,355,108
108000034,2848,537,2311
108000035,455,738,-283
108000036,411,329,82
108000037,4019,232,3787
108000038,6417,247,6170
108000039,500,549,-49
108000040,3616,971,2645
108000041,353,883,-530
108000042,1012,101,911
108000043,161,122,39
108000044,1078,64,1014
108000045,135,104,31
108000046,3533,164,3369
108000047,238,278,-40
108000048,81,385,-304
108000049,1135,270,865
108000050,76,272,-196
108000051,387,346,41
108000052,353,166,187
108000053,545,385,160
108000054,343,362,-19
108000055,1501,364,1137
108000056,723,627,96
108000057,921,1097,-176
108000058,2093,6038,-3945
108000059,1339,729,610
108000060,446,939,-493
108000061,308,251,57
108000062,1872,387,1485
108000063,584,202,382
108000064,432,164,268
108000065,747,257,490
108000066,2402,1105,1297
108000067,4088,961,3127
108000068,1708,349,1359
108000069,118,326,-208
108000070,3423,371,3052
108000071,346,458,-112
108000072,1984,586,1398
108000073,533,437,96
108000074,1303,417,886
108000075,228,187,41
108000076,1409,432,977
108000077,370,236,134
108000078,4340,1027,3313
108000079,464,339,125
108000080,3495,853,2642
108000081,570,936,-366
108000082,463,436,27
108000083,3036,601,2435
108000084,289,850,-561
108000085,1724,640,1084
108000086,297,346,-49
108000087,215,3602,-3387
108000088,1871,475,1396
108000089,438,310,128
108000091,177,308,-131
108000092,723,80,643
108000093,390,235,155
108000094,2219,123,2096
108000095,391,205,186
108000096,1315,230,1085
108000097,346,405,-59
108000098,3909,857,3052
108000099,1408,285,1123
108000100,131,979,-848
108000101,1712,1514,198
108000102,1321,3143,-1822
108000106,1284,0,1284
108000107,1,175,-174
108000108,1008,71,937
108000109,0,349,-349
108000110,996,192,804
108000111,313,396,-83
108000112,46,122,-76
108000113,507,107,400
108000115,352,153,199
108000117,431,186,245
108000118,235,2404,-2169
108000119,528,176,352
108000120,283,1222,-939
108000121,446,270,176
108000122,1830,221,1609
108000123,1979,1161,818
108000124,480,1105,-625
108000125,1499,305,1194
108000126,485,530,-45
108000127,1181,1997,-816
108000128,1146,209,937
108000129,345,1087,-742
108000130,1064,360,704
108000131,1323,102,1221
108000132,476,256,220
108000133,1770,129,1641
108000134,620,157,463
108000135,2254,914,1340
108000136,869,462,407
108000137,761,116,645
108000138,719,322,397
108000139,967,139,828
108000140,1214,4,1210
108000141,36,17,19
108000142,64,27,37
108000143,72,125,-53
108000144,1732,39,1693
108000145,91,3,88
108000146,2020,56,1964
108000147,37,8,29
108000148,1728,52,1676
108000149,25,7,18
108000150,68,2,66
108000151,41,19,22
108000152,115,91,24
108000153,2414,115,2299
108000154,30,1,29
108000155,174,43,131
108000156,765,231,534
108000157,206,3372,-3166
108000158,19,1255,-1236
108000159,137,149,-12
108000160,1611,2175,-564
108000161,1695,6269,-4574
108000165,2,592,-590
108000172,0,284,-284
108000173,419,2750,-2331
108000175,1408,196,1212
108000178,382,107,275
108000179,149,775,-626
108000181,167,2,165
108000182,99,48,51
108000183,35,128,-93
108000184,206,4733,-4527
108000185,625,52,573
108000186,1104,150,954
108000187,270,259,11
108000188,1923,325,1598
108000189,761,23911,-23150
108000190,10,45,-35
108000192,274,107,167
108000193,409,16,393
108000194,15,17,-2
108000195,1,482,-481
108000196,128,1593,-1465
108000198,1679,89,1590
108000199,1,245,-244
108000200,1625,192,1433
108000203,559,273,286
108000204,334,76,258
108000205,111,271,-160
108000339,520,277,243
108000364,118,375,-257
108000365,245,451,-206
108000367,157,90,67
108000368,42,52,-10
108000369,374,76,298
108000371,3,269,-266
108000372,1161,11,1150
108000373,279,59,220
108000376,330,13,317
108000377,1658,110,1548
108000378,10674,16267,-5593
108000379,44,217,-173
108000381,271,14,257
108000382,160,10,150
108000383,0,317,-317
108900001,4,114,-110
108900002,178,39,139
108900003,299,204,95
108900004,355,500,-145
108900007,535,124,411
108900008,318,24,294
108900009,252,179,73
108900010,605,91,514
108900011,1109,95,1014
108900012,776,148,628
108900013,184,185,-1
108900014,26,104,-78
108900015,0,53,-53
108900016,2,81,-79
108900017,139,309,-170
108900018,122,169,-47
108900019,50,164,-114
108900020,59,35,24
108900021,75,53,22
108900022,119,8,111
108900023,15,50,-35
108900024,75,20,55
108900025,615,26,589
108900026,6,27,-21
108900027,0,19,-19
108900028,214,40,174
108900029,137,181,-44
108900030,0,8,-8
108900031,143,41,102
108900032,3,78,-75
108900033,0,23,-23
108900034,0,34,-34
108900035,261,295,-34
108900038,0,103,-103
108900039,1,50,-49
108900040,10,49,-39
108900041,2566,3146,-580
108900042,1,304,-303
108900043,28,449,-421
108900044,1,62,-61
108900045,84,71,13
108900046,8,82,-74
108900047,0,127,-127
108900048,87,164,-77
108900049,614,3692,-3078
108900050,1,38,-37
108900051,0,35,-35
108900052,17,71,-54
108900053,209,671,-462
108900054,41,83,-42
108900055,27,306,-279
108900056,0,51,-51
108900057,0,36,-36
108900058,39,74,-35
108900059,1788,44,1744
108900060,94,116,-22
108900061,23,15,8
108900062,16,32,-16
108900063,41,63,-22
108900064,645,23,622
108900065,85,82,3
108900066,623,54,569
108900067,0,53,-53
108900068,10,48,-38
108900069,162,17,145
108900070,39,40,-1
108900071,232,8,224
108900072,1065,98,967
108900073,36,107,-71
108900074,695,29,666
108900075,24,13,11
108900076,808,4,804
108900077,50,152,-102
108900078,112,15,97
108900079,476,74,402
108900080,6,1220,-1214
108900081,22,84,-62
108900082,114,30,84
108900083,6,245,-239
108900085,659,61,598
108900086,479,88,391
108900087,97,103,-6
108900088,423,562,-139
108900089,24,114,-90
108900090,76,52,24
108900091,205,27,178
108900092,518,381,137
108900093,101,65,36
108900094,616,58,558
108900095,13,90,-77
108900096,233,4,229
108900097,384,61,323
108900098,964,1820,-856
108900099,636,73,563
108900100,72,34,38
108900101,381,729,-348
108900102,2,1787,-1785
108900103,445,154,291
108900105,5,3419,-3414
108900106,742,62,680
108900108,281,17,264
108900109,2009,87,1922
108900110,220,80,140
108900111,684,127,557
108900113,105,48,57
108900114,479,30,449
108900115,185,175,10
108900116,122,3,119
108900117,635,15,620
108900118,1646,20,1626
108900119,824,30,794
108900120,799,186,613
108900121,207,106,101
108900122,446,39,407
108900123,502,81,421
108900124,1380,90,1290
108900125,1470,7,1463
108900126,276,96,180
108900127,478,16,462
108900128,283,25,258
108900129,2403,82,2321
108900130,1276,5,1271
108900131,866,7,859
108900132,980,36,944
108900133,584,57,527
108900134,1269,111,1158
108900135,542,17,525
108900136,16,0,16
108900137,595,2,593
108900138,1474,56,1418
108900140,1426,62,1364
108900141,895,8,887
108900142,62,28,34
108900143,243,0,243
108900144,316,0,316
108900145,511,17,494
108900146,190,0,190
108900147,712,1,711
108900148,103,10,93
108900150,353,13,340
108900151,52,1,51
108900152,243,9,234
108900153,332,65,267
108900154,9478,398,9080
108900156,196,3,193
108900157,78,183,-105
108900158,910,80,830
108900159,378,248,130
108900160,18,263,-245
108900161,678,648,30
108900162,389,0,389
108900163,7,462,-455
108900164,93,9,84
108900168,3507,2093,1414
108900169,68,87,-19
108900171,2257,4161,-1904
108900172,126,64,62
108900173,92,179,-87
108900174,1397,320,1077
108900176,109,118,-9
108900177,1651,13135,-11484
108900178,1065,7249,-6184
108900180,99,200,-101
108900183,183,70,113
108900184,459,72,387
108900185,37,106,-69
108900186,85,194,-109
108900189,582,58,524
108900190,60,613,-553
108900192,57,81,-24
108900195,101,67,34
108900196,9,114,-105
108900199,320,138,182
108900200,1156,531,625
108900201,400,579,-179
108900203,661,101,560
108900204,692,7,685
108900205,354,17,337
108900206,733,140,593
108900207,501,516,-15
108900208,11,156,-145
108900209,121,312,-191
108900210,61,74,-13
108900211,159,713,-554
108900212,117,2435,-2318
108900215,88,153,-65
108900216,291,742,-451
108900217,124,0,124
108900218,23,4,19
108900221,30,72,-42
108900224,7,43,-36
108900225,0,130,-130
108900227,220,339,-119
108900230,40,99,-59
108900232,1,70,-69
108900233,530,163,367
108900234,416,270,146
108900235,72,170,-98
108900236,26,200,-174
108900240,168,37,131
108900241,111,16,95
108900245,8,3234,-3226
108900250,442,41,401
108900258,4,20,-16
108900259,1,8,-7
108900260,13,13,0
108900261,9,27,-18
108900262,78,66,12
108900263,20,151,-131
108900264,61,87,-26
108900265,213,413,-200
108900266,136,2527,-2391
108900267,3,570,-567
108900268,46,14,32
108900269,222,34,188
108900270,251,27,224
108900271,176,3,173
108900272,657,7,650
108900273,160,554,-394
108900274,121,27,94
109000001,5335,5783,-448
109000002,754,4739,-3985
109000003,5157,481,4676
109000004,1039,2050,-1011
109000005,2760,396,2364
109000006,1176,949,227
109000007,3370,479,2891
109000008,1490,828,662
109000009,5271,865,4406
109000010,1293,1694,-401
109000011,8228,2108,6120
109000012,1802,1564,238
109000013,7880,6942,938
109000014,1971,1078,893
109000015,4433,17263,-12830
109000016,2990,1203,1787
109000017,5100,926,4174
109000018,1329,1189,140
109000019,4311,1505,2806
109000020,1793,1087,706
109000023,272,15,257
109000024,10,199,-189
109000025,141,785,-644
109000026,718,295,423
109000027,115,383,-268
109000028,121,23,98
109000029,43,472,-429
109000030,200,272,-72
109000031,603,88,515
109000032,133,340,-207
109000033,905,149,756
109000034,70,68,2
109000035,41,15,26
109000036,38,253,-215
109000037,524,5299,-4775
109000038,214,114,100
109000039,1307,911,396
109000040,2333,24231,-21898
109000041,840,4094,-3254
109000042,820,2330,-1510
109000044,809,31,778
109000045,211,120,91
109000046,727,34,693
109000047,80,204,-124
109000048,394,166,228
109000049,227,321,-94
109000050,387,216,171
109000051,380,110,270
109000052,594,335,259
109000053,732,126,606
109000054,93,469,-376
109000055,552,1327,-775
109000056,227,310,-83
109000057,1878,414,1464
109000058,171,37,134
109000059,131,1448,-1317
109000060,124,753,-629
109000061,550,1942,-1392
109000062,281,441,-160
109000063,362,53,309
109000064,1191,59,1132
109000065,537,110,427
109000066,871,110,761
109000067,200,146,54
109000068,712,8,704
109000069,716,20,696
109000070,20,2626,-2606
109000071,532,38,494
109000072,69,172,-103
109000073,112,52,60
109000074,22,101,-79
109000075,103,115,-12
109000076,180,383,-203
109000077,354,99,255
109000078,354,126,228
109000079,216,43,173
109000080,579,48,531
109000081,380,204,176
109000082,1689,62,1627
109000083,458,163,295
109000088,289,139,150
109000089,435,130,305
109000090,107,68,39
109000091,948,123,825
109000092,138,82,56
109000093,536,44,492
109000094,1682,10,1672
109000095,480,132,348
109000096,2031,116,1915
109000097,107,44,63
109000098,116,129,-13
109000099,1298,113,1185
109000100,557,305,252
109000101,3143,251,2892
109000102,775,274,501
109000103,1287,280,1007
109000104,5094,174,4920
109000105,629,361,268
109000106,3108,298,2810
109000107,616,573,43
109000108,4033,415,3618
109000109,606,572,34
109000110,1785,595,1190
109000111,750,909,-159
109000112,486,94,392
109000113,887,418,469
109000114,66,496,-430
109000115,918,84,834
109000116,40,398,-358
109000117,630,33,597
109000118,23,200,-177
109000119,3660,42,3618
109000120,832,192,640
109000121,1209,21,1188
109000122,524,142,382
109000123,152,32,120
109000124,1857,374,1483
109000125,1443,393,1050
109000126,1006,543,463
109000127,1967,77,1890
109000128,939,351,588
109000129,5926,226,5700
109000130,472,314,158
109000131,1196,789,407
109000132,386,448,-62
109000133,178,253,-75
109000134,589,533,56
109000135,501,562,-61
109000136,426,214,212
109000137,430,207,223
109000138,469,123,346
109000139,1007,265,742
109000140,182,278,-96
109000141,790,700,90
109000142,178,264,-86
109000143,209,76,133
109000145,93,438,-345
109000146,16,20,-4
109000148,1576,1813,-237
109000149,24,127,-103
109000150,20,107,-87
109000155,1589,996,593
109000156,882,240,642
109000158,59,134,-75
109000159,127,259,-132
109000160,3039,82,2957
109000161,1309,553,756
109000162,3419,242,3177
109000163,2452,507,1945
109000164,2518,1283,1235
109000165,2373,350,2023
109000166,2096,78,2018
109000167,148,184,-36
109000170,65,41,24
109000171,220,10,210
109000172,16,73,-57
109000173,27,179,-152
109000174,460,14,446
109000175,49,49,0
109000176,614,127,487
109000177,36,44,-8
109000178,1960,108,1852
109000179,2511,10013,-7502
109000180,3361,4521,-1160
109000181,53,6,47
109000182,75,12,63
109000183,119,8,111
109000184,128,10,118
109000185,5,3,2
109000188,752,2895,-2143
109000189,5014,3883,1131
109000190,1174,480,694
109000191,304,964,-660
109000192,1071,59,1012
109000193,747,58,689
109000194,676,28,648
109000195,561,54,507
109000196,346,21,325
109000197,579,101,478
109000198,533,49,484
109000199,551,164,387
109000206,184,5,179
109000207,214,4,210
109000208,150,106,44
109000209,238,73,165
109000210,306,204,102
109000211,2660,442,2218
109000214,748,89,659
109000215,132,33,99
109000216,463,511,-48
109000217,149,246,-97
109000218,408,758,-350
109000221,148,232,-84
109000222,960,132,828
109000223,1037,457,580
109000224,269,33,236
109000225,439,5,434
109000226,148,103,45
109000227,3597,202,3395
109000228,2,557,-555
109000231,0,73,-73
109000232,1906,115,1791
109000236,343,345,-2
109000241,2051,435,1616
109000242,1796,302,1494
109000293,167,227,-60
109000361,317,107,210
109000364,131,627,-496
109000396,2,137,-135
109000397,1281,36,1245
109000399,210,167,43
109000400,165,130,35
109000403,17,1458,-1441
109000406,1640,1,1639
109000407,191,65,126
109000408,1,275,-274
109000410,1430,175,1255
109000411,914,31,883
109900001,216,0,216
109900002,1482,5,1477
109900003,1272,0,1272
109900004,205,47,158
109900005,85,15,70
109900006,1016,33,983
109900007,2778,120,2658
109900008,0,5,-5
109900009,223,255,-32
109900010,1353,134,1219
109900011,20,1,19
109900012,700,180,520
109900013,870,75,795
109900014,253,44,209
109900015,209,13,196
109900016,156,6,150
109900017,440,115,325
109900018,148,19,129
109900019,164,28,136
109900020,72,23,49
109900021,66,8,58
109900022,195,185,10
109900023,7,4,3
109900024,18,2,16
109900025,4,78,-74
109900026,0,66,-66
109900027,17,25,-8
109900028,336,4396,-4060
109900029,1,140,-139
109900030,55,11,44
109900031,2,686,-684
109900032,3,66,-63
109900033,3,280,-277
109900034,12,2,10
109900035,232,158,74
109900036,126,567,-441
109900037,4,213,-209
109900038,93,145,-52
109900039,3,0,3
109900040,19,132,-113
109900041,107,108,-1
109900042,16,1562,-1546
109900044,181,1171,-990
109900045,109,62,47
109900046,132,104,28
109900047,203,262,-59
109900048,3,225,-222
109900049,39,99,-60
109900050,1,23,-22
109900051,0,2,-2
109900052,87,511,-424
109900053,0,39,-39
109900054,2014,74,1940
109900055,250,157,93
109900056,198,553,-355
109900057,2,50,-48
109900058,0,28,-28
109900059,2678,51,2627
109900060,1806,57,1749
109900061,158,59,99
109900062,0,48,-48
109900063,4,531,-527
109900064,1082,53,1029
109900065,56,53,3
109900066,428,235,193
109900067,1,61,-60
109900068,120,6,114
109900069,0,20,-20
109900070,18,68,-50
109900071,0,2,-2
109900072,22,39,-17
109900073,1046,143,903
109900074,12,5,7
109900075,86,99,-13
109900076,88,56,32
109900077,32,14,18
109900078,100,38,62
109900080,160,65,95
109900081,0,124,-124
109900082,113,106,7
109900083,6,10,-4
109900084,56,125,-69
109900085,92,159,-67
109900086,119,1446,-1327
109900087,91,232,-141
109900089,1075,70,1005
109900090,142,287,-145
109900091,931,119,812
109900092,305,286,19
109900093,1975,95,1880
109900094,102,89,13
109900095,46,94,-48
109900096,245,3,242
109900097,226,5,221
109900098,1231,43,1188
109900099,913,1,912
109900100,168,1,167
109900101,1636,6,1630
109900102,1012,27,985
109900103,66,45,21
109900104,2060,91,1969
109900105,987,30,957
109900106,607,22,585
109900107,1019,21,998
109900108,165,122,43
109900109,19,67,-48
109900110,39,148,-109
109900111,73,158,-85
109900112,124,117,7
109900113,1353,400,953
109900114,250,1184,-934
109900115,266,186,80
109900117,2884,64,2820
109900118,147,114,33
109900119,290,219,71
109900120,139,12,127
109900121,230,129,101
109900122,2189,4,2185
109900123,22,47,-25
109900124,14,60,-46
109900125,0,69,-69
109900126,843,30,813
109900128,629,49,580
109900130,3059,5417,-2358
109900131,10,58,-48
109900132,7,45,-38
109900133,184,113,71
109900134,85,121,-36
109900135,612,28,584
109900136,103,68,35
109900137,408,96,312
109900140,188,106,82
109900142,4482,287,4195
109900145,5,694,-689
109900146,141,38,103
109900148,26,14,12
109900149,20,7,13
109900150,5,20,-15
109900151,5,21,-16
109900152,0,25,-25
109900153,0,40,-40
109900154,37,0,37
109900155,62,31,31
109900157,128,105,23
109900158,53,43,10
109900159,68,6,62
109900160,285,8,277
109900161,575,16,559
109900162,345,29,316
109900163,203,57,146
109900164,48,124,-76
109900165,396,3,393
109900166,4,493,-489
109900167,211,178,33
109900168,94,269,-175
109900169,518,130,388
109900170,370,2279,-1909
109900171,744,97,647
109900172,623,610,13
109900173,2326,3184,-858
109900174,46,94,-48
109900175,164,471,-307
109900176,159,89,70
109900177,43,51,-8
109900178,8,244,-236
109900179,23,19,4
109900180,3,20,-17
110000001,1007,244,763
110000002,663,377,286
110000003,668,475,193
110000004,332,397,-65
110000005,268,2937,-2669
110000006,483,242,241
110000007,172,42,130
110000008,32,485,-453
110000009,185,16,169
110000010,71,146,-75
110000011,69,35,34
110000012,1353,147,1206
110000013,66,1307,-1241
110000014,768,462,306
110000015,178,829,-651
110000016,415,2269,-1854
110000017,2616,202,2414
110000018,2601,495,2106
110000019,21,32,-11
110000020,1087,496,591
110000021,162,177,-15
110000022,1778,80,1698
110000023,10,74,-64
110000024,974,138,836
110000025,2457,5,2452
110000026,2,176,-174
110000027,569,1377,-808
110000028,1720,240,1480
110000029,961,318,643
110000030,559,503,56
110000031,654,210,444
110000032,1591,68,1523
110000033,448,111,337
110000034,1439,383,1056
110000035,1322,245,1077
110000036,2328,359,1969
110000037,680,118,562
110000038,585,1117,-532
110000039,1221,10680,-9459
110000040,398,310,88
110000041,385,3819,-3434
110000042,142,526,-384
110000043,637,478,159
110000044,17,209,-192
110000045,101,85,16
110000046,2,119,-117
110000047,9,56,-47
110000048,1,121,-120
110000049,13,9,4
110000050,2,106,-104
110000051,5,8,-3
110000052,73,43,30
110000053,9,13,-4
110000054,111,1526,-1415
110000055,114,415,-301
110000056,66,294,-228
110000057,724,288,436
110000058,2345,313,2032
110000059,1057,594,463
110000060,1348,605,743
110000061,598,349,249
110000062,493,470,23
110000063,94,432,-338
110000064,414,12,402
110000065,240,245,-5
110000066,118,10,108
110000067,81,45,36
110000068,990,44,946
110000069,1115,17,1098
110000071,1534,5,1529
110000073,52,8,44
110000075,61,198,-137
110000076,612,718,-106
110000077,277,2305,-2028
110000078,205,11,194
110000080,207,286,-79
110000081,75,484,-409
110000082,50,529,-479
110000083,311,312,-1
110000084,2309,1799,510
110000085,803,2043,-1240
110000086,950,2519,-1569
110000087,30,66,-36
110000088,192,331,-139
110000089,900,37,863
110000090,243,1323,-1080
110000091,643,242,401
110000092,21,25,-4
110000093,73,19,54
110000094,685,104,581
110000095,168,573,-405
110000096,1313,3522,-2209
110000097,1026,1927,-901
110000098,2563,539,2024
110000099,1625,1593,32
110000100,3789,160,3629
110000101,464,98,366
110000102,105,55,50
110000104,551,314,237
110000105,80,1164,-1084
110000106,872,588,284
110000107,265,311,-46
110000108,218,243,-25
110000109,360,191,169
110000110,1570,3400,-1830
110000111,3359,3094,265
110000112,222,1301,-1079
110000113,86,4186,-4100
110000114,1071,1096,-25
110000115,1355,143,1212
110000116,149,126,23
110000117,1090,183,907
110000118,1264,118,1146
110000119,1203,63,1140
110000120,645,93,552
110000121,108,638,-530
110000122,409,205,204
110000123,727,231,496
110000124,1,425,-424
110000125,1780,6,1774
110000126,290,53,237
110000127,1710,55,1655
110000128,20,402,-382
110000129,3,186,-183
110000130,508,271,237
110000131,50,143,-93
110000132,0,148,-148
110000133,62,656,-594
110000134,45,423,-378
110000135,377,15,362
110000136,116,112,4
110000137,1381,91,1290
110000138,1475,167,1308
110000139,2251,362,1889
110000140,1259,817,442
110000143,1075,345,730
110000144,1827,1485,342
110000145,2090,1333,757
110000146,1313,626,687
110000147,273,1125,-852
110000148,1214,323,891
110000151,641,1195,-554
110000152,291,823,-532
110000153,527,12,515
110000154,45,63,-18
110000155,409,1525,-1116
110000156,1196,882,314
110000157,1231,2120,-889
110000160,523,182,341
110000161,473,261,212
110000166,1700,88,1612
110000167,3216,975,2241
110000168,787,1276,-489
110000169,1040,718,322
110000170,243,241,2
110000171,645,127,518
110000172,440,327,113
110000173,376,350,26
110000174,170,161,9
110000175,2051,321,1730
110000176,27,2069,-2042
110000177,341,2538,-2197
110000178,358,4980,-4622
110000179,1337,337,1000
110000180,819,220,599
110000181,1914,269,1645
110000182,954,125,829
110000183,4980,10512,-5532
110000184,302,4637,-4335
110000185,481,764,-283
110000186,469,1895,-1426
110000191,2094,92,2002
110000192,1462,4,1458
110000193,2254,4,2250
110000194,2,1578,-1576
110000195,951,104,847
110000196,1125,110,1015
110000197,147,35,112
110000198,97,33,64
110000199,117,335,-218
110000200,715,2285,-1570
110000201,1574,3487,-1913
110000202,1657,442,1215
110000203,333,564,-231
110000204,3,122,-119
110000205,698,53,645
110000206,247,374,-127
110000207,2564,263,2301
110000208,194,398,-204
110000209,41,210,-169
110000210,1841,611,1230
110000211,1276,480,796
110000212,796,1871,-1075
110000213,836,28,808
110000214,887,74,813
110000215,256,67,189
110000216,265,54,211
110000217,1117,69,1048
110000218,447,74,373
110000219,902,21,881
110000220,22,51,-29
110000221,958,16,942
110000222,127,69,58
110000223,58,85,-27
110000224,0,2,-2
110000225,263,719,-456
110000226,598,48,550
110000227,1125,1549,-424
110000228,453,88,365
110000229,0,82,-82
110000230,691,492,199
110000231,332,725,-393
110000232,153,551,-398
110000233,70,1224,-1154
110000234,367,427,-60
110000235,1348,833,515
110000236,1097,643,454
110000237,3795,1721,2074
110000238,1191,660,531
110000239,2826,615,2211
110000240,0,24,-24
110000242,2,17,-15
110000243,486,107,379
110000244,111,343,-232
110000245,21,454,-433
110000246,2099,786,1313
110000247,1430,2607,-1177
110000248,1096,1176,-80
110000249,275,8,267
110000250,16,526,-510
110000251,673,203,470
110000252,953,192,761
110000253,3239,298,2941
110000254,1508,457,1051
110000255,313,370,-57
110000256,820,270,550
110000257,396,354,42
110000258,4,455,-451
110000259,683,23,660
110000260,139,86,53
110000263,1043,32,1011
110000264,1132,376,756
110000265,1583,1383,200
110000266,1010,1564,-554
110000267,27,40,-13
110000268,259,123,136
110000269,0,72,-72
110000270,237,0,237
110000271,1525,207,1318
110000272,1362,1183,179
110000273,1994,667,1327
110000274,442,5269,-4827
110000275,1692,1647,45
110000276,287,1625,-1338
110000277,701,1352,-651
110000278,773,1377,-604
110000279,1172,309,863
110000280,1156,347,809
110000281,225,92,133
110000282,145,27,118
110000283,43,71,-28
110000284,60,10,50
110000285,3,136,-133
110000286,25,0,25
110000287,175,36,139
110000288,3,197,-194
110000289,513,4008,-3495
110000290,258,1368,-1110
110000291,3700,737,2963
110000292,828,12160,-11332
110000293,795,586,209
110000294,2626,3962,-1336
110000295,283,452,-169
110000296,1282,458,824
110000297,4088,187,3901
110000298,119,671,-552
110000299,215,37,178
110000301,664,30,634
110000302,992,3840,-2848
110000303,1321,24,1297
110000304,506,709,-203
110000305,2647,46,2601
110000306,836,470,366
110000307,4997,10,4987
110000308,779,3,776
110000309,3,969,-966
110000310,1720,26,1694
110000311,4,321,-317
110000312,855,54,801
110000313,3378,1859,1519
110000314,2,205,-203
110000315,1648,1152,496
110000316,467,917,-450
110000317,261,1291,-1030
110000318,6,223,-217
110000319,12,39,-27
110000320,72,86,-14
110000321,53,92,-39
110000322,290,639,-349
110000323,1305,352,953
110000324,2870,1326,1544
110000325,1410,6574,-5164
110000327,665,173,492
110000328,51,721,-670
110000333,1844,2176,-332
110000334,484,1601,-1117
110000335,818,393,425
110000336,520,2944,-2424
110000337,2533,1160,1373
110000338,708,1361,-653
110000339,901,245,656
110000340,63,298,-235
110000341,835,247,588
110000342,99,11,88
110000343,0,7,-7
110000344,77,3215,-3138
110000345,145,2539,-2394
110000346,1732,2358,-626
110000347,1715,601,1114
110000348,143,22,121
110000349,28,11,17
110000350,211,0,211
110000351,2235,345,1890
110000352,1100,2579,-1479
110000353,3085,383,2702
110000354,2035,6623,-4588
110000355,491,23,468
110000356,432,2,430
110000357,1258,10,1248
110000361,81,17,64
110000362,472,5,467
110000363,1411,47,1364
110000364,641,215,426
110000365,139,5,134
110000366,0,187,-187
110000367,950,220,730
110000368,7,57,-50
110000369,138,28,110
110000373,2,959,-957
110000374,105,58,47
110000375,270,992,-722
110000376,75,144,-69
110000377,96,291,-195
110000378,9,514,-505
110000379,2262,3622,-1360
110000380,270,11,259
110000383,4,514,-510
110000384,1416,123,1293
110000385,0,49,-49
110000387,394,14,380
110000388,120,119,1
110000389,1437,3,1434
110000391,1807,1139,668
110000396,507,148,359
110000397,123,49,74
110000398,28,25,3
110000399,316,2,314
110000587,338,597,-259
110000589,284,66,218
110000640,294,20,274
110000652,10,514,-504
110000653,978,198,780
110000654,9,437,-428
110000656,0,253,-253
110000674,56,14,42
110000675,14,18,-4
110000676,0,32,-32
110000679,213,1415,-1202
110000682,191,247,-56
110000683,364,128,236
110000684,1,50,-49
110000685,9,11,-2
110000686,0,160,-160
110000687,12,1,11
110000688,60,1606,-1546
110000689,89,15,74
110000692,18,214,-196
110000693,20,297,-277
110000694,1,70,-69
110000695,175,1296,-1121
110000696,154,34,120
110900001,548,31,517
110900002,404,242,162
110900003,2994,125,2869
110900004,1101,26,1075
110900005,1581,8031,-6450
110900006,142,113,29
110900007,556,256,300
110900008,20,19,1
110900009,450,1194,-744
110900010,4,8,-4
110900011,27,50,-23
110900012,9,20,-11
110900013,1903,75,1828
110900014,653,108,545
110900015,259,521,-262
110900016,153,45,108
110900017,948,42,906
110900018,611,20,591
110900019,1049,23,1026
110900020,428,34,394
110900021,273,146,127
110900022,64,70,-6
110900023,62,208,-146
110900024,208,115,93
110900025,5,36,-31
110900027,112,47,65
110900028,42,62,-20
110900029,31,75,-44
110900030,37,57,-20
110900031,0,81,-81
110900032,0,25,-25
110900033,18,85,-67
110900035,1,407,-406
110900036,199,3,196
110900037,259,3,256
110900038,431,165,266
110900039,0,242,-242
110900040,454,0,454
110900041,5,13,-8
110900042,265,120,145
110900043,2,36,-34
110900044,186,47,139
110900045,296,145,151
110900046,7,104,-97
110900047,192,933,-741
110900049,391,50,341
110900050,71,1,70
110900051,36,34,2
110900052,1,819,-818
110900053,355,23,332
110900054,27,305,-278
110900055,29,1,28
110900056,102,63,39
110900057,3,167,-164
110900058,696,71,625
110900059,523,570,-47
110900060,385,78,307
110900061,50,25,25
110900062,498,60,438
110900063,36,63,-27
110900064,15,0,15
110900065,77,98,-21
110900066,2,41,-39
110900067,94,889,-795
110900068,295,55,240
110900069,11,2,9
110900070,389,29,360
110900071,112,1888,-1776
110900073,0,2,-2
110900074,1197,104,1093
110900075,1193,51,1142
110900077,2876,358,2518
110900078,239,36,203
110900079,786,1293,-507
110900080,305,58,247
110900081,21,6,15
110900082,427,37,390
110900083,193,34,159
110900084,244,10,234
110900085,27,75,-48
110900086,75,300,-225
110900087,546,370,176
110900088,2,0,2
110900090,109,163,-54
110900091,0,9,-9
110900093,384,61,323
110900095,47,10,37
110900097,70,4,66
110900098,28,16,12
110900099,17,89,-72
110900100,0,7,-7
110900102,55,21,34
110900105,1128,75,1053
110900108,20,25,-5
110900111,1857,58,1799
110900112,764,6,758
110900113,518,211,307
110900115,4,11,-7
110900116,3052,941,2111
110900118,48,6150,-6102
110900119,1562,76,1486
110900120,366,72,294
110900121,100,0,100
110900122,645,119,526
110900125,393,1425,-1032
110900127,342,1934,-1592
110900128,87,373,-286
110900129,96,1100,-1004
110900130,314,392,-78
110900131,632,1207,-575
110900132,960,60,900
110900133,110,1111,-1001
110900135,67,97,-30
110900136,657,58,599
110900139,11,0,11
110900140,0,0,0
110900141,231,272,-41
110900142,60,58,2
110900143,506,48,458
110900144,0,112,-112
110900145,368,182,186
110900146,64,543,-479
110900147,185,545,-360
110900148,2,449,-447
110900149,4,40,-36
110900150,78,13,65
110900151,2,29,-27
110900152,13,17,-4
110900153,327,30,297
111000001,2665,1040,1625
111000002,773,336,437
111000003,4045,2040,2005
111000004,821,907,-86
111000005,1272,2094,-822
111000006,632,2063,-1431
111000007,4412,8223,-3811
111000008,2605,5395,-2790
111000009,322,701,-379
111000010,2631,561,2070
111000011,135,680,-545
111000012,585,593,-8
111000013,675,1747,-1072
111000014,3744,1102,2642
111000017,19,742,-723
111000018,118,455,-337
111000020,361,1026,-665
111000021,49,144,-95
111000023,96,651,-555
111000025,3482,5554,-2072
111000029,136,131,5
111000030,30,38,-8
111000031,1871,836,1035
111000032,853,1395,-542
111000033,239,55,184
111000034,90,213,-123
111000037,1087,333,754
111000038,1950,928,1022
111000039,2476,836,1640
111000040,2040,647,1393
111000041,683,540,143
111000042,2202,2308,-106
111000043,1704,7841,-6137
111000044,2362,458,1904
111000045,4351,989,3362
111000046,3196,1026,2170
111000047,2835,8653,-5818
111000049,612,177,435
111000050,1640,401,1239
111000051,882,688,194
111000052,585,1967,-1382
111000053,308,295,13
111000054,316,631,-315
111000055,767,2191,-1424
111000056,351,2033,-1682
111000057,221,124,97
111000058,1307,151,1156
111000059,991,565,426
111000060,7783,1153,6630
111000061,1486,330,1156
111000062,1489,512,977
111000063,1631,1324,307
111000064,1324,290,1034
111000065,1607,375,1232
111000066,1450,180,1270
111000067,2053,182,1871
111000068,1462,275,1187
111000069,1616,1337,279
111000070,894,550,344
111000071,391,151,240
111000072,1888,733,1155
111000073,196,2217,-2021
111000074,2266,1544,722
111000075,938,396,542
111000076,966,479,487
111000077,1160,445,715
111000078,2093,317,1776
111000079,980,438,542
111000080,876,423,453
111000081,1350,8313,-6963
111000082,1407,219,1188
111000084,1076,233,843
111000085,1453,851,602
111000086,2061,800,1261
111000087,904,438,466
111000088,3584,6362,-2778
111000089,1294,456,838
111000090,651,676,-25
111000091,951,197,754
111000092,3284,655,2629
111000093,1436,2143,-707
111000094,2500,1193,1307
111000095,1409,3851,-2442
111000096,1160,10391,-9231
111000097,2326,766,1560
111000098,328,541,-213
111000099,700,864,-164
111000100,718,708,10
111000101,448,389,59
111000102,537,232,305
111000104,1648,84,1564
111000107,213,296,-83
111000109,1604,163,1441
111000110,2197,451,1746
111000111,6344,169,6175
111000112,3635,281,3354
111000113,1195,3719,-2524
111000114,1695,8463,-6768
111000115,2803,705,2098
111000116,841,476,365
111000117,284,854,-570
111000118,1069,1109,-40
111000119,2490,319,2171
111000120,993,697,296
111000121,389,885,-496
111000122,735,445,290
111000123,2051,857,1194
111000124,658,1152,-494
111000125,452,1121,-669
111000126,84,334,-250
111000127,2358,177,2181
111000128,4942,248,4694
111000129,5576,196,5380
111000130,4719,299,4420
111000131,5000,297,4703
111000132,3331,3082,249
111000133,215,44,171
111000134,235,29,206
111000135,119,156,-37
111000136,668,118,550
111000138,152,5,147
111000140,1,18,-17
111000141,174,313,-139
111000142,5,93,-88
111000143,11,305,-294
111000144,26,721,-695
111000145,45,1,44
111000146,229,9,220
111000147,90,11,79
111000148,143,50,93
111000149,1,37,-36
111000150,187,6,181
111000151,0,217,-217
111000153,457,192,265
111000154,311,73,238
111000155,166,56,110
111000156,563,143,420
111000157,286,324,-38
111000158,1189,431,758
111000159,2634,666,1968
111000160,687,201,486
111000161,8,201,-193
111000162,3,31,-28
111000163,1449,755,694
111000164,451,2863,-2412
111000165,760,161,599
111000166,319,73,246
111000167,122,209,-87
111000168,167,174,-7
111000169,427,173,254
111000170,256,234,22
111000171,627,268,359
111000172,368,228,140
111000173,502,344,158
111000174,681,93,588
111000175,69,366,-297
111000176,1374,40,1334
111000177,2246,77,2169
111000178,3546,97,3449
111000179,849,39,810
111000180,317,285,32
111000181,3246,195,3051
111000182,361,432,-71
111000183,359,2101,-1742
111000184,472,89,383
111000185,410,475,-65
111000186,212,1892,-1680
111000187,251,120,131
111000188,470,551,-81
111000189,186,190,-4
111000190,286,80,206
111000191,282,117,165
111000192,293,206,87
111000193,354,94,260
111000194,116,185,-69
111000195,274,175,99
111000196,143,67,76
111000197,1395,92,1303
111000198,965,80,885
111000199,737,453,284
111000200,1393,1002,391
111000201,1370,59,1311
111000202,760,58,702
111000203,610,224,386
111000204,352,2310,-1958
111000213,410,265,145
111000214,1507,861,646
111000215,1289,458,831
111000217,2687,422,2265
111000218,4110,735,3375
111000219,375,60,315
111000220,992,547,445
111000221,242,35,207
111000224,21,178,-157
111000225,614,499,115
111000226,428,4,424
111000227,8,5,3
111000228,2,851,-849
111000229,37,1985,-1948
111000230,275,120,155
111000231,1399,209,1190
111000232,1212,2471,-1259
111000233,3286,293,2993
111000234,361,577,-216
111000239,74,19,55
111000240,110,705,-595
111000241,72,130,-58
111000242,427,49,378
111000243,281,377,-96
111000244,2125,430,1695
111000245,995,872,123
111000246,1095,115,980
111000247,933,531,402
111000248,999,159,840
111000249,744,137,607
111000250,123,29,94
111000251,127,51,76
111000253,62,9,53
111000255,141,3,138
111000257,61,4,57
111000260,143,521,-378
111000261,3107,107,3000
111000271,75,269,-194
111000273,2122,814,1308
111000274,1476,3152,-1676
111000275,281,10,271
111000276,428,441,-13
111000277,453,118,335
111000278,564,158,406
111000291,2131,18790,-16659
111000298,607,132,475
111000299,1155,127,1028
111000300,88,305,-217
111000302,567,40,527
111000303,260,74,186
111000312,154,28,126
111000315,0,47,-47
111000320,279,77,202
111000321,598,125,473
111000322,1008,140,868
111000323,502,71,431
111000324,219,62,157
111000325,81,54,27
111000326,307,253,54
111000327,437,243,194
111000328,472,504,-32
111000329,1,18,-17
111000330,488,7,481
111000331,80,6,74
111000332,344,506,-162
111000334,232,881,-649
111000335,2079,644,1435
111000337,3800,195,3605
111000338,221,36,185
111000339,1513,57,1456
111000340,126,1882,-1756
111000341,3635,2108,1527
111000342,79,745,-666
111000344,1854,270,1584
111000345,73,65,8
111000346,51,134,-83
111000347,439,4,435
111000350,225,135,90
111000351,201,614,-413
111000352,249,57,192
111000353,211,191,20
111000354,763,128,635
111000355,542,410,132
111000358,173,369,-196
111000360,287,121,166
111000361,359,97,262
111000546,1946,728,1218
111000547,877,818,59
111000548,460,136,324
111000549,504,87,417
111000550,38,1681,-1643
111000551,232,52,180
111000552,587,222,365
111000907,3838,32,3806
111000908,93,0,93
111000916,5240,414,4826
111000917,64,438,-374
111000918,276,294,-18
111000920,2028,21,2007
111000921,0,84,-84
111000922,2092,62,2030
111000924,55,335,-280
111000925,7496,3004,4492
111000926,1741,2858,-1117
111000927,2345,6572,-4227
111000928,4911,1893,3018
111000929,2395,1344,1051
111000930,1971,5544,-3573
111000931,2452,999,1453
111000932,2905,1373,1532
111000933,3382,3442,-60
111000934,1642,928,714
111000935,4647,1233,3414
111000936,1571,711,860
111000937,1912,1471,441
111000938,2342,1125,1217
111000939,1631,59,1572
111000940,2065,19,2046
111000941,819,300,519
111000943,1069,68,1001
111000944,309,138,171
111000945,573,1854,-1281
111001109,817,1276,-459
111001110,309,204,105
111001111,382,3,379
111001112,93,3,90
111001113,0,242,-242
111001114,651,96,555
111001115,11,828,-817
111001116,3574,10435,-6861
111001117,220,4042,-3822
111001120,135,143,-8
111001121,293,43,250
111001122,582,89,493
111001123,736,92,644
111001124,206,76,130
111001125,7,892,-885
111001126,17,0,17
111001127,0,0,0
111900001,1,19,-18
111900002,0,73,-73
111900003,0,84,-84
111900004,16,17,-1
111900006,73,107,-34
111900007,535,3,532
111900008,815,0,815
111900009,660,0,660
111900010,23,78,-55
111900012,21,14,7
111900013,44,4,40
111900014,903,10561,-9658
111900015,0,3,-3
111900016,0,19,-19
111900017,0,22,-22
111900018,312,11,301
111900019,1,67,-66
111900020,0,11,-11
111900021,5,13,-8
111900022,11,19,-8
111900023,68,29,39
111900024,184,341,-157
111900025,0,19,-19
111900026,0,79,-79
111900027,0,52,-52
111900028,1,32,-31
111900029,0,15,-15
111900030,27,121,-94
111900031,64,159,-95
111900032,0,60,-60
111900033,24,31,-7
111900034,21,99,-78
111900035,98,1924,-1826
111900036,0,51,-51
111900038,20,132,-112
111900039,16,303,-287
111900040,0,90,-90
111900042,13,43,-30
111900043,1,62,-61
111900044,38,86,-48
111900046,5,18,-13
111900048,938,191,747
111900049,1,56,-55
111900050,475,6,469
111900051,0,52,-52
111900052,97,43,54
111900053,450,3535,-3085
111900054,637,6,631
111900055,2,61,-59
111900056,198,386,-188
111900057,430,9,421
111900058,1606,334,1272
111900059,953,1003,-50
111900060,593,3,590
111900061,3,20,-17
111900062,102,570,-468
111900063,731,94,637
111900064,14,39,-25
111900065,264,45,219
111900066,176,161,15
111900067,0,102,-102
111900068,93,240,-147
111900069,208,24,184
111900070,368,19,349
111900071,0,43,-43
111900072,67,109,-42
111900073,2255,345,1910
111900074,0,87,-87
111900075,107,7,100
111900076,821,132,689
111900077,48,2,46
111900078,754,107,647
111900079,41,104,-63
111900080,95,138,-43
111900082,341,100,241
111900083,491,61,430
111900084,290,27,263
111900085,21,65,-44
111900086,265,49,216
111900087,313,6,307
111900088,1596,43,1553
111900089,147,6,141
111900090,52,192,-140
111900091,1622,23,1599
111900092,372,6,366
111900093,1121,37,1084
111900094,248,2,246
111900095,980,75,905
111900096,502,12,490
111900097,151,0,151
111900098,879,20,859
111900099,142,0,142
111900100,234,10,224
111900101,553,11,542
111900102,1517,1313,204
111900103,36,80,-44
111900104,116,13,103
111900105,118,282,-164
111900106,166,12,154
111900110,3235,207,3028
111900111,488,22,466
111900112,135,8079,-7944
111900113,326,89,237
111900118,965,86,879
111900119,282,106,176
111900122,26,69,-43
111900123,9,11,-2
111900124,51,16,35
111900125,1418,108,1310
111900126,1335,6,1329
111900127,1,103,-102
111900128,20,158,-138
111900129,581,10,571
111900130,192,102,90
111900131,1172,1,1171
111900132,36,217,-181
111900133,3,177,-174
111900134,1,33,-32
111900135,2,21,-19
111900136,14,129,-115
111900137,18,6,12
111900138,5,19,-14
111900139,0,19,-19
111900140,132,11,121
111900141,161,0,161
111900142,187,2,185
111900143,117,78,39
111900144,0,30,-30
111900145,0,150,-150
111900146,0,73,-73
111900147,12,210,-198
111900148,24,405,-381
111900149,14,128,-114
111900150,6,38,-32
111900151,4,16,-12
111900152,78,48,30
111900153,468,546,-78
111900154,26,1403,-1377
111900155,114,311,-197
111900156,141,69,72
111900157,372,32,340
111900158,852,133,719
111900159,948,102,846
111900160,658,3,655
111900161,899,1,898
111900162,146,696,-550
111900163,5,70,-65
111900164,209,38,171
111901113,1950,82,1868
111901114,610,484,126
111901115,576,3,573
111901116,170,0,170
111901117,29,138,-109
111901118,12,1039,-1027
111901119,209,21,188
111901121,22,69,-47
111901122,4,80,-76
111901123,606,55,551
111901124,662,6,656
111901125,2082,205,1877
111901127,1603,2257,-654
111901128,10,20,-10
111901129,6,137,-131
111901130,1,1055,-1054
111901131,1,134,-133
111901132,100,25,75
111901133,242,1,241
111901134,512,2,510
111901135,50,6,44
111901136,7,21,-14
111901138,11,22,-11
111901139,9,16,-7
111901140,2,29,-27
111901141,9,44,-35
111901142,8,47,-39
111901143,0,19,-19
111901144,60,35,25
111901145,26,732,-706
111901146,34,3,31
111901147,167,930,-763
111901148,16,124,-108
111901149,41,1,40
111901150,0,0,0
112000001,3697,869,2828
112000002,1051,2048,-997
112000003,6859,1260,5599
112000004,1860,488,1372
112000005,5746,6112,-366
112000006,763,507,256
112000007,6644,4068,2576
112000008,4970,4478,492
112000009,2709,903,1806
112000010,5551,5599,-48
112000011,1645,720,925
112000012,3519,4803,-1284
112000013,1420,1651,-231
112000014,656,3717,-3061
112000015,1098,2910,-1812
112000016,2150,3687,-1537
112000017,407,4144,-3737
112000024,416,117,299
112000026,1856,932,924
112000027,602,555,47
112000028,577,816,-239
112000029,710,785,-75
112000030,162,21,141
112000031,1037,3648,-2611
112000032,129,2,127
112000033,1770,4031,-2261
112000034,83,17,66
112000035,72,730,-658
112000036,115,1459,-1344
112000037,575,2782,-2207
112000038,905,1709,-804
112000039,216,23,193
112000040,37,167,-130
112000041,361,301,60
112000042,451,73,378
112000050,1651,674,977
112000051,1236,3607,-2371
112000054,1218,1286,-68
112000057,797,182,615
112000058,292,218,74
112000059,625,438,187
112000061,2169,480,1689
112000062,473,873,-400
112000063,171,3794,-3623
112000064,2113,1516,597
112000065,718,651,67
112000066,3154,1243,1911
112000067,444,306,138
112000068,3684,2179,1505
112000069,550,1050,-500
112000070,1367,752,615
112000071,1293,1172,121
112000072,4401,496,3905
112000073,1461,2090,-629
112000074,1196,979,217
112000075,1700,1261,439
112000076,3319,1869,1450
112000077,1508,416,1092
112000078,3505,751,2754
112000079,3057,1093,1964
112000080,1244,475,769
112000081,868,947,-79
112000082,1944,319,1625
112000083,1468,507,961
112000084,1596,305,1291
112000085,2860,223,2637
112000086,3660,420,3240
112000087,1420,124,1296
112000088,1530,152,1378
112000089,307,174,133
112000090,194,111,83
112000091,601,197,404
112000092,3235,533,2702
112000093,1940,340,1600
112000094,821,418,403
112000095,1243,196,1047
112000096,1131,351,780
112000097,4486,370,4116
112000098,346,320,26
112000099,1189,2910,-1721
112000100,4131,488,3643
112000101,773,369,404
112000102,3520,333,3187
112000103,665,297,368
112000105,769,326,443
112000106,6675,307,6368
112000107,519,85,434
112000108,2208,585,1623
112000109,1039,112,927
112000110,4075,510,3565
112000111,613,1148,-535
112000112,2885,231,2654
112000113,1302,1403,-101
112000114,3614,470,3144
112000115,365,138,227
112000116,826,289,537
112000117,1574,426,1148
112000118,603,457,146
112000119,543,227,316
112000120,68,90,-22
112000121,529,122,407
112000122,1058,45,1013
112000123,1355,36,1319
112000124,912,62,850
112000125,563,248,315
112000126,1632,137,1495
112000127,2169,1969,200
112000128,797,501,296
112000129,279,38,241
112000130,752,69,683
112000131,79,63,16
112000132,415,98,317
112000133,915,42,873
112000134,706,139,567
112000135,1987,2179,-192
112000136,1129,4527,-3398
112000137,2046,1971,75
112000138,1373,580,793
112000139,604,517,87
112000140,206,311,-105
112000141,1580,219,1361
112000142,224,199,25
112000143,2437,93,2344
112000144,485,363,122
112000145,4165,260,3905
112000146,842,592,250
112000147,3760,1238,2522
112000148,861,603,258
112000149,1036,421,615
112000150,1043,179,864
112000151,669,96,573
112000152,1056,185,871
112000153,462,80,382
112000154,204,599,-395
112000155,125,65,60
112000157,328,737,-409
112000158,435,86,349
112000159,2230,221,2009
112000167,518,254,264
112000169,188,1119,-931
112000173,2274,130,2144
112000175,905,248,657
112000176,523,1147,-624
112000177,2129,537,1592
112000178,60,98,-38
112000179,552,41,511
112000180,576,107,469
112000181,931,320,611
112000182,3259,174,3085
112000183,87,31,56
112000184,559,167,392
112000185,1675,152,1523
112000187,5086,3771,1315
112000195,344,7,337
112000196,141,0,141
112000197,70,55,15
112000198,24,178,-154
112000199,359,374,-15
112000202,1494,3,1491
112000216,45,112,-67
112000230,356,2,354
112000231,2,40,-38
112000256,80,348,-268
112000313,224,19,205
112000314,80,54,26
112000337,188,542,-354
112000352,119,203,-84
112000392,1856,543,1313
112000398,3434,500,2934
112000399,1046,6371,-5325
112000400,1163,668,495
112000401,1138,873,265
112000402,5399,5151,248
112000403,1381,10526,-9145
112000404,2712,1384,1328
112000405,4729,2455,2274
112000406,2476,912,1564
112000407,13470,7090,6380
112000408,5213,1320,3893
112000409,1621,1021,600
112000410,232,295,-63
112000411,1242,1718,-476
112000412,297,145,152
112000413,2767,8069,-5302
112000414,346,17,329
112000415,216,6,210
112000416,6786,786,6000
112000417,355,85,270
112000421,168,18,150
112000422,328,102,226
112000424,808,4414,-3606
112000425,610,175,435
112000426,675,445,230
112000427,0,25,-25
112000428,572,568,4
112000429,2117,1667,450
112000430,2684,3611,-927
112000431,254,132,122
112000432,859,354,505
112000433,265,267,-2
112000437,83,116,-33
112900001,42,0,42
112900002,1244,112,1132
112900003,93,51,42
112900004,88,76,12
112900005,664,45,619
112900006,95,60,35
112900007,60,25,35
112900008,0,79,-79
112900009,676,310,366
112900010,590,163,427
112900011,90,84,6
112900012,0,14,-14
112900013,0,132,-132
112900014,3,35,-32
112900015,47,182,-135
112900016,4,127,-123
112900017,54,123,-69
112900018,7,23,-16
112900019,5,106,-101
112900020,145,304,-159
112900021,0,131,-131
112900022,3,23,-20
112900023,0,26,-26
112900024,10,39,-29
112900025,119,74,45
112900026,15,30,-15
112900027,0,217,-217
112900028,22,49,-27
112900029,6,77,-71
112900030,52,126,-74
112900031,1,177,-176
112900032,219,85,134
112900034,0,13,-13
112900035,3,50,-47
112900036,11,69,-58
112900037,210,159,51
112900038,1132,45,1087
112900039,7,121,-114
112900040,0,179,-179
112900041,365,718,-353
112900042,244,73,171
112900043,46,26,20
112900044,112,101,11
112900045,122,66,56
112900046,44,36,8
112900047,10,9,1
112900049,858,46,812
112900050,29,234,-205
112900051,188,119,69
112900052,1,262,-261
112900053,106,255,-149
112900054,77,65,12
112900055,36,16,20
112900056,224,167,57
112900057,64,108,-44
112900058,392,570,-178
112900059,104,194,-90
112900060,71,26,45
112900061,25,54,-29
112900062,97,19,78
112900063,15,32,-17
112900064,13,20,-7
112900065,30,4,26
112900066,245,492,-247
112900067,203,70,133
112900068,82,213,-131
112900069,774,1616,-842
112900071,64,45,19
112900072,56,8228,-8172
112900073,670,413,257
112900074,231,748,-517
112900075,600,2128,-1528
112900076,8,56,-48
112900078,199,737,-538
112900079,201,96,105
112900080,303,6,297
112900081,60,628,-568
112900082,837,23,814
112900083,248,250,-2
112900084,664,559,105
112900086,341,0,341
112900087,3036,204,2832
112900088,520,16,504
112900089,1318,17,1301
112900090,131,106,25
112900091,560,14,546
112900092,34,1083,-1049
112900093,1351,23,1328
112900095,299,2,297
112900096,1089,186,903
112900097,147,79,68
112900098,137,1,136
112900099,2427,12,2415
112900100,199,7,192
112900101,730,4,726
112900102,79,47,32
112900103,467,9,458
112900104,367,4,363
112900105,107,0,107
112900106,770,152,618
112900107,14,1,13
112900108,1,0,1
112900109,338,0,338
112900110,2774,18,2756
112900111,1246,4,1242
112900112,520,1,519
112900113,3,5,-2
112900114,638,1,637
112900115,3627,1,3626
112900116,205,11,194
112900117,170,15,155
112900118,2,14,-12
112900119,733,5,728
112900120,375,135,240
112900121,33,47,-14
112900122,0,18,-18
112900123,752,47,705
112900124,2,8,-6
112900125,13,132,-119
112900126,29,53,-24
112900127,1017,47,970
112900128,42,151,-109
112900129,1,201,-200
112900130,331,37,294
112900131,21,72,-51
112900132,48,659,-611
112900133,12,1806,-1794
112900134,0,120,-120
112900135,110,43,67
112900137,0,165,-165
112900138,1,44,-43
112900139,30,274,-244
112900141,1201,5,1196
112900142,51,553,-502
112900143,7,196,-189
112900144,0,335,-335
112900145,1,124,-123
112900146,0,129,-129
112900147,0,297,-297
112900148,21,2,19
112900149,271,238,33
112900151,2,29,-27
112900152,2565,280,2285
112900153,213,6563,-6350
112900154,0,52,-52
112900155,137,14,123
112900156,946,284,662
112900157,1082,25,1057
112900158,75,0,75
112900159,135,443,-308
112900160,29,51,-22
112900161,298,14,284
112900162,6,6,0
112900163,13,57,-44
112900164,22,120,-98
112900165,14,12,2
112900166,14,81,-67
112900167,4,1314,-1310
112900168,16,1,15
112900169,5,7,-2
112900170,187,11,176
112900172,12,35,-23
112900173,109,68,41
112900174,801,46,755
112900175,131,260,-129
112900176,11,70,-59
112900177,394,80,314
112900178,405,4021,-3616
112900179,3,395,-392
112900180,2259,568,1691
112900181,1498,6,1492
112900182,76,172,-96
112900183,20,123,-103
112900184,172,141,31
112900185,45,176,-131
112900186,589,587,2
112900187,18,299,-281
112900188,450,1134,-684
112900189,8,0,8
112900190,1,0,1
112900192,415,300,115
112900193,727,165,562
112900194,47,4,43
112900195,641,28,613
112900196,268,163,105
112900197,31,206,-175
112900199,1126,138,988
112900200,591,44,547
112900201,256,183,73
112900202,870,308,562
112900203,485,60,425
112900204,413,121,292
112900205,16,0,16
112900206,40,12,28
112900207,21,0,21
112900208,47,1192,-1145
112900209,92,89,3
112900210,0,2,-2
112900211,74,1,73
112900212,0,29,-29
112900213,67,28,39
112900214,3,4,-1
112900215,7,24,-17
112900216,29,28,1
112900217,0,34,-34
112900218,139,3,136
112900219,314,4,310
112900220,0,0,0
112900221,34,50,-16
112900222,3,616,-613
112900223,1044,25,1019
112900224,1506,135,1371
112900225,1077,82,995
112900226,76,148,-72
112900227,1579,168,1411
112900228,192,27,165
112900229,636,33,603
112900230,4984,2020,2964
112900232,361,323,38
112900233,161,46,115
112900234,137,0,137
112900235,9,0,9
112900236,1638,12,1626
112900237,1025,101,924
112900238,6,0,6
112900239,398,1360,-962
112900240,0,14,-14
112900241,11,21,-10
112900242,3,18,-15
112900243,3,29,-26
112900244,23,32,-9
112900245,0,39,-39
112900246,2,6,-4
112900247,48,96,-48
112900248,3,0,3
112900249,27,0,27
112900250,103,1,102
112900251,354,0,354
112900252,326,9,317
112900253,204,4,200
112900254,67,2,65
112900255,27,44,-17
112900256,0,17,-17
112900257,1,12,-11
112900258,48,1,47
113000001,6364,4033,2331
113000002,7451,3131,4320
113000003,2257,1359,898
113000004,3129,1349,1780
113000005,2390,1130,1260
113000006,2360,1141,1219
113000007,3424,1081,2343
113000008,2847,1083,1764
113000009,1925,625,1300
113000010,2411,661,1750
113000011,1074,668,406
113000012,1447,703,744
113000013,516,331,185
113000014,988,1297,-309
113000015,118,136,-18
113000016,259,464,-205
113000017,36,367,-331
113000018,662,64,598
113000019,150,492,-342
113000020,225,56,169
113000021,2843,741,2102
113000022,1244,2403,-1159
113000025,70,216,-146
113000026,1079,465,614
113000027,939,581,358
113000028,432,904,-472
113000029,597,519,78
113000030,163,450,-287
113000031,159,187,-28
113000032,220,116,104
113000033,115,165,-50
113000034,131,39,92
113000035,22,4,18
113000036,7,18,-11
113000037,48,20,28
113000038,19,38,-19
113000039,24,225,-201
113000040,73,24,49
113000042,1181,432,749
113000051,2096,2695,-599
113000052,2943,285,2658
113000053,995,239,756
113000054,881,720,161
113000055,2682,280,2402
113000056,2856,673,2183
113000058,465,820,-355
113000059,1124,164,960
113000060,491,588,-97
113000061,972,703,269
113000062,307,325,-18
113000063,631,22,609
113000064,141,164,-23
113000065,273,254,19
113000066,1640,110,1530
113000067,5117,319,4798
113000068,664,376,288
113000069,1110,289,821
113000070,4528,305,4223
113000071,746,255,491
113000072,2249,252,1997
113000073,605,710,-105
113000074,1254,458,796
113000075,2262,619,1643
113000076,479,1911,-1432
113000077,616,427,189
113000078,265,1033,-768
113000079,464,557,-93
113000080,543,655,-112
113000081,1128,1697,-569
113000082,803,433,370
113000083,764,857,-93
113000084,1247,702,545
113000085,1400,902,498
113000086,834,1605,-771
113000087,1494,1900,-406
113000088,1364,1248,116
113000089,934,1233,-299
113000090,70,894,-824
113000091,133,239,-106
113000094,1921,160,1761
113000095,309,190,119
113000096,115,325,-210
113000097,1265,469,796
113000098,81,175,-94
113000099,1253,605,648
113000100,126,329,-203
113000101,122,305,-183
113000102,830,344,486
113000103,3621,225,3396
113000104,778,2654,-1876
113000105,1389,427,962
113000106,606,159,447
113000107,1915,856,1059
113000108,1471,571,900
113000109,552,940,-388
113000110,7034,726,6308
113000111,640,397,243
113000112,1699,268,1431
113000113,2317,245,2072
113000114,205,696,-491
113000116,422,215,207
113000117,577,42,535
113000118,36,996,-960
113000119,297,172,125
113000120,68,409,-341
113000121,414,547,-133
113000124,243,114,129
113000125,27,1375,-1348
113000127,845,75,770
113000128,1311,140,1171
113000129,262,607,-345
113000133,1661,239,1422
113000134,5,2236,-2231
113000135,4925,4431,494
113000137,777,2994,-2217
113000139,228,68,160
113000140,73,33,40
113000141,37,39,-2
113000142,138,151,-13
113000143,400,118,282
113000144,137,182,-45
113000145,122,99,23
113000146,89,14,75
113000147,239,32,207
113000148,329,44,285
113000149,172,130,42
113000150,286,158,128
113000151,20,20,0
113000152,44,187,-143
113000153,667,151,516
113000154,407,1999,-1592
113000155,270,829,-559
113000156,170,96,74
113000157,242,72,170
113000158,508,57,451
113000159,1091,147,944
113000160,507,133,374
113000161,477,36,441
113000162,969,71,898
113000163,94,17,77
113000164,24,145,-121
113000166,459,17,442
113000167,97,46,51
113000168,299,24,275
113000169,341,13,328
113000170,104,35,69
113000171,22,31,-9
113000172,342,15,327
113000173,147,14,133
113000174,151,65,86
113000175,752,22,730
113000176,1037,36,1001
113000177,196,40,156
113000178,294,138,156
113000179,469,10,459
113000180,980,1656,-676
113000181,2516,1033,1483
113000182,86,776,-690
113000183,188,723,-535
113000184,49,137,-88
113000189,177,272,-95
113000190,167,117,50
113000192,494,3404,-2910
113000193,1302,2952,-1650
113000194,1074,4497,-3423
113000195,1290,1622,-332
113000196,788,65,723
113000197,1447,3433,-1986
113000198,153,432,-279
113000199,2381,430,1951
113000201,203,294,-91
113000202,6432,1351,5081
113000203,117,76,41
113000204,473,3799,-3326
113000205,8,3,5
113000206,14,28,-14
113000207,88,13,75
113000208,42,68,-26
113000209,17,8,9
113000210,7,21,-14
113000211,71,99,-28
113000212,13,14,-1
113000213,40,89,-49
113000214,343,234,109
113000234,245,186,59
113000410,14,99,-85
113000411,923,1009,-86
113000412,5404,856,4548
113000413,686,1157,-471
113000414,3335,12810,-9475
113000415,1867,804,1063
113000416,1313,1522,-209
113000417,532,881,-349
113000418,5428,2872,2556
113000419,1151,1099,52
113000420,2820,5110,-2290
113000421,4919,5867,-948
113000422,6669,8430,-1761
113000423,697,3129,-2432
113000424,1061,8912,-7851
113000425,30,184,-154
113000428,20,19,1
113000430,4,75,-71
113000432,4495,260,4235
113000433,40,354,-314
113000434,14,114,-100
113000435,4,85,-81
113000436,12,402,-390
113000437,2476,31,2445
113000438,915,11,904
113000439,43,20,23
113000440,344,18,326
113000441,401,208,193
113000442,443,27,416
113000443,791,78,713
113000444,1049,18,1031
113000445,113,71,42
113000446,46,143,-97
113000448,354,514,-160
113000449,200,1577,-1377
113000450,586,5057,-4471
113000451,2894,892,2002
113000452,64,886,-822
113000453,41,451,-410
113000454,188,143,45
113000455,8,814,-806
113000456,720,1343,-623
113000468,448,76,372
113000469,43,112,-69
113000470,326,14,312
113000471,4,460,-456
113000472,87,211,-124
113000474,2034,880,1154
113000475,1430,572,858
113000476,4444,2261,2183
113000477,5416,2458,2958
113000478,2675,2859,-184
113000479,194,129,65
113000483,0,0,0
113000484,0,1,-1
113000485,0,0,0
113000486,0,0,0
113000487,0,0,0
113000488,0,0,0
113000489,0,0,0
113000490,0,0,0
113000491,0,0,0
113000492,0,0,0
113000493,0,0,0
113000495,422,117,305
113000496,172,175,-3
113000499,0,0,0
113900001,342,2673,-2331
113900002,5,148,-143
113900003,243,674,-431
113900004,1158,330,828
113900005,1239,550,689
113900006,5,259,-254
113900007,1,15,-14
113900008,6,0,6
113900009,6,0,6
113900010,2,0,2
113900011,66,0,66
113900012,626,312,314
113900013,134,333,-199
113900014,947,1,946
113900015,0,4,-4
113900016,31,0,31
113900017,0,19,-19
113900018,65,222,-157
113900019,391,5,386
113900020,378,1,377
113900022,112,0,112
113900023,143,0,143
113900024,16,6,10
113900025,355,28,327
113900026,137,0,137
113900027,35,21,14
113900028,7,215,-208
113900029,100,18,82
113900030,1001,1,1000
113900031,34,0,34
113900032,45,0,45
113900033,94,17,77
113900035,85,1,84
113900036,31,36,-5
113900037,134,1241,-1107
113900038,25,249,-224
113900039,423,9,414
113900040,7,23,-16
113900041,14,0,14
113900042,106,4,102
113900043,94,10,84
113900044,78,177,-99
113900045,131,22,109
113900046,102,416,-314
113900047,297,24,273
113900048,145,88,57
113900049,112,572,-460
113900050,232,146,86
113900051,415,38,377
113900052,63,129,-66
113900053,259,1057,-798
113900054,15,9,6
113900055,126,357,-231
113900056,99,13,86
113900057,2,20,-18
113900058,79,11,68
113900059,453,65,388
113900060,60,1066,-1006
113900061,256,66,190
113900062,154,23,131
113900063,180,23,157
113900064,13,28,-15
113900065,666,5,661
113900066,1287,38,1249
113900067,684,185,499
113900068,309,1240,-931
113900069,33,35,-2
113900070,60,59,1
113900071,224,11,213
113900072,42,27,15
113900073,941,121,820
113900074,577,405,172
113900075,567,2724,-2157
113900076,118,7,111
113900077,26,13,13
113900078,72,6,66
113900079,0,8,-8
113900080,612,114,498
113900081,131,40,91
113900082,268,241,27
113900083,771,62,709
113900084,218,44,174
113900085,6,64,-58
113900086,101,31,70
113900087,45,132,-87
113900088,81,94,-13
113900089,651,14,637
113900090,342,76,266
113900091,8,6,2
113900092,7,91,-84
113900093,30,2173,-2143
113900094,939,214,725
113900095,172,70,102
113900096,330,77,253
113900097,14,91,-77
113900098,1137,267,870
113900099,1,22,-21
113900100,0,2,-2
113900101,2,111,-109
113900102,72,65,7
113900103,177,477,-300
113900104,187,169,18
113900105,633,21,612
113900106,0,17,-17
113900107,0,0,0
113900108,30,127,-97
113900109,159,314,-155
113900110,16,50,-34
113900111,268,56,212
113900112,318,28,290
113900113,1207,450,757
113900114,0,16,-16
113900115,0,0,0
113900116,30,165,-135
113900117,15,33,-18
113900118,74,1286,-1212
113900119,34,163,-129
113900120,148,21,127
113900121,211,16,195
113900122,123,5330,-5207
113900123,490,25,465
113900124,0,40,-40
113900125,516,114,402
113900126,49,41,8
113900127,439,647,-208
113900128,370,22,348
113900129,2,38,-36
113900130,0,6,-6
113900131,250,6,244
113900132,41,62,-21
113900133,36,8,28
113900135,373,120,253
113900136,57,18,39
113900137,294,98,196
113900138,33,103,-70
113900139,392,570,-178
113900140,13,79,-66
113900141,1039,115,924
113900142,84,23,61
113900143,24,76,-52
113900144,56,101,-45
113900145,406,50,356
113900146,361,85,276
113900148,26,100,-74
113900149,130,196,-66
113900150,309,103,206
113900151,578,112,466
113900152,60,20,40
113900153,38,73,-35
113900154,2,74,-72
113900155,54,137,-83
113900156,205,236,-31
113900157,27,361,-334
113900158,92,98,-6
113900159,14,257,-243
113900160,318,853,-535
113900161,242,215,27
113900162,83,201,-118
113900163,292,65,227
113900164,508,34,474
113900165,432,316,116
113900166,18,24,-6
113900167,406,55,351
113900168,60,10,50
113900169,125,147,-22
113900171,278,33,245
113900172,23,36,-13
113900173,2,173,-171
113900174,262,284,-22
113900175,249,174,75
113900176,226,113,113
113900177,89,45,44
113900178,226,309,-83
113900179,3,84,-81
113900180,51,18,33
113900181,1300,115,1185
113900182,549,230,319
113900183,29,9,20
113900184,16,133,-117
113900185,18,12,6
113900186,8,17,-9
113900187,10,50,-40
113900188,8,28,-20
113900189,315,128,187
113900190,122,13,109
113900191,8,47,-39
113900192,2,487,-485
113900193,2,59,-57
113900194,495,126,369
113900195,238,144,94
113900196,1,20,-19
113900197,1,23,-22
113900198,1,181,-180
113900199,20,83,-63
113900200,1,29,-28
113900201,0,40,-40
113900202,6,24,-18
113900203,0,37,-37
113900204,1,78,-77
113900205,4,6,-2
113900206,1,32,-31
113900207,0,32,-32
113900208,0,9,-9
113900209,0,1,-1
113900210,343,770,-427
113900211,184,10,174
113900212,423,140,283
113900214,154,97,57
113900215,295,62,233
113900216,232,201,31
113900217,226,88,138
113900218,66,49,17
113900219,74,216,-142
113900220,139,157,-18
113900221,182,776,-594
113900222,53,738,-685
113900223,477,172,305
113900224,62,31,31
113900225,948,104,844
113900226,274,147,127
113900227,187,231,-44
113900228,377,518,-141
113900229,28,1030,-1002
113900230,1476,3221,-1745
113900231,101,20,81
113900232,81,3,78
113900233,185,13,172
113900234,365,454,-89
113900235,126,39,87
113900236,564,140,424
113900237,204,11,193
113900238,96,287,-191
113900239,40,78,-38
113900240,0,114,-114
113900241,48,65,-17
113900242,10,104,-94
113900243,3,77,-74
113900244,166,88,78
113900245,197,92,105
113900246,9,35,-26
113900247,48,536,-488
113900248,1594,2081,-487
113900249,135,599,-464
113900250,5,549,-544
113900251,1478,34,1444
113900252,1105,6,1099
113900253,855,25,830
113900254,431,138,293
113900255,1397,16,1381
113900256,757,8,749
113900257,10,222,-212
113900258,30,128,-98
113900259,988,78,910
113900260,303,7,296
113900261,34,57,-23
113900262,256,93,163
113900263,2,91,-89
113900264,0,87,-87
113900265,122,2428,-2306
113900266,39,85,-46
113900267,37,308,-271
113900268,83,1898,-1815
113900269,52,135,-83
113900270,259,237,22
113900271,460,216,244
113900273,6,18,-12
113900274,47,101,-54
113900275,0,72,-72
113900276,22,59,-37
113900277,400,1,399
113900278,241,54,187
113900279,76,31,45
113900280,656,255,401
113900281,51,781,-730
113900282,99,148,-49
113900283,485,415,70
113900284,1706,89,1617
113900285,109,29,80
113900286,5,14,-9
113900287,191,17,174
113900288,0,91,-91
113900289,221,164,57
113900290,506,795,-289
113900291,90,40,50
113900292,4,18,-14
113900293,1,115,-114
113900294,1007,12,995
113900295,356,133,223
113900296,695,169,526
113900297,2639,27,2612
113900298,59,1157,-1098
113900299,156,28,128
113900300,4400,5129,-729
113900301,179,996,-817
113900302,2071,1113,958
113900303,87,1758,-1671
113900304,1,96,-95
113900305,266,0,266
113900306,188,0,188
113900307,10,0,10
113900308,9,38,-29
113900309,1,145,-144
113900310,3,3,0
113900311,33,3,30
113900312,32,130,-98
113900313,1,0,1
113900314,3,184,-181
113900315,1770,164,1606
114000001,1042,682,360
114000002,651,184,467
114000003,504,295,209
114000004,1215,148,1067
114000005,1038,74,964
114000006,1681,569,1112
114000007,1320,438,882
114000008,2938,1304,1634
114000009,2064,249,1815
114000011,3664,1429,2235
114000012,6408,1611,4797
114000013,3708,1697,2011
114000014,1479,167,1312
114000015,3875,175,3700
114000016,922,61,861
114000017,175,1533,-1358
114000018,127,15,112
114000026,5348,839,4509
114000027,7269,2933,4336
114000028,2126,3600,-1474
114000038,526,84,442
114000039,135,35,100
114000040,240,553,-313
114000042,262,101,161
114000043,140,139,1
114000044,871,45,826
114000045,56,27,29
114000046,2051,3715,-1664
114000047,7,170,-163
114000048,248,84,164
114000049,3042,939,2103
114000050,2532,763,1769
114000051,4226,1603,2623
114000052,3846,3906,-60
114000053,29,824,-795
114000054,440,876,-436
114000055,655,116,539
114000056,153,585,-432
114000057,3033,1082,1951
114000058,126,1172,-1046
114000059,75,1822,-1747
114000060,964,990,-26
114000061,2428,2515,-87
114000062,348,721,-373
114000063,1285,1011,274
114000064,1487,5249,-3762
114000065,1264,1360,-96
114000066,1162,697,465
114000067,45,2205,-2160
114000068,340,1226,-886
114000069,1463,280,1183
114000070,2130,899,1231
114000071,1414,284,1130
114000072,2136,349,1787
114000073,53,14,39
114000074,200,14,186
114000075,137,27,110
114000076,78,35,43
114000077,18,4,14
114000078,981,758,223
114000079,573,190,383
114000080,196,126,70
114000081,110,70,40
114000082,470,232,238
114000083,110,10,100
114000084,318,80,238
114000085,140,224,-84
114000086,299,648,-349
114000087,662,68,594
114000088,43,26,17
114000089,543,238,305
114000090,898,936,-38
114000091,967,759,208
114000092,780,253,527
114000093,2125,318,1807
114000094,1063,402,661
114000095,380,313,67
114000096,72,106,-34
114000097,104,135,-31
114000098,1084,136,948
114000099,1752,82,1670
114000100,2885,313,2572
114000101,828,213,615
114000102,1733,274,1459
114000103,282,93,189
114000104,6,308,-302
114000105,670,252,418
114000106,620,4072,-3452
114000107,753,169,584
114000108,915,397,518
114000109,1073,6402,-5329
114000110,1476,331,1145
114000111,4270,2403,1867
114000112,541,600,-59
114000113,4150,237,3913
114000114,402,444,-42
114000115,5231,479,4752
114000116,1064,7236,-6172
114000117,7110,694,6416
114000118,7000,268,6732
114000119,5481,297,5184
114000120,1660,567,1093
114000121,476,373,103
114000122,607,380,227
114000123,4279,262,4017
114000124,3248,293,2955
114000125,1355,1236,119
114000126,3249,357,2892
114000127,339,85,254
114000128,1404,114,1290
114000130,786,360,426
114000131,767,72,695
114000132,1564,172,1392
114000133,982,596,386
114000134,226,13,213
114000138,76,26,50
114000139,556,406,150
114000144,963,852,111
114000145,135,17,118
114000146,301,16,285
114000147,914,2890,-1976
114000148,677,2196,-1519
114000149,468,275,193
114000150,478,889,-411
114000151,474,4085,-3611
114000152,92,61,31
114000153,873,1503,-630
114000154,1179,498,681
114000155,898,5588,-4690
114000156,833,611,222
114000157,625,2105,-1480
114000158,725,269,456
114000159,553,199,354
114000160,139,269,-130
114000161,1027,1103,-76
114000162,1359,2071,-712
114000163,76,23,53
114000165,473,368,105
114000166,447,274,173
114000167,2234,2900,-666
114000168,435,153,282
114000169,1156,877,279
114000170,1558,907,651
114000171,2149,18581,-16432
114000174,132,510,-378
114000176,158,356,-198
114000177,458,224,234
114000178,157,155,2
114000179,911,1140,-229
114000180,151,177,-26
114000181,1324,9072,-7748
114000182,694,2244,-1550
114000183,650,868,-218
114000184,1925,303,1622
114000185,1919,695,1224
114000189,3040,110,2930
114000190,5531,511,5020
114000191,283,866,-583
114000192,83,333,-250
114000193,166,499,-333
114000194,4006,543,3463
114000195,722,662,60
114000196,1,106,-105
114000197,3473,24,3449
114000198,1054,267,787
114000199,1331,1298,33
114000200,1190,598,592
114000201,415,807,-392
114000202,1403,565,838
114000203,1694,486,1208
114000204,340,394,-54
114000205,757,4847,-4090
114000206,1385,746,639
114000207,448,514,-66
114000208,1074,453,621
114000209,547,876,-329
114000210,208,445,-237
114000211,2805,873,1932
114000212,1312,2533,-1221
114000213,3134,409,2725
114000214,335,23,312
114000215,172,81,91
114000216,3330,396,2934
114000217,580,156,424
114000218,867,371,496
114000219,3054,104,2950
114000220,31,278,-247
114000221,2323,120,2203
114000222,205,348,-143
114000223,1412,178,1234
114000224,81,319,-238
114000225,851,180,671
114000226,408,151,257
114000227,1658,697,961
114000228,1411,324,1087
114000229,2970,674,2296
114000230,2108,444,1664
114000231,1346,1494,-148
114000232,1927,175,1752
114000233,4264,66,4198
114000234,1910,503,1407
114000235,2900,737,2163
114000236,0,116,-116
114000237,149,312,-163
114000238,162,458,-296
114000239,170,599,-429
114000240,1335,5806,-4471
114000241,472,629,-157
114000242,887,1018,-131
114000243,3925,1189,2736
114000244,656,366,290
114000245,554,2570,-2016
114000246,216,397,-181
114000247,849,464,385
114000248,3165,552,2613
114000249,923,307,616
114000250,1262,153,1109
114000251,445,111,334
114000252,123,10,113
114000253,218,99,119
114000254,76,6,70
114000255,593,191,402
114000256,367,658,-291
114000257,1593,1035,558
114000258,1240,264,976
114000259,373,468,-95
114000260,0,47,-47
114000261,101,20,81
114000262,631,524,107
114000263,21,0,21
114000264,2971,217,2754
114000265,0,2,-2
114000267,5,4518,-4513
114000268,0,478,-478
114000270,724,70,654
114000271,308,68,240
114000283,3305,284,3021
114000285,26,96,-70
114000288,335,300,35
114000289,3646,102,3544
114000293,547,547,0
114000294,347,492,-145
114000395,4378,22,4356
114000396,758,457,301
114000402,1463,150,1313
114000403,601,111,490
114000405,773,148,625
114000423,1322,139,1183
114000424,749,176,573
114000425,2555,81,2474
114000426,429,1037,-608
114000427,136,30,106
114000428,49,76,-27
114000429,20,108,-88
114000432,244,20,224
114000434,101,47,54
114000435,0,17,-17
114900001,1199,184,1015
114900002,308,882,-574
114900003,1136,177,959
114900004,208,1093,-885
114900005,581,73,508
114900006,122,199,-77
114900007,302,2,300
114900008,506,107,399
114900010,850,2719,-1869
114900011,684,90,594
114900013,599,79,520
114900015,24,800,-776
114900018,2871,19,2852
114900020,209,106,103
114900022,46,1031,-985
114900024,94,63,31
114900025,887,67,820
114900026,195,95,100
114900027,92,40,52
114900029,411,15,396
114900030,433,136,297
114900031,1382,18,1364
114900032,1100,8,1092
114900033,108,1104,-996
114900034,47,43,4
114900035,119,173,-54
114900036,284,136,148
114900037,64,21,43
114900038,191,123,68
114900039,1377,117,1260
114900040,229,5,224
114900041,2552,149,2403
114900042,2637,171,2466
114900043,218,47,171
114900044,332,91,241
114900046,3,31,-28
114900047,168,7015,-6847
114900048,51,110,-59
114900049,25,53,-28
114900050,86,84,2
114900051,42,262,-220
114900052,8,1403,-1395
114900053,45,502,-457
114900054,29,16,13
114900057,376,13,363
114900058,0,24,-24
114900059,234,117,117
114900060,137,238,-101
114900061,48,8,40
114900062,52,49,3
114900063,212,20,192
114900064,3424,97,3327
114900065,388,1135,-747
114900067,39,131,-92
114900068,35,34,1
114900069,318,14,304
114900070,999,116,883
114900072,0,79,-79
114900073,1,16,-15
114900074,2192,62,2130
114900075,548,6,542
114900076,0,48,-48
114900080,382,35,347
114900082,1131,2992,-1861
114900083,123,546,-423
114900090,1199,109,1090
114900091,121,75,46
114900095,47,18,29
114900096,40,81,-41
114900097,779,0,779
114900098,8,82,-74
114900099,433,8,425
115000001,4688,1525,3163
115000002,5031,7828,-2797
115000003,4588,1331,3257
115000004,6463,6712,-249
115000005,2060,2068,-8
115000006,1826,1268,558
115000007,519,210,309
115000008,511,562,-51
115000009,568,254,314
115000010,376,334,42
115000013,33,243,-210
115000015,39,421,-382
115000016,33,180,-147
115000019,33,545,-512
115000020,140,1332,-1192
115000021,118,369,-251
115000022,190,134,56
115000023,390,523,-133
115000024,253,156,97
115000025,929,492,437
115000026,158,97,61
115000027,509,127,382
115000028,156,157,-1
115000029,1308,50,1258
115000030,532,326,206
115000031,660,59,601
115000032,12,400,-388
115000033,190,8,182
115000034,56,1348,-1292
115000035,870,196,674
115000036,0,214,-214
115000037,1126,127,999
115000038,93,102,-9
115000039,2739,6419,-3680
115000040,3657,3643,14
115000041,1878,7524,-5646
115000042,634,664,-30
115000043,4508,2914,1594
115000044,2521,2780,-259
115000045,3939,711,3228
115000046,4490,2326,2164
115000047,4197,1238,2959
115000048,4390,1976,2414
115000049,1973,3084,-1111
115000050,4130,983,3147
115000051,2012,7309,-5297
115000052,1633,819,814
115000053,3474,3684,-210
115000054,803,554,249
115000055,205,1210,-1005
115000056,189,380,-191
115000057,621,1247,-626
115000058,66,627,-561
115000059,123,258,-135
115000061,293,277,16
115000062,407,496,-89
115000063,934,190,744
115000064,413,69,344
115000065,171,677,-506
115000067,497,20,477
115000069,110,270,-160
115000070,49,1253,-1204
115000071,121,10,111
115000072,7,28,-21
115000073,1712,74,1638
115000075,137,64,73
115000076,2473,1342,1131
115000077,3296,1009,2287
115000078,3214,644,2570
115000079,3043,1213,1830
115000080,6566,1062,5504
115000081,286,287,-1
115000082,7237,5051,2186
115000083,4088,665,3423
115000084,4993,555,4438
115000085,2247,437,1810
115000086,2067,382,1685
115000087,831,2031,-1200
115000088,1553,428,1125
115000089,1895,814,1081
115000090,516,959,-443
115000091,340,237,103
115000092,1186,1594,-408
115000093,1680,1,1679
115000094,4704,12289,-7585
115000095,3065,10751,-7686
115000096,1936,522,1414
115000097,3358,2469,889
115000098,3085,351,2734
115000099,4003,950,3053
115000100,2929,342,2587
115000101,855,462,393
115000102,786,165,621
115000103,345,311,34
115000105,102,74,28
115000106,1320,688,632
115000107,203,174,29
115000108,1752,1199,553
115000109,3551,6865,-3314
115000110,1020,2917,-1897
115000111,246,503,-257
115000112,463,563,-100
115000113,342,325,17
115000114,669,199,470
115000116,2012,1651,361
115000117,1433,2636,-1203
115000118,1811,2663,-852
115000119,1515,4069,-2554
115000120,688,795,-107
115000121,472,703,-231
115000122,379,1510,-1131
115000123,849,1118,-269
115000124,944,917,27
115000125,340,900,-560
115000126,106,276,-170
115000127,414,91,323
115000128,567,920,-353
115000129,124,1186,-1062
115000130,452,464,-12
115000131,1718,329,1389
115000132,819,1246,-427
115000133,1949,983,966
115000134,635,887,-252
115000135,244,723,-479
115000136,270,193,77
115000137,113,323,-210
115000138,590,273,317
115000139,290,105,185
115000140,636,104,532
115000141,330,59,271
115000142,269,63,206
115000143,1317,559,758
115000144,693,56,637
115000145,339,78,261
115000146,596,601,-5
115000147,369,1263,-894
115000148,418,486,-68
115000149,1199,306,893
115000150,1150,265,885
115000151,2326,176,2150
115000152,1699,416,1283
115000153,2754,213,2541
115000154,1605,130,1475
115000155,1391,751,640
115000156,877,394,483
115000157,320,576,-256
115000158,61,218,-157
115000159,518,245,273
115000160,299,206,93
115000161,157,619,-462
115000162,486,1333,-847
115000163,483,350,133
115000164,293,371,-78
115000165,186,443,-257
115000167,131,94,37
115000168,684,546,138
115000169,312,608,-296
115000170,43,139,-96
115000171,328,355,-27
115000172,676,661,15
115000173,356,1555,-1199
115000174,69,530,-461
115000175,145,190,-45
115000176,44,123,-79
115000177,17,162,-145
115000178,3,144,-141
115000179,25,182,-157
115000180,110,201,-91
115000181,1619,154,1465
115000182,1927,172,1755
115000183,797,361,436
115000186,666,82,584
115000187,228,194,34
115000188,524,284,240
115000189,527,596,-69
115000190,506,650,-144
115000191,218,754,-536
115000194,284,64,220
115000195,200,170,30
115000196,515,406,109
115000197,344,389,-45
115000198,888,152,736
115000199,1133,62,1071
115000200,737,69,668
115000201,545,366,179
115000206,635,11,624
115000207,987,313,674
115000208,391,842,-451
115000209,924,783,141
115000210,329,164,165
115000211,398,188,210
115000212,1057,302,755
115000224,222,13,209
115000225,152,49,103
115000229,170,25,145
115000230,178,175,3
115000231,528,342,186
115000232,4821,426,4395
115000233,191,117,74
115000234,87,160,-73
115000241,165,61,104
115000242,397,39,358
115000243,436,62,374
115000244,12,119,-107
115000246,61,38,23
115000247,71,61,10
115000248,43,19,24
115000249,12,60,-48
115000250,313,7,306
115000251,764,48,716
115000252,215,233,-18
115000253,14,828,-814
115000258,770,33,737
115000259,213,24,189
115000261,48,4,44
115000262,31,29,2
115000263,50,50,0
115000264,5,33,-28
115000267,64,30,34
115000268,40,49,-9
115000269,99,17,82
115000270,13,13,0
115000272,172,58,114
115000273,1125,5,1120
115000280,913,205,708
115000281,154,951,-797
115000282,455,1365,-910
115000284,152,328,-176
115000296,459,5,454
115000297,56,263,-207
115000298,68,543,-475
115000300,332,68,264
115000302,1088,197,891
115000303,1880,41,1839
115000304,1440,93,1347
115000305,176,192,-16
115000306,379,201,178
115000307,344,382,-38
115000308,9,24,-15
115000309,31,268,-237
115000310,3865,173,3692
115000311,2135,555,1580
115000313,258,113,145
115000314,849,361,488
115000315,470,1203,-733
115000316,196,159,37
115000317,411,382,29
115000318,1523,464,1059
115000319,236,90,146
115000320,11,777,-766
115000321,340,9,331
115000322,154,105,49
115000449,72,239,-167
115000557,5,4092,-4087
115000558,98,167,-69
115000587,1342,217,1125
115000588,1933,2221,-288
115000589,6635,2584,4051
115000590,827,2413,-1586
115000591,2202,915,1287
115000592,682,1397,-715
115000593,2183,750,1433
115000594,238,2205,-1967
115000609,414,417,-3
115000617,480,3649,-3169
115000624,454,13,441
115000633,396,1227,-831
115000634,3202,677,2525
115000635,916,90,826
115000638,162,268,-106
115000641,16,492,-476
115000642,598,109,489
115000643,256,253,3
115000644,195,191,4
115000646,560,2126,-1566
115000647,255,528,-273
115000648,5433,429,5004
115000893,1580,893,687
115000894,231,696,-465
115000895,324,824,-500
115000896,1243,419,824
115000897,461,147,314
115000898,479,259,220
115000899,164,1460,-1296
115000900,37,306,-269
115000901,93,149,-56
115000912,736,120,616
115000913,0,12,-12
115000915,12,0,12
115000916,0,1,-1
115000917,0,51,-51
115000918,40,1019,-979
115000919,7,75,-68
115000920,4,68,-64
115000921,224,89,135
115000922,268,510,-242
115000923,43,1453,-1410
115000925,341,247,94
115000927,40,149,-109
115000933,54,318,-264
115000934,49,169,-120
115000935,201,59,142
115000936,67,1721,-1654
115000937,624,312,312
115000938,13,172,-159
115000939,18,155,-137
115000940,0,15,-15
115000941,0,36,-36
115000942,1,97,-96
115000943,17,191,-174
115000944,1,8,-7
115900001,563,17,546
115900002,105,58,47
115900003,320,68,252
115900004,1,13,-12
115900005,407,22,385
115900006,312,102,210
115900008,317,3,314
115900009,115,117,-2
115900010,1055,89,966
115900011,462,36,426
115900012,511,5,506
115900013,687,56,631
115900014,210,33,177
115900015,512,7,505
115900016,210,20,190
115900017,220,54,166
115900018,106,20,86
115900019,20,6,14
115900020,454,1,453
115900021,275,385,-110
115900022,624,2,622
115900023,8,10,-2
115900025,18,260,-242
115900026,1011,28,983
115900027,0,86,-86
115900028,137,21,116
115900029,1,79,-78
115900030,59,45,14
115900031,113,249,-136
115900032,529,525,4
115900033,1,45,-44
115900034,16,123,-107
115900035,148,4,144
115900036,12,4844,-4832
115900037,11,109,-98
115900038,53,2,51
115900039,580,67,513
115900041,70,1776,-1706
115900042,104,4,100
115900043,338,62,276
115900044,97,1203,-1106
115900046,1161,59,1102
115900047,33,185,-152
115900049,381,192,189
115900051,3,26,-23
115900052,44,44,0
115900053,844,79,765
115900054,636,10,626
115900055,31,16,15
115900056,487,43,444
115900057,12,20,-8
115900058,4,8,-4
115900060,80,38,42
115900061,737,0,737
115900062,63,53,10
115900063,50,0,50
115900064,188,276,-88
115900065,391,30,361
115900066,45,54,-9
115900067,20,68,-48
115900068,1362,2579,-1217
115900069,22,147,-125
115900070,647,21,626
115900071,0,111,-111
115900072,16,50,-34
115900073,323,188,135
115900074,0,57,-57
115900075,72,101,-29
115900076,0,12,-12
115900077,0,45,-45
115900078,50,1223,-1173
115900079,666,4,662
115900080,125,14,111
115900081,58,2,56
115900082,149,801,-652
115900084,1284,4,1280
115900085,61,70,-9
115900086,1025,338,687
115900088,7,111,-104
115900089,1102,170,932
115900090,1345,1,1344
115900091,1,19,-18
115900092,72,33,39
115900093,0,5,-5
115900094,3,57,-54
115900096,2,1,1
115900097,30,64,-34
115900098,622,129,493
115900099,204,574,-370
115900100,14,93,-79
115900101,425,61,364
115900102,152,75,77
115900103,322,70,252
115900104,126,79,47
115900105,393,88,305
115900106,196,2,194
115900107,122,34,88
115900108,309,2,307
115900109,15,119,-104
115900110,43,0,43
115900111,0,22,-22
115900112,45,277,-232
115900113,71,2,69
115900114,2,28,-26
115900115,187,51,136
115900116,168,278,-110
115900117,248,0,248
115900118,1,54,-53
115900119,411,81,330
115900120,54,95,-41
115900121,445,42,403
115900124,301,1181,-880
115900125,638,247,391
115900126,1489,20,1469
115900127,1741,40,1701
115900128,0,268,-268
115900129,922,14,908
115900130,5,367,-362
115900131,971,170,801
115900132,1266,7,1259
115900134,843,9,834
115900135,338,429,-91
115900137,29,10,19
115900139,18,109,-91
115900140,821,30,791
115900141,0,54,-54
115900142,1,32,-31
115900143,485,81,404
115900144,531,62,469
115900146,39,28,11
115900147,151,477,-326
115900148,31,30,1
115900149,430,9,421
115900150,352,7,345
115900151,144,38,106
115900152,292,63,229
115900153,177,91,86
115900154,107,257,-150
115900155,0,18,-18
115900156,763,543,220
115900157,723,464,259
115900158,17,6,11
115900159,616,48,568
115900160,0,15,-15
115900161,45,30,15
115900163,449,36,413
115900164,1712,7,1705
115900166,232,69,163
115900168,637,116,521
115900171,121,88,33
115900172,50,116,-66
115900173,424,99,325
115900174,74,176,-102
115900175,479,61,418
115900178,24,95,-71
115900179,968,0,968
115900180,12,33,-21
115900181,468,42,426
115900182,1263,37,1226
115900183,12,279,-267
115900184,382,11,371
115900187,3,247,-244
115900189,1,102,-101
115900190,150,862,-712
115900191,14,67,-53
115900192,40,150,-110
115900193,118,555,-437
115900194,1573,42,1531
115900195,423,4881,-4458
115900198,703,483,220
115900199,503,39,464
115900200,403,67,336
115900201,322,184,138
115900202,5,419,-414
115900203,0,2,-2
115900204,0,20,-20
115900205,25,13,12
115900206,740,75,665
115900207,110,10,100
115900208,200,61,139
115900209,16,97,-81
115900210,4,862,-858
115900211,1,120,-119
115900212,320,99,221
115900213,149,387,-238
115900214,1391,44,1347
115900215,20,339,-319
115900216,5,27,-22
115900217,2,21,-19
115900218,3,8,-5
115900219,278,3,275
115900220,579,11,568
115900221,274,5,269
115900222,94,38,56
115900223,0,620,-620
115900224,988,3458,-2470
115900225,125,50,75
115900226,26,15,11
115900227,26,18,8
115900228,1,8,-7
115900229,3,17,-14
115900230,160,44,116
115900231,275,2,273
115900232,133,1,132
115900233,237,5,232
115900234,61,63,-2
115900235,32,20,12
115900236,18,585,-567
115900237,25,70,-45
115900238,10,21,-11
115900239,6,17,-11
115900240,27,14,13
115900241,534,42,492
115900242,403,663,-260
115900243,5,6,-1
115900244,18,3,15
115900245,219,1,218
115900246,2,3,-1
115900247,1,1,0
115900248,4,5,-1
115900249,14,1,13
115900250,76,2,74
115900251,16,0,16
115900252,6,0,6
115900253,51,13,38
115900254,17,34,-17
115900255,1,13,-12
115900256,27,102,-75
115900257,0,13,-13
115900258,0,6,-6
115900259,81,1,80
115900260,29,1,28
115900261,58,0,58
115900262,0,0,0
115900263,37,0,37
115900264,12,0,12
115900265,10,3,7
115900266,6,2,4
115900267,1,48,-47
115900268,0,275,-275
115900269,1972,135,1837
115900270,589,77,512
115900271,655,0,655
115900272,93,2,91
115900273,31,59,-28
115900274,0,1,-1
115900275,6,3,3
115900276,0,12,-12
115900277,0,26,-26
115900278,119,56,63
115900279,38,303,-265
115900280,3,1126,-1123
115900281,80,447,-367
115900282,6,97,-91
115900283,64,2,62
115900284,157,1,156
116000001,4700,1331,3369
116000002,6556,21728,-15172
116000003,1179,843,336
116000004,7013,8519,-1506
116000005,1026,2646,-1620
116000006,3320,6817,-3497
116000007,1424,1698,-274
116000008,7081,3081,4000
116000009,1044,756,288
116000010,4643,2554,2089
116000011,956,564,392
116000012,2949,1500,1449
116000013,3374,2420,954
116000014,10171,32042,-21871
116000015,127,2635,-2508
116000016,3709,7719,-4010
116000017,78,522,-444
116000018,427,238,189
116000019,2077,127,1950
116000020,390,620,-230
116000021,1803,113,1690
116000022,779,292,487
116000023,2956,1707,1249
116000024,840,582,258
116000025,1183,765,418
116000026,1389,3221,-1832
116000027,482,732,-250
116000028,547,1041,-494
116000029,334,238,96
116000030,720,546,174
116000031,32,102,-70
116000032,374,70,304
116000033,1042,256,786
116000034,555,864,-309
116000035,445,233,212
116000036,238,1645,-1407
116000037,162,441,-279
116000038,49,749,-700
116000039,180,757,-577
116000040,456,805,-349
116000041,139,575,-436
116000042,1514,908,606
116000043,148,362,-214
116000044,9,134,-125
116000045,1006,1201,-195
116000046,685,1088,-403
116000047,1786,2889,-1103
116000048,3402,1227,2175
116000049,2134,2052,82
116000050,1355,883,472
116000051,2913,2526,387
116000052,2875,1986,889
116000053,2748,650,2098
116000054,1137,1930,-793
116000055,1008,946,62
116000056,2171,942,1229
116000057,2065,896,1169
116000058,3810,2693,1117
116000059,2740,4791,-2051
116000060,2526,1290,1236
116000061,436,1672,-1236
116000062,811,326,485
116000063,723,2344,-1621
116000066,744,758,-14
116000067,326,259,67
116000068,261,225,36
116000069,353,148,205
116000078,862,939,-77
116000080,1681,219,1462
116000082,12,21,-9
116000083,3074,240,2834
116000084,1702,1205,497
116000085,1985,2843,-858
116000086,933,336,597
116000087,4263,1833,2430
116000088,2714,640,2074
116000089,312,101,211
116000090,354,111,243
116000091,213,1415,-1202
116000093,1034,212,822
116000094,1925,604,1321
116000095,1235,282,953
116000096,3148,5626,-2478
116000097,1394,490,904
116000098,70,18319,-18249
116000099,8857,899,7958
116000100,455,24,431
116000101,2839,332,2507
116000102,515,582,-67
116000103,697,487,210
116000104,359,1329,-970
116000105,2717,128,2589
116000106,857,5272,-4415
116000107,4363,1317,3046
116000108,37,2993,-2956
116000111,325,43,282
116000113,111,20,91
116000114,31,61,-30
116000115,488,97,391
116000116,461,67,394
116000117,2110,1176,934
116000118,2651,598,2053
116000119,5333,1275,4058
116000120,2929,1495,1434
116000121,1869,295,1574
116000122,932,389,543
116000123,2383,529,1854
116000124,999,206,793
116000125,4898,377,4521
116000126,702,264,438
116000127,1037,456,581
116000128,3965,516,3449
116000129,2591,99,2492
116000130,1605,688,917
116000133,3819,420,3399
116000134,2264,580,1684
116000135,4990,1006,3984
116000136,1325,832,493
116000137,1715,665,1050
116000138,888,348,540
116000139,2839,3420,-581
116000140,355,644,-289
116000141,1409,409,1000
116000142,4273,2051,2222
116000143,3148,1659,1489
116000144,3149,1663,1486
116000145,4660,736,3924
116000146,1735,118,1617
116000147,499,402,97
116000148,1769,1261,508
116000149,615,459,156
116000151,1015,737,278
116000153,155,464,-309
116000155,160,439,-279
116000156,1595,438,1157
116000157,159,5,154
116000158,836,113,723
116000159,53,10,43
116000160,114,11,103
116000161,10,86,-76
116000162,43,474,-431
116000163,97,4,93
116000164,44,8,36
116000177,97,2580,-2483
116000194,95,300,-205
116000195,3871,769,3102
116000196,0,0,0
116000197,97,39,58
116000198,2208,1120,1088
116000200,651,1261,-610
116000201,752,357,395
116000202,23,377,-354
116000203,0,13,-13
116000204,8,8,0
116000205,0,122,-122
116000206,3,536,-533
116000207,35,335,-300
116000233,107,234,-127
116000287,529,105,424
116000288,846,214,632
116000292,0,0,0
116000296,45,88,-43
116000297,233,5,228
116000304,641,26,615
116000305,10,29,-19
116000346,426,112,314
116000352,269,66,203
116000354,99,48,51
116000357,117,32,85
116000358,925,300,625
116000361,93,1,92
116000372,3568,10975,-7407
116000381,410,2,408
116000388,12,35,-23
116000389,1333,166,1167
116000445,2560,192,2368
116000446,1441,126,1315
116000447,58,683,-625
116000448,534,39,495
116000563,586,792,-206
116000565,143,248,-105
116000568,157,968,-811
116000579,116,229,-113
116000583,257,35,222
116000584,86,0,86
116000585,180,58,122
116000586,74,93,-19
116000587,434,100,334
116000589,316,86,230
116000590,226,72,154
116000591,391,74,317
116000592,13,15,-2
116000593,0,16,-16
116000594,2565,89,2476
116000595,1408,41,1367
116000596,530,1,529
116000597,1208,425,783
116000598,249,134,115
116000605,237,53,184
116000606,91,828,-737
116000607,134,71,63
116000609,22,2348,-2326
116000611,463,88,375
116000612,2816,2332,484
116000613,1216,380,836
116000614,819,138,681
116000615,0,373,-373
116000616,122,78,44
116000617,482,4,478
116000618,5,29,-24
116000619,8,120,-112
116000620,805,132,673
116000621,146,60,86
116000622,280,45,235
116000624,177,421,-244
116000627,474,36,438
116000628,391,172,219
116000629,170,99,71
116000630,2247,4,2243
116000631,1871,22,1849
116000632,2329,50,2279
116000633,1268,84,1184
116000634,1441,40,1401
116000635,2198,2819,-621
116000636,483,1217,-734
116000637,1798,39,1759
116000638,436,183,253
116000639,39,7,32
116000640,22,144,-122
116000641,11,6,5
116000643,0,13,-13
116000644,200,110,90
116000645,47,6,41
116900001,169,50,119
116900002,352,1,351
116900003,135,1,134
116900004,87,210,-123
116900005,684,10,674
116900006,70,196,-126
116900007,105,116,-11
116900008,1550,109,1441
116900009,18,36,-18
116900010,0,221,-221
116900011,3,4,-1
116900012,193,410,-217
116900013,9,29,-20
116900014,421,54,367
116900016,514,3,511
116900017,0,215,-215
116900018,91,151,-60
116900019,0,114,-114
116900020,230,1555,-1325
116900023,33,35,-2
116900025,2558,303,2255
116900026,23,310,-287
116900027,207,77,130
116900028,2,10,-8
116900029,83,2541,-2458
116900031,0,4,-4
116900032,7,75,-68
116900033,64,2,62
116900034,5,13,-8
116900035,362,136,226
116900036,19,73,-54
116900038,28,2,26
116900041,187,13,174
116900042,280,142,138
116900043,7,32,-25
116900047,75,526,-451
116900049,87,138,-51
116900050,40,91,-51
116900051,810,44,766
116900052,291,99,192
116900055,0,26,-26
116900057,25,66,-41
116900058,13,200,-187
116900059,0,31,-31
116900060,223,281,-58
116900062,2,380,-378
116900064,157,89,68
116900065,8,94,-86
116900067,182,11,171
116900068,279,85,194
116900070,24,21,3
116900072,67,71,-4
116900073,0,44,-44
116900074,4,22,-18
116900076,35,218,-183
116900077,1,22,-21
116900078,86,13,73
116900079,73,73,0
116900080,1,11,-10
116900081,136,455,-319
116900082,290,1358,-1068
116900083,1,2,-1
116900084,104,30,74
116900085,0,11,-11
116900086,26,115,-89
116900088,183,5,178
116900090,21,27,-6
116900091,1081,9,1072
116900092,93,185,-92
116900093,2238,1404,834
116900094,4102,9043,-4941
116900095,566,155,411
116900096,115,131,-16
116900097,1220,6850,-5630
116900098,540,185,355
116900099,324,441,-117
116900100,2541,181,2360
116900101,187,457,-270
116900103,10,0,10
116900104,10,227,-217
116900105,812,355,457
116900106,6754,40,6714
116900107,745,5118,-4373
116900110,34,0,34
116900111,1529,331,1198
116900112,467,240,227
116900113,953,5412,-4459
116900116,11,510,-499
116900117,459,834,-375
116900118,738,1255,-517
116900120,749,74,675
116900121,604,54,550
116900122,2499,577,1922
116900123,1251,394,857
116900124,124,224,-100
116900125,688,37,651
116900126,151,1329,-1178
116900128,0,16,-16
116900129,0,310,-310
116900130,979,8318,-7339
116900131,59,219,-160
116900132,126,50,76
116900133,464,123,341
116900134,376,182,194
116900136,340,720,-380
116900137,337,144,193
116900138,135,83,52
116900139,40,63,-23
116900140,224,71,153
116900141,619,60,559
116900142,3,496,-493
116900143,962,83,879
116900144,20,39,-19
116900145,172,38,134
116900147,198,1286,-1088
116900148,136,5,131
116900149,58,258,-200
116900150,4,5,-1
116900151,52,25,27
116900153,199,187,12
116900154,235,976,-741
116900155,158,67,91
116900157,1847,41,1806
116900158,169,397,-228
116900159,114,566,-452
116900160,1430,689,741
116900161,2844,15904,-13060
116900162,69,91,-22
116900163,629,36,593
116900164,103,49,54
116900165,943,358,585
116900166,180,140,40
116900167,1055,13,1042
116900168,1102,9,1093
116900169,118,953,-835
116900170,926,331,595
116900171,65,71,-6
116900172,129,996,-867
116900173,835,1,834
116900174,74,450,-376
116900175,589,425,164
116900178,130,25,105
116900179,58,659,-601
116900180,188,1,187
116900182,1039,214,825
116900183,484,170,314
116900185,21,9,12
116900186,273,50,223
116900187,79,78,1
116900188,277,8,269
116900189,0,0,0
116900191,146,108,38
116900192,614,133,481
116900194,116,2075,-1959
116900195,30,11,19
116900196,30,9,21
116900197,282,11,271
116900198,28,1166,-1138
116900200,289,5,284
116900201,766,7,759
116900202,83,28,55
116900203,343,7,336
116900204,14,584,-570
116900206,81,3,78
116900207,27,29,-2
116900208,40,37,3
116900209,63,17,46
116900210,422,223,199
116900211,328,0,328
116900212,228,4,224
116900213,263,12,251
116900214,533,202,331
116900215,66,4,62
116900216,388,128,260
116900218,108,541,-433
116900219,765,53,712
116900220,120,135,-15
116900221,260,284,-24
116900222,484,246,238
116900223,49,39,10
116900226,473,13,460
116900227,545,18,527
116900228,790,108,682
116900230,279,153,126
116900233,2328,157,2171
116900234,59,1,58
116900235,131,145,-14
116900238,385,84,301
116900239,31,1763,-1732
116900240,3772,5464,-1692
116900241,36,29,7
116900242,1309,1742,-433
116900243,2,16,-14
116900245,74,88,-14
116900246,134,28,106
116900247,1746,54,1692
116900248,75,11,64
116900249,1337,68,1269
116900250,1114,74,1040
116900251,255,2005,-1750
116900252,570,412,158
116900254,123,160,-37
116900255,263,251,12
116900256,1082,271,811
116900257,63,806,-743
116900258,7,21,-14
116900259,440,38,402
116900260,0,21,-21
116900261,125,6,119
116900262,181,104,77
116900263,0,2,-2
116900264,44,42,2
116900265,431,0,431
116900266,304,53,251
116900267,29,0,29
116900268,6,427,-421
116900269,523,1395,-872
116900271,520,1506,-986
116900272,283,284,-1
116900273,32,238,-206
116900274,265,44,221
116900275,507,84,423
116900276,321,782,-461
116900277,35,24,11
116900278,1,3,-2
116900279,8,66,-58
116900280,235,105,130
116900281,2348,11218,-8870
116900282,1,18,-17
116900283,0,13,-13
116900284,30,57,-27
116900285,45,780,-735
116900286,104,2,102
116900287,19,15,4
116900288,241,41,200
116900289,71,0,71
116900290,25,4,21
116900291,68,21,47
116900292,0,37,-37
116900293,222,2,220
116900294,16,97,-81
116900295,278,314,-36
116900296,69,133,-64
116900297,5,56,-51
116900298,52,102,-50
116900299,4,120,-116
116900300,0,70,-70
116900301,27,566,-539
116900302,15,106,-91
116900303,162,227,-65
116900304,0,317,-317
116900305,5,62,-57
116900306,849,32,817
116900307,274,3,271
116900308,0,41,-41
116900309,1658,58,1600
117000001,3912,5234,-1322
117000002,2243,3199,-956
117000003,7601,3003,4598
117000004,2274,3701,-1427
117000005,6369,2141,4228
117000006,1549,1773,-224
117000007,11407,1418,9989
117000008,1746,2542,-796
117000009,6545,1799,4746
117000010,1116,2145,-1029
117000011,6166,1564,4602
117000012,2594,1833,761
117000013,4218,1550,2668
117000014,2381,2641,-260
117000015,4344,2160,2184
117000016,346,376,-30
117000017,91,714,-623
117000018,137,1270,-1133
117000019,35,76,-41
117000020,411,3709,-3298
117000021,1821,1122,699
117000022,100,498,-398
117000023,61,1151,-1090
117000024,158,786,-628
117000025,163,3810,-3647
117000026,2030,3598,-1568
117000027,845,2818,-1973
117000028,704,1596,-892
117000030,411,362,49
117000031,880,370,510
117000032,1786,1639,147
117000033,1723,1035,688
117000034,386,284,102
117000035,638,334,304
117000036,1029,346,683
117000037,519,227,292
117000038,381,427,-46
117000039,229,304,-75
117000040,77,402,-325
117000041,1967,88,1879
117000044,12,380,-368
117000045,1933,452,1481
117000046,406,1029,-623
117000047,1227,983,244
117000048,1182,663,519
117000049,31,377,-346
117000050,1155,2569,-1414
117000051,4710,79,4631
117000052,155,155,0
117000053,2287,24,2263
117000054,2854,12,2842
117000055,9,633,-624
117000056,820,53,767
117000057,1787,1807,-20
117000060,517,773,-256
117000061,3302,2190,1112
117000062,289,669,-380
117000063,2075,730,1345
117000064,560,627,-67
117000066,309,529,-220
117000067,100,506,-406
117000074,4,259,-255
117000076,73,62,11
117000077,268,126,142
117000078,141,1362,-1221
117000079,393,173,220
117000080,0,397,-397
117000081,1103,122,981
117000082,36,129,-93
117000083,169,33,136
117000084,285,1,284
117000085,929,1778,-849
117000086,886,630,256
117000087,213,777,-564
117000088,930,176,754
117000089,4819,202,4617
117000090,587,483,104
117000091,2814,167,2647
117000092,771,438,333
117000093,3788,261,3527
117000094,1385,659,726
117000095,5661,332,5329
117000096,1397,617,780
117000097,4512,679,3833
117000098,2041,1336,705
117000099,7948,703,7245
117000100,413,338,75
117000101,231,419,-188
117000102,3712,365,3347
117000103,697,556,141
117000104,3129,316,2813
117000105,685,553,132
117000106,3592,270,3322
117000107,722,699,23
117000108,4156,924,3232
117000109,760,1210,-450
117000110,2344,2684,-340
117000111,5030,4161,869
117000112,6110,968,5142
117000113,153,74,79
117000114,532,810,-278
117000115,123,38,85
117000116,351,454,-103
117000117,1494,852,642
117000118,668,507,161
117000119,145,775,-630
117000120,15,935,-920
117000121,46,971,-925
117000122,985,1994,-1009
117000123,2114,27,2087
117000124,21,209,-188
117000125,59,530,-471
117000126,16,52,-36
117000127,129,488,-359
117000128,143,953,-810
117000129,294,1859,-1565
117000130,478,37,441
117000131,0,120,-120
117000132,9144,45,9099
117000133,6751,25,6726
117000134,0,115,-115
117000135,16,188,-172
117000136,0,21,-21
117000137,490,112,378
117000138,1,809,-808
117000140,583,511,72
117000141,2962,444,2518
117000181,317,126,191
117000182,3110,2612,498
117000195,371,263,108
117000196,592,169,423
117000225,31,386,-355
117000226,1,318,-317
117000276,830,66,764
117000277,0,122,-122
117000310,986,4156,-3170
117000315,327,1163,-836
117000320,125,0,125
117000906,1346,18,1328
117000907,2,119,-117
117000909,234,147,87
117000910,345,138,207
117000911,52,140,-88
117000915,0,101,-101
117000916,271,5,266
117000917,2257,78,2179
117000918,307,188,119
117000919,0,54,-54
117000920,4,2355,-2351
117000921,0,291,-291
117000922,65,68,-3
117000924,2156,1212,944
117000926,645,524,121
117000927,294,514,-220
117000928,0,153,-153
117000929,1449,95,1354
117000930,1779,4,1775
117000931,118,62,56
117900002,125,1220,-1095
117900003,58,109,-51
117900005,0,213,-213
117900006,0,14,-14
117900007,539,74,465
117900008,0,19,-19
117900010,653,63,590
117900011,4,883,-879
117900012,152,59,93
117900013,4,706,-702
117900014,1110,229,881
117900015,18,58,-40
117900016,1238,1871,-633
117900017,1664,526,1138
117900018,553,516,37
117900019,1611,219,1392
117900020,49,309,-260
117900021,88,175,-87
117900023,3200,198,3002
117900024,143,187,-44
117900025,37,2,35
117900026,874,252,622
117900028,82,5,77
117900029,654,443,211
117900030,442,534,-92
117900031,558,722,-164
117900032,1339,570,769
117900033,885,374,511
117900034,181,38,143
117900035,413,1581,-1168
117900036,635,234,401
117900037,336,58,278
117900038,78,68,10
117900039,0,93,-93
117900040,626,80,546
117900041,0,18,-18
117900042,3055,763,2292
117900043,0,7,-7
117900044,10,7077,-7067
117900045,567,101,466
117900048,497,346,151
117900049,588,481,107
117900050,7,561,-554
117900051,62,26,36
117900052,142,805,-663
117900053,3396,276,3120
117900054,2,4,-2
117900055,1823,441,1382
117900056,45,165,-120
117900057,1843,768,1075
117900058,0,126,-126
117900059,199,220,-21
117900060,5407,3055,2352
117900061,8,391,-383
117900063,1112,188,924
117900065,292,1388,-1096
117900066,11,235,-224
117900067,1782,120,1662
117900069,1782,89,1693
117900070,29,509,-480
117900071,458,124,334
117900073,1973,88,1885
117900074,12,757,-745
117900075,262,116,146
117900076,28,160,-132
117900077,1625,84,1541
117900078,735,550,185
117900080,440,39,401
117900081,319,142,177
117900082,1421,312,1109
117900083,1718,578,1140
117900086,378,68,310
117900087,293,5,288
117900088,1001,719,282
117900089,4174,475,3699
117900090,1459,871,588
117900091,205,28,177
117900092,381,68,313
117900093,336,14,322
117900094,67,46,21
117900095,1203,1521,-318
117900096,383,315,68
117900097,334,19,315
117900098,218,33,185
117900099,369,789,-420
117900100,1403,2,1401
117900101,1391,3585,-2194
117900102,103,11,92
117900103,143,7,136
117900104,3,429,-426
117900105,77,219,-142
117900106,170,14,156
117900107,155,0,155
117900109,2443,654,1789
117900110,559,1,558
117900111,2469,273,2196
117900112,112,3,109
117900113,1704,3468,-1764
117900114,157,0,157
117900115,15,283,-268
117900116,1645,401,1244
117900117,1465,125,1340
117900118,657,0,657
117900119,635,13,622
117900120,1330,23,1307
117900121,87,5,82
117900122,978,9959,-8981
117900123,1583,694,889
117900124,335,1409,-1074
117900125,1928,699,1229
117900126,213,173,40
117900127,1608,314,1294
117900128,885,401,484
117900129,305,0,305
117900130,1247,1220,27
117900131,8,91,-83
117900132,13,29,-16
117900133,18,20,-2
117900134,115,35,80
117900135,54,34,20
117900136,0,1,-1
117900137,149,125,24
117900138,0,3,-3
117900139,152,95,57
117900140,6834,492,6342
117900141,32,337,-305
117900142,12,649,-637
117900144,12,992,-980
117900145,1,456,-455
117900146,153,482,-329
117900147,189,120,69
117900148,2639,4233,-1594
117900149,167,70,97
117900150,141,79,62
117900151,44,151,-107
117900152,52,125,-73
117900153,51,265,-214
117900154,1063,531,532
117900156,262,326,-64
117900157,100,389,-289
117900158,520,45,475
117900160,1523,726,797
117900161,1189,388,801
117900162,1304,324,980
117900163,24,1054,-1030
117900165,0,7,-7
117900166,9,286,-277
117900168,94,74,20
117900169,0,55,-55
117900170,0,22,-22
117900171,0,3,-3
117900172,1,2,-1
117900173,35,44,-9
117900174,4,13,-9
117900175,5,31,-26
117900176,17,11,6
117900177,52,19,33
117900178,132,11,121
117900180,244,36,208
117900181,97,618,-521
117900182,0,70,-70
117900183,237,53,184
117900184,32,417,-385
117900185,42,18,24
117900186,139,7,132
117900187,47,7,40
117900188,347,190,157
117900189,131,18,113
117900190,40,1,39
117900191,167,0,167
117900192,713,7,706
117900193,39,77,-38
117900194,6,3,3
117900195,46,281,-235
117900196,86,17,69
117900207,41,152,-111
117900208,22,38,-16
117900209,403,80,323
117900210,120,73,47
117900211,4,78,-74
117900212,232,91,141
117900213,45,1,44
117900214,3,9,-6
117900215,74,35,39
117900216,17,58,-41
117900217,81,162,-81
117900218,101,231,-130
117900219,4,205,-201
117900220,37,346,-309
117900222,358,132,226
117900223,318,577,-259
118000001,745,2567,-1822
118000002,374,815,-441
118000003,2524,5035,-2511
118000004,1172,4556,-3384
118000005,4098,2207,1891
118000006,3329,3276,53
118000007,5926,12541,-6615
118000008,931,10177,-9246
118000009,1516,3570,-2054
118000010,4035,4090,-55
118000011,3677,948,2729
118000012,1098,2620,-1522
118000013,2675,2746,-71
118000014,1767,2253,-486
118000016,490,149,341
118000017,917,479,438
118000018,488,132,356
118000019,1263,1987,-724
118000020,414,1483,-1069
118000021,439,1858,-1419
118000022,1048,486,562
118000023,467,346,121
118000024,557,680,-123
118000027,9401,5579,3822
118000029,572,570,2
118000032,367,1470,-1103
118000033,1826,3736,-1910
118000034,2245,2627,-382
118000035,1710,1770,-60
118000036,1427,1007,420
118000037,874,1461,-587
118000038,1217,95,1122
118000039,243,75,168
118000040,2853,1511,1342
118000041,5106,1927,3179
118000045,170,212,-42
118000046,687,1348,-661
118000047,339,2507,-2168
118000048,1658,3998,-2340
118000051,765,3075,-2310
118000052,198,1328,-1130
118000053,386,1373,-987
118000054,3186,1562,1624
118000055,2748,1726,1022
118000056,140,747,-607
118000057,230,995,-765
118000058,1806,5305,-3499
118000059,1434,3370,-1936
118000060,1823,1198,625
118000061,1758,1930,-172
118000062,539,198,341
118000063,304,772,-468
118000064,859,1511,-652
118000065,2242,2128,114
118000066,1443,3023,-1580
118000067,533,765,-232
118000068,639,12824,-12185
118000069,1034,1314,-280
118000070,8201,2770,5431
118000071,4054,14700,-10646
118000072,909,5533,-4624
118000073,418,2294,-1876
118000074,509,1622,-1113
118000075,748,390,358
118000076,2094,10108,-8014
118000077,1182,1125,57
118000078,2707,2696,11
118000079,115,500,-385
118000080,417,806,-389
118000081,1807,1683,124
118000082,329,1005,-676
118000083,1268,1307,-39
118000084,1355,3121,-1766
118000086,190,799,-609
118000087,4024,2407,1617
118000088,1661,1623,38
118000089,3905,3798,107
118000090,1208,4721,-3513
118000091,1176,7333,-6157
118000092,868,567,301
118000093,67,644,-577
118000096,834,429,405
118000097,996,537,459
118000098,222,190,32
118000099,928,197,731
118000101,2512,376,2136
118000102,798,366,432
118000107,1822,292,1530
118000108,718,9611,-8893
118000110,1,12,-11
118000111,1,89,-88
118000112,3470,17,3453
118000113,3,468,-465
118000114,2476,48,2428
118000115,0,42,-42
118000116,109,1,108
118000117,675,768,-93
118000118,1675,1282,393
118000119,2012,1547,465
118000120,1387,848,539
118000121,20,393,-373
118000122,393,277,116
118000123,79,291,-212
118000125,882,1501,-619
118000126,689,3414,-2725
118000127,1507,864,643
118000128,360,2164,-1804
118000129,1922,1152,770
118000130,1945,2948,-1003
118000131,290,828,-538
118000132,3373,2933,440
118000133,2521,948,1573
118000135,686,1060,-374
118000136,142,891,-749
118000137,450,86,364
118000138,707,361,346
118000139,708,149,559
118000140,4368,10272,-5904
118000141,3910,1459,2451
118000142,4705,1913,2792
118000143,4084,2236,1848
118000144,640,496,144
118000145,1640,952,688
118000146,1860,255,1605
118000147,1680,538,1142
118000148,1579,1841,-262
118000149,1175,477,698
118000150,1467,229,1238
118000151,997,181,816
118000153,2803,599,2204
118000154,3166,699,2467
118000155,3420,888,2532
118000156,2102,4448,-2346
118000157,822,308,514
118000158,299,751,-452
118000159,24,130,-106
118000160,1176,327,849
118000161,755,308,447
118000162,2032,787,1245
118000163,1420,969,451
118000164,2477,1251,1226
118000168,484,1571,-1087
118000169,1352,825,527
118000170,3049,2553,496
118000171,537,700,-163
118000172,104,217,-113
118000173,895,1303,-408
118000175,376,204,172
118000176,467,220,247
118000177,550,445,105
118000178,28,19,9
118000179,609,624,-15
118000180,638,387,251
118000181,499,128,371
118000182,323,137,186
118000183,222,117,105
118000184,2052,335,1717
118000185,383,2158,-1775
118000186,447,1406,-959
118000187,3345,292,3053
118000188,1553,50,1503
118000189,1984,185,1799
118000190,11,6,5
118000191,50,11,39
118000192,18,72,-54
118000193,14,206,-192
118000194,2238,1346,892
118000195,230,4065,-3835
118000196,65,836,-771
118000197,89,399,-310
118000198,240,2177,-1937
118000199,323,1420,-1097
118000200,80,761,-681
118000201,126,1289,-1163
118000202,18,769,-751
118000203,307,2110,-1803
118000204,29,729,-700
118000205,85,317,-232
118000206,287,359,-72
118000207,1,105,-104
118000208,2276,1400,876
118000209,2962,426,2536
118000210,467,44,423
118000211,386,30,356
118000213,565,5019,-4454
118000214,304,992,-688
118000215,640,103,537
118000216,12044,2204,9840
118000217,13,36,-23
118000218,87,26,61
118000219,271,202,69
118000220,78,59,19
118000221,1508,1356,152
118000222,196,1,195
118000223,147,79,68
118000224,142,48,94
118000225,374,827,-453
118000226,2868,193,2675
118000227,614,543,71
118000228,11,279,-268
118000229,40,1012,-972
118000230,191,143,48
118000231,23,179,-156
118000232,1246,195,1051
118000233,2005,416,1589
118000234,849,91,758
118000236,303,419,-116
118000237,183,145,38
118000238,304,107,197
118000239,522,320,202
118000240,83,111,-28
118000241,442,77,365
118000242,936,133,803
118000243,303,105,198
118000244,116,28,88
118000246,0,16,-16
118000255,97,495,-398
118000256,255,270,-15
118000259,13,104,-91
118000260,343,32,311
118000261,134,5,129
118000263,134,249,-115
118000266,271,85,186
118000267,1,210,-209
118000268,420,7,413
118000270,298,4,294
118000271,619,144,475
118000272,51,26,25
118000273,505,39,466
118000274,81,155,-74
118000276,492,97,395
118000295,29,110,-81
118000298,106,156,-50
118000299,81,36,45
118000301,0,53,-53
118000302,95,12,83
118000311,2431,73,2358
118000312,620,63,557
118000313,115,31,84
118000314,287,11,276
118000315,103,34,69
118000316,1239,206,1033
118000325,101,2,99
118000326,63,37,26
118000331,88,3,85
118000332,9,6,3
118000333,56,12,44
118000335,1478,2,1476
118000336,0,149,-149
118000407,543,23,520
118000457,1,52,-51
118000465,524,2506,-1982
118000480,86,37,49
118000489,7,960,-953
118000490,5,274,-269
118000492,1395,192,1203
118000510,60,15,45
118000514,104,288,-184
118000515,885,2327,-1442
118000517,404,205,199
118000524,277,476,-199
118000525,416,534,-118
118000530,7,178,-171
118000531,845,150,695
118000532,257,88,169
118000533,289,120,169
118000534,860,231,629
118000535,552,29,523
118000536,33,391,-358
118000537,15,30,-15
118000538,73,65,8
118000539,21,140,-119
118000540,207,145,62
118000541,168,96,72
118000542,186,272,-86
118000543,412,251,161
118000546,71,8,63
118000553,0,0,0
118000557,0,0,0
118000560,747,3197,-2450
118000562,152,34,118
118000563,1544,1530,14
118000576,280,39,241
118000577,320,198,122
118000578,232,31,201
118000579,609,2513,-1904
118000583,0,0,0
118000595,290,90,200
118000596,0,285,-285
118000597,364,94,270
118000598,12,0,12
118000599,362,24,338
118000600,3,10,-7
118000601,10,0,10
118000602,5,33,-28
118000603,1,17,-16
118000605,43,44,-1
118000606,91,34,57
118900001,563,1446,-883
118900002,572,972,-400
118900003,1541,4,1537
118900004,176,22,154
118900005,127,8,119
118900006,304,1,303
118900007,1,4,-3
118900008,975,22,953
118900009,237,213,24
118900010,109,11,98
118900011,262,21,241
118900012,283,191,92
118900013,1474,1243,231
118900015,649,29,620
118900016,3,6,-3
118900017,77,373,-296
118900018,1294,16,1278
118900019,6,6,0
118900020,21,123,-102
118900021,119,433,-314
118900022,265,19,246
118900023,17,127,-110
118900024,131,151,-20
118900025,37,184,-147
118900026,73,9,64
118900027,321,235,86
118900028,197,86,111
118900029,315,343,-28
118900030,1633,58,1575
118900031,192,36,156
118900032,831,219,612
118900033,372,745,-373
118900034,462,60,402
118900035,160,39,121
118900036,1726,242,1484
118900037,459,879,-420
118900038,953,41,912
118900039,1401,278,1123
118900040,379,84,295
118900041,1058,96,962
118900042,96,81,15
118900045,191,295,-104
118900046,365,274,91
118900047,229,434,-205
118900048,93,524,-431
118900049,62,24,38
118900050,260,12,248
118900051,125,184,-59
118900052,333,448,-115
118900053,2,64,-62
118900054,277,115,162
118900055,235,6,229
118900056,95,298,-203
118900057,854,520,334
118900058,935,512,423
118900059,16,77,-61
118900060,288,228,60
118900062,346,91,255
118900064,137,826,-689
118900065,89,235,-146
118900066,244,109,135
118900067,2716,6079,-3363
118900068,13,934,-921
118900069,798,127,671
118900071,14,3,11
118900072,1026,1515,-489
118900073,511,44,467
118900074,202,34,168
118900075,514,17,497
118900076,288,37,251
118900077,520,101,419
118900078,0,0,0
118900079,16,68,-52
118900080,324,69,255
118900081,62,37,25
118900082,3180,327,2853
118900083,18,0,18
118900084,43,2,41
118900085,240,145,95
118900086,27,96,-69
118900087,135,1372,-1237
118900088,0,3,-3
118900089,21,3,18
118900090,253,72,181
118900091,235,273,-38
118900092,403,7,396
118900093,115,5,110
118900096,136,71,65
118900097,465,146,319
118900099,24,54,-30
118900100,85,120,-35
118900101,166,67,99
118900102,25,113,-88
118900103,20,45,-25
118900104,363,68,295
118900105,100,47,53
118900107,39,39,0
118900108,59,125,-66
118900110,1490,1974,-484
118900111,1284,653,631
118900112,385,297,88
118900113,129,293,-164
118900114,37,72,-35
118900115,160,215,-55
118900116,77,43,34
118900117,246,50,196
118900118,644,127,517
118900119,340,109,231
118900120,44,264,-220
118900121,14,120,-106
118900122,3,890,-887
118900123,147,246,-99
118900124,245,343,-98
118900126,92,168,-76
118900129,310,130,180
118900130,24,92,-68
118900131,679,216,463
118900132,497,178,319
118900133,5,264,-259
118900135,357,120,237
118900136,481,108,373
118900137,5,129,-124
118900139,993,397,596
118900140,776,250,526
118900141,202,205,-3
118900144,291,125,166
118900145,22,332,-310
118900146,666,375,291
118900147,160,512,-352
118900148,48,50,-2
118900150,93,638,-545
118900152,575,209,366
118900157,45,144,-99
118900158,380,33,347
118900159,0,67,-67
118900161,50,10,40
118900163,43,30,13
118900164,0,30,-30
118900165,129,87,42
118900166,8,0,8
118900167,89,37,52
118900168,24,61,-37
118900169,321,173,148
118900170,668,62,606
118900171,96,3,93
118900174,28,8,20
118900175,722,354,368
118900176,284,319,-35
118900177,136,13,123
118900178,227,20,207
118900179,7,15,-8
118900181,211,46,165
118900182,3,24,-21
118900183,100,100,0
118900184,245,26,219
118900185,181,49,132
118900186,59,69,-10
118900187,218,462,-244
118900188,327,170,157
118900189,50,670,-620
118900190,188,66,122
118900191,1006,52,954
118900192,1017,24,993
118900193,2271,1,2270
118900195,111,510,-399
118900196,25,68,-43
118900197,730,15,715
118900198,58,1,57
118900199,145,11,134
118900200,63,27,36
118900201,72,57,15
118900202,5,40,-35
118900203,51,6,45
118900204,12,2,10
118900205,1,2,-1
118900206,0,4,-4
119000001,2144,1560,584
119000002,4130,2800,1330
119000003,7498,978,6520
119000004,5084,2734,2350
119000005,3222,3861,-639
119000006,8408,3377,5031
119000007,5379,4824,555
119000008,2446,2219,227
119000009,2454,8999,-6545
119000010,5002,7470,-2468
119000011,2056,2867,-811
119000012,1439,4398,-2959
119000013,3947,1954,1993
119000014,2907,3145,-238
119000019,439,125,314
119000020,4182,1849,2333
119000021,7394,3892,3502
119000022,1238,5485,-4247
119000023,166,431,-265
119000024,2273,28025,-25752
119000025,3681,1359,2322
119000026,58,697,-639
119000027,122,575,-453
119000028,1975,768,1207
119000029,30,170,-140
119000030,890,687,203
119000031,2014,731,1283
119000032,1623,1375,248
119000033,3169,830,2339
119000034,2731,543,2188
119000035,53,136,-83
119000036,4687,284,4403
119000037,2740,537,2203
119000038,609,251,358
119000039,955,588,367
119000040,717,1112,-395
119000041,1557,2732,-1175
119000048,2489,985,1504
119000049,4417,1360,3057
119000050,1223,2846,-1623
119000051,3638,1790,1848
119000052,2559,2100,459
119000053,3312,1225,2087
119000054,4893,726,4167
119000055,9179,997,8182
119000056,5369,1092,4277
119000057,2299,418,1881
119000058,1831,668,1163
119000059,908,578,330
119000060,3058,434,2624
119000061,1017,310,707
119000062,1186,528,658
119000063,887,867,20
119000064,763,529,234
119000065,1340,2417,-1077
119000066,2165,1374,791
119000067,2113,737,1376
119000068,2935,521,2414
119000069,2882,914,1968
119000070,6446,332,6114
119000071,470,265,205
119000072,3925,2390,1535
119000073,5849,11505,-5656
119000074,2736,866,1870
119000075,7450,2066,5384
119000076,155,311,-156
119000077,1409,271,1138
119000078,770,142,628
119000079,539,195,344
119000080,1684,167,1517
119000081,480,215,265
119000082,1324,238,1086
119000083,892,657,235
119000084,668,188,480
119000085,582,73,509
119000086,438,1019,-581
119000087,789,148,641
119000088,312,64,248
119000089,103,134,-31
119000090,139,29,110
119000091,80,200,-120
119000092,160,117,43
119000093,3298,1616,1682
119000094,6622,4911,1711
119000095,3923,2888,1035
119000097,1238,645,593
119000098,1240,8439,-7199
119000099,1877,537,1340
119000100,6153,3331,2822
119000101,4744,1331,3413
119000102,393,2132,-1739
119000103,1186,663,523
119000104,1282,504,778
119000105,1455,3870,-2415
119000106,678,396,282
119000107,2897,656,2241
119000108,1102,405,697
119000109,236,176,60
119000110,314,122,192
119000111,46,606,-560
119000112,182,32,150
119000113,800,102,698
119000114,1171,1927,-756
119000115,87,135,-48
119000116,165,73,92
119000117,333,231,102
119000118,45,0,45
119000123,2031,2215,-184
119000124,2132,99,2033
119000125,7981,380,7601
119000126,3900,428,3472
119000127,1378,173,1205
119000128,16,0,16
119000131,1637,165,1472
119000132,0,0,0
119000133,3,11,-8
119000134,780,1164,-384
119000135,305,136,169
119000136,549,59,490
119000137,607,98,509
119000138,1455,43,1412
119000139,239,30,209
119000140,344,345,-1
119000284,1213,1765,-552
119000285,1696,786,910
119000286,3605,2340,1265
119000287,1933,2430,-497
119000288,2887,721,2166
119000289,1516,2021,-505
119000290,282,257,25
119000291,99,475,-376
119000293,116,296,-180
119000294,47,40,7
119000295,2123,262,1861
119000296,383,72,311
119000297,0,0,0
119000302,1740,1447,293
119000303,27,127,-100
119000310,0,0,0
119000314,2061,15206,-13145
119000315,0,84,-84
119000316,418,39,379
119000317,219,71,148
119900001,65,2262,-2197
119900002,354,177,177
119900003,22,163,-141
119900004,127,4220,-4093
119900005,449,88,361
119900006,83,458,-375
119900007,410,272,138
119900008,14,609,-595
119900009,554,223,331
119900010,724,208,516
119900011,33,460,-427
119900012,9,210,-201
119900013,1392,1047,345
119900014,627,64,563
119900015,675,55,620
119900016,75,53,22
119900017,65,69,-4
119900018,801,2723,-1922
119900019,110,4,106
119900020,141,97,44
119900021,191,53,138
119900022,43,1111,-1068
119900023,368,3652,-3284
119900025,867,19,848
119900026,642,43,599
119900027,4,7,-3
119900028,441,399,42
119900029,8,0,8
119900030,817,791,26
119900031,103,1577,-1474
119900033,978,191,787
119900034,1550,18,1532
119900037,483,14,469
119900038,11,609,-598
119900039,128,5,123
119900040,145,32,113
119900041,391,5,386
119900042,118,948,-830
119900043,111,270,-159
119900044,131,1006,-875
119900046,432,12,420
119900047,956,358,598
119900048,691,14,677
119900049,264,0,264
119900050,91,120,-29
119900051,2824,6,2818
119900052,286,12,274
119900053,686,263,423
119900054,701,6,695
119900055,1756,169,1587
119900057,780,15,765
119900058,950,12,938
119900059,228,35,193
119900060,688,34,654
119900061,1067,7,1060
119900062,386,6,380
119900063,20,72,-52
119900065,405,1,404
119900067,195,73,122
119900068,1389,3,1386
119900069,287,12,275
119900070,1170,6,1164
119900071,1568,46,1522
119900073,2462,76,2386
119900074,49,20,29
119900075,1949,1719,230
119900076,1612,257,1355
119900077,1918,194,1724
119900078,1349,1116,233
119900079,1483,44,1439
119900080,688,240,448
119900081,2317,328,1989
119900082,3722,222,3500
119900083,756,96,660
119900084,695,242,453
119900085,67,24,43
119900086,578,301,277
119900087,177,401,-224
119900088,106,18,88
119900089,32,76,-44
119900090,156,16,140
119900091,45,149,-104
119900092,7,184,-177
119900093,1133,91,1042
119900094,3,206,-203
119900095,276,37,239
119900096,73,45,28
119900097,53,222,-169
119900098,28,6,22
119900099,24,62,-38
119900100,456,2553,-2097
119900101,96,509,-413
119900102,57,55,2
119900103,82,38,44
119900104,28,31,-3
119900105,512,830,-318
119900106,6,41,-35
119900107,323,735,-412
119900108,2329,445,1884
119900109,0,56,-56
119900110,762,355,407
119900111,172,54,118
119900112,487,1281,-794
119900113,79,211,-132
119900114,332,250,82
119900115,945,207,738
119900116,347,447,-100
119900117,472,166,306
119900118,168,159,9
119900119,468,125,343
119900120,444,160,284
119900121,1139,211,928
119900122,114,120,-6
119900123,107,127,-20
119900124,444,167,277
119900125,49,60,-11
119900126,1109,202,907
119900127,679,211,468
119900128,822,1241,-419
119900129,561,77,484
119900130,2,25,-23
119900131,45,66,-21
119900132,41,60,-19
119900133,180,42,138
119900134,270,41,229
119900135,0,148,-148
119900136,161,105,56
119900138,178,184,-6
119900139,16,1055,-1039
119900140,3,28,-25
119900141,49,948,-899
119900142,2,16,-14
119900143,8,100,-92
119900144,809,219,590
119900145,88,116,-28
119900146,382,172,210
119900147,0,197,-197
119900148,677,30,647
119900149,294,9657,-9363
119900150,143,71,72
119900151,1692,932,760
119900152,273,97,176
119900153,441,29,412
119900154,66,287,-221
119900155,74,12,62
119900156,6,4,2
119900157,177,52,125
119900158,320,64,256
119900159,3,159,-156
119900160,6,91,-85
119900161,312,53,259
119900162,2217,563,1654
119900163,177,141,36
119900164,0,0,0
119900165,219,22,197
119900166,104,21,83
119900167,3,66,-63
119900168,2643,158,2485
119900169,16,226,-210
119900170,268,190,78
119900171,983,529,454
119900172,14,7,7
119900173,2,38,-36
119900174,0,42,-42
119900175,3735,211,3524
119900177,6,49,-43
119900178,0,56,-56
119900179,369,1698,-1329
119900180,2230,643,1587
119900181,27,51,-24
119900182,0,79,-79
119900183,95,255,-160
119900184,318,265,53
119900185,38,497,-459
119900186,12,2464,-2452
119900187,0,146,-146
119900188,202,250,-48
119900189,157,183,-26
119900190,100,339,-239
119900191,218,266,-48
119900192,32,92,-60
119900193,1260,92,1168
119900194,47,48,-1
119900195,10,88,-78
119900196,107,80,27
119900197,403,115,288
119900198,105,922,-817
119900199,170,12,158
119900200,1082,1389,-307
119900201,112,81,31
119900202,23,356,-333
119900203,164,658,-494
119900204,441,181,260
119900205,1906,255,1651
119900206,592,354,238
119900208,572,74,498
119900209,765,2602,-1837
119900210,73,9,64
119900211,131,1,130
119900212,559,287,272
119900213,3,58,-55
119900214,169,8,161
119900215,99,7,92
119900216,32,18,14
119900217,6,19,-13
119900218,33,203,-170
119900219,12,65,-53
119900220,13,13,0
119900221,65,46,19
119900222,29,26,3
119900223,15,23,-8
119900224,2,8,-6
119900225,225,33,192
119900226,134,2639,-2505
119900227,139,96,43
119900228,11,1787,-1776
119900229,69,156,-87
119900230,1346,168,1178
119900231,589,43,546
119900232,161,70,91
119900233,49,1,48
119900234,6,93,-87
119900235,4,34,-30
119900236,77,114,-37
119900237,151,260,-109
119900238,1,39,-38
119900240,220,60,160
119900241,372,197,175
119900242,1492,1045,447
119900244,499,928,-429
119900245,232,167,65
119900246,226,400,-174
119900247,15,31,-16
119900248,30,800,-770
119900249,536,50,486
119900253,1329,216,1113
119900254,85,2100,-2015
119900255,126,245,-119
119900256,1556,216,1340
119900257,216,4,212
119900258,312,15,297
119900259,19,25,-6
119900260,360,5,355
119900261,826,1895,-1069
119900262,4,53,-49
119900263,1895,202,1693
119900264,267,14,253
119900265,825,299,526
119900266,944,138,806
119900267,191,168,23
119900268,282,23,259
119900269,1701,423,1278
119900271,49,82,-33
119900272,118,114,4
119900275,210,59,151
119900276,188,0,188
119900277,14,1,13
119900278,616,35,581
119900279,166,364,-198
119900280,623,34,589
119900281,0,453,-453
119900282,24,113,-89
119900283,24,52,-28
119900284,32,136,-104
119900285,4,64,-60
119900286,1,8,-7
119900288,1,0,1
119900289,0,3,-3
119900290,3,1,2
119900291,1,12,-11
119900292,48,109,-61
119900293,30,25,5
119900294,26,93,-67
119900295,73,18,55
119900296,97,45,52
119900297,1,9,-8
119900298,0,9,-9
119900299,361,143,218
119900300,825,639,186
119900301,35,98,-63
119900302,7,140,-133
119900303,640,1168,-528
119900304,488,9,479
119900305,1,49,-48
119900306,24,0,24
119900307,86,28,58
119900308,30,31,-1
119900309,40,300,-260
119900310,346,136,210
119900311,388,14,374
119900312,137,44,93
119900313,349,169,180
119900314,335,421,-86
119900315,3584,588,2996
119900318,19,157,-138
119900319,2,85,-83
119900320,463,92,371
119900321,421,9,412
120000001,8722,39551,-30829
120000002,3579,2865,714
120000003,2521,771,1750
120000004,3093,838,2255
120000005,3122,1009,2113
120000006,1921,845,1076
120000007,3059,5111,-2052
120000008,1759,526,1233
120000009,1424,891,533
120000010,3011,4044,-1033
120000011,1498,1123,375
120000012,2089,1005,1084
120000013,4874,2457,2417
120000014,1282,1105,177
120000015,3361,1269,2092
120000016,5415,2218,3197
120000017,5809,5908,-99
120000018,3295,24772,-21477
120000019,1644,1259,385
120000020,2296,3031,-735
120000021,1883,1094,789
120000022,2989,3162,-173
120000023,1864,1250,614
120000024,1085,1416,-331
120000025,3922,1426,2496
120000026,5635,1239,4396
120000027,3218,1857,1361
120000028,593,1350,-757
120000029,1092,900,192
120000030,239,1420,-1181
120000031,2102,5545,-3443
120000032,4176,1847,2329
120000033,5345,681,4664
120000034,6838,660,6178
120000035,5771,999,4772
120000036,5168,5483,-315
120000037,630,2625,-1995
120000038,4411,2358,2053
120000039,584,2497,-1913
120000040,105,11748,-11643
120000041,742,1737,-995
120000042,4166,1223,2943
120000043,7890,966,6924
120000044,10552,1387,9165
120000045,11878,575,11303
120000046,6857,5696,1161
120000047,510,14085,-13575
120000048,7538,3239,4299
120000049,6271,2579,3692
120000050,4420,3636,784
120000051,2205,4769,-2564
120000052,5801,888,4913
120000053,2605,1246,1359
120000054,2005,1900,105
120000055,1892,2259,-367
120000056,3949,2571,1378
120000057,4474,2296,2178
120000058,1557,990,567
120000059,5,2657,-2652
120000061,161,1062,-901
120000062,136,152,-16
120000063,575,1754,-1179
120000064,506,679,-173
120000065,510,2795,-2285
120000066,284,155,129
120000067,10,135,-125
120000068,536,214,322
120000069,1330,261,1069
120000070,289,455,-166
120000071,1817,163,1654
120000072,2147,533,1614
120000073,1979,64,1915
120000074,75,91,-16
120000075,1976,471,1505
120000076,5062,1395,3667
120000077,4404,491,3913
120000078,2738,882,1856
120000079,767,381,386
120000080,213,310,-97
120000081,572,126,446
120000082,584,178,406
120000083,132,930,-798
120000084,302,304,-2
120000085,291,965,-674
120000086,411,129,282
120000087,379,135,244
120000088,804,521,283
120000089,1131,233,898
120000090,915,391,524
120000091,1924,2019,-95
120000092,1382,257,1125
120000093,1879,234,1645
120000094,538,485,53
120000095,1158,108,1050
120000096,596,205,391
120000098,1331,1942,-611
120000099,568,268,300
120000100,1133,372,761
120000101,1027,430,597
120000102,1116,1214,-98
120000103,2164,925,1239
120000104,3815,338,3477
120000105,4396,166,4230
120000106,6506,232,6274
120000107,11313,612,10701
120000108,4389,91,4298
120000109,2073,68,2005
120000110,54,598,-544
120000111,168,567,-399
120000112,632,958,-326
120000113,513,1533,-1020
120000114,597,738,-141
120000115,604,566,38
120000116,492,909,-417
120000117,509,613,-104
120000118,96,54,42
120000119,8,40,-32
120000120,325,372,-47
120000121,4,23,-19
120000122,330,1664,-1334
120000123,1832,14115,-12283
120000124,535,393,142
120000125,1525,454,1071
120000126,862,1472,-610
120000127,964,800,164
120000128,2751,2797,-46
120000129,277,117,160
120000130,1079,427,652
120000131,759,439,320
120000134,676,215,461
120000135,1607,663,944
120000137,483,199,284
120000138,3882,129,3753
120000139,604,407,197
120000140,3300,209,3091
120000141,479,1521,-1042
120000142,1315,1629,-314
120000143,0,17,-17
120000144,194,26,168
120000145,1498,1,1497
120000146,861,1329,-468
120000149,490,388,102
120000150,1692,13349,-11657
120000151,1111,244,867
120000152,2482,65,2417
120000153,1482,396,1086
120000154,925,835,90
120000155,584,537,47
120000156,930,3425,-2495
120000157,2316,437,1879
120000158,2001,763,1238
120000159,2898,1009,1889
120000160,2008,1270,738
120000161,6522,2735,3787
120000162,151,247,-96
120000163,1919,370,1549
120000164,1696,141,1555
120000165,2680,241,2439
120000166,3874,351,3523
120000167,96,130,-34
120000168,7,316,-309
120000169,19,798,-779
120000170,16,916,-900
120000171,16,266,-250
120000172,2,234,-232
120000173,162,663,-501
120000174,27,135,-108
120000175,37,18,19
120000176,15,33,-18
120000177,316,73,243
120000178,4,15,-11
120000179,18,36,-18
120000180,13,33,-20
120000181,9,478,-469
120000182,10,682,-672
120000183,1,127,-126
120000184,71,614,-543
120000186,24,446,-422
120000187,9,463,-454
120000188,7,177,-170
120000190,53,27,26
120000191,95,30,65
120000192,56,8,48
120000193,11,1,10
120000195,6,0,6
120000196,37,5,32
120000197,3,8,-5
120000198,504,13,491
120000199,585,1,584
120000200,404,2,402
120000201,27,93,-66
120000202,0,35,-35
120000203,238,83,155
120000207,0,20,-20
120000208,9,13,-4
120000209,31,10,21
120000210,61,10,51
120000211,1031,1,1030
120000212,701,4,697
120000213,674,310,364
120000214,0,32,-32
120000215,2,30,-28
120000216,803,29,774
120000217,163,591,-428
120000218,25,370,-345
120000219,2,186,-184
120000220,1,590,-589
120000225,4700,6,4694
120000226,1001,30,971
120000227,1410,267,1143
120000228,11027,6337,4690
120000230,786,36,750
120000231,3366,401,2965
120000233,1486,5,1481
120000235,782,350,432
120000236,3655,2,3653
120000237,1,515,-514
120000238,0,446,-446
120000241,1605,6946,-5341
120000412,1083,34,1049
120000413,1164,99,1065
120000414,511,6,505
120000415,11,45,-34
120000416,385,25,360
120000417,32,1402,-1370
120000418,752,20,732
120000419,15,41,-26
120000420,96,9,87
120000421,7882,4149,3733
120000422,78,4919,-4841
120000423,1,127,-126
120000424,680,46,634
120000436,101,2158,-2057
120000437,34,39,-5
120000438,1485,184,1301
120000439,371,916,-545
120000443,288,1,287
120000444,3306,494,2812
120000445,3540,1374,2166
120000446,1133,96,1037
120000447,1374,35,1339
120000449,523,34,489
120000450,11,110,-99
120000451,388,77,311
120000452,199,2,197
120000453,0,24,-24
120000454,17,94,-77
120000455,196,17,179
120000456,1435,7028,-5593
120000457,442,188,254
120000458,624,345,279
120000459,389,119,270
120000665,93,505,-412
120000668,62,1018,-956
120000669,842,56,786
120000670,66,515,-449
120000671,4703,1426,3277
120000672,104,423,-319
120900001,83,45,38
120900002,126,451,-325
120900003,266,2,264
120900004,25,169,-144
120900005,43,251,-208
120900006,1341,128,1213
120900007,183,148,35
120900008,1105,646,459
120900009,188,13,175
120900010,1351,143,1208
120900011,11,100,-89
120900012,34,1519,-1485
120900013,534,77,457
120900014,1,143,-142
120900015,1795,123,1672
120900016,3205,56,3149
120900017,1701,138,1563
120900018,683,116,567
120900019,664,460,204
120900020,416,498,-82
120900021,673,88,585
120900022,4,60,-56
120900023,715,1258,-543
120900024,1522,498,1024
120900025,1428,365,1063
120900026,131,43,88
120900027,392,10,382
120900028,1011,222,789
120900029,11,1651,-1640
120900030,3581,309,3272
120900031,618,69,549
120900032,3170,352,2818
120900033,2301,152,2149
120900034,13,4896,-4883
120900035,75,33,42
120900037,953,11,942
120900038,121,829,-708
120900039,204,73,131
120900040,1112,15,1097
120900041,30,6,24
120900042,1354,43,1311
120900043,216,82,134
120900044,4,596,-592
120900045,212,11,201
120900046,1516,6,1510
120900047,230,319,-89
120900048,365,30,335
120900049,1595,5,1590
120900050,666,5055,-4389
120900051,1023,48,975
120900052,2569,6,2563
120900053,894,43,851
120900054,918,160,758
120900055,1416,2,1414
120900056,1188,36,1152
120900057,698,27,671
120900058,1416,3,1413
120900059,331,0,331
120900060,181,9,172
120900061,320,120,200
120900062,841,0,841
120900063,1971,22,1949
120900064,1640,2,1638
120900065,1583,0,1583
120900066,2215,96,2119
120900067,429,137,292
120900068,1275,3,1272
120900069,1190,10,1180
120900071,32,0,32
120900072,2128,10,2118
120900073,1959,30,1929
120900074,1531,43,1488
120900076,1382,1,1381
120900077,1144,235,909
120900078,1612,210,1402
120900079,2521,84,2437
120900080,2601,302,2299
120900081,4735,494,4241
120900082,866,580,286
120900083,261,44,217
120900084,864,600,264
120900085,60,46,14
120900086,40,1111,-1071
120900087,818,212,606
120900088,247,965,-718
120900089,1076,6586,-5510
120900090,503,12,491
120900091,186,917,-731
120900092,159,95,64
120900093,898,51,847
120900094,154,89,65
120900095,411,4,407
120900096,166,126,40
120900097,622,220,402
120900098,13,97,-84
120900099,116,3,113
120900100,59,68,-9
120900101,34,131,-97
120900102,108,14,94
120900103,71,125,-54
120900104,9,6,3
120900105,5,470,-465
120900106,264,79,185
120900107,152,83,69
120900108,18,201,-183
120900109,91,197,-106
120900110,15,131,-116
120900111,198,126,72
120900112,8,121,-113
120900113,20,134,-114
120900114,10,99,-89
120900115,166,203,-37
120900116,1856,109,1747
120900117,0,78,-78
120900118,15,160,-145
120900119,4391,1673,2718
120900120,121,253,-132
120900121,20,170,-150
120900122,2169,146,2023
120900123,1,31,-30
120900124,31,144,-113
120900125,4,218,-214
120900126,92,300,-208
120900127,5,64,-59
120900128,331,466,-135
120900129,2,106,-104
120900130,7,192,-185
120900131,83,100,-17
120900132,1841,61,1780
120900133,17,531,-514
120900134,64,97,-33
120900135,2,624,-622
120900136,37,57,-20
120900137,734,19,715
120900138,0,107,-107
120900139,0,188,-188
120900140,1,92,-91
120900141,304,113,191
120900142,1,121,-120
120900143,0,202,-202
120900144,1,31,-30
120900145,221,2491,-2270
120900146,0,95,-95
120900147,107,23,84
120900148,186,62,124
120900149,0,80,-80
120900150,141,94,47
120900151,0,79,-79
120900152,0,2,-2
120900153,0,0,0
120900154,0,57,-57
120900155,500,181,319
120900156,439,61,378
120900157,1,8,-7
120900158,109,199,-90
120900159,1,28,-27
120900160,30,500,-470
120900161,46,182,-136
120900162,42,197,-155
120900163,41,291,-250
120900164,0,25,-25
120900165,1,69,-68
120900166,70,415,-345
120900167,141,22,119
120900169,232,177,55
120900170,334,6882,-6548
120900171,383,66,317
120900172,12,985,-973
120900173,0,22,-22
120900174,4,158,-154
120900175,211,75,136
120900176,11,366,-355
120900177,2,2326,-2324
120900178,0,1042,-1042
120900179,88,169,-81
120900180,78,107,-29
120900181,17,13,4
120900182,33,55,-22
120900183,425,78,347
120900184,152,72,80
120900185,241,1083,-842
120900186,0,105,-105
120900187,1119,638,481
120900188,756,3,753
120900189,17,5481,-5464
120900190,503,14,489
120900191,303,15,288
120900192,5528,22429,-16901
120900194,196,72,124
120900195,253,33,220
120900196,164,14,150
120900197,1048,82,966
120900198,106,394,-288
120900199,362,440,-78
120900200,50,80,-30
120900201,147,56,91
120900202,1,85,-84
120900203,47,41,6
120900204,35,98,-63
120900205,484,28,456
120900206,72,62,10
120900207,8,817,-809
121000001,828,1632,-804
121000002,2402,2373,29
121000003,5889,2238,3651
121000004,2329,4009,-1680
121000005,2944,3214,-270
121000006,2639,3107,-468
121000007,3588,4574,-986
121000008,4129,4965,-836
121000009,5180,8893,-3713
121000010,6314,6800,-486
121000011,5866,5531,335
121000012,10587,4457,6130
121000013,5779,4613,1166
121000014,4803,3110,1693
121000015,4813,6648,-1835
121000016,3522,4547,-1025
121000017,4069,1809,2260
121000018,3707,1873,1834
121000019,8487,7446,1041
121000020,8583,13231,-4648
121000021,1990,3263,-1273
121000022,3066,3541,-475
121000023,3015,2117,898
121000024,5318,6941,-1623
121000025,295,1896,-1601
121000026,254,212,42
121000027,1626,1340,286
121000028,1005,618,387
121000029,1235,514,721
121000030,1191,400,791
121000031,533,626,-93
121000032,175,91,84
121000034,361,714,-353
121000035,205,219,-14
121000036,1509,1120,389
121000037,816,1081,-265
121000038,412,1261,-849
121000039,153,445,-292
121000041,489,416,73
121000042,328,406,-78
121000043,452,522,-70
121000044,1176,1363,-187
121000045,604,175,429
121000046,1401,699,702
121000047,32,117,-85
121000049,838,519,319
121000050,205,1830,-1625
121000051,990,245,745
121000052,537,984,-447
121000053,357,167,190
121000054,42,609,-567
121000055,802,2528,-1726
121000056,949,1762,-813
121000057,171,462,-291
121000058,196,54,142
121000059,3811,841,2970
121000060,665,1231,-566
121000061,4,445,-441
121000062,66,656,-590
121000063,942,1297,-355
121000064,724,1128,-404
121000065,227,547,-320
121000066,891,665,226
121000067,412,1017,-605
121000068,412,456,-44
121000069,149,1837,-1688
121000070,1161,1577,-416
121000071,2051,1655,396
121000072,436,1603,-1167
121000073,1231,2698,-1467
121000074,38,858,-820
121000075,19,116,-97
121000076,427,325,102
121000077,137,184,-47
121000078,106,143,-37
121000080,1727,613,1114
121000081,3478,4012,-534
121000082,83,244,-161
121000083,33,79,-46
121000084,169,155,14
121000085,195,631,-436
121000086,1492,748,744
121000087,107,206,-99
121000088,916,841,75
121000089,203,593,-390
121000090,271,246,25
121000091,1437,687,750
121000092,235,55,180
121000093,357,143,214
121000094,414,1020,-606
121000095,216,625,-409
121000096,7076,1582,5494
121000097,447,1856,-1409
121000098,1090,457,633
121000099,1524,424,1100
121000100,1641,174,1467
121000101,658,99,559
121000102,672,143,529
121000103,420,343,77
121000104,547,156,391
121000105,612,51,561
121000106,723,267,456
121000107,1819,2204,-385
121000109,1023,840,183
121000110,158,688,-530
121000114,2935,1752,1183
121000115,2282,446,1836
121000116,372,683,-311
121000117,234,282,-48
121000118,1542,155,1387
121000119,527,269,258
121000120,748,1079,-331
121000121,626,1409,-783
121000123,889,329,560
121000127,480,122,358
121000128,2234,89,2145
121000129,2106,214,1892
121000130,1186,934,252
121000131,2463,887,1576
121000132,813,766,47
121000135,224,180,44
121000136,749,1739,-990
121000137,610,503,107
121000138,401,2766,-2365
121000139,132,854,-722
121000141,250,183,67
121000142,656,559,97
121000143,83,30,53
121000144,594,640,-46
121000145,1137,704,433
121000146,1640,922,718
121000147,1758,638,1120
121000148,1152,528,624
121000149,3962,2177,1785
121000152,279,385,-106
121000153,1348,380,968
121000154,1728,415,1313
121000155,2818,948,1870
121000156,573,859,-286
121000157,487,1004,-517
121000158,266,234,32
121000159,299,310,-11
121000160,328,247,81
121000161,256,337,-81
121000162,286,70,216
121000165,947,2180,-1233
121000166,103,464,-361
121000168,695,173,522
121000169,160,81,79
121000170,523,67,456
121000171,71,119,-48
121000172,1355,1919,-564
121000173,1531,1603,-72
121000174,1089,589,500
121000175,2509,369,2140
121000176,601,292,309
121000177,1111,639,472
121000178,94,97,-3
121000179,27,95,-68
121000181,312,385,-73
121000182,218,676,-458
121000183,28,250,-222
121000184,15,224,-209
121000185,35,342,-307
121000186,249,849,-600
121000187,257,169,88
121000188,458,30,428
121000192,962,212,750
121000193,1135,168,967
121000194,1852,1637,215
121000195,273,1259,-986
121000196,498,417,81
121000197,112,888,-776
121000198,151,205,-54
121000199,342,270,72
121000200,989,210,779
121000201,1,188,-187
121000202,803,101,702
121000203,814,1234,-420
121000204,3985,532,3453
121000205,192,256,-64
121000206,97,96,1
121000207,3485,819,2666
121000208,10,326,-316
121000209,1445,89,1356
121000210,1162,480,682
121000211,781,75,706
121000212,790,541,249
121000213,15341,3895,11446
121000214,1198,3036,-1838
121000215,691,1706,-1015
121000216,557,774,-217
121000217,4689,4855,-166
121000218,665,1727,-1062
121000219,2048,977,1071
121000220,310,91,219
121000221,956,750,206
121000222,7721,3060,4661
121000223,209,609,-400
121000224,139,560,-421
121000225,614,11286,-10672
121000226,1270,3221,-1951
121000227,41,182,-141
121000228,35,706,-671
121000229,820,247,573
121000230,91,3490,-3399
121000231,2471,46,2425
121000232,359,307,52
121000233,1031,490,541
121000234,5,77,-72
121000235,27,191,-164
121000236,2,58,-56
121000237,32,80,-48
121000238,3,116,-113
121000239,125,34,91
121000240,9,122,-113
121000241,106,10,96
121000242,12,212,-200
121000243,371,46,325
121000244,0,33,-33
121000245,28,9,19
121000246,0,77,-77
121000247,151,10,141
121000248,504,396,108
121000249,223,294,-71
121000250,752,912,-160
121000251,26,287,-261
121000252,209,144,65
121000253,651,902,-251
121000254,1636,393,1243
121000255,140,459,-319
121000256,412,514,-102
121000257,55,368,-313
121000258,46,216,-170
121000259,18,189,-171
121000260,10,164,-154
121000261,73,302,-229
121000262,1747,295,1452
121000263,603,1300,-697
121000271,1173,1757,-584
121000273,63,24,39
121000274,23,314,-291
121000275,21,7,14
121000276,4,123,-119
121000278,140,111,29
121000279,67,55,12
121000280,26,95,-69
121000289,656,16,640
121000290,1004,1287,-283
121000294,601,62,539
121000297,266,1256,-990
121000299,231,5320,-5089
121000300,1664,663,1001
121000302,11,537,-526
121000303,1116,207,909
121000304,804,46,758
121000305,492,26,466
121000306,400,189,211
121000308,93,141,-48
121000309,162,208,-46
121000310,202,147,55
121000311,90,143,-53
121000312,558,270,288
121000313,165,182,-17
121000314,19,57,-38
121000315,34,104,-70
121000530,3193,1555,1638
121000531,2892,2237,655
121000532,5236,5918,-682
121000533,4292,2802,1490
121000918,2,145,-143
121000919,27,117,-90
121000938,138,138,0
121000939,63,316,-253
121000956,3184,2290,894
121000957,26,49,-23
121000958,3,166,-163
121000959,2237,276,1961
121000960,1952,1623,329
121000961,619,60,559
121000962,257,225,32
121000973,3,581,-578
121000976,2,93,-91
121000979,326,97,229
121000981,826,91,735
121000982,709,409,300
121000983,1184,75,1109
121000984,6,15,-9
121000985,1909,649,1260
121000986,1502,380,1122
121000987,327,562,-235
121000988,2043,99,1944
121001302,275,67,208
121001308,4,48,-44
121001309,12,700,-688
121001313,439,295,144
121001314,2502,2309,193
121001315,5630,4272,1358
121001326,452,581,-129
121900001,210,740,-530
121900002,58,244,-186
121900003,669,14,655
121900004,29,810,-781
121900005,26,7,19
121900006,317,6,311
121900007,1733,1610,123
121900008,57,186,-129
121900009,1129,22,1107
121900010,478,2,476
121900011,278,56,222
121900012,23,3,20
121900013,61,52,9
121900014,2945,421,2524
121900015,115,72,43
121900016,6,59,-53
121900017,843,1617,-774
121900018,862,7,855
121900019,651,124,527
121900020,67,10,57
121900021,1425,45,1380
121900022,477,154,323
121900023,265,291,-26
121900024,354,38,316
121900025,704,331,373
121900026,257,68,189
121900027,343,143,200
121900028,243,13,230
121900029,55,303,-248
121900030,459,487,-28
121900031,1218,9220,-8002
121900032,131,54,77
121900033,97,185,-88
121900034,169,285,-116
121900035,5862,3243,2619
121900036,207,236,-29
121900037,204,787,-583
121900038,25,18,7
121900039,326,17,309
121900040,33,69,-36
121900041,67,177,-110
121900042,657,136,521
121900043,0,0,0
121900044,75,47,28
121900046,230,130,100
121900047,143,63,80
121900048,66,35,31
121900050,40,56,-16
121900051,221,312,-91
121900052,227,20,207
121900053,506,504,2
121900054,579,2483,-1904
121900055,21,17,4
121900058,397,194,203
121900059,533,151,382
121900060,125,424,-299
121900061,209,181,28
121900062,128,78,50
121900063,2285,256,2029
121900064,630,560,70
121900066,104,47,57
121900067,140,317,-177
121900069,90,217,-127
121900070,77,180,-103
121900071,1127,332,795
121900072,72,61,11
121900073,227,199,28
121900074,334,483,-149
121900075,239,773,-534
121900076,650,1086,-436
121900077,17,1,16
121900078,106,161,-55
121900079,3,0,3
121900080,939,173,766
121900082,140,55,85
121900084,27,14,13
121900085,1,3,-2
121900086,35,40,-5
121900087,107,102,5
121900088,1315,1683,-368
121900089,679,154,525
121900090,28,53,-25
121900091,121,40,81
121900092,338,54,284
121900093,56,60,-4
121900094,8,11,-3
121900095,559,121,438
121900096,1284,517,767
121900097,751,77,674
121900098,7,2,5
121900099,588,35,553
121900100,22,199,-177
121900101,179,66,113
121900102,0,56,-56
121900103,431,189,242
121900104,2539,415,2124
121900105,242,135,107
121900106,3,16,-13
121900107,181,32,149
121900108,1,45,-44
121900109,192,95,97
121900110,781,332,449
121900111,453,321,132
121900112,177,126,51
121900113,28,594,-566
121900114,148,89,59
121900117,150,93,57
121900118,1711,549,1162
121900119,115,271,-156
121900120,36,829,-793
121900121,320,6,314
121900122,164,48,116
121900123,395,405,-10
121900124,249,175,74
121900125,2493,1263,1230
121900127,14,74,-60
121900128,171,32,139
121900129,234,50,184
121900130,102,209,-107
121900131,362,102,260
121900132,155,103,52
121900133,25,582,-557
121900134,4,248,-244
121900135,3761,321,3440
121900136,282,686,-404
121900137,26,418,-392
121900138,96,212,-116
121900139,385,1899,-1514
121900140,54,58,-4
121900141,87,35,52
121900142,91,17,74
121900143,15,74,-59
121900144,104,493,-389
121900145,204,752,-548
121900146,393,403,-10
121900147,90,173,-83
121900148,89,180,-91
121900149,383,256,127
121900150,77,137,-60
121900151,22,219,-197
121900152,231,74,157
121900153,1,157,-156
121900154,1,318,-317
121900155,3,563,-560
121900156,181,118,63
121900157,2,119,-117
121900158,144,137,7
121900159,1,78,-77
121900160,95,202,-107
121900161,96,136,-40
121900162,42,82,-40
121900163,750,193,557
121900164,171,191,-20
121900165,138,170,-32
121900166,95,102,-7
121900167,117,41,76
121900168,102,33,69
121900169,21,147,-126
121900170,11,121,-110
121900171,1014,454,560
121900172,683,227,456
121900173,626,340,286
121900174,156,29,127
121900175,58,877,-819
121900176,1027,1233,-206
121900177,309,85,224
121900178,52,55,-3
121900179,268,347,-79
121900180,1155,8425,-7270
121900182,468,530,-62
121900183,288,2607,-2319
121900184,14,683,-669
121900186,3,390,-387
121900187,11,44,-33
121900188,1423,99,1324
121900189,53,90,-37
121900190,242,317,-75
121900191,29,545,-516
121900192,251,2426,-2175
121900193,40,118,-78
121900194,3,124,-121
121900195,2,23,-21
121900196,1108,1209,-101
121900197,318,835,-517
121900198,2703,3367,-664
121900199,5,37,-32
121900200,63,492,-429
121900201,762,1168,-406
121900202,173,1692,-1519
121900203,44,1046,-1002
121900204,1109,2309,-1200
121900205,10,85,-75
121900206,13,52,-39
121900207,37,57,-20
121900208,112,435,-323
121900209,161,81,80
121900210,3129,1574,1555
121900211,877,303,574
121900212,42,201,-159
121900213,899,23,876
121900214,1,506,-505
121900215,105,195,-90
121900216,8,327,-319
121900217,121,250,-129
121900218,136,622,-486
121900220,148,10,138
121900221,363,443,-80
121900222,409,32,377
121900223,116,118,-2
121900224,92,139,-47
121900225,116,475,-359
121900226,221,29,192
121900227,476,2301,-1825
121900228,191,294,-103
121900230,48,300,-252
121900231,36,1062,-1026
121900232,102,442,-340
121900233,348,193,155
121900234,290,313,-23
121900235,1116,96,1020
121900236,361,205,156
121900237,152,584,-432
121900238,172,203,-31
121900239,118,41,77
121900240,131,98,33
121900241,61,58,3
121900242,81,0,81
121900243,15,0,15
121900244,33,0,33
121900245,377,32,345
121900246,7957,180,7777
121900248,1496,638,858
121900250,229,223,6
121900251,460,24,436
121900252,318,97,221
121900253,73,793,-720
121900254,218,196,22
121900255,595,60,535
121900258,4799,1852,2947
121900259,323,364,-41
121900260,229,59,170
121900261,86,543,-457
121900262,433,1171,-738
121900263,346,164,182
121900264,542,749,-207
121900265,604,53,551
121900266,1243,164,1079
121900267,192,21,171
121900269,377,1062,-685
121900270,89,201,-112
121900271,130,111,19
121900273,641,2187,-1546
121900274,928,198,730
121900277,256,801,-545
121900278,151,902,-751
121900279,273,144,129
121900280,100,393,-293
121900281,163,252,-89
121900284,26,2,24
121900286,219,129,90
121900287,4,78,-74
121900288,2,3,-1
121900290,83,877,-794
121900291,334,793,-459
121900292,212,76,136
121900293,871,4910,-4039
121900294,566,20,546
121900295,239,48,191
121900296,112,205,-93
121900298,142,1253,-1111
121900299,0,47,-47
121900300,31,15,16
121900301,44,2,42
121900302,26,136,-110
121900303,95,524,-429
121900304,74,25,49
121900305,38,27,11
121900306,940,2,938
121900307,407,14,393
121900308,6,109,-103
121900309,0,166,-166
121900310,60,99,-39
121900311,957,12,945
121900312,707,5,702
121900313,840,17,823
121900314,8,8,0
121900315,83,0,83
121900316,0,2,-2
121900317,51,17,34
121900318,2,0,2
121900319,70,311,-241
121900320,23,6,17
121900321,77,21,56
121900322,1,5,-4
121900323,49,39,10
121900324,5,39,-34
121900325,30,0,30
121900326,1,16,-15
121900327,26,36,-10
121900328,2,9,-7
121900329,0,58,-58
121900330,1,140,-139
121900331,8,144,-136
121900332,87,47,40
121900333,153,0,153
121900334,61,99,-38
122000001,1547,3203,-1656
122000002,2729,473,2256
122000003,663,1889,-1226
122000004,1035,1095,-60
122000005,4901,1938,2963
122000006,475,750,-275
122000007,414,766,-352
122000008,657,1695,-1038
122000009,248,303,-55
122000010,1896,2198,-302
122000011,2904,1074,1830
122000012,394,1402,-1008
122000013,539,1061,-522
122000014,6598,1291,5307
122000015,1160,573,587
122000016,400,457,-57
122000017,871,877,-6
122000018,2073,1340,733
122000019,658,1939,-1281
122000020,179,414,-235
122000021,115,292,-177
122000022,748,1020,-272
122000023,580,1543,-963
122000024,253,1531,-1278
122000025,344,1990,-1646
122000026,272,872,-600
122000027,548,515,33
122000028,1338,447,891
122000029,391,700,-309
122000030,106,126,-20
122000031,208,405,-197
122000032,2090,1675,415
122000033,310,1198,-888
122000034,281,821,-540
122000035,181,373,-192
122000036,548,303,245
122000037,346,198,148
122000038,212,240,-28
122000039,446,356,90
122000040,159,274,-115
122000041,1103,816,287
122000042,370,721,-351
122000043,92,106,-14
122000044,70,106,-36
122000045,1240,711,529
122000046,659,663,-4
122000047,44,186,-142
122000048,2170,3497,-1327
122000049,4908,4139,769
122000050,447,406,41
122000051,222,536,-314
122000052,384,500,-116
122000053,274,1416,-1142
122000054,2361,1736,625
122000055,1609,2485,-876
122000056,2520,1955,565
122000057,2138,2153,-15
122000058,320,1240,-920
122000059,511,1784,-1273
122000060,277,527,-250
122000061,110,285,-175
122000062,481,274,207
122000063,248,1289,-1041
122000064,2378,3502,-1124
122000065,2056,2137,-81
122000066,688,1783,-1095
122000067,1021,1688,-667
122000068,2716,1305,1411
122000069,863,810,53
122000070,1569,1465,104
122000071,3958,986,2972
122000072,761,521,240
122000073,138,870,-732
122000074,2469,1385,1084
122000075,1027,819,208
122000076,3514,1258,2256
122000077,429,1461,-1032
122000078,372,1327,-955
122000079,124,1991,-1867
122000080,477,271,206
122000081,165,162,3
122000082,190,1055,-865
122000083,5941,920,5021
122000084,4870,1595,3275
122000085,372,1106,-734
122000086,2885,6725,-3840
122000087,170,237,-67
122000088,39,174,-135
122000089,4917,3090,1827
122000090,360,1130,-770
122000091,93,553,-460
122000092,99,243,-144
122000093,1386,4363,-2977
122000094,5642,2280,3362
122000095,531,3636,-3105
122000096,516,2700,-2184
122000098,4017,3440,577
122000099,406,2521,-2115
122000100,564,454,110
122000101,194,1046,-852
122000102,3054,1020,2034
122000103,1283,1847,-564
122000104,1919,144,1775
122000105,390,485,-95
122000106,526,1887,-1361
122000107,1478,321,1157
122000108,581,673,-92
122000109,317,183,134
122000110,644,475,169
122000111,1808,1158,650
122000112,1764,1782,-18
122000113,778,340,438
122000114,1176,3646,-2470
122000115,3645,1703,1942
122000116,243,1162,-919
122000117,1516,1030,486
122000118,1046,879,167
122000119,1927,1595,332
122000120,804,2126,-1322
122000121,1464,2108,-644
122000122,768,833,-65
122000123,1372,1908,-536
122000124,701,571,130
122000125,285,722,-437
122000126,225,314,-89
122000127,214,526,-312
122000128,419,306,113
122000129,454,3158,-2704
122000130,2736,966,1770
122000131,1553,652,901
122000132,206,277,-71
122000133,1668,706,962
122000134,1720,680,1040
122000135,775,204,571
122000136,930,666,264
122000137,3273,563,2710
122000139,895,3685,-2790
122000140,129,1120,-991
122000141,3339,1899,1440
122000142,115,1438,-1323
122000143,267,393,-126
122000144,2691,771,1920
122000145,791,2234,-1443
122000146,552,3018,-2466
122000147,619,1044,-425
122000148,319,1537,-1218
122000149,1919,655,1264
122000150,2142,917,1225
122000151,166,275,-109
122000152,447,353,94
122000153,398,229,169
122000154,174,188,-14
122000155,1043,2558,-1515
122000156,10540,4973,5567
122000157,450,11228,-10778
122000158,393,798,-405
122000159,1548,627,921
122000160,2727,1212,1515
122000161,1353,1064,289
122000162,656,1192,-536
122000163,363,107,256
122000164,63,199,-136
122000165,831,1574,-743
122000166,529,2344,-1815
122000167,225,569,-344
122000168,252,1288,-1036
122000169,307,140,167
122000170,353,250,103
122000171,27,59,-32
122000172,2213,1317,896
122000173,1657,2059,-402
122000174,922,4088,-3166
122000175,468,257,211
122000176,323,1603,-1280
122000177,657,1763,-1106
122000178,3736,3489,247
122000179,3597,4329,-732
122000180,395,884,-489
122000181,508,1378,-870
122000182,711,1064,-353
122000183,1839,1043,796
122000184,2833,3103,-270
122000185,1009,2545,-1536
122000186,628,1354,-726
122000187,1940,948,992
122000188,339,214,125
122000189,188,297,-109
122000190,530,2224,-1694
122000191,569,632,-63
122000192,1078,484,594
122000193,510,786,-276
122000194,375,219,156
122000195,229,1364,-1135
122000196,1655,310,1345
122000197,717,572,145
122000198,369,2192,-1823
122000199,215,213,2
122000200,800,599,201
122000201,903,2909,-2006
122000202,639,3072,-2433
122000203,2035,1513,522
122000204,1737,1081,656
122000205,871,528,343
122000206,5303,1223,4080
122000207,2665,2102,563
122000208,2192,1632,560
122000209,2388,450,1938
122000210,2924,1946,978
122000211,1312,1557,-245
122000212,741,487,254
122000213,970,1588,-618
122000214,1858,1861,-3
122000215,2386,2556,-170
122000217,1184,1876,-692
122000218,592,46,546
122000219,1208,608,600
122000220,301,707,-406
122000221,101,290,-189
122000222,565,110,455
122000223,694,896,-202
122000225,892,815,77
122000226,1586,1821,-235
122000227,254,1438,-1184
122000228,391,669,-278
122000229,49,1968,-1919
122000230,32,570,-538
122000231,366,1105,-739
122000232,484,375,109
122000233,0,51,-51
122000234,1016,40,976
122000235,633,54,579
122000236,2030,60,1970
122000237,173,248,-75
122000238,260,588,-328
122000239,668,683,-15
122000240,1407,836,571
122000241,4012,494,3518
122000242,612,45,567
122000243,540,114,426
122000244,102,159,-57
122000245,317,63,254
122000246,770,365,405
122000247,874,1990,-1116
122000248,944,1382,-438
122000249,2550,2673,-123
122000250,2275,1267,1008
122000251,177,194,-17
122000252,291,18,273
122000253,174,141,33
122000254,623,50,573
122000255,655,646,9
122000256,359,480,-121
122000257,604,178,426
122000258,481,204,277
122000259,76,165,-89
122000260,5,98,-93
122000261,6,215,-209
122000262,1,28,-27
122000263,231,80,151
122000264,2326,324,2002
122000265,2895,1167,1728
122000266,3866,904,2962
122000267,56,89,-33
122000268,229,146,83
122000269,1111,197,914
122000270,643,162,481
122000271,218,2730,-2512
122000272,547,537,10
122000273,1042,201,841
122000274,395,171,224
122000275,46,194,-148
122000276,2432,706,1726
122000277,1275,3557,-2282
122000278,2922,556,2366
122000279,322,311,11
122000280,652,682,-30
122000281,550,296,254
122000282,129,873,-744
122000283,325,467,-142
122000284,75,466,-391
122000285,471,111,360
122000286,115,217,-102
122000287,1992,2077,-85
122000288,499,303,196
122000291,3407,693,2714
122000293,180,314,-134
122000294,163,641,-478
122000295,1568,440,1128
122000296,53,1945,-1892
122000297,1843,4202,-2359
122000299,782,200,582
122000300,322,557,-235
122000301,7215,5392,1823
122000302,437,5575,-5138
122000303,1677,1229,448
122000304,24,233,-209
122000305,2804,474,2330
122000306,103,246,-143
122000307,103,138,-35
122000309,26,72,-46
122000310,19,73,-54
122000311,51,72,-21
122000312,119,190,-71
122000313,43,180,-137
122000314,269,736,-467
122000315,407,15,392
122000316,2141,302,1839
122000317,4238,207,4031
122000318,340,2288,-1948
122000319,178,214,-36
122000320,301,687,-386
122000321,85,135,-50
122000322,1083,1746,-663
122000323,403,1481,-1078
122000324,1576,1998,-422
122000325,906,2109,-1203
122000326,233,27,206
122000327,268,628,-360
122000328,474,473,1
122000330,2304,1820,484
122000332,192,326,-134
122000333,33,32,1
122000337,1923,1267,656
122000338,651,97,554
122000340,212,3931,-3719
122000342,1441,922,519
122000343,715,314,401
122000344,116,8,108
122000345,17,21,-4
122000346,391,93,298
122000348,733,386,347
122000349,104,487,-383
122000351,510,133,377
122000352,159,202,-43
122000353,223,53,170
122000355,55,554,-499
122000356,223,1668,-1445
122000357,75,23,52
122000358,0,23,-23
122000359,0,32,-32
122000360,0,4,-4
122000362,24,20,4
122000364,543,153,390
122000365,0,56,-56
122000366,31,1,30
122000368,725,705,20
122000370,62,51,11
122000371,21,0,21
122000372,31,2,29
122000381,267,304,-37
122000382,46,254,-208
122000384,1112,1117,-5
122000385,88,0,88
122000386,160,2230,-2070
122000387,533,2013,-1480
122000388,1596,1023,573
122000389,129,1084,-955
122000390,261,694,-433
122000391,38,1787,-1749
122000392,89,350,-261
122000393,49,327,-278
122000394,834,122,712
122000395,231,156,75
122000396,539,59,480
122000397,42,87,-45
122000398,7,217,-210
122000399,268,75,193
122000400,29,1502,-1473
122000401,278,70,208
122000402,1112,118,994
122000403,358,286,72
122000404,465,98,367
122000408,682,822,-140
122000503,12,83,-71
122000524,82,195,-113
122000544,154,3337,-3183
122000616,241,2,239
122000640,247,70,177
122000641,315,136,179
122000642,1750,422,1328
122000643,96,206,-110
122000644,113,47,66
122000645,33,153,-120
122000651,325,1663,-1338
122000664,293,48,245
122000665,1380,359,1021
122000666,419,496,-77
122000673,52,186,-134
122000674,921,320,601
122000675,3771,620,3151
122000686,378,2389,-2011
122000687,3027,855,2172
122000688,425,498,-73
122000689,3105,285,2820
122000690,6185,487,5698
122000691,1390,728,662
122000692,2009,664,1345
122000693,356,558,-202
122000695,586,218,368
122000696,1460,148,1312
122000698,502,179,323
122000699,679,83,596
122000701,3494,260,3234
122000702,701,867,-166
122000703,315,41,274
122000712,0,0,0
122000717,64,133,-69
122000718,359,3968,-3609
122000719,37,92,-55
122000720,1730,96,1634
122000724,224,255,-31
122900001,50,21,29
122900002,776,10883,-10107
122900003,880,12,868
122900004,4381,276,4105
122900005,27,282,-255
122900006,379,2111,-1732
122900007,62,95,-33
122900008,265,391,-126
122900009,400,315,85
122900010,284,96,188
122900012,268,328,-60
122900014,154,76,78
122900015,1022,689,333
122900016,205,131,74
122900017,374,846,-472
122900018,283,3,280
122900019,3,134,-131
122900020,323,686,-363
122900021,33,820,-787
122900022,1775,1095,680
122900024,440,109,331
122900025,11,826,-815
122900026,10,133,-123
122900027,44,885,-841
122900028,43,30,13
122900029,6365,2247,4118
122900030,1999,294,1705
122900031,73,401,-328
122900032,543,276,267
122900033,183,92,91
122900034,3339,5219,-1880
122900035,42,2,40
122900036,50,39,11
122900037,638,311,327
122900038,41,2964,-2923
122900039,61,545,-484
122900040,259,1054,-795
122900041,176,656,-480
122900042,180,142,38
122900043,644,264,380
122900044,108,435,-327
122900045,150,150,0
122900046,87,453,-366
122900047,124,105,19
122900048,27,308,-281
122900049,3319,63,3256
122900051,47,364,-317
122900052,129,63,66
122900053,42,30,12
122900055,315,59,256
122900057,308,13,295
122900061,751,20,731
122900062,663,894,-231
122900063,375,102,273
122900064,1281,693,588
122900065,511,31,480
122900066,1181,298,883
122900067,651,828,-177
122900069,828,3148,-2320
122900070,617,78,539
122900071,51,241,-190
122900072,11,68,-57
122900073,28,37,-9
122900074,2245,142,2103
122900075,1,32,-31
122900076,1,78,-77
122900077,0,40,-40
122900078,522,13,509
122900080,19,78,-59
122900081,199,49,150
122900082,2349,62,2287
122900083,329,12,317
122900084,6,91,-85
122900086,6,46,-40
122900087,512,176,336
122900088,23,940,-917
122900089,38,514,-476
122900090,4,137,-133
122900091,983,0,983
122900092,1,70,-69
122900093,0,56,-56
122900094,0,78,-78
122900095,429,35,394
122900096,1161,87,1074
122900097,12,113,-101
122900098,6,124,-118
122900099,312,135,177
122900100,84,1563,-1479
122900101,563,368,195
122900102,121,124,-3
122900103,817,20,797
122900104,841,3,838
122900105,95,34,61
122900106,0,36,-36
122900107,1,29,-28
122900108,1,55,-54
122900109,1302,79,1223
123000001,855,1015,-160
123000002,2135,6314,-4179
123000003,5597,4468,1129
123000004,3003,3526,-523
123000005,3949,2424,1525
123000006,2558,1716,842
123000007,5601,4059,1542
123000008,2288,3436,-1148
123000009,5488,3359,2129
123000010,3035,3194,-159
123000011,1890,1401,489
123000012,600,3225,-2625
123000013,6776,1394,5382
123000014,634,2963,-2329
123000015,3296,1151,2145
123000016,2577,2626,-49
123000017,5627,2338,3289
123000018,193,87,106
123000019,1374,34,1340
123000020,870,43,827
123000021,551,692,-141
123000022,1364,3184,-1820
123000023,2381,3785,-1404
123000024,2544,989,1555
123000025,830,117,713
123000026,17,119,-102
123000027,32,739,-707
123000028,493,3865,-3372
123000029,614,2144,-1530
123000030,413,231,182
123000031,845,152,693
123000032,1327,208,1119
123000033,722,148,574
123000034,1579,992,587
123000035,434,854,-420
123000036,277,1518,-1241
123000037,467,159,308
123000038,40,277,-237
123000039,651,1363,-712
123000040,792,181,611
123000041,777,1060,-283
123000042,595,922,-327
123000043,1490,15491,-14001
123000044,2583,1967,616
123000045,2612,1378,1234
123000046,220,1191,-971
123000047,314,535,-221
123000048,111,1848,-1737
123000049,4337,9053,-4716
123000050,3206,1828,1378
123000051,184,429,-245
123000052,1145,3154,-2009
123000053,2446,2451,-5
123000054,3426,2605,821
123000055,2463,6485,-4022
123000056,1309,589,720
123000057,3143,4835,-1692
123000058,867,1730,-863
123000059,159,630,-471
123000060,1807,709,1098
123000061,487,686,-199
123000063,1802,1281,521
123000064,2157,153,2004
123000065,2660,3334,-674
123000066,408,471,-63
123000067,1369,414,955
123000068,1506,1553,-47
123000069,1908,1014,894
123000070,204,245,-41
123000071,3106,441,2665
123000072,1160,383,777
123000073,3253,674,2579
123000074,1300,536,764
123000075,422,2258,-1836
123000076,1209,274,935
123000077,2286,793,1493
123000078,4184,628,3556
123000079,3941,946,2995
123000080,3136,700,2436
123000081,290,226,64
123000082,310,404,-94
123000083,1199,262,937
123000084,921,412,509
123000085,965,98,867
123000086,1640,50,1590
123000087,667,161,506
123000088,1372,807,565
123000089,1804,761,1043
123000090,2003,704,1299
123000091,2409,1254,1155
123000092,1333,1339,-6
123000094,1207,108,1099
123000095,1997,2527,-530
123000096,1853,381,1472
123000097,1048,194,854
123000098,1803,209,1594
123000099,1219,234,985
123000100,253,676,-423
123000101,421,181,240
123000102,569,1367,-798
123000104,547,441,106
123000105,387,142,245
123000106,825,270,555
123000107,373,127,246
123000108,503,675,-172
123000111,2004,475,1529
123000112,2713,277,2436
123000113,730,470,260
123000114,410,1113,-703
123000115,839,1035,-196
123000116,86,94,-8
123000117,4560,1730,2830
123000118,814,344,470
123000119,529,442,87
123000120,234,569,-335
123000121,823,489,334
123000122,511,193,318
123000123,871,387,484
123000124,600,219,381
123000125,1762,879,883
123000126,1261,4332,-3071
123000127,539,418,121
123000128,439,87,352
123000129,1653,78,1575
123000130,1754,28,1726
123000131,2164,971,1193
123000132,381,271,110
123000133,292,54,238
123000134,236,50,186
123000135,4588,2491,2097
123000136,166,250,-84
123000137,343,105,238
123000138,269,149,120
123000139,1184,46,1138
123000140,48,345,-297
123000141,599,70,529
123000142,1334,734,600
123000143,1004,1659,-655
123000144,7,94,-87
123000145,175,814,-639
123000146,31,271,-240
123000147,58,338,-280
123000149,429,160,269
123000150,158,192,-34
123000151,171,420,-249
123000152,23,617,-594
123000153,102,841,-739
123000154,1053,2710,-1657
123000155,1558,2428,-870
123000156,44,42,2
123000157,1276,1149,127
123000158,488,1336,-848
123000159,2810,7425,-4615
123000160,1410,1975,-565
123000161,1745,1631,114
123000162,2593,3062,-469
123000163,1373,232,1141
123000164,4066,171,3895
123000165,119,611,-492
123000166,12,73,-61
123000167,126,103,23
123000168,530,103,427
123000169,1700,139,1561
123000170,303,39,264
123000171,2473,19,2454
123000172,61,258,-197
123000173,932,405,527
123000174,864,620,244
123000175,176,550,-374
123000176,1314,340,974
123000177,209,755,-546
123000178,1666,245,1421
123000179,12,411,-399
123000180,2473,333,2140
123000181,202,591,-389
123000182,366,215,151
123000183,217,784,-567
123000184,53,392,-339
123000185,1688,998,690
123000186,5,143,-138
123000187,1017,28,989
123000188,592,9,583
123000189,233,90,143
123000190,85,55,30
123000192,5,176,-171
123000193,19,227,-208
123000194,281,123,158
123000195,618,11,607
123000196,830,93,737
123000197,227,160,67
123000198,91,334,-243
123000199,67,250,-183
123000200,913,14,899
123000201,2086,23,2063
123000202,8,162,-154
123000203,2274,32,2242
123000204,26,367,-341
123000205,123,434,-311
123000206,4471,197,4274
123000207,62,308,-246
123000208,1503,62,1441
123000209,2740,574,2166
123000210,35,585,-550
123000211,230,817,-587
123000212,6949,428,6521
123000213,801,64,737
123000215,116,208,-92
123000216,165,1765,-1600
123000217,315,128,187
123000218,19,710,-691
123000219,691,169,522
123000220,950,591,359
123000221,391,80,311
123000222,461,144,317
123000223,1059,135,924
123000224,826,222,604
123000225,554,25,529
123000226,333,200,133
123000227,145,171,-26
123000228,638,59,579
123000229,722,634,88
123000232,77,271,-194
123000233,1444,96,1348
123000234,129,941,-812
123000235,2596,223,2373
123000236,418,451,-33
123000237,1082,137,945
123000238,32,295,-263
123000239,395,408,-13
123000240,135,1004,-869
123000241,280,67,213
123000242,117,189,-72
123000243,987,793,194
123000244,772,483,289
123000245,1,134,-133
123000249,313,652,-339
123000252,1151,437,714
123000253,2730,501,2229
123000254,820,405,415
123000255,1898,969,929
123000256,7,107,-100
123000257,1541,1527,14
123000258,858,570,288
123000259,758,625,133
123000260,1053,230,823
123000261,561,144,417
123000262,23,80,-57
123000263,914,73,841
123000264,272,47,225
123000265,21,70,-49
123000266,564,437,127
123000267,1480,261,1219
123000268,66,44,22
123000269,59,37,22
123000270,59,40,19
123000271,38,19,19
123000272,845,398,447
123000273,537,1146,-609
123000274,1770,712,1058
123000275,207,640,-433
123000278,1513,5214,-3701
123000279,346,97,249
123000280,424,584,-160
123000281,497,106,391
123000282,123,142,-19
123000283,339,62,277
123000284,88,66,22
123000286,125,445,-320
123000287,261,192,69
123000288,845,1480,-635
123000289,216,2031,-1815
123000291,189,643,-454
123000294,219,115,104
123000295,705,1304,-599
123000296,1328,642,686
123000297,1391,304,1087
123000298,2764,332,2432
123000299,239,128,111
123000300,1982,1069,913
123000301,310,992,-682
123000302,348,50,298
123000303,84,813,-729
123000305,583,594,-11
123000306,380,55,325
123000309,67,47,20
123000310,88,41,47
123000311,0,71,-71
123000312,645,216,429
123000313,933,1714,-781
123000315,462,173,289
123000316,1105,864,241
123000317,405,230,175
123000318,18,201,-183
123000329,5,11,-6
123000337,356,331,25
123000338,124,463,-339
123000339,724,77,647
123000340,110,207,-97
123000342,5,60,-55
123000343,213,25,188
123000344,479,103,376
123000345,359,138,221
123000346,931,85,846
123000352,1244,553,691
123000353,84,68,16
123000354,2104,19,2085
123000355,0,360,-360
123000356,507,43,464
123000357,1,102,-101
123000359,9,64,-55
123000360,273,468,-195
123000361,316,128,188
123000362,667,83,584
123000363,220,75,145
123000364,603,846,-243
123000365,14,384,-370
123000366,337,3358,-3021
123000367,308,372,-64
123000370,30,362,-332
123000371,1088,79,1009
123000372,704,136,568
123000373,23,194,-171
123000374,17,125,-108
123000375,528,761,-233
123000376,1432,881,551
123000377,971,9,962
123000378,5,165,-160
123000379,9,167,-158
123000380,6,207,-201
123000381,53,100,-47
123000382,656,164,492
123000383,67,816,-749
123000384,1360,175,1185
123000385,170,302,-132
123000436,123,1764,-1641
123000507,59,122,-63
123000508,158,1646,-1488
123000517,218,5,213
123000518,11,32,-21
123000519,183,59,124
123000520,46,55,-9
123000521,743,31,712
123000522,120,79,41
123000541,46,3,43
123000542,0,0,0
123000565,1563,106,1457
123000566,1196,138,1058
123000567,283,85,198
123000573,65,483,-418
123000574,1820,113,1707
123000575,4391,262,4129
123000576,1603,605,998
123000577,99,495,-396
123000578,876,53,823
123000579,1174,8736,-7562
123000580,205,185,20
123000582,794,36,758
123000583,5,161,-156
123000584,232,114,118
123000585,0,19,-19
123000586,485,2,483
123000596,53,57,-4
123000597,132,293,-161
123000602,278,29,249
123000603,2567,285,2282
123000604,1934,304,1630
123000605,1264,30,1234
123000606,3,977,-974
123000609,17,343,-326
123000610,114,98,16
123000613,147,46,101
123000614,607,45,562
123000615,117,98,19
123000616,2263,23,2240
123000617,93,140,-47
123000618,19,378,-359
123000619,892,37,855
123000620,4,214,-210
123000622,1184,14,1170
123000624,545,83,462
123000630,3747,1088,2659
123000631,402,480,-78
123000632,780,445,335
123000633,2,401,-399
123000634,30,992,-962
123000635,85,306,-221
123000636,72,467,-395
123000637,523,30,493
123000638,1949,81,1868
123000639,1250,10683,-9433
123000640,11,178,-167
123000648,1321,48,1273
123000649,14,220,-206
123900001,1513,68,1445
123900002,13,1453,-1440
123900003,77,350,-273
123900005,428,225,203
123900006,875,93,782
124000001,3585,272,3313
124000002,16,590,-574
124000003,2137,198,1939
124000004,175,196,-21
124000005,1673,3109,-1436
124000006,299,365,-66
124000007,1231,128,1103
124000008,5,724,-719
124000009,911,583,328
124000010,727,579,148
124000011,1035,824,211
124000012,531,174,357
124000017,442,75,367
124000018,351,151,200
124000019,385,98,287
124000020,108,119,-11
124000021,174,74,100
124000022,165,155,10
124000023,1815,1933,-118
124000024,1111,258,853
124000025,1353,1709,-356
124000026,1174,886,288
124000027,3020,2185,835
124000028,1493,2882,-1389
124000030,1751,1083,668
124000031,1966,19106,-17140
124000032,1496,964,532
124000033,1506,2248,-742
124000034,804,970,-166
124000035,759,184,575
124000036,429,691,-262
124000037,383,713,-330
124000038,14,161,-147
124000039,347,333,14
124000040,167,1144,-977
124000041,1235,606,629
124000042,343,522,-179
124000043,273,52,221
124000044,169,199,-30
124000045,2977,235,2742
124000046,370,671,-301
124000047,4748,584,4164
124000048,2061,373,1688
124000049,3325,486,2839
124000050,1444,864,580
124000051,2487,249,2238
124000052,1237,529,708
124000053,487,3937,-3450
124000054,968,214,754
124000055,1098,8699,-7601
124000056,1486,698,788
124000057,2731,238,2493
124000058,1316,668,648
124000059,1868,1129,739
124000060,560,486,74
124000061,1633,8681,-7048
124000062,2376,846,1530
124000063,1344,609,735
124000064,1445,1524,-79
124000065,91,1941,-1850
124000066,341,217,124
124000067,143,83,60
124000068,219,299,-80
124000069,880,144,736
124000070,789,200,589
124000071,290,1125,-835
124000072,679,4505,-3826
124000073,1375,100,1275
124000074,322,787,-465
124000075,1016,41,975
124000076,167,56,111
124000077,407,591,-184
124000078,1676,1115,561
124000079,270,979,-709
124000080,1712,458,1254
124000081,443,1106,-663
124000082,152,140,12
124000083,131,119,12
124000084,21,923,-902
124000085,76,33,43
124000086,7,410,-403
124000087,82,556,-474
124000088,204,315,-111
124000089,722,159,563
124000090,325,73,252
124000091,987,112,875
124000092,350,197,153
124000093,262,57,205
124000094,214,746,-532
124000095,194,36,158
124000096,484,175,309
124000097,304,72,232
124000098,505,33,472
124000099,437,41,396
124000100,135,80,55
124000101,278,141,137
124000102,204,17,187
124000103,362,146,216
124000104,168,22,146
124000105,362,100,262
124000106,179,24,155
124000107,39,354,-315
124000108,36,10,26
124000109,159,81,78
124000110,248,27,221
124000111,252,120,132
124000112,1842,294,1548
124000113,229,158,71
124000114,851,205,646
124000115,729,475,254
124000116,94,395,-301
124000117,74,48,26
124000118,53,75,-22
124000119,1351,647,704
124000120,934,295,639
124000121,1104,1388,-284
124000122,679,1863,-1184
124000123,629,361,268
124000124,345,702,-357
124000125,393,175,218
124000126,594,703,-109
124000127,1444,504,940
124000128,1107,240,867
124000129,1565,669,896
124000130,1025,186,839
124000131,667,520,147
124000132,909,690,219
124000133,1651,724,927
124000134,883,389,494
124000135,1520,1601,-81
124000136,603,558,45
124000137,953,917,36
124000138,783,592,191
124000139,707,129,578
124000140,16,759,-743
124000141,1363,875,488
124000142,89,414,-325
124000143,67,100,-33
124000144,6,151,-145
124000145,189,604,-415
124000146,20,742,-722
124000148,5,140,-135
124000149,1601,311,1290
124000150,429,1991,-1562
124000151,1785,734,1051
124000152,1223,1428,-205
124000153,1296,445,851
124000154,784,670,114
124000155,899,723,176
124000156,1273,660,613
124000169,191,990,-799
124000170,601,357,244
124000171,488,475,13
124000172,368,355,13
124000173,1320,157,1163
124000174,914,313,601
124000175,95,101,-6
124000176,125,24,101
124000177,8,69,-61
124000178,70,100,-30
124000185,67,11,56
124000186,0,101,-101
124000187,133,78,55
124000188,162,19,143
124000190,40,51,-11
124000191,282,556,-274
124000192,1803,1219,584
124000193,221,4648,-4427
124000194,329,170,159
124000195,725,532,193
124000196,806,771,35
124000197,173,10,163
124000198,111,57,54
124000201,63,382,-319
124000202,1181,128,1053
124000203,1891,199,1692
124000204,4613,310,4303
124000205,331,705,-374
124000206,2955,702,2253
124000207,0,11,-11
124000209,208,239,-31
124000210,2624,267,2357
124000211,2050,4,2046
124000212,0,88,-88
124000213,1580,244,1336
124000214,1362,219,1143
124000215,1640,8,1632
124000216,15,282,-267
124000329,109,615,-506
124000338,113,440,-327
124000339,6285,93,6192
124000341,5372,119,5253
124000344,163,68,95
124000357,1279,4152,-2873
124000358,554,2319,-1765
124000359,1581,835,746
124000360,2147,545,1602
124000361,4530,1507,3023
124000362,1338,3409,-2071
124000363,906,235,671
124000364,581,317,264
124000365,1090,625,465
124000366,3511,511,3000
124000367,79,223,-144
124000368,1293,3146,-1853
124000369,101,121,-20
124000370,72,1066,-994
124000402,189,46,143
124000403,316,41,275
124000404,190,33,157
124000405,1105,685,420
124000406,879,1587,-708
124000407,12,13,-1
124000411,2,372,-370
124000412,928,4,924
124000413,161,402,-241
124000414,278,52,226
124000415,83,41,42
124000416,281,122,159
124000417,492,52,440
124000418,564,18,546
124000419,283,35,248
124000420,337,5,332
124000421,144,57,87
124000422,28,24,4
124000423,291,11,280
124000424,15,26,-11
124000425,247,70,177
124000426,5,68,-63
124000427,721,23,698
124000428,1,1223,-1222
124000429,250,32,218
124000430,2128,598,1530
124000431,964,326,638
124000432,691,1145,-454
124000439,51,0,51
124000443,0,14,-14
124000445,361,3095,-2734
124000446,1883,1402,481
124000447,26,616,-590
124000448,110,2716,-2606
124000449,34,38,-4
124000450,45,24,21
124000451,0,0,0
124900001,1681,162,1519
124900002,339,77,262
124900003,1892,239,1653
124900004,1775,150,1625
124900005,189,65,124
124900006,1569,115,1454
124900008,503,513,-10
124900009,31,605,-574
124900010,495,71,424
124900011,1686,260,1426
124900012,329,88,241
124900013,722,83,639
124900014,337,218,119
124900015,248,661,-413
124900016,237,263,-26
124900017,539,6914,-6375
124900018,418,19,399
124900020,299,25,274
124900021,682,174,508
124900022,91,2,89
124900024,1232,20,1212
124900026,77,101,-24
124900027,132,232,-100
124900028,283,74,209
124900029,29,791,-762
124900030,0,96,-96
124900031,12,151,-139
124900032,146,87,59
124900033,161,483,-322
124900034,0,79,-79
124900035,191,45,146
124900036,0,54,-54
124900037,376,35,341
124900038,157,130,27
124900039,0,47,-47
124900040,152,67,85
124900041,553,380,173
124900042,33,0,33
124900043,721,366,355
124900044,85,0,85
124900045,276,1450,-1174
124900047,109,104,5
124900048,430,63,367
124900050,285,70,215
124900052,203,147,56
124900053,336,133,203
124900054,964,619,345
124900055,2,89,-87
124900057,2,268,-266
124900060,85,186,-101
124900061,260,0,260
124900062,286,20,266
124900066,0,7,-7
124900067,6,87,-81
124900068,169,1475,-1306
124900070,30,64,-34
124900072,410,16,394
124900075,915,85,830
124900076,12,3080,-3068
124900077,18,81,-63
124900078,165,9,156
124900079,312,233,79
124900080,728,169,559
124900081,2669,161,2508
124900082,750,238,512
124900083,758,381,377
124900085,339,247,92
124900086,15,1092,-1077
124900087,359,33,326
124900088,97,59,38
124900089,950,10,940
124900090,951,179,772
124900091,541,109,432
124900092,448,78,370
124900093,870,110,760
124900094,1214,100,1114
124900095,189,835,-646
124900096,337,43,294
124900097,863,26,837
124900098,374,236,138
124900099,188,625,-437
124900100,559,25,534
124900101,473,218,255
124900102,691,32,659
124900103,430,93,337
124900104,153,40,113
124900105,332,47,285
124900106,442,79,363
124900107,380,4,376
124900108,533,126,407
124900111,3,566,-563
124900112,498,159,339
124900113,39,143,-104
124900114,90,220,-130
124900115,34,392,-358
124900116,708,599,109
124900117,162,284,-122
124900118,67,1869,-1802
124900119,697,278,419
124900120,34,130,-96
124900121,93,668,-575
124900122,704,144,560
124900123,82,94,-12
124900124,41,79,-38
204000001,446,15,431
204000002,28,14,14
204000003,21,5,16
204000004,11,1,10
204000005,415,381,34
204000006,1110,1373,-263
204000012,96,44,52
204000019,1526,357,1169
204000020,1827,247,1580
204000021,1270,1032,238
204000022,1519,731,788
204000023,764,357,407
204000031,72,3,69
204000032,323,1,322
204000034,115,125,-10
204000035,1,1,0
204000036,1,102,-101
204000037,1,23,-22
204000038,2,2,0
204000039,5,40,-35
204000040,4,26,-22
204000041,7,37,-30
204000042,34,13,21
204000043,79,5,74
204000044,107,50,57
204000045,47,23,24
204000046,31,1,30
204000057,27,10,17
204000062,66,22,44
204000068,55,407,-352
204000069,207,770,-563
204000070,69,131,-62
204000080,108,100,8
204000085,1014,540,474
204000086,2207,931,1276
204000087,114,3,111
204000088,10,14,-4
204000090,327,190,137
204000093,1113,42,1071
204000096,1909,360,1549
204000097,974,36,938
204000099,1090,2386,-1296
204000100,1703,1018,685
204000105,1668,613,1055
204000110,679,718,-39
204000111,636,571,65
204000112,564,322,242
204000113,366,419,-53
204000114,1495,1300,195
204000115,2096,308,1788
204000116,830,344,486
204000119,4126,942,3184
204000132,713,794,-81
204000133,1027,118,909
204000134,431,41,390
204000135,1132,22,1110
204000136,852,226,626
204000138,325,1107,-782
204000140,258,89,169
204000141,187,32,155
204000144,0,17,-17
204000145,1044,23,1021
204000146,23,161,-138
204000147,8,345,-337
204000148,217,47,170
204000154,6,8,-2
204000155,2,5,-3
204000177,31,156,-125
204000179,12,21,-9
204000180,0,54,-54
204000222,12,7,5
204000235,114,39,75
204000236,28,107,-79
204000238,24,16,8
204000240,401,25,376
204000263,675,713,-38
204000268,553,255,298
204000308,87,20,67
204000317,57,91,-34
204000322,28,136,-108
204000323,13,8,5
204000328,311,37,274
204000329,185,28,157
204000330,369,17,352
204000331,370,67,303
205000001,722,1283,-561
205000013,31,138,-107
205000014,173,86,87
205000015,119,16,103
205000016,86,63,23
205000017,58,64,-6
205000022,333,348,-15
205000025,1689,383,1306
205000029,964,13,951
205000045,321,215,106
205000046,313,238,75
205000047,140,139,1
205000048,721,205,516
205000049,281,263,18
205000050,623,71,552
205000059,1,306,-305
205000060,0,582,-582
205000061,11,1199,-1188
205000062,4,951,-947
205000063,34,1219,-1185
205000064,65,342,-277
205000065,321,770,-449
205000066,268,224,44
205000067,250,243,7
205000069,244,14,230
205000082,143,158,-15
205000110,28,83,-55
205000111,123,118,5
205000112,112,78,34
205000113,83,185,-102
205000121,148,47,101
205000123,212,84,128
205000126,697,92,605
205000127,806,72,734
205000128,383,47,336
205000129,1309,94,1215
205000130,304,23,281
205000131,46,15,31
205000132,55,9,46
205000133,28,6,22
205000134,289,2,287
205000137,430,48,382
205000138,625,116,509
205000139,26,60,-34
205000144,104,53,51
205000145,179,134,45
205000151,123,52,71
205000152,178,28,150
205000153,286,52,234
205000154,126,80,46
205000155,103,18,85
205000207,7,23,-16
205000233,39,1,38
205000234,0,2,-2
205000243,0,0,0
205000244,0,4,-4
205000245,1,63,-62
205000249,0,24,-24
205000250,38,0,38
205000264,29,86,-57
206000027,2,30,-28
206000028,51,26,25
206000043,8,62,-54
206000053,1,8,-7
206000054,1,19,-18
206000055,3,26,-23
206000075,15,14,1
206000076,88,3,85
206000077,56,4,52
206000078,9,33,-24
206000079,42,10,32
206000082,261,65,196
206000100,26,413,-387
206000103,0,0,0
206000104,0,0,0
206000105,0,0,0
206000106,1,0,1
206000125,282,0,282
206000157,7,108,-101
206000170,0,77,-77
206000171,21,145,-124
206000172,23,82,-59
206000173,2,102,-100
206000174,17,29,-12
206000175,0,39,-39
206000176,33,56,-23
206000177,2,32,-30
206000178,0,377,-377
206000179,2,186,-184
206000180,4,66,-62
206000181,2,19,-17
206000182,9,38,-29
206000183,17,54,-37
206000184,1,42,-41
206000185,19,25,-6
206000186,47,200,-153
206000223,0,177,-177
206000226,78,4,74
206000227,73,12,61
206000237,60,56,4
206000238,20,345,-325
206000239,224,1229,-1005
206000240,0,0,0
206000241,0,60,-60
206000242,14,113,-99
206000243,30,29,1
206000244,19,70,-51
206000245,3712,40,3672
206000246,818,4,814
206000247,1325,6,1319
206000248,1557,60,1497
206000252,102,38,64
206000258,0,11,-11
206000315,73,9,64
206000317,660,252,408
206000318,1014,112,902
206000319,3715,120,3595
206000320,947,69,878
206000321,1189,11,1178
206000322,1781,16,1765
206000323,655,7,648
206000324,637,24,613
206000325,396,35,361
206000326,328,43,285
206000327,79,39,40
206000328,851,20,831
206000329,1403,9,1394
206000330,372,13,359
206000331,778,2,776
206000332,123,5,118
206000333,2620,3,2617
206000334,1598,0,1598
206000335,1,14,-13
206000361,10,75,-65
206000392,0,19,-19
206000405,578,0,578
206000441,155,23,132
206000498,121,2,119
206000515,67,53,14
206000530,600,75,525
206000531,305,393,-88
206000532,1498,377,1121
206000535,74,2903,-2829
206000536,16,69,-53
206000537,4,178,-174
206000613,929,343,586
206000784,968,68,900
207000001,268,274,-6
207000002,168,178,-10
207000003,119,104,15
207000007,2722,141,2581
207000008,515,2,513
207000009,145,6,139
207000010,340,166,174
207000012,700,72,628
207000015,259,436,-177
207000019,627,50,577
207000021,323,344,-21
207000022,281,179,102
207000023,466,88,378
207000024,2,41,-39
207000025,31,226,-195
207000026,137,37,100
207000027,12,54,-42
207000028,105,120,-15
207000029,277,266,11
207000033,335,184,151
207000034,338,75,263
207000039,1079,29,1050
207000040,1130,14,1116
207000041,175,42,133
207000042,669,40,629
207000043,438,249,189
207000051,95,220,-125
207000052,26,119,-93
207000053,432,256,176
207000054,65,55,10
207000055,159,62,97
207000056,215,152,63
207000057,156,108,48
207000058,150,159,-9
207000059,73,218,-145
207000060,42,383,-341
207000061,146,2109,-1963
207000062,1299,52,1247
207000063,1378,61,1317
207000064,615,62,553
207000065,434,136,298
207000066,1081,188,893
207000067,135,50,85
207000068,350,32,318
207000069,1492,259,1233
207000082,38,83,-45
207000083,91,123,-32
207000084,590,148,442
207000085,389,55,334
207000086,936,15,921
207000106,160,31,129
207000107,230,25,205
207000108,307,4,303
207000109,182,4,178
207000110,94,6,88
207000111,168,38,130
207000112,28,825,-797
207000114,24,9,15
207000115,38,38,0
207000116,24,236,-212
207000117,1,61,-60
207000118,3,45,-42
207000119,15,47,-32
207000123,452,8,444
207000124,289,11,278
207000125,130,6,124
207000126,58,7,51
207000134,634,92,542
207000135,202,160,42
207000148,231,304,-73
207000149,48,10,38
207000152,257,439,-182
207000153,387,664,-277
207000154,470,82,388
207000159,62,87,-25
207000160,174,216,-42
207000238,0,44,-44
207000242,2,44,-42
207000248,26,25,1
207000249,75,13,62
207000250,370,72,298
207000251,73,122,-49
207000252,36,37,-1
207000278,247,99,148
207000279,27,74,-47
207000280,1525,35,1490
207000281,188,347,-159
207000282,33,768,-735
207000283,11,130,-119
207000284,51,2824,-2773
207000285,71,88,-17
207000291,10,75,-65
207000304,69,82,-13
207000306,57,229,-172
207000310,268,171,97
207000353,153,1,152
207000356,11,44,-33
207000357,2,40,-38
207000358,2,12,-10
207000415,0,48,-48
207000417,64,18,46
207000418,86,61,25
207000438,0,7,-7
207000439,487,90,397
207000446,148,17,131
207000460,256,7,249
207000466,63,126,-63
207000467,896,41,855
207000468,73,165,-92
207000476,25,17,8
207000477,797,22,775
207000478,0,28,-28
207000523,0,11,-11
207000524,68,0,68
207000527,612,138,474
207000530,767,13,754
207000531,400,2,398
207000532,106,46,60
207000534,180,17,163
207000535,8,127,-119
207000537,6,97,-91
207000540,4,43,-39
207000541,1,62,-61
207000548,6,131,-125
207000549,358,16,342
207000561,250,77,173
207000562,27,96,-69
207000567,58,168,-110
207000568,888,34,854
207000569,1691,127,1564
207000584,14,88,-74
207000585,26,58,-32
207000587,488,37,451
207000616,0,58,-58
207000617,269,1,268
207000624,99,41,58
207000631,8,31,-23
207900008,927,38,889
208000001,1010,773,237
208000002,1036,567,469
208000003,1063,352,711
208000004,970,813,157
208000005,8,60,-52
208000019,1865,248,1617
208000020,520,129,391
208000021,406,199,207
208000022,862,192,670
208000028,1108,1862,-754
208000033,475,134,341
208000034,545,679,-134
208000037,869,25,844
208000040,499,129,370
208000041,1233,626,607
208000042,2626,508,2118
208000047,110,108,2
208000064,2477,1276,1201
208000066,1315,863,452
208000070,862,563,299
208000071,1235,195,1040
208000072,1419,372,1047
208000080,437,673,-236
208000081,559,183,376
208000082,706,168,538
208000083,398,181,217
208000084,32,122,-90
208000085,1008,425,583
208000086,1009,639,370
208000087,927,419,508
208000089,1728,152,1576
208000090,1110,328,782
208000093,29,108,-79
208000094,638,275,363
208000095,1075,489,586
208000104,2470,242,2228
208000105,1386,413,973
208000114,248,393,-145
208000115,878,468,410
208000116,2402,1993,409
208000117,23,103,-80
208000118,221,415,-194
208000155,1159,836,323
208000158,2102,2121,-19
208000186,1086,1349,-263
208000204,1145,1091,54
208000205,2276,678,1598
208000282,1112,674,438
209000004,898,148,750
209000005,155,82,73
209000006,355,239,116
209000007,460,501,-41
209000010,96,265,-169
209000011,40,225,-185
209000012,87,105,-18
209000013,346,60,286
209000014,616,211,405
209000025,786,70,716
209000026,1905,214,1691
209000027,435,147,288
209000028,357,139,218
209000029,503,604,-101
209000030,431,812,-381
209000031,2851,807,2044
209000034,278,391,-113
209000035,266,419,-153
209000036,541,172,369
209000037,636,204,432
209000038,337,149,188
209000039,242,191,51
209000040,432,302,130
209000041,333,317,16
209000042,417,101,316
209000043,650,391,259
209000044,336,483,-147
209000045,745,207,538
209000046,897,239,658
209000047,770,303,467
209000048,894,617,277
209000049,132,57,75
209000050,285,65,220
209000051,453,83,370
209000052,210,102,108
209000062,116,28,88
209000063,117,30,87
209000064,17,27,-10
209000065,307,34,273
209000066,350,14,336
209000067,307,40,267
209000080,11,108,-97
209000082,273,30,243
209000091,41,82,-41
209000093,120,119,1
209000094,36,102,-66
209000110,84,96,-12
209000111,441,3223,-2782
209000112,1924,456,1468
209000113,4594,814,3780
209000114,1581,797,784
209000115,102,38,64
209000116,319,189,130
209000118,18,105,-87
209000119,4,113,-109
209000121,123,296,-173
209000135,177,121,56
209000142,915,5423,-4508
209000143,20,90,-70
209000144,108,314,-206
209000229,437,91,346
209000240,26,190,-164
209000259,66,33,33
209000260,46,228,-182
209000261,0,139,-139
209000262,32,177,-145
209000263,2,246,-244
209000264,0,149,-149
209000265,317,1,316
209000266,97,0,97
209000267,2042,1,2041
209000268,679,80,599
210000037,205,39,166
210000047,140,2,138
210000048,250,26,224
210000049,217,12,205
210000052,179,31,148
210000053,45,38,7
210000054,62,58,4
210000070,315,12,303
210000071,173,10,163
210000072,81,0,81
210000073,0,17,-17
210000074,0,56,-56
210000075,1,91,-90
210000076,2,119,-117
210000077,4,134,-130
210000078,7,189,-182
210000079,32,27,5
210000080,86,294,-208
210000081,155,14,141
210000082,13,1,12
210000083,101,10,91
210000084,168,0,168
210000085,0,75,-75
210000086,0,56,-56
210000099,71,152,-81
210000100,63,94,-31
210000101,95,89,6
210000105,12,269,-257
210000159,0,377,-377
210000163,30,137,-107
210000164,335,156,179
210000168,477,65,412
210000187,1,5,-4
210000188,0,17,-17
210000214,11,0,11
210000219,242,60,182
210000220,295,16,279
210000232,6,40,-34
210000233,16,13,3
210000234,30,38,-8
210000235,114,12,102
210000245,0,21,-21
210000246,49,0,49
210000258,40,63,-23
210000259,436,66,370
210000282,16,113,-97
210000285,2,146,-144
210000286,41,81,-40
210000290,9,24,-15
210000295,68,190,-122
210000296,73,43,30
210000320,736,30,706
210000321,518,25,493
210000338,64,123,-59
210000339,56,913,-857
210000340,55,185,-130
210000341,206,141,65
210000342,313,110,203
210000343,215,162,53
210000344,135,238,-103
210000345,99,571,-472
210000346,87,273,-186
210000347,16,281,-265
210000348,199,233,-34
210000349,64,137,-73
210000350,233,112,121
210000351,384,35,349
210000352,42,30,12
210000353,57,11,46
210000354,93,20,73
210000355,50,355,-305
210000356,23,540,-517
210000357,45,524,-479
210000358,940,544,396
210000359,90,368,-278
210000360,445,343,102
210000361,490,158,332
210000362,628,104,524
210000363,814,166,648
210000364,592,178,414
210000365,497,55,442
210000366,666,40,626
210000367,326,15,311
210000368,519,43,476
210000369,100,132,-32
210000370,169,157,12
210000372,75,83,-8
210000373,34,134,-100
210000374,98,162,-64
210000375,11,16,-5
210000376,31,428,-397
210000404,46,53,-7
210000439,246,11,235
210000472,57,6,51
210000482,169,97,72
210000564,333,183,150
210000567,11,73,-62
210000568,609,0,609
211000092,80,5,75
211000094,28,3,25
211000169,415,8,407
211000172,50,80,-30
211000209,0,40,-40
211000226,14,7,7
211000270,255,16,239
211000275,10,30,-20
211000276,327,32,295
211000279,59,67,-8
211000281,299,46,253
211000302,71,9,62
211507980,1,33,-32
211977296,26,5,21
212000003,370,171,199
212000004,1,97,-96
212000005,22,183,-161
212000006,42,218,-176
212000008,256,183,73
212000009,88,100,-12
212000012,193,41,152
212000013,47,24,23
212000014,416,47,369
212000015,379,77,302
212000016,707,286,421
212000027,857,137,720
212000028,606,141,465
212000029,367,131,236
212000030,54,11,43
212000031,83,21,62
212000048,33,575,-542
212000049,11,337,-326
212000050,20,31,-11
212000051,453,81,372
212000052,462,143,319
212000053,301,145,156
212000054,919,46,873
212000055,828,77,751
212000056,17,36,-19
212000057,23,23,0
212000058,231,40,191
212000070,255,59,196
212000077,260,131,129
212000099,694,90,604
212000108,351,446,-95
212000111,692,56,636
212000120,136,267,-131
212000138,401,96,305
212000156,1,54,-53
212000158,5,44,-39
212000159,945,47,898
212000160,1064,57,1007
212000161,192,8,184
212000310,87,18,69
212000311,22,48,-26
212000374,33,14,19
213000001,13,276,-263
213000005,1086,93,993
213000006,1067,88,979
213000007,52,37,15
213000009,396,123,273
213000010,640,110,530
213000011,282,30,252
213000012,289,99,190
213000014,98,41,57
213000015,323,13,310
213000016,473,16,457
213000017,102,0,102
213000018,3,9,-6
213000019,8,50,-42
213000020,130,65,65
213000021,4,18,-14
213000023,706,188,518
213000033,390,1143,-753
213000034,648,89,559
213000035,265,559,-294
213000045,208,192,16
213000046,39,45,-6
213000047,166,823,-657
213000056,366,8,358
213000069,211,56,155
213000073,0,30,-30
213000074,78,291,-213
213000075,1347,3,1344
213000076,52,7,45
213000085,2,15,-13
213000086,8,56,-48
213000091,798,27,771
213000092,52,15,37
213000099,181,823,-642
213000100,1068,262,806
213000101,1321,64,1257
213000102,1180,93,1087
213000103,621,227,394
213000104,23,137,-114
213000105,163,2237,-2074
213000106,79,218,-139
213000107,131,261,-130
213000108,53,247,-194
213000109,2,139,-137
213000110,4,82,-78
213000111,10,48,-38
213000112,34,85,-51
213000115,142,1,141
213000116,41,338,-297
213000117,0,304,-304
213000118,2011,461,1550
213000119,38,324,-286
213000120,81,160,-79
213000122,88,211,-123
213000123,88,449,-361
213000124,295,522,-227
213000125,330,38,292
213000126,38,89,-51
213000127,16,179,-163
213000128,55,398,-343
213000129,126,2690,-2564
213000130,1965,990,975
213000132,2330,245,2085
213000133,2207,75,2132
213000134,3303,20,3283
213000136,908,11,897
213000137,882,35,847
213000139,601,29,572
213000147,25,6,19
213000148,16,43,-27
213000149,6,24,-18
213000150,1,1029,-1028
213000151,3,209,-206
213000152,3,269,-266
213000153,2,277,-275
213000154,106,176,-70
213000155,79,107,-28
213000156,135,170,-35
213000157,1314,149,1165
213000158,626,398,228
213000159,948,221,727
213000163,3485,366,3119
213000165,739,243,496
213000171,1,8,-7
213000172,0,16,-16
213000173,0,30,-30
213000174,0,37,-37
213000175,6,12,-6
213000176,199,40,159
213000177,125,1,124
213000178,561,1,560
213000179,748,3,745
213000180,863,0,863
213000184,62,209,-147
213000188,1168,32,1136
213000189,1941,20,1921
213000190,938,268,670
213000191,1132,119,1013
213000192,875,114,761
213000193,439,207,232
213000194,11,299,-288
213000195,37,161,-124
213000196,543,2012,-1469
213000197,831,1143,-312
213000198,29,2,27
213000200,215,386,-171
213000201,21,52,-31
213000202,4,278,-274
213000203,1823,262,1561
213000204,1947,35,1912
213000205,937,16,921
213000206,1300,23,1277
213000207,52,6,46
213000208,29,3,26
213000209,91,5,86
213000210,244,1,243
213000211,1,30,-29
213000212,19,31,-12
213000213,50,54,-4
213000218,620,415,205
213000219,2129,85,2044
213000220,2314,4,2310
213000223,492,60,432
213000224,39,27,12
213000225,114,7,107
213000226,121,6,115
213000227,2309,94,2215
213000228,1607,72,1535
213000229,330,40,290
213000230,926,4,922
213000232,240,16,224
213000233,38,92,-54
213000234,0,54,-54
213000293,32,123,-91
213000294,187,57,130
213000295,22,63,-41
213000296,94,9,85
213000297,23,58,-35
213000298,21,51,-30
213000299,86,25,61
213000300,4,1,3
213000303,1,46,-45
213000304,1,12,-11
213000305,3,26,-23
213000306,57,276,-219
213000307,191,116,75
213000308,57,120,-63
213000309,350,55,295
213000310,367,112,255
213000311,102,481,-379
213000315,142,146,-4
213000316,752,50,702
213000322,197,36,161
213000323,265,37,228
213000324,121,2,119
213000325,196,22,174
213000326,44,5,39
213000327,42,10,32
213000328,69,64,5
213000329,213,7,206
213000340,138,278,-140
213000341,2197,80,2117
213000346,134,296,-162
213000347,277,1058,-781
213000348,2,115,-113
213000349,4,13,-9
213000350,158,643,-485
213000366,82,160,-78
213000367,697,7,690
213000379,57,129,-72
213000386,35,35,0
213000406,292,119,173
213000417,2736,816,1920
213000425,614,91,523
213000426,371,26,345
213000427,173,67,106
213000428,101,31,70
213000429,4,15,-11
213000430,131,151,-20
213000431,20,2,18
213000432,2,61,-59
213000433,36,38,-2
213000434,357,86,271
213000435,174,29,145
213000436,242,17,225
213000437,0,4,-4
213000438,189,22,167
213000439,50,35,15
213000440,17,78,-61
213000441,0,1,-1
213000442,6,10,-4
213000443,779,337,442
213000444,56,1,55
213000445,1,86,-85
213000446,0,56,-56
213000447,0,112,-112
213000448,7,84,-77
213000449,1959,2,1957
213000450,37,10,27
213000451,609,4,605
213000452,39,0,39
213000453,14,172,-158
213000455,214,82,132
213000456,1,134,-133
213000481,6,0,6
213000482,78,1,77
213000489,253,101,152
213000491,8,402,-394
213000492,171,69,102
213000493,3,479,-476
213000494,340,67,273
213000495,0,23,-23
213000496,751,59,692
213000497,69,125,-56
213000498,110,88,22
213000499,202,73,129
213000500,1120,19,1101
213000501,296,26,270
213000502,144,28,116
213000503,0,117,-117
213000504,34,64,-30
213000505,71,0,71
213000506,0,2,-2
213000507,0,60,-60
213900244,343,0,343
213900245,0,14,-14
218000003,54,19,35
218000004,121,34,87
218000005,28,61,-33
218000006,54,61,-7
218000007,28,22,6
218000012,121,551,-430
218000013,306,254,52
218000014,510,123,387
218000019,403,274,129
218000020,325,229,96
218000021,57,21,36
218000022,27,4,23
218000023,25,9,16
218000024,0,0,0
218000025,10,2,8
218000026,10,8,2
218000027,1,2,-1
218000028,8,0,8
218000029,2,3,-1
218000030,32,2,30
218000031,1,5,-4
218000032,0,2,-2
218000040,1,11,-10
218000046,140,156,-16
218000047,47,80,-33
218000048,218,56,162
218000049,88,48,40
218000050,349,99,250
218000051,141,125,16
218000052,2,41,-39
218000053,2,19,-17
218000054,2,43,-41
218000055,12,52,-40
218000056,54,76,-22
218000057,2,52,-50
218000064,3,10,-7
218000065,140,20,120
218000066,16,65,-49
218000067,187,23,164
218000068,311,20,291
218000069,697,24,673
218000070,402,263,139
218000071,311,247,64
218000072,180,161,19
218000078,1625,225,1400
218000079,644,31,613
218000080,410,29,381
218000081,890,95,795
218000082,366,53,313
218000083,103,30,73
218000084,257,59,198
218000085,168,79,89
218000086,77,26,51
218000087,182,42,140
218000090,26,374,-348
218000091,1691,633,1058
218000092,323,41,282
218000093,218,65,153
218000094,661,209,452
218000099,344,266,78
218000100,401,139,262
218000101,403,135,268
218000102,765,186,579
218000103,230,60,170
218000104,190,41,149
218000105,37,7,30
218000106,14,3,11
218000107,302,30,272
218000108,56,47,9
218000112,104,2,102
218000117,112,113,-1
218000134,483,297,186
218000135,9,101,-92
218000136,235,112,123
218000137,142,123,19
218000138,48,48,0
218000139,185,198,-13
218000140,796,449,347
218000141,133,75,58
218000142,256,183,73
218000143,26,284,-258
218000144,9,232,-223
218000145,791,213,578
218000146,164,87,77
218000151,2,27,-25
218000152,57,48,9
218000153,1,8,-7
218000154,4,3,1
218000155,32,1,31
218000156,66,1,65
218000157,26,3,23
218000158,17,4,13
218000159,5,4,1
218000160,3,5,-2
218000161,51,1,50
218000162,32,0,32
218000163,17,5,12
218000164,46,19,27
218000165,94,17,77
218000170,3,33,-30
218000171,58,1,57
218000172,2,2,0
218000173,13,10,3
218000174,17,23,-6
218000176,326,7,319
218000177,331,89,242
218000178,116,113,3
218000179,251,20,231
218000180,102,12,90
218000181,272,60,212
218000187,32,63,-31
218000188,43,47,-4
218000189,1,110,-109
218000190,29,31,-2
218000191,186,18,168
218000192,367,71,296
218000193,309,107,202
218000194,248,141,107
218000195,226,29,197
218000196,512,153,359
218000197,1047,116,931
218000198,248,43,205
218000199,65,6,59
218000200,66,72,-6
218000201,13,6,7
218000202,46,934,-888
218000207,8,6,2
218000208,26,64,-38
218000211,18,5,13
218000212,1,0,1
218000213,238,106,132
218000214,2,25,-23
218000215,146,40,106
218000217,2,43,-41
218000218,468,40,428
218000219,1,83,-82
218000220,40,573,-533
218000221,1129,448,681
218000222,0,115,-115
218000223,27,398,-371
218000224,5,165,-160
218000225,207,22,185
218000226,312,36,276
218000230,0,25,-25
218000232,112,36,76
218000239,253,8,245
218000240,11,1,10
218000241,28,1,27
218000242,0,0,0
218000243,8,6,2
218000244,30,12,18
218000245,24,5,19
218000246,0,5,-5
218000247,0,0,0
218000248,0,23,-23
218000249,0,4,-4
218000250,1,9,-8
218000251,2,27,-25
218000252,2,100,-98
218000253,0,77,-77
218000254,0,33,-33
218000255,2,22,-20
218000256,12,26,-14
218000267,714,1073,-359
218000268,6,38,-32
218000269,1,27,-26
218000270,187,26,161
218000271,42,24,18
218000273,183,1,182
218000274,79,7,72
218000275,137,123,14
218000276,74,26,48
218000278,25,44,-19
218000279,110,36,74
218000280,1,12,-11
218000281,16,24,-8
218000282,778,1394,-616
218000284,68,3,65
218000301,60,64,-4
218000302,27,34,-7
218000303,1,60,-59
218000316,2305,702,1603
218000317,3974,415,3559
218000318,2111,321,1790
218000319,2057,423,1634
218000320,1756,640,1116
218000338,12,26,-14
218000345,189,67,122
218000346,53,202,-149
218000459,53,119,-66
218000490,24,48,-24
218000501,205,41,164
218000502,166,36,130
218000503,145,21,124
218000504,198,13,185
218000505,31,51,-20
218000506,33,69,-36
218000508,1,4,-3
218000510,109,17,92
218000520,143,148,-5
218000521,2,42,-40
218000522,1,340,-339
218000523,291,4,287
218000524,1,121,-120
218000525,79,21,58
218000526,5,159,-154
218000529,129,100,29
218000530,23,2,21
218000531,65,32,33
218000532,80,1,79
218000534,573,27,546
218000537,24,127,-103
218000538,83,257,-174
218000540,51,69,-18
218000543,309,29,280
218000544,39,27,12
218000545,350,36,314
218000546,114,9,105
218000547,251,71,180
218000548,128,38,90
218000549,1179,100,1079
218000550,225,76,149
218000551,99,290,-191
218000552,433,127,306
218000553,32,166,-134
218000554,14,42,-28
218000555,60,112,-52
218000556,246,123,123
218000557,1365,90,1275
218000558,112,49,63
218000559,0,90,-90
218000560,0,43,-43
218000561,33,0,33
218000562,23,111,-88
218000563,223,20,203
218000564,6,176,-170
218000565,84,15,69
218000566,40,3,37
218000567,0,75,-75
218000568,10,0,10
218000569,0,195,-195
218000570,23,0,23
218000571,0,116,-116
218000572,135,1,134
218000573,3,66,-63
218000574,85,3,82
218000575,132,0,132
218000576,0,70,-70
218000577,147,13,134
218000578,0,95,-95
218000579,42,52,-10
218000581,11,159,-148
218000582,30,10,20
218000583,22,0,22
218000584,0,67,-67
218000585,56,13,43
218000586,5,10,-5
218000587,1,3,-2
218000588,0,11,-11
218000589,0,29,-29
218000590,1,1,0
218000591,2,99,-97
218000592,3,4,-1
218000593,0,15,-15
218000594,0,2,-2
218000596,0,0,0
218000597,0,11,-11
218000598,0,2,-2
218000599,0,1,-1
218000600,2,0,2
218000601,0,11,-11
218000602,0,2,-2
218000603,0,4,-4
218000604,9,0,9
218000605,0,85,-85
218000606,115,0,115
218000607,6,86,-80
218000608,97,20,77
218000609,3,111,-108
218000610,63,5,58
218000611,30,1,29
218000612,0,30,-30
218000613,4,8,-4
218000614,1,27,-26
218000615,222,0,222
218000616,10,139,-129
218000617,2,0,2
218000618,2,50,-48
218000619,29,35,-6
218000620,1,127,-126
218000621,0,0,0
218000622,0,106,-106
218000623,24,1,23
218000624,0,175,-175
218000625,3,1,2
218000626,0,26,-26
218000628,425,153,272
218000631,105,19,86
218000632,1,112,-111
218000633,110,2,108
218000634,17,7,10
218000635,27,11,16
218000636,950,317,633
218000637,1981,191,1790
218000638,624,8,616
218000639,41,27,14
218000640,979,21,958
218000641,294,40,254
218000652,58,18,40
218000653,252,22,230
218000663,8,48,-40
218000675,56,61,-5
218000676,10,2,8
218000677,12,2,10
218000680,417,211,206
218000681,1257,127,1130
218000691,471,113,358
218000693,1063,95,968
218000703,4,2,2
218000718,6,47,-41
218000719,85,97,-12
218000720,3,122,-119
218000721,21,5,16
218000725,9,4,5
218001147,2,55,-53
218001214,79,37,42
218001258,1072,2,1070
218001329,517,110,407
218001330,78,78,0
218001351,20,25,-5
218001352,52,27,25
218001353,26,19,7
218001354,8,65,-57
218001355,10,32,-22
218001356,990,200,790
218001357,7,39,-32
218001358,1027,7,1020
218001361,1130,3,1127
218001362,1,47,-46
219000001,16,13,3
219000002,33,34,-1
219000003,82,61,21
219000004,123,130,-7
219000017,105,115,-10
219000020,363,16,347
219000022,238,2,236
219000023,149,3,146
219000029,0,132,-132
219000034,78,54,24
219000039,29,172,-143
219000040,11,66,-55
219000041,146,70,76
219000051,0,79,-79
219000052,0,51,-51
219000053,0,95,-95
219000054,40,63,-23
219000055,573,0,573
219000056,0,0,0
219000057,71,1,70
219000062,38,106,-68
219000063,417,10,407
219000064,1,154,-153
219000110,253,303,-50
219000111,76,75,1
219000112,355,70,285
219000113,402,44,358
219000114,391,58,333
219000116,150,53,97
219000117,190,15,175
219000118,123,86,37
219000123,230,107,123
219000124,69,52,17
219000125,43,3,40
219000126,49,111,-62
219000127,0,5,-5
219000128,24,152,-128
219000129,21,105,-84
219000130,199,381,-182
219000131,1409,674,735
219000133,26,143,-117
219000134,27,73,-46
219000135,47,53,-6
219000136,76,333,-257
219000138,145,8,137
219000139,82,40,42
219000140,249,1,248
219000141,105,56,49
219000142,25,47,-22
219000143,11,16,-5
219000145,13,15,-2
219000146,0,0,0
219000147,12,21,-9
219000148,1,24,-23
219000149,3,55,-52
219000150,1,18,-17
219000151,0,0,0
219000157,546,98,448
219000158,356,176,180
219000161,383,5,378
219000163,1732,336,1396
219000166,242,156,86
219000167,157,145,12
219000168,486,160,326
219000174,749,90,659
219000175,306,7,299
219000176,420,16,404
219000177,150,1,149
219000178,172,0,172
219000179,127,3,124
219000180,174,14,160
219000182,176,1,175
219000183,111,7,104
219000184,107,9,98
219000185,4,1,3
219000186,142,4,138
219000187,7,40,-33
219000189,61,116,-55
219000190,96,111,-15
219000191,192,732,-540
219000192,268,208,60
219000193,324,103,221
219000195,0,386,-386
219000196,3,96,-93
219000198,51,46,5
219000199,165,87,78
219000200,169,55,114
219000201,65,65,0
219000203,15,38,-23
219000204,52,337,-285
219000205,37,173,-136
219000207,89,200,-111
219000209,83,50,33
219000210,46,217,-171
219000213,39,150,-111
219000239,214,252,-38
219000240,111,477,-366
219000241,131,167,-36
219000242,76,202,-126
219000243,163,245,-82
219000244,61,116,-55
219000245,7,43,-36
219000246,32,19,13
219000247,452,33,419
219000248,678,407,271
219000249,266,121,145
219000250,489,71,418
219000251,776,178,598
219000252,415,91,324
219000253,329,34,295
219000255,287,122,165
219000256,513,81,432
219000257,152,0,152
219000262,29,97,-68
219000263,59,87,-28
219000267,2,41,-39
219000268,1,2,-1
219000269,3,6,-3
219000270,18,0,18
219000271,513,2,511
219000278,0,2,-2
219000279,0,1,-1
219000283,0,39,-39
219000295,18,90,-72
219000296,59,151,-92
219000297,52,27,25
219000298,44,31,13
219000299,326,49,277
219000300,47,50,-3
219000301,39,213,-174
219000302,12,81,-69
219000307,91,7,84
219000308,67,40,27
219000311,215,45,170
219000312,516,222,294
219000313,712,53,659
219000314,120,102,18
219000315,660,4,656
219000316,973,63,910
219000317,386,23,363
219000320,2,81,-79
219000321,0,37,-37
219000323,3,41,-38
219000325,0,0,0
219000326,38,26,12
219000327,15,21,-6
219000328,71,7,64
219000329,402,104,298
219000330,10,12,-2
219000331,32,8,24
219000332,205,118,87
219000333,83,1,82
219000335,111,0,111
219000337,12,0,12
219000338,45,1,44
219000344,33,65,-32
219000345,231,66,165
219000346,37,28,9
219000348,212,84,128
219000349,38,130,-92
219000350,50,335,-285
219000351,0,9,-9
219000352,111,72,39
219000353,381,41,340
219000354,894,48,846
219000355,216,49,167
219000356,449,873,-424
219000363,163,98,65
219000364,197,38,159
219000365,81,25,56
219000366,226,1060,-834
219000368,429,430,-1
219000370,844,417,427
219000371,11,15,-4
219000382,12,15,-3
219000383,225,783,-558
219000385,153,743,-590
219000386,474,1430,-956
219000387,0,12,-12
219000390,9,1,8
219000391,7,0,7
219000397,87,10,77
219000398,20,53,-33
219000401,19,129,-110
219000402,7,61,-54
219000403,35,252,-217
219000404,31,100,-69
219000407,69,38,31
219000409,38,38,0
219000410,150,9,141
219000411,77,10,67
219000446,122,345,-223
219000447,0,20,-20
219000448,5,4,1
219000452,242,79,163
219000453,25,165,-140
219000454,434,404,30
219000556,1007,72,935
219000558,94,122,-28
219000590,29,230,-201
219000591,385,81,304
219000592,60,125,-65
219000595,7,2,5
219000635,272,28,244
219000636,49,41,8
219000657,11,7,4
219000658,26,109,-83
219000673,0,6,-6
219000676,12,1,11
219000679,47,14,33
219000684,275,0,275
219000685,0,86,-86
219000686,0,0,0
219000688,0,38,-38
219000689,3,127,-124
219000690,137,14,123
219000691,32,82,-50
219000692,223,10,213
219000693,1,4,-3
219000694,61,0,61
219000695,117,6,111
219000698,9,0,9
219000699,2,104,-102
219000727,7,166,-159
219000728,139,23,116
219000770,46,2,44
219000771,0,70,-70
219000788,236,311,-75
219001150,0,66,-66
219001151,1,4,-3
219001166,71,102,-31
219001167,0,76,-76
219001178,100,0,100
220000001,32,365,-333
220000002,5,237,-232
220000003,299,143,156
220000004,376,329,47
220000005,469,916,-447
220000006,250,382,-132
220000007,453,131,322
220000008,339,282,57
220000009,252,312,-60
220000010,73,36,37
220000011,336,4933,-4597
220000012,40,567,-527
220000014,281,120,161
220000015,66,402,-336
220000017,29,260,-231
220000018,9219,3188,6031
220000019,270,921,-651
220000020,755,155,600
220000021,1528,417,1111
220000022,1825,254,1571
220000023,468,116,352
220000024,1044,625,419
220000025,606,1707,-1101
220000026,603,920,-317
220000027,46,339,-293
220000028,81,122,-41
220000029,25,70,-45
220000030,33,56,-23
220000031,1214,635,579
220000064,68,987,-919
221000046,5,2,3
221000047,0,0,0
221000048,0,0,0
221000049,1,27,-26
221000050,15,2,13
221000055,33,60,-27
221000057,271,5,266
221000068,170,59,111
221000069,279,21,258
221000070,291,10,281
221000071,156,2,154
221000072,542,12,530
221000073,341,31,310
221000074,0,17,-17
221000075,4,29,-25
221000076,6,7,-1
221000077,18,35,-17
221000081,7,1,6
221000082,111,9,102
221000083,27,5,22
221000084,4,3,1
221000085,7,29,-22
221000086,6,68,-62
221000087,2,86,-84
221000088,8,115,-107
221000089,32,96,-64
221000090,24,199,-175
221000098,175,17,158
221000099,404,10,394
221000100,304,3,301
221000101,304,3,301
221000102,209,12,197
221000109,0,42,-42
221000110,12,21,-9
221000111,5,46,-41
221000112,1,41,-40
221000113,5,44,-39
221000114,2,57,-55
221000120,8,105,-97
221000121,2,83,-81
221000122,60,59,1
221000123,13,9,4
221000124,51,131,-80
221000155,95,29,66
221000156,148,85,63
221000175,0,36,-36
221000176,1,5,-4
221000182,236,4,232
221000241,455,222,233
221000242,58,115,-57
221000243,745,126,619
221000244,90,277,-187
221000245,371,94,277
221000246,11,230,-219
221000247,288,190,98
221000248,63,104,-41
221000267,15,482,-467
221000325,26,142,-116
221000331,2,32,-30
221000338,24,48,-24
221000378,486,44,442
221000381,65,73,-8
222000282,5,10,-5
222000296,2,38,-36
222000568,503,12,491
222000569,250,37,213
222000570,139,24,115
222000571,605,36,569
222000577,6,42,-36
222000578,2,62,-60
222000579,3,32,-29
222000580,16,796,-780
222000599,0,53,-53
222000600,0,91,-91
222000601,0,542,-542
222000603,5,53,-48
222000604,1,183,-182
222000605,5,100,-95
222000606,0,78,-78
222000607,3,17,-14
222000608,16,32,-16
222000609,81,43,38
222000616,1031,39,992
222000617,31,27,4
222000618,4,21,-17
222000620,33,29,4
222000621,70,30,40
222000623,896,11,885
222000624,909,6,903
222000625,2047,5,2042
222000636,46,10,36
222000686,20,52,-32
222000687,112,21,91
222001066,846,1,845
222001067,122,3,119
222001068,403,4,399
222001069,261,23,238
222001082,85,0,85
222001083,198,5,193
222001084,3,92,-89
222001085,0,546,-546
222001111,329,31,298
222001112,352,11,341
222001313,2,3,-1
222001314,0,65,-65
222001464,1000,41,959
222001465,30,174,-144
222001484,572,64,508
222001485,44,22,22
222001494,1606,187,1419
222001495,176,89,87
222001496,932,112,820
222001497,137,182,-45
222001502,26,37,-11
222001503,534,12,522
222001504,7,85,-78
222001505,1076,7,1069
222001506,3,71,-68
222001507,654,7,647
222001510,1505,33,1472
222001511,8,113,-105
222001514,1370,19,1351
222001515,26,153,-127
222001518,1236,14,1222
222001519,16,118,-102
222001527,343,31,312
222001528,15,70,-55
222001529,699,14,685
222001530,39,56,-17
222001533,74,54,20
222001534,1274,16,1258
222001535,840,210,630
222001536,15,139,-124
222001537,790,23,767
222001538,11,118,-107
222001563,1839,40,1799
222001564,34,234,-200
222001568,171,97,74
222001576,1,3,-2
222001579,0,39,-39
222001583,28,62,-34
222001584,313,14,299
222001596,277,493,-216
222001597,2098,236,1862
222001626,0,21,-21
222001650,7,93,-86
222001651,42,200,-158
222001914,458,26,432
222001915,20,64,-44
222001968,1027,197,830
222001969,317,220,97
222001970,84,154,-70
222001971,186,9,177
222001972,3,2,1
225000001,794,75,719
225000002,1612,100,1512
225000003,1813,104,1709
225000004,1282,220,1062
225000005,59,54,5
225000006,1,149,-148
225000007,952,1428,-476
225000010,463,9,454
225000011,270,2481,-2211
225000012,372,1089,-717
225000013,220,99,121
225000014,949,112,837
225000015,128,235,-107
225000021,1150,86,1064
225000027,354,313,41
225000032,943,89,854
225000042,195,259,-64
225000049,57,145,-88
225000050,288,39,249
225000053,0,110,-110
225000058,856,184,672
225000067,433,120,313
225000068,199,225,-26
225000069,69,310,-241
225000070,219,248,-29
225000071,69,64,5
225000075,42,1229,-1187
225000076,144,65,79
225000078,92,60,32
225000085,257,39,218
225000086,1002,18,984
225000087,183,10,173
225000088,20,130,-110
225000089,68,161,-93
225000090,8,182,-174
225000091,31,54,-23
225000092,46,164,-118
225000093,623,137,486
225000094,14,104,-90
225000095,392,140,252
225000096,78,180,-102
225000098,1407,149,1258
225000099,1013,45,968
225000100,1203,67,1136
225000104,140,358,-218
225000110,40,357,-317
225000111,578,335,243
225000112,675,760,-85
225000113,308,1408,-1100
225000114,112,728,-616
225000115,1490,840,650
225000116,368,111,257
225000117,662,458,204
225000118,1519,326,1193
225000119,771,65,706
225000120,1301,142,1159
225000121,193,23,170
225000123,984,12,972
225000125,834,298,536
225000126,908,270,638
225000127,631,5101,-4470
225000128,511,1885,-1374
225000132,923,10,913
225000133,358,6,352
225000134,972,104,868
225000135,184,14,170
225000136,684,2,682
225000137,673,140,533
225000138,844,224,620
225000143,91,285,-194
225000144,14,303,-289
225000145,30,13,17
225000146,98,33,65
225000147,33,40,-7
225000148,1,40,-39
225000149,75,134,-59
225000151,52,80,-28
225000155,134,106,28
225000156,311,1114,-803
225000157,624,425,199
225000158,44,170,-126
225000171,1,161,-160
225000180,31,2,29
225000181,0,174,-174
225000182,75,10,65
225000185,8,423,-415
225000187,132,333,-201
225000191,85,2,83
225000194,0,11,-11
225000208,0,43,-43
225000209,171,26,145
225000210,1,107,-106
225000217,0,35,-35
225000218,88,0,88
225000223,0,672,-672
225000224,13,4,9
225000225,1,482,-481
225000226,27,2,25
225000227,179,327,-148
225000228,12,16,-4
225000229,1,205,-204
225000230,15,0,15
225000231,0,18,-18
225000232,301,0,301
225000241,115,1,114
225000242,0,47,-47
225000249,11,0,11
225000250,61,194,-133
225000251,946,99,847
226000042,176,288,-112
226000043,12,171,-159
226000044,214,486,-272
226000045,98,274,-176
226000046,1410,172,1238
226000047,1113,117,996
226000048,778,111,667
226000049,888,369,519
226000070,0,15,-15
226000071,0,50,-50
226000072,0,56,-56
226000073,0,8,-8
226000074,0,23,-23
226000084,1,249,-248
226000085,0,214,-214
226000086,1,46,-45
226000087,0,55,-55
226000088,4,13,-9
226000090,143,310,-167
226000091,14,154,-140
226000092,2,18,-16
226000093,9,2,7
226000094,6,11,-5
226000095,19,91,-72
226000105,4,1,3
226000106,13,0,13
226000107,11,0,11
226000108,35,1,34
226000109,446,1,445
226000124,259,95,164
226000134,1691,347,1344
226000135,3321,613,2708
226000136,1390,308,1082
226000137,11,122,-111
226000138,15,29,-14
226000139,3,51,-48
226000156,690,19,671
226000157,721,12,709
226000163,40,95,-55
226000202,11,68,-57
226000231,2084,6,2078
226000232,61,11,50
227000033,699,16,683
227000036,1371,12,1359
227000037,1313,34,1279
227000038,437,47,390
227000049,0,131,-131
227000050,0,174,-174
227000055,119,1,118
227000056,9,0,9
227000084,11,171,-160
227000085,0,177,-177
227000088,106,5,101
227000089,64,4,60
227000090,30,1,29
227000091,78,1,77
227000093,132,0,132
227000094,24,0,24
227000130,132,163,-31
227000131,44,158,-114
227000132,75,72,3
227000133,39,104,-65
227000134,81,134,-53
227000152,0,9,-9
227000153,0,144,-144
227000155,6,25,-19
227000156,0,25,-25
227000165,4,155,-151
227000196,705,94,611
227000199,1723,137,1586
227000230,15,275,-260
227000232,2828,50,2778
227000242,108,319,-211
227000243,530,30,500
227000245,90,229,-139
227000246,121,168,-47
227000247,918,12,906
227000248,373,84,289
227000249,24,241,-217
227000250,624,426,198
227000251,76,423,-347
227000252,104,159,-55
227000253,512,16,496
227000262,988,24,964
227000266,3157,65,3092
227000267,2,770,-768
227000282,2,72,-70
227000284,2371,21,2350
227000286,27,73,-46
227000287,17,67,-50
227000291,18,187,-169
227000484,366,8,358
227000485,4,323,-319
227000655,813,7,806
227000656,1709,11,1698
227000657,1054,20,1034
227000661,2767,16,2751
227000680,125,195,-70
229000265,51,60,-9
229000296,0,144,-144
229000297,14,46,-32
229000298,7,260,-253
229000320,49,2,47
229000321,37,12,25
229000412,16,55,-39
229000414,59,41,18
229000415,7,52,-45
229000416,2,1,1
229000417,1,2,-1
229000419,90,315,-225
229000440,342,153,189
229000442,38,1,37
229000443,23,0,23
229000444,2,36,-34
229000445,113,34,79
229000446,83,21,62
229000491,1,2,-1
229000492,2,12,-10
229000493,2,25,-23
229000494,18,0,18
229000495,105,0,105
229000496,115,0,115
229000507,0,3,-3
229000508,0,1,-1
229000509,0,0,0
229000510,0,1,-1
229000511,2,5,-3
229000512,0,1,-1
229000513,0,1,-1
229000514,0,0,0
229000517,0,0,0
229000518,5,3,2
229000519,1,1,0
229000520,17,6,11
229000521,64,16,48
229000522,5,2,3
229000523,8,2,6
229000524,0,0,0
229000527,1,0,1
229000528,0,0,0
229000529,5,0,5
229000530,64,1,63
229000531,83,0,83
229000532,5,0,5
229000533,22,1,21
229000534,8,0,8
229000564,126,0,126
229000565,92,1,91
229000566,0,0,0
229000567,0,4,-4
229000582,32,4,28
229000583,21,14,7
229000584,0,1,-1
229000585,0,4,-4
229000718,0,0,0
229000719,0,0,0
229000720,0,0,0
229000721,0,0,0
229000722,0,0,0
229000723,0,0,0
229000724,0,3,-3
229000725,0,0,0
229000738,2,0,2
229000739,0,0,0
229000740,3,0,3
229000741,42,0,42
229000742,5,0,5
229000743,30,0,30
229000744,1,0,1
229000745,2,0,2
229000746,30,0,30
229000847,96,1,95
229000848,92,0,92
229000849,178,0,178
229000851,353,0,353
229000854,0,9,-9
229000856,1,97,-96
229000857,0,35,-35
229000858,0,29,-29
229000919,0,19,-19
229000930,0,15,-15
229000937,140,5,135
229000966,57,41,16
229000981,15,11,4
229000985,22,8,14
229000986,0,1,-1
229000987,0,2,-2
229000988,1,33,-32
229000989,30,8,22
229000990,0,9,-9
229000991,2,0,2
229000992,19,1,18
229000993,379,14,365
229000998,13,38,-25
229000999,149,0,149
229001034,0,56,-56
229001035,26,7,19
229001037,109,3,106
229001042,8,4,4
229001047,1,75,-74
229001050,101,37,64
229001168,0,0,0
229001200,43,1,42
229001338,0,6,-6
229001394,414,9,405
229001422,252,19,233
229001423,1,34,-33
229001431,67,27,40
229001432,2,38,-36
229001444,341,90,251
229001445,161,126,35
229001479,50,0,50
229001503,710,36,674
229001504,64,43,21
229001505,223,24,199
229001506,32,59,-27
229001509,73,14,59
229001545,131,17,114
229001546,0,9,-9
229001553,116,8,108
229001554,1,17,-16
229001559,13,2,11
229001560,0,54,-54
229001630,142,5,137
229001631,2,111,-109
229001635,0,24,-24
229001636,0,3,-3
229001658,1,18,-17
229001659,89,8,81
229001660,0,23,-23
229001661,0,80,-80
229001662,24,1,23
229001663,0,8,-8
229002584,302,268,34
229002831,185,160,25
229002841,2,57,-55
229002842,54,44,10
229002843,39,77,-38
229002844,11,158,-147
229002845,1,158,-157
229002846,0,6,-6
229002847,1,17,-16
229002848,6,29,-23
229002849,0,172,-172
229002850,6,2,4
229002851,33,225,-192
229002852,92,49,43
229002853,86,6,80
229002854,43,58,-15
229002855,10,89,-79
229002856,71,37,34
229002857,6,118,-112
229002858,6,58,-52
229002859,13,39,-26
229002860,47,30,17
229002861,63,105,-42
229002862,19,54,-35
229002863,4,5,-1
229002864,55,68,-13
229002865,1,19,-18
229002866,3,32,-29
229002867,1,51,-50
229002868,8,30,-22
229002869,4,63,-59
229002870,62,7,55
235000066,408,28,380
235000067,218,66,152
235000072,3,5,-2
235000073,20,27,-7
235000074,79,31,48
235000080,5,29,-24
235000081,81,55,26
235000082,786,37,749
235000083,662,82,580
235000084,75,127,-52
235000085,248,114,134
235000089,61,24,37
235000092,5,32,-27
235000093,2,0,2
235000097,1,3,-2
235000098,120,4,116
235000099,25,23,2
235000116,34,23,11
235000117,743,93,650
235000133,3,41,-38
235000134,1,17,-16
235000206,7,8,-1
235000207,0,2,-2
235000208,0,2,-2
235000209,5,9,-4
235000210,10,1,9
235000212,3,11,-8
235000213,7,10,-3
235000220,0,1,-1
235000221,6,27,-21
235000238,25,454,-429
235000239,1,49,-48
235000242,236,1854,-1618
235000245,355,205,150
235000246,47,68,-21
235000284,2,85,-83
235000295,59,4,55
235000305,387,6,381
235000306,720,1,719
235000307,84,0,84
235000308,33,2,31
235000309,90,0,90
235000310,20,0,20
235000311,73,56,17
235000322,0,80,-80
235000323,1,47,-46
235000324,0,71,-71
235000325,6,36,-30
235000326,23,96,-73
235000351,0,73,-73
235000352,14,45,-31
235000353,0,43,-43
235000354,25,17,8
235000355,14,30,-16
235000356,80,4,76
235000357,47,4,43
235000358,69,3,66
235000359,1,5,-4
235000360,69,16,53
235000361,122,2,120
235000381,103,45,58
235000382,272,27,245
235000390,2,3,-1
235000391,197,17,180
235000392,224,179,45
235000393,180,182,-2
235000395,139,77,62
235000396,748,101,647
235000400,80,93,-13
235000401,8,126,-118
235000405,151,58,93
235000406,19,41,-22
235000407,84,37,47
235000409,149,42,107
235000410,76,99,-23
235000411,0,64,-64
235000485,0,1,-1
235000486,0,0,0
235000549,153,164,-11
235000550,57,71,-14
235000599,121,8,113
235000600,0,3,-3
235000601,12,9,3
235000602,141,49,92
235000614,0,8,-8
235000648,0,0,0
235000649,48,17,31
235000685,0,2,-2
235000815,13,48,-35
235000834,0,7,-7
235000855,92,37,55
235000862,38,53,-15
235000891,0,0,0
235000892,19,0,19
235000901,36,66,-30
235000907,2,7,-5
235001010,254,70,184
235001029,159,108,51
235001030,202,33,169
235001078,118,116,2
235001079,56,24,32
235001147,65,136,-71
235001166,12,20,-8
235001167,51,8,43
235001169,61,172,-111
235001188,0,7,-7
235001189,0,5,-5
235001197,3,14,-11
235001200,10,4,6
235001207,900,66,834
235001210,125,174,-49
235001215,12,57,-45
235001239,0,6,-6
235001244,0,17,-17
235016267,0,106,-106
277101746,0,0,0
277102712,14,0,14
277103813,0,0,0
277103814,0,0,0
277103898,0,0,0
277104249,0,2,-2
277104250,0,30,-30
277104251,0,9,-9
277104252,0,8,-8
990011530,0,236,-236
990014944,0,93,-93
990015176,16,0,16
990015618,0,71,-71
990016032,1,336,-335
990032570,2,21,-19
990070001,127,21,106
990070103,0,3,-3
990070601,0,12,-12
990070751,3508,2,3506
990070766,0,115,-115
990071180,429,107,322
990071343,26,0,26
990071387,0,1,-1
990071823,650,1,649
990072600,0,428,-428
990072964,0,103,-103
990073285,0,1,-1
990074393,0,339,-339
990074870,3380,41,3339
990075106,539,4,535
990075746,679,16,663
990076437,7258,10,7248
990076458,1,308,-307
997000007,415,9,406
997000041,2,254,-252
997000058,82,0,82
997000062,32,0,32
997000069,0,2,-2
997000070,0,38,-38
997000100,215,0,215
997000141,0,164,-164
997000198,20,314,-294
998000475,0,0,0
998000736,0,412,-412
998000965,1,80,-79
998001031,0,172,-172
998001700,0,23,-23
998001899,0,0,0
998001900,10,0,10
998003073,2530,5,2525
998101900,0,0,0
998102850,0,78,-78
998501927,380,862,-482
998501929,165,0,165
998501930,95,0,95
998501931,272,10,262
998501932,51,0,51
998501933,39,0,39
998501937,14,2,12
998501944,2,0,2
998501950,0,2,-2
998501970,459,4,455
998501971,0,172,-172
998501973,0,5,-5
998501974,0,99,-99
998501975,123,1,122
998501976,755,6,749
998501977,0,23,-23
998501978,11,1,10
998501979,0,3,-3
998501980,348,25,323
998501981,139,0,139
998501982,0,90,-90
998501983,0,4,-4
998502006,0,0,0
998502024,0,0,0
998502032,1,1,0
998502062,7,1,6
998502063,0,0,0
998502173,17,0,17
998502269,0,1,-1
998502546,0,365,-365
998502578,0,0,0
998502599,60,1071,-1011
998502621,0,1,-1
998601159,0,36,-36
998601292,1,7,-6
999033574,1,146,-145
999800001,56,6,50
999800002,0,2,-2
999800003,2,2,0
999800004,0,5,-5
999800005,0,24,-24
