ID,insum,outsum,diff
100000001,571,894,-323
100000002,4666,674,3992
100000003,4803,2652,2151
100000004,1423,1043,380
100000005,2077,3800,-1723
100000006,764,103,661
100000007,3264,485,2779
100000008,218,563,-345
100000009,555,120,435
100000010,35,38,-3
100000011,598,54,544
100000012,108,750,-642
100000013,17,164,-147
100000014,459,268,191
100000015,2239,1972,267
100000016,1256,1418,-162
100000017,1038,891,147
100000018,1822,587,1235
100000019,7085,2108,4977
100000020,1908,5744,-3836
100000021,6434,3068,3366
100000022,3451,1225,2226
100000023,8503,1373,7130
100000025,4483,694,3789
100000028,3622,996,2626
100000029,542,182,360
100000030,720,60,660
100000031,10023,7041,2982
100000032,3377,4183,-806
100000033,1249,2385,-1136
100000034,1301,421,880
100000035,2493,794,1699
100000036,3369,1388,1981
100000037,549,540,9
100000038,1602,1001,601
100000039,1041,174,867
100000040,256,135,121
100000041,1161,339,822
100000042,1039,409,630
100000043,904,341,563
100000044,530,713,-183
100000045,711,1467,-756
100000046,791,1360,-569
100000047,550,845,-295
100000048,744,703,41
100000049,2075,2689,-614
100000051,606,1246,-640
100000053,109,6,103
100000054,414,34,380
100000055,1375,202,1173
100000056,604,608,-4
100000057,1804,842,962
100000058,1079,1479,-400
100000059,14,112,-98
100000060,436,416,20
100000061,2390,587,1803
100000062,1923,521,1402
100000063,567,257,310
100000064,1678,404,1274
100000065,616,1029,-413
100000066,275,866,-591
100000067,571,855,-284
100000068,680,1591,-911
100000069,394,1859,-1465
100000072,450,1153,-703
100000073,1909,1433,476
100000075,699,368,331
100000076,4037,3123,914
100000077,1230,139,1091
100000078,138,69,69
100000079,47,61,-14
100000080,29,19,10
100000081,121,49,72
100000102,8477,1415,7062
100000103,6874,945,5929
100000104,5603,2008,3595
100000105,5032,844,4188
100000106,3853,1658,2195
100000107,996,531,465
100000108,2060,1166,894
100000109,7508,1446,6062
100000116,1885,760,1125
100000117,51,39,12
100000118,2620,970,1650
100000119,1199,444,755
100000121,217,620,-403
100000122,3725,1026,2699
100000123,4370,6990,-2620
100000124,6056,10024,-3968
100000125,2775,964,1811
100000126,1929,297,1632
100000127,4014,372,3642
100000128,1719,1271,448
100000129,830,456,374
100000130,335,537,-202
100000131,2901,3665,-764
100000132,1176,2362,-1186
100000133,6407,3398,3009
100000135,552,671,-119
100000139,394,183,211
100000140,629,275,354
100000142,317,594,-277
100000143,1965,851,1114
100000144,4966,947,4019
100000147,1392,2959,-1567
100000150,64,431,-367
100000151,943,1159,-216
100000153,1009,376,633
100000154,524,99,425
100000155,46,58,-12
100000156,217,108,109
100000157,36,60,-24
100000158,201,88,113
100000159,1465,440,1025
100000165,1718,932,786
100000169,1394,332,1062
100000174,2616,323,2293
100000179,135,513,-378
100000180,1246,978,268
100000181,339,223,116
100000188,123,375,-252
100000189,1021,326,695
100000190,1095,479,616
100000191,657,434,223
100000192,71,103,-32
100000193,143,206,-63
100000330,2538,707,1831
100000355,379,535,-156
100000362,6792,3553,3239
100000363,3079,4799,-1720
100000364,643,179,464
100000365,4170,4672,-502
100000366,6804,3129,3675
100000367,4502,3951,551
100000368,2901,1931,970
100000369,1282,1987,-705
100000370,176,465,-289
100000376,205,120,85
100000379,6539,1624,4915
100000380,9177,2453,6724
100000384,8827,4337,4490
100000385,7986,4015,3971
100000386,12972,5620,7352
100000387,10531,4859,5672
100000388,10506,6814,3692
100000389,9647,6056,3591
100000390,10572,4620,5952
100000391,6781,6511,270
100000392,8308,2303,6005
100000393,3454,2676,778
100000394,12927,5058,7869
100000395,5850,1907,3943
100000396,9090,2527,6563
100000397,5306,2459,2847
100000398,13079,9063,4016
100000413,16,6,10
100900002,40,41,-1
100900003,246,93,153
100900004,20,619,-599
100900005,117,12,105
100900006,16,186,-170
100900007,423,5,418
100900008,1,332,-331
100900009,45,58,-13
100900010,31,102,-71
100900011,96,405,-309
100900012,0,192,-192
100900013,501,4,497
100900014,0,9,-9
100900015,137,191,-54
100900016,1,45,-44
100900017,799,43,756
100900018,0,1,-1
100900019,15,87,-72
100900020,422,4,418
100900021,340,0,340
100900022,2,7,-5
100900023,0,7,-7
100900024,1006,2,1004
100900025,4,10,-6
100900026,79,154,-75
100900027,414,2376,-1962
100900028,159,164,-5
100900029,81,13,68
100900030,23,25,-2
100900031,469,107,362
100900032,133,0,133
100900033,215,138,77
100900034,378,2,376
100900035,727,1,726
100900036,33,1,32
100900037,55,260,-205
100900038,335,27,308
100900039,265,658,-393
100900040,181,759,-578
100900041,516,928,-412
100900042,906,218,688
100900043,0,11,-11
100900044,3931,621,3310
100900045,238,1,237
100900046,777,6,771
100900047,647,105,542
100900048,144,22,122
100900049,44,232,-188
100900050,0,27,-27
100900051,99,40,59
100900052,201,18,183
100900053,221,17,204
100900054,13,89,-76
100900055,338,465,-127
100900056,165,239,-74
100900057,719,1585,-866
100900058,424,20,404
100900059,100,1,99
100900060,50,5,45
100900061,341,358,-17
100900062,0,75,-75
100900063,145,451,-306
100900064,569,12,557
100900065,187,111,76
100900066,100,113,-13
100900067,2,9,-7
100900068,38,102,-64
100900069,2861,7,2854
100900070,172,1,171
100900071,698,390,308
100900072,0,28,-28
100900073,111,440,-329
100900074,7,6,1
100900075,1840,370,1470
100900076,19,38,-19
100900077,11,141,-130
100900078,75,567,-492
100900079,1,18,-17
100900080,26,166,-140
100900081,63,210,-147
100900082,54,770,-716
100900083,5,38,-33
100900085,14,96,-82
100900086,265,1679,-1414
100900088,72,774,-702
100900089,2,16,-14
100900090,124,351,-227
100900091,0,19,-19
100900092,231,231,0
100900093,173,274,-101
100900094,58,777,-719
100900095,3,21,-18
100900096,26,96,-70
100900097,1,4,-3
100900098,17,9,8
100900099,25,776,-751
100900100,3,272,-269
100900101,495,25,470
100900102,9,49,-40
100900103,12,11,1
100900104,10,225,-215
100900105,8,184,-176
100900106,59,0,59
100900107,2121,625,1496
100900108,4,2,2
100900109,22,19,3
100900110,3,46,-43
100900111,55,199,-144
100900112,0,8,-8
100900113,25,10,15
100900114,7,10,-3
100900115,3,23,-20
100900116,553,1387,-834
100900117,227,594,-367
100900118,28,40,-12
100900119,4,18,-14
100900120,3,10,-7
100900121,202,744,-542
100900122,161,239,-78
100900123,62,181,-119
100900124,6,5,1
100900125,19,96,-77
100900126,108,168,-60
100900127,3,7,-4
100900128,94,109,-15
100900129,0,79,-79
100900131,59,142,-83
100900133,109,31,78
100900134,1,9,-8
100900135,0,100,-100
100900137,400,164,236
100900138,525,370,155
100900139,5,4,1
100900140,3,771,-768
100900141,3,365,-362
100900142,3,17,-14
100900143,1109,368,741
100900144,17,5,12
100900145,88,148,-60
100900146,5,49,-44
100900147,32,145,-113
100900148,36,1121,-1085
100900149,22,85,-63
100900150,5,19,-14
100900151,110,463,-353
100900152,64,5,59
100900153,0,138,-138
100900154,12,20,-8
100900155,4,2,2
100900156,12,0,12
100900157,2,105,-103
100900159,2,25,-23
100900160,25,18,7
100900161,69,3,66
100900162,5,166,-161
100900163,133,255,-122
100900164,75,46,29
100900165,36,56,-20
100900166,20,0,20
100900167,24,97,-73
100900168,57,102,-45
100900169,156,854,-698
100900170,21,5,16
100900171,18,594,-576
100900172,1,10,-9
100900173,7,668,-661
100900174,289,61,228
100900176,1600,216,1384
100900177,871,526,345
100900178,495,72,423
100900179,97,68,29
100900180,3,2,1
100900181,69,31,38
100900182,31,21,10
100900184,4,124,-120
100900186,772,897,-125
100900187,9,135,-126
100900188,34,23,11
100900189,739,185,554
100900191,1556,1187,369
100900192,391,231,160
100900195,225,120,105
100900197,34,172,-138
100900198,11,493,-482
100900199,13,26,-13
100900200,477,409,68
100900201,51,657,-606
100900202,31,0,31
100900203,0,89,-89
100900204,206,163,43
100900205,154,322,-168
100900206,100,50,50
100900207,183,100,83
100900210,61,688,-627
100900211,282,167,115
100900213,16,20,-4
100900214,1041,198,843
100900215,14,59,-45
100900217,186,74,112
101000001,5576,1684,3892
101000002,3881,4457,-576
101000003,966,2344,-1378
101000004,9595,11363,-1768
101000005,5035,6714,-1679
101000006,7466,10786,-3320
101000007,2702,3404,-702
101000008,7480,3709,3771
101000009,1860,2311,-451
101000010,1122,1798,-676
101000011,2472,733,1739
101000012,2297,635,1662
101000013,573,1194,-621
101000014,917,767,150
101000015,1184,795,389
101000016,1598,398,1200
101000017,1323,610,713
101000018,10183,2686,7497
101000020,7790,941,6849
101000021,3390,323,3067
101000022,480,40,440
101000023,3138,919,2219
101000025,347,415,-68
101000026,852,26,826
101000027,3938,1775,2163
101000028,1705,162,1543
101000029,137,736,-599
101000030,1582,81,1501
101000031,771,170,601
101000032,9505,2686,6819
101000033,4948,2394,2554
101000034,7071,1538,5533
101000035,2425,448,1977
101000036,3923,584,3339
101000037,8158,1490,6668
101000039,4847,1974,2873
101000040,6072,3228,2844
101000041,13933,4999,8934
101000042,1372,643,729
101000043,9301,3658,5643
101000045,2131,614,1517
101000046,3445,605,2840
101000047,1965,1359,606
101000048,1356,1031,325
101000049,1251,866,385
101000050,2161,1052,1109
101000051,2649,1488,1161
101000052,2810,639,2171
101000053,1762,1633,129
101000054,1854,1248,606
101000055,1961,1738,223
101000056,143,107,36
101000057,3439,831,2608
101000058,3444,1101,2343
101000059,6882,1504,5378
101000060,2850,527,2323
101000061,1578,1213,365
101000062,1477,718,759
101000063,1206,743,463
101000064,2582,637,1945
101000065,497,405,92
101000066,849,361,488
101000067,1478,465,1013
101000068,750,345,405
101000069,771,53,718
101000070,1953,829,1124
101000071,2156,1060,1096
101000072,1337,5166,-3829
101000073,587,585,2
101000074,4787,3080,1707
101000075,6011,2573,3438
101000077,1374,1064,310
101000078,1159,2136,-977
101000079,526,370,156
101000080,765,340,425
101000081,1332,1830,-498
101000082,4546,3273,1273
101000083,2207,2334,-127
101000084,1601,1154,447
101000085,1913,1177,736
101000086,1547,1294,253
101000087,1160,1770,-610
101000088,978,1016,-38
101000089,945,1757,-812
101000090,2967,1842,1125
101000091,399,1835,-1436
101000092,761,1253,-492
101000093,1791,1072,719
101000094,619,1695,-1076
101000095,247,879,-632
101000096,340,730,-390
101000097,1958,333,1625
101000098,1300,577,723
101000099,1637,1835,-198
101000100,1282,584,698
101000101,723,374,349
101000102,2124,377,1747
101000103,1186,461,725
101000104,676,605,71
101000105,2124,358,1766
101000106,1289,342,947
101000107,175,470,-295
101000108,1952,485,1467
101000109,205,56,149
101000110,33,931,-898
101000111,100,229,-129
101000113,290,864,-574
101000114,6202,1980,4222
101000115,104,163,-59
101000116,151,171,-20
101000117,644,321,323
101000119,293,60,233
101000120,353,59,294
101000121,162,34,128
101000122,250,33,217
101000123,104,51,53
101000124,310,186,124
101000125,292,548,-256
101000128,2073,293,1780
101000130,271,308,-37
101000131,620,733,-113
101000132,442,2291,-1849
101000135,156,26,130
101000136,489,64,425
101000137,44,350,-306
101000141,3835,2974,861
101000147,1318,647,671
101000148,2577,27,2550
101000149,117,92,25
101000150,114,1347,-1233
101000151,84,66,18
101000152,400,385,15
101000153,641,560,81
101000154,262,2223,-1961
101000155,185,175,10
101000156,29,318,-289
101000157,113,20,93
101000160,137,58,79
101000163,331,83,248
101000164,608,501,107
101000165,242,511,-269
101000166,286,375,-89
101000168,919,393,526
101000252,1749,956,793
101000254,567,34,533
101000258,30,14,16
101000261,46,63,-17
101000262,2615,1243,1372
101000263,282,659,-377
101000265,93,677,-584
101000266,444,278,166
101000269,226,6,220
101000290,2808,3554,-746
101000293,21,78,-57
101000294,533,418,115
101000295,196,656,-460
101000301,1207,261,946
101000304,4847,3242,1605
101000305,4386,2447,1939
101000328,193,451,-258
101900001,16,72,-56
101900002,0,12,-12
101900003,251,141,110
101900004,18,60,-42
101900005,7048,1612,5436
101900006,1059,62,997
101900007,821,93,728
101900008,318,316,2
101900009,77,517,-440
101900010,1338,770,568
101900011,436,1665,-1229
101900012,137,440,-303
101900013,1509,179,1330
101900017,40,183,-143
101900018,2111,329,1782
101900019,387,160,227
101900020,61,81,-20
101900021,1,112,-111
101900022,102,1531,-1429
101900023,93,268,-175
101900026,142,45,97
101900027,6,119,-113
102000001,7736,4559,3177
102000002,5102,1765,3337
102000003,4123,7518,-3395
102000004,9300,4042,5258
102000005,2601,3049,-448
102000006,3623,2821,802
102000007,1848,6967,-5119
102000008,7312,2861,4451
102000009,6384,9462,-3078
102000010,6264,6292,-28
102000011,3756,2635,1121
102000012,5893,5029,864
102000018,4604,3564,1040
102000019,3359,2820,539
102000026,392,1638,-1246
102000029,498,235,263
102000030,76,391,-315
102000031,98,256,-158
102000032,481,560,-79
102000033,310,633,-323
102000034,460,963,-503
102000035,1173,793,380
102000036,12,732,-720
102000037,281,135,146
102000038,772,158,614
102000039,745,116,629
102000040,1160,127,1033
102000041,342,581,-239
102000042,371,245,126
102000043,753,217,536
102000044,1888,929,959
102000045,1236,1763,-527
102000046,1687,780,907
102000047,736,1807,-1071
102000048,352,1376,-1024
102000049,2133,1181,952
102000050,2088,1490,598
102000051,634,1117,-483
102000052,2132,999,1133
102000053,2269,1233,1036
102000054,470,987,-517
102000055,787,1446,-659
102000056,579,2063,-1484
102000057,1141,698,443
102000058,1167,2588,-1421
102000059,1728,2016,-288
102000060,1648,1244,404
102000061,1305,2611,-1306
102000062,1367,1588,-221
102000063,1209,1977,-768
102000064,701,857,-156
102000065,41,142,-101
102000066,1056,2480,-1424
102000067,2756,4123,-1367
102000068,15202,4323,10879
102000069,23,2179,-2156
102000070,2268,69,2199
102000071,10579,11107,-528
102000072,3958,6952,-2994
102000073,945,1326,-381
102000074,597,874,-277
102000075,250,379,-129
102000076,303,752,-449
102000077,472,1596,-1124
102000078,745,1194,-449
102000079,117,352,-235
102000080,210,257,-47
102000081,348,832,-484
102000082,821,317,504
102000083,454,596,-142
102000084,205,523,-318
102000085,1943,1877,66
102000086,1200,1381,-181
102000087,1252,2248,-996
102000088,248,314,-66
102000089,1333,481,852
102000090,450,1227,-777
102000091,1994,548,1446
102000092,453,1122,-669
102000093,617,686,-69
102000094,1481,643,838
102000095,1195,1418,-223
102000096,936,979,-43
102000097,1163,1146,17
102000098,780,1076,-296
102000099,1374,642,732
102000100,1147,1238,-91
102000101,1766,741,1025
102000102,334,4209,-3875
102000103,1477,457,1020
102000104,1370,464,906
102000105,319,1057,-738
102000106,698,1276,-578
102000107,1100,719,381
102000108,746,500,246
102000109,814,778,36
102000110,728,2164,-1436
102000111,11,466,-455
102000112,176,71,105
102000113,10,42,-32
102000114,1435,512,923
102000115,284,280,4
102000116,817,353,464
102000117,343,562,-219
102000118,2684,1105,1579
102000119,3606,639,2967
102000120,204,525,-321
102000121,1024,476,548
102000122,492,872,-380
102000123,1596,1015,581
102000124,1035,1286,-251
102000125,801,1079,-278
102000126,501,752,-251
102000127,906,701,205
102000128,541,1202,-661
102000129,1151,888,263
102000130,518,567,-49
102000131,1256,492,764
102000132,512,423,89
102000133,1247,2941,-1694
102000134,632,1120,-488
102000135,1171,1717,-546
102000136,1255,862,393
102000137,887,934,-47
102000138,170,447,-277
102000139,50,300,-250
102000140,386,227,159
102000141,160,528,-368
102000142,248,452,-204
102000143,143,606,-463
102000144,209,446,-237
102000145,277,491,-214
102000146,394,334,60
102000147,352,390,-38
102000148,270,470,-200
102000149,154,755,-601
102000150,218,427,-209
102000151,190,530,-340
102000152,113,297,-184
102000153,1147,435,712
102000154,602,838,-236
102000155,163,350,-187
102000156,894,99,795
102000157,334,246,88
102000158,1020,573,447
102000159,1768,509,1259
102000161,4427,2309,2118
102000162,266,137,129
102000163,146,548,-402
102000164,1145,960,185
102000165,369,114,255
102000166,40,179,-139
102000167,272,198,74
102000168,246,126,120
102000169,183,957,-774
102000170,752,165,587
102000171,238,66,172
102000172,254,441,-187
102000173,1012,311,701
102000174,39,69,-30
102000175,142,224,-82
102000176,61,95,-34
102000178,410,661,-251
102000179,496,235,261
102000180,676,633,43
102000181,500,807,-307
102000182,425,750,-325
102000183,1577,2108,-531
102000184,1591,1020,571
102000185,2313,1701,612
102000186,971,2366,-1395
102000187,550,2033,-1483
102000188,687,1705,-1018
102000189,3577,1271,2306
102000190,658,3318,-2660
102000191,1310,714,596
102000192,1119,1270,-151
102000193,55,201,-146
102000194,151,177,-26
102000195,863,653,210
102000196,193,641,-448
102000197,417,534,-117
102000198,154,1024,-870
102000199,692,448,244
102000200,355,1253,-898
102000201,637,546,91
102000202,0,119,-119
102000203,394,445,-51
102000204,391,1389,-998
102000205,1148,777,371
102000206,1010,856,154
102000207,1285,597,688
102000208,686,774,-88
102000209,65,33,32
102000210,337,626,-289
102000211,644,630,14
102000212,152,14,138
102000213,5,459,-454
102000214,228,21,207
102000215,2,637,-635
102000216,60,81,-21
102000217,6,220,-214
102000218,168,176,-8
102000219,579,364,215
102000225,945,1018,-73
102000226,2532,754,1778
102000227,390,2,388
102000228,0,134,-134
102000229,65,27,38
102000230,306,701,-395
102000231,216,544,-328
102000232,30,454,-424
102000233,511,1170,-659
102000234,95,1292,-1197
102000236,197,121,76
102000237,1272,169,1103
102000238,175,487,-312
102000240,940,519,421
102000241,234,187,47
102000243,22,153,-131
102000245,56,98,-42
102000246,35,50,-15
102000247,1501,1364,137
102000248,676,684,-8
102000249,112,186,-74
102000250,47,520,-473
102000254,77,483,-406
102000266,50,178,-128
102000271,52,0,52
102000286,553,492,61
102000297,2443,1461,982
102000301,0,0,0
102000303,0,0,0
102000307,0,0,0
102900001,1339,1519,-180
102900002,262,27,235
102900003,44,295,-251
102900005,254,511,-257
102900006,551,373,178
102900007,261,21,240
102900008,248,109,139
102900009,468,219,249
102900010,667,314,353
102900011,2271,559,1712
102900012,398,81,317
102900013,15,49,-34
102900015,810,410,400
102900016,52,160,-108
102900017,117,648,-531
102900018,24,145,-121
102900019,699,714,-15
102900020,116,35,81
102900021,11,131,-120
102900022,556,108,448
102900023,15,63,-48
102900024,22,61,-39
102900025,309,132,177
102900026,783,1811,-1028
102900027,60,71,-11
102900028,146,699,-553
102900029,156,219,-63
102900030,504,324,180
102900031,108,207,-99
102900032,47,102,-55
102900033,116,232,-116
102900034,397,155,242
102900035,118,510,-392
102900036,220,657,-437
102900037,250,912,-662
102900038,528,805,-277
102900039,27,504,-477
102900040,147,276,-129
102900041,78,325,-247
102900042,177,500,-323
102900043,149,361,-212
102900044,841,2089,-1248
102900045,121,587,-466
102900046,115,316,-201
102900047,53,711,-658
102900048,621,835,-214
102900049,75,430,-355
102900050,266,422,-156
102900051,135,280,-145
102900052,36,15,21
102900053,295,985,-690
102900054,1109,1187,-78
102900055,146,160,-14
102900056,142,620,-478
102900057,5,32,-27
102900058,314,62,252
102900059,19,30,-11
102900060,178,465,-287
102900061,101,647,-546
102900062,112,1623,-1511
102900063,1071,497,574
102900064,207,645,-438
102900065,2508,561,1947
102900066,390,53,337
102900068,231,104,127
102900070,232,805,-573
102900072,40,53,-13
102900073,164,11,153
102900075,37,34,3
102900076,299,75,224
102900077,36,32,4
102900078,47,135,-88
102900079,359,7,352
102900080,295,38,257
102900081,61,310,-249
102900082,4,204,-200
102900083,412,14,398
102900084,2,34,-32
102900085,174,103,71
102900086,8,47,-39
102900087,73,127,-54
102900088,71,26,45
102900089,339,156,183
102900090,0,485,-485
102900091,202,3,199
102900092,206,1238,-1032
102900093,200,277,-77
102900094,0,51,-51
102900095,326,0,326
102900096,78,20,58
102900097,5,170,-165
102900098,55,13,42
103000001,2996,3679,-683
103000002,3924,3134,790
103000003,6154,3718,2436
103000004,974,830,144
103000005,2848,4005,-1157
103000006,778,1841,-1063
103000007,644,958,-314
103000008,1764,1432,332
103000009,1624,1137,487
103000010,210,127,83
103000011,1689,1299,390
103000012,1140,1751,-611
103000013,7491,2516,4975
103000014,1647,3130,-1483
103000015,3824,991,2833
103000016,641,1378,-737
103000017,174,481,-307
103000018,1518,540,978
103000019,228,241,-13
103000020,3606,1815,1791
103000021,2562,1745,817
103000022,1247,1440,-193
103000023,710,2292,-1582
103000024,81,232,-151
103000025,87,649,-562
103000026,1934,179,1755
103000027,333,679,-346
103000028,679,452,227
103000029,329,162,167
103000030,2263,816,1447
103000031,2132,3023,-891
103000032,1962,2230,-268
103000033,2995,3729,-734
103000034,1747,1195,552
103000035,425,1861,-1436
103000036,549,622,-73
103000037,660,513,147
103000038,555,1589,-1034
103000039,308,743,-435
103000040,409,1648,-1239
103000041,1770,3360,-1590
103000042,938,1026,-88
103000043,460,1712,-1252
103000044,125,310,-185
103000046,238,687,-449
103000047,665,941,-276
103000048,163,197,-34
103000049,103,251,-148
103000050,1020,1001,19
103000051,522,754,-232
103000052,879,609,270
103000053,195,875,-680
103000054,2981,1720,1261
103000055,1982,2860,-878
103000056,550,2600,-2050
103000057,373,415,-42
103000058,465,1233,-768
103000059,295,917,-622
103000060,840,1136,-296
103000061,396,1200,-804
103000062,1251,922,329
103000063,694,882,-188
103000064,200,385,-185
103000065,5,468,-463
103000066,203,9,194
103000069,263,457,-194
103000070,1078,1478,-400
103000071,1193,379,814
103000072,99,1164,-1065
103000073,759,129,630
103000074,738,86,652
103000075,110,966,-856
103000076,350,426,-76
103000077,86,450,-364
103000078,2497,718,1779
103000079,1947,718,1229
103000080,1526,414,1112
103000081,620,1088,-468
103000082,803,257,546
103000083,140,455,-315
103000084,212,11,201
103000085,17,152,-135
103000086,1696,634,1062
103000087,340,658,-318
103000088,790,399,391
103000089,529,878,-349
103000090,2002,941,1061
103000091,649,517,132
103000092,532,350,182
103000093,382,570,-188
103000094,249,135,114
103000095,47,543,-496
103000096,827,138,689
103000097,90,878,-788
103000098,1186,224,962
103000099,462,707,-245
103000100,100,1092,-992
103000101,1013,177,836
103000102,123,906,-783
103000103,665,285,380
103000104,102,163,-61
103000105,127,188,-61
103000106,21,91,-70
103000107,320,65,255
103000108,882,751,131
103000109,736,398,338
103000110,640,432,208
103000111,1320,498,822
103000112,768,293,475
103000113,2018,1023,995
103000114,3688,519,3169
103000115,452,721,-269
103000116,520,729,-209
103000117,278,653,-375
103000118,2565,1264,1301
103000119,2609,744,1865
103000120,127,90,37
103000121,646,811,-165
103000122,746,419,327
103000125,12,467,-455
103000126,396,12,384
103000127,3,255,-252
103000128,129,0,129
103000129,0,143,-143
103000130,37,28,9
103000131,141,92,49
103000132,71,126,-55
103000133,4,95,-91
103000134,967,1016,-49
103000135,1022,356,666
103000136,1431,483,948
103000137,1176,664,512
103000138,1367,927,440
103000139,3,59,-56
103000140,285,48,237
103000141,49,158,-109
103000142,122,99,23
103000143,121,243,-122
103000144,265,117,148
103000145,36,14,22
103000150,80,52,28
103000152,672,297,375
103000153,539,237,302
103000156,6,428,-422
103000157,292,3,289
103000159,201,197,4
103000162,190,33,157
103000163,21,39,-18
103000164,88,27,61
103000165,341,591,-250
103000166,263,287,-24
103000167,641,127,514
103000168,79,191,-112
103000169,221,532,-311
103000170,476,638,-162
103000171,33,78,-45
103000172,302,348,-46
103000173,373,1020,-647
103000174,143,394,-251
103000175,162,537,-375
103000176,1155,506,649
103000177,943,524,419
103000178,406,372,34
103000179,165,53,112
103000183,79,18,61
103000185,80,113,-33
103000186,103,209,-106
103000187,350,883,-533
103000188,6,54,-48
103000189,2433,1176,1257
103000191,712,999,-287
103000292,3142,1167,1975
103000293,1430,1695,-265
103000295,101,89,12
103000296,238,1,237
103000297,70,8,62
103000504,74,26,48
103000505,11,12,-1
103000506,0,279,-279
103000507,212,4,208
103000508,57,32,25
103000509,323,693,-370
103900001,1,450,-449
103900002,2553,223,2330
103900003,2685,109,2576
103900004,82,3,79
103900005,1,225,-224
103900006,1,0,1
103900007,28,3,25
103900008,47,0,47
103900009,218,381,-163
103900010,133,270,-137
103900011,158,211,-53
103900012,3,23,-20
103900013,28,68,-40
103900014,38,44,-6
103900015,18,28,-10
103900016,335,264,71
103900017,20,107,-87
103900018,789,175,614
103900019,43,222,-179
103900020,291,448,-157
103900021,1051,94,957
103900022,1275,717,558
103900023,101,2,99
103900024,146,720,-574
103900025,12,76,-64
103900026,9,0,9
103900027,796,481,315
103900028,18,234,-216
103900029,1090,156,934
103900030,568,31,537
103900031,28,0,28
103900032,63,44,19
103900033,332,8,324
103900034,35,410,-375
103900035,58,78,-20
103900036,80,28,52
103900037,107,31,76
103900038,63,165,-102
103900039,54,504,-450
103900040,26,279,-253
103900041,20,38,-18
103900042,49,495,-446
103900043,141,111,30
103900044,371,342,29
103900045,181,216,-35
103900047,35,53,-18
103900048,52,23,29
103900049,257,1596,-1339
103900050,11,82,-71
103900051,1,35,-34
103900052,232,694,-462
103900053,146,1343,-1197
103900054,66,651,-585
103900055,464,255,209
103900056,14,44,-30
103900057,26,379,-353
103900058,164,985,-821
103900059,0,6,-6
103900060,54,346,-292
103900061,118,57,61
103900062,238,97,141
103900063,0,0,0
103900064,67,2,65
103900065,759,467,292
103900066,115,12,103
103900067,124,5,119
103900068,4,0,4
103900069,136,7,129
103900070,118,379,-261
103900071,18,213,-195
103900072,8,358,-350
103900073,25,28,-3
103900074,52,159,-107
103900075,129,98,31
103900076,299,953,-654
103900077,79,125,-46
103900078,122,183,-61
103900079,110,225,-115
103900080,10,45,-35
103900081,136,18,118
103900082,7,101,-94
103900083,2424,1181,1243
103900084,33,154,-121
103900085,137,159,-22
103900086,542,332,210
103900088,401,278,123
103900089,39,254,-215
103900090,1,224,-223
103900091,928,271,657
103900092,1285,679,606
103900093,119,410,-291
103900094,7,132,-125
103900095,971,149,822
103900096,23,272,-249
103900097,10,596,-586
103900098,176,139,37
103900099,38,311,-273
103900100,167,441,-274
103900101,68,1184,-1116
103900102,1,38,-37
103900104,0,50,-50
103900105,117,243,-126
103900106,0,10,-10
103900107,61,340,-279
103900108,33,434,-401
103900109,65,114,-49
103900110,193,67,126
103900111,104,1010,-906
103900112,25,56,-31
103900113,141,257,-116
103900114,774,392,382
103900115,266,328,-62
103900116,7779,2521,5258
103900117,190,111,79
103900119,32,51,-19
103900120,44,176,-132
103900122,65,413,-348
103900123,2378,577,1801
103900124,61,636,-575
103900125,125,102,23
103900126,448,789,-341
103900127,123,847,-724
103900128,37,209,-172
103900131,9,121,-112
103900133,976,25,951
103900134,0,3,-3
103900135,5,11,-6
103900137,0,52,-52
103900138,40,527,-487
103900139,389,1427,-1038
103900140,21,51,-30
103900141,284,111,173
103900142,186,286,-100
103900143,23,0,23
103900144,0,105,-105
103900145,136,360,-224
103900146,299,475,-176
103900147,398,123,275
103900148,180,243,-63
103900149,149,931,-782
103900150,9350,3694,5656
103900151,31,153,-122
103900152,356,687,-331
103900153,22,0,22
103900154,1443,2453,-1010
103900155,30,310,-280
103900156,13,285,-272
103900157,24,401,-377
103900158,51,257,-206
103900159,80,126,-46
103900160,67,38,29
103900161,130,275,-145
103900162,59,260,-201
103900163,3,612,-609
103900167,8,102,-94
103900168,123,151,-28
103900169,23,40,-17
103900170,0,135,-135
103900171,7,91,-84
103900172,8,50,-42
103900173,3,16,-13
103900174,87,48,39
103900175,48,49,-1
103900176,20,35,-15
103900177,8,51,-43
103900178,59,123,-64
103900179,20,387,-367
103900180,19,216,-197
103900181,89,80,9
103900182,29,26,3
103900184,794,70,724
103900185,565,190,375
103900187,144,59,85
103900188,57,29,28
103900189,91,7,84
103900190,77,88,-11
103900191,21,32,-11
103900192,16,69,-53
103900193,153,142,11
103900194,123,304,-181
103900195,5,41,-36
103900196,22,30,-8
103900197,4,21,-17
103900198,8,70,-62
103900199,174,73,101
103900200,127,168,-41
103900201,79,224,-145
103900202,4,44,-40
103900203,35,31,4
103900204,0,117,-117
103900207,2,149,-147
103900208,81,2,79
103900209,3,114,-111
103900210,89,11,78
103900211,404,817,-413
103900212,92,498,-406
103900213,411,319,92
103900214,889,182,707
103900215,945,331,614
103900216,12,512,-500
103900217,404,105,299
103900218,3,500,-497
103900219,192,476,-284
103900233,68,2,66
103900235,96,26,70
103900236,46,0,46
103900242,3,38,-35
103900243,20,28,-8
103900244,73,589,-516
103900245,177,295,-118
103900246,94,39,55
103900247,75,123,-48
103900248,19,38,-19
103900249,45,47,-2
103900250,69,41,28
103900251,0,35,-35
103900253,101,105,-4
103900254,23,45,-22
103900255,63,37,26
103900256,113,55,58
103900257,274,279,-5
103900258,128,5,123
103900259,134,6,128
103900261,12,2,10
103900262,45,11,34
103900263,77,139,-62
103900264,91,45,46
103900265,96,23,73
103900266,1,77,-76
103900267,19,67,-48
103900268,8,129,-121
103900269,120,37,83
103900270,54,169,-115
103900271,15,203,-188
103900272,72,97,-25
103900273,29,113,-84
103900274,59,9,50
103900275,37,9,28
103900276,4,173,-169
103900277,4,167,-163
103900278,12,98,-86
103900279,0,28,-28
103900280,6,262,-256
104000001,2680,2919,-239
104000002,2242,4385,-2143
104000003,2820,3317,-497
104000004,3958,4124,-166
104000005,1731,2749,-1018
104000006,3388,4638,-1250
104000007,5407,5616,-209
104000008,504,637,-133
104000009,175,140,35
104000010,195,290,-95
104000011,1078,438,640
104000012,182,630,-448
104000013,238,178,60
104000014,282,1031,-749
104000015,273,250,23
104000016,690,590,100
104000018,781,175,606
104000019,581,197,384
104000020,205,864,-659
104000021,440,747,-307
104000022,164,348,-184
104000023,492,439,53
104000024,332,535,-203
104000026,51,439,-388
104000027,526,636,-110
104000028,418,366,52
104000029,580,823,-243
104000030,288,325,-37
104000031,938,405,533
104000032,225,538,-313
104000033,578,511,67
104000034,295,481,-186
104000035,703,478,225
104000036,697,648,49
104000037,286,366,-80
104000038,368,427,-59
104000039,183,402,-219
104000040,566,544,22
104000041,523,409,114
104000042,305,537,-232
104000043,394,546,-152
104000044,282,985,-703
104000045,1497,1614,-117
104000046,1877,2179,-302
104000047,917,1711,-794
104000048,1440,2385,-945
104000049,626,489,137
104000050,171,922,-751
104000051,149,954,-805
104000052,1436,2043,-607
104000053,910,951,-41
104000054,669,707,-38
104000055,5826,3555,2271
104000056,1975,301,1674
104000057,202,494,-292
104000058,733,1067,-334
104000059,667,1855,-1188
104000060,1160,1537,-377
104000061,1907,1634,273
104000062,313,263,50
104000064,861,512,349
104000065,279,503,-224
104000069,2469,1272,1197
104000070,88,459,-371
104000071,166,503,-337
104000072,584,429,155
104000075,72,454,-382
104000076,690,72,618
104000082,3093,3641,-548
104000083,879,268,611
104000084,149,601,-452
104000085,406,309,97
104000086,160,514,-354
104000087,462,1598,-1136
104000090,802,2262,-1460
104000092,939,4133,-3194
104000094,1190,2730,-1540
104000095,2198,2000,198
104000096,1528,686,842
104000097,1782,1464,318
104000098,1758,1787,-29
104000100,1702,809,893
104000101,1449,4141,-2692
104000106,139,684,-545
104000107,738,702,36
104000108,421,781,-360
104000109,371,84,287
104000110,1055,1232,-177
104000111,6450,2653,3797
104000112,2717,725,1992
104000116,8,1910,-1902
104000117,107,1477,-1370
104000118,403,398,5
104000119,424,340,84
104000120,184,1484,-1300
104000121,222,1006,-784
104000122,613,947,-334
104000123,1628,1593,35
104000124,1599,3832,-2233
104000125,6989,4248,2741
104000126,282,533,-251
104000127,2070,4523,-2453
104000128,1039,499,540
104000129,667,50,617
104000130,21,412,-391
104000131,2369,716,1653
104000132,1474,880,594
104000133,1314,1195,119
104000134,961,2207,-1246
104000135,433,1698,-1265
104000136,834,3702,-2868
104000137,1449,401,1048
104000138,1401,782,619
104000139,9388,3969,5419
104000141,1124,2283,-1159
104000142,803,1161,-358
104000143,674,918,-244
104000144,122,281,-159
104000145,583,324,259
104000146,509,1008,-499
104000147,125,477,-352
104000148,252,178,74
104000149,140,477,-337
104000150,807,552,255
104000151,435,614,-179
104000152,627,816,-189
104000153,488,657,-169
104000154,1424,804,620
104000155,340,468,-128
104000157,1224,2292,-1068
104000158,407,456,-49
104000159,944,533,411
104000160,1823,2223,-400
104000161,328,256,72
104000162,28,142,-114
104000165,1900,1406,494
104000167,555,938,-383
104000168,821,9,812
104000169,110,63,47
104000170,628,570,58
104000248,360,1325,-965
104000251,102,325,-223
104000272,0,0,0
104000273,0,0,0
104000274,0,0,0
104000275,0,0,0
104000279,754,534,220
104000290,81,470,-389
104000291,1085,1937,-852
104000293,1246,827,419
104000294,18,0,18
104000295,781,1165,-384
104000296,417,1465,-1048
104000297,1214,2195,-981
104000298,2649,1560,1089
104000299,1089,2387,-1298
104900001,180,557,-377
104900002,23,158,-135
104900003,38,436,-398
104900004,72,467,-395
104900005,239,219,20
104900006,204,141,63
104900007,293,298,-5
104900009,156,462,-306
104900010,18,41,-23
104900011,24,3,21
104900012,201,20,181
104900013,147,13,134
104900014,4569,427,4142
104900015,189,5,184
104900016,182,333,-151
104900017,151,214,-63
104900018,5,225,-220
104900019,640,2551,-1911
104900020,64,341,-277
104900021,6,347,-341
104900022,17,189,-172
104900023,1,146,-145
104900024,31,173,-142
104900025,82,568,-486
104900026,3,156,-153
104900027,434,314,120
104900028,20,151,-131
104900029,34,125,-91
104900030,503,255,248
104900031,160,337,-177
104900032,23,190,-167
104900033,139,274,-135
104900034,357,165,192
104900035,211,179,32
104900036,148,92,56
104900037,109,437,-328
104900038,701,602,99
104900039,823,194,629
104900040,297,138,159
104900041,217,229,-12
104900042,118,533,-415
104900043,10,51,-41
104900044,410,294,116
104900045,448,77,371
104900046,93,157,-64
104900047,218,233,-15
104900048,212,112,100
104900049,11,11,0
104900050,166,86,80
104900051,270,58,212
104900052,39,1,38
104900053,427,82,345
104900054,85,104,-19
104900055,32,0,32
104900056,138,12,126
104900057,18,0,18
104900058,1116,141,975
104900059,128,34,94
104900060,1,421,-420
104900061,377,850,-473
104900063,0,180,-180
104900064,0,142,-142
104900065,1,184,-183
104900066,2,258,-256
104900067,1,325,-324
104900068,10,295,-285
104900070,174,325,-151
104900071,3,1062,-1059
104900072,57,271,-214
104900073,41,358,-317
104900074,38,252,-214
104900075,42,115,-73
104900076,81,417,-336
104900077,1830,133,1697
104900078,172,803,-631
104900079,181,425,-244
104900080,79,612,-533
104900082,5,472,-467
104900085,5,308,-303
104900087,447,9,438
104900089,99,0,99
104900090,752,644,108
104900091,463,1018,-555
104900093,231,727,-496
104900097,4251,1769,2482
104900098,44,58,-14
104900099,280,532,-252
104900100,1109,282,827
104900102,33,331,-298
104900103,447,152,295
104900104,4183,1679,2504
104900106,39,188,-149
104900107,86,418,-332
104900108,21,441,-420
104900109,87,543,-456
104900110,2,57,-55
104900111,145,117,28
104900112,269,1228,-959
104900113,561,586,-25
104900114,216,771,-555
104900115,631,760,-129
104900116,210,313,-103
104900118,13,88,-75
104900119,3,37,-34
104900120,112,86,26
104900121,1,144,-143
104900122,2,120,-118
104900123,15,6,9
104900124,28,0,28
104900125,580,4,576
104900126,90,72,18
104900127,41,85,-44
104900128,101,178,-77
104900129,3682,2275,1407
105000001,3217,2241,976
105000002,3643,2333,1310
105000003,5238,4925,313
105000004,646,1863,-1217
105000005,790,1697,-907
105000006,1716,2563,-847
105000007,1499,1953,-454
105000008,2258,3501,-1243
105000009,1904,3419,-1515
105000010,4564,3885,679
105000011,2113,2873,-760
105000012,4912,3957,955
105000013,1002,1375,-373
105000014,1471,2588,-1117
105000015,7805,9106,-1301
105000016,5776,2771,3005
105000017,3152,1340,1812
105000018,2207,1557,650
105000019,2639,1504,1135
105000020,535,543,-8
105000021,605,218,387
105000022,326,53,273
105000023,437,273,164
105000028,66,235,-169
105000029,351,1145,-794
105000030,5276,4971,305
105000033,1420,2852,-1432
105000034,225,640,-415
105000037,693,655,38
105000038,1516,1565,-49
105000039,3008,2020,988
105000040,643,895,-252
105000041,417,1383,-966
105000042,1987,1384,603
105000043,1881,2293,-412
105000044,331,411,-80
105000045,347,1019,-672
105000046,799,494,305
105000047,455,1715,-1260
105000048,788,310,478
105000049,339,1151,-812
105000050,620,498,122
105000051,354,1007,-653
105000052,553,1136,-583
105000053,178,322,-144
105000054,325,1107,-782
105000055,922,476,446
105000056,939,3421,-2482
105000057,1179,1210,-31
105000058,2104,1978,126
105000059,723,775,-52
105000060,879,1051,-172
105000061,507,673,-166
105000062,1328,1791,-463
105000063,583,1050,-467
105000064,1556,825,731
105000065,692,1451,-759
105000066,1688,2854,-1166
105000067,1744,756,988
105000068,1280,1251,29
105000069,5508,1306,4202
105000070,1458,957,501
105000071,1000,1059,-59
105000072,1599,2560,-961
105000073,1275,853,422
105000074,1579,1167,412
105000075,1256,1056,200
105000076,2167,1374,793
105000077,2963,1107,1856
105000078,2554,1618,936
105000079,3230,2351,879
105000080,2619,1090,1529
105000081,3447,1089,2358
105000082,1938,793,1145
105000083,2763,1178,1585
105000084,1364,1442,-78
105000085,1798,1371,427
105000086,690,1410,-720
105000087,3737,2457,1280
105000088,1924,2042,-118
105000089,3095,2605,490
105000090,1317,1019,298
105000091,1958,2150,-192
105000092,1325,1364,-39
105000093,512,254,258
105000094,367,323,44
105000095,116,463,-347
105000096,1669,1003,666
105000097,1794,1105,689
105000098,1213,664,549
105000099,2450,1260,1190
105000100,1011,1697,-686
105000101,2218,2659,-441
105000102,1841,2147,-306
105000103,1851,3044,-1193
105000104,2153,1545,608
105000105,1235,3008,-1773
105000106,1574,2148,-574
105000107,1094,1432,-338
105000108,1175,2855,-1680
105000109,1470,2329,-859
105000110,599,1537,-938
105000111,626,832,-206
105000112,1434,1307,127
105000113,480,779,-299
105000114,6420,1624,4796
105000115,521,1147,-626
105000116,799,621,178
105000117,1072,2008,-936
105000118,326,423,-97
105000119,609,1827,-1218
105000120,978,744,234
105000121,971,1877,-906
105000122,395,698,-303
105000123,1563,2070,-507
105000124,1934,1109,825
105000125,1033,2863,-1830
105000126,2368,2921,-553
105000127,2681,2640,41
105000128,660,1866,-1206
105000129,1370,444,926
105000130,254,2241,-1987
105000131,906,686,220
105000132,872,662,210
105000133,551,1570,-1019
105000134,847,723,124
105000135,573,915,-342
105000136,190,577,-387
105000137,354,261,93
105000138,234,588,-354
105000139,1264,1376,-112
105000140,259,616,-357
105000141,208,904,-696
105000142,141,639,-498
105000143,320,1051,-731
105000144,410,1093,-683
105000145,679,663,16
105000146,784,1198,-414
105000147,643,515,128
105000148,1389,900,489
105000149,2118,2202,-84
105000150,2443,1912,531
105000151,568,412,156
105000152,213,1045,-832
105000153,805,540,265
105000154,1242,1435,-193
105000155,448,703,-255
105000156,1070,1353,-283
105000157,1031,2880,-1849
105000158,2413,1009,1404
105000159,298,1777,-1479
105000160,2176,793,1383
105000161,985,2314,-1329
105000162,917,2042,-1125
105000163,2855,1605,1250
105000164,203,424,-221
105000165,3282,6271,-2989
105000166,10145,454,9691
105000167,4631,1897,2734
105000168,254,1296,-1042
105000169,437,415,22
105000170,150,2042,-1892
105000171,1190,471,719
105000172,165,55,110
105000173,108,28,80
105000174,61,49,12
105000175,50,192,-142
105000176,246,98,148
105000177,334,165,169
105000178,128,993,-865
105000179,238,122,116
105000180,78,146,-68
105000181,59,598,-539
105000182,31,60,-29
105000183,3452,2417,1035
105000184,904,809,95
105000185,1121,782,339
105000186,394,868,-474
105000187,739,274,465
105000188,488,101,387
105000189,318,569,-251
105000190,448,405,43
105000191,431,332,99
105000192,346,102,244
105000193,230,160,70
105000194,264,79,185
105000195,332,1380,-1048
105000196,26,157,-131
105000197,254,926,-672
105000198,709,374,335
105000199,569,575,-6
105000200,297,192,105
105000201,198,31,167
105000203,25,510,-485
105000204,57,117,-60
105000205,78,341,-263
105000207,515,208,307
105000208,289,440,-151
105000209,278,345,-67
105000212,1341,2157,-816
105000213,232,235,-3
105000214,85,332,-247
105000215,202,333,-131
105000216,133,290,-157
105000217,173,306,-133
105000218,845,1423,-578
105000221,277,409,-132
105000222,318,45,273
105000223,171,204,-33
105000226,60,477,-417
105000227,30,262,-232
105000228,341,1268,-927
105000229,176,359,-183
105000231,283,371,-88
105000233,647,585,62
105000234,625,1599,-974
105000235,494,723,-229
105000237,914,104,810
105000243,40,62,-22
105000248,144,55,89
105000262,230,2267,-2037
105000269,108,206,-98
105000270,335,109,226
105000271,3,324,-321
105000282,330,86,244
105000287,278,198,80
105000288,336,707,-371
105000289,4120,1379,2741
105000290,10,9,1
105000402,5646,2662,2984
105000426,707,704,3
105000438,3238,935,2303
105000446,17373,6750,10623
105000447,9093,3957,5136
105000454,331,1219,-888
105000455,313,312,1
105000474,16,1,15
105000477,368,483,-115
105000478,1883,3062,-1179
105000479,345,149,196
105000480,5019,3163,1856
105000481,3548,2791,757
105000482,7449,5175,2274
105000483,1701,1790,-89
105000484,3799,3481,318
105000485,1842,2179,-337
105000486,6069,3602,2467
105000488,7423,5653,1770
105000489,1183,1100,83
105000549,61,258,-197
105000550,946,1616,-670
105000551,96,145,-49
105000552,5428,2801,2627
105000555,1466,828,638
105000556,24,23,1
105000557,4,80,-76
105900001,4,1010,-1006
105900002,2228,547,1681
105900003,13,115,-102
105900004,360,152,208
105900005,1,255,-254
105900006,2,61,-59
105900007,47,17,30
105900008,77,1084,-1007
105900009,16,19,-3
105900011,96,66,30
105900012,351,124,227
105900013,2,24,-22
105900014,5,57,-52
105900015,120,465,-345
105900016,167,681,-514
105900017,690,46,644
105900018,203,569,-366
105900019,50,280,-230
105900020,62,85,-23
105900021,43,152,-109
105900022,229,443,-214
105900023,7,81,-74
105900024,7,106,-99
105900025,135,44,91
105900026,502,103,399
105900027,4462,3947,515
105900028,237,90,147
105900029,2541,425,2116
105900030,302,299,3
105900031,439,196,243
105900032,74,118,-44
105900033,224,138,86
105900034,187,257,-70
105900035,152,214,-62
105900036,58,208,-150
105900037,80,90,-10
105900038,148,497,-349
105900039,76,232,-156
105900040,119,90,29
105900041,179,662,-483
105900042,91,138,-47
105900043,3406,61,3345
105900044,2,284,-282
105900045,3,944,-941
105900046,0,289,-289
105900047,13,66,-53
105900048,95,622,-527
105900050,2464,555,1909
105900051,5,1333,-1328
105900052,469,98,371
105900053,4800,2299,2501
105900054,312,286,26
105900056,926,229,697
105900057,9,126,-117
105900058,15,53,-38
105900059,0,37,-37
106000001,4123,2313,1810
106000002,2921,6256,-3335
106000003,3686,4345,-659
106000004,3339,4175,-836
106000005,2751,6438,-3687
106000006,7644,7316,328
106000007,481,647,-166
106000008,429,392,37
106000009,572,479,93
106000010,677,704,-27
106000011,906,1155,-249
106000012,951,2141,-1190
106000013,1867,2103,-236
106000014,2391,2596,-205
106000015,1391,1360,31
106000016,1413,3253,-1840
106000017,701,973,-272
106000018,807,838,-31
106000019,423,508,-85
106000020,343,655,-312
106000021,326,586,-260
106000022,477,360,117
106000023,615,380,235
106000024,845,1104,-259
106000025,156,275,-119
106000026,170,440,-270
106000027,1028,1612,-584
106000028,640,912,-272
106000029,1043,1727,-684
106000030,919,427,492
106000034,185,772,-587
106000035,1169,1762,-593
106000036,292,381,-89
106000037,2354,2191,163
106000038,440,125,315
106000039,233,105,128
106000040,184,977,-793
106000041,1010,411,599
106000043,803,168,635
106000046,397,51,346
106000047,70,494,-424
106000049,949,201,748
106000050,528,1232,-704
106000051,822,448,374
106000052,100,916,-816
106000053,172,160,12
106000054,379,632,-253
106000055,1006,1490,-484
106000056,321,605,-284
106000057,209,396,-187
106000058,139,281,-142
106000059,274,358,-84
106000060,619,831,-212
106000061,194,655,-461
106000062,125,787,-662
106000063,517,776,-259
106000064,23,524,-501
106000065,312,303,9
106000066,151,571,-420
106000067,345,136,209
106000068,40,834,-794
106000069,231,154,77
106000070,408,1076,-668
106000071,968,397,571
106000072,6471,2145,4326
106000073,2208,3422,-1214
106000074,609,964,-355
106000075,459,1542,-1083
106000076,1710,2276,-566
106000077,4567,1724,2843
106000078,925,1141,-216
106000079,619,1218,-599
106000080,1167,1027,140
106000081,581,1390,-809
106000082,2608,1175,1433
106000083,339,1613,-1274
106000084,1263,931,332
106000085,1818,1534,284
106000086,717,909,-192
106000087,998,796,202
106000088,369,896,-527
106000089,1114,608,506
106000090,293,600,-307
106000091,354,1062,-708
106000092,769,301,468
106000093,298,121,177
106000094,99,505,-406
106000095,520,1490,-970
106000096,988,846,142
106000097,819,1699,-880
106000098,734,1294,-560
106000099,229,985,-756
106000100,927,318,609
106000101,895,278,617
106000102,136,691,-555
106000103,287,790,-503
106000104,928,585,343
106000105,385,1113,-728
106000106,547,619,-72
106000107,141,692,-551
106000108,291,428,-137
106000109,131,575,-444
106000110,172,278,-106
106000111,144,767,-623
106000112,169,556,-387
106000113,1503,927,576
106000114,538,605,-67
106000115,269,955,-686
106000116,215,324,-109
106000117,938,1015,-77
106000118,1296,1548,-252
106000119,2710,1633,1077
106000120,840,1165,-325
106000121,240,245,-5
106000122,115,409,-294
106000123,263,395,-132
106000124,43,428,-385
106000125,42,442,-400
106000126,172,254,-82
106000127,853,1200,-347
106000128,750,409,341
106000129,543,823,-280
106000130,763,581,182
106000131,216,1165,-949
106000132,1373,214,1159
106000133,5071,1552,3519
106000134,981,1524,-543
106000135,318,1218,-900
106000136,665,876,-211
106000137,113,1951,-1838
106000138,1119,103,1016
106000139,46,175,-129
106000140,46,150,-104
106000141,98,163,-65
106000142,89,81,8
106000143,26,127,-101
106000144,40,71,-31
106000145,195,431,-236
106000146,271,226,45
106000147,506,741,-235
106000148,825,1093,-268
106000149,470,544,-74
106000150,716,2688,-1972
106000151,6322,869,5453
106000152,1695,2434,-739
106000153,103,1977,-1874
106000154,1894,395,1499
106000155,72,328,-256
106000156,684,414,270
106000157,747,2487,-1740
106000158,4170,992,3178
106000159,6228,1871,4357
106000160,423,3581,-3158
106000161,1738,612,1126
106000162,206,980,-774
106000163,274,719,-445
106000164,317,455,-138
106000165,196,998,-802
106000166,1431,361,1070
106000167,561,1722,-1161
106000168,374,283,91
106000169,189,944,-755
106000170,737,258,479
106000171,145,1275,-1130
106000172,3802,1119,2683
106000173,1198,3691,-2493
106000174,1112,397,715
106000175,386,1254,-868
106000176,1562,844,718
106000177,864,2898,-2034
106000178,3395,2000,1395
106000179,1273,2885,-1612
106000180,1013,1942,-929
106000181,560,2204,-1644
106000182,776,1012,-236
106000183,756,1256,-500
106000184,1075,1252,-177
106000185,645,949,-304
106000186,1192,167,1025
106000187,291,1145,-854
106000188,0,0,0
106000189,7,54,-47
106000190,6,0,6
106000191,609,210,399
106000192,0,32,-32
106000193,414,181,233
106000194,207,346,-139
106000195,281,70,211
106000196,123,389,-266
106000197,292,387,-95
106000198,108,332,-224
106000199,1026,704,322
106000200,613,204,409
106000201,638,2423,-1785
106000202,9287,838,8449
106000203,248,298,-50
106000204,78,5,73
106000205,37,188,-151
106000206,97,28,69
106000207,71,1008,-937
106000208,1019,137,882
106000209,1187,354,833
106000210,263,1684,-1421
106000211,419,1794,-1375
106000212,952,291,661
106000213,819,1771,-952
106000214,2770,663,2107
106000215,347,739,-392
106000216,385,492,-107
106000217,404,752,-348
106000218,599,464,135
106000219,187,473,-286
106000220,391,361,30
106000221,109,342,-233
106000222,60,165,-105
106000223,155,202,-47
106000224,248,361,-113
106000225,146,105,41
106000226,228,374,-146
106000228,38,179,-141
106000229,110,996,-886
106000231,663,242,421
106000232,89,530,-441
106000233,554,231,323
106000234,85,234,-149
106000235,280,144,136
106000236,110,55,55
106000237,3,13,-10
106000238,50,23,27
106000239,2,108,-106
106000240,68,2,66
106000241,11,932,-921
106000242,242,34,208
106000249,80,102,-22
106000250,78,655,-577
106000251,85,50,35
106000252,7,76,-69
106000253,17,82,-65
106000254,45,74,-29
106000255,17,176,-159
106000256,102,94,8
106000257,165,304,-139
106000258,161,45,116
106000259,0,37,-37
106000260,23,11,12
106000261,7,53,-46
106000262,58,16,42
106000263,9,90,-81
106000264,164,28,136
106000265,18,153,-135
106000266,221,30,191
106000267,8,110,-102
106000268,589,28,561
106000269,61,67,-6
106000270,319,474,-155
106000271,77,229,-152
106000272,105,82,23
106000273,26,281,-255
106000274,242,39,203
106000275,197,223,-26
106000276,144,63,81
106000277,166,193,-27
106000278,192,33,159
106000279,12,92,-80
106000280,48,271,-223
106000281,93,140,-47
106000282,57,93,-36
106000283,72,169,-97
106000284,41,140,-99
106000285,107,217,-110
106000286,97,198,-101
106000287,100,158,-58
106000288,102,191,-89
106000289,63,141,-78
106000290,98,130,-32
106000291,101,136,-35
106000292,106,167,-61
106000293,152,108,44
106000294,156,157,-1
106000295,38,44,-6
106000296,54,129,-75
106000297,80,328,-248
106000298,229,70,159
106000299,73,207,-134
106000300,70,120,-50
106000301,90,134,-44
106000303,14,95,-81
106000304,43,45,-2
106000305,22,30,-8
106000306,37,105,-68
106000307,25,8,17
106000308,21,228,-207
106000309,7,99,-92
106000310,289,867,-578
106000311,291,182,109
106000312,85,271,-186
106000313,183,270,-87
106000318,214,318,-104
106000319,957,149,808
106000320,1,43,-42
106000321,521,71,450
106000322,93,239,-146
106000324,4,191,-187
106000325,1660,1049,611
106000326,1074,2607,-1533
106000327,87,172,-85
106000328,13,112,-99
106000329,149,385,-236
106000330,26,42,-16
106000428,58,275,-217
106000429,227,778,-551
106000430,444,1920,-1476
106000431,1728,560,1168
106000432,2449,4360,-1911
106000433,2403,1461,942
106000434,3313,1357,1956
106000435,2587,3950,-1363
106000436,19,397,-378
106000437,346,24,322
106000438,443,149,294
106000439,37,594,-557
106000440,257,659,-402
106000441,0,1,-1
106000442,353,11,342
106000443,91,626,-535
106000450,3,238,-235
106000451,52,28,24
106000454,8,161,-153
106000455,15,191,-176
106000456,233,35,198
106000457,16,1272,-1256
106000458,431,278,153
106000459,148,505,-357
106000460,839,51,788
106000461,91,1969,-1878
106000462,0,27,-27
106000463,2,45,-43
106000464,3,608,-605
106000465,296,0,296
106000466,2,819,-817
106000467,662,657,5
106000468,59,241,-182
106000469,384,2,382
106000470,294,2058,-1764
106000471,50,911,-861
106000472,179,9,170
106000473,13,30,-17
106000474,389,1024,-635
106000475,285,223,62
106000476,244,193,51
106000477,32,207,-175
106000480,0,239,-239
106900001,0,14,-14
106900002,3,729,-726
106900003,322,959,-637
106900004,2,90,-88
106900006,1,20,-19
106900007,1,35,-34
106900008,244,318,-74
106900009,261,587,-326
106900010,227,389,-162
106900012,3078,1991,1087
106900013,546,93,453
106900014,42,5,37
106900015,12,0,12
106900016,286,7,279
106900017,3,0,3
106900018,6,0,6
106900019,20,6,14
106900020,3491,1397,2094
106900021,127,96,31
106900022,432,3,429
106900023,48,250,-202
106900024,430,54,376
106900025,45,831,-786
106900026,5,1081,-1076
106900027,578,0,578
107000001,3288,2485,803
107000002,4590,5959,-1369
107000003,4683,6179,-1496
107000004,6207,7332,-1125
107000005,2868,5069,-2201
107000006,4879,8363,-3484
107000007,4399,9346,-4947
107000008,16535,13161,3374
107000009,5240,6541,-1301
107000010,12537,14473,-1936
107000011,1115,1529,-414
107000012,5122,5051,71
107000013,45,141,-96
107000014,48,286,-238
107000015,529,997,-468
107000016,614,1434,-820
107000017,3254,1021,2233
107000018,13,275,-262
107000020,1745,437,1308
107000021,1121,905,216
107000022,903,1099,-196
107000023,1751,444,1307
107000024,486,1832,-1346
107000025,232,458,-226
107000026,244,753,-509
107000027,1294,1435,-141
107000028,1226,2235,-1009
107000029,2328,2330,-2
107000030,3189,3949,-760
107000031,3468,2421,1047
107000032,457,1166,-709
107000033,5002,5652,-650
107000034,5941,2850,3091
107000035,418,239,179
107000036,566,1817,-1251
107000037,88,888,-800
107000038,366,309,57
107000039,1071,830,241
107000040,184,328,-144
107000041,2007,777,1230
107000042,918,2168,-1250
107000043,3762,1121,2641
107000044,919,361,558
107000045,174,301,-127
107000046,768,430,338
107000047,520,946,-426
107000048,765,363,402
107000049,536,873,-337
107000050,1029,640,389
107000051,779,489,290
107000052,1610,1075,535
107000053,509,292,217
107000054,82,427,-345
107000055,329,215,114
107000056,587,1006,-419
107000057,2886,267,2619
107000058,2263,2650,-387
107000059,3029,4625,-1596
107000060,3942,5961,-2019
107000061,7480,5257,2223
107000062,3695,3279,416
107000063,4878,8121,-3243
107000064,3826,2226,1600
107000065,4652,7287,-2635
107000066,1540,2453,-913
107000067,930,1198,-268
107000068,1626,744,882
107000069,1122,663,459
107000070,817,10,807
107000071,2274,52,2222
107000072,44,4527,-4483
107000073,490,269,221
107000074,147,1247,-1100
107000075,1258,477,781
107000076,1000,1966,-966
107000077,3202,1179,2023
107000078,2647,4054,-1407
107000079,2239,755,1484
107000080,1358,4102,-2744
107000081,1083,611,472
107000082,526,2963,-2437
107000083,1154,383,771
107000084,512,2842,-2330
107000085,3175,3847,-672
107000086,4190,4423,-233
107000087,3757,2457,1300
107000088,4114,4991,-877
107000089,1583,2434,-851
107000090,1296,1823,-527
107000091,1192,1083,109
107000092,859,1840,-981
107000093,1277,998,279
107000094,1717,1980,-263
107000095,726,1062,-336
107000096,727,1375,-648
107000097,633,443,190
107000098,517,1192,-675
107000099,471,387,84
107000100,499,524,-25
107000101,97,271,-174
107000102,646,660,-14
107000103,444,219,225
107000104,254,739,-485
107000105,501,147,354
107000106,301,590,-289
107000107,526,207,319
107000108,266,1152,-886
107000109,646,212,434
107000110,113,781,-668
107000111,305,50,255
107000112,58,582,-524
107000113,447,151,296
107000114,98,1190,-1092
107000115,444,134,310
107000116,87,1402,-1315
107000117,95,491,-396
107000118,146,385,-239
107000119,2557,1504,1053
107000120,4432,533,3899
107000121,621,850,-229
107000122,1150,1052,98
107000123,346,1090,-744
107000124,509,1131,-622
107000125,640,1225,-585
107000126,774,1149,-375
107000129,261,1382,-1121
107000130,432,286,146
107000131,491,1017,-526
107000132,521,396,125
107000133,720,121,599
107000134,311,0,311
107000135,9,282,-273
107000136,809,4,805
107000137,24,462,-438
107000138,346,33,313
107000139,14,423,-409
107000140,1358,77,1281
107000141,160,976,-816
107000142,548,93,455
107000143,60,1189,-1129
107000144,418,487,-69
107000145,176,800,-624
107000146,138,348,-210
107000147,5111,1352,3759
107000150,1041,2299,-1258
107000151,49,84,-35
107000152,781,753,28
107000153,646,530,116
107000154,251,131,120
107000155,500,13,487
107000156,836,20,816
107000157,16,2485,-2469
107000158,563,16,547
107000159,50,1849,-1799
107000160,655,103,552
107000161,78,2136,-2058
107000162,202,302,-100
107000163,91,3,88
107000164,312,0,312
107000165,628,3,625
107000166,39,1802,-1763
107000167,488,323,165
107000168,791,345,446
107000169,1241,1069,172
107000170,1479,753,726
107000171,513,2823,-2310
107000172,873,1046,-173
107000173,639,1706,-1067
107000174,767,3682,-2915
107000175,11056,2095,8961
107000176,0,0,0
107000177,4,5,-1
107000178,6,46,-40
107000179,240,3306,-3066
107000180,1008,463,545
107000181,348,1892,-1544
107000182,1349,1040,309
107000183,111,1125,-1014
107000184,877,934,-57
107000185,449,1430,-981
107000186,993,376,617
107000187,1172,1660,-488
107000188,568,614,-46
107000189,334,1097,-763
107000190,680,980,-300
107000191,797,1619,-822
107000192,1640,1295,345
107000193,396,466,-70
107000194,1421,1021,400
107000197,687,265,422
107000198,232,968,-736
107000199,816,1126,-310
107000200,1831,815,1016
107000201,474,199,275
107000202,279,618,-339
107000203,1073,573,500
107000204,1644,635,1009
107000205,2070,1076,994
107000206,951,1291,-340
107000207,1036,1447,-411
107000208,1476,451,1025
107000209,2232,1079,1153
107000210,1105,563,542
107000211,13,32,-19
107000212,8,545,-537
107000213,8,58,-50
107000214,30,271,-241
107000215,333,556,-223
107000216,313,570,-257
107000217,83,155,-72
107000219,100,136,-36
107000220,187,378,-191
107000222,312,957,-645
107000224,222,60,162
107000225,184,651,-467
107000226,242,74,168
107000227,88,474,-386
107000228,55,196,-141
107000229,746,219,527
107000230,1520,784,736
107000231,1563,931,632
107000232,140,137,3
107000233,1293,791,502
107000234,2,55,-53
107000235,72,4,68
107000236,15,493,-478
107000237,14,3,11
107000238,11,0,11
107000239,6668,899,5769
107000240,114,1421,-1307
107000243,1,86,-85
107000244,4,53,-49
107000246,9,1369,-1360
107000249,2,1252,-1250
107000251,0,259,-259
107000252,4,1446,-1442
107000255,1120,114,1006
107000257,3,744,-741
107000258,0,242,-242
107000259,1,255,-254
107000260,541,4,537
107000262,14,846,-832
107000263,157,0,157
107000266,22,4,18
107000267,92,205,-113
107000268,144,194,-50
107000269,490,36,454
107000270,0,8,-8
107000271,8,1017,-1009
107000272,12,223,-211
107000273,0,224,-224
107000274,1258,178,1080
107000275,33,613,-580
107000280,487,22,465
107000281,22,1423,-1401
107000282,10,1317,-1307
107000290,4,29,-25
107000291,31,22,9
107000292,3,37,-34
107000293,131,0,131
107000294,0,25,-25
107000295,28,1,27
107000296,0,28,-28
107000444,288,6,282
107000496,1,22,-21
107000497,1517,3484,-1967
107000500,419,403,16
107000501,106,217,-111
107000502,591,449,142
107000505,1070,1099,-29
107000506,2,9,-7
107000508,7,722,-715
107000509,216,887,-671
107000510,17,16,1
107000514,57,328,-271
107000515,10,356,-346
107000516,216,255,-39
107000518,1114,904,210
107000519,4935,1356,3579
107000520,89,30,59
107000521,524,528,-4
107000522,737,1151,-414
107900001,37,201,-164
107900002,29,2,27
107900003,227,10,217
107900004,19,0,19
107900005,651,0,651
107900006,105,2,103
107900007,245,28,217
107900008,39,41,-2
107900009,185,4,181
107900010,28,3,25
107900012,264,25,239
107900013,221,64,157
107900014,9,0,9
107900015,587,6,581
107900016,412,87,325
107900017,13,2,11
107900018,71,83,-12
107900019,11,81,-70
107900020,53,6,47
107900021,47,166,-119
107900023,4,1,3
107900024,0,39,-39
107900025,185,395,-210
107900026,30,133,-103
107900027,39,29,10
107900028,29,90,-61
107900030,194,22,172
107900031,64,269,-205
107900032,6,0,6
107900033,14,4,10
107900034,334,8,326
107900035,715,35,680
107900036,48,4,44
107900037,0,36,-36
107900038,168,175,-7
107900039,19,108,-89
107900040,25,97,-72
107900041,6,0,6
107900043,27,278,-251
107900044,7,7,0
107900045,49,27,22
107900046,130,100,30
107900047,12,71,-59
107900048,110,3,107
107900049,385,813,-428
107900050,113,389,-276
107900051,73,91,-18
107900052,19,9,10
107900053,34,125,-91
107900055,530,235,295
107900056,85,25,60
107900057,0,0,0
107900058,31,945,-914
107900060,10,75,-65
107900061,42,10,32
107900063,106,119,-13
107900064,359,71,288
107900065,116,20,96
107900066,3,8,-5
107900067,0,0,0
107900068,273,207,66
107900069,65,1634,-1569
107900070,50,53,-3
107900071,38,1080,-1042
107900072,70,266,-196
107900073,41,204,-163
107900074,916,191,725
107900076,104,68,36
107900077,44,0,44
107900079,8,12,-4
107900080,198,175,23
107900081,13,106,-93
107900082,34,12,22
107900083,392,127,265
107900084,122,113,9
107900086,39,111,-72
107900087,633,81,552
107900088,17,17,0
107900089,324,941,-617
107900090,472,1709,-1237
107900091,183,530,-347
107900092,0,0,0
107900093,59,83,-24
107900095,3705,1741,1964
107900097,18,51,-33
107900098,39,146,-107
107900100,1106,943,163
107900101,1305,174,1131
107900102,15,4,11
107900103,40,156,-116
107900104,137,4,133
107900105,1,708,-707
107900106,1,1744,-1743
107900107,1160,366,794
107900108,424,106,318
107900109,877,10,867
107900110,27,117,-90
107900111,9,1210,-1201
107900112,137,349,-212
107900113,154,191,-37
107900114,109,256,-147
107900115,4,55,-51
107900116,89,293,-204
107900117,380,465,-85
107900118,74,178,-104
107900119,108,138,-30
107900120,29,25,4
107900121,0,124,-124
107900122,7,36,-29
107900123,0,29,-29
107900124,28,9,19
107900125,37,201,-164
107900126,5,48,-43
107900127,423,195,228
107900128,105,80,25
107900129,38,49,-11
107900130,49,20,29
107900131,530,117,413
107900132,88,541,-453
107900133,0,80,-80
107900134,24,40,-16
107900135,5,195,-190
107900136,35,25,10
107900137,114,92,22
107900138,12,35,-23
107900139,25,34,-9
107900141,41,44,-3
107900142,68,1361,-1293
107900143,40,37,3
107900144,1,186,-185
107900145,14,66,-52
107900146,15,148,-133
107900147,35,25,10
107900148,202,193,9
107900149,2347,250,2097
107900150,106,1141,-1035
107900151,19,107,-88
107900152,4,284,-280
107900153,274,275,-1
107900154,35,17,18
107900155,49,23,26
107900156,5,406,-401
107900157,63,115,-52
107900158,635,12,623
107900159,29,1489,-1460
107900160,81,219,-138
107900161,21,262,-241
107900162,1,97,-96
107900163,56,17,39
107900164,5,42,-37
107900165,30,64,-34
107900166,16,329,-313
107900167,28,12,16
107900168,22,47,-25
107900169,0,188,-188
107900171,9,2354,-2345
107900172,0,402,-402
107900173,6,263,-257
107900174,76,6,70
107900175,20,9,11
107900176,17,57,-40
107900177,0,76,-76
107900178,0,278,-278
107900179,10,161,-151
107900180,1150,368,782
107900181,335,525,-190
107900182,9,2091,-2082
107900183,23,441,-418
107900184,89,215,-126
107900185,106,4,102
107900186,15,47,-32
107900187,0,107,-107
107900188,944,126,818
107900189,16,157,-141
107900190,105,74,31
107900191,48,142,-94
107900193,7,26,-19
107900194,230,8,222
107900195,4869,659,4210
107900196,56,51,5
107900197,975,238,737
107900199,1,1233,-1232
107900201,115,145,-30
107900203,33,109,-76
107900204,215,302,-87
107900206,679,138,541
107900207,0,604,-604
107900208,6,863,-857
107900209,453,135,318
107900210,118,172,-54
107900213,491,466,25
107900214,10,194,-184
107900215,171,309,-138
107900216,151,118,33
107900217,14,102,-88
107900218,15,1635,-1620
107900219,25,117,-92
107900220,188,207,-19
107900221,179,224,-45
107900223,75,666,-591
107900224,211,394,-183
107900225,7,1048,-1041
107900226,120,139,-19
107900227,144,537,-393
107900228,13,114,-101
107900229,0,339,-339
107900230,12,151,-139
107900231,7,276,-269
107900232,58,172,-114
107900233,3,159,-156
107900234,47,211,-164
107900235,12,92,-80
107900236,78,87,-9
107900237,134,476,-342
107900238,24,196,-172
107900239,1683,430,1253
107900240,17,150,-133
107900241,13,90,-77
107900242,14,466,-452
107900243,2,65,-63
107900244,327,1,326
107900245,622,34,588
107900246,78,6,72
107900248,122,593,-471
107900249,534,16,518
107900250,3,609,-606
107900251,64,1577,-1513
107900252,969,8,961
107900253,131,3,128
107900254,43,190,-147
107900255,329,85,244
107900256,739,398,341
107900257,104,55,49
107900258,59,328,-269
107900259,97,1478,-1381
107900261,2,490,-488
107900262,53,183,-130
107900264,183,4,179
107900265,80,255,-175
107900267,132,18,114
107900268,47,12,35
107900269,0,6,-6
107900270,0,0,0
107900271,1,8,-7
107900272,140,5,135
107900273,26,117,-91
107900274,36,0,36
107900275,16,0,16
107900276,0,83,-83
107900277,0,294,-294
107900278,219,386,-167
107900279,156,105,51
107900280,1809,2001,-192
107900281,4864,1819,3045
107900282,103,326,-223
107900283,1725,464,1261
107900284,327,792,-465
107900285,84,171,-87
107900286,151,120,31
107900287,97,181,-84
107900290,0,79,-79
107900291,447,28,419
107900292,91,294,-203
107900293,79,730,-651
107900295,43,163,-120
107900297,1,244,-243
107900298,962,947,15
107900299,4705,2061,2644
107900300,15,114,-99
107900301,454,521,-67
107900302,99,32,67
107900303,100,388,-288
107900304,169,617,-448
107900305,165,6,159
107900306,17,15,2
107900307,30,327,-297
107900308,208,34,174
107900309,152,2,150
107900310,115,0,115
107900311,0,32,-32
107900312,63,0,63
107900313,2,66,-64
107900314,1,51,-50
107900315,1,42,-41
107900316,35,3,32
107900317,123,15,108
107900318,4,182,-178
107900319,2,268,-266
107900320,4,235,-231
107900321,98,3,95
107900322,4,241,-237
107900323,19,198,-179
107900324,154,0,154
107900325,85,0,85
107900326,192,436,-244
107900327,3,30,-27
107900328,118,3,115
107900329,107,45,62
107900330,10,668,-658
107900331,158,41,117
107900332,117,34,83
107900333,37,18,19
107900334,5,320,-315
107900335,55,98,-43
107900336,20,25,-5
107900337,1702,682,1020
107900338,1,130,-129
107900339,0,34,-34
107900340,1,61,-60
107900341,33,0,33
107900342,94,107,-13
107900343,56,3,53
107900344,4,93,-89
107900345,139,36,103
107900346,9,1,8
107900347,35,1,34
107900348,1,2,-1
107900349,21,5,16
107900350,20,275,-255
107900351,1,328,-327
107900352,2,75,-73
107900353,13,8,5
107900354,11,61,-50
108000001,3160,4614,-1454
108000002,3193,4218,-1025
108000003,3859,2832,1027
108000004,19968,20508,-540
108000005,6809,4617,2192
108000006,8984,8845,139
108000007,5101,4428,673
108000008,6897,7968,-1071
108000009,3559,4287,-728
108000010,4234,6385,-2151
108000011,10477,12433,-1956
108000012,21148,21478,-330
108000014,1040,677,363
108000015,615,451,164
108000016,266,752,-486
108000017,873,443,430
108000018,1568,614,954
108000019,1624,830,794
108000020,1448,565,883
108000021,490,2062,-1572
108000022,555,1876,-1321
108000023,1197,197,1000
108000024,191,712,-521
108000025,222,270,-48
108000026,452,635,-183
108000027,623,704,-81
108000028,399,291,108
108000029,358,990,-632
108000030,490,229,261
108000031,298,628,-330
108000032,1336,633,703
108000033,811,1619,-808
108000034,1502,407,1095
108000035,946,3117,-2171
108000036,367,1789,-1422
108000037,1611,366,1245
108000038,2128,495,1633
108000039,458,3225,-2767
108000040,1797,853,944
108000041,621,3463,-2842
108000042,184,253,-69
108000043,140,292,-152
108000044,309,187,122
108000045,300,728,-428
108000046,1092,369,723
108000047,400,1231,-831
108000048,156,424,-268
108000049,429,311,118
108000050,134,701,-567
108000051,247,114,133
108000052,258,861,-603
108000053,287,121,166
108000054,647,1289,-642
108000055,1062,394,668
108000056,1305,1264,41
108000057,746,873,-127
108000058,2225,3393,-1168
108000059,4841,2485,2356
108000060,251,649,-398
108000061,302,508,-206
108000062,556,642,-86
108000063,376,693,-317
108000064,172,268,-96
108000065,728,727,1
108000066,2381,981,1400
108000067,1846,615,1231
108000068,604,381,223
108000069,284,1304,-1020
108000070,1555,806,749
108000071,730,1948,-1218
108000072,1454,1187,267
108000073,1684,2339,-655
108000074,361,439,-78
108000075,280,937,-657
108000076,717,585,132
108000077,791,781,10
108000078,1726,1626,100
108000079,963,2235,-1272
108000080,835,642,193
108000081,495,2975,-2480
108000082,1116,2447,-1331
108000083,1971,915,1056
108000084,416,1619,-1203
108000085,549,422,127
108000086,887,969,-82
108000087,155,1694,-1539
108000088,700,111,589
108000089,552,349,203
108000090,261,86,175
108000091,284,879,-595
108000092,153,134,19
108000093,197,1198,-1001
108000094,761,208,553
108000095,204,697,-493
108000096,292,240,52
108000097,182,793,-611
108000098,1039,1670,-631
108000099,791,258,533
108000100,54,439,-385
108000101,873,1386,-513
108000102,1706,2798,-1092
108000106,720,0,720
108000107,1,658,-657
108000108,809,46,763
108000109,6,919,-913
108000110,139,345,-206
108000111,277,1122,-845
108000112,79,146,-67
108000113,665,313,352
108000115,454,587,-133
108000117,963,434,529
108000118,551,1009,-458
108000119,975,550,425
108000120,137,956,-819
108000121,256,822,-566
108000122,382,510,-128
108000123,451,297,154
108000124,201,761,-560
108000125,212,380,-168
108000126,142,729,-587
108000127,410,381,29
108000128,553,835,-282
108000129,240,1453,-1213
108000130,246,326,-80
108000131,1005,447,558
108000132,2181,1694,487
108000133,743,556,187
108000134,620,653,-33
108000135,914,368,546
108000136,1067,1148,-81
108000137,332,484,-152
108000138,293,1357,-1064
108000139,256,503,-247
108000140,67,20,47
108000141,48,157,-109
108000142,62,194,-132
108000143,39,481,-442
108000144,129,76,53
108000145,41,87,-46
108000146,278,30,248
108000147,28,77,-49
108000148,312,52,260
108000149,31,41,-10
108000150,18,8,10
108000151,283,40,243
108000152,106,783,-677
108000153,386,206,180
108000154,66,37,29
108000155,23,30,-7
108000156,725,463,262
108000157,117,740,-623
108000158,148,638,-490
108000159,973,236,737
108000160,6660,1136,5524
108000161,5827,2122,3705
108000165,2,123,-121
108000172,2,286,-284
108000173,3501,1709,1792
108000175,378,122,256
108000178,389,374,15
108000179,270,741,-471
108000181,87,44,43
108000182,296,55,241
108000183,118,219,-101
108000184,1651,2116,-465
108000185,264,687,-423
108000186,154,394,-240
108000187,102,983,-881
108000188,374,242,132
108000189,2266,3913,-1647
108000190,57,163,-106
108000192,167,698,-531
108000193,1256,46,1210
108000194,46,25,21
108000195,3,1974,-1971
108000196,184,153,31
108000198,849,340,509
108000199,0,185,-185
108000200,191,743,-552
108000203,84,1136,-1052
108000204,80,41,39
108000205,324,613,-289
108000339,1681,376,1305
108000364,205,630,-425
108000365,57,399,-342
108000367,252,347,-95
108000368,3,52,-49
108000369,1373,146,1227
108000371,6,708,-702
108000372,487,8,479
108000373,167,203,-36
108000376,46,27,19
108000377,327,387,-60
108000378,9809,11700,-1891
108000379,26,241,-215
108000381,51,5,46
108000382,159,2,157
108000383,3,146,-143
108900001,110,1372,-1262
108900002,291,68,223
108900003,335,1339,-1004
108900004,2734,395,2339
108900005,41,133,-92
108900006,322,95,227
108900007,142,190,-48
108900008,55,132,-77
108900009,52,122,-70
108900010,138,194,-56
108900011,353,475,-122
108900012,256,460,-204
108900013,112,280,-168
108900014,4,85,-81
108900015,0,9,-9
108900016,2,280,-278
108900017,248,213,35
108900018,71,535,-464
108900019,21,1272,-1251
108900020,33,306,-273
108900021,99,331,-232
108900022,94,8,86
108900023,16,35,-19
108900024,9,117,-108
108900025,73,127,-54
108900026,15,120,-105
108900027,1,104,-103
108900028,57,487,-430
108900029,62,248,-186
108900030,0,142,-142
108900031,50,576,-526
108900032,13,305,-292
108900033,1,75,-74
108900034,0,268,-268
108900035,237,1688,-1451
108900036,84,204,-120
108900037,26,294,-268
108900038,2,490,-488
108900039,3,628,-625
108900040,4,164,-160
108900041,6225,2987,3238
108900042,8,358,-350
108900043,52,503,-451
108900044,2,922,-920
108900045,31,795,-764
108900046,56,1278,-1222
108900047,0,134,-134
108900048,123,1354,-1231
108900049,7252,1003,6249
108900050,1,347,-346
108900051,1,336,-335
108900052,14,301,-287
108900053,107,192,-85
108900054,66,223,-157
108900055,81,526,-445
108900056,0,201,-201
108900057,0,219,-219
108900058,16,493,-477
108900059,289,29,260
108900060,114,157,-43
108900061,78,31,47
108900062,5,363,-358
108900063,8,403,-395
108900064,131,65,66
108900065,17,406,-389
108900066,238,124,114
108900067,14,272,-258
108900068,1,289,-288
108900069,33,107,-74
108900070,23,175,-152
108900071,116,49,67
108900072,2839,369,2470
108900073,29,708,-679
108900074,129,626,-497
108900075,58,61,-3
108900076,252,81,171
108900077,164,860,-696
108900078,22,202,-180
108900079,1029,335,694
108900080,28,714,-686
108900081,55,288,-233
108900082,51,100,-49
108900083,28,232,-204
108900084,181,56,125
108900085,3151,161,2990
108900086,92,423,-331
108900087,96,268,-172
108900088,969,262,707
108900089,14,133,-119
108900090,30,558,-528
108900091,119,139,-20
108900092,371,365,6
108900093,76,89,-13
108900094,224,94,130
108900095,68,802,-734
108900096,461,35,426
108900097,390,183,207
108900098,4046,555,3491
108900099,244,230,14
108900100,64,212,-148
108900101,249,98,151
108900102,143,751,-608
108900103,73,91,-18
108900104,66,216,-150
108900105,7,1077,-1070
108900106,331,501,-170
108900108,325,28,297
108900109,317,60,257
108900110,168,485,-317
108900111,265,773,-508
108900112,59,5,54
108900113,46,55,-9
108900114,39,13,26
108900115,57,70,-13
108900116,29,7,22
108900117,121,23,98
108900118,458,6,452
108900119,169,54,115
108900120,234,229,5
108900121,372,68,304
108900122,81,42,39
108900123,95,78,17
108900124,348,152,196
108900125,281,5,276
108900126,77,19,58
108900127,138,30,108
108900128,80,24,56
108900129,698,93,605
108900130,181,1,180
108900131,300,9,291
108900132,296,86,210
108900133,155,23,132
108900134,211,332,-121
108900135,124,4,120
108900136,11,0,11
108900137,91,1,90
108900138,484,8,476
108900139,194,31,163
108900140,196,290,-94
108900141,252,5,247
108900142,64,4,60
108900143,27,0,27
108900144,67,0,67
108900145,88,6,82
108900146,47,0,47
108900147,145,1,144
108900148,53,30,23
108900149,181,280,-99
108900150,218,14,204
108900151,118,0,118
108900152,77,7,70
108900153,96,527,-431
108900154,4434,444,3990
108900155,170,44,126
108900156,57,10,47
108900157,14,697,-683
108900158,228,34,194
108900159,6,447,-441
108900160,15,315,-300
108900161,3,564,-561
108900162,45,1,44
108900163,8,207,-199
108900164,27,89,-62
108900165,125,30,95
108900167,1235,2203,-968
108900168,12106,2494,9612
108900169,44,150,-106
108900171,8901,2416,6485
108900172,233,65,168
108900173,176,463,-287
108900174,600,725,-125
108900176,119,912,-793
108900177,10645,3732,6913
108900178,6660,2871,3789
108900179,290,681,-391
108900180,191,189,2
108900182,15,153,-138
108900183,207,186,21
108900184,357,127,230
108900185,52,316,-264
108900186,35,376,-341
108900187,107,42,65
108900188,186,14,172
108900189,352,133,219
108900190,35,4403,-4368
108900191,147,11,136
108900192,126,294,-168
108900193,125,22,103
108900194,10,174,-164
108900195,82,390,-308
108900196,21,695,-674
108900198,0,364,-364
108900199,225,297,-72
108900200,688,347,341
108900201,409,1623,-1214
108900203,488,62,426
108900204,314,5,309
108900205,226,27,199
108900206,340,27,313
108900207,221,78,143
108900208,17,488,-471
108900209,252,749,-497
108900210,105,220,-115
108900211,193,415,-222
108900212,829,1066,-237
108900215,118,731,-613
108900216,556,125,431
108900217,82,0,82
108900218,100,17,83
108900219,32,3,29
108900220,12,7,5
108900221,33,129,-96
108900222,72,0,72
108900223,7,25,-18
108900224,27,141,-114
108900225,0,157,-157
108900227,162,205,-43
108900230,604,394,210
108900231,24,139,-115
108900232,0,437,-437
108900233,374,60,314
108900234,215,97,118
108900235,261,768,-507
108900236,16,362,-346
108900237,24,129,-105
108900240,92,74,18
108900241,25,26,-1
108900245,8,1235,-1227
108900249,70,8,62
108900250,206,111,95
108900257,73,275,-202
108900258,5,331,-326
108900259,28,94,-66
108900260,8,107,-99
108900261,154,157,-3
108900262,266,176,90
108900263,72,257,-185
108900264,573,349,224
108900265,1447,314,1133
108900266,1611,408,1203
108900267,2,84,-82
108900268,38,5,33
108900269,53,6,47
108900270,37,4,33
108900271,21,8,13
108900272,181,3,178
108900273,1204,595,609
108900274,32,86,-54
109000001,5693,1402,4291
109000002,3390,2095,1295
109000003,2852,801,2051
109000004,637,3673,-3036
109000005,3171,1161,2010
109000006,1020,3142,-2122
109000007,1479,1043,436
109000008,607,2735,-2128
109000009,3888,1738,2150
109000010,1689,5479,-3790
109000011,3479,2340,1139
109000012,2554,5623,-3069
109000013,3435,3088,347
109000014,1723,4976,-3253
109000015,3692,7120,-3428
109000016,14089,5883,8206
109000017,2177,1671,506
109000018,1249,4794,-3545
109000019,3724,1773,1951
109000020,1813,2959,-1146
109000023,283,38,245
109000024,4,174,-170
109000025,469,545,-76
109000026,1280,410,870
109000027,120,373,-253
109000028,168,99,69
109000029,126,234,-108
109000030,57,701,-644
109000031,263,161,102
109000032,143,618,-475
109000033,538,154,384
109000034,67,38,29
109000035,31,76,-45
109000036,87,403,-316
109000037,219,937,-718
109000038,557,471,86
109000039,805,490,315
109000040,7364,5866,1498
109000041,6306,1515,4791
109000042,1480,1402,78
109000044,417,78,339
109000045,140,578,-438
109000046,291,114,177
109000047,96,469,-373
109000048,1085,133,952
109000049,611,611,0
109000050,361,311,50
109000051,420,315,105
109000052,395,2056,-1661
109000053,127,73,54
109000054,126,913,-787
109000055,235,240,-5
109000056,221,646,-425
109000057,374,302,72
109000058,909,222,687
109000059,831,1053,-222
109000060,526,296,230
109000061,1931,790,1141
109000062,98,241,-143
109000063,249,270,-21
109000064,134,170,-36
109000065,71,414,-343
109000066,267,182,85
109000067,33,393,-360
109000068,1641,29,1612
109000069,898,32,866
109000070,5,1140,-1135
109000071,436,99,337
109000072,73,418,-345
109000073,53,110,-57
109000074,65,257,-192
109000075,111,439,-328
109000076,132,213,-81
109000077,416,340,76
109000078,84,167,-83
109000079,99,282,-183
109000080,154,177,-23
109000081,103,775,-672
109000082,583,284,299
109000083,254,1036,-782
109000088,111,559,-448
109000089,217,43,174
109000090,170,545,-375
109000091,256,141,115
109000092,399,654,-255
109000093,173,186,-13
109000094,317,2,315
109000095,112,612,-500
109000096,484,261,223
109000097,75,173,-98
109000098,52,101,-49
109000099,849,510,339
109000100,204,685,-481
109000101,1009,1141,-132
109000102,292,932,-640
109000103,317,746,-429
109000104,1139,850,289
109000105,472,1564,-1092
109000106,1776,930,846
109000107,605,2317,-1712
109000108,1680,703,977
109000109,409,2318,-1909
109000110,1634,525,1109
109000111,1370,2658,-1288
109000112,413,154,259
109000113,444,254,190
109000114,168,430,-262
109000115,1788,126,1662
109000116,12,267,-255
109000117,105,126,-21
109000118,18,332,-314
109000119,831,606,225
109000120,114,1299,-1185
109000121,251,94,157
109000122,78,1270,-1192
109000123,44,108,-64
109000124,594,434,160
109000125,647,512,135
109000126,368,1110,-742
109000127,667,260,407
109000128,504,2591,-2087
109000129,1473,688,785
109000130,580,3441,-2861
109000131,733,401,332
109000132,722,2528,-1806
109000133,482,1340,-858
109000134,923,1935,-1012
109000135,1218,1599,-381
109000136,295,406,-111
109000137,316,402,-86
109000138,473,437,36
109000139,419,502,-83
109000140,190,607,-417
109000141,316,476,-160
109000142,103,675,-572
109000143,90,100,-10
109000145,91,333,-242
109000146,101,153,-52
109000148,5437,1121,4316
109000149,27,46,-19
109000150,148,212,-64
109000155,496,802,-306
109000156,1690,1063,627
109000158,67,280,-213
109000159,103,793,-690
109000160,1096,243,853
109000161,392,1798,-1406
109000162,1871,993,878
109000163,1020,2485,-1465
109000164,1141,3417,-2276
109000165,975,735,240
109000166,560,147,413
109000167,120,1211,-1091
109000170,48,95,-47
109000171,50,64,-14
109000172,53,109,-56
109000173,34,97,-63
109000174,75,67,8
109000175,38,176,-138
109000176,268,311,-43
109000177,30,147,-117
109000178,572,635,-63
109000179,9643,4144,5499
109000180,6195,3506,2689
109000181,13,69,-56
109000182,41,64,-23
109000183,42,83,-41
109000184,34,20,14
109000185,19,109,-90
109000188,376,3399,-3023
109000189,1555,1069,486
109000190,481,588,-107
109000191,336,696,-360
109000192,285,288,-3
109000193,148,518,-370
109000194,220,134,86
109000195,79,502,-423
109000196,285,154,131
109000197,137,594,-457
109000198,247,86,161
109000199,129,657,-528
109000206,215,41,174
109000207,115,35,80
109000208,100,84,16
109000209,138,143,-5
109000210,229,655,-426
109000211,436,477,-41
109000214,347,605,-258
109000215,169,80,89
109000216,374,176,198
109000217,173,82,91
109000218,196,168,28
109000221,457,1466,-1009
109000222,862,221,641
109000223,224,265,-41
109000224,38,302,-264
109000225,64,40,24
109000226,58,393,-335
109000227,760,1628,-868
109000228,2,400,-398
109000231,2,434,-432
109000232,238,424,-186
109000236,255,947,-692
109000241,2145,2625,-480
109000242,1618,2069,-451
109000293,25,87,-62
109000361,88,324,-236
109000364,142,787,-645
109000396,3,923,-920
109000397,360,4,356
109000399,137,754,-617
109000400,86,339,-253
109000403,55,491,-436
109000406,536,11,525
109000407,253,282,-29
109000408,3,1288,-1285
109000410,1004,270,734
109000411,135,60,75
109900001,121,1,120
109900002,639,5,634
109900003,153,0,153
109900004,726,265,461
109900005,18,4,14
109900006,176,321,-145
109900007,535,975,-440
109900008,0,35,-35
109900009,113,809,-696
109900010,382,21,361
109900011,151,28,123
109900012,211,221,-10
109900013,360,138,222
109900014,352,63,289
109900015,485,184,301
109900016,103,42,61
109900017,138,124,14
109900018,150,69,81
109900019,133,57,76
109900020,19,53,-34
109900021,41,8,33
109900022,86,338,-252
109900023,15,1,14
109900024,6,0,6
109900025,10,80,-70
109900026,0,240,-240
109900027,41,34,7
109900028,3112,709,2403
109900029,4,628,-624
109900030,43,6,37
109900031,0,76,-76
109900032,12,358,-346
109900033,1,697,-696
109900034,30,0,30
109900035,10,9,1
109900036,12,116,-104
109900037,23,745,-722
109900038,34,348,-314
109900039,11,0,11
109900040,28,779,-751
109900041,48,440,-392
109900042,12,402,-390
109900044,114,307,-193
109900045,125,50,75
109900046,19,113,-94
109900047,402,423,-21
109900048,0,91,-91
109900049,4,32,-28
109900050,0,269,-269
109900051,0,47,-47
109900052,53,293,-240
109900053,4,567,-563
109900054,491,201,290
109900055,32,360,-328
109900056,30,165,-135
109900057,3,297,-294
109900058,0,132,-132
109900059,506,146,360
109900060,391,190,201
109900061,121,407,-286
109900062,0,367,-367
109900063,7,464,-457
109900064,446,390,56
109900065,179,158,21
109900066,279,1303,-1024
109900067,0,467,-467
109900068,41,4,37
109900069,1,60,-59
109900070,54,358,-304
109900071,0,45,-45
109900072,24,207,-183
109900073,293,954,-661
109900074,1,37,-36
109900075,27,40,-13
109900076,28,388,-360
109900077,24,50,-26
109900078,72,278,-206
109900080,131,455,-324
109900081,20,118,-98
109900082,50,586,-536
109900083,32,60,-28
109900084,128,212,-84
109900085,215,1283,-1068
109900086,103,309,-206
109900087,317,436,-119
109900089,574,112,462
109900090,529,1627,-1098
109900091,187,86,101
109900092,444,6,438
109900093,602,140,462
109900094,96,136,-40
109900095,127,318,-191
109900096,26,5,21
109900097,71,0,71
109900098,266,27,239
109900099,146,0,146
109900100,23,1,22
109900101,383,10,373
109900102,336,14,322
109900103,22,33,-11
109900104,338,1197,-859
109900105,460,23,437
109900106,386,59,327
109900107,342,73,269
109900108,75,510,-435
109900109,22,177,-155
109900110,68,604,-536
109900111,303,1646,-1343
109900112,393,1217,-824
109900113,612,392,220
109900114,615,249,366
109900115,106,64,42
109900117,685,183,502
109900118,271,558,-287
109900119,689,371,318
109900120,33,27,6
109900121,549,314,235
109900122,386,4,382
109900123,13,155,-142
109900124,33,841,-808
109900125,1,190,-189
109900126,171,206,-35
109900128,204,110,94
109900130,15150,1788,13362
109900131,71,152,-81
109900132,27,201,-174
109900133,44,518,-474
109900134,53,63,-10
109900135,430,84,346
109900136,99,159,-60
109900137,92,509,-417
109900140,240,459,-219
109900142,883,321,562
109900145,4,252,-248
109900146,504,28,476
109900148,34,94,-60
109900149,55,70,-15
109900150,3,91,-88
109900151,4,43,-39
109900152,0,13,-13
109900153,1,50,-49
109900154,57,0,57
109900155,43,15,28
109900157,76,318,-242
109900158,39,140,-101
109900159,170,27,143
109900160,109,66,43
109900161,181,83,98
109900162,168,86,82
109900163,819,477,342
109900164,38,258,-220
109900165,146,3,143
109900166,0,160,-160
109900167,179,635,-456
109900168,174,624,-450
109900169,115,249,-134
109900170,350,958,-608
109900171,161,91,70
109900172,115,193,-78
109900173,5151,2224,2927
109900174,30,156,-126
109900175,42,47,-5
109900176,67,269,-202
109900177,37,411,-374
109900178,6,94,-88
109900179,9,30,-21
109900180,5,13,-8
110000001,1081,760,321
110000002,810,650,160
110000003,1130,775,355
110000004,733,610,123
110000005,846,1600,-754
110000006,839,355,484
110000007,161,182,-21
110000008,15,46,-31
110000009,51,53,-2
110000010,47,70,-23
110000011,41,179,-138
110000012,1023,626,397
110000013,43,508,-465
110000014,767,506,261
110000015,319,591,-272
110000016,324,1194,-870
110000017,4139,285,3854
110000018,4275,494,3781
110000019,7,168,-161
110000020,521,202,319
110000021,1119,478,641
110000022,927,198,729
110000023,8,214,-206
110000024,680,434,246
110000025,161,2,159
110000026,9,665,-656
110000027,952,431,521
110000028,824,707,117
110000029,600,1317,-717
110000030,232,370,-138
110000031,218,804,-586
110000032,834,401,433
110000033,323,47,276
110000034,324,683,-359
110000035,723,1061,-338
110000036,684,626,58
110000037,157,638,-481
110000038,202,629,-427
110000039,735,2319,-1584
110000040,339,451,-112
110000041,201,1291,-1090
110000042,87,220,-133
110000043,489,294,195
110000044,80,37,43
110000045,367,104,263
110000046,8,9,-1
110000047,27,10,17
110000048,8,7,1
110000049,144,4,140
110000050,10,18,-8
110000051,139,16,123
110000052,56,34,22
110000053,244,4,240
110000054,248,267,-19
110000055,542,60,482
110000056,282,85,197
110000057,352,1141,-789
110000058,1093,703,390
110000059,812,588,224
110000060,892,1035,-143
110000061,1055,1002,53
110000062,786,878,-92
110000063,44,94,-50
110000064,118,175,-57
110000065,76,83,-7
110000066,76,33,43
110000067,83,554,-471
110000068,172,747,-575
110000069,138,102,36
110000071,85,137,-52
110000073,2,23,-21
110000075,6,109,-103
110000076,311,276,35
110000077,569,977,-408
110000078,31,32,-1
110000080,282,833,-551
110000081,43,389,-346
110000082,55,506,-451
110000083,260,726,-466
110000084,886,684,202
110000085,2656,1639,1017
110000086,1085,1725,-640
110000087,9,70,-61
110000088,48,320,-272
110000089,178,195,-17
110000090,60,370,-310
110000091,2085,381,1704
110000092,19,125,-106
110000093,48,8,40
110000094,671,273,398
110000095,131,756,-625
110000096,4491,2044,2447
110000097,1051,1220,-169
110000098,2075,621,1454
110000099,992,1871,-879
110000100,632,866,-234
110000101,19,563,-544
110000102,38,47,-9
110000104,258,103,155
110000105,96,319,-223
110000106,620,309,311
110000107,479,493,-14
110000108,168,44,124
110000109,290,386,-96
110000110,4257,4376,-119
110000111,8069,2335,5734
110000112,1344,727,617
110000113,714,1818,-1104
110000114,126,552,-426
110000115,190,377,-187
110000116,43,52,-9
110000117,115,527,-412
110000118,327,340,-13
110000119,149,482,-333
110000120,274,261,13
110000121,119,350,-231
110000122,314,595,-281
110000123,463,486,-23
110000124,4,980,-976
110000125,944,7,937
110000126,255,26,229
110000127,913,40,873
110000128,31,1815,-1784
110000129,7,539,-532
110000130,234,174,60
110000131,92,460,-368
110000132,0,819,-819
110000133,78,398,-320
110000134,8,366,-358
110000135,220,33,187
110000136,69,341,-272
110000137,646,792,-146
110000138,646,1013,-367
110000139,689,1617,-928
110000140,1159,602,557
110000143,798,383,415
110000144,4872,1521,3351
110000145,1262,699,563
110000146,1508,693,815
110000147,355,763,-408
110000148,407,392,15
110000151,1573,572,1001
110000152,1238,440,798
110000153,80,100,-20
110000154,40,27,13
110000155,1888,3193,-1305
110000156,945,2015,-1070
110000157,1164,1768,-604
110000160,293,360,-67
110000161,94,476,-382
110000166,347,104,243
110000167,765,637,128
110000168,804,431,373
110000169,673,348,325
110000170,116,99,17
110000171,702,224,478
110000172,163,1065,-902
110000173,1573,1672,-99
110000174,123,1534,-1411
110000175,383,78,305
110000176,70,301,-231
110000177,160,868,-708
110000178,508,912,-404
110000179,1896,431,1465
110000180,128,402,-274
110000181,293,466,-173
110000182,378,316,62
110000183,15422,6549,8873
110000184,1744,2203,-459
110000185,869,781,88
110000186,740,817,-77
110000191,463,333,130
110000192,319,12,307
110000193,655,2,653
110000194,18,1367,-1349
110000195,381,457,-76
110000196,248,547,-299
110000197,127,227,-100
110000198,160,105,55
110000199,69,107,-38
110000200,1498,582,916
110000201,507,724,-217
110000202,1226,517,709
110000203,766,1070,-304
110000204,2,421,-419
110000205,73,46,27
110000206,780,1860,-1080
110000207,594,298,296
110000208,157,108,49
110000209,128,920,-792
110000210,794,821,-27
110000211,781,1091,-310
110000212,508,1065,-557
110000213,125,75,50
110000214,105,107,-2
110000215,106,676,-570
110000216,61,849,-788
110000217,227,245,-18
110000218,122,676,-554
110000219,187,101,86
110000220,42,479,-437
110000221,244,81,163
110000222,39,338,-299
110000223,6,105,-99
110000224,66,15,51
110000225,189,766,-577
110000226,236,54,182
110000227,712,666,46
110000228,423,318,105
110000229,2,311,-309
110000230,608,675,-67
110000231,151,187,-36
110000232,186,202,-16
110000233,166,381,-215
110000234,511,440,71
110000235,1705,1027,678
110000236,596,1053,-457
110000237,1960,1405,555
110000238,1078,1531,-453
110000239,1934,1329,605
110000240,2,116,-114
110000242,0,18,-18
110000243,64,215,-151
110000244,152,630,-478
110000245,61,697,-636
110000246,652,670,-18
110000247,1389,5512,-4123
110000248,2385,1945,440
110000249,93,12,81
110000250,23,334,-311
110000251,182,738,-556
110000252,155,234,-79
110000253,1111,734,377
110000254,662,1497,-835
110000255,176,1289,-1113
110000256,452,270,182
110000257,714,413,301
110000258,3,625,-622
110000259,53,22,31
110000260,17,507,-490
110000263,597,120,477
110000264,201,676,-475
110000265,983,1749,-766
110000266,1634,2217,-583
110000267,15,264,-249
110000268,288,589,-301
110000269,0,97,-97
110000270,48,4,44
110000271,2895,303,2592
110000272,1053,1032,21
110000273,3056,1431,1625
110000274,274,1239,-965
110000275,3568,489,3079
110000276,188,272,-84
110000277,182,404,-222
110000278,202,989,-787
110000279,677,646,31
110000280,299,373,-74
110000281,18,211,-193
110000282,319,41,278
110000283,46,70,-24
110000284,42,28,14
110000285,5,287,-282
110000286,34,0,34
110000287,57,3,54
110000288,5,99,-94
110000289,531,1644,-1113
110000290,1458,682,776
110000291,7933,1637,6296
110000292,1328,4340,-3012
110000293,523,1061,-538
110000294,636,888,-252
110000295,80,1144,-1064
110000296,247,367,-120
110000297,2686,360,2326
110000298,286,752,-466
110000299,647,64,583
110000301,250,9,241
110000302,313,1580,-1267
110000303,387,8,379
110000304,208,324,-116
110000305,968,32,936
110000306,153,2329,-2176
110000307,1416,8,1408
110000308,495,5,490
110000309,10,1371,-1361
110000310,558,95,463
110000311,24,852,-828
110000312,550,49,501
110000313,3109,3483,-374
110000314,7,386,-379
110000315,3659,2012,1647
110000316,626,1485,-859
110000317,752,243,509
110000318,9,128,-119
110000319,11,19,-8
110000320,35,50,-15
110000321,28,36,-8
110000322,186,468,-282
110000323,249,243,6
110000324,5787,1407,4380
110000325,2724,2850,-126
110000327,514,300,214
110000328,186,596,-410
110000333,862,639,223
110000334,655,1661,-1006
110000335,638,505,133
110000336,674,1293,-619
110000337,1554,586,968
110000338,266,192,74
110000339,202,212,-10
110000340,24,204,-180
110000341,527,597,-70
110000342,508,2,506
110000343,0,7,-7
110000344,53,219,-166
110000345,61,88,-27
110000346,2507,1589,918
110000347,1011,758,253
110000348,22,30,-8
110000349,17,24,-7
110000350,41,7,34
110000351,818,880,-62
110000352,482,1913,-1431
110000353,4062,767,3295
110000354,1250,2818,-1568
110000355,89,97,-8
110000356,896,7,889
110000357,277,9,268
110000361,14,124,-110
110000362,40,80,-40
110000363,303,111,192
110000364,93,529,-436
110000365,168,0,168
110000366,2,105,-103
110000367,281,243,38
110000368,1,95,-94
110000369,40,0,40
110000373,8,300,-292
110000374,82,15,67
110000375,229,921,-692
110000376,29,99,-70
110000377,103,507,-404
110000378,33,356,-323
110000379,4382,1410,2972
110000380,86,12,74
110000383,1,866,-865
110000384,1968,712,1256
110000385,1,211,-210
110000387,141,9,132
110000388,27,278,-251
110000389,606,3,603
110000391,338,425,-87
110000396,126,137,-11
110000397,98,207,-109
110000398,4,38,-34
110000399,221,1,220
110000587,103,46,57
110000589,167,193,-26
110000640,151,133,18
110000652,28,146,-118
110000653,275,528,-253
110000654,119,27,92
110000656,5,817,-812
110000674,23,15,8
110000675,15,9,6
110000676,0,39,-39
110000679,400,931,-531
110000682,75,176,-101
110000683,343,604,-261
110000684,14,82,-68
110000685,10,12,-2
110000686,23,42,-19
110000687,19,2,17
110000688,65,769,-704
110000689,26,91,-65
110000692,272,238,34
110000693,355,171,184
110000694,1,244,-243
110000695,154,732,-578
110000696,149,209,-60
110900001,370,16,354
110900002,482,210,272
110900003,541,1258,-717
110900004,330,219,111
110900005,5159,1875,3284
110900006,76,12,64
110900007,85,23,62
110900008,13,65,-52
110900009,333,75,258
110900010,4,83,-79
110900011,17,162,-145
110900012,16,128,-112
110900013,868,128,740
110900014,111,9,102
110900015,1182,514,668
110900016,29,188,-159
110900017,301,39,262
110900018,363,48,315
110900019,100,22,78
110900020,83,481,-398
110900021,82,746,-664
110900022,92,437,-345
110900023,63,660,-597
110900024,23,658,-635
110900025,5,65,-60
110900027,40,291,-251
110900028,29,203,-174
110900029,17,509,-492
110900030,47,418,-371
110900031,6,132,-126
110900032,2,126,-124
110900033,19,285,-266
110900035,33,668,-635
110900036,139,12,127
110900037,54,20,34
110900038,1634,239,1395
110900039,6,307,-301
110900040,229,53,176
110900041,5,196,-191
110900042,105,93,12
110900043,2,193,-191
110900044,320,23,297
110900045,53,679,-626
110900046,147,441,-294
110900047,1024,204,820
110900049,30,62,-32
110900050,13,3,10
110900051,40,261,-221
110900052,6,232,-226
110900053,85,70,15
110900054,22,306,-284
110900055,20,2,18
110900056,36,114,-78
110900057,2,217,-215
110900058,120,375,-255
110900059,668,855,-187
110900060,471,146,325
110900061,22,33,-11
110900062,128,396,-268
110900063,54,144,-90
110900064,5,0,5
110900065,378,127,251
110900066,12,96,-84
110900067,779,683,96
110900068,300,303,-3
110900069,1,23,-22
110900070,123,48,75
110900071,349,496,-147
110900073,0,30,-30
110900074,245,105,140
110900075,280,81,199
110900077,526,576,-50
110900078,14,158,-144
110900079,2546,862,1684
110900080,72,58,14
110900081,3,112,-109
110900082,98,349,-251
110900083,87,46,41
110900084,28,196,-168
110900085,37,500,-463
110900086,44,268,-224
110900087,264,94,170
110900088,13,0,13
110900090,19,31,-12
110900091,1,99,-98
110900093,289,82,207
110900095,57,51,6
110900097,13,9,4
110900098,29,167,-138
110900099,42,702,-660
110900100,0,26,-26
110900102,26,11,15
110900105,599,554,45
110900108,7,148,-141
110900111,308,105,203
110900112,523,5,518
110900113,727,80,647
110900115,43,122,-79
110900116,447,2945,-2498
110900118,149,2302,-2153
110900119,6117,405,5712
110900120,10,227,-217
110900121,77,0,77
110900122,309,159,150
110900125,216,310,-94
110900127,823,947,-124
110900128,378,291,87
110900129,336,561,-225
110900130,1262,595,667
110900131,155,83,72
110900132,237,41,196
110900133,65,321,-256
110900135,101,524,-423
110900136,227,18,209
110900139,26,0,26
110900140,0,0,0
110900141,724,134,590
110900142,54,269,-215
110900143,97,108,-11
110900144,4,778,-774
110900145,136,23,113
110900146,394,120,274
110900147,257,294,-37
110900148,4,420,-416
110900149,1,84,-83
110900150,64,16,48
110900151,1,118,-117
110900152,22,452,-430
110900153,123,42,81
111000001,785,595,190
111000002,994,1000,-6
111000003,1524,1506,18
111000004,1064,1426,-362
111000005,1849,1492,357
111000006,1501,1701,-200
111000007,6735,4476,2259
111000008,5494,4302,1192
111000009,453,1122,-669
111000010,839,313,526
111000011,380,964,-584
111000012,673,432,241
111000013,358,1476,-1118
111000014,990,871,119
111000017,112,871,-759
111000018,209,409,-200
111000020,2862,3022,-160
111000021,128,163,-35
111000023,78,220,-142
111000025,8257,2879,5378
111000029,50,104,-54
111000030,18,91,-73
111000031,1938,1167,771
111000032,516,232,284
111000033,418,258,160
111000034,570,279,291
111000037,3867,1444,2423
111000038,4348,3265,1083
111000039,2091,3367,-1276
111000040,1733,3664,-1931
111000041,1707,2273,-566
111000042,7643,3109,4534
111000043,2512,2678,-166
111000044,1280,1017,263
111000045,2246,2257,-11
111000046,1659,1536,123
111000047,2242,3279,-1037
111000049,416,602,-186
111000050,2488,1960,528
111000051,453,1447,-994
111000052,580,2005,-1425
111000053,446,1468,-1022
111000054,314,1480,-1166
111000055,1339,2425,-1086
111000056,139,769,-630
111000057,61,966,-905
111000058,281,137,144
111000059,274,339,-65
111000060,3105,1151,1954
111000061,437,337,100
111000062,869,271,598
111000063,1704,948,756
111000064,448,579,-131
111000065,922,835,87
111000066,392,356,36
111000067,511,830,-319
111000068,338,1012,-674
111000069,1954,2347,-393
111000070,3081,1331,1750
111000071,289,1007,-718
111000072,854,490,364
111000073,277,892,-615
111000074,1578,1871,-293
111000075,837,1077,-240
111000076,468,971,-503
111000077,1408,1882,-474
111000078,2754,1406,1348
111000079,1536,996,540
111000080,443,869,-426
111000081,2602,4067,-1465
111000082,653,886,-233
111000084,743,631,112
111000085,1225,1939,-714
111000086,4855,1768,3087
111000087,774,1070,-296
111000088,9093,2214,6879
111000089,721,897,-176
111000090,1255,1485,-230
111000091,737,778,-41
111000092,1130,1194,-64
111000093,427,798,-371
111000094,2018,1016,1002
111000095,711,2323,-1612
111000096,2620,7671,-5051
111000097,7130,1318,5812
111000098,808,1718,-910
111000099,477,2857,-2380
111000100,344,2512,-2168
111000101,417,858,-441
111000102,163,926,-763
111000104,446,275,171
111000107,97,1002,-905
111000109,435,249,186
111000110,1584,757,827
111000111,1596,512,1084
111000112,1489,571,918
111000113,876,1099,-223
111000114,2267,2863,-596
111000115,8718,1400,7318
111000116,920,1176,-256
111000117,473,1044,-571
111000118,1494,1174,320
111000119,930,1827,-897
111000120,370,671,-301
111000121,275,657,-382
111000122,685,1175,-490
111000123,901,3580,-2679
111000124,397,4117,-3720
111000125,178,2408,-2230
111000126,114,1135,-1021
111000127,713,248,465
111000128,1297,421,876
111000129,2127,463,1664
111000130,1521,638,883
111000131,1139,567,572
111000132,979,552,427
111000133,83,142,-59
111000134,89,123,-34
111000135,24,120,-96
111000136,285,347,-62
111000138,2,12,-10
111000140,0,7,-7
111000141,182,419,-237
111000142,11,135,-124
111000143,10,92,-82
111000144,24,135,-111
111000145,1606,14,1592
111000146,63,12,51
111000147,290,54,236
111000148,247,60,187
111000149,9,37,-28
111000150,7,8,-1
111000151,10,53,-43
111000153,606,666,-60
111000154,1074,187,887
111000155,177,182,-5
111000156,539,665,-126
111000157,187,867,-680
111000158,1002,714,288
111000159,3123,835,2288
111000160,319,382,-63
111000161,6,300,-294
111000162,32,245,-213
111000163,592,998,-406
111000164,1086,3699,-2613
111000165,1457,479,978
111000166,1754,467,1287
111000167,220,618,-398
111000168,254,575,-321
111000169,369,614,-245
111000170,521,513,8
111000171,476,1071,-595
111000172,102,771,-669
111000173,250,1880,-1630
111000174,97,893,-796
111000175,33,351,-318
111000176,212,162,50
111000177,206,313,-107
111000178,1041,393,648
111000179,116,323,-207
111000180,170,383,-213
111000181,551,354,197
111000182,135,280,-145
111000183,186,362,-176
111000184,277,341,-64
111000185,349,586,-237
111000186,200,338,-138
111000187,118,277,-159
111000188,141,492,-351
111000189,1803,613,1190
111000190,175,516,-341
111000191,105,472,-367
111000192,294,725,-431
111000193,497,407,90
111000194,84,414,-330
111000195,115,499,-384
111000196,36,444,-408
111000197,289,155,134
111000198,374,131,243
111000199,157,160,-3
111000200,217,334,-117
111000201,362,239,123
111000202,196,199,-3
111000203,186,202,-16
111000204,416,761,-345
111000213,283,376,-93
111000214,1393,2213,-820
111000215,960,1916,-956
111000217,1414,1413,1
111000218,883,1189,-306
111000219,537,257,280
111000220,3449,607,2842
111000221,1400,189,1211
111000224,102,696,-594
111000225,361,231,130
111000226,257,3,254
111000227,69,6,63
111000228,17,222,-205
111000229,19,489,-470
111000230,259,619,-360
111000231,707,1560,-853
111000232,269,761,-492
111000233,535,902,-367
111000234,77,264,-187
111000239,130,261,-131
111000240,45,197,-152
111000241,21,565,-544
111000242,126,90,36
111000243,121,932,-811
111000244,281,157,124
111000245,709,701,8
111000246,274,734,-460
111000247,183,1063,-880
111000248,531,534,-3
111000249,428,863,-435
111000250,37,139,-102
111000251,23,136,-113
111000253,28,19,9
111000255,8,7,1
111000257,42,17,25
111000260,80,1115,-1035
111000261,820,84,736
111000271,55,352,-297
111000273,9393,1735,7658
111000274,1351,2483,-1132
111000275,88,66,22
111000276,283,2551,-2268
111000277,163,445,-282
111000278,668,227,441
111000291,573,5219,-4646
111000298,433,300,133
111000299,694,127,567
111000300,108,733,-625
111000302,204,92,112
111000303,63,247,-184
111000312,61,61,0
111000315,48,513,-465
111000320,391,774,-383
111000321,282,76,206
111000322,279,702,-423
111000323,113,20,93
111000324,351,356,-5
111000325,39,48,-9
111000326,153,407,-254
111000327,429,823,-394
111000328,251,601,-350
111000329,2,18,-16
111000330,25,34,-9
111000331,10,16,-6
111000332,434,1559,-1125
111000334,329,2108,-1779
111000335,526,215,311
111000337,731,456,275
111000338,17,123,-106
111000339,312,544,-232
111000340,85,956,-871
111000341,858,480,378
111000342,334,293,41
111000344,856,935,-79
111000345,270,43,227
111000346,24,106,-82
111000347,100,5,95
111000350,181,120,61
111000351,70,233,-163
111000352,132,170,-38
111000353,86,228,-142
111000354,399,213,186
111000355,282,742,-460
111000358,179,2047,-1868
111000360,113,1031,-918
111000361,92,498,-406
111000546,369,850,-481
111000547,212,813,-601
111000548,88,195,-107
111000549,191,508,-317
111000550,67,555,-488
111000551,591,186,405
111000552,1483,63,1420
111000907,505,14,491
111000908,20,1,19
111000916,1159,311,848
111000917,40,420,-380
111000918,140,1218,-1078
111000920,375,22,353
111000921,2,493,-491
111000922,199,347,-148
111000924,42,1232,-1190
111000925,1698,2494,-796
111000926,826,3544,-2718
111000927,2599,5450,-2851
111000928,6597,5137,1460
111000929,797,1054,-257
111000930,745,3422,-2677
111000931,1742,2306,-564
111000932,4510,3035,1475
111000933,3398,1936,1462
111000934,2986,3527,-541
111000935,1345,1021,324
111000936,1196,2747,-1551
111000937,746,1297,-551
111000938,2124,2938,-814
111000939,395,62,333
111000940,249,170,79
111000941,229,776,-547
111000943,253,311,-58
111000944,161,651,-490
111000945,60,2511,-2451
111001109,683,232,451
111001110,208,750,-542
111001111,31,11,20
111001112,284,2,282
111001113,11,243,-232
111001114,1786,160,1626
111001115,198,358,-160
111001116,5695,3405,2290
111001117,702,1477,-775
111001120,55,448,-393
111001121,168,385,-217
111001122,208,796,-588
111001123,198,212,-14
111001124,86,403,-317
111001125,1,45,-44
111900001,3,152,-149
111900002,24,1141,-1117
111900003,2,422,-420
111900004,16,178,-162
111900006,5,20,-15
111900007,45,11,34
111900008,53,1,52
111900009,131,233,-102
111900010,354,741,-387
111900012,46,163,-117
111900013,6,61,-55
111900014,9161,2650,6511
111900015,0,82,-82
111900016,1,125,-124
111900017,2,132,-130
111900018,75,1,74
111900019,2,87,-85
111900020,5,60,-55
111900021,22,95,-73
111900022,11,65,-54
111900023,76,50,26
111900024,7,71,-64
111900025,0,36,-36
111900026,0,86,-86
111900027,2,194,-192
111900028,2,466,-464
111900029,1,96,-95
111900030,56,509,-453
111900031,13,44,-31
111900032,1,564,-563
111900033,3,95,-92
111900034,368,922,-554
111900035,12,203,-191
111900036,1,455,-454
111900038,335,855,-520
111900039,29,480,-451
111900040,9,749,-740
111900042,39,143,-104
111900043,2,459,-457
111900044,309,385,-76
111900046,42,288,-246
111900048,92,1070,-978
111900049,36,317,-281
111900050,83,15,68
111900051,3,386,-383
111900052,499,661,-162
111900053,1567,748,819
111900054,81,5,76
111900055,34,822,-788
111900056,376,205,171
111900057,45,55,-10
111900058,221,954,-733
111900059,4117,416,3701
111900060,196,3,193
111900061,11,382,-371
111900062,12,45,-33
111900063,233,319,-86
111900064,126,357,-231
111900065,44,22,22
111900066,82,119,-37
111900067,2,345,-343
111900068,46,28,18
111900069,30,19,11
111900070,92,147,-55
111900071,2,377,-375
111900072,26,7,19
111900073,476,85,391
111900074,18,226,-208
111900075,54,0,54
111900076,115,45,70
111900077,4,1,3
111900078,156,13,143
111900079,25,16,9
111900080,253,171,82
111900082,88,14,74
111900083,79,7,72
111900084,30,1,29
111900085,31,97,-66
111900086,35,3,32
111900087,19,0,19
111900088,346,7,339
111900089,43,0,43
111900090,38,13,25
111900091,103,2,101
111900092,29,3,26
111900093,244,10,234
111900094,115,0,115
111900095,123,16,107
111900096,81,0,81
111900097,15,0,15
111900098,72,0,72
111900099,59,0,59
111900100,39,1,38
111900101,65,12,53
111900102,202,842,-640
111900103,66,52,14
111900104,149,63,86
111900105,253,129,124
111900106,1804,62,1742
111900110,3214,347,2867
111900111,77,138,-61
111900112,1047,1454,-407
111900113,338,76,262
111900118,246,74,172
111900119,255,114,141
111900122,74,28,46
111900123,18,22,-4
111900124,19,74,-55
111900125,379,19,360
111900126,158,2,156
111900127,2,764,-762
111900128,5,625,-620
111900129,164,2,162
111900130,277,17,260
111900131,271,0,271
111900132,24,1652,-1628
111900133,9,412,-403
111900134,13,387,-374
111900135,13,22,-9
111900136,38,139,-101
111900137,72,39,33
111900138,8,72,-64
111900139,8,132,-124
111900140,54,10,44
111900141,63,8,55
111900142,62,25,37
111900143,31,251,-220
111900144,0,114,-114
111900145,1,596,-595
111900146,3,328,-325
111900147,158,514,-356
111900148,19,1050,-1031
111900149,5,424,-419
111900150,5,204,-199
111900151,2,22,-20
111900152,56,62,-6
111900153,1793,293,1500
111900154,4,172,-168
111900155,44,43,1
111900156,21,28,-7
111900157,57,7,50
111900158,343,31,312
111900159,148,2,146
111900160,180,0,180
111900161,82,0,82
111900162,111,156,-45
111900163,22,435,-413
111900164,71,46,25
111901113,272,220,52
111901114,86,496,-410
111901115,45,0,45
111901116,18,2,16
111901117,24,16,8
111901118,270,90,180
111901119,1758,151,1607
111901121,251,547,-296
111901122,5,774,-769
111901123,84,498,-414
111901124,91,1,90
111901125,237,380,-143
111901127,1223,391,832
111901128,13,141,-128
111901129,9,221,-212
111901130,16,368,-352
111901131,1,229,-228
111901132,122,13,109
111901133,53,6,47
111901134,53,5,48
111901135,14,5,9
111901136,21,23,-2
111901137,1,18,-17
111901138,114,78,36
111901139,11,76,-65
111901140,8,219,-211
111901141,6,395,-389
111901142,3,258,-255
111901143,3,121,-118
111901144,27,31,-4
111901145,215,261,-46
111901146,492,19,473
111901147,1134,122,1012
111901148,10,39,-29
112000001,1692,1382,310
112000002,942,2879,-1937
112000003,978,1332,-354
112000004,725,1975,-1250
112000005,2375,2542,-167
112000006,2164,2889,-725
112000007,1985,1605,380
112000008,2517,4507,-1990
112000009,4686,5105,-419
112000010,2868,3220,-352
112000011,2773,3040,-267
112000012,5190,3103,2087
112000013,6384,3658,2726
112000014,3102,763,2339
112000015,3492,2946,546
112000016,6080,916,5164
112000017,2891,1455,1436
112000024,2555,900,1655
112000026,5665,6804,-1139
112000027,1033,527,506
112000028,2650,2074,576
112000029,363,895,-532
112000030,280,146,134
112000031,1831,4405,-2574
112000032,485,51,434
112000033,2062,1097,965
112000034,329,48,281
112000035,91,233,-142
112000036,1048,764,284
112000037,1117,792,325
112000038,1329,787,542
112000039,62,90,-28
112000040,153,313,-160
112000041,689,504,185
112000042,1754,297,1457
112000050,1052,2023,-971
112000051,943,1228,-285
112000054,2677,3477,-800
112000057,612,459,153
112000058,354,626,-272
112000059,628,694,-66
112000061,5193,2529,2664
112000062,2165,727,1438
112000063,2139,1696,443
112000064,5395,7264,-1869
112000065,2458,3033,-575
112000066,3838,1441,2397
112000067,793,814,-21
112000068,3429,2028,1401
112000069,700,2121,-1421
112000070,1991,849,1142
112000071,1082,3218,-2136
112000072,1669,1103,566
112000073,2608,1926,682
112000074,2265,984,1281
112000075,1396,1378,18
112000076,3642,3261,381
112000077,455,768,-313
112000078,1460,783,677
112000079,1296,1417,-121
112000080,571,873,-302
112000081,1635,2357,-722
112000082,1481,862,619
112000083,607,1679,-1072
112000084,1140,969,171
112000085,1231,1612,-381
112000086,1706,2080,-374
112000087,251,525,-274
112000088,357,802,-445
112000089,260,344,-84
112000090,183,367,-184
112000091,672,1317,-645
112000092,1346,1281,65
112000093,1852,1234,618
112000094,497,1104,-607
112000095,670,984,-314
112000096,437,788,-351
112000097,972,589,383
112000098,1082,1782,-700
112000099,675,1017,-342
112000100,1244,1104,140
112000101,542,1149,-607
112000102,720,790,-70
112000103,398,1298,-900
112000105,657,2404,-1747
112000106,1147,561,586
112000107,35,155,-120
112000108,246,2326,-2080
112000109,161,121,40
112000110,1668,679,989
112000111,1389,3793,-2404
112000112,3465,762,2703
112000113,928,2159,-1231
112000114,2063,1287,776
112000115,338,593,-255
112000116,289,1305,-1016
112000117,1110,953,157
112000118,1191,957,234
112000119,544,1013,-469
112000120,98,494,-396
112000121,117,752,-635
112000122,166,156,10
112000123,505,195,310
112000124,270,68,202
112000125,151,125,26
112000126,122,924,-802
112000127,2302,1653,649
112000128,936,920,16
112000129,111,163,-52
112000130,174,54,120
112000131,52,625,-573
112000132,101,328,-227
112000133,340,499,-159
112000134,394,401,-7
112000135,684,652,32
112000136,1063,1243,-180
112000137,1061,1718,-657
112000138,1350,1314,36
112000139,1146,385,761
112000140,1044,1200,-156
112000141,655,279,376
112000142,209,975,-766
112000143,952,379,573
112000144,311,2124,-1813
112000145,1935,714,1221
112000146,746,2906,-2160
112000147,1844,1941,-97
112000148,1806,2861,-1055
112000149,267,1063,-796
112000150,179,776,-597
112000151,433,803,-370
112000152,254,534,-280
112000153,260,436,-176
112000154,97,164,-67
112000155,280,105,175
112000157,1458,616,842
112000158,218,1101,-883
112000159,385,418,-33
112000167,415,52,363
112000169,1449,489,960
112000173,471,171,300
112000175,320,510,-190
112000176,4223,2599,1624
112000177,504,98,406
112000178,72,652,-580
112000179,161,168,-7
112000180,249,368,-119
112000181,1243,2158,-915
112000182,811,2300,-1489
112000183,48,50,-2
112000184,265,800,-535
112000185,424,733,-309
112000187,3441,2240,1201
112000195,185,15,170
112000196,154,0,154
112000197,116,75,41
112000198,16,336,-320
112000199,1530,1215,315
112000202,259,2,257
112000216,43,290,-247
112000230,70,10,60
112000231,4,277,-273
112000256,67,178,-111
112000313,156,193,-37
112000314,18,21,-3
112000337,213,605,-392
112000352,469,287,182
112000392,2168,1922,246
112000398,1076,845,231
112000399,10961,2699,8262
112000400,2004,5353,-3349
112000401,3037,3518,-481
112000402,2216,2350,-134
112000403,5148,2903,2245
112000404,503,642,-139
112000405,1580,2837,-1257
112000406,4168,3983,185
112000407,4958,6933,-1975
112000408,8916,9383,-467
112000409,1917,6590,-4673
112000410,417,188,229
112000411,6340,971,5369
112000412,1449,444,1005
112000413,12600,3856,8744
112000414,94,174,-80
112000415,105,57,48
112000416,1821,1454,367
112000417,217,66,151
112000421,26,248,-222
112000422,340,710,-370
112000424,4293,2899,1394
112000425,420,1763,-1343
112000426,87,319,-232
112000427,0,12,-12
112000428,126,596,-470
112000429,3444,4108,-664
112000430,4520,4015,505
112000431,65,174,-109
112000432,602,2623,-2021
112000433,547,1065,-518
112000437,49,315,-266
112900001,62,13,49
112900002,276,1505,-1229
112900003,30,401,-371
112900004,35,276,-241
112900005,124,276,-152
112900006,10,418,-408
112900007,36,263,-227
112900008,0,15,-15
112900009,372,150,222
112900010,218,866,-648
112900011,387,374,13
112900012,0,36,-36
112900013,4,164,-160
112900014,3,298,-295
112900015,365,1215,-850
112900016,5,292,-287
112900017,40,290,-250
112900018,0,420,-420
112900019,70,227,-157
112900020,475,1651,-1176
112900021,1,335,-334
112900022,3,91,-88
112900023,1,300,-299
112900024,34,314,-280
112900025,64,409,-345
112900026,2,388,-386
112900027,10,1546,-1536
112900028,22,157,-135
112900029,6,930,-924
112900030,248,247,1
112900031,6,731,-725
112900032,120,312,-192
112900034,0,105,-105
112900035,7,577,-570
112900036,32,185,-153
112900037,320,151,169
112900038,407,132,275
112900039,10,367,-357
112900040,0,385,-385
112900041,1806,1183,623
112900042,38,489,-451
112900043,19,43,-24
112900044,824,538,286
112900045,520,309,211
112900046,261,99,162
112900047,20,10,10
112900049,123,64,59
112900050,94,835,-741
112900051,268,761,-493
112900052,4,1285,-1281
112900053,436,134,302
112900054,290,39,251
112900055,176,19,157
112900056,411,157,254
112900057,11,760,-749
112900058,342,287,55
112900059,107,142,-35
112900060,9,349,-340
112900061,75,196,-121
112900062,65,179,-114
112900063,93,12,81
112900064,146,258,-112
112900065,41,18,23
112900066,129,125,4
112900067,594,187,407
112900068,30,39,-9
112900069,3262,600,2662
112900071,11,2,9
112900072,422,1113,-691
112900073,260,70,190
112900074,64,217,-153
112900075,2757,756,2001
112900076,127,7,120
112900078,247,313,-66
112900079,175,21,154
112900080,30,5,25
112900081,28,115,-87
112900082,484,10,474
112900083,107,45,62
112900084,200,91,109
112900086,30,2,28
112900087,400,104,296
112900088,88,9,79
112900089,603,11,592
112900090,33,7,26
112900091,181,3,178
112900092,135,171,-36
112900093,941,16,925
112900095,15,0,15
112900096,217,111,106
112900097,48,510,-462
112900098,110,0,110
112900099,603,15,588
112900100,29,2,27
112900101,143,1,142
112900102,112,15,97
112900103,135,2,133
112900104,156,5,151
112900105,13,0,13
112900106,395,114,281
112900107,3,0,3
112900108,36,1,35
112900109,63,1,62
112900110,764,6,758
112900111,562,3,559
112900112,201,2,199
112900113,0,12,-12
112900114,116,46,70
112900115,679,1,678
112900116,63,33,30
112900117,164,126,38
112900118,23,87,-64
112900119,95,1,94
112900120,897,307,590
112900121,338,183,155
112900122,27,190,-163
112900123,101,12,89
112900124,7,169,-162
112900125,56,431,-375
112900126,173,258,-85
112900127,295,49,246
112900128,509,908,-399
112900129,4,1136,-1132
112900130,240,55,185
112900131,34,265,-231
112900132,74,500,-426
112900133,27,1382,-1355
112900134,1,314,-313
112900135,57,20,37
112900137,2,933,-931
112900138,2,625,-623
112900139,320,1465,-1145
112900141,755,8,747
112900142,69,142,-73
112900143,45,774,-729
112900144,1,484,-483
112900145,28,600,-572
112900146,16,2008,-1992
112900147,6,2793,-2787
112900148,44,2,42
112900149,243,737,-494
112900151,12,68,-56
112900152,5524,1060,4464
112900153,2276,1618,658
112900154,1,142,-141
112900155,195,14,181
112900156,204,2100,-1896
112900157,219,137,82
112900158,66,27,39
112900159,163,47,116
112900160,25,386,-361
112900161,111,26,85
112900162,36,24,12
112900163,133,23,110
112900164,54,121,-67
112900165,65,50,15
112900166,60,52,8
112900167,8,33,-25
112900168,0,3,-3
112900169,6,12,-6
112900170,41,100,-59
112900172,84,18,66
112900173,221,95,126
112900174,225,31,194
112900175,136,108,28
112900176,11,19,-8
112900177,220,26,194
112900178,686,2294,-1608
112900179,30,589,-559
112900180,1936,2239,-303
112900181,380,3,377
112900182,31,1795,-1764
112900183,144,258,-114
112900184,625,427,198
112900185,249,495,-246
112900186,1479,808,671
112900187,97,431,-334
112900188,855,349,506
112900189,1,18,-17
112900190,6,55,-49
112900192,489,576,-87
112900193,1219,466,753
112900194,48,196,-148
112900195,1289,37,1252
112900196,339,645,-306
112900197,150,519,-369
112900199,397,782,-385
112900200,445,373,72
112900201,50,106,-56
112900202,237,1159,-922
112900203,147,431,-284
112900204,1106,482,624
112900205,7,4,3
112900206,9,87,-78
112900207,7,0,7
112900208,68,186,-118
112900209,567,480,87
112900210,0,25,-25
112900211,88,13,75
112900212,0,115,-115
112900213,66,20,46
112900214,36,13,23
112900215,4,291,-287
112900216,22,79,-57
112900217,0,64,-64
112900218,24,39,-15
112900219,46,70,-24
112900220,0,0,0
112900221,3,212,-209
112900222,0,31,-31
112900223,992,8,984
112900224,175,908,-733
112900225,288,623,-335
112900226,200,289,-89
112900227,274,1497,-1223
112900228,27,21,6
112900229,82,72,10
112900230,8836,3931,4905
112900232,180,168,12
112900233,36,177,-141
112900234,11,107,-96
112900235,115,33,82
112900236,174,19,155
112900237,121,498,-377
112900238,1,54,-53
112900239,929,306,623
112900240,1,188,-187
112900241,27,255,-228
112900242,6,291,-285
112900243,5,207,-202
112900244,1,104,-103
112900245,2,41,-39
112900246,0,15,-15
112900247,76,19,57
112900248,15,1,14
112900249,33,3,30
112900250,38,16,22
112900251,28,21,7
112900252,29,20,9
112900253,30,8,22
112900254,9,7,2
112900255,1,15,-14
112900256,2,21,-19
112900257,8,29,-21
113000001,6361,10168,-3807
113000002,4368,4741,-373
113000003,2322,4375,-2053
113000004,2680,3738,-1058
113000005,2288,1797,491
113000006,1474,2262,-788
113000007,2520,1925,595
113000008,2714,2997,-283
113000009,1213,1557,-344
113000010,1211,2425,-1214
113000011,1091,1827,-736
113000012,1410,1570,-160
113000013,1549,909,640
113000014,1837,1277,560
113000015,666,177,489
113000016,691,548,143
113000017,34,298,-264
113000018,637,86,551
113000019,92,208,-116
113000020,146,44,102
113000021,3807,880,2927
113000022,947,1540,-593
113000025,120,387,-267
113000026,628,570,58
113000027,2807,489,2318
113000028,1979,317,1662
113000029,942,814,128
113000030,701,778,-77
113000031,416,392,24
113000032,273,376,-103
113000033,334,466,-132
113000034,618,550,68
113000035,34,47,-13
113000036,21,30,-9
113000037,65,31,34
113000038,18,64,-46
113000039,80,1333,-1253
113000040,113,100,13
113000042,1291,762,529
113000051,831,3128,-2297
113000052,2991,1869,1122
113000053,404,855,-451
113000054,407,1125,-718
113000055,1205,1293,-88
113000056,990,1742,-752
113000058,962,874,88
113000059,1352,844,508
113000060,211,643,-432
113000061,872,1007,-135
113000062,2035,292,1743
113000063,96,425,-329
113000064,24,574,-550
113000065,242,1494,-1252
113000066,622,186,436
113000067,1749,1582,167
113000068,466,2753,-2287
113000069,671,1930,-1259
113000070,1955,1134,821
113000071,287,962,-675
113000072,600,595,5
113000073,889,2120,-1231
113000074,1106,747,359
113000075,2661,897,1764
113000076,2124,2126,-2
113000077,1307,603,704
113000078,1329,3070,-1741
113000079,822,992,-170
113000080,750,708,42
113000081,859,983,-124
113000082,1524,837,687
113000083,617,1144,-527
113000084,2020,1324,696
113000085,904,818,86
113000086,1398,1615,-217
113000087,941,890,51
113000088,4027,1698,2329
113000089,1149,1902,-753
113000090,432,757,-325
113000091,739,446,293
113000094,1781,277,1504
113000095,519,1424,-905
113000096,307,1139,-832
113000097,1603,449,1154
113000098,174,54,120
113000099,2056,397,1659
113000100,194,531,-337
113000101,748,708,40
113000102,937,416,521
113000103,4118,754,3364
113000104,660,5275,-4615
113000105,709,602,107
113000106,539,654,-115
113000107,1060,1458,-398
113000108,1604,2135,-531
113000109,883,8375,-7492
113000110,1932,565,1367
113000111,306,1618,-1312
113000112,475,463,12
113000113,1790,415,1375
113000114,318,2476,-2158
113000116,858,274,584
113000117,1029,123,906
113000118,324,513,-189
113000119,309,396,-87
113000120,73,265,-192
113000121,509,1026,-517
113000124,273,142,131
113000125,54,783,-729
113000127,4698,662,4036
113000128,697,827,-130
113000129,753,2093,-1340
113000133,4904,1610,3294
113000134,8,1862,-1854
113000135,3522,4208,-686
113000137,2184,3205,-1021
113000139,355,220,135
113000140,161,331,-170
113000141,241,162,79
113000142,546,1031,-485
113000143,228,217,11
113000144,342,784,-442
113000145,68,215,-147
113000146,137,103,34
113000147,168,187,-19
113000148,149,189,-40
113000149,92,192,-100
113000150,712,591,121
113000151,96,106,-10
113000152,36,166,-130
113000153,2247,675,1572
113000154,785,2129,-1344
113000155,345,677,-332
113000156,150,579,-429
113000157,366,1196,-830
113000158,811,337,474
113000159,864,967,-103
113000160,684,1708,-1024
113000161,268,796,-528
113000162,671,572,99
113000163,101,70,31
113000164,22,83,-61
113000166,147,142,5
113000167,24,200,-176
113000168,49,169,-120
113000169,173,94,79
113000170,95,169,-74
113000171,54,103,-49
113000172,291,130,161
113000173,59,24,35
113000174,111,687,-576
113000175,395,180,215
113000176,498,246,252
113000177,153,675,-522
113000178,207,515,-308
113000179,403,237,166
113000180,1151,2348,-1197
113000181,1438,1241,197
113000182,265,674,-409
113000183,218,659,-441
113000184,47,111,-64
113000189,488,805,-317
113000190,1118,546,572
113000192,3889,1505,2384
113000193,9159,1294,7865
113000194,4571,1096,3475
113000195,5054,599,4455
113000196,413,170,243
113000197,3468,1149,2319
113000198,48,368,-320
113000199,1225,459,766
113000201,2070,252,1818
113000202,5480,6470,-990
113000203,899,372,527
113000204,3321,1640,1681
113000205,52,34,18
113000206,29,13,16
113000207,100,24,76
113000208,55,43,12
113000209,57,26,31
113000210,4,40,-36
113000211,700,264,436
113000212,618,34,584
113000213,24,425,-401
113000214,254,579,-325
113000234,167,1672,-1505
113000410,275,257,18
113000411,3121,5587,-2466
113000412,13365,3228,10137
113000413,5404,3478,1926
113000414,9902,13170,-3268
113000415,3142,3967,-825
113000416,10526,5567,4959
113000417,3705,4848,-1143
113000418,3484,3043,441
113000419,1622,2422,-800
113000420,3832,5439,-1607
113000421,4400,7159,-2759
113000422,15882,13342,2540
113000423,3319,5134,-1815
113000424,5226,14306,-9080
113000425,23,229,-206
113000428,187,32,155
113000430,66,44,22
113000432,2424,188,2236
113000433,123,1114,-991
113000434,33,341,-308
113000435,42,829,-787
113000436,104,1774,-1670
113000437,644,18,626
113000438,363,19,344
113000439,52,184,-132
113000440,120,30,90
113000441,203,435,-232
113000442,138,282,-144
113000443,141,580,-439
113000444,187,316,-129
113000445,105,273,-168
113000446,28,114,-86
113000448,415,304,111
113000449,497,1997,-1500
113000450,1523,9161,-7638
113000451,2434,311,2123
113000452,681,1152,-471
113000453,195,307,-112
113000454,3730,61,3669
113000455,179,105,74
113000456,4288,2592,1696
113000468,3957,256,3701
113000469,764,186,578
113000470,878,105,773
113000471,24,840,-816
113000472,128,386,-258
113000474,347,1031,-684
113000475,1835,2547,-712
113000476,1035,2296,-1261
113000477,2521,2346,175
113000478,4703,8115,-3412
113000479,23,271,-248
113000483,0,0,0
113000484,0,0,0
113000485,2,1,1
113000486,0,0,0
113000487,0,0,0
113000488,0,0,0
113000489,0,0,0
113000490,0,0,0
113000491,3,2,1
113000492,1,0,1
113000493,2,0,2
113000495,268,291,-23
113000496,163,225,-62
113000499,0,0,0
113900001,1,289,-288
113900002,0,360,-360
113900003,2,302,-300
113900004,4,88,-84
113900005,2,92,-90
113900006,3,38,-35
113900007,307,47,260
113900008,763,0,763
113900009,1812,3,1809
113900010,965,4,961
113900011,136,2,134
113900012,34,2,32
113900013,3139,38,3101
113900014,817,2,815
113900015,2,43,-41
113900016,29,2,27
113900017,2,58,-56
113900018,493,137,356
113900019,93,53,40
113900020,102,2,100
113900022,8,0,8
113900023,44,0,44
113900024,40,124,-84
113900025,389,17,372
113900026,73,0,73
113900027,4,117,-113
113900028,18,603,-585
113900029,47,281,-234
113900030,194,2,192
113900031,15,0,15
113900032,23,0,23
113900033,69,100,-31
113900035,74,1,73
113900036,27,146,-119
113900037,59,615,-556
113900038,124,130,-6
113900039,135,22,113
113900040,14,6,8
113900041,3,6,-3
113900042,80,44,36
113900043,287,151,136
113900044,230,192,38
113900045,75,3,72
113900046,290,799,-509
113900047,38,153,-115
113900048,287,78,209
113900049,1056,424,632
113900050,167,502,-335
113900051,288,483,-195
113900052,111,151,-40
113900053,570,526,44
113900054,55,1,54
113900055,151,650,-499
113900056,82,193,-111
113900057,7,139,-132
113900058,49,240,-191
113900059,396,391,5
113900060,135,264,-129
113900061,1024,243,781
113900062,87,26,61
113900063,81,133,-52
113900064,23,296,-273
113900065,654,13,641
113900066,293,516,-223
113900067,62,268,-206
113900068,523,478,45
113900069,116,31,85
113900070,246,479,-233
113900071,55,102,-47
113900072,65,196,-131
113900073,433,533,-100
113900074,42,428,-386
113900075,1288,1375,-87
113900076,130,6,124
113900077,67,233,-166
113900078,43,67,-24
113900079,1,57,-56
113900080,420,202,218
113900081,36,252,-216
113900082,121,364,-243
113900083,175,574,-399
113900084,336,128,208
113900085,52,399,-347
113900086,21,13,8
113900087,34,210,-176
113900088,29,68,-39
113900089,434,57,377
113900090,690,442,248
113900091,39,38,1
113900092,46,106,-60
113900093,105,1034,-929
113900094,253,415,-162
113900095,155,147,8
113900096,195,60,135
113900097,6,172,-166
113900098,700,110,590
113900099,0,107,-107
113900100,0,3,-3
113900101,38,59,-21
113900102,179,125,54
113900103,443,242,201
113900104,157,241,-84
113900105,63,433,-370
113900106,2,118,-116
113900107,1,41,-40
113900108,365,177,188
113900109,439,165,274
113900110,75,15,60
113900111,99,130,-31
113900112,118,117,1
113900113,791,500,291
113900114,0,183,-183
113900115,0,104,-104
113900116,115,149,-34
113900117,162,33,129
113900118,224,268,-44
113900119,280,514,-234
113900120,72,41,31
113900121,47,92,-45
113900122,332,2086,-1754
113900123,422,267,155
113900124,2,87,-85
113900125,2160,186,1974
113900126,138,71,67
113900127,256,695,-439
113900128,114,75,39
113900129,15,152,-137
113900130,1,19,-18
113900131,188,97,91
113900132,95,49,46
113900133,13,34,-21
113900135,457,628,-171
113900136,150,84,66
113900137,500,350,150
113900138,100,184,-84
113900139,623,155,468
113900140,327,260,67
113900141,409,721,-312
113900142,124,82,42
113900143,7,25,-18
113900144,312,192,120
113900145,500,263,237
113900146,104,71,33
113900148,198,325,-127
113900149,199,111,88
113900150,1048,688,360
113900151,334,337,-3
113900152,11,39,-28
113900153,420,671,-251
113900154,4,145,-141
113900155,198,110,88
113900156,316,749,-433
113900157,41,295,-254
113900158,436,263,173
113900159,27,242,-215
113900160,571,724,-153
113900161,94,317,-223
113900162,493,531,-38
113900163,284,284,0
113900164,292,56,236
113900165,892,663,229
113900166,209,125,84
113900167,229,26,203
113900168,151,125,26
113900169,353,524,-171
113900171,119,44,75
113900172,8,191,-183
113900173,56,862,-806
113900174,584,807,-223
113900175,289,168,121
113900176,178,709,-531
113900177,477,215,262
113900178,296,138,158
113900179,13,909,-896
113900180,200,108,92
113900181,1034,122,912
113900182,595,1065,-470
113900183,128,75,53
113900184,21,777,-756
113900185,273,90,183
113900186,29,55,-26
113900187,49,162,-113
113900188,52,168,-116
113900189,227,79,148
113900190,529,174,355
113900191,139,216,-77
113900192,3,384,-381
113900193,22,331,-309
113900194,2914,1307,1607
113900195,409,618,-209
113900196,4,136,-132
113900197,3,379,-376
113900198,27,123,-96
113900199,174,760,-586
113900200,19,259,-240
113900201,0,273,-273
113900202,46,460,-414
113900203,2,181,-179
113900204,71,716,-645
113900205,5,229,-224
113900206,4,150,-146
113900207,2,59,-57
113900208,2,55,-53
113900209,0,106,-106
113900210,830,860,-30
113900211,187,49,138
113900212,214,765,-551
113900214,432,440,-8
113900215,129,154,-25
113900216,70,1495,-1425
113900217,46,387,-341
113900218,110,46,64
113900219,136,699,-563
113900220,336,140,196
113900221,392,118,274
113900222,316,396,-80
113900223,108,1285,-1177
113900224,132,92,40
113900225,732,232,500
113900226,310,130,180
113900227,359,256,103
113900228,339,419,-80
113900229,53,591,-538
113900230,5248,3157,2091
113900231,142,321,-179
113900232,92,106,-14
113900233,66,68,-2
113900234,402,758,-356
113900235,65,29,36
113900236,102,506,-404
113900237,159,12,147
113900238,394,611,-217
113900239,158,100,58
113900240,5,151,-146
113900241,135,94,41
113900242,60,260,-200
113900243,156,554,-398
113900244,572,257,315
113900245,1575,252,1323
113900246,24,17,7
113900247,152,389,-237
113900248,4285,1899,2386
113900249,1464,415,1049
113900250,47,214,-167
113900251,582,299,283
113900252,448,18,430
113900253,671,48,623
113900254,762,132,630
113900255,416,28,388
113900256,458,32,426
113900257,32,953,-921
113900258,25,718,-693
113900259,406,371,35
113900260,154,6,148
113900261,44,105,-61
113900262,142,804,-662
113900263,174,672,-498
113900264,6,718,-712
113900265,177,310,-133
113900266,27,279,-252
113900267,169,485,-316
113900268,370,451,-81
113900269,57,212,-155
113900270,356,441,-85
113900271,560,1505,-945
113900273,74,10,64
113900274,56,41,15
113900275,25,39,-14
113900276,2,276,-274
113900277,139,11,128
113900278,229,192,37
113900279,67,148,-81
113900280,1356,511,845
113900281,553,1353,-800
113900282,847,557,290
113900283,448,513,-65
113900284,1037,181,856
113900285,140,23,117
113900286,10,95,-85
113900287,27,68,-41
113900288,0,81,-81
113900289,1634,129,1505
113900290,567,174,393
113900291,119,174,-55
113900292,13,17,-4
113900293,0,333,-333
113900294,518,27,491
113900295,386,445,-59
113900296,3144,411,2733
113900297,1805,52,1753
113900298,13,1748,-1735
113900299,49,328,-279
113900300,7471,3928,3543
113900301,1135,368,767
113900302,3141,1093,2048
113900303,701,388,313
113900304,0,173,-173
113900305,98,0,98
113900306,19,0,19
113900307,98,0,98
113900308,70,147,-77
113900309,13,1165,-1152
113900310,0,24,-24
113900311,5,0,5
113900312,203,185,18
113900313,27,17,10
114000001,1265,4747,-3482
114000002,170,667,-497
114000003,23,482,-459
114000004,270,374,-104
114000005,150,240,-90
114000006,3158,2572,586
114000007,617,1546,-929
114000008,1591,1429,162
114000009,627,242,385
114000011,2964,4599,-1635
114000012,2137,3935,-1798
114000013,1706,2972,-1266
114000014,415,404,11
114000015,1193,581,612
114000016,241,436,-195
114000017,180,287,-107
114000018,614,83,531
114000026,1508,2166,-658
114000027,2726,2777,-51
114000028,2987,3141,-154
114000038,164,133,31
114000039,69,85,-16
114000040,93,194,-101
114000042,187,316,-129
114000043,28,219,-191
114000044,128,63,65
114000045,57,77,-20
114000046,3136,5736,-2600
114000047,35,66,-31
114000048,80,42,38
114000049,1546,1509,37
114000050,1982,1820,162
114000051,3240,1637,1603
114000052,3211,1293,1918
114000053,79,517,-438
114000054,122,1642,-1520
114000055,295,22,273
114000056,1307,714,593
114000057,13776,2860,10916
114000058,594,1247,-653
114000059,243,303,-60
114000060,855,935,-80
114000061,4673,2095,2578
114000062,2691,1011,1680
114000063,3645,1947,1698
114000064,7201,3541,3660
114000065,2202,3012,-810
114000066,388,724,-336
114000067,33,630,-597
114000068,333,565,-232
114000069,1175,454,721
114000070,2652,1885,767
114000071,718,506,212
114000072,238,567,-329
114000073,11,108,-97
114000074,39,22,17
114000075,62,220,-158
114000076,54,181,-127
114000077,6,66,-60
114000078,157,849,-692
114000079,72,21,51
114000080,46,144,-98
114000081,73,87,-14
114000082,56,760,-704
114000083,45,345,-300
114000084,211,111,100
114000085,112,878,-766
114000086,183,703,-520
114000087,56,267,-211
114000088,39,86,-47
114000089,2116,593,1523
114000090,783,668,115
114000091,2229,663,1566
114000092,1162,385,777
114000093,883,693,190
114000094,471,638,-167
114000095,249,101,148
114000096,132,517,-385
114000097,165,828,-663
114000098,467,86,381
114000099,404,1122,-718
114000100,986,1059,-73
114000101,342,1082,-740
114000102,355,421,-66
114000103,128,596,-468
114000104,2,540,-538
114000105,76,72,4
114000106,1527,815,712
114000107,205,99,106
114000108,4090,1344,2746
114000109,389,913,-524
114000110,567,2198,-1631
114000111,1359,621,738
114000112,459,2572,-2113
114000113,1104,457,647
114000114,1330,1968,-638
114000115,1754,823,931
114000116,616,1403,-787
114000117,2173,462,1711
114000118,2058,452,1606
114000119,1661,430,1231
114000120,731,1017,-286
114000121,612,834,-222
114000122,423,315,108
114000123,1383,353,1030
114000124,1403,320,1083
114000125,854,2105,-1251
114000126,1103,217,886
114000127,145,199,-54
114000128,950,624,326
114000130,485,607,-122
114000131,192,60,132
114000132,644,863,-219
114000133,865,1605,-740
114000134,66,220,-154
114000138,50,213,-163
114000139,488,187,301
114000144,665,501,164
114000145,113,192,-79
114000146,111,386,-275
114000147,1247,1477,-230
114000148,2462,1865,597
114000149,321,235,86
114000150,1013,718,295
114000151,1119,1196,-77
114000152,176,30,146
114000153,1116,1533,-417
114000154,978,679,299
114000155,1148,2453,-1305
114000156,1727,562,1165
114000157,443,1295,-852
114000158,2788,697,2091
114000159,171,298,-127
114000160,111,150,-39
114000161,2311,2353,-42
114000162,1086,1950,-864
114000163,8,117,-109
114000165,538,184,354
114000166,914,242,672
114000167,6339,1493,4846
114000168,816,710,106
114000169,2695,943,1752
114000170,1486,1020,466
114000171,894,2739,-1845
114000174,285,447,-162
114000176,1067,373,694
114000177,2792,945,1847
114000178,25,82,-57
114000179,1605,1018,587
114000180,664,712,-48
114000181,1715,3407,-1692
114000182,8647,3053,5594
114000183,1053,1222,-169
114000184,8264,1592,6672
114000185,1075,1013,62
114000189,420,124,296
114000190,1916,302,1614
114000191,45,79,-34
114000192,357,2335,-1978
114000193,947,4159,-3212
114000194,1477,1371,106
114000195,103,18,85
114000196,2,510,-508
114000197,1080,153,927
114000198,1582,493,1089
114000199,2706,1468,1238
114000200,657,2898,-2241
114000201,452,1397,-945
114000202,1243,831,412
114000203,509,1046,-537
114000204,141,666,-525
114000205,251,2165,-1914
114000206,645,1540,-895
114000207,781,2647,-1866
114000208,561,4440,-3879
114000209,616,3915,-3299
114000210,378,2094,-1716
114000211,1240,1911,-671
114000212,766,941,-175
114000213,1402,793,609
114000214,118,214,-96
114000215,190,105,85
114000216,1389,496,893
114000217,222,403,-181
114000218,160,342,-182
114000219,1217,288,929
114000220,29,2074,-2045
114000221,588,183,405
114000222,244,1787,-1543
114000223,487,100,387
114000224,106,1065,-959
114000225,261,664,-403
114000226,85,248,-163
114000227,878,494,384
114000228,970,1097,-127
114000229,1055,1646,-591
114000230,1670,1684,-14
114000231,937,1588,-651
114000232,580,171,409
114000233,2104,161,1943
114000234,1375,1252,123
114000235,997,1933,-936
114000236,0,656,-656
114000237,75,1266,-1191
114000238,133,427,-294
114000239,155,1870,-1715
114000240,646,678,-32
114000241,281,1736,-1455
114000242,1174,1485,-311
114000243,1803,969,834
114000244,996,463,533
114000245,380,769,-389
114000246,237,51,186
114000247,865,770,95
114000248,1100,791,309
114000249,669,591,78
114000250,500,781,-281
114000251,319,494,-175
114000252,81,112,-31
114000253,51,374,-323
114000254,23,102,-79
114000255,1095,266,829
114000256,2679,1348,1331
114000257,578,2077,-1499
114000258,344,426,-82
114000259,73,310,-237
114000260,0,34,-34
114000261,48,40,8
114000262,69,216,-147
114000263,22,3,19
114000264,709,629,80
114000265,0,3,-3
114000267,1,1861,-1860
114000268,4,2086,-2082
114000270,163,4,159
114000271,698,105,593
114000283,800,450,350
114000285,21,326,-305
114000288,54,446,-392
114000289,1082,285,797
114000293,116,560,-444
114000294,157,270,-113
114000395,1915,63,1852
114000396,353,460,-107
114000402,423,396,27
114000403,316,852,-536
114000405,83,682,-599
114000423,223,488,-265
114000424,237,199,38
114000425,429,506,-77
114000426,300,939,-639
114000427,69,122,-53
114000428,367,154,213
114000429,18,272,-254
114000432,152,141,11
114000434,60,92,-32
114000435,0,177,-177
114900001,447,1730,-1283
114900002,384,48,336
114900003,400,2743,-2343
114900004,162,310,-148
114900005,376,1091,-715
114900006,52,45,7
114900007,125,11,114
114900008,91,77,14
114900010,2901,2071,830
114900011,159,177,-18
114900013,172,125,47
114900015,89,310,-221
114900018,951,44,907
114900020,156,45,111
114900022,1,743,-742
114900024,259,140,119
114900025,261,288,-27
114900026,71,114,-43
114900027,135,278,-143
114900029,44,14,30
114900030,278,325,-47
114900031,247,40,207
114900032,247,26,221
114900033,2070,398,1672
114900034,46,267,-221
114900035,94,342,-248
114900036,274,1041,-767
114900037,109,241,-132
114900038,184,928,-744
114900039,440,775,-335
114900040,73,334,-261
114900041,470,677,-207
114900042,652,924,-272
114900043,1338,394,944
114900044,101,14,87
114900046,63,155,-92
114900047,268,1484,-1216
114900048,77,309,-232
114900049,20,227,-207
114900050,23,676,-653
114900051,4,682,-678
114900052,34,230,-196
114900053,54,336,-282
114900054,27,117,-90
114900057,191,8,183
114900058,0,119,-119
114900059,47,25,22
114900060,1494,685,809
114900061,128,160,-32
114900062,289,284,5
114900063,42,237,-195
114900064,946,674,272
114900065,277,733,-456
114900067,44,442,-398
114900068,67,263,-196
114900069,225,172,53
114900070,434,797,-363
114900072,11,317,-306
114900073,5,216,-211
114900074,439,1199,-760
114900075,130,8,122
114900076,4,323,-319
114900080,3892,531,3361
114900082,4420,1769,2651
114900083,1440,1132,308
114900090,245,279,-34
114900091,153,250,-97
114900095,476,140,336
114900096,517,586,-69
114900097,58,4,54
114900098,6,312,-306
114900099,144,4,140
115000001,11210,7787,3423
115000002,4905,4627,278
115000003,6007,5456,551
115000004,4296,6157,-1861
115000005,2486,3768,-1282
115000006,1355,2039,-684
115000007,183,311,-128
115000008,700,659,41
115000009,349,609,-260
115000010,680,198,482
115000013,109,284,-175
115000015,102,574,-472
115000016,42,172,-130
115000019,23,476,-453
115000020,276,580,-304
115000021,339,597,-258
115000022,596,455,141
115000023,337,647,-310
115000024,1460,668,792
115000025,923,736,187
115000026,126,546,-420
115000027,246,268,-22
115000028,215,1049,-834
115000029,651,189,462
115000030,525,1187,-662
115000031,1352,294,1058
115000032,11,292,-281
115000033,195,25,170
115000034,147,1222,-1075
115000035,987,43,944
115000036,1,355,-354
115000037,480,11,469
115000038,40,224,-184
115000039,4543,2950,1593
115000040,7974,4861,3113
115000041,1430,2963,-1533
115000042,754,935,-181
115000043,3632,2863,769
115000044,3928,5650,-1722
115000045,2907,3153,-246
115000046,2023,3324,-1301
115000047,1602,2498,-896
115000048,1561,3770,-2209
115000049,1625,4284,-2659
115000050,3693,2544,1149
115000051,2610,2993,-383
115000052,4539,2521,2018
115000053,1629,1812,-183
115000054,818,1906,-1088
115000055,164,535,-371
115000056,317,320,-3
115000057,557,545,12
115000058,226,130,96
115000059,149,110,39
115000061,293,108,185
115000062,333,417,-84
115000063,306,423,-117
115000064,255,180,75
115000065,184,408,-224
115000067,248,64,184
115000069,69,460,-391
115000070,50,1325,-1275
115000071,180,21,159
115000072,11,78,-67
115000073,2032,74,1958
115000075,106,100,6
115000076,6236,4150,2086
115000077,2007,3812,-1805
115000078,1105,2303,-1198
115000079,1250,3116,-1866
115000080,2400,3590,-1190
115000081,508,1146,-638
115000082,3572,4271,-699
115000083,2167,3516,-1349
115000084,1670,1574,96
115000085,706,1172,-466
115000086,908,1359,-451
115000087,512,1983,-1471
115000088,1966,772,1194
115000089,1946,1785,161
115000090,919,1084,-165
115000091,442,1496,-1054
115000092,291,418,-127
115000093,558,0,558
115000094,11249,5947,5302
115000095,8274,5529,2745
115000096,732,2613,-1881
115000097,609,861,-252
115000098,825,1022,-197
115000099,2041,4585,-2544
115000100,984,695,289
115000101,427,1857,-1430
115000102,577,291,286
115000103,291,954,-663
115000105,46,287,-241
115000106,388,313,75
115000107,113,728,-615
115000108,5037,3135,1902
115000109,7141,3611,3530
115000110,1436,1161,275
115000111,651,2232,-1581
115000112,551,628,-77
115000113,547,971,-424
115000114,1713,846,867
115000116,4284,2069,2215
115000117,4288,2691,1597
115000118,1689,1726,-37
115000119,1956,2314,-358
115000120,593,996,-403
115000121,1640,1039,601
115000122,3746,2207,1539
115000123,1817,1835,-18
115000124,1172,1478,-306
115000125,609,647,-38
115000126,285,288,-3
115000127,739,153,586
115000128,1345,918,427
115000129,579,341,238
115000130,397,1274,-877
115000131,781,376,405
115000132,144,660,-516
115000133,491,455,36
115000134,219,235,-16
115000135,268,280,-12
115000136,305,249,56
115000137,239,157,82
115000138,248,350,-102
115000139,247,265,-18
115000140,271,261,10
115000141,175,349,-174
115000142,148,371,-223
115000143,565,731,-166
115000144,509,103,406
115000145,408,556,-148
115000146,722,359,363
115000147,1010,553,457
115000148,383,1807,-1424
115000149,912,362,550
115000150,850,1698,-848
115000151,889,544,345
115000152,881,2062,-1181
115000153,2098,611,1487
115000154,859,453,406
115000155,875,1518,-643
115000156,2474,746,1728
115000157,1518,1121,397
115000158,810,482,328
115000159,1532,516,1016
115000160,760,332,428
115000161,151,740,-589
115000162,918,680,238
115000163,717,651,66
115000164,877,624,253
115000165,583,477,106
115000167,328,104,224
115000168,1489,421,1068
115000169,1621,282,1339
115000170,372,145,227
115000171,739,244,495
115000172,2449,740,1709
115000173,672,588,84
115000174,227,308,-81
115000175,310,60,250
115000176,173,54,119
115000177,148,50,98
115000178,28,341,-313
115000179,54,26,28
115000180,131,1011,-880
115000181,562,189,373
115000182,762,607,155
115000183,225,1475,-1250
115000186,728,284,444
115000187,184,1089,-905
115000188,465,797,-332
115000189,339,716,-377
115000190,1216,797,419
115000191,516,663,-147
115000194,280,194,86
115000195,306,335,-29
115000196,121,135,-14
115000197,182,413,-231
115000198,184,329,-145
115000199,306,291,15
115000200,259,157,102
115000201,256,517,-261
115000206,369,86,283
115000207,131,428,-297
115000208,698,866,-168
115000209,557,306,251
115000210,108,121,-13
115000211,256,247,9
115000212,3263,314,2949
115000224,380,94,286
115000225,40,71,-31
115000229,292,197,95
115000230,98,614,-516
115000231,325,3003,-2678
115000232,1513,418,1095
115000233,337,195,142
115000234,28,305,-277
115000241,53,260,-207
115000242,58,411,-353
115000243,67,282,-215
115000244,3,122,-119
115000246,72,30,42
115000247,21,22,-1
115000248,20,23,-3
115000249,53,20,33
115000250,723,49,674
115000251,165,175,-10
115000252,85,213,-128
115000253,8,449,-441
115000258,263,294,-31
115000259,301,145,156
115000261,8,50,-42
115000262,5,38,-33
115000263,11,114,-103
115000264,26,84,-58
115000267,54,79,-25
115000268,33,196,-163
115000269,139,72,67
115000270,18,37,-19
115000272,36,221,-185
115000273,382,47,335
115000280,2256,171,2085
115000281,812,436,376
115000282,1804,552,1252
115000284,372,183,189
115000296,1113,10,1103
115000297,651,123,528
115000298,249,254,-5
115000300,270,247,23
115000302,538,250,288
115000303,638,199,439
115000304,784,131,653
115000305,89,1283,-1194
115000306,172,705,-533
115000307,94,332,-238
115000308,102,16,86
115000309,18,48,-30
115000310,937,1142,-205
115000311,731,1933,-1202
115000313,173,947,-774
115000314,338,139,199
115000315,1568,524,1044
115000316,38,87,-49
115000317,201,763,-562
115000318,947,436,511
115000319,134,400,-266
115000320,21,342,-321
115000321,672,7,665
115000322,46,302,-256
115000449,266,230,36
115000557,2,1185,-1183
115000558,505,83,422
115000587,670,335,335
115000588,3845,4734,-889
115000589,4326,3711,615
115000590,1252,1837,-585
115000591,1449,1029,420
115000592,1049,2308,-1259
115000593,1685,765,920
115000594,1093,2689,-1596
115000609,195,306,-111
115000617,1892,3384,-1492
115000624,197,94,103
115000633,482,2669,-2187
115000634,3682,923,2759
115000635,463,114,349
115000638,1751,1202,549
115000641,148,167,-19
115000642,441,352,89
115000643,77,652,-575
115000644,164,457,-293
115000646,734,1352,-618
115000647,186,600,-414
115000648,1503,2173,-670
115000893,4666,1926,2740
115000894,147,1498,-1351
115000895,717,1092,-375
115000896,2396,448,1948
115000897,605,149,456
115000898,994,251,743
115000899,1090,1717,-627
115000900,193,593,-400
115000901,109,205,-96
115000912,320,113,207
115000913,1,45,-44
115000915,58,0,58
115000916,26,0,26
115000917,0,16,-16
115000918,98,295,-197
115000919,33,9,24
115000920,168,74,94
115000921,1310,231,1079
115000922,2936,921,2015
115000923,1055,1122,-67
115000925,111,87,24
115000927,46,54,-8
115000933,846,177,669
115000934,125,179,-54
115000935,109,109,0
115000936,58,729,-671
115000937,1493,281,1212
115000938,259,225,34
115000939,193,198,-5
115000940,9,11,-2
115000941,29,10,19
115000942,156,154,2
115000943,141,18,123
115000944,41,3,38
115900001,60,83,-23
115900002,98,269,-171
115900003,118,177,-59
115900004,2,69,-67
115900005,192,6,186
115900006,125,525,-400
115900008,33,13,20
115900009,88,423,-335
115900010,235,224,11
115900011,334,334,0
115900012,100,94,6
115900013,373,206,167
115900014,61,152,-91
115900015,46,102,-56
115900016,40,29,11
115900017,5,6,-1
115900018,203,111,92
115900019,513,43,470
115900020,16,1,15
115900021,2118,142,1976
115900022,3274,26,3248
115900023,37,0,37
115900025,48,253,-205
115900026,923,387,536
115900027,1,439,-438
115900028,614,77,537
115900029,4,553,-549
115900030,48,22,26
115900031,673,230,443
115900032,414,990,-576
115900033,0,36,-36
115900034,37,655,-618
115900035,180,9,171
115900036,357,669,-312
115900037,45,589,-544
115900038,108,3,105
115900039,158,380,-222
115900041,512,538,-26
115900042,61,8,53
115900043,88,195,-107
115900044,372,265,107
115900046,148,335,-187
115900047,90,81,9
115900049,110,288,-178
115900051,1,123,-122
115900052,16,291,-275
115900053,140,321,-181
115900054,177,70,107
115900055,32,179,-147
115900056,162,423,-261
115900057,66,15,51
115900058,20,83,-63
115900060,33,149,-116
115900061,195,0,195
115900062,19,324,-305
115900063,47,12,35
115900064,155,446,-291
115900065,94,103,-9
115900066,190,240,-50
115900067,11,914,-903
115900068,4198,724,3474
115900069,78,309,-231
115900070,182,284,-102
115900071,0,701,-701
115900072,52,226,-174
115900073,22,63,-41
115900074,3,429,-426
115900075,13,333,-320
115900076,4,111,-107
115900077,4,349,-345
115900078,28,170,-142
115900079,202,17,185
115900080,568,322,246
115900081,20,92,-72
115900082,152,130,22
115900084,316,49,267
115900085,105,69,36
115900086,2037,511,1526
115900088,39,82,-43
115900089,234,838,-604
115900090,255,54,201
115900091,4,42,-38
115900092,35,290,-255
115900093,7,28,-21
115900094,3,483,-480
115900096,4,17,-13
115900097,11,642,-631
115900098,134,718,-584
115900099,22,98,-76
115900100,10,615,-605
115900101,95,526,-431
115900102,31,90,-59
115900103,242,360,-118
115900104,34,212,-178
115900105,97,840,-743
115900106,35,19,16
115900107,22,178,-156
115900108,74,39,35
115900109,35,518,-483
115900110,0,15,-15
115900111,0,64,-64
115900112,17,1174,-1157
115900113,35,25,10
115900114,0,113,-113
115900115,78,195,-117
115900116,75,1119,-1044
115900117,42,20,22
115900118,4,405,-401
115900119,339,118,221
115900120,39,411,-372
115900121,114,320,-206
115900124,130,457,-327
115900125,173,21,152
115900126,483,69,414
115900127,599,67,532
115900128,6,59,-53
115900129,561,42,519
115900130,51,292,-241
115900131,235,43,192
115900132,462,9,453
115900134,298,8,290
115900135,697,865,-168
115900137,8,4,4
115900139,111,88,23
115900140,130,36,94
115900141,25,61,-36
115900142,10,15,-5
115900143,154,325,-171
115900144,59,301,-242
115900146,5,206,-201
115900147,394,264,130
115900148,40,5,35
115900149,56,40,16
115900150,42,86,-44
115900151,9,89,-80
115900152,125,439,-314
115900153,151,289,-138
115900154,723,349,374
115900155,0,114,-114
115900156,601,732,-131
115900157,152,456,-304
115900158,31,1,30
115900159,84,313,-229
115900160,11,19,-8
115900161,32,198,-166
115900163,103,132,-29
115900164,409,53,356
115900166,245,345,-100
115900168,138,202,-64
115900171,179,481,-302
115900172,54,123,-69
115900173,274,151,123
115900174,464,168,296
115900175,87,232,-145
115900178,7,820,-813
115900179,173,27,146
115900180,40,382,-342
115900181,83,385,-302
115900182,290,400,-110
115900183,116,71,45
115900184,1587,16,1571
115900187,13,161,-148
115900189,0,146,-146
115900190,567,1296,-729
115900191,34,583,-549
115900192,6,79,-73
115900193,69,85,-16
115900194,491,52,439
115900195,608,1506,-898
115900198,145,345,-200
115900199,157,312,-155
115900200,231,376,-145
115900201,265,216,49
115900202,0,13,-13
115900203,1,9,-8
115900204,0,12,-12
115900205,81,11,70
115900206,143,165,-22
115900207,17,38,-21
115900208,93,504,-411
115900209,5,155,-150
115900210,3,149,-146
115900211,0,288,-288
115900212,94,274,-180
115900213,174,54,120
115900214,325,312,13
115900215,29,62,-33
115900216,4,98,-94
115900217,2,58,-56
115900218,0,51,-51
115900219,69,2,67
115900220,91,25,66
115900221,65,17,48
115900222,39,26,13
115900223,3,214,-211
115900224,2092,676,1416
115900225,55,26,29
115900226,5,42,-37
115900227,9,49,-40
115900228,8,51,-43
115900229,11,67,-56
115900230,52,156,-104
115900231,153,3,150
115900232,65,3,62
115900233,68,4,64
115900234,37,26,11
115900235,11,44,-33
115900236,16,9,7
115900237,10,14,-4
115900238,1,27,-26
115900239,7,21,-14
115900240,2,65,-63
115900241,167,108,59
115900242,427,388,39
115900243,5,3,2
115900244,5,9,-4
115900245,57,8,49
115900246,5,7,-2
115900247,27,8,19
115900248,11,4,7
115900249,12,8,4
115900250,37,18,19
115900251,1,15,-14
115900252,2,2,0
115900253,6,8,-2
115900254,34,22,12
115900255,10,32,-22
115900256,17,61,-44
115900257,7,4,3
115900258,0,0,0
115900259,8,3,5
115900260,13,7,6
115900261,3,3,0
115900262,0,1,-1
115900263,17,4,13
115900264,2,4,-2
115900265,1,8,-7
115900266,7,4,3
115900267,10,8,2
115900268,10,9,1
115900269,309,464,-155
115900270,327,990,-663
115900271,70,1,69
115900272,38,3,35
115900273,5,7,-2
115900274,6,20,-14
115900275,0,23,-23
115900276,0,68,-68
115900277,0,141,-141
115900278,22,139,-117
115900279,12,168,-156
115900280,10,242,-232
115900281,795,140,655
115900282,19,9,10
115900283,4,11,-7
115900284,6,18,-12
116000001,16461,8208,8253
116000002,4334,10304,-5970
116000003,1635,2471,-836
116000004,2957,2955,2
116000005,6671,4572,2099
116000006,5744,1492,4252
116000007,3564,4820,-1256
116000008,3157,2064,1093
116000009,2104,3024,-920
116000010,2000,1160,840
116000011,929,2421,-1492
116000012,922,915,7
116000013,26643,6117,20526
116000014,26013,15153,10860
116000015,546,1725,-1179
116000016,10670,4119,6551
116000017,42,776,-734
116000018,654,502,152
116000019,994,344,650
116000020,472,1400,-928
116000021,619,345,274
116000022,285,590,-305
116000023,1601,996,605
116000024,860,1507,-647
116000025,1409,724,685
116000026,2067,2485,-418
116000027,888,734,154
116000028,467,724,-257
116000029,1137,697,440
116000030,712,453,259
116000031,120,274,-154
116000032,573,259,314
116000033,453,623,-170
116000034,840,1233,-393
116000035,630,787,-157
116000036,2586,608,1978
116000037,1013,634,379
116000038,1142,443,699
116000039,935,202,733
116000040,2448,231,2217
116000041,284,494,-210
116000042,527,207,320
116000043,60,497,-437
116000044,17,233,-216
116000045,2130,1360,770
116000046,1500,1338,162
116000047,2598,3157,-559
116000048,2873,1748,1125
116000049,1074,2181,-1107
116000050,1237,1759,-522
116000051,5069,1994,3075
116000052,4733,4421,312
116000053,2020,1349,671
116000054,869,2614,-1745
116000055,471,1639,-1168
116000056,576,1563,-987
116000057,3868,2399,1469
116000058,2998,2203,795
116000059,2513,6684,-4171
116000060,2866,1167,1699
116000061,1514,1471,43
116000062,1715,234,1481
116000063,1325,1740,-415
116000066,230,673,-443
116000067,215,868,-653
116000068,403,372,31
116000069,419,567,-148
116000078,447,1226,-779
116000080,1698,1387,311
116000082,13,97,-84
116000083,1291,411,880
116000084,2621,5028,-2407
116000085,1855,1524,331
116000086,2931,1780,1151
116000087,1378,1631,-253
116000088,930,1350,-420
116000089,264,96,168
116000090,212,228,-16
116000091,157,184,-27
116000093,786,826,-40
116000094,635,828,-193
116000095,607,1057,-450
116000096,676,1367,-691
116000097,589,1330,-741
116000098,395,5696,-5301
116000099,15268,550,14718
116000100,104,10,94
116000101,424,1708,-1284
116000102,230,2087,-1857
116000103,280,281,-1
116000104,163,2597,-2434
116000105,1049,239,810
116000106,363,1705,-1342
116000107,1271,581,690
116000108,369,212,157
116000111,192,29,163
116000113,81,62,19
116000114,17,106,-89
116000115,133,76,57
116000116,194,444,-250
116000117,1396,3062,-1666
116000118,1294,2089,-795
116000119,2209,2475,-266
116000120,3048,5853,-2805
116000121,583,671,-88
116000122,1528,2306,-778
116000123,573,616,-43
116000124,289,1201,-912
116000125,1955,860,1095
116000126,200,1583,-1383
116000127,1192,1753,-561
116000128,1307,1134,173
116000129,787,224,563
116000130,358,317,41
116000133,648,1501,-853
116000134,1805,3112,-1307
116000135,1846,1712,134
116000136,1340,2637,-1297
116000137,904,782,122
116000138,690,528,162
116000139,2156,2557,-401
116000140,274,344,-70
116000141,396,1172,-776
116000142,4429,4832,-403
116000143,2143,2155,-12
116000144,1304,3595,-2291
116000145,1669,2005,-336
116000146,344,447,-103
116000147,705,127,578
116000148,580,430,150
116000149,557,549,8
116000151,1111,960,151
116000153,88,1014,-926
116000155,324,367,-43
116000156,904,1329,-425
116000157,44,18,26
116000158,485,386,99
116000159,18,11,7
116000160,14,120,-106
116000161,7,152,-145
116000162,36,91,-55
116000163,15,18,-3
116000164,6,19,-13
116000177,114,125,-11
116000194,143,406,-263
116000195,2854,912,1942
116000196,7,8,-1
116000197,2,8,-6
116000198,4813,1540,3273
116000200,816,332,484
116000201,792,779,13
116000202,4,407,-403
116000203,5,109,-104
116000204,9,74,-65
116000205,0,138,-138
116000206,2,87,-85
116000207,5,26,-21
116000233,156,1062,-906
116000287,113,600,-487
116000288,155,380,-225
116000292,55,178,-123
116000296,15,311,-296
116000297,55,40,15
116000304,76,46,30
116000305,27,82,-55
116000346,162,182,-20
116000352,139,27,112
116000354,156,13,143
116000357,25,16,9
116000358,121,46,75
116000361,787,11,776
116000372,16412,4472,11940
116000381,88,1,87
116000388,1,28,-27
116000389,1023,711,312
116000445,247,682,-435
116000446,352,1403,-1051
116000447,19,490,-471
116000448,850,485,365
116000563,941,936,5
116000565,68,425,-357
116000568,30,244,-214
116000579,21,117,-96
116000584,13,13,0
116000585,17,14,3
116000586,170,89,81
116000587,432,631,-199
116000589,27,94,-67
116000590,38,59,-21
116000591,130,386,-256
116000592,15,111,-96
116000593,0,73,-73
116000594,413,547,-134
116000595,675,169,506
116000596,105,6,99
116000597,214,60,154
116000598,7,140,-133
116000605,386,206,180
116000606,79,259,-180
116000607,4,83,-79
116000609,257,925,-668
116000611,134,552,-418
116000612,709,2551,-1842
116000613,393,467,-74
116000614,491,896,-405
116000615,4,244,-240
116000616,83,138,-55
116000617,70,126,-56
116000618,1,205,-204
116000619,15,31,-16
116000620,75,86,-11
116000621,29,127,-98
116000622,28,183,-155
116000624,66,83,-17
116000627,36,147,-111
116000628,81,1276,-1195
116000629,31,820,-789
116000630,375,46,329
116000631,125,72,53
116000632,426,255,171
116000633,163,603,-440
116000634,257,270,-13
116000635,5140,1694,3446
116000636,3298,1239,2059
116000637,357,111,246
116000638,63,628,-565
116000640,7,16,-9
116000641,137,181,-44
116000644,18,1195,-1177
116900001,215,134,81
116900002,251,3,248
116900003,14,90,-76
116900004,37,36,1
116900005,178,50,128
116900006,251,108,143
116900007,105,214,-109
116900008,223,443,-220
116900009,23,1,22
116900010,7,2494,-2487
116900011,14,65,-51
116900012,91,207,-116
116900013,13,189,-176
116900014,55,311,-256
116900015,280,71,209
116900016,139,0,139
116900017,3,981,-978
116900018,53,44,9
116900019,29,424,-395
116900020,1934,617,1317
116900023,59,20,39
116900024,304,92,212
116900025,688,1169,-481
116900026,208,1015,-807
116900027,20,83,-63
116900028,0,161,-161
116900029,0,65,-65
116900031,3,8,-5
116900032,4,517,-513
116900033,3,38,-35
116900034,6,80,-74
116900035,198,305,-107
116900036,0,116,-116
116900038,25,0,25
116900041,42,20,22
116900042,976,302,674
116900043,19,86,-67
116900047,169,81,88
116900049,28,392,-364
116900050,144,652,-508
116900051,66,328,-262
116900052,381,39,342
116900055,0,10,-10
116900057,11,426,-415
116900058,24,623,-599
116900059,1,222,-221
116900060,396,344,52
116900062,3,2,1
116900064,63,1237,-1174
116900065,18,195,-177
116900067,55,180,-125
116900068,126,311,-185
116900070,2,7,-5
116900072,21,481,-460
116900073,8,284,-276
116900074,10,51,-41
116900076,15,23,-8
116900077,8,213,-205
116900078,357,124,233
116900079,19,490,-471
116900080,2,11,-9
116900081,261,1947,-1686
116900082,322,980,-658
116900083,80,101,-21
116900084,534,76,458
116900085,23,178,-155
116900086,50,300,-250
116900088,323,47,276
116900090,110,79,31
116900091,122,127,-5
116900092,66,1105,-1039
116900093,1540,3245,-1705
116900094,7139,4697,2442
116900095,730,264,466
116900096,107,277,-170
116900097,5929,2359,3570
116900098,961,306,655
116900099,639,530,109
116900100,602,25,577
116900101,248,806,-558
116900103,3,2,1
116900104,41,92,-51
116900105,310,67,243
116900106,909,409,500
116900107,5448,1861,3587
116900110,14,0,14
116900111,360,1438,-1078
116900112,134,1639,-1505
116900113,4907,1466,3441
116900116,243,341,-98
116900117,37,117,-80
116900118,1074,854,220
116900120,195,161,34
116900121,38,57,-19
116900122,476,964,-488
116900123,117,1130,-1013
116900124,154,1400,-1246
116900125,207,376,-169
116900126,332,717,-385
116900128,1,30,-29
116900129,0,330,-330
116900130,1433,2968,-1535
116900131,50,169,-119
116900132,27,59,-32
116900133,73,78,-5
116900134,294,153,141
116900136,130,212,-82
116900137,601,276,325
116900138,132,289,-157
116900139,50,508,-458
116900140,81,204,-123
116900141,581,289,292
116900142,4,49,-45
116900143,227,401,-174
116900144,20,63,-43
116900145,244,353,-109
116900147,1226,330,896
116900148,1,20,-19
116900149,23,208,-185
116900150,11,9,2
116900151,68,26,42
116900153,67,98,-31
116900154,754,296,458
116900155,75,50,25
116900157,307,325,-18
116900158,642,188,454
116900159,34,335,-301
116900160,1148,365,783
116900161,11637,5831,5806
116900162,12,209,-197
116900163,112,166,-54
116900164,100,45,55
116900165,176,165,11
116900166,10,118,-108
116900167,281,69,212
116900168,317,100,217
116900169,1489,338,1151
116900170,163,368,-205
116900171,18,256,-238
116900172,315,174,141
116900173,121,61,60
116900174,16,31,-15
116900175,466,164,302
116900178,34,234,-200
116900179,111,187,-76
116900180,160,26,134
116900182,314,299,15
116900183,101,98,3
116900185,44,40,4
116900186,124,390,-266
116900187,27,37,-10
116900188,125,21,104
116900189,35,1,34
116900191,370,532,-162
116900192,168,200,-32
116900194,84,849,-765
116900195,49,12,37
116900196,12,136,-124
116900197,83,2,81
116900198,283,170,113
116900200,26,31,-5
116900201,79,7,72
116900202,118,62,56
116900203,67,3,64
116900204,44,69,-25
116900206,6,27,-21
116900207,23,25,-2
116900208,11,125,-114
116900209,18,153,-135
116900210,436,233,203
116900211,165,20,145
116900212,28,151,-123
116900213,119,273,-154
116900214,121,99,22
116900215,34,75,-41
116900216,475,215,260
116900218,3,360,-357
116900219,1175,386,789
116900220,59,248,-189
116900221,54,346,-292
116900222,357,298,59
116900223,67,189,-122
116900226,48,92,-44
116900227,123,92,31
116900228,314,328,-14
116900230,43,452,-409
116900231,27,633,-606
116900232,11,642,-631
116900233,201,133,68
116900234,5,6,-1
116900235,167,306,-139
116900238,1641,492,1149
116900239,139,1916,-1777
116900240,8712,3012,5700
116900241,28,172,-144
116900242,1953,503,1450
116900243,0,71,-71
116900245,23,12,11
116900246,85,11,74
116900247,309,10,299
116900248,77,34,43
116900249,204,160,44
116900250,219,43,176
116900251,612,270,342
116900252,78,1619,-1541
116900253,139,126,13
116900254,16,117,-101
116900255,65,46,19
116900256,199,111,88
116900257,31,605,-574
116900258,5,389,-384
116900259,95,12,83
116900260,6,238,-232
116900261,32,0,32
116900262,124,188,-64
116900263,1,17,-16
116900264,51,71,-20
116900265,34,0,34
116900266,11,89,-78
116900267,0,1,-1
116900268,189,6,183
116900269,497,826,-329
116900271,1205,140,1065
116900272,593,775,-182
116900273,793,49,744
116900274,171,86,85
116900275,89,209,-120
116900276,1156,77,1079
116900277,773,31,742
116900278,12,10,2
116900279,0,25,-25
116900280,23,39,-16
116900281,11432,3473,7959
116900282,0,199,-199
116900283,17,197,-180
116900284,6,326,-320
116900285,521,664,-143
116900286,202,24,178
116900287,4,135,-131
116900288,34,154,-120
116900289,12,39,-27
116900290,1,51,-50
116900291,6,22,-16
116900292,0,4,-4
116900293,24,88,-64
116900294,64,162,-98
116900295,917,53,864
116900296,162,78,84
116900297,12,124,-112
116900298,205,73,132
116900299,190,72,118
116900300,13,239,-226
116900301,171,147,24
116900302,207,64,143
116900303,1095,71,1024
116900304,0,208,-208
116900305,51,157,-106
116900306,82,191,-109
116900307,37,2,35
116900308,3,248,-245
116900309,41,218,-177
117000001,2295,2312,-17
117000002,3192,6760,-3568
117000003,12961,3632,9329
117000004,6677,8495,-1818
117000005,2222,2169,53
117000006,1634,7055,-5421
117000007,4648,1751,2897
117000008,1859,8014,-6155
117000009,5710,2310,3400
117000010,3934,7547,-3613
117000011,2237,2746,-509
117000012,1561,2813,-1252
117000013,2683,1717,966
117000014,2615,4014,-1399
117000015,5231,1747,3484
117000016,2017,70,1947
117000017,1694,177,1517
117000018,476,465,11
117000019,683,18,665
117000020,638,1836,-1198
117000021,3427,1281,2146
117000022,1243,72,1171
117000023,1752,322,1430
117000024,1214,83,1131
117000025,4376,537,3839
117000026,9776,761,9015
117000027,2989,1767,1222
117000028,4704,1065,3639
117000030,1272,812,460
117000031,499,282,217
117000032,4063,1730,2333
117000033,1729,1307,422
117000034,530,604,-74
117000035,351,403,-52
117000036,588,612,-24
117000037,399,351,48
117000038,623,923,-300
117000039,585,376,209
117000040,141,1438,-1297
117000041,803,223,580
117000044,60,1692,-1632
117000045,841,76,765
117000046,887,971,-84
117000047,1120,817,303
117000048,3086,2481,605
117000049,98,764,-666
117000050,192,3354,-3162
117000051,2189,161,2028
117000052,23,696,-673
117000053,369,65,304
117000054,1487,6,1481
117000055,18,4726,-4708
117000056,540,16,524
117000057,740,3001,-2261
117000060,406,2500,-2094
117000061,2346,1335,1011
117000062,328,812,-484
117000063,2425,1003,1422
117000064,1127,1458,-331
117000066,1368,997,371
117000067,492,390,102
117000074,177,423,-246
117000076,58,73,-15
117000077,156,107,49
117000078,180,918,-738
117000079,335,310,25
117000080,1,498,-497
117000081,1619,141,1478
117000082,25,87,-62
117000083,199,9,190
117000084,646,2,644
117000085,183,642,-459
117000086,1244,851,393
117000087,97,707,-610
117000088,286,412,-126
117000089,1447,457,990
117000090,269,2158,-1889
117000091,631,395,236
117000092,390,2123,-1733
117000093,942,858,84
117000094,1178,4092,-2914
117000095,3083,1042,2041
117000096,576,3404,-2828
117000097,1138,1531,-393
117000098,3077,6981,-3904
117000099,2628,1148,1480
117000100,150,203,-53
117000101,281,1782,-1501
117000102,1338,679,659
117000103,884,2322,-1438
117000104,1150,715,435
117000105,1013,2153,-1140
117000106,1044,1012,32
117000107,593,2549,-1956
117000108,1254,1231,23
117000109,2651,3413,-762
117000110,1317,885,432
117000111,4919,8020,-3101
117000112,3164,3114,50
117000113,97,386,-289
117000114,123,235,-112
117000115,52,224,-172
117000116,85,322,-237
117000117,2750,477,2273
117000118,748,170,578
117000119,883,146,737
117000120,948,469,479
117000121,194,1413,-1219
117000122,1121,2327,-1206
117000123,4006,42,3964
117000124,1188,56,1132
117000125,1286,87,1199
117000126,164,35,129
117000127,381,441,-60
117000128,613,976,-363
117000129,2092,636,1456
117000130,170,2,168
117000131,0,162,-162
117000132,1772,26,1746
117000133,825,99,726
117000134,2,67,-65
117000135,6,27,-21
117000136,3,41,-38
117000137,97,76,21
117000138,4,746,-742
117000140,513,2071,-1558
117000141,1421,815,606
117000181,995,277,718
117000182,328,369,-41
117000195,225,1693,-1468
117000196,146,83,63
117000225,376,22,354
117000226,9,205,-196
117000276,208,15,193
117000277,3,699,-696
117000310,3797,5254,-1457
117000315,37,2288,-2251
117000320,175,0,175
117000906,339,12,327
117000907,11,583,-572
117000909,172,42,130
117000910,177,178,-1
117000911,122,254,-132
117000915,8,892,-884
117000916,27,3,24
117000917,716,17,699
117000918,71,83,-12
117000919,3,224,-221
117000920,5,1949,-1944
117000921,9,2384,-2375
117000922,66,215,-149
117000924,1493,1428,65
117000926,1127,94,1033
117000927,1978,559,1419
117000928,1,226,-225
117000929,155,929,-774
117000930,131,17,114
117000931,398,150,248
117900002,542,454,88
117900003,832,494,338
117900005,19,344,-325
117900006,0,37,-37
117900007,224,128,96
117900008,0,34,-34
117900010,864,148,716
117900011,45,17,28
117900012,40,214,-174
117900013,1,483,-482
117900014,1442,310,1132
117900015,39,314,-275
117900016,2158,738,1420
117900017,771,723,48
117900018,387,61,326
117900019,422,703,-281
117900020,69,461,-392
117900021,28,104,-76
117900022,25,12,13
117900023,723,884,-161
117900024,107,146,-39
117900025,46,8,38
117900026,352,579,-227
117900028,322,27,295
117900029,208,1493,-1285
117900030,428,250,178
117900031,785,141,644
117900032,874,550,324
117900033,160,1285,-1125
117900034,115,105,10
117900035,112,55,57
117900036,285,821,-536
117900037,60,137,-77
117900038,19,448,-429
117900039,8,86,-78
117900040,62,714,-652
117900041,2,45,-43
117900042,5989,625,5364
117900043,39,60,-21
117900044,10,5249,-5239
117900045,274,193,81
117900048,194,303,-109
117900049,154,1032,-878
117900050,18,61,-43
117900051,121,3,118
117900052,67,463,-396
117900053,1010,682,328
117900054,1,10,-9
117900055,165,625,-460
117900056,463,60,403
117900057,1109,1804,-695
117900058,288,14,274
117900059,1367,97,1270
117900060,1217,6484,-5267
117900061,41,575,-534
117900063,420,344,76
117900065,695,1370,-675
117900066,9,61,-52
117900067,312,428,-116
117900069,957,690,267
117900070,539,8,531
117900071,269,196,73
117900073,377,642,-265
117900074,464,32,432
117900075,185,145,40
117900076,46,80,-34
117900077,226,131,95
117900078,213,539,-326
117900080,577,78,499
117900081,498,488,10
117900082,232,340,-108
117900083,330,1085,-755
117900086,208,45,163
117900087,72,41,31
117900088,3166,2922,244
117900089,1353,490,863
117900090,753,1153,-400
117900091,398,228,170
117900092,90,62,28
117900093,54,93,-39
117900094,32,14,18
117900095,870,824,46
117900096,81,368,-287
117900097,95,75,20
117900098,19,5,14
117900099,206,526,-320
117900100,196,0,196
117900101,636,1439,-803
117900102,27,57,-30
117900103,23,1,22
117900104,30,225,-195
117900105,149,298,-149
117900106,71,50,21
117900107,18,0,18
117900109,345,359,-14
117900110,47,0,47
117900111,269,12,257
117900112,33,7,26
117900113,7880,3020,4860
117900114,13,0,13
117900115,307,51,256
117900116,971,1325,-354
117900117,317,423,-106
117900118,46,0,46
117900119,75,345,-270
117900120,99,184,-85
117900121,101,14,87
117900122,1834,2419,-585
117900123,1109,960,149
117900124,683,678,5
117900125,1471,1259,212
117900126,259,792,-533
117900127,543,794,-251
117900128,288,1196,-908
117900129,43,0,43
117900130,854,413,441
117900131,0,129,-129
117900132,11,141,-130
117900133,6,148,-142
117900134,48,167,-119
117900135,13,197,-184
117900136,0,76,-76
117900137,20,389,-369
117900138,1,55,-54
117900139,71,140,-69
117900140,8482,644,7838
117900141,912,395,517
117900142,64,23,41
117900144,213,99,114
117900145,30,109,-79
117900146,974,94,880
117900147,74,93,-19
117900148,5292,1145,4147
117900149,50,170,-120
117900150,52,108,-56
117900151,109,128,-19
117900152,220,129,91
117900153,64,106,-42
117900154,774,1082,-308
117900156,1035,1397,-362
117900157,117,607,-490
117900158,118,128,-10
117900160,538,420,118
117900161,2625,3027,-402
117900162,335,596,-261
117900163,336,23,313
117900165,0,12,-12
117900166,143,449,-306
117900168,30,180,-150
117900169,1,182,-181
117900170,0,39,-39
117900171,3,27,-24
117900172,10,41,-31
117900173,174,76,98
117900174,22,65,-43
117900175,4,57,-53
117900176,9,99,-90
117900177,9,60,-51
117900178,96,47,49
117900180,412,40,372
117900181,260,255,5
117900182,6,33,-27
117900183,83,223,-140
117900184,10,43,-33
117900185,18,40,-22
117900186,27,30,-3
117900187,23,7,16
117900188,189,28,161
117900189,66,27,39
117900190,14,0,14
117900191,85,2,83
117900192,192,2,190
117900193,4,73,-69
117900194,11,3,8
117900195,8,31,-23
117900196,6,19,-13
117900207,208,138,70
117900208,30,34,-4
117900209,196,250,-54
117900210,129,259,-130
117900211,1,236,-235
117900212,78,284,-206
117900213,8,21,-13
117900214,1,66,-65
117900215,67,70,-3
117900216,112,21,91
117900217,289,116,173
117900218,465,447,18
117900219,25,64,-39
117900220,276,81,195
117900222,144,348,-204
117900223,123,386,-263
118000001,1193,779,414
118000002,2138,3288,-1150
118000003,8800,3026,5774
118000004,9072,2882,6190
118000005,5835,5766,69
118000006,7518,12939,-5421
118000007,12219,2790,9429
118000008,10029,4699,5330
118000009,3462,3726,-264
118000010,3943,4837,-894
118000011,1238,3486,-2248
118000012,2173,3666,-1493
118000013,5008,4548,460
118000014,2468,5125,-2657
118000016,217,563,-346
118000017,332,612,-280
118000018,344,566,-222
118000019,2597,1743,854
118000020,1555,2236,-681
118000021,1839,2904,-1065
118000022,2726,1028,1698
118000023,1695,385,1310
118000024,1699,1086,613
118000027,18887,12705,6182
118000029,986,929,57
118000032,1550,5432,-3882
118000033,3700,4513,-813
118000034,6406,2530,3876
118000035,1855,2723,-868
118000036,3467,1373,2094
118000037,1607,1164,443
118000038,130,128,2
118000039,199,781,-582
118000040,2332,2911,-579
118000041,3485,2126,1359
118000045,1211,123,1088
118000046,3755,682,3073
118000047,5924,632,5292
118000048,9399,1730,7669
118000051,4265,842,3423
118000052,3878,489,3389
118000053,3248,1024,2224
118000054,4642,4638,4
118000055,3678,4930,-1252
118000056,391,368,23
118000057,315,945,-630
118000058,8576,1401,7175
118000059,7129,889,6240
118000060,1848,864,984
118000061,935,1809,-874
118000062,718,584,134
118000063,552,502,50
118000064,1913,1302,611
118000065,7858,3240,4618
118000066,1669,1756,-87
118000067,2149,1025,1124
118000068,3815,5472,-1657
118000069,6426,1846,4580
118000070,11360,2692,8668
118000071,5194,10356,-5162
118000072,5966,1063,4903
118000073,5461,641,4820
118000074,996,854,142
118000075,1202,315,887
118000076,3543,1746,1797
118000077,2688,1746,942
118000078,4154,2538,1616
118000079,497,504,-7
118000080,2473,1151,1322
118000081,3474,1220,2254
118000082,532,1376,-844
118000083,3019,1893,1126
118000084,4410,2164,2246
118000086,533,744,-211
118000087,9136,3073,6063
118000088,3460,2871,589
118000089,5378,3204,2174
118000090,3138,4148,-1010
118000091,2139,4353,-2214
118000092,1775,757,1018
118000093,217,1012,-795
118000096,1035,834,201
118000097,1568,953,615
118000098,427,213,214
118000099,403,1024,-621
118000101,918,520,398
118000102,468,2313,-1845
118000107,4943,689,4254
118000108,889,3479,-2590
118000110,0,31,-31
118000111,3,754,-751
118000112,443,3,440
118000113,11,1529,-1518
118000114,330,22,308
118000115,14,35,-21
118000116,138,1,137
118000117,2890,1223,1667
118000118,3014,736,2278
118000119,1386,1203,183
118000120,2430,1717,713
118000121,132,755,-623
118000122,2297,319,1978
118000123,114,314,-200
118000125,3383,1365,2018
118000126,2297,1779,518
118000127,3469,1012,2457
118000128,1433,1587,-154
118000129,2510,600,1910
118000130,4191,6276,-2085
118000131,1589,1411,178
118000132,2736,2155,581
118000133,3071,703,2368
118000135,1005,509,496
118000136,280,700,-420
118000137,2567,132,2435
118000138,452,1279,-827
118000139,485,137,348
118000140,2858,5119,-2261
118000141,2220,3172,-952
118000142,2010,2695,-685
118000143,1733,1446,287
118000144,2179,1378,801
118000145,1808,3330,-1522
118000146,1039,1456,-417
118000147,995,2362,-1367
118000148,517,2030,-1513
118000149,914,1661,-747
118000150,307,570,-263
118000151,254,541,-287
118000153,1063,1778,-715
118000154,1209,2368,-1159
118000155,1017,1860,-843
118000156,3952,3262,690
118000157,699,522,177
118000158,176,606,-430
118000159,54,122,-68
118000160,498,577,-79
118000161,409,970,-561
118000162,1166,1100,66
118000163,778,1078,-300
118000164,3886,2059,1827
118000168,2266,589,1677
118000169,1477,2119,-642
118000170,5004,9229,-4225
118000171,382,906,-524
118000172,126,570,-444
118000173,1223,1368,-145
118000175,258,374,-116
118000176,197,429,-232
118000177,221,637,-416
118000178,230,44,186
118000179,1762,1088,674
118000180,900,1008,-108
118000181,1083,307,776
118000182,285,296,-11
118000183,218,362,-144
118000184,589,1436,-847
118000185,820,929,-109
118000186,592,835,-243
118000187,1235,930,305
118000188,1126,346,780
118000189,490,1358,-868
118000190,7,17,-10
118000191,17,17,0
118000192,314,213,101
118000193,270,516,-246
118000194,4361,1908,2453
118000195,2540,728,1812
118000196,1485,157,1328
118000197,717,116,601
118000198,1039,547,492
118000199,2341,468,1873
118000200,124,257,-133
118000201,1306,529,777
118000202,157,49,108
118000203,3126,427,2699
118000204,465,433,32
118000205,457,531,-74
118000206,348,255,93
118000207,0,121,-121
118000208,1419,2256,-837
118000209,1844,2656,-812
118000210,33,50,-17
118000211,20,41,-21
118000213,2683,1010,1673
118000214,1267,997,270
118000215,336,749,-413
118000216,1851,7440,-5589
118000217,10,178,-168
118000218,72,130,-58
118000219,885,805,80
118000220,6,40,-34
118000221,140,340,-200
118000222,84,22,62
118000223,37,49,-12
118000224,529,119,410
118000225,196,1318,-1122
118000226,2787,158,2629
118000227,1380,439,941
118000228,175,160,15
118000229,691,61,630
118000230,145,296,-151
118000231,118,258,-140
118000232,834,1233,-399
118000233,779,1101,-322
118000234,399,362,37
118000236,564,456,108
118000237,80,856,-776
118000238,171,332,-161
118000239,290,499,-209
118000240,635,134,501
118000241,235,490,-255
118000242,346,951,-605
118000243,160,265,-105
118000244,18,159,-141
118000246,0,6,-6
118000255,101,393,-292
118000256,147,412,-265
118000259,6,103,-97
118000260,295,170,125
118000261,22,133,-111
118000263,140,281,-141
118000266,127,579,-452
118000267,0,97,-97
118000268,1434,4,1430
118000270,56,59,-3
118000271,195,511,-316
118000272,101,36,65
118000273,63,122,-59
118000274,122,453,-331
118000276,277,390,-113
118000295,9,82,-73
118000298,92,545,-453
118000299,81,300,-219
118000301,0,100,-100
118000302,75,143,-68
118000311,305,146,159
118000312,247,260,-13
118000313,33,204,-171
118000314,60,85,-25
118000315,25,110,-85
118000316,702,888,-186
118000325,18,60,-42
118000326,18,51,-33
118000331,4,40,-36
118000332,2,43,-41
118000333,52,57,-5
118000335,238,1,237
118000336,0,434,-434
118000407,122,104,18
118000457,15,33,-18
118000465,3843,5928,-2085
118000480,61,227,-166
118000489,134,514,-380
118000490,124,733,-609
118000492,190,346,-156
118000510,134,22,112
118000514,307,494,-187
118000515,1325,997,328
118000517,636,369,267
118000524,1146,283,863
118000525,1033,1059,-26
118000530,20,110,-90
118000531,214,325,-111
118000532,242,319,-77
118000533,521,134,387
118000534,970,469,501
118000535,255,168,87
118000536,734,1551,-817
118000537,137,117,20
118000538,82,160,-78
118000539,9,127,-118
118000540,481,291,190
118000541,546,79,467
118000542,280,178,102
118000543,469,229,240
118000546,30,39,-9
118000553,0,0,0
118000560,3966,1667,2299
118000562,28,675,-647
118000563,3246,2047,1199
118000576,201,313,-112
118000577,361,207,154
118000578,312,246,66
118000579,1208,1706,-498
118000583,0,0,0
118000595,218,85,133
118000596,0,99,-99
118000597,149,177,-28
118000598,2,0,2
118000599,28,96,-68
118000600,2,10,-8
118000601,5,0,5
118000602,0,15,-15
118000603,0,71,-71
118000605,35,650,-615
118900001,1542,1662,-120
118900002,1385,1110,275
118900003,249,36,213
118900004,15,48,-33
118900005,104,1,103
118900006,123,4,119
118900007,16,4,12
118900008,1200,29,1171
118900009,23,20,3
118900010,37,1,36
118900011,151,32,119
118900012,399,231,168
118900013,853,100,753
118900015,148,46,102
118900016,4,27,-23
118900017,223,263,-40
118900018,1702,21,1681
118900019,47,16,31
118900020,272,153,119
118900021,229,457,-228
118900022,88,87,1
118900023,281,143,138
118900024,87,282,-195
118900025,124,35,89
118900026,40,84,-44
118900027,621,480,141
118900028,171,194,-23
118900029,356,659,-303
118900030,252,148,104
118900031,122,152,-30
118900032,264,268,-4
118900033,1479,995,484
118900034,238,21,217
118900035,172,317,-145
118900036,834,1085,-251
118900037,702,407,295
118900038,361,386,-25
118900039,377,282,95
118900040,131,216,-85
118900041,625,228,397
118900042,209,173,36
118900045,256,270,-14
118900046,965,317,648
118900047,1138,348,790
118900048,1227,227,1000
118900049,80,49,31
118900050,6,112,-106
118900051,236,109,127
118900052,587,334,253
118900053,28,153,-125
118900054,128,120,8
118900055,42,132,-90
118900056,148,347,-199
118900057,620,409,211
118900058,758,521,237
118900059,41,102,-61
118900060,47,231,-184
118900062,194,278,-84
118900064,606,869,-263
118900065,29,323,-294
118900066,119,150,-31
118900067,6902,3651,3251
118900068,8,1076,-1068
118900069,295,473,-178
118900071,5,90,-85
118900072,566,569,-3
118900073,71,187,-116
118900074,94,225,-131
118900075,47,83,-36
118900076,616,62,554
118900077,167,225,-58
118900078,53,8,45
118900079,71,243,-172
118900080,11,113,-102
118900081,80,27,53
118900082,756,213,543
118900083,15,24,-9
118900084,19,34,-15
118900085,535,1298,-763
118900086,29,97,-68
118900087,22,227,-205
118900088,0,15,-15
118900089,67,9,58
118900090,398,622,-224
118900091,212,274,-62
118900092,95,112,-17
118900093,232,11,221
118900096,83,145,-62
118900097,147,1036,-889
118900099,30,437,-407
118900100,169,247,-78
118900101,41,674,-633
118900102,101,120,-19
118900103,34,130,-96
118900104,145,242,-97
118900105,202,85,117
118900107,168,92,76
118900108,102,105,-3
118900110,2279,1013,1266
118900111,427,803,-376
118900112,114,177,-63
118900113,177,916,-739
118900114,29,105,-76
118900115,61,438,-377
118900116,96,166,-70
118900117,106,156,-50
118900118,157,644,-487
118900119,98,315,-217
118900120,100,381,-281
118900121,32,342,-310
118900122,12,956,-944
118900123,142,285,-143
118900124,132,206,-74
118900126,49,299,-250
118900129,402,153,249
118900130,99,125,-26
118900131,101,284,-183
118900132,806,253,553
118900133,34,92,-58
118900135,187,301,-114
118900136,178,908,-730
118900137,1,22,-21
118900139,304,791,-487
118900140,465,886,-421
118900141,57,292,-235
118900144,315,656,-341
118900145,25,224,-199
118900146,289,1095,-806
118900147,711,189,522
118900148,61,81,-20
118900150,198,750,-552
118900152,437,1107,-670
118900157,212,273,-61
118900158,53,137,-84
118900159,1,257,-256
118900161,283,7,276
118900163,317,65,252
118900164,4,128,-124
118900165,48,355,-307
118900166,19,3,16
118900167,123,194,-71
118900168,9,51,-42
118900169,96,642,-546
118900170,172,161,11
118900171,15,33,-18
118900174,50,123,-73
118900175,314,441,-127
118900176,100,235,-135
118900177,33,67,-34
118900178,55,142,-87
118900179,2,51,-49
118900181,80,149,-69
118900182,117,51,66
118900183,42,102,-60
118900184,192,65,127
118900185,96,180,-84
118900186,65,97,-32
118900187,249,406,-157
118900188,304,322,-18
118900189,25,721,-696
118900190,12,714,-702
118900191,151,45,106
118900192,238,33,205
118900193,374,18,356
118900195,428,1238,-810
118900196,26,235,-209
118900197,87,118,-31
118900198,13,40,-27
118900199,46,54,-8
118900200,31,9,22
118900201,51,28,23
118900202,8,84,-76
118900203,8,21,-13
118900204,10,31,-21
118900205,3,18,-15
118900206,11,27,-16
119000001,1393,1739,-346
119000002,3034,3315,-281
119000003,1623,2100,-477
119000004,2669,2116,553
119000005,4168,3098,1070
119000006,2412,2319,93
119000007,4341,4380,-39
119000008,2471,2543,-72
119000009,4322,4378,-56
119000010,10049,4718,5331
119000011,6325,3111,3214
119000012,4863,3916,947
119000013,2253,1562,691
119000014,3322,4597,-1275
119000019,338,252,86
119000020,2193,1827,366
119000021,3395,2942,453
119000022,5306,3583,1723
119000023,581,305,276
119000024,3119,9754,-6635
119000025,18816,1776,17040
119000026,296,325,-29
119000027,654,604,50
119000028,3084,2030,1054
119000029,137,318,-181
119000030,517,1706,-1189
119000031,878,813,65
119000032,2357,2811,-454
119000033,2457,2793,-336
119000034,1143,1310,-167
119000035,27,460,-433
119000036,1252,1606,-354
119000037,1002,2915,-1913
119000038,127,1526,-1399
119000039,306,407,-101
119000040,1946,764,1182
119000041,1671,2001,-330
119000048,4417,4970,-553
119000049,2279,4458,-2179
119000050,2255,3838,-1583
119000051,2626,1399,1227
119000052,2751,4571,-1820
119000053,2028,1366,662
119000054,2878,5786,-2908
119000055,3178,4479,-1301
119000056,1824,2667,-843
119000057,1333,3490,-2157
119000058,2032,3132,-1100
119000059,1312,2571,-1259
119000060,1446,1139,307
119000061,964,1039,-75
119000062,1107,1634,-527
119000063,454,469,-15
119000064,2484,2372,112
119000065,2166,3658,-1492
119000066,2080,1312,768
119000067,2195,3689,-1494
119000068,1484,1378,106
119000069,1497,3912,-2415
119000070,1781,1447,334
119000071,470,1152,-682
119000072,9712,4613,5099
119000073,5984,6954,-970
119000074,1079,5138,-4059
119000075,1238,3349,-2111
119000076,423,955,-532
119000077,825,510,315
119000078,318,211,107
119000079,70,917,-847
119000080,295,335,-40
119000081,347,381,-34
119000082,826,312,514
119000083,529,428,101
119000084,278,576,-298
119000085,706,395,311
119000086,197,523,-326
119000087,2169,1239,930
119000088,310,291,19
119000089,62,194,-132
119000090,134,196,-62
119000091,157,359,-202
119000092,643,309,334
119000093,5701,4995,706
119000094,2644,9803,-7159
119000095,1426,3921,-2495
119000097,3881,2321,1560
119000098,901,2289,-1388
119000099,2728,2836,-108
119000100,3251,2414,837
119000101,2997,2026,971
119000102,969,852,117
119000103,1566,559,1007
119000104,4352,1985,2367
119000105,967,1492,-525
119000106,375,2679,-2304
119000107,587,621,-34
119000108,390,1688,-1298
119000109,131,266,-135
119000110,563,284,279
119000111,66,591,-525
119000112,184,80,104
119000113,2530,304,2226
119000114,858,921,-63
119000115,157,365,-208
119000116,261,122,139
119000117,138,452,-314
119000118,0,0,0
119000123,7238,610,6628
119000124,521,270,251
119000125,2441,1459,982
119000126,746,1228,-482
119000127,428,1131,-703
119000128,23,0,23
119000131,800,1328,-528
119000132,3,6,-3
119000133,10,7,3
119000134,4753,770,3983
119000135,160,148,12
119000136,163,294,-131
119000137,122,658,-536
119000138,237,547,-310
119000139,173,364,-191
119000140,145,303,-158
119000284,1577,4080,-2503
119000285,3503,2991,512
119000286,7931,7098,833
119000287,1828,3057,-1229
119000288,3076,2093,983
119000289,4768,5260,-492
119000290,207,936,-729
119000291,6,559,-553
119000293,65,307,-242
119000294,51,32,19
119000295,3447,858,2589
119000296,101,163,-62
119000299,0,0,0
119000302,5142,1898,3244
119000303,57,257,-200
119000310,0,0,0
119000314,1589,8181,-6592
119000315,0,753,-753
119000316,88,144,-56
119000317,57,663,-606
119900001,218,1092,-874
119900002,230,403,-173
119900003,46,1499,-1453
119900004,353,605,-252
119900005,187,193,-6
119900006,164,356,-192
119900007,750,106,644
119900008,23,26,-3
119900009,539,601,-62
119900010,1058,983,75
119900011,19,66,-47
119900012,17,72,-55
119900013,1647,660,987
119900014,600,205,395
119900015,119,23,96
119900016,36,136,-100
119900017,18,47,-29
119900018,2119,462,1657
119900019,32,6,26
119900020,127,147,-20
119900021,122,49,73
119900022,175,333,-158
119900023,1441,914,527
119900025,132,15,117
119900026,1332,101,1231
119900027,9,26,-17
119900028,133,86,47
119900029,2,6,-4
119900030,350,530,-180
119900031,38,274,-236
119900033,1733,182,1551
119900034,198,122,76
119900037,127,52,75
119900038,41,235,-194
119900039,41,9,32
119900040,81,5,76
119900041,90,28,62
119900042,45,211,-166
119900043,52,228,-176
119900044,268,538,-270
119900046,57,67,-10
119900047,237,53,184
119900048,66,42,24
119900049,81,17,64
119900050,76,64,12
119900051,607,7,600
119900052,32,39,-7
119900053,124,356,-232
119900054,103,4,99
119900055,1093,394,699
119900057,102,72,30
119900058,174,1,173
119900059,263,63,200
119900060,154,7,147
119900061,39,4,35
119900062,28,18,10
119900063,15,61,-46
119900065,165,5,160
119900066,1,0,1
119900067,73,29,44
119900068,300,2,298
119900069,91,13,78
119900070,531,6,525
119900071,403,10,393
119900073,2315,607,1708
119900074,85,15,70
119900075,7529,2492,5037
119900076,300,513,-213
119900077,572,1559,-987
119900078,366,1183,-817
119900079,233,425,-192
119900080,422,563,-141
119900081,239,123,116
119900082,1036,305,731
119900083,351,111,240
119900084,1141,204,937
119900085,222,75,147
119900086,377,1122,-745
119900087,1218,302,916
119900088,28,63,-35
119900089,14,731,-717
119900090,280,87,193
119900091,74,1490,-1416
119900092,15,514,-499
119900093,1077,233,844
119900094,33,240,-207
119900095,207,120,87
119900096,23,108,-85
119900097,644,218,426
119900098,42,85,-43
119900099,39,347,-308
119900100,3481,2314,1167
119900101,196,1035,-839
119900102,20,387,-367
119900103,43,699,-656
119900104,38,367,-329
119900105,779,1034,-255
119900106,25,288,-263
119900107,421,5484,-5063
119900108,2344,978,1366
119900109,55,526,-471
119900110,501,1221,-720
119900111,40,391,-351
119900112,4559,706,3853
119900113,123,575,-452
119900114,200,2802,-2602
119900115,156,1749,-1593
119900116,110,508,-398
119900117,212,1289,-1077
119900118,36,1542,-1506
119900119,220,391,-171
119900120,658,950,-292
119900121,242,1936,-1694
119900122,597,503,94
119900123,198,343,-145
119900124,133,1351,-1218
119900125,46,532,-486
119900126,7682,426,7256
119900127,3339,1316,2023
119900128,313,1043,-730
119900129,140,1237,-1097
119900130,28,463,-435
119900131,39,459,-420
119900132,3,545,-542
119900133,31,58,-27
119900134,3213,366,2847
119900135,3,827,-824
119900136,206,749,-543
119900138,390,916,-526
119900139,18,103,-85
119900140,2,216,-214
119900141,248,832,-584
119900142,12,27,-15
119900143,11,199,-188
119900144,3647,381,3266
119900145,123,289,-166
119900146,168,195,-27
119900147,1,173,-172
119900148,162,77,85
119900149,2645,2868,-223
119900150,219,202,17
119900151,2864,1005,1859
119900152,76,629,-553
119900153,91,107,-16
119900154,24,489,-465
119900155,33,47,-14
119900156,10,1,9
119900157,57,371,-314
119900158,135,131,4
119900159,10,2174,-2164
119900160,25,213,-188
119900161,181,376,-195
119900162,729,938,-209
119900163,157,147,10
119900164,0,0,0
119900165,126,488,-362
119900166,70,45,25
119900167,125,108,17
119900168,636,510,126
119900169,117,574,-457
119900170,166,197,-31
119900171,632,704,-72
119900172,139,18,121
119900173,9,720,-711
119900174,12,226,-214
119900175,717,767,-50
119900177,14,300,-286
119900178,61,254,-193
119900179,56,279,-223
119900180,940,780,160
119900181,53,84,-31
119900182,3,677,-674
119900183,115,1396,-1281
119900184,4147,763,3384
119900185,55,155,-100
119900186,124,614,-490
119900187,8,742,-734
119900188,33,319,-286
119900189,414,267,147
119900190,83,156,-73
119900191,375,67,308
119900192,22,301,-279
119900193,189,290,-101
119900194,15,58,-43
119900195,23,228,-205
119900196,1636,389,1247
119900197,205,103,102
119900198,75,579,-504
119900199,154,34,120
119900200,471,796,-325
119900201,329,222,107
119900202,166,158,8
119900203,122,381,-259
119900204,233,348,-115
119900205,459,1049,-590
119900206,87,239,-152
119900208,192,166,26
119900209,491,949,-458
119900210,22,46,-24
119900211,111,12,99
119900212,162,522,-360
119900213,6,58,-52
119900214,17,88,-71
119900215,50,91,-41
119900216,4,108,-104
119900217,9,77,-68
119900218,26,70,-44
119900219,3,151,-148
119900220,9,161,-152
119900221,6,576,-570
119900222,10,361,-351
119900223,21,137,-116
119900224,12,45,-33
119900225,1606,64,1542
119900226,1100,1647,-547
119900227,1472,562,910
119900228,27,288,-261
119900229,340,731,-391
119900230,2060,869,1191
119900231,124,279,-155
119900232,171,79,92
119900233,21,3,18
119900234,29,46,-17
119900235,48,46,2
119900236,12,274,-262
119900237,27,656,-629
119900238,1,116,-115
119900240,51,133,-82
119900241,141,315,-174
119900242,2295,3041,-746
119900244,1072,1444,-372
119900245,108,168,-60
119900246,255,355,-100
119900247,27,82,-55
119900248,57,94,-37
119900249,187,81,106
119900253,5795,437,5358
119900254,84,430,-346
119900255,60,582,-522
119900256,256,1286,-1030
119900257,29,3,26
119900258,51,11,40
119900259,4,178,-174
119900260,57,5,52
119900261,207,272,-65
119900262,2,401,-399
119900263,1280,459,821
119900264,33,308,-275
119900265,171,397,-226
119900266,216,373,-157
119900267,271,494,-223
119900268,102,327,-225
119900269,622,1478,-856
119900271,20,105,-85
119900272,265,61,204
119900275,110,3,107
119900276,31,2,29
119900277,5,5,0
119900278,336,91,245
119900279,164,312,-148
119900280,1439,230,1209
119900281,0,160,-160
119900282,57,34,23
119900283,2,465,-463
119900284,73,265,-192
119900285,14,59,-45
119900286,0,17,-17
119900288,5,57,-52
119900289,0,40,-40
119900290,0,42,-42
119900291,0,48,-48
119900292,15,16,-1
119900293,9,31,-22
119900294,16,19,-3
119900295,5,25,-20
119900296,9,76,-67
119900297,0,3,-3
119900298,1,2,-1
119900299,26,302,-276
119900300,124,208,-84
119900301,239,12,227
119900302,121,66,55
119900303,123,281,-158
119900304,82,34,48
119900305,23,124,-101
119900306,19,1,18
119900307,23,159,-136
119900308,2,16,-14
119900309,30,79,-49
119900310,358,456,-98
119900311,47,223,-176
119900312,118,100,18
119900313,244,507,-263
119900314,126,345,-219
119900315,937,3320,-2383
119900318,11,23,-12
119900319,2,443,-441
119900320,104,909,-805
119900321,30,0,30
119900322,25,64,-39
119900323,0,138,-138
119900324,2,38,-36
119900325,68,284,-216
119900326,159,46,113
120000001,12804,16176,-3372
120000002,2446,4504,-2058
120000003,3788,2475,1313
120000004,3136,3116,20
120000005,6426,2730,3696
120000006,1819,1785,34
120000007,4751,3202,1549
120000008,1214,1868,-654
120000009,6210,1247,4963
120000010,1696,4055,-2359
120000011,1255,2946,-1691
120000012,1670,3919,-2249
120000013,2452,3382,-930
120000014,670,2196,-1526
120000015,3008,2075,933
120000016,4343,4114,229
120000017,2869,3075,-206
120000018,6859,11799,-4940
120000019,1001,1643,-642
120000020,3890,3558,332
120000021,2631,2904,-273
120000022,3138,4613,-1475
120000023,897,2242,-1345
120000024,1621,2828,-1207
120000025,2283,3073,-790
120000026,1275,2556,-1281
120000027,1515,2469,-954
120000028,1303,546,757
120000029,4582,675,3907
120000030,143,1147,-1004
120000031,2158,10919,-8761
120000032,12863,4345,8518
120000033,4283,2663,1620
120000034,1998,3233,-1235
120000035,1927,3883,-1956
120000036,3394,6077,-2683
120000037,793,1615,-822
120000038,12962,3641,9321
120000039,603,983,-380
120000040,61,115,-54
120000041,1205,2162,-957
120000042,1696,4619,-2923
120000043,5280,3804,1476
120000044,4267,1661,2606
120000045,4345,1336,3009
120000046,2184,2439,-255
120000047,2774,4505,-1731
120000048,10551,4961,5590
120000049,6577,3721,2856
120000050,6324,7101,-777
120000051,4565,6944,-2379
120000052,19519,3702,15817
120000053,1134,5801,-4667
120000054,1408,8699,-7291
120000055,1599,7371,-5772
120000056,3156,5968,-2812
120000057,2277,749,1528
120000058,1748,243,1505
120000059,36,1144,-1108
120000061,129,739,-610
120000062,213,370,-157
120000063,2607,3715,-1108
120000064,251,1945,-1694
120000065,521,2390,-1869
120000066,176,519,-343
120000067,66,666,-600
120000068,207,1477,-1270
120000069,788,2040,-1252
120000070,44,1319,-1275
120000071,340,341,-1
120000072,433,767,-334
120000073,531,161,370
120000074,103,80,23
120000075,524,352,172
120000076,1250,488,762
120000077,1336,697,639
120000078,4004,1148,2856
120000079,344,713,-369
120000080,151,354,-203
120000081,265,244,21
120000082,206,312,-106
120000083,235,606,-371
120000084,538,605,-67
120000085,371,430,-59
120000086,389,840,-451
120000087,218,1517,-1299
120000088,627,1725,-1098
120000089,981,828,153
120000090,535,698,-163
120000091,680,1442,-762
120000092,994,730,264
120000093,306,649,-343
120000094,98,679,-581
120000095,977,834,143
120000096,212,1452,-1240
120000098,668,1439,-771
120000099,377,949,-572
120000100,689,1145,-456
120000101,461,588,-127
120000102,474,737,-263
120000103,1144,708,436
120000104,1452,489,963
120000105,2679,647,2032
120000106,1731,645,1086
120000107,2825,662,2163
120000108,864,156,708
120000109,908,67,841
120000110,90,1414,-1324
120000111,97,1819,-1722
120000112,897,5499,-4602
120000113,599,4072,-3473
120000114,983,4489,-3506
120000115,319,3666,-3347
120000116,664,2774,-2110
120000117,1908,1920,-12
120000118,96,51,45
120000119,25,69,-44
120000120,39,74,-35
120000121,35,87,-52
120000122,464,405,59
120000123,8735,5350,3385
120000124,371,803,-432
120000125,436,1130,-694
120000126,578,1119,-541
120000127,3109,1156,1953
120000128,7484,2918,4566
120000129,354,426,-72
120000130,919,947,-28
120000131,321,625,-304
120000134,360,1731,-1371
120000135,206,437,-231
120000137,173,2986,-2813
120000138,584,559,25
120000139,179,1471,-1292
120000140,448,800,-352
120000141,153,623,-470
120000142,266,729,-463
120000143,0,95,-95
120000144,57,1,56
120000145,237,2,235
120000146,4468,1494,2974
120000149,534,1289,-755
120000150,5867,9858,-3991
120000151,475,712,-237
120000152,302,298,4
120000153,135,1308,-1173
120000154,626,555,71
120000155,108,423,-315
120000156,2740,915,1825
120000157,972,726,246
120000158,722,1655,-933
120000159,2122,3267,-1145
120000160,2255,1785,470
120000161,1820,4329,-2509
120000162,185,376,-191
120000163,500,1841,-1341
120000164,354,553,-199
120000165,333,1331,-998
120000166,952,846,106
120000167,19,49,-30
120000168,3,169,-166
120000169,54,451,-397
120000170,85,166,-81
120000171,21,55,-34
120000172,44,63,-19
120000173,4915,241,4674
120000174,763,27,736
120000175,1852,15,1837
120000176,787,42,745
120000177,2458,201,2257
120000178,168,18,150
120000179,807,16,791
120000180,588,59,529
120000181,94,165,-71
120000182,130,112,18
120000183,26,186,-160
120000184,186,909,-723
120000186,178,84,94
120000187,268,64,204
120000188,1140,85,1055
120000190,2074,19,2055
120000191,2594,34,2560
120000192,1600,20,1580
120000193,509,4,505
120000195,69,7,62
120000196,250,82,168
120000197,69,277,-208
120000198,99,213,-114
120000199,46,2,44
120000200,82,2,80
120000201,7,13,-6
120000202,5,89,-84
120000203,22,448,-426
120000207,2,98,-96
120000208,10,358,-348
120000209,11,131,-120
120000210,204,95,109
120000211,46,0,46
120000212,81,0,81
120000213,72,499,-427
120000214,1,427,-426
120000215,2,177,-175
120000216,31,4,27
120000217,858,1566,-708
120000218,286,1250,-964
120000219,13,863,-850
120000220,11,2894,-2883
120000225,906,2,904
120000226,255,0,255
120000227,571,32,539
120000228,7411,2810,4601
120000230,255,7,248
120000231,921,3158,-2237
120000233,179,23,156
120000235,145,1283,-1138
120000236,671,1,670
120000237,4,2922,-2918
120000238,0,115,-115
120000241,1144,5412,-4268
120000412,2680,16,2664
120000413,276,676,-400
120000414,73,2,71
120000415,3,339,-336
120000416,62,9,53
120000417,8,164,-156
120000418,91,25,66
120000419,14,681,-667
120000420,93,40,53
120000421,17881,7461,10420
120000422,316,820,-504
120000423,2,55,-53
120000424,122,237,-115
120000436,155,481,-326
120000437,182,273,-91
120000438,6914,701,6213
120000439,154,449,-295
120000443,183,0,183
120000444,1042,1073,-31
120000445,2018,1984,34
120000446,1516,421,1095
120000447,151,14,137
120000449,86,9,77
120000450,4,437,-433
120000451,57,371,-314
120000452,139,2,137
120000453,1,791,-790
120000454,138,36,102
120000455,83,84,-1
120000456,3630,3834,-204
120000457,1633,1169,464
120000458,713,841,-128
120000459,57,145,-88
120000665,2840,188,2652
120000668,170,197,-27
120000669,51,577,-526
120000670,287,447,-160
120000671,986,471,515
120000672,145,598,-453
120900001,73,85,-12
120900002,1048,392,656
120900003,259,55,204
120900004,5,78,-73
120900005,138,1442,-1304
120900006,263,246,17
120900007,118,235,-117
120900008,168,1403,-1235
120900009,740,76,664
120900010,296,44,252
120900011,519,175,344
120900012,1354,1060,294
120900013,219,46,173
120900014,182,1019,-837
120900015,283,137,146
120900016,677,55,622
120900017,4843,149,4694
120900018,74,585,-511
120900019,604,206,398
120900020,1030,945,85
120900021,614,107,507
120900022,54,490,-436
120900023,155,40,115
120900024,1732,475,1257
120900025,2350,1376,974
120900026,114,222,-108
120900027,1176,85,1091
120900028,260,61,199
120900029,178,327,-149
120900030,1154,656,498
120900031,156,55,101
120900032,685,192,493
120900033,772,58,714
120900034,32,2711,-2679
120900035,52,93,-41
120900037,166,5,161
120900038,43,177,-134
120900039,66,59,7
120900040,156,2,154
120900041,293,163,130
120900042,254,86,168
120900043,60,25,35
120900044,10,672,-662
120900045,106,165,-59
120900046,262,14,248
120900047,134,66,68
120900048,91,17,74
120900049,213,0,213
120900050,4382,1294,3088
120900051,237,160,77
120900052,429,7,422
120900053,174,133,41
120900054,1476,1153,323
120900055,248,1,247
120900056,314,10,304
120900057,99,15,84
120900058,292,0,292
120900059,48,3,45
120900060,77,49,28
120900061,218,656,-438
120900062,146,1,145
120900063,414,1,413
120900064,296,1,295
120900065,286,1,285
120900066,209,406,-197
120900067,210,61,149
120900068,144,0,144
120900069,124,67,57
120900071,7,0,7
120900072,424,5,419
120900073,333,280,53
120900074,457,95,362
120900076,186,3,183
120900077,5416,274,5142
120900078,526,1176,-650
120900079,543,97,446
120900080,391,3024,-2633
120900081,567,1578,-1011
120900082,928,322,606
120900083,70,2,68
120900084,255,316,-61
120900085,133,179,-46
120900086,148,286,-138
120900087,357,173,184
120900088,216,297,-81
120900089,6221,1940,4281
120900090,114,273,-159
120900091,593,497,96
120900092,1363,1069,294
120900093,5372,325,5047
120900094,514,239,275
120900095,259,25,234
120900096,30,260,-230
120900097,707,1409,-702
120900098,245,214,31
120900099,70,88,-18
120900100,43,467,-424
120900101,787,401,386
120900102,29,272,-243
120900103,55,220,-165
120900104,16,57,-41
120900105,33,1062,-1029
120900106,1604,819,785
120900107,351,155,196
120900108,6,1293,-1287
120900109,52,860,-808
120900110,17,1457,-1440
120900111,140,493,-353
120900112,5,1971,-1966
120900113,18,1199,-1181
120900114,46,242,-196
120900115,161,216,-55
120900116,258,817,-559
120900117,2,870,-868
120900118,4,1322,-1318
120900119,2942,7295,-4353
120900120,58,1083,-1025
120900121,81,689,-608
120900122,348,892,-544
120900123,2,674,-672
120900124,1,1006,-1005
120900125,6,1781,-1775
120900126,1609,1236,373
120900127,10,722,-712
120900128,1204,1669,-465
120900129,51,417,-366
120900130,2,402,-400
120900131,29,65,-36
120900132,538,469,69
120900133,247,1619,-1372
120900134,818,562,256
120900135,6,825,-819
120900136,23,29,-6
120900137,211,141,70
120900138,24,299,-275
120900139,5,1047,-1042
120900140,5,57,-52
120900141,136,143,-7
120900142,13,1179,-1166
120900143,7,1140,-1133
120900144,1,223,-222
120900145,51,997,-946
120900146,3,1300,-1297
120900147,0,446,-446
120900148,131,191,-60
120900149,3,547,-544
120900150,21,882,-861
120900151,1,973,-972
120900152,5,71,-66
120900153,11,76,-65
120900154,0,428,-428
120900155,125,1570,-1445
120900156,29,540,-511
120900157,54,258,-204
120900158,29,703,-674
120900159,97,338,-241
120900160,21,628,-607
120900161,23,609,-586
120900162,23,647,-624
120900163,12,248,-236
120900164,1,2,-1
120900165,23,6,17
120900166,358,173,185
120900167,494,125,369
120900169,77,754,-677
120900170,3705,2112,1593
120900171,1352,509,843
120900172,1819,221,1598
120900173,0,93,-93
120900174,3,135,-132
120900175,266,353,-87
120900176,15,354,-339
120900177,6,747,-741
120900178,0,416,-416
120900179,1043,533,510
120900180,133,102,31
120900181,58,75,-17
120900182,19,1120,-1101
120900183,314,240,74
120900184,130,92,38
120900185,4,384,-380
120900186,2,645,-643
120900187,345,1055,-710
120900188,105,21,84
120900189,185,748,-563
120900190,25,10,15
120900191,5,33,-28
120900192,19185,4509,14676
120900194,41,96,-55
120900195,116,332,-216
120900196,1040,50,990
120900197,474,110,364
120900198,320,723,-403
120900199,257,329,-72
120900200,78,146,-68
120900201,666,137,529
120900202,0,263,-263
120900203,32,61,-29
120900204,215,486,-271
120900205,83,137,-54
120900206,5,21,-16
120900207,72,1920,-1848
121000001,2255,1455,800
121000002,6664,3545,3119
121000003,5283,2360,2923
121000004,3992,14063,-10071
121000005,3420,3770,-350
121000006,5134,2568,2566
121000007,5153,3392,1761
121000008,12670,5251,7419
121000009,9318,7946,1372
121000010,15537,10847,4690
121000011,9910,16957,-7047
121000012,19112,15145,3967
121000013,6818,10447,-3629
121000014,9206,11278,-2072
121000015,9193,9185,8
121000016,7184,7834,-650
121000017,2508,4174,-1666
121000018,2361,2344,17
121000019,20209,11273,8936
121000020,12863,12205,658
121000021,3679,3559,120
121000022,2055,1980,75
121000023,4603,3827,776
121000024,3237,4428,-1191
121000025,940,2096,-1156
121000026,501,224,277
121000027,2090,1386,704
121000028,1109,598,511
121000029,1779,900,879
121000030,831,397,434
121000031,1173,880,293
121000032,311,98,213
121000034,2197,266,1931
121000035,740,82,658
121000036,2718,1349,1369
121000037,1458,701,757
121000038,1221,951,270
121000039,1299,463,836
121000041,636,504,132
121000042,345,403,-58
121000043,1335,1042,293
121000044,3386,933,2453
121000045,599,377,222
121000046,619,1058,-439
121000047,129,73,56
121000049,2803,754,2049
121000050,506,1440,-934
121000051,1342,349,993
121000052,407,780,-373
121000053,874,163,711
121000054,41,415,-374
121000055,2161,1494,667
121000056,1208,1283,-75
121000057,385,472,-87
121000058,363,117,246
121000059,3035,1850,1185
121000060,584,1210,-626
121000061,812,204,608
121000062,246,258,-12
121000063,1021,655,366
121000064,1183,927,256
121000065,889,404,485
121000066,1129,436,693
121000067,1871,305,1566
121000068,888,387,501
121000069,789,421,368
121000070,3064,1348,1716
121000071,1558,1504,54
121000072,1967,748,1219
121000073,3477,851,2626
121000074,182,178,4
121000075,69,47,22
121000076,1678,397,1281
121000077,256,186,70
121000078,111,116,-5
121000080,2876,882,1994
121000081,2657,5545,-2888
121000082,248,248,0
121000083,482,136,346
121000084,351,88,263
121000085,375,651,-276
121000086,153,904,-751
121000087,79,277,-198
121000088,430,884,-454
121000089,555,331,224
121000090,869,394,475
121000091,1974,912,1062
121000092,215,101,114
121000093,151,231,-80
121000094,524,841,-317
121000095,405,515,-110
121000096,2486,3083,-597
121000097,1361,2231,-870
121000098,542,1502,-960
121000099,616,997,-381
121000100,895,689,206
121000101,274,243,31
121000102,164,453,-289
121000103,130,320,-190
121000104,313,206,107
121000105,282,287,-5
121000106,196,412,-216
121000107,3772,4710,-938
121000109,2095,1300,795
121000110,374,894,-520
121000114,4232,2484,1748
121000115,1299,1039,260
121000116,527,1165,-638
121000117,1079,393,686
121000118,1613,384,1229
121000119,361,367,-6
121000120,304,546,-242
121000121,494,1028,-534
121000123,1483,649,834
121000127,335,139,196
121000128,833,508,325
121000129,678,422,256
121000130,450,1217,-767
121000131,1906,1460,446
121000132,1188,1474,-286
121000135,251,281,-30
121000136,1560,486,1074
121000137,377,215,162
121000138,1177,988,189
121000139,708,71,637
121000141,497,130,367
121000142,1095,573,522
121000143,78,31,47
121000144,903,1700,-797
121000145,725,1303,-578
121000146,1771,1203,568
121000147,1052,656,396
121000148,1323,1061,262
121000149,4147,1543,2604
121000152,816,1045,-229
121000153,2471,1302,1169
121000154,1061,1872,-811
121000155,1937,1713,224
121000156,437,1664,-1227
121000157,1578,3557,-1979
121000158,453,1251,-798
121000159,245,953,-708
121000160,376,903,-527
121000161,229,418,-189
121000162,66,291,-225
121000165,2173,1806,367
121000166,38,1096,-1058
121000168,685,442,243
121000169,85,171,-86
121000170,439,453,-14
121000171,19,177,-158
121000172,865,584,281
121000173,1296,1096,200
121000174,326,463,-137
121000175,1177,512,665
121000176,563,275,288
121000177,2275,737,1538
121000178,186,40,146
121000179,161,42,119
121000181,444,621,-177
121000182,88,170,-82
121000183,27,57,-30
121000184,135,43,92
121000185,76,148,-72
121000186,182,220,-38
121000187,207,298,-91
121000188,188,265,-77
121000192,957,572,385
121000193,859,565,294
121000194,3740,2777,963
121000195,1009,1218,-209
121000196,2432,342,2090
121000197,639,925,-286
121000198,904,106,798
121000199,213,547,-334
121000200,669,82,587
121000201,22,233,-211
121000202,2590,81,2509
121000203,1004,2552,-1548
121000204,2801,650,2151
121000205,484,360,124
121000206,230,42,188
121000207,2154,497,1657
121000208,45,511,-466
121000209,413,482,-69
121000210,351,838,-487
121000211,354,128,226
121000212,297,1116,-819
121000213,10939,4339,6600
121000214,828,4857,-4029
121000215,2124,937,1187
121000216,1120,1137,-17
121000217,9865,5405,4460
121000218,1225,2439,-1214
121000219,4224,596,3628
121000220,634,58,576
121000221,234,466,-232
121000222,4484,3161,1323
121000223,1527,402,1125
121000224,680,168,512
121000225,4896,1560,3336
121000226,14271,1470,12801
121000227,21,391,-370
121000228,24,948,-924
121000229,394,575,-181
121000230,87,2391,-2304
121000231,1038,26,1012
121000232,511,443,68
121000233,874,441,433
121000234,16,34,-18
121000235,66,58,8
121000236,17,86,-69
121000237,53,4,49
121000238,5,117,-112
121000239,46,0,46
121000240,5,442,-437
121000241,62,15,47
121000242,49,244,-195
121000243,415,103,312
121000244,7,62,-55
121000245,73,10,63
121000246,1,99,-98
121000247,103,2,101
121000248,1135,723,412
121000249,261,332,-71
121000250,977,164,813
121000251,22,808,-786
121000252,114,82,32
121000253,882,641,241
121000254,1395,391,1004
121000255,409,172,237
121000256,904,177,727
121000257,154,85,69
121000258,359,30,329
121000259,170,27,143
121000260,399,180,219
121000261,433,55,378
121000262,1296,1453,-157
121000263,351,430,-79
121000271,378,2371,-1993
121000273,418,4,414
121000274,54,72,-18
121000275,19,28,-9
121000276,6,23,-17
121000278,232,94,138
121000279,109,18,91
121000280,220,58,162
121000289,250,15,235
121000290,1981,805,1176
121000294,108,145,-37
121000297,1794,1823,-29
121000299,978,362,616
121000300,705,646,59
121000302,216,1080,-864
121000303,773,538,235
121000304,515,63,452
121000305,175,52,123
121000306,173,134,39
121000308,273,807,-534
121000309,715,858,-143
121000310,263,502,-239
121000311,130,1136,-1006
121000312,379,299,80
121000313,541,838,-297
121000314,237,116,121
121000315,96,139,-43
121000530,1493,1920,-427
121000531,1362,1918,-556
121000532,6672,6421,251
121000533,2821,3604,-783
121000918,192,237,-45
121000919,82,73,9
121000938,638,436,202
121000939,976,334,642
121000956,832,1823,-991
121000957,13,14,-1
121000958,595,44,551
121000959,656,980,-324
121000960,2733,2248,485
121000961,236,154,82
121000962,343,1817,-1474
121000963,0,0,0
121000973,0,180,-180
121000976,8,185,-177
121000979,304,70,234
121000981,426,196,230
121000982,321,349,-28
121000983,667,538,129
121000984,109,54,55
121000985,507,1170,-663
121000986,449,642,-193
121000987,356,2032,-1676
121000988,1026,212,814
121001302,498,129,369
121001308,39,14,25
121001309,232,32,200
121001313,306,408,-102
121001314,3829,5275,-1446
121001315,5002,3218,1784
121900001,94,187,-93
121900002,241,23,218
121900003,454,13,441
121900004,383,368,15
121900005,31,3,28
121900006,118,20,98
121900007,2441,3252,-811
121900008,997,84,913
121900009,552,16,536
121900010,280,4,276
121900011,259,349,-90
121900012,33,1,32
121900013,1951,84,1867
121900014,1661,488,1173
121900015,219,173,46
121900016,28,49,-21
121900017,428,559,-131
121900018,352,4,348
121900019,317,416,-99
121900020,64,1,63
121900021,1225,17,1208
121900022,214,227,-13
121900023,108,362,-254
121900024,476,120,356
121900025,595,418,177
121900026,522,42,480
121900027,286,98,188
121900028,309,11,298
121900029,298,177,121
121900030,887,1166,-279
121900031,1922,10887,-8965
121900032,81,87,-6
121900033,179,143,36
121900034,949,66,883
121900035,2616,2845,-229
121900036,137,400,-263
121900037,106,682,-576
121900038,30,164,-134
121900039,528,47,481
121900040,42,70,-28
121900041,68,169,-101
121900042,321,131,190
121900043,2,8,-6
121900044,277,75,202
121900046,225,188,37
121900047,198,52,146
121900048,59,142,-83
121900050,29,37,-8
121900051,132,148,-16
121900052,131,42,89
121900053,329,593,-264
121900054,907,914,-7
121900055,3,11,-8
121900058,445,289,156
121900059,456,197,259
121900060,148,327,-179
121900061,259,124,135
121900062,107,95,12
121900063,1244,249,995
121900064,213,795,-582
121900066,34,28,6
121900067,38,16,22
121900069,210,166,44
121900070,430,128,302
121900071,191,264,-73
121900072,42,201,-159
121900073,322,221,101
121900074,500,958,-458
121900075,1877,355,1522
121900076,1227,578,649
121900077,16,34,-18
121900078,90,28,62
121900079,1,0,1
121900080,902,439,463
121900082,57,112,-55
121900084,5,275,-270
121900085,1,19,-18
121900086,18,37,-19
121900087,218,72,146
121900088,2037,3786,-1749
121900089,221,414,-193
121900090,13,121,-108
121900091,30,130,-100
121900092,60,56,4
121900093,108,99,9
121900094,13,8,5
121900095,234,82,152
121900096,1977,431,1546
121900097,638,121,517
121900098,3,8,-5
121900099,191,40,151
121900100,159,237,-78
121900101,209,173,36
121900102,11,88,-77
121900103,916,163,753
121900104,1823,417,1406
121900105,255,154,101
121900106,1,3,-2
121900107,39,17,22
121900108,0,18,-18
121900109,689,241,448
121900110,303,1359,-1056
121900111,1098,128,970
121900112,112,68,44
121900113,167,807,-640
121900114,5,25,-20
121900117,285,27,258
121900118,2986,614,2372
121900119,126,132,-6
121900120,33,2435,-2402
121900121,742,104,638
121900122,31,44,-13
121900123,192,840,-648
121900124,111,233,-122
121900125,817,1640,-823
121900127,13,67,-54
121900128,88,129,-41
121900129,786,203,583
121900130,214,230,-16
121900131,484,121,363
121900132,53,111,-58
121900133,92,391,-299
121900134,49,108,-59
121900135,2288,201,2087
121900136,277,565,-288
121900137,55,406,-351
121900138,172,216,-44
121900139,526,610,-84
121900140,69,164,-95
121900141,60,26,34
121900142,123,125,-2
121900143,17,205,-188
121900144,202,261,-59
121900145,123,224,-101
121900146,890,855,35
121900147,74,191,-117
121900148,208,290,-82
121900149,762,878,-116
121900150,110,185,-75
121900151,84,263,-179
121900152,171,146,25
121900153,70,522,-452
121900154,21,216,-195
121900155,4,69,-65
121900156,196,83,113
121900157,4,478,-474
121900158,69,55,14
121900159,0,264,-264
121900160,36,298,-262
121900161,555,346,209
121900162,156,106,50
121900163,251,684,-433
121900164,433,166,267
121900165,296,134,162
121900166,213,150,63
121900167,232,113,119
121900168,322,177,145
121900169,9,333,-324
121900170,5,291,-286
121900171,531,615,-84
121900172,495,219,276
121900173,1404,241,1163
121900174,21,64,-43
121900175,448,154,294
121900176,703,2058,-1355
121900177,200,64,136
121900178,83,77,6
121900179,441,128,313
121900180,6178,4038,2140
121900182,1743,268,1475
121900183,476,878,-402
121900184,60,435,-375
121900186,15,242,-227
121900187,28,137,-109
121900188,545,754,-209
121900189,52,57,-5
121900190,330,645,-315
121900191,47,286,-239
121900192,553,807,-254
121900193,74,175,-101
121900194,1,101,-100
121900195,79,44,35
121900196,1426,1787,-361
121900197,369,2470,-2101
121900198,1223,2143,-920
121900199,3,13,-10
121900200,257,199,58
121900201,1012,685,327
121900202,169,543,-374
121900203,182,1317,-1135
121900204,987,2042,-1055
121900205,12,112,-100
121900206,11,12,-1
121900207,308,63,245
121900208,278,255,23
121900209,57,23,34
121900210,2212,1513,699
121900211,301,1000,-699
121900212,137,99,38
121900213,173,103,70
121900214,5,792,-787
121900215,56,57,-1
121900216,296,125,171
121900217,227,85,142
121900218,285,618,-333
121900220,121,18,103
121900221,311,857,-546
121900222,171,139,32
121900223,268,60,208
121900224,80,46,34
121900225,751,61,690
121900226,337,444,-107
121900227,136,497,-361
121900228,315,419,-104
121900230,176,87,89
121900231,399,394,5
121900232,411,479,-68
121900233,293,276,17
121900234,557,412,145
121900235,442,286,156
121900236,375,190,185
121900237,350,272,78
121900238,222,296,-74
121900239,147,50,97
121900240,197,183,14
121900241,38,51,-13
121900242,16,84,-68
121900243,2,0,2
121900244,1,0,1
121900245,283,137,146
121900246,2947,646,2301
121900247,262,190,72
121900248,1143,1133,10
121900250,284,265,19
121900251,225,51,174
121900252,576,106,470
121900253,286,1214,-928
121900254,729,241,488
121900255,176,99,77
121900258,2882,2914,-32
121900259,354,774,-420
121900260,176,262,-86
121900261,201,890,-689
121900262,465,1949,-1484
121900263,111,524,-413
121900264,2691,2401,290
121900265,343,445,-102
121900266,249,223,26
121900267,72,34,38
121900269,182,556,-374
121900270,26,211,-185
121900271,43,142,-99
121900273,1459,2510,-1051
121900274,361,234,127
121900277,285,1367,-1082
121900278,268,886,-618
121900279,116,223,-107
121900280,424,297,127
121900281,499,81,418
121900284,56,10,46
121900286,69,156,-87
121900287,5,17,-12
121900288,7,1,6
121900290,266,262,4
121900291,714,720,-6
121900292,636,174,462
121900293,1300,3749,-2449
121900294,237,2,235
121900295,124,354,-230
121900296,159,34,125
121900298,850,620,230
121900299,0,0,0
121900300,68,63,5
121900301,95,0,95
121900302,0,30,-30
121900303,842,417,425
121900304,14,7,7
121900305,2,4,-2
121900306,69,0,69
121900307,6,9,-3
121900308,19,271,-252
121900309,13,223,-210
121900310,35,485,-450
121900311,305,13,292
121900312,138,14,124
121900313,514,19,495
121900314,5,74,-69
121900315,3,1,2
121900316,0,13,-13
121900317,8,1,7
121900318,1,8,-7
121900319,20,203,-183
121900320,76,163,-87
121900321,7,0,7
121900322,1,19,-18
121900323,33,20,13
121900324,24,94,-70
121900325,2,1,1
121900326,1,20,-19
121900327,2,27,-25
121900328,1,9,-8
121900329,0,120,-120
121900330,0,44,-44
121900331,3,9,-6
121900332,88,47,41
121900333,29,3,26
121900334,174,61,113
122000001,2678,4419,-1741
122000002,5476,1713,3763
122000003,2194,1898,296
122000004,3366,1573,1793
122000005,3824,1347,2477
122000006,3753,669,3084
122000007,2353,2112,241
122000008,7409,6702,707
122000009,607,407,200
122000010,2713,4456,-1743
122000011,3780,1495,2285
122000012,2066,1276,790
122000013,5359,2048,3311
122000014,2275,4218,-1943
122000015,2267,1269,998
122000016,843,1011,-168
122000017,1414,1290,124
122000018,1809,1189,620
122000019,1337,1763,-426
122000020,264,249,15
122000021,700,625,75
122000022,2136,2228,-92
122000023,816,4903,-4087
122000024,1530,1112,418
122000025,3708,1388,2320
122000026,1950,802,1148
122000027,748,7658,-6910
122000028,903,558,345
122000029,922,364,558
122000030,510,202,308
122000031,350,360,-10
122000032,3182,6145,-2963
122000033,2077,1012,1065
122000034,1859,854,1005
122000035,416,1563,-1147
122000036,1111,602,509
122000037,404,326,78
122000038,463,335,128
122000039,880,727,153
122000040,440,1417,-977
122000041,855,566,289
122000042,770,471,299
122000043,215,223,-8
122000044,197,273,-76
122000045,2591,669,1922
122000046,1631,1714,-83
122000047,641,269,372
122000048,4043,6298,-2255
122000049,6777,2138,4639
122000050,3046,757,2289
122000051,667,319,348
122000052,830,279,551
122000053,273,652,-379
122000054,3058,2275,783
122000055,4210,2839,1371
122000056,6328,5486,842
122000057,3779,3537,242
122000058,5646,976,4670
122000059,4253,1722,2531
122000060,1195,705,490
122000061,619,421,198
122000062,2068,353,1715
122000063,2163,764,1399
122000064,6096,2576,3520
122000065,8839,3076,5763
122000066,2470,1171,1299
122000067,4969,1417,3552
122000068,2056,2723,-667
122000069,1010,865,145
122000070,920,8792,-7872
122000071,1227,3068,-1841
122000072,631,461,170
122000073,662,579,83
122000074,3362,1808,1554
122000075,730,2463,-1733
122000076,2157,1354,803
122000077,1926,721,1205
122000078,3519,2315,1204
122000079,2754,856,1898
122000080,1779,402,1377
122000081,427,466,-39
122000082,1325,685,640
122000083,1503,5939,-4436
122000084,1465,1008,457
122000085,339,4345,-4006
122000086,2660,8571,-5911
122000087,415,187,228
122000088,256,304,-48
122000089,11066,5751,5315
122000090,419,593,-174
122000091,1025,77,948
122000092,571,31,540
122000093,4568,983,3585
122000094,11314,1936,9378
122000095,3878,3383,495
122000096,2908,2623,285
122000098,3469,1749,1720
122000099,6073,676,5397
122000100,1879,827,1052
122000101,311,1671,-1360
122000102,1964,1191,773
122000103,2627,1425,1202
122000104,334,224,110
122000105,328,293,35
122000106,614,481,133
122000107,1372,810,562
122000108,541,906,-365
122000109,419,528,-109
122000110,487,559,-72
122000111,3763,1325,2438
122000112,1010,1927,-917
122000113,895,666,229
122000114,7367,2013,5354
122000115,1848,3284,-1436
122000116,450,513,-63
122000117,1248,369,879
122000118,371,571,-200
122000119,2810,1607,1203
122000120,2060,2612,-552
122000121,2593,2626,-33
122000122,819,1481,-662
122000123,2025,1855,170
122000124,940,489,451
122000125,681,650,31
122000126,567,840,-273
122000127,1518,1067,451
122000128,727,759,-32
122000129,551,1826,-1275
122000130,2808,807,2001
122000131,1112,788,324
122000132,622,399,223
122000133,1085,2306,-1221
122000134,629,746,-117
122000135,729,800,-71
122000136,488,392,96
122000137,1502,853,649
122000139,3708,5016,-1308
122000140,2867,731,2136
122000141,6368,1356,5012
122000142,1036,639,397
122000143,383,311,72
122000144,2376,1041,1335
122000145,3821,871,2950
122000146,942,890,52
122000147,2092,439,1653
122000148,3618,1484,2134
122000149,1969,1270,699
122000150,1675,858,817
122000151,322,415,-93
122000152,657,352,305
122000153,493,292,201
122000154,359,200,159
122000155,1519,2891,-1372
122000156,2115,2159,-44
122000157,2886,1271,1615
122000158,692,512,180
122000159,1572,1565,7
122000160,3202,1338,1864
122000161,979,761,218
122000162,1944,1776,168
122000163,269,71,198
122000164,35,75,-40
122000165,1118,886,232
122000166,2127,1768,359
122000167,233,192,41
122000168,286,635,-349
122000169,852,232,620
122000170,341,348,-7
122000171,44,103,-59
122000172,1797,2153,-356
122000173,1543,3188,-1645
122000174,4021,883,3138
122000175,2051,459,1592
122000176,458,736,-278
122000177,2175,1586,589
122000178,4224,6444,-2220
122000179,2390,3879,-1489
122000180,2144,1487,657
122000181,2662,4105,-1443
122000182,2448,2317,131
122000183,2028,2110,-82
122000184,2689,2359,330
122000185,1353,1309,44
122000186,803,955,-152
122000187,4282,1030,3252
122000188,576,322,254
122000189,344,514,-170
122000190,2291,1246,1045
122000191,2048,1056,992
122000192,1506,424,1082
122000193,576,574,2
122000194,1963,257,1706
122000195,552,460,92
122000196,938,588,350
122000197,644,630,14
122000198,1042,965,77
122000199,880,478,402
122000200,2537,1120,1417
122000201,1625,1427,198
122000202,1854,1191,663
122000203,3074,1568,1506
122000204,1533,2319,-786
122000205,1485,2307,-822
122000206,2640,779,1861
122000207,1974,1057,917
122000208,5556,1629,3927
122000209,5677,505,5172
122000210,3762,1994,1768
122000211,3750,1156,2594
122000212,1212,538,674
122000213,1832,1583,249
122000214,2884,2558,326
122000215,2803,1649,1154
122000217,3552,1489,2063
122000218,1637,171,1466
122000219,2076,1201,875
122000220,430,701,-271
122000221,172,751,-579
122000222,729,139,590
122000223,1666,413,1253
122000225,1253,224,1029
122000226,1758,2739,-981
122000227,364,5263,-4899
122000228,362,401,-39
122000229,25,539,-514
122000230,50,692,-642
122000231,325,932,-607
122000232,813,1188,-375
122000233,0,109,-109
122000234,332,294,38
122000235,868,232,636
122000236,825,161,664
122000237,139,87,52
122000238,235,402,-167
122000239,496,151,345
122000240,1151,500,651
122000241,1129,553,576
122000242,556,140,416
122000243,250,96,154
122000244,50,503,-453
122000245,106,336,-230
122000246,212,307,-95
122000247,702,972,-270
122000248,1768,2564,-796
122000249,703,1004,-301
122000250,1870,1470,400
122000251,213,525,-312
122000252,587,114,473
122000253,26,354,-328
122000254,178,126,52
122000255,798,1916,-1118
122000256,429,1950,-1521
122000257,148,467,-319
122000258,152,303,-151
122000259,35,776,-741
122000260,5,129,-124
122000261,10,296,-286
122000262,0,83,-83
122000263,278,133,145
122000264,2251,544,1707
122000265,5459,1036,4423
122000266,12133,764,11369
122000267,57,130,-73
122000268,281,445,-164
122000269,1790,294,1496
122000270,3663,141,3522
122000271,982,1287,-305
122000272,429,1294,-865
122000273,565,530,35
122000274,212,250,-38
122000275,81,303,-222
122000276,452,611,-159
122000277,1038,1469,-431
122000278,885,1063,-178
122000279,176,474,-298
122000280,1067,709,358
122000281,1036,762,274
122000282,165,158,7
122000283,395,75,320
122000284,170,81,89
122000285,499,116,383
122000286,150,199,-49
122000287,1124,1657,-533
122000288,504,327,177
122000291,1365,603,762
122000293,446,277,169
122000294,130,330,-200
122000295,1897,232,1665
122000296,67,797,-730
122000297,3798,3169,629
122000299,370,463,-93
122000300,567,710,-143
122000301,17942,3719,14223
122000302,1222,1778,-556
122000303,5723,1620,4103
122000304,87,266,-179
122000305,908,395,513
122000306,36,1047,-1011
122000307,210,196,14
122000309,128,85,43
122000310,70,89,-19
122000311,417,274,143
122000312,298,137,161
122000313,117,42,75
122000314,212,308,-96
122000315,305,22,283
122000316,657,328,329
122000317,1288,345,943
122000318,294,1023,-729
122000319,290,753,-463
122000320,556,3191,-2635
122000321,251,362,-111
122000322,3068,5643,-2575
122000323,2164,2730,-566
122000324,2344,2165,179
122000325,1277,1520,-243
122000326,67,191,-124
122000327,495,629,-134
122000328,2119,745,1374
122000330,2476,674,1802
122000332,240,389,-149
122000333,9,205,-196
122000337,781,1855,-1074
122000338,342,363,-21
122000340,748,311,437
122000342,3522,1227,2295
122000343,460,1840,-1380
122000344,61,30,31
122000345,26,65,-39
122000346,276,697,-421
122000348,639,774,-135
122000349,74,590,-516
122000351,229,251,-22
122000352,406,233,173
122000353,147,141,6
122000355,122,186,-64
122000356,4212,1004,3208
122000357,34,34,0
122000358,0,74,-74
122000359,0,28,-28
122000360,1,39,-38
122000362,9,116,-107
122000364,91,503,-412
122000365,3,38,-35
122000366,16,8,8
122000368,727,803,-76
122000370,15,66,-51
122000371,12,0,12
122000372,4,6,-2
122000381,59,548,-489
122000382,98,180,-82
122000384,7410,2976,4434
122000385,23,0,23
122000386,2253,1436,817
122000387,2112,570,1542
122000388,5756,691,5065
122000389,533,730,-197
122000390,1265,314,951
122000391,741,150,591
122000392,168,251,-83
122000393,91,218,-127
122000394,665,338,327
122000395,212,215,-3
122000396,577,119,458
122000397,80,186,-106
122000398,50,101,-51
122000399,191,74,117
122000400,346,387,-41
122000401,231,125,106
122000402,232,201,31
122000403,514,1312,-798
122000404,132,441,-309
122000408,937,1693,-756
122000503,10,202,-192
122000524,177,88,89
122000544,100,7597,-7497
122000616,494,3,491
122000640,32,160,-128
122000641,78,509,-431
122000642,1370,1542,-172
122000643,29,232,-203
122000644,219,38,181
122000645,133,439,-306
122000651,4018,791,3227
122000664,376,53,323
122000665,1217,616,601
122000666,762,1299,-537
122000673,28,517,-489
122000674,162,70,92
122000675,2188,2025,163
122000686,571,1378,-807
122000687,3482,410,3072
122000688,194,914,-720
122000689,931,858,73
122000690,1030,809,221
122000691,386,3242,-2856
122000692,1204,373,831
122000693,438,1948,-1510
122000695,255,717,-462
122000696,287,411,-124
122000698,202,1103,-901
122000699,147,59,88
122000701,1478,512,966
122000702,551,2668,-2117
122000703,174,164,10
122000712,0,0,0
122000717,247,55,192
122000718,392,1154,-762
122000719,250,83,167
122000720,274,349,-75
122000724,147,22,125
122900001,20,1,19
122900002,1704,5882,-4178
122900003,515,52,463
122900004,674,20,654
122900005,62,29,33
122900006,684,245,439
122900007,175,14,161
122900008,580,68,512
122900009,1094,650,444
122900010,294,234,60
122900012,188,312,-124
122900014,194,357,-163
122900015,2599,600,1999
122900016,219,355,-136
122900017,810,1000,-190
122900018,376,11,365
122900019,13,163,-150
122900020,477,354,123
122900021,73,830,-757
122900022,540,1231,-691
122900023,441,372,69
122900024,101,112,-11
122900025,11,156,-145
122900026,133,304,-171
122900027,68,1061,-993
122900028,153,218,-65
122900029,5646,3386,2260
122900030,1673,510,1163
122900031,332,231,101
122900032,98,303,-205
122900033,294,150,144
122900034,4666,11454,-6788
122900035,47,35,12
122900036,94,528,-434
122900037,696,128,568
122900038,232,3959,-3727
122900039,101,542,-441
122900040,644,373,271
122900041,235,211,24
122900042,206,334,-128
122900043,844,218,626
122900044,109,418,-309
122900045,146,94,52
122900046,114,82,32
122900047,1092,234,858
122900048,52,454,-402
122900049,1986,125,1861
122900051,159,118,41
122900052,76,157,-81
122900053,20,18,2
122900055,474,129,345
122900057,561,38,523
122900061,506,195,311
122900062,457,563,-106
122900063,191,363,-172
122900064,1559,579,980
122900065,616,139,477
122900066,571,244,327
122900067,1845,857,988
122900068,142,432,-290
122900069,192,1453,-1261
122900070,392,41,351
122900071,187,492,-305
122900072,15,841,-826
122900073,39,412,-373
122900074,695,835,-140
122900075,2,100,-98
122900076,1,252,-251
122900077,0,179,-179
122900078,140,181,-41
122900080,81,28,53
122900081,862,148,714
122900082,937,217,720
122900083,154,118,36
122900084,2,291,-289
122900086,6,36,-30
122900087,200,477,-277
122900088,80,116,-36
122900089,11,128,-117
122900090,10,787,-777
122900091,196,0,196
122900092,2,312,-310
122900093,2,421,-419
122900094,4,307,-303
122900095,156,9,147
122900096,291,371,-80
122900097,48,23,25
122900098,86,153,-67
122900099,27,9,18
122900100,431,210,221
122900101,1707,542,1165
122900102,19,13,6
122900103,139,10,129
122900104,59,8,51
122900105,4,7,-3
122900106,3,112,-109
122900107,6,297,-291
122900108,6,292,-286
123000001,3359,449,2910
123000002,8532,4213,4319
123000003,5065,4983,82
123000004,4269,6438,-2169
123000005,3557,4448,-891
123000006,3824,4099,-275
123000007,4092,4178,-86
123000008,3486,5237,-1751
123000009,7678,4117,3561
123000010,4903,4677,226
123000011,9763,1139,8624
123000012,2825,3365,-540
123000013,5657,1093,4564
123000014,2569,5712,-3143
123000015,5763,1067,4696
123000016,8498,4401,4097
123000017,3761,1722,2039
123000018,67,103,-36
123000019,157,350,-193
123000020,123,158,-35
123000021,68,314,-246
123000022,588,2733,-2145
123000023,1831,1632,199
123000024,2249,763,1486
123000025,307,172,135
123000026,22,82,-60
123000027,549,279,270
123000028,1100,186,914
123000029,1605,453,1152
123000030,632,768,-136
123000031,133,572,-439
123000032,327,415,-88
123000033,602,101,501
123000034,1175,923,252
123000035,261,460,-199
123000036,243,915,-672
123000037,249,321,-72
123000038,148,303,-155
123000039,574,1331,-757
123000040,1698,394,1304
123000041,2367,780,1587
123000042,2479,532,1947
123000043,5653,9206,-3553
123000044,7835,2567,5268
123000045,12809,2751,10058
123000046,1431,1393,38
123000047,3430,1755,1675
123000048,77,507,-430
123000049,9209,7776,1433
123000050,1017,1672,-655
123000051,118,232,-114
123000052,628,3975,-3347
123000053,2258,4429,-2171
123000054,1368,1414,-46
123000055,1031,1817,-786
123000056,1676,2371,-695
123000057,22026,8154,13872
123000058,1040,946,94
123000059,376,577,-201
123000060,921,343,578
123000061,175,1019,-844
123000063,808,1138,-330
123000064,1184,346,838
123000065,10153,4960,5193
123000066,1286,1274,12
123000067,741,628,113
123000068,4340,4541,-201
123000069,8345,5020,3325
123000070,287,1109,-822
123000071,843,1556,-713
123000072,1063,2042,-979
123000073,1221,1132,89
123000074,1169,2884,-1715
123000075,515,1304,-789
123000076,744,1317,-573
123000077,2992,4930,-1938
123000078,1446,2553,-1107
123000079,1475,2928,-1453
123000080,2789,3376,-587
123000081,157,785,-628
123000082,393,1506,-1113
123000083,1045,195,850
123000084,596,1229,-633
123000085,205,149,56
123000086,442,441,1
123000087,383,576,-193
123000088,1272,1347,-75
123000089,659,2097,-1438
123000090,1848,1833,15
123000091,1983,2297,-314
123000092,1432,1936,-504
123000094,566,374,192
123000095,463,1060,-597
123000096,668,590,78
123000097,560,1441,-881
123000098,646,919,-273
123000099,646,1129,-483
123000100,590,769,-179
123000101,820,817,3
123000102,722,729,-7
123000104,378,544,-166
123000105,635,618,17
123000106,516,587,-71
123000107,544,740,-196
123000108,800,1933,-1133
123000111,843,466,377
123000112,981,858,123
123000113,874,2374,-1500
123000114,743,882,-139
123000115,363,454,-91
123000116,23,226,-203
123000117,1879,3095,-1216
123000118,567,1241,-674
123000119,292,1437,-1145
123000120,510,1242,-732
123000121,717,885,-168
123000122,681,310,371
123000123,759,876,-117
123000124,922,700,222
123000125,1714,1378,336
123000126,2738,3484,-746
123000127,1624,1023,601
123000128,371,621,-250
123000129,665,300,365
123000130,643,81,562
123000131,1326,902,424
123000132,563,759,-196
123000133,533,520,13
123000134,600,248,352
123000135,1895,1786,109
123000136,282,1519,-1237
123000137,137,522,-385
123000138,205,491,-286
123000139,720,173,547
123000140,138,891,-753
123000141,963,136,827
123000142,1282,1404,-122
123000143,2827,3740,-913
123000144,33,35,-2
123000145,330,111,219
123000146,139,115,24
123000147,252,146,106
123000149,505,372,133
123000150,457,330,127
123000151,428,537,-109
123000152,76,545,-469
123000153,164,712,-548
123000154,2385,2865,-480
123000155,3071,1070,2001
123000156,52,143,-91
123000157,760,1017,-257
123000158,706,1188,-482
123000159,6311,2894,3417
123000160,1030,855,175
123000161,1620,1443,177
123000162,913,2155,-1242
123000163,424,82,342
123000164,1424,330,1094
123000165,414,2299,-1885
123000166,32,168,-136
123000167,141,409,-268
123000168,272,368,-96
123000169,860,138,722
123000170,103,435,-332
123000171,504,59,445
123000172,197,907,-710
123000173,766,222,544
123000174,988,357,631
123000175,940,1509,-569
123000176,789,301,488
123000177,325,1106,-781
123000178,1162,210,952
123000179,38,950,-912
123000180,1562,404,1158
123000181,418,2104,-1686
123000182,255,563,-308
123000183,128,536,-408
123000184,91,1032,-941
123000185,391,577,-186
123000186,4,869,-865
123000187,434,7,427
123000188,243,1,242
123000189,192,273,-81
123000190,76,78,-2
123000192,15,395,-380
123000193,51,910,-859
123000194,554,387,167
123000195,236,23,213
123000196,265,27,238
123000197,52,172,-120
123000198,43,291,-248
123000199,7,742,-735
123000200,489,16,473
123000201,767,36,731
123000202,47,1623,-1576
123000203,776,83,693
123000204,81,1505,-1424
123000205,537,2473,-1936
123000206,1557,187,1370
123000207,84,1090,-1006
123000208,671,129,542
123000209,2431,453,1978
123000210,521,2182,-1661
123000211,666,3518,-2852
123000212,2948,415,2533
123000213,871,82,789
123000215,274,187,87
123000216,268,953,-685
123000217,187,51,136
123000218,130,677,-547
123000219,1239,96,1143
123000220,670,113,557
123000221,163,151,12
123000222,595,636,-41
123000223,232,710,-478
123000224,460,913,-453
123000225,239,109,130
123000226,76,394,-318
123000227,93,390,-297
123000228,222,83,139
123000229,1961,2472,-511
123000232,127,827,-700
123000233,887,205,682
123000234,245,987,-742
123000235,692,362,330
123000236,293,1065,-772
123000237,394,87,307
123000238,83,808,-725
123000239,571,2304,-1733
123000240,92,586,-494
123000241,1503,173,1330
123000242,191,208,-17
123000243,948,1177,-229
123000244,1255,671,584
123000245,113,206,-93
123000249,675,1446,-771
123000252,1227,275,952
123000253,1064,539,525
123000254,634,1320,-686
123000255,1117,977,140
123000256,29,266,-237
123000257,4617,3487,1130
123000258,1104,1478,-374
123000259,273,448,-175
123000260,481,754,-273
123000261,180,288,-108
123000262,137,318,-181
123000263,431,122,309
123000264,213,53,160
123000265,64,220,-156
123000266,581,972,-391
123000267,402,324,78
123000268,50,88,-38
123000269,34,67,-33
123000270,28,53,-25
123000271,161,103,58
123000272,1183,349,834
123000273,423,621,-198
123000274,1531,666,865
123000275,367,1264,-897
123000278,4577,3290,1287
123000279,108,176,-68
123000280,567,440,127
123000281,558,90,468
123000282,234,359,-125
123000283,131,84,47
123000284,98,163,-65
123000286,417,374,43
123000287,751,358,393
123000288,1913,765,1148
123000289,784,1133,-349
123000291,438,947,-509
123000294,423,367,56
123000295,1165,1054,111
123000296,575,319,256
123000297,540,1276,-736
123000298,534,846,-312
123000299,36,397,-361
123000300,1139,1223,-84
123000301,178,309,-131
123000302,72,266,-194
123000303,258,102,156
123000305,1499,1118,381
123000306,114,367,-253
123000309,57,106,-49
123000310,156,56,100
123000311,0,120,-120
123000312,1259,1122,137
123000313,384,552,-168
123000315,34,475,-441
123000316,3354,303,3051
123000317,281,86,195
123000318,68,394,-326
123000329,22,27,-5
123000337,545,312,233
123000338,772,51,721
123000339,184,378,-194
123000340,189,709,-520
123000342,27,164,-137
123000343,271,8,263
123000344,1499,640,859
123000345,361,803,-442
123000346,342,100,242
123000352,2773,949,1824
123000353,18,256,-238
123000354,416,2,414
123000355,1,827,-826
123000356,209,3,206
123000357,2,386,-384
123000359,3,221,-218
123000360,197,100,97
123000361,839,341,498
123000362,348,189,159
123000363,88,227,-139
123000364,861,631,230
123000365,25,438,-413
123000366,356,2311,-1955
123000367,319,1576,-1257
123000370,49,397,-348
123000371,224,23,201
123000372,185,12,173
123000373,10,590,-580
123000374,4,335,-331
123000375,208,30,178
123000376,1228,796,432
123000377,339,14,325
123000378,12,544,-532
123000379,11,262,-251
123000380,90,343,-253
123000381,307,52,255
123000382,1136,67,1069
123000383,321,1123,-802
123000384,848,110,738
123000385,645,906,-261
123000436,115,1372,-1257
123000507,216,768,-552
123000508,303,716,-413
123000517,382,44,338
123000518,49,381,-332
123000519,139,116,23
123000520,78,296,-218
123000521,418,132,286
123000522,210,616,-406
123000541,2,3,-1
123000542,0,37,-37
123000565,411,14,397
123000566,155,831,-676
123000567,95,326,-231
123000573,32,1184,-1152
123000574,610,84,526
123000575,1320,1450,-130
123000576,730,3070,-2340
123000577,207,1120,-913
123000578,1233,65,1168
123000579,5961,5827,134
123000580,91,13,78
123000582,409,29,380
123000583,11,627,-616
123000584,238,427,-189
123000585,0,168,-168
123000586,95,0,95
123000596,209,179,30
123000597,61,180,-119
123000602,21,5,16
123000603,425,1115,-690
123000604,495,1494,-999
123000605,1521,233,1288
123000606,1,381,-380
123000609,32,481,-449
123000610,148,142,6
123000613,62,253,-191
123000614,138,50,88
123000615,96,292,-196
123000616,398,40,358
123000617,60,468,-408
123000618,57,770,-713
123000619,707,31,676
123000620,13,720,-707
123000622,311,10,301
123000624,74,90,-16
123000630,871,519,352
123000631,341,3122,-2781
123000632,1647,1617,30
123000633,1,468,-467
123000634,195,131,64
123000635,367,96,271
123000636,23,931,-908
123000637,143,52,91
123000638,626,167,459
123000639,1124,3452,-2328
123000640,33,1360,-1327
123000648,524,118,406
123000649,54,824,-770
123900001,1937,82,1855
123900002,37,1685,-1648
123900003,550,1003,-453
123900005,458,128,330
123900006,638,75,563
124000001,1976,116,1860
124000002,136,2419,-2283
124000003,655,196,459
124000004,61,921,-860
124000005,853,381,472
124000006,322,1699,-1377
124000007,864,169,695
124000008,26,907,-881
124000009,788,438,350
124000010,128,822,-694
124000011,2618,363,2255
124000012,750,1151,-401
124000017,214,166,48
124000018,112,140,-28
124000019,143,135,8
124000020,52,270,-218
124000021,268,90,178
124000022,98,284,-186
124000023,2424,1810,614
124000024,1326,839,487
124000025,1806,2033,-227
124000026,1249,1561,-312
124000027,5864,6053,-189
124000028,2979,5715,-2736
124000030,4174,1674,2500
124000031,1304,2462,-1158
124000032,7139,1180,5959
124000033,912,989,-77
124000034,3604,1247,2357
124000035,210,130,80
124000036,182,723,-541
124000037,338,884,-546
124000038,35,109,-74
124000039,1023,414,609
124000040,715,869,-154
124000041,214,93,121
124000042,50,478,-428
124000043,111,113,-2
124000044,76,351,-275
124000045,541,659,-118
124000046,271,1017,-746
124000047,1136,1096,40
124000048,754,2448,-1694
124000049,1483,804,679
124000050,656,2774,-2118
124000051,743,617,126
124000052,593,1587,-994
124000053,542,1271,-729
124000054,956,740,216
124000055,1373,1939,-566
124000056,5101,1907,3194
124000057,753,511,242
124000058,457,1858,-1401
124000059,566,927,-361
124000060,1195,1237,-42
124000061,1728,4808,-3080
124000062,10674,2712,7962
124000063,1798,2883,-1085
124000064,4027,2528,1499
124000065,436,376,60
124000066,532,95,437
124000067,122,305,-183
124000068,89,110,-21
124000069,522,344,178
124000070,215,654,-439
124000071,87,99,-12
124000072,181,530,-349
124000073,784,196,588
124000074,269,969,-700
124000075,139,45,94
124000076,2,295,-293
124000077,2849,793,2056
124000078,2587,1010,1577
124000079,652,1191,-539
124000080,261,113,148
124000081,182,1011,-829
124000082,45,121,-76
124000083,80,214,-134
124000084,108,717,-609
124000085,75,85,-10
124000086,104,157,-53
124000087,194,162,32
124000088,173,380,-207
124000089,845,414,431
124000090,169,439,-270
124000091,1150,213,937
124000092,345,908,-563
124000093,80,105,-25
124000094,81,568,-487
124000095,52,92,-40
124000096,110,306,-196
124000097,98,157,-59
124000098,67,150,-83
124000099,181,152,29
124000100,61,97,-36
124000101,114,114,0
124000102,170,128,42
124000103,79,81,-2
124000104,206,149,57
124000105,61,86,-25
124000106,293,164,129
124000107,14,173,-159
124000108,82,72,10
124000109,131,84,47
124000110,314,192,122
124000111,280,132,148
124000112,941,1201,-260
124000113,57,105,-48
124000114,293,757,-464
124000115,573,1030,-457
124000116,108,144,-36
124000117,128,169,-41
124000118,41,94,-53
124000119,2354,795,1559
124000120,1021,662,359
124000121,3606,954,2652
124000122,771,1474,-703
124000123,839,547,292
124000124,669,1299,-630
124000125,359,452,-93
124000126,393,720,-327
124000127,862,387,475
124000128,748,1206,-458
124000129,2298,1597,701
124000130,1033,830,203
124000131,1475,581,894
124000132,1117,1020,97
124000133,960,958,2
124000134,835,925,-90
124000135,1676,1740,-64
124000136,1126,1300,-174
124000137,1503,609,894
124000138,2044,1452,592
124000139,714,32,682
124000140,21,477,-456
124000141,421,27,394
124000142,60,539,-479
124000143,91,19,72
124000144,10,247,-237
124000145,58,34,24
124000146,23,160,-137
124000148,15,105,-90
124000149,1056,392,664
124000150,318,737,-419
124000151,664,290,374
124000152,966,1538,-572
124000153,422,573,-151
124000154,302,907,-605
124000155,1193,963,230
124000156,2043,1096,947
124000169,424,741,-317
124000170,1090,531,559
124000171,411,408,3
124000172,574,744,-170
124000173,538,406,132
124000174,514,963,-449
124000175,7,187,-180
124000176,27,9,18
124000177,12,41,-29
124000178,20,24,-4
124000190,269,53,216
124000191,1833,129,1704
124000192,4577,459,4118
124000193,1074,1322,-248
124000194,510,642,-132
124000195,314,732,-418
124000196,1677,1578,99
124000197,46,78,-32
124000198,27,69,-42
124000201,248,1416,-1168
124000202,498,205,293
124000203,239,1402,-1163
124000204,516,641,-125
124000205,34,795,-761
124000206,370,509,-139
124000207,3,44,-41
124000209,354,885,-531
124000210,237,288,-51
124000211,406,3,403
124000212,2,577,-575
124000213,222,513,-291
124000214,205,859,-654
124000215,260,18,242
124000216,1,749,-748
124000329,86,3154,-3068
124000338,62,1532,-1470
124000339,638,77,561
124000341,956,72,884
124000344,55,33,22
124000357,1411,3681,-2270
124000358,969,2326,-1357
124000359,1336,1064,272
124000360,749,923,-174
124000361,4183,954,3229
124000362,2560,3698,-1138
124000363,363,517,-154
124000364,969,1157,-188
124000365,1007,1409,-402
124000366,2879,1079,1800
124000367,201,911,-710
124000368,416,307,109
124000369,243,228,15
124000370,126,1392,-1266
124000402,18,4,14
124000403,63,5,58
124000404,9,150,-141
124000405,970,823,147
124000406,1088,1024,64
124000407,6,41,-35
124000411,15,431,-416
124000412,463,7,456
124000413,1255,37,1218
124000414,69,168,-99
124000415,50,248,-198
124000416,172,430,-258
124000417,96,146,-50
124000418,86,161,-75
124000419,57,188,-131
124000420,66,114,-48
124000421,30,348,-318
124000422,45,19,26
124000423,157,33,124
124000424,3,190,-187
124000425,95,70,25
124000426,4,274,-270
124000427,72,26,46
124000428,64,36,28
124000429,35,58,-23
124000430,759,844,-85
124000431,423,832,-409
124000432,161,1264,-1103
124000439,4,26,-22
124000443,0,1,-1
124000445,549,2118,-1569
124000446,3958,204,3754
124000447,0,20,-20
124900001,487,410,77
124900002,193,577,-384
124900003,1088,660,428
124900004,555,474,81
124900005,349,357,-8
124900006,613,507,106
124900008,1482,499,983
124900009,129,205,-76
124900010,121,49,72
124900011,436,248,188
124900012,354,114,240
124900013,392,165,227
124900014,204,76,128
124900015,242,275,-33
124900016,60,102,-42
124900017,705,938,-233
124900018,26,14,12
124900020,53,54,-1
124900021,129,32,97
124900022,92,19,73
124900024,213,39,174
124900026,261,5,256
124900027,134,349,-215
124900028,750,133,617
124900029,8,420,-412
124900030,5,173,-168
124900031,32,439,-407
124900032,246,225,21
124900033,96,520,-424
124900034,3,111,-108
124900035,165,611,-446
124900036,0,59,-59
124900037,183,462,-279
124900038,297,637,-340
124900039,1,22,-21
124900040,111,87,24
124900041,290,1850,-1560
124900042,67,0,67
124900043,515,1768,-1253
124900044,133,2,131
124900045,773,1059,-286
124900047,104,222,-118
124900048,171,239,-68
124900050,194,413,-219
124900052,157,383,-226
124900053,89,463,-374
124900054,3577,358,3219
124900055,0,113,-113
124900057,24,83,-59
124900060,85,251,-166
124900061,35,12,23
124900062,81,22,59
124900066,0,11,-11
124900067,4,207,-203
124900068,233,386,-153
124900070,45,34,11
124900072,66,49,17
124900075,170,250,-80
124900076,16,781,-765
124900077,24,112,-88
124900078,68,11,57
124900079,1176,201,975
124900080,266,1143,-877
124900081,1243,299,944
124900082,383,1736,-1353
124900083,201,777,-576
124900085,1375,373,1002
124900086,85,1303,-1218
124900087,768,117,651
124900088,684,138,546
124900089,1867,43,1824
124900090,253,272,-19
124900091,299,765,-466
124900092,332,583,-251
124900093,285,222,63
124900094,248,331,-83
124900095,72,424,-352
124900096,734,220,514
124900097,246,87,159
124900098,106,552,-446
124900099,621,553,68
124900100,222,80,142
124900101,31,336,-305
124900102,196,40,156
124900103,182,382,-200
124900104,63,288,-225
124900105,86,153,-67
124900106,317,39,278
124900107,87,10,77
124900108,161,59,102
124900111,0,67,-67
124900112,59,799,-740
124900113,114,250,-136
124900114,250,121,129
124900115,47,47,0
124900116,111,144,-33
124900117,971,132,839
124900118,211,232,-21
124900119,307,181,126
124900120,47,427,-380
124900121,113,278,-165
124900122,560,238,322
124900123,433,73,360
124900124,125,307,-182
204000001,81,26,55
204000002,21,5,16
204000003,49,2,47
204000004,6,1,5
204000005,727,977,-250
204000006,1554,3454,-1900
204000011,12,103,-91
204000012,54,137,-83
204000019,668,700,-32
204000020,801,1086,-285
204000021,2706,1073,1633
204000022,549,706,-157
204000023,534,1680,-1146
204000031,134,32,102
204000032,646,93,553
204000034,29,308,-279
204000035,5,1,4
204000036,13,19,-6
204000037,2,12,-10
204000038,2,22,-20
204000039,0,38,-38
204000040,6,27,-21
204000041,15,35,-20
204000042,61,16,45
204000043,62,1,61
204000044,44,10,34
204000045,17,5,12
204000046,9,3,6
204000057,4,27,-23
204000062,19,143,-124
204000068,105,308,-203
204000069,48,395,-347
204000070,55,194,-139
204000080,58,55,3
204000085,1869,2518,-649
204000086,4303,3462,841
204000087,72,30,42
204000088,7,140,-133
204000090,34,467,-433
204000093,251,181,70
204000096,957,1333,-376
204000097,373,106,267
204000099,982,2184,-1202
204000100,1026,2014,-988
204000105,2470,2192,278
204000110,1013,1965,-952
204000111,792,1196,-404
204000112,1246,1325,-79
204000113,711,1412,-701
204000114,837,726,111
204000115,791,477,314
204000116,865,784,81
204000119,2127,3663,-1536
204000132,508,360,148
204000133,719,390,329
204000134,204,190,14
204000135,608,165,443
204000136,512,349,163
204000138,453,444,9
204000140,273,135,138
204000141,201,72,129
204000144,10,31,-21
204000145,556,42,514
204000146,16,371,-355
204000147,105,224,-119
204000148,570,57,513
204000154,12,3,9
204000155,6,3,3
204000177,70,107,-37
204000179,12,11,1
204000180,0,36,-36
204000222,5,2,3
204000235,7,5,2
204000236,77,388,-311
204000238,12,61,-49
204000240,349,89,260
204000263,741,1828,-1087
204000268,1255,1175,80
204000308,287,52,235
204000317,14,105,-91
204000322,4,47,-43
204000323,20,15,5
204000328,134,157,-23
204000329,92,174,-82
204000330,361,164,197
204000331,88,178,-90
205000001,1128,2175,-1047
205000013,26,88,-62
205000014,14,79,-65
205000015,57,270,-213
205000016,15,237,-222
205000017,29,85,-56
205000022,431,912,-481
205000025,1801,1355,446
205000029,314,5,309
205000045,311,269,42
205000046,104,767,-663
205000047,44,613,-569
205000048,247,1501,-1254
205000049,157,1039,-882
205000050,1701,404,1297
205000059,0,345,-345
205000060,1,140,-139
205000061,7,57,-50
205000062,12,50,-38
205000063,29,208,-179
205000064,16,172,-156
205000065,71,701,-630
205000066,144,989,-845
205000067,38,1359,-1321
205000069,175,22,153
205000082,168,676,-508
205000110,96,310,-214
205000111,182,396,-214
205000112,146,254,-108
205000113,229,354,-125
205000121,294,271,23
205000123,78,245,-167
205000126,393,458,-65
205000127,813,779,34
205000128,888,496,392
205000129,986,503,483
205000130,1805,177,1628
205000131,1883,48,1835
205000132,2516,16,2500
205000133,1821,8,1813
205000134,947,0,947
205000137,74,149,-75
205000138,181,373,-192
205000139,40,164,-124
205000144,72,122,-50
205000145,241,490,-249
205000151,222,208,14
205000152,147,141,6
205000153,183,234,-51
205000154,103,250,-147
205000155,180,86,94
205000207,7,217,-210
205000233,162,1,161
205000234,0,0,0
205000243,0,0,0
205000244,0,5,-5
205000245,26,397,-371
205000249,1,27,-26
205000250,13,0,13
205000264,14,123,-109
206000027,6,2,4
206000028,4,0,4
206000043,11,145,-134
206000053,2,17,-15
206000054,16,23,-7
206000055,2,30,-28
206000075,10,3,7
206000076,34,15,19
206000077,9,10,-1
206000078,10,7,3
206000079,15,3,12
206000082,799,34,765
206000100,99,962,-863
206000103,3,11,-8
206000104,14,23,-9
206000105,13,20,-7
206000106,26,33,-7
206000125,79,0,79
206000157,87,757,-670
206000170,1,196,-195
206000171,0,209,-209
206000172,7,916,-909
206000173,4,388,-384
206000174,10,107,-97
206000175,3,173,-170
206000176,11,376,-365
206000177,0,202,-202
206000178,5,187,-182
206000179,14,129,-115
206000180,39,266,-227
206000181,3,481,-478
206000182,17,442,-425
206000183,19,1354,-1335
206000184,3,466,-463
206000185,5,391,-386
206000186,122,1931,-1809
206000223,21,210,-189
206000226,8,4,4
206000227,41,3,38
206000237,60,514,-454
206000238,50,851,-801
206000239,580,2787,-2207
206000240,3,50,-47
206000241,2,220,-218
206000242,11,505,-494
206000243,9,465,-456
206000244,75,1090,-1015
206000245,393,56,337
206000246,89,11,78
206000247,75,9,66
206000248,392,21,371
206000252,143,26,117
206000258,23,45,-22
206000315,33,4,29
206000317,497,99,398
206000318,368,56,312
206000319,578,126,452
206000320,64,48,16
206000321,68,14,54
206000322,314,13,301
206000323,110,4,106
206000324,95,11,84
206000325,217,24,193
206000326,272,16,256
206000327,759,18,741
206000328,105,3,102
206000329,131,3,128
206000330,45,5,40
206000331,66,2,64
206000332,20,8,12
206000333,338,2,336
206000334,170,0,170
206000335,0,23,-23
206000361,8,261,-253
206000392,3,32,-29
206000405,177,0,177
206000441,20,15,5
206000498,65,5,60
206000515,163,30,133
206000530,142,52,90
206000531,189,130,59
206000532,3412,176,3236
206000535,367,3639,-3272
206000536,23,263,-240
206000537,15,193,-178
206000613,1748,255,1493
206000784,632,27,605
207000001,227,599,-372
207000002,139,360,-221
207000003,218,265,-47
207000007,722,322,400
207000008,68,5,63
207000009,69,21,48
207000010,498,608,-110
207000012,320,327,-7
207000015,372,1854,-1482
207000019,372,102,270
207000021,719,212,507
207000022,231,150,81
207000023,209,77,132
207000024,7,21,-14
207000025,42,147,-105
207000026,239,57,182
207000027,34,127,-93
207000028,62,297,-235
207000029,272,621,-349
207000033,407,410,-3
207000034,325,88,237
207000039,323,178,145
207000040,209,156,53
207000041,74,40,34
207000042,311,71,240
207000043,355,207,148
207000051,164,398,-234
207000052,22,272,-250
207000053,538,927,-389
207000054,83,188,-105
207000055,187,242,-55
207000056,408,564,-156
207000057,200,422,-222
207000058,206,637,-431
207000059,115,1069,-954
207000060,151,361,-210
207000061,332,316,16
207000062,248,38,210
207000063,294,165,129
207000064,443,222,221
207000065,345,258,87
207000066,188,254,-66
207000067,90,181,-91
207000068,168,118,50
207000069,879,510,369
207000082,19,386,-367
207000083,96,508,-412
207000084,235,301,-66
207000085,149,6,143
207000086,117,3,114
207000106,22,32,-10
207000107,52,20,32
207000108,70,10,60
207000109,80,19,61
207000110,36,96,-60
207000111,66,95,-29
207000112,443,522,-79
207000114,20,48,-28
207000115,19,129,-110
207000116,17,392,-375
207000117,9,121,-112
207000118,1,91,-90
207000119,58,122,-64
207000123,181,23,158
207000124,82,50,32
207000125,74,65,9
207000126,45,82,-37
207000134,35,184,-149
207000135,29,349,-320
207000148,37,231,-194
207000149,112,41,71
207000152,186,484,-298
207000153,1043,1413,-370
207000154,498,201,297
207000159,139,321,-182
207000160,151,632,-481
207000238,0,189,-189
207000242,6,280,-274
207000248,33,39,-6
207000249,222,37,185
207000250,1531,79,1452
207000251,155,98,57
207000252,79,88,-9
207000278,144,112,32
207000279,25,257,-232
207000280,331,76,255
207000281,86,1541,-1455
207000282,260,64,196
207000283,133,342,-209
207000284,81,152,-71
207000285,217,63,154
207000291,10,99,-89
207000304,204,88,116
207000306,84,551,-467
207000310,75,92,-17
207000353,293,1,292
207000356,12,25,-13
207000357,58,15,43
207000358,5,9,-4
207000415,8,363,-355
207000417,31,4,27
207000418,118,214,-96
207000438,0,3,-3
207000439,1213,700,513
207000446,182,6,176
207000460,14,15,-1
207000466,239,230,9
207000467,165,171,-6
207000468,74,514,-440
207000476,4,95,-91
207000477,417,162,255
207000478,0,28,-28
207000523,0,18,-18
207000524,83,0,83
207000527,96,187,-91
207000530,260,6,254
207000531,290,24,266
207000532,51,14,37
207000534,772,74,698
207000535,59,375,-316
207000537,30,177,-147
207000540,6,337,-331
207000541,2,473,-471
207000548,7,443,-436
207000549,259,12,247
207000561,149,119,30
207000562,83,296,-213
207000567,214,376,-162
207000568,160,138,22
207000569,304,1296,-992
207000584,490,301,189
207000585,139,265,-126
207000587,50,26,24
207000616,0,265,-265
207000617,133,0,133
207000624,63,39,24
207000631,5,63,-58
207900008,121,149,-28
208000001,634,1333,-699
208000002,607,865,-258
208000003,1688,1009,679
208000004,2274,1361,913
208000005,46,25,21
208000019,585,1206,-621
208000020,229,638,-409
208000021,211,758,-547
208000022,903,926,-23
208000028,1730,1052,678
208000033,493,1081,-588
208000034,1610,3187,-1577
208000037,557,54,503
208000040,114,189,-75
208000041,1026,692,334
208000042,1340,735,605
208000047,179,637,-458
208000064,3027,2657,370
208000066,2207,2645,-438
208000070,421,573,-152
208000071,525,1154,-629
208000072,415,1976,-1561
208000080,313,697,-384
208000081,334,332,2
208000082,418,425,-7
208000083,183,541,-358
208000084,116,15,101
208000085,2008,763,1245
208000086,871,1021,-150
208000087,379,899,-520
208000089,1127,1192,-65
208000090,985,1673,-688
208000093,167,229,-62
208000094,643,928,-285
208000095,1005,583,422
208000104,939,1557,-618
208000105,707,1748,-1041
208000114,154,373,-219
208000115,651,447,204
208000116,585,1253,-668
208000117,136,167,-31
208000118,147,150,-3
208000155,1044,1151,-107
208000158,2120,4372,-2252
208000186,3591,5432,-1841
208000204,684,1566,-882
208000205,1281,2002,-721
208000282,5249,3110,2139
209000004,266,325,-59
209000005,20,39,-19
209000006,864,176,688
209000007,847,385,462
209000010,1101,202,899
209000011,270,343,-73
209000012,161,358,-197
209000013,281,806,-525
209000014,952,1940,-988
209000025,497,67,430
209000026,929,165,764
209000027,537,1431,-894
209000028,510,1289,-779
209000029,2167,1238,929
209000030,1350,2422,-1072
209000031,5692,3707,1985
209000034,266,420,-154
209000035,185,243,-58
209000036,325,203,122
209000037,229,422,-193
209000038,89,290,-201
209000039,110,256,-146
209000040,351,722,-371
209000041,200,596,-396
209000042,306,541,-235
209000043,966,1048,-82
209000044,237,927,-690
209000045,1754,510,1244
209000046,555,564,-9
209000047,658,325,333
209000048,1085,318,767
209000049,100,204,-104
209000050,225,320,-95
209000051,363,666,-303
209000052,308,641,-333
209000062,44,269,-225
209000063,53,209,-156
209000064,27,248,-221
209000065,47,83,-36
209000066,68,81,-13
209000067,48,96,-48
209000080,50,328,-278
209000082,73,72,1
209000091,32,153,-121
209000093,148,42,106
209000094,257,229,28
209000110,80,113,-33
209000111,458,2518,-2060
209000112,878,1019,-141
209000113,4492,929,3563
209000114,385,606,-221
209000115,182,302,-120
209000116,1288,1086,202
209000118,189,55,134
209000119,183,23,160
209000121,245,885,-640
209000135,83,198,-115
209000142,917,3026,-2109
209000143,408,219,189
209000144,191,154,37
209000229,246,183,63
209000240,50,612,-562
209000259,200,237,-37
209000260,48,1357,-1309
209000261,3,767,-764
209000262,4,715,-711
209000263,1,148,-147
209000264,0,82,-82
209000265,244,0,244
209000266,90,2,88
209000267,487,13,474
209000268,730,39,691
210000037,99,30,69
210000047,84,43,41
210000048,114,60,54
210000049,83,48,35
210000052,34,205,-171
210000053,26,127,-101
210000054,91,88,3
210000070,103,0,103
210000071,47,0,47
210000072,17,0,17
210000073,0,65,-65
210000074,0,200,-200
210000075,1,75,-74
210000076,4,200,-196
210000077,183,40,143
210000078,122,62,60
210000079,184,20,164
210000080,671,95,576
210000081,385,15,370
210000082,278,4,274
210000083,112,3,109
210000084,43,0,43
210000085,1,88,-87
210000086,2,161,-159
210000099,48,464,-416
210000100,74,461,-387
210000101,83,531,-448
210000105,42,525,-483
210000159,0,280,-280
210000163,245,321,-76
210000164,459,238,221
210000168,255,43,212
210000187,0,25,-25
210000188,0,37,-37
210000214,55,0,55
210000219,40,69,-29
210000220,76,96,-20
210000232,2,29,-27
210000233,29,139,-110
210000234,31,264,-233
210000235,47,190,-143
210000245,10,93,-83
210000246,33,2,31
210000258,12,133,-121
210000259,386,53,333
210000282,83,389,-306
210000285,0,103,-103
210000286,9,213,-204
210000290,14,12,2
210000295,45,386,-341
210000296,173,97,76
210000320,174,118,56
210000321,82,124,-42
210000338,338,143,195
210000339,546,1840,-1294
210000340,153,671,-518
210000341,255,508,-253
210000342,175,381,-206
210000343,378,298,80
210000344,951,203,748
210000345,312,392,-80
210000346,170,187,-17
210000347,541,55,486
210000348,252,17,235
210000349,412,19,393
210000350,111,75,36
210000351,124,142,-18
210000352,73,190,-117
210000353,45,225,-180
210000354,72,232,-160
210000355,167,202,-35
210000356,445,130,315
210000357,136,124,12
210000358,812,229,583
210000359,506,132,374
210000360,395,167,228
210000361,324,227,97
210000362,337,305,32
210000363,1161,255,906
210000364,203,213,-10
210000365,127,109,18
210000366,160,86,74
210000367,116,41,75
210000368,230,63,167
210000369,88,29,59
210000370,175,77,98
210000372,156,60,96
210000373,329,35,294
210000374,121,29,92
210000375,37,151,-114
210000376,255,274,-19
210000404,101,297,-196
210000439,13,89,-76
210000472,281,17,264
210000482,135,104,31
210000564,603,335,268
210000567,0,41,-41
210000568,904,4,900
211000092,35,62,-27
211000094,28,9,19
211000169,221,13,208
211000172,14,408,-394
211000209,1,36,-35
211000226,21,51,-30
211000270,39,15,24
211000275,31,15,16
211000276,101,36,65
211000279,13,68,-55
211000281,29,49,-20
211000302,0,12,-12
211507980,0,56,-56
211977296,80,2,78
212000003,286,125,161
212000004,338,37,301
212000005,72,56,16
212000006,126,168,-42
212000008,165,225,-60
212000009,30,188,-158
212000012,101,121,-20
212000013,7,66,-59
212000014,320,197,123
212000015,288,307,-19
212000016,500,755,-255
212000027,539,936,-397
212000028,303,940,-637
212000029,241,727,-486
212000030,47,56,-9
212000031,67,115,-48
212000048,33,204,-171
212000049,24,120,-96
212000050,23,6,17
212000051,181,280,-99
212000052,154,503,-349
212000053,357,713,-356
212000054,171,249,-78
212000055,161,442,-281
212000056,20,74,-54
212000057,16,45,-29
212000058,756,61,695
212000070,137,385,-248
212000077,155,1037,-882
212000099,258,504,-246
212000108,491,328,163
212000111,224,162,62
212000120,293,156,137
212000138,361,25,336
212000156,18,180,-162
212000158,12,15,-3
212000159,278,84,194
212000160,417,451,-34
212000161,76,17,59
212000310,45,21,24
212000311,6,173,-167
212000374,46,12,34
213000001,66,691,-625
213000005,527,139,388
213000006,1224,226,998
213000007,284,16,268
213000009,618,443,175
213000010,172,312,-140
213000011,340,154,186
213000012,197,416,-219
213000014,50,8,42
213000015,210,4,206
213000016,265,2,263
213000017,49,0,49
213000018,3,193,-190
213000019,1,163,-162
213000020,91,443,-352
213000021,3,131,-128
213000023,295,314,-19
213000033,226,1437,-1211
213000034,785,421,364
213000035,85,513,-428
213000045,123,353,-230
213000046,208,249,-41
213000047,633,994,-361
213000056,88,123,-35
213000069,282,2,280
213000073,0,21,-21
213000074,90,620,-530
213000075,736,13,723
213000076,58,4,54
213000085,5,35,-30
213000086,21,240,-219
213000091,88,13,75
213000092,71,6,65
213000099,251,1225,-974
213000100,1542,399,1143
213000101,244,172,72
213000102,252,370,-118
213000103,933,990,-57
213000104,67,554,-487
213000105,7,129,-122
213000106,21,311,-290
213000107,197,1090,-893
213000108,32,814,-782
213000109,11,349,-338
213000110,11,94,-83
213000111,19,60,-41
213000112,224,146,78
213000115,46,14,32
213000116,56,1204,-1148
213000117,11,1562,-1551
213000118,450,521,-71
213000119,80,1258,-1178
213000120,91,1173,-1082
213000122,485,1055,-570
213000123,843,1999,-1156
213000124,108,1468,-1360
213000125,200,13,187
213000126,35,84,-49
213000127,167,156,11
213000128,760,947,-187
213000129,502,812,-310
213000130,279,442,-163
213000132,195,139,56
213000133,356,120,236
213000134,1118,15,1103
213000136,402,22,380
213000137,604,140,464
213000139,628,68,560
213000147,155,3,152
213000148,114,11,103
213000149,293,24,269
213000150,0,111,-111
213000151,12,101,-89
213000152,10,84,-74
213000153,4,50,-46
213000154,20,358,-338
213000155,21,569,-548
213000156,110,1108,-998
213000157,1217,558,659
213000158,327,1136,-809
213000159,377,1039,-662
213000163,329,91,238
213000165,454,330,124
213000171,0,128,-128
213000172,2,424,-422
213000173,2,277,-275
213000174,2,203,-201
213000175,8,125,-117
213000176,17,37,-20
213000177,47,2,45
213000178,96,2,94
213000179,138,0,138
213000180,90,1,89
213000184,101,632,-531
213000188,320,112,208
213000189,253,46,207
213000190,951,1186,-235
213000191,212,634,-422
213000192,186,798,-612
213000193,2923,225,2698
213000194,5,36,-31
213000195,16,629,-613
213000196,255,1230,-975
213000197,255,1389,-1134
213000198,144,2,142
213000200,147,1642,-1495
213000201,167,71,96
213000202,23,1337,-1314
213000203,4694,990,3704
213000204,663,163,500
213000205,214,253,-39
213000206,525,277,248
213000207,298,25,273
213000208,335,0,335
213000209,277,3,274
213000210,1260,20,1240
213000211,122,11,111
213000212,56,17,39
213000213,62,32,30
213000218,403,1153,-750
213000219,531,21,510
213000220,632,2,630
213000223,487,245,242
213000224,147,57,90
213000225,91,17,74
213000226,127,10,117
213000227,816,429,387
213000228,252,152,100
213000229,559,57,502
213000230,342,80,262
213000232,91,945,-854
213000233,4,21,-17
213000234,0,39,-39
213000293,46,66,-20
213000294,254,13,241
213000295,100,67,33
213000296,56,50,6
213000297,11,165,-154
213000298,16,119,-103
213000299,47,93,-46
213000300,5,6,-1
213000303,7,40,-33
213000304,4,11,-7
213000305,6,7,-1
213000306,369,51,318
213000307,1289,54,1235
213000308,162,340,-178
213000309,175,52,123
213000310,184,112,72
213000311,361,834,-473
213000315,144,214,-70
213000316,81,54,27
213000322,102,181,-79
213000323,56,113,-57
213000324,38,62,-24
213000325,14,158,-144
213000326,43,26,17
213000327,22,73,-51
213000328,16,160,-144
213000329,61,63,-2
213000340,120,1208,-1088
213000341,328,141,187
213000346,184,166,18
213000347,1019,299,720
213000348,25,127,-102
213000349,13,7,6
213000350,314,2029,-1715
213000366,73,512,-439
213000367,180,53,127
213000379,69,67,2
213000386,9,309,-300
213000406,78,562,-484
213000417,1502,501,1001
213000425,101,52,49
213000426,77,116,-39
213000427,51,561,-510
213000428,41,245,-204
213000429,32,1,31
213000430,101,925,-824
213000431,37,2,35
213000432,2,33,-31
213000433,21,248,-227
213000434,65,145,-80
213000435,55,113,-58
213000436,15,133,-118
213000437,0,48,-48
213000438,129,88,41
213000439,63,20,43
213000440,8,363,-355
213000441,0,2,-2
213000442,0,35,-35
213000443,476,728,-252
213000444,30,92,-62
213000445,0,161,-161
213000446,0,19,-19
213000447,16,104,-88
213000448,4,153,-149
213000449,192,2,190
213000450,35,50,-15
213000451,174,100,74
213000452,8,38,-30
213000453,70,374,-304
213000455,424,1,423
213000456,1,164,-163
213000481,5,14,-9
213000482,41,4,37
213000489,418,182,236
213000491,3,204,-201
213000492,1385,50,1335
213000493,0,306,-306
213000494,110,163,-53
213000495,0,121,-121
213000496,264,375,-111
213000497,48,397,-349
213000498,66,307,-241
213000499,105,654,-549
213000500,246,74,172
213000501,82,12,70
213000502,423,52,371
213000503,1,54,-53
213000504,11,214,-203
213000505,16,12,4
213000506,0,8,-8
213000507,4,116,-112
213900244,14,0,14
213900245,0,35,-35
218000003,58,11,47
218000004,54,29,25
218000005,132,80,52
218000006,151,22,129
218000007,15,5,10
218000012,540,316,224
218000013,80,146,-66
218000014,433,437,-4
218000019,874,875,-1
218000020,337,969,-632
218000021,25,84,-59
218000022,11,32,-21
218000023,7,49,-42
218000024,3,13,-10
218000025,22,23,-1
218000026,12,68,-56
218000027,1,21,-20
218000028,3,10,-7
218000029,2,2,0
218000030,17,34,-17
218000031,2,45,-43
218000032,1,34,-33
218000040,7,3,4
218000046,70,141,-71
218000047,34,208,-174
218000048,57,227,-170
218000049,146,190,-44
218000050,357,382,-25
218000051,87,409,-322
218000052,0,142,-142
218000053,1,15,-14
218000054,10,32,-22
218000055,4,9,-5
218000056,40,21,19
218000057,4,35,-31
218000064,1,11,-10
218000065,70,108,-38
218000066,5,154,-149
218000067,50,198,-148
218000068,101,129,-28
218000069,124,233,-109
218000070,128,353,-225
218000071,206,328,-122
218000072,333,325,8
218000078,914,1803,-889
218000079,47,85,-38
218000080,57,138,-81
218000081,277,385,-108
218000082,42,215,-173
218000083,61,122,-61
218000084,160,260,-100
218000085,116,635,-519
218000086,27,269,-242
218000087,208,315,-107
218000090,13,106,-93
218000091,1149,765,384
218000092,100,209,-109
218000093,132,90,42
218000094,650,860,-210
218000099,399,545,-146
218000100,234,335,-101
218000101,205,142,63
218000102,338,325,13
218000103,74,229,-155
218000104,118,64,54
218000105,69,15,54
218000106,15,16,-1
218000107,83,70,13
218000108,6,56,-50
218000112,161,13,148
218000117,64,114,-50
218000134,721,1244,-523
218000135,130,173,-43
218000136,286,99,187
218000137,270,118,152
218000138,49,98,-49
218000139,233,386,-153
218000140,343,325,18
218000141,158,48,110
218000142,216,191,25
218000143,158,211,-53
218000144,136,85,51
218000145,368,500,-132
218000146,21,194,-173
218000151,74,39,35
218000152,200,77,123
218000153,2,4,-2
218000154,1,3,-2
218000155,10,6,4
218000156,42,26,16
218000157,17,11,6
218000158,2,9,-7
218000159,2,1,1
218000160,5,4,1
218000161,21,11,10
218000162,47,9,38
218000163,4,1,3
218000164,40,5,35
218000165,52,37,15
218000170,3,71,-68
218000171,72,16,56
218000172,16,22,-6
218000173,64,16,48
218000174,51,6,45
218000176,107,26,81
218000177,271,194,77
218000178,99,226,-127
218000179,92,82,10
218000180,62,39,23
218000181,135,71,64
218000187,6,11,-5
218000188,45,39,6
218000189,17,61,-44
218000190,10,16,-6
218000191,119,76,43
218000192,220,482,-262
218000193,450,647,-197
218000194,139,564,-425
218000195,175,123,52
218000196,286,341,-55
218000197,212,408,-196
218000198,20,196,-176
218000199,85,33,52
218000200,103,42,61
218000201,21,7,14
218000202,282,386,-104
218000207,10,89,-79
218000208,98,65,33
218000211,114,10,104
218000212,3,5,-2
218000213,153,93,60
218000214,10,31,-21
218000215,42,83,-41
218000217,4,167,-163
218000218,178,157,21
218000219,247,29,218
218000220,518,402,116
218000221,4278,264,4014
218000222,122,37,85
218000223,51,254,-203
218000224,12,153,-141
218000225,202,38,164
218000226,167,86,81
218000230,0,4,-4
218000232,50,183,-133
218000239,208,10,198
218000240,22,1,21
218000241,50,0,50
218000242,88,3,85
218000243,60,3,57
218000244,31,0,31
218000245,36,3,33
218000246,1,3,-2
218000247,1,0,1
218000248,2,29,-27
218000249,0,3,-3
218000250,19,9,10
218000251,7,18,-11
218000252,0,25,-25
218000253,2,18,-16
218000254,1,2,-1
218000255,4,8,-4
218000256,12,56,-44
218000267,1205,1413,-208
218000268,24,57,-33
218000269,2,11,-9
218000270,97,65,32
218000271,52,82,-30
218000273,5,12,-7
218000274,24,15,9
218000275,8,46,-38
218000276,6,53,-47
218000278,30,40,-10
218000279,66,85,-19
218000280,4,45,-41
218000281,44,13,31
218000282,705,496,209
218000284,152,44,108
218000301,101,104,-3
218000302,93,32,61
218000303,63,70,-7
218000316,765,1894,-1129
218000317,966,2012,-1046
218000318,399,1471,-1072
218000319,1400,2189,-789
218000320,956,1097,-141
218000338,251,22,229
218000345,331,62,269
218000346,223,249,-26
218000459,55,402,-347
218000490,237,55,182
218000501,64,86,-22
218000502,51,122,-71
218000503,107,32,75
218000504,226,38,188
218000505,54,194,-140
218000506,35,268,-233
218000508,0,5,-5
218000510,275,12,263
218000520,213,106,107
218000521,2,82,-80
218000522,3,156,-153
218000523,363,7,356
218000524,47,188,-141
218000525,171,17,154
218000526,43,130,-87
218000529,32,346,-314
218000530,6,7,-1
218000531,16,50,-34
218000532,33,23,10
218000534,157,21,136
218000537,77,71,6
218000538,134,146,-12
218000540,404,72,332
218000543,169,65,104
218000544,117,151,-34
218000545,71,102,-31
218000546,65,102,-37
218000547,96,133,-37
218000548,120,227,-107
218000549,303,225,78
218000550,369,577,-208
218000551,228,577,-349
218000552,507,33,474
218000553,90,96,-6
218000554,67,17,50
218000555,63,67,-4
218000556,138,569,-431
218000557,225,287,-62
218000558,149,4,145
218000559,0,35,-35
218000560,0,30,-30
218000561,28,0,28
218000562,59,247,-188
218000563,247,23,224
218000564,17,113,-96
218000565,245,23,222
218000566,374,33,341
218000567,1,56,-55
218000568,15,5,10
218000569,8,126,-118
218000570,144,9,135
218000571,1,85,-84
218000572,181,6,175
218000573,17,76,-59
218000574,104,59,45
218000575,173,0,173
218000576,1,65,-64
218000577,479,5,474
218000578,3,78,-75
218000579,85,48,37
218000581,12,58,-46
218000582,72,2,70
218000583,7,0,7
218000584,0,18,-18
218000585,53,5,48
218000586,7,47,-40
218000587,28,2,26
218000588,4,12,-8
218000589,2,3,-1
218000590,5,0,5
218000591,4,0,4
218000592,4,2,2
218000593,5,1,4
218000594,0,1,-1
218000597,0,0,0
218000598,0,0,0
218000599,2,0,2
218000600,4,0,4
218000601,0,0,0
218000602,0,3,-3
218000603,0,1,-1
218000604,22,0,22
218000605,1,39,-38
218000606,129,0,129
218000607,18,53,-35
218000608,129,16,113
218000609,2,45,-43
218000610,201,4,197
218000611,107,1,106
218000612,0,35,-35
218000613,79,4,75
218000614,1,53,-52
218000615,374,5,369
218000616,9,173,-164
218000617,35,3,32
218000618,0,33,-33
218000619,15,37,-22
218000620,11,9,2
218000621,0,4,-4
218000622,0,8,-8
218000623,23,1,22
218000624,0,27,-27
218000625,15,3,12
218000626,0,7,-7
218000628,100,30,70
218000631,42,34,8
218000632,0,112,-112
218000633,102,0,102
218000634,8,20,-12
218000635,18,11,7
218000636,935,2245,-1310
218000637,658,1058,-400
218000638,91,82,9
218000639,9,219,-210
218000640,145,36,109
218000641,68,393,-325
218000652,85,150,-65
218000653,143,65,78
218000663,8,242,-234
218000675,157,40,117
218000676,0,26,-26
218000677,8,14,-6
218000680,248,766,-518
218000681,393,329,64
218000691,142,599,-457
218000693,134,270,-136
218000703,12,74,-62
218000718,598,629,-31
218000719,1074,290,784
218000720,16,107,-91
218000721,243,21,222
218000725,14,9,5
218001147,3,231,-228
218001214,34,15,19
218001258,78,9,69
218001329,219,202,17
218001330,193,175,18
218001351,45,24,21
218001352,29,37,-8
218001353,11,18,-7
218001354,12,11,1
218001355,40,558,-518
218001356,260,13,247
218001357,57,396,-339
218001358,187,13,174
218001361,174,44,130
218001362,1,553,-552
219000001,24,87,-63
219000002,66,95,-29
219000003,20,35,-15
219000004,66,53,13
219000017,602,26,576
219000020,128,46,82
219000022,146,2,144
219000023,87,3,84
219000029,0,126,-126
219000034,121,25,96
219000039,66,82,-16
219000040,68,23,45
219000041,202,59,143
219000051,0,23,-23
219000052,0,10,-10
219000053,0,218,-218
219000054,38,128,-90
219000055,148,5,143
219000056,54,0,54
219000057,242,2,240
219000062,18,268,-250
219000063,174,12,162
219000064,2,83,-81
219000110,354,64,290
219000111,130,51,79
219000112,177,65,112
219000113,194,91,103
219000114,362,100,262
219000116,56,48,8
219000117,92,94,-2
219000118,130,63,67
219000123,339,125,214
219000124,165,81,84
219000125,14,27,-13
219000126,85,115,-30
219000127,0,12,-12
219000128,23,127,-104
219000129,19,214,-195
219000130,1069,1111,-42
219000131,1067,1032,35
219000133,72,41,31
219000134,6,13,-7
219000135,45,50,-5
219000136,156,195,-39
219000138,63,23,40
219000139,49,56,-7
219000140,49,2,47
219000141,22,170,-148
219000142,8,169,-161
219000143,12,190,-178
219000145,28,115,-87
219000146,5,79,-74
219000147,2,49,-47
219000148,4,76,-72
219000149,20,168,-148
219000150,3,131,-128
219000151,1,89,-88
219000157,196,188,8
219000158,216,408,-192
219000161,271,14,257
219000163,2139,611,1528
219000166,128,230,-102
219000167,119,358,-239
219000168,386,163,223
219000174,521,74,447
219000175,73,0,73
219000176,48,2,46
219000177,40,2,38
219000178,31,0,31
219000179,8,12,-4
219000180,32,42,-10
219000182,101,20,81
219000183,55,27,28
219000184,75,17,58
219000185,0,68,-68
219000186,60,90,-30
219000187,24,142,-118
219000189,157,201,-44
219000190,174,301,-127
219000191,2230,1505,725
219000192,170,156,14
219000193,504,185,319
219000195,0,117,-117
219000196,5,166,-161
219000198,26,249,-223
219000199,133,335,-202
219000200,55,307,-252
219000201,91,307,-216
219000203,54,219,-165
219000204,220,297,-77
219000205,120,232,-112
219000207,291,346,-55
219000209,28,93,-65
219000210,374,203,171
219000213,20,309,-289
219000239,236,383,-147
219000240,319,515,-196
219000241,111,362,-251
219000242,109,236,-127
219000243,134,491,-357
219000244,52,121,-69
219000245,43,40,3
219000246,88,39,49
219000247,150,48,102
219000248,636,357,279
219000249,176,63,113
219000250,212,115,97
219000251,698,204,494
219000252,323,180,143
219000253,283,53,230
219000255,122,114,8
219000256,118,113,5
219000257,313,7,306
219000262,48,294,-246
219000263,48,321,-273
219000267,2,228,-226
219000268,11,12,-1
219000269,44,16,28
219000270,28,4,24
219000271,174,16,158
219000278,0,6,-6
219000279,0,7,-7
219000283,0,21,-21
219000295,6,128,-122
219000296,144,726,-582
219000297,10,274,-264
219000298,8,269,-261
219000299,447,153,294
219000300,30,374,-344
219000301,290,495,-205
219000302,49,290,-241
219000307,30,51,-21
219000308,48,21,27
219000311,183,39,144
219000312,533,72,461
219000313,246,93,153
219000314,90,798,-708
219000315,173,54,119
219000316,371,82,289
219000317,81,27,54
219000320,2,72,-70
219000321,0,14,-14
219000323,7,101,-94
219000325,2,34,-32
219000326,84,165,-81
219000327,89,41,48
219000328,59,49,10
219000329,339,180,159
219000330,34,35,-1
219000331,122,56,66
219000332,74,105,-31
219000333,9,9,0
219000335,98,3,95
219000337,26,3,23
219000338,226,2,224
219000344,34,70,-36
219000345,42,160,-118
219000346,40,189,-149
219000348,180,212,-32
219000349,43,248,-205
219000350,96,183,-87
219000351,22,3,19
219000352,251,82,169
219000353,131,77,54
219000354,105,206,-101
219000355,171,85,86
219000356,2528,1060,1468
219000363,277,76,201
219000364,71,57,14
219000365,181,33,148
219000366,290,535,-245
219000368,695,530,165
219000370,1573,360,1213
219000371,15,37,-22
219000382,6,20,-14
219000383,1029,981,48
219000385,571,777,-206
219000386,1060,1782,-722
219000387,5,9,-4
219000390,19,26,-7
219000391,14,2,12
219000397,103,86,17
219000398,55,26,29
219000401,16,166,-150
219000402,29,144,-115
219000403,142,239,-97
219000404,20,104,-84
219000407,5,44,-39
219000409,67,81,-14
219000410,105,51,54
219000411,64,22,42
219000446,212,576,-364
219000447,3,54,-51
219000448,9,33,-24
219000452,232,65,167
219000453,130,174,-44
219000454,572,250,322
219000556,364,116,248
219000558,173,332,-159
219000590,29,245,-216
219000591,73,81,-8
219000592,209,567,-358
219000595,1,37,-36
219000635,150,97,53
219000636,19,147,-128
219000657,34,18,16
219000658,57,74,-17
219000673,0,10,-10
219000676,44,3,41
219000679,137,9,128
219000684,166,4,162
219000685,0,85,-85
219000686,5,0,5
219000688,0,135,-135
219000689,28,383,-355
219000690,286,25,261
219000691,51,210,-159
219000692,161,22,139
219000693,0,16,-16
219000694,7,0,7
219000695,9,1,8
219000698,125,0,125
219000699,0,13,-13
219000727,2,212,-210
219000728,80,8,72
219000770,72,13,59
219000771,0,46,-46
219000788,480,241,239
219001150,0,38,-38
219001151,1,8,-7
219001166,49,11,38
219001167,2,121,-119
219001178,89,0,89
220000001,101,40,61
220000002,15,234,-219
220000003,789,394,395
220000004,1566,858,708
220000005,1889,1544,345
220000006,248,916,-668
220000007,404,710,-306
220000008,471,1546,-1075
220000009,315,668,-353
220000010,319,272,47
220000011,1350,4894,-3544
220000012,122,706,-584
220000014,332,89,243
220000015,291,226,65
220000017,61,472,-411
220000018,7711,3683,4028
220000019,173,373,-200
220000020,532,283,249
220000021,561,160,401
220000022,487,498,-11
220000023,189,176,13
220000024,2003,313,1690
220000025,1375,798,577
220000026,273,187,86
220000027,15,103,-88
220000028,50,47,3
220000029,120,357,-237
220000030,206,133,73
220000031,383,478,-95
220000064,26,862,-836
221000046,3,0,3
221000047,0,1,-1
221000048,0,16,-16
221000049,0,29,-29
221000050,30,0,30
221000055,77,51,26
221000057,62,15,47
221000068,273,146,127
221000069,337,66,271
221000070,181,37,144
221000071,98,11,87
221000072,354,12,342
221000073,191,108,83
221000074,1,48,-47
221000075,81,31,50
221000076,18,28,-10
221000077,68,104,-36
221000081,45,11,34
221000082,66,9,57
221000083,179,9,170
221000084,9,2,7
221000085,18,119,-101
221000086,17,157,-140
221000087,6,218,-212
221000088,8,235,-227
221000089,38,307,-269
221000090,155,596,-441
221000098,143,10,133
221000099,178,11,167
221000100,97,4,93
221000101,277,22,255
221000102,137,19,118
221000109,15,82,-67
221000110,14,130,-116
221000111,20,273,-253
221000112,5,248,-243
221000113,19,284,-265
221000114,12,292,-280
221000120,22,37,-15
221000121,2,39,-37
221000122,75,51,24
221000123,27,18,9
221000124,98,301,-203
221000155,86,23,63
221000156,117,39,78
221000175,4,17,-13
221000176,4,5,-1
221000182,37,10,27
221000241,864,276,588
221000242,214,738,-524
221000243,924,166,758
221000244,312,812,-500
221000245,155,165,-10
221000246,58,439,-381
221000247,139,172,-33
221000248,311,244,67
221000267,105,988,-883
221000325,56,65,-9
221000331,25,141,-116
221000338,73,41,32
221000378,243,48,195
221000381,107,78,29
222000282,34,0,34
222000296,8,33,-25
222000568,368,11,357
222000569,197,28,169
222000570,179,16,163
222000571,359,7,352
222000577,10,289,-279
222000578,20,248,-228
222000579,25,147,-122
222000580,120,1036,-916
222000599,0,139,-139
222000600,1,360,-359
222000601,2,1247,-1245
222000603,33,27,6
222000604,6,48,-42
222000605,41,25,16
222000606,8,4,4
222000607,9,1,8
222000608,71,17,54
222000609,78,322,-244
222000616,210,67,143
222000617,10,11,-1
222000618,25,5,20
222000620,67,17,50
222000621,143,10,133
222000623,595,7,588
222000624,273,6,267
222000625,430,29,401
222000636,115,2,113
222000686,81,16,65
222000687,71,29,42
222001066,316,1,315
222001067,6,6,0
222001068,26,38,-12
222001069,28,50,-22
222001082,28,41,-13
222001083,17,39,-22
222001084,1,67,-66
222001085,0,117,-117
222001111,16,201,-185
222001112,84,34,50
222001313,86,2,84
222001314,5,96,-91
222001464,122,103,19
222001465,84,204,-120
222001484,99,69,30
222001485,58,83,-25
222001494,348,232,116
222001495,188,426,-238
222001496,271,125,146
222001497,161,732,-571
222001502,14,84,-70
222001503,80,85,-5
222001504,20,274,-254
222001505,233,15,218
222001506,23,311,-288
222001507,204,22,182
222001510,340,23,317
222001511,42,368,-326
222001514,516,117,399
222001515,189,796,-607
222001518,109,41,68
222001519,50,340,-290
222001527,347,61,286
222001528,68,155,-87
222001529,155,37,118
222001530,55,253,-198
222001533,106,339,-233
222001534,200,68,132
222001535,173,242,-69
222001536,86,383,-297
222001537,242,19,223
222001538,69,551,-482
222001563,357,91,266
222001564,37,763,-726
222001568,448,89,359
222001576,2,2,0
222001579,4,6,-2
222001583,33,242,-209
222001584,124,54,70
222001596,465,1601,-1136
222001597,912,175,737
222001626,0,201,-201
222001650,71,71,0
222001651,83,140,-57
222001914,169,44,125
222001915,83,270,-187
222001968,415,279,136
222001969,498,1013,-515
222001970,322,319,3
222001971,13,27,-14
222001972,2,9,-7
225000001,669,266,403
225000002,511,254,257
225000003,491,173,318
225000004,391,556,-165
225000005,38,91,-53
225000006,1,243,-242
225000007,4539,1850,2689
225000010,424,12,412
225000011,695,1728,-1033
225000012,151,855,-704
225000013,264,223,41
225000014,2313,143,2170
225000015,124,310,-186
225000021,818,417,401
225000027,328,782,-454
225000032,816,269,547
225000042,116,1133,-1017
225000049,38,78,-40
225000050,97,21,76
225000053,8,484,-476
225000058,1106,220,886
225000067,204,317,-113
225000068,142,628,-486
225000069,168,810,-642
225000070,81,797,-716
225000071,42,381,-339
225000075,37,1944,-1907
225000076,147,183,-36
225000078,224,47,177
225000085,50,132,-82
225000086,875,67,808
225000087,335,57,278
225000088,13,204,-191
225000089,495,1118,-623
225000090,23,555,-532
225000091,147,330,-183
225000092,35,67,-32
225000093,182,642,-460
225000094,12,635,-623
225000095,476,769,-293
225000096,439,789,-350
225000098,762,268,494
225000099,368,182,186
225000100,205,169,36
225000104,80,653,-573
225000110,25,725,-700
225000111,367,1628,-1261
225000112,815,1391,-576
225000113,273,817,-544
225000114,104,462,-358
225000115,3530,748,2782
225000116,1288,263,1025
225000117,1355,548,807
225000118,1142,512,630
225000119,207,171,36
225000120,610,78,532
225000121,352,40,312
225000123,2620,30,2590
225000125,566,489,77
225000126,2075,345,1730
225000127,1418,1385,33
225000128,561,877,-316
225000132,196,60,136
225000133,373,56,317
225000134,591,150,441
225000135,57,8,49
225000136,152,33,119
225000137,141,109,32
225000138,619,84,535
225000143,135,287,-152
225000144,5,534,-529
225000145,67,95,-28
225000146,53,183,-130
225000147,36,462,-426
225000148,5,367,-362
225000149,68,764,-696
225000151,46,393,-347
225000155,383,705,-322
225000156,598,1114,-516
225000157,347,513,-166
225000158,170,579,-409
225000171,1,232,-231
225000180,87,2,85
225000181,1,106,-105
225000182,91,18,73
225000185,8,522,-514
225000187,47,556,-509
225000191,133,2,131
225000194,0,16,-16
225000208,1,50,-49
225000209,113,44,69
225000210,6,513,-507
225000217,0,28,-28
225000218,7,5,2
225000223,8,111,-103
225000224,415,2,413
225000225,6,193,-187
225000226,444,1,443
225000227,63,175,-112
225000228,10,15,-5
225000229,0,124,-124
225000230,7,0,7
225000231,0,139,-139
225000232,93,0,93
225000241,133,1,132
225000242,0,59,-59
225000249,7,0,7
225000250,51,1464,-1413
225000251,361,57,304
226000042,798,650,148
226000043,136,357,-221
226000044,394,914,-520
226000045,120,591,-471
226000046,594,106,488
226000047,669,141,528
226000048,489,100,389
226000049,418,223,195
226000070,0,187,-187
226000071,0,151,-151
226000072,0,38,-38
226000073,0,26,-26
226000074,0,21,-21
226000084,5,61,-56
226000085,15,4,11
226000086,6,10,-4
226000087,2,28,-26
226000088,60,23,37
226000090,387,58,329
226000091,7,14,-7
226000092,3,6,-3
226000093,23,2,21
226000094,88,2,86
226000095,65,7,58
226000105,35,0,35
226000106,30,2,28
226000107,17,0,17
226000108,76,0,76
226000109,79,0,79
226000124,364,110,254
226000134,468,685,-217
226000135,964,1002,-38
226000136,290,648,-358
226000137,2,809,-807
226000138,19,520,-501
226000139,1,29,-28
226000156,98,4,94
226000157,105,9,96
226000163,118,41,77
226000202,22,847,-825
226000231,282,3,279
226000232,50,9,41
227000033,378,186,192
227000036,290,69,221
227000037,153,48,105
227000038,384,99,285
227000049,0,8,-8
227000050,3,60,-57
227000055,118,3,115
227000056,112,0,112
227000084,2,58,-56
227000085,3,66,-63
227000088,296,3,293
227000089,251,5,246
227000090,179,6,173
227000091,37,4,33
227000092,19,0,19
227000093,341,2,339
227000094,33,1,32
227000130,47,94,-47
227000131,16,319,-303
227000132,27,375,-348
227000133,26,353,-327
227000134,30,663,-633
227000152,0,2,-2
227000153,0,63,-63
227000154,0,4,-4
227000155,0,20,-20
227000156,0,19,-19
227000165,8,47,-39
227000196,229,348,-119
227000199,226,864,-638
227000230,20,850,-830
227000232,341,32,309
227000242,39,710,-671
227000243,696,182,514
227000245,32,574,-542
227000246,75,689,-614
227000247,438,199,239
227000248,611,81,530
227000249,71,370,-299
227000250,991,381,610
227000251,357,452,-95
227000252,24,536,-512
227000253,87,45,42
227000262,298,74,224
227000266,750,16,734
227000267,42,3274,-3232
227000282,4,356,-352
227000284,298,30,268
227000286,1,65,-64
227000287,3,102,-99
227000291,18,929,-911
227000484,536,19,517
227000485,18,1310,-1292
227000655,67,34,33
227000656,639,30,609
227000657,39,24,15
227000661,489,18,471
227000680,485,66,419
229000265,39,67,-28
229000296,0,48,-48
229000297,2,73,-71
229000298,27,321,-294
229000320,4,11,-7
229000321,12,7,5
229000412,33,55,-22
229000414,11,80,-69
229000415,21,0,21
229000416,0,3,-3
229000417,11,12,-1
229000419,115,504,-389
229000440,296,71,225
229000442,19,0,19
229000443,0,2,-2
229000444,12,33,-21
229000445,71,8,63
229000446,83,15,68
229000491,1,15,-14
229000492,14,90,-76
229000493,2,40,-38
229000494,28,0,28
229000495,65,3,62
229000496,34,1,33
229000507,0,46,-46
229000508,2,30,-28
229000509,0,33,-33
229000510,3,23,-20
229000511,3,37,-34
229000512,0,33,-33
229000513,0,3,-3
229000514,1,0,1
229000517,0,4,-4
229000518,9,28,-19
229000519,1,9,-8
229000520,10,23,-13
229000521,23,25,-2
229000522,6,8,-2
229000523,17,3,14
229000524,1,4,-3
229000527,7,0,7
229000528,0,0,0
229000529,4,0,4
229000530,39,1,38
229000531,22,0,22
229000532,57,1,56
229000533,56,0,56
229000534,32,0,32
229000564,22,0,22
229000565,7,0,7
229000566,0,8,-8
229000567,0,45,-45
229000582,107,0,107
229000583,19,3,16
229000584,0,22,-22
229000585,1,71,-70
229000718,0,2,-2
229000719,0,0,0
229000720,0,2,-2
229000721,0,9,-9
229000722,0,5,-5
229000723,0,5,-5
229000724,0,0,0
229000725,0,1,-1
229000738,1,0,1
229000739,5,0,5
229000740,1,0,1
229000741,11,0,11
229000742,3,0,3
229000743,21,0,21
229000744,3,0,3
229000745,3,0,3
229000746,12,0,12
229000847,34,0,34
229000848,8,0,8
229000849,169,2,167
229000851,38,0,38
229000854,0,37,-37
229000856,2,159,-157
229000857,0,33,-33
229000858,1,128,-127
229000919,37,117,-80
229000930,2,293,-291
229000937,69,13,56
229000966,28,13,15
229000981,9,79,-70
229000985,5,44,-39
229000986,3,4,-1
229000987,0,4,-4
229000988,11,2,9
229000989,31,42,-11
229000990,12,3,9
229000991,2,1,1
229000992,16,10,6
229000993,245,21,224
229000998,2,122,-120
229000999,69,14,55
229001034,2,15,-13
229001035,14,3,11
229001037,61,11,50
229001042,10,17,-7
229001047,5,53,-48
229001050,38,80,-42
229001168,0,9,-9
229001200,4,2,2
229001338,7,35,-28
229001394,283,9,274
229001422,106,13,93
229001423,41,164,-123
229001431,20,38,-18
229001432,42,76,-34
229001444,92,52,40
229001445,65,286,-221
229001479,11,4,7
229001503,168,88,80
229001504,98,247,-149
229001505,89,41,48
229001506,27,254,-227
229001509,34,56,-22
229001545,61,9,52
229001546,13,77,-64
229001553,28,12,16
229001554,23,117,-94
229001559,2,7,-5
229001560,2,29,-27
229001630,86,14,72
229001631,8,67,-59
229001635,0,10,-10
229001636,10,0,10
229001658,0,107,-107
229001659,59,11,48
229001660,4,1,3
229001661,13,13,0
229001662,75,1,74
229001663,0,15,-15
229002584,196,203,-7
229002831,457,221,236
229002841,6,8,-2
229002842,9,22,-13
229002843,141,27,114
229002844,177,52,125
229002845,34,61,-27
229002846,21,10,11
229002847,56,4,52
229002848,10,27,-17
229002849,7,56,-49
229002850,6,3,3
229002851,105,98,7
229002852,107,11,96
229002853,131,19,112
229002854,63,23,40
229002855,13,13,0
229002856,50,36,14
229002857,3,29,-26
229002858,11,21,-10
229002859,107,9,98
229002860,117,10,107
229002861,59,27,32
229002862,38,18,20
229002863,57,34,23
229002864,41,39,2
229002865,10,12,-2
229002866,12,14,-2
229002867,0,21,-21
229002868,16,10,6
229002869,40,151,-111
229002870,33,9,24
235000066,499,91,408
235000067,89,129,-40
235000072,30,89,-59
235000073,62,377,-315
235000074,48,85,-37
235000080,94,119,-25
235000081,110,127,-17
235000082,126,100,26
235000083,151,171,-20
235000084,80,58,22
235000085,49,122,-73
235000089,34,42,-8
235000092,14,240,-226
235000093,13,3,10
235000097,12,7,5
235000098,48,13,35
235000099,40,23,17
235000116,59,28,31
235000117,1152,33,1119
235000133,13,486,-473
235000134,12,193,-181
235000206,16,11,5
235000207,7,2,5
235000208,8,0,8
235000209,6,2,4
235000210,4,3,1
235000212,4,28,-24
235000213,4,14,-10
235000220,3,7,-4
235000221,239,14,225
235000238,78,44,34
235000239,3,3,0
235000242,418,424,-6
235000245,931,248,683
235000246,20,64,-44
235000284,4,113,-109
235000295,153,22,131
235000305,207,59,148
235000306,97,20,77
235000307,17,1,16
235000308,62,3,59
235000309,40,1,39
235000310,122,0,122
235000311,475,9,466
235000322,0,28,-28
235000323,2,65,-63
235000324,0,15,-15
235000325,0,11,-11
235000326,10,311,-301
235000351,2,110,-108
235000352,6,38,-32
235000353,6,32,-26
235000354,3,46,-43
235000355,7,66,-59
235000356,85,1,84
235000357,19,10,9
235000358,59,10,49
235000359,2,1,1
235000360,29,24,5
235000361,85,9,76
235000381,85,247,-162
235000382,122,49,73
235000390,4,6,-2
235000391,93,23,70
235000392,130,251,-121
235000393,89,179,-90
235000395,92,49,43
235000396,276,123,153
235000400,263,41,222
235000401,204,164,40
235000405,179,230,-51
235000406,42,298,-256
235000407,69,150,-81
235000409,150,238,-88
235000410,56,312,-256
235000411,2,95,-93
235000485,0,9,-9
235000486,3,0,3
235000549,60,137,-77
235000550,64,250,-186
235000599,121,106,15
235000600,35,20,15
235000601,18,50,-32
235000602,61,172,-111
235000614,1,3,-2
235000648,0,25,-25
235000649,76,11,65
235000685,0,6,-6
235000815,9,37,-28
235000834,0,20,-20
235000855,49,100,-51
235000862,56,178,-122
235000891,0,5,-5
235000892,64,2,62
235000901,69,95,-26
235000907,2,18,-16
235001010,59,115,-56
235001029,602,532,70
235001030,370,353,17
235001078,133,148,-15
235001079,91,120,-29
235001147,7,100,-93
235001166,22,111,-89
235001167,65,79,-14
235001169,33,337,-304
235001188,2,9,-7
235001189,12,0,12
235001197,17,16,1
235001200,22,49,-27
235001207,157,64,93
235001210,38,105,-67
235001215,36,139,-103
235001239,1,64,-63
235001244,1,8,-7
235016267,1,27,-26
277101746,0,1,-1
277102712,1,0,1
277103813,0,0,0
277103814,1,0,1
277103898,0,1,-1
277104249,0,6,-6
277104250,0,28,-28
277104251,0,17,-17
277104252,0,12,-12
990011530,0,280,-280
990014944,2,541,-539
990015176,66,12,54
990015618,2,126,-124
990016032,0,578,-578
990032570,0,50,-50
990070001,88,3,85
990070103,0,6,-6
990070601,0,55,-55
990070751,374,0,374
990070766,3,754,-751
990071180,809,273,536
990071343,39,1,38
990071387,0,15,-15
990071823,607,1,606
990072600,3,720,-717
990072964,1,487,-486
990073285,0,2,-2
990074393,4,1309,-1305
990074870,894,11,883
990075106,819,9,810
990075746,386,4,382
990076437,861,2,859
990076458,11,1322,-1311
997000007,355,7,348
997000041,0,95,-95
997000058,31,0,31
997000062,256,0,256
997000069,0,3,-3
997000070,0,129,-129
997000100,21,0,21
997000141,0,276,-276
997000198,567,832,-265
998000475,6,26,-20
998000736,1,257,-256
998000965,0,41,-41
998001031,0,60,-60
998001700,0,24,-24
998001899,0,2,-2
998001900,3,0,3
998003073,755,11,744
998101900,0,0,0
998102850,5,87,-82
998501927,792,394,398
998501929,133,1,132
998501930,59,0,59
998501931,101,4,97
998501932,8,1,7
998501933,51,0,51
998501937,12,1,11
998501944,1,1,0
998501950,0,13,-13
998501970,45,2,43
998501971,1,75,-74
998501973,0,52,-52
998501974,0,285,-285
998501975,557,5,552
998501976,168,8,160
998501977,1,27,-26
998501978,59,0,59
998501979,0,8,-8
998501980,393,4,389
998501981,52,23,29
998501982,0,131,-131
998501983,0,3,-3
998502024,0,8,-8
998502032,0,2,-2
998502062,26,2,24
998502063,0,0,0
998502173,21,1,20
998502269,0,1,-1
998502546,0,161,-161
998502578,1,5,-4
998502599,62,596,-534
998601159,1,227,-226
998601292,0,22,-22
999033574,2,1385,-1383
999800001,33,5,28
999800002,0,6,-6
999800003,2,0,2
999800004,0,2,-2
999800005,0,7,-7
