ID,insum,outsum,diff
100000001,724,813,-89
100000002,1918,510,1408
100000003,5005,2434,2571
100000004,1394,780,614
100000005,1501,3207,-1706
100000006,364,111,253
100000007,1494,507,987
100000008,165,710,-545
100000009,219,139,80
100000010,39,38,1
100000011,368,57,311
100000012,67,867,-800
100000013,23,209,-186
100000014,236,309,-73
100000015,1380,1119,261
100000016,935,1728,-793
100000017,798,1211,-413
100000018,1389,642,747
100000019,4843,1820,3023
100000020,1422,3290,-1868
100000021,6904,2706,4198
100000022,1759,898,861
100000023,6345,1255,5090
100000025,3009,525,2484
100000028,1844,902,942
100000029,290,202,88
100000030,574,60,514
100000031,5160,4748,412
100000032,2012,2768,-756
100000033,809,1812,-1003
100000034,770,297,473
100000035,1819,815,1004
100000036,2438,935,1503
100000037,407,415,-8
100000038,1264,801,463
100000039,585,144,441
100000040,124,122,2
100000041,620,318,302
100000042,643,306,337
100000043,746,309,437
100000044,335,825,-490
100000045,434,1627,-1193
100000046,848,1471,-623
100000047,344,873,-529
100000048,397,625,-228
100000049,1864,3135,-1271
100000051,461,1267,-806
100000053,58,6,52
100000054,171,20,151
100000055,591,234,357
100000056,215,612,-397
100000057,1395,932,463
100000058,802,1600,-798
100000059,5,119,-114
100000060,246,320,-74
100000061,1625,493,1132
100000062,1265,536,729
100000063,410,261,149
100000064,862,377,485
100000065,322,1043,-721
100000066,183,1232,-1049
100000067,364,1023,-659
100000068,466,1968,-1502
100000069,321,1998,-1677
100000072,567,1097,-530
100000073,1208,1463,-255
100000075,471,359,112
100000076,2437,1655,782
100000077,814,129,685
100000078,95,22,73
100000079,71,46,25
100000080,21,11,10
100000081,61,26,35
100000102,4435,1069,3366
100000103,3830,807,3023
100000104,4577,1325,3252
100000105,3680,686,2994
100000106,2606,1302,1304
100000107,687,336,351
100000108,1128,1057,71
100000109,4592,1258,3334
100000116,1410,646,764
100000117,31,31,0
100000118,1337,885,452
100000119,789,490,299
100000121,219,659,-440
100000122,1939,874,1065
100000123,3325,5274,-1949
100000124,5370,7960,-2590
100000125,2687,857,1830
100000126,730,254,476
100000127,2237,357,1880
100000128,951,1186,-235
100000129,502,370,132
100000130,301,613,-312
100000131,2917,3337,-420
100000132,1290,2259,-969
100000133,6589,3321,3268
100000135,389,639,-250
100000139,237,255,-18
100000140,312,307,5
100000142,378,451,-73
100000143,1949,867,1082
100000144,4954,992,3962
100000147,972,2090,-1118
100000150,43,551,-508
100000151,798,468,330
100000153,593,263,330
100000154,218,88,130
100000155,26,28,-2
100000156,63,58,5
100000157,17,308,-291
100000158,53,133,-80
100000159,710,403,307
100000165,1129,711,418
100000169,839,441,398
100000174,1657,480,1177
100000179,78,500,-422
100000180,1022,1216,-194
100000181,117,296,-179
100000188,102,435,-333
100000189,533,251,282
100000190,529,379,150
100000191,651,380,271
100000192,75,91,-16
100000193,119,136,-17
100000330,1989,628,1361
100000355,111,538,-427
100000362,5354,3677,1677
100000363,2137,3278,-1141
100000364,536,119,417
100000365,3103,7834,-4731
100000366,4532,2430,2102
100000367,3093,4119,-1026
100000368,2049,1840,209
100000369,967,1335,-368
100000370,157,332,-175
100000376,88,97,-9
100000379,3050,1139,1911
100000380,4450,1857,2593
100000384,5627,2725,2902
100000385,5594,3118,2476
100000386,9185,3700,5485
100000387,8297,3724,4573
100000388,8571,5224,3347
100000389,9040,5058,3982
100000390,10023,3686,6337
100000391,6612,5202,1410
100000392,5125,1463,3662
100000393,2321,1819,502
100000394,8366,3569,4797
100000395,4238,1264,2974
100000396,6098,1919,4179
100000397,3303,1778,1525
100000398,10806,7709,3097
100000413,23,11,12
100900002,3,100,-97
100900003,208,103,105
100900004,34,833,-799
100900005,102,17,85
100900006,14,281,-267
100900007,480,7,473
100900008,2,445,-443
100900009,33,22,11
100900010,44,214,-170
100900011,65,405,-340
100900012,2,223,-221
100900013,391,4,387
100900014,0,10,-10
100900015,128,132,-4
100900016,4,48,-44
100900017,539,61,478
100900018,0,15,-15
100900019,13,66,-53
100900020,372,2,370
100900021,326,0,326
100900022,4,13,-9
100900023,0,28,-28
100900024,861,0,861
100900025,12,10,2
100900026,70,157,-87
100900027,489,2214,-1725
100900028,101,162,-61
100900029,87,13,74
100900030,11,19,-8
100900031,291,75,216
100900032,156,0,156
100900033,185,140,45
100900034,271,0,271
100900035,593,0,593
100900036,17,1,16
100900037,53,406,-353
100900038,75,12,63
100900039,321,722,-401
100900040,243,863,-620
100900041,292,1172,-880
100900042,436,222,214
100900043,0,27,-27
100900044,3310,359,2951
100900045,80,0,80
100900046,853,3,850
100900047,726,118,608
100900048,157,28,129
100900049,45,257,-212
100900050,0,15,-15
100900051,51,63,-12
100900052,216,6,210
100900053,273,24,249
100900054,6,108,-102
100900055,171,331,-160
100900056,76,184,-108
100900057,617,811,-194
100900058,264,32,232
100900059,65,1,64
100900060,88,8,80
100900061,343,368,-25
100900062,2,82,-80
100900063,129,369,-240
100900064,519,17,502
100900065,99,60,39
100900066,79,83,-4
100900067,2,4,-2
100900068,48,167,-119
100900069,519,0,519
100900070,200,4,196
100900071,670,393,277
100900072,1,79,-78
100900073,82,808,-726
100900074,2,5,-3
100900075,2261,442,1819
100900076,14,60,-46
100900077,5,174,-169
100900078,47,255,-208
100900079,6,22,-16
100900080,14,170,-156
100900081,31,116,-85
100900082,55,840,-785
100900083,2,36,-34
100900085,7,132,-125
100900086,125,685,-560
100900088,65,944,-879
100900089,7,20,-13
100900090,151,449,-298
100900091,1,17,-16
100900092,187,148,39
100900093,193,154,39
100900094,80,811,-731
100900095,2,26,-24
100900096,26,104,-78
100900097,1,15,-14
100900098,7,14,-7
100900099,48,860,-812
100900100,13,330,-317
100900101,394,30,364
100900102,77,45,32
100900103,3,4,-1
100900104,14,234,-220
100900105,3,118,-115
100900106,53,7,46
100900107,2201,503,1698
100900108,1,18,-17
100900109,8,25,-17
100900110,2,45,-43
100900111,38,215,-177
100900112,0,7,-7
100900113,7,47,-40
100900114,11,17,-6
100900115,4,28,-24
100900116,614,598,16
100900117,246,612,-366
100900118,69,115,-46
100900119,6,21,-15
100900120,2,10,-8
100900121,244,460,-216
100900122,133,189,-56
100900123,57,120,-63
100900124,2,2,0
100900125,28,93,-65
100900126,83,212,-129
100900127,3,10,-7
100900128,99,186,-87
100900129,1,119,-118
100900131,55,135,-80
100900133,45,43,2
100900134,4,5,-1
100900135,1,151,-150
100900137,334,187,147
100900138,384,328,56
100900139,16,3,13
100900140,17,1060,-1043
100900141,2,461,-459
100900142,2,7,-5
100900143,872,357,515
100900144,11,6,5
100900145,32,114,-82
100900146,2,33,-31
100900147,3,217,-214
100900148,29,1373,-1344
100900149,11,78,-67
100900150,3,35,-32
100900151,107,610,-503
100900152,121,3,118
100900153,4,145,-141
100900154,3,22,-19
100900155,6,3,3
100900156,24,1,23
100900157,6,113,-107
100900159,2,15,-13
100900160,10,21,-11
100900161,158,12,146
100900162,9,176,-167
100900163,138,233,-95
100900164,27,43,-16
100900165,31,58,-27
100900166,17,0,17
100900167,17,117,-100
100900168,22,140,-118
100900169,176,1082,-906
100900170,56,12,44
100900171,17,716,-699
100900172,0,19,-19
100900173,4,854,-850
100900174,229,50,179
100900176,1435,128,1307
100900177,1001,316,685
100900178,350,176,174
100900179,84,72,12
100900180,4,4,0
100900181,85,27,58
100900182,12,19,-7
100900184,4,122,-118
100900186,1139,667,472
100900187,7,181,-174
100900188,42,11,31
100900189,823,133,690
100900191,1466,707,759
100900192,350,166,184
100900195,113,128,-15
100900197,13,146,-133
100900198,9,413,-404
100900199,15,20,-5
100900200,526,436,90
100900201,52,792,-740
100900202,5,0,5
100900203,0,49,-49
100900204,174,191,-17
100900205,113,418,-305
100900206,92,35,57
100900207,168,104,64
100900210,86,951,-865
100900211,298,87,211
100900213,64,27,37
100900214,1072,103,969
100900215,2,41,-39
100900217,187,82,105
101000001,4003,1927,2076
101000002,4273,4409,-136
101000003,897,1455,-558
101000004,9129,7367,1762
101000005,4635,4578,57
101000006,7388,6570,818
101000007,2318,2647,-329
101000008,4822,2574,2248
101000009,1652,2467,-815
101000010,934,1883,-949
101000011,2496,838,1658
101000012,2255,515,1740
101000013,453,915,-462
101000014,561,725,-164
101000015,705,816,-111
101000016,741,372,369
101000017,674,604,70
101000018,5096,2664,2432
101000020,4697,1226,3471
101000021,1807,276,1531
101000022,378,71,307
101000023,1892,604,1288
101000025,157,365,-208
101000026,446,29,417
101000027,1849,1229,620
101000028,1033,144,889
101000029,71,684,-613
101000030,1120,72,1048
101000031,453,108,345
101000032,6091,1926,4165
101000033,2994,2123,871
101000034,3286,1070,2216
101000035,1356,231,1125
101000036,2180,386,1794
101000037,5542,1197,4345
101000039,3602,1504,2098
101000040,4563,3174,1389
101000041,11223,3393,7830
101000042,815,544,271
101000043,7911,2864,5047
101000045,1698,408,1290
101000046,2197,499,1698
101000047,1311,1214,97
101000048,1179,1094,85
101000049,990,821,169
101000050,1960,1114,846
101000051,2592,1296,1296
101000052,1835,472,1363
101000053,1056,1358,-302
101000054,1764,1303,461
101000055,1438,1334,104
101000056,102,76,26
101000057,2561,619,1942
101000058,2134,847,1287
101000059,4359,1413,2946
101000060,2172,321,1851
101000061,1305,773,532
101000062,1196,448,748
101000063,755,457,298
101000064,1724,394,1330
101000065,305,269,36
101000066,489,226,263
101000067,1014,401,613
101000068,444,239,205
101000069,545,50,495
101000070,1756,957,799
101000071,2044,870,1174
101000072,1090,3448,-2358
101000073,650,479,171
101000074,4358,3474,884
101000075,5944,3649,2295
101000077,1134,2087,-953
101000078,1045,1955,-910
101000079,289,1025,-736
101000080,486,515,-29
101000081,1211,1597,-386
101000082,3663,2952,711
101000083,2145,1857,288
101000084,1548,1282,266
101000085,1598,1207,391
101000086,1302,1378,-76
101000087,1064,1574,-510
101000088,914,985,-71
101000089,841,1482,-641
101000090,2725,1862,863
101000091,361,2193,-1832
101000092,588,1139,-551
101000093,1458,855,603
101000094,653,1573,-920
101000095,264,977,-713
101000096,195,690,-495
101000097,577,306,271
101000098,633,462,171
101000099,1124,1250,-126
101000100,906,558,348
101000101,467,338,129
101000102,1567,272,1295
101000103,930,402,528
101000104,394,477,-83
101000105,1058,323,735
101000106,765,532,233
101000107,146,472,-326
101000108,1909,345,1564
101000109,218,97,121
101000110,42,1025,-983
101000111,109,239,-130
101000113,156,533,-377
101000114,3624,1179,2445
101000115,150,172,-22
101000116,154,318,-164
101000117,712,301,411
101000119,161,46,115
101000120,176,21,155
101000121,86,35,51
101000122,207,34,173
101000123,53,33,20
101000124,101,189,-88
101000125,184,502,-318
101000128,1135,340,795
101000130,268,367,-99
101000131,484,867,-383
101000132,448,2087,-1639
101000135,101,17,84
101000136,276,79,197
101000137,27,297,-270
101000141,2354,1792,562
101000147,882,640,242
101000148,1984,19,1965
101000149,32,34,-2
101000150,59,1556,-1497
101000151,122,76,46
101000152,357,309,48
101000153,485,574,-89
101000154,136,2352,-2216
101000155,140,206,-66
101000156,16,284,-268
101000157,83,41,42
101000160,42,41,1
101000163,171,74,97
101000164,442,480,-38
101000165,271,518,-247
101000166,252,364,-112
101000168,738,384,354
101000252,1408,1015,393
101000254,403,43,360
101000258,19,60,-41
101000261,44,281,-237
101000262,972,866,106
101000263,203,655,-452
101000265,41,572,-531
101000266,396,332,64
101000269,149,9,140
101000290,1945,1904,41
101000293,17,81,-64
101000294,541,569,-28
101000295,132,519,-387
101000301,875,236,639
101000304,2058,2519,-461
101000305,2410,1721,689
101000328,35,416,-381
101900001,29,83,-54
101900002,0,9,-9
101900003,132,104,28
101900004,4,22,-18
101900005,7119,1494,5625
101900006,960,33,927
101900007,565,42,523
101900008,199,225,-26
101900009,45,479,-434
101900010,1342,710,632
101900011,419,1286,-867
101900012,118,327,-209
101900013,1350,115,1235
101900017,16,98,-82
101900018,2435,225,2210
101900019,324,90,234
101900020,60,142,-82
101900021,0,93,-93
101900022,95,1871,-1776
101900023,62,311,-249
101900026,78,55,23
101900027,8,127,-119
102000001,3117,4134,-1017
102000002,3200,1503,1697
102000003,3328,5337,-2009
102000004,8309,3218,5091
102000005,1533,2285,-752
102000006,1991,1985,6
102000007,1468,4703,-3235
102000008,6149,2210,3939
102000009,5059,7863,-2804
102000010,5752,4558,1194
102000011,2834,2253,581
102000012,3661,3661,0
102000018,4203,2960,1243
102000019,3269,1924,1345
102000026,319,1131,-812
102000029,477,274,203
102000030,89,320,-231
102000031,28,281,-253
102000032,267,529,-262
102000033,200,569,-369
102000034,564,719,-155
102000035,1094,799,295
102000036,8,445,-437
102000037,175,133,42
102000038,496,122,374
102000039,454,82,372
102000040,853,135,718
102000041,360,356,4
102000042,378,180,198
102000043,583,285,298
102000044,751,836,-85
102000045,775,1568,-793
102000046,1190,612,578
102000047,587,1681,-1094
102000048,214,1173,-959
102000049,1214,883,331
102000050,1412,1376,36
102000051,406,799,-393
102000052,1697,1130,567
102000053,1082,981,101
102000054,385,1012,-627
102000055,646,1647,-1001
102000056,520,1872,-1352
102000057,969,617,352
102000058,988,2765,-1777
102000059,1094,1919,-825
102000060,970,1060,-90
102000061,1106,2876,-1770
102000062,985,1439,-454
102000063,1499,1835,-336
102000064,526,702,-176
102000065,54,177,-123
102000066,896,1997,-1101
102000067,2647,3548,-901
102000068,12636,3636,9000
102000069,53,2602,-2549
102000070,1848,74,1774
102000071,7749,10456,-2707
102000072,3173,7083,-3910
102000073,634,1163,-529
102000074,455,1031,-576
102000075,197,455,-258
102000076,157,589,-432
102000077,282,1606,-1324
102000078,656,1073,-417
102000079,153,385,-232
102000080,213,259,-46
102000081,201,874,-673
102000082,810,365,445
102000083,376,725,-349
102000084,156,530,-374
102000085,1744,1644,100
102000086,999,1124,-125
102000087,872,2375,-1503
102000088,217,372,-155
102000089,922,618,304
102000090,424,1341,-917
102000091,1430,481,949
102000092,405,972,-567
102000093,487,629,-142
102000094,1204,664,540
102000095,1119,1308,-189
102000096,1032,1028,4
102000097,1207,1165,42
102000098,653,1308,-655
102000099,1258,649,609
102000100,1092,1443,-351
102000101,1660,607,1053
102000102,393,3479,-3086
102000103,1533,434,1099
102000104,1344,419,925
102000105,296,1038,-742
102000106,608,1187,-579
102000107,820,782,38
102000108,465,380,85
102000109,302,839,-537
102000110,549,2236,-1687
102000111,10,440,-430
102000112,100,105,-5
102000113,8,38,-30
102000114,1514,413,1101
102000115,203,227,-24
102000116,662,326,336
102000117,310,610,-300
102000118,2242,1001,1241
102000119,3060,721,2339
102000120,239,653,-414
102000121,925,706,219
102000122,401,888,-487
102000123,1624,1166,458
102000124,1469,995,474
102000125,855,1008,-153
102000126,631,768,-137
102000127,966,737,229
102000128,547,1352,-805
102000129,825,1152,-327
102000130,331,958,-627
102000131,1416,1078,338
102000132,494,1202,-708
102000133,1125,2950,-1825
102000134,525,880,-355
102000135,1285,1295,-10
102000136,1348,622,726
102000137,1099,1057,42
102000138,243,469,-226
102000139,51,319,-268
102000140,181,222,-41
102000141,179,527,-348
102000142,176,474,-298
102000143,80,669,-589
102000144,136,544,-408
102000145,151,530,-379
102000146,288,338,-50
102000147,290,350,-60
102000148,218,300,-82
102000149,120,805,-685
102000150,179,480,-301
102000151,177,457,-280
102000152,104,241,-137
102000153,900,378,522
102000154,591,728,-137
102000155,102,318,-216
102000156,582,70,512
102000157,221,168,53
102000158,937,522,415
102000159,2243,406,1837
102000161,5157,1828,3329
102000162,267,180,87
102000163,77,392,-315
102000164,1076,890,186
102000165,231,138,93
102000166,20,116,-96
102000167,127,159,-32
102000168,164,78,86
102000169,73,562,-489
102000170,659,97,562
102000171,155,84,71
102000172,80,245,-165
102000173,510,235,275
102000174,21,53,-32
102000175,192,232,-40
102000176,28,43,-15
102000178,209,775,-566
102000179,276,201,75
102000180,529,775,-246
102000181,367,801,-434
102000182,343,811,-468
102000183,1365,2870,-1505
102000184,1258,1054,204
102000185,1585,2170,-585
102000186,842,2550,-1708
102000187,522,2287,-1765
102000188,579,1735,-1156
102000189,3617,1279,2338
102000190,688,2880,-2192
102000191,1288,656,632
102000192,824,1190,-366
102000193,60,221,-161
102000194,60,171,-111
102000195,511,818,-307
102000196,129,797,-668
102000197,433,699,-266
102000198,148,1396,-1248
102000199,468,519,-51
102000200,240,1847,-1607
102000201,487,679,-192
102000202,4,170,-166
102000203,250,449,-199
102000204,317,1399,-1082
102000205,909,785,124
102000206,703,906,-203
102000207,1066,545,521
102000208,489,769,-280
102000209,29,71,-42
102000210,243,742,-499
102000211,528,748,-220
102000212,189,20,169
102000213,3,559,-556
102000214,125,29,96
102000215,3,917,-914
102000216,47,65,-18
102000217,6,329,-323
102000218,123,136,-13
102000219,630,443,187
102000225,889,888,1
102000226,3761,664,3097
102000227,179,2,177
102000228,2,140,-138
102000229,12,30,-18
102000230,258,839,-581
102000231,342,494,-152
102000232,13,292,-279
102000233,440,794,-354
102000234,116,1436,-1320
102000236,221,112,109
102000237,923,269,654
102000238,164,509,-345
102000240,662,532,130
102000241,192,190,2
102000243,18,78,-60
102000245,8,97,-89
102000246,10,21,-11
102000247,717,948,-231
102000248,493,539,-46
102000249,165,218,-53
102000250,43,605,-562
102000254,82,553,-471
102000266,38,219,-181
102000271,21,0,21
102000286,581,344,237
102000297,1983,1413,570
102000301,0,0,0
102000303,0,0,0
102000307,0,4,-4
102900001,1116,1446,-330
102900002,249,46,203
102900003,41,326,-285
102900005,257,500,-243
102900006,543,388,155
102900007,384,42,342
102900008,253,152,101
102900009,475,270,205
102900010,575,473,102
102900011,2593,495,2098
102900012,299,91,208
102900013,18,69,-51
102900015,827,399,428
102900016,35,104,-69
102900017,101,674,-573
102900018,21,161,-140
102900019,528,845,-317
102900020,105,52,53
102900021,17,173,-156
102900022,588,104,484
102900023,17,77,-60
102900024,18,37,-19
102900025,337,133,204
102900026,906,1509,-603
102900027,49,58,-9
102900028,93,572,-479
102900029,153,178,-25
102900030,326,339,-13
102900031,110,206,-96
102900032,48,186,-138
102900033,83,166,-83
102900034,263,209,54
102900035,93,682,-589
102900036,217,802,-585
102900037,186,984,-798
102900038,418,737,-319
102900039,64,386,-322
102900040,142,260,-118
102900041,88,264,-176
102900042,224,553,-329
102900043,133,328,-195
102900044,616,2587,-1971
102900045,103,662,-559
102900046,79,357,-278
102900047,72,922,-850
102900048,599,981,-382
102900049,125,454,-329
102900050,260,508,-248
102900051,207,301,-94
102900052,52,31,21
102900053,371,924,-553
102900054,1177,1167,10
102900055,130,136,-6
102900056,161,637,-476
102900057,4,35,-31
102900058,318,74,244
102900059,43,47,-4
102900060,87,508,-421
102900061,91,792,-701
102900062,177,1934,-1757
102900063,877,528,349
102900064,117,414,-297
102900065,2292,658,1634
102900066,394,76,318
102900068,112,100,12
102900070,132,943,-811
102900072,32,42,-10
102900073,158,8,150
102900075,24,34,-10
102900076,375,53,322
102900077,36,32,4
102900078,38,63,-25
102900079,200,16,184
102900080,446,31,415
102900081,60,386,-326
102900082,17,323,-306
102900083,262,3,259
102900084,2,23,-21
102900085,168,82,86
102900086,5,59,-54
102900087,61,204,-143
102900088,67,46,21
102900089,240,189,51
102900090,2,622,-620
102900091,117,4,113
102900092,232,1325,-1093
102900093,319,229,90
102900094,0,67,-67
102900095,175,1,174
102900096,30,14,16
102900097,3,158,-155
102900098,93,20,73
103000001,2390,3060,-670
103000002,2656,2602,54
103000003,6405,3169,3236
103000004,1179,752,427
103000005,3009,3011,-2
103000006,861,1709,-848
103000007,467,1072,-605
103000008,1062,1482,-420
103000009,1130,1043,87
103000010,147,138,9
103000011,1808,1209,599
103000012,1195,1586,-391
103000013,7097,2331,4766
103000014,1393,2340,-947
103000015,3475,990,2485
103000016,599,1272,-673
103000017,174,347,-173
103000018,1711,454,1257
103000019,185,221,-36
103000020,2346,1807,539
103000021,1593,1721,-128
103000022,1337,1351,-14
103000023,676,1673,-997
103000024,134,191,-57
103000025,78,440,-362
103000026,2131,181,1950
103000027,269,533,-264
103000028,619,444,175
103000029,339,228,111
103000030,2171,745,1426
103000031,1620,1737,-117
103000032,1873,2026,-153
103000033,2807,2933,-126
103000034,1569,1042,527
103000035,510,1277,-767
103000036,456,536,-80
103000037,623,492,131
103000038,482,1039,-557
103000039,225,655,-430
103000040,256,1556,-1300
103000041,1703,3648,-1945
103000042,863,954,-91
103000043,331,1581,-1250
103000044,135,368,-233
103000046,287,459,-172
103000047,665,876,-211
103000048,196,183,13
103000049,80,211,-131
103000050,748,986,-238
103000051,388,606,-218
103000052,798,615,183
103000053,193,555,-362
103000054,2096,1535,561
103000055,1539,2248,-709
103000056,627,3076,-2449
103000057,290,331,-41
103000058,375,1165,-790
103000059,276,897,-621
103000060,823,1124,-301
103000061,307,1046,-739
103000062,929,982,-53
103000063,608,794,-186
103000064,101,364,-263
103000065,4,419,-415
103000066,120,9,111
103000069,182,381,-199
103000070,822,1691,-869
103000071,817,383,434
103000072,150,1242,-1092
103000073,524,168,356
103000074,658,108,550
103000075,138,1147,-1009
103000076,226,300,-74
103000077,47,508,-461
103000078,1901,575,1326
103000079,2265,508,1757
103000080,1198,339,859
103000081,532,916,-384
103000082,603,288,315
103000083,126,413,-287
103000084,205,15,190
103000085,6,85,-79
103000086,1013,452,561
103000087,161,544,-383
103000088,442,383,59
103000089,274,408,-134
103000090,1542,1081,461
103000091,555,479,76
103000092,266,296,-30
103000093,348,628,-280
103000094,175,158,17
103000095,46,568,-522
103000096,775,164,611
103000097,75,816,-741
103000098,922,244,678
103000099,348,761,-413
103000100,107,1287,-1180
103000101,712,201,511
103000102,94,1041,-947
103000103,519,382,137
103000104,40,178,-138
103000105,130,231,-101
103000106,28,85,-57
103000107,388,93,295
103000108,669,549,120
103000109,498,279,219
103000110,422,500,-78
103000111,751,359,392
103000112,296,341,-45
103000113,953,841,112
103000114,1256,438,818
103000115,476,667,-191
103000116,435,788,-353
103000117,234,720,-486
103000118,2270,1267,1003
103000119,2894,681,2213
103000120,60,73,-13
103000121,196,781,-585
103000122,337,276,61
103000125,11,617,-606
103000126,341,9,332
103000127,1,254,-253
103000128,142,2,140
103000129,2,197,-195
103000130,24,22,2
103000131,248,113,135
103000132,67,140,-73
103000133,3,102,-99
103000134,722,923,-201
103000135,1113,299,814
103000136,1031,471,560
103000137,935,687,248
103000138,1116,840,276
103000139,0,50,-50
103000140,196,27,169
103000141,26,127,-101
103000142,149,87,62
103000143,94,252,-158
103000144,230,138,92
103000145,19,33,-14
103000150,73,72,1
103000152,411,250,161
103000153,220,183,37
103000156,6,560,-554
103000157,285,6,279
103000159,195,158,37
103000162,85,17,68
103000163,16,16,0
103000164,30,13,17
103000165,356,638,-282
103000166,192,206,-14
103000167,220,128,92
103000168,53,199,-146
103000169,169,360,-191
103000170,379,631,-252
103000171,35,73,-38
103000172,293,352,-59
103000173,316,1197,-881
103000174,139,324,-185
103000175,144,596,-452
103000176,1043,333,710
103000177,887,457,430
103000178,369,344,25
103000179,126,29,97
103000183,113,25,88
103000185,93,140,-47
103000186,59,175,-116
103000187,326,1039,-713
103000188,13,89,-76
103000189,1082,1330,-248
103000191,649,1013,-364
103000292,2949,975,1974
103000293,1589,1535,54
103000295,90,77,13
103000296,120,0,120
103000297,88,27,61
103000504,138,49,89
103000505,6,15,-9
103000506,1,273,-272
103000507,112,1,111
103000508,55,25,30
103000509,289,629,-340
103900001,4,422,-418
103900002,2244,179,2065
103900003,2410,104,2306
103900004,55,0,55
103900005,2,309,-307
103900006,5,0,5
103900007,29,4,25
103900008,25,1,24
103900009,193,360,-167
103900010,181,328,-147
103900011,167,260,-93
103900012,13,15,-2
103900013,30,99,-69
103900014,24,18,6
103900015,28,11,17
103900016,269,365,-96
103900017,49,99,-50
103900018,822,258,564
103900019,48,289,-241
103900020,215,469,-254
103900021,1044,282,762
103900022,1358,666,692
103900023,83,2,81
103900024,111,1093,-982
103900025,8,82,-74
103900026,4,0,4
103900027,512,482,30
103900028,15,260,-245
103900029,947,176,771
103900030,255,34,221
103900031,22,1,21
103900032,52,57,-5
103900033,116,14,102
103900034,29,441,-412
103900035,83,116,-33
103900036,39,21,18
103900037,67,31,36
103900038,93,170,-77
103900039,23,609,-586
103900040,7,265,-258
103900041,18,53,-35
103900042,39,563,-524
103900043,97,183,-86
103900044,318,192,126
103900045,172,229,-57
103900047,30,21,9
103900048,67,27,40
103900049,255,1767,-1512
103900050,8,93,-85
103900051,0,41,-41
103900052,215,832,-617
103900053,138,1596,-1458
103900054,52,830,-778
103900055,331,329,2
103900056,24,62,-38
103900057,14,441,-427
103900058,107,995,-888
103900059,0,3,-3
103900060,42,393,-351
103900061,79,113,-34
103900062,177,93,84
103900063,3,0,3
103900064,49,1,48
103900065,889,501,388
103900066,107,9,98
103900067,95,6,89
103900068,0,0,0
103900069,64,2,62
103900070,129,452,-323
103900071,11,226,-215
103900072,2,391,-389
103900073,41,33,8
103900074,55,160,-105
103900075,171,140,31
103900076,281,1073,-792
103900077,93,93,0
103900078,110,142,-32
103900079,102,329,-227
103900080,13,19,-6
103900081,102,11,91
103900082,6,175,-169
103900083,2541,670,1871
103900084,44,195,-151
103900085,48,118,-70
103900086,425,330,95
103900088,418,288,130
103900089,51,268,-217
103900090,3,326,-323
103900091,1025,326,699
103900092,581,723,-142
103900093,146,474,-328
103900094,5,182,-177
103900095,426,204,222
103900096,11,422,-411
103900097,15,673,-658
103900098,194,99,95
103900099,65,421,-356
103900100,171,429,-258
103900101,64,1316,-1252
103900102,1,56,-55
103900104,0,62,-62
103900105,95,228,-133
103900106,0,21,-21
103900107,115,364,-249
103900108,22,543,-521
103900109,46,166,-120
103900110,226,58,168
103900111,54,1276,-1222
103900112,24,55,-31
103900113,165,234,-69
103900114,629,442,187
103900115,287,169,118
103900116,9130,2092,7038
103900117,267,200,67
103900119,24,54,-30
103900120,51,186,-135
103900122,58,440,-382
103900123,2396,619,1777
103900124,78,781,-703
103900125,79,91,-12
103900126,452,854,-402
103900127,158,1258,-1100
103900128,65,322,-257
103900131,23,162,-139
103900133,1163,16,1147
103900134,0,1,-1
103900135,2,6,-4
103900137,0,55,-55
103900138,23,454,-431
103900139,496,1304,-808
103900140,2,35,-33
103900141,301,142,159
103900142,82,244,-162
103900143,32,5,27
103900144,2,127,-125
103900145,153,469,-316
103900146,266,505,-239
103900147,362,164,198
103900148,155,240,-85
103900149,106,858,-752
103900150,9738,2940,6798
103900151,46,219,-173
103900152,268,939,-671
103900153,13,3,10
103900154,1747,1515,232
103900155,23,368,-345
103900156,6,262,-256
103900157,23,384,-361
103900158,39,299,-260
103900159,87,87,0
103900160,47,38,9
103900161,95,294,-199
103900162,41,370,-329
103900163,14,551,-537
103900167,13,115,-102
103900168,61,217,-156
103900169,16,70,-54
103900170,4,160,-156
103900171,1,146,-145
103900172,9,54,-45
103900173,14,8,6
103900174,69,67,2
103900175,64,36,28
103900176,4,42,-38
103900177,4,77,-73
103900178,41,191,-150
103900179,47,447,-400
103900180,12,184,-172
103900181,75,84,-9
103900182,45,34,11
103900184,888,50,838
103900185,672,196,476
103900187,100,48,52
103900188,32,23,9
103900189,114,4,110
103900190,82,57,25
103900191,39,56,-17
103900192,59,110,-51
103900193,157,257,-100
103900194,80,461,-381
103900195,1,45,-44
103900196,35,26,9
103900197,15,27,-12
103900198,11,65,-54
103900199,114,113,1
103900200,121,172,-51
103900201,81,242,-161
103900202,5,81,-76
103900203,28,17,11
103900204,3,224,-221
103900207,1,254,-253
103900208,54,4,50
103900209,7,168,-161
103900210,41,26,15
103900211,355,952,-597
103900212,69,622,-553
103900213,125,286,-161
103900214,421,153,268
103900215,689,265,424
103900216,9,581,-572
103900217,388,80,308
103900218,5,349,-344
103900219,132,550,-418
103900233,97,6,91
103900235,46,33,13
103900236,40,1,39
103900242,1,9,-8
103900243,11,2,9
103900244,71,512,-441
103900245,118,283,-165
103900246,101,36,65
103900247,88,117,-29
103900248,1,34,-33
103900249,12,26,-14
103900250,79,18,61
103900251,2,67,-65
103900253,43,57,-14
103900254,3,23,-20
103900255,19,9,10
103900256,22,28,-6
103900257,143,153,-10
103900258,36,5,31
103900259,60,4,56
103900261,13,2,11
103900262,24,13,11
103900263,101,76,25
103900264,67,27,40
103900265,37,10,27
103900266,0,69,-69
103900267,17,96,-79
103900268,6,203,-197
103900269,89,71,18
103900270,40,253,-213
103900271,22,295,-273
103900272,56,134,-78
103900273,12,180,-168
103900274,51,15,36
103900275,26,7,19
103900276,9,252,-243
103900277,6,166,-160
103900278,7,108,-101
103900279,1,29,-28
103900280,0,223,-223
104000001,2218,2721,-503
104000002,1903,3846,-1943
104000003,2362,2775,-413
104000004,3632,3546,86
104000005,1391,2412,-1021
104000006,2717,3903,-1186
104000007,4567,4828,-261
104000008,302,542,-240
104000009,132,142,-10
104000010,156,330,-174
104000011,1171,496,675
104000012,187,649,-462
104000013,192,210,-18
104000014,274,1036,-762
104000015,216,244,-28
104000016,634,579,55
104000018,633,171,462
104000019,454,133,321
104000020,227,1059,-832
104000021,382,916,-534
104000022,163,399,-236
104000023,481,485,-4
104000024,326,524,-198
104000026,67,472,-405
104000027,406,711,-305
104000028,326,363,-37
104000029,554,779,-225
104000030,284,362,-78
104000031,864,452,412
104000032,228,416,-188
104000033,574,685,-111
104000034,366,492,-126
104000035,677,560,117
104000036,639,983,-344
104000037,302,494,-192
104000038,309,440,-131
104000039,215,573,-358
104000040,826,589,237
104000041,440,421,19
104000042,257,630,-373
104000043,285,665,-380
104000044,329,1057,-728
104000045,1171,1826,-655
104000046,1917,2136,-219
104000047,713,1735,-1022
104000048,1248,2411,-1163
104000049,437,435,2
104000050,189,805,-616
104000051,90,951,-861
104000052,1022,1998,-976
104000053,734,804,-70
104000054,550,765,-215
104000055,4195,3562,633
104000056,1970,341,1629
104000057,139,578,-439
104000058,572,972,-400
104000059,542,1519,-977
104000060,829,1474,-645
104000061,1358,1744,-386
104000062,246,215,31
104000064,634,477,157
104000065,168,569,-401
104000069,1945,913,1032
104000070,90,367,-277
104000071,129,503,-374
104000072,449,282,167
104000075,72,421,-349
104000076,497,71,426
104000082,2164,3172,-1008
104000083,804,249,555
104000084,101,610,-509
104000085,263,293,-30
104000086,220,553,-333
104000087,455,1273,-818
104000090,777,2288,-1511
104000092,849,3915,-3066
104000094,1039,2991,-1952
104000095,1532,1814,-282
104000096,1081,737,344
104000097,1431,1735,-304
104000098,1280,2061,-781
104000100,1164,916,248
104000101,1042,3410,-2368
104000106,106,734,-628
104000107,644,686,-42
104000108,474,913,-439
104000109,288,70,218
104000110,834,1157,-323
104000111,7335,2431,4904
104000112,2945,851,2094
104000116,4,1938,-1934
104000117,113,1897,-1784
104000118,424,358,66
104000119,387,352,35
104000120,213,1770,-1557
104000121,161,874,-713
104000122,521,823,-302
104000123,1187,1659,-472
104000124,1455,3721,-2266
104000125,7496,3847,3649
104000126,332,573,-241
104000127,1673,4292,-2619
104000128,964,620,344
104000129,561,35,526
104000130,6,240,-234
104000131,1263,876,387
104000132,878,1041,-163
104000133,1138,1312,-174
104000134,759,1838,-1079
104000135,349,1585,-1236
104000136,780,3399,-2619
104000137,1441,314,1127
104000138,1420,479,941
104000139,10067,3828,6239
104000141,1197,2589,-1392
104000142,718,1366,-648
104000143,648,1006,-358
104000144,70,240,-170
104000145,449,223,226
104000146,449,723,-274
104000147,101,459,-358
104000148,260,175,85
104000149,225,523,-298
104000150,715,682,33
104000151,367,830,-463
104000152,456,942,-486
104000153,381,583,-202
104000154,1202,1001,201
104000155,343,490,-147
104000157,1091,2583,-1492
104000158,232,361,-129
104000159,654,495,159
104000160,1810,1895,-85
104000161,351,239,112
104000162,48,163,-115
104000165,1982,1409,573
104000167,479,794,-315
104000168,548,4,544
104000169,42,77,-35
104000170,796,518,278
104000248,328,1667,-1339
104000251,72,414,-342
104000272,0,0,0
104000273,0,0,0
104000274,0,0,0
104000275,0,0,0
104000279,585,481,104
104000290,70,478,-408
104000291,661,1485,-824
104000293,763,988,-225
104000294,11,0,11
104000295,515,951,-436
104000296,395,1084,-689
104000297,921,1924,-1003
104000298,1920,1120,800
104000299,767,2111,-1344
104900001,145,664,-519
104900002,29,142,-113
104900003,63,473,-410
104900004,82,455,-373
104900005,167,194,-27
104900006,147,109,38
104900007,236,332,-96
104900009,117,685,-568
104900010,39,41,-2
104900011,10,5,5
104900012,180,7,173
104900013,107,5,102
104900014,5212,488,4724
104900015,120,3,117
104900016,155,473,-318
104900017,93,220,-127
104900018,3,254,-251
104900019,430,1824,-1394
104900020,46,355,-309
104900021,5,477,-472
104900022,8,233,-225
104900023,5,211,-206
104900024,34,171,-137
104900025,57,718,-661
104900026,3,222,-219
104900027,306,328,-22
104900028,30,143,-113
104900029,64,141,-77
104900030,427,264,163
104900031,159,262,-103
104900032,29,203,-174
104900033,135,310,-175
104900034,283,129,154
104900035,186,168,18
104900036,132,106,26
104900037,110,590,-480
104900038,784,473,311
104900039,1535,193,1342
104900040,218,81,137
104900041,194,228,-34
104900042,102,722,-620
104900043,11,101,-90
104900044,304,261,43
104900045,371,75,296
104900046,86,145,-59
104900047,262,218,44
104900048,204,130,74
104900049,8,7,1
104900050,140,116,24
104900051,270,51,219
104900052,29,0,29
104900053,330,112,218
104900054,194,53,141
104900055,46,0,46
104900056,198,15,183
104900057,12,0,12
104900058,626,155,471
104900059,83,121,-38
104900060,3,590,-587
104900061,414,806,-392
104900063,0,221,-221
104900064,1,235,-234
104900065,1,168,-167
104900066,2,381,-379
104900067,8,336,-328
104900068,11,305,-294
104900070,170,368,-198
104900071,6,1144,-1138
104900072,68,243,-175
104900073,37,569,-532
104900074,54,310,-256
104900075,42,154,-112
104900076,140,536,-396
104900077,2232,152,2080
104900078,174,1033,-859
104900079,150,275,-125
104900080,82,702,-620
104900082,7,422,-415
104900085,11,411,-400
104900087,371,11,360
104900089,77,0,77
104900090,536,648,-112
104900091,473,1516,-1043
104900093,266,729,-463
104900097,4583,1404,3179
104900098,75,54,21
104900099,95,462,-367
104900100,1193,228,965
104900102,34,424,-390
104900103,430,165,265
104900104,4195,1507,2688
104900106,70,133,-63
104900107,58,537,-479
104900108,29,506,-477
104900109,75,275,-200
104900110,9,64,-55
104900111,148,248,-100
104900112,218,1583,-1365
104900113,533,641,-108
104900114,236,1194,-958
104900115,553,758,-205
104900116,146,327,-181
104900118,14,109,-95
104900119,1,42,-41
104900120,131,96,35
104900121,1,208,-207
104900122,6,198,-192
104900123,13,6,7
104900124,26,0,26
104900125,548,29,519
104900126,79,81,-2
104900127,37,43,-6
104900128,52,132,-80
104900129,3490,1345,2145
105000001,2488,2196,292
105000002,2833,2382,451
105000003,4467,4627,-160
105000004,496,1477,-981
105000005,593,1547,-954
105000006,1127,1943,-816
105000007,1222,1643,-421
105000008,1073,2454,-1381
105000009,1406,3217,-1811
105000010,4025,3876,149
105000011,1878,2476,-598
105000012,4080,4085,-5
105000013,683,1178,-495
105000014,1236,2061,-825
105000015,8429,6868,1561
105000016,4950,2146,2804
105000017,1836,1322,514
105000018,1705,1207,498
105000019,1754,1052,702
105000020,299,404,-105
105000021,339,172,167
105000022,181,67,114
105000023,426,206,220
105000028,84,235,-151
105000029,489,1263,-774
105000030,4537,4703,-166
105000033,990,2797,-1807
105000034,218,719,-501
105000037,638,976,-338
105000038,1383,1586,-203
105000039,3120,2146,974
105000040,553,1062,-509
105000041,512,1547,-1035
105000042,1975,1362,613
105000043,2105,2506,-401
105000044,314,415,-101
105000045,283,1181,-898
105000046,700,444,256
105000047,611,1965,-1354
105000048,497,261,236
105000049,276,981,-705
105000050,597,600,-3
105000051,320,769,-449
105000052,435,1482,-1047
105000053,233,304,-71
105000054,260,1482,-1222
105000055,395,727,-332
105000056,924,4131,-3207
105000057,1228,1454,-226
105000058,1713,2047,-334
105000059,638,695,-57
105000060,629,1162,-533
105000061,407,571,-164
105000062,1254,2073,-819
105000063,456,1191,-735
105000064,1093,807,286
105000065,475,1604,-1129
105000066,1381,3300,-1919
105000067,1087,660,427
105000068,800,1335,-535
105000069,5758,1120,4638
105000070,1274,896,378
105000071,464,680,-216
105000072,1210,1468,-258
105000073,960,768,192
105000074,1006,1130,-124
105000075,651,937,-286
105000076,1626,1219,407
105000077,2184,901,1283
105000078,1719,1461,258
105000079,2009,1852,157
105000080,1791,963,828
105000081,1710,783,927
105000082,831,532,299
105000083,1370,729,641
105000084,654,1509,-855
105000085,1312,1033,279
105000086,591,1093,-502
105000087,4562,2401,2161
105000088,1307,1629,-322
105000089,3009,2552,457
105000090,838,988,-150
105000091,1586,2258,-672
105000092,723,1379,-656
105000093,362,203,159
105000094,235,320,-85
105000095,80,382,-302
105000096,1332,721,611
105000097,1450,968,482
105000098,949,695,254
105000099,1225,1227,-2
105000100,792,1593,-801
105000101,2011,3015,-1004
105000102,1046,2132,-1086
105000103,1331,3411,-2080
105000104,1637,1676,-39
105000105,1031,3049,-2018
105000106,1216,2407,-1191
105000107,940,1738,-798
105000108,1045,3384,-2339
105000109,1288,2522,-1234
105000110,667,1588,-921
105000111,707,859,-152
105000112,1217,1360,-143
105000113,372,766,-394
105000114,6741,1429,5312
105000115,329,1016,-687
105000116,678,575,103
105000117,787,2267,-1480
105000118,264,400,-136
105000119,470,2014,-1544
105000120,627,779,-152
105000121,831,2004,-1173
105000122,275,624,-349
105000123,1239,2355,-1116
105000124,1289,1472,-183
105000125,595,2694,-2099
105000126,2072,3760,-1688
105000127,2647,2676,-29
105000128,394,2379,-1985
105000129,753,350,403
105000130,168,1465,-1297
105000131,800,509,291
105000132,675,543,132
105000133,352,1572,-1220
105000134,642,672,-30
105000135,342,947,-605
105000136,138,465,-327
105000137,282,265,17
105000138,298,459,-161
105000139,1119,1493,-374
105000140,252,679,-427
105000141,218,951,-733
105000142,111,686,-575
105000143,220,1074,-854
105000144,307,1057,-750
105000145,598,667,-69
105000146,854,1064,-210
105000147,609,601,8
105000148,1049,1072,-23
105000149,1906,2769,-863
105000150,2268,2119,149
105000151,405,480,-75
105000152,216,1088,-872
105000153,714,625,89
105000154,710,1713,-1003
105000155,309,791,-482
105000156,1019,1527,-508
105000157,1061,3953,-2892
105000158,1864,1059,805
105000159,329,2341,-2012
105000160,1845,789,1056
105000161,893,3120,-2227
105000162,770,1787,-1017
105000163,3010,1758,1252
105000164,189,390,-201
105000165,3422,4911,-1489
105000166,11033,451,10582
105000167,5415,1584,3831
105000168,299,1410,-1111
105000169,316,588,-272
105000170,120,1864,-1744
105000171,1298,598,700
105000172,51,111,-60
105000173,91,53,38
105000174,59,25,34
105000175,86,194,-108
105000176,204,104,100
105000177,246,145,101
105000178,96,1512,-1416
105000179,195,152,43
105000180,75,144,-69
105000181,89,999,-910
105000182,43,50,-7
105000183,3872,2134,1738
105000184,982,894,88
105000185,876,837,39
105000186,282,1060,-778
105000187,557,228,329
105000188,194,90,104
105000189,135,571,-436
105000190,194,300,-106
105000191,320,374,-54
105000192,165,115,50
105000193,78,205,-127
105000194,247,63,184
105000195,329,1708,-1379
105000196,44,105,-61
105000197,248,1059,-811
105000198,640,380,260
105000199,338,325,13
105000200,110,294,-184
105000201,102,25,77
105000203,27,461,-434
105000204,68,94,-26
105000205,84,358,-274
105000207,545,255,290
105000208,279,469,-190
105000209,268,397,-129
105000212,951,2392,-1441
105000213,196,162,34
105000214,79,312,-233
105000215,174,441,-267
105000216,101,383,-282
105000217,119,365,-246
105000218,654,1432,-778
105000221,363,500,-137
105000222,133,69,64
105000223,137,298,-161
105000226,113,681,-568
105000227,49,321,-272
105000228,509,952,-443
105000229,102,236,-134
105000231,241,453,-212
105000233,533,682,-149
105000234,584,1855,-1271
105000235,366,611,-245
105000237,935,111,824
105000243,28,88,-60
105000248,97,76,21
105000262,228,2994,-2766
105000269,108,254,-146
105000270,372,166,206
105000271,1,500,-499
105000282,254,79,175
105000287,300,276,24
105000288,360,725,-365
105000289,1900,968,932
105000290,1,7,-6
105000402,6534,2068,4466
105000426,434,555,-121
105000438,1526,716,810
105000446,19055,5938,13117
105000447,10037,3688,6349
105000454,288,1278,-990
105000455,223,297,-74
105000474,3,0,3
105000477,340,508,-168
105000478,1487,2402,-915
105000479,157,137,20
105000480,2751,2252,499
105000481,2601,2261,340
105000482,5360,3255,2105
105000483,1409,1369,40
105000484,2727,2892,-165
105000485,1231,1610,-379
105000486,3579,2778,801
105000488,4363,3620,743
105000489,772,1102,-330
105000549,34,226,-192
105000550,467,1673,-1206
105000551,19,128,-109
105000552,4830,2442,2388
105000555,805,699,106
105900001,17,1557,-1540
105900002,2500,469,2031
105900003,9,116,-107
105900004,286,135,151
105900005,7,234,-227
105900006,5,68,-63
105900007,30,20,10
105900008,59,1191,-1132
105900009,12,5,7
105900011,67,53,14
105900012,297,167,130
105900013,2,26,-24
105900014,7,117,-110
105900015,126,527,-401
105900016,208,1046,-838
105900017,746,67,679
105900018,276,465,-189
105900019,59,532,-473
105900020,36,82,-46
105900021,19,319,-300
105900022,238,609,-371
105900023,1,124,-123
105900024,4,158,-154
105900025,46,86,-40
105900026,304,86,218
105900027,6003,2945,3058
105900028,119,195,-76
105900029,2708,357,2351
105900030,219,273,-54
105900031,586,206,380
105900032,87,180,-93
105900033,70,175,-105
105900034,152,307,-155
105900035,155,260,-105
105900036,35,234,-199
105900037,73,67,6
105900038,168,504,-336
105900039,101,263,-162
105900040,51,96,-45
105900041,204,935,-731
105900042,44,119,-75
105900043,3040,77,2963
105900044,5,183,-178
105900045,3,578,-575
105900046,5,214,-209
105900047,9,54,-45
105900048,80,643,-563
105900050,1775,771,1004
105900051,11,1891,-1880
105900052,367,36,331
105900053,5303,1657,3646
105900054,267,477,-210
105900056,1050,190,860
105900057,11,214,-203
105900058,12,42,-30
105900059,9,34,-25
106000001,4235,1914,2321
106000002,3498,6136,-2638
106000003,3328,3469,-141
106000004,3372,3524,-152
106000005,2495,6154,-3659
106000006,6461,6490,-29
106000007,356,508,-152
106000008,371,386,-15
106000009,484,403,81
106000010,522,689,-167
106000011,705,1025,-320
106000012,889,2240,-1351
106000013,1679,2000,-321
106000014,2288,2457,-169
106000015,1255,1250,5
106000016,1262,3266,-2004
106000017,718,785,-67
106000018,613,784,-171
106000019,268,522,-254
106000020,271,636,-365
106000021,304,571,-267
106000022,433,445,-12
106000023,703,496,207
106000024,899,1142,-243
106000025,81,222,-141
106000026,153,377,-224
106000027,994,1729,-735
106000028,593,926,-333
106000029,900,1864,-964
106000030,1137,479,658
106000034,206,741,-535
106000035,1015,1253,-238
106000036,566,479,87
106000037,2197,2476,-279
106000038,572,101,471
106000039,266,72,194
106000040,261,1016,-755
106000041,930,358,572
106000043,718,142,576
106000046,450,58,392
106000047,68,488,-420
106000049,589,201,388
106000050,334,1427,-1093
106000051,502,575,-73
106000052,101,944,-843
106000053,190,151,39
106000054,459,681,-222
106000055,847,1662,-815
106000056,401,639,-238
106000057,217,346,-129
106000058,181,305,-124
106000059,285,322,-37
106000060,808,830,-22
106000061,298,693,-395
106000062,208,865,-657
106000063,780,739,41
106000064,60,591,-531
106000065,434,241,193
106000066,187,585,-398
106000067,371,119,252
106000068,99,1074,-975
106000069,274,178,96
106000070,532,1257,-725
106000071,941,570,371
106000072,7757,2219,5538
106000073,2343,2630,-287
106000074,457,998,-541
106000075,414,1464,-1050
106000076,1853,2223,-370
106000077,4340,1900,2440
106000078,969,1299,-330
106000079,746,1401,-655
106000080,1388,1139,249
106000081,771,1393,-622
106000082,2680,1270,1410
106000083,505,1815,-1310
106000084,968,909,59
106000085,2229,1585,644
106000086,706,1017,-311
106000087,935,864,71
106000088,476,1067,-591
106000089,1054,609,445
106000090,300,792,-492
106000091,324,1160,-836
106000092,690,340,350
106000093,451,113,338
106000094,96,633,-537
106000095,643,2168,-1525
106000096,973,912,61
106000097,839,2114,-1275
106000098,661,1281,-620
106000099,196,1326,-1130
106000100,741,364,377
106000101,680,445,235
106000102,115,895,-780
106000103,361,879,-518
106000104,702,590,112
106000105,441,1387,-946
106000106,642,630,12
106000107,139,736,-597
106000108,231,456,-225
106000109,141,684,-543
106000110,135,369,-234
106000111,190,952,-762
106000112,207,529,-322
106000113,1823,880,943
106000114,486,477,9
106000115,287,862,-575
106000116,210,374,-164
106000117,1113,1249,-136
106000118,1268,1223,45
106000119,3641,1770,1871
106000120,687,839,-152
106000121,174,330,-156
106000122,237,491,-254
106000123,263,542,-279
106000124,42,475,-433
106000125,12,508,-496
106000126,160,268,-108
106000127,759,1500,-741
106000128,719,484,235
106000129,542,1061,-519
106000130,729,743,-14
106000131,237,1200,-963
106000132,1173,257,916
106000133,6430,1512,4918
106000134,1295,1330,-35
106000135,363,1558,-1195
106000136,863,817,46
106000137,84,2617,-2533
106000138,1062,103,959
106000139,61,182,-121
106000140,55,172,-117
106000141,51,161,-110
106000142,72,114,-42
106000143,14,117,-103
106000144,30,81,-51
106000145,216,408,-192
106000146,232,299,-67
106000147,537,901,-364
106000148,631,1079,-448
106000149,577,562,15
106000150,524,2387,-1863
106000151,7469,979,6490
106000152,1950,1801,149
106000153,105,2151,-2046
106000154,2065,426,1639
106000155,84,373,-289
106000156,706,526,180
106000157,737,2867,-2130
106000158,4585,995,3590
106000159,7181,1726,5455
106000160,332,2312,-1980
106000161,2271,747,1524
106000162,209,913,-704
106000163,282,971,-689
106000164,257,467,-210
106000165,249,1223,-974
106000166,777,363,414
106000167,319,2045,-1726
106000168,248,249,-1
106000169,147,1217,-1070
106000170,464,318,146
106000171,104,1529,-1425
106000172,2457,1307,1150
106000173,831,4574,-3743
106000174,893,330,563
106000175,307,1685,-1378
106000176,1172,1012,160
106000177,753,3591,-2838
106000178,2598,2648,-50
106000179,1292,3232,-1940
106000180,812,2455,-1643
106000181,523,2799,-2276
106000182,734,1281,-547
106000183,784,1665,-881
106000184,925,1737,-812
106000185,662,1160,-498
106000186,1039,169,870
106000187,249,1061,-812
106000188,1,2,-1
106000189,1,66,-65
106000190,19,0,19
106000191,542,213,329
106000192,0,22,-22
106000193,301,158,143
106000194,186,321,-135
106000195,299,116,183
106000196,82,541,-459
106000197,299,555,-256
106000198,82,358,-276
106000199,1090,492,598
106000200,807,165,642
106000201,638,1806,-1168
106000202,11239,864,10375
106000203,279,272,7
106000204,52,5,47
106000205,19,247,-228
106000206,81,13,68
106000207,77,1339,-1262
106000208,838,132,706
106000209,1058,417,641
106000210,274,2074,-1800
106000211,399,2150,-1751
106000212,645,228,417
106000213,1211,1758,-547
106000214,3644,529,3115
106000215,338,682,-344
106000216,398,435,-37
106000217,380,736,-356
106000218,592,475,117
106000219,191,424,-233
106000220,465,377,88
106000221,89,404,-315
106000222,33,229,-196
106000223,134,140,-6
106000224,205,414,-209
106000225,95,74,21
106000226,136,460,-324
106000228,92,244,-152
106000229,81,1074,-993
106000231,785,241,544
106000232,79,635,-556
106000233,265,269,-4
106000234,64,278,-214
106000235,270,154,116
106000236,114,52,62
106000237,2,19,-17
106000238,7,10,-3
106000239,10,132,-122
106000240,54,4,50
106000241,8,904,-896
106000242,148,28,120
106000249,76,152,-76
106000250,46,522,-476
106000251,44,54,-10
106000252,14,168,-154
106000253,21,58,-37
106000254,45,90,-45
106000255,12,138,-126
106000256,62,134,-72
106000257,103,338,-235
106000258,93,13,80
106000259,3,22,-19
106000260,19,7,12
106000261,1,62,-61
106000262,65,5,60
106000263,6,143,-137
106000264,128,13,115
106000265,15,173,-158
106000266,72,21,51
106000267,5,119,-114
106000268,604,26,578
106000269,108,83,25
106000270,195,485,-290
106000271,36,236,-200
106000272,101,57,44
106000273,7,256,-249
106000274,214,70,144
106000275,153,234,-81
106000276,139,93,46
106000277,191,205,-14
106000278,166,52,114
106000279,13,164,-151
106000280,26,308,-282
106000281,89,138,-49
106000282,97,101,-4
106000283,104,141,-37
106000284,51,194,-143
106000285,116,203,-87
106000286,77,207,-130
106000287,130,171,-41
106000288,169,160,9
106000289,81,152,-71
106000290,78,122,-44
106000291,115,189,-74
106000292,102,169,-67
106000293,127,147,-20
106000294,157,193,-36
106000295,62,72,-10
106000296,62,171,-109
106000297,60,360,-300
106000298,173,85,88
106000299,126,287,-161
106000300,64,162,-98
106000301,58,149,-91
106000303,19,122,-103
106000304,13,77,-64
106000305,26,47,-21
106000306,74,137,-63
106000307,26,24,2
106000308,23,285,-262
106000309,12,112,-100
106000310,241,977,-736
106000311,298,168,130
106000312,82,344,-262
106000313,203,302,-99
106000318,310,277,33
106000319,689,92,597
106000320,0,48,-48
106000321,524,73,451
106000322,122,300,-178
106000324,3,261,-258
106000325,1259,853,406
106000326,1067,2645,-1578
106000327,82,255,-173
106000328,8,92,-84
106000329,48,454,-406
106000330,36,56,-20
106000428,38,185,-147
106000429,112,783,-671
106000430,446,2209,-1763
106000431,1573,443,1130
106000432,2208,4328,-2120
106000433,1534,1049,485
106000434,2999,1162,1837
106000435,2916,4103,-1187
106000436,22,507,-485
106000437,180,29,151
106000438,257,123,134
106000439,38,761,-723
106000440,174,686,-512
106000441,0,2,-2
106000442,247,9,238
106000443,105,730,-625
106000450,5,353,-348
106000451,35,33,2
106000454,19,87,-68
106000455,8,210,-202
106000456,125,18,107
106000457,14,1610,-1596
106000458,263,415,-152
106000459,114,657,-543
106000460,693,71,622
106000461,52,3037,-2985
106000462,0,28,-28
106000463,3,68,-65
106000464,1,912,-911
106000465,275,2,273
106000466,7,1134,-1127
106000467,883,819,64
106000468,73,419,-346
106000469,558,9,549
106000470,263,1783,-1520
106000471,54,1118,-1064
106000472,138,14,124
106000473,24,38,-14
106000474,301,1010,-709
106000475,224,147,77
106000476,191,212,-21
106000477,25,175,-150
106000480,0,164,-164
106900001,0,42,-42
106900002,8,1045,-1037
106900003,265,1448,-1183
106900004,2,109,-107
106900006,0,31,-31
106900007,0,59,-59
106900008,169,503,-334
106900009,235,821,-586
106900010,241,537,-296
106900012,3734,2056,1678
106900013,410,106,304
106900014,19,2,17
106900015,12,0,12
106900016,223,3,220
106900017,4,0,4
106900018,7,0,7
106900019,24,0,24
106900020,4321,1273,3048
106900021,37,89,-52
106900022,286,2,284
106900023,31,374,-343
106900024,297,25,272
106900025,59,1049,-990
106900026,5,1256,-1251
106900027,370,4,366
107000001,3245,2143,1102
107000002,5649,5055,594
107000003,3792,5073,-1281
107000004,5578,6931,-1353
107000005,2151,4119,-1968
107000006,4097,8818,-4721
107000007,3819,7268,-3449
107000008,15417,13554,1863
107000009,4136,5235,-1099
107000010,10365,13792,-3427
107000011,1237,1583,-346
107000012,5563,5403,160
107000013,52,220,-168
107000014,33,326,-293
107000015,441,1105,-664
107000016,477,1691,-1214
107000017,2215,959,1256
107000018,9,268,-259
107000020,955,444,511
107000021,912,880,32
107000022,681,1316,-635
107000023,1352,394,958
107000024,428,2142,-1714
107000025,138,418,-280
107000026,168,919,-751
107000027,884,1077,-193
107000028,1146,2430,-1284
107000029,1793,1921,-128
107000030,3258,4220,-962
107000031,2775,2107,668
107000032,471,1109,-638
107000033,4685,4497,188
107000034,6555,2896,3659
107000035,392,176,216
107000036,549,1400,-851
107000037,65,786,-721
107000038,240,328,-88
107000039,621,751,-130
107000040,156,399,-243
107000041,1919,783,1136
107000042,846,2029,-1183
107000043,4136,1021,3115
107000044,810,442,368
107000045,125,364,-239
107000046,679,441,238
107000047,580,1039,-459
107000048,711,387,324
107000049,700,936,-236
107000050,1061,574,487
107000051,862,463,399
107000052,1297,1076,221
107000053,463,288,175
107000054,53,389,-336
107000055,369,252,117
107000056,554,1019,-465
107000057,3398,342,3056
107000058,2207,2488,-281
107000059,3058,4548,-1490
107000060,2970,5433,-2463
107000061,6597,5835,762
107000062,2847,3130,-283
107000063,4400,9330,-4930
107000064,3394,2057,1337
107000065,4335,7741,-3406
107000066,1251,1961,-710
107000067,758,1042,-284
107000068,1366,587,779
107000069,941,483,458
107000070,404,8,396
107000071,1853,26,1827
107000072,45,5138,-5093
107000073,314,208,106
107000074,146,1238,-1092
107000075,1130,404,726
107000076,1070,2072,-1002
107000077,2377,1107,1270
107000078,2398,4138,-1740
107000079,1648,607,1041
107000080,1368,3986,-2618
107000081,816,617,199
107000082,563,3711,-3148
107000083,824,324,500
107000084,545,3196,-2651
107000085,2333,3283,-950
107000086,3539,3545,-6
107000087,2385,1879,506
107000088,2573,4192,-1619
107000089,1509,1772,-263
107000090,1300,1439,-139
107000091,1132,1060,72
107000092,790,1505,-715
107000093,855,825,30
107000094,1086,1838,-752
107000095,528,883,-355
107000096,716,1605,-889
107000097,485,379,106
107000098,498,1483,-985
107000099,510,344,166
107000100,384,559,-175
107000101,81,200,-119
107000102,555,547,8
107000103,422,198,224
107000104,377,607,-230
107000105,412,171,241
107000106,173,526,-353
107000107,509,245,264
107000108,160,1265,-1105
107000109,448,140,308
107000110,114,1113,-999
107000111,213,37,176
107000112,41,737,-696
107000113,516,152,364
107000114,117,1425,-1308
107000115,603,120,483
107000116,153,1587,-1434
107000117,94,492,-398
107000118,240,522,-282
107000119,2875,1583,1292
107000120,5116,404,4712
107000121,611,1014,-403
107000122,1339,1137,202
107000123,380,1335,-955
107000124,565,1162,-597
107000125,652,1383,-731
107000126,728,1423,-695
107000129,255,1781,-1526
107000130,369,297,72
107000131,671,1102,-431
107000132,549,363,186
107000133,365,119,246
107000134,126,1,125
107000135,1,276,-275
107000136,469,3,466
107000137,19,578,-559
107000138,221,21,200
107000139,13,506,-493
107000140,909,49,860
107000141,145,1024,-879
107000142,267,69,198
107000143,58,1236,-1178
107000144,259,338,-79
107000145,160,774,-614
107000146,157,170,-13
107000147,3554,790,2764
107000150,946,1695,-749
107000151,33,59,-26
107000152,746,640,106
107000153,791,521,270
107000154,203,159,44
107000155,479,13,466
107000156,737,19,718
107000157,29,2892,-2863
107000158,349,12,337
107000159,56,2434,-2378
107000160,574,73,501
107000161,86,2813,-2727
107000162,160,247,-87
107000163,38,1,37
107000164,214,0,214
107000165,513,1,512
107000166,56,2084,-2028
107000167,415,371,44
107000168,649,407,242
107000169,1373,1152,221
107000170,891,538,353
107000171,436,3572,-3136
107000172,652,867,-215
107000173,766,1801,-1035
107000174,709,2869,-2160
107000175,12466,1972,10494
107000176,0,2,-2
107000177,2,1,1
107000178,10,82,-72
107000179,219,3950,-3731
107000180,1039,458,581
107000181,511,2023,-1512
107000182,1516,1379,137
107000183,154,1261,-1107
107000184,835,1258,-423
107000185,585,1681,-1096
107000186,1006,376,630
107000187,1106,1754,-648
107000188,419,692,-273
107000189,352,1142,-790
107000190,491,1274,-783
107000191,544,1160,-616
107000192,1558,1755,-197
107000193,359,466,-107
107000194,892,1286,-394
107000197,734,272,462
107000198,486,1023,-537
107000199,636,722,-86
107000200,1569,582,987
107000201,298,225,73
107000202,245,502,-257
107000203,690,472,218
107000204,1015,543,472
107000205,2089,1015,1074
107000206,703,986,-283
107000207,800,1484,-684
107000208,1328,496,832
107000209,2361,928,1433
107000210,1232,470,762
107000211,4,39,-35
107000212,21,366,-345
107000213,2,33,-31
107000214,28,175,-147
107000215,350,638,-288
107000216,198,643,-445
107000217,86,149,-63
107000219,89,112,-23
107000220,117,424,-307
107000222,231,901,-670
107000224,323,68,255
107000225,201,818,-617
107000226,214,89,125
107000227,99,565,-466
107000228,123,161,-38
107000229,532,154,378
107000230,1497,660,837
107000231,1796,825,971
107000232,161,191,-30
107000233,1378,684,694
107000234,0,36,-36
107000235,46,5,41
107000236,8,394,-386
107000237,3,1,2
107000238,10,0,10
107000239,7745,633,7112
107000240,104,1704,-1600
107000243,0,71,-71
107000244,42,120,-78
107000246,2,1492,-1490
107000249,2,1378,-1376
107000251,0,393,-393
107000252,8,1831,-1823
107000255,1398,129,1269
107000257,5,820,-815
107000258,2,255,-253
107000259,3,385,-382
107000260,369,1,368
107000262,24,1133,-1109
107000263,172,2,170
107000266,6,7,-1
107000267,53,274,-221
107000268,147,199,-52
107000269,356,18,338
107000270,0,11,-11
107000271,10,1418,-1408
107000272,7,266,-259
107000273,1,254,-253
107000274,657,287,370
107000275,20,902,-882
107000280,417,20,397
107000281,42,1861,-1819
107000282,19,1425,-1406
107000290,2,27,-25
107000291,10,11,-1
107000292,1,44,-43
107000293,51,11,40
107000294,0,25,-25
107000295,49,2,47
107000296,0,11,-11
107000444,135,12,123
107000496,0,38,-38
107000497,1536,4002,-2466
107000500,286,413,-127
107000501,90,252,-162
107000502,213,562,-349
107000505,1416,1036,380
107000506,2,15,-13
107000508,5,923,-918
107000509,179,460,-281
107000510,22,13,9
107000514,22,244,-222
107000515,14,400,-386
107000516,242,316,-74
107000518,908,786,122
107000519,5927,1422,4505
107000520,61,13,48
107000521,534,787,-253
107000522,548,1531,-983
107900001,21,314,-293
107900002,48,2,46
107900003,242,17,225
107900004,14,0,14
107900005,573,2,571
107900006,74,1,73
107900007,190,26,164
107900008,61,77,-16
107900009,120,5,115
107900010,16,2,14
107900012,407,20,387
107900013,311,133,178
107900014,15,6,9
107900015,469,6,463
107900016,375,121,254
107900017,21,2,19
107900018,62,90,-28
107900019,16,151,-135
107900020,58,7,51
107900021,45,186,-141
107900023,1,1,0
107900024,0,27,-27
107900025,171,452,-281
107900026,34,196,-162
107900027,25,39,-14
107900028,21,116,-95
107900030,221,45,176
107900031,74,460,-386
107900032,3,4,-1
107900033,6,5,1
107900034,320,7,313
107900035,483,25,458
107900036,18,9,9
107900037,0,53,-53
107900038,176,149,27
107900039,5,142,-137
107900040,16,95,-79
107900041,1,1,0
107900043,61,423,-362
107900044,3,1,2
107900045,65,28,37
107900046,115,108,7
107900047,17,114,-97
107900048,172,15,157
107900049,320,492,-172
107900050,104,420,-316
107900051,109,139,-30
107900052,19,26,-7
107900053,17,108,-91
107900055,823,302,521
107900056,105,29,76
107900057,0,0,0
107900058,26,1176,-1150
107900060,7,62,-55
107900061,29,9,20
107900063,158,195,-37
107900064,397,89,308
107900065,140,9,131
107900066,14,15,-1
107900067,0,0,0
107900068,160,185,-25
107900069,38,938,-900
107900070,73,8,65
107900071,21,1309,-1288
107900072,27,333,-306
107900073,41,167,-126
107900074,1203,147,1056
107900076,268,122,146
107900077,37,0,37
107900078,201,19,182
107900079,5,16,-11
107900080,133,191,-58
107900081,18,94,-76
107900082,25,16,9
107900083,322,175,147
107900084,143,158,-15
107900086,35,135,-100
107900087,476,94,382
107900088,10,5,5
107900089,269,920,-651
107900090,650,1282,-632
107900091,233,637,-404
107900092,2170,571,1599
107900093,72,72,0
107900095,3236,1363,1873
107900097,28,99,-71
107900098,70,229,-159
107900100,1073,967,106
107900101,1455,178,1277
107900102,30,10,20
107900103,51,151,-100
107900104,130,3,127
107900105,4,815,-811
107900106,4,2002,-1998
107900107,1469,247,1222
107900108,441,133,308
107900109,781,12,769
107900110,25,222,-197
107900111,11,1668,-1657
107900112,178,495,-317
107900113,121,177,-56
107900114,84,351,-267
107900115,2,66,-64
107900116,71,405,-334
107900117,275,624,-349
107900118,84,185,-101
107900119,32,125,-93
107900120,35,8,27
107900121,2,105,-103
107900122,3,49,-46
107900123,5,33,-28
107900124,17,25,-8
107900125,30,216,-186
107900126,3,31,-28
107900127,488,128,360
107900128,142,91,51
107900129,22,63,-41
107900130,19,23,-4
107900131,531,127,404
107900132,107,589,-482
107900133,1,110,-109
107900134,35,16,19
107900135,10,241,-231
107900136,42,37,5
107900137,103,135,-32
107900138,29,58,-29
107900139,21,51,-30
107900141,40,47,-7
107900142,79,1758,-1679
107900143,24,55,-31
107900144,6,203,-197
107900145,9,142,-133
107900146,19,190,-171
107900147,58,41,17
107900148,209,224,-15
107900149,2752,233,2519
107900150,109,1453,-1344
107900151,13,128,-115
107900152,7,369,-362
107900153,149,295,-146
107900154,25,23,2
107900155,40,29,11
107900156,6,509,-503
107900157,47,108,-61
107900158,454,12,442
107900159,43,1826,-1783
107900160,70,160,-90
107900161,30,368,-338
107900162,0,151,-151
107900163,55,11,44
107900164,4,17,-13
107900165,19,51,-32
107900166,16,425,-409
107900167,38,45,-7
107900168,7,55,-48
107900169,1,152,-151
107900171,21,3193,-3172
107900172,2,463,-461
107900173,7,295,-288
107900174,59,10,49
107900175,6,21,-15
107900176,10,59,-49
107900177,2,122,-120
107900178,0,283,-283
107900179,6,171,-165
107900180,1364,293,1071
107900181,403,743,-340
107900182,4,2516,-2512
107900183,32,529,-497
107900184,61,300,-239
107900185,68,9,59
107900186,10,52,-42
107900187,0,116,-116
107900188,898,120,778
107900189,14,161,-147
107900190,135,67,68
107900191,42,269,-227
107900193,3,33,-30
107900194,140,7,133
107900195,6191,670,5521
107900196,43,67,-24
107900197,1020,189,831
107900199,4,1327,-1323
107900201,115,201,-86
107900203,55,71,-16
107900204,359,286,73
107900205,240,546,-306
107900206,391,214,177
107900207,3,958,-955
107900208,15,1136,-1121
107900209,472,152,320
107900210,70,226,-156
107900213,628,557,71
107900214,7,238,-231
107900215,203,329,-126
107900216,129,107,22
107900217,21,38,-17
107900218,17,2042,-2025
107900219,14,246,-232
107900220,154,156,-2
107900221,241,291,-50
107900223,67,735,-668
107900224,261,354,-93
107900225,5,1232,-1227
107900226,64,150,-86
107900227,145,632,-487
107900228,18,120,-102
107900229,2,485,-483
107900230,13,199,-186
107900231,5,266,-261
107900232,44,278,-234
107900233,7,169,-162
107900234,102,227,-125
107900235,25,110,-85
107900236,73,117,-44
107900237,127,645,-518
107900238,18,157,-139
107900239,1998,429,1569
107900240,6,180,-174
107900241,12,113,-101
107900242,25,624,-599
107900243,2,59,-57
107900244,172,2,170
107900245,333,33,300
107900246,77,14,63
107900248,92,685,-593
107900249,318,9,309
107900250,4,780,-776
107900251,70,1899,-1829
107900252,513,16,497
107900253,74,4,70
107900254,40,130,-90
107900255,331,61,270
107900256,414,525,-111
107900257,121,62,59
107900258,73,334,-261
107900259,73,986,-913
107900261,3,585,-582
107900262,19,207,-188
107900264,83,4,79
107900265,65,359,-294
107900267,144,16,128
107900268,65,4,61
107900269,1,6,-5
107900270,0,0,0
107900271,0,14,-14
107900272,158,7,151
107900273,19,129,-110
107900274,30,0,30
107900275,5,0,5
107900276,3,89,-86
107900277,2,304,-302
107900278,181,427,-246
107900279,193,148,45
107900280,1838,1385,453
107900281,5612,1337,4275
107900282,107,261,-154
107900283,2089,562,1527
107900284,217,972,-755
107900285,68,236,-168
107900286,124,138,-14
107900287,92,216,-124
107900290,1,139,-138
107900291,451,26,425
107900292,137,439,-302
107900293,58,877,-819
107900295,115,237,-122
107900297,4,321,-317
107900298,892,1241,-349
107900299,5579,2838,2741
107900300,46,291,-245
107900301,494,438,56
107900302,113,18,95
107900303,86,418,-332
107900304,176,756,-580
107900305,177,10,167
107900306,13,12,1
107900307,32,403,-371
107900308,220,97,123
107900309,50,0,50
107900310,18,0,18
107900311,261,89,172
107900312,12,0,12
107900313,0,76,-76
107900314,0,63,-63
107900315,0,67,-67
107900316,59,0,59
107900317,71,4,67
107900318,9,189,-180
107900319,2,321,-319
107900320,1,243,-242
107900321,75,1,74
107900322,10,265,-255
107900323,11,199,-188
107900324,111,1,110
107900325,69,0,69
107900326,168,583,-415
107900327,0,1,-1
107900328,8,0,8
107900329,1,0,1
107900330,7,833,-826
107900331,100,21,79
107900332,159,53,106
107900333,42,13,29
107900334,7,458,-451
107900335,54,84,-30
107900336,18,49,-31
107900337,2008,582,1426
107900338,4,139,-135
107900339,0,25,-25
107900340,0,86,-86
107900341,29,0,29
107900342,174,131,43
107900343,36,2,34
107900344,3,201,-198
107900345,71,26,45
107900346,42,1,41
107900347,32,1,31
107900348,2,4,-2
107900349,41,13,28
107900350,34,308,-274
107900351,6,420,-414
107900352,0,76,-76
107900353,2,18,-16
107900354,6,86,-80
108000001,2229,3942,-1713
108000002,2642,4377,-1735
108000003,2938,2300,638
108000004,20461,20767,-306
108000005,5677,3870,1807
108000006,7630,8342,-712
108000007,4155,3690,465
108000008,6228,7368,-1140
108000009,3184,3534,-350
108000010,3595,6329,-2734
108000011,9997,10469,-472
108000012,21268,20513,755
108000014,649,598,51
108000015,449,384,65
108000016,186,771,-585
108000017,685,400,285
108000018,1243,543,700
108000019,1208,718,490
108000020,1110,523,587
108000021,472,2057,-1585
108000022,632,2083,-1451
108000023,998,210,788
108000024,154,945,-791
108000025,212,219,-7
108000026,370,783,-413
108000027,537,459,78
108000028,249,354,-105
108000029,366,568,-202
108000030,365,281,84
108000031,212,607,-395
108000032,897,606,291
108000033,656,1896,-1240
108000034,1171,429,742
108000035,1216,3463,-2247
108000036,359,2069,-1710
108000037,1661,399,1262
108000038,1977,477,1500
108000039,570,4092,-3522
108000040,1497,826,671
108000041,695,3986,-3291
108000042,142,260,-118
108000043,162,306,-144
108000044,345,184,161
108000045,250,819,-569
108000046,983,312,671
108000047,386,1528,-1142
108000048,126,497,-371
108000049,475,235,240
108000050,114,610,-496
108000051,227,104,123
108000052,367,894,-527
108000053,295,135,160
108000054,723,1451,-728
108000055,1186,409,777
108000056,903,1398,-495
108000057,561,898,-337
108000058,2261,2959,-698
108000059,4754,2889,1865
108000060,144,416,-272
108000061,179,368,-189
108000062,644,513,131
108000063,352,826,-474
108000064,166,290,-124
108000065,588,798,-210
108000066,2095,931,1164
108000067,1555,606,949
108000068,553,296,257
108000069,261,1372,-1111
108000070,1455,746,709
108000071,756,2171,-1415
108000072,1240,985,255
108000073,1799,2584,-785
108000074,270,378,-108
108000075,414,1055,-641
108000076,827,560,267
108000077,897,850,47
108000078,1525,1913,-388
108000079,1122,2411,-1289
108000080,647,711,-64
108000081,410,3647,-3237
108000082,1189,2721,-1532
108000083,1803,968,835
108000084,429,1952,-1523
108000085,515,402,113
108000086,948,1304,-356
108000087,160,1603,-1443
108000088,163,9,154
108000089,259,319,-60
108000090,288,167,121
108000091,86,944,-858
108000092,48,121,-73
108000093,124,1272,-1148
108000094,733,176,557
108000095,236,825,-589
108000096,153,210,-57
108000097,141,1086,-945
108000098,952,1692,-740
108000099,122,98,24
108000100,15,207,-192
108000101,686,1330,-644
108000102,1407,2378,-971
108000106,752,0,752
108000107,1,1032,-1031
108000108,437,42,395
108000109,6,1084,-1078
108000110,178,282,-104
108000111,184,1135,-951
108000112,35,131,-96
108000113,624,440,184
108000115,496,713,-217
108000117,806,480,326
108000118,175,179,-4
108000119,831,615,216
108000120,75,845,-770
108000121,197,881,-684
108000122,276,422,-146
108000123,375,392,-17
108000124,220,795,-575
108000125,196,454,-258
108000126,118,849,-731
108000127,311,470,-159
108000128,499,976,-477
108000129,187,1767,-1580
108000130,186,287,-101
108000131,638,361,277
108000132,2119,1929,190
108000133,670,569,101
108000134,736,795,-59
108000135,968,319,649
108000136,1229,1352,-123
108000137,294,555,-261
108000138,337,1416,-1079
108000139,214,451,-237
108000140,55,19,36
108000141,14,274,-260
108000142,64,257,-193
108000143,22,48,-26
108000144,16,8,8
108000145,33,97,-64
108000146,28,12,16
108000147,16,97,-81
108000148,21,7,14
108000149,45,56,-11
108000150,26,2,24
108000151,34,24,10
108000152,117,1038,-921
108000153,280,146,134
108000154,66,33,33
108000155,23,7,16
108000156,314,127,187
108000157,168,655,-487
108000158,91,646,-555
108000159,1016,217,799
108000160,7809,1006,6803
108000161,7037,1627,5410
108000165,8,157,-149
108000172,4,262,-258
108000173,3541,1610,1931
108000175,354,116,238
108000178,420,417,3
108000179,255,617,-362
108000181,83,66,17
108000182,185,24,161
108000183,22,24,-2
108000184,1780,1813,-33
108000185,151,800,-649
108000186,37,110,-73
108000187,62,1172,-1110
108000188,298,280,18
108000189,727,933,-206
108000190,28,122,-94
108000192,143,888,-745
108000193,1105,82,1023
108000194,18,26,-8
108000195,9,1862,-1853
108000196,125,127,-2
108000198,498,380,118
108000199,0,113,-113
108000200,229,1030,-801
108000203,96,1298,-1202
108000204,81,37,44
108000205,445,823,-378
108000339,1599,356,1243
108000364,173,281,-108
108000365,66,467,-401
108000367,236,548,-312
108000368,8,59,-51
108000369,2456,122,2334
108000371,2,842,-840
108000372,413,3,410
108000373,98,210,-112
108000376,36,37,-1
108000377,313,523,-210
108000378,8636,10011,-1375
108000379,15,191,-176
108000381,56,13,43
108000382,133,3,130
108000383,0,146,-146
108900001,182,1536,-1354
108900002,262,87,175
108900003,425,1634,-1209
108900004,83,217,-134
108900005,59,198,-139
108900006,627,183,444
108900007,112,171,-59
108900008,38,148,-110
108900009,38,107,-69
108900010,89,175,-86
108900011,356,531,-175
108900012,277,644,-367
108900013,127,311,-184
108900014,12,118,-106
108900015,0,15,-15
108900016,2,274,-272
108900017,118,230,-112
108900018,110,800,-690
108900019,30,1862,-1832
108900020,42,448,-406
108900021,80,430,-350
108900022,66,4,62
108900023,13,19,-6
108900024,24,187,-163
108900025,59,198,-139
108900026,14,125,-111
108900027,0,129,-129
108900028,64,641,-577
108900029,47,237,-190
108900030,0,127,-127
108900031,73,852,-779
108900032,8,400,-392
108900033,1,105,-104
108900034,0,428,-428
108900035,283,2167,-1884
108900036,198,555,-357
108900037,55,719,-664
108900038,3,534,-531
108900039,1,822,-821
108900040,2,199,-197
108900041,6995,2818,4177
108900042,8,340,-332
108900043,28,686,-658
108900044,2,1091,-1089
108900045,27,1071,-1044
108900046,60,1821,-1761
108900047,2,110,-108
108900048,106,1592,-1486
108900049,8474,1065,7409
108900050,5,356,-351
108900051,3,309,-306
108900052,19,415,-396
108900053,96,162,-66
108900054,52,322,-270
108900055,76,672,-596
108900056,0,223,-223
108900057,0,273,-273
108900058,15,633,-618
108900059,312,28,284
108900060,73,193,-120
108900061,48,35,13
108900062,5,507,-502
108900063,9,597,-588
108900064,108,70,38
108900065,11,507,-496
108900066,202,153,49
108900067,14,299,-285
108900068,7,381,-374
108900069,40,178,-138
108900070,21,243,-222
108900071,55,82,-27
108900072,3581,309,3272
108900073,50,880,-830
108900074,93,718,-625
108900075,49,76,-27
108900076,239,128,111
108900077,167,928,-761
108900078,15,276,-261
108900079,1137,378,759
108900080,28,549,-521
108900081,66,338,-272
108900082,48,143,-95
108900083,17,243,-226
108900084,356,224,132
108900085,3629,196,3433
108900086,72,502,-430
108900087,137,314,-177
108900088,817,310,507
108900089,18,101,-83
108900090,28,624,-596
108900091,129,140,-11
108900092,339,256,83
108900093,81,72,9
108900094,210,124,86
108900095,72,1040,-968
108900096,582,50,532
108900097,408,278,130
108900098,4322,512,3810
108900099,286,419,-133
108900100,46,238,-192
108900101,200,112,88
108900102,148,823,-675
108900103,70,94,-24
108900104,201,599,-398
108900105,7,951,-944
108900106,267,808,-541
108900108,240,39,201
108900109,207,45,162
108900110,159,766,-607
108900111,264,1084,-820
108900112,115,19,96
108900113,74,39,35
108900114,74,14,60
108900115,76,83,-7
108900116,46,8,38
108900117,95,26,69
108900118,430,4,426
108900119,157,34,123
108900120,193,198,-5
108900121,313,72,241
108900122,59,43,16
108900123,78,70,8
108900124,320,180,140
108900125,260,5,255
108900126,106,11,95
108900127,108,30,78
108900128,84,22,62
108900129,658,117,541
108900130,181,1,180
108900131,245,2,243
108900132,303,63,240
108900133,132,43,89
108900134,189,305,-116
108900135,115,4,111
108900136,3,0,3
108900137,72,1,71
108900138,401,25,376
108900139,227,69,158
108900140,191,289,-98
108900141,200,10,190
108900142,44,0,44
108900143,19,0,19
108900144,48,1,47
108900145,120,7,113
108900146,40,0,40
108900147,124,0,124
108900148,45,38,7
108900149,575,703,-128
108900150,204,16,188
108900151,24,2,22
108900152,40,3,37
108900153,63,710,-647
108900154,3455,498,2957
108900155,183,81,102
108900156,65,2,63
108900157,14,929,-915
108900158,275,27,248
108900159,2,498,-496
108900160,6,378,-372
108900161,9,651,-642
108900162,65,1,64
108900163,9,269,-260
108900164,81,103,-22
108900165,208,104,104
108900167,2577,3396,-819
108900168,13524,2295,11229
108900169,39,209,-170
108900171,12032,2400,9632
108900172,244,58,186
108900173,219,526,-307
108900174,494,503,-9
108900176,236,1190,-954
108900177,12344,3014,9330
108900178,7311,2931,4380
108900179,425,1041,-616
108900180,108,202,-94
108900182,24,257,-233
108900183,238,291,-53
108900184,398,209,189
108900185,41,378,-337
108900186,33,423,-390
108900187,188,74,114
108900188,314,43,271
108900189,202,166,36
108900190,59,5391,-5332
108900191,195,40,155
108900192,60,336,-276
108900193,213,52,161
108900194,25,510,-485
108900195,67,588,-521
108900196,28,959,-931
108900198,4,984,-980
108900199,169,349,-180
108900200,479,334,145
108900201,411,1549,-1138
108900203,484,35,449
108900204,474,6,468
108900205,212,12,200
108900206,309,43,266
108900207,150,83,67
108900208,17,534,-517
108900209,262,801,-539
108900210,148,346,-198
108900211,110,391,-281
108900212,997,963,34
108900215,140,1025,-885
108900216,441,120,321
108900217,51,0,51
108900218,127,8,119
108900219,66,4,62
108900220,20,12,8
108900221,44,110,-66
108900222,162,8,154
108900223,21,90,-69
108900224,28,147,-119
108900225,1,178,-177
108900226,11,1,10
108900227,146,177,-31
108900230,805,447,358
108900231,86,400,-314
108900232,5,649,-644
108900233,279,66,213
108900234,269,93,176
108900235,300,839,-539
108900236,40,448,-408
108900237,51,437,-386
108900240,59,77,-18
108900241,24,52,-28
108900245,7,915,-908
108900249,64,20,44
108900250,139,122,17
108900257,132,833,-701
108900258,17,384,-367
108900259,38,127,-89
108900260,2,189,-187
108900261,212,199,13
108900262,273,135,138
108900263,40,415,-375
108900264,529,403,126
108900265,1989,349,1640
108900266,1989,467,1522
108900267,6,105,-99
108900268,4,11,-7
108900269,33,9,24
108900270,57,8,49
108900271,29,2,27
108900272,143,3,140
108900273,1173,572,601
108900274,24,95,-71
109000001,4823,1389,3434
109000002,4248,1651,2597
109000003,2056,879,1177
109000004,577,3551,-2974
109000005,1991,1254,737
109000006,764,3091,-2327
109000007,1312,954,358
109000008,551,2561,-2010
109000009,3185,1576,1609
109000010,1506,6214,-4708
109000011,2303,1974,329
109000012,1742,5815,-4073
109000013,2736,2500,236
109000014,1382,5497,-4115
109000015,3160,5192,-2032
109000016,16247,5713,10534
109000017,2013,1348,665
109000018,1023,4468,-3445
109000019,2741,1488,1253
109000020,1547,3144,-1597
109000023,156,24,132
109000024,8,165,-157
109000025,405,455,-50
109000026,922,389,533
109000027,106,440,-334
109000028,167,133,34
109000029,114,174,-60
109000030,77,721,-644
109000031,123,99,24
109000032,126,724,-598
109000033,297,94,203
109000034,59,82,-23
109000035,16,59,-43
109000036,74,509,-435
109000037,157,881,-724
109000038,489,570,-81
109000039,730,495,235
109000040,8663,4611,4052
109000041,7906,1291,6615
109000042,1416,1422,-6
109000044,227,84,143
109000045,87,645,-558
109000046,308,96,212
109000047,45,598,-553
109000048,658,162,496
109000049,271,713,-442
109000050,290,234,56
109000051,398,422,-24
109000052,450,2976,-2526
109000053,139,59,80
109000054,132,1271,-1139
109000055,171,190,-19
109000056,242,919,-677
109000057,355,227,128
109000058,829,305,524
109000059,586,727,-141
109000060,590,245,345
109000061,1895,709,1186
109000062,146,245,-99
109000063,215,298,-83
109000064,111,312,-201
109000065,88,469,-381
109000066,229,197,32
109000067,19,527,-508
109000068,706,10,696
109000069,584,29,555
109000070,4,1051,-1047
109000071,377,99,278
109000072,51,441,-390
109000073,33,125,-92
109000074,31,296,-265
109000075,80,517,-437
109000076,82,196,-114
109000077,442,321,121
109000078,68,138,-70
109000079,139,332,-193
109000080,115,144,-29
109000081,76,762,-686
109000082,481,340,141
109000083,297,1162,-865
109000088,147,904,-757
109000089,208,64,144
109000090,200,896,-696
109000091,209,129,80
109000092,460,1072,-612
109000093,172,150,22
109000094,288,2,286
109000095,135,1015,-880
109000096,472,279,193
109000097,87,195,-108
109000098,49,104,-55
109000099,680,684,-4
109000100,281,705,-424
109000101,789,1361,-572
109000102,212,936,-724
109000103,311,690,-379
109000104,918,909,9
109000105,432,2003,-1571
109000106,1383,927,456
109000107,543,3029,-2486
109000108,1287,609,678
109000109,449,2833,-2384
109000110,1325,529,796
109000111,1094,3342,-2248
109000112,292,216,76
109000113,265,216,49
109000114,169,514,-345
109000115,1365,63,1302
109000116,6,236,-230
109000117,112,142,-30
109000118,6,359,-353
109000119,585,743,-158
109000120,103,1612,-1509
109000121,242,101,141
109000122,107,1675,-1568
109000123,24,113,-89
109000124,435,358,77
109000125,489,407,82
109000126,311,1353,-1042
109000127,495,186,309
109000128,447,3670,-3223
109000129,1447,708,739
109000130,676,3754,-3078
109000131,571,370,201
109000132,662,3014,-2352
109000133,406,1259,-853
109000134,931,1701,-770
109000135,1052,1559,-507
109000136,303,577,-274
109000137,243,350,-107
109000138,381,611,-230
109000139,435,522,-87
109000140,97,753,-656
109000141,266,502,-236
109000142,93,815,-722
109000143,107,91,16
109000145,33,173,-140
109000146,55,99,-44
109000148,5812,1229,4583
109000149,25,32,-7
109000150,85,213,-128
109000155,494,659,-165
109000156,1828,1245,583
109000158,41,251,-210
109000159,64,1015,-951
109000160,596,287,309
109000161,297,2139,-1842
109000162,1444,1197,247
109000163,773,2579,-1806
109000164,939,3685,-2746
109000165,1055,707,348
109000166,565,178,387
109000167,92,1346,-1254
109000170,46,55,-9
109000171,31,45,-14
109000172,42,58,-16
109000173,27,61,-34
109000174,69,86,-17
109000175,28,149,-121
109000176,222,338,-116
109000177,21,252,-231
109000178,491,823,-332
109000179,11850,3325,8525
109000180,6249,2975,3274
109000181,7,80,-73
109000182,20,71,-51
109000183,27,65,-38
109000184,39,21,18
109000185,31,87,-56
109000188,325,4472,-4147
109000189,1490,1076,414
109000190,478,596,-118
109000191,162,864,-702
109000192,343,275,68
109000193,157,701,-544
109000194,157,156,1
109000195,115,736,-621
109000196,251,125,126
109000197,145,842,-697
109000198,221,74,147
109000199,96,810,-714
109000206,305,29,276
109000207,104,36,68
109000208,92,69,23
109000209,164,117,47
109000210,196,898,-702
109000211,361,443,-82
109000214,257,893,-636
109000215,82,79,3
109000216,304,164,140
109000217,141,94,47
109000218,131,197,-66
109000221,400,1734,-1334
109000222,787,232,555
109000223,199,308,-109
109000224,29,459,-430
109000225,58,66,-8
109000226,53,479,-426
109000227,669,2295,-1626
109000228,2,396,-394
109000231,4,812,-808
109000232,213,624,-411
109000236,262,1072,-810
109000241,1886,3106,-1220
109000242,1567,1911,-344
109000293,8,41,-33
109000361,92,403,-311
109000364,210,947,-737
109000396,4,1240,-1236
109000397,344,8,336
109000399,136,953,-817
109000400,46,366,-320
109000403,42,394,-352
109000406,289,20,269
109000407,246,299,-53
109000408,4,1136,-1132
109000410,591,202,389
109000411,113,59,54
109900001,65,0,65
109900002,519,15,504
109900003,175,0,175
109900004,492,322,170
109900005,18,3,15
109900006,261,484,-223
109900007,497,1362,-865
109900008,1,42,-41
109900009,127,1054,-927
109900010,350,11,339
109900011,49,37,12
109900012,148,183,-35
109900013,293,131,162
109900014,285,60,225
109900015,406,147,259
109900016,88,69,19
109900017,89,143,-54
109900018,128,249,-121
109900019,88,140,-52
109900020,28,17,11
109900021,16,9,7
109900022,85,531,-446
109900023,19,2,17
109900024,26,4,22
109900025,10,141,-131
109900026,3,312,-309
109900027,27,10,17
109900028,4153,600,3553
109900029,12,1002,-990
109900030,36,3,33
109900031,0,62,-62
109900032,7,367,-360
109900033,2,807,-805
109900034,12,1,11
109900035,7,23,-16
109900036,11,100,-89
109900037,52,818,-766
109900038,47,311,-264
109900039,6,0,6
109900040,17,928,-911
109900041,48,753,-705
109900042,19,643,-624
109900044,68,376,-308
109900045,49,60,-11
109900046,25,87,-62
109900047,374,495,-121
109900048,45,145,-100
109900049,1,35,-34
109900050,1,534,-533
109900051,0,68,-68
109900052,99,391,-292
109900053,5,827,-822
109900054,422,237,185
109900055,38,381,-343
109900056,31,118,-87
109900057,7,371,-364
109900058,1,211,-210
109900059,394,114,280
109900060,440,188,252
109900061,111,414,-303
109900062,0,496,-496
109900063,5,396,-391
109900064,369,436,-67
109900065,214,153,61
109900066,326,1533,-1207
109900067,0,679,-679
109900068,41,0,41
109900069,8,37,-29
109900070,33,389,-356
109900071,9,47,-38
109900072,30,183,-153
109900073,310,1317,-1007
109900074,6,56,-50
109900075,7,39,-32
109900076,18,481,-463
109900077,13,47,-34
109900078,125,520,-395
109900080,133,514,-381
109900081,11,133,-122
109900082,38,732,-694
109900083,15,70,-55
109900084,73,280,-207
109900085,230,1896,-1666
109900086,116,197,-81
109900087,275,574,-299
109900089,450,114,336
109900090,428,2159,-1731
109900091,169,92,77
109900092,213,3,210
109900093,450,149,301
109900094,55,113,-58
109900095,89,389,-300
109900096,24,5,19
109900097,82,1,81
109900098,246,37,209
109900099,115,0,115
109900100,29,0,29
109900101,203,10,193
109900102,367,24,343
109900103,23,70,-47
109900104,348,1952,-1604
109900105,515,48,467
109900106,207,79,128
109900107,202,117,85
109900108,78,616,-538
109900109,29,284,-255
109900110,66,849,-783
109900111,386,2308,-1922
109900112,476,1575,-1099
109900113,443,429,14
109900114,883,441,442
109900115,90,89,1
109900117,666,167,499
109900118,260,604,-344
109900119,518,413,105
109900120,33,11,22
109900121,364,278,86
109900122,214,4,210
109900123,14,260,-246
109900124,69,1211,-1142
109900125,0,397,-397
109900126,175,261,-86
109900128,178,80,98
109900130,19210,1715,17495
109900131,88,214,-126
109900132,32,245,-213
109900133,59,558,-499
109900134,46,52,-6
109900135,539,62,477
109900136,33,145,-112
109900137,53,684,-631
109900140,130,651,-521
109900142,771,258,513
109900145,2,145,-143
109900146,324,38,286
109900148,36,99,-63
109900149,49,69,-20
109900150,3,64,-61
109900151,2,63,-61
109900152,0,23,-23
109900153,0,53,-53
109900154,18,0,18
109900155,21,9,12
109900157,79,499,-420
109900158,48,155,-107
109900159,109,47,62
109900160,90,41,49
109900161,193,75,118
109900162,131,96,35
109900163,688,621,67
109900164,48,202,-154
109900165,197,5,192
109900166,1,249,-248
109900167,111,866,-755
109900168,133,682,-549
109900169,92,168,-76
109900170,304,620,-316
109900171,108,113,-5
109900172,117,198,-81
109900173,6064,1849,4215
109900174,42,172,-130
109900175,33,66,-33
109900176,84,366,-282
109900177,22,539,-517
109900178,3,120,-117
109900179,4,48,-44
109900180,9,6,3
110000001,797,669,128
110000002,744,537,207
110000003,1015,722,293
110000004,536,510,26
110000005,729,1216,-487
110000006,856,424,432
110000007,135,223,-88
110000008,8,43,-35
110000009,41,85,-44
110000010,29,46,-17
110000011,43,228,-185
110000012,1011,773,238
110000013,49,434,-385
110000014,720,401,319
110000015,303,472,-169
110000016,289,930,-641
110000017,5064,287,4777
110000018,5246,556,4690
110000019,10,261,-251
110000020,973,312,661
110000021,393,384,9
110000022,614,220,394
110000023,5,346,-341
110000024,546,556,-10
110000025,196,2,194
110000026,7,1147,-1140
110000027,590,495,95
110000028,670,778,-108
110000029,517,1486,-969
110000030,196,284,-88
110000031,255,1014,-759
110000032,654,413,241
110000033,174,105,69
110000034,216,624,-408
110000035,460,1442,-982
110000036,513,619,-106
110000037,163,1030,-867
110000038,171,505,-334
110000039,550,1562,-1012
110000040,254,540,-286
110000041,197,860,-663
110000042,50,353,-303
110000043,398,201,197
110000044,59,67,-8
110000045,265,77,188
110000046,6,4,2
110000047,7,12,-5
110000048,3,10,-7
110000049,31,9,22
110000050,6,18,-12
110000051,12,5,7
110000052,23,38,-15
110000053,180,4,176
110000054,121,281,-160
110000055,246,33,213
110000056,148,37,111
110000057,298,1269,-971
110000058,824,800,24
110000059,643,536,107
110000060,467,850,-383
110000061,821,1044,-223
110000062,744,845,-101
110000063,34,81,-47
110000064,52,183,-131
110000065,54,82,-28
110000066,73,34,39
110000067,69,627,-558
110000068,164,1062,-898
110000069,107,100,7
110000071,41,133,-92
110000073,7,13,-6
110000075,10,104,-94
110000076,281,274,7
110000077,645,664,-19
110000078,21,38,-17
110000080,283,801,-518
110000081,17,323,-306
110000082,30,355,-325
110000083,243,632,-389
110000084,721,678,43
110000085,2750,1628,1122
110000086,1204,1566,-362
110000087,7,86,-79
110000088,33,277,-244
110000089,165,206,-41
110000090,50,452,-402
110000091,2901,323,2578
110000092,14,172,-158
110000093,40,8,32
110000094,617,270,347
110000095,81,701,-620
110000096,5760,1828,3932
110000097,961,1095,-134
110000098,1741,624,1117
110000099,914,1935,-1021
110000100,486,1402,-916
110000101,25,867,-842
110000102,43,20,23
110000104,132,69,63
110000105,50,328,-278
110000106,409,249,160
110000107,496,474,22
110000108,170,42,128
110000109,273,376,-103
110000110,5217,4758,459
110000111,10245,2409,7836
110000112,1620,633,987
110000113,890,1626,-736
110000114,111,494,-383
110000115,186,312,-126
110000116,21,76,-55
110000117,97,918,-821
110000118,269,406,-137
110000119,175,654,-479
110000120,233,290,-57
110000121,43,341,-298
110000122,289,685,-396
110000123,393,524,-131
110000124,1,852,-851
110000125,626,4,622
110000126,222,20,202
110000127,651,32,619
110000128,36,2041,-2005
110000129,4,670,-666
110000130,141,142,-1
110000131,117,451,-334
110000132,1,718,-717
110000133,50,356,-306
110000134,23,392,-369
110000135,192,31,161
110000136,64,366,-302
110000137,432,917,-485
110000138,524,1220,-696
110000139,642,2448,-1806
110000140,1076,517,559
110000143,782,387,395
110000144,4314,1387,2927
110000145,1211,964,247
110000146,1752,1208,544
110000147,284,821,-537
110000148,273,491,-218
110000151,700,434,266
110000152,660,360,300
110000153,100,72,28
110000154,58,30,28
110000155,2913,3097,-184
110000156,724,1817,-1093
110000157,1240,1785,-545
110000160,212,558,-346
110000161,82,807,-725
110000166,301,168,133
110000167,580,505,75
110000168,721,350,371
110000169,629,339,290
110000170,97,151,-54
110000171,649,262,387
110000172,162,1141,-979
110000173,1650,1469,181
110000174,78,2028,-1950
110000175,312,100,212
110000176,32,257,-225
110000177,189,737,-548
110000178,573,854,-281
110000179,2220,567,1653
110000180,139,516,-377
110000181,203,572,-369
110000182,443,514,-71
110000183,16793,5314,11479
110000184,1613,1777,-164
110000185,743,812,-69
110000186,720,759,-39
110000191,468,482,-14
110000192,259,2,257
110000193,505,3,502
110000194,23,1866,-1843
110000195,326,508,-182
110000196,228,822,-594
110000197,60,304,-244
110000198,85,128,-43
110000199,55,140,-85
110000200,1466,605,861
110000201,513,784,-271
110000202,1280,551,729
110000203,789,1118,-329
110000204,6,503,-497
110000205,112,66,46
110000206,776,2472,-1696
110000207,565,410,155
110000208,93,132,-39
110000209,153,1368,-1215
110000210,600,887,-287
110000211,422,1018,-596
110000212,430,902,-472
110000213,109,39,70
110000214,110,89,21
110000215,95,1001,-906
110000216,55,1028,-973
110000217,172,354,-182
110000218,103,823,-720
110000219,199,69,130
110000220,36,660,-624
110000221,185,103,82
110000222,23,432,-409
110000223,1,85,-84
110000224,35,17,18
110000225,195,650,-455
110000226,166,43,123
110000227,740,492,248
110000228,374,249,125
110000229,2,341,-339
110000230,413,826,-413
110000231,155,183,-28
110000232,124,204,-80
110000233,155,457,-302
110000234,441,433,8
110000235,1926,1026,900
110000236,306,1293,-987
110000237,1222,1219,3
110000238,931,1658,-727
110000239,1185,1480,-295
110000240,1,144,-143
110000242,0,14,-14
110000243,74,277,-203
110000244,119,675,-556
110000245,34,793,-759
110000246,537,1001,-464
110000247,1436,6158,-4722
110000248,2256,2174,82
110000249,79,5,74
110000250,6,345,-339
110000251,175,737,-562
110000252,134,338,-204
110000253,977,576,401
110000254,553,2161,-1608
110000255,155,1725,-1570
110000256,374,241,133
110000257,574,489,85
110000258,2,837,-835
110000259,71,27,44
110000260,15,708,-693
110000263,510,156,354
110000264,157,1041,-884
110000265,834,1383,-549
110000266,1672,2069,-397
110000267,18,269,-251
110000268,304,795,-491
110000269,11,104,-93
110000270,51,3,48
110000271,3045,357,2688
110000272,844,1018,-174
110000273,2528,1318,1210
110000274,224,889,-665
110000275,4721,562,4159
110000276,126,235,-109
110000277,179,722,-543
110000278,243,1262,-1019
110000279,568,793,-225
110000280,190,477,-287
110000281,17,207,-190
110000282,240,61,179
110000283,26,83,-57
110000284,33,53,-20
110000285,3,270,-267
110000286,17,2,15
110000287,49,1,48
110000288,3,127,-124
110000289,579,1451,-872
110000290,1638,647,991
110000291,9686,1512,8174
110000292,1273,3590,-2317
110000293,384,1353,-969
110000294,597,842,-245
110000295,82,1514,-1432
110000296,205,425,-220
110000297,2818,354,2464
110000298,380,784,-404
110000299,464,32,432
110000301,177,10,167
110000302,238,2136,-1898
110000303,208,8,200
110000304,127,398,-271
110000305,648,34,614
110000306,81,2994,-2913
110000307,892,15,877
110000308,300,17,283
110000309,10,2024,-2014
110000310,444,95,349
110000311,25,1246,-1221
110000312,398,51,347
110000313,2946,2834,112
110000314,2,421,-419
110000315,3987,1816,2171
110000316,898,1137,-239
110000317,388,267,121
110000318,0,169,-169
110000319,3,20,-17
110000320,29,70,-41
110000321,12,67,-55
110000322,188,729,-541
110000323,256,256,0
110000324,7774,1315,6459
110000325,2394,1893,501
110000327,423,315,108
110000328,169,662,-493
110000333,542,483,59
110000334,641,1974,-1333
110000335,623,589,34
110000336,459,1709,-1250
110000337,876,643,233
110000338,200,295,-95
110000339,183,341,-158
110000340,14,296,-282
110000341,267,760,-493
110000342,425,3,422
110000343,0,9,-9
110000344,27,270,-243
110000345,66,63,3
110000346,2508,1282,1226
110000347,929,646,283
110000348,19,35,-16
110000349,8,21,-13
110000350,50,2,48
110000351,532,1058,-526
110000352,390,1660,-1270
110000353,4476,693,3783
110000354,1261,1887,-626
110000355,57,81,-24
110000356,1088,20,1068
110000357,265,19,246
110000361,17,120,-103
110000362,37,344,-307
110000363,186,135,51
110000364,114,639,-525
110000365,147,3,144
110000366,5,140,-135
110000367,223,385,-162
110000368,1,89,-88
110000369,37,1,36
110000373,1,418,-417
110000374,55,11,44
110000375,216,1045,-829
110000376,24,144,-120
110000377,61,349,-288
110000378,29,348,-319
110000379,5662,1228,4434
110000380,34,14,20
110000383,7,1005,-998
110000384,1517,830,687
110000385,1,249,-248
110000387,40,8,32
110000388,41,318,-277
110000389,514,2,512
110000391,286,466,-180
110000396,96,144,-48
110000397,62,407,-345
110000398,4,28,-24
110000399,161,1,160
110000587,74,50,24
110000589,109,168,-59
110000640,126,150,-24
110000652,94,144,-50
110000653,180,610,-430
110000654,8,39,-31
110000656,0,848,-848
110000674,11,20,-9
110000675,13,6,7
110000676,6,56,-50
110000679,424,825,-401
110000682,90,135,-45
110000683,304,626,-322
110000684,2,91,-89
110000685,20,19,1
110000686,3,46,-43
110000687,10,4,6
110000688,60,587,-527
110000689,39,48,-9
110000692,95,386,-291
110000693,130,264,-134
110000694,1,115,-114
110000695,121,1021,-900
110000696,198,210,-12
110900001,157,24,133
110900002,119,303,-184
110900003,336,1421,-1085
110900004,256,308,-52
110900005,7089,1684,5405
110900006,77,14,63
110900007,102,11,91
110900008,12,97,-85
110900009,332,42,290
110900010,3,122,-119
110900011,15,185,-170
110900012,13,156,-143
110900013,682,256,426
110900014,128,13,115
110900015,1369,500,869
110900016,11,272,-261
110900017,214,72,142
110900018,361,46,315
110900019,88,35,53
110900020,71,805,-734
110900021,112,905,-793
110900022,80,621,-541
110900023,103,807,-704
110900024,33,705,-672
110900025,3,48,-45
110900027,44,425,-381
110900028,25,288,-263
110900029,25,682,-657
110900030,19,686,-667
110900031,1,180,-179
110900032,1,155,-154
110900033,23,444,-421
110900035,29,704,-675
110900036,147,25,122
110900037,88,34,54
110900038,2286,351,1935
110900039,15,324,-309
110900040,240,44,196
110900041,15,245,-230
110900042,88,110,-22
110900043,1,212,-211
110900044,367,48,319
110900045,37,913,-876
110900046,204,392,-188
110900047,1224,146,1078
110900049,46,40,6
110900050,13,4,9
110900051,43,270,-227
110900052,6,272,-266
110900053,76,89,-13
110900054,16,408,-392
110900055,40,1,39
110900056,46,139,-93
110900057,5,330,-325
110900058,120,432,-312
110900059,782,1398,-616
110900060,472,84,388
110900061,26,52,-26
110900062,100,462,-362
110900063,26,99,-73
110900064,4,0,4
110900065,452,146,306
110900066,24,110,-86
110900067,909,622,287
110900068,292,367,-75
110900069,2,42,-40
110900070,169,55,114
110900071,390,360,30
110900073,0,37,-37
110900074,296,121,175
110900075,288,92,196
110900077,455,541,-86
110900078,25,207,-182
110900079,2080,744,1336
110900080,78,67,11
110900081,2,175,-173
110900082,91,408,-317
110900083,77,30,47
110900084,44,404,-360
110900085,41,641,-600
110900086,30,228,-198
110900087,188,62,126
110900088,20,0,20
110900090,56,30,26
110900091,2,106,-104
110900093,285,96,189
110900095,35,68,-33
110900097,5,10,-5
110900098,28,211,-183
110900099,63,920,-857
110900100,1,23,-22
110900102,42,23,19
110900105,903,608,295
110900108,6,183,-177
110900111,347,70,277
110900112,584,4,580
110900113,661,40,621
110900115,5,167,-162
110900116,349,4180,-3831
110900118,152,1951,-1799
110900119,7558,381,7177
110900120,11,228,-217
110900121,83,1,82
110900122,237,169,68
110900125,281,298,-17
110900127,392,825,-433
110900128,150,225,-75
110900129,360,457,-97
110900130,1537,483,1054
110900131,157,72,85
110900132,237,32,205
110900133,61,424,-363
110900135,71,881,-810
110900136,237,9,228
110900137,41,0,41
110900138,471,248,223
110900139,10,26,-16
110900140,24,2,22
110900141,18,105,-87
110900142,73,317,-244
110900143,90,79,11
110900144,3,982,-979
110900145,86,28,58
110900146,329,76,253
110900147,352,337,15
110900148,4,429,-425
110900149,3,96,-93
110900150,21,25,-4
110900151,2,132,-130
110900152,14,658,-644
110900153,65,49,16
111000001,350,450,-100
111000002,575,916,-341
111000003,837,784,53
111000004,619,1406,-787
111000005,1126,962,164
111000006,1105,1554,-449
111000007,6472,2605,3867
111000008,4955,4049,906
111000009,370,1223,-853
111000010,574,251,323
111000011,330,1133,-803
111000012,448,351,97
111000013,291,1413,-1122
111000014,722,598,124
111000017,122,668,-546
111000018,211,384,-173
111000020,3765,2652,1113
111000021,113,179,-66
111000023,100,208,-108
111000025,10227,2702,7525
111000029,58,106,-48
111000030,36,107,-71
111000031,2140,805,1335
111000032,560,248,312
111000033,352,171,181
111000034,399,179,220
111000037,4991,1519,3472
111000038,3499,3413,86
111000039,1353,3483,-2130
111000040,1645,3729,-2084
111000041,1649,2376,-727
111000042,8917,3297,5620
111000043,2460,1673,787
111000044,1137,920,217
111000045,1422,2358,-936
111000046,928,1616,-688
111000047,1640,2388,-748
111000049,297,702,-405
111000050,2517,2361,156
111000051,443,1468,-1025
111000052,539,1680,-1141
111000053,415,1556,-1141
111000054,214,1714,-1500
111000055,1466,2842,-1376
111000056,80,1062,-982
111000057,69,1306,-1237
111000058,187,133,54
111000059,215,318,-103
111000060,2390,685,1705
111000061,339,363,-24
111000062,669,250,419
111000063,1427,906,521
111000064,374,583,-209
111000065,923,798,125
111000066,279,298,-19
111000067,491,784,-293
111000068,276,881,-605
111000069,1642,2089,-447
111000070,3345,1328,2017
111000071,282,1242,-960
111000072,650,428,222
111000073,262,629,-367
111000074,1363,1667,-304
111000075,700,1152,-452
111000076,400,1179,-779
111000077,1238,1632,-394
111000078,2026,1376,650
111000079,1284,856,428
111000080,397,784,-387
111000081,2718,3356,-638
111000082,496,758,-262
111000084,544,680,-136
111000085,912,1940,-1028
111000086,5240,1515,3725
111000087,792,927,-135
111000088,9703,2139,7564
111000089,675,989,-314
111000090,1273,1543,-270
111000091,534,843,-309
111000092,1002,1291,-289
111000093,389,784,-395
111000094,1671,913,758
111000095,805,2148,-1343
111000096,3079,7160,-4081
111000097,8773,1112,7661
111000098,744,1978,-1234
111000099,431,3336,-2905
111000100,337,3277,-2940
111000101,364,1197,-833
111000102,108,1305,-1197
111000104,260,270,-10
111000107,81,1392,-1311
111000109,258,234,24
111000110,731,584,147
111000111,1241,420,821
111000112,1233,323,910
111000113,692,800,-108
111000114,2004,1886,118
111000115,9752,1201,8551
111000116,744,1096,-352
111000117,510,1029,-519
111000118,1483,1406,77
111000119,822,2341,-1519
111000120,361,702,-341
111000121,174,533,-359
111000122,591,1190,-599
111000123,892,4489,-3597
111000124,503,4896,-4393
111000125,195,2901,-2706
111000126,112,1461,-1349
111000127,622,189,433
111000128,879,358,521
111000129,1519,427,1092
111000130,1229,700,529
111000131,902,552,350
111000132,728,434,294
111000133,88,169,-81
111000134,147,104,43
111000135,34,129,-95
111000136,334,299,35
111000138,2,10,-8
111000140,0,2,-2
111000141,172,329,-157
111000142,13,187,-174
111000143,6,127,-121
111000144,8,102,-94
111000145,489,3,486
111000146,73,4,69
111000147,128,19,109
111000148,103,106,-3
111000149,3,18,-15
111000150,18,3,15
111000151,2,21,-19
111000153,556,632,-76
111000154,661,227,434
111000155,84,168,-84
111000156,394,476,-82
111000157,159,553,-394
111000158,750,558,192
111000159,3103,794,2309
111000160,229,470,-241
111000161,8,320,-312
111000162,7,209,-202
111000163,368,814,-446
111000164,806,2523,-1717
111000165,1455,521,934
111000166,1683,400,1283
111000167,180,596,-416
111000168,231,542,-311
111000169,270,662,-392
111000170,428,484,-56
111000171,299,1314,-1015
111000172,104,919,-815
111000173,208,2290,-2082
111000174,139,1131,-992
111000175,43,396,-353
111000176,174,202,-28
111000177,159,356,-197
111000178,581,403,178
111000179,77,255,-178
111000180,138,382,-244
111000181,592,376,216
111000182,85,200,-115
111000183,197,294,-97
111000184,256,274,-18
111000185,326,544,-218
111000186,212,334,-122
111000187,144,328,-184
111000188,132,599,-467
111000189,2100,576,1524
111000190,133,749,-616
111000191,117,654,-537
111000192,313,754,-441
111000193,651,462,189
111000194,27,514,-487
111000195,83,692,-609
111000196,45,485,-440
111000197,209,178,31
111000198,329,100,229
111000199,134,150,-16
111000200,186,287,-101
111000201,384,190,194
111000202,151,202,-51
111000203,194,231,-37
111000204,321,664,-343
111000213,220,426,-206
111000214,1212,2478,-1266
111000215,931,1897,-966
111000217,1095,1545,-450
111000218,944,1199,-255
111000219,423,259,164
111000220,4278,481,3797
111000221,866,247,619
111000224,121,366,-245
111000225,231,136,95
111000226,217,2,215
111000227,42,4,38
111000228,13,178,-165
111000229,26,419,-393
111000230,271,899,-628
111000231,622,2056,-1434
111000232,269,935,-666
111000233,370,890,-520
111000234,60,243,-183
111000239,113,295,-182
111000240,44,142,-98
111000241,21,559,-538
111000242,70,95,-25
111000243,63,1075,-1012
111000244,259,140,119
111000245,633,805,-172
111000246,263,943,-680
111000247,142,1398,-1256
111000248,490,581,-91
111000249,423,982,-559
111000250,14,227,-213
111000251,38,205,-167
111000253,8,11,-3
111000255,11,7,4
111000257,20,10,10
111000260,59,1717,-1658
111000261,575,89,486
111000271,60,371,-311
111000273,10099,1754,8345
111000274,1290,1941,-651
111000275,83,73,10
111000276,338,3081,-2743
111000277,121,630,-509
111000278,544,269,275
111000291,398,3083,-2685
111000298,445,336,109
111000299,560,146,414
111000300,116,911,-795
111000302,219,91,128
111000303,93,395,-302
111000312,48,77,-29
111000315,35,477,-442
111000320,386,968,-582
111000321,191,81,110
111000322,189,721,-532
111000323,152,20,132
111000324,294,448,-154
111000325,24,68,-44
111000326,117,424,-307
111000327,362,725,-363
111000328,162,427,-265
111000329,1,16,-15
111000330,23,14,9
111000331,6,8,-2
111000332,351,1692,-1341
111000334,382,2258,-1876
111000335,404,169,235
111000337,488,461,27
111000338,24,169,-145
111000339,252,975,-723
111000340,59,1372,-1313
111000341,730,410,320
111000342,151,304,-153
111000344,698,1062,-364
111000345,172,44,128
111000346,10,127,-117
111000347,64,5,59
111000350,123,200,-77
111000351,86,221,-135
111000352,153,292,-139
111000353,80,263,-183
111000354,231,481,-250
111000355,190,1045,-855
111000358,112,2924,-2812
111000360,96,1548,-1452
111000361,103,603,-500
111000546,302,945,-643
111000547,128,1371,-1243
111000548,77,209,-132
111000549,170,793,-623
111000550,67,477,-410
111000551,773,245,528
111000552,667,71,596
111000907,382,30,352
111000908,19,1,18
111000916,875,250,625
111000917,27,484,-457
111000918,133,1695,-1562
111000920,242,10,232
111000921,2,584,-582
111000922,247,368,-121
111000924,25,1738,-1713
111000925,1410,1875,-465
111000926,846,3872,-3026
111000927,2572,3947,-1375
111000928,7954,5022,2932
111000929,789,961,-172
111000930,625,3120,-2495
111000931,1293,1794,-501
111000932,4676,3005,1671
111000933,2773,1792,981
111000934,2566,3318,-752
111000935,812,857,-45
111000936,923,2658,-1735
111000937,624,1192,-568
111000938,1958,3001,-1043
111000939,200,47,153
111000940,243,225,18
111000941,167,1030,-863
111000943,161,314,-153
111000944,115,822,-707
111000945,63,3431,-3368
111001109,364,193,171
111001110,251,762,-511
111001111,43,13,30
111001112,88,1,87
111001113,2,115,-113
111001114,1464,111,1353
111001115,169,400,-231
111001116,6571,2194,4377
111001117,840,893,-53
111001120,98,632,-534
111001121,184,480,-296
111001122,166,989,-823
111001123,123,147,-24
111001124,48,543,-495
111001125,2,26,-24
111900001,4,225,-221
111900002,11,1304,-1293
111900003,9,786,-777
111900004,20,248,-228
111900006,8,29,-21
111900007,69,6,63
111900008,93,4,89
111900009,132,316,-184
111900010,306,879,-573
111900012,84,165,-81
111900013,11,75,-64
111900014,10732,2591,8141
111900015,0,99,-99
111900016,0,257,-257
111900017,2,241,-239
111900018,49,5,44
111900019,2,112,-110
111900020,5,73,-68
111900021,41,115,-74
111900022,12,87,-75
111900023,206,71,135
111900024,1,84,-83
111900025,0,40,-40
111900026,0,108,-108
111900027,6,252,-246
111900028,3,582,-579
111900029,6,172,-166
111900030,69,776,-707
111900031,3,49,-46
111900032,4,578,-574
111900033,3,171,-168
111900034,364,1308,-944
111900035,14,304,-290
111900036,2,508,-506
111900038,397,1120,-723
111900039,40,696,-656
111900040,1,1014,-1013
111900042,49,174,-125
111900043,3,767,-764
111900044,235,413,-178
111900046,36,345,-309
111900048,136,1238,-1102
111900049,43,390,-347
111900050,81,17,64
111900051,2,458,-456
111900052,506,856,-350
111900053,1569,500,1069
111900054,99,1,98
111900055,21,987,-966
111900056,252,136,116
111900057,29,33,-4
111900058,199,1213,-1014
111900059,4386,311,4075
111900060,241,3,238
111900061,13,430,-417
111900062,13,28,-15
111900063,97,342,-245
111900064,135,484,-349
111900065,60,19,41
111900066,89,122,-33
111900067,1,557,-556
111900068,31,28,3
111900069,31,13,18
111900070,112,137,-25
111900071,1,531,-530
111900072,32,24,8
111900073,405,86,319
111900074,21,403,-382
111900075,85,4,81
111900076,84,29,55
111900077,14,4,10
111900078,159,12,147
111900079,32,16,16
111900080,227,178,49
111900082,62,14,48
111900083,59,14,45
111900084,42,2,40
111900085,36,65,-29
111900086,22,2,20
111900087,22,1,21
111900088,373,8,365
111900089,100,2,98
111900090,41,26,15
111900091,129,9,120
111900092,32,0,32
111900093,247,0,247
111900094,52,0,52
111900095,128,5,123
111900096,85,1,84
111900097,18,0,18
111900098,89,4,85
111900099,30,0,30
111900100,45,2,43
111900101,50,20,30
111900102,204,1211,-1007
111900103,55,68,-13
111900104,78,55,23
111900105,230,164,66
111900106,2307,92,2215
111900110,4120,368,3752
111900111,77,337,-260
111900112,1438,1263,175
111900113,346,79,267
111900118,236,61,175
111900119,204,101,103
111900122,58,47,11
111900123,23,18,5
111900124,17,188,-171
111900125,314,15,299
111900126,167,3,164
111900127,2,981,-979
111900128,2,1012,-1010
111900129,166,1,165
111900130,133,25,108
111900131,243,3,240
111900132,48,2318,-2270
111900133,9,551,-542
111900134,24,427,-403
111900135,3,16,-13
111900136,53,145,-92
111900137,100,90,10
111900138,19,255,-236
111900139,19,363,-344
111900140,54,40,14
111900141,25,12,13
111900142,81,27,54
111900143,15,562,-547
111900144,2,167,-165
111900145,5,900,-895
111900146,5,533,-528
111900147,166,787,-621
111900148,36,1435,-1399
111900149,21,536,-515
111900150,12,223,-211
111900151,0,17,-17
111900152,87,83,4
111900153,2208,254,1954
111900154,10,156,-146
111900155,35,53,-18
111900156,27,39,-12
111900157,51,9,42
111900158,225,21,204
111900159,136,9,127
111900160,156,0,156
111900161,50,0,50
111900162,131,175,-44
111900163,31,517,-486
111900164,52,61,-9
111901113,238,256,-18
111901114,120,517,-397
111901115,30,2,28
111901116,28,0,28
111901117,25,25,0
111901118,231,141,90
111901119,2747,206,2541
111901121,240,780,-540
111901122,6,1107,-1101
111901123,112,754,-642
111901124,100,0,100
111901125,244,267,-23
111901127,1636,389,1247
111901128,15,229,-214
111901129,7,348,-341
111901130,7,557,-550
111901131,3,359,-356
111901132,65,8,57
111901133,31,7,24
111901134,65,2,63
111901135,4,17,-13
111901136,44,21,23
111901137,1,10,-9
111901138,95,63,32
111901139,9,73,-64
111901140,9,223,-214
111901141,6,502,-496
111901142,6,315,-309
111901143,10,193,-183
111901144,35,38,-3
111901145,207,203,4
111901146,489,12,477
111901147,235,23,212
111901148,4,3,1
112000001,1509,1246,263
112000002,679,3032,-2353
112000003,607,1270,-663
112000004,659,2377,-1718
112000005,1790,1899,-109
112000006,1869,2848,-979
112000007,1563,1404,159
112000008,2100,3936,-1836
112000009,4688,5098,-410
112000010,1974,2690,-716
112000011,1930,3086,-1156
112000012,4027,2315,1712
112000013,5195,3615,1580
112000014,2214,704,1510
112000015,2640,2892,-252
112000016,3684,769,2915
112000017,1734,1453,281
112000024,2999,923,2076
112000026,5929,7009,-1080
112000027,835,443,392
112000028,2308,2444,-136
112000029,408,581,-173
112000030,269,118,151
112000031,1343,3371,-2028
112000032,499,76,423
112000033,1510,1017,493
112000034,227,40,187
112000035,57,276,-219
112000036,754,760,-6
112000037,686,756,-70
112000038,1097,1001,96
112000039,28,79,-51
112000040,176,334,-158
112000041,499,564,-65
112000042,1338,324,1014
112000050,727,1537,-810
112000051,584,791,-207
112000054,1878,3006,-1128
112000057,591,383,208
112000058,317,573,-256
112000059,658,511,147
112000061,5370,2259,3111
112000062,2651,749,1902
112000063,1882,1287,595
112000064,5716,7589,-1873
112000065,2585,3560,-975
112000066,3294,1052,2242
112000067,832,916,-84
112000068,2233,1410,823
112000069,550,2726,-2176
112000070,1539,696,843
112000071,652,3922,-3270
112000072,1145,1091,54
112000073,1352,2145,-793
112000074,975,1057,-82
112000075,1014,1193,-179
112000076,3150,3329,-179
112000077,324,879,-555
112000078,1081,722,359
112000079,994,1548,-554
112000080,481,1044,-563
112000081,1365,2314,-949
112000082,1084,698,386
112000083,592,1810,-1218
112000084,977,769,208
112000085,782,1622,-840
112000086,1182,1964,-782
112000087,231,644,-413
112000088,291,935,-644
112000089,154,351,-197
112000090,107,461,-354
112000091,541,1632,-1091
112000092,1266,1049,217
112000093,1445,1366,79
112000094,417,935,-518
112000095,455,932,-477
112000096,334,841,-507
112000097,644,596,48
112000098,966,2317,-1351
112000099,528,847,-319
112000100,1021,1275,-254
112000101,405,1346,-941
112000102,613,857,-244
112000103,286,1689,-1403
112000105,421,2860,-2439
112000106,892,557,335
112000107,17,156,-139
112000108,198,2846,-2648
112000109,113,103,10
112000110,1175,610,565
112000111,1385,5042,-3657
112000112,2119,791,1328
112000113,1013,2574,-1561
112000114,1572,1349,223
112000115,261,762,-501
112000116,397,1299,-902
112000117,757,1098,-341
112000118,998,1089,-91
112000119,374,1308,-934
112000120,84,565,-481
112000121,53,1028,-975
112000122,163,155,8
112000123,309,173,136
112000124,177,60,117
112000125,106,136,-30
112000126,113,1266,-1153
112000127,2143,1418,725
112000128,1195,726,469
112000129,80,150,-70
112000130,134,65,69
112000131,26,744,-718
112000132,88,345,-257
112000133,241,592,-351
112000134,261,442,-181
112000135,582,809,-227
112000136,901,1326,-425
112000137,866,1936,-1070
112000138,1030,1311,-281
112000139,979,336,643
112000140,949,1505,-556
112000141,469,232,237
112000142,161,1332,-1171
112000143,700,258,442
112000144,275,2818,-2543
112000145,1537,793,744
112000146,614,3511,-2897
112000147,1438,1948,-510
112000148,1580,3484,-1904
112000149,190,1410,-1220
112000150,87,833,-746
112000151,372,1213,-841
112000152,191,502,-311
112000153,197,480,-283
112000154,153,178,-25
112000155,145,117,28
112000157,708,514,194
112000158,211,1446,-1235
112000159,269,376,-107
112000167,214,60,154
112000169,462,438,24
112000173,415,292,123
112000175,291,578,-287
112000176,4605,2292,2313
112000177,348,107,241
112000178,74,914,-840
112000179,133,212,-79
112000180,228,300,-72
112000181,1147,2756,-1609
112000182,701,3003,-2302
112000183,28,67,-39
112000184,240,1106,-866
112000185,326,704,-378
112000187,2910,2425,485
112000195,117,8,109
112000196,111,3,108
112000197,92,128,-36
112000198,31,482,-451
112000199,1257,1029,228
112000202,182,1,181
112000216,41,240,-199
112000230,46,7,39
112000231,3,433,-430
112000256,18,154,-136
112000313,201,144,57
112000314,33,19,14
112000337,143,599,-456
112000352,309,220,89
112000392,2260,1597,663
112000398,763,822,-59
112000399,3848,1403,2445
112000400,2216,5258,-3042
112000401,2544,3334,-790
112000402,1422,2052,-630
112000403,2229,1741,488
112000404,340,670,-330
112000405,1222,2400,-1178
112000406,3742,3985,-243
112000407,3685,5536,-1851
112000408,9433,8872,561
112000409,1739,6598,-4859
112000410,317,160,157
112000411,7877,851,7026
112000412,1475,450,1025
112000413,13309,2934,10375
112000414,113,151,-38
112000415,74,80,-6
112000416,1407,1373,34
112000417,185,72,113
112000421,23,279,-256
112000422,269,1037,-768
112000424,3983,1790,2193
112000425,479,2053,-1574
112000426,95,306,-211
112000427,2,19,-17
112000428,115,808,-693
112000429,2135,3237,-1102
112000430,2324,3158,-834
112000431,68,148,-80
112000432,624,3415,-2791
112000433,522,821,-299
112000437,60,351,-291
112900001,27,0,27
112900002,173,1636,-1463
112900003,8,458,-450
112900004,19,384,-365
112900005,133,273,-140
112900006,11,624,-613
112900007,21,292,-271
112900008,2,17,-15
112900009,344,83,261
112900010,212,1084,-872
112900011,422,380,42
112900012,0,55,-55
112900013,1,248,-247
112900014,1,454,-453
112900015,445,1404,-959
112900016,3,362,-359
112900017,34,304,-270
112900018,1,570,-569
112900019,81,188,-107
112900020,490,2133,-1643
112900021,4,520,-516
112900022,5,98,-93
112900023,1,481,-480
112900024,20,256,-236
112900025,76,402,-326
112900026,10,449,-439
112900027,12,1776,-1764
112900028,22,155,-133
112900029,2,946,-944
112900030,245,302,-57
112900031,4,764,-760
112900032,137,291,-154
112900034,0,93,-93
112900035,13,693,-680
112900036,29,142,-113
112900037,129,150,-21
112900038,325,177,148
112900039,11,486,-475
112900040,6,423,-417
112900041,1727,1049,678
112900042,27,795,-768
112900043,20,68,-48
112900044,1191,582,609
112900045,609,448,161
112900046,258,109,149
112900047,22,12,10
112900049,124,66,58
112900050,111,806,-695
112900051,339,1102,-763
112900052,7,1776,-1769
112900053,316,155,161
112900054,337,20,317
112900055,146,23,123
112900056,391,145,246
112900057,13,1119,-1106
112900058,266,205,61
112900059,137,160,-23
112900060,12,469,-457
112900061,48,207,-159
112900062,31,180,-149
112900063,114,7,107
112900064,208,295,-87
112900065,39,15,24
112900066,181,102,79
112900067,585,194,391
112900068,27,29,-2
112900069,3119,552,2567
112900071,11,2,9
112900072,459,1008,-549
112900073,200,38,162
112900074,65,111,-46
112900075,2923,598,2325
112900076,111,6,105
112900078,190,255,-65
112900079,115,19,96
112900080,26,4,22
112900081,56,126,-70
112900082,259,13,246
112900083,70,73,-3
112900084,109,54,55
112900086,35,0,35
112900087,388,99,289
112900088,97,15,82
112900089,525,17,508
112900090,17,11,6
112900091,113,1,112
112900092,121,137,-16
112900093,826,13,813
112900095,19,0,19
112900096,218,98,120
112900097,42,657,-615
112900098,21,2,19
112900099,404,11,393
112900100,37,0,37
112900101,164,0,164
112900102,55,6,49
112900103,137,1,136
112900104,49,0,49
112900105,7,0,7
112900106,283,72,211
112900107,6,0,6
112900108,3,0,3
112900109,47,0,47
112900110,509,6,503
112900111,315,1,314
112900112,159,1,158
112900113,0,18,-18
112900114,66,24,42
112900115,502,3,499
112900116,35,25,10
112900117,164,158,6
112900118,25,106,-81
112900119,101,2,99
112900120,848,248,600
112900121,403,189,214
112900122,12,202,-190
112900123,179,15,164
112900124,8,199,-191
112900125,48,453,-405
112900126,204,267,-63
112900127,289,57,232
112900128,550,1050,-500
112900129,6,1186,-1180
112900130,182,74,108
112900131,44,332,-288
112900132,70,499,-429
112900133,16,1444,-1428
112900134,2,349,-347
112900135,45,49,-4
112900137,5,1085,-1080
112900138,2,635,-633
112900139,229,1693,-1464
112900141,373,21,352
112900142,58,160,-102
112900143,44,947,-903
112900144,3,542,-539
112900145,33,696,-663
112900146,10,2222,-2212
112900147,6,3320,-3314
112900148,35,1,34
112900149,217,820,-603
112900151,26,41,-15
112900152,6058,1055,5003
112900153,2164,1284,880
112900154,0,137,-137
112900155,96,3,93
112900156,200,2391,-2191
112900157,133,206,-73
112900158,32,13,19
112900159,154,65,89
112900160,32,394,-362
112900161,70,41,29
112900162,20,13,7
112900163,165,21,144
112900164,23,83,-60
112900165,76,47,29
112900166,21,31,-10
112900167,9,41,-32
112900168,0,3,-3
112900169,6,6,0
112900170,28,180,-152
112900172,84,17,67
112900173,286,112,174
112900174,242,40,202
112900175,177,128,49
112900176,7,13,-6
112900177,178,30,148
112900178,614,1530,-916
112900179,42,679,-637
112900180,1116,2446,-1330
112900181,323,2,321
112900182,25,1938,-1913
112900183,135,216,-81
112900184,491,449,42
112900185,293,498,-205
112900186,1641,761,880
112900187,70,309,-239
112900188,715,422,293
112900189,39,23,16
112900190,2,91,-89
112900192,460,389,71
112900193,1176,324,852
112900194,26,187,-161
112900195,553,30,523
112900196,256,806,-550
112900197,177,574,-397
112900199,341,800,-459
112900200,330,396,-66
112900201,48,94,-46
112900202,238,1353,-1115
112900203,113,447,-334
112900204,1020,441,579
112900205,3,8,-5
112900206,1,54,-53
112900207,12,0,12
112900208,62,145,-83
112900209,461,622,-161
112900210,1,27,-26
112900211,35,32,3
112900212,0,96,-96
112900213,5,12,-7
112900214,30,3,27
112900215,4,315,-311
112900216,27,101,-74
112900217,0,77,-77
112900218,31,36,-5
112900219,31,25,6
112900220,4,0,4
112900221,8,245,-237
112900222,1,29,-28
112900223,550,9,541
112900224,151,1336,-1185
112900225,317,879,-562
112900226,233,311,-78
112900227,264,1895,-1631
112900228,43,26,17
112900229,100,97,3
112900230,9285,3293,5992
112900232,188,167,21
112900233,47,426,-379
112900234,5,184,-179
112900235,47,18,29
112900236,180,12,168
112900237,87,806,-719
112900238,3,53,-50
112900239,643,448,195
112900240,3,26,-23
112900241,3,54,-51
112900242,4,84,-80
112900243,1,53,-52
112900244,0,19,-19
112900245,0,13,-13
112900246,0,2,-2
112900247,18,5,13
112900248,2,0,2
112900249,4,0,4
112900250,9,3,6
112900251,14,9,5
112900252,4,4,0
112900253,1,3,-2
112900254,0,3,-3
112900255,0,5,-5
112900256,3,11,-8
112900257,3,0,3
113000001,4824,7250,-2426
113000002,3397,4519,-1122
113000003,1899,2885,-986
113000004,1926,2753,-827
113000005,1317,1554,-237
113000006,932,1657,-725
113000007,1432,1740,-308
113000008,1546,2477,-931
113000009,714,1073,-359
113000010,991,2203,-1212
113000011,902,1901,-999
113000012,1120,1368,-248
113000013,943,648,295
113000014,1701,1454,247
113000015,557,268,289
113000016,346,389,-43
113000017,35,239,-204
113000018,291,46,245
113000019,34,253,-219
113000020,107,16,91
113000021,1727,642,1085
113000022,594,1612,-1018
113000025,50,341,-291
113000026,282,605,-323
113000027,1564,567,997
113000028,1508,367,1141
113000029,1081,743,338
113000030,692,621,71
113000031,332,411,-79
113000032,302,360,-58
113000033,338,522,-184
113000034,514,487,27
113000035,25,26,-1
113000036,30,61,-31
113000037,43,28,15
113000038,8,65,-57
113000039,78,844,-766
113000040,43,92,-49
113000042,991,681,310
113000051,731,2445,-1714
113000052,2761,1428,1333
113000053,291,848,-557
113000054,240,1044,-804
113000055,967,1305,-338
113000056,780,1813,-1033
113000058,726,915,-189
113000059,1274,750,524
113000060,164,629,-465
113000061,891,920,-29
113000062,1709,295,1414
113000063,84,413,-329
113000064,22,690,-668
113000065,134,1759,-1625
113000066,388,113,275
113000067,1419,1698,-279
113000068,392,3003,-2611
113000069,482,2015,-1533
113000070,1419,1282,137
113000071,367,958,-591
113000072,618,678,-60
113000073,700,2058,-1358
113000074,969,481,488
113000075,2374,742,1632
113000076,1811,2287,-476
113000077,1460,611,849
113000078,930,2542,-1612
113000079,695,882,-187
113000080,601,580,21
113000081,713,918,-205
113000082,1350,881,469
113000083,610,818,-208
113000084,1793,1224,569
113000085,902,694,208
113000086,1027,1589,-562
113000087,1033,821,212
113000088,2856,1473,1383
113000089,925,1359,-434
113000090,276,547,-271
113000091,779,364,415
113000094,950,261,689
113000095,279,1556,-1277
113000096,175,1313,-1138
113000097,1034,390,644
113000098,107,54,53
113000099,1254,346,908
113000100,188,618,-430
113000101,460,759,-299
113000102,541,372,169
113000103,2749,649,2100
113000104,324,3680,-3356
113000105,489,559,-70
113000106,333,566,-233
113000107,616,1252,-636
113000108,1074,1863,-789
113000109,573,5125,-4552
113000110,1483,460,1023
113000111,219,1086,-867
113000112,390,419,-29
113000113,1718,297,1421
113000114,319,1781,-1462
113000116,794,249,545
113000117,1002,142,860
113000118,246,344,-98
113000119,223,418,-195
113000120,42,203,-161
113000121,426,1151,-725
113000124,198,137,61
113000125,74,628,-554
113000127,4895,733,4162
113000128,629,720,-91
113000129,610,2113,-1503
113000133,5730,1633,4097
113000134,11,1096,-1085
113000135,3254,3170,84
113000137,2102,2674,-572
113000139,411,198,213
113000140,196,402,-206
113000141,303,187,116
113000142,539,1048,-509
113000143,277,249,28
113000144,368,725,-357
113000145,63,205,-142
113000146,151,116,35
113000147,112,162,-50
113000148,128,247,-119
113000149,65,148,-83
113000150,569,636,-67
113000151,61,93,-32
113000152,29,166,-137
113000153,2473,725,1748
113000154,764,2002,-1238
113000155,315,547,-232
113000156,155,589,-434
113000157,357,1274,-917
113000158,593,314,279
113000159,777,822,-45
113000160,762,1727,-965
113000161,208,927,-719
113000162,605,541,64
113000163,76,58,18
113000164,18,114,-96
113000166,126,86,40
113000167,28,244,-216
113000168,50,211,-161
113000169,132,89,43
113000170,74,123,-49
113000171,45,125,-80
113000172,212,82,130
113000173,41,22,19
113000174,146,709,-563
113000175,415,167,248
113000176,411,164,247
113000177,208,620,-412
113000178,153,518,-365
113000179,253,144,109
113000180,711,1907,-1196
113000181,904,1295,-391
113000182,199,453,-254
113000183,196,631,-435
113000184,20,99,-79
113000189,595,844,-249
113000190,1311,576,735
113000192,4091,1515,2576
113000193,8001,1210,6791
113000194,2779,1177,1602
113000195,3331,633,2698
113000196,124,118,6
113000197,1744,1077,667
113000198,75,395,-320
113000199,879,518,361
113000201,1036,191,845
113000202,5151,3772,1379
113000203,602,333,269
113000204,2583,1706,877
113000205,31,22,9
113000206,10,28,-18
113000207,52,22,30
113000208,20,61,-41
113000209,19,28,-9
113000210,7,34,-27
113000211,375,238,137
113000212,366,34,332
113000213,25,187,-162
113000214,207,358,-151
113000234,185,1883,-1698
113000410,104,182,-78
113000411,2602,4757,-2155
113000412,10633,2448,8185
113000413,4221,3217,1004
113000414,9624,11250,-1626
113000415,2799,3528,-729
113000416,10558,4689,5869
113000417,3567,3665,-98
113000418,3050,2478,572
113000419,1614,2194,-580
113000420,3538,5065,-1527
113000421,3682,5717,-2035
113000422,16120,10570,5550
113000423,2609,4811,-2202
113000424,4767,10063,-5296
113000425,8,138,-130
113000428,47,9,38
113000430,16,84,-68
113000432,1804,140,1664
113000433,135,1455,-1320
113000434,24,500,-476
113000435,28,1366,-1338
113000436,69,2334,-2265
113000437,527,10,517
113000438,169,26,143
113000439,16,214,-198
113000440,84,29,55
113000441,186,365,-179
113000442,116,484,-368
113000443,110,562,-452
113000444,115,485,-370
113000445,87,272,-185
113000446,50,97,-47
113000448,500,176,324
113000449,425,1316,-891
113000450,1062,4736,-3674
113000451,3002,215,2787
113000452,657,645,12
113000453,216,398,-182
113000454,1959,56,1903
113000455,121,157,-36
113000456,4283,2359,1924
113000468,3953,369,3584
113000469,491,121,370
113000470,926,107,819
113000471,21,675,-654
113000472,123,312,-189
113000474,255,718,-463
113000475,1559,2279,-720
113000476,802,2005,-1203
113000477,1858,1932,-74
113000478,3940,7225,-3285
113000479,41,298,-257
113000483,0,0,0
113000484,0,0,0
113000485,0,0,0
113000486,0,0,0
113000487,0,0,0
113000488,0,0,0
113000489,0,0,0
113000490,0,0,0
113000491,0,3,-3
113000492,0,4,-4
113000493,0,0,0
113000495,261,357,-96
113000496,145,129,16
113000497,0,18,-18
113000499,0,0,0
113900001,2,298,-296
113900002,1,395,-394
113900003,4,406,-402
113900004,1,109,-108
113900005,0,73,-73
113900006,25,44,-19
113900007,157,22,135
113900008,218,0,218
113900009,888,2,886
113900010,382,1,381
113900011,68,7,61
113900012,20,3,17
113900013,1813,15,1798
113900014,504,4,500
113900015,0,38,-38
113900016,23,0,23
113900017,3,98,-95
113900018,587,139,448
113900019,69,65,4
113900020,93,1,92
113900022,6,0,6
113900023,17,0,17
113900024,45,167,-122
113900025,368,42,326
113900026,42,0,42
113900027,2,147,-145
113900028,19,651,-632
113900029,24,372,-348
113900030,142,1,141
113900031,2,4,-2
113900032,11,0,11
113900033,53,124,-71
113900035,74,0,74
113900036,24,227,-203
113900037,71,771,-700
113900038,86,98,-12
113900039,122,16,106
113900040,2,2,0
113900041,3,3,0
113900042,36,54,-18
113900043,257,135,122
113900044,150,93,57
113900045,44,1,43
113900046,229,971,-742
113900047,41,198,-157
113900048,354,83,271
113900049,1144,300,844
113900050,195,587,-392
113900051,231,571,-340
113900052,166,166,0
113900053,468,288,180
113900054,19,30,-11
113900055,104,788,-684
113900056,87,231,-144
113900057,14,147,-133
113900058,26,277,-251
113900059,234,468,-234
113900060,92,319,-227
113900061,1102,156,946
113900062,104,23,81
113900063,73,212,-139
113900064,23,195,-172
113900065,363,21,342
113900066,280,636,-356
113900067,63,439,-376
113900068,466,454,12
113900069,156,19,137
113900070,177,633,-456
113900071,48,157,-109
113900072,40,210,-170
113900073,195,472,-277
113900074,35,558,-523
113900075,1287,953,334
113900076,128,4,124
113900077,42,322,-280
113900078,87,92,-5
113900079,0,120,-120
113900080,358,170,188
113900081,35,306,-271
113900082,87,280,-193
113900083,154,872,-718
113900084,289,123,166
113900085,36,488,-452
113900086,47,18,29
113900087,24,251,-227
113900088,50,68,-18
113900089,389,61,328
113900090,485,361,124
113900091,37,53,-16
113900092,42,72,-30
113900093,99,647,-548
113900094,290,544,-254
113900095,118,133,-15
113900096,226,74,152
113900097,10,173,-163
113900098,615,83,532
113900099,1,115,-114
113900100,0,4,-4
113900101,17,51,-34
113900102,126,107,19
113900103,290,231,59
113900104,109,256,-147
113900105,68,524,-456
113900106,1,189,-188
113900107,3,39,-36
113900108,358,205,153
113900109,292,111,181
113900110,36,34,2
113900111,109,140,-31
113900112,83,128,-45
113900113,750,485,265
113900114,4,214,-210
113900115,1,162,-161
113900116,80,110,-30
113900117,69,43,26
113900118,181,230,-49
113900119,271,514,-243
113900120,71,38,33
113900121,32,82,-50
113900122,380,1577,-1197
113900123,475,204,271
113900124,1,137,-136
113900125,1971,167,1804
113900126,149,68,81
113900127,240,515,-275
113900128,97,60,37
113900129,9,162,-153
113900130,1,20,-19
113900131,141,82,59
113900132,53,54,-1
113900133,16,34,-18
113900135,292,740,-448
113900136,129,115,14
113900137,467,269,198
113900138,31,218,-187
113900139,737,122,615
113900140,417,308,109
113900141,355,792,-437
113900142,72,93,-21
113900143,9,30,-21
113900144,310,179,131
113900145,310,277,33
113900146,93,72,21
113900148,167,327,-160
113900149,161,44,117
113900150,1000,874,126
113900151,275,349,-74
113900152,19,52,-33
113900153,445,681,-236
113900154,2,100,-98
113900155,227,96,131
113900156,357,842,-485
113900157,32,222,-190
113900158,385,252,133
113900159,30,219,-189
113900160,454,813,-359
113900161,29,276,-247
113900162,541,669,-128
113900163,299,332,-33
113900164,292,50,242
113900165,620,662,-42
113900166,221,186,35
113900167,228,38,190
113900168,208,121,87
113900169,239,528,-289
113900171,121,56,65
113900172,8,269,-261
113900173,73,1073,-1000
113900174,475,883,-408
113900175,287,154,133
113900176,202,864,-662
113900177,312,286,26
113900178,222,124,98
113900179,16,991,-975
113900180,223,162,61
113900181,565,112,453
113900182,503,1018,-515
113900183,83,90,-7
113900184,10,846,-836
113900185,196,79,117
113900186,29,81,-52
113900187,34,198,-164
113900188,51,185,-134
113900189,311,65,246
113900190,368,129,239
113900191,131,276,-145
113900192,4,470,-466
113900193,36,383,-347
113900194,3301,1128,2173
113900195,314,651,-337
113900196,2,135,-133
113900197,4,438,-434
113900198,28,162,-134
113900199,196,875,-679
113900200,9,299,-290
113900201,4,390,-386
113900202,45,341,-296
113900203,3,250,-247
113900204,37,820,-783
113900205,7,254,-247
113900206,1,185,-184
113900207,4,72,-68
113900208,1,76,-75
113900209,1,107,-106
113900210,741,671,70
113900211,128,35,93
113900212,113,974,-861
113900214,490,559,-69
113900215,53,200,-147
113900216,91,1796,-1705
113900217,55,433,-378
113900218,58,43,15
113900219,196,789,-593
113900220,118,84,34
113900221,291,118,173
113900222,477,368,109
113900223,98,1493,-1395
113900224,167,84,83
113900225,982,213,769
113900226,304,161,143
113900227,279,244,35
113900228,297,338,-41
113900229,40,455,-415
113900230,5438,2267,3171
113900231,150,299,-149
113900232,87,117,-30
113900233,46,65,-19
113900234,298,505,-207
113900235,51,35,16
113900236,83,636,-553
113900237,108,10,98
113900238,242,549,-307
113900239,96,73,23
113900240,3,120,-117
113900241,88,100,-12
113900242,45,260,-215
113900243,160,524,-364
113900244,532,261,271
113900245,1463,318,1145
113900246,16,29,-13
113900247,168,323,-155
113900248,4727,1794,2933
113900249,1798,299,1499
113900250,82,146,-64
113900251,456,304,152
113900252,446,13,433
113900253,588,37,551
113900254,711,134,577
113900255,354,21,333
113900256,255,51,204
113900257,26,1125,-1099
113900258,13,800,-787
113900259,391,355,36
113900260,136,14,122
113900261,39,155,-116
113900262,171,1133,-962
113900263,203,732,-529
113900264,7,898,-891
113900265,152,453,-301
113900266,30,374,-344
113900267,130,581,-451
113900268,294,374,-80
113900269,87,165,-78
113900270,397,383,14
113900271,504,1601,-1097
113900273,43,9,34
113900274,34,10,24
113900275,19,59,-40
113900276,3,430,-427
113900277,73,4,69
113900278,279,156,123
113900279,119,118,1
113900280,1153,740,413
113900281,407,1147,-740
113900282,1041,579,462
113900283,265,470,-205
113900284,508,147,361
113900285,104,32,72
113900286,6,156,-150
113900287,31,38,-7
113900288,0,66,-66
113900289,1871,105,1766
113900290,577,168,409
113900291,113,151,-38
113900292,5,11,-6
113900293,5,329,-324
113900294,377,42,335
113900295,383,424,-41
113900296,3208,366,2842
113900297,875,37,838
113900298,11,2148,-2137
113900299,47,278,-231
113900300,8260,3173,5087
113900301,1270,414,856
113900302,3142,758,2384
113900303,638,386,252
113900304,1,220,-219
113900305,68,0,68
113900306,37,0,37
113900307,58,1,57
113900308,66,134,-68
113900309,5,1139,-1134
113900310,0,35,-35
113900311,2,1,1
113900312,152,143,9
113900313,19,26,-7
114000001,1129,5282,-4153
114000002,162,752,-590
114000003,12,456,-444
114000004,286,578,-292
114000005,156,265,-109
114000006,2959,2764,195
114000007,668,1795,-1127
114000008,1400,1445,-45
114000009,398,279,119
114000011,2536,5466,-2930
114000012,1541,4254,-2713
114000013,1302,3251,-1949
114000014,346,650,-304
114000015,1220,822,398
114000016,179,644,-465
114000017,120,205,-85
114000018,886,69,817
114000026,1013,2408,-1395
114000027,1953,2802,-849
114000028,2376,2558,-182
114000038,168,158,10
114000039,80,211,-131
114000040,55,160,-105
114000042,122,240,-118
114000043,60,187,-127
114000044,79,55,24
114000045,44,164,-120
114000046,2587,6058,-3471
114000047,17,49,-32
114000048,113,76,37
114000049,1451,1760,-309
114000050,1404,1751,-347
114000051,3038,1939,1099
114000052,2758,1304,1454
114000053,51,684,-633
114000054,151,2289,-2138
114000055,156,27,129
114000056,1092,765,327
114000057,14736,2989,11747
114000058,571,1085,-514
114000059,359,293,66
114000060,531,759,-228
114000061,4185,1992,2193
114000062,2662,1401,1261
114000063,3362,1659,1703
114000064,8672,3440,5232
114000065,2019,2780,-761
114000066,369,835,-466
114000067,15,499,-484
114000068,407,558,-151
114000069,749,564,185
114000070,2263,1627,636
114000071,553,708,-155
114000072,235,782,-547
114000073,15,211,-196
114000074,28,18,10
114000075,41,331,-290
114000076,14,300,-286
114000077,14,120,-106
114000078,146,1487,-1341
114000079,81,32,49
114000080,64,93,-29
114000081,32,134,-102
114000082,67,880,-813
114000083,61,388,-327
114000084,199,66,133
114000085,116,1203,-1087
114000086,224,887,-663
114000087,46,429,-383
114000088,38,107,-69
114000089,2610,658,1952
114000090,530,558,-28
114000091,1482,603,879
114000092,818,324,494
114000093,767,801,-34
114000094,368,498,-130
114000095,126,140,-14
114000096,98,734,-636
114000097,99,1167,-1068
114000098,290,80,210
114000099,357,1514,-1157
114000100,761,1268,-507
114000101,351,1436,-1085
114000102,212,352,-140
114000103,132,708,-576
114000104,11,552,-541
114000105,52,50,2
114000106,1805,615,1190
114000107,198,140,58
114000108,4381,1711,2670
114000109,330,716,-386
114000110,484,2610,-2126
114000111,935,668,267
114000112,415,2823,-2408
114000113,738,515,223
114000114,1318,2324,-1006
114000115,1394,837,557
114000116,422,1068,-646
114000117,1727,438,1289
114000118,1675,438,1237
114000119,1068,394,674
114000120,565,1346,-781
114000121,402,792,-390
114000122,302,300,2
114000123,1086,310,776
114000124,765,381,384
114000125,883,2621,-1738
114000126,987,246,741
114000127,154,247,-93
114000128,828,829,-1
114000130,440,639,-199
114000131,137,62,75
114000132,661,1003,-342
114000133,812,2119,-1307
114000134,55,294,-239
114000138,36,254,-218
114000139,253,140,113
114000144,612,466,146
114000145,88,202,-114
114000146,90,445,-355
114000147,984,1307,-323
114000148,2620,1600,1020
114000149,247,291,-44
114000150,858,700,158
114000151,1175,998,177
114000152,88,24,64
114000153,786,1528,-742
114000154,618,611,7
114000155,1320,2007,-687
114000156,795,496,299
114000157,330,1092,-762
114000158,3225,754,2471
114000159,197,405,-208
114000160,146,248,-102
114000161,1457,1973,-516
114000162,760,1402,-642
114000163,3,203,-200
114000165,319,155,164
114000166,632,286,346
114000167,5987,1372,4615
114000168,855,780,75
114000169,2070,797,1273
114000170,912,830,82
114000171,779,1992,-1213
114000174,183,565,-382
114000176,766,458,308
114000177,3373,923,2450
114000178,24,90,-66
114000179,1339,890,449
114000180,664,763,-99
114000181,1690,2728,-1038
114000182,8767,2794,5973
114000183,940,1399,-459
114000184,9437,1957,7480
114000185,819,1045,-226
114000189,404,118,286
114000190,1568,264,1304
114000191,37,53,-16
114000192,361,2814,-2453
114000193,1224,5397,-4173
114000194,1232,1839,-607
114000195,97,15,82
114000196,2,640,-638
114000197,782,10,772
114000198,1977,554,1423
114000199,2598,1317,1281
114000200,558,3730,-3172
114000201,168,1713,-1545
114000202,919,1179,-260
114000203,499,1237,-738
114000204,137,758,-621
114000205,223,2444,-2221
114000206,475,1516,-1041
114000207,815,3313,-2498
114000208,543,5253,-4710
114000209,765,5248,-4483
114000210,397,2581,-2184
114000211,993,2043,-1050
114000212,578,1135,-557
114000213,1048,910,138
114000214,91,322,-231
114000215,198,124,74
114000216,1085,379,706
114000217,182,504,-322
114000218,86,394,-308
114000219,879,376,503
114000220,12,2697,-2685
114000221,478,175,303
114000222,297,2039,-1742
114000223,363,101,262
114000224,130,1354,-1224
114000225,192,766,-574
114000226,100,253,-153
114000227,620,562,58
114000228,616,1323,-707
114000229,996,1632,-636
114000230,1642,2110,-468
114000231,874,1529,-655
114000232,409,146,263
114000233,1446,119,1327
114000234,924,1402,-478
114000235,885,2105,-1220
114000236,3,726,-723
114000237,92,1720,-1628
114000238,53,287,-234
114000239,119,2153,-2034
114000240,790,842,-52
114000241,282,1670,-1388
114000242,1238,1394,-156
114000243,1245,1098,147
114000244,566,361,205
114000245,377,682,-305
114000246,152,36,116
114000247,648,848,-200
114000248,700,717,-17
114000249,426,664,-238
114000250,367,911,-544
114000251,244,518,-274
114000252,79,116,-37
114000253,43,471,-428
114000254,17,157,-140
114000255,1037,217,820
114000256,2195,1252,943
114000257,660,2404,-1744
114000258,128,590,-462
114000259,78,461,-383
114000260,1,22,-21
114000261,28,55,-27
114000262,73,208,-135
114000263,10,2,8
114000264,589,931,-342
114000265,0,1,-1
114000267,4,1627,-1623
114000268,12,2785,-2773
114000270,116,5,111
114000271,518,111,407
114000283,625,570,55
114000285,87,466,-379
114000288,56,707,-651
114000289,858,250,608
114000293,95,527,-432
114000294,123,236,-113
114000395,1191,78,1113
114000396,323,490,-167
114000402,360,456,-96
114000403,290,1005,-715
114000405,113,802,-689
114000423,192,632,-440
114000424,168,304,-136
114000425,313,848,-535
114000426,264,745,-481
114000427,25,121,-96
114000428,313,167,146
114000429,11,298,-287
114000432,69,217,-148
114000434,30,153,-123
114000435,5,177,-172
114900001,415,2264,-1849
114900002,336,118,218
114900003,345,3349,-3004
114900004,172,296,-124
114900005,319,1302,-983
114900006,22,40,-18
114900007,128,18,110
114900008,81,78,3
114900010,3171,2012,1159
114900011,86,127,-41
114900013,124,100,24
114900015,40,288,-248
114900018,1022,83,939
114900020,191,64,127
114900022,5,971,-966
114900024,228,113,115
114900025,271,331,-60
114900026,40,85,-45
114900027,144,266,-122
114900029,27,47,-20
114900030,219,345,-126
114900031,216,33,183
114900032,215,33,182
114900033,2269,385,1884
114900034,71,342,-271
114900035,100,387,-287
114900036,291,1526,-1235
114900037,94,316,-222
114900038,147,1324,-1177
114900039,487,894,-407
114900040,94,484,-390
114900041,453,843,-390
114900042,569,1026,-457
114900043,1408,461,947
114900044,90,27,63
114900046,66,214,-148
114900047,301,1447,-1146
114900048,97,333,-236
114900049,26,346,-320
114900050,21,1013,-992
114900051,10,774,-764
114900052,90,258,-168
114900053,64,314,-250
114900054,43,184,-141
114900057,189,10,179
114900058,0,85,-85
114900059,56,36,20
114900060,1351,612,739
114900061,161,211,-50
114900062,254,373,-119
114900063,64,346,-282
114900064,771,810,-39
114900065,235,739,-504
114900067,31,379,-348
114900068,74,309,-235
114900069,257,260,-3
114900070,327,1088,-761
114900072,19,342,-323
114900073,0,237,-237
114900074,307,1752,-1445
114900075,151,6,145
114900076,11,355,-344
114900080,4939,535,4404
114900082,4451,1555,2896
114900083,1066,1030,36
114900090,186,198,-12
114900091,129,232,-103
114900095,453,153,300
114900096,405,776,-371
114900097,108,2,106
114900098,5,328,-323
114900099,130,5,125
115000001,12143,7595,4548
115000002,3271,3215,56
115000003,4714,5406,-692
115000004,2784,4899,-2115
115000005,1577,3782,-2205
115000006,643,1630,-987
115000007,94,213,-119
115000008,595,666,-71
115000009,174,713,-539
115000010,328,188,140
115000013,70,257,-187
115000015,130,337,-207
115000016,64,287,-223
115000019,8,371,-363
115000020,230,384,-154
115000021,401,445,-44
115000022,519,415,104
115000023,284,529,-245
115000024,1468,565,903
115000025,821,568,253
115000026,111,511,-400
115000027,263,278,-15
115000028,128,906,-778
115000029,373,147,226
115000030,417,1061,-644
115000031,970,297,673
115000032,19,325,-306
115000033,134,33,101
115000034,212,1224,-1012
115000035,1035,66,969
115000036,2,439,-437
115000037,339,14,325
115000038,69,273,-204
115000039,4168,2729,1439
115000040,8384,5122,3262
115000041,897,2850,-1953
115000042,573,931,-358
115000043,3049,3496,-447
115000044,2915,6211,-3296
115000045,2081,3450,-1369
115000046,1474,3740,-2266
115000047,1343,2629,-1286
115000048,1402,3531,-2129
115000049,1507,3633,-2126
115000050,3608,2503,1105
115000051,2648,2241,407
115000052,4695,2408,2287
115000053,1453,1660,-207
115000054,769,1876,-1107
115000055,90,382,-292
115000056,196,264,-68
115000057,313,570,-257
115000058,100,93,7
115000059,154,137,17
115000061,170,87,83
115000062,198,413,-215
115000063,214,533,-319
115000064,134,188,-54
115000065,54,325,-271
115000067,237,29,208
115000069,70,274,-204
115000070,42,844,-802
115000071,92,15,77
115000072,22,81,-59
115000073,1368,47,1321
115000075,66,85,-19
115000076,4904,4736,168
115000077,1504,5205,-3701
115000078,868,2657,-1789
115000079,1123,3360,-2237
115000080,1795,3845,-2050
115000081,440,1184,-744
115000082,2924,4034,-1110
115000083,2073,4682,-2609
115000084,1364,1763,-399
115000085,601,1228,-627
115000086,797,1562,-765
115000087,597,1857,-1260
115000088,2063,845,1218
115000089,1746,1665,81
115000090,916,1016,-100
115000091,540,1537,-997
115000092,316,389,-73
115000093,523,1,522
115000094,12865,5725,7140
115000095,9254,5016,4238
115000096,523,3362,-2839
115000097,717,857,-140
115000098,672,990,-318
115000099,1800,5909,-4109
115000100,688,831,-143
115000101,381,1891,-1510
115000102,347,221,126
115000103,406,1257,-851
115000105,53,357,-304
115000106,325,323,2
115000107,159,784,-625
115000108,5649,3206,2443
115000109,8251,3304,4947
115000110,1384,1055,329
115000111,746,1642,-896
115000112,649,688,-39
115000113,642,967,-325
115000114,1671,872,799
115000116,4423,1807,2616
115000117,5410,2271,3139
115000118,1867,1889,-22
115000119,1786,2087,-301
115000120,661,1010,-349
115000121,1383,933,450
115000122,3414,1464,1950
115000123,1973,1710,263
115000124,783,1113,-330
115000125,358,692,-334
115000126,140,268,-128
115000127,370,166,204
115000128,1876,946,930
115000129,250,249,1
115000130,319,1582,-1263
115000131,554,301,253
115000132,132,951,-819
115000133,412,441,-29
115000134,95,273,-178
115000135,144,369,-225
115000136,127,243,-116
115000137,105,249,-144
115000138,214,326,-112
115000139,251,309,-58
115000140,183,222,-39
115000141,165,496,-331
115000142,101,454,-353
115000143,422,585,-163
115000144,318,109,209
115000145,193,652,-459
115000146,269,273,-4
115000147,494,708,-214
115000148,310,2281,-1971
115000149,433,263,170
115000150,670,1958,-1288
115000151,726,540,186
115000152,641,2470,-1829
115000153,897,554,343
115000154,604,377,227
115000155,585,1640,-1055
115000156,1417,731,686
115000157,1053,1233,-180
115000158,640,390,250
115000159,973,459,514
115000160,739,344,395
115000161,125,719,-594
115000162,703,558,145
115000163,940,701,239
115000164,734,658,76
115000165,343,385,-42
115000167,177,126,51
115000168,728,262,466
115000169,719,344,375
115000170,155,123,32
115000171,301,164,137
115000172,3082,685,2397
115000173,354,377,-23
115000174,93,240,-147
115000175,138,135,3
115000176,137,174,-37
115000177,128,140,-12
115000178,6,359,-353
115000179,40,33,7
115000180,57,1009,-952
115000181,424,192,232
115000182,461,616,-155
115000183,184,1545,-1361
115000186,582,290,292
115000187,164,889,-725
115000188,421,658,-237
115000189,225,543,-318
115000190,1100,608,492
115000191,341,455,-114
115000194,167,172,-5
115000195,353,336,17
115000196,58,206,-148
115000197,124,561,-437
115000198,148,430,-282
115000199,223,529,-306
115000200,230,144,86
115000201,142,644,-502
115000206,203,116,87
115000207,84,419,-335
115000208,944,944,0
115000209,433,201,232
115000210,97,138,-41
115000211,236,328,-92
115000212,2067,283,1784
115000224,251,79,172
115000225,72,69,3
115000229,336,167,169
115000230,113,966,-853
115000231,319,3844,-3525
115000232,962,457,505
115000233,123,260,-137
115000234,20,304,-284
115000241,52,342,-290
115000242,81,457,-376
115000243,29,328,-299
115000244,3,106,-103
115000246,78,24,54
115000247,19,11,8
115000248,14,30,-16
115000249,47,26,21
115000250,236,54,182
115000251,166,188,-22
115000252,41,229,-188
115000253,11,344,-333
115000258,271,307,-36
115000259,399,194,205
115000261,17,42,-25
115000262,10,38,-28
115000263,8,63,-55
115000264,9,65,-56
115000267,61,68,-7
115000268,27,223,-196
115000269,127,90,37
115000270,12,33,-21
115000272,63,221,-158
115000273,316,28,288
115000280,2147,169,1978
115000281,578,318,260
115000282,1736,382,1354
115000284,292,123,169
115000296,725,5,720
115000297,253,113,140
115000298,79,214,-135
115000300,90,258,-168
115000302,308,236,72
115000303,571,145,426
115000304,543,112,431
115000305,82,1799,-1717
115000306,146,958,-812
115000307,74,463,-389
115000308,153,25,128
115000309,21,23,-2
115000310,780,1517,-737
115000311,580,2209,-1629
115000313,139,1135,-996
115000314,276,95,181
115000315,1571,538,1033
115000316,58,71,-13
115000317,163,1025,-862
115000318,624,304,320
115000319,47,409,-362
115000320,11,311,-300
115000321,433,10,423
115000322,56,365,-309
115000449,498,178,320
115000557,4,879,-875
115000558,196,67,129
115000587,352,366,-14
115000588,2301,5061,-2760
115000589,2784,3639,-855
115000590,733,2100,-1367
115000591,950,955,-5
115000592,537,2018,-1481
115000593,1139,935,204
115000594,854,2057,-1203
115000609,116,243,-127
115000617,2055,1950,105
115000624,128,122,6
115000633,317,1710,-1393
115000634,3045,899,2146
115000635,360,109,251
115000638,2226,920,1306
115000641,86,139,-53
115000642,345,339,6
115000643,82,685,-603
115000644,140,524,-384
115000646,764,1285,-521
115000647,202,575,-373
115000648,1086,2192,-1106
115000893,3793,1693,2100
115000894,77,1304,-1227
115000895,369,885,-516
115000896,1414,368,1046
115000897,548,137,411
115000898,649,291,358
115000899,1236,1470,-234
115000900,140,540,-400
115000901,89,163,-74
115000912,238,110,128
115000913,2,80,-78
115000915,46,0,46
115000916,4,1,3
115000917,0,9,-9
115000918,94,259,-165
115000919,11,20,-9
115000920,33,40,-7
115000921,1960,120,1840
115000922,1518,787,731
115000923,528,835,-307
115000925,72,83,-11
115000927,24,54,-30
115000933,471,167,304
115000934,77,261,-184
115000935,64,110,-46
115000936,99,388,-289
115000937,1347,184,1163
115000938,184,209,-25
115000939,97,139,-42
115000940,3,20,-17
115000941,8,15,-7
115000942,81,108,-27
115000943,60,15,45
115000944,6,6,0
115900001,43,127,-84
115900002,79,305,-226
115900003,99,173,-74
115900004,1,85,-84
115900005,137,5,132
115900006,81,807,-726
115900008,38,17,21
115900009,69,619,-550
115900010,140,309,-169
115900011,203,360,-157
115900012,95,146,-51
115900013,319,245,74
115900014,73,251,-178
115900015,57,184,-127
115900016,47,56,-9
115900017,0,0,0
115900018,158,110,48
115900019,480,52,428
115900020,7,1,6
115900021,1955,195,1760
115900022,4440,18,4422
115900023,2,2,0
115900025,50,282,-232
115900026,912,467,445
115900027,3,641,-638
115900028,679,102,577
115900029,16,784,-768
115900030,17,68,-51
115900031,391,213,178
115900032,408,1089,-681
115900033,0,45,-45
115900034,55,952,-897
115900035,24,65,-41
115900036,506,414,92
115900037,33,635,-602
115900038,22,8,14
115900039,123,569,-446
115900041,551,400,151
115900042,19,1,18
115900043,82,236,-154
115900044,354,206,148
115900046,179,356,-177
115900047,101,94,7
115900049,115,356,-241
115900051,0,63,-63
115900052,18,349,-331
115900053,134,382,-248
115900054,105,61,44
115900055,8,115,-107
115900056,144,542,-398
115900057,25,4,21
115900058,23,60,-37
115900060,24,173,-149
115900061,140,1,139
115900062,11,409,-398
115900063,30,23,7
115900064,129,327,-198
115900065,95,147,-52
115900066,279,255,24
115900067,9,1366,-1357
115900068,4431,351,4080
115900069,35,215,-180
115900070,119,346,-227
115900071,1,1204,-1203
115900072,58,306,-248
115900073,51,51,0
115900074,3,481,-478
115900075,16,417,-401
115900076,0,122,-122
115900077,6,450,-444
115900078,30,166,-136
115900079,113,20,93
115900080,675,407,268
115900081,14,113,-99
115900082,222,182,40
115900084,172,29,143
115900085,53,49,4
115900086,2432,517,1915
115900088,20,36,-16
115900089,216,897,-681
115900090,186,34,152
115900091,6,29,-23
115900092,29,313,-284
115900093,6,34,-28
115900094,8,599,-591
115900096,3,20,-17
115900097,10,820,-810
115900098,134,955,-821
115900099,29,107,-78
115900100,6,937,-931
115900101,114,751,-637
115900102,51,143,-92
115900103,233,431,-198
115900104,44,249,-205
115900105,112,1216,-1104
115900106,28,28,0
115900107,20,240,-220
115900108,53,35,18
115900109,46,583,-537
115900110,0,14,-14
115900111,0,108,-108
115900112,33,1594,-1561
115900113,16,30,-14
115900114,4,211,-207
115900115,59,229,-170
115900116,88,1704,-1616
115900117,39,32,7
115900118,6,473,-467
115900119,156,138,18
115900120,53,666,-613
115900121,94,353,-259
115900124,183,442,-259
115900125,236,42,194
115900126,493,69,424
115900127,425,49,376
115900128,6,67,-61
115900129,449,44,405
115900130,68,247,-179
115900131,174,29,145
115900132,313,11,302
115900134,256,7,249
115900135,763,849,-86
115900137,17,1,16
115900139,66,53,13
115900140,129,22,107
115900141,8,31,-23
115900142,10,17,-7
115900143,160,412,-252
115900144,64,297,-233
115900146,6,229,-223
115900147,253,232,21
115900148,12,2,10
115900149,41,38,3
115900150,34,127,-93
115900151,22,114,-92
115900152,91,683,-592
115900153,73,356,-283
115900154,1139,370,769
115900155,1,177,-176
115900156,483,953,-470
115900157,99,564,-465
115900158,55,15,40
115900159,72,379,-307
115900160,6,1,5
115900161,22,244,-222
115900163,101,155,-54
115900164,290,40,250
115900166,191,424,-233
115900168,55,189,-134
115900171,108,699,-591
115900172,68,172,-104
115900173,143,211,-68
115900174,550,211,339
115900175,70,208,-138
115900178,8,1046,-1038
115900179,170,11,159
115900180,27,666,-639
115900181,121,389,-268
115900182,246,439,-193
115900183,60,19,41
115900184,1741,21,1720
115900187,5,130,-125
115900189,4,184,-180
115900190,563,1113,-550
115900191,37,813,-776
115900192,17,89,-72
115900193,90,123,-33
115900194,355,56,299
115900195,615,1059,-444
115900198,178,392,-214
115900199,199,403,-204
115900200,309,466,-157
115900201,280,282,-2
115900202,2,2,0
115900203,1,2,-1
115900204,0,2,-2
115900205,46,4,42
115900206,141,208,-67
115900207,19,38,-19
115900208,87,514,-427
115900209,3,201,-198
115900210,2,184,-182
115900211,2,388,-386
115900212,99,351,-252
115900213,74,46,28
115900214,227,384,-157
115900215,24,48,-24
115900216,12,104,-92
115900217,1,106,-105
115900218,1,63,-62
115900219,52,2,50
115900220,55,8,47
115900221,50,16,34
115900222,67,24,43
115900223,14,132,-118
115900224,2470,472,1998
115900225,68,44,24
115900226,8,98,-90
115900227,5,73,-68
115900228,12,74,-62
115900229,4,83,-79
115900230,55,134,-79
115900231,76,0,76
115900232,34,0,34
115900233,54,20,34
115900234,38,28,10
115900235,14,22,-8
115900236,19,8,11
115900237,11,41,-30
115900238,5,9,-4
115900239,16,29,-13
115900240,5,72,-67
115900241,110,97,13
115900242,275,275,0
115900243,12,9,3
115900244,1,30,-29
115900245,43,8,35
115900246,3,3,0
115900247,24,8,16
115900248,8,5,3
115900249,5,12,-7
115900250,8,18,-10
115900251,1,11,-10
115900252,0,5,-5
115900253,3,3,0
115900254,23,49,-26
115900255,5,19,-14
115900256,18,16,2
115900257,2,3,-1
115900258,0,2,-2
115900259,4,3,1
115900260,5,3,2
115900261,1,0,1
115900262,1,0,1
115900263,1,4,-3
115900264,0,11,-11
115900265,2,6,-4
115900266,1,12,-11
115900267,4,6,-2
115900268,2,7,-5
115900269,268,486,-218
115900270,283,1290,-1007
115900271,60,0,60
115900272,24,2,22
115900273,4,21,-17
115900274,5,37,-32
115900275,0,81,-81
115900276,2,149,-147
115900277,0,279,-279
115900278,21,165,-144
115900279,7,248,-241
115900280,10,296,-286
115900281,772,148,624
115900282,39,11,28
115900283,9,13,-4
115900284,2,13,-11
116000001,21197,6835,14362
116000002,4111,7506,-3395
116000003,1771,2743,-972
116000004,2991,2496,495
116000005,3585,4688,-1103
116000006,2397,1235,1162
116000007,3963,6103,-2140
116000008,2224,1860,364
116000009,2082,3414,-1332
116000010,1535,1154,381
116000011,1003,2195,-1192
116000012,642,756,-114
116000013,25173,5760,19413
116000014,27552,10454,17098
116000015,637,1047,-410
116000016,11787,2783,9004
116000017,34,639,-605
116000018,858,685,173
116000019,638,356,282
116000020,412,2093,-1681
116000021,415,341,74
116000022,233,786,-553
116000023,803,626,177
116000024,745,2176,-1431
116000025,886,614,272
116000026,1487,2691,-1204
116000027,584,633,-49
116000028,402,566,-164
116000029,906,472,434
116000030,579,363,216
116000031,94,198,-104
116000032,387,250,137
116000033,299,664,-365
116000034,411,971,-560
116000035,330,451,-121
116000036,2765,681,2084
116000037,966,735,231
116000038,969,435,534
116000039,818,265,553
116000040,1851,359,1492
116000041,301,630,-329
116000042,390,256,134
116000043,52,546,-494
116000044,19,323,-304
116000045,1551,1108,443
116000046,1141,1087,54
116000047,2166,1909,257
116000048,1907,1728,179
116000049,807,1959,-1152
116000050,1071,1397,-326
116000051,3218,1798,1420
116000052,3358,3629,-271
116000053,1508,1170,338
116000054,749,2353,-1604
116000055,396,1534,-1138
116000056,591,1184,-593
116000057,2980,2329,651
116000058,3126,1952,1174
116000059,2428,4505,-2077
116000060,3118,963,2155
116000061,700,917,-217
116000062,857,320,537
116000063,590,1269,-679
116000066,206,490,-284
116000067,293,876,-583
116000068,178,253,-75
116000069,364,529,-165
116000078,306,1333,-1027
116000080,1330,1352,-22
116000082,5,198,-193
116000083,938,407,531
116000084,3087,4972,-1885
116000085,1694,1345,349
116000086,3847,1912,1935
116000087,1118,1381,-263
116000088,1042,1721,-679
116000089,152,186,-34
116000090,154,219,-65
116000091,105,137,-32
116000093,614,1967,-1353
116000094,404,831,-427
116000095,466,1575,-1109
116000096,594,1194,-600
116000097,412,1477,-1065
116000098,471,3813,-3342
116000099,16997,686,16311
116000100,99,12,87
116000101,461,2625,-2164
116000102,238,2306,-2068
116000103,313,274,39
116000104,138,2645,-2507
116000105,715,224,491
116000106,210,1877,-1667
116000107,975,647,328
116000108,23,270,-247
116000111,100,19,81
116000113,54,63,-9
116000114,26,160,-134
116000115,174,80,94
116000116,188,659,-471
116000117,1171,3243,-2072
116000118,1114,2321,-1207
116000119,2107,2408,-301
116000120,2986,6373,-3387
116000121,504,548,-44
116000122,1446,3443,-1997
116000123,426,655,-229
116000124,302,1558,-1256
116000125,1758,848,910
116000126,278,1862,-1584
116000127,1299,2288,-989
116000128,1248,985,263
116000129,688,220,468
116000130,280,331,-51
116000133,422,1393,-971
116000134,1425,4479,-3054
116000135,1252,1746,-494
116000136,891,3630,-2739
116000137,565,734,-169
116000138,1006,534,472
116000139,1540,2745,-1205
116000140,180,329,-149
116000141,463,1584,-1121
116000142,4579,5019,-440
116000143,2002,1835,167
116000144,1119,4053,-2934
116000145,1439,1968,-529
116000146,229,641,-412
116000147,324,195,129
116000148,371,456,-85
116000149,335,623,-288
116000151,664,1479,-815
116000153,108,849,-741
116000155,343,391,-48
116000156,550,2316,-1766
116000157,42,39,3
116000158,395,296,99
116000159,11,28,-17
116000160,22,214,-192
116000161,13,161,-148
116000162,68,85,-17
116000163,34,12,22
116000164,5,26,-21
116000177,32,167,-135
116000194,105,431,-326
116000195,2106,908,1198
116000196,5,7,-2
116000197,4,7,-3
116000198,2852,1095,1757
116000200,849,262,587
116000201,709,795,-86
116000202,6,592,-586
116000203,6,134,-128
116000204,5,84,-79
116000205,0,196,-196
116000206,1,110,-109
116000207,0,38,-38
116000233,163,1448,-1285
116000287,114,739,-625
116000288,130,413,-283
116000292,42,241,-199
116000296,34,416,-382
116000297,53,28,25
116000304,37,53,-16
116000305,25,115,-90
116000346,213,297,-84
116000352,50,77,-27
116000354,41,36,5
116000357,17,7,10
116000358,181,44,137
116000361,571,20,551
116000372,14877,3474,11403
116000381,56,0,56
116000388,3,28,-25
116000389,542,808,-266
116000445,197,801,-604
116000446,319,2024,-1705
116000447,15,483,-468
116000448,687,491,196
116000563,961,698,263
116000565,154,489,-335
116000568,60,237,-177
116000579,24,169,-145
116000584,22,20,2
116000585,16,14,2
116000586,255,104,151
116000587,372,634,-262
116000589,27,109,-82
116000590,63,97,-34
116000591,124,443,-319
116000592,9,161,-152
116000593,1,138,-137
116000594,309,658,-349
116000595,561,209,352
116000596,63,10,53
116000597,223,72,151
116000598,17,254,-237
116000602,149,152,-3
116000605,422,250,172
116000606,47,190,-143
116000607,5,77,-72
116000609,271,861,-590
116000611,117,630,-513
116000612,564,2062,-1498
116000613,402,465,-63
116000614,505,1213,-708
116000615,1,183,-182
116000616,44,181,-137
116000617,62,164,-102
116000618,3,270,-267
116000619,15,44,-29
116000620,39,62,-23
116000621,28,104,-76
116000622,27,137,-110
116000624,38,95,-57
116000627,56,95,-39
116000628,39,2285,-2246
116000629,29,1201,-1172
116000630,233,150,83
116000631,96,167,-71
116000632,311,425,-114
116000633,102,913,-811
116000634,235,369,-134
116000635,3552,1733,1819
116000636,2240,1103,1137
116000637,195,117,78
116000638,53,843,-790
116000640,2,6,-4
116000641,115,184,-69
116000644,33,1758,-1725
116900001,165,183,-18
116900002,319,2,317
116900003,10,105,-95
116900004,29,85,-56
116900005,153,64,89
116900006,300,143,157
116900007,72,273,-201
116900008,236,754,-518
116900009,15,6,9
116900010,14,3115,-3101
116900011,12,58,-46
116900012,122,288,-166
116900013,20,240,-220
116900014,66,496,-430
116900015,192,115,77
116900016,126,0,126
116900017,8,1211,-1203
116900018,70,58,12
116900019,8,655,-647
116900020,2474,407,2067
116900023,37,16,21
116900024,238,160,78
116900025,499,1513,-1014
116900026,288,1272,-984
116900027,22,104,-82
116900028,3,233,-230
116900029,4,17,-13
116900031,0,15,-15
116900032,7,574,-567
116900033,5,14,-9
116900034,5,103,-98
116900035,123,370,-247
116900036,2,116,-114
116900038,4,7,-3
116900041,36,25,11
116900042,1359,297,1062
116900043,14,147,-133
116900047,188,63,125
116900049,50,416,-366
116900050,71,850,-779
116900051,57,497,-440
116900052,176,149,27
116900055,0,7,-7
116900057,9,508,-499
116900058,37,759,-722
116900059,6,451,-445
116900060,358,374,-16
116900062,2,6,-4
116900064,84,1679,-1595
116900065,13,184,-171
116900067,71,236,-165
116900068,68,364,-296
116900070,0,7,-7
116900072,13,685,-672
116900073,5,380,-375
116900074,6,87,-81
116900076,8,43,-35
116900077,6,420,-414
116900078,329,198,131
116900079,37,655,-618
116900080,4,21,-17
116900081,328,2565,-2237
116900082,241,1002,-761
116900083,49,93,-44
116900084,254,78,176
116900085,22,226,-204
116900086,40,429,-389
116900088,653,92,561
116900090,111,91,20
116900091,190,114,76
116900092,69,1340,-1271
116900093,2089,2784,-695
116900094,7810,2816,4994
116900095,364,400,-36
116900096,103,208,-105
116900097,6702,2214,4488
116900098,978,265,713
116900099,522,695,-173
116900100,527,30,497
116900101,302,971,-669
116900103,5,4,1
116900104,31,130,-99
116900105,239,65,174
116900106,939,409,530
116900107,6426,1387,5039
116900110,15,0,15
116900111,236,1920,-1684
116900112,153,2069,-1916
116900113,5904,1210,4694
116900116,151,305,-154
116900117,28,145,-117
116900118,1361,803,558
116900120,128,276,-148
116900121,38,80,-42
116900122,442,1353,-911
116900123,125,1546,-1421
116900124,124,1546,-1422
116900125,239,476,-237
116900126,500,743,-243
116900128,0,46,-46
116900129,6,463,-457
116900130,1828,2205,-377
116900131,136,261,-125
116900132,26,81,-55
116900133,73,130,-57
116900134,194,221,-27
116900136,100,185,-85
116900137,328,264,64
116900138,103,312,-209
116900139,63,537,-474
116900140,112,164,-52
116900141,500,338,162
116900142,1,63,-62
116900143,193,668,-475
116900144,14,49,-35
116900145,102,647,-545
116900147,901,403,498
116900148,2,49,-47
116900149,25,188,-163
116900150,17,6,11
116900151,100,21,79
116900153,63,76,-13
116900154,442,348,94
116900155,89,42,47
116900157,331,396,-65
116900158,142,162,-20
116900159,25,306,-281
116900160,657,263,394
116900161,13188,4928,8260
116900162,4,235,-231
116900163,92,225,-133
116900164,59,49,10
116900165,154,123,31
116900166,12,143,-131
116900167,306,92,214
116900168,216,139,77
116900169,1096,299,797
116900170,132,315,-183
116900171,26,284,-258
116900172,309,102,207
116900173,102,82,20
116900174,19,25,-6
116900175,307,107,200
116900178,35,221,-186
116900179,70,140,-70
116900180,83,50,33
116900182,392,249,143
116900183,99,155,-56
116900185,15,23,-8
116900186,73,440,-367
116900187,18,28,-10
116900188,138,31,107
116900189,28,0,28
116900191,367,474,-107
116900192,157,374,-217
116900194,106,654,-548
116900195,17,32,-15
116900196,9,169,-160
116900197,40,3,37
116900198,374,160,214
116900200,24,39,-15
116900201,38,6,32
116900202,104,73,31
116900203,62,2,60
116900204,39,98,-59
116900206,11,63,-52
116900207,19,38,-19
116900208,15,186,-171
116900209,21,234,-213
116900210,359,254,105
116900211,268,20,248
116900212,15,103,-88
116900213,163,366,-203
116900214,120,197,-77
116900215,62,163,-101
116900216,299,530,-231
116900218,12,539,-527
116900219,787,383,404
116900220,65,233,-168
116900221,56,319,-263
116900222,315,284,31
116900223,130,204,-74
116900226,32,96,-64
116900227,115,98,17
116900228,240,343,-103
116900230,43,603,-560
116900231,31,787,-756
116900232,18,1044,-1026
116900233,224,121,103
116900234,3,3,0
116900235,174,416,-242
116900238,1802,625,1177
116900239,183,1036,-853
116900240,9920,2867,7053
116900241,41,197,-156
116900242,2045,339,1706
116900243,1,91,-90
116900245,31,6,25
116900246,48,13,35
116900247,329,28,301
116900248,62,43,19
116900249,163,206,-43
116900250,200,42,158
116900251,604,267,337
116900252,65,1924,-1859
116900253,85,173,-88
116900254,10,121,-111
116900255,70,67,3
116900256,188,166,22
116900257,10,992,-982
116900258,2,424,-422
116900259,77,8,69
116900260,2,160,-158
116900261,21,2,19
116900262,95,130,-35
116900263,0,6,-6
116900264,25,33,-8
116900265,25,0,25
116900266,7,157,-150
116900267,1,4,-3
116900268,27,9,18
116900269,238,649,-411
116900271,1913,106,1807
116900272,565,1038,-473
116900273,491,117,374
116900274,103,144,-41
116900275,154,248,-94
116900276,1817,57,1760
116900277,919,8,911
116900278,10,23,-13
116900279,0,31,-31
116900280,10,50,-40
116900281,12050,2731,9319
116900282,4,352,-348
116900283,17,295,-278
116900284,19,317,-298
116900285,570,371,199
116900286,253,9,244
116900287,3,127,-124
116900288,41,196,-155
116900289,20,81,-61
116900290,1,94,-93
116900291,9,17,-8
116900292,0,14,-14
116900293,15,75,-60
116900294,36,148,-112
116900295,356,78,278
116900296,126,96,30
116900297,9,128,-119
116900298,180,44,136
116900299,60,73,-13
116900300,5,282,-277
116900301,153,172,-19
116900302,124,60,64
116900303,815,61,754
116900304,0,168,-168
116900305,47,79,-32
116900306,57,236,-179
116900307,38,4,34
116900308,3,326,-323
116900309,38,311,-273
117000001,1513,1456,57
117000002,2469,6407,-3938
117000003,9234,2893,6341
117000004,5977,8617,-2640
117000005,1783,1619,164
117000006,1511,7275,-5764
117000007,2965,1374,1591
117000008,1811,8113,-6302
117000009,4248,1947,2301
117000010,3475,7692,-4217
117000011,1562,2249,-687
117000012,1432,2974,-1542
117000013,1441,1603,-162
117000014,1246,3986,-2740
117000015,4052,1362,2690
117000016,970,51,919
117000017,785,306,479
117000018,275,412,-137
117000019,483,17,466
117000020,1023,1231,-208
117000021,4736,943,3793
117000022,989,88,901
117000023,1485,232,1253
117000024,1025,105,920
117000025,2004,663,1341
117000026,6400,911,5489
117000027,3091,1622,1469
117000028,4008,1018,2990
117000030,832,921,-89
117000031,383,262,121
117000032,2516,1718,798
117000033,1547,989,558
117000034,397,542,-145
117000035,276,292,-16
117000036,543,582,-39
117000037,411,265,146
117000038,465,791,-326
117000039,425,361,64
117000040,158,2330,-2172
117000041,534,158,376
117000044,47,2119,-2072
117000045,351,51,300
117000046,748,1246,-498
117000047,915,526,389
117000048,3072,2934,138
117000049,164,511,-347
117000050,125,3826,-3701
117000051,1449,195,1254
117000052,15,941,-926
117000053,198,104,94
117000054,1074,10,1064
117000055,31,5825,-5794
117000056,478,19,459
117000057,734,3402,-2668
117000060,406,2395,-1989
117000061,1613,1152,461
117000062,215,857,-642
117000063,1925,817,1108
117000064,1074,1600,-526
117000066,1387,1073,314
117000067,300,348,-48
117000074,152,254,-102
117000076,103,55,48
117000077,150,124,26
117000078,219,1074,-855
117000079,336,215,121
117000080,0,570,-570
117000081,946,153,793
117000082,21,93,-72
117000083,146,20,126
117000084,332,6,326
117000085,162,669,-507
117000086,1151,990,161
117000087,110,779,-669
117000088,266,291,-25
117000089,1225,429,796
117000090,340,2359,-2019
117000091,553,335,218
117000092,429,2677,-2248
117000093,943,796,147
117000094,1140,4165,-3025
117000095,2457,971,1486
117000096,577,4170,-3593
117000097,1129,1295,-166
117000098,3568,8577,-5009
117000099,2581,1047,1534
117000100,225,188,37
117000101,222,1881,-1659
117000102,1468,695,773
117000103,1027,2968,-1941
117000104,1194,669,525
117000105,1140,2731,-1591
117000106,1113,987,126
117000107,604,3140,-2536
117000108,1444,1014,430
117000109,2712,4193,-1481
117000110,1203,919,284
117000111,4764,6950,-2186
117000112,2700,2920,-220
117000113,83,590,-507
117000114,167,300,-133
117000115,61,307,-246
117000116,130,425,-295
117000117,2061,545,1516
117000118,547,206,341
117000119,539,77,462
117000120,603,220,383
117000121,201,875,-674
117000122,944,1312,-368
117000123,2819,28,2791
117000124,952,60,892
117000125,906,99,807
117000126,110,74,36
117000127,403,599,-196
117000128,663,1095,-432
117000129,1203,408,795
117000130,115,6,109
117000131,1,391,-390
117000132,1338,56,1282
117000133,892,206,686
117000134,3,80,-77
117000135,7,24,-17
117000136,5,61,-56
117000137,73,72,1
117000138,5,843,-838
117000140,670,2339,-1669
117000141,1901,730,1171
117000181,1756,651,1105
117000182,335,258,77
117000195,199,1997,-1798
117000196,118,86,32
117000225,473,8,465
117000226,11,222,-211
117000276,134,14,120
117000277,4,1041,-1037
117000310,3412,3890,-478
117000315,54,1546,-1492
117000320,117,0,117
117000906,183,23,160
117000907,15,807,-792
117000909,44,46,-2
117000910,154,212,-58
117000911,112,245,-133
117000915,13,1267,-1254
117000916,6,4,2
117000917,665,25,640
117000918,14,103,-89
117000919,10,331,-321
117000920,12,2549,-2537
117000921,9,3017,-3008
117000922,84,197,-113
117000924,450,821,-371
117000926,1630,100,1530
117000927,1997,593,1404
117000928,1,641,-640
117000929,127,1278,-1151
117000930,138,10,128
117000931,527,168,359
117900002,314,503,-189
117900003,1016,566,450
117900005,3,108,-105
117900006,0,23,-23
117900007,128,228,-100
117900008,0,97,-97
117900010,392,190,202
117900011,80,23,57
117900012,35,343,-308
117900013,3,701,-698
117900014,873,359,514
117900015,42,377,-335
117900016,2485,693,1792
117900017,606,810,-204
117900018,407,69,338
117900019,304,916,-612
117900020,72,295,-223
117900021,39,185,-146
117900022,80,15,65
117900023,979,492,487
117900024,129,260,-131
117900025,49,6,43
117900026,326,890,-564
117900028,124,13,111
117900029,184,2083,-1899
117900030,399,218,181
117900031,408,250,158
117900032,528,435,93
117900033,172,1415,-1243
117900034,78,114,-36
117900035,106,61,45
117900036,231,1053,-822
117900037,68,149,-81
117900038,32,587,-555
117900039,6,131,-125
117900040,94,1006,-912
117900041,4,87,-83
117900042,6767,722,6045
117900043,42,112,-70
117900044,23,4282,-4259
117900045,157,119,38
117900048,160,438,-278
117900049,112,1582,-1470
117900050,27,90,-63
117900051,82,4,78
117900052,64,334,-270
117900053,1019,965,54
117900054,9,29,-20
117900055,245,336,-91
117900056,397,45,352
117900057,950,1597,-647
117900058,180,15,165
117900059,704,80,624
117900060,1050,7721,-6671
117900061,21,384,-363
117900063,236,378,-142
117900065,776,1707,-931
117900066,9,45,-36
117900067,339,550,-211
117900069,539,808,-269
117900070,435,3,432
117900071,133,197,-64
117900073,289,761,-472
117900074,315,5,310
117900075,113,90,23
117900076,25,74,-49
117900077,189,151,38
117900078,204,466,-262
117900080,341,46,295
117900081,558,605,-47
117900082,303,284,19
117900083,239,1379,-1140
117900086,167,40,127
117900087,56,75,-19
117900088,3156,3130,26
117900089,1258,420,838
117900090,510,1732,-1222
117900091,296,181,115
117900092,69,44,25
117900093,36,116,-80
117900094,23,14,9
117900095,463,1057,-594
117900096,69,321,-252
117900097,77,123,-46
117900098,24,3,21
117900099,162,738,-576
117900100,122,0,122
117900101,591,1130,-539
117900102,35,37,-2
117900103,18,0,18
117900104,11,238,-227
117900105,134,431,-297
117900106,71,69,2
117900107,11,1,10
117900109,369,327,42
117900110,35,0,35
117900111,226,10,216
117900112,40,17,23
117900113,7585,2825,4760
117900114,5,0,5
117900115,412,62,350
117900116,1150,1389,-239
117900117,269,479,-210
117900118,22,0,22
117900119,66,397,-331
117900120,120,295,-175
117900121,40,27,13
117900122,1627,1836,-209
117900123,1132,1285,-153
117900124,535,923,-388
117900125,1257,1084,173
117900126,224,988,-764
117900127,444,1238,-794
117900128,275,1860,-1585
117900129,29,0,29
117900130,860,562,298
117900131,2,158,-156
117900132,12,141,-129
117900133,4,154,-150
117900134,37,219,-182
117900135,25,316,-291
117900136,0,74,-74
117900137,25,460,-435
117900138,0,51,-51
117900139,51,263,-212
117900140,8357,400,7957
117900141,450,464,-14
117900142,69,24,45
117900144,189,149,40
117900145,53,39,14
117900146,379,88,291
117900147,116,90,26
117900148,4111,1090,3021
117900149,33,268,-235
117900150,24,124,-100
117900151,55,239,-184
117900152,148,142,6
117900153,31,159,-128
117900154,464,1292,-828
117900156,1038,1421,-383
117900157,103,579,-476
117900158,110,106,4
117900160,394,403,-9
117900161,3066,3750,-684
117900162,306,647,-341
117900163,212,26,186
117900165,0,26,-26
117900166,102,321,-219
117900168,29,221,-192
117900169,2,150,-148
117900170,1,53,-52
117900171,1,33,-32
117900172,10,39,-29
117900173,147,74,73
117900174,18,73,-55
117900175,6,65,-59
117900176,14,70,-56
117900177,17,124,-107
117900178,103,48,55
117900180,400,35,365
117900181,199,298,-99
117900182,5,33,-28
117900183,38,161,-123
117900184,10,54,-44
117900185,17,38,-21
117900186,41,25,16
117900187,11,28,-17
117900188,232,31,201
117900189,76,15,61
117900190,3,1,2
117900191,64,0,64
117900192,184,1,183
117900193,1,67,-66
117900194,22,2,20
117900195,13,54,-41
117900196,16,39,-23
117900207,170,109,61
117900208,21,53,-32
117900209,195,212,-17
117900210,144,290,-146
117900211,9,296,-287
117900212,60,263,-203
117900213,23,12,11
117900214,2,93,-91
117900215,21,104,-83
117900216,66,21,45
117900217,253,97,156
117900218,538,381,157
117900219,4,57,-53
117900220,264,105,159
117900222,154,402,-248
117900223,159,345,-186
118000001,845,612,233
118000002,1230,2079,-849
118000003,3085,1996,1089
118000004,3748,2254,1494
118000005,5426,3800,1626
118000006,7535,9399,-1864
118000007,7807,2483,5324
118000008,6366,3136,3230
118000009,3061,3463,-402
118000010,4029,4768,-739
118000011,1014,3964,-2950
118000012,1234,4279,-3045
118000013,4688,4264,424
118000014,1952,4499,-2547
118000016,198,526,-328
118000017,207,463,-256
118000018,237,658,-421
118000019,2232,1555,677
118000020,1542,1729,-187
118000021,852,2305,-1453
118000022,2040,752,1288
118000023,1171,330,841
118000024,1831,894,937
118000027,18662,9345,9317
118000029,1047,615,432
118000032,1516,3328,-1812
118000033,2559,3273,-714
118000034,5375,2291,3084
118000035,1542,1935,-393
118000036,1373,1129,244
118000037,756,1221,-465
118000038,108,172,-64
118000039,113,742,-629
118000040,1424,3306,-1882
118000041,2189,1944,245
118000045,784,112,672
118000046,2623,557,2066
118000047,2750,627,2123
118000048,4809,1358,3451
118000051,2671,1206,1465
118000052,1894,789,1105
118000053,1335,616,719
118000054,2058,1833,225
118000055,1474,2346,-872
118000056,202,412,-210
118000057,138,470,-332
118000058,4640,1640,3000
118000059,3376,923,2453
118000060,765,955,-190
118000061,669,1828,-1159
118000062,590,414,176
118000063,320,568,-248
118000064,1174,1578,-404
118000065,5885,2398,3487
118000066,1271,1685,-414
118000067,1314,767,547
118000068,2326,4318,-1992
118000069,4228,1428,2800
118000070,9592,1944,7648
118000071,4302,6862,-2560
118000072,2785,1011,1774
118000073,3337,517,2820
118000074,605,765,-160
118000075,757,292,465
118000076,1831,1338,493
118000077,1439,1400,39
118000078,2119,1696,423
118000079,350,345,5
118000080,1269,1123,146
118000081,2125,1003,1122
118000082,388,945,-557
118000083,3041,1404,1637
118000084,3032,1736,1296
118000086,289,576,-287
118000087,9367,3202,6165
118000088,2031,2246,-215
118000089,5696,2766,2930
118000090,2648,3148,-500
118000091,2493,2614,-121
118000092,1802,613,1189
118000093,159,850,-691
118000096,612,652,-40
118000097,810,814,-4
118000098,274,275,-1
118000099,282,1102,-820
118000101,804,428,376
118000102,302,1777,-1475
118000107,5982,641,5341
118000108,803,1647,-844
118000110,0,34,-34
118000111,2,999,-997
118000112,188,3,185
118000113,11,1726,-1715
118000114,186,7,179
118000115,20,23,-3
118000116,55,0,55
118000117,1564,1361,203
118000118,1113,633,480
118000119,824,1401,-577
118000120,1849,1984,-135
118000121,127,659,-532
118000122,1576,346,1230
118000123,58,360,-302
118000125,2357,1585,772
118000126,1005,1392,-387
118000127,2483,801,1682
118000128,806,1609,-803
118000129,947,241,706
118000130,3412,5201,-1789
118000131,633,1175,-542
118000132,2023,1526,497
118000133,914,507,407
118000135,700,509,191
118000136,119,663,-544
118000137,1042,108,934
118000138,279,1356,-1077
118000139,215,164,51
118000140,2331,3530,-1199
118000141,1737,2407,-670
118000142,1319,2422,-1103
118000143,1438,1265,173
118000144,1780,1291,489
118000145,1119,3279,-2160
118000146,869,1364,-495
118000147,611,2108,-1497
118000148,340,1721,-1381
118000149,655,1642,-987
118000150,265,393,-128
118000151,261,419,-158
118000153,850,1610,-760
118000154,723,2221,-1498
118000155,801,1596,-795
118000156,3403,2800,603
118000157,462,493,-31
118000158,106,446,-340
118000159,19,62,-43
118000160,333,379,-46
118000161,319,970,-651
118000162,957,1036,-79
118000163,533,792,-259
118000164,3182,1779,1403
118000168,2292,352,1940
118000169,1059,2232,-1173
118000170,3933,8021,-4088
118000171,252,751,-499
118000172,84,429,-345
118000173,805,1484,-679
118000175,192,427,-235
118000176,167,413,-246
118000177,140,554,-414
118000178,219,59,160
118000179,1637,766,871
118000180,722,835,-113
118000181,722,353,369
118000182,206,295,-89
118000183,168,344,-176
118000184,531,1335,-804
118000185,768,749,19
118000186,476,654,-178
118000187,1111,900,211
118000188,653,277,376
118000189,314,1264,-950
118000190,12,29,-17
118000191,12,67,-55
118000192,57,125,-68
118000193,33,423,-390
118000194,2643,1212,1431
118000195,1130,622,508
118000196,738,130,608
118000197,391,86,305
118000198,703,416,287
118000199,1171,378,793
118000200,158,429,-271
118000201,682,456,226
118000202,50,88,-38
118000203,1672,343,1329
118000204,216,328,-112
118000205,363,360,3
118000206,189,241,-52
118000207,0,189,-189
118000208,967,1852,-885
118000209,1650,2448,-798
118000210,40,44,-4
118000211,15,24,-9
118000213,1279,1371,-92
118000214,749,487,262
118000215,186,417,-231
118000216,1968,5091,-3123
118000217,16,143,-127
118000218,70,172,-102
118000219,453,523,-70
118000220,7,32,-25
118000221,89,339,-250
118000222,53,39,14
118000223,33,32,1
118000224,406,82,324
118000225,116,1617,-1501
118000226,1077,199,878
118000227,1051,306,745
118000228,135,152,-17
118000229,313,62,251
118000230,135,366,-231
118000231,81,374,-293
118000232,577,1299,-722
118000233,688,1125,-437
118000234,264,458,-194
118000236,297,686,-389
118000237,64,966,-902
118000238,155,591,-436
118000239,268,388,-120
118000240,754,67,687
118000241,87,470,-383
118000242,270,914,-644
118000243,130,292,-162
118000244,27,255,-228
118000246,0,5,-5
118000255,68,332,-264
118000256,150,285,-135
118000259,4,73,-69
118000260,139,172,-33
118000261,65,158,-93
118000263,64,378,-314
118000266,72,690,-618
118000267,0,130,-130
118000268,455,3,452
118000270,25,59,-34
118000271,195,337,-142
118000272,67,28,39
118000273,113,136,-23
118000274,129,495,-366
118000276,269,415,-146
118000295,8,90,-82
118000298,100,573,-473
118000299,70,297,-227
118000301,0,106,-106
118000302,68,143,-75
118000311,245,172,73
118000312,192,250,-58
118000313,34,258,-224
118000314,65,156,-91
118000315,11,107,-96
118000316,474,786,-312
118000325,41,92,-51
118000326,17,34,-17
118000331,19,70,-51
118000332,6,63,-57
118000333,23,71,-48
118000335,155,1,154
118000336,4,653,-649
118000407,110,91,19
118000457,11,29,-18
118000465,3987,3635,352
118000480,26,247,-221
118000489,27,194,-167
118000490,53,606,-553
118000492,155,388,-233
118000510,47,13,34
118000514,235,518,-283
118000515,765,544,221
118000517,572,273,299
118000524,903,240,663
118000525,832,1111,-279
118000530,8,123,-115
118000531,190,365,-175
118000532,135,335,-200
118000533,461,166,295
118000534,638,420,218
118000535,215,163,52
118000536,871,1210,-339
118000537,25,94,-69
118000538,33,144,-111
118000539,27,89,-62
118000540,341,330,11
118000541,292,127,165
118000542,114,224,-110
118000543,274,257,17
118000546,35,17,18
118000553,0,2,-2
118000560,4155,1157,2998
118000562,34,893,-859
118000563,2485,1690,795
118000576,151,339,-188
118000577,220,177,43
118000578,162,218,-56
118000579,1029,1092,-63
118000583,0,0,0
118000595,113,65,48
118000596,1,129,-128
118000597,120,170,-50
118000598,6,0,6
118000599,22,91,-69
118000600,5,3,2
118000601,1,0,1
118000602,4,13,-9
118000603,1,90,-89
118000605,48,878,-830
118900001,1853,1213,640
118900002,1458,751,707
118900003,193,52,141
118900004,14,84,-70
118900005,76,8,68
118900006,87,6,81
118900007,4,5,-1
118900008,1060,39,1021
118900009,18,24,-6
118900010,77,5,72
118900011,195,46,149
118900012,264,322,-58
118900013,1031,72,959
118900015,170,66,104
118900016,14,42,-28
118900017,214,286,-72
118900018,2012,23,1989
118900019,55,10,45
118900020,177,192,-15
118900021,156,535,-379
118900022,61,116,-55
118900023,150,162,-12
118900024,72,351,-279
118900025,80,42,38
118900026,30,101,-71
118900027,723,411,312
118900028,113,227,-114
118900029,171,900,-729
118900030,172,144,28
118900031,87,174,-87
118900032,164,306,-142
118900033,475,1258,-783
118900034,100,14,86
118900035,93,403,-310
118900036,792,1072,-280
118900037,357,418,-61
118900038,361,453,-92
118900039,344,387,-43
118900040,145,185,-40
118900041,311,264,47
118900042,119,133,-14
118900045,267,203,64
118900046,799,211,588
118900047,1156,257,899
118900048,359,243,116
118900049,94,62,32
118900050,6,153,-147
118900051,143,87,56
118900052,282,423,-141
118900053,30,98,-68
118900054,87,123,-36
118900055,22,171,-149
118900056,112,279,-167
118900057,432,295,137
118900058,374,676,-302
118900059,17,124,-107
118900060,22,222,-200
118900062,104,263,-159
118900064,690,647,43
118900065,53,190,-137
118900066,65,191,-126
118900067,7085,2685,4400
118900068,6,453,-447
118900069,372,393,-21
118900071,10,75,-65
118900072,491,541,-50
118900073,55,148,-93
118900074,96,213,-117
118900075,34,81,-47
118900076,308,83,225
118900077,145,237,-92
118900078,43,8,35
118900079,56,236,-180
118900080,9,89,-80
118900081,57,41,16
118900082,566,239,327
118900083,16,11,5
118900084,26,31,-5
118900085,451,1151,-700
118900086,14,87,-73
118900087,17,221,-204
118900088,0,15,-15
118900089,22,13,9
118900090,297,526,-229
118900091,197,207,-10
118900092,70,133,-63
118900093,114,6,108
118900096,62,96,-34
118900097,141,1347,-1206
118900099,37,543,-506
118900100,197,331,-134
118900101,75,918,-843
118900102,33,71,-38
118900103,48,67,-19
118900104,125,287,-162
118900105,162,80,82
118900107,215,145,70
118900108,56,119,-63
118900110,2608,696,1912
118900111,321,971,-650
118900112,57,194,-137
118900113,77,1080,-1003
118900114,21,153,-132
118900115,82,561,-479
118900116,103,165,-62
118900117,62,129,-67
118900118,261,668,-407
118900119,83,391,-308
118900120,74,356,-282
118900121,10,475,-465
118900122,7,529,-522
118900123,136,270,-134
118900124,89,243,-154
118900126,22,280,-258
118900129,448,224,224
118900130,62,139,-77
118900131,81,266,-185
118900132,382,223,159
118900133,30,67,-37
118900135,144,264,-120
118900136,148,1138,-990
118900137,3,27,-24
118900139,184,1132,-948
118900140,294,1064,-770
118900141,53,475,-422
118900144,128,760,-632
118900145,10,290,-280
118900146,231,1223,-992
118900147,300,156,144
118900148,70,130,-60
118900150,118,544,-426
118900152,383,1175,-792
118900157,215,271,-56
118900158,36,197,-161
118900159,4,415,-411
118900161,183,6,177
118900163,474,75,399
118900164,13,160,-147
118900165,14,405,-391
118900166,45,5,40
118900167,35,278,-243
118900168,3,59,-56
118900169,73,561,-488
118900170,61,205,-144
118900171,11,26,-15
118900174,57,132,-75
118900175,260,359,-99
118900176,108,231,-123
118900177,20,79,-59
118900178,26,126,-100
118900179,4,69,-65
118900181,48,196,-148
118900182,128,48,80
118900183,17,72,-55
118900184,182,77,105
118900185,58,110,-52
118900186,70,85,-15
118900187,173,470,-297
118900188,149,386,-237
118900189,26,500,-474
118900190,14,1016,-1002
118900191,126,71,55
118900192,116,69,47
118900193,207,21,186
118900195,493,1560,-1067
118900196,28,261,-233
118900197,117,206,-89
118900198,5,39,-34
118900199,29,85,-56
118900200,6,7,-1
118900201,5,12,-7
118900202,4,44,-40
118900203,4,61,-57
118900204,8,47,-39
118900205,16,28,-12
118900206,2,60,-58
119000001,1109,1802,-693
119000002,2376,4246,-1870
119000003,1542,2280,-738
119000004,1819,1820,-1
119000005,2051,2482,-431
119000006,1874,1898,-24
119000007,3020,3568,-548
119000008,1611,2724,-1113
119000009,3513,3139,374
119000010,9780,4254,5526
119000011,6477,2813,3664
119000012,4841,3519,1322
119000013,2025,1268,757
119000014,2412,3936,-1524
119000019,197,213,-16
119000020,1103,1605,-502
119000021,2784,2507,277
119000022,5182,2113,3069
119000023,325,277,48
119000024,2398,7428,-5030
119000025,17285,1597,15688
119000026,306,317,-11
119000027,501,499,2
119000028,2534,1636,898
119000029,116,271,-155
119000030,422,1569,-1147
119000031,678,767,-89
119000032,2477,3113,-636
119000033,1918,2545,-627
119000034,831,1198,-367
119000035,29,478,-449
119000036,872,1655,-783
119000037,897,3012,-2115
119000038,87,1730,-1643
119000039,172,411,-239
119000040,1631,533,1098
119000041,1391,1352,39
119000048,3798,5772,-1974
119000049,1304,5358,-4054
119000050,1678,3663,-1985
119000051,1985,1265,720
119000052,2999,4382,-1383
119000053,1856,1568,288
119000054,2653,6257,-3604
119000055,2457,4719,-2262
119000056,1659,2608,-949
119000057,1288,3792,-2504
119000058,1877,3200,-1323
119000059,978,2694,-1716
119000060,1065,1009,56
119000061,809,1137,-328
119000062,885,1648,-763
119000063,382,292,90
119000064,1671,2037,-366
119000065,2036,3762,-1726
119000066,1364,1190,174
119000067,2069,3872,-1803
119000068,1187,1228,-41
119000069,1468,4357,-2889
119000070,1629,1429,200
119000071,598,1490,-892
119000072,9597,5211,4386
119000073,5573,6133,-560
119000074,978,5873,-4895
119000075,1014,2964,-1950
119000076,363,1101,-738
119000077,515,604,-89
119000078,228,313,-85
119000079,78,1005,-927
119000080,222,414,-192
119000081,136,492,-356
119000082,549,342,207
119000083,409,466,-57
119000084,343,856,-513
119000085,761,432,329
119000086,184,346,-162
119000087,2037,1286,751
119000088,256,253,3
119000089,46,179,-133
119000090,190,256,-66
119000091,162,273,-111
119000092,686,285,401
119000093,5527,5550,-23
119000094,2029,7358,-5329
119000095,1267,4636,-3369
119000097,3030,2284,746
119000098,638,1885,-1247
119000099,2530,2761,-231
119000100,2619,2466,153
119000101,2394,2643,-249
119000102,710,773,-63
119000103,1255,546,709
119000104,4948,2150,2798
119000105,808,1304,-496
119000106,320,3276,-2956
119000107,487,638,-151
119000108,265,2092,-1827
119000109,96,341,-245
119000110,385,441,-56
119000111,22,575,-553
119000112,118,130,-12
119000113,2111,356,1755
119000114,1069,846,223
119000115,167,185,-18
119000116,95,100,-5
119000117,134,408,-274
119000118,5,1,4
119000123,4182,807,3375
119000124,423,337,86
119000125,1902,1650,252
119000126,615,1467,-852
119000127,436,1480,-1044
119000128,27,8,19
119000131,764,1578,-814
119000132,4,5,-1
119000133,3,14,-11
119000134,3950,774,3176
119000135,80,220,-140
119000136,134,364,-230
119000137,139,760,-621
119000138,225,574,-349
119000139,192,455,-263
119000140,156,307,-151
119000284,1651,3849,-2198
119000285,2928,2861,67
119000286,7975,6138,1837
119000287,1504,2697,-1193
119000288,2055,2251,-196
119000289,2914,5045,-2131
119000290,155,834,-679
119000291,3,464,-461
119000293,79,301,-222
119000294,38,35,3
119000295,3231,792,2439
119000296,117,139,-22
119000302,5718,1680,4038
119000303,35,229,-194
119000310,0,0,0
119000314,1664,6668,-5004
119000315,0,1053,-1053
119000316,57,191,-134
119000317,42,775,-733
119900001,198,928,-730
119900002,122,383,-261
119900003,67,1871,-1804
119900004,441,580,-139
119900005,109,260,-151
119900006,235,412,-177
119900007,692,138,554
119900008,22,38,-16
119900009,386,607,-221
119900010,716,1107,-391
119900011,21,51,-30
119900012,9,48,-39
119900013,1674,692,982
119900014,488,244,244
119900015,63,26,37
119900016,59,174,-115
119900017,25,57,-32
119900018,2011,467,1544
119900019,30,9,21
119900020,90,185,-95
119900021,100,68,32
119900022,205,338,-133
119900023,1263,810,453
119900025,92,36,56
119900026,1180,121,1059
119900027,3,18,-15
119900028,152,58,94
119900029,1,9,-8
119900030,538,734,-196
119900031,25,262,-237
119900033,1840,218,1622
119900034,236,253,-17
119900037,109,72,37
119900038,35,233,-198
119900039,49,4,45
119900040,53,9,44
119900041,69,66,3
119900042,45,251,-206
119900043,39,259,-220
119900044,285,446,-161
119900046,54,87,-33
119900047,180,41,139
119900048,21,66,-45
119900049,132,70,62
119900050,63,91,-28
119900051,384,9,375
119900052,28,71,-43
119900053,124,395,-271
119900054,62,4,58
119900055,901,391,510
119900057,110,87,23
119900058,120,0,120
119900059,136,75,61
119900060,175,6,169
119900062,23,42,-19
119900063,7,50,-43
119900065,170,11,159
119900066,0,0,0
119900067,51,41,10
119900068,219,0,219
119900069,60,43,17
119900070,395,10,385
119900071,344,22,322
119900073,2583,632,1951
119900074,32,28,4
119900075,8227,2414,5813
119900076,236,634,-398
119900077,474,1995,-1521
119900078,346,1193,-847
119900079,109,509,-400
119900080,945,2114,-1169
119900081,148,114,34
119900082,535,100,435
119900083,375,99,276
119900084,889,340,549
119900085,207,97,110
119900087,574,397,177
119900088,74,68,6
119900089,16,855,-839
119900090,244,68,176
119900091,56,2246,-2190
119900092,29,641,-612
119900093,1188,187,1001
119900094,33,326,-293
119900095,187,157,30
119900096,45,134,-89
119900097,719,235,484
119900098,38,155,-117
119900099,48,374,-326
119900100,4130,2037,2093
119900101,227,1021,-794
119900102,19,476,-457
119900103,23,863,-840
119900104,37,438,-401
119900105,608,1354,-746
119900106,19,389,-370
119900107,435,6438,-6003
119900108,2432,845,1587
119900109,14,577,-563
119900110,479,1233,-754
119900111,49,561,-512
119900112,5371,719,4652
119900113,65,624,-559
119900114,175,2901,-2726
119900115,160,2107,-1947
119900116,166,486,-320
119900117,172,1419,-1247
119900118,33,2027,-1994
119900119,179,369,-190
119900120,669,1032,-363
119900121,247,2217,-1970
119900122,450,535,-85
119900123,237,370,-133
119900124,148,1662,-1514
119900125,77,708,-631
119900126,7247,336,6911
119900127,3807,1182,2625
119900128,301,1315,-1014
119900129,163,1538,-1375
119900130,47,431,-384
119900131,33,578,-545
119900132,4,820,-816
119900133,38,59,-21
119900134,3602,356,3246
119900135,4,1043,-1039
119900136,200,823,-623
119900138,521,927,-406
119900139,13,84,-71
119900140,3,221,-218
119900141,241,586,-345
119900142,14,25,-11
119900143,16,243,-227
119900144,3237,312,2925
119900145,66,330,-264
119900146,159,187,-28
119900147,9,170,-161
119900148,114,70,44
119900149,2324,2313,11
119900150,179,292,-113
119900151,1977,892,1085
119900152,85,677,-592
119900153,92,70,22
119900154,32,568,-536
119900155,20,44,-24
119900156,12,2,10
119900157,43,419,-376
119900158,79,97,-18
119900159,6,2764,-2758
119900160,27,436,-409
119900161,219,566,-347
119900162,675,987,-312
119900163,166,192,-26
119900164,0,2,-2
119900165,107,445,-338
119900166,88,37,51
119900167,190,193,-3
119900168,430,544,-114
119900169,167,430,-263
119900170,138,180,-42
119900171,681,792,-111
119900172,124,23,101
119900173,6,797,-791
119900174,7,380,-373
119900175,723,887,-164
119900177,14,300,-286
119900178,11,400,-389
119900179,78,203,-125
119900180,826,698,128
119900181,36,78,-42
119900182,9,953,-944
119900183,131,1263,-1132
119900184,4788,808,3980
119900185,46,116,-70
119900186,110,435,-325
119900187,18,1192,-1174
119900188,30,300,-270
119900189,462,275,187
119900190,54,161,-107
119900191,394,171,223
119900192,40,272,-232
119900193,199,318,-119
119900194,15,55,-40
119900195,31,374,-343
119900196,2739,654,2085
119900197,113,112,1
119900198,64,601,-537
119900199,170,30,140
119900200,434,664,-230
119900201,535,275,260
119900202,289,167,122
119900203,179,387,-208
119900204,208,530,-322
119900205,349,959,-610
119900206,73,184,-111
119900208,156,128,28
119900209,385,902,-517
119900210,27,41,-14
119900211,98,18,80
119900212,114,498,-384
119900213,5,52,-47
119900214,21,146,-125
119900215,39,149,-110
119900216,8,126,-118
119900217,13,83,-70
119900218,29,93,-64
119900219,4,220,-216
119900220,4,214,-210
119900221,16,721,-705
119900222,16,503,-487
119900223,18,176,-158
119900224,3,54,-51
119900225,1842,49,1793
119900226,1317,1510,-193
119900227,1714,542,1172
119900228,39,363,-324
119900229,355,658,-303
119900230,1927,966,961
119900231,145,279,-134
119900232,175,74,101
119900233,28,3,25
119900234,24,73,-49
119900235,27,40,-13
119900236,22,390,-368
119900237,35,1041,-1006
119900238,2,126,-124
119900240,61,210,-149
119900241,137,283,-146
119900242,3093,2077,1016
119900244,1097,1087,10
119900245,106,173,-67
119900246,267,322,-55
119900247,12,85,-73
119900248,53,91,-38
119900249,169,85,84
119900253,6758,497,6261
119900254,74,319,-245
119900255,65,652,-587
119900256,319,2099,-1780
119900257,35,4,31
119900258,46,2,44
119900259,8,388,-380
119900260,76,3,73
119900261,181,299,-118
119900262,3,464,-461
119900263,1127,523,604
119900264,52,439,-387
119900265,140,427,-287
119900266,173,508,-335
119900267,194,595,-401
119900268,121,327,-206
119900269,591,1884,-1293
119900271,21,126,-105
119900272,184,47,137
119900275,95,16,79
119900276,21,0,21
119900277,4,9,-5
119900278,433,84,349
119900279,152,266,-114
119900280,1522,270,1252
119900281,3,113,-110
119900282,53,41,12
119900283,13,542,-529
119900284,86,234,-148
119900285,17,78,-61
119900286,5,25,-20
119900288,13,54,-41
119900289,1,56,-55
119900290,2,73,-71
119900291,1,52,-51
119900292,21,20,1
119900293,20,2,18
119900294,24,0,24
119900295,0,0,0
119900296,0,0,0
119900299,49,520,-471
119900300,128,404,-276
119900301,103,70,33
119900302,111,124,-13
119900303,198,493,-295
119900304,102,46,56
119900305,26,144,-118
119900306,41,6,35
119900307,30,257,-227
119900308,0,23,-23
119900309,19,60,-41
119900310,279,535,-256
119900311,34,328,-294
119900312,64,145,-81
119900313,187,569,-382
119900314,114,296,-182
119900315,881,4747,-3866
119900318,10,22,-12
119900319,1,531,-530
119900320,95,1292,-1197
119900321,38,3,35
119900322,70,95,-25
119900323,4,258,-254
119900324,1,123,-122
119900325,74,775,-701
119900326,481,68,413
120000001,11447,13022,-1575
120000002,2182,4466,-2284
120000003,3946,2663,1283
120000004,2908,3362,-454
120000005,5286,2734,2552
120000006,1340,1905,-565
120000007,4513,3205,1308
120000008,1126,1907,-781
120000009,7073,1225,5848
120000010,2198,4341,-2143
120000011,1569,3192,-1623
120000012,1573,4540,-2967
120000013,2730,4097,-1367
120000014,707,2387,-1680
120000015,3090,2219,871
120000016,3460,3670,-210
120000017,2990,3120,-130
120000018,7639,11028,-3389
120000019,845,1665,-820
120000020,4003,3393,610
120000021,2208,2380,-172
120000022,2976,4456,-1480
120000023,884,2313,-1429
120000024,1337,2969,-1632
120000025,2141,2983,-842
120000026,945,2538,-1593
120000027,1138,2083,-945
120000028,769,615,154
120000029,2612,737,1875
120000030,109,780,-671
120000031,1833,6821,-4988
120000032,14311,4540,9771
120000033,3602,2637,965
120000034,1451,3498,-2047
120000035,2009,4075,-2066
120000036,3245,5992,-2747
120000037,627,1450,-823
120000038,15602,4352,11250
120000039,478,1385,-907
120000040,51,229,-178
120000041,533,2465,-1932
120000042,1526,6112,-4586
120000043,4477,4630,-153
120000044,3466,1673,1793
120000045,3427,1281,2146
120000046,1965,2021,-56
120000047,3111,3665,-554
120000048,12293,5071,7222
120000049,3802,4227,-425
120000050,3741,7563,-3822
120000051,4908,6289,-1381
120000052,22342,3806,18536
120000053,1230,6964,-5734
120000054,1469,10866,-9397
120000055,1538,8459,-6921
120000056,3046,7540,-4494
120000057,1849,1073,776
120000058,488,271,217
120000059,36,1197,-1161
120000061,123,996,-873
120000062,231,372,-141
120000063,2175,4479,-2304
120000064,259,2530,-2271
120000065,568,2891,-2323
120000066,166,657,-491
120000067,28,948,-920
120000068,208,1872,-1664
120000069,647,2498,-1851
120000070,44,1614,-1570
120000071,220,256,-36
120000072,332,643,-311
120000073,424,100,324
120000074,22,96,-74
120000075,487,288,199
120000076,1003,424,579
120000077,1020,639,381
120000078,3180,986,2194
120000079,221,681,-460
120000080,110,264,-154
120000081,212,219,-7
120000082,190,232,-42
120000083,142,549,-407
120000084,573,938,-365
120000085,276,701,-425
120000086,363,988,-625
120000087,224,1893,-1669
120000088,702,2112,-1410
120000089,1053,984,69
120000090,466,773,-307
120000091,744,1304,-560
120000092,1154,773,381
120000093,364,759,-395
120000094,146,690,-544
120000095,866,1118,-252
120000096,254,1841,-1587
120000098,802,1791,-989
120000099,328,1033,-705
120000100,639,1242,-603
120000101,406,710,-304
120000102,408,677,-269
120000103,795,622,173
120000104,1298,376,922
120000105,1892,484,1408
120000106,1442,510,932
120000107,2186,572,1614
120000108,658,136,522
120000109,844,72,772
120000110,99,1696,-1597
120000111,171,2281,-2110
120000112,832,6745,-5913
120000113,607,5228,-4621
120000114,812,5186,-4374
120000115,434,4263,-3829
120000116,719,3540,-2821
120000117,2166,2566,-400
120000118,34,54,-20
120000119,56,136,-80
120000120,41,51,-10
120000121,37,66,-29
120000122,335,359,-24
120000123,10257,4167,6090
120000124,348,897,-549
120000125,381,989,-608
120000126,266,1141,-875
120000127,2301,1133,1168
120000128,4652,3320,1332
120000129,285,507,-222
120000130,895,1272,-377
120000131,285,693,-408
120000134,444,2392,-1948
120000135,247,450,-203
120000137,187,3905,-3718
120000138,385,687,-302
120000139,229,2000,-1771
120000140,362,1025,-663
120000141,182,888,-706
120000142,229,860,-631
120000143,1,127,-126
120000144,62,1,61
120000145,195,6,189
120000146,3762,1178,2584
120000149,520,1288,-768
120000150,7221,9157,-1936
120000151,376,699,-323
120000152,222,448,-226
120000153,124,1643,-1519
120000154,547,584,-37
120000155,84,340,-256
120000156,2687,764,1923
120000157,974,929,45
120000158,793,1853,-1060
120000159,1912,3322,-1410
120000160,1979,1664,315
120000161,1321,3718,-2397
120000162,116,343,-227
120000163,457,2743,-2286
120000164,345,785,-440
120000165,290,1637,-1347
120000166,855,1014,-159
120000167,17,70,-53
120000168,6,190,-184
120000169,103,509,-406
120000170,183,209,-26
120000171,41,42,-1
120000172,41,44,-3
120000173,2951,175,2776
120000174,729,8,721
120000175,854,17,837
120000176,385,62,323
120000177,1523,372,1151
120000178,64,5,59
120000179,497,36,461
120000180,642,134,508
120000181,104,261,-157
120000182,101,127,-26
120000183,3,118,-115
120000184,108,975,-867
120000186,69,76,-7
120000187,143,57,86
120000188,377,97,280
120000190,1429,24,1405
120000191,2370,20,2350
120000192,2512,22,2490
120000193,763,8,755
120000195,90,4,86
120000196,254,46,208
120000197,93,171,-78
120000198,116,300,-184
120000199,57,1,56
120000200,70,0,70
120000201,24,13,11
120000202,2,118,-116
120000203,39,683,-644
120000207,1,168,-167
120000208,11,537,-526
120000209,6,127,-121
120000210,244,147,97
120000211,46,1,45
120000212,79,1,78
120000213,72,539,-467
120000214,3,700,-697
120000215,5,262,-257
120000216,41,5,36
120000217,1156,2122,-966
120000218,295,1964,-1669
120000219,14,1231,-1217
120000220,23,4101,-4078
120000225,677,1,676
120000226,199,4,195
120000227,577,33,544
120000228,9029,2584,6445
120000230,188,12,176
120000231,757,3922,-3165
120000233,302,204,98
120000235,138,1288,-1150
120000236,653,1,652
120000237,9,3743,-3734
120000238,4,192,-188
120000241,1508,5017,-3509
120000412,2807,55,2752
120000413,224,765,-541
120000414,78,6,72
120000415,2,330,-328
120000416,31,10,21
120000417,6,181,-175
120000418,85,43,42
120000419,25,936,-911
120000420,103,61,42
120000421,21689,8001,13688
120000422,340,695,-355
120000423,2,59,-57
120000424,128,322,-194
120000436,148,403,-255
120000437,185,285,-100
120000438,7603,512,7091
120000439,150,350,-200
120000443,142,1,141
120000444,878,1193,-315
120000445,1782,2000,-218
120000446,1822,515,1307
120000447,159,13,146
120000449,54,39,15
120000450,4,677,-673
120000451,118,448,-330
120000452,105,6,99
120000453,0,578,-578
120000454,109,35,74
120000455,105,105,0
120000456,4176,3497,679
120000457,1994,1577,417
120000458,740,1136,-396
120000459,58,130,-72
120000665,1103,166,937
120000668,92,322,-230
120000669,88,723,-635
120000670,225,489,-264
120000671,978,342,636
120000672,122,677,-555
120900001,41,57,-16
120900002,369,351,18
120900003,226,41,185
120900004,8,62,-54
120900005,34,1724,-1690
120900006,206,255,-49
120900007,88,278,-190
120900008,132,1717,-1585
120900009,417,70,347
120900010,289,71,218
120900011,556,173,383
120900012,1903,1064,839
120900013,230,67,163
120900014,23,1208,-1185
120900015,328,96,232
120900016,464,63,401
120900017,4457,138,4319
120900018,44,842,-798
120900019,502,172,330
120900020,1220,816,404
120900021,434,128,306
120900022,141,743,-602
120900023,125,50,75
120900024,1644,494,1150
120900025,2460,1332,1128
120900026,135,288,-153
120900027,658,109,549
120900028,212,64,148
120900029,166,306,-140
120900030,860,572,288
120900031,124,72,52
120900032,564,283,281
120900033,832,75,757
120900034,36,2390,-2354
120900035,66,170,-104
120900037,164,13,151
120900038,41,187,-146
120900039,90,39,51
120900040,201,2,199
120900041,231,131,100
120900042,244,98,146
120900043,35,25,10
120900044,9,629,-620
120900045,160,263,-103
120900046,259,3,256
120900047,173,51,122
120900048,67,35,32
120900049,216,1,215
120900050,5564,1440,4124
120900051,254,187,67
120900052,356,6,350
120900053,149,158,-9
120900054,1512,1536,-24
120900055,218,1,217
120900056,352,19,333
120900057,100,26,74
120900058,303,2,301
120900059,55,5,50
120900060,31,61,-30
120900061,194,808,-614
120900062,113,1,112
120900063,389,9,380
120900064,271,2,269
120900065,278,2,276
120900066,179,491,-312
120900067,457,322,135
120900068,170,0,170
120900069,128,140,-12
120900071,11,0,11
120900072,436,1,435
120900073,237,350,-113
120900074,594,134,460
120900076,173,0,173
120900077,6341,299,6042
120900078,481,1440,-959
120900079,419,122,297
120900080,325,3849,-3524
120900081,617,2330,-1713
120900082,973,344,629
120900083,44,11,33
120900084,176,329,-153
120900085,173,227,-54
120900086,269,260,9
120900087,307,141,166
120900088,260,292,-32
120900089,7122,1672,5450
120900090,83,283,-200
120900091,471,478,-7
120900092,1301,1314,-13
120900093,6176,314,5862
120900094,575,403,172
120900095,265,26,239
120900096,17,236,-219
120900097,720,1776,-1056
120900098,269,228,41
120900099,60,107,-47
120900100,58,623,-565
120900101,743,438,305
120900102,15,145,-130
120900103,38,196,-158
120900104,33,78,-45
120900105,38,1153,-1115
120900106,1614,931,683
120900107,399,198,201
120900108,9,1556,-1547
120900109,37,1192,-1155
120900110,8,841,-833
120900111,132,660,-528
120900112,10,2408,-2398
120900113,19,1473,-1454
120900114,32,319,-287
120900115,170,217,-47
120900116,167,1226,-1059
120900117,1,1002,-1001
120900118,10,1446,-1436
120900119,3472,4380,-908
120900120,45,1251,-1206
120900121,66,756,-690
120900122,282,1280,-998
120900123,3,913,-910
120900124,6,1299,-1293
120900125,6,2055,-2049
120900126,1790,1300,490
120900127,9,955,-946
120900128,1111,1674,-563
120900129,58,672,-614
120900130,1,329,-328
120900131,22,75,-53
120900132,551,609,-58
120900133,236,2032,-1796
120900134,614,703,-89
120900135,3,1047,-1044
120900136,14,27,-13
120900137,140,186,-46
120900138,30,328,-298
120900139,5,1518,-1513
120900140,0,56,-56
120900141,90,163,-73
120900142,24,1678,-1654
120900143,7,1767,-1760
120900144,2,418,-416
120900145,54,1428,-1374
120900146,4,1906,-1902
120900147,0,534,-534
120900148,103,183,-80
120900149,1,770,-769
120900150,28,1121,-1093
120900151,2,1238,-1236
120900152,3,60,-57
120900153,25,94,-69
120900154,4,748,-744
120900155,100,1942,-1842
120900156,29,506,-477
120900157,37,371,-334
120900158,31,945,-914
120900159,52,456,-404
120900160,52,584,-532
120900161,17,790,-773
120900162,19,841,-822
120900163,13,182,-169
120900164,4,2,2
120900165,0,4,-4
120900166,83,312,-229
120900167,395,149,246
120900169,61,1003,-942
120900170,4426,1878,2548
120900171,1656,652,1004
120900172,1167,191,976
120900173,0,89,-89
120900174,10,190,-180
120900175,261,419,-158
120900176,9,323,-314
120900177,1,673,-672
120900178,1,340,-339
120900179,1099,736,363
120900180,136,75,61
120900181,25,60,-35
120900182,5,586,-581
120900183,299,93,206
120900184,129,102,27
120900185,1,571,-570
120900186,4,844,-840
120900187,352,1175,-823
120900188,96,17,79
120900189,261,621,-360
120900190,35,19,16
120900191,6,36,-30
120900192,21405,3435,17970
120900194,27,137,-110
120900195,139,429,-290
120900196,549,66,483
120900197,383,99,284
120900198,277,1002,-725
120900199,248,317,-69
120900200,104,201,-97
120900201,780,202,578
120900202,2,381,-379
120900203,29,57,-28
120900204,240,660,-420
120900205,69,142,-73
120900206,7,28,-21
120900207,60,2207,-2147
121000001,1165,1467,-302
121000002,3275,2099,1176
121000003,5549,2317,3232
121000004,3263,6622,-3359
121000005,2430,3427,-997
121000006,3799,1747,2052
121000007,3982,3686,296
121000008,8427,3842,4585
121000009,7845,7994,-149
121000010,11297,6964,4333
121000011,10587,18009,-7422
121000012,17070,13074,3996
121000013,6942,10108,-3166
121000014,8434,9004,-570
121000015,7181,8151,-970
121000016,6098,5278,820
121000017,2092,4424,-2332
121000018,2181,2372,-191
121000019,21936,10728,11208
121000020,13744,10390,3354
121000021,3362,4042,-680
121000022,1634,1868,-234
121000023,4686,3993,693
121000024,3190,4078,-888
121000025,790,1518,-728
121000026,293,145,148
121000027,1626,1219,407
121000028,808,596,212
121000029,998,997,1
121000030,652,572,80
121000031,729,773,-44
121000032,180,73,107
121000034,529,252,277
121000035,199,90,109
121000036,1545,1041,504
121000037,709,831,-122
121000038,783,731,52
121000039,484,490,-6
121000041,521,576,-55
121000042,223,357,-134
121000043,1117,946,171
121000044,2219,804,1415
121000045,424,523,-99
121000046,476,1145,-669
121000047,59,79,-20
121000049,2351,680,1671
121000050,306,1223,-917
121000051,763,431,332
121000052,295,739,-444
121000053,513,97,416
121000054,50,228,-178
121000055,1760,1844,-84
121000056,972,1258,-286
121000057,135,395,-260
121000058,372,142,230
121000059,2254,1572,682
121000060,437,888,-451
121000061,225,211,14
121000062,105,275,-170
121000063,759,594,165
121000064,690,952,-262
121000065,611,508,103
121000066,749,522,227
121000067,1062,419,643
121000068,609,452,157
121000069,928,442,486
121000070,1863,1539,324
121000071,1045,1050,-5
121000072,1240,1042,198
121000073,1218,844,374
121000074,82,179,-97
121000075,64,193,-129
121000076,1668,461,1207
121000077,128,192,-64
121000078,83,111,-28
121000080,2888,820,2068
121000081,4154,2810,1344
121000082,138,239,-101
121000083,270,220,50
121000084,200,78,122
121000085,293,590,-297
121000086,153,857,-704
121000087,89,294,-205
121000088,330,1100,-770
121000089,503,332,171
121000090,495,497,-2
121000091,2055,1157,898
121000092,197,151,46
121000093,146,360,-214
121000094,473,674,-201
121000095,364,610,-246
121000096,2505,3886,-1381
121000097,1382,2440,-1058
121000098,397,1871,-1474
121000099,367,1230,-863
121000100,796,732,64
121000101,167,342,-175
121000102,150,533,-383
121000103,128,469,-341
121000104,178,233,-55
121000105,292,302,-10
121000106,213,621,-408
121000107,2833,5090,-2257
121000109,1679,1407,272
121000110,512,730,-218
121000114,3299,2409,890
121000115,1137,1027,110
121000116,578,1292,-714
121000117,1045,472,573
121000118,1195,482,713
121000119,278,454,-176
121000120,240,491,-251
121000121,468,1116,-648
121000123,1672,753,919
121000127,223,152,71
121000128,585,554,31
121000129,586,551,35
121000130,435,1610,-1175
121000131,2160,1544,616
121000132,1403,1858,-455
121000135,367,330,37
121000136,1249,592,657
121000137,398,226,172
121000138,808,625,183
121000139,548,137,411
121000141,215,125,90
121000142,1037,738,299
121000143,142,26,116
121000144,1134,1388,-254
121000145,523,1759,-1236
121000146,1062,1262,-200
121000147,802,710,92
121000148,992,1294,-302
121000149,2188,1509,679
121000152,533,902,-369
121000153,2039,803,1236
121000154,950,942,8
121000155,1583,1353,230
121000156,433,1394,-961
121000157,1835,3041,-1206
121000158,370,1033,-663
121000159,181,887,-706
121000160,352,1082,-730
121000161,114,443,-329
121000162,48,380,-332
121000165,2006,1905,101
121000166,38,840,-802
121000168,267,390,-123
121000169,41,210,-169
121000170,234,167,67
121000171,66,242,-176
121000172,535,514,21
121000173,1101,1048,53
121000174,189,432,-243
121000175,696,638,58
121000176,305,287,18
121000177,956,723,233
121000178,148,65,83
121000179,121,60,61
121000181,532,546,-14
121000182,78,143,-65
121000183,18,78,-60
121000184,21,52,-31
121000185,13,148,-135
121000186,102,335,-233
121000187,160,353,-193
121000188,136,274,-138
121000192,593,499,94
121000193,627,540,87
121000194,3154,2424,730
121000195,466,1222,-756
121000196,1527,288,1239
121000197,395,1139,-744
121000198,448,104,344
121000199,126,651,-525
121000200,334,109,225
121000201,9,265,-256
121000202,1236,126,1110
121000203,690,3211,-2521
121000204,2140,933,1207
121000205,195,462,-267
121000206,202,45,157
121000207,1582,662,920
121000208,8,582,-574
121000209,182,626,-444
121000210,338,1065,-727
121000211,362,195,167
121000212,283,1487,-1204
121000213,12614,3540,9074
121000214,1115,2507,-1392
121000215,1635,1287,348
121000216,536,575,-39
121000217,4898,3513,1385
121000218,546,2267,-1721
121000219,1733,486,1247
121000220,373,97,276
121000221,117,328,-211
121000222,3125,3003,122
121000223,655,358,297
121000224,317,146,171
121000225,2802,1159,1643
121000226,6582,904,5678
121000227,8,363,-355
121000228,22,1124,-1102
121000229,157,722,-565
121000230,87,2689,-2602
121000231,693,31,662
121000232,541,302,239
121000233,412,405,7
121000234,7,28,-21
121000235,59,31,28
121000236,5,67,-62
121000237,6,6,0
121000238,4,113,-109
121000239,12,1,11
121000240,6,374,-368
121000241,67,11,56
121000242,33,190,-157
121000243,161,34,127
121000244,1,91,-90
121000245,17,8,9
121000246,4,106,-102
121000247,51,3,48
121000248,555,610,-55
121000249,106,286,-180
121000250,473,111,362
121000251,19,1001,-982
121000252,66,50,16
121000253,359,839,-480
121000254,783,354,429
121000255,213,154,59
121000256,295,180,115
121000257,53,105,-52
121000258,88,58,30
121000259,47,35,12
121000260,102,228,-126
121000261,110,50,60
121000262,1168,1130,38
121000263,347,575,-228
121000271,332,2729,-2397
121000273,193,9,184
121000274,14,47,-33
121000275,8,45,-37
121000276,3,17,-14
121000278,90,65,25
121000279,51,27,24
121000280,71,55,16
121000289,204,30,174
121000290,1752,870,882
121000294,110,238,-128
121000297,1235,1215,20
121000299,413,427,-14
121000300,871,694,177
121000302,114,1014,-900
121000303,515,536,-21
121000304,416,91,325
121000305,157,48,109
121000306,105,164,-59
121000308,191,514,-323
121000309,422,778,-356
121000310,142,550,-408
121000311,79,1081,-1002
121000312,329,330,-1
121000313,600,603,-3
121000314,132,89,43
121000315,58,107,-49
121000530,946,1974,-1028
121000531,978,1971,-993
121000532,6315,5878,437
121000533,2653,3667,-1014
121000918,34,251,-217
121000919,24,64,-40
121000938,196,178,18
121000939,300,189,111
121000956,703,2364,-1661
121000957,3,11,-8
121000958,247,66,181
121000959,553,1420,-867
121000960,1731,3200,-1469
121000961,109,87,22
121000962,348,1359,-1011
121000973,2,562,-560
121000976,12,181,-169
121000979,317,89,228
121000981,241,144,97
121000982,248,380,-132
121000983,534,642,-108
121000984,31,47,-16
121000985,422,1416,-994
121000986,368,852,-484
121000987,311,2460,-2149
121000988,537,151,386
121001302,349,139,210
121001308,17,11,6
121001309,158,63,95
121001313,182,420,-238
121001314,3853,4518,-665
121001315,5329,2660,2669
121900001,62,138,-76
121900002,47,16,31
121900003,296,14,282
121900004,149,502,-353
121900005,32,38,-6
121900006,70,21,49
121900007,2909,2201,708
121900008,1454,482,972
121900009,697,20,677
121900010,220,5,215
121900011,180,484,-304
121900012,3,0,3
121900013,1232,52,1180
121900014,1460,347,1113
121900015,153,200,-47
121900016,1,22,-21
121900017,327,694,-367
121900018,218,5,213
121900019,277,396,-119
121900020,40,2,38
121900021,779,11,768
121900022,142,176,-34
121900023,92,567,-475
121900024,485,115,370
121900025,469,514,-45
121900026,404,68,336
121900027,197,200,-3
121900028,342,18,324
121900029,147,290,-143
121900030,645,616,29
121900031,1866,7029,-5163
121900032,84,80,4
121900033,159,169,-10
121900034,437,114,323
121900035,2995,2033,962
121900036,130,594,-464
121900037,118,734,-616
121900038,25,176,-151
121900039,345,36,309
121900040,32,103,-71
121900041,76,203,-127
121900042,300,169,131
121900043,1,2,-1
121900044,369,81,288
121900046,283,260,23
121900047,165,60,105
121900048,40,173,-133
121900050,16,45,-29
121900051,134,200,-66
121900052,95,40,55
121900053,257,292,-35
121900054,565,877,-312
121900055,1,9,-8
121900058,269,371,-102
121900059,263,159,104
121900060,112,360,-248
121900061,207,141,66
121900062,71,98,-27
121900063,796,383,413
121900064,168,909,-741
121900066,33,26,7
121900067,22,40,-18
121900069,206,193,13
121900070,325,135,190
121900071,174,288,-114
121900072,21,190,-169
121900073,283,223,60
121900074,696,728,-32
121900075,1100,393,707
121900076,420,753,-333
121900077,8,50,-42
121900078,64,48,16
121900079,0,0,0
121900080,704,517,187
121900082,23,118,-95
121900084,6,241,-235
121900085,1,16,-15
121900086,15,69,-54
121900087,180,90,90
121900088,2296,3354,-1058
121900089,137,533,-396
121900090,13,143,-130
121900091,28,116,-88
121900092,35,112,-77
121900093,38,68,-30
121900094,31,14,17
121900095,182,101,81
121900096,1350,506,844
121900097,318,200,118
121900098,5,9,-4
121900099,181,120,61
121900100,138,268,-130
121900101,143,99,44
121900102,15,138,-123
121900103,615,187,428
121900104,1309,417,892
121900105,189,148,41
121900106,3,4,-1
121900107,40,43,-3
121900108,3,53,-50
121900109,321,139,182
121900110,248,1606,-1358
121900111,776,102,674
121900112,85,108,-23
121900113,84,356,-272
121900114,16,99,-83
121900117,145,25,120
121900118,2758,460,2298
121900119,89,142,-53
121900120,34,1610,-1576
121900121,810,85,725
121900122,22,43,-21
121900123,240,637,-397
121900124,125,300,-175
121900125,1268,1400,-132
121900127,6,99,-93
121900128,72,185,-113
121900129,987,151,836
121900130,136,296,-160
121900131,221,134,87
121900132,33,131,-98
121900133,102,431,-329
121900134,25,143,-118
121900135,2485,220,2265
121900136,207,604,-397
121900137,57,371,-314
121900138,76,240,-164
121900139,485,682,-197
121900140,81,221,-140
121900141,22,9,13
121900142,86,156,-70
121900143,15,180,-165
121900144,207,378,-171
121900145,191,193,-2
121900146,660,935,-275
121900147,63,213,-150
121900148,157,326,-169
121900149,415,878,-463
121900150,85,193,-108
121900151,66,255,-189
121900152,42,143,-101
121900153,109,502,-393
121900154,15,178,-163
121900155,3,134,-131
121900156,128,81,47
121900157,8,612,-604
121900158,67,85,-18
121900159,3,275,-272
121900160,54,236,-182
121900161,442,435,7
121900162,126,133,-7
121900163,116,1015,-899
121900164,417,259,158
121900165,266,253,13
121900166,200,220,-20
121900167,164,118,46
121900168,279,153,126
121900169,9,558,-549
121900170,10,211,-201
121900171,461,860,-399
121900172,358,340,18
121900173,1023,302,721
121900174,24,38,-14
121900175,217,190,27
121900176,548,2503,-1955
121900177,160,61,99
121900178,43,109,-66
121900179,257,152,105
121900180,6656,3404,3252
121900182,1152,369,783
121900183,461,581,-120
121900184,46,633,-587
121900186,14,328,-314
121900187,16,148,-132
121900188,684,473,211
121900189,50,114,-64
121900190,200,595,-395
121900191,60,165,-105
121900192,450,1001,-551
121900193,51,247,-196
121900194,1,155,-154
121900195,134,90,44
121900196,938,1074,-136
121900197,297,2718,-2421
121900198,1279,1854,-575
121900199,4,19,-15
121900200,72,213,-141
121900201,1297,439,858
121900202,145,450,-305
121900203,246,1413,-1167
121900204,1337,1021,316
121900205,14,114,-100
121900206,12,11,1
121900207,203,36,167
121900208,265,365,-100
121900209,45,29,16
121900210,1940,1500,440
121900211,185,610,-425
121900212,141,130,11
121900213,126,143,-17
121900214,5,595,-590
121900215,49,73,-24
121900216,39,105,-66
121900217,291,135,156
121900218,435,672,-237
121900220,175,17,158
121900221,338,733,-395
121900222,157,205,-48
121900223,180,97,83
121900224,71,102,-31
121900225,143,88,55
121900226,271,977,-706
121900227,145,438,-293
121900228,156,361,-205
121900230,98,252,-154
121900231,516,1472,-956
121900232,274,425,-151
121900233,362,296,66
121900234,255,485,-230
121900235,370,407,-37
121900236,286,176,110
121900237,231,206,25
121900238,125,213,-88
121900239,131,60,71
121900240,165,176,-11
121900241,39,52,-13
121900242,2,1,1
121900243,3,0,3
121900244,10,1,9
121900245,163,182,-19
121900246,2100,599,1501
121900247,231,292,-61
121900248,1432,1035,397
121900250,274,334,-60
121900251,279,22,257
121900252,557,152,405
121900253,223,1517,-1294
121900254,486,326,160
121900255,201,115,86
121900258,3375,2203,1172
121900259,381,585,-204
121900260,85,243,-158
121900261,152,524,-372
121900262,512,1000,-488
121900263,128,323,-195
121900264,2535,1831,704
121900265,152,367,-215
121900266,173,227,-54
121900267,39,26,13
121900269,115,377,-262
121900270,21,175,-154
121900271,23,174,-151
121900273,609,1635,-1026
121900274,181,275,-94
121900277,308,1916,-1608
121900278,157,1161,-1004
121900279,153,384,-231
121900280,224,474,-250
121900281,585,286,299
121900284,67,9,58
121900286,75,154,-79
121900287,10,18,-8
121900288,3,1,2
121900290,234,383,-149
121900291,507,889,-382
121900292,342,119,223
121900293,1020,4351,-3331
121900294,265,3,262
121900295,52,303,-251
121900296,60,104,-44
121900298,564,528,36
121900299,0,0,0
121900300,37,1,36
121900301,16,0,16
121900302,0,20,-20
121900303,500,495,5
121900304,1,10,-9
121900305,0,5,-5
121900306,84,1,83
121900307,23,20,3
121900308,15,393,-378
121900309,12,233,-221
121900310,30,590,-560
121900311,226,29,197
121900312,187,18,169
121900313,307,17,290
121900314,0,61,-61
121900315,9,0,9
121900316,0,19,-19
121900317,1,2,-1
121900318,0,25,-25
121900319,19,144,-125
121900320,80,102,-22
121900321,9,1,8
121900322,2,22,-20
121900323,24,18,6
121900324,6,60,-54
121900325,3,1,2
121900326,0,26,-26
121900327,8,83,-75
121900328,2,52,-50
121900329,1,380,-379
121900330,0,23,-23
121900331,76,54,22
121900332,73,29,44
121900333,19,3,16
121900334,155,41,114
122000001,2647,4498,-1851
122000002,5614,2042,3572
122000003,2184,1880,304
122000004,3605,1779,1826
122000005,3874,1358,2516
122000006,3611,695,2916
122000007,1879,2067,-188
122000008,7427,6679,748
122000009,599,421,178
122000010,2627,3898,-1271
122000011,3716,1568,2148
122000012,1854,1304,550
122000013,3698,1728,1970
122000014,2047,3539,-1492
122000015,2395,1223,1172
122000016,730,1188,-458
122000017,1188,1224,-36
122000018,1854,1242,612
122000019,1089,2052,-963
122000020,246,309,-63
122000021,593,698,-105
122000022,1879,2175,-296
122000023,641,4227,-3586
122000024,1172,1104,68
122000025,2695,1437,1258
122000026,2296,978,1318
122000027,723,7187,-6464
122000028,1009,542,467
122000029,590,369,221
122000030,353,148,205
122000031,259,303,-44
122000032,2421,5034,-2613
122000033,1605,1135,470
122000034,990,729,261
122000035,379,1158,-779
122000036,574,653,-79
122000037,362,307,55
122000038,369,398,-29
122000039,740,656,84
122000040,413,556,-143
122000041,694,570,124
122000042,597,496,101
122000043,255,210,45
122000044,212,276,-64
122000045,1890,716,1174
122000046,1196,1397,-201
122000047,412,253,159
122000048,3207,6304,-3097
122000049,5851,2479,3372
122000050,2655,770,1885
122000051,610,461,149
122000052,704,241,463
122000053,212,457,-245
122000054,2705,2425,280
122000055,3127,2757,370
122000056,6170,4951,1219
122000057,4455,3216,1239
122000058,5880,1141,4739
122000059,4668,1657,3011
122000060,1032,738,294
122000061,712,531,181
122000062,1529,344,1185
122000063,2380,662,1718
122000064,5204,3008,2196
122000065,7189,3242,3947
122000066,1413,1132,281
122000067,2636,1543,1093
122000068,1359,1976,-617
122000069,623,830,-207
122000070,676,5698,-5022
122000071,1096,2448,-1352
122000072,494,438,56
122000073,736,622,114
122000074,2341,1762,579
122000075,671,1941,-1270
122000076,2219,1229,990
122000077,1877,711,1166
122000078,3593,2379,1214
122000079,3129,945,2184
122000080,1967,473,1494
122000081,335,521,-186
122000082,1477,842,635
122000083,1559,6069,-4510
122000084,1225,1143,82
122000085,250,2886,-2636
122000086,2608,6705,-4097
122000087,480,173,307
122000088,246,356,-110
122000089,8430,4249,4181
122000090,312,453,-141
122000091,458,70,388
122000092,200,22,178
122000093,2681,920,1761
122000094,9478,1759,7719
122000095,3796,3079,717
122000096,3141,2298,843
122000098,3904,1559,2345
122000099,5206,671,4535
122000100,1585,836,749
122000101,308,1418,-1110
122000102,2021,1308,713
122000103,1647,1468,179
122000104,361,203,158
122000105,317,293,24
122000106,567,569,-2
122000107,1206,744,462
122000108,317,1046,-729
122000109,432,451,-19
122000110,406,628,-222
122000111,2984,1085,1899
122000112,904,1464,-560
122000113,678,824,-146
122000114,6767,2115,4652
122000115,2054,2957,-903
122000116,460,580,-120
122000117,1220,402,818
122000118,363,677,-314
122000119,3410,1781,1629
122000120,2688,3140,-452
122000121,3457,2653,804
122000122,902,1571,-669
122000123,2448,1760,688
122000124,1656,614,1042
122000125,560,706,-146
122000126,834,1094,-260
122000127,1811,1031,780
122000128,682,931,-249
122000129,347,890,-543
122000130,2642,667,1975
122000131,1478,773,705
122000132,857,503,354
122000133,1251,2590,-1339
122000134,511,612,-101
122000135,784,984,-200
122000136,428,310,118
122000137,1224,780,444
122000139,2441,3677,-1236
122000140,2038,706,1332
122000141,6459,1394,5065
122000142,923,844,79
122000143,561,274,287
122000144,1766,1105,661
122000145,2160,763,1397
122000146,883,1234,-351
122000147,1365,449,916
122000148,3636,1479,2157
122000149,2142,1399,743
122000150,1098,1045,53
122000151,205,390,-185
122000152,596,350,246
122000153,580,358,222
122000154,353,230,123
122000155,1339,2247,-908
122000156,2061,1995,66
122000157,2487,1431,1056
122000158,502,734,-232
122000159,1494,1947,-453
122000160,4754,1220,3534
122000161,1018,716,302
122000162,2263,1564,699
122000163,265,74,191
122000164,32,91,-59
122000165,877,981,-104
122000166,1357,1536,-179
122000167,198,241,-43
122000168,197,601,-404
122000169,720,201,519
122000170,236,329,-93
122000171,21,69,-48
122000172,1931,2102,-171
122000173,1709,3191,-1482
122000174,2985,1033,1952
122000175,1560,369,1191
122000176,382,881,-499
122000177,2206,1850,356
122000178,3477,3949,-472
122000179,2420,3896,-1476
122000180,2159,1470,689
122000181,1925,4160,-2235
122000182,2256,1734,522
122000183,1910,1702,208
122000184,2833,2250,583
122000185,1339,1581,-242
122000186,802,1223,-421
122000187,2509,1394,1115
122000188,484,237,247
122000189,325,423,-98
122000190,1326,1217,109
122000191,1504,761,743
122000192,928,455,473
122000193,347,778,-431
122000194,899,234,665
122000195,205,561,-356
122000196,914,714,200
122000197,573,911,-338
122000198,687,1373,-686
122000199,561,499,62
122000200,2042,782,1260
122000201,1424,1729,-305
122000202,1183,1349,-166
122000203,2761,1863,898
122000204,1361,2412,-1051
122000205,1496,1594,-98
122000206,2704,1009,1695
122000207,1299,1554,-255
122000208,2685,1904,781
122000209,3443,481,2962
122000210,2157,2527,-370
122000211,1816,1303,513
122000212,822,497,325
122000213,1147,1521,-374
122000214,2000,1923,77
122000215,2293,1824,469
122000217,2571,1659,912
122000218,870,85,785
122000219,1718,1197,521
122000220,358,834,-476
122000221,198,526,-328
122000222,557,132,425
122000223,1276,487,789
122000225,921,272,649
122000226,1459,2396,-937
122000227,371,3169,-2798
122000228,372,506,-134
122000229,38,553,-515
122000230,67,916,-849
122000231,285,1038,-753
122000232,569,1386,-817
122000233,1,161,-160
122000234,172,293,-121
122000235,529,316,213
122000236,572,206,366
122000237,75,63,12
122000238,230,239,-9
122000239,421,111,310
122000240,842,450,392
122000241,750,626,124
122000242,461,148,313
122000243,165,67,98
122000244,46,793,-747
122000245,59,423,-364
122000246,148,250,-102
122000247,612,1312,-700
122000248,2082,2694,-612
122000249,494,750,-256
122000250,1572,1000,572
122000251,171,487,-316
122000252,551,98,453
122000253,27,304,-277
122000254,218,88,130
122000255,773,2092,-1319
122000256,368,1911,-1543
122000257,92,501,-409
122000258,104,273,-169
122000259,10,959,-949
122000260,9,147,-138
122000261,5,330,-325
122000262,0,107,-107
122000263,144,159,-15
122000264,1056,540,516
122000265,2848,1115,1733
122000266,5918,669,5249
122000267,64,161,-97
122000268,137,496,-359
122000269,1099,317,782
122000270,1469,97,1372
122000271,407,1606,-1199
122000272,339,1641,-1302
122000273,325,685,-360
122000274,163,213,-50
122000275,48,263,-215
122000276,444,800,-356
122000277,856,1413,-557
122000278,803,1122,-319
122000279,162,596,-434
122000280,1043,912,131
122000281,594,1025,-431
122000282,139,142,-3
122000283,350,58,292
122000284,121,93,28
122000285,352,115,237
122000286,121,213,-92
122000287,845,1724,-879
122000288,316,321,-5
122000291,855,541,314
122000293,575,332,243
122000294,109,205,-96
122000295,1523,295,1228
122000296,77,539,-462
122000297,4113,2532,1581
122000299,314,638,-324
122000300,529,711,-182
122000301,21061,3032,18029
122000302,1475,1201,274
122000303,5542,1435,4107
122000304,47,251,-204
122000305,793,303,490
122000306,28,1148,-1120
122000307,126,157,-31
122000309,91,93,-2
122000310,40,53,-13
122000311,209,148,61
122000312,132,74,58
122000313,89,57,32
122000314,139,266,-127
122000315,250,16,234
122000316,501,313,188
122000317,873,287,586
122000318,254,532,-278
122000319,274,1007,-733
122000320,361,3646,-3285
122000321,137,367,-230
122000322,2815,5276,-2461
122000323,1922,2712,-790
122000324,1994,2162,-168
122000325,1308,1604,-296
122000326,31,199,-168
122000327,379,541,-162
122000328,1677,1058,619
122000330,2566,697,1869
122000332,248,407,-159
122000333,5,281,-276
122000337,854,2264,-1410
122000338,460,669,-209
122000340,613,368,245
122000342,4309,1284,3025
122000343,500,2434,-1934
122000344,34,38,-4
122000345,14,90,-76
122000346,302,861,-559
122000348,434,1098,-664
122000349,103,914,-811
122000351,158,389,-231
122000352,273,145,128
122000353,66,188,-122
122000355,150,153,-3
122000356,2884,1062,1822
122000357,24,19,5
122000358,1,122,-121
122000359,0,48,-48
122000360,0,69,-69
122000362,9,140,-131
122000364,91,580,-489
122000365,2,30,-28
122000366,18,6,12
122000368,492,934,-442
122000370,26,75,-49
122000371,11,0,11
122000372,4,2,2
122000381,54,527,-473
122000382,69,268,-199
122000384,6572,2878,3694
122000385,36,0,36
122000386,1207,1073,134
122000387,765,748,17
122000388,3030,520,2510
122000389,296,1096,-800
122000390,656,363,293
122000391,551,229,322
122000392,186,322,-136
122000393,16,265,-249
122000394,478,428,50
122000395,140,238,-98
122000396,248,160,88
122000397,34,109,-75
122000398,7,56,-49
122000399,90,115,-25
122000400,231,329,-98
122000401,133,114,19
122000402,232,126,106
122000403,551,1560,-1009
122000404,126,420,-294
122000408,873,1416,-543
122000503,8,111,-103
122000524,219,152,67
122000544,67,3862,-3795
122000616,536,2,534
122000640,23,181,-158
122000641,40,656,-616
122000642,934,1737,-803
122000643,19,151,-132
122000644,229,24,205
122000645,74,357,-283
122000651,3439,781,2658
122000664,188,38,150
122000665,983,575,408
122000666,667,1292,-625
122000673,18,544,-526
122000674,65,52,13
122000675,1685,1854,-169
122000686,290,1862,-1572
122000687,1245,478,767
122000688,169,1252,-1083
122000689,530,793,-263
122000690,801,830,-29
122000691,364,4056,-3692
122000692,1131,487,644
122000693,416,2834,-2418
122000695,200,801,-601
122000696,205,514,-309
122000698,209,1484,-1275
122000699,131,80,51
122000701,1099,479,620
122000702,640,3120,-2480
122000703,175,107,68
122000712,0,0,0
122000717,178,87,91
122000718,341,712,-371
122000719,40,101,-61
122000720,189,463,-274
122000724,124,40,84
122900001,51,3,48
122900002,1565,3316,-1751
122900003,378,59,319
122900004,858,25,833
122900005,31,42,-11
122900006,630,310,320
122900007,77,13,64
122900008,624,62,562
122900009,922,477,445
122900010,249,260,-11
122900012,229,437,-208
122900014,157,456,-299
122900015,2723,571,2152
122900016,114,463,-349
122900017,588,1086,-498
122900018,246,13,233
122900019,4,177,-173
122900020,470,531,-61
122900021,41,784,-743
122900022,514,1124,-610
122900023,368,392,-24
122900024,130,113,17
122900025,17,192,-175
122900026,193,351,-158
122900027,111,991,-880
122900028,105,230,-125
122900029,6291,2714,3577
122900030,2063,592,1471
122900031,143,164,-21
122900032,124,274,-150
122900033,228,201,27
122900034,4965,6123,-1158
122900035,80,18,62
122900036,52,381,-329
122900037,457,145,312
122900038,182,2635,-2453
122900039,83,501,-418
122900040,374,607,-233
122900041,215,248,-33
122900042,143,347,-204
122900043,463,347,116
122900044,101,413,-312
122900045,112,179,-67
122900046,77,114,-37
122900047,689,205,484
122900048,62,257,-195
122900049,2405,192,2213
122900051,112,172,-60
122900052,44,145,-101
122900053,17,16,1
122900055,274,132,142
122900057,364,51,313
122900061,428,206,222
122900062,423,501,-78
122900063,132,592,-460
122900064,1097,770,327
122900065,442,135,307
122900066,437,257,180
122900067,2525,1053,1472
122900068,145,486,-341
122900069,189,1351,-1162
122900070,215,50,165
122900071,118,599,-481
122900072,17,856,-839
122900073,37,481,-444
122900074,357,1209,-852
122900075,0,96,-96
122900076,3,288,-285
122900077,3,225,-222
122900078,77,224,-147
122900080,100,32,68
122900081,158,190,-32
122900082,628,279,349
122900083,228,147,81
122900084,4,300,-296
122900086,19,37,-18
122900087,149,699,-550
122900088,58,132,-74
122900089,29,232,-203
122900090,9,999,-990
122900091,149,2,147
122900092,0,310,-310
122900093,2,570,-568
122900094,3,372,-369
122900095,117,6,111
122900096,171,617,-446
122900097,12,12,0
122900098,120,149,-29
122900099,6,5,1
122900100,480,427,53
122900101,1142,330,812
122900102,19,8,11
122900103,41,3,38
122900104,57,2,55
122900105,9,9,0
122900106,2,114,-112
122900107,11,338,-327
122900108,7,324,-317
123000001,2531,342,2189
123000002,7380,3140,4240
123000003,3686,3198,488
123000004,3188,6321,-3133
123000005,2770,2906,-136
123000006,3431,4106,-675
123000007,2952,2659,293
123000008,2789,4658,-1869
123000009,4571,3111,1460
123000010,4034,4486,-452
123000011,4502,813,3689
123000012,1412,3276,-1864
123000013,3413,922,2491
123000014,1586,5153,-3567
123000015,4454,884,3570
123000016,9576,3444,6132
123000017,3970,1492,2478
123000018,41,106,-65
123000019,153,412,-259
123000020,110,170,-60
123000021,50,234,-184
123000022,600,1566,-966
123000023,1274,1519,-245
123000024,1197,700,497
123000025,101,134,-33
123000026,13,161,-148
123000027,332,507,-175
123000028,978,168,810
123000029,1115,542,573
123000030,287,833,-546
123000031,81,661,-580
123000032,204,431,-227
123000033,205,79,126
123000034,827,766,61
123000035,280,299,-19
123000036,261,703,-442
123000037,262,354,-92
123000038,56,262,-206
123000039,468,1007,-539
123000040,1431,382,1049
123000041,1694,634,1060
123000042,1350,541,809
123000043,5068,5598,-530
123000044,7346,2502,4844
123000045,13036,2501,10535
123000046,995,985,10
123000047,2308,1855,453
123000048,93,410,-317
123000049,8879,5613,3266
123000050,944,1489,-545
123000051,92,206,-114
123000052,566,3425,-2859
123000053,2151,4228,-2077
123000054,1026,1421,-395
123000055,1033,1437,-404
123000056,1408,2260,-852
123000057,21648,6883,14765
123000058,861,804,57
123000059,438,595,-157
123000060,763,337,426
123000061,191,1029,-838
123000063,724,814,-90
123000064,852,289,563
123000065,10505,4611,5894
123000066,1330,1337,-7
123000067,455,701,-246
123000068,3522,5138,-1616
123000069,9001,5022,3979
123000070,337,1235,-898
123000071,649,1389,-740
123000072,941,2469,-1528
123000073,752,1064,-312
123000074,889,3505,-2616
123000075,363,1034,-671
123000076,570,1701,-1131
123000077,2639,5369,-2730
123000078,1227,2157,-930
123000079,1105,2577,-1472
123000080,2180,3996,-1816
123000081,183,944,-761
123000082,434,1878,-1444
123000083,844,205,639
123000084,534,1275,-741
123000085,127,170,-43
123000086,297,780,-483
123000087,165,862,-697
123000088,1017,1821,-804
123000089,509,1756,-1247
123000090,1110,1682,-572
123000091,1820,1747,73
123000092,1329,1518,-189
123000094,402,420,-18
123000095,400,715,-315
123000096,444,589,-145
123000097,323,1836,-1513
123000098,531,833,-302
123000099,512,1445,-933
123000100,510,645,-135
123000101,761,591,170
123000102,685,641,44
123000104,361,381,-20
123000105,556,728,-172
123000106,475,468,7
123000107,354,794,-440
123000108,756,2231,-1475
123000111,549,280,269
123000112,718,811,-93
123000113,557,2752,-2195
123000114,515,550,-35
123000115,261,320,-59
123000116,20,292,-272
123000117,1295,3088,-1793
123000118,433,1508,-1075
123000119,215,1672,-1457
123000120,445,1370,-925
123000121,479,766,-287
123000122,414,302,112
123000123,481,770,-289
123000124,489,685,-196
123000125,1310,1124,186
123000126,1664,2895,-1231
123000127,1098,1048,50
123000128,308,573,-265
123000129,412,267,145
123000130,358,93,265
123000131,628,628,0
123000132,407,731,-324
123000133,390,483,-93
123000134,536,272,264
123000135,1521,1928,-407
123000136,186,1797,-1611
123000137,87,586,-499
123000138,87,558,-471
123000139,352,151,201
123000140,130,910,-780
123000141,821,128,693
123000142,1023,1263,-240
123000143,1383,3076,-1693
123000144,20,23,-3
123000145,300,192,108
123000146,75,153,-78
123000147,141,178,-37
123000149,269,399,-130
123000150,185,238,-53
123000151,257,385,-128
123000152,51,458,-407
123000153,141,550,-409
123000154,2221,1754,467
123000155,3041,885,2156
123000156,32,112,-80
123000157,515,791,-276
123000158,769,664,105
123000159,4590,2339,2251
123000160,668,575,93
123000161,1187,935,252
123000162,560,1571,-1011
123000163,241,60,181
123000164,1061,286,775
123000165,362,2874,-2512
123000166,20,219,-199
123000167,112,454,-342
123000168,161,473,-312
123000169,485,118,367
123000170,54,578,-524
123000171,361,231,130
123000172,155,858,-703
123000173,452,210,242
123000174,881,405,476
123000175,1211,1640,-429
123000176,569,168,401
123000177,363,1376,-1013
123000178,672,221,451
123000179,30,1216,-1186
123000180,1097,408,689
123000181,377,1822,-1445
123000182,141,675,-534
123000183,120,322,-202
123000184,82,1240,-1158
123000185,359,679,-320
123000186,6,787,-781
123000187,312,6,306
123000188,123,0,123
123000189,162,217,-55
123000190,42,66,-24
123000192,26,439,-413
123000193,46,711,-665
123000194,593,324,269
123000195,197,14,183
123000196,227,16,211
123000197,79,100,-21
123000198,18,258,-240
123000199,9,751,-742
123000200,288,13,275
123000201,672,33,639
123000202,60,1555,-1495
123000203,664,49,615
123000204,90,1475,-1385
123000205,515,2664,-2149
123000206,1521,161,1360
123000207,160,1411,-1251
123000208,320,132,188
123000209,1543,450,1093
123000210,448,2287,-1839
123000211,594,3797,-3203
123000212,2107,452,1655
123000213,450,65,385
123000215,172,133,39
123000216,254,438,-184
123000217,185,39,146
123000218,151,430,-279
123000219,1242,62,1180
123000220,500,104,396
123000221,131,263,-132
123000222,302,919,-617
123000223,149,843,-694
123000224,323,888,-565
123000225,208,128,80
123000226,63,555,-492
123000227,91,411,-320
123000228,207,86,121
123000229,1466,2865,-1399
123000232,115,757,-642
123000233,555,171,384
123000234,187,903,-716
123000235,402,405,-3
123000236,233,1236,-1003
123000237,245,71,174
123000238,78,1067,-989
123000239,514,2910,-2396
123000240,35,463,-428
123000241,1332,190,1142
123000242,119,322,-203
123000243,660,1104,-444
123000244,859,615,244
123000245,116,177,-61
123000249,569,994,-425
123000252,549,193,356
123000253,598,406,192
123000254,492,1308,-816
123000255,776,873,-97
123000256,34,298,-264
123000257,5056,3173,1883
123000258,959,1512,-553
123000259,228,607,-379
123000260,419,982,-563
123000261,144,423,-279
123000262,123,451,-328
123000263,390,154,236
123000264,158,71,87
123000265,85,272,-187
123000266,487,906,-419
123000267,334,380,-46
123000268,26,86,-60
123000269,53,37,16
123000270,29,34,-5
123000271,67,108,-41
123000272,838,283,555
123000273,213,528,-315
123000274,1014,490,524
123000275,299,1307,-1008
123000278,4438,2973,1465
123000279,76,136,-60
123000280,250,487,-237
123000281,286,101,185
123000282,149,329,-180
123000283,92,47,45
123000284,61,164,-103
123000286,231,279,-48
123000287,542,339,203
123000288,941,565,376
123000289,531,704,-173
123000291,407,933,-526
123000294,232,278,-46
123000295,750,737,13
123000296,321,345,-24
123000297,328,1490,-1162
123000298,349,1191,-842
123000299,29,444,-415
123000300,802,941,-139
123000301,88,271,-183
123000302,72,374,-302
123000303,157,88,69
123000305,1172,1003,169
123000306,66,354,-288
123000309,51,77,-26
123000310,81,32,49
123000311,1,171,-170
123000312,1406,1190,216
123000313,271,435,-164
123000315,50,573,-523
123000316,3003,134,2869
123000317,261,59,202
123000318,55,463,-408
123000329,11,17,-6
123000337,258,284,-26
123000338,547,58,489
123000339,120,387,-267
123000340,127,534,-407
123000342,14,249,-235
123000343,113,0,113
123000344,1423,677,746
123000345,354,902,-548
123000346,275,102,173
123000352,3231,878,2353
123000353,13,257,-244
123000354,277,2,275
123000355,2,863,-861
123000356,191,10,181
123000357,1,472,-471
123000359,3,338,-335
123000360,210,54,156
123000361,1108,351,757
123000362,250,220,30
123000363,86,334,-248
123000364,587,350,237
123000365,13,351,-338
123000366,319,1787,-1468
123000367,247,1629,-1382
123000370,25,536,-511
123000371,126,43,83
123000372,204,17,187
123000373,21,580,-559
123000374,17,340,-323
123000375,253,26,227
123000376,744,698,46
123000377,196,23,173
123000378,21,749,-728
123000379,2,314,-312
123000380,47,234,-187
123000381,164,51,113
123000382,1397,96,1301
123000383,461,778,-317
123000384,446,145,301
123000385,265,1036,-771
123000436,60,1015,-955
123000507,156,527,-371
123000508,114,397,-283
123000517,284,27,257
123000518,24,373,-349
123000519,118,96,22
123000520,91,364,-273
123000521,279,118,161
123000522,183,788,-605
123000541,4,1,3
123000542,0,65,-65
123000565,323,28,295
123000566,126,1141,-1015
123000567,128,370,-242
123000573,51,1478,-1427
123000574,455,84,371
123000575,1056,1682,-626
123000576,660,4039,-3379
123000577,104,910,-806
123000578,773,75,698
123000579,5544,3773,1771
123000580,65,32,33
123000582,216,26,190
123000583,13,831,-818
123000584,88,267,-179
123000585,0,171,-171
123000586,102,0,102
123000596,121,203,-82
123000597,38,127,-89
123000602,19,0,19
123000603,350,1159,-809
123000604,454,1900,-1446
123000605,903,194,709
123000606,1,177,-176
123000609,16,271,-255
123000610,137,115,22
123000613,49,314,-265
123000614,114,73,41
123000615,61,401,-340
123000616,224,65,159
123000617,94,613,-519
123000618,62,925,-863
123000619,504,33,471
123000620,23,917,-894
123000622,221,13,208
123000624,91,230,-139
123000630,643,505,138
123000631,293,3645,-3352
123000632,1427,1949,-522
123000633,0,275,-275
123000634,128,58,70
123000635,390,76,314
123000636,11,1160,-1149
123000637,112,96,16
123000638,414,259,155
123000639,1004,2533,-1529
123000640,52,1607,-1555
123000648,227,96,131
123000649,34,1075,-1041
123900001,1647,69,1578
123900002,18,1067,-1049
123900003,407,1022,-615
123900005,265,108,157
123900006,211,33,178
124000001,1502,150,1352
124000002,147,3007,-2860
124000003,450,191,259
124000004,72,1240,-1168
124000005,742,275,467
124000006,312,1893,-1581
124000007,1196,144,1052
124000008,22,572,-550
124000009,366,652,-286
124000010,111,678,-567
124000011,1059,545,514
124000012,277,1350,-1073
124000017,93,94,-1
124000018,79,101,-22
124000019,104,93,11
124000020,73,261,-188
124000021,128,77,51
124000022,95,241,-146
124000023,1560,1278,282
124000024,1021,943,78
124000025,1175,1633,-458
124000026,1478,1507,-29
124000027,5410,5088,322
124000028,3621,5206,-1585
124000030,4008,1483,2525
124000031,754,1393,-639
124000032,7850,1174,6676
124000033,666,547,119
124000034,6595,1156,5439
124000035,211,116,95
124000036,234,811,-577
124000037,398,668,-270
124000038,38,171,-133
124000039,908,361,547
124000040,725,700,25
124000041,185,81,104
124000042,77,478,-401
124000043,85,104,-19
124000044,85,387,-302
124000045,489,725,-236
124000046,244,1126,-882
124000047,984,1294,-310
124000048,672,3257,-2585
124000049,1117,737,380
124000050,576,3704,-3128
124000051,481,553,-72
124000052,560,2109,-1549
124000053,465,1066,-601
124000054,998,969,29
124000055,1204,1576,-372
124000056,6199,1788,4411
124000057,729,546,183
124000058,337,2028,-1691
124000059,485,873,-388
124000060,1119,1357,-238
124000061,1385,3721,-2336
124000062,11949,2367,9582
124000063,1496,2073,-577
124000064,3047,2145,902
124000065,575,300,275
124000066,512,78,434
124000067,96,340,-244
124000068,37,133,-96
124000069,501,449,52
124000070,186,714,-528
124000071,71,109,-38
124000072,167,732,-565
124000073,791,151,640
124000074,248,1220,-972
124000075,113,51,62
124000076,8,300,-292
124000077,2494,869,1625
124000078,1876,613,1263
124000079,546,1226,-680
124000080,259,135,124
124000081,196,1021,-825
124000082,29,127,-98
124000083,33,194,-161
124000084,62,269,-207
124000085,30,92,-62
124000086,48,149,-101
124000087,100,71,29
124000088,177,655,-478
124000089,638,514,124
124000090,109,544,-435
124000091,798,226,572
124000092,180,1024,-844
124000093,123,104,19
124000094,110,631,-521
124000095,51,73,-22
124000096,138,470,-332
124000097,63,106,-43
124000098,46,149,-103
124000099,151,175,-24
124000100,86,131,-45
124000101,39,122,-83
124000102,74,113,-39
124000103,77,117,-40
124000104,105,140,-35
124000105,47,64,-17
124000106,195,191,4
124000107,13,110,-97
124000108,53,66,-13
124000109,88,97,-9
124000110,198,204,-6
124000111,202,152,50
124000112,576,1013,-437
124000113,52,107,-55
124000114,229,922,-693
124000115,371,1143,-772
124000116,75,108,-33
124000117,82,135,-53
124000118,21,48,-27
124000119,1165,849,316
124000120,611,851,-240
124000121,3088,743,2345
124000122,837,1393,-556
124000123,850,412,438
124000124,618,1023,-405
124000125,325,371,-46
124000126,347,609,-262
124000127,712,409,303
124000128,598,1076,-478
124000129,1996,1412,584
124000130,707,865,-158
124000131,861,527,334
124000132,800,989,-189
124000133,768,813,-45
124000134,884,881,3
124000135,1694,1662,32
124000136,1150,1337,-187
124000137,1248,688,560
124000138,1539,1410,129
124000139,492,54,438
124000140,23,496,-473
124000141,229,30,199
124000142,14,540,-526
124000143,36,14,22
124000144,17,178,-161
124000145,51,38,13
124000146,19,127,-108
124000148,13,54,-41
124000149,801,374,427
124000150,361,627,-266
124000151,576,430,146
124000152,775,1465,-690
124000153,498,733,-235
124000154,367,1235,-868
124000155,1172,757,415
124000156,2066,1253,813
124000169,190,411,-221
124000170,987,524,463
124000171,206,278,-72
124000172,292,843,-551
124000173,283,479,-196
124000174,293,1088,-795
124000175,11,140,-129
124000176,25,12,13
124000177,8,43,-35
124000178,19,27,-8
124000190,269,61,208
124000191,1477,116,1361
124000192,2595,433,2162
124000193,651,1723,-1072
124000194,382,647,-265
124000195,228,703,-475
124000196,959,1323,-364
124000197,40,74,-34
124000198,19,35,-16
124000201,362,1546,-1184
124000202,626,228,398
124000203,162,1715,-1553
124000204,325,1295,-970
124000205,37,1066,-1029
124000206,299,779,-480
124000207,0,69,-69
124000209,396,1022,-626
124000210,178,333,-155
124000211,260,2,258
124000212,1,872,-871
124000213,191,628,-437
124000214,194,1741,-1547
124000215,173,6,167
124000216,2,878,-876
124000329,132,4740,-4608
124000338,55,2674,-2619
124000339,452,123,329
124000341,628,112,516
124000344,89,61,28
124000357,1002,2152,-1150
124000358,729,1392,-663
124000359,767,618,149
124000360,387,463,-76
124000361,1446,695,751
124000362,1810,3696,-1886
124000363,268,573,-305
124000364,535,1302,-767
124000365,585,1531,-946
124000366,2604,923,1681
124000367,210,1128,-918
124000368,314,229,85
124000369,107,118,-11
124000370,111,1370,-1259
124000402,17,13,4
124000403,76,13,63
124000404,14,136,-122
124000405,904,841,63
124000406,1013,900,113
124000407,14,51,-37
124000411,8,540,-532
124000412,204,12,192
124000413,396,59,337
124000414,28,119,-91
124000415,39,305,-266
124000416,126,513,-387
124000417,128,123,5
124000418,105,129,-24
124000419,77,308,-231
124000420,28,65,-37
124000421,39,391,-352
124000422,21,16,5
124000423,106,62,44
124000424,3,306,-303
124000425,47,29,18
124000426,5,424,-419
124000427,49,17,32
124000428,19,46,-27
124000429,16,65,-49
124000430,611,1293,-682
124000431,256,1112,-856
124000432,116,1135,-1019
124000439,2,31,-29
124000443,0,6,-6
124000445,334,833,-499
124000446,3923,120,3803
124900001,379,307,72
124900002,118,656,-538
124900003,708,727,-19
124900004,453,462,-9
124900005,250,394,-144
124900006,486,518,-32
124900008,1441,620,821
124900009,114,203,-89
124900010,83,50,33
124900011,289,172,117
124900012,421,89,332
124900013,339,147,192
124900014,138,110,28
124900015,164,230,-66
124900016,70,88,-18
124900017,645,525,120
124900018,26,11,15
124900020,68,63,5
124900021,131,36,95
124900022,42,10,32
124900024,176,38,138
124900026,49,7,42
124900027,50,332,-282
124900028,1032,170,862
124900029,9,440,-431
124900030,4,230,-226
124900031,40,537,-497
124900032,361,192,169
124900033,116,622,-506
124900034,2,209,-207
124900035,190,686,-496
124900036,0,38,-38
124900037,169,642,-473
124900038,367,637,-270
124900039,0,30,-30
124900040,67,126,-59
124900041,329,2185,-1856
124900042,61,1,60
124900043,435,1830,-1395
124900044,43,1,42
124900045,778,1094,-316
124900046,1744,224,1520
124900047,142,347,-205
124900048,208,260,-52
124900050,173,466,-293
124900052,137,544,-407
124900053,51,478,-427
124900054,7125,395,6730
124900055,4,194,-190
124900057,5,156,-151
124900060,123,485,-362
124900061,47,7,40
124900062,101,16,85
124900066,0,17,-17
124900067,9,405,-396
124900068,221,352,-131
124900070,37,24,13
124900072,60,12,48
124900075,130,262,-132
124900076,33,595,-562
124900077,20,155,-135
124900078,54,13,41
124900079,1120,90,1030
124900080,250,1202,-952
124900081,730,265,465
124900082,474,1949,-1475
124900083,255,974,-719
124900085,1600,346,1254
124900086,73,1129,-1056
124900087,649,109,540
124900088,582,127,455
124900089,2078,51,2027
124900090,224,252,-28
124900091,273,915,-642
124900092,223,612,-389
124900093,177,217,-40
124900094,281,314,-33
124900095,57,383,-326
124900096,585,252,333
124900097,200,61,139
124900098,93,533,-440
124900099,833,459,374
124900100,205,57,148
124900101,16,350,-334
124900102,128,32,96
124900103,122,485,-363
124900104,65,262,-197
124900105,109,235,-126
124900106,373,41,332
124900107,48,24,24
124900108,263,49,214
124900111,1,40,-39
124900112,52,1279,-1227
124900113,129,260,-131
124900114,181,80,101
124900115,51,31,20
124900116,136,119,17
124900117,1239,151,1088
124900118,163,189,-26
124900119,351,107,244
124900120,31,610,-579
124900121,110,252,-142
124900122,879,297,582
124900123,401,84,317
124900124,138,240,-102
204000001,42,19,23
204000002,28,25,3
204000003,12,6,6
204000004,3,4,-1
204000005,502,602,-100
204000006,972,2070,-1098
204000011,8,68,-60
204000012,42,100,-58
204000019,443,626,-183
204000020,463,1177,-714
204000021,2567,1092,1475
204000022,493,573,-80
204000023,421,1248,-827
204000031,86,15,71
204000032,491,37,454
204000034,18,334,-316
204000035,0,3,-3
204000036,6,24,-18
204000037,0,12,-12
204000038,3,33,-30
204000039,2,54,-52
204000040,7,56,-49
204000041,5,52,-47
204000042,32,31,1
204000043,31,3,28
204000044,19,3,16
204000045,51,4,47
204000046,14,2,12
204000057,5,44,-39
204000062,10,192,-182
204000068,24,158,-134
204000069,12,230,-218
204000070,50,109,-59
204000080,16,43,-27
204000085,1424,2074,-650
204000086,3652,2535,1117
204000087,24,28,-4
204000088,6,123,-117
204000090,15,519,-504
204000093,138,132,6
204000096,620,993,-373
204000097,253,83,170
204000099,797,1418,-621
204000100,821,1464,-643
204000105,1981,2311,-330
204000110,693,1360,-667
204000111,330,970,-640
204000112,473,1134,-661
204000113,391,1311,-920
204000114,584,624,-40
204000115,413,453,-40
204000116,481,745,-264
204000119,1558,2530,-972
204000132,433,246,187
204000133,550,256,294
204000134,152,133,19
204000135,287,134,153
204000136,203,318,-115
204000138,214,284,-70
204000140,143,115,28
204000141,99,69,30
204000144,6,29,-23
204000145,538,42,496
204000146,22,501,-479
204000147,22,121,-99
204000148,259,68,191
204000154,0,2,-2
204000155,3,15,-12
204000177,71,66,5
204000179,14,14,0
204000180,0,34,-34
204000222,4,12,-8
204000235,4,20,-16
204000236,77,459,-382
204000238,20,57,-37
204000240,268,87,181
204000263,558,1715,-1157
204000268,1017,876,141
204000308,284,47,237
204000317,3,66,-63
204000322,3,54,-51
204000323,40,22,18
204000328,260,233,27
204000329,57,196,-139
204000330,185,130,55
204000331,42,186,-144
205000001,1164,1705,-541
205000013,10,73,-63
205000014,11,95,-84
205000015,23,209,-186
205000016,17,171,-154
205000017,26,92,-66
205000022,284,694,-410
205000025,1670,1116,554
205000029,180,6,174
205000045,112,327,-215
205000046,73,786,-713
205000047,55,728,-673
205000048,241,1481,-1240
205000049,142,978,-836
205000050,1959,364,1595
205000059,0,332,-332
205000060,0,73,-73
205000061,4,46,-42
205000062,6,78,-72
205000063,13,77,-64
205000064,22,127,-105
205000065,64,658,-594
205000066,123,1037,-914
205000067,34,1396,-1362
205000069,121,25,96
205000082,138,406,-268
205000110,72,241,-169
205000111,159,276,-117
205000112,151,210,-59
205000113,164,237,-73
205000121,168,105,63
205000123,50,183,-133
205000126,569,293,276
205000127,664,402,262
205000128,727,222,505
205000129,750,233,517
205000130,1052,70,982
205000131,803,16,787
205000132,902,0,902
205000133,409,3,406
205000134,197,1,196
205000137,100,157,-57
205000138,162,313,-151
205000139,15,91,-76
205000144,62,90,-28
205000145,296,290,6
205000151,168,92,76
205000152,252,59,193
205000153,143,88,55
205000154,51,107,-56
205000155,103,15,88
205000207,7,163,-156
205000233,13,0,13
205000234,0,4,-4
205000243,0,0,0
205000244,0,5,-5
205000245,17,461,-444
205000249,1,34,-33
205000250,2,1,1
205000264,8,103,-95
206000027,11,2,9
206000028,2,1,1
206000043,9,177,-168
206000053,3,13,-10
206000054,11,40,-29
206000055,1,37,-36
206000075,6,5,1
206000076,14,9,5
206000077,11,9,2
206000078,5,10,-5
206000079,13,8,5
206000082,475,24,451
206000100,100,1069,-969
206000103,5,21,-16
206000104,13,30,-17
206000105,8,23,-15
206000106,9,56,-47
206000108,515,31,484
206000125,35,0,35
206000157,83,1067,-984
206000170,0,256,-256
206000171,6,254,-248
206000172,9,1312,-1303
206000173,2,414,-412
206000174,10,195,-185
206000175,0,239,-239
206000176,31,478,-447
206000177,4,276,-272
206000178,0,234,-234
206000179,4,165,-161
206000180,13,347,-334
206000181,8,619,-611
206000182,21,550,-529
206000183,21,1790,-1769
206000184,3,582,-579
206000185,13,458,-445
206000186,74,2576,-2502
206000223,7,320,-313
206000226,12,7,5
206000227,15,2,13
206000237,28,632,-604
206000238,40,968,-928
206000239,835,3245,-2410
206000240,1,83,-82
206000241,1,184,-183
206000242,14,559,-545
206000243,7,469,-462
206000244,48,1349,-1301
206000245,313,45,268
206000246,47,9,38
206000247,89,16,73
206000248,148,25,123
206000252,66,29,37
206000258,15,42,-27
206000315,34,7,27
206000317,247,101,146
206000318,188,41,147
206000319,459,69,390
206000320,33,25,8
206000321,48,7,41
206000322,190,7,183
206000323,66,13,53
206000324,59,5,54
206000325,132,13,119
206000326,119,12,107
206000327,195,15,180
206000328,60,8,52
206000329,85,8,77
206000330,28,6,22
206000331,53,3,50
206000332,8,10,-2
206000333,267,1,266
206000334,154,0,154
206000335,1,12,-11
206000361,2,286,-284
206000392,2,65,-63
206000405,114,1,113
206000441,13,14,-1
206000498,26,3,23
206000515,107,29,78
206000530,94,62,32
206000531,118,88,30
206000532,3875,114,3761
206000535,447,3082,-2635
206000536,16,422,-406
206000537,9,345,-336
206000613,1391,203,1188
207000001,142,571,-429
207000002,177,419,-242
207000003,162,362,-200
207000007,445,254,191
207000008,40,10,30
207000009,46,36,10
207000010,444,975,-531
207000012,222,257,-35
207000015,397,2631,-2234
207000019,240,128,112
207000021,452,142,310
207000022,175,76,99
207000023,162,28,134
207000024,3,17,-14
207000025,21,76,-55
207000026,93,53,40
207000027,32,96,-64
207000028,103,249,-146
207000029,339,532,-193
207000033,253,327,-74
207000034,209,82,127
207000039,286,144,142
207000040,141,138,3
207000041,31,40,-9
207000042,190,109,81
207000043,188,195,-7
207000051,114,441,-327
207000052,9,252,-243
207000053,468,981,-513
207000054,34,196,-162
207000055,156,272,-116
207000056,309,606,-297
207000057,150,451,-301
207000058,124,766,-642
207000059,104,1414,-1310
207000060,67,480,-413
207000061,127,257,-130
207000062,182,69,113
207000063,159,150,9
207000064,347,204,143
207000065,257,255,2
207000066,139,199,-60
207000067,49,144,-95
207000068,127,84,43
207000069,643,405,238
207000082,50,555,-505
207000083,74,567,-493
207000084,93,193,-100
207000085,113,8,105
207000086,80,7,73
207000106,29,22,7
207000107,55,37,18
207000108,38,23,15
207000109,36,12,24
207000110,35,48,-13
207000111,90,66,24
207000112,211,458,-247
207000114,14,34,-20
207000115,16,95,-79
207000116,16,360,-344
207000117,10,142,-132
207000118,4,112,-108
207000119,33,129,-96
207000123,205,33,172
207000124,69,16,53
207000125,67,30,37
207000126,58,46,12
207000134,25,318,-293
207000135,26,415,-389
207000148,21,254,-233
207000149,73,58,15
207000152,186,453,-267
207000153,969,1240,-271
207000154,485,154,331
207000159,76,337,-261
207000160,100,948,-848
207000238,1,127,-126
207000242,5,263,-258
207000248,31,24,7
207000249,131,57,74
207000250,913,68,845
207000251,88,71,17
207000252,56,80,-24
207000278,55,111,-56
207000279,13,393,-380
207000280,207,65,142
207000281,98,1910,-1812
207000282,170,36,134
207000283,109,436,-327
207000284,51,52,-1
207000285,172,56,116
207000291,10,148,-138
207000304,92,51,41
207000306,70,514,-444
207000310,37,74,-37
207000353,369,1,368
207000356,28,17,11
207000357,10,3,7
207000358,28,20,8
207000415,11,225,-214
207000417,20,4,16
207000418,71,175,-104
207000438,0,3,-3
207000439,1035,444,591
207000446,105,4,101
207000460,8,14,-6
207000466,185,243,-58
207000467,99,104,-5
207000468,43,799,-756
207000476,8,119,-111
207000477,468,111,357
207000478,11,19,-8
207000523,0,20,-20
207000524,36,1,35
207000527,63,163,-100
207000530,274,7,267
207000531,206,10,196
207000532,57,8,49
207000534,649,52,597
207000535,52,305,-253
207000537,35,148,-113
207000540,6,196,-190
207000541,3,463,-460
207000548,11,314,-303
207000549,211,10,201
207000561,122,165,-43
207000562,33,227,-194
207000567,190,380,-190
207000568,88,143,-55
207000569,291,1751,-1460
207000584,337,230,107
207000585,71,341,-270
207000587,31,17,14
207000616,0,333,-333
207000617,68,0,68
207000624,73,45,28
207000631,6,63,-57
207900008,110,349,-239
208000001,455,817,-362
208000002,447,602,-155
208000003,880,811,69
208000004,966,948,18
208000005,23,20,3
208000019,386,972,-586
208000020,167,526,-359
208000021,147,909,-762
208000022,606,1037,-431
208000028,1369,905,464
208000033,366,1160,-794
208000034,1408,2761,-1353
208000037,448,71,377
208000040,51,155,-104
208000041,693,535,158
208000042,767,571,196
208000047,117,669,-552
208000064,2401,1844,557
208000066,1495,1516,-21
208000070,225,436,-211
208000071,288,1072,-784
208000072,250,1589,-1339
208000080,223,383,-160
208000081,237,230,7
208000082,244,431,-187
208000083,143,558,-415
208000084,34,10,24
208000085,890,700,190
208000086,520,1015,-495
208000087,291,924,-633
208000089,766,1196,-430
208000090,683,1698,-1015
208000093,119,170,-51
208000094,410,949,-539
208000095,597,488,109
208000104,854,1259,-405
208000105,508,1381,-873
208000114,48,198,-150
208000115,465,542,-77
208000116,263,1007,-744
208000117,84,142,-58
208000118,93,111,-18
208000155,546,1191,-645
208000158,1631,3768,-2137
208000186,3053,3525,-472
208000204,463,1458,-995
208000205,991,1998,-1007
208000282,4166,2363,1803
209000004,146,291,-145
209000005,27,32,-5
209000006,612,89,523
209000007,401,228,173
209000010,554,131,423
209000011,198,244,-46
209000012,67,277,-210
209000013,191,803,-612
209000014,659,2246,-1587
209000025,209,68,141
209000026,624,101,523
209000027,340,1505,-1165
209000028,262,1291,-1029
209000029,770,1355,-585
209000030,549,2617,-2068
209000031,6243,3593,2650
209000034,133,174,-41
209000035,104,192,-88
209000036,165,128,37
209000037,157,297,-140
209000038,100,179,-79
209000039,56,201,-145
209000040,366,554,-188
209000041,172,466,-294
209000042,251,457,-206
209000043,862,809,53
209000044,197,736,-539
209000045,1147,524,623
209000046,458,593,-135
209000047,319,259,60
209000048,430,293,137
209000049,87,249,-162
209000050,185,309,-124
209000051,249,647,-398
209000052,164,596,-432
209000062,39,243,-204
209000063,38,242,-204
209000064,22,261,-239
209000065,36,40,-4
209000066,44,49,-5
209000067,35,89,-54
209000080,48,214,-166
209000082,55,56,-1
209000091,18,177,-159
209000093,70,54,16
209000094,163,240,-77
209000110,24,91,-67
209000111,289,1299,-1010
209000112,633,642,-9
209000113,1632,483,1149
209000114,272,375,-103
209000115,69,269,-200
209000116,1119,1009,110
209000118,73,48,25
209000119,31,10,21
209000121,166,871,-705
209000135,79,124,-45
209000142,656,1234,-578
209000143,115,103,12
209000144,97,120,-23
209000229,161,271,-110
209000240,52,627,-575
209000259,85,206,-121
209000260,84,1203,-1119
209000261,9,798,-789
209000262,2,825,-823
209000263,0,195,-195
209000264,0,94,-94
209000265,303,2,301
209000266,51,3,48
209000267,532,11,521
209000268,432,41,391
210000037,53,31,22
210000047,45,61,-16
210000048,41,78,-37
210000049,51,58,-7
210000052,27,151,-124
210000053,17,125,-108
210000054,40,122,-82
210000070,118,4,114
210000071,35,0,35
210000072,8,0,8
210000073,0,52,-52
210000074,0,126,-126
210000075,0,58,-58
210000076,10,146,-136
210000077,45,45,0
210000078,47,36,11
210000079,67,17,50
210000080,239,45,194
210000081,139,9,130
210000082,49,1,48
210000083,60,1,59
210000084,25,0,25
210000085,0,160,-160
210000086,8,132,-124
210000099,48,290,-242
210000100,54,313,-259
210000101,58,325,-267
210000105,46,327,-281
210000159,3,143,-140
210000163,214,314,-100
210000164,293,121,172
210000168,200,28,172
210000187,1,46,-45
210000188,1,40,-39
210000214,36,0,36
210000219,30,74,-44
210000220,67,188,-121
210000232,2,17,-15
210000233,24,65,-41
210000234,42,141,-99
210000235,39,203,-164
210000245,1,106,-105
210000246,16,3,13
210000258,17,99,-82
210000259,256,21,235
210000282,84,204,-120
210000285,0,116,-116
210000286,13,157,-144
210000290,2,5,-3
210000295,24,277,-253
210000296,45,123,-78
210000320,113,195,-82
210000321,91,131,-40
210000338,77,133,-56
210000339,530,1098,-568
210000340,96,347,-251
210000341,143,334,-191
210000342,120,266,-146
210000343,153,253,-100
210000344,274,147,127
210000345,253,231,22
210000346,90,141,-51
210000347,188,44,144
210000348,175,8,167
210000349,140,12,128
210000350,84,77,7
210000351,81,96,-15
210000352,47,138,-91
210000353,31,175,-144
210000354,64,153,-89
210000355,84,144,-60
210000356,144,104,40
210000357,75,94,-19
210000358,639,146,493
210000359,144,59,85
210000360,169,115,54
210000361,120,192,-72
210000362,201,192,9
210000363,919,163,756
210000364,100,143,-43
210000365,83,56,27
210000366,118,54,64
210000367,80,47,33
210000368,179,27,152
210000369,29,25,4
210000370,75,80,-5
210000372,80,68,12
210000373,149,21,128
210000374,69,8,61
210000375,25,138,-113
210000376,86,222,-136
210000404,124,172,-48
210000439,21,101,-80
210000472,108,12,96
210000482,71,73,-2
210000564,492,209,283
210000567,0,18,-18
210000568,810,4,806
211000092,25,124,-99
211000094,35,12,23
211000169,193,7,186
211000172,11,363,-352
211000209,0,29,-29
211000226,9,42,-33
211000270,33,9,24
211000275,23,42,-19
211000276,60,48,12
211000279,7,86,-79
211000281,26,149,-123
211507980,0,30,-30
211977296,16,4,12
212000003,130,90,40
212000004,84,36,48
212000005,26,45,-19
212000006,29,126,-97
212000008,136,275,-139
212000009,22,221,-199
212000012,32,105,-73
212000013,13,64,-51
212000014,194,213,-19
212000015,169,305,-136
212000016,368,703,-335
212000027,466,700,-234
212000028,319,553,-234
212000029,165,402,-237
212000030,28,30,-2
212000031,39,135,-96
212000048,23,121,-98
212000049,6,96,-90
212000050,5,6,-1
212000051,138,304,-166
212000052,122,522,-400
212000053,260,754,-494
212000054,120,198,-78
212000055,164,375,-211
212000056,12,65,-53
212000057,5,50,-45
212000058,611,38,573
212000070,99,431,-332
212000077,91,834,-743
212000099,165,334,-169
212000108,237,237,0
212000111,147,168,-21
212000120,258,155,103
212000138,98,14,84
212000156,5,163,-158
212000158,7,10,-3
212000159,221,60,161
212000160,365,277,88
212000161,30,12,18
212000310,19,19,0
212000311,13,116,-103
212000374,19,16,3
213000001,38,1069,-1031
213000005,254,135,119
213000006,898,170,728
213000007,108,9,99
213000009,671,364,307
213000010,195,280,-85
213000011,220,150,70
213000012,243,427,-184
213000014,56,3,53
213000015,213,1,212
213000016,335,2,333
213000017,42,1,41
213000018,0,262,-262
213000019,5,264,-259
213000020,123,527,-404
213000021,3,180,-177
213000023,268,257,11
213000033,223,1246,-1023
213000034,708,510,198
213000035,99,333,-234
213000045,121,324,-203
213000046,197,248,-51
213000047,612,779,-167
213000056,76,21,55
213000069,111,4,107
213000073,0,27,-27
213000074,168,874,-706
213000075,369,4,365
213000076,28,1,27
213000085,1,43,-42
213000086,18,321,-303
213000091,76,12,64
213000092,69,8,61
213000099,202,1126,-924
213000100,1332,250,1082
213000101,212,176,36
213000102,216,541,-325
213000103,663,1172,-509
213000104,63,762,-699
213000105,0,113,-113
213000106,16,236,-220
213000107,150,1165,-1015
213000108,25,785,-760
213000109,6,438,-432
213000110,5,86,-81
213000111,8,72,-64
213000112,164,158,6
213000115,25,2,23
213000116,104,1390,-1286
213000117,16,1884,-1868
213000118,249,445,-196
213000119,81,1301,-1220
213000120,147,1366,-1219
213000122,476,1196,-720
213000123,1097,1680,-583
213000124,71,1655,-1584
213000125,148,15,133
213000126,99,134,-35
213000127,189,203,-14
213000128,1220,947,273
213000129,635,408,227
213000130,288,255,33
213000132,159,108,51
213000133,303,109,194
213000134,639,11,628
213000136,303,16,287
213000137,476,90,386
213000139,423,31,392
213000147,42,7,35
213000148,14,7,7
213000149,28,9,19
213000150,2,104,-102
213000151,1,125,-124
213000152,0,88,-88
213000153,3,41,-38
213000154,22,369,-347
213000155,36,582,-546
213000156,79,1221,-1142
213000157,1466,691,775
213000158,259,969,-710
213000159,425,1163,-738
213000163,393,85,308
213000165,569,237,332
213000171,1,200,-199
213000172,3,541,-538
213000173,3,418,-415
213000174,3,344,-341
213000175,9,199,-190
213000176,15,17,-2
213000177,25,3,22
213000178,62,2,60
213000179,123,1,122
213000180,64,2,62
213000184,58,742,-684
213000188,241,110,131
213000189,221,28,193
213000190,726,1188,-462
213000191,178,759,-581
213000192,152,892,-740
213000193,3012,269,2743
213000194,1,37,-36
213000195,15,742,-727
213000196,270,1227,-957
213000197,290,887,-597
213000198,39,2,37
213000200,147,1618,-1471
213000201,80,54,26
213000202,15,1285,-1270
213000203,4994,702,4292
213000204,521,70,451
213000205,198,84,114
213000206,1457,62,1395
213000207,132,11,121
213000208,57,0,57
213000209,128,3,125
213000210,309,4,305
213000211,28,6,22
213000212,16,5,11
213000213,7,42,-35
213000218,174,1422,-1248
213000219,364,11,353
213000220,325,6,319
213000223,205,163,42
213000224,24,39,-15
213000225,46,0,46
213000226,43,11,32
213000227,545,247,298
213000228,202,65,137
213000229,384,22,362
213000230,283,50,233
213000232,108,660,-552
213000233,19,36,-17
213000234,7,50,-43
213000293,15,89,-74
213000294,108,9,99
213000295,7,97,-90
213000296,85,32,53
213000297,10,127,-117
213000298,23,136,-113
213000299,58,85,-27
213000300,2,3,-1
213000303,2,35,-33
213000304,0,4,-4
213000305,2,10,-8
213000306,83,44,39
213000307,493,73,420
213000308,166,407,-241
213000309,189,55,134
213000310,244,93,151
213000311,276,1011,-735
213000315,82,271,-189
213000316,53,59,-6
213000322,125,276,-151
213000323,45,176,-131
213000324,28,59,-31
213000325,22,207,-185
213000326,16,26,-10
213000327,9,111,-102
213000328,13,113,-100
213000329,37,96,-59
213000340,139,1380,-1241
213000341,211,78,133
213000346,154,179,-25
213000347,1009,253,756
213000348,6,199,-193
213000349,30,7,23
213000350,259,2291,-2032
213000366,68,616,-548
213000367,129,40,89
213000379,45,131,-86
213000386,28,278,-250
213000406,136,526,-390
213000417,1009,411,598
213000425,60,53,7
213000426,60,158,-98
213000427,44,574,-530
213000428,46,377,-331
213000429,6,2,4
213000430,131,1738,-1607
213000431,20,2,18
213000432,0,21,-21
213000433,19,218,-199
213000434,53,121,-68
213000435,56,132,-76
213000436,8,141,-133
213000437,0,38,-38
213000438,81,140,-59
213000439,39,10,29
213000440,6,319,-313
213000441,1,0,1
213000442,0,62,-62
213000443,391,665,-274
213000444,34,91,-57
213000445,1,183,-182
213000446,1,21,-20
213000447,9,36,-27
213000448,2,103,-101
213000449,138,3,135
213000450,26,45,-19
213000451,198,114,84
213000452,10,24,-14
213000453,83,536,-453
213000455,218,3,215
213000456,0,125,-125
213000481,11,6,5
213000482,40,1,39
213000489,487,83,404
213000491,0,122,-122
213000492,327,4,323
213000493,1,97,-96
213000494,174,250,-76
213000495,0,154,-154
213000496,260,386,-126
213000497,29,452,-423
213000498,86,355,-269
213000499,135,905,-770
213000500,257,153,104
213000501,77,35,42
213000502,206,105,101
213000503,0,71,-71
213000504,12,274,-262
213000505,9,12,-3
213000506,0,9,-9
213000507,3,181,-178
213900244,31,0,31
213900245,1,31,-30
218000003,16,23,-7
218000004,23,19,4
218000005,15,48,-33
218000006,71,25,46
218000007,6,12,-6
218000012,442,174,268
218000013,58,131,-73
218000014,383,415,-32
218000019,676,700,-24
218000020,293,606,-313
218000021,38,122,-84
218000022,7,55,-48
218000023,0,63,-63
218000024,2,24,-22
218000025,14,43,-29
218000026,7,63,-56
218000027,1,29,-28
218000028,5,9,-4
218000029,2,3,-1
218000030,16,25,-9
218000031,2,59,-57
218000032,1,37,-36
218000040,5,1,4
218000046,24,194,-170
218000047,9,238,-229
218000048,57,259,-202
218000049,120,253,-133
218000050,262,391,-129
218000051,68,498,-430
218000052,0,148,-148
218000053,3,13,-10
218000054,14,34,-20
218000055,3,21,-18
218000056,5,35,-30
218000057,2,28,-26
218000064,0,14,-14
218000065,40,52,-12
218000066,3,83,-80
218000067,37,119,-82
218000068,51,108,-57
218000069,105,297,-192
218000070,89,313,-224
218000071,158,285,-127
218000072,259,353,-94
218000078,654,1823,-1169
218000079,64,94,-30
218000080,54,132,-78
218000081,260,438,-178
218000082,35,174,-139
218000083,22,65,-43
218000084,73,242,-169
218000085,78,559,-481
218000086,35,263,-228
218000087,128,278,-150
218000090,6,78,-72
218000091,672,475,197
218000092,39,169,-130
218000093,64,105,-41
218000094,447,939,-492
218000099,203,441,-238
218000100,175,292,-117
218000101,170,161,9
218000102,152,384,-232
218000103,47,218,-171
218000104,29,72,-43
218000105,14,8,6
218000106,10,9,1
218000107,30,93,-63
218000108,7,64,-57
218000112,57,8,49
218000117,27,42,-15
218000134,519,1279,-760
218000135,33,203,-170
218000136,208,60,148
218000137,141,128,13
218000138,9,91,-82
218000139,99,452,-353
218000140,292,244,48
218000141,58,87,-29
218000142,100,140,-40
218000143,99,162,-63
218000144,46,70,-24
218000145,209,504,-295
218000146,45,187,-142
218000151,6,38,-32
218000152,67,58,9
218000153,8,5,3
218000154,1,1,0
218000155,4,2,2
218000156,29,20,9
218000157,13,17,-4
218000158,3,13,-10
218000159,4,1,3
218000160,2,2,0
218000161,14,9,5
218000162,12,9,3
218000163,3,3,0
218000164,18,9,9
218000165,23,14,9
218000170,2,29,-27
218000171,27,1,26
218000172,7,8,-1
218000173,32,23,9
218000174,30,4,26
218000176,76,26,50
218000177,172,158,14
218000178,56,169,-113
218000179,49,63,-14
218000180,39,27,12
218000181,81,72,9
218000187,3,17,-14
218000188,22,45,-23
218000189,19,108,-89
218000190,10,24,-14
218000191,78,90,-12
218000192,126,678,-552
218000193,328,811,-483
218000194,76,756,-680
218000195,145,103,42
218000196,242,372,-130
218000197,147,408,-261
218000198,9,206,-197
218000199,34,48,-14
218000200,70,46,24
218000201,21,18,3
218000202,300,209,91
218000207,9,107,-98
218000208,22,92,-70
218000211,18,7,11
218000212,1,5,-4
218000213,123,101,22
218000214,5,40,-35
218000215,38,150,-112
218000217,3,180,-177
218000218,236,92,144
218000219,57,20,37
218000220,176,464,-288
218000221,1197,142,1055
218000222,41,12,29
218000223,40,124,-84
218000224,6,122,-116
218000225,93,21,72
218000226,53,89,-36
218000230,0,3,-3
218000232,41,157,-116
218000239,88,7,81
218000240,4,2,2
218000241,9,0,9
218000242,29,0,29
218000243,18,0,18
218000244,14,0,14
218000245,6,0,6
218000246,0,2,-2
218000247,0,0,0
218000248,0,44,-44
218000249,0,4,-4
218000250,10,6,4
218000251,0,6,-6
218000252,0,14,-14
218000253,7,17,-10
218000254,0,2,-2
218000255,4,8,-4
218000256,10,42,-32
218000267,1191,1283,-92
218000268,6,70,-64
218000269,4,14,-10
218000270,47,60,-13
218000271,18,95,-77
218000273,14,23,-9
218000274,3,12,-9
218000275,5,29,-24
218000276,6,45,-39
218000278,18,28,-10
218000279,44,89,-45
218000280,3,31,-28
218000281,15,20,-5
218000282,621,282,339
218000284,194,32,162
218000301,65,96,-31
218000302,72,47,25
218000303,29,62,-33
218000316,541,1277,-736
218000317,672,1189,-517
218000318,302,1041,-739
218000319,725,2309,-1584
218000320,530,925,-395
218000338,62,30,32
218000345,104,48,56
218000346,47,137,-90
218000459,80,453,-373
218000490,31,67,-36
218000501,50,47,3
218000502,42,105,-63
218000503,72,24,48
218000504,146,14,132
218000505,46,198,-152
218000506,22,256,-234
218000508,0,4,-4
218000510,152,2,150
218000520,113,110,3
218000521,4,154,-150
218000522,1,178,-177
218000523,168,0,168
218000524,34,154,-120
218000525,38,10,28
218000526,13,108,-95
218000529,27,613,-586
218000530,6,8,-2
218000531,10,26,-16
218000532,13,36,-23
218000534,91,22,69
218000537,49,48,1
218000538,106,135,-29
218000540,231,59,172
218000543,82,32,50
218000544,41,156,-115
218000545,19,66,-47
218000546,22,205,-183
218000547,86,101,-15
218000548,108,317,-209
218000549,294,159,135
218000550,228,753,-525
218000551,153,544,-391
218000552,362,32,330
218000553,38,82,-44
218000554,15,62,-47
218000555,23,54,-31
218000556,114,665,-551
218000557,210,154,56
218000558,68,0,68
218000559,0,20,-20
218000560,0,15,-15
218000561,12,0,12
218000562,27,244,-217
218000563,163,14,149
218000564,8,130,-122
218000565,117,19,98
218000566,259,32,227
218000567,3,41,-38
218000568,10,3,7
218000569,9,169,-160
218000570,164,10,154
218000571,0,147,-147
218000572,87,2,85
218000573,19,48,-29
218000574,77,68,9
218000575,59,1,58
218000576,0,62,-62
218000577,86,0,86
218000578,2,76,-74
218000579,35,4,31
218000581,2,109,-107
218000582,13,8,5
218000583,10,0,10
218000584,0,32,-32
218000585,16,6,10
218000586,0,51,-51
218000587,0,7,-7
218000588,0,5,-5
218000589,0,0,0
218000590,0,0,0
218000591,1,0,1
218000592,4,2,2
218000593,1,0,1
218000594,0,0,0
218000597,0,0,0
218000598,0,0,0
218000599,2,0,2
218000600,0,0,0
218000601,1,4,-3
218000602,0,4,-4
218000603,0,2,-2
218000604,5,0,5
218000605,0,6,-6
218000606,45,1,44
218000607,11,51,-40
218000608,46,14,32
218000609,0,64,-64
218000610,98,4,94
218000611,12,6,6
218000612,0,34,-34
218000613,13,3,10
218000614,0,39,-39
218000615,76,1,75
218000616,4,201,-197
218000617,20,1,19
218000618,1,20,-19
218000619,15,47,-32
218000620,0,22,-22
218000621,0,2,-2
218000622,0,5,-5
218000623,15,1,14
218000624,0,10,-10
218000625,11,1,10
218000626,0,5,-5
218000628,75,42,33
218000631,17,23,-6
218000632,0,177,-177
218000633,48,1,47
218000634,8,32,-24
218000635,4,10,-6
218000636,743,2191,-1448
218000637,566,663,-97
218000638,98,145,-47
218000639,24,276,-252
218000640,146,41,105
218000641,40,481,-441
218000652,69,217,-148
218000653,89,100,-11
218000663,2,279,-277
218000675,41,53,-12
218000676,2,34,-32
218000677,6,13,-7
218000680,193,939,-746
218000681,231,178,53
218000691,90,720,-630
218000693,123,186,-63
218000703,5,99,-94
218000718,743,566,177
218000719,1017,160,857
218000720,2,47,-45
218000721,20,10,10
218000725,6,5,1
218001147,5,236,-231
218001214,24,14,10
218001258,29,7,22
218001329,114,129,-15
218001330,107,138,-31
218001351,17,26,-9
218001352,5,17,-12
218001353,8,8,0
218001354,5,24,-19
218001355,21,735,-714
218001356,156,3,153
218001357,54,387,-333
218001358,107,10,97
218001361,90,61,29
218001362,2,573,-571
219000001,26,97,-71
219000002,36,96,-60
219000003,24,25,-1
219000004,60,52,8
219000017,164,24,140
219000020,76,17,59
219000022,87,0,87
219000023,56,0,56
219000029,0,95,-95
219000034,39,9,30
219000039,29,67,-38
219000040,37,16,21
219000041,79,49,30
219000051,0,54,-54
219000052,0,13,-13
219000053,1,318,-317
219000054,5,186,-181
219000055,68,1,67
219000056,15,1,14
219000057,49,0,49
219000062,10,340,-330
219000063,92,11,81
219000064,2,99,-97
219000110,196,49,147
219000111,53,22,31
219000112,127,44,83
219000113,75,37,38
219000114,202,59,143
219000116,56,43,13
219000117,181,142,39
219000118,90,102,-12
219000123,435,104,331
219000124,41,60,-19
219000125,6,11,-5
219000126,66,119,-53
219000127,1,4,-3
219000128,11,135,-124
219000129,24,177,-153
219000130,685,1040,-355
219000131,527,962,-435
219000133,43,38,5
219000134,6,24,-18
219000135,19,61,-42
219000136,154,151,3
219000138,47,24,23
219000139,13,66,-53
219000140,28,4,24
219000141,13,165,-152
219000142,24,133,-109
219000143,9,114,-105
219000145,13,74,-61
219000146,1,77,-76
219000147,1,74,-73
219000148,3,98,-95
219000149,18,239,-221
219000150,1,148,-147
219000151,10,183,-173
219000157,98,133,-35
219000158,110,300,-190
219000161,104,9,95
219000163,1486,398,1088
219000166,56,203,-147
219000167,68,297,-229
219000168,222,93,129
219000174,237,94,143
219000175,19,1,18
219000176,22,3,19
219000177,12,5,7
219000178,7,3,4
219000179,13,9,4
219000180,28,25,3
219000182,72,19,53
219000183,30,34,-4
219000184,51,12,39
219000185,1,88,-87
219000186,46,54,-8
219000187,14,157,-143
219000189,152,215,-63
219000190,149,331,-182
219000191,1239,1236,3
219000192,147,117,30
219000193,662,184,478
219000195,0,73,-73
219000196,8,159,-151
219000198,20,207,-187
219000199,121,238,-117
219000200,39,218,-179
219000201,67,277,-210
219000203,38,176,-138
219000204,82,220,-138
219000205,57,226,-169
219000207,146,288,-142
219000209,15,95,-80
219000210,77,106,-29
219000213,10,487,-477
219000239,183,321,-138
219000240,190,421,-231
219000241,59,318,-259
219000242,45,290,-245
219000243,128,474,-346
219000244,45,144,-99
219000245,28,48,-20
219000246,50,18,32
219000247,80,15,65
219000248,383,207,176
219000249,61,52,9
219000250,76,80,-4
219000251,276,165,111
219000252,190,114,76
219000253,149,54,95
219000255,67,107,-40
219000256,105,104,1
219000257,85,28,57
219000262,64,293,-229
219000263,34,295,-261
219000267,3,239,-236
219000268,2,10,-8
219000269,2,1,1
219000270,2,0,2
219000271,66,1,65
219000278,0,14,-14
219000279,4,2,2
219000283,0,15,-15
219000295,11,113,-102
219000296,85,727,-642
219000297,3,202,-199
219000298,19,266,-247
219000299,420,76,344
219000300,12,396,-384
219000301,347,316,31
219000302,33,213,-180
219000307,31,41,-10
219000308,45,33,12
219000311,108,42,66
219000312,355,52,303
219000313,170,22,148
219000314,75,742,-667
219000315,165,44,121
219000316,319,43,276
219000317,80,44,36
219000320,0,49,-49
219000321,0,28,-28
219000323,1,113,-112
219000325,1,40,-39
219000326,56,126,-70
219000327,54,41,13
219000328,13,52,-39
219000329,254,114,140
219000330,15,35,-20
219000331,44,41,3
219000332,63,60,3
219000333,16,5,11
219000335,53,1,52
219000337,7,0,7
219000338,44,22,22
219000344,31,71,-40
219000345,54,188,-134
219000346,43,149,-106
219000348,123,286,-163
219000349,40,381,-341
219000350,36,122,-86
219000351,8,4,4
219000352,200,40,160
219000353,78,39,39
219000354,83,154,-71
219000355,119,38,81
219000356,1267,664,603
219000363,220,24,196
219000364,66,22,44
219000365,110,10,100
219000366,185,208,-23
219000368,341,349,-8
219000370,1108,241,867
219000371,9,15,-6
219000382,10,18,-8
219000383,789,902,-113
219000385,562,573,-11
219000386,1119,1642,-523
219000387,0,4,-4
219000390,7,0,7
219000391,2,1,1
219000397,67,71,-4
219000398,66,27,39
219000401,8,124,-116
219000402,14,105,-91
219000403,132,165,-33
219000404,20,70,-50
219000407,2,40,-38
219000409,41,40,1
219000410,46,22,24
219000411,39,21,18
219000446,273,577,-304
219000447,0,19,-19
219000448,5,4,1
219000452,96,54,42
219000453,89,125,-36
219000454,275,161,114
219000556,144,84,60
219000558,71,494,-423
219000590,16,218,-202
219000591,34,102,-68
219000592,129,408,-279
219000595,1,64,-63
219000635,77,78,-1
219000636,30,118,-88
219000657,12,11,1
219000658,7,51,-44
219000673,0,11,-11
219000676,24,7,17
219000679,41,7,34
219000684,53,1,52
219000685,3,126,-123
219000686,2,1,1
219000688,0,91,-91
219000689,40,281,-241
219000690,178,35,143
219000691,81,183,-102
219000692,188,37,151
219000693,0,26,-26
219000694,2,0,2
219000695,10,5,5
219000698,100,0,100
219000699,0,7,-7
219000727,3,270,-267
219000728,59,4,55
219000770,25,0,25
219000771,0,57,-57
219000788,224,239,-15
219001150,0,10,-10
219001151,0,2,-2
219001166,40,10,30
219001167,4,121,-117
219001178,17,2,15
220000001,52,52,0
220000002,8,253,-245
220000003,427,325,102
220000004,583,676,-93
220000005,1382,1955,-573
220000006,189,930,-741
220000007,302,841,-539
220000008,412,1547,-1135
220000009,201,731,-530
220000010,155,233,-78
220000011,932,3095,-2163
220000012,162,473,-311
220000014,89,74,15
220000015,55,221,-166
220000017,39,539,-500
220000018,8336,2652,5684
220000019,82,238,-156
220000020,428,228,200
220000021,453,225,228
220000022,374,513,-139
220000023,174,186,-12
220000024,1418,330,1088
220000025,827,767,60
220000026,208,197,11
220000027,12,101,-89
220000028,23,42,-19
220000029,70,297,-227
220000030,100,86,14
220000031,207,276,-69
220000064,41,1557,-1516
221000046,8,0,8
221000047,0,2,-2
221000048,0,3,-3
221000049,0,8,-8
221000050,9,0,9
221000055,47,33,14
221000057,34,10,24
221000068,332,97,235
221000069,247,73,174
221000070,210,40,170
221000071,106,12,94
221000072,194,10,184
221000073,165,43,122
221000074,1,17,-16
221000075,16,17,-1
221000076,8,25,-17
221000077,27,73,-46
221000081,35,13,22
221000082,27,5,22
221000083,71,6,65
221000084,5,5,0
221000085,11,76,-65
221000086,9,132,-123
221000087,3,235,-232
221000088,10,272,-262
221000089,15,367,-352
221000090,109,568,-459
221000098,101,10,91
221000099,107,17,90
221000100,48,7,41
221000101,206,10,196
221000102,90,19,71
221000109,5,84,-79
221000110,3,128,-125
221000111,13,180,-167
221000112,5,153,-148
221000113,13,230,-217
221000114,5,228,-223
221000120,35,52,-17
221000121,6,19,-13
221000122,19,39,-20
221000123,17,26,-9
221000124,35,445,-410
221000155,81,26,55
221000156,51,23,28
221000175,0,8,-8
221000176,1,0,1
221000182,22,11,11
221000241,620,257,363
221000242,230,463,-233
221000243,478,118,360
221000244,214,612,-398
221000245,52,146,-94
221000246,27,368,-341
221000247,136,141,-5
221000248,131,251,-120
221000267,52,1001,-949
221000325,21,75,-54
221000331,2,145,-143
221000338,26,28,-2
221000378,125,38,87
221000381,67,140,-73
222000282,8,0,8
222000296,3,19,-16
222000568,239,13,226
222000569,128,28,100
222000570,80,8,72
222000571,259,16,243
222000577,7,397,-390
222000578,17,299,-282
222000579,53,186,-133
222000580,191,984,-793
222000599,1,148,-147
222000600,4,348,-344
222000601,8,954,-946
222000603,9,14,-5
222000604,8,44,-36
222000605,17,23,-6
222000606,3,9,-6
222000607,1,4,-3
222000608,9,22,-13
222000609,62,464,-402
222000616,161,82,79
222000617,8,12,-4
222000618,1,1,0
222000620,70,15,55
222000621,57,10,47
222000623,440,7,433
222000624,256,0,256
222000625,363,48,315
222000636,44,2,42
222000686,14,5,9
222000687,18,16,2
222001066,537,0,537
222001067,5,28,-23
222001068,28,229,-201
222001069,22,104,-82
222001082,4,57,-53
222001083,9,59,-50
222001084,0,39,-39
222001085,12,80,-68
222001111,11,262,-251
222001112,36,56,-20
222001313,17,6,11
222001314,1,115,-114
222001464,65,66,-1
222001465,24,341,-317
222001484,55,66,-11
222001485,13,100,-87
222001494,208,179,29
222001495,126,727,-601
222001496,184,78,106
222001497,72,929,-857
222001502,16,123,-107
222001503,69,54,15
222001504,21,347,-326
222001505,237,32,205
222001506,19,281,-262
222001507,175,24,151
222001510,215,21,194
222001511,42,490,-448
222001514,377,114,263
222001515,227,851,-624
222001518,89,48,41
222001519,42,431,-389
222001527,175,53,122
222001528,69,262,-193
222001529,68,40,28
222001530,46,343,-297
222001533,92,457,-365
222001534,136,50,86
222001535,125,173,-48
222001536,94,633,-539
222001537,150,25,125
222001538,54,732,-678
222001563,270,96,174
222001564,43,979,-936
222001568,190,90,100
222001576,0,0,0
222001579,5,3,2
222001583,20,355,-335
222001584,41,23,18
222001596,574,2079,-1505
222001597,752,225,527
222001626,0,210,-210
222001650,14,61,-47
222001651,41,181,-140
222001914,136,67,69
222001915,81,320,-239
222001968,285,177,108
222001969,371,1403,-1032
222001970,108,444,-336
222001971,14,94,-80
222001972,3,18,-15
225000001,332,131,201
225000002,240,113,127
225000003,223,67,156
225000004,164,227,-63
225000005,26,43,-17
225000006,1,161,-160
225000007,4744,1213,3531
225000010,143,3,140
225000011,585,887,-302
225000012,139,510,-371
225000013,90,188,-98
225000014,707,42,665
225000015,124,237,-113
225000021,427,207,220
225000027,241,681,-440
225000032,493,129,364
225000042,91,942,-851
225000049,49,72,-23
225000050,33,16,17
225000053,6,265,-259
225000058,634,150,484
225000067,113,258,-145
225000068,97,780,-683
225000069,127,731,-604
225000070,53,745,-692
225000071,27,446,-419
225000075,22,1338,-1316
225000076,65,184,-119
225000078,84,30,54
225000085,26,81,-55
225000086,230,55,175
225000087,147,14,133
225000088,24,178,-154
225000089,253,787,-534
225000090,26,510,-484
225000091,132,320,-188
225000092,15,72,-57
225000093,173,561,-388
225000094,9,698,-689
225000095,275,799,-524
225000096,271,654,-383
225000098,452,181,271
225000099,219,96,123
225000100,143,81,62
225000104,67,512,-445
225000110,12,626,-614
225000111,205,1456,-1251
225000112,474,1204,-730
225000113,139,704,-565
225000114,31,401,-370
225000115,3658,566,3092
225000116,916,123,793
225000117,946,302,644
225000118,740,301,439
225000119,174,110,64
225000120,420,38,382
225000121,170,33,137
225000123,817,25,792
225000125,233,399,-166
225000126,1351,178,1173
225000127,926,598,328
225000128,356,538,-182
225000132,234,35,199
225000133,210,17,193
225000134,482,83,399
225000135,17,9,8
225000136,143,9,134
225000137,104,90,14
225000138,342,24,318
225000143,114,198,-84
225000144,4,338,-334
225000145,32,36,-4
225000146,50,154,-104
225000147,23,458,-435
225000148,14,324,-310
225000149,48,543,-495
225000151,19,321,-302
225000155,294,547,-253
225000156,305,755,-450
225000157,181,388,-207
225000158,110,538,-428
225000171,1,228,-227
225000180,31,2,29
225000181,1,57,-56
225000182,135,11,124
225000185,6,450,-444
225000187,35,589,-554
225000191,65,1,64
225000194,0,10,-10
225000208,7,71,-64
225000209,53,13,40
225000210,1,295,-294
225000217,1,10,-9
225000218,2,0,2
225000223,0,162,-162
225000224,438,1,437
225000225,1,86,-85
225000226,150,0,150
225000227,50,73,-23
225000228,31,13,18
225000229,0,113,-113
225000230,3,0,3
225000231,1,115,-114
225000232,79,0,79
225000241,49,0,49
225000242,0,51,-51
225000249,1,0,1
225000250,43,944,-901
225000251,320,32,288
225000256,0,0,0
225000257,0,0,0
226000042,485,616,-131
226000043,107,354,-247
226000044,107,924,-817
226000045,77,562,-485
226000046,426,48,378
226000047,260,51,209
226000048,284,65,219
226000049,216,146,70
226000070,0,110,-110
226000071,0,112,-112
226000072,0,27,-27
226000073,0,14,-14
226000074,0,13,-13
226000084,2,74,-72
226000085,1,6,-5
226000086,5,7,-2
226000087,0,14,-14
226000088,18,26,-8
226000090,70,35,35
226000091,10,14,-4
226000092,2,1,1
226000093,25,0,25
226000094,26,3,23
226000095,23,1,22
226000105,5,1,4
226000106,12,1,11
226000107,3,0,3
226000108,19,0,19
226000109,55,0,55
226000124,106,61,45
226000134,281,494,-213
226000135,538,664,-126
226000136,198,387,-189
226000137,9,699,-690
226000138,10,382,-372
226000139,1,26,-25
226000156,82,0,82
226000157,77,5,72
226000163,35,41,-6
226000202,22,754,-732
226000231,161,5,156
226000232,15,3,12
227000033,236,57,179
227000036,140,23,117
227000037,149,22,127
227000038,89,25,64
227000084,3,52,-49
227000085,0,35,-35
227000088,82,1,81
227000089,71,3,68
227000090,25,0,25
227000091,12,0,12
227000092,13,0,13
227000093,92,0,92
227000094,6,0,6
227000130,20,75,-55
227000131,7,322,-315
227000132,10,306,-296
227000133,10,275,-265
227000134,5,467,-462
227000152,0,0,0
227000153,1,32,-31
227000154,0,26,-26
227000155,0,23,-23
227000156,0,21,-21
227000165,0,35,-35
227000196,139,620,-481
227000199,125,1120,-995
227000230,38,1172,-1134
227000232,206,30,176
227000242,56,525,-469
227000243,252,60,192
227000245,14,492,-478
227000246,56,617,-561
227000247,219,72,147
227000248,304,29,275
227000249,16,217,-201
227000250,368,117,251
227000251,153,276,-123
227000252,10,419,-409
227000253,92,27,65
227000262,187,39,148
227000266,481,21,460
227000267,60,4776,-4716
227000282,6,510,-504
227000284,211,33,178
227000286,2,111,-109
227000287,10,201,-191
227000291,18,1208,-1190
227000484,230,16,214
227000485,29,1397,-1368
227000655,51,89,-38
227000656,480,23,457
227000657,36,29,7
227000661,207,15,192
227000680,233,43,190
229000265,10,39,-29
229000296,2,36,-34
229000297,10,63,-53
229000298,14,222,-208
229000320,3,2,1
229000321,10,5,5
229000412,6,36,-30
229000414,6,57,-51
229000415,4,0,4
229000416,2,1,1
229000417,1,19,-18
229000419,64,279,-215
229000440,230,76,154
229000442,28,2,26
229000443,0,5,-5
229000444,0,33,-33
229000445,22,24,-2
229000446,51,16,35
229000491,0,21,-21
229000492,11,130,-119
229000493,0,108,-108
229000494,20,4,16
229000495,56,4,52
229000496,21,5,16
229000507,0,46,-46
229000508,0,30,-30
229000509,0,44,-44
229000510,0,21,-21
229000511,0,29,-29
229000512,0,25,-25
229000513,0,4,-4
229000514,0,1,-1
229000517,0,2,-2
229000518,9,49,-40
229000519,0,17,-17
229000520,4,36,-32
229000521,15,13,2
229000522,2,12,-10
229000523,9,9,0
229000524,2,6,-4
229000527,1,0,1
229000528,0,0,0
229000529,7,0,7
229000530,30,0,30
229000531,14,2,12
229000532,16,0,16
229000533,53,0,53
229000534,39,0,39
229000564,43,0,43
229000565,5,0,5
229000566,0,8,-8
229000567,1,57,-56
229000582,71,2,69
229000583,4,0,4
229000584,0,45,-45
229000585,1,41,-40
229000718,0,0,0
229000719,0,0,0
229000720,0,6,-6
229000721,0,6,-6
229000722,0,16,-16
229000723,0,6,-6
229000724,0,0,0
229000725,0,0,0
229000738,0,0,0
229000739,0,0,0
229000740,1,0,1
229000741,7,0,7
229000742,3,0,3
229000743,5,0,5
229000744,0,0,0
229000745,2,0,2
229000746,10,0,10
229000847,24,0,24
229000848,16,0,16
229000849,77,1,76
229000851,13,0,13
229000854,1,75,-74
229000856,4,193,-189
229000857,0,55,-55
229000858,1,126,-125
229000919,11,90,-79
229000930,3,304,-301
229000937,44,15,29
229000966,24,17,7
229000981,21,50,-29
229000985,3,49,-46
229000986,1,5,-4
229000987,0,4,-4
229000988,6,0,6
229000989,10,10,0
229000990,0,3,-3
229000991,0,2,-2
229000992,4,6,-2
229000993,215,5,210
229000998,4,72,-68
229000999,52,11,41
229001034,0,15,-15
229001035,21,0,21
229001037,27,1,26
229001042,10,18,-8
229001047,1,77,-76
229001050,55,39,16
229001168,0,5,-5
229001200,5,3,2
229001338,2,23,-21
229001394,145,2,143
229001422,59,19,40
229001423,47,138,-91
229001431,17,38,-21
229001432,39,116,-77
229001444,89,53,36
229001445,28,186,-158
229001479,3,2,1
229001503,157,62,95
229001504,67,258,-191
229001505,79,71,8
229001506,22,236,-214
229001509,31,31,0
229001545,48,7,41
229001546,7,118,-111
229001553,38,17,21
229001554,26,107,-81
229001559,2,7,-5
229001560,4,34,-30
229001630,35,5,30
229001631,6,46,-40
229001635,0,3,-3
229001636,1,1,0
229001658,1,115,-114
229001659,59,3,56
229001660,2,1,1
229001661,1,12,-11
229001662,31,1,30
229001663,0,25,-25
229002584,116,160,-44
229002831,240,92,148
229002841,3,8,-5
229002842,7,12,-5
229002843,32,17,15
229002844,20,65,-45
229002845,10,54,-44
229002846,10,14,-4
229002847,2,4,-2
229002848,6,8,-2
229002849,1,68,-67
229002850,6,1,5
229002851,23,78,-55
229002852,85,32,53
229002853,63,8,55
229002854,18,37,-19
229002855,8,34,-26
229002856,18,8,10
229002857,6,43,-37
229002858,18,15,3
229002859,42,20,22
229002860,47,5,42
229002861,43,24,19
229002862,16,16,0
229002863,26,31,-5
229002864,15,30,-15
229002865,40,8,32
229002866,12,23,-11
229002867,2,11,-9
229002868,9,12,-3
229002869,10,133,-123
229002870,32,6,26
235000066,275,120,155
235000067,95,156,-61
235000072,15,58,-43
235000073,49,258,-209
235000074,22,82,-60
235000080,20,86,-66
235000081,57,149,-92
235000082,65,53,12
235000083,79,79,0
235000084,27,56,-29
235000085,52,86,-34
235000089,12,31,-19
235000092,6,160,-154
235000093,8,0,8
235000097,10,5,5
235000098,28,18,10
235000099,14,35,-21
235000116,45,42,3
235000117,891,11,880
235000133,7,271,-264
235000134,8,98,-90
235000206,3,1,2
235000207,2,0,2
235000208,6,0,6
235000209,2,1,1
235000210,2,2,0
235000212,3,23,-20
235000213,0,10,-10
235000220,0,4,-4
235000221,32,22,10
235000238,6,31,-25
235000239,2,2,0
235000242,234,265,-31
235000245,792,154,638
235000246,6,83,-77
235000284,3,101,-98
235000295,75,5,70
235000305,74,8,66
235000306,101,3,98
235000307,16,7,9
235000308,2,2,0
235000309,27,0,27
235000310,23,0,23
235000311,25,5,20
235000322,0,26,-26
235000323,2,57,-55
235000324,0,13,-13
235000325,0,23,-23
235000326,7,387,-380
235000351,2,107,-105
235000352,27,59,-32
235000353,1,34,-33
235000354,1,39,-38
235000355,15,85,-70
235000356,32,17,15
235000357,19,18,1
235000358,23,6,17
235000359,0,0,0
235000360,38,18,20
235000361,45,7,38
235000381,46,251,-205
235000382,78,29,49
235000390,7,4,3
235000391,61,13,48
235000392,79,198,-119
235000393,48,85,-37
235000395,51,20,31
235000396,214,36,178
235000400,114,17,97
235000401,69,158,-89
235000405,70,245,-175
235000406,24,231,-207
235000407,39,115,-76
235000409,105,176,-71
235000410,13,296,-283
235000411,1,136,-135
235000485,0,3,-3
235000486,5,0,5
235000549,35,90,-55
235000550,41,199,-158
235000599,48,76,-28
235000600,15,18,-3
235000601,17,33,-16
235000602,41,142,-101
235000614,4,0,4
235000648,0,24,-24
235000649,27,5,22
235000685,0,5,-5
235000815,3,38,-35
235000834,1,8,-7
235000855,12,48,-36
235000862,19,166,-147
235000891,0,6,-6
235000892,18,0,18
235000901,55,102,-47
235000907,3,13,-10
235001010,21,85,-64
235001029,435,458,-23
235001030,247,199,48
235001078,37,42,-5
235001079,19,107,-88
235001147,0,33,-33
235001166,5,87,-82
235001167,13,64,-51
235001169,25,346,-321
235001188,0,4,-4
235001189,0,0,0
235001197,12,19,-7
235001200,19,31,-12
235001207,75,17,58
235001210,6,99,-93
235001215,25,114,-89
235001239,2,37,-35
235001244,0,4,-4
235016267,1,27,-26
277101746,0,2,-2
277102712,1,0,1
277103813,0,0,0
277103898,0,0,0
277104249,0,15,-15
277104250,0,8,-8
277104251,0,21,-21
277104252,0,1,-1
990011530,0,273,-273
990014944,0,503,-503
990015176,7,11,-4
990015618,0,114,-114
990016032,1,740,-739
990032570,10,79,-69
990070001,80,6,74
990070103,0,0,0
990070601,0,85,-85
990070751,256,0,256
990070766,1,1017,-1016
990071180,898,275,623
990071343,38,0,38
990071387,0,7,-7
990071823,189,24,165
990072600,3,709,-706
990072964,2,557,-555
990073285,0,2,-2
990074393,8,1868,-1860
990074870,545,9,536
990075106,542,3,539
990075746,202,5,197
990076437,546,21,525
990076458,4,1855,-1851
997000007,139,17,122
997000041,0,142,-142
997000058,41,3,38
997000062,70,0,70
997000069,0,2,-2
997000070,0,200,-200
997000100,20,0,20
997000141,2,295,-293
997000198,361,984,-623
998000475,0,17,-17
998000736,1,359,-358
998000965,0,17,-17
998001031,0,64,-64
998001700,0,19,-19
998001899,0,3,-3
998001900,65,31,34
998003073,673,6,667
998101900,0,0,0
998102850,1,74,-73
998501927,526,313,213
998501929,84,5,79
998501930,98,0,98
998501931,107,4,103
998501932,3,4,-1
998501933,84,26,58
998501937,9,1,8
998501944,6,0,6
998501950,0,43,-43
998501970,20,5,15
998501971,0,86,-86
998501973,0,137,-137
998501974,0,300,-300
998501975,291,4,287
998501976,101,1,100
998501977,2,19,-17
998501978,27,0,27
998501979,0,4,-4
998501980,190,3,187
998501981,34,46,-12
998501982,1,98,-97
998501983,0,16,-16
998502006,0,0,0
998502024,0,2,-2
998502032,0,0,0
998502062,22,0,22
998502063,0,0,0
998502173,23,1,22
998502269,0,3,-3
998502546,0,167,-167
998502578,2,4,-2
998502599,82,212,-130
998601159,2,467,-465
998601292,0,26,-26
999033574,2,1514,-1512
999800001,43,8,35
999800002,0,4,-4
999800003,15,2,13
999800004,0,1,-1
999800005,0,6,-6
