ID,insum,outsum,diff
100000001,609,373,236
100000002,1244,529,715
100000003,6660,1414,5246
100000004,1528,604,924
100000005,1708,1665,43
100000006,236,69,167
100000007,688,248,440
100000008,136,465,-329
100000009,215,104,111
100000010,17,23,-6
100000011,412,60,352
100000012,55,496,-441
100000013,25,150,-125
100000014,244,313,-69
100000015,887,661,226
100000016,870,1053,-183
100000017,385,879,-494
100000018,1204,428,776
100000019,5102,1194,3908
100000020,1605,2169,-564
100000021,5968,1352,4616
100000022,1631,559,1072
100000023,5628,604,5024
100000025,2246,260,1986
100000028,1511,585,926
100000029,266,132,134
100000030,618,24,594
100000031,3746,2807,939
100000032,2672,1705,967
100000033,654,1180,-526
100000034,577,199,378
100000035,1523,571,952
100000036,2395,672,1723
100000037,282,335,-53
100000038,676,589,87
100000039,501,99,402
100000040,130,69,61
100000041,355,233,122
100000042,316,177,139
100000043,453,156,297
100000044,345,626,-281
100000045,389,1112,-723
100000046,461,1125,-664
100000047,280,697,-417
100000048,448,517,-69
100000049,1281,2148,-867
100000051,313,935,-622
100000053,10,6,4
100000054,65,19,46
100000055,339,193,146
100000056,151,356,-205
100000057,1028,539,489
100000058,655,1151,-496
100000059,1,83,-82
100000060,210,187,23
100000061,939,367,572
100000062,946,299,647
100000063,307,170,137
100000064,506,318,188
100000065,267,1014,-747
100000066,147,679,-532
100000067,303,738,-435
100000068,371,1401,-1030
100000069,159,1548,-1389
100000072,319,888,-569
100000073,807,1013,-206
100000075,340,306,34
100000076,1645,1198,447
100000077,547,71,476
100000078,80,12,68
100000079,40,18,22
100000080,5,9,-4
100000081,26,18,8
100000102,1725,809,916
100000103,1983,340,1643
100000104,3962,707,3255
100000105,3614,402,3212
100000106,2031,887,1144
100000107,405,222,183
100000108,554,725,-171
100000109,2402,853,1549
100000116,1039,288,751
100000117,21,32,-11
100000118,910,505,405
100000119,380,459,-79
100000121,169,543,-374
100000122,461,394,67
100000123,3290,3114,176
100000124,6467,3828,2639
100000125,2855,608,2247
100000126,567,224,343
100000127,1535,304,1231
100000128,630,568,62
100000129,458,335,123
100000130,303,470,-167
100000131,3722,1916,1806
100000132,1648,953,695
100000133,8506,2186,6320
100000135,261,436,-175
100000139,143,210,-67
100000140,63,113,-50
100000142,226,479,-253
100000143,1471,916,555
100000144,3323,1094,2229
100000147,736,1353,-617
100000150,7,438,-431
100000151,326,280,46
100000153,225,182,43
100000154,62,23,39
100000155,2,15,-13
100000156,16,69,-53
100000157,61,176,-115
100000158,47,91,-44
100000159,265,399,-134
100000165,963,579,384
100000169,536,210,326
100000174,1553,302,1251
100000179,96,485,-389
100000180,1265,709,556
100000181,149,249,-100
100000188,38,246,-208
100000189,537,225,312
100000190,318,266,52
100000191,319,278,41
100000192,66,51,15
100000193,62,100,-38
100000330,1804,324,1480
100000355,95,395,-300
100000362,2779,2230,549
100000363,1490,2255,-765
100000364,251,151,100
100000365,2300,3527,-1227
100000366,2649,1596,1053
100000367,1795,2517,-722
100000368,1680,1510,170
100000369,767,813,-46
100000370,105,228,-123
100000376,46,69,-23
100000379,2013,701,1312
100000380,2634,1176,1458
100000384,5101,1427,3674
100000385,6090,1956,4134
100000386,7157,1691,5466
100000387,6908,2005,4903
100000388,11020,2077,8943
100000389,9685,1978,7707
100000390,10884,1766,9118
100000391,6603,2059,4544
100000392,3227,766,2461
100000393,805,786,19
100000394,4789,1877,2912
100000395,2202,570,1632
100000396,3616,1182,2434
100000397,1894,1032,862
100000398,9035,6146,2889
100000413,35,7,28
100000414,699,347,352
100900002,1,33,-32
100900003,140,80,60
100900004,15,645,-630
100900005,65,4,61
100900006,1,130,-129
100900007,236,2,234
100900008,5,434,-429
100900009,19,21,-2
100900010,25,90,-65
100900011,30,281,-251
100900012,0,232,-232
100900013,225,2,223
100900014,0,2,-2
100900015,95,76,19
100900016,1,44,-43
100900017,362,52,310
100900018,0,10,-10
100900019,4,34,-30
100900020,138,1,137
100900021,425,11,414
100900022,0,3,-3
100900023,0,4,-4
100900024,463,1,462
100900025,18,7,11
100900026,7,105,-98
100900027,365,1262,-897
100900028,52,93,-41
100900029,100,2,98
100900030,2,10,-8
100900031,87,57,30
100900032,79,0,79
100900033,171,46,125
100900034,181,0,181
100900035,423,0,423
100900036,15,0,15
100900037,10,227,-217
100900038,52,19,33
100900039,221,561,-340
100900040,90,758,-668
100900041,113,791,-678
100900042,228,311,-83
100900043,0,5,-5
100900044,2086,214,1872
100900045,33,0,33
100900046,743,5,738
100900047,679,57,622
100900048,46,8,38
100900049,23,195,-172
100900050,0,8,-8
100900051,52,64,-12
100900052,47,9,38
100900053,82,22,60
100900054,6,91,-85
100900055,102,180,-78
100900056,88,120,-32
100900057,319,246,73
100900058,94,9,85
100900059,14,0,14
100900060,74,7,67
100900061,231,133,98
100900062,3,60,-57
100900063,65,284,-219
100900064,248,2,246
100900065,68,36,32
100900066,27,19,8
100900067,0,7,-7
100900068,9,83,-74
100900069,247,5,242
100900070,51,3,48
100900071,489,149,340
100900072,0,75,-75
100900073,37,461,-424
100900074,0,5,-5
100900075,2093,197,1896
100900076,7,18,-11
100900077,4,109,-105
100900078,56,109,-53
100900079,2,38,-36
100900080,5,110,-105
100900081,8,35,-27
100900082,38,778,-740
100900083,0,37,-37
100900085,2,48,-46
100900086,85,351,-266
100900088,10,689,-679
100900089,0,37,-37
100900090,89,249,-160
100900091,0,12,-12
100900092,76,59,17
100900093,75,121,-46
100900094,44,642,-598
100900095,5,37,-32
100900096,22,55,-33
100900097,1,2,-1
100900098,7,31,-24
100900099,18,437,-419
100900100,3,183,-180
100900101,330,9,321
100900102,41,9,32
100900103,1,5,-4
100900104,12,87,-75
100900105,7,42,-35
100900106,28,1,27
100900107,1224,286,938
100900108,1,2,-1
100900109,1,18,-17
100900110,2,29,-27
100900111,50,81,-31
100900112,0,1,-1
100900113,1,11,-10
100900114,1,18,-17
100900115,1,16,-15
100900116,403,331,72
100900117,97,236,-139
100900118,1,41,-40
100900119,5,20,-15
100900120,0,21,-21
100900121,106,205,-99
100900122,81,170,-89
100900123,44,56,-12
100900124,8,14,-6
100900125,15,59,-44
100900126,39,130,-91
100900127,0,4,-4
100900128,60,62,-2
100900129,0,67,-67
100900131,18,72,-54
100900133,32,26,6
100900134,0,4,-4
100900135,0,131,-131
100900137,240,108,132
100900138,246,131,115
100900139,0,7,-7
100900140,2,675,-673
100900141,2,209,-207
100900142,0,4,-4
100900143,844,153,691
100900144,23,0,23
100900145,15,87,-72
100900146,13,9,4
100900147,7,172,-165
100900148,35,920,-885
100900149,57,71,-14
100900150,4,4,0
100900151,63,443,-380
100900152,56,1,55
100900153,6,71,-65
100900154,9,11,-2
100900155,1,7,-6
100900156,13,0,13
100900157,0,61,-61
100900159,1,15,-14
100900160,0,8,-8
100900161,93,0,93
100900162,5,99,-94
100900163,98,156,-58
100900164,14,26,-12
100900165,18,54,-36
100900166,15,2,13
100900167,15,70,-55
100900168,22,58,-36
100900169,112,823,-711
100900170,10,1,9
100900171,6,720,-714
100900172,0,9,-9
100900173,1,507,-506
100900174,247,36,211
100900176,907,46,861
100900177,725,108,617
100900178,135,97,38
100900179,58,21,37
100900180,0,0,0
100900181,46,7,39
100900182,3,7,-4
100900184,1,89,-88
100900186,738,370,368
100900187,7,147,-140
100900188,13,3,10
100900189,443,101,342
100900191,796,470,326
100900192,136,147,-11
100900195,59,150,-91
100900197,7,116,-109
100900198,19,144,-125
100900199,15,12,3
100900200,480,309,171
100900201,27,649,-622
100900202,3,2,1
100900203,0,56,-56
100900204,386,98,288
100900205,66,165,-99
100900206,23,17,6
100900207,92,46,46
100900210,41,529,-488
100900211,191,32,159
100900213,14,21,-7
100900214,651,69,582
100900215,2,9,-7
100900217,74,34,40
101000001,3669,2172,1497
101000002,2831,2102,729
101000003,608,1302,-694
101000004,1276,2237,-961
101000005,3055,3289,-234
101000006,1792,3863,-2071
101000007,942,1119,-177
101000008,9833,3290,6543
101000009,998,1837,-839
101000010,652,1161,-509
101000011,1684,481,1203
101000012,1711,267,1444
101000013,383,509,-126
101000014,358,370,-12
101000015,633,733,-100
101000016,329,223,106
101000017,555,415,140
101000018,4971,2003,2968
101000020,4543,1185,3358
101000021,836,140,696
101000022,259,39,220
101000023,1398,513,885
101000025,22,89,-67
101000026,346,20,326
101000027,896,894,2
101000028,810,171,639
101000029,9,518,-509
101000030,474,31,443
101000031,178,43,135
101000032,3536,1411,2125
101000033,2107,1428,679
101000034,2395,694,1701
101000035,1241,263,978
101000036,1386,249,1137
101000037,4892,728,4164
101000039,3996,754,3242
101000040,4104,1770,2334
101000041,7783,2102,5681
101000042,502,345,157
101000043,5190,1260,3930
101000045,869,179,690
101000046,1240,598,642
101000047,771,715,56
101000048,547,557,-10
101000049,584,561,23
101000050,1385,339,1046
101000051,2089,600,1489
101000052,1437,361,1076
101000053,791,936,-145
101000054,1373,954,419
101000055,1279,597,682
101000056,41,32,9
101000057,2151,402,1749
101000058,1699,521,1178
101000059,2956,1145,1811
101000060,1743,184,1559
101000061,1001,477,524
101000062,1586,207,1379
101000063,413,229,184
101000064,1323,246,1077
101000065,130,289,-159
101000066,182,183,-1
101000067,660,229,431
101000068,376,159,217
101000069,229,36,193
101000070,1065,464,601
101000071,1487,510,977
101000072,720,2216,-1496
101000073,481,408,73
101000074,3548,1605,1943
101000075,5931,2798,3133
101000077,963,845,118
101000078,639,945,-306
101000079,309,581,-272
101000080,452,472,-20
101000081,871,802,69
101000082,2601,1952,649
101000083,1114,1058,56
101000084,1037,1191,-154
101000085,1235,793,442
101000086,1077,845,232
101000087,768,1039,-271
101000088,629,581,48
101000089,718,934,-216
101000090,2005,1374,631
101000091,279,1494,-1215
101000092,699,954,-255
101000093,1094,569,525
101000094,352,857,-505
101000095,138,673,-535
101000096,168,516,-348
101000097,185,217,-32
101000098,292,474,-182
101000099,915,921,-6
101000100,838,481,357
101000101,239,213,26
101000102,715,215,500
101000103,612,328,284
101000104,204,232,-28
101000105,949,151,798
101000106,470,523,-53
101000107,65,233,-168
101000108,1108,238,870
101000109,75,45,30
101000110,11,545,-534
101000111,83,162,-79
101000113,250,442,-192
101000114,3378,1412,1966
101000115,69,56,13
101000116,42,106,-64
101000117,163,286,-123
101000119,153,15,138
101000120,177,6,171
101000121,52,6,46
101000122,44,36,8
101000123,21,23,-2
101000124,216,251,-35
101000125,92,265,-173
101000128,683,378,305
101000130,522,428,94
101000131,361,628,-267
101000132,220,1498,-1278
101000135,40,14,26
101000136,141,49,92
101000137,30,133,-103
101000141,1992,1092,900
101000147,778,578,200
101000148,2401,16,2385
101000149,68,19,49
101000150,16,1037,-1021
101000151,41,58,-17
101000152,256,230,26
101000153,463,329,134
101000154,76,1447,-1371
101000155,100,76,24
101000156,21,274,-253
101000157,41,18,23
101000160,26,48,-22
101000163,53,58,-5
101000164,526,249,277
101000165,227,229,-2
101000166,217,292,-75
101000168,545,201,344
101000252,920,472,448
101000254,291,15,276
101000258,63,2,61
101000261,78,87,-9
101000262,506,690,-184
101000263,136,412,-276
101000265,24,492,-468
101000266,249,138,111
101000269,92,4,88
101000290,1617,1608,9
101000293,9,78,-69
101000294,416,378,38
101000295,95,365,-270
101000301,748,149,599
101000304,1448,2107,-659
101000305,1893,1413,480
101000328,86,311,-225
101900001,26,87,-61
101900002,0,15,-15
101900003,58,47,11
101900004,3,16,-13
101900005,4092,556,3536
101900006,721,151,570
101900007,320,20,300
101900008,92,214,-122
101900009,31,266,-235
101900010,837,249,588
101900011,115,762,-647
101900012,96,148,-52
101900013,967,43,924
101900017,7,39,-32
101900018,1515,83,1432
101900019,207,44,163
101900020,172,53,119
101900021,0,13,-13
101900022,33,1122,-1089
101900023,30,195,-165
101900026,65,26,39
101900027,7,86,-79
102000001,1102,1747,-645
102000002,628,339,289
102000003,3268,2897,371
102000004,5422,1389,4033
102000005,1416,1519,-103
102000006,4835,1367,3468
102000007,1256,2640,-1384
102000008,3688,1134,2554
102000009,4462,5009,-547
102000010,4977,2088,2889
102000011,2777,2875,-98
102000012,8074,4584,3490
102000018,2116,1541,575
102000019,2430,1021,1409
102000026,167,335,-168
102000029,394,142,252
102000030,49,163,-114
102000031,17,161,-144
102000032,143,261,-118
102000033,99,380,-281
102000034,346,253,93
102000035,710,438,272
102000036,2,107,-105
102000038,10,14,-4
102000039,84,41,43
102000040,334,80,254
102000041,84,134,-50
102000042,54,49,5
102000043,155,114,41
102000044,197,446,-249
102000045,606,847,-241
102000046,668,382,286
102000047,493,1001,-508
102000048,70,416,-346
102000049,444,436,8
102000050,720,837,-117
102000051,193,327,-134
102000052,776,680,96
102000053,326,506,-180
102000054,197,655,-458
102000055,498,882,-384
102000056,343,1169,-826
102000057,1037,409,628
102000058,788,1568,-780
102000059,837,1055,-218
102000060,927,797,130
102000061,819,2196,-1377
102000062,612,1102,-490
102000063,810,1260,-450
102000064,415,539,-124
102000065,38,116,-78
102000066,1283,916,367
102000067,1762,1667,95
102000068,7914,2306,5608
102000069,33,1491,-1458
102000070,2061,57,2004
102000071,6290,8389,-2099
102000072,2743,3990,-1247
102000073,662,995,-333
102000074,489,577,-88
102000075,149,314,-165
102000076,308,471,-163
102000077,190,1221,-1031
102000078,411,631,-220
102000079,82,282,-200
102000080,21,51,-30
102000081,191,687,-496
102000082,755,596,159
102000083,158,547,-389
102000084,106,468,-362
102000085,1154,1065,89
102000086,770,988,-218
102000087,473,2161,-1688
102000088,190,277,-87
102000089,656,552,104
102000090,266,1080,-814
102000091,1382,459,923
102000092,358,694,-336
102000093,692,507,185
102000094,829,376,453
102000095,667,652,15
102000096,938,473,465
102000097,874,658,216
102000098,486,590,-104
102000099,562,408,154
102000100,1067,375,692
102000101,1341,226,1115
102000102,285,1403,-1118
102000103,950,251,699
102000104,826,299,527
102000105,114,764,-650
102000106,427,728,-301
102000107,315,355,-40
102000108,322,207,115
102000109,350,471,-121
102000110,169,564,-395
102000111,233,1166,-933
102000112,112,56,56
102000113,9,22,-13
102000114,868,476,392
102000115,153,161,-8
102000116,361,231,130
102000117,213,386,-173
102000118,1726,887,839
102000119,2384,403,1981
102000120,125,292,-167
102000121,627,616,11
102000122,253,446,-193
102000123,1037,611,426
102000124,563,625,-62
102000125,815,619,196
102000126,396,508,-112
102000127,687,531,156
102000128,318,773,-455
102000129,753,725,28
102000130,257,554,-297
102000131,763,454,309
102000132,433,433,0
102000133,820,2152,-1332
102000134,313,531,-218
102000135,959,434,525
102000136,814,233,581
102000137,701,499,202
102000138,202,376,-174
102000139,53,276,-223
102000140,291,162,129
102000141,100,466,-366
102000142,89,312,-223
102000143,37,410,-373
102000144,66,350,-284
102000145,159,427,-268
102000146,127,220,-93
102000147,168,181,-13
102000148,149,156,-7
102000149,102,533,-431
102000150,119,172,-53
102000151,68,346,-278
102000152,106,114,-8
102000153,460,189,271
102000154,337,508,-171
102000155,50,186,-136
102000156,263,26,237
102000157,50,103,-53
102000158,237,161,76
102000159,1474,133,1341
102000161,3747,803,2944
102000162,404,161,243
102000163,81,273,-192
102000164,960,538,422
102000165,285,87,198
102000166,81,140,-59
102000167,161,126,35
102000168,127,105,22
102000169,63,307,-244
102000170,508,90,418
102000171,146,43,103
102000172,44,225,-181
102000173,195,173,22
102000174,28,34,-6
102000175,75,96,-21
102000176,27,28,-1
102000178,144,517,-373
102000179,126,159,-33
102000180,285,538,-253
102000181,349,611,-262
102000182,289,588,-299
102000183,805,1714,-909
102000184,277,263,14
102000185,861,1659,-798
102000186,615,1241,-626
102000187,503,1782,-1279
102000188,437,1264,-827
102000189,2661,1675,986
102000190,435,1624,-1189
102000191,1139,477,662
102000192,547,824,-277
102000193,10,184,-174
102000194,23,163,-140
102000195,216,415,-199
102000196,77,520,-443
102000197,201,403,-202
102000198,60,897,-837
102000199,281,339,-58
102000200,171,1073,-902
102000201,252,491,-239
102000202,5,127,-122
102000203,146,256,-110
102000204,224,1019,-795
102000205,470,716,-246
102000206,335,613,-278
102000207,540,417,123
102000208,166,502,-336
102000209,51,31,20
102000210,193,648,-455
102000211,112,360,-248
102000212,69,15,54
102000213,4,324,-320
102000214,46,22,24
102000215,6,585,-579
102000216,18,30,-12
102000217,5,209,-204
102000218,100,53,47
102000219,242,409,-167
102000225,933,730,203
102000226,2895,183,2712
102000227,40,1,39
102000228,1,77,-76
102000229,25,12,13
102000230,202,613,-411
102000231,421,416,5
102000232,14,75,-61
102000233,749,711,38
102000234,56,1144,-1088
102000236,359,84,275
102000237,319,117,202
102000238,237,261,-24
102000240,572,538,34
102000241,121,95,26
102000243,14,62,-48
102000245,21,121,-100
102000246,14,23,-9
102000247,1295,865,430
102000248,687,901,-214
102000249,253,362,-109
102000250,30,446,-416
102000254,29,444,-415
102000266,43,135,-92
102000271,21,1,20
102000286,351,212,139
102000297,1312,677,635
102000303,0,0,0
102000305,0,0,0
102000307,0,6,-6
102900001,773,689,84
102900002,194,15,179
102900003,19,327,-308
102900005,135,264,-129
102900006,333,186,147
102900007,325,17,308
102900008,119,56,63
102900009,378,93,285
102900010,496,528,-32
102900011,1693,235,1458
102900012,273,35,238
102900013,10,55,-45
102900015,537,104,433
102900016,29,125,-96
102900017,28,555,-527
102900018,10,151,-141
102900019,188,367,-179
102900020,44,25,19
102900021,9,101,-92
102900022,266,31,235
102900023,12,38,-26
102900024,18,35,-17
102900025,226,86,140
102900026,363,951,-588
102900027,25,24,1
102900028,61,250,-189
102900029,88,70,18
102900030,245,111,134
102900031,43,98,-55
102900032,14,120,-106
102900033,57,222,-165
102900034,136,135,1
102900035,43,476,-433
102900036,88,539,-451
102900037,136,716,-580
102900038,276,396,-120
102900039,4,256,-252
102900040,59,154,-95
102900041,15,134,-119
102900042,91,270,-179
102900043,65,221,-156
102900044,342,1534,-1192
102900045,44,380,-336
102900046,69,271,-202
102900047,31,610,-579
102900048,261,616,-355
102900049,28,304,-276
102900050,137,293,-156
102900051,75,134,-59
102900053,223,608,-385
102900054,596,504,92
102900055,49,75,-26
102900056,93,420,-327
102900057,2,13,-11
102900058,298,22,276
102900059,0,35,-35
102900060,38,332,-294
102900061,46,345,-299
102900062,50,1223,-1173
102900063,485,396,89
102900064,119,433,-314
102900065,1379,495,884
102900066,208,28,180
102900068,51,58,-7
102900070,102,644,-542
102900072,6,23,-17
102900073,75,4,71
102900075,20,13,7
102900076,242,44,198
102900077,38,22,16
102900078,32,65,-33
102900079,202,4,198
102900080,214,11,203
102900081,49,184,-135
102900082,9,203,-194
102900083,312,4,308
102900084,2,16,-14
102900085,77,32,45
102900086,5,21,-16
102900087,28,116,-88
102900088,11,20,-9
102900089,167,73,94
102900090,6,349,-343
102900091,46,0,46
102900092,60,889,-829
102900094,1,43,-42
102900095,79,2,77
102900096,21,7,14
102900097,0,79,-79
103000001,1706,2287,-581
103000002,1544,1742,-198
103000003,2707,1953,754
103000004,768,525,243
103000005,1637,1822,-185
103000006,423,1045,-622
103000007,419,730,-311
103000008,535,605,-70
103000009,437,614,-177
103000010,195,150,45
103000011,1508,760,748
103000012,718,1023,-305
103000013,5749,1674,4075
103000014,986,986,0
103000015,2075,742,1333
103000016,438,606,-168
103000017,85,218,-133
103000018,774,278,496
103000019,124,108,16
103000020,1156,1012,144
103000021,882,1023,-141
103000022,638,1000,-362
103000023,332,693,-361
103000024,116,124,-8
103000025,41,241,-200
103000026,1539,83,1456
103000027,217,215,2
103000028,594,243,351
103000029,344,127,217
103000030,1558,409,1149
103000031,1262,933,329
103000032,1642,1437,205
103000033,1917,1789,128
103000034,1487,677,810
103000035,332,702,-370
103000036,329,402,-73
103000037,633,291,342
103000038,402,586,-184
103000039,165,385,-220
103000040,156,1015,-859
103000041,1122,2812,-1690
103000042,489,640,-151
103000043,203,1127,-924
103000044,96,263,-167
103000046,139,217,-78
103000047,367,544,-177
103000048,82,105,-23
103000049,105,168,-63
103000050,485,584,-99
103000051,246,393,-147
103000052,531,308,223
103000053,105,301,-196
103000054,1215,830,385
103000055,1122,1144,-22
103000056,406,2476,-2070
103000057,410,279,131
103000058,308,950,-642
103000059,277,663,-386
103000060,582,616,-34
103000061,295,641,-346
103000062,823,724,99
103000063,513,485,28
103000064,93,284,-191
103000065,2,352,-350
103000066,90,3,87
103000069,95,305,-210
103000070,464,1095,-631
103000071,525,311,214
103000072,79,813,-734
103000073,198,66,132
103000074,315,65,250
103000075,94,710,-616
103000076,137,146,-9
103000077,28,266,-238
103000078,1111,198,913
103000079,1078,348,730
103000080,1185,134,1051
103000081,374,450,-76
103000082,303,113,190
103000083,71,316,-245
103000084,157,6,151
103000085,6,71,-65
103000086,625,183,442
103000087,93,258,-165
103000088,266,248,18
103000089,155,273,-118
103000090,1269,874,395
103000091,483,357,126
103000092,203,288,-85
103000093,222,471,-249
103000094,104,107,-3
103000095,17,352,-335
103000096,634,78,556
103000097,22,629,-607
103000098,905,94,811
103000099,310,567,-257
103000100,63,698,-635
103000101,341,122,219
103000102,78,578,-500
103000103,292,167,125
103000104,36,180,-144
103000105,31,98,-67
103000106,8,89,-81
103000107,187,56,131
103000108,628,518,110
103000109,366,257,109
103000110,295,316,-21
103000111,469,236,233
103000112,216,196,20
103000113,413,468,-55
103000114,737,211,526
103000115,288,378,-90
103000116,259,450,-191
103000117,100,398,-298
103000118,998,870,128
103000119,1534,613,921
103000120,30,63,-33
103000121,201,540,-339
103000122,219,197,22
103000125,4,511,-507
103000126,135,2,133
103000127,3,278,-275
103000128,76,0,76
103000129,0,139,-139
103000130,30,8,22
103000131,174,53,121
103000132,41,60,-19
103000133,5,162,-157
103000134,724,331,393
103000135,696,158,538
103000136,641,264,377
103000137,469,435,34
103000138,809,365,444
103000139,1,28,-27
103000140,100,16,84
103000141,20,85,-65
103000142,67,41,26
103000143,29,142,-113
103000144,113,44,69
103000145,56,26,30
103000150,77,48,29
103000152,244,189,55
103000153,153,124,29
103000156,7,508,-501
103000157,144,3,141
103000159,35,22,13
103000162,64,32,32
103000163,6,16,-10
103000164,14,4,10
103000165,108,445,-337
103000166,81,118,-37
103000167,107,98,9
103000168,51,119,-68
103000169,74,231,-157
103000170,406,407,-1
103000171,24,67,-43
103000172,124,238,-114
103000173,126,736,-610
103000174,83,246,-163
103000175,125,505,-380
103000176,513,147,366
103000177,606,338,268
103000178,302,220,82
103000179,66,14,52
103000183,33,24,9
103000185,59,47,12
103000186,38,159,-121
103000187,97,659,-562
103000188,16,70,-54
103000189,758,805,-47
103000191,384,422,-38
103000292,2247,854,1393
103000293,1346,677,669
103000295,76,52,24
103000296,333,1,332
103000297,16,8,8
103000504,181,15,166
103000505,3,13,-10
103000506,1,190,-189
103000507,75,1,74
103000508,58,20,38
103000509,802,651,151
103900001,2,326,-324
103900002,1676,139,1537
103900003,857,18,839
103900004,13,0,13
103900005,3,193,-190
103900006,0,0,0
103900007,7,0,7
103900008,7,0,7
103900010,91,206,-115
103900012,29,20,9
103900014,15,18,-3
103900015,40,7,33
103900017,15,82,-67
103900018,644,112,532
103900019,27,110,-83
103900020,73,157,-84
103900021,671,28,643
103900022,585,515,70
103900023,40,2,38
103900024,50,418,-368
103900025,8,30,-22
103900026,14,0,14
103900027,267,185,82
103900028,57,195,-138
103900029,458,102,356
103900030,102,6,96
103900031,47,32,15
103900032,27,24,3
103900033,16,4,12
103900034,14,253,-239
103900035,30,45,-15
103900036,33,17,16
103900037,36,16,20
103900038,52,111,-59
103900039,31,421,-390
103900040,7,162,-155
103900041,9,12,-3
103900042,21,449,-428
103900043,50,80,-30
103900044,221,81,140
103900045,104,130,-26
103900047,32,26,6
103900048,24,10,14
103900049,176,951,-775
103900050,0,59,-59
103900051,1,30,-29
103900052,86,566,-480
103900053,37,843,-806
103900054,27,563,-536
103900055,190,181,9
103900056,17,45,-28
103900057,15,261,-246
103900058,42,630,-588
103900059,0,4,-4
103900060,20,170,-150
103900061,32,31,1
103900062,66,26,40
103900063,2,0,2
103900064,21,1,20
103900065,884,134,750
103900066,37,5,32
103900067,54,4,50
103900068,6,0,6
103900069,21,3,18
103900070,56,193,-137
103900071,12,178,-166
103900072,3,283,-280
103900073,16,2,14
103900074,25,97,-72
103900075,43,73,-30
103900076,178,674,-496
103900077,47,33,14
103900078,36,71,-35
103900079,48,195,-147
103900080,2,12,-10
103900081,102,10,92
103900082,7,70,-63
103900083,1919,220,1699
103900084,18,82,-64
103900085,67,96,-29
103900086,174,180,-6
103900088,416,100,316
103900089,36,166,-130
103900090,1,198,-197
103900091,671,220,451
103900092,202,459,-257
103900093,75,323,-248
103900094,14,150,-136
103900095,112,143,-31
103900096,7,286,-279
103900097,2,368,-366
103900098,77,48,29
103900099,4,251,-247
103900100,61,277,-216
103900101,54,802,-748
103900102,1,32,-31
103900104,0,24,-24
103900105,84,165,-81
103900106,0,17,-17
103900107,14,167,-153
103900108,22,366,-344
103900109,29,63,-34
103900110,110,22,88
103900111,12,621,-609
103900112,2,36,-34
103900113,82,121,-39
103900114,444,261,183
103900115,120,46,74
103900116,6096,797,5299
103900117,276,82,194
103900119,12,26,-14
103900120,23,77,-54
103900122,12,308,-296
103900123,1209,390,819
103900124,17,559,-542
103900125,63,89,-26
103900126,152,423,-271
103900127,74,518,-444
103900128,123,374,-251
103900131,19,124,-105
103900133,471,12,459
103900134,0,1,-1
103900135,2,4,-2
103900137,0,26,-26
103900138,27,411,-384
103900139,649,740,-91
103900140,1,22,-21
103900141,143,64,79
103900142,28,168,-140
103900143,7,3,4
103900144,0,37,-37
103900145,75,273,-198
103900146,140,282,-142
103900147,116,70,46
103900148,150,449,-299
103900149,56,671,-615
103900150,5995,1291,4704
103900151,9,138,-129
103900152,75,672,-597
103900153,2,0,2
103900154,820,571,249
103900155,10,205,-195
103900156,6,138,-132
103900157,8,198,-190
103900158,25,203,-178
103900159,39,70,-31
103900160,20,7,13
103900161,19,117,-98
103900162,190,530,-340
103900163,3,321,-318
103900167,0,41,-41
103900168,30,112,-82
103900169,5,12,-7
103900170,2,77,-75
103900171,1,71,-70
103900172,0,32,-32
103900173,2,3,-1
103900174,34,26,8
103900175,24,27,-3
103900176,4,10,-6
103900177,8,31,-23
103900178,11,72,-61
103900179,11,145,-134
103900180,2,75,-73
103900181,41,19,22
103900182,32,6,26
103900184,439,17,422
103900185,116,86,30
103900187,63,21,42
103900188,17,5,12
103900189,34,2,32
103900190,37,21,16
103900191,12,29,-17
103900192,11,45,-34
103900193,130,88,42
103900194,13,350,-337
103900195,0,14,-14
103900196,10,7,3
103900197,6,26,-20
103900198,19,64,-45
103900199,53,97,-44
103900200,75,141,-66
103900201,74,149,-75
103900202,0,44,-44
103900203,13,11,2
103900204,1,114,-113
103900207,0,135,-135
103900208,12,0,12
103900209,4,78,-74
103900210,6,32,-26
103900211,191,501,-310
103900212,48,602,-554
103900213,97,164,-67
103900214,180,49,131
103900215,782,246,536
103900216,5,396,-391
103900217,169,4,165
103900218,30,223,-193
103900219,54,264,-210
103900233,18,1,17
103900235,18,5,13
103900236,16,0,16
103900242,5,10,-5
103900243,10,4,6
103900244,22,244,-222
103900245,16,198,-182
103900246,26,23,3
103900247,26,116,-90
103900248,1,25,-24
103900249,5,15,-10
103900250,10,14,-4
103900251,2,16,-14
103900253,15,17,-2
103900254,3,10,-7
103900255,10,10,0
103900256,15,15,0
103900257,110,70,40
103900258,24,1,23
103900259,77,3,74
103900261,1,1,0
103900262,16,4,12
103900263,70,31,39
103900264,47,9,38
103900265,34,5,29
103900266,0,25,-25
103900267,2,65,-63
103900268,1,140,-139
103900269,60,33,27
103900270,9,125,-116
103900271,12,133,-121
103900272,25,64,-39
103900273,2,33,-31
103900274,12,6,6
103900275,15,6,9
103900276,6,99,-93
103900277,0,82,-82
103900278,14,44,-30
103900279,0,7,-7
103900280,0,140,-140
104000001,1506,2060,-554
104000002,1103,2201,-1098
104000003,2087,1969,118
104000004,2939,2143,796
104000005,702,1588,-886
104000006,2013,2589,-576
104000007,3248,3238,10
104000008,212,549,-337
104000009,85,113,-28
104000010,98,161,-63
104000011,625,438,187
104000012,103,483,-380
104000013,80,107,-27
104000014,183,668,-485
104000015,124,105,19
104000016,431,419,12
104000018,428,131,297
104000019,323,135,188
104000020,177,871,-694
104000021,228,662,-434
104000022,90,262,-172
104000023,340,279,61
104000024,152,287,-135
104000026,40,233,-193
104000027,187,425,-238
104000028,255,209,46
104000029,316,522,-206
104000030,112,287,-175
104000031,464,158,306
104000032,201,357,-156
104000033,302,264,38
104000034,264,419,-155
104000035,352,411,-59
104000036,307,589,-282
104000037,154,351,-197
104000038,198,476,-278
104000039,107,432,-325
104000040,423,418,5
104000041,516,281,235
104000042,198,434,-236
104000043,170,391,-221
104000044,162,840,-678
104000045,566,1221,-655
104000046,1230,1367,-137
104000047,529,1219,-690
104000048,887,1939,-1052
104000049,323,238,85
104000050,132,445,-313
104000051,77,693,-616
104000052,898,1429,-531
104000053,546,700,-154
104000054,210,407,-197
104000055,3154,2519,635
104000056,1503,259,1244
104000057,194,705,-511
104000058,425,649,-224
104000059,300,1094,-794
104000060,347,855,-508
104000061,724,1125,-401
104000062,206,305,-99
104000064,678,224,454
104000065,70,266,-196
104000069,1264,456,808
104000070,33,230,-197
104000071,219,356,-137
104000072,695,409,286
104000075,25,199,-174
104000076,313,37,276
104000082,1499,1693,-194
104000083,649,224,425
104000084,74,423,-349
104000085,197,173,24
104000086,92,372,-280
104000087,350,695,-345
104000090,400,1485,-1085
104000092,464,2501,-2037
104000094,554,1915,-1361
104000095,905,1232,-327
104000096,558,401,157
104000097,897,1041,-144
104000098,860,1299,-439
104000100,730,634,96
104000101,737,2324,-1587
104000106,172,557,-385
104000107,408,573,-165
104000108,252,489,-237
104000109,195,51,144
104000110,653,751,-98
104000111,4308,1070,3238
104000112,1990,497,1493
104000116,1,1107,-1106
104000117,62,922,-860
104000118,214,228,-14
104000119,306,209,97
104000120,124,924,-800
104000121,180,573,-393
104000122,314,599,-285
104000123,820,1534,-714
104000124,1351,2577,-1226
104000125,4218,2071,2147
104000126,159,342,-183
104000127,1562,4497,-2935
104000128,730,451,279
104000129,287,24,263
104000130,11,195,-184
104000131,1060,712,348
104000132,751,1055,-304
104000133,945,760,185
104000134,641,1177,-536
104000135,281,700,-419
104000136,626,1571,-945
104000137,1479,213,1266
104000138,1214,334,880
104000139,8093,2620,5473
104000141,1182,1903,-721
104000142,557,1034,-477
104000143,351,885,-534
104000144,44,190,-146
104000145,301,136,165
104000146,438,525,-87
104000147,56,344,-288
104000148,144,143,1
104000149,184,453,-269
104000150,311,337,-26
104000151,217,654,-437
104000152,311,749,-438
104000153,120,327,-207
104000154,991,693,298
104000155,232,393,-161
104000157,950,1734,-784
104000158,210,209,1
104000159,376,272,104
104000160,1369,1031,338
104000161,165,153,12
104000162,29,105,-76
104000165,1222,807,415
104000167,408,506,-98
104000168,449,3,446
104000169,14,40,-26
104000170,719,224,495
104000248,121,650,-529
104000251,36,315,-279
104000272,0,0,0
104000273,0,0,0
104000274,0,0,0
104000275,0,0,0
104000279,3171,955,2216
104000290,34,337,-303
104000291,481,967,-486
104000293,471,564,-93
104000294,3,0,3
104000295,364,689,-325
104000296,189,682,-493
104000297,804,1323,-519
104000298,1708,833,875
104000299,442,1214,-772
104000302,135,184,-49
104000303,208,213,-5
104900001,42,307,-265
104900002,26,74,-48
104900003,16,338,-322
104900004,40,289,-249
104900005,132,115,17
104900006,71,50,21
104900007,108,230,-122
104900009,58,432,-374
104900010,16,5,11
104900011,2,2,0
104900012,126,7,119
104900013,51,4,47
104900014,3053,179,2874
104900015,59,2,57
104900016,75,290,-215
104900017,28,127,-99
104900018,3,183,-180
104900019,198,751,-553
104900020,31,239,-208
104900021,3,262,-259
104900022,7,121,-114
104900023,1,138,-137
104900024,12,108,-96
104900025,33,298,-265
104900026,1,151,-150
104900027,141,138,3
104900028,27,100,-73
104900029,25,102,-77
104900030,195,107,88
104900031,115,205,-90
104900032,38,140,-102
104900033,58,106,-48
104900034,103,54,49
104900035,112,59,53
104900036,49,37,12
104900037,74,229,-155
104900038,424,132,292
104900039,746,102,644
104900040,80,39,41
104900041,97,80,17
104900042,49,287,-238
104900043,8,17,-9
104900044,218,72,146
104900045,194,28,166
104900046,32,103,-71
104900047,113,84,29
104900048,98,55,43
104900049,1,2,-1
104900050,57,50,7
104900051,89,25,64
104900052,9,0,9
104900053,159,19,140
104900054,31,31,0
104900055,12,0,12
104900056,80,9,71
104900057,6,2,4
104900058,199,109,90
104900059,3,50,-47
104900061,210,499,-289
104900063,22,118,-96
104900064,0,72,-72
104900065,0,58,-58
104900066,3,162,-159
104900067,1,169,-168
104900068,2,219,-217
104900070,54,249,-195
104900071,2,700,-698
104900072,30,154,-124
104900073,6,225,-219
104900074,29,218,-189
104900075,24,47,-23
104900076,33,376,-343
104900077,947,67,880
104900078,96,824,-728
104900079,96,102,-6
104900080,30,540,-510
104900082,8,220,-212
104900085,0,235,-235
104900089,58,1,57
104900091,262,743,-481
104900093,161,476,-315
104900097,2754,874,1880
104900098,27,55,-28
104900099,41,241,-200
104900100,564,105,459
104900102,14,175,-161
104900103,346,70,276
104900106,29,88,-59
104900107,34,265,-231
104900108,2,291,-289
104900109,36,95,-59
104900110,1,38,-37
104900111,82,61,21
104900112,97,796,-699
104900113,304,320,-16
104900114,143,592,-449
104900115,249,496,-247
104900116,38,294,-256
104900118,22,84,-62
104900119,1,22,-21
104900120,129,41,88
104900121,1,103,-102
104900122,1,73,-72
104900123,2,3,-1
104900124,7,0,7
104900125,189,112,77
104900126,75,57,18
104900127,26,21,5
104900128,31,136,-105
104900129,2087,530,1557
105000001,1684,1567,117
105000002,1525,1498,27
105000003,2020,3317,-1297
105000004,349,988,-639
105000005,394,916,-522
105000006,689,1218,-529
105000007,559,1063,-504
105000008,470,1293,-823
105000009,943,2162,-1219
105000010,2349,1799,550
105000011,1350,1809,-459
105000012,3496,2864,632
105000013,433,820,-387
105000014,934,1525,-591
105000015,5216,3773,1443
105000016,2468,1306,1162
105000017,1449,901,548
105000018,929,739,190
105000019,1257,820,437
105000020,166,225,-59
105000021,239,131,108
105000022,86,23,63
105000023,216,190,26
105000028,33,107,-74
105000029,249,677,-428
105000030,2928,3002,-74
105000031,9,12,-3
105000033,1399,2238,-839
105000034,85,418,-333
105000037,458,477,-19
105000038,1016,896,120
105000039,2889,1456,1433
105000040,349,473,-124
105000041,407,1122,-715
105000042,1833,959,874
105000043,1833,1859,-26
105000044,159,229,-70
105000045,168,695,-527
105000046,387,266,121
105000047,296,1233,-937
105000048,310,145,165
105000049,230,635,-405
105000050,325,304,21
105000051,139,452,-313
105000052,176,682,-506
105000053,84,142,-58
105000054,93,801,-708
105000055,295,345,-50
105000056,498,2000,-1502
105000057,782,896,-114
105000058,1100,1243,-143
105000059,279,410,-131
105000060,284,505,-221
105000061,294,356,-62
105000062,583,896,-313
105000063,180,623,-443
105000064,513,419,94
105000065,283,989,-706
105000066,589,1714,-1125
105000067,471,373,98
105000068,440,768,-328
105000069,2360,521,1839
105000070,694,759,-65
105000071,164,281,-117
105000072,691,799,-108
105000073,447,339,108
105000074,582,789,-207
105000075,355,769,-414
105000076,1003,927,76
105000077,1575,580,995
105000078,1148,891,257
105000079,1261,1497,-236
105000080,1084,569,515
105000081,765,546,219
105000082,335,304,31
105000083,507,404,103
105000084,358,1006,-648
105000085,862,772,90
105000086,463,865,-402
105000087,2130,1634,496
105000088,1166,1089,77
105000089,2657,2078,579
105000090,948,822,126
105000091,1787,1715,72
105000092,377,964,-587
105000093,242,155,87
105000094,219,168,51
105000095,68,378,-310
105000096,833,615,218
105000097,673,452,221
105000098,453,333,120
105000099,767,1029,-262
105000100,663,1107,-444
105000101,1136,1866,-730
105000102,1259,1400,-141
105000103,1158,1825,-667
105000104,871,813,58
105000105,606,1376,-770
105000106,518,1013,-495
105000107,630,738,-108
105000108,493,1431,-938
105000109,646,1146,-500
105000110,417,653,-236
105000111,350,388,-38
105000112,723,779,-56
105000113,268,383,-115
105000114,3078,685,2393
105000115,235,606,-371
105000116,280,389,-109
105000117,598,1410,-812
105000118,168,257,-89
105000119,318,1127,-809
105000120,310,467,-157
105000121,485,1038,-553
105000122,157,332,-175
105000123,745,1171,-426
105000124,896,856,40
105000125,515,1397,-882
105000126,1221,1839,-618
105000127,1371,1425,-54
105000128,401,1344,-943
105000129,481,287,194
105000130,56,561,-505
105000131,359,285,74
105000132,374,316,58
105000133,206,862,-656
105000134,211,426,-215
105000135,273,670,-397
105000136,106,276,-170
105000137,264,237,27
105000138,263,343,-80
105000139,650,876,-226
105000140,173,390,-217
105000141,131,561,-430
105000142,54,388,-334
105000143,143,538,-395
105000144,231,570,-339
105000145,283,421,-138
105000146,333,538,-205
105000147,313,331,-18
105000148,880,569,311
105000149,1331,1205,126
105000150,1975,1112,863
105000151,165,226,-61
105000152,124,605,-481
105000153,391,322,69
105000154,716,774,-58
105000155,157,387,-230
105000156,749,715,34
105000157,821,1568,-747
105000158,1427,710,717
105000159,342,1221,-879
105000160,891,460,431
105000161,479,1795,-1316
105000162,295,935,-640
105000163,1113,1057,56
105000164,223,238,-15
105000165,1217,2516,-1299
105000166,6874,246,6628
105000167,2378,861,1517
105000168,155,812,-657
105000169,195,368,-173
105000170,71,1160,-1089
105000171,720,231,489
105000172,27,59,-32
105000173,16,9,7
105000174,9,19,-10
105000175,79,106,-27
105000176,98,69,29
105000177,52,125,-73
105000178,88,584,-496
105000179,72,90,-18
105000180,58,99,-41
105000181,43,385,-342
105000182,10,61,-51
105000183,2232,1074,1158
105000184,1169,740,429
105000185,1077,502,575
105000186,350,916,-566
105000187,445,247,198
105000188,143,76,67
105000189,150,474,-324
105000190,115,303,-188
105000191,214,431,-217
105000192,52,78,-26
105000193,38,89,-51
105000194,205,63,142
105000195,116,873,-757
105000196,45,72,-27
105000197,167,536,-369
105000198,401,154,247
105000199,172,151,21
105000200,78,183,-105
105000201,45,19,26
105000203,10,302,-292
105000204,56,100,-44
105000205,61,261,-200
105000207,609,148,461
105000208,207,256,-49
105000209,112,358,-246
105000211,60,20,40
105000212,599,1093,-494
105000213,150,97,53
105000214,27,207,-180
105000215,121,249,-128
105000216,48,253,-205
105000217,81,278,-197
105000218,403,866,-463
105000221,87,230,-143
105000222,45,47,-2
105000223,111,171,-60
105000226,19,348,-329
105000227,15,181,-166
105000228,107,461,-354
105000229,54,186,-132
105000231,118,170,-52
105000233,449,449,0
105000234,386,991,-605
105000235,191,360,-169
105000237,356,30,326
105000243,15,34,-19
105000248,23,23,0
105000262,95,1432,-1337
105000269,74,125,-51
105000270,150,99,51
105000271,1,211,-210
105000282,75,33,42
105000287,225,96,129
105000288,188,357,-169
105000289,503,597,-94
105000290,1,2,-1
105000402,3652,1147,2505
105000426,228,376,-148
105000438,400,434,-34
105000440,8,39,-31
105000446,9954,3503,6451
105000447,4670,1942,2728
105000454,80,815,-735
105000455,249,165,84
105000474,7,0,7
105000477,105,262,-157
105000478,845,1386,-541
105000479,59,79,-20
105000480,1031,1410,-379
105000481,1461,1468,-7
105000482,3359,2317,1042
105000483,770,919,-149
105000484,2051,2405,-354
105000485,684,1082,-398
105000486,2624,1989,635
105000488,2713,2330,383
105000489,422,532,-110
105000549,28,113,-85
105000550,370,892,-522
105000551,14,83,-69
105000552,3170,1604,1566
105000555,741,558,183
105000556,16,30,-14
105000557,37,260,-223
105900001,9,899,-890
105900002,1319,232,1087
105900003,18,81,-63
105900004,242,57,185
105900005,0,132,-132
105900006,2,32,-30
105900007,46,10,36
105900008,27,590,-563
105900009,3,3,0
105900011,41,25,16
105900012,153,161,-8
105900013,0,15,-15
105900014,3,42,-39
105900015,160,193,-33
105900016,151,615,-464
105900017,453,27,426
105900018,109,212,-103
105900019,70,446,-376
105900020,16,65,-49
105900021,9,253,-244
105900022,136,247,-111
105900023,3,117,-114
105900024,1,101,-100
105900025,35,17,18
105900026,116,20,96
105900027,3828,2284,1544
105900028,27,115,-88
105900029,1443,208,1235
105900030,101,224,-123
105900031,299,114,185
105900032,40,97,-57
105900033,39,71,-32
105900034,65,181,-116
105900035,105,107,-2
105900036,15,114,-99
105900037,50,67,-17
105900038,60,212,-152
105900039,36,160,-124
105900040,30,65,-35
105900041,164,267,-103
105900042,34,97,-63
105900043,1288,21,1267
105900044,1,137,-136
105900045,2,367,-365
105900046,4,140,-136
105900047,3,25,-22
105900048,19,352,-333
105900050,1683,346,1337
105900051,3,950,-947
105900052,217,44,173
105900053,3087,924,2163
105900054,205,207,-2
105900056,632,93,539
105900057,8,122,-114
105900058,4,38,-34
105900059,0,24,-24
106000001,2995,919,2076
106000002,2157,2947,-790
106000003,2293,1704,589
106000004,1937,1955,-18
106000005,1469,3843,-2374
106000006,4114,3606,508
106000007,388,390,-2
106000008,338,245,93
106000009,308,207,101
106000010,283,510,-227
106000011,481,684,-203
106000012,343,942,-599
106000013,1113,1364,-251
106000014,1187,1533,-346
106000015,727,724,3
106000016,1368,2442,-1074
106000017,511,485,26
106000018,485,552,-67
106000019,200,360,-160
106000020,201,470,-269
106000021,219,402,-183
106000022,239,325,-86
106000023,308,380,-72
106000024,352,764,-412
106000025,87,140,-53
106000026,126,507,-381
106000027,440,943,-503
106000028,365,738,-373
106000029,581,1298,-717
106000030,724,236,488
106000034,90,446,-356
106000035,514,734,-220
106000036,254,212,42
106000037,1181,1314,-133
106000038,439,46,393
106000039,112,21,91
106000040,135,576,-441
106000041,696,171,525
106000043,388,54,334
106000046,230,16,214
106000047,29,251,-222
106000049,274,82,192
106000050,191,742,-551
106000051,255,278,-23
106000052,43,611,-568
106000053,124,64,60
106000054,280,397,-117
106000055,340,562,-222
106000056,221,618,-397
106000057,98,175,-77
106000058,93,172,-79
106000059,108,159,-51
106000060,406,540,-134
106000061,143,289,-146
106000062,129,535,-406
106000063,326,325,1
106000064,18,358,-340
106000065,158,126,32
106000066,75,314,-239
106000067,141,70,71
106000068,32,494,-462
106000069,99,63,36
106000070,201,564,-363
106000071,415,268,147
106000072,4069,992,3077
106000073,1394,1615,-221
106000074,202,504,-302
106000075,163,796,-633
106000076,889,1163,-274
106000077,2120,908,1212
106000078,366,755,-389
106000079,338,853,-515
106000080,584,847,-263
106000081,363,848,-485
106000082,1706,819,887
106000083,209,800,-591
106000084,662,498,164
106000085,977,775,202
106000086,476,519,-43
106000087,607,451,156
106000088,292,598,-306
106000089,478,411,67
106000090,163,478,-315
106000091,194,585,-391
106000092,429,203,226
106000093,159,70,89
106000094,85,343,-258
106000095,243,1075,-832
106000096,347,586,-239
106000097,451,1396,-945
106000098,293,890,-597
106000099,109,715,-606
106000100,711,243,468
106000101,1251,252,999
106000102,199,423,-224
106000103,152,678,-526
106000104,530,339,191
106000105,257,921,-664
106000106,280,389,-109
106000107,69,552,-483
106000108,116,318,-202
106000109,49,513,-464
106000110,98,273,-175
106000111,79,623,-544
106000112,100,332,-232
106000113,1048,599,449
106000114,297,276,21
106000115,141,502,-361
106000116,95,201,-106
106000117,610,403,207
106000118,553,777,-224
106000119,1366,837,529
106000120,473,666,-193
106000121,95,166,-71
106000122,38,274,-236
106000123,136,268,-132
106000124,24,337,-313
106000125,21,325,-304
106000126,108,214,-106
106000127,344,811,-467
106000128,302,379,-77
106000129,230,589,-359
106000130,343,413,-70
106000131,70,532,-462
106000132,909,133,776
106000133,3623,786,2837
106000134,605,949,-344
106000135,170,845,-675
106000136,402,314,88
106000137,56,1512,-1456
106000138,408,69,339
106000139,22,120,-98
106000140,22,96,-74
106000141,34,118,-84
106000142,36,59,-23
106000143,18,128,-110
106000144,32,62,-30
106000145,108,392,-284
106000146,150,148,2
106000147,395,858,-463
106000148,667,956,-289
106000149,341,648,-307
106000150,381,1467,-1086
106000151,4831,646,4185
106000152,1183,777,406
106000153,91,1257,-1166
106000154,1477,154,1323
106000155,33,125,-92
106000156,321,218,103
106000157,328,1361,-1033
106000158,2750,579,2171
106000159,4139,960,3179
106000160,142,1387,-1245
106000161,969,367,602
106000162,77,524,-447
106000163,104,520,-416
106000164,147,311,-164
106000165,111,599,-488
106000166,277,190,87
106000167,221,1316,-1095
106000168,97,215,-118
106000169,73,783,-710
106000170,190,191,-1
106000171,55,727,-672
106000172,1854,572,1282
106000173,660,1983,-1323
106000174,664,276,388
106000175,260,896,-636
106000176,737,462,275
106000177,382,1820,-1438
106000178,1844,995,849
106000179,858,1637,-779
106000180,719,1567,-848
106000181,306,1791,-1485
106000182,400,509,-109
106000183,398,924,-526
106000184,367,939,-572
106000185,268,875,-607
106000186,576,141,435
106000187,120,596,-476
106000188,0,3,-3
106000189,5,31,-26
106000190,2,0,2
106000191,381,136,245
106000192,0,14,-14
106000193,199,103,96
106000194,99,289,-190
106000195,245,69,176
106000196,55,271,-216
106000197,130,237,-107
106000198,110,246,-136
106000199,779,348,431
106000200,358,118,240
106000201,363,721,-358
106000202,5969,455,5514
106000203,163,178,-15
106000204,10,1,9
106000205,14,147,-133
106000206,28,9,19
106000207,55,698,-643
106000208,325,47,278
106000209,645,151,494
106000210,182,1128,-946
106000211,272,1389,-1117
106000212,344,130,214
106000213,518,1054,-536
106000214,2112,291,1821
106000215,143,426,-283
106000216,233,305,-72
106000217,211,399,-188
106000218,269,236,33
106000219,63,259,-196
106000220,274,233,41
106000221,59,218,-159
106000222,22,147,-125
106000223,41,82,-41
106000224,78,330,-252
106000225,38,59,-21
106000226,93,289,-196
106000228,20,88,-68
106000229,63,744,-681
106000231,328,113,215
106000232,62,432,-370
106000233,89,96,-7
106000234,27,212,-185
106000235,202,38,164
106000236,122,37,85
106000237,8,4,4
106000238,10,4,6
106000239,4,63,-59
106000240,28,1,27
106000241,10,642,-632
106000242,163,14,149
106000249,22,57,-35
106000250,42,350,-308
106000251,19,16,3
106000252,37,83,-46
106000253,14,38,-24
106000254,36,53,-17
106000255,12,47,-35
106000256,61,100,-39
106000257,58,254,-196
106000258,87,18,69
106000259,2,43,-41
106000260,11,7,4
106000261,2,59,-57
106000262,12,15,-3
106000263,3,61,-58
106000264,167,10,157
106000265,4,88,-84
106000266,60,7,53
106000267,2,72,-70
106000268,337,19,318
106000269,52,44,8
106000270,91,294,-203
106000271,47,155,-108
106000272,79,53,26
106000273,10,131,-121
106000274,158,31,127
106000275,74,137,-63
106000276,68,43,25
106000277,129,136,-7
106000278,146,30,116
106000279,17,45,-28
106000280,26,135,-109
106000281,50,106,-56
106000282,53,41,12
106000283,42,76,-34
106000284,25,92,-67
106000285,73,91,-18
106000286,46,140,-94
106000287,72,102,-30
106000288,65,133,-68
106000289,40,71,-31
106000290,47,96,-49
106000291,47,78,-31
106000292,47,122,-75
106000293,76,76,0
106000294,105,104,1
106000295,25,35,-10
106000296,36,98,-62
106000297,33,170,-137
106000298,132,41,91
106000299,62,108,-46
106000300,57,83,-26
106000301,34,93,-59
106000303,14,35,-21
106000304,44,30,14
106000305,12,27,-15
106000306,38,55,-17
106000307,10,14,-4
106000308,32,140,-108
106000309,12,57,-45
106000310,122,527,-405
106000311,150,66,84
106000312,39,171,-132
106000313,78,149,-71
106000318,124,111,13
106000319,331,37,294
106000320,14,28,-14
106000321,194,68,126
106000322,45,158,-113
106000324,16,119,-103
106000325,719,745,-26
106000326,1575,2025,-450
106000327,54,115,-61
106000328,0,103,-103
106000329,39,229,-190
106000330,24,34,-10
106000428,28,206,-178
106000429,57,531,-474
106000430,226,1269,-1043
106000431,675,272,403
106000432,1249,2293,-1044
106000433,1002,576,426
106000434,2031,642,1389
106000435,1739,2050,-311
106000436,10,285,-275
106000437,68,21,47
106000438,103,65,38
106000439,29,580,-551
106000440,234,448,-214
106000441,0,0,0
106000442,112,4,108
106000443,57,600,-543
106000450,4,150,-146
106000451,15,8,7
106000454,3,81,-78
106000455,17,153,-136
106000456,82,14,68
106000457,6,925,-919
106000458,133,152,-19
106000459,39,409,-370
106000460,268,37,231
106000461,13,1744,-1731
106000462,0,13,-13
106000463,3,31,-28
106000464,4,555,-551
106000465,122,1,121
106000466,2,663,-661
106000467,451,508,-57
106000468,24,166,-142
106000469,230,0,230
106000470,171,1019,-848
106000471,25,531,-506
106000472,43,3,40
106000473,18,18,0
106000474,322,815,-493
106000475,205,186,19
106000476,165,122,43
106000477,19,173,-154
106000480,1,53,-52
106900001,0,15,-15
106900002,2,519,-517
106900003,174,563,-389
106900004,1,63,-62
106900006,0,30,-30
106900007,0,16,-16
106900008,50,184,-134
106900009,88,427,-339
106900010,72,264,-192
106900012,1481,828,653
106900013,197,42,155
106900014,17,1,16
106900015,3,2,1
106900016,38,3,35
106900017,3,0,3
106900018,1,0,1
106900019,12,0,12
106900020,2219,434,1785
106900021,48,60,-12
106900022,152,0,152
106900023,1,203,-202
106900024,262,13,249
106900025,23,492,-469
106900026,2,840,-838
106900027,195,3,192
107000001,1390,1096,294
107000002,1725,2304,-579
107000003,2870,3401,-531
107000004,3515,4989,-1474
107000005,1533,2735,-1202
107000006,2660,5520,-2860
107000007,3740,4185,-445
107000008,14012,9167,4845
107000009,3485,3617,-132
107000010,11475,11982,-507
107000011,1020,931,89
107000012,3594,3270,324
107000013,137,283,-146
107000014,22,263,-241
107000015,272,777,-505
107000016,300,1163,-863
107000017,2374,622,1752
107000018,4,230,-226
107000020,1386,323,1063
107000021,723,837,-114
107000022,668,1326,-658
107000023,1055,268,787
107000024,280,1822,-1542
107000025,102,314,-212
107000026,148,644,-496
107000027,781,645,136
107000028,938,1478,-540
107000029,1188,1345,-157
107000030,2756,2821,-65
107000031,1696,1326,370
107000032,233,704,-471
107000033,3344,3352,-8
107000034,4143,1688,2455
107000035,265,143,122
107000036,305,789,-484
107000037,78,513,-435
107000038,174,204,-30
107000039,355,489,-134
107000040,96,260,-164
107000041,854,392,462
107000042,480,1259,-779
107000043,2310,613,1697
107000044,526,345,181
107000045,122,242,-120
107000046,353,258,95
107000047,233,851,-618
107000048,325,339,-14
107000049,370,663,-293
107000050,521,448,73
107000051,373,217,156
107000052,792,534,258
107000053,218,91,127
107000054,45,233,-188
107000055,293,92,201
107000056,428,680,-252
107000057,1833,187,1646
107000058,1154,1387,-233
107000059,1745,2446,-701
107000060,2308,3580,-1272
107000061,4352,3266,1086
107000062,1697,2163,-466
107000063,2918,5233,-2315
107000064,1794,1454,340
107000065,2426,4754,-2328
107000066,1065,1603,-538
107000067,470,761,-291
107000068,1139,476,663
107000069,352,297,55
107000070,204,3,201
107000071,1025,20,1005
107000072,50,2467,-2417
107000073,233,120,113
107000074,79,1307,-1228
107000075,518,145,373
107000076,513,1234,-721
107000077,1458,419,1039
107000078,1141,2629,-1488
107000079,1073,365,708
107000080,879,2855,-1976
107000081,657,369,288
107000082,266,1872,-1606
107000083,601,208,393
107000084,671,2979,-2308
107000085,2307,2442,-135
107000086,4295,2398,1897
107000087,1933,1489,444
107000088,2262,2685,-423
107000089,893,1367,-474
107000090,712,1121,-409
107000091,669,863,-194
107000092,481,1009,-528
107000093,604,680,-76
107000094,972,1606,-634
107000095,293,529,-236
107000096,436,768,-332
107000097,282,292,-10
107000098,296,792,-496
107000099,236,140,96
107000100,189,247,-58
107000101,33,129,-96
107000102,304,259,45
107000103,268,121,147
107000104,142,257,-115
107000105,161,91,70
107000106,121,327,-206
107000107,234,135,99
107000108,121,762,-641
107000109,260,105,155
107000110,60,501,-441
107000111,69,19,50
107000112,9,385,-376
107000113,225,86,139
107000114,45,596,-551
107000115,165,58,107
107000116,31,855,-824
107000117,44,159,-115
107000118,83,258,-175
107000119,1525,677,848
107000120,2242,309,1933
107000121,324,531,-207
107000122,792,628,164
107000123,187,765,-578
107000124,286,807,-521
107000125,371,837,-466
107000126,421,1069,-648
107000129,81,1104,-1023
107000130,160,108,52
107000131,160,649,-489
107000132,230,213,17
107000133,516,170,346
107000134,196,1,195
107000135,3,162,-159
107000136,364,9,355
107000137,3,343,-340
107000138,300,7,293
107000139,13,215,-202
107000140,431,25,406
107000141,82,750,-668
107000142,222,34,188
107000143,28,816,-788
107000144,220,226,-6
107000145,132,599,-467
107000146,132,136,-4
107000147,3883,885,2998
107000150,655,1107,-452
107000151,20,28,-8
107000152,436,443,-7
107000153,353,181,172
107000154,163,80,83
107000155,289,27,262
107000156,564,26,538
107000157,20,2442,-2422
107000158,302,16,286
107000159,38,1379,-1341
107000160,270,60,210
107000161,39,1986,-1947
107000162,86,180,-94
107000163,34,20,14
107000164,77,0,77
107000165,224,0,224
107000166,49,1327,-1278
107000167,164,195,-31
107000168,465,181,284
107000169,823,1131,-308
107000170,533,335,198
107000171,426,2105,-1679
107000172,496,458,38
107000173,761,1730,-969
107000174,781,1478,-697
107000175,10132,2043,8089
107000176,0,0,0
107000177,0,0,0
107000178,2,77,-75
107000179,119,3147,-3028
107000180,445,266,179
107000181,220,1331,-1111
107000182,677,674,3
107000183,81,900,-819
107000184,461,695,-234
107000185,168,1144,-976
107000186,294,223,71
107000187,748,901,-153
107000188,360,361,-1
107000189,224,659,-435
107000190,274,614,-340
107000191,500,1030,-530
107000192,913,840,73
107000193,274,254,20
107000194,850,627,223
107000197,305,199,106
107000198,140,686,-546
107000199,395,706,-311
107000200,818,387,431
107000201,273,189,84
107000202,158,402,-244
107000203,560,452,108
107000204,510,524,-14
107000205,2086,988,1098
107000206,633,632,1
107000207,578,715,-137
107000208,1097,235,862
107000209,1549,317,1232
107000210,1225,205,1020
107000211,2,8,-6
107000212,17,163,-146
107000213,16,28,-12
107000214,4,74,-70
107000215,182,408,-226
107000216,123,396,-273
107000217,41,125,-84
107000219,50,118,-68
107000220,49,203,-154
107000222,186,575,-389
107000224,132,30,102
107000225,116,617,-501
107000226,110,50,60
107000227,91,447,-356
107000228,70,118,-48
107000229,165,69,96
107000230,731,556,175
107000231,803,298,505
107000232,40,44,-4
107000233,407,192,215
107000234,0,17,-17
107000235,41,4,37
107000236,5,288,-283
107000237,1,0,1
107000238,10,1,9
107000239,4905,321,4584
107000240,32,1054,-1022
107000243,0,36,-36
107000244,2,70,-68
107000246,10,1329,-1319
107000249,2,862,-860
107000251,0,269,-269
107000252,2,1303,-1301
107000255,553,52,501
107000257,1,610,-609
107000258,1,119,-118
107000259,0,230,-230
107000260,147,1,146
107000262,6,933,-927
107000263,96,1,95
107000266,4,3,1
107000267,44,174,-130
107000268,121,147,-26
107000269,94,13,81
107000270,0,7,-7
107000271,2,942,-940
107000272,6,254,-248
107000273,2,310,-308
107000274,557,0,557
107000275,387,828,-441
107000280,223,8,215
107000281,15,1186,-1171
107000282,22,1457,-1435
107000290,4,60,-56
107000291,4,12,-8
107000292,2,33,-31
107000293,51,2,49
107000294,1,44,-43
107000295,48,5,43
107000296,1,4,-3
107000444,199,9,190
107000496,0,23,-23
107000497,1066,3043,-1977
107000500,217,309,-92
107000501,49,172,-123
107000502,124,351,-227
107000505,503,715,-212
107000506,1,12,-11
107000508,5,735,-730
107000509,168,529,-361
107000510,11,22,-11
107000514,13,207,-194
107000515,10,311,-301
107000516,57,115,-58
107000518,437,337,100
107000519,3631,1183,2448
107000520,27,1,26
107000521,319,455,-136
107000522,329,708,-379
107900001,8,284,-276
107900002,18,1,17
107900003,77,53,24
107900004,0,1,-1
107900005,263,0,263
107900006,27,0,27
107900007,68,19,49
107900008,21,41,-20
107900009,59,3,56
107900010,3,0,3
107900012,116,10,106
107900013,188,34,154
107900014,17,2,15
107900015,176,2,174
107900016,420,52,368
107900017,0,2,-2
107900018,22,26,-4
107900019,6,68,-62
107900020,53,5,48
107900021,17,122,-105
107900023,1,1,0
107900024,0,16,-16
107900025,169,260,-91
107900026,15,96,-81
107900027,15,65,-50
107900028,12,88,-76
107900030,84,5,79
107900031,35,227,-192
107900032,0,0,0
107900033,2,3,-1
107900034,146,3,143
107900035,257,7,250
107900036,14,1,13
107900037,0,32,-32
107900038,110,41,69
107900039,3,60,-57
107900040,31,45,-14
107900041,0,0,0
107900043,21,134,-113
107900044,0,7,-7
107900045,20,20,0
107900046,64,22,42
107900047,4,68,-64
107900048,34,11,23
107900049,183,468,-285
107900050,47,300,-253
107900051,40,47,-7
107900052,4,3,1
107900053,12,56,-44
107900055,225,110,115
107900056,29,4,25
107900057,0,0,0
107900058,25,643,-618
107900060,2,39,-37
107900061,9,2,7
107900063,41,111,-70
107900064,157,22,135
107900065,36,6,30
107900066,2,5,-3
107900067,0,0,0
107900068,57,199,-142
107900069,14,362,-348
107900070,24,7,17
107900071,5,733,-728
107900072,53,139,-86
107900073,29,99,-70
107900074,854,82,772
107900076,69,44,25
107900077,11,0,11
107900079,1,14,-13
107900080,69,240,-171
107900081,5,66,-61
107900082,7,10,-3
107900083,88,65,23
107900084,26,66,-40
107900086,37,65,-28
107900087,197,30,167
107900088,2,4,-2
107900089,211,735,-524
107900090,335,476,-141
107900091,111,398,-287
107900093,26,46,-20
107900095,2273,685,1588
107900097,13,23,-10
107900098,19,101,-82
107900100,683,298,385
107900101,929,87,842
107900102,19,1,18
107900103,27,159,-132
107900104,80,0,80
107900105,0,641,-641
107900106,1,1410,-1409
107900107,854,96,758
107900108,205,47,158
107900109,274,6,268
107900110,3,90,-87
107900111,10,1202,-1192
107900112,57,141,-84
107900113,40,99,-59
107900114,43,167,-124
107900115,1,36,-35
107900116,56,198,-142
107900117,127,289,-162
107900118,59,79,-20
107900119,23,58,-35
107900120,23,4,19
107900121,4,93,-89
107900122,0,43,-43
107900123,2,20,-18
107900124,6,73,-67
107900125,17,125,-108
107900126,2,15,-13
107900127,294,54,240
107900128,60,33,27
107900129,12,33,-21
107900130,11,16,-5
107900131,195,21,174
107900132,63,346,-283
107900133,1,55,-54
107900134,7,4,3
107900135,0,126,-126
107900136,45,26,19
107900137,55,57,-2
107900138,16,16,0
107900139,5,17,-12
107900141,50,7,43
107900142,32,883,-851
107900143,31,19,12
107900144,1,130,-129
107900145,4,99,-95
107900146,36,100,-64
107900147,20,8,12
107900148,69,117,-48
107900149,1463,66,1397
107900150,48,691,-643
107900151,4,83,-79
107900152,4,169,-165
107900153,77,113,-36
107900154,21,8,13
107900155,15,15,0
107900156,3,304,-301
107900157,10,73,-63
107900158,182,10,172
107900159,25,839,-814
107900160,17,139,-122
107900161,7,288,-281
107900162,0,30,-30
107900163,12,47,-35
107900164,6,9,-3
107900165,76,65,11
107900166,3,250,-247
107900167,14,3,11
107900168,4,24,-20
107900169,0,172,-172
107900171,3,1658,-1655
107900172,0,301,-301
107900173,2,155,-153
107900174,16,4,12
107900175,0,8,-8
107900176,7,34,-27
107900177,0,20,-20
107900178,0,235,-235
107900179,8,104,-96
107900180,802,126,676
107900181,168,405,-237
107900182,5,1485,-1480
107900183,8,347,-339
107900184,28,227,-199
107900185,22,1,21
107900186,10,17,-7
107900187,0,85,-85
107900188,747,49,698
107900189,1,88,-87
107900190,124,40,84
107900191,9,114,-105
107900193,28,28,0
107900194,52,0,52
107900195,3675,269,3406
107900196,40,72,-32
107900197,394,86,308
107900199,7,1107,-1100
107900201,34,112,-78
107900203,20,37,-17
107900204,169,117,52
107900206,119,135,-16
107900207,1,666,-665
107900208,2,821,-819
107900209,220,64,156
107900210,36,97,-61
107900213,147,259,-112
107900214,3,180,-177
107900215,113,199,-86
107900216,50,37,13
107900217,16,40,-24
107900218,11,1351,-1340
107900219,8,174,-166
107900220,89,57,32
107900221,154,213,-59
107900223,39,547,-508
107900224,125,222,-97
107900225,8,727,-719
107900226,34,118,-84
107900227,64,357,-293
107900228,3,99,-96
107900229,6,290,-284
107900230,4,134,-130
107900231,3,170,-167
107900232,10,256,-246
107900233,1,142,-141
107900234,52,145,-93
107900235,12,88,-76
107900236,25,86,-61
107900237,57,376,-319
107900238,7,100,-93
107900239,1167,342,825
107900240,0,137,-137
107900241,5,61,-56
107900242,12,343,-331
107900243,2,32,-30
107900244,105,1,104
107900245,124,17,107
107900246,33,7,26
107900248,44,186,-142
107900249,169,4,165
107900250,5,467,-462
107900251,29,972,-943
107900252,199,4,195
107900253,20,1,19
107900254,25,167,-142
107900255,375,31,344
107900256,591,410,181
107900257,27,30,-3
107900258,37,202,-165
107900259,62,405,-343
107900261,0,298,-298
107900262,29,101,-72
107900264,66,0,66
107900265,33,224,-191
107900267,35,15,20
107900268,43,2,41
107900269,1,6,-5
107900270,1,0,1
107900271,0,2,-2
107900272,73,5,68
107900273,15,43,-28
107900274,4,0,4
107900275,3,0,3
107900276,0,43,-43
107900277,0,138,-138
107900278,70,272,-202
107900279,98,64,34
107900280,1591,725,866
107900281,2977,683,2294
107900282,39,87,-48
107900283,1039,299,740
107900284,91,728,-637
107900285,23,110,-87
107900286,47,31,16
107900287,84,78,6
107900290,0,39,-39
107900291,190,1,189
107900292,65,227,-162
107900293,26,457,-431
107900295,34,109,-75
107900297,1,226,-225
107900298,544,786,-242
107900299,3440,947,2493
107900301,337,204,133
107900302,37,7,30
107900303,38,275,-237
107900304,65,476,-411
107900305,88,4,84
107900306,6,5,1
107900307,30,316,-286
107900308,120,17,103
107900309,7,0,7
107900310,2,0,2
107900311,107,51,56
107900312,0,0,0
107900313,0,48,-48
107900314,2,37,-35
107900315,0,27,-27
107900316,7,0,7
107900317,25,1,24
107900318,8,88,-80
107900319,2,155,-153
107900320,0,133,-133
107900321,21,4,17
107900322,1,151,-150
107900323,2,81,-79
107900324,83,0,83
107900325,52,0,52
107900326,36,246,-210
107900327,1,0,1
107900328,0,0,0
107900329,0,0,0
107900330,2,447,-445
107900331,67,37,30
107900332,62,27,35
107900333,16,2,14
107900334,2,199,-197
107900335,28,39,-11
107900336,13,28,-15
107900337,1050,277,773
107900338,0,81,-81
107900339,2,9,-7
107900340,0,36,-36
107900341,7,0,7
107900342,67,98,-31
107900343,7,1,6
107900344,2,117,-115
107900345,34,18,16
107900346,7,0,7
107900347,10,0,10
107900348,1,1,0
107900349,5,6,-1
107900350,27,278,-251
107900351,1,229,-228
107900352,1,76,-75
107900353,1,5,-4
107900354,6,52,-46
108000001,1524,1765,-241
108000002,1850,2636,-786
108000003,1905,1133,772
108000004,13954,12861,1093
108000005,2836,2068,768
108000006,3643,5278,-1635
108000007,2812,2437,375
108000008,3679,4783,-1104
108000009,1470,2081,-611
108000010,1921,4495,-2574
108000011,7029,5209,1820
108000012,14736,14272,464
108000014,389,329,60
108000015,314,290,24
108000016,158,589,-431
108000017,350,276,74
108000018,679,316,363
108000019,1098,447,651
108000020,694,300,394
108000021,298,1276,-978
108000022,377,1123,-746
108000023,661,141,520
108000024,132,611,-479
108000025,106,26,80
108000026,255,542,-287
108000027,260,489,-229
108000028,136,247,-111
108000029,134,808,-674
108000030,156,191,-35
108000031,110,483,-373
108000032,630,308,322
108000033,293,1038,-745
108000034,858,330,528
108000035,662,2209,-1547
108000036,229,1170,-941
108000037,976,219,757
108000038,1003,316,687
108000039,367,2448,-2081
108000040,799,462,337
108000041,486,2528,-2042
108000042,67,219,-152
108000043,132,382,-250
108000044,120,145,-25
108000045,129,401,-272
108000046,488,221,267
108000047,238,954,-716
108000048,43,664,-621
108000049,366,122,244
108000050,162,842,-680
108000051,133,45,88
108000052,178,686,-508
108000053,149,80,69
108000054,417,915,-498
108000055,555,204,351
108000056,1021,1221,-200
108000057,270,486,-216
108000058,1374,1556,-182
108000059,3143,1529,1614
108000060,81,366,-285
108000061,249,540,-291
108000062,274,241,33
108000063,273,572,-299
108000064,86,202,-116
108000065,265,534,-269
108000066,1086,532,554
108000067,802,249,553
108000068,336,262,74
108000069,101,1048,-947
108000070,626,491,135
108000071,374,1869,-1495
108000072,660,621,39
108000073,938,1730,-792
108000074,102,220,-118
108000075,211,721,-510
108000076,295,240,55
108000077,536,703,-167
108000078,1076,842,234
108000079,515,1297,-782
108000080,483,367,116
108000081,542,3048,-2506
108000082,767,1329,-562
108000083,820,469,351
108000084,281,1048,-767
108000085,302,220,82
108000086,682,689,-7
108000087,76,808,-732
108000088,387,87,300
108000089,157,214,-57
108000091,94,546,-452
108000092,34,67,-33
108000093,74,722,-648
108000094,257,98,159
108000095,77,392,-315
108000096,96,125,-29
108000097,66,483,-417
108000098,555,1115,-560
108000099,481,272,209
108000100,52,317,-265
108000101,628,497,131
108000102,772,1295,-523
108000106,630,0,630
108000107,1,598,-597
108000108,287,20,267
108000109,12,742,-730
108000110,80,192,-112
108000111,81,617,-536
108000112,40,64,-24
108000113,459,243,216
108000115,327,327,0
108000117,545,191,354
108000118,263,546,-283
108000119,604,437,167
108000120,71,385,-314
108000121,179,502,-323
108000122,175,279,-104
108000123,298,292,6
108000124,158,216,-58
108000125,90,344,-254
108000126,71,591,-520
108000127,121,339,-218
108000128,162,647,-485
108000129,123,1198,-1075
108000130,112,332,-220
108000131,389,151,238
108000132,1047,1099,-52
108000133,418,255,163
108000134,640,722,-82
108000135,381,198,183
108000136,805,1887,-1082
108000137,129,346,-217
108000138,138,934,-796
108000139,67,356,-289
108000140,12,44,-32
108000141,7,181,-174
108000142,19,111,-92
108000143,18,612,-594
108000144,102,52,50
108000145,14,34,-20
108000146,120,50,70
108000147,10,44,-34
108000148,83,26,57
108000149,14,20,-6
108000150,11,1,10
108000151,323,49,274
108000152,49,554,-505
108000153,73,87,-14
108000154,30,5,25
108000155,22,4,18
108000156,712,398,314
108000157,67,258,-191
108000158,78,259,-181
108000159,561,120,441
108000160,4879,489,4390
108000161,3735,843,2892
108000165,2,59,-57
108000172,5,101,-96
108000173,2451,805,1646
108000175,169,53,116
108000178,249,266,-17
108000179,190,409,-219
108000181,53,25,28
108000182,323,59,264
108000183,45,286,-241
108000184,957,941,16
108000185,62,591,-529
108000186,114,588,-474
108000187,32,816,-784
108000188,102,207,-105
108000189,1538,1833,-295
108000190,52,187,-135
108000192,46,617,-571
108000193,410,15,395
108000194,15,4,11
108000195,2,1015,-1013
108000196,70,68,2
108000198,304,353,-49
108000199,0,102,-102
108000200,106,610,-504
108000203,46,1000,-954
108000204,26,18,8
108000205,379,472,-93
108000339,1153,223,930
108000364,355,262,93
108000365,22,363,-341
108000367,49,297,-248
108000368,9,32,-23
108000369,1192,62,1130
108000371,37,594,-557
108000372,255,2,253
108000373,80,158,-78
108000376,47,16,31
108000377,183,323,-140
108000378,6604,5256,1348
108000379,8,133,-125
108000381,16,5,11
108000382,75,1,74
108000383,0,96,-96
108900001,61,902,-841
108900002,114,16,98
108900003,270,890,-620
108900004,85,115,-30
108900007,59,99,-40
108900008,25,100,-75
108900009,12,66,-54
108900010,48,115,-67
108900011,165,287,-122
108900012,88,365,-277
108900013,27,215,-188
108900014,1,62,-61
108900015,0,5,-5
108900016,0,169,-169
108900017,58,128,-70
108900018,36,405,-369
108900019,11,1134,-1123
108900020,21,262,-241
108900021,40,268,-228
108900022,22,2,20
108900023,5,23,-18
108900024,5,146,-141
108900025,12,107,-95
108900026,5,65,-60
108900027,0,116,-116
108900028,21,447,-426
108900029,18,166,-148
108900030,0,134,-134
108900031,18,614,-596
108900032,4,220,-216
108900033,0,31,-31
108900034,2,204,-202
108900035,86,1598,-1512
108900038,0,398,-398
108900039,1,574,-573
108900040,0,87,-87
108900041,4653,1285,3368
108900042,3,178,-175
108900043,9,406,-397
108900044,2,666,-664
108900045,8,603,-595
108900046,34,830,-796
108900047,1,95,-94
108900048,81,1002,-921
108900049,4557,469,4088
108900050,1,316,-315
108900051,1,219,-218
108900052,8,270,-262
108900053,46,73,-27
108900054,27,224,-197
108900055,29,414,-385
108900056,3,174,-171
108900057,0,135,-135
108900058,12,384,-372
108900059,135,4,131
108900060,19,61,-42
108900061,26,17,9
108900062,1,316,-315
108900063,4,344,-340
108900064,32,64,-32
108900065,2,317,-315
108900066,89,55,34
108900067,10,208,-198
108900068,8,245,-237
108900069,9,100,-91
108900070,21,185,-164
108900071,28,49,-21
108900072,2005,117,1888
108900073,2,540,-538
108900074,36,442,-406
108900075,38,83,-45
108900076,43,46,-3
108900077,188,645,-457
108900078,11,198,-187
108900079,584,185,399
108900080,4,261,-257
108900081,34,201,-167
108900082,19,97,-78
108900083,9,98,-89
108900085,2040,91,1949
108900086,24,332,-308
108900087,99,124,-25
108900088,362,149,213
108900089,7,50,-43
108900090,11,390,-379
108900091,76,68,8
108900092,164,152,12
108900093,37,27,10
108900094,99,43,56
108900095,45,614,-569
108900096,434,23,411
108900097,113,135,-22
108900098,2699,176,2523
108900099,166,287,-121
108900100,34,122,-88
108900101,69,32,37
108900102,67,243,-176
108900103,23,22,1
108900105,3,305,-302
108900106,123,438,-315
108900108,130,17,113
108900109,88,15,73
108900110,32,410,-378
108900111,94,609,-515
108900113,23,10,13
108900114,25,14,11
108900115,28,31,-3
108900116,9,3,6
108900117,32,9,23
108900118,147,3,144
108900119,67,22,45
108900120,126,55,71
108900121,89,23,66
108900122,9,14,-5
108900123,36,24,12
108900124,172,60,112
108900125,85,2,83
108900126,25,1,24
108900127,18,17,1
108900128,48,3,45
108900129,221,34,187
108900130,72,1,71
108900131,97,2,95
108900132,101,25,76
108900133,49,19,30
108900134,51,236,-185
108900135,28,3,25
108900136,1,0,1
108900137,53,3,50
108900138,142,11,131
108900140,59,208,-149
108900141,58,6,52
108900142,28,1,27
108900143,4,0,4
108900144,19,0,19
108900145,32,3,29
108900146,23,0,23
108900147,37,0,37
108900148,76,17,59
108900150,88,2,86
108900151,9,0,9
108900152,7,0,7
108900153,41,445,-404
108900154,1914,266,1648
108900156,25,1,24
108900157,3,528,-525
108900158,49,27,22
108900159,3,275,-272
108900160,9,231,-222
108900161,6,416,-410
108900162,20,1,19
108900163,15,98,-83
108900164,24,76,-52
108900168,9344,996,8348
108900169,9,143,-134
108900171,7182,977,6205
108900172,133,20,113
108900173,144,237,-93
108900174,165,296,-131
108900176,86,645,-559
108900177,8185,1344,6841
108900178,4645,1069,3576
108900180,32,87,-55
108900183,100,138,-38
108900184,113,103,10
108900185,22,242,-220
108900186,4,263,-259
108900189,161,93,68
108900190,19,2562,-2543
108900192,40,225,-185
108900195,46,313,-267
108900196,5,500,-495
108900199,48,291,-243
108900200,194,244,-50
108900201,183,918,-735
108900203,150,9,141
108900204,132,4,128
108900205,61,5,56
108900206,84,12,72
108900207,79,33,46
108900208,19,284,-265
108900209,186,439,-253
108900210,82,138,-56
108900211,89,139,-50
108900212,523,359,164
108900215,70,631,-561
108900216,258,33,225
108900217,14,0,14
108900218,29,3,26
108900221,10,33,-23
108900224,11,57,-46
108900225,0,148,-148
108900227,26,63,-37
108900230,304,264,40
108900232,1,383,-382
108900233,114,24,90
108900234,148,20,128
108900235,110,483,-373
108900236,15,353,-338
108900240,26,39,-13
108900241,19,7,12
108900245,1,319,-318
108900250,42,84,-42
108900258,12,219,-207
108900259,10,55,-45
108900260,3,108,-105
108900261,128,131,-3
108900262,250,68,182
108900263,25,307,-282
108900264,284,187,97
108900265,1342,155,1187
108900266,826,102,724
108900267,0,31,-31
108900268,7,4,3
108900269,19,6,13
108900270,18,2,16
108900271,9,1,8
108900272,33,2,31
108900273,803,223,580
108900274,13,43,-30
109000001,2173,753,1420
109000002,2430,936,1494
109000003,1362,398,964
109000004,373,2330,-1957
109000005,1227,581,646
109000006,445,1805,-1360
109000007,523,567,-44
109000008,265,1731,-1466
109000009,2129,755,1374
109000010,997,2819,-1822
109000011,1407,1042,365
109000012,1221,3804,-2583
109000013,1636,1173,463
109000014,1029,3295,-2266
109000015,3185,3178,7
109000016,8444,3537,4907
109000017,1290,780,510
109000018,1052,3566,-2514
109000019,1413,790,623
109000020,1225,2294,-1069
109000023,113,14,99
109000024,10,106,-96
109000025,245,212,33
109000026,510,208,302
109000027,37,168,-131
109000028,54,61,-7
109000029,65,76,-11
109000030,65,626,-561
109000031,95,58,37
109000032,65,504,-439
109000033,136,77,59
109000034,36,18,18
109000035,14,20,-6
109000036,80,317,-237
109000037,162,536,-374
109000038,375,234,141
109000039,465,243,222
109000040,2814,1538,1276
109000041,4476,820,3656
109000042,728,809,-81
109000044,151,166,-15
109000045,94,446,-352
109000046,115,59,56
109000047,75,365,-290
109000048,917,336,581
109000049,204,421,-217
109000050,370,511,-141
109000051,197,225,-28
109000052,220,1515,-1295
109000053,337,193,144
109000054,110,512,-402
109000055,67,121,-54
109000056,151,479,-328
109000057,146,161,-15
109000058,906,396,510
109000059,270,310,-40
109000060,293,155,138
109000061,1317,309,1008
109000062,54,130,-76
109000063,130,184,-54
109000064,36,124,-88
109000065,45,345,-300
109000066,176,114,62
109000067,30,297,-267
109000068,165,3,162
109000069,319,5,314
109000070,4,726,-722
109000071,160,51,109
109000072,99,524,-425
109000073,20,46,-26
109000074,13,214,-201
109000075,30,419,-389
109000076,84,122,-38
109000077,289,358,-69
109000078,19,93,-74
109000079,93,238,-145
109000080,56,131,-75
109000081,63,566,-503
109000082,185,204,-19
109000083,100,770,-670
109000088,64,356,-292
109000089,135,15,120
109000090,120,435,-315
109000091,159,44,115
109000092,278,521,-243
109000093,127,70,57
109000094,131,1,130
109000095,46,637,-591
109000096,281,95,186
109000097,51,81,-30
109000098,30,44,-14
109000099,375,216,159
109000100,116,451,-335
109000101,451,576,-125
109000102,202,769,-567
109000103,311,540,-229
109000104,589,436,153
109000105,225,1203,-978
109000106,854,387,467
109000107,325,1726,-1401
109000108,673,353,320
109000109,327,1768,-1441
109000110,648,295,353
109000111,641,1901,-1260
109000112,227,112,115
109000113,88,128,-40
109000114,69,310,-241
109000115,638,92,546
109000116,2,429,-427
109000117,61,91,-30
109000118,8,287,-279
109000119,296,303,-7
109000120,75,1014,-939
109000121,146,103,43
109000122,69,1050,-981
109000123,11,212,-201
109000124,218,278,-60
109000125,268,248,20
109000126,238,784,-546
109000127,385,220,165
109000128,268,2225,-1957
109000129,695,237,458
109000130,681,3208,-2527
109000131,584,273,311
109000132,711,2434,-1723
109000133,192,761,-569
109000134,389,1214,-825
109000135,849,1197,-348
109000136,131,340,-209
109000137,77,286,-209
109000138,191,443,-252
109000139,169,343,-174
109000140,65,805,-740
109000141,223,461,-238
109000142,67,439,-372
109000143,54,43,11
109000145,10,161,-151
109000146,63,26,37
109000148,3452,454,2998
109000149,10,12,-2
109000150,76,146,-70
109000155,196,407,-211
109000156,924,783,141
109000158,32,213,-181
109000159,28,522,-494
109000160,329,200,129
109000161,109,1323,-1214
109000162,802,778,24
109000163,369,1482,-1113
109000164,638,2038,-1400
109000165,531,539,-8
109000166,175,39,136
109000167,31,737,-706
109000170,21,37,-16
109000171,29,24,5
109000172,49,53,-4
109000173,7,32,-25
109000174,42,48,-6
109000175,44,435,-391
109000176,84,282,-198
109000177,8,104,-96
109000178,302,402,-100
109000179,6401,1607,4794
109000180,4045,2344,1701
109000181,14,33,-19
109000182,6,41,-35
109000183,4,29,-25
109000184,18,34,-16
109000185,18,105,-87
109000188,300,2381,-2081
109000189,1250,706,544
109000190,255,419,-164
109000191,176,659,-483
109000192,99,207,-108
109000193,99,414,-315
109000194,63,84,-21
109000195,39,424,-385
109000196,77,81,-4
109000197,86,466,-380
109000198,98,49,49
109000199,39,539,-500
109000206,93,12,81
109000207,52,24,28
109000208,40,31,9
109000209,82,79,3
109000210,159,443,-284
109000211,134,274,-140
109000214,194,1333,-1139
109000215,62,67,-5
109000216,166,90,76
109000217,93,35,58
109000218,142,79,63
109000221,134,978,-844
109000222,371,50,321
109000223,115,226,-111
109000224,22,402,-380
109000225,111,86,25
109000226,66,420,-354
109000227,369,1135,-766
109000228,0,232,-232
109000231,5,378,-373
109000232,65,466,-401
109000236,95,777,-682
109000241,1012,1577,-565
109000242,743,1163,-420
109000293,28,116,-88
109000361,71,228,-157
109000364,84,501,-417
109000396,7,786,-779
109000397,213,0,213
109000399,157,549,-392
109000400,24,285,-261
109000403,23,219,-196
109000406,171,8,163
109000407,86,149,-63
109000408,2,820,-818
109000410,383,124,259
109000411,60,17,43
109000412,1,108,-107
109900001,34,0,34
109900002,202,9,193
109900003,39,0,39
109900005,9,4,5
109900006,129,217,-88
109900007,169,848,-679
109900008,0,35,-35
109900009,67,858,-791
109900010,199,7,192
109900011,18,35,-17
109900012,94,105,-11
109900013,143,59,84
109900014,83,28,55
109900015,205,58,147
109900016,19,56,-37
109900017,61,52,9
109900018,61,129,-68
109900019,34,63,-29
109900020,14,8,6
109900021,8,7,1
109900022,77,373,-296
109900023,8,2,6
109900024,5,0,5
109900025,5,26,-21
109900027,17,6,11
109900028,2350,251,2099
109900029,4,518,-514
109900030,11,1,10
109900031,0,41,-41
109900032,3,262,-259
109900033,2,437,-435
109900034,3,2,1
109900035,5,13,-8
109900036,17,64,-47
109900037,7,475,-468
109900038,30,223,-193
109900039,3,0,3
109900040,14,667,-653
109900041,14,447,-433
109900042,3,380,-377
109900044,69,233,-164
109900045,39,21,18
109900046,45,85,-40
109900047,236,298,-62
109900048,0,58,-58
109900049,4,20,-16
109900050,0,350,-350
109900051,0,43,-43
109900052,30,193,-163
109900053,3,495,-492
109900054,230,100,130
109900055,26,206,-180
109900056,13,64,-51
109900057,1,224,-223
109900058,0,115,-115
109900060,162,145,17
109900061,52,262,-210
109900062,1,265,-264
109900064,141,212,-71
109900065,81,122,-41
109900066,143,903,-760
109900067,1,481,-480
109900068,14,3,11
109900069,3,26,-23
109900071,0,21,-21
109900072,2,90,-88
109900073,62,609,-547
109900074,1,37,-36
109900075,6,22,-16
109900076,21,395,-374
109900077,10,26,-16
109900078,37,252,-215
109900080,75,260,-185
109900081,10,73,-63
109900082,25,463,-438
109900083,4,31,-27
109900084,28,127,-99
109900085,91,1066,-975
109900086,53,159,-106
109900087,150,222,-72
109900089,224,49,175
109900092,168,12,156
109900093,247,81,166
109900094,13,84,-71
109900095,65,153,-88
109900096,5,1,4
109900097,52,1,51
109900098,76,8,68
109900099,32,0,32
109900100,18,0,18
109900101,86,4,82
109900102,160,17,143
109900103,1,20,-19
109900104,135,978,-843
109900105,195,20,175
109900106,76,38,38
109900107,96,75,21
109900108,38,642,-604
109900109,6,208,-202
109900111,152,965,-813
109900114,339,222,117
109900115,30,39,-9
109900117,191,70,121
109900121,199,74,125
109900123,4,132,-128
109900125,2,201,-199
109900126,40,162,-122
109900130,10586,728,9858
109900131,70,107,-37
109900132,31,143,-112
109900134,29,40,-11
109900135,369,30,339
109900137,43,303,-260
109900140,69,335,-266
109900149,28,31,-3
109900150,1,53,-52
109900151,1,59,-58
109900152,0,14,-14
109900153,0,32,-32
109900154,7,0,7
109900155,11,9,2
109900157,19,212,-193
109900159,42,20,22
109900161,103,29,74
109900162,65,39,26
109900163,474,188,286
109900164,22,203,-181
109900165,72,5,67
109900166,0,151,-151
109900167,78,487,-409
109900168,73,514,-441
109900169,37,109,-72
109900170,173,366,-193
109900171,43,60,-17
109900172,69,143,-74
109900173,3635,627,3008
109900174,27,133,-106
109900175,15,33,-18
109900176,37,144,-107
109900177,23,235,-212
109900178,0,96,-96
109900179,2,18,-16
109900180,2,8,-6
110000001,550,396,154
110000002,359,349,10
110000003,749,554,195
110000004,327,364,-37
110000005,697,959,-262
110000006,556,291,265
110000007,75,141,-66
110000008,17,48,-31
110000009,17,52,-35
110000010,24,35,-11
110000011,9,86,-77
110000012,674,382,292
110000013,18,300,-282
110000014,597,409,188
110000015,322,409,-87
110000016,288,782,-494
110000017,4040,252,3788
110000018,2817,460,2357
110000019,22,143,-121
110000020,382,157,225
110000021,468,294,174
110000022,445,69,376
110000023,6,124,-118
110000024,500,320,180
110000025,60,2,58
110000026,2,448,-446
110000027,322,243,79
110000028,503,494,9
110000029,413,816,-403
110000030,155,296,-141
110000031,134,477,-343
110000032,385,393,-8
110000033,79,78,1
110000034,109,918,-809
110000035,235,921,-686
110000036,284,705,-421
110000037,59,710,-651
110000038,83,488,-405
110000039,434,1153,-719
110000040,663,456,207
110000041,118,634,-516
110000042,93,341,-248
110000043,393,140,253
110000044,78,72,6
110000045,388,47,341
110000046,6,21,-15
110000047,1,3,-2
110000048,8,23,-15
110000049,12,7,5
110000050,9,20,-11
110000051,15,2,13
110000052,18,26,-8
110000053,34,2,32
110000054,69,106,-37
110000055,312,27,285
110000056,194,40,154
110000057,266,755,-489
110000058,501,504,-3
110000059,383,485,-102
110000060,382,737,-355
110000061,672,755,-83
110000062,552,590,-38
110000063,21,57,-36
110000064,42,88,-46
110000065,23,74,-51
110000066,35,36,-1
110000067,58,246,-188
110000068,67,462,-395
110000069,32,101,-69
110000071,42,174,-132
110000073,1,12,-11
110000075,6,97,-91
110000076,223,108,115
110000077,349,287,62
110000078,3,37,-34
110000080,139,480,-341
110000081,19,200,-181
110000082,19,135,-116
110000083,131,439,-308
110000084,401,271,130
110000085,2717,1125,1592
110000086,1206,481,725
110000087,0,31,-31
110000088,12,173,-161
110000089,104,116,-12
110000090,32,239,-207
110000091,1527,243,1284
110000092,13,85,-72
110000093,17,3,14
110000094,294,216,78
110000095,51,383,-332
110000096,3286,1430,1856
110000097,742,716,26
110000098,961,304,657
110000099,859,1092,-233
110000100,147,681,-534
110000101,4,519,-515
110000102,18,39,-21
110000104,60,53,7
110000105,51,240,-189
110000106,263,160,103
110000107,312,511,-199
110000108,152,29,123
110000109,223,254,-31
110000110,3411,384,3027
110000111,4243,968,3275
110000112,1026,237,789
110000113,629,627,2
110000114,60,217,-157
110000115,188,274,-86
110000116,32,41,-9
110000117,156,497,-341
110000118,160,223,-63
110000119,106,270,-164
110000120,164,112,52
110000121,76,189,-113
110000122,1398,419,979
110000123,234,276,-42
110000124,2,651,-649
110000125,558,3,555
110000126,133,20,113
110000127,297,13,284
110000128,13,1070,-1057
110000129,2,727,-725
110000130,100,61,39
110000131,98,700,-602
110000132,4,824,-820
110000133,22,200,-178
110000134,9,250,-241
110000135,112,12,100
110000136,35,207,-172
110000137,193,540,-347
110000138,255,762,-507
110000139,334,1262,-928
110000140,501,246,255
110000143,643,286,357
110000144,3196,562,2634
110000145,945,411,534
110000146,1184,460,724
110000147,146,516,-370
110000148,464,329,135
110000151,983,1245,-262
110000152,2284,388,1896
110000153,10,79,-69
110000154,1,10,-9
110000155,893,1353,-460
110000156,545,836,-291
110000157,752,1079,-327
110000160,291,392,-101
110000161,120,377,-257
110000166,82,79,3
110000167,396,279,117
110000168,421,193,228
110000169,186,166,20
110000170,67,72,-5
110000171,293,185,108
110000172,96,681,-585
110000173,1021,1198,-177
110000174,26,1232,-1206
110000175,153,96,57
110000176,28,169,-141
110000177,95,602,-507
110000178,344,417,-73
110000179,1243,258,985
110000180,55,326,-271
110000181,115,298,-183
110000182,328,191,137
110000183,9547,3625,5922
110000184,421,1322,-901
110000185,725,504,221
110000186,540,477,63
110000191,170,336,-166
110000192,111,0,111
110000193,167,1,166
110000194,11,1280,-1269
110000195,94,358,-264
110000196,122,419,-297
110000197,17,182,-165
110000198,39,49,-10
110000199,34,102,-68
110000200,914,480,434
110000201,252,355,-103
110000202,525,251,274
110000203,465,692,-227
110000204,2,242,-240
110000205,31,59,-28
110000206,349,1305,-956
110000207,207,251,-44
110000208,58,105,-47
110000209,59,644,-585
110000210,324,489,-165
110000211,389,652,-263
110000212,186,676,-490
110000213,35,34,1
110000214,75,105,-30
110000215,55,475,-420
110000216,29,561,-532
110000217,102,207,-105
110000218,57,377,-320
110000219,106,67,39
110000220,15,351,-336
110000221,126,79,47
110000222,9,275,-266
110000223,10,71,-61
110000224,112,5,107
110000225,95,381,-286
110000226,131,54,77
110000227,364,317,47
110000228,234,355,-121
110000229,0,191,-191
110000230,352,616,-264
110000231,94,108,-14
110000232,76,200,-124
110000233,93,182,-89
110000234,412,278,134
110000235,781,681,100
110000236,191,937,-746
110000237,971,995,-24
110000238,586,1165,-579
110000239,864,1128,-264
110000240,0,123,-123
110000242,0,26,-26
110000243,29,158,-129
110000244,75,318,-243
110000245,29,323,-294
110000246,296,545,-249
110000247,1936,1284,652
110000248,3216,348,2868
110000249,89,5,84
110000250,7,177,-170
110000251,51,333,-282
110000252,132,264,-132
110000253,769,306,463
110000254,900,1166,-266
110000255,198,1067,-869
110000256,288,164,124
110000257,454,150,304
110000258,4,467,-463
110000259,65,20,45
110000260,22,448,-426
110000263,698,59,639
110000264,93,473,-380
110000265,814,1308,-494
110000266,1481,1633,-152
110000267,4,158,-154
110000268,185,419,-234
110000269,2,64,-62
110000270,8,0,8
110000271,2140,248,1892
110000272,660,711,-51
110000273,2162,880,1282
110000274,116,692,-576
110000275,2563,439,2124
110000276,121,306,-185
110000277,61,306,-245
110000278,199,769,-570
110000279,462,655,-193
110000280,112,330,-218
110000281,16,129,-113
110000282,165,38,127
110000283,43,46,-3
110000284,18,18,0
110000285,1,101,-100
110000286,9,1,8
110000287,14,3,11
110000288,1,48,-47
110000289,307,878,-571
110000290,1206,572,634
110000291,2347,332,2015
110000292,946,3229,-2283
110000293,271,1838,-1567
110000294,271,809,-538
110000295,1303,1354,-51
110000296,132,290,-158
110000297,3209,221,2988
110000298,501,370,131
110000299,1015,25,990
110000301,157,8,149
110000302,176,1201,-1025
110000303,201,5,196
110000304,73,242,-169
110000305,333,6,327
110000306,58,1191,-1133
110000307,354,2,352
110000308,207,8,199
110000309,54,1056,-1002
110000310,272,57,215
110000311,45,2015,-1970
110000312,626,32,594
110000313,4167,1424,2743
110000314,0,208,-208
110000315,2342,1225,1117
110000316,409,993,-584
110000317,391,218,173
110000318,1,73,-72
110000319,3,11,-8
110000320,12,31,-19
110000321,8,41,-33
110000322,113,474,-361
110000323,196,229,-33
110000324,3916,576,3340
110000325,1803,1891,-88
110000327,408,160,248
110000328,253,517,-264
110000333,523,402,121
110000334,392,806,-414
110000335,790,436,354
110000336,313,1111,-798
110000337,474,428,46
110000338,93,189,-96
110000339,71,210,-139
110000340,4,180,-176
110000341,241,670,-429
110000342,251,1,250
110000343,4,22,-18
110000344,85,168,-83
110000345,66,75,-9
110000346,1737,1045,692
110000347,695,624,71
110000348,2,29,-27
110000349,3,34,-31
110000350,21,1,20
110000351,345,775,-430
110000352,225,1101,-876
110000353,2909,730,2179
110000354,869,1795,-926
110000355,44,48,-4
110000356,339,6,333
110000357,221,5,216
110000361,3,87,-84
110000362,27,61,-34
110000363,102,85,17
110000364,66,335,-269
110000365,89,2,87
110000366,1,70,-69
110000367,201,204,-3
110000368,2,73,-71
110000369,25,2,23
110000373,0,225,-225
110000374,19,3,16
110000375,69,669,-600
110000376,23,131,-108
110000377,56,278,-222
110000378,20,249,-229
110000379,2876,652,2224
110000380,23,6,17
110000383,1,597,-596
110000384,2042,358,1684
110000385,0,547,-547
110000387,31,19,12
110000388,20,194,-174
110000389,248,2,246
110000391,121,378,-257
110000396,49,136,-87
110000397,34,124,-90
110000398,4,38,-34
110000399,167,0,167
110000587,31,55,-24
110000589,95,171,-76
110000640,73,135,-62
110000652,14,200,-186
110000653,93,380,-287
110000654,0,15,-15
110000656,1,579,-578
110000674,14,7,7
110000675,13,3,10
110000676,4,20,-16
110000679,702,296,406
110000682,95,83,12
110000683,312,473,-161
110000684,3,54,-51
110000685,16,8,8
110000686,3,12,-9
110000687,41,4,37
110000688,49,301,-252
110000689,17,54,-37
110000692,38,207,-169
110000693,91,203,-112
110000694,2,86,-84
110000695,94,909,-815
110000696,102,127,-25
110000698,292,907,-615
110000699,1689,499,1190
110900001,58,1,57
110900002,536,172,364
110900003,161,937,-776
110900004,74,195,-121
110900005,3586,703,2883
110900006,49,4,45
110900007,10,9,1
110900008,14,66,-52
110900009,172,30,142
110900010,8,63,-55
110900011,6,66,-60
110900012,2,118,-116
110900013,363,87,276
110900014,80,17,63
110900015,601,169,432
110900016,9,164,-155
110900017,78,27,51
110900018,197,32,165
110900019,25,15,10
110900020,18,458,-440
110900021,34,537,-503
110900022,49,354,-305
110900023,53,406,-353
110900024,7,486,-479
110900025,4,27,-23
110900027,10,246,-236
110900028,15,125,-110
110900029,14,388,-374
110900030,8,380,-372
110900031,0,135,-135
110900032,2,74,-72
110900033,13,236,-223
110900035,15,315,-300
110900036,45,20,25
110900037,30,22,8
110900038,1078,135,943
110900039,5,178,-173
110900040,117,18,99
110900041,3,130,-127
110900042,30,30,0
110900043,1,135,-134
110900044,197,22,175
110900045,43,581,-538
110900046,85,352,-267
110900047,644,55,589
110900049,16,13,3
110900050,1,0,1
110900051,16,154,-138
110900052,0,252,-252
110900053,33,41,-8
110900054,9,288,-279
110900055,4,0,4
110900056,57,62,-5
110900057,4,251,-247
110900058,55,166,-111
110900059,310,640,-330
110900060,157,42,115
110900061,21,36,-15
110900062,41,242,-201
110900063,14,83,-69
110900064,7,0,7
110900065,408,68,340
110900066,1,36,-35
110900067,431,268,163
110900068,182,214,-32
110900069,1,22,-21
110900070,98,29,69
110900071,183,193,-10
110900073,0,10,-10
110900074,119,55,64
110900075,115,27,88
110900077,131,330,-199
110900078,2,109,-107
110900079,2110,421,1689
110900080,27,22,5
110900081,5,115,-110
110900082,29,159,-130
110900083,39,36,3
110900084,18,213,-195
110900085,16,256,-240
110900086,65,93,-28
110900087,102,41,61
110900088,7,0,7
110900090,6,15,-9
110900091,0,53,-53
110900093,113,80,33
110900095,12,28,-16
110900097,3,22,-19
110900098,5,104,-99
110900099,33,459,-426
110900100,0,23,-23
110900102,7,28,-21
110900105,383,284,99
110900108,2,111,-109
110900111,158,47,111
110900112,180,2,178
110900113,377,16,361
110900115,1,71,-70
110900116,197,2292,-2095
110900118,164,813,-649
110900119,5252,180,5072
110900120,0,108,-108
110900121,41,0,41
110900122,90,122,-32
110900125,93,130,-37
110900127,446,426,20
110900128,314,210,104
110900129,171,114,57
110900130,915,225,690
110900131,23,31,-8
110900132,103,19,84
110900133,12,277,-265
110900135,53,349,-296
110900136,133,5,128
110900138,0,0,0
110900139,12,0,12
110900140,6,0,6
110900141,248,114,134
110900142,36,201,-165
110900143,59,56,3
110900144,2,588,-586
110900145,38,4,34
110900146,293,36,257
110900147,122,157,-35
110900148,0,213,-213
110900149,0,45,-45
110900150,6,8,-2
110900151,1,44,-43
110900152,21,385,-364
110900153,41,15,26
111000001,179,363,-184
111000002,610,750,-140
111000003,373,359,14
111000004,374,1284,-910
111000005,632,582,50
111000006,587,1530,-943
111000007,3060,1345,1715
111000008,3426,2973,453
111000009,225,753,-528
111000010,344,188,156
111000011,419,849,-430
111000012,603,242,361
111000013,229,1358,-1129
111000014,807,473,334
111000017,84,360,-276
111000018,107,305,-198
111000020,1451,1255,196
111000021,50,118,-68
111000023,92,140,-48
111000025,6030,1478,4552
111000029,56,83,-27
111000030,38,46,-8
111000031,1770,521,1249
111000032,450,191,259
111000033,210,87,123
111000034,242,197,45
111000037,783,554,229
111000038,3208,2058,1150
111000039,1103,1967,-864
111000040,1144,2118,-974
111000041,1282,1301,-19
111000042,4829,2138,2691
111000043,1354,1018,336
111000044,741,500,241
111000045,923,1092,-169
111000046,609,872,-263
111000047,1189,1784,-595
111000049,293,546,-253
111000050,1642,1708,-66
111000051,232,980,-748
111000052,472,1175,-703
111000053,292,1001,-709
111000054,252,917,-665
111000055,109,786,-677
111000056,281,729,-448
111000057,44,753,-709
111000058,145,104,41
111000059,129,218,-89
111000060,2097,868,1229
111000061,334,281,53
111000062,512,172,340
111000063,1584,650,934
111000064,363,468,-105
111000065,621,668,-47
111000066,201,218,-17
111000067,265,569,-304
111000068,171,529,-358
111000069,1264,1645,-381
111000070,2295,1190,1105
111000071,226,683,-457
111000072,412,252,160
111000073,141,448,-307
111000074,953,943,10
111000075,344,440,-96
111000076,259,577,-318
111000077,681,1032,-351
111000078,1257,846,411
111000079,956,546,410
111000080,238,521,-283
111000081,2080,2508,-428
111000082,397,615,-218
111000084,392,435,-43
111000085,568,1571,-1003
111000086,2632,1279,1353
111000087,586,821,-235
111000088,5357,1513,3844
111000089,383,787,-404
111000090,961,1156,-195
111000091,459,711,-252
111000092,606,1207,-601
111000093,335,669,-334
111000094,1062,681,381
111000095,850,1277,-427
111000096,2419,4130,-1711
111000097,5195,984,4211
111000098,648,1252,-604
111000099,287,2293,-2006
111000100,198,2351,-2153
111000101,275,843,-568
111000102,49,690,-641
111000104,144,166,-22
111000107,34,674,-640
111000109,120,184,-64
111000110,404,455,-51
111000111,740,370,370
111000112,823,227,596
111000113,436,330,106
111000114,1022,885,137
111000115,6847,545,6302
111000116,810,506,304
111000117,497,559,-62
111000118,1393,738,655
111000119,721,1561,-840
111000120,240,476,-236
111000121,153,525,-372
111000122,257,867,-610
111000123,317,1401,-1084
111000124,254,3579,-3325
111000125,123,2409,-2286
111000126,568,2041,-1473
111000127,384,141,243
111000128,512,261,251
111000129,818,381,437
111000130,642,537,105
111000131,492,443,49
111000132,354,392,-38
111000133,68,116,-48
111000134,94,98,-4
111000135,15,137,-122
111000136,187,183,4
111000138,11,9,2
111000140,0,1,-1
111000141,87,133,-46
111000142,15,136,-121
111000143,6,71,-65
111000144,6,75,-69
111000145,66,6,60
111000146,19,0,19
111000147,313,11,302
111000148,112,77,35
111000149,2,25,-23
111000150,4,6,-2
111000151,0,16,-16
111000153,419,385,34
111000154,637,145,492
111000155,74,118,-44
111000156,323,224,99
111000157,96,322,-226
111000158,619,459,160
111000159,2300,560,1740
111000160,123,428,-305
111000161,6,163,-157
111000162,4,146,-142
111000163,243,587,-344
111000164,732,1635,-903
111000165,1153,381,772
111000166,953,225,728
111000167,197,457,-260
111000168,162,346,-184
111000169,214,424,-210
111000170,346,358,-12
111000171,377,960,-583
111000172,83,638,-555
111000173,141,1544,-1403
111000174,67,499,-432
111000175,17,214,-197
111000176,85,154,-69
111000177,88,268,-180
111000178,393,352,41
111000179,45,203,-158
111000180,121,301,-180
111000181,372,245,127
111000182,84,182,-98
111000183,189,224,-35
111000184,220,170,50
111000185,239,487,-248
111000186,138,347,-209
111000187,71,282,-211
111000188,131,405,-274
111000189,1608,539,1069
111000190,97,571,-474
111000191,87,424,-337
111000192,121,669,-548
111000193,365,319,46
111000194,18,390,-372
111000195,65,453,-388
111000196,18,301,-283
111000197,115,189,-74
111000198,157,116,41
111000199,40,153,-113
111000200,95,310,-215
111000201,206,182,24
111000202,163,156,7
111000203,145,162,-17
111000204,247,307,-60
111000213,108,381,-273
111000214,864,1723,-859
111000215,594,1328,-734
111000217,520,687,-167
111000218,623,695,-72
111000219,341,229,112
111000220,2529,363,2166
111000221,621,114,507
111000224,216,392,-176
111000225,152,151,1
111000226,110,0,110
111000227,39,8,31
111000228,4,133,-129
111000229,17,239,-222
111000230,105,396,-291
111000231,272,1284,-1012
111000232,178,750,-572
111000233,212,733,-521
111000234,36,136,-100
111000239,146,132,14
111000240,14,41,-27
111000241,23,426,-403
111000242,39,14,25
111000243,43,818,-775
111000244,85,61,24
111000245,280,517,-237
111000246,156,619,-463
111000247,89,1162,-1073
111000248,214,306,-92
111000249,314,803,-489
111000250,14,87,-73
111000251,36,116,-80
111000253,5,3,2
111000255,11,4,7
111000257,18,26,-8
111000260,24,732,-708
111000261,282,52,230
111000271,46,338,-292
111000273,5705,1340,4365
111000274,865,1362,-497
111000275,58,103,-45
111000276,1543,4218,-2675
111000277,97,420,-323
111000278,334,265,69
111000291,437,1929,-1492
111000298,194,229,-35
111000299,424,63,361
111000300,48,552,-504
111000302,144,57,87
111000303,43,256,-213
111000312,36,50,-14
111000315,53,254,-201
111000320,207,586,-379
111000321,138,46,92
111000322,97,481,-384
111000323,66,15,51
111000324,306,229,77
111000325,15,59,-44
111000326,32,361,-329
111000327,192,636,-444
111000328,131,343,-212
111000329,3,15,-12
111000330,29,7,22
111000331,6,4,2
111000332,211,898,-687
111000334,317,1546,-1229
111000335,192,98,94
111000337,244,333,-89
111000338,11,119,-108
111000339,85,570,-485
111000340,58,850,-792
111000341,489,178,311
111000342,54,353,-299
111000344,444,527,-83
111000345,276,29,247
111000346,25,71,-46
111000347,32,2,30
111000350,151,148,3
111000351,44,192,-148
111000352,80,75,5
111000353,47,232,-185
111000354,181,143,38
111000355,148,598,-450
111000358,49,1703,-1654
111000360,57,940,-883
111000361,63,402,-339
111000546,137,591,-454
111000547,109,597,-488
111000548,46,120,-74
111000549,98,389,-291
111000550,41,259,-218
111000551,549,116,433
111000552,388,47,341
111000907,145,12,133
111000908,12,0,12
111000916,402,170,232
111000917,14,296,-282
111000918,81,1064,-983
111000920,164,11,153
111000921,0,386,-386
111000922,122,251,-129
111000924,19,1221,-1202
111000925,1103,1225,-122
111000926,739,2624,-1885
111000927,2245,2174,71
111000928,5328,3050,2278
111000929,513,662,-149
111000930,721,2160,-1439
111000931,877,1103,-226
111000932,2744,1949,795
111000933,2227,1174,1053
111000934,2028,2456,-428
111000935,610,778,-168
111000936,631,2130,-1499
111000937,470,840,-370
111000938,1357,2545,-1188
111000939,177,68,109
111000940,170,211,-41
111000941,111,554,-443
111000943,118,242,-124
111000944,49,635,-586
111000945,5,2173,-2168
111001109,178,93,85
111001110,196,679,-483
111001111,12,1,11
111001112,63,3,60
111001113,15,95,-80
111001114,926,53,873
111001115,103,270,-167
111001116,4770,1016,3754
111001117,531,429,102
111001120,74,285,-211
111001121,95,349,-254
111001122,138,680,-542
111001123,65,121,-56
111001124,35,409,-374
111001125,2,31,-29
111001126,0,0,0
111001127,0,64,-64
111001128,206,469,-263
111900001,0,188,-188
111900002,3,541,-538
111900003,1,274,-273
111900004,13,107,-94
111900006,1,6,-5
111900007,24,3,21
111900008,31,0,31
111900009,12,0,12
111900010,135,447,-312
111900012,74,73,1
111900013,2,36,-34
111900014,6620,1051,5569
111900015,0,56,-56
111900016,0,165,-165
111900017,0,144,-144
111900018,53,0,53
111900019,0,48,-48
111900020,2,15,-13
111900021,9,49,-40
111900022,4,36,-32
111900023,99,37,62
111900024,3,84,-81
111900025,0,45,-45
111900026,0,86,-86
111900027,2,188,-186
111900028,2,432,-430
111900029,3,70,-67
111900030,37,286,-249
111900032,2,388,-386
111900033,4,113,-109
111900034,137,550,-413
111900035,5,163,-158
111900036,0,312,-312
111900038,232,478,-246
111900039,29,307,-278
111900040,0,687,-687
111900042,37,46,-9
111900043,3,442,-439
111900044,148,181,-33
111900046,104,181,-77
111900048,39,818,-779
111900049,27,281,-254
111900050,24,5,19
111900051,1,274,-273
111900052,271,497,-226
111900053,1305,206,1099
111900054,26,0,26
111900055,9,550,-541
111900056,105,65,40
111900057,36,84,-48
111900058,65,757,-692
111900059,2044,215,1829
111900060,79,0,79
111900061,7,251,-244
111900062,4,24,-20
111900063,55,153,-98
111900064,99,164,-65
111900065,19,10,9
111900066,72,77,-5
111900067,3,235,-232
111900068,17,2,15
111900069,21,6,15
111900070,22,117,-95
111900071,0,247,-247
111900072,7,6,1
111900073,132,15,117
111900074,6,149,-143
111900075,18,8,10
111900076,29,6,23
111900077,5,0,5
111900078,50,4,46
111900079,6,3,3
111900080,166,60,106
111900082,21,6,15
111900083,25,2,23
111900084,42,0,42
111900085,33,13,20
111900086,23,0,23
111900087,10,0,10
111900088,131,1,130
111900089,13,1,12
111900090,62,6,56
111900091,41,0,41
111900092,22,1,21
111900093,54,0,54
111900094,13,0,13
111900095,58,6,52
111900096,57,0,57
111900097,3,0,3
111900098,31,0,31
111900099,9,0,9
111900100,34,0,34
111900101,20,11,9
111900102,83,639,-556
111900103,41,30,11
111900104,29,47,-18
111900105,147,83,64
111900106,1100,33,1067
111900110,2760,139,2621
111900111,23,193,-170
111900112,515,576,-61
111900113,326,72,254
111900118,121,16,105
111900119,115,23,92
111900122,56,24,32
111900123,13,20,-7
111900124,20,102,-82
111900125,120,6,114
111900126,61,1,60
111900127,1,786,-785
111900128,2,505,-503
111900129,38,2,36
111900130,20,3,17
111900131,86,0,86
111900132,25,1153,-1128
111900133,8,225,-217
111900134,15,272,-257
111900135,3,6,-3
111900136,46,66,-20
111900137,39,29,10
111900138,5,90,-85
111900139,5,123,-118
111900140,17,14,3
111900141,26,5,21
111900142,36,8,28
111900143,2,84,-82
111900144,1,139,-138
111900145,3,601,-598
111900146,0,350,-350
111900147,103,481,-378
111900148,25,877,-852
111900149,7,452,-445
111900150,13,179,-166
111900151,3,20,-17
111900152,56,32,24
111900153,1652,165,1487
111900154,1,66,-65
111900155,21,25,-4
111900156,7,28,-21
111900157,13,6,7
111900158,105,11,94
111900159,54,14,40
111900160,57,0,57
111900161,29,0,29
111900162,88,62,26
111900163,13,183,-170
111900164,53,3,50
111901113,83,350,-267
111901114,42,309,-267
111901115,9,1,8
111901116,7,0,7
111901117,1,4,-3
111901118,68,33,35
111901119,999,30,969
111901121,124,232,-108
111901122,5,542,-537
111901123,17,377,-360
111901124,41,2,39
111901125,94,157,-63
111901127,584,66,518
111901128,1,55,-54
111901129,2,89,-87
111901130,2,138,-136
111901131,2,208,-206
111901132,62,1,61
111901133,15,3,12
111901134,21,0,21
111901135,4,3,1
111901138,31,42,-11
111901139,9,50,-41
111901140,1,147,-146
111901141,1,246,-245
111901142,3,155,-152
111901143,2,70,-68
111901144,22,14,8
111901145,198,111,87
111901146,128,6,122
111901147,996,50,946
111901148,8,20,-12
111901149,3,2,1
111901150,5,0,5
111901151,0,0,0
111901152,6,25,-19
112000001,809,529,280
112000002,581,2045,-1464
112000003,363,563,-200
112000004,370,1421,-1051
112000005,995,884,111
112000006,892,1577,-685
112000007,903,854,49
112000008,1565,2340,-775
112000009,3881,3196,685
112000010,1397,1769,-372
112000011,1494,2094,-600
112000012,3737,1332,2405
112000013,4476,2768,1708
112000014,1622,603,1019
112000015,2092,1911,181
112000016,2382,767,1615
112000017,1380,1041,339
112000024,1507,428,1079
112000026,3860,4511,-651
112000027,571,284,287
112000028,1588,1548,40
112000029,184,367,-183
112000030,172,77,95
112000031,963,1633,-670
112000032,387,32,355
112000033,1298,647,651
112000034,140,18,122
112000035,62,190,-128
112000036,576,398,178
112000037,875,773,102
112000038,738,825,-87
112000039,28,84,-56
112000040,124,296,-172
112000041,391,438,-47
112000042,746,233,513
112000050,458,1038,-580
112000051,377,530,-153
112000054,1285,2218,-933
112000057,433,241,192
112000058,266,299,-33
112000059,605,362,243
112000061,5488,1074,4414
112000062,2112,354,1758
112000063,1810,616,1194
112000064,5060,5543,-483
112000065,2482,2472,10
112000066,2382,672,1710
112000067,653,585,68
112000068,1560,842,718
112000069,609,1850,-1241
112000070,1038,422,616
112000071,408,2612,-2204
112000072,551,676,-125
112000073,953,1445,-492
112000074,770,551,219
112000075,619,717,-98
112000076,2521,2372,149
112000077,238,636,-398
112000078,556,659,-103
112000079,677,1218,-541
112000080,303,837,-534
112000081,730,1597,-867
112000082,676,472,204
112000083,352,1387,-1035
112000084,567,600,-33
112000085,623,1263,-640
112000086,818,1446,-628
112000087,144,887,-743
112000088,190,656,-466
112000089,126,317,-191
112000090,127,433,-306
112000091,457,1161,-704
112000092,704,697,7
112000093,1076,994,82
112000094,238,600,-362
112000095,316,606,-290
112000096,208,620,-412
112000097,405,338,67
112000098,431,1434,-1003
112000099,383,363,20
112000100,585,675,-90
112000101,238,854,-616
112000102,368,439,-71
112000103,159,1143,-984
112000105,347,2137,-1790
112000106,504,436,68
112000107,49,112,-63
112000108,179,1734,-1555
112000109,61,68,-7
112000110,733,355,378
112000111,1007,3483,-2476
112000112,1976,365,1611
112000113,734,2077,-1343
112000114,1109,627,482
112000115,129,528,-399
112000116,188,882,-694
112000117,343,740,-397
112000118,507,716,-209
112000119,279,947,-668
112000120,59,333,-274
112000121,33,596,-563
112000122,115,131,-16
112000123,207,118,89
112000124,98,55,43
112000125,49,87,-38
112000126,77,749,-672
112000127,1896,787,1109
112000128,1033,309,724
112000129,53,113,-60
112000130,40,44,-4
112000131,24,340,-316
112000132,41,385,-344
112000133,108,259,-151
112000134,264,394,-130
112000135,517,510,7
112000136,609,1126,-517
112000137,910,979,-69
112000138,1249,1142,107
112000139,684,179,505
112000140,846,932,-86
112000141,222,178,44
112000142,92,862,-770
112000143,323,202,121
112000144,174,1613,-1439
112000145,992,558,434
112000146,411,2176,-1765
112000147,936,990,-54
112000148,1140,1996,-856
112000149,121,762,-641
112000150,94,638,-544
112000151,286,639,-353
112000152,146,337,-191
112000153,164,303,-139
112000154,78,96,-18
112000155,79,28,51
112000157,483,360,123
112000158,106,528,-422
112000159,178,247,-69
112000167,103,17,86
112000169,239,279,-40
112000173,247,180,67
112000175,127,335,-208
112000176,4639,1284,3355
112000177,142,58,84
112000178,26,417,-391
112000179,89,138,-49
112000180,171,202,-31
112000181,917,1690,-773
112000182,291,1680,-1389
112000183,17,28,-11
112000184,108,461,-353
112000185,132,570,-438
112000187,1740,1762,-22
112000195,72,5,67
112000196,36,0,36
112000197,19,48,-29
112000198,18,369,-351
112000199,547,744,-197
112000202,54,0,54
112000216,28,154,-126
112000230,16,2,14
112000231,1,363,-362
112000256,12,98,-86
112000313,100,114,-14
112000314,6,7,-1
112000337,107,449,-342
112000352,152,106,46
112000392,1600,836,764
112000398,469,554,-85
112000399,2093,1006,1087
112000400,1157,3168,-2011
112000401,2545,3277,-732
112000402,907,1407,-500
112000403,1388,1266,122
112000404,217,396,-179
112000405,931,1846,-915
112000406,3830,3549,281
112000407,2509,3936,-1427
112000408,6481,5721,760
112000409,2328,5494,-3166
112000410,80,66,14
112000411,4245,517,3728
112000412,707,186,521
112000413,8375,1120,7255
112000414,54,88,-34
112000415,70,40,30
112000416,1112,991,121
112000417,102,73,29
112000421,22,123,-101
112000422,163,385,-222
112000424,2027,1104,923
112000425,205,1255,-1050
112000426,55,195,-140
112000427,1,7,-6
112000428,52,421,-369
112000429,1475,2696,-1221
112000430,1553,2580,-1027
112000431,62,82,-20
112000432,360,2107,-1747
112000433,500,473,27
112000437,10,336,-326
112900001,4,4,0
112900002,75,1239,-1164
112900003,10,252,-242
112900004,17,423,-406
112900005,37,192,-155
112900007,6,156,-150
112900008,2,2,0
112900009,199,80,119
112900010,60,639,-579
112900011,372,196,176
112900012,0,31,-31
112900013,1,126,-125
112900014,2,234,-232
112900015,226,661,-435
112900016,2,212,-210
112900017,14,123,-109
112900018,31,926,-895
112900019,34,105,-71
112900020,424,1239,-815
112900021,0,317,-317
112900022,7,64,-57
112900023,1,306,-305
112900024,20,247,-227
112900025,47,136,-89
112900026,0,229,-229
112900027,3,1183,-1180
112900028,21,104,-83
112900029,4,561,-557
112900030,222,115,107
112900031,6,447,-441
112900032,77,177,-100
112900034,1,40,-39
112900035,3,510,-507
112900036,12,76,-64
112900037,92,83,9
112900038,139,76,63
112900039,15,338,-323
112900040,5,212,-207
112900041,998,383,615
112900042,25,377,-352
112900043,11,38,-27
112900044,409,211,198
112900045,463,250,213
112900046,146,53,93
112900047,11,13,-2
112900049,63,48,15
112900050,38,417,-379
112900051,248,563,-315
112900052,6,978,-972
112900053,299,66,233
112900054,206,20,186
112900055,66,6,60
112900056,134,67,67
112900057,3,644,-641
112900058,142,71,71
112900059,54,116,-62
112900060,4,118,-114
112900061,44,115,-71
112900062,30,105,-75
112900063,48,1,47
112900064,111,84,27
112900065,26,4,22
112900066,70,46,24
112900067,428,82,346
112900068,13,5,8
112900069,2162,213,1949
112900071,9,1,8
112900072,135,403,-268
112900073,102,14,88
112900074,14,56,-42
112900075,1847,223,1624
112900076,27,5,22
112900078,76,114,-38
112900079,88,1,87
112900080,11,1,10
112900081,26,75,-49
112900082,184,5,179
112900083,23,23,0
112900084,54,22,32
112900086,25,0,25
112900087,160,20,140
112900088,14,4,10
112900089,298,9,289
112900090,4,6,-2
112900091,34,2,32
112900092,94,78,16
112900093,417,5,412
112900095,15,0,15
112900096,177,45,132
112900097,22,336,-314
112900098,41,3,38
112900099,225,4,221
112900100,7,0,7
112900101,75,3,72
112900102,37,3,34
112900103,80,0,80
112900104,141,0,141
112900105,0,0,0
112900106,212,58,154
112900107,0,0,0
112900108,10,2,8
112900109,15,0,15
112900110,248,12,236
112900111,179,1,178
112900112,54,0,54
112900113,0,15,-15
112900114,29,31,-2
112900115,209,0,209
112900116,26,2,24
112900117,113,105,8
112900118,13,38,-25
112900119,36,1,35
112900120,527,125,402
112900121,220,142,78
112900122,10,103,-93
112900123,81,3,78
112900124,4,142,-138
112900125,30,189,-159
112900126,117,217,-100
112900127,121,15,106
112900128,422,632,-210
112900129,2,787,-785
112900130,68,49,19
112900131,25,189,-164
112900132,39,428,-389
112900133,7,1044,-1037
112900134,0,233,-233
112900135,29,16,13
112900137,6,686,-680
112900138,3,426,-423
112900139,135,1012,-877
112900141,167,20,147
112900142,35,43,-8
112900143,34,686,-652
112900144,12,1062,-1050
112900145,36,295,-259
112900146,7,1392,-1385
112900147,6,2246,-2240
112900148,8,0,8
112900149,75,464,-389
112900151,7,25,-18
112900152,4748,655,4093
112900153,1070,462,608
112900154,2,62,-60
112900155,31,2,29
112900156,77,1642,-1565
112900157,35,43,-8
112900158,5,5,0
112900159,152,82,70
112900160,25,193,-168
112900161,22,24,-2
112900162,21,9,12
112900163,106,15,91
112900164,20,50,-30
112900165,46,26,20
112900166,12,20,-8
112900167,2,31,-29
112900168,0,1,-1
112900169,10,3,7
112900170,17,64,-47
112900172,74,4,70
112900173,142,61,81
112900174,110,11,99
112900175,81,29,52
112900176,5,3,2
112900177,77,8,69
112900178,274,569,-295
112900179,17,475,-458
112900180,409,1821,-1412
112900181,152,0,152
112900182,36,1446,-1410
112900183,49,108,-59
112900184,232,235,-3
112900185,147,222,-75
112900186,1090,417,673
112900187,20,163,-143
112900188,477,166,311
112900189,7,11,-4
112900190,2,33,-31
112900192,314,131,183
112900193,732,138,594
112900194,15,40,-25
112900195,362,14,348
112900196,138,423,-285
112900197,66,303,-237
112900199,52,220,-168
112900200,164,178,-14
112900201,18,55,-37
112900202,71,882,-811
112900203,41,248,-207
112900204,597,189,408
112900205,0,6,-6
112900206,1,38,-37
112900207,4,0,4
112900208,57,43,14
112900209,233,333,-100
112900210,0,17,-17
112900211,16,45,-29
112900212,0,31,-31
112900213,7,1,6
112900214,6,2,4
112900215,12,149,-137
112900216,22,38,-16
112900217,0,66,-66
112900218,21,3,18
112900219,10,5,5
112900220,1,0,1
112900221,0,113,-113
112900222,0,8,-8
112900223,207,4,203
112900224,87,585,-498
112900225,133,455,-322
112900226,134,123,11
112900227,78,1037,-959
112900228,24,18,6
112900229,25,40,-15
112900230,5958,1600,4358
112900232,78,109,-31
112900233,17,140,-123
112900234,4,47,-43
112900235,27,6,21
112900236,24,12,12
112900237,26,335,-309
112900238,2,16,-14
112900239,551,255,296
112900240,1,138,-137
112900241,1,209,-208
112900242,0,242,-242
112900243,3,220,-217
112900244,10,178,-168
112900245,2,38,-36
112900246,0,7,-7
112900247,100,7,93
112900248,20,1,19
112900249,17,5,12
112900250,9,27,-18
112900251,12,8,4
112900252,12,13,-1
112900253,5,8,-3
112900254,7,3,4
112900255,0,9,-9
112900256,1,20,-19
112900257,10,7,3
112900258,2,32,-30
113000001,4060,4008,52
113000002,3341,2696,645
113000003,1634,1431,203
113000004,1793,1811,-18
113000005,1031,827,204
113000006,853,1064,-211
113000007,1095,1059,36
113000008,1080,1411,-331
113000009,520,734,-214
113000010,547,1204,-657
113000011,435,1496,-1061
113000012,666,605,61
113000013,619,317,302
113000014,1522,1107,415
113000015,388,174,214
113000016,153,178,-25
113000017,8,199,-191
113000018,135,43,92
113000019,17,235,-218
113000020,39,5,34
113000021,669,620,49
113000022,338,1063,-725
113000025,31,167,-136
113000026,135,256,-121
113000027,568,223,345
113000028,645,224,421
113000029,576,418,158
113000030,490,460,30
113000031,372,177,195
113000032,189,166,23
113000033,272,250,22
113000034,447,231,216
113000035,14,13,1
113000036,16,26,-10
113000037,27,14,13
113000038,8,27,-19
113000039,49,413,-364
113000040,56,96,-40
113000042,757,541,216
113000051,521,1353,-832
113000052,1973,1095,878
113000053,255,531,-276
113000054,118,634,-516
113000055,556,817,-261
113000056,415,1661,-1246
113000058,572,865,-293
113000059,1088,526,562
113000060,55,545,-490
113000061,479,692,-213
113000062,996,131,865
113000063,50,199,-149
113000064,14,338,-324
113000065,124,1113,-989
113000066,300,73,227
113000067,684,878,-194
113000068,273,1933,-1660
113000069,331,1279,-948
113000070,616,580,36
113000071,174,652,-478
113000072,185,253,-68
113000073,349,1177,-828
113000074,705,217,488
113000075,1817,311,1506
113000076,1105,1340,-235
113000077,1317,317,1000
113000078,1180,980,200
113000079,802,506,296
113000080,752,420,332
113000081,732,632,100
113000082,901,565,336
113000083,481,603,-122
113000084,1186,850,336
113000085,695,473,222
113000086,957,911,46
113000087,1261,630,631
113000088,1837,906,931
113000089,800,1088,-288
113000090,224,270,-46
113000091,635,175,460
113000094,526,120,406
113000095,188,911,-723
113000096,153,702,-549
113000097,502,208,294
113000098,36,18,18
113000099,994,209,785
113000100,96,309,-213
113000101,304,447,-143
113000102,429,181,248
113000103,2155,567,1588
113000104,253,1826,-1573
113000105,329,376,-47
113000106,234,601,-367
113000107,413,766,-353
113000108,817,1649,-832
113000109,438,2425,-1987
113000110,1136,367,769
113000111,158,456,-298
113000112,317,265,52
113000113,1668,274,1394
113000114,406,750,-344
113000116,578,222,356
113000117,630,134,496
113000118,92,239,-147
113000119,193,258,-65
113000120,30,214,-184
113000121,355,740,-385
113000124,102,125,-23
113000125,8,395,-387
113000127,3058,367,2691
113000128,343,255,88
113000129,373,930,-557
113000133,3573,586,2987
113000134,7,492,-485
113000135,2276,1566,710
113000137,1931,1022,909
113000139,281,74,207
113000140,131,177,-46
113000141,276,60,216
113000142,606,467,139
113000143,308,104,204
113000144,299,450,-151
113000145,29,117,-88
113000146,61,48,13
113000147,48,94,-46
113000148,49,121,-72
113000149,65,79,-14
113000150,387,252,135
113000151,115,27,88
113000152,21,95,-74
113000153,1561,291,1270
113000154,434,888,-454
113000155,131,286,-155
113000156,122,268,-146
113000157,201,525,-324
113000158,306,135,171
113000159,531,390,141
113000160,410,837,-427
113000161,110,586,-476
113000162,358,267,91
113000163,35,37,-2
113000164,24,71,-47
113000166,56,55,1
113000167,23,219,-196
113000168,31,216,-185
113000169,62,38,24
113000170,70,43,27
113000171,69,95,-26
113000172,129,60,69
113000173,32,10,22
113000174,73,556,-483
113000175,243,110,133
113000176,286,88,198
113000177,115,377,-262
113000178,172,417,-245
113000179,218,85,133
113000180,360,1266,-906
113000181,566,868,-302
113000182,127,174,-47
113000183,145,494,-349
113000184,25,72,-47
113000189,386,396,-10
113000190,1218,243,975
113000192,2513,936,1577
113000193,4251,644,3607
113000194,1806,868,938
113000195,2346,386,1960
113000196,70,119,-49
113000197,907,575,332
113000198,23,229,-206
113000199,423,321,102
113000201,312,162,150
113000202,2510,1325,1185
113000203,501,88,413
113000204,1588,859,729
113000205,10,15,-5
113000206,5,31,-26
113000207,32,13,19
113000208,18,38,-20
113000209,9,12,-3
113000210,8,27,-19
113000211,309,143,166
113000212,232,21,211
113000213,11,86,-75
113000214,93,185,-92
113000234,91,1227,-1136
113000410,37,63,-26
113000411,1931,3482,-1551
113000412,9717,1342,8375
113000413,4051,1291,2760
113000414,10060,6133,3927
113000415,2621,1768,853
113000416,7586,2311,5275
113000417,3368,1938,1430
113000418,2813,2184,629
113000419,1557,1296,261
113000420,3120,1999,1121
113000421,3358,3050,308
113000422,15594,4980,10614
113000423,2315,2099,216
113000424,4213,4912,-699
113000425,5,48,-43
113000428,22,1,21
113000430,9,7,2
113000432,784,68,716
113000433,126,862,-736
113000434,28,380,-352
113000435,11,860,-849
113000436,67,1312,-1245
113000437,212,14,198
113000438,78,10,68
113000439,11,178,-167
113000440,40,17,23
113000441,94,266,-172
113000442,107,266,-159
113000443,52,237,-185
113000444,81,313,-232
113000445,58,133,-75
113000446,8,80,-72
113000448,217,101,116
113000449,198,659,-461
113000450,541,1675,-1134
113000451,1567,108,1459
113000452,384,298,86
113000453,196,213,-17
113000454,726,41,685
113000455,80,105,-25
113000456,2554,1221,1333
113000468,2483,218,2265
113000469,199,46,153
113000470,482,69,413
113000471,6,246,-240
113000472,40,243,-203
113000474,268,603,-335
113000475,1156,1594,-438
113000476,700,1657,-957
113000477,1317,1836,-519
113000478,2491,5519,-3028
113000479,18,324,-306
113000484,0,0,0
113000485,0,0,0
113000486,0,0,0
113000487,0,0,0
113000488,0,0,0
113000489,0,0,0
113000490,0,0,0
113000491,0,0,0
113000492,0,0,0
113000493,0,0,0
113000495,184,164,20
113000496,59,99,-40
113000497,0,0,0
113000499,0,0,0
113900001,2,69,-67
113900002,0,85,-85
113900003,0,78,-78
113900004,0,11,-11
113900005,2,11,-9
113900006,2,19,-17
113900007,36,0,36
113900008,17,0,17
113900009,171,0,171
113900010,96,2,94
113900011,18,0,18
113900012,3,0,3
113900013,365,3,362
113900014,381,0,381
113900015,2,30,-28
113900016,6,0,6
113900017,1,38,-37
113900018,335,42,293
113900019,23,29,-6
113900020,28,0,28
113900022,6,0,6
113900023,3,0,3
113900024,15,57,-42
113900025,223,3,220
113900026,17,0,17
113900027,5,70,-65
113900028,13,334,-321
113900029,13,257,-244
113900030,50,1,49
113900031,1,0,1
113900032,4,0,4
113900033,32,51,-19
113900035,24,0,24
113900036,17,78,-61
113900037,14,563,-549
113900038,92,36,56
113900039,28,2,26
113900040,2,1,1
113900041,0,1,-1
113900042,24,29,-5
113900043,126,86,40
113900044,71,33,38
113900045,18,3,15
113900046,227,566,-339
113900047,14,137,-123
113900048,319,24,295
113900049,745,106,639
113900050,84,258,-174
113900051,105,304,-199
113900052,140,81,59
113900053,259,74,185
113900054,8,1,7
113900055,54,448,-394
113900056,37,110,-73
113900057,24,68,-44
113900058,18,178,-160
113900059,55,257,-202
113900060,111,169,-58
113900061,638,50,588
113900062,32,3,29
113900063,36,144,-108
113900064,13,113,-100
113900065,321,5,316
113900066,123,364,-241
113900067,29,251,-222
113900068,271,252,19
113900069,30,5,25
113900070,156,427,-271
113900071,21,58,-37
113900072,30,120,-90
113900073,108,287,-179
113900074,11,371,-360
113900075,506,691,-185
113900076,93,6,87
113900077,21,216,-195
113900078,22,24,-2
113900079,2,34,-32
113900080,175,97,78
113900081,21,192,-171
113900082,103,156,-53
113900083,40,596,-556
113900084,170,77,93
113900085,21,317,-296
113900086,12,8,4
113900087,16,175,-159
113900088,17,45,-28
113900089,230,30,200
113900090,185,146,39
113900091,8,13,-5
113900092,65,34,31
113900093,49,378,-329
113900094,86,431,-345
113900095,52,38,14
113900096,67,27,40
113900097,5,99,-94
113900098,279,37,242
113900099,0,31,-31
113900100,0,1,-1
113900101,15,21,-6
113900102,79,56,23
113900103,118,145,-27
113900104,48,80,-32
113900105,11,304,-293
113900106,0,64,-64
113900107,0,25,-25
113900108,164,104,60
113900109,231,81,150
113900110,14,6,8
113900111,39,59,-20
113900112,30,33,-3
113900113,292,240,52
113900114,0,118,-118
113900115,0,124,-124
113900116,49,92,-43
113900117,53,11,42
113900118,149,105,44
113900119,223,154,69
113900120,47,18,29
113900121,20,44,-24
113900122,182,916,-734
113900123,266,155,111
113900124,3,56,-53
113900125,1120,117,1003
113900126,117,30,87
113900127,93,255,-162
113900128,62,31,31
113900129,5,61,-56
113900130,0,9,-9
113900131,55,66,-11
113900132,44,17,27
113900133,14,38,-24
113900135,119,402,-283
113900136,50,58,-8
113900137,163,120,43
113900138,26,114,-88
113900139,428,56,372
113900140,321,109,212
113900141,164,436,-272
113900142,46,60,-14
113900143,7,18,-11
113900144,252,97,155
113900145,120,150,-30
113900146,37,33,4
113900148,75,106,-31
113900149,47,27,20
113900150,926,249,677
113900151,113,179,-66
113900152,4,42,-38
113900153,289,199,90
113900154,2,79,-77
113900155,169,28,141
113900156,135,480,-345
113900157,27,182,-155
113900158,276,101,175
113900159,3,123,-120
113900160,267,658,-391
113900161,18,140,-122
113900162,432,229,203
113900163,178,125,53
113900164,103,25,78
113900165,461,423,38
113900166,201,85,116
113900167,140,10,130
113900168,89,89,0
113900169,91,345,-254
113900171,46,13,33
113900172,7,181,-174
113900173,28,513,-485
113900174,251,594,-343
113900175,137,52,85
113900176,86,544,-458
113900177,196,158,38
113900178,143,44,99
113900179,12,670,-658
113900180,115,77,38
113900181,255,42,213
113900182,260,795,-535
113900183,11,46,-35
113900184,11,514,-503
113900185,111,62,49
113900186,5,26,-21
113900187,14,124,-110
113900188,21,104,-83
113900189,125,57,68
113900190,259,49,210
113900191,53,109,-56
113900192,2366,1032,1334
113900193,11,265,-254
113900194,1564,831,733
113900195,267,348,-81
113900196,0,76,-76
113900197,2,286,-284
113900198,17,107,-90
113900199,102,519,-417
113900200,2,145,-143
113900201,2,243,-241
113900202,18,125,-107
113900203,2,220,-218
113900204,18,487,-469
113900205,7,57,-50
113900206,3,113,-110
113900207,0,54,-54
113900208,0,18,-18
113900209,0,52,-52
113900210,377,295,82
113900211,82,18,64
113900212,59,466,-407
113900214,358,221,137
113900215,14,86,-72
113900216,13,1198,-1185
113900217,8,308,-300
113900218,49,24,25
113900219,74,429,-355
113900220,24,37,-13
113900221,182,92,90
113900222,1554,327,1227
113900223,34,888,-854
113900224,92,42,50
113900225,546,144,402
113900226,189,101,88
113900227,245,72,173
113900228,319,170,149
113900229,28,387,-359
113900230,3579,918,2661
113900231,69,164,-95
113900232,25,66,-41
113900233,22,42,-20
113900234,85,287,-202
113900235,21,14,7
113900236,23,288,-265
113900237,39,0,39
113900238,120,191,-71
113900239,57,48,9
113900240,2,44,-42
113900241,56,23,33
113900242,34,106,-72
113900243,66,333,-267
113900244,464,93,371
113900245,1008,161,847
113900246,10,5,5
113900247,81,99,-18
113900248,3012,664,2348
113900249,909,126,783
113900250,20,83,-63
113900251,271,175,96
113900252,268,9,259
113900253,325,19,306
113900254,291,62,229
113900255,204,13,191
113900256,257,11,246
113900257,14,611,-597
113900258,8,445,-437
113900259,177,221,-44
113900260,34,4,30
113900261,22,108,-86
113900262,103,641,-538
113900263,28,396,-368
113900264,5,501,-496
113900265,133,227,-94
113900266,21,211,-190
113900267,91,362,-271
113900268,111,183,-72
113900269,34,100,-66
113900270,134,190,-56
113900271,276,1146,-870
113900273,9,3,6
113900274,14,6,8
113900275,9,31,-22
113900276,1,269,-268
113900277,31,0,31
113900278,181,91,90
113900279,87,67,20
113900280,711,259,452
113900281,220,550,-330
113900282,460,228,232
113900283,175,289,-114
113900284,378,83,295
113900285,52,9,43
113900286,2,100,-98
113900287,8,12,-4
113900288,0,43,-43
113900289,1280,55,1225
113900290,398,48,350
113900291,124,106,18
113900292,0,3,-3
113900293,0,133,-133
113900294,161,14,147
113900295,326,143,183
113900296,1047,110,937
113900297,322,14,308
113900298,12,1155,-1143
113900299,16,179,-163
113900300,2597,761,1836
113900301,702,186,516
113900302,2060,362,1698
113900303,428,110,318
113900304,0,141,-141
113900305,15,0,15
113900306,3,0,3
113900307,17,0,17
113900308,45,46,-1
113900309,2,625,-623
113900310,1,14,-13
113900311,8,1,7
113900312,56,58,-2
113900313,30,5,25
113900314,2,16,-14
113900315,12,0,12
114000001,655,2804,-2149
114000002,98,406,-308
114000003,140,1343,-1203
114000004,240,351,-111
114000005,140,227,-87
114000006,2751,1394,1357
114000007,476,1181,-705
114000008,1303,634,669
114000009,202,158,44
114000011,1548,2966,-1418
114000012,929,2572,-1643
114000013,756,1947,-1191
114000014,402,513,-111
114000015,490,403,87
114000016,166,331,-165
114000017,48,155,-107
114000018,290,36,254
114000026,523,1553,-1030
114000027,989,1841,-852
114000028,1053,1365,-312
114000038,49,127,-78
114000039,75,260,-185
114000040,56,145,-89
114000042,56,175,-119
114000043,86,248,-162
114000044,130,241,-111
114000045,40,73,-33
114000046,2313,3517,-1204
114000047,11,41,-30
114000048,79,204,-125
114000049,1211,807,404
114000050,1421,840,581
114000051,3793,1098,2695
114000052,2261,1004,1257
114000053,18,412,-394
114000054,48,1199,-1151
114000055,94,6,88
114000056,977,419,558
114000057,7531,1917,5614
114000058,315,339,-24
114000059,119,125,-6
114000060,505,681,-176
114000061,2969,769,2200
114000062,1804,418,1386
114000063,3435,1323,2112
114000064,7147,1863,5284
114000065,1548,1553,-5
114000066,229,535,-306
114000067,20,200,-180
114000068,370,300,70
114000069,564,256,308
114000070,2020,891,1129
114000071,386,469,-83
114000072,77,295,-218
114000073,5,101,-96
114000074,10,16,-6
114000075,16,164,-148
114000076,10,166,-156
114000077,5,52,-47
114000078,73,1094,-1021
114000079,31,17,14
114000080,33,89,-56
114000081,36,115,-79
114000082,34,541,-507
114000083,9,234,-225
114000084,56,39,17
114000085,88,770,-682
114000086,88,550,-462
114000087,29,209,-180
114000088,52,60,-8
114000089,1128,396,732
114000090,491,376,115
114000091,1417,306,1111
114000092,812,183,629
114000093,531,394,137
114000094,226,293,-67
114000095,96,55,41
114000096,88,535,-447
114000097,87,978,-891
114000098,268,33,235
114000099,144,861,-717
114000100,313,586,-273
114000101,176,1254,-1078
114000102,158,254,-96
114000103,86,543,-457
114000104,3,262,-259
114000105,13,56,-43
114000106,605,208,397
114000107,39,85,-46
114000108,2771,1026,1745
114000109,224,413,-189
114000110,421,1627,-1206
114000111,472,317,155
114000112,190,2569,-2379
114000113,414,344,70
114000114,900,1909,-1009
114000115,965,442,523
114000116,215,602,-387
114000117,756,259,497
114000118,787,217,570
114000119,624,181,443
114000120,437,942,-505
114000121,295,519,-224
114000122,278,230,48
114000123,490,196,294
114000124,224,242,-18
114000125,643,1651,-1008
114000126,493,147,346
114000127,72,150,-78
114000128,467,393,74
114000130,275,415,-140
114000131,97,23,74
114000132,430,693,-263
114000133,991,1169,-178
114000134,40,188,-148
114000138,21,153,-132
114000139,254,96,158
114000144,322,193,129
114000145,57,138,-81
114000146,63,301,-238
114000147,510,624,-114
114000148,2098,876,1222
114000149,278,138,140
114000150,2175,635,1540
114000151,1600,726,874
114000152,129,19,110
114000153,1661,1289,372
114000154,775,579,196
114000155,848,1085,-237
114000156,563,244,319
114000157,221,512,-291
114000158,2025,531,1494
114000159,194,326,-132
114000160,151,169,-18
114000161,1384,658,726
114000162,674,527,147
114000163,4,143,-139
114000165,196,89,107
114000166,600,157,443
114000167,4196,1018,3178
114000168,509,255,254
114000169,1581,396,1185
114000170,807,360,447
114000171,462,738,-276
114000174,161,402,-241
114000176,549,492,57
114000177,1784,611,1173
114000178,16,54,-38
114000179,896,498,398
114000180,444,634,-190
114000181,955,1516,-561
114000182,4493,1819,2674
114000183,895,871,24
114000184,6367,1579,4788
114000185,610,716,-106
114000189,226,23,203
114000190,842,77,765
114000191,21,20,1
114000192,272,1366,-1094
114000193,836,2480,-1644
114000194,786,1096,-310
114000195,18,5,13
114000196,3,251,-248
114000197,317,43,274
114000198,915,287,628
114000199,1477,744,733
114000200,512,2178,-1666
114000201,79,981,-902
114000202,526,845,-319
114000203,370,1111,-741
114000204,49,287,-238
114000205,175,1534,-1359
114000206,226,1066,-840
114000207,431,2092,-1661
114000208,294,3101,-2807
114000209,572,3077,-2505
114000210,310,1598,-1288
114000211,596,1201,-605
114000212,375,683,-308
114000213,702,554,148
114000214,59,209,-150
114000215,35,52,-17
114000216,497,192,305
114000217,70,253,-183
114000218,67,347,-280
114000219,492,276,216
114000220,5,1553,-1548
114000221,222,77,145
114000222,133,1163,-1030
114000223,202,35,167
114000224,93,609,-516
114000225,127,574,-447
114000226,25,183,-158
114000227,606,465,141
114000228,324,745,-421
114000229,383,1228,-845
114000230,995,1269,-274
114000231,485,1054,-569
114000232,214,80,134
114000233,961,81,880
114000234,657,823,-166
114000235,516,1545,-1029
114000236,0,494,-494
114000237,48,1109,-1061
114000238,16,131,-115
114000239,96,1444,-1348
114000240,388,614,-226
114000241,207,1100,-893
114000242,777,814,-37
114000243,659,673,-14
114000244,328,255,73
114000245,248,507,-259
114000246,107,32,75
114000247,361,639,-278
114000248,416,462,-46
114000249,304,416,-112
114000250,195,809,-614
114000251,106,302,-196
114000252,43,90,-47
114000253,29,233,-204
114000254,3,65,-62
114000255,373,96,277
114000256,1661,304,1357
114000257,718,1858,-1140
114000258,78,451,-373
114000259,22,225,-203
114000260,0,13,-13
114000261,14,17,-3
114000262,20,125,-105
114000263,3,0,3
114000264,216,494,-278
114000265,0,1,-1
114000267,2,1018,-1016
114000268,8,1889,-1881
114000270,53,0,53
114000271,203,87,116
114000283,347,373,-26
114000285,23,260,-237
114000288,26,394,-368
114000289,727,154,573
114000293,73,373,-300
114000294,120,289,-169
114000395,727,30,697
114000396,120,191,-71
114000402,188,230,-42
114000403,130,497,-367
114000405,79,578,-499
114000423,94,484,-390
114000424,100,225,-125
114000425,141,597,-456
114000426,126,364,-238
114000427,52,95,-43
114000428,273,59,214
114000429,6,153,-147
114000432,36,94,-58
114000434,18,83,-65
114000435,1,123,-122
114900001,209,1457,-1248
114900002,208,42,166
114900003,148,1856,-1708
114900004,99,130,-31
114900005,133,820,-687
114900006,9,15,-6
114900007,50,6,44
114900008,44,20,24
114900010,2605,1410,1195
114900011,27,75,-48
114900013,58,38,20
114900018,388,22,366
114900020,44,36,8
114900022,0,514,-514
114900025,156,184,-28
114900026,32,37,-5
114900029,32,17,15
114900030,100,172,-72
114900031,55,26,29
114900032,63,21,42
114900034,38,231,-193
114900035,163,172,-9
114900036,173,1057,-884
114900039,281,681,-400
114900040,41,241,-200
114900041,178,631,-453
114900042,318,871,-553
114900044,31,9,22
114900047,102,889,-787
114900048,29,276,-247
114900049,41,372,-331
114900050,24,699,-675
114900051,22,519,-497
114900052,71,119,-48
114900053,33,184,-151
114900054,25,100,-75
114900057,115,1,114
114900058,0,74,-74
114900059,58,10,48
114900063,31,240,-209
114900064,360,660,-300
114900065,129,560,-431
114900067,14,305,-291
114900068,52,323,-271
114900069,197,138,59
114900070,147,596,-449
114900072,8,222,-214
114900073,1,177,-176
114900074,106,930,-824
114900075,41,0,41
114900076,4,313,-309
114900080,2902,287,2615
114900082,3146,1039,2107
114900083,293,597,-304
114900090,100,80,20
114900091,133,209,-76
114900097,48,0,48
114900098,3,167,-164
114900099,27,2,25
115000001,8630,5812,2818
115000002,2203,2418,-215
115000003,3278,4188,-910
115000004,1528,3228,-1700
115000005,844,2857,-2013
115000006,375,1082,-707
115000007,67,138,-71
115000008,284,364,-80
115000009,106,298,-192
115000010,138,106,32
115000013,83,94,-11
115000015,112,117,-5
115000016,42,145,-103
115000019,14,287,-273
115000020,95,157,-62
115000021,176,358,-182
115000022,233,233,0
115000023,151,270,-119
115000024,792,435,357
115000025,450,271,179
115000026,71,311,-240
115000027,116,201,-85
115000028,78,473,-395
115000029,237,94,143
115000030,140,564,-424
115000031,414,107,307
115000032,5,277,-272
115000033,106,9,97
115000034,95,744,-649
115000035,447,20,427
115000036,1,400,-399
115000037,127,0,127
115000038,25,151,-126
115000039,2386,1440,946
115000040,5490,2598,2892
115000041,621,1441,-820
115000042,424,415,9
115000043,2183,1858,325
115000044,2372,3870,-1498
115000045,1424,2701,-1277
115000046,869,1945,-1076
115000047,936,1733,-797
115000048,1014,2826,-1812
115000049,1169,2454,-1285
115000050,1728,1500,228
115000051,1628,1056,572
115000052,3090,1644,1446
115000053,1127,870,257
115000054,661,1225,-564
115000055,54,317,-263
115000056,155,201,-46
115000057,289,697,-408
115000058,193,157,36
115000059,127,308,-181
115000061,111,71,40
115000062,134,312,-178
115000063,113,312,-199
115000064,128,193,-65
115000065,13,192,-179
115000067,195,35,160
115000069,19,195,-176
115000070,29,410,-381
115000071,59,8,51
115000072,8,46,-38
115000073,1201,14,1187
115000075,25,55,-30
115000076,2672,3071,-399
115000077,807,3657,-2850
115000078,380,1896,-1516
115000079,542,2228,-1686
115000080,963,2677,-1714
115000081,281,742,-461
115000082,1915,2163,-248
115000083,1203,3176,-1973
115000084,604,953,-349
115000085,262,1113,-851
115000086,341,837,-496
115000087,389,1321,-932
115000088,1012,490,522
115000089,1382,1245,137
115000090,720,448,272
115000091,249,1259,-1010
115000092,235,312,-77
115000093,243,0,243
115000094,7311,3693,3618
115000095,5803,3280,2523
115000096,375,2023,-1648
115000097,346,774,-428
115000098,331,819,-488
115000099,956,3110,-2154
115000100,361,447,-86
115000101,264,1462,-1198
115000102,204,131,73
115000103,265,838,-573
115000105,42,189,-147
115000106,226,164,62
115000107,84,649,-565
115000108,3465,2647,818
115000109,4858,1789,3069
115000110,820,451,369
115000111,536,1239,-703
115000112,285,268,17
115000113,409,661,-252
115000114,1286,625,661
115000116,2129,879,1250
115000117,2783,1107,1676
115000118,1214,1099,115
115000119,1316,1141,175
115000120,435,450,-15
115000121,1506,482,1024
115000122,3293,530,2763
115000123,1331,741,590
115000124,639,520,119
115000125,249,454,-205
115000126,74,179,-105
115000127,228,93,135
115000128,822,515,307
115000129,200,157,43
115000130,203,909,-706
115000131,215,213,2
115000132,75,402,-327
115000133,134,338,-204
115000134,64,153,-89
115000135,63,235,-172
115000136,67,170,-103
115000137,48,141,-93
115000138,83,240,-157
115000139,136,244,-108
115000140,78,155,-77
115000141,53,329,-276
115000142,48,321,-273
115000143,209,396,-187
115000144,249,75,174
115000145,155,526,-371
115000146,129,150,-21
115000147,213,491,-278
115000148,238,1290,-1052
115000149,194,183,11
115000150,511,1254,-743
115000151,395,272,123
115000152,386,1786,-1400
115000153,450,271,179
115000154,312,233,79
115000155,266,1218,-952
115000156,656,341,315
115000157,645,808,-163
115000158,453,288,165
115000159,553,229,324
115000160,447,163,284
115000161,154,402,-248
115000162,513,423,90
115000163,458,523,-65
115000164,446,388,58
115000165,273,249,24
115000167,86,53,33
115000168,462,166,296
115000169,460,223,237
115000170,112,118,-6
115000171,200,126,74
115000172,1506,381,1125
115000173,223,137,86
115000174,46,180,-134
115000175,103,126,-23
115000176,36,38,-2
115000177,33,34,-1
115000178,20,232,-212
115000179,20,18,2
115000180,39,532,-493
115000181,232,82,150
115000182,247,255,-8
115000183,79,832,-753
115000186,320,196,124
115000187,63,568,-505
115000188,316,342,-26
115000189,169,350,-181
115000190,352,284,68
115000191,117,249,-132
115000194,76,60,16
115000195,200,122,78
115000196,34,94,-60
115000197,73,334,-261
115000198,71,183,-112
115000199,77,282,-205
115000200,91,115,-24
115000201,55,309,-254
115000206,70,24,46
115000207,17,302,-285
115000208,400,590,-190
115000209,258,77,181
115000210,52,81,-29
115000211,100,120,-20
115000212,1238,215,1023
115000224,87,28,59
115000225,25,36,-11
115000229,165,132,33
115000230,50,291,-241
115000231,245,2512,-2267
115000232,640,356,284
115000233,36,148,-112
115000234,5,216,-211
115000241,36,264,-228
115000242,31,302,-271
115000243,18,243,-225
115000244,2,64,-62
115000246,19,14,5
115000247,17,5,12
115000248,9,4,5
115000249,21,3,18
115000250,104,28,76
115000251,57,108,-51
115000252,25,142,-117
115000253,17,141,-124
115000258,96,176,-80
115000259,202,101,101
115000261,6,28,-22
115000262,4,31,-27
115000263,7,49,-42
115000264,13,31,-18
115000267,26,53,-27
115000268,48,59,-11
115000269,81,60,21
115000270,2,13,-11
115000272,21,104,-83
115000273,102,37,65
115000280,3606,46,3560
115000281,766,110,656
115000282,510,207,303
115000284,298,54,244
115000296,347,5,342
115000297,44,29,15
115000298,27,77,-50
115000300,17,194,-177
115000302,111,152,-41
115000303,229,132,97
115000304,261,97,164
115000305,48,1002,-954
115000306,48,618,-570
115000307,13,310,-297
115000308,33,9,24
115000310,438,1356,-918
115000311,288,1246,-958
115000313,104,622,-518
115000314,147,61,86
115000315,1159,227,932
115000316,18,56,-38
115000317,70,503,-433
115000318,343,120,223
115000319,49,250,-201
115000320,8,95,-87
115000321,303,6,297
115000322,21,259,-238
115000449,185,83,102
115000557,25,416,-391
115000558,218,63,155
115000587,191,256,-65
115000588,1706,3717,-2011
115000589,1891,2157,-266
115000590,485,1433,-948
115000591,1233,651,582
115000592,676,1249,-573
115000593,917,418,499
115000594,691,1081,-390
115000609,120,148,-28
115000617,1479,1033,446
115000624,92,91,1
115000633,222,1397,-1175
115000634,1749,527,1222
115000635,196,97,99
115000638,1046,569,477
115000641,83,105,-22
115000642,262,202,60
115000643,102,404,-302
115000644,123,316,-193
115000646,441,701,-260
115000647,72,319,-247
115000648,634,1404,-770
115000893,3734,863,2871
115000894,46,931,-885
115000895,401,707,-306
115000896,1089,277,812
115000897,399,56,343
115000898,405,128,277
115000899,839,757,82
115000900,52,310,-258
115000901,89,71,18
115000912,117,33,84
115000913,3,33,-30
115000915,27,0,27
115000916,0,0,0
115000917,0,4,-4
115000918,64,125,-61
115000919,23,3,20
115000920,6,25,-19
115000921,1097,33,1064
115000922,1281,386,895
115000923,454,677,-223
115000925,42,69,-27
115000927,11,23,-12
115000933,361,80,281
115000934,44,160,-116
115000935,18,91,-73
115000936,47,214,-167
115000937,1508,126,1382
115000938,301,115,186
115000939,397,128,269
115000940,9,7,2
115000941,0,4,-4
115000942,61,47,14
115000943,60,15,45
115000944,5,4,1
115900001,13,57,-44
115900002,80,125,-45
115900003,53,118,-65
115900004,0,54,-54
115900005,25,1,24
115900006,22,345,-323
115900008,14,6,8
115900009,22,229,-207
115900010,66,170,-104
115900011,153,279,-126
115900012,26,88,-62
115900013,239,109,130
115900014,57,143,-86
115900015,12,118,-106
115900016,33,14,19
115900017,1,0,1
115900018,149,65,84
115900019,178,14,164
115900020,11,0,11
115900021,1708,76,1632
115900022,1954,12,1942
115900023,3,0,3
115900025,34,88,-54
115900026,665,384,281
115900027,1,322,-321
115900028,435,27,408
115900029,1,514,-513
115900030,16,4,12
115900031,324,58,266
115900032,187,606,-419
115900033,1,35,-34
115900034,11,547,-536
115900035,27,75,-48
115900036,178,189,-11
115900037,9,577,-568
115900038,5,2,3
115900039,66,324,-258
115900041,201,225,-24
115900042,2,3,-1
115900043,15,131,-116
115900044,157,139,18
115900046,89,269,-180
115900047,25,20,5
115900049,82,179,-97
115900051,0,90,-90
115900052,6,344,-338
115900053,52,272,-220
115900054,65,45,20
115900055,16,133,-117
115900056,59,316,-257
115900057,25,0,25
115900058,22,61,-39
115900060,15,64,-49
115900061,37,0,37
115900062,15,434,-419
115900063,46,10,36
115900064,86,206,-120
115900065,19,129,-110
115900066,151,194,-43
115900067,1,761,-760
115900068,3968,94,3874
115900069,35,133,-98
115900070,72,241,-169
115900071,0,552,-552
115900072,71,201,-130
115900073,16,5,11
115900074,8,422,-414
115900075,9,277,-268
115900076,0,103,-103
115900077,7,379,-372
115900078,13,115,-102
115900079,44,8,36
115900080,256,139,117
115900081,6,92,-86
115900082,130,103,27
115900084,89,22,67
115900085,39,28,11
115900086,1214,298,916
115900088,14,27,-13
115900089,61,793,-732
115900090,89,11,78
115900091,3,8,-5
115900092,19,256,-237
115900093,1,45,-44
115900094,1,434,-433
115900096,0,14,-14
115900097,4,569,-565
115900098,47,381,-334
115900099,4,94,-90
115900100,1,561,-560
115900101,46,382,-336
115900102,6,74,-68
115900103,106,206,-100
115900104,19,132,-113
115900105,32,550,-518
115900106,12,12,0
115900107,11,149,-138
115900108,12,42,-30
115900109,26,365,-339
115900110,0,12,-12
115900111,0,50,-50
115900112,15,628,-613
115900113,10,16,-6
115900114,0,111,-111
115900115,9,73,-64
115900116,62,706,-644
115900117,24,11,13
115900118,4,419,-415
115900119,39,37,2
115900120,27,290,-263
115900121,76,171,-95
115900124,107,248,-141
115900125,128,18,110
115900126,229,31,198
115900127,249,16,233
115900128,6,109,-103
115900129,267,15,252
115900130,21,166,-145
115900131,62,12,50
115900132,125,10,115
115900134,87,4,83
115900135,477,292,185
115900137,4,1,3
115900139,49,31,18
115900140,95,6,89
115900141,5,22,-17
115900142,6,11,-5
115900143,95,191,-96
115900144,19,154,-135
115900146,3,158,-155
115900147,119,150,-31
115900148,20,13,7
115900149,17,25,-8
115900150,11,93,-82
115900151,4,28,-24
115900152,39,312,-273
115900153,24,148,-124
115900154,313,209,104
115900155,0,66,-66
115900156,266,478,-212
115900157,48,283,-235
115900158,27,2,25
115900159,9,222,-213
115900160,3,3,0
115900161,8,103,-95
115900163,53,72,-19
115900164,103,12,91
115900166,97,171,-74
115900168,16,93,-77
115900171,29,192,-163
115900172,10,111,-101
115900173,74,145,-71
115900174,157,185,-28
115900175,49,171,-122
115900178,2,701,-699
115900179,54,16,38
115900180,16,318,-302
115900181,31,286,-255
115900182,127,289,-162
115900183,61,22,39
115900184,1378,10,1368
115900187,3,85,-82
115900189,1,48,-47
115900190,136,231,-95
115900191,32,391,-359
115900192,2,44,-42
115900193,48,39,9
115900194,151,36,115
115900195,294,571,-277
115900198,130,152,-22
115900199,140,184,-44
115900200,208,213,-5
115900201,229,101,128
115900202,0,2,-2
115900203,1,1,0
115900204,0,0,0
115900205,36,10,26
115900206,33,112,-79
115900207,7,19,-12
115900208,55,365,-310
115900209,1,109,-108
115900210,1,130,-129
115900211,0,164,-164
115900212,61,160,-99
115900213,22,33,-11
115900214,86,152,-66
115900215,7,19,-12
115900216,4,81,-77
115900217,2,55,-53
115900218,3,49,-46
115900219,23,1,22
115900220,52,7,45
115900221,14,4,10
115900222,4,4,0
115900223,0,46,-46
115900224,1374,213,1161
115900225,99,12,87
115900226,12,20,-8
115900227,4,29,-25
115900228,3,34,-31
115900229,3,24,-21
115900230,31,43,-12
115900231,48,0,48
115900232,17,0,17
115900233,53,4,49
115900234,22,12,10
115900235,4,13,-9
115900236,6,12,-6
115900237,4,24,-20
115900238,4,10,-6
115900239,8,23,-15
115900240,4,57,-53
115900241,61,54,7
115900242,175,135,40
115900243,7,8,-1
115900244,0,10,-10
115900245,19,2,17
115900246,2,1,1
115900247,4,3,1
115900248,3,2,1
115900249,0,1,-1
115900250,0,7,-7
115900251,0,5,-5
115900252,0,1,-1
115900253,2,3,-1
115900254,11,10,1
115900255,2,11,-9
115900256,25,14,11
115900257,1,4,-3
115900258,0,1,-1
115900259,2,1,1
115900260,12,0,12
115900261,4,1,3
115900262,1,0,1
115900263,4,1,3
115900264,13,1,12
115900265,4,4,0
115900266,3,2,1
115900267,1,2,-1
115900268,0,16,-16
115900269,141,293,-152
115900270,70,798,-728
115900271,18,0,18
115900272,2,0,2
115900273,2,6,-4
115900274,3,8,-5
115900275,0,22,-22
115900276,1,45,-44
115900277,0,144,-144
115900278,10,60,-50
115900279,9,78,-69
115900280,9,123,-114
115900281,533,96,437
115900282,14,4,10
115900283,1,3,-2
115900284,7,17,-10
116000001,17719,4426,13293
116000002,2992,3522,-530
116000003,1350,1694,-344
116000004,1011,1192,-181
116000005,1947,2936,-989
116000006,1238,885,353
116000007,3102,3724,-622
116000008,3782,1152,2630
116000009,1555,2644,-1089
116000010,1022,704,318
116000011,562,1996,-1434
116000012,493,547,-54
116000013,9898,2409,7489
116000014,19977,4880,15097
116000015,384,498,-114
116000016,5486,989,4497
116000017,25,301,-276
116000018,604,269,335
116000019,371,239,132
116000020,359,959,-600
116000021,112,197,-85
116000022,207,529,-322
116000023,349,353,-4
116000024,507,1305,-798
116000025,441,400,41
116000026,1158,1940,-782
116000027,205,393,-188
116000028,190,480,-290
116000029,750,471,279
116000030,216,198,18
116000031,81,136,-55
116000032,201,268,-67
116000033,153,404,-251
116000034,248,811,-563
116000035,232,455,-223
116000036,1861,342,1519
116000037,494,346,148
116000038,466,238,228
116000039,592,198,394
116000040,658,134,524
116000041,279,434,-155
116000042,260,164,96
116000043,51,404,-353
116000044,11,110,-99
116000045,939,774,165
116000046,917,713,204
116000047,1679,1403,276
116000048,1612,1163,449
116000049,550,1540,-990
116000050,860,1195,-335
116000051,1606,1503,103
116000052,1961,2898,-937
116000053,865,938,-73
116000054,381,2191,-1810
116000055,270,1460,-1190
116000056,379,884,-505
116000057,2537,1885,652
116000058,2556,1414,1142
116000059,2375,2869,-494
116000060,2720,667,2053
116000061,386,663,-277
116000062,532,208,324
116000063,375,899,-524
116000066,119,209,-90
116000067,261,585,-324
116000068,121,132,-11
116000069,187,380,-193
116000078,167,918,-751
116000080,587,939,-352
116000082,2,82,-80
116000083,696,291,405
116000084,1600,3952,-2352
116000085,1291,769,522
116000086,2016,1553,463
116000087,793,741,52
116000088,610,1020,-410
116000089,100,84,16
116000090,89,114,-25
116000091,149,98,51
116000093,823,380,443
116000094,221,636,-415
116000095,381,513,-132
116000096,415,940,-525
116000097,256,618,-362
116000098,197,3310,-3113
116000099,7935,283,7652
116000100,48,24,24
116000101,215,1345,-1130
116000102,163,1223,-1060
116000103,254,165,89
116000104,85,1443,-1358
116000105,392,176,216
116000106,311,1215,-904
116000107,1429,408,1021
116000108,31,110,-79
116000111,18,8,10
116000113,82,37,45
116000114,22,136,-114
116000115,65,50,15
116000116,131,524,-393
116000117,644,1351,-707
116000118,599,1178,-579
116000119,1166,1363,-197
116000120,1657,4356,-2699
116000121,360,264,96
116000122,1176,2420,-1244
116000123,226,270,-44
116000124,156,1134,-978
116000125,809,403,406
116000126,147,1344,-1197
116000127,744,1434,-690
116000128,684,511,173
116000129,317,190,127
116000130,168,179,-11
116000133,343,832,-489
116000134,841,2724,-1883
116000135,737,1039,-302
116000136,809,2393,-1584
116000137,420,445,-25
116000138,999,243,756
116000139,1100,1692,-592
116000140,67,176,-109
116000141,252,956,-704
116000142,3651,3885,-234
116000143,1669,1163,506
116000144,811,2911,-2100
116000145,969,1287,-318
116000146,223,372,-149
116000147,144,109,35
116000148,194,323,-129
116000149,252,469,-217
116000151,373,922,-549
116000153,21,371,-350
116000155,101,152,-51
116000156,986,889,97
116000157,13,15,-2
116000158,229,388,-159
116000159,12,7,5
116000160,6,79,-73
116000161,12,55,-43
116000162,60,51,9
116000163,11,10,1
116000164,2,14,-12
116000177,30,79,-49
116000194,34,226,-192
116000195,1053,582,471
116000196,3,5,-2
116000197,1,11,-10
116000198,2056,736,1320
116000200,524,191,333
116000201,414,586,-172
116000202,1,310,-309
116000203,0,62,-62
116000204,12,42,-30
116000205,0,124,-124
116000206,0,72,-72
116000207,3,21,-18
116000233,83,735,-652
116000287,67,503,-436
116000288,50,246,-196
116000292,13,137,-124
116000296,7,195,-188
116000297,99,23,76
116000304,35,41,-6
116000305,34,67,-33
116000346,53,152,-99
116000352,67,35,32
116000354,39,6,33
116000357,49,4,45
116000358,74,6,68
116000361,764,1,763
116000372,9567,1698,7869
116000381,33,1,32
116000388,0,33,-33
116000389,449,407,42
116000445,80,841,-761
116000446,133,970,-837
116000447,5,368,-363
116000448,388,200,188
116000563,902,384,518
116000565,54,335,-281
116000568,22,56,-34
116000579,13,91,-78
116000583,24,51,-27
116000584,3,8,-5
116000585,6,17,-11
116000586,209,51,158
116000587,229,445,-216
116000589,13,86,-73
116000590,35,52,-17
116000591,43,276,-233
116000592,5,126,-121
116000593,0,50,-50
116000594,116,516,-400
116000595,241,169,72
116000596,28,4,24
116000597,75,13,62
116000598,5,217,-212
116000605,129,76,53
116000606,23,89,-66
116000607,4,37,-33
116000609,123,417,-294
116000611,52,557,-505
116000612,424,1528,-1104
116000613,182,290,-108
116000614,312,764,-452
116000615,0,76,-76
116000616,8,90,-82
116000617,46,131,-85
116000618,1,156,-155
116000619,10,30,-20
116000620,51,303,-252
116000621,6,37,-31
116000622,15,111,-96
116000624,76,49,27
116000627,11,95,-84
116000628,31,577,-546
116000629,13,324,-311
116000630,82,31,51
116000631,24,37,-13
116000632,153,66,87
116000633,36,334,-298
116000634,127,273,-146
116000635,2972,1195,1777
116000636,1683,831,852
116000637,132,120,12
116000638,58,464,-406
116000639,26,1,25
116000640,11,4,7
116000641,40,199,-159
116000643,2,132,-130
116000644,5,1058,-1053
116000645,3,20,-17
116900001,132,155,-23
116900002,231,5,226
116900003,11,73,-62
116900004,23,19,4
116900005,75,32,43
116900006,108,142,-34
116900007,90,212,-122
116900008,79,439,-360
116900009,6,0,6
116900010,235,1913,-1678
116900011,4,28,-24
116900012,90,191,-101
116900013,5,140,-135
116900014,22,374,-352
116900015,68,68,0
116900016,58,0,58
116900017,4,765,-761
116900018,27,18,9
116900019,1,306,-305
116900020,1161,204,957
116900023,23,3,20
116900024,149,43,106
116900025,244,1091,-847
116900026,89,539,-450
116900027,11,33,-22
116900028,5,97,-92
116900029,0,8,-8
116900031,0,4,-4
116900032,2,312,-310
116900033,1,6,-5
116900034,9,63,-54
116900035,57,163,-106
116900036,1,80,-79
116900038,10,1,9
116900041,25,6,19
116900042,921,154,767
116900043,2,52,-50
116900047,74,18,56
116900049,38,241,-203
116900050,36,361,-325
116900051,29,234,-205
116900052,121,36,85
116900055,0,1,-1
116900057,5,301,-296
116900058,11,341,-330
116900059,0,148,-148
116900060,98,233,-135
116900062,0,1,-1
116900064,17,1002,-985
116900065,1,97,-96
116900067,53,106,-53
116900068,42,496,-454
116900070,0,0,0
116900072,8,390,-382
116900073,3,175,-172
116900074,1,31,-30
116900076,2,17,-15
116900077,7,262,-255
116900078,168,76,92
116900079,6,289,-283
116900080,3,18,-15
116900081,141,1122,-981
116900082,88,1033,-945
116900083,19,56,-37
116900084,133,41,92
116900085,10,122,-112
116900086,7,186,-179
116900088,341,36,305
116900090,111,54,57
116900091,59,115,-56
116900092,46,767,-721
116900093,1396,1291,105
116900094,6120,1391,4729
116900095,126,205,-79
116900096,62,59,3
116900097,3286,951,2335
116900098,862,133,729
116900099,424,287,137
116900100,301,4,297
116900101,210,575,-365
116900103,3,0,3
116900104,25,44,-19
116900105,213,36,177
116900106,238,2,236
116900107,3700,705,2995
116900110,4,0,4
116900111,90,1078,-988
116900112,47,686,-639
116900113,2343,642,1701
116900116,64,170,-106
116900117,16,90,-74
116900118,1007,332,675
116900120,53,84,-31
116900121,44,26,18
116900122,191,902,-711
116900123,68,885,-817
116900124,63,641,-578
116900125,73,183,-110
116900126,170,381,-211
116900128,0,22,-22
116900129,0,264,-264
116900130,833,1383,-550
116900131,29,139,-110
116900132,7,52,-45
116900133,55,90,-35
116900134,75,197,-122
116900136,89,155,-66
116900137,130,116,14
116900138,122,198,-76
116900139,42,390,-348
116900140,82,122,-40
116900141,247,247,0
116900142,1,12,-11
116900143,87,426,-339
116900144,1,30,-29
116900145,30,314,-284
116900147,472,203,269
116900148,0,33,-33
116900149,13,73,-60
116900150,4,4,0
116900151,53,13,40
116900153,33,42,-9
116900154,348,95,253
116900155,37,33,4
116900157,88,228,-140
116900158,48,32,16
116900159,38,126,-88
116900160,301,188,113
116900161,9646,2451,7195
116900162,8,140,-132
116900163,30,105,-75
116900164,15,20,-5
116900165,65,72,-7
116900166,9,74,-65
116900167,97,27,70
116900168,96,58,38
116900169,467,123,344
116900170,62,134,-72
116900171,22,187,-165
116900172,154,87,67
116900173,36,28,8
116900174,8,35,-27
116900175,94,75,19
116900178,9,162,-153
116900179,49,72,-23
116900180,31,17,14
116900182,176,197,-21
116900183,87,56,31
116900185,8,5,3
116900186,28,302,-274
116900187,9,5,4
116900188,41,9,32
116900189,15,0,15
116900191,125,264,-139
116900192,111,139,-28
116900194,31,354,-323
116900195,8,4,4
116900196,6,116,-110
116900197,28,3,25
116900198,166,81,85
116900200,20,37,-17
116900201,34,2,32
116900202,76,73,3
116900203,42,1,41
116900204,16,33,-17
116900206,6,52,-46
116900207,3,8,-5
116900208,7,84,-77
116900209,7,127,-120
116900210,185,178,7
116900211,114,9,105
116900212,5,55,-50
116900213,139,165,-26
116900214,55,139,-84
116900215,15,88,-73
116900216,126,323,-197
116900218,5,278,-273
116900219,473,315,158
116900220,24,146,-122
116900221,26,241,-215
116900222,246,233,13
116900223,61,102,-41
116900226,11,78,-67
116900227,35,62,-27
116900228,88,293,-205
116900230,33,314,-281
116900231,17,558,-541
116900232,0,589,-589
116900233,76,63,13
116900234,8,0,8
116900235,191,385,-194
116900238,1280,253,1027
116900239,33,506,-473
116900240,5421,1506,3915
116900241,20,113,-93
116900242,1239,142,1097
116900243,0,42,-42
116900245,3,7,-4
116900246,25,10,15
116900247,170,7,163
116900248,26,7,19
116900249,73,63,10
116900250,59,46,13
116900251,359,112,247
116900252,28,854,-826
116900254,0,69,-69
116900255,66,21,45
116900256,97,72,25
116900257,6,556,-550
116900258,3,349,-346
116900259,25,6,19
116900260,0,148,-148
116900261,14,1,13
116900262,41,156,-115
116900263,0,7,-7
116900264,25,8,17
116900265,9,0,9
116900266,4,48,-44
116900267,0,1,-1
116900268,13,8,5
116900269,165,405,-240
116900271,1727,25,1702
116900272,509,540,-31
116900273,260,22,238
116900274,21,55,-34
116900275,53,126,-73
116900276,255,20,235
116900277,473,14,459
116900278,0,7,-7
116900279,0,18,-18
116900280,7,12,-5
116900281,6925,1314,5611
116900282,3,119,-116
116900283,6,149,-143
116900284,23,137,-114
116900285,292,100,192
116900286,181,7,174
116900287,2,90,-88
116900288,37,182,-145
116900289,2,34,-32
116900290,1,32,-31
116900291,5,10,-5
116900292,0,3,-3
116900293,6,77,-71
116900294,18,106,-88
116900295,82,20,62
116900296,52,58,-6
116900297,3,30,-27
116900298,93,34,59
116900299,40,31,9
116900300,1,111,-110
116900301,41,64,-23
116900302,31,22,9
116900303,315,36,279
116900304,0,87,-87
116900305,23,35,-12
116900306,45,151,-106
116900307,29,0,29
116900308,1,177,-176
116900309,17,70,-53
116900310,8,39,-31
117000001,555,863,-308
117000002,1932,3484,-1552
117000003,4327,2138,2189
117000004,3280,4442,-1162
117000005,1291,1135,156
117000006,827,4506,-3679
117000007,1820,1181,639
117000008,860,3986,-3126
117000009,3179,1162,2017
117000010,2223,3785,-1562
117000011,905,1733,-828
117000012,934,1906,-972
117000013,801,1233,-432
117000014,595,2275,-1680
117000015,2551,906,1645
117000016,474,53,421
117000017,566,158,408
117000018,182,280,-98
117000019,61,13,48
117000020,807,643,164
117000021,3296,541,2755
117000022,446,55,391
117000023,560,157,403
117000024,313,57,256
117000025,627,282,345
117000026,2682,561,2121
117000027,3617,1037,2580
117000028,4058,467,3591
117000030,928,629,299
117000031,359,220,139
117000032,1861,1318,543
117000033,769,708,61
117000034,310,281,29
117000035,248,192,56
117000036,367,246,121
117000037,194,196,-2
117000038,252,385,-133
117000039,278,266,12
117000040,67,1364,-1297
117000041,357,92,265
117000044,18,1199,-1181
117000045,242,61,181
117000046,380,783,-403
117000047,475,466,9
117000048,1515,1058,457
117000049,87,347,-260
117000050,43,1699,-1656
117000051,557,59,498
117000052,19,767,-748
117000053,383,106,277
117000054,838,2,836
117000055,148,3087,-2939
117000056,219,6,213
117000057,615,1733,-1118
117000060,267,1974,-1707
117000061,678,583,95
117000062,136,479,-343
117000063,752,498,254
117000064,830,736,94
117000066,812,541,271
117000067,156,221,-65
117000074,163,111,52
117000076,100,45,55
117000077,126,77,49
117000078,68,384,-316
117000079,139,161,-22
117000080,6,378,-372
117000081,613,94,519
117000082,30,167,-137
117000083,173,160,13
117000084,323,6,317
117000085,112,378,-266
117000086,1056,746,310
117000087,67,396,-329
117000088,203,182,21
117000089,745,312,433
117000090,127,1396,-1269
117000091,340,334,6
117000092,216,1757,-1541
117000093,499,525,-26
117000094,449,2295,-1846
117000095,1200,651,549
117000096,386,2573,-2187
117000097,564,1080,-516
117000098,2126,5321,-3195
117000099,1134,643,491
117000100,79,120,-41
117000101,161,1291,-1130
117000102,611,415,196
117000103,625,1974,-1349
117000104,563,396,167
117000105,596,1994,-1398
117000106,583,640,-57
117000107,263,2000,-1737
117000108,668,632,36
117000109,1906,3527,-1621
117000110,787,451,336
117000111,2714,4295,-1581
117000112,1565,1443,122
117000113,41,398,-357
117000114,68,120,-52
117000115,28,191,-163
117000116,40,208,-168
117000117,1029,256,773
117000118,203,206,-3
117000119,118,24,94
117000120,443,54,389
117000121,222,320,-98
117000122,522,666,-144
117000123,1656,16,1640
117000124,722,21,701
117000125,438,29,409
117000126,42,53,-11
117000127,126,234,-108
117000128,401,476,-75
117000129,752,408,344
117000130,72,3,69
117000131,0,261,-261
117000132,734,58,676
117000133,321,62,259
117000134,1,65,-64
117000135,4,27,-23
117000136,0,53,-53
117000137,42,42,0
117000138,4,502,-498
117000140,444,2080,-1636
117000141,720,483,237
117000181,957,269,688
117000182,183,124,59
117000195,161,1419,-1258
117000196,81,24,57
117000225,116,3,113
117000226,6,72,-66
117000276,78,4,74
117000277,0,586,-586
117000310,1819,2176,-357
117000315,36,527,-491
117000320,85,1,84
117000906,76,5,71
117000907,5,543,-538
117000909,108,27,81
117000910,132,111,21
117000911,97,311,-214
117000915,4,632,-628
117000916,31,1,30
117000917,304,14,290
117000918,36,24,12
117000919,15,156,-141
117000920,1,1519,-1518
117000921,6,2356,-2350
117000922,32,164,-132
117000924,372,544,-172
117000926,1357,65,1292
117000927,2136,225,1911
117000928,1,361,-360
117000929,84,632,-548
117000930,145,215,-70
117000931,869,33,836
117900002,73,280,-207
117900003,651,225,426
117900005,4,3,1
117900006,0,38,-38
117900007,60,126,-66
117900008,0,24,-24
117900010,219,148,71
117900011,10,11,-1
117900012,34,159,-125
117900013,3,335,-332
117900014,767,317,450
117900015,5,248,-243
117900016,1185,280,905
117900017,553,712,-159
117900018,199,33,166
117900019,239,652,-413
117900020,52,172,-120
117900021,10,107,-97
117900023,650,110,540
117900024,74,124,-50
117900025,8,9,-1
117900026,160,523,-363
117900028,27,0,27
117900029,107,1378,-1271
117900031,125,60,65
117900032,433,244,189
117900033,89,1158,-1069
117900034,51,55,-4
117900035,91,38,53
117900036,101,903,-802
117900037,41,124,-83
117900038,12,435,-423
117900039,1,79,-78
117900040,69,539,-470
117900041,7,64,-57
117900042,4593,391,4202
117900043,26,42,-16
117900044,185,2659,-2474
117900045,87,67,20
117900048,93,333,-240
117900049,51,1032,-981
117900050,17,30,-13
117900051,25,2,23
117900052,27,170,-143
117900053,471,587,-116
117900054,0,6,-6
117900055,103,127,-24
117900056,421,29,392
117900057,669,1343,-674
117900058,70,9,61
117900059,193,42,151
117900060,290,5129,-4839
117900061,9,128,-119
117900063,82,221,-139
117900065,593,1036,-443
117900066,3,38,-35
117900067,240,311,-71
117900069,361,514,-153
117900070,147,6,141
117900071,60,107,-47
117900073,155,408,-253
117900074,109,2,107
117900075,36,55,-19
117900076,6,76,-70
117900077,116,82,34
117900078,139,269,-130
117900080,124,34,90
117900081,565,474,91
117900082,149,137,12
117900083,142,856,-714
117900086,117,28,89
117900087,23,39,-16
117900088,2234,1529,705
117900089,683,217,466
117900090,337,942,-605
117900091,96,112,-16
117900092,41,40,1
117900093,22,52,-30
117900094,14,0,14
117900095,227,1152,-925
117900096,29,171,-142
117900097,59,47,12
117900098,5,3,2
117900099,106,533,-427
117900100,51,0,51
117900101,249,688,-439
117900102,40,34,6
117900103,5,1,4
117900104,4,103,-99
117900105,116,202,-86
117900106,41,38,3
117900107,9,0,9
117900109,152,235,-83
117900110,24,0,24
117900111,107,1,106
117900112,18,13,5
117900113,3836,1131,2705
117900114,3,0,3
117900115,294,16,278
117900116,789,709,80
117900117,224,219,5
117900118,9,0,9
117900119,34,248,-214
117900120,32,133,-101
117900121,29,43,-14
117900122,762,986,-224
117900123,300,818,-518
117900124,452,497,-45
117900125,855,488,367
117900126,314,483,-169
117900127,188,663,-475
117900128,96,914,-818
117900129,12,0,12
117900130,535,213,322
117900131,0,97,-97
117900132,3,86,-83
117900133,0,143,-143
117900134,40,148,-108
117900135,16,237,-221
117900136,0,50,-50
117900137,30,308,-278
117900138,0,46,-46
117900139,16,98,-82
117900140,5750,28,5722
117900141,88,276,-188
117900142,90,3,87
117900144,40,73,-33
117900145,23,4,19
117900146,102,72,30
117900147,18,35,-17
117900148,2562,836,1726
117900149,10,121,-111
117900150,18,69,-51
117900151,40,147,-107
117900152,108,85,23
117900153,5,80,-75
117900154,215,810,-595
117900156,520,554,-34
117900157,39,357,-318
117900158,74,30,44
117900160,219,207,12
117900161,1824,2238,-414
117900162,105,370,-265
117900163,65,13,52
117900165,0,3,-3
117900166,82,159,-77
117900168,73,133,-60
117900169,1,150,-149
117900170,0,38,-38
117900171,6,7,-1
117900172,10,37,-27
117900173,102,39,63
117900174,22,20,2
117900175,2,20,-18
117900176,9,38,-29
117900177,6,38,-32
117900178,52,30,22
117900180,242,19,223
117900181,118,108,10
117900182,0,23,-23
117900183,19,108,-89
117900184,7,31,-24
117900185,15,13,2
117900186,9,15,-6
117900187,6,5,1
117900188,107,7,100
117900189,18,8,10
117900190,8,0,8
117900191,15,0,15
117900192,73,0,73
117900193,0,44,-44
117900194,3,6,-3
117900195,8,13,-5
117900196,3,14,-11
117900207,63,51,12
117900208,3,36,-33
117900209,155,127,28
117900210,144,114,30
117900211,18,143,-125
117900212,51,137,-86
117900213,2,4,-2
117900214,2,43,-41
117900215,21,67,-46
117900216,65,30,35
117900217,199,19,180
117900218,231,173,58
117900219,2,32,-30
117900220,107,37,70
117900222,165,229,-64
117900223,173,128,45
118000001,668,319,349
118000002,1411,1536,-125
118000003,1276,847,429
118000004,2788,1944,844
118000005,4941,1283,3658
118000006,7326,5893,1433
118000007,5520,1593,3927
118000008,4941,2165,2776
118000009,4673,2443,2230
118000010,1519,2940,-1421
118000011,575,2306,-1731
118000012,693,2541,-1848
118000013,2239,2622,-383
118000014,2010,3491,-1481
118000016,224,632,-408
118000017,115,248,-133
118000018,198,810,-612
118000019,1468,1101,367
118000020,774,894,-120
118000021,563,1229,-666
118000022,1467,460,1007
118000023,1004,262,742
118000024,1268,535,733
118000027,15981,3727,12254
118000029,1102,410,692
118000032,1393,1155,238
118000033,2317,1577,740
118000034,4279,1495,2784
118000035,1449,1116,333
118000036,968,968,0
118000037,569,864,-295
118000038,96,139,-43
118000039,68,358,-290
118000040,1276,2193,-917
118000041,1697,1419,278
118000045,688,45,643
118000046,1872,515,1357
118000047,1610,426,1184
118000048,3659,817,2842
118000051,2232,387,1845
118000052,1245,243,1002
118000053,280,268,12
118000054,1278,860,418
118000055,897,1051,-154
118000056,169,201,-32
118000057,174,215,-41
118000058,2869,880,1989
118000059,1706,579,1127
118000060,335,617,-282
118000061,401,873,-472
118000062,314,162,152
118000063,258,354,-96
118000064,726,836,-110
118000065,4899,1221,3678
118000066,626,650,-24
118000067,1710,927,783
118000068,2006,2368,-362
118000069,3464,1007,2457
118000070,7625,982,6643
118000071,3843,3389,454
118000072,1801,858,943
118000073,3203,377,2826
118000074,208,392,-184
118000075,673,241,432
118000076,1163,1117,46
118000077,1036,922,114
118000078,1398,1480,-82
118000079,199,230,-31
118000080,966,684,282
118000081,1198,1047,151
118000082,280,608,-328
118000083,2028,783,1245
118000084,2430,1142,1288
118000086,132,508,-376
118000087,5963,2125,3838
118000088,1738,1577,161
118000089,3535,1806,1729
118000090,2163,1845,318
118000091,671,1019,-348
118000092,1116,282,834
118000093,135,527,-392
118000096,262,392,-130
118000097,406,436,-30
118000098,179,174,5
118000099,160,873,-713
118000101,400,323,77
118000102,219,1650,-1431
118000107,3392,373,3019
118000108,465,764,-299
118000110,0,30,-30
118000111,4,829,-825
118000112,165,1,164
118000113,5,1190,-1185
118000114,117,4,113
118000115,21,6,15
118000116,25,1,24
118000117,1115,738,377
118000118,691,519,172
118000119,402,874,-472
118000120,1094,1218,-124
118000121,53,414,-361
118000122,755,122,633
118000123,30,235,-205
118000125,1502,1287,215
118000126,528,1322,-794
118000127,1533,449,1084
118000128,1165,1081,84
118000129,449,176,273
118000130,2483,3452,-969
118000131,452,998,-546
118000132,1764,1367,397
118000133,333,346,-13
118000135,244,256,-12
118000136,63,498,-435
118000137,549,80,469
118000138,136,630,-494
118000139,76,96,-20
118000140,1590,2199,-609
118000141,1201,1928,-727
118000142,789,1973,-1184
118000143,739,753,-14
118000144,1359,859,500
118000145,951,2309,-1358
118000146,763,1887,-1124
118000147,519,1798,-1279
118000148,315,1472,-1157
118000149,393,1119,-726
118000150,73,227,-154
118000151,110,542,-432
118000153,403,915,-512
118000154,600,1506,-906
118000155,437,1161,-724
118000156,1893,1858,35
118000157,201,259,-58
118000158,94,441,-347
118000159,12,59,-47
118000160,161,369,-208
118000161,200,745,-545
118000162,521,739,-218
118000163,362,532,-170
118000164,2108,1043,1065
118000168,1061,77,984
118000169,754,2033,-1279
118000170,3594,6580,-2986
118000171,151,616,-465
118000172,97,243,-146
118000173,616,1312,-696
118000175,180,247,-67
118000176,161,392,-231
118000177,115,551,-436
118000178,40,19,21
118000179,1412,481,931
118000180,535,712,-177
118000181,210,129,81
118000182,243,340,-97
118000183,417,339,78
118000184,273,1071,-798
118000185,800,537,263
118000186,409,643,-234
118000187,491,1000,-509
118000188,216,207,9
118000189,154,717,-563
118000190,9,6,3
118000191,16,22,-6
118000192,631,290,341
118000193,58,228,-170
118000194,1907,873,1034
118000195,1017,424,593
118000196,314,74,240
118000197,175,89,86
118000198,712,314,398
118000199,569,249,320
118000200,39,116,-77
118000201,464,211,253
118000202,40,20,20
118000203,1935,253,1682
118000204,158,147,11
118000205,381,242,139
118000206,103,167,-64
118000207,2,90,-88
118000208,776,1236,-460
118000209,966,2006,-1040
118000210,6,17,-11
118000211,20,25,-5
118000213,699,529,170
118000214,613,207,406
118000215,160,376,-216
118000216,721,2601,-1880
118000217,10,137,-127
118000218,26,114,-88
118000219,303,368,-65
118000220,0,17,-17
118000221,32,188,-156
118000222,53,24,29
118000223,13,15,-2
118000224,172,112,60
118000225,94,905,-811
118000226,478,59,419
118000227,984,282,702
118000228,98,78,20
118000229,113,21,92
118000230,52,264,-212
118000231,64,173,-109
118000232,369,871,-502
118000233,395,729,-334
118000234,88,233,-145
118000236,138,386,-248
118000237,25,482,-457
118000238,52,240,-188
118000239,125,265,-140
118000240,454,63,391
118000241,32,223,-191
118000242,166,575,-409
118000243,42,128,-86
118000244,52,194,-142
118000246,35,5,30
118000255,52,170,-118
118000256,81,191,-110
118000259,0,20,-20
118000260,25,78,-53
118000261,7,56,-49
118000263,72,179,-107
118000266,93,317,-224
118000267,0,88,-88
118000268,122,1,121
118000270,26,27,-1
118000271,101,235,-134
118000272,35,17,18
118000273,82,54,28
118000274,57,276,-219
118000276,96,267,-171
118000295,11,33,-22
118000298,135,445,-310
118000299,53,275,-222
118000301,0,56,-56
118000302,52,120,-68
118000311,67,98,-31
118000312,75,154,-79
118000313,13,114,-101
118000314,22,87,-65
118000315,3,52,-49
118000316,320,458,-138
118000325,8,74,-66
118000326,9,27,-18
118000331,1,50,-49
118000332,8,36,-28
118000333,14,52,-38
118000335,93,0,93
118000336,2,324,-322
118000407,23,64,-41
118000457,2,23,-21
118000465,3646,1849,1797
118000480,18,111,-93
118000489,35,85,-50
118000490,64,362,-298
118000492,109,146,-37
118000510,55,9,46
118000514,113,325,-212
118000515,416,319,97
118000517,322,121,201
118000524,692,108,584
118000525,701,873,-172
118000530,10,82,-72
118000531,76,211,-135
118000532,99,346,-247
118000533,259,130,129
118000534,495,479,16
118000535,84,97,-13
118000536,652,218,434
118000537,16,24,-8
118000538,18,94,-76
118000539,16,34,-18
118000540,143,166,-23
118000541,110,82,28
118000542,31,116,-85
118000543,110,172,-62
118000546,17,18,-1
118000553,0,0,0
118000557,0,0,0
118000560,2780,472,2308
118000562,4,406,-402
118000563,1632,1334,298
118000576,147,230,-83
118000577,201,156,45
118000578,113,141,-28
118000579,783,708,75
118000583,1,2,-1
118000595,85,56,29
118000596,0,71,-71
118000597,82,159,-77
118000598,0,1,-1
118000599,25,26,-1
118000600,0,2,-2
118000601,2,0,2
118000602,13,9,4
118000603,0,59,-59
118000605,36,698,-662
118000606,7,27,-20
118900001,865,414,451
118900002,1064,377,687
118900003,40,7,33
118900004,20,43,-23
118900005,19,1,18
118900006,33,1,32
118900007,5,8,-3
118900008,865,46,819
118900009,3,8,-5
118900010,15,0,15
118900011,62,9,53
118900012,236,181,55
118900013,452,19,433
118900015,45,8,37
118900016,1,42,-41
118900017,89,67,22
118900018,750,6,744
118900019,45,6,39
118900020,102,58,44
118900021,69,265,-196
118900022,81,125,-44
118900023,23,64,-41
118900024,17,109,-92
118900025,22,16,6
118900026,28,98,-70
118900027,278,145,133
118900028,38,177,-139
118900029,54,332,-278
118900030,49,70,-21
118900031,74,115,-41
118900032,45,187,-142
118900033,162,623,-461
118900034,58,4,54
118900035,58,267,-209
118900036,310,570,-260
118900037,92,236,-144
118900038,121,297,-176
118900039,138,232,-94
118900040,102,111,-9
118900041,116,166,-50
118900042,114,90,24
118900045,127,119,8
118900046,591,125,466
118900047,822,169,653
118900048,75,123,-48
118900049,35,21,14
118900050,2,63,-61
118900051,59,38,21
118900052,59,150,-91
118900053,15,62,-47
118900054,45,82,-37
118900055,6,100,-94
118900056,2,67,-65
118900057,108,192,-84
118900058,165,439,-274
118900059,15,58,-43
118900060,29,109,-80
118900062,36,141,-105
118900064,475,241,234
118900065,13,65,-52
118900066,27,99,-72
118900067,6589,1890,4699
118900068,4,81,-77
118900069,147,249,-102
118900071,1,34,-33
118900072,168,318,-150
118900073,41,122,-81
118900074,57,86,-29
118900075,22,45,-23
118900076,98,50,48
118900077,216,112,104
118900078,7,0,7
118900079,19,135,-116
118900080,5,66,-61
118900081,41,18,23
118900082,243,120,123
118900083,3,8,-5
118900084,6,16,-10
118900085,361,847,-486
118900086,5,35,-30
118900087,11,113,-102
118900088,2,13,-11
118900089,7,5,2
118900090,255,421,-166
118900091,109,67,42
118900092,20,37,-17
118900093,74,3,71
118900096,43,63,-20
118900097,104,752,-648
118900099,41,244,-203
118900100,61,179,-118
118900101,9,379,-370
118900102,6,22,-16
118900103,7,20,-13
118900104,32,83,-51
118900105,47,53,-6
118900107,68,54,14
118900108,11,28,-17
118900110,878,194,684
118900111,161,604,-443
118900112,12,96,-84
118900113,54,424,-370
118900114,7,62,-55
118900115,31,214,-183
118900116,26,135,-109
118900117,36,133,-97
118900118,89,432,-343
118900119,59,326,-267
118900120,54,326,-272
118900121,0,254,-254
118900122,10,332,-322
118900123,53,204,-151
118900124,26,122,-96
118900126,11,196,-185
118900129,101,109,-8
118900130,25,23,2
118900131,27,274,-247
118900132,191,103,88
118900133,10,56,-46
118900135,95,188,-93
118900136,144,780,-636
118900137,1,10,-9
118900139,69,378,-309
118900140,282,869,-587
118900141,19,271,-252
118900144,102,680,-578
118900145,29,152,-123
118900146,100,718,-618
118900147,94,106,-12
118900148,18,29,-11
118900150,448,305,143
118900152,213,803,-590
118900157,57,87,-30
118900158,10,104,-94
118900159,0,152,-152
118900161,77,3,74
118900163,173,45,128
118900164,1,61,-60
118900165,8,162,-154
118900166,6,6,0
118900167,16,144,-128
118900168,11,23,-12
118900169,22,231,-209
118900170,20,54,-34
118900171,3,12,-9
118900174,20,31,-11
118900175,122,242,-120
118900176,24,121,-97
118900177,4,39,-35
118900178,6,77,-71
118900179,4,18,-14
118900181,31,61,-30
118900182,22,10,12
118900183,4,27,-23
118900184,59,14,45
118900185,33,154,-121
118900186,59,102,-43
118900187,80,262,-182
118900188,102,330,-228
118900189,9,282,-273
118900190,3,693,-690
118900191,56,23,33
118900192,41,18,23
118900193,143,15,128
118900195,194,842,-648
118900196,6,98,-92
118900197,78,123,-45
118900198,1,38,-37
118900199,2,52,-50
118900200,9,2,7
118900201,10,4,6
118900202,7,46,-39
118900203,0,38,-38
118900204,0,26,-26
118900205,1,16,-15
118900206,1,20,-19
119000001,512,780,-268
119000002,1213,1917,-704
119000003,707,1370,-663
119000004,1104,1061,43
119000005,1095,1220,-125
119000006,1064,1499,-435
119000007,1832,2171,-339
119000008,1319,1955,-636
119000009,3244,1889,1355
119000010,7594,3198,4396
119000011,4751,1285,3466
119000012,5100,2396,2704
119000013,1737,1033,704
119000014,2614,3463,-849
119000019,113,127,-14
119000020,675,1048,-373
119000021,1728,1650,78
119000022,2969,1244,1725
119000023,315,166,149
119000024,2206,3567,-1361
119000025,6174,392,5782
119000026,260,186,74
119000027,3801,568,3233
119000028,1780,1195,585
119000029,117,215,-98
119000030,293,780,-487
119000031,489,706,-217
119000032,1709,1562,147
119000033,1144,1324,-180
119000034,762,855,-93
119000035,19,340,-321
119000036,594,1161,-567
119000037,641,2295,-1654
119000038,58,1094,-1036
119000039,112,262,-150
119000040,875,404,471
119000041,776,901,-125
119000048,3318,3854,-536
119000049,911,3741,-2830
119000050,1386,2140,-754
119000051,1592,867,725
119000052,2190,2573,-383
119000053,1284,897,387
119000054,1355,2021,-666
119000055,1305,2812,-1507
119000056,1121,1845,-724
119000057,1212,2828,-1616
119000058,1092,2096,-1004
119000059,695,1368,-673
119000060,603,705,-102
119000061,497,722,-225
119000062,702,1227,-525
119000063,191,255,-64
119000064,1041,1360,-319
119000065,1634,2946,-1312
119000066,1195,782,413
119000067,1554,2710,-1156
119000068,806,925,-119
119000069,905,2388,-1483
119000070,1180,1147,33
119000071,454,721,-267
119000072,5549,3226,2323
119000073,3998,4161,-163
119000074,1054,3582,-2528
119000075,577,2126,-1549
119000076,373,695,-322
119000077,484,429,55
119000078,260,398,-138
119000079,62,718,-656
119000080,93,179,-86
119000081,88,326,-238
119000082,314,201,113
119000083,182,229,-47
119000084,196,523,-327
119000085,409,295,114
119000086,170,365,-195
119000087,1460,782,678
119000088,237,205,32
119000089,49,144,-95
119000090,166,116,50
119000091,125,232,-107
119000092,583,217,366
119000093,3452,3777,-325
119000094,1443,3792,-2349
119000095,939,2772,-1833
119000097,3772,1625,2147
119000098,631,1660,-1029
119000099,2101,2192,-91
119000100,1744,1782,-38
119000101,1839,2254,-415
119000102,571,568,3
119000103,1065,429,636
119000104,2597,1061,1536
119000105,488,640,-152
119000106,344,1860,-1516
119000107,244,412,-168
119000108,167,1451,-1284
119000109,73,279,-206
119000110,350,322,28
119000111,33,369,-336
119000112,117,89,28
119000113,2477,174,2303
119000114,483,266,217
119000115,160,115,45
119000116,90,55,35
119000117,40,224,-184
119000118,2,0,2
119000123,1669,615,1054
119000124,215,232,-17
119000125,1037,1081,-44
119000126,279,1046,-767
119000127,61,582,-521
119000128,38,8,30
119000131,415,1732,-1317
119000132,3,6,-3
119000133,1,3,-2
119000134,2824,489,2335
119000135,31,205,-174
119000136,60,299,-239
119000137,43,513,-470
119000138,79,427,-348
119000139,82,285,-203
119000140,56,167,-111
119000284,1206,2334,-1128
119000285,2323,2083,240
119000286,4966,3795,1171
119000287,1352,1947,-595
119000288,1320,1683,-363
119000289,2071,3857,-1786
119000290,113,709,-596
119000291,2,440,-438
119000293,67,144,-77
119000294,52,22,30
119000295,2042,1162,880
119000296,98,110,-12
119000302,4667,1269,3398
119000303,13,119,-106
119000314,678,1972,-1294
119000315,4,698,-694
119000316,26,115,-89
119000317,18,560,-542
119000319,112,416,-304
119900001,75,455,-380
119900002,47,264,-217
119900003,32,1278,-1246
119900004,259,211,48
119900005,49,157,-108
119900006,65,218,-153
119900007,376,43,333
119900008,7,17,-10
119900009,263,490,-227
119900010,839,885,-46
119900011,9,23,-14
119900012,4,22,-18
119900013,1210,458,752
119900014,552,169,383
119900015,23,8,15
119900016,10,50,-40
119900017,1,24,-23
119900018,958,130,828
119900019,10,1,9
119900020,39,145,-106
119900021,44,39,5
119900022,54,148,-94
119900023,722,394,328
119900025,48,26,22
119900026,722,29,693
119900027,5,10,-5
119900028,120,21,99
119900029,0,4,-4
119900030,290,298,-8
119900031,10,130,-120
119900033,1692,80,1612
119900034,84,129,-45
119900037,43,13,30
119900038,11,92,-81
119900039,28,1,27
119900040,22,5,17
119900041,36,40,-4
119900042,35,110,-75
119900043,19,162,-143
119900044,89,185,-96
119900046,23,68,-45
119900047,91,68,23
119900049,16,6,10
119900050,35,44,-9
119900051,203,6,197
119900052,10,65,-55
119900053,36,223,-187
119900054,20,2,18
119900055,386,188,198
119900057,66,52,14
119900058,32,7,25
119900059,60,28,32
119900060,74,3,71
119900061,42,2,40
119900062,16,9,7
119900063,5,18,-13
119900065,92,9,83
119900067,12,21,-9
119900068,92,0,92
119900069,18,8,10
119900070,131,0,131
119900071,109,2,107
119900073,1404,247,1157
119900074,11,9,2
119900075,5844,1265,4579
119900076,27,121,-94
119900077,161,1347,-1186
119900078,139,527,-388
119900079,45,272,-227
119900080,161,312,-151
119900081,104,4,100
119900082,250,64,186
119900083,218,64,154
119900084,247,101,146
119900085,99,32,67
119900086,70,962,-892
119900087,131,72,59
119900088,25,28,-3
119900089,4,510,-506
119900090,120,37,83
119900091,17,1086,-1069
119900092,6,323,-317
119900093,330,43,287
119900094,11,176,-165
119900095,105,29,76
119900096,18,55,-37
119900097,245,159,86
119900098,11,32,-21
119900099,17,170,-153
119900100,2431,1365,1066
119900101,118,705,-587
119900102,17,201,-184
119900103,16,365,-349
119900104,16,178,-162
119900105,457,1052,-595
119900106,3,254,-251
119900107,258,3568,-3310
119900108,1592,574,1018
119900109,20,223,-203
119900110,314,639,-325
119900111,45,562,-517
119900112,3082,255,2827
119900113,50,524,-474
119900114,101,1789,-1688
119900115,46,1371,-1325
119900116,109,170,-61
119900117,69,992,-923
119900118,4,1232,-1228
119900119,30,242,-212
119900120,441,673,-232
119900121,76,1473,-1397
119900122,145,324,-179
119900123,100,231,-131
119900124,88,955,-867
119900125,26,385,-359
119900126,4892,124,4768
119900127,2688,690,1998
119900128,164,702,-538
119900129,30,790,-760
119900130,19,212,-193
119900131,5,288,-283
119900132,7,366,-359
119900133,5,23,-18
119900134,2030,185,1845
119900135,3,404,-401
119900136,123,529,-406
119900138,293,510,-217
119900139,6,37,-31
119900140,1,150,-149
119900141,58,262,-204
119900142,0,5,-5
119900143,2,190,-188
119900144,2198,193,2005
119900145,45,249,-204
119900146,85,58,27
119900147,2,71,-69
119900148,41,39,2
119900149,1520,1451,69
119900150,113,159,-46
119900151,978,603,375
119900152,31,481,-450
119900153,21,33,-12
119900154,8,1087,-1079
119900155,6,22,-16
119900156,5,3,2
119900157,13,266,-253
119900158,47,45,2
119900159,4,1767,-1763
119900160,8,229,-221
119900161,183,262,-79
119900162,335,366,-31
119900163,88,59,29
119900164,0,1,-1
119900165,35,273,-238
119900166,19,10,9
119900167,78,75,3
119900168,192,324,-132
119900169,100,147,-47
119900170,65,68,-3
119900171,303,470,-167
119900172,38,8,30
119900173,0,543,-543
119900174,3,268,-265
119900175,383,572,-189
119900177,13,248,-235
119900178,3,179,-176
119900179,32,147,-115
119900180,370,457,-87
119900181,24,25,-1
119900182,2,466,-464
119900183,57,1038,-981
119900184,2473,391,2082
119900185,8,71,-63
119900186,18,151,-133
119900187,3,564,-561
119900188,13,327,-314
119900189,217,103,114
119900190,24,74,-50
119900191,187,136,51
119900192,8,219,-211
119900193,109,174,-65
119900194,4,22,-18
119900195,4,193,-189
119900196,1430,320,1110
119900197,44,81,-37
119900198,22,483,-461
119900199,84,7,77
119900200,138,458,-320
119900201,341,125,216
119900202,162,52,110
119900203,61,194,-133
119900204,80,301,-221
119900205,168,681,-513
119900206,29,101,-72
119900208,124,85,39
119900209,203,354,-151
119900210,12,18,-6
119900211,41,7,34
119900212,79,772,-693
119900213,2,29,-27
119900214,5,79,-74
119900215,6,73,-67
119900216,10,85,-75
119900217,0,55,-55
119900218,4,55,-51
119900219,3,120,-117
119900220,7,101,-94
119900221,13,377,-364
119900222,3,254,-251
119900223,18,76,-58
119900224,12,30,-18
119900225,984,17,967
119900226,754,596,158
119900227,1086,233,853
119900228,7,228,-221
119900229,210,298,-88
119900230,1117,499,618
119900231,69,230,-161
119900232,73,24,49
119900233,8,1,7
119900234,1,15,-14
119900235,6,8,-2
119900236,11,156,-145
119900237,11,351,-340
119900238,0,75,-75
119900240,10,122,-112
119900241,77,167,-90
119900242,1153,440,713
119900244,607,993,-386
119900245,41,82,-41
119900246,166,129,37
119900247,3,19,-16
119900248,17,48,-31
119900249,75,7,68
119900253,3657,234,3423
119900254,41,191,-150
119900255,38,474,-436
119900256,100,1436,-1336
119900257,23,0,23
119900258,14,0,14
119900259,4,260,-256
119900260,21,0,21
119900261,87,170,-83
119900262,1,242,-241
119900263,782,367,415
119900264,29,266,-237
119900265,86,413,-327
119900266,62,281,-219
119900267,41,350,-309
119900268,55,204,-149
119900269,234,1505,-1271
119900271,6,56,-50
119900272,56,26,30
119900275,43,8,35
119900276,9,0,9
119900277,3,1,2
119900278,106,27,79
119900279,87,83,4
119900280,1010,148,862
119900281,1,30,-29
119900282,11,15,-4
119900283,0,359,-359
119900284,21,167,-146
119900285,6,26,-20
119900286,7,8,-1
119900288,3,60,-57
119900289,0,44,-44
119900290,0,32,-32
119900291,0,20,-20
119900292,16,10,6
119900293,7,43,-36
119900294,11,44,-33
119900295,3,77,-74
119900296,2,193,-191
119900297,0,17,-17
119900298,1,0,1
119900299,15,270,-255
119900300,53,144,-91
119900301,25,2,23
119900302,9,44,-35
119900303,152,274,-122
119900304,31,8,23
119900305,17,67,-50
119900306,9,0,9
119900307,19,120,-101
119900308,2,11,-9
119900309,6,25,-19
119900310,170,264,-94
119900311,18,211,-193
119900312,21,73,-52
119900313,105,338,-233
119900314,20,169,-149
119900315,351,2588,-2237
119900318,3,18,-15
119900319,0,411,-411
119900320,43,872,-829
119900321,27,1,26
120000001,6885,6623,262
120000002,1836,3268,-1432
120000003,3378,1967,1411
120000004,2849,2538,311
120000005,4417,1893,2524
120000006,1248,1351,-103
120000007,2536,1535,1001
120000008,1186,1383,-197
120000009,3566,387,3179
120000010,1451,2532,-1081
120000011,842,2163,-1321
120000012,1126,2640,-1514
120000013,1622,2817,-1195
120000014,531,1719,-1188
120000015,2184,2317,-133
120000016,2391,2287,104
120000017,1356,1485,-129
120000018,4457,5351,-894
120000019,621,899,-278
120000020,2285,1861,424
120000021,1622,1465,157
120000022,2434,2576,-142
120000023,681,1472,-791
120000024,1214,1960,-746
120000025,1387,2231,-844
120000026,624,1922,-1298
120000027,902,1572,-670
120000028,390,260,130
120000029,2083,321,1762
120000030,67,547,-480
120000031,1595,4033,-2438
120000032,9950,2921,7029
120000033,1960,1450,510
120000034,1035,2203,-1168
120000035,879,2620,-1741
120000036,1688,3165,-1477
120000037,378,742,-364
120000038,9513,2140,7373
120000039,702,1172,-470
120000040,35,113,-78
120000041,236,1401,-1165
120000042,1114,4700,-3586
120000043,3082,2332,750
120000044,1587,901,686
120000045,2286,864,1422
120000046,1704,2728,-1024
120000047,1749,1957,-208
120000048,7605,3119,4486
120000049,2296,2395,-99
120000050,1841,4462,-2621
120000051,3090,3514,-424
120000052,14026,2294,11732
120000053,870,4052,-3182
120000054,1133,6914,-5781
120000055,640,4306,-3666
120000056,2387,4269,-1882
120000057,1213,820,393
120000058,253,164,89
120000059,31,915,-884
120000061,41,463,-422
120000062,254,215,39
120000063,1661,2960,-1299
120000064,289,1826,-1537
120000065,286,1722,-1436
120000066,79,447,-368
120000067,36,514,-478
120000068,85,1173,-1088
120000069,293,1422,-1129
120000070,68,1774,-1706
120000071,212,155,57
120000072,108,355,-247
120000073,181,140,41
120000074,86,44,42
120000075,129,172,-43
120000076,411,255,156
120000077,683,333,350
120000078,3286,621,2665
120000079,168,698,-530
120000080,129,234,-105
120000081,150,178,-28
120000082,133,226,-93
120000083,102,286,-184
120000084,464,539,-75
120000085,274,544,-270
120000086,214,849,-635
120000087,121,1412,-1291
120000088,477,1271,-794
120000089,560,487,73
120000090,277,459,-182
120000091,438,738,-300
120000092,608,440,168
120000093,112,483,-371
120000094,86,370,-284
120000095,557,700,-143
120000096,160,1240,-1080
120000098,426,1079,-653
120000099,165,744,-579
120000100,448,1058,-610
120000101,309,519,-210
120000102,274,443,-169
120000103,708,316,392
120000104,799,174,625
120000105,1207,218,989
120000106,747,245,502
120000107,1087,334,753
120000108,440,99,341
120000109,552,39,513
120000110,20,775,-755
120000111,89,1451,-1362
120000112,379,4445,-4066
120000113,415,3339,-2924
120000114,470,2716,-2246
120000115,328,2233,-1905
120000116,471,2223,-1752
120000117,1121,1920,-799
120000118,27,16,11
120000119,30,42,-12
120000120,23,26,-3
120000121,30,35,-5
120000122,232,220,12
120000123,6341,2103,4238
120000124,267,503,-236
120000125,187,545,-358
120000126,216,504,-288
120000127,1007,436,571
120000128,2396,1503,893
120000129,246,299,-53
120000130,552,633,-81
120000131,153,442,-289
120000134,236,1352,-1116
120000135,80,201,-121
120000137,69,2564,-2495
120000138,173,464,-291
120000139,76,1186,-1110
120000140,189,544,-355
120000141,63,527,-464
120000142,104,510,-406
120000143,1,117,-116
120000144,28,1,27
120000145,88,2,86
120000146,2210,582,1628
120000149,483,981,-498
120000150,5464,6531,-1067
120000151,366,483,-117
120000152,151,287,-136
120000153,87,618,-531
120000154,510,511,-1
120000155,84,160,-76
120000156,2948,364,2584
120000157,764,575,189
120000158,752,1303,-551
120000159,2690,2733,-43
120000160,1568,1086,482
120000161,1179,3283,-2104
120000162,56,183,-127
120000163,121,886,-765
120000164,168,733,-565
120000165,155,922,-767
120000166,357,547,-190
120000167,8,26,-18
120000168,4,33,-29
120000169,142,217,-75
120000170,127,127,0
120000171,33,29,4
120000172,14,14,0
120000173,2467,196,2271
120000174,494,5,489
120000175,541,11,530
120000176,200,58,142
120000177,1045,423,622
120000178,198,5,193
120000179,313,6,307
120000180,453,27,426
120000181,120,82,38
120000182,58,75,-17
120000183,10,158,-148
120000184,72,1403,-1331
120000186,62,42,20
120000187,45,28,17
120000188,236,46,190
120000190,1063,7,1056
120000191,1754,22,1732
120000192,1601,7,1594
120000193,437,4,433
120000195,86,1,85
120000196,188,34,154
120000197,54,103,-49
120000198,61,174,-113
120000199,36,0,36
120000200,42,1,41
120000201,6,8,-2
120000202,0,81,-81
120000203,7,510,-503
120000207,1,78,-77
120000208,13,350,-337
120000209,1,117,-116
120000210,128,62,66
120000211,34,1,33
120000212,42,0,42
120000213,39,463,-424
120000214,0,483,-483
120000215,1,137,-136
120000216,24,7,17
120000217,681,1394,-713
120000218,239,1628,-1389
120000219,7,887,-880
120000220,12,3254,-3242
120000225,468,0,468
120000226,120,1,119
120000227,496,10,486
120000228,8437,1385,7052
120000230,82,16,66
120000231,345,2283,-1938
120000233,35,17,18
120000235,65,817,-752
120000236,406,0,406
120000237,6,2570,-2564
120000238,0,90,-90
120000241,938,2528,-1590
120000412,547,7,540
120000413,50,450,-400
120000414,37,1,36
120000415,1,184,-183
120000416,6,4,2
120000417,0,90,-90
120000418,34,8,26
120000419,5,441,-436
120000420,67,29,38
120000421,15701,6236,9465
120000422,206,288,-82
120000423,1,34,-33
120000424,11,247,-236
120000436,78,306,-228
120000437,201,159,42
120000438,5321,319,5002
120000439,90,175,-85
120000443,66,0,66
120000444,445,485,-40
120000445,1208,1197,11
120000446,817,294,523
120000447,65,5,60
120000449,72,3,69
120000450,3,352,-349
120000451,29,213,-184
120000452,27,1,26
120000453,0,326,-326
120000454,36,12,24
120000455,34,51,-17
120000456,4326,2684,1642
120000457,2055,1631,424
120000458,360,1132,-772
120000459,35,81,-46
120000665,860,119,741
120000668,48,107,-59
120000669,35,466,-431
120000670,222,563,-341
120000671,453,230,223
120000672,102,475,-373
120900001,24,26,-2
120900002,65,102,-37
120900003,123,28,95
120900004,1,33,-32
120900005,13,2756,-2743
120900006,102,158,-56
120900007,39,146,-107
120900008,64,1149,-1085
120900009,278,82,196
120900010,136,65,71
120900011,252,48,204
120900012,927,453,474
120900013,170,10,160
120900014,4,752,-748
120900015,185,46,139
120900016,307,39,268
120900017,3318,77,3241
120900018,27,406,-379
120900019,253,77,176
120900020,405,338,67
120900021,227,49,178
120900022,22,341,-319
120900023,40,31,9
120900024,1080,366,714
120900025,2092,641,1451
120900026,24,101,-77
120900027,387,133,254
120900028,97,20,77
120900029,42,137,-95
120900030,383,308,75
120900031,68,32,36
120900032,222,133,89
120900033,275,25,250
120900034,24,1246,-1222
120900035,12,24,-12
120900037,41,1,40
120900038,12,70,-58
120900039,26,15,11
120900040,43,1,42
120900041,85,17,68
120900042,116,44,72
120900043,10,6,4
120900044,3,397,-394
120900045,35,65,-30
120900046,94,2,92
120900047,69,11,58
120900048,57,7,50
120900049,99,0,99
120900050,3917,652,3265
120900051,87,77,10
120900052,160,0,160
120900053,52,59,-7
120900054,1003,516,487
120900055,109,1,108
120900056,143,5,138
120900057,18,10,8
120900058,88,0,88
120900059,41,0,41
120900060,5,27,-22
120900061,161,225,-64
120900062,52,1,51
120900063,135,0,135
120900064,104,0,104
120900065,121,6,115
120900066,36,285,-249
120900067,91,15,76
120900068,66,0,66
120900069,43,60,-17
120900071,3,1,2
120900072,166,2,164
120900073,91,80,11
120900074,98,1,97
120900076,83,1,82
120900077,2902,137,2765
120900078,250,1001,-751
120900079,110,96,14
120900080,168,2941,-2773
120900081,280,55,225
120900082,455,179,276
120900083,21,2,19
120900084,62,139,-77
120900085,127,71,56
120900086,133,114,19
120900087,167,34,133
120900088,96,102,-6
120900089,5034,775,4259
120900090,48,184,-136
120900091,214,156,58
120900092,564,797,-233
120900093,5393,268,5125
120900094,467,160,307
120900095,166,17,149
120900096,11,73,-62
120900097,487,1311,-824
120900098,266,244,22
120900099,26,80,-54
120900100,37,507,-470
120900101,331,400,-69
120900102,10,98,-88
120900103,33,116,-83
120900104,43,48,-5
120900105,17,1061,-1044
120900106,1142,565,577
120900107,437,159,278
120900108,3,1372,-1369
120900109,22,827,-805
120900110,111,684,-573
120900111,82,341,-259
120900112,2,1698,-1696
120900113,7,1107,-1100
120900114,18,201,-183
120900115,111,153,-42
120900116,65,681,-616
120900117,3,720,-717
120900118,1,1108,-1107
120900119,3766,3092,674
120900120,53,740,-687
120900121,43,417,-374
120900122,103,777,-674
120900123,3,647,-644
120900124,1,827,-826
120900125,3,1269,-1266
120900126,938,699,239
120900127,5,756,-751
120900128,732,750,-18
120900129,43,517,-474
120900130,0,198,-198
120900131,9,53,-44
120900132,206,392,-186
120900133,140,1168,-1028
120900134,243,466,-223
120900135,3,701,-698
120900136,13,14,-1
120900137,37,102,-65
120900138,5,281,-276
120900139,1,891,-890
120900140,0,41,-41
120900141,24,76,-52
120900142,17,1060,-1043
120900143,4,1274,-1270
120900144,1,223,-222
120900145,38,875,-837
120900146,3,1189,-1186
120900147,2,280,-278
120900148,73,109,-36
120900149,1,416,-415
120900150,6,578,-572
120900151,7,736,-729
120900152,61,51,10
120900153,5,66,-61
120900154,1,329,-328
120900155,69,1152,-1083
120900156,47,435,-388
120900157,19,277,-258
120900158,19,528,-509
120900159,40,777,-737
120900160,13,380,-367
120900161,24,1167,-1143
120900162,12,1231,-1219
120900163,7,113,-106
120900164,0,0,0
120900165,1,3,-2
120900166,13,52,-39
120900167,70,36,34
120900169,16,479,-463
120900170,2928,931,1997
120900171,1065,311,754
120900172,1011,120,891
120900173,0,51,-51
120900174,1,72,-71
120900175,298,159,139
120900176,4,133,-129
120900177,0,337,-337
120900178,0,120,-120
120900179,596,397,199
120900180,114,70,44
120900181,55,55,0
120900182,6,388,-382
120900183,471,42,429
120900184,151,54,97
120900185,1,317,-316
120900186,0,612,-612
120900187,143,452,-309
120900188,36,5,31
120900189,88,267,-179
120900190,18,10,8
120900191,2,25,-23
120900192,14726,1584,13142
120900194,16,63,-47
120900195,88,355,-267
120900196,340,83,257
120900197,228,34,194
120900198,117,651,-534
120900199,129,85,44
120900200,121,70,51
120900201,744,153,591
120900202,3,233,-230
120900203,13,23,-10
120900204,320,452,-132
120900205,43,74,-31
120900206,7,5,2
120900207,44,1183,-1139
121000001,962,999,-37
121000002,1708,845,863
121000003,3808,1710,2098
121000004,2293,2519,-226
121000005,1865,2196,-331
121000006,2557,1083,1474
121000007,2833,2511,322
121000008,4682,2308,2374
121000009,7140,4370,2770
121000010,9236,3046,6190
121000011,10301,8297,2004
121000012,16434,5490,10944
121000013,5795,5417,378
121000014,6792,5217,1575
121000015,4410,5310,-900
121000016,4952,2887,2065
121000017,1366,2839,-1473
121000018,1754,1284,470
121000019,17015,7379,9636
121000020,9617,6146,3471
121000021,2572,2533,39
121000022,1204,1136,68
121000023,3858,2770,1088
121000024,2063,2362,-299
121000025,578,686,-108
121000026,312,125,187
121000027,1259,648,611
121000028,445,338,107
121000029,752,638,114
121000030,353,315,38
121000031,364,557,-193
121000032,134,61,73
121000034,318,98,220
121000035,146,63,83
121000036,785,743,42
121000037,505,486,19
121000038,455,373,82
121000039,251,302,-51
121000041,298,373,-75
121000042,122,263,-141
121000043,765,460,305
121000044,1877,628,1249
121000045,201,278,-77
121000046,190,600,-410
121000047,93,225,-132
121000049,1852,684,1168
121000050,278,952,-674
121000051,428,402,26
121000052,173,481,-308
121000053,247,36,211
121000054,32,182,-150
121000055,1494,919,575
121000056,690,913,-223
121000057,178,298,-120
121000058,389,84,305
121000059,1839,792,1047
121000060,409,707,-298
121000061,95,154,-59
121000062,96,129,-33
121000063,633,393,240
121000064,405,576,-171
121000065,413,299,114
121000066,588,439,149
121000067,913,204,709
121000068,426,205,221
121000069,688,189,499
121000070,1627,1163,464
121000071,784,712,72
121000072,843,608,235
121000073,635,495,140
121000074,70,104,-34
121000075,86,30,56
121000076,1190,246,944
121000077,166,55,111
121000078,58,84,-26
121000080,2618,547,2071
121000081,2030,1465,565
121000082,209,283,-74
121000083,297,131,166
121000084,218,81,137
121000085,386,445,-59
121000086,139,740,-601
121000087,47,234,-187
121000088,299,436,-137
121000089,321,202,119
121000090,256,264,-8
121000091,1625,562,1063
121000092,118,76,42
121000093,152,166,-14
121000094,440,321,119
121000095,213,406,-193
121000096,2116,1323,793
121000097,1393,1349,44
121000098,302,1154,-852
121000099,287,689,-402
121000100,330,541,-211
121000101,107,186,-79
121000102,86,491,-405
121000103,55,270,-215
121000104,83,202,-119
121000105,181,267,-86
121000106,105,289,-184
121000107,2036,3427,-1391
121000109,1422,1045,377
121000110,337,334,3
121000114,2354,2155,199
121000115,728,778,-50
121000116,630,996,-366
121000117,1253,234,1019
121000118,951,160,791
121000119,137,168,-31
121000120,169,421,-252
121000121,552,867,-315
121000123,1465,555,910
121000127,116,121,-5
121000128,531,633,-102
121000129,299,453,-154
121000130,348,938,-590
121000131,2237,902,1335
121000132,968,776,192
121000135,398,164,234
121000136,805,435,370
121000137,454,98,356
121000138,617,861,-244
121000139,322,114,208
121000141,181,85,96
121000142,893,380,513
121000143,97,16,81
121000144,807,689,118
121000145,249,1136,-887
121000146,1032,643,389
121000147,490,329,161
121000148,655,884,-229
121000149,1512,926,586
121000152,323,592,-269
121000153,1319,383,936
121000154,603,391,212
121000155,854,914,-60
121000156,338,713,-375
121000157,1247,1519,-272
121000158,401,549,-148
121000159,95,563,-468
121000160,198,673,-475
121000161,50,284,-234
121000162,24,294,-270
121000165,1536,1263,273
121000166,59,558,-499
121000168,171,210,-39
121000169,35,135,-100
121000170,106,74,32
121000171,39,117,-78
121000172,414,381,33
121000173,867,493,374
121000174,143,293,-150
121000175,307,411,-104
121000176,286,205,81
121000177,578,508,70
121000178,82,30,52
121000179,37,58,-21
121000181,338,319,19
121000182,41,152,-111
121000183,41,55,-14
121000184,24,95,-71
121000185,7,156,-149
121000186,139,233,-94
121000187,69,252,-183
121000188,40,277,-237
121000192,452,284,168
121000193,530,328,202
121000194,2379,1589,790
121000195,427,1015,-588
121000196,741,157,584
121000197,196,625,-429
121000198,170,48,122
121000199,89,455,-366
121000200,186,58,128
121000201,0,188,-188
121000202,419,59,360
121000203,494,2299,-1805
121000204,1164,411,753
121000205,104,250,-146
121000206,65,22,43
121000207,1183,428,755
121000208,4,325,-321
121000209,123,427,-304
121000210,126,508,-382
121000211,110,114,-4
121000212,180,701,-521
121000213,7518,1864,5654
121000214,701,1439,-738
121000215,1044,554,490
121000216,286,405,-119
121000217,3804,1945,1859
121000218,510,1605,-1095
121000219,1054,298,756
121000220,315,67,248
121000221,121,171,-50
121000222,2505,2016,489
121000223,541,307,234
121000224,328,85,243
121000225,1115,793,322
121000226,1650,561,1089
121000227,21,244,-223
121000228,22,774,-752
121000229,44,481,-437
121000230,70,1888,-1818
121000231,284,26,258
121000232,363,139,224
121000233,405,269,136
121000234,4,21,-17
121000235,30,47,-17
121000236,1,15,-14
121000237,22,13,9
121000238,3,64,-61
121000239,3,5,-2
121000240,8,135,-127
121000241,50,8,42
121000242,15,95,-80
121000243,263,28,235
121000244,3,71,-68
121000245,13,7,6
121000246,1,51,-50
121000247,12,1,11
121000248,503,375,128
121000249,36,243,-207
121000250,111,93,18
121000251,11,493,-482
121000252,24,20,4
121000253,142,593,-451
121000254,316,174,142
121000255,140,74,66
121000256,225,114,111
121000257,73,57,16
121000258,81,72,9
121000259,13,33,-20
121000260,12,84,-72
121000261,11,47,-36
121000262,837,532,305
121000263,337,458,-121
121000271,274,2020,-1746
121000273,74,10,64
121000274,1,28,-27
121000275,3,26,-23
121000276,2,6,-4
121000278,23,50,-27
121000279,20,9,11
121000280,14,34,-20
121000289,109,20,89
121000290,991,690,301
121000294,57,203,-146
121000297,779,614,165
121000299,96,225,-129
121000300,634,437,197
121000302,86,494,-408
121000303,377,281,96
121000304,292,20,272
121000305,59,28,31
121000306,39,80,-41
121000308,105,282,-177
121000309,328,453,-125
121000310,31,408,-377
121000311,54,616,-562
121000312,184,116,68
121000313,496,498,-2
121000314,288,352,-64
121000315,76,72,4
121000530,565,1205,-640
121000531,851,1189,-338
121000532,3736,3283,453
121000533,1737,1708,29
121000918,11,213,-202
121000919,10,58,-48
121000938,408,153,255
121000939,536,106,430
121000956,301,1282,-981
121000957,1,12,-11
121000958,49,35,14
121000959,182,903,-721
121000960,1548,1999,-451
121000961,111,34,77
121000962,198,650,-452
121000973,2,272,-270
121000976,2,146,-144
121000979,166,24,142
121000981,347,54,293
121000982,132,241,-109
121000983,244,413,-169
121000984,4,36,-32
121000985,243,608,-365
121000986,46,327,-281
121000987,113,1616,-1503
121000988,243,110,133
121001302,432,115,317
121001308,0,9,-9
121001309,98,48,50
121001313,102,450,-348
121001314,4254,3850,404
121001315,3370,1315,2055
121001326,291,341,-50
121900001,65,148,-83
121900002,23,26,-3
121900003,282,6,276
121900004,66,280,-214
121900005,3,4,-1
121900006,58,22,36
121900007,1509,2121,-612
121900008,846,48,798
121900009,371,8,363
121900010,327,9,318
121900011,89,331,-242
121900012,0,0,0
121900013,695,13,682
121900014,777,390,387
121900015,92,128,-36
121900016,4,37,-33
121900017,224,377,-153
121900018,182,9,173
121900019,202,208,-6
121900020,28,0,28
121900021,497,8,489
121900022,126,99,27
121900023,32,264,-232
121900024,250,30,220
121900025,246,189,57
121900026,126,24,102
121900027,148,82,66
121900028,189,18,171
121900029,43,183,-140
121900030,306,354,-48
121900031,742,3118,-2376
121900032,24,24,0
121900033,113,92,21
121900034,149,68,81
121900035,1709,1306,403
121900036,36,280,-244
121900037,110,456,-346
121900038,17,51,-34
121900039,391,16,375
121900040,26,49,-23
121900041,87,110,-23
121900042,241,84,157
121900043,0,2,-2
121900044,203,10,193
121900046,134,124,10
121900047,74,32,42
121900048,6,77,-71
121900050,13,32,-19
121900051,59,116,-57
121900052,30,22,8
121900053,195,180,15
121900054,355,587,-232
121900055,0,11,-11
121900058,39,146,-107
121900059,205,138,67
121900060,57,230,-173
121900062,61,43,18
121900063,487,171,316
121900064,98,547,-449
121900066,42,11,31
121900067,12,9,3
121900069,124,90,34
121900070,103,83,20
121900071,53,191,-138
121900072,27,117,-90
121900073,196,109,87
121900074,376,297,79
121900075,405,208,197
121900076,193,444,-251
121900078,6,20,-14
121900079,0,0,0
121900080,321,276,45
121900082,20,85,-65
121900084,2,146,-144
121900086,14,26,-12
121900087,227,102,125
121900088,1618,1174,444
121900089,37,278,-241
121900090,1,59,-58
121900091,12,74,-62
121900092,32,61,-29
121900093,72,47,25
121900094,12,9,3
121900095,115,85,30
121900096,1445,270,1175
121900097,124,108,16
121900098,0,0,0
121900099,80,81,-1
121900100,86,82,4
121900101,74,78,-4
121900102,7,47,-40
121900103,484,136,348
121900104,513,171,342
121900105,113,48,65
121900106,0,0,0
121900107,11,19,-8
121900108,1,8,-7
121900109,366,145,221
121900110,92,1130,-1038
121900111,585,86,499
121900112,213,69,144
121900113,35,123,-88
121900114,4,13,-9
121900117,102,13,89
121900118,1838,186,1652
121900119,54,71,-17
121900120,14,1439,-1425
121900121,358,45,313
121900122,11,19,-8
121900123,156,394,-238
121900124,84,164,-80
121900125,622,950,-328
121900127,10,61,-51
121900128,19,105,-86
121900129,1051,39,1012
121900130,72,218,-146
121900131,153,80,73
121900132,25,78,-53
121900133,49,129,-80
121900134,12,91,-79
121900135,1844,187,1657
121900136,107,432,-325
121900137,10,158,-148
121900138,65,152,-87
121900139,324,339,-15
121900140,22,100,-78
121900141,26,25,1
121900142,62,101,-39
121900143,1,97,-96
121900144,148,237,-89
121900145,73,89,-16
121900146,430,544,-114
121900147,50,138,-88
121900148,92,160,-68
121900149,175,612,-437
121900150,68,101,-33
121900151,43,162,-119
121900152,103,134,-31
121900153,40,293,-253
121900154,7,125,-118
121900155,0,49,-49
121900156,97,79,18
121900157,1,348,-347
121900158,58,63,-5
121900159,2,162,-160
121900160,4,176,-172
121900161,575,185,390
121900162,84,113,-29
121900163,30,636,-606
121900164,345,130,215
121900165,87,166,-79
121900166,68,147,-79
121900167,66,47,19
121900168,178,108,70
121900169,8,285,-277
121900170,1,162,-161
121900171,343,317,26
121900172,183,135,48
121900173,601,128,473
121900174,8,33,-25
121900175,38,136,-98
121900176,386,1366,-980
121900177,123,43,80
121900178,27,66,-39
121900179,166,92,74
121900180,4956,1695,3261
121900182,436,209,227
121900183,169,531,-362
121900184,34,426,-392
121900186,4,238,-234
121900187,20,69,-49
121900188,457,214,243
121900189,11,74,-63
121900190,132,390,-258
121900191,42,131,-89
121900192,335,379,-44
121900193,33,161,-128
121900194,2,102,-100
121900195,62,49,13
121900196,499,589,-90
121900197,157,1743,-1586
121900198,739,656,83
121900199,2,22,-20
121900200,39,101,-62
121900201,775,482,293
121900202,110,235,-125
121900203,165,541,-376
121900204,730,610,120
121900205,5,72,-67
121900206,7,6,1
121900207,83,12,71
121900208,142,192,-50
121900209,30,18,12
121900210,717,697,20
121900211,189,425,-236
121900212,94,75,19
121900213,54,64,-10
121900214,1,246,-245
121900215,16,88,-72
121900216,23,71,-48
121900217,145,45,100
121900218,231,284,-53
121900220,71,8,63
121900221,124,608,-484
121900222,52,135,-83
121900223,66,35,31
121900224,21,32,-11
121900225,71,39,32
121900226,132,445,-313
121900227,56,284,-228
121900228,147,205,-58
121900230,76,32,44
121900231,210,202,8
121900232,189,284,-95
121900233,146,161,-15
121900234,111,280,-169
121900235,132,182,-50
121900236,247,112,135
121900237,124,219,-95
121900238,102,147,-45
121900239,59,20,39
121900240,105,85,20
121900241,39,40,-1
121900242,0,0,0
121900243,1,0,1
121900244,0,1,-1
121900245,105,75,30
121900246,831,309,522
121900248,879,618,261
121900250,296,185,111
121900251,230,13,217
121900252,739,95,644
121900253,137,790,-653
121900254,623,196,427
121900255,123,46,77
121900258,1645,1291,354
121900259,293,258,35
121900260,9,109,-100
121900261,81,225,-144
121900262,283,552,-269
121900263,67,203,-136
121900264,1955,800,1155
121900265,41,250,-209
121900266,99,167,-68
121900267,16,15,1
121900269,43,140,-97
121900270,10,87,-77
121900271,28,92,-64
121900273,288,912,-624
121900274,93,140,-47
121900277,194,1159,-965
121900278,50,591,-541
121900279,79,218,-139
121900280,98,180,-82
121900281,534,56,478
121900284,101,3,98
121900286,24,120,-96
121900287,10,10,0
121900288,1,1,0
121900290,128,180,-52
121900291,322,328,-6
121900292,104,75,29
121900293,789,2384,-1595
121900294,140,1,139
121900295,17,167,-150
121900296,62,19,43
121900298,206,328,-122
121900299,0,0,0
121900300,15,1,14
121900301,4,0,4
121900302,0,48,-48
121900303,109,355,-246
121900304,1,19,-18
121900305,0,7,-7
121900306,40,0,40
121900307,39,3,36
121900308,23,327,-304
121900309,24,251,-227
121900310,29,401,-372
121900311,119,5,114
121900312,63,3,60
121900313,133,17,116
121900314,0,27,-27
121900315,1,0,1
121900316,0,5,-5
121900317,3,2,1
121900318,0,4,-4
121900319,19,20,-1
121900320,34,41,-7
121900321,0,0,0
121900322,0,17,-17
121900323,11,5,6
121900324,4,30,-26
121900325,2,0,2
121900326,0,24,-24
121900327,3,37,-34
121900328,0,9,-9
121900329,6,180,-174
121900330,0,22,-22
121900331,12,1,11
121900332,36,13,23
121900333,3,1,2
121900334,80,25,55
122000001,2377,2396,-19
122000002,5478,1012,4466
122000003,1998,1027,971
122000004,2926,720,2206
122000005,2422,774,1648
122000006,1845,330,1515
122000007,1057,711,346
122000008,5837,2527,3310
122000009,620,151,469
122000010,1930,1803,127
122000011,2866,575,2291
122000012,1148,779,369
122000013,1928,1099,829
122000014,1245,1785,-540
122000015,1205,785,420
122000016,393,616,-223
122000017,831,950,-119
122000018,1017,991,26
122000019,624,1233,-609
122000020,131,123,8
122000021,460,314,146
122000022,978,1128,-150
122000023,487,2335,-1848
122000024,1113,594,519
122000025,1845,761,1084
122000026,2346,548,1798
122000027,556,4111,-3555
122000028,663,226,437
122000029,277,176,101
122000030,357,77,280
122000031,138,136,2
122000032,1290,2522,-1232
122000033,815,465,350
122000034,473,408,65
122000035,324,557,-233
122000036,407,621,-214
122000037,212,177,35
122000038,242,305,-63
122000039,593,396,197
122000040,415,253,162
122000041,404,423,-19
122000042,226,379,-153
122000043,120,68,52
122000044,76,91,-15
122000045,1258,477,781
122000046,595,735,-140
122000047,236,133,103
122000048,2582,2766,-184
122000049,3820,1849,1971
122000050,1340,467,873
122000051,354,282,72
122000052,386,160,226
122000053,109,377,-268
122000054,2073,1409,664
122000055,2143,1730,413
122000056,4524,2550,1974
122000057,3330,1778,1552
122000058,4520,891,3629
122000059,3531,1011,2520
122000060,1282,480,802
122000061,910,207,703
122000062,1297,308,989
122000063,1085,369,716
122000064,3170,2596,574
122000065,5547,2586,2961
122000066,837,505,332
122000067,1283,1013,270
122000068,602,966,-364
122000069,677,486,191
122000070,368,2513,-2145
122000071,710,1202,-492
122000072,275,205,70
122000073,452,297,155
122000074,1486,1015,471
122000075,294,946,-652
122000076,1239,795,444
122000077,1198,527,671
122000078,3383,1348,2035
122000079,1188,505,683
122000080,728,227,501
122000081,135,185,-50
122000082,1312,676,636
122000083,960,3453,-2493
122000084,589,486,103
122000085,113,1173,-1060
122000086,1748,3659,-1911
122000087,333,121,212
122000088,227,136,91
122000089,5234,2291,2943
122000090,157,229,-72
122000091,298,77,221
122000092,80,4,76
122000093,1240,815,425
122000094,5922,1286,4636
122000095,2768,1327,1441
122000096,2053,1010,1043
122000098,2500,1055,1445
122000099,2083,482,1601
122000100,1878,545,1333
122000101,200,928,-728
122000102,1251,979,272
122000103,1318,1016,302
122000104,190,152,38
122000105,220,201,19
122000106,636,393,243
122000107,535,335,200
122000108,286,729,-443
122000109,187,263,-76
122000110,254,432,-178
122000111,2032,840,1192
122000112,597,1133,-536
122000113,392,513,-121
122000114,2286,1062,1224
122000115,1447,945,502
122000116,429,462,-33
122000117,802,259,543
122000118,284,372,-88
122000119,2605,1129,1476
122000120,4223,1713,2510
122000121,5292,1551,3741
122000122,769,1055,-286
122000123,2606,998,1608
122000124,1242,341,901
122000125,259,238,21
122000126,695,550,145
122000127,1564,601,963
122000128,701,789,-88
122000129,262,474,-212
122000130,1941,360,1581
122000131,2520,403,2117
122000132,1233,337,896
122000133,942,1479,-537
122000134,380,350,30
122000135,632,846,-214
122000136,245,175,70
122000137,663,465,198
122000139,1168,2226,-1058
122000140,1013,349,664
122000141,4217,655,3562
122000142,539,432,107
122000143,771,182,589
122000144,2446,569,1877
122000145,1528,610,918
122000146,865,710,155
122000147,710,305,405
122000148,2544,972,1572
122000149,1914,858,1056
122000150,1079,598,481
122000151,354,273,81
122000152,490,243,247
122000153,469,210,259
122000154,381,158,223
122000155,1657,1808,-151
122000156,2300,1312,988
122000157,1895,953,942
122000158,259,409,-150
122000159,1491,1129,362
122000160,6600,628,5972
122000161,1806,560,1246
122000162,1868,1323,545
122000163,228,38,190
122000164,17,51,-34
122000165,690,714,-24
122000166,826,842,-16
122000167,194,180,14
122000168,202,329,-127
122000169,434,131,303
122000170,200,232,-32
122000171,23,57,-34
122000172,1300,1300,0
122000173,1194,1863,-669
122000174,1651,564,1087
122000175,1234,285,949
122000176,329,540,-211
122000177,1528,959,569
122000178,2749,2049,700
122000179,1623,2051,-428
122000180,1672,666,1006
122000181,1617,1751,-134
122000182,2248,643,1605
122000183,1366,812,554
122000184,2967,1293,1674
122000185,1409,888,521
122000186,529,687,-158
122000187,1597,1317,280
122000188,548,168,380
122000189,247,271,-24
122000190,1061,987,74
122000191,807,300,507
122000192,1030,237,793
122000193,284,592,-308
122000194,451,130,321
122000195,158,328,-170
122000196,634,442,192
122000197,396,407,-11
122000198,401,750,-349
122000199,282,243,39
122000200,1139,440,699
122000201,1186,1287,-101
122000202,809,924,-115
122000203,2366,1305,1061
122000204,1200,1364,-164
122000205,1275,759,516
122000206,1895,815,1080
122000207,749,1109,-360
122000208,1600,1284,316
122000209,2101,275,1826
122000210,1287,1525,-238
122000211,896,1013,-117
122000212,475,434,41
122000213,823,1013,-190
122000214,1364,1599,-235
122000215,1533,1219,314
122000217,1544,1141,403
122000218,495,36,459
122000219,1554,949,605
122000220,441,767,-326
122000221,84,324,-240
122000222,563,69,494
122000223,982,734,248
122000225,545,264,281
122000226,736,1566,-830
122000227,221,1622,-1401
122000228,243,423,-180
122000229,28,356,-328
122000230,88,788,-700
122000231,153,678,-525
122000232,371,794,-423
122000233,0,112,-112
122000234,109,196,-87
122000235,306,209,97
122000236,337,143,194
122000237,69,58,11
122000238,91,131,-40
122000239,322,56,266
122000240,608,234,374
122000241,525,299,226
122000242,316,77,239
122000243,97,70,27
122000244,25,498,-473
122000245,34,220,-186
122000246,140,125,15
122000247,318,906,-588
122000248,1050,2012,-962
122000249,302,399,-97
122000250,1124,449,675
122000251,269,219,50
122000252,429,44,385
122000253,68,224,-156
122000254,71,57,14
122000255,428,1809,-1381
122000256,331,1449,-1118
122000257,68,333,-265
122000258,50,143,-93
122000259,14,721,-707
122000260,145,714,-569
122000261,5,121,-116
122000262,1,59,-58
122000263,77,95,-18
122000264,451,418,33
122000265,1477,627,850
122000266,3600,515,3085
122000267,69,126,-57
122000268,80,356,-276
122000269,475,232,243
122000270,458,117,341
122000271,300,841,-541
122000272,180,800,-620
122000273,221,467,-246
122000274,61,272,-211
122000275,74,185,-111
122000276,180,504,-324
122000277,445,1018,-573
122000278,419,809,-390
122000279,93,530,-437
122000280,481,774,-293
122000281,261,531,-270
122000282,42,208,-166
122000283,175,41,134
122000284,71,92,-21
122000285,218,103,115
122000286,46,161,-115
122000287,416,1057,-641
122000288,201,186,15
122000291,499,304,195
122000293,354,393,-39
122000294,53,148,-95
122000295,1125,165,960
122000296,63,489,-426
122000297,2615,1643,972
122000299,200,340,-140
122000300,732,452,280
122000301,11731,1867,9864
122000302,724,488,236
122000303,3639,835,2804
122000304,17,109,-92
122000305,523,687,-164
122000306,31,761,-730
122000307,206,134,72
122000309,69,55,14
122000310,26,13,13
122000311,38,44,-6
122000312,71,26,45
122000313,14,25,-11
122000314,48,218,-170
122000315,100,4,96
122000316,193,166,27
122000317,661,217,444
122000318,365,188,177
122000319,338,382,-44
122000320,249,2063,-1814
122000321,50,258,-208
122000322,2306,2013,293
122000323,1608,1202,406
122000324,1425,1141,284
122000325,895,821,74
122000326,5,131,-126
122000327,212,354,-142
122000328,1370,886,484
122000330,1449,553,896
122000333,3,218,-215
122000337,380,2261,-1881
122000338,243,498,-255
122000340,268,176,92
122000342,2172,933,1239
122000343,305,1427,-1122
122000344,27,14,13
122000345,71,118,-47
122000346,215,494,-279
122000348,264,675,-411
122000349,78,597,-519
122000351,86,176,-90
122000352,224,72,152
122000353,38,113,-75
122000355,100,229,-129
122000356,1360,668,692
122000357,26,14,12
122000358,0,81,-81
122000359,0,42,-42
122000360,0,49,-49
122000362,9,108,-99
122000364,54,382,-328
122000365,4,13,-9
122000366,4,4,0
122000368,397,756,-359
122000370,23,83,-60
122000371,1,0,1
122000372,2,0,2
122000381,24,311,-287
122000382,40,231,-191
122000384,4333,2012,2321
122000385,9,0,9
122000386,454,646,-192
122000387,268,500,-232
122000388,1464,276,1188
122000389,182,723,-541
122000390,296,209,87
122000391,182,56,126
122000392,163,156,7
122000393,73,452,-379
122000394,179,219,-40
122000395,84,121,-37
122000396,226,104,122
122000397,27,104,-77
122000398,9,66,-57
122000399,57,76,-19
122000400,142,272,-130
122000401,77,72,5
122000402,130,53,77
122000403,219,980,-761
122000404,58,262,-204
122000408,993,1090,-97
122000503,9,62,-53
122000524,159,61,98
122000544,23,1545,-1522
122000614,578,190,388
122000616,642,2,640
122000640,17,204,-187
122000641,35,434,-399
122000642,713,1151,-438
122000643,8,100,-92
122000644,161,36,125
122000645,57,114,-57
122000651,1955,542,1413
122000664,119,17,102
122000665,940,522,418
122000666,436,1076,-640
122000673,23,305,-282
122000674,65,46,19
122000675,842,906,-64
122000686,137,1163,-1026
122000687,566,322,244
122000688,139,676,-537
122000689,270,582,-312
122000690,412,767,-355
122000691,195,2302,-2107
122000692,596,295,301
122000693,270,1604,-1334
122000695,45,212,-167
122000696,127,294,-167
122000698,137,1310,-1173
122000699,104,28,76
122000701,759,322,437
122000702,333,1987,-1654
122000703,149,27,122
122000712,0,0,0
122000717,654,129,525
122000718,785,658,127
122000719,36,39,-3
122000720,112,216,-104
122000724,244,305,-61
122900001,15,0,15
122900002,814,1380,-566
122900003,220,26,194
122900004,737,15,722
122900005,27,49,-22
122900006,171,341,-170
122900007,51,2,49
122900008,392,102,290
122900009,565,160,405
122900010,125,117,8
122900012,292,252,40
122900014,108,228,-120
122900015,1758,207,1551
122900016,33,202,-169
122900017,520,523,-3
122900018,170,5,165
122900020,173,301,-128
122900021,32,442,-410
122900022,264,879,-615
122900023,77,201,-124
122900024,73,76,-3
122900025,10,154,-144
122900026,133,334,-201
122900027,35,542,-507
122900028,55,100,-45
122900029,3614,1506,2108
122900030,1107,307,800
122900031,69,121,-52
122900032,83,166,-83
122900033,119,162,-43
122900034,2964,3130,-166
122900035,4,1,3
122900036,5,114,-109
122900037,264,108,156
122900038,95,1198,-1103
122900039,111,327,-216
122900040,166,303,-137
122900041,88,228,-140
122900042,82,263,-181
122900043,239,133,106
122900044,46,210,-164
122900045,101,67,34
122900046,46,111,-65
122900047,183,69,114
122900048,21,112,-91
122900049,1704,96,1608
122900051,77,63,14
122900052,29,105,-76
122900053,18,15,3
122900055,240,53,187
122900057,255,13,242
122900061,292,98,194
122900062,241,277,-36
122900063,78,312,-234
122900064,632,463,169
122900065,200,96,104
122900066,267,173,94
122900067,1326,630,696
122900069,96,499,-403
122900070,164,34,130
122900071,86,376,-290
122900073,31,202,-171
122900074,151,554,-403
122900075,0,58,-58
122900076,4,153,-149
122900077,1,127,-126
122900078,29,98,-69
122900080,60,21,39
122900081,87,119,-32
122900082,567,157,410
122900083,239,89,150
122900084,5,239,-234
122900086,7,21,-14
122900087,123,470,-347
122900088,35,48,-13
122900089,14,268,-254
122900090,4,601,-597
122900091,58,0,58
122900092,0,135,-135
122900093,0,337,-337
122900094,1,214,-213
122900095,52,0,52
122900096,54,316,-262
122900097,3,13,-10
122900098,58,75,-17
122900099,4,1,3
122900100,139,128,11
122900101,620,99,521
122900102,2,6,-4
122900103,30,2,28
122900104,19,0,19
122900105,3,9,-6
122900106,2,71,-69
122900107,4,163,-159
122900108,8,229,-221
122900109,46,150,-104
123000001,1625,266,1359
123000002,4878,1717,3161
123000003,3507,2021,1486
123000004,3479,3699,-220
123000005,1744,1938,-194
123000006,3162,2732,430
123000007,2621,1978,643
123000008,2383,3718,-1335
123000009,3831,2561,1270
123000010,3097,3587,-490
123000011,2939,847,2092
123000012,1164,2212,-1048
123000013,2806,993,1813
123000014,1420,3210,-1790
123000015,3478,639,2839
123000016,5753,2029,3724
123000017,2740,1237,1503
123000018,54,66,-12
123000019,65,349,-284
123000020,43,104,-61
123000021,80,114,-34
123000022,331,741,-410
123000023,938,958,-20
123000024,775,457,318
123000025,83,78,5
123000026,2,130,-128
123000027,213,300,-87
123000028,380,745,-365
123000029,526,493,33
123000030,109,715,-606
123000031,113,315,-202
123000032,103,320,-217
123000033,127,58,69
123000034,513,440,73
123000035,139,187,-48
123000036,433,479,-46
123000037,109,251,-142
123000038,56,168,-112
123000039,485,602,-117
123000040,910,222,688
123000041,1015,575,440
123000042,826,407,419
123000043,3094,3460,-366
123000044,5217,1503,3714
123000045,9978,1100,8878
123000046,701,549,152
123000047,2611,744,1867
123000048,53,235,-182
123000049,5690,2775,2915
123000050,584,761,-177
123000051,79,122,-43
123000052,461,1515,-1054
123000053,2054,1907,147
123000054,1036,888,148
123000055,977,838,139
123000056,1081,1751,-670
123000057,14703,3980,10723
123000058,438,535,-97
123000059,358,255,103
123000060,558,231,327
123000061,112,571,-459
123000063,697,526,171
123000064,638,207,431
123000065,6534,3018,3516
123000066,1120,581,539
123000067,282,515,-233
123000068,2739,2887,-148
123000069,7439,3256,4183
123000070,264,681,-417
123000071,405,1137,-732
123000072,774,1527,-753
123000073,506,797,-291
123000074,708,2085,-1377
123000075,330,646,-316
123000076,335,1201,-866
123000077,1893,3574,-1681
123000078,771,1813,-1042
123000079,664,1895,-1231
123000080,1371,2524,-1153
123000081,245,486,-241
123000082,357,949,-592
123000083,786,104,682
123000084,320,915,-595
123000085,52,99,-47
123000086,135,412,-277
123000087,50,509,-459
123000088,604,1255,-651
123000089,329,1297,-968
123000090,1094,1136,-42
123000091,1503,1180,323
123000092,1227,1152,75
123000094,256,208,48
123000095,140,525,-385
123000096,262,354,-92
123000097,168,1089,-921
123000098,473,499,-26
123000099,481,803,-322
123000100,396,398,-2
123000101,475,292,183
123000102,535,541,-6
123000104,713,346,367
123000105,572,547,25
123000106,635,310,325
123000107,508,491,17
123000108,1219,1009,210
123000111,402,195,207
123000112,439,510,-71
123000113,529,1667,-1138
123000114,273,366,-93
123000115,133,302,-169
123000116,27,153,-126
123000117,943,1973,-1030
123000118,278,742,-464
123000119,166,1049,-883
123000120,311,821,-510
123000121,405,513,-108
123000122,280,307,-27
123000123,395,537,-142
123000124,670,497,173
123000125,1111,574,537
123000126,2131,1379,752
123000127,1909,834,1075
123000128,239,403,-164
123000129,214,123,91
123000130,219,38,181
123000131,388,436,-48
123000132,375,464,-89
123000133,523,362,161
123000134,705,163,542
123000135,861,954,-93
123000136,172,1337,-1165
123000137,66,377,-311
123000138,54,425,-371
123000139,220,75,145
123000140,139,617,-478
123000141,778,66,712
123000142,884,1028,-144
123000143,953,2469,-1516
123000144,11,13,-2
123000145,107,105,2
123000146,23,78,-55
123000147,65,93,-28
123000149,232,240,-8
123000150,212,162,50
123000151,297,414,-117
123000152,38,309,-271
123000153,144,439,-295
123000154,1883,1366,517
123000155,2282,722,1560
123000156,44,59,-15
123000157,552,774,-222
123000158,709,439,270
123000159,1986,1050,936
123000160,458,391,67
123000161,863,590,273
123000162,292,894,-602
123000163,132,22,110
123000164,625,173,452
123000165,226,1752,-1526
123000166,15,167,-152
123000167,98,312,-214
123000168,104,292,-188
123000169,266,71,195
123000170,27,334,-307
123000171,117,54,63
123000172,274,681,-407
123000173,291,118,173
123000174,487,112,375
123000175,850,1376,-526
123000176,539,95,444
123000177,246,975,-729
123000178,406,42,364
123000179,23,777,-754
123000180,750,251,499
123000181,165,1255,-1090
123000182,103,478,-375
123000183,93,101,-8
123000184,40,779,-739
123000185,200,314,-114
123000186,96,642,-546
123000187,272,7,265
123000188,198,29,169
123000189,42,7,35
123000190,14,136,-122
123000192,34,436,-402
123000193,35,568,-533
123000194,185,155,30
123000195,176,11,165
123000196,130,18,112
123000197,33,44,-11
123000198,8,161,-153
123000199,11,508,-497
123000200,160,27,133
123000201,416,17,399
123000202,15,1406,-1391
123000203,330,46,284
123000204,42,1184,-1142
123000205,174,1787,-1613
123000206,697,85,612
123000207,74,1058,-984
123000208,149,119,30
123000209,1027,255,772
123000210,387,1818,-1431
123000211,487,2672,-2185
123000212,1052,205,847
123000213,230,39,191
123000215,162,82,80
123000216,139,593,-454
123000217,115,29,86
123000218,75,251,-176
123000219,870,31,839
123000220,396,60,336
123000221,83,110,-27
123000222,188,354,-166
123000223,60,571,-511
123000224,317,712,-395
123000225,170,69,101
123000226,112,354,-242
123000227,34,360,-326
123000228,166,37,129
123000229,971,1605,-634
123000232,60,510,-450
123000233,346,123,223
123000234,107,627,-520
123000235,201,257,-56
123000236,100,779,-679
123000237,197,36,161
123000238,61,554,-493
123000239,371,1891,-1520
123000240,14,202,-188
123000241,799,70,729
123000242,28,150,-122
123000243,285,937,-652
123000244,630,365,265
123000245,30,106,-76
123000249,371,635,-264
123000252,521,134,387
123000253,387,272,115
123000254,297,858,-561
123000255,502,480,22
123000256,25,187,-162
123000257,2450,2171,279
123000258,850,1093,-243
123000259,97,281,-184
123000260,212,479,-267
123000261,67,132,-65
123000262,64,241,-177
123000263,172,78,94
123000264,152,40,112
123000265,72,124,-52
123000266,361,566,-205
123000267,130,170,-40
123000268,13,77,-64
123000269,45,23,22
123000270,16,27,-11
123000271,35,113,-78
123000272,698,234,464
123000273,154,445,-291
123000274,737,294,443
123000275,199,988,-789
123000278,3063,2173,890
123000279,32,82,-50
123000280,155,314,-159
123000281,140,49,91
123000282,35,299,-264
123000283,57,30,27
123000284,52,125,-73
123000286,242,169,73
123000287,607,186,421
123000288,684,406,278
123000289,354,560,-206
123000291,284,659,-375
123000294,187,304,-117
123000295,683,948,-265
123000296,229,649,-420
123000297,247,961,-714
123000298,220,646,-426
123000299,57,497,-440
123000300,554,584,-30
123000301,71,148,-77
123000302,80,147,-67
123000303,30,144,-114
123000305,884,771,113
123000306,36,283,-247
123000309,28,51,-23
123000310,37,37,0
123000311,16,242,-226
123000312,845,1029,-184
123000313,148,205,-57
123000315,115,237,-122
123000316,1885,176,1709
123000317,196,35,161
123000318,41,261,-220
123000329,7,12,-5
123000337,101,257,-156
123000338,362,70,292
123000339,45,212,-167
123000340,207,470,-263
123000342,8,200,-192
123000343,49,0,49
123000344,773,363,410
123000345,372,550,-178
123000346,211,119,92
123000352,1704,697,1007
123000353,38,166,-128
123000354,275,36,239
123000355,0,396,-396
123000356,72,6,66
123000357,2,307,-305
123000359,9,218,-209
123000360,145,17,128
123000361,522,203,319
123000362,99,63,36
123000363,68,209,-141
123000364,301,329,-28
123000365,26,165,-139
123000366,185,878,-693
123000367,338,1058,-720
123000370,23,266,-243
123000371,302,5,297
123000372,78,2,76
123000373,6,255,-249
123000374,7,211,-204
123000375,97,5,92
123000376,528,489,39
123000377,115,8,107
123000378,4,312,-308
123000379,3,328,-325
123000380,34,48,-14
123000381,103,24,79
123000382,872,24,848
123000383,153,606,-453
123000384,417,51,366
123000385,377,674,-297
123000436,30,617,-587
123000507,213,345,-132
123000508,135,312,-177
123000517,262,14,248
123000518,25,208,-183
123000519,100,44,56
123000520,70,165,-95
123000521,219,70,149
123000522,190,497,-307
123000541,4,0,4
123000542,0,31,-31
123000565,203,16,187
123000566,47,857,-810
123000567,191,308,-117
123000573,16,891,-875
123000574,237,47,190
123000575,1154,916,238
123000576,473,1522,-1049
123000577,88,452,-364
123000578,641,118,523
123000579,5054,2271,2783
123000580,77,142,-65
123000582,173,19,154
123000583,9,382,-373
123000584,87,205,-118
123000585,0,105,-105
123000586,33,18,15
123000596,106,143,-37
123000597,48,82,-34
123000602,13,1,12
123000603,201,792,-591
123000604,294,1090,-796
123000605,507,21,486
123000606,2,170,-168
123000609,5,407,-402
123000610,93,75,18
123000613,65,130,-65
123000614,161,47,114
123000615,42,230,-188
123000616,191,48,143
123000617,23,428,-405
123000618,32,601,-569
123000619,567,17,550
123000620,10,486,-476
123000622,202,23,179
123000624,164,65,99
123000630,449,324,125
123000631,129,2131,-2002
123000632,1264,1176,88
123000633,0,207,-207
123000634,60,45,15
123000635,267,95,172
123000636,19,538,-519
123000637,135,40,95
123000638,295,118,177
123000639,757,1801,-1044
123000640,46,962,-916
123000648,161,45,116
123000649,48,737,-689
123000650,29,94,-65
123000651,9,121,-112
123000652,23,15,8
123000653,3,81,-78
123000654,18,205,-187
123900001,1209,31,1178
123900002,3,680,-677
123900003,192,532,-340
123900005,97,89,8
123900006,91,32,59
124000001,958,25,933
124000002,49,1474,-1425
124000003,244,55,189
124000004,22,529,-507
124000005,468,139,329
124000006,156,1178,-1022
124000007,434,69,365
124000008,30,373,-343
124000009,199,165,34
124000010,75,622,-547
124000011,408,201,207
124000012,218,819,-601
124000017,55,99,-44
124000018,77,98,-21
124000019,55,69,-14
124000020,41,222,-181
124000021,61,33,28
124000022,124,263,-139
124000023,367,75,292
124000024,1008,685,323
124000025,562,172,390
124000026,715,471,244
124000027,1416,293,1123
124000028,2711,980,1731
124000031,729,584,145
124000032,3156,1315,1841
124000033,533,214,319
124000034,809,1382,-573
124000035,143,70,73
124000036,435,628,-193
124000037,274,262,12
124000038,34,70,-36
124000039,946,216,730
124000040,667,425,242
124000041,143,51,92
124000042,52,254,-202
124000043,368,63,305
124000044,218,219,-1
124000045,330,312,18
124000046,99,584,-485
124000047,410,473,-63
124000048,305,1448,-1143
124000049,593,593,0
124000050,350,2169,-1819
124000051,282,400,-118
124000052,304,1479,-1175
124000053,377,727,-350
124000054,605,1059,-454
124000055,880,945,-65
124000056,3122,1190,1932
124000057,472,370,102
124000058,341,1307,-966
124000059,429,536,-107
124000060,1156,936,220
124000061,1004,2196,-1192
124000062,7001,1753,5248
124000063,1158,1631,-473
124000064,3276,2161,1115
124000065,239,319,-80
124000066,260,46,214
124000067,33,146,-113
124000068,27,99,-72
124000069,182,163,19
124000070,104,496,-392
124000071,89,68,21
124000072,153,471,-318
124000073,431,103,328
124000074,117,854,-737
124000075,68,29,39
124000076,11,249,-238
124000077,1561,531,1030
124000078,2116,271,1845
124000079,592,636,-44
124000080,219,84,135
124000081,104,722,-618
124000082,25,98,-73
124000083,26,179,-153
124000084,77,200,-123
124000085,84,28,56
124000086,28,65,-37
124000087,76,59,17
124000088,73,190,-117
124000089,227,235,-8
124000090,97,417,-320
124000091,229,121,108
124000092,78,745,-667
124000093,92,65,27
124000094,158,250,-92
124000095,44,85,-41
124000096,50,264,-214
124000097,67,81,-14
124000098,32,159,-127
124000099,83,72,11
124000100,15,143,-128
124000101,17,95,-78
124000102,100,121,-21
124000103,42,110,-68
124000104,69,123,-54
124000105,18,63,-45
124000106,123,134,-11
124000107,9,73,-64
124000108,64,49,15
124000109,70,35,35
124000110,118,107,11
124000111,153,138,15
124000112,325,641,-316
124000113,31,63,-32
124000114,115,604,-489
124000115,225,729,-504
124000116,69,61,8
124000117,72,59,13
124000118,49,72,-23
124000119,875,394,481
124000120,347,399,-52
124000121,2287,676,1611
124000122,453,958,-505
124000123,692,331,361
124000124,452,754,-302
124000125,229,255,-26
124000126,360,497,-137
124000127,374,285,89
124000128,500,955,-455
124000129,1228,1003,225
124000130,649,550,99
124000131,688,383,305
124000132,749,730,19
124000133,439,616,-177
124000134,530,773,-243
124000135,1082,1063,19
124000136,778,1055,-277
124000137,980,351,629
124000138,1114,863,251
124000139,551,34,517
124000140,64,537,-473
124000141,189,14,175
124000142,37,659,-622
124000143,28,5,23
124000144,4,176,-172
124000145,22,23,-1
124000146,7,104,-97
124000148,14,27,-13
124000149,600,246,354
124000150,429,454,-25
124000151,479,211,268
124000152,681,902,-221
124000153,947,445,502
124000154,664,849,-185
124000155,933,580,353
124000156,1202,886,316
124000169,198,269,-71
124000170,581,325,256
124000171,140,183,-43
124000172,298,630,-332
124000173,247,277,-30
124000174,175,707,-532
124000175,4,144,-140
124000176,10,10,0
124000177,14,49,-35
124000178,12,15,-3
124000185,14,4,10
124000186,0,79,-79
124000187,4,110,-106
124000188,15,4,11
124000190,237,32,205
124000191,516,106,410
124000192,1576,199,1377
124000193,329,909,-580
124000194,309,563,-254
124000195,136,310,-174
124000196,979,1179,-200
124000197,69,57,12
124000198,11,20,-9
124000201,197,1202,-1005
124000202,233,58,175
124000203,79,1036,-957
124000204,180,386,-206
124000205,41,616,-575
124000206,127,314,-187
124000207,2,48,-46
124000209,80,355,-275
124000210,145,143,2
124000211,95,0,95
124000212,3,536,-533
124000213,95,356,-261
124000214,102,542,-440
124000215,66,4,62
124000216,0,569,-569
124000329,52,2162,-2110
124000338,22,1115,-1093
124000339,197,50,147
124000341,304,62,242
124000344,26,15,11
124000357,924,1720,-796
124000358,912,1621,-709
124000359,597,357,240
124000360,297,348,-51
124000361,781,503,278
124000362,1065,1418,-353
124000363,250,610,-360
124000364,420,1106,-686
124000365,702,1295,-593
124000366,2309,1482,827
124000367,72,496,-424
124000368,125,153,-28
124000369,54,78,-24
124000370,50,467,-417
124000402,12,5,7
124000403,42,8,34
124000404,11,123,-112
124000405,750,480,270
124000406,760,738,22
124000407,4,26,-22
124000411,2,330,-328
124000412,139,13,126
124000413,267,45,222
124000414,26,117,-91
124000415,15,188,-173
124000416,83,339,-256
124000417,99,103,-4
124000418,45,169,-124
124000419,40,185,-145
124000420,22,80,-58
124000421,15,306,-291
124000422,27,5,22
124000423,124,22,102
124000424,0,139,-139
124000425,27,12,15
124000426,6,230,-224
124000427,29,6,23
124000428,8,27,-19
124000429,28,55,-27
124000430,346,503,-157
124000431,327,590,-263
124000432,78,849,-771
124000439,16,7,9
124000443,0,0,0
124000445,133,416,-283
124000446,2974,161,2813
124000447,12,47,-35
124000448,18,4,14
124000449,42,10,32
124000450,9,420,-411
124000451,2,253,-251
124000452,413,43,370
124000453,2427,1977,450
124000454,3384,3325,59
124000457,4,79,-75
124000458,4,186,-182
124900001,219,267,-48
124900002,72,442,-370
124900003,363,499,-136
124900004,200,349,-149
124900005,139,154,-15
124900006,165,346,-181
124900008,1018,358,660
124900009,123,75,48
124900010,58,18,40
124900011,134,102,32
124900012,225,56,169
124900013,206,68,138
124900014,108,52,56
124900015,45,78,-33
124900016,9,23,-14
124900017,378,267,111
124900018,6,0,6
124900020,11,11,0
124900021,74,12,62
124900022,5,7,-2
124900024,113,1,112
124900026,89,9,80
124900027,56,113,-57
124900028,574,125,449
124900029,7,326,-319
124900030,6,116,-110
124900031,6,301,-295
124900032,164,126,38
124900033,31,300,-269
124900034,3,76,-73
124900035,78,279,-201
124900036,2,37,-35
124900037,90,308,-218
124900038,212,352,-140
124900039,0,19,-19
124900040,35,66,-31
124900041,181,1423,-1242
124900042,15,0,15
124900043,238,1270,-1032
124900044,47,0,47
124900045,338,549,-211
124900047,81,128,-47
124900048,80,141,-61
124900050,84,249,-165
124900052,56,315,-259
124900053,30,226,-196
124900054,2404,256,2148
124900055,0,85,-85
124900057,14,128,-114
124900060,37,163,-126
124900061,13,3,10
124900062,15,14,1
124900066,0,5,-5
124900067,2,155,-153
124900068,180,144,36
124900070,25,21,4
124900072,25,8,17
124900075,44,208,-164
124900076,16,291,-275
124900077,19,70,-51
124900078,12,6,6
124900079,517,40,477
124900080,131,824,-693
124900081,367,209,158
124900082,205,1101,-896
124900083,116,528,-412
124900085,1188,110,1078
124900086,17,416,-399
124900087,459,31,428
124900088,496,90,406
124900089,1316,10,1306
124900090,78,134,-56
124900091,119,471,-352
124900092,130,401,-271
124900093,77,101,-24
124900094,110,132,-22
124900095,58,182,-124
124900096,384,87,297
124900097,96,39,57
124900098,83,334,-251
124900099,357,213,144
124900100,109,11,98
124900101,34,481,-447
124900102,77,13,64
124900103,51,263,-212
124900104,11,220,-209
124900105,23,155,-132
124900106,106,18,88
124900107,39,5,34
124900108,161,22,139
124900111,0,54,-54
124900112,27,601,-574
124900113,98,59,39
124900114,283,42,241
124900115,34,24,10
124900116,43,56,-13
124900117,623,85,538
124900118,102,69,33
124900119,141,71,70
124900120,6,302,-296
124900121,77,99,-22
124900122,386,141,245
124900123,515,41,474
124900124,183,121,62
124900125,49,4,45
124900126,2,259,-257
204000001,41,25,16
204000002,13,25,-12
204000003,17,0,17
204000004,7,2,5
204000005,332,269,63
204000006,612,686,-74
204000011,5,61,-56
204000012,18,110,-92
204000019,433,397,36
204000020,334,735,-401
204000021,1857,696,1161
204000022,302,406,-104
204000023,273,1314,-1041
204000031,89,14,75
204000032,447,26,421
204000034,16,271,-255
204000035,0,3,-3
204000036,5,12,-7
204000037,4,35,-31
204000038,1,38,-37
204000039,17,66,-49
204000040,3,26,-23
204000041,6,41,-35
204000042,18,15,3
204000043,12,3,9
204000044,24,1,23
204000045,23,3,20
204000046,14,6,8
204000057,6,52,-46
204000062,14,284,-270
204000068,30,172,-142
204000069,16,154,-138
204000070,36,91,-55
204000080,19,55,-36
204000085,914,1570,-656
204000086,2880,2147,733
204000087,37,13,24
204000088,4,89,-85
204000090,23,369,-346
204000093,152,69,83
204000096,402,495,-93
204000097,158,60,98
204000099,732,984,-252
204000100,512,799,-287
204000105,1691,1304,387
204000110,565,1345,-780
204000111,341,877,-536
204000112,843,888,-45
204000113,419,814,-395
204000114,445,394,51
204000115,286,309,-23
204000116,1276,498,778
204000119,1232,1201,31
204000132,282,201,81
204000133,376,218,158
204000134,129,107,22
204000135,348,109,239
204000136,105,164,-59
204000138,139,298,-159
204000140,96,66,30
204000141,54,52,2
204000144,4,19,-15
204000145,650,27,623
204000146,13,314,-301
204000147,32,157,-125
204000148,355,25,330
204000154,10,0,10
204000155,2,5,-3
204000177,79,76,3
204000179,7,8,-1
204000180,0,69,-69
204000222,1,8,-7
204000235,6,8,-2
204000236,63,279,-216
204000238,22,18,4
204000240,403,52,351
204000263,424,1479,-1055
204000268,792,314,478
204000308,112,20,92
204000317,11,47,-36
204000322,1,18,-17
204000323,19,8,11
204000328,187,51,136
204000329,134,93,41
204000330,178,138,40
204000331,55,174,-119
205000001,1037,1019,18
205000013,13,103,-90
205000014,14,132,-118
205000015,42,218,-176
205000016,22,150,-128
205000017,24,62,-38
205000022,308,538,-230
205000025,1579,928,651
205000029,145,4,141
205000045,57,140,-83
205000046,47,539,-492
205000047,31,484,-453
205000048,116,1003,-887
205000049,90,694,-604
205000050,1071,241,830
205000059,0,251,-251
205000060,0,43,-43
205000061,2,23,-21
205000062,1,18,-17
205000063,6,73,-67
205000064,15,123,-108
205000065,59,668,-609
205000066,57,753,-696
205000067,55,1137,-1082
205000069,226,15,211
205000082,81,147,-66
205000110,60,229,-169
205000111,137,247,-110
205000112,67,106,-39
205000113,175,180,-5
205000121,155,44,111
205000123,48,209,-161
205000126,232,70,162
205000127,436,132,304
205000128,429,54,375
205000129,287,87,200
205000130,252,57,195
205000131,204,5,199
205000132,341,4,337
205000133,78,0,78
205000134,171,0,171
205000137,89,121,-32
205000138,195,343,-148
205000139,24,110,-86
205000144,52,34,18
205000145,205,97,108
205000151,40,24,16
205000152,73,19,54
205000153,121,51,70
205000154,45,71,-26
205000155,42,16,26
205000207,16,167,-151
205000233,15,0,15
205000234,0,0,0
205000243,0,0,0
205000244,0,2,-2
205000245,5,291,-286
205000249,0,28,-28
205000250,6,1,5
205000264,2,75,-73
206000027,6,1,5
206000028,12,1,11
206000043,5,107,-102
206000053,9,8,1
206000054,10,13,-3
206000055,1,40,-39
206000075,8,7,1
206000076,13,7,6
206000077,13,5,8
206000078,7,2,5
206000079,18,4,14
206000082,305,25,280
206000100,39,545,-506
206000103,7,25,-18
206000104,15,12,3
206000105,14,32,-18
206000106,16,28,-12
206000125,46,1,45
206000157,114,591,-477
206000170,1,174,-173
206000171,4,213,-209
206000172,5,977,-972
206000173,2,383,-381
206000174,7,177,-170
206000175,2,251,-249
206000176,12,408,-396
206000177,0,238,-238
206000178,3,175,-172
206000179,7,93,-86
206000180,36,248,-212
206000181,16,312,-296
206000182,26,350,-324
206000183,20,1021,-1001
206000184,3,399,-396
206000185,5,349,-344
206000186,116,1698,-1582
206000223,5,270,-265
206000226,29,2,27
206000227,19,0,19
206000237,18,375,-357
206000238,38,704,-666
206000239,499,2046,-1547
206000240,3,68,-65
206000241,0,120,-120
206000242,3,462,-459
206000243,12,436,-424
206000244,34,1007,-973
206000245,273,38,235
206000246,44,11,33
206000247,69,12,57
206000248,141,15,126
206000252,43,15,28
206000258,16,51,-35
206000315,25,7,18
206000317,267,66,201
206000318,119,48,71
206000319,430,68,362
206000320,29,30,-1
206000321,35,10,25
206000322,143,6,137
206000323,59,10,49
206000324,57,18,39
206000325,66,5,61
206000326,91,6,85
206000327,79,5,74
206000328,43,1,42
206000329,64,7,57
206000330,29,4,25
206000331,63,4,59
206000332,15,4,11
206000333,151,2,149
206000334,87,0,87
206000335,0,18,-18
206000361,9,191,-182
206000392,9,41,-32
206000405,123,2,121
206000441,5,11,-6
206000498,31,2,29
206000515,93,14,79
206000530,85,29,56
206000531,176,51,125
206000532,1925,71,1854
206000535,274,1950,-1676
206000536,27,291,-264
206000537,9,168,-159
206000613,1023,121,902
206000784,374,37,337
207000001,141,333,-192
207000002,43,332,-289
207000003,145,185,-40
207000007,363,196,167
207000008,49,13,36
207000009,49,34,15
207000010,527,615,-88
207000012,168,153,15
207000015,281,1750,-1469
207000019,131,54,77
207000021,439,162,277
207000022,48,92,-44
207000023,51,37,14
207000024,3,6,-3
207000025,19,61,-42
207000026,184,41,143
207000027,9,60,-51
207000028,44,189,-145
207000029,239,298,-59
207000033,151,182,-31
207000034,145,64,81
207000039,146,99,47
207000040,119,129,-10
207000041,17,33,-16
207000042,127,83,44
207000043,140,175,-35
207000051,78,308,-230
207000052,25,205,-180
207000053,344,632,-288
207000054,19,129,-110
207000055,74,222,-148
207000056,156,457,-301
207000057,137,273,-136
207000058,63,496,-433
207000059,38,981,-943
207000060,37,322,-285
207000061,102,110,-8
207000062,98,53,45
207000063,116,170,-54
207000064,224,164,60
207000065,191,195,-4
207000066,59,148,-89
207000067,31,105,-74
207000068,71,54,17
207000069,565,328,237
207000082,32,447,-415
207000083,70,418,-348
207000084,93,176,-83
207000085,146,14,132
207000086,60,6,54
207000106,9,26,-17
207000107,41,15,26
207000108,28,9,19
207000109,45,12,33
207000110,22,30,-8
207000111,45,65,-20
207000112,100,240,-140
207000114,17,16,1
207000115,20,70,-50
207000116,14,225,-211
207000117,4,126,-122
207000118,2,89,-87
207000119,14,82,-68
207000123,139,18,121
207000124,40,12,28
207000125,46,11,35
207000126,110,25,85
207000134,30,306,-276
207000135,39,310,-271
207000148,44,128,-84
207000149,96,31,65
207000152,125,352,-227
207000153,1022,711,311
207000154,288,124,164
207000159,35,310,-275
207000160,63,699,-636
207000238,1,111,-110
207000242,5,170,-165
207000248,28,12,16
207000249,178,49,129
207000250,644,70,574
207000251,79,80,-1
207000252,50,50,0
207000278,45,43,2
207000279,15,253,-238
207000280,182,73,109
207000281,51,1226,-1175
207000282,159,25,134
207000283,150,191,-41
207000284,59,112,-53
207000285,160,50,110
207000291,10,123,-113
207000304,67,50,17
207000306,35,381,-346
207000310,13,63,-50
207000353,138,10,128
207000356,2,14,-12
207000357,2,2,0
207000358,19,2,17
207000415,5,179,-174
207000417,13,3,10
207000418,108,148,-40
207000438,0,6,-6
207000439,1095,230,865
207000446,111,2,109
207000460,6,11,-5
207000466,157,144,13
207000467,94,103,-9
207000468,24,560,-536
207000476,4,76,-72
207000477,138,107,31
207000478,1,11,-10
207000523,0,6,-6
207000524,73,4,69
207000527,70,144,-74
207000530,101,4,97
207000531,154,11,143
207000532,55,15,40
207000534,578,33,545
207000535,63,150,-87
207000537,36,83,-47
207000540,5,207,-202
207000541,3,269,-266
207000548,8,297,-289
207000549,93,8,85
207000561,76,68,8
207000562,33,190,-157
207000567,123,270,-147
207000568,37,84,-47
207000569,81,1114,-1033
207000584,367,109,258
207000585,84,133,-49
207000587,23,16,7
207000616,0,164,-164
207000617,55,0,55
207000624,63,29,34
207000631,6,35,-29
207900008,75,364,-289
208000001,304,578,-274
208000002,288,419,-131
208000003,589,531,58
208000004,791,648,143
208000005,15,11,4
208000019,377,806,-429
208000020,116,398,-282
208000021,85,429,-344
208000022,354,752,-398
208000028,975,917,58
208000033,315,572,-257
208000034,903,1340,-437
208000037,373,46,327
208000040,108,148,-40
208000041,1034,414,620
208000042,626,456,170
208000047,64,349,-285
208000064,2179,1264,915
208000066,1117,616,501
208000070,181,435,-254
208000071,210,717,-507
208000072,293,1189,-896
208000080,122,335,-213
208000081,128,196,-68
208000082,135,339,-204
208000083,49,447,-398
208000084,14,15,-1
208000085,732,572,160
208000086,383,888,-505
208000087,195,772,-577
208000089,448,592,-144
208000090,406,908,-502
208000093,120,101,19
208000094,250,503,-253
208000095,418,340,78
208000104,640,965,-325
208000105,378,1086,-708
208000114,31,143,-112
208000115,396,301,95
208000116,232,828,-596
208000117,66,91,-25
208000118,52,72,-20
208000155,349,980,-631
208000158,1645,1722,-77
208000186,2462,1481,981
208000204,258,711,-453
208000205,693,1197,-504
208000282,2729,888,1841
209000004,75,174,-99
209000005,17,25,-8
209000006,332,101,231
209000007,184,180,4
209000010,495,160,335
209000011,140,177,-37
209000012,104,193,-89
209000013,160,597,-437
209000014,638,1557,-919
209000025,132,42,90
209000026,417,73,344
209000027,312,1147,-835
209000028,309,1080,-771
209000029,514,1018,-504
209000030,567,1559,-992
209000031,3524,2505,1019
209000034,118,165,-47
209000035,104,128,-24
209000036,99,100,-1
209000037,142,206,-64
209000038,60,184,-124
209000039,55,172,-117
209000040,235,385,-150
209000041,166,285,-119
209000042,167,313,-146
209000043,608,548,60
209000044,135,504,-369
209000045,861,336,525
209000046,227,414,-187
209000047,248,159,89
209000048,327,230,97
209000049,116,180,-64
209000050,180,257,-77
209000051,197,397,-200
209000052,134,409,-275
209000062,62,227,-165
209000063,26,158,-132
209000064,16,156,-140
209000065,12,34,-22
209000066,32,35,-3
209000067,44,94,-50
209000080,13,182,-169
209000082,69,37,32
209000091,38,72,-34
209000093,90,32,58
209000094,204,83,121
209000110,15,19,-4
209000111,356,869,-513
209000112,488,430,58
209000113,936,347,589
209000114,175,192,-17
209000115,101,206,-105
209000116,883,518,365
209000118,8,19,-11
209000119,15,2,13
209000121,111,676,-565
209000135,37,49,-12
209000142,688,805,-117
209000143,50,78,-28
209000144,45,60,-15
209000229,128,123,5
209000240,47,505,-458
209000259,187,180,7
209000260,44,692,-648
209000261,4,505,-501
209000262,3,530,-527
209000263,0,103,-103
209000264,0,25,-25
209000265,369,2,367
209000266,53,15,38
209000267,215,12,203
209000268,505,26,479
210000037,49,10,39
210000047,85,19,66
210000048,37,19,18
210000049,48,20,28
210000052,25,137,-112
210000053,19,85,-66
210000054,56,91,-35
210000070,40,1,39
210000071,27,0,27
210000072,27,0,27
210000073,0,25,-25
210000074,0,106,-106
210000075,1,45,-44
210000076,6,118,-112
210000077,46,30,16
210000078,48,30,18
210000079,28,6,22
210000080,97,48,49
210000081,93,8,85
210000082,22,0,22
210000083,46,0,46
210000084,38,0,38
210000085,0,75,-75
210000086,3,124,-121
210000099,26,214,-188
210000100,26,252,-226
210000101,58,244,-186
210000105,28,191,-163
210000159,1,108,-107
210000163,185,252,-67
210000164,262,73,189
210000168,181,15,166
210000187,0,16,-16
210000188,0,15,-15
210000214,9,0,9
210000219,13,52,-39
210000220,34,95,-61
210000232,0,21,-21
210000233,31,61,-30
210000234,32,174,-142
210000235,22,123,-101
210000245,0,43,-43
210000246,8,0,8
210000258,11,131,-120
210000259,183,23,160
210000282,45,165,-120
210000285,0,114,-114
210000286,7,198,-191
210000290,2,10,-8
210000295,32,171,-139
210000296,67,53,14
210000320,78,104,-26
210000321,20,57,-37
210000338,73,116,-43
210000339,487,643,-156
210000340,130,204,-74
210000341,118,204,-86
210000342,118,212,-94
210000343,124,248,-124
210000344,241,110,131
210000345,203,153,50
210000346,40,102,-62
210000347,159,26,133
210000348,120,16,104
210000349,146,26,120
210000350,68,55,13
210000351,63,110,-47
210000352,36,77,-41
210000353,23,116,-93
210000354,22,106,-84
210000355,27,92,-65
210000356,63,36,27
210000357,40,41,-1
210000358,364,70,294
210000359,68,43,25
210000360,130,72,58
210000361,85,162,-77
210000362,165,125,40
210000363,832,154,678
210000364,84,76,8
210000365,74,29,45
210000366,87,23,64
210000367,56,25,31
210000368,73,41,32
210000369,24,27,-3
210000370,49,62,-13
210000372,32,30,2
210000373,44,14,30
210000374,47,27,20
210000375,9,77,-68
210000376,67,152,-85
210000404,106,151,-45
210000439,11,43,-32
210000472,45,2,43
210000482,72,46,26
210000564,542,107,435
210000567,1,11,-10
210000568,461,1,460
211000092,19,53,-34
211000094,77,15,62
211000169,243,3,240
211000172,2,143,-141
211000209,2,17,-15
211000226,21,33,-12
211000270,13,6,7
211000275,11,24,-13
211000276,25,23,2
211000279,2,97,-95
211000281,37,94,-57
211000302,9,56,-47
211507980,1,27,-26
211977296,6,5,1
212000003,87,52,35
212000004,117,30,87
212000005,14,26,-12
212000006,21,88,-67
212000008,93,254,-161
212000009,15,136,-121
212000012,38,77,-39
212000013,10,25,-15
212000014,165,174,-9
212000015,135,172,-37
212000016,316,481,-165
212000027,285,436,-151
212000028,177,368,-191
212000029,100,224,-124
212000030,15,37,-22
212000031,26,68,-42
212000048,21,80,-59
212000049,11,57,-46
212000050,7,6,1
212000051,108,198,-90
212000052,102,415,-313
212000053,271,528,-257
212000054,98,121,-23
212000055,85,232,-147
212000056,4,31,-27
212000057,7,27,-20
212000058,336,23,313
212000070,66,291,-225
212000077,78,676,-598
212000099,131,198,-67
212000108,146,170,-24
212000111,111,129,-18
212000120,147,116,31
212000138,89,16,73
212000156,4,95,-91
212000158,7,9,-2
212000159,157,45,112
212000160,245,208,37
212000161,21,8,13
212000310,13,10,3
212000311,7,66,-59
212000374,13,13,0
213000001,33,572,-539
213000005,226,95,131
213000006,1028,93,935
213000007,53,5,48
213000009,487,133,354
213000010,134,118,16
213000011,159,60,99
213000014,22,3,19
213000015,119,1,118
213000016,116,0,116
213000017,10,0,10
213000018,1,196,-195
213000019,0,200,-200
213000020,105,228,-123
213000021,5,95,-90
213000023,134,174,-40
213000033,212,480,-268
213000034,273,250,23
213000035,82,110,-28
213000045,80,234,-154
213000046,90,193,-103
213000047,347,590,-243
213000056,16,11,5
213000069,39,2,37
213000073,1,10,-9
213000074,129,289,-160
213000075,436,6,430
213000076,4,0,4
213000085,0,39,-39
213000086,7,256,-249
213000091,63,11,52
213000092,43,10,33
213000099,106,762,-656
213000100,1219,212,1007
213000101,128,183,-55
213000102,154,391,-237
213000103,617,539,78
213000104,35,359,-324
213000105,0,26,-26
213000106,5,141,-136
213000107,74,419,-345
213000108,7,112,-105
213000109,6,427,-421
213000110,3,183,-180
213000111,6,61,-55
213000112,57,27,30
213000115,16,8,8
213000116,85,593,-508
213000117,5,777,-772
213000118,105,212,-107
213000119,25,501,-476
213000120,47,395,-348
213000122,214,986,-772
213000123,695,1492,-797
213000124,44,1606,-1562
213000125,85,6,79
213000126,33,67,-34
213000127,190,124,66
213000128,518,426,92
213000129,411,320,91
213000130,240,137,103
213000132,122,99,23
213000133,147,95,52
213000134,434,73,361
213000136,194,23,171
213000137,378,67,311
213000139,481,12,469
213000147,17,1,16
213000148,18,11,7
213000149,18,10,8
213000150,0,44,-44
213000151,0,38,-38
213000152,0,37,-37
213000153,0,26,-26
213000154,8,269,-261
213000155,14,319,-305
213000156,49,658,-609
213000157,673,569,104
213000158,198,418,-220
213000159,244,542,-298
213000163,249,71,178
213000165,524,127,397
213000171,12,185,-173
213000172,17,292,-275
213000173,7,165,-158
213000174,0,71,-71
213000175,8,95,-87
213000176,2,77,-75
213000177,7,10,-3
213000178,29,11,18
213000179,94,36,58
213000180,64,60,4
213000184,6,57,-51
213000188,199,53,146
213000189,81,30,51
213000190,587,666,-79
213000191,140,603,-463
213000192,79,781,-702
213000193,1317,256,1061
213000194,1,20,-19
213000195,12,474,-462
213000196,122,749,-627
213000197,239,191,48
213000198,17,1,16
213000200,127,1319,-1192
213000201,208,102,106
213000202,16,897,-881
213000203,2563,290,2273
213000204,441,29,412
213000205,76,12,64
213000206,185,37,148
213000207,27,5,22
213000208,89,2,87
213000209,35,1,34
213000210,167,0,167
213000211,0,7,-7
213000212,6,14,-8
213000213,6,23,-17
213000218,116,792,-676
213000219,360,7,353
213000220,406,11,395
213000223,223,82,141
213000224,55,46,9
213000225,19,1,18
213000226,28,3,25
213000227,396,184,212
213000228,89,67,22
213000229,676,26,650
213000230,295,34,261
213000232,62,395,-333
213000233,6,13,-7
213000234,1,24,-23
213000293,2,51,-49
213000294,72,4,68
213000295,18,66,-48
213000296,72,22,50
213000297,3,37,-34
213000298,17,60,-43
213000299,32,36,-4
213000300,51,5,46
213000303,13,20,-7
213000304,2,1,1
213000305,1,7,-6
213000306,51,22,29
213000307,203,90,113
213000308,56,272,-216
213000309,53,63,-10
213000310,148,130,18
213000311,455,657,-202
213000315,38,142,-104
213000316,35,48,-13
213000322,19,29,-10
213000323,11,50,-39
213000340,127,1245,-1118
213000341,233,86,147
213000346,103,47,56
213000347,797,133,664
213000348,33,128,-95
213000349,116,24,92
213000350,360,1489,-1129
213000366,23,222,-199
213000367,115,31,84
213000379,305,217,88
213000386,15,234,-219
213000406,74,354,-280
213000417,648,329,319
213000425,56,41,15
213000426,44,60,-16
213000427,11,261,-250
213000428,4,205,-201
213000429,53,5,48
213000430,70,1063,-993
213000431,106,3,103
213000432,1,4,-3
213000433,6,96,-90
213000434,35,93,-58
213000435,37,111,-74
213000439,15,5,10
213000441,0,1,-1
213000443,336,263,73
213000445,0,76,-76
213000446,2,9,-7
213000447,7,35,-28
213000448,0,37,-37
213000449,108,2,106
213000450,8,35,-27
213000451,63,65,-2
213000452,6,14,-8
213000453,22,250,-228
213000455,858,36,822
213000456,1,522,-521
213000481,19,9,10
213000482,111,4,107
213000489,491,33,458
213000491,1,71,-70
213000492,106,0,106
213000493,0,27,-27
213000494,63,103,-40
213000495,0,114,-114
213000496,84,202,-118
213000497,64,364,-300
213000498,22,260,-238
213000499,98,429,-331
213000500,124,57,67
213000501,60,22,38
213000502,67,13,54
213000504,35,377,-342
213000505,6,7,-1
213000506,0,3,-3
213000507,22,214,-192
213900244,3,0,3
213900245,0,23,-23
218000003,20,8,12
218000004,21,16,5
218000005,21,19,2
218000006,48,24,24
218000007,1,12,-11
218000012,287,129,158
218000013,47,114,-67
218000014,417,283,134
218000019,807,365,442
218000020,224,306,-82
218000040,10,5,5
218000046,35,193,-158
218000047,5,220,-215
218000048,51,260,-209
218000049,81,146,-65
218000050,223,321,-98
218000051,36,398,-362
218000052,3,88,-85
218000053,1,21,-20
218000054,44,27,17
218000055,3,17,-14
218000056,6,61,-55
218000057,1,33,-32
218000064,0,3,-3
218000065,15,32,-17
218000066,16,54,-38
218000067,30,88,-58
218000068,62,112,-50
218000069,81,177,-96
218000070,62,256,-194
218000071,140,253,-113
218000072,231,243,-12
218000078,441,1194,-753
218000079,26,45,-19
218000080,34,62,-28
218000081,120,230,-110
218000082,16,111,-95
218000083,24,61,-37
218000084,41,164,-123
218000085,84,415,-331
218000086,30,135,-105
218000087,147,235,-88
218000090,8,63,-55
218000091,594,366,228
218000092,25,134,-109
218000093,52,85,-33
218000094,427,847,-420
218000099,333,336,-3
218000100,150,264,-114
218000101,98,165,-67
218000102,136,292,-156
218000103,46,173,-127
218000104,13,47,-34
218000105,20,4,16
218000106,19,5,14
218000107,15,100,-85
218000108,0,26,-26
218000112,54,15,39
218000117,20,29,-9
218000134,231,740,-509
218000135,23,59,-36
218000136,105,32,73
218000137,53,122,-69
218000138,13,83,-70
218000139,64,289,-225
218000140,144,187,-43
218000141,17,52,-35
218000142,92,93,-1
218000143,30,148,-118
218000144,22,48,-26
218000145,174,345,-171
218000146,25,120,-95
218000151,8,20,-12
218000152,54,71,-17
218000170,4,30,-26
218000171,43,12,31
218000172,7,13,-6
218000173,69,19,50
218000174,13,3,10
218000176,83,17,66
218000177,186,69,117
218000178,47,98,-51
218000179,46,57,-11
218000180,29,19,10
218000181,61,29,32
218000187,6,14,-8
218000188,20,58,-38
218000189,11,45,-34
218000190,0,5,-5
218000191,48,131,-83
218000192,58,402,-344
218000193,228,501,-273
218000194,39,470,-431
218000195,67,127,-60
218000196,155,279,-124
218000197,129,380,-251
218000198,4,160,-156
218000199,24,27,-3
218000200,68,43,25
218000201,9,9,0
218000202,149,179,-30
218000207,7,34,-27
218000208,15,57,-42
218000211,24,13,11
218000213,87,51,36
218000214,0,18,-18
218000215,35,103,-68
218000217,3,102,-99
218000218,124,59,65
218000219,30,11,19
218000220,76,232,-156
218000221,458,160,298
218000222,33,17,16
218000223,27,64,-37
218000224,5,19,-14
218000225,206,18,188
218000226,41,32,9
218000232,54,86,-32
218000239,30,5,25
218000240,6,2,4
218000241,7,0,7
218000242,5,0,5
218000243,18,0,18
218000244,6,3,3
218000245,3,3,0
218000246,1,0,1
218000247,2,1,1
218000248,0,39,-39
218000249,0,3,-3
218000250,6,8,-2
218000251,5,15,-10
218000252,0,22,-22
218000253,4,9,-5
218000254,0,9,-9
218000255,0,7,-7
218000256,3,38,-35
218000267,877,1175,-298
218000268,5,36,-31
218000269,12,9,3
218000270,36,80,-44
218000271,45,74,-29
218000273,7,12,-5
218000274,18,9,9
218000275,8,15,-7
218000276,1,41,-40
218000278,9,27,-18
218000279,35,89,-54
218000280,15,52,-37
218000281,17,14,3
218000282,407,242,165
218000284,74,8,66
218000301,38,80,-42
218000302,20,26,-6
218000303,18,69,-51
218000316,591,1101,-510
218000317,516,1327,-811
218000318,251,878,-627
218000319,539,1375,-836
218000320,560,802,-242
218000338,63,17,46
218000345,113,43,70
218000346,45,127,-82
218000459,65,248,-183
218000490,66,51,15
218000501,30,34,-4
218000502,21,123,-102
218000503,35,5,30
218000504,85,10,75
218000505,15,185,-170
218000506,26,182,-156
218000508,46,3,43
218000510,142,14,128
218000520,57,134,-77
218000521,2,81,-79
218000522,1,145,-144
218000523,80,19,61
218000524,32,16,16
218000525,72,6,66
218000526,85,80,5
218000529,31,299,-268
218000531,7,25,-18
218000532,8,33,-25
218000534,54,8,46
218000537,9,72,-63
218000538,79,118,-39
218000540,191,46,145
218000543,76,59,17
218000544,53,92,-39
218000545,18,31,-13
218000546,27,89,-62
218000547,45,64,-19
218000548,70,175,-105
218000549,352,131,221
218000550,295,511,-216
218000551,179,327,-148
218000552,412,32,380
218000553,45,104,-59
218000554,20,35,-15
218000555,15,42,-27
218000556,75,441,-366
218000557,163,119,44
218000558,9,0,9
218000559,0,6,-6
218000560,0,8,-8
218000561,23,0,23
218000562,15,104,-89
218000563,129,17,112
218000564,7,130,-123
218000565,348,23,325
218000566,749,28,721
218000568,3,4,-1
218000569,24,69,-45
218000570,310,7,303
218000571,0,78,-78
218000572,63,0,63
218000573,15,242,-227
218000574,178,62,116
218000575,72,1,71
218000576,0,27,-27
218000577,47,0,47
218000578,1,73,-72
218000579,20,2,18
218000581,2,57,-55
218000582,6,2,4
218000583,1,0,1
218000584,1,18,-17
218000585,5,3,2
218000586,1,24,-23
218000587,2,2,0
218000588,0,1,-1
218000589,0,1,-1
218000590,0,0,0
218000591,0,1,-1
218000592,0,0,0
218000593,1,0,1
218000594,0,0,0
218000597,0,3,-3
218000598,0,0,0
218000599,0,0,0
218000600,0,0,0
218000601,0,0,0
218000602,0,2,-2
218000603,0,3,-3
218000604,3,0,3
218000605,0,8,-8
218000606,26,1,25
218000607,2,22,-20
218000608,69,9,60
218000609,0,20,-20
218000610,26,1,25
218000611,22,0,22
218000612,1,21,-20
218000613,3,0,3
218000614,0,32,-32
218000615,32,0,32
218000616,0,75,-75
218000617,1,2,-1
218000618,1,10,-9
218000619,7,7,0
218000620,2,16,-14
218000621,0,13,-13
218000622,0,3,-3
218000623,2,1,1
218000624,0,7,-7
218000625,10,0,10
218000626,0,4,-4
218000628,63,27,36
218000631,18,21,-3
218000632,3,124,-121
218000633,33,0,33
218000634,7,19,-12
218000635,23,6,17
218000636,482,1460,-978
218000637,486,583,-97
218000638,48,38,10
218000639,17,223,-206
218000640,54,18,36
218000641,33,302,-269
218000652,94,103,-9
218000653,144,50,94
218000663,5,131,-126
218000675,60,45,15
218000680,156,620,-464
218000681,241,110,131
218000691,92,456,-364
218000693,43,111,-68
218000718,838,273,565
218000719,1167,57,1110
218000720,11,143,-132
218000721,16,12,4
218001147,5,555,-550
218001214,8,23,-15
218001258,81,1,80
218001329,154,89,65
218001330,212,117,95
218001351,25,15,10
218001352,0,17,-17
218001353,8,12,-4
218001354,13,18,-5
218001355,72,464,-392
218001356,136,13,123
218001357,30,336,-306
218001358,169,5,164
218001361,98,13,85
218001362,1,549,-548
219000001,30,75,-45
219000002,30,78,-48
219000003,40,34,6
219000004,36,41,-5
219000017,67,36,31
219000020,52,17,35
219000022,84,2,82
219000023,71,2,69
219000029,0,66,-66
219000034,19,3,16
219000039,20,68,-48
219000040,18,37,-19
219000041,96,21,75
219000051,1,66,-65
219000052,0,12,-12
219000053,3,262,-259
219000055,39,0,39
219000056,6,0,6
219000057,28,0,28
219000062,13,180,-167
219000063,55,17,38
219000064,8,26,-18
219000110,200,54,146
219000111,94,27,67
219000112,125,49,76
219000113,130,28,102
219000114,258,33,225
219000116,49,22,27
219000117,94,86,8
219000118,66,45,21
219000123,256,101,155
219000124,44,47,-3
219000125,16,13,3
219000126,51,138,-87
219000127,0,4,-4
219000128,29,77,-48
219000129,33,119,-86
219000130,1150,572,578
219000131,883,596,287
219000133,46,16,30
219000134,13,18,-5
219000135,21,48,-27
219000136,94,139,-45
219000138,43,9,34
219000139,23,46,-23
219000140,9,0,9
219000141,13,138,-125
219000142,8,111,-103
219000143,13,116,-103
219000145,4,54,-50
219000146,4,51,-47
219000147,2,44,-42
219000148,4,33,-29
219000149,22,155,-133
219000150,1,120,-119
219000151,2,73,-71
219000157,180,146,34
219000158,103,216,-113
219000161,140,11,129
219000163,1342,376,966
219000166,50,145,-95
219000167,59,200,-141
219000168,384,106,278
219000174,198,85,113
219000175,27,0,27
219000176,36,4,32
219000177,6,1,5
219000178,13,2,11
219000179,9,2,7
219000180,33,19,14
219000182,50,9,41
219000183,11,29,-18
219000184,33,9,24
219000185,0,103,-103
219000186,16,49,-33
219000187,8,158,-150
219000189,160,93,67
219000190,129,180,-51
219000191,1649,568,1081
219000192,101,71,30
219000193,501,152,349
219000195,1,83,-82
219000196,2,114,-112
219000198,29,155,-126
219000199,107,175,-68
219000200,23,210,-187
219000201,90,208,-118
219000203,19,76,-57
219000204,100,170,-70
219000205,73,190,-117
219000207,224,144,80
219000209,21,106,-85
219000210,38,151,-113
219000213,9,268,-259
219000239,157,264,-107
219000240,118,313,-195
219000241,138,223,-85
219000242,111,226,-115
219000243,36,272,-236
219000244,7,94,-87
219000245,28,33,-5
219000246,50,19,31
219000247,41,22,19
219000248,315,189,126
219000249,159,75,84
219000250,113,95,18
219000251,357,84,273
219000252,128,108,20
219000253,133,27,106
219000255,49,37,12
219000256,60,53,7
219000257,118,0,118
219000262,109,273,-164
219000263,35,195,-160
219000267,1,163,-162
219000268,4,9,-5
219000269,3,1,2
219000270,3,1,2
219000271,54,3,51
219000278,0,11,-11
219000279,0,1,-1
219000283,0,18,-18
219000295,9,108,-99
219000296,63,534,-471
219000297,16,163,-147
219000298,11,264,-253
219000299,331,42,289
219000300,17,326,-309
219000301,187,305,-118
219000302,11,205,-194
219000307,75,67,8
219000308,20,34,-14
219000311,74,26,48
219000312,244,31,213
219000313,115,19,96
219000314,66,556,-490
219000315,62,46,16
219000316,153,19,134
219000317,43,12,31
219000320,1,54,-53
219000321,0,19,-19
219000323,4,70,-66
219000325,0,59,-59
219000326,57,121,-64
219000327,59,28,31
219000328,21,46,-25
219000329,165,77,88
219000330,29,10,19
219000331,12,21,-9
219000332,75,54,21
219000333,4,0,4
219000335,46,5,41
219000337,11,1,10
219000338,48,2,46
219000344,11,67,-56
219000345,77,155,-78
219000346,21,208,-187
219000348,62,119,-57
219000349,29,214,-185
219000350,16,110,-94
219000351,0,4,-4
219000352,143,73,70
219000353,62,67,-5
219000354,63,114,-51
219000355,124,26,98
219000356,1374,363,1011
219000363,220,27,193
219000364,83,23,60
219000365,107,17,90
219000366,275,145,130
219000368,419,295,124
219000370,955,191,764
219000371,19,5,14
219000382,8,11,-3
219000383,707,516,191
219000385,543,436,107
219000386,886,1117,-231
219000387,0,2,-2
219000390,5,1,4
219000391,0,0,0
219000397,67,99,-32
219000398,50,28,22
219000401,11,87,-76
219000402,16,99,-83
219000403,43,169,-126
219000404,19,85,-66
219000407,2,20,-18
219000409,30,37,-7
219000410,26,56,-30
219000411,23,10,13
219000446,253,338,-85
219000447,0,30,-30
219000448,15,10,5
219000452,98,53,45
219000453,57,90,-33
219000454,252,180,72
219000556,136,48,88
219000558,62,262,-200
219000590,9,143,-134
219000591,32,37,-5
219000592,94,411,-317
219000595,0,26,-26
219000635,32,16,16
219000636,16,100,-84
219000657,18,17,1
219000658,10,49,-39
219000673,0,7,-7
219000676,7,1,6
219000679,16,32,-16
219000684,38,4,34
219000685,4,107,-103
219000686,2,0,2
219000688,0,72,-72
219000689,54,206,-152
219000690,169,19,150
219000691,67,91,-24
219000692,158,12,146
219000693,0,14,-14
219000694,3,0,3
219000695,31,2,29
219000698,14,0,14
219000699,0,9,-9
219000727,2,241,-239
219000728,101,0,101
219000770,19,2,17
219000771,1,41,-40
219000788,293,366,-73
219001150,0,10,-10
219001151,0,4,-4
219001166,42,9,33
219001167,0,56,-56
219001178,15,1,14
220000001,24,22,2
220000002,13,152,-139
220000003,248,188,60
220000004,496,550,-54
220000005,1638,1291,347
220000006,335,868,-533
220000007,259,828,-569
220000008,209,1163,-954
220000009,156,857,-701
220000010,144,124,20
220000011,539,2153,-1614
220000012,208,200,8
220000014,22,60,-38
220000015,29,147,-118
220000017,31,280,-249
220000018,4388,793,3595
220000019,58,191,-133
220000020,221,227,-6
220000021,350,196,154
220000022,345,475,-130
220000023,93,147,-54
220000024,1312,269,1043
220000025,450,410,40
220000026,165,135,30
220000027,16,73,-57
220000028,37,26,11
220000029,958,516,442
220000030,105,119,-14
220000031,93,309,-216
220000064,18,713,-695
221000046,4,0,4
221000047,0,6,-6
221000048,0,3,-3
221000049,0,11,-11
221000050,5,0,5
221000055,41,33,8
221000068,315,63,252
221000069,205,51,154
221000070,153,20,133
221000071,47,6,41
221000072,89,20,69
221000073,106,102,4
221000074,2,34,-32
221000075,54,11,43
221000076,3,31,-28
221000077,66,78,-12
221000081,30,8,22
221000082,11,1,10
221000083,52,3,49
221000084,2,3,-1
221000085,23,65,-42
221000086,11,122,-111
221000087,5,122,-117
221000088,20,148,-128
221000089,23,155,-132
221000090,121,345,-224
221000098,106,9,97
221000099,108,5,103
221000100,65,0,65
221000101,267,18,249
221000103,10,25,-15
221000104,4,108,-104
221000107,18,1,17
221000108,14,7,7
221000111,29,178,-149
221000112,7,124,-117
221000113,13,162,-149
221000114,14,147,-133
221000120,7,17,-10
221000121,0,20,-20
221000122,3,15,-12
221000123,6,53,-47
221000124,10,257,-247
221000155,48,3,45
221000156,38,24,14
221000175,2,5,-3
221000176,1,12,-11
221000182,29,11,18
221000241,546,189,357
221000242,184,219,-35
221000243,375,91,284
221000244,167,346,-179
221000245,50,107,-57
221000246,11,238,-227
221000247,28,144,-116
221000248,31,156,-125
221000267,56,599,-543
221000325,78,26,52
221000331,1,80,-79
221000338,0,2,-2
221000378,84,38,46
221000381,26,109,-83
222000282,1,0,1
222000296,1,7,-6
222000568,163,11,152
222000569,73,9,64
222000570,80,4,76
222000571,71,4,67
222000577,2,210,-208
222000578,13,206,-193
222000579,32,125,-93
222000580,96,677,-581
222000599,1,152,-151
222000600,1,280,-279
222000601,8,704,-696
222000603,6,14,-8
222000604,39,27,12
222000605,4,10,-6
222000606,3,11,-8
222000607,0,3,-3
222000608,8,9,-1
222000609,24,354,-330
222000616,63,24,39
222000617,0,6,-6
222000618,2,3,-1
222000620,36,9,27
222000621,67,8,59
222000623,311,0,311
222000624,158,2,156
222000625,189,28,161
222000636,37,4,33
222000686,17,5,12
222000687,18,36,-18
222001066,98,2,96
222001067,4,7,-3
222001068,7,21,-14
222001069,8,20,-12
222001082,3,31,-28
222001083,3,54,-51
222001084,0,52,-52
222001085,0,61,-61
222001111,5,244,-239
222001112,13,14,-1
222001313,7,1,6
222001314,0,72,-72
222001464,51,47,4
222001465,24,195,-171
222001484,34,40,-6
222001485,11,88,-77
222001494,102,71,31
222001495,63,422,-359
222001496,116,58,58
222001497,82,579,-497
222001503,46,36,10
222001504,15,193,-178
222001505,118,11,107
222001506,25,182,-157
222001507,147,7,140
222001510,117,29,88
222001514,488,78,410
222001518,73,31,42
222001519,77,425,-348
222001527,240,29,211
222001529,118,32,86
222001530,17,252,-235
222001533,144,488,-344
222001534,65,19,46
222001535,62,98,-36
222001536,61,376,-315
222001537,140,22,118
222001538,180,976,-796
222001563,155,92,63
222001564,21,491,-470
222001568,171,134,37
222001576,0,0,0
222001579,1,1,0
222001583,11,189,-178
222001584,64,22,42
222001596,478,2024,-1546
222001597,1102,266,836
222001626,0,157,-157
222001650,80,99,-19
222001651,64,107,-43
222001914,183,35,148
222001915,97,340,-243
222001968,473,165,308
222001969,449,892,-443
222001970,95,183,-88
222001971,6,11,-5
222001972,0,10,-10
225000001,265,75,190
225000002,372,69,303
225000003,153,74,79
225000004,130,186,-56
225000005,11,34,-23
225000006,1,107,-106
225000007,3198,941,2257
225000010,160,1,159
225000011,399,512,-113
225000012,71,229,-158
225000013,67,142,-75
225000014,354,72,282
225000015,58,232,-174
225000021,459,102,357
225000027,181,478,-297
225000032,446,96,350
225000042,57,570,-513
225000049,34,63,-29
225000050,30,11,19
225000053,7,143,-136
225000058,436,122,314
225000067,141,201,-60
225000068,110,494,-384
225000069,189,508,-319
225000070,64,564,-500
225000071,13,281,-268
225000075,26,623,-597
225000076,66,143,-77
225000078,31,15,16
225000085,20,64,-44
225000086,75,14,61
225000087,129,13,116
225000088,6,155,-149
225000089,462,485,-23
225000090,23,358,-335
225000091,56,256,-200
225000092,15,77,-62
225000093,107,378,-271
225000094,7,455,-448
225000095,280,569,-289
225000096,94,339,-245
225000098,284,66,218
225000099,140,68,72
225000100,97,86,11
225000104,56,416,-360
225000110,8,348,-340
225000111,177,1012,-835
225000112,169,933,-764
225000113,65,616,-551
225000114,31,302,-271
225000115,2694,445,2249
225000116,1003,53,950
225000117,740,211,529
225000118,484,193,291
225000119,69,44,25
225000120,343,22,321
225000121,134,14,120
225000123,564,5,559
225000125,156,296,-140
225000126,890,227,663
225000127,903,466,437
225000128,254,312,-58
225000132,129,24,105
225000133,152,42,110
225000134,344,58,286
225000135,40,5,35
225000136,108,13,95
225000137,36,37,-1
225000138,222,27,195
225000143,55,161,-106
225000144,3,373,-370
225000145,24,33,-9
225000146,58,106,-48
225000147,17,342,-325
225000148,2,186,-184
225000149,43,454,-411
225000151,32,308,-276
225000155,181,239,-58
225000156,138,490,-352
225000157,83,352,-269
225000158,57,352,-295
225000171,3,181,-178
225000180,15,1,14
225000181,1,46,-45
225000182,55,3,52
225000185,2,253,-251
225000187,47,320,-273
225000191,52,1,51
225000194,0,17,-17
225000208,1,49,-48
225000209,27,18,9
225000210,3,173,-170
225000217,0,18,-18
225000218,6,0,6
225000223,2,59,-57
225000224,62,0,62
225000225,0,3,-3
225000226,17,0,17
225000227,28,62,-34
225000228,3,0,3
225000229,0,76,-76
225000230,3,0,3
225000231,0,111,-111
225000232,30,0,30
225000241,79,0,79
225000242,3,48,-45
225000249,1,0,1
225000250,35,1019,-984
225000251,230,12,218
226000042,198,176,22
226000043,154,288,-134
226000044,145,591,-446
226000045,117,771,-654
226000046,344,41,303
226000047,192,71,121
226000048,235,37,198
226000049,135,71,64
226000070,0,21,-21
226000071,0,63,-63
226000072,0,26,-26
226000073,0,6,-6
226000074,0,9,-9
226000084,1,23,-22
226000085,0,12,-12
226000086,22,3,19
226000087,5,12,-7
226000088,8,10,-2
226000090,76,33,43
226000091,22,11,11
226000092,2,2,0
226000093,51,0,51
226000094,13,5,8
226000095,18,3,15
226000105,0,0,0
226000106,7,0,7
226000107,2,0,2
226000108,17,0,17
226000109,43,1,42
226000124,53,32,21
226000134,274,309,-35
226000135,679,410,269
226000136,152,255,-103
226000137,2,232,-230
226000138,4,332,-328
226000139,2,84,-82
226000156,50,0,50
226000157,54,15,39
226000163,128,398,-270
226000202,6,538,-532
226000231,135,9,126
226000232,29,13,16
227000033,290,25,265
227000036,17,1,16
227000037,84,15,69
227000038,172,20,152
227000049,1,22,-21
227000050,0,41,-41
227000055,14,0,14
227000056,7,0,7
227000084,0,40,-40
227000085,2,22,-20
227000088,20,7,13
227000089,70,0,70
227000090,10,0,10
227000091,10,0,10
227000093,17,0,17
227000094,4,0,4
227000130,22,65,-43
227000131,4,241,-237
227000132,24,237,-213
227000133,14,245,-231
227000134,17,368,-351
227000152,0,5,-5
227000153,1,32,-31
227000155,0,15,-15
227000156,0,10,-10
227000165,0,26,-26
227000196,156,353,-197
227000199,76,300,-224
227000230,28,278,-250
227000232,130,15,115
227000241,127,16,111
227000242,39,418,-379
227000243,325,49,276
227000245,28,330,-302
227000246,64,380,-316
227000247,140,59,81
227000248,88,20,68
227000249,25,242,-217
227000250,367,128,239
227000251,185,327,-142
227000252,11,370,-359
227000253,41,15,26
227000262,181,11,170
227000266,301,10,291
227000267,58,1309,-1251
227000282,2,31,-29
227000284,22,2,20
227000286,1,21,-20
227000287,1,19,-18
227000291,0,88,-88
227000484,100,6,94
227000485,7,136,-129
227000655,32,12,20
227000656,126,2,124
227000657,41,4,37
227000661,122,9,113
227000680,51,15,36
229000265,12,35,-23
229000296,3,12,-9
229000297,2,50,-48
229000298,4,125,-121
229000320,2,4,-2
229000321,25,7,18
229000412,15,30,-15
229000414,4,32,-28
229000415,4,1,3
229000416,0,5,-5
229000417,7,20,-13
229000419,74,170,-96
229000440,128,88,40
229000442,7,0,7
229000443,0,2,-2
229000444,1,18,-17
229000445,2,3,-1
229000446,27,12,15
229000847,10,0,10
229000848,13,0,13
229000849,50,0,50
229000851,8,0,8
229000854,1,52,-51
229000856,1,139,-138
229000857,0,29,-29
229000858,0,111,-111
229000919,7,70,-63
229000930,15,180,-165
229000937,52,20,32
229000966,38,12,26
229000981,18,64,-46
229000985,1,9,-8
229000986,0,3,-3
229000987,0,0,0
229000988,1,1,0
229000989,2,2,0
229000990,0,0,0
229000991,0,0,0
229000992,1,1,0
229000993,160,10,150
229000998,16,63,-47
229000999,38,16,22
229001034,1,9,-8
229001035,1,0,1
229001037,49,22,27
229001042,4,9,-5
229001047,0,42,-42
229001050,20,49,-29
229001200,4,0,4
229001338,14,6,8
229001394,185,1,184
229001422,60,11,49
229001423,19,81,-62
229001431,31,21,10
229001432,32,55,-23
229001444,71,24,47
229001445,20,139,-119
229001503,101,86,15
229001504,72,166,-94
229001505,70,43,27
229001506,18,161,-143
229001509,34,30,4
229001545,50,4,46
229001546,3,81,-78
229001553,24,10,14
229001554,4,73,-69
229001559,0,15,-15
229001560,0,9,-9
229001630,55,27,28
229001631,4,30,-26
229001635,0,4,-4
229001636,1,0,1
229001658,0,63,-63
229001659,67,2,65
229001660,0,1,-1
229001661,0,31,-31
229001662,76,2,74
229001663,0,33,-33
229002584,134,88,46
229002831,81,70,11
229002841,11,23,-12
229002842,2,17,-15
229002843,31,12,19
229002844,16,32,-16
229002845,12,35,-23
229002846,55,39,16
229002847,17,4,13
229002848,3,4,-1
229002849,1,39,-38
229002850,1,0,1
229002851,57,72,-15
229002852,24,16,8
229002853,68,14,54
229002854,30,31,-1
229002855,2,31,-29
229002856,28,3,25
229002857,0,25,-25
229002858,4,2,2
229002859,19,5,14
229002860,19,3,16
229002861,9,10,-1
229002862,5,54,-49
229002863,0,17,-17
229002864,0,12,-12
229002865,0,3,-3
229002866,8,5,3
229002867,10,12,-2
229002868,19,6,13
229002869,6,92,-86
229002870,6,1,5
235000066,357,46,311
235000067,55,71,-16
235000072,18,33,-15
235000073,58,164,-106
235000074,12,74,-62
235000080,15,62,-47
235000081,25,149,-124
235000082,66,58,8
235000083,107,64,43
235000084,20,43,-23
235000085,47,90,-43
235000089,6,18,-12
235000092,3,77,-74
235000093,7,1,6
235000097,3,2,1
235000098,29,18,11
235000099,19,17,2
235000116,27,13,14
235000117,656,5,651
235000133,3,173,-170
235000134,3,50,-47
235000206,1,1,0
235000207,1,1,0
235000208,0,0,0
235000209,5,0,5
235000210,2,1,1
235000212,4,6,-2
235000213,3,6,-3
235000220,0,0,0
235000238,4,25,-21
235000239,1,0,1
235000242,117,168,-51
235000245,990,177,813
235000246,13,52,-39
235000284,10,82,-72
235000295,48,2,46
235000305,52,4,48
235000306,39,3,36
235000307,6,2,4
235000308,26,2,24
235000309,14,1,13
235000310,7,0,7
235000311,29,12,17
235000322,0,26,-26
235000323,3,38,-35
235000324,2,6,-4
235000325,0,16,-16
235000326,10,254,-244
235000351,2,66,-64
235000352,17,35,-18
235000353,0,25,-25
235000354,2,31,-29
235000355,7,43,-36
235000356,8,4,4
235000357,5,6,-1
235000358,6,5,1
235000359,2,1,1
235000360,24,2,22
235000361,29,2,27
235000381,33,310,-277
235000382,87,39,48
235000390,15,3,12
235000391,51,22,29
235000392,29,129,-100
235000393,67,79,-12
235000395,42,32,10
235000396,193,25,168
235000400,74,142,-68
235000401,21,164,-143
235000405,114,302,-188
235000406,41,252,-211
235000407,43,102,-59
235000409,213,129,84
235000410,30,198,-168
235000411,0,61,-61
235000485,0,2,-2
235000486,2,0,2
235000549,20,35,-15
235000550,22,153,-131
235000599,30,49,-19
235000600,3,3,0
235000601,23,19,4
235000602,24,109,-85
235000614,0,1,-1
235000648,2,31,-29
235000649,13,0,13
235000685,0,2,-2
235000815,5,13,-8
235000834,0,12,-12
235000855,17,29,-12
235000862,15,202,-187
235000891,0,2,-2
235000892,29,39,-10
235000901,22,67,-45
235000907,4,9,-5
235001010,7,46,-39
235001029,423,289,134
235001030,250,84,166
235001078,55,96,-41
235001079,83,98,-15
235001147,90,27,63
235001166,5,59,-54
235001167,7,52,-45
235001169,37,279,-242
235001188,0,4,-4
235001189,1,2,-1
235001197,4,26,-22
235001200,20,9,11
235001207,147,59,88
235001210,52,377,-325
235001215,18,240,-222
235001239,0,22,-22
235001244,0,3,-3
235016267,0,22,-22
277102712,0,0,0
277103813,0,0,0
277103814,0,0,0
277104249,0,3,-3
277104250,0,1,-1
277104251,0,12,-12
277104252,0,2,-2
990011530,1,238,-237
990014944,1,439,-438
990015176,26,2,24
990016032,1,278,-277
990032570,0,47,-47
990070001,52,3,49
990070103,0,2,-2
990070601,0,19,-19
990070751,158,51,107
990070766,2,801,-799
990071180,193,141,52
990071343,20,2,18
990071387,0,8,-8
990071823,8,0,8
990072600,2,476,-474
990072964,1,467,-466
990073285,0,2,-2
990074393,1,985,-984
990074870,280,2,278
990075106,183,0,183
990075746,130,2,128
990076437,208,3,205
990076458,7,1299,-1292
997000007,49,5,44
997000041,0,92,-92
997000058,12,0,12
997000062,5,0,5
997000069,0,2,-2
997000070,0,49,-49
997000100,1,1,0
997000141,3,225,-222
997000198,437,245,192
998000475,1,16,-15
998000736,0,239,-239
998000965,0,4,-4
998001031,0,24,-24
998001700,0,21,-21
998001899,0,0,0
998001900,5,2,3
998003073,340,0,340
998101900,0,0,0
998102850,0,49,-49
998501927,321,267,54
998501929,80,6,74
998501930,54,0,54
998501931,104,56,48
998501932,4,0,4
998501933,14,2,12
998501937,17,11,6
998501944,5,3,2
998501950,0,22,-22
998501970,32,15,17
998501971,1,56,-55
998501973,0,44,-44
998501974,1,266,-265
998501975,118,28,90
998501976,32,6,26
998501977,0,41,-41
998501978,5,0,5
998501979,0,13,-13
998501980,108,0,108
998501981,6,0,6
998501982,0,53,-53
998501983,0,0,0
998502006,0,0,0
998502024,0,13,-13
998502032,0,4,-4
998502062,12,0,12
998502063,0,0,0
998502173,69,0,69
998502269,0,14,-14
998502546,0,114,-114
998502578,5,4,1
998502599,34,206,-172
998502621,0,1,-1
998601159,1,235,-234
998601292,0,26,-26
999033574,3,847,-844
999800001,12,1,11
999800002,0,2,-2
999800003,0,2,-2
999800004,0,4,-4
999800005,0,5,-5
