ID,insum,outsum,diff
100000001,112,74,38
100000002,1380,2031,-651
100000003,949,1945,-996
100000004,117,540,-423
100000005,794,1346,-552
100000006,7,34,-27
100000007,113,99,14
100000008,0,0,0
100000009,1,35,-34
100000010,0,13,-13
100000011,8,17,-9
100000012,0,0,0
100000013,0,0,0
100000014,0,0,0
100000015,123,201,-78
100000016,1,1,0
100000017,0,0,0
100000018,102,68,34
100000019,141,299,-158
100000020,46,221,-175
100000021,3,0,3
100000022,78,107,-29
100000023,18,0,18
100000025,0,3,-3
100000028,15,20,-5
100000029,0,0,0
100000030,0,0,0
100000031,119,456,-337
100000032,144,172,-28
100000033,142,150,-8
100000034,0,0,0
100000035,8,116,-108
100000036,52,65,-13
100000037,25,36,-11
100000038,268,48,220
100000039,89,5,84
100000040,2,15,-13
100000041,70,38,32
100000042,116,69,47
100000043,24,44,-20
100000044,0,0,0
100000045,0,0,0
100000046,0,0,0
100000047,0,0,0
100000048,0,0,0
100000049,0,0,0
100000051,0,0,0
100000053,0,0,0
100000054,6,0,6
100000055,0,0,0
100000056,14,27,-13
100000057,118,57,61
100000058,0,0,0
100000059,0,1,-1
100000060,86,32,54
100000061,109,29,80
100000062,77,52,25
100000063,112,63,49
100000064,145,25,120
100000065,29,10,19
100000066,5,2,3
100000067,9,2,7
100000068,37,3,34
100000069,12,11,1
100000072,0,0,0
100000073,0,0,0
100000075,0,0,0
100000076,179,913,-734
100000077,32,69,-37
100000078,14,242,-228
100000079,2,109,-107
100000080,1,41,-40
100000081,1,17,-16
100000102,325,1263,-938
100000103,119,126,-7
100000104,86,98,-12
100000105,0,0,0
100000106,124,1189,-1065
100000107,7,354,-347
100000108,1,18,-17
100000109,82,38,44
100000116,72,174,-102
100000117,0,80,-80
100000118,477,43,434
100000119,128,15,113
100000121,46,19,27
100000122,92,76,16
100000123,261,115,146
100000124,105,115,-10
100000125,26,53,-27
100000126,4,5,-1
100000127,0,6,-6
100000128,1,5,-4
100000129,7,6,1
100000130,0,0,0
100000131,1,0,1
100000132,5,100,-95
100000133,259,85,174
100000135,123,98,25
100000139,53,130,-77
100000140,0,0,0
100000142,48,33,15
100000143,0,0,0
100000144,0,0,0
100000147,275,1154,-879
100000150,15,25,-10
100000151,104,509,-405
100000153,0,0,0
100000154,0,0,0
100000155,1,53,-52
100000156,16,96,-80
100000157,325,101,224
100000158,56,81,-25
100000159,9,64,-55
100000165,70,14,56
100000169,0,0,0
100000174,0,0,0
100000179,2,9,-7
100000180,0,0,0
100000181,1,0,1
100000188,0,0,0
100000189,114,23,91
100000190,37,248,-211
100000191,5,183,-178
100000192,1,227,-226
100000193,56,46,10
100000330,0,0,0
100000355,19,5,14
100000362,205,73,132
100000363,1755,2444,-689
100000364,0,0,0
100000365,2925,1231,1694
100000366,456,295,161
100000367,2269,1713,556
100000368,82,48,34
100000369,66,728,-662
100000370,0,11,-11
100000376,0,3,-3
100000379,92,598,-506
100000380,859,1488,-629
100000384,1268,2130,-862
100000385,112,661,-549
100000386,433,1142,-709
100000387,308,1197,-889
100000388,1442,1060,382
100000389,1234,2023,-789
100000390,569,339,230
100000391,495,1915,-1420
100000392,179,200,-21
100000393,85,790,-705
100000394,117,330,-213
100000395,111,230,-119
100000396,257,343,-86
100000397,340,655,-315
100000398,2199,909,1290
100000413,0,0,0
100900002,0,0,0
100900003,0,0,0
100900004,0,0,0
100900005,0,0,0
100900006,0,0,0
100900007,0,0,0
100900008,0,0,0
100900009,0,0,0
100900010,0,0,0
100900011,0,0,0
100900012,0,0,0
100900013,0,0,0
100900014,0,0,0
100900015,0,0,0
100900016,0,0,0
100900017,0,0,0
100900018,0,0,0
100900019,0,0,0
100900020,0,0,0
100900021,0,0,0
100900022,0,0,0
100900023,0,0,0
100900024,0,0,0
100900025,0,0,0
100900026,0,0,0
100900027,2,0,2
100900028,0,0,0
100900029,0,0,0
100900030,0,0,0
100900031,0,0,0
100900032,0,0,0
100900033,0,0,0
100900034,0,0,0
100900035,0,0,0
100900036,0,0,0
100900037,0,0,0
100900038,0,0,0
100900039,0,0,0
100900040,0,0,0
100900041,0,0,0
100900042,8,2,6
100900043,0,0,0
100900044,0,0,0
100900045,0,0,0
100900046,0,0,0
100900047,0,0,0
100900048,0,0,0
100900049,0,0,0
100900050,0,0,0
100900051,0,0,0
100900052,0,0,0
100900053,0,0,0
100900054,0,0,0
100900055,0,0,0
100900056,0,0,0
100900057,0,0,0
100900058,0,0,0
100900059,0,0,0
100900060,0,0,0
100900061,0,0,0
100900062,0,0,0
100900063,0,0,0
100900064,0,0,0
100900065,0,0,0
100900066,0,0,0
100900067,0,0,0
100900068,0,0,0
100900069,0,0,0
100900070,0,0,0
100900071,0,0,0
100900072,0,0,0
100900073,0,0,0
100900074,0,0,0
100900075,0,0,0
100900076,0,0,0
100900077,0,0,0
100900078,0,0,0
100900079,0,0,0
100900080,0,0,0
100900081,0,0,0
100900082,0,0,0
100900083,0,0,0
100900085,0,0,0
100900086,0,0,0
100900088,0,0,0
100900089,0,0,0
100900090,0,0,0
100900091,0,0,0
100900092,0,0,0
100900093,0,0,0
100900094,0,0,0
100900095,0,0,0
100900096,0,0,0
100900097,0,0,0
100900098,0,0,0
100900099,0,0,0
100900100,0,0,0
100900101,0,0,0
100900102,0,0,0
100900103,0,0,0
100900104,0,0,0
100900105,0,0,0
100900106,0,0,0
100900107,0,0,0
100900108,0,0,0
100900109,0,0,0
100900110,0,0,0
100900111,0,0,0
100900112,0,0,0
100900113,0,0,0
100900114,0,0,0
100900115,0,0,0
100900116,0,0,0
100900117,0,0,0
100900118,0,0,0
100900119,0,0,0
100900120,0,0,0
100900121,0,0,0
100900122,0,0,0
100900123,0,0,0
100900124,0,0,0
100900125,0,0,0
100900126,0,0,0
100900127,0,0,0
100900128,0,0,0
100900129,0,0,0
100900131,0,0,0
100900133,0,0,0
100900134,0,0,0
100900135,0,0,0
100900137,0,0,0
100900138,0,0,0
100900139,0,0,0
100900140,0,0,0
100900141,0,0,0
100900142,0,0,0
100900143,0,0,0
100900144,0,0,0
100900145,0,0,0
100900146,0,0,0
100900147,0,0,0
100900148,0,0,0
100900149,0,0,0
100900150,0,0,0
100900151,0,0,0
100900152,0,0,0
100900153,0,0,0
100900154,0,0,0
100900155,0,0,0
100900156,0,0,0
100900157,0,0,0
100900159,0,0,0
100900160,0,0,0
100900161,0,0,0
100900162,0,0,0
100900163,0,0,0
100900164,0,0,0
100900165,0,0,0
100900166,0,0,0
100900167,0,0,0
100900168,0,0,0
100900169,0,0,0
100900170,0,0,0
100900171,0,0,0
100900172,0,0,0
100900173,0,0,0
100900174,0,0,0
100900176,0,0,0
100900177,0,0,0
100900178,0,0,0
100900179,0,0,0
100900180,0,0,0
100900181,0,0,0
100900182,0,0,0
100900184,0,0,0
100900186,0,0,0
100900187,0,0,0
100900188,0,0,0
100900189,0,0,0
100900191,0,0,0
100900192,0,0,0
100900195,0,0,0
100900197,0,0,0
100900198,0,0,0
100900199,0,0,0
100900200,0,0,0
100900201,0,0,0
100900202,0,0,0
100900203,0,0,0
100900204,0,0,0
100900205,0,0,0
100900206,0,0,0
100900207,0,0,0
100900210,0,0,0
100900211,0,0,0
100900213,0,0,0
100900214,0,0,0
100900215,0,0,0
100900217,0,0,0
101000001,116,300,-184
101000002,42,90,-48
101000003,0,57,-57
101000004,1027,1310,-283
101000005,642,1235,-593
101000006,401,107,294
101000007,22,326,-304
101000008,212,661,-449
101000009,159,47,112
101000010,79,30,49
101000011,26,48,-22
101000012,0,0,0
101000013,15,120,-105
101000014,29,132,-103
101000015,16,16,0
101000016,0,0,0
101000017,0,0,0
101000018,101,7,94
101000020,94,47,47
101000021,30,122,-92
101000022,0,0,0
101000023,40,179,-139
101000025,0,0,0
101000026,0,0,0
101000027,67,157,-90
101000028,0,0,0
101000029,0,0,0
101000030,0,0,0
101000031,0,18,-18
101000032,531,944,-413
101000033,13,5,8
101000034,33,78,-45
101000035,0,0,0
101000036,1,33,-32
101000037,48,315,-267
101000039,0,0,0
101000040,65,148,-83
101000041,783,1496,-713
101000042,9,166,-157
101000043,25,154,-129
101000045,66,193,-127
101000046,248,431,-183
101000047,371,296,75
101000048,29,69,-40
101000049,0,3,-3
101000050,42,197,-155
101000051,46,429,-383
101000052,134,568,-434
101000053,160,131,29
101000054,121,38,83
101000055,315,558,-243
101000056,0,0,0
101000057,44,1,43
101000058,51,342,-291
101000059,195,1129,-934
101000060,29,1,28
101000061,78,1067,-989
101000062,21,4,17
101000063,53,658,-605
101000064,35,1,34
101000065,48,225,-177
101000066,62,212,-150
101000067,23,3,20
101000068,52,139,-87
101000069,76,6,70
101000070,148,27,121
101000071,57,69,-12
101000072,629,451,178
101000073,165,114,51
101000074,1185,349,836
101000075,1426,358,1068
101000077,318,70,248
101000078,124,68,56
101000079,232,224,8
101000080,40,1,39
101000081,291,122,169
101000082,63,26,37
101000083,351,225,126
101000084,34,6,28
101000085,393,289,104
101000086,0,0,0
101000087,0,0,0
101000088,376,188,188
101000089,148,109,39
101000090,0,0,0
101000091,4,0,4
101000092,297,52,245
101000093,125,51,74
101000094,17,58,-41
101000095,1,9,-8
101000096,75,25,50
101000097,4,7,-3
101000098,0,12,-12
101000099,29,110,-81
101000100,3,2,1
101000101,73,31,42
101000102,38,89,-51
101000103,62,53,9
101000104,29,135,-106
101000105,6,57,-51
101000106,0,0,0
101000107,0,0,0
101000108,0,0,0
101000109,0,0,0
101000110,0,0,0
101000111,0,0,0
101000113,0,0,0
101000114,253,107,146
101000115,0,0,0
101000116,0,0,0
101000117,0,0,0
101000119,0,0,0
101000120,0,0,0
101000121,0,0,0
101000122,0,0,0
101000123,0,0,0
101000124,0,0,0
101000125,1,2,-1
101000128,0,0,0
101000130,40,8,32
101000131,53,21,32
101000132,10,8,2
101000135,0,0,0
101000136,0,0,0
101000137,0,0,0
101000141,193,1641,-1448
101000147,12,7,5
101000148,0,0,0
101000149,0,0,0
101000150,0,0,0
101000151,0,0,0
101000152,11,4,7
101000153,23,20,3
101000154,11,0,11
101000155,0,0,0
101000156,0,0,0
101000157,0,0,0
101000160,0,0,0
101000163,30,220,-190
101000164,1,0,1
101000165,73,72,1
101000166,60,36,24
101000168,0,0,0
101000252,297,67,230
101000254,0,0,0
101000258,0,0,0
101000261,0,0,0
101000262,155,1959,-1804
101000263,79,250,-171
101000265,0,0,0
101000266,0,0,0
101000269,0,0,0
101000290,95,103,-8
101000293,0,0,0
101000294,48,16,32
101000295,3,16,-13
101000301,6,4,2
101000304,136,453,-317
101000305,324,342,-18
101000328,21,155,-134
101900001,0,0,0
101900002,0,0,0
101900003,0,0,0
101900004,0,0,0
101900005,0,0,0
101900006,0,0,0
101900007,0,0,0
101900008,0,0,0
101900009,0,0,0
101900010,0,0,0
101900011,0,0,0
101900012,0,0,0
101900013,0,0,0
101900017,0,0,0
101900018,0,0,0
101900019,0,0,0
101900020,0,0,0
101900021,0,0,0
101900022,0,0,0
101900023,0,0,0
101900026,0,0,0
101900027,0,0,0
102000001,263,424,-161
102000002,87,69,18
102000003,79,293,-214
102000004,88,348,-260
102000005,43,266,-223
102000006,38,274,-236
102000007,36,391,-355
102000008,324,253,71
102000009,369,584,-215
102000010,284,310,-26
102000011,244,524,-280
102000012,385,394,-9
102000018,112,155,-43
102000019,0,0,0
102000026,0,0,0
102000029,0,0,0
102000030,0,0,0
102000031,0,0,0
102000032,0,0,0
102000033,0,0,0
102000034,0,0,0
102000035,0,0,0
102000036,0,0,0
102000037,0,0,0
102000038,0,0,0
102000039,0,0,0
102000040,0,0,0
102000041,0,0,0
102000042,0,0,0
102000043,0,0,0
102000044,0,0,0
102000045,111,80,31
102000046,0,0,0
102000047,38,69,-31
102000048,0,0,0
102000049,0,0,0
102000050,106,75,31
102000051,0,0,0
102000052,147,89,58
102000053,0,0,0
102000054,39,2,37
102000055,40,4,36
102000056,351,27,324
102000057,33,85,-52
102000058,26,2,24
102000059,29,21,8
102000060,467,349,118
102000061,6,10,-4
102000062,168,119,49
102000063,8,7,1
102000064,7,25,-18
102000065,0,0,0
102000066,30,17,13
102000067,15,119,-104
102000068,295,298,-3
102000069,0,0,0
102000070,0,0,0
102000071,697,422,275
102000072,415,421,-6
102000073,0,0,0
102000074,0,0,0
102000075,0,0,0
102000076,0,0,0
102000077,6,0,6
102000078,0,0,0
102000079,0,1,-1
102000080,0,0,0
102000081,17,2,15
102000082,0,0,0
102000083,0,0,0
102000084,161,27,134
102000085,1,0,1
102000086,130,66,64
102000087,5,6,-1
102000088,18,37,-19
102000089,77,72,5
102000090,71,141,-70
102000091,216,175,41
102000092,45,83,-38
102000093,132,114,18
102000094,51,54,-3
102000095,0,0,0
102000096,262,114,148
102000097,0,0,0
102000098,43,47,-4
102000099,23,9,14
102000100,10,20,-10
102000101,14,39,-25
102000102,11,37,-26
102000103,2,31,-29
102000104,0,0,0
102000105,0,0,0
102000106,0,0,0
102000107,0,0,0
102000108,0,0,0
102000109,0,0,0
102000110,0,0,0
102000111,0,0,0
102000112,0,0,0
102000113,0,0,0
102000114,0,0,0
102000115,0,0,0
102000116,2,78,-76
102000117,0,0,0
102000118,31,334,-303
102000119,0,0,0
102000120,0,0,0
102000121,0,0,0
102000122,0,0,0
102000123,0,0,0
102000124,0,0,0
102000125,0,0,0
102000126,0,0,0
102000127,0,0,0
102000128,0,0,0
102000129,0,0,0
102000130,0,0,0
102000131,0,0,0
102000132,0,0,0
102000133,251,48,203
102000134,60,58,2
102000135,0,0,0
102000136,0,0,0
102000137,0,0,0
102000138,0,0,0
102000139,0,0,0
102000140,0,0,0
102000141,0,0,0
102000142,0,0,0
102000143,0,0,0
102000144,0,0,0
102000145,0,0,0
102000146,0,0,0
102000147,0,0,0
102000148,0,0,0
102000149,0,0,0
102000150,0,0,0
102000151,0,0,0
102000152,0,0,0
102000153,0,0,0
102000154,0,0,0
102000155,0,0,0
102000156,0,0,0
102000157,0,0,0
102000158,0,0,0
102000159,0,0,0
102000161,0,0,0
102000162,0,0,0
102000163,0,2,-2
102000164,0,1,-1
102000165,0,0,0
102000166,1,6,-5
102000167,0,0,0
102000168,2,1,1
102000169,3,1,2
102000170,0,0,0
102000171,0,0,0
102000172,0,0,0
102000173,3,12,-9
102000174,0,0,0
102000175,8,0,8
102000176,0,0,0
102000178,0,5,-5
102000179,9,15,-6
102000180,39,2,37
102000181,50,2,48
102000182,22,6,16
102000183,179,81,98
102000184,24,1,23
102000185,252,52,200
102000186,25,8,17
102000187,31,8,23
102000188,183,73,110
102000189,15,5,10
102000190,94,145,-51
102000191,63,32,31
102000192,0,0,0
102000193,0,0,0
102000194,0,0,0
102000195,0,0,0
102000196,0,0,0
102000197,0,0,0
102000198,0,0,0
102000199,0,0,0
102000200,0,0,0
102000201,0,0,0
102000202,0,0,0
102000203,0,0,0
102000204,0,0,0
102000205,0,0,0
102000206,0,0,0
102000207,0,0,0
102000208,0,0,0
102000209,0,0,0
102000210,0,0,0
102000211,0,0,0
102000212,0,0,0
102000213,0,0,0
102000214,0,0,0
102000215,0,0,0
102000216,0,0,0
102000217,0,0,0
102000218,0,0,0
102000219,0,0,0
102000225,172,190,-18
102000226,0,0,0
102000227,0,0,0
102000228,0,0,0
102000229,0,0,0
102000230,17,25,-8
102000231,0,0,0
102000232,0,0,0
102000233,51,60,-9
102000234,8,201,-193
102000236,0,0,0
102000237,0,0,0
102000238,0,0,0
102000240,0,0,0
102000241,0,0,0
102000243,3,4,-1
102000245,0,0,0
102000246,0,0,0
102000247,11,30,-19
102000248,30,138,-108
102000249,0,0,0
102000250,0,1,-1
102000254,50,30,20
102000266,0,0,0
102000271,0,0,0
102000286,0,1,-1
102000297,0,0,0
102000299,0,0,0
102000301,0,0,0
102000303,0,0,0
102000305,0,0,0
102000307,0,0,0
102900001,0,0,0
102900002,0,0,0
102900003,0,0,0
102900005,0,0,0
102900006,0,0,0
102900007,0,0,0
102900008,0,0,0
102900009,0,0,0
102900010,0,0,0
102900011,0,0,0
102900012,0,0,0
102900013,0,0,0
102900015,0,0,0
102900016,0,0,0
102900017,0,0,0
102900018,0,0,0
102900019,0,0,0
102900020,0,0,0
102900021,0,0,0
102900022,0,0,0
102900023,0,0,0
102900024,0,0,0
102900025,0,0,0
102900026,0,0,0
102900027,0,0,0
102900028,0,0,0
102900029,0,0,0
102900030,0,0,0
102900031,0,0,0
102900032,0,0,0
102900033,0,0,0
102900034,0,0,0
102900035,0,0,0
102900036,0,0,0
102900037,0,0,0
102900038,0,0,0
102900039,0,0,0
102900040,0,0,0
102900041,0,0,0
102900042,0,0,0
102900043,0,0,0
102900044,0,0,0
102900045,0,0,0
102900046,0,0,0
102900047,0,0,0
102900048,0,0,0
102900049,0,0,0
102900050,0,0,0
102900051,0,0,0
102900053,0,0,0
102900054,0,0,0
102900055,0,0,0
102900056,0,0,0
102900057,0,0,0
102900058,0,0,0
102900059,0,0,0
102900060,0,0,0
102900061,0,0,0
102900062,0,0,0
102900063,0,0,0
102900064,0,0,0
102900065,0,0,0
102900066,0,0,0
102900068,0,0,0
102900070,0,0,0
102900072,0,0,0
102900073,0,0,0
102900075,0,0,0
102900076,0,0,0
102900077,0,0,0
102900078,0,0,0
102900079,0,0,0
102900080,0,0,0
102900081,0,0,0
102900082,0,0,0
102900083,0,0,0
102900084,0,0,0
102900085,0,0,0
102900086,0,0,0
102900087,0,0,0
102900088,0,0,0
102900089,0,0,0
102900090,0,0,0
102900091,0,0,0
102900092,0,0,0
102900094,0,0,0
102900095,0,0,0
102900096,0,0,0
102900097,0,0,0
103000001,95,55,40
103000002,26,48,-22
103000003,57,112,-55
103000004,5,25,-20
103000005,531,325,206
103000006,211,174,37
103000007,6,21,-15
103000008,0,0,0
103000009,120,77,43
103000010,0,0,0
103000011,17,33,-16
103000012,452,472,-20
103000013,145,9,136
103000014,336,689,-353
103000015,0,0,0
103000016,41,99,-58
103000017,75,33,42
103000018,0,0,0
103000019,120,95,25
103000020,5,60,-55
103000021,914,672,242
103000022,18,32,-14
103000023,358,723,-365
103000024,0,0,0
103000025,4,136,-132
103000026,0,0,0
103000027,51,75,-24
103000028,15,34,-19
103000029,43,39,4
103000030,31,88,-57
103000031,108,266,-158
103000032,188,178,10
103000033,1681,654,1027
103000034,12,15,-3
103000035,70,207,-137
103000036,6,192,-186
103000037,15,11,4
103000038,193,214,-21
103000039,1,38,-37
103000040,8,62,-54
103000041,168,213,-45
103000042,62,14,48
103000043,85,99,-14
103000044,0,0,0
103000046,0,0,0
103000047,0,0,0
103000048,0,0,0
103000049,0,0,0
103000050,0,0,0
103000051,0,0,0
103000052,0,0,0
103000053,0,0,0
103000054,278,17,261
103000055,489,51,438
103000056,20,15,5
103000057,248,165,83
103000058,186,32,154
103000059,24,25,-1
103000060,120,13,107
103000061,61,82,-21
103000062,0,0,0
103000063,132,70,62
103000064,0,0,0
103000065,0,0,0
103000066,0,0,0
103000069,0,0,0
103000070,0,0,0
103000071,77,39,38
103000072,0,0,0
103000073,122,4,118
103000074,102,11,91
103000075,0,0,0
103000076,22,46,-24
103000077,0,0,0
103000078,96,53,43
103000079,16,50,-34
103000080,178,18,160
103000081,0,128,-128
103000082,144,14,130
103000083,0,0,0
103000084,10,2,8
103000085,0,0,0
103000086,177,131,46
103000087,58,206,-148
103000088,0,0,0
103000089,67,116,-49
103000090,489,299,190
103000091,71,98,-27
103000092,329,34,295
103000093,0,0,0
103000094,105,13,92
103000095,0,0,0
103000096,189,16,173
103000097,0,0,0
103000098,181,12,169
103000099,0,0,0
103000100,0,0,0
103000101,127,16,111
103000102,0,0,0
103000103,111,13,98
103000104,2,0,2
103000105,45,0,45
103000106,0,0,0
103000107,58,2,56
103000108,85,28,57
103000109,13,10,3
103000110,59,55,4
103000111,0,0,0
103000112,23,13,10
103000113,0,0,0
103000114,279,98,181
103000115,69,10,59
103000116,57,4,53
103000117,108,12,96
103000118,0,0,0
103000119,0,0,0
103000120,0,0,0
103000121,10,7,3
103000122,249,861,-612
103000125,1,8,-7
103000126,85,0,85
103000127,0,8,-8
103000128,1,0,1
103000129,0,2,-2
103000130,35,1,34
103000131,3,23,-20
103000132,2,5,-3
103000133,0,19,-19
103000134,96,73,23
103000135,105,69,36
103000136,326,65,261
103000137,20,150,-130
103000138,76,189,-113
103000139,0,0,0
103000140,20,18,2
103000141,0,0,0
103000142,10,23,-13
103000143,0,0,0
103000144,42,13,29
103000145,0,0,0
103000150,0,0,0
103000152,0,0,0
103000153,65,30,35
103000156,0,12,-12
103000157,45,1,44
103000159,0,0,0
103000162,0,0,0
103000163,0,24,-24
103000164,0,0,0
103000165,0,0,0
103000166,45,54,-9
103000167,7,8,-1
103000168,0,0,0
103000169,67,17,50
103000170,413,275,138
103000171,2,3,-1
103000172,94,17,77
103000173,0,0,0
103000174,116,19,97
103000175,0,0,0
103000176,1,7,-6
103000177,0,0,0
103000178,0,0,0
103000179,0,0,0
103000183,87,0,87
103000185,23,2,21
103000186,55,3,52
103000187,0,0,0
103000188,2,0,2
103000189,0,0,0
103000191,3,0,3
103000292,1,64,-63
103000293,24,169,-145
103000295,67,22,45
103000296,4,1,3
103000297,2,0,2
103000504,0,0,0
103000505,1,0,1
103000506,0,0,0
103000507,0,0,0
103000508,0,0,0
103000509,0,0,0
103900001,0,0,0
103900002,0,0,0
103900003,0,0,0
103900004,0,0,0
103900005,0,0,0
103900006,0,0,0
103900007,0,0,0
103900008,0,0,0
103900009,0,0,0
103900010,0,0,0
103900011,0,0,0
103900012,0,0,0
103900013,0,0,0
103900014,0,0,0
103900015,0,0,0
103900016,0,0,0
103900017,0,0,0
103900018,0,0,0
103900019,0,0,0
103900020,0,0,0
103900021,0,0,0
103900022,0,0,0
103900023,0,0,0
103900024,0,0,0
103900025,0,0,0
103900026,0,0,0
103900027,0,0,0
103900028,0,0,0
103900029,0,0,0
103900030,0,0,0
103900031,0,0,0
103900032,0,0,0
103900033,0,0,0
103900034,0,0,0
103900035,0,0,0
103900036,0,0,0
103900037,0,0,0
103900038,0,0,0
103900039,0,0,0
103900040,0,0,0
103900041,0,0,0
103900042,0,0,0
103900043,0,0,0
103900044,0,0,0
103900045,0,0,0
103900047,0,0,0
103900048,0,0,0
103900049,0,0,0
103900050,0,0,0
103900051,0,0,0
103900052,0,0,0
103900053,0,0,0
103900054,0,0,0
103900055,0,0,0
103900056,0,0,0
103900057,0,0,0
103900058,0,0,0
103900059,0,0,0
103900060,0,0,0
103900061,0,0,0
103900062,0,0,0
103900063,0,0,0
103900064,0,0,0
103900065,0,0,0
103900066,0,0,0
103900067,0,0,0
103900068,0,0,0
103900069,0,0,0
103900070,0,0,0
103900071,0,0,0
103900072,0,0,0
103900073,0,0,0
103900074,0,0,0
103900075,0,0,0
103900076,0,0,0
103900077,0,0,0
103900078,0,0,0
103900079,0,0,0
103900080,0,0,0
103900081,0,0,0
103900082,0,0,0
103900083,0,0,0
103900084,0,0,0
103900085,0,0,0
103900086,0,0,0
103900088,0,0,0
103900089,0,0,0
103900090,0,0,0
103900091,0,0,0
103900092,0,0,0
103900093,0,0,0
103900094,0,0,0
103900095,0,0,0
103900096,0,0,0
103900097,0,0,0
103900098,0,0,0
103900099,0,0,0
103900100,0,0,0
103900101,0,0,0
103900102,0,0,0
103900104,0,0,0
103900105,0,0,0
103900106,0,0,0
103900107,0,0,0
103900108,0,0,0
103900109,0,0,0
103900110,0,0,0
103900111,0,0,0
103900112,0,0,0
103900113,0,0,0
103900114,0,0,0
103900115,0,0,0
103900116,0,0,0
103900117,0,0,0
103900119,0,0,0
103900120,0,0,0
103900122,0,0,0
103900123,0,0,0
103900124,0,0,0
103900125,0,0,0
103900126,0,0,0
103900127,0,0,0
103900128,0,0,0
103900131,0,0,0
103900133,0,0,0
103900134,0,0,0
103900135,0,0,0
103900137,0,0,0
103900138,0,0,0
103900139,0,0,0
103900140,0,0,0
103900141,0,0,0
103900142,0,0,0
103900143,0,0,0
103900144,0,0,0
103900145,0,0,0
103900146,0,0,0
103900147,0,0,0
103900148,0,0,0
103900149,0,0,0
103900150,0,0,0
103900151,0,0,0
103900152,0,0,0
103900153,0,0,0
103900154,0,0,0
103900155,0,0,0
103900156,0,0,0
103900157,0,0,0
103900158,0,0,0
103900159,0,0,0
103900160,0,0,0
103900161,0,0,0
103900162,0,0,0
103900163,0,0,0
103900167,0,0,0
103900168,0,0,0
103900169,0,0,0
103900170,0,0,0
103900171,0,0,0
103900172,0,0,0
103900173,0,0,0
103900174,0,0,0
103900175,0,0,0
103900176,0,0,0
103900177,0,0,0
103900178,0,0,0
103900179,0,0,0
103900180,0,0,0
103900181,0,0,0
103900182,0,0,0
103900184,0,0,0
103900185,0,0,0
103900187,0,0,0
103900188,0,0,0
103900189,0,0,0
103900190,0,0,0
103900191,0,0,0
103900192,0,0,0
103900193,0,0,0
103900194,0,0,0
103900195,0,0,0
103900196,0,0,0
103900197,0,0,0
103900198,0,0,0
103900199,0,0,0
103900200,0,0,0
103900201,0,0,0
103900202,0,0,0
103900203,0,0,0
103900204,0,0,0
103900207,0,0,0
103900208,0,0,0
103900209,0,0,0
103900210,0,0,0
103900211,0,0,0
103900212,0,0,0
103900213,5,75,-70
103900214,28,110,-82
103900215,33,44,-11
103900216,0,0,0
103900217,0,0,0
103900218,0,0,0
103900219,0,0,0
103900233,0,0,0
103900235,0,0,0
103900236,0,0,0
103900242,0,0,0
103900243,0,0,0
103900244,0,0,0
103900245,0,0,0
103900246,0,0,0
103900247,0,0,0
103900248,0,0,0
103900249,0,0,0
103900250,0,0,0
103900251,0,0,0
103900253,0,0,0
103900254,0,0,0
103900255,0,0,0
103900256,0,0,0
103900257,0,0,0
103900258,0,0,0
103900259,0,0,0
103900261,0,0,0
103900262,0,0,0
103900263,0,0,0
103900264,0,0,0
103900265,0,0,0
103900266,0,0,0
103900267,0,0,0
103900268,0,0,0
103900269,0,0,0
103900270,0,0,0
103900271,0,0,0
103900272,0,0,0
103900273,0,0,0
103900274,0,0,0
103900275,0,0,0
103900276,0,0,0
103900277,0,0,0
103900278,0,0,0
103900279,0,0,0
103900280,0,0,0
104000001,489,265,224
104000002,26,118,-92
104000003,799,419,380
104000004,720,284,436
104000005,479,593,-114
104000006,1225,336,889
104000007,816,165,651
104000008,130,100,30
104000009,107,55,52
104000010,137,66,71
104000011,0,0,0
104000012,0,0,0
104000013,181,49,132
104000014,0,0,0
104000015,181,29,152
104000016,0,0,0
104000018,145,94,51
104000019,282,184,98
104000020,60,106,-46
104000021,99,99,0
104000022,3,22,-19
104000023,204,16,188
104000024,0,0,0
104000026,0,0,0
104000027,26,31,-5
104000028,211,47,164
104000029,14,35,-21
104000030,203,82,121
104000031,101,27,74
104000032,0,0,0
104000033,264,12,252
104000034,0,0,0
104000035,321,21,300
104000036,283,53,230
104000037,0,0,0
104000038,176,47,129
104000039,46,51,-5
104000040,14,54,-40
104000041,91,21,70
104000042,49,17,32
104000043,49,18,31
104000044,101,23,78
104000045,87,43,44
104000046,97,99,-2
104000047,26,284,-258
104000048,163,405,-242
104000049,1,3,-2
104000050,0,0,0
104000051,0,0,0
104000052,201,78,123
104000053,71,70,1
104000054,1,3,-2
104000055,357,168,189
104000056,48,0,48
104000057,0,0,0
104000058,252,70,182
104000059,134,177,-43
104000060,217,54,163
104000061,61,38,23
104000062,30,2,28
104000064,0,0,0
104000065,1,12,-11
104000069,0,0,0
104000070,0,0,0
104000071,0,0,0
104000072,26,9,17
104000075,0,0,0
104000076,0,0,0
104000082,142,251,-109
104000083,5,25,-20
104000084,2,21,-19
104000085,5,1,4
104000086,2,17,-15
104000087,4,1,3
104000090,0,0,0
104000092,0,0,0
104000094,0,0,0
104000095,50,292,-242
104000096,220,20,200
104000097,621,71,550
104000098,907,51,856
104000100,1055,93,962
104000101,179,219,-40
104000106,13,9,4
104000107,84,16,68
104000108,95,2,93
104000109,75,3,72
104000110,32,25,7
104000111,118,26,92
104000112,3,12,-9
104000116,0,0,0
104000117,98,19,79
104000118,26,0,26
104000119,28,5,23
104000120,14,4,10
104000121,0,39,-39
104000122,219,35,184
104000123,69,119,-50
104000124,342,516,-174
104000125,60,49,11
104000126,227,65,162
104000127,97,397,-300
104000128,248,17,231
104000129,104,1,103
104000130,3,0,3
104000131,0,0,0
104000132,0,0,0
104000133,13,16,-3
104000134,91,74,17
104000135,60,131,-71
104000136,265,209,56
104000137,355,88,267
104000138,0,0,0
104000139,594,421,173
104000141,106,186,-80
104000142,0,0,0
104000143,0,0,0
104000144,0,0,0
104000145,252,20,232
104000146,0,0,0
104000147,0,0,0
104000148,39,32,7
104000149,0,0,0
104000150,265,108,157
104000151,0,0,0
104000152,0,0,0
104000153,122,70,52
104000154,0,0,0
104000155,108,63,45
104000157,91,4,87
104000158,22,18,4
104000159,11,6,5
104000160,248,69,179
104000161,24,16,8
104000162,27,96,-69
104000165,182,376,-194
104000167,97,183,-86
104000168,94,1,93
104000169,59,5,54
104000170,0,0,0
104000248,0,0,0
104000251,0,0,0
104000272,0,0,0
104000273,0,0,0
104000274,0,0,0
104000275,0,0,0
104000279,19,118,-99
104000290,0,0,0
104000291,160,172,-12
104000293,97,67,30
104000294,0,0,0
104000295,78,55,23
104000296,221,172,49
104000297,57,134,-77
104000298,319,98,221
104000299,168,138,30
104900001,0,0,0
104900002,0,0,0
104900003,0,0,0
104900004,0,0,0
104900005,0,0,0
104900006,0,0,0
104900007,0,0,0
104900009,0,0,0
104900010,0,0,0
104900011,0,0,0
104900012,0,0,0
104900013,0,0,0
104900014,0,0,0
104900015,0,0,0
104900016,0,0,0
104900017,0,0,0
104900018,0,0,0
104900019,0,0,0
104900020,0,0,0
104900021,0,0,0
104900022,0,0,0
104900023,0,0,0
104900024,0,0,0
104900025,0,0,0
104900026,0,0,0
104900027,0,0,0
104900028,0,0,0
104900029,0,0,0
104900030,0,0,0
104900031,0,0,0
104900032,0,0,0
104900033,0,0,0
104900034,0,0,0
104900035,0,0,0
104900036,0,0,0
104900037,0,0,0
104900038,0,0,0
104900039,0,0,0
104900040,0,0,0
104900041,0,0,0
104900042,0,0,0
104900043,0,0,0
104900044,0,0,0
104900045,0,0,0
104900046,0,0,0
104900047,0,0,0
104900048,0,0,0
104900049,0,0,0
104900050,0,0,0
104900051,0,0,0
104900052,0,0,0
104900053,0,0,0
104900054,0,0,0
104900055,0,0,0
104900056,0,0,0
104900057,0,0,0
104900058,0,0,0
104900059,0,0,0
104900060,0,0,0
104900061,0,0,0
104900063,0,0,0
104900064,0,0,0
104900065,0,0,0
104900066,0,0,0
104900067,0,0,0
104900068,0,0,0
104900070,0,0,0
104900071,0,0,0
104900072,0,0,0
104900073,0,0,0
104900074,0,0,0
104900075,0,0,0
104900076,0,0,0
104900077,0,0,0
104900078,0,0,0
104900079,0,0,0
104900080,0,0,0
104900082,0,0,0
104900085,0,0,0
104900087,0,0,0
104900089,0,0,0
104900090,0,0,0
104900091,0,0,0
104900093,0,0,0
104900097,0,0,0
104900098,0,0,0
104900099,0,0,0
104900100,0,0,0
104900102,0,0,0
104900103,0,0,0
104900104,0,0,0
104900106,0,0,0
104900107,0,0,0
104900108,0,0,0
104900109,0,0,0
104900110,0,0,0
104900111,0,0,0
104900112,0,0,0
104900113,0,0,0
104900114,0,0,0
104900115,0,0,0
104900116,0,0,0
104900118,0,0,0
104900119,0,0,0
104900120,0,0,0
104900121,0,0,0
104900122,0,0,0
104900123,0,0,0
104900124,0,0,0
104900125,0,0,0
104900126,0,0,0
104900127,0,0,0
104900128,0,0,0
104900129,0,0,0
105000001,754,187,567
105000002,343,298,45
105000003,427,264,163
105000004,20,54,-34
105000005,77,236,-159
105000006,111,382,-271
105000007,39,262,-223
105000008,4,389,-385
105000009,1708,952,756
105000010,44,130,-86
105000011,782,844,-62
105000012,15,94,-79
105000013,372,649,-277
105000014,2135,1017,1118
105000015,1438,2431,-993
105000016,104,173,-69
105000017,34,20,14
105000018,73,100,-27
105000019,0,0,0
105000020,0,0,0
105000021,0,0,0
105000022,31,7,24
105000023,0,0,0
105000028,0,0,0
105000029,0,21,-21
105000030,217,152,65
105000031,0,0,0
105000033,61,70,-9
105000034,0,0,0
105000037,0,0,0
105000038,278,435,-157
105000039,105,149,-44
105000040,140,245,-105
105000041,41,47,-6
105000042,792,229,563
105000043,60,83,-23
105000044,200,70,130
105000045,7,70,-63
105000046,413,29,384
105000047,10,46,-36
105000048,332,139,193
105000049,3,0,3
105000050,390,212,178
105000051,0,0,0
105000052,41,74,-33
105000053,1,20,-19
105000054,70,88,-18
105000055,0,2,-2
105000056,392,182,210
105000057,23,0,23
105000058,21,25,-4
105000059,359,120,239
105000060,0,0,0
105000061,422,75,347
105000062,0,2,-2
105000063,0,0,0
105000064,321,80,241
105000065,0,0,0
105000066,53,14,39
105000067,477,201,276
105000068,23,27,-4
105000069,45,91,-46
105000070,25,49,-24
105000071,148,114,34
105000072,313,57,256
105000073,217,90,127
105000074,0,0,0
105000075,6,18,-12
105000076,53,19,34
105000077,84,17,67
105000078,38,73,-35
105000079,3,21,-18
105000080,480,530,-50
105000081,21,10,11
105000082,236,484,-248
105000083,849,575,274
105000084,0,0,0
105000085,653,737,-84
105000086,0,0,0
105000087,0,0,0
105000088,267,417,-150
105000089,67,89,-22
105000090,39,27,12
105000091,0,0,0
105000092,0,0,0
105000093,0,0,0
105000094,42,3,39
105000095,0,0,0
105000096,145,110,35
105000097,0,0,0
105000098,203,75,128
105000099,0,0,0
105000100,0,0,0
105000101,203,48,155
105000102,0,0,0
105000103,139,69,70
105000104,0,0,0
105000105,182,66,116
105000106,18,3,15
105000107,21,1,20
105000108,25,19,6
105000109,38,1,37
105000110,4,14,-10
105000111,11,0,11
105000112,63,15,48
105000113,1,0,1
105000114,25,85,-60
105000115,0,0,0
105000116,82,23,59
105000117,0,0,0
105000118,15,21,-6
105000119,0,0,0
105000120,252,32,220
105000121,0,0,0
105000122,12,4,8
105000123,148,8,140
105000124,88,54,34
105000125,133,56,77
105000126,36,41,-5
105000127,122,34,88
105000128,49,14,35
105000129,26,34,-8
105000130,2,406,-404
105000131,0,0,0
105000132,123,98,25
105000133,0,0,0
105000134,157,44,113
105000135,0,0,0
105000136,0,0,0
105000137,275,13,262
105000138,0,0,0
105000139,0,0,0
105000140,357,38,319
105000141,0,0,0
105000142,126,46,80
105000143,0,0,0
105000144,0,0,0
105000145,123,85,38
105000146,0,0,0
105000147,282,77,205
105000148,255,49,206
105000149,616,133,483
105000150,0,0,0
105000151,0,0,0
105000152,0,0,0
105000153,0,0,0
105000154,1,0,1
105000155,0,0,0
105000156,2,1,1
105000157,29,19,10
105000158,76,6,70
105000159,8,10,-2
105000160,56,55,1
105000161,44,8,36
105000162,24,45,-21
105000163,35,9,26
105000164,6,4,2
105000165,40,64,-24
105000166,16,70,-54
105000167,27,93,-66
105000168,148,99,49
105000169,20,4,16
105000170,0,0,0
105000171,0,0,0
105000172,1,0,1
105000173,3,0,3
105000174,0,0,0
105000175,0,0,0
105000176,4,0,4
105000177,53,42,11
105000178,10,0,10
105000179,18,0,18
105000180,0,0,0
105000181,1,3,-2
105000182,0,0,0
105000183,0,0,0
105000184,0,0,0
105000185,43,278,-235
105000186,0,0,0
105000187,84,39,45
105000188,12,43,-31
105000189,0,0,0
105000190,114,84,30
105000191,1,0,1
105000192,118,33,85
105000193,2,7,-5
105000194,108,17,91
105000195,0,31,-31
105000196,10,31,-21
105000197,2,3,-1
105000198,0,0,0
105000199,8,79,-71
105000200,3,114,-111
105000201,21,0,21
105000203,0,0,0
105000204,1,6,-5
105000205,0,0,0
105000207,0,0,0
105000208,3,99,-96
105000209,0,0,0
105000211,0,0,0
105000212,72,11,61
105000213,73,26,47
105000214,24,9,15
105000215,75,92,-17
105000216,18,0,18
105000217,0,0,0
105000218,176,30,146
105000221,3,3,0
105000222,95,0,95
105000223,43,0,43
105000226,2,5,-3
105000227,0,0,0
105000228,0,5,-5
105000229,35,236,-201
105000231,128,47,81
105000233,236,388,-152
105000234,79,241,-162
105000235,202,71,131
105000237,22,1,21
105000243,0,0,0
105000248,0,0,0
105000262,0,0,0
105000269,0,0,0
105000270,100,0,100
105000271,0,0,0
105000282,13,0,13
105000287,0,0,0
105000288,0,30,-30
105000289,270,320,-50
105000290,0,0,0
105000402,27,105,-78
105000426,0,0,0
105000438,43,130,-87
105000440,0,0,0
105000446,441,361,80
105000447,158,28,130
105000454,0,0,0
105000455,0,0,0
105000474,5,0,5
105000477,0,0,0
105000478,400,1228,-828
105000479,0,0,0
105000480,1533,1495,38
105000481,839,347,492
105000482,112,211,-99
105000483,211,801,-590
105000484,79,273,-194
105000485,235,1122,-887
105000486,227,251,-24
105000488,68,171,-103
105000489,289,59,230
105000549,1,30,-29
105000550,0,0,0
105000551,7,19,-12
105000552,152,100,52
105000555,223,241,-18
105000556,0,0,0
105000557,0,0,0
105900001,0,0,0
105900002,0,0,0
105900003,0,0,0
105900004,0,0,0
105900005,0,0,0
105900006,0,0,0
105900007,0,0,0
105900008,0,0,0
105900009,0,0,0
105900011,0,0,0
105900012,0,0,0
105900013,0,0,0
105900014,0,0,0
105900015,0,0,0
105900016,0,0,0
105900017,0,0,0
105900018,0,0,0
105900019,0,0,0
105900020,0,0,0
105900021,0,0,0
105900022,0,0,0
105900023,0,0,0
105900024,0,0,0
105900025,0,0,0
105900026,0,0,0
105900027,0,0,0
105900028,0,0,0
105900029,0,0,0
105900030,0,0,0
105900031,0,0,0
105900032,0,0,0
105900033,0,0,0
105900034,0,0,0
105900035,0,0,0
105900036,0,0,0
105900037,0,0,0
105900038,0,0,0
105900039,0,0,0
105900040,0,0,0
105900041,0,0,0
105900042,0,0,0
105900043,0,0,0
105900044,0,0,0
105900045,0,0,0
105900046,0,0,0
105900047,0,0,0
105900048,21,2,19
105900050,0,0,0
105900051,0,0,0
105900052,0,0,0
105900053,0,0,0
105900054,0,0,0
105900056,0,0,0
105900057,0,0,0
105900058,0,0,0
105900059,0,0,0
106000001,609,320,289
106000002,8,152,-144
106000003,1147,675,472
106000004,50,288,-238
106000005,1858,1195,663
106000006,79,276,-197
106000007,643,48,595
106000008,47,105,-58
106000009,415,155,260
106000010,19,106,-87
106000011,619,396,223
106000012,45,34,11
106000013,1069,408,661
106000014,46,76,-30
106000015,1144,445,699
106000016,61,107,-46
106000017,486,136,350
106000018,110,153,-43
106000019,155,147,8
106000020,10,56,-46
106000021,274,116,158
106000022,86,31,55
106000023,386,45,341
106000024,31,38,-7
106000025,204,96,108
106000026,27,65,-38
106000027,715,510,205
106000028,11,45,-34
106000029,39,54,-15
106000030,0,0,0
106000034,0,0,0
106000035,137,267,-130
106000036,0,0,0
106000037,0,0,0
106000038,0,0,0
106000039,0,0,0
106000040,0,0,0
106000041,208,63,145
106000043,80,9,71
106000046,0,0,0
106000047,0,0,0
106000049,167,11,156
106000050,0,0,0
106000051,135,103,32
106000052,0,0,0
106000053,224,15,209
106000054,0,0,0
106000055,158,8,150
106000056,0,0,0
106000057,191,63,128
106000058,0,0,0
106000059,215,100,115
106000060,0,0,0
106000061,36,158,-122
106000062,0,0,0
106000063,507,123,384
106000064,0,0,0
106000065,206,11,195
106000066,3,5,-2
106000067,208,5,203
106000068,1,2,-1
106000069,13,1,12
106000070,18,8,10
106000071,185,27,158
106000072,192,195,-3
106000073,302,125,177
106000074,167,139,28
106000075,128,163,-35
106000076,624,143,481
106000077,600,50,550
106000078,285,52,233
106000079,391,28,363
106000080,360,51,309
106000081,458,67,391
106000082,405,13,392
106000083,319,121,198
106000084,334,4,330
106000085,550,220,330
106000086,624,113,511
106000087,194,3,191
106000088,175,32,143
106000089,373,21,352
106000090,335,49,286
106000091,0,0,0
106000092,147,46,101
106000093,146,7,139
106000094,0,0,0
106000095,260,17,243
106000096,246,40,206
106000097,149,34,115
106000098,293,13,280
106000099,14,11,3
106000100,584,8,576
106000101,299,2,297
106000102,0,9,-9
106000103,2,57,-55
106000104,74,27,47
106000105,7,66,-59
106000106,116,10,106
106000107,24,91,-67
106000108,61,6,55
106000109,3,64,-61
106000110,88,5,83
106000111,5,43,-38
106000112,116,5,111
106000113,24,44,-20
106000114,27,9,18
106000115,6,54,-48
106000116,64,52,12
106000117,0,0,0
106000118,303,39,264
106000119,0,0,0
106000120,351,160,191
106000121,3,11,-8
106000122,0,0,0
106000123,38,22,16
106000124,0,0,0
106000125,0,0,0
106000126,31,4,27
106000127,0,0,0
106000128,138,21,117
106000129,0,0,0
106000130,252,49,203
106000131,0,0,0
106000132,177,16,161
106000133,0,0,0
106000134,229,55,174
106000135,0,0,0
106000136,365,70,295
106000137,0,0,0
106000138,245,4,241
106000139,106,32,74
106000140,0,0,0
106000141,0,0,0
106000142,45,18,27
106000143,0,0,0
106000144,119,12,107
106000145,0,0,0
106000146,288,97,191
106000147,45,12,33
106000148,56,78,-22
106000149,155,44,111
106000150,73,63,10
106000151,229,90,139
106000152,86,144,-58
106000153,0,8,-8
106000154,32,2,30
106000155,5,24,-19
106000156,318,33,285
106000157,116,64,52
106000158,519,76,443
106000159,161,76,85
106000160,162,129,33
106000161,105,2,103
106000162,214,39,175
106000163,47,5,42
106000164,196,12,184
106000165,49,8,41
106000166,231,15,216
106000167,78,55,23
106000168,180,16,164
106000169,27,17,10
106000170,149,19,130
106000171,17,131,-114
106000172,387,70,317
106000173,96,146,-50
106000174,213,6,207
106000175,75,6,69
106000176,293,75,218
106000177,0,0,0
106000178,348,27,321
106000179,0,0,0
106000180,139,28,111
106000181,35,49,-14
106000182,489,32,457
106000183,498,48,450
106000184,280,58,222
106000185,29,38,-9
106000186,48,7,41
106000187,0,20,-20
106000188,0,0,0
106000189,1,3,-2
106000190,12,2,10
106000191,80,10,70
106000192,0,0,0
106000193,72,29,43
106000194,0,3,-3
106000195,32,0,32
106000196,0,41,-41
106000197,104,0,104
106000198,0,21,-21
106000199,138,5,133
106000200,0,57,-57
106000201,64,36,28
106000202,31,13,18
106000203,0,0,0
106000204,30,4,26
106000205,0,0,0
106000206,18,0,18
106000207,0,18,-18
106000208,396,34,362
106000209,530,77,453
106000210,0,26,-26
106000211,11,62,-51
106000212,887,95,792
106000213,0,0,0
106000214,228,31,197
106000215,3,62,-59
106000216,125,8,117
106000217,1,68,-67
106000218,55,25,30
106000219,3,74,-71
106000220,94,11,83
106000221,0,0,0
106000222,94,17,77
106000223,105,24,81
106000224,0,0,0
106000225,5,135,-130
106000226,0,0,0
106000228,0,0,0
106000229,0,0,0
106000231,220,2,218
106000232,0,0,0
106000233,28,4,24
106000234,0,0,0
106000235,38,34,4
106000236,0,0,0
106000237,0,0,0
106000238,0,1,-1
106000239,0,0,0
106000240,1,0,1
106000241,1,62,-61
106000242,91,30,61
106000249,97,31,66
106000250,0,38,-38
106000251,0,0,0
106000252,0,0,0
106000253,0,0,0
106000254,0,0,0
106000255,0,0,0
106000256,0,0,0
106000257,15,9,6
106000258,0,0,0
106000259,0,0,0
106000260,0,0,0
106000261,0,0,0
106000262,0,0,0
106000263,0,0,0
106000264,0,0,0
106000265,0,0,0
106000266,0,0,0
106000267,0,0,0
106000268,0,0,0
106000269,0,0,0
106000270,25,0,25
106000271,0,0,0
106000272,0,0,0
106000273,0,0,0
106000274,0,0,0
106000275,0,0,0
106000276,0,0,0
106000277,0,0,0
106000278,0,0,0
106000279,0,0,0
106000280,0,0,0
106000281,0,0,0
106000282,0,0,0
106000283,0,0,0
106000284,0,0,0
106000285,0,0,0
106000286,0,0,0
106000287,0,0,0
106000288,0,0,0
106000289,0,0,0
106000290,0,0,0
106000291,0,0,0
106000292,0,0,0
106000293,0,0,0
106000294,0,0,0
106000295,0,0,0
106000296,0,0,0
106000297,0,0,0
106000298,0,0,0
106000299,0,0,0
106000300,0,0,0
106000301,0,0,0
106000303,0,0,0
106000304,0,0,0
106000305,0,0,0
106000306,0,0,0
106000307,0,0,0
106000308,0,0,0
106000309,0,0,0
106000310,18,5,13
106000311,99,15,84
106000312,1,13,-12
106000313,27,2,25
106000318,0,0,0
106000319,370,24,346
106000320,0,0,0
106000321,0,0,0
106000322,0,0,0
106000324,0,0,0
106000325,1302,366,936
106000326,70,66,4
106000327,167,4,163
106000328,0,0,0
106000329,1,0,1
106000330,2,15,-13
106000428,50,97,-47
106000429,0,0,0
106000430,0,0,0
106000431,247,233,14
106000432,2,102,-100
106000433,769,547,222
106000434,1033,293,740
106000435,5,106,-101
106000436,0,0,0
106000437,37,12,25
106000438,5,3,2
106000439,0,0,0
106000440,18,42,-24
106000441,0,1,-1
106000442,48,0,48
106000443,0,0,0
106000450,0,0,0
106000451,25,12,13
106000454,0,0,0
106000455,0,14,-14
106000456,37,1,36
106000457,0,0,0
106000458,139,7,132
106000459,0,0,0
106000460,257,2,255
106000461,0,0,0
106000462,0,0,0
106000463,0,2,-2
106000464,0,0,0
106000465,142,0,142
106000466,0,0,0
106000467,0,47,-47
106000468,19,30,-11
106000469,13,0,13
106000470,0,0,0
106000471,0,0,0
106000472,21,1,20
106000473,0,0,0
106000474,28,72,-44
106000475,97,74,23
106000476,15,8,7
106000477,0,0,0
106000480,0,0,0
106900001,0,0,0
106900002,0,0,0
106900003,0,0,0
106900004,0,0,0
106900006,0,0,0
106900007,0,0,0
106900008,0,0,0
106900009,0,0,0
106900010,0,0,0
106900012,0,0,0
106900013,0,0,0
106900014,0,0,0
106900015,0,0,0
106900016,0,0,0
106900017,0,0,0
106900018,0,0,0
106900019,0,0,0
106900020,0,0,0
106900021,0,0,0
106900022,0,0,0
106900023,0,0,0
106900024,0,0,0
106900025,0,0,0
106900026,0,0,0
106900027,140,1,139
107000001,1474,2214,-740
107000002,190,327,-137
107000003,4211,3839,372
107000004,394,270,124
107000005,4035,2608,1427
107000006,290,211,79
107000007,1522,2167,-645
107000008,347,284,63
107000009,3896,2813,1083
107000010,304,268,36
107000011,0,0,0
107000012,0,0,0
107000013,0,0,0
107000014,0,0,0
107000015,0,0,0
107000016,0,0,0
107000017,18,6,12
107000018,3,0,3
107000020,66,353,-287
107000021,19,2,17
107000022,49,325,-276
107000023,160,0,160
107000024,123,174,-51
107000025,38,6,32
107000026,19,51,-32
107000027,225,44,181
107000028,22,93,-71
107000029,750,75,675
107000030,76,118,-42
107000031,725,220,505
107000032,100,109,-9
107000033,175,50,125
107000034,0,0,0
107000035,27,63,-36
107000036,0,0,0
107000037,25,164,-139
107000038,11,23,-12
107000039,121,226,-105
107000040,30,1,29
107000041,386,51,335
107000042,29,85,-56
107000043,268,110,158
107000044,26,16,10
107000045,5,18,-13
107000046,361,59,302
107000047,23,72,-49
107000048,238,40,198
107000049,15,76,-61
107000050,357,78,279
107000051,34,221,-187
107000052,201,86,115
107000053,292,58,234
107000054,15,200,-185
107000055,157,55,102
107000056,94,45,49
107000057,122,204,-82
107000058,861,972,-111
107000059,0,0,0
107000060,2125,1815,310
107000061,24,6,18
107000062,1624,1102,522
107000063,24,31,-7
107000064,1216,892,324
107000065,3,16,-13
107000066,723,547,176
107000067,133,134,-1
107000068,87,157,-70
107000069,165,281,-116
107000070,216,10,206
107000071,536,4,532
107000072,0,0,0
107000073,169,11,158
107000074,0,0,0
107000075,1291,36,1255
107000076,0,0,0
107000077,1124,37,1087
107000078,0,0,0
107000079,985,72,913
107000080,0,0,0
107000081,968,189,779
107000082,0,0,0
107000083,397,457,-60
107000084,0,0,0
107000085,716,626,90
107000086,91,215,-124
107000087,482,237,245
107000088,46,82,-36
107000089,346,198,148
107000090,88,45,43
107000091,369,129,240
107000092,56,40,16
107000093,216,340,-124
107000094,38,52,-14
107000095,954,462,492
107000096,0,0,0
107000097,319,101,218
107000098,0,0,0
107000099,201,142,59
107000100,0,0,0
107000101,90,76,14
107000102,2,1,1
107000103,180,106,74
107000104,0,0,0
107000105,251,51,200
107000106,0,0,0
107000107,276,110,166
107000108,0,1,-1
107000109,161,31,130
107000110,0,0,0
107000111,117,3,114
107000112,0,0,0
107000113,303,34,269
107000114,0,0,0
107000115,420,39,381
107000116,0,0,0
107000117,161,51,110
107000118,0,0,0
107000119,702,174,528
107000120,0,0,0
107000121,503,26,477
107000122,16,122,-106
107000123,426,26,400
107000124,18,56,-38
107000125,476,28,448
107000126,54,63,-9
107000129,0,0,0
107000130,224,95,129
107000131,0,0,0
107000132,288,138,150
107000133,4,0,4
107000134,32,0,32
107000135,0,0,0
107000136,86,0,86
107000137,0,1,-1
107000138,0,0,0
107000139,0,1,-1
107000140,89,0,89
107000141,0,4,-4
107000142,70,0,70
107000143,0,2,-2
107000144,31,1,30
107000145,0,14,-14
107000146,0,0,0
107000147,0,13,-13
107000150,0,0,0
107000151,0,0,0
107000152,22,95,-73
107000153,0,0,0
107000154,0,0,0
107000155,50,0,50
107000156,153,0,153
107000157,0,0,0
107000158,4,0,4
107000159,0,0,0
107000160,124,56,68
107000161,0,0,0
107000162,42,45,-3
107000163,41,0,41
107000164,0,0,0
107000165,0,0,0
107000166,0,0,0
107000167,0,0,0
107000168,531,84,447
107000169,4,4,0
107000170,469,76,393
107000171,11,20,-9
107000172,343,51,292
107000173,3,3,0
107000174,174,210,-36
107000175,47,14,33
107000176,14,0,14
107000177,0,0,0
107000178,0,0,0
107000179,0,0,0
107000180,622,25,597
107000181,0,0,0
107000182,481,32,449
107000183,0,0,0
107000184,349,43,306
107000185,0,0,0
107000186,437,55,382
107000187,54,43,11
107000188,0,0,0
107000189,71,25,46
107000190,0,0,0
107000191,58,92,-34
107000192,0,0,0
107000193,52,42,10
107000194,0,0,0
107000197,177,27,150
107000198,0,0,0
107000199,98,71,27
107000200,14,22,-8
107000201,81,52,29
107000202,113,61,52
107000203,33,181,-148
107000204,81,538,-457
107000205,62,27,35
107000206,33,419,-386
107000207,20,58,-38
107000208,21,51,-30
107000209,0,0,0
107000210,0,0,0
107000211,0,0,0
107000212,0,0,0
107000213,0,0,0
107000214,0,0,0
107000215,0,0,0
107000216,0,0,0
107000217,0,0,0
107000219,0,0,0
107000220,0,0,0
107000222,14,17,-3
107000224,14,5,9
107000225,0,0,0
107000226,135,3,132
107000227,0,0,0
107000228,0,0,0
107000229,0,0,0
107000230,31,6,25
107000231,42,59,-17
107000232,0,0,0
107000233,0,0,0
107000234,0,0,0
107000235,194,3,191
107000236,0,0,0
107000237,10,0,10
107000238,24,0,24
107000239,0,0,0
107000240,0,0,0
107000243,0,0,0
107000244,7,0,7
107000246,0,0,0
107000249,0,0,0
107000251,0,0,0
107000252,0,0,0
107000255,0,0,0
107000257,0,0,0
107000258,0,0,0
107000259,0,0,0
107000260,0,0,0
107000262,0,0,0
107000263,0,0,0
107000266,0,0,0
107000267,0,0,0
107000268,0,0,0
107000269,0,0,0
107000270,0,0,0
107000271,0,0,0
107000272,0,0,0
107000273,0,0,0
107000274,1,0,1
107000275,0,0,0
107000280,66,0,66
107000281,0,1,-1
107000282,0,0,0
107000290,0,0,0
107000291,0,0,0
107000292,0,0,0
107000293,0,0,0
107000294,0,0,0
107000295,0,0,0
107000296,0,0,0
107000444,46,0,46
107000496,0,1,-1
107000497,0,0,0
107000500,0,0,0
107000501,0,0,0
107000502,0,0,0
107000505,0,40,-40
107000506,0,0,0
107000508,0,0,0
107000509,17,45,-28
107000510,0,0,0
107000514,0,0,0
107000515,0,0,0
107000516,146,96,50
107000518,328,20,308
107000519,0,0,0
107000520,0,0,0
107000521,0,0,0
107000522,395,178,217
107900001,0,0,0
107900002,0,0,0
107900003,0,0,0
107900004,0,0,0
107900005,0,0,0
107900006,0,0,0
107900007,0,0,0
107900008,0,0,0
107900009,0,0,0
107900010,0,0,0
107900012,0,0,0
107900013,0,0,0
107900014,0,0,0
107900015,0,0,0
107900016,0,0,0
107900017,0,0,0
107900018,0,0,0
107900019,0,0,0
107900020,0,0,0
107900021,0,0,0
107900023,0,0,0
107900024,0,0,0
107900025,0,0,0
107900026,0,0,0
107900027,0,0,0
107900028,0,0,0
107900030,0,0,0
107900031,0,0,0
107900032,0,0,0
107900033,0,0,0
107900034,0,0,0
107900035,0,0,0
107900036,0,0,0
107900037,0,0,0
107900038,0,0,0
107900039,0,0,0
107900040,0,0,0
107900041,0,0,0
107900043,0,0,0
107900044,0,0,0
107900045,0,0,0
107900046,0,0,0
107900047,0,0,0
107900048,0,0,0
107900049,0,0,0
107900050,0,0,0
107900051,0,0,0
107900052,0,0,0
107900053,0,0,0
107900055,0,0,0
107900056,0,0,0
107900057,0,0,0
107900058,0,0,0
107900060,0,0,0
107900061,0,0,0
107900063,0,0,0
107900064,0,0,0
107900065,0,0,0
107900066,0,0,0
107900067,0,0,0
107900068,0,0,0
107900069,0,0,0
107900070,0,0,0
107900071,0,0,0
107900072,0,0,0
107900073,0,0,0
107900074,0,0,0
107900076,0,0,0
107900077,0,0,0
107900079,0,0,0
107900080,0,0,0
107900081,0,0,0
107900082,0,0,0
107900083,0,0,0
107900084,0,0,0
107900086,0,0,0
107900087,0,0,0
107900088,0,0,0
107900089,0,0,0
107900090,0,0,0
107900091,0,0,0
107900093,0,0,0
107900095,0,0,0
107900097,0,0,0
107900098,0,0,0
107900100,0,0,0
107900101,0,0,0
107900102,0,0,0
107900103,0,0,0
107900104,0,0,0
107900105,0,0,0
107900106,0,0,0
107900107,0,0,0
107900108,0,0,0
107900109,0,0,0
107900110,0,0,0
107900111,0,0,0
107900112,0,0,0
107900113,0,0,0
107900114,0,0,0
107900115,0,0,0
107900116,0,0,0
107900117,0,0,0
107900118,0,0,0
107900119,0,0,0
107900120,0,0,0
107900121,0,0,0
107900122,0,0,0
107900123,0,0,0
107900124,0,0,0
107900125,0,0,0
107900126,0,0,0
107900127,0,0,0
107900128,0,0,0
107900129,0,0,0
107900130,0,0,0
107900131,0,0,0
107900132,0,0,0
107900133,0,0,0
107900134,0,0,0
107900135,0,0,0
107900136,0,0,0
107900137,0,0,0
107900138,0,0,0
107900139,0,0,0
107900141,0,0,0
107900142,0,0,0
107900143,0,0,0
107900144,0,0,0
107900145,0,0,0
107900146,0,0,0
107900147,0,0,0
107900148,0,0,0
107900149,0,0,0
107900150,0,0,0
107900151,0,0,0
107900152,0,0,0
107900153,0,0,0
107900154,0,0,0
107900155,0,0,0
107900156,0,0,0
107900157,0,0,0
107900158,0,0,0
107900159,0,0,0
107900160,0,0,0
107900161,0,0,0
107900162,0,0,0
107900163,0,0,0
107900164,0,0,0
107900165,0,0,0
107900166,0,0,0
107900167,0,0,0
107900168,0,0,0
107900169,0,0,0
107900171,0,0,0
107900172,0,0,0
107900173,0,0,0
107900174,0,0,0
107900175,0,0,0
107900176,0,0,0
107900177,0,0,0
107900178,0,0,0
107900179,0,0,0
107900180,0,0,0
107900181,0,0,0
107900182,0,0,0
107900183,0,0,0
107900184,0,0,0
107900185,0,0,0
107900186,0,0,0
107900187,0,0,0
107900188,0,0,0
107900189,0,0,0
107900190,0,0,0
107900191,0,0,0
107900193,0,0,0
107900194,0,0,0
107900195,0,0,0
107900196,0,0,0
107900197,0,0,0
107900199,0,0,0
107900201,0,0,0
107900203,0,0,0
107900204,0,0,0
107900206,0,0,0
107900207,0,0,0
107900208,0,0,0
107900209,0,0,0
107900210,0,0,0
107900213,0,0,0
107900214,0,0,0
107900215,0,0,0
107900216,0,0,0
107900217,0,0,0
107900218,0,0,0
107900219,0,0,0
107900220,0,0,0
107900221,0,0,0
107900223,0,0,0
107900224,0,0,0
107900225,0,0,0
107900226,0,0,0
107900227,0,0,0
107900228,0,0,0
107900229,0,0,0
107900230,0,0,0
107900231,0,0,0
107900232,0,0,0
107900233,0,0,0
107900234,0,0,0
107900235,0,0,0
107900236,0,0,0
107900237,0,0,0
107900238,0,0,0
107900239,0,0,0
107900240,0,0,0
107900241,0,0,0
107900242,0,0,0
107900243,0,0,0
107900244,0,0,0
107900245,0,0,0
107900246,0,0,0
107900248,0,0,0
107900249,0,0,0
107900250,0,0,0
107900251,0,0,0
107900252,0,0,0
107900253,0,0,0
107900254,0,0,0
107900255,0,0,0
107900256,0,0,0
107900257,0,0,0
107900258,0,0,0
107900259,0,0,0
107900261,0,0,0
107900262,0,0,0
107900264,0,0,0
107900265,0,0,0
107900267,0,0,0
107900268,0,0,0
107900269,0,0,0
107900270,0,0,0
107900271,0,0,0
107900272,0,0,0
107900273,0,0,0
107900274,0,0,0
107900275,0,0,0
107900276,0,0,0
107900277,0,0,0
107900278,0,0,0
107900279,0,0,0
107900280,0,0,0
107900281,0,0,0
107900282,0,0,0
107900283,0,0,0
107900284,0,0,0
107900285,0,0,0
107900286,0,0,0
107900287,0,0,0
107900290,0,0,0
107900291,0,0,0
107900292,0,0,0
107900293,0,0,0
107900295,0,0,0
107900297,0,0,0
107900298,0,0,0
107900299,0,0,0
107900301,5,54,-49
107900302,0,0,0
107900303,0,0,0
107900304,0,0,0
107900305,0,0,0
107900306,0,0,0
107900307,0,0,0
107900308,0,0,0
107900309,0,0,0
107900310,0,0,0
107900311,0,0,0
107900312,0,0,0
107900313,0,0,0
107900314,0,0,0
107900315,0,0,0
107900316,0,0,0
107900317,0,0,0
107900318,0,0,0
107900319,0,0,0
107900320,0,0,0
107900321,0,0,0
107900322,0,0,0
107900323,0,0,0
107900324,0,0,0
107900325,0,0,0
107900326,0,0,0
107900327,0,0,0
107900328,0,0,0
107900329,0,0,0
107900330,0,0,0
107900331,0,0,0
107900332,0,0,0
107900333,0,0,0
107900334,0,0,0
107900335,0,0,0
107900336,0,0,0
107900337,0,0,0
107900338,0,0,0
107900339,0,0,0
107900340,0,0,0
107900341,0,0,0
107900342,0,0,0
107900343,0,0,0
107900344,0,0,0
107900345,1,1,0
107900346,0,0,0
107900347,0,0,0
107900348,0,0,0
107900349,0,0,0
107900350,0,0,0
107900351,0,0,0
107900352,0,0,0
107900353,0,0,0
107900354,0,0,0
108000001,2011,1159,852
108000002,101,152,-51
108000003,1344,710,634
108000004,440,1496,-1056
108000005,4364,1454,2910
108000006,112,592,-480
108000007,3856,939,2917
108000008,425,256,169
108000009,2376,1037,1339
108000010,202,256,-54
108000011,4361,1557,2804
108000012,500,662,-162
108000014,192,0,192
108000015,497,11,486
108000016,0,0,0
108000017,712,40,672
108000018,1399,59,1340
108000019,162,41,121
108000020,491,90,401
108000021,0,0,0
108000022,43,40,3
108000023,573,58,515
108000024,201,7,194
108000025,23,2,21
108000026,404,16,388
108000027,62,4,58
108000028,327,10,317
108000029,99,0,99
108000030,316,18,298
108000031,17,1,16
108000032,1143,90,1053
108000033,0,0,0
108000034,1050,60,990
108000035,0,0,0
108000036,21,47,-26
108000037,483,65,418
108000038,803,55,748
108000039,9,22,-13
108000040,1056,159,897
108000041,11,14,-3
108000042,236,7,229
108000043,47,1,46
108000044,541,10,531
108000045,27,0,27
108000046,1078,151,927
108000047,0,0,0
108000048,0,0,0
108000049,340,54,286
108000050,1,5,-4
108000051,157,59,98
108000052,2,5,-3
108000053,270,43,227
108000054,27,14,13
108000055,275,78,197
108000056,27,15,12
108000057,288,413,-125
108000058,474,630,-156
108000059,3,105,-102
108000060,142,176,-34
108000061,0,0,0
108000062,217,96,121
108000063,0,0,0
108000064,111,92,19
108000065,0,0,0
108000066,469,59,410
108000067,775,27,748
108000068,620,81,539
108000069,0,0,0
108000070,1383,90,1293
108000071,0,0,0
108000072,1548,108,1440
108000073,0,0,0
108000074,558,108,450
108000075,0,0,0
108000076,828,272,556
108000077,0,0,0
108000078,1755,701,1054
108000079,0,0,0
108000080,953,330,623
108000081,0,0,0
108000082,0,0,0
108000083,109,17,92
108000084,0,0,0
108000085,101,55,46
108000086,0,0,0
108000087,25,235,-210
108000088,523,40,483
108000089,0,0,0
108000091,0,0,0
108000092,481,21,460
108000093,0,0,0
108000094,769,84,685
108000095,0,0,0
108000096,462,254,208
108000097,0,0,0
108000098,1163,117,1046
108000099,82,23,59
108000100,119,66,53
108000101,941,204,737
108000102,320,585,-265
108000106,177,0,177
108000107,0,0,0
108000108,80,2,78
108000109,0,0,0
108000110,16,25,-9
108000111,0,0,0
108000112,1,29,-28
108000113,94,34,60
108000115,33,12,21
108000117,183,4,179
108000118,10,87,-77
108000119,94,8,86
108000120,521,145,376
108000121,54,35,19
108000122,632,60,572
108000123,349,47,302
108000124,0,0,0
108000125,433,45,388
108000126,0,0,0
108000127,445,55,390
108000128,0,0,0
108000129,0,0,0
108000130,269,17,252
108000131,333,64,269
108000132,0,0,0
108000133,793,49,744
108000134,0,0,0
108000135,1239,8,1231
108000136,0,0,0
108000137,29,5,24
108000138,14,36,-22
108000139,47,51,-4
108000140,0,0,0
108000141,0,0,0
108000142,0,0,0
108000143,0,0,0
108000144,0,0,0
108000145,0,0,0
108000146,0,0,0
108000147,0,0,0
108000148,0,0,0
108000149,0,0,0
108000150,0,0,0
108000151,0,0,0
108000152,0,0,0
108000153,0,0,0
108000154,0,0,0
108000155,0,0,0
108000156,0,0,0
108000157,0,0,0
108000158,0,0,0
108000159,34,8,26
108000160,145,15,130
108000161,215,98,117
108000165,0,0,0
108000172,0,0,0
108000173,0,0,0
108000175,273,15,258
108000178,0,0,0
108000179,55,447,-392
108000181,0,0,0
108000182,0,0,0
108000183,0,0,0
108000184,19,185,-166
108000185,0,0,0
108000186,0,0,0
108000187,0,0,0
108000188,0,0,0
108000189,85,28,57
108000190,0,0,0
108000192,0,0,0
108000193,0,119,-119
108000194,14,1,13
108000195,0,0,0
108000196,11,0,11
108000198,0,0,0
108000199,0,0,0
108000200,0,0,0
108000203,0,0,0
108000204,0,0,0
108000205,0,0,0
108000339,187,17,170
108000364,15,15,0
108000365,1,9,-8
108000367,0,0,0
108000368,0,0,0
108000369,0,0,0
108000371,0,0,0
108000372,117,0,117
108000373,28,21,7
108000376,0,0,0
108000377,44,70,-26
108000378,5375,2664,2711
108000379,0,0,0
108000381,0,0,0
108000382,49,0,49
108000383,0,0,0
108900001,0,0,0
108900002,0,0,0
108900003,0,0,0
108900004,120,31,89
108900007,76,14,62
108900008,11,6,5
108900009,6,0,6
108900010,0,0,0
108900011,93,17,76
108900012,8,0,8
108900013,70,14,56
108900014,0,0,0
108900015,0,0,0
108900016,0,0,0
108900017,1,0,1
108900018,0,0,0
108900019,0,0,0
108900020,0,0,0
108900021,0,0,0
108900022,0,0,0
108900023,0,0,0
108900024,0,0,0
108900025,0,0,0
108900026,0,0,0
108900027,0,0,0
108900028,0,0,0
108900029,0,0,0
108900030,0,0,0
108900031,0,0,0
108900032,0,0,0
108900033,0,0,0
108900034,0,0,0
108900035,0,0,0
108900038,0,0,0
108900039,0,0,0
108900040,0,0,0
108900041,225,76,149
108900042,0,0,0
108900043,0,0,0
108900044,0,0,0
108900045,0,0,0
108900046,0,0,0
108900047,0,0,0
108900048,0,0,0
108900049,0,0,0
108900050,0,0,0
108900051,0,0,0
108900052,0,0,0
108900053,0,0,0
108900054,0,0,0
108900055,0,0,0
108900056,0,0,0
108900057,0,0,0
108900058,0,0,0
108900059,0,0,0
108900060,1,8,-7
108900061,0,0,0
108900062,0,0,0
108900063,0,0,0
108900064,0,0,0
108900065,0,0,0
108900066,20,2,18
108900067,0,0,0
108900068,0,0,0
108900069,0,0,0
108900070,0,0,0
108900071,5,0,5
108900072,0,0,0
108900073,0,0,0
108900074,0,0,0
108900075,0,0,0
108900076,2,0,2
108900077,0,0,0
108900078,0,0,0
108900079,0,0,0
108900080,0,0,0
108900081,0,0,0
108900082,0,0,0
108900083,0,0,0
108900085,0,0,0
108900086,0,0,0
108900087,0,0,0
108900088,43,1,42
108900089,0,0,0
108900090,0,0,0
108900091,0,0,0
108900092,86,8,78
108900093,0,0,0
108900094,0,0,0
108900095,0,0,0
108900096,0,0,0
108900097,16,2,14
108900098,0,0,0
108900099,31,1,30
108900100,0,0,0
108900101,0,0,0
108900102,0,0,0
108900103,0,0,0
108900105,0,0,0
108900106,12,3,9
108900108,0,0,0
108900109,0,0,0
108900110,20,5,15
108900111,12,0,12
108900113,0,0,0
108900114,0,0,0
108900115,0,0,0
108900116,0,0,0
108900117,0,0,0
108900118,0,0,0
108900119,0,0,0
108900120,0,0,0
108900121,0,0,0
108900122,0,0,0
108900123,0,0,0
108900124,0,0,0
108900125,0,0,0
108900126,0,0,0
108900127,0,0,0
108900128,0,0,0
108900129,0,0,0
108900130,0,0,0
108900131,0,0,0
108900132,0,0,0
108900133,0,0,0
108900134,0,0,0
108900135,0,0,0
108900136,0,0,0
108900137,0,0,0
108900138,0,0,0
108900140,0,0,0
108900141,0,0,0
108900142,0,0,0
108900143,0,0,0
108900144,0,0,0
108900145,0,0,0
108900146,0,0,0
108900147,0,0,0
108900148,0,0,0
108900150,0,0,0
108900151,0,0,0
108900152,0,0,0
108900153,0,0,0
108900154,4,0,4
108900156,0,0,0
108900157,0,0,0
108900158,0,0,0
108900159,0,0,0
108900160,0,0,0
108900161,0,0,0
108900162,0,0,0
108900163,0,0,0
108900164,0,0,0
108900168,0,0,0
108900169,0,0,0
108900171,39,65,-26
108900172,0,0,0
108900173,0,0,0
108900174,0,0,0
108900176,0,0,0
108900177,0,0,0
108900178,0,0,0
108900180,1,10,-9
108900183,0,0,0
108900184,48,2,46
108900185,0,0,0
108900186,0,0,0
108900189,12,1,11
108900190,0,0,0
108900192,0,0,0
108900195,0,0,0
108900196,0,0,0
108900199,0,0,0
108900200,2,0,2
108900201,0,0,0
108900203,0,0,0
108900204,0,0,0
108900205,0,0,0
108900206,0,0,0
108900207,0,0,0
108900208,0,0,0
108900209,0,0,0
108900210,0,0,0
108900211,0,0,0
108900212,0,0,0
108900215,0,0,0
108900216,0,0,0
108900217,0,0,0
108900218,0,0,0
108900221,0,0,0
108900224,0,0,0
108900225,0,0,0
108900227,0,0,0
108900230,0,0,0
108900232,0,0,0
108900233,0,0,0
108900234,0,0,0
108900235,0,0,0
108900236,0,0,0
108900240,0,0,0
108900241,0,0,0
108900245,0,0,0
108900250,0,0,0
108900258,0,0,0
108900259,0,0,0
108900260,0,0,0
108900261,0,0,0
108900262,0,0,0
108900263,0,0,0
108900264,0,0,0
108900265,0,0,0
108900266,0,0,0
108900267,0,0,0
108900268,0,0,0
108900269,0,0,0
108900270,0,0,0
108900271,0,0,0
108900272,0,0,0
108900273,0,0,0
108900274,0,0,0
109000001,793,501,292
109000002,1,315,-314
109000003,1625,173,1452
109000004,0,191,-191
109000005,1545,114,1431
109000006,0,130,-130
109000007,1416,221,1195
109000008,2,108,-106
109000009,1651,213,1438
109000010,15,230,-215
109000011,2171,464,1707
109000012,30,204,-174
109000013,2642,827,1815
109000014,34,230,-196
109000015,3414,483,2931
109000016,84,286,-202
109000017,1805,373,1432
109000018,65,283,-218
109000019,1515,294,1221
109000020,6,122,-116
109000023,9,0,9
109000024,0,0,0
109000025,0,0,0
109000026,37,0,37
109000027,0,0,0
109000028,12,0,12
109000029,0,0,0
109000030,0,0,0
109000031,231,32,199
109000032,0,0,0
109000033,172,22,150
109000034,0,0,0
109000035,0,0,0
109000036,0,15,-15
109000037,0,0,0
109000038,29,30,-1
109000039,0,0,0
109000040,0,0,0
109000041,52,57,-5
109000042,25,54,-29
109000044,100,25,75
109000045,0,0,0
109000046,145,17,128
109000047,0,0,0
109000048,212,36,176
109000049,0,0,0
109000050,219,72,147
109000051,0,0,0
109000052,0,0,0
109000053,0,0,0
109000054,0,0,0
109000055,0,0,0
109000056,0,0,0
109000057,0,0,0
109000058,0,0,0
109000059,0,0,0
109000060,9,9,0
109000061,0,0,0
109000062,1,7,-6
109000063,0,0,0
109000064,2,3,-1
109000065,0,0,0
109000066,2,2,0
109000067,0,0,0
109000068,103,2,101
109000069,249,19,230
109000070,0,0,0
109000071,0,0,0
109000072,0,0,0
109000073,0,0,0
109000074,0,5,-5
109000075,0,0,0
109000076,18,31,-13
109000077,25,14,11
109000078,1,13,-12
109000079,0,0,0
109000080,6,1,5
109000081,22,4,18
109000082,31,3,28
109000083,40,6,34
109000088,0,16,-16
109000089,0,0,0
109000090,0,33,-33
109000091,0,0,0
109000092,4,17,-13
109000093,0,0,0
109000094,2,0,2
109000095,0,7,-7
109000096,47,2,45
109000097,0,0,0
109000098,27,8,19
109000099,213,3,210
109000100,9,14,-5
109000101,234,20,214
109000102,1,48,-47
109000103,11,14,-3
109000104,472,13,459
109000105,13,65,-52
109000106,374,17,357
109000107,11,46,-35
109000108,469,28,441
109000109,6,62,-56
109000110,53,106,-53
109000111,14,198,-184
109000112,0,0,0
109000113,2,8,-6
109000114,169,76,93
109000115,216,17,199
109000116,0,0,0
109000117,123,1,122
109000118,0,5,-5
109000119,315,6,309
109000120,0,3,-3
109000121,218,13,205
109000122,1,1,0
109000123,0,0,0
109000124,68,2,66
109000125,504,10,494
109000126,8,2,6
109000127,578,17,561
109000128,18,6,12
109000129,534,38,496
109000130,1,3,-2
109000131,84,180,-96
109000132,24,40,-16
109000133,0,0,0
109000134,0,0,0
109000135,0,0,0
109000136,32,14,18
109000137,71,5,66
109000138,37,14,23
109000139,93,30,63
109000140,9,1,8
109000141,98,7,91
109000142,1,3,-2
109000143,0,0,0
109000145,0,0,0
109000146,49,40,9
109000148,0,0,0
109000149,0,0,0
109000150,7,91,-84
109000155,0,0,0
109000156,299,22,277
109000158,0,0,0
109000159,38,17,21
109000160,0,0,0
109000161,491,44,447
109000162,69,14,55
109000163,459,31,428
109000164,51,22,29
109000165,374,128,246
109000166,61,4,57
109000167,2,5,-3
109000170,0,0,0
109000171,0,0,0
109000172,0,0,0
109000173,0,0,0
109000174,0,0,0
109000175,0,0,0
109000176,14,2,12
109000177,0,0,0
109000178,19,0,19
109000179,0,0,0
109000180,0,0,0
109000181,0,0,0
109000182,0,0,0
109000183,4,0,4
109000184,0,0,0
109000185,19,0,19
109000188,26,15,11
109000189,68,1,67
109000190,0,0,0
109000191,393,42,351
109000192,0,0,0
109000193,0,0,0
109000194,0,0,0
109000195,0,0,0
109000196,0,0,0
109000197,0,0,0
109000198,0,0,0
109000199,0,0,0
109000206,0,0,0
109000207,0,0,0
109000208,0,0,0
109000209,0,0,0
109000210,0,5,-5
109000211,0,0,0
109000214,41,45,-4
109000215,275,12,263
109000216,26,171,-145
109000217,0,0,0
109000218,0,0,0
109000221,1,17,-16
109000222,9,12,-3
109000223,0,46,-46
109000224,0,0,0
109000225,0,2,-2
109000226,20,7,13
109000227,44,7,37
109000228,0,0,0
109000231,0,0,0
109000232,96,2,94
109000236,0,0,0
109000241,46,41,5
109000242,287,63,224
109000293,0,0,0
109000361,15,18,-3
109000364,0,0,0
109000396,0,4,-4
109000397,3,0,3
109000399,2,20,-18
109000400,0,0,0
109000403,0,0,0
109000406,111,2,109
109000407,0,0,0
109000408,0,106,-106
109000410,0,0,0
109000411,41,0,41
109900001,0,0,0
109900002,0,0,0
109900003,0,0,0
109900004,0,0,0
109900005,0,0,0
109900006,0,0,0
109900007,0,0,0
109900008,0,0,0
109900009,0,0,0
109900010,0,0,0
109900011,0,0,0
109900012,0,0,0
109900013,0,0,0
109900014,0,0,0
109900015,0,0,0
109900016,0,0,0
109900017,0,0,0
109900018,0,0,0
109900019,0,0,0
109900020,0,0,0
109900021,0,0,0
109900022,17,0,17
109900023,0,0,0
109900024,0,0,0
109900025,0,0,0
109900026,0,0,0
109900027,0,0,0
109900028,0,0,0
109900029,0,0,0
109900030,0,0,0
109900031,0,0,0
109900032,0,0,0
109900033,0,0,0
109900034,0,0,0
109900035,0,0,0
109900036,0,0,0
109900037,0,0,0
109900038,0,0,0
109900039,0,0,0
109900040,0,0,0
109900041,0,0,0
109900042,0,0,0
109900044,0,0,0
109900045,0,0,0
109900046,32,0,32
109900047,0,0,0
109900048,0,0,0
109900049,0,0,0
109900050,0,0,0
109900051,0,0,0
109900052,0,0,0
109900053,0,0,0
109900054,0,0,0
109900055,0,0,0
109900056,0,0,0
109900057,0,0,0
109900058,0,0,0
109900059,0,0,0
109900060,0,0,0
109900061,0,0,0
109900062,0,0,0
109900063,0,0,0
109900064,20,0,20
109900065,0,0,0
109900066,0,0,0
109900067,0,0,0
109900068,0,0,0
109900069,0,0,0
109900070,0,0,0
109900071,0,0,0
109900072,0,0,0
109900073,0,0,0
109900074,0,0,0
109900075,0,0,0
109900076,0,0,0
109900077,0,0,0
109900078,0,0,0
109900080,0,0,0
109900081,0,0,0
109900082,0,0,0
109900083,0,0,0
109900084,0,0,0
109900085,0,0,0
109900086,0,0,0
109900087,0,0,0
109900089,0,0,0
109900090,0,0,0
109900091,0,0,0
109900092,0,0,0
109900093,0,0,0
109900094,0,0,0
109900095,0,0,0
109900096,0,0,0
109900097,0,0,0
109900098,0,0,0
109900099,0,0,0
109900100,0,0,0
109900101,0,0,0
109900102,0,0,0
109900103,0,0,0
109900104,0,0,0
109900105,0,0,0
109900106,0,0,0
109900107,0,0,0
109900108,0,0,0
109900109,0,0,0
109900110,0,0,0
109900111,0,0,0
109900112,0,0,0
109900113,0,0,0
109900114,0,0,0
109900115,0,0,0
109900117,0,0,0
109900118,0,0,0
109900119,0,0,0
109900120,0,0,0
109900121,0,0,0
109900122,0,0,0
109900123,0,0,0
109900124,0,0,0
109900125,0,0,0
109900126,0,0,0
109900128,0,0,0
109900130,0,0,0
109900131,0,0,0
109900132,0,0,0
109900133,0,0,0
109900134,0,0,0
109900135,0,0,0
109900136,0,0,0
109900137,0,0,0
109900140,0,0,0
109900142,0,0,0
109900145,0,0,0
109900146,0,0,0
109900148,0,0,0
109900149,0,0,0
109900150,0,0,0
109900151,0,0,0
109900152,0,0,0
109900153,0,0,0
109900154,0,0,0
109900155,0,0,0
109900157,0,0,0
109900158,0,0,0
109900159,0,0,0
109900160,0,0,0
109900161,0,0,0
109900162,0,0,0
109900163,0,0,0
109900164,0,0,0
109900165,0,0,0
109900166,0,0,0
109900167,0,0,0
109900168,0,0,0
109900169,0,0,0
109900170,0,0,0
109900171,0,0,0
109900172,0,0,0
109900173,0,0,0
109900174,0,0,0
109900175,0,0,0
109900176,0,0,0
109900177,0,0,0
109900178,0,0,0
109900179,0,0,0
109900180,0,0,0
110000001,42,73,-31
110000002,676,283,393
110000003,124,229,-105
110000004,512,161,351
110000005,22,40,-18
110000006,0,47,-47
110000007,3,19,-16
110000008,0,0,0
110000009,2,0,2
110000010,0,0,0
110000011,8,0,8
110000012,0,0,0
110000013,1,15,-14
110000014,19,17,2
110000015,9,19,-10
110000016,63,35,28
110000017,87,44,43
110000018,19,40,-21
110000019,0,0,0
110000020,0,0,0
110000021,53,14,39
110000022,0,0,0
110000023,0,0,0
110000024,0,0,0
110000025,0,0,0
110000026,0,0,0
110000027,10,53,-43
110000028,135,24,111
110000029,0,0,0
110000030,82,18,64
110000031,0,0,0
110000032,118,2,116
110000033,0,15,-15
110000034,3,0,3
110000035,22,33,-11
110000036,48,0,48
110000037,5,23,-18
110000038,18,0,18
110000039,137,42,95
110000040,0,0,0
110000041,188,125,63
110000042,0,0,0
110000043,87,77,10
110000044,0,0,0
110000045,5,33,-28
110000046,0,0,0
110000047,0,18,-18
110000048,0,0,0
110000049,1,0,1
110000050,0,0,0
110000051,1,4,-3
110000052,1,8,-7
110000053,1,0,1
110000054,0,0,0
110000055,44,2,42
110000056,100,28,72
110000057,0,0,0
110000058,87,85,2
110000059,21,68,-47
110000060,781,232,549
110000061,51,120,-69
110000062,723,159,564
110000063,0,0,0
110000064,16,0,16
110000065,0,0,0
110000066,0,0,0
110000067,3,2,1
110000068,3,19,-16
110000069,0,0,0
110000071,0,0,0
110000073,0,0,0
110000075,0,0,0
110000076,0,0,0
110000077,0,0,0
110000078,0,0,0
110000080,28,10,18
110000081,0,0,0
110000082,0,0,0
110000083,51,159,-108
110000084,394,169,225
110000085,295,388,-93
110000086,371,228,143
110000087,1,19,-18
110000088,0,119,-119
110000089,339,4,335
110000090,0,0,0
110000091,0,0,0
110000092,0,0,0
110000093,68,3,65
110000094,9,2,7
110000095,441,51,390
110000096,90,32,58
110000097,557,78,479
110000098,386,33,353
110000099,35,106,-71
110000100,35,0,35
110000101,0,0,0
110000102,0,0,0
110000104,0,0,0
110000105,42,9,33
110000106,0,0,0
110000107,6,30,-24
110000108,302,1,301
110000109,0,0,0
110000110,918,136,782
110000111,0,0,0
110000112,0,0,0
110000113,0,0,0
110000114,0,2,-2
110000115,16,23,-7
110000116,3,4,-1
110000117,0,0,0
110000118,129,18,111
110000119,0,0,0
110000120,53,9,44
110000121,0,0,0
110000122,16,2,14
110000123,69,73,-4
110000124,0,0,0
110000125,238,10,228
110000126,84,12,72
110000127,231,8,223
110000128,0,0,0
110000129,0,0,0
110000130,77,9,68
110000131,0,0,0
110000132,0,0,0
110000133,0,0,0
110000134,0,0,0
110000135,10,0,10
110000136,0,0,0
110000137,139,0,139
110000138,0,0,0
110000139,75,7,68
110000140,553,20,533
110000143,114,12,102
110000144,963,290,673
110000145,271,83,188
110000146,817,67,750
110000147,0,0,0
110000148,67,8,59
110000151,8,60,-52
110000152,4,18,-14
110000153,0,0,0
110000154,0,0,0
110000155,49,357,-308
110000156,28,126,-98
110000157,39,290,-251
110000160,0,0,0
110000161,0,0,0
110000166,0,0,0
110000167,334,47,287
110000168,474,59,415
110000169,261,107,154
110000170,4,27,-23
110000171,126,2,124
110000172,17,41,-24
110000173,41,15,26
110000174,0,0,0
110000175,27,3,24
110000176,23,15,8
110000177,10,46,-36
110000178,121,60,61
110000179,63,87,-24
110000180,73,35,38
110000181,102,38,64
110000182,76,6,70
110000183,240,162,78
110000184,102,60,42
110000185,0,0,0
110000186,0,0,0
110000191,130,0,130
110000192,0,0,0
110000193,0,0,0
110000194,0,0,0
110000195,0,0,0
110000196,0,0,0
110000197,0,0,0
110000198,0,0,0
110000199,0,0,0
110000200,15,0,15
110000201,0,0,0
110000202,0,0,0
110000203,0,0,0
110000204,0,0,0
110000205,0,0,0
110000206,0,0,0
110000207,0,0,0
110000208,0,0,0
110000209,0,0,0
110000210,759,185,574
110000211,560,209,351
110000212,92,45,47
110000213,21,5,16
110000214,4,1,3
110000215,0,0,0
110000216,0,0,0
110000217,139,0,139
110000218,0,0,0
110000219,61,0,61
110000220,0,0,0
110000221,38,1,37
110000222,0,0,0
110000223,0,0,0
110000224,0,0,0
110000225,0,0,0
110000226,309,21,288
110000227,0,0,0
110000228,45,1,44
110000229,0,0,0
110000230,332,65,267
110000231,54,80,-26
110000232,0,0,0
110000233,27,22,5
110000234,119,19,100
110000235,158,38,120
110000236,0,0,0
110000237,0,0,0
110000238,367,117,250
110000239,0,0,0
110000240,0,0,0
110000242,0,0,0
110000243,0,0,0
110000244,0,0,0
110000245,0,0,0
110000246,17,7,10
110000247,85,87,-2
110000248,51,36,15
110000249,0,0,0
110000250,0,8,-8
110000251,6,13,-7
110000252,48,7,41
110000253,75,44,31
110000254,0,0,0
110000255,0,0,0
110000256,40,61,-21
110000257,20,0,20
110000258,0,6,-6
110000259,0,0,0
110000260,0,2,-2
110000263,0,0,0
110000264,5,6,-1
110000265,898,119,779
110000266,429,358,71
110000267,0,0,0
110000268,0,0,0
110000269,0,0,0
110000270,0,0,0
110000271,199,18,181
110000272,157,191,-34
110000273,109,180,-71
110000274,31,197,-166
110000275,122,33,89
110000276,15,65,-50
110000277,467,34,433
110000278,4,154,-150
110000279,410,67,343
110000280,244,34,210
110000281,0,0,0
110000282,43,0,43
110000283,0,0,0
110000284,0,0,0
110000285,0,0,0
110000286,22,15,7
110000287,13,1,12
110000288,0,0,0
110000289,0,0,0
110000290,0,0,0
110000291,193,18,175
110000292,0,0,0
110000293,95,7,88
110000294,0,0,0
110000295,69,4,65
110000296,0,0,0
110000297,0,0,0
110000298,0,0,0
110000299,0,0,0
110000301,0,0,0
110000302,0,0,0
110000303,0,0,0
110000304,0,0,0
110000305,71,0,71
110000306,0,0,0
110000307,84,0,84
110000308,145,1,144
110000309,0,0,0
110000310,118,5,113
110000311,0,0,0
110000312,13,1,12
110000313,0,0,0
110000314,0,0,0
110000315,30,175,-145
110000316,5,106,-101
110000317,0,0,0
110000318,0,0,0
110000319,0,0,0
110000320,0,0,0
110000321,0,0,0
110000322,2,13,-11
110000323,0,0,0
110000324,0,0,0
110000325,437,315,122
110000327,122,3,119
110000328,0,0,0
110000333,37,110,-73
110000334,0,2,-2
110000335,24,47,-23
110000336,8,13,-5
110000337,614,191,423
110000338,31,10,21
110000339,5,25,-20
110000340,0,2,-2
110000341,73,0,73
110000342,22,4,18
110000343,0,0,0
110000344,0,0,0
110000345,3,29,-26
110000346,220,229,-9
110000347,569,156,413
110000348,0,0,0
110000349,0,0,0
110000350,0,0,0
110000351,339,90,249
110000352,0,0,0
110000353,772,76,696
110000354,0,6,-6
110000355,0,0,0
110000356,135,0,135
110000357,0,0,0
110000361,0,0,0
110000362,0,0,0
110000363,61,0,61
110000364,77,60,17
110000365,29,0,29
110000366,0,0,0
110000367,0,0,0
110000368,0,0,0
110000369,16,0,16
110000373,0,0,0
110000374,0,0,0
110000375,70,46,24
110000376,0,0,0
110000377,63,86,-23
110000378,0,0,0
110000379,426,171,255
110000380,133,3,130
110000383,0,0,0
110000384,170,0,170
110000385,0,0,0
110000387,13,0,13
110000388,0,0,0
110000389,662,2,660
110000391,184,21,163
110000396,0,0,0
110000397,0,0,0
110000398,0,0,0
110000399,502,1,501
110000587,4,3,1
110000589,5,1,4
110000640,0,0,0
110000652,0,0,0
110000653,0,0,0
110000654,0,0,0
110000656,0,0,0
110000674,0,0,0
110000675,0,0,0
110000676,0,0,0
110000679,5,12,-7
110000682,11,38,-27
110000683,100,18,82
110000684,0,0,0
110000685,0,0,0
110000686,0,0,0
110000687,0,0,0
110000688,27,0,27
110000689,0,0,0
110000692,1,0,1
110000693,0,0,0
110000694,0,0,0
110000695,0,0,0
110000696,56,12,44
110900001,0,0,0
110900002,0,0,0
110900003,0,0,0
110900004,0,0,0
110900005,0,0,0
110900006,0,0,0
110900007,0,0,0
110900008,0,0,0
110900009,0,0,0
110900010,0,0,0
110900011,0,0,0
110900012,0,0,0
110900013,0,0,0
110900014,0,0,0
110900015,0,0,0
110900016,0,0,0
110900017,0,0,0
110900018,0,0,0
110900019,0,0,0
110900020,0,0,0
110900021,0,0,0
110900022,0,0,0
110900023,0,0,0
110900024,0,0,0
110900025,0,0,0
110900027,0,0,0
110900028,0,0,0
110900029,0,0,0
110900030,0,0,0
110900031,0,0,0
110900032,0,0,0
110900033,0,0,0
110900035,0,0,0
110900036,0,0,0
110900037,0,0,0
110900038,0,0,0
110900039,0,0,0
110900040,0,0,0
110900041,0,0,0
110900042,0,0,0
110900043,0,0,0
110900044,0,0,0
110900045,0,0,0
110900046,0,0,0
110900047,0,0,0
110900049,0,0,0
110900050,0,0,0
110900051,0,0,0
110900052,0,0,0
110900053,0,0,0
110900054,0,0,0
110900055,0,0,0
110900056,0,0,0
110900057,0,0,0
110900058,0,0,0
110900059,0,0,0
110900060,0,0,0
110900061,0,0,0
110900062,0,0,0
110900063,0,0,0
110900064,0,0,0
110900065,0,0,0
110900066,0,0,0
110900067,0,0,0
110900068,0,0,0
110900069,0,0,0
110900070,0,0,0
110900071,0,0,0
110900073,0,0,0
110900074,0,0,0
110900075,0,0,0
110900077,0,0,0
110900078,0,0,0
110900079,18,1,17
110900080,0,0,0
110900081,0,0,0
110900082,0,0,0
110900083,0,0,0
110900084,0,0,0
110900085,0,0,0
110900086,0,0,0
110900087,0,0,0
110900088,0,0,0
110900090,0,0,0
110900091,0,0,0
110900093,0,0,0
110900095,0,0,0
110900097,0,0,0
110900098,0,0,0
110900099,0,0,0
110900100,0,0,0
110900102,0,0,0
110900105,0,0,0
110900108,0,0,0
110900111,0,0,0
110900112,0,0,0
110900113,0,0,0
110900115,0,0,0
110900116,0,0,0
110900118,0,0,0
110900119,0,0,0
110900120,0,0,0
110900121,0,0,0
110900122,0,0,0
110900125,0,0,0
110900127,0,0,0
110900128,0,0,0
110900129,0,0,0
110900130,0,0,0
110900131,0,0,0
110900132,0,0,0
110900133,0,0,0
110900135,0,0,0
110900136,0,0,0
110900139,0,0,0
110900140,0,0,0
110900141,0,0,0
110900142,0,0,0
110900143,0,0,0
110900144,0,0,0
110900145,0,0,0
110900146,0,0,0
110900147,0,0,0
110900148,0,0,0
110900149,0,0,0
110900150,0,0,0
110900151,0,0,0
110900152,0,0,0
110900153,0,0,0
111000001,48,35,13
111000002,0,0,0
111000003,406,92,314
111000004,0,0,0
111000005,533,32,501
111000006,0,0,0
111000007,694,75,619
111000008,0,0,0
111000009,30,123,-93
111000010,531,117,414
111000011,47,53,-6
111000012,316,60,256
111000013,12,57,-45
111000014,652,103,549
111000017,0,0,0
111000018,0,0,0
111000020,0,0,0
111000021,81,4,77
111000023,52,2,50
111000025,110,174,-64
111000029,0,0,0
111000030,0,0,0
111000031,563,98,465
111000032,69,14,55
111000033,68,6,62
111000034,5,33,-28
111000037,0,0,0
111000038,19,21,-2
111000039,1,4,-3
111000040,4,25,-21
111000041,0,0,0
111000042,0,0,0
111000043,803,117,686
111000044,796,63,733
111000045,1091,288,803
111000046,482,140,342
111000047,495,199,296
111000049,85,13,72
111000050,0,0,0
111000051,0,0,0
111000052,0,0,0
111000053,0,0,0
111000054,0,0,0
111000055,3,0,3
111000056,0,0,0
111000057,0,0,0
111000058,107,0,107
111000059,317,61,256
111000060,1516,83,1433
111000061,140,10,130
111000062,343,1,342
111000063,660,40,620
111000064,638,68,570
111000065,619,47,572
111000066,185,18,167
111000067,0,0,0
111000068,0,0,0
111000069,0,0,0
111000070,0,0,0
111000071,0,0,0
111000072,834,126,708
111000073,529,204,325
111000074,1026,205,821
111000075,191,24,167
111000076,237,30,207
111000077,751,198,553
111000078,275,33,242
111000079,373,31,342
111000080,107,50,57
111000081,82,76,6
111000082,165,32,133
111000084,64,156,-92
111000085,65,17,48
111000086,101,25,76
111000087,134,12,122
111000088,106,17,89
111000089,122,17,105
111000090,41,39,2
111000091,0,0,0
111000092,0,0,0
111000093,0,0,0
111000094,26,3,23
111000095,3,13,-10
111000096,42,23,19
111000097,0,0,0
111000098,0,0,0
111000099,0,0,0
111000100,0,0,0
111000101,0,0,0
111000102,0,0,0
111000104,88,19,69
111000107,0,0,0
111000109,87,36,51
111000110,325,83,242
111000111,1031,34,997
111000112,890,9,881
111000113,394,148,246
111000114,276,116,160
111000115,1374,148,1226
111000116,301,45,256
111000117,52,20,32
111000118,183,39,144
111000119,259,57,202
111000120,292,49,243
111000121,149,43,106
111000122,13,1,12
111000123,6,2,4
111000124,0,0,0
111000125,0,0,0
111000126,0,0,0
111000127,201,9,192
111000128,778,8,770
111000129,1073,15,1058
111000130,1378,38,1340
111000131,807,12,795
111000132,481,89,392
111000133,13,15,-2
111000134,40,16,24
111000135,0,0,0
111000136,247,3,244
111000138,5,0,5
111000140,0,0,0
111000141,0,2,-2
111000142,0,0,0
111000143,0,0,0
111000144,0,0,0
111000145,2,1,1
111000146,5,0,5
111000147,16,0,16
111000148,33,5,28
111000149,0,0,0
111000150,28,0,28
111000151,0,0,0
111000153,88,1,87
111000154,0,0,0
111000155,46,10,36
111000156,176,35,141
111000157,95,115,-20
111000158,221,190,31
111000159,269,105,164
111000160,64,36,28
111000161,0,80,-80
111000162,0,0,0
111000163,0,0,0
111000164,0,0,0
111000165,201,26,175
111000166,0,0,0
111000167,0,0,0
111000168,32,28,4
111000169,66,23,43
111000170,77,6,71
111000171,49,14,35
111000172,7,7,0
111000173,70,3,67
111000174,7,13,-6
111000175,0,1,-1
111000176,0,0,0
111000177,0,0,0
111000178,0,0,0
111000179,0,0,0
111000180,0,0,0
111000181,111,0,111
111000182,73,0,73
111000183,53,6,47
111000184,92,17,75
111000185,2,16,-14
111000186,16,0,16
111000187,18,1,17
111000188,1,4,-3
111000189,0,0,0
111000190,0,0,0
111000191,0,0,0
111000192,0,0,0
111000193,0,0,0
111000194,0,0,0
111000195,0,0,0
111000196,0,0,0
111000197,120,6,114
111000198,126,1,125
111000199,80,6,74
111000200,286,32,254
111000201,66,3,63
111000202,97,10,87
111000203,129,25,104
111000204,48,152,-104
111000213,84,39,45
111000214,189,72,117
111000215,189,58,131
111000217,263,22,241
111000218,86,170,-84
111000219,0,0,0
111000220,151,34,117
111000221,11,20,-9
111000224,0,0,0
111000225,63,6,57
111000226,10,3,7
111000227,20,0,20
111000228,0,0,0
111000229,0,0,0
111000230,6,1,5
111000231,177,13,164
111000232,0,0,0
111000233,0,0,0
111000234,0,0,0
111000239,0,0,0
111000240,10,23,-13
111000241,0,0,0
111000242,26,8,18
111000243,0,0,0
111000244,52,20,32
111000245,182,27,155
111000246,136,73,63
111000247,0,0,0
111000248,88,42,46
111000249,0,0,0
111000250,0,0,0
111000251,0,0,0
111000253,0,0,0
111000255,0,0,0
111000257,0,0,0
111000260,0,0,0
111000261,96,15,81
111000271,0,0,0
111000273,123,30,93
111000274,217,204,13
111000275,42,0,42
111000276,0,0,0
111000277,0,0,0
111000278,138,6,132
111000291,215,414,-199
111000298,1,0,1
111000299,85,0,85
111000300,0,0,0
111000302,0,0,0
111000303,0,0,0
111000312,0,0,0
111000315,0,0,0
111000320,5,16,-11
111000321,2,12,-10
111000322,69,4,65
111000323,0,2,-2
111000324,11,4,7
111000325,0,0,0
111000326,5,0,5
111000327,73,38,35
111000328,26,53,-27
111000329,0,0,0
111000330,4,0,4
111000331,25,0,25
111000332,109,59,50
111000334,13,29,-16
111000335,29,1,28
111000337,181,0,181
111000338,0,0,0
111000339,3,0,3
111000340,1,7,-6
111000341,147,6,141
111000342,0,0,0
111000344,248,33,215
111000345,13,9,4
111000346,0,0,0
111000347,5,0,5
111000350,27,2,25
111000351,0,0,0
111000352,20,10,10
111000353,0,0,0
111000354,14,80,-66
111000355,0,0,0
111000358,39,18,21
111000360,39,10,29
111000361,48,2,46
111000546,3,0,3
111000547,100,10,90
111000548,0,0,0
111000549,95,8,87
111000550,1,0,1
111000551,77,4,73
111000552,19,4,15
111000907,310,2,308
111000908,6,0,6
111000916,149,2,147
111000917,0,0,0
111000918,9,18,-9
111000920,62,0,62
111000921,0,0,0
111000922,0,0,0
111000924,0,0,0
111000925,1960,228,1732
111000926,123,55,68
111000927,1942,466,1476
111000928,347,414,-67
111000929,1280,182,1098
111000930,25,135,-110
111000931,1286,312,974
111000932,125,118,7
111000933,1640,528,1112
111000934,7,101,-94
111000935,840,131,709
111000936,4,65,-61
111000937,648,201,447
111000938,1,168,-167
111000939,180,1,179
111000940,0,0,0
111000941,38,5,33
111000943,0,0,0
111000944,29,2,27
111000945,22,0,22
111001109,162,2,160
111001110,0,0,0
111001111,0,0,0
111001112,169,5,164
111001113,1,92,-91
111001114,1,0,1
111001115,0,0,0
111001116,454,46,408
111001117,0,0,0
111001120,4,17,-13
111001121,0,0,0
111001122,0,0,0
111001123,4,13,-9
111001124,0,0,0
111001125,0,58,-58
111001126,0,0,0
111900001,0,0,0
111900002,0,0,0
111900003,0,0,0
111900004,0,0,0
111900006,0,0,0
111900007,0,0,0
111900008,0,0,0
111900009,0,0,0
111900010,0,0,0
111900012,0,0,0
111900013,0,0,0
111900014,23,0,23
111900015,0,0,0
111900016,0,0,0
111900017,0,0,0
111900018,0,0,0
111900019,0,0,0
111900020,0,0,0
111900021,0,0,0
111900022,0,0,0
111900023,0,0,0
111900024,0,0,0
111900025,0,0,0
111900026,0,0,0
111900027,0,0,0
111900028,0,0,0
111900029,0,0,0
111900030,0,0,0
111900031,0,0,0
111900032,0,0,0
111900033,0,0,0
111900034,0,0,0
111900035,0,0,0
111900036,0,0,0
111900038,0,0,0
111900039,0,0,0
111900040,0,0,0
111900042,0,0,0
111900043,0,0,0
111900044,0,0,0
111900046,0,0,0
111900048,0,0,0
111900049,0,0,0
111900050,0,0,0
111900051,0,0,0
111900052,0,0,0
111900053,0,0,0
111900054,0,0,0
111900055,0,0,0
111900056,0,0,0
111900057,16,0,16
111900058,0,0,0
111900059,30,7,23
111900060,0,0,0
111900061,0,0,0
111900062,0,0,0
111900063,0,0,0
111900064,0,0,0
111900065,0,0,0
111900066,0,0,0
111900067,0,0,0
111900068,0,0,0
111900069,0,0,0
111900070,0,0,0
111900071,0,0,0
111900072,0,0,0
111900073,0,0,0
111900074,0,0,0
111900075,0,0,0
111900076,0,0,0
111900077,0,0,0
111900078,0,0,0
111900079,0,0,0
111900080,0,0,0
111900082,0,0,0
111900083,0,0,0
111900084,0,0,0
111900085,0,0,0
111900086,0,0,0
111900087,0,0,0
111900088,0,0,0
111900089,0,0,0
111900090,0,0,0
111900091,0,0,0
111900092,0,0,0
111900093,0,0,0
111900094,0,0,0
111900095,0,0,0
111900096,0,0,0
111900097,0,0,0
111900098,0,0,0
111900099,0,0,0
111900100,0,0,0
111900101,0,0,0
111900102,0,0,0
111900103,0,0,0
111900104,0,0,0
111900105,0,0,0
111900106,0,0,0
111900110,0,0,0
111900111,5,2,3
111900112,0,0,0
111900113,0,0,0
111900118,0,0,0
111900119,0,0,0
111900122,0,0,0
111900123,0,0,0
111900124,0,0,0
111900125,0,0,0
111900126,0,0,0
111900127,0,0,0
111900128,0,0,0
111900129,0,0,0
111900130,0,0,0
111900131,0,0,0
111900132,0,0,0
111900133,0,0,0
111900134,0,0,0
111900135,0,0,0
111900136,0,0,0
111900137,0,0,0
111900138,0,0,0
111900139,0,0,0
111900140,0,0,0
111900141,0,0,0
111900142,0,0,0
111900143,0,0,0
111900144,0,0,0
111900145,0,0,0
111900146,0,0,0
111900147,0,0,0
111900148,0,0,0
111900149,0,0,0
111900150,0,0,0
111900151,0,0,0
111900152,0,0,0
111900153,0,0,0
111900154,0,0,0
111900155,0,0,0
111900156,0,0,0
111900157,0,0,0
111900158,0,0,0
111900159,0,0,0
111900160,0,0,0
111900161,0,0,0
111900162,0,0,0
111900163,0,0,0
111900164,0,0,0
111901113,0,0,0
111901114,0,0,0
111901115,0,0,0
111901116,0,0,0
111901117,0,0,0
111901118,0,0,0
111901119,0,0,0
111901121,0,0,0
111901122,0,0,0
111901123,0,0,0
111901124,0,0,0
111901125,31,47,-16
111901127,0,0,0
111901128,0,0,0
111901129,0,0,0
111901130,0,0,0
111901131,0,0,0
111901132,0,0,0
111901133,0,0,0
111901134,0,0,0
111901135,0,0,0
111901136,0,0,0
111901138,0,0,0
111901139,0,0,0
111901140,0,0,0
111901141,0,0,0
111901142,0,0,0
111901143,0,0,0
111901144,0,0,0
111901145,0,0,0
111901146,0,0,0
111901147,0,0,0
111901148,0,0,0
111901149,0,0,0
112000001,998,271,727
112000002,0,0,0
112000003,530,137,393
112000004,0,0,0
112000005,2697,1119,1578
112000006,0,0,0
112000007,864,827,37
112000008,1612,1688,-76
112000009,671,64,607
112000010,285,763,-478
112000011,145,55,90
112000012,584,1298,-714
112000013,90,74,16
112000014,135,566,-431
112000015,0,0,0
112000016,99,257,-158
112000017,0,0,0
112000024,0,0,0
112000026,0,0,0
112000027,450,407,43
112000028,0,0,0
112000029,0,0,0
112000030,0,0,0
112000031,1,42,-41
112000032,0,0,0
112000033,0,23,-23
112000034,0,0,0
112000035,0,0,0
112000036,0,0,0
112000037,0,0,0
112000038,0,0,0
112000039,22,18,4
112000040,0,0,0
112000041,0,0,0
112000042,0,0,0
112000050,634,479,155
112000051,646,929,-283
112000054,18,130,-112
112000057,0,0,0
112000058,0,0,0
112000059,0,0,0
112000061,0,0,0
112000062,16,82,-66
112000063,0,0,0
112000064,0,0,0
112000065,0,0,0
112000066,69,328,-259
112000067,0,0,0
112000068,37,152,-115
112000069,0,0,0
112000070,11,22,-11
112000071,0,0,0
112000072,120,15,105
112000073,0,0,0
112000074,84,17,67
112000075,343,106,237
112000076,94,73,21
112000077,71,4,67
112000078,167,32,135
112000079,101,14,87
112000080,72,19,53
112000081,19,155,-136
112000082,176,193,-17
112000083,67,30,37
112000084,148,106,42
112000085,227,25,202
112000086,398,61,337
112000087,47,12,35
112000088,77,45,32
112000089,2,7,-5
112000090,28,7,21
112000091,23,21,2
112000092,1133,68,1065
112000093,157,28,129
112000094,414,94,320
112000095,144,14,130
112000096,424,119,305
112000097,504,284,220
112000098,0,0,0
112000099,55,1046,-991
112000100,666,114,552
112000101,0,0,0
112000102,360,43,317
112000103,0,0,0
112000105,0,0,0
112000106,498,106,392
112000107,3,4,-1
112000108,0,0,0
112000109,64,1,63
112000110,244,17,227
112000111,2,30,-28
112000112,239,15,224
112000113,3,1,2
112000114,297,25,272
112000115,0,0,0
112000116,0,0,0
112000117,0,0,0
112000118,0,0,0
112000119,0,0,0
112000120,0,0,0
112000121,0,0,0
112000122,57,9,48
112000123,150,20,130
112000124,20,3,17
112000125,35,15,20
112000126,0,0,0
112000127,44,58,-14
112000128,0,0,0
112000129,89,3,86
112000130,0,0,0
112000131,0,0,0
112000132,0,0,0
112000133,77,0,77
112000134,101,9,92
112000135,189,17,172
112000136,2,1,1
112000137,293,105,188
112000138,7,1,6
112000139,9,35,-26
112000140,0,0,0
112000141,34,4,30
112000142,0,0,0
112000143,137,2,135
112000144,0,0,0
112000145,393,8,385
112000146,0,0,0
112000147,126,11,115
112000148,0,0,0
112000149,7,20,-13
112000150,0,0,0
112000151,35,5,30
112000152,0,0,0
112000153,5,0,5
112000154,66,0,66
112000155,0,0,0
112000157,25,303,-278
112000158,32,10,22
112000159,0,0,0
112000167,0,0,0
112000169,0,0,0
112000173,0,0,0
112000175,22,7,15
112000176,0,0,0
112000177,0,0,0
112000178,0,0,0
112000179,0,0,0
112000180,0,0,0
112000181,71,5,66
112000182,198,12,186
112000183,42,3,39
112000184,2,1,1
112000185,0,0,0
112000187,0,0,0
112000195,0,0,0
112000196,0,0,0
112000197,0,0,0
112000198,0,0,0
112000199,0,0,0
112000202,308,1,307
112000216,0,0,0
112000230,0,0,0
112000231,0,0,0
112000256,13,51,-38
112000313,0,0,0
112000314,0,0,0
112000337,0,0,0
112000352,0,0,0
112000392,146,135,11
112000398,249,81,168
112000399,354,1724,-1370
112000400,4,43,-39
112000401,22,51,-29
112000402,679,1560,-881
112000403,115,942,-827
112000404,124,273,-149
112000405,992,620,372
112000406,28,119,-91
112000407,2558,452,2106
112000408,51,95,-44
112000409,4,87,-83
112000410,0,0,0
112000411,0,0,0
112000412,0,0,0
112000413,0,0,0
112000414,0,0,0
112000415,0,0,0
112000416,756,205,551
112000417,20,13,7
112000421,0,0,0
112000422,4,1,3
112000424,0,0,0
112000425,0,0,0
112000426,0,0,0
112000427,0,0,0
112000428,0,0,0
112000429,268,340,-72
112000430,374,665,-291
112000431,6,22,-16
112000432,0,0,0
112000433,16,75,-59
112000437,1,2,-1
112900001,0,0,0
112900002,0,0,0
112900003,0,0,0
112900004,0,0,0
112900005,0,0,0
112900006,0,0,0
112900007,0,0,0
112900008,0,0,0
112900009,0,0,0
112900010,0,0,0
112900011,0,0,0
112900012,0,0,0
112900013,0,0,0
112900014,0,0,0
112900015,0,0,0
112900016,0,0,0
112900017,0,0,0
112900018,0,0,0
112900019,0,0,0
112900020,0,0,0
112900021,0,0,0
112900022,0,0,0
112900023,0,0,0
112900024,0,0,0
112900025,0,0,0
112900026,0,0,0
112900027,0,0,0
112900028,0,0,0
112900029,0,0,0
112900030,0,0,0
112900031,0,0,0
112900032,0,0,0
112900034,0,0,0
112900035,0,0,0
112900036,0,0,0
112900037,0,0,0
112900038,0,0,0
112900039,0,0,0
112900040,0,0,0
112900041,0,0,0
112900042,0,0,0
112900043,0,0,0
112900044,0,0,0
112900045,0,0,0
112900046,0,0,0
112900047,0,0,0
112900049,0,0,0
112900050,0,0,0
112900051,0,0,0
112900052,0,0,0
112900053,0,0,0
112900054,0,0,0
112900055,0,0,0
112900056,0,0,0
112900057,0,0,0
112900058,0,0,0
112900059,0,0,0
112900060,0,0,0
112900061,0,0,0
112900062,0,0,0
112900063,0,0,0
112900064,0,0,0
112900065,0,0,0
112900066,0,0,0
112900067,0,0,0
112900068,0,0,0
112900069,0,0,0
112900071,0,0,0
112900072,0,0,0
112900073,0,0,0
112900074,0,0,0
112900075,0,0,0
112900076,0,0,0
112900078,0,0,0
112900079,0,0,0
112900080,0,0,0
112900081,0,0,0
112900082,0,0,0
112900083,0,0,0
112900084,0,0,0
112900086,0,0,0
112900087,0,0,0
112900088,0,0,0
112900089,0,0,0
112900090,0,0,0
112900091,0,0,0
112900092,0,0,0
112900093,0,0,0
112900095,0,0,0
112900096,0,0,0
112900097,0,0,0
112900098,0,0,0
112900099,0,0,0
112900100,0,0,0
112900101,0,0,0
112900102,0,0,0
112900103,0,0,0
112900104,0,0,0
112900105,0,0,0
112900106,0,0,0
112900107,0,0,0
112900108,0,0,0
112900109,0,0,0
112900110,0,0,0
112900111,0,0,0
112900112,0,0,0
112900113,0,0,0
112900114,0,0,0
112900115,0,0,0
112900116,0,0,0
112900117,0,0,0
112900118,0,0,0
112900119,0,0,0
112900120,0,0,0
112900121,0,0,0
112900122,0,0,0
112900123,0,0,0
112900124,0,0,0
112900125,0,0,0
112900126,0,0,0
112900127,0,0,0
112900128,0,0,0
112900129,0,0,0
112900130,0,0,0
112900131,0,0,0
112900132,0,0,0
112900133,0,0,0
112900134,0,0,0
112900135,0,0,0
112900137,0,0,0
112900138,0,0,0
112900139,0,0,0
112900141,0,0,0
112900142,0,0,0
112900143,0,0,0
112900144,0,0,0
112900145,0,0,0
112900146,0,0,0
112900147,0,0,0
112900148,0,0,0
112900149,0,0,0
112900151,0,0,0
112900152,0,0,0
112900153,0,0,0
112900154,0,0,0
112900155,0,0,0
112900156,0,0,0
112900157,0,0,0
112900158,0,0,0
112900159,0,0,0
112900160,0,0,0
112900161,0,0,0
112900162,0,0,0
112900163,0,0,0
112900164,0,0,0
112900165,0,0,0
112900166,0,0,0
112900167,0,0,0
112900168,0,0,0
112900169,0,0,0
112900170,0,0,0
112900172,0,0,0
112900173,0,0,0
112900174,0,0,0
112900175,0,0,0
112900176,0,0,0
112900177,0,0,0
112900178,0,0,0
112900179,0,0,0
112900180,0,0,0
112900181,0,0,0
112900182,0,0,0
112900183,0,0,0
112900184,0,0,0
112900185,0,0,0
112900186,0,0,0
112900187,0,0,0
112900188,0,0,0
112900189,0,0,0
112900190,0,0,0
112900192,0,0,0
112900193,0,0,0
112900194,0,0,0
112900195,0,0,0
112900196,0,0,0
112900197,0,0,0
112900199,0,0,0
112900200,0,0,0
112900201,0,0,0
112900202,0,0,0
112900203,0,0,0
112900204,0,0,0
112900205,0,0,0
112900206,0,0,0
112900207,0,0,0
112900208,0,0,0
112900209,0,0,0
112900210,0,0,0
112900211,0,0,0
112900212,0,0,0
112900213,0,0,0
112900214,0,0,0
112900215,0,0,0
112900216,0,0,0
112900217,0,0,0
112900218,0,0,0
112900219,0,0,0
112900220,0,0,0
112900221,0,0,0
112900222,0,0,0
112900223,0,0,0
112900224,0,0,0
112900225,0,0,0
112900226,0,0,0
112900227,0,0,0
112900228,0,0,0
112900229,0,0,0
112900230,0,0,0
112900232,0,0,0
112900233,0,0,0
112900234,0,0,0
112900235,0,0,0
112900236,0,0,0
112900237,0,0,0
112900238,0,0,0
112900239,0,0,0
112900240,0,0,0
112900241,0,0,0
112900242,0,0,0
112900243,0,0,0
112900244,0,0,0
112900245,0,0,0
112900246,0,0,0
112900247,0,0,0
112900248,0,0,0
112900249,0,0,0
112900250,0,0,0
112900251,0,0,0
112900252,0,0,0
112900253,0,0,0
112900254,0,0,0
112900255,0,0,0
112900256,0,0,0
112900257,0,0,0
112900258,0,0,0
113000001,285,342,-57
113000002,264,245,19
113000003,131,149,-18
113000004,116,133,-17
113000005,54,54,0
113000006,62,85,-23
113000007,60,55,5
113000008,73,55,18
113000009,56,17,39
113000010,181,38,143
113000011,0,0,0
113000012,669,65,604
113000013,2,34,-32
113000014,31,12,19
113000015,9,0,9
113000016,0,1,-1
113000017,0,0,0
113000018,29,21,8
113000019,0,0,0
113000020,167,1,166
113000021,251,38,213
113000022,58,3,55
113000025,0,0,0
113000026,39,6,33
113000027,114,1,113
113000028,0,0,0
113000029,17,10,7
113000030,0,0,0
113000031,0,0,0
113000032,43,47,-4
113000033,79,34,45
113000034,0,0,0
113000035,0,0,0
113000036,0,0,0
113000037,0,0,0
113000038,0,0,0
113000039,0,0,0
113000040,0,0,0
113000042,0,0,0
113000051,145,105,40
113000052,121,64,57
113000053,32,15,17
113000054,9,31,-22
113000055,123,26,97
113000056,102,37,65
113000058,0,0,0
113000059,201,56,145
113000060,0,1,-1
113000061,71,84,-13
113000062,0,0,0
113000063,0,0,0
113000064,0,0,0
113000065,2,3,-1
113000066,156,5,151
113000067,42,7,35
113000068,26,12,14
113000069,0,22,-22
113000070,16,6,10
113000071,29,32,-3
113000072,121,1,120
113000073,2,64,-62
113000074,85,2,83
113000075,213,6,207
113000076,1,128,-127
113000077,61,60,1
113000078,0,0,0
113000079,0,0,0
113000080,86,38,48
113000081,158,94,64
113000082,0,0,0
113000083,137,163,-26
113000084,4,0,4
113000085,220,121,99
113000086,5,5,0
113000087,113,466,-353
113000088,13,1,12
113000089,189,406,-217
113000090,6,24,-18
113000091,7,0,7
113000094,102,22,80
113000095,0,0,0
113000096,0,0,0
113000097,45,12,33
113000098,0,1,-1
113000099,52,3,49
113000100,0,0,0
113000101,0,0,0
113000102,23,39,-16
113000103,0,0,0
113000104,281,145,136
113000105,555,125,430
113000106,0,0,0
113000107,287,393,-106
113000108,56,22,34
113000109,0,0,0
113000110,58,83,-25
113000111,0,0,0
113000112,5,28,-23
113000113,37,22,15
113000114,0,0,0
113000116,0,0,0
113000117,0,0,0
113000118,0,0,0
113000119,0,0,0
113000120,0,0,0
113000121,0,0,0
113000124,22,8,14
113000125,0,0,0
113000127,0,0,0
113000128,0,0,0
113000129,0,0,0
113000133,26,1,25
113000134,2,50,-48
113000135,929,813,116
113000137,251,287,-36
113000139,28,36,-8
113000140,0,0,0
113000141,18,10,8
113000142,0,0,0
113000143,0,15,-15
113000144,0,0,0
113000145,0,0,0
113000146,0,0,0
113000147,0,0,0
113000148,0,0,0
113000149,0,0,0
113000150,0,0,0
113000151,0,0,0
113000152,0,0,0
113000153,0,0,0
113000154,11,77,-66
113000155,26,61,-35
113000156,0,0,0
113000157,0,0,0
113000158,0,0,0
113000159,0,0,0
113000160,0,0,0
113000161,0,0,0
113000162,0,0,0
113000163,2,0,2
113000164,0,0,0
113000166,62,3,59
113000167,0,0,0
113000168,0,0,0
113000169,111,3,108
113000170,143,5,138
113000171,0,0,0
113000172,42,8,34
113000173,41,4,37
113000174,0,0,0
113000175,67,3,64
113000176,235,11,224
113000177,0,0,0
113000178,0,0,0
113000179,133,22,111
113000180,64,0,64
113000181,46,45,1
113000182,7,0,7
113000183,8,55,-47
113000184,0,0,0
113000189,0,0,0
113000190,0,0,0
113000192,76,260,-184
113000193,84,13,71
113000194,18,43,-25
113000195,58,45,13
113000196,142,26,116
113000197,30,5,25
113000198,0,0,0
113000199,0,0,0
113000201,0,0,0
113000202,0,0,0
113000203,1,5,-4
113000204,32,192,-160
113000205,0,0,0
113000206,0,0,0
113000207,0,0,0
113000208,0,0,0
113000209,0,0,0
113000210,0,0,0
113000211,0,0,0
113000212,0,0,0
113000213,10,0,10
113000214,0,0,0
113000234,0,0,0
113000410,0,9,-9
113000411,39,128,-89
113000412,474,293,181
113000413,215,338,-123
113000414,268,395,-127
113000415,17,65,-48
113000416,51,47,4
113000417,10,87,-77
113000418,388,186,202
113000419,76,89,-13
113000420,462,126,336
113000421,1566,1105,461
113000422,295,514,-219
113000423,260,284,-24
113000424,713,371,342
113000425,0,0,0
113000428,0,0,0
113000430,0,0,0
113000432,205,7,198
113000433,0,0,0
113000434,0,0,0
113000435,0,0,0
113000436,0,0,0
113000437,40,0,40
113000438,3,0,3
113000439,0,0,0
113000440,0,0,0
113000441,1,1,0
113000442,0,0,0
113000443,2,0,2
113000444,0,0,0
113000445,2,0,2
113000446,0,0,0
113000448,0,0,0
113000449,1,2,-1
113000450,0,3,-3
113000451,0,0,0
113000452,3,1,2
113000453,0,0,0
113000454,2,3,-1
113000455,0,0,0
113000456,0,0,0
113000468,0,0,0
113000469,0,0,0
113000470,0,0,0
113000471,0,0,0
113000472,0,0,0
113000474,6,52,-46
113000475,78,56,22
113000476,208,234,-26
113000477,782,313,469
113000478,412,126,286
113000479,0,0,0
113000484,0,0,0
113000485,0,0,0
113000486,0,0,0
113000487,0,0,0
113000488,0,0,0
113000489,0,0,0
113000490,0,0,0
113000491,0,0,0
113000492,0,0,0
113000493,0,0,0
113000495,0,0,0
113000496,0,2,-2
113000499,0,0,0
113900001,0,0,0
113900002,0,0,0
113900003,0,0,0
113900004,0,0,0
113900005,0,0,0
113900006,0,0,0
113900007,0,0,0
113900008,0,0,0
113900009,0,0,0
113900010,0,0,0
113900011,0,0,0
113900012,0,0,0
113900013,0,0,0
113900014,0,0,0
113900015,0,0,0
113900016,0,0,0
113900017,0,0,0
113900018,0,0,0
113900019,0,0,0
113900020,0,0,0
113900022,0,0,0
113900023,0,0,0
113900024,0,0,0
113900025,0,0,0
113900026,0,0,0
113900027,0,0,0
113900028,0,0,0
113900029,0,0,0
113900030,0,0,0
113900031,0,0,0
113900032,0,0,0
113900033,0,0,0
113900035,0,0,0
113900036,0,0,0
113900037,0,0,0
113900038,0,0,0
113900039,0,0,0
113900040,0,0,0
113900041,0,0,0
113900042,0,0,0
113900043,0,0,0
113900044,0,0,0
113900045,0,0,0
113900046,0,0,0
113900047,0,0,0
113900048,0,0,0
113900049,0,0,0
113900050,0,0,0
113900051,0,0,0
113900052,0,0,0
113900053,0,0,0
113900054,0,0,0
113900055,0,0,0
113900056,0,0,0
113900057,0,0,0
113900058,0,0,0
113900059,0,0,0
113900060,0,0,0
113900061,0,0,0
113900062,0,0,0
113900063,0,0,0
113900064,0,0,0
113900065,0,0,0
113900066,0,0,0
113900067,0,0,0
113900068,0,0,0
113900069,0,0,0
113900070,0,0,0
113900071,0,0,0
113900072,0,0,0
113900073,0,0,0
113900074,0,0,0
113900075,0,0,0
113900076,0,0,0
113900077,0,0,0
113900078,0,0,0
113900079,0,0,0
113900080,0,0,0
113900081,0,0,0
113900082,0,0,0
113900083,0,0,0
113900084,0,0,0
113900085,0,0,0
113900086,0,0,0
113900087,0,0,0
113900088,0,0,0
113900089,0,0,0
113900090,0,0,0
113900091,0,0,0
113900092,0,0,0
113900093,0,0,0
113900094,0,0,0
113900095,0,0,0
113900096,0,0,0
113900097,0,0,0
113900098,0,0,0
113900099,0,0,0
113900100,0,0,0
113900101,0,0,0
113900102,0,0,0
113900103,0,0,0
113900104,0,0,0
113900105,0,0,0
113900106,0,0,0
113900107,0,0,0
113900108,0,0,0
113900109,0,0,0
113900110,0,0,0
113900111,0,0,0
113900112,0,0,0
113900113,0,0,0
113900114,0,0,0
113900115,0,0,0
113900116,0,0,0
113900117,0,0,0
113900118,0,0,0
113900119,0,0,0
113900120,0,0,0
113900121,0,0,0
113900122,0,0,0
113900123,0,0,0
113900124,0,0,0
113900125,0,0,0
113900126,0,0,0
113900127,0,0,0
113900128,0,0,0
113900129,0,0,0
113900130,0,0,0
113900131,0,0,0
113900132,0,0,0
113900133,0,0,0
113900135,0,0,0
113900136,0,0,0
113900137,0,0,0
113900138,0,0,0
113900139,0,0,0
113900140,0,0,0
113900141,0,0,0
113900142,0,0,0
113900143,0,0,0
113900144,0,0,0
113900145,0,0,0
113900146,0,0,0
113900148,0,0,0
113900149,0,0,0
113900150,0,0,0
113900151,0,0,0
113900152,0,0,0
113900153,0,0,0
113900154,0,0,0
113900155,0,0,0
113900156,0,0,0
113900157,0,0,0
113900158,0,0,0
113900159,0,0,0
113900160,0,0,0
113900161,0,0,0
113900162,0,0,0
113900163,0,0,0
113900164,0,0,0
113900165,0,0,0
113900166,0,0,0
113900167,0,0,0
113900168,0,0,0
113900169,0,0,0
113900171,0,0,0
113900172,0,0,0
113900173,0,0,0
113900174,0,0,0
113900175,0,0,0
113900176,0,0,0
113900177,0,0,0
113900178,0,0,0
113900179,0,0,0
113900180,0,0,0
113900181,0,0,0
113900182,0,0,0
113900183,0,0,0
113900184,0,0,0
113900185,0,0,0
113900186,0,0,0
113900187,0,0,0
113900188,0,0,0
113900189,0,0,0
113900190,0,0,0
113900191,0,0,0
113900192,0,0,0
113900193,0,0,0
113900194,0,0,0
113900195,0,0,0
113900196,0,0,0
113900197,0,0,0
113900198,0,0,0
113900199,0,0,0
113900200,0,0,0
113900201,0,0,0
113900202,0,0,0
113900203,0,0,0
113900204,0,0,0
113900205,0,0,0
113900206,0,0,0
113900207,0,0,0
113900208,0,0,0
113900209,0,0,0
113900210,0,0,0
113900211,0,0,0
113900212,0,0,0
113900214,0,0,0
113900215,0,0,0
113900216,0,0,0
113900217,0,0,0
113900218,0,0,0
113900219,0,0,0
113900220,0,0,0
113900221,0,0,0
113900222,0,0,0
113900223,0,0,0
113900224,0,0,0
113900225,0,0,0
113900226,0,0,0
113900227,0,0,0
113900228,0,0,0
113900229,0,0,0
113900230,0,0,0
113900231,0,0,0
113900232,0,0,0
113900233,0,0,0
113900234,0,0,0
113900235,0,0,0
113900236,0,0,0
113900237,0,0,0
113900238,0,0,0
113900239,0,0,0
113900240,0,0,0
113900241,0,0,0
113900242,0,0,0
113900243,0,0,0
113900244,0,0,0
113900245,0,0,0
113900246,0,0,0
113900247,0,0,0
113900248,0,0,0
113900249,0,0,0
113900250,0,0,0
113900251,0,0,0
113900252,0,0,0
113900253,0,0,0
113900254,0,0,0
113900255,0,0,0
113900256,0,0,0
113900257,0,0,0
113900258,0,0,0
113900259,0,0,0
113900260,1,0,1
113900261,1,0,1
113900262,0,0,0
113900263,0,0,0
113900264,0,0,0
113900265,0,0,0
113900266,0,0,0
113900267,0,0,0
113900268,0,0,0
113900269,0,0,0
113900270,0,0,0
113900271,0,0,0
113900273,0,0,0
113900274,0,0,0
113900275,0,0,0
113900276,0,0,0
113900277,0,0,0
113900278,0,0,0
113900279,0,0,0
113900280,0,0,0
113900281,0,0,0
113900282,0,0,0
113900283,0,0,0
113900284,0,0,0
113900285,0,0,0
113900286,0,0,0
113900287,0,0,0
113900288,0,0,0
113900289,0,0,0
113900290,0,0,0
113900291,0,0,0
113900292,0,0,0
113900293,0,0,0
113900294,0,0,0
113900295,1,7,-6
113900296,0,0,0
113900297,0,0,0
113900298,0,0,0
113900299,0,0,0
113900300,0,0,0
113900301,0,0,0
113900302,0,0,0
113900303,0,0,0
113900304,0,0,0
113900305,0,0,0
113900306,0,0,0
113900307,0,0,0
113900308,0,0,0
113900309,0,0,0
113900310,0,0,0
113900311,0,0,0
113900312,0,0,0
113900313,0,0,0
114000001,187,63,124
114000002,46,16,30
114000003,0,0,0
114000004,0,0,0
114000005,0,0,0
114000006,0,0,0
114000007,0,0,0
114000008,2,105,-103
114000009,18,18,0
114000011,710,112,598
114000012,482,34,448
114000013,326,87,239
114000014,0,0,0
114000015,0,0,0
114000016,0,0,0
114000017,41,5,36
114000018,0,0,0
114000026,284,101,183
114000027,259,172,87
114000028,297,188,109
114000038,0,0,0
114000039,0,0,0
114000040,11,0,11
114000042,0,0,0
114000043,0,0,0
114000044,6,14,-8
114000045,0,0,0
114000046,0,0,0
114000047,0,0,0
114000048,1,44,-43
114000049,47,102,-55
114000050,9,120,-111
114000051,27,210,-183
114000052,41,150,-109
114000053,0,0,0
114000054,0,0,0
114000055,0,0,0
114000056,0,0,0
114000057,320,133,187
114000058,0,0,0
114000059,0,0,0
114000060,0,0,0
114000061,40,91,-51
114000062,40,151,-111
114000063,1,6,-5
114000064,9,2,7
114000065,15,22,-7
114000066,54,52,2
114000067,28,11,17
114000068,7,11,-4
114000069,50,2,48
114000070,734,362,372
114000071,0,0,0
114000072,0,0,0
114000073,1,2,-1
114000074,0,0,0
114000075,56,2,54
114000076,1,7,-6
114000077,12,0,12
114000078,1,3,-2
114000079,0,0,0
114000080,0,3,-3
114000081,14,19,-5
114000082,0,0,0
114000083,0,0,0
114000084,0,0,0
114000085,0,0,0
114000086,0,0,0
114000087,0,0,0
114000088,1,2,-1
114000089,8,4,4
114000090,63,62,1
114000091,29,13,16
114000092,42,23,19
114000093,70,39,31
114000094,65,36,29
114000095,3,18,-15
114000096,0,0,0
114000097,0,0,0
114000098,62,2,60
114000099,0,0,0
114000100,776,0,776
114000101,0,0,0
114000102,95,5,90
114000103,0,0,0
114000104,0,0,0
114000105,0,0,0
114000106,0,0,0
114000107,0,0,0
114000108,0,0,0
114000109,382,215,167
114000110,0,0,0
114000111,470,116,354
114000112,0,0,0
114000113,324,22,302
114000114,0,0,0
114000115,622,99,523
114000116,349,109,240
114000117,1008,65,943
114000118,484,53,431
114000119,708,51,657
114000120,111,15,96
114000121,0,0,0
114000122,105,3,102
114000123,462,40,422
114000124,61,65,-4
114000125,63,103,-40
114000126,268,23,245
114000127,1,1,0
114000128,33,2,31
114000130,12,3,9
114000131,23,14,9
114000132,0,0,0
114000133,0,0,0
114000134,0,0,0
114000138,0,0,0
114000139,9,60,-51
114000144,146,45,101
114000145,0,0,0
114000146,0,0,0
114000147,299,33,266
114000148,16,18,-2
114000149,33,42,-9
114000150,0,0,0
114000151,56,27,29
114000152,0,16,-16
114000153,0,0,0
114000154,31,5,26
114000155,253,149,104
114000156,84,49,35
114000157,13,64,-51
114000158,0,0,0
114000159,0,0,0
114000160,0,0,0
114000161,236,450,-214
114000162,675,598,77
114000163,0,0,0
114000165,4,71,-67
114000166,55,26,29
114000167,280,69,211
114000168,0,0,0
114000169,286,326,-40
114000170,413,196,217
114000171,869,106,763
114000174,0,0,0
114000176,0,0,0
114000177,0,0,0
114000178,8,1,7
114000179,206,30,176
114000180,0,0,0
114000181,166,622,-456
114000182,157,146,11
114000183,106,79,27
114000184,73,145,-72
114000185,264,86,178
114000189,236,11,225
114000190,876,2,874
114000191,0,0,0
114000192,0,40,-40
114000193,0,0,0
114000194,102,17,85
114000195,0,0,0
114000196,0,0,0
114000197,344,0,344
114000198,0,0,0
114000199,0,0,0
114000200,28,1,27
114000201,0,1,-1
114000202,238,113,125
114000203,86,31,55
114000204,0,0,0
114000205,0,13,-13
114000206,0,0,0
114000207,6,77,-71
114000208,2,33,-31
114000209,8,49,-41
114000210,2,47,-45
114000211,594,248,346
114000212,96,254,-158
114000213,422,192,230
114000214,3,0,3
114000215,0,0,0
114000216,313,105,208
114000217,89,18,71
114000218,17,0,17
114000219,273,4,269
114000220,0,22,-22
114000221,252,12,240
114000222,35,73,-38
114000223,338,58,280
114000224,36,47,-11
114000225,31,8,23
114000226,159,24,135
114000227,328,134,194
114000228,298,57,241
114000229,110,15,95
114000230,445,73,372
114000231,97,54,43
114000232,348,119,229
114000233,692,33,659
114000234,631,151,480
114000235,160,17,143
114000236,0,0,0
114000237,3,0,3
114000238,1,181,-180
114000239,0,0,0
114000240,79,56,23
114000241,24,41,-17
114000242,93,31,62
114000243,570,208,362
114000244,450,82,368
114000245,0,0,0
114000246,0,0,0
114000247,296,78,218
114000248,280,148,132
114000249,270,242,28
114000250,126,5,121
114000251,102,19,83
114000252,0,0,0
114000253,30,1,29
114000254,0,0,0
114000255,0,0,0
114000256,3,75,-72
114000257,0,124,-124
114000258,78,0,78
114000259,1,13,-12
114000260,0,0,0
114000261,92,13,79
114000262,0,0,0
114000263,25,0,25
114000264,0,0,0
114000265,0,0,0
114000267,3,257,-254
114000268,0,0,0
114000270,57,1,56
114000271,120,0,120
114000283,195,12,183
114000285,0,0,0
114000288,0,11,-11
114000289,0,0,0
114000293,19,2,17
114000294,1,3,-2
114000395,407,5,402
114000396,76,28,48
114000402,0,0,0
114000403,41,5,36
114000405,47,36,11
114000423,119,26,93
114000424,53,15,38
114000425,147,18,129
114000426,60,10,50
114000427,0,0,0
114000428,0,0,0
114000429,0,23,-23
114000432,0,0,0
114000434,0,0,0
114000435,0,0,0
114900001,0,0,0
114900002,0,0,0
114900003,0,0,0
114900004,0,0,0
114900005,0,0,0
114900006,0,0,0
114900007,0,0,0
114900008,0,0,0
114900010,0,0,0
114900011,0,0,0
114900013,0,0,0
114900015,0,0,0
114900018,0,0,0
114900020,0,0,0
114900022,0,0,0
114900024,0,0,0
114900025,0,0,0
114900026,0,0,0
114900027,0,0,0
114900029,0,0,0
114900030,0,0,0
114900031,0,0,0
114900032,0,0,0
114900033,0,0,0
114900034,0,0,0
114900035,0,0,0
114900036,0,0,0
114900037,0,0,0
114900038,0,0,0
114900039,0,0,0
114900040,0,0,0
114900041,0,0,0
114900042,0,0,0
114900043,0,0,0
114900044,0,0,0
114900046,0,0,0
114900047,0,0,0
114900048,0,0,0
114900049,0,0,0
114900050,0,0,0
114900051,0,0,0
114900052,0,0,0
114900053,0,0,0
114900054,0,0,0
114900057,0,0,0
114900058,0,0,0
114900059,0,0,0
114900060,0,0,0
114900061,0,0,0
114900062,0,0,0
114900063,0,0,0
114900064,0,0,0
114900065,0,0,0
114900067,0,0,0
114900068,0,0,0
114900069,0,0,0
114900070,0,0,0
114900072,0,0,0
114900073,0,0,0
114900074,0,0,0
114900075,0,0,0
114900076,0,0,0
114900080,0,0,0
114900082,0,0,0
114900083,0,0,0
114900090,0,0,0
114900091,0,0,0
114900095,0,0,0
114900096,0,0,0
114900097,0,0,0
114900098,0,0,0
114900099,0,0,0
115000001,154,147,7
115000002,1406,444,962
115000003,160,123,37
115000004,1234,1033,201
115000005,17,118,-101
115000006,480,413,67
115000007,0,0,0
115000008,160,77,83
115000009,0,0,0
115000010,177,168,9
115000013,0,0,0
115000015,0,0,0
115000016,0,0,0
115000019,39,142,-103
115000020,0,0,0
115000021,3,275,-272
115000022,4,32,-28
115000023,498,204,294
115000024,1,53,-52
115000025,392,87,305
115000026,0,0,0
115000027,245,72,173
115000028,0,0,0
115000029,560,8,552
115000030,2,72,-70
115000031,605,34,571
115000032,0,0,0
115000033,97,5,92
115000034,0,0,0
115000035,496,1,495
115000036,0,0,0
115000037,204,0,204
115000038,29,47,-18
115000039,0,29,-29
115000040,227,38,189
115000041,13,44,-31
115000042,103,19,84
115000043,807,455,352
115000044,600,61,539
115000045,109,16,93
115000046,673,159,514
115000047,892,146,746
115000048,73,102,-29
115000049,82,244,-162
115000050,1206,432,774
115000051,495,227,268
115000052,172,144,28
115000053,380,200,180
115000054,79,45,34
115000055,0,0,0
115000056,50,66,-16
115000057,0,0,0
115000058,44,30,14
115000059,0,0,0
115000061,47,4,43
115000062,0,0,0
115000063,0,0,0
115000064,110,3,107
115000065,0,0,0
115000067,9,2,7
115000069,0,0,0
115000070,1,20,-19
115000071,16,1,15
115000072,0,0,0
115000073,235,8,227
115000075,0,0,0
115000076,582,300,282
115000077,235,154,81
115000078,124,125,-1
115000079,252,134,118
115000080,359,174,185
115000081,0,0,0
115000082,1042,447,595
115000083,0,0,0
115000084,602,145,457
115000085,0,0,0
115000086,471,37,434
115000087,0,0,0
115000088,687,105,582
115000089,0,0,0
115000090,76,62,14
115000091,81,10,71
115000092,273,13,260
115000093,457,2,455
115000094,1414,349,1065
115000095,963,194,769
115000096,210,23,187
115000097,214,57,157
115000098,308,23,285
115000099,711,182,529
115000100,552,91,461
115000101,2,16,-14
115000102,339,127,212
115000103,6,3,3
115000105,6,8,-2
115000106,286,44,242
115000107,0,24,-24
115000108,111,66,45
115000109,848,750,98
115000110,216,86,130
115000111,15,82,-67
115000112,90,32,58
115000113,18,55,-37
115000114,72,55,17
115000116,100,79,21
115000117,58,20,38
115000118,76,175,-99
115000119,86,48,38
115000120,20,262,-242
115000121,86,51,35
115000122,79,11,68
115000123,131,415,-284
115000124,73,31,42
115000125,142,64,78
115000126,45,50,-5
115000127,18,0,18
115000128,14,46,-32
115000129,49,2,47
115000130,63,1,62
115000131,70,25,45
115000132,56,0,56
115000133,53,5,48
115000134,56,5,51
115000135,21,0,21
115000136,63,23,40
115000137,0,0,0
115000138,159,13,146
115000139,0,0,0
115000140,146,1,145
115000141,0,0,0
115000142,0,0,0
115000143,176,42,134
115000144,0,0,0
115000145,0,0,0
115000146,91,47,44
115000147,0,0,0
115000148,0,0,0
115000149,2,14,-12
115000150,0,0,0
115000151,55,9,46
115000152,0,0,0
115000153,19,22,-3
115000154,12,2,10
115000155,0,0,0
115000156,30,33,-3
115000157,0,0,0
115000158,0,0,0
115000159,1,0,1
115000160,0,0,0
115000161,0,0,0
115000162,291,62,229
115000163,0,0,0
115000164,0,0,0
115000165,43,40,3
115000167,4,5,-1
115000168,53,59,-6
115000169,0,0,0
115000170,0,0,0
115000171,54,72,-18
115000172,0,0,0
115000173,3,4,-1
115000174,21,29,-8
115000175,0,0,0
115000176,3,5,-2
115000177,0,0,0
115000178,0,0,0
115000179,13,1,12
115000180,0,0,0
115000181,145,7,138
115000182,179,15,164
115000183,0,0,0
115000186,169,6,163
115000187,37,48,-11
115000188,129,23,106
115000189,6,31,-25
115000190,510,17,493
115000191,1,15,-14
115000194,0,0,0
115000195,4,3,1
115000196,2,0,2
115000197,0,0,0
115000198,50,0,50
115000199,0,0,0
115000200,10,2,8
115000201,0,0,0
115000206,170,2,168
115000207,0,0,0
115000208,6,44,-38
115000209,359,7,352
115000210,40,55,-15
115000211,2,7,-5
115000212,30,0,30
115000224,0,0,0
115000225,0,0,0
115000229,0,0,0
115000230,1,0,1
115000231,82,1,81
115000232,401,1,400
115000233,0,0,0
115000234,0,0,0
115000241,0,0,0
115000242,0,0,0
115000243,0,0,0
115000244,0,0,0
115000246,0,0,0
115000247,0,0,0
115000248,0,0,0
115000249,0,0,0
115000250,0,0,0
115000251,0,0,0
115000252,0,0,0
115000253,0,0,0
115000258,0,0,0
115000259,0,0,0
115000261,0,0,0
115000262,0,0,0
115000263,0,0,0
115000264,0,0,0
115000267,0,0,0
115000268,0,0,0
115000269,0,0,0
115000270,0,0,0
115000272,3,0,3
115000273,0,0,0
115000280,42,393,-351
115000281,0,0,0
115000282,270,138,132
115000284,0,0,0
115000296,275,0,275
115000297,4,200,-196
115000298,0,0,0
115000300,0,0,0
115000302,71,1,70
115000303,105,0,105
115000304,85,18,67
115000305,0,0,0
115000306,0,0,0
115000307,0,0,0
115000308,0,0,0
115000309,0,0,0
115000310,0,0,0
115000311,409,60,349
115000313,0,0,0
115000314,34,38,-4
115000315,22,76,-54
115000316,0,0,0
115000317,84,7,77
115000318,351,17,334
115000319,5,31,-26
115000320,1,78,-77
115000321,54,0,54
115000322,0,25,-25
115000449,0,0,0
115000557,0,0,0
115000558,96,1,95
115000587,5,3,2
115000588,74,227,-153
115000589,1743,943,800
115000590,27,57,-30
115000591,394,331,63
115000592,36,50,-14
115000593,553,174,379
115000594,67,97,-30
115000609,0,9,-9
115000617,87,27,60
115000624,0,0,0
115000633,240,62,178
115000634,1213,158,1055
115000635,288,92,196
115000638,0,0,0
115000641,0,0,0
115000642,108,5,103
115000643,0,12,-12
115000644,0,9,-9
115000646,40,100,-60
115000647,44,22,22
115000648,289,22,267
115000893,1434,394,1040
115000894,1,133,-132
115000895,18,88,-70
115000896,726,152,574
115000897,30,26,4
115000898,46,1,45
115000899,6,40,-34
115000900,0,54,-54
115000901,3,19,-16
115000912,71,9,62
115000913,0,0,0
115000915,2,0,2
115000916,0,0,0
115000917,0,0,0
115000918,0,0,0
115000919,0,0,0
115000920,0,0,0
115000921,0,0,0
115000922,163,329,-166
115000923,5,86,-81
115000925,0,0,0
115000927,0,0,0
115000933,1,9,-8
115000934,0,0,0
115000935,0,0,0
115000936,0,0,0
115000937,13,17,-4
115000938,10,9,1
115000939,5,33,-28
115000940,2,0,2
115000941,0,0,0
115000942,2,14,-12
115000943,0,0,0
115000944,0,0,0
115900001,0,0,0
115900002,0,0,0
115900003,0,0,0
115900004,0,0,0
115900005,0,0,0
115900006,0,0,0
115900008,0,0,0
115900009,0,0,0
115900010,0,0,0
115900011,0,0,0
115900012,0,0,0
115900013,0,0,0
115900014,0,0,0
115900015,0,0,0
115900016,0,0,0
115900017,0,0,0
115900018,0,0,0
115900019,0,0,0
115900020,0,0,0
115900021,0,0,0
115900022,0,0,0
115900023,0,0,0
115900025,0,0,0
115900026,0,0,0
115900027,0,0,0
115900028,0,0,0
115900029,0,0,0
115900030,0,0,0
115900031,0,0,0
115900032,0,0,0
115900033,0,0,0
115900034,0,0,0
115900035,0,0,0
115900036,0,0,0
115900037,0,0,0
115900038,0,0,0
115900039,0,0,0
115900041,0,0,0
115900042,0,0,0
115900043,0,0,0
115900044,0,0,0
115900046,0,0,0
115900047,0,0,0
115900049,0,0,0
115900051,0,0,0
115900052,0,0,0
115900053,0,0,0
115900054,0,0,0
115900055,0,0,0
115900056,0,0,0
115900057,0,0,0
115900058,0,0,0
115900060,0,0,0
115900061,0,0,0
115900062,0,0,0
115900063,0,0,0
115900064,0,0,0
115900065,0,0,0
115900066,0,0,0
115900067,0,0,0
115900068,0,0,0
115900069,0,0,0
115900070,0,0,0
115900071,0,0,0
115900072,0,0,0
115900073,0,0,0
115900074,0,0,0
115900075,0,0,0
115900076,0,0,0
115900077,0,0,0
115900078,0,0,0
115900079,0,0,0
115900080,0,0,0
115900081,0,0,0
115900082,0,0,0
115900084,0,0,0
115900085,0,0,0
115900086,0,0,0
115900088,0,0,0
115900089,0,0,0
115900090,0,0,0
115900091,0,0,0
115900092,0,0,0
115900093,0,0,0
115900094,0,0,0
115900096,0,0,0
115900097,0,0,0
115900098,0,0,0
115900099,0,0,0
115900100,0,0,0
115900101,0,0,0
115900102,0,0,0
115900103,0,0,0
115900104,0,0,0
115900105,0,0,0
115900106,0,0,0
115900107,0,0,0
115900108,0,0,0
115900109,0,0,0
115900110,0,0,0
115900111,0,0,0
115900112,0,0,0
115900113,0,0,0
115900114,0,0,0
115900115,0,0,0
115900116,0,0,0
115900117,0,0,0
115900118,0,0,0
115900119,0,0,0
115900120,0,0,0
115900121,0,0,0
115900124,0,0,0
115900125,0,0,0
115900126,0,0,0
115900127,0,0,0
115900128,0,0,0
115900129,0,0,0
115900130,0,0,0
115900131,0,0,0
115900132,0,0,0
115900134,0,0,0
115900135,0,0,0
115900137,0,0,0
115900139,0,0,0
115900140,0,0,0
115900141,0,0,0
115900142,0,0,0
115900143,0,0,0
115900144,0,0,0
115900146,0,0,0
115900147,0,0,0
115900148,0,0,0
115900149,0,0,0
115900150,0,0,0
115900151,0,0,0
115900152,0,0,0
115900153,0,0,0
115900154,0,0,0
115900155,0,0,0
115900156,0,0,0
115900157,0,0,0
115900158,0,0,0
115900159,0,0,0
115900160,0,0,0
115900161,0,0,0
115900163,0,0,0
115900164,0,0,0
115900166,0,0,0
115900168,0,0,0
115900171,0,0,0
115900172,0,0,0
115900173,0,0,0
115900174,0,0,0
115900175,0,0,0
115900178,0,0,0
115900179,0,0,0
115900180,0,0,0
115900181,0,0,0
115900182,0,0,0
115900183,0,0,0
115900184,0,0,0
115900187,0,0,0
115900189,0,0,0
115900190,0,0,0
115900191,0,0,0
115900192,0,0,0
115900193,0,0,0
115900194,0,0,0
115900195,0,0,0
115900198,0,0,0
115900199,0,0,0
115900200,0,0,0
115900201,0,0,0
115900202,0,0,0
115900203,0,0,0
115900204,0,0,0
115900205,0,0,0
115900206,0,0,0
115900207,0,0,0
115900208,0,0,0
115900209,0,0,0
115900210,0,0,0
115900211,0,0,0
115900212,0,0,0
115900213,0,0,0
115900214,0,0,0
115900215,0,0,0
115900216,0,0,0
115900217,0,0,0
115900218,0,0,0
115900219,0,0,0
115900220,0,0,0
115900221,0,0,0
115900222,0,0,0
115900223,0,0,0
115900224,0,0,0
115900225,0,0,0
115900226,0,0,0
115900227,0,0,0
115900228,0,0,0
115900229,0,0,0
115900230,0,0,0
115900231,0,0,0
115900232,0,0,0
115900233,0,0,0
115900234,0,0,0
115900235,0,0,0
115900236,0,0,0
115900237,0,0,0
115900238,0,0,0
115900239,0,0,0
115900240,0,0,0
115900241,0,0,0
115900242,2,0,2
115900243,0,0,0
115900244,0,0,0
115900245,0,0,0
115900246,0,0,0
115900247,0,0,0
115900248,0,0,0
115900249,0,0,0
115900250,0,0,0
115900251,0,0,0
115900252,0,0,0
115900253,0,0,0
115900254,0,0,0
115900255,0,0,0
115900256,0,0,0
115900257,0,0,0
115900258,0,0,0
115900259,0,0,0
115900260,0,0,0
115900261,0,0,0
115900262,0,0,0
115900263,0,0,0
115900264,0,0,0
115900265,0,0,0
115900266,0,0,0
115900267,0,0,0
115900268,0,0,0
115900269,0,0,0
115900270,0,0,0
115900271,0,0,0
115900272,0,0,0
115900273,0,0,0
115900274,0,0,0
115900275,0,0,0
115900276,0,0,0
115900277,0,0,0
115900278,0,0,0
115900279,0,0,0
115900280,0,0,0
115900281,0,0,0
115900282,0,0,0
115900283,0,0,0
115900284,0,0,0
116000001,106,245,-139
116000002,1496,2058,-562
116000003,15,102,-87
116000004,508,1834,-1326
116000005,37,135,-98
116000006,234,550,-316
116000007,108,147,-39
116000008,574,418,156
116000009,45,94,-49
116000010,555,390,165
116000011,49,192,-143
116000012,597,179,418
116000013,180,532,-352
116000014,0,0,0
116000015,7,3,4
116000016,878,39,839
116000017,51,28,23
116000018,105,19,86
116000019,27,1,26
116000020,325,76,249
116000021,107,0,107
116000022,162,53,109
116000023,2,3,-1
116000024,227,55,172
116000025,15,23,-8
116000026,335,56,279
116000027,205,63,142
116000028,457,506,-49
116000029,0,0,0
116000030,383,321,62
116000031,0,0,0
116000032,136,2,134
116000033,491,274,217
116000034,1306,1387,-81
116000035,298,73,225
116000036,0,0,0
116000037,6,33,-27
116000038,8,79,-71
116000039,0,0,0
116000040,76,170,-94
116000041,0,0,0
116000042,296,240,56
116000043,0,0,0
116000044,0,0,0
116000045,1369,1834,-465
116000046,156,31,125
116000047,136,19,117
116000048,1295,818,477
116000049,1138,532,606
116000050,367,185,182
116000051,1755,320,1435
116000052,595,187,408
116000053,760,239,521
116000054,0,0,0
116000055,0,0,0
116000056,354,794,-440
116000057,0,0,0
116000058,116,126,-10
116000059,541,2124,-1583
116000060,84,73,11
116000061,88,306,-218
116000062,45,24,21
116000063,139,494,-355
116000066,63,327,-264
116000067,0,0,0
116000068,26,86,-60
116000069,0,0,0
116000078,133,286,-153
116000080,0,0,0
116000082,0,0,0
116000083,170,94,76
116000084,28,279,-251
116000085,256,39,217
116000086,11,78,-67
116000087,600,100,500
116000088,51,30,21
116000089,0,0,0
116000090,2,3,-1
116000091,0,0,0
116000093,161,148,13
116000094,0,59,-59
116000095,302,14,288
116000096,36,142,-106
116000097,367,35,332
116000098,12,279,-267
116000099,445,2,443
116000100,43,0,43
116000101,8,2,6
116000102,139,26,113
116000103,64,40,24
116000104,10,9,1
116000105,99,5,94
116000106,68,8,60
116000107,157,8,149
116000108,0,5,-5
116000111,5,0,5
116000113,14,3,11
116000114,0,0,0
116000115,150,113,37
116000116,0,0,0
116000117,232,405,-173
116000118,0,0,0
116000119,867,460,407
116000120,0,0,0
116000121,222,213,9
116000122,0,0,0
116000123,769,94,675
116000124,0,0,0
116000125,926,51,875
116000126,0,0,0
116000127,0,0,0
116000128,759,81,678
116000129,0,0,0
116000130,0,0,0
116000133,364,3,361
116000134,150,7,143
116000135,783,179,604
116000136,98,40,58
116000137,283,96,187
116000138,0,0,0
116000139,483,911,-428
116000140,0,1,-1
116000141,42,1,41
116000142,279,657,-378
116000143,419,177,242
116000144,136,202,-66
116000145,1574,276,1298
116000146,110,4,106
116000147,110,229,-119
116000148,0,1,-1
116000149,0,0,0
116000151,36,89,-53
116000153,99,537,-438
116000155,138,427,-289
116000156,2,21,-19
116000157,128,0,128
116000158,530,22,508
116000159,69,1,68
116000160,0,0,0
116000161,0,0,0
116000162,0,0,0
116000163,0,0,0
116000164,0,0,0
116000177,5,1,4
116000194,0,0,0
116000195,682,157,525
116000196,0,0,0
116000197,0,0,0
116000198,480,355,125
116000200,1,37,-36
116000201,0,0,0
116000202,0,0,0
116000203,0,0,0
116000204,0,0,0
116000205,0,0,0
116000206,0,0,0
116000207,0,0,0
116000233,0,0,0
116000287,0,0,0
116000288,139,78,61
116000292,0,0,0
116000296,0,1,-1
116000297,0,0,0
116000304,0,0,0
116000305,0,0,0
116000346,0,0,0
116000352,0,0,0
116000354,0,0,0
116000357,0,0,0
116000358,0,0,0
116000361,0,0,0
116000372,0,0,0
116000381,0,0,0
116000388,0,0,0
116000389,114,4,110
116000445,0,0,0
116000446,346,27,319
116000447,0,0,0
116000448,478,295,183
116000563,132,961,-829
116000565,0,0,0
116000568,0,0,0
116000579,0,0,0
116000583,0,0,0
116000584,0,0,0
116000585,0,0,0
116000586,0,0,0
116000587,301,1,300
116000589,52,0,52
116000590,3,2,1
116000591,75,14,61
116000592,75,5,70
116000593,0,0,0
116000594,0,0,0
116000595,0,0,0
116000596,0,0,0
116000597,189,6,183
116000598,0,0,0
116000605,0,0,0
116000606,24,7,17
116000607,0,0,0
116000609,0,0,0
116000611,0,0,0
116000612,1049,416,633
116000613,338,96,242
116000614,0,0,0
116000615,0,0,0
116000616,0,0,0
116000617,0,0,0
116000618,0,0,0
116000619,1,0,1
116000620,658,47,611
116000621,3,52,-49
116000622,91,44,47
116000624,3,1,2
116000627,0,0,0
116000628,0,0,0
116000629,0,0,0
116000630,3,1,2
116000631,1,0,1
116000632,134,0,134
116000633,12,0,12
116000634,0,0,0
116000635,1327,1363,-36
116000636,117,216,-99
116000637,0,0,0
116000638,1,0,1
116000640,35,0,35
116000641,0,0,0
116000644,0,0,0
116900001,0,0,0
116900002,0,0,0
116900003,0,0,0
116900004,0,0,0
116900005,0,0,0
116900006,0,2,-2
116900007,0,0,0
116900008,0,0,0
116900009,0,0,0
116900010,0,0,0
116900011,0,0,0
116900012,0,0,0
116900013,0,0,0
116900014,0,0,0
116900015,0,0,0
116900016,0,0,0
116900017,0,0,0
116900018,0,0,0
116900019,0,0,0
116900020,0,0,0
116900023,0,0,0
116900024,0,0,0
116900025,0,0,0
116900026,0,0,0
116900027,0,0,0
116900028,0,0,0
116900029,0,0,0
116900031,0,0,0
116900032,0,0,0
116900033,0,0,0
116900034,0,0,0
116900035,0,0,0
116900036,0,0,0
116900038,0,0,0
116900041,0,0,0
116900042,0,0,0
116900043,0,0,0
116900047,0,0,0
116900049,0,0,0
116900050,0,0,0
116900051,0,0,0
116900052,0,0,0
116900055,0,0,0
116900057,0,0,0
116900058,0,0,0
116900059,0,0,0
116900060,0,0,0
116900062,0,0,0
116900064,0,0,0
116900065,0,0,0
116900067,0,0,0
116900068,0,0,0
116900070,0,0,0
116900072,0,0,0
116900073,0,0,0
116900074,0,0,0
116900076,0,0,0
116900077,0,0,0
116900078,0,0,0
116900079,0,0,0
116900080,0,0,0
116900081,0,0,0
116900082,0,0,0
116900083,0,0,0
116900084,0,0,0
116900085,0,0,0
116900086,0,0,0
116900088,0,0,0
116900090,0,0,0
116900091,0,0,0
116900092,0,0,0
116900093,0,0,0
116900094,0,0,0
116900095,0,0,0
116900096,0,0,0
116900097,0,0,0
116900098,0,0,0
116900099,0,0,0
116900100,0,0,0
116900101,0,0,0
116900103,0,0,0
116900104,0,0,0
116900105,0,0,0
116900106,0,0,0
116900107,0,0,0
116900110,0,0,0
116900111,256,0,256
116900112,93,1,92
116900113,44,21,23
116900116,0,0,0
116900117,0,0,0
116900118,0,0,0
116900120,0,0,0
116900121,0,0,0
116900122,0,0,0
116900123,0,0,0
116900124,0,0,0
116900125,0,0,0
116900126,0,0,0
116900128,0,0,0
116900129,0,0,0
116900130,0,0,0
116900131,0,0,0
116900132,0,0,0
116900133,0,0,0
116900134,0,0,0
116900136,0,0,0
116900137,0,0,0
116900138,0,0,0
116900139,0,0,0
116900140,0,0,0
116900141,0,0,0
116900142,0,0,0
116900143,0,0,0
116900144,0,0,0
116900145,0,0,0
116900147,0,0,0
116900148,0,0,0
116900149,0,0,0
116900150,0,0,0
116900151,0,0,0
116900153,0,0,0
116900154,0,0,0
116900155,0,0,0
116900157,0,0,0
116900158,0,0,0
116900159,0,0,0
116900160,0,0,0
116900161,0,0,0
116900162,0,0,0
116900163,0,0,0
116900164,0,0,0
116900165,0,0,0
116900166,0,0,0
116900167,0,0,0
116900168,0,0,0
116900169,0,0,0
116900170,0,0,0
116900171,0,0,0
116900172,0,0,0
116900173,0,0,0
116900174,0,0,0
116900175,0,0,0
116900178,0,0,0
116900179,0,0,0
116900180,0,0,0
116900182,0,0,0
116900183,0,0,0
116900185,0,0,0
116900186,0,0,0
116900187,0,0,0
116900188,0,0,0
116900189,0,0,0
116900191,0,0,0
116900192,0,0,0
116900194,0,0,0
116900195,0,0,0
116900196,0,0,0
116900197,0,0,0
116900198,0,0,0
116900200,0,0,0
116900201,0,0,0
116900202,0,0,0
116900203,0,0,0
116900204,0,0,0
116900206,0,0,0
116900207,0,0,0
116900208,0,0,0
116900209,0,0,0
116900210,0,0,0
116900211,0,0,0
116900212,0,0,0
116900213,0,0,0
116900214,0,0,0
116900215,0,0,0
116900216,0,0,0
116900218,0,0,0
116900219,0,0,0
116900220,0,0,0
116900221,0,0,0
116900222,157,83,74
116900223,0,0,0
116900226,0,0,0
116900227,0,0,0
116900228,0,0,0
116900230,0,0,0
116900231,0,0,0
116900232,0,0,0
116900233,0,0,0
116900234,0,0,0
116900235,0,0,0
116900238,0,0,0
116900239,0,0,0
116900240,0,0,0
116900241,0,0,0
116900242,0,0,0
116900243,0,0,0
116900245,0,0,0
116900246,0,0,0
116900247,0,0,0
116900248,0,0,0
116900249,0,0,0
116900250,0,0,0
116900251,0,0,0
116900252,176,3,173
116900254,0,0,0
116900255,0,0,0
116900256,0,0,0
116900257,0,0,0
116900258,0,0,0
116900259,0,0,0
116900260,0,0,0
116900261,0,0,0
116900262,0,0,0
116900263,0,0,0
116900264,0,0,0
116900265,0,0,0
116900266,0,0,0
116900267,0,0,0
116900268,0,0,0
116900269,144,67,77
116900271,0,0,0
116900272,0,0,0
116900273,0,0,0
116900274,0,0,0
116900275,0,0,0
116900276,97,5,92
116900277,0,0,0
116900278,0,0,0
116900279,0,0,0
116900280,0,0,0
116900281,0,0,0
116900282,0,0,0
116900283,0,0,0
116900284,0,0,0
116900285,0,0,0
116900286,0,0,0
116900287,0,0,0
116900288,0,0,0
116900289,0,0,0
116900290,0,0,0
116900291,0,0,0
116900292,0,0,0
116900293,0,0,0
116900294,0,0,0
116900295,0,0,0
116900296,0,0,0
116900297,0,0,0
116900298,0,0,0
116900299,0,0,0
116900300,0,0,0
116900301,0,0,0
116900302,0,0,0
116900303,0,0,0
116900304,0,0,0
116900305,0,0,0
116900306,3,6,-3
116900307,0,0,0
116900308,0,0,0
116900309,0,0,0
117000001,853,476,377
117000002,10,39,-29
117000003,2013,1014,999
117000004,233,192,41
117000005,1469,574,895
117000006,75,124,-49
117000007,2899,740,2159
117000008,47,141,-94
117000009,1842,297,1545
117000010,111,101,10
117000011,1144,263,881
117000012,147,79,68
117000013,1068,178,890
117000014,32,243,-211
117000015,460,199,261
117000016,33,10,23
117000017,44,19,25
117000018,2,20,-18
117000019,32,9,23
117000020,29,22,7
117000021,45,5,40
117000022,100,31,69
117000023,27,28,-1
117000024,0,0,0
117000025,0,0,0
117000026,928,1050,-122
117000027,0,0,0
117000028,294,196,98
117000030,188,140,48
117000031,120,247,-127
117000032,447,358,89
117000033,347,230,117
117000034,101,56,45
117000035,482,86,396
117000036,69,72,-3
117000037,415,56,359
117000038,102,126,-24
117000039,531,72,459
117000040,0,0,0
117000041,414,31,383
117000044,0,0,0
117000045,28,42,-14
117000046,0,0,0
117000047,553,302,251
117000048,0,0,0
117000049,3,35,-32
117000050,8,5,3
117000051,547,173,374
117000052,0,0,0
117000053,0,0,0
117000054,1040,44,996
117000055,0,33,-33
117000056,329,95,234
117000057,0,26,-26
117000060,0,0,0
117000061,393,368,25
117000062,0,0,0
117000063,319,138,181
117000064,0,0,0
117000066,1,2,-1
117000067,22,133,-111
117000074,2,46,-44
117000076,0,5,-5
117000077,102,29,73
117000078,0,0,0
117000079,59,3,56
117000080,0,0,0
117000081,134,6,128
117000082,0,0,0
117000083,70,1,69
117000084,31,0,31
117000085,31,29,2
117000086,199,246,-47
117000087,19,80,-61
117000088,283,144,139
117000089,1212,225,987
117000090,4,56,-52
117000091,769,98,671
117000092,2,21,-19
117000093,1288,167,1121
117000094,68,77,-9
117000095,2108,115,1993
117000096,39,79,-40
117000097,1317,192,1125
117000098,54,99,-45
117000099,1414,165,1249
117000100,0,0,0
117000101,0,0,0
117000102,925,207,718
117000103,24,48,-24
117000104,697,198,499
117000105,5,55,-50
117000106,813,180,633
117000107,75,17,58
117000108,864,510,354
117000109,189,27,162
117000110,944,850,94
117000111,1869,1417,452
117000112,640,460,180
117000113,0,0,0
117000114,1,15,-14
117000115,0,0,0
117000116,2,3,-1
117000117,94,95,-1
117000118,3,13,-10
117000119,3,63,-60
117000120,0,42,-42
117000121,0,48,-48
117000122,1,121,-120
117000123,130,77,53
117000124,0,0,0
117000125,3,2,1
117000126,19,0,19
117000127,6,1,5
117000128,0,1,-1
117000129,198,580,-382
117000130,5,0,5
117000131,0,0,0
117000132,1614,33,1581
117000133,0,0,0
117000134,0,0,0
117000135,0,0,0
117000136,0,0,0
117000137,0,0,0
117000138,2,0,2
117000140,23,42,-19
117000141,1011,190,821
117000181,0,0,0
117000182,0,0,0
117000195,0,0,0
117000196,0,0,0
117000225,0,0,0
117000226,0,0,0
117000276,0,0,0
117000277,0,0,0
117000310,0,251,-251
117000315,0,0,0
117000320,137,1,136
117000906,151,0,151
117000907,0,0,0
117000909,8,5,3
117000910,0,0,0
117000911,2,59,-57
117000915,0,0,0
117000916,14,53,-39
117000917,353,28,325
117000918,29,55,-26
117000919,0,0,0
117000920,0,34,-34
117000921,0,0,0
117000922,8,2,6
117000924,65,300,-235
117000926,42,2,40
117000927,131,557,-426
117000928,0,0,0
117000929,0,0,0
117000930,0,0,0
117000931,0,0,0
117900002,0,0,0
117900003,0,0,0
117900005,0,0,0
117900006,0,0,0
117900007,0,0,0
117900008,0,0,0
117900010,0,0,0
117900011,0,0,0
117900012,0,0,0
117900013,0,0,0
117900014,0,0,0
117900015,0,0,0
117900016,0,0,0
117900017,0,0,0
117900018,0,0,0
117900019,0,0,0
117900020,0,0,0
117900021,0,0,0
117900023,0,0,0
117900024,0,0,0
117900025,0,0,0
117900026,0,0,0
117900028,0,0,0
117900029,0,0,0
117900030,0,0,0
117900031,0,0,0
117900032,0,0,0
117900033,0,0,0
117900034,0,0,0
117900035,0,0,0
117900036,0,0,0
117900037,0,0,0
117900038,0,0,0
117900039,0,0,0
117900040,0,0,0
117900041,0,0,0
117900042,0,0,0
117900043,0,0,0
117900044,0,0,0
117900045,0,0,0
117900048,0,0,0
117900049,0,0,0
117900050,0,0,0
117900051,0,0,0
117900052,0,0,0
117900053,0,0,0
117900054,0,0,0
117900055,0,0,0
117900056,0,0,0
117900057,0,0,0
117900058,0,0,0
117900059,0,0,0
117900060,0,0,0
117900061,0,0,0
117900063,0,0,0
117900065,0,0,0
117900066,0,0,0
117900067,0,0,0
117900069,0,0,0
117900070,0,0,0
117900071,0,0,0
117900073,0,0,0
117900074,0,0,0
117900075,0,0,0
117900076,0,0,0
117900077,0,0,0
117900078,0,0,0
117900080,0,0,0
117900081,0,0,0
117900082,0,0,0
117900083,0,0,0
117900086,0,0,0
117900087,0,0,0
117900088,0,0,0
117900089,0,0,0
117900090,0,0,0
117900091,0,0,0
117900092,0,0,0
117900093,0,0,0
117900094,0,0,0
117900095,0,0,0
117900096,0,0,0
117900097,0,0,0
117900098,0,0,0
117900099,0,0,0
117900100,0,0,0
117900101,0,0,0
117900102,0,0,0
117900103,0,0,0
117900104,0,0,0
117900105,0,0,0
117900106,0,0,0
117900107,0,0,0
117900109,0,0,0
117900110,0,0,0
117900111,0,0,0
117900112,0,0,0
117900113,0,0,0
117900114,0,0,0
117900115,0,0,0
117900116,0,0,0
117900117,0,0,0
117900118,0,0,0
117900119,0,0,0
117900120,0,0,0
117900121,1,0,1
117900122,0,0,0
117900123,0,0,0
117900124,0,0,0
117900125,0,0,0
117900126,0,0,0
117900127,0,0,0
117900128,0,0,0
117900129,0,0,0
117900130,0,0,0
117900131,0,0,0
117900132,0,0,0
117900133,0,0,0
117900134,0,0,0
117900135,0,0,0
117900136,0,0,0
117900137,0,0,0
117900138,0,0,0
117900139,0,0,0
117900140,0,0,0
117900141,0,0,0
117900142,0,0,0
117900144,0,0,0
117900145,0,0,0
117900146,0,0,0
117900147,0,0,0
117900148,0,0,0
117900149,0,0,0
117900150,0,0,0
117900151,0,0,0
117900152,0,0,0
117900153,0,0,0
117900154,0,0,0
117900156,0,0,0
117900157,0,0,0
117900158,0,0,0
117900160,0,0,0
117900161,0,0,0
117900162,0,0,0
117900163,0,0,0
117900165,0,0,0
117900166,0,0,0
117900168,0,0,0
117900169,0,0,0
117900170,0,0,0
117900171,0,0,0
117900172,0,0,0
117900173,0,0,0
117900174,0,0,0
117900175,0,0,0
117900176,0,0,0
117900177,0,0,0
117900178,0,0,0
117900180,0,0,0
117900181,0,0,0
117900182,0,0,0
117900183,0,0,0
117900184,0,0,0
117900185,0,0,0
117900186,0,0,0
117900187,0,0,0
117900188,0,0,0
117900189,0,0,0
117900190,0,0,0
117900191,0,0,0
117900192,0,0,0
117900193,0,0,0
117900194,0,0,0
117900195,0,0,0
117900196,0,0,0
117900207,0,0,0
117900208,0,0,0
117900209,0,0,0
117900210,0,0,0
117900211,0,0,0
117900212,0,0,0
117900213,0,0,0
117900214,0,0,0
117900215,0,0,0
117900216,0,0,0
117900217,0,0,0
117900218,0,0,0
117900219,0,0,0
117900220,0,0,0
117900222,0,0,0
117900223,0,0,0
118000001,192,469,-277
118000002,9,64,-55
118000003,845,1704,-859
118000004,44,54,-10
118000005,1728,1860,-132
118000006,116,235,-119
118000007,105,703,-598
118000008,186,363,-177
118000009,44,194,-150
118000010,153,439,-286
118000011,0,0,0
118000012,0,0,0
118000013,0,0,0
118000014,0,0,0
118000016,0,0,0
118000017,44,69,-25
118000018,0,0,0
118000019,0,4,-4
118000020,0,0,0
118000021,0,0,0
118000022,63,34,29
118000023,193,99,94
118000024,244,257,-13
118000027,134,81,53
118000029,47,379,-332
118000032,225,744,-519
118000033,641,1327,-686
118000034,38,83,-45
118000035,84,387,-303
118000036,68,176,-108
118000037,0,0,0
118000038,26,130,-104
118000039,0,0,0
118000040,153,197,-44
118000041,0,0,0
118000045,2,60,-58
118000046,2,225,-223
118000047,0,0,0
118000048,79,124,-45
118000051,7,238,-231
118000052,13,77,-64
118000053,0,24,-24
118000054,15,95,-80
118000055,3,25,-22
118000056,0,1,-1
118000057,0,5,-5
118000058,0,0,0
118000059,15,31,-16
118000060,10,2,8
118000061,21,102,-81
118000062,0,0,0
118000063,1,50,-49
118000064,14,103,-89
118000065,29,60,-31
118000066,0,225,-225
118000067,3,45,-42
118000068,24,169,-145
118000069,3,17,-14
118000070,3,78,-75
118000071,63,81,-18
118000072,283,493,-210
118000073,25,124,-99
118000074,0,8,-8
118000075,1,42,-41
118000076,647,2257,-1610
118000077,0,0,0
118000078,667,849,-182
118000079,48,74,-26
118000080,0,0,0
118000081,313,646,-333
118000082,0,0,0
118000083,0,0,0
118000084,0,0,0
118000086,0,0,0
118000087,16,7,9
118000088,183,448,-265
118000089,409,155,254
118000090,0,18,-18
118000091,54,165,-111
118000092,0,0,0
118000093,0,0,0
118000096,0,0,0
118000097,0,0,0
118000098,0,0,0
118000099,0,0,0
118000101,400,226,174
118000102,101,44,57
118000107,26,1,25
118000108,34,3,31
118000110,0,0,0
118000111,0,0,0
118000112,146,0,146
118000113,0,0,0
118000114,97,1,96
118000115,2,0,2
118000116,3,0,3
118000117,36,17,19
118000118,291,338,-47
118000119,237,358,-121
118000120,49,7,42
118000121,0,0,0
118000122,0,0,0
118000123,0,0,0
118000125,0,0,0
118000126,11,23,-12
118000127,101,264,-163
118000128,0,0,0
118000129,116,87,29
118000130,9,25,-16
118000131,16,29,-13
118000132,216,374,-158
118000133,79,189,-110
118000135,154,181,-27
118000136,1,23,-22
118000137,0,0,0
118000138,0,0,0
118000139,0,0,0
118000140,15,49,-34
118000141,1035,981,54
118000142,0,0,0
118000143,370,552,-182
118000144,97,101,-4
118000145,415,116,299
118000146,375,29,346
118000147,344,64,280
118000148,30,62,-32
118000149,14,5,9
118000150,368,164,204
118000151,52,41,11
118000153,654,515,139
118000154,309,258,51
118000155,605,685,-80
118000156,219,107,112
118000157,310,47,263
118000158,1,10,-9
118000159,52,137,-85
118000160,608,200,408
118000161,0,0,0
118000162,178,133,45
118000163,140,161,-21
118000164,636,181,455
118000168,0,0,0
118000169,0,0,0
118000170,22,11,11
118000171,0,7,-7
118000172,1,0,1
118000173,199,182,17
118000175,241,399,-158
118000176,281,466,-185
118000177,142,350,-208
118000178,0,0,0
118000179,544,649,-105
118000180,645,473,172
118000181,7,53,-46
118000182,26,74,-48
118000183,48,102,-54
118000184,737,208,529
118000185,0,0,0
118000186,0,0,0
118000187,33,0,33
118000188,0,0,0
118000189,0,1,-1
118000190,0,0,0
118000191,0,0,0
118000192,1,17,-16
118000193,0,0,0
118000194,564,797,-233
118000195,16,43,-27
118000196,0,0,0
118000197,11,0,11
118000198,1,70,-69
118000199,157,158,-1
118000200,0,0,0
118000201,0,0,0
118000202,0,0,0
118000203,0,0,0
118000204,5,32,-27
118000205,44,10,34
118000206,97,25,72
118000207,0,0,0
118000208,186,362,-176
118000209,300,40,260
118000210,53,26,27
118000211,78,20,58
118000213,0,14,-14
118000214,55,19,36
118000215,0,0,0
118000216,0,0,0
118000217,0,0,0
118000218,0,0,0
118000219,0,0,0
118000220,51,36,15
118000221,0,0,0
118000222,0,0,0
118000223,9,6,3
118000224,0,0,0
118000225,0,0,0
118000226,9,1,8
118000227,24,46,-22
118000228,0,0,0
118000229,0,0,0
118000230,0,0,0
118000231,0,0,0
118000232,0,0,0
118000233,145,28,117
118000234,0,0,0
118000236,2,0,2
118000237,0,0,0
118000238,0,0,0
118000239,116,18,98
118000240,0,0,0
118000241,0,0,0
118000242,0,0,0
118000243,0,0,0
118000244,0,0,0
118000246,0,0,0
118000255,1,8,-7
118000256,3,4,-1
118000259,0,0,0
118000260,0,0,0
118000261,0,0,0
118000263,0,0,0
118000266,1,0,1
118000267,0,0,0
118000268,10,0,10
118000270,0,0,0
118000271,1,0,1
118000272,0,0,0
118000273,0,0,0
118000274,0,0,0
118000276,0,0,0
118000295,0,0,0
118000298,0,0,0
118000299,0,0,0
118000301,0,0,0
118000302,0,0,0
118000311,0,0,0
118000312,0,0,0
118000313,0,0,0
118000314,0,0,0
118000315,0,0,0
118000316,0,0,0
118000325,20,0,20
118000326,0,0,0
118000331,5,0,5
118000332,4,0,4
118000333,53,1,52
118000335,52,0,52
118000336,0,0,0
118000407,0,0,0
118000457,0,0,0
118000465,82,154,-72
118000480,0,0,0
118000489,10,82,-72
118000490,0,0,0
118000492,149,17,132
118000510,0,0,0
118000514,2,4,-2
118000515,64,0,64
118000517,0,0,0
118000524,0,0,0
118000525,0,0,0
118000530,8,70,-62
118000531,120,30,90
118000532,0,0,0
118000533,0,0,0
118000534,0,0,0
118000535,102,27,75
118000536,0,0,0
118000537,0,0,0
118000538,0,0,0
118000539,0,16,-16
118000540,0,0,0
118000541,0,0,0
118000542,44,22,22
118000543,16,16,0
118000546,0,0,0
118000553,0,0,0
118000557,0,0,0
118000560,0,0,0
118000562,0,0,0
118000563,327,690,-363
118000576,27,3,24
118000577,2,17,-15
118000578,32,5,27
118000579,1,4,-3
118000583,0,0,0
118000595,43,126,-83
118000596,0,0,0
118000597,3,26,-23
118000598,0,0,0
118000599,0,0,0
118000600,0,0,0
118000601,0,0,0
118000602,0,0,0
118000603,0,0,0
118000605,0,0,0
118900001,0,0,0
118900002,0,0,0
118900003,0,0,0
118900004,0,0,0
118900005,0,0,0
118900006,0,0,0
118900007,0,0,0
118900008,0,0,0
118900009,0,0,0
118900010,0,0,0
118900011,0,0,0
118900012,3,5,-2
118900013,0,0,0
118900015,0,0,0
118900016,0,0,0
118900017,0,0,0
118900018,0,0,0
118900019,0,0,0
118900020,0,0,0
118900021,0,0,0
118900022,0,0,0
118900023,0,0,0
118900024,0,0,0
118900025,0,0,0
118900026,0,0,0
118900027,0,0,0
118900028,0,0,0
118900029,0,0,0
118900030,0,0,0
118900031,0,0,0
118900032,0,0,0
118900033,0,0,0
118900034,0,0,0
118900035,0,0,0
118900036,0,0,0
118900037,0,0,0
118900038,0,0,0
118900039,0,0,0
118900040,0,0,0
118900041,0,0,0
118900042,0,0,0
118900045,0,0,0
118900046,0,0,0
118900047,0,0,0
118900048,0,0,0
118900049,0,0,0
118900050,0,0,0
118900051,3,17,-14
118900052,0,0,0
118900053,0,0,0
118900054,0,0,0
118900055,0,0,0
118900056,0,1,-1
118900057,0,0,0
118900058,0,0,0
118900059,0,0,0
118900060,0,0,0
118900062,0,0,0
118900064,0,0,0
118900065,0,0,0
118900066,0,0,0
118900067,0,0,0
118900068,0,0,0
118900069,0,0,0
118900071,0,0,0
118900072,0,0,0
118900073,0,0,0
118900074,0,0,0
118900075,0,0,0
118900076,0,0,0
118900077,0,0,0
118900078,0,0,0
118900079,0,0,0
118900080,0,0,0
118900081,0,0,0
118900082,0,0,0
118900083,0,0,0
118900084,0,0,0
118900085,0,0,0
118900086,0,0,0
118900087,0,0,0
118900088,0,0,0
118900089,0,0,0
118900090,0,0,0
118900091,0,0,0
118900092,0,0,0
118900093,0,0,0
118900096,0,52,-52
118900097,0,0,0
118900099,0,0,0
118900100,0,0,0
118900101,0,0,0
118900102,0,0,0
118900103,0,0,0
118900104,1,0,1
118900105,0,0,0
118900107,0,0,0
118900108,0,0,0
118900110,0,0,0
118900111,0,0,0
118900112,0,0,0
118900113,0,0,0
118900114,0,0,0
118900115,0,0,0
118900116,0,0,0
118900117,0,0,0
118900118,0,0,0
118900119,0,0,0
118900120,0,0,0
118900121,0,0,0
118900122,0,0,0
118900123,0,0,0
118900124,0,0,0
118900126,0,0,0
118900129,0,0,0
118900130,0,0,0
118900131,0,0,0
118900132,0,0,0
118900133,0,0,0
118900135,0,0,0
118900136,0,0,0
118900137,0,0,0
118900139,0,0,0
118900140,0,0,0
118900141,0,0,0
118900144,0,0,0
118900145,0,0,0
118900146,0,0,0
118900147,0,0,0
118900148,0,0,0
118900150,0,0,0
118900152,0,0,0
118900157,0,0,0
118900158,0,0,0
118900159,0,0,0
118900161,0,0,0
118900163,0,0,0
118900164,0,0,0
118900165,0,0,0
118900166,0,0,0
118900167,0,0,0
118900168,0,0,0
118900169,0,0,0
118900170,0,0,0
118900171,0,0,0
118900174,0,0,0
118900175,0,0,0
118900176,0,0,0
118900177,0,0,0
118900178,0,0,0
118900179,0,0,0
118900181,0,0,0
118900182,0,0,0
118900183,0,0,0
118900184,0,0,0
118900185,0,0,0
118900186,0,0,0
118900187,0,0,0
118900188,0,0,0
118900189,0,0,0
118900190,0,0,0
118900191,0,0,0
118900192,0,0,0
118900193,0,0,0
118900195,0,0,0
118900196,0,0,0
118900197,0,0,0
118900198,0,0,0
118900199,0,0,0
118900200,0,0,0
118900201,0,0,0
118900202,0,0,0
118900203,0,0,0
118900204,0,0,0
118900205,0,0,0
118900206,0,0,0
119000001,431,409,22
119000002,674,188,486
119000003,45,72,-27
119000004,21,77,-56
119000005,217,57,160
119000006,157,47,110
119000007,736,552,184
119000008,0,0,0
119000009,328,355,-27
119000010,0,0,0
119000011,496,334,162
119000012,30,71,-41
119000013,1442,545,897
119000014,12,53,-41
119000019,0,0,0
119000020,45,40,5
119000021,93,79,14
119000022,0,0,0
119000023,126,125,1
119000024,184,1219,-1035
119000025,22,71,-49
119000026,0,0,0
119000027,6,31,-25
119000028,78,81,-3
119000029,0,0,0
119000030,30,152,-122
119000031,1,5,-4
119000032,0,39,-39
119000033,360,78,282
119000034,2,1,1
119000035,0,6,-6
119000036,124,18,106
119000037,0,16,-16
119000038,0,8,-8
119000039,17,28,-11
119000040,2,292,-290
119000041,5,34,-29
119000048,316,105,211
119000049,23,57,-34
119000050,11,9,2
119000051,45,138,-93
119000052,2,2,0
119000053,68,160,-92
119000054,193,88,105
119000055,1456,102,1354
119000056,530,374,156
119000057,73,51,22
119000058,68,40,28
119000059,677,182,495
119000060,0,0,0
119000061,76,93,-17
119000062,0,0,0
119000063,59,48,11
119000064,27,68,-41
119000065,44,12,32
119000066,105,91,14
119000067,177,46,131
119000068,126,20,106
119000069,315,116,199
119000070,116,20,96
119000071,0,0,0
119000072,286,95,191
119000073,98,40,58
119000074,308,131,177
119000075,320,80,240
119000076,0,0,0
119000077,0,0,0
119000078,0,0,0
119000079,0,0,0
119000080,0,0,0
119000081,0,0,0
119000082,0,0,0
119000083,0,0,0
119000084,0,0,0
119000085,0,0,0
119000086,0,0,0
119000087,0,0,0
119000088,0,0,0
119000089,0,0,0
119000090,0,0,0
119000091,0,0,0
119000092,0,0,0
119000093,296,104,192
119000094,839,149,690
119000095,68,97,-29
119000097,103,115,-12
119000098,209,448,-239
119000099,523,73,450
119000100,434,282,152
119000101,0,0,0
119000102,0,0,0
119000103,28,28,0
119000104,0,0,0
119000105,66,50,16
119000106,0,0,0
119000107,135,117,18
119000108,0,0,0
119000109,0,0,0
119000110,0,0,0
119000111,0,0,0
119000112,0,0,0
119000113,0,0,0
119000114,9,34,-25
119000115,0,0,0
119000116,3,27,-24
119000117,0,0,0
119000118,0,0,0
119000123,0,0,0
119000124,105,17,88
119000125,307,29,278
119000126,285,55,230
119000127,0,0,0
119000128,0,0,0
119000131,0,0,0
119000132,0,0,0
119000133,0,0,0
119000134,177,220,-43
119000135,0,0,0
119000136,0,0,0
119000137,0,0,0
119000138,0,0,0
119000139,0,0,0
119000140,0,0,0
119000284,0,0,0
119000285,0,0,0
119000286,0,0,0
119000287,0,0,0
119000288,0,0,0
119000289,0,0,0
119000290,63,3,60
119000291,0,0,0
119000293,0,19,-19
119000294,145,66,79
119000295,0,0,0
119000296,0,0,0
119000297,0,0,0
119000299,0,0,0
119000302,0,0,0
119000303,0,15,-15
119000314,0,0,0
119000315,0,0,0
119000316,0,0,0
119000317,0,0,0
119900001,0,0,0
119900002,0,0,0
119900003,0,0,0
119900004,0,0,0
119900005,0,0,0
119900006,0,0,0
119900007,0,0,0
119900008,0,0,0
119900009,0,0,0
119900010,0,0,0
119900011,0,0,0
119900012,0,0,0
119900013,0,0,0
119900014,0,0,0
119900015,0,0,0
119900016,0,0,0
119900017,0,0,0
119900018,0,0,0
119900019,0,0,0
119900020,0,0,0
119900021,0,0,0
119900022,0,0,0
119900023,0,0,0
119900025,0,0,0
119900026,0,0,0
119900027,0,0,0
119900028,0,0,0
119900029,0,0,0
119900030,0,0,0
119900031,0,0,0
119900033,0,0,0
119900034,0,0,0
119900037,0,0,0
119900038,0,0,0
119900039,0,0,0
119900040,0,0,0
119900041,0,0,0
119900042,0,0,0
119900043,0,0,0
119900044,0,0,0
119900046,0,0,0
119900047,0,0,0
119900048,0,0,0
119900049,0,0,0
119900050,0,0,0
119900051,0,0,0
119900052,0,0,0
119900053,0,0,0
119900054,0,0,0
119900055,0,0,0
119900057,0,0,0
119900058,0,0,0
119900059,0,0,0
119900060,0,0,0
119900061,0,0,0
119900062,0,0,0
119900063,0,0,0
119900065,0,0,0
119900067,0,0,0
119900068,0,0,0
119900069,0,0,0
119900070,0,0,0
119900071,0,0,0
119900073,0,0,0
119900074,0,0,0
119900075,0,0,0
119900076,0,0,0
119900077,0,0,0
119900078,0,0,0
119900079,0,0,0
119900080,0,0,0
119900081,0,0,0
119900082,0,0,0
119900083,0,0,0
119900084,0,0,0
119900085,0,0,0
119900086,0,0,0
119900087,0,0,0
119900088,0,0,0
119900089,0,0,0
119900090,0,0,0
119900091,0,0,0
119900092,0,0,0
119900093,0,0,0
119900094,0,0,0
119900095,0,0,0
119900096,0,0,0
119900097,0,0,0
119900098,0,0,0
119900099,0,0,0
119900100,0,0,0
119900101,0,0,0
119900102,0,0,0
119900103,0,0,0
119900104,0,0,0
119900105,0,0,0
119900106,0,0,0
119900107,0,0,0
119900108,0,0,0
119900109,0,0,0
119900110,0,0,0
119900111,0,0,0
119900112,0,0,0
119900113,0,0,0
119900114,0,0,0
119900115,0,0,0
119900116,0,0,0
119900117,0,0,0
119900118,0,0,0
119900119,0,0,0
119900120,0,0,0
119900121,0,0,0
119900122,0,0,0
119900123,0,0,0
119900124,0,0,0
119900125,0,0,0
119900126,0,0,0
119900127,0,0,0
119900128,0,0,0
119900129,0,0,0
119900130,0,0,0
119900131,0,0,0
119900132,0,0,0
119900133,0,0,0
119900134,0,0,0
119900135,0,0,0
119900136,0,0,0
119900138,0,0,0
119900139,0,0,0
119900140,0,0,0
119900141,0,0,0
119900142,0,0,0
119900143,0,0,0
119900144,0,0,0
119900145,0,0,0
119900146,0,0,0
119900147,0,0,0
119900148,0,0,0
119900149,0,0,0
119900150,0,0,0
119900151,0,0,0
119900152,0,0,0
119900153,0,0,0
119900154,0,0,0
119900155,0,0,0
119900156,0,0,0
119900157,0,0,0
119900158,0,0,0
119900159,0,0,0
119900160,0,0,0
119900161,0,0,0
119900162,0,0,0
119900163,0,0,0
119900164,0,0,0
119900165,0,0,0
119900166,0,0,0
119900167,0,0,0
119900168,0,0,0
119900169,0,0,0
119900170,0,0,0
119900171,0,0,0
119900172,0,0,0
119900173,0,0,0
119900174,0,0,0
119900175,0,0,0
119900177,0,0,0
119900178,0,0,0
119900179,0,0,0
119900180,0,0,0
119900181,0,0,0
119900182,0,0,0
119900183,0,0,0
119900184,0,0,0
119900185,0,0,0
119900186,0,0,0
119900187,0,0,0
119900188,0,0,0
119900189,0,0,0
119900190,0,0,0
119900191,0,0,0
119900192,0,0,0
119900193,0,0,0
119900194,0,0,0
119900195,0,0,0
119900196,0,0,0
119900197,0,0,0
119900198,0,0,0
119900199,0,0,0
119900200,0,0,0
119900201,0,0,0
119900202,0,0,0
119900203,0,0,0
119900204,0,0,0
119900205,0,0,0
119900206,0,0,0
119900208,0,0,0
119900209,0,0,0
119900210,0,0,0
119900211,0,0,0
119900212,0,0,0
119900213,0,0,0
119900214,0,0,0
119900215,0,0,0
119900216,0,0,0
119900217,0,0,0
119900218,0,0,0
119900219,0,0,0
119900220,0,0,0
119900221,0,0,0
119900222,0,0,0
119900223,0,0,0
119900224,0,0,0
119900225,0,0,0
119900226,0,0,0
119900227,0,0,0
119900228,0,0,0
119900229,0,0,0
119900230,0,0,0
119900231,0,0,0
119900232,0,0,0
119900233,0,0,0
119900234,0,0,0
119900235,0,0,0
119900236,0,0,0
119900237,0,0,0
119900238,0,0,0
119900240,0,0,0
119900241,0,0,0
119900242,0,0,0
119900244,0,0,0
119900245,0,0,0
119900246,0,0,0
119900247,0,0,0
119900248,0,0,0
119900249,0,0,0
119900253,0,0,0
119900254,0,0,0
119900255,0,0,0
119900256,0,0,0
119900257,0,0,0
119900258,0,0,0
119900259,0,0,0
119900260,0,0,0
119900261,0,0,0
119900262,0,0,0
119900263,0,0,0
119900264,0,0,0
119900265,0,0,0
119900266,0,0,0
119900267,0,0,0
119900268,0,0,0
119900269,0,0,0
119900271,0,0,0
119900272,0,0,0
119900275,0,0,0
119900276,0,0,0
119900277,0,0,0
119900278,0,0,0
119900279,0,0,0
119900280,0,0,0
119900281,0,0,0
119900282,0,0,0
119900283,0,0,0
119900284,0,0,0
119900285,0,0,0
119900286,0,0,0
119900288,0,0,0
119900289,0,0,0
119900290,0,0,0
119900291,0,0,0
119900292,0,0,0
119900293,0,0,0
119900294,0,0,0
119900295,0,0,0
119900296,0,0,0
119900297,0,0,0
119900298,0,0,0
119900299,0,0,0
119900300,0,0,0
119900301,0,0,0
119900302,0,0,0
119900303,0,0,0
119900304,0,0,0
119900305,0,0,0
119900306,0,0,0
119900307,0,0,0
119900308,0,0,0
119900309,0,0,0
119900310,0,0,0
119900311,0,0,0
119900312,0,0,0
119900313,0,0,0
119900314,0,0,0
119900315,0,0,0
119900318,0,0,0
119900319,0,0,0
119900320,0,0,0
119900321,0,0,0
120000001,2064,2057,7
120000002,112,100,12
120000003,90,93,-3
120000004,63,190,-127
120000005,211,230,-19
120000006,64,70,-6
120000007,195,89,106
120000008,27,82,-55
120000009,13,14,-1
120000010,72,50,22
120000011,20,129,-109
120000012,41,251,-210
120000013,587,231,356
120000014,224,339,-115
120000015,935,462,473
120000016,2003,757,1246
120000017,628,420,208
120000018,1453,532,921
120000019,326,146,180
120000020,910,441,469
120000021,376,942,-566
120000022,2097,1176,921
120000023,424,334,90
120000024,261,303,-42
120000025,836,278,558
120000026,376,588,-212
120000027,508,723,-215
120000028,0,0,0
120000029,12,143,-131
120000030,8,138,-130
120000031,691,386,305
120000032,469,148,321
120000033,236,69,167
120000034,303,83,220
120000035,542,130,412
120000036,1100,823,277
120000037,332,643,-311
120000038,274,643,-369
120000039,1,62,-61
120000040,0,25,-25
120000041,12,17,-5
120000042,34,21,13
120000043,82,39,43
120000044,11,3,8
120000045,3,0,3
120000046,47,16,31
120000047,9,10,-1
120000048,630,248,382
120000049,569,254,315
120000050,94,212,-118
120000051,37,249,-212
120000052,0,0,0
120000053,120,28,92
120000054,127,23,104
120000055,75,7,68
120000056,356,254,102
120000057,308,92,216
120000058,44,77,-33
120000059,0,255,-255
120000061,0,6,-6
120000062,0,0,0
120000063,94,2,92
120000064,52,2,50
120000065,152,2,150
120000066,73,2,71
120000067,2,2,0
120000068,20,48,-28
120000069,88,64,24
120000070,12,8,4
120000071,324,117,207
120000072,415,224,191
120000073,209,151,58
120000074,65,61,4
120000075,557,83,474
120000076,841,121,720
120000077,327,195,132
120000078,580,394,186
120000079,0,0,0
120000080,0,0,0
120000081,0,0,0
120000082,0,0,0
120000083,0,0,0
120000084,24,7,17
120000085,3,0,3
120000086,54,29,25
120000087,3,11,-8
120000088,391,50,341
120000089,703,42,661
120000090,302,55,247
120000091,583,187,396
120000092,610,158,452
120000093,113,116,-3
120000094,98,377,-279
120000095,0,0,0
120000096,0,0,0
120000098,167,0,167
120000099,13,0,13
120000100,134,1,133
120000101,73,8,65
120000102,39,615,-576
120000103,627,687,-60
120000104,1074,88,986
120000105,1635,51,1584
120000106,1471,27,1444
120000107,1670,46,1624
120000108,897,18,879
120000109,298,27,271
120000110,0,38,-38
120000111,2,9,-7
120000112,2,17,-15
120000113,4,8,-4
120000114,27,5,22
120000115,1,9,-8
120000116,27,37,-10
120000117,0,0,0
120000118,0,0,0
120000119,3,71,-68
120000120,0,0,0
120000121,16,50,-34
120000122,87,20,67
120000123,321,216,105
120000124,214,107,107
120000125,6,3,3
120000126,96,145,-49
120000127,161,129,32
120000128,139,4,135
120000129,164,87,77
120000130,503,125,378
120000131,63,76,-13
120000134,0,0,0
120000135,0,0,0
120000137,0,0,0
120000138,0,0,0
120000139,0,0,0
120000140,0,0,0
120000141,0,0,0
120000142,0,0,0
120000143,0,0,0
120000144,0,0,0
120000145,0,0,0
120000146,462,714,-252
120000149,0,0,0
120000150,0,0,0
120000151,152,50,102
120000152,132,22,110
120000153,0,0,0
120000154,97,1,96
120000155,130,42,88
120000156,145,15,130
120000157,185,93,92
120000158,0,0,0
120000159,108,302,-194
120000160,543,235,308
120000161,299,120,179
120000162,13,197,-184
120000163,0,0,0
120000164,0,0,0
120000165,123,9,114
120000166,102,59,43
120000167,0,0,0
120000168,0,0,0
120000169,0,0,0
120000170,0,0,0
120000171,0,0,0
120000172,0,0,0
120000173,0,0,0
120000174,0,0,0
120000175,0,0,0
120000176,0,0,0
120000177,0,0,0
120000178,0,0,0
120000179,0,0,0
120000180,0,0,0
120000181,0,0,0
120000182,0,0,0
120000183,0,0,0
120000184,0,0,0
120000186,0,0,0
120000187,0,0,0
120000188,0,0,0
120000190,0,0,0
120000191,0,0,0
120000192,0,0,0
120000193,0,0,0
120000195,0,0,0
120000196,0,0,0
120000197,0,0,0
120000198,0,0,0
120000199,0,0,0
120000200,0,0,0
120000201,0,0,0
120000202,0,0,0
120000203,0,0,0
120000207,0,0,0
120000208,0,0,0
120000209,0,0,0
120000210,0,0,0
120000211,0,0,0
120000212,0,0,0
120000213,0,0,0
120000214,0,0,0
120000215,0,0,0
120000216,0,0,0
120000217,0,0,0
120000218,0,0,0
120000219,0,0,0
120000220,0,0,0
120000225,0,0,0
120000226,0,0,0
120000227,0,0,0
120000228,0,0,0
120000230,0,0,0
120000231,0,0,0
120000233,311,1,310
120000235,0,23,-23
120000236,822,36,786
120000237,0,0,0
120000238,0,0,0
120000241,570,430,140
120000412,0,0,0
120000413,0,0,0
120000414,0,0,0
120000415,0,0,0
120000416,0,0,0
120000417,0,0,0
120000418,0,0,0
120000419,0,0,0
120000420,34,1,33
120000421,503,406,97
120000422,0,0,0
120000423,0,0,0
120000424,0,0,0
120000436,154,44,110
120000437,0,0,0
120000438,0,0,0
120000439,324,130,194
120000443,0,0,0
120000444,540,110,430
120000445,336,267,69
120000446,224,24,200
120000447,471,0,471
120000449,0,0,0
120000450,0,0,0
120000451,47,71,-24
120000452,13,0,13
120000453,0,0,0
120000454,22,1,21
120000455,8,16,-8
120000456,2,161,-159
120000457,46,26,20
120000458,5,0,5
120000459,54,17,37
120000665,4,179,-175
120000668,1,70,-69
120000669,16,6,10
120000670,0,30,-30
120000671,155,59,96
120000672,0,4,-4
120900001,0,0,0
120900002,0,0,0
120900003,0,0,0
120900004,0,0,0
120900005,0,0,0
120900006,0,0,0
120900007,0,0,0
120900008,0,0,0
120900009,0,0,0
120900010,0,0,0
120900011,0,0,0
120900012,0,0,0
120900013,0,0,0
120900014,0,0,0
120900015,0,0,0
120900016,0,0,0
120900017,0,0,0
120900018,0,0,0
120900019,0,0,0
120900020,0,0,0
120900021,0,0,0
120900022,0,0,0
120900023,0,0,0
120900024,0,0,0
120900025,0,0,0
120900026,0,0,0
120900027,0,0,0
120900028,0,0,0
120900029,0,0,0
120900030,0,0,0
120900031,0,0,0
120900032,0,0,0
120900033,0,0,0
120900034,0,0,0
120900035,0,0,0
120900037,0,0,0
120900038,0,0,0
120900039,0,0,0
120900040,0,0,0
120900041,0,0,0
120900042,0,0,0
120900043,0,0,0
120900044,0,0,0
120900045,0,0,0
120900046,0,0,0
120900047,0,0,0
120900048,0,0,0
120900049,0,0,0
120900050,0,0,0
120900051,0,0,0
120900052,0,0,0
120900053,0,0,0
120900054,0,0,0
120900055,0,0,0
120900056,0,0,0
120900057,0,0,0
120900058,0,0,0
120900059,0,0,0
120900060,0,0,0
120900061,0,0,0
120900062,0,0,0
120900063,0,0,0
120900064,0,0,0
120900065,0,0,0
120900066,0,0,0
120900067,0,0,0
120900068,0,0,0
120900069,0,0,0
120900071,0,0,0
120900072,0,0,0
120900073,0,0,0
120900074,0,0,0
120900076,0,0,0
120900077,0,0,0
120900078,0,0,0
120900079,0,0,0
120900080,0,0,0
120900081,0,0,0
120900082,0,0,0
120900083,0,0,0
120900084,0,0,0
120900085,0,0,0
120900086,0,0,0
120900087,0,0,0
120900088,0,0,0
120900089,0,0,0
120900090,0,0,0
120900091,0,0,0
120900092,0,0,0
120900093,0,0,0
120900094,0,0,0
120900095,0,0,0
120900096,0,0,0
120900097,0,0,0
120900098,0,0,0
120900099,0,0,0
120900100,0,0,0
120900101,0,0,0
120900102,0,0,0
120900103,0,0,0
120900104,0,0,0
120900105,0,0,0
120900106,0,0,0
120900107,0,0,0
120900108,0,0,0
120900109,0,0,0
120900110,0,0,0
120900111,0,0,0
120900112,0,0,0
120900113,0,0,0
120900114,0,0,0
120900115,91,44,47
120900116,0,0,0
120900117,0,0,0
120900118,0,0,0
120900119,0,0,0
120900120,0,0,0
120900121,0,0,0
120900122,0,0,0
120900123,0,0,0
120900124,0,0,0
120900125,0,0,0
120900126,0,0,0
120900127,0,0,0
120900128,0,0,0
120900129,0,0,0
120900130,0,0,0
120900131,0,0,0
120900132,0,0,0
120900133,0,0,0
120900134,0,0,0
120900135,0,0,0
120900136,0,0,0
120900137,0,0,0
120900138,0,0,0
120900139,0,0,0
120900140,0,0,0
120900141,0,0,0
120900142,0,0,0
120900143,0,0,0
120900144,0,0,0
120900145,0,0,0
120900146,0,0,0
120900147,0,0,0
120900148,0,0,0
120900149,0,0,0
120900150,0,0,0
120900151,0,0,0
120900152,0,0,0
120900153,0,0,0
120900154,0,0,0
120900155,0,0,0
120900156,0,0,0
120900157,0,0,0
120900158,0,0,0
120900159,0,0,0
120900160,0,0,0
120900161,0,0,0
120900162,0,0,0
120900163,0,0,0
120900164,0,0,0
120900165,0,0,0
120900166,0,0,0
120900167,0,0,0
120900169,0,0,0
120900170,0,0,0
120900171,0,0,0
120900172,0,0,0
120900173,0,0,0
120900174,0,0,0
120900175,0,0,0
120900176,0,0,0
120900177,0,0,0
120900178,0,0,0
120900179,0,0,0
120900180,0,0,0
120900181,0,0,0
120900182,0,0,0
120900183,0,0,0
120900184,0,0,0
120900185,0,0,0
120900186,0,0,0
120900187,0,0,0
120900188,0,0,0
120900189,0,0,0
120900190,0,0,0
120900191,0,0,0
120900192,0,0,0
120900194,0,0,0
120900195,0,0,0
120900196,0,0,0
120900197,0,0,0
120900198,0,0,0
120900199,0,0,0
120900200,0,0,0
120900201,0,0,0
120900202,0,0,0
120900203,0,0,0
120900204,0,0,0
120900205,0,0,0
120900206,0,0,0
120900207,0,0,0
121000001,0,0,0
121000002,181,117,64
121000003,0,0,0
121000004,212,190,22
121000005,1,59,-58
121000006,110,269,-159
121000007,7,42,-35
121000008,412,392,20
121000009,40,69,-29
121000010,500,235,265
121000011,289,195,94
121000012,1225,516,709
121000013,389,360,29
121000014,1961,602,1359
121000015,524,933,-409
121000016,758,685,73
121000017,93,166,-73
121000018,182,185,-3
121000019,169,158,11
121000020,644,940,-296
121000021,30,22,8
121000022,57,289,-232
121000023,21,20,1
121000024,634,589,45
121000025,36,78,-42
121000026,44,98,-54
121000027,58,147,-89
121000028,9,67,-58
121000029,111,7,104
121000030,0,0,0
121000031,7,5,2
121000032,0,0,0
121000034,7,13,-6
121000035,0,0,0
121000036,5,34,-29
121000037,50,47,3
121000038,9,117,-108
121000039,0,0,0
121000041,0,0,0
121000042,1,30,-29
121000043,35,14,21
121000044,2,46,-44
121000045,2,22,-20
121000046,0,0,0
121000047,0,0,0
121000049,84,45,39
121000050,59,221,-162
121000051,2,22,-20
121000052,14,45,-31
121000053,5,4,1
121000054,0,0,0
121000055,0,0,0
121000056,329,292,37
121000057,0,0,0
121000058,0,0,0
121000059,14,19,-5
121000060,53,38,15
121000061,1,14,-13
121000062,0,21,-21
121000063,2,16,-14
121000064,24,7,17
121000065,15,16,-1
121000066,0,0,0
121000067,0,0,0
121000068,33,8,25
121000069,0,10,-10
121000070,83,143,-60
121000071,32,189,-157
121000072,30,28,2
121000073,29,174,-145
121000074,0,0,0
121000075,0,0,0
121000076,1,0,1
121000077,2,4,-2
121000078,0,0,0
121000080,86,55,31
121000081,190,207,-17
121000082,27,39,-12
121000083,7,8,-1
121000084,0,0,0
121000085,104,38,66
121000086,0,85,-85
121000087,1,126,-125
121000088,0,0,0
121000089,2,165,-163
121000090,0,0,0
121000091,542,92,450
121000092,21,14,7
121000093,6,54,-48
121000094,63,25,38
121000095,0,6,-6
121000096,0,0,0
121000097,0,0,0
121000098,19,28,-9
121000099,5,10,-5
121000100,0,0,0
121000101,2,27,-25
121000102,0,0,0
121000103,0,11,-11
121000104,0,0,0
121000105,0,0,0
121000106,2,7,-5
121000107,240,241,-1
121000109,97,274,-177
121000110,0,0,0
121000114,310,349,-39
121000115,0,0,0
121000116,0,0,0
121000117,39,3,36
121000118,1,0,1
121000119,0,0,0
121000120,1,55,-54
121000121,2,6,-4
121000123,0,1,-1
121000127,0,0,0
121000128,0,0,0
121000129,0,0,0
121000130,7,13,-6
121000131,0,0,0
121000132,20,38,-18
121000135,0,0,0
121000136,68,118,-50
121000137,0,0,0
121000138,7,39,-32
121000139,0,0,0
121000141,0,0,0
121000142,0,0,0
121000143,0,0,0
121000144,0,0,0
121000145,0,0,0
121000146,43,4,39
121000147,5,80,-75
121000148,0,0,0
121000149,132,281,-149
121000152,2,20,-18
121000153,92,10,82
121000154,102,7,95
121000155,114,72,42
121000156,81,42,39
121000157,34,18,16
121000158,104,33,71
121000159,34,20,14
121000160,6,3,3
121000161,0,0,0
121000162,0,0,0
121000165,98,669,-571
121000166,3,22,-19
121000168,7,76,-69
121000169,5,5,0
121000170,56,42,14
121000171,17,37,-20
121000172,25,48,-23
121000173,0,5,-5
121000174,0,10,-10
121000175,8,4,4
121000176,7,11,-4
121000177,5,0,5
121000178,0,0,0
121000179,9,11,-2
121000181,25,113,-88
121000182,34,88,-54
121000183,13,41,-28
121000184,3,33,-30
121000185,0,22,-22
121000186,0,2,-2
121000187,0,0,0
121000188,0,0,0
121000192,14,2,12
121000193,0,0,0
121000194,34,148,-114
121000195,0,0,0
121000196,0,0,0
121000197,1,1,0
121000198,0,0,0
121000199,4,0,4
121000200,0,0,0
121000201,0,0,0
121000202,0,0,0
121000203,0,0,0
121000204,0,0,0
121000205,12,21,-9
121000206,0,0,0
121000207,0,0,0
121000208,0,0,0
121000209,62,5,57
121000210,0,0,0
121000211,0,2,-2
121000212,0,0,0
121000213,50,126,-76
121000214,14,145,-131
121000215,68,88,-20
121000216,75,47,28
121000217,507,138,369
121000218,4,21,-17
121000219,162,114,48
121000220,0,0,0
121000221,7,75,-68
121000222,8,96,-88
121000223,0,0,0
121000224,0,0,0
121000225,7,25,-18
121000226,14,164,-150
121000227,0,0,0
121000228,0,0,0
121000229,0,0,0
121000230,0,0,0
121000231,149,1,148
121000232,0,0,0
121000233,153,5,148
121000234,2,1,1
121000235,1,14,-13
121000236,0,4,-4
121000237,20,0,20
121000238,0,1,-1
121000239,2,0,2
121000240,0,7,-7
121000241,36,0,36
121000242,0,16,-16
121000243,43,0,43
121000244,0,0,0
121000245,1,1,0
121000246,0,1,-1
121000247,29,0,29
121000248,21,10,11
121000249,0,0,0
121000250,25,104,-79
121000251,0,0,0
121000252,3,45,-42
121000253,0,0,0
121000254,124,9,115
121000255,0,0,0
121000256,21,32,-11
121000257,0,0,0
121000258,30,37,-7
121000259,0,0,0
121000260,0,0,0
121000261,2,43,-41
121000262,0,0,0
121000263,16,49,-33
121000271,0,0,0
121000273,0,0,0
121000274,1,18,-17
121000275,0,0,0
121000276,0,3,-3
121000278,42,4,38
121000279,0,0,0
121000280,8,27,-19
121000289,11,1,10
121000290,47,43,4
121000294,0,0,0
121000297,74,45,29
121000299,0,0,0
121000300,0,0,0
121000302,0,89,-89
121000303,17,1,16
121000304,164,86,78
121000305,65,83,-18
121000306,45,80,-35
121000308,0,0,0
121000309,0,0,0
121000310,0,0,0
121000311,0,0,0
121000312,68,45,23
121000313,0,0,0
121000314,0,0,0
121000315,0,0,0
121000530,198,141,57
121000531,390,158,232
121000532,896,266,630
121000533,3455,1036,2419
121000918,0,0,0
121000919,0,0,0
121000938,0,0,0
121000939,16,30,-14
121000956,0,0,0
121000957,0,0,0
121000958,1,1,0
121000959,36,17,19
121000960,21,53,-32
121000961,102,0,102
121000962,1,21,-20
121000973,0,0,0
121000976,0,0,0
121000979,0,0,0
121000981,47,3,44
121000982,0,0,0
121000983,1,0,1
121000984,0,0,0
121000985,0,0,0
121000986,0,0,0
121000987,0,0,0
121000988,179,16,163
121001302,0,0,0
121001308,0,0,0
121001309,0,0,0
121001311,0,0,0
121001313,0,0,0
121001314,0,0,0
121001315,1319,94,1225
121001326,0,0,0
121900001,1,42,-41
121900002,0,0,0
121900003,0,0,0
121900004,0,0,0
121900005,0,0,0
121900006,0,0,0
121900007,0,0,0
121900008,0,0,0
121900009,0,0,0
121900010,0,0,0
121900011,1,1,0
121900012,0,0,0
121900013,0,0,0
121900014,0,0,0
121900015,0,0,0
121900016,0,0,0
121900017,0,0,0
121900018,0,0,0
121900019,0,0,0
121900020,0,0,0
121900021,0,0,0
121900022,0,0,0
121900023,0,0,0
121900024,0,0,0
121900025,0,0,0
121900026,0,0,0
121900027,0,0,0
121900028,0,0,0
121900029,0,0,0
121900030,0,0,0
121900031,0,0,0
121900032,0,0,0
121900033,0,0,0
121900034,0,0,0
121900035,0,0,0
121900036,0,0,0
121900037,0,0,0
121900038,0,0,0
121900039,0,0,0
121900040,0,0,0
121900041,0,0,0
121900042,0,0,0
121900043,0,0,0
121900044,0,0,0
121900046,0,0,0
121900047,0,0,0
121900048,0,0,0
121900050,0,0,0
121900051,0,0,0
121900052,0,0,0
121900053,0,0,0
121900054,0,0,0
121900055,0,0,0
121900058,0,0,0
121900059,0,0,0
121900060,0,0,0
121900061,0,0,0
121900062,0,0,0
121900063,0,0,0
121900064,0,0,0
121900066,0,0,0
121900067,0,0,0
121900069,0,0,0
121900070,0,0,0
121900071,0,0,0
121900072,0,0,0
121900073,0,0,0
121900074,0,0,0
121900075,0,0,0
121900076,0,0,0
121900077,0,0,0
121900078,0,0,0
121900079,0,0,0
121900080,0,0,0
121900082,0,0,0
121900084,0,0,0
121900085,0,0,0
121900086,0,0,0
121900087,0,0,0
121900088,0,0,0
121900089,0,0,0
121900090,0,0,0
121900091,0,0,0
121900092,0,0,0
121900093,0,0,0
121900094,0,0,0
121900095,0,0,0
121900096,0,0,0
121900097,0,0,0
121900098,0,0,0
121900099,0,0,0
121900100,0,0,0
121900101,0,0,0
121900102,0,0,0
121900103,0,0,0
121900104,0,0,0
121900105,0,0,0
121900106,0,0,0
121900107,0,0,0
121900108,0,0,0
121900109,0,0,0
121900110,0,0,0
121900111,0,0,0
121900112,0,0,0
121900113,0,0,0
121900114,0,0,0
121900117,0,0,0
121900118,0,0,0
121900119,0,0,0
121900120,0,0,0
121900121,0,0,0
121900122,0,0,0
121900123,0,0,0
121900124,0,0,0
121900125,0,0,0
121900127,0,0,0
121900128,0,0,0
121900129,0,0,0
121900130,0,0,0
121900131,0,0,0
121900132,0,0,0
121900133,0,0,0
121900134,0,0,0
121900135,0,0,0
121900136,0,0,0
121900137,0,0,0
121900138,0,0,0
121900139,0,0,0
121900140,0,0,0
121900141,0,0,0
121900142,0,0,0
121900143,0,0,0
121900144,0,0,0
121900145,0,0,0
121900146,0,0,0
121900147,0,0,0
121900148,0,0,0
121900149,0,0,0
121900150,0,0,0
121900151,0,0,0
121900152,0,0,0
121900153,0,0,0
121900154,0,0,0
121900155,0,0,0
121900156,0,0,0
121900157,0,0,0
121900158,0,0,0
121900159,0,0,0
121900160,0,0,0
121900161,0,0,0
121900162,0,0,0
121900163,0,0,0
121900164,0,0,0
121900165,0,0,0
121900166,0,0,0
121900167,0,0,0
121900168,0,0,0
121900169,0,0,0
121900170,0,0,0
121900171,0,0,0
121900172,0,0,0
121900173,0,0,0
121900174,0,0,0
121900175,0,0,0
121900176,0,0,0
121900177,0,0,0
121900178,0,0,0
121900179,0,0,0
121900180,0,0,0
121900182,0,0,0
121900183,0,0,0
121900184,0,0,0
121900186,0,0,0
121900187,0,0,0
121900188,0,0,0
121900189,0,0,0
121900190,0,0,0
121900191,0,0,0
121900192,0,0,0
121900193,0,0,0
121900194,0,0,0
121900195,0,0,0
121900196,0,0,0
121900197,0,0,0
121900198,0,0,0
121900199,0,0,0
121900200,0,0,0
121900201,0,0,0
121900202,0,0,0
121900203,0,0,0
121900204,0,0,0
121900205,0,0,0
121900206,0,0,0
121900207,0,0,0
121900208,0,0,0
121900209,0,0,0
121900210,0,0,0
121900211,0,0,0
121900212,0,0,0
121900213,0,0,0
121900214,0,0,0
121900215,0,0,0
121900216,0,0,0
121900217,0,0,0
121900218,0,0,0
121900220,0,0,0
121900221,0,0,0
121900222,0,0,0
121900223,0,0,0
121900224,0,0,0
121900225,0,0,0
121900226,0,0,0
121900227,0,0,0
121900228,0,0,0
121900230,0,0,0
121900231,0,0,0
121900232,0,0,0
121900233,0,0,0
121900234,0,0,0
121900235,0,0,0
121900236,0,0,0
121900237,0,0,0
121900238,0,0,0
121900239,0,0,0
121900240,0,0,0
121900241,0,0,0
121900242,0,0,0
121900243,0,0,0
121900244,0,0,0
121900245,0,0,0
121900246,0,0,0
121900248,0,0,0
121900250,0,0,0
121900251,0,0,0
121900252,0,0,0
121900253,0,0,0
121900254,0,0,0
121900255,0,0,0
121900258,0,0,0
121900259,0,0,0
121900260,0,0,0
121900261,0,0,0
121900262,0,0,0
121900263,0,0,0
121900264,0,0,0
121900265,0,0,0
121900266,0,0,0
121900267,0,0,0
121900269,0,0,0
121900270,0,0,0
121900271,0,0,0
121900273,0,0,0
121900274,0,0,0
121900277,0,0,0
121900278,0,0,0
121900279,0,0,0
121900280,0,0,0
121900281,0,0,0
121900284,0,0,0
121900286,0,0,0
121900287,0,0,0
121900288,0,0,0
121900290,0,0,0
121900291,0,0,0
121900292,0,0,0
121900293,0,0,0
121900294,0,0,0
121900295,0,0,0
121900296,0,0,0
121900298,0,0,0
121900299,0,0,0
121900300,0,0,0
121900301,0,0,0
121900302,0,0,0
121900303,0,0,0
121900304,0,0,0
121900305,0,0,0
121900306,0,0,0
121900307,0,0,0
121900308,0,0,0
121900309,0,0,0
121900310,0,0,0
121900311,0,0,0
121900312,0,0,0
121900313,0,0,0
121900314,0,0,0
121900315,0,0,0
121900316,0,0,0
121900317,0,0,0
121900318,0,0,0
121900319,0,0,0
121900320,0,0,0
121900321,0,0,0
121900322,0,0,0
121900323,0,0,0
121900324,0,0,0
121900325,0,0,0
121900326,0,0,0
121900327,0,0,0
121900328,0,0,0
121900329,0,0,0
121900330,0,0,0
121900331,0,0,0
121900332,0,0,0
121900333,0,0,0
121900334,0,0,0
122000001,85,109,-24
122000002,98,46,52
122000003,50,103,-53
122000004,113,67,46
122000005,296,660,-364
122000006,54,202,-148
122000007,40,183,-143
122000008,87,238,-151
122000009,14,45,-31
122000010,660,227,433
122000011,233,131,102
122000012,107,84,23
122000013,4,26,-22
122000014,0,3,-3
122000015,22,57,-35
122000016,7,70,-63
122000017,0,0,0
122000018,0,0,0
122000019,0,0,0
122000020,0,0,0
122000021,0,0,0
122000022,70,21,49
122000023,13,16,-3
122000024,272,152,120
122000025,26,163,-137
122000026,321,300,21
122000027,0,0,0
122000028,111,9,102
122000029,18,9,9
122000030,0,0,0
122000031,0,3,-3
122000032,62,49,13
122000033,98,204,-106
122000034,0,0,0
122000035,0,0,0
122000036,0,0,0
122000037,0,1,-1
122000038,13,6,7
122000039,0,0,0
122000040,0,0,0
122000041,0,5,-5
122000042,0,1,-1
122000043,1,0,1
122000044,0,2,-2
122000045,121,32,89
122000046,66,28,38
122000047,0,0,0
122000048,294,504,-210
122000049,440,165,275
122000050,40,17,23
122000051,2,7,-5
122000052,1,15,-14
122000053,36,549,-513
122000054,43,115,-72
122000055,346,588,-242
122000056,230,100,130
122000057,88,227,-139
122000058,69,74,-5
122000059,113,75,38
122000060,0,0,0
122000061,0,0,0
122000062,56,21,35
122000063,0,7,-7
122000064,42,92,-50
122000065,135,229,-94
122000066,94,94,0
122000067,122,440,-318
122000068,69,281,-212
122000069,14,53,-39
122000070,222,57,165
122000071,30,71,-41
122000072,0,0,0
122000073,0,0,0
122000074,66,90,-24
122000075,35,55,-20
122000076,77,113,-36
122000077,0,0,0
122000078,423,252,171
122000079,0,63,-63
122000080,0,1,-1
122000081,0,0,0
122000082,90,82,8
122000083,0,0,0
122000084,0,0,0
122000085,0,17,-17
122000086,21,312,-291
122000087,5,21,-16
122000088,0,0,0
122000089,86,248,-162
122000090,0,0,0
122000091,0,0,0
122000092,0,0,0
122000093,187,484,-297
122000094,325,281,44
122000095,14,60,-46
122000096,1,211,-210
122000098,272,418,-146
122000099,8,15,-7
122000100,8,2,6
122000101,0,1,-1
122000102,0,0,0
122000103,0,0,0
122000104,8,0,8
122000105,3,2,1
122000106,2,4,-2
122000107,6,31,-25
122000108,0,0,0
122000109,2,2,0
122000110,0,0,0
122000111,380,115,265
122000112,54,80,-26
122000113,24,18,6
122000114,257,605,-348
122000115,412,347,65
122000116,10,92,-82
122000117,95,0,95
122000118,42,32,10
122000119,0,0,0
122000120,0,0,0
122000121,46,12,34
122000122,9,9,0
122000123,69,66,3
122000124,7,78,-71
122000125,13,76,-63
122000126,3,28,-25
122000127,16,36,-20
122000128,1,4,-3
122000129,48,1,47
122000130,102,50,52
122000131,13,12,1
122000132,0,0,0
122000133,0,0,0
122000134,39,40,-1
122000135,21,23,-2
122000136,28,33,-5
122000137,17,22,-5
122000139,0,68,-68
122000140,0,0,0
122000141,5,2,3
122000142,0,0,0
122000143,0,0,0
122000144,28,14,14
122000145,2,0,2
122000146,34,42,-8
122000147,9,39,-30
122000148,222,157,65
122000149,116,25,91
122000150,124,67,57
122000151,0,0,0
122000152,0,0,0
122000153,69,136,-67
122000154,104,19,85
122000155,118,91,27
122000156,291,378,-87
122000157,178,250,-72
122000158,0,0,0
122000159,38,23,15
122000160,156,87,69
122000161,66,33,33
122000162,108,31,77
122000163,0,0,0
122000164,0,0,0
122000165,0,0,0
122000166,68,35,33
122000167,0,0,0
122000168,0,1,-1
122000169,0,0,0
122000170,0,0,0
122000171,0,0,0
122000172,0,0,0
122000173,0,0,0
122000174,328,355,-27
122000175,0,0,0
122000176,0,1,-1
122000177,289,388,-99
122000178,416,98,318
122000179,0,0,0
122000180,168,294,-126
122000181,505,413,92
122000182,76,57,19
122000183,25,3,22
122000184,451,346,105
122000185,87,152,-65
122000186,0,0,0
122000187,102,40,62
122000188,0,0,0
122000189,27,18,9
122000190,151,62,89
122000191,21,5,16
122000192,0,0,0
122000193,0,0,0
122000194,0,0,0
122000195,0,0,0
122000196,0,0,0
122000197,3,6,-3
122000198,0,0,0
122000199,11,63,-52
122000200,37,54,-17
122000201,254,152,102
122000202,135,147,-12
122000203,0,0,0
122000204,0,0,0
122000205,0,0,0
122000206,170,41,129
122000207,102,36,66
122000208,128,35,93
122000209,198,42,156
122000210,15,8,7
122000211,6,23,-17
122000212,39,33,6
122000213,65,101,-36
122000214,155,142,13
122000215,69,108,-39
122000217,2,28,-26
122000218,55,24,31
122000219,35,56,-21
122000220,20,29,-9
122000221,0,0,0
122000222,25,1,24
122000223,43,37,6
122000225,91,13,78
122000226,7,21,-14
122000227,0,4,-4
122000228,0,10,-10
122000229,0,0,0
122000230,0,1,-1
122000231,0,38,-38
122000232,0,5,-5
122000233,0,0,0
122000234,4,0,4
122000235,24,3,21
122000236,16,1,15
122000237,0,0,0
122000238,11,13,-2
122000239,20,1,19
122000240,44,0,44
122000241,62,40,22
122000242,0,0,0
122000243,0,0,0
122000244,0,0,0
122000245,0,1,-1
122000246,32,62,-30
122000247,13,1,12
122000248,10,17,-7
122000249,129,104,25
122000250,177,59,118
122000251,0,0,0
122000252,9,1,8
122000253,0,0,0
122000254,4,0,4
122000255,0,0,0
122000256,8,37,-29
122000257,6,18,-12
122000258,21,22,-1
122000259,0,0,0
122000260,0,0,0
122000261,0,2,-2
122000262,0,0,0
122000263,0,0,0
122000264,149,18,131
122000265,157,19,138
122000266,161,3,158
122000267,0,0,0
122000268,0,0,0
122000269,0,0,0
122000270,0,0,0
122000271,0,0,0
122000272,0,0,0
122000273,0,0,0
122000274,0,0,0
122000275,0,0,0
122000276,43,87,-44
122000277,131,138,-7
122000278,108,55,53
122000279,5,16,-11
122000280,6,10,-4
122000281,4,5,-1
122000282,20,23,-3
122000283,0,0,0
122000284,0,0,0
122000285,0,0,0
122000286,0,0,0
122000287,441,113,328
122000288,53,6,47
122000291,745,16,729
122000293,0,0,0
122000294,99,4,95
122000295,147,2,145
122000296,26,88,-62
122000297,686,354,332
122000299,90,13,77
122000300,0,13,-13
122000301,51,39,12
122000302,5,5,0
122000303,28,110,-82
122000304,0,0,0
122000305,357,111,246
122000306,0,41,-41
122000307,0,0,0
122000309,0,0,0
122000310,0,0,0
122000311,0,0,0
122000312,3,78,-75
122000313,8,59,-51
122000314,47,50,-3
122000315,0,0,0
122000316,9,9,0
122000317,63,9,54
122000318,27,64,-37
122000319,9,7,2
122000320,0,0,0
122000321,0,0,0
122000322,39,65,-26
122000323,64,44,20
122000324,0,0,0
122000325,72,151,-79
122000326,2,0,2
122000327,2,9,-7
122000328,0,0,0
122000330,62,136,-74
122000332,0,0,0
122000333,0,0,0
122000337,21,30,-9
122000338,4,2,2
122000340,0,0,0
122000342,12,22,-10
122000343,1,5,-4
122000344,27,0,27
122000345,1,0,1
122000346,0,0,0
122000348,31,15,16
122000349,0,0,0
122000351,6,0,6
122000352,0,0,0
122000353,0,0,0
122000355,0,0,0
122000356,17,14,3
122000357,0,2,-2
122000358,0,0,0
122000359,0,0,0
122000360,0,0,0
122000362,0,0,0
122000364,0,0,0
122000365,0,0,0
122000366,0,0,0
122000368,0,0,0
122000370,0,0,0
122000371,0,0,0
122000372,0,0,0
122000381,0,0,0
122000382,0,0,0
122000384,0,0,0
122000385,0,0,0
122000386,1,117,-116
122000387,0,0,0
122000388,31,35,-4
122000389,0,0,0
122000390,7,40,-33
122000391,0,0,0
122000392,0,0,0
122000393,0,0,0
122000394,0,0,0
122000395,0,0,0
122000396,0,0,0
122000397,0,0,0
122000398,18,50,-32
122000399,0,0,0
122000400,8,61,-53
122000401,0,0,0
122000402,51,13,38
122000403,0,0,0
122000404,115,10,105
122000408,206,236,-30
122000503,0,0,0
122000524,0,0,0
122000544,0,0,0
122000616,0,0,0
122000640,0,0,0
122000641,0,0,0
122000642,0,0,0
122000643,26,11,15
122000644,0,0,0
122000645,0,0,0
122000651,7,21,-14
122000664,8,37,-29
122000665,0,0,0
122000666,50,68,-18
122000673,0,0,0
122000674,32,16,16
122000675,44,25,19
122000686,90,16,74
122000687,37,5,32
122000688,69,29,40
122000689,128,15,113
122000690,298,3,295
122000691,354,63,291
122000692,24,2,22
122000693,9,17,-8
122000695,0,0,0
122000696,78,4,74
122000698,0,0,0
122000699,18,2,16
122000701,87,26,61
122000702,62,46,16
122000703,16,9,7
122000712,0,0,0
122000717,0,0,0
122000718,64,129,-65
122000719,1,6,-5
122000720,47,6,41
122000724,0,0,0
122900001,0,0,0
122900002,0,0,0
122900003,0,0,0
122900004,0,0,0
122900005,0,0,0
122900006,0,0,0
122900007,0,0,0
122900008,0,0,0
122900009,0,0,0
122900010,0,0,0
122900012,0,0,0
122900014,0,0,0
122900015,0,0,0
122900016,0,0,0
122900017,0,0,0
122900018,0,0,0
122900019,0,0,0
122900020,0,0,0
122900021,0,0,0
122900022,0,0,0
122900023,0,0,0
122900024,0,0,0
122900025,0,0,0
122900026,0,0,0
122900027,0,0,0
122900028,0,0,0
122900029,0,0,0
122900030,0,0,0
122900031,0,0,0
122900032,0,0,0
122900033,0,0,0
122900034,0,0,0
122900035,0,0,0
122900036,0,0,0
122900037,0,0,0
122900038,0,0,0
122900039,0,0,0
122900040,0,0,0
122900041,0,0,0
122900042,0,0,0
122900043,0,0,0
122900044,0,0,0
122900045,0,0,0
122900046,0,0,0
122900047,0,0,0
122900048,0,0,0
122900049,0,0,0
122900051,0,0,0
122900052,0,0,0
122900053,1,0,1
122900055,0,0,0
122900057,0,0,0
122900061,0,0,0
122900062,0,0,0
122900063,0,0,0
122900064,0,0,0
122900065,0,0,0
122900066,0,0,0
122900067,0,0,0
122900069,0,0,0
122900070,0,0,0
122900071,0,0,0
122900072,0,0,0
122900073,0,0,0
122900074,0,0,0
122900075,0,0,0
122900076,0,0,0
122900077,0,0,0
122900078,0,0,0
122900080,0,0,0
122900081,0,0,0
122900082,0,0,0
122900083,0,0,0
122900084,0,0,0
122900086,0,0,0
122900087,0,0,0
122900088,0,0,0
122900089,0,0,0
122900090,0,0,0
122900091,0,0,0
122900092,0,0,0
122900093,0,0,0
122900094,0,0,0
122900095,0,0,0
122900096,0,0,0
122900097,0,0,0
122900098,0,0,0
122900099,0,0,0
122900100,0,0,0
122900101,0,0,0
122900102,0,0,0
122900103,0,0,0
122900104,0,0,0
122900105,0,0,0
122900106,0,0,0
122900107,0,0,0
122900108,0,0,0
123000001,112,36,76
123000002,196,1168,-972
123000003,711,259,452
123000004,95,391,-296
123000005,808,373,435
123000006,229,362,-133
123000007,686,314,372
123000008,45,119,-74
123000009,2080,1647,433
123000010,111,242,-131
123000011,643,723,-80
123000012,32,146,-114
123000013,773,244,529
123000014,14,118,-104
123000015,1309,289,1020
123000016,25,159,-134
123000017,663,276,387
123000018,112,1,111
123000019,152,0,152
123000020,63,0,63
123000021,83,0,83
123000022,291,27,264
123000023,116,59,57
123000024,56,55,1
123000025,11,3,8
123000026,0,0,0
123000027,0,0,0
123000028,4,148,-144
123000029,0,0,0
123000030,0,0,0
123000031,18,13,5
123000032,7,8,-1
123000033,4,17,-13
123000034,93,18,75
123000035,50,113,-63
123000036,14,383,-369
123000037,0,0,0
123000038,0,0,0
123000039,0,0,0
123000040,0,0,0
123000041,9,456,-447
123000042,0,0,0
123000043,124,148,-24
123000044,48,38,10
123000045,0,0,0
123000046,0,0,0
123000047,0,0,0
123000048,2,187,-185
123000049,2923,1029,1894
123000050,95,136,-41
123000051,0,2,-2
123000052,202,294,-92
123000053,686,325,361
123000054,135,349,-214
123000055,485,605,-120
123000056,6,43,-37
123000057,69,100,-31
123000058,0,0,0
123000059,0,0,0
123000060,0,0,0
123000061,0,3,-3
123000063,44,14,30
123000064,9,2,7
123000065,8,30,-22
123000066,1,13,-12
123000067,0,7,-7
123000068,27,124,-97
123000069,63,118,-55
123000070,0,0,0
123000071,85,23,62
123000072,0,0,0
123000073,137,45,92
123000074,0,0,0
123000075,19,87,-68
123000076,0,0,0
123000077,1,0,1
123000078,265,118,147
123000079,410,197,213
123000080,3,1,2
123000081,0,0,0
123000082,0,0,0
123000083,14,2,12
123000084,0,0,0
123000085,0,0,0
123000086,0,0,0
123000087,0,0,0
123000088,0,0,0
123000089,188,101,87
123000090,0,0,0
123000091,212,41,171
123000092,0,0,0
123000094,4,2,2
123000095,17,43,-26
123000096,45,19,26
123000097,0,0,0
123000098,74,20,54
123000099,0,0,0
123000100,0,0,0
123000101,89,20,69
123000102,87,78,9
123000104,0,0,0
123000105,0,0,0
123000106,0,0,0
123000107,0,0,0
123000108,0,0,0
123000111,5,11,-6
123000112,16,2,14
123000113,0,0,0
123000114,2,33,-31
123000115,15,15,0
123000116,0,0,0
123000117,2,10,-8
123000118,0,3,-3
123000119,2,8,-6
123000120,1,16,-15
123000121,0,0,0
123000122,0,0,0
123000123,0,0,0
123000124,0,0,0
123000125,83,101,-18
123000126,260,240,20
123000127,0,0,0
123000128,0,0,0
123000129,265,13,252
123000130,90,2,88
123000131,91,9,82
123000132,0,0,0
123000133,0,0,0
123000134,0,0,0
123000135,45,30,15
123000136,0,0,0
123000137,0,0,0
123000138,0,0,0
123000139,77,9,68
123000140,0,0,0
123000141,53,0,53
123000142,0,0,0
123000143,0,0,0
123000144,0,0,0
123000145,0,0,0
123000146,0,0,0
123000147,0,0,0
123000149,15,51,-36
123000150,25,10,15
123000151,33,36,-3
123000152,0,0,0
123000153,10,24,-14
123000154,34,46,-12
123000155,15,14,1
123000156,0,0,0
123000157,29,8,21
123000158,77,55,22
123000159,64,105,-41
123000160,23,67,-44
123000161,122,24,98
123000162,173,108,65
123000163,60,4,56
123000164,275,11,264
123000165,0,0,0
123000166,0,0,0
123000167,20,1,19
123000168,24,0,24
123000169,103,19,84
123000170,1,0,1
123000171,238,0,238
123000172,0,0,0
123000173,81,53,28
123000174,143,16,127
123000175,0,0,0
123000176,112,5,107
123000177,0,0,0
123000178,157,12,145
123000179,0,0,0
123000180,453,60,393
123000181,0,0,0
123000182,0,0,0
123000183,62,24,38
123000184,0,0,0
123000185,206,7,199
123000186,0,0,0
123000187,392,7,385
123000188,337,0,337
123000189,200,1,199
123000190,68,0,68
123000192,0,0,0
123000193,0,0,0
123000194,0,0,0
123000195,297,5,292
123000196,310,1,309
123000197,82,0,82
123000198,0,0,0
123000199,0,0,0
123000200,283,22,261
123000201,359,10,349
123000202,0,0,0
123000203,508,16,492
123000204,0,0,0
123000205,0,0,0
123000206,562,12,550
123000207,0,0,0
123000208,113,5,108
123000209,267,16,251
123000210,0,0,0
123000211,0,0,0
123000212,514,13,501
123000213,227,0,227
123000215,129,132,-3
123000216,31,119,-88
123000217,65,1,64
123000218,0,0,0
123000219,55,8,47
123000220,139,9,130
123000221,6,1,5
123000222,5,13,-8
123000223,40,9,31
123000224,58,54,4
123000225,8,2,6
123000226,71,0,71
123000227,1,10,-9
123000228,37,0,37
123000229,0,0,0
123000232,0,0,0
123000233,185,7,178
123000234,0,0,0
123000235,142,45,97
123000236,0,0,0
123000237,56,8,48
123000238,0,0,0
123000239,0,0,0
123000240,0,0,0
123000241,13,27,-14
123000242,0,0,0
123000243,5,79,-74
123000244,17,48,-31
123000245,0,0,0
123000249,0,0,0
123000252,179,100,79
123000253,319,137,182
123000254,6,36,-30
123000255,72,141,-69
123000256,0,0,0
123000257,0,0,0
123000258,0,0,0
123000259,28,3,25
123000260,3,23,-20
123000261,0,0,0
123000262,0,0,0
123000263,93,2,91
123000264,29,2,27
123000265,0,0,0
123000266,34,8,26
123000267,30,119,-89
123000268,0,0,0
123000269,3,24,-21
123000270,2,2,0
123000271,0,0,0
123000272,233,54,179
123000273,55,414,-359
123000274,216,103,113
123000275,0,0,0
123000278,0,14,-14
123000279,12,20,-8
123000280,24,1,23
123000281,78,1,77
123000282,0,0,0
123000283,0,4,-4
123000284,0,0,0
123000286,0,1,-1
123000287,32,25,7
123000288,156,109,47
123000289,64,54,10
123000291,0,0,0
123000294,0,0,0
123000295,313,177,136
123000296,99,148,-49
123000297,0,0,0
123000298,8,24,-16
123000299,6,72,-66
123000300,47,45,2
123000301,0,0,0
123000302,103,8,95
123000303,4,116,-112
123000305,0,0,0
123000306,0,0,0
123000309,0,0,0
123000310,33,0,33
123000311,0,0,0
123000312,0,0,0
123000313,116,11,105
123000315,133,13,120
123000316,561,5,556
123000317,0,0,0
123000318,0,0,0
123000329,0,0,0
123000337,48,9,39
123000338,0,5,-5
123000339,0,0,0
123000340,16,17,-1
123000342,0,0,0
123000343,7,0,7
123000344,22,0,22
123000345,0,0,0
123000346,81,50,31
123000352,0,0,0
123000353,0,0,0
123000354,303,1,302
123000355,0,0,0
123000356,70,0,70
123000357,0,0,0
123000359,0,0,0
123000360,142,22,120
123000361,0,0,0
123000362,111,4,107
123000363,45,0,45
123000364,11,10,1
123000365,0,0,0
123000366,1,65,-64
123000367,0,6,-6
123000370,0,0,0
123000371,74,5,69
123000372,92,11,81
123000373,0,0,0
123000374,0,0,0
123000375,122,3,119
123000376,71,43,28
123000377,81,1,80
123000378,0,0,0
123000379,0,0,0
123000380,0,0,0
123000381,28,18,10
123000382,107,3,104
123000383,0,0,0
123000384,55,1,54
123000385,0,0,0
123000436,6,416,-410
123000507,2,25,-23
123000508,205,619,-414
123000517,0,0,0
123000518,0,0,0
123000519,0,0,0
123000520,0,0,0
123000521,0,0,0
123000522,0,0,0
123000541,0,0,0
123000542,0,0,0
123000565,45,0,45
123000566,11,0,11
123000567,4,0,4
123000573,0,0,0
123000574,33,4,29
123000575,166,25,141
123000576,50,0,50
123000577,0,0,0
123000578,38,7,31
123000579,611,213,398
123000580,2,3,-1
123000582,62,1,61
123000583,0,0,0
123000584,62,62,0
123000585,0,0,0
123000586,19,0,19
123000596,0,0,0
123000597,7,2,5
123000602,0,0,0
123000603,156,2,154
123000604,6,14,-8
123000605,962,141,821
123000606,0,0,0
123000609,0,0,0
123000610,33,40,-7
123000613,0,0,0
123000614,34,7,27
123000615,0,0,0
123000616,60,9,51
123000617,0,0,0
123000618,0,0,0
123000619,12,33,-21
123000620,0,0,0
123000622,52,20,32
123000624,64,14,50
123000630,428,66,362
123000631,48,55,-7
123000632,0,0,0
123000633,0,452,-452
123000634,1,0,1
123000635,0,0,0
123000636,0,0,0
123000637,2,1,1
123000638,2,3,-1
123000639,274,206,68
123000640,0,0,0
123000648,3,4,-1
123000649,0,0,0
123900001,0,0,0
123900002,0,0,0
123900003,0,0,0
123900005,0,0,0
123900006,0,0,0
124000001,424,103,321
124000002,1,173,-172
124000003,237,20,217
124000004,0,16,-16
124000005,176,17,159
124000006,6,22,-16
124000007,85,24,61
124000008,0,0,0
124000009,204,33,171
124000010,0,0,0
124000011,180,86,94
124000012,0,0,0
124000017,150,50,100
124000018,0,0,0
124000019,194,27,167
124000020,0,0,0
124000021,168,16,152
124000022,0,0,0
124000023,464,67,397
124000024,0,0,0
124000025,344,42,302
124000026,0,0,0
124000027,1457,281,1176
124000028,96,528,-432
124000030,0,0,0
124000031,364,89,275
124000032,0,29,-29
124000033,247,12,235
124000034,0,32,-32
124000035,41,1,40
124000036,0,18,-18
124000037,22,35,-13
124000038,0,7,-7
124000039,46,3,43
124000040,20,85,-65
124000041,123,0,123
124000042,1,22,-21
124000043,30,0,30
124000044,1,8,-7
124000045,150,14,136
124000046,0,0,0
124000047,208,20,188
124000048,0,0,0
124000049,275,23,252
124000050,0,0,0
124000051,140,5,135
124000052,0,0,0
124000053,127,53,74
124000054,0,0,0
124000055,403,80,323
124000056,0,0,0
124000057,168,66,102
124000058,0,0,0
124000059,97,93,4
124000060,0,0,0
124000061,56,136,-80
124000062,0,0,0
124000063,0,0,0
124000064,0,0,0
124000065,0,0,0
124000066,44,51,-7
124000067,56,16,40
124000068,0,0,0
124000069,162,13,149
124000070,0,0,0
124000071,58,26,32
124000072,0,0,0
124000073,186,11,175
124000074,0,0,0
124000075,88,40,48
124000076,0,0,0
124000077,0,0,0
124000078,111,195,-84
124000079,0,0,0
124000080,161,60,101
124000081,0,0,0
124000082,4,90,-86
124000083,0,0,0
124000084,25,78,-53
124000085,0,0,0
124000086,0,0,0
124000087,0,0,0
124000088,12,37,-25
124000089,123,3,120
124000090,0,0,0
124000091,98,33,65
124000092,0,0,0
124000093,0,19,-19
124000094,0,0,0
124000095,45,0,45
124000096,0,0,0
124000097,74,19,55
124000098,0,0,0
124000099,32,0,32
124000100,0,0,0
124000101,21,18,3
124000102,0,0,0
124000103,9,10,-1
124000104,0,0,0
124000105,6,2,4
124000106,0,0,0
124000107,3,9,-6
124000108,0,0,0
124000109,57,8,49
124000110,0,0,0
124000111,121,2,119
124000112,0,0,0
124000113,26,15,11
124000114,0,0,0
124000115,0,0,0
124000116,30,47,-17
124000117,0,0,0
124000118,2,32,-30
124000119,0,0,0
124000120,61,11,50
124000121,122,78,44
124000122,0,0,0
124000123,212,22,190
124000124,5,36,-31
124000125,68,4,64
124000126,2,20,-18
124000127,237,13,224
124000128,57,45,12
124000129,114,91,23
124000130,39,28,11
124000131,53,79,-26
124000132,80,108,-28
124000133,301,32,269
124000134,0,0,0
124000135,326,57,269
124000136,0,0,0
124000137,57,22,35
124000138,0,0,0
124000139,41,6,35
124000140,0,0,0
124000141,13,0,13
124000142,0,0,0
124000143,1,1,0
124000144,0,0,0
124000145,28,1,27
124000146,0,0,0
124000148,0,3,-3
124000149,96,39,57
124000150,0,0,0
124000151,50,38,12
124000152,0,0,0
124000153,108,48,60
124000154,0,0,0
124000155,182,34,148
124000156,0,0,0
124000169,6,19,-13
124000170,0,0,0
124000171,19,9,10
124000172,0,0,0
124000173,16,37,-21
124000174,0,0,0
124000175,0,0,0
124000176,80,60,20
124000177,0,0,0
124000178,66,13,53
124000190,1,21,-20
124000191,0,0,0
124000192,138,118,20
124000193,0,0,0
124000194,28,52,-24
124000195,81,24,57
124000196,0,0,0
124000197,0,0,0
124000198,3,9,-6
124000201,0,0,0
124000202,162,0,162
124000203,0,0,0
124000204,188,9,179
124000205,72,0,72
124000206,396,0,396
124000207,0,0,0
124000209,38,3,35
124000210,110,56,54
124000211,339,0,339
124000212,0,0,0
124000213,0,0,0
124000214,197,1,196
124000215,20,9,11
124000216,0,0,0
124000329,0,0,0
124000338,0,0,0
124000339,157,3,154
124000341,89,1,88
124000344,58,17,41
124000357,513,161,352
124000358,769,240,529
124000359,388,65,323
124000360,151,87,64
124000361,562,131,431
124000362,0,0,0
124000363,0,0,0
124000364,0,0,0
124000365,48,296,-248
124000366,7,157,-150
124000367,0,0,0
124000368,29,46,-17
124000369,8,51,-43
124000370,0,0,0
124000402,0,0,0
124000403,6,0,6
124000404,0,0,0
124000405,284,25,259
124000406,11,40,-29
124000407,0,0,0
124000411,0,0,0
124000412,26,2,24
124000413,0,14,-14
124000414,51,6,45
124000415,0,0,0
124000416,0,0,0
124000417,32,2,30
124000418,2,5,-3
124000419,0,0,0
124000420,58,3,55
124000421,0,0,0
124000422,0,0,0
124000423,0,0,0
124000424,0,0,0
124000425,22,0,22
124000426,0,0,0
124000427,0,0,0
124000428,0,0,0
124000429,17,0,17
124000430,0,0,0
124000431,0,0,0
124000432,0,3,-3
124000439,0,2,-2
124000443,0,0,0
124000445,1,114,-113
124000446,0,0,0
124000447,0,1,-1
124900001,0,0,0
124900002,0,0,0
124900003,0,0,0
124900004,0,0,0
124900005,0,0,0
124900006,0,0,0
124900008,0,0,0
124900009,0,0,0
124900010,0,0,0
124900011,0,0,0
124900012,0,0,0
124900013,0,0,0
124900014,0,0,0
124900015,0,0,0
124900016,0,0,0
124900017,0,0,0
124900018,0,0,0
124900020,0,0,0
124900021,0,0,0
124900022,0,0,0
124900024,0,0,0
124900026,0,0,0
124900027,0,0,0
124900028,0,0,0
124900029,0,0,0
124900030,0,0,0
124900031,0,0,0
124900032,0,0,0
124900033,0,0,0
124900034,0,0,0
124900035,0,0,0
124900036,0,0,0
124900037,0,0,0
124900038,0,0,0
124900039,0,0,0
124900040,0,0,0
124900041,0,0,0
124900042,0,0,0
124900043,0,0,0
124900044,0,0,0
124900045,0,0,0
124900047,0,0,0
124900048,0,0,0
124900050,0,0,0
124900052,0,0,0
124900053,0,0,0
124900054,0,0,0
124900055,0,0,0
124900057,0,0,0
124900060,0,0,0
124900061,0,0,0
124900062,0,0,0
124900066,0,0,0
124900067,0,0,0
124900068,0,0,0
124900070,0,0,0
124900072,0,0,0
124900075,0,0,0
124900076,0,0,0
124900077,0,0,0
124900078,0,0,0
124900079,0,0,0
124900080,0,0,0
124900081,0,0,0
124900082,0,0,0
124900083,0,0,0
124900085,0,0,0
124900086,0,0,0
124900087,0,0,0
124900088,0,0,0
124900089,0,0,0
124900090,0,0,0
124900091,0,0,0
124900092,0,0,0
124900093,0,0,0
124900094,0,0,0
124900095,0,0,0
124900096,0,0,0
124900097,0,0,0
124900098,0,0,0
124900099,0,0,0
124900100,0,0,0
124900101,0,0,0
124900102,0,0,0
124900103,0,0,0
124900104,0,0,0
124900105,0,0,0
124900106,0,0,0
124900107,0,0,0
124900108,0,0,0
124900111,0,0,0
124900112,0,0,0
124900113,0,0,0
124900114,0,0,0
124900115,0,0,0
124900116,0,0,0
124900117,0,0,0
124900118,0,0,0
124900119,0,0,0
124900120,0,0,0
124900121,0,0,0
124900122,0,0,0
124900123,0,0,0
124900124,0,0,0
204000001,51,1,50
204000002,8,5,3
204000003,5,15,-10
204000004,7,2,5
204000005,532,206,326
204000006,1592,986,606
204000011,0,0,0
204000012,0,0,0
204000019,551,288,263
204000020,119,70,49
204000021,132,60,72
204000022,560,146,414
204000023,0,0,0
204000031,4,25,-21
204000032,233,7,226
204000034,0,0,0
204000035,0,0,0
204000036,0,0,0
204000037,0,0,0
204000038,0,0,0
204000039,0,0,0
204000040,0,0,0
204000041,0,0,0
204000042,1,11,-10
204000043,2,0,2
204000044,3,2,1
204000045,0,0,0
204000046,0,3,-3
204000057,0,0,0
204000062,0,0,0
204000068,0,0,0
204000069,0,0,0
204000070,334,244,90
204000080,0,0,0
204000085,0,0,0
204000086,0,0,0
204000087,0,0,0
204000088,0,0,0
204000090,0,0,0
204000093,304,14,290
204000096,516,255,261
204000097,85,7,78
204000099,842,505,337
204000100,698,420,278
204000105,0,0,0
204000110,0,0,0
204000111,0,0,0
204000112,0,0,0
204000113,0,0,0
204000114,128,191,-63
204000115,60,87,-27
204000116,80,41,39
204000119,1145,559,586
204000132,544,52,492
204000133,651,77,574
204000134,122,41,81
204000135,500,32,468
204000136,337,307,30
204000138,428,81,347
204000140,315,143,172
204000141,250,64,186
204000144,0,14,-14
204000145,67,1,66
204000146,0,0,0
204000147,0,0,0
204000148,153,9,144
204000154,0,1,-1
204000155,0,0,0
204000177,110,22,88
204000179,26,1,25
204000180,0,0,0
204000222,0,0,0
204000235,0,0,0
204000236,4,32,-28
204000238,5,5,0
204000240,16,1,15
204000263,0,0,0
204000268,611,162,449
204000308,32,8,24
204000317,0,0,0
204000322,0,0,0
204000323,5,10,-5
204000328,171,25,146
204000329,0,0,0
204000330,72,22,50
204000331,0,0,0
205000001,0,0,0
205000013,0,0,0
205000014,0,0,0
205000015,0,0,0
205000016,0,0,0
205000017,0,0,0
205000022,0,0,0
205000025,0,0,0
205000029,39,15,24
205000045,0,0,0
205000046,0,0,0
205000047,0,0,0
205000048,0,0,0
205000049,0,0,0
205000050,0,0,0
205000059,0,0,0
205000060,0,0,0
205000061,0,0,0
205000062,0,0,0
205000063,0,0,0
205000064,0,0,0
205000065,0,0,0
205000066,0,0,0
205000067,0,0,0
205000069,0,0,0
205000082,142,61,81
205000110,0,0,0
205000111,0,0,0
205000112,132,81,51
205000113,0,0,0
205000121,193,66,127
205000123,0,0,0
205000126,887,96,791
205000127,852,84,768
205000128,387,28,359
205000129,414,10,404
205000130,153,4,149
205000131,5,0,5
205000132,30,2,28
205000133,14,0,14
205000134,224,1,223
205000137,0,0,0
205000138,0,0,0
205000139,0,0,0
205000144,82,41,41
205000145,96,18,78
205000151,63,31,32
205000152,80,7,73
205000153,224,13,211
205000154,88,49,39
205000155,90,11,79
205000207,0,0,0
205000233,24,0,24
205000234,0,0,0
205000243,0,0,0
205000244,0,0,0
205000245,0,0,0
205000249,0,0,0
205000250,3,3,0
205000264,0,0,0
206000027,21,5,16
206000028,3,1,2
206000043,0,0,0
206000053,0,0,0
206000054,0,0,0
206000055,0,0,0
206000075,0,0,0
206000076,0,0,0
206000077,0,0,0
206000078,0,0,0
206000079,0,0,0
206000082,189,4,185
206000100,0,0,0
206000103,0,0,0
206000104,0,0,0
206000105,0,0,0
206000106,0,0,0
206000125,143,3,140
206000157,0,0,0
206000170,0,0,0
206000171,0,0,0
206000172,0,0,0
206000173,0,0,0
206000174,0,0,0
206000175,0,0,0
206000176,0,0,0
206000177,0,0,0
206000178,0,0,0
206000179,0,0,0
206000180,0,0,0
206000181,0,0,0
206000182,0,0,0
206000183,0,0,0
206000184,0,0,0
206000185,0,0,0
206000186,0,0,0
206000223,0,0,0
206000226,5,0,5
206000227,6,1,5
206000237,0,0,0
206000238,0,0,0
206000239,0,0,0
206000240,0,0,0
206000241,0,0,0
206000242,0,0,0
206000243,0,0,0
206000244,0,0,0
206000245,123,3,120
206000246,43,0,43
206000247,40,0,40
206000248,32,6,26
206000252,0,0,0
206000258,0,0,0
206000315,0,0,0
206000317,90,1,89
206000318,58,5,53
206000319,108,3,105
206000320,85,1,84
206000321,37,2,35
206000322,16,4,12
206000323,30,0,30
206000324,29,1,28
206000325,39,0,39
206000326,20,18,2
206000327,3,2,1
206000328,130,1,129
206000329,62,1,61
206000330,7,3,4
206000331,79,1,78
206000332,4,0,4
206000333,146,1,145
206000334,46,0,46
206000335,0,0,0
206000361,0,0,0
206000392,0,0,0
206000405,116,0,116
206000441,74,25,49
206000498,20,0,20
206000515,0,0,0
206000530,19,18,1
206000531,7,3,4
206000532,80,14,66
206000535,0,0,0
206000536,0,0,0
206000537,0,0,0
206000613,109,9,100
206000784,264,79,185
207000001,0,0,0
207000002,0,0,0
207000003,0,0,0
207000007,286,89,197
207000008,0,0,0
207000009,0,0,0
207000010,0,6,-6
207000012,81,92,-11
207000015,3,18,-15
207000019,189,25,164
207000021,285,58,227
207000022,182,37,145
207000023,257,4,253
207000024,1,10,-9
207000025,3,19,-16
207000026,0,0,0
207000027,0,0,0
207000028,0,0,0
207000029,0,0,0
207000033,221,242,-21
207000034,56,34,22
207000039,136,14,122
207000040,265,1,264
207000041,2,3,-1
207000042,199,44,155
207000043,160,53,107
207000051,0,0,0
207000052,0,0,0
207000053,0,0,0
207000054,0,0,0
207000055,0,0,0
207000056,0,0,0
207000057,0,0,0
207000058,0,0,0
207000059,0,0,0
207000060,0,0,0
207000061,27,299,-272
207000062,181,62,119
207000063,125,184,-59
207000064,290,92,198
207000065,286,53,233
207000066,253,71,182
207000067,79,16,63
207000068,118,7,111
207000069,530,79,451
207000082,0,0,0
207000083,2,3,-1
207000084,76,42,34
207000085,0,0,0
207000086,0,0,0
207000106,17,4,13
207000107,96,3,93
207000108,75,1,74
207000109,51,1,50
207000110,40,8,32
207000111,173,3,170
207000112,54,43,11
207000114,0,0,0
207000115,0,0,0
207000116,0,0,0
207000117,0,0,0
207000118,0,0,0
207000119,0,0,0
207000123,115,1,114
207000124,69,3,66
207000125,31,2,29
207000126,61,10,51
207000134,0,0,0
207000135,0,0,0
207000148,214,57,157
207000149,0,0,0
207000152,0,0,0
207000153,0,0,0
207000154,246,15,231
207000159,0,0,0
207000160,0,0,0
207000238,0,0,0
207000242,0,0,0
207000248,0,0,0
207000249,0,0,0
207000250,0,0,0
207000251,0,0,0
207000252,0,0,0
207000278,41,18,23
207000279,0,0,0
207000280,162,36,126
207000281,33,39,-6
207000282,0,13,-13
207000283,0,2,-2
207000284,0,0,0
207000285,0,7,-7
207000291,0,0,0
207000304,10,45,-35
207000306,0,0,0
207000310,104,114,-10
207000353,28,0,28
207000356,0,0,0
207000357,0,22,-22
207000358,0,3,-3
207000415,0,0,0
207000417,20,0,20
207000418,55,33,22
207000438,0,0,0
207000439,574,79,495
207000446,78,0,78
207000460,0,0,0
207000466,0,0,0
207000467,116,13,103
207000468,0,0,0
207000476,0,0,0
207000477,0,0,0
207000478,0,0,0
207000523,0,0,0
207000524,6,0,6
207000527,301,58,243
207000530,217,0,217
207000531,61,1,60
207000532,56,0,56
207000534,183,17,166
207000535,0,0,0
207000537,0,0,0
207000540,0,0,0
207000541,0,0,0
207000548,0,0,0
207000549,76,1,75
207000561,88,6,82
207000562,0,0,0
207000567,0,0,0
207000568,0,0,0
207000569,0,0,0
207000584,0,0,0
207000585,15,51,-36
207000587,149,14,135
207000616,0,0,0
207000617,156,0,156
207000624,2,2,0
207000631,1,7,-6
207900008,0,0,0
208000001,72,157,-85
208000002,129,131,-2
208000003,171,138,33
208000004,290,138,152
208000005,0,0,0
208000019,240,176,64
208000020,382,99,283
208000021,0,0,0
208000022,0,0,0
208000028,0,0,0
208000033,0,0,0
208000034,0,0,0
208000037,75,1,74
208000040,34,65,-31
208000041,312,82,230
208000042,216,64,152
208000047,0,0,0
208000064,653,354,299
208000066,351,214,137
208000070,43,8,35
208000071,126,36,90
208000072,83,76,7
208000080,100,135,-35
208000081,92,19,73
208000082,0,0,0
208000083,0,0,0
208000084,0,3,-3
208000085,0,0,0
208000086,0,0,0
208000087,0,0,0
208000089,0,0,0
208000090,0,0,0
208000093,0,0,0
208000094,0,0,0
208000095,1,0,1
208000104,663,111,552
208000105,350,97,253
208000114,177,158,19
208000115,140,68,72
208000116,153,198,-45
208000117,2,18,-16
208000118,8,9,-1
208000155,0,0,0
208000158,0,0,0
208000186,531,379,152
208000204,0,0,0
208000205,0,0,0
208000282,0,0,0
209000004,3,40,-37
209000005,25,6,19
209000006,206,14,192
209000007,0,0,0
209000010,0,0,0
209000011,0,0,0
209000012,0,0,0
209000013,0,0,0
209000014,0,0,0
209000025,153,40,113
209000026,131,13,118
209000027,0,0,0
209000028,0,0,0
209000029,0,0,0
209000030,0,0,0
209000031,0,0,0
209000034,0,0,0
209000035,0,0,0
209000036,0,0,0
209000037,0,0,0
209000038,0,0,0
209000039,0,0,0
209000040,0,0,0
209000041,0,0,0
209000042,0,0,0
209000043,0,0,0
209000044,0,0,0
209000045,193,11,182
209000046,149,57,92
209000047,274,8,266
209000048,317,25,292
209000049,0,0,0
209000050,0,0,0
209000051,0,0,0
209000052,0,0,0
209000062,0,0,0
209000063,0,0,0
209000064,0,0,0
209000065,5,4,1
209000066,10,4,6
209000067,45,6,39
209000080,0,0,0
209000082,29,3,26
209000091,0,0,0
209000093,0,0,0
209000094,0,0,0
209000110,25,55,-30
209000111,154,56,98
209000112,80,24,56
209000113,157,32,125
209000114,41,1,40
209000115,0,0,0
209000116,0,0,0
209000118,4,11,-7
209000119,0,0,0
209000121,0,0,0
209000135,10,29,-19
209000142,118,36,82
209000143,0,0,0
209000144,0,0,0
209000229,84,9,75
209000240,0,0,0
209000259,0,0,0
209000260,0,0,0
209000261,0,0,0
209000262,0,0,0
209000263,0,0,0
209000264,0,0,0
209000265,25,0,25
209000266,7,0,7
209000267,215,2,213
209000268,463,0,463
210000037,50,0,50
210000047,54,0,54
210000048,34,0,34
210000049,7,1,6
210000052,0,0,0
210000053,0,0,0
210000054,0,0,0
210000070,24,0,24
210000071,64,0,64
210000072,16,0,16
210000073,0,0,0
210000074,0,0,0
210000075,0,0,0
210000076,0,0,0
210000077,0,0,0
210000078,0,0,0
210000079,3,3,0
210000080,67,23,44
210000081,55,2,53
210000082,5,0,5
210000083,36,0,36
210000084,89,0,89
210000085,0,0,0
210000086,0,0,0
210000099,0,0,0
210000100,0,0,0
210000101,0,0,0
210000105,0,0,0
210000159,0,0,0
210000163,0,0,0
210000164,93,43,50
210000168,16,2,14
210000187,0,0,0
210000188,0,0,0
210000214,35,0,35
210000219,22,1,21
210000220,9,2,7
210000232,0,0,0
210000233,0,0,0
210000234,0,0,0
210000235,0,0,0
210000245,0,0,0
210000246,19,0,19
210000258,0,0,0
210000259,96,1,95
210000282,0,0,0
210000285,0,0,0
210000286,0,0,0
210000290,0,0,0
210000295,0,0,0
210000296,0,0,0
210000320,62,2,60
210000321,27,1,26
210000338,0,0,0
210000339,0,0,0
210000340,0,0,0
210000341,0,0,0
210000342,0,0,0
210000343,0,0,0
210000344,0,0,0
210000345,0,0,0
210000346,0,0,0
210000347,0,0,0
210000348,0,0,0
210000349,0,0,0
210000350,0,0,0
210000351,0,0,0
210000352,8,11,-3
210000353,72,12,60
210000354,31,20,11
210000355,11,8,3
210000356,2,8,-6
210000357,12,22,-10
210000358,17,12,5
210000359,26,7,19
210000360,149,33,116
210000361,66,38,28
210000362,90,24,66
210000363,224,88,136
210000364,84,46,38
210000365,77,5,72
210000366,119,0,119
210000367,69,1,68
210000368,66,9,57
210000369,17,2,15
210000370,23,3,20
210000372,0,11,-11
210000373,0,4,-4
210000374,110,2,108
210000375,44,2,42
210000376,70,16,54
210000404,0,0,0
210000439,27,0,27
210000472,11,0,11
210000482,23,15,8
210000564,253,32,221
210000567,0,0,0
210000568,24,0,24
211000092,0,0,0
211000094,0,0,0
211000169,0,0,0
211000172,0,0,0
211000209,0,0,0
211000226,1,0,1
211000270,0,0,0
211000275,0,0,0
211000276,0,0,0
211000279,0,0,0
211000281,0,0,0
211000302,0,0,0
211507980,0,0,0
211977296,0,0,0
212000003,36,10,26
212000004,0,0,0
212000005,0,0,0
212000006,0,0,0
212000008,0,0,0
212000009,0,0,0
212000012,0,0,0
212000013,0,0,0
212000014,0,0,0
212000015,0,0,0
212000016,0,0,0
212000027,443,61,382
212000028,221,142,79
212000029,152,112,40
212000030,24,15,9
212000031,23,6,17
212000048,0,0,0
212000049,0,0,0
212000050,0,0,0
212000051,0,0,0
212000052,0,0,0
212000053,0,0,0
212000054,152,5,147
212000055,237,43,194
212000056,5,30,-25
212000057,0,19,-19
212000058,3,5,-2
212000070,0,0,0
212000077,0,0,0
212000099,175,29,146
212000108,168,29,139
212000111,73,4,69
212000120,0,0,0
212000138,0,0,0
212000156,0,0,0
212000158,0,54,-54
212000159,468,38,430
212000160,410,44,366
212000161,4,8,-4
212000310,0,0,0
212000311,13,25,-12
212000374,0,0,0
213000001,0,0,0
213000005,192,5,187
213000006,163,66,97
213000007,8,1,7
213000009,270,43,227
213000010,247,5,242
213000011,148,10,138
213000012,0,0,0
213000014,42,18,24
213000015,130,1,129
213000016,102,0,102
213000017,16,0,16
213000018,0,0,0
213000019,0,0,0
213000020,0,0,0
213000021,0,0,0
213000023,1000,14,986
213000033,0,0,0
213000034,260,20,240
213000035,227,29,198
213000045,0,0,0
213000046,0,0,0
213000047,0,0,0
213000056,185,1,184
213000069,4,0,4
213000073,0,0,0
213000074,0,0,0
213000075,374,25,349
213000076,2,0,2
213000085,0,0,0
213000086,0,0,0
213000091,217,1,216
213000092,16,0,16
213000099,0,0,0
213000100,226,69,157
213000101,429,9,420
213000102,398,4,394
213000103,295,6,289
213000104,0,0,0
213000105,0,0,0
213000106,0,0,0
213000107,0,0,0
213000108,0,0,0
213000109,0,0,0
213000110,0,0,0
213000111,0,0,0
213000112,0,0,0
213000115,46,0,46
213000116,0,0,0
213000117,0,0,0
213000118,139,203,-64
213000119,0,0,0
213000120,0,0,0
213000122,0,0,0
213000123,0,0,0
213000124,0,0,0
213000125,82,97,-15
213000126,0,0,0
213000127,0,0,0
213000128,0,0,0
213000129,201,78,123
213000130,392,62,330
213000132,246,43,203
213000133,385,80,305
213000134,371,2,369
213000136,202,0,202
213000137,427,1,426
213000139,87,0,87
213000147,9,0,9
213000148,17,0,17
213000149,0,0,0
213000150,0,0,0
213000151,0,0,0
213000152,0,0,0
213000153,0,0,0
213000154,0,0,0
213000155,0,0,0
213000156,0,0,0
213000157,0,0,0
213000158,0,0,0
213000159,361,49,312
213000163,242,124,118
213000165,445,69,376
213000171,0,0,0
213000172,0,0,0
213000173,0,0,0
213000174,0,0,0
213000175,0,0,0
213000176,268,8,260
213000177,107,6,101
213000178,201,1,200
213000179,97,2,95
213000180,166,1,165
213000184,0,0,0
213000188,75,3,72
213000189,163,6,157
213000190,154,3,151
213000191,183,2,181
213000192,81,0,81
213000193,0,0,0
213000194,0,0,0
213000195,0,0,0
213000196,0,0,0
213000197,460,33,427
213000198,4,0,4
213000200,0,0,0
213000201,0,0,0
213000202,0,0,0
213000203,736,124,612
213000204,523,22,501
213000205,216,9,207
213000206,429,14,415
213000207,2,1,1
213000208,1,0,1
213000209,3,0,3
213000210,55,0,55
213000211,0,0,0
213000212,0,0,0
213000213,0,0,0
213000218,37,165,-128
213000219,278,14,264
213000220,130,31,99
213000223,22,53,-31
213000224,0,1,-1
213000225,41,1,40
213000226,32,1,31
213000227,465,15,450
213000228,267,9,258
213000229,7,0,7
213000230,106,0,106
213000232,0,0,0
213000233,0,0,0
213000234,0,0,0
213000293,0,0,0
213000294,13,0,13
213000295,0,0,0
213000296,11,8,3
213000297,0,0,0
213000298,0,0,0
213000299,4,3,1
213000300,1,4,-3
213000303,0,0,0
213000304,0,0,0
213000305,0,31,-31
213000306,0,0,0
213000307,2,10,-8
213000308,0,0,0
213000309,77,8,69
213000310,100,8,92
213000311,0,0,0
213000315,0,0,0
213000316,55,7,48
213000322,0,0,0
213000323,0,0,0
213000324,0,0,0
213000325,0,0,0
213000326,0,0,0
213000327,0,0,0
213000328,0,0,0
213000329,0,0,0
213000340,0,0,0
213000341,260,24,236
213000346,5,24,-19
213000347,146,48,98
213000348,0,0,0
213000349,0,0,0
213000350,0,0,0
213000366,0,0,0
213000367,70,6,64
213000379,0,0,0
213000386,0,0,0
213000406,0,0,0
213000417,529,91,438
213000425,0,0,0
213000426,0,0,0
213000427,0,0,0
213000428,0,0,0
213000429,0,0,0
213000430,0,0,0
213000431,0,0,0
213000432,0,0,0
213000433,0,0,0
213000434,0,0,0
213000435,0,0,0
213000436,0,0,0
213000437,0,0,0
213000438,0,0,0
213000439,0,0,0
213000440,0,0,0
213000441,0,0,0
213000442,0,0,0
213000443,0,0,0
213000444,0,0,0
213000445,0,0,0
213000446,0,0,0
213000447,0,0,0
213000448,0,0,0
213000449,0,0,0
213000450,0,0,0
213000451,0,0,0
213000452,0,0,0
213000453,0,0,0
213000455,45,2,43
213000456,0,0,0
213000481,6,0,6
213000482,8,0,8
213000489,45,1,44
213000491,0,0,0
213000492,51,0,51
213000493,0,0,0
213000494,144,5,139
213000495,0,0,0
213000496,496,93,403
213000497,0,0,0
213000498,0,0,0
213000499,0,0,0
213000500,249,5,244
213000501,30,6,24
213000502,31,8,23
213000503,0,0,0
213000504,0,0,0
213000505,50,0,50
213000506,0,0,0
213000507,0,0,0
213900244,64,0,64
213900245,0,0,0
218000003,0,0,0
218000004,0,0,0
218000005,1,11,-10
218000006,0,0,0
218000007,0,0,0
218000012,0,0,0
218000013,15,23,-8
218000014,62,58,4
218000019,0,0,0
218000020,0,0,0
218000021,0,0,0
218000022,0,0,0
218000023,0,0,0
218000024,0,0,0
218000025,0,0,0
218000026,0,0,0
218000027,0,0,0
218000028,0,0,0
218000029,0,0,0
218000030,0,0,0
218000031,0,0,0
218000032,0,0,0
218000040,1,0,1
218000046,1,10,-9
218000047,0,13,-13
218000048,5,13,-8
218000049,3,11,-8
218000050,24,37,-13
218000051,2,73,-71
218000052,0,11,-11
218000053,0,2,-2
218000054,0,36,-36
218000055,1,3,-2
218000056,2,30,-28
218000057,0,5,-5
218000064,0,0,0
218000065,78,2,76
218000066,8,6,2
218000067,0,0,0
218000068,0,0,0
218000069,0,0,0
218000070,0,0,0
218000071,0,0,0
218000072,0,0,0
218000078,0,0,0
218000079,0,0,0
218000080,0,0,0
218000081,0,0,0
218000082,0,0,0
218000083,0,0,0
218000084,0,0,0
218000085,0,0,0
218000086,0,0,0
218000087,0,0,0
218000090,0,0,0
218000091,109,40,69
218000092,0,0,0
218000093,19,0,19
218000094,0,0,0
218000099,22,51,-29
218000100,15,17,-2
218000101,3,14,-11
218000102,117,19,98
218000103,29,2,27
218000104,27,0,27
218000105,0,0,0
218000106,0,0,0
218000107,0,0,0
218000108,0,0,0
218000112,0,0,0
218000117,35,25,10
218000134,0,0,0
218000135,0,0,0
218000136,0,0,0
218000137,0,0,0
218000138,0,0,0
218000139,0,0,0
218000140,0,0,0
218000141,0,0,0
218000142,0,0,0
218000143,0,0,0
218000144,0,0,0
218000145,0,0,0
218000146,0,0,0
218000151,0,10,-10
218000152,40,4,36
218000153,0,0,0
218000154,0,0,0
218000155,0,0,0
218000156,0,0,0
218000157,0,0,0
218000158,0,0,0
218000159,0,0,0
218000160,0,0,0
218000161,0,0,0
218000162,0,0,0
218000163,0,0,0
218000164,0,0,0
218000165,0,0,0
218000170,0,1,-1
218000171,45,5,40
218000172,1,1,0
218000173,1,19,-18
218000174,16,8,8
218000176,149,11,138
218000177,258,44,214
218000178,98,28,70
218000179,287,28,259
218000180,17,1,16
218000181,95,2,93
218000187,0,0,0
218000188,0,0,0
218000189,0,0,0
218000190,0,0,0
218000191,0,0,0
218000192,0,0,0
218000193,0,0,0
218000194,0,0,0
218000195,0,0,0
218000196,0,0,0
218000197,0,0,0
218000198,1,0,1
218000199,0,0,0
218000200,3,0,3
218000201,0,0,0
218000202,0,0,0
218000207,0,0,0
218000208,0,0,0
218000211,0,0,0
218000212,0,0,0
218000213,14,16,-2
218000214,0,5,-5
218000215,1,8,-7
218000217,0,7,-7
218000218,48,135,-87
218000219,0,27,-27
218000220,37,51,-14
218000221,132,123,9
218000222,0,17,-17
218000223,28,106,-78
218000224,2,92,-90
218000225,136,29,107
218000226,88,9,79
218000230,0,0,0
218000232,0,0,0
218000239,21,0,21
218000240,1,0,1
218000241,1,0,1
218000242,0,0,0
218000243,4,0,4
218000244,0,1,-1
218000245,1,0,1
218000246,0,0,0
218000247,0,0,0
218000248,0,0,0
218000249,0,0,0
218000250,0,0,0
218000251,0,0,0
218000252,0,0,0
218000253,0,0,0
218000254,0,0,0
218000255,0,0,0
218000256,0,0,0
218000267,0,0,0
218000268,0,0,0
218000269,0,0,0
218000270,0,0,0
218000271,0,0,0
218000273,22,13,9
218000274,32,2,30
218000275,0,0,0
218000276,0,0,0
218000278,0,0,0
218000279,0,0,0
218000280,0,0,0
218000281,0,0,0
218000282,23,6,17
218000284,100,44,56
218000301,0,0,0
218000302,0,0,0
218000303,0,0,0
218000316,16,34,-18
218000317,4,1,3
218000318,0,0,0
218000319,0,0,0
218000320,0,0,0
218000338,1,0,1
218000345,0,0,0
218000346,33,27,6
218000459,25,24,1
218000490,0,0,0
218000501,8,1,7
218000502,0,0,0
218000503,4,0,4
218000504,20,2,18
218000505,0,0,0
218000506,0,0,0
218000508,0,0,0
218000510,45,5,40
218000520,0,0,0
218000521,0,0,0
218000522,0,0,0
218000523,21,4,17
218000524,0,0,0
218000525,30,2,28
218000526,0,0,0
218000529,0,0,0
218000530,0,0,0
218000531,25,2,23
218000532,0,0,0
218000534,7,1,6
218000537,3,12,-9
218000538,0,0,0
218000540,0,0,0
218000543,0,0,0
218000544,0,0,0
218000545,0,0,0
218000546,0,0,0
218000547,0,0,0
218000548,0,0,0
218000549,150,0,150
218000550,0,0,0
218000551,0,0,0
218000552,73,1,72
218000553,0,0,0
218000554,0,0,0
218000555,3,3,0
218000556,0,0,0
218000557,18,37,-19
218000558,23,0,23
218000559,0,0,0
218000560,0,0,0
218000561,3,0,3
218000562,0,0,0
218000563,94,0,94
218000564,0,0,0
218000565,9,0,9
218000566,7,0,7
218000567,0,0,0
218000568,0,0,0
218000569,0,0,0
218000570,3,0,3
218000571,0,0,0
218000572,1,0,1
218000573,0,0,0
218000574,1,0,1
218000575,49,0,49
218000576,0,0,0
218000577,13,0,13
218000578,0,0,0
218000579,0,0,0
218000581,0,0,0
218000582,0,0,0
218000583,0,0,0
218000584,0,0,0
218000585,0,0,0
218000586,0,0,0
218000587,0,0,0
218000588,0,0,0
218000589,0,0,0
218000590,0,0,0
218000591,0,0,0
218000592,0,0,0
218000593,0,0,0
218000594,0,0,0
218000597,0,0,0
218000598,0,0,0
218000599,0,0,0
218000600,0,0,0
218000601,0,0,0
218000602,0,0,0
218000603,0,0,0
218000604,1,0,1
218000605,0,0,0
218000606,14,0,14
218000607,0,0,0
218000608,0,0,0
218000609,0,0,0
218000610,0,0,0
218000611,0,0,0
218000612,0,0,0
218000613,0,0,0
218000614,0,0,0
218000615,0,0,0
218000616,0,0,0
218000617,0,0,0
218000618,0,0,0
218000619,1,1,0
218000620,0,0,0
218000621,0,0,0
218000622,0,0,0
218000623,0,1,-1
218000624,0,0,0
218000625,2,0,2
218000626,0,2,-2
218000628,17,17,0
218000631,0,0,0
218000632,0,0,0
218000633,3,1,2
218000634,0,0,0
218000635,0,0,0
218000636,0,0,0
218000637,0,0,0
218000638,113,25,88
218000639,0,0,0
218000640,109,24,85
218000641,0,0,0
218000652,26,6,20
218000653,178,18,160
218000663,0,0,0
218000675,0,0,0
218000676,0,0,0
218000677,0,0,0
218000680,0,0,0
218000681,63,5,58
218000691,0,0,0
218000693,120,12,108
218000703,0,0,0
218000718,0,0,0
218000719,3,18,-15
218000720,0,0,0
218000721,0,0,0
218000725,0,0,0
218001147,0,0,0
218001214,0,0,0
218001258,59,0,59
218001329,27,11,16
218001330,0,0,0
218001351,0,0,0
218001352,0,0,0
218001353,0,2,-2
218001354,0,0,0
218001355,0,0,0
218001356,45,7,38
218001357,0,0,0
218001358,11,0,11
218001361,117,10,107
218001362,0,0,0
219000001,0,0,0
219000002,0,0,0
219000003,32,4,28
219000004,24,68,-44
219000017,0,0,0
219000020,66,1,65
219000022,70,0,70
219000023,57,0,57
219000029,0,0,0
219000034,11,18,-7
219000039,0,0,0
219000040,0,0,0
219000041,0,0,0
219000051,0,0,0
219000052,0,0,0
219000053,0,0,0
219000054,0,0,0
219000055,0,0,0
219000056,0,0,0
219000057,0,0,0
219000062,0,0,0
219000063,0,0,0
219000064,0,0,0
219000110,62,7,55
219000111,27,19,8
219000112,73,2,71
219000113,83,1,82
219000114,84,0,84
219000116,0,1,-1
219000117,0,1,-1
219000118,6,2,4
219000123,73,0,73
219000124,5,0,5
219000125,0,0,0
219000126,0,0,0
219000127,0,0,0
219000128,0,0,0
219000129,0,0,0
219000130,0,0,0
219000131,183,92,91
219000133,0,1,-1
219000134,3,10,-7
219000135,18,4,14
219000136,26,24,2
219000138,4,1,3
219000139,0,0,0
219000140,3,0,3
219000141,0,0,0
219000142,0,0,0
219000143,0,0,0
219000145,8,0,8
219000146,0,0,0
219000147,0,0,0
219000148,0,0,0
219000149,0,0,0
219000150,0,0,0
219000151,0,0,0
219000157,10,20,-10
219000158,0,4,-4
219000161,0,0,0
219000163,19,6,13
219000166,2,32,-30
219000167,0,0,0
219000168,48,10,38
219000174,32,5,27
219000175,0,0,0
219000176,0,0,0
219000177,0,0,0
219000178,0,0,0
219000179,0,0,0
219000180,0,0,0
219000182,32,0,32
219000183,19,0,19
219000184,20,1,19
219000185,0,0,0
219000186,13,0,13
219000187,5,0,5
219000189,0,0,0
219000190,0,0,0
219000191,0,0,0
219000192,10,2,8
219000193,0,0,0
219000195,0,0,0
219000196,0,0,0
219000198,0,0,0
219000199,0,0,0
219000200,0,0,0
219000201,0,0,0
219000203,0,0,0
219000204,0,0,0
219000205,0,0,0
219000207,0,0,0
219000209,0,0,0
219000210,0,0,0
219000213,0,0,0
219000239,0,0,0
219000240,0,0,0
219000241,0,0,0
219000242,0,0,0
219000243,0,0,0
219000244,0,0,0
219000245,0,0,0
219000246,10,11,-1
219000247,37,4,33
219000248,102,25,77
219000249,41,12,29
219000250,9,21,-12
219000251,77,74,3
219000252,129,111,18
219000253,98,4,94
219000255,0,8,-8
219000256,12,8,4
219000257,69,0,69
219000262,0,0,0
219000263,0,0,0
219000267,0,0,0
219000268,0,0,0
219000269,0,0,0
219000270,0,0,0
219000271,0,0,0
219000278,0,0,0
219000279,0,0,0
219000283,0,0,0
219000295,0,0,0
219000296,0,0,0
219000297,0,0,0
219000298,0,0,0
219000299,111,4,107
219000300,0,0,0
219000301,0,0,0
219000302,0,0,0
219000307,0,0,0
219000308,0,0,0
219000311,58,11,47
219000312,115,9,106
219000313,92,6,86
219000314,0,0,0
219000315,171,1,170
219000316,161,12,149
219000317,17,3,14
219000320,0,0,0
219000321,0,0,0
219000323,0,0,0
219000325,0,0,0
219000326,0,0,0
219000327,0,0,0
219000328,0,0,0
219000329,0,0,0
219000330,0,0,0
219000331,0,0,0
219000332,9,5,4
219000333,0,0,0
219000335,0,0,0
219000337,3,0,3
219000338,3,0,3
219000344,0,0,0
219000345,0,0,0
219000346,0,0,0
219000348,0,0,0
219000349,0,0,0
219000350,0,0,0
219000351,0,0,0
219000352,2,6,-4
219000353,3,6,-3
219000354,26,5,21
219000355,18,17,1
219000356,11,34,-23
219000363,80,2,78
219000364,57,1,56
219000365,25,0,25
219000366,50,3,47
219000368,45,24,21
219000370,27,33,-6
219000371,0,0,0
219000382,0,0,0
219000383,0,0,0
219000385,0,0,0
219000386,0,0,0
219000387,0,0,0
219000390,0,0,0
219000391,0,0,0
219000397,0,0,0
219000398,0,0,0
219000401,0,0,0
219000402,0,0,0
219000403,0,0,0
219000404,0,0,0
219000407,0,0,0
219000409,10,14,-4
219000410,49,3,46
219000411,27,5,22
219000446,0,0,0
219000447,0,0,0
219000448,8,0,8
219000452,0,0,0
219000453,0,0,0
219000454,18,33,-15
219000556,17,4,13
219000558,0,0,0
219000590,0,0,0
219000591,23,8,15
219000592,0,0,0
219000595,0,0,0
219000635,49,2,47
219000636,0,0,0
219000657,1,1,0
219000658,0,0,0
219000673,0,0,0
219000676,1,0,1
219000679,0,0,0
219000684,0,0,0
219000685,0,0,0
219000686,0,0,0
219000688,0,0,0
219000689,0,0,0
219000690,260,3,257
219000691,0,0,0
219000692,55,1,54
219000693,0,0,0
219000694,0,0,0
219000695,0,0,0
219000698,22,0,22
219000699,0,0,0
219000727,0,0,0
219000728,0,0,0
219000770,4,0,4
219000771,0,0,0
219000788,0,0,0
219001150,0,0,0
219001151,0,0,0
219001166,23,0,23
219001167,0,0,0
219001178,83,0,83
220000001,0,2,-2
220000002,0,0,0
220000003,0,0,0
220000004,0,0,0
220000005,0,0,0
220000006,0,0,0
220000007,0,0,0
220000008,0,0,0
220000009,0,0,0
220000010,1,0,1
220000011,3,5,-2
220000012,0,0,0
220000014,0,0,0
220000015,0,0,0
220000017,0,0,0
220000018,1,1,0
220000019,0,0,0
220000020,4,2,2
220000021,0,0,0
220000022,0,0,0
220000023,0,0,0
220000024,1,0,1
220000025,1,5,-4
220000026,0,12,-12
220000027,0,1,-1
220000028,1,4,-3
220000029,0,0,0
220000030,0,0,0
220000031,20,27,-7
220000064,0,0,0
221000046,3,0,3
221000047,0,0,0
221000048,0,0,0
221000049,0,0,0
221000050,53,0,53
221000055,32,0,32
221000057,107,0,107
221000068,243,26,217
221000069,189,18,171
221000070,110,9,101
221000071,95,1,94
221000072,182,3,179
221000073,83,1,82
221000074,0,0,0
221000075,0,0,0
221000076,0,0,0
221000077,0,0,0
221000081,10,0,10
221000082,22,0,22
221000083,15,20,-5
221000084,4,0,4
221000085,2,0,2
221000086,0,0,0
221000087,0,0,0
221000088,0,0,0
221000089,0,0,0
221000090,0,0,0
221000098,60,1,59
221000099,100,0,100
221000100,102,1,101
221000101,114,3,111
221000102,48,1,47
221000109,0,0,0
221000110,0,0,0
221000111,0,0,0
221000112,0,0,0
221000113,0,0,0
221000114,0,0,0
221000120,0,0,0
221000121,0,19,-19
221000122,1,3,-2
221000123,0,0,0
221000124,0,0,0
221000155,15,7,8
221000156,3,0,3
221000175,0,0,0
221000176,0,0,0
221000182,7,0,7
221000241,595,35,560
221000242,0,0,0
221000243,312,15,297
221000244,0,0,0
221000245,150,9,141
221000246,0,0,0
221000247,167,26,141
221000248,0,0,0
221000267,0,0,0
221000325,0,0,0
221000331,0,0,0
221000338,0,3,-3
221000378,73,7,66
221000381,0,0,0
222000282,0,0,0
222000296,0,0,0
222000568,97,0,97
222000569,77,5,72
222000570,30,1,29
222000571,227,3,224
222000577,0,0,0
222000578,0,0,0
222000579,0,0,0
222000580,0,0,0
222000599,0,0,0
222000600,0,0,0
222000601,0,0,0
222000603,0,0,0
222000604,0,0,0
222000605,0,0,0
222000606,0,0,0
222000607,0,0,0
222000608,0,0,0
222000609,0,0,0
222000616,65,1,64
222000617,0,4,-4
222000618,0,0,0
222000620,1,1,0
222000621,35,3,32
222000623,221,2,219
222000624,157,2,155
222000625,172,0,172
222000636,9,0,9
222000686,0,1,-1
222000687,2,0,2
222001066,138,0,138
222001067,31,1,30
222001068,50,0,50
222001069,0,0,0
222001082,0,0,0
222001083,0,0,0
222001084,0,0,0
222001085,0,0,0
222001111,0,0,0
222001112,44,16,28
222001313,1,0,1
222001314,0,0,0
222001464,13,4,9
222001465,0,0,0
222001484,15,1,14
222001485,0,0,0
222001494,63,4,59
222001495,0,0,0
222001496,81,2,79
222001497,0,0,0
222001502,0,0,0
222001503,43,6,37
222001504,0,0,0
222001505,118,1,117
222001506,0,0,0
222001507,116,1,115
222001510,169,3,166
222001511,0,0,0
222001514,216,18,198
222001515,0,0,0
222001518,53,18,35
222001519,0,0,0
222001527,18,1,17
222001528,0,0,0
222001529,120,2,118
222001530,0,0,0
222001533,0,0,0
222001534,316,7,309
222001535,5,22,-17
222001536,0,0,0
222001537,14,3,11
222001538,0,0,0
222001563,327,10,317
222001564,0,0,0
222001568,3,3,0
222001576,0,0,0
222001579,0,0,0
222001583,0,0,0
222001584,9,1,8
222001596,0,0,0
222001597,157,23,134
222001626,0,0,0
222001650,0,13,-13
222001651,2,0,2
222001914,31,4,27
222001915,0,0,0
222001968,69,9,60
222001969,0,0,0
222001970,1,0,1
222001971,4,1,3
222001972,0,0,0
225000001,105,49,56
225000002,167,21,146
225000003,107,4,103
225000004,83,25,58
225000005,42,11,31
225000006,0,0,0
225000007,0,0,0
225000010,6,0,6
225000011,68,230,-162
225000012,67,120,-53
225000013,76,30,46
225000014,68,13,55
225000015,0,0,0
225000021,188,32,156
225000027,0,0,0
225000032,225,52,173
225000042,0,0,0
225000049,0,0,0
225000050,9,0,9
225000053,0,0,0
225000058,193,49,144
225000067,0,0,0
225000068,0,0,0
225000069,0,0,0
225000070,0,0,0
225000071,0,0,0
225000075,0,0,0
225000076,0,0,0
225000078,0,26,-26
225000085,6,3,3
225000086,9,0,9
225000087,64,0,64
225000088,0,0,0
225000089,0,0,0
225000090,0,0,0
225000091,0,0,0
225000092,0,0,0
225000093,0,0,0
225000094,0,0,0
225000095,0,0,0
225000096,0,0,0
225000098,209,44,165
225000099,151,24,127
225000100,33,45,-12
225000104,0,0,0
225000110,0,0,0
225000111,0,0,0
225000112,0,0,0
225000113,0,0,0
225000114,0,0,0
225000115,0,0,0
225000116,144,51,93
225000117,301,157,144
225000118,254,42,212
225000119,24,7,17
225000120,142,6,136
225000121,121,1,120
225000123,728,3,725
225000125,179,18,161
225000126,203,78,125
225000127,413,94,319
225000128,243,129,114
225000132,0,0,0
225000133,0,0,0
225000134,89,67,22
225000135,17,0,17
225000136,14,0,14
225000137,4,0,4
225000138,139,1,138
225000143,0,0,0
225000144,0,0,0
225000145,45,3,42
225000146,0,0,0
225000147,0,0,0
225000148,0,0,0
225000149,0,0,0
225000151,0,0,0
225000155,0,0,0
225000156,0,0,0
225000157,0,0,0
225000158,0,0,0
225000171,0,0,0
225000180,7,0,7
225000181,0,0,0
225000182,30,1,29
225000185,0,0,0
225000187,0,0,0
225000191,8,0,8
225000194,0,0,0
225000208,0,0,0
225000209,86,22,64
225000210,0,0,0
225000217,0,0,0
225000218,46,0,46
225000223,0,0,0
225000224,3,0,3
225000225,0,0,0
225000226,409,25,384
225000227,0,0,0
225000228,4,3,1
225000229,0,0,0
225000230,3,0,3
225000231,0,0,0
225000232,62,0,62
225000241,109,1,108
225000242,0,0,0
225000249,21,0,21
225000250,0,0,0
225000251,0,0,0
226000042,0,0,0
226000043,0,0,0
226000044,0,0,0
226000045,0,0,0
226000046,145,9,136
226000047,49,24,25
226000048,108,11,97
226000049,72,67,5
226000070,0,0,0
226000071,0,0,0
226000072,0,0,0
226000073,0,0,0
226000074,0,0,0
226000084,0,0,0
226000085,0,0,0
226000086,0,0,0
226000087,0,0,0
226000088,0,0,0
226000090,0,5,-5
226000091,2,0,2
226000092,1,0,1
226000093,0,0,0
226000094,0,12,-12
226000095,1,52,-51
226000105,0,1,-1
226000106,5,0,5
226000107,0,0,0
226000108,0,0,0
226000109,11,0,11
226000124,36,10,26
226000134,48,61,-13
226000135,115,65,50
226000136,35,31,4
226000137,0,0,0
226000138,0,0,0
226000139,0,0,0
226000156,91,0,91
226000157,127,5,122
226000163,0,0,0
226000202,0,0,0
226000231,183,0,183
226000232,3,0,3
227000033,59,7,52
227000036,80,0,80
227000037,78,0,78
227000038,18,1,17
227000049,0,0,0
227000050,0,0,0
227000055,7,0,7
227000056,0,0,0
227000084,0,0,0
227000085,0,0,0
227000088,14,0,14
227000089,5,1,4
227000090,1,0,1
227000091,5,0,5
227000093,3,0,3
227000094,0,0,0
227000130,0,0,0
227000131,0,0,0
227000132,0,0,0
227000133,0,0,0
227000134,0,0,0
227000152,0,0,0
227000153,0,0,0
227000155,0,0,0
227000156,0,0,0
227000165,0,0,0
227000196,37,0,37
227000199,124,8,116
227000230,0,0,0
227000232,44,7,37
227000242,0,0,0
227000243,153,5,148
227000245,0,0,0
227000246,0,0,0
227000247,169,3,166
227000248,0,5,-5
227000249,0,0,0
227000250,13,14,-1
227000251,0,0,0
227000252,0,0,0
227000253,75,3,72
227000262,236,1,235
227000266,164,1,163
227000267,0,0,0
227000282,0,0,0
227000284,169,1,168
227000286,0,0,0
227000287,0,0,0
227000291,0,0,0
227000484,124,0,124
227000485,0,0,0
227000655,47,0,47
227000656,110,1,109
227000657,9,2,7
227000661,74,1,73
227000680,0,0,0
229000265,11,0,11
229000296,0,0,0
229000297,0,0,0
229000298,0,0,0
229000320,0,0,0
229000321,0,0,0
229000412,0,0,0
229000414,1,1,0
229000415,0,0,0
229000416,0,0,0
229000417,0,0,0
229000419,6,7,-1
229000440,70,3,67
229000442,1,0,1
229000443,0,0,0
229000444,0,0,0
229000445,3,0,3
229000446,22,0,22
229000491,0,0,0
229000492,0,0,0
229000493,0,0,0
229000494,0,0,0
229000495,0,0,0
229000496,0,0,0
229000507,0,0,0
229000508,0,0,0
229000509,0,0,0
229000510,0,0,0
229000511,0,0,0
229000512,0,0,0
229000513,0,0,0
229000514,0,0,0
229000517,0,0,0
229000518,0,0,0
229000519,0,0,0
229000520,0,0,0
229000521,0,0,0
229000522,0,0,0
229000523,0,0,0
229000524,0,0,0
229000527,0,0,0
229000528,0,0,0
229000529,0,0,0
229000530,0,0,0
229000531,0,0,0
229000532,0,0,0
229000533,0,0,0
229000534,0,0,0
229000564,0,0,0
229000565,0,0,0
229000566,0,0,0
229000567,0,0,0
229000582,0,0,0
229000583,0,0,0
229000584,0,0,0
229000585,0,0,0
229000718,0,0,0
229000719,0,0,0
229000720,0,0,0
229000721,0,0,0
229000722,0,0,0
229000723,0,0,0
229000724,0,0,0
229000725,0,0,0
229000738,0,0,0
229000739,0,0,0
229000740,0,0,0
229000741,0,0,0
229000742,0,0,0
229000743,0,0,0
229000744,0,0,0
229000745,0,0,0
229000746,0,0,0
229000847,0,0,0
229000848,0,0,0
229000849,0,0,0
229000851,0,0,0
229000854,0,0,0
229000856,0,0,0
229000857,0,0,0
229000858,0,0,0
229000919,0,0,0
229000930,0,0,0
229000937,126,0,126
229000966,18,2,16
229000981,0,0,0
229000985,0,0,0
229000986,0,0,0
229000987,0,0,0
229000988,0,0,0
229000989,0,0,0
229000990,0,0,0
229000991,0,0,0
229000992,0,0,0
229000993,11,3,8
229000998,0,0,0
229000999,2,0,2
229001034,0,0,0
229001035,1,0,1
229001037,8,0,8
229001042,7,0,7
229001047,0,0,0
229001050,20,0,20
229001168,0,0,0
229001200,1,0,1
229001338,0,0,0
229001394,177,1,176
229001422,66,8,58
229001423,0,0,0
229001431,66,11,55
229001432,0,0,0
229001444,66,1,65
229001445,0,2,-2
229001479,0,0,0
229001503,96,22,74
229001504,0,0,0
229001505,139,11,128
229001506,0,0,0
229001509,1,0,1
229001545,47,0,47
229001546,0,0,0
229001553,18,1,17
229001554,0,0,0
229001559,0,0,0
229001560,0,0,0
229001630,6,0,6
229001631,0,0,0
229001635,0,0,0
229001636,0,0,0
229001658,0,0,0
229001659,32,0,32
229001660,0,0,0
229001661,0,11,-11
229001662,23,0,23
229001663,0,0,0
229002584,13,10,3
229002831,1,2,-1
229002841,0,1,-1
229002842,0,0,0
229002843,1,1,0
229002844,0,1,-1
229002845,0,2,-2
229002846,0,0,0
229002847,0,0,0
229002848,0,0,0
229002849,0,0,0
229002850,18,0,18
229002851,3,4,-1
229002852,2,1,1
229002853,17,1,16
229002854,0,0,0
229002855,0,0,0
229002856,1,2,-1
229002857,0,0,0
229002858,0,0,0
229002859,0,0,0
229002860,5,0,5
229002861,2,1,1
229002862,0,1,-1
229002863,0,2,-2
229002864,1,3,-2
229002865,0,0,0
229002866,15,25,-10
229002867,0,0,0
229002868,33,0,33
229002869,0,5,-5
229002870,2,0,2
235000066,219,0,219
235000067,172,2,170
235000072,0,0,0
235000073,0,0,0
235000074,0,0,0
235000080,0,0,0
235000081,0,0,0
235000082,150,4,146
235000083,101,2,99
235000084,14,3,11
235000085,189,4,185
235000089,30,1,29
235000092,0,0,0
235000093,0,0,0
235000097,0,1,-1
235000098,90,2,88
235000099,2,1,1
235000116,8,0,8
235000117,62,0,62
235000133,0,0,0
235000134,0,0,0
235000206,1,5,-4
235000207,1,0,1
235000208,0,0,0
235000209,0,0,0
235000210,0,0,0
235000212,0,0,0
235000213,0,0,0
235000220,0,0,0
235000221,0,0,0
235000238,0,197,-197
235000239,0,8,-8
235000242,18,395,-377
235000245,0,0,0
235000246,0,0,0
235000284,0,0,0
235000295,14,0,14
235000305,64,32,32
235000306,71,0,71
235000307,47,0,47
235000308,1,0,1
235000309,1,0,1
235000310,0,0,0
235000311,5,0,5
235000322,0,0,0
235000323,0,0,0
235000324,0,0,0
235000325,0,0,0
235000326,0,0,0
235000351,0,0,0
235000352,0,0,0
235000353,0,0,0
235000354,0,0,0
235000355,0,0,0
235000356,18,0,18
235000357,4,0,4
235000358,2,3,-1
235000359,2,0,2
235000360,5,0,5
235000361,21,0,21
235000381,0,0,0
235000382,110,3,107
235000390,13,0,13
235000391,80,2,78
235000392,202,21,181
235000393,65,17,48
235000395,61,0,61
235000396,252,20,232
235000400,6,4,2
235000401,0,0,0
235000405,0,0,0
235000406,0,0,0
235000407,0,0,0
235000409,0,0,0
235000410,0,0,0
235000411,0,0,0
235000485,0,0,0
235000486,46,0,46
235000549,38,6,32
235000550,0,0,0
235000599,0,0,0
235000600,0,0,0
235000601,10,1,9
235000602,54,2,52
235000614,0,0,0
235000648,0,0,0
235000649,24,0,24
235000685,0,0,0
235000815,0,0,0
235000834,0,0,0
235000855,67,5,62
235000862,0,0,0
235000891,0,0,0
235000892,0,0,0
235000901,0,0,0
235000907,0,0,0
235001010,18,1,17
235001029,0,0,0
235001030,291,9,282
235001078,80,11,69
235001079,0,0,0
235001147,8,11,-3
235001166,5,0,5
235001167,0,0,0
235001169,0,0,0
235001188,0,0,0
235001189,5,0,5
235001197,0,0,0
235001200,0,0,0
235001207,136,5,131
235001210,0,0,0
235001215,0,0,0
235001239,0,0,0
235001244,0,0,0
235016267,0,0,0
277101746,0,0,0
277102712,0,0,0
277103813,3,0,3
277103814,0,0,0
277103898,0,0,0
277104249,0,0,0
277104250,0,1,-1
277104251,0,0,0
277104252,0,0,0
990011530,0,0,0
990014944,0,0,0
990015176,18,0,18
990015618,0,0,0
990016032,0,0,0
990032570,0,2,-2
990070001,17,0,17
990070103,0,0,0
990070601,0,0,0
990070751,0,0,0
990070766,0,0,0
990071180,336,2,334
990071343,5,0,5
990071387,0,0,0
990071823,37,1,36
990072600,0,0,0
990072964,0,0,0
990073285,0,0,0
990074393,0,0,0
990074870,316,1,315
990075106,189,1,188
990075746,198,1,197
990076437,1223,21,1202
990076458,0,0,0
997000007,128,1,127
997000041,0,0,0
997000058,54,0,54
997000062,18,2,16
997000069,0,0,0
997000070,0,0,0
997000100,1,0,1
997000141,0,0,0
997000198,0,0,0
998000475,0,0,0
998000736,0,0,0
998000965,0,0,0
998001031,0,0,0
998001700,0,0,0
998001899,0,0,0
998001900,21,134,-113
998003073,370,29,341
998101900,1,34,-33
998102850,0,0,0
998501927,180,1,179
998501929,465,37,428
998501930,44,1,43
998501931,171,1,170
998501932,1,0,1
998501933,380,1,379
998501937,12,0,12
998501944,3,0,3
998501950,0,0,0
998501970,40,0,40
998501971,0,118,-118
998501973,0,0,0
998501974,0,0,0
998501975,49,0,49
998501976,10,0,10
998501977,0,3,-3
998501978,1,0,1
998501979,0,0,0
998501980,49,1,48
998501981,76,0,76
998501982,0,0,0
998501983,0,0,0
998502006,0,0,0
998502024,0,0,0
998502032,0,2,-2
998502062,3,0,3
998502063,0,0,0
998502173,2,0,2
998502269,0,0,0
998502546,0,0,0
998502578,0,0,0
998502599,0,0,0
998601159,0,0,0
998601292,0,0,0
999033574,0,0,0
999800001,12,0,12
999800002,0,0,0
999800003,4,0,4
999800004,0,0,0
999800005,0,0,0
