ID,insum,outsum,diff
100000001,740,994,-254
100000002,5246,1599,3647
100000003,7367,4070,3297
100000004,1845,1383,462
100000005,2746,5338,-2592
100000006,796,182,614
100000007,2635,982,1653
100000008,202,661,-459
100000009,646,792,-146
100000010,71,103,-32
100000011,1197,135,1062
100000012,142,817,-675
100000013,85,234,-149
100000014,454,343,111
100000015,2185,2686,-501
100000016,1198,1648,-450
100000017,895,907,-12
100000018,1759,761,998
100000019,4959,2217,2742
100000020,2391,7152,-4761
100000021,5841,2335,3506
100000022,2519,2201,318
100000023,6214,1845,4369
100000025,2586,1233,1353
100000028,2645,1254,1391
100000029,334,276,58
100000030,343,89,254
100000031,6215,7042,-827
100000032,2793,4065,-1272
100000033,1523,2762,-1239
100000034,760,573,187
100000035,2456,1414,1042
100000036,3074,1582,1492
100000037,808,540,268
100000038,2289,1210,1079
100000039,806,237,569
100000040,189,177,12
100000041,1350,563,787
100000042,2696,619,2077
100000043,1471,486,985
100000044,477,739,-262
100000045,807,1684,-877
100000046,774,1104,-330
100000047,388,673,-285
100000048,638,799,-161
100000049,1945,2470,-525
100000051,640,1158,-518
100000053,238,9,229
100000054,644,63,581
100000055,1833,281,1552
100000056,758,562,196
100000057,2322,891,1431
100000058,1247,1522,-275
100000059,26,141,-115
100000060,386,454,-68
100000061,2629,556,2073
100000062,2462,668,1794
100000063,874,317,557
100000064,1540,422,1118
100000065,448,1098,-650
100000066,221,751,-530
100000067,562,917,-355
100000068,665,2012,-1347
100000069,384,1769,-1385
100000072,334,1137,-803
100000073,1310,1433,-123
100000075,834,346,488
100000076,2700,2859,-159
100000077,371,219,152
100000078,65,39,26
100000079,89,97,-8
100000080,40,55,-15
100000081,185,226,-41
100000102,3303,2213,1090
100000103,4197,1696,2501
100000104,6301,3049,3252
100000105,3601,1987,1614
100000106,3198,2699,499
100000107,1198,1004,194
100000108,1020,1184,-164
100000109,4404,1618,2786
100000116,1901,1210,691
100000117,114,124,-10
100000118,2073,1097,976
100000119,646,702,-56
100000121,266,558,-292
100000122,1063,1112,-49
100000123,3437,5297,-1860
100000124,8817,9079,-262
100000125,4923,1506,3417
100000126,1223,399,824
100000127,1778,448,1330
100000128,2491,2024,467
100000129,487,427,60
100000130,490,551,-61
100000131,3226,3412,-186
100000132,1770,3394,-1624
100000133,7338,3183,4155
100000135,664,1194,-530
100000139,633,287,346
100000140,662,363,299
100000142,552,618,-66
100000143,1708,776,932
100000144,4334,1055,3279
100000147,1223,2987,-1764
100000150,52,490,-438
100000151,1533,1076,457
100000153,340,549,-209
100000154,146,252,-106
100000155,29,66,-37
100000156,483,339,144
100000157,121,96,25
100000158,321,75,246
100000159,363,585,-222
100000165,2004,945,1059
100000169,491,429,62
100000174,1060,487,573
100000179,129,658,-529
100000180,2653,1361,1292
100000181,658,321,337
100000188,75,260,-185
100000189,1173,429,744
100000190,1161,749,412
100000191,876,611,265
100000192,61,171,-110
100000193,244,191,53
100000330,1680,1075,605
100000355,343,648,-305
100000362,6649,4351,2298
100000363,4549,5739,-1190
100000364,429,258,171
100000365,6294,6465,-171
100000366,8513,3751,4762
100000367,6305,5679,626
100000368,3558,2088,1470
100000369,1895,2462,-567
100000370,348,817,-469
100000376,141,134,7
100000379,3990,1910,2080
100000380,7064,3960,3104
100000384,8121,5973,2148
100000385,6489,5670,819
100000386,10763,5747,5016
100000387,6839,6636,203
100000388,10269,7420,2849
100000389,10597,7776,2821
100000390,13049,6715,6334
100000391,9311,8989,322
100000392,4870,4186,684
100000393,3800,4861,-1061
100000394,11559,9710,1849
100000395,7649,4092,3557
100000396,10122,3957,6165
100000397,6587,5572,1015
100000398,13586,9267,4319
100000413,0,0,0
100900002,16,68,-52
100900003,367,178,189
100900004,35,752,-717
100900005,202,52,150
100900006,24,175,-151
100900007,676,15,661
100900008,3,379,-376
100900009,108,167,-59
100900010,107,120,-13
100900011,136,273,-137
100900012,1,219,-218
100900013,975,71,904
100900014,0,13,-13
100900015,133,104,29
100900016,2,53,-51
100900017,1097,74,1023
100900018,0,12,-12
100900019,69,163,-94
100900020,379,11,368
100900021,456,1,455
100900022,23,42,-19
100900023,0,36,-36
100900024,1165,13,1152
100900025,24,53,-29
100900026,121,185,-64
100900027,774,3136,-2362
100900028,191,264,-73
100900029,97,23,74
100900030,1,44,-43
100900031,828,69,759
100900032,179,2,177
100900033,331,207,124
100900034,712,7,705
100900035,676,5,671
100900036,28,3,25
100900037,110,290,-180
100900038,148,34,114
100900039,472,652,-180
100900040,397,849,-452
100900041,872,863,9
100900042,1620,463,1157
100900043,1,23,-22
100900044,2556,617,1939
100900045,107,2,105
100900046,1207,18,1189
100900047,1071,250,821
100900048,302,72,230
100900049,116,241,-125
100900050,4,15,-11
100900051,55,79,-24
100900052,784,123,661
100900053,413,40,373
100900054,6,109,-103
100900055,304,784,-480
100900056,289,278,11
100900057,712,1488,-776
100900058,375,85,290
100900059,208,16,192
100900060,182,17,165
100900061,500,290,210
100900062,5,56,-51
100900063,281,743,-462
100900064,823,18,805
100900065,131,153,-22
100900066,128,239,-111
100900067,4,16,-12
100900068,116,113,3
100900069,704,12,692
100900070,373,8,365
100900071,1051,385,666
100900072,0,48,-48
100900073,197,629,-432
100900074,15,12,3
100900075,1975,495,1480
100900076,38,41,-3
100900077,24,148,-124
100900078,168,439,-271
100900079,7,37,-30
100900080,46,183,-137
100900081,73,198,-125
100900082,149,679,-530
100900083,23,41,-18
100900085,27,145,-118
100900086,177,1023,-846
100900088,125,596,-471
100900089,5,28,-23
100900090,204,503,-299
100900091,1,21,-20
100900092,494,278,216
100900093,238,364,-126
100900094,157,538,-381
100900095,5,26,-21
100900096,45,151,-106
100900097,3,6,-3
100900098,20,16,4
100900099,64,609,-545
100900100,6,448,-442
100900101,448,74,374
100900102,123,151,-28
100900103,22,29,-7
100900104,21,181,-160
100900105,38,454,-416
100900106,43,11,32
100900107,2262,937,1325
100900108,28,35,-7
100900109,43,43,0
100900110,4,41,-37
100900111,66,189,-123
100900112,1,10,-9
100900113,19,29,-10
100900114,11,25,-14
100900115,7,43,-36
100900116,930,1074,-144
100900117,414,884,-470
100900118,131,132,-1
100900119,36,28,8
100900120,8,9,-1
100900121,429,876,-447
100900122,171,245,-74
100900123,95,232,-137
100900124,12,3,9
100900125,24,117,-93
100900126,151,343,-192
100900127,2,7,-5
100900128,125,189,-64
100900129,0,127,-127
100900131,88,314,-226
100900133,96,64,32
100900134,14,6,8
100900135,4,134,-130
100900137,473,251,222
100900138,658,537,121
100900139,5,13,-8
100900140,5,622,-617
100900141,6,440,-434
100900142,1,17,-16
100900143,854,510,344
100900144,34,19,15
100900145,97,202,-105
100900146,24,71,-47
100900147,18,292,-274
100900148,54,800,-746
100900149,29,184,-155
100900150,1,71,-70
100900151,169,741,-572
100900152,113,15,98
100900153,6,219,-213
100900154,24,62,-38
100900155,14,12,2
100900156,33,11,22
100900157,13,235,-222
100900159,27,27,0
100900160,21,12,9
100900161,149,9,140
100900162,36,521,-485
100900163,267,287,-20
100900164,38,61,-23
100900165,14,82,-68
100900166,41,2,39
100900167,26,73,-47
100900168,36,192,-156
100900169,218,970,-752
100900170,29,16,13
100900171,22,744,-722
100900172,0,15,-15
100900173,8,542,-534
100900174,982,61,921
100900176,1533,232,1301
100900177,849,369,480
100900178,431,204,227
100900179,252,367,-115
100900180,9,6,3
100900181,88,78,10
100900182,42,33,9
100900184,28,166,-138
100900186,772,578,194
100900187,29,148,-119
100900188,45,7,38
100900189,1076,272,804
100900191,1574,1423,151
100900192,336,351,-15
100900195,151,141,10
100900197,24,106,-82
100900198,24,238,-214
100900199,13,38,-25
100900200,815,556,259
100900201,118,879,-761
100900202,57,0,57
100900203,1,99,-98
100900204,577,504,73
100900205,206,524,-318
100900206,165,91,74
100900207,271,161,110
100900210,51,640,-589
100900211,599,219,380
100900213,110,82,28
100900214,891,177,714
100900215,15,62,-47
100900217,204,102,102
101000001,4863,3235,1628
101000002,5780,5762,18
101000003,820,2090,-1270
101000004,11157,8964,2193
101000005,4993,5511,-518
101000006,8877,8085,792
101000007,3258,4004,-746
101000008,4504,3516,988
101000009,2294,1771,523
101000010,1069,1490,-421
101000011,2437,816,1621
101000012,1872,960,912
101000013,711,1288,-577
101000014,701,824,-123
101000015,1034,872,162
101000016,600,590,10
101000017,718,631,87
101000018,3923,3146,777
101000020,4007,1383,2624
101000021,981,422,559
101000022,385,96,289
101000023,1877,815,1062
101000025,297,428,-131
101000026,395,16,379
101000027,2216,2316,-100
101000028,1184,263,921
101000029,288,1837,-1549
101000030,2477,166,2311
101000031,1235,914,321
101000032,11871,4659,7212
101000033,2928,3825,-897
101000034,2965,1715,1250
101000035,982,481,501
101000036,1908,980,928
101000037,4025,1784,2241
101000039,3319,2530,789
101000040,3987,3646,341
101000041,15474,9512,5962
101000042,1012,1701,-689
101000043,11088,8437,2651
101000045,2413,1145,1268
101000046,5416,1488,3928
101000047,3414,3054,360
101000048,1168,1137,31
101000049,1041,1972,-931
101000050,4021,3370,651
101000051,3003,3075,-72
101000052,1846,1053,793
101000053,1565,2302,-737
101000054,2574,1959,615
101000055,1598,1507,91
101000056,66,138,-72
101000057,2723,1265,1458
101000058,1771,1459,312
101000059,3115,2382,733
101000060,1825,585,1240
101000061,1146,1639,-493
101000062,848,767,81
101000063,748,1148,-400
101000064,1382,1053,329
101000065,396,460,-64
101000066,1324,824,500
101000067,1590,1012,578
101000068,553,500,53
101000069,602,123,479
101000070,1872,1170,702
101000071,2074,983,1091
101000072,1078,3414,-2336
101000073,1150,1018,132
101000074,8208,4110,4098
101000075,6813,4243,2570
101000077,1582,1242,340
101000078,1179,2380,-1201
101000079,775,475,300
101000080,717,467,250
101000081,2037,1684,353
101000082,4073,3506,567
101000083,2895,2605,290
101000084,1524,972,552
101000085,1881,1554,327
101000086,1253,1260,-7
101000087,1047,1413,-366
101000088,1449,1476,-27
101000089,1064,1993,-929
101000090,2348,1584,764
101000091,391,1160,-769
101000092,788,1224,-436
101000093,1809,1140,669
101000094,1130,1495,-365
101000095,490,781,-291
101000096,403,667,-264
101000097,639,423,216
101000098,592,764,-172
101000099,1161,1417,-256
101000100,1065,919,146
101000101,389,468,-79
101000102,1133,529,604
101000103,1068,654,414
101000104,566,704,-138
101000105,1328,368,960
101000106,1183,517,666
101000107,237,344,-107
101000108,1106,420,686
101000109,303,89,214
101000110,58,671,-613
101000111,298,320,-22
101000113,237,1020,-783
101000114,10512,5350,5162
101000115,165,163,2
101000116,229,187,42
101000117,1974,392,1582
101000119,120,59,61
101000120,130,50,80
101000121,97,45,52
101000122,162,85,77
101000123,90,123,-33
101000124,644,202,442
101000125,284,535,-251
101000128,803,510,293
101000130,326,368,-42
101000131,816,726,90
101000132,736,1283,-547
101000135,106,22,84
101000136,636,129,507
101000137,73,359,-286
101000141,1936,3602,-1666
101000147,956,539,417
101000148,1773,37,1736
101000149,138,186,-48
101000150,121,852,-731
101000151,201,85,116
101000152,382,355,27
101000153,511,504,7
101000154,345,1402,-1057
101000155,397,201,196
101000156,34,324,-290
101000157,69,46,23
101000160,245,90,155
101000163,441,333,108
101000164,514,387,127
101000165,321,400,-79
101000166,349,486,-137
101000168,983,422,561
101000252,1861,998,863
101000254,757,106,651
101000258,26,14,12
101000261,165,29,136
101000262,1379,1822,-443
101000263,440,1643,-1203
101000265,101,986,-885
101000266,455,416,39
101000269,97,8,89
101000290,1721,3135,-1414
101000293,60,96,-36
101000294,844,574,270
101000295,143,687,-544
101000301,1115,582,533
101000304,2404,2788,-384
101000305,3525,1933,1592
101000328,120,395,-275
101900001,31,89,-58
101900002,0,9,-9
101900003,71,128,-57
101900004,7,56,-49
101900005,4951,2203,2748
101900006,1058,96,962
101900007,872,246,626
101900008,88,463,-375
101900009,73,665,-592
101900010,1129,719,410
101900011,419,1821,-1402
101900012,318,521,-203
101900013,1412,217,1195
101900017,22,157,-135
101900018,1704,263,1441
101900019,396,161,235
101900020,122,125,-3
101900021,1,69,-68
101900022,181,1438,-1257
101900023,125,256,-131
101900026,101,70,31
101900027,29,145,-116
102000001,3619,4883,-1264
102000002,3535,1318,2217
102000003,4605,8668,-4063
102000004,10533,3889,6644
102000005,1451,2524,-1073
102000006,1558,2293,-735
102000007,1811,5032,-3221
102000008,5575,2005,3570
102000009,6591,8165,-1574
102000010,6845,4119,2726
102000011,3508,3099,409
102000012,3762,3585,177
102000018,3822,3155,667
102000019,3171,1998,1173
102000026,222,768,-546
102000029,302,261,41
102000030,135,404,-269
102000031,102,202,-100
102000032,435,383,52
102000033,274,450,-176
102000034,640,482,158
102000035,1159,906,253
102000036,12,286,-274
102000037,165,87,78
102000038,260,337,-77
102000039,281,95,186
102000040,742,280,462
102000041,258,375,-117
102000042,373,319,54
102000043,466,246,220
102000044,490,488,2
102000045,729,1200,-471
102000046,1179,697,482
102000047,1070,1351,-281
102000048,392,933,-541
102000049,1103,751,352
102000050,1202,1485,-283
102000051,554,753,-199
102000052,2000,1084,916
102000053,1059,1010,49
102000054,689,1214,-525
102000055,1183,919,264
102000056,975,1485,-510
102000057,1757,789,968
102000058,1362,2026,-664
102000059,2553,1825,728
102000060,1649,1292,357
102000061,1686,2523,-837
102000062,1954,1293,661
102000063,1302,1611,-309
102000064,627,827,-200
102000065,51,135,-84
102000066,1290,1203,87
102000067,2973,3743,-770
102000068,10486,3415,7071
102000069,66,1860,-1794
102000070,2263,65,2198
102000071,8450,10796,-2346
102000072,3983,4863,-880
102000073,2773,1266,1507
102000074,1392,1379,13
102000075,156,365,-209
102000076,329,821,-492
102000077,607,1032,-425
102000078,1041,1126,-85
102000079,210,320,-110
102000080,294,287,7
102000081,451,946,-495
102000082,886,381,505
102000083,664,391,273
102000084,274,396,-122
102000085,1910,1193,717
102000086,1222,1482,-260
102000087,1162,1996,-834
102000088,360,412,-52
102000089,1345,518,827
102000090,762,1438,-676
102000091,1772,661,1111
102000092,418,1075,-657
102000093,556,637,-81
102000094,1276,789,487
102000095,1415,1743,-328
102000096,1167,1201,-34
102000097,1471,1401,70
102000098,729,1178,-449
102000099,1171,874,297
102000100,1116,1452,-336
102000101,1561,1002,559
102000102,567,2145,-1578
102000103,1867,530,1337
102000104,795,398,397
102000105,246,683,-437
102000106,909,759,150
102000107,1165,701,464
102000108,670,278,392
102000109,696,641,55
102000110,1130,1679,-549
102000111,18,319,-301
102000112,114,128,-14
102000113,25,49,-24
102000114,960,401,559
102000115,240,328,-88
102000116,812,391,421
102000117,572,583,-11
102000118,1977,1356,621
102000119,2350,848,1502
102000120,259,539,-280
102000121,1192,644,548
102000122,731,1052,-321
102000123,1664,1389,275
102000124,1773,1327,446
102000125,1029,1107,-78
102000126,894,793,101
102000127,1438,911,527
102000128,874,1273,-399
102000129,1575,979,596
102000130,711,875,-164
102000131,1739,1030,709
102000132,701,1674,-973
102000133,1941,2067,-126
102000134,663,863,-200
102000135,738,980,-242
102000136,1058,695,363
102000137,1200,788,412
102000138,491,547,-56
102000139,250,505,-255
102000140,465,297,168
102000141,550,561,-11
102000142,441,453,-12
102000143,163,494,-331
102000144,345,427,-82
102000145,463,472,-9
102000146,496,433,63
102000147,573,514,59
102000148,229,430,-201
102000149,173,533,-360
102000150,437,175,262
102000151,134,351,-217
102000152,249,155,94
102000153,1349,522,827
102000154,457,880,-423
102000155,162,426,-264
102000156,360,113,247
102000157,176,416,-240
102000158,839,642,197
102000159,1308,498,810
102000161,4820,2398,2422
102000162,311,170,141
102000163,113,677,-564
102000164,1359,1506,-147
102000165,408,226,182
102000166,55,198,-143
102000167,374,298,76
102000168,367,173,194
102000169,178,598,-420
102000170,635,258,377
102000171,685,235,450
102000172,682,503,179
102000173,581,318,263
102000174,83,91,-8
102000175,167,144,23
102000176,47,52,-5
102000178,249,522,-273
102000179,401,238,163
102000180,874,501,373
102000181,759,720,39
102000182,639,682,-43
102000183,1808,2229,-421
102000184,1977,961,1016
102000185,2854,1742,1112
102000186,1441,2436,-995
102000187,874,2010,-1136
102000188,988,1713,-725
102000189,2951,1128,1823
102000190,816,3170,-2354
102000191,1784,625,1159
102000192,1273,1479,-206
102000193,55,211,-156
102000194,90,175,-85
102000195,446,531,-85
102000196,207,532,-325
102000197,783,474,309
102000198,300,898,-598
102000199,1177,402,775
102000200,385,1179,-794
102000201,982,643,339
102000202,4,151,-147
102000203,463,296,167
102000204,469,834,-365
102000205,1088,421,667
102000206,781,827,-46
102000207,739,465,274
102000208,424,499,-75
102000209,70,81,-11
102000210,427,585,-158
102000211,593,372,221
102000212,310,9,301
102000213,7,375,-368
102000214,211,12,199
102000215,9,433,-424
102000216,36,51,-15
102000217,16,174,-158
102000218,294,142,152
102000219,542,404,138
102000225,795,719,76
102000226,5991,1590,4401
102000227,123,5,118
102000228,3,152,-149
102000229,38,42,-4
102000230,287,602,-315
102000231,348,608,-260
102000232,55,195,-140
102000233,509,844,-335
102000234,138,1304,-1166
102000236,406,101,305
102000237,505,168,337
102000238,215,349,-134
102000240,772,744,28
102000241,195,130,65
102000243,41,72,-31
102000245,22,170,-148
102000246,18,31,-13
102000247,1606,1364,242
102000248,926,1103,-177
102000249,175,173,2
102000250,96,412,-316
102000254,120,397,-277
102000266,66,257,-191
102000271,27,1,26
102000286,558,509,49
102000297,2320,1328,992
102000299,0,0,0
102000301,0,0,0
102000305,0,4,-4
102000307,0,2,-2
102900001,1461,971,490
102900002,420,42,378
102900003,69,270,-201
102900005,400,428,-28
102900006,595,176,419
102900007,493,35,458
102900008,202,107,95
102900009,729,361,368
102900010,715,530,185
102900011,2334,480,1854
102900012,372,99,273
102900013,38,91,-53
102900015,997,562,435
102900016,64,174,-110
102900017,198,741,-543
102900018,22,159,-137
102900019,528,602,-74
102900020,163,40,123
102900021,31,146,-115
102900022,811,228,583
102900023,25,55,-30
102900024,45,59,-14
102900025,329,150,179
102900026,621,2008,-1387
102900027,72,91,-19
102900028,227,789,-562
102900029,194,195,-1
102900030,477,302,175
102900031,233,200,33
102900032,106,125,-19
102900033,87,240,-153
102900034,495,129,366
102900035,196,415,-219
102900036,361,602,-241
102900037,274,689,-415
102900038,488,720,-232
102900039,34,648,-614
102900040,183,333,-150
102900041,96,207,-111
102900042,276,349,-73
102900043,261,333,-72
102900044,804,2463,-1659
102900045,150,764,-614
102900046,190,351,-161
102900047,98,700,-602
102900048,690,843,-153
102900049,139,493,-354
102900050,316,406,-90
102900051,274,248,26
102900052,63,81,-18
102900053,494,780,-286
102900054,1120,1398,-278
102900055,138,215,-77
102900056,118,545,-427
102900057,7,60,-53
102900058,317,93,224
102900059,30,89,-59
102900060,194,446,-252
102900061,183,508,-325
102900062,243,981,-738
102900063,1373,441,932
102900064,196,485,-289
102900065,1787,888,899
102900066,420,59,361
102900068,162,82,80
102900070,318,560,-242
102900072,36,94,-58
102900073,235,17,218
102900075,87,60,27
102900076,204,137,67
102900077,58,51,7
102900078,28,115,-87
102900079,179,20,159
102900080,371,56,315
102900081,101,341,-240
102900082,17,231,-214
102900083,348,23,325
102900084,16,31,-15
102900085,368,186,182
102900086,18,59,-41
102900087,126,107,19
102900088,35,38,-3
102900089,330,162,168
102900090,4,525,-521
102900091,193,3,190
102900092,573,1250,-677
102900093,200,284,-84
102900094,16,101,-85
102900095,90,2,88
102900096,68,24,44
102900097,4,166,-162
102900098,28,11,17
103000001,2698,3093,-395
103000002,2336,3045,-709
103000003,4638,3411,1227
103000004,1079,857,222
103000005,2008,3386,-1378
103000006,695,1561,-866
103000007,474,914,-440
103000008,1108,863,245
103000009,1379,1287,92
103000010,151,144,7
103000011,1822,1494,328
103000012,1357,1805,-448
103000013,5652,2445,3207
103000014,1658,3135,-1477
103000015,2090,824,1266
103000016,548,1560,-1012
103000017,230,538,-308
103000018,876,536,340
103000019,341,342,-1
103000020,3415,1807,1608
103000021,2360,2072,288
103000022,869,1250,-381
103000023,656,1803,-1147
103000024,87,211,-124
103000025,125,692,-567
103000026,1381,163,1218
103000027,390,674,-284
103000028,531,474,57
103000029,321,355,-34
103000030,2068,1072,996
103000031,1806,2084,-278
103000032,2340,2106,234
103000033,3350,3301,49
103000034,1833,1390,443
103000035,550,1569,-1019
103000036,454,656,-202
103000037,735,593,142
103000038,647,1211,-564
103000039,389,525,-136
103000040,489,1254,-765
103000041,1746,2623,-877
103000042,1354,646,708
103000043,692,1174,-482
103000044,188,198,-10
103000046,329,533,-204
103000047,726,727,-1
103000048,188,233,-45
103000049,130,210,-80
103000050,760,656,104
103000051,593,673,-80
103000052,976,496,480
103000053,233,802,-569
103000054,3194,1763,1431
103000055,2461,2668,-207
103000056,682,1824,-1142
103000057,499,321,178
103000058,773,955,-182
103000059,535,959,-424
103000060,989,860,129
103000061,533,1154,-621
103000062,1201,727,474
103000063,873,1001,-128
103000064,167,253,-86
103000065,8,554,-546
103000066,271,17,254
103000069,394,506,-112
103000070,1324,1101,223
103000071,1200,589,611
103000072,112,867,-755
103000073,625,162,463
103000074,842,118,724
103000075,165,860,-695
103000076,309,429,-120
103000077,39,445,-406
103000078,1420,771,649
103000079,1168,681,487
103000080,1390,536,854
103000081,611,1152,-541
103000082,619,240,379
103000083,128,408,-280
103000084,166,13,153
103000085,4,142,-138
103000086,821,459,362
103000087,172,721,-549
103000088,407,378,29
103000089,261,559,-298
103000090,2012,892,1120
103000091,665,509,156
103000092,332,324,8
103000093,338,422,-84
103000094,236,152,84
103000095,80,445,-365
103000096,692,106,586
103000097,105,808,-703
103000098,1106,191,915
103000099,445,738,-293
103000100,133,892,-759
103000101,953,146,807
103000102,113,782,-669
103000103,940,233,707
103000104,81,131,-50
103000105,136,147,-11
103000106,19,135,-116
103000107,267,94,173
103000108,768,677,91
103000109,355,368,-13
103000110,509,430,79
103000111,566,549,17
103000112,461,238,223
103000113,1014,773,241
103000114,1830,633,1197
103000115,578,530,48
103000116,647,514,133
103000117,416,535,-119
103000118,1170,1051,119
103000119,1663,710,953
103000120,94,156,-62
103000121,413,675,-262
103000122,585,467,118
103000125,20,382,-362
103000126,687,12,675
103000127,1,209,-208
103000128,187,4,183
103000129,1,158,-157
103000130,109,50,59
103000131,172,112,60
103000132,111,169,-58
103000133,19,140,-121
103000134,767,1028,-261
103000135,856,333,523
103000136,811,546,265
103000137,718,726,-8
103000138,1041,877,164
103000139,3,102,-99
103000140,143,33,110
103000141,79,148,-69
103000142,191,98,93
103000143,84,253,-169
103000144,310,78,232
103000145,136,74,62
103000150,105,61,44
103000152,222,284,-62
103000153,259,178,81
103000156,8,412,-404
103000157,448,2,446
103000159,189,110,79
103000162,93,20,73
103000163,18,51,-33
103000164,44,14,30
103000165,140,356,-216
103000166,215,313,-98
103000167,228,129,99
103000168,81,221,-140
103000169,194,468,-274
103000170,794,477,317
103000171,55,110,-55
103000172,646,420,226
103000173,571,718,-147
103000174,152,433,-281
103000175,334,434,-100
103000176,1030,722,308
103000177,706,544,162
103000178,298,361,-63
103000179,197,68,129
103000183,149,12,137
103000185,105,68,37
103000186,157,236,-79
103000187,526,473,53
103000188,10,111,-101
103000189,887,890,-3
103000191,719,858,-139
103000292,2166,2050,116
103000293,1216,2238,-1022
103000295,119,128,-9
103000296,611,6,605
103000297,157,43,114
103000504,84,19,65
103000505,10,26,-16
103000506,1,349,-348
103000507,301,8,293
103000508,75,80,-5
103000509,250,726,-476
103900001,4,339,-335
103900002,1615,218,1397
103900003,2037,174,1863
103900004,122,0,122
103900005,4,383,-379
103900006,6,0,6
103900007,74,9,65
103900008,21,1,20
103900009,290,614,-324
103900010,151,428,-277
103900011,255,243,12
103900012,8,18,-10
103900013,55,106,-51
103900014,71,27,44
103900015,87,24,63
103900016,315,248,67
103900017,59,91,-32
103900018,915,311,604
103900019,90,401,-311
103900020,216,613,-397
103900021,757,110,647
103900022,1443,845,598
103900023,164,0,164
103900024,121,457,-336
103900025,15,64,-49
103900026,57,0,57
103900027,881,390,491
103900028,24,350,-326
103900029,1322,215,1107
103900030,342,84,258
103900031,24,1,23
103900032,112,86,26
103900033,128,35,93
103900034,40,213,-173
103900035,90,66,24
103900036,58,38,20
103900037,124,92,32
103900038,112,222,-110
103900039,82,396,-314
103900040,11,184,-173
103900041,44,83,-39
103900042,74,413,-339
103900043,202,109,93
103900044,134,285,-151
103900045,338,210,128
103900047,73,30,43
103900048,71,28,43
103900049,284,1485,-1201
103900050,10,117,-107
103900051,1,53,-52
103900052,285,453,-168
103900053,286,842,-556
103900054,110,473,-363
103900055,547,275,272
103900056,72,66,6
103900057,40,245,-205
103900058,329,809,-480
103900059,0,11,-11
103900060,36,206,-170
103900061,165,73,92
103900062,308,100,208
103900063,7,0,7
103900064,120,8,112
103900065,974,517,457
103900066,206,32,174
103900067,163,9,154
103900068,15,0,15
103900069,88,18,70
103900070,200,355,-155
103900071,23,160,-137
103900072,21,259,-238
103900073,28,24,4
103900074,122,123,-1
103900075,339,119,220
103900076,416,674,-258
103900077,63,97,-34
103900078,353,133,220
103900079,169,264,-95
103900080,15,42,-27
103900081,142,36,106
103900082,10,139,-129
103900083,1910,1058,852
103900084,107,219,-112
103900085,97,194,-97
103900086,688,401,287
103900088,401,506,-105
103900089,73,188,-115
103900090,1,163,-162
103900091,1323,327,996
103900092,987,477,510
103900093,141,388,-247
103900094,12,159,-147
103900095,549,268,281
103900096,31,285,-254
103900097,28,578,-550
103900098,290,143,147
103900099,97,214,-117
103900100,224,483,-259
103900101,61,1164,-1103
103900102,0,34,-34
103900104,2,45,-43
103900105,126,283,-157
103900106,0,15,-15
103900107,111,273,-162
103900108,56,405,-349
103900109,129,124,5
103900110,281,55,226
103900111,92,766,-674
103900112,93,154,-61
103900113,132,241,-109
103900114,492,358,134
103900115,360,273,87
103900116,7400,3378,4022
103900117,160,121,39
103900119,50,65,-15
103900120,98,161,-63
103900122,127,377,-250
103900123,1874,860,1014
103900124,55,561,-506
103900125,122,94,28
103900126,519,540,-21
103900127,149,556,-407
103900128,126,223,-97
103900131,30,129,-99
103900133,1257,70,1187
103900134,1,6,-5
103900135,22,14,8
103900137,0,50,-50
103900138,104,323,-219
103900139,192,1845,-1653
103900140,18,128,-110
103900141,350,90,260
103900142,162,166,-4
103900143,33,0,33
103900144,4,45,-41
103900145,182,290,-108
103900146,421,353,68
103900147,394,144,250
103900148,241,341,-100
103900149,294,844,-550
103900150,7513,4126,3387
103900151,67,182,-115
103900152,527,595,-68
103900153,6,1,5
103900154,1231,2223,-992
103900155,50,311,-261
103900156,38,228,-190
103900157,44,254,-210
103900158,94,216,-122
103900159,156,118,38
103900160,75,43,32
103900161,123,220,-97
103900162,67,208,-141
103900163,7,558,-551
103900167,30,144,-114
103900168,134,138,-4
103900169,48,62,-14
103900170,0,116,-116
103900171,0,80,-80
103900172,7,31,-24
103900173,13,23,-10
103900174,149,63,86
103900175,83,71,12
103900176,13,66,-53
103900177,18,109,-91
103900178,63,89,-26
103900179,48,157,-109
103900180,21,120,-99
103900181,70,83,-13
103900182,37,27,10
103900184,607,91,516
103900185,260,381,-121
103900187,43,97,-54
103900188,55,30,25
103900189,144,20,124
103900190,102,74,28
103900191,52,65,-13
103900192,50,104,-54
103900193,172,245,-73
103900194,73,328,-255
103900195,6,84,-78
103900196,98,27,71
103900197,14,50,-36
103900198,13,70,-57
103900199,133,54,79
103900200,163,155,8
103900201,163,243,-80
103900202,12,54,-42
103900203,31,33,-2
103900204,2,149,-147
103900207,1,118,-117
103900208,112,1,111
103900209,7,109,-102
103900210,60,63,-3
103900211,643,510,133
103900212,111,494,-383
103900213,88,364,-276
103900214,294,172,122
103900215,500,338,162
103900216,14,603,-589
103900217,420,86,334
103900218,2,318,-316
103900219,169,327,-158
103900233,75,5,70
103900235,37,31,6
103900236,17,3,14
103900242,10,19,-9
103900243,14,6,8
103900244,120,300,-180
103900245,123,229,-106
103900246,83,53,30
103900247,67,170,-103
103900248,13,47,-34
103900249,31,57,-26
103900250,39,32,7
103900251,1,21,-20
103900253,52,81,-29
103900254,5,17,-12
103900255,13,17,-4
103900256,9,29,-20
103900257,129,115,14
103900258,60,5,55
103900259,96,15,81
103900261,13,1,12
103900262,19,5,14
103900263,51,34,17
103900264,55,52,3
103900265,76,21,55
103900266,5,106,-101
103900267,15,102,-87
103900268,17,110,-93
103900269,167,51,116
103900270,89,179,-90
103900271,8,134,-126
103900272,83,164,-81
103900273,37,120,-83
103900274,77,25,52
103900275,63,10,53
103900276,13,158,-145
103900277,9,152,-143
103900278,5,65,-60
103900279,4,25,-21
103900280,4,78,-74
104000001,2360,2389,-29
104000002,1908,3137,-1229
104000003,2749,2431,318
104000004,3428,3161,267
104000005,1591,2125,-534
104000006,3224,3110,114
104000007,4691,4433,258
104000008,245,378,-133
104000009,148,121,27
104000010,186,319,-133
104000011,599,380,219
104000012,163,457,-294
104000013,179,209,-30
104000014,222,882,-660
104000015,350,170,180
104000016,622,553,69
104000018,813,185,628
104000019,583,215,368
104000020,174,739,-565
104000021,342,779,-437
104000022,136,333,-197
104000023,732,430,302
104000024,268,441,-173
104000026,45,487,-442
104000027,338,395,-57
104000028,386,302,84
104000029,458,595,-137
104000030,318,274,44
104000031,1490,541,949
104000032,258,344,-86
104000033,661,680,-19
104000034,358,309,49
104000035,914,547,367
104000036,847,682,165
104000037,281,235,46
104000038,443,369,74
104000039,228,357,-129
104000040,374,467,-93
104000041,571,365,206
104000042,301,520,-219
104000043,361,481,-120
104000044,297,692,-395
104000045,1242,1345,-103
104000046,1508,2018,-510
104000047,1122,1530,-408
104000048,1149,1936,-787
104000049,575,323,252
104000050,331,646,-315
104000051,132,610,-478
104000052,1636,1886,-250
104000053,957,618,339
104000054,593,604,-11
104000055,4673,3092,1581
104000056,1665,273,1392
104000057,162,553,-391
104000058,886,836,50
104000059,599,1341,-742
104000060,1107,1255,-148
104000061,1649,1429,220
104000062,384,145,239
104000064,529,386,143
104000065,327,718,-391
104000069,1349,1174,175
104000070,82,699,-617
104000071,162,529,-367
104000072,845,277,568
104000075,111,386,-275
104000076,616,174,442
104000082,2586,3593,-1007
104000083,873,189,684
104000084,164,616,-452
104000085,282,361,-79
104000086,218,434,-216
104000087,534,2210,-1676
104000090,839,1586,-747
104000092,1327,2636,-1309
104000094,979,2057,-1078
104000095,2170,1518,652
104000096,1740,351,1389
104000097,1774,1142,632
104000098,2201,1311,890
104000100,1898,867,1031
104000101,1322,1993,-671
104000106,71,708,-637
104000107,788,510,278
104000108,426,603,-177
104000109,368,120,248
104000110,947,1292,-345
104000111,4654,2709,1945
104000112,2992,662,2330
104000116,3,1178,-1175
104000117,160,820,-660
104000118,669,302,367
104000119,678,318,360
104000120,285,894,-609
104000121,257,910,-653
104000122,698,877,-179
104000123,978,1319,-341
104000124,1143,2451,-1308
104000125,4260,4515,-255
104000126,440,506,-66
104000127,1642,3134,-1492
104000128,797,603,194
104000129,478,34,444
104000130,13,220,-207
104000131,800,590,210
104000132,621,603,18
104000133,1582,995,587
104000134,1059,1635,-576
104000135,491,1910,-1419
104000136,996,4590,-3594
104000137,1716,411,1305
104000138,1075,349,726
104000139,8136,3336,4800
104000141,1179,1404,-225
104000142,667,885,-218
104000143,565,762,-197
104000144,82,235,-153
104000145,377,284,93
104000146,397,716,-319
104000147,163,423,-260
104000148,366,162,204
104000149,221,409,-188
104000150,1088,521,567
104000151,496,598,-102
104000152,704,733,-29
104000153,709,526,183
104000154,1149,846,303
104000155,433,466,-33
104000157,1130,1573,-443
104000158,590,436,154
104000159,862,429,433
104000160,1846,2000,-154
104000161,207,223,-16
104000162,96,132,-36
104000165,1407,1242,165
104000167,656,970,-314
104000168,605,10,595
104000169,91,53,38
104000170,626,690,-64
104000248,299,873,-574
104000251,95,339,-244
104000272,0,0,0
104000273,0,0,0
104000274,0,0,0
104000275,0,0,0
104000279,753,530,223
104000290,170,263,-93
104000291,819,1290,-471
104000293,865,878,-13
104000294,28,0,28
104000295,668,903,-235
104000296,399,786,-387
104000297,893,2205,-1312
104000298,2214,922,1292
104000299,788,1831,-1043
104900001,190,544,-354
104900002,51,197,-146
104900003,50,354,-304
104900004,115,369,-254
104900005,277,231,46
104900006,346,84,262
104900007,260,264,-4
104900009,205,480,-275
104900010,61,59,2
104900011,15,11,4
104900012,232,30,202
104900013,175,14,161
104900014,3508,423,3085
104900015,105,15,90
104900016,233,293,-60
104900017,236,232,4
104900018,11,229,-218
104900019,435,2685,-2250
104900020,63,370,-307
104900021,0,220,-220
104900022,12,163,-151
104900023,1,85,-84
104900024,37,103,-66
104900025,91,356,-265
104900026,2,95,-93
104900027,539,387,152
104900028,31,91,-60
104900029,70,91,-21
104900030,578,326,252
104900031,95,232,-137
104900032,34,138,-104
104900033,125,215,-90
104900034,430,219,211
104900035,363,260,103
104900036,212,99,113
104900037,131,268,-137
104900038,719,973,-254
104900039,779,322,457
104900040,422,90,332
104900041,272,136,136
104900042,192,253,-61
104900043,20,120,-100
104900044,618,262,356
104900045,527,59,468
104900046,231,238,-7
104900047,405,151,254
104900048,295,106,189
104900049,28,30,-2
104900050,379,179,200
104900051,360,79,281
104900052,44,1,43
104900053,495,143,352
104900054,165,70,95
104900055,82,1,81
104900056,149,19,130
104900057,41,4,37
104900058,1614,583,1031
104900059,178,63,115
104900060,2,645,-643
104900061,244,754,-510
104900063,3,153,-150
104900064,1,102,-101
104900065,2,244,-242
104900066,5,279,-274
104900067,11,378,-367
104900068,31,312,-281
104900070,302,355,-53
104900071,3,725,-722
104900072,94,393,-299
104900073,107,230,-123
104900074,94,298,-204
104900075,78,73,5
104900076,160,403,-243
104900077,1300,277,1023
104900078,241,578,-337
104900079,200,532,-332
104900080,119,525,-406
104900082,16,588,-572
104900085,5,226,-221
104900087,406,18,388
104900089,224,1,223
104900090,813,675,138
104900091,600,836,-236
104900093,304,705,-401
104900097,3272,2471,801
104900098,105,47,58
104900099,98,695,-597
104900100,549,372,177
104900102,25,192,-167
104900103,620,77,543
104900104,3868,2336,1532
104900106,81,186,-105
104900107,115,216,-101
104900108,45,254,-209
104900109,138,351,-213
104900110,7,48,-41
104900111,159,170,-11
104900112,320,952,-632
104900113,676,440,236
104900114,404,648,-244
104900115,776,592,184
104900116,249,287,-38
104900118,26,80,-54
104900119,10,41,-31
104900120,62,181,-119
104900121,0,104,-104
104900122,4,74,-70
104900123,39,8,31
104900124,37,0,37
104900125,528,8,520
104900126,100,94,6
104900127,42,86,-44
104900128,118,150,-32
104900129,2541,2074,467
105000001,2757,1876,881
105000002,2374,1922,452
105000003,3716,4140,-424
105000004,656,1267,-611
105000005,900,1144,-244
105000006,1554,1730,-176
105000007,1366,1461,-95
105000008,2279,2804,-525
105000009,2195,3470,-1275
105000010,3770,3036,734
105000011,3272,2786,486
105000012,4998,4011,987
105000013,1020,1149,-129
105000014,1878,2402,-524
105000015,11575,14044,-2469
105000016,4324,2811,1513
105000017,2155,1094,1061
105000018,1398,1624,-226
105000019,1623,1062,561
105000020,209,481,-272
105000021,265,104,161
105000022,441,101,340
105000023,823,417,406
105000028,132,150,-18
105000029,647,1384,-737
105000030,4902,3617,1285
105000033,1289,2532,-1243
105000034,175,884,-709
105000037,784,419,365
105000038,2089,1746,343
105000039,3119,2149,970
105000040,911,1110,-199
105000041,602,1661,-1059
105000042,3890,1606,2284
105000043,2153,2331,-178
105000044,633,502,131
105000045,385,1064,-679
105000046,1097,404,693
105000047,552,1700,-1148
105000048,829,279,550
105000049,265,721,-456
105000050,640,395,245
105000051,196,527,-331
105000052,656,1011,-355
105000053,132,181,-49
105000054,438,1082,-644
105000055,820,404,416
105000056,1505,2850,-1345
105000057,1386,1009,377
105000058,1527,1556,-29
105000059,802,742,60
105000060,517,745,-228
105000061,625,624,1
105000062,790,1047,-257
105000063,322,665,-343
105000064,1343,1000,343
105000065,399,750,-351
105000066,1202,1911,-709
105000067,1485,982,503
105000068,570,1089,-519
105000069,2479,1548,931
105000070,892,839,53
105000071,294,847,-553
105000072,1015,2195,-1180
105000073,852,611,241
105000074,1558,1038,520
105000075,805,1015,-210
105000076,1368,1265,103
105000077,3146,1222,1924
105000078,1630,1747,-117
105000079,1898,3456,-1558
105000080,2150,1460,690
105000081,4845,1437,3408
105000082,1546,1692,-146
105000083,5817,3154,2663
105000084,810,1189,-379
105000085,1830,1836,-6
105000086,671,1144,-473
105000087,1827,2124,-297
105000088,1664,1782,-118
105000089,3905,2696,1209
105000090,1296,1038,258
105000091,1825,1856,-31
105000092,787,1237,-450
105000093,413,214,199
105000094,323,266,57
105000095,121,465,-344
105000096,1255,1082,173
105000097,1170,791,379
105000098,1096,828,268
105000099,1242,925,317
105000100,1402,1282,120
105000101,2014,2359,-345
105000102,2206,1615,591
105000103,1888,2714,-826
105000104,2537,1150,1387
105000105,1437,2562,-1125
105000106,1655,2135,-480
105000107,1506,1178,328
105000108,1628,1842,-214
105000109,1592,2145,-553
105000110,923,850,73
105000111,762,946,-184
105000112,1229,873,356
105000113,446,922,-476
105000114,3432,1287,2145
105000115,308,1308,-1000
105000116,856,536,320
105000117,1076,1331,-255
105000118,523,464,59
105000119,684,1196,-512
105000120,1119,643,476
105000121,997,1373,-376
105000122,459,803,-344
105000123,1487,1727,-240
105000124,1995,1100,895
105000125,849,2375,-1526
105000126,2153,2276,-123
105000127,2754,2594,160
105000128,738,1343,-605
105000129,957,382,575
105000130,547,2904,-2357
105000131,1091,505,586
105000132,941,646,295
105000133,601,1136,-535
105000134,773,755,18
105000135,661,779,-118
105000136,185,435,-250
105000137,474,319,155
105000138,228,517,-289
105000139,1236,1121,115
105000140,400,724,-324
105000141,296,717,-421
105000142,176,627,-451
105000143,364,894,-530
105000144,343,1176,-833
105000145,740,541,199
105000146,535,1164,-629
105000147,647,446,201
105000148,1441,694,747
105000149,2591,2359,232
105000150,2583,1817,766
105000151,542,446,96
105000152,210,665,-455
105000153,681,733,-52
105000154,740,718,22
105000155,404,1106,-702
105000156,1219,826,393
105000157,1042,1922,-880
105000158,1991,896,1095
105000159,304,1248,-944
105000160,1950,681,1269
105000161,777,1474,-697
105000162,598,1805,-1207
105000163,1374,1195,179
105000164,280,342,-62
105000165,1421,5278,-3857
105000166,6738,901,5837
105000167,2696,1615,1081
105000168,373,821,-448
105000169,562,429,133
105000170,239,1597,-1358
105000171,1166,333,833
105000172,161,42,119
105000173,179,54,125
105000174,70,35,35
105000175,96,188,-92
105000176,401,161,240
105000177,268,205,63
105000178,159,675,-516
105000179,531,213,318
105000180,160,159,1
105000181,113,430,-317
105000182,58,76,-18
105000183,3036,1942,1094
105000184,1537,974,563
105000185,1521,856,665
105000186,671,874,-203
105000187,944,230,714
105000188,451,163,288
105000189,246,585,-339
105000190,311,379,-68
105000191,456,352,104
105000192,332,82,250
105000193,123,190,-67
105000194,392,125,267
105000195,346,945,-599
105000196,56,211,-155
105000197,336,701,-365
105000198,725,410,315
105000199,385,648,-263
105000200,236,256,-20
105000201,185,26,159
105000203,7,239,-232
105000204,83,94,-11
105000205,110,213,-103
105000207,615,303,312
105000208,291,592,-301
105000209,314,447,-133
105000212,1373,1608,-235
105000213,222,296,-74
105000214,177,414,-237
105000215,313,266,47
105000216,181,420,-239
105000217,203,370,-167
105000218,1337,1310,27
105000221,190,243,-53
105000222,330,91,239
105000223,290,194,96
105000226,90,366,-276
105000227,111,225,-114
105000228,404,1787,-1383
105000229,198,472,-274
105000231,381,385,-4
105000233,967,674,293
105000234,553,1484,-931
105000235,456,694,-238
105000237,823,91,732
105000243,49,323,-274
105000248,84,100,-16
105000262,371,1661,-1290
105000269,151,270,-119
105000270,485,85,400
105000271,0,266,-266
105000282,104,65,39
105000287,439,152,287
105000288,738,473,265
105000289,3951,2502,1449
105000290,61,7,54
105000402,4545,3979,566
105000426,675,833,-158
105000438,5202,1848,3354
105000446,15434,7012,8422
105000447,9900,3675,6225
105000454,435,942,-507
105000455,368,264,104
105000474,30,14,16
105000477,407,581,-174
105000478,1719,4190,-2471
105000479,246,181,65
105000480,10553,6275,4278
105000481,5625,3459,2166
105000482,7456,8164,-708
105000483,1520,1808,-288
105000484,2567,3534,-967
105000485,1731,2854,-1123
105000486,4186,2962,1224
105000488,12656,6667,5989
105000489,976,1110,-134
105000549,117,140,-23
105000550,710,1868,-1158
105000551,50,166,-116
105000552,3500,2327,1173
105000555,1013,952,61
105900001,10,1328,-1318
105900002,1612,898,714
105900003,13,111,-98
105900004,315,176,139
105900005,7,279,-272
105900006,16,120,-104
105900007,113,29,84
105900008,59,640,-581
105900009,26,29,-3
105900011,271,64,207
105900012,676,240,436
105900013,1,37,-36
105900014,12,84,-72
105900015,209,302,-93
105900016,439,737,-298
105900017,1338,42,1296
105900018,234,203,31
105900019,125,868,-743
105900020,65,53,12
105900021,38,290,-252
105900022,346,278,68
105900023,9,112,-103
105900024,3,149,-146
105900025,151,48,103
105900026,258,28,230
105900027,7078,9077,-1999
105900028,379,243,136
105900029,1898,449,1449
105900030,269,320,-51
105900031,416,214,202
105900032,86,140,-54
105900033,138,120,18
105900034,210,232,-22
105900035,245,215,30
105900036,83,114,-31
105900037,98,86,12
105900038,126,314,-188
105900039,89,135,-46
105900040,89,102,-13
105900041,201,295,-94
105900042,53,125,-72
105900043,1571,65,1506
105900044,3,270,-267
105900045,8,832,-824
105900046,1,228,-227
105900047,9,40,-31
105900048,92,649,-557
105900050,7448,2662,4786
105900051,31,1270,-1239
105900052,654,442,212
105900053,3822,2655,1167
105900054,382,240,142
105900056,1048,413,635
105900057,89,140,-51
105900058,19,18,1
105900059,0,36,-36
106000001,5747,2773,2974
106000002,3406,6603,-3197
106000003,3063,3924,-861
106000004,2406,3251,-845
106000005,3430,6081,-2651
106000006,6986,5372,1614
106000007,582,733,-151
106000008,495,368,127
106000009,574,429,145
106000010,775,656,119
106000011,983,1190,-207
106000012,913,1700,-787
106000013,1798,2256,-458
106000014,2235,2019,216
106000015,1545,1382,163
106000016,1450,2888,-1438
106000017,663,789,-126
106000018,652,582,70
106000019,433,473,-40
106000020,316,434,-118
106000021,277,519,-242
106000022,393,258,135
106000023,674,411,263
106000024,590,702,-112
106000025,136,209,-73
106000026,160,302,-142
106000027,1477,1615,-138
106000028,703,659,44
106000029,839,1487,-648
106000030,837,517,320
106000034,285,727,-442
106000035,1214,2110,-896
106000036,331,555,-224
106000037,2470,1864,606
106000038,554,146,408
106000039,189,121,68
106000040,213,900,-687
106000041,842,660,182
106000043,692,252,440
106000046,421,68,353
106000047,48,430,-382
106000049,951,267,684
106000050,395,953,-558
106000051,682,490,192
106000052,124,758,-634
106000053,372,157,215
106000054,427,573,-146
106000055,1240,1402,-162
106000056,366,555,-189
106000057,286,316,-30
106000058,171,233,-62
106000059,292,307,-15
106000060,444,682,-238
106000061,175,564,-389
106000062,201,680,-479
106000063,704,634,70
106000064,58,563,-505
106000065,446,384,62
106000066,121,407,-286
106000067,324,158,166
106000068,74,771,-697
106000069,261,99,162
106000070,520,984,-464
106000071,1142,407,735
106000072,3892,1853,2039
106000073,1960,3301,-1341
106000074,595,772,-177
106000075,358,1747,-1389
106000076,2096,2661,-565
106000077,4347,1687,2660
106000078,1143,1240,-97
106000079,811,1139,-328
106000080,1372,814,558
106000081,668,1411,-743
106000082,2753,998,1755
106000083,463,1733,-1270
106000084,1305,766,539
106000085,1654,1943,-289
106000086,756,1140,-384
106000087,949,670,279
106000088,473,905,-432
106000089,1022,456,566
106000090,271,746,-475
106000091,328,683,-355
106000092,662,326,336
106000093,342,132,210
106000094,102,326,-224
106000095,717,981,-264
106000096,921,812,109
106000097,1139,1128,11
106000098,763,1236,-473
106000099,243,847,-604
106000100,1310,282,1028
106000101,1426,317,1109
106000102,207,704,-497
106000103,336,592,-256
106000104,965,530,435
106000105,548,771,-223
106000106,595,516,79
106000107,174,479,-305
106000108,271,394,-123
106000109,183,373,-190
106000110,239,426,-187
106000111,175,590,-415
106000112,196,607,-411
106000113,908,659,249
106000114,528,635,-107
106000115,307,565,-258
106000116,376,247,129
106000117,1196,902,294
106000118,1294,1497,-203
106000119,2000,1352,648
106000120,845,1239,-394
106000121,209,193,16
106000122,129,285,-156
106000123,447,174,273
106000124,66,320,-254
106000125,37,393,-356
106000126,229,166,63
106000127,959,1153,-194
106000128,792,260,532
106000129,507,762,-255
106000130,754,445,309
106000131,176,951,-775
106000132,710,207,503
106000133,2368,1380,988
106000134,769,1722,-953
106000135,306,751,-445
106000136,758,988,-230
106000137,92,1000,-908
106000138,999,119,880
106000139,50,213,-163
106000140,82,75,7
106000141,92,89,3
106000142,90,80,10
106000143,120,101,19
106000144,38,57,-19
106000145,202,321,-119
106000146,371,229,142
106000147,477,556,-79
106000148,811,909,-98
106000149,585,424,161
106000150,508,2181,-1673
106000151,4194,824,3370
106000152,1439,1900,-461
106000153,156,1621,-1465
106000154,1281,246,1035
106000155,113,291,-178
106000156,804,354,450
106000157,718,1949,-1231
106000158,2557,1223,1334
106000159,3814,2028,1786
106000160,421,2939,-2518
106000161,1850,557,1293
106000162,239,968,-729
106000163,457,503,-46
106000164,335,384,-49
106000165,231,655,-424
106000166,712,357,355
106000167,373,1294,-921
106000168,497,329,168
106000169,271,829,-558
106000170,880,298,582
106000171,231,1389,-1158
106000172,3359,1645,1714
106000173,1436,3314,-1878
106000174,1183,490,693
106000175,357,1147,-790
106000176,1760,918,842
106000177,887,2779,-1892
106000178,3768,1974,1794
106000179,1389,2913,-1524
106000180,984,1710,-726
106000181,830,2069,-1239
106000182,1273,817,456
106000183,1379,830,549
106000184,2473,832,1641
106000185,1440,1415,25
106000186,1082,173,909
106000187,297,1457,-1160
106000188,0,6,-6
106000189,38,45,-7
106000190,19,0,19
106000191,777,235,542
106000192,1,28,-27
106000193,465,310,155
106000194,126,420,-294
106000195,685,204,481
106000196,207,497,-290
106000197,644,330,314
106000198,167,337,-170
106000199,896,907,-11
106000200,217,289,-72
106000201,520,2858,-2338
106000202,5093,779,4314
106000203,80,205,-125
106000204,105,8,97
106000205,20,177,-157
106000206,85,36,49
106000207,52,865,-813
106000208,1447,212,1235
106000209,1553,419,1134
106000210,382,1340,-958
106000211,429,1517,-1088
106000212,827,450,377
106000213,1134,2174,-1040
106000214,3553,1017,2536
106000215,311,644,-333
106000216,420,473,-53
106000217,352,527,-175
106000218,532,528,4
106000219,173,412,-239
106000220,337,297,40
106000221,249,291,-42
106000222,64,130,-66
106000223,176,120,56
106000224,196,298,-102
106000225,63,110,-47
106000226,156,307,-151
106000228,65,131,-66
106000229,94,846,-752
106000231,873,159,714
106000232,81,408,-327
106000233,670,138,532
106000234,131,229,-98
106000235,667,106,561
106000236,272,86,186
106000237,21,11,10
106000238,144,13,131
106000239,3,150,-147
106000240,125,5,120
106000241,15,678,-663
106000242,234,47,187
106000249,48,94,-46
106000250,84,707,-623
106000251,90,30,60
106000252,28,81,-53
106000253,50,54,-4
106000254,52,47,5
106000255,30,131,-101
106000256,75,85,-10
106000257,164,287,-123
106000258,293,27,266
106000259,8,55,-47
106000260,24,5,19
106000261,4,65,-61
106000262,110,22,88
106000263,21,91,-70
106000264,184,14,170
106000265,17,148,-131
106000266,114,32,82
106000267,10,72,-62
106000268,672,52,620
106000269,96,52,44
106000270,169,572,-403
106000271,76,284,-208
106000272,249,74,175
106000273,14,283,-269
106000274,222,51,171
106000275,212,275,-63
106000276,267,63,204
106000277,152,210,-58
106000278,220,43,177
106000279,16,61,-45
106000280,82,101,-19
106000281,118,63,55
106000282,73,78,-5
106000283,135,85,50
106000284,71,117,-46
106000285,166,108,58
106000286,84,160,-76
106000287,174,95,79
106000288,95,205,-110
106000289,120,65,55
106000290,69,119,-50
106000291,90,108,-18
106000292,102,149,-47
106000293,165,112,53
106000294,139,165,-26
106000295,62,55,7
106000296,56,159,-103
106000297,79,254,-175
106000298,144,83,61
106000299,77,177,-100
106000300,85,153,-68
106000301,86,138,-52
106000303,35,76,-41
106000304,33,26,7
106000305,81,57,24
106000306,35,61,-26
106000307,61,25,36
106000308,45,191,-146
106000309,23,78,-55
106000310,386,630,-244
106000311,364,190,174
106000312,112,216,-104
106000313,194,245,-51
106000318,133,439,-306
106000319,951,210,741
106000320,0,61,-61
106000321,523,134,389
106000322,167,220,-53
106000324,22,158,-136
106000325,1710,1080,630
106000326,1076,2166,-1090
106000327,119,125,-6
106000328,18,128,-110
106000329,65,308,-243
106000330,54,70,-16
106000428,101,203,-102
106000429,180,549,-369
106000430,422,1545,-1123
106000431,2026,427,1599
106000432,2388,3609,-1221
106000433,2210,1418,792
106000434,3643,1774,1869
106000435,2011,3231,-1220
106000436,26,207,-181
106000437,269,40,229
106000438,510,199,311
106000439,119,524,-405
106000440,369,516,-147
106000441,0,0,0
106000442,174,12,162
106000443,154,371,-217
106000450,15,242,-227
106000451,34,61,-27
106000454,4,205,-201
106000455,13,231,-218
106000456,185,65,120
106000457,8,1066,-1058
106000458,694,130,564
106000459,188,500,-312
106000460,1610,38,1572
106000461,148,1545,-1397
106000462,1,40,-39
106000463,5,34,-29
106000464,8,526,-518
106000465,644,9,635
106000466,12,737,-725
106000467,502,598,-96
106000468,65,174,-109
106000469,230,1,229
106000470,332,2004,-1672
106000471,49,635,-586
106000472,160,27,133
106000473,21,19,2
106000474,327,632,-305
106000475,317,187,130
106000476,227,220,7
106000477,35,160,-125
106000480,0,316,-316
106900001,1,10,-9
106900002,3,540,-537
106900003,262,887,-625
106900004,0,43,-43
106900006,0,10,-10
106900007,0,7,-7
106900008,354,277,77
106900009,342,433,-91
106900010,296,328,-32
106900012,2319,2329,-10
106900013,710,169,541
106900014,27,2,25
106900015,20,0,20
106900016,333,17,316
106900017,5,0,5
106900018,2,0,2
106900019,40,4,36
106900020,2627,1612,1015
106900021,105,98,7
106900022,769,8,761
106900023,22,243,-221
106900024,607,35,572
106900025,71,752,-681
106900026,4,699,-695
106900027,1425,7,1418
107000001,5050,4028,1022
107000002,4849,6598,-1749
107000003,5845,6959,-1114
107000004,6549,6238,311
107000005,4340,5768,-1428
107000006,4921,6074,-1153
107000007,5921,11701,-5780
107000008,14476,11014,3462
107000009,7006,7732,-726
107000010,12376,12475,-99
107000011,1413,1664,-251
107000012,5180,4196,984
107000013,71,147,-76
107000014,51,226,-175
107000015,587,818,-231
107000016,718,1135,-417
107000017,5872,1196,4676
107000018,38,672,-634
107000020,3635,854,2781
107000021,1631,619,1012
107000022,1281,1458,-177
107000023,1962,301,1661
107000024,674,1782,-1108
107000025,211,389,-178
107000026,241,567,-326
107000027,1440,1322,118
107000028,1497,1700,-203
107000029,3469,3056,413
107000030,3499,4113,-614
107000031,4191,2939,1252
107000032,705,1294,-589
107000033,3830,6348,-2518
107000034,4213,2336,1877
107000035,380,304,76
107000036,449,1476,-1027
107000037,90,893,-803
107000038,312,328,-16
107000039,948,829,119
107000040,213,461,-248
107000041,1992,1032,960
107000042,1060,2459,-1399
107000043,3198,1327,1871
107000044,725,324,401
107000045,117,341,-224
107000046,839,499,340
107000047,635,1067,-432
107000048,743,376,367
107000049,747,979,-232
107000050,1192,691,501
107000051,525,499,26
107000052,1290,1226,64
107000053,444,246,198
107000054,63,395,-332
107000055,431,159,272
107000056,485,1042,-557
107000057,1331,316,1015
107000058,2618,2595,23
107000059,2839,4434,-1595
107000060,4279,6149,-1870
107000061,6336,4491,1845
107000062,4166,3417,749
107000063,4967,6689,-1722
107000064,4645,2586,2059
107000065,5044,6187,-1143
107000066,2364,2981,-617
107000067,1411,1316,95
107000068,1829,767,1062
107000069,793,623,170
107000070,1230,4,1226
107000071,3447,67,3380
107000072,79,3692,-3613
107000073,885,387,498
107000074,176,1203,-1027
107000075,1744,516,1228
107000076,815,2023,-1208
107000077,3873,1590,2283
107000078,3365,4426,-1061
107000079,3000,1228,1772
107000080,1565,3985,-2420
107000081,1920,773,1147
107000082,713,2318,-1605
107000083,1499,568,931
107000084,457,2200,-1743
107000085,3244,4009,-765
107000086,4373,4314,59
107000087,2929,2360,569
107000088,3945,4673,-728
107000089,1491,2019,-528
107000090,1055,1367,-312
107000091,1394,1028,366
107000092,937,1454,-517
107000093,1271,955,316
107000094,1252,1456,-204
107000095,786,754,32
107000096,673,1161,-488
107000097,927,361,566
107000098,711,764,-53
107000099,499,380,119
107000100,342,413,-71
107000101,106,233,-127
107000102,285,429,-144
107000103,353,206,147
107000104,214,338,-124
107000105,361,146,215
107000106,199,348,-149
107000107,626,203,423
107000108,336,702,-366
107000109,708,244,464
107000110,83,457,-374
107000111,527,65,462
107000112,60,320,-260
107000113,611,144,467
107000114,118,732,-614
107000115,592,162,430
107000116,127,964,-837
107000117,147,750,-603
107000118,147,280,-133
107000119,1798,1766,32
107000120,1767,537,1230
107000121,988,890,98
107000122,1337,1239,98
107000123,422,909,-487
107000124,626,1171,-545
107000125,943,813,130
107000126,1125,1135,-10
107000129,566,925,-359
107000130,790,270,520
107000131,539,704,-165
107000132,728,394,334
107000133,1080,119,961
107000134,438,6,432
107000135,7,312,-305
107000136,875,10,865
107000137,23,512,-489
107000138,442,37,405
107000139,37,515,-478
107000140,1574,154,1420
107000141,142,861,-719
107000142,449,138,311
107000143,85,778,-693
107000144,491,609,-118
107000145,195,598,-403
107000146,206,420,-214
107000147,3052,871,2181
107000150,929,3064,-2135
107000151,61,149,-88
107000152,549,1337,-788
107000153,204,455,-251
107000154,351,312,39
107000155,882,28,854
107000156,1256,40,1216
107000157,69,1957,-1888
107000158,759,36,723
107000159,45,1254,-1209
107000160,1027,165,862
107000161,125,1842,-1717
107000162,244,568,-324
107000163,176,1,175
107000164,689,3,686
107000165,1062,5,1057
107000166,76,1310,-1234
107000167,566,343,223
107000168,929,604,325
107000169,1017,1170,-153
107000170,2370,1090,1280
107000171,1016,2623,-1607
107000172,1119,1521,-402
107000173,843,1333,-490
107000174,1206,5244,-4038
107000175,8944,2273,6671
107000176,1,6,-5
107000177,14,3,11
107000178,27,54,-27
107000179,330,2764,-2434
107000180,1441,393,1048
107000181,435,1531,-1096
107000182,2020,1090,930
107000183,182,1066,-884
107000184,1203,928,275
107000185,553,1653,-1100
107000186,1269,487,782
107000187,1581,1517,64
107000188,647,720,-73
107000189,534,1289,-755
107000190,725,873,-148
107000191,720,1257,-537
107000192,2040,971,1069
107000193,481,675,-194
107000194,997,854,143
107000197,1013,345,668
107000198,386,1038,-652
107000199,654,884,-230
107000200,755,742,13
107000201,448,290,158
107000202,405,530,-125
107000203,1775,749,1026
107000204,2052,832,1220
107000205,2684,1206,1478
107000206,1106,1243,-137
107000207,905,1275,-370
107000208,1246,558,688
107000209,2520,1433,1087
107000210,994,475,519
107000211,10,48,-38
107000212,24,431,-407
107000213,1,23,-22
107000214,27,209,-182
107000215,390,456,-66
107000216,530,451,79
107000217,157,180,-23
107000219,115,169,-54
107000220,309,257,52
107000222,301,898,-597
107000224,402,86,316
107000225,154,595,-441
107000226,507,103,404
107000227,125,334,-209
107000228,81,244,-163
107000229,162,169,-7
107000230,1162,582,580
107000231,2164,1702,462
107000232,112,50,62
107000233,1660,950,710
107000234,4,57,-53
107000235,64,5,59
107000236,26,658,-632
107000237,36,3,33
107000238,31,0,31
107000239,3596,614,2982
107000240,78,1092,-1014
107000241,107,28,79
107000242,478,73,405
107000243,1,75,-74
107000244,9,106,-97
107000246,2,1113,-1111
107000249,4,1157,-1153
107000251,0,326,-326
107000252,2,1226,-1224
107000255,557,96,461
107000257,1,493,-492
107000258,2,162,-160
107000259,13,259,-246
107000260,704,12,692
107000262,12,605,-593
107000263,278,10,268
107000266,11,15,-4
107000267,87,187,-100
107000268,180,184,-4
107000269,734,57,677
107000270,1,33,-32
107000271,28,894,-866
107000272,26,240,-214
107000273,4,214,-210
107000274,1933,235,1698
107000275,82,804,-722
107000280,816,53,763
107000281,45,1070,-1025
107000282,30,935,-905
107000290,8,31,-23
107000291,8,15,-7
107000292,1,45,-44
107000293,226,4,222
107000294,0,51,-51
107000295,43,1,42
107000296,0,17,-17
107000444,296,11,285
107000496,5,28,-23
107000497,1800,3023,-1223
107000500,358,383,-25
107000501,128,190,-62
107000502,233,377,-144
107000505,521,979,-458
107000506,5,90,-85
107000508,6,698,-692
107000509,215,1099,-884
107000510,46,32,14
107000514,167,330,-163
107000515,15,218,-203
107000516,355,331,24
107000518,1063,1360,-297
107000519,2606,1276,1330
107000520,82,35,47
107000521,664,508,156
107000522,822,656,166
107900001,53,247,-194
107900002,102,7,95
107900003,364,23,341
107900004,64,2,62
107900005,1333,3,1330
107900006,182,3,179
107900007,331,32,299
107900008,92,31,61
107900009,134,5,129
107900010,38,2,36
107900012,310,25,285
107900013,295,100,195
107900014,33,13,20
107900015,1025,12,1013
107900016,454,135,319
107900017,22,3,19
107900018,75,184,-109
107900019,29,53,-24
107900020,189,16,173
107900021,85,184,-99
107900023,1,7,-6
107900024,0,7,-7
107900025,178,385,-207
107900026,89,119,-30
107900027,104,62,42
107900028,85,87,-2
107900030,190,24,166
107900031,79,125,-46
107900032,21,6,15
107900033,24,11,13
107900034,434,24,410
107900035,1017,67,950
107900036,53,13,40
107900037,0,15,-15
107900038,194,304,-110
107900039,46,97,-51
107900040,347,131,216
107900041,2,3,-1
107900043,21,133,-112
107900044,5,7,-2
107900045,127,55,72
107900046,184,186,-2
107900047,7,30,-23
107900048,194,13,181
107900049,361,1548,-1187
107900050,153,436,-283
107900051,79,102,-23
107900052,29,22,7
107900053,38,121,-83
107900055,744,235,509
107900056,224,45,179
107900057,0,0,0
107900058,56,674,-618
107900060,55,37,18
107900061,18,17,1
107900063,98,129,-31
107900064,436,131,305
107900065,227,21,206
107900066,14,4,10
107900067,0,0,0
107900068,295,381,-86
107900069,31,1755,-1724
107900070,139,56,83
107900071,32,838,-806
107900072,96,210,-114
107900073,142,165,-23
107900074,1064,332,732
107900076,122,59,63
107900077,65,0,65
107900078,261,34,227
107900079,10,24,-14
107900080,387,444,-57
107900081,34,187,-153
107900082,27,28,-1
107900083,411,181,230
107900084,90,154,-64
107900086,58,130,-72
107900087,920,183,737
107900088,20,11,9
107900089,287,1053,-766
107900090,636,3023,-2387
107900091,290,552,-262
107900092,2322,630,1692
107900093,91,149,-58
107900095,4054,2680,1374
107900097,29,67,-38
107900098,63,200,-137
107900100,1307,1424,-117
107900101,1305,264,1041
107900102,18,7,11
107900103,47,226,-179
107900104,236,14,222
107900105,2,460,-458
107900106,3,1339,-1336
107900107,1129,554,575
107900108,442,141,301
107900109,1173,9,1164
107900110,51,108,-57
107900111,12,997,-985
107900112,140,384,-244
107900113,260,176,84
107900114,191,186,5
107900115,4,59,-55
107900116,194,235,-41
107900117,424,496,-72
107900118,94,235,-141
107900119,88,306,-218
107900120,31,30,1
107900121,1,211,-210
107900122,4,76,-72
107900123,1,58,-57
107900124,60,37,23
107900125,59,229,-170
107900126,9,55,-46
107900127,491,350,141
107900128,124,84,40
107900129,87,48,39
107900130,69,41,28
107900131,831,314,517
107900132,110,478,-368
107900133,0,96,-96
107900134,33,63,-30
107900135,3,203,-200
107900136,51,43,8
107900137,154,123,31
107900138,73,56,17
107900139,49,82,-33
107900140,18,12,6
107900141,61,50,11
107900142,64,1064,-1000
107900143,72,40,32
107900144,5,205,-200
107900145,10,108,-98
107900146,62,189,-127
107900147,82,46,36
107900148,155,181,-26
107900149,1317,322,995
107900150,133,897,-764
107900151,54,170,-116
107900152,2,211,-209
107900153,160,373,-213
107900154,73,41,32
107900155,62,61,1
107900156,10,423,-413
107900157,51,98,-47
107900158,931,32,899
107900159,33,1015,-982
107900160,148,196,-48
107900161,25,226,-201
107900162,2,92,-90
107900163,268,47,221
107900164,7,53,-46
107900165,38,104,-66
107900166,34,294,-260
107900167,23,22,1
107900168,25,50,-25
107900169,0,205,-205
107900171,13,1778,-1765
107900172,3,395,-392
107900173,15,211,-196
107900174,148,3,145
107900175,31,28,3
107900176,20,53,-33
107900177,1,148,-147
107900178,1,191,-190
107900179,19,161,-142
107900180,722,543,179
107900181,415,402,13
107900182,3,1358,-1355
107900183,60,386,-326
107900184,85,282,-197
107900185,103,8,95
107900186,63,66,-3
107900187,2,177,-175
107900188,793,175,618
107900189,25,115,-90
107900190,123,145,-22
107900191,53,130,-77
107900193,6,72,-66
107900194,283,19,264
107900195,3212,553,2659
107900196,56,105,-49
107900197,1148,415,733
107900199,1,1010,-1009
107900201,78,129,-51
107900203,43,82,-39
107900204,225,239,-14
107900205,308,517,-209
107900206,1152,238,914
107900207,3,818,-815
107900208,14,724,-710
107900209,457,146,311
107900210,123,133,-10
107900213,681,539,142
107900214,25,146,-121
107900215,205,381,-176
107900216,177,93,84
107900217,40,89,-49
107900218,20,1460,-1440
107900219,39,148,-109
107900220,339,268,71
107900221,235,281,-46
107900223,119,678,-559
107900224,143,485,-342
107900225,13,823,-810
107900226,119,143,-24
107900227,160,582,-422
107900228,21,110,-89
107900229,3,319,-316
107900230,8,175,-167
107900231,6,265,-259
107900232,74,197,-123
107900233,6,202,-196
107900234,85,171,-86
107900235,32,119,-87
107900236,100,58,42
107900237,77,495,-418
107900238,18,122,-104
107900239,1041,569,472
107900240,30,193,-163
107900241,13,92,-79
107900242,49,295,-246
107900243,2,102,-100
107900244,375,13,362
107900245,685,53,632
107900246,232,20,212
107900248,413,554,-141
107900249,816,60,756
107900250,4,665,-661
107900251,153,1543,-1390
107900252,1227,29,1198
107900253,149,4,145
107900254,90,380,-290
107900255,386,128,258
107900256,1633,688,945
107900257,252,117,135
107900258,171,211,-40
107900259,118,1846,-1728
107900261,2,426,-424
107900262,63,122,-59
107900264,307,5,302
107900265,183,181,2
107900267,240,21,219
107900268,11,2,9
107900269,0,2,-2
107900270,0,0,0
107900271,0,3,-3
107900272,109,7,102
107900273,47,146,-99
107900274,73,0,73
107900275,27,1,26
107900276,1,109,-108
107900277,0,230,-230
107900278,341,438,-97
107900279,136,178,-42
107900280,2064,2654,-590
107900281,2062,2651,-589
107900282,80,534,-454
107900283,1326,603,723
107900284,547,716,-169
107900285,126,111,15
107900286,180,96,84
107900287,179,271,-92
107900290,0,111,-111
107900291,515,12,503
107900292,131,280,-149
107900293,83,552,-469
107900295,54,77,-23
107900297,0,320,-320
107900298,887,1005,-118
107900299,3684,2552,1132
107900300,64,314,-250
107900301,743,704,39
107900302,133,74,59
107900303,182,415,-233
107900304,204,603,-399
107900305,381,21,360
107900306,38,28,10
107900307,63,311,-248
107900308,165,110,55
107900309,250,2,248
107900310,629,8,621
107900311,10,295,-285
107900312,120,3,117
107900313,2,146,-144
107900314,1,74,-73
107900315,1,60,-59
107900316,55,4,51
107900317,152,24,128
107900318,13,180,-167
107900319,5,195,-190
107900320,3,169,-166
107900321,130,4,126
107900322,0,137,-137
107900323,11,194,-183
107900324,166,3,163
107900325,99,1,98
107900326,338,317,21
107900327,2,77,-75
107900328,186,1,185
107900329,217,130,87
107900330,9,402,-393
107900331,225,34,191
107900332,275,46,229
107900333,69,21,48
107900334,22,235,-213
107900335,87,67,20
107900336,46,73,-27
107900337,1487,963,524
107900338,2,154,-152
107900339,1,23,-22
107900340,1,65,-64
107900341,103,0,103
107900342,140,177,-37
107900343,93,4,89
107900344,5,65,-60
107900345,125,28,97
107900346,26,2,24
107900347,42,1,41
107900348,11,1,10
107900349,21,17,4
107900350,39,335,-296
107900351,2,232,-230
107900352,2,33,-31
107900353,7,11,-4
107900354,64,38,26
108000001,3274,4294,-1020
108000002,2464,3408,-944
108000003,4277,3747,530
108000004,15743,19284,-3541
108000005,9286,6935,2351
108000006,10784,10407,377
108000007,5545,4894,651
108000008,5513,8451,-2938
108000009,3716,5333,-1617
108000010,3773,6183,-2410
108000011,13163,13642,-479
108000012,21971,20791,1180
108000014,1033,717,316
108000015,793,394,399
108000016,370,774,-404
108000017,1282,519,763
108000018,2011,708,1303
108000019,2368,961,1407
108000020,1573,711,862
108000021,486,2087,-1601
108000022,571,1626,-1055
108000023,1270,250,1020
108000024,307,603,-296
108000025,355,313,42
108000026,661,620,41
108000027,765,592,173
108000028,587,327,260
108000029,583,611,-28
108000030,708,328,380
108000031,341,757,-416
108000032,1679,840,839
108000033,995,1430,-435
108000034,1586,632,954
108000035,922,3049,-2127
108000036,407,1256,-849
108000037,1712,492,1220
108000038,2748,610,2138
108000039,797,2641,-1844
108000040,2070,1033,1037
108000041,775,3050,-2275
108000042,341,330,11
108000043,236,332,-96
108000044,503,223,280
108000045,339,752,-413
108000046,1459,450,1009
108000047,509,1275,-766
108000048,160,494,-334
108000049,982,300,682
108000050,101,549,-448
108000051,327,129,198
108000052,306,837,-531
108000053,498,250,248
108000054,656,1177,-521
108000055,1238,595,643
108000056,1101,1503,-402
108000057,675,1245,-570
108000058,2230,4116,-1886
108000059,3941,2521,1420
108000060,188,432,-244
108000061,156,358,-202
108000062,874,639,235
108000063,550,599,-49
108000064,217,347,-130
108000065,575,635,-60
108000066,1777,961,816
108000067,1759,581,1178
108000068,742,479,263
108000069,234,1243,-1009
108000070,1959,931,1028
108000071,825,1994,-1169
108000072,1860,1298,562
108000073,1720,2531,-811
108000074,611,438,173
108000075,466,1200,-734
108000076,772,640,132
108000077,804,997,-193
108000078,2419,1530,889
108000079,1118,2211,-1093
108000080,1276,606,670
108000081,653,2036,-1383
108000082,1210,2293,-1083
108000083,2012,1106,906
108000084,475,1521,-1046
108000085,788,535,253
108000086,1126,991,135
108000087,159,2106,-1947
108000088,178,10,168
108000089,429,403,26
108000090,478,243,235
108000091,389,589,-200
108000092,160,110,50
108000093,229,729,-500
108000094,617,148,469
108000095,191,485,-294
108000096,244,195,49
108000097,150,565,-415
108000098,1744,1805,-61
108000099,286,101,185
108000100,63,212,-149
108000101,1168,1684,-516
108000102,2002,3288,-1286
108000106,1085,1,1084
108000107,0,983,-983
108000108,773,67,706
108000109,16,855,-839
108000110,203,364,-161
108000111,199,707,-508
108000112,52,148,-96
108000113,590,343,247
108000115,471,367,104
108000117,920,404,516
108000118,134,277,-143
108000119,772,459,313
108000120,175,880,-705
108000121,266,578,-312
108000122,692,375,317
108000123,815,240,575
108000124,573,594,-21
108000125,438,342,96
108000126,256,501,-245
108000127,572,394,178
108000128,729,687,42
108000129,432,1407,-975
108000130,442,258,184
108000131,989,530,459
108000132,2355,1854,501
108000133,940,616,324
108000134,597,706,-109
108000135,1121,540,581
108000136,561,1117,-556
108000137,423,416,7
108000138,450,1154,-704
108000139,507,353,154
108000140,113,38,75
108000141,38,89,-51
108000142,75,102,-27
108000143,30,21,9
108000144,46,13,33
108000145,59,15,44
108000146,64,6,58
108000147,45,37,8
108000148,56,9,47
108000149,24,22,2
108000150,42,6,36
108000151,34,20,14
108000152,150,547,-397
108000153,543,202,341
108000154,72,16,56
108000155,35,21,14
108000156,291,140,151
108000157,199,1011,-812
108000158,103,945,-842
108000159,701,236,465
108000160,4203,1310,2893
108000161,3422,2813,609
108000165,7,204,-197
108000172,7,387,-380
108000173,2502,2341,161
108000175,291,112,179
108000178,453,374,79
108000179,190,930,-740
108000181,90,41,49
108000182,149,30,119
108000183,53,13,40
108000184,1270,2425,-1155
108000185,273,666,-393
108000186,154,47,107
108000187,127,776,-649
108000188,710,297,413
108000189,792,1560,-768
108000190,46,146,-100
108000192,239,654,-415
108000193,980,50,930
108000194,46,15,31
108000195,3,1291,-1288
108000196,158,179,-21
108000198,532,384,148
108000199,0,197,-197
108000200,461,589,-128
108000202,2,108,-106
108000203,132,850,-718
108000204,164,61,103
108000205,362,512,-150
108000339,1615,369,1246
108000364,190,395,-205
108000365,84,343,-259
108000367,185,371,-186
108000368,13,86,-73
108000369,1376,308,1068
108000371,1,658,-657
108000372,576,1,575
108000373,241,181,60
108000376,101,27,74
108000377,406,394,12
108000378,10426,11461,-1035
108000379,26,296,-270
108000381,69,11,58
108000382,153,0,153
108000383,0,175,-175
108900001,125,1197,-1072
108900002,232,64,168
108900003,335,922,-587
108900004,127,411,-284
108900005,70,431,-361
108900006,987,168,819
108900007,248,301,-53
108900008,126,196,-70
108900009,67,128,-61
108900010,229,237,-8
108900011,572,503,69
108900012,342,546,-204
108900013,145,301,-156
108900014,16,140,-124
108900015,0,44,-44
108900016,2,271,-269
108900017,308,443,-135
108900018,126,584,-458
108900019,38,914,-876
108900020,47,300,-253
108900021,149,362,-213
108900022,103,13,90
108900023,6,54,-48
108900024,47,146,-99
108900025,138,117,21
108900026,15,127,-112
108900027,0,114,-114
108900028,111,419,-308
108900029,77,268,-191
108900030,0,143,-143
108900031,123,536,-413
108900032,16,249,-233
108900033,1,90,-89
108900034,3,246,-243
108900035,404,1636,-1232
108900036,248,371,-123
108900037,82,422,-340
108900038,4,387,-383
108900039,2,547,-545
108900040,8,140,-132
108900041,6624,3496,3128
108900042,11,382,-371
108900043,52,534,-482
108900044,3,575,-572
108900045,80,676,-596
108900046,63,926,-863
108900047,1,109,-108
108900048,164,1165,-1001
108900049,4558,1383,3175
108900050,5,270,-265
108900051,1,234,-233
108900052,18,278,-260
108900053,97,192,-95
108900054,93,263,-170
108900055,60,411,-351
108900056,0,212,-212
108900057,0,170,-170
108900058,47,424,-377
108900059,486,34,452
108900060,108,179,-71
108900061,116,33,83
108900062,4,380,-376
108900063,14,372,-358
108900064,226,110,116
108900065,17,297,-280
108900066,368,188,180
108900067,14,211,-197
108900068,8,237,-229
108900069,59,117,-58
108900070,47,154,-107
108900071,83,87,-4
108900072,2538,651,1887
108900073,53,348,-295
108900074,217,546,-329
108900075,83,71,12
108900076,307,96,211
108900077,198,511,-313
108900078,27,186,-159
108900079,1217,285,932
108900080,39,871,-832
108900081,68,277,-209
108900082,56,115,-59
108900083,48,311,-263
108900084,496,161,335
108900085,2485,242,2243
108900086,75,314,-239
108900087,167,259,-92
108900088,1193,451,742
108900089,37,169,-132
108900090,41,334,-293
108900091,141,135,6
108900092,531,438,93
108900093,114,97,17
108900094,222,96,126
108900095,56,430,-374
108900096,455,31,424
108900097,279,255,24
108900098,2905,648,2257
108900099,445,337,108
108900100,86,189,-103
108900101,280,169,111
108900102,223,995,-772
108900103,108,149,-41
108900104,197,494,-297
108900105,9,1217,-1208
108900106,480,502,-22
108900108,531,60,471
108900109,462,59,403
108900110,236,600,-364
108900111,517,740,-223
108900112,285,19,266
108900113,54,86,-32
108900114,104,17,87
108900115,69,120,-51
108900116,111,14,97
108900117,201,16,185
108900118,570,26,544
108900119,256,34,222
108900120,260,217,43
108900121,316,130,186
108900122,117,23,94
108900123,119,155,-36
108900124,496,196,300
108900125,383,4,379
108900126,107,22,85
108900127,178,26,152
108900128,128,46,82
108900129,699,182,517
108900130,343,2,341
108900131,520,7,513
108900132,562,71,491
108900133,237,63,174
108900134,348,324,24
108900135,160,14,146
108900136,61,1,60
108900137,155,2,153
108900138,712,55,657
108900139,520,93,427
108900140,328,305,23
108900141,366,11,355
108900142,112,18,94
108900143,51,0,51
108900144,75,3,72
108900145,169,15,154
108900146,68,0,68
108900147,221,0,221
108900148,74,34,40
108900149,604,493,111
108900150,290,4,286
108900151,312,8,304
108900152,176,22,154
108900153,221,488,-267
108900154,5333,647,4686
108900155,274,132,142
108900156,175,68,107
108900157,31,629,-598
108900158,319,28,291
108900159,4,346,-342
108900160,29,321,-292
108900161,6,510,-504
108900162,75,0,75
108900163,9,285,-276
108900164,86,118,-32
108900165,238,93,145
108900167,2131,6666,-4535
108900168,9910,3142,6768
108900169,73,159,-86
108900171,9007,3144,5863
108900172,181,68,113
108900173,243,452,-209
108900174,848,713,135
108900176,157,635,-478
108900177,7053,5029,2024
108900178,4818,3535,1283
108900179,643,1657,-1014
108900180,109,298,-189
108900182,49,319,-270
108900183,220,324,-104
108900184,557,288,269
108900185,126,470,-344
108900186,103,496,-393
108900187,423,60,363
108900188,567,67,500
108900189,546,220,326
108900190,79,3629,-3550
108900191,285,72,213
108900192,124,321,-197
108900193,262,86,176
108900194,23,352,-329
108900195,126,429,-303
108900196,39,435,-396
108900198,6,493,-487
108900199,367,530,-163
108900200,694,408,286
108900201,627,1721,-1094
108900203,600,122,478
108900204,398,25,373
108900205,191,43,148
108900206,549,53,496
108900207,176,81,95
108900208,27,472,-445
108900209,352,772,-420
108900210,217,280,-63
108900211,165,485,-320
108900212,832,1338,-506
108900215,135,559,-424
108900216,529,149,380
108900217,98,3,95
108900218,134,107,27
108900219,78,11,67
108900220,34,44,-10
108900221,51,154,-103
108900222,275,33,242
108900223,7,138,-131
108900224,40,206,-166
108900225,0,183,-183
108900226,226,12,214
108900227,127,307,-180
108900230,309,314,-5
108900231,40,249,-209
108900232,1,369,-368
108900233,431,110,321
108900234,321,185,136
108900235,261,681,-420
108900236,39,390,-351
108900237,94,305,-211
108900240,145,154,-9
108900241,29,54,-25
108900245,14,1455,-1441
108900249,168,58,110
108900250,325,271,54
108900257,209,507,-298
108900258,6,251,-245
108900259,129,90,39
108900260,10,94,-84
108900261,101,142,-41
108900262,203,167,36
108900263,34,198,-164
108900264,643,296,347
108900265,965,398,567
108900266,1157,554,603
108900267,6,96,-90
108900268,25,8,17
108900269,84,18,66
108900270,70,12,58
108900271,29,11,18
108900272,213,11,202
108900273,1237,849,388
108900274,53,55,-2
109000001,3368,1564,1804
109000002,1998,1729,269
109000003,2740,618,2122
109000004,566,2675,-2109
109000005,2825,819,2006
109000006,883,2484,-1601
109000007,1671,693,978
109000008,626,2129,-1503
109000009,4215,1555,2660
109000010,1824,4700,-2876
109000011,3619,2311,1308
109000012,2087,4166,-2079
109000013,3875,3529,346
109000014,2272,4087,-1815
109000015,4023,7860,-3837
109000016,8295,4643,3652
109000017,2475,1397,1078
109000018,1068,3775,-2707
109000019,2951,1522,1429
109000020,1259,2371,-1112
109000023,276,44,232
109000024,4,234,-230
109000025,415,560,-145
109000026,960,408,552
109000027,112,383,-271
109000028,190,125,65
109000029,99,198,-99
109000030,107,750,-643
109000031,214,181,33
109000032,134,587,-453
109000033,535,215,320
109000034,60,42,18
109000035,28,91,-63
109000036,86,429,-343
109000037,239,1311,-1072
109000038,736,527,209
109000039,1043,762,281
109000040,5025,8344,-3319
109000041,4311,1879,2432
109000042,858,1551,-693
109000044,441,102,339
109000045,108,490,-382
109000046,464,99,365
109000047,113,527,-414
109000048,1172,266,906
109000049,387,783,-396
109000050,413,297,116
109000051,401,350,51
109000052,658,1327,-669
109000053,247,90,157
109000054,295,702,-407
109000055,249,349,-100
109000056,411,688,-277
109000057,705,537,168
109000058,1320,361,959
109000059,1354,1508,-154
109000060,527,340,187
109000061,1359,1142,217
109000062,125,316,-191
109000063,271,192,79
109000064,225,201,24
109000065,133,332,-199
109000066,417,119,298
109000067,68,392,-324
109000068,2346,7,2339
109000069,976,41,935
109000070,6,1266,-1260
109000071,471,97,374
109000072,110,393,-283
109000073,124,122,2
109000074,51,245,-194
109000075,105,415,-310
109000076,185,267,-82
109000077,461,290,171
109000078,102,242,-140
109000079,170,233,-63
109000080,185,143,42
109000081,102,555,-453
109000082,688,279,409
109000083,292,1015,-723
109000088,161,649,-488
109000089,302,61,241
109000090,185,586,-401
109000091,374,225,149
109000092,483,648,-165
109000093,277,253,24
109000094,590,3,587
109000095,144,573,-429
109000096,726,343,383
109000097,80,216,-136
109000098,43,159,-116
109000099,850,364,486
109000100,275,622,-347
109000101,1793,977,816
109000102,403,961,-558
109000103,512,711,-199
109000104,1931,829,1102
109000105,600,1629,-1029
109000106,2488,981,1507
109000107,745,2476,-1731
109000108,1904,732,1172
109000109,535,2218,-1683
109000110,1464,770,694
109000111,1263,2638,-1375
109000112,439,173,266
109000113,487,270,217
109000114,243,489,-246
109000115,1392,49,1343
109000116,5,320,-315
109000117,227,55,172
109000118,8,460,-452
109000119,1409,330,1079
109000120,210,1113,-903
109000121,548,88,460
109000122,121,1028,-907
109000123,43,77,-34
109000124,686,559,127
109000125,866,420,446
109000126,437,1063,-626
109000127,882,278,604
109000128,512,1986,-1474
109000129,2363,973,1390
109000130,839,2527,-1688
109000131,909,697,212
109000132,926,2290,-1364
109000133,459,1354,-895
109000134,844,1838,-994
109000135,1292,1965,-673
109000136,388,452,-64
109000137,291,431,-140
109000138,613,446,167
109000139,582,527,55
109000140,242,521,-279
109000141,532,546,-14
109000142,178,566,-388
109000143,133,79,54
109000145,166,245,-79
109000146,53,110,-57
109000148,4391,1910,2481
109000149,34,65,-31
109000150,121,343,-222
109000155,925,740,185
109000156,1313,861,452
109000158,266,360,-94
109000159,194,617,-423
109000160,1043,316,727
109000161,399,1301,-902
109000162,2025,922,1103
109000163,1089,2092,-1003
109000164,1235,3022,-1787
109000165,1168,622,546
109000166,753,151,602
109000167,121,759,-638
109000170,63,57,6
109000171,58,46,12
109000172,57,92,-35
109000173,39,95,-56
109000174,105,72,33
109000175,39,114,-75
109000176,306,310,-4
109000177,31,140,-109
109000178,1015,513,502
109000179,6509,5217,1292
109000180,6430,3806,2624
109000181,17,44,-27
109000182,29,32,-3
109000183,45,54,-9
109000184,68,26,42
109000185,30,80,-50
109000188,629,2517,-1888
109000189,2595,1157,1438
109000190,552,582,-30
109000191,378,517,-139
109000192,385,270,115
109000193,178,393,-215
109000194,282,124,158
109000195,137,470,-333
109000196,305,118,187
109000197,180,510,-330
109000198,420,62,358
109000199,167,593,-426
109000206,275,64,211
109000207,138,53,85
109000208,125,94,31
109000209,199,109,90
109000210,206,621,-415
109000211,699,621,78
109000214,394,521,-127
109000215,204,137,67
109000216,232,276,-44
109000217,264,148,116
109000218,363,231,132
109000221,644,1363,-719
109000222,1134,307,827
109000223,330,388,-58
109000224,40,185,-145
109000225,101,57,44
109000226,62,249,-187
109000227,1253,1207,46
109000228,0,665,-665
109000231,3,424,-421
109000232,357,405,-48
109000236,325,959,-634
109000241,2510,2616,-106
109000242,2201,1798,403
109000293,19,76,-57
109000361,129,328,-199
109000364,211,634,-423
109000396,10,693,-683
109000397,537,11,526
109000399,148,510,-362
109000400,94,314,-220
109000403,184,992,-808
109000406,426,7,419
109000407,344,253,91
109000408,1,594,-593
109000410,1251,348,903
109000411,219,31,188
109900001,84,1,83
109900002,924,29,895
109900003,246,1,245
109900004,1273,240,1033
109900005,28,4,24
109900006,565,313,252
109900007,856,786,70
109900008,0,41,-41
109900009,134,588,-454
109900010,593,24,569
109900011,110,45,65
109900012,351,278,73
109900013,426,222,204
109900014,510,72,438
109900015,657,253,404
109900016,162,37,125
109900017,226,289,-63
109900018,221,117,104
109900019,219,73,146
109900020,41,45,-4
109900021,16,8,8
109900022,118,274,-156
109900023,30,6,24
109900024,41,5,36
109900025,11,104,-93
109900026,2,201,-199
109900027,51,32,19
109900028,1951,1032,919
109900029,10,378,-368
109900030,32,11,21
109900031,1,79,-78
109900032,9,383,-374
109900033,5,526,-521
109900034,42,2,40
109900035,12,28,-16
109900036,26,108,-82
109900037,30,613,-583
109900038,76,287,-211
109900039,8,0,8
109900040,32,690,-658
109900041,82,444,-362
109900042,49,514,-465
109900044,126,274,-148
109900045,128,49,79
109900046,56,66,-10
109900047,348,426,-78
109900048,0,108,-108
109900049,18,35,-17
109900050,3,205,-202
109900051,0,83,-83
109900052,141,399,-258
109900053,7,398,-391
109900054,685,282,403
109900055,65,399,-334
109900056,27,173,-146
109900057,16,225,-209
109900058,0,119,-119
109900059,773,139,634
109900060,492,183,309
109900061,60,398,-338
109900062,1,257,-256
109900063,9,499,-490
109900064,608,304,304
109900065,113,167,-54
109900066,445,1146,-701
109900067,0,313,-313
109900068,64,5,59
109900069,5,50,-45
109900070,56,375,-319
109900071,2,47,-45
109900072,47,209,-162
109900073,427,686,-259
109900074,8,52,-44
109900075,27,21,6
109900076,16,248,-232
109900077,48,71,-23
109900078,120,286,-166
109900080,141,346,-205
109900081,39,267,-228
109900082,59,448,-389
109900083,24,79,-55
109900084,59,163,-104
109900085,284,904,-620
109900086,133,375,-242
109900087,428,682,-254
109900089,777,232,545
109900090,648,1286,-638
109900091,307,105,202
109900092,759,19,740
109900093,891,204,687
109900094,90,115,-25
109900095,120,275,-155
109900096,36,6,30
109900097,106,3,103
109900098,431,58,373
109900099,179,2,177
109900100,45,1,44
109900101,556,25,531
109900102,446,33,413
109900103,36,44,-8
109900104,592,979,-387
109900105,526,24,502
109900106,478,81,397
109900107,487,108,379
109900108,114,448,-334
109900109,30,147,-117
109900110,132,465,-333
109900111,436,1079,-643
109900112,421,796,-375
109900113,787,513,274
109900114,1303,859,444
109900115,210,101,109
109900117,1055,154,901
109900118,282,574,-292
109900119,827,400,427
109900120,85,38,47
109900121,525,533,-8
109900122,453,10,443
109900123,22,214,-192
109900124,49,651,-602
109900125,3,174,-171
109900126,269,146,123
109900128,263,44,219
109900130,9233,2797,6436
109900131,57,158,-101
109900132,32,177,-145
109900133,97,334,-237
109900134,80,93,-13
109900135,385,91,294
109900136,82,189,-107
109900137,95,387,-292
109900140,237,269,-32
109900142,1473,340,1133
109900145,4,577,-573
109900146,581,68,513
109900148,53,113,-60
109900149,36,89,-53
109900150,8,136,-128
109900151,6,62,-56
109900152,0,33,-33
109900153,2,60,-58
109900154,65,1,64
109900155,73,22,51
109900157,96,294,-198
109900158,81,171,-90
109900159,211,36,175
109900160,190,75,115
109900161,236,88,148
109900162,263,140,123
109900163,857,483,374
109900164,88,233,-145
109900165,242,17,225
109900166,4,183,-179
109900167,207,674,-467
109900168,148,717,-569
109900169,245,222,23
109900170,294,832,-538
109900171,236,116,120
109900172,206,331,-125
109900173,3693,2578,1115
109900174,74,138,-64
109900175,95,81,14
109900176,157,195,-38
109900177,43,304,-261
109900178,5,157,-152
109900179,91,26,65
109900180,6,10,-4
110000001,1131,698,433
110000002,669,800,-131
110000003,1036,843,193
110000004,495,723,-228
110000005,537,1965,-1428
110000006,410,418,-8
110000007,123,139,-16
110000008,28,65,-37
110000009,92,39,53
110000010,28,92,-64
110000011,53,114,-61
110000012,742,486,256
110000013,46,613,-567
110000014,783,493,290
110000015,326,732,-406
110000016,382,1738,-1356
110000017,2971,362,2609
110000018,2948,466,2482
110000019,18,93,-75
110000020,481,264,217
110000021,749,472,277
110000022,1173,262,911
110000023,9,163,-154
110000024,798,420,378
110000025,320,8,312
110000026,10,431,-421
110000027,1425,518,907
110000028,1054,753,301
110000029,564,914,-350
110000030,301,482,-181
110000031,313,654,-341
110000032,847,481,366
110000033,385,115,270
110000034,561,905,-344
110000035,1038,781,257
110000036,1190,962,228
110000037,243,614,-371
110000038,245,891,-646
110000039,779,3510,-2731
110000040,518,421,97
110000041,291,1465,-1174
110000042,113,332,-219
110000043,916,349,567
110000044,139,168,-29
110000045,1021,136,885
110000046,45,27,18
110000047,98,27,71
110000048,7,26,-19
110000049,48,11,37
110000050,11,70,-59
110000051,40,19,21
110000052,23,28,-5
110000053,464,24,440
110000054,180,270,-90
110000055,666,50,616
110000056,222,63,159
110000057,464,737,-273
110000058,1203,548,655
110000059,1133,651,482
110000060,904,1217,-313
110000061,1053,1015,38
110000062,608,914,-306
110000063,45,119,-74
110000064,109,112,-3
110000065,92,88,4
110000066,101,46,55
110000067,103,325,-222
110000068,443,311,132
110000069,312,155,157
110000071,188,151,37
110000073,11,34,-23
110000075,5,113,-108
110000076,372,526,-154
110000077,458,1749,-1291
110000078,55,69,-14
110000080,296,856,-560
110000081,50,327,-277
110000082,56,483,-427
110000083,273,706,-433
110000084,1250,912,338
110000085,2253,1891,362
110000086,1599,2676,-1077
110000087,18,73,-55
110000088,94,275,-181
110000089,325,135,190
110000090,161,332,-171
110000091,1440,378,1062
110000092,43,91,-48
110000093,44,14,30
110000094,695,415,280
110000095,276,735,-459
110000096,2676,2252,424
110000097,1155,1345,-190
110000098,2159,763,1396
110000099,969,1864,-895
110000100,829,601,228
110000101,45,558,-513
110000102,84,37,47
110000104,429,124,305
110000105,84,311,-227
110000106,771,445,326
110000107,392,498,-106
110000108,166,99,67
110000109,332,344,-12
110000110,3689,5473,-1784
110000111,7795,3236,4559
110000112,1890,1612,278
110000113,690,2662,-1972
110000114,162,801,-639
110000115,391,429,-38
110000116,45,44,1
110000117,216,476,-260
110000118,367,193,174
110000119,221,430,-209
110000120,488,206,282
110000121,117,416,-299
110000122,525,805,-280
110000123,692,858,-166
110000124,3,1154,-1151
110000125,1144,18,1126
110000126,354,51,303
110000127,1343,108,1235
110000128,43,1615,-1572
110000129,3,609,-606
110000130,277,241,36
110000131,123,414,-291
110000132,3,777,-774
110000133,51,489,-438
110000134,30,420,-390
110000135,189,43,146
110000136,88,348,-260
110000137,637,790,-153
110000138,923,887,36
110000139,786,1548,-762
110000140,1004,680,324
110000143,735,513,222
110000144,6862,1838,5024
110000145,2398,1061,1337
110000146,2649,1127,1522
110000147,476,820,-344
110000148,645,330,315
110000151,1283,1128,155
110000152,1004,555,449
110000153,129,58,71
110000154,86,35,51
110000155,2574,4833,-2259
110000156,1369,2844,-1475
110000157,2543,2312,231
110000160,503,336,167
110000161,205,357,-152
110000166,704,148,556
110000167,907,653,254
110000168,1068,593,475
110000169,933,479,454
110000170,123,113,10
110000171,826,221,605
110000172,154,876,-722
110000173,1379,1461,-82
110000174,184,1231,-1047
110000175,594,93,501
110000176,189,321,-132
110000177,177,1005,-828
110000178,548,1530,-982
110000179,1428,453,975
110000180,170,289,-119
110000181,501,569,-68
110000182,421,214,207
110000183,11657,7554,4103
110000184,569,2854,-2285
110000185,1723,841,882
110000186,876,1041,-165
110000191,853,525,328
110000192,614,15,599
110000193,1117,10,1107
110000194,26,1555,-1529
110000195,507,387,120
110000196,413,452,-39
110000197,102,190,-88
110000198,142,69,73
110000199,98,159,-61
110000200,1348,634,714
110000201,982,1212,-230
110000202,1317,676,641
110000203,797,998,-201
110000204,5,330,-325
110000205,140,64,76
110000206,838,1793,-955
110000207,1050,419,631
110000208,250,163,87
110000209,197,1092,-895
110000210,1060,649,411
110000211,856,885,-29
110000212,398,1259,-861
110000213,225,104,121
110000214,324,150,174
110000215,227,440,-213
110000216,116,451,-335
110000217,315,176,139
110000218,138,421,-283
110000219,367,111,256
110000220,102,412,-310
110000221,330,106,224
110000222,90,253,-163
110000223,4,164,-160
110000224,93,15,78
110000225,286,843,-557
110000226,242,84,158
110000227,774,803,-29
110000228,363,335,28
110000229,2,315,-313
110000230,600,711,-111
110000231,222,286,-64
110000232,227,220,7
110000233,243,285,-42
110000234,1016,665,351
110000235,1037,1105,-68
110000236,642,885,-243
110000237,2128,1390,738
110000238,1378,1675,-297
110000239,2406,1442,964
110000240,2,81,-79
110000242,1,10,-9
110000243,153,178,-25
110000244,181,400,-219
110000245,55,458,-403
110000246,1092,742,350
110000247,1633,5490,-3857
110000248,2796,1613,1183
110000249,104,12,92
110000250,73,242,-169
110000251,390,606,-216
110000252,220,271,-51
110000253,1850,742,1108
110000254,844,1596,-752
110000255,341,1226,-885
110000256,646,457,189
110000257,902,504,398
110000258,5,495,-490
110000259,138,32,106
110000260,42,315,-273
110000263,883,154,729
110000264,309,545,-236
110000265,1102,2314,-1212
110000266,2694,3386,-692
110000267,33,323,-290
110000268,415,638,-223
110000269,2,117,-115
110000270,77,6,71
110000271,1679,328,1351
110000272,1233,1114,119
110000273,4831,1863,2968
110000274,261,1575,-1314
110000275,2350,607,1743
110000276,240,368,-128
110000277,304,493,-189
110000278,260,932,-672
110000279,970,912,58
110000280,526,474,52
110000281,42,283,-241
110000282,326,37,289
110000283,70,135,-65
110000284,74,67,7
110000285,3,601,-598
110000286,38,2,36
110000287,66,3,63
110000288,4,83,-79
110000289,528,1707,-1179
110000290,1156,759,397
110000291,5317,1481,3836
110000292,1544,4986,-3442
110000293,656,906,-250
110000294,955,1352,-397
110000295,135,935,-800
110000296,473,426,47
110000297,3184,376,2808
110000298,299,648,-349
110000299,461,98,363
110000301,319,23,296
110000302,478,1172,-694
110000303,524,10,514
110000304,211,338,-127
110000305,1385,21,1364
110000306,225,1602,-1377
110000307,1889,25,1864
110000308,824,77,747
110000309,10,995,-985
110000310,816,87,729
110000311,17,715,-698
110000312,570,95,475
110000313,3502,3695,-193
110000314,4,327,-323
110000315,3918,2923,995
110000316,609,1449,-840
110000317,624,350,274
110000318,16,106,-90
110000319,7,37,-30
110000320,67,52,15
110000321,52,59,-7
110000322,484,510,-26
110000323,578,252,326
110000324,4082,1771,2311
110000325,3203,3356,-153
110000327,731,376,355
110000328,236,446,-210
110000333,1211,744,467
110000334,1141,1560,-419
110000335,1134,741,393
110000336,816,1316,-500
110000337,1381,715,666
110000338,658,298,360
110000339,418,330,88
110000340,56,235,-179
110000341,657,590,67
110000342,694,4,690
110000343,0,19,-19
110000344,90,188,-98
110000345,206,113,93
110000346,3042,2117,925
110000347,1173,947,226
110000348,18,24,-6
110000349,20,42,-22
110000350,51,14,37
110000351,1042,1065,-23
110000352,743,1597,-854
110000353,2814,829,1985
110000354,1220,3112,-1892
110000355,101,145,-44
110000356,692,12,680
110000357,472,29,443
110000361,40,97,-57
110000362,58,121,-63
110000363,405,152,253
110000364,194,415,-221
110000365,179,5,174
110000366,2,103,-101
110000367,372,242,130
110000368,4,71,-67
110000369,70,7,63
110000373,2,350,-348
110000374,221,22,199
110000375,166,1123,-957
110000376,45,159,-114
110000377,93,495,-402
110000378,34,397,-363
110000379,3552,1942,1610
110000380,66,14,52
110000383,2,1066,-1064
110000384,2751,1005,1746
110000385,3,231,-228
110000387,108,7,101
110000388,47,253,-206
110000389,809,4,805
110000391,673,405,268
110000396,158,184,-26
110000397,134,217,-83
110000398,4,33,-29
110000399,185,0,185
110000587,110,61,49
110000589,196,194,2
110000640,233,90,143
110000652,65,203,-138
110000653,266,476,-210
110000654,86,65,21
110000656,3,791,-788
110000674,45,17,28
110000675,144,31,113
110000676,206,33,173
110000679,452,1294,-842
110000682,158,245,-87
110000683,419,564,-145
110000684,8,69,-61
110000685,8,16,-8
110000686,1,38,-37
110000687,72,3,69
110000688,72,946,-874
110000689,40,58,-18
110000692,194,198,-4
110000693,169,327,-158
110000694,0,203,-203
110000695,287,749,-462
110000696,110,120,-10
110900001,246,19,227
110900002,740,272,468
110900003,821,838,-17
110900004,482,263,219
110900005,3576,2311,1265
110900006,43,9,34
110900007,135,35,100
110900008,7,51,-44
110900009,518,119,399
110900010,14,110,-96
110900011,22,79,-57
110900012,11,127,-116
110900013,1260,149,1111
110900014,192,15,177
110900015,733,671,62
110900016,61,155,-94
110900017,497,54,443
110900018,541,63,478
110900019,204,24,180
110900020,133,372,-239
110900021,100,729,-629
110900022,104,376,-272
110900023,112,488,-376
110900024,29,512,-483
110900025,14,72,-58
110900027,55,281,-226
110900028,48,178,-130
110900029,25,357,-332
110900030,31,358,-327
110900031,0,134,-134
110900032,0,102,-102
110900033,48,252,-204
110900035,30,538,-508
110900036,120,31,89
110900037,77,33,44
110900038,1292,314,978
110900039,10,349,-339
110900040,255,41,214
110900041,11,153,-142
110900042,114,79,35
110900043,6,166,-160
110900044,339,40,299
110900045,54,559,-505
110900046,46,329,-283
110900047,720,330,390
110900049,151,108,43
110900050,32,12,20
110900051,54,255,-201
110900052,7,244,-237
110900053,100,48,52
110900054,49,244,-195
110900055,41,6,35
110900056,89,125,-36
110900057,13,223,-210
110900058,330,275,55
110900059,794,697,97
110900060,576,158,418
110900061,29,66,-37
110900062,167,290,-123
110900063,41,115,-74
110900064,20,2,18
110900065,461,187,274
110900066,9,79,-70
110900067,463,683,-220
110900068,272,297,-25
110900069,9,35,-26
110900070,138,55,83
110900071,353,573,-220
110900073,1,43,-42
110900074,402,122,280
110900075,387,121,266
110900077,752,639,113
110900078,22,104,-82
110900079,2635,1492,1143
110900080,117,77,40
110900081,4,71,-67
110900082,104,141,-37
110900083,151,44,107
110900084,59,140,-81
110900085,51,355,-304
110900086,72,324,-252
110900087,425,75,350
110900088,19,1,18
110900090,39,47,-8
110900091,1,82,-81
110900093,281,130,151
110900095,61,69,-8
110900097,11,28,-17
110900098,38,124,-86
110900099,56,499,-443
110900100,0,36,-36
110900102,154,31,123
110900105,664,322,342
110900108,16,101,-85
110900111,434,157,277
110900112,899,10,889
110900113,619,55,564
110900115,8,86,-78
110900116,799,2144,-1345
110900118,103,2657,-2554
110900119,4729,464,4265
110900120,23,91,-68
110900121,117,6,111
110900122,381,208,173
110900125,389,503,-114
110900127,922,1512,-590
110900128,309,300,9
110900129,640,869,-229
110900130,1465,730,735
110900131,312,49,263
110900132,344,89,255
110900133,128,254,-126
110900135,138,431,-293
110900136,345,19,326
110900137,70,2,68
110900138,1357,376,981
110900139,46,76,-30
110900140,117,5,112
110900141,2,103,-101
110900142,86,228,-142
110900143,184,104,80
110900144,2,938,-936
110900145,173,44,129
110900146,343,151,192
110900147,153,358,-205
110900148,9,364,-355
110900149,4,96,-92
110900150,109,24,85
110900151,16,131,-115
110900152,42,321,-279
110900153,154,54,100
111000001,601,525,76
111000002,767,751,16
111000003,1174,717,457
111000004,552,1215,-663
111000005,1572,1317,255
111000006,1145,1908,-763
111000007,5173,3586,1587
111000008,2858,4448,-1590
111000009,433,966,-533
111000010,925,329,596
111000011,468,1264,-796
111000012,898,523,375
111000013,410,1114,-704
111000014,1461,664,797
111000017,161,1099,-938
111000018,296,398,-102
111000020,1394,2962,-1568
111000021,89,143,-54
111000023,92,112,-20
111000025,6256,4409,1847
111000029,82,155,-73
111000030,21,182,-161
111000031,2345,1633,712
111000032,650,409,241
111000033,380,348,32
111000034,433,238,195
111000037,2400,1371,1029
111000038,4831,3349,1482
111000039,2760,3032,-272
111000040,2441,3167,-726
111000041,2486,2359,127
111000042,4587,3447,1140
111000043,2042,3176,-1134
111000044,1871,1236,635
111000045,2529,2622,-93
111000046,1803,1775,28
111000047,2565,4088,-1523
111000049,606,548,58
111000050,1936,1871,65
111000051,621,1432,-811
111000052,691,2260,-1569
111000053,469,1144,-675
111000054,409,1123,-714
111000055,1322,2419,-1097
111000056,136,716,-580
111000057,73,774,-701
111000058,440,89,351
111000059,434,286,148
111000060,3720,975,2745
111000061,545,399,146
111000062,859,364,495
111000063,2013,1103,910
111000064,652,677,-25
111000065,1200,1119,81
111000066,495,473,22
111000067,683,896,-213
111000068,746,1358,-612
111000069,2252,2617,-365
111000070,1682,1366,316
111000071,286,869,-583
111000072,1102,553,549
111000073,331,924,-593
111000074,1697,1867,-170
111000075,1284,841,443
111000076,572,724,-152
111000077,2104,2104,0
111000078,3662,2093,1569
111000079,1433,973,460
111000080,731,791,-60
111000081,2022,4542,-2520
111000082,751,825,-74
111000084,861,603,258
111000085,1214,2003,-789
111000086,3298,1460,1838
111000087,766,920,-154
111000088,5945,2831,3114
111000089,845,1047,-202
111000090,1117,1730,-613
111000091,879,634,245
111000092,1332,1174,158
111000093,871,1229,-358
111000094,2184,1279,905
111000095,847,2656,-1809
111000096,2394,8559,-6165
111000097,6131,2008,4123
111000098,1101,1660,-559
111000099,705,2245,-1540
111000100,489,1932,-1443
111000101,460,1001,-541
111000102,301,722,-421
111000104,794,234,560
111000107,166,946,-780
111000109,822,351,471
111000110,1618,845,773
111000111,2339,607,1732
111000112,1665,709,956
111000113,1053,1734,-681
111000114,2484,4090,-1606
111000115,7058,1493,5565
111000116,1071,1246,-175
111000117,546,1074,-528
111000118,1652,1092,560
111000119,1171,1348,-177
111000120,443,742,-299
111000121,311,893,-582
111000122,767,1402,-635
111000123,1335,3639,-2304
111000124,570,3642,-3072
111000125,312,1909,-1597
111000126,106,1204,-1098
111000127,927,220,707
111000128,1796,413,1383
111000129,2966,532,2434
111000130,2101,795,1306
111000131,1658,705,953
111000132,1425,862,563
111000133,213,273,-60
111000134,233,153,80
111000135,69,190,-121
111000136,409,368,41
111000138,29,14,15
111000140,2,5,-3
111000141,304,373,-69
111000142,21,134,-113
111000143,2,109,-107
111000144,34,230,-196
111000145,1681,17,1664
111000146,171,16,155
111000147,359,46,313
111000148,235,108,127
111000149,10,50,-40
111000150,57,8,49
111000151,1,20,-19
111000153,739,935,-196
111000154,882,264,618
111000155,91,219,-128
111000156,486,612,-126
111000157,289,1070,-781
111000158,1144,754,390
111000159,2802,791,2011
111000160,412,405,7
111000161,4,298,-294
111000162,58,195,-137
111000163,757,1031,-274
111000164,785,4508,-3723
111000165,1367,670,697
111000166,2886,556,2330
111000167,236,559,-323
111000168,263,587,-324
111000169,389,787,-398
111000170,618,483,135
111000171,655,986,-331
111000172,202,586,-384
111000173,542,1172,-630
111000174,235,491,-256
111000175,66,347,-281
111000176,466,158,308
111000177,340,272,68
111000178,1554,321,1233
111000179,202,173,29
111000180,324,474,-150
111000181,997,313,684
111000182,258,278,-20
111000183,425,372,53
111000184,409,299,110
111000185,484,571,-87
111000186,402,333,69
111000187,183,259,-76
111000188,254,498,-244
111000189,1404,680,724
111000190,210,462,-252
111000191,205,469,-264
111000192,265,692,-427
111000193,339,378,-39
111000194,84,366,-282
111000195,178,417,-239
111000196,90,246,-156
111000197,461,174,287
111000198,533,168,365
111000199,197,187,10
111000200,411,353,58
111000201,673,286,387
111000202,274,255,19
111000203,269,302,-33
111000204,469,1159,-690
111000213,202,503,-301
111000214,1843,1743,100
111000215,1299,1631,-332
111000217,1567,1226,341
111000218,1548,1448,100
111000219,578,267,311
111000220,2331,780,1551
111000221,926,110,816
111000224,69,372,-303
111000225,388,218,170
111000226,186,1,185
111000227,37,9,28
111000228,27,393,-366
111000229,37,877,-840
111000230,373,518,-145
111000231,1116,1147,-31
111000232,627,1042,-415
111000233,1060,906,154
111000234,151,366,-215
111000239,130,207,-77
111000240,45,271,-226
111000241,51,423,-372
111000242,161,88,73
111000243,152,713,-561
111000244,565,148,417
111000245,1216,712,504
111000246,585,548,37
111000247,320,1041,-721
111000248,753,573,180
111000249,517,865,-348
111000250,32,115,-83
111000251,72,147,-75
111000253,19,14,5
111000255,42,14,28
111000257,26,27,-1
111000260,96,1294,-1198
111000261,1391,95,1296
111000271,49,315,-266
111000273,5087,1829,3258
111000274,1341,2672,-1331
111000275,195,88,107
111000276,379,2494,-2115
111000277,195,546,-351
111000278,757,327,430
111000291,756,5977,-5221
111000298,619,321,298
111000299,741,137,604
111000300,124,741,-617
111000302,318,127,191
111000303,101,343,-242
111000312,77,103,-26
111000315,10,191,-181
111000320,447,1121,-674
111000321,446,141,305
111000322,464,644,-180
111000323,206,25,181
111000324,353,324,29
111000325,44,97,-53
111000326,222,441,-219
111000327,460,563,-103
111000328,278,641,-363
111000329,0,36,-36
111000330,70,17,53
111000331,29,9,20
111000332,630,1630,-1000
111000334,392,1700,-1308
111000335,919,330,589
111000337,1266,499,767
111000338,104,164,-60
111000339,604,539,65
111000340,165,718,-553
111000341,1285,791,494
111000342,404,645,-241
111000344,1092,876,216
111000345,213,45,168
111000346,16,163,-147
111000347,137,12,125
111000350,234,139,95
111000351,139,339,-200
111000352,225,126,99
111000353,205,323,-118
111000354,582,157,425
111000355,549,670,-121
111000358,156,1505,-1349
111000360,172,839,-667
111000361,117,370,-253
111000546,894,751,143
111000547,325,602,-277
111000548,104,389,-285
111000549,288,451,-163
111000550,161,1054,-893
111000551,993,195,798
111000552,2753,143,2610
111000907,571,8,563
111000908,26,0,26
111000916,1957,422,1535
111000917,34,487,-453
111000918,246,1131,-885
111000920,497,16,481
111000921,6,318,-312
111000922,625,435,190
111000924,45,1043,-998
111000925,2296,2223,73
111000926,1081,2129,-1048
111000927,3606,5208,-1602
111000928,5562,4743,819
111000929,1179,1253,-74
111000930,881,2928,-2047
111000931,2131,2891,-760
111000932,4885,2953,1932
111000933,3962,2372,1590
111000934,2465,4192,-1727
111000935,1431,1096,335
111000936,1277,2551,-1274
111000937,931,1603,-672
111000938,1773,2198,-425
111000939,533,51,482
111000940,443,172,271
111000941,366,569,-203
111000943,412,322,90
111000944,217,516,-299
111000945,112,1780,-1668
111001109,513,397,116
111001110,173,613,-440
111001111,99,12,87
111001112,186,3,183
111001113,2,219,-217
111001114,1434,179,1255
111001115,86,497,-411
111001116,6371,4203,2168
111001117,660,2927,-2267
111001120,128,371,-243
111001121,232,345,-113
111001122,228,697,-469
111001123,308,126,182
111001124,130,250,-120
111001125,3,93,-90
111900001,10,136,-126
111900002,23,831,-808
111900003,3,414,-411
111900004,62,167,-105
111900006,16,65,-49
111900007,89,11,78
111900008,190,0,190
111900009,217,237,-20
111900010,442,672,-230
111900012,70,185,-115
111900013,48,125,-77
111900014,6952,3936,3016
111900015,2,91,-89
111900016,0,194,-194
111900017,0,204,-204
111900018,272,2,270
111900019,22,201,-179
111900020,7,91,-84
111900021,51,156,-105
111900022,16,108,-92
111900023,152,80,72
111900024,10,102,-92
111900025,0,42,-42
111900026,1,137,-136
111900027,8,214,-206
111900028,24,413,-389
111900029,6,123,-117
111900030,36,418,-382
111900031,58,68,-10
111900032,2,371,-369
111900033,7,128,-121
111900034,358,602,-244
111900035,43,231,-188
111900036,4,325,-321
111900038,381,717,-336
111900039,63,446,-383
111900040,2,646,-644
111900042,44,118,-74
111900043,8,451,-443
111900044,443,299,144
111900046,69,236,-167
111900048,219,771,-552
111900049,34,270,-236
111900050,133,38,95
111900051,2,239,-237
111900052,558,559,-1
111900053,1827,1419,408
111900054,154,4,150
111900055,15,550,-535
111900056,288,276,12
111900057,98,53,45
111900058,418,812,-394
111900059,2164,596,1568
111900060,307,5,302
111900061,13,313,-300
111900062,21,83,-62
111900063,285,279,6
111900064,134,302,-168
111900065,66,33,33
111900066,133,178,-45
111900067,5,343,-338
111900068,64,62,2
111900069,84,44,40
111900070,157,159,-2
111900071,1,238,-237
111900072,54,33,21
111900073,798,189,609
111900074,13,200,-187
111900075,88,18,70
111900076,198,53,145
111900077,34,2,32
111900078,288,14,274
111900079,50,37,13
111900080,248,262,-14
111900082,152,34,118
111900083,115,10,105
111900084,116,7,109
111900085,43,139,-96
111900086,27,4,23
111900087,87,4,83
111900088,552,10,542
111900089,152,6,146
111900090,49,44,5
111900091,211,6,205
111900092,91,3,88
111900093,409,4,405
111900094,146,0,146
111900095,167,35,132
111900096,138,2,136
111900097,58,2,56
111900098,227,1,226
111900099,64,0,64
111900100,141,7,134
111900101,114,28,86
111900102,590,723,-133
111900103,94,73,21
111900104,196,79,117
111900105,413,199,214
111900106,1065,64,1001
111900110,2160,450,1710
111900111,191,194,-3
111900112,806,2492,-1686
111900113,334,130,204
111900118,390,133,257
111900119,329,161,168
111900122,126,94,32
111900123,29,33,-4
111900124,25,130,-105
111900125,538,39,499
111900126,284,1,283
111900127,4,842,-838
111900128,9,613,-604
111900129,244,5,239
111900130,300,31,269
111900131,459,5,454
111900132,47,1232,-1185
111900133,17,455,-438
111900134,21,331,-310
111900135,6,32,-26
111900136,82,144,-62
111900137,77,85,-8
111900138,12,106,-94
111900139,13,152,-139
111900140,84,21,63
111900141,63,18,45
111900142,85,43,42
111900143,25,255,-230
111900144,0,126,-126
111900145,2,564,-562
111900146,6,265,-259
111900147,198,523,-325
111900148,23,735,-712
111900149,8,322,-314
111900150,17,226,-209
111900151,3,31,-28
111900152,106,91,15
111900153,1852,471,1381
111900154,4,251,-247
111900155,65,85,-20
111900156,48,113,-65
111900157,92,45,47
111900158,496,57,439
111900159,306,12,294
111900160,346,2,344
111900161,257,0,257
111900162,83,160,-77
111900163,36,253,-217
111900164,116,69,47
111901113,393,263,130
111901114,221,409,-188
111901115,96,1,95
111901116,63,5,58
111901117,15,52,-37
111901118,80,251,-171
111901119,1016,84,932
111901121,219,250,-31
111901122,8,593,-585
111901123,203,397,-194
111901124,188,3,185
111901125,406,241,165
111901127,842,587,255
111901128,19,121,-102
111901129,18,180,-162
111901130,8,229,-221
111901131,6,318,-312
111901132,123,13,110
111901133,77,5,72
111901134,76,9,67
111901135,29,7,22
111901136,35,63,-28
111901137,1,37,-36
111901138,269,43,226
111901139,33,54,-21
111901140,15,114,-99
111901141,8,160,-152
111901142,4,131,-127
111901143,10,114,-104
111901144,49,52,-3
111901145,230,309,-79
111901146,538,20,518
112000001,2058,901,1157
112000002,879,3127,-2248
112000003,1441,1066,375
112000004,746,1330,-584
112000005,3429,3665,-236
112000006,3041,2731,310
112000007,2881,2111,770
112000008,2638,4214,-1576
112000009,4027,4561,-534
112000010,2928,3339,-411
112000011,2096,2410,-314
112000012,5783,4208,1575
112000013,7312,3702,3610
112000014,4715,1594,3121
112000015,6440,3980,2460
112000016,7067,1382,5685
112000017,3767,2604,1163
112000024,3357,1460,1897
112000026,5206,6682,-1476
112000027,970,632,338
112000028,2149,1932,217
112000029,492,803,-311
112000030,187,120,67
112000031,1842,4921,-3079
112000032,555,82,473
112000033,2838,1627,1211
112000034,400,98,302
112000035,177,360,-183
112000036,1405,978,427
112000037,1140,754,386
112000038,1436,932,504
112000039,81,82,-1
112000040,147,306,-159
112000041,674,574,100
112000042,1459,469,990
112000050,1288,1728,-440
112000051,1063,1258,-195
112000054,1852,2322,-470
112000057,589,453,136
112000058,632,750,-118
112000059,692,1016,-324
112000061,4092,2650,1442
112000062,1964,901,1063
112000063,1715,1706,9
112000064,4762,6560,-1798
112000065,2522,2868,-346
112000066,4247,1647,2600
112000067,881,798,83
112000068,3719,2646,1073
112000069,873,2210,-1337
112000070,2209,1022,1187
112000071,1541,3229,-1688
112000072,3243,1028,2215
112000073,2187,2824,-637
112000074,2019,1378,641
112000075,1590,1508,82
112000076,4092,3066,1026
112000077,694,694,0
112000078,1991,836,1155
112000079,1503,1580,-77
112000080,761,921,-160
112000081,1920,2728,-808
112000082,1667,963,704
112000083,746,1543,-797
112000084,1459,1051,408
112000085,1293,1210,83
112000086,1978,1715,263
112000087,486,520,-34
112000088,752,734,18
112000089,367,400,-33
112000090,269,286,-17
112000091,765,1515,-750
112000092,1968,1445,523
112000093,2002,1352,650
112000094,723,1080,-357
112000095,735,1280,-545
112000096,602,765,-163
112000097,1578,812,766
112000098,1395,1616,-221
112000099,749,1646,-897
112000100,1883,1055,828
112000101,677,1471,-794
112000102,1347,630,717
112000103,365,1400,-1035
112000105,712,2177,-1465
112000106,1707,526,1181
112000107,59,222,-163
112000108,240,2021,-1781
112000109,110,64,46
112000110,2350,791,1559
112000111,1615,4062,-2447
112000112,5360,811,4549
112000113,1079,2118,-1039
112000114,3121,1172,1949
112000115,401,585,-184
112000116,863,1354,-491
112000117,1234,1084,150
112000118,1159,1109,50
112000119,572,936,-364
112000120,79,439,-360
112000121,154,614,-460
112000122,279,201,78
112000123,671,231,440
112000124,394,129,265
112000125,219,294,-75
112000126,263,623,-360
112000127,3025,2368,657
112000128,1650,885,765
112000129,176,139,37
112000130,224,77,147
112000131,58,448,-390
112000132,165,336,-171
112000133,408,280,128
112000134,414,462,-48
112000135,1342,784,558
112000136,1174,1362,-188
112000137,1974,1521,453
112000138,2096,1500,596
112000139,1061,587,474
112000140,1167,1319,-152
112000141,888,375,513
112000142,242,763,-521
112000143,1257,268,989
112000144,386,1551,-1165
112000145,2611,729,1882
112000146,768,2482,-1714
112000147,2748,2429,319
112000148,2295,2917,-622
112000149,520,782,-262
112000150,279,823,-544
112000151,323,506,-183
112000152,376,555,-179
112000153,199,340,-141
112000154,124,253,-129
112000155,143,121,22
112000157,772,611,161
112000158,331,705,-374
112000159,600,495,105
112000167,445,101,344
112000169,405,508,-103
112000173,832,338,494
112000175,575,403,172
112000176,3907,2521,1386
112000177,777,237,540
112000178,131,448,-317
112000179,334,140,194
112000180,243,471,-228
112000181,1741,2582,-841
112000182,1198,2428,-1230
112000183,50,82,-32
112000184,454,621,-167
112000185,592,713,-121
112000187,4373,2629,1744
112000195,122,31,91
112000196,392,4,388
112000197,326,206,120
112000198,44,326,-282
112000199,1310,1242,68
112000202,463,7,456
112000216,59,402,-343
112000230,75,17,58
112000231,2,324,-322
112000256,52,241,-189
112000313,82,142,-60
112000314,60,38,22
112000337,384,677,-293
112000352,393,444,-51
112000392,1701,1476,225
112000398,1356,966,390
112000399,2233,2556,-323
112000400,2002,3800,-1798
112000401,3327,3084,243
112000402,3156,3148,8
112000403,2400,2958,-558
112000404,753,909,-156
112000405,2027,3182,-1155
112000406,4145,3267,878
112000407,7198,8657,-1459
112000408,9806,8224,1582
112000409,1965,5900,-3935
112000410,543,249,294
112000411,5132,1944,3188
112000412,1869,733,1136
112000413,10636,5737,4899
112000414,113,135,-22
112000415,145,47,98
112000416,2633,1613,1020
112000417,293,88,205
112000421,82,117,-35
112000422,413,524,-111
112000424,3024,2964,60
112000425,607,1036,-429
112000426,156,397,-241
112000427,3,11,-8
112000428,230,363,-133
112000429,2356,3106,-750
112000430,2562,3385,-823
112000431,61,160,-99
112000432,659,1405,-746
112000433,665,919,-254
112000437,52,221,-169
112900001,57,0,57
112900002,458,1245,-787
112900003,88,461,-373
112900004,48,367,-319
112900005,259,293,-34
112900006,9,519,-510
112900007,66,288,-222
112900008,1,21,-20
112900009,511,157,354
112900010,413,1050,-637
112900011,239,295,-56
112900012,2,75,-73
112900013,6,231,-225
112900014,2,318,-316
112900015,480,887,-407
112900016,4,412,-408
112900017,49,284,-235
112900018,4,404,-400
112900019,58,265,-207
112900020,493,1487,-994
112900021,3,269,-266
112900022,11,111,-100
112900023,4,250,-246
112900024,33,268,-235
112900025,89,356,-267
112900026,6,310,-304
112900027,13,1297,-1284
112900028,26,124,-98
112900029,15,770,-755
112900030,188,281,-93
112900031,5,644,-639
112900032,205,283,-78
112900034,1,64,-63
112900035,19,539,-520
112900036,36,143,-107
112900037,214,167,47
112900038,758,252,506
112900039,14,419,-405
112900040,9,425,-416
112900041,1082,1193,-111
112900042,74,510,-436
112900043,46,70,-24
112900044,741,641,100
112900045,401,431,-30
112900046,259,92,167
112900047,18,27,-9
112900049,256,151,105
112900050,55,612,-557
112900051,368,773,-405
112900052,9,1123,-1114
112900053,277,86,191
112900054,199,94,105
112900055,197,59,138
112900056,575,241,334
112900057,27,656,-629
112900058,405,411,-6
112900059,154,154,0
112900060,18,246,-228
112900061,117,136,-19
112900062,90,153,-63
112900063,161,26,135
112900064,230,306,-76
112900065,34,33,1
112900066,283,200,83
112900067,481,214,267
112900068,65,54,11
112900069,2061,828,1233
112900071,23,5,18
112900072,240,2236,-1996
112900073,339,97,242
112900074,123,345,-222
112900075,1864,936,928
112900076,92,43,49
112900078,344,483,-139
112900079,184,35,149
112900080,65,0,65
112900081,87,252,-165
112900082,636,31,605
112900083,153,80,73
112900084,263,154,109
112900086,95,1,94
112900087,866,178,688
112900088,136,13,123
112900089,948,28,920
112900090,69,12,57
112900091,285,5,280
112900092,196,261,-65
112900093,1338,26,1312
112900095,36,1,35
112900096,535,194,341
112900097,113,438,-325
112900098,172,2,170
112900099,970,15,955
112900100,52,1,51
112900101,322,5,317
112900102,155,9,146
112900103,225,3,222
112900104,618,10,608
112900105,14,0,14
112900106,589,123,466
112900107,6,0,6
112900108,18,0,18
112900109,99,1,98
112900110,1430,16,1414
112900111,775,4,771
112900112,388,0,388
112900113,0,14,-14
112900114,173,33,140
112900115,1237,2,1235
112900116,128,40,88
112900117,118,117,1
112900118,34,100,-66
112900119,226,5,221
112900120,971,368,603
112900121,188,237,-49
112900122,19,165,-146
112900123,159,17,142
112900124,14,120,-106
112900125,108,518,-410
112900126,236,329,-93
112900127,397,146,251
112900128,445,1014,-569
112900129,0,1176,-1176
112900130,314,103,211
112900131,73,323,-250
112900132,103,417,-314
112900133,46,1254,-1208
112900134,3,327,-324
112900135,118,45,73
112900137,4,673,-669
112900138,15,419,-404
112900139,277,1571,-1294
112900141,1018,187,831
112900142,106,140,-34
112900143,37,647,-610
112900144,1,298,-297
112900145,36,676,-640
112900146,5,1431,-1426
112900147,11,2143,-2132
112900148,84,0,84
112900149,386,589,-203
112900151,11,68,-57
112900152,4464,1232,3232
112900153,2654,2535,119
112900154,1,151,-150
112900155,245,22,223
112900156,441,1574,-1133
112900157,314,65,249
112900158,75,44,31
112900159,303,135,168
112900160,126,369,-243
112900161,108,64,44
112900162,37,22,15
112900163,107,58,49
112900164,45,202,-157
112900165,131,48,83
112900166,25,82,-57
112900167,3,63,-60
112900168,4,3,1
112900169,26,10,16
112900170,123,103,20
112900172,63,23,40
112900173,266,114,152
112900174,317,57,260
112900175,210,179,31
112900176,14,37,-23
112900177,243,55,188
112900178,797,2925,-2128
112900179,45,550,-505
112900180,2183,2069,114
112900181,569,7,562
112900182,79,1393,-1314
112900183,203,342,-139
112900184,501,562,-61
112900185,383,653,-270
112900186,2011,1125,886
112900187,103,519,-416
112900188,1049,443,606
112900189,10,51,-41
112900190,18,44,-26
112900192,676,752,-76
112900193,1438,459,979
112900194,91,169,-78
112900195,1099,86,1013
112900196,298,479,-181
112900197,271,477,-206
112900199,679,669,10
112900200,588,329,259
112900201,102,138,-36
112900202,366,988,-622
112900203,256,303,-47
112900204,1176,736,440
112900205,34,8,26
112900206,60,107,-47
112900207,21,0,21
112900208,105,293,-188
112900209,690,466,224
112900210,0,68,-68
112900211,99,92,7
112900212,0,111,-111
112900213,34,22,12
112900214,37,13,24
112900215,8,221,-213
112900216,40,102,-62
112900217,2,48,-46
112900218,51,18,33
112900219,79,18,61
112900220,1,0,1
112900221,45,119,-74
112900222,2,30,-28
112900223,1093,19,1074
112900224,376,664,-288
112900225,551,526,25
112900226,306,432,-126
112900227,523,1530,-1007
112900228,80,42,38
112900229,195,82,113
112900230,8213,4819,3394
112900232,286,323,-37
112900233,116,221,-105
112900234,11,128,-117
112900235,163,50,113
112900236,289,17,272
112900237,372,273,99
112900238,5,81,-76
112900239,947,412,535
113000001,6213,5758,455
113000002,3704,4142,-438
113000003,2119,2069,50
113000004,2131,2988,-857
113000005,1763,1167,596
113000006,1285,1671,-386
113000007,2258,1433,825
113000008,2143,2025,118
113000009,1249,998,251
113000010,1215,1681,-466
113000011,867,2073,-1206
113000012,1944,1080,864
113000013,1648,823,825
113000014,1991,1658,333
113000015,772,299,473
113000016,455,869,-414
113000017,110,391,-281
113000018,694,50,644
113000019,416,376,40
113000020,581,66,515
113000021,1442,638,804
113000022,766,1387,-621
113000025,150,401,-251
113000026,614,675,-61
113000027,1013,622,391
113000028,1463,564,899
113000029,822,644,178
113000030,440,832,-392
113000031,316,364,-48
113000032,298,365,-67
113000033,315,482,-167
113000034,454,396,58
113000035,36,51,-15
113000036,28,54,-26
113000037,85,34,51
113000038,22,57,-35
113000039,87,599,-512
113000040,99,78,21
113000042,949,753,196
113000051,936,2864,-1928
113000052,2168,1135,1033
113000053,440,564,-124
113000054,408,1037,-629
113000055,1297,789,508
113000056,981,1230,-249
113000058,962,1104,-142
113000059,1323,913,410
113000060,243,643,-400
113000061,658,1125,-467
113000062,1050,356,694
113000063,163,156,7
113000064,58,351,-293
113000065,187,1086,-899
113000066,802,135,667
113000067,2293,1611,682
113000068,483,1884,-1401
113000069,645,1426,-781
113000070,2755,1306,1449
113000071,538,825,-287
113000072,779,657,122
113000073,561,1932,-1371
113000074,1307,615,692
113000075,2213,917,1296
113000076,942,2350,-1408
113000077,1663,614,1049
113000078,990,2890,-1900
113000079,1039,863,176
113000080,835,738,97
113000081,1054,1030,24
113000082,1627,982,645
113000083,658,1088,-430
113000084,1864,1553,311
113000085,1077,897,180
113000086,1163,1463,-300
113000087,1204,1113,91
113000088,2736,1558,1178
113000089,954,1934,-980
113000090,330,744,-414
113000091,823,404,419
113000094,1518,254,1264
113000095,346,1063,-717
113000096,231,822,-591
113000097,1463,476,987
113000098,131,43,88
113000099,1123,407,716
113000100,151,429,-278
113000101,443,682,-239
113000102,710,529,181
113000103,2353,747,1606
113000104,524,2357,-1833
113000105,912,472,440
113000106,496,699,-203
113000107,900,876,24
113000108,848,1503,-655
113000109,587,2636,-2049
113000110,1730,507,1223
113000111,185,708,-523
113000112,431,380,51
113000113,1700,397,1303
113000114,447,1669,-1222
113000116,892,366,526
113000117,923,173,750
113000118,136,686,-550
113000119,565,434,131
113000120,158,340,-182
113000121,1035,1021,14
113000124,291,150,141
113000125,109,803,-694
113000127,3080,526,2554
113000128,538,788,-250
113000129,772,1125,-353
113000133,3051,2228,823
113000134,9,1614,-1605
113000135,4519,5141,-622
113000137,2264,3794,-1530
113000139,480,297,183
113000140,201,331,-130
113000141,505,255,250
113000142,898,1554,-656
113000143,365,294,71
113000144,428,797,-369
113000145,32,147,-115
113000146,174,135,39
113000147,256,169,87
113000148,154,107,47
113000149,83,130,-47
113000150,785,460,325
113000151,140,88,52
113000152,21,113,-92
113000153,1861,763,1098
113000154,1015,1929,-914
113000155,395,652,-257
113000156,182,530,-348
113000157,458,1294,-836
113000158,875,326,549
113000159,1164,945,219
113000160,974,1534,-560
113000161,321,641,-320
113000162,959,617,342
113000163,116,67,49
113000164,20,150,-130
113000166,164,124,40
113000167,40,116,-76
113000168,111,150,-39
113000169,203,101,102
113000170,83,119,-36
113000171,57,115,-58
113000172,265,87,178
113000173,68,20,48
113000174,155,544,-389
113000175,452,133,319
113000176,674,200,474
113000177,216,521,-305
113000178,229,421,-192
113000179,343,198,145
113000180,1052,1427,-375
113000181,1294,1105,189
113000182,207,514,-307
113000183,184,598,-414
113000184,22,125,-103
113000189,567,1047,-480
113000190,1573,748,825
113000192,1966,2230,-264
113000193,4901,1404,3497
113000194,2103,1460,643
113000195,3054,1001,2053
113000196,294,116,178
113000197,2477,1371,1106
113000198,78,420,-342
113000199,1829,366,1463
113000201,606,305,301
113000202,4231,2120,2111
113000203,348,210,138
113000204,2164,2102,62
113000205,13,21,-8
113000206,2,41,-39
113000207,117,28,89
113000208,25,57,-32
113000209,21,35,-14
113000210,8,24,-16
113000211,193,207,-14
113000212,146,26,120
113000213,37,151,-114
113000214,161,273,-112
113000234,216,1074,-858
113000410,309,315,-6
113000411,3476,5055,-1579
113000412,8092,2808,5284
113000413,3900,3753,147
113000414,9527,17017,-7490
113000415,3069,4012,-943
113000416,11535,5500,6035
113000417,3999,4220,-221
113000418,5144,3496,1648
113000419,2304,2466,-162
113000420,5081,6792,-1711
113000421,4613,7406,-2793
113000422,15475,13105,2370
113000423,2815,6396,-3581
113000424,4020,10067,-6047
113000425,25,115,-90
113000428,64,17,47
113000430,3,34,-31
113000432,2478,231,2247
113000433,139,993,-854
113000434,39,206,-167
113000435,63,801,-738
113000436,32,1477,-1445
113000437,1153,36,1117
113000438,289,21,268
113000439,23,148,-125
113000440,150,43,107
113000441,226,264,-38
113000442,180,293,-113
113000443,240,257,-17
113000444,197,364,-167
113000445,145,146,-1
113000446,44,141,-97
113000448,259,216,43
113000449,279,1226,-947
113000450,699,3584,-2885
113000451,1465,245,1220
113000452,530,700,-170
113000453,105,388,-283
113000454,1590,83,1507
113000455,63,231,-168
113000456,5153,3212,1941
113000468,2107,313,1794
113000469,281,255,26
113000470,527,47,480
113000471,14,467,-453
113000472,124,436,-312
113000474,575,690,-115
113000475,1830,1850,-20
113000476,1489,2161,-672
113000477,3044,2472,572
113000478,4507,6312,-1805
113000479,120,216,-96
113000480,133,157,-24
113000484,0,0,0
113000485,0,0,0
113000486,0,0,0
113000487,0,0,0
113000488,0,3,-3
113000489,0,0,0
113000490,0,1,-1
113000491,6,3,3
113000492,1,1,0
113000493,0,0,0
113000495,256,201,55
113000496,146,127,19
113000499,0,0,0
113900001,8,216,-208
113900002,1,144,-143
113900003,1,121,-120
113900004,1,63,-62
113900005,2,83,-81
113900006,1,24,-23
113900007,175,19,156
113900008,118,0,118
113900009,341,2,339
113900010,243,0,243
113900011,103,0,103
113900012,27,1,26
113900013,570,6,564
113900014,590,1,589
113900015,2,60,-58
113900016,59,0,59
113900017,2,40,-38
113900018,547,231,316
113900019,147,79,68
113900020,152,1,151
113900022,32,0,32
113900023,37,0,37
113900024,75,75,0
113900025,350,23,327
113900026,72,0,72
113900027,6,53,-47
113900028,30,529,-499
113900029,58,231,-173
113900030,249,2,247
113900031,12,1,11
113900032,44,0,44
113900033,90,111,-21
113900035,75,1,74
113900036,33,111,-78
113900037,138,569,-431
113900038,199,127,72
113900039,180,25,155
113900040,9,15,-6
113900041,10,9,1
113900042,62,42,20
113900043,184,175,9
113900044,367,413,-46
113900045,107,1,106
113900046,301,673,-372
113900047,28,76,-48
113900048,278,130,148
113900049,649,411,238
113900050,327,387,-60
113900051,253,489,-236
113900052,230,169,61
113900053,871,618,253
113900054,35,3,32
113900055,91,503,-412
113900056,38,133,-95
113900057,13,132,-119
113900058,76,179,-103
113900059,233,439,-206
113900060,98,234,-136
113900061,1225,341,884
113900062,74,21,53
113900063,65,106,-41
113900064,52,158,-106
113900065,503,17,486
113900066,346,436,-90
113900067,176,334,-158
113900068,588,634,-46
113900069,107,63,44
113900070,226,783,-557
113900071,45,56,-11
113900072,97,215,-118
113900073,266,474,-208
113900074,117,298,-181
113900075,1689,1361,328
113900076,208,13,195
113900077,88,244,-156
113900078,18,37,-19
113900079,2,44,-42
113900080,635,264,371
113900081,80,235,-155
113900082,119,336,-217
113900083,331,501,-170
113900084,249,149,100
113900085,66,343,-277
113900086,8,7,1
113900087,51,179,-128
113900088,59,110,-51
113900089,522,61,461
113900090,747,514,233
113900091,21,17,4
113900092,61,122,-61
113900093,115,785,-670
113900094,454,447,7
113900095,157,166,-9
113900096,282,78,204
113900097,121,113,8
113900098,683,94,589
113900099,1,48,-47
113900100,1,4,-3
113900101,12,103,-91
113900102,216,192,24
113900103,336,387,-51
113900104,148,298,-150
113900105,128,262,-134
113900106,3,96,-93
113900107,4,36,-32
113900108,279,295,-16
113900109,421,167,254
113900110,75,27,48
113900111,165,126,39
113900112,141,132,9
113900113,1167,580,587
113900114,3,118,-115
113900115,0,145,-145
113900116,144,174,-30
113900117,217,30,187
113900118,228,355,-127
113900119,279,690,-411
113900120,40,59,-19
113900121,76,136,-60
113900122,421,2015,-1594
113900123,506,243,263
113900124,5,73,-68
113900125,1164,148,1016
113900126,158,67,91
113900127,326,775,-449
113900128,130,80,50
113900129,9,136,-127
113900130,4,23,-19
113900131,263,148,115
113900132,45,75,-30
113900133,19,81,-62
113900135,274,473,-199
113900136,138,107,31
113900137,386,321,65
113900138,99,207,-108
113900139,444,168,276
113900140,403,408,-5
113900141,539,397,142
113900142,134,111,23
113900143,11,43,-32
113900144,313,269,44
113900145,420,232,188
113900146,165,68,97
113900148,195,365,-170
113900149,191,104,87
113900150,923,815,108
113900151,456,232,224
113900152,42,58,-16
113900153,462,741,-279
113900154,6,161,-155
113900155,297,233,64
113900156,261,557,-296
113900157,59,308,-249
113900158,473,474,-1
113900159,36,330,-294
113900160,603,596,7
113900161,64,283,-219
113900162,718,985,-267
113900163,302,311,-9
113900164,343,67,276
113900165,801,548,253
113900166,349,219,130
113900167,303,77,226
113900168,156,131,25
113900169,404,488,-84
113900171,259,114,145
113900172,14,183,-169
113900173,60,674,-614
113900174,610,676,-66
113900175,409,208,201
113900176,405,728,-323
113900177,393,238,155
113900178,312,161,151
113900179,20,545,-525
113900180,193,132,61
113900181,717,162,555
113900182,1004,1240,-236
113900183,56,95,-39
113900184,6,451,-445
113900185,213,107,106
113900186,32,53,-21
113900187,39,193,-154
113900188,55,188,-133
113900189,363,136,227
113900190,302,148,154
113900191,111,296,-185
113900192,9,616,-607
113900193,38,263,-225
113900194,1734,1436,298
113900195,324,526,-202
113900196,13,177,-164
113900197,2,238,-236
113900198,30,198,-168
113900199,172,941,-769
113900200,31,364,-333
113900201,1,219,-218
113900202,60,358,-298
113900203,4,159,-155
113900204,59,616,-557
113900205,18,243,-225
113900206,14,171,-157
113900207,5,64,-59
113900208,0,104,-104
113900209,1,84,-83
113900210,656,1076,-420
113900211,248,86,162
113900212,225,536,-311
113900214,604,377,227
113900215,54,159,-105
113900216,102,993,-891
113900217,116,292,-176
113900218,226,55,171
113900219,78,332,-254
113900220,150,147,3
113900221,475,263,212
113900222,271,653,-382
113900223,157,1094,-937
113900224,119,78,41
113900225,521,282,239
113900226,394,125,269
113900227,386,244,142
113900228,333,561,-228
113900229,54,900,-846
113900230,5396,3732,1664
113900231,156,193,-37
113900232,132,151,-19
113900233,92,81,11
113900234,372,548,-176
113900235,109,43,66
113900236,136,418,-282
113900237,194,20,174
113900238,285,728,-443
113900239,75,94,-19
113900240,15,203,-188
113900241,110,67,43
113900242,54,159,-105
113900243,133,560,-427
113900244,447,266,181
113900245,1476,348,1128
113900246,21,19,2
113900247,191,600,-409
113900248,3399,2238,1161
113900249,1058,429,629
113900250,74,151,-77
113900251,678,200,478
113900252,582,24,558
113900253,864,81,783
113900254,1078,204,874
113900255,502,37,465
113900256,347,40,307
113900257,27,633,-606
113900258,30,451,-421
113900259,557,228,329
113900260,201,26,175
113900261,56,97,-41
113900262,211,682,-471
113900263,231,810,-579
113900264,9,592,-583
113900265,174,399,-225
113900266,30,206,-176
113900267,137,582,-445
113900268,358,445,-87
113900269,74,162,-88
113900270,435,930,-495
113900271,934,1455,-521
113900273,58,15,43
113900274,93,48,45
113900275,40,78,-38
113900276,1,237,-236
113900277,116,5,111
113900278,272,204,68
113900279,99,78,21
113900280,1880,682,1198
113900281,837,1526,-689
113900282,961,661,300
113900283,458,577,-119
113900284,1208,185,1023
113900285,172,42,130
113900286,9,124,-115
113900287,64,142,-78
113900288,4,169,-165
113900289,1169,176,993
113900290,386,288,98
113900291,163,254,-91
113900292,28,6,22
113900293,4,368,-364
113900294,425,39,386
113900295,550,442,108
113900296,2328,508,1820
113900297,3135,87,3048
113900298,14,1831,-1817
113900299,79,197,-118
113900300,6245,3833,2412
113900301,870,248,622
113900302,3052,1112,1940
113900303,763,491,272
113900304,2,146,-144
113900305,117,0,117
113900306,34,0,34
113900307,33,0,33
113900308,130,160,-30
113900309,6,897,-891
113900310,2,16,-14
113900311,9,1,8
113900312,246,216,30
113900313,17,13,4
114000001,1257,3424,-2167
114000002,328,375,-47
114000003,47,311,-264
114000004,427,421,6
114000005,293,245,48
114000006,4167,2781,1386
114000007,874,1900,-1026
114000008,1769,2239,-470
114000009,790,344,446
114000011,2710,3172,-462
114000012,2429,2203,226
114000013,1642,2062,-420
114000014,519,354,165
114000015,2128,484,1644
114000016,278,438,-160
114000017,102,328,-226
114000018,315,79,236
114000026,1849,1584,265
114000027,3296,2283,1013
114000028,2932,2886,46
114000038,350,159,191
114000039,126,67,59
114000040,91,217,-126
114000042,167,190,-23
114000043,129,161,-32
114000044,191,68,123
114000045,47,125,-78
114000046,3958,5256,-1298
114000047,23,109,-86
114000048,73,53,20
114000049,1998,1911,87
114000050,2109,2575,-466
114000051,4607,2166,2441
114000052,5306,1745,3561
114000053,139,582,-443
114000054,255,1025,-770
114000055,462,34,428
114000056,1508,1031,477
114000057,7199,2763,4436
114000058,809,1894,-1085
114000059,428,355,73
114000060,928,1161,-233
114000061,3924,3151,773
114000062,3273,1811,1462
114000063,3784,2178,1606
114000064,8361,4291,4070
114000065,2150,2986,-836
114000066,546,683,-137
114000067,37,851,-814
114000068,546,813,-267
114000069,1160,634,526
114000070,2694,2017,677
114000071,1010,669,341
114000072,438,326,112
114000073,24,101,-77
114000074,42,22,20
114000075,41,141,-100
114000076,20,165,-145
114000077,12,49,-37
114000078,380,901,-521
114000079,139,25,114
114000080,58,96,-38
114000081,105,88,17
114000082,38,644,-606
114000083,63,319,-256
114000084,367,118,249
114000085,152,842,-690
114000086,263,545,-282
114000087,145,263,-118
114000088,64,64,0
114000089,1183,542,641
114000090,946,843,103
114000091,2146,905,1241
114000092,1343,579,764
114000093,1556,836,720
114000094,549,433,116
114000095,431,171,260
114000096,205,582,-377
114000097,226,942,-716
114000098,628,94,534
114000099,628,838,-210
114000100,1519,850,669
114000101,578,1159,-581
114000102,543,373,170
114000103,145,560,-415
114000104,15,355,-340
114000105,164,69,95
114000106,1038,1044,-6
114000107,398,192,206
114000108,1983,1331,652
114000109,478,1251,-773
114000110,818,1966,-1148
114000111,1697,855,842
114000112,715,2280,-1565
114000113,1373,565,808
114000114,1774,1716,58
114000115,2042,1098,944
114000116,875,1739,-864
114000117,3000,573,2427
114000118,2502,595,1907
114000119,1858,538,1320
114000120,621,1058,-437
114000121,468,819,-351
114000122,444,346,98
114000123,1981,382,1599
114000124,893,324,569
114000125,916,1640,-724
114000126,1549,241,1308
114000127,409,234,175
114000128,904,524,380
114000130,587,569,18
114000131,391,93,298
114000132,784,743,41
114000133,1450,1687,-237
114000134,82,206,-124
114000138,64,253,-189
114000139,594,260,334
114000144,946,492,454
114000145,116,272,-156
114000146,115,305,-190
114000147,1491,1911,-420
114000148,2468,2254,214
114000149,429,343,86
114000150,842,765,77
114000151,837,1223,-386
114000152,167,46,121
114000153,1056,2307,-1251
114000154,883,821,62
114000155,1502,2467,-965
114000156,1036,653,383
114000157,301,1069,-768
114000158,2020,979,1041
114000159,176,557,-381
114000160,139,410,-271
114000161,1684,3127,-1443
114000162,1145,2473,-1328
114000163,13,170,-157
114000165,618,315,303
114000166,957,413,544
114000167,3677,1785,1892
114000168,1010,857,153
114000169,1967,1199,768
114000170,1348,1178,170
114000171,1133,3651,-2518
114000174,246,632,-386
114000176,773,559,214
114000177,2292,1093,1199
114000178,63,65,-2
114000179,1364,893,471
114000180,553,982,-429
114000181,1903,3741,-1838
114000182,4604,2878,1726
114000183,1043,1254,-211
114000184,4929,1500,3429
114000185,1164,961,203
114000189,1044,173,871
114000190,2743,396,2347
114000191,32,95,-63
114000192,355,1872,-1517
114000193,1035,3673,-2638
114000194,1574,1233,341
114000195,221,31,190
114000196,1,356,-355
114000197,1427,29,1398
114000198,1200,390,810
114000199,2257,1859,398
114000200,704,2228,-1524
114000201,159,1020,-861
114000202,1214,680,534
114000203,615,748,-133
114000204,256,460,-204
114000205,271,1794,-1523
114000206,585,1425,-840
114000207,741,2324,-1583
114000208,599,3376,-2777
114000209,727,2871,-2144
114000210,363,1786,-1423
114000211,1115,1614,-499
114000212,835,904,-69
114000213,1413,709,704
114000214,97,345,-248
114000215,262,105,157
114000216,1397,387,1010
114000217,325,325,0
114000218,172,339,-167
114000219,1489,315,1174
114000220,36,1195,-1159
114000221,910,209,701
114000222,171,1239,-1068
114000223,535,135,400
114000224,139,708,-569
114000225,284,767,-483
114000226,184,279,-95
114000227,817,570,247
114000228,1005,994,11
114000229,1347,1561,-214
114000230,1735,1557,178
114000231,1080,1433,-353
114000232,731,182,549
114000233,1991,158,1833
114000234,1131,1075,56
114000235,1247,1515,-268
114000236,1,615,-614
114000237,103,1064,-961
114000238,114,201,-87
114000239,161,1433,-1272
114000240,885,906,-21
114000241,328,1233,-905
114000242,1108,1079,29
114000243,1431,991,440
114000244,596,591,5
114000245,403,886,-483
114000246,163,55,108
114000247,619,868,-249
114000248,1286,532,754
114000249,497,461,36
114000250,580,977,-397
114000251,413,357,56
114000252,133,93,40
114000253,75,158,-83
114000254,60,92,-32
114000255,665,241,424
114000256,2371,2260,111
114000257,466,1718,-1252
114000258,289,524,-235
114000259,98,279,-181
114000260,0,37,-37
114000261,63,38,25
114000262,169,228,-59
114000263,16,1,15
114000264,1073,632,441
114000265,0,0,0
114000267,1,1745,-1744
114000268,3,2049,-2046
114000270,118,1,117
114000271,563,93,470
114000283,1271,591,680
114000285,41,282,-241
114000288,82,380,-298
114000289,1343,147,1196
114000293,225,459,-234
114000294,154,411,-257
114000395,1809,102,1707
114000396,574,513,61
114000402,524,343,181
114000403,339,473,-134
114000405,116,614,-498
114000423,321,512,-191
114000424,440,201,239
114000425,700,460,240
114000426,348,1027,-679
114000427,52,117,-65
114000428,396,174,222
114000429,12,236,-224
114000432,101,121,-20
114000434,42,110,-68
114000435,8,234,-226
114900001,786,1176,-390
114900002,587,154,433
114900003,770,1712,-942
114900004,306,515,-209
114900005,612,996,-384
114900006,75,96,-21
114900007,234,23,211
114900008,235,112,123
114900010,2850,2350,500
114900011,232,149,83
114900013,292,144,148
114900015,78,489,-411
114900018,857,39,818
114900020,262,74,188
114900022,60,772,-712
114900024,436,182,254
114900025,650,237,413
114900026,107,154,-47
114900027,301,248,53
114900029,50,26,24
114900030,409,232,177
114900031,398,38,360
114900032,425,38,387
114900033,1267,768,499
114900034,79,284,-205
114900035,160,330,-170
114900036,266,879,-613
114900037,137,257,-120
114900038,202,774,-572
114900039,599,710,-111
114900040,84,195,-111
114900041,782,625,157
114900042,775,988,-213
114900043,815,383,432
114900044,146,35,111
114900046,76,170,-94
114900047,270,1937,-1667
114900048,160,390,-230
114900049,10,186,-176
114900050,49,536,-487
114900051,30,481,-451
114900052,109,280,-171
114900053,116,390,-274
114900054,58,217,-159
114900057,318,12,306
114900058,0,61,-61
114900059,104,52,52
114900060,1799,907,892
114900061,140,237,-97
114900062,325,373,-48
114900063,70,306,-236
114900064,1319,734,585
114900065,378,933,-555
114900067,46,505,-459
114900068,64,167,-103
114900069,259,159,100
114900070,642,451,191
114900072,10,371,-361
114900073,2,196,-194
114900074,594,899,-305
114900075,333,9,324
114900076,14,471,-457
114900080,2203,475,1728
114900082,3833,2318,1515
114900083,1502,1558,-56
114900090,425,213,212
114900091,160,300,-140
114900095,458,178,280
114900096,632,881,-249
114900097,151,1,150
114900098,7,268,-261
114900099,211,14,197
115000001,7488,5347,2141
115000002,3714,4061,-347
115000003,5896,4227,1669
115000004,4210,6204,-1994
115000005,1821,2724,-903
115000006,992,1763,-771
115000007,96,173,-77
115000008,470,640,-170
115000009,194,270,-76
115000010,330,171,159
115000013,89,203,-114
115000015,54,353,-299
115000016,201,282,-81
115000019,31,521,-490
115000020,181,831,-650
115000021,328,453,-125
115000022,673,478,195
115000023,447,666,-219
115000024,1545,657,888
115000025,967,893,74
115000026,211,618,-407
115000027,240,377,-137
115000028,301,1228,-927
115000029,661,193,468
115000030,1152,1491,-339
115000031,1350,503,847
115000032,11,266,-255
115000033,179,58,121
115000034,136,1313,-1177
115000035,1252,68,1184
115000036,1,492,-491
115000037,670,13,657
115000038,54,184,-130
115000039,3673,3545,128
115000040,7143,3788,3355
115000041,1478,3508,-2030
115000042,1156,840,316
115000043,3886,2467,1419
115000044,4304,4786,-482
115000045,2913,2233,680
115000046,2268,2911,-643
115000047,2191,1762,429
115000048,1725,2953,-1228
115000049,1946,4053,-2107
115000050,3323,2070,1253
115000051,2082,2919,-837
115000052,3315,2219,1096
115000053,1765,1838,-73
115000054,799,1627,-828
115000055,209,667,-458
115000056,312,669,-357
115000057,935,937,-2
115000058,872,290,582
115000059,231,249,-18
115000061,301,142,159
115000062,202,316,-114
115000063,388,348,40
115000064,237,126,111
115000065,51,478,-427
115000067,217,22,195
115000069,88,324,-236
115000070,28,963,-935
115000071,145,17,128
115000072,10,99,-89
115000073,1278,63,1215
115000075,101,77,24
115000076,3688,3431,257
115000077,2091,2954,-863
115000078,1213,1857,-644
115000079,1305,2189,-884
115000080,2318,2730,-412
115000081,567,1218,-651
115000082,4486,4027,459
115000083,2445,3041,-596
115000084,2369,1328,1041
115000085,759,1172,-413
115000086,1105,947,158
115000087,488,1799,-1311
115000088,1795,690,1105
115000089,1703,1464,239
115000090,609,938,-329
115000091,290,1198,-908
115000092,501,372,129
115000093,501,3,498
115000094,8570,6183,2387
115000095,5975,6146,-171
115000096,821,2145,-1324
115000097,958,1056,-98
115000098,1198,923,275
115000099,2724,3854,-1130
115000100,1088,494,594
115000101,598,1844,-1246
115000102,457,325,132
115000103,309,875,-566
115000105,64,176,-112
115000106,595,406,189
115000107,220,606,-386
115000108,4127,2786,1341
115000109,5362,4700,662
115000110,1645,1484,161
115000111,838,2147,-1309
115000112,748,784,-36
115000113,761,1063,-302
115000114,2038,984,1054
115000116,4971,2461,2510
115000117,4886,3984,902
115000118,2503,2057,446
115000119,2346,2806,-460
115000120,738,1517,-779
115000121,1808,1157,651
115000122,5044,2362,2682
115000123,2258,2670,-412
115000124,1105,1119,-14
115000125,484,773,-289
115000126,235,352,-117
115000127,425,178,247
115000128,606,841,-235
115000129,343,291,52
115000130,550,1077,-527
115000131,999,313,686
115000132,260,476,-216
115000133,622,375,247
115000134,451,275,176
115000135,408,284,124
115000136,414,268,146
115000137,197,229,-32
115000138,276,310,-34
115000139,270,292,-22
115000140,311,324,-13
115000141,207,406,-199
115000142,197,322,-125
115000143,673,665,8
115000144,560,118,442
115000145,272,439,-167
115000146,532,308,224
115000147,608,606,2
115000148,306,1421,-1115
115000149,603,242,361
115000150,836,1372,-536
115000151,1217,564,653
115000152,808,1595,-787
115000153,1257,589,668
115000154,792,374,418
115000155,652,1187,-535
115000156,1154,825,329
115000157,911,982,-71
115000158,945,458,487
115000159,849,696,153
115000160,689,721,-32
115000161,465,652,-187
115000162,844,786,58
115000163,660,678,-18
115000164,891,705,186
115000165,429,505,-76
115000167,138,86,52
115000168,551,345,206
115000169,674,384,290
115000170,161,140,21
115000171,327,210,117
115000172,1434,725,709
115000173,386,601,-215
115000174,325,359,-34
115000175,292,130,162
115000176,216,114,102
115000177,181,123,58
115000178,39,274,-235
115000179,50,47,3
115000180,190,738,-548
115000181,598,152,446
115000182,872,400,472
115000183,355,993,-638
115000186,753,365,388
115000187,296,908,-612
115000188,404,603,-199
115000189,236,531,-295
115000190,837,438,399
115000191,251,603,-352
115000194,287,233,54
115000195,420,366,54
115000196,150,134,16
115000197,255,324,-69
115000198,301,224,77
115000199,401,301,100
115000200,357,106,251
115000201,147,426,-279
115000206,471,99,372
115000207,142,390,-248
115000208,522,796,-274
115000209,787,402,385
115000210,147,119,28
115000211,265,255,10
115000212,1652,382,1270
115000224,598,58,540
115000225,69,97,-28
115000229,213,179,34
115000230,128,468,-340
115000231,367,2207,-1840
115000232,1644,374,1270
115000233,167,253,-86
115000234,26,356,-330
115000241,99,307,-208
115000242,110,384,-274
115000243,59,250,-191
115000244,9,140,-131
115000246,54,32,22
115000247,52,26,26
115000248,35,20,15
115000249,62,44,18
115000250,277,43,234
115000251,278,145,133
115000252,96,208,-112
115000253,25,478,-453
115000258,246,193,53
115000259,416,167,249
115000261,14,19,-5
115000262,8,18,-10
115000263,12,52,-40
115000264,34,44,-10
115000267,82,73,9
115000268,43,153,-110
115000269,128,74,54
115000270,6,21,-15
115000272,112,190,-78
115000273,524,44,480
115000280,2000,174,1826
115000281,496,824,-328
115000282,1760,997,763
115000284,382,188,194
115000296,1401,11,1390
115000297,231,93,138
115000298,80,563,-483
115000300,212,237,-25
115000302,694,236,458
115000303,732,188,544
115000304,825,99,726
115000305,132,1029,-897
115000306,229,501,-272
115000307,108,241,-133
115000308,62,29,33
115000309,18,47,-29
115000310,1079,1010,69
115000311,883,1427,-544
115000313,160,813,-653
115000314,501,168,333
115000315,1087,451,636
115000316,101,145,-44
115000317,276,610,-334
115000318,923,414,509
115000319,65,349,-284
115000320,15,366,-351
115000321,479,17,462
115000322,68,250,-182
115000449,349,203,146
115000557,1,1444,-1443
115000558,575,91,484
115000587,558,378,180
115000588,2714,3584,-870
115000589,3698,2705,993
115000590,1186,1503,-317
115000591,1670,718,952
115000592,800,2031,-1231
115000593,1749,653,1096
115000594,1140,2626,-1486
115000609,169,246,-77
115000617,2690,3995,-1305
115000624,294,106,188
115000633,488,2413,-1925
115000634,2753,1024,1729
115000635,533,155,378
115000638,1077,963,114
115000641,52,181,-129
115000642,484,425,59
115000643,127,668,-541
115000644,166,547,-381
115000646,1049,1692,-643
115000647,210,586,-376
115000648,1825,2294,-469
115000893,3329,1485,1844
115000894,146,1314,-1168
115000895,598,926,-328
115000896,1608,412,1196
115000897,564,122,442
115000898,875,300,575
115000899,702,1252,-550
115000900,124,409,-285
115000901,121,145,-24
115000912,440,101,339
115000913,2,25,-23
115000915,19,0,19
115000916,12,0,12
115000917,0,7,-7
115000918,76,296,-220
115000919,9,13,-4
115000920,66,49,17
115000921,721,158,563
115000922,1249,751,498
115000923,726,1077,-351
115000925,95,74,21
115000927,70,67,3
115000933,299,209,90
115000934,182,287,-105
115000935,103,164,-61
115000936,39,631,-592
115000937,1096,155,941
115000938,128,228,-100
115000939,96,167,-71
115900001,76,62,14
115900002,92,193,-101
115900003,164,145,19
115900004,5,72,-67
115900005,179,6,173
115900006,162,341,-179
115900008,72,33,39
115900009,82,287,-205
115900010,311,208,103
115900011,621,278,343
115900012,172,133,39
115900013,557,199,358
115900014,141,208,-67
115900015,115,104,11
115900016,168,49,119
115900017,14,4,10
115900018,261,102,159
115900019,241,19,222
115900020,62,3,59
115900021,1331,122,1209
115900022,2074,14,2060
115900023,44,4,40
115900025,57,343,-286
115900026,1011,351,660
115900027,0,300,-300
115900028,717,68,649
115900029,23,509,-486
115900030,43,52,-9
115900031,382,385,-3
115900032,624,868,-244
115900033,3,49,-46
115900034,58,516,-458
115900035,43,25,18
115900036,133,729,-596
115900037,78,479,-401
115900038,46,18,28
115900039,256,253,3
115900041,622,660,-38
115900042,33,3,30
115900043,152,109,43
115900044,289,303,-14
115900046,266,278,-12
115900047,226,127,99
115900049,188,251,-63
115900051,2,67,-65
115900052,24,323,-299
115900053,269,268,1
115900054,257,89,168
115900055,24,169,-145
115900056,230,369,-139
115900057,25,25,0
115900058,31,85,-54
115900060,163,188,-25
115900061,216,1,215
115900062,41,335,-294
115900063,90,17,73
115900064,173,234,-61
115900065,163,125,38
115900066,253,214,39
115900067,13,787,-774
115900068,3912,812,3100
115900069,103,199,-96
115900070,204,205,-1
115900071,1,536,-535
115900072,58,230,-172
115900073,85,78,7
115900074,5,365,-360
115900075,47,293,-246
115900076,3,85,-82
115900077,9,312,-303
115900078,69,150,-81
115900079,201,31,170
115900080,680,356,324
115900081,29,98,-69
115900082,233,233,0
115900084,443,59,384
115900085,53,60,-7
115900086,1960,666,1294
115900088,10,52,-42
115900089,388,857,-469
115900090,299,37,262
115900091,21,28,-7
115900092,35,231,-196
115900093,10,20,-10
115900094,3,389,-386
115900096,10,13,-3
115900097,10,522,-512
115900098,190,437,-247
115900099,97,73,24
115900100,14,687,-673
115900101,118,344,-226
115900102,90,91,-1
115900103,346,242,104
115900104,58,154,-96
115900105,282,745,-463
115900106,65,38,27
115900107,46,160,-114
115900108,115,58,57
115900109,86,500,-414
115900110,4,33,-29
115900111,4,111,-107
115900112,86,1158,-1072
115900113,53,29,24
115900114,3,163,-160
115900115,97,218,-121
115900116,120,1074,-954
115900117,83,26,57
115900118,0,338,-338
115900119,149,149,0
115900120,32,445,-413
115900121,202,295,-93
115900124,287,736,-449
115900125,279,69,210
115900126,659,96,563
115900127,700,79,621
115900128,14,109,-95
115900129,836,66,770
115900130,28,277,-249
115900131,303,29,274
115900132,565,25,540
115900134,369,14,355
115900135,557,1308,-751
115900137,32,6,26
115900139,65,78,-13
115900140,283,45,238
115900141,9,35,-26
115900142,7,12,-5
115900143,314,299,15
115900144,93,262,-169
115900146,5,139,-134
115900147,317,294,23
115900148,77,3,74
115900149,116,34,82
115900150,88,44,44
115900151,26,120,-94
115900152,130,368,-238
115900153,140,296,-156
115900154,534,375,159
115900155,0,86,-86
115900156,774,932,-158
115900157,249,578,-329
115900158,34,20,14
115900159,128,349,-221
115900160,22,10,12
115900161,116,251,-135
115900163,204,136,68
115900164,537,43,494
115900166,239,231,8
115900168,122,192,-70
115900171,139,467,-328
115900172,62,169,-107
115900173,199,149,50
115900174,260,286,-26
115900175,182,280,-98
115900178,12,731,-719
115900179,273,11,262
115900180,50,229,-179
115900181,194,221,-27
115900182,415,250,165
115900183,67,31,36
115900184,2159,17,2142
115900187,17,147,-130
115900189,1,235,-234
115900190,317,1400,-1083
115900191,56,496,-440
115900192,11,174,-163
115900193,237,199,38
115900194,776,73,703
115900195,803,2151,-1348
115900198,275,358,-83
115900199,220,300,-80
115900200,331,370,-39
115900201,672,488,184
115900202,0,52,-52
115900203,2,15,-13
115900204,0,6,-6
115900205,157,21,136
115900206,190,198,-8
115900207,32,30,2
115900208,148,246,-98
115900209,6,236,-230
115900210,11,153,-142
115900211,3,229,-226
115900212,180,284,-104
115900213,182,95,87
115900214,452,280,172
115900215,43,86,-43
115900216,6,134,-128
115900217,6,69,-63
115900218,1,55,-54
115900219,85,13,72
115900220,147,21,126
115900221,77,14,63
115900222,64,29,35
115900223,7,292,-285
115900224,1391,934,457
115900225,69,49,20
115900226,37,54,-17
115900227,18,55,-37
115900228,15,37,-22
115900229,5,61,-56
115900230,77,180,-103
115900231,125,12,113
115900232,43,7,36
115900233,82,51,31
115900234,54,37,17
115900235,62,40,22
115900236,46,27,19
115900237,24,38,-14
115900238,30,24,6
115900239,11,38,-27
115900240,12,63,-51
115900241,297,158,139
115900242,302,405,-103
115900243,12,12,0
115900244,14,11,3
115900245,70,33,37
115900246,21,6,15
115900247,46,6,40
115900248,19,6,13
115900249,10,22,-12
115900250,4,30,-26
115900251,3,18,-15
115900252,2,1,1
115900253,26,11,15
115900254,11,30,-19
115900255,4,22,-18
115900256,24,27,-3
115900257,9,10,-1
115900258,1,6,-5
115900259,3,2,1
115900260,12,0,12
115900261,11,8,3
115900262,1,0,1
115900263,10,4,6
115900264,5,6,-1
115900265,4,10,-6
115900266,4,17,-13
115900267,8,10,-2
115900268,4,5,-1
115900269,521,530,-9
115900270,392,511,-119
115900271,84,0,84
115900272,20,1,19
115900273,4,14,-10
115900274,13,16,-3
115900275,3,28,-25
115900276,0,34,-34
115900277,0,115,-115
115900278,55,111,-56
115900279,22,198,-176
115900280,19,383,-364
115900281,501,293,208
115900282,14,20,-6
115900283,11,28,-17
115900284,16,3,13
116000001,16711,6425,10286
116000002,5649,10957,-5308
116000003,2052,2232,-180
116000004,2865,3962,-1097
116000005,3479,4359,-880
116000006,3115,2410,705
116000007,3562,5576,-2014
116000008,4705,2542,2163
116000009,2286,3473,-1187
116000010,2754,1777,977
116000011,1121,2445,-1324
116000012,1558,1132,426
116000013,13160,5485,7675
116000014,15988,12315,3673
116000015,426,1657,-1231
116000016,8084,4145,3939
116000017,27,860,-833
116000018,950,484,466
116000019,1226,399,827
116000020,666,1229,-563
116000021,503,397,106
116000022,327,410,-83
116000023,1198,811,387
116000024,888,1099,-211
116000025,938,686,252
116000026,2229,3047,-818
116000027,1162,708,454
116000028,518,876,-358
116000029,845,857,-12
116000030,900,574,326
116000031,245,356,-111
116000032,503,226,277
116000033,369,573,-204
116000034,840,1145,-305
116000035,432,1021,-589
116000036,2330,1190,1140
116000037,867,659,208
116000038,585,485,100
116000039,617,360,257
116000040,1097,348,749
116000041,254,549,-295
116000042,706,251,455
116000043,107,686,-579
116000044,12,92,-80
116000045,2079,1449,630
116000046,1525,1488,37
116000047,2248,2670,-422
116000048,2295,2096,199
116000049,1365,2941,-1576
116000050,1645,1713,-68
116000051,7044,2826,4218
116000052,6623,5730,893
116000053,2286,1248,1038
116000054,928,3042,-2114
116000055,802,1463,-661
116000056,851,1374,-523
116000057,3657,2223,1434
116000058,3547,2656,891
116000059,3305,5175,-1870
116000060,2492,1050,1442
116000061,752,1133,-381
116000062,812,322,490
116000063,750,1297,-547
116000066,333,625,-292
116000067,376,655,-279
116000068,274,349,-75
116000069,277,453,-176
116000078,586,1413,-827
116000080,2181,1387,794
116000082,6,113,-107
116000083,1600,393,1207
116000084,2935,5074,-2139
116000085,2861,1915,946
116000086,2196,1721,475
116000087,1868,1553,315
116000088,864,1323,-459
116000089,193,95,98
116000090,130,168,-38
116000091,313,325,-12
116000093,861,511,350
116000094,768,810,-42
116000095,863,621,242
116000096,937,1616,-679
116000097,853,793,60
116000098,209,6812,-6603
116000099,7422,317,7105
116000100,211,32,179
116000101,1056,1112,-56
116000102,270,1472,-1202
116000103,492,287,205
116000104,233,1711,-1478
116000105,1135,198,937
116000106,634,1023,-389
116000107,2659,466,2193
116000108,411,210,201
116000111,169,40,129
116000113,161,161,0
116000114,81,197,-116
116000115,414,170,244
116000116,374,852,-478
116000117,1640,2438,-798
116000118,1600,1693,-93
116000119,3406,2335,1071
116000120,3633,5479,-1846
116000121,954,591,363
116000122,1548,2375,-827
116000123,1040,538,502
116000124,437,1372,-935
116000125,3456,982,2474
116000126,407,2255,-1848
116000127,1280,1687,-407
116000128,1726,1043,683
116000129,1662,256,1406
116000130,589,522,67
116000133,914,992,-78
116000134,2225,3047,-822
116000135,2607,1711,896
116000136,1384,2922,-1538
116000137,1192,837,355
116000138,1032,702,330
116000139,2128,2311,-183
116000140,217,240,-23
116000141,385,856,-471
116000142,3583,3614,-31
116000143,2053,1833,220
116000144,1647,2481,-834
116000145,1782,1452,330
116000146,482,347,135
116000147,319,138,181
116000148,626,599,27
116000149,760,841,-81
116000151,763,806,-43
116000153,122,497,-375
116000155,281,316,-35
116000156,725,1292,-567
116000157,61,29,32
116000158,380,467,-87
116000159,13,15,-2
116000160,31,104,-73
116000161,5,96,-91
116000162,91,106,-15
116000163,24,13,11
116000164,8,23,-15
116000177,373,101,272
116000194,128,624,-496
116000195,1673,846,827
116000196,22,5,17
116000197,24,17,7
116000198,3207,1242,1965
116000200,753,460,293
116000201,805,784,21
116000202,12,352,-340
116000203,3,122,-119
116000204,11,88,-77
116000205,1,222,-221
116000206,1,146,-145
116000207,12,63,-51
116000233,266,672,-406
116000287,177,590,-413
116000288,269,262,7
116000292,93,237,-144
116000296,15,238,-223
116000297,96,26,70
116000304,262,102,160
116000305,42,127,-85
116000346,228,175,53
116000352,121,40,81
116000354,53,11,42
116000357,68,71,-3
116000358,347,45,302
116000361,91,1,90
116000372,7758,4281,3477
116000381,124,2,122
116000388,1,77,-76
116000389,1207,746,461
116000445,359,753,-394
116000446,685,813,-128
116000447,18,609,-591
116000448,672,283,389
116000563,1147,1036,111
116000565,75,555,-480
116000568,60,352,-292
116000579,44,154,-110
116000584,22,16,6
116000585,33,15,18
116000586,111,106,5
116000587,756,869,-113
116000589,15,71,-56
116000590,102,78,24
116000591,246,275,-29
116000592,25,124,-99
116000593,1,35,-34
116000594,594,596,-2
116000595,770,199,571
116000596,122,11,111
116000597,463,93,370
116000598,34,251,-217
116000602,65,568,-503
116000605,361,214,147
116000606,135,324,-189
116000607,5,107,-102
116000609,249,1038,-789
116000611,112,674,-562
116000612,846,2200,-1354
116000613,588,423,165
116000614,491,755,-264
116000615,2,304,-302
116000616,43,110,-67
116000617,108,75,33
116000618,4,139,-135
116000619,43,72,-29
116000620,96,97,-1
116000621,57,135,-78
116000622,31,198,-167
116000624,202,98,104
116000627,44,62,-18
116000628,93,676,-583
116000629,37,516,-479
116000630,544,62,482
116000631,296,59,237
116000632,525,453,72
116000633,89,525,-436
116000634,524,63,461
116000635,3642,2073,1569
116000636,1152,1225,-73
116000637,552,27,525
116000638,45,511,-466
116900001,227,190,37
116900002,241,10,231
116900003,30,69,-39
116900004,36,53,-17
116900005,277,96,181
116900006,179,150,29
116900007,179,172,7
116900008,508,412,96
116900009,28,5,23
116900010,0,1589,-1589
116900011,10,31,-21
116900012,194,214,-20
116900013,7,242,-235
116900014,116,341,-225
116900015,361,55,306
116900016,239,5,234
116900017,3,803,-800
116900018,89,79,10
116900019,5,396,-391
116900020,1466,1146,320
116900023,45,7,38
116900024,649,60,589
116900025,1345,1082,263
116900026,209,787,-578
116900027,54,56,-2
116900028,15,141,-126
116900029,0,71,-71
116900031,1,7,-6
116900032,16,490,-474
116900033,29,12,17
116900034,8,94,-86
116900035,202,221,-19
116900036,7,99,-92
116900038,19,3,16
116900041,51,18,33
116900042,910,330,580
116900043,38,88,-50
116900047,28,103,-75
116900049,56,395,-339
116900050,171,503,-332
116900051,125,240,-115
116900052,225,87,138
116900055,0,8,-8
116900057,16,283,-267
116900058,33,433,-400
116900059,1,199,-198
116900060,220,231,-11
116900062,0,10,-10
116900064,115,807,-692
116900065,40,140,-100
116900067,93,116,-23
116900068,174,304,-130
116900070,1,0,1
116900072,26,446,-420
116900073,21,149,-128
116900074,8,64,-56
116900076,3,28,-25
116900077,14,114,-100
116900078,264,133,131
116900079,37,274,-237
116900080,46,39,7
116900081,450,1390,-940
116900082,604,1044,-440
116900083,104,72,32
116900084,196,61,135
116900085,51,158,-107
116900086,83,258,-175
116900088,551,150,401
116900090,233,68,165
116900091,395,74,321
116900092,93,800,-707
116900093,1889,1980,-91
116900094,5648,3969,1679
116900095,223,114,109
116900096,108,404,-296
116900097,3930,3294,636
116900098,917,361,556
116900099,911,728,183
116900100,1119,57,1062
116900101,347,704,-357
116900103,6,0,6
116900104,117,102,15
116900105,403,159,244
116900106,2034,356,1678
116900107,4580,2832,1748
116900110,20,1,19
116900111,478,887,-409
116900112,286,1205,-919
116900113,2540,1774,766
116900116,141,462,-321
116900117,120,126,-6
116900118,820,869,-49
116900120,387,105,282
116900121,128,39,89
116900122,909,979,-70
116900123,152,955,-803
116900124,237,1161,-924
116900125,402,191,211
116900126,174,611,-437
116900128,0,44,-44
116900129,2,473,-471
116900130,857,3483,-2626
116900131,154,315,-161
116900132,63,144,-81
116900133,126,179,-53
116900134,285,279,6
116900136,250,264,-14
116900137,342,194,148
116900138,241,229,12
116900139,153,439,-286
116900140,208,215,-7
116900141,958,571,387
116900142,5,67,-62
116900143,345,450,-105
116900144,21,72,-51
116900145,91,280,-189
116900147,613,396,217
116900148,8,49,-41
116900149,70,253,-183
116900150,21,11,10
116900151,65,18,47
116900153,148,85,63
116900154,737,636,101
116900155,68,111,-43
116900157,541,376,165
116900158,541,341,200
116900159,65,270,-205
116900160,1282,571,711
116900161,7529,6142,1387
116900162,25,142,-117
116900163,189,221,-32
116900164,304,85,219
116900165,268,177,91
116900166,50,93,-43
116900167,440,89,351
116900168,536,91,445
116900169,633,420,213
116900170,268,501,-233
116900171,41,205,-164
116900172,289,309,-20
116900173,218,46,172
116900174,48,49,-1
116900175,215,145,70
116900178,28,171,-143
116900179,142,343,-201
116900180,96,28,68
116900182,432,283,149
116900183,167,119,48
116900185,33,76,-43
116900186,119,293,-174
116900187,88,52,36
116900188,144,42,102
116900189,94,2,92
116900191,446,741,-295
116900192,280,158,122
116900194,180,1247,-1067
116900195,44,27,17
116900196,32,116,-84
116900197,111,8,103
116900198,220,267,-47
116900200,60,37,23
116900201,89,3,86
116900202,152,58,94
116900203,202,7,195
116900204,45,116,-71
116900205,0,0,0
116900206,8,24,-16
116900207,42,56,-14
116900208,13,163,-150
116900209,16,159,-143
116900210,560,288,272
116900211,217,11,206
116900212,55,78,-23
116900213,234,214,20
116900214,177,245,-68
116900215,62,95,-33
116900216,287,298,-11
116900218,33,327,-294
116900219,1694,511,1183
116900220,93,283,-190
116900221,116,464,-348
116900222,351,413,-62
116900223,102,362,-260
116900226,92,98,-6
116900227,268,86,182
116900228,387,273,114
116900230,68,295,-227
116900231,30,429,-399
116900232,15,492,-477
116900233,247,146,101
116900234,20,2,18
116900235,200,408,-208
116900238,1875,466,1409
116900239,39,1427,-1388
116900240,6694,4102,2592
116900241,84,350,-266
116900242,274,536,-262
116900243,3,42,-39
116900245,47,21,26
116900246,111,13,98
116900247,736,18,718
116900248,91,39,52
116900249,406,136,270
116900250,398,69,329
116900251,545,571,-26
116900252,174,1017,-843
116900253,162,126,36
116900254,46,150,-104
116900255,100,68,32
116900256,330,95,235
116900257,24,552,-528
116900258,0,303,-303
116900259,201,8,193
116900260,1,165,-164
116900261,59,3,56
116900262,149,203,-54
116900263,0,15,-15
116900264,0,8,-8
116900265,67,1,66
116900266,11,63,-52
116900267,6,1,5
116900268,198,74,124
116900269,279,622,-343
116900271,2052,238,1814
116900272,418,447,-29
116900273,171,52,119
116900274,107,91,16
116900275,250,158,92
116900276,1059,140,919
116900277,718,28,690
116900278,5,18,-13
116900279,2,34,-32
116900280,19,37,-18
116900281,7262,4737,2525
116900282,6,161,-155
116900283,44,184,-140
116900284,26,332,-306
116900285,343,219,124
116900286,267,25,242
116900287,5,72,-67
116900288,76,114,-38
116900289,31,25,6
116900290,4,51,-47
116900291,14,15,-1
116900292,0,15,-15
116900293,50,73,-23
116900294,42,162,-120
116900295,249,43,206
116900296,133,54,79
116900297,5,94,-89
116900298,140,69,71
116900299,138,34,104
116900300,9,99,-90
116900301,82,138,-56
116900302,101,84,17
116900303,419,104,315
116900304,0,132,-132
116900305,11,56,-45
116900306,155,146,9
117000001,2059,1962,97
117000002,2432,5617,-3185
117000003,7972,3738,4234
117000004,5021,6530,-1509
117000005,2357,2104,253
117000006,1687,4682,-2995
117000007,4116,1356,2760
117000008,1399,5155,-3756
117000009,5885,2300,3585
117000010,3704,5419,-1715
117000011,2511,2041,470
117000012,1536,1900,-364
117000013,2172,1070,1102
117000014,1679,3069,-1390
117000015,3234,1606,1628
117000016,343,98,245
117000017,506,147,359
117000018,281,548,-267
117000019,138,3,135
117000020,537,1646,-1109
117000021,2506,537,1969
117000022,461,100,361
117000023,332,179,153
117000024,535,179,356
117000025,690,848,-158
117000026,2922,1135,1787
117000027,3734,4056,-322
117000028,5225,1836,3389
117000030,761,558,203
117000031,409,300,109
117000032,2299,1371,928
117000033,1701,943,758
117000034,466,390,76
117000035,394,363,31
117000036,569,385,184
117000037,314,233,81
117000038,296,783,-487
117000039,476,271,205
117000040,264,1382,-1118
117000041,1000,226,774
117000044,34,1043,-1009
117000045,576,67,509
117000046,557,1039,-482
117000047,1103,730,373
117000048,2577,1515,1062
117000049,141,640,-499
117000050,95,2390,-2295
117000051,2152,145,2007
117000052,47,455,-408
117000053,477,55,422
117000054,1881,10,1871
117000055,19,4006,-3987
117000056,801,17,784
117000057,711,2930,-2219
117000060,698,1900,-1202
117000061,1879,1123,756
117000062,344,918,-574
117000063,2373,946,1427
117000064,1056,1059,-3
117000066,1357,1101,256
117000067,173,615,-442
117000074,238,221,17
117000076,113,67,46
117000077,214,218,-4
117000078,121,825,-704
117000079,433,291,142
117000080,4,391,-387
117000081,962,116,846
117000082,15,86,-71
117000083,124,14,110
117000084,293,3,290
117000085,271,881,-610
117000086,949,555,394
117000087,96,599,-503
117000088,299,197,102
117000089,1647,318,1329
117000090,360,1715,-1355
117000091,937,312,625
117000092,508,1672,-1164
117000093,1281,820,461
117000094,1746,3912,-2166
117000095,3958,1063,2895
117000096,746,3081,-2335
117000097,1538,1463,75
117000098,3182,5989,-2807
117000099,3597,1452,2145
117000100,209,372,-163
117000101,261,1576,-1315
117000102,1571,771,800
117000103,855,2141,-1286
117000104,1588,777,811
117000105,1030,2100,-1070
117000106,1341,991,350
117000107,664,2540,-1876
117000108,1772,1041,731
117000109,2066,3231,-1165
117000110,1546,1118,428
117000111,4325,5349,-1024
117000112,3787,2161,1626
117000113,127,344,-217
117000114,191,174,17
117000115,108,201,-93
117000116,118,293,-175
117000117,2027,971,1056
117000118,291,176,115
117000119,834,181,653
117000120,327,497,-170
117000121,200,1364,-1164
117000122,367,876,-509
117000123,1985,59,1926
117000124,1132,65,1067
117000125,475,104,371
117000126,96,30,66
117000127,170,359,-189
117000128,554,828,-274
117000129,438,596,-158
117000130,269,2,267
117000131,0,148,-148
117000132,2905,27,2878
117000133,1646,146,1500
117000134,0,49,-49
117000135,3,42,-39
117000136,0,42,-42
117000137,83,136,-53
117000138,2,739,-737
117000140,629,2104,-1475
117000141,1890,675,1215
117000181,816,530,286
117000182,408,568,-160
117000195,274,1298,-1024
117000196,296,145,151
117000225,165,24,141
117000226,17,123,-106
117000276,245,26,219
117000277,2,513,-511
117000310,2051,3058,-1007
117000315,54,1081,-1027
117000320,110,0,110
117000906,343,21,322
117000907,16,438,-422
117000908,55,40,15
117000909,59,45,14
117000910,234,238,-4
117000911,123,269,-146
117000915,5,661,-656
117000916,19,6,13
117000917,982,34,948
117000918,47,115,-68
117000919,10,134,-124
117000920,3,1698,-1695
117000921,4,1867,-1863
117000922,86,156,-70
117000924,375,963,-588
117000926,1078,127,951
117000927,2457,953,1504
117000928,0,221,-221
117000929,198,511,-313
117000930,193,14,179
117000931,747,169,578
117900002,113,418,-305
117900003,1046,515,531
117900005,5,28,-23
117900006,0,35,-35
117900007,193,163,30
117900008,0,43,-43
117900010,285,116,169
117900011,33,82,-49
117900012,55,115,-60
117900013,0,294,-294
117900014,657,168,489
117900015,21,107,-86
117900016,1423,886,537
117900017,1092,382,710
117900018,204,119,85
117900019,460,371,89
117900020,88,446,-358
117900021,41,83,-42
117900022,27,29,-2
117900023,838,307,531
117900024,62,100,-38
117900025,53,19,34
117900026,430,329,101
117900028,91,6,85
117900029,280,868,-588
117900030,477,305,172
117900031,274,111,163
117900032,1069,593,476
117900033,247,744,-497
117900034,68,50,18
117900035,214,102,112
117900036,305,531,-226
117900037,141,115,26
117900038,29,424,-395
117900039,3,72,-69
117900040,94,586,-492
117900041,12,66,-54
117900042,4668,464,4204
117900043,20,66,-46
117900044,40,3839,-3799
117900045,149,151,-2
117900048,319,371,-52
117900049,242,595,-353
117900050,11,53,-42
117900051,28,5,23
117900052,56,421,-365
117900053,1679,888,791
117900054,4,32,-28
117900055,231,217,14
117900056,454,62,392
117900057,1253,1430,-177
117900058,145,29,116
117900059,455,96,359
117900060,2168,6518,-4350
117900061,40,261,-221
117900063,356,200,156
117900065,798,1416,-618
117900066,10,74,-64
117900067,418,188,230
117900069,770,377,393
117900070,289,12,277
117900071,113,183,-70
117900073,456,368,88
117900074,320,22,298
117900075,75,93,-18
117900076,25,57,-32
117900077,362,119,243
117900078,458,747,-289
117900080,143,73,70
117900081,657,472,185
117900082,493,399,94
117900083,346,576,-230
117900086,109,38,71
117900087,200,72,128
117900088,4332,2550,1782
117900089,2167,764,1403
117900090,541,608,-67
117900091,160,234,-74
117900092,81,41,40
117900093,98,58,40
117900094,56,25,31
117900095,395,476,-81
117900096,88,288,-200
117900097,219,97,122
117900098,25,14,11
117900099,201,296,-95
117900100,257,3,254
117900101,514,1809,-1295
117900102,71,55,16
117900103,107,2,105
117900104,50,112,-62
117900105,158,275,-117
117900106,115,38,77
117900107,64,0,64
117900109,624,486,138
117900110,87,3,84
117900111,364,26,338
117900112,53,13,40
117900113,4077,2009,2068
117900114,30,0,30
117900115,350,59,291
117900116,1053,1046,7
117900117,634,545,89
117900118,64,1,63
117900119,129,210,-81
117900120,216,121,95
117900121,113,37,76
117900122,1712,3837,-2125
117900123,728,513,215
117900124,952,815,137
117900125,2332,1918,414
117900126,306,714,-408
117900127,523,586,-63
117900128,394,811,-417
117900129,94,1,93
117900130,900,465,435
117900131,0,175,-175
117900132,17,156,-139
117900133,9,174,-165
117900134,82,271,-189
117900135,44,234,-190
117900136,0,35,-35
117900137,63,419,-356
117900138,0,37,-37
117900139,132,181,-49
117900140,4180,180,4000
117900141,232,257,-25
117900142,244,32,212
117900144,121,148,-27
117900145,51,35,16
117900146,216,162,54
117900147,75,94,-19
117900148,3018,1538,1480
117900149,113,290,-177
117900150,44,60,-16
117900151,39,84,-45
117900152,84,73,11
117900153,21,127,-106
117900154,486,662,-176
117900156,1222,1030,192
117900157,92,621,-529
117900158,288,133,155
117900160,586,767,-181
117900161,3281,2793,488
117900162,443,600,-157
117900163,180,91,89
117900165,0,11,-11
117900166,195,472,-277
117900168,48,140,-92
117900169,1,139,-138
117900170,0,58,-58
117900171,1,34,-33
117900172,9,43,-34
117900173,176,109,67
117900174,36,69,-33
117900175,3,45,-42
117900176,20,27,-7
117900177,14,68,-54
117900178,118,50,68
117900180,303,60,243
117900181,159,433,-274
117900182,6,51,-45
117900183,77,240,-163
117900184,20,74,-54
117900185,51,66,-15
117900186,46,11,35
117900187,29,20,9
117900188,214,61,153
117900189,88,32,56
117900190,34,5,29
117900191,118,1,117
117900192,276,0,276
117900193,16,68,-52
117900194,12,10,2
117900195,27,63,-36
117900196,17,33,-16
117900207,269,166,103
117900208,35,27,8
117900209,191,244,-53
117900210,181,314,-133
117900211,12,215,-203
117900212,155,239,-84
117900213,48,17,31
117900214,2,37,-35
117900215,9,42,-33
117900216,50,26,24
117900217,206,335,-129
117900218,189,247,-58
117900219,10,104,-94
117900220,153,149,4
117900222,235,371,-136
117900223,184,373,-189
118000001,1101,991,110
118000002,1495,2851,-1356
118000003,2721,3151,-430
118000004,3838,2913,925
118000005,7054,6539,515
118000006,10152,11472,-1320
118000007,7080,3740,3340
118000008,6716,4162,2554
118000009,2793,4646,-1853
118000010,7541,5437,2104
118000011,1452,2885,-1433
118000012,1262,2659,-1397
118000013,3353,3116,237
118000014,2120,2913,-793
118000016,194,434,-240
118000017,431,490,-59
118000018,589,511,78
118000019,3081,1606,1475
118000020,2819,3459,-640
118000021,942,3191,-2249
118000022,2675,952,1723
118000023,1383,355,1028
118000024,3176,1378,1798
118000027,22293,14353,7940
118000029,1512,923,589
118000032,2002,4250,-2248
118000033,4044,5632,-1588
118000034,7775,2868,4907
118000035,2208,2887,-679
118000036,1591,1132,459
118000037,903,1128,-225
118000038,188,74,114
118000039,103,270,-167
118000040,1837,1495,342
118000041,2505,1569,936
118000045,607,216,391
118000046,1924,609,1315
118000047,1479,773,706
118000048,3905,1855,2050
118000051,3770,1145,2625
118000052,2769,669,2100
118000053,658,711,-53
118000054,2069,1708,361
118000055,1444,1682,-238
118000056,292,497,-205
118000057,221,370,-149
118000058,4211,1872,2339
118000059,2719,1078,1641
118000060,1155,653,502
118000061,1497,1636,-139
118000062,791,435,356
118000063,471,633,-162
118000064,908,1565,-657
118000065,4889,2219,2670
118000066,980,1749,-769
118000067,1195,922,273
118000068,1992,4889,-2897
118000069,3606,1393,2213
118000070,6339,1940,4399
118000071,3978,6867,-2889
118000072,2241,1389,852
118000073,3635,773,2862
118000074,864,395,469
118000075,760,310,450
118000076,1471,2214,-743
118000077,1666,1520,146
118000078,2149,2114,35
118000079,499,527,-28
118000080,1426,1163,263
118000081,2073,1184,889
118000082,348,1404,-1056
118000083,2015,2081,-66
118000084,3760,2025,1735
118000086,347,868,-521
118000087,5488,3095,2393
118000088,2052,1930,122
118000089,4175,2306,1869
118000090,1692,3207,-1515
118000091,1265,2441,-1176
118000092,1225,554,671
118000093,128,822,-694
118000096,611,706,-95
118000097,999,661,338
118000098,328,208,120
118000099,611,893,-282
118000101,1346,397,949
118000102,458,1587,-1129
118000107,2485,616,1869
118000108,862,2219,-1357
118000110,0,17,-17
118000111,1,475,-474
118000112,478,13,465
118000113,8,861,-853
118000114,431,10,421
118000115,39,15,24
118000116,49,0,49
118000117,1470,956,514
118000118,1114,958,156
118000119,1164,1383,-219
118000120,1778,1500,278
118000121,133,721,-588
118000122,1798,471,1327
118000123,67,294,-227
118000125,2033,1190,843
118000126,951,1836,-885
118000127,1594,674,920
118000128,742,1316,-574
118000129,1007,403,604
118000130,3102,4610,-1508
118000131,550,848,-298
118000132,2703,1934,769
118000133,1214,464,750
118000135,648,452,196
118000136,141,593,-452
118000137,669,117,552
118000138,483,743,-260
118000139,380,155,225
118000140,2773,4623,-1850
118000141,2314,2254,60
118000142,1933,1915,18
118000143,2221,1504,717
118000144,1319,1244,75
118000145,1905,2794,-889
118000146,1496,1190,306
118000147,1126,1956,-830
118000148,814,1552,-738
118000149,967,1139,-172
118000150,573,300,273
118000151,658,571,87
118000153,1458,1465,-7
118000154,1559,1886,-327
118000155,1386,1645,-259
118000156,2710,2972,-262
118000157,725,449,276
118000158,183,606,-423
118000159,24,96,-72
118000160,552,482,70
118000161,492,1027,-535
118000162,2028,986,1042
118000163,974,973,1
118000164,2387,1634,753
118000168,1636,612,1024
118000169,1329,1567,-238
118000170,4881,6372,-1491
118000171,401,756,-355
118000172,130,320,-190
118000173,1124,1275,-151
118000175,344,359,-15
118000176,244,476,-232
118000177,234,639,-405
118000178,64,44,20
118000179,1668,1401,267
118000180,1033,791,242
118000181,1046,425,621
118000182,363,311,52
118000183,274,288,-14
118000184,914,923,-9
118000185,1466,1308,158
118000186,902,1291,-389
118000187,1334,985,349
118000188,678,239,439
118000189,717,906,-189
118000190,29,14,15
118000191,25,33,-8
118000192,165,214,-49
118000193,183,433,-250
118000194,1700,1100,600
118000195,961,891,70
118000196,488,233,255
118000197,810,182,628
118000198,964,782,182
118000199,1140,438,702
118000200,154,287,-133
118000201,545,507,38
118000202,82,110,-28
118000203,1325,616,709
118000204,232,383,-151
118000205,269,376,-107
118000206,217,174,43
118000207,0,73,-73
118000208,1412,1914,-502
118000209,2233,1992,241
118000210,52,49,3
118000211,33,41,-8
118000213,1443,1168,275
118000214,667,624,43
118000215,258,251,7
118000216,2170,3826,-1656
118000217,31,161,-130
118000218,67,144,-77
118000219,696,422,274
118000220,2,47,-45
118000221,216,368,-152
118000222,79,10,69
118000223,37,50,-13
118000224,258,137,121
118000225,162,913,-751
118000226,1278,257,1021
118000227,1101,462,639
118000228,232,281,-49
118000229,199,76,123
118000230,200,317,-117
118000231,88,277,-189
118000232,809,1141,-332
118000233,1187,1016,171
118000234,532,280,252
118000236,465,394,71
118000237,157,506,-349
118000238,303,289,14
118000239,394,320,74
118000240,545,181,364
118000241,176,289,-113
118000242,451,856,-405
118000243,304,284,20
118000244,67,137,-70
118000246,3,29,-26
118000255,58,287,-229
118000256,130,269,-139
118000259,10,88,-78
118000260,357,151,206
118000261,44,105,-61
118000263,94,299,-205
118000266,382,370,12
118000267,1,138,-137
118000268,437,2,435
118000270,119,44,75
118000271,154,287,-133
118000272,100,81,19
118000273,151,154,-3
118000274,124,388,-264
118000276,470,404,66
118000295,8,170,-162
118000298,291,476,-185
118000299,79,171,-92
118000301,0,73,-73
118000302,97,92,5
118000311,448,146,302
118000312,334,258,76
118000313,121,222,-101
118000314,64,66,-2
118000315,66,125,-59
118000316,740,561,179
118000325,66,65,1
118000326,37,64,-27
118000331,37,50,-13
118000332,12,66,-54
118000333,43,61,-18
118000335,333,1,332
118000336,0,341,-341
118000407,200,102,98
118000457,11,53,-42
118000465,5231,5146,85
118000480,43,147,-104
118000489,52,339,-287
118000490,45,328,-283
118000492,254,235,19
118000510,72,20,52
118000514,234,352,-118
118000515,818,783,35
118000517,354,237,117
118000524,511,302,209
118000525,1047,984,63
118000530,37,142,-105
118000531,304,348,-44
118000532,281,371,-90
118000533,337,129,208
118000534,773,494,279
118000535,275,170,105
118000536,1290,2094,-804
118000537,24,195,-171
118000538,51,76,-25
118000539,18,165,-147
118000540,347,223,124
118000541,254,80,174
118000542,184,240,-56
118000543,281,239,42
118000546,66,33,33
118000553,0,1,-1
118000557,0,0,0
118000560,4002,2366,1636
118000562,27,325,-298
118000563,1917,1503,414
118000576,198,158,40
118000577,173,147,26
118000578,163,100,63
118000579,660,1099,-439
118000583,0,0,0
118000595,189,120,69
118000596,0,63,-63
118000597,126,133,-7
118000598,13,1,12
118000599,49,65,-16
118000600,3,4,-1
118000601,5,0,5
118000602,2,7,-5
118000603,1,21,-20
118900001,833,1264,-431
118900002,1181,913,268
118900003,452,27,425
118900004,50,46,4
118900005,71,11,60
118900006,233,19,214
118900007,9,4,5
118900008,1777,70,1707
118900009,59,63,-4
118900010,105,7,98
118900011,215,35,180
118900012,505,281,224
118900013,529,169,360
118900015,244,85,159
118900016,4,26,-22
118900017,324,361,-37
118900018,937,27,910
118900019,61,44,17
118900020,315,165,150
118900021,138,382,-244
118900022,145,135,10
118900023,212,122,90
118900024,136,151,-15
118900025,36,41,-5
118900026,60,89,-29
118900027,488,321,167
118900028,170,211,-41
118900029,308,368,-60
118900030,358,141,217
118900031,175,137,38
118900032,207,216,-9
118900033,680,484,196
118900034,202,33,169
118900035,120,213,-93
118900036,1206,848,358
118900037,544,252,292
118900038,368,200,168
118900039,462,214,248
118900040,273,202,71
118900041,642,196,446
118900042,190,76,114
118900045,289,193,96
118900046,1081,318,763
118900047,602,270,332
118900048,277,206,71
118900049,85,57,28
118900050,17,171,-154
118900051,78,75,3
118900052,331,233,98
118900053,47,115,-68
118900054,134,53,81
118900055,85,101,-16
118900056,42,348,-306
118900057,769,523,246
118900058,483,395,88
118900059,24,105,-81
118900060,86,110,-24
118900062,306,214,92
118900064,877,565,312
118900065,82,222,-140
118900066,71,116,-45
118900067,5923,4175,1748
118900068,8,253,-245
118900069,386,277,109
118900071,7,89,-82
118900072,423,445,-22
118900073,102,103,-1
118900074,148,283,-135
118900075,64,123,-59
118900076,320,131,189
118900077,274,246,28
118900078,47,12,35
118900079,63,277,-214
118900080,23,205,-182
118900081,90,38,52
118900082,685,175,510
118900083,56,20,36
118900084,20,34,-14
118900085,645,1156,-511
118900086,47,92,-45
118900087,18,243,-225
118900088,0,15,-15
118900089,32,28,4
118900090,488,439,49
118900091,239,207,32
118900092,149,133,16
118900093,214,42,172
118900096,72,34,38
118900097,346,615,-269
118900099,102,269,-167
118900100,183,337,-154
118900101,98,569,-471
118900102,82,144,-62
118900103,49,128,-79
118900104,275,192,83
118900105,233,139,94
118900107,174,87,87
118900108,102,168,-66
118900110,1821,898,923
118900111,434,680,-246
118900112,102,211,-109
118900113,143,648,-505
118900114,34,97,-63
118900115,174,531,-357
118900116,154,227,-73
118900117,104,189,-85
118900118,305,401,-96
118900119,119,259,-140
118900120,78,350,-272
118900121,34,197,-163
118900122,14,876,-862
118900123,156,299,-143
118900124,68,257,-189
118900126,25,404,-379
118900129,236,229,7
118900130,102,283,-181
118900131,141,244,-103
118900132,378,233,145
118900133,25,105,-80
118900135,227,302,-75
118900136,220,607,-387
118900137,5,35,-30
118900139,230,540,-310
118900140,416,681,-265
118900141,95,217,-122
118900144,137,480,-343
118900145,31,175,-144
118900146,403,691,-288
118900147,309,206,103
118900148,85,47,38
118900150,171,665,-494
118900152,670,1020,-350
118900157,95,202,-107
118900158,78,126,-48
118900159,2,204,-202
118900161,139,9,130
118900163,149,116,33
118900164,8,123,-115
118900165,65,249,-184
118900166,46,5,41
118900167,124,173,-49
118900168,14,199,-185
118900169,131,454,-323
118900170,151,156,-5
118900171,28,53,-25
118900174,105,91,14
118900175,358,533,-175
118900176,141,311,-170
118900177,37,82,-45
118900178,74,155,-81
118900179,10,38,-28
118900181,123,130,-7
118900182,135,59,76
118900183,24,176,-152
118900184,365,128,237
118900185,121,150,-29
118900186,134,113,21
118900187,227,347,-120
118900188,299,339,-40
118900189,34,891,-857
118900190,9,415,-406
118900191,146,62,84
118900192,197,32,165
118900193,528,7,521
118900195,412,889,-477
118900196,66,189,-123
118900197,129,49,80
118900198,28,20,8
118900199,100,47,53
118900200,41,22,19
118900201,35,28,7
118900202,21,71,-50
118900203,23,39,-16
118900204,21,49,-28
118900205,3,17,-14
118900206,6,30,-24
119000001,1523,1774,-251
119000002,5088,3608,1480
119000003,2708,1430,1278
119000004,2624,1655,969
119000005,2056,2285,-229
119000006,2717,1932,785
119000007,3638,3846,-208
119000008,2205,2330,-125
119000009,4164,4836,-672
119000010,8706,5199,3507
119000011,5319,3045,2274
119000012,4227,4211,16
119000013,2421,1518,903
119000014,2588,3859,-1271
119000019,324,224,100
119000020,2082,1555,527
119000021,4726,2723,2003
119000022,3744,2725,1019
119000023,286,329,-43
119000024,2005,10530,-8525
119000025,9966,1788,8178
119000026,188,400,-212
119000027,375,637,-262
119000028,2364,1376,988
119000029,141,387,-246
119000030,687,1228,-541
119000031,897,875,22
119000032,2225,3121,-896
119000033,2280,1787,493
119000034,1165,1267,-102
119000035,27,375,-348
119000036,1767,1001,766
119000037,1294,2245,-951
119000038,174,1134,-960
119000039,321,379,-58
119000040,1118,611,507
119000041,945,1229,-284
119000048,3738,3919,-181
119000049,2000,2912,-912
119000050,1862,2403,-541
119000051,2065,1106,959
119000052,2356,3415,-1059
119000053,2199,1308,891
119000054,3478,4045,-567
119000055,4419,4034,385
119000056,2475,2384,91
119000057,1651,2657,-1006
119000058,2249,2358,-109
119000059,1387,2044,-657
119000060,1687,1358,329
119000061,1034,989,45
119000062,1304,1430,-126
119000063,556,432,124
119000064,1385,1792,-407
119000065,2485,4108,-1623
119000066,2559,1274,1285
119000067,2188,2743,-555
119000068,1731,1258,473
119000069,1688,2985,-1297
119000070,2613,1114,1499
119000071,592,799,-207
119000072,6577,3759,2818
119000073,5481,7132,-1651
119000074,1341,3406,-2065
119000075,2104,2806,-702
119000076,545,917,-372
119000077,1051,551,500
119000078,464,200,264
119000079,164,619,-455
119000080,561,207,354
119000081,336,410,-74
119000082,976,273,703
119000083,594,422,172
119000084,375,498,-123
119000085,532,255,277
119000086,299,489,-190
119000087,1923,1121,802
119000088,352,258,94
119000089,83,221,-138
119000090,142,206,-64
119000091,127,415,-288
119000092,566,246,320
119000093,4429,3496,933
119000094,3269,6428,-3159
119000095,1803,3188,-1385
119000097,2704,1919,785
119000098,986,2867,-1881
119000099,3003,2450,553
119000100,4002,3433,569
119000101,4910,2312,2598
119000102,1106,1169,-63
119000103,2073,589,1484
119000104,3273,1709,1564
119000105,1211,1971,-760
119000106,379,1871,-1492
119000107,922,527,395
119000108,455,1248,-793
119000109,266,524,-258
119000110,864,466,398
119000111,113,668,-555
119000112,319,111,208
119000113,3093,425,2668
119000114,959,1191,-232
119000115,157,134,23
119000116,155,95,60
119000117,176,441,-265
119000118,0,0,0
119000123,5610,1257,4353
119000124,692,238,454
119000125,3443,1091,2352
119000126,1142,880,262
119000127,580,722,-142
119000128,29,4,25
119000131,1020,1062,-42
119000132,8,4,4
119000133,3,8,-5
119000134,2579,704,1875
119000135,106,235,-129
119000136,224,239,-15
119000137,204,510,-306
119000138,427,387,40
119000139,303,335,-32
119000140,221,431,-210
119000284,1586,3568,-1982
119000285,2774,2677,97
119000286,9238,6883,2355
119000287,1627,2802,-1175
119000288,2054,1867,187
119000289,2434,4059,-1625
119000290,215,521,-306
119000291,4,341,-337
119000293,139,197,-58
119000294,52,48,4
119000295,2093,595,1498
119000296,214,162,52
119000299,0,0,0
119000302,3499,1826,1673
119000303,88,207,-119
119000314,1759,9560,-7801
119000315,1,492,-491
119000316,108,148,-40
119000317,82,424,-342
119900001,351,1413,-1062
119900002,278,419,-141
119900003,84,1329,-1245
119900004,427,1131,-704
119900005,212,161,51
119900006,305,466,-161
119900007,1394,205,1189
119900008,87,43,44
119900009,770,792,-22
119900010,1948,1208,740
119900011,23,116,-93
119900012,28,127,-99
119900013,2060,962,1098
119900014,735,276,459
119900015,128,45,83
119900016,60,119,-59
119900017,32,61,-29
119900018,2365,888,1477
119900019,36,13,23
119900020,272,258,14
119900021,198,107,91
119900022,160,685,-525
119900023,803,1309,-506
119900025,173,41,132
119900026,1102,179,923
119900027,28,34,-6
119900028,250,150,100
119900029,8,10,-2
119900030,669,701,-32
119900031,67,407,-340
119900033,2496,447,2049
119900034,413,177,236
119900037,212,54,158
119900038,86,306,-220
119900039,76,12,64
119900040,139,20,119
119900041,140,68,72
119900042,135,190,-55
119900043,58,216,-158
119900044,255,945,-690
119900046,129,102,27
119900047,296,103,193
119900048,98,42,56
119900049,159,11,148
119900050,145,138,7
119900051,450,23,427
119900052,64,54,10
119900053,199,220,-21
119900054,100,10,90
119900055,1419,586,833
119900057,250,130,120
119900058,256,3,253
119900059,166,74,92
119900060,329,24,305
119900062,53,43,10
119900063,19,56,-37
119900065,284,12,272
119900066,0,1,-1
119900067,154,32,122
119900068,555,0,555
119900069,122,63,59
119900070,951,16,935
119900071,701,27,674
119900073,2168,713,1455
119900074,100,45,55
119900075,6480,3168,3312
119900076,788,535,253
119900077,786,1387,-601
119900078,613,1213,-600
119900079,266,327,-61
119900080,1926,1753,173
119900081,403,47,356
119900082,1402,366,1036
119900083,502,196,306
119900084,955,418,537
119900085,89,94,-5
119900087,942,412,530
119900088,52,82,-30
119900089,39,537,-498
119900090,165,110,55
119900091,57,1228,-1171
119900092,127,502,-375
119900093,1390,314,1076
119900094,48,216,-168
119900095,281,136,145
119900096,89,156,-67
119900097,658,204,454
119900098,50,63,-13
119900099,40,338,-298
119900100,2858,2835,23
119900101,366,1204,-838
119900102,51,396,-345
119900103,59,525,-466
119900104,67,289,-222
119900105,1299,1629,-330
119900106,11,229,-218
119900107,485,3614,-3129
119900108,2258,772,1486
119900109,45,275,-230
119900110,648,733,-85
119900111,82,427,-345
119900112,2352,738,1614
119900113,130,434,-304
119900114,272,1526,-1254
119900115,342,1404,-1062
119900116,341,529,-188
119900117,378,881,-503
119900118,94,1220,-1126
119900119,302,293,9
119900120,747,783,-36
119900121,416,1369,-953
119900122,681,494,187
119900123,285,404,-119
119900124,225,1093,-868
119900125,51,387,-336
119900126,5271,441,4830
119900127,2965,1387,1578
119900128,516,1158,-642
119900129,325,783,-458
119900130,33,330,-297
119900131,36,367,-331
119900132,1,321,-320
119900133,75,113,-38
119900134,2300,343,1957
119900135,3,504,-501
119900136,242,514,-272
119900138,476,637,-161
119900139,31,117,-86
119900140,4,154,-150
119900141,182,802,-620
119900142,8,47,-39
119900143,24,195,-171
119900144,2171,328,1843
119900145,103,240,-137
119900146,280,268,12
119900147,9,197,-188
119900148,223,81,142
119900149,1848,4350,-2502
119900150,244,227,17
119900151,2010,894,1116
119900152,108,432,-324
119900153,191,118,73
119900154,31,327,-296
119900155,53,56,-3
119900156,34,5,29
119900157,203,317,-114
119900158,197,110,87
119900159,4,1890,-1886
119900160,36,280,-244
119900161,264,257,7
119900162,990,1234,-244
119900163,217,175,42
119900164,0,1,-1
119900165,212,308,-96
119900166,90,62,28
119900167,139,180,-41
119900168,836,601,235
119900169,174,370,-196
119900170,240,271,-31
119900171,1191,570,621
119900172,182,22,160
119900173,4,555,-551
119900174,9,266,-257
119900175,1379,952,427
119900177,53,295,-242
119900178,15,201,-186
119900179,94,437,-343
119900180,1084,951,133
119900181,65,91,-26
119900182,14,558,-544
119900183,219,783,-564
119900184,3427,840,2587
119900185,53,225,-172
119900186,119,1118,-999
119900187,24,613,-589
119900188,170,559,-389
119900189,745,620,125
119900190,98,302,-204
119900191,456,226,230
119900192,68,227,-159
119900193,383,297,86
119900194,30,78,-48
119900195,74,287,-213
119900196,1917,665,1252
119900197,228,178,50
119900198,163,327,-164
119900199,187,24,163
119900200,790,838,-48
119900201,529,235,294
119900202,128,257,-129
119900203,285,596,-311
119900204,288,435,-147
119900205,702,643,59
119900206,188,194,-6
119900208,241,187,54
119900209,569,1350,-781
119900210,38,41,-3
119900211,91,12,79
119900212,158,341,-183
119900213,8,73,-65
119900214,22,123,-101
119900215,52,95,-43
119900216,17,113,-96
119900217,17,100,-83
119900218,30,102,-72
119900219,3,186,-183
119900220,9,146,-137
119900221,41,391,-350
119900222,26,316,-290
119900223,20,117,-97
119900224,10,33,-23
119900225,1346,93,1253
119900226,781,2194,-1413
119900227,1372,583,789
119900228,91,303,-212
119900229,495,592,-97
119900230,1978,963,1015
119900231,274,227,47
119900232,284,139,145
119900233,73,5,68
119900234,35,108,-73
119900235,34,72,-38
119900236,26,306,-280
119900237,80,755,-675
119900238,22,99,-77
119900240,95,163,-68
119900241,172,348,-176
119900242,1957,2068,-111
119900244,945,1698,-753
119900245,178,256,-78
119900246,355,678,-323
119900247,37,88,-51
119900248,96,214,-118
119900249,260,112,148
119900253,3446,470,2976
119900254,101,739,-638
119900255,158,586,-428
119900256,648,1229,-581
119900257,85,7,78
119900258,165,30,135
119900259,10,206,-196
119900260,145,10,135
119900261,317,210,107
119900262,1,306,-305
119900263,1201,575,626
119900264,142,247,-105
119900265,346,447,-101
119900266,436,419,17
119900267,318,714,-396
119900268,147,214,-67
119900269,1085,1515,-430
119900271,21,128,-107
119900272,510,143,367
119900275,114,3,111
119900276,73,3,70
119900277,6,13,-7
119900278,386,144,242
119900279,214,350,-136
119900280,867,266,601
119900281,0,237,-237
119900282,125,86,39
119900283,8,339,-331
119900284,61,341,-280
119900285,53,95,-42
119900286,9,71,-62
119900288,7,39,-32
119900289,0,35,-35
119900290,2,38,-36
119900291,2,81,-79
119900292,48,48,0
119900293,38,8,30
119900294,61,0,61
119900295,0,0,0
119900296,1,0,1
119900299,58,262,-204
119900300,264,242,22
119900301,146,77,69
119900302,271,127,144
119900303,258,244,14
119900304,219,46,173
119900305,25,144,-119
119900306,29,2,27
119900307,65,156,-91
119900308,11,45,-34
119900309,55,142,-87
119900310,346,466,-120
119900311,79,184,-105
119900312,141,116,25
119900313,281,433,-152
119900314,226,521,-295
119900315,1600,2874,-1274
119900318,12,34,-22
119900319,3,356,-353
119900320,238,787,-549
119900321,69,4,65
119900322,48,144,-96
119900323,9,211,-202
119900324,54,71,-17
119900325,287,497,-210
119900326,152,138,14
120000001,8010,15660,-7650
120000002,2974,3450,-476
120000003,3955,2130,1825
120000004,3341,2797,544
120000005,5576,2468,3108
120000006,1416,1830,-414
120000007,4440,3698,742
120000008,1247,1681,-434
120000009,4693,1258,3435
120000010,2001,3225,-1224
120000011,1196,2437,-1241
120000012,1917,3638,-1721
120000013,3282,3436,-154
120000014,761,1764,-1003
120000015,2907,1850,1057
120000016,3708,2788,920
120000017,2925,2719,206
120000018,4807,11582,-6775
120000019,1075,1815,-740
120000020,3513,3776,-263
120000021,1980,2742,-762
120000022,3163,4163,-1000
120000023,1042,1849,-807
120000024,1655,2716,-1061
120000025,2760,2542,218
120000026,1824,2020,-196
120000027,2085,2608,-523
120000028,898,649,249
120000029,4366,700,3666
120000030,339,1029,-690
120000031,2506,7670,-5164
120000032,10096,4877,5219
120000033,5930,2706,3224
120000034,2082,2415,-333
120000035,2016,2762,-746
120000036,3144,6324,-3180
120000037,797,1673,-876
120000038,8783,4600,4183
120000039,602,1178,-576
120000040,108,306,-198
120000041,1438,1817,-379
120000042,1954,3219,-1265
120000043,5528,2562,2966
120000044,5254,1935,3319
120000045,5971,1260,4711
120000046,2957,3038,-81
120000047,1787,5768,-3981
120000048,9002,4684,4318
120000049,3634,3236,398
120000050,4675,4858,-183
120000051,3502,5424,-1922
120000052,11503,2924,8579
120000053,1234,3331,-2097
120000054,1649,5846,-4197
120000055,2110,6236,-4126
120000056,4201,4562,-361
120000057,2984,748,2236
120000058,2971,489,2482
120000059,49,2016,-1967
120000061,169,836,-667
120000062,216,305,-89
120000063,2174,3165,-991
120000064,236,1628,-1392
120000065,868,2064,-1196
120000066,490,694,-204
120000067,230,666,-436
120000068,250,1259,-1009
120000069,687,1602,-915
120000070,77,1004,-927
120000071,522,229,293
120000072,811,520,291
120000073,867,100,767
120000074,270,120,150
120000075,1463,393,1070
120000076,2402,542,1860
120000077,2029,808,1221
120000078,3913,1457,2456
120000079,258,183,75
120000080,214,257,-43
120000081,301,232,69
120000082,162,160,2
120000083,59,556,-497
120000084,437,463,-26
120000085,303,423,-120
120000086,395,703,-308
120000087,193,849,-656
120000088,870,1760,-890
120000089,1247,933,314
120000090,742,700,42
120000091,1066,1418,-352
120000092,1564,931,633
120000093,435,671,-236
120000094,158,884,-726
120000095,1157,706,451
120000096,327,961,-634
120000098,1087,1139,-52
120000099,509,994,-485
120000100,800,1240,-440
120000101,600,640,-40
120000102,583,936,-353
120000103,1527,961,566
120000104,1885,541,1344
120000105,2930,832,2098
120000106,2408,769,1639
120000107,4067,821,3246
120000108,1295,162,1133
120000109,1271,103,1168
120000110,102,1257,-1155
120000111,191,1539,-1348
120000112,1041,4198,-3157
120000113,781,3014,-2233
120000114,1350,4020,-2670
120000115,445,3126,-2681
120000116,1051,2784,-1733
120000117,1528,1910,-382
120000118,59,30,29
120000119,35,120,-85
120000120,82,85,-3
120000121,48,58,-10
120000122,320,494,-174
120000123,6934,5410,1524
120000124,425,479,-54
120000125,539,970,-431
120000126,423,976,-553
120000127,3732,1102,2630
120000128,4380,3912,468
120000129,172,403,-231
120000130,1070,762,308
120000131,317,780,-463
120000134,477,1479,-1002
120000135,604,531,73
120000137,283,1789,-1506
120000138,865,659,206
120000139,369,1008,-639
120000140,753,687,66
120000141,327,609,-282
120000142,546,726,-180
120000143,0,149,-149
120000144,80,0,80
120000145,415,6,409
120000146,2015,1059,956
120000149,874,1317,-443
120000150,4306,12708,-8402
120000151,461,680,-219
120000152,609,235,374
120000153,260,668,-408
120000154,574,631,-57
120000155,120,321,-201
120000156,1360,1005,355
120000157,1217,828,389
120000158,1104,1119,-15
120000159,2331,3239,-908
120000160,2743,1621,1122
120000161,2232,2961,-729
120000162,156,332,-176
120000163,920,1819,-899
120000164,513,528,-15
120000165,582,1213,-631
120000166,1606,844,762
120000167,74,95,-21
120000168,16,329,-313
120000169,40,931,-891
120000170,67,510,-443
120000171,21,150,-129
120000172,47,82,-35
120000173,2432,435,1997
120000174,1161,40,1121
120000175,572,19,553
120000176,431,50,381
120000177,1846,136,1710
120000178,244,6,238
120000179,517,30,487
120000180,1054,106,948
120000181,152,514,-362
120000182,67,277,-210
120000183,14,249,-235
120000184,164,971,-807
120000186,85,173,-88
120000187,51,120,-69
120000188,252,173,79
120000190,1625,21,1604
120000191,1630,38,1592
120000192,1576,12,1564
120000193,565,11,554
120000195,157,3,154
120000196,567,66,501
120000197,169,183,-14
120000198,165,105,60
120000199,119,1,118
120000200,101,2,99
120000201,17,35,-18
120000202,2,62,-60
120000203,47,287,-240
120000207,5,108,-103
120000208,6,311,-305
120000209,4,90,-86
120000210,155,112,43
120000211,123,3,120
120000212,173,2,171
120000213,125,492,-367
120000214,2,436,-434
120000215,4,197,-193
120000216,72,33,39
120000217,806,1375,-569
120000218,241,1011,-770
120000219,9,597,-588
120000220,59,2113,-2054
120000225,1738,1,1737
120000226,411,7,404
120000227,968,56,912
120000228,7641,3626,4015
120000230,427,17,410
120000231,1396,2812,-1416
120000233,302,6,296
120000235,259,948,-689
120000236,1143,1,1142
120000237,3,1651,-1648
120000238,0,409,-409
120000241,1515,4391,-2876
120000412,1487,67,1420
120000413,255,270,-15
120000414,101,2,99
120000415,4,189,-185
120000416,108,11,97
120000417,0,78,-78
120000418,109,18,91
120000419,13,339,-326
120000420,49,58,-9
120000421,14509,7326,7183
120000422,152,1281,-1129
120000423,5,67,-62
120000424,73,221,-148
120000436,158,685,-527
120000437,177,177,0
120000438,4105,445,3660
120000439,213,614,-401
120000443,204,2,202
120000444,1665,806,859
120000445,1601,1291,310
120000446,863,277,586
120000447,268,2,266
120000449,107,6,101
120000450,7,268,-261
120000451,215,257,-42
120000452,179,5,174
120000453,1,428,-427
120000454,94,56,38
120000455,112,90,22
120000456,2843,4285,-1442
120000457,1379,815,564
120000458,700,984,-284
120000459,85,84,1
120000665,1649,256,1393
120000668,125,379,-254
120000669,60,245,-185
120000670,248,428,-180
120000671,1246,575,671
120000672,143,773,-630
120900001,74,98,-24
120900002,616,613,3
120900003,453,40,413
120900004,14,90,-76
120900005,98,1145,-1047
120900006,476,240,236
120900007,185,153,32
120900008,312,1721,-1409
120900009,737,55,682
120900010,446,107,339
120900011,417,219,198
120900012,756,1362,-606
120900013,345,117,228
120900014,5,773,-768
120900015,826,100,726
120900016,891,83,808
120900017,3051,142,2909
120900018,145,625,-480
120900019,778,275,503
120900020,1146,1422,-276
120900021,733,228,505
120900022,36,396,-360
120900023,326,57,269
120900024,2336,704,1632
120900025,2153,1142,1011
120900026,298,266,32
120900027,951,30,921
120900028,384,101,283
120900029,233,499,-266
120900030,1302,879,423
120900031,294,105,189
120900032,1040,150,890
120900033,1238,79,1159
120900034,20,2572,-2552
120900035,36,112,-76
120900037,342,16,326
120900038,78,291,-213
120900039,128,64,64
120900040,321,6,315
120900041,184,58,126
120900042,654,65,589
120900043,62,39,23
120900044,19,448,-429
120900045,162,143,19
120900046,433,7,426
120900047,201,131,70
120900048,117,34,83
120900049,468,2,466
120900050,2813,1549,1264
120900051,357,150,207
120900052,749,8,741
120900053,249,104,145
120900054,2086,810,1276
120900055,346,4,342
120900056,455,22,433
120900057,115,15,100
120900058,550,4,546
120900059,95,2,93
120900060,88,35,53
120900061,321,391,-70
120900062,278,3,275
120900063,523,5,518
120900064,554,3,551
120900065,453,1,452
120900066,275,307,-32
120900067,269,125,144
120900068,293,0,293
120900069,239,63,176
120900071,8,1,7
120900072,755,4,751
120900073,483,235,248
120900074,798,93,705
120900076,390,0,390
120900077,4239,511,3728
120900078,759,1177,-418
120900079,704,154,550
120900080,795,2337,-1542
120900081,972,1136,-164
120900082,787,606,181
120900083,98,3,95
120900084,288,456,-168
120900085,121,187,-66
120900086,161,398,-237
120900087,480,389,91
120900088,187,428,-241
120900089,4868,2690,2178
120900090,178,194,-16
120900091,722,869,-147
120900092,2066,767,1299
120900093,3008,268,2740
120900094,619,261,358
120900095,1011,54,957
120900096,60,270,-210
120900097,886,909,-23
120900098,550,339,211
120900099,74,118,-44
120900100,169,427,-258
120900101,1076,415,661
120900102,51,103,-52
120900103,81,250,-169
120900104,41,58,-17
120900105,58,741,-683
120900106,1822,790,1032
120900107,307,210,97
120900108,3,933,-930
120900109,54,891,-837
120900110,14,992,-978
120900111,192,533,-341
120900112,13,1094,-1081
120900113,48,1267,-1219
120900114,78,262,-184
120900115,201,266,-65
120900116,423,713,-290
120900117,5,653,-648
120900118,2,1036,-1034
120900119,4209,6818,-2609
120900120,102,859,-757
120900121,319,735,-416
120900122,554,761,-207
120900123,7,526,-519
120900124,2,833,-831
120900125,18,1160,-1142
120900126,2217,1710,507
120900127,9,562,-553
120900128,1734,2123,-389
120900129,67,461,-394
120900130,11,494,-483
120900131,55,100,-45
120900132,807,389,418
120900133,278,1230,-952
120900134,1109,567,542
120900135,11,745,-734
120900136,49,115,-66
120900137,277,133,144
120900138,30,329,-299
120900139,4,957,-953
120900140,2,96,-94
120900141,246,214,32
120900142,30,850,-820
120900143,6,1153,-1147
120900144,3,237,-234
120900145,225,1085,-860
120900146,5,1461,-1456
120900147,2,615,-613
120900148,138,170,-32
120900149,2,402,-400
120900150,72,872,-800
120900151,2,774,-772
120900152,4,62,-58
120900153,28,141,-113
120900154,1,366,-365
120900155,203,1346,-1143
120900156,85,460,-375
120900157,76,355,-279
120900158,85,758,-673
120900159,119,380,-261
120900160,39,793,-754
120900161,24,611,-587
120900162,29,768,-739
120900163,23,473,-450
120900164,2,4,-2
120900165,8,14,-6
120900166,177,413,-236
120900167,549,229,320
120900169,70,598,-528
120900170,2172,2952,-780
120900171,1481,476,1005
120900172,1971,615,1356
120900173,0,73,-73
120900174,9,131,-122
120900175,361,250,111
120900176,14,421,-407
120900177,3,1194,-1191
120900178,1,451,-450
120900179,1369,756,613
120900180,115,146,-31
120900181,126,58,68
120900182,27,310,-283
120900183,244,138,106
120900184,168,125,43
120900185,9,438,-429
120900186,0,630,-630
120900187,573,1076,-503
120900188,166,19,147
120900189,211,1206,-995
120900190,93,22,71
120900191,7,34,-27
120900192,13976,7177,6799
120900194,49,92,-43
120900195,204,361,-157
120900196,900,41,859
120900197,699,157,542
120900198,311,773,-462
120900199,363,473,-110
120900200,87,145,-58
120900201,656,223,433
120900202,1,185,-184
120900203,42,76,-34
120900204,168,368,-200
120900205,73,69,4
120900206,32,26,6
120900207,96,1945,-1849
121000001,922,1255,-333
121000002,2676,1716,960
121000003,3761,2245,1516
121000004,3179,5077,-1898
121000005,2284,3309,-1025
121000006,4218,1784,2434
121000007,3029,3265,-236
121000008,6531,4036,2495
121000009,6867,6551,316
121000010,9668,6745,2923
121000011,12238,15523,-3285
121000012,20983,13221,7762
121000013,5765,9045,-3280
121000014,7588,7221,367
121000015,5439,8248,-2809
121000016,5140,4096,1044
121000017,2685,5016,-2331
121000018,3063,2086,977
121000019,24639,14902,9737
121000020,17314,18640,-1326
121000021,3859,3684,175
121000022,3066,3229,-163
121000023,5356,3874,1482
121000024,5423,5332,91
121000025,710,1650,-940
121000026,328,140,188
121000027,1704,1297,407
121000028,916,628,288
121000029,1387,904,483
121000030,764,615,149
121000031,762,794,-32
121000032,306,131,175
121000034,621,225,396
121000035,252,123,129
121000036,1224,1165,59
121000037,671,627,44
121000038,735,1103,-368
121000039,387,605,-218
121000041,750,518,232
121000042,347,567,-220
121000043,855,645,210
121000044,1873,1052,821
121000045,606,405,201
121000046,851,1090,-239
121000047,436,106,330
121000049,2500,721,1779
121000050,398,1237,-839
121000051,946,361,585
121000052,647,754,-107
121000053,450,108,342
121000054,60,454,-394
121000055,1510,1344,166
121000056,800,1120,-320
121000057,385,709,-324
121000058,459,225,234
121000059,2402,1515,887
121000060,689,1162,-473
121000061,191,291,-100
121000062,226,399,-173
121000063,874,774,100
121000064,751,1071,-320
121000065,517,603,-86
121000066,851,719,132
121000067,1003,572,431
121000068,929,474,455
121000069,1119,778,341
121000070,2561,1551,1010
121000071,1787,1588,199
121000072,1697,883,814
121000073,1426,1015,411
121000074,138,165,-27
121000075,72,397,-325
121000076,1644,504,1140
121000077,139,163,-24
121000078,114,172,-58
121000080,2840,818,2022
121000081,4322,3424,898
121000082,111,318,-207
121000083,229,181,48
121000084,184,168,16
121000085,368,654,-286
121000086,220,991,-771
121000087,95,453,-358
121000088,523,658,-135
121000089,628,512,116
121000090,786,459,327
121000091,1968,1020,948
121000092,232,104,128
121000093,228,297,-69
121000094,619,848,-229
121000095,394,689,-295
121000096,2590,3006,-416
121000097,1585,2561,-976
121000098,709,1419,-710
121000099,886,1010,-124
121000100,1101,568,533
121000101,393,339,54
121000102,359,370,-11
121000103,248,346,-98
121000104,309,186,123
121000105,491,305,186
121000106,374,499,-125
121000107,2481,3926,-1445
121000109,1685,1236,449
121000110,487,806,-319
121000114,3007,2527,480
121000115,1171,828,343
121000116,333,1154,-821
121000117,930,301,629
121000118,1559,306,1253
121000119,417,517,-100
121000120,297,528,-231
121000121,770,1236,-466
121000123,2524,712,1812
121000126,156,323,-167
121000127,279,135,144
121000128,1140,583,557
121000129,992,713,279
121000130,642,1056,-414
121000131,3458,2377,1081
121000132,2349,2060,289
121000135,708,1102,-394
121000136,2421,884,1537
121000137,700,343,357
121000138,1637,1048,589
121000139,972,272,700
121000141,417,241,176
121000142,1136,1083,53
121000143,220,52,168
121000144,1497,2352,-855
121000145,725,1470,-745
121000146,1460,969,491
121000147,1279,553,726
121000148,1246,1387,-141
121000149,2565,1728,837
121000152,547,709,-162
121000153,2043,822,1221
121000154,976,891,85
121000155,1576,1248,328
121000156,509,1167,-658
121000157,1308,2319,-1011
121000158,489,660,-171
121000159,200,516,-316
121000160,299,569,-270
121000161,259,418,-159
121000162,132,328,-196
121000165,1959,2075,-116
121000166,23,1041,-1018
121000168,492,361,131
121000169,114,200,-86
121000170,348,166,182
121000171,89,186,-97
121000172,808,631,177
121000173,1558,1292,266
121000174,405,465,-60
121000175,945,450,495
121000176,497,284,213
121000177,1285,770,515
121000178,124,77,47
121000179,271,82,189
121000181,566,517,49
121000182,162,218,-56
121000183,66,80,-14
121000184,682,86,596
121000185,53,184,-131
121000186,252,508,-256
121000187,167,252,-85
121000188,231,279,-48
121000192,969,448,521
121000193,811,638,173
121000194,2846,2585,261
121000195,343,988,-645
121000196,900,254,646
121000197,314,782,-468
121000198,296,127,169
121000199,207,486,-279
121000200,637,114,523
121000201,3,246,-243
121000202,982,165,817
121000203,1232,2695,-1463
121000204,2934,900,2034
121000205,299,313,-14
121000206,228,27,201
121000207,2904,460,2444
121000208,10,490,-480
121000209,466,400,66
121000210,646,524,122
121000211,324,199,125
121000212,375,810,-435
121000213,10344,3334,7010
121000214,850,2900,-2050
121000215,1287,970,317
121000216,567,798,-231
121000217,5586,2943,2643
121000218,486,1722,-1236
121000219,1820,453,1367
121000220,280,76,204
121000221,200,241,-41
121000222,3035,2490,545
121000223,964,494,470
121000224,474,239,235
121000225,2362,1777,585
121000226,6212,1234,4978
121000227,10,212,-202
121000228,36,654,-618
121000229,341,374,-33
121000230,71,1766,-1695
121000231,1140,44,1096
121000232,430,345,85
121000233,742,468,274
121000234,35,40,-5
121000235,71,67,4
121000236,11,53,-42
121000237,37,15,22
121000238,8,110,-102
121000239,38,5,33
121000240,23,247,-224
121000241,169,18,151
121000242,52,229,-177
121000243,469,205,264
121000244,11,67,-56
121000245,85,47,38
121000246,5,104,-99
121000247,146,6,140
121000248,1482,489,993
121000249,151,312,-161
121000250,943,168,775
121000251,23,595,-572
121000252,106,81,25
121000253,551,521,30
121000254,738,326,412
121000255,386,208,178
121000256,902,209,693
121000257,102,72,30
121000258,192,48,144
121000259,95,65,30
121000260,161,140,21
121000261,210,79,131
121000262,1192,1309,-117
121000263,516,583,-67
121000271,346,1831,-1485
121000273,125,4,121
121000274,17,38,-21
121000275,6,18,-12
121000276,5,10,-5
121000278,68,51,17
121000279,77,7,70
121000280,131,55,76
121000289,245,24,221
121000290,1422,962,460
121000294,177,200,-23
121000297,926,1437,-511
121000299,324,374,-50
121000300,881,729,152
121000302,98,1397,-1299
121000303,569,473,96
121000304,550,63,487
121000305,191,50,141
121000306,103,133,-30
121000308,185,481,-296
121000309,467,602,-135
121000310,146,357,-211
121000311,93,867,-774
121000312,336,253,83
121000313,403,611,-208
121000314,162,159,3
121000315,77,133,-56
121000530,1595,1539,56
121000531,1904,1658,246
121000532,7707,8071,-364
121000533,3434,3987,-553
121000918,128,222,-94
121000919,62,74,-12
121000938,136,168,-32
121000939,241,173,68
121000956,1664,1509,155
121000957,12,15,-3
121000958,147,45,102
121000959,852,1031,-179
121000960,3126,2613,513
121000961,206,167,39
121000962,263,740,-477
121000973,1,164,-163
121000976,31,280,-249
121000979,482,204,278
121000981,370,320,50
121000982,363,169,194
121000983,582,499,83
121000984,45,86,-41
121000985,788,691,97
121000986,325,302,23
121000987,281,1186,-905
121000988,824,144,680
121001302,435,200,235
121001308,3,7,-4
121001309,118,110,8
121001311,0,0,0
121001313,322,294,28
121001314,2924,3875,-951
121001315,5194,2960,2234
121001318,0,0,0
121900001,91,238,-147
121900002,59,31,28
121900003,465,19,446
121900004,202,516,-314
121900005,73,64,9
121900006,132,28,104
121900007,2352,2772,-420
121900008,2207,759,1448
121900009,601,27,574
121900010,248,6,242
121900011,493,603,-110
121900012,13,1,12
121900013,2153,137,2016
121900014,1381,489,892
121900015,241,253,-12
121900016,8,67,-59
121900017,478,532,-54
121900018,438,9,429
121900019,576,341,235
121900020,22,2,20
121900021,841,34,807
121900022,323,250,73
121900023,200,433,-233
121900024,458,154,304
121900025,781,493,288
121900026,436,70,366
121900027,479,209,270
121900028,346,24,322
121900029,207,272,-65
121900030,593,669,-76
121900031,1381,7164,-5783
121900032,109,98,11
121900033,208,215,-7
121900034,421,121,300
121900035,3059,2690,369
121900036,77,325,-248
121900037,202,703,-501
121900038,35,207,-172
121900039,536,45,491
121900040,97,130,-33
121900041,96,220,-124
121900042,366,155,211
121900043,4,10,-6
121900044,245,81,164
121900046,475,369,106
121900047,199,79,120
121900048,68,173,-105
121900050,35,71,-36
121900051,191,220,-29
121900052,194,48,146
121900053,624,384,240
121900054,544,938,-394
121900055,12,21,-9
121900058,226,163,63
121900059,521,246,275
121900060,154,359,-205
121900061,824,206,618
121900062,221,142,79
121900063,1536,551,985
121900064,350,691,-341
121900066,48,28,20
121900067,63,71,-8
121900069,200,200,0
121900070,318,123,195
121900071,362,297,65
121900072,54,214,-160
121900073,335,226,109
121900074,988,1215,-227
121900075,573,472,101
121900076,455,642,-187
121900077,29,46,-17
121900078,169,45,124
121900079,1,0,1
121900080,1059,556,503
121900082,59,122,-63
121900084,21,236,-215
121900085,6,28,-22
121900086,21,57,-36
121900087,206,128,78
121900088,2464,3798,-1334
121900089,183,502,-319
121900090,33,161,-128
121900091,50,177,-127
121900092,74,108,-34
121900093,101,64,37
121900094,19,4,15
121900095,294,137,157
121900096,1609,977,632
121900097,635,241,394
121900098,7,9,-2
121900099,243,73,170
121900100,401,588,-187
121900101,191,151,40
121900102,30,204,-174
121900103,852,292,560
121900104,1880,422,1458
121900105,305,206,99
121900106,6,13,-7
121900107,65,43,22
121900108,6,60,-54
121900109,368,153,215
121900110,562,1071,-509
121900111,1272,229,1043
121900112,172,149,23
121900113,61,409,-348
121900114,106,159,-53
121900117,447,109,338
121900118,2214,680,1534
121900119,137,163,-26
121900120,58,1871,-1813
121900121,679,77,602
121900122,32,83,-51
121900123,260,522,-262
121900124,127,181,-54
121900125,1844,1297,547
121900127,15,120,-105
121900128,131,119,12
121900129,1013,217,796
121900130,147,379,-232
121900131,280,112,168
121900132,79,147,-68
121900133,124,768,-644
121900134,54,180,-126
121900135,2394,337,2057
121900136,330,468,-138
121900137,74,480,-406
121900138,154,231,-77
121900139,413,583,-170
121900140,92,284,-192
121900141,73,51,22
121900142,242,207,35
121900143,27,192,-165
121900144,187,334,-147
121900145,169,239,-70
121900146,767,944,-177
121900147,109,188,-79
121900148,242,365,-123
121900149,368,735,-367
121900150,79,168,-89
121900151,129,309,-180
121900152,105,171,-66
121900153,152,774,-622
121900154,43,323,-280
121900155,4,174,-170
121900156,211,146,65
121900157,2,467,-465
121900158,108,113,-5
121900159,0,307,-307
121900160,24,333,-309
121900161,534,457,77
121900162,83,229,-146
121900163,363,721,-358
121900164,529,222,307
121900165,308,212,96
121900166,283,199,84
121900167,126,102,24
121900168,210,271,-61
121900169,5,302,-297
121900170,7,277,-270
121900171,827,703,124
121900172,534,282,252
121900173,966,272,694
121900174,55,109,-54
121900175,207,258,-51
121900176,615,1708,-1093
121900177,242,96,146
121900178,48,69,-21
121900179,420,176,244
121900180,4992,4954,38
121900182,794,320,474
121900183,837,961,-124
121900184,84,622,-538
121900186,17,404,-387
121900187,48,207,-159
121900188,569,574,-5
121900189,40,162,-122
121900190,301,534,-233
121900191,104,208,-104
121900192,414,705,-291
121900193,44,205,-161
121900194,5,177,-172
121900195,135,129,6
121900196,1092,1248,-156
121900197,382,1859,-1477
121900198,1248,1101,147
121900199,5,12,-7
121900200,105,306,-201
121900201,1608,984,624
121900202,196,715,-519
121900203,351,1161,-810
121900204,1015,1244,-229
121900205,23,124,-101
121900206,13,19,-6
121900207,180,64,116
121900208,314,337,-23
121900209,62,45,17
121900210,1506,1356,150
121900211,240,364,-124
121900212,157,161,-4
121900213,229,114,115
121900214,6,566,-560
121900215,60,140,-80
121900216,58,178,-120
121900217,251,150,101
121900218,251,509,-258
121900220,218,17,201
121900221,306,807,-501
121900222,204,192,12
121900223,219,57,162
121900224,117,63,54
121900225,153,111,42
121900226,352,1032,-680
121900227,222,625,-403
121900228,269,415,-146
121900230,124,326,-202
121900231,577,1890,-1313
121900232,357,353,4
121900233,233,294,-61
121900234,298,358,-60
121900235,700,242,458
121900236,424,178,246
121900237,194,265,-71
121900238,171,291,-120
121900239,215,38,177
121900240,300,143,157
121900241,60,110,-50
121900242,6,0,6
121900243,15,0,15
121900244,26,1,25
121900245,219,113,106
121900246,2313,389,1924
121900247,396,349,47
121900248,1823,1403,420
121900250,366,319,47
121900251,406,43,363
121900252,692,152,540
121900253,193,819,-626
121900254,640,282,358
121900255,314,147,167
121900258,3805,2732,1073
121900259,496,629,-133
121900260,149,239,-90
121900261,255,648,-393
121900262,497,976,-479
121900263,290,344,-54
121900264,2154,1811,343
121900265,368,281,87
121900266,457,230,227
121900267,119,42,77
121900269,248,670,-422
121900270,19,274,-255
121900271,59,203,-144
121900273,570,2043,-1473
121900274,323,333,-10
121900277,812,1231,-419
121900278,127,1134,-1007
121900279,194,212,-18
121900280,216,341,-125
121900281,681,473,208
121900284,139,16,123
121900286,227,157,70
121900287,17,31,-14
121900288,8,1,7
121900290,249,377,-128
121900291,469,698,-229
121900292,182,131,51
121900293,1183,3270,-2087
121900294,320,3,317
121900295,181,271,-90
121900296,138,173,-35
121900298,268,773,-505
121900299,0,1,-1
121900300,230,5,225
121900301,63,3,60
121900302,4,46,-42
121900303,426,340,86
121900304,4,15,-11
121900305,24,9,15
121900306,166,1,165
121900307,119,18,101
121900308,20,361,-341
121900309,25,337,-312
121900310,44,577,-533
121900311,426,35,391
121900312,355,20,335
121900313,460,24,436
121900314,6,64,-58
121900315,7,0,7
121900316,0,20,-20
121900317,13,8,5
121900318,1,22,-21
121900319,27,122,-95
121900320,51,125,-74
121900321,34,4,30
121900322,2,43,-41
121900323,21,23,-2
121900324,8,112,-104
121900325,16,3,13
121900326,9,26,-17
121900327,16,91,-75
121900328,1,57,-56
121900329,4,261,-257
121900330,0,21,-21
121900331,56,13,43
121900332,116,47,69
121900333,44,4,40
121900334,48,56,-8
122000001,2958,5281,-2323
122000002,5445,1908,3537
122000003,2569,3259,-690
122000004,3697,1953,1744
122000005,3032,2045,987
122000006,2310,989,1321
122000007,1447,1992,-545
122000008,5579,5997,-418
122000009,538,468,70
122000010,2375,3168,-793
122000011,4011,1923,2088
122000012,1533,1687,-154
122000013,1635,1127,508
122000014,1691,1452,239
122000015,1708,1206,502
122000016,637,1009,-372
122000017,1223,1206,17
122000018,1669,1328,341
122000019,888,1331,-443
122000020,292,270,22
122000021,411,535,-124
122000022,1499,1295,204
122000023,807,2115,-1308
122000024,799,1262,-463
122000025,1409,1655,-246
122000026,1346,1074,272
122000027,633,2758,-2125
122000028,950,554,396
122000029,540,556,-16
122000030,395,179,216
122000031,277,313,-36
122000032,1871,2370,-499
122000033,884,1348,-464
122000034,981,671,310
122000035,390,910,-520
122000036,622,647,-25
122000037,385,244,141
122000038,253,380,-127
122000039,729,516,213
122000040,388,389,-1
122000041,615,614,1
122000042,419,517,-98
122000043,132,142,-10
122000044,134,192,-58
122000045,1405,502,903
122000046,865,869,-4
122000047,364,270,94
122000048,4088,5064,-976
122000049,7021,3166,3855
122000050,1846,940,906
122000051,386,308,78
122000052,605,385,220
122000053,167,756,-589
122000054,2842,2225,617
122000055,2750,3165,-415
122000056,5680,4036,1644
122000057,3922,3903,19
122000058,3393,1373,2020
122000059,3656,1827,1829
122000060,885,792,93
122000061,720,543,177
122000062,1267,435,832
122000063,1661,813,848
122000064,3857,3120,737
122000065,4971,2989,1982
122000066,1282,1037,245
122000067,1999,1222,777
122000068,1475,1303,172
122000069,821,823,-2
122000070,766,2388,-1622
122000071,1436,1544,-108
122000072,430,458,-28
122000073,440,723,-283
122000074,3350,1958,1392
122000075,877,1484,-607
122000076,2557,1329,1228
122000077,1456,836,620
122000078,2777,2662,115
122000079,1731,1334,397
122000080,1124,446,678
122000081,290,315,-25
122000082,1028,903,125
122000083,1696,2684,-988
122000084,1490,1045,445
122000085,383,1506,-1123
122000086,2574,5521,-2947
122000087,683,247,436
122000088,554,550,4
122000089,6847,2990,3857
122000090,300,535,-235
122000091,291,104,187
122000092,223,33,190
122000093,2118,1565,553
122000094,7562,2902,4660
122000095,4171,4304,-133
122000096,3308,2048,1260
122000098,4215,2379,1836
122000099,2379,723,1656
122000100,1095,698,397
122000101,407,911,-504
122000102,2206,1334,872
122000103,2783,2048,735
122000104,530,231,299
122000105,714,290,424
122000106,577,747,-170
122000107,1185,536,649
122000108,590,939,-349
122000109,423,445,-22
122000110,579,600,-21
122000111,3206,1306,1900
122000112,966,1688,-722
122000113,676,696,-20
122000114,3926,1604,2322
122000115,2064,1639,425
122000116,563,728,-165
122000117,1404,524,880
122000118,599,962,-363
122000119,4276,3078,1198
122000120,3030,5267,-2237
122000121,3536,3715,-179
122000122,1102,2229,-1127
122000123,2600,2469,131
122000124,1272,733,539
122000125,782,937,-155
122000126,827,1540,-713
122000127,1559,1624,-65
122000128,672,1024,-352
122000129,471,1657,-1186
122000130,4029,1772,2257
122000131,2196,1747,449
122000132,1061,826,235
122000133,1145,1896,-751
122000134,1015,924,91
122000135,936,907,29
122000136,981,915,66
122000137,1907,1030,877
122000139,1583,3703,-2120
122000140,1208,720,488
122000141,4817,1085,3732
122000142,558,912,-354
122000143,826,818,8
122000144,2236,1691,545
122000145,1679,1060,619
122000146,818,1342,-524
122000147,954,526,428
122000148,2491,2296,195
122000149,2730,1870,860
122000150,1511,1201,310
122000151,233,455,-222
122000152,492,557,-65
122000153,458,351,107
122000154,341,235,106
122000155,1689,2996,-1307
122000156,2688,2625,63
122000157,1755,2072,-317
122000158,452,694,-242
122000159,1378,2077,-699
122000160,5483,3073,2410
122000161,1530,1305,225
122000162,2885,2306,579
122000163,323,123,200
122000164,41,85,-44
122000165,1066,719,347
122000166,1168,1204,-36
122000167,299,277,22
122000168,210,579,-369
122000169,637,246,391
122000170,332,305,27
122000171,48,104,-56
122000172,1934,1571,363
122000173,1741,2474,-733
122000174,2753,990,1763
122000175,1294,361,933
122000176,319,753,-434
122000177,1723,1678,45
122000178,3141,2641,500
122000179,1827,2657,-830
122000180,1982,1435,547
122000181,2199,3448,-1249
122000182,2521,1958,563
122000183,2406,1188,1218
122000184,3290,2325,965
122000185,1595,1438,157
122000186,608,922,-314
122000187,1988,1194,794
122000188,483,242,241
122000189,303,394,-91
122000190,1095,1228,-133
122000191,852,854,-2
122000192,1412,381,1031
122000193,466,745,-279
122000194,848,228,620
122000195,211,587,-376
122000196,1528,750,778
122000197,680,775,-95
122000198,596,1022,-426
122000199,417,411,6
122000200,1277,698,579
122000201,1588,1540,48
122000202,1459,1405,54
122000203,3097,1612,1485
122000204,2142,2362,-220
122000205,1968,1674,294
122000206,2686,1088,1598
122000207,2308,1632,676
122000208,2512,1740,772
122000209,2221,451,1770
122000210,2761,1895,866
122000211,1679,1246,433
122000212,983,670,313
122000213,1314,1574,-260
122000214,2268,1869,399
122000215,1804,1818,-14
122000217,2029,1540,489
122000218,728,83,645
122000219,1493,1097,396
122000220,471,889,-418
122000221,105,499,-394
122000222,655,167,488
122000223,1517,665,852
122000225,987,395,592
122000226,3033,2108,925
122000227,464,2840,-2376
122000228,545,451,94
122000229,41,609,-568
122000230,72,646,-574
122000231,376,1005,-629
122000232,892,1261,-369
122000233,1,121,-120
122000234,426,167,259
122000235,1082,203,879
122000236,1296,215,1081
122000237,189,106,83
122000238,400,367,33
122000239,747,177,570
122000240,1341,792,549
122000241,1978,583,1395
122000242,1133,213,920
122000243,389,86,303
122000244,71,606,-535
122000245,108,283,-175
122000246,478,234,244
122000247,744,922,-178
122000248,1658,2123,-465
122000249,1359,1010,349
122000250,2582,1435,1147
122000251,382,571,-189
122000252,668,176,492
122000253,75,350,-275
122000254,345,137,208
122000255,1054,2119,-1065
122000256,524,1316,-792
122000257,200,349,-149
122000258,290,345,-55
122000259,19,535,-516
122000260,4,103,-99
122000261,17,234,-217
122000262,1,75,-74
122000263,431,121,310
122000264,1374,442,932
122000265,2903,967,1936
122000266,5180,787,4393
122000267,181,130,51
122000268,192,449,-257
122000269,1098,357,741
122000270,904,195,709
122000271,398,1263,-865
122000272,405,1160,-755
122000273,609,509,100
122000274,237,245,-8
122000275,178,267,-89
122000276,1059,710,349
122000277,1442,1711,-269
122000278,2069,1032,1037
122000279,244,602,-358
122000280,1100,994,106
122000281,1051,870,181
122000282,308,294,14
122000283,806,130,676
122000284,229,115,114
122000285,784,125,659
122000286,174,206,-32
122000287,1638,1652,-14
122000288,824,327,497
122000291,2018,911,1107
122000293,266,310,-44
122000294,190,327,-137
122000295,1658,264,1394
122000296,37,721,-684
122000297,3178,3312,-134
122000299,487,493,-6
122000300,573,648,-75
122000301,12053,3802,8251
122000302,1185,1754,-569
122000303,4059,1752,2307
122000304,132,296,-164
122000305,1333,347,986
122000306,36,774,-738
122000307,164,191,-27
122000309,82,76,6
122000310,37,97,-60
122000311,359,184,175
122000312,202,162,40
122000313,167,91,76
122000314,140,235,-95
122000315,319,74,245
122000316,806,286,520
122000317,1479,272,1207
122000318,357,982,-625
122000319,305,518,-213
122000320,450,1864,-1414
122000321,101,288,-187
122000322,2573,2490,83
122000323,1634,2497,-863
122000324,1237,1265,-28
122000325,924,1713,-789
122000326,82,103,-21
122000327,682,1065,-383
122000328,1294,895,399
122000330,2386,915,1471
122000332,331,498,-167
122000333,9,133,-124
122000337,1099,1815,-716
122000338,543,516,27
122000340,471,478,-7
122000342,2361,1180,1181
122000343,555,1491,-936
122000344,113,37,76
122000345,126,47,79
122000346,476,612,-136
122000348,823,1030,-207
122000349,150,1024,-874
122000351,147,222,-75
122000352,570,157,413
122000353,120,127,-7
122000355,176,262,-86
122000356,1644,1313,331
122000357,127,31,96
122000358,1,81,-80
122000359,0,34,-34
122000360,1,72,-71
122000362,10,115,-105
122000364,193,423,-230
122000365,3,53,-50
122000366,6,10,-4
122000368,605,771,-166
122000370,54,64,-10
122000371,37,0,37
122000372,11,0,11
122000381,115,370,-255
122000382,93,277,-184
122000384,3193,1491,1702
122000385,81,0,81
122000386,610,1465,-855
122000387,669,640,29
122000388,1728,767,961
122000389,236,685,-449
122000390,587,303,284
122000391,425,208,217
122000392,233,247,-14
122000393,305,196,109
122000394,808,439,369
122000395,266,217,49
122000396,352,124,228
122000397,61,68,-7
122000398,17,55,-38
122000399,157,131,26
122000400,168,658,-490
122000401,151,117,34
122000402,334,135,199
122000403,548,937,-389
122000404,205,358,-153
122000408,994,1259,-265
122000503,25,106,-81
122000524,226,143,83
122000544,145,3260,-3115
122000616,405,6,399
122000640,83,158,-75
122000641,120,362,-242
122000642,1722,1252,470
122000643,81,152,-71
122000644,208,32,176
122000645,131,283,-152
122000651,1920,942,978
122000664,223,66,157
122000665,1396,699,697
122000666,762,1351,-589
122000673,78,344,-266
122000674,223,76,147
122000675,2161,1326,835
122000686,518,1301,-783
122000687,1739,449,1290
122000688,360,783,-423
122000689,1161,653,508
122000690,2042,683,1359
122000691,694,2204,-1510
122000692,1603,652,951
122000693,668,2041,-1373
122000695,304,485,-181
122000696,461,472,-11
122000698,412,828,-416
122000699,260,191,69
122000701,1592,438,1154
122000702,533,1517,-984
122000703,162,74,88
122000712,0,0,0
122000717,223,107,116
122000718,455,917,-462
122000719,141,140,1
122000720,592,383,209
122000724,152,22,130
122900001,37,8,29
122900002,1607,5310,-3703
122900003,524,69,455
122900004,891,50,841
122900005,130,46,84
122900006,1852,395,1457
122900007,182,133,49
122900008,1110,81,1029
122900009,1105,599,506
122900010,298,192,106
122900012,292,457,-165
122900014,238,394,-156
122900015,2688,1230,1458
122900016,186,323,-137
122900017,620,979,-359
122900018,250,21,229
122900019,15,207,-192
122900020,468,480,-12
122900021,37,854,-817
122900022,908,1019,-111
122900023,633,378,255
122900024,170,156,14
122900025,26,267,-241
122900026,95,431,-336
122900027,91,820,-729
122900028,136,289,-153
122900029,4932,3168,1764
122900030,1312,641,671
122900031,106,263,-157
122900032,149,460,-311
122900033,357,171,186
122900034,4668,5825,-1157
122900035,42,32,10
122900036,79,154,-75
122900037,403,158,245
122900038,189,3610,-3421
122900039,157,572,-415
122900040,427,509,-82
122900041,423,309,114
122900042,226,395,-169
122900043,477,250,227
122900044,102,423,-321
122900045,109,125,-16
122900046,335,162,173
122900047,213,195,18
122900048,70,308,-238
122900049,1822,192,1630
122900051,121,168,-47
122900052,96,207,-111
122900053,16,29,-13
122900055,496,183,313
122900057,360,93,267
122900061,573,292,281
122900062,739,999,-260
122900063,219,374,-155
122900064,1511,577,934
122900065,579,285,294
122900066,868,480,388
122900067,1475,998,477
122900068,150,403,-253
122900069,348,2276,-1928
122900070,363,66,297
122900071,170,500,-330
122900072,35,705,-670
122900073,34,278,-244
122900074,931,812,119
122900075,1,105,-104
122900076,11,202,-191
122900077,10,187,-177
122900078,350,196,154
122900080,53,38,15
122900081,396,227,169
122900082,1091,289,802
122900083,241,217,24
122900084,14,269,-255
122900086,29,126,-97
122900087,465,621,-156
122900088,43,180,-137
122900089,78,225,-147
122900090,17,602,-585
122900091,257,0,257
122900092,0,198,-198
122900093,0,286,-286
122900094,7,246,-239
122900095,162,13,149
122900096,379,226,153
122900097,45,28,17
122900098,100,139,-39
122900099,68,17,51
122900100,846,246,600
122900101,668,335,333
122900102,43,49,-6
122900103,164,20,144
122900104,222,31,191
122900105,12,9,3
122900106,6,142,-136
122900107,6,250,-244
122900108,8,246,-238
123000001,1953,520,1433
123000002,5166,5368,-202
123000003,4135,4238,-103
123000004,3697,4452,-755
123000005,2897,3189,-292
123000006,2766,3103,-337
123000007,4400,3217,1183
123000008,3444,3997,-553
123000009,5803,3560,2243
123000010,4328,4272,56
123000011,2673,939,1734
123000012,1042,2491,-1449
123000013,4219,996,3223
123000014,1080,4090,-3010
123000015,5148,1294,3854
123000016,5709,4786,923
123000017,3552,2184,1368
123000018,73,165,-92
123000019,319,332,-13
123000020,191,133,58
123000021,95,409,-314
123000022,519,2996,-2477
123000023,1649,1780,-131
123000024,1805,673,1132
123000025,349,318,31
123000026,53,90,-37
123000027,894,481,413
123000028,2624,438,2186
123000029,2327,811,1516
123000030,322,518,-196
123000031,293,370,-77
123000032,400,275,125
123000033,322,90,232
123000034,1649,1334,315
123000035,399,454,-55
123000036,333,1152,-819
123000037,242,338,-96
123000038,102,237,-135
123000039,444,1547,-1103
123000040,1050,412,638
123000041,1391,1400,-9
123000042,1067,717,350
123000043,3960,9955,-5995
123000044,5946,3017,2929
123000045,11406,3776,7630
123000046,1091,1779,-688
123000047,3254,1366,1888
123000048,66,733,-667
123000049,8604,10129,-1525
123000050,1645,1733,-88
123000051,117,210,-93
123000052,944,3771,-2827
123000053,3119,4094,-975
123000054,1391,1783,-392
123000055,1314,2119,-805
123000056,1572,2210,-638
123000057,17968,8840,9128
123000058,901,1207,-306
123000059,650,652,-2
123000060,1009,408,601
123000061,264,825,-561
123000063,1054,1142,-88
123000064,1230,348,882
123000065,5988,3466,2522
123000066,988,773,215
123000067,1228,900,328
123000068,3385,3483,-98
123000069,8158,4046,4112
123000070,347,810,-463
123000071,1115,1331,-216
123000072,1237,1226,11
123000073,1305,988,317
123000074,1176,1562,-386
123000075,380,1228,-848
123000076,880,1086,-206
123000077,2316,3320,-1004
123000078,1796,2042,-246
123000079,1580,2410,-830
123000080,2511,2321,190
123000081,204,515,-311
123000082,435,1249,-814
123000083,1198,274,924
123000084,781,742,39
123000085,302,132,170
123000086,620,331,289
123000087,455,486,-31
123000088,1458,1087,371
123000089,588,1286,-698
123000090,1345,1079,266
123000091,1661,1754,-93
123000092,1140,1385,-245
123000094,580,336,244
123000095,578,741,-163
123000096,729,474,255
123000097,516,981,-465
123000098,849,701,148
123000099,812,886,-74
123000100,746,813,-67
123000101,837,761,76
123000102,654,777,-123
123000104,517,490,27
123000105,719,571,148
123000106,518,470,48
123000107,401,617,-216
123000108,825,1509,-684
123000111,1020,378,642
123000112,1211,739,472
123000113,640,1852,-1212
123000114,555,717,-162
123000115,321,342,-21
123000116,42,127,-85
123000117,1889,2613,-724
123000118,529,1212,-683
123000119,319,1141,-822
123000120,510,998,-488
123000121,548,718,-170
123000122,329,278,51
123000123,554,638,-84
123000124,521,561,-40
123000125,1251,1416,-165
123000126,1692,4700,-3008
123000127,1054,825,229
123000128,393,332,61
123000129,733,254,479
123000130,581,114,467
123000131,932,847,85
123000132,445,676,-231
123000133,403,416,-13
123000134,461,180,281
123000135,2600,1407,1193
123000136,355,1096,-741
123000137,123,409,-286
123000138,120,613,-493
123000139,547,167,380
123000140,167,980,-813
123000141,1022,199,823
123000142,1392,1404,-12
123000143,1653,2455,-802
123000144,29,36,-7
123000145,220,181,39
123000146,40,119,-79
123000147,137,125,12
123000149,462,441,21
123000150,175,267,-92
123000151,352,492,-140
123000152,120,517,-397
123000153,238,691,-453
123000154,2038,2430,-392
123000155,2710,1291,1419
123000156,59,170,-111
123000157,703,1054,-351
123000158,795,894,-99
123000159,3760,2937,823
123000160,1309,875,434
123000161,1895,1336,559
123000162,1084,2041,-957
123000163,453,120,333
123000164,1656,429,1227
123000165,427,2143,-1716
123000166,65,210,-145
123000167,188,350,-162
123000168,331,350,-19
123000169,914,224,690
123000170,110,290,-180
123000171,783,49,734
123000172,242,696,-454
123000173,663,398,265
123000174,1006,527,479
123000175,827,1668,-841
123000176,1386,356,1030
123000177,393,1253,-860
123000178,985,203,782
123000179,44,762,-718
123000180,1890,448,1442
123000181,405,2046,-1641
123000182,269,570,-301
123000183,231,525,-294
123000184,123,759,-636
123000185,824,539,285
123000186,16,819,-803
123000187,611,4,607
123000188,192,0,192
123000189,174,167,7
123000190,77,68,9
123000192,42,493,-451
123000193,72,1029,-957
123000194,504,430,74
123000195,348,35,313
123000196,380,76,304
123000197,81,186,-105
123000198,150,348,-198
123000199,50,736,-686
123000200,657,4,653
123000201,1250,31,1219
123000202,25,1259,-1234
123000203,1101,94,1007
123000204,116,1398,-1282
123000205,747,2449,-1702
123000206,2281,314,1967
123000207,119,1024,-905
123000208,733,219,514
123000209,2419,673,1746
123000210,650,2562,-1912
123000211,629,3113,-2484
123000212,3473,600,2873
123000213,857,95,762
123000215,145,216,-71
123000216,196,673,-477
123000217,252,57,195
123000218,101,696,-595
123000219,1064,156,908
123000220,593,151,442
123000221,228,162,66
123000222,503,534,-31
123000223,336,423,-87
123000224,508,645,-137
123000225,318,118,200
123000226,101,405,-304
123000227,147,420,-273
123000228,310,101,209
123000229,1199,1997,-798
123000232,148,721,-573
123000233,779,222,557
123000234,199,793,-594
123000235,1134,333,801
123000236,358,1035,-677
123000237,387,141,246
123000238,136,640,-504
123000239,581,1881,-1300
123000240,60,473,-413
123000241,621,128,493
123000242,160,212,-52
123000243,945,1026,-81
123000244,1380,873,507
123000245,99,238,-139
123000249,306,736,-430
123000252,899,294,605
123000253,1194,689,505
123000254,894,1297,-403
123000255,1304,1076,228
123000256,74,360,-286
123000257,3707,2651,1056
123000258,1184,1256,-72
123000259,366,564,-198
123000260,480,603,-123
123000261,256,232,24
123000262,130,228,-98
123000263,475,114,361
123000264,181,122,59
123000265,81,211,-130
123000266,659,882,-223
123000267,755,402,353
123000268,61,90,-29
123000269,46,69,-23
123000270,28,71,-43
123000271,89,68,21
123000272,798,314,484
123000273,285,753,-468
123000274,1274,687,587
123000275,393,1128,-735
123000278,3568,3180,388
123000279,106,123,-17
123000280,361,350,11
123000281,339,105,234
123000282,132,332,-200
123000283,127,65,62
123000284,82,133,-51
123000286,367,359,8
123000287,818,345,473
123000288,1683,883,800
123000289,529,1065,-536
123000291,361,1002,-641
123000294,228,286,-58
123000295,1220,1105,115
123000296,740,505,235
123000297,686,821,-135
123000298,692,671,21
123000299,45,224,-179
123000300,1176,974,202
123000301,156,270,-114
123000302,89,253,-164
123000303,105,157,-52
123000305,1128,979,149
123000306,194,222,-28
123000309,29,86,-57
123000310,50,59,-9
123000311,0,143,-143
123000312,816,1085,-269
123000313,581,470,111
123000315,94,413,-319
123000316,1517,139,1378
123000317,277,106,171
123000318,63,259,-196
123000329,15,14,1
123000337,956,289,667
123000338,1300,83,1217
123000339,228,193,35
123000340,144,508,-364
123000342,35,143,-108
123000343,55,4,51
123000344,1669,542,1127
123000345,468,663,-195
123000346,398,67,331
123000352,1908,940,968
123000353,18,173,-155
123000354,570,4,566
123000355,3,481,-478
123000356,467,9,458
123000357,1,225,-224
123000359,4,259,-255
123000360,217,147,70
123000361,388,408,-20
123000362,433,157,276
123000363,131,242,-111
123000364,565,487,78
123000365,32,372,-340
123000366,503,2267,-1764
123000367,381,1461,-1080
123000370,68,304,-236
123000371,556,30,526
123000372,562,24,538
123000373,16,487,-471
123000374,30,273,-243
123000375,430,62,368
123000376,982,660,322
123000377,501,58,443
123000378,31,367,-336
123000379,3,281,-278
123000380,62,503,-441
123000381,189,69,120
123000382,1735,186,1549
123000383,265,1523,-1258
123000384,620,126,494
123000385,486,655,-169
123000436,74,1254,-1180
123000507,121,269,-148
123000508,162,1008,-846
123000517,357,66,291
123000518,29,332,-303
123000519,132,88,44
123000520,58,274,-216
123000521,304,106,198
123000522,190,398,-208
123000541,5,5,0
123000542,0,22,-22
123000565,765,46,719
123000566,238,718,-480
123000567,106,246,-140
123000573,71,886,-815
123000574,822,134,688
123000575,1512,1360,152
123000576,1047,1836,-789
123000577,95,731,-636
123000578,734,116,618
123000579,4227,5709,-1482
123000580,114,49,65
123000582,450,38,412
123000583,44,512,-468
123000584,241,292,-51
123000585,1,149,-148
123000586,91,0,91
123000596,115,174,-59
123000597,84,140,-56
123000602,37,13,24
123000603,750,845,-95
123000604,628,976,-348
123000605,1110,159,951
123000606,2,384,-382
123000609,29,414,-385
123000610,283,159,124
123000613,40,203,-163
123000614,239,67,172
123000615,42,136,-94
123000616,827,61,766
123000617,122,449,-327
123000618,103,704,-601
123000619,691,59,632
123000620,20,548,-528
123000622,478,42,436
123000624,167,46,121
123000630,1150,667,483
123000631,322,1698,-1376
123000632,1067,1189,-122
123000633,1,256,-255
123000634,107,167,-60
123000635,153,119,34
123000636,81,763,-682
123000637,224,115,109
123000638,781,80,701
123000639,1380,4315,-2935
123000640,23,967,-944
123000648,428,99,329
123000649,28,677,-649
123900001,1633,105,1528
123900002,53,1665,-1612
123900003,449,678,-229
123900005,327,184,143
123900006,362,43,319
124000001,2284,195,2089
124000002,104,2055,-1951
124000003,989,238,751
124000004,98,718,-620
124000005,1295,727,568
124000006,303,1335,-1032
124000007,540,152,388
124000008,22,634,-612
124000009,670,365,305
124000010,243,521,-278
124000011,1232,424,808
124000012,408,785,-377
124000017,149,177,-28
124000018,95,119,-24
124000019,160,141,19
124000020,75,256,-181
124000021,114,102,12
124000022,82,247,-165
124000023,1648,1636,12
124000024,1138,681,457
124000025,1438,1864,-426
124000026,1333,1332,1
124000027,5689,5426,263
124000028,3042,5384,-2342
124000030,4131,1805,2326
124000031,1366,3568,-2202
124000032,3297,1156,2141
124000033,958,739,219
124000034,1613,990,623
124000035,417,266,151
124000036,244,642,-398
124000037,800,1218,-418
124000038,66,175,-109
124000039,1234,545,689
124000040,778,1328,-550
124000041,534,91,443
124000042,128,533,-405
124000043,242,118,124
124000044,169,294,-125
124000045,937,692,245
124000046,458,857,-399
124000047,1657,1062,595
124000048,1050,1854,-804
124000049,1801,771,1030
124000050,982,2186,-1204
124000051,992,656,336
124000052,810,1396,-586
124000053,590,1805,-1215
124000054,1254,697,557
124000055,1453,2722,-1269
124000056,3190,2035,1155
124000057,1098,680,418
124000058,522,1572,-1050
124000059,751,1232,-481
124000060,1488,838,650
124000061,1815,5409,-3594
124000062,7662,2246,5416
124000063,1770,2090,-320
124000064,2826,1753,1073
124000065,144,494,-350
124000066,358,108,250
124000067,173,244,-71
124000068,84,203,-119
124000069,693,278,415
124000070,352,633,-281
124000071,217,119,98
124000072,174,536,-362
124000073,1083,143,940
124000074,316,974,-658
124000075,357,30,327
124000076,12,254,-242
124000077,2185,1113,1072
124000078,3430,1435,1995
124000079,523,1417,-894
124000080,541,226,315
124000081,236,562,-326
124000082,24,133,-109
124000083,55,107,-52
124000084,64,479,-415
124000085,103,63,40
124000086,73,114,-41
124000087,161,118,43
124000088,258,512,-254
124000089,1080,454,626
124000090,146,446,-300
124000091,649,171,478
124000092,145,877,-732
124000093,101,119,-18
124000094,168,620,-452
124000095,89,94,-5
124000096,184,331,-147
124000097,103,157,-54
124000098,64,120,-56
124000099,306,192,114
124000100,71,144,-73
124000101,85,118,-33
124000102,149,79,70
124000103,102,150,-48
124000104,124,76,48
124000105,83,110,-27
124000106,187,61,126
124000107,22,117,-95
124000108,65,31,34
124000109,133,107,26
124000110,295,125,170
124000111,228,191,37
124000112,739,800,-61
124000113,94,97,-3
124000114,305,596,-291
124000115,414,825,-411
124000116,103,120,-17
124000117,69,113,-44
124000118,39,64,-25
124000119,1268,588,680
124000120,723,611,112
124000121,1562,784,778
124000122,679,1519,-840
124000123,1127,603,524
124000124,537,1398,-861
124000125,480,581,-101
124000126,323,857,-534
124000127,842,452,390
124000128,721,1022,-301
124000129,2410,1667,743
124000130,911,748,163
124000131,1061,747,314
124000132,1047,935,112
124000133,908,996,-88
124000134,1245,720,525
124000135,1955,1963,-8
124000136,1108,1244,-136
124000137,1545,809,736
124000138,1656,1574,82
124000139,875,46,829
124000140,55,495,-440
124000141,473,21,452
124000142,28,278,-250
124000143,106,30,76
124000144,6,95,-89
124000145,116,52,64
124000146,24,74,-50
124000148,23,128,-105
124000149,1299,621,678
124000150,458,696,-238
124000151,1007,551,456
124000152,1011,1571,-560
124000153,807,1016,-209
124000154,356,1022,-666
124000155,1786,1348,438
124000156,2132,1506,626
124000169,233,491,-258
124000170,603,599,4
124000171,356,304,52
124000172,484,784,-300
124000173,562,288,274
124000174,458,754,-296
124000175,26,135,-109
124000176,102,11,91
124000177,13,32,-19
124000178,27,56,-29
124000190,167,53,114
124000191,256,112,144
124000192,2538,447,2091
124000193,545,1207,-662
124000194,576,574,2
124000195,337,828,-491
124000196,1229,1314,-85
124000197,39,55,-16
124000198,30,39,-9
124000201,473,1146,-673
124000202,875,433,442
124000203,465,751,-286
124000204,979,444,535
124000205,134,608,-474
124000206,805,514,291
124000207,1,49,-48
124000209,306,655,-349
124000210,509,312,197
124000211,642,2,640
124000212,1,551,-550
124000213,567,410,157
124000214,341,807,-466
124000215,900,32,868
124000216,1,501,-500
124000329,220,2078,-1858
124000338,161,1116,-955
124000339,1063,190,873
124000341,1608,142,1466
124000344,23,2,21
124000357,1066,2471,-1405
124000358,815,1732,-917
124000359,1236,822,414
124000360,756,568,188
124000361,2211,899,1312
124000362,1610,2317,-707
124000363,294,332,-38
124000364,795,940,-145
124000365,778,1336,-558
124000366,1820,975,845
124000367,187,639,-452
124000368,666,515,151
124000369,209,142,67
124000370,90,835,-745
124000402,58,13,45
124000403,123,12,111
124000404,22,157,-135
124000405,1414,984,430
124000406,982,1065,-83
124000407,2,46,-44
124000411,6,457,-451
124000412,543,11,532
124000413,434,39,395
124000414,76,143,-67
124000415,82,164,-82
124000416,161,314,-153
124000417,181,126,55
124000418,161,162,-1
124000419,146,179,-33
124000420,103,94,9
124000421,78,205,-127
124000422,42,19,23
124000423,131,34,97
124000424,8,160,-152
124000425,132,88,44
124000426,11,103,-92
124000427,88,15,73
124000428,36,91,-55
124000429,45,102,-57
124000430,682,641,41
124000431,371,602,-231
124000432,252,803,-551
124000439,4,8,-4
124000443,1,8,-7
124000445,450,1184,-734
124000446,1934,100,1834
124900001,601,454,147
124900002,167,508,-341
124900003,1228,766,462
124900004,696,478,218
124900005,336,208,128
124900006,724,418,306
124900008,1458,795,663
124900009,245,387,-142
124900010,210,131,79
124900011,606,251,355
124900012,643,100,543
124900013,589,183,406
124900014,352,82,270
124900015,183,419,-236
124900016,69,133,-64
124900017,630,1606,-976
124900018,70,9,61
124900020,113,86,27
124900021,320,58,262
124900022,282,14,268
124900024,251,47,204
124900026,412,7,405
124900027,119,455,-336
124900028,577,150,427
124900029,28,603,-575
124900030,7,148,-141
124900031,44,403,-359
124900032,233,295,-62
124900033,114,388,-274
124900034,10,122,-112
124900035,223,535,-312
124900036,1,54,-53
124900037,208,418,-210
124900038,416,508,-92
124900039,2,42,-40
124900040,164,77,87
124900041,337,1328,-991
124900042,187,3,184
124900043,625,1232,-607
124900044,100,2,98
124900045,901,1512,-611
124900046,1202,415,787
124900047,211,238,-27
124900048,261,154,107
124900050,222,287,-65
124900052,132,556,-424
124900053,140,480,-340
124900054,2659,589,2070
124900055,0,213,-213
124900057,3,69,-66
124900060,112,259,-147
124900061,116,6,110
124900062,194,34,160
124900066,0,24,-24
124900067,9,194,-185
124900068,254,580,-326
124900070,62,32,30
124900072,131,52,79
124900075,273,244,29
124900076,26,1227,-1201
124900077,33,114,-81
124900078,150,39,111
124900079,772,242,530
124900080,355,826,-471
124900081,1082,377,705
124900082,470,1153,-683
124900083,330,708,-378
124900085,1452,525,927
124900086,118,1531,-1413
124900087,875,139,736
124900088,928,171,757
124900089,1659,45,1614
124900090,381,266,115
124900091,343,535,-192
124900092,277,385,-108
124900093,366,270,96
124900094,423,319,104
124900095,110,440,-330
124900096,606,310,296
124900097,337,87,250
124900098,144,490,-346
124900099,822,619,203
124900100,396,86,310
124900101,81,366,-285
124900102,224,43,181
124900103,270,223,47
124900104,99,167,-68
124900105,83,168,-85
124900106,494,91,403
124900107,106,33,73
124900108,222,102,120
124900111,0,49,-49
124900112,68,722,-654
124900113,154,354,-200
124900114,234,163,71
124900115,59,45,14
124900116,243,264,-21
124900117,569,164,405
124900118,294,280,14
124900119,497,223,274
124900120,77,515,-438
124900121,194,446,-252
124900122,524,335,189
124900123,446,178,268
124900124,196,410,-214
204000001,128,9,119
204000002,29,6,23
204000003,23,4,19
204000004,7,2,5
204000005,635,559,76
204000006,1445,1301,144
204000011,8,46,-38
204000012,54,117,-63
204000019,644,554,90
204000020,668,570,98
204000021,1566,794,772
204000022,615,511,104
204000023,618,1006,-388
204000031,97,28,69
204000032,564,38,526
204000034,12,217,-205
204000035,0,3,-3
204000036,10,38,-28
204000037,3,20,-17
204000038,1,14,-13
204000039,3,42,-39
204000040,3,34,-31
204000041,10,45,-35
204000042,79,17,62
204000043,48,1,47
204000044,55,4,51
204000045,70,4,66
204000046,21,2,19
204000057,2,19,-17
204000062,34,46,-12
204000068,36,304,-268
204000069,65,437,-372
204000070,64,162,-98
204000080,52,78,-26
204000085,2429,2331,98
204000086,3188,2462,726
204000087,54,10,44
204000088,4,108,-104
204000090,36,369,-333
204000093,367,75,292
204000096,842,1166,-324
204000097,420,16,404
204000099,1209,1519,-310
204000100,1437,2013,-576
204000105,2524,1748,776
204000110,1180,1099,81
204000111,458,695,-237
204000112,778,613,165
204000113,565,627,-62
204000114,1039,625,414
204000115,520,322,198
204000116,735,409,326
204000119,2055,3025,-970
204000132,713,402,311
204000133,806,428,378
204000134,374,195,179
204000135,506,107,399
204000136,583,246,337
204000138,408,520,-112
204000140,219,160,59
204000141,171,70,101
204000144,15,19,-4
204000145,686,37,649
204000146,37,425,-388
204000147,36,282,-246
204000148,569,41,528
204000154,12,5,7
204000155,6,1,5
204000177,59,52,7
204000179,35,17,18
204000180,0,31,-31
204000222,25,9,16
204000235,13,31,-18
204000236,68,318,-250
204000238,45,41,4
204000240,457,100,357
204000263,707,1245,-538
204000268,1389,815,574
204000308,225,21,204
204000317,15,59,-44
204000322,21,47,-26
204000323,25,12,13
204000328,226,78,148
204000329,52,157,-105
204000330,224,28,196
204000331,43,118,-75
204010341,27,196,-169
205000001,1438,2084,-646
205000013,6,76,-70
205000014,37,112,-75
205000015,37,234,-197
205000016,10,223,-213
205000017,33,117,-84
205000022,372,961,-589
205000025,1667,1382,285
205000029,238,16,222
205000045,181,372,-191
205000046,141,610,-469
205000047,82,584,-502
205000048,458,1448,-990
205000049,172,1152,-980
205000050,993,377,616
205000059,1,358,-357
205000060,1,105,-104
205000061,4,105,-101
205000062,2,96,-94
205000063,19,87,-68
205000064,18,118,-100
205000065,64,623,-559
205000066,130,943,-813
205000067,40,1130,-1090
205000069,198,22,176
205000082,175,198,-23
205000110,111,329,-218
205000111,227,353,-126
205000112,207,296,-89
205000113,280,405,-125
205000121,312,111,201
205000123,56,267,-211
205000126,501,165,336
205000127,720,230,490
205000128,642,103,539
205000129,782,116,666
205000130,553,34,519
205000131,194,7,187
205000132,312,2,310
205000133,227,0,227
205000134,294,2,292
205000137,105,172,-67
205000138,170,366,-196
205000139,41,130,-89
205000144,104,106,-2
205000145,432,190,242
205000151,229,72,157
205000152,226,23,203
205000153,264,41,223
205000154,143,64,79
205000155,125,23,102
205000207,13,184,-171
205000233,25,1,24
205000234,0,0,0
205000243,1,0,1
205000244,0,11,-11
205000245,20,211,-191
205000249,2,36,-34
205000250,15,0,15
205000264,10,126,-116
206000027,9,4,5
206000028,5,3,2
206000043,3,91,-88
206000053,2,14,-12
206000054,2,25,-23
206000055,4,38,-34
206000075,12,8,4
206000076,26,17,9
206000077,20,7,13
206000078,23,10,13
206000079,16,4,12
206000082,417,37,380
206000100,40,648,-608
206000103,7,21,-14
206000104,19,24,-5
206000105,3,14,-11
206000106,11,36,-25
206000108,660,29,631
206000125,94,0,94
206000157,54,734,-680
206000170,1,212,-211
206000171,2,221,-219
206000172,5,550,-545
206000173,1,276,-275
206000174,12,99,-87
206000175,3,153,-150
206000176,18,224,-206
206000177,1,194,-193
206000178,4,151,-147
206000179,12,104,-92
206000180,12,173,-161
206000181,8,177,-169
206000182,8,209,-201
206000183,15,754,-739
206000184,5,367,-362
206000185,4,166,-162
206000186,116,1148,-1032
206000223,2,245,-243
206000226,30,0,30
206000227,19,4,15
206000237,31,347,-316
206000238,32,511,-479
206000239,309,1892,-1583
206000240,4,58,-54
206000241,0,102,-102
206000242,5,286,-281
206000243,16,224,-208
206000244,57,697,-640
206000245,868,50,818
206000246,200,7,193
206000247,212,3,209
206000248,346,8,338
206000252,80,43,37
206000258,39,43,-4
206000315,28,9,19
206000317,552,109,443
206000318,431,70,361
206000319,1261,101,1160
206000320,199,34,165
206000321,249,12,237
206000322,499,26,473
206000323,150,15,135
206000324,149,6,143
206000325,174,13,161
206000326,168,10,158
206000327,313,10,303
206000328,152,5,147
206000329,241,7,234
206000330,55,6,49
206000331,165,3,162
206000332,40,2,38
206000333,608,4,604
206000334,254,1,253
206000335,0,19,-19
206000361,6,203,-197
206000392,1,26,-25
206000405,118,1,117
206000441,50,22,28
206000498,43,1,42
206000515,92,36,56
206000530,255,55,200
206000531,208,198,10
206000532,1926,354,1572
206000535,299,1902,-1603
206000536,19,152,-133
206000537,13,221,-208
206000613,1457,213,1244
207000001,167,540,-373
207000002,127,320,-193
207000003,164,171,-7
207000007,978,280,698
207000008,105,8,97
207000009,66,68,-2
207000010,572,490,82
207000012,369,323,46
207000015,352,1466,-1114
207000019,450,104,346
207000021,709,200,509
207000022,165,111,54
207000023,278,44,234
207000024,4,9,-5
207000025,42,40,2
207000026,102,35,67
207000027,32,95,-63
207000028,38,220,-182
207000029,234,500,-266
207000033,279,400,-121
207000034,335,79,256
207000039,434,141,293
207000040,323,127,196
207000041,121,60,61
207000042,385,97,288
207000043,274,218,56
207000051,199,291,-92
207000052,21,185,-164
207000053,487,657,-170
207000054,64,133,-69
207000055,165,164,1
207000056,410,413,-3
207000057,167,322,-155
207000058,202,380,-178
207000059,132,722,-590
207000060,81,225,-144
207000061,210,471,-261
207000062,337,67,270
207000063,323,134,189
207000064,445,171,274
207000065,349,308,41
207000066,240,222,18
207000067,65,145,-80
207000068,152,82,70
207000069,774,495,279
207000082,16,300,-284
207000083,117,308,-191
207000084,244,263,-19
207000085,190,20,170
207000086,147,3,144
207000106,44,41,3
207000107,64,44,20
207000108,74,21,53
207000109,100,19,81
207000110,85,96,-11
207000111,94,90,4
207000112,214,670,-456
207000114,21,37,-16
207000115,17,94,-77
207000116,29,411,-382
207000117,7,109,-102
207000118,9,109,-100
207000119,33,65,-32
207000123,271,26,245
207000124,66,40,26
207000125,93,55,38
207000126,74,89,-15
207000134,111,143,-32
207000135,30,229,-199
207000148,95,316,-221
207000149,97,59,38
207000152,147,417,-270
207000153,1217,1510,-293
207000154,474,134,340
207000159,126,255,-129
207000160,221,524,-303
207000238,3,204,-201
207000242,8,231,-223
207000248,38,55,-17
207000249,201,55,146
207000250,1017,114,903
207000251,118,107,11
207000252,141,85,56
207000278,98,98,0
207000279,40,174,-134
207000280,480,61,419
207000281,114,1082,-968
207000282,190,123,67
207000283,105,192,-87
207000284,62,233,-171
207000285,111,42,69
207000291,24,128,-104
207000304,185,44,141
207000306,107,404,-297
207000310,105,100,5
207000353,401,9,392
207000356,24,31,-7
207000357,44,11,33
207000358,66,35,31
207000415,7,294,-287
207000417,57,3,54
207000418,122,213,-91
207000438,0,5,-5
207000439,1164,845,319
207000446,208,12,196
207000460,29,10,19
207000466,280,154,126
207000467,310,118,192
207000468,57,444,-387
207000476,14,85,-71
207000477,706,88,618
207000478,18,47,-29
207000523,0,19,-19
207000524,64,0,64
207000527,135,251,-116
207000530,486,7,479
207000531,358,19,339
207000532,131,38,93
207000534,624,79,545
207000535,66,429,-363
207000537,27,142,-115
207000540,10,347,-337
207000541,4,437,-433
207000548,11,426,-415
207000549,375,15,360
207000561,157,223,-66
207000562,60,268,-208
207000567,195,296,-101
207000568,191,97,94
207000569,426,949,-523
207000584,566,295,271
207000585,102,383,-281
207000587,64,24,40
207000616,3,170,-167
207000617,164,0,164
207000624,20,14,6
207000631,2,31,-29
207900008,257,119,138
208000001,729,980,-251
208000002,1047,553,494
208000003,1281,461,820
208000004,1257,674,583
208000005,15,24,-9
208000019,695,1308,-613
208000020,200,723,-523
208000021,287,473,-186
208000022,1234,615,619
208000028,1488,1170,318
208000033,643,562,81
208000034,1407,1520,-113
208000037,347,25,322
208000040,160,250,-90
208000041,1015,814,201
208000042,1487,887,600
208000047,166,297,-131
208000064,3231,1624,1607
208000066,2368,2591,-223
208000070,352,488,-136
208000071,366,992,-626
208000072,419,1692,-1273
208000080,286,401,-115
208000081,342,234,108
208000082,372,363,9
208000083,203,539,-336
208000084,45,19,26
208000085,1087,815,272
208000086,588,1220,-632
208000087,886,1001,-115
208000089,1148,515,633
208000090,1053,810,243
208000093,190,137,53
208000094,528,482,46
208000095,863,504,359
208000104,1094,1399,-305
208000105,809,1294,-485
208000114,136,335,-199
208000115,583,499,84
208000116,654,1300,-646
208000117,167,187,-20
208000118,149,142,7
208000155,983,1192,-209
208000158,1817,4175,-2358
208000186,5317,4599,718
208000204,663,1179,-516
208000205,1352,1282,70
208000282,8112,3533,4579
209000004,325,210,115
209000005,37,26,11
209000006,514,151,363
209000007,295,301,-6
209000010,557,162,395
209000011,252,375,-123
209000012,143,266,-123
209000013,260,498,-238
209000014,612,1412,-800
209000025,309,58,251
209000026,708,158,550
209000027,634,1101,-467
209000028,515,881,-366
209000029,725,730,-5
209000030,601,1752,-1151
209000031,3429,2775,654
209000034,208,234,-26
209000035,141,163,-22
209000036,154,143,11
209000037,251,252,-1
209000038,167,177,-10
209000039,104,158,-54
209000040,312,692,-380
209000041,187,548,-361
209000042,254,512,-258
209000043,855,1199,-344
209000044,249,1003,-754
209000045,1879,698,1181
209000046,544,652,-108
209000047,569,254,315
209000048,663,381,282
209000049,98,222,-124
209000050,270,244,26
209000051,410,558,-148
209000052,217,462,-245
209000062,45,136,-91
209000063,63,112,-49
209000064,49,118,-69
209000065,65,49,16
209000066,67,30,37
209000067,78,51,27
209000080,24,296,-272
209000082,103,42,61
209000091,36,158,-122
209000093,83,38,45
209000094,246,265,-19
209000110,26,108,-82
209000111,581,1491,-910
209000112,1016,587,429
209000113,1863,532,1331
209000114,828,412,416
209000115,106,234,-128
209000116,862,619,243
209000118,18,49,-31
209000119,33,12,21
209000121,153,623,-470
209000135,104,186,-82
209000142,747,1502,-755
209000143,131,98,33
209000144,78,114,-36
209000229,349,185,164
209000240,35,355,-320
209000259,92,150,-58
209000260,76,1279,-1203
209000261,7,667,-660
209000262,4,525,-521
209000263,1,199,-198
209000264,0,126,-126
209000265,409,3,406
209000266,142,3,139
209000267,953,7,946
209000268,938,64,874
210000037,104,45,59
210000047,83,18,65
210000048,119,20,99
210000049,61,18,43
210000052,49,98,-49
210000053,21,56,-35
210000054,69,66,3
210000070,146,2,144
210000071,69,1,68
210000072,14,0,14
210000073,0,24,-24
210000074,0,130,-130
210000075,3,90,-87
210000076,17,158,-141
210000077,22,48,-26
210000078,32,15,17
210000079,33,16,17
210000080,96,47,49
210000081,282,25,257
210000082,167,1,166
210000083,103,2,101
210000084,28,0,28
210000085,0,76,-76
210000086,2,109,-107
210000099,54,218,-164
210000100,53,187,-134
210000101,82,177,-95
210000105,48,207,-159
210000159,0,154,-154
210000163,206,218,-12
210000164,284,201,83
210000168,113,26,87
210000187,0,22,-22
210000188,0,27,-27
210000214,99,0,99
210000219,21,56,-35
210000220,102,87,15
210000232,6,27,-21
210000233,26,69,-43
210000234,33,133,-100
210000235,50,99,-49
210000245,0,46,-46
210000246,33,0,33
210000258,11,113,-102
210000259,398,75,323
210000282,121,265,-144
210000285,2,113,-111
210000286,14,181,-167
210000290,3,9,-6
210000295,68,127,-59
210000296,33,40,-7
210000320,209,99,110
210000321,156,85,71
210000338,98,49,49
210000339,394,1164,-770
210000340,117,370,-253
210000341,273,212,61
210000342,175,168,7
210000343,184,198,-14
210000344,194,102,92
210000345,154,172,-18
210000346,81,108,-27
210000347,99,40,59
210000348,122,23,99
210000349,58,15,43
210000350,94,61,33
210000351,124,128,-4
210000352,54,93,-39
210000353,49,121,-72
210000354,54,100,-46
210000355,37,136,-99
210000356,40,52,-12
210000357,80,44,36
210000358,352,138,214
210000359,104,79,25
210000360,170,128,42
210000361,186,149,37
210000362,333,226,107
210000363,870,239,631
210000364,105,183,-78
210000365,150,82,68
210000366,138,62,76
210000367,148,31,117
210000368,223,52,171
210000369,28,16,12
210000370,34,47,-13
210000372,21,37,-16
210000373,53,12,41
210000374,47,14,33
210000375,34,84,-50
210000376,71,177,-106
210000404,54,118,-64
210000439,21,50,-29
210000472,91,13,78
210000482,64,82,-18
210000564,469,304,165
210000567,0,34,-34
210000568,354,3,351
211000092,57,79,-22
211000094,15,13,2
211000169,358,17,341
211000172,25,262,-237
211000209,4,19,-15
211000226,12,28,-16
211000270,27,26,1
211000275,35,17,18
211000276,128,41,87
211000279,20,35,-15
211000281,47,47,0
211507980,4,48,-44
211977296,40,8,32
212000003,98,54,44
212000004,38,20,18
212000005,22,31,-9
212000006,33,67,-34
212000008,142,216,-74
212000009,25,150,-125
212000012,69,67,2
212000013,13,45,-32
212000014,302,171,131
212000015,276,284,-8
212000016,525,679,-154
212000027,562,463,99
212000028,335,432,-97
212000029,226,318,-92
212000030,50,34,16
212000031,59,68,-9
212000048,33,166,-133
212000049,19,138,-119
212000050,24,9,15
212000051,179,267,-88
212000052,174,394,-220
212000053,443,776,-333
212000054,231,198,33
212000055,282,259,23
212000056,15,37,-22
212000057,23,41,-18
212000058,295,33,262
212000070,117,333,-216
212000077,139,867,-728
212000099,249,330,-81
212000108,174,166,8
212000111,207,139,68
212000120,96,79,17
212000138,147,28,119
212000156,19,166,-147
212000158,6,17,-11
212000159,324,46,278
212000160,611,273,338
212000161,84,14,70
212000310,51,25,26
212000311,8,56,-48
212000374,50,13,37
213000001,43,587,-544
213000005,455,149,306
213000006,1228,340,888
213000007,220,6,214
213000009,1052,589,463
213000010,245,390,-145
213000011,331,116,215
213000012,186,453,-267
213000014,112,10,102
213000015,274,2,272
213000016,432,2,430
213000017,72,1,71
213000018,3,263,-260
213000019,3,233,-230
213000020,137,503,-366
213000021,11,128,-117
213000023,310,206,104
213000033,389,2051,-1662
213000034,1088,399,689
213000035,136,340,-204
213000045,199,304,-105
213000046,338,218,120
213000047,823,1348,-525
213000056,136,41,95
213000069,95,6,89
213000073,0,30,-30
213000074,74,407,-333
213000075,493,7,486
213000076,77,1,76
213000085,7,36,-29
213000086,22,215,-193
213000091,192,13,179
213000092,98,22,76
213000099,225,1337,-1112
213000100,1427,276,1151
213000101,359,186,173
213000102,536,411,125
213000103,1014,1017,-3
213000104,58,533,-475
213000105,2,152,-150
213000106,59,166,-107
213000107,204,765,-561
213000108,31,582,-551
213000109,8,327,-319
213000110,19,134,-115
213000111,14,80,-66
213000112,189,104,85
213000115,61,5,56
213000116,68,488,-420
213000117,6,850,-844
213000118,428,312,116
213000119,80,849,-769
213000120,189,727,-538
213000122,197,788,-591
213000123,621,1676,-1055
213000124,117,1697,-1580
213000125,181,21,160
213000126,117,128,-11
213000127,192,219,-27
213000128,658,1281,-623
213000129,486,679,-193
213000130,650,303,347
213000132,345,114,231
213000133,485,155,330
213000134,844,19,825
213000136,530,34,496
213000137,693,90,603
213000139,685,40,645
213000147,91,8,83
213000148,33,11,22
213000149,36,3,33
213000150,2,108,-106
213000151,3,91,-88
213000152,3,84,-81
213000153,1,71,-70
213000154,16,329,-313
213000155,56,308,-252
213000156,100,781,-681
213000157,636,512,124
213000158,395,1112,-717
213000159,707,783,-76
213000163,824,93,731
213000165,953,333,620
213000171,1,148,-147
213000172,3,445,-442
213000173,5,345,-340
213000174,2,207,-205
213000175,11,95,-84
213000176,40,31,9
213000177,76,4,72
213000178,147,2,145
213000179,211,0,211
213000180,223,0,223
213000184,149,524,-375
213000188,379,153,226
213000189,414,38,376
213000190,933,1083,-150
213000191,348,615,-267
213000192,269,613,-344
213000193,1166,352,814
213000194,4,73,-69
213000195,22,559,-537
213000196,320,1493,-1173
213000197,487,761,-274
213000198,71,2,69
213000200,149,1278,-1129
213000201,88,42,46
213000202,14,691,-677
213000203,4021,745,3276
213000204,810,91,719
213000205,445,104,341
213000206,774,56,718
213000207,174,14,160
213000208,157,2,155
213000209,169,2,167
213000210,547,9,538
213000211,12,14,-2
213000212,38,43,-5
213000213,25,58,-33
213000218,256,819,-563
213000219,532,11,521
213000220,471,7,464
213000223,262,272,-10
213000224,26,52,-26
213000225,108,9,99
213000226,87,15,72
213000227,1014,290,724
213000228,459,117,342
213000229,463,32,431
213000230,548,34,514
213000232,155,945,-790
213000233,14,180,-166
213000234,7,52,-45
213000293,15,88,-73
213000294,177,11,166
213000295,15,101,-86
213000296,80,15,65
213000297,4,164,-160
213000298,42,155,-113
213000299,83,52,31
213000300,26,5,21
213000303,3,44,-41
213000304,3,17,-14
213000305,18,22,-4
213000306,93,45,48
213000307,246,103,143
213000308,286,262,24
213000309,195,95,100
213000310,527,173,354
213000311,387,868,-481
213000315,107,145,-38
213000316,109,76,33
213000322,114,154,-40
213000323,80,90,-10
213000324,44,36,8
213000325,45,118,-73
213000326,48,45,3
213000327,35,55,-20
213000328,21,184,-163
213000329,86,41,45
213000340,180,779,-599
213000341,548,137,411
213000346,227,247,-20
213000347,967,423,544
213000348,14,169,-155
213000349,32,17,15
213000350,376,1339,-963
213000366,106,363,-257
213000367,268,33,235
213000379,153,75,78
213000386,11,373,-362
213000406,133,501,-368
213000417,1317,491,826
213000425,152,51,101
213000426,117,77,40
213000427,74,297,-223
213000428,32,243,-211
213000429,27,1,26
213000430,101,915,-814
213000431,133,3,130
213000432,6,30,-24
213000433,44,207,-163
213000434,87,136,-49
213000435,107,120,-13
213000436,23,73,-50
213000437,1,16,-15
213000438,180,98,82
213000439,35,12,23
213000440,17,361,-344
213000441,5,0,5
213000442,2,29,-27
213000443,532,454,78
213000444,57,62,-5
213000445,0,109,-109
213000446,1,13,-12
213000447,3,38,-35
213000448,6,140,-134
213000449,344,9,335
213000450,21,60,-39
213000451,281,183,98
213000452,19,40,-21
213000453,51,406,-355
213000455,458,3,455
213000456,1,294,-293
213000481,60,10,50
213000482,50,2,48
213000489,518,94,424
213000491,0,106,-106
213000492,363,1,362
213000493,0,124,-124
213000494,264,148,116
213000495,1,125,-124
213000496,509,215,294
213000497,63,370,-307
213000498,134,253,-119
213000499,222,693,-471
213000500,473,125,348
213000501,129,35,94
213000502,198,154,44
213000503,2,58,-56
213000504,15,143,-128
213000505,12,22,-10
213000506,0,11,-11
213000507,1,152,-151
213900244,28,0,28
213900245,0,44,-44
218000003,43,22,21
218000004,40,36,4
218000005,74,42,32
218000006,49,24,25
218000007,13,18,-5
218000012,203,183,20
218000013,117,154,-37
218000014,447,475,-28
218000019,933,735,198
218000020,301,462,-161
218000021,18,59,-41
218000022,5,24,-19
218000023,5,21,-16
218000024,0,16,-16
218000025,8,24,-16
218000026,8,48,-40
218000027,0,6,-6
218000028,1,9,-8
218000029,2,1,1
218000030,20,38,-18
218000031,4,38,-34
218000032,1,47,-46
218000040,0,4,-4
218000046,67,118,-51
218000047,22,155,-133
218000048,71,121,-50
218000049,102,123,-21
218000050,376,223,153
218000051,82,272,-190
218000052,1,115,-114
218000053,4,14,-10
218000054,4,43,-39
218000055,10,13,-3
218000056,10,19,-9
218000057,1,31,-30
218000064,3,11,-8
218000065,74,34,40
218000066,18,58,-40
218000067,45,89,-44
218000068,143,122,21
218000069,274,181,93
218000070,209,294,-85
218000071,192,205,-13
218000072,314,227,87
218000078,815,1158,-343
218000079,87,102,-15
218000080,97,120,-23
218000081,369,300,69
218000082,47,141,-94
218000083,45,57,-12
218000084,143,155,-12
218000085,129,453,-324
218000086,49,185,-136
218000087,166,248,-82
218000090,9,102,-93
218000091,1116,584,532
218000092,67,174,-107
218000093,92,100,-8
218000094,491,834,-343
218000099,279,662,-383
218000100,207,328,-121
218000101,271,140,131
218000102,332,315,17
218000103,90,168,-78
218000104,87,40,47
218000105,22,31,-9
218000106,22,13,9
218000107,49,83,-34
218000108,2,52,-50
218000112,53,44,9
218000117,66,45,21
218000134,495,740,-245
218000135,56,90,-34
218000136,226,87,139
218000137,300,153,147
218000138,26,123,-97
218000139,247,377,-130
218000140,763,255,508
218000141,100,87,13
218000142,288,215,73
218000143,93,310,-217
218000144,58,59,-1
218000145,350,370,-20
218000146,53,221,-168
218000151,1,22,-21
218000152,255,60,195
218000153,21,10,11
218000154,7,0,7
218000155,17,0,17
218000156,54,11,43
218000157,29,11,18
218000158,7,7,0
218000159,9,1,8
218000160,8,4,4
218000161,20,1,19
218000162,34,3,31
218000163,6,1,5
218000164,22,4,18
218000165,51,22,29
218000170,8,57,-49
218000171,45,12,33
218000172,13,15,-2
218000173,65,13,52
218000174,29,6,23
218000176,153,45,108
218000177,276,285,-9
218000178,76,215,-139
218000179,92,91,1
218000180,71,52,19
218000181,169,58,111
218000187,17,32,-15
218000188,26,44,-18
218000189,27,61,-34
218000190,23,14,9
218000191,137,64,73
218000192,162,289,-127
218000193,354,364,-10
218000194,76,358,-282
218000195,126,84,42
218000196,310,307,3
218000197,368,339,29
218000198,18,107,-89
218000199,55,33,22
218000200,49,31,18
218000201,11,15,-4
218000202,102,247,-145
218000207,1,48,-47
218000208,42,29,13
218000211,79,12,67
218000212,1,11,-10
218000213,114,108,6
218000214,5,24,-19
218000215,59,38,21
218000217,1,85,-84
218000218,222,67,155
218000219,28,13,15
218000220,74,355,-281
218000221,740,171,569
218000222,42,23,19
218000223,36,342,-306
218000224,5,206,-201
218000225,125,41,84
218000226,129,81,48
218000230,0,6,-6
218000232,55,68,-13
218000239,236,13,223
218000240,28,3,25
218000241,31,0,31
218000242,101,2,99
218000243,84,1,83
218000244,87,0,87
218000245,47,0,47
218000246,1,1,0
218000247,0,0,0
218000248,0,14,-14
218000249,0,0,0
218000250,5,7,-2
218000251,12,25,-13
218000252,1,31,-30
218000253,6,25,-19
218000254,3,18,-15
218000255,2,18,-16
218000256,3,44,-41
218000267,675,1252,-577
218000268,5,61,-56
218000269,1,11,-10
218000270,84,66,18
218000271,19,63,-44
218000273,18,8,10
218000274,10,11,-1
218000275,31,41,-10
218000276,2,54,-52
218000278,31,31,0
218000279,80,78,2
218000280,14,31,-17
218000281,14,8,6
218000282,592,449,143
218000284,102,9,93
218000301,97,131,-34
218000302,133,49,84
218000303,61,41,20
218000316,821,1184,-363
218000317,1216,1241,-25
218000318,615,974,-359
218000319,1023,1399,-376
218000320,741,701,40
218000338,65,51,14
218000345,149,105,44
218000346,53,185,-132
218000459,48,256,-208
218000490,63,34,29
218000501,115,21,94
218000502,49,92,-43
218000503,109,25,84
218000504,196,38,158
218000505,64,146,-82
218000506,45,300,-255
218000508,3,10,-7
218000510,156,20,136
218000520,117,116,1
218000521,7,55,-48
218000522,0,183,-183
218000523,201,2,199
218000524,40,180,-140
218000525,191,23,168
218000526,70,161,-91
218000529,104,186,-82
218000530,24,9,15
218000531,17,20,-3
218000532,61,21,40
218000534,151,23,128
218000537,45,63,-18
218000538,161,218,-57
218000540,272,89,183
218000543,162,76,86
218000544,51,77,-26
218000545,69,65,4
218000546,45,79,-34
218000547,136,167,-31
218000548,138,127,11
218000549,576,429,147
218000550,279,406,-127
218000551,213,887,-674
218000552,631,56,575
218000553,53,119,-66
218000554,53,39,14
218000555,49,47,2
218000556,255,310,-55
218000557,264,187,77
218000558,105,0,105
218000559,0,45,-45
218000560,0,23,-23
218000561,43,0,43
218000562,25,221,-196
218000563,266,20,246
218000564,20,143,-123
218000565,229,23,206
218000566,381,32,349
218000567,1,62,-61
218000568,15,2,13
218000569,16,122,-106
218000570,152,9,143
218000571,0,175,-175
218000572,177,0,177
218000573,9,101,-92
218000574,65,47,18
218000575,99,1,98
218000576,0,84,-84
218000577,101,11,90
218000578,1,83,-82
218000579,59,23,36
218000581,8,66,-58
218000582,70,4,66
218000583,13,0,13
218000584,0,25,-25
218000585,29,3,26
218000586,11,47,-36
218000587,9,2,7
218000588,3,7,-4
218000589,0,3,-3
218000590,11,0,11
218000591,3,5,-2
218000592,36,1,35
218000593,72,2,70
218000594,2,0,2
218000597,2,1,1
218000598,2,0,2
218000599,5,0,5
218000600,44,1,43
218000601,0,0,0
218000602,0,23,-23
218000603,0,6,-6
218000604,33,0,33
218000605,1,130,-129
218000606,299,3,296
218000607,18,39,-21
218000608,55,18,37
218000609,8,60,-52
218000610,60,8,52
218000611,31,0,31
218000612,5,37,-32
218000613,34,1,33
218000614,1,61,-60
218000615,252,5,247
218000616,7,190,-183
218000617,18,4,14
218000618,5,18,-13
218000619,73,33,40
218000620,15,17,-2
218000621,0,5,-5
218000622,0,45,-45
218000623,338,6,332
218000624,14,29,-15
218000625,47,1,46
218000626,1,3,-2
218000628,149,42,107
218000631,41,26,15
218000632,1,116,-115
218000633,136,0,136
218000634,10,43,-33
218000635,14,2,12
218000636,863,1431,-568
218000637,1046,676,370
218000638,148,63,85
218000639,17,210,-193
218000640,299,31,268
218000641,82,325,-243
218000652,57,91,-34
218000653,134,69,65
218000663,8,167,-159
218000675,73,73,0
218000676,3,26,-23
218000677,12,3,9
218000680,237,522,-285
218000681,422,177,245
218000691,201,337,-136
218000693,265,215,50
218000703,5,49,-44
218000718,934,1187,-253
218000719,1691,807,884
218000720,22,106,-84
218000721,194,11,183
218000725,6,8,-2
218001147,3,140,-137
218001214,10,40,-30
218001258,118,0,118
218001329,151,142,9
218001330,191,102,89
218001351,32,22,10
218001352,15,17,-2
218001353,10,16,-6
218001354,2,15,-13
218001355,18,351,-333
218001356,361,23,338
218001357,32,184,-152
218001358,341,15,326
218001361,236,10,226
218001362,0,194,-194
219000001,35,36,-1
219000002,47,44,3
219000003,50,29,21
219000004,50,66,-16
219000017,93,28,65
219000020,135,44,91
219000022,118,9,109
219000023,94,2,92
219000029,0,106,-106
219000034,50,26,24
219000039,94,68,26
219000040,65,48,17
219000041,115,28,87
219000051,0,34,-34
219000052,0,12,-12
219000053,0,130,-130
219000054,40,104,-64
219000055,195,1,194
219000056,12,2,10
219000057,97,6,91
219000062,28,92,-64
219000063,82,6,76
219000064,0,68,-68
219000110,554,57,497
219000111,130,36,94
219000112,167,61,106
219000113,155,56,99
219000114,239,86,153
219000116,94,62,32
219000117,175,100,75
219000118,154,58,96
219000123,244,93,151
219000124,83,53,30
219000125,18,22,-4
219000126,82,94,-12
219000127,0,7,-7
219000128,13,102,-89
219000129,25,131,-106
219000130,588,519,69
219000131,673,992,-319
219000133,104,31,73
219000134,10,14,-4
219000135,39,68,-29
219000136,109,218,-109
219000138,101,17,84
219000139,27,51,-24
219000140,49,0,49
219000141,20,153,-133
219000142,26,103,-77
219000143,26,100,-74
219000145,27,60,-33
219000146,6,21,-15
219000147,8,46,-38
219000148,3,47,-44
219000149,11,103,-92
219000150,0,83,-83
219000151,2,45,-43
219000157,201,190,11
219000158,156,317,-161
219000161,122,8,114
219000163,1601,593,1008
219000166,158,183,-25
219000167,133,220,-87
219000168,377,129,248
219000174,392,151,241
219000175,106,3,103
219000176,115,13,102
219000177,37,3,34
219000178,48,1,47
219000179,24,8,16
219000180,40,34,6
219000182,170,20,150
219000183,86,46,40
219000184,117,10,107
219000185,1,52,-51
219000186,76,39,37
219000187,25,95,-70
219000189,112,186,-74
219000190,94,254,-160
219000191,1222,1330,-108
219000192,157,117,40
219000193,267,155,112
219000195,3,59,-56
219000196,12,132,-120
219000198,13,122,-109
219000199,76,250,-174
219000200,38,218,-180
219000201,77,237,-160
219000203,32,121,-89
219000204,134,218,-84
219000205,69,164,-95
219000207,173,263,-90
219000209,39,98,-59
219000210,37,123,-86
219000213,9,161,-152
219000239,283,307,-24
219000240,337,457,-120
219000241,140,192,-52
219000242,51,174,-123
219000243,125,301,-176
219000244,41,74,-33
219000245,14,52,-38
219000246,36,15,21
219000247,143,29,114
219000248,813,346,467
219000249,147,116,31
219000250,102,122,-20
219000251,554,244,310
219000252,238,183,55
219000253,467,107,360
219000255,188,105,83
219000256,193,92,101
219000257,156,1,155
219000262,114,144,-30
219000263,73,182,-109
219000267,2,115,-113
219000268,0,10,-10
219000269,12,2,10
219000270,5,0,5
219000271,120,2,118
219000278,0,8,-8
219000279,1,7,-6
219000283,0,13,-13
219000295,9,105,-96
219000296,67,543,-476
219000297,24,141,-117
219000298,21,181,-160
219000299,490,75,415
219000300,37,277,-240
219000301,341,357,-16
219000302,63,322,-259
219000307,29,43,-14
219000308,50,33,17
219000311,248,77,171
219000312,604,126,478
219000313,357,45,312
219000314,80,563,-483
219000315,293,31,262
219000316,587,79,508
219000317,117,24,93
219000320,0,91,-91
219000321,0,23,-23
219000323,6,72,-66
219000325,1,19,-18
219000326,57,88,-31
219000327,82,49,33
219000328,52,75,-23
219000329,321,160,161
219000330,66,41,25
219000331,54,30,24
219000332,92,102,-10
219000333,33,8,25
219000335,71,0,71
219000337,35,0,35
219000338,74,2,72
219000344,30,70,-40
219000345,60,90,-30
219000346,45,113,-68
219000348,150,102,48
219000349,35,164,-129
219000350,136,173,-37
219000351,5,2,3
219000352,446,76,370
219000353,113,65,48
219000354,190,156,34
219000355,173,85,88
219000356,1482,1423,59
219000363,309,73,236
219000364,100,42,58
219000365,126,13,113
219000366,229,336,-107
219000368,405,655,-250
219000370,1322,462,860
219000371,11,22,-11
219000382,18,11,7
219000383,816,976,-160
219000385,564,532,32
219000386,917,1565,-648
219000387,3,11,-8
219000390,5,1,4
219000391,1,0,1
219000397,78,76,2
219000398,87,46,41
219000401,18,111,-93
219000402,27,128,-101
219000403,222,351,-129
219000404,34,142,-108
219000407,6,21,-15
219000409,83,60,23
219000410,71,42,29
219000411,69,18,51
219000446,222,302,-80
219000447,0,29,-29
219000448,12,5,7
219000452,157,63,94
219000453,88,138,-50
219000454,234,284,-50
219000556,259,88,171
219000558,174,220,-46
219000590,36,189,-153
219000591,92,100,-8
219000592,145,437,-292
219000595,8,26,-18
219000635,206,53,153
219000636,22,134,-112
219000657,26,14,12
219000658,30,81,-51
219000673,0,27,-27
219000676,38,3,35
219000679,48,13,35
219000684,108,2,106
219000685,4,80,-76
219000686,0,1,-1
219000688,1,91,-90
219000689,25,270,-245
219000690,156,30,126
219000691,42,268,-226
219000692,159,30,129
219000693,0,35,-35
219000694,11,0,11
219000695,27,1,26
219000698,43,0,43
219000699,0,8,-8
219000727,3,94,-91
219000728,199,0,199
219000770,28,2,26
219000771,1,65,-64
219000788,446,206,240
219001150,0,18,-18
219001151,1,2,-1
219001166,43,40,3
219001167,3,103,-100
219001178,38,1,37
220000001,61,65,-4
220000002,16,140,-124
220000003,767,297,470
220000004,1143,606,537
220000005,1679,2161,-482
220000006,451,1063,-612
220000007,500,680,-180
220000008,334,1084,-750
220000009,318,554,-236
220000010,295,162,133
220000011,608,3559,-2951
220000012,81,436,-355
220000014,158,51,107
220000015,91,187,-96
220000017,57,291,-234
220000018,4967,2387,2580
220000019,90,349,-259
220000020,535,351,184
220000021,695,253,442
220000022,796,573,223
220000023,294,234,60
220000024,2122,379,1743
220000025,1121,1074,47
220000026,351,271,80
220000027,71,83,-12
220000028,55,58,-3
220000029,121,228,-107
220000030,128,97,31
220000031,541,364,177
220000064,28,1052,-1024
221000046,11,0,11
221000047,0,3,-3
221000048,0,0,0
221000049,0,16,-16
221000050,25,0,25
221000055,57,46,11
221000057,87,8,79
221000068,396,119,277
221000069,317,72,245
221000070,178,36,142
221000071,61,15,46
221000072,206,19,187
221000073,173,56,117
221000074,5,14,-9
221000075,18,21,-3
221000076,15,45,-30
221000077,24,121,-97
221000081,22,7,15
221000082,55,5,50
221000083,25,7,18
221000084,7,6,1
221000085,19,70,-51
221000086,24,123,-99
221000087,3,150,-147
221000088,19,223,-204
221000089,41,323,-282
221000090,163,586,-423
221000098,106,17,89
221000099,147,15,132
221000100,88,10,78
221000101,251,19,232
221000102,122,12,110
221000109,12,148,-136
221000110,6,135,-129
221000111,31,209,-178
221000112,7,181,-174
221000113,18,193,-175
221000114,6,151,-145
221000120,46,23,23
221000121,17,22,-5
221000122,58,28,30
221000123,26,19,7
221000124,51,209,-158
221000155,102,18,84
221000156,53,25,28
221000175,19,12,7
221000176,7,2,5
221000182,56,8,48
221000241,712,261,451
221000242,227,583,-356
221000243,569,152,417
221000244,307,610,-303
221000245,86,97,-11
221000246,30,291,-261
221000247,68,140,-72
221000248,111,213,-102
221000267,73,732,-659
221000325,112,57,55
221000331,8,88,-80
221000338,10,40,-30
221000378,188,32,156
221000381,40,51,-11
222000282,11,0,11
222000296,3,34,-31
222000568,279,27,252
222000569,182,51,131
222000570,107,22,85
222000571,236,43,193
222000577,13,149,-136
222000578,30,203,-173
222000579,37,136,-99
222000580,108,925,-817
222000599,1,131,-130
222000600,4,391,-387
222000601,10,1244,-1234
222000603,18,50,-32
222000604,5,44,-39
222000605,8,28,-20
222000606,12,15,-3
222000607,9,7,2
222000608,18,20,-2
222000609,124,244,-120
222000616,322,80,242
222000617,3,27,-24
222000618,10,17,-7
222000620,40,7,33
222000621,79,15,64
222000623,642,9,633
222000624,387,6,381
222000625,641,32,609
222000636,39,5,34
222000686,28,29,-1
222000687,62,35,27
222001066,343,3,340
222001067,8,12,-4
222001068,30,48,-18
222001069,35,49,-14
222001082,11,61,-50
222001083,13,68,-55
222001084,1,64,-63
222001085,1,139,-138
222001111,49,159,-110
222001112,96,22,74
222001313,42,5,37
222001314,10,133,-123
222001464,86,52,34
222001465,40,115,-75
222001484,111,87,24
222001485,40,66,-26
222001494,440,225,215
222001495,182,321,-139
222001496,284,117,167
222001497,126,556,-430
222001502,29,123,-94
222001503,208,72,136
222001504,36,314,-278
222001505,263,17,246
222001506,54,430,-376
222001507,359,30,329
222001510,351,34,317
222001511,54,432,-378
222001514,586,268,318
222001515,300,651,-351
222001518,272,70,202
222001519,49,272,-223
222001527,314,89,225
222001528,91,215,-124
222001529,251,57,194
222001530,47,211,-164
222001533,159,318,-159
222001534,384,84,300
222001535,239,334,-95
222001536,96,303,-207
222001537,308,43,265
222001538,70,500,-430
222001563,551,72,479
222001564,61,663,-602
222001568,539,151,388
222001576,4,1,3
222001579,0,6,-6
222001583,18,174,-156
222001584,103,21,82
222001596,662,1307,-645
222001597,2118,253,1865
222001626,2,191,-189
222001650,183,99,84
222001651,152,107,45
222001914,201,117,84
222001915,80,209,-129
222001968,515,316,199
222001969,636,839,-203
222001970,173,281,-108
222001971,16,18,-2
222001972,1,27,-26
225000001,552,195,357
225000002,860,158,702
225000003,661,66,595
225000004,354,204,150
225000005,49,47,2
225000006,0,208,-208
225000007,2039,1546,493
225000010,376,13,363
225000011,426,982,-556
225000012,183,542,-359
225000013,73,92,-19
225000014,979,87,892
225000015,101,185,-84
225000021,742,209,533
225000027,239,598,-359
225000032,665,180,485
225000042,102,773,-671
225000049,42,60,-18
225000050,64,14,50
225000053,4,347,-343
225000058,675,179,496
225000067,197,187,10
225000068,155,373,-218
225000069,147,502,-355
225000070,101,388,-287
225000071,56,229,-173
225000075,32,1097,-1065
225000076,103,129,-26
225000078,74,69,5
225000085,82,178,-96
225000086,262,79,183
225000087,207,21,186
225000088,21,166,-145
225000089,357,1059,-702
225000090,47,501,-454
225000091,194,191,3
225000092,33,93,-60
225000093,207,365,-158
225000094,27,349,-322
225000095,363,492,-129
225000096,393,548,-155
225000098,663,340,323
225000099,337,168,169
225000100,339,171,168
225000104,102,521,-419
225000110,9,455,-446
225000111,337,1313,-976
225000112,417,1351,-934
225000113,230,606,-376
225000114,85,272,-187
225000115,2103,740,1363
225000116,1222,268,954
225000117,803,301,502
225000118,1014,267,747
225000119,190,93,97
225000120,671,54,617
225000121,435,29,406
225000123,598,26,572
225000125,350,269,81
225000126,803,180,623
225000127,725,1210,-485
225000128,455,791,-336
225000132,282,18,264
225000133,276,23,253
225000134,544,181,363
225000135,68,20,48
225000136,271,12,259
225000137,216,73,143
225000138,366,85,281
225000143,86,241,-155
225000144,1,401,-400
225000145,48,59,-11
225000146,77,115,-38
225000147,40,339,-299
225000148,8,286,-278
225000149,76,486,-410
225000151,29,239,-210
225000155,400,561,-161
225000156,143,1048,-905
225000157,227,415,-188
225000158,76,338,-262
225000171,6,192,-186
225000180,27,3,24
225000181,0,65,-65
225000182,86,23,63
225000185,6,441,-435
225000187,41,385,-344
225000191,96,2,94
225000194,1,5,-4
225000208,3,47,-44
225000209,87,17,70
225000210,19,265,-246
225000217,0,20,-20
225000218,37,0,37
225000223,1,33,-32
225000224,148,1,147
225000225,0,18,-18
225000226,44,2,42
225000227,45,110,-65
225000228,7,33,-26
225000229,0,88,-88
225000230,96,0,96
225000231,0,83,-83
225000232,229,0,229
225000241,90,3,87
225000242,1,36,-35
225000249,22,0,22
225000250,44,935,-891
225000251,331,42,289
225000254,8,1,7
225000256,8,115,-107
225000257,0,56,-56
226000042,397,522,-125
226000043,95,295,-200
226000044,129,667,-538
226000045,96,437,-341
226000046,269,78,191
226000047,383,82,301
226000048,379,103,276
226000049,232,145,87
226000070,0,38,-38
226000071,1,56,-55
226000072,0,19,-19
226000073,1,12,-11
226000074,0,7,-7
226000084,2,57,-55
226000085,3,6,-3
226000086,0,12,-12
226000087,13,12,1
226000088,69,36,33
226000090,204,64,140
226000091,26,29,-3
226000092,63,11,52
226000093,37,1,36
226000094,13,1,12
226000095,28,13,15
226000105,7,1,6
226000106,12,0,12
226000107,8,0,8
226000108,38,0,38
226000109,61,0,61
226000124,106,48,58
226000134,704,453,251
226000135,1280,540,740
226000136,625,387,238
226000137,7,430,-423
226000138,6,231,-225
226000139,1,33,-32
226000156,147,2,145
226000157,178,11,167
226000163,97,78,19
226000202,17,444,-427
226000231,331,15,316
226000232,38,3,35
227000033,360,79,281
227000036,333,30,303
227000037,293,30,263
227000038,239,39,200
227000084,1,109,-108
227000085,0,69,-69
227000088,53,6,47
227000089,160,1,159
227000090,54,2,52
227000091,18,0,18
227000092,51,1,50
227000093,168,1,167
227000094,18,0,18
227000130,25,69,-44
227000131,27,239,-212
227000132,11,254,-243
227000133,17,260,-243
227000134,16,478,-462
227000152,0,2,-2
227000153,0,60,-60
227000154,1,23,-22
227000155,0,26,-26
227000156,0,14,-14
227000165,5,33,-28
227000196,330,252,78
227000199,306,537,-231
227000230,18,493,-475
227000232,521,24,497
227000242,64,645,-581
227000243,531,75,456
227000245,10,417,-407
227000246,153,570,-417
227000247,398,78,320
227000248,353,38,315
227000249,30,235,-205
227000250,555,192,363
227000251,188,225,-37
227000252,30,433,-403
227000253,135,27,108
227000262,389,61,328
227000266,1198,23,1175
227000267,75,1673,-1598
227000282,2,164,-162
227000284,572,17,555
227000286,1,110,-109
227000287,12,130,-118
227000291,19,510,-491
227000296,314,230,84
227000484,330,30,300
227000485,31,912,-881
227000655,146,16,130
227000656,714,30,684
227000657,122,12,110
227000661,347,21,326
227000680,219,72,147
229000265,18,42,-24
229000296,5,8,-3
229000297,3,23,-20
229000298,4,117,-113
229000320,14,11,3
229000321,23,26,-3
229000412,18,61,-43
229000414,4,49,-45
229000415,36,3,33
229000416,1,1,0
229000417,4,28,-24
229000419,143,276,-133
229000440,330,58,272
229000442,11,2,9
229000443,3,4,-1
229000444,8,23,-15
229000445,78,8,70
229000446,61,24,37
229000491,1,17,-16
229000492,7,96,-89
229000493,0,77,-77
229000494,33,3,30
229000495,76,6,70
229000496,30,0,30
229000507,1,46,-45
229000508,0,41,-41
229000509,0,60,-60
229000510,2,33,-31
229000511,2,47,-45
229000512,0,27,-27
229000513,0,10,-10
229000514,0,2,-2
229000517,3,13,-10
229000518,13,29,-16
229000519,0,13,-13
229000520,7,40,-33
229000521,58,17,41
229000522,11,8,3
229000523,4,7,-3
229000524,3,4,-1
229000527,1,1,0
229000528,0,1,-1
229000529,2,0,2
229000530,52,3,49
229000531,37,1,36
229000532,28,1,27
229000533,72,0,72
229000534,57,0,57
229000564,39,0,39
229000565,18,0,18
229000566,0,16,-16
229000567,1,45,-44
229000582,58,3,55
229000583,2,0,2
229000584,0,40,-40
229000585,4,58,-54
229000718,0,3,-3
229000719,0,2,-2
229000720,0,7,-7
229000721,0,13,-13
229000722,0,14,-14
229000723,0,10,-10
229000724,0,3,-3
229000725,0,5,-5
229000738,2,0,2
229000739,1,0,1
229000740,4,0,4
229000741,12,0,12
229000742,1,0,1
229000743,6,0,6
229000744,0,0,0
229000745,2,0,2
229000746,23,0,23
229000847,37,0,37
229000848,14,0,14
229000849,92,0,92
229000851,25,0,25
229000854,0,28,-28
229000856,1,107,-106
229000857,1,30,-29
229000858,0,56,-56
229000919,17,108,-91
229000930,4,230,-226
229000937,113,24,89
229000966,38,11,27
229000981,14,34,-20
229000985,7,33,-26
229000986,1,5,-4
229000987,0,0,0
229000988,0,8,-8
229000989,6,19,-13
229000990,16,1,15
229000991,3,3,0
229000992,13,7,6
229000993,126,14,112
229000998,4,69,-65
229000999,77,12,65
229001034,0,14,-14
229001035,15,1,14
229001037,78,16,62
229001042,15,12,3
229001047,4,49,-45
229001050,34,34,0
229001168,0,18,-18
229001200,13,1,12
229001338,2,46,-44
229001394,161,4,157
229001422,134,29,105
229001423,35,170,-135
229001431,67,45,22
229001432,42,64,-22
229001444,181,30,151
229001445,35,149,-114
229001479,9,4,5
229001503,185,88,97
229001504,108,155,-47
229001505,85,46,39
229001506,73,140,-67
229001509,46,17,29
229001545,65,14,51
229001546,17,112,-95
229001553,129,18,111
229001554,44,105,-61
229001559,6,29,-23
229001560,18,40,-22
229001630,64,25,39
229001631,3,36,-33
229001635,0,7,-7
229001636,19,2,17
229001658,1,103,-102
229001659,74,1,73
229001660,16,5,11
229001661,6,23,-17
229001662,52,0,52
229001663,0,20,-20
229002584,169,132,37
229002831,157,160,-3
229002841,6,19,-13
229002842,20,33,-13
229002843,113,19,94
229002844,43,62,-19
229002845,16,81,-65
229002846,27,12,15
229002847,2,15,-13
229002848,9,23,-14
229002849,1,74,-73
229002850,15,0,15
229002851,33,155,-122
229002852,312,33,279
229002853,138,36,102
229002854,30,62,-32
229002855,9,22,-13
229002856,43,12,31
229002857,9,107,-98
229002858,20,12,8
229002859,42,62,-20
229002860,349,16,333
229002861,91,25,66
229002862,49,20,29
229002863,31,14,17
229002864,36,33,3
229002865,11,10,1
229002866,14,17,-3
229002867,2,32,-30
229002868,21,18,3
229002869,23,136,-113
229002870,71,7,64
235000066,442,73,369
235000067,134,107,27
235000072,23,57,-34
235000073,76,319,-243
235000074,24,82,-58
235000080,31,100,-69
235000081,135,122,13
235000082,145,52,93
235000083,188,84,104
235000084,70,67,3
235000085,148,61,87
235000089,18,45,-27
235000092,22,165,-143
235000093,6,4,2
235000097,1,11,-10
235000098,46,20,26
235000099,20,22,-2
235000116,55,20,35
235000117,690,15,675
235000133,8,369,-361
235000134,9,128,-119
235000206,4,1,3
235000207,7,1,6
235000208,4,3,1
235000209,24,3,21
235000210,23,6,17
235000212,2,28,-26
235000213,2,12,-10
235000220,2,4,-2
235000221,68,13,55
235000238,20,60,-40
235000239,1,16,-15
235000242,342,432,-90
235000245,548,188,360
235000246,10,59,-49
235000284,12,102,-90
235000295,150,17,133
235000305,324,27,297
235000306,163,10,153
235000307,16,2,14
235000308,25,3,22
235000309,71,0,71
235000310,52,1,51
235000311,154,32,122
235000322,0,33,-33
235000323,0,63,-63
235000324,6,21,-15
235000325,0,21,-21
235000326,10,212,-202
235000351,3,61,-58
235000352,29,50,-21
235000353,0,34,-34
235000354,6,31,-25
235000355,16,78,-62
235000356,223,13,210
235000357,22,10,12
235000358,90,3,87
235000359,16,3,13
235000360,84,12,72
235000361,34,17,17
235000381,93,189,-96
235000382,153,47,106
235000390,7,1,6
235000391,107,22,85
235000392,147,265,-118
235000393,97,147,-50
235000395,110,28,82
235000396,356,73,283
235000400,78,29,49
235000401,42,167,-125
235000405,103,249,-146
235000406,26,243,-217
235000407,80,109,-29
235000409,176,130,46
235000410,16,271,-255
235000411,2,86,-84
235000485,0,5,-5
235000486,10,0,10
235000549,72,95,-23
235000550,78,192,-114
235000599,151,69,82
235000600,5,8,-3
235000601,13,25,-12
235000602,112,83,29
235000614,2,6,-4
235000648,1,17,-16
235000649,46,11,35
235000685,1,5,-4
235000815,6,22,-16
235000834,0,14,-14
235000855,40,72,-32
235000862,24,121,-97
235000891,0,10,-10
235000892,24,6,18
235000901,96,108,-12
235000907,4,13,-9
235001010,71,90,-19
235001029,601,462,139
235001030,375,271,104
235001078,80,81,-1
235001079,42,82,-40
235001147,2,60,-58
235001166,17,71,-54
235001167,36,65,-29
235001169,32,319,-287
235001188,0,8,-8
235001189,0,0,0
235001197,7,11,-4
235001200,24,54,-30
235001207,221,25,196
235001210,12,97,-85
235001215,34,96,-62
235001239,2,49,-47
235001244,0,7,-7
235016267,0,88,-88
277101746,0,1,-1
277102712,0,0,0
277103813,0,1,-1
277103814,0,0,0
277103898,0,0,0
277104249,0,2,-2
277104250,0,5,-5
277104251,0,9,-9
277104252,0,0,0
990011530,1,229,-228
990014944,4,590,-586
990015176,56,0,56
990015618,1,236,-235
990016032,3,547,-544
990032570,5,46,-41
990070001,51,4,47
990070103,0,5,-5
990070601,0,54,-54
990070751,829,94,735
990070766,1,489,-488
990071180,556,238,318
990071343,27,4,23
990071387,0,27,-27
990071823,529,0,529
990072600,6,779,-773
990072964,0,389,-389
990073285,0,3,-3
990074393,1,1035,-1034
990074870,1378,76,1302
990075106,1604,9,1595
990075746,454,3,451
990076437,1128,8,1120
990076458,1,951,-950
997000007,619,6,613
997000041,2,196,-194
997000058,42,0,42
997000062,48,0,48
997000069,0,5,-5
997000070,0,49,-49
997000100,40,0,40
997000141,31,3174,-3143
997000198,420,1756,-1336
998000475,2,44,-42
998000736,2,157,-155
998000965,0,17,-17
998001031,1,70,-69
998001700,0,33,-33
998001899,0,1,-1
998001900,15,3,12
998003073,1324,44,1280
998101900,0,0,0
998102850,0,219,-219
998501927,1160,574,586
998501929,162,26,136
998501930,53,1,52
998501931,116,31,85
998501932,28,24,4
998501933,53,4,49
998501937,24,4,20
998501944,4,0,4
998501950,0,66,-66
998501970,63,2,61
998501971,0,108,-108
998501973,0,45,-45
998501974,2,284,-282
998501975,200,2,198
998501976,171,1,170
998501977,0,35,-35
998501978,42,1,41
998501979,0,15,-15
998501980,88,1,87
998501981,38,1,37
998501982,1,103,-102
998501983,1,35,-34
998502006,0,1,-1
998502024,0,8,-8
998502032,0,3,-3
998502062,9,0,9
998502063,0,0,0
998502173,27,0,27
998502269,0,1,-1
998502546,1,186,-185
998502578,0,0,0
998601159,2,245,-243
998601292,0,31,-31
999033574,0,515,-515
999800001,52,4,48
999800002,0,1,-1
999800003,1,0,1
999800004,0,3,-3
999800005,0,3,-3
