ID,insum,outsum,diff
100000001,448,508,-60
100000002,2512,2197,315
100000003,3726,3321,405
100000004,715,662,53
100000005,1689,3386,-1697
100000006,552,93,459
100000007,1424,601,823
100000008,201,442,-241
100000009,486,190,296
100000010,74,96,-22
100000011,1014,163,851
100000012,134,775,-641
100000013,110,212,-102
100000014,382,335,47
100000015,1412,1566,-154
100000016,813,1006,-193
100000017,605,652,-47
100000018,1147,441,706
100000019,3086,1431,1655
100000020,1352,4259,-2907
100000021,3710,1647,2063
100000022,1155,1441,-286
100000023,3738,1147,2591
100000025,1164,901,263
100000028,1293,888,405
100000029,210,220,-10
100000030,248,42,206
100000031,2183,4114,-1931
100000032,1712,2229,-517
100000033,710,1553,-843
100000034,222,429,-207
100000035,1017,830,187
100000036,1342,839,503
100000037,583,368,215
100000038,1757,785,972
100000039,451,247,204
100000040,111,146,-35
100000041,905,402,503
100000042,952,382,570
100000043,750,428,322
100000044,425,594,-169
100000045,510,822,-312
100000046,608,652,-44
100000047,332,388,-56
100000048,472,443,29
100000049,1227,1337,-110
100000051,498,719,-221
100000053,206,4,202
100000054,470,39,431
100000055,1295,264,1031
100000056,515,350,165
100000057,1512,503,1009
100000058,889,832,57
100000059,10,98,-88
100000060,378,252,126
100000061,1909,402,1507
100000062,1843,559,1284
100000063,664,259,405
100000064,1187,275,912
100000065,413,529,-116
100000066,180,462,-282
100000067,415,662,-247
100000068,411,1276,-865
100000069,252,1114,-862
100000072,284,672,-388
100000073,775,852,-77
100000075,575,254,321
100000076,1362,1695,-333
100000077,227,182,45
100000078,15,20,-5
100000079,30,38,-8
100000080,31,55,-24
100000081,145,154,-9
100000102,2124,1723,401
100000103,2123,862,1261
100000104,3036,1687,1349
100000105,2261,1195,1066
100000106,1701,1680,21
100000107,408,772,-364
100000108,478,752,-274
100000109,2034,1023,1011
100000116,1101,736,365
100000117,56,93,-37
100000118,1105,1065,40
100000119,549,644,-95
100000121,253,411,-158
100000122,602,860,-258
100000123,2001,2767,-766
100000124,3904,3894,10
100000125,3066,1564,1502
100000126,572,315,257
100000127,1096,304,792
100000128,1398,2054,-656
100000129,392,373,19
100000130,355,376,-21
100000131,1689,1792,-103
100000132,847,1812,-965
100000133,3622,1653,1969
100000135,501,965,-464
100000139,350,390,-40
100000140,233,250,-17
100000142,370,478,-108
100000143,1090,543,547
100000144,2721,802,1919
100000147,944,2472,-1528
100000150,55,317,-262
100000151,784,967,-183
100000153,184,312,-128
100000154,31,118,-87
100000155,17,38,-21
100000156,362,461,-99
100000157,116,117,-1
100000158,261,108,153
100000159,285,529,-244
100000165,1388,797,591
100000169,183,424,-241
100000174,503,427,76
100000179,86,407,-321
100000180,1142,1452,-310
100000181,421,159,262
100000188,95,181,-86
100000189,785,335,450
100000190,629,841,-212
100000191,593,486,107
100000192,17,96,-79
100000193,341,177,164
100000330,1096,729,367
100000355,233,445,-212
100000362,4184,2554,1630
100000363,3358,3721,-363
100000364,217,263,-46
100000365,4844,6315,-1471
100000366,5669,2602,3067
100000367,4509,5370,-861
100000368,2567,1236,1331
100000369,779,1132,-353
100000370,171,583,-412
100000376,113,126,-13
100000379,1761,1329,432
100000380,3452,2963,489
100000384,4036,3808,228
100000385,3567,3351,216
100000386,6257,3641,2616
100000387,4251,4059,192
100000388,4941,4219,722
100000389,4588,4508,80
100000390,5134,4730,404
100000391,4254,5145,-891
100000392,3359,3263,96
100000393,2376,3473,-1097
100000394,6729,6391,338
100000395,4191,3828,363
100000396,7403,3511,3892
100000397,4548,6524,-1976
100000398,8923,7008,1915
100000413,14,6,8
100000414,198,297,-99
100900002,9,15,-6
100900003,274,185,89
100900004,13,684,-671
100900005,68,10,58
100900006,8,97,-89
100900007,185,9,176
100900008,0,268,-268
100900009,61,136,-75
100900010,73,46,27
100900011,95,151,-56
100900012,0,173,-173
100900013,572,12,560
100900014,4,7,-3
100900015,53,44,9
100900016,1,55,-54
100900017,564,47,517
100900018,0,27,-27
100900019,11,70,-59
100900020,266,5,261
100900021,290,0,290
100900022,13,22,-9
100900023,0,14,-14
100900024,432,3,429
100900025,18,6,12
100900026,67,82,-15
100900027,362,1785,-1423
100900028,101,145,-44
100900029,64,4,60
100900030,7,72,-65
100900031,475,23,452
100900032,236,0,236
100900033,192,153,39
100900034,524,1,523
100900035,326,0,326
100900036,22,0,22
100900037,97,109,-12
100900038,92,24,68
100900039,280,367,-87
100900040,394,513,-119
100900041,490,483,7
100900042,1209,1715,-506
100900043,0,9,-9
100900044,1198,293,905
100900045,24,0,24
100900046,862,8,854
100900047,500,146,354
100900048,132,30,102
100900049,71,129,-58
100900050,9,13,-4
100900051,45,61,-16
100900052,203,21,182
100900053,370,23,347
100900054,16,88,-72
100900055,127,470,-343
100900056,83,120,-37
100900057,1012,918,94
100900058,129,36,93
100900059,65,10,55
100900060,169,6,163
100900061,298,143,155
100900062,7,19,-12
100900063,218,433,-215
100900064,589,21,568
100900065,51,69,-18
100900066,126,119,7
100900067,7,7,0
100900068,66,71,-5
100900069,269,6,263
100900070,234,5,229
100900071,601,173,428
100900072,3,45,-42
100900073,98,240,-142
100900074,8,5,3
100900075,1256,242,1014
100900076,5,26,-21
100900077,36,57,-21
100900078,59,171,-112
100900079,13,32,-19
100900080,17,129,-112
100900081,18,85,-67
100900082,149,410,-261
100900083,17,28,-11
100900085,13,335,-322
100900086,93,406,-313
100900088,90,362,-272
100900089,3,11,-8
100900090,93,296,-203
100900091,2,15,-13
100900092,116,111,5
100900093,188,215,-27
100900094,141,302,-161
100900095,3,31,-28
100900096,36,74,-38
100900097,6,9,-3
100900098,32,16,16
100900099,36,326,-290
100900100,10,276,-266
100900101,173,20,153
100900102,7,34,-27
100900103,15,12,3
100900104,9,72,-63
100900105,15,172,-157
100900106,27,3,24
100900107,1154,627,527
100900108,3,16,-13
100900109,37,37,0
100900110,1,12,-11
100900111,39,97,-58
100900112,12,13,-1
100900113,9,26,-17
100900114,24,24,0
100900115,3,18,-15
100900116,563,369,194
100900117,215,581,-366
100900118,10,22,-12
100900119,22,13,9
100900120,0,7,-7
100900121,193,302,-109
100900122,134,107,27
100900123,44,161,-117
100900124,12,7,5
100900125,9,48,-39
100900126,136,127,9
100900127,5,7,-2
100900128,70,104,-34
100900129,3,125,-122
100900131,57,129,-72
100900133,33,37,-4
100900134,5,7,-2
100900135,0,165,-165
100900137,244,136,108
100900138,373,306,67
100900139,15,7,8
100900140,4,313,-309
100900141,1,315,-314
100900142,2,5,-3
100900143,631,319,312
100900144,3,2,1
100900145,56,182,-126
100900146,1,51,-50
100900147,9,280,-271
100900148,32,398,-366
100900149,24,140,-116
100900150,0,29,-29
100900151,108,282,-174
100900152,134,1,133
100900153,2,118,-116
100900154,64,99,-35
100900155,21,9,12
100900156,18,4,14
100900157,2,114,-112
100900159,0,35,-35
100900160,20,5,15
100900161,48,6,42
100900162,19,174,-155
100900163,137,157,-20
100900164,19,40,-21
100900165,4,16,-12
100900166,17,3,14
100900167,7,39,-32
100900168,22,116,-94
100900169,131,747,-616
100900170,63,6,57
100900171,16,529,-513
100900172,0,17,-17
100900173,13,219,-206
100900174,100,35,65
100900176,956,116,840
100900177,472,180,292
100900178,194,135,59
100900179,115,104,11
100900180,10,4,6
100900181,62,74,-12
100900182,25,14,11
100900184,11,114,-103
100900186,408,308,100
100900187,9,85,-76
100900188,19,3,16
100900189,858,147,711
100900191,806,807,-1
100900192,224,306,-82
100900195,100,98,2
100900197,30,14,16
100900198,24,111,-87
100900199,4,5,-1
100900200,571,326,245
100900201,60,424,-364
100900202,102,0,102
100900203,2,174,-172
100900204,358,522,-164
100900205,164,402,-238
100900206,107,42,65
100900207,189,95,94
100900210,43,324,-281
100900211,329,96,233
100900213,116,25,91
100900214,474,95,379
100900215,13,40,-27
100900217,109,68,41
101000001,2460,1623,837
101000002,3315,3269,46
101000003,381,999,-618
101000004,5660,5418,242
101000005,2305,3087,-782
101000006,3725,4607,-882
101000007,1664,2254,-590
101000009,1561,1203,358
101000010,682,933,-251
101000011,927,384,543
101000012,1271,650,621
101000013,473,851,-378
101000014,356,512,-156
101000015,895,653,242
101000016,254,324,-70
101000017,454,388,66
101000018,2958,1924,1034
101000020,2556,879,1677
101000021,857,396,461
101000022,8,3,5
101000023,1264,595,669
101000025,223,300,-77
101000026,245,15,230
101000027,1461,1902,-441
101000028,557,166,391
101000029,160,1220,-1060
101000030,1387,73,1314
101000031,593,438,155
101000032,6441,3909,2532
101000033,2051,2325,-274
101000034,1808,1224,584
101000035,660,225,435
101000036,1582,810,772
101000037,2705,1379,1326
101000039,1797,1489,308
101000040,2515,2679,-164
101000041,7219,6316,903
101000042,377,905,-528
101000043,5644,5482,162
101000045,1280,958,322
101000046,2770,1330,1440
101000047,1643,2839,-1196
101000048,473,420,53
101000049,585,1448,-863
101000050,1428,1311,117
101000051,1524,2063,-539
101000052,1334,764,570
101000053,753,1001,-248
101000054,1131,828,303
101000055,1110,921,189
101000056,59,71,-12
101000057,1626,916,710
101000058,1009,845,164
101000059,1783,1786,-3
101000060,1508,564,944
101000061,747,993,-246
101000062,726,646,80
101000063,534,818,-284
101000064,1099,877,222
101000065,370,484,-114
101000066,979,929,50
101000067,1423,1004,419
101000068,318,396,-78
101000069,274,83,191
101000070,1095,881,214
101000071,1318,726,592
101000072,677,2166,-1489
101000073,678,1133,-455
101000074,4259,2837,1422
101000075,3549,4383,-834
101000077,1175,940,235
101000078,731,1551,-820
101000079,565,363,202
101000080,444,406,38
101000081,1664,1363,301
101000082,2891,2605,286
101000083,2231,2056,175
101000084,1101,741,360
101000085,1233,1001,232
101000086,1104,913,191
101000087,872,922,-50
101000088,971,943,28
101000089,842,1239,-397
101000090,1725,1036,689
101000091,418,660,-242
101000092,811,760,51
101000093,1053,692,361
101000094,856,662,194
101000095,457,499,-42
101000096,328,457,-129
101000097,398,278,120
101000098,293,369,-76
101000099,846,722,124
101000100,733,607,126
101000101,310,311,-1
101000102,674,385,289
101000103,695,360,335
101000104,352,511,-159
101000105,483,342,141
101000106,435,609,-174
101000107,207,303,-96
101000108,662,230,432
101000109,281,58,223
101000110,28,326,-298
101000111,86,136,-50
101000113,137,554,-417
101000114,6468,5267,1201
101000115,240,169,71
101000116,77,72,5
101000117,874,190,684
101000119,50,48,2
101000120,73,30,43
101000121,77,41,36
101000122,161,80,81
101000123,50,75,-25
101000124,529,195,334
101000125,214,391,-177
101000128,326,306,20
101000130,163,231,-68
101000131,557,480,77
101000132,540,620,-80
101000135,59,49,10
101000136,453,166,287
101000137,39,207,-168
101000141,1077,2298,-1221
101000147,655,372,283
101000148,921,11,910
101000149,245,312,-67
101000150,70,529,-459
101000151,181,41,140
101000152,290,318,-28
101000153,427,234,193
101000154,160,818,-658
101000155,211,100,111
101000156,22,278,-256
101000157,39,18,21
101000160,61,102,-41
101000163,177,299,-122
101000164,390,298,92
101000165,218,313,-95
101000166,197,263,-66
101000168,766,348,418
101000252,1675,777,898
101000254,249,80,169
101000258,13,5,8
101000261,113,56,57
101000262,938,1861,-923
101000263,200,719,-519
101000265,49,562,-513
101000266,266,208,58
101000269,35,10,25
101000290,487,1610,-1123
101000293,14,33,-19
101000294,502,341,161
101000295,133,338,-205
101000301,503,324,179
101000304,1548,1986,-438
101000305,2403,1115,1288
101000328,128,315,-187
101900001,42,68,-26
101900002,0,13,-13
101900003,62,92,-30
101900004,1,77,-76
101900005,2612,1865,747
101900006,638,360,278
101900007,470,134,336
101900008,77,249,-172
101900009,45,284,-239
101900010,676,485,191
101900011,120,682,-562
101900012,101,147,-46
101900013,734,192,542
101900017,13,113,-100
101900018,898,192,706
101900019,226,138,88
101900020,73,50,23
101900021,1,40,-39
101900022,110,658,-548
101900023,117,139,-22
101900026,115,39,76
101900027,19,90,-71
102000001,1750,3125,-1375
102000002,2003,837,1166
102000003,2352,5244,-2892
102000004,4509,2252,2257
102000005,950,1415,-465
102000006,1041,1456,-415
102000007,1107,3068,-1961
102000008,3035,1127,1908
102000009,4465,5642,-1177
102000010,4241,2501,1740
102000011,2449,1877,572
102000012,2863,2450,413
102000018,2459,2028,431
102000019,1629,1140,489
102000026,121,388,-267
102000029,287,199,88
102000030,94,273,-179
102000031,73,129,-56
102000032,363,207,156
102000033,201,283,-82
102000034,384,286,98
102000035,632,427,205
102000036,9,157,-148
102000037,117,44,73
102000038,135,289,-154
102000039,189,52,137
102000040,415,224,191
102000041,180,369,-189
102000042,146,212,-66
102000043,208,163,45
102000044,342,259,83
102000045,614,695,-81
102000046,846,506,340
102000047,635,832,-197
102000048,259,555,-296
102000049,856,551,305
102000050,950,1011,-61
102000051,370,545,-175
102000052,944,585,359
102000053,680,733,-53
102000054,547,760,-213
102000055,965,411,554
102000056,782,737,45
102000057,1067,412,655
102000058,857,984,-127
102000059,1225,964,261
102000060,877,709,168
102000061,1201,1356,-155
102000062,1211,807,404
102000063,773,965,-192
102000064,477,548,-71
102000065,37,107,-70
102000066,819,552,267
102000067,1538,2110,-572
102000068,5482,1993,3489
102000069,40,1231,-1191
102000070,1225,29,1196
102000071,5210,6490,-1280
102000072,2398,2798,-400
102000073,363,358,5
102000074,440,587,-147
102000075,104,168,-64
102000076,165,283,-118
102000077,517,588,-71
102000078,822,532,290
102000079,150,198,-48
102000080,254,167,87
102000081,230,583,-353
102000082,487,277,210
102000083,419,227,192
102000084,220,185,35
102000085,1157,772,385
102000086,868,677,191
102000087,547,1149,-602
102000088,247,207,40
102000089,946,286,660
102000090,320,834,-514
102000091,873,337,536
102000092,279,448,-169
102000093,539,684,-145
102000094,793,587,206
102000095,870,817,53
102000096,545,676,-131
102000097,635,521,114
102000098,418,464,-46
102000099,660,594,66
102000100,640,754,-114
102000101,691,432,259
102000102,249,874,-625
102000103,929,347,582
102000104,440,259,181
102000105,262,373,-111
102000106,758,399,359
102000107,1118,396,722
102000108,567,133,434
102000109,406,415,-9
102000110,934,917,17
102000111,5,229,-224
102000112,202,80,122
102000113,17,23,-6
102000114,629,284,345
102000115,222,261,-39
102000116,329,341,-12
102000117,214,428,-214
102000118,856,889,-33
102000119,1244,582,662
102000120,153,326,-173
102000121,721,344,377
102000122,489,729,-240
102000123,857,742,115
102000124,820,844,-24
102000125,691,662,29
102000126,549,547,2
102000127,872,496,376
102000128,513,780,-267
102000129,1229,583,646
102000130,558,672,-114
102000131,1055,411,644
102000132,401,467,-66
102000133,1626,1339,287
102000134,631,525,106
102000135,561,640,-79
102000136,661,416,245
102000137,639,494,145
102000138,163,254,-91
102000139,95,282,-187
102000140,202,271,-69
102000141,136,295,-159
102000142,262,285,-23
102000143,140,324,-184
102000144,297,261,36
102000145,283,339,-56
102000146,347,238,109
102000147,375,364,11
102000148,183,382,-199
102000149,126,278,-152
102000150,262,105,157
102000151,81,215,-134
102000152,114,116,-2
102000153,1043,514,529
102000154,232,508,-276
102000155,99,285,-186
102000156,350,121,229
102000157,81,338,-257
102000158,381,381,0
102000159,736,366,370
102000161,2635,1584,1051
102000162,124,109,15
102000163,89,408,-319
102000164,681,979,-298
102000165,208,158,50
102000166,86,209,-123
102000167,183,181,2
102000168,225,157,68
102000169,90,394,-304
102000170,336,111,225
102000171,97,84,13
102000172,39,223,-184
102000173,379,227,152
102000174,38,49,-11
102000175,125,77,48
102000176,41,22,19
102000178,236,343,-107
102000179,344,194,150
102000180,761,346,415
102000181,655,490,165
102000182,469,462,7
102000183,1457,1383,74
102000184,1634,682,952
102000185,2196,1156,1040
102000186,1127,1529,-402
102000187,715,1175,-460
102000188,890,1090,-200
102000189,1805,581,1224
102000190,459,1827,-1368
102000191,979,314,665
102000192,882,1081,-199
102000193,50,110,-60
102000194,37,74,-37
102000195,383,338,45
102000196,197,276,-79
102000197,559,278,281
102000198,195,638,-443
102000199,867,242,625
102000200,215,795,-580
102000201,827,323,504
102000202,6,103,-97
102000203,278,131,147
102000204,380,456,-76
102000205,798,291,507
102000206,478,417,61
102000207,568,296,272
102000208,300,359,-59
102000209,101,46,55
102000210,422,299,123
102000211,287,201,86
102000212,258,14,244
102000213,6,250,-244
102000214,193,9,184
102000215,12,328,-316
102000216,35,48,-13
102000217,16,92,-76
102000218,277,160,117
102000219,391,206,185
102000225,449,411,38
102000226,1621,726,895
102000227,157,0,157
102000228,0,73,-73
102000229,40,36,4
102000230,233,307,-74
102000231,236,256,-20
102000232,20,114,-94
102000233,286,489,-203
102000234,82,795,-713
102000236,218,72,146
102000237,433,100,333
102000238,151,224,-73
102000240,495,598,-103
102000241,118,93,25
102000243,26,42,-16
102000245,19,107,-88
102000246,11,19,-8
102000247,630,558,72
102000248,382,638,-256
102000249,153,95,58
102000250,64,242,-178
102000254,75,196,-121
102000266,18,172,-154
102000271,28,0,28
102000286,323,260,63
102000297,1316,747,569
102000305,0,0,0
102000307,0,3,-3
102000316,338,260,78
102900001,952,564,388
102900002,312,37,275
102900003,88,200,-112
102900005,325,255,70
102900006,423,111,312
102900007,351,20,331
102900008,168,45,123
102900009,475,239,236
102900010,369,629,-260
102900011,1257,194,1063
102900012,328,57,271
102900013,27,60,-33
102900015,557,509,48
102900016,51,96,-45
102900017,170,403,-233
102900018,29,106,-77
102900019,270,310,-40
102900020,144,29,115
102900021,26,90,-64
102900022,632,186,446
102900023,21,44,-23
102900024,41,40,1
102900025,207,131,76
102900026,281,1476,-1195
102900027,55,34,21
102900028,127,544,-417
102900029,151,156,-5
102900030,372,227,145
102900031,158,116,42
102900032,56,81,-25
102900033,122,138,-16
102900034,365,66,299
102900035,145,270,-125
102900036,230,373,-143
102900037,279,377,-98
102900038,366,381,-15
102900039,12,398,-386
102900040,75,191,-116
102900041,57,122,-65
102900042,130,189,-59
102900043,100,160,-60
102900044,470,1318,-848
102900045,88,412,-324
102900046,94,211,-117
102900047,76,344,-268
102900048,434,417,17
102900049,104,271,-167
102900050,175,204,-29
102900051,160,127,33
102900053,364,478,-114
102900054,560,721,-161
102900055,67,163,-96
102900056,79,289,-210
102900057,4,57,-53
102900058,179,47,132
102900059,11,56,-45
102900060,89,341,-252
102900061,168,409,-241
102900062,197,726,-529
102900063,966,342,624
102900064,109,296,-187
102900065,949,297,652
102900066,276,23,253
102900068,83,54,29
102900070,154,329,-175
102900072,19,55,-36
102900073,111,9,102
102900075,25,45,-20
102900076,150,114,36
102900077,64,41,23
102900078,42,63,-21
102900079,183,9,174
102900080,297,36,261
102900081,67,237,-170
102900082,7,132,-125
102900083,188,15,173
102900084,4,19,-15
102900085,328,122,206
102900086,22,49,-27
102900087,71,110,-39
102900088,33,25,8
102900089,146,94,52
102900090,1,207,-206
102900091,118,0,118
102900092,233,595,-362
102900094,3,88,-85
102900095,110,3,107
102900096,61,28,33
102900097,2,72,-70
103000001,1885,2109,-224
103000002,1545,2003,-458
103000003,2729,2308,421
103000004,577,647,-70
103000005,1310,2198,-888
103000006,582,1187,-605
103000007,302,459,-157
103000008,782,532,250
103000009,898,828,70
103000010,191,88,103
103000011,1252,963,289
103000012,1133,1184,-51
103000013,3176,1732,1444
103000014,1241,1963,-722
103000015,1261,588,673
103000016,384,962,-578
103000017,181,311,-130
103000018,532,261,271
103000019,267,225,42
103000020,2274,1217,1057
103000021,1669,1573,96
103000022,730,911,-181
103000023,599,1306,-707
103000024,78,131,-53
103000025,87,474,-387
103000026,772,114,658
103000027,303,472,-169
103000028,254,244,10
103000029,160,190,-30
103000030,1094,741,353
103000031,961,1348,-387
103000032,1642,1376,266
103000033,2137,2199,-62
103000034,1095,794,301
103000035,334,1119,-785
103000036,338,433,-95
103000037,434,359,75
103000038,325,731,-406
103000039,364,272,92
103000040,338,694,-356
103000041,1298,1554,-256
103000042,987,395,592
103000043,543,673,-130
103000044,229,122,107
103000046,232,378,-146
103000047,524,486,38
103000048,120,152,-32
103000049,78,127,-49
103000050,611,375,236
103000051,341,373,-32
103000052,651,256,395
103000053,135,468,-333
103000054,2423,1273,1150
103000055,1711,1936,-225
103000056,629,1070,-441
103000057,539,204,335
103000058,573,651,-78
103000059,430,614,-184
103000060,693,431,262
103000061,264,687,-423
103000062,900,337,563
103000063,542,759,-217
103000064,134,128,6
103000065,5,360,-355
103000066,233,11,222
103000069,449,308,141
103000070,848,546,302
103000071,842,392,450
103000072,91,452,-361
103000073,450,67,383
103000074,424,65,359
103000075,95,435,-340
103000076,208,257,-49
103000077,24,201,-177
103000078,638,482,156
103000079,523,424,99
103000080,712,238,474
103000081,392,648,-256
103000082,378,159,219
103000083,72,217,-145
103000084,98,2,96
103000085,4,77,-73
103000086,435,300,135
103000087,113,345,-232
103000088,207,243,-36
103000089,234,336,-102
103000090,1494,699,795
103000091,522,391,131
103000092,199,209,-10
103000093,246,258,-12
103000094,163,86,77
103000095,52,240,-188
103000096,434,64,370
103000097,44,541,-497
103000098,674,161,513
103000099,229,498,-269
103000100,62,528,-466
103000101,645,111,534
103000102,84,383,-299
103000103,605,134,471
103000104,37,64,-27
103000105,101,79,22
103000106,10,83,-73
103000107,176,47,129
103000108,712,616,96
103000109,369,350,19
103000110,371,390,-19
103000111,477,359,118
103000112,267,166,101
103000113,510,496,14
103000114,1106,395,711
103000115,505,441,64
103000116,467,366,101
103000117,348,370,-22
103000118,499,516,-17
103000119,737,452,285
103000120,64,96,-32
103000121,258,356,-98
103000122,346,388,-42
103000125,10,227,-217
103000126,500,2,498
103000127,3,147,-144
103000128,143,3,140
103000129,0,107,-107
103000130,37,49,-12
103000131,117,66,51
103000132,60,122,-62
103000133,8,84,-76
103000134,394,442,-48
103000135,378,158,220
103000136,448,334,114
103000137,467,448,19
103000138,585,509,76
103000139,5,45,-40
103000140,128,29,99
103000141,49,104,-55
103000142,178,53,125
103000143,45,120,-75
103000144,164,56,108
103000145,40,92,-52
103000150,91,34,57
103000152,202,244,-42
103000153,214,132,82
103000156,5,258,-253
103000157,322,4,318
103000159,74,27,47
103000162,44,13,31
103000163,17,29,-12
103000164,27,12,15
103000165,87,174,-87
103000166,196,215,-19
103000167,159,116,43
103000168,89,155,-66
103000169,142,295,-153
103000170,642,308,334
103000171,59,72,-13
103000172,218,243,-25
103000173,457,252,205
103000174,133,247,-114
103000175,304,205,99
103000176,538,399,139
103000177,448,331,117
103000178,174,208,-34
103000179,177,54,123
103000183,87,6,81
103000185,92,41,51
103000186,100,133,-33
103000187,419,294,125
103000188,10,39,-29
103000189,727,768,-41
103000191,361,391,-30
103000292,1516,1303,213
103000293,777,1572,-795
103000295,75,73,2
103000296,255,4,251
103000297,8,11,-3
103000504,0,12,-12
103000505,7,14,-7
103000506,0,165,-165
103000507,277,2,275
103000508,45,48,-3
103000509,258,531,-273
103900001,12,187,-175
103900002,721,159,562
103900003,606,14,592
103900004,59,1,58
103900005,2,168,-166
103900006,1,2,-1
103900007,31,0,31
103900008,14,0,14
103900009,157,470,-313
103900010,82,343,-261
103900011,264,137,127
103900012,7,34,-27
103900013,43,38,5
103900014,67,7,60
103900015,46,5,41
103900016,256,147,109
103900017,28,64,-36
103900018,333,188,145
103900019,45,201,-156
103900020,165,418,-253
103900021,319,44,275
103900022,714,439,275
103900023,119,1,118
103900024,56,216,-160
103900025,18,19,-1
103900026,67,2,65
103900027,659,216,443
103900028,17,196,-179
103900029,716,135,581
103900030,245,74,171
103900031,22,1,21
103900032,40,36,4
103900033,97,13,84
103900034,22,118,-96
103900035,53,32,21
103900036,27,28,-1
103900037,65,61,4
103900038,51,108,-57
103900039,88,243,-155
103900040,13,81,-68
103900041,47,44,3
103900042,48,224,-176
103900043,123,39,84
103900044,68,173,-105
103900045,273,105,168
103900047,58,24,34
103900048,37,39,-2
103900049,161,905,-744
103900050,9,109,-100
103900051,4,34,-30
103900052,167,297,-130
103900053,122,465,-343
103900054,123,250,-127
103900055,335,189,146
103900056,36,34,2
103900057,33,99,-66
103900058,234,469,-235
103900059,0,37,-37
103900060,53,135,-82
103900061,161,53,108
103900062,141,52,89
103900063,3,0,3
103900064,111,6,105
103900065,556,335,221
103900066,140,13,127
103900067,145,5,140
103900068,7,1,6
103900069,43,11,32
103900070,132,133,-1
103900071,9,72,-63
103900072,17,121,-104
103900073,25,26,-1
103900074,76,55,21
103900075,138,49,89
103900076,487,424,63
103900077,40,90,-50
103900078,181,82,99
103900079,92,132,-40
103900080,8,28,-20
103900081,98,26,72
103900082,4,128,-124
103900083,1180,780,400
103900084,55,84,-29
103900085,65,101,-36
103900086,454,237,217
103900088,266,413,-147
103900089,46,102,-56
103900090,1,86,-85
103900091,946,171,775
103900092,529,310,219
103900093,92,229,-137
103900094,5,85,-80
103900095,227,186,41
103900096,13,140,-127
103900097,5,300,-295
103900098,188,84,104
103900099,27,82,-55
103900100,164,257,-93
103900101,106,818,-712
103900102,2,16,-14
103900104,0,17,-17
103900105,37,111,-74
103900106,0,65,-65
103900107,84,127,-43
103900108,54,140,-86
103900109,124,59,65
103900110,158,31,127
103900111,73,373,-300
103900112,43,79,-36
103900113,111,205,-94
103900114,274,255,19
103900115,243,158,85
103900116,2700,1919,781
103900117,92,46,46
103900119,30,85,-55
103900120,84,87,-3
103900122,78,195,-117
103900123,773,417,356
103900124,52,318,-266
103900125,96,67,29
103900126,386,223,163
103900127,123,294,-171
103900128,123,112,11
103900131,29,83,-54
103900133,729,52,677
103900134,2,3,-1
103900135,1,4,-3
103900137,1,22,-21
103900138,119,135,-16
103900139,498,1397,-899
103900140,10,124,-114
103900141,224,50,174
103900142,169,131,38
103900143,32,1,31
103900144,1,28,-27
103900145,131,187,-56
103900146,166,137,29
103900147,176,100,76
103900148,167,200,-33
103900149,274,463,-189
103900150,3896,2578,1318
103900151,42,126,-84
103900152,400,246,154
103900153,7,0,7
103900154,388,1037,-649
103900155,43,165,-122
103900156,67,113,-46
103900157,25,83,-58
103900158,77,88,-11
103900159,120,32,88
103900160,45,40,5
103900161,109,145,-36
103900162,57,118,-61
103900163,10,376,-366
103900167,12,85,-73
103900168,85,65,20
103900169,41,40,1
103900170,1,59,-58
103900171,0,33,-33
103900172,5,9,-4
103900173,24,18,6
103900174,143,37,106
103900175,35,49,-14
103900176,5,40,-35
103900177,20,68,-48
103900178,37,39,-2
103900179,56,82,-26
103900180,3,40,-37
103900181,38,28,10
103900182,30,12,18
103900184,325,76,249
103900185,87,256,-169
103900187,20,62,-42
103900188,34,18,16
103900189,128,5,123
103900190,45,44,1
103900191,21,36,-15
103900192,13,78,-65
103900193,83,127,-44
103900194,45,177,-132
103900195,6,91,-85
103900196,35,30,5
103900197,42,43,-1
103900198,19,33,-14
103900199,114,42,72
103900200,119,68,51
103900201,78,104,-26
103900202,17,41,-24
103900203,31,14,17
103900204,1,63,-62
103900207,0,47,-47
103900208,67,0,67
103900209,7,71,-64
103900210,23,24,-1
103900211,392,235,157
103900212,93,271,-178
103900213,57,201,-144
103900214,234,136,98
103900215,271,266,5
103900216,22,48,-26
103900217,218,7,211
103900218,41,228,-187
103900219,85,164,-79
103900233,17,3,14
103900235,7,15,-8
103900236,8,2,6
103900242,4,10,-6
103900243,9,5,4
103900244,69,157,-88
103900245,74,94,-20
103900246,49,20,29
103900247,29,65,-36
103900248,6,34,-28
103900249,10,42,-32
103900250,23,22,1
103900251,3,34,-31
103900253,20,59,-39
103900254,5,8,-3
103900255,3,7,-4
103900256,5,8,-3
103900257,97,70,27
103900258,26,8,18
103900259,65,11,54
103900261,8,0,8
103900262,22,2,20
103900263,13,45,-32
103900264,46,13,33
103900265,82,13,69
103900266,1,85,-84
103900267,40,76,-36
103900268,60,86,-26
103900269,243,90,153
103900270,68,182,-114
103900271,164,136,28
103900272,48,40,8
103900273,19,30,-11
103900274,63,4,59
103900275,11,2,9
103900277,2,30,-28
103900278,196,147,49
103900279,50,40,10
103900280,5,85,-80
103900281,74,58,16
103900282,96,11,85
103900283,186,18,168
103900284,16,13,3
103900285,57,67,-10
103900286,42,60,-18
103900287,5,67,-62
103900288,89,185,-96
103900289,359,197,162
103900290,155,40,115
103900291,28,31,-3
103900292,191,67,124
103900293,11,39,-28
103900294,3,161,-158
104000001,1858,1379,479
104000002,1306,1907,-601
104000003,1697,1671,26
104000004,2091,1954,137
104000005,1224,1474,-250
104000006,2644,2087,557
104000007,3555,3183,372
104000008,170,242,-72
104000009,144,79,65
104000010,137,239,-102
104000011,363,245,118
104000012,142,252,-110
104000013,191,134,57
104000014,175,571,-396
104000015,297,119,178
104000016,497,349,148
104000018,650,162,488
104000019,489,161,328
104000020,136,423,-287
104000021,225,433,-208
104000022,120,236,-116
104000023,590,289,301
104000024,211,285,-74
104000026,39,279,-240
104000027,194,236,-42
104000028,263,186,77
104000029,368,268,100
104000030,261,165,96
104000031,1046,350,696
104000032,233,230,3
104000033,547,476,71
104000034,251,218,33
104000035,678,352,326
104000036,656,408,248
104000037,277,144,133
104000038,369,409,-40
104000039,163,171,-8
104000040,239,268,-29
104000041,917,305,612
104000042,221,265,-44
104000043,203,276,-73
104000044,215,451,-236
104000045,873,848,25
104000046,926,1040,-114
104000047,475,820,-345
104000048,820,1114,-294
104000049,365,223,142
104000050,149,431,-282
104000051,106,479,-373
104000052,1430,1587,-157
104000053,799,399,400
104000054,271,267,4
104000055,2777,1664,1113
104000056,985,231,754
104000057,226,434,-208
104000058,756,627,129
104000059,441,681,-240
104000060,804,1013,-209
104000061,942,772,170
104000062,434,121,313
104000064,434,189,245
104000065,176,502,-326
104000069,808,794,14
104000070,45,311,-266
104000071,234,397,-163
104000072,530,245,285
104000075,32,176,-144
104000076,346,48,298
104000082,1834,2414,-580
104000083,639,148,491
104000084,106,498,-392
104000085,272,270,2
104000086,149,349,-200
104000087,310,1358,-1048
104000090,626,896,-270
104000092,922,1658,-736
104000094,559,1015,-456
104000095,1349,1216,133
104000096,1066,159,907
104000097,1197,670,527
104000098,1724,725,999
104000100,1188,489,699
104000101,856,1305,-449
104000106,100,537,-437
104000107,529,319,210
104000108,202,354,-152
104000109,221,77,144
104000110,611,710,-99
104000111,2462,1423,1039
104000112,1537,432,1105
104000116,1,614,-613
104000117,148,421,-273
104000118,410,143,267
104000119,361,211,150
104000120,193,436,-243
104000121,133,515,-382
104000122,533,649,-116
104000123,629,835,-206
104000124,623,1331,-708
104000125,2236,3106,-870
104000126,286,305,-19
104000127,1231,2221,-990
104000128,443,277,166
104000129,225,18,207
104000130,7,117,-110
104000131,506,406,100
104000132,493,488,5
104000133,1122,667,455
104000134,607,1130,-523
104000135,355,1316,-961
104000136,529,2859,-2330
104000137,1142,339,803
104000138,643,212,431
104000139,4388,2035,2353
104000141,766,984,-218
104000142,507,535,-28
104000143,452,406,46
104000144,95,155,-60
104000145,325,160,165
104000146,282,423,-141
104000147,126,229,-103
104000148,285,111,174
104000149,165,218,-53
104000150,812,380,432
104000151,276,299,-23
104000152,439,381,58
104000153,499,436,63
104000154,878,411,467
104000155,343,487,-144
104000157,795,1097,-302
104000158,208,343,-135
104000159,646,365,281
104000160,1399,1427,-28
104000161,179,143,36
104000162,63,139,-76
104000165,877,736,141
104000167,524,769,-245
104000168,333,6,327
104000169,89,35,54
104000170,300,368,-68
104000248,189,531,-342
104000251,50,178,-128
104000272,0,0,0
104000273,0,0,0
104000274,0,0,0
104000275,0,0,0
104000279,2244,1614,630
104000290,112,231,-119
104000291,522,839,-317
104000293,676,678,-2
104000294,32,0,32
104000295,572,514,58
104000296,296,473,-177
104000297,728,1347,-619
104000298,1515,618,897
104000299,589,1015,-426
104000302,96,94,2
104000303,138,151,-13
104900001,124,230,-106
104900002,43,136,-93
104900003,40,166,-126
104900004,50,168,-118
104900005,220,133,87
104900006,180,56,124
104900007,217,133,84
104900009,95,244,-149
104900010,60,42,18
104900011,19,9,10
104900012,188,37,151
104900013,100,19,81
104900014,1501,184,1317
104900015,70,4,66
104900016,158,122,36
104900017,129,113,16
104900018,6,119,-113
104900019,194,1722,-1528
104900020,35,155,-120
104900021,0,98,-98
104900022,11,167,-156
104900023,0,40,-40
104900024,24,169,-145
104900025,52,149,-97
104900026,3,45,-42
104900027,321,238,83
104900028,16,80,-64
104900029,25,45,-20
104900030,404,165,239
104900031,51,197,-146
104900032,40,59,-19
104900033,103,257,-154
104900034,237,122,115
104900035,230,117,113
104900036,139,48,91
104900037,114,144,-30
104900038,294,519,-225
104900039,429,257,172
104900040,300,63,237
104900041,200,151,49
104900042,98,161,-63
104900043,22,123,-101
104900044,422,130,292
104900045,339,55,284
104900046,147,66,81
104900047,223,89,134
104900048,189,49,140
104900049,22,29,-7
104900050,196,40,156
104900051,215,30,185
104900052,47,1,46
104900053,344,97,247
104900054,98,22,76
104900055,85,0,85
104900056,124,15,109
104900057,18,1,17
104900058,421,161,260
104900059,232,51,181
104900061,162,362,-200
104900063,8,71,-63
104900064,0,48,-48
104900065,0,138,-138
104900066,0,90,-90
104900067,0,254,-254
104900068,13,106,-93
104900070,134,207,-73
104900071,1,308,-307
104900072,38,207,-169
104900073,19,72,-53
104900074,28,178,-150
104900075,40,28,12
104900076,54,216,-162
104900077,427,168,259
104900078,131,316,-185
104900079,76,286,-210
104900080,70,311,-241
104900082,6,350,-344
104900085,0,135,-135
104900089,175,2,173
104900091,529,350,179
104900093,180,429,-249
104900097,1575,1450,125
104900098,56,31,25
104900099,69,350,-281
104900100,319,147,172
104900102,39,98,-59
104900103,331,67,264
104900106,75,83,-8
104900107,135,140,-5
104900108,19,107,-88
104900109,68,166,-98
104900110,15,31,-16
104900111,95,58,37
104900112,182,459,-277
104900113,541,215,326
104900114,237,288,-51
104900115,427,289,138
104900116,158,139,19
104900118,17,67,-50
104900119,0,27,-27
104900120,45,249,-204
104900121,0,60,-60
104900122,1,24,-23
104900123,47,16,31
104900124,37,0,37
104900125,316,84,232
104900126,37,39,-2
104900127,29,34,-5
104900128,77,69,8
104900129,1027,1329,-302
105000001,2244,1271,973
105000002,2084,1195,889
105000003,2730,2483,247
105000004,435,603,-168
105000005,613,843,-230
105000006,1157,1439,-282
105000007,986,1168,-182
105000008,1317,2427,-1110
105000009,1898,2440,-542
105000010,2396,1512,884
105000011,2844,2114,730
105000012,3189,2445,744
105000013,791,874,-83
105000014,1383,2081,-698
105000015,7507,11185,-3678
105000016,2281,1573,708
105000017,1375,679,696
105000018,921,1078,-157
105000019,933,652,281
105000020,185,350,-165
105000021,251,114,137
105000022,234,78,156
105000023,539,357,182
105000028,49,99,-50
105000029,402,1010,-608
105000030,3157,2112,1045
105000031,3,29,-26
105000033,830,1521,-691
105000034,138,771,-633
105000037,540,204,336
105000038,1402,1440,-38
105000039,1794,1226,568
105000040,761,874,-113
105000041,407,908,-501
105000042,2174,1364,810
105000043,1349,1528,-179
105000044,435,361,74
105000045,282,557,-275
105000046,897,276,621
105000047,422,860,-438
105000048,498,184,314
105000049,206,448,-242
105000050,583,328,255
105000051,130,272,-142
105000052,430,599,-169
105000053,100,100,0
105000054,378,560,-182
105000055,499,236,263
105000056,1219,1409,-190
105000057,1022,616,406
105000058,1034,912,122
105000059,629,530,99
105000060,382,511,-129
105000061,488,414,74
105000062,524,541,-17
105000063,324,367,-43
105000064,1165,666,499
105000065,334,418,-84
105000066,944,961,-17
105000067,1054,672,382
105000068,435,706,-271
105000069,1426,1192,234
105000070,408,770,-362
105000071,193,634,-441
105000072,937,1611,-674
105000073,650,453,197
105000074,834,563,271
105000075,408,664,-256
105000076,918,777,141
105000077,2088,869,1219
105000078,991,1200,-209
105000079,1101,3068,-1967
105000080,1244,1123,121
105000081,3551,1268,2283
105000082,867,1588,-721
105000083,4312,3627,685
105000084,617,635,-18
105000085,1373,1860,-487
105000086,536,737,-201
105000087,1130,1417,-287
105000088,1133,1262,-129
105000089,2075,1507,568
105000090,914,601,313
105000091,1127,1066,61
105000092,583,627,-44
105000093,239,228,11
105000094,243,192,51
105000095,111,413,-302
105000096,997,823,174
105000097,760,694,66
105000098,710,501,209
105000099,692,609,83
105000100,1025,812,213
105000101,1553,1505,48
105000102,1189,1014,175
105000103,1052,1733,-681
105000104,1760,788,972
105000105,1101,1437,-336
105000106,964,1213,-249
105000107,1090,735,355
105000108,1231,1082,149
105000109,1070,1164,-94
105000110,727,435,292
105000111,588,541,47
105000112,1050,508,542
105000113,376,549,-173
105000114,1994,904,1090
105000115,310,883,-573
105000116,599,452,147
105000117,772,656,116
105000118,350,335,15
105000119,420,647,-227
105000120,779,509,270
105000121,702,739,-37
105000122,344,560,-216
105000123,930,863,67
105000124,1545,581,964
105000125,610,1245,-635
105000126,1612,1342,270
105000127,1855,1438,417
105000128,636,768,-132
105000129,590,349,241
105000130,356,2544,-2188
105000131,557,246,311
105000132,661,594,67
105000133,339,604,-265
105000134,594,419,175
105000135,386,417,-31
105000136,96,263,-167
105000137,409,171,238
105000138,177,290,-113
105000139,778,709,69
105000140,371,384,-13
105000141,240,369,-129
105000142,199,359,-160
105000143,157,455,-298
105000144,215,671,-456
105000145,506,261,245
105000146,340,690,-350
105000147,531,260,271
105000148,982,576,406
105000149,1692,1518,174
105000150,1443,1101,342
105000151,366,250,116
105000152,189,392,-203
105000153,437,508,-71
105000154,518,361,157
105000155,258,725,-467
105000156,653,526,127
105000157,601,1089,-488
105000158,1452,603,849
105000159,276,677,-401
105000160,1289,458,831
105000161,524,759,-235
105000162,451,1272,-821
105000163,864,631,233
105000164,188,181,7
105000165,662,3526,-2864
105000166,3599,676,2923
105000167,1187,1028,159
105000168,370,416,-46
105000169,484,265,219
105000170,163,1017,-854
105000171,734,130,604
105000172,162,37,125
105000173,113,43,70
105000174,47,36,11
105000175,48,92,-44
105000176,243,87,156
105000177,256,110,146
105000178,78,303,-225
105000179,301,145,156
105000180,102,74,28
105000181,112,168,-56
105000182,51,43,8
105000183,1680,1374,306
105000184,1308,846,462
105000185,1053,944,109
105000186,489,683,-194
105000187,597,169,428
105000188,213,107,106
105000189,177,349,-172
105000190,211,246,-35
105000191,283,306,-23
105000192,251,72,179
105000193,69,96,-27
105000194,473,119,354
105000195,204,538,-334
105000196,114,315,-201
105000197,233,434,-201
105000198,545,258,287
105000199,308,662,-354
105000200,111,222,-111
105000201,91,41,50
105000203,11,153,-142
105000204,100,84,16
105000205,106,177,-71
105000207,326,175,151
105000208,183,387,-204
105000209,192,276,-84
105000211,221,17,204
105000212,936,809,127
105000213,122,126,-4
105000214,116,178,-62
105000215,292,158,134
105000216,111,220,-109
105000217,124,184,-60
105000218,992,961,31
105000221,142,125,17
105000222,484,130,354
105000223,158,138,20
105000226,94,156,-62
105000227,44,93,-49
105000228,204,1345,-1141
105000229,113,435,-322
105000231,329,263,66
105000233,807,586,221
105000234,355,989,-634
105000235,275,508,-233
105000237,556,43,513
105000243,19,31,-12
105000248,51,43,8
105000262,229,838,-609
105000269,90,164,-74
105000270,332,37,295
105000271,1,185,-184
105000282,66,38,28
105000287,296,73,223
105000288,437,302,135
105000289,2707,1735,972
105000290,50,9,41
105000402,2640,2842,-202
105000426,478,424,54
105000438,3801,1531,2270
105000440,44,32,12
105000446,8026,4277,3749
105000447,4895,2063,2832
105000454,695,565,130
105000455,270,121,149
105000474,32,0,32
105000477,252,442,-190
105000478,1258,3274,-2016
105000479,92,112,-20
105000480,9060,6723,2337
105000481,4064,2843,1221
105000482,4061,7161,-3100
105000483,1516,1523,-7
105000484,1849,2834,-985
105000485,1125,2512,-1387
105000486,2848,1948,900
105000488,9582,4612,4970
105000489,665,585,80
105000549,81,92,-11
105000550,510,1141,-631
105000551,28,107,-79
105000552,2120,1358,762
105000555,1289,917,372
105000556,43,25,18
105000557,42,175,-133
105900001,4,1202,-1198
105900002,770,534,236
105900003,9,89,-80
105900004,177,91,86
105900005,17,162,-145
105900006,14,80,-66
105900007,54,28,26
105900008,56,365,-309
105900009,22,17,5
105900011,105,22,83
105900012,386,82,304
105900013,1,26,-25
105900014,6,40,-34
105900015,122,213,-91
105900016,269,267,2
105900017,844,25,819
105900018,140,132,8
105900019,25,191,-166
105900020,36,69,-33
105900021,15,142,-127
105900022,149,115,34
105900023,5,70,-65
105900024,13,107,-94
105900025,146,16,130
105900026,157,18,139
105900027,5900,4727,1173
105900028,510,305,205
105900029,1026,217,809
105900030,150,194,-44
105900031,338,152,186
105900032,65,143,-78
105900033,79,81,-2
105900034,116,156,-40
105900035,90,103,-13
105900036,113,89,24
105900037,72,56,16
105900038,144,201,-57
105900039,106,74,32
105900040,44,72,-28
105900041,146,118,28
105900042,59,117,-58
105900043,882,34,848
105900044,2,163,-161
105900045,6,477,-471
105900046,9,200,-191
105900047,16,49,-33
105900048,64,300,-236
105900050,4109,3370,739
105900051,35,624,-589
105900052,323,215,108
105900053,1667,1778,-111
105900054,215,114,101
105900056,428,219,209
105900057,11,79,-68
105900058,16,13,3
105900059,0,29,-29
106000001,3661,1862,1799
106000002,1842,4210,-2368
106000003,2159,2752,-593
106000004,1382,2148,-766
106000005,2437,3952,-1515
106000006,4456,2999,1457
106000007,406,505,-99
106000008,402,293,109
106000009,512,330,182
106000010,494,465,29
106000011,929,777,152
106000012,725,1136,-411
106000013,1294,1532,-238
106000014,1475,1143,332
106000015,1466,959,507
106000016,903,1483,-580
106000017,424,514,-90
106000018,503,412,91
106000019,281,354,-73
106000020,296,304,-8
106000021,277,336,-59
106000022,253,175,78
106000023,443,343,100
106000024,439,399,40
106000025,111,124,-13
106000026,101,237,-136
106000027,1050,961,89
106000028,414,370,44
106000029,579,812,-233
106000030,434,366,68
106000034,168,418,-250
106000035,911,1726,-815
106000036,195,334,-139
106000037,1628,1124,504
106000038,283,92,191
106000039,102,80,22
106000040,112,700,-588
106000041,596,365,231
106000043,525,271,254
106000046,283,67,216
106000047,50,309,-259
106000049,821,145,676
106000050,221,548,-327
106000051,616,363,253
106000052,82,497,-415
106000053,256,106,150
106000054,287,355,-68
106000055,454,162,292
106000056,198,334,-136
106000057,296,208,88
106000058,124,111,13
106000059,216,210,6
106000060,262,409,-147
106000061,207,361,-154
106000062,120,417,-297
106000063,500,442,58
106000064,25,236,-211
106000065,272,257,15
106000066,93,202,-109
106000067,314,96,218
106000068,43,489,-446
106000069,159,55,104
106000070,326,658,-332
106000071,730,267,463
106000072,2046,1181,865
106000073,1205,2212,-1007
106000074,531,517,14
106000075,297,1140,-843
106000076,1586,1600,-14
106000077,2798,1149,1649
106000078,803,769,34
106000079,516,645,-129
106000080,943,507,436
106000081,475,896,-421
106000082,1800,693,1107
106000083,391,1226,-835
106000084,1032,576,456
106000085,1093,1235,-142
106000086,533,727,-194
106000087,803,469,334
106000088,373,636,-263
106000089,734,287,447
106000090,227,488,-261
106000091,271,365,-94
106000092,400,205,195
106000093,234,111,123
106000094,85,190,-105
106000095,602,542,60
106000096,669,518,151
106000097,794,615,179
106000098,615,687,-72
106000099,214,542,-328
106000100,914,185,729
106000101,775,252,523
106000102,158,373,-215
106000103,251,406,-155
106000104,603,359,244
106000105,370,540,-170
106000106,446,451,-5
106000107,160,262,-102
106000108,304,280,24
106000109,172,242,-70
106000110,183,236,-53
106000111,181,321,-140
106000112,151,350,-199
106000113,522,369,153
106000114,361,408,-47
106000115,184,356,-172
106000116,256,132,124
106000117,853,539,314
106000118,909,951,-42
106000119,1086,731,355
106000120,596,885,-289
106000121,158,119,39
106000122,84,139,-55
106000123,375,113,262
106000124,44,136,-92
106000125,25,192,-167
106000126,224,96,128
106000127,188,487,-299
106000128,627,166,461
106000129,459,434,25
106000130,534,295,239
106000131,128,562,-434
106000132,473,131,342
106000133,1158,847,311
106000134,463,1187,-724
106000135,215,502,-287
106000136,747,936,-189
106000137,69,498,-429
106000138,714,83,631
106000139,40,81,-41
106000140,32,57,-25
106000141,49,26,23
106000142,49,50,-1
106000143,38,35,3
106000144,38,40,-2
106000145,173,170,3
106000146,294,124,170
106000147,690,423,267
106000148,717,824,-107
106000149,399,431,-32
106000150,465,1561,-1096
106000151,2728,590,2138
106000152,833,1358,-525
106000153,114,1204,-1090
106000154,1085,216,869
106000155,104,239,-135
106000156,563,166,397
106000157,426,1117,-691
106000158,1596,715,881
106000159,2000,1315,685
106000160,332,1837,-1505
106000161,1158,289,869
106000162,233,707,-474
106000163,340,297,43
106000164,281,249,32
106000165,136,381,-245
106000166,494,217,277
106000167,297,687,-390
106000168,408,179,229
106000169,220,473,-253
106000170,693,251,442
106000171,193,903,-710
106000172,2077,1044,1033
106000173,861,1921,-1060
106000174,830,297,533
106000175,218,585,-367
106000176,1006,626,380
106000177,523,1570,-1047
106000178,2441,1201,1240
106000179,776,1561,-785
106000180,637,920,-283
106000181,549,1142,-593
106000182,1054,540,514
106000183,933,446,487
106000184,1496,492,1004
106000185,713,928,-215
106000186,672,114,558
106000187,179,708,-529
106000188,1,0,1
106000189,8,29,-21
106000190,8,0,8
106000191,521,170,351
106000192,3,10,-7
106000193,384,154,230
106000194,113,211,-98
106000195,323,95,228
106000196,106,274,-168
106000197,435,187,248
106000198,111,188,-77
106000199,432,411,21
106000200,175,148,27
106000201,361,1677,-1316
106000202,2559,363,2196
106000203,41,157,-116
106000204,78,3,75
106000205,26,107,-81
106000206,88,24,64
106000207,27,518,-491
106000208,1066,132,934
106000209,993,287,706
106000210,220,603,-383
106000211,240,747,-507
106000212,519,365,154
106000213,580,1477,-897
106000214,2013,510,1503
106000215,229,405,-176
106000216,263,247,16
106000217,245,333,-88
106000218,411,346,65
106000219,111,254,-143
106000220,264,175,89
106000221,134,190,-56
106000222,53,80,-27
106000223,195,85,110
106000224,180,193,-13
106000225,76,96,-20
106000226,126,212,-86
106000228,34,53,-19
106000229,60,492,-432
106000231,699,98,601
106000232,57,260,-203
106000233,401,81,320
106000234,53,161,-108
106000235,366,98,268
106000236,127,60,67
106000237,4,14,-10
106000238,31,20,11
106000239,6,73,-67
106000240,59,5,54
106000241,11,488,-477
106000242,247,14,233
106000249,50,48,2
106000250,46,383,-337
106000251,59,25,34
106000252,28,46,-18
106000253,38,63,-25
106000254,25,30,-5
106000255,10,127,-117
106000256,39,48,-9
106000257,127,166,-39
106000258,188,23,165
106000259,10,30,-20
106000260,30,4,26
106000261,3,46,-43
106000262,60,7,53
106000263,9,45,-36
106000264,141,9,132
106000265,12,127,-115
106000266,73,17,56
106000267,6,57,-51
106000268,402,42,360
106000269,69,24,45
106000270,108,342,-234
106000271,58,155,-97
106000272,134,49,85
106000273,14,204,-190
106000274,126,38,88
106000275,101,174,-73
106000276,118,37,81
106000277,105,208,-103
106000278,164,22,142
106000279,13,25,-12
106000280,57,53,4
106000281,90,50,40
106000282,46,55,-9
106000283,115,44,71
106000284,60,76,-16
106000285,85,74,11
106000286,90,115,-25
106000287,61,46,15
106000288,73,131,-58
106000289,70,61,9
106000290,47,79,-32
106000291,101,64,37
106000292,58,95,-37
106000293,119,90,29
106000294,102,94,8
106000295,33,34,-1
106000296,19,71,-52
106000297,58,171,-113
106000298,100,55,45
106000299,62,103,-41
106000300,47,79,-32
106000301,56,86,-30
106000303,20,59,-39
106000304,19,19,0
106000305,20,65,-45
106000306,38,34,4
106000307,26,33,-7
106000308,12,85,-73
106000309,18,61,-43
106000310,258,358,-100
106000311,298,122,176
106000312,93,120,-27
106000313,167,165,2
106000318,75,352,-277
106000319,803,207,596
106000320,4,41,-37
106000321,190,74,116
106000322,101,123,-22
106000324,17,95,-78
106000325,1224,698,526
106000326,789,1474,-685
106000327,132,87,45
106000328,16,81,-65
106000329,53,168,-115
106000330,22,65,-43
106000428,81,154,-73
106000429,115,378,-263
106000430,267,1035,-768
106000431,1639,337,1302
106000432,1655,2354,-699
106000433,2037,1391,646
106000434,2467,1156,1311
106000435,1104,1995,-891
106000436,11,90,-79
106000437,252,33,219
106000438,326,127,199
106000439,48,400,-352
106000440,290,566,-276
106000441,2,1,1
106000442,122,3,119
106000443,125,228,-103
106000450,1,101,-100
106000451,28,58,-30
106000454,1,150,-149
106000455,7,134,-127
106000456,84,35,49
106000457,11,618,-607
106000458,620,83,537
106000459,134,232,-98
106000460,1161,22,1139
106000461,65,765,-700
106000462,0,20,-20
106000463,5,10,-5
106000464,4,333,-329
106000465,606,2,604
106000466,10,398,-388
106000467,282,380,-98
106000468,60,100,-40
106000469,132,2,130
106000470,218,1206,-988
106000471,8,330,-322
106000472,124,8,116
106000473,41,17,24
106000474,412,405,7
106000475,375,226,149
106000476,142,204,-62
106000477,41,136,-95
106000480,0,209,-209
106900001,0,6,-6
106900002,9,267,-258
106900003,17,55,-38
106900004,0,15,-15
106900006,0,6,-6
106900007,0,5,-5
106900008,398,678,-280
106900009,211,167,44
106900010,427,133,294
106900012,306,324,-18
106900013,879,1166,-287
106900014,32,9,23
106900015,11,13,-2
106900016,228,9,219
106900017,4,2,2
106900018,2,0,2
106900019,40,1,39
106900020,1339,967,372
106900021,144,123,21
106900022,588,1,587
106900023,184,297,-113
106900024,342,39,303
106900025,59,385,-326
106900026,0,50,-50
106900027,632,5,627
106900028,0,6,-6
106900029,299,91,208
106900030,3,296,-293
107000001,2998,2642,356
107000002,2449,3362,-913
107000003,4296,4716,-420
107000004,3390,3246,144
107000005,3439,4214,-775
107000006,3022,2823,199
107000007,4278,7599,-3321
107000008,8240,5740,2500
107000009,5341,6201,-860
107000010,7471,6695,776
107000011,1005,1071,-66
107000012,2923,2284,639
107000013,58,54,4
107000014,64,176,-112
107000015,468,613,-145
107000016,549,576,-27
107000017,1806,1300,506
107000018,9,764,-755
107000020,1139,1104,35
107000021,981,387,594
107000022,574,1127,-553
107000023,1286,207,1079
107000024,461,1160,-699
107000025,189,267,-78
107000026,197,389,-192
107000027,1235,887,348
107000028,1099,1135,-36
107000029,2681,2133,548
107000030,2289,2310,-21
107000031,3343,2051,1292
107000032,426,774,-348
107000033,2066,2838,-772
107000034,2323,1140,1183
107000035,264,195,69
107000036,359,964,-605
107000037,55,667,-612
107000038,226,249,-23
107000039,744,656,88
107000040,103,265,-162
107000041,1279,608,671
107000042,651,1432,-781
107000043,1968,989,979
107000044,473,287,186
107000045,97,223,-126
107000046,658,400,258
107000047,399,685,-286
107000048,573,261,312
107000049,587,644,-57
107000050,1033,498,535
107000051,345,303,42
107000052,975,835,140
107000053,278,186,92
107000054,76,279,-203
107000055,331,108,223
107000056,418,611,-193
107000057,1326,192,1134
107000058,1737,1916,-179
107000059,1639,2678,-1039
107000060,3318,4267,-949
107000061,3810,2716,1094
107000062,3413,2360,1053
107000063,3460,3760,-300
107000064,3517,1733,1784
107000065,3149,3702,-553
107000066,1422,2153,-731
107000067,935,1033,-98
107000068,1017,593,424
107000069,755,414,341
107000070,1114,5,1109
107000071,2779,45,2734
107000072,59,2072,-2013
107000073,603,308,295
107000074,130,686,-556
107000075,1468,497,971
107000076,576,1158,-582
107000077,2989,1518,1471
107000078,2342,2466,-124
107000079,2304,994,1310
107000080,1096,2515,-1419
107000081,1435,521,914
107000082,491,1123,-632
107000083,1126,347,779
107000084,280,1249,-969
107000085,2439,2861,-422
107000086,2933,2706,227
107000087,2522,1740,782
107000088,2698,2862,-164
107000089,1261,1421,-160
107000090,783,873,-90
107000091,1192,694,498
107000092,711,826,-115
107000093,1218,685,533
107000094,909,991,-82
107000095,571,523,48
107000096,485,573,-88
107000097,601,306,295
107000098,528,501,27
107000099,422,264,158
107000100,229,284,-55
107000101,71,183,-112
107000102,186,316,-130
107000103,188,157,31
107000104,191,255,-64
107000105,312,135,177
107000106,188,177,11
107000107,458,152,306
107000108,136,435,-299
107000109,501,158,343
107000110,67,330,-263
107000111,227,48,179
107000112,14,240,-226
107000113,673,106,567
107000114,116,454,-338
107000115,505,131,374
107000116,83,582,-499
107000117,102,443,-341
107000118,128,167,-39
107000119,1089,1230,-141
107000120,949,405,544
107000121,754,637,117
107000122,1044,679,365
107000123,417,533,-116
107000124,435,676,-241
107000125,849,531,318
107000126,824,632,192
107000129,158,585,-427
107000130,458,153,305
107000131,275,453,-178
107000132,387,275,112
107000133,488,49,439
107000134,256,6,250
107000135,1,192,-191
107000136,664,5,659
107000137,9,306,-297
107000138,329,29,300
107000139,15,351,-336
107000140,1008,85,923
107000141,104,647,-543
107000142,468,102,366
107000143,54,518,-464
107000144,491,336,155
107000145,140,336,-196
107000146,161,250,-89
107000147,3162,946,2216
107000150,477,1891,-1414
107000151,18,85,-67
107000152,343,1077,-734
107000153,124,303,-179
107000154,241,275,-34
107000155,714,18,696
107000156,847,27,820
107000157,57,1035,-978
107000158,639,33,606
107000159,40,685,-645
107000160,821,99,722
107000161,74,917,-843
107000162,256,361,-105
107000163,165,2,163
107000164,576,0,576
107000165,792,1,791
107000166,43,790,-747
107000167,488,165,323
107000168,865,403,462
107000169,532,723,-191
107000170,1594,576,1018
107000171,534,1279,-745
107000172,918,1117,-199
107000173,551,693,-142
107000174,832,3683,-2851
107000175,4723,1279,3444
107000176,0,0,0
107000177,2,0,2
107000178,15,34,-19
107000179,261,1519,-1258
107000180,1115,280,835
107000181,372,948,-576
107000182,1617,713,904
107000183,133,564,-431
107000184,963,548,415
107000185,414,1017,-603
107000186,885,318,567
107000187,912,1057,-145
107000188,502,565,-63
107000189,394,788,-394
107000190,438,546,-108
107000191,652,935,-283
107000192,1388,544,844
107000193,310,435,-125
107000194,858,490,368
107000197,807,253,554
107000198,260,610,-350
107000199,538,526,12
107000200,436,536,-100
107000201,392,260,132
107000202,304,423,-119
107000203,686,781,-95
107000204,810,1050,-240
107000205,1842,694,1148
107000206,593,1029,-436
107000207,571,744,-173
107000208,719,424,295
107000209,1444,1163,281
107000210,603,293,310
107000211,1,36,-35
107000212,6,224,-218
107000213,1,31,-30
107000214,11,100,-89
107000215,271,245,26
107000216,348,249,99
107000217,125,109,16
107000219,88,118,-30
107000220,140,168,-28
107000222,208,516,-308
107000224,346,73,273
107000225,141,314,-173
107000226,292,101,191
107000227,59,217,-158
107000228,79,205,-126
107000229,132,99,33
107000230,845,352,493
107000231,1305,1488,-183
107000232,112,12,100
107000233,1022,766,256
107000234,2,47,-45
107000235,60,9,51
107000236,10,398,-388
107000237,22,1,21
107000238,29,1,28
107000239,2206,338,1868
107000240,85,619,-534
107000243,0,20,-20
107000244,4,41,-37
107000246,1,772,-771
107000249,1,892,-891
107000251,1,275,-274
107000252,1,752,-751
107000255,245,81,164
107000257,3,336,-333
107000258,1,81,-80
107000259,1,126,-125
107000260,646,3,643
107000262,7,473,-466
107000263,214,3,211
107000266,8,6,2
107000267,64,96,-32
107000268,89,120,-31
107000269,488,88,400
107000270,0,14,-14
107000271,10,469,-459
107000272,20,91,-71
107000273,5,155,-150
107000274,741,20,721
107000275,420,1250,-830
107000280,642,24,618
107000281,38,641,-603
107000282,47,544,-497
107000290,8,17,-9
107000291,14,12,2
107000292,5,89,-84
107000293,62,10,52
107000294,2,26,-24
107000295,50,7,43
107000296,0,13,-13
107000444,168,6,162
107000496,0,12,-12
107000497,1088,1570,-482
107000500,235,277,-42
107000501,92,116,-24
107000502,152,263,-111
107000505,339,596,-257
107000506,0,42,-42
107000508,5,405,-400
107000509,202,555,-353
107000510,27,22,5
107000514,35,192,-157
107000515,8,156,-148
107000516,292,173,119
107000518,813,1029,-216
107000519,1240,668,572
107000520,74,29,45
107000521,555,321,234
107000522,872,437,435
107900001,54,158,-104
107900002,49,8,41
107900003,203,52,151
107900004,2,0,2
107900005,1096,2,1094
107900006,137,1,136
107900007,183,22,161
107900008,88,11,77
107900009,136,8,128
107900010,28,1,27
107900012,189,42,147
107900013,132,27,105
107900014,30,1,29
107900015,669,11,658
107900016,298,68,230
107900017,5,0,5
107900018,31,90,-59
107900019,18,47,-29
107900020,33,31,2
107900021,46,78,-32
107900023,1,1,0
107900024,0,27,-27
107900025,159,128,31
107900026,69,36,33
107900027,26,38,-12
107900028,68,52,16
107900030,152,32,120
107900031,68,60,8
107900032,4,0,4
107900033,14,2,12
107900034,217,14,203
107900035,546,24,522
107900036,64,15,49
107900037,0,33,-33
107900038,119,155,-36
107900039,27,38,-11
107900040,31,75,-44
107900041,3,1,2
107900043,38,70,-32
107900044,4,3,1
107900045,96,46,50
107900046,116,150,-34
107900047,31,45,-14
107900048,157,5,152
107900049,211,704,-493
107900050,111,194,-83
107900051,59,49,10
107900052,24,47,-23
107900053,32,60,-28
107900055,386,189,197
107900056,83,40,43
107900057,1,0,1
107900058,14,352,-338
107900060,24,41,-17
107900061,8,6,2
107900063,56,110,-54
107900064,188,82,106
107900065,160,7,153
107900066,20,2,18
107900067,0,0,0
107900068,66,366,-300
107900069,19,1381,-1362
107900070,97,21,76
107900071,18,389,-371
107900072,85,93,-8
107900073,109,78,31
107900074,657,272,385
107900076,69,32,37
107900077,58,1,57
107900079,5,13,-8
107900080,176,644,-468
107900081,59,70,-11
107900082,15,14,1
107900083,253,130,123
107900084,75,87,-12
107900086,63,130,-67
107900087,386,182,204
107900088,26,5,21
107900089,203,501,-298
107900090,415,1329,-914
107900091,160,285,-125
107900093,42,47,-5
107900095,2470,1743,727
107900097,10,37,-27
107900098,26,133,-107
107900100,691,905,-214
107900101,732,140,592
107900102,24,6,18
107900103,33,109,-76
107900104,171,2,169
107900105,2,321,-319
107900106,5,649,-644
107900107,837,393,444
107900108,213,111,102
107900109,993,14,979
107900110,58,69,-11
107900111,2,517,-515
107900112,50,251,-201
107900113,178,39,139
107900114,140,110,30
107900115,1,36,-35
107900116,118,98,20
107900117,282,206,76
107900118,79,103,-24
107900119,56,152,-96
107900120,17,37,-20
107900121,1,102,-101
107900122,3,53,-50
107900123,1,32,-31
107900124,16,59,-43
107900125,10,132,-122
107900126,8,35,-27
107900127,376,285,91
107900128,52,82,-30
107900129,59,28,31
107900130,46,14,32
107900131,462,224,238
107900132,102,211,-109
107900133,2,34,-32
107900134,24,97,-73
107900135,5,121,-116
107900136,30,36,-6
107900137,100,78,22
107900138,54,45,9
107900139,45,27,18
107900141,41,20,21
107900142,50,466,-416
107900143,55,24,31
107900144,2,102,-100
107900145,6,57,-51
107900146,39,81,-42
107900147,35,33,2
107900148,93,60,33
107900149,591,165,426
107900150,67,418,-351
107900151,28,73,-45
107900152,9,76,-67
107900153,104,192,-88
107900154,39,14,25
107900155,35,59,-24
107900156,2,244,-242
107900157,42,39,3
107900158,638,25,613
107900159,25,440,-415
107900160,118,152,-34
107900161,23,125,-102
107900162,0,19,-19
107900163,17,41,-24
107900164,7,42,-35
107900165,25,53,-28
107900166,9,144,-135
107900167,20,41,-21
107900168,26,34,-8
107900169,0,133,-133
107900171,8,838,-830
107900172,4,217,-213
107900173,8,84,-76
107900174,139,7,132
107900175,23,40,-17
107900176,18,25,-7
107900177,0,68,-68
107900178,0,97,-97
107900179,16,116,-100
107900180,399,471,-72
107900181,203,213,-10
107900182,2,778,-776
107900183,36,197,-161
107900184,75,179,-104
107900185,116,2,114
107900186,18,41,-23
107900187,0,86,-86
107900188,443,100,343
107900189,13,69,-56
107900190,40,144,-104
107900191,33,77,-44
107900193,18,48,-30
107900194,136,9,127
107900195,1617,226,1391
107900196,89,109,-20
107900197,596,323,273
107900199,1,816,-815
107900201,53,76,-23
107900203,22,50,-28
107900204,176,139,37
107900206,749,288,461
107900207,2,480,-478
107900208,3,411,-408
107900209,291,99,192
107900210,66,65,1
107900213,368,295,73
107900214,9,83,-74
107900215,109,221,-112
107900216,173,58,115
107900217,35,60,-25
107900218,12,1132,-1120
107900219,35,48,-13
107900220,220,211,9
107900221,138,158,-20
107900223,89,348,-259
107900224,74,244,-170
107900225,3,416,-413
107900226,139,88,51
107900227,100,291,-191
107900228,15,55,-40
107900229,1,145,-144
107900230,15,80,-65
107900231,18,139,-121
107900232,80,85,-5
107900233,6,91,-85
107900234,61,61,0
107900235,26,79,-53
107900236,71,38,33
107900237,34,255,-221
107900238,21,67,-46
107900239,631,367,264
107900240,34,80,-46
107900241,14,33,-19
107900242,21,141,-120
107900243,0,43,-43
107900244,151,0,151
107900245,491,27,464
107900246,189,18,171
107900248,230,174,56
107900249,454,12,442
107900250,0,304,-304
107900251,74,862,-788
107900252,668,11,657
107900253,119,2,117
107900254,44,145,-101
107900255,176,64,112
107900256,733,844,-111
107900257,116,87,29
107900258,76,149,-73
107900259,69,1281,-1212
107900261,2,177,-175
107900262,64,70,-6
107900264,311,9,302
107900265,172,90,82
107900267,201,22,179
107900268,26,1,25
107900269,1,3,-2
107900270,0,0,0
107900271,0,12,-12
107900272,87,19,68
107900273,52,39,13
107900274,85,0,85
107900275,29,1,28
107900276,1,74,-73
107900277,0,169,-169
107900278,296,310,-14
107900279,62,155,-93
107900280,1342,1510,-168
107900281,836,1710,-874
107900282,49,322,-273
107900283,588,383,205
107900284,376,412,-36
107900285,79,65,14
107900286,85,73,12
107900287,187,142,45
107900290,1,97,-96
107900291,380,25,355
107900292,97,147,-50
107900293,82,310,-228
107900295,53,34,19
107900297,3,174,-171
107900298,565,536,29
107900299,1972,1760,212
107900301,386,638,-252
107900302,79,30,49
107900303,125,211,-86
107900304,252,284,-32
107900305,220,10,210
107900306,5,23,-18
107900307,65,185,-120
107900308,142,124,18
107900309,54,0,54
107900310,189,3,186
107900311,3,205,-202
107900312,33,0,33
107900313,0,102,-102
107900314,4,49,-45
107900315,0,35,-35
107900316,35,0,35
107900317,58,8,50
107900318,9,100,-91
107900319,4,110,-106
107900320,1,128,-127
107900321,92,3,89
107900322,0,83,-83
107900323,5,98,-93
107900324,101,1,100
107900325,58,0,58
107900326,209,173,36
107900327,2,52,-50
107900328,79,0,79
107900329,57,57,0
107900330,4,202,-198
107900331,197,24,173
107900332,199,15,184
107900333,31,8,23
107900334,2,127,-125
107900335,50,24,26
107900336,48,43,5
107900337,724,663,61
107900338,1,100,-99
107900339,4,18,-14
107900340,1,29,-28
107900341,29,0,29
107900342,123,86,37
107900343,35,4,31
107900344,6,41,-35
107900345,67,15,52
107900346,12,2,10
107900347,22,2,20
107900348,4,1,3
107900349,11,8,3
107900350,16,174,-158
107900351,1,107,-106
107900352,0,15,-15
107900353,6,6,0
107900354,8,42,-34
108000001,2520,2877,-357
108000002,1782,2116,-334
108000003,2990,3108,-118
108000004,10015,11811,-1796
108000005,6768,6077,691
108000006,7215,6542,673
108000007,4019,3653,366
108000008,3743,5009,-1266
108000009,2881,3763,-882
108000010,2452,3453,-1001
108000011,9592,10225,-633
108000012,13491,12129,1362
108000014,868,483,385
108000015,769,240,529
108000016,222,618,-396
108000017,883,357,526
108000018,1692,468,1224
108000019,1508,647,861
108000020,1229,443,786
108000021,273,1412,-1139
108000022,293,913,-620
108000023,1035,188,847
108000024,264,407,-143
108000025,252,240,12
108000026,779,406,373
108000027,660,551,109
108000028,729,207,522
108000029,402,665,-263
108000030,469,209,260
108000031,174,406,-232
108000032,1464,538,926
108000033,632,800,-168
108000034,1238,367,871
108000035,515,1583,-1068
108000036,292,818,-526
108000037,1404,334,1070
108000038,2203,533,1670
108000039,468,1485,-1017
108000040,1459,849,610
108000041,516,1752,-1236
108000042,266,206,60
108000043,229,220,9
108000044,445,171,274
108000045,279,390,-111
108000046,1098,256,842
108000047,369,644,-275
108000048,168,273,-105
108000049,706,221,485
108000050,109,426,-317
108000051,331,129,202
108000052,174,478,-304
108000053,348,211,137
108000054,419,822,-403
108000055,813,512,301
108000056,1090,1182,-92
108000057,493,1030,-537
108000058,1740,3091,-1351
108000059,2737,1709,1028
108000060,181,540,-359
108000061,307,394,-87
108000062,724,415,309
108000063,445,350,95
108000064,156,199,-43
108000065,524,407,117
108000066,1212,773,439
108000067,1635,582,1053
108000068,625,315,310
108000069,186,754,-568
108000070,1487,597,890
108000071,519,1112,-593
108000072,1406,1063,343
108000073,1184,1387,-203
108000074,527,374,153
108000075,347,685,-338
108000076,727,476,251
108000077,485,548,-63
108000078,1560,1024,536
108000079,669,1103,-434
108000080,972,413,559
108000081,410,1097,-687
108000082,756,1308,-552
108000083,1416,824,592
108000084,399,870,-471
108000085,568,381,187
108000086,632,421,211
108000087,120,1577,-1457
108000088,592,233,359
108000089,257,248,9
108000091,295,427,-132
108000092,108,65,43
108000093,169,379,-210
108000094,439,81,358
108000095,150,260,-110
108000096,244,169,75
108000097,224,303,-79
108000098,1332,998,334
108000099,879,242,637
108000100,177,416,-239
108000101,902,1169,-267
108000102,1449,3140,-1691
108000106,942,4,938
108000107,2,446,-444
108000108,546,31,515
108000109,4,549,-545
108000110,177,249,-72
108000111,165,481,-316
108000112,39,144,-105
108000113,441,181,260
108000115,256,233,23
108000117,443,294,149
108000118,523,1694,-1171
108000119,597,284,313
108000120,119,667,-548
108000121,162,404,-242
108000122,356,340,16
108000123,614,185,429
108000124,329,380,-51
108000125,347,204,143
108000126,174,312,-138
108000127,516,247,269
108000128,527,423,104
108000129,326,825,-499
108000130,413,177,236
108000131,784,470,314
108000132,1578,1037,541
108000133,850,500,350
108000134,494,384,110
108000135,913,375,538
108000136,328,648,-320
108000137,416,219,197
108000138,361,811,-450
108000139,496,258,238
108000140,82,27,55
108000141,36,48,-12
108000142,54,59,-5
108000143,31,341,-310
108000144,338,79,259
108000145,50,14,36
108000146,504,48,456
108000147,39,25,14
108000148,452,63,389
108000149,16,17,-1
108000150,37,10,27
108000151,190,54,136
108000152,129,383,-254
108000153,370,110,260
108000154,54,13,41
108000155,54,16,38
108000156,641,319,322
108000157,111,759,-648
108000158,79,676,-597
108000159,447,195,252
108000160,2362,975,1387
108000161,1635,1712,-77
108000165,3,104,-101
108000172,3,254,-251
108000173,1384,1566,-182
108000175,484,109,375
108000178,340,233,107
108000179,153,670,-517
108000181,58,31,27
108000182,215,101,114
108000183,37,310,-273
108000184,729,1755,-1026
108000185,149,260,-111
108000186,294,365,-71
108000187,80,321,-241
108000188,570,180,390
108000189,1396,5770,-4374
108000190,27,97,-70
108000192,240,500,-260
108000193,617,16,601
108000194,38,14,24
108000195,4,719,-715
108000196,134,154,-20
108000198,666,291,375
108000199,0,193,-193
108000200,289,342,-53
108000203,72,393,-321
108000204,109,48,61
108000205,207,245,-38
108000339,998,338,660
108000364,223,516,-293
108000365,45,289,-244
108000367,114,223,-109
108000368,15,66,-51
108000369,718,215,503
108000371,13,444,-431
108000372,654,6,648
108000373,165,105,60
108000376,80,30,50
108000377,339,210,129
108000378,7538,8416,-878
108000379,24,166,-142
108000381,55,7,48
108000382,174,1,173
108000383,0,159,-159
108900001,96,831,-735
108900002,139,58,81
108900003,256,468,-212
108900004,162,381,-219
108900007,268,215,53
108900008,114,130,-16
108900009,111,112,-1
108900010,194,127,67
108900011,420,332,88
108900012,255,351,-96
108900013,159,233,-74
108900014,14,107,-93
108900015,11,65,-54
108900016,1,167,-166
108900017,232,371,-139
108900018,108,280,-172
108900019,25,456,-431
108900020,43,158,-115
108900021,103,183,-80
108900022,96,1,95
108900023,17,29,-12
108900024,32,87,-55
108900025,81,109,-28
108900026,12,61,-49
108900027,0,56,-56
108900028,80,241,-161
108900029,49,180,-131
108900030,0,59,-59
108900031,106,304,-198
108900032,8,174,-166
108900033,0,45,-45
108900034,0,159,-159
108900035,290,937,-647
108900038,0,176,-176
108900039,1,349,-348
108900040,6,80,-74
108900041,3904,2636,1268
108900042,2,247,-245
108900043,24,356,-332
108900044,1,309,-308
108900045,75,351,-276
108900046,24,479,-455
108900047,25,97,-72
108900048,107,679,-572
108900049,2083,898,1185
108900050,0,167,-167
108900051,1,121,-120
108900052,20,163,-143
108900053,71,120,-49
108900054,45,120,-75
108900055,34,244,-210
108900056,1,120,-119
108900057,0,95,-95
108900058,35,223,-188
108900059,349,26,323
108900060,89,140,-51
108900061,70,22,48
108900062,3,174,-171
108900063,18,190,-172
108900064,145,33,112
108900065,11,197,-186
108900066,332,91,241
108900067,8,106,-98
108900068,6,115,-109
108900069,52,60,-8
108900070,24,68,-44
108900071,83,41,42
108900072,1261,445,816
108900073,33,235,-202
108900074,156,245,-89
108900075,42,41,1
108900076,255,45,210
108900077,131,315,-184
108900078,27,114,-87
108900079,677,144,533
108900080,28,660,-632
108900081,35,148,-113
108900082,65,95,-30
108900083,12,184,-172
108900085,1479,121,1358
108900086,95,163,-68
108900087,124,114,10
108900088,777,398,379
108900089,16,130,-114
108900090,41,179,-138
108900091,107,64,43
108900092,390,285,105
108900093,81,67,14
108900094,214,74,140
108900095,27,249,-222
108900096,283,16,267
108900097,275,159,116
108900098,1611,591,1020
108900099,390,222,168
108900100,73,110,-37
108900101,127,129,-2
108900102,62,712,-650
108900103,77,141,-64
108900105,4,938,-934
108900106,416,239,177
108900108,277,31,246
108900109,256,51,205
108900110,215,233,-18
108900111,468,381,87
108900113,38,54,-16
108900114,69,12,57
108900115,46,49,-3
108900116,51,12,39
108900117,137,18,119
108900118,412,23,389
108900119,186,24,162
108900120,229,152,77
108900121,191,140,51
108900122,126,14,112
108900123,126,133,-7
108900124,343,187,156
108900125,320,4,316
108900126,95,22,73
108900127,137,8,129
108900128,107,39,68
108900129,680,136,544
108900130,254,0,254
108900131,281,7,274
108900132,422,46,376
108900133,161,48,113
108900134,290,172,118
108900135,93,6,87
108900136,30,1,29
108900137,117,3,114
108900138,702,33,669
108900140,253,219,34
108900141,326,16,310
108900142,76,7,69
108900143,67,0,67
108900144,88,1,87
108900145,190,9,181
108900146,77,1,76
108900147,209,1,208
108900148,61,25,36
108900150,257,4,253
108900151,116,7,109
108900152,189,7,182
108900153,130,224,-94
108900154,3390,392,2998
108900156,59,10,49
108900157,105,471,-366
108900158,274,23,251
108900159,2,204,-202
108900160,10,175,-165
108900161,5,324,-319
108900162,106,1,105
108900163,7,215,-208
108900164,48,73,-25
108900168,5615,1973,3642
108900169,69,140,-71
108900171,4358,2117,2241
108900172,152,40,112
108900173,132,248,-116
108900174,615,486,129
108900176,90,300,-210
108900177,3674,3871,-197
108900178,2604,2519,85
108900180,81,264,-183
108900183,127,155,-28
108900184,486,180,306
108900185,117,299,-182
108900186,84,275,-191
108900189,310,141,169
108900190,22,1769,-1747
108900192,67,196,-129
108900195,99,169,-70
108900196,17,205,-188
108900199,212,254,-42
108900200,435,315,120
108900201,360,1081,-721
108900203,325,81,244
108900204,235,14,221
108900205,109,20,89
108900206,288,58,230
108900207,150,49,101
108900208,14,217,-203
108900209,196,343,-147
108900210,129,137,-8
108900211,164,444,-280
108900212,520,1185,-665
108900215,59,299,-240
108900216,383,94,289
108900217,107,0,107
108900218,91,17,74
108900221,46,95,-49
108900224,20,119,-99
108900225,0,119,-119
108900227,80,241,-161
108900230,175,194,-19
108900232,1,157,-156
108900233,356,67,289
108900234,270,133,137
108900235,108,370,-262
108900236,20,168,-148
108900240,70,77,-7
108900241,33,26,7
108900245,11,749,-738
108900250,62,55,7
108900258,9,156,-147
108900259,48,46,2
108900260,8,70,-62
108900261,89,123,-34
108900262,162,152,10
108900263,27,89,-62
108900264,572,286,286
108900265,724,383,341
108900266,506,444,62
108900267,11,53,-42
108900268,6,8,-2
108900269,88,6,82
108900270,61,12,49
108900271,36,15,21
108900272,165,9,156
108900273,741,729,12
108900274,68,50,18
109000001,2454,1196,1258
109000002,1263,1361,-98
109000003,2306,383,1923
109000004,430,1680,-1250
109000005,2222,645,1577
109000006,595,1817,-1222
109000007,1114,532,582
109000008,371,1413,-1042
109000009,2937,1411,1526
109000010,1294,2754,-1460
109000011,2526,1828,698
109000012,1618,2400,-782
109000013,2543,2387,156
109000014,1386,2222,-836
109000015,4197,7081,-2884
109000016,4781,2758,2023
109000017,1970,1008,962
109000018,751,2134,-1383
109000019,2327,1386,941
109000020,851,1597,-746
109000023,199,41,158
109000024,8,139,-131
109000025,303,416,-113
109000026,629,263,366
109000027,63,234,-171
109000028,123,75,48
109000029,97,109,-12
109000030,110,502,-392
109000031,153,187,-34
109000032,108,380,-272
109000033,267,212,55
109000034,61,43,18
109000035,19,53,-34
109000036,62,239,-177
109000037,192,1046,-854
109000038,388,295,93
109000039,721,508,213
109000040,1783,4315,-2532
109000041,2252,1339,913
109000042,410,907,-497
109000044,397,148,249
109000045,220,295,-75
109000046,206,69,137
109000047,85,295,-210
109000048,915,400,515
109000049,232,368,-136
109000050,446,467,-21
109000051,174,218,-44
109000052,454,639,-185
109000053,934,292,642
109000054,129,313,-184
109000055,194,252,-58
109000056,269,294,-25
109000057,386,391,-5
109000058,1548,241,1307
109000059,869,1285,-416
109000060,665,293,372
109000061,656,683,-27
109000062,88,263,-175
109000063,180,132,48
109000064,172,144,28
109000065,95,144,-49
109000066,253,54,199
109000067,29,218,-189
109000068,2581,60,2521
109000069,1043,25,1018
109000070,4,1099,-1095
109000071,377,52,325
109000072,131,441,-310
109000073,54,82,-28
109000074,36,117,-81
109000075,62,296,-234
109000076,182,266,-84
109000077,291,280,11
109000078,92,150,-58
109000079,137,144,-7
109000080,192,90,102
109000081,119,379,-260
109000082,594,204,390
109000083,254,536,-282
109000088,94,373,-279
109000089,223,51,172
109000090,137,290,-153
109000091,234,167,67
109000092,283,384,-101
109000093,151,166,-15
109000094,402,3,399
109000095,83,278,-195
109000096,544,281,263
109000097,113,132,-19
109000098,50,136,-86
109000099,840,190,650
109000100,173,479,-306
109000101,1123,511,612
109000102,216,559,-343
109000103,643,482,161
109000104,1301,461,840
109000105,401,776,-375
109000106,1489,633,856
109000107,482,1214,-732
109000108,1395,478,917
109000109,401,1307,-906
109000110,940,465,475
109000111,662,1274,-612
109000112,289,84,205
109000113,277,127,150
109000114,108,249,-141
109000115,1014,75,939
109000116,35,616,-581
109000117,167,56,111
109000118,10,277,-267
109000119,884,175,709
109000120,140,559,-419
109000121,615,87,528
109000122,99,492,-393
109000123,57,142,-85
109000124,497,332,165
109000125,541,249,292
109000126,334,584,-250
109000127,1154,248,906
109000128,442,925,-483
109000129,1583,612,971
109000130,709,1646,-937
109000131,1210,965,245
109000132,1071,2016,-945
109000133,295,785,-490
109000134,636,1008,-372
109000135,878,1341,-463
109000136,329,266,63
109000137,280,301,-21
109000138,479,203,276
109000139,410,390,20
109000140,214,475,-261
109000141,727,415,312
109000142,94,346,-252
109000143,90,60,30
109000145,108,348,-240
109000146,91,95,-4
109000148,2197,1015,1182
109000149,15,41,-26
109000150,123,220,-97
109000155,578,495,83
109000156,703,467,236
109000158,78,210,-132
109000159,74,306,-232
109000160,729,203,526
109000161,269,634,-365
109000162,1435,542,893
109000163,808,1132,-324
109000164,1058,2132,-1074
109000165,1075,436,639
109000166,658,66,592
109000167,106,340,-234
109000170,34,37,-3
109000171,41,51,-10
109000172,55,61,-6
109000173,28,63,-35
109000174,70,32,38
109000175,131,220,-89
109000176,206,185,21
109000177,31,80,-49
109000178,465,274,191
109000179,2933,3168,-235
109000180,3057,2191,866
109000181,11,17,-6
109000182,42,13,29
109000183,42,21,21
109000184,25,6,19
109000185,20,42,-22
109000188,335,1221,-886
109000189,1578,674,904
109000190,533,369,164
109000191,305,328,-23
109000192,357,150,207
109000193,143,207,-64
109000194,264,80,184
109000195,95,225,-130
109000196,238,91,147
109000197,146,289,-143
109000198,301,40,261
109000199,102,330,-228
109000206,197,25,172
109000207,82,40,42
109000208,73,85,-12
109000209,100,107,-7
109000210,125,388,-263
109000211,376,336,40
109000214,410,565,-155
109000215,120,60,60
109000216,237,231,6
109000217,142,90,52
109000218,340,114,226
109000221,477,880,-403
109000222,884,289,595
109000223,275,242,33
109000224,43,126,-83
109000225,70,28,42
109000226,67,169,-102
109000227,766,689,77
109000228,2,959,-957
109000231,1,187,-186
109000232,330,274,56
109000236,184,622,-438
109000241,1867,1812,55
109000242,1649,1131,518
109000293,74,180,-106
109000361,180,172,8
109000364,134,338,-204
109000396,1,387,-386
109000397,369,6,363
109000399,105,319,-214
109000400,62,199,-137
109000403,98,1085,-987
109000406,290,2,288
109000407,271,142,129
109000408,1,385,-384
109000410,761,169,592
109000411,174,32,142
109000412,4,59,-55
109900001,80,0,80
109900002,698,11,687
109900003,258,3,255
109900005,36,3,33
109900006,255,127,128
109900007,628,342,286
109900008,0,28,-28
109900009,102,346,-244
109900010,408,14,394
109900011,82,24,58
109900012,170,158,12
109900013,294,113,181
109900014,322,44,278
109900015,226,141,85
109900016,132,16,116
109900017,158,239,-81
109900018,149,41,108
109900019,187,33,154
109900020,38,38,0
109900021,62,18,44
109900022,144,139,5
109900023,20,5,15
109900024,26,12,14
109900025,8,9,-1
109900027,35,43,-8
109900028,889,741,148
109900029,1,153,-152
109900030,36,16,20
109900031,0,73,-73
109900032,6,242,-236
109900033,0,339,-339
109900034,44,5,39
109900035,6,16,-10
109900036,29,59,-30
109900037,24,374,-350
109900038,83,176,-93
109900039,15,0,15
109900040,28,377,-349
109900041,52,207,-155
109900042,25,454,-429
109900044,123,195,-72
109900045,133,67,66
109900046,109,68,41
109900047,256,289,-33
109900048,6,67,-61
109900049,5,29,-24
109900050,1,119,-118
109900051,0,25,-25
109900052,65,209,-144
109900053,1,212,-211
109900054,418,186,232
109900055,44,198,-154
109900056,43,215,-172
109900057,2,110,-108
109900058,0,55,-55
109900060,345,92,253
109900061,56,203,-147
109900062,1,145,-144
109900064,451,180,271
109900065,65,120,-55
109900066,282,570,-288
109900067,0,165,-165
109900068,42,1,41
109900069,7,27,-20
109900071,2,23,-21
109900072,23,102,-79
109900073,269,277,-8
109900074,8,31,-23
109900075,31,21,10
109900076,21,221,-200
109900077,31,50,-19
109900078,86,148,-62
109900080,70,229,-159
109900081,16,211,-195
109900082,21,226,-205
109900083,20,47,-27
109900084,49,104,-55
109900085,140,432,-292
109900086,124,368,-244
109900087,121,267,-146
109900089,658,199,459
109900092,416,23,393
109900093,728,137,591
109900094,79,113,-34
109900095,86,127,-41
109900096,38,3,35
109900097,58,4,54
109900098,323,19,304
109900099,165,2,163
109900100,21,1,20
109900101,377,3,374
109900102,456,9,447
109900103,25,15,10
109900104,471,541,-70
109900105,400,24,376
109900106,243,86,157
109900107,509,79,430
109900108,111,247,-136
109900109,32,113,-81
109900111,239,544,-305
109900114,879,818,61
109900115,217,79,138
109900117,605,107,498
109900121,359,344,15
109900123,11,95,-84
109900125,1,76,-75
109900126,185,78,107
109900130,4094,1708,2386
109900131,58,97,-39
109900132,38,88,-50
109900134,72,71,1
109900135,289,88,201
109900137,78,223,-145
109900140,151,112,39
109900149,27,44,-17
109900150,3,73,-70
109900151,5,42,-37
109900152,2,45,-43
109900153,4,44,-40
109900154,84,1,83
109900155,85,14,71
109900157,54,176,-122
109900159,106,17,89
109900161,190,45,145
109900162,142,121,21
109900163,477,203,274
109900164,37,182,-145
109900165,250,2,248
109900166,0,136,-136
109900167,90,288,-198
109900168,138,450,-312
109900169,143,120,23
109900170,183,570,-387
109900171,127,69,58
109900172,156,187,-31
109900173,1699,1922,-223
109900174,41,92,-51
109900175,70,74,-4
109900176,90,159,-69
109900177,41,132,-91
109900178,6,126,-120
109900179,58,11,47
109900180,4,18,-14
110000001,866,426,440
110000002,482,612,-130
110000003,607,548,59
110000004,408,554,-146
110000005,341,1132,-791
110000006,277,273,4
110000007,91,64,27
110000008,23,39,-16
110000009,20,20,0
110000010,46,45,1
110000011,34,43,-9
110000012,441,305,136
110000013,33,381,-348
110000014,474,322,152
110000015,188,510,-322
110000016,165,1046,-881
110000017,1968,204,1764
110000018,1590,264,1326
110000019,10,89,-79
110000020,361,177,184
110000021,454,346,108
110000022,559,134,425
110000023,4,113,-109
110000024,570,295,275
110000025,289,7,282
110000026,7,222,-215
110000027,943,754,189
110000028,701,515,186
110000029,441,548,-107
110000030,217,247,-30
110000031,290,315,-25
110000032,504,301,203
110000033,286,75,211
110000034,322,560,-238
110000035,651,391,260
110000036,616,501,115
110000037,199,391,-192
110000038,175,497,-322
110000039,502,1789,-1287
110000040,223,233,-10
110000041,230,893,-663
110000042,75,245,-170
110000043,622,200,422
110000044,69,304,-235
110000045,432,88,344
110000046,6,18,-12
110000047,52,33,19
110000048,6,26,-20
110000049,50,12,38
110000050,6,28,-22
110000051,49,5,44
110000052,31,44,-13
110000053,59,16,43
110000054,68,217,-149
110000055,321,44,277
110000056,162,71,91
110000057,285,446,-161
110000058,812,407,405
110000059,781,454,327
110000060,621,745,-124
110000061,676,580,96
110000062,416,734,-318
110000063,37,73,-36
110000064,77,46,31
110000065,39,50,-11
110000066,60,24,36
110000067,70,98,-28
110000068,250,126,124
110000069,193,66,127
110000071,98,121,-23
110000073,8,11,-3
110000075,9,68,-59
110000076,237,252,-15
110000077,330,755,-425
110000078,28,22,6
110000080,226,503,-277
110000081,58,204,-146
110000082,40,250,-210
110000083,238,595,-357
110000084,999,700,299
110000085,1482,1418,64
110000086,1242,1755,-513
110000087,12,45,-33
110000088,88,170,-82
110000089,270,88,182
110000090,212,152,60
110000091,727,228,499
110000092,16,50,-34
110000093,65,9,56
110000094,376,175,201
110000095,162,446,-284
110000096,1545,1490,55
110000097,885,996,-111
110000098,1537,508,1029
110000099,627,1293,-666
110000100,760,347,413
110000101,29,253,-224
110000102,68,29,39
110000104,321,114,207
110000105,67,186,-119
110000106,512,345,167
110000107,248,307,-59
110000108,105,61,44
110000109,195,195,0
110000110,2202,2971,-769
110000111,3913,1999,1914
110000112,996,1150,-154
110000113,275,1613,-1338
110000114,124,397,-273
110000115,281,235,46
110000116,52,43,9
110000117,166,176,-10
110000118,323,111,212
110000119,147,214,-67
110000120,262,125,137
110000121,85,248,-163
110000122,310,350,-40
110000123,493,362,131
110000124,1,673,-672
110000125,833,27,806
110000126,341,28,313
110000127,861,59,802
110000128,44,852,-808
110000129,7,514,-507
110000130,288,143,145
110000131,96,379,-283
110000132,0,490,-490
110000133,17,372,-355
110000134,13,246,-233
110000135,118,29,89
110000136,36,229,-193
110000137,418,430,-12
110000138,532,470,62
110000139,667,775,-108
110000140,783,580,203
110000143,498,311,187
110000144,4288,1651,2637
110000145,1695,1124,571
110000146,1198,526,672
110000147,300,415,-115
110000148,344,146,198
110000151,743,918,-175
110000152,636,353,283
110000153,60,25,35
110000154,9,15,-6
110000155,997,3529,-2532
110000156,915,2104,-1189
110000157,1482,1960,-478
110000160,302,215,87
110000161,164,232,-68
110000166,377,89,288
110000167,610,423,187
110000168,768,433,335
110000169,848,337,511
110000170,100,43,57
110000171,470,144,326
110000172,177,532,-355
110000173,872,890,-18
110000174,90,586,-496
110000175,494,61,433
110000176,252,230,22
110000177,195,675,-480
110000178,329,1095,-766
110000179,949,313,636
110000180,171,175,-4
110000181,305,345,-40
110000182,337,87,250
110000183,5346,4768,578
110000184,292,1606,-1314
110000185,985,568,417
110000186,601,567,34
110000191,913,258,655
110000192,516,10,506
110000193,1004,11,993
110000194,16,711,-695
110000195,363,197,166
110000196,314,246,68
110000197,78,75,3
110000198,111,57,54
110000199,104,90,14
110000200,777,407,370
110000201,571,699,-128
110000202,947,472,475
110000203,642,565,77
110000204,7,174,-167
110000205,126,59,67
110000206,453,804,-351
110000207,819,335,484
110000208,138,196,-58
110000209,152,607,-455
110000210,919,374,545
110000211,708,570,138
110000212,343,687,-344
110000213,165,51,114
110000214,205,86,119
110000215,162,236,-74
110000216,87,209,-122
110000217,180,178,2
110000218,141,172,-31
110000219,328,56,272
110000220,107,184,-77
110000221,230,67,163
110000222,72,160,-88
110000223,4,155,-151
110000224,58,10,48
110000225,250,472,-222
110000226,189,46,143
110000227,544,502,42
110000228,215,170,45
110000229,2,172,-170
110000230,492,553,-61
110000231,145,171,-26
110000232,292,182,110
110000233,181,206,-25
110000234,672,720,-48
110000235,760,884,-124
110000236,466,478,-12
110000237,1712,932,780
110000238,1009,1225,-216
110000239,1651,947,704
110000240,1,53,-52
110000242,0,5,-5
110000243,64,74,-10
110000244,118,294,-176
110000245,43,265,-222
110000246,610,423,187
110000247,735,3254,-2519
110000248,1368,1149,219
110000249,56,8,48
110000250,17,133,-116
110000251,267,346,-79
110000252,155,135,20
110000253,911,472,439
110000254,492,862,-370
110000255,211,698,-487
110000256,328,253,75
110000257,574,371,203
110000258,10,226,-216
110000259,72,21,51
110000260,17,159,-142
110000263,304,60,244
110000264,220,261,-41
110000265,817,1306,-489
110000266,1334,2083,-749
110000267,22,96,-74
110000268,207,300,-93
110000269,2,45,-43
110000270,42,4,38
110000271,902,191,711
110000272,928,911,17
110000273,2293,1161,1132
110000274,169,975,-806
110000275,1224,380,844
110000276,296,194,102
110000277,262,271,-9
110000278,304,547,-243
110000279,602,560,42
110000280,310,346,-36
110000281,33,277,-244
110000282,214,20,194
110000283,40,81,-41
110000284,27,36,-9
110000285,1,348,-347
110000286,14,0,14
110000287,53,3,50
110000288,4,71,-67
110000289,354,1418,-1064
110000290,705,443,262
110000291,3197,1041,2156
110000292,1053,2976,-1923
110000293,466,518,-52
110000294,852,871,-19
110000295,87,567,-480
110000296,326,265,61
110000297,1747,236,1511
110000298,175,389,-214
110000299,211,79,132
110000301,274,25,249
110000302,402,610,-208
110000303,351,6,345
110000304,161,186,-25
110000305,796,16,780
110000306,123,747,-624
110000307,1029,2,1027
110000308,369,11,358
110000309,6,471,-465
110000310,528,32,496
110000311,12,373,-361
110000312,368,60,308
110000313,1692,2504,-812
110000314,0,171,-171
110000315,2485,2119,366
110000316,485,1121,-636
110000317,323,564,-241
110000318,5,51,-46
110000319,13,16,-3
110000320,34,32,2
110000321,8,22,-14
110000322,236,207,29
110000323,397,174,223
110000324,2376,1322,1054
110000325,1842,1913,-71
110000327,308,201,107
110000328,126,238,-112
110000333,562,410,152
110000334,562,1027,-465
110000335,604,338,266
110000336,672,720,-48
110000337,1125,486,639
110000338,421,181,240
110000339,249,155,94
110000340,36,138,-102
110000341,391,355,36
110000342,225,2,223
110000343,2,18,-16
110000344,238,129,109
110000345,334,142,192
110000346,1792,1520,272
110000347,833,530,303
110000348,20,24,-4
110000349,12,16,-4
110000350,22,4,18
110000351,770,615,155
110000352,533,1086,-553
110000353,1835,552,1283
110000354,794,2162,-1368
110000355,61,53,8
110000356,624,4,620
110000357,273,9,264
110000361,14,55,-41
110000362,47,11,36
110000363,295,108,187
110000364,176,263,-87
110000365,122,3,119
110000366,1,52,-51
110000367,313,157,156
110000368,2,29,-27
110000369,41,1,40
110000373,7,193,-186
110000374,68,10,58
110000375,92,758,-666
110000376,29,107,-78
110000377,61,362,-301
110000378,18,244,-226
110000379,1755,1481,274
110000380,63,10,53
110000383,2,1061,-1059
110000384,1956,1178,778
110000385,4,157,-153
110000387,39,7,32
110000388,28,161,-133
110000389,803,4,799
110000391,469,225,244
110000396,146,160,-14
110000397,112,75,37
110000398,4,26,-22
110000399,179,80,99
110000587,104,60,44
110000589,181,147,34
110000640,162,53,109
110000652,9,110,-101
110000653,279,329,-50
110000654,112,414,-302
110000656,2,431,-429
110000674,22,9,13
110000675,10,8,2
110000676,2,20,-18
110000679,281,905,-624
110000682,92,134,-42
110000683,216,406,-190
110000684,1,9,-8
110000685,1,3,-2
110000686,4,19,-15
110000687,29,2,27
110000688,45,619,-574
110000689,36,24,12
110000692,33,111,-78
110000693,68,230,-162
110000694,0,130,-130
110000695,149,409,-260
110000696,64,54,10
110000698,29,513,-484
110000699,91,257,-166
110900001,195,3,192
110900002,281,149,132
110900003,568,320,248
110900004,397,121,276
110900005,1661,1559,102
110900006,53,6,47
110900007,80,33,47
110900008,19,37,-18
110900009,310,78,232
110900010,20,64,-44
110900011,23,57,-34
110900012,4,37,-33
110900013,693,113,580
110900014,300,25,275
110900015,386,453,-67
110900016,53,116,-63
110900017,261,25,236
110900018,291,39,252
110900019,121,14,107
110900020,80,213,-133
110900021,53,352,-299
110900022,58,156,-98
110900023,65,314,-249
110900024,24,207,-183
110900025,16,77,-61
110900027,47,109,-62
110900028,39,75,-36
110900029,12,201,-189
110900030,27,146,-119
110900031,8,81,-73
110900032,0,39,-39
110900033,31,136,-105
110900035,9,329,-320
110900036,81,25,56
110900037,34,27,7
110900038,539,135,404
110900039,4,188,-184
110900040,134,30,104
110900041,11,78,-67
110900042,109,37,72
110900043,2,89,-87
110900044,141,9,132
110900045,29,202,-173
110900046,34,163,-129
110900047,307,179,128
110900049,52,50,2
110900050,21,8,13
110900052,6,99,-93
110900053,89,20,69
110900054,35,119,-84
110900055,21,0,21
110900056,48,81,-33
110900057,9,152,-143
110900058,162,106,56
110900059,452,368,84
110900060,359,101,258
110900061,13,51,-38
110900062,99,162,-63
110900063,37,90,-53
110900064,10,0,10
110900065,276,105,171
110900066,8,45,-37
110900067,182,327,-145
110900068,152,153,-1
110900069,4,20,-16
110900070,106,60,46
110900071,159,363,-204
110900073,1,17,-16
110900074,229,83,146
110900075,253,36,217
110900077,661,472,189
110900078,42,44,-2
110900079,2053,1134,919
110900080,93,56,37
110900081,7,47,-40
110900082,112,80,32
110900083,93,43,50
110900084,52,48,4
110900085,39,156,-117
110900086,52,187,-135
110900087,214,37,177
110900088,8,3,5
110900090,26,26,0
110900091,1,25,-24
110900093,125,71,54
110900095,75,26,49
110900097,15,13,2
110900098,21,65,-44
110900099,23,214,-191
110900100,0,16,-16
110900102,38,10,28
110900105,486,148,338
110900108,7,28,-21
110900111,359,113,246
110900112,613,3,610
110900113,368,34,334
110900115,6,32,-26
110900116,459,1140,-681
110900118,111,2247,-2136
110900119,2196,224,1972
110900120,5,50,-45
110900121,117,3,114
110900122,378,149,229
110900125,389,313,76
110900127,502,1041,-539
110900128,315,460,-145
110900129,280,796,-516
110900130,824,609,215
110900131,156,39,117
110900132,215,33,182
110900133,71,126,-55
110900135,29,222,-193
110900136,237,14,223
110900139,7,0,7
110900140,3,0,3
110900141,365,289,76
110900142,35,93,-58
110900143,118,74,44
110900144,1,484,-483
110900145,149,45,104
110900146,275,130,145
110900147,76,269,-193
110900148,2,217,-215
110900149,1,32,-31
110900150,19,15,4
110900151,0,42,-42
110900152,36,167,-131
110900153,121,32,89
111000001,541,483,58
111000002,757,598,159
111000003,1128,598,530
111000004,417,774,-357
111000005,1220,955,265
111000006,789,1569,-780
111000007,3028,2054,974
111000008,1696,2284,-588
111000009,388,707,-319
111000010,670,196,474
111000011,329,1209,-880
111000012,755,312,443
111000013,323,1018,-695
111000014,1072,475,597
111000017,92,767,-675
111000018,255,359,-104
111000020,554,1939,-1385
111000021,74,89,-15
111000023,83,79,4
111000025,2943,3016,-73
111000029,66,91,-25
111000030,39,85,-46
111000031,1593,910,683
111000032,455,296,159
111000033,274,297,-23
111000034,170,205,-35
111000037,1129,822,307
111000038,3191,1858,1333
111000039,1638,1679,-41
111000040,1563,1899,-336
111000041,1704,1511,193
111000042,2453,1908,545
111000043,1506,2418,-912
111000044,1653,1183,470
111000045,1838,2098,-260
111000046,1108,1532,-424
111000047,1834,3200,-1366
111000049,383,462,-79
111000050,1232,1152,80
111000051,422,816,-394
111000052,501,1313,-812
111000053,277,682,-405
111000054,323,627,-304
111000055,850,1283,-433
111000056,161,348,-187
111000057,59,443,-384
111000058,294,51,243
111000059,655,245,410
111000060,3225,767,2458
111000061,450,265,185
111000062,659,276,383
111000063,1582,750,832
111000064,567,509,58
111000065,875,801,74
111000066,374,334,40
111000067,339,543,-204
111000068,548,987,-439
111000069,1424,1538,-114
111000070,1166,930,236
111000071,212,476,-264
111000072,1082,398,684
111000073,290,788,-498
111000074,1285,1455,-170
111000075,1010,540,470
111000076,401,399,2
111000077,1539,1792,-253
111000078,2561,1409,1152
111000079,1097,586,511
111000080,356,490,-134
111000081,1290,2915,-1625
111000082,512,550,-38
111000084,656,361,295
111000085,830,961,-131
111000086,1922,941,981
111000087,613,535,78
111000088,3341,1749,1592
111000089,693,590,103
111000090,679,1142,-463
111000091,659,379,280
111000092,975,708,267
111000093,628,965,-337
111000094,1536,915,621
111000095,550,1746,-1196
111000096,1397,5839,-4442
111000097,3360,1501,1859
111000098,697,1015,-318
111000099,565,1486,-921
111000100,334,1102,-768
111000101,367,594,-227
111000102,214,400,-186
111000104,454,134,320
111000107,100,510,-410
111000109,467,199,268
111000110,1150,517,633
111000111,1742,447,1295
111000112,1561,537,1024
111000113,729,1194,-465
111000114,1907,2509,-602
111000115,4366,902,3464
111000116,806,642,164
111000117,344,666,-322
111000118,1155,658,497
111000119,867,744,123
111000120,342,438,-96
111000121,221,548,-327
111000122,490,899,-409
111000123,819,1900,-1081
111000124,379,1864,-1485
111000125,204,942,-738
111000126,100,644,-544
111000127,766,118,648
111000128,1455,250,1205
111000129,2033,404,1629
111000130,1611,513,1098
111000131,1349,513,836
111000132,1065,570,495
111000133,162,116,46
111000134,149,88,61
111000135,60,136,-76
111000136,338,289,49
111000138,23,6,17
111000140,2,8,-6
111000141,168,220,-52
111000142,11,91,-80
111000143,3,124,-121
111000144,49,354,-305
111000145,1214,30,1184
111000146,143,12,131
111000147,228,28,200
111000148,87,49,38
111000149,4,25,-21
111000150,20,5,15
111000151,5,14,-9
111000153,465,683,-218
111000154,743,197,546
111000155,87,105,-18
111000156,306,520,-214
111000157,234,816,-582
111000158,746,682,64
111000159,1688,603,1085
111000160,383,299,84
111000161,15,222,-207
111000162,83,144,-61
111000163,616,632,-16
111000164,563,2655,-2092
111000165,840,373,467
111000166,1707,370,1337
111000167,154,357,-203
111000168,177,382,-205
111000169,327,557,-230
111000170,433,367,66
111000171,440,419,21
111000172,126,317,-191
111000173,316,662,-346
111000174,184,291,-107
111000175,23,206,-183
111000176,240,106,134
111000177,264,183,81
111000178,923,239,684
111000179,192,127,65
111000180,176,389,-213
111000181,936,167,769
111000182,189,138,51
111000183,358,254,104
111000184,305,180,125
111000185,322,305,17
111000186,334,171,163
111000187,94,178,-84
111000188,220,388,-168
111000189,883,465,418
111000190,169,273,-104
111000191,132,216,-84
111000192,154,412,-258
111000193,254,278,-24
111000194,57,284,-227
111000195,131,255,-124
111000196,76,162,-86
111000197,357,109,248
111000198,511,80,431
111000199,206,137,69
111000200,360,245,115
111000201,527,189,338
111000202,262,156,106
111000203,328,287,41
111000204,340,969,-629
111000213,211,438,-227
111000214,1292,1108,184
111000215,1015,1138,-123
111000217,1072,716,356
111000218,805,846,-41
111000219,390,194,196
111000220,1079,409,670
111000221,630,85,545
111000224,58,332,-274
111000225,415,251,164
111000226,87,1,86
111000227,39,3,36
111000228,28,244,-216
111000229,38,632,-594
111000230,209,217,-8
111000231,834,538,296
111000232,395,644,-249
111000233,730,594,136
111000234,127,337,-210
111000239,117,110,7
111000240,32,160,-128
111000241,25,205,-180
111000242,151,36,115
111000243,104,390,-286
111000244,388,96,292
111000245,946,271,675
111000246,523,246,277
111000247,269,620,-351
111000248,613,343,270
111000249,381,568,-187
111000250,43,50,-7
111000251,54,63,-9
111000253,6,11,-5
111000255,37,8,29
111000257,40,14,26
111000260,52,649,-597
111000261,824,63,761
111000271,37,253,-216
111000273,2636,1199,1437
111000274,1030,1569,-539
111000275,123,49,74
111000276,217,1391,-1174
111000277,173,282,-109
111000278,568,200,368
111000291,730,3915,-3185
111000298,409,169,240
111000299,555,96,459
111000300,86,488,-402
111000302,189,67,122
111000303,79,159,-80
111000312,58,51,7
111000315,5,116,-111
111000320,240,521,-281
111000321,280,129,151
111000322,265,359,-94
111000323,199,22,177
111000324,308,200,108
111000325,49,68,-19
111000326,169,233,-64
111000327,367,301,66
111000328,195,416,-221
111000329,1,33,-32
111000330,69,6,63
111000331,13,4,9
111000332,440,1190,-750
111000334,267,1015,-748
111000335,816,186,630
111000337,1059,323,736
111000338,63,59,4
111000339,418,178,240
111000340,132,467,-335
111000341,1009,516,493
111000342,163,502,-339
111000344,863,610,253
111000345,200,62,138
111000346,19,111,-92
111000347,121,5,116
111000350,141,88,53
111000351,98,285,-187
111000352,133,48,85
111000353,69,213,-144
111000354,350,87,263
111000355,217,410,-193
111000358,114,798,-684
111000360,144,467,-323
111000361,111,174,-63
111000546,530,434,96
111000547,331,309,22
111000548,98,232,-134
111000549,192,209,-17
111000550,73,693,-620
111000551,551,189,362
111000552,1206,91,1115
111000907,418,20,398
111000908,30,1,29
111000916,1213,209,1004
111000917,30,331,-301
111000918,172,494,-322
111000920,465,8,457
111000921,7,123,-116
111000922,379,211,168
111000924,31,405,-374
111000925,1953,1450,503
111000926,943,1381,-438
111000927,2452,3264,-812
111000928,3302,2502,800
111000929,1261,974,287
111000930,685,1679,-994
111000931,1503,2266,-763
111000932,3296,1835,1461
111000933,2890,1799,1091
111000934,1505,2618,-1113
111000935,1213,779,434
111000936,1031,1632,-601
111000937,910,1189,-279
111000938,1365,1266,99
111000939,367,35,332
111000940,305,124,181
111000941,327,365,-38
111000943,366,192,174
111000944,128,245,-117
111000945,65,1100,-1035
111001109,372,290,82
111001110,139,398,-259
111001111,69,5,64
111001112,92,3,89
111001113,9,143,-134
111001114,606,103,503
111001115,74,397,-323
111001116,3665,3278,387
111001117,565,1815,-1250
111001120,99,205,-106
111001121,183,232,-49
111001122,218,394,-176
111001123,183,80,103
111001124,89,204,-115
111001125,4,117,-113
111001126,2,0,2
111001127,0,32,-32
111001128,456,470,-14
111900001,3,166,-163
111900002,1,368,-367
111900003,2,197,-195
111900004,27,56,-29
111900006,5,27,-22
111900007,59,1,58
111900008,125,2,123
111900009,88,1,87
111900010,301,343,-42
111900012,58,72,-14
111900013,6,9,-3
111900014,3638,2926,712
111900015,0,56,-56
111900016,0,78,-78
111900017,1,74,-73
111900018,203,3,200
111900019,1,71,-70
111900020,1,46,-45
111900021,26,88,-62
111900022,5,36,-31
111900023,68,62,6
111900024,111,112,-1
111900025,1,32,-31
111900026,0,47,-47
111900027,3,83,-80
111900028,16,268,-252
111900029,2,58,-56
111900030,19,273,-254
111900032,1,254,-253
111900033,5,63,-58
111900034,265,345,-80
111900035,83,109,-26
111900036,0,189,-189
111900038,240,439,-199
111900039,41,260,-219
111900040,2,342,-340
111900042,20,87,-67
111900043,4,236,-232
111900044,296,146,150
111900046,38,86,-48
111900048,150,429,-279
111900049,22,163,-141
111900050,75,27,48
111900051,1,135,-134
111900052,341,298,43
111900053,654,1058,-404
111900054,107,3,104
111900055,17,285,-268
111900056,120,254,-134
111900057,112,54,58
111900058,339,437,-98
111900059,1083,448,635
111900060,282,3,279
111900061,13,144,-131
111900062,23,41,-18
111900063,205,152,53
111900064,95,166,-71
111900065,62,20,42
111900066,106,124,-18
111900067,4,219,-215
111900068,60,37,23
111900069,62,27,35
111900070,134,95,39
111900071,0,134,-134
111900072,64,11,53
111900073,582,126,456
111900074,4,112,-108
111900075,81,8,73
111900076,115,50,65
111900077,38,1,37
111900078,196,34,162
111900079,35,49,-14
111900080,192,237,-45
111900082,102,25,77
111900083,99,9,90
111900084,100,9,91
111900085,22,98,-76
111900086,38,6,32
111900087,41,1,40
111900088,399,10,389
111900089,82,1,81
111900090,40,33,7
111900091,196,4,192
111900092,85,0,85
111900093,357,8,349
111900094,113,0,113
111900095,165,16,149
111900096,161,19,142
111900097,66,0,66
111900098,165,2,163
111900099,56,0,56
111900100,128,3,125
111900101,79,32,47
111900102,399,344,55
111900103,54,73,-19
111900104,113,44,69
111900105,303,154,149
111900106,490,30,460
111900110,1186,261,925
111900111,115,5,110
111900112,307,2042,-1735
111900113,219,62,157
111900118,257,95,162
111900119,277,135,142
111900122,123,94,29
111900123,17,20,-3
111900124,30,94,-64
111900125,394,16,378
111900126,161,0,161
111900127,3,497,-494
111900128,4,269,-265
111900129,168,5,163
111900130,97,17,80
111900131,547,1,546
111900132,17,582,-565
111900133,33,265,-232
111900134,9,176,-167
111900135,4,34,-30
111900136,69,153,-84
111900137,41,67,-26
111900138,12,51,-39
111900139,19,76,-57
111900140,75,15,60
111900141,36,13,23
111900142,93,30,63
111900143,13,55,-42
111900144,0,47,-47
111900145,3,303,-300
111900146,0,152,-152
111900147,105,302,-197
111900148,14,397,-383
111900149,3,183,-180
111900150,11,88,-77
111900151,2,17,-15
111900152,46,63,-17
111900153,958,533,425
111900154,8,195,-187
111900155,32,63,-31
111900156,31,36,-5
111900157,115,19,96
111900158,521,46,475
111900159,256,18,238
111900160,219,0,219
111900161,135,1,134
111900162,50,153,-103
111900163,31,167,-136
111900164,92,44,48
111901113,291,177,114
111901114,120,126,-6
111901115,51,1,50
111901116,26,2,24
111901117,11,16,-5
111901118,58,132,-74
111901119,412,33,379
111901121,115,94,21
111901122,3,299,-296
111901123,159,253,-94
111901124,150,0,150
111901125,349,193,156
111901127,274,231,43
111901128,5,38,-33
111901129,2,72,-70
111901130,4,75,-71
111901131,2,164,-162
111901132,103,21,82
111901133,26,0,26
111901134,52,4,48
111901135,20,16,4
111901138,214,32,182
111901139,11,23,-12
111901140,13,47,-34
111901141,10,78,-68
111901142,3,83,-80
111901143,5,50,-45
111901144,34,61,-27
111901145,110,200,-90
111901146,308,28,280
111901147,288,166,122
111901148,9,16,-7
111901149,11,8,3
111901150,30,0,30
111901151,0,0,0
111901152,2,14,-12
112000001,1521,629,892
112000002,498,1532,-1034
112000003,950,787,163
112000004,459,665,-206
112000005,2531,3091,-560
112000006,1828,1220,608
112000007,2262,1469,793
112000008,1870,3034,-1164
112000009,2536,2013,523
112000010,2057,2550,-493
112000011,1206,1207,-1
112000012,2554,3199,-645
112000013,3269,1956,1313
112000014,2048,2258,-210
112000015,3258,2375,883
112000016,2818,1299,1519
112000017,1177,2177,-1000
112000024,2142,726,1416
112000026,2233,3308,-1075
112000027,663,478,185
112000028,977,1046,-69
112000029,340,503,-163
112000030,154,59,95
112000031,957,3029,-2072
112000032,309,48,261
112000033,1308,1511,-203
112000034,322,69,253
112000035,64,318,-254
112000036,610,770,-160
112000037,617,633,-16
112000038,901,674,227
112000039,49,46,3
112000040,85,178,-93
112000041,368,370,-2
112000042,823,347,476
112000050,1009,1007,2
112000051,790,961,-171
112000054,1215,1298,-83
112000057,387,270,117
112000058,218,365,-147
112000059,298,485,-187
112000061,2162,1194,968
112000062,1124,640,484
112000063,722,1229,-507
112000064,3245,3959,-714
112000065,1511,1813,-302
112000066,2699,1248,1451
112000067,707,550,157
112000068,2345,2105,240
112000069,640,1159,-519
112000070,1441,674,767
112000071,752,1862,-1110
112000072,1615,687,928
112000073,1353,1670,-317
112000074,1175,869,306
112000075,1229,1046,183
112000076,2740,2129,611
112000077,574,472,102
112000078,1356,550,806
112000079,1144,1025,119
112000080,547,565,-18
112000081,1238,1800,-562
112000082,1101,683,418
112000083,449,891,-442
112000084,968,782,186
112000085,946,901,45
112000086,1398,1086,312
112000087,328,560,-232
112000088,848,483,365
112000089,198,239,-41
112000090,223,252,-29
112000091,562,728,-166
112000092,1666,1003,663
112000093,1441,741,700
112000094,669,782,-113
112000095,500,707,-207
112000096,488,495,-7
112000097,982,568,414
112000098,672,655,17
112000099,512,1506,-994
112000100,1342,644,698
112000101,411,666,-255
112000102,944,460,484
112000103,264,800,-536
112000105,599,1117,-518
112000106,1506,439,1067
112000107,84,144,-60
112000108,301,1222,-921
112000109,146,87,59
112000110,1606,727,879
112000111,699,2106,-1407
112000112,2513,503,2010
112000113,623,1207,-584
112000114,1959,734,1225
112000115,281,346,-65
112000116,474,656,-182
112000117,923,760,163
112000118,848,603,245
112000119,378,604,-226
112000120,62,226,-164
112000121,75,317,-242
112000122,268,146,122
112000123,744,161,583
112000124,421,72,349
112000125,209,233,-24
112000126,208,358,-150
112000127,1410,1473,-63
112000128,659,461,198
112000129,138,96,42
112000130,166,65,101
112000131,60,213,-153
112000132,111,208,-97
112000133,245,160,85
112000134,360,310,50
112000135,1103,547,556
112000136,894,959,-65
112000137,1363,1351,12
112000138,1255,917,338
112000139,734,511,223
112000140,902,951,-49
112000141,700,355,345
112000142,223,489,-266
112000143,895,219,676
112000144,252,880,-628
112000145,1980,502,1478
112000146,467,1475,-1008
112000147,2122,1478,644
112000148,1417,1716,-299
112000149,363,413,-50
112000150,203,459,-256
112000151,300,233,67
112000152,401,305,96
112000153,202,213,-11
112000154,80,115,-35
112000155,106,89,17
112000157,627,401,226
112000158,217,317,-100
112000159,421,301,120
112000167,233,86,147
112000169,286,312,-26
112000173,465,153,312
112000175,264,272,-8
112000176,2078,1326,752
112000177,447,156,291
112000178,65,179,-114
112000179,170,77,93
112000180,198,303,-105
112000181,1212,1260,-48
112000182,1000,1038,-38
112000183,43,35,8
112000184,405,264,141
112000185,412,332,80
112000187,2831,1845,986
112000195,90,21,69
112000196,105,1,104
112000197,100,135,-35
112000198,38,169,-131
112000199,880,714,166
112000202,361,1,360
112000216,44,226,-182
112000230,69,7,62
112000231,3,170,-167
112000256,70,187,-117
112000313,48,79,-31
112000314,31,22,9
112000337,159,426,-267
112000352,252,275,-23
112000392,926,887,39
112000398,1047,690,357
112000399,1457,1752,-295
112000400,1365,2150,-785
112000401,2172,1642,530
112000402,2260,2594,-334
112000403,1296,2212,-916
112000404,657,671,-14
112000405,1537,2278,-741
112000406,2609,1888,721
112000407,5582,6703,-1121
112000408,5961,5004,957
112000409,1310,3205,-1895
112000410,288,257,31
112000411,2692,1309,1383
112000412,1226,499,727
112000413,5845,4400,1445
112000414,59,52,7
112000415,71,27,44
112000416,1964,1147,817
112000417,236,34,202
112000421,36,76,-40
112000422,244,228,16
112000424,1646,2114,-468
112000425,298,630,-332
112000426,96,268,-172
112000427,0,16,-16
112000428,185,237,-52
112000429,1708,1835,-127
112000430,2030,2141,-111
112000431,92,119,-27
112000432,453,840,-387
112000433,273,481,-208
112000437,85,124,-39
112900001,55,0,55
112900002,383,642,-259
112900003,44,204,-160
112900004,43,195,-152
112900005,164,131,33
112900007,18,104,-86
112900008,0,27,-27
112900009,251,79,172
112900010,299,669,-370
112900011,151,171,-20
112900012,1,56,-55
112900013,1,105,-104
112900014,6,176,-170
112900015,255,572,-317
112900016,5,197,-192
112900017,12,111,-99
112900018,299,621,-322
112900019,18,91,-73
112900020,242,805,-563
112900021,1,167,-166
112900022,8,40,-32
112900023,1,137,-136
112900024,9,156,-147
112900025,56,209,-153
112900026,3,170,-167
112900027,8,795,-787
112900028,23,83,-60
112900029,24,470,-446
112900030,89,93,-4
112900031,3,353,-350
112900032,186,226,-40
112900034,0,39,-39
112900035,5,327,-322
112900036,26,102,-76
112900037,135,202,-67
112900038,477,94,383
112900039,15,229,-214
112900040,4,244,-240
112900041,486,662,-176
112900042,40,257,-217
112900043,23,37,-14
112900044,389,365,24
112900045,258,229,29
112900046,129,46,83
112900047,8,28,-20
112900049,183,45,138
112900050,27,342,-315
112900051,230,363,-133
112900052,9,518,-509
112900053,379,73,306
112900054,123,48,75
112900055,66,22,44
112900056,202,153,49
112900057,28,386,-358
112900058,270,247,23
112900059,149,93,56
112900060,21,90,-69
112900061,72,78,-6
112900062,56,95,-39
112900063,108,13,95
112900064,115,139,-24
112900065,32,28,4
112900066,173,134,39
112900067,269,124,145
112900068,40,33,7
112900069,1229,566,663
112900071,31,9,22
112900072,129,1355,-1226
112900073,350,84,266
112900074,58,199,-141
112900075,927,658,269
112900076,47,26,21
112900078,244,305,-61
112900079,183,45,138
112900080,74,1,73
112900081,39,196,-157
112900082,417,32,385
112900083,108,105,3
112900084,165,80,85
112900086,61,0,61
112900087,516,89,427
112900088,110,13,97
112900089,776,26,750
112900090,44,19,25
112900091,281,5,276
112900092,151,276,-125
112900093,846,19,827
112900095,45,1,44
112900096,396,109,287
112900097,102,191,-89
112900098,89,0,89
112900099,700,11,689
112900100,55,1,54
112900101,265,4,261
112900102,117,12,105
112900103,139,10,129
112900104,473,9,464
112900105,14,0,14
112900106,331,97,234
112900107,2,1,1
112900108,24,0,24
112900109,102,0,102
112900110,1056,19,1037
112900111,576,6,570
112900112,304,10,294
112900113,0,19,-19
112900114,148,40,108
112900115,973,4,969
112900116,189,7,182
112900117,80,76,4
112900118,19,70,-51
112900119,120,3,117
112900120,653,241,412
112900121,83,160,-77
112900122,9,58,-49
112900123,62,13,49
112900124,14,63,-49
112900125,22,301,-279
112900126,174,203,-29
112900127,305,101,204
112900128,275,528,-253
112900129,2,558,-556
112900130,218,57,161
112900131,32,212,-180
112900132,108,333,-225
112900133,18,692,-674
112900134,1,186,-185
112900135,87,37,50
112900137,24,403,-379
112900138,2,195,-193
112900139,151,798,-647
112900141,515,29,486
112900142,43,133,-90
112900143,21,366,-345
112900144,1,609,-608
112900145,39,334,-295
112900146,7,797,-790
112900147,6,1234,-1228
112900148,25,8,17
112900149,152,442,-290
112900151,9,45,-36
112900152,2785,561,2224
112900153,1431,1912,-481
112900154,0,89,-89
112900155,132,10,122
112900156,386,886,-500
112900157,137,48,89
112900158,56,16,40
112900159,151,102,49
112900160,66,215,-149
112900161,123,56,67
112900162,12,23,-11
112900163,60,30,30
112900164,28,195,-167
112900165,186,18,168
112900166,4,47,-43
112900167,3,74,-71
112900168,2,3,-1
112900169,9,25,-16
112900170,95,55,40
112900172,30,10,20
112900173,121,77,44
112900174,194,38,156
112900175,100,108,-8
112900176,11,37,-26
112900177,190,47,143
112900178,664,1806,-1142
112900179,35,331,-296
112900180,1376,1090,286
112900181,497,13,484
112900182,44,660,-616
112900183,108,174,-66
112900184,356,341,15
112900185,163,444,-281
112900186,939,631,308
112900187,72,380,-308
112900188,562,375,187
112900189,3,10,-7
112900190,11,51,-40
112900192,430,450,-20
112900193,824,273,551
112900194,43,41,2
112900195,657,27,630
112900196,181,240,-59
112900197,144,271,-127
112900199,379,256,123
112900200,368,150,218
112900201,127,71,56
112900202,340,628,-288
112900203,209,160,49
112900204,802,559,243
112900205,6,12,-6
112900206,38,94,-56
112900207,10,0,10
112900208,121,336,-215
112900209,520,265,255
112900210,0,44,-44
112900211,61,21,40
112900212,0,89,-89
112900213,59,18,41
112900214,17,15,2
112900215,11,142,-131
112900216,24,60,-36
112900217,0,62,-62
112900218,77,7,70
112900219,72,0,72
112900220,2,0,2
112900221,4,78,-74
112900222,0,12,-12
112900223,645,10,635
112900224,211,302,-91
112900225,247,247,0
112900226,93,208,-115
112900227,331,355,-24
112900228,57,14,43
112900229,214,25,189
112900230,4513,2789,1724
112900232,170,241,-71
112900233,33,113,-80
112900234,12,55,-43
112900235,104,47,57
112900236,181,7,174
112900237,173,256,-83
112900238,6,20,-14
112900239,566,320,246
112900240,5,46,-41
112900241,19,58,-39
112900242,3,80,-77
112900243,11,96,-85
112900244,7,50,-43
112900245,2,32,-30
112900246,2,7,-5
112900247,122,27,95
112900248,10,0,10
112900249,19,4,15
112900250,37,25,12
112900251,38,10,28
112900252,64,25,39
112900253,35,17,18
112900254,9,1,8
112900255,3,15,-12
112900256,5,56,-51
112900257,10,28,-18
112900258,29,20,9
113000001,4127,3250,877
113000002,2659,2504,155
113000003,1545,1169,376
113000004,1287,1761,-474
113000005,1278,737,541
113000006,686,965,-279
113000007,1544,858,686
113000008,1167,1416,-249
113000009,861,590,271
113000010,856,950,-94
113000011,581,1168,-587
113000012,1526,569,957
113000013,958,658,300
113000014,1217,1020,197
113000015,269,122,147
113000016,264,564,-300
113000017,39,304,-265
113000018,330,35,295
113000019,183,369,-186
113000020,493,107,386
113000021,882,470,412
113000022,578,866,-288
113000025,114,278,-164
113000026,323,343,-20
113000027,397,482,-85
113000028,509,373,136
113000029,567,659,-92
113000030,298,440,-142
113000031,239,230,9
113000032,226,224,2
113000033,234,246,-12
113000034,267,230,37
113000035,19,17,2
113000036,21,46,-25
113000037,37,21,16
113000038,14,51,-37
113000039,56,237,-181
113000040,45,67,-22
113000042,534,480,54
113000051,585,1835,-1250
113000052,1584,640,944
113000053,332,283,49
113000054,243,563,-320
113000055,973,489,484
113000056,823,739,84
113000058,626,677,-51
113000059,869,529,340
113000060,236,432,-196
113000061,407,619,-212
113000062,560,202,358
113000063,149,67,82
113000064,40,225,-185
113000065,100,551,-451
113000066,552,89,463
113000067,1743,930,813
113000068,361,905,-544
113000069,392,767,-375
113000070,2047,864,1183
113000071,310,454,-144
113000072,602,392,210
113000073,252,890,-638
113000074,767,270,497
113000075,1656,537,1119
113000076,486,1517,-1031
113000077,805,554,251
113000078,575,1561,-986
113000079,452,566,-114
113000080,531,551,-20
113000081,572,612,-40
113000082,823,520,303
113000083,376,675,-299
113000084,1203,814,389
113000085,627,564,63
113000086,833,903,-70
113000087,714,753,-39
113000088,1624,927,697
113000089,707,1331,-624
113000090,193,444,-251
113000091,398,275,123
113000094,857,165,692
113000095,164,652,-488
113000096,111,575,-464
113000097,858,296,562
113000098,78,52,26
113000099,651,280,371
113000100,98,355,-257
113000101,293,435,-142
113000102,506,422,84
113000103,1510,357,1153
113000104,360,1372,-1012
113000105,518,355,163
113000106,246,301,-55
113000107,686,621,65
113000108,551,816,-265
113000109,464,1175,-711
113000110,1173,299,874
113000111,136,386,-250
113000112,265,271,-6
113000113,957,313,644
113000114,169,879,-710
113000116,496,246,250
113000117,647,99,548
113000118,78,346,-268
113000119,278,289,-11
113000120,82,213,-131
113000121,402,631,-229
113000124,181,106,75
113000125,33,616,-583
113000127,1674,220,1454
113000128,409,319,90
113000129,347,610,-263
113000133,1638,935,703
113000134,4,775,-771
113000135,3121,3094,27
113000137,1345,2843,-1498
113000139,267,167,100
113000140,77,175,-98
113000141,199,184,15
113000142,437,734,-297
113000143,200,200,0
113000144,236,425,-189
113000145,68,113,-45
113000146,126,51,75
113000147,102,74,28
113000148,182,92,90
113000149,96,85,11
113000150,425,240,185
113000151,58,35,23
113000152,27,86,-59
113000153,994,365,629
113000154,535,1201,-666
113000155,232,416,-184
113000156,122,282,-160
113000157,236,670,-434
113000158,585,171,414
113000159,724,629,95
113000160,587,766,-179
113000161,213,320,-107
113000162,620,325,295
113000163,89,74,15
113000164,26,68,-42
113000166,125,94,31
113000167,26,81,-55
113000168,78,88,-10
113000169,177,78,99
113000170,77,122,-45
113000171,45,79,-34
113000172,209,66,143
113000173,60,23,37
113000174,124,333,-209
113000175,319,100,219
113000176,369,134,235
113000177,151,347,-196
113000178,148,231,-83
113000179,230,157,73
113000180,480,829,-349
113000181,1007,740,267
113000182,103,311,-208
113000183,95,439,-344
113000184,32,65,-33
113000189,314,558,-244
113000190,635,371,264
113000192,998,1896,-898
113000193,2713,1393,1320
113000194,1071,952,119
113000195,1496,839,657
113000196,179,95,84
113000197,923,869,54
113000198,59,231,-172
113000199,868,220,648
113000201,126,227,-101
113000202,2631,693,1938
113000203,172,134,38
113000204,1030,1690,-660
113000205,21,12,9
113000206,8,24,-16
113000207,55,12,43
113000208,40,29,11
113000209,11,16,-5
113000210,4,19,-15
113000211,197,220,-23
113000212,108,33,75
113000213,22,85,-63
113000214,159,205,-46
113000234,149,622,-473
113000410,114,190,-76
113000411,1778,2997,-1219
113000412,4913,1934,2979
113000413,1805,2115,-310
113000414,4438,9139,-4701
113000415,1594,1960,-366
113000416,5779,3034,2745
113000417,1454,2059,-605
113000418,3229,2743,486
113000419,1102,1446,-344
113000420,3251,4130,-879
113000421,2842,4743,-1901
113000422,8399,7060,1339
113000423,1560,3647,-2087
113000424,2342,6523,-4181
113000425,1,72,-71
113000428,34,19,15
113000430,11,59,-48
113000432,1724,175,1549
113000433,78,514,-436
113000434,15,100,-85
113000435,21,296,-275
113000436,30,757,-727
113000437,801,50,751
113000438,290,13,277
113000439,29,78,-49
113000440,102,46,56
113000441,202,170,32
113000442,107,119,-12
113000443,232,129,103
113000444,140,124,16
113000445,118,63,55
113000446,60,55,5
113000448,162,120,42
113000449,125,593,-468
113000450,376,1288,-912
113000451,976,146,830
113000452,248,328,-80
113000453,68,217,-149
113000454,450,80,370
113000455,60,226,-166
113000456,2663,2205,458
113000468,1008,165,843
113000469,66,50,16
113000470,289,32,257
113000471,12,288,-276
113000472,71,196,-125
113000474,532,443,89
113000475,1205,1200,5
113000476,1080,1497,-417
113000477,2621,1715,906
113000478,2956,4167,-1211
113000479,22,142,-120
113000485,0,0,0
113000486,4,0,4
113000487,0,0,0
113000488,0,0,0
113000489,0,0,0
113000490,0,0,0
113000491,0,2,-2
113000492,0,3,-3
113000493,0,0,0
113000495,131,117,14
113000496,103,127,-24
113900001,2,157,-155
113900002,2,37,-35
113900003,0,34,-34
113900004,0,31,-31
113900005,1,29,-28
113900006,0,21,-21
113900007,17,0,17
113900008,21,2,19
113900009,46,0,46
113900010,52,3,49
113900011,32,0,32
113900012,18,0,18
113900013,126,2,124
113900014,416,2,414
113900015,2,31,-29
113900016,25,0,25
113900017,0,27,-27
113900018,233,169,64
113900019,63,35,28
113900020,110,0,110
113900022,23,0,23
113900023,19,1,18
113900024,45,42,3
113900025,188,9,179
113900026,26,0,26
113900027,2,33,-31
113900028,39,306,-267
113900029,61,140,-79
113900030,189,2,187
113900031,6,1,5
113900032,12,0,12
113900033,59,49,10
113900035,33,0,33
113900036,13,47,-34
113900037,143,391,-248
113900038,71,65,6
113900039,97,16,81
113900040,5,8,-3
113900041,3,3,0
113900042,44,31,13
113900043,87,89,-2
113900044,249,248,1
113900045,42,0,42
113900046,188,437,-249
113900047,35,95,-60
113900048,171,82,89
113900049,405,263,142
113900050,162,243,-81
113900051,132,253,-121
113900052,90,107,-17
113900053,570,440,130
113900054,24,2,22
113900055,82,300,-218
113900056,26,85,-59
113900057,16,38,-22
113900058,48,99,-51
113900059,147,196,-49
113900060,62,107,-45
113900061,575,198,377
113900062,58,4,54
113900063,50,69,-19
113900064,6,75,-69
113900065,268,12,256
113900066,276,213,63
113900067,84,117,-33
113900068,371,284,87
113900069,18,14,4
113900070,102,307,-205
113900071,38,48,-10
113900072,40,99,-59
113900073,220,252,-32
113900074,70,158,-88
113900075,1047,805,242
113900076,104,18,86
113900077,44,132,-88
113900078,19,25,-6
113900079,0,17,-17
113900080,325,176,149
113900081,42,108,-66
113900082,82,153,-71
113900083,223,221,2
113900084,194,75,119
113900085,41,192,-151
113900086,29,10,19
113900087,62,134,-72
113900088,53,77,-24
113900089,264,26,238
113900090,432,276,156
113900091,13,7,6
113900092,26,54,-28
113900093,76,498,-422
113900094,339,226,113
113900095,110,83,27
113900096,164,53,111
113900097,14,38,-24
113900098,414,53,361
113900099,0,27,-27
113900100,0,10,-10
113900101,11,49,-38
113900102,83,114,-31
113900103,224,208,16
113900104,97,183,-86
113900105,84,121,-37
113900106,0,25,-25
113900107,0,19,-19
113900108,167,155,12
113900109,266,156,110
113900110,33,9,24
113900111,137,93,44
113900112,86,28,58
113900113,620,337,283
113900114,0,39,-39
113900115,0,58,-58
113900116,103,65,38
113900117,78,21,57
113900118,210,219,-9
113900119,133,364,-231
113900120,55,29,26
113900121,38,68,-30
113900122,280,1503,-1223
113900123,304,168,136
113900124,1,35,-34
113900125,576,105,471
113900126,81,35,46
113900127,196,529,-333
113900128,112,50,62
113900129,12,141,-129
113900130,0,28,-28
113900131,150,47,103
113900132,54,58,-4
113900133,30,103,-73
113900135,268,247,21
113900136,86,44,42
113900137,258,187,71
113900138,16,100,-84
113900139,187,142,45
113900140,154,215,-61
113900141,433,186,247
113900142,86,43,43
113900143,11,26,-15
113900144,171,174,-3
113900145,319,101,218
113900146,129,39,90
113900148,128,217,-89
113900149,87,63,24
113900150,384,320,64
113900151,364,128,236
113900152,19,35,-16
113900153,206,320,-114
113900154,4,77,-73
113900155,125,120,5
113900156,198,300,-102
113900157,29,234,-205
113900158,216,287,-71
113900159,14,128,-114
113900160,427,387,40
113900161,39,197,-158
113900162,305,547,-242
113900163,208,192,16
113900164,205,50,155
113900165,430,326,104
113900166,115,85,30
113900167,196,25,171
113900168,69,78,-9
113900169,184,281,-97
113900171,148,50,98
113900172,4,129,-125
113900173,20,373,-353
113900174,406,378,28
113900175,214,71,143
113900176,223,341,-118
113900177,294,139,155
113900178,171,106,65
113900179,15,285,-270
113900180,83,61,22
113900181,417,78,339
113900182,545,669,-124
113900183,33,60,-27
113900184,8,228,-220
113900185,139,69,70
113900186,14,41,-27
113900187,45,75,-30
113900188,10,85,-75
113900189,157,90,67
113900190,268,85,183
113900191,62,140,-78
113900192,1209,1137,72
113900193,12,115,-103
113900194,926,760,166
113900195,191,285,-94
113900196,3,77,-74
113900197,1,106,-105
113900198,32,148,-116
113900199,69,428,-359
113900200,12,136,-124
113900201,1,99,-98
113900202,15,126,-111
113900203,12,91,-79
113900204,24,302,-278
113900205,8,80,-72
113900206,4,70,-66
113900207,0,19,-19
113900208,0,33,-33
113900209,0,61,-61
113900210,441,496,-55
113900211,179,40,139
113900212,129,301,-172
113900214,330,285,45
113900215,20,102,-82
113900216,76,559,-483
113900217,80,189,-109
113900218,134,72,62
113900219,77,312,-235
113900220,113,112,1
113900221,271,139,132
113900222,941,572,369
113900223,92,548,-456
113900224,44,50,-6
113900225,263,149,114
113900226,255,82,173
113900227,254,143,111
113900228,225,312,-87
113900229,45,544,-499
113900230,2589,2583,6
113900231,103,106,-3
113900232,52,83,-31
113900233,67,45,22
113900234,220,318,-98
113900235,65,8,57
113900236,127,217,-90
113900237,107,8,99
113900238,147,388,-241
113900239,34,80,-46
113900240,5,148,-143
113900241,84,43,41
113900242,73,105,-32
113900243,80,268,-188
113900244,229,176,53
113900245,853,221,632
113900246,21,20,1
113900247,115,360,-245
113900248,1642,1294,348
113900249,619,370,249
113900250,54,101,-47
113900251,573,109,464
113900252,408,15,393
113900253,464,55,409
113900254,683,106,577
113900255,329,10,319
113900256,318,10,308
113900257,26,337,-311
113900258,8,248,-240
113900259,434,92,342
113900260,181,16,165
113900261,14,68,-54
113900262,110,311,-201
113900263,100,496,-396
113900264,2,291,-289
113900265,119,203,-84
113900266,57,113,-56
113900267,73,359,-286
113900268,212,330,-118
113900269,77,107,-30
113900270,256,553,-297
113900271,527,769,-242
113900273,31,7,24
113900274,40,23,17
113900275,18,50,-32
113900276,1,102,-101
113900277,97,4,93
113900278,209,103,106
113900279,60,83,-23
113900280,1160,510,650
113900281,459,1056,-597
113900282,407,383,24
113900283,348,411,-63
113900284,496,162,334
113900285,76,29,47
113900286,26,64,-38
113900287,47,13,34
113900288,2,107,-105
113900289,617,87,530
113900290,238,136,102
113900291,83,116,-33
113900292,6,3,3
113900293,3,118,-115
113900294,365,13,352
113900295,350,248,102
113900296,813,202,611
113900297,1842,26,1816
113900298,27,1381,-1354
113900299,106,106,0
113900300,1829,1146,683
113900301,474,213,261
113900302,1758,733,1025
113900303,303,258,45
113900304,0,79,-79
113900305,71,0,71
113900306,32,0,32
113900307,15,0,15
113900308,46,71,-25
113900309,0,388,-388
113900310,0,10,-10
113900311,7,1,6
113900312,145,181,-36
113900313,12,5,7
113900314,0,6,-6
113900315,24,1,23
114000001,672,1962,-1290
114000002,249,255,-6
114000003,159,579,-420
114000004,228,285,-57
114000005,158,220,-62
114000006,1647,1498,149
114000007,475,754,-279
114000008,944,1356,-412
114000009,531,184,347
114000011,2087,1718,369
114000012,1755,1311,444
114000013,1231,1086,145
114000014,440,408,32
114000015,1442,262,1180
114000016,204,217,-13
114000017,57,138,-81
114000018,149,24,125
114000026,1277,858,419
114000027,2320,1545,775
114000028,1747,2084,-337
114000038,192,110,82
114000039,196,155,41
114000040,68,153,-85
114000042,112,127,-15
114000043,244,173,71
114000044,282,150,132
114000045,52,53,-1
114000046,2664,3255,-591
114000047,8,45,-37
114000048,89,123,-34
114000049,1020,1046,-26
114000050,1042,1551,-509
114000051,1915,1718,197
114000052,3074,1647,1427
114000053,71,509,-438
114000054,191,563,-372
114000055,217,33,184
114000056,779,674,105
114000057,3249,1699,1550
114000058,392,1144,-752
114000059,158,242,-84
114000060,400,591,-191
114000061,2143,2225,-82
114000062,1592,1037,555
114000063,2219,1318,901
114000064,4035,2587,1448
114000065,1251,1742,-491
114000066,362,453,-91
114000067,21,520,-499
114000068,402,506,-104
114000069,617,376,241
114000070,1660,1487,173
114000071,477,307,170
114000072,334,154,180
114000073,12,45,-33
114000074,31,13,18
114000075,43,57,-14
114000076,23,67,-44
114000077,6,26,-20
114000078,274,398,-124
114000079,74,33,41
114000080,57,50,7
114000081,58,73,-15
114000082,16,327,-311
114000083,74,131,-57
114000084,257,61,196
114000085,70,328,-258
114000086,169,214,-45
114000087,47,89,-42
114000088,40,29,11
114000089,494,225,269
114000090,662,657,5
114000091,1178,704,474
114000092,735,376,359
114000093,918,568,350
114000094,241,275,-34
114000095,174,95,79
114000096,98,173,-75
114000097,104,295,-191
114000098,391,82,309
114000099,525,387,138
114000100,1106,454,652
114000101,366,498,-132
114000102,423,259,164
114000103,109,318,-209
114000104,10,141,-131
114000105,94,57,37
114000106,498,661,-163
114000107,293,100,193
114000108,1702,879,823
114000109,495,1299,-804
114000110,399,1095,-696
114000111,1222,590,632
114000112,447,1817,-1370
114000113,1471,417,1054
114000114,1059,1159,-100
114000115,1852,898,954
114000116,544,1254,-710
114000117,2062,357,1705
114000118,1806,375,1431
114000119,1331,361,970
114000120,406,587,-181
114000121,393,557,-164
114000122,324,260,64
114000123,1294,301,993
114000124,730,191,539
114000125,661,874,-213
114000126,1513,154,1359
114000127,205,115,90
114000128,598,264,334
114000130,395,375,20
114000131,215,84,131
114000132,412,375,37
114000133,715,892,-177
114000134,57,104,-47
114000138,33,115,-82
114000139,292,212,80
114000144,618,393,225
114000145,46,90,-44
114000146,84,162,-78
114000147,1220,1663,-443
114000148,1406,1453,-47
114000149,265,201,64
114000150,1215,1129,86
114000151,1045,1516,-471
114000152,159,45,114
114000153,899,2002,-1103
114000154,702,679,23
114000155,930,1509,-579
114000156,623,467,156
114000157,239,743,-504
114000158,1045,585,460
114000159,169,328,-159
114000160,86,309,-223
114000161,1063,2448,-1385
114000162,815,1992,-1177
114000163,14,64,-50
114000165,570,242,328
114000166,610,289,321
114000167,2182,1147,1035
114000168,514,468,46
114000169,1148,970,178
114000170,936,946,-10
114000171,897,2357,-1460
114000174,232,281,-49
114000176,464,358,106
114000177,1564,741,823
114000178,31,31,0
114000179,1110,709,401
114000180,331,567,-236
114000181,1274,2821,-1547
114000182,2059,1883,176
114000183,664,784,-120
114000184,2548,831,1717
114000185,820,625,195
114000189,693,97,596
114000190,2242,276,1966
114000191,38,72,-34
114000192,164,896,-732
114000193,502,1781,-1279
114000194,1038,601,437
114000195,145,13,132
114000196,2,142,-140
114000197,934,62,872
114000198,630,299,331
114000199,1459,1305,154
114000200,421,1111,-690
114000201,125,563,-438
114000202,646,380,266
114000203,544,537,7
114000204,129,308,-179
114000205,149,1085,-936
114000206,389,943,-554
114000207,467,1167,-700
114000208,353,1662,-1309
114000209,398,1535,-1137
114000210,157,768,-611
114000211,730,1231,-501
114000212,497,631,-134
114000213,1092,429,663
114000214,78,141,-63
114000215,145,71,74
114000216,1038,245,793
114000217,297,172,125
114000218,117,171,-54
114000219,952,147,805
114000220,28,688,-660
114000221,605,95,510
114000222,98,677,-579
114000223,315,109,206
114000224,76,358,-282
114000225,165,352,-187
114000226,127,180,-53
114000227,611,442,169
114000228,577,552,25
114000229,891,848,43
114000230,1294,933,361
114000231,736,1022,-286
114000232,513,101,412
114000233,1654,117,1537
114000234,922,741,181
114000235,778,1062,-284
114000236,0,284,-284
114000237,116,589,-473
114000238,104,173,-69
114000239,190,871,-681
114000240,625,604,21
114000241,216,762,-546
114000242,718,665,53
114000243,1110,703,407
114000244,555,302,253
114000245,344,611,-267
114000246,132,36,96
114000247,639,473,166
114000248,980,398,582
114000249,394,396,-2
114000250,364,525,-161
114000251,280,146,134
114000252,50,38,12
114000253,40,92,-52
114000254,29,46,-17
114000255,344,176,168
114000256,1109,1727,-618
114000257,451,1029,-578
114000258,206,251,-45
114000259,68,157,-89
114000260,0,33,-33
114000261,32,23,9
114000262,93,93,0
114000263,7,0,7
114000264,679,279,400
114000265,0,0,0
114000267,4,1174,-1170
114000268,2,891,-889
114000270,102,0,102
114000271,323,42,281
114000283,985,298,687
114000285,15,142,-127
114000288,83,263,-180
114000289,965,131,834
114000293,154,319,-165
114000294,129,181,-52
114000395,1018,27,991
114000396,416,434,-18
114000402,402,191,211
114000403,266,247,19
114000405,120,341,-221
114000423,246,298,-52
114000424,257,129,128
114000425,555,272,283
114000426,225,575,-350
114000427,51,45,6
114000428,197,150,47
114000429,17,129,-112
114000432,74,87,-13
114000434,41,74,-33
114000435,1,133,-132
114900001,569,703,-134
114900002,482,56,426
114900003,544,838,-294
114900004,209,228,-19
114900005,458,458,0
114900006,78,38,40
114900007,220,13,207
114900008,98,110,-12
114900010,1381,1505,-124
114900011,125,107,18
114900013,211,109,102
114900018,562,32,530
114900020,145,65,80
114900022,56,373,-317
114900025,330,151,179
114900026,72,114,-42
114900029,82,37,45
114900030,268,145,123
114900031,280,34,246
114900032,264,31,233
114900034,45,152,-107
114900035,101,169,-68
114900036,177,450,-273
114900039,347,332,15
114900040,70,73,-3
114900041,502,333,169
114900042,629,506,123
114900044,91,21,70
114900047,204,1490,-1286
114900048,85,231,-146
114900049,32,180,-148
114900050,48,356,-308
114900051,18,261,-243
114900052,78,173,-95
114900053,87,216,-129
114900054,27,63,-36
114900057,158,8,150
114900058,0,65,-65
114900059,42,48,-6
114900063,62,129,-67
114900064,1172,359,813
114900065,361,493,-132
114900067,36,341,-305
114900068,65,172,-107
114900069,135,87,48
114900070,434,269,165
114900072,5,201,-196
114900073,0,123,-123
114900074,543,469,74
114900075,187,2,185
114900076,7,214,-207
114900080,1350,258,1092
114900082,2431,1611,820
114900083,849,846,3
114900090,229,177,52
114900091,112,141,-29
114900097,114,1,113
114900098,2,145,-143
114900099,142,10,132
115000001,4338,2810,1528
115000002,2797,3067,-270
115000003,3996,2355,1641
115000004,2684,4518,-1834
115000005,1179,1572,-393
115000006,694,1309,-615
115000007,148,149,-1
115000008,311,420,-109
115000009,130,183,-53
115000010,245,143,102
115000013,54,178,-124
115000015,87,305,-218
115000016,36,179,-143
115000019,34,418,-384
115000020,83,533,-450
115000021,286,404,-118
115000022,450,247,203
115000023,265,482,-217
115000024,744,354,390
115000025,573,616,-43
115000026,128,334,-206
115000027,226,231,-5
115000028,172,653,-481
115000029,421,70,351
115000030,585,1035,-450
115000031,1145,207,938
115000032,11,193,-182
115000033,225,37,188
115000034,56,772,-716
115000035,890,46,844
115000036,1,260,-259
115000037,457,5,452
115000038,49,165,-116
115000039,2614,2608,6
115000040,4569,2253,2316
115000041,921,2585,-1664
115000042,530,483,47
115000043,3398,2180,1218
115000044,3321,3213,108
115000045,2065,1383,682
115000046,1877,2119,-242
115000047,1687,1154,533
115000048,1372,1684,-312
115000049,1215,2552,-1337
115000050,2399,1423,976
115000051,1281,2106,-825
115000052,1719,1389,330
115000053,1512,1244,268
115000054,527,925,-398
115000055,204,882,-678
115000056,291,507,-216
115000057,639,1269,-630
115000058,583,427,156
115000059,157,144,13
115000061,169,157,12
115000062,159,250,-91
115000063,257,254,3
115000064,170,67,103
115000065,68,348,-280
115000067,179,40,139
115000069,76,246,-170
115000070,30,557,-527
115000071,111,19,92
115000072,7,72,-65
115000073,923,32,891
115000075,95,44,51
115000076,2482,1818,664
115000077,1646,1608,38
115000078,1023,925,98
115000079,991,1135,-144
115000080,1760,1630,130
115000081,412,626,-214
115000082,2944,3006,-62
115000083,1582,1401,181
115000084,1730,911,819
115000085,535,653,-118
115000086,901,504,397
115000087,361,1069,-708
115000088,1384,512,872
115000089,1098,997,101
115000090,359,623,-264
115000091,184,679,-495
115000092,454,240,214
115000093,414,3,411
115000094,4758,4051,707
115000095,3105,4254,-1149
115000096,718,891,-173
115000097,701,732,-31
115000098,760,569,191
115000099,2049,1910,139
115000100,755,286,469
115000101,329,1129,-800
115000102,302,226,76
115000103,257,462,-205
115000105,108,127,-19
115000106,468,256,212
115000107,129,302,-173
115000108,2227,1756,471
115000109,2950,3309,-359
115000110,1044,1128,-84
115000111,506,1139,-633
115000112,525,529,-4
115000113,470,619,-149
115000114,1265,609,656
115000116,2891,1792,1099
115000117,2807,2525,282
115000118,1547,1381,166
115000119,1317,1797,-480
115000120,428,1063,-635
115000121,1089,768,321
115000122,2393,1249,1144
115000123,982,1570,-588
115000124,727,704,23
115000125,317,493,-176
115000126,113,233,-120
115000127,331,93,238
115000128,434,702,-268
115000129,221,269,-48
115000130,317,557,-240
115000131,629,178,451
115000132,178,258,-80
115000133,382,215,167
115000134,243,191,52
115000135,169,149,20
115000136,232,227,5
115000137,82,124,-42
115000138,268,225,43
115000139,202,156,46
115000140,331,192,139
115000141,165,166,-1
115000142,135,162,-27
115000143,607,505,102
115000144,521,81,440
115000145,267,248,19
115000146,398,267,131
115000147,268,305,-37
115000148,233,684,-451
115000149,413,164,249
115000150,566,528,38
115000151,729,438,291
115000152,550,659,-109
115000153,782,418,364
115000154,620,245,375
115000155,459,629,-170
115000156,799,558,241
115000157,640,645,-5
115000158,474,375,99
115000159,525,430,95
115000160,360,290,70
115000161,129,360,-231
115000162,518,500,18
115000163,437,601,-164
115000164,642,509,133
115000165,314,447,-133
115000167,162,81,81
115000168,489,250,239
115000169,463,263,200
115000170,142,149,-7
115000171,364,212,152
115000172,796,466,330
115000173,221,376,-155
115000174,69,267,-198
115000175,136,86,50
115000176,90,77,13
115000177,81,55,26
115000178,9,173,-164
115000179,17,27,-10
115000180,126,376,-250
115000181,493,84,409
115000182,636,180,456
115000183,296,572,-276
115000186,595,184,411
115000187,146,610,-464
115000188,412,366,46
115000189,148,336,-188
115000190,489,270,219
115000191,97,350,-253
115000194,103,115,-12
115000195,208,286,-78
115000196,126,65,61
115000197,211,141,70
115000198,257,122,135
115000199,280,130,150
115000200,270,94,176
115000201,123,220,-97
115000206,281,41,240
115000207,96,210,-114
115000208,291,418,-127
115000209,537,241,296
115000210,85,114,-29
115000211,158,193,-35
115000212,1165,274,891
115000224,392,45,347
115000225,56,68,-12
115000229,136,129,7
115000230,96,254,-158
115000231,260,1184,-924
115000232,1314,180,1134
115000233,115,135,-20
115000234,28,246,-218
115000241,57,143,-86
115000242,76,213,-137
115000243,40,151,-111
115000244,12,71,-59
115000246,41,22,19
115000247,23,6,17
115000248,25,19,6
115000249,20,8,12
115000250,247,37,210
115000251,146,65,81
115000252,73,148,-75
115000253,19,383,-364
115000258,253,109,144
115000259,249,89,160
115000261,19,18,1
115000262,5,23,-18
115000263,9,48,-39
115000264,19,44,-25
115000267,77,55,22
115000268,33,134,-101
115000269,116,56,60
115000270,7,19,-12
115000272,76,122,-46
115000273,274,26,248
115000280,2157,150,2007
115000281,487,733,-246
115000282,418,368,50
115000284,195,150,45
115000296,1105,17,1088
115000297,134,89,45
115000298,51,414,-363
115000300,147,138,9
115000302,430,114,316
115000303,494,88,406
115000304,490,63,427
115000305,107,444,-337
115000306,155,201,-46
115000307,49,155,-106
115000308,22,9,13
115000310,704,623,81
115000311,817,807,10
115000313,171,399,-228
115000314,315,103,212
115000315,771,439,332
115000316,41,102,-61
115000317,120,347,-227
115000318,633,203,430
115000319,35,270,-235
115000320,11,227,-216
115000321,247,20,227
115000322,59,148,-89
115000449,171,150,21
115000557,4,755,-751
115000558,439,109,330
115000587,392,283,109
115000588,1938,2068,-130
115000589,2564,1964,600
115000590,886,981,-95
115000591,1010,568,442
115000592,411,1283,-872
115000593,913,449,464
115000594,647,1988,-1341
115000609,160,141,19
115000617,1149,2431,-1282
115000624,239,58,181
115000633,302,1482,-1180
115000634,1916,643,1273
115000635,465,162,303
115000638,544,437,107
115000641,78,105,-27
115000642,235,215,20
115000643,94,387,-293
115000644,119,325,-206
115000646,639,1358,-719
115000647,149,346,-197
115000648,1474,1384,90
115000893,2157,1195,962
115000894,96,741,-645
115000895,380,806,-426
115000896,1144,369,775
115000897,413,144,269
115000898,416,152,264
115000899,373,801,-428
115000900,66,311,-245
115000901,50,79,-29
115000912,352,91,261
115000913,4,19,-15
115000915,9,1,8
115000916,4,0,4
115000917,0,11,-11
115000918,58,209,-151
115000919,8,11,-3
115000920,17,30,-13
115000921,397,65,332
115000922,988,609,379
115000923,369,986,-617
115000925,87,52,35
115000927,49,44,5
115000933,240,186,54
115000934,153,134,19
115000935,127,62,65
115000936,20,459,-439
115000937,650,120,530
115000938,224,206,18
115000939,250,222,28
115000940,8,17,-9
115000941,3,14,-11
115000942,28,84,-56
115000943,29,16,13
115000944,1,4,-3
115900001,79,31,48
115900002,53,84,-31
115900003,152,65,87
115900004,0,33,-33
115900005,138,5,133
115900006,79,178,-99
115900008,44,9,35
115900009,64,126,-62
115900010,229,94,135
115900011,324,169,155
115900012,113,49,64
115900013,202,99,103
115900014,95,82,13
115900015,97,41,56
115900016,57,9,48
115900017,9,8,1
115900018,131,37,94
115900019,86,10,76
115900020,62,1,61
115900021,871,142,729
115900022,999,3,996
115900023,24,2,22
115900025,18,124,-106
115900026,548,170,378
115900027,1,204,-203
115900028,491,51,440
115900029,37,239,-202
115900030,17,19,-2
115900031,242,204,38
115900032,326,473,-147
115900033,0,24,-24
115900034,14,186,-172
115900035,20,15,5
115900036,65,595,-530
115900037,25,198,-173
115900038,25,10,15
115900039,115,145,-30
115900041,365,512,-147
115900042,26,4,22
115900043,104,55,49
115900044,146,197,-51
115900046,186,156,30
115900047,123,104,19
115900049,123,141,-18
115900051,1,26,-25
115900052,15,156,-141
115900053,181,129,52
115900054,174,32,142
115900055,11,108,-97
115900056,148,144,4
115900057,23,4,19
115900058,35,51,-16
115900060,50,64,-14
115900061,148,2,146
115900062,12,260,-248
115900063,75,7,68
115900064,122,212,-90
115900065,98,59,39
115900066,87,61,26
115900067,7,360,-353
115900068,1918,518,1400
115900069,35,149,-114
115900070,147,110,37
115900071,1,253,-252
115900072,44,86,-42
115900073,51,76,-25
115900074,3,233,-230
115900075,16,161,-145
115900076,3,33,-30
115900077,3,129,-126
115900078,47,65,-18
115900079,155,11,144
115900080,319,160,159
115900081,9,50,-41
115900082,108,103,5
115900084,344,16,328
115900085,28,50,-22
115900086,1036,422,614
115900088,4,38,-34
115900089,251,474,-223
115900090,269,3,266
115900091,5,10,-5
115900092,15,96,-81
115900093,7,9,-2
115900094,3,216,-213
115900096,3,8,-5
115900097,9,244,-235
115900098,172,247,-75
115900099,43,49,-6
115900100,8,295,-287
115900101,78,168,-90
115900102,43,53,-10
115900103,183,104,79
115900104,65,46,19
115900105,183,308,-125
115900106,62,8,54
115900107,57,69,-12
115900108,101,16,85
115900109,46,244,-198
115900110,2,11,-9
115900111,0,52,-52
115900112,36,482,-446
115900113,28,17,11
115900114,3,66,-63
115900115,40,112,-72
115900116,68,502,-434
115900117,61,8,53
115900118,3,172,-169
115900119,64,74,-10
115900120,16,197,-181
115900121,128,149,-21
115900124,233,461,-228
115900125,252,25,227
115900126,479,39,440
115900127,485,50,435
115900128,5,75,-70
115900129,417,48,369
115900130,30,201,-171
115900131,227,8,219
115900132,387,5,382
115900134,222,8,214
115900135,370,749,-379
115900137,32,3,29
115900139,32,35,-3
115900140,185,11,174
115900141,21,43,-22
115900142,9,40,-31
115900143,144,210,-66
115900144,83,132,-49
115900146,5,68,-63
115900147,167,152,15
115900148,78,4,74
115900149,67,18,49
115900150,48,26,22
115900151,28,109,-81
115900152,84,190,-106
115900153,88,130,-42
115900154,267,282,-15
115900155,1,37,-36
115900156,494,617,-123
115900157,155,326,-171
115900158,18,13,5
115900159,89,155,-66
115900160,10,6,4
115900161,32,108,-76
115900163,129,102,27
115900164,441,2,439
115900166,120,84,36
115900168,61,85,-24
115900171,62,264,-202
115900172,38,105,-67
115900173,184,107,77
115900174,223,197,26
115900175,53,149,-96
115900178,3,395,-392
115900179,218,26,192
115900180,61,118,-57
115900181,108,128,-20
115900182,296,160,136
115900183,32,19,13
115900184,1026,9,1017
115900187,8,112,-104
115900189,0,154,-154
115900190,274,934,-660
115900191,25,217,-192
115900192,6,111,-105
115900193,192,66,126
115900194,528,47,481
115900195,476,1529,-1053
115900198,119,237,-118
115900199,126,143,-17
115900200,169,236,-67
115900201,443,332,111
115900202,4,43,-39
115900203,10,9,1
115900204,0,3,-3
115900205,90,33,57
115900206,138,102,36
115900207,21,29,-8
115900208,143,119,24
115900209,8,165,-157
115900210,3,105,-102
115900211,0,133,-133
115900212,104,168,-64
115900213,135,52,83
115900214,377,132,245
115900215,22,78,-56
115900216,2,68,-66
115900217,2,43,-41
115900218,1,15,-14
115900219,68,2,66
115900220,99,6,93
115900221,85,9,76
115900222,27,34,-7
115900223,8,250,-242
115900224,659,690,-31
115900225,56,37,19
115900226,15,21,-6
115900227,15,32,-17
115900228,3,21,-18
115900229,4,24,-20
115900230,20,80,-60
115900231,87,3,84
115900232,27,5,22
115900233,56,7,49
115900234,42,24,18
115900235,15,24,-9
115900236,40,34,6
115900237,8,21,-13
115900238,23,19,4
115900239,14,21,-7
115900240,7,38,-31
115900241,146,74,72
115900242,219,252,-33
115900243,3,9,-6
115900244,10,6,4
115900245,16,4,12
115900246,36,10,26
115900247,23,5,18
115900248,13,7,6
115900249,8,14,-6
115900250,6,24,-18
115900251,3,13,-10
115900252,4,2,2
115900253,9,37,-28
115900254,4,13,-9
115900255,0,13,-13
115900256,14,47,-33
115900257,4,5,-1
115900258,0,0,0
115900259,7,2,5
115900260,13,1,12
115900261,6,1,5
115900262,1,0,1
115900263,17,1,16
115900264,4,3,1
115900265,2,10,-8
115900266,1,11,-10
115900267,15,14,1
115900268,1,8,-7
115900269,306,224,82
115900270,277,248,29
115900271,54,0,54
115900272,17,5,12
115900273,6,9,-3
115900274,0,6,-6
115900275,0,12,-12
115900276,0,14,-14
115900277,1,37,-36
115900278,26,56,-30
115900279,21,99,-78
115900280,9,268,-259
115900281,315,192,123
115900282,6,9,-3
115900283,7,18,-11
115900284,14,6,8
116000001,7199,3196,4003
116000002,3379,6932,-3553
116000003,1129,1141,-12
116000004,1793,2308,-515
116000005,1809,2179,-370
116000006,2166,1700,466
116000007,2002,2512,-510
116000008,2723,1656,1067
116000009,1282,1698,-416
116000010,1766,1227,539
116000011,750,1513,-763
116000012,1205,891,314
116000013,6706,2943,3763
116000014,8050,7514,536
116000015,155,837,-682
116000016,3088,2272,816
116000017,18,566,-548
116000018,567,183,384
116000019,452,206,246
116000020,487,511,-24
116000021,292,261,31
116000022,286,283,3
116000023,696,411,285
116000024,456,565,-109
116000025,535,538,-3
116000026,1455,1959,-504
116000027,391,439,-48
116000028,372,665,-293
116000029,450,507,-57
116000030,678,353,325
116000031,134,258,-124
116000032,329,134,195
116000033,241,314,-73
116000034,452,576,-124
116000035,290,490,-200
116000036,1526,1008,518
116000037,559,428,131
116000038,426,441,-15
116000039,453,287,166
116000040,602,287,315
116000041,179,346,-167
116000042,515,230,285
116000043,47,541,-494
116000044,10,66,-56
116000045,1438,954,484
116000046,896,1270,-374
116000047,1178,1615,-437
116000048,1394,1416,-22
116000049,1011,2730,-1719
116000050,1185,995,190
116000051,5277,2473,2804
116000052,4706,4305,401
116000053,1451,696,755
116000054,638,2238,-1600
116000055,552,689,-137
116000056,631,856,-225
116000057,2045,1467,578
116000058,2208,2131,77
116000059,2736,3393,-657
116000060,1509,923,586
116000061,545,783,-238
116000062,527,331,196
116000063,534,806,-272
116000066,189,470,-281
116000067,173,306,-133
116000068,181,230,-49
116000069,200,318,-118
116000078,470,778,-308
116000080,1364,708,656
116000082,6,35,-29
116000083,1294,398,896
116000084,1587,3017,-1430
116000085,1812,1605,207
116000086,1716,1115,601
116000087,1453,1301,152
116000088,611,707,-96
116000089,195,78,117
116000090,72,103,-31
116000091,208,212,-4
116000093,467,281,186
116000094,457,507,-50
116000095,669,397,272
116000096,507,995,-488
116000097,833,426,407
116000098,110,4301,-4191
116000099,3760,186,3574
116000100,211,13,198
116000101,645,558,87
116000102,180,819,-639
116000103,489,241,248
116000104,121,905,-784
116000105,816,121,695
116000106,617,765,-148
116000107,2221,262,1959
116000108,229,120,109
116000111,114,40,74
116000113,114,114,0
116000114,58,110,-52
116000115,259,122,137
116000116,206,417,-211
116000117,1071,1250,-179
116000118,909,791,118
116000119,2301,1489,812
116000120,2312,2547,-235
116000121,636,463,173
116000122,905,1190,-285
116000123,744,356,388
116000124,268,612,-344
116000125,2154,593,1561
116000126,185,1047,-862
116000127,848,871,-23
116000128,1328,725,603
116000129,1056,236,820
116000130,429,404,25
116000133,718,641,77
116000134,1412,1587,-175
116000135,1869,1105,764
116000136,899,1515,-616
116000137,857,540,317
116000138,588,488,100
116000139,1255,1667,-412
116000140,113,115,-2
116000141,228,429,-201
116000142,2361,2172,189
116000143,1512,1218,294
116000144,1123,1604,-481
116000145,1243,935,308
116000146,349,136,213
116000147,213,103,110
116000148,380,379,1
116000149,524,430,94
116000151,454,396,58
116000153,110,262,-152
116000155,168,155,13
116000156,359,669,-310
116000157,82,13,69
116000158,273,226,47
116000159,34,15,19
116000160,8,39,-31
116000161,2,49,-47
116000162,67,79,-12
116000163,22,7,15
116000164,4,16,-12
116000177,199,80,119
116000194,62,299,-237
116000195,1189,536,653
116000196,10,9,1
116000197,3,16,-13
116000198,1955,829,1126
116000200,580,389,191
116000201,494,517,-23
116000202,11,204,-193
116000203,2,100,-98
116000204,8,80,-72
116000205,2,165,-163
116000206,1,124,-123
116000207,6,57,-51
116000233,170,333,-163
116000287,146,340,-194
116000288,209,182,27
116000292,28,65,-37
116000296,10,146,-136
116000297,147,18,129
116000304,116,31,85
116000305,28,62,-34
116000346,111,58,53
116000352,54,25,29
116000354,28,8,20
116000357,3,21,-18
116000358,191,18,173
116000361,255,3,252
116000372,3677,2623,1054
116000381,95,3,92
116000388,0,41,-41
116000389,616,394,222
116000445,300,408,-108
116000446,409,512,-103
116000447,22,416,-394
116000448,438,147,291
116000563,866,694,172
116000565,39,266,-227
116000568,29,99,-70
116000579,21,91,-70
116000583,101,45,56
116000584,14,3,11
116000585,24,19,5
116000586,65,78,-13
116000587,440,474,-34
116000589,36,55,-19
116000590,53,56,-3
116000591,182,203,-21
116000592,9,68,-59
116000593,0,14,-14
116000594,462,331,131
116000595,466,139,327
116000596,74,3,71
116000597,331,70,261
116000598,18,146,-128
116000605,235,122,113
116000606,77,245,-168
116000607,2,29,-27
116000609,111,628,-517
116000611,114,351,-237
116000612,606,1470,-864
116000613,525,321,204
116000614,408,427,-19
116000615,2,246,-244
116000616,41,38,3
116000617,58,32,26
116000618,1,43,-42
116000619,27,57,-30
116000620,98,392,-294
116000621,33,86,-53
116000622,40,135,-95
116000624,189,61,128
116000627,74,38,36
116000628,85,213,-128
116000629,30,180,-150
116000630,187,16,171
116000631,100,67,33
116000632,532,53,479
116000633,94,169,-75
116000634,251,99,152
116000635,2226,1745,481
116000636,904,1042,-138
116000637,349,45,304
116000638,68,253,-185
116000639,74,3,71
116000640,19,15,4
116000641,19,120,-101
116000643,1,85,-84
116000644,25,323,-298
116000645,17,13,4
116900001,164,120,44
116900002,163,11,152
116900003,25,41,-16
116900004,16,17,-1
116900005,217,54,163
116900006,86,123,-37
116900007,73,125,-52
116900008,322,217,105
116900009,20,5,15
116900010,509,850,-341
116900011,9,15,-6
116900012,128,104,24
116900013,3,106,-103
116900014,77,154,-77
116900015,290,28,262
116900016,197,7,190
116900017,3,329,-326
116900018,42,56,-14
116900019,4,164,-160
116900020,551,589,-38
116900023,79,10,69
116900024,482,27,455
116900025,649,536,113
116900026,78,379,-301
116900027,11,43,-32
116900028,3,55,-52
116900029,0,24,-24
116900031,2,3,-1
116900032,5,277,-272
116900033,5,4,1
116900034,14,53,-39
116900035,122,107,15
116900036,8,90,-82
116900038,77,3,74
116900041,19,11,8
116900042,435,154,281
116900043,25,30,-5
116900047,20,115,-95
116900049,18,240,-222
116900050,83,286,-203
116900051,91,83,8
116900052,132,41,91
116900055,4,7,-3
116900057,16,185,-169
116900058,20,242,-222
116900059,1,75,-74
116900060,127,140,-13
116900062,1,10,-9
116900064,68,426,-358
116900065,20,104,-84
116900067,56,45,11
116900068,87,133,-46
116900070,1,1,0
116900072,25,220,-195
116900073,16,86,-70
116900074,3,22,-19
116900076,3,36,-33
116900077,6,74,-68
116900078,144,65,79
116900079,43,144,-101
116900080,3,6,-3
116900081,268,909,-641
116900082,286,692,-406
116900083,47,28,19
116900084,135,57,78
116900085,39,119,-80
116900086,41,130,-89
116900088,204,52,152
116900090,96,44,52
116900091,177,39,138
116900092,44,423,-379
116900093,1100,1372,-272
116900094,2411,2186,225
116900095,111,71,40
116900096,39,184,-145
116900097,2080,2150,-70
116900098,660,285,375
116900099,603,495,108
116900100,529,20,509
116900101,248,272,-24
116900103,4,0,4
116900104,47,60,-13
116900105,181,100,81
116900106,682,9,673
116900107,2322,1585,737
116900110,7,1,6
116900111,478,414,64
116900112,182,616,-434
116900113,1125,963,162
116900116,141,494,-353
116900117,78,82,-4
116900118,575,609,-34
116900120,291,34,257
116900121,88,9,79
116900122,566,491,75
116900123,131,494,-363
116900124,143,675,-532
116900125,282,122,160
116900126,82,313,-231
116900128,0,26,-26
116900129,1,222,-221
116900130,406,2259,-1853
116900131,66,215,-149
116900132,26,66,-40
116900133,102,116,-14
116900134,132,180,-48
116900136,157,144,13
116900137,185,104,81
116900138,117,115,2
116900139,103,328,-225
116900140,102,103,-1
116900141,530,375,155
116900142,4,59,-55
116900143,255,257,-2
116900144,8,96,-88
116900145,75,161,-86
116900147,433,294,139
116900148,7,32,-25
116900149,41,193,-152
116900150,2,3,-1
116900151,32,18,14
116900153,81,49,32
116900154,329,387,-58
116900155,76,47,29
116900157,363,169,194
116900158,109,201,-92
116900159,52,178,-126
116900160,501,676,-175
116900161,4414,4032,382
116900162,5,64,-59
116900163,98,85,13
116900164,83,43,40
116900165,217,233,-16
116900166,41,41,0
116900167,278,50,228
116900168,310,51,259
116900169,419,348,71
116900170,195,452,-257
116900171,22,104,-82
116900172,153,242,-89
116900173,129,24,105
116900174,41,51,-10
116900175,120,100,20
116900178,31,80,-49
116900179,91,210,-119
116900180,56,10,46
116900182,311,164,147
116900183,110,88,22
116900185,20,64,-44
116900186,52,135,-83
116900187,86,24,62
116900188,170,17,153
116900189,23,0,23
116900191,325,483,-158
116900192,187,63,124
116900194,126,1026,-900
116900195,58,17,41
116900196,9,56,-47
116900197,86,10,76
116900198,116,169,-53
116900200,54,28,26
116900201,60,1,59
116900202,66,45,21
116900203,84,5,79
116900204,49,85,-36
116900206,26,19,7
116900207,23,27,-4
116900208,13,75,-62
116900209,31,80,-49
116900210,330,196,134
116900211,128,5,123
116900212,38,35,3
116900213,142,99,43
116900214,111,120,-9
116900215,31,74,-43
116900216,230,141,89
116900218,4,130,-126
116900219,1062,273,789
116900220,83,111,-28
116900221,59,221,-162
116900222,279,271,8
116900223,92,186,-94
116900226,77,44,33
116900227,146,66,80
116900228,217,114,103
116900230,33,194,-161
116900231,7,279,-272
116900232,4,278,-274
116900233,203,65,138
116900234,16,1,15
116900235,372,264,108
116900238,1342,227,1115
116900239,36,881,-845
116900240,3417,2161,1256
116900241,65,69,-4
116900242,617,457,160
116900243,0,15,-15
116900245,20,11,9
116900246,75,11,64
116900247,452,12,440
116900248,73,29,44
116900249,181,57,124
116900250,270,38,232
116900251,306,391,-85
116900252,103,537,-434
116900254,16,77,-61
116900255,90,41,49
116900256,409,105,304
116900257,10,327,-317
116900258,1,170,-169
116900259,144,3,141
116900260,3,88,-85
116900261,42,0,42
116900262,197,153,44
116900263,0,10,-10
116900264,44,33,11
116900265,16,1,15
116900266,12,23,-11
116900267,2,1,1
116900268,36,29,7
116900269,207,399,-192
116900271,794,122,672
116900272,333,199,134
116900273,134,90,44
116900274,101,44,57
116900275,105,61,44
116900276,339,111,228
116900277,313,12,301
116900278,3,1,2
116900279,1,18,-17
116900280,11,12,-1
116900281,3485,2673,812
116900282,4,58,-54
116900283,17,77,-60
116900284,6,166,-160
116900285,203,119,84
116900286,157,17,140
116900287,7,27,-20
116900288,63,78,-15
116900289,10,9,1
116900290,11,16,-5
116900291,10,7,3
116900292,0,13,-13
116900293,45,36,9
116900294,23,87,-64
116900295,98,41,57
116900296,52,57,-5
116900297,5,101,-96
116900298,65,48,17
116900299,36,60,-24
116900300,8,58,-50
116900301,17,103,-86
116900302,65,38,27
116900303,315,55,260
116900304,0,70,-70
116900305,24,38,-14
116900306,97,101,-4
116900307,89,3,86
116900308,0,89,-89
116900309,39,40,-1
116900310,14,48,-34
117000001,1375,1162,213
117000002,1451,2916,-1465
117000003,4828,2515,2313
117000004,2961,3939,-978
117000005,1594,1572,22
117000006,935,2467,-1532
117000007,2916,893,2023
117000008,782,2692,-1910
117000009,3908,1665,2243
117000010,2084,2892,-808
117000011,1523,1245,278
117000012,886,1023,-137
117000013,1551,659,892
117000014,962,1512,-550
117000015,1848,928,920
117000016,288,104,184
117000017,214,93,121
117000018,114,463,-349
117000019,128,28,100
117000020,454,861,-407
117000021,1415,505,910
117000022,341,105,236
117000023,280,203,77
117000024,223,175,48
117000025,422,805,-383
117000026,1752,960,792
117000027,1638,3470,-1832
117000028,2639,1271,1368
117000030,561,455,106
117000031,263,254,9
117000032,1188,900,288
117000033,908,599,309
117000034,377,251,126
117000035,259,262,-3
117000036,358,263,95
117000037,176,191,-15
117000038,143,472,-329
117000039,425,168,257
117000040,195,600,-405
117000041,676,135,541
117000044,14,527,-513
117000045,315,38,277
117000046,355,707,-352
117000047,896,509,387
117000048,1470,796,674
117000049,56,413,-357
117000050,111,1140,-1029
117000051,1591,104,1487
117000052,46,202,-156
117000053,355,46,309
117000054,1388,4,1384
117000055,74,1973,-1899
117000056,525,20,505
117000057,462,1692,-1230
117000060,338,867,-529
117000061,1140,665,475
117000062,212,486,-274
117000063,1461,870,591
117000064,646,719,-73
117000066,643,748,-105
117000067,106,407,-301
117000074,110,158,-48
117000076,84,27,57
117000077,124,142,-18
117000078,110,546,-436
117000079,319,201,118
117000080,3,285,-282
117000081,947,111,836
117000082,21,88,-67
117000083,622,228,394
117000084,161,1,160
117000085,200,547,-347
117000086,466,332,134
117000087,223,315,-92
117000088,147,139,8
117000089,1217,231,986
117000090,214,802,-588
117000091,634,201,433
117000092,299,946,-647
117000093,960,671,289
117000094,1087,2116,-1029
117000095,2897,799,2098
117000096,556,1674,-1118
117000097,1018,921,97
117000098,2041,3131,-1090
117000099,2731,1026,1705
117000100,166,226,-60
117000101,159,752,-593
117000102,1199,584,615
117000103,679,1224,-545
117000104,1015,534,481
117000105,698,1215,-517
117000106,890,547,343
117000107,476,1356,-880
117000108,1333,721,612
117000109,1069,1709,-640
117000110,1058,756,302
117000111,2841,3380,-539
117000112,2287,1233,1054
117000113,112,165,-53
117000114,166,90,76
117000115,112,85,27
117000116,90,155,-65
117000117,1132,829,303
117000118,219,132,87
117000119,223,146,77
117000120,209,412,-203
117000121,110,847,-737
117000122,207,547,-340
117000123,1246,32,1214
117000124,569,61,508
117000125,304,87,217
117000126,48,15,33
117000127,146,212,-66
117000128,421,655,-234
117000129,328,616,-288
117000130,96,4,92
117000131,0,107,-107
117000132,1976,12,1964
117000133,1130,39,1091
117000134,0,45,-45
117000135,4,47,-43
117000136,0,28,-28
117000137,74,97,-23
117000138,0,478,-478
117000140,474,1144,-670
117000141,1399,531,868
117000181,331,301,30
117000182,330,348,-18
117000195,132,678,-546
117000196,228,105,123
117000225,179,15,164
117000226,7,95,-88
117000276,173,9,164
117000277,2,225,-223
117000310,1093,1538,-445
117000315,16,560,-544
117000320,61,0,61
117000906,296,17,279
117000907,15,218,-203
117000909,33,38,-5
117000910,176,129,47
117000911,81,163,-82
117000915,0,337,-337
117000916,20,2,18
117000917,915,17,898
117000918,111,74,37
117000919,6,91,-85
117000920,1,841,-840
117000921,1,853,-852
117000922,34,61,-27
117000924,303,593,-290
117000926,564,75,489
117000927,1227,649,578
117000928,0,124,-124
117000929,192,274,-82
117000930,153,15,138
117000931,280,130,150
117900002,83,260,-177
117900003,492,294,198
117900005,0,37,-37
117900006,3,35,-32
117900007,107,82,25
117900008,0,26,-26
117900010,203,87,116
117900011,35,74,-39
117900012,45,65,-20
117900013,1,125,-124
117900014,448,102,346
117900015,26,83,-57
117900016,797,611,186
117900017,452,280,172
117900018,202,105,97
117900019,291,220,71
117900020,52,397,-345
117900021,26,35,-9
117900023,560,139,421
117900024,62,50,12
117900025,47,2,45
117900026,333,233,100
117900028,68,11,57
117900029,178,559,-381
117900031,175,74,101
117900032,867,456,411
117900033,192,330,-138
117900034,48,38,10
117900035,316,74,242
117900036,182,284,-102
117900037,100,58,42
117900038,39,244,-205
117900039,2,47,-45
117900040,110,277,-167
117900041,3,32,-29
117900042,2515,273,2242
117900043,14,38,-24
117900044,24,2575,-2551
117900045,109,93,16
117900048,286,245,41
117900049,169,357,-188
117900050,17,49,-32
117900051,52,2,50
117900052,51,218,-167
117900053,1367,484,883
117900054,4,56,-52
117900055,117,215,-98
117900056,182,41,141
117900057,856,963,-107
117900058,79,33,46
117900059,281,94,187
117900060,1745,3924,-2179
117900061,27,184,-157
117900063,198,131,67
117900065,536,950,-414
117900066,9,55,-46
117900067,327,157,170
117900069,499,157,342
117900070,213,21,192
117900071,66,89,-23
117900073,319,205,114
117900074,137,41,96
117900075,57,60,-3
117900076,15,76,-61
117900077,319,97,222
117900078,236,691,-455
117900080,76,34,42
117900081,391,310,81
117900082,318,281,37
117900083,220,274,-54
117900086,95,29,66
117900087,90,38,52
117900088,2948,1543,1405
117900089,1754,590,1164
117900090,419,314,105
117900091,243,145,98
117900092,61,31,30
117900093,50,31,19
117900094,30,31,-1
117900095,322,378,-56
117900096,55,165,-110
117900097,212,122,90
117900098,26,19,7
117900099,137,136,1
117900100,164,2,162
117900101,354,1272,-918
117900102,35,51,-16
117900103,71,4,67
117900104,25,75,-50
117900105,114,163,-49
117900106,87,33,54
117900107,38,0,38
117900109,427,275,152
117900110,88,1,87
117900111,302,30,272
117900112,58,7,51
117900113,2016,1095,921
117900114,11,0,11
117900115,220,47,173
117900116,647,612,35
117900117,340,215,125
117900118,52,0,52
117900119,123,140,-17
117900120,110,47,63
117900121,163,71,92
117900122,1112,2648,-1536
117900123,466,302,164
117900124,642,567,75
117900125,1419,1804,-385
117900126,203,386,-183
117900127,337,280,57
117900128,276,439,-163
117900129,58,0,58
117900130,697,284,413
117900131,0,108,-108
117900132,2,88,-86
117900133,18,76,-58
117900134,73,242,-169
117900135,14,110,-96
117900136,0,26,-26
117900137,33,210,-177
117900138,0,39,-39
117900139,122,102,20
117900140,2315,23,2292
117900141,181,200,-19
117900142,150,45,105
117900144,59,87,-28
117900145,23,31,-8
117900146,166,86,80
117900147,49,41,8
117900148,1762,1270,492
117900149,105,141,-36
117900150,35,32,3
117900151,29,68,-39
117900152,104,68,36
117900153,19,71,-52
117900154,275,450,-175
117900156,801,601,200
117900157,64,457,-393
117900158,182,114,68
117900160,537,587,-50
117900161,1960,1602,358
117900162,276,369,-93
117900163,87,112,-25
117900165,0,18,-18
117900166,94,476,-382
117900168,50,105,-55
117900169,1,95,-94
117900170,14,26,-12
117900171,2,9,-7
117900172,12,26,-14
117900173,101,76,25
117900174,29,80,-51
117900175,6,22,-16
117900176,5,12,-7
117900177,62,28,34
117900178,78,19,59
117900180,179,23,156
117900181,54,218,-164
117900182,2,25,-23
117900183,28,133,-105
117900184,13,46,-33
117900185,36,35,1
117900186,36,3,33
117900187,12,9,3
117900188,156,28,128
117900189,58,20,38
117900190,9,1,8
117900191,58,1,57
117900192,128,2,126
117900193,15,64,-49
117900194,5,6,-1
117900195,16,42,-26
117900196,15,20,-5
117900207,106,71,35
117900208,34,25,9
117900209,216,146,70
117900210,90,155,-65
117900211,4,108,-104
117900212,80,87,-7
117900213,23,11,12
117900214,6,23,-17
117900215,26,57,-31
117900216,29,14,15
117900217,71,198,-127
117900218,135,116,19
117900219,4,60,-56
117900220,80,68,12
117900222,164,219,-55
117900223,166,252,-86
118000001,509,698,-189
118000002,552,1326,-774
118000003,1921,2216,-295
118000004,2491,2001,490
118000005,3401,3966,-565
118000006,4075,7243,-3168
118000007,3622,2677,945
118000008,4333,2610,1723
118000009,1434,1841,-407
118000010,3899,2861,1038
118000011,1080,1534,-454
118000012,755,1402,-647
118000013,1763,1650,113
118000014,1546,2021,-475
118000016,129,260,-131
118000017,393,261,132
118000018,250,351,-101
118000019,1783,1223,560
118000020,1122,2410,-1288
118000021,609,2383,-1774
118000022,1395,595,800
118000023,795,276,519
118000024,1063,967,96
118000027,10437,9278,1159
118000029,673,548,125
118000032,959,2789,-1830
118000033,2357,4405,-2048
118000034,4082,2201,1881
118000035,1399,2203,-804
118000036,753,907,-154
118000037,491,669,-178
118000038,129,68,61
118000039,67,135,-68
118000040,1274,1016,258
118000041,1573,1081,492
118000045,457,114,343
118000046,1037,381,656
118000047,704,589,115
118000048,2334,1348,986
118000051,1573,694,879
118000052,986,371,615
118000053,209,241,-32
118000054,996,641,355
118000055,685,843,-158
118000056,268,257,11
118000057,132,269,-137
118000058,2169,1308,861
118000059,1321,1076,245
118000060,793,405,388
118000061,1030,964,66
118000062,363,214,149
118000063,269,524,-255
118000064,617,876,-259
118000065,3237,1116,2121
118000066,507,1053,-546
118000067,997,596,401
118000068,1411,3153,-1742
118000069,2553,860,1693
118000070,4027,1233,2794
118000071,2346,3876,-1530
118000072,1408,1022,386
118000073,1981,439,1542
118000074,281,337,-56
118000075,470,192,278
118000076,1204,1553,-349
118000077,1096,1147,-51
118000078,1401,1847,-446
118000079,179,262,-83
118000080,863,773,90
118000081,1583,1023,560
118000082,274,903,-629
118000083,1164,1388,-224
118000084,2595,1143,1452
118000086,207,411,-204
118000087,3322,1988,1334
118000088,1501,1195,306
118000089,2599,1569,1030
118000090,1066,1862,-796
118000091,813,1539,-726
118000092,873,423,450
118000093,83,542,-459
118000096,370,533,-163
118000097,672,584,88
118000098,244,171,73
118000099,477,513,-36
118000101,780,273,507
118000102,233,828,-595
118000107,1121,364,757
118000108,476,1378,-902
118000110,1,20,-19
118000111,2,196,-194
118000112,463,2,461
118000113,3,337,-334
118000114,329,5,324
118000115,11,13,-2
118000116,31,0,31
118000117,1060,593,467
118000118,680,704,-24
118000119,708,837,-129
118000120,1255,961,294
118000121,97,649,-552
118000122,1336,414,922
118000123,52,301,-249
118000125,1292,710,582
118000126,628,1043,-415
118000127,1452,500,952
118000128,537,838,-301
118000129,604,322,282
118000130,1571,2081,-510
118000131,365,583,-218
118000132,1810,1448,362
118000133,847,369,478
118000135,403,275,128
118000136,122,318,-196
118000137,443,90,353
118000138,287,437,-150
118000139,280,75,205
118000140,1746,3118,-1372
118000141,1432,1406,26
118000142,1547,1159,388
118000143,1514,909,605
118000144,855,636,219
118000145,1286,1307,-21
118000146,909,598,311
118000147,654,1232,-578
118000148,450,883,-433
118000149,835,756,79
118000150,307,359,-52
118000151,403,314,89
118000153,989,749,240
118000154,1374,1284,90
118000155,853,950,-97
118000156,1229,1665,-436
118000157,454,327,127
118000158,190,352,-162
118000159,23,66,-43
118000160,335,249,86
118000161,345,510,-165
118000162,1208,820,388
118000163,666,580,86
118000164,1290,1015,275
118000168,542,305,237
118000169,854,790,64
118000170,2855,3496,-641
118000171,227,422,-195
118000172,78,240,-162
118000173,780,1055,-275
118000175,216,267,-51
118000176,181,380,-199
118000177,180,442,-262
118000178,33,41,-8
118000179,928,952,-24
118000180,615,597,18
118000181,619,226,393
118000182,221,177,44
118000183,175,234,-59
118000184,586,520,66
118000185,880,855,25
118000186,615,849,-234
118000187,1019,567,452
118000188,298,127,171
118000189,372,413,-41
118000190,8,7,1
118000191,23,7,16
118000192,142,137,5
118000193,31,266,-235
118000194,1011,644,367
118000195,754,614,140
118000196,268,136,132
118000197,187,119,68
118000198,335,425,-90
118000199,309,201,108
118000200,60,154,-94
118000201,334,348,-14
118000202,34,37,-3
118000203,951,410,541
118000204,132,255,-123
118000205,454,246,208
118000206,186,165,21
118000207,0,29,-29
118000208,778,1129,-351
118000209,1463,1386,77
118000210,64,37,27
118000211,33,26,7
118000213,822,871,-49
118000214,383,452,-69
118000215,242,144,98
118000216,1065,1447,-382
118000217,29,105,-76
118000218,72,78,-6
118000219,341,197,144
118000220,4,26,-22
118000221,157,182,-25
118000222,45,7,38
118000223,31,32,-1
118000224,117,99,18
118000225,89,437,-348
118000226,670,99,571
118000227,555,290,265
118000228,83,188,-105
118000229,189,45,144
118000230,100,114,-14
118000231,51,118,-67
118000232,621,592,29
118000233,808,579,229
118000234,306,124,182
118000236,247,190,57
118000237,63,228,-165
118000238,143,128,15
118000239,201,184,17
118000240,238,141,97
118000241,94,98,-4
118000242,192,335,-143
118000243,183,175,8
118000244,35,98,-63
118000246,5,14,-9
118000255,31,177,-146
118000256,66,162,-96
118000259,13,33,-20
118000260,123,78,45
118000261,20,34,-14
118000263,56,98,-42
118000266,113,154,-41
118000267,0,86,-86
118000268,267,3,264
118000270,65,15,50
118000271,187,220,-33
118000272,53,21,32
118000273,93,39,54
118000274,77,154,-77
118000276,368,241,127
118000295,8,69,-61
118000298,94,193,-99
118000299,47,88,-41
118000301,0,33,-33
118000302,83,31,52
118000311,257,84,173
118000312,215,150,65
118000313,39,100,-61
118000314,57,43,14
118000315,26,27,-1
118000316,557,338,219
118000325,43,38,5
118000326,14,20,-6
118000331,19,30,-11
118000332,8,30,-22
118000333,19,40,-21
118000335,284,0,284
118000336,0,150,-150
118000407,112,37,75
118000457,2,29,-27
118000465,2601,3312,-711
118000480,29,66,-37
118000489,33,196,-163
118000490,25,158,-133
118000492,182,136,46
118000510,42,16,26
118000514,127,199,-72
118000515,531,448,83
118000517,285,145,140
118000524,254,167,87
118000525,592,536,56
118000530,16,42,-26
118000531,288,231,57
118000532,185,237,-52
118000533,229,102,127
118000534,344,332,12
118000535,201,149,52
118000536,457,1070,-613
118000537,22,121,-99
118000538,47,44,3
118000539,16,68,-52
118000540,202,91,111
118000541,161,40,121
118000542,51,120,-69
118000543,102,148,-46
118000546,33,27,6
118000553,0,0,0
118000560,1498,1349,149
118000562,22,110,-88
118000563,1060,941,119
118000576,124,94,30
118000577,234,238,-4
118000578,97,58,39
118000579,522,913,-391
118000583,0,0,0
118000595,187,87,100
118000596,0,41,-41
118000597,162,194,-32
118000598,3,0,3
118000599,64,46,18
118000600,1,2,-1
118000601,2,0,2
118000602,5,4,1
118000603,1,27,-26
118000605,41,190,-149
118000606,26,20,6
118900001,361,768,-407
118900002,505,577,-72
118900003,176,9,167
118900004,43,42,1
118900005,62,6,56
118900006,105,4,101
118900007,16,1,15
118900008,1188,49,1139
118900009,38,24,14
118900010,48,4,44
118900011,69,17,52
118900012,323,105,218
118900013,331,104,227
118900015,105,27,78
118900016,14,8,6
118900017,255,243,12
118900018,624,19,605
118900019,41,22,19
118900020,166,90,76
118900021,167,245,-78
118900022,124,115,9
118900023,115,71,44
118900024,48,72,-24
118900025,52,15,37
118900026,57,68,-11
118900027,234,152,82
118900028,97,112,-15
118900029,190,253,-63
118900030,235,33,202
118900031,109,80,29
118900032,144,178,-34
118900033,227,339,-112
118900034,101,20,81
118900035,112,107,5
118900036,747,601,146
118900037,255,210,45
118900038,278,124,154
118900039,286,87,199
118900040,185,153,32
118900041,420,123,297
118900042,156,87,69
118900045,223,122,101
118900046,719,357,362
118900047,394,184,210
118900048,112,146,-34
118900049,43,19,24
118900050,23,60,-37
118900051,162,125,37
118900052,191,162,29
118900053,23,77,-54
118900054,84,34,50
118900055,56,42,14
118900056,80,249,-169
118900057,594,393,201
118900058,249,212,37
118900059,8,67,-59
118900060,79,138,-59
118900062,189,113,76
118900064,407,397,10
118900065,39,85,-46
118900066,59,73,-14
118900067,2866,2291,575
118900068,4,122,-118
118900069,293,180,113
118900071,9,63,-54
118900072,300,265,35
118900073,76,85,-9
118900074,75,126,-51
118900075,27,50,-23
118900076,136,78,58
118900077,132,121,11
118900078,23,8,15
118900079,57,103,-46
118900080,6,53,-47
118900081,64,24,40
118900082,559,138,421
118900083,13,5,8
118900084,13,7,6
118900085,509,666,-157
118900086,59,54,5
118900087,16,139,-123
118900088,0,3,-3
118900089,33,15,18
118900090,362,321,41
118900091,118,102,16
118900092,83,57,26
118900093,92,9,83
118900096,81,98,-17
118900097,171,266,-95
118900099,46,140,-94
118900100,93,170,-77
118900101,44,206,-162
118900102,20,78,-58
118900103,19,78,-59
118900104,123,70,53
118900105,151,73,78
118900107,75,46,29
118900108,48,58,-10
118900110,686,440,246
118900111,360,306,54
118900112,43,102,-59
118900113,187,269,-82
118900114,13,41,-28
118900115,61,248,-187
118900116,88,195,-107
118900117,82,133,-51
118900118,192,243,-51
118900119,133,193,-60
118900120,82,299,-217
118900121,14,118,-104
118900122,14,595,-581
118900123,115,148,-33
118900124,45,130,-85
118900126,23,297,-274
118900129,192,141,51
118900130,49,179,-130
118900131,144,158,-14
118900132,199,155,44
118900133,12,78,-66
118900135,167,189,-22
118900136,120,366,-246
118900137,2,23,-21
118900139,163,191,-28
118900140,346,378,-32
118900141,58,69,-11
118900144,105,227,-122
118900145,21,59,-38
118900146,231,416,-185
118900147,138,92,46
118900148,44,25,19
118900150,357,539,-182
118900152,419,577,-158
118900157,49,114,-65
118900158,35,50,-15
118900159,0,89,-89
118900161,41,12,29
118900163,93,40,53
118900164,2,71,-69
118900165,19,82,-63
118900166,18,1,17
118900167,43,75,-32
118900168,26,131,-105
118900169,57,114,-57
118900170,63,62,1
118900171,25,34,-9
118900174,40,24,16
118900175,310,408,-98
118900176,91,185,-94
118900177,49,33,16
118900178,37,112,-75
118900179,42,34,8
118900181,57,54,3
118900182,52,18,34
118900183,21,99,-78
118900184,183,41,142
118900185,139,76,63
118900186,88,81,7
118900187,166,159,7
118900188,236,193,43
118900189,35,604,-569
118900190,10,190,-180
118900191,85,50,35
118900192,93,14,79
118900193,306,4,302
118900195,212,331,-119
118900196,33,75,-42
118900197,87,28,59
118900198,13,7,6
118900199,39,10,29
118900200,8,7,1
118900201,19,16,3
118900202,3,28,-25
118900203,10,21,-11
118900204,8,12,-4
118900205,1,5,-4
118900206,6,10,-4
119000001,1043,1460,-417
119000002,2549,2333,216
119000003,1555,838,717
119000004,1453,938,515
119000005,1151,1292,-141
119000006,1983,1137,846
119000007,2257,2314,-57
119000008,1431,1353,78
119000009,2673,3181,-508
119000010,4628,3409,1219
119000011,2514,1811,703
119000012,1924,2427,-503
119000013,1765,1152,613
119000014,1380,1987,-607
119000019,198,113,85
119000020,1286,1045,241
119000021,3086,1640,1446
119000022,1466,1429,37
119000023,249,187,62
119000024,1205,6576,-5371
119000025,4613,852,3761
119000026,86,262,-176
119000027,194,283,-89
119000028,1387,752,635
119000029,78,232,-154
119000030,412,740,-328
119000031,718,508,210
119000032,1210,1829,-619
119000033,1606,1035,571
119000034,800,704,96
119000035,28,241,-213
119000036,1319,548,771
119000037,967,1236,-269
119000038,112,574,-462
119000039,237,181,56
119000040,470,355,115
119000041,469,818,-349
119000048,2344,2267,77
119000049,1423,1705,-282
119000050,1288,1480,-192
119000051,1338,730,608
119000052,1481,2305,-824
119000053,1433,869,564
119000054,2430,2531,-101
119000055,3295,2483,812
119000056,1871,1501,370
119000057,1146,1503,-357
119000058,1544,1231,313
119000059,1040,1205,-165
119000060,1247,800,447
119000061,752,680,72
119000062,981,1106,-125
119000063,415,315,100
119000064,872,958,-86
119000065,1355,2362,-1007
119000066,1557,946,611
119000067,1550,1534,16
119000068,1268,889,379
119000069,1195,1577,-382
119000070,1814,794,1020
119000071,528,442,86
119000072,3573,2218,1355
119000073,3194,5028,-1834
119000074,890,1672,-782
119000075,1661,1765,-104
119000076,262,801,-539
119000077,503,396,107
119000078,265,289,-24
119000079,165,485,-320
119000080,335,113,222
119000081,197,329,-132
119000082,596,148,448
119000083,405,241,164
119000084,223,341,-118
119000085,374,196,178
119000086,208,361,-153
119000087,1248,677,571
119000088,291,232,59
119000089,63,141,-78
119000090,114,149,-35
119000091,90,299,-209
119000092,327,139,188
119000093,2824,2081,743
119000094,2265,3690,-1425
119000095,1307,2248,-941
119000097,1617,1024,593
119000098,756,1956,-1200
119000099,1822,1222,600
119000100,2634,2344,290
119000101,2786,1395,1391
119000102,734,919,-185
119000103,1133,479,654
119000104,1769,841,928
119000105,761,1490,-729
119000106,372,886,-514
119000107,541,408,133
119000108,263,654,-391
119000109,101,326,-225
119000110,271,252,19
119000111,21,470,-449
119000112,138,57,81
119000113,1634,197,1437
119000114,652,521,131
119000115,111,97,14
119000116,51,67,-16
119000117,90,219,-129
119000118,1,1,0
119000123,3054,1886,1168
119000124,454,158,296
119000125,2845,563,2282
119000126,948,471,477
119000127,421,379,42
119000128,19,1,18
119000131,714,548,166
119000132,0,3,-3
119000133,2,1,1
119000134,1599,440,1159
119000135,94,135,-41
119000136,178,150,28
119000137,148,228,-80
119000138,352,209,143
119000139,234,158,76
119000140,162,243,-81
119000284,1023,1892,-869
119000285,1642,1527,115
119000286,5373,4149,1224
119000287,1200,1450,-250
119000288,1524,874,650
119000289,1453,1947,-494
119000290,161,313,-152
119000291,3,203,-200
119000293,118,105,13
119000294,31,24,7
119000295,885,208,677
119000296,210,122,88
119000302,1918,906,1012
119000303,62,132,-70
119000314,1159,7336,-6177
119000315,1,259,-258
119000316,139,92,47
119000317,71,234,-163
119000319,457,193,264
119900001,187,994,-807
119900002,118,178,-60
119900003,38,735,-697
119900004,250,714,-464
119900005,148,87,61
119900006,169,288,-119
119900007,945,172,773
119900008,141,26,115
119900009,482,496,-14
119900010,478,782,-304
119900011,24,83,-59
119900012,14,44,-30
119900013,1461,868,593
119900014,301,150,151
119900015,74,18,56
119900016,24,47,-23
119900017,31,26,5
119900018,1542,663,879
119900019,31,7,24
119900020,127,168,-41
119900021,120,50,70
119900022,86,428,-342
119900023,404,1143,-739
119900025,120,26,94
119900026,438,109,329
119900027,20,13,7
119900028,184,76,108
119900029,4,0,4
119900030,332,334,-2
119900031,34,236,-202
119900033,1811,218,1593
119900034,244,99,145
119900037,138,16,122
119900038,31,221,-190
119900039,21,3,18
119900040,92,19,73
119900041,119,19,100
119900042,52,114,-62
119900043,80,129,-49
119900044,130,655,-525
119900046,105,40,65
119900047,232,47,185
119900049,142,4,138
119900050,64,62,2
119900051,812,7,805
119900052,42,25,17
119900053,90,95,-5
119900054,125,6,119
119900055,818,343,475
119900057,148,47,101
119900058,167,4,163
119900059,99,44,55
119900060,170,16,154
119900061,205,2,203
119900062,62,14,48
119900063,11,45,-34
119900065,164,11,153
119900067,54,16,38
119900068,353,1,352
119900069,78,16,62
119900070,622,3,619
119900071,394,11,383
119900073,1221,546,675
119900074,13,23,-10
119900075,3219,1784,1435
119900076,69,42,27
119900077,589,654,-65
119900078,353,491,-138
119900079,142,125,17
119900080,291,197,94
119900081,443,22,421
119900082,741,51,690
119900083,344,93,251
119900084,448,243,205
119900085,45,48,-3
119900086,286,726,-440
119900087,372,198,174
119900088,12,17,-5
119900089,18,367,-349
119900090,126,33,93
119900091,61,608,-547
119900092,43,195,-152
119900093,744,172,572
119900094,38,165,-127
119900095,145,80,65
119900096,26,70,-44
119900097,392,153,239
119900098,28,32,-4
119900099,25,89,-64
119900100,1506,1984,-478
119900101,121,752,-631
119900102,14,130,-116
119900103,29,140,-111
119900104,17,90,-73
119900105,436,1361,-925
119900106,6,106,-100
119900107,180,1713,-1533
119900108,1684,476,1208
119900109,23,137,-114
119900110,532,415,117
119900111,147,436,-289
119900112,988,391,597
119900113,42,192,-150
119900114,196,823,-627
119900115,248,778,-530
119900116,100,302,-202
119900117,223,449,-226
119900118,44,546,-502
119900119,202,188,14
119900120,404,310,94
119900121,287,743,-456
119900122,360,239,121
119900123,108,227,-119
119900124,202,529,-327
119900125,37,174,-137
119900126,2384,205,2179
119900127,1757,815,942
119900128,329,456,-127
119900129,199,373,-174
119900130,12,145,-133
119900131,40,163,-123
119900132,5,160,-155
119900133,21,73,-52
119900134,1058,126,932
119900135,1,244,-243
119900136,131,239,-108
119900138,241,302,-61
119900139,11,75,-64
119900140,0,97,-97
119900141,64,473,-409
119900142,1,16,-15
119900143,14,166,-152
119900144,1032,176,856
119900145,89,150,-61
119900146,103,147,-44
119900147,8,91,-83
119900148,132,58,74
119900149,623,2606,-1983
119900150,144,113,31
119900151,858,438,420
119900152,89,256,-167
119900153,87,51,36
119900154,9,547,-538
119900155,24,42,-18
119900156,33,3,30
119900157,72,138,-66
119900158,109,41,68
119900159,0,863,-863
119900160,17,79,-62
119900161,126,97,29
119900162,638,518,120
119900163,64,109,-45
119900164,7,7,0
119900165,89,125,-36
119900166,56,32,24
119900167,53,48,5
119900168,750,347,403
119900169,64,187,-123
119900170,146,204,-58
119900171,779,282,497
119900172,84,9,75
119900173,7,273,-266
119900174,5,123,-118
119900175,866,502,364
119900177,13,140,-127
119900178,4,92,-88
119900179,77,358,-281
119900180,728,608,120
119900181,55,73,-18
119900182,4,193,-189
119900183,89,480,-391
119900184,1304,334,970
119900185,32,134,-102
119900186,33,621,-588
119900187,3,247,-244
119900188,62,293,-231
119900189,304,287,17
119900190,42,230,-188
119900191,258,241,17
119900192,17,120,-103
119900193,226,158,68
119900194,10,58,-48
119900195,27,91,-64
119900196,724,252,472
119900197,144,126,18
119900198,112,204,-92
119900199,112,12,100
119900200,478,502,-24
119900201,233,94,139
119900202,107,186,-79
119900203,143,402,-259
119900204,208,185,23
119900205,523,408,115
119900206,107,114,-7
119900208,153,125,28
119900209,363,794,-431
119900210,14,23,-9
119900211,47,3,44
119900212,340,311,29
119900213,7,45,-38
119900214,23,72,-49
119900215,35,44,-9
119900216,9,31,-22
119900217,6,44,-38
119900218,6,44,-38
119900219,8,79,-71
119900220,2,59,-57
119900221,16,142,-126
119900222,7,106,-99
119900223,7,39,-32
119900224,8,11,-3
119900225,517,41,476
119900226,378,1081,-703
119900227,660,160,500
119900228,75,153,-78
119900229,223,240,-17
119900230,947,388,559
119900231,173,130,43
119900232,135,71,64
119900233,27,5,22
119900234,13,26,-13
119900235,11,28,-17
119900236,13,150,-137
119900237,32,246,-214
119900238,1,33,-32
119900240,43,96,-53
119900241,119,177,-58
119900242,737,900,-163
119900244,477,1020,-543
119900245,95,131,-36
119900246,184,420,-236
119900247,13,79,-66
119900248,45,170,-125
119900249,139,44,95
119900253,1635,275,1360
119900254,76,528,-452
119900255,69,430,-361
119900256,418,528,-110
119900257,51,0,51
119900258,71,2,69
119900259,10,103,-93
119900260,68,1,67
119900261,189,91,98
119900262,0,142,-142
119900263,776,237,539
119900264,68,119,-51
119900265,415,334,81
119900266,244,176,68
119900267,172,305,-133
119900268,151,113,38
119900269,961,787,174
119900271,13,52,-39
119900272,255,255,0
119900275,81,2,79
119900276,77,4,73
119900277,5,7,-2
119900278,97,39,58
119900279,78,163,-85
119900280,501,118,383
119900281,2,149,-147
119900282,30,107,-77
119900283,7,177,-170
119900284,38,115,-77
119900285,16,54,-38
119900286,4,6,-2
119900288,0,26,-26
119900289,3,30,-27
119900290,4,23,-19
119900291,0,31,-31
119900292,37,55,-18
119900293,22,75,-53
119900294,30,75,-45
119900295,37,29,8
119900296,29,136,-107
119900297,0,19,-19
119900298,1,2,-1
119900299,44,129,-85
119900300,188,95,93
119900301,59,27,32
119900302,36,40,-4
119900303,149,90,59
119900304,81,32,49
119900305,7,69,-62
119900306,15,2,13
119900307,37,45,-8
119900308,5,9,-4
119900309,10,56,-46
119900310,179,210,-31
119900311,45,59,-14
119900312,57,45,12
119900313,173,190,-17
119900314,139,255,-116
119900315,1398,1474,-76
119900318,10,20,-10
119900319,0,179,-179
119900320,103,332,-229
119900321,49,3,46
120000001,4369,9526,-5157
120000002,2230,2290,-60
120000003,2558,1369,1189
120000004,2362,1662,700
120000005,3213,1573,1640
120000006,1046,1066,-20
120000007,2749,2542,207
120000008,887,1124,-237
120000009,2210,690,1520
120000010,1621,1922,-301
120000011,772,1407,-635
120000012,1239,1788,-549
120000013,2414,2088,326
120000014,577,1142,-565
120000015,1886,1212,674
120000016,3061,1964,1097
120000017,2108,1759,349
120000018,2767,8178,-5411
120000019,927,1272,-345
120000020,2435,2670,-235
120000021,1453,1929,-476
120000022,2176,3148,-972
120000023,913,1260,-347
120000024,1138,2053,-915
120000025,1874,1758,116
120000026,1488,1366,122
120000027,1664,1603,61
120000028,575,729,-154
120000029,2118,669,1449
120000030,396,692,-296
120000031,1464,3875,-2411
120000032,6068,3296,2772
120000033,3951,1521,2430
120000034,1426,1373,53
120000035,1634,1514,120
120000036,2215,3820,-1605
120000037,592,1163,-571
120000038,4290,2581,1709
120000039,528,664,-136
120000040,157,294,-137
120000041,1293,1050,243
120000042,1662,1847,-185
120000043,3711,1297,2414
120000044,4055,1205,2850
120000045,4626,899,3727
120000046,2435,1848,587
120000047,774,3353,-2579
120000048,5270,3465,1805
120000049,2493,2460,33
120000050,3374,3230,144
120000051,2456,3141,-685
120000052,6563,1784,4779
120000053,1097,2080,-983
120000054,1184,3173,-1989
120000055,1458,3640,-2182
120000056,3065,2666,399
120000057,2351,823,1528
120000058,2832,598,2234
120000059,11,1175,-1164
120000061,131,408,-277
120000062,203,240,-37
120000063,1268,1893,-625
120000064,202,776,-574
120000065,481,1018,-537
120000066,247,323,-76
120000067,48,326,-278
120000068,141,628,-487
120000069,486,716,-230
120000070,71,498,-427
120000071,408,123,285
120000072,631,363,268
120000073,722,81,641
120000074,80,81,-1
120000075,605,249,356
120000076,1634,354,1280
120000077,1613,588,1025
120000078,2598,1021,1577
120000079,349,444,-95
120000080,255,263,-8
120000081,300,150,150
120000082,248,274,-26
120000083,137,587,-450
120000084,318,263,55
120000085,212,296,-84
120000086,222,415,-193
120000087,168,388,-220
120000088,696,862,-166
120000089,882,434,448
120000090,653,471,182
120000091,761,681,80
120000092,931,534,397
120000093,339,423,-84
120000094,148,734,-586
120000095,846,308,538
120000096,218,571,-353
120000098,606,549,57
120000099,364,632,-268
120000100,646,756,-110
120000101,621,464,157
120000102,507,727,-220
120000103,1170,862,308
120000104,1494,398,1096
120000105,2543,630,1913
120000106,1883,659,1224
120000107,3241,576,2665
120000108,981,126,855
120000109,961,69,892
120000110,77,802,-725
120000111,100,868,-768
120000112,698,2092,-1394
120000113,625,1537,-912
120000114,896,2050,-1154
120000115,260,1608,-1348
120000116,608,1377,-769
120000117,948,1049,-101
120000118,48,39,9
120000119,19,80,-61
120000120,67,61,6
120000121,86,86,0
120000122,258,259,-1
120000123,2958,3986,-1028
120000124,371,320,51
120000125,374,440,-66
120000126,257,666,-409
120000127,1915,844,1071
120000128,2685,3132,-447
120000129,251,263,-12
120000130,709,540,169
120000131,284,569,-285
120000134,313,768,-455
120000135,458,412,46
120000137,226,963,-737
120000138,760,333,427
120000139,209,563,-354
120000140,714,344,370
120000141,256,457,-201
120000142,531,484,47
120000143,0,101,-101
120000144,96,7,89
120000145,335,4,331
120000146,1061,761,300
120000149,564,855,-291
120000150,2429,8198,-5769
120000151,366,351,15
120000152,321,136,185
120000153,119,387,-268
120000154,432,349,83
120000155,167,273,-106
120000156,1047,733,314
120000157,766,514,252
120000158,682,643,39
120000159,1653,1972,-319
120000160,2084,1385,699
120000161,1647,1849,-202
120000162,80,247,-167
120000163,517,944,-427
120000164,412,254,158
120000165,499,538,-39
120000166,1045,462,583
120000167,67,70,-3
120000168,18,260,-242
120000169,32,888,-856
120000170,34,723,-689
120000171,18,221,-203
120000172,30,221,-191
120000173,2007,873,1134
120000174,275,21,254
120000175,199,31,168
120000176,278,26,252
120000177,740,83,657
120000178,89,8,81
120000179,157,24,133
120000180,414,65,349
120000181,62,631,-569
120000182,47,438,-391
120000183,12,280,-268
120000184,123,730,-607
120000186,53,360,-307
120000187,44,188,-144
120000188,99,316,-217
120000190,740,40,700
120000191,562,51,511
120000192,541,32,509
120000193,168,3,165
120000195,43,3,40
120000196,179,26,153
120000197,59,77,-18
120000198,116,54,62
120000199,50,0,50
120000200,122,2,120
120000201,27,16,11
120000202,4,43,-39
120000203,39,123,-84
120000207,2,51,-49
120000208,20,146,-126
120000209,2,52,-50
120000210,63,81,-18
120000211,84,3,81
120000212,170,0,170
120000213,110,185,-75
120000214,2,216,-214
120000215,1,87,-86
120000216,37,18,19
120000217,494,841,-347
120000218,134,556,-422
120000219,8,372,-364
120000220,3,1188,-1185
120000225,1248,1,1247
120000226,296,4,292
120000227,605,40,565
120000228,6321,2195,4126
120000230,292,12,280
120000231,1018,1584,-566
120000233,183,4,179
120000235,187,464,-277
120000236,675,1,674
120000237,0,944,-944
120000238,4,590,-586
120000241,936,2440,-1504
120000412,392,6,386
120000413,151,151,0
120000414,63,4,59
120000415,1,70,-69
120000416,67,0,67
120000417,3,43,-40
120000418,74,9,65
120000419,3,190,-187
120000420,386,59,327
120000421,7256,4404,2852
120000422,90,790,-700
120000423,1,48,-47
120000424,39,115,-76
120000436,132,557,-425
120000437,139,103,36
120000438,1999,214,1785
120000439,162,480,-318
120000443,108,0,108
120000444,1103,353,750
120000445,1209,870,339
120000446,597,261,336
120000447,173,3,170
120000449,75,0,75
120000450,4,160,-156
120000451,58,149,-91
120000452,75,0,75
120000453,0,219,-219
120000454,93,63,30
120000455,53,47,6
120000456,1679,2600,-921
120000457,632,383,249
120000458,393,597,-204
120000459,71,47,24
120000665,536,186,350
120000668,95,589,-494
120000669,38,88,-50
120000670,137,454,-317
120000671,962,392,570
120000672,97,477,-380
120900001,61,108,-47
120900002,252,290,-38
120900003,112,20,92
120900004,14,60,-46
120900005,16,1162,-1146
120900006,273,164,109
120900007,121,75,46
120900008,225,883,-658
120900009,576,42,534
120900010,335,84,251
120900011,161,161,0
120900012,208,724,-516
120900013,225,73,152
120900014,5,340,-335
120900015,601,68,533
120900016,559,48,511
120900017,1773,49,1724
120900018,100,299,-199
120900019,393,415,-22
120900020,656,1073,-417
120900021,600,180,420
120900022,27,225,-198
120900023,184,26,158
120900024,1430,341,1089
120900025,1275,876,399
120900026,137,116,21
120900027,634,22,612
120900028,311,116,195
120900029,163,401,-238
120900030,907,600,307
120900031,175,106,69
120900032,927,67,860
120900033,717,73,644
120900034,12,1787,-1775
120900035,24,17,7
120900037,158,12,146
120900038,40,244,-204
120900039,56,38,18
120900040,220,6,214
120900041,117,29,88
120900042,419,36,383
120900043,52,22,30
120900044,16,248,-232
120900045,123,54,69
120900046,365,8,357
120900047,93,67,26
120900048,84,22,62
120900049,306,0,306
120900050,1512,1124,388
120900051,325,75,250
120900052,379,4,375
120900053,189,47,142
120900054,1329,381,948
120900055,372,1,371
120900056,400,17,383
120900057,107,13,94
120900058,398,1,397
120900059,73,3,70
120900060,45,26,19
120900061,219,160,59
120900062,233,0,233
120900063,473,3,470
120900064,435,3,432
120900065,375,0,375
120900066,119,132,-13
120900067,106,23,83
120900068,185,3,182
120900069,160,38,122
120900071,11,0,11
120900072,697,5,692
120900073,405,63,342
120900074,285,4,281
120900076,254,0,254
120900077,1734,174,1560
120900078,708,898,-190
120900079,472,123,349
120900080,714,1441,-727
120900081,946,116,830
120900082,306,285,21
120900083,65,1,64
120900084,210,355,-145
120900085,87,130,-43
120900086,97,243,-146
120900087,337,343,-6
120900088,107,270,-163
120900089,2358,2000,358
120900090,209,117,92
120900091,621,737,-116
120900092,1157,390,767
120900093,1666,146,1520
120900094,453,146,307
120900095,274,13,261
120900096,38,125,-87
120900097,550,485,65
120900098,245,112,133
120900099,61,43,18
120900100,50,187,-137
120900101,601,184,417
120900102,38,52,-14
120900103,33,173,-140
120900104,17,33,-16
120900105,27,326,-299
120900106,1074,348,726
120900107,179,115,64
120900108,6,464,-458
120900109,39,421,-382
120900110,10,443,-433
120900111,167,241,-74
120900112,17,636,-619
120900113,11,598,-587
120900114,25,88,-63
120900115,104,197,-93
120900116,250,275,-25
120900117,1,376,-375
120900118,11,550,-539
120900119,3502,3392,110
120900120,49,355,-306
120900121,114,334,-220
120900122,256,340,-84
120900123,2,299,-297
120900124,3,473,-470
120900125,0,396,-396
120900126,1230,790,440
120900127,14,387,-373
120900128,1157,1147,10
120900129,35,224,-189
120900130,0,165,-165
120900131,64,58,6
120900132,933,166,767
120900133,88,516,-428
120900134,850,324,526
120900135,12,383,-371
120900136,68,72,-4
120900137,145,46,99
120900138,25,175,-150
120900139,8,474,-466
120900140,1,35,-34
120900141,91,121,-30
120900142,15,351,-336
120900143,1,574,-573
120900144,0,80,-80
120900145,114,675,-561
120900146,5,606,-601
120900147,22,349,-327
120900148,81,94,-13
120900149,2,136,-134
120900150,42,450,-408
120900151,56,443,-387
120900152,135,39,96
120900153,32,64,-32
120900154,0,180,-180
120900155,163,828,-665
120900156,194,302,-108
120900157,72,223,-151
120900158,53,540,-487
120900159,207,358,-151
120900160,29,541,-512
120900161,67,420,-353
120900162,71,535,-464
120900163,56,427,-371
120900164,3,15,-12
120900165,11,69,-58
120900166,52,372,-320
120900167,187,97,90
120900169,72,189,-117
120900170,885,1924,-1039
120900171,743,216,527
120900172,705,961,-256
120900173,10,52,-42
120900174,7,52,-45
120900175,237,85,152
120900176,4,298,-294
120900177,1,910,-909
120900178,35,249,-214
120900179,785,365,420
120900180,73,135,-62
120900181,72,50,22
120900182,24,181,-157
120900183,363,26,337
120900184,178,37,141
120900185,6,287,-281
120900186,0,356,-356
120900187,318,884,-566
120900188,161,7,154
120900189,68,1038,-970
120900190,65,3,62
120900191,17,19,-2
120900192,6769,5066,1703
120900194,41,56,-15
120900195,85,145,-60
120900196,526,24,502
120900197,466,120,346
120900198,213,411,-198
120900199,263,328,-65
120900200,37,108,-71
120900201,298,89,209
120900202,0,114,-114
120900203,40,67,-27
120900204,136,215,-79
120900205,54,39,15
120900206,26,26,0
120900207,42,953,-911
121000001,539,838,-299
121000002,1582,885,697
121000003,1936,1329,607
121000004,1773,2427,-654
121000005,1236,1932,-696
121000006,2424,1291,1133
121000007,1903,2194,-291
121000008,3831,2316,1515
121000009,3563,3903,-340
121000010,5470,3680,1790
121000011,5646,7954,-2308
121000012,9684,6797,2887
121000013,3813,5122,-1309
121000014,4871,4304,567
121000015,3086,5314,-2228
121000016,3113,2526,587
121000017,1380,2415,-1035
121000018,1652,1243,409
121000019,12072,9287,2785
121000020,9415,12239,-2824
121000021,2041,2060,-19
121000022,1680,2155,-475
121000023,2906,1960,946
121000024,3380,3198,182
121000025,386,1047,-661
121000026,250,125,125
121000027,1158,954,204
121000028,650,364,286
121000029,711,524,187
121000030,415,291,124
121000031,533,431,102
121000032,161,105,56
121000034,420,170,250
121000035,112,134,-22
121000036,947,635,312
121000037,465,450,15
121000038,369,583,-214
121000039,221,254,-33
121000041,376,314,62
121000042,218,282,-64
121000043,636,460,176
121000044,1176,659,517
121000045,321,178,143
121000046,495,565,-70
121000047,258,265,-7
121000049,1164,432,732
121000050,288,964,-676
121000051,577,250,327
121000052,336,481,-145
121000053,335,69,266
121000054,36,326,-290
121000055,939,808,131
121000056,578,782,-204
121000057,298,351,-53
121000058,309,187,122
121000059,1730,1109,621
121000060,532,756,-224
121000061,92,281,-189
121000062,148,310,-162
121000063,725,638,87
121000064,590,698,-108
121000065,466,384,82
121000066,546,475,71
121000067,449,406,43
121000068,528,312,216
121000069,269,413,-144
121000070,1554,914,640
121000071,1029,1024,5
121000072,789,534,255
121000073,786,740,46
121000074,166,140,26
121000075,29,99,-70
121000076,669,300,369
121000077,86,111,-25
121000078,118,121,-3
121000080,1571,453,1118
121000081,1635,2169,-534
121000082,105,209,-104
121000083,198,167,31
121000084,118,119,-1
121000085,263,356,-93
121000086,196,631,-435
121000087,62,261,-199
121000088,440,431,9
121000089,214,261,-47
121000090,269,274,-5
121000091,906,671,235
121000092,126,61,65
121000093,137,153,-16
121000094,439,479,-40
121000095,267,462,-195
121000096,1899,1694,205
121000097,636,1361,-725
121000098,410,695,-285
121000099,513,516,-3
121000100,837,336,501
121000101,250,221,29
121000102,251,247,4
121000103,133,193,-60
121000104,192,104,88
121000105,320,196,124
121000106,228,262,-34
121000107,1475,2253,-778
121000109,895,831,64
121000110,227,525,-298
121000114,2114,1583,531
121000115,614,563,51
121000116,224,746,-522
121000117,667,215,452
121000118,1104,151,953
121000119,219,315,-96
121000120,210,357,-147
121000121,443,844,-401
121000123,1084,617,467
121000127,114,71,43
121000128,723,277,446
121000129,585,404,181
121000130,452,640,-188
121000131,1721,1405,316
121000132,1232,1263,-31
121000135,278,305,-27
121000136,909,738,171
121000137,350,209,141
121000138,642,1392,-750
121000139,432,410,22
121000141,146,102,44
121000142,537,709,-172
121000143,92,18,74
121000144,644,1225,-581
121000145,473,795,-322
121000146,1051,823,228
121000147,793,402,391
121000148,718,777,-59
121000149,1586,1015,571
121000152,354,382,-28
121000153,1364,417,947
121000154,878,464,414
121000155,1007,875,132
121000156,395,824,-429
121000157,894,1159,-265
121000158,398,398,0
121000159,186,308,-122
121000160,267,258,9
121000161,149,216,-67
121000162,61,124,-63
121000165,1097,1446,-349
121000166,20,399,-379
121000168,297,171,126
121000169,52,115,-63
121000170,288,91,197
121000171,55,108,-53
121000172,563,418,145
121000173,875,860,15
121000174,301,371,-70
121000175,733,273,460
121000176,277,258,19
121000177,753,449,304
121000178,123,49,74
121000179,94,54,40
121000181,439,322,117
121000182,63,192,-129
121000183,81,73,8
121000184,60,77,-17
121000185,35,142,-107
121000186,167,403,-236
121000187,142,135,7
121000188,128,159,-31
121000192,710,338,372
121000193,485,448,37
121000194,1714,1532,182
121000195,223,734,-511
121000196,619,236,383
121000197,186,444,-258
121000198,131,78,53
121000199,130,243,-113
121000200,417,57,360
121000201,9,115,-106
121000202,627,95,532
121000203,545,1517,-972
121000204,1961,531,1430
121000205,97,174,-77
121000206,96,25,71
121000207,1535,257,1278
121000208,7,174,-167
121000209,351,210,141
121000210,476,361,115
121000211,196,110,86
121000212,341,397,-56
121000213,6597,2048,4549
121000214,508,1561,-1053
121000215,808,651,157
121000216,453,459,-6
121000217,2767,2075,692
121000218,339,1191,-852
121000219,1062,331,731
121000220,141,43,98
121000221,73,126,-53
121000222,1823,1521,302
121000223,618,442,176
121000224,397,244,153
121000225,962,1191,-229
121000226,1946,874,1072
121000227,7,124,-117
121000228,15,415,-400
121000229,245,255,-10
121000230,57,1207,-1150
121000231,727,23,704
121000232,397,270,127
121000233,493,303,190
121000234,22,32,-10
121000235,65,65,0
121000236,7,42,-35
121000237,38,20,18
121000238,0,56,-56
121000239,53,11,42
121000240,7,129,-122
121000241,68,13,55
121000242,40,319,-279
121000243,543,168,375
121000244,10,87,-77
121000245,100,37,63
121000246,2,112,-110
121000247,91,3,88
121000248,1283,405,878
121000249,97,143,-46
121000250,405,151,254
121000251,21,259,-238
121000252,75,49,26
121000253,269,301,-32
121000254,495,159,336
121000255,142,137,5
121000256,263,122,141
121000257,56,42,14
121000258,105,33,72
121000259,45,26,19
121000260,111,80,31
121000261,73,37,36
121000262,684,489,195
121000263,516,359,157
121000271,229,1044,-815
121000273,43,0,43
121000274,15,30,-15
121000275,1,6,-5
121000276,4,12,-8
121000278,50,19,31
121000279,20,22,-2
121000280,28,19,9
121000289,143,14,129
121000290,955,732,223
121000294,110,99,11
121000297,670,859,-189
121000299,159,355,-196
121000300,644,379,265
121000302,31,597,-566
121000303,274,245,29
121000304,380,44,336
121000305,116,40,76
121000306,78,99,-21
121000308,117,235,-118
121000309,271,323,-52
121000310,66,245,-179
121000311,55,494,-439
121000312,215,135,80
121000313,218,297,-79
121000314,93,94,-1
121000315,20,56,-36
121000530,1184,1027,157
121000531,1520,1156,364
121000532,4841,5759,-918
121000533,2423,2510,-87
121000918,51,102,-51
121000919,41,56,-15
121000938,104,113,-9
121000939,106,111,-5
121000956,1047,814,233
121000957,4,6,-2
121000958,34,15,19
121000959,572,622,-50
121000960,1091,1510,-419
121000961,244,116,128
121000962,227,499,-272
121000973,0,86,-86
121000976,27,129,-102
121000979,274,92,182
121000981,406,239,167
121000982,327,126,201
121000983,351,265,86
121000984,13,53,-40
121000985,571,355,216
121000986,184,132,52
121000987,180,717,-537
121000988,548,103,445
121001302,192,91,101
121001308,0,5,-5
121001309,48,77,-29
121001313,130,183,-53
121001314,1589,1871,-282
121001315,3223,1882,1341
121001326,322,264,58
121900001,139,166,-27
121900002,49,21,28
121900003,427,7,420
121900004,84,221,-137
121900005,18,8,10
121900006,74,13,61
121900007,1150,1370,-220
121900008,275,96,179
121900009,322,20,302
121900010,173,1,172
121900011,142,210,-68
121900012,4,0,4
121900013,1146,124,1022
121900014,917,314,603
121900015,129,139,-10
121900016,4,22,-18
121900017,406,339,67
121900018,292,3,289
121900019,321,157,164
121900020,15,1,14
121900021,831,38,793
121900022,223,194,29
121900023,96,109,-13
121900024,220,82,138
121900025,453,280,173
121900026,234,32,202
121900027,241,75,166
121900028,182,14,168
121900029,70,88,-18
121900030,372,430,-58
121900031,717,4668,-3951
121900032,48,37,11
121900033,156,155,1
121900034,243,82,161
121900035,1664,1417,247
121900036,41,247,-206
121900037,125,674,-549
121900038,21,72,-51
121900039,299,49,250
121900040,87,81,6
121900041,54,153,-99
121900042,284,129,155
121900043,1,6,-5
121900044,93,44,49
121900046,180,184,-4
121900047,116,79,37
121900048,13,69,-56
121900050,17,35,-18
121900051,133,166,-33
121900052,104,30,74
121900053,295,203,92
121900054,304,640,-336
121900055,1,9,-8
121900058,145,95,50
121900059,312,149,163
121900060,112,228,-116
121900062,72,93,-21
121900063,955,354,601
121900064,198,368,-170
121900066,56,18,38
121900067,24,20,4
121900069,162,83,79
121900070,121,64,57
121900071,299,169,130
121900072,41,129,-88
121900073,219,153,66
121900074,515,679,-164
121900075,379,392,-13
121900076,307,405,-98
121900078,51,17,34
121900079,2,0,2
121900080,517,268,249
121900082,78,92,-14
121900084,26,93,-67
121900086,7,29,-22
121900087,189,82,107
121900088,1110,1789,-679
121900089,119,214,-95
121900090,16,56,-40
121900091,59,80,-21
121900092,68,59,9
121900093,75,60,15
121900094,8,9,-1
121900095,205,111,94
121900096,804,527,277
121900097,425,149,276
121900098,0,0,0
121900099,175,40,135
121900100,151,330,-179
121900101,142,108,34
121900102,1,74,-73
121900103,329,214,115
121900104,1087,263,824
121900105,212,126,86
121900106,1,4,-3
121900107,33,23,10
121900108,2,16,-14
121900109,269,145,124
121900110,425,530,-105
121900111,496,173,323
121900112,127,91,36
121900113,64,269,-205
121900114,23,52,-29
121900117,97,41,56
121900118,1226,434,792
121900119,172,104,68
121900120,41,850,-809
121900121,318,23,295
121900122,32,55,-23
121900123,109,351,-242
121900124,145,111,34
121900125,786,597,189
121900127,18,81,-63
121900128,54,36,18
121900129,389,136,253
121900130,108,192,-84
121900131,183,90,93
121900132,39,45,-6
121900133,103,902,-799
121900134,17,147,-130
121900135,1911,240,1671
121900136,316,249,67
121900137,26,219,-193
121900138,63,89,-26
121900139,298,548,-250
121900140,60,115,-55
121900141,74,21,53
121900142,96,102,-6
121900143,8,101,-93
121900144,127,181,-54
121900145,114,150,-36
121900146,343,505,-162
121900147,58,132,-74
121900148,105,216,-111
121900149,236,429,-193
121900150,80,113,-33
121900151,49,154,-105
121900152,57,86,-29
121900153,75,494,-419
121900154,19,196,-177
121900155,1,77,-76
121900156,113,64,49
121900157,0,253,-253
121900158,59,87,-28
121900159,0,149,-149
121900160,5,175,-170
121900161,263,242,21
121900162,101,124,-23
121900163,198,423,-225
121900164,314,131,183
121900165,180,109,71
121900166,205,135,70
121900167,65,72,-7
121900168,135,190,-55
121900169,3,146,-143
121900170,1,111,-110
121900171,568,412,156
121900172,435,154,281
121900173,679,149,530
121900174,32,37,-5
121900175,110,143,-33
121900176,524,1004,-480
121900177,137,53,84
121900178,29,32,-3
121900179,272,129,143
121900180,2302,2594,-292
121900182,620,226,394
121900183,438,1230,-792
121900184,68,410,-342
121900186,3,235,-232
121900187,33,92,-59
121900188,346,267,79
121900189,14,81,-67
121900190,218,375,-157
121900191,82,218,-136
121900192,292,637,-345
121900193,40,110,-70
121900194,2,115,-113
121900195,25,58,-33
121900196,655,753,-98
121900197,237,1001,-764
121900198,905,650,255
121900199,4,23,-19
121900200,49,149,-100
121900201,699,574,125
121900202,102,470,-368
121900203,156,547,-391
121900204,551,842,-291
121900205,16,80,-64
121900206,12,22,-10
121900207,60,20,40
121900208,122,207,-85
121900209,42,20,22
121900210,965,735,230
121900211,362,459,-97
121900212,115,84,31
121900213,158,37,121
121900214,7,262,-255
121900215,40,80,-40
121900216,23,128,-105
121900217,146,107,39
121900218,164,276,-112
121900220,64,5,59
121900221,177,442,-265
121900222,124,88,36
121900223,106,31,75
121900224,55,23,32
121900225,82,84,-2
121900226,182,121,61
121900227,200,359,-159
121900228,122,188,-66
121900230,90,120,-30
121900231,337,491,-154
121900232,142,331,-189
121900233,120,105,15
121900234,198,154,44
121900235,308,168,140
121900236,273,121,152
121900237,200,205,-5
121900238,150,212,-62
121900239,137,23,114
121900240,211,77,134
121900241,44,53,-9
121900242,2,0,2
121900243,7,1,6
121900244,18,3,15
121900245,125,51,74
121900246,1514,200,1314
121900248,859,997,-138
121900250,174,229,-55
121900251,293,29,264
121900252,429,78,351
121900253,136,684,-548
121900254,460,188,272
121900255,337,66,271
121900258,2375,1492,883
121900259,256,436,-180
121900260,32,102,-70
121900261,154,427,-273
121900262,351,655,-304
121900263,190,175,15
121900264,1134,917,217
121900265,196,196,0
121900266,379,130,249
121900267,49,24,25
121900269,153,443,-290
121900270,26,118,-92
121900271,29,76,-47
121900273,470,1245,-775
121900274,224,170,54
121900277,371,816,-445
121900278,82,697,-615
121900279,104,175,-71
121900280,86,227,-141
121900281,193,144,49
121900284,57,7,50
121900286,92,84,8
121900287,7,22,-15
121900288,5,1,4
121900290,223,271,-48
121900291,283,493,-210
121900292,124,123,1
121900293,861,2114,-1253
121900294,140,6,134
121900295,69,154,-85
121900296,47,62,-15
121900298,236,535,-299
121900299,0,6,-6
121900300,41,9,32
121900301,73,0,73
121900302,5,23,-18
121900303,255,213,42
121900304,1,13,-12
121900305,1,3,-2
121900306,129,2,127
121900307,89,4,85
121900308,14,206,-192
121900309,11,135,-124
121900310,27,359,-332
121900311,421,21,400
121900312,250,29,221
121900313,254,20,234
121900314,5,31,-26
121900315,28,0,28
121900316,1,34,-33
121900317,12,6,6
121900318,0,20,-20
121900319,37,70,-33
121900320,39,71,-32
121900321,8,0,8
121900322,0,21,-21
121900323,23,11,12
121900324,0,40,-40
121900325,30,0,30
121900326,1,16,-15
121900327,0,46,-46
121900328,0,15,-15
121900329,0,101,-101
121900330,0,14,-14
121900331,18,18,0
121900332,61,16,45
121900333,33,2,31
121900334,84,46,38
122000001,1600,3662,-2062
122000002,2945,1135,1810
122000003,1414,2133,-719
122000004,2267,1141,1126
122000005,1828,1357,471
122000006,1414,780,634
122000007,783,1269,-486
122000008,2825,3208,-383
122000009,337,350,-13
122000010,1675,2223,-548
122000011,2351,1151,1200
122000012,1030,1293,-263
122000013,999,710,289
122000014,1266,947,319
122000015,998,789,209
122000016,397,682,-285
122000017,840,765,75
122000018,1115,919,196
122000019,609,843,-234
122000020,134,154,-20
122000021,181,306,-125
122000022,818,810,8
122000023,506,1151,-645
122000024,731,1079,-348
122000025,1103,1129,-26
122000026,886,783,103
122000027,457,1711,-1254
122000028,619,310,309
122000029,324,359,-35
122000030,203,92,111
122000031,129,230,-101
122000032,1293,1461,-168
122000033,489,1006,-517
122000034,498,468,30
122000035,197,544,-347
122000036,463,447,16
122000037,272,207,65
122000038,221,289,-68
122000039,612,335,277
122000040,275,242,33
122000041,445,509,-64
122000042,299,439,-140
122000043,100,87,13
122000044,99,127,-28
122000045,1028,394,634
122000046,598,489,109
122000047,218,185,33
122000048,2633,3160,-527
122000049,3927,2416,1511
122000050,995,671,324
122000051,289,242,47
122000052,412,282,130
122000053,148,678,-530
122000054,1844,1576,268
122000055,1829,2366,-537
122000056,3527,2646,881
122000057,2677,2631,46
122000058,1923,1113,810
122000059,2132,1367,765
122000060,598,520,78
122000061,306,338,-32
122000062,982,274,708
122000063,783,498,285
122000064,2442,2555,-113
122000065,3084,1928,1156
122000066,490,403,87
122000067,1046,900,146
122000068,792,682,110
122000069,752,640,112
122000070,610,1070,-460
122000071,1169,939,230
122000072,302,342,-40
122000073,419,563,-144
122000074,2278,1387,891
122000075,670,1019,-349
122000076,1882,896,986
122000077,883,672,211
122000078,1702,2088,-386
122000079,768,917,-149
122000080,605,324,281
122000081,144,204,-60
122000082,618,643,-25
122000083,1036,1362,-326
122000084,896,555,341
122000085,182,623,-441
122000086,1613,3385,-1772
122000087,249,131,118
122000088,129,270,-141
122000089,3635,1570,2065
122000090,153,343,-190
122000091,160,96,64
122000092,124,16,108
122000093,1420,1395,25
122000094,3909,1966,1943
122000095,1585,2298,-713
122000096,1499,1240,259
122000098,2362,1779,583
122000099,1279,532,747
122000100,790,398,392
122000101,321,435,-114
122000102,1601,961,640
122000103,1578,1534,44
122000104,251,160,91
122000105,433,218,215
122000106,421,512,-91
122000107,710,326,384
122000108,349,629,-280
122000109,329,232,97
122000110,347,385,-38
122000111,2139,939,1200
122000112,771,1058,-287
122000113,508,493,15
122000114,1871,1048,823
122000115,1273,946,327
122000116,361,387,-26
122000117,881,337,544
122000118,436,654,-218
122000119,2303,1599,704
122000120,1290,2813,-1523
122000121,1284,2069,-785
122000122,551,1280,-729
122000123,1215,1301,-86
122000124,673,434,239
122000125,492,580,-88
122000126,398,726,-328
122000127,688,941,-253
122000128,364,549,-185
122000129,404,959,-555
122000130,2328,1017,1311
122000131,975,889,86
122000132,347,382,-35
122000133,686,895,-209
122000134,667,671,-4
122000135,570,521,49
122000136,600,534,66
122000137,1063,504,559
122000139,1045,2455,-1410
122000140,830,504,326
122000141,2475,690,1785
122000142,223,546,-323
122000143,254,345,-91
122000144,972,876,96
122000145,946,589,357
122000146,577,815,-238
122000147,497,474,23
122000148,1392,1677,-285
122000149,1532,1206,326
122000150,859,711,148
122000151,123,303,-180
122000152,325,298,27
122000153,285,217,68
122000154,189,203,-14
122000155,1408,1737,-329
122000156,1898,1852,46
122000157,1304,1523,-219
122000158,266,484,-218
122000159,526,1188,-662
122000160,1990,1728,262
122000161,823,794,29
122000162,1388,1336,52
122000163,170,59,111
122000164,27,67,-40
122000165,667,572,95
122000166,835,858,-23
122000167,188,192,-4
122000168,152,403,-251
122000169,340,130,210
122000170,247,154,93
122000171,26,60,-34
122000172,1224,1118,106
122000173,1039,1695,-656
122000174,1714,643,1071
122000175,828,224,604
122000176,307,614,-307
122000177,1010,1209,-199
122000178,2140,1857,283
122000179,1278,1781,-503
122000180,1404,1001,403
122000181,1230,2024,-794
122000182,1070,1051,19
122000183,1331,869,462
122000184,2073,1696,377
122000185,1180,1250,-70
122000186,388,580,-192
122000187,1356,696,660
122000188,350,157,193
122000189,207,269,-62
122000190,842,811,31
122000191,605,458,147
122000192,847,295,552
122000193,315,585,-270
122000194,490,173,317
122000195,121,406,-285
122000196,770,550,220
122000197,450,479,-29
122000198,367,686,-319
122000199,278,261,17
122000200,786,495,291
122000201,1056,1293,-237
122000202,1154,1109,45
122000203,2030,972,1058
122000204,1079,1397,-318
122000205,1141,1155,-14
122000206,1863,658,1205
122000207,1481,1032,449
122000208,1633,955,678
122000209,1561,273,1288
122000210,1527,1281,246
122000211,1044,929,115
122000212,603,430,173
122000213,867,1098,-231
122000214,1556,1352,204
122000215,1674,1314,360
122000217,1502,1075,427
122000218,629,78,551
122000219,977,656,321
122000220,332,489,-157
122000221,88,329,-241
122000222,480,106,374
122000223,1031,423,608
122000225,564,269,295
122000226,1452,1274,178
122000227,236,1677,-1441
122000228,276,279,-3
122000229,38,394,-356
122000230,51,313,-262
122000231,469,648,-179
122000232,526,676,-150
122000233,1,77,-76
122000234,384,115,269
122000235,760,134,626
122000236,823,68,755
122000237,103,52,51
122000238,244,207,37
122000239,622,132,490
122000240,909,610,299
122000241,1188,432,756
122000242,465,112,353
122000243,252,76,176
122000244,56,216,-160
122000245,100,174,-74
122000246,311,111,200
122000247,493,455,38
122000248,904,1249,-345
122000249,1013,700,313
122000250,1609,876,733
122000251,173,398,-225
122000252,453,88,365
122000253,45,157,-112
122000254,227,74,153
122000255,587,1081,-494
122000256,311,607,-296
122000257,157,219,-62
122000258,204,242,-38
122000259,30,391,-361
122000260,188,584,-396
122000261,12,158,-146
122000262,0,63,-63
122000263,271,109,162
122000264,966,311,655
122000265,1701,734,967
122000266,3570,628,2942
122000267,165,97,68
122000268,116,249,-133
122000269,655,270,385
122000270,499,101,398
122000271,233,756,-523
122000272,310,707,-397
122000273,388,312,76
122000274,180,198,-18
122000275,219,232,-13
122000276,583,408,175
122000277,945,1326,-381
122000278,1323,623,700
122000279,166,324,-158
122000280,609,385,224
122000281,629,459,170
122000282,192,620,-428
122000283,310,133,177
122000284,215,92,123
122000285,361,82,279
122000286,66,171,-105
122000287,865,1197,-332
122000288,319,249,70
122000291,1395,604,791
122000293,189,216,-27
122000294,123,180,-57
122000295,1051,205,846
122000296,39,425,-386
122000297,1789,2331,-542
122000299,360,232,128
122000300,493,397,96
122000301,6604,2470,4134
122000302,453,1046,-593
122000303,2128,1012,1116
122000304,67,156,-89
122000305,818,449,369
122000306,32,427,-395
122000307,139,95,44
122000309,77,52,25
122000310,15,106,-91
122000311,202,148,54
122000312,119,167,-48
122000313,155,69,86
122000314,100,168,-68
122000315,233,52,181
122000316,656,169,487
122000317,1227,231,996
122000318,218,351,-133
122000319,142,239,-97
122000320,358,940,-582
122000321,69,154,-85
122000322,1640,1738,-98
122000323,1295,1756,-461
122000324,951,913,38
122000325,653,1261,-608
122000326,70,88,-18
122000327,347,603,-256
122000328,553,462,91
122000330,1327,593,734
122000333,22,97,-75
122000337,874,947,-73
122000338,295,282,13
122000340,290,385,-95
122000342,1167,708,459
122000343,390,827,-437
122000344,64,15,49
122000345,159,58,101
122000346,263,335,-72
122000348,517,475,42
122000349,77,352,-275
122000351,122,171,-49
122000352,284,171,113
122000353,91,85,6
122000355,157,225,-68
122000356,953,907,46
122000357,80,18,62
122000358,0,39,-39
122000359,0,32,-32
122000360,0,39,-39
122000362,9,54,-45
122000364,117,244,-127
122000365,2,21,-19
122000366,11,4,7
122000368,426,568,-142
122000370,13,37,-24
122000371,15,0,15
122000372,13,1,12
122000381,77,232,-155
122000382,68,230,-162
122000384,2139,927,1212
122000385,53,0,53
122000386,262,842,-580
122000387,356,451,-95
122000388,892,532,360
122000389,159,477,-318
122000390,327,213,114
122000391,244,193,51
122000392,124,170,-46
122000393,203,272,-69
122000394,383,148,235
122000395,109,126,-17
122000396,246,73,173
122000397,67,43,24
122000398,62,29,33
122000399,137,83,54
122000400,123,453,-330
122000401,116,108,8
122000402,196,108,88
122000403,312,527,-215
122000404,157,166,-9
122000408,593,712,-119
122000503,9,79,-70
122000524,167,88,79
122000544,69,1684,-1615
122000614,322,341,-19
122000616,179,1,178
122000640,51,102,-51
122000641,121,242,-121
122000642,989,742,247
122000643,52,146,-94
122000644,90,22,68
122000645,113,130,-17
122000651,996,737,259
122000664,125,41,84
122000665,1133,406,727
122000666,536,893,-357
122000673,26,206,-180
122000674,138,51,87
122000675,1359,578,781
122000686,333,781,-448
122000687,985,285,700
122000688,201,411,-210
122000689,697,280,417
122000690,1608,417,1191
122000691,487,1161,-674
122000692,945,299,646
122000693,265,1239,-974
122000695,244,275,-31
122000696,340,175,165
122000698,268,420,-152
122000699,142,39,103
122000701,1074,252,822
122000702,403,919,-516
122000703,127,35,92
122000717,54,38,16
122000718,339,1197,-858
122000719,134,76,58
122000720,511,183,328
122000724,206,245,-39
122900001,49,9,40
122900002,953,3580,-2627
122900003,257,21,236
122900004,780,26,754
122900005,81,41,40
122900006,432,497,-65
122900007,101,103,-2
122900008,256,60,196
122900009,375,291,84
122900010,228,98,130
122900012,213,273,-60
122900014,96,185,-89
122900015,1161,664,497
122900016,115,149,-34
122900017,200,529,-329
122900018,150,17,133
122900020,205,275,-70
122900021,25,282,-257
122900022,702,831,-129
122900023,211,100,111
122900024,104,77,27
122900025,6,260,-254
122900026,59,230,-171
122900027,23,544,-521
122900028,114,136,-22
122900029,3383,2316,1067
122900030,753,454,299
122900031,63,159,-96
122900032,89,253,-164
122900033,273,92,181
122900034,3388,3616,-228
122900035,8,8,0
122900036,37,73,-36
122900037,255,86,169
122900038,68,1724,-1656
122900039,56,383,-327
122900040,201,337,-136
122900041,240,246,-6
122900042,110,180,-70
122900043,218,216,2
122900044,117,217,-100
122900045,95,84,11
122900046,143,179,-36
122900047,115,135,-20
122900048,51,150,-99
122900049,1227,115,1112
122900051,82,109,-27
122900052,118,138,-20
122900053,28,33,-5
122900055,248,58,190
122900057,158,50,108
122900061,298,111,187
122900062,412,372,40
122900063,124,177,-53
122900064,593,230,363
122900065,384,232,152
122900066,483,300,183
122900067,800,505,295
122900069,291,787,-496
122900070,313,39,274
122900071,129,284,-155
122900073,22,173,-151
122900074,563,328,235
122900075,0,81,-81
122900076,4,154,-150
122900077,4,91,-87
122900078,119,40,79
122900080,25,48,-23
122900081,159,143,16
122900082,728,174,554
122900083,162,109,53
122900084,6,166,-160
122900086,8,91,-83
122900087,255,376,-121
122900088,45,134,-89
122900089,117,199,-82
122900090,5,339,-334
122900091,172,0,172
122900092,0,90,-90
122900093,0,143,-143
122900094,1,161,-160
122900095,100,9,91
122900096,213,116,97
122900097,17,37,-20
122900098,41,65,-24
122900099,68,25,43
122900100,105,174,-69
122900101,402,175,227
122900102,24,27,-3
122900103,118,10,108
122900104,137,11,126
122900105,8,3,5
122900106,3,53,-50
122900107,5,132,-127
122900108,3,161,-158
122900109,162,101,61
123000001,1104,391,713
123000002,2915,3639,-724
123000003,2923,3075,-152
123000004,2483,3061,-578
123000005,1937,2090,-153
123000006,1960,2030,-70
123000007,3318,2344,974
123000008,2561,2546,15
123000009,3723,2365,1358
123000010,2781,3088,-307
123000011,2106,724,1382
123000012,793,1746,-953
123000013,2478,705,1773
123000014,861,2572,-1711
123000015,2489,913,1576
123000016,2865,3036,-171
123000017,2683,1498,1185
123000018,61,74,-13
123000019,257,87,170
123000020,131,78,53
123000021,103,156,-53
123000022,249,1665,-1416
123000023,1330,1261,69
123000024,1394,572,822
123000025,199,108,91
123000026,34,83,-49
123000027,290,402,-112
123000028,1182,919,263
123000029,1227,1122,105
123000030,218,232,-14
123000031,156,184,-28
123000032,310,112,198
123000033,224,59,165
123000034,887,650,237
123000035,296,313,-17
123000036,208,729,-521
123000037,144,186,-42
123000038,49,196,-147
123000039,375,1139,-764
123000040,559,243,316
123000041,979,962,17
123000042,956,456,500
123000043,1501,4488,-2987
123000044,3641,1881,1760
123000045,4223,1845,2378
123000046,611,1276,-665
123000047,1561,829,732
123000048,56,602,-546
123000049,4433,7174,-2741
123000050,1006,1005,1
123000051,90,162,-72
123000052,573,2559,-1986
123000053,1770,2559,-789
123000054,1064,1044,20
123000055,892,1512,-620
123000056,1141,1289,-148
123000057,7527,4251,3276
123000058,1341,1372,-31
123000059,579,467,112
123000060,697,458,239
123000061,256,520,-264
123000063,476,636,-160
123000064,771,187,584
123000065,3135,1807,1328
123000066,570,461,109
123000067,619,504,115
123000068,2033,1987,46
123000069,4560,2211,2349
123000070,177,460,-283
123000071,797,792,5
123000072,921,644,277
123000073,901,587,314
123000074,819,826,-7
123000075,293,766,-473
123000076,630,458,172
123000077,1686,1833,-147
123000078,1276,1380,-104
123000079,1108,1434,-326
123000080,1676,1361,315
123000081,115,282,-167
123000082,286,735,-449
123000083,497,184,313
123000084,600,422,178
123000085,395,118,277
123000086,312,80,232
123000087,317,144,173
123000088,1252,819,433
123000089,426,905,-479
123000090,1052,657,395
123000091,1188,1035,153
123000092,874,945,-71
123000094,379,178,201
123000095,382,473,-91
123000096,469,263,206
123000097,361,419,-58
123000098,567,472,95
123000099,502,517,-15
123000100,411,547,-136
123000101,495,576,-81
123000102,426,499,-73
123000104,329,388,-59
123000105,397,368,29
123000106,401,355,46
123000107,307,397,-90
123000108,695,755,-60
123000111,576,262,314
123000112,876,477,399
123000113,287,564,-277
123000114,324,473,-149
123000115,214,208,6
123000116,32,85,-53
123000117,1152,1194,-42
123000118,331,559,-228
123000119,176,624,-448
123000120,310,514,-204
123000121,445,637,-192
123000122,294,242,52
123000123,368,518,-150
123000124,420,426,-6
123000125,651,468,183
123000126,1614,4662,-3048
123000127,658,553,105
123000128,201,214,-13
123000129,454,162,292
123000130,490,92,398
123000131,662,634,28
123000132,281,422,-141
123000133,186,283,-97
123000134,240,142,98
123000135,1037,579,458
123000136,161,501,-340
123000137,96,183,-87
123000138,114,262,-148
123000139,398,60,338
123000140,73,472,-399
123000141,552,155,397
123000142,860,833,27
123000143,1013,1497,-484
123000144,37,20,17
123000145,140,99,41
123000146,16,68,-52
123000147,55,91,-36
123000149,313,285,28
123000150,101,160,-59
123000151,244,379,-135
123000152,123,272,-149
123000153,256,478,-222
123000154,1179,1332,-153
123000155,1585,810,775
123000156,26,69,-43
123000157,515,616,-101
123000158,412,704,-292
123000159,2168,1657,511
123000160,1057,995,62
123000161,969,699,270
123000162,836,1222,-386
123000163,317,359,-42
123000164,1104,324,780
123000165,430,1144,-714
123000166,33,100,-67
123000167,111,210,-99
123000168,188,185,3
123000169,581,161,420
123000170,97,97,0
123000171,477,22,455
123000172,173,364,-191
123000173,449,260,189
123000174,727,317,410
123000175,469,857,-388
123000176,634,196,438
123000177,212,568,-356
123000178,624,159,465
123000179,45,387,-342
123000180,1221,257,964
123000181,223,930,-707
123000182,170,208,-38
123000183,161,440,-279
123000185,576,285,291
123000186,2,457,-455
123000187,488,5,483
123000188,204,1,203
123000189,36,155,-119
123000190,60,191,-131
123000192,46,221,-175
123000193,114,697,-583
123000194,360,296,64
123000195,323,65,258
123000196,324,98,226
123000197,112,76,36
123000198,33,267,-234
123000199,35,432,-397
123000200,321,1,320
123000201,863,40,823
123000202,36,615,-579
123000203,816,93,723
123000204,84,847,-763
123000205,279,1062,-783
123000206,1856,224,1632
123000207,158,729,-571
123000208,650,201,449
123000209,1721,588,1133
123000210,356,1417,-1061
123000211,446,1621,-1175
123000212,2027,515,1512
123000213,677,125,552
123000215,76,195,-119
123000216,129,573,-444
123000217,172,30,142
123000218,57,426,-369
123000219,594,67,527
123000220,440,67,373
123000221,226,70,156
123000222,261,191,70
123000223,150,210,-60
123000224,328,347,-19
123000225,230,56,174
123000226,41,175,-134
123000227,44,208,-164
123000228,206,51,155
123000229,846,1042,-196
123000232,101,408,-307
123000233,530,114,416
123000234,125,487,-362
123000235,665,232,433
123000236,199,431,-232
123000237,248,64,184
123000238,79,353,-274
123000239,364,890,-526
123000240,53,297,-244
123000241,547,60,487
123000242,79,154,-75
123000243,672,708,-36
123000244,732,593,139
123000245,32,109,-77
123000249,369,468,-99
123000252,615,210,405
123000253,864,468,396
123000254,404,622,-218
123000255,864,767,97
123000256,34,151,-117
123000257,1245,1005,240
123000258,1071,951,120
123000259,260,314,-54
123000260,351,289,62
123000261,177,64,113
123000262,99,141,-42
123000263,339,121,218
123000264,151,75,76
123000265,40,105,-65
123000266,417,465,-48
123000267,420,264,156
123000268,18,48,-30
123000269,45,64,-19
123000270,42,45,-3
123000271,62,51,11
123000272,557,267,290
123000273,167,465,-298
123000274,954,423,531
123000275,243,572,-329
123000278,1655,1765,-110
123000279,119,98,21
123000280,316,338,-22
123000281,237,73,164
123000282,82,224,-142
123000283,124,69,55
123000284,72,65,7
123000286,191,285,-94
123000287,388,208,180
123000288,1029,605,424
123000289,389,770,-381
123000291,207,629,-422
123000294,215,296,-81
123000295,860,670,190
123000296,560,305,255
123000297,604,485,119
123000298,464,297,167
123000299,167,282,-115
123000300,1070,888,182
123000301,88,195,-107
123000302,89,133,-44
123000303,86,180,-94
123000305,727,697,30
123000306,103,117,-14
123000309,50,44,6
123000310,50,48,2
123000311,82,125,-43
123000312,518,539,-21
123000313,480,294,186
123000315,107,196,-89
123000316,686,256,430
123000317,210,46,164
123000318,67,140,-73
123000329,6,9,-3
123000337,1107,381,726
123000338,320,52,268
123000339,246,136,110
123000340,104,400,-296
123000342,22,110,-88
123000343,28,6,22
123000344,968,365,603
123000345,269,373,-104
123000346,303,58,245
123000352,912,652,260
123000353,26,111,-85
123000354,550,18,532
123000355,1,509,-508
123000356,257,14,243
123000357,4,80,-76
123000359,6,103,-97
123000360,133,41,92
123000361,167,217,-50
123000362,242,86,156
123000363,53,92,-39
123000364,401,395,6
123000365,10,251,-241
123000366,324,1327,-1003
123000367,881,1043,-162
123000370,30,168,-138
123000371,470,32,438
123000372,212,36,176
123000373,18,229,-211
123000374,32,148,-116
123000375,276,48,228
123000376,701,548,153
123000377,186,11,175
123000378,7,146,-139
123000379,4,173,-169
123000380,34,285,-251
123000381,113,32,81
123000382,613,97,516
123000383,156,844,-688
123000384,267,58,209
123000385,109,338,-229
123000436,32,690,-658
123000507,120,188,-68
123000508,157,739,-582
123000517,224,28,196
123000518,18,173,-155
123000519,132,56,76
123000520,35,146,-111
123000521,243,67,176
123000522,127,231,-104
123000541,7,4,3
123000542,0,7,-7
123000565,755,27,728
123000566,205,363,-158
123000567,76,169,-93
123000573,32,567,-535
123000574,403,70,333
123000575,798,795,3
123000576,499,964,-465
123000577,66,382,-316
123000578,368,24,344
123000579,2058,3893,-1835
123000580,120,32,88
123000582,270,27,243
123000583,16,223,-207
123000584,123,163,-40
123000585,0,83,-83
123000586,64,0,64
123000596,88,73,15
123000597,23,143,-120
123000602,30,6,24
123000603,483,430,53
123000604,386,498,-112
123000605,672,19,653
123000606,0,313,-313
123000609,11,228,-217
123000610,132,75,57
123000613,29,169,-140
123000614,141,34,107
123000615,48,113,-65
123000616,368,28,340
123000617,80,241,-161
123000618,54,386,-332
123000619,305,36,269
123000620,16,259,-243
123000622,245,15,230
123000624,114,55,59
123000630,909,329,580
123000631,181,881,-700
123000632,778,913,-135
123000633,1,288,-287
123000634,61,93,-32
123000635,74,95,-21
123000636,33,326,-293
123000637,163,25,138
123000638,427,35,392
123000639,644,2444,-1800
123000640,49,423,-374
123000648,802,206,596
123000649,200,830,-630
123000650,126,69,57
123000651,60,225,-165
123000652,273,36,237
123000653,56,150,-94
123000654,65,121,-56
123900001,940,31,909
123900002,20,988,-968
123900003,178,249,-71
123900005,161,150,11
123900006,202,31,171
124000001,1489,102,1387
124000002,13,552,-539
124000003,648,121,527
124000004,58,358,-300
124000005,776,307,469
124000006,178,800,-622
124000007,319,78,241
124000008,9,386,-377
124000009,543,224,319
124000010,141,345,-204
124000011,617,249,368
124000012,237,292,-55
124000017,119,116,3
124000018,67,54,13
124000019,109,123,-14
124000020,41,98,-57
124000021,85,65,20
124000022,57,115,-58
124000023,524,129,395
124000024,759,341,418
124000025,506,355,151
124000026,572,318,254
124000027,983,676,307
124000028,1761,754,1007
124000031,1290,1744,-454
124000032,1486,817,669
124000033,778,444,334
124000034,470,813,-343
124000035,288,188,100
124000036,125,438,-313
124000037,333,1002,-669
124000038,33,73,-40
124000039,727,478,249
124000040,460,875,-415
124000041,276,72,204
124000042,90,340,-250
124000043,79,82,-3
124000044,52,129,-77
124000045,635,387,248
124000046,217,491,-274
124000047,1167,654,513
124000048,768,852,-84
124000049,1230,526,704
124000050,656,1209,-553
124000051,753,425,328
124000052,535,664,-129
124000053,449,1120,-671
124000054,729,392,337
124000055,1186,1916,-730
124000056,1647,1240,407
124000057,726,392,334
124000058,354,987,-633
124000059,503,876,-373
124000060,823,510,313
124000061,1137,4143,-3006
124000062,4501,1561,2940
124000063,1171,1411,-240
124000064,1695,1107,588
124000065,160,425,-265
124000066,250,117,133
124000067,154,99,55
124000068,55,100,-45
124000069,516,149,367
124000070,201,324,-123
124000071,221,83,138
124000072,217,276,-59
124000073,671,170,501
124000074,190,445,-255
124000075,217,24,193
124000076,6,126,-120
124000077,1295,594,701
124000078,2113,1165,948
124000079,306,1041,-735
124000080,417,143,274
124000081,155,360,-205
124000082,52,131,-79
124000083,66,64,2
124000084,87,362,-275
124000085,75,38,37
124000086,42,49,-7
124000087,150,75,75
124000088,101,223,-122
124000089,599,249,350
124000090,137,293,-156
124000091,391,109,282
124000092,81,504,-423
124000093,75,57,18
124000094,75,321,-246
124000095,110,68,42
124000096,95,155,-60
124000097,73,127,-54
124000098,57,72,-15
124000099,190,71,119
124000100,39,90,-51
124000101,60,75,-15
124000102,114,45,69
124000103,55,97,-42
124000104,92,38,54
124000105,68,72,-4
124000106,160,52,108
124000107,11,151,-140
124000108,56,14,42
124000109,119,113,6
124000110,232,110,122
124000111,168,148,20
124000112,475,566,-91
124000113,69,100,-31
124000114,240,349,-109
124000115,325,504,-179
124000116,101,137,-36
124000117,47,86,-39
124000118,43,60,-17
124000119,609,324,285
124000120,383,328,55
124000121,1534,662,872
124000122,471,1061,-590
124000123,788,390,398
124000124,327,763,-436
124000125,326,349,-23
124000126,210,490,-280
124000127,695,264,431
124000128,478,638,-160
124000129,1479,1370,109
124000130,658,527,131
124000131,752,494,258
124000132,684,662,22
124000133,620,586,34
124000134,671,492,179
124000135,1150,1122,28
124000136,661,875,-214
124000137,781,568,213
124000138,943,908,35
124000139,557,53,504
124000140,68,437,-369
124000141,569,35,534
124000142,29,457,-428
124000143,105,9,96
124000144,11,131,-120
124000145,106,45,61
124000146,17,61,-44
124000148,24,104,-80
124000149,935,336,599
124000150,265,582,-317
124000151,685,273,412
124000152,602,898,-296
124000153,564,488,76
124000154,218,489,-271
124000155,988,871,117
124000156,1247,775,472
124000169,162,293,-131
124000170,331,359,-28
124000171,191,173,18
124000172,234,304,-70
124000173,315,198,117
124000174,272,329,-57
124000175,5,67,-62
124000176,19,18,1
124000177,15,31,-16
124000178,34,34,0
124000185,30,12,18
124000186,7,40,-33
124000187,4,52,-48
124000188,35,6,29
124000190,101,48,53
124000191,92,202,-110
124000192,983,287,696
124000193,295,655,-360
124000194,385,306,79
124000195,195,419,-224
124000196,812,776,36
124000197,41,35,6
124000198,19,31,-12
124000201,296,600,-304
124000202,452,311,141
124000203,394,332,62
124000204,681,243,438
124000205,86,367,-281
124000206,688,267,421
124000207,0,38,-38
124000209,137,191,-54
124000210,362,113,249
124000211,577,5,572
124000212,1,262,-261
124000213,335,209,126
124000214,292,316,-24
124000215,440,35,405
124000216,9,307,-298
124000329,147,981,-834
124000338,115,495,-380
124000339,655,102,553
124000341,1006,95,911
124000344,53,11,42
124000357,1201,2344,-1143
124000358,1248,2025,-777
124000359,896,649,247
124000360,636,481,155
124000361,1078,609,469
124000362,766,902,-136
124000363,245,356,-111
124000364,484,670,-186
124000365,610,918,-308
124000366,1348,1245,103
124000367,123,327,-204
124000368,383,271,112
124000369,69,75,-6
124000370,49,325,-276
124000402,38,20,18
124000403,92,19,73
124000404,1,51,-50
124000405,854,617,237
124000406,596,642,-46
124000407,4,29,-25
124000411,7,215,-208
124000412,337,7,330
124000413,191,25,166
124000414,72,100,-28
124000415,42,114,-72
124000416,149,180,-31
124000417,115,82,33
124000418,126,80,46
124000419,85,101,-16
124000420,67,63,4
124000421,25,111,-86
124000422,24,15,9
124000423,100,20,80
124000424,7,103,-96
124000425,113,14,99
124000426,4,105,-101
124000427,134,5,129
124000428,4,43,-39
124000429,60,54,6
124000430,458,293,165
124000431,235,321,-86
124000432,181,528,-347
124000439,38,10,28
124000443,0,46,-46
124000445,404,841,-437
124000446,1040,248,792
124000447,33,114,-81
124000448,66,17,49
124000449,115,15,100
124000450,33,137,-104
124000451,5,74,-69
124000452,413,77,336
124000453,2054,3129,-1075
124000454,2045,4270,-2225
124000455,9,704,-695
124000456,267,2,265
124000457,11,163,-152
124000458,12,160,-148
124000459,156,3,153
124000460,9,154,-145
124900001,458,386,72
124900002,106,198,-92
124900003,939,503,436
124900004,514,264,250
124900005,154,92,62
124900006,548,272,276
124900008,874,426,448
124900009,131,224,-93
124900010,140,99,41
124900011,332,160,172
124900012,332,108,224
124900013,405,132,273
124900014,222,50,172
124900015,114,231,-117
124900016,43,64,-21
124900017,418,1154,-736
124900018,48,27,21
124900020,56,51,5
124900021,182,16,166
124900022,37,11,26
124900024,180,0,180
124900026,93,4,89
124900027,102,268,-166
124900028,247,50,197
124900029,18,363,-345
124900030,3,72,-69
124900031,42,163,-121
124900032,129,183,-54
124900033,51,170,-119
124900034,4,57,-53
124900035,126,267,-141
124900036,1,41,-40
124900037,120,147,-27
124900038,173,248,-75
124900039,1,113,-112
124900040,127,77,50
124900041,203,635,-432
124900042,70,3,67
124900043,402,784,-382
124900044,51,2,49
124900045,336,810,-474
124900047,92,100,-8
124900048,130,70,60
124900050,163,129,34
124900052,92,213,-121
124900053,106,194,-88
124900054,1265,291,974
124900055,3,145,-142
124900057,8,242,-234
124900060,44,146,-102
124900061,67,11,56
124900062,212,20,192
124900066,0,11,-11
124900067,14,87,-73
124900068,185,313,-128
124900070,39,23,16
124900072,100,41,59
124900075,141,180,-39
124900076,33,804,-771
124900077,26,72,-46
124900078,53,9,44
124900079,342,122,220
124900080,228,446,-218
124900081,739,233,506
124900082,296,634,-338
124900083,217,372,-155
124900085,957,351,606
124900086,36,947,-911
124900087,493,75,418
124900088,410,87,323
124900089,839,20,819
124900090,203,164,39
124900091,230,210,20
124900092,159,159,0
124900093,234,107,127
124900094,283,165,118
124900095,74,293,-219
124900096,331,147,184
124900097,262,57,205
124900098,105,183,-78
124900099,388,366,22
124900100,241,29,212
124900101,70,306,-236
124900102,166,2,164
124900103,109,122,-13
124900104,64,111,-47
124900105,95,64,31
124900106,261,32,229
124900107,68,10,58
124900108,76,47,29
124900111,2,64,-62
124900112,39,315,-276
124900113,62,241,-179
124900114,129,135,-6
124900115,34,19,15
124900116,151,118,33
124900117,244,123,121
124900118,175,220,-45
124900119,208,117,91
124900120,40,248,-208
124900121,80,255,-175
124900122,160,128,32
124900123,287,76,211
124900124,105,245,-140
124900125,445,1,444
124900126,2,266,-264
204000001,106,18,88
204000002,22,13,9
204000003,20,4,16
204000004,8,0,8
204000005,618,428,190
204000006,1172,1106,66
204000011,23,40,-17
204000012,56,85,-29
204000019,596,441,155
204000020,511,473,38
204000021,1291,596,695
204000022,457,366,91
204000023,542,612,-70
204000031,86,14,72
204000032,335,25,310
204000034,38,113,-75
204000035,0,5,-5
204000036,4,10,-6
204000037,3,23,-20
204000038,1,10,-9
204000039,4,11,-7
204000040,2,14,-12
204000041,4,8,-4
204000042,12,9,3
204000043,24,3,21
204000044,19,1,18
204000045,28,4,24
204000046,4,2,2
204000057,2,3,-1
204000062,32,72,-40
204000068,24,231,-207
204000069,58,253,-195
204000070,75,58,17
204000080,45,65,-20
204000085,1988,1286,702
204000086,2205,1571,634
204000087,36,12,24
204000088,9,73,-64
204000090,75,217,-142
204000093,226,52,174
204000096,649,1122,-473
204000097,284,24,260
204000099,879,1259,-380
204000100,1220,1787,-567
204000105,2128,1222,906
204000110,512,873,-361
204000111,456,511,-55
204000112,854,653,201
204000113,465,640,-175
204000114,551,541,10
204000115,430,289,141
204000116,870,575,295
204000119,1644,2477,-833
204000132,661,266,395
204000133,761,194,567
204000134,198,85,113
204000135,590,64,526
204000136,708,152,556
204000138,418,453,-35
204000140,244,147,97
204000141,161,54,107
204000144,9,24,-15
204000145,403,26,377
204000146,19,263,-244
204000147,36,144,-108
204000148,263,19,244
204000154,3,0,3
204000155,4,2,2
204000177,66,51,15
204000179,29,3,26
204000180,1,36,-35
204000222,0,5,-5
204000235,14,12,2
204000236,51,242,-191
204000238,10,19,-9
204000240,272,45,227
204000263,679,917,-238
204000268,1009,588,421
204000308,105,22,83
204000317,13,50,-37
204000322,4,14,-10
204000323,6,4,2
204000328,169,52,117
204000329,73,137,-64
204000330,137,95,42
204000331,101,121,-20
205000001,840,1485,-645
205000013,4,62,-58
205000014,16,82,-66
205000015,17,157,-140
205000016,14,138,-124
205000017,19,93,-74
205000022,304,784,-480
205000025,1261,1142,119
205000029,153,10,143
205000045,93,378,-285
205000046,123,585,-462
205000047,55,387,-332
205000048,320,1021,-701
205000049,176,790,-614
205000050,665,275,390
205000059,1,162,-161
205000060,0,76,-76
205000061,4,68,-64
205000062,1,58,-57
205000063,20,108,-88
205000064,9,61,-52
205000065,48,437,-389
205000066,106,600,-494
205000067,31,695,-664
205000069,172,21,151
205000082,189,116,73
205000110,83,253,-170
205000111,196,225,-29
205000112,174,167,7
205000113,205,321,-116
205000121,238,65,173
205000123,33,162,-129
205000126,435,79,356
205000127,728,166,562
205000128,403,71,332
205000129,610,74,536
205000130,241,21,220
205000131,164,13,151
205000132,187,5,182
205000133,120,0,120
205000134,259,0,259
205000137,59,127,-68
205000138,132,281,-149
205000139,19,96,-77
205000144,75,74,1
205000145,254,152,102
205000151,143,27,116
205000152,140,22,118
205000153,198,20,178
205000154,69,38,31
205000155,89,5,84
205000207,5,130,-125
205000233,9,1,8
205000234,0,0,0
205000243,0,0,0
205000244,0,6,-6
205000245,15,123,-108
205000249,0,20,-20
205000250,4,4,0
205000264,4,62,-58
206000027,1,2,-1
206000028,4,0,4
206000043,9,41,-32
206000053,2,5,-3
206000054,4,8,-4
206000055,2,7,-5
206000075,5,21,-16
206000076,10,15,-5
206000077,13,10,3
206000078,22,10,12
206000079,10,7,3
206000082,246,39,207
206000100,29,239,-210
206000103,6,4,2
206000104,12,10,2
206000105,2,4,-2
206000106,4,20,-16
206000125,33,0,33
206000157,30,323,-293
206000170,0,82,-82
206000171,3,127,-124
206000172,6,168,-162
206000173,4,125,-121
206000174,4,42,-38
206000175,1,68,-67
206000176,12,112,-100
206000177,1,110,-109
206000178,0,122,-122
206000179,8,66,-58
206000180,4,82,-78
206000181,8,69,-61
206000182,11,89,-78
206000183,10,302,-292
206000184,9,207,-198
206000185,9,100,-91
206000186,79,517,-438
206000223,3,142,-139
206000226,8,0,8
206000227,11,1,10
206000237,14,186,-172
206000238,17,338,-321
206000239,167,1104,-937
206000240,1,54,-53
206000241,0,51,-51
206000242,5,123,-118
206000243,14,110,-96
206000244,42,342,-300
206000245,466,59,407
206000246,157,16,141
206000247,148,8,140
206000248,243,21,222
206000252,57,38,19
206000258,22,29,-7
206000315,17,3,14
206000317,348,67,281
206000318,367,40,327
206000319,786,75,711
206000320,107,22,85
206000321,106,5,101
206000322,296,12,284
206000323,137,7,130
206000324,77,4,73
206000325,122,10,112
206000326,108,2,106
206000327,147,8,139
206000328,109,2,107
206000329,161,7,154
206000330,46,5,41
206000331,97,2,95
206000332,36,2,34
206000333,383,4,379
206000334,177,1,176
206000335,0,17,-17
206000361,5,119,-114
206000392,2,13,-11
206000405,63,1,62
206000441,11,9,2
206000498,29,5,24
206000515,56,16,40
206000530,159,42,117
206000531,124,163,-39
206000532,1107,213,894
206000535,173,1125,-952
206000536,24,116,-92
206000537,12,94,-82
206000613,906,170,736
206000784,401,23,378
207000001,164,484,-320
207000002,105,309,-204
207000003,137,115,22
207000007,778,220,558
207000008,86,5,81
207000009,48,47,1
207000010,348,318,30
207000012,283,182,101
207000015,214,932,-718
207000019,239,67,172
207000021,472,128,344
207000022,134,109,25
207000023,159,41,118
207000024,8,7,1
207000025,17,51,-34
207000026,71,50,21
207000027,14,51,-37
207000028,71,152,-81
207000029,167,315,-148
207000033,195,382,-187
207000034,218,81,137
207000039,297,129,168
207000040,310,60,250
207000041,94,14,80
207000042,149,62,87
207000043,142,137,5
207000051,86,150,-64
207000052,24,95,-71
207000053,349,459,-110
207000054,65,85,-20
207000055,202,83,119
207000056,269,231,38
207000057,139,214,-75
207000058,168,223,-55
207000059,108,323,-215
207000060,52,158,-106
207000061,190,343,-153
207000062,343,32,311
207000063,289,84,205
207000064,299,98,201
207000065,286,183,103
207000066,178,145,33
207000067,33,79,-46
207000068,120,50,70
207000069,559,321,238
207000082,11,181,-170
207000083,67,236,-169
207000084,245,247,-2
207000085,160,21,139
207000086,200,4,196
207000106,32,16,16
207000107,56,11,45
207000108,46,11,35
207000109,50,13,37
207000110,38,73,-35
207000111,83,74,9
207000112,111,544,-433
207000114,29,27,2
207000115,15,47,-32
207000116,30,226,-196
207000117,12,61,-49
207000118,4,69,-65
207000119,31,62,-31
207000123,140,17,123
207000124,56,23,33
207000125,49,42,7
207000126,57,59,-2
207000134,75,124,-49
207000135,15,164,-149
207000148,57,241,-184
207000149,48,23,25
207000152,106,314,-208
207000153,761,1014,-253
207000154,369,150,219
207000159,83,124,-41
207000160,123,329,-206
207000238,1,200,-199
207000242,4,111,-107
207000248,36,20,16
207000249,118,19,99
207000250,449,59,390
207000251,64,73,-9
207000252,87,65,22
207000278,49,58,-9
207000279,35,91,-56
207000280,462,62,400
207000281,99,648,-549
207000282,115,86,29
207000283,110,159,-49
207000284,52,156,-104
207000285,93,59,34
207000291,14,61,-47
207000304,81,53,28
207000306,67,278,-211
207000310,40,51,-11
207000353,263,1,262
207000356,7,14,-7
207000357,13,11,2
207000358,3,20,-17
207000415,3,102,-99
207000417,32,5,27
207000418,79,138,-59
207000438,0,0,0
207000439,772,548,224
207000446,140,4,136
207000460,22,10,12
207000466,120,108,12
207000467,168,87,81
207000468,44,226,-182
207000476,7,55,-48
207000477,515,65,450
207000478,1,20,-19
207000523,0,7,-7
207000524,63,2,61
207000527,105,132,-27
207000530,349,14,335
207000531,250,11,239
207000532,42,16,26
207000534,326,54,272
207000535,53,183,-130
207000537,7,65,-58
207000540,8,127,-119
207000541,1,214,-213
207000548,7,207,-200
207000549,283,13,270
207000561,134,100,34
207000562,37,132,-95
207000567,130,177,-47
207000568,218,73,145
207000569,333,424,-91
207000584,242,91,151
207000585,40,258,-218
207000587,136,22,114
207000616,0,86,-86
207000617,70,0,70
207000624,75,34,41
207000631,8,53,-45
207900008,240,102,138
208000001,514,905,-391
208000002,636,450,186
208000003,1221,364,857
208000004,1066,527,539
208000005,9,15,-6
208000019,450,774,-324
208000020,135,472,-337
208000021,267,241,26
208000022,990,292,698
208000028,933,755,178
208000033,470,356,114
208000034,928,836,92
208000037,174,8,166
208000040,113,102,11
208000041,737,400,337
208000042,966,479,487
208000047,146,202,-56
208000064,1898,1321,577
208000066,1362,2098,-736
208000070,294,272,22
208000071,289,658,-369
208000072,304,1008,-704
208000080,270,255,15
208000081,340,106,234
208000082,259,233,26
208000083,110,349,-239
208000084,16,15,1
208000085,787,557,230
208000086,363,910,-547
208000087,269,654,-385
208000089,980,283,697
208000090,930,486,444
208000093,168,152,16
208000094,469,283,186
208000095,503,364,139
208000104,577,794,-217
208000105,516,944,-428
208000114,94,286,-192
208000115,423,263,160
208000116,398,805,-407
208000117,72,155,-83
208000118,132,110,22
208000155,517,995,-478
208000158,1090,3063,-1973
208000186,2977,3732,-755
208000204,570,818,-248
208000205,1073,744,329
208000282,4885,2688,2197
209000004,227,129,98
209000005,27,30,-3
209000006,364,170,194
209000007,212,273,-61
209000010,307,91,216
209000011,119,223,-104
209000012,92,101,-9
209000013,191,204,-13
209000014,445,597,-152
209000025,267,52,215
209000026,576,156,420
209000027,457,567,-110
209000028,315,468,-153
209000029,513,444,69
209000030,393,843,-450
209000031,1964,1401,563
209000034,129,193,-64
209000035,146,167,-21
209000036,174,108,66
209000037,270,225,45
209000038,76,196,-120
209000039,43,131,-88
209000040,173,409,-236
209000041,151,360,-209
209000042,241,282,-41
209000043,512,742,-230
209000044,189,642,-453
209000045,1216,332,884
209000046,429,356,73
209000047,382,145,237
209000048,553,196,357
209000049,70,67,3
209000050,243,103,140
209000051,246,228,18
209000052,151,220,-69
209000062,40,79,-39
209000063,49,43,6
209000064,29,40,-11
209000065,65,34,31
209000066,63,31,32
209000067,107,41,66
209000080,22,195,-173
209000082,65,37,28
209000091,37,67,-30
209000093,58,15,43
209000094,139,132,7
209000110,29,101,-72
209000111,286,983,-697
209000112,654,456,198
209000113,1021,420,601
209000114,491,387,104
209000115,51,80,-29
209000116,457,293,164
209000118,10,38,-28
209000119,20,18,2
209000121,103,374,-271
209000135,50,155,-105
209000142,529,1058,-529
209000143,55,37,18
209000144,66,97,-31
209000229,241,136,105
209000240,18,218,-200
209000259,89,65,24
209000260,27,588,-561
209000261,4,300,-296
209000262,2,303,-301
209000263,0,156,-156
209000264,0,63,-63
209000265,366,16,350
209000266,73,5,68
209000267,730,9,721
209000268,463,48,415
210000037,61,17,44
210000047,77,16,61
210000048,94,18,76
210000049,47,16,31
210000052,47,42,5
210000053,45,51,-6
210000054,79,75,4
210000070,85,1,84
210000071,78,0,78
210000072,15,0,15
210000073,0,19,-19
210000074,0,81,-81
210000075,0,82,-82
210000076,5,157,-152
210000077,15,47,-32
210000078,46,34,12
210000079,24,17,7
210000080,77,46,31
210000081,171,15,156
210000082,139,2,137
210000083,43,1,42
210000084,26,0,26
210000085,0,44,-44
210000086,1,72,-71
210000099,24,245,-221
210000100,51,143,-92
210000101,70,132,-62
210000105,34,197,-163
210000159,1,167,-166
210000163,133,231,-98
210000164,252,163,89
210000168,151,43,108
210000187,0,11,-11
210000188,0,14,-14
210000214,19,0,19
210000219,37,51,-14
210000220,67,39,28
210000232,2,17,-15
210000233,20,58,-38
210000234,9,117,-108
210000235,53,60,-7
210000245,0,50,-50
210000246,77,33,44
210000258,7,85,-78
210000259,288,39,249
210000282,82,202,-120
210000285,1,106,-105
210000286,9,112,-103
210000290,2,8,-6
210000295,44,115,-71
210000296,35,27,8
210000320,134,61,73
210000321,103,52,51
210000338,97,61,36
210000339,275,861,-586
210000340,100,283,-183
210000341,167,202,-35
210000342,149,136,13
210000343,140,133,7
210000344,164,93,71
210000345,117,135,-18
210000346,40,80,-40
210000347,71,23,48
210000348,93,11,82
210000349,37,20,17
210000350,107,53,54
210000351,105,91,14
210000352,60,65,-5
210000353,45,74,-29
210000354,73,75,-2
210000355,66,109,-43
210000356,72,57,15
210000357,83,37,46
210000358,166,96,70
210000359,78,92,-14
210000360,155,100,55
210000361,159,125,34
210000362,250,172,78
210000363,704,244,460
210000364,110,93,17
210000365,121,71,50
210000366,87,65,22
210000367,81,24,57
210000368,138,20,118
210000369,15,19,-4
210000370,26,21,5
210000372,30,33,-3
210000373,35,25,10
210000374,57,27,30
210000375,34,67,-33
210000376,73,125,-52
210000404,46,98,-52
210000439,17,23,-6
210000472,79,5,74
210000482,59,93,-34
210000564,286,212,74
210000567,0,19,-19
210000568,375,5,370
211000092,15,42,-27
211000094,31,5,26
211000169,160,10,150
211000172,11,192,-181
211000209,3,11,-8
211000226,2,35,-33
211000270,15,16,-1
211000275,14,12,2
211000276,39,15,24
211000279,10,22,-12
211000281,28,25,3
211000302,21,78,-57
211507980,2,28,-26
211977296,27,0,27
212000003,102,41,61
212000004,24,37,-13
212000005,28,24,4
212000006,35,53,-18
212000008,193,142,51
212000009,19,84,-65
212000012,68,60,8
212000013,21,43,-22
212000014,207,145,62
212000015,319,259,60
212000016,391,511,-120
212000027,508,476,32
212000028,342,367,-25
212000029,208,226,-18
212000030,55,23,32
212000031,78,42,36
212000048,33,133,-100
212000049,18,77,-59
212000050,13,11,2
212000051,184,148,36
212000052,192,204,-12
212000053,477,418,59
212000054,222,115,107
212000055,217,197,20
212000056,20,37,-17
212000057,11,23,-12
212000058,239,32,207
212000070,137,145,-8
212000077,121,472,-351
212000099,166,309,-143
212000108,165,139,26
212000111,174,140,34
212000120,131,85,46
212000138,101,25,76
212000156,6,51,-45
212000158,18,11,7
212000159,419,60,359
212000160,613,317,296
212000161,74,11,63
212000310,28,19,9
212000311,18,74,-56
212000374,40,13,27
213000001,23,265,-242
213000005,249,129,120
213000006,733,253,480
213000007,151,11,140
213000009,727,454,273
213000010,148,256,-108
213000011,179,106,73
213000012,98,214,-116
213000014,109,17,92
213000015,192,6,186
213000016,301,2,299
213000017,108,0,108
213000018,4,123,-119
213000019,2,116,-114
213000020,102,247,-145
213000021,2,90,-88
213000023,216,129,87
213000033,212,1414,-1202
213000034,585,187,398
213000035,109,172,-63
213000045,145,270,-125
213000046,172,155,17
213000047,579,1158,-579
213000056,69,35,34
213000069,83,5,78
213000073,0,23,-23
213000074,47,271,-224
213000075,417,9,408
213000076,43,3,40
213000085,5,32,-27
213000086,16,113,-97
213000091,149,11,138
213000092,71,19,52
213000099,158,909,-751
213000100,1020,226,794
213000101,271,102,169
213000102,365,182,183
213000103,638,626,12
213000104,41,259,-218
213000105,2,159,-157
213000106,45,86,-41
213000107,138,417,-279
213000108,29,269,-240
213000109,4,203,-199
213000110,19,59,-40
213000111,7,44,-37
213000112,141,87,54
213000115,71,2,69
213000116,35,275,-240
213000117,10,496,-486
213000118,253,184,69
213000119,20,423,-403
213000120,137,325,-188
213000122,67,387,-320
213000123,280,913,-633
213000124,113,899,-786
213000125,75,26,49
213000126,52,74,-22
213000127,101,162,-61
213000128,307,804,-497
213000129,246,409,-163
213000130,450,220,230
213000132,257,91,166
213000133,424,53,371
213000134,514,19,495
213000136,319,26,293
213000137,503,71,432
213000139,340,25,315
213000147,58,13,45
213000148,17,7,10
213000149,32,14,18
213000150,0,85,-85
213000151,3,71,-68
213000152,4,76,-72
213000153,3,66,-63
213000154,32,146,-114
213000155,17,137,-120
213000156,86,325,-239
213000157,361,257,104
213000158,198,569,-371
213000159,280,424,-144
213000163,671,67,604
213000165,612,207,405
213000171,53,79,-26
213000172,29,204,-175
213000173,7,117,-110
213000174,0,35,-35
213000175,33,16,17
213000176,12,107,-95
213000177,1,14,-13
213000178,49,4,45
213000179,154,31,123
213000180,161,54,107
213000184,66,321,-255
213000188,248,119,129
213000189,239,50,189
213000190,657,580,77
213000191,207,302,-95
213000192,146,272,-126
213000193,634,206,428
213000194,1,67,-66
213000195,7,279,-272
213000196,194,895,-701
213000197,279,408,-129
213000198,36,4,32
213000200,101,593,-492
213000201,62,39,23
213000202,8,377,-369
213000203,2626,534,2092
213000204,517,67,450
213000205,152,76,76
213000206,326,52,274
213000207,99,11,88
213000208,111,0,111
213000209,152,1,151
213000210,292,0,292
213000211,11,15,-4
213000212,23,10,13
213000213,8,37,-29
213000218,187,340,-153
213000219,340,14,326
213000220,301,11,290
213000223,136,167,-31
213000224,30,47,-17
213000225,67,8,59
213000226,52,14,38
213000227,653,190,463
213000228,284,78,206
213000229,221,34,187
213000230,448,21,427
213000232,53,814,-761
213000233,10,84,-74
213000234,5,36,-31
213000293,27,46,-19
213000294,113,20,93
213000295,11,58,-47
213000296,40,15,25
213000297,6,54,-48
213000298,18,43,-25
213000299,47,37,10
213000300,29,5,24
213000303,4,20,-16
213000304,1,9,-8
213000305,11,17,-6
213000306,38,24,14
213000307,155,47,108
213000308,89,133,-44
213000309,124,34,90
213000310,292,149,143
213000311,225,594,-369
213000315,70,92,-22
213000316,143,50,93
213000322,24,13,11
213000323,14,23,-9
213000340,121,396,-275
213000341,366,71,295
213000346,163,154,9
213000347,583,304,279
213000348,8,79,-71
213000349,17,5,12
213000350,255,706,-451
213000366,61,186,-125
213000367,224,26,198
213000379,45,44,1
213000386,8,255,-247
213000406,57,261,-204
213000417,842,372,470
213000425,107,33,74
213000426,91,39,52
213000427,18,148,-130
213000428,33,155,-122
213000429,22,1,21
213000430,54,343,-289
213000431,87,2,85
213000432,3,139,-136
213000433,12,97,-85
213000434,73,56,17
213000435,113,81,32
213000439,27,16,11
213000441,0,1,-1
213000443,359,321,38
213000445,0,48,-48
213000446,3,191,-188
213000447,0,49,-49
213000448,5,125,-120
213000449,249,0,249
213000450,13,27,-14
213000451,182,55,127
213000452,13,8,5
213000453,29,193,-164
213000455,327,9,318
213000456,1,180,-179
213000481,16,5,11
213000482,41,6,35
213000489,200,49,151
213000491,2,136,-134
213000492,176,5,171
213000493,0,83,-83
213000494,119,90,29
213000495,0,60,-60
213000496,224,82,142
213000497,29,165,-136
213000498,96,122,-26
213000499,138,270,-132
213000500,304,41,263
213000501,90,13,77
213000502,142,63,79
213000503,0,54,-54
213000504,6,55,-49
213000505,10,12,-2
213000506,0,7,-7
213000507,1,78,-77
213900244,20,0,20
213900245,0,21,-21
218000003,14,24,-10
218000004,19,32,-13
218000005,43,27,16
218000006,41,15,26
218000007,4,12,-8
218000012,164,112,52
218000013,102,89,13
218000014,328,344,-16
218000019,663,457,206
218000020,245,312,-67
218000040,4,0,4
218000046,30,97,-67
218000047,10,140,-130
218000048,24,119,-95
218000049,96,102,-6
218000050,251,195,56
218000051,34,197,-163
218000052,0,93,-93
218000053,6,14,-8
218000054,7,22,-15
218000055,4,18,-14
218000056,5,28,-23
218000057,0,21,-21
218000064,1,8,-7
218000065,64,31,33
218000066,11,24,-13
218000067,39,71,-32
218000068,77,73,4
218000069,186,124,62
218000070,196,213,-17
218000071,199,203,-4
218000072,196,132,64
218000078,740,596,144
218000079,94,70,24
218000080,105,42,63
218000081,311,165,146
218000082,50,74,-24
218000083,45,37,8
218000084,102,77,25
218000085,139,217,-78
218000086,56,96,-40
218000087,174,141,33
218000090,13,91,-78
218000091,862,402,460
218000092,69,143,-74
218000093,68,52,16
218000094,375,578,-203
218000099,219,496,-277
218000100,233,196,37
218000101,243,138,105
218000102,388,151,237
218000103,78,74,4
218000104,87,24,63
218000105,20,21,-1
218000106,8,4,4
218000107,49,41,8
218000108,3,26,-23
218000112,42,23,19
218000117,55,39,16
218000134,427,383,44
218000135,17,69,-52
218000136,173,69,104
218000137,169,132,37
218000138,28,83,-55
218000139,157,244,-87
218000140,337,203,134
218000141,88,43,45
218000142,167,131,36
218000143,70,194,-124
218000144,63,80,-17
218000145,270,184,86
218000146,55,135,-80
218000151,10,14,-4
218000152,81,31,50
218000170,5,20,-15
218000171,16,3,13
218000172,18,9,9
218000173,29,12,17
218000174,17,3,14
218000176,122,27,95
218000177,211,132,79
218000178,42,130,-88
218000179,93,43,50
218000180,42,15,27
218000181,126,19,107
218000187,21,20,1
218000188,28,36,-8
218000189,25,62,-37
218000190,2,11,-9
218000191,145,53,92
218000192,154,141,13
218000193,251,248,3
218000194,73,203,-130
218000195,79,39,40
218000196,193,207,-14
218000197,202,216,-14
218000198,22,88,-66
218000199,42,23,19
218000200,62,24,38
218000201,13,8,5
218000202,62,184,-122
218000207,6,11,-5
218000208,31,32,-1
218000211,49,12,37
218000213,55,54,1
218000214,6,15,-9
218000215,28,41,-13
218000217,3,72,-69
218000218,114,36,78
218000219,23,19,4
218000220,92,251,-159
218000221,379,161,218
218000222,6,13,-7
218000223,16,178,-162
218000224,11,66,-55
218000225,91,10,81
218000226,73,34,39
218000232,49,49,0
218000239,158,11,147
218000240,45,4,41
218000241,49,3,46
218000242,76,5,71
218000243,66,1,65
218000244,68,7,61
218000245,19,0,19
218000246,9,0,9
218000247,0,0,0
218000248,0,17,-17
218000249,0,4,-4
218000250,2,10,-8
218000251,8,13,-5
218000252,1,19,-18
218000253,5,39,-34
218000254,1,10,-9
218000255,4,21,-17
218000256,3,43,-40
218000267,426,812,-386
218000268,13,41,-28
218000269,5,18,-13
218000270,102,70,32
218000271,18,44,-26
218000273,19,2,17
218000274,13,10,3
218000275,14,42,-28
218000276,13,47,-34
218000278,19,34,-15
218000279,97,43,54
218000280,3,35,-32
218000281,19,19,0
218000282,438,345,93
218000284,69,10,59
218000301,91,125,-34
218000302,93,25,68
218000303,45,41,4
218000316,555,727,-172
218000317,804,806,-2
218000318,514,607,-93
218000319,932,695,237
218000320,611,420,191
218000338,51,22,29
218000345,64,56,8
218000346,67,131,-64
218000459,20,161,-141
218000490,38,29,9
218000501,83,33,50
218000502,25,92,-67
218000503,94,15,79
218000504,160,25,135
218000505,62,161,-99
218000506,34,290,-256
218000508,2,2,0
218000510,173,7,166
218000520,73,70,3
218000521,20,46,-26
218000522,1,104,-103
218000523,160,4,156
218000524,40,150,-110
218000525,102,13,89
218000526,29,109,-80
218000529,30,136,-106
218000531,8,16,-8
218000532,27,15,12
218000534,72,14,58
218000537,32,59,-27
218000538,107,191,-84
218000540,219,50,169
218000543,118,45,73
218000544,35,77,-42
218000545,42,56,-14
218000546,49,47,2
218000547,59,96,-37
218000548,102,117,-15
218000549,296,316,-20
218000550,123,215,-92
218000551,102,930,-828
218000552,297,40,257
218000553,67,92,-25
218000554,31,17,14
218000555,19,53,-34
218000556,177,164,13
218000557,225,187,38
218000558,37,0,37
218000559,1,31,-30
218000560,0,24,-24
218000561,17,0,17
218000562,28,140,-112
218000563,155,12,143
218000564,11,86,-75
218000565,171,25,146
218000566,259,13,246
218000567,1,67,-66
218000568,6,2,4
218000569,11,84,-73
218000570,142,5,137
218000571,5,124,-119
218000572,119,4,115
218000573,10,115,-105
218000574,131,28,103
218000575,104,0,104
218000576,1,48,-47
218000577,77,0,77
218000578,0,61,-61
218000579,28,10,18
218000581,6,46,-40
218000582,24,5,19
218000583,1,2,-1
218000584,1,16,-15
218000585,47,4,43
218000586,4,34,-30
218000587,5,0,5
218000588,2,2,0
218000589,3,1,2
218000590,8,0,8
218000591,7,5,2
218000592,3,3,0
218000593,17,5,12
218000594,16,4,12
218000597,7,4,3
218000598,0,0,0
218000599,10,0,10
218000600,3,0,3
218000601,0,0,0
218000602,0,9,-9
218000603,0,6,-6
218000604,22,1,21
218000605,0,75,-75
218000606,119,2,117
218000607,14,28,-14
218000608,59,10,49
218000609,8,25,-17
218000610,53,2,51
218000611,13,1,12
218000612,0,12,-12
218000613,16,1,15
218000614,0,45,-45
218000615,106,1,105
218000616,6,65,-59
218000617,18,0,18
218000618,0,19,-19
218000619,1,36,-35
218000620,1,5,-4
218000621,0,1,-1
218000622,0,3,-3
218000623,226,0,226
218000624,0,5,-5
218000625,19,4,15
218000626,1,14,-13
218000628,113,37,76
218000631,46,25,21
218000632,1,95,-94
218000633,79,0,79
218000634,8,15,-7
218000635,23,9,14
218000636,596,748,-152
218000637,714,386,328
218000638,130,32,98
218000639,12,159,-147
218000640,200,21,179
218000641,63,162,-99
218000652,26,30,-4
218000653,107,26,81
218000663,22,175,-153
218000675,68,28,40
218000680,182,331,-149
218000681,387,118,269
218000691,132,161,-29
218000693,167,139,28
218000718,408,1017,-609
218000719,726,480,246
218000720,14,165,-151
218000721,158,7,151
218001147,2,189,-187
218001214,11,46,-35
218001258,254,9,245
218001329,135,115,20
218001330,120,96,24
218001351,23,17,6
218001352,5,11,-6
218001353,8,16,-8
218001354,5,19,-14
218001355,37,189,-152
218001356,239,40,199
218001357,55,121,-66
218001358,222,32,190
218001361,340,10,330
218001362,0,201,-201
219000001,38,21,17
219000002,67,34,33
219000003,38,23,15
219000004,48,53,-5
219000017,118,38,80
219000020,126,75,51
219000022,134,3,131
219000023,112,4,108
219000029,0,54,-54
219000034,35,19,16
219000039,59,102,-43
219000040,47,53,-6
219000041,81,21,60
219000051,1,28,-27
219000052,0,17,-17
219000053,0,86,-86
219000055,175,0,175
219000056,9,0,9
219000057,59,1,58
219000062,18,73,-55
219000063,40,2,38
219000064,0,56,-56
219000110,456,78,378
219000111,107,42,65
219000112,121,58,63
219000113,142,63,79
219000114,179,104,75
219000116,102,35,67
219000117,142,32,110
219000118,200,69,131
219000123,208,72,136
219000124,58,43,15
219000125,10,12,-2
219000126,84,111,-27
219000127,1,1,0
219000128,10,112,-102
219000129,16,83,-67
219000130,371,405,-34
219000131,486,747,-261
219000133,39,61,-22
219000134,13,23,-10
219000135,41,49,-8
219000136,92,199,-107
219000138,44,10,34
219000139,22,45,-23
219000140,40,0,40
219000141,10,75,-65
219000142,14,67,-53
219000143,19,69,-50
219000145,25,44,-19
219000146,3,17,-14
219000147,1,26,-25
219000148,5,16,-11
219000149,9,42,-33
219000150,2,56,-54
219000151,0,20,-20
219000157,175,132,43
219000158,175,163,12
219000161,83,14,69
219000163,996,422,574
219000166,85,161,-76
219000167,108,148,-40
219000168,187,119,68
219000174,354,95,259
219000175,51,4,47
219000176,69,12,57
219000177,32,1,31
219000178,32,1,31
219000179,5,7,-2
219000180,20,36,-16
219000182,187,12,175
219000183,98,25,73
219000184,131,7,124
219000185,0,33,-33
219000186,69,15,54
219000187,31,52,-21
219000189,80,154,-74
219000190,57,145,-88
219000191,780,1015,-235
219000192,167,112,55
219000193,193,116,77
219000195,2,53,-51
219000196,4,103,-99
219000198,11,101,-90
219000199,67,172,-105
219000200,46,128,-82
219000201,80,157,-77
219000203,31,106,-75
219000204,104,226,-122
219000205,39,102,-63
219000207,158,153,5
219000209,20,67,-47
219000210,44,84,-40
219000213,9,99,-90
219000239,169,193,-24
219000240,181,246,-65
219000241,107,124,-17
219000242,69,100,-31
219000243,78,156,-78
219000244,10,64,-54
219000245,59,51,8
219000246,34,23,11
219000247,114,45,69
219000248,415,313,102
219000249,90,84,6
219000250,90,75,15
219000251,405,167,238
219000252,169,142,27
219000253,395,124,271
219000255,137,115,22
219000256,192,73,119
219000257,73,0,73
219000262,81,155,-74
219000263,64,113,-49
219000267,2,57,-55
219000268,3,4,-1
219000269,8,6,2
219000270,11,0,11
219000271,94,2,92
219000278,3,4,-1
219000279,4,4,0
219000283,0,9,-9
219000295,12,68,-56
219000296,67,271,-204
219000297,13,103,-90
219000298,10,83,-73
219000299,342,57,285
219000300,19,121,-102
219000301,208,261,-53
219000302,39,197,-158
219000307,23,29,-6
219000308,32,44,-12
219000311,177,52,125
219000312,553,130,423
219000313,262,45,217
219000314,50,312,-262
219000315,250,39,211
219000316,431,46,385
219000317,108,11,97
219000320,1,43,-42
219000321,0,14,-14
219000323,3,44,-41
219000325,4,11,-7
219000326,69,55,14
219000327,48,19,29
219000328,18,33,-15
219000329,216,106,110
219000330,37,27,10
219000331,51,72,-21
219000332,102,83,19
219000333,12,1,11
219000335,65,6,59
219000337,15,0,15
219000338,34,2,32
219000344,25,53,-28
219000345,41,78,-37
219000346,34,88,-54
219000348,127,79,48
219000349,50,98,-48
219000350,88,249,-161
219000351,9,3,6
219000352,267,79,188
219000353,81,60,21
219000354,136,77,59
219000355,146,70,76
219000356,877,1285,-408
219000363,179,56,123
219000364,99,44,55
219000365,118,12,106
219000366,186,281,-95
219000368,298,505,-207
219000370,897,496,401
219000371,36,28,8
219000382,5,35,-30
219000383,517,875,-358
219000385,297,410,-113
219000386,602,1071,-469
219000387,2,6,-4
219000390,8,4,4
219000391,2,1,1
219000397,56,57,-1
219000398,42,37,5
219000401,13,84,-71
219000402,25,71,-46
219000403,148,303,-155
219000404,32,131,-99
219000407,3,37,-34
219000409,40,58,-18
219000410,55,41,14
219000411,71,14,57
219000446,97,281,-184
219000447,0,19,-19
219000448,20,2,18
219000452,97,88,9
219000453,88,128,-40
219000454,136,230,-94
219000556,155,62,93
219000558,146,140,6
219000590,34,93,-59
219000591,65,69,-4
219000592,94,274,-180
219000595,2,14,-12
219000635,151,33,118
219000636,22,72,-50
219000657,23,15,8
219000658,22,95,-73
219000673,0,22,-22
219000676,15,4,11
219000679,21,2,19
219000684,78,1,77
219000685,1,35,-34
219000686,1,8,-7
219000688,0,50,-50
219000689,14,200,-186
219000690,140,25,115
219000691,31,129,-98
219000692,128,43,85
219000693,0,18,-18
219000694,7,0,7
219000695,12,3,9
219000698,8,0,8
219000699,0,9,-9
219000727,1,76,-75
219000728,118,1,117
219000770,33,0,33
219000771,1,28,-27
219000788,343,276,67
219001150,0,17,-17
219001151,0,4,-4
219001166,49,24,25
219001167,1,53,-52
219001178,32,0,32
220000001,50,68,-18
220000002,17,71,-54
220000003,320,198,122
220000004,370,362,8
220000005,1045,1077,-32
220000006,176,649,-473
220000007,348,357,-9
220000008,273,628,-355
220000009,227,295,-68
220000010,209,75,134
220000011,347,2024,-1677
220000012,120,165,-45
220000014,83,53,30
220000015,55,187,-132
220000017,68,141,-73
220000018,2537,862,1675
220000019,78,225,-147
220000020,366,198,168
220000021,624,168,456
220000022,585,379,206
220000023,301,159,142
220000024,1318,433,885
220000025,455,807,-352
220000026,212,242,-30
220000027,29,86,-57
220000028,36,34,2
220000029,56,69,-13
220000030,65,80,-15
220000031,304,293,11
220000064,14,637,-623
221000046,4,0,4
221000047,0,3,-3
221000048,0,1,-1
221000049,0,12,-12
221000050,18,0,18
221000055,16,38,-22
221000068,259,129,130
221000069,254,56,198
221000070,170,23,147
221000071,76,9,67
221000072,186,9,177
221000073,103,33,70
221000074,1,9,-8
221000075,16,24,-8
221000076,8,18,-10
221000077,11,45,-34
221000081,88,26,62
221000082,53,5,48
221000083,44,2,42
221000084,7,1,6
221000085,11,29,-18
221000086,19,83,-64
221000087,1,117,-116
221000088,15,131,-116
221000089,29,186,-157
221000090,132,401,-269
221000098,86,11,75
221000099,118,12,106
221000100,107,5,102
221000101,180,16,164
221000107,27,4,23
221000108,46,2,44
221000109,1,32,-31
221000110,0,34,-34
221000111,24,258,-234
221000112,7,127,-120
221000113,9,120,-111
221000114,4,122,-118
221000120,18,16,2
221000121,2,28,-26
221000122,27,37,-10
221000123,14,18,-4
221000124,26,105,-79
221000155,61,12,49
221000156,75,24,51
221000175,1,3,-2
221000176,0,7,-7
221000182,58,4,54
221000241,560,225,335
221000242,92,376,-284
221000243,453,152,301
221000244,177,404,-227
221000245,98,111,-13
221000246,54,232,-178
221000247,99,122,-23
221000248,107,146,-39
221000267,35,433,-398
221000325,95,25,70
221000331,8,40,-32
221000338,6,19,-13
221000378,107,20,87
221000381,54,40,14
222000282,2,4,-2
222000296,2,7,-5
222000568,205,18,187
222000569,125,42,83
222000570,91,16,75
222000571,187,6,181
222000577,5,115,-110
222000578,31,103,-72
222000579,31,103,-72
222000580,71,536,-465
222000599,0,74,-74
222000600,3,148,-145
222000601,14,540,-526
222000603,11,43,-32
222000604,2,23,-21
222000605,17,16,1
222000606,1,5,-4
222000607,1,3,-2
222000608,17,6,11
222000609,38,133,-95
222000616,227,35,192
222000617,10,13,-3
222000618,15,4,11
222000620,25,8,17
222000621,36,10,26
222000623,355,5,350
222000624,265,1,264
222000625,460,36,424
222000636,53,2,51
222000686,17,15,2
222000687,31,22,9
222001066,136,1,135
222001067,13,1,12
222001068,21,13,8
222001069,29,17,12
222001082,15,26,-11
222001083,17,28,-11
222001084,0,21,-21
222001085,2,70,-68
222001111,19,116,-97
222001112,60,17,43
222001313,67,7,60
222001314,2,83,-81
222001464,115,48,67
222001465,32,94,-62
222001484,85,40,45
222001485,14,35,-21
222001494,292,125,167
222001495,60,154,-94
222001496,260,79,181
222001497,95,282,-187
222001502,33,84,-51
222001503,79,35,44
222001504,12,215,-203
222001505,254,6,248
222001506,39,316,-277
222001507,237,23,214
222001510,266,20,246
222001511,44,213,-169
222001514,367,121,246
222001515,179,314,-135
222001518,187,57,130
222001519,42,129,-87
222001527,129,35,94
222001528,33,104,-71
222001529,155,37,118
222001530,65,113,-48
222001533,120,202,-82
222001534,175,68,107
222001535,182,245,-63
222001536,68,195,-127
222001537,214,35,179
222001538,53,299,-246
222001563,523,88,435
222001564,66,351,-285
222001568,310,83,227
222001576,2,2,0
222001579,1,4,-3
222001583,10,95,-85
222001584,66,33,33
222001596,442,776,-334
222001597,1271,289,982
222001626,1,81,-80
222001650,36,79,-43
222001651,58,117,-59
222001914,140,49,91
222001915,29,125,-96
222001968,401,238,163
222001969,308,454,-146
222001970,153,159,-6
222001971,12,4,8
222001972,1,9,-8
225000001,343,133,210
225000002,385,122,263
225000003,354,69,285
225000004,250,111,139
225000005,58,57,1
225000006,0,129,-129
225000007,1002,930,72
225000010,228,3,225
225000011,250,602,-352
225000012,197,365,-168
225000013,97,95,2
225000014,522,83,439
225000015,89,144,-55
225000021,479,112,367
225000027,169,323,-154
225000032,537,107,430
225000042,56,418,-362
225000049,32,46,-14
225000050,59,9,50
225000053,1,183,-182
225000058,561,142,419
225000067,114,112,2
225000068,53,210,-157
225000069,90,329,-239
225000070,52,266,-214
225000071,31,109,-78
225000075,13,486,-473
225000076,45,87,-42
225000078,65,50,15
225000085,40,152,-112
225000086,203,65,138
225000087,116,15,101
225000088,12,152,-140
225000089,201,807,-606
225000090,79,334,-255
225000091,154,125,29
225000092,45,41,4
225000093,119,181,-62
225000094,16,168,-152
225000095,234,255,-21
225000096,263,307,-44
225000098,529,291,238
225000099,278,151,127
225000100,181,135,46
225000104,100,320,-220
225000110,8,252,-244
225000111,202,639,-437
225000112,205,843,-638
225000113,166,437,-271
225000114,65,177,-112
225000115,1030,466,564
225000116,757,187,570
225000117,681,226,455
225000118,683,220,463
225000119,180,58,122
225000120,482,32,450
225000121,196,28,168
225000123,438,13,425
225000125,304,147,157
225000126,598,143,455
225000127,523,670,-147
225000128,432,495,-63
225000132,225,26,199
225000133,154,23,131
225000134,443,101,342
225000135,37,7,30
225000136,246,12,234
225000137,190,47,143
225000138,314,37,277
225000143,51,139,-88
225000144,0,235,-235
225000145,33,33,0
225000146,32,89,-57
225000147,24,236,-212
225000148,1,110,-109
225000149,41,278,-237
225000151,31,106,-75
225000155,406,373,33
225000156,138,608,-470
225000157,171,299,-128
225000158,67,160,-93
225000171,5,158,-153
225000180,75,50,25
225000181,0,63,-63
225000182,76,7,69
225000185,11,304,-293
225000187,55,204,-149
225000191,110,6,104
225000194,0,10,-10
225000208,2,35,-33
225000209,65,13,52
225000210,2,151,-149
225000217,0,15,-15
225000218,24,1,23
225000223,0,64,-64
225000224,128,2,126
225000225,1,34,-33
225000226,49,2,47
225000227,27,66,-39
225000228,10,3,7
225000229,1,71,-70
225000230,16,0,16
225000231,0,43,-43
225000232,100,0,100
225000241,96,0,96
225000242,1,42,-41
225000249,21,16,5
225000250,35,476,-441
225000251,281,19,262
226000042,236,339,-103
226000043,63,234,-171
226000044,132,366,-234
226000045,36,249,-213
226000046,355,88,267
226000047,305,88,217
226000048,297,99,198
226000049,235,160,75
226000070,0,28,-28
226000071,0,52,-52
226000072,0,13,-13
226000073,0,8,-8
226000074,0,7,-7
226000084,0,39,-39
226000085,0,10,-10
226000086,2,13,-11
226000087,1,11,-10
226000088,18,9,9
226000090,258,89,169
226000091,8,51,-43
226000092,9,7,2
226000093,25,4,21
226000094,11,3,8
226000095,11,3,8
226000105,7,12,-5
226000106,7,2,5
226000107,10,0,10
226000108,33,0,33
226000109,59,0,59
226000124,97,71,26
226000134,474,427,47
226000135,952,487,465
226000136,302,290,12
226000137,8,287,-279
226000138,21,164,-143
226000139,1,23,-22
226000156,148,0,148
226000157,141,6,135
226000163,125,129,-4
226000202,12,223,-211
226000231,364,19,345
226000232,26,0,26
227000033,19,2,17
227000037,253,23,230
227000038,298,35,263
227000049,0,11,-11
227000050,1,51,-50
227000055,85,0,85
227000056,18,2,16
227000084,6,60,-54
227000085,1,37,-36
227000088,49,6,43
227000089,90,2,88
227000090,26,5,21
227000091,19,0,19
227000093,95,0,95
227000094,22,0,22
227000130,37,75,-38
227000131,13,146,-133
227000132,6,129,-123
227000133,11,129,-118
227000134,30,211,-181
227000152,0,6,-6
227000153,1,37,-36
227000155,4,11,-7
227000156,4,12,-8
227000165,2,39,-37
227000196,24,218,-194
227000199,294,41,253
227000230,14,317,-303
227000232,260,10,250
227000241,215,45,170
227000242,47,304,-257
227000243,350,82,268
227000244,192,51,141
227000245,28,190,-162
227000246,71,287,-216
227000247,264,61,203
227000248,97,38,59
227000249,38,150,-112
227000250,20,14,6
227000251,96,163,-67
227000252,15,212,-197
227000253,122,23,99
227000262,237,45,192
227000266,637,22,615
227000267,34,761,-727
227000486,339,177,162
227000655,210,3,207
227000661,79,18,61
227000680,128,32,96
229000265,6,29,-23
229000296,1,10,-9
229000297,2,13,-11
229000298,6,78,-72
229000320,11,12,-1
229000321,15,1,14
229000412,15,35,-20
229000414,7,34,-27
229000415,15,2,13
229000416,2,6,-4
229000417,5,27,-22
229000419,90,190,-100
229000440,289,54,235
229000442,16,0,16
229000443,24,7,17
229000444,4,21,-17
229000445,56,9,47
229000446,43,8,35
229000847,47,1,46
229000848,21,0,21
229000849,94,3,91
229000851,29,0,29
229000854,0,10,-10
229000856,0,36,-36
229000857,0,12,-12
229000858,0,29,-29
229000919,14,78,-64
229000930,13,190,-177
229000937,73,20,53
229000966,33,15,18
229000981,27,31,-4
229000985,2,8,-6
229000986,2,2,0
229000987,0,1,-1
229000988,0,7,-7
229000989,5,1,4
229000990,0,1,-1
229000991,0,1,-1
229000992,8,6,2
229000993,79,16,63
229000998,5,35,-30
229000999,57,17,40
229001034,0,6,-6
229001035,6,0,6
229001037,38,7,31
229001042,16,12,4
229001047,4,20,-16
229001050,13,37,-24
229001200,10,0,10
229001338,4,27,-23
229001394,171,1,170
229001422,116,15,101
229001423,13,99,-86
229001431,36,39,-3
229001432,43,54,-11
229001444,110,28,82
229001445,30,108,-78
229001503,153,89,64
229001504,98,138,-40
229001505,96,33,63
229001506,88,95,-7
229001509,27,6,21
229001545,60,8,52
229001546,11,111,-100
229001553,46,13,33
229001554,25,41,-16
229001559,1,3,-2
229001560,4,9,-5
229001630,43,9,34
229001631,4,26,-22
229001635,0,9,-9
229001636,12,1,11
229001658,1,86,-85
229001659,49,4,45
229001660,7,4,3
229001661,3,11,-8
229001662,16,0,16
229001663,0,30,-30
229002584,98,111,-13
229002831,96,55,41
229002841,8,5,3
229002842,8,13,-5
229002843,53,3,50
229002844,18,14,4
229002845,30,44,-14
229002846,31,10,21
229002847,1,1,0
229002848,10,12,-2
229002849,4,51,-47
229002850,6,1,5
229002851,18,70,-52
229002852,137,20,117
229002853,78,19,59
229002854,29,32,-3
229002855,6,15,-9
229002856,23,16,7
229002857,10,67,-57
229002858,12,9,3
229002859,14,30,-16
229002860,112,14,98
229002861,37,12,25
229002862,20,4,16
229002863,18,2,16
229002864,27,13,14
229002865,19,11,8
229002866,20,11,9
229002867,2,12,-10
229002868,3,9,-6
229002869,19,83,-64
229002870,41,10,31
235000066,287,47,240
235000067,105,77,28
235000072,16,65,-49
235000073,52,270,-218
235000074,16,76,-60
235000080,20,101,-81
235000081,109,132,-23
235000082,168,64,104
235000083,136,65,71
235000084,30,54,-24
235000085,117,52,65
235000089,11,27,-16
235000092,11,119,-108
235000093,26,6,20
235000097,2,12,-10
235000098,88,12,76
235000099,65,40,25
235000116,61,19,42
235000117,533,9,524
235000133,3,308,-305
235000134,14,143,-129
235000206,5,2,3
235000207,4,8,-4
235000208,3,1,2
235000209,9,1,8
235000210,8,4,4
235000212,3,23,-20
235000213,0,11,-11
235000220,0,2,-2
235000221,68,12,56
235000238,9,76,-67
235000239,0,13,-13
235000242,216,393,-177
235000245,536,122,414
235000246,4,37,-33
235000284,19,94,-75
235000295,128,14,114
235000305,188,17,171
235000306,204,9,195
235000307,20,2,18
235000308,5,0,5
235000309,34,1,33
235000310,21,0,21
235000311,123,13,110
235000322,0,23,-23
235000323,1,52,-51
235000324,1,15,-14
235000325,0,10,-10
235000326,6,134,-128
235000351,6,31,-25
235000352,4,23,-19
235000353,8,12,-4
235000354,7,24,-17
235000355,6,30,-24
235000356,89,7,82
235000357,21,8,13
235000358,110,5,105
235000359,14,6,8
235000360,27,18,9
235000361,66,13,53
235000381,61,182,-121
235000382,92,29,63
235000390,5,0,5
235000391,71,18,53
235000392,123,268,-145
235000393,54,160,-106
235000395,104,33,71
235000396,373,59,314
235000400,41,50,-9
235000401,11,91,-80
235000405,83,211,-128
235000406,28,214,-186
235000407,113,56,57
235000409,242,95,147
235000410,50,211,-161
235000411,2,55,-53
235000485,0,4,-4
235000486,5,0,5
235000549,72,77,-5
235000550,104,179,-75
235000599,98,38,60
235000600,13,19,-6
235000601,24,31,-7
235000602,44,89,-45
235000614,1,6,-5
235000648,0,13,-13
235000649,27,2,25
235000685,0,4,-4
235000815,16,23,-7
235000834,0,5,-5
235000855,34,64,-30
235000862,33,124,-91
235000891,0,6,-6
235000892,15,2,13
235000901,81,64,17
235000907,7,6,1
235001010,53,42,11
235001029,457,338,119
235001030,226,174,52
235001078,58,83,-25
235001079,84,77,7
235001147,34,24,10
235001166,21,63,-42
235001167,43,38,5
235001169,34,206,-172
235001188,1,6,-5
235001189,1,0,1
235001197,18,21,-3
235001200,34,45,-11
235001207,332,43,289
235001210,79,162,-83
235001215,24,179,-155
235001239,1,32,-31
235001244,0,15,-15
235016267,0,28,-28
277102712,1,0,1
277103813,0,0,0
277104249,0,5,-5
277104250,0,4,-4
277104251,0,1,-1
277104252,0,0,0
990011530,0,151,-151
990014944,1,314,-313
990015176,41,28,13
990016032,1,176,-175
990032570,0,27,-27
990070001,56,1,55
990070103,0,2,-2
990070601,0,16,-16
990070751,628,3,625
990070766,1,327,-326
990071180,395,136,259
990071343,110,100,10
990071387,0,16,-16
990071823,20,0,20
990072600,2,681,-679
990072964,0,215,-215
990073285,0,1,-1
990074393,1,439,-438
990074870,1272,7,1265
990075106,1224,4,1220
990075746,393,2,391
990076437,857,3,854
990076458,1,461,-460
997000007,465,21,444
997000041,0,105,-105
997000058,32,0,32
997000062,24,0,24
997000069,0,3,-3
997000070,0,15,-15
997000100,15,0,15
997000141,4,682,-678
997000198,137,674,-537
998000475,1,21,-20
998000736,0,110,-110
998000965,0,7,-7
998001031,0,57,-57
998001700,0,7,-7
998001899,0,0,0
998001900,12,1,11
998003073,624,8,616
998101900,0,0,0
998102850,1,157,-156
998501927,838,584,254
998501929,90,18,72
998501930,28,0,28
998501931,89,4,85
998501932,2,0,2
998501933,44,6,38
998501937,9,1,8
998501944,2,1,1
998501950,0,0,0
998501970,44,3,41
998501971,0,66,-66
998501973,0,20,-20
998501974,1,205,-204
998501975,88,0,88
998501976,141,0,141
998501977,0,12,-12
998501978,12,0,12
998501979,0,8,-8
998501980,27,1,26
998501981,29,2,27
998501982,0,49,-49
998501983,0,1,-1
998502006,0,0,0
998502024,0,12,-12
998502032,0,1,-1
998502062,11,0,11
998502063,0,0,0
998502173,34,0,34
998502269,0,1,-1
998502546,1,121,-120
998502578,0,0,0
998502599,20,238,-218
998502621,1,0,1
998601159,3,77,-74
998601292,2,14,-12
999033574,1,338,-337
999800001,12,7,5
999800002,1,3,-2
999800003,1,3,-2
999800004,0,3,-3
999800005,0,8,-8
