ID,insum,outsum,diff
100000001,469,741,-272
100000002,5519,1294,4225
100000003,6036,3202,2834
100000004,1579,1064,515
100000005,2677,4014,-1337
100000006,1824,200,1624
100000007,3283,893,2390
100000008,614,628,-14
100000009,1161,269,892
100000010,285,99,186
100000011,2208,122,2086
100000012,241,950,-709
100000013,723,289,434
100000014,1048,338,710
100000015,2251,3157,-906
100000016,1247,1623,-376
100000017,1333,992,341
100000018,2185,764,1421
100000019,5310,2306,3004
100000020,2251,8877,-6626
100000021,5627,2700,2927
100000022,2312,2251,61
100000023,6260,1576,4684
100000025,2128,953,1175
100000028,1893,957,936
100000029,256,186,70
100000030,313,61,252
100000031,4635,7877,-3242
100000032,3315,3727,-412
100000033,1199,2465,-1266
100000034,571,445,126
100000035,2570,1442,1128
100000036,3216,1577,1639
100000037,716,477,239
100000038,2361,1058,1303
100000039,1176,261,915
100000040,310,171,139
100000041,1174,480,694
100000042,2527,493,2034
100000043,1756,434,1322
100000044,606,984,-378
100000045,953,1531,-578
100000046,760,1173,-413
100000047,564,820,-256
100000048,1189,663,526
100000049,2093,2596,-503
100000051,617,1187,-570
100000053,229,4,225
100000054,807,44,763
100000055,1845,348,1497
100000056,662,534,128
100000057,2054,770,1284
100000058,1274,1401,-127
100000059,45,120,-75
100000060,478,376,102
100000061,2399,581,1818
100000062,2158,564,1594
100000063,797,261,536
100000064,1717,542,1175
100000065,565,1077,-512
100000066,253,829,-576
100000067,516,874,-358
100000068,633,2107,-1474
100000069,553,1805,-1252
100000072,535,1150,-615
100000073,1352,1216,136
100000075,982,398,584
100000076,3306,2953,353
100000077,362,169,193
100000078,42,35,7
100000079,50,49,1
100000080,53,67,-14
100000081,139,192,-53
100000102,3009,1708,1301
100000103,3427,1025,2402
100000104,5607,2540,3067
100000105,3550,1479,2071
100000106,2484,2374,110
100000107,789,959,-170
100000108,662,839,-177
100000109,3062,1215,1847
100000116,1472,825,647
100000117,90,135,-45
100000118,1957,991,966
100000119,608,735,-127
100000121,356,464,-108
100000122,638,782,-144
100000123,3715,4368,-653
100000124,6989,6850,139
100000125,3356,1240,2116
100000126,1013,321,692
100000127,1908,358,1550
100000128,2084,1558,526
100000129,585,614,-29
100000130,434,541,-107
100000131,2662,3284,-622
100000132,1353,2524,-1171
100000133,6205,2889,3316
100000135,585,1079,-494
100000139,493,302,191
100000140,473,209,264
100000142,433,771,-338
100000143,1711,680,1031
100000144,3980,1071,2909
100000147,1072,2410,-1338
100000150,52,498,-446
100000151,1075,915,160
100000153,275,367,-92
100000154,118,136,-18
100000155,35,46,-11
100000156,468,285,183
100000157,149,69,80
100000158,270,88,182
100000159,385,526,-141
100000165,1868,813,1055
100000169,469,611,-142
100000174,1217,580,637
100000179,122,571,-449
100000180,5635,1931,3704
100000181,723,301,422
100000188,151,266,-115
100000189,1637,415,1222
100000190,1021,732,289
100000191,654,463,191
100000192,65,105,-40
100000193,204,147,57
100000330,1654,948,706
100000355,351,719,-368
100000362,4567,2919,1648
100000363,3647,5563,-1916
100000364,323,184,139
100000365,5216,5055,161
100000366,7031,2757,4274
100000367,5572,4662,910
100000368,3754,1736,2018
100000369,1642,1947,-305
100000370,420,810,-390
100000376,185,136,49
100000379,2984,1355,1629
100000380,5607,3039,2568
100000384,6231,4106,2125
100000385,5573,4296,1277
100000386,7460,4563,2897
100000387,5873,4727,1146
100000388,7887,5997,1890
100000389,7536,5679,1857
100000390,8508,5729,2779
100000391,6599,6291,308
100000392,5140,3260,1880
100000393,3368,3695,-327
100000394,9864,6584,3280
100000395,5455,3124,2331
100000396,9924,3392,6532
100000397,6084,4709,1375
100000398,12513,8161,4352
100000413,43,17,26
100000414,1581,905,676
100900002,17,74,-57
100900003,321,177,144
100900004,28,598,-570
100900005,187,14,173
100900006,17,141,-124
100900007,423,18,405
100900008,3,320,-317
100900009,73,141,-68
100900010,123,148,-25
100900011,125,301,-176
100900012,0,259,-259
100900013,1199,8,1191
100900014,4,12,-8
100900015,81,77,4
100900016,1,58,-57
100900017,1273,78,1195
100900018,1,45,-44
100900019,12,166,-154
100900020,412,10,402
100900021,459,2,457
100900022,15,72,-57
100900023,0,72,-72
100900024,1134,14,1120
100900025,6,5,1
100900026,78,124,-46
100900027,617,2776,-2159
100900028,192,218,-26
100900029,130,12,118
100900030,6,51,-45
100900031,839,70,769
100900032,181,0,181
100900033,260,142,118
100900034,502,3,499
100900035,997,6,991
100900036,9,0,9
100900037,100,227,-127
100900038,85,41,44
100900039,325,665,-340
100900040,384,702,-318
100900041,538,576,-38
100900042,1565,428,1137
100900043,0,30,-30
100900044,2299,683,1616
100900045,95,1,94
100900046,1013,10,1003
100900047,824,314,510
100900048,164,44,120
100900049,138,205,-67
100900050,2,14,-12
100900051,41,68,-27
100900052,414,47,367
100900053,306,47,259
100900054,18,107,-89
100900055,220,596,-376
100900056,224,356,-132
100900057,492,1332,-840
100900058,288,44,244
100900059,174,6,168
100900060,135,11,124
100900061,416,255,161
100900062,10,60,-50
100900063,215,698,-483
100900064,711,19,692
100900065,82,86,-4
100900066,101,198,-97
100900067,20,7,13
100900068,171,83,88
100900069,919,8,911
100900070,304,2,302
100900071,905,268,637
100900072,1,50,-49
100900073,163,512,-349
100900074,6,28,-22
100900075,1624,393,1231
100900076,27,40,-13
100900077,19,76,-57
100900078,121,402,-281
100900079,11,53,-42
100900080,22,189,-167
100900081,62,188,-126
100900082,133,675,-542
100900083,7,41,-34
100900085,14,92,-78
100900086,209,966,-757
100900088,104,576,-472
100900089,11,69,-58
100900090,151,448,-297
100900091,0,40,-40
100900092,354,242,112
100900093,192,473,-281
100900094,121,497,-376
100900095,2,38,-36
100900096,30,117,-87
100900097,3,13,-10
100900098,55,42,13
100900099,34,486,-452
100900100,10,397,-387
100900101,313,50,263
100900102,99,100,-1
100900103,20,30,-10
100900104,12,131,-119
100900105,31,377,-346
100900106,33,0,33
100900107,1625,684,941
100900108,16,25,-9
100900109,21,45,-24
100900110,10,45,-35
100900111,38,118,-80
100900112,4,14,-10
100900113,20,29,-9
100900114,8,40,-32
100900115,2,56,-54
100900116,708,1018,-310
100900117,271,705,-434
100900118,33,65,-32
100900119,31,41,-10
100900120,3,24,-21
100900121,276,702,-426
100900122,152,237,-85
100900123,72,254,-182
100900124,8,4,4
100900125,18,72,-54
100900126,262,466,-204
100900127,2,28,-26
100900128,83,156,-73
100900129,1,141,-140
100900131,84,280,-196
100900133,105,75,30
100900134,3,9,-6
100900135,1,177,-176
100900137,318,193,125
100900138,577,475,102
100900139,2,16,-14
100900140,1,493,-492
100900141,5,417,-412
100900142,0,10,-10
100900143,1428,383,1045
100900144,20,4,16
100900145,292,207,85
100900146,0,0,0
100900147,21,297,-276
100900148,55,750,-695
100900149,31,153,-122
100900150,0,0,0
100900151,101,547,-446
100900152,201,15,186
100900153,10,196,-186
100900154,15,51,-36
100900155,10,16,-6
100900156,15,4,11
100900157,7,184,-177
100900159,10,40,-30
100900160,11,6,5
100900161,100,2,98
100900162,16,216,-200
100900163,205,304,-99
100900164,38,75,-37
100900165,2,57,-55
100900166,21,22,-1
100900167,14,69,-55
100900168,52,145,-93
100900169,140,846,-706
100900170,37,22,15
100900171,22,558,-536
100900172,0,20,-20
100900173,10,459,-449
100900174,635,77,558
100900176,1289,140,1149
100900177,637,239,398
100900178,631,174,457
100900179,146,254,-108
100900180,8,8,0
100900181,129,73,56
100900182,40,18,22
100900184,8,193,-185
100900186,782,468,314
100900187,11,125,-114
100900188,26,11,15
100900189,1003,205,798
100900191,1248,1248,0
100900192,334,324,10
100900195,125,157,-32
100900197,19,108,-89
100900198,21,250,-229
100900199,12,15,-3
100900200,654,484,170
100900201,79,639,-560
100900202,156,2,154
100900203,0,93,-93
100900204,545,558,-13
100900205,172,516,-344
100900206,97,76,21
100900207,259,149,110
100900210,104,562,-458
100900211,417,186,231
100900213,91,31,60
100900214,985,293,692
100900215,6,49,-43
100900217,167,100,67
101000001,4294,2983,1311
101000002,4562,4223,339
101000003,642,2112,-1470
101000004,1432,3651,-2219
101000005,2679,4486,-1807
101000006,2003,6476,-4473
101000007,1432,1710,-278
101000008,10409,5034,5375
101000009,2961,1524,1437
101000010,1005,1233,-228
101000011,1429,585,844
101000012,2100,875,1225
101000013,666,1072,-406
101000014,592,654,-62
101000015,1113,779,334
101000016,471,401,70
101000017,794,500,294
101000018,5548,2754,2794
101000020,7027,1705,5322
101000021,971,420,551
101000022,194,47,147
101000023,1993,818,1175
101000025,49,127,-78
101000026,422,15,407
101000027,1558,1546,12
101000028,1205,276,929
101000029,207,1375,-1168
101000030,1822,109,1713
101000031,994,307,687
101000032,11310,3813,7497
101000033,2462,3359,-897
101000034,2967,1622,1345
101000035,1495,601,894
101000036,1953,863,1090
101000037,3857,1758,2099
101000039,3883,2036,1847
101000040,3639,3461,178
101000041,11803,7041,4762
101000042,736,1096,-360
101000043,6867,4794,2073
101000045,1951,901,1050
101000046,4819,1197,3622
101000047,2833,2080,753
101000048,910,731,179
101000049,1009,1604,-595
101000050,2053,1454,599
101000051,2208,1930,278
101000052,1745,743,1002
101000053,1029,1882,-853
101000054,1592,1344,248
101000055,1370,1138,232
101000056,51,88,-37
101000057,2327,1223,1104
101000058,1379,1130,249
101000059,2894,2081,813
101000060,1520,624,896
101000061,981,1232,-251
101000062,903,621,282
101000063,709,977,-268
101000064,1347,841,506
101000065,422,453,-31
101000066,911,782,129
101000067,1391,804,587
101000068,635,398,237
101000069,458,89,369
101000070,1332,863,469
101000071,2108,890,1218
101000072,851,3073,-2222
101000073,920,684,236
101000074,6970,3040,3930
101000075,6561,4387,2174
101000077,1400,1053,347
101000078,869,1611,-742
101000079,941,412,529
101000080,1137,361,776
101000081,1514,1418,96
101000082,3437,3258,179
101000083,2571,2255,316
101000084,1714,1142,572
101000085,1529,1217,312
101000086,1125,1337,-212
101000087,884,1429,-545
101000088,1093,1135,-42
101000089,843,1614,-771
101000090,2333,1612,721
101000091,437,1192,-755
101000092,819,1223,-404
101000093,1338,880,458
101000094,854,1260,-406
101000095,447,782,-335
101000096,439,582,-143
101000097,467,371,96
101000098,500,524,-24
101000099,1325,1335,-10
101000100,1027,710,317
101000101,387,327,60
101000102,1038,484,554
101000103,954,479,475
101000104,420,538,-118
101000105,1695,377,1318
101000106,1072,589,483
101000107,167,307,-140
101000108,1094,291,803
101000109,277,81,196
101000110,45,665,-620
101000111,215,306,-91
101000113,385,978,-593
101000114,12273,5262,7011
101000115,224,203,21
101000116,306,241,65
101000117,828,356,472
101000119,69,31,38
101000120,125,35,90
101000121,67,55,12
101000122,151,77,74
101000123,105,73,32
101000124,687,183,504
101000125,344,494,-150
101000128,682,368,314
101000130,536,774,-238
101000131,660,605,55
101000132,533,1257,-724
101000135,98,24,74
101000136,614,147,467
101000137,32,296,-264
101000141,1561,2660,-1099
101000147,1080,613,467
101000148,1785,24,1761
101000149,358,242,116
101000150,149,919,-770
101000151,236,95,141
101000152,428,428,0
101000153,973,347,626
101000154,290,1310,-1020
101000155,200,166,34
101000156,22,283,-261
101000157,30,21,9
101000160,143,67,76
101000163,307,271,36
101000164,608,400,208
101000165,200,350,-150
101000166,255,306,-51
101000168,804,375,429
101000252,1689,956,733
101000254,515,84,431
101000258,49,11,38
101000261,158,50,108
101000262,1324,1725,-401
101000263,255,853,-598
101000265,121,847,-726
101000266,835,270,565
101000269,42,13,29
101000290,1887,4020,-2133
101000293,19,82,-63
101000294,601,513,88
101000295,138,550,-412
101000301,1028,425,603
101000304,2396,2808,-412
101000305,3918,1502,2416
101000328,150,407,-257
101900001,56,88,-32
101900002,0,19,-19
101900003,88,104,-16
101900004,5,72,-67
101900005,4070,1681,2389
101900006,1053,390,663
101900007,726,114,612
101900008,97,460,-363
101900009,44,676,-632
101900010,986,768,218
101900011,236,1471,-1235
101900012,163,427,-264
101900013,1232,193,1039
101900017,17,203,-186
101900018,1186,227,959
101900019,426,181,245
101900020,146,80,66
101900021,0,44,-44
101900022,139,1124,-985
101900023,174,286,-112
101900026,125,45,80
101900027,17,145,-128
102000001,2232,2722,-490
102000002,1068,545,523
102000003,3791,6299,-2508
102000004,6554,2597,3957
102000005,1437,2411,-974
102000006,4727,2508,2219
102000007,1623,3849,-2226
102000008,3044,1833,1211
102000009,5474,6692,-1218
102000010,5754,2997,2757
102000011,4173,3994,179
102000012,9873,5948,3925
102000018,2726,2882,-156
102000019,2786,1567,1219
102000026,213,629,-416
102000029,304,238,66
102000030,131,366,-235
102000031,72,205,-133
102000032,371,410,-39
102000033,276,395,-119
102000034,580,396,184
102000035,876,651,225
102000036,12,261,-249
102000038,75,74,1
102000039,217,78,139
102000040,510,190,320
102000041,203,292,-89
102000042,200,184,16
102000043,400,228,172
102000044,456,412,44
102000045,955,1051,-96
102000046,977,766,211
102000047,877,1168,-291
102000048,308,575,-267
102000049,864,758,106
102000050,1161,1259,-98
102000051,437,526,-89
102000052,1414,847,567
102000053,768,852,-84
102000054,624,916,-292
102000055,1063,940,123
102000056,851,1417,-566
102000057,1470,627,843
102000058,1160,1745,-585
102000059,1529,1359,170
102000060,1346,1083,263
102000061,1923,2255,-332
102000062,1881,1242,639
102000063,1332,1799,-467
102000064,622,831,-209
102000065,59,152,-93
102000066,2044,1024,1020
102000067,2605,2485,120
102000068,9117,3093,6024
102000069,76,1779,-1703
102000070,2138,40,2098
102000071,8211,10615,-2404
102000072,3422,4462,-1040
102000073,1677,1260,417
102000074,976,810,166
102000075,156,478,-322
102000076,466,747,-281
102000077,581,1093,-512
102000078,1376,939,437
102000079,228,279,-51
102000080,100,92,8
102000081,494,892,-398
102000082,1269,1312,-43
102000083,520,414,106
102000084,245,351,-106
102000085,1748,1154,594
102000086,1041,1434,-393
102000087,1021,1954,-933
102000088,335,368,-33
102000089,1103,445,658
102000090,572,1332,-760
102000091,1753,530,1223
102000092,420,867,-447
102000093,865,798,67
102000094,1023,716,307
102000095,881,969,-88
102000096,760,884,-124
102000097,968,787,181
102000098,644,807,-163
102000099,1051,713,338
102000100,960,1329,-369
102000101,1337,814,523
102000102,464,1967,-1503
102000103,1312,402,910
102000104,708,315,393
102000105,220,655,-435
102000106,873,693,180
102000107,634,547,87
102000108,841,202,639
102000109,778,701,77
102000110,564,676,-112
102000111,766,1123,-357
102000112,435,131,304
102000113,16,32,-16
102000114,841,605,236
102000115,265,305,-40
102000116,901,352,549
102000117,525,569,-44
102000118,1702,1255,447
102000119,2244,757,1487
102000120,300,427,-127
102000121,824,970,-146
102000122,483,855,-372
102000123,1325,1035,290
102000124,1251,1120,131
102000125,1110,1006,104
102000126,1134,840,294
102000127,1567,875,692
102000128,911,1003,-92
102000129,1371,1006,365
102000130,741,775,-34
102000131,1158,650,508
102000132,647,1150,-503
102000133,2159,2075,84
102000134,669,821,-152
102000135,880,832,48
102000136,1038,579,459
102000137,905,726,179
102000138,270,354,-84
102000139,187,451,-264
102000140,519,401,118
102000141,242,470,-228
102000142,953,419,534
102000143,165,456,-291
102000144,282,482,-200
102000145,392,490,-98
102000146,425,332,93
102000147,423,560,-137
102000148,229,1013,-784
102000149,175,562,-387
102000150,286,132,154
102000151,96,348,-252
102000152,156,171,-15
102000153,1169,572,597
102000154,374,733,-359
102000155,121,366,-245
102000156,352,106,246
102000157,166,348,-182
102000158,548,431,117
102000159,1084,442,642
102000161,3909,2230,1679
102000162,440,298,142
102000163,131,556,-425
102000164,1134,1219,-85
102000165,414,150,264
102000166,159,212,-53
102000167,367,209,158
102000168,328,157,171
102000169,133,596,-463
102000170,577,206,371
102000171,365,207,158
102000172,271,407,-136
102000173,634,298,336
102000174,65,73,-8
102000175,207,137,70
102000176,46,23,23
102000178,321,552,-231
102000179,391,261,130
102000180,1153,690,463
102000181,638,754,-116
102000182,744,629,115
102000183,1868,2046,-178
102000184,811,361,450
102000185,2355,1691,664
102000186,1660,1780,-120
102000187,1222,1969,-747
102000188,1377,1503,-126
102000189,3004,1753,1251
102000190,660,2700,-2040
102000191,1238,505,733
102000192,1300,1287,13
102000193,55,157,-102
102000194,78,140,-62
102000195,420,510,-90
102000196,225,446,-221
102000197,693,439,254
102000198,199,842,-643
102000199,980,362,618
102000200,364,1015,-651
102000201,914,481,433
102000202,12,145,-133
102000203,486,277,209
102000204,365,769,-404
102000205,980,474,506
102000206,688,763,-75
102000207,839,484,355
102000208,558,565,-7
102000209,133,55,78
102000210,701,505,196
102000211,376,304,72
102000212,321,14,307
102000213,7,429,-422
102000214,243,10,233
102000215,9,381,-372
102000216,61,74,-13
102000217,7,128,-121
102000218,312,178,134
102000219,507,326,181
102000225,805,606,199
102000226,4115,1016,3099
102000227,152,2,150
102000228,1,112,-111
102000229,37,44,-7
102000230,252,481,-229
102000231,662,602,60
102000232,27,124,-97
102000233,843,1088,-245
102000234,112,1313,-1201
102000236,542,119,423
102000237,536,153,383
102000238,398,397,1
102000240,674,789,-115
102000241,158,151,7
102000243,93,93,0
102000245,32,131,-99
102000246,20,20,0
102000247,1882,1228,654
102000248,1315,1351,-36
102000249,860,554,306
102000250,166,394,-228
102000254,67,383,-316
102000266,38,291,-253
102000271,29,3,26
102000286,510,416,94
102000297,2059,1259,800
102000303,0,0,0
102000305,0,0,0
102000307,0,2,-2
102900001,1673,1007,666
102900002,595,67,528
102900003,111,230,-119
102900005,353,355,-2
102900006,464,211,253
102900007,536,35,501
102900008,169,81,88
102900009,482,225,257
102900010,828,645,183
102900011,1934,316,1618
102900012,323,65,258
102900013,25,82,-57
102900015,775,539,236
102900016,58,148,-90
102900017,158,687,-529
102900018,37,134,-97
102900019,405,414,-9
102900020,127,42,85
102900021,13,111,-98
102900022,819,167,652
102900023,19,51,-32
102900024,52,48,4
102900025,318,136,182
102900026,438,2010,-1572
102900027,54,48,6
102900028,146,743,-597
102900029,167,184,-17
102900030,665,315,350
102900031,173,181,-8
102900032,78,111,-33
102900033,106,209,-103
102900034,517,108,409
102900035,149,366,-217
102900036,298,538,-240
102900037,784,660,124
102900038,761,572,189
102900039,23,525,-502
102900040,119,264,-145
102900041,78,187,-109
102900042,207,339,-132
102900043,143,260,-117
102900044,876,2272,-1396
102900045,114,672,-558
102900046,125,319,-194
102900047,90,525,-435
102900048,699,700,-1
102900049,127,380,-253
102900050,290,331,-41
102900051,257,185,72
102900053,413,655,-242
102900054,828,1313,-485
102900055,77,190,-113
102900056,88,445,-357
102900057,20,43,-23
102900058,271,61,210
102900059,23,75,-52
102900060,118,525,-407
102900061,217,603,-386
102900062,231,1053,-822
102900063,1144,490,654
102900064,142,504,-362
102900065,1556,346,1210
102900066,348,46,302
102900068,99,71,28
102900070,256,523,-267
102900072,114,49,65
102900073,341,10,331
102900075,51,56,-5
102900076,202,102,100
102900077,44,48,-4
102900078,41,94,-53
102900079,185,16,169
102900080,548,45,503
102900081,86,317,-231
102900082,16,216,-200
102900083,283,8,275
102900084,12,47,-35
102900085,422,124,298
102900086,21,56,-35
102900087,132,94,38
102900088,24,40,-16
102900089,278,103,175
102900090,2,400,-398
102900091,178,3,175
102900092,200,1249,-1049
102900094,0,59,-59
102900095,101,1,100
102900096,54,54,0
102900097,4,112,-108
103000001,2274,2989,-715
103000002,2262,2752,-490
103000003,3344,3020,324
103000004,941,782,159
103000005,1661,3029,-1368
103000006,611,1508,-897
103000007,390,745,-355
103000008,776,531,245
103000009,931,1078,-147
103000010,262,195,67
103000011,1466,1398,68
103000012,1111,1554,-443
103000013,4679,2279,2400
103000014,1296,2527,-1231
103000015,1599,787,812
103000016,535,1338,-803
103000017,180,479,-299
103000018,703,512,191
103000019,250,238,12
103000020,2913,1509,1404
103000021,1848,1686,162
103000022,822,1074,-252
103000023,690,1595,-905
103000024,97,205,-108
103000025,175,575,-400
103000026,1394,139,1255
103000027,596,511,85
103000028,528,419,109
103000029,341,340,1
103000030,1893,919,974
103000031,1424,1617,-193
103000032,2471,2544,-73
103000033,3101,3112,-11
103000034,1618,1203,415
103000035,375,1334,-959
103000036,436,607,-171
103000037,641,493,148
103000038,451,1056,-605
103000039,342,539,-197
103000040,472,1134,-662
103000041,1692,2880,-1188
103000042,1100,675,425
103000043,482,1142,-660
103000044,201,229,-28
103000046,234,455,-221
103000047,680,840,-160
103000048,210,236,-26
103000049,223,229,-6
103000050,622,604,18
103000051,496,633,-137
103000052,911,519,392
103000053,204,878,-674
103000054,2747,1676,1071
103000055,2038,2408,-370
103000056,630,1886,-1256
103000057,492,331,161
103000058,770,915,-145
103000059,438,913,-475
103000060,920,963,-43
103000061,410,1071,-661
103000062,1042,756,286
103000063,722,893,-171
103000064,181,268,-87
103000065,14,507,-493
103000066,290,16,274
103000069,494,469,25
103000070,1226,977,249
103000071,1032,516,516
103000072,109,763,-654
103000073,548,116,432
103000074,533,133,400
103000075,104,700,-596
103000076,329,282,47
103000077,72,455,-383
103000078,1274,618,656
103000079,1009,696,313
103000080,1330,423,907
103000081,682,1085,-403
103000082,551,172,379
103000083,128,348,-220
103000084,167,7,160
103000085,2,179,-177
103000086,1081,418,663
103000087,139,540,-401
103000088,535,313,222
103000089,290,480,-190
103000090,1835,818,1017
103000091,634,461,173
103000092,248,271,-23
103000093,256,435,-179
103000094,234,115,119
103000095,67,394,-327
103000096,598,102,496
103000097,90,773,-683
103000098,991,159,832
103000099,355,697,-342
103000100,87,823,-736
103000101,844,141,703
103000102,100,698,-598
103000103,660,273,387
103000104,59,143,-84
103000105,113,125,-12
103000106,10,148,-138
103000107,258,66,192
103000108,1003,747,256
103000109,368,345,23
103000110,489,405,84
103000111,516,463,53
103000112,340,192,148
103000113,644,690,-46
103000114,1372,423,949
103000115,559,531,28
103000116,515,463,52
103000117,319,456,-137
103000118,959,865,94
103000119,1421,736,685
103000120,88,176,-88
103000121,1476,921,555
103000122,872,743,129
103000125,13,362,-349
103000126,700,10,690
103000127,2,193,-191
103000128,193,4,189
103000129,5,131,-126
103000130,72,62,10
103000131,157,99,58
103000132,104,205,-101
103000133,22,122,-100
103000134,878,865,13
103000135,626,306,320
103000136,858,516,342
103000137,597,578,19
103000138,847,785,62
103000139,3,88,-85
103000140,131,38,93
103000141,63,123,-60
103000142,196,76,120
103000143,97,210,-113
103000144,246,74,172
103000145,65,100,-35
103000150,257,76,181
103000152,231,238,-7
103000153,227,206,21
103000156,8,457,-449
103000157,372,9,363
103000159,99,44,55
103000162,210,56,154
103000163,22,67,-45
103000164,66,16,50
103000165,135,374,-239
103000166,176,296,-120
103000167,172,109,63
103000168,82,260,-178
103000169,191,543,-352
103000170,695,554,141
103000171,246,81,165
103000172,466,532,-66
103000173,415,673,-258
103000174,146,463,-317
103000175,250,421,-171
103000176,819,851,-32
103000177,702,564,138
103000178,353,330,23
103000179,209,67,142
103000183,141,21,120
103000185,105,55,50
103000186,135,284,-149
103000187,392,467,-75
103000188,10,67,-57
103000189,916,999,-83
103000191,456,495,-39
103000292,1990,1814,176
103000293,1000,1728,-728
103000295,200,109,91
103000296,809,11,798
103000297,20,21,-1
103000504,12,5,7
103000505,17,16,1
103000506,2,294,-292
103000507,261,12,249
103000508,47,56,-9
103000509,823,878,-55
103900001,3,308,-305
103900002,1457,259,1198
103900003,1183,17,1166
103900004,79,1,78
103900005,1,316,-315
103900006,2,2,0
103900007,33,0,33
103900008,5,0,5
103900010,142,410,-268
103900012,4,32,-28
103900014,45,24,21
103900015,52,17,35
103900017,72,147,-75
103900018,922,219,703
103900019,91,333,-242
103900020,257,455,-198
103900021,667,97,570
103900022,1127,841,286
103900023,154,4,150
103900024,126,313,-187
103900025,13,27,-14
103900026,240,3,237
103900027,652,292,360
103900028,173,538,-365
103900029,1197,182,1015
103900030,420,56,364
103900031,25,5,20
103900032,64,98,-34
103900033,114,12,102
103900034,23,231,-208
103900035,101,55,46
103900036,40,53,-13
103900037,154,51,103
103900038,105,226,-121
103900039,55,438,-383
103900040,17,142,-125
103900041,55,53,2
103900042,53,438,-385
103900043,135,127,8
103900044,115,244,-129
103900045,387,259,128
103900047,70,24,46
103900048,257,27,230
103900049,251,1225,-974
103900050,12,103,-91
103900051,0,35,-35
103900052,211,461,-250
103900053,215,778,-563
103900054,119,476,-357
103900055,412,226,186
103900056,144,79,65
103900057,29,268,-239
103900058,238,749,-511
103900059,3,37,-34
103900060,57,261,-204
103900061,116,44,72
103900062,319,89,230
103900063,59,32,27
103900064,109,5,104
103900065,1011,419,592
103900066,187,32,155
103900067,183,4,179
103900068,41,6,35
103900069,89,16,73
103900070,202,287,-85
103900071,24,109,-85
103900072,8,234,-226
103900073,27,37,-10
103900074,88,88,0
103900075,211,99,112
103900076,398,671,-273
103900077,44,124,-80
103900078,283,139,144
103900079,127,255,-128
103900080,5,46,-41
103900081,201,30,171
103900082,12,160,-148
103900083,1926,1008,918
103900084,67,142,-75
103900085,87,126,-39
103900086,553,371,182
103900088,496,406,90
103900089,61,118,-57
103900090,4,161,-157
103900091,1270,298,972
103900092,786,524,262
103900093,127,353,-226
103900094,10,159,-149
103900095,363,247,116
103900096,23,250,-227
103900097,9,458,-449
103900098,216,93,123
103900099,81,189,-108
103900100,196,453,-257
103900101,161,1117,-956
103900102,5,23,-18
103900104,0,33,-33
103900105,150,241,-91
103900106,1,147,-146
103900107,98,257,-159
103900108,50,407,-357
103900109,91,86,5
103900110,210,48,162
103900111,81,611,-530
103900112,30,71,-41
103900113,129,192,-63
103900114,406,347,59
103900115,179,200,-21
103900116,6101,2529,3572
103900117,182,89,93
103900119,42,57,-15
103900120,60,98,-38
103900122,94,299,-205
103900123,1772,716,1056
103900124,61,606,-545
103900125,120,132,-12
103900126,419,467,-48
103900127,247,418,-171
103900128,358,315,43
103900131,48,169,-121
103900133,1056,115,941
103900134,0,6,-6
103900135,2,12,-10
103900137,0,44,-44
103900138,104,286,-182
103900139,742,1951,-1209
103900140,10,104,-94
103900141,227,78,149
103900142,130,151,-21
103900143,39,1,38
103900144,0,46,-46
103900145,148,294,-146
103900146,325,272,53
103900147,325,118,207
103900148,379,618,-239
103900149,285,769,-484
103900150,6686,3637,3049
103900151,55,165,-110
103900152,441,584,-143
103900153,8,5,3
103900154,897,1519,-622
103900155,46,249,-203
103900156,37,192,-155
103900157,23,212,-189
103900158,74,198,-124
103900159,138,122,16
103900160,75,38,37
103900161,103,204,-101
103900162,338,515,-177
103900163,6,484,-478
103900167,23,122,-99
103900168,109,112,-3
103900169,62,48,14
103900170,3,146,-143
103900171,2,73,-71
103900172,6,26,-20
103900173,9,8,1
103900174,141,63,78
103900175,54,65,-11
103900176,9,51,-42
103900177,11,70,-59
103900178,54,65,-11
103900179,66,177,-111
103900180,9,83,-74
103900181,69,47,22
103900182,74,26,48
103900184,472,76,396
103900185,204,282,-78
103900187,33,70,-37
103900188,56,11,45
103900189,131,7,124
103900190,61,71,-10
103900191,30,53,-23
103900192,29,107,-78
103900193,151,142,9
103900194,65,239,-174
103900195,14,84,-70
103900196,68,48,20
103900197,9,29,-20
103900198,12,41,-29
103900199,123,62,61
103900200,113,162,-49
103900201,121,187,-66
103900202,44,68,-24
103900203,48,15,33
103900204,0,147,-147
103900207,0,128,-128
103900208,116,0,116
103900209,6,80,-74
103900210,54,31,23
103900211,450,515,-65
103900212,211,527,-316
103900213,96,344,-248
103900214,301,168,133
103900215,598,399,199
103900216,9,478,-469
103900217,328,10,318
103900218,51,523,-472
103900219,140,297,-157
103900233,28,4,24
103900235,23,11,12
103900236,33,10,23
103900242,42,61,-19
103900243,22,6,16
103900244,98,231,-133
103900245,74,199,-125
103900246,89,28,61
103900247,37,143,-106
103900248,55,45,10
103900249,27,32,-5
103900250,39,34,5
103900251,4,51,-47
103900253,18,73,-55
103900254,2,28,-26
103900255,21,35,-14
103900256,12,35,-23
103900257,249,194,55
103900258,63,5,58
103900259,99,11,88
103900261,16,4,12
103900262,24,2,22
103900263,38,42,-4
103900264,82,46,36
103900265,108,54,54
103900266,3,71,-68
103900267,14,119,-105
103900268,11,129,-118
103900269,167,50,117
103900270,57,205,-148
103900271,17,114,-97
103900272,45,81,-36
103900273,49,73,-24
103900274,71,10,61
103900275,39,5,34
103900276,3,107,-104
103900277,1,95,-94
103900278,11,52,-41
103900279,0,22,-22
103900280,2,101,-99
104000001,1958,2023,-65
104000002,1655,2804,-1149
104000003,2206,2601,-395
104000004,3095,2780,315
104000005,1488,2199,-711
104000006,2926,3212,-286
104000007,4561,4702,-141
104000008,265,349,-84
104000009,156,109,47
104000010,134,219,-85
104000011,611,461,150
104000012,142,453,-311
104000013,164,171,-7
104000014,209,827,-618
104000015,223,174,49
104000016,548,477,71
104000018,775,194,581
104000019,499,194,305
104000020,128,691,-563
104000021,332,657,-325
104000022,199,258,-59
104000023,1292,419,873
104000024,274,413,-139
104000026,37,484,-447
104000027,275,459,-184
104000028,338,301,37
104000029,454,515,-61
104000030,232,233,-1
104000031,1107,415,692
104000032,214,323,-109
104000033,489,507,-18
104000034,320,364,-44
104000035,681,451,230
104000036,641,602,39
104000037,280,222,58
104000038,432,586,-154
104000039,185,302,-117
104000040,378,406,-28
104000041,2507,424,2083
104000042,223,495,-272
104000043,544,473,71
104000044,316,729,-413
104000045,1140,1325,-185
104000046,1249,1857,-608
104000047,854,1286,-432
104000048,866,1745,-879
104000049,667,295,372
104000050,274,713,-439
104000051,149,618,-469
104000052,2544,2038,506
104000053,1585,635,950
104000054,605,391,214
104000055,3577,2246,1331
104000056,1586,363,1223
104000057,256,666,-410
104000058,902,805,97
104000059,599,1339,-740
104000060,1020,1364,-344
104000061,1334,1180,154
104000062,568,239,329
104000064,559,352,207
104000065,279,613,-334
104000069,1313,1018,295
104000070,62,520,-458
104000071,377,799,-422
104000072,664,454,210
104000075,68,273,-205
104000076,510,115,395
104000082,1920,2918,-998
104000083,840,189,651
104000084,129,490,-361
104000085,332,320,12
104000086,227,465,-238
104000087,472,1478,-1006
104000090,710,1457,-747
104000092,989,2251,-1262
104000094,913,1693,-780
104000095,1991,1551,440
104000096,1504,324,1180
104000097,1483,964,519
104000098,1809,1115,694
104000100,1498,658,840
104000101,1329,1935,-606
104000106,151,747,-596
104000107,632,574,58
104000108,352,562,-210
104000109,277,106,171
104000110,921,1010,-89
104000111,3652,2023,1629
104000112,2348,592,1756
104000116,2,1011,-1009
104000117,182,738,-556
104000118,504,195,309
104000119,564,302,262
104000120,312,807,-495
104000121,243,713,-470
104000122,606,784,-178
104000123,876,1097,-221
104000124,951,2123,-1172
104000125,3445,3492,-47
104000126,323,422,-99
104000127,1545,3042,-1497
104000128,691,508,183
104000129,381,30,351
104000130,12,184,-172
104000131,760,597,163
104000132,607,679,-72
104000133,1340,823,517
104000134,969,1534,-565
104000135,447,1503,-1056
104000136,740,3339,-2599
104000137,1448,356,1092
104000138,1047,339,708
104000139,6520,2796,3724
104000141,1150,1476,-326
104000142,607,838,-231
104000143,585,555,30
104000144,86,250,-164
104000145,362,188,174
104000146,386,645,-259
104000147,112,369,-257
104000148,271,150,121
104000149,131,364,-233
104000150,952,479,473
104000151,437,497,-60
104000152,528,645,-117
104000153,516,541,-25
104000154,1163,667,496
104000155,455,582,-127
104000157,933,1557,-624
104000158,477,411,66
104000159,701,419,282
104000160,1468,1744,-276
104000161,157,261,-104
104000162,49,241,-192
104000165,1383,1308,75
104000167,557,1013,-456
104000168,520,6,514
104000169,68,45,23
104000170,450,472,-22
104000248,232,728,-496
104000251,58,325,-267
104000272,0,0,0
104000273,0,0,0
104000274,0,0,0
104000275,0,0,0
104000279,3651,2365,1286
104000290,86,243,-157
104000291,792,1245,-453
104000293,806,754,52
104000294,18,0,18
104000295,636,857,-221
104000296,464,857,-393
104000297,987,1937,-950
104000298,2495,926,1569
104000299,801,1619,-818
104000302,151,149,2
104000303,201,141,60
104900001,146,501,-355
104900002,42,155,-113
104900003,25,377,-352
104900004,91,370,-279
104900005,197,164,33
104900006,291,99,192
104900007,187,171,16
104900009,140,314,-174
104900010,74,105,-31
104900011,91,11,80
104900012,290,67,223
104900013,156,27,129
104900014,2440,271,2169
104900015,139,6,133
104900016,181,240,-59
104900017,195,238,-43
104900018,10,163,-153
104900019,329,2155,-1826
104900020,72,384,-312
104900021,3,168,-165
104900022,14,243,-229
104900023,1,73,-72
104900024,28,241,-213
104900025,125,253,-128
104900026,1,80,-79
104900027,398,276,122
104900028,23,99,-76
104900029,44,110,-66
104900030,406,256,150
104900031,98,228,-130
104900032,52,128,-76
104900033,122,230,-108
104900034,359,195,164
104900035,271,243,28
104900036,180,130,50
104900037,126,226,-100
104900038,519,781,-262
104900039,657,248,409
104900040,403,189,214
104900041,186,127,59
104900042,131,207,-76
104900043,14,100,-86
104900044,493,260,233
104900045,419,68,351
104900046,201,128,73
104900047,256,172,84
104900048,198,81,117
104900049,34,19,15
104900050,481,86,395
104900051,267,43,224
104900052,27,4,23
104900053,419,100,319
104900054,144,41,103
104900055,75,1,74
104900056,473,24,449
104900057,35,1,34
104900058,901,223,678
104900059,180,39,141
104900061,216,619,-403
104900063,49,158,-109
104900064,0,84,-84
104900065,0,165,-165
104900066,1,174,-173
104900067,0,320,-320
104900068,7,215,-208
104900070,209,302,-93
104900071,0,530,-530
104900072,51,286,-235
104900073,63,170,-107
104900074,55,294,-239
104900075,31,31,0
104900076,80,355,-275
104900077,786,195,591
104900078,179,692,-513
104900079,103,418,-315
104900080,67,578,-511
104900082,7,510,-503
104900085,5,243,-238
104900089,144,1,143
104900091,1756,536,1220
104900093,214,573,-359
104900097,2455,1988,467
104900098,120,72,48
104900099,38,447,-409
104900100,430,310,120
104900102,47,159,-112
104900103,432,58,374
104900106,86,152,-66
104900107,153,174,-21
104900108,58,212,-154
104900109,110,242,-132
104900110,2,48,-46
104900111,115,92,23
104900112,231,753,-522
104900113,541,339,202
104900114,396,480,-84
104900115,588,530,58
104900116,197,193,4
104900118,38,67,-29
104900119,31,53,-22
104900120,95,199,-104
104900121,1,72,-71
104900122,7,54,-47
104900123,14,8,6
104900124,32,3,29
104900125,430,192,238
104900126,100,62,38
104900127,40,137,-97
104900128,102,177,-75
104900129,1806,1520,286
105000001,2283,1781,502
105000002,2230,1704,526
105000003,3284,3532,-248
105000004,614,1125,-511
105000005,713,1005,-292
105000006,1309,1511,-202
105000007,1082,1269,-187
105000008,1875,2391,-516
105000009,1903,3019,-1116
105000010,3198,2531,667
105000011,2920,2448,472
105000012,4798,3507,1291
105000013,982,980,2
105000014,2213,2287,-74
105000015,9365,11567,-2202
105000016,3582,2147,1435
105000017,1897,980,917
105000018,1435,1348,87
105000019,2387,861,1526
105000020,190,438,-248
105000021,362,136,226
105000022,345,94,251
105000023,609,376,233
105000028,52,144,-92
105000029,548,1084,-536
105000030,4218,3038,1180
105000031,10,40,-30
105000033,1946,2563,-617
105000034,183,910,-727
105000037,645,385,260
105000038,1827,1462,365
105000039,3135,1773,1362
105000040,997,920,77
105000041,706,1529,-823
105000042,3244,1492,1752
105000043,2304,2229,75
105000044,541,439,102
105000045,350,1106,-756
105000046,994,366,628
105000047,544,1854,-1310
105000048,625,220,405
105000049,236,774,-538
105000050,593,364,229
105000051,222,557,-335
105000052,540,886,-346
105000053,191,212,-21
105000054,412,989,-577
105000055,906,432,474
105000056,2475,2612,-137
105000057,2278,898,1380
105000058,1317,1439,-122
105000059,618,700,-82
105000060,366,701,-335
105000061,535,661,-126
105000062,663,883,-220
105000063,361,589,-228
105000064,1067,962,105
105000065,384,716,-332
105000066,1158,1630,-472
105000067,1067,1052,15
105000068,597,944,-347
105000069,2284,1592,692
105000070,797,815,-18
105000071,238,717,-479
105000072,1019,2054,-1035
105000073,725,614,111
105000074,1190,998,192
105000075,575,857,-282
105000076,1330,1113,217
105000077,2948,1054,1894
105000078,1328,1250,78
105000079,1815,3041,-1226
105000080,1652,1323,329
105000081,4038,1263,2775
105000082,1113,1435,-322
105000083,4729,2598,2131
105000084,957,977,-20
105000085,1937,1555,382
105000086,671,1125,-454
105000087,1711,1969,-258
105000088,1591,1668,-77
105000089,3422,2581,841
105000090,1101,935,166
105000091,1613,1604,9
105000092,1136,1008,128
105000093,361,226,135
105000094,278,233,45
105000095,142,512,-370
105000096,1285,909,376
105000097,847,440,407
105000098,857,689,168
105000099,1243,1025,218
105000100,1153,1259,-106
105000101,2670,2136,534
105000102,1922,1692,230
105000103,1829,2461,-632
105000104,3227,1011,2216
105000105,2080,2324,-244
105000106,1656,1988,-332
105000107,1045,1017,28
105000108,1306,1605,-299
105000109,1380,1889,-509
105000110,633,736,-103
105000111,667,954,-287
105000112,1050,766,284
105000113,462,914,-452
105000114,2984,1222,1762
105000115,349,1350,-1001
105000116,639,603,36
105000117,991,1250,-259
105000118,693,518,175
105000119,843,1334,-491
105000120,851,598,253
105000121,829,1268,-439
105000122,446,699,-253
105000123,1758,1478,280
105000124,1762,988,774
105000125,839,2233,-1394
105000126,1873,1928,-55
105000127,2216,2485,-269
105000128,1996,1338,658
105000129,1186,468,718
105000130,373,2146,-1773
105000131,1185,509,676
105000132,631,637,-6
105000133,504,1134,-630
105000134,568,631,-63
105000135,564,927,-363
105000136,194,490,-296
105000137,406,298,108
105000138,253,502,-249
105000139,1050,1173,-123
105000140,345,603,-258
105000141,286,764,-478
105000142,168,623,-455
105000143,278,875,-597
105000144,343,1058,-715
105000145,578,445,133
105000146,514,1070,-556
105000147,460,385,75
105000148,1176,692,484
105000149,2322,2156,166
105000150,2066,1918,148
105000151,516,417,99
105000152,224,508,-284
105000153,513,934,-421
105000154,540,693,-153
105000155,485,1174,-689
105000156,988,850,138
105000157,826,1700,-874
105000158,1614,831,783
105000159,281,1073,-792
105000160,1598,648,950
105000161,720,1218,-498
105000162,538,1634,-1096
105000163,1190,940,250
105000164,225,320,-95
105000165,1108,4303,-3195
105000166,5656,938,4718
105000167,2336,1336,1000
105000168,314,783,-469
105000169,496,465,31
105000170,180,1685,-1505
105000171,1123,276,847
105000172,248,64,184
105000173,180,128,52
105000174,84,70,14
105000175,78,156,-78
105000176,310,183,127
105000177,266,265,1
105000178,105,468,-363
105000179,428,374,54
105000180,134,134,0
105000181,118,296,-178
105000182,87,56,31
105000183,2846,1627,1219
105000184,2140,1043,1097
105000185,1587,746,841
105000186,832,862,-30
105000187,881,254,627
105000188,562,136,426
105000189,360,543,-183
105000190,299,500,-201
105000191,463,424,39
105000192,297,86,211
105000193,121,117,4
105000194,438,142,296
105000195,304,725,-421
105000196,103,260,-157
105000197,276,613,-337
105000198,590,336,254
105000199,424,677,-253
105000200,176,213,-37
105000201,173,40,133
105000203,13,261,-248
105000204,97,101,-4
105000205,145,213,-68
105000207,614,274,340
105000208,211,458,-247
105000209,235,476,-241
105000211,262,23,239
105000212,1298,1427,-129
105000213,212,245,-33
105000214,165,392,-227
105000215,274,227,47
105000216,139,479,-340
105000217,115,405,-290
105000218,1272,1425,-153
105000221,137,258,-121
105000222,674,58,616
105000223,437,184,253
105000226,99,290,-191
105000227,102,169,-67
105000228,361,1315,-954
105000229,213,423,-210
105000231,232,301,-69
105000233,1091,748,343
105000234,956,1304,-348
105000235,342,595,-253
105000237,636,98,538
105000243,23,47,-24
105000248,63,75,-12
105000262,328,1438,-1110
105000269,117,233,-116
105000270,379,73,306
105000271,2,186,-184
105000282,80,53,27
105000287,407,101,306
105000288,785,530,255
105000289,3461,1837,1624
105000290,79,3,76
105000402,3610,3142,468
105000426,594,569,25
105000438,4507,1458,3049
105000440,24,48,-24
105000446,12455,5899,6556
105000447,7166,2759,4407
105000454,422,865,-443
105000455,355,260,95
105000474,9,7,2
105000477,346,591,-245
105000478,1535,3480,-1945
105000479,163,157,6
105000480,8881,5461,3420
105000481,4357,3107,1250
105000482,6139,7182,-1043
105000483,1416,1638,-222
105000484,2563,3143,-580
105000485,1659,2412,-753
105000486,5486,2588,2898
105000488,12532,6273,6259
105000489,808,1025,-217
105000549,240,222,18
105000550,585,1707,-1122
105000551,25,178,-153
105000552,3506,2127,1379
105000555,1615,1011,604
105000556,38,39,-1
105000557,57,221,-164
105900001,3,1060,-1057
105900002,1239,690,549
105900003,8,152,-144
105900004,313,153,160
105900005,8,278,-270
105900006,18,79,-61
105900007,110,12,98
105900008,42,584,-542
105900009,16,10,6
105900011,104,39,65
105900012,389,107,282
105900013,0,27,-27
105900014,8,63,-55
105900015,213,294,-81
105900016,404,500,-96
105900017,1569,86,1483
105900018,153,210,-57
105900019,50,358,-308
105900020,47,59,-12
105900021,15,184,-169
105900022,316,171,145
105900023,3,91,-88
105900024,5,155,-150
105900025,158,49,109
105900026,220,27,193
105900027,4609,6398,-1789
105900028,676,232,444
105900029,1400,312,1088
105900030,166,253,-87
105900031,355,237,118
105900032,68,178,-110
105900033,345,109,236
105900034,248,252,-4
105900035,156,184,-28
105900036,54,164,-110
105900037,85,58,27
105900038,108,298,-190
105900039,119,108,11
105900040,105,106,-1
105900041,215,163,52
105900042,38,122,-84
105900043,1188,34,1154
105900044,4,269,-265
105900045,2,689,-687
105900046,9,317,-308
105900047,15,41,-26
105900048,117,523,-406
105900050,5285,1723,3562
105900051,16,874,-858
105900052,499,318,181
105900053,3328,2751,577
105900054,363,181,182
105900056,667,291,376
105900057,37,136,-99
105900058,10,22,-12
105900059,0,28,-28
106000001,4587,2542,2045
106000002,2530,5284,-2754
106000003,2692,3679,-987
106000004,1958,2962,-1004
106000005,2673,5713,-3040
106000006,5595,4788,807
106000007,475,686,-211
106000008,458,399,59
106000009,484,389,95
106000010,513,623,-110
106000011,886,1085,-199
106000012,619,1136,-517
106000013,1720,2033,-313
106000014,1632,1765,-133
106000015,1383,1149,234
106000016,1869,2959,-1090
106000017,652,817,-165
106000018,722,548,174
106000019,366,526,-160
106000020,322,407,-85
106000021,298,456,-158
106000022,414,262,152
106000023,580,502,78
106000024,474,671,-197
106000025,101,216,-115
106000026,187,398,-211
106000027,1137,1564,-427
106000028,676,662,14
106000029,820,1464,-644
106000030,733,406,327
106000034,184,697,-513
106000035,1274,1884,-610
106000036,239,417,-178
106000037,2204,1671,533
106000038,453,121,332
106000039,139,82,57
106000040,184,1048,-864
106000041,773,442,331
106000043,610,210,400
106000046,447,88,359
106000047,91,483,-392
106000049,866,229,637
106000050,336,877,-541
106000051,612,460,152
106000052,110,738,-628
106000053,280,135,145
106000054,340,560,-220
106000055,806,1175,-369
106000056,267,489,-222
106000057,268,454,-186
106000058,114,215,-101
106000059,289,407,-118
106000060,372,610,-238
106000061,186,569,-383
106000062,137,528,-391
106000063,674,569,105
106000064,48,438,-390
106000065,276,344,-68
106000066,126,362,-236
106000067,857,136,721
106000068,64,596,-532
106000069,225,120,105
106000070,453,811,-358
106000071,914,327,587
106000072,3267,1537,1730
106000073,1726,3060,-1334
106000074,538,764,-226
106000075,324,1530,-1206
106000076,1823,2205,-382
106000077,3631,1401,2230
106000078,812,989,-177
106000079,641,1080,-439
106000080,1133,692,441
106000081,616,1203,-587
106000082,2090,857,1233
106000083,372,1558,-1186
106000084,1071,725,346
106000085,1436,1580,-144
106000086,597,886,-289
106000087,842,594,248
106000088,462,789,-327
106000089,838,438,400
106000090,263,682,-419
106000091,246,569,-323
106000092,660,281,379
106000093,401,179,222
106000094,142,306,-164
106000095,604,958,-354
106000096,833,812,21
106000097,1093,1112,-19
106000098,1072,1178,-106
106000099,202,1079,-877
106000100,1547,293,1254
106000101,3000,356,2644
106000102,627,715,-88
106000103,543,593,-50
106000104,1725,548,1177
106000105,484,654,-170
106000106,650,643,7
106000107,197,423,-226
106000108,373,513,-140
106000109,163,427,-264
106000110,240,483,-243
106000111,226,506,-280
106000112,228,621,-393
106000113,751,616,135
106000114,565,864,-299
106000115,252,510,-258
106000116,222,268,-46
106000117,780,457,323
106000118,1041,1350,-309
106000119,1131,883,248
106000120,676,1049,-373
106000121,159,140,19
106000122,153,283,-130
106000123,359,171,188
106000124,71,307,-236
106000125,43,288,-245
106000126,289,208,81
106000127,863,1086,-223
106000128,694,300,394
106000129,509,847,-338
106000130,570,549,21
106000131,125,895,-770
106000132,594,267,327
106000133,2596,1411,1185
106000134,699,2977,-2278
106000135,271,744,-473
106000136,633,1146,-513
106000137,102,1088,-986
106000138,1224,120,1104
106000139,53,123,-70
106000140,47,77,-30
106000141,83,98,-15
106000142,45,63,-18
106000143,89,113,-24
106000144,66,59,7
106000145,194,294,-100
106000146,280,204,76
106000147,674,881,-207
106000148,1124,1271,-147
106000149,488,724,-236
106000150,467,2039,-1572
106000151,4158,872,3286
106000152,1427,1953,-526
106000153,166,1978,-1812
106000154,1659,304,1355
106000155,119,330,-211
106000156,516,273,243
106000157,573,1767,-1194
106000158,2540,935,1605
106000159,3283,1792,1491
106000160,379,2425,-2046
106000161,1497,483,1014
106000162,251,912,-661
106000163,523,453,70
106000164,377,424,-47
106000165,174,632,-458
106000166,698,315,383
106000167,367,1146,-779
106000168,415,298,117
106000169,188,723,-535
106000170,895,329,566
106000171,281,1217,-936
106000172,2458,1370,1088
106000173,1206,2678,-1472
106000174,903,414,489
106000175,259,978,-719
106000176,1503,820,683
106000177,858,2673,-1815
106000178,3048,1724,1324
106000179,1076,2556,-1480
106000180,698,1445,-747
106000181,576,1766,-1190
106000182,1155,727,428
106000183,1078,766,312
106000184,1296,684,612
106000185,782,1151,-369
106000186,882,180,702
106000187,185,1121,-936
106000188,0,1,-1
106000189,17,77,-60
106000190,15,0,15
106000191,613,244,369
106000192,2,13,-11
106000193,378,257,121
106000194,175,345,-170
106000195,723,166,557
106000196,184,402,-218
106000197,477,310,167
106000198,205,292,-87
106000199,999,691,308
106000200,223,176,47
106000201,516,2468,-1952
106000202,4255,607,3648
106000203,77,218,-141
106000204,83,7,76
106000205,20,167,-147
106000206,64,18,46
106000207,51,826,-775
106000208,1137,207,930
106000209,1140,308,832
106000210,313,1125,-812
106000211,396,1238,-842
106000212,801,310,491
106000213,711,1861,-1150
106000214,2748,664,2084
106000215,616,561,55
106000216,810,344,466
106000217,296,524,-228
106000218,577,549,28
106000219,145,395,-250
106000220,574,350,224
106000221,161,279,-118
106000222,35,101,-66
106000223,150,154,-4
106000224,218,247,-29
106000225,73,99,-26
106000226,155,321,-166
106000228,43,115,-72
106000229,99,764,-665
106000231,874,114,760
106000232,94,370,-276
106000233,700,83,617
106000234,194,188,6
106000235,1552,110,1442
106000236,763,70,693
106000237,35,14,21
106000238,369,14,355
106000239,3,250,-247
106000240,38,11,27
106000241,25,799,-774
106000242,268,41,227
106000249,63,80,-17
106000250,64,579,-515
106000251,117,46,71
106000252,39,73,-34
106000253,27,99,-72
106000254,22,41,-19
106000255,18,160,-142
106000256,41,72,-31
106000257,120,240,-120
106000258,755,21,734
106000259,42,51,-9
106000260,34,5,29
106000261,4,51,-47
106000262,196,26,170
106000263,20,79,-59
106000264,254,15,239
106000265,19,153,-134
106000266,93,35,58
106000267,6,76,-70
106000268,577,90,487
106000269,77,57,20
106000270,160,594,-434
106000271,81,304,-223
106000272,247,65,182
106000273,7,286,-279
106000274,173,45,128
106000275,152,303,-151
106000276,140,56,84
106000277,169,284,-115
106000278,190,31,159
106000279,24,36,-12
106000280,96,101,-5
106000281,115,70,45
106000282,87,85,2
106000283,83,60,23
106000284,63,130,-67
106000285,104,126,-22
106000286,80,168,-88
106000287,135,120,15
106000288,84,197,-113
106000289,77,85,-8
106000290,71,115,-44
106000291,83,83,0
106000292,114,102,12
106000293,120,105,15
106000294,126,162,-36
106000295,57,40,17
106000296,53,127,-74
106000297,58,217,-159
106000298,175,67,108
106000299,72,144,-72
106000300,45,110,-65
106000301,66,102,-36
106000303,33,90,-57
106000304,36,36,0
106000305,62,66,-4
106000306,37,49,-12
106000307,34,113,-79
106000308,22,113,-91
106000309,14,63,-49
106000310,281,546,-265
106000311,309,160,149
106000312,77,181,-104
106000313,146,201,-55
106000318,104,399,-295
106000319,1198,235,963
106000320,9,32,-23
106000321,390,84,306
106000322,129,177,-48
106000324,6,146,-140
106000325,1410,978,432
106000326,1612,2200,-588
106000327,126,182,-56
106000328,19,132,-113
106000329,129,272,-143
106000330,73,66,7
106000428,88,228,-140
106000429,128,515,-387
106000430,362,1385,-1023
106000431,2527,468,2059
106000432,2143,3382,-1239
106000433,2126,1528,598
106000434,2996,1566,1430
106000435,1824,3006,-1182
106000436,18,252,-234
106000437,350,41,309
106000438,342,162,180
106000439,68,392,-324
106000440,407,588,-181
106000441,4,1,3
106000442,168,9,159
106000443,110,408,-298
106000450,3,200,-197
106000451,35,58,-23
106000454,4,510,-506
106000455,12,206,-194
106000456,109,74,35
106000457,37,1039,-1002
106000458,892,200,692
106000459,505,481,24
106000460,1546,59,1487
106000461,139,1530,-1391
106000462,15,58,-43
106000463,5,34,-29
106000464,7,634,-627
106000465,640,3,637
106000466,10,728,-718
106000467,590,801,-211
106000468,56,144,-88
106000469,295,3,292
106000470,278,1719,-1441
106000471,30,631,-601
106000472,158,24,134
106000473,47,21,26
106000474,433,651,-218
106000475,441,343,98
106000476,173,251,-78
106000477,46,176,-130
106000480,4,666,-662
106900001,0,12,-12
106900002,2,501,-499
106900003,314,930,-616
106900004,0,51,-51
106900006,2,14,-12
106900007,0,18,-18
106900008,292,262,30
106900009,302,345,-43
106900010,277,297,-20
106900012,1740,2669,-929
106900013,1120,109,1011
106900014,29,5,24
106900015,27,0,27
106900016,277,8,269
106900017,2,0,2
106900018,1,1,0
106900019,18,1,17
106900020,2416,1274,1142
106900021,134,118,16
106900022,644,4,640
106900023,2,187,-185
106900024,852,32,820
106900025,54,707,-653
106900026,0,644,-644
106900027,939,8,931
107000001,4252,3292,960
107000002,2984,4601,-1617
107000003,5197,7099,-1902
107000004,4816,5996,-1180
107000005,4124,5495,-1371
107000006,5887,5631,256
107000007,5023,10242,-5219
107000008,12718,9585,3133
107000009,6506,7418,-912
107000010,15674,13380,2294
107000011,1554,1597,-43
107000012,5562,4054,1508
107000013,269,286,-17
107000014,73,270,-197
107000015,524,806,-282
107000016,771,1144,-373
107000017,4291,1413,2878
107000018,19,815,-796
107000020,2709,1059,1650
107000021,1808,658,1150
107000022,1035,1415,-380
107000023,2529,338,2191
107000024,640,1562,-922
107000025,215,384,-169
107000026,265,593,-328
107000027,1411,1337,74
107000028,1343,1792,-449
107000029,3311,3061,250
107000030,3619,4062,-443
107000031,3459,2571,888
107000032,535,1128,-593
107000033,3515,5472,-1957
107000034,3966,2121,1845
107000035,372,275,97
107000036,449,1350,-901
107000037,96,853,-757
107000038,289,343,-54
107000039,801,864,-63
107000040,186,515,-329
107000041,1417,671,746
107000042,737,1979,-1242
107000043,2806,1151,1655
107000044,598,350,248
107000045,159,285,-126
107000046,886,412,474
107000047,517,1034,-517
107000048,636,322,314
107000049,607,869,-262
107000050,1050,664,386
107000051,511,427,84
107000052,1189,1030,159
107000053,322,237,85
107000054,95,296,-201
107000055,312,159,153
107000056,519,865,-346
107000057,1921,345,1576
107000058,2202,2172,30
107000059,2188,3620,-1432
107000060,3620,5580,-1960
107000061,5151,4372,779
107000062,3354,3320,34
107000063,4460,6309,-1849
107000064,4327,2304,2023
107000065,5391,5675,-284
107000066,1688,2584,-896
107000067,1039,1127,-88
107000068,1278,603,675
107000069,703,420,283
107000070,1184,11,1173
107000071,2830,54,2776
107000072,64,2484,-2420
107000073,729,348,381
107000074,188,1496,-1308
107000075,1468,513,955
107000076,697,1396,-699
107000077,3110,1355,1755
107000078,2784,3693,-909
107000079,2652,1073,1579
107000080,1507,3757,-2250
107000081,1624,711,913
107000082,510,1653,-1143
107000083,1356,536,820
107000084,868,2876,-2008
107000085,2957,3953,-996
107000086,5008,4391,617
107000087,2853,2365,488
107000088,4429,4251,178
107000089,1391,1948,-557
107000090,1353,1358,-5
107000091,1142,1013,129
107000092,825,1236,-411
107000093,1035,929,106
107000094,1611,1742,-131
107000095,815,800,15
107000096,640,988,-348
107000097,906,466,440
107000098,653,824,-171
107000099,547,345,202
107000100,253,340,-87
107000101,71,208,-137
107000102,277,385,-108
107000103,316,199,117
107000104,218,390,-172
107000105,399,140,259
107000106,299,318,-19
107000107,626,197,429
107000108,217,730,-513
107000109,643,200,443
107000110,109,513,-404
107000111,399,62,337
107000112,88,343,-255
107000113,715,117,598
107000114,106,690,-584
107000115,499,153,346
107000116,126,840,-714
107000117,199,643,-444
107000118,129,258,-129
107000119,1553,1653,-100
107000120,1544,460,1084
107000121,707,811,-104
107000122,1186,1139,47
107000123,356,783,-427
107000124,528,1154,-626
107000125,792,758,34
107000126,840,1039,-199
107000129,350,1027,-677
107000130,879,264,615
107000131,466,740,-274
107000132,634,357,277
107000133,1428,115,1313
107000134,396,6,390
107000135,6,282,-276
107000136,950,16,934
107000137,25,480,-455
107000138,650,35,615
107000139,23,465,-442
107000140,2397,135,2262
107000141,220,944,-724
107000142,635,158,477
107000143,86,750,-664
107000144,698,596,102
107000145,172,575,-403
107000146,171,485,-314
107000147,4874,1448,3426
107000150,719,2557,-1838
107000151,64,112,-48
107000152,503,1199,-696
107000153,213,417,-204
107000154,300,281,19
107000155,893,26,867
107000156,1067,25,1042
107000157,74,1885,-1811
107000158,700,23,677
107000159,59,1327,-1268
107000160,857,139,718
107000161,97,1770,-1673
107000162,274,572,-298
107000163,344,34,310
107000164,763,1,762
107000165,861,4,857
107000166,46,1379,-1333
107000167,590,301,289
107000168,873,598,275
107000169,941,1226,-285
107000170,1638,1087,551
107000171,723,1924,-1201
107000172,1026,1452,-426
107000173,650,1681,-1031
107000174,884,3985,-3101
107000175,8205,2845,5360
107000176,0,9,-9
107000177,2,2,0
107000178,12,37,-25
107000179,301,2749,-2448
107000180,1269,343,926
107000181,361,1650,-1289
107000182,1539,942,597
107000183,154,1034,-880
107000184,998,759,239
107000185,466,1552,-1086
107000186,1123,499,624
107000187,1705,1519,186
107000188,784,648,136
107000189,479,1198,-719
107000190,659,865,-206
107000191,845,1574,-729
107000192,1642,957,685
107000193,372,563,-191
107000194,984,764,220
107000197,963,331,632
107000198,405,972,-567
107000199,734,1011,-277
107000200,680,720,-40
107000201,1022,263,759
107000202,550,541,9
107000203,2002,640,1362
107000204,1534,647,887
107000205,2310,997,1313
107000206,822,1133,-311
107000207,793,872,-79
107000208,986,405,581
107000209,2043,1088,955
107000210,774,436,338
107000211,11,38,-27
107000212,10,370,-360
107000213,9,25,-16
107000214,15,183,-168
107000215,317,436,-119
107000216,434,336,98
107000217,473,131,342
107000219,86,87,-1
107000220,505,221,284
107000222,282,885,-603
107000224,438,86,352
107000225,258,514,-256
107000226,417,95,322
107000227,114,321,-207
107000228,77,243,-166
107000229,137,114,23
107000230,1272,591,681
107000231,1800,1432,368
107000232,92,46,46
107000233,1633,894,739
107000234,5,72,-67
107000235,71,7,64
107000236,26,591,-565
107000237,28,3,25
107000238,24,1,23
107000239,3755,526,3229
107000240,67,1059,-992
107000243,1,77,-76
107000244,10,59,-49
107000246,2,1389,-1387
107000249,1,1156,-1155
107000251,2,328,-326
107000252,3,1170,-1167
107000255,405,90,315
107000257,2,475,-473
107000258,0,162,-162
107000259,17,194,-177
107000260,676,12,664
107000262,13,534,-521
107000263,239,30,209
107000266,4,67,-63
107000267,85,167,-82
107000268,169,179,-10
107000269,648,65,583
107000270,2,10,-8
107000271,9,843,-834
107000272,25,174,-149
107000273,7,243,-236
107000274,1169,7,1162
107000275,805,1288,-483
107000280,831,29,802
107000281,50,1046,-996
107000282,60,1116,-1056
107000290,8,38,-30
107000291,27,10,17
107000292,0,57,-57
107000293,148,4,144
107000294,0,38,-38
107000295,91,3,88
107000296,0,17,-17
107000444,291,14,277
107000496,0,20,-20
107000497,1570,2960,-1390
107000500,305,325,-20
107000501,199,176,23
107000502,246,412,-166
107000505,423,861,-438
107000506,0,37,-37
107000508,9,635,-626
107000509,295,1374,-1079
107000510,205,23,182
107000514,47,341,-294
107000515,38,240,-202
107000516,310,242,68
107000518,983,1282,-299
107000519,2617,1407,1210
107000520,52,40,12
107000521,636,556,80
107000522,962,689,273
107900001,41,215,-174
107900002,37,4,33
107900003,184,64,120
107900004,3,1,2
107900005,1264,5,1259
107900006,146,1,145
107900007,332,44,288
107900008,88,15,73
107900009,128,3,125
107900010,20,1,19
107900012,212,30,182
107900013,230,46,184
107900014,58,8,50
107900015,850,6,844
107900016,389,98,291
107900017,11,2,9
107900018,44,110,-66
107900019,22,35,-13
107900020,46,19,27
107900021,53,175,-122
107900023,8,1,7
107900024,0,5,-5
107900025,170,337,-167
107900026,68,73,-5
107900027,89,59,30
107900028,56,81,-25
107900030,192,20,172
107900031,65,94,-29
107900032,29,2,27
107900033,23,10,13
107900034,344,20,324
107900035,715,61,654
107900036,46,8,38
107900037,0,16,-16
107900038,140,194,-54
107900039,32,47,-15
107900040,37,57,-20
107900041,2,1,1
107900043,23,94,-71
107900044,23,9,14
107900045,64,52,12
107900046,187,144,43
107900047,8,29,-21
107900048,143,8,135
107900049,340,1801,-1461
107900050,157,436,-279
107900051,72,76,-4
107900052,28,19,9
107900053,35,99,-64
107900055,508,199,309
107900056,179,44,135
107900057,3,0,3
107900058,35,691,-656
107900060,97,38,59
107900061,24,13,11
107900063,84,109,-25
107900064,240,126,114
107900065,158,8,150
107900066,39,6,33
107900067,0,0,0
107900068,196,253,-57
107900069,65,1783,-1718
107900070,106,25,81
107900071,34,867,-833
107900072,77,154,-77
107900073,491,101,390
107900074,970,241,729
107900076,73,55,18
107900077,48,1,47
107900079,16,14,2
107900080,292,299,-7
107900081,37,134,-97
107900082,23,22,1
107900083,361,125,236
107900084,80,126,-46
107900086,394,149,245
107900087,771,129,642
107900088,27,5,22
107900089,254,1105,-851
107900090,660,2395,-1735
107900091,192,558,-366
107900093,79,85,-6
107900095,4224,2651,1573
107900097,20,48,-28
107900098,56,200,-144
107900100,1051,1129,-78
107900101,1278,217,1061
107900102,21,1,20
107900103,46,204,-158
107900104,201,9,192
107900105,2,604,-602
107900106,3,1208,-1205
107900107,1145,548,597
107900108,395,122,273
107900109,972,21,951
107900110,40,108,-68
107900111,13,1000,-987
107900112,104,321,-217
107900113,174,149,25
107900114,146,217,-71
107900115,5,40,-35
107900116,152,185,-33
107900117,357,509,-152
107900118,81,167,-86
107900119,42,301,-259
107900120,34,22,12
107900121,3,314,-311
107900122,2,67,-65
107900123,3,35,-32
107900124,37,33,4
107900125,20,167,-147
107900126,3,44,-41
107900127,451,288,163
107900128,125,68,57
107900129,49,40,9
107900130,55,41,14
107900131,680,209,471
107900132,123,477,-354
107900133,0,95,-95
107900134,21,50,-29
107900135,5,177,-172
107900136,36,47,-11
107900137,436,99,337
107900138,57,52,5
107900139,27,130,-103
107900141,45,25,20
107900142,223,976,-753
107900143,127,25,102
107900144,2,150,-148
107900145,10,109,-99
107900146,43,125,-82
107900147,32,24,8
107900148,162,127,35
107900149,1084,238,846
107900150,119,787,-668
107900151,41,140,-99
107900152,7,251,-244
107900153,239,341,-102
107900154,62,36,26
107900155,38,94,-56
107900156,2,382,-380
107900157,21,57,-36
107900158,705,24,681
107900159,23,846,-823
107900160,116,192,-76
107900161,27,227,-200
107900162,0,39,-39
107900163,84,47,37
107900164,10,34,-24
107900165,17,101,-84
107900166,11,256,-245
107900167,28,29,-1
107900168,27,40,-13
107900169,4,199,-195
107900171,12,1783,-1771
107900172,2,383,-381
107900173,9,175,-166
107900174,83,4,79
107900175,76,23,53
107900176,30,40,-10
107900177,0,110,-110
107900178,0,227,-227
107900179,16,130,-114
107900180,620,470,150
107900181,359,306,53
107900182,3,1543,-1540
107900183,47,353,-306
107900184,295,206,89
107900185,94,4,90
107900186,12,42,-30
107900187,0,147,-147
107900188,812,135,677
107900189,57,103,-46
107900190,109,111,-2
107900191,74,135,-61
107900193,29,52,-23
107900194,171,16,155
107900195,3075,430,2645
107900196,38,103,-65
107900197,1059,355,704
107900199,2,1135,-1133
107900201,56,97,-41
107900203,22,74,-52
107900204,193,162,31
107900206,954,143,811
107900207,6,770,-764
107900208,20,788,-768
107900209,391,135,256
107900210,91,104,-13
107900213,484,400,84
107900214,16,153,-137
107900215,165,302,-137
107900216,162,67,95
107900217,47,79,-32
107900218,22,1612,-1590
107900219,50,121,-71
107900220,202,294,-92
107900221,166,213,-47
107900223,77,550,-473
107900224,108,319,-211
107900225,5,746,-741
107900226,126,152,-26
107900227,153,461,-308
107900228,19,79,-60
107900229,1,256,-255
107900230,20,157,-137
107900231,7,198,-191
107900232,80,168,-88
107900233,8,177,-169
107900234,92,125,-33
107900235,26,107,-81
107900236,100,112,-12
107900237,76,365,-289
107900238,26,94,-68
107900239,908,460,448
107900240,33,167,-134
107900241,15,92,-77
107900242,39,251,-212
107900243,2,84,-82
107900244,283,0,283
107900245,587,53,534
107900246,381,11,370
107900248,313,323,-10
107900249,566,25,541
107900250,0,634,-634
107900251,126,1820,-1694
107900252,816,23,793
107900253,124,6,118
107900254,76,938,-862
107900255,334,115,219
107900256,2683,1323,1360
107900257,165,107,58
107900258,85,197,-112
107900259,97,1591,-1494
107900261,0,337,-337
107900262,58,123,-65
107900264,381,8,373
107900265,557,187,370
107900267,243,39,204
107900268,6,1,5
107900269,0,0,0
107900270,0,0,0
107900271,2,6,-4
107900272,49,11,38
107900273,17,133,-116
107900274,41,0,41
107900275,20,0,20
107900276,0,83,-83
107900277,5,176,-171
107900278,233,339,-106
107900279,95,191,-96
107900280,1481,2775,-1294
107900281,2110,2424,-314
107900282,68,416,-348
107900283,1085,418,667
107900284,639,801,-162
107900285,85,95,-10
107900286,127,57,70
107900287,169,188,-19
107900290,1,104,-103
107900291,390,15,375
107900292,101,258,-157
107900293,72,569,-497
107900295,65,59,6
107900297,2,339,-337
107900298,734,1021,-287
107900299,3058,2053,1005
107900301,1173,661,512
107900302,78,58,20
107900303,205,344,-139
107900304,255,476,-221
107900305,268,8,260
107900306,12,24,-12
107900307,83,283,-200
107900308,147,104,43
107900309,225,1,224
107900310,590,2,588
107900311,5,332,-327
107900312,81,3,78
107900313,0,165,-165
107900314,4,57,-53
107900315,3,55,-52
107900316,29,6,23
107900317,128,9,119
107900318,18,140,-122
107900319,1,171,-170
107900320,3,186,-183
107900321,88,7,81
107900322,3,140,-137
107900323,18,178,-160
107900324,138,3,135
107900325,102,0,102
107900326,266,333,-67
107900327,2,87,-85
107900328,180,1,179
107900329,278,100,178
107900330,8,446,-438
107900331,141,36,105
107900332,227,34,193
107900333,50,11,39
107900334,11,148,-137
107900335,54,35,19
107900336,40,43,-3
107900337,1124,827,297
107900338,6,135,-129
107900339,8,21,-13
107900340,0,57,-57
107900341,65,3,62
107900342,127,121,6
107900343,51,7,44
107900344,12,64,-52
107900345,77,38,39
107900346,13,0,13
107900347,24,0,24
107900348,5,2,3
107900349,8,2,6
107900350,25,252,-227
107900351,10,201,-191
107900352,5,37,-32
107900353,46,10,36
107900354,19,62,-43
108000001,2694,3268,-574
108000002,2062,2824,-762
108000003,3317,3051,266
108000004,13673,17269,-3596
108000005,8095,6026,2069
108000006,8618,9076,-458
108000007,5233,4186,1047
108000008,5787,7922,-2135
108000009,3319,4342,-1023
108000010,4035,5789,-1754
108000011,11777,11604,173
108000012,21081,19215,1866
108000014,1307,701,606
108000015,880,333,547
108000016,351,628,-277
108000017,1048,397,651
108000018,1613,597,1016
108000019,2446,911,1535
108000020,1264,545,719
108000021,347,1777,-1430
108000022,430,1412,-982
108000023,1106,212,894
108000024,284,642,-358
108000025,267,45,222
108000026,746,573,173
108000027,791,652,139
108000028,836,294,542
108000029,637,983,-346
108000030,522,254,268
108000031,343,755,-412
108000032,1413,640,773
108000033,758,1317,-559
108000034,1578,540,1038
108000035,759,2757,-1998
108000036,303,1121,-818
108000037,1483,415,1068
108000038,2348,585,1763
108000039,645,2527,-1882
108000040,1630,879,751
108000041,701,2836,-2135
108000042,270,289,-19
108000043,252,582,-330
108000044,438,242,196
108000045,279,510,-231
108000046,1374,357,1017
108000047,540,1172,-632
108000048,171,653,-482
108000049,1218,305,913
108000050,304,867,-563
108000051,355,143,212
108000052,170,717,-547
108000053,443,218,225
108000054,569,1104,-535
108000055,978,495,483
108000056,1793,1805,-12
108000057,617,1080,-463
108000058,1916,3485,-1569
108000059,3517,2385,1132
108000060,211,673,-462
108000061,348,634,-286
108000062,669,586,83
108000063,407,520,-113
108000064,180,271,-91
108000065,509,578,-69
108000066,1546,721,825
108000067,1617,544,1073
108000068,738,376,362
108000069,259,1236,-977
108000070,1868,766,1102
108000071,765,1834,-1069
108000072,1492,1284,208
108000073,1429,2158,-729
108000074,512,428,84
108000075,351,1109,-758
108000076,707,715,-8
108000077,647,826,-179
108000078,1933,1522,411
108000079,904,1527,-623
108000080,1219,608,611
108000081,919,2964,-2045
108000082,1108,2094,-986
108000083,1669,1041,628
108000084,601,1369,-768
108000085,849,444,405
108000086,1020,812,208
108000087,115,1726,-1611
108000088,690,167,523
108000089,321,390,-69
108000091,229,518,-289
108000092,196,102,94
108000093,160,664,-504
108000094,568,138,430
108000095,161,521,-360
108000096,319,211,108
108000097,149,507,-358
108000098,1447,1446,1
108000099,1295,281,1014
108000100,144,501,-357
108000101,1927,1583,344
108000102,1782,3409,-1627
108000106,1142,0,1142
108000107,1,798,-797
108000108,766,53,713
108000109,10,736,-726
108000110,174,393,-219
108000111,203,661,-458
108000112,50,139,-89
108000113,657,324,333
108000115,342,314,28
108000117,798,375,423
108000118,609,1654,-1045
108000119,706,459,247
108000120,145,763,-618
108000121,227,559,-332
108000122,518,330,188
108000123,1102,234,868
108000124,711,401,310
108000125,558,297,261
108000126,288,635,-347
108000127,508,430,78
108000128,746,722,24
108000129,592,1092,-500
108000130,707,356,351
108000131,961,603,358
108000132,2146,1711,435
108000133,765,530,235
108000134,806,907,-101
108000135,1085,705,380
108000136,655,1962,-1307
108000137,432,420,12
108000138,407,1224,-817
108000139,396,436,-40
108000140,101,37,64
108000141,42,116,-74
108000142,75,112,-37
108000143,37,621,-584
108000144,329,59,270
108000145,37,25,12
108000146,494,65,429
108000147,49,49,0
108000148,510,103,407
108000149,49,25,24
108000150,37,12,25
108000151,408,76,332
108000152,139,578,-439
108000153,422,195,227
108000154,55,30,25
108000155,46,25,21
108000156,930,581,349
108000157,196,797,-601
108000158,98,636,-538
108000159,561,213,348
108000160,3666,1273,2393
108000161,2710,2212,498
108000165,0,151,-151
108000172,8,332,-324
108000173,2227,1854,373
108000175,456,141,315
108000178,436,371,65
108000179,185,732,-547
108000181,69,43,26
108000182,339,128,211
108000183,112,400,-288
108000184,1148,2024,-876
108000185,271,703,-432
108000186,359,617,-258
108000187,167,777,-610
108000188,521,302,219
108000189,2484,6719,-4235
108000190,85,414,-329
108000192,198,708,-510
108000193,788,29,759
108000194,48,7,41
108000195,2,1144,-1142
108000196,375,171,204
108000198,658,524,134
108000199,0,192,-192
108000200,489,605,-116
108000203,128,968,-840
108000204,153,60,93
108000205,489,504,-15
108000339,1638,432,1206
108000364,379,693,-314
108000365,109,311,-202
108000367,76,328,-252
108000368,18,76,-58
108000369,1306,251,1055
108000371,10,770,-760
108000372,605,14,591
108000373,273,175,98
108000376,90,38,52
108000377,345,370,-25
108000378,8472,9926,-1454
108000379,14,208,-194
108000381,72,36,36
108000382,228,0,228
108000383,1,174,-173
108900001,109,1268,-1159
108900002,177,48,129
108900003,368,799,-431
108900004,199,344,-145
108900007,235,175,60
108900008,96,122,-26
108900009,56,137,-81
108900010,210,177,33
108900011,489,454,35
108900012,260,481,-221
108900013,183,297,-114
108900014,7,118,-111
108900015,4,33,-29
108900016,1,231,-230
108900017,249,295,-46
108900018,87,462,-375
108900019,59,957,-898
108900020,43,222,-179
108900021,76,220,-144
108900022,44,2,42
108900023,42,28,14
108900024,24,146,-122
108900025,96,150,-54
108900026,20,103,-83
108900027,0,83,-83
108900028,58,393,-335
108900029,59,340,-281
108900030,0,99,-99
108900031,102,435,-333
108900032,14,207,-193
108900033,0,56,-56
108900034,2,229,-227
108900035,320,1573,-1253
108900038,3,392,-389
108900039,3,538,-535
108900040,3,167,-164
108900041,5046,2747,2299
108900042,3,385,-382
108900043,33,427,-394
108900044,1,550,-549
108900045,57,601,-544
108900046,54,745,-691
108900047,9,96,-87
108900048,116,970,-854
108900049,4140,1356,2784
108900050,0,226,-226
108900051,0,229,-229
108900052,34,260,-226
108900053,140,175,-35
108900054,61,212,-151
108900055,49,348,-299
108900056,2,189,-187
108900057,1,143,-142
108900058,29,430,-401
108900059,301,28,273
108900060,64,134,-70
108900061,109,22,87
108900062,5,256,-251
108900063,7,366,-359
108900064,138,89,49
108900065,10,298,-288
108900066,358,145,213
108900067,28,141,-113
108900068,9,208,-199
108900069,53,95,-42
108900070,47,137,-90
108900071,62,86,-24
108900072,1857,553,1304
108900073,35,396,-361
108900074,151,503,-352
108900075,77,54,23
108900076,234,123,111
108900077,146,504,-358
108900078,21,224,-203
108900079,1015,244,771
108900080,22,762,-740
108900081,38,265,-227
108900082,59,130,-71
108900083,30,236,-206
108900085,2205,215,1990
108900086,70,317,-247
108900087,110,191,-81
108900088,975,419,556
108900089,21,127,-106
108900090,32,358,-326
108900091,117,82,35
108900092,445,367,78
108900093,83,90,-7
108900094,206,93,113
108900095,75,418,-343
108900096,348,17,331
108900097,218,244,-26
108900098,2724,555,2169
108900099,411,286,125
108900100,81,158,-77
108900101,138,125,13
108900102,108,749,-641
108900103,75,111,-36
108900105,8,1157,-1149
108900106,329,512,-183
108900108,361,41,320
108900109,319,58,261
108900110,193,534,-341
108900111,412,688,-276
108900113,43,62,-19
108900114,61,10,51
108900115,49,77,-28
108900116,115,18,97
108900117,171,18,153
108900118,398,16,382
108900119,206,20,186
108900120,258,196,62
108900121,290,108,182
108900122,111,24,87
108900123,111,114,-3
108900124,363,243,120
108900125,323,8,315
108900126,89,20,69
108900127,130,20,110
108900128,98,63,35
108900129,607,170,437
108900130,264,0,264
108900131,433,7,426
108900132,374,81,293
108900133,258,69,189
108900134,283,316,-33
108900135,104,13,91
108900136,33,1,32
108900137,103,0,103
108900138,566,36,530
108900140,252,306,-54
108900141,233,23,210
108900142,141,3,138
108900143,39,0,39
108900144,93,2,91
108900145,103,17,86
108900146,53,0,53
108900147,167,0,167
108900148,116,34,82
108900150,240,4,236
108900151,217,2,215
108900152,166,2,164
108900153,161,488,-327
108900154,4602,524,4078
108900156,86,9,77
108900157,22,549,-527
108900158,468,41,427
108900159,11,280,-269
108900160,27,279,-252
108900161,11,477,-466
108900162,109,5,104
108900163,3,263,-260
108900164,75,111,-36
108900168,8758,2381,6377
108900169,43,88,-45
108900171,8158,2551,5607
108900172,165,39,126
108900173,175,350,-175
108900174,593,684,-91
108900176,107,549,-442
108900177,6104,4599,1505
108900178,4016,2800,1216
108900180,80,255,-175
108900183,230,209,21
108900184,392,196,196
108900185,123,278,-155
108900186,77,419,-342
108900189,305,168,137
108900190,53,3172,-3119
108900192,73,221,-148
108900195,101,315,-214
108900196,15,424,-409
108900199,294,365,-71
108900200,563,342,221
108900201,470,1344,-874
108900203,470,69,401
108900204,281,23,258
108900205,128,36,92
108900206,410,16,394
108900207,128,44,84
108900208,44,311,-267
108900209,285,458,-173
108900210,183,207,-24
108900211,146,378,-232
108900212,644,1189,-545
108900215,87,488,-401
108900216,511,129,382
108900217,173,0,173
108900218,164,13,151
108900221,52,99,-47
108900224,24,193,-169
108900225,0,194,-194
108900227,88,183,-95
108900230,242,283,-41
108900232,4,275,-271
108900233,304,78,226
108900234,232,171,61
108900235,221,607,-386
108900236,21,338,-317
108900240,105,115,-10
108900241,38,39,-1
108900245,12,1133,-1121
108900250,101,123,-22
108900258,7,209,-202
108900259,115,93,22
108900260,5,101,-96
108900261,140,148,-8
108900262,193,164,29
108900263,36,155,-119
108900264,704,309,395
108900265,1070,342,728
108900266,855,400,455
108900267,9,60,-51
108900268,9,10,-1
108900269,65,9,56
108900270,47,13,34
108900271,67,6,61
108900272,201,10,191
108900273,1145,719,426
108900274,76,59,17
109000001,4042,1443,2599
109000002,2114,1343,771
109000003,2323,547,1776
109000004,492,2488,-1996
109000005,2221,840,1381
109000006,812,2208,-1396
109000007,1208,756,452
109000008,503,1926,-1423
109000009,3707,1463,2244
109000010,1389,3694,-2305
109000011,3084,2028,1056
109000012,1806,3975,-2169
109000013,2934,3048,-114
109000014,2177,3443,-1266
109000015,5027,8223,-3196
109000016,7249,4156,3093
109000017,2174,1298,876
109000018,1627,3969,-2342
109000019,2811,1514,1297
109000020,1413,2665,-1252
109000023,276,38,238
109000024,12,229,-217
109000025,391,576,-185
109000026,840,337,503
109000027,80,389,-309
109000028,127,103,24
109000029,152,209,-57
109000030,75,546,-471
109000031,211,185,26
109000032,105,441,-336
109000033,342,193,149
109000034,77,48,29
109000035,28,90,-62
109000036,270,436,-166
109000037,207,1207,-1000
109000038,733,459,274
109000039,874,596,278
109000040,2444,5130,-2686
109000041,4219,1785,2434
109000042,743,1262,-519
109000044,487,274,213
109000045,249,420,-171
109000046,281,112,169
109000047,120,421,-301
109000048,1665,677,988
109000049,369,650,-281
109000050,635,879,-244
109000051,440,372,68
109000052,633,1215,-582
109000053,1342,447,895
109000054,1389,577,812
109000055,669,311,358
109000056,501,502,-1
109000057,454,456,-2
109000058,2172,499,1673
109000059,796,857,-61
109000060,692,482,210
109000061,1154,1019,135
109000062,137,425,-288
109000063,176,301,-125
109000064,306,212,94
109000065,107,374,-267
109000066,483,103,380
109000067,54,311,-257
109000068,2845,9,2836
109000069,1415,41,1374
109000070,7,1138,-1131
109000071,351,78,273
109000072,146,785,-639
109000073,81,115,-34
109000074,59,223,-164
109000075,77,369,-292
109000076,200,353,-153
109000077,423,443,-20
109000078,93,188,-95
109000079,134,238,-104
109000080,152,169,-17
109000081,116,609,-493
109000082,764,267,497
109000083,248,1038,-790
109000088,148,603,-455
109000089,281,60,221
109000090,159,489,-330
109000091,307,157,150
109000092,335,503,-168
109000093,193,200,-7
109000094,417,2,415
109000095,146,510,-364
109000096,615,291,324
109000097,142,202,-60
109000098,66,146,-80
109000099,912,300,612
109000100,256,725,-469
109000101,1325,804,521
109000102,354,854,-500
109000103,867,822,45
109000104,1429,703,726
109000105,516,1575,-1059
109000106,1706,836,870
109000107,670,2465,-1795
109000108,1407,578,829
109000109,363,2153,-1790
109000110,1104,603,501
109000111,885,2162,-1277
109000112,555,232,323
109000113,559,176,383
109000114,214,530,-316
109000115,1317,119,1198
109000116,11,714,-703
109000117,180,112,68
109000118,11,420,-409
109000119,1208,325,883
109000120,192,963,-771
109000121,621,162,459
109000122,129,937,-808
109000123,44,263,-219
109000124,557,572,-15
109000125,907,463,444
109000126,503,1008,-505
109000127,1176,425,751
109000128,479,1827,-1348
109000129,1654,768,886
109000130,950,3245,-2295
109000131,1427,1009,418
109000132,1257,3077,-1820
109000133,404,983,-579
109000134,793,1637,-844
109000135,1353,2056,-703
109000136,445,356,89
109000137,557,420,137
109000138,611,395,216
109000139,465,493,-28
109000140,582,854,-272
109000141,836,577,259
109000142,158,491,-333
109000143,143,105,38
109000145,57,431,-374
109000146,103,71,32
109000148,3180,1952,1228
109000149,28,74,-46
109000150,179,236,-57
109000155,643,671,-28
109000156,1150,659,491
109000158,157,348,-191
109000159,138,488,-350
109000160,885,251,634
109000161,349,1205,-856
109000162,1751,840,911
109000163,817,1983,-1166
109000164,1148,2671,-1523
109000165,1098,672,426
109000166,577,71,506
109000167,58,529,-471
109000170,72,83,-11
109000171,102,63,39
109000172,59,77,-18
109000173,44,108,-64
109000174,129,96,33
109000175,143,375,-232
109000176,233,244,-11
109000177,44,148,-104
109000178,710,507,203
109000179,5457,4975,482
109000180,5239,3249,1990
109000181,50,36,14
109000182,19,27,-8
109000183,27,52,-25
109000184,118,61,57
109000185,68,122,-54
109000188,1026,2546,-1520
109000189,4301,1293,3008
109000190,1303,461,842
109000191,603,452,151
109000192,337,326,11
109000193,175,396,-221
109000194,303,198,105
109000195,164,362,-198
109000196,285,158,127
109000197,146,459,-313
109000198,389,93,296
109000199,98,445,-347
109000206,236,57,179
109000207,111,32,79
109000208,75,92,-17
109000209,157,143,14
109000210,199,655,-456
109000211,537,666,-129
109000214,603,1191,-588
109000215,189,135,54
109000216,240,234,6
109000217,358,157,201
109000218,1352,270,1082
109000221,629,1291,-662
109000222,960,287,673
109000223,323,418,-95
109000224,78,178,-100
109000225,153,112,41
109000226,135,370,-235
109000227,829,1133,-304
109000228,1,665,-664
109000231,5,346,-341
109000232,259,405,-146
109000236,171,1057,-886
109000241,2156,2559,-403
109000242,1990,1925,65
109000293,178,260,-82
109000361,284,345,-61
109000364,211,626,-415
109000396,3,582,-579
109000397,418,8,410
109000399,237,556,-319
109000400,118,391,-273
109000403,108,1209,-1101
109000406,514,3,511
109000407,437,326,111
109000408,2,758,-756
109000410,935,226,709
109000411,250,42,208
109000412,7,101,-94
109900001,114,6,108
109900002,902,11,891
109900003,211,0,211
109900005,13,14,-1
109900006,381,341,40
109900007,555,647,-92
109900008,0,73,-73
109900009,146,609,-463
109900010,569,20,549
109900011,96,56,40
109900012,450,266,184
109900013,358,179,179
109900014,425,82,343
109900015,686,300,386
109900016,123,23,100
109900017,205,246,-41
109900018,243,69,174
109900019,394,60,334
109900020,27,47,-20
109900021,26,24,2
109900022,120,286,-166
109900023,27,6,21
109900024,32,2,30
109900025,10,19,-9
109900027,53,76,-23
109900028,1814,932,882
109900029,1,425,-424
109900030,30,6,24
109900031,1,108,-107
109900032,13,420,-407
109900033,4,443,-439
109900034,36,6,30
109900035,18,29,-11
109900036,62,96,-34
109900037,27,535,-508
109900038,69,169,-100
109900039,13,3,10
109900040,18,650,-632
109900041,73,387,-314
109900042,82,579,-497
109900044,596,313,283
109900045,219,61,158
109900046,101,102,-1
109900047,516,366,150
109900048,2,104,-102
109900049,16,30,-14
109900050,1,187,-186
109900051,0,71,-71
109900052,81,506,-425
109900053,3,371,-368
109900054,504,190,314
109900055,46,373,-327
109900056,43,314,-271
109900057,6,234,-228
109900058,0,132,-132
109900060,399,202,197
109900061,66,278,-212
109900062,0,180,-180
109900064,507,308,199
109900065,156,157,-1
109900066,395,949,-554
109900067,0,307,-307
109900068,30,4,26
109900069,0,51,-51
109900071,2,45,-43
109900072,28,199,-171
109900073,287,544,-257
109900074,3,51,-48
109900075,54,19,35
109900076,41,355,-314
109900077,43,78,-35
109900078,96,210,-114
109900080,157,332,-175
109900081,16,195,-179
109900082,49,397,-348
109900083,21,67,-46
109900084,81,181,-100
109900085,178,741,-563
109900086,148,551,-403
109900087,451,566,-115
109900089,728,219,509
109900092,1220,18,1202
109900093,776,165,611
109900094,112,105,7
109900095,272,211,61
109900096,53,4,49
109900097,82,1,81
109900098,386,36,350
109900099,147,0,147
109900100,46,0,46
109900101,342,3,339
109900102,430,26,404
109900103,35,36,-1
109900104,471,928,-457
109900105,349,20,329
109900106,474,56,418
109900107,547,92,455
109900108,134,371,-237
109900109,37,153,-116
109900111,246,873,-627
109900114,813,452,361
109900115,199,96,103
109900117,778,143,635
109900121,400,524,-124
109900123,14,180,-166
109900125,4,179,-175
109900126,227,153,74
109900130,7670,2066,5604
109900131,93,210,-117
109900132,33,205,-172
109900134,132,122,10
109900135,426,100,326
109900137,128,350,-222
109900140,185,250,-65
109900149,33,71,-38
109900150,4,115,-111
109900151,9,67,-58
109900152,0,29,-29
109900153,0,51,-51
109900154,144,0,144
109900155,46,24,22
109900157,62,286,-224
109900159,213,28,185
109900161,210,72,138
109900162,148,142,6
109900163,620,279,341
109900164,62,258,-196
109900165,963,6,957
109900166,10,192,-182
109900167,172,571,-399
109900168,180,727,-547
109900169,165,199,-34
109900170,606,620,-14
109900171,138,105,33
109900172,222,258,-36
109900173,3265,2141,1124
109900174,58,125,-67
109900175,204,110,94
109900176,104,265,-161
109900177,50,228,-178
109900178,13,157,-144
109900179,200,24,176
109900180,3,14,-11
110000001,1116,581,535
110000002,738,837,-99
110000003,771,727,44
110000004,443,688,-245
110000005,493,1582,-1089
110000006,500,350,150
110000007,109,139,-30
110000008,24,58,-34
110000009,87,51,36
110000010,38,88,-50
110000011,33,94,-61
110000012,701,481,220
110000013,56,650,-594
110000014,854,486,368
110000015,227,913,-686
110000016,267,1757,-1490
110000017,2837,304,2533
110000018,2557,471,2086
110000019,2,98,-96
110000020,351,189,162
110000021,920,601,319
110000022,792,158,634
110000023,2,161,-159
110000024,745,338,407
110000025,292,3,289
110000026,2,275,-273
110000027,1160,434,726
110000028,975,1093,-118
110000029,553,827,-274
110000030,222,554,-332
110000031,314,533,-219
110000032,643,723,-80
110000033,385,79,306
110000034,607,1401,-794
110000035,1078,584,494
110000036,1227,1348,-121
110000037,242,493,-251
110000038,214,1037,-823
110000039,774,3371,-2597
110000040,736,399,337
110000041,352,1399,-1047
110000042,180,381,-201
110000043,1000,419,581
110000044,183,228,-45
110000045,1608,155,1453
110000046,32,42,-10
110000047,122,19,103
110000048,21,30,-9
110000049,74,21,53
110000050,23,48,-25
110000051,91,21,70
110000052,42,44,-2
110000053,178,18,160
110000054,585,187,398
110000055,1181,48,1133
110000056,381,71,310
110000057,402,655,-253
110000058,1313,571,742
110000059,913,557,356
110000060,914,1162,-248
110000061,890,756,134
110000062,580,959,-379
110000063,24,153,-129
110000064,127,75,52
110000065,57,183,-126
110000066,67,65,2
110000067,99,256,-157
110000068,413,252,161
110000069,245,138,107
110000071,130,239,-109
110000073,7,15,-8
110000075,8,284,-276
110000076,279,400,-121
110000077,466,1182,-716
110000078,45,80,-35
110000080,340,759,-419
110000081,138,289,-151
110000082,84,333,-249
110000083,443,700,-257
110000084,1391,765,626
110000085,2808,1738,1070
110000086,2088,1984,104
110000087,13,72,-59
110000088,69,264,-195
110000089,206,127,79
110000090,231,291,-60
110000091,1269,430,839
110000092,34,65,-31
110000093,69,10,59
110000094,593,318,275
110000095,235,702,-467
110000096,2360,1969,391
110000097,1111,1404,-293
110000098,2022,688,1334
110000099,933,1805,-872
110000100,635,678,-43
110000101,33,373,-340
110000102,83,55,28
110000104,1097,162,935
110000105,200,324,-124
110000106,721,467,254
110000107,357,465,-108
110000108,130,85,45
110000109,244,268,-24
110000110,2829,1372,1457
110000111,3534,2489,1045
110000112,1433,1275,158
110000113,443,2375,-1932
110000114,137,754,-617
110000115,376,490,-114
110000116,47,54,-7
110000117,187,355,-168
110000118,365,207,158
110000119,183,387,-204
110000120,343,163,180
110000121,108,475,-367
110000122,1582,643,939
110000123,501,594,-93
110000124,2,1067,-1065
110000125,983,9,974
110000126,321,27,294
110000127,1088,40,1048
110000128,44,1128,-1084
110000129,7,732,-725
110000130,515,215,300
110000131,169,791,-622
110000132,3,1132,-1129
110000133,27,569,-542
110000134,18,476,-458
110000135,195,51,144
110000136,88,365,-277
110000137,533,582,-49
110000138,717,792,-75
110000139,669,1253,-584
110000140,1014,653,361
110000143,622,424,198
110000144,5712,1601,4111
110000145,1995,921,1074
110000146,1741,793,948
110000147,428,632,-204
110000148,846,268,578
110000151,1395,1992,-597
110000152,2856,774,2082
110000153,63,42,21
110000154,6,19,-13
110000155,1420,3753,-2333
110000156,1281,2325,-1044
110000157,1824,1926,-102
110000160,417,387,30
110000161,240,413,-173
110000166,524,120,404
110000167,746,625,121
110000168,888,525,363
110000169,770,418,352
110000170,211,140,71
110000171,680,227,453
110000172,172,820,-648
110000173,1317,1477,-160
110000174,229,1275,-1046
110000175,567,83,484
110000176,259,302,-43
110000177,172,832,-660
110000178,462,1693,-1231
110000179,1242,317,925
110000180,162,269,-107
110000181,360,581,-221
110000182,332,174,158
110000183,10086,6483,3603
110000184,531,2306,-1775
110000185,1512,688,824
110000186,799,847,-48
110000191,694,385,309
110000192,536,9,527
110000193,1357,9,1348
110000194,36,1173,-1137
110000195,393,385,8
110000196,381,375,6
110000197,82,192,-110
110000198,204,82,122
110000199,119,120,-1
110000200,1993,557,1436
110000201,1743,1114,629
110000202,1233,651,582
110000203,995,807,188
110000204,10,256,-246
110000205,135,54,81
110000206,673,1532,-859
110000207,764,387,377
110000208,224,289,-65
110000209,155,907,-752
110000210,1125,705,420
110000211,1012,941,71
110000212,391,1042,-651
110000213,188,101,87
110000214,276,170,106
110000215,210,391,-181
110000216,118,360,-242
110000217,227,212,15
110000218,136,400,-264
110000219,288,95,193
110000220,77,262,-185
110000221,228,117,111
110000222,60,234,-174
110000223,4,178,-174
110000224,117,15,102
110000225,251,758,-507
110000226,196,91,105
110000227,728,861,-133
110000228,373,450,-77
110000229,0,275,-275
110000230,699,711,-12
110000231,232,230,2
110000232,238,230,8
110000233,218,261,-43
110000234,898,802,96
110000235,927,1101,-174
110000236,940,920,20
110000237,2450,1427,1023
110000238,1351,1599,-248
110000239,2029,1226,803
110000240,1,77,-76
110000242,1,5,-4
110000243,124,131,-7
110000244,137,402,-265
110000245,55,368,-313
110000246,1333,731,602
110000247,1244,3281,-2037
110000248,2270,711,1559
110000249,123,17,106
110000250,194,227,-33
110000251,368,693,-325
110000252,262,243,19
110000253,1444,935,509
110000254,874,1436,-562
110000255,297,1020,-723
110000256,520,404,116
110000257,645,214,431
110000258,15,449,-434
110000259,139,20,119
110000260,28,330,-302
110000263,687,174,513
110000264,316,465,-149
110000265,1501,2112,-611
110000266,2127,2904,-777
110000267,33,237,-204
110000268,304,432,-128
110000269,4,86,-82
110000270,63,1,62
110000271,1626,290,1336
110000272,1228,1040,188
110000273,3555,1481,2074
110000274,527,1304,-777
110000275,2491,653,1838
110000276,545,519,26
110000277,776,399,377
110000278,573,774,-201
110000279,877,757,120
110000280,489,464,25
110000281,36,340,-304
110000282,303,29,274
110000283,90,159,-69
110000284,76,47,29
110000285,6,461,-455
110000286,29,0,29
110000287,146,11,135
110000288,78,92,-14
110000289,521,1498,-977
110000290,1002,741,261
110000291,3155,672,2483
110000292,1313,4415,-3102
110000293,1006,2185,-1179
110000294,917,1167,-250
110000295,1177,1790,-613
110000296,418,342,76
110000297,2691,344,2347
110000298,333,765,-432
110000299,502,110,392
110000301,606,41,565
110000302,759,1237,-478
110000303,560,2,558
110000304,304,302,2
110000305,1105,13,1092
110000306,158,811,-653
110000307,1479,8,1471
110000308,463,14,449
110000309,51,1041,-990
110000310,693,89,604
110000311,60,2092,-2032
110000312,528,96,432
110000313,3030,4713,-1683
110000314,4,432,-428
110000315,3573,2394,1179
110000316,579,1381,-802
110000317,601,478,123
110000318,15,106,-91
110000319,69,28,41
110000320,155,61,94
110000321,8,65,-57
110000322,361,462,-101
110000323,704,231,473
110000324,3078,1041,2037
110000325,2851,3102,-251
110000327,606,294,312
110000328,381,541,-160
110000333,1373,797,576
110000334,967,1038,-71
110000335,1089,664,425
110000336,1473,1277,196
110000337,2660,649,2011
110000338,441,298,143
110000339,532,249,283
110000340,343,170,173
110000341,579,895,-316
110000342,479,3,476
110000343,1,36,-35
110000344,779,181,598
110000345,1116,170,946
110000346,2639,2078,561
110000347,1191,918,273
110000348,39,25,14
110000349,9,39,-30
110000350,61,4,57
110000351,965,1039,-74
110000352,664,1614,-950
110000353,2788,893,1895
110000354,1649,3917,-2268
110000355,107,160,-53
110000356,769,3,766
110000357,477,26,451
110000361,15,68,-53
110000362,33,15,18
110000363,251,129,122
110000364,206,385,-179
110000365,272,3,269
110000366,4,81,-77
110000367,389,183,206
110000368,3,57,-54
110000369,117,1,116
110000373,9,214,-205
110000374,558,15,543
110000375,127,1269,-1142
110000376,40,108,-68
110000377,78,518,-440
110000378,30,336,-306
110000379,3036,2102,934
110000380,100,5,95
110000383,1,1103,-1102
110000384,2945,958,1987
110000385,1,408,-407
110000387,55,20,35
110000388,33,243,-210
110000389,703,6,697
110000391,1165,355,810
110000396,149,154,-5
110000397,111,197,-86
110000398,9,62,-53
110000399,242,1,241
110000587,184,79,105
110000589,244,293,-49
110000640,239,104,135
110000652,124,254,-130
110000653,388,520,-132
110000654,147,147,0
110000656,2,639,-637
110000674,25,9,16
110000675,10,4,6
110000676,2,28,-26
110000679,547,1138,-591
110000682,97,219,-122
110000683,497,764,-267
110000684,5,26,-21
110000685,2,11,-9
110000686,2,20,-18
110000687,49,2,47
110000688,58,718,-660
110000689,40,63,-23
110000692,181,175,6
110000693,154,375,-221
110000694,1,202,-201
110000695,661,1083,-422
110000696,76,84,-8
110000698,316,1741,-1425
110000699,1365,506,859
110900001,203,9,194
110900002,831,185,646
110900003,648,684,-36
110900004,343,216,127
110900005,3017,1900,1117
110900006,48,8,40
110900007,117,12,105
110900008,19,59,-40
110900009,322,61,261
110900010,13,79,-66
110900011,12,112,-100
110900012,6,102,-96
110900013,920,256,664
110900014,304,14,290
110900015,579,450,129
110900016,36,214,-178
110900017,362,40,322
110900018,372,62,310
110900019,153,28,125
110900020,64,353,-289
110900021,112,568,-456
110900022,119,297,-178
110900023,84,491,-407
110900024,22,405,-383
110900025,99,65,34
110900027,43,209,-166
110900028,38,172,-134
110900029,16,339,-323
110900030,29,240,-211
110900031,9,164,-155
110900032,0,100,-100
110900033,60,170,-110
110900035,11,495,-484
110900036,106,28,78
110900037,51,36,15
110900038,951,170,781
110900039,11,216,-205
110900040,188,31,157
110900041,5,110,-105
110900042,101,42,59
110900043,15,181,-166
110900044,201,11,190
110900045,43,458,-415
110900046,55,268,-213
110900047,475,223,252
110900049,91,61,30
110900050,25,5,20
110900051,32,259,-227
110900052,2,150,-148
110900053,79,18,61
110900054,53,198,-145
110900055,16,1,15
110900056,60,96,-36
110900057,0,170,-170
110900058,234,205,29
110900059,665,544,121
110900060,401,137,264
110900061,26,50,-24
110900062,113,264,-151
110900063,36,213,-177
110900064,15,0,15
110900065,409,129,280
110900066,4,94,-90
110900067,309,584,-275
110900068,239,234,5
110900069,6,31,-25
110900070,125,79,46
110900071,248,483,-235
110900073,1,34,-33
110900074,283,100,183
110900075,310,102,208
110900077,710,686,24
110900078,37,71,-34
110900079,2775,1341,1434
110900080,78,91,-13
110900081,12,72,-60
110900082,95,158,-63
110900083,130,68,62
110900084,34,146,-112
110900085,55,328,-273
110900086,48,220,-172
110900087,344,71,273
110900088,21,0,21
110900090,25,44,-19
110900091,3,63,-60
110900093,300,79,221
110900095,39,52,-13
110900097,12,47,-35
110900098,18,81,-63
110900099,35,419,-384
110900100,0,20,-20
110900102,237,26,211
110900105,551,322,229
110900108,20,79,-59
110900111,507,299,208
110900112,744,10,734
110900113,539,41,498
110900115,5,66,-61
110900116,609,1809,-1200
110900118,129,2442,-2313
110900119,3933,322,3611
110900120,9,74,-65
110900121,87,1,86
110900122,299,192,107
110900125,299,376,-77
110900127,594,1145,-551
110900128,456,498,-42
110900129,368,635,-267
110900130,1338,631,707
110900131,159,42,117
110900132,234,50,184
110900133,52,253,-201
110900135,78,320,-242
110900136,318,16,302
110900138,0,0,0
110900139,15,0,15
110900140,0,0,0
110900141,788,207,581
110900142,49,175,-126
110900143,118,79,39
110900144,11,844,-833
110900145,197,30,167
110900146,549,124,425
110900147,183,339,-156
110900148,5,304,-299
110900149,19,55,-36
110900150,74,13,61
110900151,16,72,-56
110900152,30,259,-229
110900153,154,30,124
111000001,668,645,23
111000002,1059,897,162
111000003,1294,931,363
111000004,783,1484,-701
111000005,1595,1444,151
111000006,1181,2199,-1018
111000007,4139,3138,1001
111000008,3143,4115,-972
111000009,462,853,-391
111000010,856,273,583
111000011,480,1327,-847
111000012,826,393,433
111000013,518,1235,-717
111000014,1570,671,899
111000017,134,922,-788
111000018,280,461,-181
111000020,1004,1925,-921
111000021,71,127,-56
111000023,153,96,57
111000025,5321,4254,1067
111000029,192,98,94
111000030,42,88,-46
111000031,2320,1535,785
111000032,1033,507,526
111000033,299,401,-102
111000034,299,285,14
111000037,687,463,224
111000038,4531,2950,1581
111000039,2054,2380,-326
111000040,1803,2695,-892
111000041,1863,1934,-71
111000042,3659,2766,893
111000043,1754,3146,-1392
111000044,1618,1328,290
111000045,2003,2532,-529
111000046,1389,1835,-446
111000047,2101,4307,-2206
111000049,551,573,-22
111000050,1767,1869,-102
111000051,621,1322,-701
111000052,871,2183,-1312
111000053,373,1080,-707
111000054,389,1019,-630
111000055,206,1059,-853
111000056,663,890,-227
111000057,121,760,-639
111000058,265,89,176
111000059,1510,329,1181
111000060,5114,900,4214
111000061,535,386,149
111000062,735,387,348
111000063,3235,1130,2105
111000064,573,702,-129
111000065,1016,1321,-305
111000066,487,636,-149
111000067,697,856,-159
111000068,738,1329,-591
111000069,2184,2634,-450
111000070,1588,1390,198
111000071,351,959,-608
111000072,970,498,472
111000073,395,1072,-677
111000074,1519,1871,-352
111000075,1243,793,450
111000076,479,776,-297
111000077,1849,2259,-410
111000078,3289,1941,1348
111000079,1504,951,553
111000080,557,842,-285
111000081,1789,5017,-3228
111000082,599,782,-183
111000084,956,726,230
111000085,1433,1780,-347
111000086,2814,1588,1226
111000087,781,786,-5
111000088,5735,2445,3290
111000089,770,949,-179
111000090,963,1509,-546
111000091,751,719,32
111000092,1152,1229,-77
111000093,927,1325,-398
111000094,2727,1467,1260
111000095,714,2596,-1882
111000096,2124,7806,-5682
111000097,4984,1943,3041
111000098,1311,1485,-174
111000099,679,2154,-1475
111000100,442,2215,-1773
111000101,510,1040,-530
111000102,280,639,-359
111000104,805,258,547
111000107,128,716,-588
111000109,705,302,403
111000110,1697,972,725
111000111,2123,575,1548
111000112,1685,688,997
111000113,900,1742,-842
111000114,2509,3829,-1320
111000115,6751,1458,5293
111000116,1011,1262,-251
111000117,547,1023,-476
111000118,2358,1098,1260
111000119,1008,1283,-275
111000120,364,748,-384
111000121,245,846,-601
111000122,692,1444,-752
111000123,802,1749,-947
111000124,569,3109,-2540
111000125,327,1995,-1668
111000126,964,2317,-1353
111000127,915,210,705
111000128,2075,390,1685
111000129,2655,638,2017
111000130,1750,972,778
111000131,1410,815,595
111000132,1111,922,189
111000133,182,202,-20
111000134,207,187,20
111000135,49,187,-138
111000136,401,387,14
111000138,33,18,15
111000140,4,16,-12
111000141,214,262,-48
111000142,19,121,-102
111000143,3,109,-106
111000144,75,225,-150
111000145,2735,32,2703
111000146,214,18,196
111000147,365,52,313
111000148,180,73,107
111000149,8,89,-81
111000150,88,17,71
111000151,2,38,-36
111000153,635,834,-199
111000154,961,236,725
111000155,87,178,-91
111000156,435,624,-189
111000157,251,981,-730
111000158,967,854,113
111000159,2672,730,1942
111000160,366,490,-124
111000161,12,314,-302
111000162,80,172,-92
111000163,776,1158,-382
111000164,839,4164,-3325
111000165,1344,595,749
111000166,2372,504,1868
111000167,183,557,-374
111000168,278,567,-289
111000169,338,754,-416
111000170,557,534,23
111000171,594,853,-259
111000172,190,550,-360
111000173,527,1196,-669
111000174,215,445,-230
111000175,46,369,-323
111000176,480,189,291
111000177,353,345,8
111000178,1408,489,919
111000179,266,297,-31
111000180,227,566,-339
111000181,1217,301,916
111000182,250,226,24
111000183,910,375,535
111000184,391,275,116
111000185,506,596,-90
111000186,930,393,537
111000187,118,273,-155
111000188,267,532,-265
111000189,1367,702,665
111000190,225,499,-274
111000191,178,431,-253
111000192,177,664,-487
111000193,418,428,-10
111000194,60,396,-336
111000195,171,410,-239
111000196,45,291,-246
111000197,356,189,167
111000198,540,187,353
111000199,188,183,5
111000200,370,425,-55
111000201,518,362,156
111000202,211,255,-44
111000203,302,301,1
111000204,630,960,-330
111000213,197,754,-557
111000214,1705,1976,-271
111000215,1228,1619,-391
111000217,1199,961,238
111000218,1176,1076,100
111000219,511,291,220
111000220,2176,802,1374
111000221,998,120,878
111000224,173,477,-304
111000225,388,367,21
111000226,160,2,158
111000227,60,7,53
111000228,18,370,-352
111000229,34,861,-827
111000230,301,440,-139
111000231,988,1096,-108
111000232,1210,1239,-29
111000233,612,976,-364
111000234,174,397,-223
111000239,140,204,-64
111000240,43,211,-168
111000241,36,324,-288
111000242,136,56,80
111000243,380,683,-303
111000244,653,124,529
111000245,2938,714,2224
111000246,623,506,117
111000247,255,1187,-932
111000248,644,599,45
111000249,515,978,-463
111000250,48,112,-64
111000251,44,128,-84
111000253,15,12,3
111000255,28,6,22
111000257,38,33,5
111000260,75,816,-741
111000261,1165,162,1003
111000271,71,335,-264
111000273,4325,2189,2136
111000274,1329,2580,-1251
111000275,161,88,73
111000276,1502,4048,-2546
111000277,226,465,-239
111000278,654,354,300
111000291,983,5008,-4025
111000298,529,451,78
111000299,645,172,473
111000300,117,639,-522
111000302,255,176,79
111000303,90,290,-200
111000312,33,98,-65
111000315,32,201,-169
111000320,417,761,-344
111000321,396,94,302
111000322,389,550,-161
111000323,207,19,188
111000324,383,243,140
111000325,59,98,-39
111000326,162,463,-301
111000327,415,517,-102
111000328,254,670,-416
111000329,6,70,-64
111000330,64,14,50
111000331,28,5,23
111000332,535,1486,-951
111000334,450,1766,-1316
111000335,1179,358,821
111000337,1242,470,772
111000338,147,135,12
111000339,490,424,66
111000340,186,651,-465
111000341,1319,844,475
111000342,492,856,-364
111000344,1070,805,265
111000345,407,51,356
111000346,17,121,-104
111000347,139,1,138
111000350,278,174,104
111000351,159,302,-143
111000352,167,152,15
111000353,114,283,-169
111000354,681,201,480
111000355,428,618,-190
111000358,157,1415,-1258
111000360,173,862,-689
111000361,159,341,-182
111000546,1177,739,438
111000547,428,527,-99
111000548,93,369,-276
111000549,285,391,-106
111000550,172,905,-733
111000551,887,218,669
111000552,3415,160,3255
111000907,620,23,597
111000908,14,0,14
111000916,1750,388,1362
111000917,55,438,-383
111000918,210,1009,-799
111000920,519,32,487
111000921,7,287,-280
111000922,516,307,209
111000924,87,1263,-1176
111000925,3411,2260,1151
111000926,1186,2348,-1162
111000927,3032,5110,-2078
111000928,4531,4263,268
111000929,2603,1297,1306
111000930,1524,3019,-1495
111000931,1715,2839,-1124
111000932,4131,2651,1480
111000933,3855,2332,1523
111000934,2546,3774,-1228
111000935,1411,1294,117
111000936,1206,2531,-1325
111000937,1014,1919,-905
111000938,1608,2317,-709
111000939,513,52,461
111000940,388,217,171
111000941,624,485,139
111000943,432,422,10
111000944,153,523,-370
111000945,143,1873,-1730
111001109,403,306,97
111001110,197,625,-428
111001111,85,7,78
111001112,188,6,182
111001113,6,214,-208
111001114,1192,96,1096
111001115,106,436,-330
111001116,5648,4344,1304
111001117,786,2913,-2127
111001120,116,359,-243
111001121,238,345,-107
111001122,272,600,-328
111001123,310,178,132
111001124,148,236,-88
111001125,6,144,-138
111001126,6,0,6
111001127,0,57,-57
111001128,599,725,-126
111900001,1,203,-202
111900002,0,744,-744
111900003,1,388,-387
111900004,35,148,-113
111900006,8,35,-27
111900007,84,0,84
111900008,114,3,111
111900009,107,7,100
111900010,337,502,-165
111900012,74,109,-35
111900013,16,26,-10
111900014,5912,3106,2806
111900015,1,76,-75
111900016,1,153,-152
111900017,0,152,-152
111900018,261,8,253
111900019,10,78,-68
111900020,2,64,-62
111900021,66,112,-46
111900022,15,73,-58
111900023,83,106,-23
111900024,21,89,-68
111900025,0,46,-46
111900026,0,96,-96
111900027,3,152,-149
111900028,21,433,-412
111900029,6,99,-93
111900030,35,304,-269
111900032,1,329,-328
111900033,4,111,-107
111900034,391,465,-74
111900035,224,244,-20
111900036,4,310,-306
111900038,335,600,-265
111900039,42,408,-366
111900040,1,575,-574
111900042,30,182,-152
111900043,1,421,-420
111900044,359,228,131
111900046,51,173,-122
111900048,126,852,-726
111900049,60,202,-142
111900050,91,27,64
111900051,3,203,-200
111900052,476,420,56
111900053,1412,1241,171
111900054,143,0,143
111900055,14,381,-367
111900056,266,252,14
111900057,89,88,1
111900058,340,617,-277
111900059,2061,460,1601
111900060,364,2,362
111900061,9,180,-171
111900062,34,69,-35
111900063,282,218,64
111900064,175,273,-98
111900065,60,30,30
111900066,65,139,-74
111900067,1,379,-378
111900068,49,37,12
111900069,37,39,-2
111900070,120,174,-54
111900071,2,228,-226
111900072,50,18,32
111900073,587,133,454
111900074,16,152,-136
111900075,66,3,63
111900076,158,74,84
111900077,28,4,24
111900078,227,18,209
111900079,39,56,-17
111900080,262,234,28
111900082,122,28,94
111900083,91,21,70
111900084,86,15,71
111900085,38,89,-51
111900086,50,9,41
111900087,43,1,42
111900088,411,10,401
111900089,103,5,98
111900090,48,36,12
111900091,168,1,167
111900092,87,3,84
111900093,304,6,298
111900094,110,0,110
111900095,163,19,144
111900096,90,0,90
111900097,49,0,49
111900098,187,1,186
111900099,78,0,78
111900100,330,4,326
111900101,75,25,50
111900102,507,516,-9
111900103,56,65,-9
111900104,178,90,88
111900105,367,171,196
111900106,1006,63,943
111900110,1847,413,1434
111900111,294,155,139
111900112,620,2315,-1695
111900113,321,97,224
111900118,262,82,180
111900119,281,154,127
111900122,146,93,53
111900123,8,38,-30
111900124,18,113,-95
111900125,463,15,448
111900126,283,1,282
111900127,3,890,-887
111900128,2,613,-611
111900129,221,5,216
111900130,154,25,129
111900131,523,3,520
111900132,32,1075,-1043
111900133,39,440,-401
111900134,13,251,-238
111900135,9,26,-17
111900136,62,140,-78
111900137,60,108,-48
111900138,14,93,-79
111900139,14,98,-84
111900140,91,23,68
111900141,95,10,85
111900142,94,50,44
111900143,17,86,-69
111900144,2,99,-97
111900145,5,450,-445
111900146,1,248,-247
111900147,174,493,-319
111900148,60,718,-658
111900149,4,322,-318
111900150,16,162,-146
111900151,1,17,-16
111900152,73,71,2
111900153,1670,465,1205
111900154,12,167,-155
111900155,36,79,-43
111900156,28,60,-32
111900157,78,13,65
111900158,500,35,465
111900159,243,15,228
111900160,196,2,194
111900161,113,0,113
111900162,69,218,-149
111900163,46,218,-172
111900164,92,61,31
111901113,343,372,-29
111901114,814,378,436
111901115,58,5,53
111901116,50,4,46
111901117,38,84,-46
111901118,96,611,-515
111901119,912,163,749
111901121,203,221,-18
111901122,7,615,-608
111901123,114,357,-243
111901124,178,1,177
111901125,381,228,153
111901127,587,280,307
111901128,13,59,-46
111901129,7,113,-106
111901130,10,160,-150
111901131,3,314,-311
111901132,431,24,407
111901133,37,0,37
111901134,61,2,59
111901135,15,13,2
111901138,286,37,249
111901139,24,23,1
111901140,6,105,-99
111901141,16,160,-144
111901142,6,109,-103
111901143,2,104,-102
111901144,43,39,4
111901145,168,322,-154
111901146,503,25,478
111901147,674,232,442
111901148,16,43,-27
111901149,8,2,6
111901150,30,0,30
111901151,0,0,0
111901152,11,42,-31
112000001,1547,831,716
112000002,769,2569,-1800
112000003,1127,985,142
112000004,760,1256,-496
112000005,2906,3282,-376
112000006,2537,2148,389
112000007,2485,1857,628
112000008,2586,4194,-1608
112000009,4074,4311,-237
112000010,2942,2908,34
112000011,2269,2236,33
112000012,4060,2775,1285
112000013,6527,3171,3356
112000014,4095,1040,3055
112000015,5994,3332,2662
112000016,5663,1007,4656
112000017,3184,1756,1428
112000024,2953,1149,1804
112000026,5050,5897,-847
112000027,847,701,146
112000028,2016,1682,334
112000029,444,702,-258
112000030,215,131,84
112000031,1518,3903,-2385
112000032,485,79,406
112000033,2572,1233,1339
112000034,390,96,294
112000035,144,269,-125
112000036,1356,785,571
112000037,2804,720,2084
112000038,2404,878,1526
112000039,50,76,-26
112000040,145,287,-142
112000041,551,519,32
112000042,1249,376,873
112000050,1272,2016,-744
112000051,1079,1209,-130
112000054,1692,2126,-434
112000057,387,379,8
112000058,361,554,-193
112000059,482,832,-350
112000061,3317,2052,1265
112000062,1480,642,838
112000063,1113,1637,-524
112000064,4600,5946,-1346
112000065,2454,2539,-85
112000066,3608,1585,2023
112000067,896,749,147
112000068,3324,2618,706
112000069,1375,1826,-451
112000070,4098,957,3141
112000071,1169,2778,-1609
112000072,2094,1234,860
112000073,1873,2141,-268
112000074,1559,1102,457
112000075,1568,1326,242
112000076,3622,3100,522
112000077,548,638,-90
112000078,1597,775,822
112000079,1200,1504,-304
112000080,730,989,-259
112000081,1704,2467,-763
112000082,1498,941,557
112000083,592,1400,-808
112000084,1118,1135,-17
112000085,1332,1199,133
112000086,2058,1863,195
112000087,421,869,-448
112000088,722,776,-54
112000089,307,373,-66
112000090,304,325,-21
112000091,627,1235,-608
112000092,1565,1414,151
112000093,1643,1186,457
112000094,621,988,-367
112000095,660,1094,-434
112000096,457,769,-312
112000097,1111,783,328
112000098,983,1310,-327
112000099,647,1337,-690
112000100,1661,1074,587
112000101,690,1232,-542
112000102,1149,713,436
112000103,315,1288,-973
112000105,742,2138,-1396
112000106,1644,642,1002
112000107,81,260,-179
112000108,345,1964,-1619
112000109,215,185,30
112000110,2060,724,1336
112000111,1296,3278,-1982
112000112,4418,735,3683
112000113,948,1795,-847
112000114,2777,1184,1593
112000115,458,568,-110
112000116,696,1243,-547
112000117,1240,1237,3
112000118,1190,1119,71
112000119,552,1050,-498
112000120,95,440,-345
112000121,101,573,-472
112000122,229,193,36
112000123,614,229,385
112000124,349,119,230
112000125,191,233,-42
112000126,212,635,-423
112000127,2322,1730,592
112000128,1099,605,494
112000129,159,184,-25
112000130,179,97,82
112000131,45,409,-364
112000132,178,278,-100
112000133,347,258,89
112000134,469,376,93
112000135,2702,892,1810
112000136,2121,1447,674
112000137,2713,1730,983
112000138,3365,1332,2033
112000139,1098,574,524
112000140,1325,1293,32
112000141,800,394,406
112000142,164,712,-548
112000143,938,268,670
112000144,318,1361,-1043
112000145,2114,736,1378
112000146,678,2472,-1794
112000147,2565,2080,485
112000148,1875,2568,-693
112000149,483,795,-312
112000150,476,900,-424
112000151,421,448,-27
112000152,305,507,-202
112000153,246,348,-102
112000154,131,300,-169
112000155,108,106,2
112000157,909,593,316
112000158,275,600,-325
112000159,476,440,36
112000167,349,128,221
112000169,397,401,-4
112000173,505,233,272
112000175,451,445,6
112000176,3199,1934,1265
112000177,615,164,451
112000178,92,423,-331
112000179,192,110,82
112000180,204,426,-222
112000181,1415,2110,-695
112000182,1020,1930,-910
112000183,53,47,6
112000184,325,413,-88
112000185,437,673,-236
112000187,3517,2125,1392
112000195,151,23,128
112000196,208,3,205
112000197,154,150,4
112000198,32,256,-224
112000199,1532,1269,263
112000202,372,0,372
112000216,49,325,-276
112000230,91,1,90
112000231,5,228,-223
112000256,28,230,-202
112000313,104,182,-78
112000314,55,37,18
112000337,308,625,-317
112000352,360,333,27
112000392,1358,1322,36
112000398,1055,977,78
112000399,2316,2269,47
112000400,1435,3194,-1759
112000401,4382,3806,576
112000402,2758,2660,98
112000403,2002,2682,-680
112000404,1152,788,364
112000405,1977,2969,-992
112000406,4235,3834,401
112000407,6549,8300,-1751
112000408,8102,8216,-114
112000409,3284,7214,-3930
112000410,510,267,243
112000411,4795,1589,3206
112000412,1467,613,854
112000413,9911,4777,5134
112000414,74,107,-33
112000415,124,40,84
112000416,2044,1565,479
112000417,287,86,201
112000421,63,147,-84
112000422,386,371,15
112000424,2466,2421,45
112000425,378,1196,-818
112000426,141,385,-244
112000427,0,9,-9
112000428,376,369,7
112000429,2281,3102,-821
112000430,2329,3210,-881
112000431,120,144,-24
112000432,671,1548,-877
112000433,635,913,-278
112000437,66,263,-197
112900001,49,1,48
112900002,318,1162,-844
112900003,70,388,-318
112900004,50,286,-236
112900005,192,281,-89
112900007,46,219,-173
112900008,6,24,-18
112900009,357,104,253
112900010,345,992,-647
112900011,251,251,0
112900012,1,39,-38
112900013,7,177,-170
112900014,1,440,-439
112900015,320,739,-419
112900016,7,341,-334
112900017,57,199,-142
112900018,198,922,-724
112900019,43,261,-218
112900020,420,1147,-727
112900021,7,279,-272
112900022,10,91,-81
112900023,0,237,-237
112900024,32,257,-225
112900025,51,319,-268
112900026,6,263,-257
112900027,8,1273,-1265
112900028,27,169,-142
112900029,19,732,-713
112900030,201,217,-16
112900031,4,499,-495
112900032,208,378,-170
112900034,1,47,-46
112900035,4,561,-557
112900036,33,142,-109
112900037,180,246,-66
112900038,521,177,344
112900039,22,364,-342
112900040,4,469,-465
112900041,1012,1136,-124
112900042,57,344,-287
112900043,23,61,-38
112900044,471,433,38
112900045,478,327,151
112900046,245,83,162
112900047,9,47,-38
112900049,222,94,128
112900050,49,595,-546
112900051,303,690,-387
112900052,9,1019,-1010
112900053,437,120,317
112900054,163,56,107
112900055,132,31,101
112900056,321,230,91
112900057,22,660,-638
112900058,284,338,-54
112900059,128,138,-10
112900060,8,202,-194
112900061,99,131,-32
112900062,84,152,-68
112900063,142,12,130
112900064,171,217,-46
112900065,38,21,17
112900066,187,158,29
112900067,520,200,320
112900068,42,49,-7
112900069,2108,722,1386
112900071,25,13,12
112900072,222,1951,-1729
112900073,500,91,409
112900074,72,246,-174
112900075,1662,800,862
112900076,116,26,90
112900078,313,489,-176
112900079,503,45,458
112900080,63,8,55
112900081,39,283,-244
112900082,353,20,333
112900083,117,79,38
112900084,188,120,68
112900086,113,1,112
112900087,682,211,471
112900088,86,16,70
112900089,598,19,579
112900090,45,21,24
112900091,238,5,233
112900092,198,237,-39
112900093,1780,18,1762
112900095,36,2,34
112900096,396,224,172
112900097,94,364,-270
112900098,185,1,184
112900099,911,12,899
112900100,48,0,48
112900101,304,3,301
112900102,157,12,145
112900103,347,7,340
112900104,566,4,562
112900105,22,0,22
112900106,441,187,254
112900107,2,1,1
112900108,55,1,54
112900109,90,0,90
112900110,992,9,983
112900111,754,3,751
112900112,306,1,305
112900113,2,24,-22
112900114,115,140,-25
112900115,1031,3,1028
112900116,203,8,195
112900117,137,100,37
112900118,20,85,-65
112900119,204,5,199
112900120,842,287,555
112900121,235,233,2
112900122,20,132,-112
112900123,183,26,157
112900124,4,122,-118
112900125,32,395,-363
112900126,226,238,-12
112900127,334,115,219
112900128,421,856,-435
112900129,3,875,-872
112900130,292,62,230
112900131,96,308,-212
112900132,190,494,-304
112900133,40,1103,-1063
112900134,0,273,-273
112900135,81,61,20
112900137,8,660,-652
112900138,8,300,-292
112900139,254,1157,-903
112900141,758,52,706
112900142,69,142,-73
112900143,43,535,-492
112900144,18,1027,-1009
112900145,58,541,-483
112900146,13,1401,-1388
112900147,10,2029,-2019
112900148,85,2,83
112900149,264,803,-539
112900151,13,73,-60
112900152,4600,1006,3594
112900153,2073,1918,155
112900154,10,155,-145
112900155,166,19,147
112900156,388,1348,-960
112900157,288,74,214
112900158,33,36,-3
112900159,179,142,37
112900160,84,296,-212
112900161,130,35,95
112900162,22,21,1
112900163,100,31,69
112900164,23,325,-302
112900165,328,32,296
112900166,33,69,-36
112900167,9,69,-60
112900168,3,2,1
112900169,11,16,-5
112900170,104,89,15
112900172,50,17,33
112900173,272,129,143
112900174,225,48,177
112900175,161,129,32
112900176,14,38,-24
112900177,294,61,233
112900178,821,2808,-1987
112900179,53,461,-408
112900180,1701,1740,-39
112900181,423,38,385
112900182,46,1320,-1274
112900183,127,284,-157
112900184,411,385,26
112900185,250,518,-268
112900186,1324,942,382
112900187,69,573,-504
112900188,950,278,672
112900189,2,36,-34
112900190,15,72,-57
112900192,535,582,-47
112900193,981,364,617
112900194,71,128,-57
112900195,786,47,739
112900196,218,336,-118
112900197,197,343,-146
112900199,369,313,56
112900200,546,266,280
112900201,116,133,-17
112900202,340,961,-621
112900203,195,350,-155
112900204,933,575,358
112900205,24,22,2
112900206,43,125,-82
112900207,18,0,18
112900208,109,342,-233
112900209,618,410,208
112900210,0,44,-44
112900211,56,85,-29
112900212,0,146,-146
112900213,40,13,27
112900214,36,15,21
112900215,7,185,-178
112900216,53,78,-25
112900217,3,83,-80
112900218,114,4,110
112900219,63,16,47
112900220,5,0,5
112900221,10,151,-141
112900222,0,14,-14
112900223,811,22,789
112900224,263,455,-192
112900225,323,380,-57
112900226,173,373,-200
112900227,274,777,-503
112900228,55,48,7
112900229,155,70,85
112900230,6338,4798,1540
112900232,260,210,50
112900233,96,138,-42
112900234,10,97,-87
112900235,145,47,98
112900236,202,15,187
112900237,190,361,-171
112900238,6,65,-59
112900239,1598,407,1191
112900240,6,112,-106
112900241,39,135,-96
112900242,6,225,-219
112900243,13,237,-224
112900244,4,90,-86
112900245,0,32,-32
112900246,3,8,-5
112900247,308,29,279
112900248,17,1,16
112900249,48,9,39
112900250,91,35,56
112900251,81,12,69
112900252,53,15,38
112900253,22,12,10
112900254,17,7,10
112900255,2,52,-50
112900256,16,43,-27
112900257,17,88,-71
112900258,14,43,-29
113000001,5222,5060,162
113000002,3279,3952,-673
113000003,2058,1864,194
113000004,1850,2863,-1013
113000005,1646,1001,645
113000006,1081,1573,-492
113000007,2113,1232,881
113000008,1697,1909,-212
113000009,1046,877,169
113000010,1263,1630,-367
113000011,673,1510,-837
113000012,1334,792,542
113000013,2007,732,1275
113000014,1813,1557,256
113000015,626,214,412
113000016,518,593,-75
113000017,67,353,-286
113000018,555,47,508
113000019,174,290,-116
113000020,558,51,507
113000021,1427,712,715
113000022,633,1361,-728
113000025,248,480,-232
113000026,548,431,117
113000027,768,515,253
113000028,768,436,332
113000029,611,633,-22
113000030,416,713,-297
113000031,302,341,-39
113000032,224,289,-65
113000033,256,341,-85
113000034,325,309,16
113000035,29,40,-11
113000036,20,65,-45
113000037,55,29,26
113000038,10,46,-36
113000039,84,456,-372
113000040,61,95,-34
113000042,784,581,203
113000051,896,2849,-1953
113000052,1896,1053,843
113000053,393,441,-48
113000054,315,951,-636
113000055,1160,764,396
113000056,714,1161,-447
113000058,811,999,-188
113000059,1101,672,429
113000060,230,592,-362
113000061,529,1039,-510
113000062,1044,272,772
113000063,140,150,-10
113000064,66,402,-336
113000065,188,1019,-831
113000066,606,138,468
113000067,1729,1462,267
113000068,445,1912,-1467
113000069,712,1585,-873
113000070,2488,1183,1305
113000071,480,755,-275
113000072,715,543,172
113000073,492,1691,-1199
113000074,955,435,520
113000075,1908,786,1122
113000076,807,2210,-1403
113000077,1354,655,699
113000078,795,2122,-1327
113000079,1016,850,166
113000080,733,664,69
113000081,718,834,-116
113000082,1322,804,518
113000083,489,968,-479
113000084,1725,1552,173
113000085,931,868,63
113000086,2378,1681,697
113000087,1351,1024,327
113000088,2338,1479,859
113000089,949,1576,-627
113000090,254,565,-311
113000091,596,483,113
113000094,1268,247,1021
113000095,214,899,-685
113000096,182,778,-596
113000097,998,359,639
113000098,148,48,100
113000099,1352,377,975
113000100,270,459,-189
113000101,368,588,-220
113000102,570,391,179
113000103,2423,739,1684
113000104,432,2229,-1797
113000105,753,414,339
113000106,410,666,-256
113000107,921,873,48
113000108,1013,1548,-535
113000109,607,2421,-1814
113000110,1477,482,995
113000111,238,674,-436
113000112,343,480,-137
113000113,1347,449,898
113000114,400,1356,-956
113000116,584,319,265
113000117,877,154,723
113000118,155,606,-451
113000119,459,331,128
113000120,160,268,-108
113000121,854,816,38
113000124,296,154,142
113000125,65,768,-703
113000127,2805,409,2396
113000128,443,433,10
113000129,470,839,-369
113000133,2720,1713,1007
113000134,3,1252,-1249
113000135,3725,4780,-1055
113000137,1854,2866,-1012
113000139,371,127,244
113000140,168,293,-125
113000141,282,188,94
113000142,700,1180,-480
113000143,258,189,69
113000144,324,672,-348
113000145,42,148,-106
113000146,137,92,45
113000147,158,140,18
113000148,135,133,2
113000149,82,126,-44
113000150,500,375,125
113000151,84,63,21
113000152,30,88,-58
113000153,1506,523,983
113000154,635,1393,-758
113000155,347,535,-188
113000156,107,483,-376
113000157,316,952,-636
113000158,702,252,450
113000159,777,840,-63
113000160,689,1077,-388
113000161,197,439,-242
113000162,634,423,211
113000163,230,79,151
113000164,39,90,-51
113000166,138,108,30
113000167,48,154,-106
113000168,91,169,-78
113000169,159,73,86
113000170,89,96,-7
113000171,77,131,-54
113000172,225,60,165
113000173,56,29,27
113000174,133,554,-421
113000175,412,133,279
113000176,454,181,273
113000177,198,518,-320
113000178,247,424,-177
113000179,285,185,100
113000180,783,1414,-631
113000181,1380,1006,374
113000182,244,380,-136
113000183,155,652,-497
113000184,93,70,23
113000189,451,706,-255
113000190,1031,537,494
113000192,1819,1665,154
113000193,3830,1198,2632
113000194,2127,1267,860
113000195,2233,699,1534
113000196,348,105,243
113000197,1807,1082,725
113000198,74,386,-312
113000199,1446,359,1087
113000201,443,301,142
113000202,3810,1554,2256
113000203,263,221,42
113000204,1872,1798,74
113000205,16,9,7
113000206,3,46,-43
113000207,85,21,64
113000208,36,51,-15
113000209,17,27,-10
113000210,4,37,-33
113000211,205,229,-24
113000212,178,26,152
113000213,35,159,-124
113000214,200,286,-86
113000234,208,953,-745
113000410,480,282,198
113000411,2849,4564,-1715
113000412,6691,2457,4234
113000413,3329,2940,389
113000414,6894,13098,-6204
113000415,2624,3332,-708
113000416,8867,4765,4102
113000417,3181,3188,-7
113000418,4791,3377,1414
113000419,1520,1786,-266
113000420,4025,5059,-1034
113000421,3829,5813,-1984
113000422,12786,10092,2694
113000423,2172,4941,-2769
113000424,3470,8931,-5461
113000425,12,83,-71
113000428,90,15,75
113000430,18,105,-87
113000432,2171,203,1968
113000433,125,1004,-879
113000434,46,181,-135
113000435,117,684,-567
113000436,79,1311,-1232
113000437,962,28,934
113000438,213,45,168
113000439,41,171,-130
113000440,102,35,67
113000441,172,240,-68
113000442,153,220,-67
113000443,226,294,-68
113000444,207,308,-101
113000445,114,139,-25
113000446,46,104,-58
113000448,280,157,123
113000449,312,1223,-911
113000450,393,2779,-2386
113000451,1417,195,1222
113000452,340,566,-226
113000453,112,339,-227
113000454,1615,92,1523
113000455,90,247,-157
113000456,4060,2562,1498
113000468,1795,221,1574
113000469,141,81,60
113000470,418,39,379
113000471,20,413,-393
113000472,112,354,-242
113000474,554,707,-153
113000475,2145,2028,117
113000476,1903,2083,-180
113000477,3104,2316,788
113000478,5147,6561,-1414
113000479,79,247,-168
113000484,0,0,0
113000485,0,0,0
113000486,16,0,16
113000487,0,0,0
113000488,0,4,-4
113000489,0,14,-14
113000490,0,2,-2
113000491,11,8,3
113000492,6,7,-1
113000493,0,0,0
113000495,215,217,-2
113000496,126,136,-10
113000497,0,0,0
113000499,0,0,0
113900001,0,246,-246
113900002,0,154,-154
113900003,1,107,-106
113900004,1,46,-45
113900005,7,64,-57
113900006,0,42,-42
113900007,59,2,57
113900008,102,2,100
113900009,199,3,196
113900010,211,0,211
113900011,161,4,157
113900012,47,2,45
113900013,482,5,477
113900014,475,0,475
113900015,2,47,-45
113900016,28,0,28
113900017,0,29,-29
113900018,385,211,174
113900019,125,84,41
113900020,129,1,128
113900022,11,0,11
113900023,61,0,61
113900024,60,48,12
113900025,237,20,217
113900026,21,1,20
113900027,4,42,-38
113900028,38,509,-471
113900029,40,271,-231
113900030,201,0,201
113900031,0,1,-1
113900032,35,0,35
113900033,108,70,38
113900035,36,1,35
113900036,8,59,-51
113900037,110,581,-471
113900038,78,147,-69
113900039,154,14,140
113900040,1,7,-6
113900041,2,3,-1
113900042,124,40,84
113900043,178,146,32
113900044,453,296,157
113900045,30,1,29
113900046,320,535,-215
113900047,29,47,-18
113900048,252,63,189
113900049,749,370,379
113900050,208,369,-161
113900051,212,406,-194
113900052,180,146,34
113900053,595,467,128
113900054,7,0,7
113900055,69,380,-311
113900056,21,67,-46
113900057,24,70,-46
113900058,41,184,-143
113900059,221,355,-134
113900060,242,177,65
113900061,1002,251,751
113900062,70,14,56
113900063,24,71,-47
113900064,8,102,-94
113900065,559,19,540
113900066,325,379,-54
113900067,139,282,-143
113900068,387,383,4
113900069,18,24,-6
113900070,173,610,-437
113900071,26,37,-11
113900072,57,229,-172
113900073,223,395,-172
113900074,73,263,-190
113900075,1294,1170,124
113900076,85,9,76
113900077,76,202,-126
113900078,15,19,-4
113900079,0,39,-39
113900080,448,249,199
113900081,72,227,-155
113900082,107,223,-116
113900083,225,461,-236
113900084,223,89,134
113900085,41,284,-243
113900086,8,10,-2
113900087,74,146,-72
113900088,52,133,-81
113900089,481,44,437
113900090,516,374,142
113900091,9,22,-13
113900092,78,78,0
113900093,81,678,-597
113900094,283,457,-174
113900095,114,103,11
113900096,156,40,116
113900097,86,95,-9
113900098,520,65,455
113900099,0,46,-46
113900100,0,3,-3
113900101,52,77,-25
113900102,162,125,37
113900103,260,301,-41
113900104,86,231,-145
113900105,96,293,-197
113900106,0,72,-72
113900107,1,32,-31
113900108,245,235,10
113900109,355,176,179
113900110,45,17,28
113900111,221,128,93
113900112,96,68,28
113900113,1232,524,708
113900114,3,92,-89
113900115,0,120,-120
113900116,109,168,-59
113900117,87,63,24
113900118,249,248,1
113900119,250,462,-212
113900120,36,20,16
113900121,45,80,-35
113900122,328,1846,-1518
113900123,434,169,265
113900124,6,71,-65
113900125,1070,97,973
113900126,215,88,127
113900127,292,554,-262
113900128,175,76,99
113900129,10,137,-127
113900130,1,26,-25
113900131,217,107,110
113900132,35,66,-31
113900133,25,76,-51
113900135,258,417,-159
113900136,100,70,30
113900137,372,283,89
113900138,40,94,-54
113900139,361,144,217
113900140,299,297,2
113900141,462,365,97
113900142,119,74,45
113900143,13,35,-22
113900144,218,203,15
113900145,277,213,64
113900146,140,81,59
113900148,122,309,-187
113900149,115,97,18
113900150,694,535,159
113900151,352,189,163
113900152,41,39,2
113900153,309,584,-275
113900154,4,99,-95
113900155,204,136,68
113900156,251,417,-166
113900157,24,258,-234
113900158,401,350,51
113900159,17,190,-173
113900160,1391,524,867
113900161,60,221,-161
113900162,473,599,-126
113900163,176,256,-80
113900164,307,70,237
113900165,1189,395,794
113900166,188,113,75
113900167,267,51,216
113900168,117,150,-33
113900169,220,379,-159
113900171,216,52,164
113900172,7,186,-179
113900173,39,581,-542
113900174,424,725,-301
113900175,374,117,257
113900176,349,594,-245
113900177,297,176,121
113900178,1115,171,944
113900179,21,481,-460
113900180,146,102,44
113900181,443,157,286
113900182,768,1174,-406
113900183,30,86,-56
113900184,15,486,-471
113900185,168,98,70
113900186,24,44,-20
113900187,37,146,-109
113900188,26,105,-79
113900189,263,91,172
113900190,256,133,123
113900191,70,190,-120
113900192,1731,2065,-334
113900193,41,197,-156
113900194,1411,1175,236
113900195,288,392,-104
113900196,8,138,-130
113900197,2,174,-172
113900198,21,267,-246
113900199,173,676,-503
113900200,8,208,-200
113900201,1,185,-184
113900202,15,215,-200
113900203,18,149,-131
113900204,39,471,-432
113900205,2,125,-123
113900206,4,148,-144
113900207,4,59,-55
113900208,0,52,-52
113900209,1,70,-69
113900210,563,620,-57
113900211,161,55,106
113900212,145,443,-298
113900214,350,346,4
113900215,38,144,-106
113900216,116,943,-827
113900217,66,287,-221
113900218,161,108,53
113900219,75,282,-207
113900220,120,134,-14
113900221,371,203,168
113900222,1190,742,448
113900223,106,1224,-1118
113900224,104,77,27
113900225,491,244,247
113900226,289,109,180
113900227,555,220,335
113900228,313,391,-78
113900229,53,731,-678
113900230,4180,2727,1453
113900231,194,147,47
113900232,98,115,-17
113900233,68,82,-14
113900234,245,458,-213
113900235,45,23,22
113900236,98,325,-227
113900237,127,6,121
113900238,190,483,-293
113900239,46,69,-23
113900240,6,152,-146
113900241,135,34,101
113900242,63,91,-28
113900243,93,483,-390
113900244,399,223,176
113900245,1214,261,953
113900246,19,20,-1
113900247,143,391,-248
113900248,2356,1763,593
113900249,1065,377,688
113900250,32,113,-81
113900251,576,207,369
113900252,558,9,549
113900253,712,51,661
113900254,886,139,747
113900255,468,22,446
113900256,333,17,316
113900257,25,577,-552
113900258,19,425,-406
113900259,376,153,223
113900260,134,7,127
113900261,44,127,-83
113900262,158,595,-437
113900263,147,644,-497
113900264,6,484,-478
113900265,307,308,-1
113900266,32,210,-178
113900267,99,476,-377
113900268,311,423,-112
113900269,72,154,-82
113900270,390,671,-281
113900271,539,1458,-919
113900273,121,13,108
113900274,99,28,71
113900275,39,64,-25
113900276,6,178,-172
113900277,169,3,166
113900278,291,182,109
113900279,130,80,50
113900280,1417,546,871
113900281,644,1147,-503
113900282,549,396,153
113900283,455,564,-109
113900284,778,151,627
113900285,130,27,103
113900286,7,120,-113
113900287,39,30,9
113900288,4,164,-160
113900289,989,151,838
113900290,390,172,218
113900291,113,179,-66
113900292,24,3,21
113900293,18,267,-249
113900294,409,36,373
113900295,399,304,95
113900296,1157,234,923
113900297,2185,56,2129
113900298,36,1764,-1728
113900299,76,232,-156
113900300,3009,2016,993
113900301,621,166,455
113900302,2759,1008,1751
113900303,508,445,63
113900304,2,127,-125
113900305,67,0,67
113900306,27,2,25
113900307,29,0,29
113900308,80,143,-63
113900309,3,765,-762
113900310,0,10,-10
113900311,2,1,1
113900312,185,194,-9
113900313,18,9,9
113900314,2,14,-12
113900315,79,5,74
114000001,883,2855,-1972
114000002,244,454,-210
114000003,255,958,-703
114000004,416,410,6
114000005,275,432,-157
114000006,2253,1987,266
114000007,785,1458,-673
114000008,1687,1887,-200
114000009,700,295,405
114000011,2256,2704,-448
114000012,2525,1974,551
114000013,1679,1670,9
114000014,849,652,197
114000015,2136,518,1618
114000016,207,361,-154
114000017,102,307,-205
114000018,320,54,266
114000026,1473,1375,98
114000027,2574,1930,644
114000028,2731,2711,20
114000038,298,250,48
114000039,188,224,-36
114000040,74,252,-178
114000042,160,160,0
114000043,439,389,50
114000044,282,274,8
114000045,37,78,-41
114000046,4335,4821,-486
114000047,41,83,-42
114000048,145,185,-40
114000049,1562,2121,-559
114000050,1595,2832,-1237
114000051,3073,2145,928
114000052,5499,1445,4054
114000053,219,633,-414
114000054,233,787,-554
114000055,845,32,813
114000056,1042,747,295
114000057,5695,2043,3652
114000058,601,1268,-667
114000059,285,399,-114
114000060,849,1018,-169
114000061,3883,2850,1033
114000062,2317,1293,1024
114000063,3102,1961,1141
114000064,6142,3784,2358
114000065,1794,2580,-786
114000066,515,720,-205
114000067,26,736,-710
114000068,600,841,-241
114000069,802,661,141
114000070,2037,1748,289
114000071,655,500,155
114000072,565,298,267
114000073,8,63,-55
114000074,37,24,13
114000075,39,103,-64
114000076,9,121,-112
114000077,4,39,-35
114000078,513,619,-106
114000079,224,40,184
114000080,78,90,-12
114000081,87,82,5
114000082,64,540,-476
114000083,69,288,-219
114000084,354,77,277
114000085,99,715,-616
114000086,238,456,-218
114000087,185,151,34
114000088,45,55,-10
114000089,981,423,558
114000090,870,1253,-383
114000091,1377,1150,227
114000092,908,799,109
114000093,1230,1204,26
114000094,550,487,63
114000095,284,170,114
114000096,172,462,-290
114000097,188,816,-628
114000098,433,135,298
114000099,517,734,-217
114000100,1187,814,373
114000101,485,1059,-574
114000102,711,414,297
114000103,266,457,-191
114000104,208,247,-39
114000105,249,165,84
114000106,834,926,-92
114000107,443,150,293
114000108,2190,1156,1034
114000109,480,1428,-948
114000110,736,1749,-1013
114000111,1468,939,529
114000112,576,2786,-2210
114000113,1398,576,822
114000114,1330,1974,-644
114000115,2029,1138,891
114000116,811,1383,-572
114000117,2323,688,1635
114000118,2066,624,1442
114000119,1537,479,1058
114000120,511,1205,-694
114000121,470,722,-252
114000122,402,457,-55
114000123,1604,596,1008
114000124,764,355,409
114000125,1264,1629,-365
114000126,5657,359,5298
114000127,382,218,164
114000128,1037,580,457
114000130,683,646,37
114000131,345,210,135
114000132,584,723,-139
114000133,883,1427,-544
114000134,65,169,-104
114000138,48,188,-140
114000139,509,256,253
114000144,718,500,218
114000145,88,172,-84
114000146,102,287,-185
114000147,1181,1672,-491
114000148,2238,2154,84
114000149,439,407,32
114000150,2048,1592,456
114000151,1776,1644,132
114000152,140,35,105
114000153,1183,2731,-1548
114000154,945,1199,-254
114000155,2925,2223,702
114000156,998,603,395
114000157,426,1056,-630
114000158,1828,849,979
114000159,224,573,-349
114000160,170,409,-239
114000161,1582,2723,-1141
114000162,934,2082,-1148
114000163,13,152,-139
114000165,487,263,224
114000166,835,414,421
114000167,3500,1618,1882
114000168,746,390,356
114000169,1466,1035,431
114000170,1356,949,407
114000171,974,2954,-1980
114000174,315,480,-165
114000176,731,696,35
114000177,2105,1002,1103
114000178,85,44,41
114000179,1166,997,169
114000180,768,1205,-437
114000181,1495,3247,-1752
114000182,3562,2453,1109
114000183,1057,1227,-170
114000184,5113,1484,3629
114000185,1123,1031,92
114000189,761,142,619
114000190,2175,313,1862
114000191,42,73,-31
114000192,353,1688,-1335
114000193,911,2309,-1398
114000194,1302,1271,31
114000195,158,21,137
114000196,3,301,-298
114000197,1102,176,926
114000198,929,311,618
114000199,2071,1694,377
114000200,665,1897,-1232
114000201,139,814,-675
114000202,1795,714,1081
114000203,606,981,-375
114000204,176,470,-294
114000205,354,1642,-1288
114000206,550,1313,-763
114000207,669,1975,-1306
114000208,403,2939,-2536
114000209,579,2535,-1956
114000210,323,1604,-1281
114000211,952,2783,-1831
114000212,731,804,-73
114000213,1456,571,885
114000214,70,240,-170
114000215,162,80,82
114000216,2191,672,1519
114000217,273,493,-220
114000218,111,390,-279
114000219,1136,299,837
114000220,30,1263,-1233
114000221,715,172,543
114000222,167,1185,-1018
114000223,466,150,316
114000224,97,710,-613
114000225,342,744,-402
114000226,116,256,-140
114000227,804,700,104
114000228,719,921,-202
114000229,1056,1384,-328
114000230,1880,1410,470
114000231,883,1310,-427
114000232,542,117,425
114000233,1662,106,1556
114000234,1218,1092,126
114000235,1193,1681,-488
114000236,0,415,-415
114000237,161,1014,-853
114000238,332,178,154
114000239,347,1447,-1100
114000240,706,810,-104
114000241,315,1208,-893
114000242,1162,1119,43
114000243,1898,849,1049
114000244,1944,426,1518
114000245,433,770,-337
114000246,271,50,221
114000247,2192,753,1439
114000248,1135,586,549
114000249,483,922,-439
114000250,477,1519,-1042
114000251,310,305,5
114000252,132,95,37
114000253,104,111,-7
114000254,57,80,-23
114000255,732,174,558
114000256,1924,1635,289
114000257,910,1677,-767
114000258,820,492,328
114000259,504,244,260
114000260,1,34,-33
114000261,53,41,12
114000262,384,160,224
114000263,18,2,16
114000264,1100,488,612
114000265,0,2,-2
114000267,7,3293,-3286
114000268,4,1661,-1657
114000270,147,0,147
114000271,732,68,664
114000283,1702,495,1207
114000285,32,297,-265
114000288,87,333,-246
114000289,1210,240,970
114000293,213,471,-258
114000294,174,296,-122
114000395,2887,49,2838
114000396,485,462,23
114000402,445,363,82
114000403,261,351,-90
114000405,94,620,-526
114000423,318,533,-215
114000424,435,192,243
114000425,614,478,136
114000426,307,1105,-798
114000427,65,124,-59
114000428,262,189,73
114000429,15,211,-196
114000432,110,145,-35
114000434,25,93,-68
114000435,1,286,-285
114900001,932,1136,-204
114900002,1497,159,1338
114900003,547,1686,-1139
114900004,347,404,-57
114900005,554,963,-409
114900006,83,43,40
114900007,294,31,263
114900008,182,152,30
114900010,2446,2111,335
114900011,177,161,16
114900013,207,173,34
114900018,826,49,777
114900020,194,119,75
114900022,90,596,-506
114900025,472,228,244
114900026,98,119,-21
114900029,155,33,122
114900030,365,336,29
114900031,415,71,344
114900032,363,66,297
114900034,58,254,-196
114900035,204,288,-84
114900036,254,746,-492
114900039,563,560,3
114900040,92,159,-67
114900041,640,547,93
114900042,716,723,-7
114900044,148,26,122
114900047,270,1798,-1528
114900048,91,368,-277
114900049,37,239,-202
114900050,48,467,-419
114900051,28,384,-356
114900052,235,182,53
114900053,480,300,180
114900054,30,105,-75
114900057,259,14,245
114900058,0,139,-139
114900059,65,47,18
114900063,59,248,-189
114900064,1012,550,462
114900065,353,688,-335
114900067,147,460,-313
114900068,79,228,-149
114900069,222,114,108
114900070,560,464,96
114900072,4,377,-373
114900073,1,286,-285
114900074,500,684,-184
114900075,180,13,167
114900076,11,477,-466
114900080,1859,476,1383
114900082,3985,1845,2140
114900083,1942,1283,659
114900090,320,372,-52
114900091,136,197,-61
114900097,134,5,129
114900098,6,244,-238
114900099,232,18,214
115000001,6764,5020,1744
115000002,3287,4106,-819
115000003,5008,4050,958
115000004,3610,6513,-2903
115000005,1673,2397,-724
115000006,958,1796,-838
115000007,86,204,-118
115000008,853,589,264
115000009,200,292,-92
115000010,316,158,158
115000013,79,259,-180
115000015,127,340,-213
115000016,47,212,-165
115000019,58,556,-498
115000020,155,558,-403
115000021,322,637,-315
115000022,489,340,149
115000023,355,501,-146
115000024,1022,482,540
115000025,765,627,138
115000026,144,509,-365
115000027,231,261,-30
115000028,185,885,-700
115000029,498,105,393
115000030,736,1146,-410
115000031,1158,210,948
115000032,9,317,-308
115000033,661,39,622
115000034,118,1140,-1022
115000035,1053,64,989
115000036,2,432,-430
115000037,581,15,566
115000038,56,204,-148
115000039,3582,2860,722
115000040,7328,3506,3822
115000041,2186,2733,-547
115000042,1895,655,1240
115000043,3258,1926,1332
115000044,3674,4182,-508
115000045,2479,2195,284
115000046,2030,2392,-362
115000047,2023,1591,432
115000048,1707,2930,-1223
115000049,1656,3918,-2262
115000050,2764,2023,741
115000051,1612,2807,-1195
115000052,3001,2007,994
115000053,1519,1631,-112
115000054,696,1492,-796
115000055,242,710,-468
115000056,319,510,-191
115000057,923,830,93
115000058,627,263,364
115000059,201,154,47
115000061,293,123,170
115000062,296,344,-48
115000063,262,399,-137
115000064,251,97,154
115000065,48,549,-501
115000067,215,27,188
115000069,95,326,-231
115000070,32,774,-742
115000071,162,15,147
115000072,10,75,-65
115000073,1116,39,1077
115000075,109,60,49
115000076,3922,2933,989
115000077,2362,2856,-494
115000078,1137,1745,-608
115000079,2405,2093,312
115000080,2924,2724,200
115000081,436,1004,-568
115000082,3562,3486,76
115000083,2124,2719,-595
115000084,1698,1207,491
115000085,748,1042,-294
115000086,904,850,54
115000087,374,1497,-1123
115000088,1678,709,969
115000089,1381,1344,37
115000090,472,944,-472
115000091,239,1141,-902
115000092,484,360,124
115000093,404,3,401
115000094,7049,5322,1727
115000095,5112,5484,-372
115000096,664,1765,-1101
115000097,792,1084,-292
115000098,900,932,-32
115000099,2399,3313,-914
115000100,976,432,544
115000101,480,1704,-1224
115000102,375,284,91
115000103,337,777,-440
115000105,47,233,-186
115000106,546,301,245
115000107,172,546,-374
115000108,3619,2810,809
115000109,4336,3823,513
115000110,1273,1207,66
115000111,655,1982,-1327
115000112,568,636,-68
115000113,576,927,-351
115000114,2337,822,1515
115000116,4236,2038,2198
115000117,4156,3359,797
115000118,2200,1762,438
115000119,2221,2395,-174
115000120,606,1193,-587
115000121,1826,1023,803
115000122,3980,1707,2273
115000123,1511,1978,-467
115000124,1277,877,400
115000125,504,624,-120
115000126,115,271,-156
115000127,493,97,396
115000128,575,824,-249
115000129,344,390,-46
115000130,445,1016,-571
115000131,730,336,394
115000132,484,441,43
115000133,964,379,585
115000134,830,257,573
115000135,495,242,253
115000136,423,306,117
115000137,150,215,-65
115000138,271,267,4
115000139,286,285,1
115000140,332,321,11
115000141,222,323,-101
115000142,228,281,-53
115000143,648,681,-33
115000144,526,111,415
115000145,299,445,-146
115000146,623,365,258
115000147,553,559,-6
115000148,295,1107,-812
115000149,519,280,239
115000150,623,1023,-400
115000151,1056,810,246
115000152,755,1296,-541
115000153,1120,899,221
115000154,717,512,205
115000155,620,999,-379
115000156,1036,772,264
115000157,730,843,-113
115000158,612,348,264
115000159,733,445,288
115000160,577,338,239
115000161,176,511,-335
115000162,790,756,34
115000163,610,683,-73
115000164,720,572,148
115000165,387,451,-64
115000167,181,112,69
115000168,663,353,310
115000169,551,322,229
115000170,170,166,4
115000171,350,245,105
115000172,1127,640,487
115000173,302,473,-171
115000174,178,409,-231
115000175,265,147,118
115000176,136,69,67
115000177,152,72,80
115000178,30,237,-207
115000179,103,31,72
115000180,114,738,-624
115000181,644,181,463
115000182,790,329,461
115000183,238,855,-617
115000186,750,286,464
115000187,186,768,-582
115000188,542,471,71
115000189,235,480,-245
115000190,653,329,324
115000191,153,469,-316
115000194,169,323,-154
115000195,367,356,11
115000196,170,109,61
115000197,288,290,-2
115000198,261,207,54
115000199,282,213,69
115000200,329,99,230
115000201,206,341,-135
115000206,479,47,432
115000207,102,299,-197
115000208,455,615,-160
115000209,975,393,582
115000210,168,151,17
115000211,283,229,54
115000212,1513,238,1275
115000224,463,77,386
115000225,48,85,-37
115000229,191,180,11
115000230,127,371,-244
115000231,359,1973,-1614
115000232,1233,332,901
115000233,221,221,0
115000234,33,347,-314
115000241,61,284,-223
115000242,72,362,-290
115000243,59,276,-217
115000244,20,147,-127
115000246,65,24,41
115000247,59,29,30
115000248,37,24,13
115000249,22,35,-13
115000250,319,53,266
115000251,227,175,52
115000252,126,277,-151
115000253,15,477,-462
115000258,319,222,97
115000259,330,185,145
115000261,13,24,-11
115000262,23,26,-3
115000263,7,59,-52
115000264,29,62,-33
115000267,78,75,3
115000268,30,125,-95
115000269,104,68,36
115000270,3,27,-24
115000272,67,169,-102
115000273,288,90,198
115000280,2083,201,1882
115000281,379,950,-571
115000282,658,664,-6
115000284,406,158,248
115000296,1327,10,1317
115000297,169,100,69
115000298,81,430,-349
115000300,166,150,16
115000302,588,140,448
115000303,691,139,552
115000304,635,88,547
115000305,109,739,-630
115000306,211,399,-188
115000307,94,203,-109
115000308,38,21,17
115000310,917,1112,-195
115000311,708,1253,-545
115000313,157,684,-527
115000314,363,167,196
115000315,1124,576,548
115000316,71,114,-43
115000317,200,488,-288
115000318,803,384,419
115000319,98,387,-289
115000320,13,273,-260
115000321,388,10,378
115000322,73,284,-211
115000449,204,167,37
115000557,65,992,-927
115000558,675,100,575
115000587,604,580,24
115000588,2658,2979,-321
115000589,3621,2593,1028
115000590,1334,1413,-79
115000591,2686,874,1812
115000592,590,1789,-1199
115000593,1322,608,714
115000594,1081,2507,-1426
115000609,200,345,-145
115000617,1953,3241,-1288
115000624,254,104,150
115000633,373,2191,-1818
115000634,2300,779,1521
115000635,643,192,451
115000638,859,820,39
115000641,55,149,-94
115000642,330,436,-106
115000643,154,614,-460
115000644,192,514,-322
115000646,854,1489,-635
115000647,159,520,-361
115000648,1630,2074,-444
115000893,3627,1515,2112
115000894,148,1335,-1187
115000895,720,1042,-322
115000896,1797,382,1415
115000897,509,226,283
115000898,580,200,380
115000899,648,1323,-675
115000900,144,502,-358
115000901,141,155,-14
115000912,396,204,192
115000913,0,18,-18
115000915,42,4,38
115000916,8,0,8
115000917,0,12,-12
115000918,66,269,-203
115000919,18,12,6
115000920,130,50,80
115000921,594,136,458
115000922,1494,779,715
115000923,662,1310,-648
115000925,122,72,50
115000927,60,65,-5
115000933,408,258,150
115000934,156,203,-47
115000935,126,104,22
115000936,39,623,-584
115000937,1142,247,895
115000938,232,262,-30
115000939,314,216,98
115000940,114,29,85
115000941,13,15,-2
115000942,92,137,-45
115000943,101,18,83
115000944,3,9,-6
115900001,109,45,64
115900002,68,97,-29
115900003,115,140,-25
115900004,1,69,-68
115900005,172,6,166
115900006,84,243,-159
115900008,49,17,32
115900009,57,179,-122
115900010,232,180,52
115900011,470,313,157
115900012,127,102,25
115900013,362,106,256
115900014,116,177,-61
115900015,178,93,85
115900016,179,49,130
115900017,12,6,6
115900018,214,98,116
115900019,96,23,73
115900020,39,4,35
115900021,1430,166,1264
115900022,1673,11,1662
115900023,46,8,38
115900025,45,177,-132
115900026,676,297,379
115900027,3,280,-277
115900028,647,57,590
115900029,16,444,-428
115900030,49,28,21
115900031,324,253,71
115900032,474,704,-230
115900033,3,32,-29
115900034,14,453,-439
115900035,41,19,22
115900036,130,630,-500
115900037,37,349,-312
115900038,30,12,18
115900039,141,209,-68
115900041,560,484,76
115900042,20,11,9
115900043,91,68,23
115900044,288,257,31
115900046,217,293,-76
115900047,156,115,41
115900049,123,313,-190
115900051,1,90,-89
115900052,8,290,-282
115900053,191,221,-30
115900054,155,62,93
115900055,15,179,-164
115900056,181,325,-144
115900057,45,30,15
115900058,40,94,-54
115900060,120,145,-25
115900061,190,0,190
115900062,41,425,-384
115900063,72,18,54
115900064,138,209,-71
115900065,145,130,15
115900066,250,138,112
115900067,12,776,-764
115900068,3520,1175,2345
115900069,146,149,-3
115900070,218,193,25
115900071,0,468,-468
115900072,60,149,-89
115900073,83,66,17
115900074,2,364,-362
115900075,52,259,-207
115900076,7,88,-81
115900077,2,297,-295
115900078,184,121,63
115900079,119,24,95
115900080,605,337,268
115900081,15,91,-76
115900082,156,232,-76
115900084,253,29,224
115900085,31,60,-29
115900086,1523,668,855
115900088,6,66,-60
115900089,297,752,-455
115900090,245,28,217
115900091,3,43,-40
115900092,25,178,-153
115900093,4,29,-25
115900094,6,292,-286
115900096,3,24,-21
115900097,8,369,-361
115900098,148,381,-233
115900099,309,77,232
115900100,8,525,-517
115900101,102,264,-162
115900102,162,114,48
115900103,267,171,96
115900104,94,120,-26
115900105,176,569,-393
115900106,56,36,20
115900107,145,191,-46
115900108,126,102,24
115900109,65,445,-380
115900110,3,41,-38
115900111,2,118,-116
115900112,28,843,-815
115900113,31,57,-26
115900114,6,182,-176
115900115,46,271,-225
115900116,120,790,-670
115900117,66,28,38
115900118,5,334,-329
115900119,111,149,-38
115900120,35,346,-311
115900121,148,266,-118
115900124,290,735,-445
115900125,273,34,239
115900126,610,95,515
115900127,519,78,441
115900128,11,117,-106
115900129,597,73,524
115900130,19,265,-246
115900131,525,23,502
115900132,396,8,388
115900134,296,12,284
115900135,472,963,-491
115900137,28,6,22
115900139,38,39,-1
115900140,209,24,185
115900141,10,26,-16
115900142,6,16,-10
115900143,314,315,-1
115900144,65,180,-115
115900146,15,173,-158
115900147,203,224,-21
115900148,40,6,34
115900149,54,31,23
115900150,60,47,13
115900151,6,132,-126
115900152,87,313,-226
115900153,100,225,-125
115900154,364,368,-4
115900155,0,46,-46
115900156,563,911,-348
115900157,124,489,-365
115900158,23,23,0
115900159,81,277,-196
115900160,11,7,4
115900161,90,188,-98
115900163,150,129,21
115900164,496,8,488
115900166,160,133,27
115900168,118,202,-84
115900171,82,406,-324
115900172,61,146,-85
115900173,208,128,80
115900174,229,262,-33
115900175,100,227,-127
115900178,17,704,-687
115900179,210,19,191
115900180,64,237,-173
115900181,149,283,-134
115900182,282,329,-47
115900183,86,31,55
115900184,1641,15,1626
115900187,9,117,-108
115900189,0,176,-176
115900190,393,915,-522
115900191,61,445,-384
115900192,3,114,-111
115900193,406,193,213
115900194,604,70,534
115900195,608,1700,-1092
115900198,175,395,-220
115900199,140,266,-126
115900200,276,452,-176
115900201,465,364,101
115900202,1,29,-28
115900203,7,5,2
115900204,0,3,-3
115900205,193,25,168
115900206,159,215,-56
115900207,18,37,-19
115900208,167,195,-28
115900209,4,155,-151
115900210,5,101,-96
115900211,2,215,-213
115900212,139,351,-212
115900213,179,66,113
115900214,315,224,91
115900215,19,99,-80
115900216,3,123,-120
115900217,5,57,-52
115900218,1,50,-49
115900219,61,5,56
115900220,100,23,77
115900221,77,31,46
115900222,34,25,9
115900223,9,285,-276
115900224,1343,979,364
115900225,86,22,64
115900226,31,52,-21
115900227,14,46,-32
115900228,4,50,-46
115900229,8,57,-49
115900230,46,109,-63
115900231,118,6,112
115900232,81,3,78
115900233,109,25,84
115900234,83,32,51
115900235,102,32,70
115900236,231,18,213
115900237,59,33,26
115900238,63,33,30
115900239,33,28,5
115900240,11,65,-54
115900241,214,260,-46
115900242,315,349,-34
115900243,3,6,-3
115900244,17,7,10
115900245,35,15,20
115900246,55,16,39
115900247,29,11,18
115900248,8,4,4
115900249,2,19,-17
115900250,4,23,-19
115900251,3,9,-6
115900252,6,1,5
115900253,13,35,-22
115900254,8,36,-28
115900255,0,25,-25
115900256,17,51,-34
115900257,7,11,-4
115900258,0,1,-1
115900259,1,2,-1
115900260,10,2,8
115900261,4,0,4
115900262,1,0,1
115900263,12,1,11
115900264,8,4,4
115900265,3,1,2
115900266,0,5,-5
115900267,8,4,4
115900268,4,6,-2
115900269,352,617,-265
115900270,238,454,-216
115900271,43,0,43
115900272,16,1,15
115900273,4,5,-1
115900274,3,8,-5
115900275,13,35,-22
115900276,0,31,-31
115900277,0,83,-83
115900278,36,103,-67
115900279,20,118,-98
115900280,23,331,-308
115900281,537,271,266
115900282,32,8,24
115900283,10,37,-27
115900284,14,4,10
116000001,12930,5449,7481
116000002,4390,8634,-4244
116000003,2098,2100,-2
116000004,2491,3166,-675
116000005,3684,3762,-78
116000006,3217,2363,854
116000007,3770,4332,-562
116000008,4284,1999,2285
116000009,2431,3187,-756
116000010,2673,1432,1241
116000011,1105,2438,-1333
116000012,1408,1220,188
116000013,7275,2853,4422
116000014,14131,10263,3868
116000015,233,1152,-919
116000016,4673,2817,1856
116000017,23,626,-603
116000018,672,300,372
116000019,663,302,361
116000020,449,780,-331
116000021,397,322,75
116000022,377,395,-18
116000023,989,606,383
116000024,790,803,-13
116000025,714,672,42
116000026,1797,2278,-481
116000027,621,530,91
116000028,407,714,-307
116000029,878,735,143
116000030,784,454,330
116000031,166,359,-193
116000032,408,217,191
116000033,363,508,-145
116000034,667,1048,-381
116000035,433,815,-382
116000036,1685,855,830
116000037,553,499,54
116000038,429,349,80
116000039,484,265,219
116000040,1005,221,784
116000041,172,394,-222
116000042,613,180,433
116000043,62,508,-446
116000044,20,126,-106
116000045,1693,1234,459
116000046,1210,1483,-273
116000047,1915,2353,-438
116000048,2019,1666,353
116000049,1178,2419,-1241
116000050,1451,1503,-52
116000051,6075,2004,4071
116000052,5806,4625,1181
116000053,1913,1005,908
116000054,694,2563,-1869
116000055,562,1035,-473
116000056,875,1251,-376
116000057,3170,2187,983
116000058,3300,2615,685
116000059,3885,4828,-943
116000060,2478,924,1554
116000061,658,1197,-539
116000062,934,266,668
116000063,752,1155,-403
116000066,301,566,-265
116000067,367,528,-161
116000068,243,326,-83
116000069,328,446,-118
116000078,464,1215,-751
116000080,1832,1407,425
116000082,14,108,-94
116000083,1599,591,1008
116000084,2319,4594,-2275
116000085,2119,1742,377
116000086,2340,1881,459
116000087,1726,1622,104
116000088,726,1174,-448
116000089,224,126,98
116000090,131,175,-44
116000091,695,330,365
116000093,499,328,171
116000094,544,858,-314
116000095,782,434,348
116000096,731,1860,-1129
116000097,2083,805,1278
116000098,201,8684,-8483
116000099,6758,372,6386
116000100,253,17,236
116000101,1211,1166,45
116000102,263,1483,-1220
116000103,699,345,354
116000104,253,1549,-1296
116000105,1129,184,945
116000106,1926,1207,719
116000107,5478,471,5007
116000108,2239,239,2000
116000111,170,67,103
116000113,88,104,-16
116000114,66,173,-107
116000115,257,112,145
116000116,355,635,-280
116000117,1321,1806,-485
116000118,1365,1556,-191
116000119,2610,2085,525
116000120,2794,4809,-2015
116000121,895,628,267
116000122,1364,2113,-749
116000123,946,542,404
116000124,396,1010,-614
116000125,2737,734,2003
116000126,471,1892,-1421
116000127,1202,1461,-259
116000128,1334,888,446
116000129,903,257,646
116000130,514,432,82
116000133,834,1059,-225
116000134,1810,2563,-753
116000135,2051,1729,322
116000136,1261,2512,-1251
116000137,1310,684,626
116000138,750,459,291
116000139,1477,1833,-356
116000140,139,242,-103
116000141,292,789,-497
116000142,3791,3262,529
116000143,1846,1707,139
116000144,1473,2483,-1010
116000145,1473,1341,132
116000146,413,269,144
116000147,317,141,176
116000148,400,483,-83
116000149,514,560,-46
116000151,796,627,169
116000153,111,410,-299
116000155,234,268,-34
116000156,396,1183,-787
116000157,84,40,44
116000158,376,343,33
116000159,9,6,3
116000160,6,71,-65
116000161,4,121,-117
116000162,90,67,23
116000163,27,6,21
116000164,3,31,-28
116000177,2061,158,1903
116000194,89,374,-285
116000195,1471,817,654
116000196,12,1,11
116000197,8,26,-18
116000198,2613,1070,1543
116000200,704,427,277
116000201,668,656,12
116000202,16,313,-297
116000203,3,128,-125
116000204,19,95,-76
116000205,1,224,-223
116000206,2,165,-163
116000207,6,63,-57
116000233,227,493,-266
116000287,203,602,-399
116000288,248,253,-5
116000292,43,111,-68
116000296,37,225,-188
116000297,135,39,96
116000304,202,64,138
116000305,46,86,-40
116000346,121,108,13
116000352,72,22,50
116000354,41,7,34
116000357,37,18,19
116000358,346,40,306
116000361,663,4,659
116000372,7399,3727,3672
116000381,104,3,101
116000388,3,47,-44
116000389,983,550,433
116000445,274,732,-458
116000446,470,785,-315
116000447,16,558,-542
116000448,647,253,394
116000563,1279,835,444
116000565,33,540,-507
116000568,67,175,-108
116000579,39,119,-80
116000583,129,79,50
116000584,22,23,-1
116000585,18,19,-1
116000586,146,155,-9
116000587,469,562,-93
116000589,91,76,15
116000590,54,114,-60
116000591,244,307,-63
116000592,17,100,-83
116000593,0,27,-27
116000594,503,556,-53
116000595,654,190,464
116000596,96,3,93
116000597,333,136,197
116000598,11,241,-230
116000605,331,169,162
116000606,81,394,-313
116000607,2,32,-30
116000609,205,870,-665
116000611,99,600,-501
116000612,739,1933,-1194
116000613,517,405,112
116000614,426,716,-290
116000615,8,239,-231
116000616,38,95,-57
116000617,59,54,5
116000618,3,108,-105
116000619,102,77,25
116000620,103,560,-457
116000621,44,102,-58
116000622,66,197,-131
116000624,537,117,420
116000627,81,112,-31
116000628,70,526,-456
116000629,65,314,-249
116000630,311,82,229
116000631,129,106,23
116000632,601,173,428
116000633,120,271,-151
116000634,418,198,220
116000635,3129,2037,1092
116000636,1407,1246,161
116000637,415,103,312
116000638,99,395,-296
116000639,109,3,106
116000640,17,14,3
116000641,35,198,-163
116000643,4,189,-185
116000644,17,612,-595
116000645,120,9,111
116900001,207,159,48
116900002,208,2,206
116900003,23,76,-53
116900004,35,70,-35
116900005,261,73,188
116900006,151,145,6
116900007,81,196,-115
116900008,314,340,-26
116900009,12,2,10
116900010,605,1928,-1323
116900011,8,40,-32
116900012,246,202,44
116900013,5,159,-154
116900014,92,316,-224
116900015,256,76,180
116900016,173,1,172
116900017,5,691,-686
116900018,34,59,-25
116900019,2,307,-305
116900020,1168,838,330
116900023,229,14,215
116900024,457,75,382
116900025,977,912,65
116900026,132,666,-534
116900027,21,56,-35
116900028,3,96,-93
116900029,0,51,-51
116900031,1,3,-2
116900032,5,441,-436
116900033,9,11,-2
116900034,8,69,-61
116900035,205,192,13
116900036,3,103,-100
116900038,195,6,189
116900041,35,13,22
116900042,782,235,547
116900043,12,64,-52
116900047,56,140,-84
116900049,40,364,-324
116900050,119,485,-366
116900051,78,203,-125
116900052,188,77,111
116900055,0,6,-6
116900057,19,241,-222
116900058,39,381,-342
116900059,2,136,-134
116900060,136,189,-53
116900062,2,7,-5
116900064,74,832,-758
116900065,18,128,-110
116900067,77,113,-36
116900068,193,222,-29
116900070,1,2,-1
116900072,19,409,-390
116900073,13,141,-128
116900074,3,42,-39
116900076,14,42,-28
116900077,14,180,-166
116900078,231,119,112
116900079,38,263,-225
116900080,10,28,-18
116900081,414,1242,-828
116900082,411,845,-434
116900083,68,45,23
116900084,183,48,135
116900085,62,199,-137
116900086,111,208,-97
116900088,393,95,298
116900090,203,48,155
116900091,259,69,190
116900092,81,666,-585
116900093,1461,1591,-130
116900094,3947,2993,954
116900095,171,116,55
116900096,86,280,-194
116900097,3321,2421,900
116900098,829,295,534
116900099,914,569,345
116900100,771,25,746
116900101,270,479,-209
116900103,7,1,6
116900104,96,116,-20
116900105,229,123,106
116900106,1082,10,1072
116900107,4198,2075,2123
116900110,15,1,14
116900111,456,919,-463
116900112,247,1124,-877
116900113,1993,1708,285
116900116,138,462,-324
116900117,267,99,168
116900118,760,633,127
116900120,245,66,179
116900121,180,21,159
116900122,688,861,-173
116900123,116,716,-600
116900124,181,997,-816
116900125,246,198,48
116900126,159,517,-358
116900128,0,28,-28
116900129,2,349,-347
116900130,608,2982,-2374
116900131,127,366,-239
116900132,43,100,-57
116900133,122,191,-69
116900134,208,335,-127
116900136,308,197,111
116900137,340,166,174
116900138,211,214,-3
116900139,107,410,-303
116900140,208,163,45
116900141,856,438,418
116900142,0,70,-70
116900143,243,355,-112
116900144,25,88,-63
116900145,64,196,-132
116900147,512,321,191
116900148,6,49,-43
116900149,55,254,-199
116900150,10,19,-9
116900151,43,11,32
116900153,93,96,-3
116900154,527,544,-17
116900155,69,79,-10
116900157,397,405,-8
116900158,1279,328,951
116900159,59,250,-191
116900160,965,383,582
116900161,6466,4661,1805
116900162,22,110,-88
116900163,139,155,-16
116900164,444,80,364
116900165,227,115,112
116900166,45,91,-46
116900167,330,88,242
116900168,291,111,180
116900169,514,265,249
116900170,257,388,-131
116900171,36,190,-154
116900172,252,341,-89
116900173,133,50,83
116900174,95,82,13
116900175,155,132,23
116900178,14,136,-122
116900179,80,305,-225
116900180,81,30,51
116900182,332,280,52
116900183,138,102,36
116900185,52,48,4
116900186,77,314,-237
116900187,88,62,26
116900188,106,42,64
116900189,104,2,102
116900191,311,747,-436
116900192,214,114,100
116900194,119,1090,-971
116900195,30,14,16
116900196,14,111,-97
116900197,67,18,49
116900198,186,203,-17
116900200,60,41,19
116900201,90,10,80
116900202,91,50,41
116900203,131,9,122
116900204,47,73,-26
116900206,15,44,-29
116900207,40,48,-8
116900208,24,117,-93
116900209,123,95,28
116900210,377,282,95
116900211,181,8,173
116900212,46,111,-65
116900213,170,162,8
116900214,167,172,-5
116900215,61,86,-25
116900216,415,293,122
116900218,12,279,-267
116900219,1301,421,880
116900220,79,202,-123
116900221,67,337,-270
116900222,332,359,-27
116900223,77,305,-228
116900226,48,70,-22
116900227,111,103,8
116900228,393,249,144
116900230,78,340,-262
116900231,37,437,-400
116900232,6,506,-500
116900233,185,96,89
116900234,3,2,1
116900235,390,371,19
116900238,1753,340,1413
116900239,12,1210,-1198
116900240,5873,4196,1677
116900241,94,128,-34
116900242,1082,540,542
116900243,3,44,-41
116900245,27,33,-6
116900246,141,49,92
116900247,1072,62,1010
116900248,111,55,56
116900249,212,78,134
116900250,380,59,321
116900251,514,431,83
116900252,165,1006,-841
116900254,20,105,-85
116900255,65,54,11
116900256,315,98,217
116900257,52,588,-536
116900258,11,301,-290
116900259,474,19,455
116900260,4,162,-158
116900261,52,1,51
116900262,236,179,57
116900263,0,27,-27
116900264,112,53,59
116900265,32,0,32
116900266,23,40,-17
116900267,2,0,2
116900268,151,56,95
116900269,317,537,-220
116900271,1236,151,1085
116900272,459,347,112
116900273,201,59,142
116900274,85,92,-7
116900275,145,147,-2
116900276,369,107,262
116900277,570,13,557
116900278,0,9,-9
116900279,1,19,-18
116900280,6,37,-31
116900281,6453,3604,2849
116900282,6,124,-118
116900283,9,141,-132
116900284,5,224,-219
116900285,320,180,140
116900286,202,31,171
116900287,7,57,-50
116900288,64,158,-94
116900289,17,22,-5
116900290,3,49,-46
116900291,14,4,10
116900292,0,14,-14
116900293,30,60,-30
116900294,34,156,-122
116900295,207,37,170
116900296,139,51,88
116900297,16,64,-48
116900298,72,32,40
116900299,122,42,80
116900300,12,53,-41
116900301,70,118,-48
116900302,59,55,4
116900303,348,99,249
116900304,0,83,-83
116900305,26,62,-36
116900306,169,187,-18
116900307,142,4,138
116900308,2,186,-184
116900309,83,106,-23
116900310,47,63,-16
117000001,1426,1541,-115
117000002,2730,4609,-1879
117000003,6138,3017,3121
117000004,3792,5265,-1473
117000005,2624,1925,699
117000006,1622,4273,-2651
117000007,3189,1607,1582
117000008,1243,4278,-3035
117000009,4720,2104,2616
117000010,2963,4628,-1665
117000011,2670,1757,913
117000012,1497,1680,-183
117000013,1884,990,894
117000014,1512,2588,-1076
117000015,3180,1467,1713
117000016,435,69,366
117000017,426,126,300
117000018,185,451,-266
117000019,259,24,235
117000020,443,1092,-649
117000021,2102,617,1485
117000022,424,84,340
117000023,493,220,273
117000024,430,117,313
117000025,549,363,186
117000026,2855,855,2000
117000027,2791,3652,-861
117000028,4691,1485,3206
117000030,706,501,205
117000031,357,329,28
117000032,1909,1214,695
117000033,1166,731,435
117000034,462,369,93
117000035,404,325,79
117000036,450,353,97
117000037,321,269,52
117000038,281,592,-311
117000039,442,269,173
117000040,206,1023,-817
117000041,775,165,610
117000044,26,914,-888
117000045,540,84,456
117000046,517,818,-301
117000047,885,603,282
117000048,1831,1205,626
117000049,91,574,-483
117000050,98,1659,-1561
117000051,1395,98,1297
117000052,49,591,-542
117000053,1041,108,933
117000054,1601,11,1590
117000055,137,3339,-3202
117000056,613,23,590
117000057,714,2458,-1744
117000060,434,1507,-1073
117000061,1511,823,688
117000062,252,640,-388
117000063,1627,949,678
117000064,937,977,-40
117000066,920,848,72
117000067,137,407,-270
117000074,167,287,-120
117000076,75,39,36
117000077,182,198,-16
117000078,146,526,-380
117000079,483,215,268
117000080,6,401,-395
117000081,1084,139,945
117000082,37,190,-153
117000083,561,405,156
117000084,295,2,293
117000085,314,755,-441
117000086,995,513,482
117000087,84,598,-514
117000088,343,194,149
117000089,1549,343,1206
117000090,262,1587,-1325
117000091,847,369,478
117000092,476,1568,-1092
117000093,1090,844,246
117000094,1179,3199,-2020
117000095,3227,1049,2178
117000096,767,2860,-2093
117000097,1317,1411,-94
117000098,2719,5378,-2659
117000099,2892,1452,1440
117000100,133,314,-181
117000101,215,1281,-1066
117000102,1263,814,449
117000103,886,2125,-1239
117000104,1271,767,504
117000105,901,1869,-968
117000106,1008,906,102
117000107,675,1722,-1047
117000108,1512,925,587
117000109,2213,3037,-824
117000110,1348,962,386
117000111,3449,4556,-1107
117000112,3012,1890,1122
117000113,387,332,55
117000114,299,165,134
117000115,182,159,23
117000116,141,242,-101
117000117,1502,858,644
117000118,523,204,319
117000119,1407,208,1199
117000120,326,393,-67
117000121,194,1184,-990
117000122,323,944,-621
117000123,1780,51,1729
117000124,979,38,941
117000125,423,92,331
117000126,102,21,81
117000127,181,264,-83
117000128,492,627,-135
117000129,524,650,-126
117000130,165,2,163
117000131,0,137,-137
117000132,4332,59,4273
117000133,1114,59,1055
117000134,2,45,-43
117000135,8,38,-30
117000136,1,31,-30
117000137,110,94,16
117000138,4,554,-550
117000140,614,2096,-1482
117000141,1356,611,745
117000181,694,503,191
117000182,348,429,-81
117000195,246,1150,-904
117000196,288,87,201
117000225,194,9,185
117000226,22,122,-100
117000276,250,8,242
117000277,1,434,-433
117000310,1715,2573,-858
117000315,27,1062,-1035
117000320,105,0,105
117000906,345,19,326
117000907,10,342,-332
117000909,70,42,28
117000910,194,139,55
117000911,112,256,-144
117000915,5,662,-657
117000916,20,8,12
117000917,916,54,862
117000918,63,61,2
117000919,3,143,-140
117000920,4,1449,-1445
117000921,8,1593,-1585
117000922,66,136,-70
117000924,719,1003,-284
117000926,1038,96,942
117000927,2194,795,1399
117000928,0,139,-139
117000929,194,570,-376
117000930,440,260,180
117000931,513,158,355
117900002,113,437,-324
117900003,779,372,407
117900005,7,8,-1
117900006,1,15,-14
117900007,143,130,13
117900008,0,40,-40
117900010,561,124,437
117900011,22,63,-41
117900012,67,85,-18
117900013,2,250,-248
117900014,786,206,580
117900015,24,96,-72
117900016,1274,577,697
117900017,612,502,110
117900018,190,64,126
117900019,362,374,-12
117900020,99,375,-276
117900021,68,53,15
117900023,679,373,306
117900024,62,66,-4
117900025,48,15,33
117900026,416,343,73
117900028,115,8,107
117900029,217,789,-572
117900031,397,89,308
117900032,1692,609,1083
117900033,253,664,-411
117900034,89,45,44
117900035,758,205,553
117900036,213,505,-292
117900037,104,241,-137
117900038,42,390,-348
117900039,13,66,-53
117900040,112,474,-362
117900041,8,54,-46
117900042,3927,389,3538
117900043,51,75,-24
117900044,75,4671,-4596
117900045,117,118,-1
117900048,313,420,-107
117900049,301,631,-330
117900050,10,39,-29
117900051,36,4,32
117900052,65,339,-274
117900053,1478,850,628
117900054,0,29,-29
117900055,135,347,-212
117900056,321,55,266
117900057,1523,1705,-182
117900058,86,31,55
117900059,354,82,272
117900060,1655,6243,-4588
117900061,85,223,-138
117900063,312,166,146
117900065,1468,1324,144
117900066,3,45,-42
117900067,344,186,158
117900069,698,259,439
117900070,245,16,229
117900071,86,141,-55
117900073,441,324,117
117900074,261,27,234
117900075,38,63,-25
117900076,20,99,-79
117900077,280,293,-13
117900078,341,811,-470
117900080,137,54,83
117900081,577,390,187
117900082,389,397,-8
117900083,304,449,-145
117900086,124,43,81
117900087,176,125,51
117900088,3651,1991,1660
117900089,1738,753,985
117900090,472,470,2
117900091,152,193,-41
117900092,52,38,14
117900093,74,153,-79
117900094,32,27,5
117900095,394,659,-265
117900096,100,180,-80
117900097,193,212,-19
117900098,20,8,12
117900099,306,247,59
117900100,144,0,144
117900101,451,1827,-1376
117900102,43,110,-67
117900103,86,3,83
117900104,53,78,-25
117900105,140,207,-67
117900106,99,75,24
117900107,57,0,57
117900109,437,352,85
117900110,155,2,153
117900111,392,14,378
117900112,64,53,11
117900113,3802,1755,2047
117900114,28,0,28
117900115,322,54,268
117900116,988,946,42
117900117,435,439,-4
117900118,50,0,50
117900119,142,267,-125
117900120,185,104,81
117900121,126,19,107
117900122,1106,3502,-2396
117900123,772,502,270
117900124,1338,781,557
117900125,1772,1895,-123
117900126,272,535,-263
117900127,442,522,-80
117900128,358,676,-318
117900129,65,0,65
117900130,1673,395,1278
117900131,1,99,-98
117900132,21,108,-87
117900133,5,130,-125
117900134,40,204,-164
117900135,22,215,-193
117900136,0,42,-42
117900137,48,372,-324
117900138,0,52,-52
117900139,109,136,-27
117900140,3798,44,3754
117900141,120,211,-91
117900142,469,28,441
117900144,75,73,2
117900145,64,35,29
117900146,199,93,106
117900147,44,35,9
117900148,2469,1507,962
117900149,96,200,-104
117900150,50,43,7
117900151,49,66,-17
117900152,121,58,63
117900153,40,103,-63
117900154,363,735,-372
117900156,949,933,16
117900157,112,583,-471
117900158,243,260,-17
117900160,678,664,14
117900161,2986,2316,670
117900162,599,495,104
117900163,171,70,101
117900165,1,14,-13
117900166,118,489,-371
117900168,50,276,-226
117900169,4,128,-124
117900170,4,33,-29
117900171,4,25,-21
117900172,11,55,-44
117900173,167,73,94
117900174,46,59,-13
117900175,3,60,-57
117900176,6,41,-35
117900177,12,66,-54
117900178,159,33,126
117900180,239,59,180
117900181,166,479,-313
117900182,5,49,-44
117900183,65,258,-193
117900184,33,72,-39
117900185,34,62,-28
117900186,33,18,15
117900187,15,13,2
117900188,330,50,280
117900189,163,55,108
117900190,18,1,17
117900191,82,8,74
117900192,327,2,325
117900193,3,199,-196
117900194,26,15,11
117900195,94,75,19
117900196,6,47,-41
117900207,176,173,3
117900208,15,32,-17
117900209,191,222,-31
117900210,117,195,-78
117900211,6,164,-158
117900212,136,173,-37
117900213,47,36,11
117900214,2,23,-21
117900215,32,44,-12
117900216,69,24,45
117900217,180,247,-67
117900218,194,218,-24
117900219,10,103,-93
117900220,149,40,109
117900222,240,499,-259
117900223,159,286,-127
118000001,900,825,75
118000002,1172,2219,-1047
118000003,2608,2621,-13
118000004,3815,2809,1006
118000005,5248,4692,556
118000006,7088,9342,-2254
118000007,5847,2660,3187
118000008,6295,3354,2941
118000009,4626,3237,1389
118000010,4615,3693,922
118000011,1412,2468,-1056
118000012,1189,2496,-1307
118000013,2345,2586,-241
118000014,2754,3446,-692
118000016,200,408,-208
118000017,361,470,-109
118000018,463,495,-32
118000019,2498,1553,945
118000020,1692,2555,-863
118000021,821,2428,-1607
118000022,1917,724,1193
118000023,1144,324,820
118000024,1745,1045,700
118000027,16310,10631,5679
118000029,1083,687,396
118000032,1620,3317,-1697
118000033,3313,4134,-821
118000034,5704,2253,3451
118000035,1802,2376,-574
118000036,1502,1041,461
118000037,806,1021,-215
118000038,170,71,99
118000039,97,279,-182
118000040,1698,1391,307
118000041,2141,1614,527
118000045,686,47,639
118000046,1977,414,1563
118000047,1521,646,875
118000048,3610,1433,2177
118000051,2446,781,1665
118000052,1888,578,1310
118000053,470,384,86
118000054,1707,1296,411
118000055,1363,1377,-14
118000056,541,310,231
118000057,352,351,1
118000058,3110,1213,1897
118000059,2151,769,1382
118000060,885,753,132
118000061,1837,1177,660
118000062,666,256,410
118000063,391,499,-108
118000064,887,1130,-243
118000065,4384,1837,2547
118000066,821,1365,-544
118000067,1477,865,612
118000068,1862,4258,-2396
118000069,3131,1086,2045
118000070,5459,1774,3685
118000071,3273,6280,-3007
118000072,2149,1152,997
118000073,3026,555,2471
118000074,660,623,37
118000075,1129,343,786
118000076,1556,1927,-371
118000077,1404,1356,48
118000078,1914,1922,-8
118000079,295,429,-134
118000080,1263,920,343
118000081,1864,1128,736
118000082,328,1106,-778
118000083,1687,1705,-18
118000084,2942,1866,1076
118000086,323,597,-274
118000087,4827,2632,2195
118000088,1765,1724,41
118000089,3264,1984,1280
118000090,1596,2652,-1056
118000091,592,1947,-1355
118000092,1305,491,814
118000093,108,670,-562
118000096,529,759,-230
118000097,919,671,248
118000098,320,179,141
118000099,500,785,-285
118000101,1077,459,618
118000102,392,1430,-1038
118000107,2058,566,1492
118000108,583,2046,-1463
118000110,0,21,-21
118000111,0,480,-480
118000112,600,9,591
118000113,8,748,-740
118000114,568,9,559
118000115,9,24,-15
118000116,93,0,93
118000117,1402,806,596
118000118,746,760,-14
118000119,1093,1086,7
118000120,1901,1334,567
118000121,142,673,-531
118000122,1622,357,1265
118000123,62,339,-277
118000125,2284,1386,898
118000126,1000,1584,-584
118000127,1653,641,1012
118000128,1427,1437,-10
118000129,1167,370,797
118000130,2997,4328,-1331
118000131,902,1042,-140
118000132,2647,1816,831
118000133,1073,506,567
118000135,612,394,218
118000136,112,505,-393
118000137,913,110,803
118000138,472,547,-75
118000139,367,150,217
118000140,3287,4099,-812
118000141,1929,1983,-54
118000142,1566,1654,-88
118000143,2286,1330,956
118000144,1478,939,539
118000145,2366,1783,583
118000146,1102,1087,15
118000147,916,1820,-904
118000148,619,1315,-696
118000149,905,1078,-173
118000150,340,376,-36
118000151,396,421,-25
118000153,1214,1249,-35
118000154,1509,1683,-174
118000155,1064,1359,-295
118000156,2221,2608,-387
118000157,625,435,190
118000158,264,442,-178
118000159,39,117,-78
118000160,429,464,-35
118000161,438,856,-418
118000162,1573,1084,489
118000163,839,911,-72
118000164,2018,1542,476
118000168,1045,296,749
118000169,1156,1537,-381
118000170,4784,6184,-1400
118000171,277,722,-445
118000172,139,251,-112
118000173,1104,1327,-223
118000175,240,325,-85
118000176,229,434,-205
118000177,255,541,-286
118000178,54,55,-1
118000179,1488,1025,463
118000180,737,693,44
118000181,402,146,256
118000182,443,297,146
118000183,614,429,185
118000184,734,814,-80
118000185,1118,918,200
118000186,733,923,-190
118000187,1134,852,282
118000188,566,205,361
118000189,484,723,-239
118000190,21,13,8
118000191,32,15,17
118000192,1042,485,557
118000193,333,480,-147
118000194,1665,1025,640
118000195,657,752,-95
118000196,448,157,291
118000197,418,196,222
118000198,1041,644,397
118000199,1045,384,661
118000200,61,206,-145
118000201,478,467,11
118000202,22,40,-18
118000203,1191,492,699
118000204,219,340,-121
118000205,233,370,-137
118000206,192,218,-26
118000207,2,58,-56
118000208,1194,1611,-417
118000209,1795,2111,-316
118000210,45,57,-12
118000211,21,44,-23
118000213,1038,986,52
118000214,641,625,16
118000215,308,243,65
118000216,1237,2649,-1412
118000217,32,168,-136
118000218,63,125,-62
118000219,423,347,76
118000220,4,22,-18
118000221,157,304,-147
118000222,46,6,40
118000223,43,39,4
118000224,153,117,36
118000225,119,718,-599
118000226,1143,140,1003
118000227,835,372,463
118000228,140,220,-80
118000229,195,38,157
118000230,116,216,-100
118000231,66,250,-184
118000232,574,987,-413
118000233,881,772,109
118000234,339,202,137
118000236,301,280,21
118000237,82,328,-246
118000238,160,163,-3
118000239,282,243,39
118000240,491,129,362
118000241,131,184,-53
118000242,281,670,-389
118000243,186,183,3
118000244,54,145,-91
118000246,30,14,16
118000255,91,309,-218
118000256,133,285,-152
118000259,24,42,-18
118000260,157,83,74
118000261,46,61,-15
118000263,92,169,-77
118000266,1011,315,696
118000267,0,84,-84
118000268,346,2,344
118000270,110,21,89
118000271,186,359,-173
118000272,142,33,109
118000273,108,87,21
118000274,139,231,-92
118000276,290,310,-20
118000295,3,91,-88
118000298,182,451,-269
118000299,112,248,-136
118000301,0,43,-43
118000302,63,82,-19
118000311,353,114,239
118000312,240,173,67
118000313,40,169,-129
118000314,58,71,-13
118000315,30,93,-63
118000316,543,524,19
118000325,63,62,1
118000326,19,35,-16
118000331,29,40,-11
118000332,12,26,-14
118000333,37,71,-34
118000335,340,0,340
118000336,1,273,-272
118000407,91,54,37
118000457,7,36,-29
118000465,4120,4132,-12
118000480,40,101,-61
118000489,84,219,-135
118000490,104,372,-268
118000492,349,207,142
118000510,94,14,80
118000514,203,311,-108
118000515,647,678,-31
118000517,349,231,118
118000524,504,219,285
118000525,719,686,33
118000530,24,83,-59
118000531,243,291,-48
118000532,267,332,-65
118000533,461,181,280
118000534,899,527,372
118000535,253,157,96
118000536,842,1153,-311
118000537,29,77,-48
118000538,43,58,-15
118000539,26,86,-60
118000540,238,118,120
118000541,131,74,57
118000542,90,149,-59
118000543,128,140,-12
118000546,50,29,21
118000553,0,2,-2
118000557,0,0,0
118000560,2584,1581,1003
118000562,26,196,-170
118000563,1816,1298,518
118000576,301,190,111
118000577,269,220,49
118000578,212,124,88
118000579,631,1026,-395
118000583,0,0,0
118000595,197,94,103
118000596,0,51,-51
118000597,186,157,29
118000598,4,1,3
118000599,43,52,-9
118000600,1,5,-4
118000601,1,0,1
118000602,1,7,-6
118000603,1,43,-42
118000605,64,427,-363
118000606,35,49,-14
118900001,658,1111,-453
118900002,857,738,119
118900003,226,17,209
118900004,47,63,-16
118900005,52,5,47
118900006,124,4,120
118900007,8,0,8
118900008,1331,49,1282
118900009,42,19,23
118900010,48,8,40
118900011,127,38,89
118900012,440,202,238
118900013,402,94,308
118900015,161,55,106
118900016,5,11,-6
118900017,278,276,2
118900018,640,29,611
118900019,39,15,24
118900020,198,147,51
118900021,146,273,-127
118900022,125,106,19
118900023,103,116,-13
118900024,66,102,-36
118900025,58,42,16
118900026,66,77,-11
118900027,357,245,112
118900028,104,153,-49
118900029,334,239,95
118900030,209,73,136
118900031,128,116,12
118900032,129,208,-79
118900033,393,343,50
118900034,163,37,126
118900035,117,198,-81
118900036,1074,619,455
118900037,448,202,246
118900038,318,207,111
118900039,344,199,145
118900040,179,169,10
118900041,603,250,353
118900042,202,82,120
118900045,300,165,135
118900046,946,278,668
118900047,579,235,344
118900048,214,154,60
118900049,59,53,6
118900050,10,111,-101
118900051,147,145,2
118900052,276,163,113
118900053,45,77,-32
118900054,104,61,43
118900055,51,103,-52
118900056,29,222,-193
118900057,634,451,183
118900058,317,233,84
118900059,14,76,-62
118900060,241,139,102
118900062,434,158,276
118900064,598,440,158
118900065,35,128,-93
118900066,104,96,8
118900067,4675,3074,1601
118900068,5,216,-211
118900069,284,273,11
118900071,6,63,-57
118900072,352,426,-74
118900073,68,115,-47
118900074,116,196,-80
118900075,52,114,-62
118900076,164,111,53
118900077,155,172,-17
118900078,41,4,37
118900079,49,194,-145
118900080,21,96,-75
118900081,94,31,63
118900082,574,161,413
118900083,35,8,27
118900084,16,33,-17
118900085,714,936,-222
118900086,27,76,-49
118900087,16,161,-145
118900088,1,5,-4
118900089,17,10,7
118900090,377,454,-77
118900091,157,186,-29
118900092,63,82,-19
118900093,173,19,154
118900096,82,120,-38
118900097,166,522,-356
118900099,71,221,-150
118900100,143,203,-60
118900101,62,536,-474
118900102,19,78,-59
118900103,15,67,-52
118900104,156,138,18
118900105,170,97,73
118900107,174,102,72
118900108,103,93,10
118900110,1031,566,465
118900111,696,524,172
118900112,69,184,-115
118900113,224,494,-270
118900114,30,57,-27
118900115,116,363,-247
118900116,101,219,-118
118900117,94,161,-67
118900118,206,371,-165
118900119,122,250,-128
118900120,72,389,-317
118900121,13,194,-181
118900122,13,728,-715
118900123,140,243,-103
118900124,49,221,-172
118900126,12,334,-322
118900129,242,200,42
118900130,82,171,-89
118900131,176,236,-60
118900132,291,173,118
118900133,26,114,-88
118900135,206,205,1
118900136,170,440,-270
118900137,4,50,-46
118900139,273,384,-111
118900140,376,546,-170
118900141,111,132,-21
118900144,102,399,-297
118900145,40,122,-82
118900146,228,618,-390
118900147,192,160,32
118900148,56,47,9
118900150,481,718,-237
118900152,462,744,-282
118900157,97,182,-85
118900158,38,89,-51
118900159,2,157,-155
118900161,120,1,119
118900163,171,112,59
118900164,30,125,-95
118900165,48,169,-121
118900166,24,0,24
118900167,72,88,-16
118900168,123,110,13
118900169,80,334,-254
118900170,96,121,-25
118900171,12,43,-31
118900174,56,36,20
118900175,302,498,-196
118900176,109,296,-187
118900177,26,62,-36
118900178,60,208,-148
118900179,12,27,-15
118900181,65,104,-39
118900182,70,40,30
118900183,43,105,-62
118900184,243,60,183
118900185,120,182,-62
118900186,117,151,-34
118900187,209,254,-45
118900188,277,267,10
118900189,23,582,-559
118900190,5,349,-344
118900191,105,46,59
118900192,160,26,134
118900193,367,20,347
118900195,303,580,-277
118900196,54,115,-61
118900197,96,42,54
118900198,12,15,-3
118900199,44,46,-2
118900200,16,9,7
118900201,39,24,15
118900202,10,50,-40
118900203,5,21,-16
118900204,8,29,-21
118900205,5,10,-5
118900206,4,25,-21
119000001,1337,1186,151
119000002,3471,2282,1189
119000003,2241,1268,973
119000004,2702,1354,1348
119000005,1583,1884,-301
119000006,2571,1783,788
119000007,3007,2977,30
119000008,1933,1829,104
119000009,3717,4320,-603
119000010,6189,4101,2088
119000011,3836,2618,1218
119000012,3339,3253,86
119000013,2211,1576,635
119000014,2844,3936,-1092
119000019,254,133,121
119000020,2406,1451,955
119000021,4025,2404,1621
119000022,2615,2524,91
119000023,406,291,115
119000024,1633,7811,-6178
119000025,4549,475,4074
119000026,155,327,-172
119000027,2593,850,1743
119000028,2272,1331,941
119000029,111,337,-226
119000030,594,751,-157
119000031,838,836,2
119000032,2127,2578,-451
119000033,2230,1613,617
119000034,1238,1211,27
119000035,34,351,-317
119000036,1537,915,622
119000037,1012,2089,-1077
119000038,154,952,-798
119000039,271,326,-55
119000040,999,512,487
119000041,915,1338,-423
119000048,3217,3425,-208
119000049,1883,2932,-1049
119000050,1673,2242,-569
119000051,2072,1017,1055
119000052,2083,3238,-1155
119000053,1898,1241,657
119000054,2078,1980,98
119000055,3002,3098,-96
119000056,2095,2417,-322
119000057,1648,2581,-933
119000058,1719,2004,-285
119000059,1324,1675,-351
119000060,1203,1193,10
119000061,868,967,-99
119000062,1264,1357,-93
119000063,438,480,-42
119000064,1453,1738,-285
119000065,2134,3332,-1198
119000066,2115,1312,803
119000067,1959,2532,-573
119000068,1467,1248,219
119000069,1583,2665,-1082
119000070,2056,1274,782
119000071,589,690,-101
119000072,5341,3273,2068
119000073,4940,6814,-1874
119000074,1914,3423,-1509
119000075,1829,2960,-1131
119000076,450,836,-386
119000077,839,506,333
119000078,488,334,154
119000079,252,671,-419
119000080,398,193,205
119000081,280,365,-85
119000082,731,253,478
119000083,516,442,74
119000084,329,498,-169
119000085,569,301,268
119000086,267,509,-242
119000087,1736,1051,685
119000088,291,238,53
119000089,80,215,-135
119000090,139,161,-22
119000091,126,389,-263
119000092,523,233,290
119000093,3526,2968,558
119000094,2858,5587,-2729
119000095,1658,2698,-1040
119000097,3137,1714,1423
119000098,871,2908,-2037
119000099,2912,2606,306
119000100,3201,3136,65
119000101,3872,2189,1683
119000102,837,880,-43
119000103,1705,503,1202
119000104,2406,1362,1044
119000105,846,1762,-916
119000106,557,1579,-1022
119000107,679,505,174
119000108,503,1150,-647
119000109,116,369,-253
119000110,591,359,232
119000111,80,500,-420
119000112,199,119,80
119000113,2455,275,2180
119000114,641,1029,-388
119000115,142,133,9
119000116,125,84,41
119000117,112,358,-246
119000118,1,2,-1
119000123,4362,850,3512
119000124,934,198,736
119000125,3081,836,2245
119000126,922,815,107
119000127,137,453,-316
119000128,14,2,12
119000131,1275,1261,14
119000132,3,6,-3
119000133,9,4,5
119000134,2317,605,1712
119000135,107,179,-72
119000136,187,242,-55
119000137,153,439,-286
119000138,326,344,-18
119000139,223,264,-41
119000140,149,362,-213
119000284,1222,2950,-1728
119000285,2305,2552,-247
119000286,7909,6302,1607
119000287,2496,2851,-355
119000288,1981,1714,267
119000289,2356,3530,-1174
119000290,300,835,-535
119000291,6,326,-320
119000293,111,170,-59
119000294,34,35,-1
119000295,1950,873,1077
119000296,189,170,19
119000302,3100,1486,1614
119000303,61,99,-38
119000314,812,5047,-4235
119000315,0,591,-591
119000316,100,125,-25
119000317,103,424,-321
119000319,527,319,208
119900001,205,1153,-948
119900002,180,314,-134
119900003,71,1212,-1141
119900004,409,930,-521
119900005,116,122,-6
119900006,164,382,-218
119900007,1123,248,875
119900008,239,34,205
119900009,695,944,-249
119900010,1221,1094,127
119900011,26,92,-66
119900012,10,96,-86
119900013,1958,949,1009
119900014,525,185,340
119900015,83,36,47
119900016,37,60,-23
119900017,36,47,-11
119900018,2087,755,1332
119900019,37,7,30
119900020,163,208,-45
119900021,122,155,-33
119900022,101,413,-312
119900023,688,1229,-541
119900025,144,26,118
119900026,720,115,605
119900027,43,27,16
119900028,814,104,710
119900029,1,9,-8
119900030,494,666,-172
119900031,94,336,-242
119900033,1885,249,1636
119900034,323,127,196
119900037,180,42,138
119900038,28,181,-153
119900039,41,7,34
119900040,498,10,488
119900041,61,39,22
119900042,309,166,143
119900043,66,144,-78
119900044,185,611,-426
119900046,89,40,49
119900047,232,43,189
119900049,125,6,119
119900050,96,89,7
119900051,878,52,826
119900052,33,44,-11
119900053,196,151,45
119900054,129,7,122
119900055,1108,378,730
119900057,185,52,133
119900058,136,3,133
119900059,134,58,76
119900060,279,11,268
119900061,238,10,228
119900062,55,25,30
119900063,12,63,-51
119900065,175,9,166
119900067,236,29,207
119900068,384,3,381
119900069,63,22,41
119900070,715,8,707
119900071,458,8,450
119900073,1711,588,1123
119900074,76,43,33
119900075,5302,2484,2818
119900076,92,115,-23
119900077,634,1187,-553
119900078,628,854,-226
119900079,194,260,-66
119900080,544,330,214
119900081,532,33,499
119900082,732,57,675
119900083,345,121,224
119900084,785,410,375
119900085,113,80,33
119900086,355,1504,-1149
119900087,611,316,295
119900088,27,43,-16
119900089,19,590,-571
119900090,139,49,90
119900091,71,1132,-1061
119900092,205,355,-150
119900093,986,207,779
119900094,101,222,-121
119900095,224,124,100
119900096,23,83,-60
119900097,662,177,485
119900098,30,79,-49
119900099,33,197,-164
119900100,2746,2076,670
119900101,272,927,-655
119900102,30,241,-211
119900103,36,328,-292
119900104,23,153,-130
119900105,592,1661,-1069
119900106,24,212,-188
119900107,351,3102,-2751
119900108,2221,659,1562
119900109,61,179,-118
119900110,541,688,-147
119900111,204,660,-456
119900112,2038,565,1473
119900113,100,280,-180
119900114,191,1527,-1336
119900115,184,1262,-1078
119900116,206,552,-346
119900117,276,821,-545
119900118,46,1087,-1041
119900119,208,261,-53
119900120,502,669,-167
119900121,408,1384,-976
119900122,548,351,197
119900123,234,370,-136
119900124,224,935,-711
119900125,62,331,-269
119900126,4049,206,3843
119900127,2738,1040,1698
119900128,520,955,-435
119900129,230,659,-429
119900130,36,220,-184
119900131,51,289,-238
119900132,8,301,-293
119900133,40,163,-123
119900134,2219,270,1949
119900135,1,416,-415
119900136,148,335,-187
119900138,392,426,-34
119900139,47,198,-151
119900140,0,160,-160
119900141,100,565,-465
119900142,1,22,-21
119900143,20,238,-218
119900144,1655,260,1395
119900145,84,183,-99
119900146,197,313,-116
119900147,2,112,-110
119900148,114,41,73
119900149,1307,2944,-1637
119900150,164,158,6
119900151,1669,757,912
119900152,70,374,-304
119900153,142,105,37
119900154,3,885,-882
119900155,37,44,-7
119900156,7,8,-1
119900157,85,205,-120
119900158,114,130,-16
119900159,6,1654,-1648
119900160,12,154,-142
119900161,266,218,48
119900162,681,811,-130
119900163,147,185,-38
119900164,0,2,-2
119900165,116,284,-168
119900166,62,54,8
119900167,101,93,8
119900168,729,450,279
119900169,105,284,-179
119900170,144,266,-122
119900171,1412,436,976
119900172,153,24,129
119900173,12,508,-496
119900174,0,146,-146
119900175,1006,880,126
119900177,48,243,-195
119900178,3,151,-148
119900179,78,447,-369
119900180,880,898,-18
119900181,52,127,-75
119900182,3,374,-371
119900183,150,819,-669
119900184,2425,502,1923
119900185,40,128,-88
119900186,80,642,-562
119900187,10,377,-367
119900188,68,482,-414
119900189,461,453,8
119900190,51,275,-224
119900191,382,154,228
119900192,56,154,-98
119900193,246,253,-7
119900194,9,68,-59
119900195,22,176,-154
119900196,1298,371,927
119900197,182,171,11
119900198,312,352,-40
119900199,134,10,124
119900200,609,683,-74
119900201,377,162,215
119900202,262,165,97
119900203,153,480,-327
119900204,210,278,-68
119900205,609,668,-59
119900206,105,119,-14
119900208,204,195,9
119900209,401,887,-486
119900210,23,46,-23
119900211,95,19,76
119900212,379,746,-367
119900213,13,82,-69
119900214,17,120,-103
119900215,43,95,-52
119900216,16,58,-42
119900217,16,52,-36
119900218,57,76,-19
119900219,22,106,-84
119900220,3,105,-102
119900221,25,299,-274
119900222,9,171,-162
119900223,13,50,-37
119900224,16,19,-3
119900225,762,35,727
119900226,479,1337,-858
119900227,930,260,670
119900228,350,258,92
119900229,313,351,-38
119900230,1545,628,917
119900231,195,256,-61
119900232,187,86,101
119900233,66,5,61
119900234,19,53,-34
119900235,9,49,-40
119900236,34,269,-235
119900237,56,459,-403
119900238,5,73,-68
119900240,86,141,-55
119900241,188,249,-61
119900242,1345,1501,-156
119900244,638,1467,-829
119900245,185,176,9
119900246,270,578,-308
119900247,23,78,-55
119900248,71,178,-107
119900249,194,95,99
119900253,3090,431,2659
119900254,86,562,-476
119900255,102,553,-451
119900256,445,918,-473
119900257,61,1,60
119900258,87,1,86
119900259,7,143,-136
119900260,69,7,62
119900261,345,170,175
119900262,2,313,-311
119900263,975,484,491
119900264,112,165,-53
119900265,579,502,77
119900266,284,275,9
119900267,281,451,-170
119900268,322,158,164
119900269,1214,1375,-161
119900271,17,119,-102
119900272,274,100,174
119900275,152,41,111
119900276,46,4,42
119900277,13,4,9
119900278,206,71,135
119900279,114,369,-255
119900280,886,217,669
119900281,1,225,-224
119900282,55,77,-22
119900283,10,271,-261
119900284,38,171,-133
119900285,26,101,-75
119900286,8,25,-17
119900288,2,34,-32
119900289,0,28,-28
119900290,3,38,-35
119900291,0,44,-44
119900292,42,78,-36
119900293,27,127,-100
119900294,78,102,-24
119900295,20,64,-44
119900296,24,288,-264
119900297,0,22,-22
119900298,5,3,2
119900299,91,277,-186
119900300,463,132,331
119900301,82,36,46
119900302,52,64,-12
119900303,254,289,-35
119900304,178,57,121
119900305,7,111,-104
119900306,15,3,12
119900307,36,91,-55
119900308,9,15,-6
119900309,29,110,-81
119900310,310,301,9
119900311,39,117,-78
119900312,108,102,6
119900313,247,332,-85
119900314,91,363,-272
119900315,1332,2601,-1269
119900318,9,28,-19
119900319,5,277,-272
119900320,132,679,-547
119900321,56,8,48
120000001,6402,12865,-6463
120000002,2922,3214,-292
120000003,3814,2031,1783
120000004,3062,2676,386
120000005,4381,1984,2397
120000006,1412,1676,-264
120000007,3605,2315,1290
120000008,1216,1866,-650
120000009,2502,495,2007
120000010,2091,2475,-384
120000011,1255,2223,-968
120000012,1466,2738,-1272
120000013,2626,2922,-296
120000014,854,1677,-823
120000015,2942,2436,506
120000016,3224,2487,737
120000017,5013,2419,2594
120000018,3824,9269,-5445
120000019,952,1622,-670
120000020,3174,3366,-192
120000021,1745,2595,-850
120000022,2890,4328,-1438
120000023,1082,1972,-890
120000024,1492,2673,-1181
120000025,2404,2461,-57
120000026,1492,1908,-416
120000027,1808,2240,-432
120000028,850,569,281
120000029,3435,573,2862
120000030,4119,1072,3047
120000031,1987,6637,-4650
120000032,9031,4960,4071
120000033,5362,2559,2803
120000034,1833,2552,-719
120000035,1732,2557,-825
120000036,2774,4994,-2220
120000037,750,1404,-654
120000038,6716,2991,3725
120000039,828,1199,-371
120000040,856,353,503
120000041,2036,1317,719
120000042,2391,2955,-564
120000043,4657,2079,2578
120000044,4354,1708,2646
120000045,5131,1397,3734
120000046,3137,5276,-2139
120000047,1359,5871,-4512
120000048,6809,5136,1673
120000049,3367,2890,477
120000050,3672,4061,-389
120000051,3077,4221,-1144
120000052,9363,2578,6785
120000053,1273,2745,-1472
120000054,1425,4906,-3481
120000055,1897,5458,-3561
120000056,3734,3414,320
120000057,3055,725,2330
120000058,4013,567,3446
120000059,28,1716,-1688
120000061,115,630,-515
120000062,212,430,-218
120000063,2109,2760,-651
120000064,406,1544,-1138
120000065,1971,1817,154
120000066,466,675,-209
120000067,91,686,-595
120000068,243,1089,-846
120000069,871,1448,-577
120000070,184,1720,-1536
120000071,706,247,459
120000072,580,487,93
120000073,668,184,484
120000074,261,122,139
120000075,874,302,572
120000076,4429,527,3902
120000077,2805,766,2039
120000078,4086,1562,2524
120000079,447,631,-184
120000080,280,415,-135
120000081,606,297,309
120000082,297,344,-47
120000083,181,805,-624
120000084,329,366,-37
120000085,364,366,-2
120000086,308,641,-333
120000087,205,780,-575
120000088,1160,1376,-216
120000089,1106,754,352
120000090,763,635,128
120000091,1189,1307,-118
120000092,1148,827,321
120000093,323,637,-314
120000094,170,873,-703
120000095,1221,647,574
120000096,313,1084,-771
120000098,1045,1314,-269
120000099,587,940,-353
120000100,675,1274,-599
120000101,577,560,17
120000102,445,928,-483
120000103,1589,987,602
120000104,1506,722,784
120000105,2519,949,1570
120000106,2116,846,1270
120000107,3301,872,2429
120000108,1195,192,1003
120000109,973,78,895
120000110,39,868,-829
120000111,137,1399,-1262
120000112,818,3409,-2591
120000113,877,2876,-1999
120000114,1195,3463,-2268
120000115,535,3076,-2541
120000116,897,2489,-1592
120000117,1518,2030,-512
120000118,48,29,19
120000119,34,66,-32
120000120,55,63,-8
120000121,30,69,-39
120000122,231,358,-127
120000123,5956,4790,1166
120000124,532,437,95
120000125,608,862,-254
120000126,454,825,-371
120000127,2745,876,1869
120000128,3857,3279,578
120000129,352,327,25
120000130,1076,658,418
120000131,324,684,-360
120000134,459,1256,-797
120000135,372,606,-234
120000137,229,1696,-1467
120000138,770,583,187
120000139,353,958,-605
120000140,778,563,215
120000141,584,611,-27
120000142,998,645,353
120000143,3,132,-129
120000144,95,3,92
120000145,360,4,356
120000146,1727,1050,677
120000149,762,1516,-754
120000150,3974,11622,-7648
120000151,432,704,-272
120000152,476,257,219
120000153,232,595,-363
120000154,579,944,-365
120000155,113,293,-180
120000156,2049,1140,909
120000157,1044,1096,-52
120000158,1346,1512,-166
120000159,3319,3209,110
120000160,2340,1443,897
120000161,2419,3336,-917
120000162,133,317,-184
120000163,633,926,-293
120000164,502,898,-396
120000165,513,1316,-803
120000166,1423,966,457
120000167,64,72,-8
120000168,3,211,-208
120000169,36,563,-527
120000170,30,434,-404
120000171,22,124,-102
120000172,29,138,-109
120000173,3033,689,2344
120000174,641,30,611
120000175,564,23,541
120000176,373,32,341
120000177,1237,117,1120
120000178,163,15,148
120000179,348,48,300
120000180,648,70,578
120000181,128,475,-347
120000182,73,299,-226
120000183,17,267,-250
120000184,101,800,-699
120000186,108,215,-107
120000187,63,128,-65
120000188,203,218,-15
120000190,1167,20,1147
120000191,1260,46,1214
120000192,907,19,888
120000193,270,9,261
120000195,47,2,45
120000196,280,38,242
120000197,97,152,-55
120000198,156,67,89
120000199,56,3,53
120000200,103,0,103
120000201,13,16,-3
120000202,0,48,-48
120000203,25,203,-178
120000207,0,74,-74
120000208,21,324,-303
120000209,8,100,-92
120000210,134,91,43
120000211,104,2,102
120000212,111,0,111
120000213,90,384,-294
120000214,0,415,-415
120000215,9,203,-194
120000216,36,6,30
120000217,624,1169,-545
120000218,201,941,-740
120000219,3,528,-525
120000220,5,2074,-2069
120000225,1441,0,1441
120000226,305,2,303
120000227,735,37,698
120000228,6712,2531,4181
120000230,289,5,284
120000231,1090,2615,-1525
120000233,247,11,236
120000235,235,708,-473
120000236,949,3,946
120000237,2,1708,-1706
120000238,7,395,-388
120000241,1233,3417,-2184
120000412,322,15,307
120000413,263,260,3
120000414,83,3,80
120000415,6,145,-139
120000416,153,7,146
120000417,6,64,-58
120000418,63,5,58
120000419,10,295,-285
120000420,44,45,-1
120000421,11511,6799,4712
120000422,142,1072,-930
120000423,2,41,-39
120000424,48,151,-103
120000436,139,662,-523
120000437,191,191,0
120000438,4204,326,3878
120000439,160,424,-264
120000443,193,0,193
120000444,1792,751,1041
120000445,2657,1171,1486
120000446,792,263,529
120000447,199,6,193
120000449,47,9,38
120000450,1,202,-201
120000451,141,252,-111
120000452,88,0,88
120000453,0,297,-297
120000454,62,49,13
120000455,122,50,72
120000456,3735,4382,-647
120000457,1628,1223,405
120000458,827,1584,-757
120000459,60,93,-33
120000665,1205,237,968
120000668,100,369,-269
120000669,40,215,-175
120000670,256,516,-260
120000671,1183,553,630
120000672,147,682,-535
120900001,70,108,-38
120900002,284,274,10
120900003,419,41,378
120900004,13,57,-44
120900005,23,2036,-2013
120900006,399,244,155
120900007,122,110,12
120900008,200,1441,-1241
120900009,828,52,776
120900010,400,125,275
120900011,339,223,116
120900012,493,1035,-542
120900013,348,87,261
120900014,7,593,-586
120900015,1744,95,1649
120900016,767,82,685
120900017,2762,84,2678
120900018,107,521,-414
120900019,532,261,271
120900020,996,1088,-92
120900021,561,148,413
120900022,44,300,-256
120900023,448,42,406
120900024,1986,507,1479
120900025,2135,1038,1097
120900026,238,205,33
120900027,858,33,825
120900028,332,71,261
120900029,245,415,-170
120900030,1093,721,372
120900031,224,94,130
120900032,949,128,821
120900033,1048,66,982
120900034,20,2213,-2193
120900035,23,54,-31
120900037,334,18,316
120900038,68,227,-159
120900039,81,36,45
120900040,245,2,243
120900041,137,21,116
120900042,547,57,490
120900043,98,19,79
120900044,16,351,-335
120900045,181,92,89
120900046,343,5,338
120900047,182,91,91
120900048,120,8,112
120900049,308,1,307
120900050,2639,1295,1344
120900051,276,101,175
120900052,473,9,464
120900053,217,115,102
120900054,2035,618,1417
120900055,308,1,307
120900056,463,14,449
120900057,127,15,112
120900058,455,2,453
120900059,76,19,57
120900060,56,33,23
120900061,347,211,136
120900062,220,3,217
120900063,463,6,457
120900064,449,1,448
120900065,328,0,328
120900066,149,201,-52
120900067,136,52,84
120900068,231,0,231
120900069,196,57,139
120900071,11,0,11
120900072,589,3,586
120900073,437,124,313
120900074,457,12,445
120900076,319,0,319
120900077,3085,318,2767
120900078,602,1531,-929
120900079,433,145,288
120900080,660,2298,-1638
120900081,882,111,771
120900082,608,690,-82
120900083,97,1,96
120900084,242,347,-105
120900085,141,134,7
120900086,147,316,-169
120900087,399,332,67
120900088,140,306,-166
120900089,4101,2286,1815
120900090,158,218,-60
120900091,651,904,-253
120900092,1714,693,1021
120900093,2880,258,2622
120900094,625,207,418
120900095,442,19,423
120900096,50,227,-177
120900097,792,799,-7
120900098,429,221,208
120900099,54,72,-18
120900100,124,351,-227
120900101,1041,367,674
120900102,39,97,-58
120900103,61,296,-235
120900104,18,51,-33
120900105,31,693,-662
120900106,1621,628,993
120900107,270,158,112
120900108,7,900,-893
120900109,62,793,-731
120900110,84,1002,-918
120900111,218,482,-264
120900112,22,1233,-1211
120900113,27,978,-951
120900114,36,183,-147
120900115,153,259,-106
120900116,272,573,-301
120900117,4,689,-685
120900118,17,924,-907
120900119,4063,6094,-2031
120900120,61,700,-639
120900121,160,578,-418
120900122,319,607,-288
120900123,6,549,-543
120900124,4,847,-843
120900125,23,931,-908
120900126,2124,1394,730
120900127,19,563,-544
120900128,1485,1675,-190
120900129,59,406,-347
120900130,0,213,-213
120900131,59,130,-71
120900132,756,368,388
120900133,219,1074,-855
120900134,1096,458,638
120900135,13,722,-709
120900136,49,289,-240
120900137,194,108,86
120900138,23,254,-231
120900139,7,848,-841
120900140,4,199,-195
120900141,143,168,-25
120900142,17,673,-656
120900143,4,1036,-1032
120900144,0,174,-174
120900145,985,1095,-110
120900146,2,1211,-1209
120900147,65,554,-489
120900148,96,151,-55
120900149,0,370,-370
120900150,79,735,-656
120900151,29,759,-730
120900152,93,46,47
120900153,16,107,-91
120900154,2,329,-327
120900155,205,1211,-1006
120900156,104,448,-344
120900157,54,310,-256
120900158,98,732,-634
120900159,170,447,-277
120900160,51,927,-876
120900161,75,536,-461
120900162,40,585,-545
120900163,32,386,-354
120900164,3,7,-4
120900165,35,21,14
120900166,139,202,-63
120900167,333,160,173
120900169,100,414,-314
120900170,1782,2525,-743
120900171,1099,322,777
120900172,1216,603,613
120900173,5,77,-72
120900174,11,71,-60
120900175,315,149,166
120900176,11,323,-312
120900177,2,931,-929
120900178,2,318,-316
120900179,1355,550,805
120900180,86,150,-64
120900181,443,55,388
120900182,41,314,-273
120900183,384,65,319
120900184,201,85,116
120900185,14,537,-523
120900186,0,607,-607
120900187,308,1051,-743
120900188,219,13,206
120900189,143,999,-856
120900190,68,11,57
120900191,7,26,-19
120900192,12122,6563,5559
120900194,40,75,-35
120900195,136,296,-160
120900196,1013,45,968
120900197,630,141,489
120900198,390,672,-282
120900199,429,366,63
120900200,97,113,-16
120900201,553,168,385
120900202,0,176,-176
120900203,34,112,-78
120900204,234,314,-80
120900205,31,54,-23
120900206,9,35,-26
120900207,75,1372,-1297
121000001,796,933,-137
121000002,2354,1724,630
121000003,2960,1869,1091
121000004,2668,4350,-1682
121000005,1987,2602,-615
121000006,3450,1641,1809
121000007,2681,2912,-231
121000008,6423,3478,2945
121000009,5389,5375,14
121000010,8806,5305,3501
121000011,8423,11361,-2938
121000012,15565,9846,5719
121000013,5761,7280,-1519
121000014,6691,6005,686
121000015,4781,7658,-2877
121000016,4844,3696,1148
121000017,2038,3486,-1448
121000018,2156,2084,72
121000019,20249,13186,7063
121000020,13285,16831,-3546
121000021,4406,3260,1146
121000022,4830,2798,2032
121000023,5663,3419,2244
121000024,6446,5540,906
121000025,580,1582,-1002
121000026,364,174,190
121000027,1524,1198,326
121000028,845,543,302
121000029,1269,736,533
121000030,684,518,166
121000031,692,651,41
121000032,240,144,96
121000034,571,231,340
121000035,313,115,198
121000036,1134,887,247
121000037,717,624,93
121000038,657,771,-114
121000039,443,372,71
121000041,818,451,367
121000042,372,468,-96
121000043,717,562,155
121000044,1779,960,819
121000045,498,250,248
121000046,615,969,-354
121000047,800,344,456
121000049,1805,631,1174
121000050,426,1236,-810
121000051,1059,323,736
121000052,730,654,76
121000053,425,117,308
121000054,40,375,-335
121000055,1360,1085,275
121000056,928,1000,-72
121000057,394,628,-234
121000058,442,180,262
121000059,2235,1503,732
121000060,713,1144,-431
121000061,193,181,12
121000062,242,396,-154
121000063,938,811,127
121000064,791,1090,-299
121000065,555,473,82
121000066,767,590,177
121000067,968,488,480
121000068,906,360,546
121000069,706,559,147
121000070,2210,1321,889
121000071,1716,1375,341
121000072,1757,679,1078
121000073,1446,901,545
121000074,250,155,95
121000075,74,244,-170
121000076,1541,394,1147
121000077,188,148,40
121000078,190,151,39
121000080,2370,665,1705
121000081,2926,3041,-115
121000082,140,284,-144
121000083,218,162,56
121000084,191,174,17
121000085,324,610,-286
121000086,215,823,-608
121000087,106,344,-238
121000088,507,585,-78
121000089,370,323,47
121000090,429,374,55
121000091,1342,791,551
121000092,191,83,108
121000093,189,178,11
121000094,496,785,-289
121000095,392,641,-249
121000096,1927,1504,423
121000097,1135,1819,-684
121000098,598,1543,-945
121000099,797,907,-110
121000100,993,521,472
121000101,442,287,155
121000102,361,397,-36
121000103,206,281,-75
121000104,223,226,-3
121000105,437,333,104
121000106,300,395,-95
121000107,2187,3158,-971
121000109,1401,1157,244
121000110,290,792,-502
121000114,2520,2004,516
121000115,949,995,-46
121000116,623,1593,-970
121000117,829,336,493
121000118,1376,232,1144
121000119,612,402,210
121000120,308,620,-312
121000121,695,1070,-375
121000123,2095,591,1504
121000127,188,129,59
121000128,1222,683,539
121000129,1174,651,523
121000130,622,1125,-503
121000131,3019,2214,805
121000132,1979,1884,95
121000135,380,359,21
121000136,2060,669,1391
121000137,517,245,272
121000138,1342,741,601
121000139,726,171,555
121000141,330,173,157
121000142,1023,1377,-354
121000143,106,43,63
121000144,1036,1722,-686
121000145,747,1346,-599
121000146,1411,936,475
121000147,1241,618,623
121000148,1036,1311,-275
121000149,2425,1412,1013
121000152,508,690,-182
121000153,1930,741,1189
121000154,859,821,38
121000155,1276,1224,52
121000156,465,1173,-708
121000157,1243,1896,-653
121000158,467,631,-164
121000159,192,520,-328
121000160,402,588,-186
121000161,142,355,-213
121000162,86,213,-127
121000165,1555,1717,-162
121000166,21,855,-834
121000168,522,281,241
121000169,98,203,-105
121000170,358,153,205
121000171,93,176,-83
121000172,709,675,34
121000173,1481,1135,346
121000174,385,414,-29
121000175,838,372,466
121000176,431,208,223
121000177,1105,686,419
121000178,178,63,115
121000179,222,93,129
121000181,506,512,-6
121000182,111,189,-78
121000183,157,106,51
121000184,243,140,103
121000185,33,165,-132
121000186,257,463,-206
121000187,228,249,-21
121000188,203,293,-90
121000192,845,417,428
121000193,622,659,-37
121000194,2694,2153,541
121000195,338,839,-501
121000196,745,236,509
121000197,246,796,-550
121000198,228,87,141
121000199,203,419,-216
121000200,541,83,458
121000201,10,237,-227
121000202,1001,128,873
121000203,957,2304,-1347
121000204,2746,876,1870
121000205,205,280,-75
121000206,171,36,135
121000207,2882,435,2447
121000208,4,346,-342
121000209,419,368,51
121000210,649,472,177
121000211,234,187,47
121000212,350,685,-335
121000213,9229,2845,6384
121000214,827,2581,-1754
121000215,1231,917,314
121000216,467,746,-279
121000217,4856,3151,1705
121000218,611,1692,-1081
121000219,2263,465,1798
121000220,205,57,148
121000221,153,217,-64
121000222,2737,1999,738
121000223,816,346,470
121000224,448,198,250
121000225,2413,1442,971
121000226,5583,1199,4384
121000227,15,177,-162
121000228,24,654,-630
121000229,306,368,-62
121000230,56,1518,-1462
121000231,845,29,816
121000232,357,301,56
121000233,631,374,257
121000234,29,46,-17
121000235,50,86,-36
121000236,8,51,-43
121000237,26,15,11
121000238,7,106,-99
121000239,60,4,56
121000240,10,195,-185
121000241,188,18,170
121000242,59,248,-189
121000243,629,181,448
121000244,4,100,-96
121000245,93,18,75
121000246,2,92,-90
121000247,119,1,118
121000248,1508,570,938
121000249,204,251,-47
121000250,932,181,751
121000251,26,426,-400
121000252,151,58,93
121000253,526,443,83
121000254,919,308,611
121000255,338,187,151
121000256,622,212,410
121000257,145,108,37
121000258,309,45,264
121000259,141,87,54
121000260,226,147,79
121000261,516,73,443
121000262,838,775,63
121000263,715,530,185
121000271,405,1987,-1582
121000273,102,9,93
121000274,20,31,-11
121000275,5,19,-14
121000276,7,12,-5
121000278,82,27,55
121000279,55,8,47
121000280,150,40,110
121000289,230,33,197
121000290,1179,831,348
121000294,180,200,-20
121000297,938,1189,-251
121000299,319,361,-42
121000300,779,703,76
121000302,89,1190,-1101
121000303,537,461,76
121000304,491,44,447
121000305,137,61,76
121000306,97,124,-27
121000308,197,363,-166
121000309,366,485,-119
121000310,110,322,-212
121000311,52,957,-905
121000312,298,187,111
121000313,355,525,-170
121000314,427,429,-2
121000315,66,151,-85
121000530,1454,1319,135
121000531,3655,1638,2017
121000532,6446,6595,-149
121000533,2938,3236,-298
121000918,97,166,-69
121000919,85,53,32
121000938,201,227,-26
121000939,434,201,233
121000956,1450,1503,-53
121000957,2,8,-6
121000958,145,24,121
121000959,860,1158,-298
121000960,3360,2681,679
121000961,328,142,186
121000962,355,711,-356
121000973,1,139,-138
121000976,18,200,-182
121000979,395,186,209
121000981,439,287,152
121000982,355,188,167
121000983,609,551,58
121000984,48,68,-20
121000985,643,575,68
121000986,308,235,73
121000987,284,1222,-938
121000988,814,138,676
121001302,362,121,241
121001308,2,14,-12
121001309,104,96,8
121001313,220,279,-59
121001314,2946,3584,-638
121001315,4224,2519,1705
121001326,641,470,171
121900001,205,213,-8
121900002,73,20,53
121900003,382,14,368
121900004,139,341,-202
121900005,30,8,22
121900006,84,25,59
121900007,1805,2831,-1026
121900008,997,223,774
121900009,488,12,476
121900010,231,0,231
121900011,175,374,-199
121900012,16,1,15
121900013,1554,80,1474
121900014,1202,401,801
121900015,186,209,-23
121900016,4,51,-47
121900017,941,469,472
121900018,526,6,520
121900019,436,353,83
121900020,40,7,33
121900021,758,19,739
121900022,240,196,44
121900023,139,252,-113
121900024,386,138,248
121900025,542,375,167
121900026,291,44,247
121900027,346,150,196
121900028,219,20,199
121900029,122,156,-34
121900030,543,520,23
121900031,970,6512,-5542
121900032,104,88,16
121900033,189,166,23
121900034,411,103,308
121900035,2327,2157,170
121900036,65,360,-295
121900037,157,670,-513
121900038,27,134,-107
121900039,408,41,367
121900040,80,115,-35
121900041,78,225,-147
121900042,355,136,219
121900043,12,9,3
121900044,157,45,112
121900046,343,340,3
121900047,196,77,119
121900048,38,125,-87
121900050,20,62,-42
121900051,185,188,-3
121900052,127,40,87
121900053,977,392,585
121900054,538,940,-402
121900055,0,7,-7
121900058,177,162,15
121900059,355,188,167
121900060,140,310,-170
121900062,195,95,100
121900063,1585,422,1163
121900064,235,599,-364
121900066,130,17,113
121900067,127,81,46
121900069,214,90,124
121900070,323,101,222
121900071,274,324,-50
121900072,85,212,-127
121900073,253,188,65
121900074,696,847,-151
121900075,539,420,119
121900076,438,608,-170
121900078,212,24,188
121900079,0,1,-1
121900080,978,418,560
121900082,49,118,-69
121900084,2,168,-166
121900086,34,46,-12
121900087,220,80,140
121900088,1518,2488,-970
121900089,163,345,-182
121900090,40,85,-45
121900091,94,183,-89
121900092,59,95,-36
121900093,67,62,5
121900094,12,9,3
121900095,193,134,59
121900096,1370,974,396
121900097,560,243,317
121900098,2,0,2
121900099,213,107,106
121900100,314,511,-197
121900101,102,150,-48
121900102,3,221,-218
121900103,1143,290,853
121900104,1628,363,1265
121900105,346,197,149
121900106,3,4,-1
121900107,37,52,-15
121900108,1,29,-28
121900109,378,209,169
121900110,518,1017,-499
121900111,1113,140,973
121900112,209,146,63
121900113,53,361,-308
121900114,43,123,-80
121900117,378,93,285
121900118,2018,548,1470
121900119,242,138,104
121900120,50,1423,-1373
121900121,399,43,356
121900122,27,81,-54
121900123,260,463,-203
121900124,115,205,-90
121900125,1132,1064,68
121900127,26,86,-60
121900128,84,109,-25
121900129,628,178,450
121900130,100,197,-97
121900131,388,113,275
121900132,42,115,-73
121900133,116,592,-476
121900134,60,154,-94
121900135,2081,375,1706
121900136,543,350,193
121900137,28,290,-262
121900138,125,196,-71
121900139,421,564,-143
121900140,51,237,-186
121900141,103,69,34
121900142,165,153,12
121900143,4,132,-128
121900144,136,318,-182
121900145,169,195,-26
121900146,526,762,-236
121900147,59,191,-132
121900148,187,280,-93
121900149,339,681,-342
121900150,91,128,-37
121900151,69,223,-154
121900152,64,135,-71
121900153,95,688,-593
121900154,33,268,-235
121900155,0,87,-87
121900156,161,117,44
121900157,4,445,-441
121900158,68,117,-49
121900159,2,225,-223
121900160,2,351,-349
121900161,376,378,-2
121900162,99,154,-55
121900163,330,953,-623
121900164,616,186,430
121900165,304,150,154
121900166,420,217,203
121900167,141,117,24
121900168,153,272,-119
121900169,5,262,-257
121900170,4,264,-260
121900171,788,486,302
121900172,596,218,378
121900173,1008,224,784
121900174,51,109,-58
121900175,152,206,-54
121900176,669,1522,-853
121900177,223,86,137
121900178,49,92,-43
121900179,512,194,318
121900180,4165,3746,419
121900182,758,275,483
121900183,745,780,-35
121900184,45,569,-524
121900186,9,298,-289
121900187,52,140,-88
121900188,444,601,-157
121900189,18,127,-109
121900190,288,536,-248
121900191,201,260,-59
121900192,296,705,-409
121900193,60,213,-153
121900194,3,148,-145
121900195,83,80,3
121900196,1077,1019,58
121900197,353,1656,-1303
121900198,1073,918,155
121900199,2,23,-21
121900200,84,272,-188
121900201,1057,770,287
121900202,185,518,-333
121900203,171,786,-615
121900204,849,1277,-428
121900205,14,101,-87
121900206,16,18,-2
121900207,97,35,62
121900208,301,293,8
121900209,51,43,8
121900210,1256,933,323
121900211,389,893,-504
121900212,208,113,95
121900213,172,76,96
121900214,8,476,-468
121900215,99,99,0
121900216,60,149,-89
121900217,195,183,12
121900218,167,365,-198
121900220,153,9,144
121900221,255,581,-326
121900222,122,140,-18
121900223,170,51,119
121900224,98,35,63
121900225,171,98,73
121900226,272,544,-272
121900227,205,589,-384
121900228,251,438,-187
121900230,161,210,-49
121900231,401,976,-575
121900232,324,411,-87
121900233,142,182,-40
121900234,291,282,9
121900235,543,215,328
121900236,291,170,121
121900237,199,304,-105
121900238,114,252,-138
121900239,206,37,169
121900240,234,102,132
121900241,46,65,-19
121900242,5,0,5
121900243,12,0,12
121900244,19,5,14
121900245,142,64,78
121900246,1905,237,1668
121900248,1403,1565,-162
121900250,265,276,-11
121900251,286,75,211
121900252,624,116,508
121900253,283,992,-709
121900254,638,256,382
121900255,335,72,263
121900258,2828,2238,590
121900259,436,552,-116
121900260,59,176,-117
121900261,193,554,-361
121900262,453,1148,-695
121900263,271,267,4
121900264,1918,1504,414
121900265,179,272,-93
121900266,495,183,312
121900267,83,37,46
121900269,243,691,-448
121900270,25,193,-168
121900271,63,166,-103
121900273,494,1923,-1429
121900274,289,215,74
121900277,530,1479,-949
121900278,120,912,-792
121900279,169,220,-51
121900280,172,326,-154
121900281,428,287,141
121900284,74,12,62
121900286,219,199,20
121900287,21,18,3
121900288,8,1,7
121900290,212,283,-71
121900291,504,604,-100
121900292,192,179,13
121900293,1013,2729,-1716
121900294,261,1,260
121900295,86,228,-142
121900296,81,93,-12
121900298,318,639,-321
121900299,0,1,-1
121900300,228,5,223
121900301,75,5,70
121900302,2,24,-22
121900303,408,361,47
121900304,2,19,-17
121900305,14,9,5
121900306,186,0,186
121900307,63,4,59
121900308,80,296,-216
121900309,23,274,-251
121900310,56,506,-450
121900311,443,30,413
121900312,348,17,331
121900313,388,10,378
121900314,7,75,-68
121900315,10,3,7
121900316,3,25,-22
121900317,8,2,6
121900318,0,27,-27
121900319,34,118,-84
121900320,33,101,-68
121900321,24,2,22
121900322,5,25,-20
121900323,14,12,2
121900324,7,67,-60
121900325,13,14,-1
121900326,4,20,-16
121900327,5,102,-97
121900328,2,40,-38
121900329,3,286,-283
121900330,0,15,-15
121900331,34,23,11
121900332,101,33,68
121900333,26,1,25
121900334,213,73,140
122000001,2717,5032,-2315
122000002,6076,1921,4155
122000003,2613,2720,-107
122000004,3830,1754,2076
122000005,2608,1634,974
122000006,1853,987,866
122000007,1317,1816,-499
122000008,4391,4858,-467
122000009,449,402,47
122000010,2153,2733,-580
122000011,2983,1470,1513
122000012,1365,1349,16
122000013,1294,896,398
122000014,1626,1326,300
122000015,1277,1081,196
122000016,583,848,-265
122000017,1056,999,57
122000018,1431,1217,214
122000019,840,1192,-352
122000020,206,197,9
122000021,412,416,-4
122000022,1241,1101,140
122000023,682,1861,-1179
122000024,728,1048,-320
122000025,1294,1359,-65
122000026,1404,968,436
122000027,616,2935,-2319
122000028,781,428,353
122000029,412,459,-47
122000030,281,179,102
122000031,197,267,-70
122000032,1807,2301,-494
122000033,843,1143,-300
122000034,750,539,211
122000035,304,810,-506
122000036,631,651,-20
122000037,334,275,59
122000038,176,319,-143
122000039,667,485,182
122000040,293,311,-18
122000041,553,573,-20
122000042,367,498,-131
122000043,116,125,-9
122000044,138,177,-39
122000045,1281,466,815
122000046,831,810,21
122000047,260,206,54
122000048,4004,4595,-591
122000049,5847,3225,2622
122000050,1546,767,779
122000051,337,274,63
122000052,512,406,106
122000053,219,662,-443
122000054,2475,2060,415
122000055,2486,3018,-532
122000056,5385,3835,1550
122000057,3565,3600,-35
122000058,3667,1264,2403
122000059,3182,1607,1575
122000060,713,588,125
122000061,659,465,194
122000062,1416,317,1099
122000063,1411,664,747
122000064,3356,2806,550
122000065,4698,2506,2192
122000066,583,385,198
122000067,1858,1142,716
122000068,1503,1146,357
122000069,1087,764,323
122000070,938,2145,-1207
122000071,1386,1426,-40
122000072,431,412,19
122000073,436,642,-206
122000074,2800,1649,1151
122000075,852,1261,-409
122000076,2081,1175,906
122000077,1497,784,713
122000078,2903,2513,390
122000079,1862,1165,697
122000080,956,386,570
122000081,204,309,-105
122000082,1028,800,228
122000083,1358,2448,-1090
122000084,1745,807,938
122000085,328,1204,-876
122000086,2210,4791,-2581
122000087,413,175,238
122000088,267,336,-69
122000089,5158,2355,2803
122000090,220,486,-266
122000091,279,75,204
122000092,204,18,186
122000093,1618,1254,364
122000094,6576,1980,4596
122000095,3017,3007,10
122000096,2325,1555,770
122000098,3192,1791,1401
122000099,2276,626,1650
122000100,997,652,345
122000101,376,760,-384
122000102,1882,1245,637
122000103,2409,1836,573
122000104,727,208,519
122000105,1602,278,1324
122000106,497,642,-145
122000107,1111,416,695
122000108,491,816,-325
122000109,303,338,-35
122000110,366,511,-145
122000111,2704,1166,1538
122000112,877,1412,-535
122000113,700,722,-22
122000114,3056,1356,1700
122000115,1724,1423,301
122000116,641,466,175
122000117,2050,533,1517
122000118,704,987,-283
122000119,3839,2553,1286
122000120,2137,5071,-2934
122000121,2486,3526,-1040
122000122,777,1914,-1137
122000123,2006,2535,-529
122000124,1045,703,342
122000125,707,571,136
122000126,716,1664,-948
122000127,1099,2035,-936
122000128,676,907,-231
122000129,597,1611,-1014
122000130,3203,1812,1391
122000131,1429,1944,-515
122000132,819,698,121
122000133,927,1539,-612
122000134,963,957,6
122000135,852,967,-115
122000136,1008,1079,-71
122000137,1467,1023,444
122000139,1328,2891,-1563
122000140,1086,536,550
122000141,3902,957,2945
122000142,377,838,-461
122000143,509,691,-182
122000144,1475,1744,-269
122000145,1580,947,633
122000146,785,1251,-466
122000147,763,572,191
122000148,2138,1730,408
122000149,2123,2113,10
122000150,1212,1137,75
122000151,242,359,-117
122000152,376,494,-118
122000153,362,368,-6
122000154,234,261,-27
122000155,1562,2572,-1010
122000156,2252,2003,249
122000157,1654,1572,82
122000158,423,776,-353
122000159,831,2028,-1197
122000160,3614,3201,413
122000161,1118,1125,-7
122000162,2449,1821,628
122000163,224,109,115
122000164,39,95,-56
122000165,898,654,244
122000166,1224,967,257
122000167,252,230,22
122000168,141,505,-364
122000169,491,216,275
122000170,252,188,64
122000171,45,75,-30
122000172,1522,1406,116
122000173,1420,2125,-705
122000174,2542,841,1701
122000175,1432,313,1119
122000176,283,646,-363
122000177,1588,1154,434
122000178,2698,2547,151
122000179,1566,2235,-669
122000180,1649,1364,285
122000181,1767,2752,-985
122000182,1691,1173,518
122000183,1687,1038,649
122000184,2420,1892,528
122000185,1111,1377,-266
122000186,479,754,-275
122000187,1790,1308,482
122000188,443,231,212
122000189,292,294,-2
122000190,1019,1187,-168
122000191,824,526,298
122000192,1110,343,767
122000193,400,592,-192
122000194,676,210,466
122000195,171,482,-311
122000196,1266,585,681
122000197,595,622,-27
122000198,498,865,-367
122000199,362,328,34
122000200,1185,650,535
122000201,1278,1358,-80
122000202,1291,1257,34
122000203,2920,1562,1358
122000204,2084,2139,-55
122000205,1666,1547,119
122000206,2491,928,1563
122000207,1970,1203,767
122000208,2309,1643,666
122000209,2312,401,1911
122000210,2623,1625,998
122000211,1520,990,530
122000212,820,575,245
122000213,1007,1464,-457
122000214,1952,1815,137
122000215,1768,1650,118
122000217,2819,1436,1383
122000218,727,76,651
122000219,1525,1031,494
122000220,536,822,-286
122000221,126,446,-320
122000222,698,155,543
122000223,1820,941,879
122000225,923,311,612
122000226,2569,1904,665
122000227,401,2455,-2054
122000228,618,452,166
122000229,106,593,-487
122000230,412,545,-133
122000231,704,824,-120
122000232,792,1128,-336
122000233,2,109,-107
122000234,530,193,337
122000235,1202,229,973
122000236,1140,151,989
122000237,191,115,76
122000238,1074,318,756
122000239,807,181,626
122000240,1333,686,647
122000241,1832,608,1224
122000242,833,217,616
122000243,294,115,179
122000244,51,492,-441
122000245,72,191,-119
122000246,449,245,204
122000247,1010,782,228
122000248,1386,1909,-523
122000249,2340,1056,1284
122000250,2380,1421,959
122000251,425,463,-38
122000252,549,194,355
122000253,176,297,-121
122000254,340,153,187
122000255,824,1810,-986
122000256,570,1291,-721
122000257,214,321,-107
122000258,503,309,194
122000259,18,643,-625
122000260,228,872,-644
122000261,7,256,-249
122000262,3,74,-71
122000263,311,102,209
122000264,1160,565,595
122000265,2584,911,1673
122000266,4528,694,3834
122000267,329,172,157
122000268,175,500,-325
122000269,889,402,487
122000270,857,208,649
122000271,399,992,-593
122000272,419,1050,-631
122000273,537,481,56
122000274,261,338,-77
122000275,385,274,111
122000276,1023,541,482
122000277,1581,1485,96
122000278,2528,1053,1475
122000279,148,458,-310
122000280,1196,727,469
122000281,806,694,112
122000282,318,198,120
122000283,868,70,798
122000284,288,119,169
122000285,730,69,661
122000286,210,121,89
122000287,1444,1326,118
122000288,829,275,554
122000291,1851,1003,848
122000293,365,316,49
122000294,163,238,-75
122000295,1991,234,1757
122000296,132,780,-648
122000297,2702,3109,-407
122000299,401,425,-24
122000300,557,580,-23
122000301,11003,3185,7818
122000302,866,1481,-615
122000303,3851,1355,2496
122000304,125,241,-116
122000305,1005,1053,-48
122000306,42,846,-804
122000307,328,208,120
122000309,205,93,112
122000310,77,88,-11
122000311,265,199,66
122000312,189,150,39
122000313,127,83,44
122000314,96,221,-125
122000315,300,53,247
122000316,788,254,534
122000317,1597,317,1280
122000318,271,469,-198
122000319,246,390,-144
122000320,582,1789,-1207
122000321,98,238,-140
122000322,2329,2340,-11
122000323,1622,2046,-424
122000324,1142,1266,-124
122000325,995,1416,-421
122000326,81,133,-52
122000327,545,937,-392
122000328,1026,727,299
122000330,1869,765,1104
122000333,20,179,-159
122000337,904,1849,-945
122000338,611,527,84
122000340,383,452,-69
122000342,2076,974,1102
122000343,514,1414,-900
122000344,67,33,34
122000345,282,96,186
122000346,335,519,-184
122000348,836,787,49
122000349,134,746,-612
122000351,135,237,-102
122000352,514,155,359
122000353,106,130,-24
122000355,177,181,-4
122000356,1417,966,451
122000357,150,13,137
122000358,0,40,-40
122000359,0,34,-34
122000360,0,40,-40
122000362,12,106,-94
122000364,149,359,-210
122000365,2,51,-49
122000366,16,15,1
122000368,418,660,-242
122000370,48,86,-38
122000371,25,4,21
122000372,71,4,67
122000381,75,300,-225
122000382,96,321,-225
122000384,3525,1640,1885
122000385,98,1,97
122000386,529,1322,-793
122000387,658,521,137
122000388,1671,791,880
122000389,180,610,-430
122000390,407,253,154
122000391,335,118,217
122000392,399,267,132
122000393,466,442,24
122000394,628,318,310
122000395,250,209,41
122000396,376,144,232
122000397,88,71,17
122000398,56,49,7
122000399,169,80,89
122000400,136,456,-320
122000401,128,105,23
122000402,287,113,174
122000403,413,852,-439
122000404,177,304,-127
122000408,964,1226,-262
122000503,10,121,-111
122000524,190,139,51
122000544,59,3236,-3177
122000614,404,305,99
122000616,348,2,346
122000640,102,164,-62
122000641,128,387,-259
122000642,1832,1118,714
122000643,61,162,-101
122000644,198,33,165
122000645,109,232,-123
122000651,1654,706,948
122000664,215,52,163
122000665,1355,649,706
122000666,594,1168,-574
122000673,65,343,-278
122000674,168,70,98
122000675,2092,1228,864
122000686,616,1124,-508
122000687,2151,323,1828
122000688,306,765,-459
122000689,1004,580,424
122000690,1870,609,1261
122000691,749,2122,-1373
122000692,1689,444,1245
122000693,416,1944,-1528
122000695,256,272,-16
122000696,379,292,87
122000698,518,1025,-507
122000699,233,87,146
122000701,1418,360,1058
122000702,462,1304,-842
122000703,130,69,61
122000712,0,0,0
122000717,586,161,425
122000718,909,1848,-939
122000719,160,97,63
122000720,525,306,219
122000724,347,278,69
122900001,23,1,22
122900002,1258,4511,-3253
122900003,433,49,384
122900004,542,37,505
122900005,90,38,52
122900006,1471,219,1252
122900007,162,62,100
122900008,944,53,891
122900009,665,357,308
122900010,199,144,55
122900012,247,346,-99
122900014,196,333,-137
122900015,1955,698,1257
122900016,166,262,-96
122900017,369,652,-283
122900018,179,17,162
122900020,422,347,75
122900021,193,805,-612
122900022,906,815,91
122900023,262,141,121
122900024,143,97,46
122900025,15,225,-210
122900026,81,312,-231
122900027,65,787,-722
122900028,149,201,-52
122900029,4514,2901,1613
122900030,1010,576,434
122900031,83,266,-183
122900032,142,430,-288
122900033,316,136,180
122900034,4932,5106,-174
122900035,4,15,-11
122900036,43,117,-74
122900037,353,148,205
122900038,134,3180,-3046
122900039,115,522,-407
122900040,337,309,28
122900041,325,193,132
122900042,179,291,-112
122900043,379,198,181
122900044,98,274,-176
122900045,112,136,-24
122900046,218,104,114
122900047,237,147,90
122900048,65,202,-137
122900049,1709,151,1558
122900051,75,161,-86
122900052,120,225,-105
122900053,57,33,24
122900055,395,122,273
122900057,291,65,226
122900061,551,188,363
122900062,533,795,-262
122900063,194,335,-141
122900064,1345,446,899
122900065,573,193,380
122900066,709,425,284
122900067,1199,766,433
122900069,345,1846,-1501
122900070,587,64,523
122900071,189,462,-273
122900073,39,337,-298
122900074,620,653,-33
122900075,1,60,-59
122900076,6,276,-270
122900077,1,133,-132
122900078,208,128,80
122900080,56,35,21
122900081,296,158,138
122900082,864,291,573
122900083,187,243,-56
122900084,6,298,-292
122900086,7,86,-79
122900087,375,423,-48
122900088,20,125,-105
122900089,109,214,-105
122900090,12,682,-670
122900091,211,5,206
122900092,1,115,-114
122900093,0,244,-244
122900094,2,202,-200
122900095,139,11,128
122900096,316,277,39
122900097,36,26,10
122900098,86,97,-11
122900099,52,3,49
122900100,610,117,493
122900101,512,275,237
122900102,23,19,4
122900103,143,12,131
122900104,128,8,120
122900105,16,12,4
122900106,3,100,-97
122900107,5,264,-259
122900108,16,354,-338
122900109,199,127,72
123000001,1823,453,1370
123000002,4242,4228,14
123000003,3556,3849,-293
123000004,3224,4045,-821
123000005,2673,3040,-367
123000006,2659,2989,-330
123000007,5657,3144,2513
123000008,4911,3641,1270
123000009,4765,3292,1473
123000010,3854,3855,-1
123000011,2908,898,2010
123000012,1081,2406,-1325
123000013,3855,1083,2772
123000014,1312,3711,-2399
123000015,4697,1266,3431
123000016,5045,4175,870
123000017,3066,1754,1312
123000018,58,143,-85
123000019,281,314,-33
123000020,153,149,4
123000021,68,384,-316
123000022,310,3063,-2753
123000023,2352,1638,714
123000024,1711,787,924
123000025,344,277,67
123000026,252,107,145
123000027,963,303,660
123000028,2030,314,1716
123000029,2093,605,1488
123000030,348,423,-75
123000031,199,285,-86
123000032,330,211,119
123000033,367,65,302
123000034,1279,1302,-23
123000035,407,541,-134
123000036,600,1388,-788
123000037,224,289,-65
123000038,117,245,-128
123000039,368,1241,-873
123000040,683,297,386
123000041,1608,1636,-28
123000042,1376,867,509
123000043,3005,7340,-4335
123000044,4629,2147,2482
123000045,9041,2934,6107
123000046,823,1371,-548
123000047,2317,1138,1179
123000048,66,536,-470
123000049,6428,7698,-1270
123000050,1405,1358,47
123000051,132,233,-101
123000052,1044,3064,-2020
123000053,2880,3097,-217
123000054,1444,1314,130
123000055,1274,1765,-491
123000056,2164,1989,175
123000057,13974,6555,7419
123000058,864,872,-8
123000059,634,561,73
123000060,1088,411,677
123000061,587,761,-174
123000063,862,927,-65
123000064,922,341,581
123000065,7593,2879,4714
123000066,830,732,98
123000067,1108,941,167
123000068,2887,2845,42
123000069,6599,3573,3026
123000070,312,690,-378
123000071,801,1061,-260
123000072,1106,1105,1
123000073,1086,876,210
123000074,1111,1420,-309
123000075,327,959,-632
123000076,724,798,-74
123000077,2169,2927,-758
123000078,1559,2054,-495
123000079,1385,2176,-791
123000080,2265,2144,121
123000081,133,487,-354
123000082,369,1183,-814
123000083,812,310,502
123000084,617,743,-126
123000085,280,117,163
123000086,450,300,150
123000087,381,371,10
123000088,2958,1017,1941
123000089,551,1257,-706
123000090,1269,994,275
123000091,1539,1734,-195
123000092,1155,1302,-147
123000094,424,269,155
123000095,678,820,-142
123000096,652,445,207
123000097,466,888,-422
123000098,747,677,70
123000099,678,885,-207
123000100,565,832,-267
123000101,642,644,-2
123000102,734,712,22
123000104,696,725,-29
123000105,536,454,82
123000106,599,548,51
123000107,463,573,-110
123000108,790,1286,-496
123000111,844,464,380
123000112,874,683,191
123000113,617,1508,-891
123000114,626,687,-61
123000115,479,318,161
123000116,42,164,-122
123000117,2625,2175,450
123000118,444,1049,-605
123000119,332,1081,-749
123000120,742,962,-220
123000121,535,729,-194
123000122,321,272,49
123000123,473,736,-263
123000124,464,469,-5
123000125,998,1096,-98
123000126,1373,3132,-1759
123000127,912,755,157
123000128,353,414,-61
123000129,697,246,451
123000130,531,82,449
123000131,690,686,4
123000132,510,630,-120
123000133,321,437,-116
123000134,439,243,196
123000135,1824,1398,426
123000136,248,1003,-755
123000137,114,338,-224
123000138,118,399,-281
123000139,411,146,265
123000140,145,817,-672
123000141,713,180,533
123000142,1176,1015,161
123000143,1943,2275,-332
123000144,45,15,30
123000145,650,173,477
123000146,32,63,-31
123000147,124,139,-15
123000149,449,572,-123
123000150,275,322,-47
123000151,421,497,-76
123000152,240,405,-165
123000153,306,685,-379
123000154,2250,2189,61
123000155,2537,1107,1430
123000156,67,184,-117
123000157,746,923,-177
123000158,704,974,-270
123000159,2947,2317,630
123000160,1131,836,295
123000161,1667,1303,364
123000162,1146,1853,-707
123000163,492,110,382
123000164,1329,430,899
123000165,475,1918,-1443
123000166,35,183,-148
123000167,150,318,-168
123000168,287,286,1
123000169,638,162,476
123000170,110,245,-135
123000171,568,58,510
123000172,345,649,-304
123000173,533,262,271
123000174,862,348,514
123000175,1060,1499,-439
123000176,1197,250,947
123000177,315,1097,-782
123000178,759,192,567
123000179,48,710,-662
123000180,1506,388,1118
123000181,244,1602,-1358
123000182,197,485,-288
123000183,215,400,-185
123000184,123,626,-503
123000185,629,736,-107
123000186,72,1066,-994
123000187,569,5,564
123000188,267,40,227
123000189,60,14,46
123000190,56,172,-116
123000192,56,540,-484
123000193,116,1045,-929
123000194,284,303,-19
123000195,403,50,353
123000196,323,155,168
123000197,140,125,15
123000198,34,271,-237
123000199,16,652,-636
123000200,552,33,519
123000201,922,53,869
123000202,55,1362,-1307
123000203,885,109,776
123000204,106,1512,-1406
123000205,451,1908,-1457
123000206,1878,211,1667
123000207,174,1128,-954
123000208,710,445,265
123000209,2257,793,1464
123000210,729,2952,-2223
123000211,657,2889,-2232
123000212,2631,594,2037
123000213,760,95,665
123000215,213,284,-71
123000216,133,1967,-1834
123000217,192,73,119
123000218,67,665,-598
123000219,1007,174,833
123000220,505,83,422
123000221,314,140,174
123000222,393,348,45
123000223,185,340,-155
123000224,444,643,-199
123000225,321,132,189
123000226,103,348,-245
123000227,122,321,-199
123000228,282,76,206
123000229,1036,2001,-965
123000232,191,658,-467
123000233,688,248,440
123000234,159,862,-703
123000235,830,330,500
123000236,301,1107,-806
123000237,437,103,334
123000238,96,655,-559
123000239,482,1716,-1234
123000240,41,405,-364
123000241,568,131,437
123000242,135,172,-37
123000243,980,972,8
123000244,1156,769,387
123000245,66,230,-164
123000249,514,786,-272
123000252,837,276,561
123000253,1064,547,517
123000254,740,1308,-568
123000255,1103,1058,45
123000256,36,284,-248
123000257,2933,2639,294
123000258,1328,1192,136
123000259,360,432,-72
123000260,424,440,-16
123000261,140,100,40
123000262,176,199,-23
123000263,317,125,192
123000264,199,110,89
123000265,74,146,-72
123000266,560,825,-265
123000267,533,365,168
123000268,58,97,-39
123000269,74,73,1
123000270,28,66,-38
123000271,95,99,-4
123000272,678,304,374
123000273,217,713,-496
123000274,1183,680,503
123000275,291,1046,-755
123000278,3902,2899,1003
123000279,105,132,-27
123000280,869,399,470
123000281,435,140,295
123000282,148,371,-223
123000283,94,55,39
123000284,52,102,-50
123000286,259,318,-59
123000287,631,271,360
123000288,1164,766,398
123000289,428,1038,-610
123000291,282,890,-608
123000294,253,331,-78
123000295,1037,929,108
123000296,733,508,225
123000297,656,899,-243
123000298,526,478,48
123000299,190,449,-259
123000300,1016,1072,-56
123000301,114,236,-122
123000302,86,192,-106
123000303,173,142,31
123000305,1084,1049,35
123000306,150,215,-65
123000309,70,68,2
123000310,45,38,7
123000311,11,217,-206
123000312,818,1047,-229
123000313,496,736,-240
123000315,81,371,-290
123000316,1664,454,1210
123000317,288,82,206
123000318,93,292,-199
123000329,3,17,-14
123000337,979,265,714
123000338,982,58,924
123000339,187,203,-16
123000340,323,521,-198
123000342,149,159,-10
123000343,62,14,48
123000344,1464,651,813
123000345,377,784,-407
123000346,406,104,302
123000352,1448,898,550
123000353,33,185,-152
123000354,799,11,788
123000355,1,811,-810
123000356,559,8,551
123000357,2,203,-201
123000359,9,164,-155
123000360,171,109,62
123000361,409,302,107
123000362,287,143,144
123000363,114,177,-63
123000364,531,513,18
123000365,21,375,-354
123000366,443,1720,-1277
123000367,500,1488,-988
123000370,64,255,-191
123000371,851,27,824
123000372,497,23,474
123000373,16,311,-295
123000374,39,237,-198
123000375,386,84,302
123000376,1041,881,160
123000377,321,32,289
123000378,10,290,-280
123000379,2,331,-329
123000380,25,145,-120
123000381,193,58,135
123000382,1210,191,1019
123000383,249,1528,-1279
123000384,513,78,435
123000385,498,883,-385
123000436,71,1064,-993
123000507,251,310,-59
123000508,222,922,-700
123000517,266,37,229
123000518,34,213,-179
123000519,115,67,48
123000520,43,248,-205
123000521,254,109,145
123000522,111,399,-288
123000541,13,4,9
123000542,1,24,-23
123000565,594,48,546
123000566,254,840,-586
123000567,592,330,262
123000573,72,935,-863
123000574,838,117,721
123000575,1341,1219,122
123000576,705,1630,-925
123000577,85,535,-450
123000578,583,65,518
123000579,3784,5095,-1311
123000580,228,151,77
123000582,309,45,264
123000583,27,371,-344
123000584,260,281,-21
123000585,0,194,-194
123000586,70,0,70
123000596,100,147,-47
123000597,82,129,-47
123000602,22,19,3
123000603,615,833,-218
123000604,560,983,-423
123000605,1184,21,1163
123000606,1,438,-437
123000609,30,359,-329
123000610,197,163,34
123000613,73,267,-194
123000614,359,78,281
123000615,92,273,-181
123000616,701,58,643
123000617,107,462,-355
123000618,65,586,-521
123000619,620,49,571
123000620,19,427,-408
123000622,345,29,316
123000624,156,97,59
123000630,1074,516,558
123000631,236,1885,-1649
123000632,1239,1130,109
123000633,2,487,-485
123000634,107,126,-19
123000635,178,110,68
123000636,104,675,-571
123000637,342,38,304
123000638,850,48,802
123000639,959,3820,-2861
123000640,37,799,-762
123000648,360,119,241
123000649,50,624,-574
123000650,944,102,842
123000651,252,167,85
123000652,240,34,206
123000653,28,179,-151
123000654,38,256,-218
123900001,1306,70,1236
123900002,58,1609,-1551
123900003,406,412,-6
123900005,249,187,62
123900006,291,38,253
124000001,1843,102,1741
124000002,56,1757,-1701
124000003,682,135,547
124000004,65,556,-491
124000005,986,469,517
124000006,182,1094,-912
124000007,471,138,333
124000008,27,678,-651
124000009,665,287,378
124000010,221,612,-391
124000011,1049,330,719
124000012,324,551,-227
124000017,125,256,-131
124000018,95,101,-6
124000019,147,271,-124
124000020,55,243,-188
124000021,97,138,-41
124000022,96,272,-176
124000023,912,177,735
124000024,1190,557,633
124000025,755,436,319
124000026,750,485,265
124000027,1506,771,735
124000028,2643,1121,1522
124000031,1603,2312,-709
124000032,2360,1509,851
124000033,1112,644,468
124000034,742,1611,-869
124000035,475,263,212
124000036,518,879,-361
124000037,828,1268,-440
124000038,72,148,-76
124000039,1525,580,945
124000040,845,1172,-327
124000041,752,109,643
124000042,356,513,-157
124000043,223,118,105
124000044,133,232,-99
124000045,862,613,249
124000046,350,594,-244
124000047,974,928,46
124000048,927,1169,-242
124000049,1806,899,907
124000050,761,1713,-952
124000051,1004,778,226
124000052,922,1223,-301
124000053,596,1722,-1126
124000054,1110,934,176
124000055,1331,2757,-1426
124000056,2235,1672,563
124000057,990,757,233
124000058,648,1439,-791
124000059,722,1244,-522
124000060,1654,1097,557
124000061,1870,4866,-2996
124000062,6387,2167,4220
124000063,1704,2073,-369
124000064,3773,2027,1746
124000065,209,735,-526
124000066,371,109,262
124000067,218,222,-4
124000068,83,167,-84
124000069,856,292,564
124000070,297,516,-219
124000071,1692,149,1543
124000072,765,552,213
124000073,951,268,683
124000074,419,827,-408
124000075,267,59,208
124000076,23,321,-298
124000077,1981,816,1165
124000078,3016,1773,1243
124000079,560,1094,-534
124000080,1462,189,1273
124000081,427,617,-190
124000082,95,262,-167
124000083,114,178,-64
124000084,130,470,-340
124000085,179,51,128
124000086,89,102,-13
124000087,772,109,663
124000088,238,306,-68
124000089,860,470,390
124000090,173,407,-234
124000091,618,181,437
124000092,150,748,-598
124000093,133,249,-116
124000094,236,548,-312
124000095,75,204,-129
124000096,217,317,-100
124000097,132,282,-150
124000098,108,150,-42
124000099,348,244,104
124000100,87,158,-71
124000101,76,198,-122
124000102,165,71,94
124000103,103,165,-62
124000104,122,106,16
124000105,80,131,-51
124000106,141,100,41
124000107,20,156,-136
124000108,52,43,9
124000109,124,220,-96
124000110,313,154,159
124000111,191,244,-53
124000112,620,753,-133
124000113,99,174,-75
124000114,364,545,-181
124000115,404,704,-300
124000116,106,262,-156
124000117,67,108,-41
124000118,70,117,-47
124000119,1030,539,491
124000120,471,427,44
124000121,2439,1088,1351
124000122,566,1420,-854
124000123,1331,543,788
124000124,647,1202,-555
124000125,375,503,-128
124000126,275,739,-464
124000127,765,583,182
124000128,599,1033,-434
124000129,2167,1609,558
124000130,789,800,-11
124000131,832,583,249
124000132,880,974,-94
124000133,849,1022,-173
124000134,811,796,15
124000135,1672,1821,-149
124000136,969,1301,-332
124000137,1228,758,470
124000138,1596,1435,161
124000139,1898,101,1797
124000140,224,728,-504
124000141,1104,62,1042
124000142,107,792,-685
124000143,254,24,230
124000144,6,255,-249
124000145,438,83,355
124000146,220,126,94
124000148,155,292,-137
124000149,1866,749,1117
124000150,814,649,165
124000151,1178,649,529
124000152,967,1516,-549
124000153,1367,1226,141
124000154,813,1000,-187
124000155,1667,1444,223
124000156,2036,1343,693
124000169,189,457,-268
124000170,702,471,231
124000171,273,253,20
124000172,308,598,-290
124000173,439,238,201
124000174,440,664,-224
124000175,17,123,-106
124000176,75,29,46
124000177,18,31,-13
124000178,297,33,264
124000185,132,43,89
124000186,10,77,-67
124000187,9,121,-112
124000188,69,17,52
124000190,206,69,137
124000191,306,103,203
124000192,2242,360,1882
124000193,956,1010,-54
124000194,504,516,-12
124000195,281,595,-314
124000196,1291,1260,31
124000197,81,72,9
124000198,31,95,-64
124000201,413,1383,-970
124000202,801,354,447
124000203,516,945,-429
124000204,937,455,482
124000205,153,655,-502
124000206,858,450,408
124000207,0,32,-32
124000209,230,418,-188
124000210,492,205,287
124000211,537,1,536
124000212,0,541,-541
124000213,429,389,40
124000214,337,558,-221
124000215,522,42,480
124000216,7,468,-461
124000329,217,1946,-1729
124000338,134,928,-794
124000339,1119,246,873
124000341,1581,156,1425
124000344,45,4,41
124000357,1498,3529,-2031
124000358,1243,3014,-1771
124000359,1019,831,188
124000360,848,640,208
124000361,2055,674,1381
124000362,1341,1431,-90
124000363,393,445,-52
124000364,755,1072,-317
124000365,763,1408,-645
124000366,2293,1654,639
124000367,178,503,-325
124000368,700,418,282
124000369,145,174,-29
124000370,73,532,-459
124000402,34,15,19
124000403,174,30,144
124000404,13,181,-168
124000405,974,882,92
124000406,722,889,-167
124000407,5,93,-88
124000411,14,443,-429
124000412,513,22,491
124000413,451,34,417
124000414,67,148,-81
124000415,73,151,-78
124000416,133,289,-156
124000417,155,120,35
124000418,140,175,-35
124000419,107,126,-19
124000420,91,118,-27
124000421,64,204,-140
124000422,38,18,20
124000423,115,56,59
124000424,4,167,-163
124000425,146,26,120
124000426,8,214,-206
124000427,159,22,137
124000428,17,70,-53
124000429,53,70,-17
124000430,868,451,417
124000431,510,466,44
124000432,193,878,-685
124000439,40,14,26
124000443,0,1,-1
124000445,604,1233,-629
124000446,2131,96,2035
124000447,37,178,-141
124000448,95,17,78
124000449,194,33,161
124000450,13,288,-275
124000451,2,177,-175
124000452,486,92,394
124000453,2327,3793,-1466
124000454,3256,5532,-2276
124000457,18,98,-80
124000458,11,177,-166
124900001,502,518,-16
124900002,106,386,-280
124900003,906,953,-47
124900004,552,590,-38
124900005,522,172,350
124900006,639,549,90
124900008,1786,675,1111
124900009,175,361,-186
124900010,203,174,29
124900011,413,540,-127
124900012,424,179,245
124900013,666,200,466
124900014,594,97,497
124900015,164,375,-211
124900016,73,133,-60
124900017,693,1620,-927
124900018,27,14,13
124900020,138,81,57
124900021,470,62,408
124900022,92,19,73
124900024,248,63,185
124900026,330,9,321
124900027,206,415,-209
124900028,406,106,300
124900029,11,639,-628
124900030,9,130,-121
124900031,38,273,-235
124900032,171,295,-124
124900033,243,338,-95
124900034,6,100,-94
124900035,205,410,-205
124900036,0,44,-44
124900037,160,343,-183
124900038,243,395,-152
124900039,0,51,-51
124900040,153,128,25
124900041,329,1158,-829
124900042,173,3,170
124900043,582,1076,-494
124900044,59,1,58
124900045,803,1254,-451
124900047,147,154,-7
124900048,224,113,111
124900050,194,247,-53
124900052,112,375,-263
124900053,321,363,-42
124900054,1828,512,1316
124900055,2,189,-187
124900057,25,152,-127
124900060,78,276,-198
124900061,128,16,112
124900062,232,47,185
124900066,0,21,-21
124900067,9,181,-172
124900068,237,494,-257
124900070,137,16,121
124900072,105,68,37
124900075,214,363,-149
124900076,54,1192,-1138
124900077,34,126,-92
124900078,133,15,118
124900079,639,255,384
124900080,339,639,-300
124900081,847,484,363
124900082,373,1065,-692
124900083,259,579,-320
124900085,1418,305,1113
124900086,45,1163,-1118
124900087,730,98,632
124900088,651,99,552
124900089,1372,37,1335
124900090,272,256,16
124900091,275,446,-171
124900092,236,288,-52
124900093,217,239,-22
124900094,289,275,14
124900095,97,422,-325
124900096,488,273,215
124900097,280,111,169
124900098,129,443,-314
124900099,595,606,-11
124900100,280,203,77
124900101,174,567,-393
124900102,190,97,93
124900103,170,290,-120
124900104,76,210,-134
124900105,128,191,-63
124900106,320,117,203
124900107,158,17,141
124900108,180,75,105
124900111,4,141,-137
124900112,64,595,-531
124900113,174,254,-80
124900114,260,162,98
124900115,374,23,351
124900116,150,155,-5
124900117,590,108,482
124900118,175,221,-46
124900119,365,236,129
124900120,69,420,-351
124900121,152,439,-287
124900122,348,282,66
124900123,462,190,272
124900124,122,517,-395
124900125,569,9,560
124900126,1,225,-224
204000001,131,13,118
204000002,42,11,31
204000003,21,3,18
204000004,17,3,14
204000005,730,620,110
204000006,1450,1402,48
204000011,19,57,-38
204000012,82,164,-82
204000019,796,613,183
204000020,637,674,-37
204000021,2085,878,1207
204000022,690,593,97
204000023,613,1139,-526
204000031,209,28,181
204000032,658,32,626
204000034,47,208,-161
204000035,1,8,-7
204000036,9,18,-9
204000037,2,21,-19
204000038,3,19,-16
204000039,48,35,13
204000040,2,22,-20
204000041,6,43,-37
204000042,70,8,62
204000043,32,3,29
204000044,53,4,49
204000045,56,2,54
204000046,21,2,19
204000057,9,15,-6
204000062,41,127,-86
204000068,59,288,-229
204000069,77,379,-302
204000070,148,132,16
204000080,108,72,36
204000085,2399,2032,367
204000086,3166,2736,430
204000087,42,19,23
204000088,9,133,-124
204000090,168,340,-172
204000093,364,116,248
204000096,906,1231,-325
204000097,349,40,309
204000099,1195,1654,-459
204000100,1268,2128,-860
204000105,2388,1763,625
204000110,1237,1797,-560
204000111,577,969,-392
204000112,2062,778,1284
204000113,633,768,-135
204000114,823,954,-131
204000115,714,376,338
204000116,4172,618,3554
204000119,2173,2785,-612
204000132,671,527,144
204000133,773,595,178
204000134,320,218,102
204000135,1132,157,975
204000136,758,406,352
204000138,384,928,-544
204000140,235,187,48
204000141,169,97,72
204000144,13,31,-18
204000145,498,29,469
204000146,24,348,-324
204000147,91,278,-187
204000148,1144,37,1107
204000154,5,5,0
204000155,2,14,-12
204000177,87,70,17
204000179,33,16,17
204000180,0,45,-45
204000222,7,10,-3
204000235,22,13,9
204000236,91,289,-198
204000238,20,22,-2
204000240,387,65,322
204000263,811,1351,-540
204000268,1236,771,465
204000308,187,38,149
204000317,13,103,-90
204000322,11,29,-18
204000323,15,15,0
204000328,251,144,107
204000329,120,186,-66
204000330,205,94,111
204000331,174,136,38
205000001,1473,2164,-691
205000013,5,78,-73
205000014,26,87,-61
205000015,44,243,-199
205000016,48,168,-120
205000017,23,105,-82
205000022,473,1042,-569
205000025,1734,1438,296
205000029,214,14,200
205000045,134,351,-217
205000046,181,652,-471
205000047,59,528,-469
205000048,412,1521,-1109
205000049,158,1095,-937
205000050,1032,433,599
205000059,1,243,-242
205000060,1,97,-96
205000061,1,92,-91
205000062,1,127,-126
205000063,28,76,-48
205000064,29,127,-98
205000065,67,576,-509
205000066,135,1019,-884
205000067,56,1122,-1066
205000069,222,16,206
205000082,176,223,-47
205000110,92,350,-258
205000111,214,323,-109
205000112,325,260,65
205000113,232,410,-178
205000121,267,86,181
205000123,37,199,-162
205000126,392,175,217
205000127,719,195,524
205000128,532,116,416
205000129,679,151,528
205000130,632,36,596
205000131,212,4,208
205000132,443,0,443
205000133,523,1,522
205000134,310,1,309
205000137,58,179,-121
205000138,181,348,-167
205000139,32,154,-122
205000144,157,67,90
205000145,505,184,321
205000151,189,59,130
205000152,319,35,284
205000153,308,61,247
205000154,103,73,30
205000155,131,20,111
205000207,6,188,-182
205000233,46,1,45
205000234,0,0,0
205000243,0,0,0
205000244,0,5,-5
205000245,21,214,-193
205000249,2,36,-34
205000250,12,2,10
205000264,22,101,-79
206000027,9,1,8
206000028,7,1,6
206000043,26,59,-33
206000053,4,12,-8
206000054,2,21,-19
206000055,3,32,-29
206000075,6,12,-6
206000076,14,19,-5
206000077,32,6,26
206000078,29,17,12
206000079,13,6,7
206000082,335,45,290
206000100,58,498,-440
206000103,5,19,-14
206000104,12,20,-8
206000105,3,15,-12
206000106,11,27,-16
206000125,33,0,33
206000157,48,578,-530
206000170,0,148,-148
206000171,1,192,-191
206000172,13,467,-454
206000173,0,291,-291
206000174,16,95,-79
206000175,3,141,-138
206000176,19,212,-193
206000177,0,167,-167
206000178,2,151,-149
206000179,32,72,-40
206000180,15,138,-123
206000181,30,170,-140
206000182,11,158,-147
206000183,23,584,-561
206000184,5,310,-305
206000185,4,190,-186
206000186,109,1148,-1039
206000223,6,213,-207
206000226,19,4,15
206000227,19,2,17
206000237,33,334,-301
206000238,31,606,-575
206000239,334,1958,-1624
206000240,1,48,-47
206000241,0,120,-120
206000242,8,253,-245
206000243,9,238,-229
206000244,73,642,-569
206000245,675,50,625
206000246,156,12,144
206000247,150,6,144
206000248,371,15,356
206000252,68,28,40
206000258,41,19,22
206000315,41,3,38
206000317,585,89,496
206000318,456,54,402
206000319,1073,137,936
206000320,146,26,120
206000321,169,5,164
206000322,358,13,345
206000323,112,11,101
206000324,142,7,135
206000325,177,11,166
206000326,192,4,188
206000327,477,8,469
206000328,164,6,158
206000329,248,3,245
206000330,72,7,65
206000331,152,1,151
206000332,38,3,35
206000333,497,2,495
206000334,173,2,171
206000335,1,22,-21
206000361,5,151,-146
206000392,2,21,-19
206000405,151,0,151
206000441,47,15,32
206000498,51,2,49
206000515,83,23,60
206000530,264,51,213
206000531,245,166,79
206000532,1936,263,1673
206000535,295,1954,-1659
206000536,22,190,-168
206000537,36,191,-155
206000613,1339,193,1146
206000784,505,36,469
207000001,136,593,-457
207000002,127,301,-174
207000003,170,169,1
207000007,962,329,633
207000008,100,21,79
207000009,104,66,38
207000010,568,470,98
207000012,298,279,19
207000015,425,1535,-1110
207000019,320,103,217
207000021,547,188,359
207000022,123,153,-30
207000023,188,62,126
207000024,14,17,-3
207000025,41,84,-43
207000026,188,37,151
207000027,58,74,-16
207000028,57,173,-116
207000029,244,414,-170
207000033,267,364,-97
207000034,331,85,246
207000039,376,170,206
207000040,269,147,122
207000041,209,70,139
207000042,205,86,119
207000043,360,234,126
207000051,145,249,-104
207000052,259,149,110
207000053,426,603,-177
207000054,23,138,-115
207000055,192,180,12
207000056,325,383,-58
207000057,167,330,-163
207000058,389,367,22
207000059,95,688,-593
207000060,94,258,-164
207000061,309,478,-169
207000062,315,63,252
207000063,344,197,147
207000064,546,197,349
207000065,446,250,196
207000066,203,144,59
207000067,61,107,-46
207000068,156,74,82
207000069,656,432,224
207000082,21,364,-343
207000083,127,376,-249
207000084,303,292,11
207000085,248,31,217
207000086,192,7,185
207000106,58,29,29
207000107,80,20,60
207000108,57,23,34
207000109,96,13,83
207000110,129,104,25
207000111,75,86,-11
207000112,187,588,-401
207000114,34,40,-6
207000115,31,90,-59
207000116,29,404,-375
207000117,8,113,-105
207000118,6,101,-95
207000119,32,89,-57
207000123,241,31,210
207000124,64,32,32
207000125,59,75,-16
207000126,59,95,-36
207000134,104,213,-109
207000135,28,282,-254
207000148,67,282,-215
207000149,108,55,53
207000152,152,393,-241
207000153,1045,1199,-154
207000154,532,166,366
207000159,171,233,-62
207000160,176,519,-343
207000238,2,180,-178
207000242,2,223,-221
207000248,200,27,173
207000249,190,48,142
207000250,740,91,649
207000251,92,101,-9
207000252,152,90,62
207000278,126,123,3
207000279,35,195,-160
207000280,579,78,501
207000281,100,1155,-1055
207000282,285,99,186
207000283,172,252,-80
207000284,85,190,-105
207000285,180,72,108
207000291,29,136,-107
207000304,140,68,72
207000306,101,395,-294
207000310,67,83,-16
207000353,359,7,352
207000356,26,22,4
207000357,32,10,22
207000358,15,11,4
207000415,7,302,-295
207000417,42,8,34
207000418,149,169,-20
207000438,0,1,-1
207000439,961,674,287
207000446,162,10,152
207000460,21,10,11
207000466,236,141,95
207000467,257,146,111
207000468,80,455,-375
207000476,13,73,-60
207000477,528,94,434
207000478,11,27,-16
207000523,0,13,-13
207000524,99,0,99
207000527,108,190,-82
207000530,562,16,546
207000531,330,13,317
207000532,120,27,93
207000534,563,65,498
207000535,70,390,-320
207000537,257,146,111
207000540,9,269,-260
207000541,1,445,-444
207000548,46,322,-276
207000549,692,28,664
207000561,183,216,-33
207000562,37,242,-205
207000567,180,270,-90
207000568,184,111,73
207000569,448,883,-435
207000584,329,176,153
207000585,65,385,-320
207000587,142,29,113
207000616,1,130,-129
207000617,275,3,272
207000624,90,60,30
207000631,17,104,-87
207900008,262,211,51
208000001,631,922,-291
208000002,1327,540,787
208000003,1131,509,622
208000004,1556,732,824
208000005,5,15,-10
208000019,838,1325,-487
208000020,165,647,-482
208000021,250,419,-169
208000022,1106,639,467
208000028,2402,1153,1249
208000033,506,755,-249
208000034,1141,1440,-299
208000037,375,27,348
208000040,155,197,-42
208000041,989,696,293
208000042,1470,876,594
208000047,155,335,-180
208000064,2824,1677,1147
208000066,2066,2287,-221
208000070,318,536,-218
208000071,349,1118,-769
208000072,347,1581,-1234
208000080,295,402,-107
208000081,323,205,118
208000082,371,337,34
208000083,180,476,-296
208000084,36,22,14
208000085,1163,763,400
208000086,651,1242,-591
208000087,962,1000,-38
208000089,937,476,461
208000090,923,844,79
208000093,214,93,121
208000094,1209,499,710
208000095,766,480,286
208000104,885,1250,-365
208000105,1180,1353,-173
208000114,85,348,-263
208000115,522,536,-14
208000116,594,1132,-538
208000117,193,149,44
208000118,107,119,-12
208000155,862,1231,-369
208000158,1696,3216,-1520
208000186,4246,3977,269
208000204,715,953,-238
208000205,1124,1187,-63
208000282,6484,2781,3703
209000004,588,195,393
209000005,55,44,11
209000006,386,178,208
209000007,287,290,-3
209000010,478,170,308
209000011,244,307,-63
209000012,260,179,81
209000013,395,409,-14
209000014,670,1158,-488
209000025,277,73,204
209000026,670,155,515
209000027,774,1119,-345
209000028,491,800,-309
209000029,646,802,-156
209000030,664,1489,-825
209000031,2730,2382,348
209000034,182,233,-51
209000035,123,210,-87
209000036,175,143,32
209000037,307,290,17
209000038,105,167,-62
209000039,40,132,-92
209000040,269,609,-340
209000041,210,512,-302
209000042,198,428,-230
209000043,703,888,-185
209000044,178,799,-621
209000045,1811,677,1134
209000046,516,938,-422
209000047,566,267,299
209000048,695,432,263
209000049,106,174,-68
209000050,277,238,39
209000051,424,448,-24
209000052,218,456,-238
209000062,66,132,-66
209000063,95,98,-3
209000064,79,123,-44
209000065,69,44,25
209000066,51,34,17
209000067,78,61,17
209000080,41,318,-277
209000082,84,34,50
209000091,66,117,-51
209000093,54,34,20
209000094,223,215,8
209000110,34,129,-95
209000111,528,1542,-1014
209000112,863,1028,-165
209000113,1496,907,589
209000114,651,540,111
209000115,112,176,-64
209000116,762,609,153
209000118,37,57,-20
209000119,57,15,42
209000121,217,515,-298
209000135,67,180,-113
209000142,696,1347,-651
209000143,132,85,47
209000144,63,122,-59
209000229,291,319,-28
209000240,56,452,-396
209000259,100,146,-46
209000260,46,1014,-968
209000261,5,457,-452
209000262,1,431,-430
209000263,0,170,-170
209000264,1,77,-76
209000265,868,5,863
209000266,356,2,354
209000267,839,10,829
209000268,534,50,484
210000037,51,21,30
210000047,59,23,36
210000048,69,18,51
210000049,39,8,31
210000052,46,83,-37
210000053,43,43,0
210000054,101,96,5
210000070,82,11,71
210000071,162,0,162
210000072,118,0,118
210000073,0,44,-44
210000074,1,144,-143
210000075,1,97,-96
210000076,29,134,-105
210000077,27,50,-23
210000078,48,33,15
210000079,27,18,9
210000080,107,41,66
210000081,164,10,154
210000082,183,6,177
210000083,93,0,93
210000084,63,0,63
210000085,0,111,-111
210000086,1,147,-146
210000099,31,251,-220
210000100,39,221,-182
210000101,101,223,-122
210000105,47,165,-118
210000159,1,144,-143
210000163,155,221,-66
210000164,243,149,94
210000168,123,34,89
210000187,0,16,-16
210000188,1,29,-28
210000214,79,0,79
210000219,36,61,-25
210000220,73,66,7
210000232,2,21,-19
210000233,32,73,-41
210000234,36,144,-108
210000235,45,85,-40
210000245,1,35,-34
210000246,35,1,34
210000258,12,113,-101
210000259,436,48,388
210000282,175,238,-63
210000285,1,121,-120
210000286,11,183,-172
210000290,4,26,-22
210000295,48,144,-96
210000296,30,47,-17
210000320,175,82,93
210000321,119,69,50
210000338,68,57,11
210000339,400,1036,-636
210000340,159,377,-218
210000341,239,258,-19
210000342,226,192,34
210000343,274,197,77
210000344,246,99,147
210000345,185,203,-18
210000346,105,117,-12
210000347,163,50,113
210000348,166,10,156
210000349,165,21,144
210000350,130,89,41
210000351,140,147,-7
210000352,41,94,-53
210000353,52,120,-68
210000354,181,96,85
210000355,46,101,-55
210000356,58,50,8
210000357,84,26,58
210000358,235,136,99
210000359,114,63,51
210000360,156,88,68
210000361,196,149,47
210000362,284,227,57
210000363,797,258,539
210000364,160,136,24
210000365,131,91,40
210000366,90,61,29
210000367,73,29,44
210000368,143,31,112
210000369,30,21,9
210000370,68,35,33
210000372,28,37,-9
210000373,73,14,59
210000374,56,16,40
210000375,38,62,-24
210000376,92,137,-45
210000404,43,137,-94
210000439,49,32,17
210000472,94,2,92
210000482,106,75,31
210000564,420,235,185
210000567,2,42,-40
210000568,281,3,278
211000092,75,61,14
211000094,15,13,2
211000169,280,16,264
211000172,28,280,-252
211000209,0,21,-21
211000226,10,63,-53
211000270,50,48,2
211000275,20,15,5
211000276,75,32,43
211000279,55,70,-15
211000281,50,54,-4
211000302,31,105,-74
211507980,1,40,-39
211977296,53,4,49
212000003,119,60,59
212000004,73,28,45
212000005,28,26,2
212000006,65,72,-7
212000008,176,275,-99
212000009,38,190,-152
212000012,88,92,-4
212000013,35,54,-19
212000014,293,210,83
212000015,298,333,-35
212000016,479,582,-103
212000027,403,446,-43
212000028,266,504,-238
212000029,236,281,-45
212000030,53,18,35
212000031,70,67,3
212000048,34,163,-129
212000049,16,109,-93
212000050,11,12,-1
212000051,216,246,-30
212000052,178,387,-209
212000053,418,899,-481
212000054,173,159,14
212000055,172,223,-51
212000056,16,60,-44
212000057,9,36,-27
212000058,233,23,210
212000070,142,327,-185
212000077,156,844,-688
212000099,279,342,-63
212000108,163,182,-19
212000111,193,104,89
212000120,104,112,-8
212000138,131,50,81
212000156,4,160,-156
212000158,25,18,7
212000159,366,56,310
212000160,509,286,223
212000161,68,11,57
212000310,65,22,43
212000311,23,93,-70
212000374,36,22,14
213000001,27,341,-314
213000005,500,148,352
213000006,932,348,584
213000007,214,10,204
213000009,978,487,491
213000010,196,286,-90
213000011,253,140,113
213000014,68,8,60
213000015,201,5,196
213000016,756,2,754
213000017,68,0,68
213000018,8,183,-175
213000019,2,152,-150
213000020,129,370,-241
213000021,5,134,-129
213000023,278,199,79
213000033,320,1623,-1303
213000034,765,295,470
213000035,139,377,-238
213000045,170,258,-88
213000046,279,231,48
213000047,784,1201,-417
213000056,227,45,182
213000069,149,10,139
213000073,2,29,-27
213000074,58,271,-213
213000075,502,6,496
213000076,86,2,84
213000085,4,37,-33
213000086,19,162,-143
213000091,136,11,125
213000092,77,11,66
213000099,199,1203,-1004
213000100,1249,292,957
213000101,353,160,193
213000102,411,345,66
213000103,910,863,47
213000104,52,315,-263
213000105,3,52,-49
213000106,91,143,-52
213000107,153,472,-319
213000108,17,144,-127
213000109,30,396,-366
213000110,10,193,-183
213000111,10,93,-83
213000112,43,52,-9
213000115,43,11,32
213000116,43,528,-485
213000117,10,863,-853
213000118,312,273,39
213000119,61,360,-299
213000120,118,334,-216
213000122,183,704,-521
213000123,413,1159,-746
213000124,91,1145,-1054
213000125,99,12,87
213000126,83,138,-55
213000127,159,172,-13
213000128,533,999,-466
213000129,365,552,-187
213000130,478,283,195
213000132,293,111,182
213000133,458,111,347
213000134,693,25,668
213000136,608,29,579
213000137,566,110,456
213000139,935,30,905
213000147,124,11,113
213000148,47,6,41
213000149,34,18,16
213000150,1,143,-142
213000151,4,105,-101
213000152,9,73,-64
213000153,4,79,-75
213000154,41,326,-285
213000155,48,298,-250
213000156,117,690,-573
213000157,622,521,101
213000158,283,868,-585
213000159,379,648,-269
213000163,732,92,640
213000165,679,238,441
213000171,27,164,-137
213000172,48,359,-311
213000173,13,194,-181
213000174,1,62,-61
213000175,26,58,-32
213000176,10,144,-134
213000177,17,20,-3
213000178,82,15,67
213000179,192,68,124
213000180,157,101,56
213000184,85,102,-17
213000188,350,113,237
213000189,297,50,247
213000190,862,869,-7
213000191,279,456,-177
213000192,182,485,-303
213000193,997,386,611
213000194,3,78,-75
213000195,20,490,-470
213000196,342,1390,-1048
213000197,337,869,-532
213000198,129,0,129
213000200,219,1405,-1186
213000201,140,102,38
213000202,15,776,-761
213000203,3474,832,2642
213000204,754,86,668
213000205,322,111,211
213000206,1010,96,914
213000207,226,21,205
213000208,199,1,198
213000209,279,3,276
213000210,624,1,623
213000211,3,3,0
213000212,15,26,-11
213000213,37,29,8
213000218,191,602,-411
213000219,432,17,415
213000220,463,12,451
213000223,223,314,-91
213000224,59,70,-11
213000225,77,9,68
213000226,100,14,86
213000227,982,329,653
213000228,673,134,539
213000229,615,54,561
213000230,692,35,657
213000232,93,831,-738
213000233,9,64,-55
213000234,19,49,-30
213000293,15,57,-42
213000294,235,20,215
213000295,14,78,-64
213000296,96,40,56
213000297,19,105,-86
213000298,32,93,-61
213000299,113,59,54
213000300,19,6,13
213000303,9,33,-24
213000304,3,7,-4
213000305,2,12,-10
213000306,69,20,49
213000307,218,91,127
213000308,170,236,-66
213000309,187,92,95
213000310,340,147,193
213000311,454,828,-374
213000315,93,111,-18
213000316,372,113,259
213000322,48,42,6
213000323,35,26,9
213000340,198,935,-737
213000341,540,156,384
213000346,220,225,-5
213000347,750,380,370
213000348,25,93,-68
213000349,32,9,23
213000350,699,1414,-715
213000366,95,333,-238
213000367,230,56,174
213000379,130,54,76
213000386,27,418,-391
213000406,71,516,-445
213000417,1165,529,636
213000425,101,56,45
213000426,104,53,51
213000427,49,206,-157
213000428,19,235,-216
213000429,14,14,0
213000430,99,723,-624
213000431,163,3,160
213000432,4,29,-25
213000433,21,133,-112
213000434,59,101,-42
213000435,84,101,-17
213000439,75,25,50
213000441,1,1,0
213000443,543,443,100
213000445,2,95,-93
213000446,2,14,-12
213000447,3,78,-75
213000448,5,116,-111
213000449,221,11,210
213000450,25,49,-24
213000451,208,81,127
213000452,37,25,12
213000453,34,309,-275
213000455,507,40,467
213000456,0,331,-331
213000481,39,6,33
213000482,58,4,54
213000489,417,93,324
213000491,6,155,-149
213000492,483,4,479
213000493,0,94,-94
213000494,201,130,71
213000495,0,105,-105
213000496,504,130,374
213000497,118,330,-212
213000498,97,199,-102
213000499,127,465,-338
213000500,311,118,193
213000501,94,33,61
213000502,245,136,109
213000504,83,211,-128
213000505,32,37,-5
213000506,0,14,-14
213000507,45,162,-117
213900244,42,0,42
213900245,0,45,-45
218000003,28,31,-3
218000004,67,43,24
218000005,197,41,156
218000006,74,22,52
218000007,15,25,-10
218000012,259,190,69
218000013,107,162,-55
218000014,408,477,-69
218000019,740,668,72
218000020,269,456,-187
218000040,11,6,5
218000046,73,101,-28
218000047,22,179,-157
218000048,72,194,-122
218000049,98,164,-66
218000050,311,272,39
218000051,62,274,-212
218000052,0,115,-115
218000053,4,19,-15
218000054,8,27,-19
218000055,6,5,1
218000056,11,29,-18
218000057,4,35,-31
218000064,3,10,-7
218000065,56,69,-13
218000066,19,82,-63
218000067,36,85,-49
218000068,93,76,17
218000069,314,165,149
218000070,211,239,-28
218000071,190,171,19
218000072,243,214,29
218000078,777,1089,-312
218000079,135,71,64
218000080,71,64,7
218000081,296,254,42
218000082,50,123,-73
218000083,73,93,-20
218000084,114,163,-49
218000085,159,383,-224
218000086,88,188,-100
218000087,182,190,-8
218000090,22,179,-157
218000091,1011,634,377
218000092,60,189,-129
218000093,71,64,7
218000094,515,849,-334
218000099,331,677,-346
218000100,287,316,-29
218000101,344,159,185
218000102,424,278,146
218000103,138,187,-49
218000104,57,46,11
218000105,21,41,-20
218000106,28,22,6
218000107,58,89,-31
218000108,6,45,-39
218000112,71,30,41
218000117,70,99,-29
218000134,422,740,-318
218000135,35,95,-60
218000136,162,71,91
218000137,226,170,56
218000138,26,127,-101
218000139,183,420,-237
218000140,392,308,84
218000141,73,56,17
218000142,259,153,106
218000143,100,271,-171
218000144,108,77,31
218000145,293,398,-105
218000146,73,220,-147
218000151,10,29,-19
218000152,182,47,135
218000170,14,35,-21
218000171,52,13,39
218000172,63,14,49
218000173,78,17,61
218000174,34,13,21
218000176,200,39,161
218000177,303,232,71
218000178,102,189,-87
218000179,125,113,12
218000180,88,35,53
218000181,169,51,118
218000187,22,43,-21
218000188,28,63,-35
218000189,27,66,-39
218000190,7,4,3
218000191,133,87,46
218000192,166,259,-93
218000193,397,361,36
218000194,88,358,-270
218000195,121,86,35
218000196,254,316,-62
218000197,259,335,-76
218000198,65,153,-88
218000199,33,37,-4
218000200,69,39,30
218000201,14,18,-4
218000202,119,257,-138
218000207,8,51,-43
218000208,67,50,17
218000211,99,20,79
218000213,84,48,36
218000214,5,13,-8
218000215,68,57,11
218000217,3,126,-123
218000218,120,56,64
218000219,44,22,22
218000220,120,253,-133
218000221,795,241,554
218000222,38,22,16
218000223,41,249,-208
218000224,9,93,-84
218000225,212,26,186
218000226,181,43,138
218000232,25,78,-53
218000239,325,22,303
218000240,73,5,68
218000241,107,3,104
218000242,112,9,103
218000243,255,6,249
218000244,60,6,54
218000245,30,0,30
218000246,7,0,7
218000247,4,1,3
218000248,0,14,-14
218000249,0,1,-1
218000250,1,6,-5
218000251,3,22,-19
218000252,1,40,-39
218000253,10,27,-17
218000254,0,14,-14
218000255,2,15,-13
218000256,12,71,-59
218000267,748,1280,-532
218000268,20,58,-38
218000269,6,7,-1
218000270,124,71,53
218000271,26,68,-42
218000273,12,10,2
218000274,17,8,9
218000275,37,78,-41
218000276,18,51,-33
218000278,7,64,-57
218000279,53,66,-13
218000280,53,42,11
218000281,20,21,-1
218000282,514,554,-40
218000284,79,13,66
218000301,77,139,-62
218000302,101,61,40
218000303,51,49,2
218000316,719,1336,-617
218000317,999,1334,-335
218000318,564,967,-403
218000319,989,1313,-324
218000320,796,721,75
218000338,76,36,40
218000345,186,119,67
218000346,75,176,-101
218000459,31,279,-248
218000490,41,35,6
218000501,214,94,120
218000502,46,89,-43
218000503,120,41,79
218000504,199,39,160
218000505,62,186,-124
218000506,31,304,-273
218000508,11,11,0
218000510,187,17,170
218000520,120,130,-10
218000521,16,64,-48
218000522,1,126,-125
218000523,231,31,200
218000524,40,9,31
218000525,149,18,131
218000526,72,176,-104
218000529,86,155,-69
218000531,19,21,-2
218000532,34,30,4
218000534,194,30,164
218000537,22,72,-50
218000538,216,247,-31
218000540,419,88,331
218000543,106,56,50
218000544,60,107,-47
218000545,55,60,-5
218000546,52,83,-31
218000547,97,103,-6
218000548,171,113,58
218000549,555,335,220
218000550,307,339,-32
218000551,137,938,-801
218000552,653,58,595
218000553,42,91,-49
218000554,50,46,4
218000555,47,57,-10
218000556,253,290,-37
218000557,408,237,171
218000558,49,0,49
218000559,0,7,-7
218000560,0,10,-10
218000561,41,0,41
218000562,28,126,-98
218000563,196,19,177
218000564,14,217,-203
218000565,233,29,204
218000566,414,30,384
218000568,24,1,23
218000569,25,153,-128
218000570,136,3,133
218000571,3,172,-169
218000572,133,0,133
218000573,34,312,-278
218000574,179,44,135
218000575,90,0,90
218000576,0,37,-37
218000577,152,2,150
218000578,2,86,-84
218000579,100,32,68
218000581,1,55,-54
218000582,67,5,62
218000583,9,1,8
218000584,0,20,-20
218000585,34,3,31
218000586,8,71,-63
218000587,14,5,9
218000588,4,11,-7
218000589,4,3,1
218000590,16,1,15
218000591,6,7,-1
218000592,36,2,34
218000593,170,7,163
218000594,30,0,30
218000597,23,3,20
218000598,0,0,0
218000599,29,2,27
218000600,65,5,60
218000601,5,1,4
218000602,8,48,-40
218000603,0,2,-2
218000604,88,24,64
218000605,0,241,-241
218000606,776,1,775
218000607,13,46,-33
218000608,76,10,66
218000609,3,47,-44
218000610,70,7,63
218000611,18,0,18
218000612,0,25,-25
218000613,44,0,44
218000614,0,45,-45
218000615,201,2,199
218000616,9,207,-198
218000617,36,2,34
218000618,2,14,-12
218000619,19,22,-3
218000620,3,7,-4
218000621,0,0,0
218000622,0,41,-41
218000623,196,2,194
218000624,17,22,-5
218000625,31,0,31
218000626,1,6,-5
218000628,188,71,117
218000631,63,14,49
218000632,5,272,-267
218000633,116,0,116
218000634,12,18,-6
218000635,14,7,7
218000636,1004,1448,-444
218000637,1015,629,386
218000638,139,34,105
218000639,22,204,-182
218000640,213,27,186
218000641,159,286,-127
218000652,37,79,-42
218000653,175,47,128
218000663,8,204,-196
218000675,66,63,3
218000680,372,471,-99
218000681,557,160,397
218000691,182,306,-124
218000693,252,195,57
218000718,762,1107,-345
218000719,1539,578,961
218000720,38,297,-259
218000721,418,18,400
218001147,12,310,-298
218001214,12,61,-49
218001258,423,12,411
218001329,233,142,91
218001330,226,129,97
218001351,20,23,-3
218001352,21,7,14
218001353,16,27,-11
218001354,18,23,-5
218001355,47,342,-295
218001356,334,39,295
218001357,83,288,-205
218001358,463,37,426
218001361,305,9,296
218001362,0,335,-335
219000001,74,51,23
219000002,78,64,14
219000003,59,43,16
219000004,44,57,-13
219000017,121,21,100
219000020,209,173,36
219000022,159,16,143
219000023,533,3,530
219000029,1,90,-89
219000034,88,18,70
219000039,86,86,0
219000040,64,29,35
219000041,124,45,79
219000051,0,28,-28
219000052,0,18,-18
219000053,4,178,-174
219000055,181,1,180
219000056,21,0,21
219000057,50,2,48
219000062,32,71,-39
219000063,98,8,90
219000064,0,119,-119
219000110,572,54,518
219000111,259,47,212
219000112,226,103,123
219000113,143,161,-18
219000114,305,376,-71
219000116,69,68,1
219000117,135,70,65
219000118,487,55,432
219000123,359,123,236
219000124,189,78,111
219000125,34,21,13
219000126,142,140,2
219000127,7,6,1
219000128,17,118,-101
219000129,24,149,-125
219000130,566,527,39
219000131,756,968,-212
219000133,98,40,58
219000134,25,36,-11
219000135,43,63,-20
219000136,132,278,-146
219000138,79,33,46
219000139,36,71,-35
219000140,46,3,43
219000141,16,146,-130
219000142,12,112,-100
219000143,15,148,-133
219000145,21,49,-28
219000146,11,31,-20
219000147,2,28,-26
219000148,3,35,-32
219000149,11,92,-81
219000150,2,83,-81
219000151,2,45,-43
219000157,312,185,127
219000158,278,275,3
219000161,103,13,90
219000163,1376,654,722
219000166,278,250,28
219000167,189,262,-73
219000168,318,240,78
219000174,493,160,333
219000175,42,1,41
219000176,97,6,91
219000177,37,6,31
219000178,29,3,26
219000179,20,8,12
219000180,42,21,21
219000182,141,22,119
219000183,100,37,63
219000184,101,10,91
219000185,2,64,-62
219000186,71,40,31
219000187,48,78,-30
219000189,139,155,-16
219000190,173,221,-48
219000191,1031,1162,-131
219000192,190,145,45
219000193,318,135,183
219000195,0,72,-72
219000196,6,138,-132
219000198,27,141,-114
219000199,87,308,-221
219000200,67,265,-198
219000201,87,288,-201
219000203,78,136,-58
219000204,514,230,284
219000205,232,157,75
219000207,232,321,-89
219000209,30,107,-77
219000210,80,180,-100
219000213,18,164,-146
219000239,208,348,-140
219000240,230,386,-156
219000241,104,182,-78
219000242,82,157,-75
219000243,109,280,-171
219000244,49,98,-49
219000245,30,66,-36
219000246,58,30,28
219000247,127,14,113
219000248,691,368,323
219000249,161,106,55
219000250,112,118,-6
219000251,563,233,330
219000252,214,184,30
219000253,507,99,408
219000255,183,124,59
219000256,377,85,292
219000257,153,0,153
219000262,326,178,148
219000263,79,189,-110
219000267,4,160,-156
219000268,2,8,-6
219000269,9,5,4
219000270,7,0,7
219000271,120,5,115
219000278,1,7,-6
219000279,18,4,14
219000283,0,30,-30
219000295,12,107,-95
219000296,70,593,-523
219000297,24,165,-141
219000298,19,182,-163
219000299,410,126,284
219000300,24,222,-198
219000301,261,424,-163
219000302,40,373,-333
219000307,97,57,40
219000308,34,74,-40
219000311,177,55,122
219000312,597,181,416
219000313,384,56,328
219000314,49,475,-426
219000315,220,85,135
219000316,525,53,472
219000317,73,11,62
219000320,2,77,-75
219000321,0,23,-23
219000323,5,61,-56
219000325,1,12,-11
219000326,77,79,-2
219000327,79,53,26
219000328,50,74,-24
219000329,252,138,114
219000330,65,37,28
219000331,60,42,18
219000332,116,87,29
219000333,11,13,-2
219000335,38,3,35
219000337,33,0,33
219000338,64,3,61
219000344,94,87,7
219000345,103,109,-6
219000346,36,99,-63
219000348,124,97,27
219000349,52,174,-122
219000350,98,133,-35
219000351,9,6,3
219000352,328,85,243
219000353,99,53,46
219000354,185,131,54
219000355,214,120,94
219000356,1405,1384,21
219000363,256,53,203
219000364,107,31,76
219000365,128,32,96
219000366,244,413,-169
219000368,450,551,-101
219000370,1163,507,656
219000371,35,33,2
219000382,18,21,-3
219000383,712,896,-184
219000385,750,483,267
219000386,805,1324,-519
219000387,5,7,-2
219000390,3,6,-3
219000391,6,4,2
219000397,78,70,8
219000398,65,73,-8
219000401,12,147,-135
219000402,59,160,-101
219000403,175,390,-215
219000404,53,139,-86
219000407,8,49,-41
219000409,59,57,2
219000410,125,32,93
219000411,94,27,67
219000446,188,320,-132
219000447,1,26,-25
219000448,14,9,5
219000452,114,85,29
219000453,88,119,-31
219000454,304,267,37
219000556,273,150,123
219000558,373,212,161
219000590,35,160,-125
219000591,82,118,-36
219000592,95,413,-318
219000595,8,32,-24
219000635,349,55,294
219000636,37,113,-76
219000657,28,39,-11
219000658,37,71,-34
219000673,0,42,-42
219000676,100,14,86
219000679,87,7,80
219000684,119,1,118
219000685,3,82,-79
219000686,3,5,-2
219000688,0,68,-68
219000689,34,281,-247
219000690,134,24,110
219000691,56,231,-175
219000692,156,22,134
219000693,0,18,-18
219000694,1,0,1
219000695,24,2,22
219000698,22,1,21
219000699,0,19,-19
219000727,9,143,-134
219000728,271,4,267
219000770,62,2,60
219000771,2,33,-31
219000788,923,329,594
219001150,4,24,-20
219001151,0,1,-1
219001166,32,25,7
219001167,2,141,-139
219001178,116,0,116
220000001,60,86,-26
220000002,34,123,-89
220000003,846,220,626
220000004,991,488,503
220000005,1909,1546,363
220000006,702,1119,-417
220000007,545,745,-200
220000008,429,990,-561
220000009,357,623,-266
220000010,313,150,163
220000011,652,3550,-2898
220000012,91,350,-259
220000014,108,42,66
220000015,82,166,-84
220000017,47,234,-187
220000018,4585,1545,3040
220000019,117,341,-224
220000020,477,355,122
220000021,774,263,511
220000022,711,495,216
220000023,441,201,240
220000024,1779,504,1275
220000025,772,928,-156
220000026,308,290,18
220000027,140,118,22
220000028,80,53,27
220000029,839,622,217
220000030,291,148,143
220000031,445,378,67
220000064,17,766,-749
221000046,7,0,7
221000047,0,3,-3
221000048,0,3,-3
221000049,0,6,-6
221000050,59,0,59
221000055,62,44,18
221000068,229,116,113
221000069,204,69,135
221000070,143,31,112
221000071,49,8,41
221000072,210,18,192
221000073,359,59,300
221000074,2,24,-22
221000075,32,27,5
221000076,20,43,-23
221000077,24,192,-168
221000081,71,20,51
221000082,46,27,19
221000083,43,8,35
221000084,18,4,14
221000085,113,69,44
221000086,14,112,-98
221000087,8,158,-150
221000088,15,180,-165
221000089,38,255,-217
221000090,104,467,-363
221000098,86,16,70
221000099,174,13,161
221000100,90,9,81
221000101,311,35,276
221000103,8,47,-39
221000104,6,83,-77
221000107,53,9,44
221000108,41,24,17
221000111,40,222,-182
221000112,10,171,-161
221000113,15,187,-172
221000114,10,151,-141
221000120,33,39,-6
221000121,2,30,-28
221000122,39,22,17
221000123,29,35,-6
221000124,70,279,-209
221000155,66,9,57
221000156,140,31,109
221000175,37,6,31
221000176,0,4,-4
221000182,54,12,42
221000241,648,230,418
221000242,154,452,-298
221000243,700,198,502
221000244,279,493,-214
221000245,150,128,22
221000246,65,296,-231
221000247,90,141,-51
221000248,143,207,-64
221000267,131,596,-465
221000325,188,44,144
221000331,41,90,-49
221000338,3,25,-22
221000378,245,22,223
221000381,75,95,-20
222000282,6,0,6
222000296,5,31,-26
222000568,247,19,228
222000569,150,32,118
222000570,106,7,99
222000571,200,18,182
222000577,19,184,-165
222000578,26,219,-193
222000579,44,174,-130
222000580,73,1113,-1040
222000599,0,164,-164
222000600,7,416,-409
222000601,12,1308,-1296
222000603,31,57,-26
222000604,3,50,-47
222000605,17,31,-14
222000606,3,19,-16
222000607,18,6,12
222000608,34,18,16
222000609,85,261,-176
222000616,295,60,235
222000617,16,19,-3
222000618,12,7,5
222000620,42,22,20
222000621,83,11,72
222000623,586,4,582
222000624,312,5,307
222000625,542,45,497
222000636,41,2,39
222000686,23,15,8
222000687,68,32,36
222001066,182,2,180
222001067,14,2,12
222001068,33,20,13
222001069,25,21,4
222001082,10,52,-42
222001083,12,76,-64
222001084,0,44,-44
222001085,1,150,-149
222001111,28,146,-118
222001112,67,18,49
222001313,21,8,13
222001314,11,205,-194
222001464,171,59,112
222001465,26,213,-187
222001484,107,49,58
222001485,21,50,-29
222001494,361,162,199
222001495,153,321,-168
222001496,425,106,319
222001497,243,564,-321
222001503,69,46,23
222001504,25,263,-238
222001505,352,25,327
222001506,63,348,-285
222001507,195,20,175
222001510,368,64,304
222001514,499,173,326
222001518,280,91,189
222001519,92,415,-323
222001527,262,81,181
222001529,188,47,141
222001530,45,269,-224
222001533,270,427,-157
222001534,265,78,187
222001535,295,310,-15
222001536,240,363,-123
222001537,393,69,324
222001538,264,1099,-835
222001563,614,121,493
222001564,64,450,-386
222001568,417,222,195
222001576,0,3,-3
222001579,0,4,-4
222001583,16,152,-136
222001584,79,43,36
222001596,991,1945,-954
222001597,2257,320,1937
222001626,1,239,-238
222001650,54,159,-105
222001651,62,117,-55
222001914,219,80,139
222001915,117,521,-404
222001968,507,371,136
222001969,718,891,-173
222001970,151,252,-101
222001971,13,3,10
222001972,0,22,-22
225000001,528,238,290
225000002,1310,163,1147
225000003,811,130,681
225000004,314,241,73
225000005,122,69,53
225000006,0,217,-217
225000007,2049,1575,474
225000010,334,11,323
225000011,371,962,-591
225000012,210,493,-283
225000013,94,123,-29
225000014,740,100,640
225000015,110,222,-112
225000021,649,176,473
225000027,212,573,-361
225000032,642,154,488
225000042,92,678,-586
225000049,78,84,-6
225000050,79,25,54
225000053,4,318,-314
225000058,567,133,434
225000067,368,155,213
225000068,127,400,-273
225000069,119,479,-360
225000070,108,425,-317
225000071,31,183,-152
225000075,47,1088,-1041
225000076,65,122,-57
225000078,68,75,-7
225000085,52,232,-180
225000086,229,93,136
225000087,261,26,235
225000088,6,167,-161
225000089,356,1050,-694
225000090,60,532,-472
225000091,205,186,19
225000092,81,86,-5
225000093,281,290,-9
225000094,18,301,-283
225000095,328,385,-57
225000096,446,511,-65
225000098,539,363,176
225000099,343,215,128
225000100,292,203,89
225000104,138,498,-360
225000110,17,414,-397
225000111,265,1225,-960
225000112,405,1283,-878
225000113,231,590,-359
225000114,51,286,-235
225000115,2085,577,1508
225000116,1100,255,845
225000117,864,285,579
225000118,854,243,611
225000119,174,60,114
225000120,905,62,843
225000121,293,35,258
225000123,674,41,633
225000125,342,209,133
225000126,951,168,783
225000127,765,1466,-701
225000128,534,849,-315
225000132,251,55,196
225000133,278,37,241
225000134,636,139,497
225000135,54,12,42
225000136,179,22,157
225000137,304,88,216
225000138,434,84,350
225000143,89,353,-264
225000144,3,506,-503
225000145,60,56,4
225000146,82,130,-48
225000147,32,342,-310
225000148,14,249,-235
225000149,129,526,-397
225000151,32,245,-213
225000155,476,574,-98
225000156,271,901,-630
225000157,283,435,-152
225000158,105,361,-256
225000171,3,156,-153
225000180,46,4,42
225000181,0,38,-38
225000182,91,27,64
225000185,12,435,-423
225000187,99,333,-234
225000191,99,1,98
225000194,0,16,-16
225000208,2,36,-34
225000209,85,24,61
225000210,3,235,-232
225000217,1,20,-19
225000218,43,1,42
225000223,1,59,-58
225000224,99,0,99
225000225,1,36,-35
225000226,31,8,23
225000227,42,139,-97
225000228,11,33,-22
225000229,1,88,-87
225000230,201,0,201
225000231,0,74,-74
225000232,224,1,223
225000241,83,3,80
225000242,0,47,-47
225000249,24,0,24
225000250,67,910,-843
225000251,331,30,301
226000042,231,280,-49
226000043,178,439,-261
226000044,184,639,-455
226000045,140,840,-700
226000046,333,142,191
226000047,430,182,248
226000048,390,141,249
226000049,238,199,39
226000070,0,21,-21
226000071,0,53,-53
226000072,0,31,-31
226000073,0,5,-5
226000074,0,6,-6
226000084,1,39,-38
226000085,5,29,-24
226000086,2,12,-10
226000087,12,14,-2
226000088,28,17,11
226000090,329,172,157
226000091,16,47,-31
226000092,44,7,37
226000093,31,4,27
226000094,19,4,15
226000095,76,3,73
226000105,41,0,41
226000106,12,0,12
226000107,8,0,8
226000108,66,0,66
226000109,72,0,72
226000124,108,83,25
226000134,574,461,113
226000135,1201,569,632
226000136,1423,410,1013
226000137,12,298,-286
226000138,7,355,-348
226000139,5,106,-101
226000156,158,3,155
226000157,447,12,435
226000163,231,293,-62
226000202,11,602,-591
226000231,454,16,438
226000232,97,15,82
227000033,312,95,217
227000036,26,2,24
227000037,366,41,325
227000038,258,58,200
227000049,0,19,-19
227000050,0,53,-53
227000055,137,0,137
227000056,35,0,35
227000084,3,130,-127
227000085,0,62,-62
227000088,80,1,79
227000089,164,1,163
227000090,75,3,72
227000091,34,1,33
227000093,125,0,125
227000094,20,0,20
227000130,75,66,9
227000131,101,251,-150
227000132,19,223,-204
227000133,17,191,-174
227000134,29,398,-369
227000152,0,8,-8
227000153,0,64,-64
227000155,0,30,-30
227000156,1,15,-14
227000165,1,17,-16
227000196,236,296,-60
227000199,298,375,-77
227000230,20,365,-345
227000232,282,31,251
227000241,283,34,249
227000242,54,520,-466
227000243,357,85,272
227000245,21,385,-364
227000246,100,537,-437
227000247,245,94,151
227000248,267,29,238
227000249,41,218,-177
227000250,542,170,372
227000251,191,293,-102
227000252,38,365,-327
227000253,87,33,54
227000262,253,48,205
227000266,936,24,912
227000267,46,1332,-1286
227000282,1,42,-41
227000284,255,7,248
227000286,1,20,-19
227000287,5,36,-31
227000291,5,134,-129
227000484,99,13,86
227000485,10,251,-241
227000655,275,21,254
227000656,141,20,121
227000657,148,8,140
227000661,133,18,115
227000680,320,53,267
229000265,15,31,-16
229000296,20,8,12
229000297,2,35,-33
229000298,2,89,-87
229000320,13,6,7
229000321,73,8,65
229000412,28,49,-21
229000414,8,52,-44
229000415,23,1,22
229000416,1,5,-4
229000417,2,12,-10
229000419,145,264,-119
229000440,398,53,345
229000442,12,6,6
229000443,3,5,-2
229000444,1,8,-7
229000445,98,5,93
229000446,52,37,15
229000847,87,0,87
229000848,54,0,54
229000849,100,0,100
229000851,22,0,22
229000854,0,41,-41
229000856,0,129,-129
229000857,0,41,-41
229000858,0,99,-99
229000919,16,138,-122
229000930,3,467,-464
229000937,114,15,99
229000966,41,20,21
229000981,25,64,-39
229000985,0,18,-18
229000986,0,10,-10
229000987,0,0,0
229000988,1,6,-5
229000989,9,18,-9
229000990,2,0,2
229000991,1,1,0
229000992,5,16,-11
229000993,146,33,113
229000998,12,71,-59
229000999,61,10,51
229001034,0,7,-7
229001035,10,2,8
229001037,39,7,32
229001042,8,23,-15
229001047,7,34,-27
229001050,38,41,-3
229001200,6,10,-4
229001338,3,32,-29
229001394,216,4,212
229001422,120,27,93
229001423,31,223,-192
229001431,73,67,6
229001432,67,148,-81
229001444,197,35,162
229001445,22,176,-154
229001503,184,106,78
229001504,133,208,-75
229001505,135,56,79
229001506,154,236,-82
229001509,31,24,7
229001545,83,8,75
229001546,13,155,-142
229001553,68,10,58
229001554,115,119,-4
229001559,2,5,-3
229001560,20,21,-1
229001630,98,9,89
229001631,11,30,-19
229001635,0,9,-9
229001636,8,2,6
229001658,1,135,-134
229001659,96,0,96
229001660,10,8,2
229001661,7,9,-2
229001662,17,0,17
229001663,0,20,-20
229002584,134,142,-8
229002831,197,105,92
229002841,5,13,-8
229002842,29,18,11
229002843,76,12,64
229002844,16,50,-34
229002845,10,67,-57
229002846,35,25,10
229002847,0,7,-7
229002848,20,32,-12
229002849,16,80,-64
229002850,46,1,45
229002851,27,68,-41
229002852,195,43,152
229002853,141,17,124
229002854,26,40,-14
229002855,8,19,-11
229002856,24,10,14
229002857,10,36,-26
229002858,19,9,10
229002859,42,17,25
229002860,205,18,187
229002861,92,39,53
229002862,16,9,7
229002863,16,13,3
229002864,36,27,9
229002865,8,6,2
229002866,18,26,-8
229002867,2,22,-20
229002868,10,12,-2
229002869,9,118,-109
229002870,37,7,30
235000066,456,81,375
235000067,145,140,5
235000072,17,100,-83
235000073,72,444,-372
235000074,63,81,-18
235000080,47,77,-30
235000081,110,78,32
235000082,204,131,73
235000083,157,111,46
235000084,75,67,8
235000085,87,94,-7
235000089,51,63,-12
235000092,61,238,-177
235000093,7,3,4
235000097,5,9,-4
235000098,60,11,49
235000099,51,24,27
235000116,80,19,61
235000117,785,10,775
235000133,2,373,-371
235000134,15,167,-152
235000206,11,4,7
235000207,4,1,3
235000208,4,2,2
235000209,8,5,3
235000210,11,3,8
235000212,6,18,-12
235000213,0,9,-9
235000220,0,2,-2
235000238,13,73,-60
235000239,0,11,-11
235000242,340,496,-156
235000245,655,169,486
235000246,26,67,-41
235000284,18,104,-86
235000295,193,0,193
235000305,347,19,328
235000306,175,19,156
235000307,21,7,14
235000308,12,1,11
235000309,45,0,45
235000310,8,0,8
235000311,100,36,64
235000322,0,41,-41
235000323,1,66,-65
235000324,0,37,-37
235000325,5,15,-10
235000326,19,231,-212
235000351,1,66,-65
235000352,8,24,-16
235000353,2,13,-11
235000354,3,35,-32
235000355,9,38,-29
235000356,103,8,95
235000357,40,6,34
235000358,178,3,175
235000359,10,3,7
235000360,59,11,48
235000361,101,11,90
235000381,82,287,-205
235000382,122,40,82
235000390,7,5,2
235000391,110,38,72
235000392,249,286,-37
235000393,105,172,-67
235000395,109,79,30
235000396,329,107,222
235000400,68,170,-102
235000401,32,138,-106
235000405,63,265,-202
235000406,45,268,-223
235000407,159,85,74
235000409,437,198,239
235000410,36,246,-210
235000411,0,67,-67
235000485,0,8,-8
235000486,16,0,16
235000549,379,91,288
235000550,53,142,-89
235000599,123,48,75
235000600,20,8,12
235000601,13,27,-14
235000602,68,87,-19
235000614,0,1,-1
235000648,0,24,-24
235000649,56,3,53
235000685,0,8,-8
235000815,14,25,-11
235000834,0,24,-24
235000855,288,70,218
235000862,44,179,-135
235000891,0,11,-11
235000892,5,0,5
235000901,291,65,226
235000907,1,9,-8
235001010,130,53,77
235001029,632,372,260
235001030,343,253,90
235001078,113,141,-28
235001079,80,106,-26
235001147,37,86,-49
235001166,34,71,-37
235001167,32,54,-22
235001169,53,304,-251
235001188,1,8,-7
235001189,3,1,2
235001197,11,36,-25
235001200,34,40,-6
235001207,356,113,243
235001210,107,319,-212
235001215,31,248,-217
235001239,0,70,-70
235001244,0,11,-11
235016267,0,56,-56
277102712,1,0,1
277103813,0,0,0
277103814,0,0,0
277104249,0,1,-1
277104250,0,1,-1
277104251,0,6,-6
277104252,0,3,-3
990011530,1,197,-196
990014944,4,578,-574
990015176,62,0,62
990016032,1,396,-395
990032570,2,38,-36
990070001,110,5,105
990070103,0,3,-3
990070601,0,42,-42
990070751,599,0,599
990070766,0,493,-493
990071180,434,170,264
990071343,38,0,38
990071387,0,34,-34
990071823,28,1,27
990072600,8,841,-833
990072964,1,464,-463
990073285,0,0,0
990074393,1,714,-713
990074870,1101,12,1089
990075106,1322,11,1311
990075746,448,3,445
990076437,903,1,902
990076458,4,957,-953
997000007,583,6,577
997000041,1,231,-230
997000058,58,0,58
997000062,33,0,33
997000069,0,4,-4
997000070,1,22,-21
997000100,14,0,14
997000141,5,1236,-1231
997000198,422,959,-537
998000475,1,65,-64
998000736,1,196,-195
998000965,0,8,-8
998001031,0,71,-71
998001700,0,42,-42
998001899,0,0,0
998001900,6,0,6
998003073,1112,33,1079
998101900,0,0,0
998102850,2,121,-119
998501927,887,557,330
998501929,67,4,63
998501930,98,1,97
998501931,278,107,171
998501932,7,0,7
998501933,41,1,40
998501937,45,0,45
998501944,8,1,7
998501950,1,50,-49
998501970,71,4,67
998501971,1,95,-94
998501973,0,58,-58
998501974,0,281,-281
998501975,202,4,198
998501976,151,1,150
998501977,4,21,-17
998501978,11,1,10
998501979,0,14,-14
998501980,52,3,49
998501981,22,7,15
998501982,0,76,-76
998501983,0,2,-2
998502006,0,0,0
998502024,0,15,-15
998502032,0,2,-2
998502062,45,0,45
998502063,0,0,0
998502173,70,1,69
998502269,0,13,-13
998502546,0,143,-143
998502578,1,5,-4
998502599,56,317,-261
998502621,0,1,-1
998601159,6,174,-168
998601292,1,15,-14
999033574,3,608,-605
999800001,28,4,24
999800002,0,3,-3
999800003,2,3,-1
999800004,0,5,-5
999800005,0,4,-4
