dong,insum,outsum,diff
강남구 개포1동,165,381,-216
강남구 개포2동,3577,7196,-3619
강남구 개포4동,1486,4185,-2699
강남구 논현1동,15650,11278,4372
강남구 논현2동,7950,6729,1221
강남구 대치1동,8877,5482,3395
강남구 대치2동,9933,8263,1670
강남구 대치4동,10944,6807,4137
강남구 도곡1동,5134,5178,-44
강남구 도곡2동,3028,1859,1169
강남구 삼성1동,10452,7634,2818
강남구 삼성2동,5045,5022,23
강남구 세곡동,3451,13044,-9593
강남구 수서동,12579,2979,9600
강남구 신사동,9682,4931,4751
강남구 압구정동,17437,10463,6974
강남구 역삼1동,33210,16770,16440
강남구 역삼2동,6676,6819,-143
강남구 일원1동,2474,3472,-998
강남구 일원2동,1290,997,293
강남구 일원본동,2192,4713,-2521
강남구 청담동,9919,9174,745
강동구 강일동,2007,7958,-5951
강동구 고덕제1동,1260,3480,-2220
강동구 고덕제2동,1926,2486,-560
강동구 길동,3900,5283,-1383
강동구 둔촌제1동,24,100,-76
강동구 둔촌제2동,3364,3838,-474
강동구 명일제1동,5374,5398,-24
강동구 명일제2동,2911,2489,422
강동구 상일동,5578,7029,-1451
강동구 성내제1동,2872,4663,-1791
강동구 성내제2동,4673,4466,207
강동구 성내제3동,3895,4147,-252
강동구 암사제1동,1588,5852,-4264
강동구 암사제2동,930,643,287
강동구 암사제3동,279,304,-25
강동구 천호제1동,1606,4285,-2679
강동구 천호제2동,9780,6663,3117
강동구 천호제3동,4821,1953,2868
강북구 미아동,6621,5722,899
강북구 번1동,21932,14903,7029
강북구 번2동,1891,6390,-4499
강북구 번3동,2315,8509,-6194
강북구 삼각산동,1918,4423,-2505
강북구 삼양동,3069,9039,-5970
강북구 송중동,30879,24144,6735
강북구 송천동,6235,8106,-1871
강북구 수유1동,2774,6359,-3585
강북구 수유2동,2299,6538,-4239
강북구 수유3동,15564,8063,7501
강북구 우이동,2480,5033,-2553
강북구 월곡제1동,189,227,-38
강북구 인수동,2483,8736,-6253
강서구 가양제1동,5744,4262,1482
강서구 가양제2동,581,1411,-830
강서구 가양제3동,442,1564,-1122
강서구 공항동,2509,3875,-1366
강서구 등촌제1동,5093,7603,-2510
강서구 등촌제2동,2242,5930,-3688
강서구 등촌제3동,6405,7257,-852
강서구 발산제1동,5267,7131,-1864
강서구 방화제1동,2681,4550,-1869
강서구 방화제2동,1058,1503,-445
강서구 방화제3동,90,756,-666
강서구 염창동,2262,5516,-3254
강서구 우장산동,3996,6246,-2250
강서구 화곡본동,1893,4548,-2655
강서구 화곡제1동,12089,14491,-2402
강서구 화곡제2동,761,3852,-3091
강서구 화곡제3동,4396,3451,945
강서구 화곡제4동,1842,4813,-2971
강서구 화곡제6동,6068,6981,-913
강서구 화곡제8동,7207,4637,2570
관악구 낙성대동,12405,15109,-2704
관악구 난곡동,1702,10152,-8450
관악구 난향동,1166,4920,-3754
관악구 남현동,6344,5574,770
관악구 대학동,11178,14273,-3095
관악구 미성동,4388,10896,-6508
관악구 보라매동,4533,8097,-3564
관악구 삼성동,3909,14563,-10654
관악구 서림동,4960,13284,-8324
관악구 서원동,26466,14696,11770
관악구 성현동,2177,10553,-8376
관악구 신림동,26496,12585,13911
관악구 신사동,3749,7571,-3822
관악구 신원동,787,2958,-2171
관악구 은천동,6727,9156,-2429
관악구 인헌동,4211,5839,-1628
관악구 조원동,13560,7854,5706
관악구 중앙동,4142,3488,654
관악구 청룡동,14836,6718,8118
관악구 청림동,578,3471,-2893
관악구 행운동,19231,14391,4840
광진구 광장동,1692,2127,-435
광진구 구의제1동,4465,4675,-210
광진구 구의제2동,3115,6076,-2961
광진구 구의제3동,4512,2628,1884
광진구 군자동,4653,7452,-2799
광진구 능동,4653,5090,-437
광진구 자양제1동,1265,1620,-355
광진구 자양제2동,3861,8203,-4342
광진구 자양제3동,1717,2326,-609
광진구 자양제4동,8885,7628,1257
광진구 중곡제1동,2159,3517,-1358
광진구 중곡제2동,2255,3854,-1599
광진구 중곡제3동,1718,3824,-2106
광진구 중곡제4동,1170,3390,-2220
광진구 화양동,10776,6872,3904
구로구 가리봉동,2892,3102,-210
구로구 개봉제1동,10000,11617,-1617
구로구 개봉제2동,7048,7192,-144
구로구 개봉제3동,1030,3924,-2894
구로구 고척제1동,4494,8674,-4180
구로구 고척제2동,2951,9124,-6173
구로구 구로제1동,1821,4536,-2715
구로구 구로제2동,9621,11751,-2130
구로구 구로제3동,29750,7642,22108
구로구 구로제4동,5565,4338,1227
구로구 구로제5동,11370,6937,4433
구로구 수궁동,6337,7471,-1134
구로구 신도림동,16506,7657,8849
구로구 오류제1동,4058,5522,-1464
구로구 오류제2동,2714,4229,-1515
구로구 항동,360,2717,-2357
금천구 가산동,12053,10704,1349
금천구 독산제1동,8923,17893,-8970
금천구 독산제2동,2977,7528,-4551
금천구 독산제3동,3857,8964,-5107
금천구 독산제4동,2225,2712,-487
금천구 미성동,29,195,-166
금천구 시흥제1동,10759,13982,-3223
금천구 시흥제2동,1945,7518,-5573
금천구 시흥제3동,2553,3191,-638
금천구 시흥제4동,988,3656,-2668
금천구 시흥제5동,3690,7026,-3336
노원구 공릉1동,7583,6925,658
노원구 공릉2동,5252,7779,-2527
노원구 상계10동,5588,2042,3546
노원구 상계1동,4913,6245,-1332
노원구 상계2동,8942,4456,4486
노원구 상계3.4동,585,2369,-1784
노원구 상계5동,4493,4667,-174
노원구 상계6.7동,6877,4495,2382
노원구 상계8동,843,2202,-1359
노원구 상계9동,1879,3714,-1835
노원구 월계1동,14583,9162,5421
노원구 월계2동,2107,6099,-3992
노원구 월계3동,3021,4550,-1529
노원구 중계1동,2476,5031,-2555
노원구 중계2.3동,4988,4957,31
노원구 중계4동,3961,2834,1127
노원구 중계본동,2788,5868,-3080
노원구 하계1동,5050,6274,-1224
노원구 하계2동,3746,4004,-258
도봉구 도봉제1동,2566,4313,-1747
도봉구 도봉제2동,6343,6413,-70
도봉구 방학제1동,4344,8499,-4155
도봉구 방학제2동,883,5679,-4796
도봉구 방학제3동,1459,6096,-4637
도봉구 쌍문제1동,1683,8174,-6491
도봉구 쌍문제2동,2523,5183,-2660
도봉구 쌍문제3동,3136,2220,916
도봉구 쌍문제4동,1063,5861,-4798
도봉구 창제1동,15594,5457,10137
도봉구 창제2동,1724,6224,-4500
도봉구 창제3동,1880,5875,-3995
도봉구 창제4동,8310,6637,1673
도봉구 창제5동,6625,6999,-374
동대문구 답십리제1동,4307,6325,-2018
동대문구 답십리제2동,4717,6626,-1909
동대문구 면목제5동,6,17,-11
동대문구 용신동,17807,17393,414
동대문구 이문제1동,3412,5876,-2464
동대문구 이문제2동,1683,2873,-1190
동대문구 장안제1동,10062,8819,1243
동대문구 장안제2동,4679,9970,-5291
동대문구 전농제1동,5761,9922,-4161
동대문구 전농제2동,2678,6083,-3405
동대문구 제기동,9055,9635,-580
동대문구 청량리동,15602,9582,6020
동대문구 회기동,2305,2774,-469
동대문구 휘경제1동,7480,5701,1779
동대문구 휘경제2동,5105,7029,-1924
동작구 노량진제1동,26876,15430,11446
동작구 노량진제2동,10716,6564,4152
동작구 대방동,11417,16532,-5115
동작구 사당제1동,9492,8332,1160
동작구 사당제2동,12111,9296,2815
동작구 사당제3동,1307,5629,-4322
동작구 사당제4동,318,452,-134
동작구 사당제5동,1860,5184,-3324
동작구 상도제1동,15039,21674,-6635
동작구 상도제2동,5641,9176,-3535
동작구 상도제3동,3792,7982,-4190
동작구 상도제4동,1499,8824,-7325
동작구 신대방제1동,2022,2088,-66
동작구 신대방제2동,6739,9004,-2265
동작구 흑석동,9647,12392,-2745
마포구 공덕동,5065,7453,-2388
마포구 대흥동,8141,6652,1489
마포구 도화동,4628,3546,1082
마포구 망원제1동,2315,5154,-2839
마포구 망원제2동,2136,3686,-1550
마포구 상암동,11448,11769,-321
마포구 서강동,2875,3610,-735
마포구 서교동,52393,18867,33526
마포구 성산제1동,2740,6272,-3532
마포구 성산제2동,4197,9853,-5656
마포구 신수동,677,1964,-1287
마포구 아현동,6595,7070,-475
마포구 연남동,1498,2478,-980
마포구 염리동,1059,1892,-833
마포구 용강동,5162,4722,440
마포구 합정동,7600,5344,2256
서대문구 남가좌제1동,2649,4764,-2115
서대문구 남가좌제2동,3750,11211,-7461
서대문구 북가좌제1동,1269,3715,-2446
서대문구 북가좌제2동,3827,8667,-4840
서대문구 북아현동,5046,6007,-961
서대문구 신촌동,39237,18563,20674
서대문구 연희동,16719,25488,-8769
서대문구 천연동,5167,7208,-2041
서대문구 충현동,8937,13368,-4431
서대문구 홍은제1동,5032,8788,-3756
서대문구 홍은제2동,5548,15186,-9638
서대문구 홍제제1동,7743,5656,2087
서대문구 홍제제2동,6277,8019,-1742
서대문구 홍제제3동,4604,4676,-72
서초구 내곡동,1886,4641,-2755
서초구 반포1동,10440,7305,3135
서초구 반포2동,2278,2305,-27
서초구 반포3동,9931,5512,4419
서초구 반포4동,8113,4449,3664
서초구 반포본동,3425,3871,-446
서초구 방배1동,5602,3041,2561
서초구 방배2동,5852,4740,1112
서초구 방배3동,1869,3452,-1583
서초구 방배4동,3742,4334,-592
서초구 방배본동,2292,3613,-1321
서초구 서초1동,4334,3484,850
서초구 서초2동,12553,11781,772
서초구 서초3동,8303,6626,1677
서초구 서초4동,14873,8015,6858
서초구 양재1동,15254,16703,-1449
서초구 양재2동,5433,9409,-3976
서초구 잠원동,6298,11101,-4803
성동구 금호1가동,1445,3864,-2419
성동구 금호2.3가동,3108,4207,-1099
성동구 금호4가동,2334,3594,-1260
성동구 마장동,2439,3491,-1052
성동구 사근동,4281,2167,2114
성동구 성수1가제1동,2037,2255,-218
성동구 성수1가제2동,1969,1395,574
성동구 성수2가제1동,1605,2608,-1003
성동구 성수2가제3동,3010,2115,895
성동구 송정동,805,2082,-1277
성동구 옥수동,4211,5126,-915
성동구 왕십리도선동,6878,4013,2865
성동구 왕십리제2동,3023,5262,-2239
성동구 용답동,4300,3945,355
성동구 응봉동,803,4375,-3572
성동구 행당제1동,8941,3101,5840
성동구 행당제2동,3718,4415,-697
성북구 길음제1동,7354,9568,-2214
성북구 길음제2동,3862,6521,-2659
성북구 돈암제1동,10611,7750,2861
성북구 돈암제2동,709,5157,-4448
성북구 동선동,19556,11029,8527
성북구 보문동,3498,4151,-653
성북구 삼선동,14414,14164,250
성북구 석관동,2625,5020,-2395
성북구 성북동,7313,7154,159
성북구 안암동,5480,4898,582
성북구 월곡제1동,4872,7190,-2318
성북구 월곡제2동,4098,3900,198
성북구 장위제1동,1486,8409,-6923
성북구 장위제2동,3277,4640,-1363
성북구 장위제3동,1419,3657,-2238
성북구 정릉제1동,3221,7089,-3868
성북구 정릉제2동,3569,13210,-9641
성북구 정릉제3동,2174,4889,-2715
성북구 정릉제4동,3872,9298,-5426
성북구 종암동,8046,13658,-5612
송파구 가락1동,1663,2033,-370
송파구 가락2동,4295,7462,-3167
송파구 가락본동,6794,7265,-471
송파구 거여1동,1133,1596,-463
송파구 거여2동,303,659,-356
송파구 마천1동,817,2773,-1956
송파구 마천2동,1885,6378,-4493
송파구 문정1동,1367,3670,-2303
송파구 문정2동,7831,8530,-699
송파구 방이1동,1830,3445,-1615
송파구 방이2동,7070,6169,901
송파구 삼전동,3771,8020,-4249
송파구 석촌동,8486,10913,-2427
송파구 송파1동,5969,5969,0
송파구 송파2동,1232,1921,-689
송파구 오금동,4315,8241,-3926
송파구 오륜동,4017,2705,1312
송파구 위례동,1848,7141,-5293
송파구 잠실2동,1924,1860,64
송파구 잠실3동,18045,7891,10154
송파구 잠실4동,250,410,-160
송파구 잠실6동,6849,2936,3913
송파구 잠실7동,4372,2084,2288
송파구 잠실본동,11467,9433,2034
송파구 장지동,2320,4056,-1736
송파구 풍납1동,2204,2083,121
송파구 풍납2동,3180,4696,-1516
양천구 목1동,19656,7711,11945
양천구 목2동,10764,12021,-1257
양천구 목3동,5272,8056,-2784
양천구 목4동,3382,10240,-6858
양천구 목5동,6799,9264,-2465
양천구 신월1동,894,2144,-1250
양천구 신월2동,1048,4499,-3451
양천구 신월3동,1403,3189,-1786
양천구 신월4동,1589,6147,-4558
양천구 신월5동,1303,4350,-3047
양천구 신월6동,1005,2219,-1214
양천구 신월7동,2051,7924,-5873
양천구 신정1동,2704,3015,-311
양천구 신정2동,1253,2568,-1315
양천구 신정3동,6753,13153,-6400
양천구 신정4동,12370,6866,5504
양천구 신정6동,1216,2220,-1004
양천구 신정7동,2577,4797,-2220
영등포구 당산제1동,5036,3724,1312
영등포구 당산제2동,14918,7289,7629
영등포구 대림제1동,1728,4383,-2655
영등포구 대림제2동,1615,1798,-183
영등포구 대림제3동,2899,5233,-2334
영등포구 도림동,1373,6613,-5240
영등포구 문래동,5691,5637,54
영등포구 신길제1동,1485,3565,-2080
영등포구 신길제3동,2199,5666,-3467
영등포구 신길제4동,718,2138,-1420
영등포구 신길제5동,2912,3423,-511
영등포구 신길제6동,3051,6243,-3192
영등포구 신길제7동,2577,4910,-2333
영등포구 양평제1동,2108,2646,-538
영등포구 양평제2동,3196,4410,-1214
영등포구 여의동,23133,12237,10896
영등포구 영등포동,24780,13520,11260
영등포구 영등포본동,6266,4765,1501
용산구 남영동,13500,8922,4578
용산구 보광동,1091,3048,-1957
용산구 서빙고동,2048,4338,-2290
용산구 용문동,864,1910,-1046
용산구 용산2가동,2100,4988,-2888
용산구 원효로제1동,3124,4135,-1011
용산구 원효로제2동,1402,4033,-2631
용산구 이촌제1동,3453,3770,-317
용산구 이촌제2동,517,1981,-1464
용산구 이태원제1동,4543,4112,431
용산구 이태원제2동,1984,2793,-809
용산구 청파동,3494,5424,-1930
용산구 필동,98,21,77
용산구 한강로동,18177,8852,9325
용산구 한남동,16593,13734,2859
용산구 효창동,1476,3728,-2252
용산구 후암동,1417,4503,-3086
은평구 갈현제1동,1588,6674,-5086
은평구 갈현제2동,7513,7419,94
은평구 구산동,1368,5498,-4130
은평구 녹번동,8916,8747,169
은평구 대조동,13135,10421,2714
은평구 불광제1동,14559,9653,4906
은평구 불광제2동,4596,8272,-3676
은평구 수색동,2022,4120,-2098
은평구 신사제1동,4780,7968,-3188
은평구 신사제2동,4043,5978,-1935
은평구 역촌동,6060,8641,-2581
은평구 응암제1동,4520,7639,-3119
은평구 응암제2동,1205,4156,-2951
은평구 응암제3동,3223,5597,-2374
은평구 증산동,6516,5222,1294
은평구 진관동,9895,13508,-3613
종로구 가회동,216,643,-427
종로구 교남동,2269,2348,-79
종로구 무악동,1429,2389,-960
종로구 부암동,2124,5408,-3284
종로구 사직동,15794,7014,8780
종로구 삼청동,649,608,41
종로구 숭인제1동,309,1260,-951
종로구 숭인제2동,4038,4167,-129
종로구 이화동,9593,5242,4351
종로구 종로1.2.3.4가동,44319,14913,29406
종로구 종로5.6가동,6012,3917,2095
종로구 창신제1동,8100,5679,2421
종로구 창신제2동,1612,3408,-1796
종로구 창신제3동,1212,2351,-1139
종로구 청운효자동,983,3619,-2636
종로구 충현동,855,679,176
종로구 평창동,2093,5484,-3391
종로구 혜화동,13596,8647,4949
중구 광희동,9829,4639,5190
중구 다산동,1908,2773,-865
중구 동화동,865,848,17
중구 명동,13712,5062,8650
중구 소공동,13751,5168,8583
중구 신당동,2500,3771,-1271
중구 신당제5동,5528,3096,2432
중구 약수동,1882,1956,-74
중구 을지로동,3260,741,2519
중구 장충동,1445,1167,278
중구 중림동,2923,1971,952
중구 청구동,2668,2235,433
중구 필동,2399,946,1453
중구 황학동,2140,1869,271
중구 회현동,19587,10549,9038
중랑구 망우본동,4730,7939,-3209
중랑구 망우제3동,815,3888,-3073
중랑구 면목본동,7713,7551,162
중랑구 면목제2동,1439,3642,-2203
중랑구 면목제3.8동,5765,7815,-2050
중랑구 면목제4동,2311,3866,-1555
중랑구 면목제5동,1626,3684,-2058
중랑구 면목제7동,890,3097,-2207
중랑구 묵제1동,5109,5489,-380
중랑구 묵제2동,1011,1694,-683
중랑구 상봉제1동,3013,3435,-422
중랑구 상봉제2동,9750,7859,1891
중랑구 신내1동,2827,11102,-8275
중랑구 신내2동,5490,5150,340
중랑구 중화제1동,2091,3557,-1466
중랑구 중화제2동,6516,5491,1025
NA,117438,210025,-92587
