ID,insum,outsum,diff
100000001,492,304,188
100000002,882,463,419
100000003,4316,1199,3117
100000004,1099,414,685
100000005,1112,1408,-296
100000006,148,65,83
100000007,526,186,340
100000008,77,327,-250
100000009,157,112,45
100000010,6,25,-19
100000011,230,31,199
100000012,25,442,-417
100000013,8,92,-84
100000014,137,217,-80
100000015,737,567,170
100000016,739,946,-207
100000017,321,709,-388
100000018,898,303,595
100000019,3563,995,2568
100000020,1188,1431,-243
100000021,4377,1141,3236
100000022,939,519,420
100000023,4369,451,3918
100000025,2113,250,1863
100000028,1248,450,798
100000029,136,119,17
100000030,495,32,463
100000031,2972,2206,766
100000032,2131,1579,552
100000033,406,947,-541
100000034,498,169,329
100000035,1040,393,647
100000036,1611,507,1104
100000037,174,248,-74
100000038,615,493,122
100000039,292,124,168
100000040,88,45,43
100000041,197,184,13
100000042,256,133,123
100000043,343,142,201
100000044,278,445,-167
100000045,333,834,-501
100000046,387,871,-484
100000047,167,509,-342
100000048,197,410,-213
100000049,1017,1718,-701
100000051,171,726,-555
100000053,16,4,12
100000054,40,12,28
100000055,223,176,47
100000056,176,313,-137
100000057,897,495,402
100000058,499,927,-428
100000059,3,52,-49
100000060,171,181,-10
100000061,893,350,543
100000062,817,292,525
100000063,246,121,125
100000064,430,230,200
100000065,238,615,-377
100000066,139,619,-480
100000067,337,523,-186
100000068,360,979,-619
100000069,125,1194,-1069
100000072,308,776,-468
100000073,741,732,9
100000075,281,222,59
100000076,1098,859,239
100000077,384,92,292
100000078,63,7,56
100000079,35,23,12
100000080,3,3,0
100000081,25,14,11
100000102,1353,697,656
100000103,2407,412,1995
100000104,3135,643,2492
100000105,3440,260,3180
100000106,1671,716,955
100000107,307,189,118
100000108,743,685,58
100000109,2430,737,1693
100000116,769,295,474
100000117,15,20,-5
100000118,809,437,372
100000119,367,270,97
100000121,90,485,-395
100000122,496,467,29
100000123,2744,2422,322
100000124,5543,2782,2761
100000125,2457,606,1851
100000126,471,154,317
100000127,1160,320,840
100000128,639,542,97
100000129,305,232,73
100000130,234,413,-179
100000131,2898,1338,1560
100000132,1225,850,375
100000133,6690,1759,4931
100000135,257,370,-113
100000139,150,164,-14
100000140,133,221,-88
100000142,265,397,-132
100000143,1243,815,428
100000144,2770,795,1975
100000147,591,1219,-628
100000150,9,267,-258
100000151,254,236,18
100000153,196,134,62
100000154,49,35,14
100000155,0,21,-21
100000156,19,62,-43
100000157,38,113,-75
100000158,22,67,-45
100000159,268,232,36
100000165,813,462,351
100000169,417,156,261
100000174,1083,219,864
100000179,94,409,-315
100000180,404,580,-176
100000181,171,162,9
100000188,27,197,-170
100000189,264,155,109
100000190,262,234,28
100000191,279,231,48
100000192,92,57,35
100000193,78,94,-16
100000330,1508,298,1210
100000355,78,306,-228
100000362,3386,2124,1262
100000363,1309,2061,-752
100000364,245,110,135
100000365,2164,3233,-1069
100000366,2759,1434,1325
100000367,1652,2228,-576
100000368,1362,1220,142
100000369,507,607,-100
100000370,73,184,-111
100000376,43,67,-24
100000379,1445,655,790
100000380,2199,1007,1192
100000384,4078,1306,2772
100000385,3977,1726,2251
100000386,6500,1647,4853
100000387,5654,1881,3773
100000388,9343,1755,7588
100000389,7851,1790,6061
100000390,8806,1446,7360
100000391,5065,1843,3222
100000392,2086,588,1498
100000393,707,777,-70
100000394,3979,1492,2487
100000395,1832,538,1294
100000396,3228,900,2328
100000397,1635,1051,584
100000398,7595,5329,2266
100000413,10,2,8
100900002,2,50,-48
100900003,121,44,77
100900004,8,522,-514
100900005,84,6,78
100900006,4,187,-183
100900007,137,2,135
100900008,0,307,-307
100900009,1,12,-11
100900010,10,89,-79
100900011,13,209,-196
100900012,0,168,-168
100900013,197,5,192
100900014,1,5,-4
100900015,60,63,-3
100900016,3,23,-20
100900017,236,38,198
100900018,0,7,-7
100900019,11,28,-17
100900020,95,1,94
100900021,335,0,335
100900022,0,3,-3
100900023,0,10,-10
100900024,462,2,460
100900025,21,1,20
100900026,19,124,-105
100900027,363,1061,-698
100900028,46,100,-54
100900029,53,3,50
100900030,1,10,-9
100900031,137,51,86
100900032,96,0,96
100900033,146,77,69
100900034,170,0,170
100900035,436,0,436
100900036,19,0,19
100900037,5,169,-164
100900038,20,11,9
100900039,231,367,-136
100900040,126,609,-483
100900041,236,719,-483
100900042,167,201,-34
100900043,0,7,-7
100900044,1918,205,1713
100900045,40,0,40
100900046,373,4,369
100900047,627,56,571
100900048,45,2,43
100900049,7,176,-169
100900050,1,16,-15
100900051,52,36,16
100900052,44,7,37
100900053,94,13,81
100900054,9,56,-47
100900055,91,181,-90
100900056,31,122,-91
100900057,297,171,126
100900058,65,17,48
100900059,26,0,26
100900060,51,5,46
100900061,167,135,32
100900062,1,42,-41
100900063,77,204,-127
100900064,278,14,264
100900065,22,44,-22
100900066,17,15,2
100900067,2,4,-2
100900068,8,45,-37
100900069,159,0,159
100900070,53,9,44
100900071,414,140,274
100900072,0,52,-52
100900073,25,343,-318
100900074,0,0,0
100900075,1614,156,1458
100900076,6,15,-9
100900077,3,125,-122
100900078,28,58,-30
100900079,2,39,-37
100900080,2,115,-113
100900081,9,22,-13
100900082,19,595,-576
100900083,0,20,-20
100900085,2,39,-37
100900086,72,180,-108
100900088,28,555,-527
100900089,0,15,-15
100900090,61,272,-211
100900091,1,12,-11
100900092,30,62,-32
100900093,35,103,-68
100900094,25,507,-482
100900095,0,14,-14
100900096,15,70,-55
100900097,3,3,0
100900098,0,18,-18
100900099,26,325,-299
100900100,2,122,-120
100900101,200,16,184
100900102,2,10,-8
100900103,2,16,-14
100900104,6,78,-72
100900105,2,33,-31
100900106,35,2,33
100900107,1089,335,754
100900108,0,3,-3
100900109,10,13,-3
100900110,2,25,-23
100900111,67,79,-12
100900112,1,2,-1
100900113,7,4,3
100900114,2,10,-8
100900115,0,18,-18
100900116,351,184,167
100900117,120,234,-114
100900118,1,25,-24
100900119,2,20,-18
100900120,1,7,-6
100900121,135,158,-23
100900122,78,132,-54
100900123,50,42,8
100900124,0,4,-4
100900125,11,52,-41
100900126,30,74,-44
100900127,0,6,-6
100900128,47,57,-10
100900129,0,53,-53
100900131,23,67,-44
100900133,8,22,-14
100900134,3,3,0
100900135,0,82,-82
100900137,228,125,103
100900138,231,117,114
100900139,1,9,-8
100900140,1,562,-561
100900141,0,161,-161
100900142,0,4,-4
100900143,731,196,535
100900144,14,0,14
100900145,12,67,-55
100900146,9,9,0
100900147,2,98,-96
100900148,12,742,-730
100900149,3,49,-46
100900150,3,11,-8
100900151,51,335,-284
100900152,67,3,64
100900153,0,58,-58
100900154,1,8,-7
100900155,6,0,6
100900156,17,2,15
100900157,2,41,-39
100900159,1,6,-5
100900160,1,5,-4
100900161,116,0,116
100900162,3,85,-82
100900163,63,148,-85
100900164,13,20,-7
100900165,24,62,-38
100900166,28,4,24
100900167,26,51,-25
100900168,8,77,-69
100900169,121,753,-632
100900170,7,6,1
100900171,11,518,-507
100900172,0,16,-16
100900173,3,430,-427
100900174,117,45,72
100900176,778,26,752
100900177,580,97,483
100900178,127,57,70
100900179,38,18,20
100900180,0,0,0
100900181,43,14,29
100900182,12,6,6
100900184,0,88,-88
100900186,611,316,295
100900187,2,115,-113
100900188,22,2,20
100900189,370,88,282
100900191,652,386,266
100900192,173,103,70
100900195,36,67,-31
100900197,10,87,-77
100900198,17,121,-104
100900199,5,4,1
100900200,411,242,169
100900201,13,599,-586
100900202,3,0,3
100900203,0,31,-31
100900204,75,41,34
100900205,50,150,-100
100900206,31,19,12
100900207,102,33,69
100900210,37,505,-468
100900211,133,18,115
100900213,12,6,6
100900214,563,32,531
100900215,2,7,-5
100900217,61,15,46
101000001,3152,1525,1627
101000002,2065,1603,462
101000003,453,728,-275
101000004,5981,3722,2259
101000005,3207,2726,481
101000006,4974,3705,1269
101000007,1307,1548,-241
101000008,2313,1660,653
101000009,902,1577,-675
101000010,516,1108,-592
101000011,1371,342,1029
101000012,1256,216,1040
101000013,323,445,-122
101000014,312,351,-39
101000015,621,487,134
101000016,258,174,84
101000017,303,344,-41
101000018,3464,1506,1958
101000020,3037,618,2419
101000021,826,117,709
101000022,237,35,202
101000023,1271,418,853
101000025,60,151,-91
101000026,332,7,325
101000027,1028,870,158
101000028,540,98,442
101000029,17,373,-356
101000030,386,45,341
101000031,146,50,96
101000032,3043,1222,1821
101000033,1847,937,910
101000034,2038,588,1450
101000035,805,136,669
101000036,1353,185,1168
101000037,4371,619,3752
101000039,2604,534,2070
101000040,2740,1240,1500
101000041,5104,1393,3711
101000042,303,240,63
101000043,4547,1059,3488
101000045,748,196,552
101000046,1050,570,480
101000047,691,587,104
101000048,373,530,-157
101000049,408,339,69
101000050,1176,268,908
101000051,1949,493,1456
101000052,1178,263,915
101000053,702,930,-228
101000054,1210,1011,199
101000055,1200,457,743
101000056,41,14,27
101000057,1648,306,1342
101000058,1316,398,918
101000059,2518,800,1718
101000060,1478,133,1345
101000061,851,366,485
101000062,1125,162,963
101000063,304,199,105
101000064,925,175,750
101000065,121,186,-65
101000066,252,137,115
101000067,495,157,338
101000068,194,126,68
101000069,214,21,193
101000070,1197,389,808
101000071,1303,369,934
101000072,773,1633,-860
101000073,458,406,52
101000074,2476,1318,1158
101000075,4007,1697,2310
101000077,716,777,-61
101000078,647,1129,-482
101000079,267,481,-214
101000080,418,322,96
101000081,863,737,126
101000082,2504,1649,855
101000083,1177,972,205
101000084,959,891,68
101000085,1127,664,463
101000086,938,679,259
101000087,739,855,-116
101000088,548,659,-111
101000089,499,886,-387
101000090,1863,1106,757
101000091,283,1369,-1086
101000092,609,845,-236
101000093,871,537,334
101000094,421,706,-285
101000095,149,612,-463
101000096,117,376,-259
101000097,131,183,-52
101000098,204,366,-162
101000099,636,577,59
101000100,600,269,331
101000101,253,212,41
101000102,428,187,241
101000103,592,242,350
101000104,167,231,-64
101000105,441,67,374
101000106,280,299,-19
101000107,83,189,-106
101000108,909,274,635
101000109,103,24,79
101000110,24,447,-423
101000111,50,121,-71
101000113,44,216,-172
101000114,1384,845,539
101000115,45,90,-45
101000116,23,59,-36
101000117,141,221,-80
101000119,117,11,106
101000120,172,8,164
101000121,77,7,70
101000122,62,25,37
101000123,18,17,1
101000124,140,175,-35
101000125,157,302,-145
101000128,670,206,464
101000130,158,149,9
101000131,280,457,-177
101000132,188,1160,-972
101000135,44,2,42
101000136,116,22,94
101000137,14,96,-82
101000141,1550,854,696
101000147,483,428,55
101000148,1895,12,1883
101000149,38,20,18
101000150,18,716,-698
101000151,80,55,25
101000152,209,192,17
101000153,369,274,95
101000154,73,1276,-1203
101000155,68,92,-24
101000156,16,205,-189
101000157,18,10,8
101000160,22,54,-32
101000163,61,83,-22
101000164,480,222,258
101000165,124,212,-88
101000166,166,225,-59
101000168,429,240,189
101000252,846,477,369
101000254,229,22,207
101000258,36,3,33
101000261,76,90,-14
101000262,417,746,-329
101000263,87,335,-248
101000265,17,303,-286
101000266,174,132,42
101000269,97,6,91
101000290,1088,1002,86
101000293,7,55,-48
101000294,305,326,-21
101000295,98,314,-216
101000301,522,82,440
101000304,1339,1603,-264
101000305,1677,1040,637
101000328,30,187,-157
101900001,14,56,-42
101900002,0,16,-16
101900003,52,83,-31
101900004,0,43,-43
101900005,3804,477,3327
101900006,430,10,420
101900007,305,20,285
101900008,79,156,-77
101900009,26,233,-207
101900010,810,274,536
101900011,184,591,-407
101900012,87,82,5
101900013,725,78,647
101900017,13,55,-42
101900018,1487,76,1411
101900019,97,41,56
101900020,70,50,20
101900021,1,30,-29
101900022,22,959,-937
101900023,16,163,-147
101900026,47,35,12
101900027,4,79,-75
102000001,1150,2247,-1097
102000002,1998,774,1224
102000003,2479,2314,165
102000004,6553,1418,5135
102000005,1119,1381,-262
102000006,1490,816,674
102000007,1110,2480,-1370
102000008,5241,1077,4164
102000009,4065,4710,-645
102000010,4726,2172,2554
102000011,1437,1413,24
102000012,2224,2106,118
102000018,2389,1432,957
102000019,1799,918,881
102000026,150,319,-169
102000029,317,129,188
102000030,35,160,-125
102000031,11,160,-149
102000032,172,288,-116
102000033,76,271,-195
102000034,342,296,46
102000035,601,323,278
102000036,1,135,-134
102000037,99,44,55
102000038,82,64,18
102000039,94,23,71
102000040,414,52,362
102000041,83,130,-47
102000042,59,51,8
102000043,163,72,91
102000044,224,321,-97
102000045,440,595,-155
102000046,545,254,291
102000047,443,746,-303
102000048,131,437,-306
102000049,547,344,203
102000050,727,693,34
102000051,227,374,-147
102000052,728,574,154
102000053,415,491,-76
102000054,154,500,-346
102000055,419,712,-293
102000056,418,752,-334
102000057,888,375,513
102000058,647,1416,-769
102000059,751,878,-127
102000060,737,577,160
102000061,724,1816,-1092
102000062,495,793,-298
102000063,700,944,-244
102000064,287,341,-54
102000065,17,62,-45
102000066,631,622,9
102000067,1545,1861,-316
102000068,5930,1648,4282
102000069,25,1228,-1203
102000070,2069,41,2028
102000071,4542,6432,-1890
102000072,2302,3145,-843
102000073,241,644,-403
102000074,224,533,-309
102000075,136,212,-76
102000076,170,313,-143
102000077,159,939,-780
102000078,493,629,-136
102000079,44,167,-123
102000080,104,125,-21
102000081,116,658,-542
102000082,438,145,293
102000083,115,512,-397
102000084,103,322,-219
102000085,928,1016,-88
102000086,677,741,-64
102000087,342,1596,-1254
102000088,126,184,-58
102000089,517,339,178
102000090,237,848,-611
102000091,918,342,576
102000092,387,495,-108
102000093,390,324,66
102000094,887,294,593
102000095,591,762,-171
102000096,1119,493,626
102000097,1268,740,528
102000098,492,656,-164
102000099,660,398,262
102000100,934,364,570
102000101,1093,210,883
102000102,203,1038,-835
102000103,926,223,703
102000104,717,193,524
102000105,99,670,-571
102000106,386,673,-287
102000107,416,348,68
102000108,389,203,186
102000109,175,407,-232
102000110,268,1191,-923
102000111,7,214,-207
102000112,80,75,5
102000113,2,17,-15
102000114,741,214,527
102000115,151,103,48
102000116,337,188,149
102000117,223,283,-60
102000118,1325,738,587
102000119,1980,350,1630
102000120,39,274,-235
102000121,632,285,347
102000122,222,398,-176
102000123,928,380,548
102000124,480,498,-18
102000125,733,336,397
102000126,325,401,-76
102000127,663,333,330
102000128,320,645,-325
102000129,650,516,134
102000130,224,326,-102
102000131,278,278,0
102000132,133,220,-87
102000133,701,2124,-1423
102000134,270,462,-192
102000135,788,409,379
102000136,689,234,455
102000137,660,437,223
102000138,177,274,-97
102000139,19,238,-219
102000140,142,133,9
102000141,104,363,-259
102000142,80,239,-159
102000143,36,350,-314
102000144,54,333,-279
102000145,136,300,-164
102000146,165,187,-22
102000147,190,197,-7
102000148,112,179,-67
102000149,62,451,-389
102000150,84,129,-45
102000151,71,285,-214
102000152,90,128,-38
102000153,550,175,375
102000154,282,410,-128
102000155,65,164,-99
102000156,356,36,320
102000157,67,83,-16
102000158,245,173,72
102000159,1080,102,978
102000161,3237,897,2340
102000162,129,60,69
102000163,71,253,-182
102000164,743,414,329
102000165,188,66,122
102000166,14,43,-29
102000167,110,125,-15
102000168,122,53,69
102000169,35,260,-225
102000170,413,82,331
102000171,73,26,47
102000172,18,123,-105
102000173,190,106,84
102000174,25,24,1
102000175,42,87,-45
102000176,27,10,17
102000178,149,427,-278
102000179,153,138,15
102000180,290,375,-85
102000181,330,596,-266
102000182,254,489,-235
102000183,681,1349,-668
102000184,590,626,-36
102000185,1001,1165,-164
102000186,440,1498,-1058
102000187,343,1351,-1008
102000188,323,1073,-750
102000189,2296,679,1617
102000190,503,1683,-1180
102000191,975,427,548
102000192,464,709,-245
102000193,31,155,-124
102000194,33,111,-78
102000195,178,391,-213
102000196,74,501,-427
102000197,154,367,-213
102000198,87,720,-633
102000199,224,266,-42
102000200,125,939,-814
102000201,222,359,-137
102000202,1,132,-131
102000203,92,231,-139
102000204,178,709,-531
102000205,341,538,-197
102000206,263,492,-229
102000207,327,353,-26
102000208,93,410,-317
102000209,22,40,-18
102000210,87,439,-352
102000211,136,310,-174
102000212,42,6,36
102000213,8,240,-232
102000214,62,10,52
102000215,1,427,-426
102000216,22,20,2
102000217,9,151,-142
102000218,82,29,53
102000219,258,266,-8
102000225,620,604,16
102000226,2132,170,1962
102000227,41,0,41
102000228,0,85,-85
102000229,22,18,4
102000230,156,462,-306
102000231,104,222,-118
102000232,3,100,-97
102000233,222,393,-171
102000234,65,1238,-1173
102000236,234,51,183
102000237,251,116,135
102000238,110,202,-92
102000240,586,404,182
102000241,159,63,96
102000243,14,17,-3
102000245,13,100,-87
102000246,8,7,1
102000247,652,599,53
102000248,294,362,-68
102000249,64,122,-58
102000250,14,301,-287
102000254,20,279,-259
102000266,43,119,-76
102000271,9,0,9
102000286,253,144,109
102000297,1046,576,470
102000301,0,0,0
102000303,0,0,0
102000307,0,2,-2
102900001,678,596,82
102900002,211,32,179
102900003,31,255,-224
102900005,154,241,-87
102900006,288,143,145
102900007,434,11,423
102900008,149,64,85
102900009,397,148,249
102900010,321,347,-26
102900011,1671,168,1503
102900012,311,31,280
102900013,5,56,-51
102900015,517,96,421
102900016,28,73,-45
102900017,80,444,-364
102900018,8,100,-92
102900019,155,345,-190
102900020,26,26,0
102900021,10,87,-77
102900022,251,37,214
102900023,13,29,-16
102900024,5,48,-43
102900025,192,71,121
102900026,336,896,-560
102900027,18,30,-12
102900028,47,264,-217
102900029,56,75,-19
102900030,231,96,135
102900031,58,117,-59
102900032,26,110,-84
102900033,38,174,-136
102900034,108,103,5
102900035,35,339,-304
102900036,100,506,-406
102900037,114,571,-457
102900038,251,423,-172
102900039,10,263,-253
102900040,75,137,-62
102900041,45,136,-91
102900042,120,252,-132
102900043,81,204,-123
102900044,440,1323,-883
102900045,43,354,-311
102900046,59,233,-174
102900047,45,500,-455
102900048,327,535,-208
102900049,26,232,-206
102900050,137,254,-117
102900051,114,125,-11
102900052,7,16,-9
102900053,177,463,-286
102900054,591,601,-10
102900055,50,52,-2
102900056,70,405,-335
102900057,0,18,-18
102900058,233,30,203
102900059,1,27,-26
102900060,30,336,-306
102900061,32,350,-318
102900062,58,1110,-1052
102900063,415,346,69
102900064,114,306,-192
102900065,1261,490,771
102900066,213,33,180
102900068,53,41,12
102900070,51,577,-526
102900072,9,23,-14
102900073,77,5,72
102900075,6,20,-14
102900076,229,31,198
102900077,26,16,10
102900078,22,50,-28
102900079,186,6,180
102900080,228,23,205
102900081,37,130,-93
102900082,14,138,-124
102900083,229,9,220
102900084,6,21,-15
102900085,48,23,25
102900086,1,10,-9
102900087,29,85,-56
102900088,4,33,-29
102900089,161,68,93
102900090,0,264,-264
102900091,33,1,32
102900092,88,609,-521
102900093,111,93,18
102900094,0,28,-28
102900095,50,0,50
102900096,12,1,11
102900097,33,207,-174
102900098,17,2,15
103000001,1660,1922,-262
103000002,1394,1554,-160
103000003,2313,1944,369
103000004,643,451,192
103000005,1416,1480,-64
103000006,356,871,-515
103000007,306,574,-268
103000008,776,831,-55
103000009,469,495,-26
103000010,78,64,14
103000011,1446,714,732
103000012,689,944,-255
103000013,4987,1400,3587
103000014,812,967,-155
103000015,1872,594,1278
103000016,497,563,-66
103000017,68,166,-98
103000018,810,307,503
103000019,94,100,-6
103000020,1295,901,394
103000021,980,1127,-147
103000022,678,944,-266
103000023,299,879,-580
103000024,80,134,-54
103000025,43,202,-159
103000026,1333,77,1256
103000027,174,233,-59
103000028,505,269,236
103000029,322,84,238
103000030,1351,325,1026
103000031,1038,858,180
103000032,1177,1208,-31
103000033,1679,1639,40
103000034,1160,636,524
103000035,238,627,-389
103000036,308,300,8
103000037,540,290,250
103000038,302,610,-308
103000039,140,365,-225
103000040,139,835,-696
103000041,889,2208,-1319
103000042,490,453,37
103000043,208,860,-652
103000044,76,216,-140
103000046,137,235,-98
103000047,252,486,-234
103000048,72,91,-19
103000049,79,116,-37
103000050,398,460,-62
103000051,166,398,-232
103000052,458,270,188
103000053,79,273,-194
103000054,1344,760,584
103000055,921,1079,-158
103000056,347,1830,-1483
103000057,325,197,128
103000058,249,718,-469
103000059,165,569,-404
103000060,412,571,-159
103000061,244,533,-289
103000062,561,627,-66
103000063,347,423,-76
103000064,69,199,-130
103000065,0,267,-267
103000066,39,4,35
103000069,72,269,-197
103000070,370,807,-437
103000071,422,279,143
103000072,66,807,-741
103000073,184,72,112
103000074,292,44,248
103000075,76,622,-546
103000076,118,180,-62
103000077,27,223,-196
103000078,951,209,742
103000079,983,283,700
103000080,1002,136,866
103000081,391,479,-88
103000082,227,122,105
103000083,99,299,-200
103000084,129,6,123
103000085,7,43,-36
103000086,449,182,267
103000087,84,268,-184
103000088,209,217,-8
103000089,105,209,-104
103000090,1119,801,318
103000091,310,331,-21
103000092,155,288,-133
103000093,191,452,-261
103000094,83,95,-12
103000095,15,305,-290
103000096,576,75,501
103000097,34,508,-474
103000098,852,75,777
103000099,293,444,-151
103000100,35,596,-561
103000101,352,90,262
103000102,75,555,-480
103000103,310,172,138
103000104,24,128,-104
103000105,46,110,-64
103000106,7,88,-81
103000107,224,44,180
103000108,415,412,3
103000109,291,266,25
103000110,271,317,-46
103000111,412,215,197
103000112,178,169,9
103000113,444,407,37
103000114,650,207,443
103000115,246,291,-45
103000116,252,355,-103
103000117,112,358,-246
103000118,829,838,-9
103000119,1441,557,884
103000120,33,44,-11
103000121,138,317,-179
103000122,190,182,8
103000125,6,367,-361
103000126,155,0,155
103000127,1,219,-218
103000128,46,0,46
103000129,2,120,-118
103000130,23,15,8
103000131,145,37,108
103000132,25,38,-13
103000133,3,76,-73
103000134,660,360,300
103000135,703,170,533
103000136,642,199,443
103000137,441,428,13
103000138,622,430,192
103000139,1,39,-38
103000140,137,11,126
103000141,15,42,-27
103000142,90,50,40
103000143,22,122,-100
103000144,88,41,47
103000145,4,13,-9
103000150,33,40,-7
103000152,173,140,33
103000153,84,112,-28
103000156,1,385,-384
103000157,125,0,125
103000159,61,113,-52
103000162,60,44,16
103000163,13,14,-1
103000164,8,5,3
103000165,139,317,-178
103000166,70,111,-41
103000167,141,88,53
103000168,26,89,-63
103000169,92,165,-73
103000170,325,345,-20
103000171,15,57,-42
103000172,149,216,-67
103000173,97,573,-476
103000174,76,176,-100
103000175,95,355,-260
103000176,409,162,247
103000177,471,273,198
103000178,271,190,81
103000179,39,11,28
103000183,38,22,16
103000185,34,59,-25
103000186,40,123,-83
103000187,106,509,-403
103000188,15,65,-50
103000189,692,703,-11
103000191,525,464,61
103000292,1860,433,1427
103000293,1079,685,394
103000295,59,53,6
103000296,58,2,56
103000297,38,7,31
103000504,80,9,71
103000505,2,4,-2
103000506,0,103,-103
103000507,65,0,65
103000508,52,14,38
103000509,123,385,-262
103900001,0,259,-259
103900002,1439,115,1324
103900003,1148,55,1093
103900004,13,0,13
103900005,1,116,-115
103900006,5,0,5
103900007,18,13,5
103900008,3,0,3
103900009,175,185,-10
103900010,88,153,-65
103900011,53,155,-102
103900012,1,8,-7
103900013,18,76,-58
103900014,30,16,14
103900015,31,18,13
103900016,114,213,-99
103900017,7,53,-46
103900018,476,94,382
103900019,35,104,-69
103900020,87,127,-40
103900021,632,29,603
103900022,574,492,82
103900023,49,1,48
103900024,60,404,-344
103900025,3,26,-23
103900026,0,0,0
103900027,238,167,71
103900028,3,131,-128
103900029,493,84,409
103900030,77,14,63
103900031,6,1,5
103900032,25,23,2
103900033,56,13,43
103900034,10,148,-138
103900035,20,37,-17
103900036,14,18,-4
103900037,34,19,15
103900038,28,106,-78
103900039,14,434,-420
103900040,4,238,-234
103900041,7,13,-6
103900042,24,310,-286
103900043,30,75,-45
103900044,181,101,80
103900045,82,112,-30
103900047,32,17,15
103900048,40,24,16
103900049,103,755,-652
103900050,1,45,-44
103900051,0,32,-32
103900052,51,467,-416
103900053,41,790,-749
103900054,13,515,-502
103900055,155,156,-1
103900056,14,28,-14
103900057,7,218,-211
103900058,60,605,-545
103900059,0,1,-1
103900060,28,160,-132
103900061,34,38,-4
103900062,56,21,35
103900063,1,0,1
103900064,32,0,32
103900065,577,205,372
103900066,52,3,49
103900067,26,4,22
103900068,0,0,0
103900069,27,2,25
103900070,75,159,-84
103900071,11,121,-110
103900072,2,291,-289
103900073,16,3,13
103900074,17,89,-72
103900075,100,96,4
103900076,126,586,-460
103900077,41,45,-4
103900078,36,66,-30
103900079,68,134,-66
103900080,2,20,-18
103900081,39,1,38
103900082,2,61,-59
103900083,1486,259,1227
103900084,6,50,-44
103900085,70,69,1
103900086,152,127,25
103900088,280,110,170
103900089,30,169,-139
103900090,2,139,-137
103900091,558,182,376
103900092,175,401,-226
103900093,61,353,-292
103900094,7,113,-106
103900095,103,144,-41
103900096,5,229,-224
103900097,2,432,-430
103900098,70,33,37
103900099,10,199,-189
103900100,56,249,-193
103900101,28,652,-624
103900102,0,32,-32
103900104,1,22,-21
103900105,49,112,-63
103900106,0,7,-7
103900107,19,149,-130
103900108,35,348,-313
103900109,30,85,-55
103900110,123,27,96
103900111,11,597,-586
103900112,5,30,-25
103900113,95,115,-20
103900114,411,213,198
103900115,149,40,109
103900116,4813,667,4146
103900117,193,117,76
103900119,10,42,-32
103900120,16,48,-32
103900122,27,324,-297
103900123,1081,370,711
103900124,19,491,-472
103900125,46,78,-32
103900126,141,340,-199
103900127,37,474,-437
103900128,16,142,-126
103900131,9,91,-82
103900133,446,11,435
103900134,0,1,-1
103900135,2,11,-9
103900137,0,22,-22
103900138,11,344,-333
103900139,118,588,-470
103900140,7,23,-16
103900141,132,61,71
103900142,16,113,-97
103900143,5,3,2
103900144,0,46,-46
103900145,85,216,-131
103900146,143,230,-87
103900147,116,82,34
103900148,60,129,-69
103900149,35,490,-455
103900150,4698,1121,3577
103900151,16,79,-63
103900152,165,554,-389
103900153,3,1,2
103900154,896,500,396
103900155,8,187,-179
103900156,6,129,-123
103900157,11,169,-158
103900158,13,122,-109
103900159,41,52,-11
103900160,20,12,8
103900161,31,157,-126
103900162,33,132,-99
103900163,1,279,-278
103900167,3,37,-34
103900168,11,103,-92
103900169,2,30,-28
103900170,1,58,-57
103900171,3,74,-71
103900172,7,17,-10
103900173,2,6,-4
103900174,27,26,1
103900175,18,20,-2
103900176,6,4,2
103900177,2,32,-30
103900178,15,53,-38
103900179,9,98,-89
103900180,5,92,-87
103900181,45,14,31
103900182,19,7,12
103900184,384,18,366
103900185,136,68,68
103900187,60,18,42
103900188,28,2,26
103900189,38,0,38
103900190,10,38,-28
103900191,9,23,-14
103900192,8,30,-22
103900193,90,37,53
103900194,11,214,-203
103900195,0,25,-25
103900196,6,17,-11
103900197,2,13,-11
103900198,6,23,-17
103900199,56,76,-20
103900200,85,83,2
103900201,23,103,-80
103900202,2,36,-34
103900203,2,10,-8
103900204,1,95,-94
103900207,0,100,-100
103900208,15,0,15
103900209,2,65,-63
103900210,9,18,-9
103900211,202,409,-207
103900212,45,362,-317
103900213,94,214,-120
103900214,130,73,57
103900215,641,202,439
103900216,5,337,-332
103900217,195,21,174
103900218,1,139,-138
103900219,21,224,-203
103900233,18,4,14
103900235,10,5,5
103900236,8,1,7
103900242,4,3,1
103900243,6,3,3
103900244,21,190,-169
103900245,35,160,-125
103900246,27,19,8
103900247,16,84,-68
103900248,2,17,-15
103900249,5,21,-16
103900250,20,10,10
103900251,0,14,-14
103900253,4,22,-18
103900254,2,4,-2
103900255,13,5,8
103900256,12,9,3
103900257,69,45,24
103900258,4,1,3
103900259,64,3,61
103900261,16,4,12
103900262,12,2,10
103900263,42,25,17
103900264,51,6,45
103900265,31,3,28
103900266,0,21,-21
103900267,0,52,-52
103900268,3,86,-83
103900269,48,22,26
103900270,9,92,-83
103900271,25,152,-127
103900272,53,70,-17
103900273,3,36,-33
103900274,11,6,5
103900275,13,2,11
103900276,3,70,-67
103900277,1,68,-67
103900278,24,36,-12
103900279,0,8,-8
103900280,0,109,-109
104000001,1509,1662,-153
104000002,976,1812,-836
104000003,1584,1916,-332
104000004,2669,1868,801
104000005,599,1537,-938
104000006,1959,2350,-391
104000007,2914,2898,16
104000008,201,532,-331
104000009,85,131,-46
104000010,99,164,-65
104000011,538,403,135
104000012,120,424,-304
104000013,76,82,-6
104000014,164,540,-376
104000015,143,149,-6
104000016,342,328,14
104000018,351,101,250
104000019,273,74,199
104000020,119,818,-699
104000021,256,597,-341
104000022,112,333,-221
104000023,276,255,21
104000024,190,263,-73
104000026,44,212,-168
104000027,162,377,-215
104000028,190,239,-49
104000029,376,541,-165
104000030,123,224,-101
104000031,452,204,248
104000032,141,360,-219
104000033,282,331,-49
104000034,195,405,-210
104000035,410,368,42
104000036,311,461,-150
104000037,135,254,-119
104000038,135,248,-113
104000039,93,379,-286
104000040,424,419,5
104000041,279,252,27
104000042,149,368,-219
104000043,187,356,-169
104000044,170,705,-535
104000045,509,985,-476
104000046,1148,1190,-42
104000047,428,1151,-723
104000048,789,1792,-1003
104000049,213,271,-58
104000050,100,395,-295
104000051,77,548,-471
104000052,692,997,-305
104000053,540,556,-16
104000054,280,527,-247
104000055,3242,2382,860
104000056,1123,130,993
104000057,73,418,-345
104000058,353,545,-192
104000059,235,798,-563
104000060,358,755,-397
104000061,663,999,-336
104000062,122,149,-27
104000064,542,172,370
104000065,64,244,-180
104000069,1219,480,739
104000070,28,206,-178
104000071,84,245,-161
104000072,461,160,301
104000075,22,137,-115
104000076,284,32,252
104000082,1593,1755,-162
104000083,593,146,447
104000084,84,353,-269
104000085,199,155,44
104000086,99,351,-252
104000087,316,645,-329
104000090,496,1341,-845
104000092,360,2323,-1963
104000094,542,1775,-1233
104000095,925,1057,-132
104000096,617,276,341
104000097,789,957,-168
104000098,871,1131,-260
104000100,736,545,191
104000101,603,1993,-1390
104000106,42,424,-382
104000107,435,508,-73
104000108,207,360,-153
104000109,141,47,94
104000110,605,641,-36
104000111,4046,1116,2930
104000112,1871,429,1442
104000116,5,1057,-1052
104000117,62,761,-699
104000118,167,196,-29
104000119,220,157,63
104000120,96,768,-672
104000121,120,544,-424
104000122,360,583,-223
104000123,772,1344,-572
104000124,1269,2509,-1240
104000125,3663,2055,1608
104000126,174,338,-164
104000127,1388,3845,-2457
104000128,667,408,259
104000129,340,21,319
104000130,10,169,-159
104000131,857,672,185
104000132,624,846,-222
104000133,784,634,150
104000134,606,1091,-485
104000135,291,618,-327
104000136,651,1392,-741
104000137,1463,191,1272
104000138,909,318,591
104000139,7131,2371,4760
104000141,1072,1471,-399
104000142,545,925,-380
104000143,317,733,-416
104000144,54,185,-131
104000145,260,117,143
104000146,355,520,-165
104000147,61,319,-258
104000148,128,116,12
104000149,183,349,-166
104000150,327,328,-1
104000151,191,599,-408
104000152,353,628,-275
104000153,207,289,-82
104000154,864,530,334
104000155,208,409,-201
104000157,915,1383,-468
104000158,125,148,-23
104000159,346,224,122
104000160,1221,867,354
104000161,131,115,16
104000162,24,75,-51
104000165,1064,797,267
104000167,340,411,-71
104000168,377,1,376
104000169,24,29,-5
104000170,740,214,526
104000248,132,598,-466
104000251,29,373,-344
104000272,0,0,0
104000273,0,0,0
104000274,0,0,0
104000275,0,0,0
104000279,553,458,95
104000290,35,292,-257
104000291,595,819,-224
104000293,479,512,-33
104000294,3,0,3
104000295,310,533,-223
104000296,201,655,-454
104000297,631,1156,-525
104000298,1500,774,726
104000299,372,970,-598
104900001,52,251,-199
104900002,32,55,-23
104900003,18,305,-287
104900004,46,258,-212
104900005,80,141,-61
104900006,53,86,-33
104900007,100,138,-38
104900009,53,414,-361
104900010,11,4,7
104900011,1,2,-1
104900012,99,9,90
104900013,34,5,29
104900014,3485,264,3221
104900015,93,3,90
104900016,73,218,-145
104900017,47,80,-33
104900018,2,159,-157
104900019,220,796,-576
104900020,16,219,-203
104900021,1,236,-235
104900022,15,128,-113
104900023,1,143,-142
104900024,9,76,-67
104900025,30,261,-231
104900026,2,101,-99
104900027,168,144,24
104900028,10,90,-80
104900029,16,59,-43
104900030,183,99,84
104900031,101,163,-62
104900032,25,125,-100
104900033,59,129,-70
104900034,123,58,65
104900035,98,65,33
104900036,80,39,41
104900037,76,222,-146
104900038,349,143,206
104900039,638,130,508
104900040,154,50,104
104900041,91,72,19
104900042,54,299,-245
104900043,7,24,-17
104900044,194,104,90
104900045,210,30,180
104900046,30,60,-30
104900047,110,96,14
104900048,83,60,23
104900049,6,7,-1
104900050,59,39,20
104900051,83,28,55
104900052,19,0,19
104900053,181,29,152
104900054,47,26,21
104900055,21,0,21
104900056,41,3,38
104900057,2,0,2
104900058,167,94,73
104900059,26,48,-22
104900060,1,279,-278
104900061,186,514,-328
104900063,0,70,-70
104900064,0,72,-72
104900065,0,93,-93
104900066,1,131,-130
104900067,1,173,-172
104900068,3,176,-173
104900070,47,260,-213
104900071,1,599,-598
104900072,14,168,-154
104900073,10,173,-163
104900074,24,166,-142
104900075,16,31,-15
104900076,36,343,-307
104900077,736,43,693
104900078,115,647,-532
104900079,58,132,-74
104900080,19,445,-426
104900082,9,253,-244
104900085,1,209,-208
104900087,137,2,135
104900089,81,0,81
104900090,199,359,-160
104900091,274,734,-460
104900093,148,367,-219
104900097,2179,845,1334
104900098,19,35,-16
104900099,138,265,-127
104900100,502,94,408
104900102,7,152,-145
104900103,268,44,224
104900104,2389,658,1731
104900106,36,93,-57
104900107,25,276,-251
104900108,4,218,-214
104900109,37,52,-15
104900110,0,25,-25
104900111,96,64,32
104900112,99,771,-672
104900113,342,322,20
104900114,134,562,-428
104900115,282,417,-135
104900116,59,282,-223
104900118,3,43,-40
104900119,1,31,-30
104900120,104,36,68
104900121,0,98,-98
104900122,0,70,-70
104900123,3,4,-1
104900124,15,0,15
104900125,274,2,272
104900126,43,27,16
104900127,7,16,-9
104900128,39,123,-84
104900129,1740,559,1181
105000001,1488,1348,140
105000002,1367,1392,-25
105000003,1936,2954,-1018
105000004,299,738,-439
105000005,374,919,-545
105000006,602,1113,-511
105000007,602,946,-344
105000008,455,1175,-720
105000009,845,1844,-999
105000010,2372,1841,531
105000011,1067,1348,-281
105000012,2833,2391,442
105000013,430,721,-291
105000014,815,1215,-400
105000015,4262,3168,1094
105000016,2258,1174,1084
105000017,1278,789,489
105000018,1028,590,438
105000019,1212,823,389
105000020,124,198,-74
105000021,177,112,65
105000022,72,25,47
105000023,184,198,-14
105000028,32,99,-67
105000029,216,544,-328
105000030,2771,2617,154
105000033,712,1577,-865
105000034,55,295,-240
105000037,408,395,13
105000038,785,712,73
105000039,2280,1231,1049
105000040,238,425,-187
105000041,283,884,-601
105000042,1142,655,487
105000043,1535,1396,139
105000044,176,217,-41
105000045,145,598,-453
105000046,343,231,112
105000047,288,967,-679
105000048,259,121,138
105000049,157,513,-356
105000050,284,301,-17
105000051,154,389,-235
105000052,188,626,-438
105000053,86,133,-47
105000054,92,602,-510
105000055,182,251,-69
105000056,395,1653,-1258
105000057,664,707,-43
105000058,871,1028,-157
105000059,313,333,-20
105000060,291,501,-210
105000061,232,310,-78
105000062,553,930,-377
105000063,228,569,-341
105000064,520,412,108
105000065,300,870,-570
105000066,669,1672,-1003
105000067,528,335,193
105000068,353,721,-368
105000069,2205,428,1777
105000070,646,572,74
105000071,135,344,-209
105000072,594,736,-142
105000073,416,366,50
105000074,669,719,-50
105000075,324,625,-301
105000076,884,798,86
105000077,1345,490,855
105000078,1174,729,445
105000079,1383,1340,43
105000080,1092,557,535
105000081,675,491,184
105000082,345,302,43
105000083,632,404,228
105000084,353,929,-576
105000085,691,569,122
105000086,403,644,-241
105000087,1613,1380,233
105000088,923,855,68
105000089,1957,1599,358
105000090,742,667,75
105000091,1696,1415,281
105000092,463,903,-440
105000093,239,152,87
105000094,159,149,10
105000095,52,310,-258
105000096,660,466,194
105000097,914,549,365
105000098,371,325,46
105000099,594,775,-181
105000100,423,893,-470
105000101,1073,1429,-356
105000102,633,1185,-552
105000103,782,1392,-610
105000104,769,674,95
105000105,490,1172,-682
105000106,518,938,-420
105000107,426,660,-234
105000108,646,1395,-749
105000109,624,1032,-408
105000110,391,630,-239
105000111,325,394,-69
105000112,644,709,-65
105000113,310,368,-58
105000114,2688,738,1950
105000115,263,489,-226
105000116,323,317,6
105000117,435,1090,-655
105000118,133,228,-95
105000119,229,1028,-799
105000120,317,435,-118
105000121,504,867,-363
105000122,149,259,-110
105000123,719,1066,-347
105000124,745,664,81
105000125,375,1160,-785
105000126,1072,1513,-441
105000127,1242,1256,-14
105000128,162,1123,-961
105000129,432,224,208
105000130,61,587,-526
105000131,360,254,106
105000132,319,220,99
105000133,176,821,-645
105000134,205,387,-182
105000135,255,544,-289
105000136,75,237,-162
105000137,221,184,37
105000138,251,256,-5
105000139,576,755,-179
105000140,148,396,-248
105000141,133,392,-259
105000142,63,410,-347
105000143,77,463,-386
105000144,181,429,-248
105000145,228,349,-121
105000146,313,420,-107
105000147,221,239,-18
105000148,708,487,221
105000149,889,1117,-228
105000150,1556,931,625
105000151,239,215,24
105000152,136,581,-445
105000153,298,263,35
105000154,494,687,-193
105000155,181,301,-120
105000156,520,732,-212
105000157,781,1516,-735
105000158,1177,573,604
105000159,265,1012,-747
105000160,849,418,431
105000161,409,1586,-1177
105000162,241,910,-669
105000163,1016,927,89
105000164,157,227,-70
105000165,1088,2327,-1239
105000166,6219,205,6014
105000167,2051,821,1230
105000168,128,707,-579
105000169,158,351,-193
105000170,48,879,-831
105000171,696,178,518
105000172,34,31,3
105000173,27,14,13
105000174,6,14,-8
105000175,42,92,-50
105000176,50,48,2
105000177,50,99,-49
105000178,36,334,-298
105000179,71,61,10
105000180,54,77,-23
105000181,23,233,-210
105000182,20,35,-15
105000183,1736,818,918
105000184,817,406,411
105000185,571,370,201
105000186,291,608,-317
105000187,325,201,124
105000188,94,52,42
105000189,68,369,-301
105000190,97,221,-124
105000191,151,320,-169
105000192,88,47,41
105000193,41,62,-21
105000194,110,67,43
105000195,169,787,-618
105000196,17,50,-33
105000197,166,608,-442
105000198,313,185,128
105000199,108,101,7
105000200,70,216,-146
105000201,62,33,29
105000203,8,237,-229
105000204,45,73,-28
105000205,79,173,-94
105000207,478,152,326
105000208,172,198,-26
105000209,137,350,-213
105000212,515,1040,-525
105000213,188,104,84
105000214,34,144,-110
105000215,69,213,-144
105000216,31,234,-203
105000217,103,297,-194
105000218,368,744,-376
105000221,92,200,-108
105000222,17,33,-16
105000223,70,143,-73
105000226,10,219,-209
105000227,17,108,-91
105000228,108,451,-343
105000229,44,157,-113
105000231,113,176,-63
105000233,260,402,-142
105000234,316,799,-483
105000235,182,318,-136
105000237,333,34,299
105000243,21,30,-9
105000248,50,29,21
105000262,108,1322,-1214
105000269,35,91,-56
105000270,138,71,67
105000271,0,239,-239
105000282,63,39,24
105000287,220,76,144
105000288,147,250,-103
105000289,507,475,32
105000290,6,3,3
105000402,3355,894,2461
105000426,244,345,-101
105000438,392,366,26
105000446,7866,2947,4919
105000447,4481,1921,2560
105000454,97,752,-655
105000455,209,135,74
105000474,10,3,7
105000477,85,240,-155
105000478,655,1141,-486
105000479,69,96,-27
105000480,1011,1254,-243
105000481,1267,1328,-61
105000482,2939,1918,1021
105000483,674,848,-174
105000484,1693,1783,-90
105000485,652,832,-180
105000486,2266,1600,666
105000488,1826,1783,43
105000489,402,467,-65
105000549,12,82,-70
105000550,330,786,-456
105000551,11,58,-47
105000552,2709,1377,1332
105000555,448,436,12
105000556,6,6,0
105000557,2,41,-39
105900001,2,602,-600
105900002,1100,172,928
105900003,4,69,-65
105900004,217,77,140
105900005,0,135,-135
105900006,1,18,-17
105900007,15,6,9
105900008,30,533,-503
105900009,2,12,-10
105900011,34,34,0
105900012,151,130,21
105900013,1,16,-15
105900014,5,58,-53
105900015,51,269,-218
105900016,85,493,-408
105900017,270,25,245
105900018,132,209,-77
105900019,39,364,-325
105900020,20,52,-32
105900021,9,231,-222
105900022,100,237,-137
105900023,0,55,-55
105900024,0,75,-75
105900025,13,16,-3
105900026,103,31,72
105900027,2666,1279,1387
105900028,9,72,-63
105900029,1380,184,1196
105900030,87,220,-133
105900031,238,139,99
105900032,31,99,-68
105900033,54,66,-12
105900034,63,127,-64
105900035,81,93,-12
105900036,18,105,-87
105900037,52,59,-7
105900038,71,197,-126
105900039,36,122,-86
105900040,51,68,-17
105900041,98,246,-148
105900042,16,71,-55
105900043,1288,37,1251
105900044,3,117,-114
105900045,1,285,-284
105900046,4,122,-118
105900047,2,16,-14
105900048,42,242,-200
105900050,717,176,541
105900051,3,744,-741
105900052,166,29,137
105900053,2357,574,1783
105900054,138,197,-59
105900056,562,83,479
105900057,5,71,-66
105900058,5,28,-23
105900059,0,25,-25
106000001,2816,899,1917
106000002,1981,2749,-768
106000003,1985,1739,246
106000004,1900,1771,129
106000005,1489,3418,-1929
106000006,4059,3498,561
106000007,335,330,5
106000008,254,192,62
106000009,285,205,80
106000010,300,455,-155
106000011,457,570,-113
106000012,382,1357,-975
106000013,932,1170,-238
106000014,1451,1578,-127
106000015,750,700,50
106000016,796,1892,-1096
106000017,530,562,-32
106000018,450,540,-90
106000019,247,296,-49
106000020,173,401,-228
106000021,175,331,-156
106000022,220,320,-100
106000023,330,261,69
106000024,388,745,-357
106000025,57,133,-76
106000026,143,293,-150
106000027,542,1018,-476
106000028,287,649,-362
106000029,592,1193,-601
106000030,611,200,411
106000034,78,410,-332
106000035,463,642,-179
106000036,236,282,-46
106000037,1065,1173,-108
106000038,371,61,310
106000039,94,34,60
106000040,108,484,-376
106000041,568,171,397
106000043,386,80,306
106000046,149,21,128
106000047,24,220,-196
106000049,367,56,311
106000050,181,583,-402
106000051,255,240,15
106000052,28,553,-525
106000053,110,73,37
106000054,196,348,-152
106000055,312,572,-260
106000056,211,464,-253
106000057,138,177,-39
106000058,107,148,-41
106000059,101,183,-82
106000060,327,534,-207
106000061,100,260,-160
106000062,133,495,-362
106000063,316,234,82
106000064,26,280,-254
106000065,196,125,71
106000066,93,293,-200
106000067,106,69,37
106000068,51,458,-407
106000069,96,53,43
106000070,218,567,-349
106000071,433,248,185
106000072,3396,998,2398
106000073,1373,1547,-174
106000074,212,450,-238
106000075,201,706,-505
106000076,926,1033,-107
106000077,2154,975,1179
106000078,348,739,-391
106000079,382,785,-403
106000080,633,701,-68
106000081,286,792,-506
106000082,1692,785,907
106000083,262,840,-578
106000084,723,504,219
106000085,1041,741,300
106000086,433,483,-50
106000087,638,401,237
106000088,272,580,-308
106000089,465,374,91
106000090,149,458,-309
106000091,201,524,-323
106000092,370,152,218
106000093,171,35,136
106000094,73,291,-218
106000095,244,1027,-783
106000096,396,561,-165
106000097,386,1255,-869
106000098,217,712,-495
106000099,130,719,-589
106000100,434,280,154
106000101,312,240,72
106000102,73,408,-335
106000103,106,475,-369
106000104,413,312,101
106000105,231,731,-500
106000106,251,358,-107
106000107,58,488,-430
106000108,140,286,-146
106000109,54,403,-349
106000110,108,235,-127
106000111,95,573,-478
106000112,90,246,-156
106000113,814,582,232
106000114,290,281,9
106000115,122,542,-420
106000116,115,188,-73
106000117,690,648,42
106000118,627,781,-154
106000119,1862,776,1086
106000120,473,511,-38
106000121,81,116,-35
106000122,47,242,-195
106000123,104,225,-121
106000124,22,227,-205
106000125,13,288,-275
106000126,61,203,-142
106000127,329,739,-410
106000128,259,320,-61
106000129,280,593,-313
106000130,310,341,-31
106000131,55,483,-428
106000132,694,102,592
106000133,3304,756,2548
106000134,555,445,110
106000135,183,698,-515
106000136,373,279,94
106000137,70,1287,-1217
106000138,362,40,322
106000139,22,116,-94
106000140,11,90,-79
106000141,35,174,-139
106000142,50,64,-14
106000143,12,150,-138
106000144,12,82,-70
106000145,57,308,-251
106000146,146,157,-11
106000147,238,345,-107
106000148,539,577,-38
106000149,353,332,21
106000150,263,1325,-1062
106000151,3451,572,2879
106000152,1111,669,442
106000153,51,949,-898
106000154,1143,169,974
106000155,36,132,-96
106000156,359,234,125
106000157,390,1222,-832
106000158,2546,472,2074
106000159,3737,753,2984
106000160,99,1288,-1189
106000161,872,349,523
106000162,70,475,-405
106000163,99,404,-305
106000164,109,251,-142
106000165,142,535,-393
106000166,247,177,70
106000167,159,1264,-1105
106000168,89,174,-85
106000169,71,701,-630
106000170,204,176,28
106000171,45,720,-675
106000172,1814,482,1332
106000173,569,1860,-1291
106000174,638,203,435
106000175,197,821,-624
106000176,544,375,169
106000177,278,1675,-1397
106000178,1723,928,795
106000179,752,1545,-793
106000180,598,1462,-864
106000181,263,1531,-1268
106000182,302,483,-181
106000183,382,803,-421
106000184,362,802,-440
106000185,315,679,-364
106000186,598,121,477
106000187,117,558,-441
106000188,0,1,-1
106000189,0,34,-34
106000190,3,2,1
106000191,285,116,169
106000192,1,26,-25
106000193,96,96,0
106000194,56,168,-112
106000195,77,49,28
106000196,20,170,-150
106000197,116,181,-65
106000198,31,175,-144
106000199,535,245,290
106000200,354,108,246
106000201,313,734,-421
106000202,5076,449,4627
106000203,183,114,69
106000204,30,3,27
106000205,7,104,-97
106000206,31,16,15
106000207,42,684,-642
106000208,379,48,331
106000209,644,130,514
106000210,141,1035,-894
106000211,280,1380,-1100
106000212,332,111,221
106000213,637,870,-233
106000214,1858,330,1528
106000215,141,363,-222
106000216,215,231,-16
106000217,203,438,-235
106000218,265,226,39
106000219,64,242,-178
106000220,219,183,36
106000221,49,187,-138
106000222,23,116,-93
106000223,77,94,-17
106000224,96,310,-214
106000225,40,52,-12
106000226,94,253,-159
106000228,16,117,-101
106000229,69,685,-616
106000231,275,79,196
106000232,48,394,-346
106000233,185,97,88
106000234,11,174,-163
106000235,74,39,35
106000236,23,37,-14
106000237,0,6,-6
106000238,1,4,-3
106000239,2,30,-28
106000240,8,3,5
106000241,10,570,-560
106000242,102,15,87
106000249,25,58,-33
106000250,22,300,-278
106000251,13,12,1
106000252,4,80,-76
106000253,12,24,-12
106000254,35,47,-12
106000255,7,61,-54
106000256,65,71,-6
106000257,149,232,-83
106000258,51,10,41
106000259,0,16,-16
106000260,6,11,-5
106000261,0,27,-27
106000262,6,8,-2
106000263,1,36,-35
106000264,142,0,142
106000265,3,81,-78
106000266,68,8,60
106000267,9,82,-73
106000268,302,5,297
106000269,41,47,-6
106000270,122,249,-127
106000271,23,131,-108
106000272,55,32,23
106000273,1,157,-156
106000274,135,22,113
106000275,91,106,-15
106000276,78,57,21
106000277,69,78,-9
106000278,119,31,88
106000279,16,48,-32
106000280,31,155,-124
106000281,77,74,3
106000282,37,45,-8
106000283,52,74,-22
106000284,31,98,-67
106000285,72,94,-22
106000286,24,114,-90
106000287,58,67,-9
106000288,52,119,-67
106000289,58,40,18
106000290,57,69,-12
106000291,34,71,-37
106000292,67,117,-50
106000293,44,69,-25
106000294,50,115,-65
106000295,16,39,-23
106000296,50,94,-44
106000297,43,143,-100
106000298,111,39,72
106000299,53,123,-70
106000300,52,63,-11
106000301,42,88,-46
106000303,4,31,-27
106000304,39,31,8
106000305,13,16,-3
106000306,23,58,-35
106000307,9,2,7
106000308,12,95,-83
106000309,12,57,-45
106000310,98,495,-397
106000311,144,57,87
106000312,45,159,-114
106000313,93,160,-67
106000318,119,118,1
106000319,269,22,247
106000320,0,53,-53
106000321,149,46,103
106000322,53,171,-118
106000324,10,132,-122
106000325,701,607,94
106000326,506,1432,-926
106000327,54,182,-128
106000328,1,54,-53
106000329,24,177,-153
106000330,11,40,-29
106000428,25,202,-177
106000429,88,431,-343
106000430,147,1248,-1101
106000431,613,250,363
106000432,1202,1971,-769
106000433,984,600,384
106000434,1728,524,1204
106000435,1501,1891,-390
106000436,11,242,-231
106000437,56,51,5
106000438,120,64,56
106000439,37,549,-512
106000440,108,413,-305
106000441,0,1,-1
106000442,109,0,109
106000443,44,506,-462
106000450,2,176,-174
106000451,10,21,-11
106000454,8,37,-29
106000455,2,127,-125
106000456,111,14,97
106000457,3,852,-849
106000458,176,159,17
106000459,30,314,-284
106000460,381,17,364
106000461,15,1499,-1484
106000462,0,5,-5
106000463,1,34,-33
106000464,5,431,-426
106000465,85,1,84
106000466,0,558,-558
106000467,382,395,-13
106000468,56,140,-84
106000469,218,3,215
106000470,164,1001,-837
106000471,22,452,-430
106000472,41,4,37
106000473,5,12,-7
106000474,178,582,-404
106000475,183,99,84
106000476,145,121,24
106000477,20,134,-114
106000480,0,56,-56
106900001,0,15,-15
106900002,4,492,-488
106900003,153,576,-423
106900004,0,48,-48
106900006,0,16,-16
106900007,0,8,-8
106900008,82,203,-121
106900009,45,351,-306
106900010,117,218,-101
106900012,1366,686,680
106900013,140,26,114
106900014,11,1,10
106900015,4,0,4
106900016,74,2,72
106900017,0,0,0
106900018,0,0,0
106900019,12,0,12
106900020,2041,452,1589
106900021,13,20,-7
106900022,119,1,118
106900023,13,223,-210
106900024,141,13,128
106900025,32,453,-421
106900026,3,704,-701
106900027,191,1,190
107000001,1184,1102,82
107000002,1782,2434,-652
107000003,2311,2935,-624
107000004,3543,4451,-908
107000005,1078,2351,-1273
107000006,2205,5058,-2853
107000007,3200,3529,-329
107000008,14251,8416,5835
107000009,2832,2950,-118
107000010,7540,8921,-1381
107000011,774,908,-134
107000012,2972,2774,198
107000013,33,114,-81
107000014,9,184,-175
107000015,240,664,-424
107000016,231,996,-765
107000017,1117,496,621
107000018,1,155,-154
107000020,599,213,386
107000021,505,607,-102
107000022,388,825,-437
107000023,800,263,537
107000024,294,1523,-1229
107000025,91,277,-186
107000026,137,573,-436
107000027,752,538,214
107000028,756,1202,-446
107000029,923,990,-67
107000030,2257,2351,-94
107000031,1634,1207,427
107000032,166,657,-491
107000033,2497,2337,160
107000034,3230,1378,1852
107000035,206,99,107
107000036,261,714,-453
107000037,44,395,-351
107000038,151,188,-37
107000039,306,334,-28
107000040,86,209,-123
107000041,841,384,457
107000042,525,1208,-683
107000043,2096,582,1514
107000044,528,295,233
107000045,81,257,-176
107000046,262,225,37
107000047,170,723,-553
107000048,245,221,24
107000049,434,606,-172
107000050,442,347,95
107000051,374,228,146
107000052,842,471,371
107000053,251,97,154
107000054,57,196,-139
107000055,205,126,79
107000056,338,579,-241
107000057,1446,161,1285
107000058,1006,1320,-314
107000059,1679,2353,-674
107000060,1988,2955,-967
107000061,3806,2809,997
107000062,1539,1838,-299
107000063,2631,4722,-2091
107000064,1736,1199,537
107000065,2337,4183,-1846
107000066,796,1170,-374
107000067,413,643,-230
107000068,1003,434,569
107000069,352,228,124
107000070,205,2,203
107000071,907,8,899
107000072,25,3068,-3043
107000073,156,128,28
107000074,86,666,-580
107000075,639,194,445
107000076,470,1433,-963
107000077,1245,402,843
107000078,1263,2572,-1309
107000079,1024,297,727
107000080,723,2486,-1763
107000081,544,259,285
107000082,344,2245,-1901
107000083,432,203,229
107000084,285,2011,-1726
107000085,2010,2015,-5
107000086,2833,1899,934
107000087,1633,1280,353
107000088,1944,2110,-166
107000089,953,1224,-271
107000090,672,828,-156
107000091,642,720,-78
107000092,457,890,-433
107000093,590,576,14
107000094,596,1065,-469
107000095,294,510,-216
107000096,349,729,-380
107000097,256,256,0
107000098,202,724,-522
107000099,203,163,40
107000100,198,241,-43
107000101,47,121,-74
107000102,260,317,-57
107000103,229,126,103
107000104,224,277,-53
107000105,168,58,110
107000106,120,310,-190
107000107,186,128,58
107000108,56,754,-698
107000109,207,56,151
107000110,51,379,-328
107000111,76,21,55
107000112,27,318,-291
107000113,201,67,134
107000114,35,613,-578
107000115,169,54,115
107000116,54,826,-772
107000117,164,140,24
107000118,145,240,-95
107000119,1414,654,760
107000120,1925,264,1661
107000121,293,627,-334
107000122,634,651,-17
107000123,178,676,-498
107000124,299,699,-400
107000125,236,735,-499
107000126,345,965,-620
107000129,73,853,-780
107000130,132,125,7
107000131,181,591,-410
107000132,227,219,8
107000133,567,81,486
107000134,184,0,184
107000135,1,142,-141
107000136,357,3,354
107000137,17,272,-255
107000138,239,11,228
107000139,7,240,-233
107000140,354,19,335
107000141,62,491,-429
107000142,173,34,139
107000143,23,776,-753
107000144,177,209,-32
107000145,71,528,-457
107000146,100,123,-23
107000147,3262,760,2502
107000150,642,838,-196
107000151,13,25,-12
107000152,385,319,66
107000153,249,190,59
107000154,125,53,72
107000155,214,2,212
107000156,439,1,438
107000157,15,2046,-2031
107000158,301,8,293
107000159,33,1284,-1251
107000160,304,51,253
107000161,44,1467,-1423
107000162,98,133,-35
107000163,7,2,5
107000164,89,0,89
107000165,235,0,235
107000166,64,1075,-1011
107000167,212,197,15
107000168,392,189,203
107000169,810,826,-16
107000170,607,299,308
107000171,402,2491,-2089
107000172,349,421,-72
107000173,510,946,-436
107000174,631,1289,-658
107000175,8001,1114,6887
107000176,0,0,0
107000177,4,0,4
107000178,0,27,-27
107000179,141,2703,-2562
107000180,467,263,204
107000181,161,1178,-1017
107000182,604,623,-19
107000183,70,828,-758
107000184,406,599,-193
107000185,176,1056,-880
107000186,303,206,97
107000187,714,732,-18
107000188,317,305,12
107000189,184,580,-396
107000190,223,525,-302
107000191,362,875,-513
107000192,843,705,138
107000193,285,232,53
107000194,708,573,135
107000197,317,145,172
107000198,142,616,-474
107000199,439,546,-107
107000200,789,370,419
107000201,237,176,61
107000202,120,287,-167
107000203,444,358,86
107000204,388,566,-178
107000205,2033,756,1277
107000206,500,579,-79
107000207,552,677,-125
107000208,957,192,765
107000209,1531,379,1152
107000210,1127,169,958
107000211,12,9,3
107000212,10,147,-137
107000213,14,16,-2
107000214,3,115,-112
107000215,158,347,-189
107000216,101,329,-228
107000217,60,100,-40
107000219,37,126,-89
107000220,58,240,-182
107000222,164,473,-309
107000224,202,27,175
107000225,122,541,-419
107000226,118,51,67
107000227,64,389,-325
107000228,36,80,-44
107000229,141,82,59
107000230,709,459,250
107000231,480,262,218
107000232,48,31,17
107000233,474,183,291
107000234,3,17,-14
107000235,30,8,22
107000236,14,213,-199
107000237,2,0,2
107000238,15,2,13
107000239,3775,245,3530
107000240,23,855,-832
107000243,0,35,-35
107000244,8,69,-61
107000246,1,959,-958
107000249,1,752,-751
107000251,1,190,-189
107000252,1,960,-959
107000255,516,57,459
107000257,5,468,-463
107000258,1,126,-125
107000259,3,195,-192
107000260,153,2,151
107000262,6,746,-740
107000263,131,3,128
107000266,4,1,3
107000267,34,130,-96
107000268,137,143,-6
107000269,119,23,96
107000270,1,11,-10
107000271,3,761,-758
107000272,3,163,-160
107000273,1,192,-191
107000274,202,118,84
107000275,12,355,-343
107000280,198,6,192
107000281,10,887,-877
107000282,12,1053,-1041
107000290,4,31,-27
107000291,5,5,0
107000292,1,14,-13
107000293,34,2,32
107000294,0,43,-43
107000295,5,0,5
107000296,0,8,-8
107000444,84,3,81
107000496,0,9,-9
107000497,791,2653,-1862
107000500,213,266,-53
107000501,31,160,-129
107000502,127,321,-194
107000505,499,629,-130
107000506,0,15,-15
107000508,4,537,-533
107000509,134,478,-344
107000510,11,23,-12
107000514,4,167,-163
107000515,3,266,-263
107000516,91,106,-15
107000518,414,300,114
107000519,2849,784,2065
107000520,32,3,29
107000521,209,330,-121
107000522,250,644,-394
107900001,17,235,-218
107900002,21,0,21
107900003,95,1,94
107900004,11,0,11
107900005,217,0,217
107900006,19,0,19
107900007,93,14,79
107900008,8,20,-12
107900009,38,5,33
107900010,4,2,2
107900012,153,4,149
107900013,162,33,129
107900014,6,2,4
107900015,168,0,168
107900016,371,58,313
107900017,9,0,9
107900018,22,31,-9
107900019,9,77,-68
107900020,34,5,29
107900021,9,96,-87
107900023,1,1,0
107900024,0,25,-25
107900025,187,271,-84
107900026,10,103,-93
107900027,1,26,-25
107900028,10,47,-37
107900030,80,4,76
107900031,39,202,-163
107900032,2,0,2
107900033,4,5,-1
107900034,146,3,143
107900035,234,8,226
107900036,10,2,8
107900037,0,25,-25
107900038,100,68,32
107900039,9,42,-33
107900040,32,13,19
107900041,0,0,0
107900043,19,98,-79
107900044,0,1,-1
107900045,16,13,3
107900046,47,21,26
107900047,9,46,-37
107900048,41,6,35
107900049,214,193,21
107900050,68,233,-165
107900051,26,55,-29
107900052,2,7,-5
107900053,10,58,-48
107900055,215,122,93
107900056,24,9,15
107900057,1,0,1
107900058,16,558,-542
107900060,0,37,-37
107900061,15,5,10
107900063,80,69,11
107900064,163,23,140
107900065,28,10,18
107900066,3,8,-5
107900067,0,0,0
107900068,79,236,-157
107900069,21,383,-362
107900070,10,2,8
107900071,10,771,-761
107900072,23,125,-102
107900073,37,83,-46
107900074,832,86,746
107900076,68,53,15
107900077,19,2,17
107900079,3,3,0
107900080,58,112,-54
107900081,8,70,-62
107900082,5,4,1
107900083,104,71,33
107900084,40,68,-28
107900086,35,67,-32
107900087,218,31,187
107900088,7,2,5
107900089,216,628,-412
107900090,247,461,-214
107900091,95,327,-232
107900092,0,0,0
107900093,28,36,-8
107900095,2007,673,1334
107900097,6,42,-36
107900098,43,116,-73
107900100,670,319,351
107900101,771,84,687
107900102,22,1,21
107900103,18,135,-117
107900104,62,1,61
107900105,1,339,-338
107900106,0,1204,-1204
107900107,777,140,637
107900108,141,41,100
107900109,304,2,302
107900110,5,60,-55
107900111,6,985,-979
107900112,77,188,-111
107900113,56,52,4
107900114,46,204,-158
107900115,0,32,-32
107900116,21,195,-174
107900117,156,263,-107
107900118,46,111,-65
107900119,21,37,-16
107900120,33,5,28
107900121,1,83,-82
107900122,1,47,-46
107900123,0,12,-12
107900124,0,19,-19
107900125,36,127,-91
107900126,0,15,-15
107900127,287,66,221
107900128,55,30,25
107900129,12,22,-10
107900130,16,12,4
107900131,127,21,106
107900132,43,281,-238
107900133,1,45,-44
107900134,10,11,-1
107900135,3,140,-137
107900136,42,10,32
107900137,35,49,-14
107900138,13,16,-3
107900139,3,28,-25
107900141,50,0,50
107900142,34,697,-663
107900143,11,9,2
107900144,2,131,-129
107900145,7,92,-85
107900146,20,50,-30
107900147,21,10,11
107900148,86,103,-17
107900149,1215,66,1149
107900150,42,461,-419
107900151,6,83,-77
107900152,5,207,-202
107900153,94,108,-14
107900154,5,5,0
107900155,6,18,-12
107900156,1,371,-370
107900157,23,90,-67
107900158,121,2,119
107900159,27,762,-735
107900160,19,152,-133
107900161,4,166,-162
107900162,1,53,-52
107900163,29,5,24
107900164,0,9,-9
107900165,2,39,-37
107900166,5,215,-210
107900167,8,4,4
107900168,4,21,-17
107900169,0,120,-120
107900171,6,1293,-1287
107900172,1,268,-267
107900173,6,169,-163
107900174,37,4,33
107900175,1,8,-7
107900176,6,17,-11
107900177,1,49,-48
107900178,0,151,-151
107900179,1,71,-70
107900180,540,129,411
107900181,194,380,-186
107900182,7,1157,-1150
107900183,12,326,-314
107900184,28,164,-136
107900185,27,2,25
107900186,5,14,-9
107900187,0,65,-65
107900188,608,44,564
107900189,5,91,-86
107900190,82,18,64
107900191,21,112,-91
107900193,2,22,-20
107900194,166,2,164
107900195,2992,256,2736
107900196,16,38,-22
107900197,227,24,203
107900199,1,914,-913
107900201,31,113,-82
107900203,31,69,-38
107900204,163,154,9
107900206,148,138,10
107900207,1,589,-588
107900208,6,649,-643
107900209,232,61,171
107900210,27,55,-28
107900213,144,235,-91
107900214,1,136,-135
107900215,111,241,-130
107900216,83,45,38
107900217,7,26,-19
107900218,3,1103,-1100
107900219,9,79,-70
107900220,110,111,-1
107900221,115,187,-72
107900223,46,390,-344
107900224,100,210,-110
107900225,1,566,-565
107900226,31,92,-61
107900227,59,343,-284
107900228,9,89,-80
107900229,3,223,-220
107900230,5,83,-78
107900231,5,158,-153
107900232,8,188,-180
107900233,5,123,-118
107900234,39,143,-104
107900235,27,63,-36
107900236,30,63,-33
107900237,101,388,-287
107900238,8,77,-69
107900239,1024,279,745
107900240,3,115,-112
107900241,6,72,-66
107900242,7,287,-280
107900243,0,38,-38
107900244,85,3,82
107900245,97,19,78
107900246,27,1,26
107900248,57,398,-341
107900249,167,3,164
107900250,2,403,-401
107900251,21,848,-827
107900252,196,2,194
107900253,29,2,27
107900254,47,63,-16
107900255,242,30,212
107900256,176,297,-121
107900257,31,26,5
107900258,43,176,-133
107900259,52,354,-302
107900261,5,307,-302
107900262,18,89,-71
107900264,50,0,50
107900265,26,125,-99
107900267,55,7,48
107900268,27,5,22
107900269,0,3,-3
107900270,0,0,0
107900271,1,2,-1
107900272,83,7,76
107900273,13,50,-37
107900274,9,0,9
107900275,4,0,4
107900276,0,48,-48
107900277,1,156,-155
107900278,90,279,-189
107900279,103,66,37
107900280,1330,569,761
107900281,2158,563,1595
107900282,31,92,-61
107900283,905,273,632
107900284,59,622,-563
107900285,28,81,-53
107900286,58,41,17
107900287,67,59,8
107900290,2,37,-35
107900291,195,5,190
107900292,71,181,-110
107900293,39,443,-404
107900295,21,123,-102
107900297,0,202,-202
107900298,471,568,-97
107900299,3196,980,2216
107900300,12,69,-57
107900301,205,144,61
107900302,59,9,50
107900303,17,212,-195
107900304,57,422,-365
107900305,97,11,86
107900306,8,4,4
107900307,29,257,-228
107900308,118,26,92
107900309,4,0,4
107900310,0,0,0
107900311,78,49,29
107900312,0,0,0
107900313,0,33,-33
107900314,1,24,-23
107900315,0,37,-37
107900316,12,3,9
107900317,20,1,19
107900318,2,73,-71
107900319,1,160,-159
107900320,1,140,-139
107900321,33,2,31
107900322,0,180,-180
107900323,2,106,-104
107900324,61,0,61
107900325,32,0,32
107900326,67,261,-194
107900327,0,0,0
107900328,0,0,0
107900329,0,0,0
107900330,3,275,-272
107900331,46,29,17
107900332,46,11,35
107900333,34,8,26
107900334,7,190,-183
107900335,41,45,-4
107900336,6,20,-14
107900337,936,303,633
107900338,0,84,-84
107900339,2,10,-8
107900340,0,28,-28
107900341,8,2,6
107900342,59,97,-38
107900343,14,1,13
107900344,1,92,-91
107900345,19,7,12
107900346,6,1,5
107900347,11,1,10
107900348,0,2,-2
107900349,7,1,6
107900350,29,211,-182
107900351,1,156,-155
107900352,4,53,-49
107900353,5,4,1
107900354,3,57,-54
108000001,1503,2051,-548
108000002,1833,2619,-786
108000003,1986,1044,942
108000004,13311,12304,1007
108000005,2949,1948,1001
108000006,3638,4409,-771
108000007,2419,2178,241
108000008,3432,4630,-1198
108000009,1615,2067,-452
108000010,1829,3994,-2165
108000011,6439,5031,1408
108000012,13341,12352,989
108000014,403,331,72
108000015,315,226,89
108000016,162,574,-412
108000017,403,250,153
108000018,738,280,458
108000019,809,369,440
108000020,666,275,391
108000021,371,1199,-828
108000022,354,1024,-670
108000023,541,105,436
108000024,134,543,-409
108000025,102,144,-42
108000026,153,463,-310
108000027,181,481,-300
108000028,130,200,-70
108000029,171,612,-441
108000030,180,203,-23
108000031,154,427,-273
108000032,577,311,266
108000033,333,1004,-671
108000034,698,187,511
108000035,618,2029,-1411
108000036,207,1159,-952
108000037,820,224,596
108000038,1012,229,783
108000039,294,2075,-1781
108000040,807,415,392
108000041,505,2364,-1859
108000042,52,196,-144
108000043,104,248,-144
108000044,139,127,12
108000045,95,665,-570
108000046,598,167,431
108000047,195,804,-609
108000048,73,371,-298
108000049,255,119,136
108000050,103,489,-386
108000051,109,34,75
108000052,246,631,-385
108000053,160,71,89
108000054,321,686,-365
108000055,464,203,261
108000056,767,738,29
108000057,401,441,-40
108000058,1428,1563,-135
108000059,2853,1399,1454
108000060,75,250,-175
108000061,152,359,-207
108000062,312,216,96
108000063,253,502,-249
108000064,56,121,-65
108000065,208,397,-189
108000066,1082,470,612
108000067,782,258,524
108000068,400,264,136
108000069,118,975,-857
108000070,696,373,323
108000071,381,1578,-1197
108000072,643,626,17
108000073,888,1627,-739
108000074,131,255,-124
108000075,176,681,-505
108000076,274,328,-54
108000077,532,642,-110
108000078,965,738,227
108000079,746,1502,-756
108000080,332,313,19
108000081,238,2222,-1984
108000082,649,1265,-616
108000083,817,429,388
108000084,246,988,-742
108000085,244,159,85
108000086,592,733,-141
108000087,110,761,-651
108000088,208,64,144
108000089,135,144,-9
108000090,91,43,48
108000091,59,485,-426
108000092,59,60,-1
108000093,42,672,-630
108000094,256,64,192
108000095,77,398,-321
108000096,98,137,-39
108000097,63,470,-407
108000098,376,906,-530
108000099,246,114,132
108000100,33,179,-146
108000101,377,489,-112
108000102,785,1120,-335
108000106,410,2,408
108000107,1,526,-525
108000108,294,8,286
108000109,4,569,-565
108000110,70,173,-103
108000111,77,519,-442
108000112,46,64,-18
108000113,396,207,189
108000115,397,208,189
108000117,502,202,300
108000118,162,300,-138
108000119,660,391,269
108000120,65,352,-287
108000121,141,408,-267
108000122,145,200,-55
108000123,176,247,-71
108000124,98,408,-310
108000125,77,308,-231
108000126,55,586,-531
108000127,108,348,-240
108000128,186,702,-516
108000129,65,1257,-1192
108000130,85,216,-131
108000131,427,136,291
108000132,1093,897,196
108000133,318,304,14
108000134,434,558,-124
108000135,309,172,137
108000136,580,794,-214
108000137,127,255,-128
108000138,134,770,-636
108000139,101,285,-184
108000140,17,9,8
108000141,7,142,-135
108000142,27,81,-54
108000143,18,320,-302
108000144,46,23,23
108000145,14,18,-4
108000146,116,37,79
108000147,5,31,-26
108000148,45,26,19
108000149,9,13,-4
108000150,12,2,10
108000151,85,25,60
108000152,66,564,-498
108000153,129,52,77
108000154,35,10,25
108000155,18,6,12
108000156,466,178,288
108000157,53,257,-204
108000158,72,307,-235
108000159,574,97,477
108000160,4197,486,3711
108000161,3260,750,2510
108000165,1,76,-75
108000172,0,96,-96
108000173,2196,727,1469
108000175,125,47,78
108000178,284,253,31
108000179,180,355,-175
108000181,25,43,-18
108000182,228,29,199
108000183,29,167,-138
108000184,909,899,10
108000185,50,470,-420
108000186,40,302,-262
108000187,29,625,-596
108000188,106,205,-99
108000189,780,1164,-384
108000190,22,84,-62
108000192,36,538,-502
108000193,398,18,380
108000194,7,6,1
108000195,0,1014,-1014
108000196,59,93,-34
108000198,260,271,-11
108000199,0,86,-86
108000200,123,524,-401
108000203,24,732,-708
108000204,39,17,22
108000205,288,379,-91
108000339,1110,197,913
108000364,253,191,62
108000365,35,321,-286
108000367,93,245,-152
108000368,4,15,-11
108000369,1135,49,1086
108000371,6,509,-503
108000372,247,3,244
108000373,75,107,-32
108000376,43,13,30
108000377,190,241,-51
108000378,6466,5127,1339
108000379,22,113,-91
108000381,34,6,28
108000382,77,1,76
108000383,0,99,-99
108900001,75,902,-827
108900002,96,26,70
108900003,240,807,-567
108900004,2017,240,1777
108900005,6,32,-26
108900006,111,47,64
108900007,37,91,-54
108900008,51,110,-59
108900009,16,69,-53
108900010,52,100,-48
108900011,170,278,-108
108900012,72,394,-322
108900013,27,171,-144
108900014,1,48,-47
108900015,0,18,-18
108900016,0,194,-194
108900017,60,101,-41
108900018,36,435,-399
108900019,9,977,-968
108900020,27,262,-235
108900021,43,227,-184
108900022,33,4,29
108900023,0,28,-28
108900024,6,130,-124
108900025,24,88,-64
108900026,8,61,-53
108900027,0,98,-98
108900028,13,486,-473
108900029,21,224,-203
108900030,1,100,-99
108900031,24,532,-508
108900032,5,196,-191
108900033,0,56,-56
108900034,0,197,-197
108900035,144,1671,-1527
108900036,53,128,-75
108900037,4,167,-163
108900038,1,318,-317
108900039,5,466,-461
108900040,2,69,-67
108900041,4328,1263,3065
108900042,1,167,-166
108900043,30,420,-390
108900044,0,674,-674
108900045,12,513,-501
108900046,47,881,-834
108900047,1,50,-49
108900048,61,848,-787
108900049,4149,406,3743
108900050,0,260,-260
108900051,1,172,-171
108900052,10,255,-245
108900053,48,82,-34
108900054,25,160,-135
108900055,48,375,-327
108900056,0,188,-188
108900057,0,155,-155
108900058,11,397,-386
108900059,116,7,109
108900060,36,51,-15
108900061,18,12,6
108900062,3,248,-245
108900063,5,362,-357
108900064,30,33,-3
108900065,2,282,-280
108900066,68,64,4
108900067,9,186,-177
108900068,6,206,-200
108900069,41,110,-69
108900070,17,109,-92
108900071,64,38,26
108900072,1905,145,1760
108900073,9,432,-423
108900074,43,290,-247
108900075,37,84,-47
108900076,85,30,55
108900077,145,532,-387
108900078,11,150,-139
108900079,566,170,396
108900080,11,186,-175
108900081,36,203,-167
108900082,23,86,-63
108900083,4,79,-75
108900084,141,43,98
108900085,1745,81,1664
108900086,15,305,-290
108900087,66,131,-65
108900088,321,118,203
108900089,2,54,-52
108900090,9,404,-395
108900091,154,97,57
108900092,149,139,10
108900093,25,47,-22
108900094,86,42,44
108900095,28,663,-635
108900096,453,23,430
108900097,120,143,-23
108900098,2431,191,2240
108900099,157,227,-70
108900100,23,110,-87
108900101,71,47,24
108900102,76,304,-228
108900103,39,28,11
108900104,70,71,-1
108900105,8,318,-310
108900106,108,509,-401
108900108,130,16,114
108900109,92,24,68
108900110,58,392,-334
108900111,78,531,-453
108900112,18,8,10
108900113,12,15,-3
108900114,12,16,-4
108900115,30,47,-17
108900116,28,5,23
108900117,33,7,26
108900118,183,0,183
108900119,74,53,21
108900120,145,51,94
108900121,118,16,102
108900122,17,23,-6
108900123,37,12,25
108900124,178,81,97
108900125,78,1,77
108900126,29,3,26
108900127,36,6,30
108900128,28,12,16
108900129,276,52,224
108900130,67,0,67
108900131,102,1,101
108900132,137,58,79
108900133,86,49,37
108900134,83,149,-66
108900135,39,0,39
108900136,0,0,0
108900137,20,1,19
108900138,189,12,177
108900139,39,30,9
108900140,50,143,-93
108900141,61,4,57
108900142,31,0,31
108900143,11,0,11
108900144,28,0,28
108900145,65,1,64
108900146,11,0,11
108900147,45,0,45
108900148,65,18,47
108900149,158,99,59
108900150,93,2,91
108900151,14,0,14
108900152,21,7,14
108900153,38,436,-398
108900154,1670,224,1446
108900155,37,37,0
108900156,15,3,12
108900157,5,495,-490
108900158,48,17,31
108900159,3,292,-289
108900160,3,217,-214
108900161,2,364,-362
108900162,19,0,19
108900163,6,83,-77
108900164,17,68,-51
108900165,99,21,78
108900167,541,644,-103
108900168,8628,1159,7469
108900169,24,114,-90
108900171,4241,713,3528
108900172,127,19,108
108900173,174,286,-112
108900174,235,295,-60
108900176,80,566,-486
108900177,6772,1180,5592
108900178,4110,978,3132
108900179,116,224,-108
108900180,25,90,-65
108900182,11,40,-29
108900183,83,158,-75
108900184,84,88,-4
108900185,16,229,-213
108900186,4,248,-244
108900187,41,11,30
108900188,83,4,79
108900189,69,99,-30
108900190,14,2425,-2411
108900191,42,4,38
108900192,29,257,-228
108900193,36,10,26
108900194,2,110,-108
108900195,21,222,-201
108900196,10,391,-381
108900198,0,223,-223
108900199,66,207,-141
108900200,171,246,-75
108900201,117,771,-654
108900203,146,7,139
108900204,115,4,111
108900205,66,6,60
108900206,114,9,105
108900207,70,37,33
108900208,13,266,-253
108900209,135,408,-273
108900210,88,122,-34
108900211,83,179,-96
108900212,515,458,57
108900215,84,499,-415
108900216,277,38,239
108900217,34,0,34
108900218,42,5,37
108900219,25,0,25
108900220,11,6,5
108900221,26,49,-23
108900222,18,0,18
108900223,6,13,-7
108900224,26,67,-41
108900225,0,134,-134
108900227,48,51,-3
108900230,295,247,48
108900231,15,92,-77
108900232,2,363,-361
108900233,122,22,100
108900234,141,22,119
108900235,114,498,-384
108900236,15,339,-324
108900237,8,105,-97
108900240,29,47,-18
108900241,3,8,-5
108900245,0,314,-314
108900249,23,5,18
108900250,67,64,3
108900257,17,211,-194
108900258,10,225,-215
108900259,8,45,-37
108900260,2,80,-78
108900261,118,86,32
108900262,252,86,166
108900263,61,240,-179
108900264,260,191,69
108900265,1080,131,949
108900266,824,147,677
108900267,0,52,-52
108900268,6,6,0
108900269,19,5,14
108900270,17,3,14
108900271,2,4,-2
108900272,41,1,40
108900273,705,257,448
108900274,13,28,-15
109000001,2034,674,1360
109000002,2629,1133,1496
109000003,1345,386,959
109000004,415,2287,-1872
109000005,1105,612,493
109000006,455,1835,-1380
109000007,538,551,-13
109000008,293,1640,-1347
109000009,2074,718,1356
109000010,1247,2939,-1692
109000011,1236,985,251
109000012,1271,3408,-2137
109000013,1517,1074,443
109000014,830,2929,-2099
109000015,2092,2428,-336
109000016,8195,3357,4838
109000017,1152,672,480
109000018,508,2614,-2106
109000019,1443,769,674
109000020,1015,1802,-787
109000023,96,10,86
109000024,10,92,-82
109000025,260,204,56
109000026,414,175,239
109000027,51,173,-122
109000028,57,39,18
109000029,119,69,50
109000030,77,607,-530
109000031,81,56,25
109000032,46,468,-422
109000033,124,76,48
109000034,44,24,20
109000035,15,34,-19
109000036,52,269,-217
109000037,137,433,-296
109000038,313,217,96
109000039,376,189,187
109000040,4114,2059,2055
109000041,4176,709,3467
109000042,605,691,-86
109000044,109,60,49
109000045,49,306,-257
109000046,108,63,45
109000047,80,270,-190
109000048,546,71,475
109000049,170,381,-211
109000050,245,120,125
109000051,230,252,-22
109000052,202,1453,-1251
109000053,55,39,16
109000054,58,373,-315
109000055,45,107,-62
109000056,76,367,-291
109000057,134,121,13
109000058,413,109,304
109000059,296,582,-286
109000060,276,149,127
109000061,1087,259,828
109000062,52,148,-96
109000063,136,145,-9
109000064,66,117,-51
109000065,27,233,-206
109000066,154,63,91
109000067,23,261,-238
109000068,182,2,180
109000069,325,14,311
109000070,11,581,-570
109000071,156,57,99
109000072,43,225,-182
109000073,36,37,-1
109000074,23,153,-130
109000075,47,330,-283
109000076,38,130,-92
109000077,222,231,-9
109000078,23,67,-44
109000079,75,194,-119
109000080,59,75,-16
109000081,32,501,-469
109000082,183,268,-85
109000083,118,658,-540
109000088,87,334,-247
109000089,109,17,92
109000090,109,385,-276
109000091,124,41,83
109000092,295,473,-178
109000093,139,131,8
109000094,97,0,97
109000095,53,505,-452
109000096,231,79,152
109000097,49,76,-27
109000098,26,39,-13
109000099,390,220,170
109000100,65,328,-263
109000101,444,514,-70
109000102,127,643,-516
109000103,129,384,-255
109000104,602,429,173
109000105,244,1144,-900
109000106,707,421,286
109000107,280,1466,-1186
109000108,737,357,380
109000109,370,1498,-1128
109000110,627,299,328
109000111,634,1720,-1086
109000112,210,96,114
109000113,99,121,-22
109000114,74,244,-170
109000115,700,68,632
109000116,8,189,-181
109000117,41,80,-39
109000118,7,272,-265
109000119,252,322,-70
109000120,42,883,-841
109000121,118,43,75
109000122,37,909,-872
109000123,17,61,-44
109000124,227,267,-40
109000125,191,256,-65
109000126,141,754,-613
109000127,267,145,122
109000128,295,1899,-1604
109000129,648,238,410
109000130,400,2111,-1711
109000131,321,165,156
109000132,364,1244,-880
109000133,203,808,-605
109000134,518,1149,-631
109000135,582,942,-360
109000136,150,318,-168
109000137,97,200,-103
109000138,169,335,-166
109000139,196,302,-106
109000140,42,394,-352
109000141,148,322,-174
109000142,60,396,-336
109000143,46,54,-8
109000145,55,141,-86
109000146,50,62,-12
109000148,2953,422,2531
109000149,14,26,-12
109000150,50,78,-28
109000155,150,358,-208
109000156,699,690,9
109000158,17,204,-187
109000159,24,492,-468
109000160,275,187,88
109000161,121,1100,-979
109000162,798,709,89
109000163,374,1202,-828
109000164,622,1928,-1306
109000165,596,465,131
109000166,282,88,194
109000167,46,685,-639
109000170,38,40,-2
109000171,45,36,9
109000172,18,32,-14
109000173,7,39,-32
109000174,27,61,-34
109000175,15,62,-47
109000176,63,275,-212
109000177,10,98,-88
109000178,255,347,-92
109000179,5377,1703,3674
109000180,3590,1662,1928
109000181,5,26,-21
109000182,17,24,-7
109000183,6,28,-22
109000184,12,9,3
109000185,2,34,-32
109000188,263,2153,-1890
109000189,941,625,316
109000190,242,453,-211
109000191,141,545,-404
109000192,101,169,-68
109000193,54,306,-252
109000194,34,79,-45
109000195,53,320,-267
109000196,85,61,24
109000197,88,414,-326
109000198,100,28,72
109000199,33,470,-437
109000206,94,21,73
109000207,42,35,7
109000208,57,39,18
109000209,132,44,88
109000210,162,381,-219
109000211,131,219,-88
109000214,109,475,-366
109000215,45,57,-12
109000216,153,83,70
109000217,58,43,15
109000218,105,66,39
109000221,165,884,-719
109000222,355,64,291
109000223,130,110,20
109000224,21,322,-301
109000225,58,31,27
109000226,30,213,-183
109000227,426,1076,-650
109000228,1,197,-196
109000231,2,384,-382
109000232,100,499,-399
109000236,136,745,-609
109000241,850,1368,-518
109000242,700,856,-156
109000293,10,36,-26
109000361,47,163,-116
109000364,106,467,-361
109000396,3,772,-769
109000397,198,3,195
109000399,86,487,-401
109000400,28,236,-208
109000403,16,165,-149
109000406,158,8,150
109000407,97,173,-76
109000408,0,554,-554
109000410,388,105,283
109000411,40,20,20
109900001,35,0,35
109900002,195,1,194
109900003,43,0,43
109900004,309,164,145
109900005,7,1,6
109900006,108,196,-88
109900007,185,631,-446
109900008,0,32,-32
109900009,53,682,-629
109900010,137,2,135
109900011,14,20,-6
109900012,98,95,3
109900013,130,44,86
109900014,111,15,96
109900015,223,60,163
109900016,44,31,13
109900017,65,29,36
109900018,56,89,-33
109900019,35,43,-8
109900020,9,18,-9
109900021,1,6,-5
109900022,73,304,-231
109900023,7,0,7
109900024,7,2,5
109900025,1,63,-62
109900026,5,112,-107
109900027,25,8,17
109900028,2029,237,1792
109900029,4,336,-332
109900030,10,0,10
109900031,0,43,-43
109900032,0,215,-215
109900033,0,422,-422
109900034,6,0,6
109900035,11,15,-4
109900036,15,70,-55
109900037,12,384,-372
109900038,21,183,-162
109900039,0,0,0
109900040,14,470,-456
109900041,13,398,-385
109900042,11,316,-305
109900044,22,245,-223
109900045,40,25,15
109900046,16,43,-27
109900047,169,275,-106
109900048,0,53,-53
109900049,1,14,-13
109900050,1,280,-279
109900051,0,33,-33
109900052,18,183,-165
109900053,6,409,-403
109900054,242,62,180
109900055,11,185,-174
109900056,10,37,-27
109900057,2,188,-186
109900058,0,100,-100
109900059,182,53,129
109900060,158,87,71
109900061,49,197,-148
109900062,1,233,-232
109900063,4,269,-265
109900064,157,211,-54
109900065,64,87,-23
109900066,112,738,-626
109900067,3,462,-459
109900068,16,2,14
109900069,3,31,-28
109900070,37,254,-217
109900071,0,22,-22
109900072,7,87,-80
109900073,66,590,-524
109900074,7,29,-22
109900075,5,11,-6
109900076,5,273,-268
109900077,22,36,-14
109900078,66,194,-128
109900080,84,223,-139
109900081,4,31,-27
109900082,24,310,-286
109900083,3,15,-12
109900084,22,120,-98
109900085,77,996,-919
109900086,64,80,-16
109900087,142,198,-56
109900089,181,65,116
109900090,298,905,-607
109900091,96,36,60
109900092,102,10,92
109900093,192,48,144
109900094,12,50,-38
109900095,76,144,-68
109900096,9,0,9
109900097,67,0,67
109900098,88,8,80
109900099,61,1,60
109900100,14,0,14
109900101,102,0,102
109900102,165,12,153
109900103,3,22,-19
109900104,109,1025,-916
109900105,171,14,157
109900106,97,51,46
109900107,95,33,62
109900108,48,406,-358
109900109,20,123,-103
109900110,21,311,-290
109900111,174,883,-709
109900112,272,782,-510
109900113,218,153,65
109900114,235,201,34
109900115,65,50,15
109900117,208,91,117
109900118,160,240,-80
109900119,367,159,208
109900120,24,4,20
109900121,189,52,137
109900122,126,1,125
109900123,2,107,-105
109900124,23,595,-572
109900125,1,160,-159
109900126,46,118,-72
109900128,61,40,21
109900130,8692,602,8090
109900131,40,114,-74
109900132,23,149,-126
109900133,15,379,-364
109900134,24,27,-3
109900135,300,22,278
109900136,24,55,-31
109900137,40,315,-275
109900140,63,246,-183
109900142,284,144,140
109900145,0,62,-62
109900146,237,12,225
109900148,23,31,-8
109900149,24,35,-11
109900150,4,53,-49
109900151,3,43,-40
109900152,0,15,-15
109900153,0,37,-37
109900154,6,0,6
109900155,7,6,1
109900157,25,159,-134
109900158,33,98,-65
109900159,40,18,22
109900160,43,30,13
109900161,125,20,105
109900162,72,29,43
109900163,451,192,259
109900164,34,149,-115
109900165,54,3,51
109900166,0,135,-135
109900167,65,359,-294
109900168,61,351,-290
109900169,36,95,-59
109900170,130,281,-151
109900171,47,50,-3
109900172,51,168,-117
109900173,3117,617,2500
109900174,15,90,-75
109900175,15,36,-21
109900176,33,158,-125
109900177,13,203,-190
109900178,1,69,-68
109900179,2,12,-10
109900180,1,7,-6
110000001,487,422,65
110000002,459,320,139
110000003,599,426,173
110000004,472,332,140
110000005,618,725,-107
110000006,446,221,225
110000007,58,122,-64
110000008,9,23,-14
110000009,18,56,-38
110000010,1,49,-48
110000011,8,57,-49
110000012,447,279,168
110000013,25,228,-203
110000014,421,279,142
110000015,253,337,-84
110000016,249,607,-358
110000017,3122,217,2905
110000018,2549,311,2238
110000019,10,121,-111
110000020,401,167,234
110000021,227,200,27
110000022,357,72,285
110000023,1,129,-128
110000024,410,285,125
110000025,65,1,64
110000026,3,380,-377
110000027,297,200,97
110000028,452,450,2
110000029,321,687,-366
110000030,116,219,-103
110000031,123,431,-308
110000032,407,252,155
110000033,66,44,22
110000034,112,561,-449
110000035,185,724,-539
110000036,234,523,-289
110000037,59,466,-407
110000038,96,350,-254
110000039,306,757,-451
110000040,154,342,-188
110000041,89,494,-405
110000042,41,205,-164
110000043,156,95,61
110000044,15,45,-30
110000045,102,37,65
110000046,1,2,-1
110000047,5,5,0
110000048,1,11,-10
110000049,3,0,3
110000050,3,5,-2
110000051,8,1,7
110000052,25,26,-1
110000053,21,1,20
110000054,58,116,-58
110000055,142,37,105
110000056,203,37,166
110000057,190,572,-382
110000058,342,444,-102
110000059,399,500,-101
110000060,285,540,-255
110000061,668,740,-72
110000062,614,535,79
110000063,17,61,-44
110000064,32,60,-28
110000065,19,31,-12
110000066,39,30,9
110000067,23,226,-203
110000068,61,348,-287
110000069,44,39,5
110000071,42,83,-41
110000073,0,26,-26
110000075,5,80,-75
110000076,202,83,119
110000077,385,184,201
110000078,4,30,-26
110000080,117,426,-309
110000081,21,177,-156
110000082,9,166,-157
110000083,93,417,-324
110000084,417,275,142
110000085,2150,1085,1065
110000086,1027,558,469
110000087,2,47,-45
110000088,18,169,-151
110000089,90,89,1
110000090,17,211,-194
110000091,1284,191,1093
110000092,14,49,-35
110000093,20,4,16
110000094,286,170,116
110000095,56,309,-253
110000096,3048,1279,1769
110000097,666,744,-78
110000098,1144,425,719
110000099,705,938,-233
110000100,176,688,-512
110000101,9,472,-463
110000102,21,27,-6
110000104,58,56,2
110000105,22,225,-203
110000106,174,157,17
110000107,231,292,-61
110000108,118,35,83
110000109,209,169,40
110000110,3392,1870,1522
110000111,5979,1171,4808
110000112,743,213,530
110000113,629,548,81
110000114,55,220,-165
110000115,94,205,-111
110000116,14,19,-5
110000117,57,436,-379
110000118,182,154,28
110000119,82,280,-198
110000120,145,108,37
110000121,60,189,-129
110000122,163,393,-230
110000123,223,249,-26
110000124,3,645,-642
110000125,441,6,435
110000126,143,9,134
110000127,327,10,317
110000128,17,1470,-1453
110000129,3,460,-457
110000130,97,52,45
110000131,60,285,-225
110000132,3,554,-551
110000133,43,137,-94
110000134,16,218,-202
110000135,117,14,103
110000136,17,224,-207
110000137,198,530,-332
110000138,235,718,-483
110000139,365,1031,-666
110000140,469,254,215
110000143,440,220,220
110000144,2630,594,2036
110000145,840,358,482
110000146,870,344,526
110000147,119,395,-276
110000148,141,272,-131
110000151,681,413,268
110000152,526,174,352
110000153,14,39,-25
110000154,21,10,11
110000155,959,1209,-250
110000156,480,844,-364
110000157,560,981,-421
110000160,188,333,-145
110000161,103,318,-215
110000166,105,124,-19
110000167,352,336,16
110000168,429,188,241
110000169,180,218,-38
110000170,45,53,-8
110000171,260,130,130
110000172,110,655,-545
110000173,823,1017,-194
110000174,30,1046,-1016
110000175,161,36,125
110000176,30,129,-99
110000177,87,440,-353
110000178,296,463,-167
110000179,988,294,694
110000180,56,274,-218
110000181,144,233,-89
110000182,285,195,90
110000183,8248,2789,5459
110000184,426,1047,-621
110000185,543,474,69
110000186,477,377,100
110000191,174,317,-143
110000192,119,1,118
110000193,141,3,138
110000194,3,908,-905
110000195,93,263,-170
110000196,114,387,-273
110000197,14,177,-163
110000198,42,39,3
110000199,17,65,-48
110000200,852,440,412
110000201,226,356,-130
110000202,500,261,239
110000203,404,494,-90
110000204,3,228,-225
110000205,18,54,-36
110000206,290,1231,-941
110000207,269,219,50
110000208,37,109,-72
110000209,82,607,-525
110000210,310,408,-98
110000211,269,527,-258
110000212,140,500,-360
110000213,17,27,-10
110000214,60,91,-31
110000215,45,469,-424
110000216,20,546,-526
110000217,77,171,-94
110000218,55,358,-303
110000219,107,36,71
110000220,21,348,-327
110000221,103,42,61
110000222,9,276,-267
110000223,8,36,-28
110000224,36,5,31
110000225,102,401,-299
110000226,147,30,117
110000227,321,287,34
110000228,157,232,-75
110000229,0,190,-190
110000230,214,367,-153
110000231,67,102,-35
110000232,57,167,-110
110000233,93,154,-61
110000234,291,222,69
110000235,790,531,259
110000236,139,755,-616
110000237,798,963,-165
110000238,519,859,-340
110000239,618,889,-271
110000240,0,138,-138
110000242,0,10,-10
110000243,26,173,-147
110000244,69,235,-166
110000245,36,348,-312
110000246,196,449,-253
110000247,1302,2504,-1202
110000248,2121,843,1278
110000249,40,3,37
110000250,2,142,-140
110000251,61,306,-245
110000252,63,205,-142
110000253,561,251,310
110000254,492,902,-410
110000255,165,866,-701
110000256,261,95,166
110000257,500,247,253
110000258,4,378,-374
110000259,29,15,14
110000260,14,350,-336
110000263,409,47,362
110000264,106,529,-423
110000265,535,779,-244
110000266,1251,1205,46
110000267,5,118,-113
110000268,120,326,-206
110000269,0,59,-59
110000270,30,1,29
110000271,1564,152,1412
110000272,455,602,-147
110000273,2084,758,1326
110000274,93,607,-514
110000275,2298,320,1978
110000276,68,144,-76
110000277,84,285,-201
110000278,132,600,-468
110000279,390,517,-127
110000280,136,264,-128
110000281,12,86,-74
110000282,183,25,158
110000283,35,36,-1
110000284,27,18,9
110000285,2,100,-98
110000286,16,2,14
110000287,10,1,9
110000288,0,60,-60
110000289,253,759,-506
110000290,1149,388,761
110000291,4236,891,3345
110000292,759,2296,-1537
110000293,192,761,-569
110000294,342,500,-158
110000295,48,531,-483
110000296,112,252,-140
110000297,2194,169,2025
110000298,268,336,-68
110000299,586,27,559
110000301,62,5,57
110000302,120,968,-848
110000303,152,2,150
110000304,56,159,-103
110000305,321,8,313
110000306,41,1386,-1345
110000307,370,0,370
110000308,224,6,218
110000309,8,958,-950
110000310,292,33,259
110000311,12,617,-605
110000312,441,30,411
110000313,2744,1154,1590
110000314,2,166,-164
110000315,2257,1061,1196
110000316,346,833,-487
110000317,362,146,216
110000318,0,49,-49
110000319,4,21,-17
110000320,8,36,-28
110000321,10,36,-26
110000322,93,355,-262
110000323,87,200,-113
110000324,3586,838,2748
110000325,1418,1349,69
110000327,435,154,281
110000328,158,372,-214
110000333,242,265,-23
110000334,285,1006,-721
110000335,540,315,225
110000336,257,1087,-830
110000337,445,347,98
110000338,105,167,-62
110000339,58,166,-108
110000340,8,142,-134
110000341,115,450,-335
110000342,336,4,332
110000343,0,11,-11
110000344,13,145,-132
110000345,42,49,-7
110000346,1465,855,610
110000347,750,511,239
110000348,4,15,-11
110000349,5,18,-13
110000350,40,7,33
110000351,347,579,-232
110000352,204,969,-765
110000353,2325,575,1750
110000354,436,1019,-583
110000355,22,37,-15
110000356,333,3,330
110000357,142,6,136
110000361,7,89,-82
110000362,28,110,-82
110000363,133,87,46
110000364,58,271,-213
110000365,80,3,77
110000366,0,75,-75
110000367,121,221,-100
110000368,3,61,-58
110000369,12,0,12
110000373,5,291,-286
110000374,25,0,25
110000375,79,474,-395
110000376,23,97,-74
110000377,25,177,-152
110000378,12,222,-210
110000379,2704,585,2119
110000380,12,5,7
110000383,1,491,-490
110000384,1263,255,1008
110000385,1,134,-133
110000387,33,6,27
110000388,9,159,-150
110000389,217,1,216
110000391,99,260,-161
110000396,60,104,-44
110000397,19,173,-154
110000398,3,36,-33
110000399,107,1,106
110000587,36,31,5
110000589,100,105,-5
110000640,48,77,-29
110000652,4,57,-53
110000653,82,308,-226
110000654,1,12,-11
110000656,2,487,-485
110000674,12,1,11
110000675,1,5,-4
110000676,0,24,-24
110000679,389,296,93
110000682,91,64,27
110000683,255,378,-123
110000684,2,38,-36
110000685,6,1,5
110000686,2,17,-15
110000687,7,3,4
110000688,77,318,-241
110000689,14,46,-32
110000692,40,169,-129
110000693,35,143,-108
110000694,0,100,-100
110000695,70,445,-375
110000696,87,77,10
110900001,97,5,92
110900002,52,219,-167
110900003,172,744,-572
110900004,105,150,-45
110900005,3070,670,2400
110900006,25,11,14
110900007,24,6,18
110900008,7,59,-52
110900009,135,23,112
110900010,4,52,-48
110900011,3,68,-65
110900012,1,101,-100
110900013,312,135,177
110900014,55,5,50
110900015,662,189,473
110900016,12,148,-136
110900017,99,64,35
110900018,179,47,132
110900019,34,5,29
110900020,25,370,-345
110900021,23,416,-393
110900022,29,311,-282
110900023,35,286,-251
110900024,13,359,-346
110900025,5,35,-30
110900027,20,194,-174
110900028,11,138,-127
110900029,40,319,-279
110900030,13,264,-251
110900031,4,88,-84
110900032,0,75,-75
110900033,13,196,-183
110900035,19,333,-314
110900036,30,3,27
110900037,15,12,3
110900038,932,126,806
110900039,5,187,-182
110900040,81,14,67
110900041,4,110,-106
110900042,18,43,-25
110900043,3,114,-111
110900044,160,12,148
110900045,34,504,-470
110900046,123,269,-146
110900047,577,62,515
110900049,24,18,6
110900050,2,0,2
110900051,19,108,-89
110900052,3,161,-158
110900053,19,36,-17
110900054,11,243,-232
110900055,2,0,2
110900056,41,62,-21
110900057,3,194,-191
110900058,59,188,-129
110900059,323,598,-275
110900060,156,81,75
110900061,37,18,19
110900062,40,214,-174
110900063,10,66,-56
110900064,3,0,3
110900065,283,85,198
110900066,1,67,-66
110900067,448,277,171
110900068,136,177,-41
110900069,0,30,-30
110900070,70,31,39
110900071,157,144,13
110900073,0,11,-11
110900074,137,58,79
110900075,118,54,64
110900077,175,273,-98
110900078,0,128,-128
110900079,1255,328,927
110900080,27,32,-5
110900081,1,112,-111
110900082,21,166,-145
110900083,24,19,5
110900084,12,165,-153
110900085,11,203,-192
110900086,45,91,-46
110900087,86,55,31
110900088,2,0,2
110900090,8,24,-16
110900091,1,48,-47
110900093,92,47,45
110900095,19,48,-29
110900097,2,6,-4
110900098,2,73,-71
110900099,30,323,-293
110900100,1,15,-14
110900102,3,9,-6
110900105,280,247,33
110900108,5,76,-71
110900111,141,29,112
110900112,224,4,220
110900113,413,37,376
110900115,1,88,-87
110900116,168,2165,-1997
110900118,97,731,-634
110900119,4389,224,4165
110900120,0,109,-109
110900121,29,0,29
110900122,105,85,20
110900125,140,139,1
110900127,345,399,-54
110900128,183,156,27
110900129,125,159,-34
110900130,655,170,485
110900131,30,37,-7
110900132,138,16,122
110900133,6,234,-228
110900135,38,291,-253
110900136,91,8,83
110900139,6,0,6
110900140,0,0,0
110900141,183,61,122
110900142,19,148,-129
110900143,44,55,-11
110900144,4,486,-482
110900145,45,17,28
110900146,231,33,198
110900147,126,154,-28
110900148,0,208,-208
110900149,0,36,-36
110900150,3,13,-10
110900151,0,37,-37
110900152,18,336,-318
110900153,17,8,9
111000001,158,305,-147
111000002,443,506,-63
111000003,301,342,-41
111000004,299,893,-594
111000005,587,466,121
111000006,612,889,-277
111000007,2882,1145,1737
111000008,2499,2460,39
111000009,193,610,-417
111000010,312,216,96
111000011,287,621,-334
111000012,416,244,172
111000013,181,1001,-820
111000014,579,551,28
111000017,94,318,-224
111000018,101,218,-117
111000020,1785,1500,285
111000021,49,121,-72
111000023,94,176,-82
111000025,4996,1165,3831
111000029,61,66,-5
111000030,19,55,-36
111000031,1515,439,1076
111000032,382,132,250
111000033,196,122,74
111000034,172,113,59
111000037,2391,911,1480
111000038,2133,1613,520
111000039,784,1719,-935
111000040,1107,1851,-744
111000041,1301,1184,117
111000042,4904,1899,3005
111000043,1117,1026,91
111000044,708,375,333
111000045,798,976,-178
111000046,572,655,-83
111000047,900,1284,-384
111000049,204,419,-215
111000050,1442,1456,-14
111000051,220,859,-639
111000052,340,1137,-797
111000053,227,833,-606
111000054,134,833,-699
111000055,849,1714,-865
111000056,53,625,-572
111000057,49,719,-670
111000058,100,84,16
111000059,133,250,-117
111000060,1641,851,790
111000061,226,259,-33
111000062,360,192,168
111000063,1060,535,525
111000064,227,407,-180
111000065,558,497,61
111000066,157,144,13
111000067,212,563,-351
111000068,118,505,-387
111000069,1179,1337,-158
111000070,1902,966,936
111000071,166,596,-430
111000072,439,230,209
111000073,123,370,-247
111000074,960,881,79
111000075,391,475,-84
111000076,185,575,-390
111000077,800,926,-126
111000078,1265,810,455
111000079,875,542,333
111000080,230,513,-283
111000081,1583,1908,-325
111000082,383,516,-133
111000084,381,330,51
111000085,588,1361,-773
111000086,2363,1114,1249
111000087,574,779,-205
111000088,4436,1235,3201
111000089,372,708,-336
111000090,959,1082,-123
111000091,565,712,-147
111000092,560,1048,-488
111000093,242,554,-312
111000094,794,624,170
111000095,534,1192,-658
111000096,2221,3987,-1766
111000097,4540,767,3773
111000098,311,1137,-826
111000099,292,2049,-1757
111000100,136,1979,-1843
111000101,201,567,-366
111000102,43,654,-611
111000104,120,106,14
111000107,20,539,-519
111000109,95,137,-42
111000110,379,385,-6
111000111,568,326,242
111000112,748,192,556
111000113,491,276,215
111000114,891,747,144
111000115,6135,547,5588
111000116,635,543,92
111000117,376,518,-142
111000118,991,730,261
111000119,707,1421,-714
111000120,210,403,-193
111000121,152,360,-208
111000122,284,816,-532
111000123,460,2636,-2176
111000124,246,3185,-2939
111000125,82,1794,-1712
111000126,37,844,-807
111000127,303,146,157
111000128,433,271,162
111000129,799,348,451
111000130,704,494,210
111000131,427,421,6
111000132,335,235,100
111000133,73,88,-15
111000134,84,75,9
111000135,21,97,-76
111000136,149,175,-26
111000138,7,2,5
111000140,0,2,-2
111000141,74,135,-61
111000142,14,101,-87
111000143,3,99,-96
111000144,4,58,-54
111000145,91,2,89
111000146,14,1,13
111000147,212,11,201
111000148,63,47,16
111000149,2,24,-22
111000150,3,10,-7
111000151,2,11,-9
111000153,436,424,12
111000154,550,159,391
111000155,90,86,4
111000156,291,247,44
111000157,89,312,-223
111000158,646,403,243
111000159,1823,451,1372
111000160,142,305,-163
111000161,5,160,-155
111000162,2,109,-107
111000163,209,534,-325
111000164,643,1306,-663
111000165,1029,337,692
111000166,928,260,668
111000167,151,434,-283
111000168,187,354,-167
111000169,277,380,-103
111000170,316,240,76
111000171,325,820,-495
111000172,79,512,-433
111000173,133,1182,-1049
111000174,49,478,-429
111000175,12,216,-204
111000176,75,142,-67
111000177,35,224,-189
111000178,342,267,75
111000179,34,162,-128
111000180,96,180,-84
111000181,252,211,41
111000182,67,106,-39
111000183,121,222,-101
111000184,147,149,-2
111000185,188,430,-242
111000186,105,327,-222
111000187,60,242,-182
111000188,57,434,-377
111000189,1297,456,841
111000190,100,433,-333
111000191,77,403,-326
111000192,97,528,-431
111000193,306,261,45
111000194,17,363,-346
111000195,76,434,-358
111000196,24,246,-222
111000197,104,154,-50
111000198,141,84,57
111000199,41,120,-79
111000200,60,178,-118
111000201,173,141,32
111000202,81,109,-28
111000203,140,118,22
111000204,181,203,-22
111000213,120,225,-105
111000214,740,1190,-450
111000215,511,1102,-591
111000217,681,721,-40
111000218,588,657,-69
111000219,294,161,133
111000220,2056,288,1768
111000221,528,66,462
111000224,69,277,-208
111000225,127,96,31
111000226,77,0,77
111000227,27,3,24
111000228,3,113,-110
111000229,18,182,-164
111000230,106,392,-286
111000231,226,1080,-854
111000232,114,623,-509
111000233,152,466,-314
111000234,31,107,-76
111000239,117,126,-9
111000240,17,56,-39
111000241,18,343,-325
111000242,35,12,23
111000243,44,667,-623
111000244,70,32,38
111000245,240,379,-139
111000246,102,494,-392
111000247,78,968,-890
111000248,172,324,-152
111000249,258,751,-493
111000250,17,119,-102
111000251,16,103,-87
111000253,7,1,6
111000255,8,2,6
111000257,9,29,-20
111000260,15,863,-848
111000261,234,30,204
111000271,18,179,-161
111000273,4828,942,3886
111000274,757,1254,-497
111000275,60,43,17
111000276,179,1829,-1650
111000277,76,390,-314
111000278,285,199,86
111000291,309,1652,-1343
111000298,172,218,-46
111000299,346,57,289
111000300,31,475,-444
111000302,118,54,64
111000303,50,170,-120
111000312,41,32,9
111000315,9,149,-140
111000320,191,554,-363
111000321,129,40,89
111000322,98,485,-387
111000323,55,15,40
111000324,241,235,6
111000325,12,48,-36
111000326,37,276,-239
111000327,193,493,-300
111000328,88,279,-191
111000329,5,13,-8
111000330,10,8,2
111000331,7,1,6
111000332,212,766,-554
111000334,207,1365,-1158
111000335,161,72,89
111000337,217,237,-20
111000338,3,71,-68
111000339,60,421,-361
111000340,47,740,-693
111000341,406,136,270
111000342,42,138,-96
111000344,366,545,-179
111000345,240,12,228
111000346,10,79,-69
111000347,18,3,15
111000350,131,83,48
111000351,46,209,-163
111000352,47,81,-34
111000353,41,157,-116
111000354,92,90,2
111000355,94,519,-425
111000358,40,1449,-1409
111000360,49,767,-718
111000361,38,292,-254
111000546,89,544,-455
111000547,97,465,-368
111000548,35,140,-105
111000549,83,283,-200
111000550,41,147,-106
111000551,456,76,380
111000552,282,35,247
111000907,93,3,90
111000908,11,0,11
111000916,368,133,235
111000917,20,265,-245
111000918,48,838,-790
111000920,134,11,123
111000921,1,353,-352
111000922,97,206,-109
111000924,5,757,-752
111000925,873,1281,-408
111000926,626,2150,-1524
111000927,2190,2478,-288
111000928,4668,2763,1905
111000929,415,619,-204
111000930,323,1796,-1473
111000931,839,1003,-164
111000932,2461,1694,767
111000933,1845,1141,704
111000934,1494,1953,-459
111000935,455,680,-225
111000936,523,1792,-1269
111000937,447,619,-172
111000938,1088,1899,-811
111000939,126,58,68
111000940,164,155,9
111000941,70,490,-420
111000943,125,177,-52
111000944,53,450,-397
111000945,26,1801,-1775
111001109,220,70,150
111001110,126,591,-465
111001111,7,15,-8
111001112,54,2,52
111001113,7,57,-50
111001114,965,43,922
111001115,112,239,-127
111001116,3662,904,2758
111001117,404,348,56
111001120,55,282,-227
111001121,81,297,-216
111001122,103,530,-427
111001123,51,80,-29
111001124,38,360,-322
111001125,0,13,-13
111900001,1,114,-113
111900002,1,554,-553
111900003,1,321,-320
111900004,16,125,-109
111900006,4,12,-8
111900007,30,15,15
111900008,18,0,18
111900009,32,143,-111
111900010,157,425,-268
111900012,71,74,-3
111900013,5,59,-54
111900014,5986,1012,4974
111900015,0,35,-35
111900016,0,108,-108
111900017,0,118,-118
111900018,53,0,53
111900019,2,35,-33
111900020,1,25,-24
111900021,11,46,-35
111900022,9,33,-24
111900023,95,49,46
111900024,3,58,-55
111900025,0,32,-32
111900026,0,61,-61
111900027,7,166,-159
111900028,2,340,-338
111900029,1,84,-83
111900030,43,255,-212
111900031,0,12,-12
111900032,0,391,-391
111900033,2,81,-79
111900034,184,423,-239
111900035,3,134,-131
111900036,1,321,-320
111900038,253,472,-219
111900039,22,308,-286
111900040,6,697,-691
111900042,28,47,-19
111900043,4,378,-374
111900044,175,151,24
111900046,24,133,-109
111900048,37,810,-773
111900049,16,217,-201
111900050,30,5,25
111900051,0,219,-219
111900052,322,442,-120
111900053,886,169,717
111900054,27,3,24
111900055,19,493,-474
111900056,95,49,46
111900057,33,32,1
111900058,76,693,-617
111900059,1639,149,1490
111900060,76,0,76
111900061,4,234,-230
111900062,3,33,-30
111900063,70,158,-88
111900064,101,191,-90
111900065,12,13,-1
111900066,57,97,-40
111900067,0,250,-250
111900068,7,27,-20
111900069,33,3,30
111900070,57,145,-88
111900071,2,240,-238
111900072,10,1,9
111900073,139,46,93
111900074,4,160,-156
111900075,41,2,39
111900076,21,12,9
111900077,1,0,1
111900078,51,1,50
111900079,1,6,-5
111900080,194,64,130
111900082,30,5,25
111900083,16,0,16
111900084,34,0,34
111900085,5,33,-28
111900086,14,1,13
111900087,8,0,8
111900088,122,4,118
111900089,5,1,4
111900090,43,6,37
111900091,49,1,48
111900092,14,2,12
111900093,67,2,65
111900094,5,0,5
111900095,56,5,51
111900096,63,0,63
111900097,8,0,8
111900098,31,0,31
111900099,21,0,21
111900100,9,0,9
111900101,32,5,27
111900102,93,589,-496
111900103,39,17,22
111900104,41,53,-12
111900105,101,76,25
111900106,1121,29,1092
111900110,2660,106,2554
111900111,7,133,-126
111900112,575,443,132
111900113,234,49,185
111900118,100,25,75
111900119,98,37,61
111900122,32,26,6
111900123,8,17,-9
111900124,10,81,-71
111900125,124,8,116
111900126,67,0,67
111900127,4,566,-562
111900128,1,588,-587
111900129,52,1,51
111900130,51,11,40
111900131,104,0,104
111900132,14,996,-982
111900133,5,227,-222
111900134,11,234,-223
111900135,1,2,-1
111900136,34,73,-39
111900137,51,22,29
111900138,9,46,-37
111900139,5,133,-128
111900140,22,8,14
111900141,11,3,8
111900142,19,16,3
111900143,0,199,-199
111900144,0,88,-88
111900145,0,561,-561
111900146,1,313,-312
111900147,146,360,-214
111900148,19,762,-743
111900149,2,384,-382
111900150,15,175,-160
111900151,1,21,-20
111900152,69,22,47
111900153,1153,125,1028
111900154,0,95,-95
111900155,39,24,15
111900156,16,20,-4
111900157,15,3,12
111900158,64,7,57
111900159,68,5,63
111900160,45,0,45
111900161,22,3,19
111900162,99,74,25
111900163,21,148,-127
111900164,30,22,8
111901113,82,225,-143
111901114,20,329,-309
111901115,8,0,8
111901116,4,0,4
111901117,3,2,1
111901118,65,25,40
111901119,1134,44,1090
111901121,154,253,-99
111901122,5,511,-506
111901123,49,365,-316
111901124,69,1,68
111901125,81,143,-62
111901127,709,166,543
111901128,4,77,-73
111901129,0,108,-108
111901130,6,167,-161
111901131,0,199,-199
111901132,20,4,16
111901133,7,2,5
111901134,8,0,8
111901135,3,0,3
111901136,12,3,9
111901137,0,14,-14
111901138,32,31,1
111901139,9,19,-10
111901140,3,104,-101
111901141,2,182,-180
111901142,3,126,-123
111901143,1,88,-87
111901144,33,10,23
111901145,85,95,-10
111901146,152,4,148
111901147,458,43,415
111901148,2,7,-5
112000001,866,547,319
112000002,559,1892,-1333
112000003,347,496,-149
112000004,308,1131,-823
112000005,949,880,69
112000006,831,1439,-608
112000007,905,813,92
112000008,1372,2127,-755
112000009,3232,2573,659
112000010,1172,1525,-353
112000011,1245,1671,-426
112000012,4236,1492,2744
112000013,4530,2078,2452
112000014,1566,673,893
112000015,1797,1518,279
112000016,1845,635,1210
112000017,868,803,65
112000024,1290,388,902
112000026,3512,3932,-420
112000027,513,282,231
112000028,1258,1242,16
112000029,182,354,-172
112000030,132,80,52
112000031,927,1567,-640
112000032,360,24,336
112000033,1353,566,787
112000034,153,14,139
112000035,58,137,-79
112000036,502,359,143
112000037,390,661,-271
112000038,461,617,-156
112000039,19,82,-63
112000040,86,249,-163
112000041,356,311,45
112000042,583,189,394
112000050,340,846,-506
112000051,334,500,-166
112000054,1223,1944,-721
112000057,379,201,178
112000058,203,236,-33
112000059,527,255,272
112000061,4615,915,3700
112000062,2338,283,2055
112000063,1408,524,884
112000064,3938,4216,-278
112000065,2048,2229,-181
112000066,2141,590,1551
112000067,542,489,53
112000068,1439,759,680
112000069,499,1639,-1140
112000070,962,316,646
112000071,437,2408,-1971
112000072,500,494,6
112000073,878,1204,-326
112000074,573,460,113
112000075,530,645,-115
112000076,2041,2113,-72
112000077,240,564,-324
112000078,527,516,11
112000079,694,935,-241
112000080,268,749,-481
112000081,671,1278,-607
112000082,624,407,217
112000083,357,1208,-851
112000084,507,467,40
112000085,515,1070,-555
112000086,704,1221,-517
112000087,133,440,-307
112000088,174,469,-295
112000089,48,185,-137
112000090,92,300,-208
112000091,430,1065,-635
112000092,740,588,152
112000093,1028,934,94
112000094,247,561,-314
112000095,319,476,-157
112000096,212,553,-341
112000097,379,361,18
112000098,468,1184,-716
112000099,313,346,-33
112000100,546,602,-56
112000101,178,696,-518
112000102,268,317,-49
112000103,142,1058,-916
112000105,250,1661,-1411
112000106,464,277,187
112000107,7,65,-58
112000108,148,1338,-1190
112000109,58,49,9
112000110,630,312,318
112000111,962,3158,-2196
112000112,1445,301,1144
112000113,671,1894,-1223
112000114,955,532,423
112000115,87,400,-313
112000116,118,693,-575
112000117,314,435,-121
112000118,537,583,-46
112000119,241,832,-591
112000120,71,301,-230
112000121,22,581,-559
112000122,95,77,18
112000123,188,98,90
112000124,96,57,39
112000125,61,77,-16
112000126,101,617,-516
112000127,1560,702,858
112000128,831,279,552
112000129,79,112,-33
112000130,30,30,0
112000131,8,346,-338
112000132,33,327,-294
112000133,97,183,-86
112000134,248,366,-118
112000135,373,429,-56
112000136,498,865,-367
112000137,446,838,-392
112000138,696,997,-301
112000139,654,139,515
112000140,737,736,1
112000141,207,161,46
112000142,92,685,-593
112000143,349,154,195
112000144,147,1470,-1323
112000145,957,534,423
112000146,464,1874,-1410
112000147,842,1057,-215
112000148,1061,1762,-701
112000149,95,607,-512
112000150,74,500,-426
112000151,218,484,-266
112000152,165,268,-103
112000153,179,206,-27
112000154,83,81,2
112000155,60,27,33
112000157,517,345,172
112000158,100,481,-381
112000159,168,219,-51
112000167,60,29,31
112000169,296,219,77
112000173,260,208,52
112000175,118,237,-119
112000176,4141,1272,2869
112000177,134,58,76
112000178,31,369,-338
112000179,73,114,-41
112000180,205,188,17
112000181,716,1472,-756
112000182,321,1582,-1261
112000183,23,31,-8
112000184,104,495,-391
112000185,122,445,-323
112000187,1575,1467,108
112000195,58,6,52
112000196,46,0,46
112000197,19,61,-42
112000198,16,296,-280
112000199,561,703,-142
112000202,104,18,86
112000216,31,104,-73
112000230,14,2,12
112000231,0,286,-286
112000256,16,67,-51
112000313,72,159,-87
112000314,3,10,-7
112000337,97,370,-273
112000352,169,89,80
112000392,1275,743,532
112000398,463,470,-7
112000399,2015,908,1107
112000400,1167,3126,-1959
112000401,1770,1913,-143
112000402,776,1321,-545
112000403,1251,1153,98
112000404,169,353,-184
112000405,788,1513,-725
112000406,2392,2471,-79
112000407,2611,3243,-632
112000408,6354,4970,1384
112000409,1262,3775,-2513
112000410,108,56,52
112000411,3744,356,3388
112000412,571,184,387
112000413,7049,1182,5867
112000414,31,67,-36
112000415,35,15,20
112000416,956,840,116
112000417,119,75,44
112000421,18,86,-68
112000422,159,320,-161
112000424,1572,903,669
112000425,179,866,-687
112000426,25,186,-161
112000427,0,7,-7
112000428,60,293,-233
112000429,1214,1873,-659
112000430,1095,2178,-1083
112000431,28,56,-28
112000432,385,1727,-1342
112000433,383,419,-36
112000437,15,262,-247
112900001,23,1,22
112900002,75,993,-918
112900003,19,241,-222
112900004,13,334,-321
112900005,32,153,-121
112900006,0,370,-370
112900007,4,166,-162
112900008,13,3,10
112900009,223,50,173
112900010,85,586,-501
112900011,226,194,32
112900012,1,23,-22
112900013,1,60,-59
112900014,0,228,-228
112900015,325,692,-367
112900016,1,243,-242
112900017,12,124,-112
112900018,1,314,-313
112900019,34,165,-131
112900020,325,1003,-678
112900021,1,253,-252
112900022,3,43,-40
112900023,2,276,-274
112900024,6,151,-145
112900025,23,137,-114
112900026,5,180,-175
112900027,4,1130,-1126
112900028,4,106,-102
112900029,6,481,-475
112900030,216,99,117
112900031,2,446,-444
112900032,62,182,-120
112900034,0,37,-37
112900035,4,375,-371
112900036,15,54,-39
112900037,101,61,40
112900038,142,64,78
112900039,7,281,-274
112900040,3,195,-192
112900041,880,381,499
112900042,29,332,-303
112900043,5,24,-19
112900044,335,216,119
112900045,382,196,186
112900046,166,44,122
112900047,30,9,21
112900049,16,59,-43
112900050,51,553,-502
112900051,186,529,-343
112900052,3,829,-826
112900053,228,79,149
112900054,205,12,193
112900055,85,5,80
112900056,114,76,38
112900057,7,443,-436
112900058,162,65,97
112900059,63,57,6
112900060,6,146,-140
112900061,35,107,-72
112900062,28,99,-71
112900063,49,2,47
112900064,102,114,-12
112900065,37,6,31
112900066,49,48,1
112900067,322,78,244
112900068,9,12,-3
112900069,1914,207,1707
112900071,8,2,6
112900072,119,312,-193
112900073,88,18,70
112900074,15,48,-33
112900075,1686,256,1430
112900076,31,5,26
112900078,67,138,-71
112900079,68,7,61
112900080,15,1,14
112900081,22,68,-46
112900082,170,7,163
112900083,18,20,-2
112900084,55,24,31
112900086,9,2,7
112900087,189,22,167
112900088,20,4,16
112900089,338,5,333
112900090,18,0,18
112900091,28,0,28
112900092,66,91,-25
112900093,321,7,314
112900095,6,0,6
112900096,137,24,113
112900097,12,251,-239
112900098,9,0,9
112900099,213,11,202
112900100,5,1,4
112900101,64,0,64
112900102,35,4,31
112900103,56,1,55
112900104,20,3,17
112900105,4,0,4
112900106,149,32,117
112900107,0,0,0
112900108,42,0,42
112900109,14,0,14
112900110,215,11,204
112900111,136,0,136
112900112,67,3,64
112900113,0,12,-12
112900114,10,21,-11
112900115,194,2,192
112900116,24,28,-4
112900117,49,79,-30
112900118,22,53,-31
112900119,41,1,40
112900120,450,96,354
112900121,140,118,22
112900122,16,111,-95
112900123,68,5,63
112900124,4,110,-106
112900125,31,149,-118
112900126,81,194,-113
112900127,73,26,47
112900128,385,556,-171
112900129,3,782,-779
112900130,61,25,36
112900131,23,163,-140
112900132,26,292,-266
112900133,3,985,-982
112900134,0,179,-179
112900135,27,7,20
112900137,2,696,-694
112900138,1,404,-403
112900139,126,967,-841
112900141,161,10,151
112900142,36,29,7
112900143,53,486,-433
112900144,1,248,-247
112900145,15,389,-374
112900146,6,1074,-1068
112900147,7,1971,-1964
112900148,5,0,5
112900149,89,323,-234
112900151,12,23,-11
112900152,3824,724,3100
112900153,995,508,487
112900154,2,61,-59
112900155,28,5,23
112900156,60,1301,-1241
112900157,90,128,-38
112900158,14,5,9
112900159,116,34,82
112900160,7,183,-176
112900161,34,13,21
112900162,20,3,17
112900163,112,10,102
112900164,31,63,-32
112900165,46,23,23
112900166,7,19,-12
112900167,0,16,-16
112900168,0,0,0
112900169,4,4,0
112900170,16,72,-56
112900172,33,7,26
112900173,201,53,148
112900174,106,23,83
112900175,118,32,86
112900176,9,4,5
112900177,67,9,58
112900178,244,526,-282
112900179,18,448,-430
112900180,446,1660,-1214
112900181,105,4,101
112900182,14,1323,-1309
112900183,57,117,-60
112900184,222,191,31
112900185,122,186,-64
112900186,1100,341,759
112900187,22,112,-90
112900188,575,149,426
112900189,1,17,-16
112900190,0,33,-33
112900192,258,101,157
112900193,662,152,510
112900194,8,45,-37
112900195,267,11,256
112900196,138,333,-195
112900197,79,286,-207
112900199,184,445,-261
112900200,126,211,-85
112900201,25,45,-20
112900202,92,650,-558
112900203,46,178,-132
112900204,441,167,274
112900205,3,0,3
112900206,0,31,-31
112900207,1,0,1
112900208,29,57,-28
112900209,195,310,-115
112900210,0,14,-14
112900211,14,17,-3
112900212,0,38,-38
112900213,15,0,15
112900214,13,3,10
112900215,3,165,-162
112900216,16,24,-8
112900217,0,63,-63
112900218,4,5,-1
112900219,4,26,-22
112900220,0,0,0
112900221,9,80,-71
112900222,0,6,-6
112900223,264,0,264
112900224,94,545,-451
112900225,146,429,-283
112900226,167,113,54
112900227,101,1271,-1170
112900228,18,13,5
112900229,25,37,-12
112900230,5609,1469,4140
112900232,93,83,10
112900233,23,135,-112
112900234,3,70,-67
112900235,16,7,9
112900236,47,7,40
112900237,26,295,-269
112900238,0,30,-30
112900239,241,180,61
112900240,1,88,-87
112900241,9,112,-103
112900242,1,103,-102
112900243,0,91,-91
112900244,0,54,-54
112900245,0,27,-27
112900246,1,4,-3
112900247,43,15,28
112900248,14,0,14
112900249,9,4,5
112900250,11,12,-1
112900251,4,16,-12
112900252,16,2,14
112900253,3,5,-2
112900254,1,0,1
112900255,1,21,-20
112900256,0,9,-9
112900257,7,6,1
113000001,3365,3200,165
113000002,2643,2295,348
113000003,1397,1300,97
113000004,1556,1386,170
113000005,778,726,52
113000006,628,959,-331
113000007,896,1000,-104
113000008,982,1380,-398
113000009,395,631,-236
113000010,468,1243,-775
113000011,422,1384,-962
113000012,655,542,113
113000013,803,312,491
113000014,1309,897,412
113000015,528,182,346
113000016,148,170,-22
113000017,4,148,-144
113000018,111,38,73
113000019,13,133,-120
113000020,44,5,39
113000021,583,506,77
113000022,235,909,-674
113000025,38,155,-117
113000026,119,225,-106
113000027,504,192,312
113000028,636,172,464
113000029,580,384,196
113000030,478,449,29
113000031,328,141,187
113000032,189,137,52
113000033,249,252,-3
113000034,479,213,266
113000035,7,22,-15
113000036,7,17,-10
113000037,27,13,14
113000038,11,48,-37
113000039,61,279,-218
113000040,52,51,1
113000042,626,468,158
113000051,409,1122,-713
113000052,1823,885,938
113000053,151,468,-317
113000054,131,582,-451
113000055,525,658,-133
113000056,375,1297,-922
113000058,500,677,-177
113000059,812,501,311
113000060,57,444,-387
113000061,449,599,-150
113000062,882,127,755
113000063,71,181,-110
113000064,15,328,-313
113000065,96,861,-765
113000066,233,97,136
113000067,704,735,-31
113000068,229,1547,-1318
113000069,236,1067,-831
113000070,569,538,31
113000071,196,467,-271
113000072,166,276,-110
113000073,341,1109,-768
113000074,632,231,401
113000075,1660,339,1321
113000076,986,1113,-127
113000077,1147,245,902
113000078,712,948,-236
113000079,487,439,48
113000080,492,374,118
113000081,571,508,63
113000082,694,533,161
113000083,392,565,-173
113000084,972,776,196
113000085,596,329,267
113000086,779,750,29
113000087,878,531,347
113000088,1701,811,890
113000089,652,1026,-374
113000090,184,237,-53
113000091,532,138,394
113000094,439,116,323
113000095,147,790,-643
113000096,164,614,-450
113000097,322,180,142
113000098,45,20,25
113000099,799,162,637
113000100,90,279,-189
113000101,302,317,-15
113000102,324,158,166
113000103,2071,464,1607
113000104,265,1587,-1322
113000105,242,339,-97
113000106,189,375,-186
113000107,330,637,-307
113000108,721,1262,-541
113000109,332,1669,-1337
113000110,966,223,743
113000111,70,314,-244
113000112,180,204,-24
113000113,1408,187,1221
113000114,245,626,-381
113000116,404,132,272
113000117,547,125,422
113000118,100,132,-32
113000119,117,282,-165
113000120,23,163,-140
113000121,175,610,-435
113000124,108,84,24
113000125,26,369,-343
113000127,2617,375,2242
113000128,290,309,-19
113000129,353,909,-556
113000133,2528,461,2067
113000134,1,387,-386
113000135,2057,1416,641
113000137,1870,955,915
113000139,267,95,172
113000140,155,186,-31
113000141,169,53,116
113000142,408,421,-13
113000143,151,110,41
113000144,248,334,-86
113000145,48,90,-42
113000146,53,51,2
113000147,71,103,-32
113000148,47,124,-77
113000149,73,104,-31
113000150,372,284,88
113000151,104,24,80
113000152,33,114,-81
113000153,1530,315,1215
113000154,466,849,-383
113000155,173,212,-39
113000156,149,294,-145
113000157,214,608,-394
113000158,383,161,222
113000159,540,406,134
113000160,413,878,-465
113000161,114,572,-458
113000162,351,328,23
113000163,29,27,2
113000164,21,61,-40
113000166,41,47,-6
113000167,36,154,-118
113000168,49,222,-173
113000169,79,21,58
113000170,56,40,16
113000171,76,87,-11
113000172,134,51,83
113000173,35,11,24
113000174,100,413,-313
113000175,213,94,119
113000176,283,82,201
113000177,109,322,-213
113000178,105,327,-222
113000179,198,66,132
113000180,339,936,-597
113000181,544,700,-156
113000182,75,192,-117
113000183,128,412,-284
113000184,16,87,-71
113000189,334,348,-14
113000190,1017,214,803
113000192,2383,911,1472
113000193,3961,608,3353
113000194,1675,723,952
113000195,2151,354,1797
113000196,45,69,-24
113000197,774,559,215
113000198,13,145,-132
113000199,387,269,118
113000201,260,150,110
113000202,2306,1221,1085
113000203,429,69,360
113000204,1491,708,783
113000205,10,12,-2
113000206,3,24,-21
113000207,25,10,15
113000208,22,42,-20
113000209,8,9,-1
113000210,7,28,-21
113000211,272,96,176
113000212,198,18,180
113000213,15,92,-77
113000214,44,141,-97
113000234,95,988,-893
113000410,21,72,-51
113000411,1790,2558,-768
113000412,9469,1267,8202
113000413,3534,1197,2337
113000414,8887,5121,3766
113000415,1808,1365,443
113000416,7195,1920,5275
113000417,2889,1644,1245
113000418,2022,1544,478
113000419,1335,956,379
113000420,2877,1891,986
113000421,2807,2717,90
113000422,12601,4329,8272
113000423,1990,2042,-52
113000424,3618,4606,-988
113000425,5,60,-55
113000428,33,15,18
113000430,13,14,-1
113000432,708,48,660
113000433,116,749,-633
113000434,13,316,-303
113000435,7,767,-760
113000436,29,1153,-1124
113000437,179,8,171
113000438,88,10,78
113000439,8,131,-123
113000440,63,25,38
113000441,102,208,-106
113000442,95,235,-140
113000443,58,251,-193
113000444,49,220,-171
113000445,29,101,-72
113000446,15,59,-44
113000448,139,75,64
113000449,183,665,-482
113000450,406,1560,-1154
113000451,1109,88,1021
113000452,323,308,15
113000453,125,187,-62
113000454,782,28,754
113000455,80,66,14
113000456,2290,1055,1235
113000468,2097,211,1886
113000469,196,51,145
113000470,394,50,344
113000471,8,246,-238
113000472,38,161,-123
113000474,190,531,-341
113000475,978,1141,-163
113000476,597,1428,-831
113000477,1143,1601,-458
113000478,2080,4452,-2372
113000479,18,184,-166
113000483,0,0,0
113000484,0,0,0
113000485,0,0,0
113000486,0,0,0
113000487,0,0,0
113000488,0,0,0
113000489,0,0,0
113000490,0,0,0
113000491,0,0,0
113000492,0,0,0
113000493,0,0,0
113000495,136,202,-66
113000496,42,62,-20
113000499,0,0,0
113900001,0,48,-48
113900002,0,70,-70
113900003,1,48,-47
113900004,2,16,-14
113900005,0,20,-20
113900006,3,9,-6
113900007,47,3,44
113900008,35,0,35
113900009,316,0,316
113900010,140,0,140
113900011,24,2,22
113900012,4,0,4
113900013,436,1,435
113900014,409,0,409
113900015,0,35,-35
113900016,9,0,9
113900017,0,50,-50
113900018,259,38,221
113900019,32,24,8
113900020,12,0,12
113900022,0,0,0
113900023,5,0,5
113900024,14,66,-52
113900025,211,8,203
113900026,41,0,41
113900027,7,34,-27
113900028,9,401,-392
113900029,10,222,-212
113900030,40,0,40
113900031,0,0,0
113900032,1,0,1
113900033,27,63,-36
113900035,34,0,34
113900036,10,76,-66
113900037,22,502,-480
113900038,65,27,38
113900039,60,3,57
113900040,3,2,1
113900041,0,0,0
113900042,35,23,12
113900043,134,70,64
113900044,82,29,53
113900045,23,0,23
113900046,243,529,-286
113900047,16,105,-89
113900048,202,15,187
113900049,598,87,511
113900050,107,226,-119
113900051,108,224,-116
113900052,126,69,57
113900053,280,73,207
113900054,4,0,4
113900055,72,352,-280
113900056,45,124,-79
113900057,5,71,-66
113900058,17,128,-111
113900059,66,217,-151
113900060,85,234,-149
113900061,639,31,608
113900062,32,7,25
113900063,42,125,-83
113900064,5,127,-122
113900065,340,8,332
113900066,101,305,-204
113900067,20,243,-223
113900068,192,270,-78
113900069,95,5,90
113900070,188,406,-218
113900071,45,47,-2
113900072,21,155,-134
113900073,100,290,-190
113900074,18,465,-447
113900075,588,560,28
113900076,78,3,75
113900077,12,237,-225
113900078,54,25,29
113900079,0,51,-51
113900080,196,111,85
113900081,21,134,-113
113900082,107,156,-49
113900083,59,559,-500
113900084,102,48,54
113900085,16,248,-232
113900086,13,11,2
113900087,7,123,-116
113900088,15,35,-20
113900089,226,23,203
113900090,225,156,69
113900091,7,14,-7
113900092,25,25,0
113900093,38,331,-293
113900094,84,314,-230
113900095,43,44,-1
113900096,88,32,56
113900097,4,81,-77
113900098,266,28,238
113900099,1,44,-43
113900100,0,0,0
113900101,6,19,-13
113900102,49,55,-6
113900103,128,140,-12
113900104,70,84,-14
113900105,12,228,-216
113900106,0,63,-63
113900107,0,13,-13
113900108,135,66,69
113900109,199,57,142
113900110,5,8,-3
113900111,30,48,-18
113900112,30,49,-19
113900113,287,220,67
113900114,0,66,-66
113900115,0,38,-38
113900116,45,72,-27
113900117,47,9,38
113900118,91,105,-14
113900119,178,151,27
113900120,30,32,-2
113900121,23,47,-24
113900122,140,931,-791
113900123,170,117,53
113900124,0,38,-38
113900125,1096,110,986
113900126,52,28,24
113900127,92,253,-161
113900128,122,34,88
113900129,1,63,-62
113900130,0,2,-2
113900131,34,46,-12
113900132,16,32,-16
113900133,6,35,-29
113900135,78,318,-240
113900136,20,58,-38
113900137,169,129,40
113900138,21,125,-104
113900139,295,47,248
113900140,297,62,235
113900141,153,323,-170
113900142,54,63,-9
113900143,1,13,-12
113900144,232,57,175
113900145,61,141,-80
113900146,17,34,-17
113900148,60,141,-81
113900149,67,11,56
113900150,941,365,576
113900151,116,138,-22
113900152,2,53,-51
113900153,371,270,101
113900154,1,59,-58
113900155,156,28,128
113900156,127,414,-287
113900157,36,198,-162
113900158,216,67,149
113900159,7,134,-127
113900160,219,455,-236
113900161,11,128,-117
113900162,330,235,95
113900163,129,159,-30
113900164,126,27,99
113900165,370,534,-164
113900166,165,54,111
113900167,145,10,135
113900168,73,61,12
113900169,115,341,-226
113900171,51,22,29
113900172,3,116,-113
113900173,32,532,-500
113900174,213,540,-327
113900175,129,49,80
113900176,95,550,-455
113900177,122,122,0
113900178,113,67,46
113900179,18,543,-525
113900180,108,69,39
113900181,249,91,158
113900182,195,660,-465
113900183,11,44,-33
113900184,9,461,-452
113900185,99,57,42
113900186,21,18,3
113900187,35,124,-89
113900188,18,101,-83
113900189,108,34,74
113900190,309,62,247
113900191,53,123,-70
113900192,0,163,-163
113900193,12,196,-184
113900194,1546,601,945
113900195,226,285,-59
113900196,1,89,-88
113900197,1,239,-238
113900198,12,81,-69
113900199,152,476,-324
113900200,4,158,-154
113900201,0,183,-183
113900202,18,178,-160
113900203,1,143,-142
113900204,27,473,-446
113900205,4,99,-95
113900206,5,67,-62
113900207,2,28,-26
113900208,1,29,-28
113900209,1,48,-47
113900210,285,299,-14
113900211,76,17,59
113900212,51,464,-413
113900214,360,223,137
113900215,21,56,-35
113900216,13,978,-965
113900217,22,271,-249
113900218,53,17,36
113900219,68,373,-305
113900220,48,37,11
113900221,148,67,81
113900222,206,141,65
113900223,22,788,-766
113900224,75,31,44
113900225,575,145,430
113900226,145,98,47
113900227,280,99,181
113900228,271,191,80
113900229,27,313,-286
113900230,3241,732,2509
113900231,40,117,-77
113900232,22,72,-50
113900233,10,21,-11
113900234,70,232,-162
113900235,38,28,10
113900236,18,280,-262
113900237,50,5,45
113900238,116,195,-79
113900239,17,45,-28
113900240,8,60,-52
113900241,61,38,23
113900242,46,89,-43
113900243,89,261,-172
113900244,400,86,314
113900245,858,173,685
113900246,4,27,-23
113900247,71,121,-50
113900248,2912,536,2376
113900249,881,96,785
113900250,20,58,-38
113900251,217,137,80
113900252,233,10,223
113900253,351,18,333
113900254,168,48,120
113900255,203,14,189
113900256,172,13,159
113900257,18,628,-610
113900258,11,454,-443
113900259,161,215,-54
113900260,50,15,35
113900261,3,129,-126
113900262,81,607,-526
113900263,19,383,-364
113900264,9,474,-465
113900265,114,185,-71
113900266,12,212,-200
113900267,56,292,-236
113900268,96,158,-62
113900269,26,90,-64
113900270,155,218,-63
113900271,252,1133,-881
113900273,9,0,9
113900274,5,0,5
113900275,2,17,-15
113900276,0,247,-247
113900277,20,0,20
113900278,206,102,104
113900279,102,45,57
113900280,717,499,218
113900281,167,546,-379
113900282,492,251,241
113900283,194,219,-25
113900284,387,58,329
113900285,36,13,23
113900286,7,98,-91
113900287,9,46,-37
113900288,0,46,-46
113900289,985,41,944
113900290,313,49,264
113900291,115,167,-52
113900292,2,3,-1
113900293,0,108,-108
113900294,186,12,174
113900295,143,140,3
113900296,2119,271,1848
113900297,289,16,273
113900298,3,942,-939
113900299,6,66,-60
113900300,4517,1462,3055
113900301,558,245,313
113900302,1966,447,1519
113900303,423,99,324
113900304,1,101,-100
113900305,32,0,32
113900306,9,0,9
113900307,12,0,12
113900308,41,57,-16
113900309,1,620,-619
113900310,0,9,-9
113900311,0,0,0
113900312,30,62,-32
113900313,3,4,-1
114000001,729,2481,-1752
114000002,67,330,-263
114000003,24,224,-200
114000004,155,275,-120
114000005,111,166,-55
114000006,2253,1330,923
114000007,308,914,-606
114000008,702,633,69
114000009,177,119,58
114000011,1655,2463,-808
114000012,938,2131,-1193
114000013,740,1659,-919
114000014,217,299,-82
114000015,460,350,110
114000016,124,258,-134
114000017,48,125,-77
114000018,239,46,193
114000026,475,1264,-789
114000027,969,1552,-583
114000028,1146,1300,-154
114000038,53,117,-64
114000039,19,68,-49
114000040,68,116,-48
114000042,69,158,-89
114000043,11,140,-129
114000044,49,29,20
114000045,8,54,-46
114000046,1513,2888,-1375
114000047,5,51,-46
114000048,23,45,-22
114000049,753,523,230
114000050,1012,623,389
114000051,2467,875,1592
114000052,1729,868,861
114000053,14,311,-297
114000054,48,982,-934
114000055,69,10,59
114000056,1104,366,738
114000057,6582,1667,4915
114000058,353,295,58
114000059,147,123,24
114000060,276,495,-219
114000061,2135,736,1399
114000062,1618,356,1262
114000063,3096,1081,2015
114000064,6238,1560,4678
114000065,1375,1455,-80
114000066,186,478,-292
114000067,14,237,-223
114000068,261,228,33
114000069,660,233,427
114000070,1807,832,975
114000071,288,400,-112
114000072,95,250,-155
114000073,11,85,-74
114000074,6,9,-3
114000075,24,125,-101
114000076,9,127,-118
114000077,7,41,-34
114000078,48,887,-839
114000079,34,29,5
114000080,67,87,-20
114000081,32,58,-26
114000082,19,429,-410
114000083,12,217,-205
114000084,42,48,-6
114000085,122,636,-514
114000086,78,453,-375
114000087,7,192,-185
114000088,58,71,-13
114000089,1099,398,701
114000090,339,319,20
114000091,1059,248,811
114000092,509,162,347
114000093,455,330,125
114000094,218,281,-63
114000095,67,54,13
114000096,61,457,-396
114000097,68,751,-683
114000098,163,36,127
114000099,160,774,-614
114000100,344,554,-210
114000101,166,986,-820
114000102,105,205,-100
114000103,72,336,-264
114000104,2,203,-201
114000105,10,41,-31
114000106,495,212,283
114000107,65,81,-16
114000108,1688,921,767
114000109,194,271,-77
114000110,243,1347,-1104
114000111,410,302,108
114000112,233,1497,-1264
114000113,293,273,20
114000114,761,1146,-385
114000115,628,352,276
114000116,202,567,-365
114000117,750,270,480
114000118,749,210,539
114000119,576,128,448
114000120,338,831,-493
114000121,227,374,-147
114000122,213,187,26
114000123,516,183,333
114000124,234,173,61
114000125,484,1370,-886
114000126,415,111,304
114000127,41,143,-102
114000128,387,353,34
114000130,208,319,-111
114000131,73,17,56
114000132,308,514,-206
114000133,684,847,-163
114000134,37,139,-102
114000138,23,135,-112
114000139,164,51,113
114000144,363,198,165
114000145,41,122,-81
114000146,42,222,-180
114000147,537,548,-11
114000148,1634,748,886
114000149,201,104,97
114000150,692,273,419
114000151,409,469,-60
114000152,95,11,84
114000153,693,725,-32
114000154,388,284,104
114000155,785,867,-82
114000156,546,258,288
114000157,178,522,-344
114000158,1869,427,1442
114000159,153,222,-69
114000160,100,93,7
114000161,955,634,321
114000162,521,501,20
114000163,7,102,-95
114000165,122,98,24
114000166,539,122,417
114000167,3488,812,2676
114000168,612,544,68
114000169,1272,436,836
114000170,588,370,218
114000171,489,759,-270
114000174,125,311,-186
114000176,434,245,189
114000177,1622,632,990
114000178,16,45,-29
114000179,967,452,515
114000180,224,487,-263
114000181,817,1455,-638
114000182,4067,1681,2386
114000183,793,775,18
114000184,5345,1299,4046
114000185,488,578,-90
114000189,197,42,155
114000190,848,116,732
114000191,16,16,0
114000192,282,1236,-954
114000193,776,2605,-1829
114000194,740,910,-170
114000195,30,2,28
114000196,6,214,-208
114000197,387,20,367
114000198,965,271,694
114000199,1333,724,609
114000200,330,1871,-1541
114000201,92,798,-706
114000202,459,607,-148
114000203,240,803,-563
114000204,55,271,-216
114000205,89,1283,-1194
114000206,246,959,-713
114000207,380,1863,-1483
114000208,250,2573,-2323
114000209,451,2706,-2255
114000210,300,1497,-1197
114000211,581,1162,-581
114000212,284,648,-364
114000213,637,391,246
114000214,51,163,-112
114000215,59,69,-10
114000216,476,123,353
114000217,46,208,-162
114000218,45,236,-191
114000219,421,216,205
114000220,2,1253,-1251
114000221,207,80,127
114000222,135,962,-827
114000223,162,44,118
114000224,79,541,-462
114000225,85,455,-370
114000226,31,162,-131
114000227,381,320,61
114000228,427,767,-340
114000229,430,1021,-591
114000230,892,1202,-310
114000231,459,1046,-587
114000232,209,63,146
114000233,822,93,729
114000234,585,885,-300
114000235,527,1280,-753
114000236,0,395,-395
114000237,66,984,-918
114000238,13,123,-110
114000239,70,1121,-1051
114000240,369,515,-146
114000241,214,1024,-810
114000242,802,820,-18
114000243,543,585,-42
114000244,275,257,18
114000245,245,493,-248
114000246,135,32,103
114000247,337,608,-271
114000248,510,386,124
114000249,211,365,-154
114000250,248,372,-124
114000251,71,272,-201
114000252,34,95,-61
114000253,12,205,-193
114000254,6,59,-53
114000255,318,106,212
114000256,1391,290,1101
114000257,431,1491,-1060
114000258,57,391,-334
114000259,32,166,-134
114000260,0,19,-19
114000261,7,15,-8
114000262,20,115,-95
114000263,6,1,5
114000264,154,442,-288
114000265,0,3,-3
114000267,3,817,-814
114000268,5,1759,-1754
114000270,48,1,47
114000271,207,71,136
114000283,322,336,-14
114000285,26,234,-208
114000288,34,381,-347
114000289,638,144,494
114000293,47,318,-271
114000294,112,215,-103
114000395,557,38,519
114000396,102,165,-63
114000402,163,270,-107
114000403,147,518,-371
114000405,47,486,-439
114000423,73,460,-387
114000424,83,209,-126
114000425,119,468,-349
114000426,190,289,-99
114000427,69,81,-12
114000428,173,60,113
114000429,8,173,-165
114000432,34,113,-79
114000434,17,90,-73
114000435,1,106,-105
114900001,134,1240,-1106
114900002,167,27,140
114900003,174,1695,-1521
114900004,75,152,-77
114900005,133,763,-630
114900006,12,23,-11
114900007,37,3,34
114900008,36,21,15
114900010,1995,1079,916
114900011,35,71,-36
114900013,60,36,24
114900015,25,106,-81
114900018,448,32,416
114900020,34,10,24
114900022,25,447,-422
114900024,62,106,-44
114900025,126,152,-26
114900026,14,33,-19
114900027,102,189,-87
114900029,5,15,-10
114900030,70,142,-72
114900031,80,19,61
114900032,46,19,27
114900033,835,132,703
114900034,37,201,-164
114900035,73,149,-76
114900036,109,851,-742
114900037,49,123,-74
114900038,87,896,-809
114900039,278,556,-278
114900040,30,165,-135
114900041,173,566,-393
114900042,302,680,-378
114900043,517,197,320
114900044,40,13,27
114900046,22,123,-101
114900047,159,768,-609
114900048,47,157,-110
114900049,8,143,-135
114900050,7,391,-384
114900051,17,419,-402
114900052,43,111,-68
114900053,17,148,-131
114900054,25,89,-64
114900057,156,4,152
114900058,0,53,-53
114900059,15,13,2
114900060,1100,200,900
114900061,69,141,-72
114900062,162,180,-18
114900063,39,184,-145
114900064,426,533,-107
114900065,155,485,-330
114900067,7,239,-232
114900068,34,118,-84
114900069,120,100,20
114900070,109,522,-413
114900072,7,205,-198
114900073,0,140,-140
114900074,96,702,-606
114900075,86,3,83
114900076,2,239,-237
114900080,2714,260,2454
114900082,2670,967,1703
114900083,351,548,-197
114900090,86,60,26
114900091,61,149,-88
114900095,330,74,256
114900096,336,371,-35
114900097,18,0,18
114900098,0,144,-144
114900099,44,4,40
115000001,7334,4920,2414
115000002,1929,2241,-312
115000003,2853,3555,-702
115000004,1515,2808,-1293
115000005,865,2445,-1580
115000006,392,921,-529
115000007,47,98,-51
115000008,245,320,-75
115000009,83,210,-127
115000010,140,122,18
115000013,48,80,-32
115000015,110,137,-27
115000016,29,98,-69
115000019,12,262,-250
115000020,105,235,-130
115000021,146,307,-161
115000022,308,286,22
115000023,183,259,-76
115000024,848,392,456
115000025,513,348,165
115000026,80,325,-245
115000027,116,179,-63
115000028,80,466,-386
115000029,275,77,198
115000030,135,548,-413
115000031,484,144,340
115000032,9,252,-243
115000033,95,11,84
115000034,79,745,-666
115000035,485,28,457
115000036,4,273,-269
115000037,139,1,138
115000038,52,139,-87
115000039,2446,1132,1314
115000040,5377,2475,2902
115000041,582,1698,-1116
115000042,464,515,-51
115000043,2077,1949,128
115000044,2498,3843,-1345
115000045,1476,2299,-823
115000046,868,1810,-942
115000047,988,1507,-519
115000048,1020,2583,-1563
115000049,1099,2317,-1218
115000050,1626,1381,245
115000051,1639,1034,605
115000052,2833,1558,1275
115000053,1022,940,82
115000054,660,1035,-375
115000055,56,333,-277
115000056,175,185,-10
115000057,171,493,-322
115000058,137,133,4
115000059,124,206,-82
115000061,97,61,36
115000062,59,270,-211
115000063,88,279,-191
115000064,128,100,28
115000065,15,127,-112
115000067,169,34,135
115000069,38,179,-141
115000070,35,419,-384
115000071,66,6,60
115000072,25,44,-19
115000073,1216,23,1193
115000075,30,37,-7
115000076,2352,2640,-288
115000077,779,3053,-2274
115000078,423,1628,-1205
115000079,527,1928,-1401
115000080,965,2289,-1324
115000081,258,750,-492
115000082,1746,1916,-170
115000083,1097,2828,-1731
115000084,637,763,-126
115000085,267,817,-550
115000086,395,782,-387
115000087,382,1233,-851
115000088,1095,472,623
115000089,1356,1236,120
115000090,630,356,274
115000091,201,984,-783
115000092,256,274,-18
115000093,282,0,282
115000094,6157,3276,2881
115000095,5126,2923,2203
115000096,422,1837,-1415
115000097,290,635,-345
115000098,375,736,-361
115000099,987,2684,-1697
115000100,364,384,-20
115000101,282,1207,-925
115000102,248,127,121
115000103,233,730,-497
115000105,35,167,-132
115000106,224,132,92
115000107,68,564,-496
115000108,2960,2351,609
115000109,4182,1531,2651
115000110,824,501,323
115000111,420,1090,-670
115000112,287,229,58
115000113,352,587,-235
115000114,1219,565,654
115000116,1814,787,1027
115000117,2462,1069,1393
115000118,936,899,37
115000119,1090,1132,-42
115000120,313,436,-123
115000121,1347,570,777
115000122,3025,411,2614
115000123,1399,741,658
115000124,618,550,68
115000125,207,472,-265
115000126,70,219,-149
115000127,234,125,109
115000128,684,534,150
115000129,192,127,65
115000130,168,738,-570
115000131,237,176,61
115000132,51,381,-330
115000133,110,260,-150
115000134,55,109,-54
115000135,48,174,-126
115000136,49,135,-86
115000137,48,131,-83
115000138,69,164,-95
115000139,109,189,-80
115000140,74,117,-43
115000141,57,325,-268
115000142,65,256,-191
115000143,204,298,-94
115000144,208,50,158
115000145,155,451,-296
115000146,129,112,17
115000147,141,442,-301
115000148,257,1210,-953
115000149,240,143,97
115000150,456,943,-487
115000151,307,275,32
115000152,329,1191,-862
115000153,304,222,82
115000154,318,205,113
115000155,255,1058,-803
115000156,679,390,289
115000157,668,663,5
115000158,412,250,162
115000159,606,217,389
115000160,412,187,225
115000161,92,426,-334
115000162,498,326,172
115000163,409,412,-3
115000164,452,418,34
115000165,301,214,87
115000167,39,48,-9
115000168,571,148,423
115000169,494,257,237
115000170,80,88,-8
115000171,181,119,62
115000172,1329,369,960
115000173,138,170,-32
115000174,33,113,-80
115000175,78,40,38
115000176,39,40,-1
115000177,41,25,16
115000178,5,231,-226
115000179,10,14,-4
115000180,68,412,-344
115000181,184,79,105
115000182,244,273,-29
115000183,81,840,-759
115000186,277,181,96
115000187,73,498,-425
115000188,317,419,-102
115000189,160,371,-211
115000190,478,340,138
115000191,147,328,-181
115000194,92,87,5
115000195,148,119,29
115000196,39,85,-46
115000197,54,362,-308
115000198,73,145,-72
115000199,72,282,-210
115000200,126,103,23
115000201,40,305,-265
115000206,94,59,35
115000207,28,232,-204
115000208,377,505,-128
115000209,241,96,145
115000210,34,101,-67
115000211,111,171,-60
115000212,1241,249,992
115000224,121,45,76
115000225,61,44,17
115000229,204,125,79
115000230,52,314,-262
115000231,226,2187,-1961
115000232,633,316,317
115000233,33,141,-108
115000234,14,174,-160
115000241,27,240,-213
115000242,28,249,-221
115000243,34,241,-207
115000244,6,71,-65
115000246,12,4,8
115000247,5,5,0
115000248,13,9,4
115000249,34,9,25
115000250,148,26,122
115000251,73,103,-30
115000252,12,99,-87
115000253,6,117,-111
115000258,71,160,-89
115000259,183,76,107
115000261,3,26,-23
115000262,1,15,-14
115000263,5,28,-23
115000264,14,34,-20
115000267,21,67,-46
115000268,12,80,-68
115000269,70,62,8
115000270,1,22,-21
115000272,11,126,-115
115000273,131,34,97
115000280,2042,32,2010
115000281,598,69,529
115000282,580,252,328
115000284,194,53,141
115000296,344,4,340
115000297,47,27,20
115000298,21,65,-44
115000300,36,217,-181
115000302,150,148,2
115000303,236,84,152
115000304,188,57,131
115000305,19,871,-852
115000306,30,430,-400
115000307,22,276,-254
115000308,41,8,33
115000309,6,12,-6
115000310,384,1214,-830
115000311,246,1126,-880
115000313,62,604,-542
115000314,158,36,122
115000315,1091,203,888
115000316,34,40,-6
115000317,81,468,-387
115000318,430,155,275
115000319,50,199,-149
115000320,6,72,-66
115000321,180,4,176
115000322,24,202,-178
115000449,188,86,102
115000557,1,311,-310
115000558,106,51,55
115000587,166,210,-44
115000588,1542,3184,-1642
115000589,1799,1977,-178
115000590,438,1151,-713
115000591,716,550,166
115000592,477,1066,-589
115000593,845,340,505
115000594,659,962,-303
115000609,121,148,-27
115000617,1277,858,419
115000624,117,80,37
115000633,226,1248,-1022
115000634,1806,435,1371
115000635,151,58,93
115000638,882,547,335
115000641,73,65,8
115000642,236,136,100
115000643,63,268,-205
115000644,118,312,-194
115000646,372,542,-170
115000647,83,270,-187
115000648,696,1271,-575
115000893,3032,742,2290
115000894,39,818,-779
115000895,297,504,-207
115000896,806,232,574
115000897,328,44,284
115000898,635,160,475
115000899,780,782,-2
115000900,74,244,-170
115000901,65,49,16
115000912,87,58,29
115000913,0,32,-32
115000915,12,1,11
115000916,0,0,0
115000917,0,2,-2
115000918,78,129,-51
115000919,15,4,11
115000920,8,20,-12
115000921,911,36,875
115000922,1064,332,732
115000923,437,526,-89
115000925,50,43,7
115000927,9,26,-17
115000933,269,94,175
115000934,58,181,-123
115000935,25,73,-48
115000936,33,147,-114
115000937,848,92,756
115000938,173,84,89
115000939,96,73,23
115000940,1,5,-4
115000941,2,10,-8
115000942,40,43,-3
115000943,30,9,21
115000944,6,8,-2
115900001,26,71,-45
115900002,126,123,3
115900003,56,129,-73
115900004,1,54,-53
115900005,43,3,40
115900006,52,272,-220
115900008,12,7,5
115900009,26,188,-162
115900010,74,179,-105
115900011,98,233,-135
115900012,18,48,-30
115900013,222,106,116
115900014,62,110,-48
115900015,10,113,-103
115900016,46,9,37
115900017,1,0,1
115900018,109,49,60
115900019,261,12,249
115900020,25,0,25
115900021,1480,65,1415
115900022,1671,5,1666
115900023,11,0,11
115900025,41,130,-89
115900026,682,348,334
115900027,1,315,-314
115900028,455,28,427
115900029,4,458,-454
115900030,3,1,2
115900031,474,109,365
115900032,146,581,-435
115900033,0,50,-50
115900034,7,450,-443
115900035,13,71,-58
115900036,152,206,-54
115900037,13,463,-450
115900038,5,4,1
115900039,51,201,-150
115900041,220,180,40
115900042,4,2,2
115900043,23,93,-70
115900044,108,206,-98
115900046,101,238,-137
115900047,28,34,-6
115900049,78,183,-105
115900051,0,102,-102
115900052,14,297,-283
115900053,24,249,-225
115900054,46,53,-7
115900055,10,153,-143
115900056,68,331,-263
115900057,2,2,0
115900058,33,76,-43
115900060,20,106,-86
115900061,82,1,81
115900062,11,348,-337
115900063,34,4,30
115900064,136,224,-88
115900065,18,83,-65
115900066,103,118,-15
115900067,2,662,-660
115900068,3291,69,3222
115900069,43,223,-180
115900070,49,221,-172
115900071,1,518,-517
115900072,60,154,-94
115900073,18,19,-1
115900074,3,314,-311
115900075,10,235,-225
115900076,1,106,-105
115900077,7,293,-286
115900078,7,119,-112
115900079,44,18,26
115900080,248,96,152
115900081,2,57,-55
115900082,78,81,-3
115900084,115,26,89
115900085,45,30,15
115900086,1025,270,755
115900088,18,16,2
115900089,54,623,-569
115900090,108,16,92
115900091,0,15,-15
115900092,14,190,-176
115900093,0,26,-26
115900094,9,373,-364
115900096,0,10,-10
115900097,12,489,-477
115900098,39,344,-305
115900099,4,103,-99
115900100,4,373,-369
115900101,51,310,-259
115900102,6,48,-42
115900103,114,188,-74
115900104,14,125,-111
115900105,24,391,-367
115900106,9,20,-11
115900107,10,147,-137
115900108,32,26,6
115900109,46,308,-262
115900110,0,4,-4
115900111,0,51,-51
115900112,12,664,-652
115900113,6,9,-3
115900114,1,116,-115
115900115,18,112,-94
115900116,38,750,-712
115900117,23,6,17
115900118,3,321,-318
115900119,37,56,-19
115900120,15,251,-236
115900121,59,119,-60
115900124,110,217,-107
115900125,102,23,79
115900126,256,28,228
115900127,257,20,237
115900128,7,38,-31
115900129,289,20,269
115900130,38,148,-110
115900131,47,12,35
115900132,121,3,118
115900134,116,6,110
115900135,440,318,122
115900137,4,2,2
115900139,44,42,2
115900140,105,4,101
115900141,3,26,-23
115900142,6,19,-13
115900143,43,180,-137
115900144,10,84,-74
115900146,8,129,-121
115900147,143,231,-88
115900148,13,12,1
115900149,9,22,-13
115900150,7,54,-47
115900151,5,29,-24
115900152,31,315,-284
115900153,10,166,-156
115900154,406,230,176
115900155,0,53,-53
115900156,329,466,-137
115900157,39,253,-214
115900158,19,2,17
115900159,13,149,-136
115900160,6,2,4
115900161,10,121,-111
115900163,69,55,14
115900164,103,18,85
115900166,140,139,1
115900168,17,141,-124
115900171,52,255,-203
115900172,14,139,-125
115900173,144,130,14
115900174,222,228,-6
115900175,40,150,-110
115900178,5,562,-557
115900179,74,13,61
115900180,12,254,-242
115900181,24,217,-193
115900182,117,271,-154
115900183,63,13,50
115900184,1336,6,1330
115900187,5,96,-91
115900189,0,72,-72
115900190,310,295,15
115900191,25,326,-301
115900192,5,33,-28
115900193,44,21,23
115900194,127,17,110
115900195,248,554,-306
115900198,115,184,-69
115900199,125,150,-25
115900200,159,183,-24
115900201,219,116,103
115900202,0,7,-7
115900203,3,2,1
115900204,1,0,1
115900205,12,11,1
115900206,45,78,-33
115900207,11,28,-17
115900208,31,249,-218
115900209,0,66,-66
115900210,1,138,-137
115900211,2,99,-97
115900212,36,173,-137
115900213,14,26,-12
115900214,110,275,-165
115900215,16,27,-11
115900216,3,75,-72
115900217,0,34,-34
115900218,1,25,-24
115900219,20,0,20
115900220,22,5,17
115900221,25,12,13
115900222,20,3,17
115900223,12,47,-35
115900224,1115,198,917
115900225,102,19,83
115900226,12,9,3
115900227,0,22,-22
115900228,1,28,-27
115900229,1,22,-21
115900230,25,49,-24
115900231,46,0,46
115900232,12,0,12
115900233,46,5,41
115900234,21,7,14
115900235,5,9,-4
115900236,2,3,-1
115900237,5,9,-4
115900238,6,10,-4
115900239,2,13,-11
115900240,5,38,-33
115900241,54,54,0
115900242,107,108,-1
115900243,4,6,-2
115900244,1,15,-14
115900245,22,16,6
115900246,3,7,-4
115900247,9,20,-11
115900248,3,1,2
115900249,0,7,-7
115900250,4,7,-3
115900251,0,4,-4
115900252,0,0,0
115900253,3,8,-5
115900254,4,9,-5
115900255,16,4,12
115900256,10,6,4
115900257,0,1,-1
115900258,0,1,-1
115900259,1,8,-7
115900260,8,1,7
115900261,1,1,0
115900262,1,3,-2
115900263,5,0,5
115900264,0,1,-1
115900265,0,1,-1
115900266,0,4,-4
115900267,2,0,2
115900268,2,1,1
115900269,125,291,-166
115900270,109,619,-510
115900271,25,0,25
115900272,10,1,9
115900273,1,3,-2
115900274,1,12,-11
115900275,0,44,-44
115900276,0,45,-45
115900277,1,127,-126
115900278,3,87,-84
115900279,9,120,-111
115900280,16,111,-95
115900281,414,85,329
115900282,7,4,3
115900283,1,2,-1
115900284,4,11,-7
116000001,13854,3625,10229
116000002,2504,2704,-200
116000003,865,1262,-397
116000004,706,1088,-382
116000005,1932,2429,-497
116000006,1111,715,396
116000007,2249,2941,-692
116000008,1667,1194,473
116000009,1255,2119,-864
116000010,850,547,303
116000011,501,1468,-967
116000012,375,332,43
116000013,12646,3232,9414
116000014,15823,4159,11664
116000015,295,393,-98
116000016,5838,962,4876
116000017,9,230,-221
116000018,466,223,243
116000019,301,190,111
116000020,193,869,-676
116000021,117,159,-42
116000022,152,362,-210
116000023,349,296,53
116000024,460,1078,-618
116000025,533,331,202
116000026,1099,1546,-447
116000027,206,284,-78
116000028,146,261,-115
116000029,686,348,338
116000030,196,172,24
116000031,93,110,-17
116000032,167,242,-75
116000033,174,317,-143
116000034,175,653,-478
116000035,225,334,-109
116000036,1474,315,1159
116000037,443,252,191
116000038,420,197,223
116000039,545,170,375
116000040,696,140,556
116000041,183,389,-206
116000042,214,184,30
116000043,37,339,-302
116000044,8,122,-114
116000045,693,644,49
116000046,592,501,91
116000047,1296,1070,226
116000048,1184,977,207
116000049,372,1155,-783
116000050,636,889,-253
116000051,1246,994,252
116000052,1451,2217,-766
116000053,672,714,-42
116000054,346,1740,-1394
116000055,148,1252,-1104
116000056,293,556,-263
116000057,1964,1579,385
116000058,1575,1212,363
116000059,1350,2469,-1119
116000060,2236,505,1731
116000061,370,581,-211
116000062,509,167,342
116000063,479,748,-269
116000066,91,192,-101
116000067,181,394,-213
116000068,69,109,-40
116000069,141,303,-162
116000078,105,585,-480
116000080,711,744,-33
116000082,2,55,-53
116000083,636,217,419
116000084,1381,2925,-1544
116000085,1188,601,587
116000086,1632,1151,481
116000087,710,633,77
116000088,436,914,-478
116000089,79,81,-2
116000090,48,109,-61
116000091,87,76,11
116000093,768,339,429
116000094,226,451,-225
116000095,288,397,-109
116000096,249,780,-531
116000097,215,528,-313
116000098,157,2262,-2105
116000099,6798,211,6587
116000100,34,4,30
116000101,181,1225,-1044
116000102,123,1132,-1009
116000103,163,160,3
116000104,113,1312,-1199
116000105,278,182,96
116000106,111,829,-718
116000107,393,355,38
116000108,3,107,-104
116000111,24,3,21
116000113,86,24,62
116000114,18,90,-72
116000115,58,26,32
116000116,110,339,-229
116000117,574,1476,-902
116000118,703,1251,-548
116000119,1023,1149,-126
116000120,1596,3969,-2373
116000121,350,280,70
116000122,941,1910,-969
116000123,208,236,-28
116000124,150,929,-779
116000125,777,389,388
116000126,135,1221,-1086
116000127,662,1350,-688
116000128,734,527,207
116000129,342,166,176
116000130,164,156,8
116000133,211,758,-547
116000134,834,2130,-1296
116000135,726,950,-224
116000136,721,1912,-1191
116000137,362,370,-8
116000138,936,311,625
116000139,1235,1800,-565
116000140,58,221,-163
116000141,258,902,-644
116000142,2991,3470,-479
116000143,1530,958,572
116000144,821,2468,-1647
116000145,952,1115,-163
116000146,108,337,-229
116000147,117,68,49
116000148,190,270,-80
116000149,195,338,-143
116000151,356,846,-490
116000153,30,383,-353
116000155,169,157,12
116000156,1048,697,351
116000157,17,11,6
116000158,154,245,-91
116000159,6,6,0
116000160,21,75,-54
116000161,2,75,-73
116000162,33,29,4
116000163,7,8,-1
116000164,6,7,-1
116000177,13,68,-55
116000194,39,213,-174
116000195,797,428,369
116000196,2,8,-6
116000197,2,9,-7
116000198,2094,719,1375
116000200,441,169,272
116000201,289,450,-161
116000202,1,222,-221
116000203,2,62,-60
116000204,6,30,-24
116000205,0,87,-87
116000206,7,38,-31
116000207,0,18,-18
116000233,100,695,-595
116000287,34,469,-435
116000288,43,174,-131
116000292,17,112,-95
116000296,15,149,-134
116000297,35,19,16
116000304,20,32,-12
116000305,13,59,-46
116000346,54,141,-87
116000352,66,25,41
116000354,21,8,13
116000357,2,8,-6
116000358,62,27,35
116000361,386,1,385
116000372,7571,1353,6218
116000381,50,0,50
116000388,2,27,-25
116000389,415,395,20
116000445,95,655,-560
116000446,129,712,-583
116000447,3,373,-370
116000448,387,178,209
116000563,567,274,293
116000565,33,317,-284
116000568,42,73,-31
116000579,9,105,-96
116000584,8,20,-12
116000585,3,12,-9
116000586,138,44,94
116000587,94,302,-208
116000589,21,82,-61
116000590,29,18,11
116000591,44,186,-142
116000592,11,147,-136
116000593,0,39,-39
116000594,126,433,-307
116000595,217,107,110
116000596,31,3,28
116000597,91,19,72
116000598,6,149,-143
116000605,134,88,46
116000606,19,118,-99
116000607,2,28,-26
116000609,135,400,-265
116000611,81,417,-336
116000612,389,1363,-974
116000613,173,216,-43
116000614,347,675,-328
116000615,0,73,-73
116000616,12,79,-67
116000617,26,62,-36
116000618,0,139,-139
116000619,7,27,-20
116000620,27,22,5
116000621,10,20,-10
116000622,24,50,-26
116000624,16,37,-21
116000627,15,41,-26
116000628,18,876,-858
116000629,12,421,-409
116000630,158,37,121
116000631,51,41,10
116000632,222,144,78
116000633,42,329,-287
116000634,90,230,-140
116000635,2117,1073,1044
116000636,1020,566,454
116000637,106,92,14
116000638,38,430,-392
116000640,1,4,-3
116000641,51,146,-95
116000644,4,1043,-1039
116900001,131,62,69
116900002,182,3,179
116900003,16,56,-40
116900004,16,36,-20
116900005,81,29,52
116900006,136,94,42
116900007,70,128,-58
116900008,82,388,-306
116900009,8,3,5
116900010,2,1468,-1466
116900011,11,25,-14
116900012,45,140,-95
116900013,4,109,-105
116900014,11,274,-263
116900015,56,65,-9
116900016,28,0,28
116900017,2,633,-631
116900018,13,19,-6
116900019,1,311,-310
116900020,1152,154,998
116900023,10,5,5
116900024,207,72,135
116900025,233,828,-595
116900026,137,578,-441
116900027,6,24,-18
116900028,0,76,-76
116900029,16,6,10
116900031,0,2,-2
116900032,1,248,-247
116900033,2,3,-1
116900034,4,52,-48
116900035,49,124,-75
116900036,0,74,-74
116900038,2,0,2
116900041,52,15,37
116900042,731,141,590
116900043,2,39,-37
116900047,57,19,38
116900049,30,181,-151
116900050,35,251,-216
116900051,21,182,-161
116900052,117,72,45
116900055,0,0,0
116900057,5,235,-230
116900058,7,292,-285
116900059,0,150,-150
116900060,91,177,-86
116900062,0,2,-2
116900064,28,817,-789
116900065,0,58,-58
116900067,40,83,-43
116900068,106,406,-300
116900070,0,1,-1
116900072,10,336,-326
116900073,1,145,-144
116900074,2,29,-27
116900076,7,11,-4
116900077,3,131,-128
116900078,187,68,119
116900079,20,229,-209
116900080,2,7,-5
116900081,120,1031,-911
116900082,119,899,-780
116900083,18,60,-42
116900084,104,46,58
116900085,13,116,-103
116900086,8,161,-153
116900088,272,29,243
116900090,82,50,32
116900091,74,50,24
116900092,31,646,-615
116900093,1292,1189,103
116900094,5249,1340,3909
116900095,128,160,-32
116900096,36,64,-28
116900097,2791,1088,1703
116900098,696,108,588
116900099,284,283,1
116900100,274,21,253
116900101,164,571,-407
116900103,1,0,1
116900104,12,42,-30
116900105,148,27,121
116900106,473,286,187
116900107,3297,621,2676
116900110,3,0,3
116900111,98,1002,-904
116900112,77,633,-556
116900113,2009,608,1401
116900116,78,177,-99
116900117,28,58,-30
116900118,1072,317,755
116900120,69,92,-23
116900121,28,30,-2
116900122,173,605,-432
116900123,43,711,-668
116900124,75,576,-501
116900125,68,143,-75
116900126,152,322,-170
116900128,1,40,-39
116900129,2,218,-216
116900130,736,1192,-456
116900131,16,132,-116
116900132,9,33,-24
116900133,51,72,-21
116900134,100,128,-28
116900136,38,89,-51
116900137,163,106,57
116900138,112,172,-60
116900139,45,330,-285
116900140,60,134,-74
116900141,226,176,50
116900142,0,16,-16
116900143,94,376,-282
116900144,3,33,-30
116900145,39,272,-233
116900147,408,159,249
116900148,2,35,-33
116900149,11,57,-46
116900150,5,2,3
116900151,52,8,44
116900153,16,44,-28
116900154,347,89,258
116900155,41,25,16
116900157,92,171,-79
116900158,83,57,26
116900159,10,123,-113
116900160,288,236,52
116900161,6482,2128,4354
116900162,31,144,-113
116900163,34,107,-73
116900164,15,18,-3
116900165,54,66,-12
116900166,9,52,-43
116900167,92,23,69
116900168,77,56,21
116900169,401,110,291
116900170,45,154,-109
116900171,10,133,-123
116900172,128,37,91
116900173,47,35,12
116900174,2,22,-20
116900175,91,52,39
116900178,6,146,-140
116900179,57,64,-7
116900180,83,25,58
116900182,149,107,42
116900183,73,58,15
116900185,11,23,-12
116900186,49,272,-223
116900187,8,7,1
116900188,42,10,32
116900189,8,1,7
116900191,129,189,-60
116900192,115,125,-10
116900194,20,284,-264
116900195,18,3,15
116900196,25,110,-85
116900197,23,1,22
116900198,207,99,108
116900200,6,33,-27
116900201,7,1,6
116900202,146,38,108
116900203,27,3,24
116900204,14,54,-40
116900206,1,23,-22
116900207,4,14,-10
116900208,2,78,-76
116900209,7,115,-108
116900210,185,95,90
116900211,119,9,110
116900212,7,38,-31
116900213,113,135,-22
116900214,65,102,-37
116900215,11,58,-47
116900216,106,273,-167
116900218,2,259,-257
116900219,422,271,151
116900220,36,109,-73
116900221,42,225,-183
116900222,184,155,29
116900223,27,81,-54
116900226,9,57,-48
116900227,63,46,17
116900228,108,234,-126
116900230,38,275,-237
116900231,17,431,-414
116900232,7,495,-488
116900233,74,60,14
116900234,5,2,3
116900235,132,248,-116
116900238,895,247,648
116900239,32,516,-484
116900240,4479,1399,3080
116900241,11,85,-74
116900242,1208,157,1051
116900243,0,42,-42
116900245,31,8,23
116900246,9,9,0
116900247,93,5,88
116900248,21,18,3
116900249,109,92,17
116900250,38,16,22
116900251,297,76,221
116900252,26,663,-637
116900253,22,35,-13
116900254,1,59,-58
116900255,36,22,14
116900256,79,29,50
116900257,3,454,-451
116900258,3,246,-243
116900259,19,4,15
116900260,1,131,-130
116900261,9,0,9
116900262,22,107,-85
116900263,0,2,-2
116900264,27,28,-1
116900265,6,0,6
116900266,2,35,-33
116900267,2,1,1
116900268,9,1,8
116900269,180,385,-205
116900271,1274,58,1216
116900272,380,452,-72
116900273,206,27,179
116900274,22,40,-18
116900275,41,97,-56
116900276,439,21,418
116900277,369,17,352
116900278,2,5,-3
116900279,0,16,-16
116900280,9,17,-8
116900281,6262,1256,5006
116900282,3,123,-120
116900283,7,109,-102
116900284,22,143,-121
116900285,196,114,82
116900286,118,3,115
116900287,2,64,-62
116900288,15,122,-107
116900289,1,23,-22
116900290,1,27,-26
116900291,1,3,-2
116900292,0,1,-1
116900293,6,63,-57
116900294,13,86,-73
116900295,88,33,55
116900296,42,54,-12
116900297,1,49,-48
116900298,106,16,90
116900299,35,43,-8
116900300,6,140,-134
116900301,32,62,-30
116900302,36,12,24
116900303,368,15,353
116900304,0,96,-96
116900305,11,44,-33
116900306,29,78,-49
116900307,7,0,7
116900308,2,197,-195
116900309,9,160,-151
117000001,703,793,-90
117000002,1120,3031,-1911
117000003,4705,1893,2812
117000004,3346,4023,-677
117000005,900,973,-73
117000006,627,3683,-3056
117000007,1646,938,708
117000008,902,3563,-2661
117000009,3011,1088,1923
117000010,2188,3446,-1258
117000011,786,1614,-828
117000012,759,1398,-639
117000013,794,1152,-358
117000014,712,2049,-1337
117000015,1975,975,1000
117000016,431,69,362
117000017,413,119,294
117000018,118,212,-94
117000019,154,22,132
117000020,725,677,48
117000021,3032,432,2600
117000022,454,34,420
117000023,554,108,446
117000024,366,33,333
117000025,757,382,375
117000026,2400,560,1840
117000027,1730,725,1005
117000028,1598,305,1293
117000030,477,492,-15
117000031,228,142,86
117000032,1473,1076,397
117000033,778,451,327
117000034,186,268,-82
117000035,165,148,17
117000036,288,199,89
117000037,158,137,21
117000038,222,264,-42
117000039,233,209,24
117000040,102,1214,-1112
117000041,367,97,270
117000044,11,1028,-1017
117000045,243,44,199
117000046,350,710,-360
117000047,469,391,78
117000048,1457,1040,417
117000049,107,297,-190
117000050,63,2204,-2141
117000051,901,156,745
117000052,2,527,-525
117000053,139,47,92
117000054,793,0,793
117000055,13,3006,-2993
117000056,265,10,255
117000057,508,1455,-947
117000060,318,1574,-1256
117000061,794,490,304
117000062,136,456,-320
117000063,789,553,236
117000064,734,674,60
117000066,810,487,323
117000067,122,192,-70
117000074,118,118,0
117000076,53,28,25
117000077,91,69,22
117000078,69,482,-413
117000079,100,147,-47
117000080,1,361,-360
117000081,536,106,430
117000082,12,44,-32
117000083,94,6,88
117000084,241,1,240
117000085,75,341,-266
117000086,1130,612,518
117000087,73,399,-326
117000088,158,158,0
117000089,698,248,450
117000090,149,1277,-1128
117000091,262,300,-38
117000092,247,1562,-1315
117000093,442,481,-39
117000094,426,2215,-1789
117000095,1047,581,466
117000096,312,2183,-1871
117000097,466,935,-469
117000098,2120,4699,-2579
117000099,1126,516,610
117000100,64,112,-48
117000101,155,1145,-990
117000102,606,388,218
117000103,659,1565,-906
117000104,639,357,282
117000105,508,1759,-1251
117000106,518,494,24
117000107,278,2216,-1938
117000108,731,555,176
117000109,1312,2436,-1124
117000110,857,463,394
117000111,2620,3476,-856
117000112,1390,1359,31
117000113,37,294,-257
117000114,98,112,-14
117000115,33,108,-75
117000116,53,183,-130
117000117,1064,272,792
117000118,196,128,68
117000119,165,23,142
117000120,310,30,280
117000121,81,284,-203
117000122,517,593,-76
117000123,1374,13,1361
117000124,381,10,371
117000125,364,31,333
117000126,45,50,-5
117000127,123,255,-132
117000128,376,387,-11
117000129,494,230,264
117000130,67,0,67
117000131,0,252,-252
117000132,628,15,613
117000133,314,62,252
117000134,1,25,-24
117000135,2,33,-31
117000136,0,46,-46
117000137,18,37,-19
117000138,5,360,-355
117000140,287,1485,-1198
117000141,747,377,370
117000181,899,301,598
117000182,254,140,114
117000195,148,1170,-1022
117000196,54,24,30
117000225,158,4,154
117000226,9,117,-108
117000276,51,2,49
117000277,0,467,-467
117000310,2015,2166,-151
117000315,32,576,-544
117000320,64,0,64
117000906,63,5,58
117000907,4,366,-362
117000909,77,8,69
117000910,170,92,78
117000911,66,180,-114
117000915,7,524,-517
117000916,16,0,16
117000917,343,13,330
117000918,13,20,-7
117000919,20,126,-106
117000920,4,1437,-1433
117000921,2,1900,-1898
117000922,43,84,-41
117000924,215,553,-338
117000926,1276,67,1209
117000927,874,197,677
117000928,0,205,-205
117000929,189,422,-233
117000930,23,4,19
117000931,359,34,325
117900002,93,258,-165
117900003,682,214,468
117900005,4,2,2
117900006,0,18,-18
117900007,36,126,-90
117900008,0,27,-27
117900010,167,122,45
117900011,16,16,0
117900012,31,167,-136
117900013,0,292,-292
117900014,255,202,53
117900015,5,225,-220
117900016,955,237,718
117900017,221,505,-284
117900018,195,26,169
117900019,246,545,-299
117900020,40,219,-179
117900021,24,96,-72
117900022,8,9,-1
117900023,574,101,473
117900024,82,118,-36
117900025,59,14,45
117900026,102,341,-239
117900028,35,5,30
117900029,92,841,-749
117900030,123,130,-7
117900031,104,76,28
117900032,325,194,131
117900033,79,926,-847
117900034,19,25,-6
117900035,64,29,35
117900036,102,578,-476
117900037,13,105,-92
117900038,11,363,-352
117900039,5,88,-83
117900040,48,523,-475
117900041,4,57,-53
117900042,3425,256,3169
117900043,20,27,-7
117900044,28,1633,-1605
117900045,94,37,57
117900048,80,275,-195
117900049,41,762,-721
117900050,12,27,-15
117900051,33,2,31
117900052,27,183,-156
117900053,418,455,-37
117900054,1,10,-9
117900055,77,158,-81
117900056,221,16,205
117900057,524,1064,-540
117900058,49,2,47
117900059,192,40,152
117900060,378,3936,-3558
117900061,6,186,-180
117900063,100,163,-63
117900065,443,791,-348
117900066,4,13,-9
117900067,160,334,-174
117900069,204,449,-245
117900070,245,4,241
117900071,66,103,-37
117900073,117,328,-211
117900074,125,2,123
117900075,59,71,-12
117900076,11,25,-14
117900077,101,61,40
117900078,130,253,-123
117900080,136,43,93
117900081,463,261,202
117900082,141,146,-5
117900083,187,677,-490
117900086,50,44,6
117900087,29,55,-26
117900088,1939,1169,770
117900089,626,182,444
117900090,163,825,-662
117900091,150,92,58
117900092,10,41,-31
117900093,23,78,-55
117900094,7,7,0
117900095,160,638,-478
117900096,24,154,-130
117900097,43,48,-5
117900098,5,2,3
117900099,65,402,-337
117900100,77,1,76
117900101,246,630,-384
117900102,21,39,-18
117900103,12,1,11
117900104,8,129,-121
117900105,162,153,9
117900106,35,46,-11
117900107,7,0,7
117900109,167,196,-29
117900110,42,0,42
117900111,110,5,105
117900112,23,9,14
117900113,2811,1005,1806
117900114,1,0,1
117900115,205,52,153
117900116,590,485,105
117900117,239,183,56
117900118,12,0,12
117900119,29,250,-221
117900120,61,67,-6
117900121,59,18,41
117900122,700,923,-223
117900123,387,680,-293
117900124,188,334,-146
117900125,614,461,153
117900126,204,426,-222
117900127,175,506,-331
117900128,92,770,-678
117900129,10,0,10
117900130,521,219,302
117900131,0,88,-88
117900132,0,85,-85
117900133,2,104,-102
117900134,22,135,-113
117900135,6,217,-211
117900136,0,69,-69
117900137,10,319,-309
117900138,0,41,-41
117900139,20,81,-61
117900140,4676,118,4558
117900141,171,224,-53
117900142,18,10,8
117900144,46,78,-32
117900145,61,3,58
117900146,86,62,24
117900147,23,39,-16
117900148,2164,734,1430
117900149,17,140,-123
117900150,24,73,-49
117900151,27,128,-101
117900152,75,93,-18
117900153,9,82,-73
117900154,254,546,-292
117900156,523,498,25
117900157,42,308,-266
117900158,71,31,40
117900160,211,153,58
117900161,1765,1867,-102
117900162,115,326,-211
117900163,49,6,43
117900165,0,3,-3
117900166,61,157,-96
117900168,21,139,-118
117900169,1,94,-93
117900170,3,27,-24
117900171,0,12,-12
117900172,15,43,-28
117900173,93,36,57
117900174,10,40,-30
117900175,1,22,-21
117900176,4,37,-33
117900177,6,38,-32
117900178,67,29,38
117900180,208,13,195
117900181,116,108,8
117900182,2,17,-15
117900183,11,70,-59
117900184,0,22,-22
117900185,17,16,1
117900186,12,11,1
117900187,3,1,2
117900188,75,7,68
117900189,26,1,25
117900190,1,0,1
117900191,24,1,23
117900192,45,0,45
117900193,2,19,-17
117900194,12,3,9
117900195,4,4,0
117900196,3,12,-9
117900207,47,27,20
117900208,23,35,-12
117900209,126,121,5
117900210,110,104,6
117900211,6,99,-93
117900212,45,124,-79
117900213,3,5,-2
117900214,1,33,-32
117900215,7,39,-32
117900216,28,3,25
117900217,58,24,34
117900218,233,109,124
117900219,1,17,-16
117900220,59,57,2
117900222,141,159,-18
117900223,97,100,-3
118000001,480,282,198
118000002,1055,1292,-237
118000003,1285,868,417
118000004,2730,1713,1017
118000005,4042,1071,2971
118000006,6101,5345,756
118000007,4887,1410,3477
118000008,4915,1873,3042
118000009,1479,1744,-265
118000010,1511,2770,-1259
118000011,414,1986,-1572
118000012,695,2000,-1305
118000013,2295,2095,200
118000014,1422,2801,-1379
118000016,180,542,-362
118000017,107,231,-124
118000018,152,634,-482
118000019,1257,912,345
118000020,710,874,-164
118000021,608,1115,-507
118000022,1387,362,1025
118000023,820,177,643
118000024,1057,380,677
118000027,13236,3398,9838
118000029,809,398,411
118000032,1230,1012,218
118000033,1907,1623,284
118000034,3421,1316,2105
118000035,1172,1111,61
118000036,947,691,256
118000037,321,559,-238
118000038,63,118,-55
118000039,57,367,-310
118000040,1114,1777,-663
118000041,1325,1065,260
118000045,658,96,562
118000046,1451,376,1075
118000047,1241,373,868
118000048,3353,818,2535
118000051,1522,312,1210
118000052,762,177,585
118000053,399,263,136
118000054,2044,939,1105
118000055,1427,879,548
118000056,246,167,79
118000057,201,191,10
118000058,2235,797,1438
118000059,1072,540,532
118000060,358,479,-121
118000061,289,901,-612
118000062,309,119,190
118000063,204,291,-87
118000064,617,761,-144
118000065,4672,982,3690
118000066,573,660,-87
118000067,1289,776,513
118000068,1495,2148,-653
118000069,2999,888,2111
118000070,6913,1045,5868
118000071,3147,2717,430
118000072,1599,744,855
118000073,2875,329,2546
118000074,254,339,-85
118000075,626,190,436
118000076,928,882,46
118000077,1122,836,286
118000078,1359,1306,53
118000079,197,194,3
118000080,914,570,344
118000081,1095,841,254
118000082,227,433,-206
118000083,1746,679,1067
118000084,2146,870,1276
118000086,99,400,-301
118000087,5249,1831,3418
118000088,1808,1227,581
118000089,3043,1638,1405
118000090,1923,1562,361
118000091,1026,1099,-73
118000092,1023,304,719
118000093,78,504,-426
118000096,290,304,-14
118000097,328,357,-29
118000098,207,153,54
118000099,172,702,-530
118000101,389,224,165
118000102,175,1486,-1311
118000107,2593,224,2369
118000108,427,668,-241
118000110,0,13,-13
118000111,0,440,-440
118000112,138,1,137
118000113,1,863,-862
118000114,110,3,107
118000115,16,5,11
118000116,23,2,21
118000117,1007,681,326
118000118,607,424,183
118000119,437,759,-322
118000120,1014,1023,-9
118000121,43,345,-302
118000122,843,121,722
118000123,26,182,-156
118000125,1234,824,410
118000126,439,955,-516
118000127,1384,518,866
118000128,565,806,-241
118000129,470,164,306
118000130,2340,3377,-1037
118000131,489,848,-359
118000132,1394,1094,300
118000133,269,306,-37
118000135,209,206,3
118000136,72,470,-398
118000137,573,44,529
118000138,160,553,-393
118000139,101,61,40
118000140,1298,1920,-622
118000141,1013,1767,-754
118000142,811,1704,-893
118000143,689,658,31
118000144,1188,781,407
118000145,768,2575,-1807
118000146,603,1364,-761
118000147,382,1649,-1267
118000148,200,1037,-837
118000149,336,973,-637
118000150,77,151,-74
118000151,121,349,-228
118000153,479,896,-417
118000154,456,1163,-707
118000155,441,936,-495
118000156,1682,1520,162
118000157,197,311,-114
118000158,107,357,-250
118000159,5,29,-24
118000160,160,272,-112
118000161,166,786,-620
118000162,406,527,-121
118000163,250,404,-154
118000164,1712,786,926
118000168,1017,138,879
118000169,724,1401,-677
118000170,2613,5312,-2699
118000171,158,526,-368
118000172,104,159,-55
118000173,442,814,-372
118000175,90,195,-105
118000176,138,331,-193
118000177,51,339,-288
118000178,34,32,2
118000179,960,342,618
118000180,403,494,-91
118000181,399,264,135
118000182,118,227,-109
118000183,115,133,-18
118000184,230,827,-597
118000185,439,569,-130
118000186,277,550,-273
118000187,529,848,-319
118000188,154,180,-26
118000189,96,730,-634
118000190,7,5,2
118000191,9,23,-14
118000192,58,91,-33
118000193,42,115,-73
118000194,1498,763,735
118000195,1045,272,773
118000196,387,71,316
118000197,145,56,89
118000198,591,236,355
118000199,465,159,306
118000200,75,120,-45
118000201,437,153,284
118000202,39,24,15
118000203,1516,232,1284
118000204,152,117,35
118000205,302,241,61
118000206,64,139,-75
118000207,0,87,-87
118000208,660,1088,-428
118000209,871,1423,-552
118000210,16,13,3
118000211,10,20,-10
118000213,562,393,169
118000214,476,177,299
118000215,107,290,-183
118000216,734,2779,-2045
118000217,9,153,-144
118000218,50,95,-45
118000219,327,294,33
118000220,0,6,-6
118000221,33,128,-95
118000222,55,22,33
118000223,5,25,-20
118000224,142,94,48
118000225,78,673,-595
118000226,381,73,308
118000227,790,161,629
118000228,93,45,48
118000229,255,15,240
118000230,38,222,-184
118000231,61,134,-73
118000232,313,857,-544
118000233,412,582,-170
118000234,103,275,-172
118000236,120,287,-167
118000237,26,544,-518
118000238,54,192,-138
118000239,131,190,-59
118000240,320,38,282
118000241,38,225,-187
118000242,178,566,-388
118000243,51,142,-91
118000244,17,131,-114
118000246,0,1,-1
118000255,49,154,-105
118000256,69,169,-100
118000259,1,39,-38
118000260,58,66,-8
118000261,12,54,-42
118000263,59,159,-100
118000266,42,335,-293
118000267,0,90,-90
118000268,174,2,172
118000270,13,21,-8
118000271,60,141,-81
118000272,21,30,-9
118000273,62,44,18
118000274,87,300,-213
118000276,102,159,-57
118000295,3,52,-49
118000298,101,364,-263
118000299,29,212,-183
118000301,0,32,-32
118000302,56,88,-32
118000311,73,89,-16
118000312,53,129,-76
118000313,15,66,-51
118000314,26,69,-43
118000315,3,44,-41
118000316,224,433,-209
118000325,2,53,-51
118000326,10,34,-24
118000331,4,32,-28
118000332,7,35,-28
118000333,5,31,-26
118000335,63,0,63
118000336,0,348,-348
118000407,36,60,-24
118000457,1,24,-23
118000465,2694,1754,940
118000480,12,114,-102
118000489,30,90,-60
118000490,81,408,-327
118000492,134,114,20
118000510,46,12,34
118000514,100,210,-110
118000515,399,249,150
118000517,364,153,211
118000524,546,117,429
118000525,530,758,-228
118000530,5,86,-81
118000531,67,181,-114
118000532,95,246,-151
118000533,270,99,171
118000534,304,307,-3
118000535,70,65,5
118000536,492,253,239
118000537,18,29,-11
118000538,17,62,-45
118000539,3,41,-38
118000540,166,166,0
118000541,72,80,-8
118000542,43,101,-58
118000543,119,98,21
118000546,20,17,3
118000553,0,3,-3
118000560,2648,462,2186
118000562,5,312,-307
118000563,1344,1282,62
118000576,105,195,-90
118000577,124,147,-23
118000578,102,101,1
118000579,559,566,-7
118000583,0,1,-1
118000595,86,45,41
118000596,0,77,-77
118000597,59,166,-107
118000598,0,0,0
118000599,17,32,-15
118000600,0,11,-11
118000601,0,0,0
118000602,0,1,-1
118000603,0,47,-47
118000605,35,371,-336
118900001,797,432,365
118900002,889,307,582
118900003,78,5,73
118900004,14,38,-24
118900005,51,1,50
118900006,39,1,38
118900007,2,4,-2
118900008,462,28,434
118900009,12,15,-3
118900010,22,3,19
118900011,47,5,42
118900012,148,152,-4
118900013,524,28,496
118900015,40,15,25
118900016,4,26,-22
118900017,92,96,-4
118900018,901,4,897
118900019,26,2,24
118900020,163,70,93
118900021,72,262,-190
118900022,58,120,-62
118900023,41,72,-31
118900024,26,159,-133
118900025,23,21,2
118900026,9,70,-61
118900027,271,176,95
118900028,39,145,-106
118900029,76,336,-260
118900030,49,44,5
118900031,37,96,-59
118900032,59,208,-149
118900033,208,650,-442
118900034,46,3,43
118900035,29,260,-231
118900036,324,456,-132
118900037,178,261,-83
118900038,142,309,-167
118900039,126,205,-79
118900040,95,90,5
118900041,89,102,-13
118900042,59,66,-7
118900045,65,92,-27
118900046,603,114,489
118900047,576,178,398
118900048,55,161,-106
118900049,44,14,30
118900050,9,104,-95
118900051,49,49,0
118900052,69,192,-123
118900053,14,56,-42
118900054,22,58,-36
118900055,25,104,-79
118900056,79,71,8
118900057,153,169,-16
118900058,197,346,-149
118900059,12,45,-33
118900060,12,68,-56
118900062,44,158,-114
118900064,401,210,191
118900065,16,71,-55
118900066,31,92,-61
118900067,4859,1519,3340
118900068,0,83,-83
118900069,84,156,-72
118900071,0,29,-29
118900072,169,243,-74
118900073,46,52,-6
118900074,52,104,-52
118900075,12,32,-20
118900076,120,28,92
118900077,153,156,-3
118900078,10,10,0
118900079,27,124,-97
118900080,4,41,-37
118900081,28,22,6
118900082,281,98,183
118900083,5,12,-7
118900084,14,9,5
118900085,281,776,-495
118900086,13,34,-21
118900087,7,82,-75
118900088,0,12,-12
118900089,33,6,27
118900090,227,376,-149
118900091,116,57,59
118900092,41,57,-16
118900093,72,6,66
118900096,29,30,-1
118900097,65,558,-493
118900099,21,204,-183
118900100,78,99,-21
118900101,19,424,-405
118900102,7,48,-41
118900103,16,21,-5
118900104,28,94,-66
118900105,66,43,23
118900107,119,55,64
118900108,28,69,-41
118900110,1122,303,819
118900111,111,517,-406
118900112,10,99,-89
118900113,94,407,-313
118900114,4,68,-64
118900115,58,207,-149
118900116,31,87,-56
118900117,37,119,-82
118900118,137,346,-209
118900119,36,220,-184
118900120,40,205,-165
118900121,7,218,-211
118900122,4,268,-264
118900123,57,162,-105
118900124,42,104,-62
118900126,6,154,-148
118900129,63,90,-27
118900130,32,56,-24
118900131,50,171,-121
118900132,174,95,79
118900133,7,36,-29
118900135,58,212,-154
118900136,146,604,-458
118900137,1,9,-8
118900139,56,413,-357
118900140,239,641,-402
118900141,23,226,-203
118900144,64,550,-486
118900145,18,125,-107
118900146,121,605,-484
118900147,61,106,-45
118900148,13,40,-27
118900150,78,259,-181
118900152,168,798,-630
118900157,58,67,-9
118900158,7,112,-105
118900159,0,197,-197
118900161,61,8,53
118900163,190,53,137
118900164,1,87,-86
118900165,10,200,-190
118900166,12,4,8
118900167,23,143,-120
118900168,1,22,-21
118900169,50,334,-284
118900170,12,63,-51
118900171,5,11,-6
118900174,19,25,-6
118900175,94,179,-85
118900176,21,85,-64
118900177,21,59,-38
118900178,6,47,-41
118900179,0,28,-28
118900181,17,51,-34
118900182,27,17,10
118900183,4,42,-38
118900184,90,20,70
118900185,19,85,-66
118900186,34,57,-23
118900187,60,207,-147
118900188,115,259,-144
118900189,6,295,-289
118900190,4,511,-507
118900191,50,22,28
118900192,44,25,19
118900193,91,2,89
118900195,314,748,-434
118900196,5,139,-134
118900197,63,90,-27
118900198,2,32,-30
118900199,8,43,-35
118900200,7,2,5
118900201,6,4,2
118900202,7,58,-51
118900203,5,25,-20
118900204,10,25,-15
118900205,2,24,-22
118900206,0,23,-23
119000001,544,696,-152
119000002,1108,1714,-606
119000003,559,1142,-583
119000004,889,995,-106
119000005,1071,1168,-97
119000006,924,1026,-102
119000007,1666,2023,-357
119000008,972,1558,-586
119000009,2474,1685,789
119000010,6643,2638,4005
119000011,4453,1290,3163
119000012,4387,2108,2279
119000013,1481,772,709
119000014,1610,2689,-1079
119000019,126,127,-1
119000020,627,922,-295
119000021,1416,1275,141
119000022,2358,820,1538
119000023,307,110,197
119000024,1615,3564,-1949
119000025,9736,888,8848
119000026,299,147,152
119000027,501,260,241
119000028,1489,899,590
119000029,54,146,-92
119000030,201,797,-596
119000031,407,605,-198
119000032,1412,1399,13
119000033,1055,1350,-295
119000034,596,608,-12
119000035,18,265,-247
119000036,483,943,-460
119000037,581,1842,-1261
119000038,40,908,-868
119000039,76,254,-178
119000040,756,311,445
119000041,662,789,-127
119000048,2834,3318,-484
119000049,809,3001,-2192
119000050,906,1759,-853
119000051,1162,751,411
119000052,1590,2331,-741
119000053,1180,927,253
119000054,2013,2899,-886
119000055,1555,2934,-1379
119000056,1153,1633,-480
119000057,925,2034,-1109
119000058,1037,1735,-698
119000059,609,1267,-658
119000060,595,624,-29
119000061,454,640,-186
119000062,660,1001,-341
119000063,190,171,19
119000064,785,1087,-302
119000065,1202,2419,-1217
119000066,771,699,72
119000067,1165,1847,-682
119000068,755,689,66
119000069,767,1819,-1052
119000070,973,815,158
119000071,289,645,-356
119000072,4664,2620,2044
119000073,3003,3345,-342
119000074,513,2862,-2349
119000075,474,1643,-1169
119000076,280,551,-271
119000077,302,302,0
119000078,121,184,-63
119000079,19,538,-519
119000080,109,160,-51
119000081,50,221,-171
119000082,188,160,28
119000083,173,209,-36
119000084,194,398,-204
119000085,438,254,184
119000086,140,230,-90
119000087,1248,769,479
119000088,172,190,-18
119000089,23,110,-87
119000090,145,90,55
119000091,107,206,-99
119000092,491,217,274
119000093,3140,3166,-26
119000094,1406,3584,-2178
119000095,708,2450,-1742
119000097,2249,1340,909
119000098,489,1100,-611
119000099,1507,1370,137
119000100,1430,1638,-208
119000101,1439,1393,46
119000102,469,440,29
119000103,775,366,409
119000104,2594,1131,1463
119000105,369,515,-146
119000106,150,1687,-1537
119000107,217,390,-173
119000108,174,1257,-1083
119000109,39,214,-175
119000110,187,263,-76
119000111,18,293,-275
119000112,71,74,-3
119000113,1904,160,1744
119000114,375,252,123
119000115,118,93,25
119000116,69,31,38
119000117,42,229,-187
119000118,0,0,0
119000123,1631,525,1106
119000124,147,200,-53
119000125,972,960,12
119000126,312,891,-579
119000127,169,736,-567
119000128,22,3,19
119000131,305,966,-661
119000132,1,2,-1
119000133,0,5,-5
119000134,2087,446,1641
119000135,43,181,-138
119000136,46,230,-184
119000137,43,430,-387
119000138,115,420,-305
119000139,83,214,-131
119000140,86,149,-63
119000284,1273,2095,-822
119000285,2142,1668,474
119000286,4690,3205,1485
119000287,918,1521,-603
119000288,1185,1300,-115
119000289,1816,3266,-1450
119000290,87,421,-334
119000291,1,271,-270
119000293,36,143,-107
119000294,24,14,10
119000295,1523,379,1144
119000296,83,77,6
119000299,0,0,0
119000302,3854,1040,2814
119000303,16,105,-89
119000310,0,1,-1
119000314,1273,3408,-2135
119000315,2,492,-490
119000316,27,87,-60
119000317,27,479,-452
119900001,70,392,-322
119900002,23,228,-205
119900003,30,1158,-1128
119900004,232,221,11
119900005,24,104,-80
119900006,88,189,-101
119900007,467,39,428
119900008,3,10,-7
119900009,273,422,-149
119900010,459,668,-209
119900011,11,25,-14
119900012,2,12,-10
119900013,791,325,466
119900014,258,99,159
119900015,28,12,16
119900016,7,78,-71
119900017,5,18,-13
119900018,831,98,733
119900019,17,4,13
119900020,31,79,-48
119900021,49,16,33
119900022,72,163,-91
119900023,593,327,266
119900025,26,17,9
119900026,619,29,590
119900027,9,24,-15
119900028,117,21,96
119900029,5,4,1
119900030,204,235,-31
119900031,5,126,-121
119900033,1506,85,1421
119900034,82,96,-14
119900037,37,19,18
119900038,10,77,-67
119900039,25,0,25
119900040,33,5,28
119900041,30,33,-3
119900042,17,108,-91
119900043,23,140,-117
119900044,105,205,-100
119900046,17,60,-43
119900047,56,54,2
119900048,11,25,-14
119900049,18,4,14
119900050,30,34,-4
119900051,178,1,177
119900052,6,33,-27
119900053,39,134,-95
119900054,28,2,26
119900055,389,201,188
119900057,68,27,41
119900058,59,3,56
119900059,43,23,20
119900060,54,5,49
119900061,9,1,8
119900062,16,16,0
119900063,5,14,-9
119900065,95,14,81
119900066,0,1,-1
119900067,20,16,4
119900068,116,5,111
119900069,35,5,30
119900070,128,1,127
119900071,103,2,101
119900073,1145,251,894
119900074,5,4,1
119900075,4482,1230,3252
119900076,92,431,-339
119900077,205,1184,-979
119900078,143,683,-540
119900079,67,313,-246
119900080,107,275,-168
119900081,132,32,100
119900082,330,185,145
119900083,323,66,257
119900084,364,89,275
119900085,157,37,120
119900086,66,612,-546
119900087,97,116,-19
119900088,31,41,-10
119900089,3,361,-358
119900090,132,29,103
119900091,8,776,-768
119900092,4,312,-308
119900093,460,65,395
119900094,15,166,-151
119900095,86,48,38
119900096,10,72,-62
119900097,190,87,103
119900098,13,36,-23
119900099,17,254,-237
119900100,1836,1019,817
119900101,115,506,-391
119900102,13,259,-246
119900103,18,372,-354
119900104,13,168,-155
119900105,221,678,-457
119900106,8,208,-200
119900107,244,3137,-2893
119900108,1250,507,743
119900109,8,207,-199
119900110,288,536,-248
119900111,11,261,-250
119900112,2596,298,2298
119900113,39,429,-390
119900114,65,1438,-1373
119900115,61,1209,-1148
119900116,61,149,-88
119900117,81,736,-655
119900118,10,1102,-1092
119900119,42,170,-128
119900120,451,508,-57
119900121,102,1262,-1160
119900122,169,308,-139
119900123,112,182,-70
119900124,32,807,-775
119900125,41,370,-329
119900126,4237,134,4103
119900127,2239,585,1654
119900128,92,600,-508
119900129,34,631,-597
119900130,36,239,-203
119900131,6,291,-285
119900132,0,321,-321
119900133,0,14,-14
119900134,1645,185,1460
119900135,5,451,-446
119900136,89,478,-389
119900138,263,529,-266
119900139,8,36,-28
119900140,1,149,-148
119900141,109,215,-106
119900142,4,11,-7
119900143,2,141,-139
119900144,1957,179,1778
119900145,31,215,-184
119900146,53,67,-14
119900147,2,68,-66
119900148,38,45,-7
119900149,1178,1094,84
119900150,119,137,-18
119900151,902,477,425
119900152,41,352,-311
119900153,36,38,-2
119900154,5,383,-378
119900155,12,21,-9
119900156,3,4,-1
119900157,24,201,-177
119900158,32,47,-15
119900159,2,1489,-1487
119900160,9,152,-143
119900161,84,219,-135
119900162,397,448,-51
119900163,68,59,9
119900164,0,0,0
119900165,33,211,-178
119900166,31,17,14
119900167,28,79,-51
119900168,181,290,-109
119900169,73,138,-65
119900170,76,103,-27
119900171,234,376,-142
119900172,37,17,20
119900173,3,453,-450
119900174,1,194,-193
119900175,327,510,-183
119900177,6,218,-212
119900178,25,133,-108
119900179,18,150,-132
119900180,396,429,-33
119900181,37,22,15
119900182,1,351,-350
119900183,86,910,-824
119900184,2093,354,1739
119900185,8,65,-57
119900186,30,193,-163
119900187,4,391,-387
119900188,18,266,-248
119900189,200,143,57
119900190,34,65,-31
119900191,155,43,112
119900192,3,216,-213
119900193,87,90,-3
119900194,2,46,-44
119900195,4,109,-105
119900196,1200,290,910
119900197,45,86,-41
119900198,36,426,-390
119900199,86,17,69
119900200,154,376,-222
119900201,310,115,195
119900202,146,57,89
119900203,74,159,-85
119900204,75,199,-124
119900205,182,506,-324
119900206,29,101,-72
119900208,53,70,-17
119900209,141,350,-209
119900210,8,24,-16
119900211,47,4,43
119900212,50,237,-187
119900213,3,41,-38
119900214,8,71,-63
119900215,4,76,-72
119900216,3,71,-68
119900217,1,57,-56
119900218,10,49,-39
119900219,3,99,-96
119900220,0,115,-115
119900221,7,318,-311
119900222,16,251,-235
119900223,7,80,-73
119900224,10,35,-25
119900225,952,22,930
119900226,887,698,189
119900227,1255,262,993
119900228,19,174,-155
119900229,221,292,-71
119900230,882,409,473
119900231,29,173,-144
119900232,98,38,60
119900233,12,1,11
119900234,3,9,-6
119900235,9,10,-1
119900236,6,130,-124
119900237,22,279,-257
119900238,2,85,-83
119900240,19,119,-100
119900241,71,179,-108
119900242,1107,597,510
119900244,524,714,-190
119900245,14,79,-65
119900246,191,119,72
119900247,8,32,-24
119900248,15,32,-17
119900249,81,31,50
119900253,2854,177,2677
119900254,23,141,-118
119900255,37,336,-299
119900256,67,1007,-940
119900257,19,0,19
119900258,47,1,46
119900259,1,149,-148
119900260,20,1,19
119900261,68,153,-85
119900262,1,190,-189
119900263,614,339,275
119900264,42,219,-177
119900265,64,234,-170
119900266,80,186,-106
119900267,56,280,-224
119900268,59,226,-167
119900269,192,888,-696
119900271,13,54,-41
119900272,53,10,43
119900275,44,13,31
119900276,10,1,9
119900277,0,0,0
119900278,94,28,66
119900279,62,65,-3
119900280,772,147,625
119900281,0,37,-37
119900282,13,10,3
119900283,4,326,-322
119900284,30,130,-100
119900285,8,11,-3
119900286,3,2,1
119900288,3,24,-21
119900289,0,43,-43
119900290,1,13,-12
119900291,1,26,-25
119900292,22,13,9
119900293,1,8,-7
119900294,1,14,-13
119900295,2,18,-16
119900296,0,42,-42
119900297,0,4,-4
119900298,0,0,0
119900299,6,166,-160
119900300,27,160,-133
119900301,19,2,17
119900302,6,27,-21
119900303,94,205,-111
119900304,43,4,39
119900305,3,64,-61
119900306,8,0,8
119900307,6,91,-85
119900308,0,11,-11
119900309,6,31,-25
119900310,168,282,-114
119900311,16,128,-112
119900312,14,52,-38
119900313,63,234,-171
119900314,24,164,-140
119900315,311,2032,-1721
119900318,2,17,-15
119900319,4,251,-247
119900320,21,614,-593
119900321,13,0,13
119900322,18,33,-15
119900323,1,76,-75
119900324,0,26,-26
119900325,24,188,-164
119900326,80,13,67
120000001,5704,6253,-549
120000002,1664,2679,-1015
120000003,2823,1719,1104
120000004,2534,2127,407
120000005,4401,1832,2569
120000006,991,1150,-159
120000007,2615,1851,764
120000008,895,1214,-319
120000009,4518,865,3653
120000010,1200,2862,-1662
120000011,862,1772,-910
120000012,1140,2584,-1444
120000013,1546,2256,-710
120000014,353,1446,-1093
120000015,2000,1253,747
120000016,2517,1906,611
120000017,1243,1266,-23
120000018,4221,5291,-1070
120000019,661,769,-108
120000020,2044,1691,353
120000021,1365,1326,39
120000022,2323,2411,-88
120000023,693,1362,-669
120000024,1093,1796,-703
120000025,1159,1930,-771
120000026,556,1566,-1010
120000027,976,1427,-451
120000028,323,216,107
120000029,1625,276,1349
120000030,66,501,-435
120000031,1446,3546,-2100
120000032,8083,2606,5477
120000033,1522,1354,168
120000034,753,2011,-1258
120000035,926,1994,-1068
120000036,1720,2983,-1263
120000037,340,595,-255
120000038,8528,2186,6342
120000039,334,659,-325
120000040,24,56,-32
120000041,235,1627,-1392
120000042,959,4118,-3159
120000043,3054,2311,743
120000044,2085,992,1093
120000045,2147,785,1362
120000046,1226,1231,-5
120000047,1734,1915,-181
120000048,7110,2622,4488
120000049,1709,2221,-512
120000050,1965,3945,-1980
120000051,3220,3382,-162
120000052,12602,2102,10500
120000053,687,4077,-3390
120000054,1005,6068,-5063
120000055,633,3833,-3200
120000056,2238,4174,-1936
120000057,945,727,218
120000058,247,154,93
120000059,43,838,-795
120000061,43,438,-395
120000062,280,157,123
120000063,1566,2801,-1235
120000064,134,1410,-1276
120000065,218,1470,-1252
120000066,75,376,-301
120000067,27,497,-470
120000068,83,980,-897
120000069,291,1353,-1062
120000070,10,836,-826
120000071,101,167,-66
120000072,111,419,-308
120000073,180,66,114
120000074,28,82,-54
120000075,142,203,-61
120000076,498,243,255
120000077,633,327,306
120000078,2265,419,1846
120000079,118,448,-330
120000080,42,214,-172
120000081,127,177,-50
120000082,140,134,6
120000083,129,276,-147
120000084,387,479,-92
120000085,275,421,-146
120000086,185,661,-476
120000087,105,1117,-1012
120000088,421,1137,-716
120000089,535,379,156
120000090,239,311,-72
120000091,380,552,-172
120000092,577,329,248
120000093,121,414,-293
120000094,120,327,-207
120000095,454,544,-90
120000096,135,1031,-896
120000098,387,891,-504
120000099,181,681,-500
120000100,396,902,-506
120000101,269,448,-179
120000102,231,358,-127
120000103,640,320,320
120000104,843,139,704
120000105,1006,206,800
120000106,752,217,535
120000107,1187,287,900
120000108,469,90,379
120000109,420,46,374
120000110,49,898,-849
120000111,70,1314,-1244
120000112,415,3997,-3582
120000113,338,3027,-2689
120000114,435,2457,-2022
120000115,228,2062,-1834
120000116,530,1856,-1326
120000117,976,1435,-459
120000118,26,7,19
120000119,40,21,19
120000120,25,20,5
120000121,31,30,1
120000122,216,195,21
120000123,5580,1888,3692
120000124,234,443,-209
120000125,137,652,-515
120000126,165,518,-353
120000127,825,411,414
120000128,2085,1312,773
120000129,173,211,-38
120000130,482,582,-100
120000131,219,326,-107
120000134,178,1086,-908
120000135,115,206,-91
120000137,70,1863,-1793
120000138,127,318,-191
120000139,77,834,-757
120000140,189,478,-289
120000141,44,507,-463
120000142,112,470,-358
120000143,2,106,-104
120000144,8,0,8
120000145,89,1,88
120000146,1858,568,1290
120000149,345,695,-350
120000150,4608,5712,-1104
120000151,267,351,-84
120000152,77,171,-94
120000153,70,632,-562
120000154,361,340,21
120000155,78,136,-58
120000156,1266,262,1004
120000157,604,491,113
120000158,444,762,-318
120000159,1439,2073,-634
120000160,1318,976,342
120000161,725,2090,-1365
120000162,43,184,-141
120000163,152,1320,-1168
120000164,158,351,-193
120000165,131,737,-606
120000166,289,505,-216
120000167,7,18,-11
120000168,5,47,-42
120000169,155,110,45
120000170,146,66,80
120000171,15,37,-22
120000172,15,17,-2
120000173,1763,86,1677
120000174,248,8,240
120000175,418,7,411
120000176,154,77,77
120000177,1007,332,675
120000178,46,5,41
120000179,264,3,261
120000180,241,14,227
120000181,34,25,9
120000182,46,35,11
120000183,1,125,-124
120000184,73,1080,-1007
120000186,70,45,25
120000187,96,18,78
120000188,214,21,193
120000190,792,5,787
120000191,1642,8,1634
120000192,1888,7,1881
120000193,608,6,602
120000195,76,4,72
120000196,140,25,115
120000197,51,85,-34
120000198,63,207,-144
120000199,44,0,44
120000200,42,0,42
120000201,9,16,-7
120000202,2,57,-55
120000203,11,384,-373
120000207,1,65,-64
120000208,5,292,-287
120000209,4,166,-162
120000210,152,82,70
120000211,29,1,28
120000212,57,0,57
120000213,44,480,-436
120000214,2,415,-413
120000215,2,124,-122
120000216,30,5,25
120000217,707,1280,-573
120000218,237,1408,-1171
120000219,10,782,-772
120000220,10,2855,-2845
120000225,489,0,489
120000226,124,3,121
120000227,596,15,581
120000228,7034,1110,5924
120000230,83,19,64
120000231,337,2003,-1666
120000233,53,20,33
120000235,74,764,-690
120000236,373,0,373
120000237,3,2058,-2055
120000238,0,98,-98
120000241,799,2311,-1512
120000412,1546,5,1541
120000413,62,414,-352
120000414,18,4,14
120000415,2,169,-167
120000416,5,13,-8
120000417,8,86,-78
120000418,35,8,27
120000419,11,483,-472
120000420,95,26,69
120000421,13951,5393,8558
120000422,265,296,-31
120000423,1,26,-25
120000424,25,229,-204
120000436,107,292,-185
120000437,147,165,-18
120000438,4451,284,4167
120000439,75,183,-108
120000443,66,0,66
120000444,385,471,-86
120000445,1088,1031,57
120000446,789,256,533
120000447,42,3,39
120000449,46,5,41
120000450,1,333,-332
120000451,37,155,-118
120000452,63,0,63
120000453,0,297,-297
120000454,62,8,54
120000455,21,45,-24
120000456,2603,1699,904
120000457,1026,829,197
120000458,329,545,-216
120000459,29,53,-24
120000665,568,114,454
120000668,54,98,-44
120000669,57,407,-350
120000670,163,225,-62
120000671,328,221,107
120000672,72,353,-281
120900001,38,22,16
120900002,95,111,-16
120900003,93,17,76
120900004,2,26,-24
120900005,61,1306,-1245
120900006,76,120,-44
120900007,35,128,-93
120900008,49,1100,-1051
120900009,248,55,193
120900010,167,34,133
120900011,224,70,154
120900012,816,505,311
120900013,143,13,130
120900014,91,625,-534
120900015,127,42,85
120900016,286,37,249
120900017,2634,67,2567
120900018,34,391,-357
120900019,248,75,173
120900020,437,368,69
120900021,232,36,196
120900022,16,276,-260
120900023,59,19,40
120900024,945,291,654
120900025,1876,567,1309
120900026,25,103,-78
120900027,369,66,303
120900028,101,22,79
120900029,48,103,-55
120900030,512,324,188
120900031,73,19,54
120900032,266,145,121
120900033,336,10,326
120900034,20,1136,-1116
120900035,15,51,-36
120900037,34,2,32
120900038,14,63,-49
120900039,25,16,9
120900040,81,0,81
120900041,147,71,76
120900042,75,63,12
120900043,19,9,10
120900044,2,341,-339
120900045,62,79,-17
120900046,114,3,111
120900047,51,23,28
120900048,29,10,19
120900049,113,0,113
120900050,2753,538,2215
120900051,99,91,8
120900052,167,2,165
120900053,65,56,9
120900054,865,574,291
120900055,83,0,83
120900056,92,1,91
120900057,39,9,30
120900058,157,0,157
120900059,19,1,18
120900060,4,28,-24
120900061,118,257,-139
120900062,61,0,61
120900063,124,1,123
120900064,91,0,91
120900065,108,0,108
120900066,69,240,-171
120900067,93,13,80
120900068,48,0,48
120900069,76,80,-4
120900071,2,0,2
120900072,177,0,177
120900073,145,185,-40
120900074,153,47,106
120900076,56,0,56
120900077,2877,157,2720
120900078,215,503,-288
120900079,171,39,132
120900080,178,2360,-2182
120900081,369,894,-525
120900082,473,207,266
120900083,12,2,10
120900084,100,146,-46
120900085,113,60,53
120900086,146,128,18
120900087,198,37,161
120900088,78,184,-106
120900089,4349,839,3510
120900090,52,171,-119
120900091,211,142,69
120900092,683,698,-15
120900093,4324,213,4111
120900094,307,156,151
120900095,91,13,78
120900096,19,99,-80
120900097,482,1115,-633
120900098,215,182,33
120900099,18,76,-58
120900100,35,397,-362
120900101,327,292,35
120900102,13,97,-84
120900103,12,98,-86
120900104,35,42,-7
120900105,23,998,-975
120900106,1193,581,612
120900107,375,159,216
120900108,3,1175,-1172
120900109,14,722,-708
120900110,2,522,-520
120900111,82,329,-247
120900112,5,1372,-1367
120900113,3,1011,-1008
120900114,18,197,-179
120900115,103,127,-24
120900116,55,512,-457
120900117,1,594,-593
120900118,5,988,-983
120900119,2716,2803,-87
120900120,34,749,-715
120900121,59,360,-301
120900122,78,597,-519
120900123,3,511,-508
120900124,1,781,-780
120900125,3,1090,-1087
120900126,934,690,244
120900127,4,553,-549
120900128,680,770,-90
120900129,64,428,-364
120900130,0,379,-379
120900131,13,43,-30
120900132,177,342,-165
120900133,170,1122,-952
120900134,208,390,-182
120900135,1,669,-668
120900136,9,12,-3
120900137,40,53,-13
120900138,14,242,-228
120900139,2,755,-753
120900140,0,33,-33
120900141,24,40,-16
120900142,17,887,-870
120900143,2,1100,-1098
120900144,0,237,-237
120900145,20,797,-777
120900146,5,1168,-1163
120900147,0,273,-273
120900148,65,57,8
120900149,2,374,-372
120900150,12,513,-501
120900151,2,719,-717
120900152,1,36,-35
120900153,4,45,-41
120900154,2,302,-300
120900155,67,1063,-996
120900156,6,423,-417
120900157,13,204,-191
120900158,17,525,-508
120900159,23,492,-469
120900160,8,284,-276
120900161,3,767,-764
120900162,7,815,-808
120900163,6,53,-47
120900164,0,2,-2
120900165,0,3,-3
120900166,16,79,-63
120900167,91,34,57
120900169,21,484,-463
120900170,2140,996,1144
120900171,1108,352,756
120900172,1254,61,1193
120900173,1,50,-49
120900174,3,96,-93
120900175,162,191,-29
120900176,2,138,-136
120900177,1,275,-274
120900178,0,136,-136
120900179,588,341,247
120900180,91,65,26
120900181,16,74,-58
120900182,5,299,-294
120900183,316,33,283
120900184,107,36,71
120900185,1,248,-247
120900186,0,504,-504
120900187,153,324,-171
120900188,36,8,28
120900189,65,229,-164
120900190,6,5,1
120900191,7,11,-4
120900192,13460,1584,11876
120900194,39,52,-13
120900195,69,277,-208
120900196,323,34,289
120900197,244,28,216
120900198,149,533,-384
120900199,165,159,6
120900200,49,55,-6
120900201,602,138,464
120900202,1,255,-254
120900203,19,17,2
120900204,310,370,-60
120900205,73,96,-23
120900206,2,13,-11
120900207,37,1096,-1059
121000001,788,806,-18
121000002,1428,858,570
121000003,3186,1446,1740
121000004,1817,2460,-643
121000005,1829,1841,-12
121000006,2291,951,1340
121000007,2302,2065,237
121000008,3808,1659,2149
121000009,6036,3732,2304
121000010,7514,2251,5263
121000011,8784,6484,2300
121000012,13288,4512,8776
121000013,4399,4402,-3
121000014,5818,4366,1452
121000015,3146,4037,-891
121000016,3756,2461,1295
121000017,1185,2564,-1379
121000018,1452,1205,247
121000019,11595,5078,6517
121000020,6992,4707,2285
121000021,2042,1801,241
121000022,821,932,-111
121000023,2833,1885,948
121000024,1561,1914,-353
121000025,365,550,-185
121000026,202,96,106
121000027,1178,687,491
121000028,480,301,179
121000029,665,446,219
121000030,331,231,100
121000031,327,351,-24
121000032,132,50,82
121000034,304,117,187
121000035,100,47,53
121000036,980,551,429
121000037,417,414,3
121000038,449,313,136
121000039,182,171,11
121000041,185,242,-57
121000042,107,184,-77
121000043,642,420,222
121000044,1395,425,970
121000045,217,226,-9
121000046,185,436,-251
121000047,14,31,-17
121000049,1540,372,1168
121000050,230,727,-497
121000051,348,230,118
121000052,125,325,-200
121000053,302,44,258
121000054,14,138,-124
121000055,1201,699,502
121000056,657,733,-76
121000057,94,165,-71
121000058,314,67,247
121000059,1461,494,967
121000060,418,667,-249
121000061,61,96,-35
121000062,128,135,-7
121000063,512,350,162
121000064,377,419,-42
121000065,319,260,59
121000066,421,258,163
121000067,890,216,674
121000068,285,155,130
121000069,109,148,-39
121000070,1245,938,307
121000071,566,573,-7
121000072,661,417,244
121000073,631,424,207
121000074,64,72,-8
121000075,15,16,-1
121000076,490,191,299
121000077,190,62,128
121000078,26,62,-36
121000080,2263,419,1844
121000081,1684,1231,453
121000082,141,154,-13
121000083,196,82,114
121000084,182,78,104
121000085,270,249,21
121000086,122,566,-444
121000087,54,127,-73
121000088,197,430,-233
121000089,310,144,166
121000090,237,206,31
121000091,1284,487,797
121000092,83,65,18
121000093,118,148,-30
121000094,340,215,125
121000095,146,290,-144
121000096,1856,1679,177
121000097,1004,1225,-221
121000098,203,856,-653
121000099,219,496,-277
121000100,245,394,-149
121000101,81,140,-59
121000102,39,235,-196
121000103,29,179,-150
121000104,66,121,-55
121000105,124,196,-72
121000106,105,237,-132
121000107,1745,3061,-1316
121000109,1187,864,323
121000110,251,331,-80
121000114,2090,1673,417
121000115,600,689,-89
121000116,438,618,-180
121000117,1012,195,817
121000118,773,187,586
121000119,142,138,4
121000120,128,324,-196
121000121,298,578,-280
121000123,611,418,193
121000127,56,68,-12
121000128,248,439,-191
121000129,197,296,-99
121000130,239,674,-435
121000131,1933,604,1329
121000132,730,527,203
121000135,265,109,156
121000136,614,411,203
121000137,309,93,216
121000138,457,769,-312
121000139,261,95,166
121000141,88,78,10
121000142,534,266,268
121000143,99,5,94
121000144,532,485,47
121000145,205,797,-592
121000146,732,550,182
121000147,364,287,77
121000148,495,630,-135
121000149,1293,766,527
121000152,280,351,-71
121000153,1049,361,688
121000154,470,264,206
121000155,759,682,77
121000156,241,642,-401
121000157,1149,1249,-100
121000158,322,405,-83
121000159,98,495,-397
121000160,184,557,-373
121000161,39,277,-238
121000162,18,242,-224
121000165,1233,1157,76
121000166,34,428,-394
121000168,89,175,-86
121000169,23,110,-87
121000170,96,40,56
121000171,23,99,-76
121000172,266,308,-42
121000173,681,440,241
121000174,122,280,-158
121000175,388,411,-23
121000176,208,204,4
121000177,330,399,-69
121000178,26,31,-5
121000179,66,26,40
121000181,315,194,121
121000182,29,92,-63
121000183,16,53,-37
121000184,6,85,-79
121000185,5,102,-97
121000186,80,206,-126
121000187,82,200,-118
121000188,34,182,-148
121000192,354,196,158
121000193,456,263,193
121000194,2098,1567,531
121000195,427,893,-466
121000196,825,146,679
121000197,128,427,-299
121000198,132,55,77
121000199,65,291,-226
121000200,133,51,82
121000201,3,126,-123
121000202,259,45,214
121000203,416,1838,-1422
121000204,1158,404,754
121000205,95,228,-133
121000206,65,19,46
121000207,1168,355,813
121000208,9,299,-290
121000209,63,299,-236
121000210,136,398,-262
121000211,72,82,-10
121000212,143,561,-418
121000213,6443,1567,4876
121000214,572,1147,-575
121000215,883,436,447
121000216,293,376,-83
121000217,3458,1683,1775
121000218,395,1323,-928
121000219,873,247,626
121000220,268,42,226
121000221,118,167,-49
121000222,2081,1610,471
121000223,515,306,209
121000224,231,96,135
121000225,1015,679,336
121000226,1530,479,1051
121000227,5,196,-191
121000228,16,699,-683
121000229,72,356,-284
121000230,65,1606,-1541
121000231,267,14,253
121000232,323,145,178
121000233,342,278,64
121000234,7,8,-1
121000235,28,30,-2
121000236,0,27,-27
121000237,28,4,24
121000238,0,52,-52
121000239,7,4,3
121000240,1,178,-177
121000241,87,11,76
121000242,21,119,-98
121000243,182,53,129
121000244,1,51,-50
121000245,11,11,0
121000246,5,50,-45
121000247,13,4,9
121000248,456,393,63
121000249,27,185,-158
121000250,109,72,37
121000251,7,595,-588
121000252,28,16,12
121000253,135,404,-269
121000254,285,180,105
121000255,92,86,6
121000256,141,94,47
121000257,52,29,23
121000258,63,44,19
121000259,13,27,-14
121000260,22,77,-55
121000261,6,26,-20
121000262,797,405,392
121000263,232,354,-122
121000271,151,1286,-1135
121000273,51,8,43
121000274,1,24,-23
121000275,1,23,-22
121000276,0,8,-8
121000278,45,35,10
121000279,18,3,15
121000280,21,24,-3
121000289,75,18,57
121000290,793,527,266
121000294,32,119,-87
121000297,689,458,231
121000299,171,182,-11
121000300,423,350,73
121000302,86,361,-275
121000303,242,170,72
121000304,284,24,260
121000305,63,23,40
121000306,33,67,-34
121000308,106,234,-128
121000309,295,463,-168
121000310,53,312,-259
121000311,78,564,-486
121000312,177,122,55
121000313,425,447,-22
121000314,173,61,112
121000315,40,62,-22
121000530,614,1015,-401
121000531,608,994,-386
121000532,3482,2711,771
121000533,1489,1541,-52
121000918,10,203,-193
121000919,3,38,-35
121000938,459,141,318
121000939,651,110,541
121000956,340,938,-598
121000957,0,5,-5
121000958,32,19,13
121000959,148,721,-573
121000960,1322,1590,-268
121000961,82,28,54
121000962,229,544,-315
121000963,0,0,0
121000973,0,221,-221
121000976,4,85,-81
121000979,130,20,110
121000981,326,54,272
121000982,134,198,-64
121000983,180,344,-164
121000984,6,23,-17
121000985,179,553,-374
121000986,48,269,-221
121000987,78,1256,-1178
121000988,182,84,98
121001302,390,78,312
121001308,2,3,-1
121001309,125,39,86
121001313,98,300,-202
121001314,2984,3324,-340
121001315,3055,998,2057
121900001,65,118,-53
121900002,22,14,8
121900003,182,3,179
121900004,118,193,-75
121900005,5,5,0
121900006,38,14,24
121900007,1285,1607,-322
121900008,105,37,68
121900009,329,9,320
121900010,182,6,176
121900011,80,148,-68
121900012,0,0,0
121900013,698,19,679
121900014,599,270,329
121900015,72,73,-1
121900016,2,18,-16
121900017,150,358,-208
121900018,160,5,155
121900019,106,158,-52
121900020,9,1,8
121900021,496,2,494
121900022,123,90,33
121900023,18,226,-208
121900024,250,34,216
121900025,262,147,115
121900026,123,20,103
121900027,103,61,42
121900028,128,4,124
121900029,67,94,-27
121900030,333,352,-19
121900031,667,2679,-2012
121900032,38,52,-14
121900033,115,85,30
121900034,200,82,118
121900035,1472,1128,344
121900036,31,220,-189
121900037,54,401,-347
121900038,5,94,-89
121900039,285,13,272
121900040,19,39,-20
121900041,72,79,-7
121900042,163,73,90
121900043,0,1,-1
121900044,234,21,213
121900046,82,74,8
121900047,85,33,52
121900048,10,73,-63
121900050,14,21,-7
121900051,38,85,-47
121900052,29,14,15
121900053,107,146,-39
121900054,274,526,-252
121900055,0,4,-4
121900058,57,157,-100
121900059,153,59,94
121900060,66,190,-124
121900061,69,66,3
121900062,36,36,0
121900063,246,173,73
121900064,111,465,-354
121900066,15,9,6
121900067,4,10,-6
121900069,146,65,81
121900070,83,42,41
121900071,44,169,-125
121900072,3,80,-77
121900073,185,105,80
121900074,226,269,-43
121900075,381,172,209
121900076,177,311,-134
121900077,0,8,-8
121900078,16,16,0
121900079,0,0,0
121900080,272,291,-19
121900082,3,57,-54
121900084,1,217,-216
121900085,1,7,-6
121900086,1,35,-34
121900087,199,70,129
121900088,1611,989,622
121900089,32,206,-174
121900090,2,108,-106
121900091,4,60,-56
121900092,6,48,-42
121900093,32,34,-2
121900094,8,4,4
121900095,130,73,57
121900096,1047,176,871
121900097,97,41,56
121900098,1,4,-3
121900099,59,37,22
121900100,80,69,11
121900101,41,55,-14
121900102,4,51,-47
121900103,241,55,186
121900104,435,152,283
121900105,44,52,-8
121900106,2,3,-1
121900107,3,14,-11
121900108,0,4,-4
121900109,255,68,187
121900110,82,998,-916
121900111,417,67,350
121900112,183,37,146
121900113,17,129,-112
121900114,1,1,0
121900117,48,17,31
121900118,1424,181,1243
121900119,53,76,-23
121900120,9,1263,-1254
121900121,423,27,396
121900122,7,14,-7
121900123,107,253,-146
121900124,61,199,-138
121900125,494,882,-388
121900127,4,46,-42
121900128,21,66,-45
121900129,823,48,775
121900130,38,131,-93
121900131,93,52,41
121900132,12,81,-69
121900133,58,117,-59
121900134,9,92,-83
121900135,1346,131,1215
121900136,73,285,-212
121900137,10,143,-133
121900138,24,157,-133
121900139,250,259,-9
121900140,10,83,-73
121900141,9,12,-3
121900142,29,53,-24
121900143,0,73,-73
121900144,170,240,-70
121900145,82,105,-23
121900146,379,497,-118
121900147,43,141,-98
121900148,70,153,-83
121900149,273,506,-233
121900150,50,85,-35
121900151,28,117,-89
121900152,41,94,-53
121900153,33,169,-136
121900154,7,90,-83
121900155,1,38,-37
121900156,89,59,30
121900157,0,286,-286
121900158,26,43,-17
121900159,2,125,-123
121900160,26,146,-120
121900161,410,179,231
121900162,58,53,5
121900163,37,465,-428
121900164,292,109,183
121900165,53,87,-34
121900166,52,78,-26
121900167,118,51,67
121900168,223,83,140
121900169,2,201,-199
121900170,1,106,-105
121900171,284,353,-69
121900172,160,211,-51
121900173,645,181,464
121900174,10,19,-9
121900175,42,114,-72
121900176,363,1187,-824
121900177,71,22,49
121900178,11,39,-28
121900179,83,80,3
121900180,4083,1461,2622
121900182,329,170,159
121900183,201,494,-293
121900184,27,294,-267
121900186,5,243,-238
121900187,10,52,-42
121900188,356,230,126
121900189,15,36,-21
121900190,106,340,-234
121900191,37,86,-49
121900192,277,315,-38
121900193,14,103,-89
121900194,5,92,-87
121900195,36,45,-9
121900196,494,306,188
121900197,182,1449,-1267
121900198,641,581,60
121900199,0,12,-12
121900200,40,103,-63
121900201,416,246,170
121900202,67,202,-135
121900203,138,488,-350
121900204,788,441,347
121900205,6,58,-52
121900206,5,3,2
121900207,83,15,68
121900208,120,164,-44
121900209,25,21,4
121900210,583,631,-48
121900211,105,274,-169
121900212,76,59,17
121900213,45,62,-17
121900214,2,208,-206
121900215,10,22,-12
121900216,12,75,-63
121900217,139,40,99
121900218,201,261,-60
121900220,66,13,53
121900221,117,471,-354
121900222,40,117,-77
121900223,50,33,17
121900224,32,32,0
121900225,100,27,73
121900226,103,54,49
121900227,45,239,-194
121900228,116,130,-14
121900230,63,31,32
121900231,109,155,-46
121900232,77,250,-173
121900233,140,160,-20
121900234,105,214,-109
121900235,150,150,0
121900236,154,80,74
121900237,92,124,-32
121900238,80,143,-63
121900239,38,28,10
121900240,75,78,-3
121900241,27,38,-11
121900242,2,4,-2
121900243,0,0,0
121900244,0,0,0
121900245,115,81,34
121900246,777,271,506
121900247,143,127,16
121900248,585,422,163
121900250,259,152,107
121900251,156,13,143
121900252,728,71,657
121900253,158,669,-511
121900254,647,153,494
121900255,86,36,50
121900258,1481,1224,257
121900259,205,249,-44
121900260,23,99,-76
121900261,64,226,-162
121900262,260,336,-76
121900263,50,209,-159
121900264,1634,655,979
121900265,63,209,-146
121900266,71,149,-78
121900267,12,17,-5
121900269,43,176,-133
121900270,5,67,-62
121900271,4,84,-80
121900273,288,879,-591
121900274,109,142,-33
121900277,120,876,-756
121900278,21,530,-509
121900279,121,247,-126
121900280,109,208,-99
121900281,100,32,68
121900284,17,3,14
121900286,27,73,-46
121900287,6,10,-4
121900288,0,0,0
121900290,94,94,0
121900291,326,341,-15
121900292,118,80,38
121900293,715,2110,-1395
121900294,202,1,201
121900295,47,140,-93
121900296,7,11,-4
121900298,157,272,-115
121900299,0,0,0
121900300,9,1,8
121900301,24,0,24
121900302,0,45,-45
121900303,69,356,-287
121900304,0,3,-3
121900305,0,1,-1
121900306,24,0,24
121900307,13,8,5
121900308,2,286,-284
121900309,16,191,-175
121900310,7,384,-377
121900311,114,6,108
121900312,48,3,45
121900313,117,4,113
121900314,2,26,-24
121900315,3,0,3
121900316,0,3,-3
121900317,0,1,-1
121900318,0,6,-6
121900319,4,23,-19
121900320,30,57,-27
121900321,1,0,1
121900322,0,23,-23
121900323,14,5,9
121900324,3,20,-17
121900325,1,0,1
121900326,0,15,-15
121900327,3,39,-36
121900328,0,36,-36
121900329,0,147,-147
121900330,0,52,-52
121900331,20,2,18
121900332,30,15,15
121900333,7,3,4
121900334,61,30,31
122000001,1840,1655,185
122000002,3944,712,3232
122000003,1498,689,809
122000004,1897,531,1366
122000005,1975,627,1348
122000006,1511,260,1251
122000007,806,654,152
122000008,4810,2449,2361
122000009,437,144,293
122000010,1612,1398,214
122000011,2622,487,2135
122000012,875,520,355
122000013,1507,900,607
122000014,1105,1392,-287
122000015,972,642,330
122000016,292,594,-302
122000017,806,866,-60
122000018,958,778,180
122000019,558,954,-396
122000020,189,126,63
122000021,430,304,126
122000022,818,1175,-357
122000023,353,1824,-1471
122000024,1117,547,570
122000025,1742,697,1045
122000026,2008,521,1487
122000027,519,3347,-2828
122000028,592,216,376
122000029,300,178,122
122000030,304,50,254
122000031,87,153,-66
122000032,1054,2276,-1222
122000033,563,523,40
122000034,372,391,-19
122000035,291,523,-232
122000036,283,447,-164
122000037,245,139,106
122000038,230,248,-18
122000039,483,353,130
122000040,291,152,139
122000041,339,305,34
122000042,172,219,-47
122000043,78,86,-8
122000044,97,96,1
122000045,1117,413,704
122000046,544,765,-221
122000047,245,118,127
122000048,1698,2036,-338
122000049,2904,1335,1569
122000050,1141,421,720
122000051,247,285,-38
122000052,320,114,206
122000053,91,352,-261
122000054,1708,1025,683
122000055,1880,1425,455
122000056,3505,1980,1525
122000057,2670,1391,1279
122000058,3484,824,2660
122000059,2773,944,1829
122000060,983,368,615
122000061,593,142,451
122000062,904,162,742
122000063,912,338,574
122000064,2503,2139,364
122000065,4180,2216,1964
122000066,996,684,312
122000067,1092,1060,32
122000068,573,902,-329
122000069,398,485,-87
122000070,297,2099,-1802
122000071,549,1074,-525
122000072,266,217,49
122000073,380,241,139
122000074,1539,762,777
122000075,309,885,-576
122000076,1164,686,478
122000077,1006,492,514
122000078,2275,1233,1042
122000079,1131,420,711
122000080,627,236,391
122000081,100,160,-60
122000082,1088,476,612
122000083,782,2908,-2126
122000084,532,463,69
122000085,120,1164,-1044
122000086,1317,2917,-1600
122000087,265,84,181
122000088,212,121,91
122000089,4513,1819,2694
122000090,167,212,-45
122000091,291,37,254
122000092,97,5,92
122000093,1415,842,573
122000094,4979,876,4103
122000095,2385,1105,1280
122000096,1537,709,828
122000098,2096,935,1161
122000099,1779,407,1372
122000100,1487,345,1142
122000101,184,411,-227
122000102,1050,712,338
122000103,1237,871,366
122000104,194,127,67
122000105,167,184,-17
122000106,659,396,263
122000107,710,336,374
122000108,279,603,-324
122000109,173,182,-9
122000110,229,338,-109
122000111,1771,705,1066
122000112,437,795,-358
122000113,282,357,-75
122000114,2109,1105,1004
122000115,1415,823,592
122000116,288,266,22
122000117,566,155,411
122000118,182,227,-45
122000119,1699,837,862
122000120,1746,1345,401
122000121,1848,1131,717
122000122,359,601,-242
122000123,1036,711,325
122000124,628,237,391
122000125,352,431,-79
122000126,470,372,98
122000127,833,469,364
122000128,332,466,-134
122000129,215,369,-154
122000130,1119,300,819
122000131,1091,335,756
122000132,494,228,266
122000133,605,1206,-601
122000134,286,366,-80
122000135,379,532,-153
122000136,168,135,33
122000137,525,392,133
122000139,1014,1651,-637
122000140,891,308,583
122000141,3592,428,3164
122000142,378,359,19
122000143,262,107,155
122000144,1304,440,864
122000145,1100,465,635
122000146,585,568,17
122000147,629,198,431
122000148,2004,943,1061
122000149,1249,492,757
122000150,790,371,419
122000151,266,270,-4
122000152,316,242,74
122000153,274,167,107
122000154,261,73,188
122000155,1171,1159,12
122000156,2057,1307,750
122000157,1740,829,911
122000158,225,357,-132
122000159,756,861,-105
122000160,2410,492,1918
122000161,701,290,411
122000162,917,674,243
122000163,251,25,226
122000164,37,40,-3
122000165,532,509,23
122000166,681,721,-40
122000167,130,181,-51
122000168,155,402,-247
122000169,418,104,314
122000170,136,208,-72
122000171,10,47,-37
122000172,974,1062,-88
122000173,1163,1442,-279
122000174,1411,536,875
122000175,1028,208,820
122000176,245,512,-267
122000177,1294,954,340
122000178,2301,1766,535
122000179,1458,1845,-387
122000180,1464,661,803
122000181,1480,1641,-161
122000182,1786,533,1253
122000183,1148,607,541
122000184,2638,1099,1539
122000185,1376,725,651
122000186,461,661,-200
122000187,1132,567,565
122000188,391,161,230
122000189,213,200,13
122000190,807,589,218
122000191,786,378,408
122000192,883,245,638
122000193,313,533,-220
122000194,379,97,282
122000195,102,321,-219
122000196,558,400,158
122000197,294,385,-91
122000198,385,662,-277
122000199,310,209,101
122000200,1049,384,665
122000201,1063,1203,-140
122000202,819,834,-15
122000203,1877,922,955
122000204,787,1159,-372
122000205,796,673,123
122000206,1225,496,729
122000207,714,562,152
122000208,1439,763,676
122000209,1823,260,1563
122000210,1015,1469,-454
122000211,811,989,-178
122000212,410,302,108
122000213,695,783,-88
122000214,1189,1073,116
122000215,1467,999,468
122000217,1372,959,413
122000218,496,41,455
122000219,1141,807,334
122000220,240,521,-281
122000221,80,229,-149
122000222,441,44,397
122000223,556,305,251
122000225,408,137,271
122000226,661,1270,-609
122000227,116,1168,-1052
122000228,155,389,-234
122000229,13,231,-218
122000230,48,511,-463
122000231,124,543,-419
122000232,271,566,-295
122000233,0,82,-82
122000234,109,116,-7
122000235,247,133,114
122000236,250,96,154
122000237,54,46,8
122000238,80,110,-30
122000239,245,45,200
122000240,514,259,255
122000241,347,254,93
122000242,178,89,89
122000243,65,44,21
122000244,32,357,-325
122000245,31,176,-145
122000246,112,96,16
122000247,282,570,-288
122000248,855,1328,-473
122000249,257,339,-82
122000250,863,392,471
122000251,167,244,-77
122000252,370,35,335
122000253,21,208,-187
122000254,64,50,14
122000255,312,1248,-936
122000256,279,1028,-749
122000257,59,250,-191
122000258,55,155,-100
122000259,14,392,-378
122000260,4,70,-66
122000261,2,146,-144
122000262,1,79,-78
122000263,36,79,-43
122000264,368,247,121
122000265,1295,502,793
122000266,3639,369,3270
122000267,38,75,-37
122000268,60,244,-184
122000269,498,181,317
122000270,497,54,443
122000271,237,774,-537
122000272,173,750,-577
122000273,221,314,-93
122000274,79,114,-35
122000275,17,86,-69
122000276,215,403,-188
122000277,382,893,-511
122000278,303,638,-335
122000279,75,335,-260
122000280,326,443,-117
122000281,293,479,-186
122000282,63,205,-142
122000283,137,41,96
122000284,37,36,1
122000285,224,70,154
122000286,40,125,-85
122000287,344,1040,-696
122000288,131,157,-26
122000291,493,297,196
122000293,230,198,32
122000294,69,118,-49
122000295,906,105,801
122000296,35,385,-350
122000297,2063,1281,782
122000299,230,292,-62
122000300,561,337,224
122000301,9798,1538,8260
122000302,675,531,144
122000303,3036,722,2314
122000304,21,106,-85
122000305,434,206,228
122000306,10,647,-637
122000307,165,88,77
122000309,29,48,-19
122000310,43,19,24
122000311,30,49,-19
122000312,75,27,48
122000313,12,25,-13
122000314,76,160,-84
122000315,119,20,99
122000316,207,152,55
122000317,583,135,448
122000318,310,283,27
122000319,233,357,-124
122000320,312,1619,-1307
122000321,37,152,-115
122000322,1851,1596,255
122000323,1176,917,259
122000324,1331,820,511
122000325,675,633,42
122000326,9,80,-71
122000327,111,275,-164
122000328,511,480,31
122000330,1238,400,838
122000332,111,198,-87
122000333,12,134,-122
122000337,362,1288,-926
122000338,116,275,-159
122000340,277,164,113
122000342,1729,688,1041
122000343,243,1059,-816
122000344,12,15,-3
122000345,19,22,-3
122000346,187,420,-233
122000348,151,463,-312
122000349,49,479,-430
122000351,79,130,-51
122000352,210,40,170
122000353,35,85,-50
122000355,56,130,-74
122000356,1334,538,796
122000357,18,10,8
122000358,0,54,-54
122000359,0,33,-33
122000360,0,46,-46
122000362,5,75,-70
122000364,39,336,-297
122000365,1,13,-12
122000366,3,7,-4
122000368,338,622,-284
122000370,8,49,-41
122000371,2,0,2
122000372,3,0,3
122000381,17,278,-261
122000382,45,144,-99
122000384,3513,1640,1873
122000385,5,1,4
122000386,412,573,-161
122000387,242,342,-100
122000388,998,172,826
122000389,149,655,-506
122000390,231,131,100
122000391,156,65,91
122000392,129,159,-30
122000393,7,126,-119
122000394,195,186,9
122000395,43,131,-88
122000396,181,110,71
122000397,8,58,-50
122000398,7,55,-48
122000399,41,72,-31
122000400,143,220,-77
122000401,51,56,-5
122000402,89,59,30
122000403,207,908,-701
122000404,69,207,-138
122000408,649,765,-116
122000503,14,62,-48
122000524,173,72,101
122000544,32,1401,-1369
122000616,620,1,619
122000640,36,137,-101
122000641,39,302,-263
122000642,605,948,-343
122000643,19,91,-72
122000644,103,16,87
122000645,64,129,-65
122000651,1579,557,1022
122000664,106,13,93
122000665,762,460,302
122000666,311,702,-391
122000673,27,303,-276
122000674,62,37,25
122000675,836,755,81
122000686,169,845,-676
122000687,529,273,256
122000688,100,531,-431
122000689,203,436,-233
122000690,352,533,-181
122000691,142,1847,-1705
122000692,425,211,214
122000693,191,1131,-940
122000695,95,339,-244
122000696,70,210,-140
122000698,84,815,-731
122000699,91,27,64
122000701,776,255,521
122000702,350,1764,-1414
122000703,123,25,98
122000712,0,0,0
122000717,91,24,67
122000718,281,211,70
122000719,48,24,24
122000720,84,206,-122
122000724,91,15,76
122900001,9,0,9
122900002,705,1260,-555
122900003,181,24,157
122900004,754,10,744
122900005,25,68,-43
122900006,223,333,-110
122900007,42,7,35
122900008,332,115,217
122900009,580,129,451
122900010,144,100,44
122900012,196,216,-20
122900014,78,184,-106
122900015,1448,209,1239
122900016,28,192,-164
122900017,357,432,-75
122900018,105,10,95
122900019,8,92,-84
122900020,164,275,-111
122900021,24,380,-356
122900022,233,858,-625
122900023,192,306,-114
122900024,66,72,-6
122900025,6,104,-98
122900026,79,209,-130
122900027,16,480,-464
122900028,47,83,-36
122900029,3284,1351,1933
122900030,878,266,612
122900031,41,112,-71
122900032,56,158,-102
122900033,68,164,-96
122900034,2366,2825,-459
122900035,2,6,-4
122900036,8,78,-70
122900037,243,58,185
122900038,74,1030,-956
122900039,43,354,-311
122900040,101,306,-205
122900041,125,208,-83
122900042,52,201,-149
122900043,267,122,145
122900044,51,241,-190
122900045,68,79,-11
122900046,42,87,-45
122900047,164,72,92
122900048,33,140,-107
122900049,1208,73,1135
122900051,74,65,9
122900052,40,89,-49
122900053,12,4,8
122900055,165,63,102
122900057,237,10,227
122900061,288,60,228
122900062,240,254,-14
122900063,115,327,-212
122900064,497,488,9
122900065,137,88,49
122900066,193,153,40
122900067,1128,535,593
122900068,133,276,-143
122900069,101,462,-361
122900070,132,29,103
122900071,48,311,-263
122900072,5,417,-412
122900073,53,177,-124
122900074,127,530,-403
122900075,2,40,-38
122900076,8,119,-111
122900077,1,133,-132
122900078,47,78,-31
122900080,39,13,26
122900081,95,78,17
122900082,412,124,288
122900083,141,97,44
122900084,1,160,-159
122900086,0,23,-23
122900087,41,508,-467
122900088,66,50,16
122900089,3,226,-223
122900090,4,468,-464
122900091,29,0,29
122900092,1,204,-203
122900093,0,279,-279
122900094,1,182,-181
122900095,47,0,47
122900096,51,141,-90
122900097,9,7,2
122900098,34,65,-31
122900099,3,5,-2
122900100,91,92,-1
122900101,581,127,454
122900102,2,11,-9
122900103,22,1,21
122900104,20,3,17
122900105,1,3,-2
122900106,3,80,-77
122900107,0,130,-130
122900108,6,146,-140
123000001,1607,236,1371
123000002,4747,1711,3036
123000003,3096,1764,1332
123000004,3015,3334,-319
123000005,1562,1697,-135
123000006,2492,2399,93
123000007,2065,1568,497
123000008,2022,3219,-1197
123000009,3460,2526,934
123000010,2988,3233,-245
123000011,2705,747,1958
123000012,1158,1975,-817
123000013,2482,792,1690
123000014,1081,2994,-1913
123000015,2792,461,2331
123000016,4676,1692,2984
123000017,2648,1458,1190
123000018,70,75,-5
123000019,61,327,-266
123000020,60,102,-42
123000021,46,133,-87
123000022,264,881,-617
123000023,880,907,-27
123000024,730,379,351
123000025,68,68,0
123000026,15,70,-55
123000027,333,387,-54
123000028,408,685,-277
123000029,591,436,155
123000030,65,566,-501
123000031,155,310,-155
123000032,171,252,-81
123000033,139,55,84
123000034,383,365,18
123000035,109,146,-37
123000036,131,303,-172
123000037,100,218,-118
123000038,57,214,-157
123000039,452,665,-213
123000040,912,206,706
123000041,705,366,339
123000042,696,270,426
123000043,2958,2939,19
123000044,5141,1363,3778
123000045,8806,1078,7728
123000046,720,409,311
123000047,2308,860,1448
123000048,39,315,-276
123000049,5239,2304,2935
123000050,502,707,-205
123000051,67,117,-50
123000052,364,1362,-998
123000053,1829,1772,57
123000054,898,701,197
123000055,402,733,-331
123000056,789,1328,-539
123000057,12625,3340,9285
123000058,391,426,-35
123000059,246,264,-18
123000060,398,212,186
123000061,83,451,-368
123000063,591,476,115
123000064,484,139,345
123000065,5037,2375,2662
123000066,840,521,319
123000067,253,425,-172
123000068,2371,2174,197
123000069,7318,2433,4885
123000070,227,601,-374
123000071,361,1002,-641
123000072,758,1162,-404
123000073,423,675,-252
123000074,676,1710,-1034
123000075,297,520,-223
123000076,196,730,-534
123000077,1580,2894,-1314
123000078,683,1493,-810
123000079,646,1712,-1066
123000080,1359,2059,-700
123000081,159,433,-274
123000082,297,819,-522
123000083,649,63,586
123000084,236,603,-367
123000085,79,96,-17
123000086,114,378,-264
123000087,46,372,-326
123000088,550,1088,-538
123000089,325,968,-643
123000090,898,1102,-204
123000091,1336,1130,206
123000092,999,937,62
123000094,230,183,47
123000095,190,412,-222
123000096,208,331,-123
123000097,138,960,-822
123000098,309,443,-134
123000099,365,671,-306
123000100,419,406,13
123000101,483,250,233
123000102,402,430,-28
123000104,189,202,-13
123000105,439,450,-11
123000106,565,246,319
123000107,464,386,78
123000108,1053,953,100
123000111,354,177,177
123000112,390,396,-6
123000113,489,1397,-908
123000114,296,299,-3
123000115,78,218,-140
123000116,15,175,-160
123000117,894,1615,-721
123000118,279,667,-388
123000119,138,757,-619
123000120,279,748,-469
123000121,274,480,-206
123000122,306,204,102
123000123,365,500,-135
123000124,611,492,119
123000125,1031,597,434
123000126,1820,1278,542
123000127,1545,697,848
123000128,199,345,-146
123000129,171,106,65
123000130,252,43,209
123000131,369,364,5
123000132,302,415,-113
123000133,388,266,122
123000134,465,160,305
123000135,871,737,134
123000136,138,1232,-1094
123000137,63,373,-310
123000138,49,342,-293
123000139,208,47,161
123000140,107,564,-457
123000141,579,45,534
123000142,747,787,-40
123000143,884,2184,-1300
123000144,6,7,-1
123000145,121,69,52
123000146,12,71,-59
123000147,40,95,-55
123000149,209,192,17
123000150,129,175,-46
123000151,214,288,-74
123000152,24,212,-188
123000153,89,299,-210
123000154,1451,950,501
123000155,1554,587,967
123000156,26,58,-32
123000157,298,725,-427
123000158,585,379,206
123000159,1977,986,991
123000160,256,301,-45
123000161,683,500,183
123000162,249,820,-571
123000163,110,21,89
123000164,479,184,295
123000165,208,1558,-1350
123000166,27,106,-79
123000167,92,181,-89
123000168,118,328,-210
123000169,262,64,198
123000170,27,271,-244
123000171,131,43,88
123000172,155,564,-409
123000173,272,102,170
123000174,426,96,330
123000175,717,1086,-369
123000176,270,72,198
123000177,171,836,-665
123000178,318,42,276
123000179,25,637,-612
123000180,752,170,582
123000181,211,1162,-951
123000182,54,318,-264
123000183,104,116,-12
123000184,29,749,-720
123000185,104,331,-227
123000186,5,583,-578
123000187,316,2,314
123000188,126,0,126
123000189,108,184,-76
123000190,26,43,-17
123000192,11,310,-299
123000193,26,487,-461
123000194,352,210,142
123000195,136,7,129
123000196,126,3,123
123000197,32,108,-76
123000198,6,190,-184
123000199,1,420,-419
123000200,220,7,213
123000201,339,12,327
123000202,26,1214,-1188
123000203,326,28,298
123000204,62,1100,-1038
123000205,239,1742,-1503
123000206,895,86,809
123000207,34,832,-798
123000208,126,55,71
123000209,848,203,645
123000210,276,1362,-1086
123000211,461,2390,-1929
123000212,1178,248,930
123000213,253,38,215
123000215,123,68,55
123000216,134,249,-115
123000217,129,28,101
123000218,64,218,-154
123000219,590,14,576
123000220,317,49,268
123000221,54,92,-38
123000222,150,408,-258
123000223,73,450,-377
123000224,222,537,-315
123000225,131,72,59
123000226,122,317,-195
123000227,33,323,-290
123000228,92,50,42
123000229,1016,1335,-319
123000232,37,473,-436
123000233,428,66,362
123000234,71,524,-453
123000235,223,188,35
123000236,94,678,-584
123000237,129,40,89
123000238,40,507,-467
123000239,323,1496,-1173
123000240,34,167,-133
123000241,776,103,673
123000242,50,145,-95
123000243,261,792,-531
123000244,538,323,215
123000245,44,88,-44
123000249,429,556,-127
123000252,484,76,408
123000253,338,196,142
123000254,212,708,-496
123000255,452,446,6
123000256,9,149,-140
123000257,2463,1880,583
123000258,602,923,-321
123000259,86,283,-197
123000260,247,540,-293
123000261,57,135,-78
123000262,73,211,-138
123000263,215,58,157
123000264,166,42,124
123000265,59,110,-51
123000266,308,484,-176
123000267,106,163,-57
123000268,14,44,-30
123000269,25,44,-19
123000270,19,24,-5
123000271,15,101,-86
123000272,539,196,343
123000273,152,351,-199
123000274,794,212,582
123000275,208,814,-606
123000278,2314,1830,484
123000279,24,63,-39
123000280,128,287,-159
123000281,143,58,85
123000282,45,188,-143
123000283,85,36,49
123000284,49,112,-63
123000286,255,209,46
123000287,485,144,341
123000288,614,374,240
123000289,278,498,-220
123000291,271,687,-416
123000294,130,230,-100
123000295,611,1191,-580
123000296,164,559,-395
123000297,137,666,-529
123000298,263,578,-315
123000299,28,266,-238
123000300,449,448,1
123000301,52,135,-83
123000302,90,111,-21
123000303,19,140,-121
123000305,786,687,99
123000306,21,216,-195
123000309,74,58,16
123000310,69,19,50
123000311,2,148,-146
123000312,584,910,-326
123000313,111,177,-66
123000315,173,324,-151
123000316,1362,69,1293
123000317,172,28,144
123000318,62,231,-169
123000329,10,9,1
123000337,117,166,-49
123000338,324,96,228
123000339,52,158,-106
123000340,115,358,-243
123000342,14,124,-110
123000343,60,0,60
123000344,774,294,480
123000345,279,382,-103
123000346,122,63,59
123000352,1599,579,1020
123000353,21,91,-70
123000354,85,2,83
123000355,1,305,-304
123000356,64,0,64
123000357,0,242,-242
123000359,1,188,-187
123000360,101,3,98
123000361,415,252,163
123000362,57,77,-20
123000363,31,163,-132
123000364,438,239,199
123000365,30,152,-122
123000366,171,952,-781
123000367,155,743,-588
123000370,12,228,-216
123000371,95,11,84
123000372,98,1,97
123000373,0,327,-327
123000374,2,163,-161
123000375,84,8,76
123000376,481,469,12
123000377,98,4,94
123000378,3,327,-324
123000379,2,183,-181
123000380,37,139,-102
123000381,86,32,54
123000382,615,15,600
123000383,135,455,-320
123000384,357,56,301
123000385,405,457,-52
123000436,31,470,-439
123000507,156,243,-87
123000508,113,287,-174
123000517,322,17,305
123000518,17,188,-171
123000519,91,51,40
123000520,44,144,-100
123000521,221,73,148
123000522,130,413,-283
123000541,0,1,-1
123000542,0,32,-32
123000565,122,10,112
123000566,42,578,-536
123000567,88,193,-105
123000573,15,676,-661
123000574,254,45,209
123000575,799,837,-38
123000576,454,1360,-906
123000577,68,337,-269
123000578,578,77,501
123000579,4359,1903,2456
123000580,63,5,58
123000582,138,9,129
123000583,3,343,-340
123000584,97,138,-41
123000585,0,67,-67
123000586,15,0,15
123000596,81,71,10
123000597,42,59,-17
123000602,6,1,5
123000603,180,621,-441
123000604,205,896,-691
123000605,467,61,406
123000606,0,130,-130
123000609,13,243,-230
123000610,60,69,-9
123000613,53,92,-39
123000614,134,42,92
123000615,42,219,-177
123000616,193,27,166
123000617,16,347,-331
123000618,31,487,-456
123000619,378,11,367
123000620,4,450,-446
123000622,204,25,179
123000624,117,63,54
123000630,412,301,111
123000631,120,1662,-1542
123000632,790,1014,-224
123000633,1,117,-116
123000634,56,19,37
123000635,160,80,80
123000636,10,477,-467
123000637,213,23,190
123000638,246,76,170
123000639,637,1437,-800
123000640,26,912,-886
123000648,107,61,46
123000649,20,601,-581
123900001,1281,38,1243
123900002,9,580,-571
123900003,275,432,-157
123900005,101,50,51
123900006,148,18,130
124000001,1005,98,907
124000002,107,1296,-1189
124000003,314,91,223
124000004,56,541,-485
124000005,437,141,296
124000006,195,1188,-993
124000007,398,55,343
124000008,9,443,-434
124000009,206,223,-17
124000010,69,511,-442
124000011,445,208,237
124000012,180,853,-673
124000017,39,80,-41
124000018,69,101,-32
124000019,46,43,3
124000020,41,206,-165
124000021,49,57,-8
124000022,103,184,-81
124000023,704,780,-76
124000024,882,620,262
124000025,772,854,-82
124000026,834,789,45
124000027,4506,2575,1931
124000028,2426,2865,-439
124000030,2929,1034,1895
124000031,601,705,-104
124000032,4243,807,3436
124000033,366,218,148
124000034,1443,845,598
124000035,83,52,31
124000036,64,444,-380
124000037,151,293,-142
124000038,32,104,-72
124000039,673,204,469
124000040,512,309,203
124000041,106,55,51
124000042,31,198,-167
124000043,18,73,-55
124000044,39,219,-180
124000045,225,292,-67
124000046,110,687,-577
124000047,515,488,27
124000048,270,1387,-1117
124000049,583,419,164
124000050,305,1962,-1657
124000051,251,259,-8
124000052,349,1239,-890
124000053,332,534,-202
124000054,502,574,-72
124000055,802,730,72
124000056,2785,1120,1665
124000057,542,261,281
124000058,237,1370,-1133
124000059,288,359,-71
124000060,857,771,86
124000061,864,2064,-1200
124000062,7154,1513,5641
124000063,1300,1463,-163
124000064,2216,1728,488
124000065,99,158,-59
124000066,228,76,152
124000067,31,167,-136
124000068,24,77,-53
124000069,178,212,-34
124000070,90,470,-380
124000071,48,65,-17
124000072,86,461,-375
124000073,432,86,346
124000074,130,736,-606
124000075,66,25,41
124000076,2,184,-182
124000077,1070,486,584
124000078,1653,282,1371
124000079,468,660,-192
124000080,106,70,36
124000081,88,627,-539
124000082,37,78,-41
124000083,21,129,-108
124000084,45,192,-147
124000085,57,45,12
124000086,38,75,-37
124000087,49,65,-16
124000088,36,172,-136
124000089,271,263,8
124000090,68,388,-320
124000091,275,98,177
124000092,104,717,-613
124000093,63,45,18
124000094,59,271,-212
124000095,32,49,-17
124000096,69,253,-184
124000097,29,51,-22
124000098,37,132,-95
124000099,123,64,59
124000100,17,115,-98
124000101,30,116,-86
124000102,85,56,29
124000103,26,58,-32
124000104,54,77,-23
124000105,18,39,-21
124000106,125,84,41
124000107,8,77,-69
124000108,52,19,33
124000109,57,53,4
124000110,129,111,18
124000111,142,142,0
124000112,328,594,-266
124000113,34,52,-18
124000114,142,574,-432
124000115,217,731,-514
124000116,89,79,10
124000117,61,81,-20
124000118,26,42,-16
124000119,553,381,172
124000120,279,334,-55
124000121,1996,545,1451
124000122,452,807,-355
124000123,596,260,336
124000124,428,690,-262
124000125,222,223,-1
124000126,284,402,-118
124000127,379,243,136
124000128,387,786,-399
124000129,1137,796,341
124000130,603,472,131
124000131,591,359,232
124000132,740,643,97
124000133,390,571,-181
124000134,534,568,-34
124000135,983,973,10
124000136,713,842,-129
124000137,749,315,434
124000138,1143,707,436
124000139,289,26,263
124000140,26,247,-221
124000141,134,17,117
124000142,18,329,-311
124000143,34,10,24
124000144,2,147,-145
124000145,26,25,1
124000146,5,124,-119
124000148,11,26,-15
124000149,452,154,298
124000150,246,444,-198
124000151,335,152,183
124000152,544,861,-317
124000153,258,274,-16
124000154,171,648,-477
124000155,776,432,344
124000156,915,689,226
124000169,202,210,-8
124000170,481,320,161
124000171,176,151,25
124000172,324,447,-123
124000173,136,180,-44
124000174,164,568,-404
124000175,2,102,-100
124000176,12,9,3
124000177,12,41,-29
124000178,6,6,0
124000190,115,22,93
124000191,352,124,228
124000192,2005,166,1839
124000193,482,1083,-601
124000194,298,439,-141
124000195,152,357,-205
124000196,816,1027,-211
124000197,62,37,25
124000198,14,37,-23
124000201,117,915,-798
124000202,307,88,219
124000203,79,882,-803
124000204,190,397,-207
124000205,28,477,-449
124000206,152,311,-159
124000207,2,40,-38
124000209,110,445,-335
124000210,70,151,-81
124000211,97,2,95
124000212,3,424,-421
124000213,75,313,-238
124000214,108,630,-522
124000215,63,2,61
124000216,1,506,-505
124000329,46,1921,-1875
124000338,22,993,-971
124000339,240,38,202
124000341,315,31,284
124000344,7,1,6
124000357,613,1307,-694
124000358,552,1013,-461
124000359,628,395,233
124000360,411,325,86
124000361,1151,605,546
124000362,1400,2069,-669
124000363,213,436,-223
124000364,457,873,-416
124000365,594,1059,-465
124000366,1747,782,965
124000367,68,457,-389
124000368,132,133,-1
124000369,72,69,3
124000370,83,592,-509
124000402,18,0,18
124000403,24,8,16
124000404,4,47,-43
124000405,773,449,324
124000406,683,600,83
124000407,1,33,-32
124000411,7,294,-287
124000412,129,18,111
124000413,271,49,222
124000414,14,99,-85
124000415,16,180,-164
124000416,65,296,-231
124000417,38,88,-50
124000418,52,98,-46
124000419,61,179,-118
124000420,19,59,-40
124000421,19,268,-249
124000422,29,4,25
124000423,63,16,47
124000424,3,145,-142
124000425,24,21,3
124000426,5,227,-222
124000427,12,12,0
124000428,6,13,-7
124000429,16,63,-47
124000430,307,536,-229
124000431,134,501,-367
124000432,65,669,-604
124000439,3,2,1
124000443,0,0,0
124000445,149,438,-289
124000446,2332,129,2203
124000447,0,3,-3
124900001,280,139,141
124900002,67,369,-302
124900003,349,473,-124
124900004,182,265,-83
124900005,135,178,-43
124900006,226,274,-48
124900008,706,354,352
124900009,52,83,-31
124900010,44,18,26
124900011,116,99,17
124900012,229,37,192
124900013,186,76,110
124900014,133,55,78
124900015,86,122,-36
124900016,6,53,-47
124900017,353,179,174
124900018,4,9,-5
124900020,40,19,21
124900021,75,17,58
124900022,3,7,-4
124900024,57,0,57
124900026,63,8,55
124900027,32,157,-125
124900028,459,91,368
124900029,5,258,-253
124900030,3,103,-100
124900031,4,324,-320
124900032,202,103,99
124900033,28,317,-289
124900034,3,85,-82
124900035,74,301,-227
124900036,1,44,-43
124900037,76,261,-185
124900038,233,456,-223
124900039,1,27,-26
124900040,33,73,-40
124900041,166,1361,-1195
124900042,31,1,30
124900043,253,1135,-882
124900044,31,0,31
124900045,418,677,-259
124900047,73,118,-45
124900048,78,94,-16
124900050,128,232,-104
124900052,75,265,-190
124900053,21,275,-254
124900054,2409,256,2153
124900055,1,81,-80
124900057,6,60,-54
124900060,27,148,-121
124900061,16,4,12
124900062,27,3,24
124900066,0,13,-13
124900067,1,132,-131
124900068,186,147,39
124900070,12,27,-15
124900072,31,19,12
124900075,77,158,-81
124900076,19,248,-229
124900077,11,80,-69
124900078,20,4,16
124900079,550,41,509
124900080,114,758,-644
124900081,410,185,225
124900082,197,1081,-884
124900083,113,468,-355
124900085,1175,163,1012
124900086,38,456,-418
124900087,532,60,472
124900088,602,78,524
124900089,1178,14,1164
124900090,88,105,-17
124900091,193,441,-248
124900092,104,365,-261
124900093,109,144,-35
124900094,115,131,-16
124900095,31,260,-229
124900096,381,61,320
124900097,113,16,97
124900098,67,304,-237
124900099,367,212,155
124900100,85,16,69
124900101,7,320,-313
124900102,107,1,106
124900103,78,184,-106
124900104,21,154,-133
124900105,23,131,-108
124900106,158,7,151
124900107,31,7,24
124900108,118,27,91
124900111,0,44,-44
124900112,30,604,-574
124900113,73,84,-11
124900114,194,41,153
124900115,25,40,-15
124900116,41,70,-29
124900117,517,113,404
124900118,40,64,-24
124900119,140,42,98
124900120,23,293,-270
124900121,79,80,-1
124900122,384,142,242
124900123,386,29,357
124900124,124,136,-12
204000001,20,13,7
204000002,5,9,-4
204000003,16,2,14
204000004,7,1,6
204000005,323,233,90
204000006,587,665,-78
204000011,8,51,-43
204000012,22,84,-62
204000019,358,370,-12
204000020,263,587,-324
204000021,1382,622,760
204000022,301,379,-78
204000023,256,1200,-944
204000031,48,40,8
204000032,441,37,404
204000034,17,215,-198
204000035,0,1,-1
204000036,3,15,-12
204000037,1,16,-15
204000038,1,21,-20
204000039,7,55,-48
204000040,4,31,-27
204000041,3,24,-21
204000042,16,12,4
204000043,16,4,12
204000044,16,2,14
204000045,12,6,6
204000046,8,3,5
204000057,3,24,-21
204000062,2,96,-94
204000068,31,94,-63
204000069,12,111,-99
204000070,46,71,-25
204000080,17,51,-34
204000085,809,1389,-580
204000086,2328,1930,398
204000087,46,19,27
204000088,3,91,-88
204000090,18,315,-297
204000093,162,40,122
204000096,384,426,-42
204000097,102,19,83
204000099,608,955,-347
204000100,470,657,-187
204000105,1364,1134,230
204000110,485,1058,-573
204000111,292,653,-361
204000112,350,838,-488
204000113,308,778,-470
204000114,320,293,27
204000115,278,263,15
204000116,330,439,-109
204000119,1186,1123,63
204000132,242,178,64
204000133,396,175,221
204000134,101,113,-12
204000135,180,99,81
204000136,176,184,-8
204000138,80,182,-102
204000140,91,69,22
204000141,67,33,34
204000144,0,8,-8
204000145,566,20,546
204000146,24,247,-223
204000147,8,93,-85
204000148,348,20,328
204000154,3,2,1
204000155,3,8,-5
204000177,55,47,8
204000179,16,6,10
204000180,0,37,-37
204000222,4,2,2
204000235,2,15,-13
204000236,111,220,-109
204000238,25,18,7
204000240,240,47,193
204000263,338,1261,-923
204000268,705,287,418
204000308,122,14,108
204000317,12,54,-42
204000322,5,15,-10
204000323,11,6,5
204000328,120,68,52
204000329,74,71,3
204000330,125,54,71
204000331,28,151,-123
205000001,816,928,-112
205000013,12,68,-56
205000014,8,135,-127
205000015,16,218,-202
205000016,7,137,-130
205000017,20,53,-33
205000022,223,414,-191
205000025,1027,767,260
205000029,124,7,117
205000045,26,166,-140
205000046,38,394,-356
205000047,29,376,-347
205000048,99,810,-711
205000049,74,570,-496
205000050,821,199,622
205000059,0,190,-190
205000060,0,37,-37
205000061,2,20,-18
205000062,0,39,-39
205000063,6,72,-66
205000064,15,96,-81
205000065,49,573,-524
205000066,56,582,-526
205000067,29,974,-945
205000069,161,20,141
205000082,108,116,-8
205000110,35,169,-134
205000111,119,248,-129
205000112,57,111,-54
205000113,166,168,-2
205000121,58,38,20
205000123,48,94,-46
205000126,283,79,204
205000127,346,153,193
205000128,340,61,279
205000129,320,60,260
205000130,186,46,140
205000131,160,14,146
205000132,305,1,304
205000133,236,0,236
205000134,104,0,104
205000137,80,115,-35
205000138,186,207,-21
205000139,11,55,-44
205000144,32,34,-2
205000145,121,68,53
205000151,77,11,66
205000152,58,11,47
205000153,88,25,63
205000154,14,52,-38
205000155,36,8,28
205000207,18,119,-101
205000233,18,0,18
205000234,0,2,-2
205000243,2,0,2
205000244,0,2,-2
205000245,1,201,-200
205000249,0,16,-16
205000250,1,1,0
205000264,5,72,-67
206000027,9,2,7
206000028,0,1,-1
206000043,12,87,-75
206000053,7,11,-4
206000054,2,13,-11
206000055,2,22,-20
206000075,8,2,6
206000076,11,2,9
206000077,14,4,10
206000078,4,2,2
206000079,3,3,0
206000082,275,8,267
206000100,30,473,-443
206000103,3,21,-18
206000104,8,23,-15
206000105,8,24,-16
206000106,14,27,-13
206000125,28,0,28
206000157,88,616,-528
206000170,1,225,-224
206000171,4,230,-226
206000172,10,810,-800
206000173,1,335,-334
206000174,5,138,-133
206000175,2,211,-209
206000176,9,393,-384
206000177,1,213,-212
206000178,1,164,-163
206000179,0,75,-75
206000180,30,191,-161
206000181,12,270,-258
206000182,28,329,-301
206000183,18,917,-899
206000184,3,414,-411
206000185,4,306,-302
206000186,62,1482,-1420
206000223,3,230,-227
206000226,6,0,6
206000227,27,1,26
206000237,20,396,-376
206000238,16,637,-621
206000239,376,2157,-1781
206000240,1,61,-60
206000241,0,121,-121
206000242,10,442,-432
206000243,11,425,-414
206000244,53,890,-837
206000245,193,19,174
206000246,27,8,19
206000247,50,6,44
206000248,91,5,86
206000252,41,9,32
206000258,11,59,-48
206000315,19,2,17
206000317,192,59,133
206000318,85,28,57
206000319,352,48,304
206000320,19,27,-8
206000321,35,8,27
206000322,90,3,87
206000323,48,2,46
206000324,36,6,30
206000325,50,5,45
206000326,49,13,36
206000327,128,4,124
206000328,34,2,32
206000329,45,7,38
206000330,15,3,12
206000331,75,5,70
206000332,10,4,6
206000333,148,2,146
206000334,75,0,75
206000335,0,22,-22
206000361,2,187,-185
206000392,3,30,-27
206000405,110,0,110
206000441,12,14,-2
206000498,19,3,16
206000515,70,9,61
206000530,74,14,60
206000531,105,33,72
206000532,1476,52,1424
206000535,191,1967,-1776
206000536,16,264,-248
206000537,2,150,-148
206000613,787,105,682
206000784,393,16,377
207000001,148,341,-193
207000002,39,227,-188
207000003,188,206,-18
207000007,404,171,233
207000008,29,10,19
207000009,79,31,48
207000010,357,563,-206
207000012,192,113,79
207000015,253,1598,-1345
207000019,109,79,30
207000021,488,150,338
207000022,55,81,-26
207000023,102,50,52
207000024,1,5,-4
207000025,22,40,-18
207000026,113,43,70
207000027,8,73,-65
207000028,35,271,-236
207000029,201,413,-212
207000033,171,161,10
207000034,198,33,165
207000039,163,115,48
207000040,118,80,38
207000041,17,38,-21
207000042,85,63,22
207000043,150,158,-8
207000051,94,287,-193
207000052,6,201,-195
207000053,383,626,-243
207000054,41,132,-91
207000055,52,180,-128
207000056,169,431,-262
207000057,106,260,-154
207000058,66,530,-464
207000059,40,982,-942
207000060,26,290,-264
207000061,79,105,-26
207000062,100,37,63
207000063,115,164,-49
207000064,236,184,52
207000065,218,211,7
207000066,71,157,-86
207000067,29,98,-69
207000068,85,43,42
207000069,518,314,204
207000082,35,327,-292
207000083,42,388,-346
207000084,95,145,-50
207000085,109,13,96
207000086,72,3,69
207000106,18,30,-12
207000107,28,11,17
207000108,18,10,8
207000109,25,9,16
207000110,39,31,8
207000111,66,50,16
207000112,115,219,-104
207000114,7,17,-10
207000115,7,85,-78
207000116,7,197,-190
207000117,3,85,-82
207000118,0,78,-78
207000119,21,103,-82
207000123,145,27,118
207000124,58,14,44
207000125,35,32,3
207000126,53,19,34
207000134,22,241,-219
207000135,24,238,-214
207000148,42,95,-53
207000149,41,25,16
207000152,150,364,-214
207000153,954,910,44
207000154,280,154,126
207000159,33,209,-176
207000160,45,589,-544
207000238,1,82,-81
207000242,0,140,-140
207000248,20,11,9
207000249,95,58,37
207000250,530,43,487
207000251,56,36,20
207000252,51,53,-2
207000278,53,52,1
207000279,13,223,-210
207000280,109,69,40
207000281,51,1237,-1186
207000282,137,46,91
207000283,136,186,-50
207000284,70,77,-7
207000285,175,45,130
207000291,14,97,-83
207000304,83,58,25
207000306,41,427,-386
207000310,33,58,-25
207000353,167,2,165
207000356,4,21,-17
207000357,1,5,-4
207000358,19,2,17
207000415,2,149,-147
207000417,14,4,10
207000418,107,149,-42
207000438,0,6,-6
207000439,1090,245,845
207000446,113,3,110
207000460,6,4,2
207000466,192,158,34
207000467,88,65,23
207000468,19,453,-434
207000476,0,60,-60
207000477,185,81,104
207000478,1,5,-4
207000523,1,14,-13
207000524,34,1,33
207000527,51,120,-69
207000530,163,5,158
207000531,143,8,135
207000532,28,12,16
207000534,552,35,517
207000535,21,156,-135
207000537,20,67,-47
207000540,4,128,-124
207000541,3,250,-247
207000548,3,312,-309
207000549,135,14,121
207000561,57,87,-30
207000562,17,162,-145
207000567,114,259,-145
207000568,24,89,-65
207000569,65,934,-869
207000584,328,89,239
207000585,56,191,-135
207000587,7,16,-9
207000616,2,179,-177
207000617,47,0,47
207000624,48,26,22
207000631,2,26,-24
207900008,66,232,-166
208000001,301,545,-244
208000002,242,394,-152
208000003,488,398,90
208000004,662,628,34
208000005,15,21,-6
208000019,334,579,-245
208000020,100,321,-221
208000021,74,387,-313
208000022,433,689,-256
208000028,854,541,313
208000033,231,539,-308
208000034,766,1288,-522
208000037,416,54,362
208000040,83,125,-42
208000041,1106,364,742
208000042,651,384,267
208000047,75,267,-192
208000064,1863,1119,744
208000066,916,598,318
208000070,175,299,-124
208000071,205,561,-356
208000072,281,985,-704
208000080,68,280,-212
208000081,138,147,-9
208000082,114,305,-191
208000083,74,398,-324
208000084,28,13,15
208000085,659,509,150
208000086,391,719,-328
208000087,184,584,-400
208000089,439,670,-231
208000090,346,998,-652
208000093,125,81,44
208000094,232,453,-221
208000095,505,283,222
208000104,606,821,-215
208000105,298,991,-693
208000114,36,121,-85
208000115,302,245,57
208000116,141,631,-490
208000117,121,67,54
208000118,49,80,-31
208000155,385,754,-369
208000158,1345,1766,-421
208000186,2178,1297,881
208000204,255,696,-441
208000205,698,1127,-429
208000282,2477,1023,1454
209000004,67,110,-43
209000005,6,21,-15
209000006,351,87,264
209000007,185,120,65
209000010,411,111,300
209000011,68,160,-92
209000012,96,160,-64
209000013,118,509,-391
209000014,507,1323,-816
209000025,127,43,84
209000026,333,57,276
209000027,163,846,-683
209000028,213,779,-566
209000029,533,734,-201
209000030,435,1392,-957
209000031,3336,2305,1031
209000034,164,169,-5
209000035,78,106,-28
209000036,85,96,-11
209000037,101,197,-96
209000038,51,176,-125
209000039,36,127,-91
209000040,218,379,-161
209000041,102,335,-233
209000042,142,288,-146
209000043,539,499,40
209000044,149,416,-267
209000045,703,234,469
209000046,149,303,-154
209000047,256,137,119
209000048,265,243,22
209000049,86,157,-71
209000050,152,238,-86
209000051,199,345,-146
209000052,110,323,-213
209000062,23,175,-152
209000063,33,102,-69
209000064,12,137,-125
209000065,9,27,-18
209000066,16,35,-19
209000067,21,75,-54
209000080,17,104,-87
209000082,75,31,44
209000091,39,65,-26
209000093,78,35,43
209000094,173,109,64
209000110,23,39,-16
209000111,188,855,-667
209000112,380,439,-59
209000113,884,310,574
209000114,170,193,-23
209000115,83,194,-111
209000116,791,457,334
209000118,16,36,-20
209000119,8,6,2
209000121,150,645,-495
209000135,35,55,-20
209000142,522,634,-112
209000143,117,62,55
209000144,15,48,-33
209000229,91,121,-30
209000240,31,349,-318
209000259,150,94,56
209000260,50,795,-745
209000261,1,546,-545
209000262,2,375,-373
209000263,2,64,-62
209000264,0,22,-22
209000265,447,16,431
209000266,38,14,24
209000267,206,16,190
209000268,471,33,438
210000037,30,9,21
210000047,36,15,21
210000048,27,30,-3
210000049,34,10,24
210000052,29,153,-124
210000053,10,59,-49
210000054,47,83,-36
210000070,39,0,39
210000071,28,0,28
210000072,3,0,3
210000073,0,24,-24
210000074,2,113,-111
210000075,0,54,-54
210000076,7,110,-103
210000077,63,35,28
210000078,45,34,11
210000079,37,3,34
210000080,150,59,91
210000081,68,6,62
210000082,47,0,47
210000083,41,0,41
210000084,9,0,9
210000085,0,61,-61
210000086,1,102,-101
210000099,30,201,-171
210000100,18,238,-220
210000101,48,255,-207
210000105,41,206,-165
210000159,1,138,-137
210000163,128,206,-78
210000164,225,84,141
210000168,124,26,98
210000187,0,3,-3
210000188,0,14,-14
210000214,13,0,13
210000219,11,40,-29
210000220,43,70,-27
210000232,3,15,-12
210000233,13,56,-43
210000234,24,181,-157
210000235,25,152,-127
210000245,0,28,-28
210000246,14,2,12
210000258,12,106,-94
210000259,140,8,132
210000282,27,184,-157
210000285,1,96,-95
210000286,4,196,-192
210000290,2,11,-9
210000295,44,150,-106
210000296,60,47,13
210000320,91,151,-60
210000321,35,76,-41
210000338,126,77,49
210000339,511,775,-264
210000340,104,205,-101
210000341,124,222,-98
210000342,146,189,-43
210000343,137,215,-78
210000344,233,106,127
210000345,224,136,88
210000346,79,92,-13
210000347,181,20,161
210000348,107,14,93
210000349,95,34,61
210000350,50,50,0
210000351,70,106,-36
210000352,40,66,-26
210000353,34,94,-60
210000354,36,76,-40
210000355,64,92,-28
210000356,78,76,2
210000357,52,48,4
210000358,433,95,338
210000359,75,72,3
210000360,149,93,56
210000361,100,149,-49
210000362,145,123,22
210000363,787,79,708
210000364,77,91,-14
210000365,45,24,21
210000366,77,24,53
210000367,26,15,11
210000368,80,16,64
210000369,19,35,-16
210000370,55,42,13
210000372,35,27,8
210000373,56,8,48
210000374,38,25,13
210000375,41,82,-41
210000376,23,159,-136
210000404,103,139,-36
210000439,21,36,-15
210000472,79,6,73
210000482,50,43,7
210000564,456,110,346
210000567,2,14,-12
210000568,421,0,421
211000092,16,62,-46
211000094,51,21,30
211000169,174,4,170
211000172,13,145,-132
211000209,0,5,-5
211000226,8,21,-13
211000270,11,17,-6
211000275,10,12,-2
211000276,43,12,31
211000279,4,63,-59
211000281,32,65,-33
211000302,4,13,-9
211507980,0,16,-16
211977296,4,7,-3
212000003,96,46,50
212000004,56,22,34
212000005,11,14,-3
212000006,15,74,-59
212000008,71,170,-99
212000009,10,127,-117
212000012,29,85,-56
212000013,16,50,-34
212000014,179,144,35
212000015,118,139,-21
212000016,333,483,-150
212000027,320,366,-46
212000028,163,315,-152
212000029,74,215,-141
212000030,24,31,-7
212000031,33,62,-29
212000048,28,67,-39
212000049,6,49,-43
212000050,11,5,6
212000051,119,197,-78
212000052,112,398,-286
212000053,199,505,-306
212000054,84,141,-57
212000055,128,210,-82
212000056,4,35,-31
212000057,11,19,-8
212000058,255,32,223
212000070,54,302,-248
212000077,48,634,-586
212000099,136,202,-66
212000108,166,144,22
212000111,101,91,10
212000120,142,104,38
212000138,71,16,55
212000156,4,91,-87
212000158,7,5,2
212000159,158,49,109
212000160,289,167,122
212000161,29,10,19
212000310,18,19,-1
212000311,9,59,-50
212000374,14,9,5
213000001,20,487,-467
213000005,197,75,122
213000006,749,89,660
213000007,49,7,42
213000009,439,113,326
213000010,109,126,-17
213000011,188,79,109
213000012,72,309,-237
213000014,34,7,27
213000015,135,7,128
213000016,133,1,132
213000017,10,0,10
213000018,2,127,-125
213000019,0,132,-132
213000020,100,235,-135
213000021,1,99,-98
213000023,156,155,1
213000033,158,532,-374
213000034,315,230,85
213000035,76,90,-14
213000045,88,189,-101
213000046,71,173,-102
213000047,324,472,-148
213000056,24,33,-9
213000069,31,6,25
213000073,1,11,-10
213000074,137,332,-195
213000075,313,8,305
213000076,21,0,21
213000085,3,34,-31
213000086,3,167,-164
213000091,38,4,34
213000092,26,8,18
213000099,95,598,-503
213000100,1120,167,953
213000101,121,131,-10
213000102,114,355,-241
213000103,497,571,-74
213000104,46,347,-301
213000105,3,69,-66
213000106,5,148,-143
213000107,91,645,-554
213000108,5,515,-510
213000109,1,218,-217
213000110,1,72,-71
213000111,26,37,-11
213000112,147,135,12
213000115,21,4,17
213000116,102,606,-504
213000117,4,742,-738
213000118,189,219,-30
213000119,34,692,-658
213000120,46,585,-539
213000122,252,781,-529
213000123,667,1273,-606
213000124,54,1233,-1179
213000125,78,14,64
213000126,20,53,-33
213000127,92,78,14
213000128,551,405,146
213000129,413,287,126
213000130,215,105,110
213000132,105,68,37
213000133,160,63,97
213000134,374,25,349
213000136,137,27,110
213000137,338,62,276
213000139,450,7,443
213000147,21,0,21
213000148,16,4,12
213000149,22,4,18
213000150,0,47,-47
213000151,0,44,-44
213000152,0,61,-61
213000153,0,34,-34
213000154,8,181,-173
213000155,15,324,-309
213000156,49,579,-530
213000157,632,490,142
213000158,198,568,-370
213000159,205,469,-264
213000163,246,49,197
213000165,442,114,328
213000171,1,124,-123
213000172,1,323,-322
213000173,0,269,-269
213000174,0,219,-219
213000175,3,133,-130
213000176,23,24,-1
213000177,11,1,10
213000178,15,0,15
213000179,71,0,71
213000180,25,0,25
213000184,46,312,-266
213000188,188,52,136
213000189,109,22,87
213000190,492,530,-38
213000191,134,379,-245
213000192,69,660,-591
213000193,1202,115,1087
213000194,1,18,-17
213000195,17,455,-438
213000196,119,799,-680
213000197,183,194,-11
213000198,29,0,29
213000200,86,921,-835
213000201,107,47,60
213000202,7,616,-609
213000203,2213,266,1947
213000204,376,34,342
213000205,104,42,62
213000206,170,41,129
213000207,18,7,11
213000208,98,1,97
213000209,35,1,34
213000210,138,3,135
213000211,1,9,-8
213000212,17,27,-10
213000213,13,27,-14
213000218,89,823,-734
213000219,300,11,289
213000220,270,3,267
213000223,193,89,104
213000224,58,46,12
213000225,7,1,6
213000226,12,2,10
213000227,380,184,196
213000228,75,72,3
213000229,555,22,533
213000230,250,12,238
213000232,66,343,-277
213000233,1,20,-19
213000234,3,18,-15
213000293,12,34,-22
213000294,63,11,52
213000295,10,61,-51
213000296,89,13,76
213000297,14,64,-50
213000298,12,85,-73
213000299,36,42,-6
213000300,13,3,10
213000303,7,17,-10
213000304,1,6,-5
213000305,2,4,-2
213000306,78,17,61
213000307,203,72,131
213000308,74,238,-164
213000309,60,39,21
213000310,137,121,16
213000311,247,475,-228
213000315,38,84,-46
213000316,33,51,-18
213000322,56,102,-46
213000323,26,63,-37
213000324,17,36,-19
213000325,11,90,-79
213000326,4,19,-15
213000327,2,77,-75
213000328,5,65,-60
213000329,17,35,-18
213000340,86,806,-720
213000341,159,53,106
213000346,62,91,-29
213000347,705,124,581
213000348,47,181,-134
213000349,111,10,101
213000350,198,1198,-1000
213000366,25,230,-205
213000367,97,17,80
213000379,196,208,-12
213000386,7,182,-175
213000406,78,253,-175
213000417,529,268,261
213000425,49,53,-4
213000426,51,56,-5
213000427,14,245,-231
213000428,21,192,-171
213000429,67,0,67
213000430,59,876,-817
213000431,111,0,111
213000432,3,7,-4
213000433,9,82,-73
213000434,22,66,-44
213000435,27,66,-39
213000436,8,87,-79
213000437,0,27,-27
213000438,84,67,17
213000439,28,12,16
213000440,0,187,-187
213000441,1,0,1
213000442,0,36,-36
213000443,323,251,72
213000444,20,53,-33
213000445,0,88,-88
213000446,0,16,-16
213000447,3,57,-54
213000448,3,40,-37
213000449,77,2,75
213000450,9,37,-28
213000451,45,47,-2
213000452,53,12,41
213000453,26,291,-265
213000455,477,4,473
213000456,0,368,-368
213000481,12,9,3
213000482,64,0,64
213000489,344,32,312
213000491,2,62,-60
213000492,101,2,99
213000493,0,40,-40
213000494,74,92,-18
213000495,1,56,-55
213000496,118,187,-69
213000497,16,257,-241
213000498,28,218,-190
213000499,79,501,-422
213000500,154,61,93
213000501,44,22,22
213000502,49,24,25
213000503,1,54,-53
213000504,2,137,-135
213000505,4,7,-3
213000506,0,5,-5
213000507,1,140,-139
213900244,2,0,2
213900245,0,17,-17
218000003,34,10,24
218000004,12,11,1
218000005,30,29,1
218000006,42,16,26
218000007,6,2,4
218000012,236,92,144
218000013,34,109,-75
218000014,424,337,87
218000019,783,320,463
218000020,167,322,-155
218000021,17,51,-34
218000022,5,43,-38
218000023,1,35,-34
218000024,3,12,-9
218000025,13,16,-3
218000026,2,40,-38
218000027,0,13,-13
218000028,2,2,0
218000029,0,5,-5
218000030,12,17,-5
218000031,1,56,-55
218000032,0,20,-20
218000040,1,2,-1
218000046,13,144,-131
218000047,12,177,-165
218000048,46,228,-182
218000049,65,135,-70
218000050,237,279,-42
218000051,43,298,-255
218000052,2,82,-80
218000053,8,10,-2
218000054,28,15,13
218000055,4,10,-6
218000056,15,32,-17
218000057,0,19,-19
218000064,0,6,-6
218000065,24,43,-19
218000066,7,75,-68
218000067,14,85,-71
218000068,42,59,-17
218000069,83,152,-69
218000070,69,238,-169
218000071,131,217,-86
218000072,244,201,43
218000078,387,1115,-728
218000079,33,48,-15
218000080,31,64,-33
218000081,176,247,-71
218000082,12,122,-110
218000083,24,46,-22
218000084,39,177,-138
218000085,84,386,-302
218000086,20,126,-106
218000087,133,218,-85
218000090,8,47,-39
218000091,593,394,199
218000092,42,127,-85
218000093,63,114,-51
218000094,381,690,-309
218000099,238,360,-122
218000100,202,249,-47
218000101,91,172,-81
218000102,136,285,-149
218000103,31,174,-143
218000104,22,56,-34
218000105,28,9,19
218000106,9,4,5
218000107,43,96,-53
218000108,4,52,-48
218000112,52,12,40
218000117,25,45,-20
218000134,353,680,-327
218000135,10,82,-72
218000136,109,41,68
218000137,102,121,-19
218000138,4,67,-63
218000139,75,352,-277
218000140,134,181,-47
218000141,8,61,-53
218000142,40,118,-78
218000143,17,101,-84
218000144,8,54,-46
218000145,156,314,-158
218000146,58,118,-60
218000151,6,10,-4
218000152,32,62,-30
218000153,3,5,-2
218000154,0,0,0
218000155,7,2,5
218000156,27,24,3
218000157,9,15,-6
218000158,1,7,-6
218000159,1,2,-1
218000160,0,1,-1
218000161,12,3,9
218000162,15,11,4
218000163,1,0,1
218000164,19,8,11
218000165,16,17,-1
218000170,1,33,-32
218000171,43,8,35
218000172,21,7,14
218000173,40,12,28
218000174,4,2,2
218000176,74,9,65
218000177,215,56,159
218000178,25,58,-33
218000179,46,24,22
218000180,13,14,-1
218000181,69,16,53
218000187,7,7,0
218000188,13,53,-40
218000189,6,54,-48
218000190,4,20,-16
218000191,61,104,-43
218000192,107,404,-297
218000193,264,514,-250
218000194,35,438,-403
218000195,132,60,72
218000196,164,204,-40
218000197,85,266,-181
218000198,2,114,-112
218000199,16,25,-9
218000200,51,32,19
218000201,4,15,-11
218000202,110,142,-32
218000207,7,33,-26
218000208,26,35,-9
218000211,27,4,23
218000212,3,3,0
218000213,67,46,21
218000214,1,13,-12
218000215,42,84,-42
218000217,1,78,-77
218000218,171,52,119
218000219,20,3,17
218000220,64,256,-192
218000221,476,140,336
218000222,68,8,60
218000223,28,61,-33
218000224,8,50,-42
218000225,122,9,113
218000226,47,50,-3
218000230,0,2,-2
218000232,35,58,-23
218000239,32,0,32
218000240,11,3,8
218000241,4,0,4
218000242,15,0,15
218000243,53,0,53
218000244,8,1,7
218000245,2,1,1
218000246,0,0,0
218000247,0,0,0
218000248,0,27,-27
218000249,0,0,0
218000250,0,7,-7
218000251,0,13,-13
218000252,1,20,-19
218000253,3,5,-2
218000254,0,6,-6
218000255,0,9,-9
218000256,3,19,-16
218000267,637,1035,-398
218000268,3,52,-49
218000269,4,5,-1
218000270,41,60,-19
218000271,39,47,-8
218000273,4,2,2
218000274,4,3,1
218000275,4,15,-11
218000276,8,29,-21
218000278,10,34,-24
218000279,11,51,-40
218000280,44,50,-6
218000281,26,18,8
218000282,355,152,203
218000284,39,4,35
218000301,17,78,-61
218000302,50,37,13
218000303,23,47,-24
218000316,437,1014,-577
218000317,416,1054,-638
218000318,236,815,-579
218000319,497,1340,-843
218000320,344,597,-253
218000338,59,20,39
218000345,82,67,15
218000346,38,138,-100
218000459,51,205,-154
218000490,51,48,3
218000501,22,23,-1
218000502,24,89,-65
218000503,38,17,21
218000504,72,8,64
218000505,24,185,-161
218000506,18,170,-152
218000508,50,1,49
218000510,190,7,183
218000520,75,73,2
218000521,4,62,-58
218000522,0,131,-131
218000523,65,6,59
218000524,60,78,-18
218000525,109,5,104
218000526,118,51,67
218000529,38,226,-188
218000530,2,5,-3
218000531,1,14,-13
218000532,6,28,-22
218000534,58,6,52
218000537,17,68,-51
218000538,60,87,-27
218000540,186,50,136
218000543,46,32,14
218000544,35,94,-59
218000545,11,49,-38
218000546,31,70,-39
218000547,30,66,-36
218000548,56,144,-88
218000549,408,65,343
218000550,394,382,12
218000551,231,211,20
218000552,795,28,767
218000553,72,86,-14
218000554,13,20,-7
218000555,6,60,-54
218000556,39,342,-303
218000557,117,175,-58
218000558,174,57,117
218000559,0,24,-24
218000560,0,15,-15
218000561,8,0,8
218000562,19,121,-102
218000563,132,36,96
218000564,2,67,-65
218000565,302,20,282
218000566,942,30,912
218000567,7,54,-47
218000568,9,2,7
218000569,4,65,-61
218000570,254,12,242
218000571,0,68,-68
218000572,34,1,33
218000573,18,54,-36
218000574,101,38,63
218000575,56,1,55
218000576,1,54,-53
218000577,11,0,11
218000578,0,55,-55
218000579,9,0,9
218000581,0,82,-82
218000582,11,2,9
218000583,5,0,5
218000584,1,21,-20
218000585,17,1,16
218000586,2,37,-35
218000587,0,4,-4
218000588,0,1,-1
218000589,0,2,-2
218000590,0,0,0
218000591,0,0,0
218000592,0,0,0
218000593,1,0,1
218000594,0,0,0
218000597,0,0,0
218000598,0,0,0
218000599,0,0,0
218000600,0,0,0
218000601,0,0,0
218000602,0,0,0
218000603,0,2,-2
218000604,2,2,0
218000605,0,19,-19
218000606,35,1,34
218000607,10,16,-6
218000608,35,4,31
218000609,0,43,-43
218000610,18,0,18
218000611,3,1,2
218000612,1,35,-34
218000613,8,0,8
218000614,0,41,-41
218000615,34,0,34
218000616,1,120,-119
218000617,3,1,2
218000618,0,13,-13
218000619,5,16,-11
218000620,0,15,-15
218000621,0,1,-1
218000622,0,2,-2
218000623,1,0,1
218000624,0,8,-8
218000625,1,0,1
218000626,1,16,-15
218000628,79,21,58
218000631,15,13,2
218000632,0,45,-45
218000633,20,0,20
218000634,30,12,18
218000635,26,7,19
218000636,416,1340,-924
218000637,504,451,53
218000638,40,17,23
218000639,4,177,-173
218000640,56,20,36
218000641,29,348,-319
218000652,67,102,-35
218000653,71,49,22
218000663,4,65,-61
218000675,84,45,39
218000676,1,23,-22
218000677,1,6,-5
218000680,158,452,-294
218000681,355,85,270
218000691,72,388,-316
218000693,65,95,-30
218000703,2,45,-43
218000718,799,188,611
218000719,1203,27,1176
218000720,4,44,-40
218000721,10,7,3
218000725,1,2,-1
218001147,2,162,-160
218001214,13,2,11
218001258,17,5,12
218001329,127,92,35
218001330,180,92,88
218001351,37,11,26
218001352,5,3,2
218001353,8,5,3
218001354,1,17,-16
218001355,16,415,-399
218001356,140,3,137
218001357,29,250,-221
218001358,79,1,78
218001361,58,5,53
218001362,1,301,-300
219000001,14,44,-30
219000002,22,65,-43
219000003,33,37,-4
219000004,32,44,-12
219000017,62,21,41
219000020,42,6,36
219000022,88,1,87
219000023,60,1,59
219000029,0,80,-80
219000034,16,8,8
219000039,8,46,-38
219000040,9,39,-30
219000041,34,25,9
219000051,0,34,-34
219000052,0,13,-13
219000053,1,161,-160
219000054,15,112,-97
219000055,36,0,36
219000056,3,1,2
219000057,37,0,37
219000062,2,196,-194
219000063,41,7,34
219000064,2,49,-47
219000110,145,43,102
219000111,49,19,30
219000112,132,28,104
219000113,84,27,57
219000114,181,19,162
219000116,44,21,23
219000117,143,56,87
219000118,32,76,-44
219000123,163,61,102
219000124,38,26,12
219000125,8,20,-12
219000126,56,85,-29
219000127,0,4,-4
219000128,7,76,-69
219000129,27,81,-54
219000130,836,587,249
219000131,824,625,199
219000133,67,18,49
219000134,8,22,-14
219000135,8,38,-30
219000136,73,121,-48
219000138,49,16,33
219000139,8,38,-30
219000140,14,1,13
219000141,8,123,-115
219000142,16,76,-60
219000143,8,103,-95
219000145,9,28,-19
219000146,17,98,-81
219000147,1,80,-79
219000148,3,76,-73
219000149,26,221,-195
219000150,2,135,-133
219000151,2,82,-80
219000157,89,103,-14
219000158,58,196,-138
219000161,95,5,90
219000163,1238,364,874
219000166,44,130,-86
219000167,85,187,-102
219000168,232,27,205
219000174,178,55,123
219000175,25,3,22
219000176,53,4,49
219000177,7,0,7
219000178,22,0,22
219000179,6,11,-5
219000180,26,21,5
219000182,42,27,15
219000183,22,39,-17
219000184,29,11,18
219000185,0,126,-126
219000186,13,47,-34
219000187,11,167,-156
219000189,68,66,2
219000190,82,128,-46
219000191,1336,633,703
219000192,121,92,29
219000193,448,95,353
219000195,0,55,-55
219000196,2,77,-75
219000198,23,135,-112
219000199,51,123,-72
219000200,20,176,-156
219000201,69,184,-115
219000203,26,95,-69
219000204,74,139,-65
219000205,44,156,-112
219000207,183,175,8
219000209,23,75,-52
219000210,27,93,-66
219000213,13,223,-210
219000239,134,220,-86
219000240,165,259,-94
219000241,90,156,-66
219000242,45,161,-116
219000243,52,242,-190
219000244,15,81,-66
219000245,20,32,-12
219000246,18,6,12
219000247,28,52,-24
219000248,312,195,117
219000249,99,53,46
219000250,150,62,88
219000251,305,77,228
219000252,124,97,27
219000253,123,29,94
219000255,40,46,-6
219000256,82,40,42
219000257,68,0,68
219000262,60,280,-220
219000263,17,214,-197
219000267,3,125,-122
219000268,1,6,-5
219000269,4,1,3
219000270,0,0,0
219000271,52,13,39
219000278,0,15,-15
219000279,0,2,-2
219000283,0,9,-9
219000295,3,93,-90
219000296,46,505,-459
219000297,9,139,-130
219000298,9,197,-188
219000299,343,56,287
219000300,10,231,-221
219000301,154,209,-55
219000302,23,135,-112
219000307,20,46,-26
219000308,27,16,11
219000311,59,30,29
219000312,175,20,155
219000313,109,18,91
219000314,71,482,-411
219000315,52,18,34
219000316,182,14,168
219000317,50,6,44
219000320,4,47,-43
219000321,0,9,-9
219000323,0,96,-96
219000325,0,32,-32
219000326,66,95,-29
219000327,31,28,3
219000328,20,28,-8
219000329,218,68,150
219000330,20,15,5
219000331,21,28,-7
219000332,64,52,12
219000333,0,2,-2
219000335,30,1,29
219000337,7,0,7
219000338,49,0,49
219000344,24,45,-21
219000345,50,109,-59
219000346,24,142,-118
219000348,42,140,-98
219000349,17,226,-209
219000350,27,88,-61
219000351,1,6,-5
219000352,76,35,41
219000353,43,48,-5
219000354,86,96,-10
219000355,56,34,22
219000356,1363,277,1086
219000363,144,24,120
219000364,75,14,61
219000365,88,13,75
219000366,229,80,149
219000368,370,291,79
219000370,734,188,546
219000371,1,7,-6
219000382,8,15,-7
219000383,659,464,195
219000385,448,338,110
219000386,843,1013,-170
219000387,1,3,-2
219000390,9,1,8
219000391,2,0,2
219000397,32,60,-28
219000398,36,19,17
219000401,6,80,-74
219000402,13,70,-57
219000403,36,149,-113
219000404,5,61,-56
219000407,4,24,-20
219000409,41,53,-12
219000410,41,20,21
219000411,28,8,20
219000446,213,275,-62
219000447,0,12,-12
219000448,3,3,0
219000452,90,48,42
219000453,61,78,-17
219000454,246,123,123
219000556,83,66,17
219000558,101,287,-186
219000590,14,210,-196
219000591,18,28,-10
219000592,66,311,-245
219000595,0,12,-12
219000635,46,15,31
219000636,14,81,-67
219000657,33,11,22
219000658,15,37,-22
219000673,0,11,-11
219000676,6,0,6
219000679,10,4,6
219000684,30,4,26
219000685,0,79,-79
219000686,0,1,-1
219000688,0,69,-69
219000689,32,144,-112
219000690,207,21,186
219000691,70,68,2
219000692,119,18,101
219000693,0,17,-17
219000694,6,0,6
219000695,5,1,4
219000698,6,0,6
219000699,0,8,-8
219000727,1,139,-138
219000728,18,2,16
219000770,7,1,6
219000771,0,23,-23
219000788,208,146,62
219001150,0,6,-6
219001151,0,3,-3
219001166,35,3,32
219001167,4,48,-44
219001178,11,0,11
220000001,10,41,-31
220000002,1,92,-91
220000003,186,228,-42
220000004,351,423,-72
220000005,1083,929,154
220000006,80,488,-408
220000007,195,659,-464
220000008,161,933,-772
220000009,149,314,-165
220000010,96,93,3
220000011,481,1624,-1143
220000012,187,196,-9
220000014,85,41,44
220000015,35,137,-102
220000017,18,230,-212
220000018,3653,826,2827
220000019,64,176,-112
220000020,172,152,20
220000021,251,146,105
220000022,239,261,-22
220000023,69,106,-37
220000024,771,171,600
220000025,379,267,112
220000026,134,130,4
220000027,8,59,-51
220000028,32,19,13
220000029,37,97,-60
220000030,67,82,-15
220000031,64,251,-187
220000064,9,619,-610
221000046,4,0,4
221000047,0,0,0
221000048,0,0,0
221000049,0,5,-5
221000050,12,0,12
221000055,36,65,-29
221000057,29,8,21
221000068,233,83,150
221000069,166,36,130
221000070,95,28,67
221000071,45,7,38
221000072,94,7,87
221000073,105,69,36
221000074,2,21,-19
221000075,54,9,45
221000076,10,25,-15
221000077,25,54,-29
221000081,10,3,7
221000082,13,2,11
221000083,55,10,45
221000084,1,6,-5
221000085,13,56,-43
221000086,18,115,-97
221000087,13,164,-151
221000088,15,144,-129
221000089,31,169,-138
221000090,92,354,-262
221000098,106,18,88
221000099,104,15,89
221000100,52,4,48
221000101,249,7,242
221000102,66,7,59
221000109,3,76,-73
221000110,8,118,-110
221000111,13,133,-120
221000112,3,138,-135
221000113,10,132,-122
221000114,23,175,-152
221000120,6,24,-18
221000121,0,18,-18
221000122,3,22,-19
221000123,8,33,-25
221000124,10,244,-234
221000155,49,8,41
221000156,21,23,-2
221000175,0,2,-2
221000176,0,6,-6
221000182,26,10,16
221000241,582,130,452
221000242,206,256,-50
221000243,461,62,399
221000244,189,328,-139
221000245,47,101,-54
221000246,30,263,-233
221000247,27,124,-97
221000248,34,165,-131
221000267,48,530,-482
221000325,47,30,17
221000331,1,45,-44
221000338,3,8,-5
221000378,73,32,41
221000381,56,78,-22
222000282,2,0,2
222000296,2,9,-7
222000568,177,5,172
222000569,72,12,60
222000570,104,3,101
222000571,88,5,83
222000577,5,181,-176
222000578,8,268,-260
222000579,42,111,-69
222000580,115,775,-660
222000599,0,142,-142
222000600,1,292,-291
222000601,8,669,-661
222000603,26,21,5
222000604,51,31,20
222000605,4,26,-22
222000606,0,4,-4
222000607,1,4,-3
222000608,3,7,-4
222000609,15,276,-261
222000616,49,28,21
222000617,4,14,-10
222000618,2,0,2
222000620,27,4,23
222000621,40,10,30
222000623,337,4,333
222000624,134,1,133
222000625,224,31,193
222000636,22,1,21
222000686,18,7,11
222000687,16,21,-5
222001066,134,2,132
222001067,3,1,2
222001068,6,41,-35
222001069,3,28,-25
222001082,3,36,-33
222001083,6,65,-59
222001084,0,59,-59
222001085,0,69,-69
222001111,24,218,-194
222001112,18,13,5
222001313,3,3,0
222001314,6,73,-67
222001464,68,51,17
222001465,18,170,-152
222001484,52,43,9
222001485,39,70,-31
222001494,113,99,14
222001495,110,362,-252
222001496,61,62,-1
222001497,72,444,-372
222001502,15,68,-53
222001503,28,26,2
222001504,12,224,-212
222001505,106,5,101
222001506,23,197,-174
222001507,170,11,159
222001510,141,13,128
222001511,17,319,-302
222001514,417,76,341
222001515,163,487,-324
222001518,63,27,36
222001519,36,357,-321
222001527,112,39,73
222001528,41,155,-114
222001529,80,18,62
222001530,17,166,-149
222001533,116,333,-217
222001534,64,33,31
222001535,44,107,-63
222001536,56,291,-235
222001537,129,18,111
222001538,39,341,-302
222001563,154,72,82
222001564,17,700,-683
222001568,150,57,93
222001576,2,1,1
222001579,0,3,-3
222001583,33,171,-138
222001584,43,24,19
222001596,283,1011,-728
222001597,444,126,318
222001626,0,153,-153
222001650,47,42,5
222001651,83,85,-2
222001914,130,33,97
222001915,56,142,-86
222001968,476,167,309
222001969,491,678,-187
222001970,94,130,-36
222001971,8,23,-15
222001972,0,21,-21
225000001,200,62,138
225000002,172,48,124
225000003,155,49,106
225000004,151,186,-35
225000005,19,47,-28
225000006,0,105,-105
225000007,2394,784,1610
225000010,145,4,141
225000011,382,501,-119
225000012,45,273,-228
225000013,90,169,-79
225000014,381,72,309
225000015,41,236,-195
225000021,468,94,374
225000027,183,382,-199
225000032,485,143,342
225000042,34,481,-447
225000049,27,44,-17
225000050,32,12,20
225000053,0,111,-111
225000058,405,119,286
225000067,174,170,4
225000068,66,421,-355
225000069,173,378,-205
225000070,32,392,-360
225000071,12,239,-227
225000075,14,601,-587
225000076,67,99,-32
225000078,29,14,15
225000085,19,30,-11
225000086,53,15,38
225000087,153,16,137
225000088,14,144,-130
225000089,328,455,-127
225000090,24,259,-235
225000091,41,172,-131
225000092,15,69,-54
225000093,108,366,-258
225000094,6,388,-382
225000095,251,472,-221
225000096,103,258,-155
225000098,250,76,174
225000099,96,70,26
225000100,77,71,6
225000104,29,353,-324
225000110,7,347,-340
225000111,144,919,-775
225000112,158,872,-714
225000113,71,554,-483
225000114,32,250,-218
225000115,2408,487,1921
225000116,780,50,730
225000117,668,151,517
225000118,483,187,296
225000119,47,22,25
225000120,420,22,398
225000121,108,9,99
225000123,518,12,506
225000125,146,279,-133
225000126,735,182,553
225000127,827,361,466
225000128,247,210,37
225000132,115,18,97
225000133,123,36,87
225000134,273,61,212
225000135,18,9,9
225000136,71,12,59
225000137,39,54,-15
225000138,172,15,157
225000143,48,162,-114
225000144,6,338,-332
225000145,5,28,-23
225000146,46,94,-48
225000147,26,287,-261
225000148,2,231,-229
225000149,36,346,-310
225000151,49,249,-200
225000155,186,209,-23
225000156,108,450,-342
225000157,83,345,-262
225000158,41,282,-241
225000171,6,125,-119
225000180,13,2,11
225000181,0,30,-30
225000182,70,3,67
225000185,6,212,-206
225000187,39,302,-263
225000191,45,0,45
225000194,0,10,-10
225000208,0,39,-39
225000209,13,11,2
225000210,4,146,-142
225000217,0,12,-12
225000218,0,1,-1
225000223,0,27,-27
225000224,86,0,86
225000225,0,4,-4
225000226,32,0,32
225000227,30,71,-41
225000228,5,1,4
225000229,0,68,-68
225000230,4,0,4
225000231,3,57,-54
225000232,24,0,24
225000241,80,0,80
225000242,1,30,-29
225000249,2,0,2
225000250,22,750,-728
225000251,181,14,167
226000042,336,331,5
226000043,53,213,-160
226000044,134,645,-511
226000045,46,390,-344
226000046,381,43,338
226000047,177,34,143
226000048,253,14,239
226000049,143,85,58
226000070,0,35,-35
226000071,0,56,-56
226000072,0,10,-10
226000073,1,16,-15
226000074,0,20,-20
226000084,3,31,-28
226000085,7,3,4
226000086,17,2,15
226000087,0,12,-12
226000088,12,6,6
226000090,27,16,11
226000091,7,4,3
226000092,1,0,1
226000093,78,0,78
226000094,5,0,5
226000095,11,1,10
226000105,2,1,1
226000106,2,0,2
226000107,1,2,-1
226000108,25,1,24
226000109,49,0,49
226000124,91,39,52
226000134,260,244,16
226000135,430,412,18
226000136,97,213,-116
226000137,9,356,-347
226000138,1,188,-187
226000139,0,4,-4
226000156,31,2,29
226000157,57,8,49
226000163,25,44,-19
226000202,7,389,-382
226000231,76,5,71
226000232,24,14,10
227000033,255,19,236
227000036,163,27,136
227000037,61,14,47
227000038,111,34,77
227000049,0,11,-11
227000050,0,42,-42
227000055,20,0,20
227000056,4,0,4
227000084,2,41,-39
227000085,1,26,-25
227000088,60,1,59
227000089,75,2,73
227000090,15,0,15
227000091,9,0,9
227000092,4,0,4
227000093,20,0,20
227000094,10,0,10
227000130,27,49,-22
227000131,9,284,-275
227000132,26,258,-232
227000133,10,261,-251
227000134,26,433,-407
227000152,0,2,-2
227000153,0,27,-27
227000154,0,4,-4
227000155,0,15,-15
227000156,0,13,-13
227000165,1,18,-17
227000196,113,223,-110
227000199,62,483,-421
227000230,16,465,-449
227000232,167,8,159
227000242,41,450,-409
227000243,479,41,438
227000245,13,414,-401
227000246,68,435,-367
227000247,180,49,131
227000248,76,26,50
227000249,21,218,-197
227000250,345,134,211
227000251,168,346,-178
227000252,13,381,-368
227000253,72,17,55
227000262,278,16,262
227000266,301,11,290
227000267,43,1795,-1752
227000282,4,229,-225
227000284,127,11,116
227000286,1,70,-69
227000287,4,108,-104
227000291,17,460,-443
227000484,239,20,219
227000485,18,652,-634
227000655,27,2,25
227000656,458,11,447
227000657,20,17,3
227000661,144,12,132
227000680,79,45,34
229000265,2,19,-17
229000296,0,8,-8
229000297,0,41,-41
229000298,9,132,-123
229000320,2,7,-5
229000321,7,0,7
229000412,14,17,-3
229000414,5,55,-50
229000415,1,0,1
229000416,0,3,-3
229000417,6,4,2
229000419,68,160,-92
229000440,112,27,85
229000442,8,0,8
229000443,1,2,-1
229000444,0,30,-30
229000445,21,9,12
229000446,29,7,22
229000491,1,11,-10
229000492,17,121,-104
229000493,0,71,-71
229000494,11,3,8
229000495,45,1,44
229000496,15,2,13
229000507,0,17,-17
229000508,0,20,-20
229000509,0,44,-44
229000510,0,10,-10
229000511,2,34,-32
229000512,0,20,-20
229000513,0,3,-3
229000514,0,1,-1
229000517,1,14,-13
229000518,2,30,-28
229000519,2,8,-6
229000520,8,36,-28
229000521,6,6,0
229000522,2,10,-8
229000523,6,8,-2
229000524,4,3,1
229000527,9,2,7
229000528,0,0,0
229000529,1,0,1
229000530,19,2,17
229000531,6,0,6
229000532,9,1,8
229000533,39,0,39
229000534,43,0,43
229000564,26,0,26
229000565,1,0,1
229000566,0,22,-22
229000567,0,35,-35
229000582,72,1,71
229000583,2,0,2
229000584,1,22,-21
229000585,1,15,-14
229000718,0,0,0
229000719,0,0,0
229000720,0,5,-5
229000721,0,9,-9
229000722,0,22,-22
229000723,0,25,-25
229000724,0,2,-2
229000725,0,1,-1
229000738,3,0,3
229000739,0,0,0
229000740,0,0,0
229000741,4,0,4
229000742,0,0,0
229000743,7,0,7
229000744,0,0,0
229000745,0,0,0
229000746,2,0,2
229000847,10,1,9
229000848,7,0,7
229000849,27,0,27
229000851,5,1,4
229000854,1,47,-46
229000856,7,129,-122
229000857,1,34,-33
229000858,0,131,-131
229000919,2,45,-43
229000930,5,125,-120
229000937,64,6,58
229000966,29,15,14
229000981,5,25,-20
229000985,4,17,-13
229000986,0,1,-1
229000987,0,0,0
229000988,1,0,1
229000989,1,1,0
229000990,0,0,0
229000991,1,1,0
229000992,1,3,-2
229000993,93,8,85
229000998,12,33,-21
229000999,29,7,22
229001034,0,8,-8
229001035,7,0,7
229001037,17,8,9
229001042,7,9,-2
229001047,0,36,-36
229001050,18,24,-6
229001168,0,5,-5
229001200,3,0,3
229001338,5,11,-6
229001394,155,2,153
229001422,55,16,39
229001423,36,90,-54
229001431,22,28,-6
229001432,16,70,-54
229001444,58,16,42
229001445,13,106,-93
229001479,2,4,-2
229001503,107,68,39
229001504,53,121,-68
229001505,64,32,32
229001506,37,118,-81
229001509,17,28,-11
229001545,39,7,32
229001546,7,69,-62
229001553,32,12,20
229001554,12,63,-51
229001559,0,2,-2
229001560,2,12,-10
229001630,28,4,24
229001631,1,9,-8
229001635,0,4,-4
229001636,0,0,0
229001658,0,59,-59
229001659,73,3,70
229001660,0,1,-1
229001661,0,10,-10
229001662,66,2,64
229001663,0,31,-31
229002584,98,73,25
229002831,94,99,-5
229002841,0,17,-17
229002842,3,8,-5
229002843,12,3,9
229002844,11,36,-25
229002845,18,28,-10
229002846,2,14,-12
229002847,2,5,-3
229002848,3,4,-1
229002849,0,32,-32
229002850,1,1,0
229002851,32,72,-40
229002852,29,22,7
229002853,14,11,3
229002854,29,33,-4
229002855,13,27,-14
229002856,13,4,9
229002857,0,38,-38
229002858,2,1,1
229002859,4,15,-11
229002860,18,6,12
229002861,5,16,-11
229002862,4,22,-18
229002863,3,16,-13
229002864,2,14,-12
229002865,7,3,4
229002866,5,7,-2
229002867,3,15,-12
229002868,3,4,-1
229002869,4,90,-86
229002870,17,2,15
235000066,328,40,288
235000067,94,76,18
235000072,25,42,-17
235000073,47,248,-201
235000074,21,99,-78
235000080,17,72,-55
235000081,42,149,-107
235000082,55,64,-9
235000083,67,107,-40
235000084,25,48,-23
235000085,67,85,-18
235000089,6,19,-13
235000092,3,110,-107
235000093,3,6,-3
235000097,1,1,0
235000098,47,13,34
235000099,13,14,-1
235000116,43,14,29
235000117,626,9,617
235000133,7,190,-183
235000134,6,79,-73
235000206,1,3,-2
235000207,3,11,-8
235000208,2,1,1
235000209,2,1,1
235000210,6,0,6
235000212,4,12,-8
235000213,2,7,-5
235000220,0,1,-1
235000221,13,5,8
235000238,0,9,-9
235000239,0,3,-3
235000242,157,157,0
235000245,681,159,522
235000246,9,53,-44
235000284,3,75,-72
235000295,79,1,78
235000305,76,6,70
235000306,30,10,20
235000307,14,4,10
235000308,25,0,25
235000309,18,0,18
235000310,23,0,23
235000311,27,9,18
235000322,0,26,-26
235000323,3,41,-38
235000324,2,14,-12
235000325,1,11,-10
235000326,8,245,-237
235000351,2,43,-41
235000352,21,11,10
235000353,2,18,-16
235000354,0,19,-19
235000355,3,37,-34
235000356,5,32,-27
235000357,0,6,-6
235000358,31,9,22
235000359,2,4,-2
235000360,11,3,8
235000361,44,3,41
235000381,32,247,-215
235000382,71,36,35
235000390,7,1,6
235000391,52,16,36
235000392,52,104,-52
235000393,61,97,-36
235000395,39,30,9
235000396,147,51,96
235000400,71,26,45
235000401,19,135,-116
235000405,124,319,-195
235000406,22,195,-173
235000407,34,96,-62
235000409,150,115,35
235000410,22,168,-146
235000411,1,66,-65
235000485,0,9,-9
235000486,2,0,2
235000549,15,72,-57
235000550,62,221,-159
235000599,48,88,-40
235000600,6,9,-3
235000601,20,42,-22
235000602,40,170,-130
235000614,1,2,-1
235000648,3,27,-24
235000649,17,1,16
235000685,1,1,0
235000815,3,6,-3
235000834,0,7,-7
235000855,19,48,-29
235000862,14,178,-164
235000891,0,7,-7
235000892,8,3,5
235000901,36,88,-52
235000907,0,9,-9
235001010,13,71,-58
235001029,448,274,174
235001030,277,133,144
235001078,65,93,-28
235001079,72,87,-15
235001147,48,27,21
235001166,4,93,-89
235001167,9,56,-47
235001169,14,254,-240
235001188,0,7,-7
235001189,0,1,-1
235001197,74,16,58
235001200,20,17,3
235001207,224,18,206
235001210,78,84,-6
235001215,40,98,-58
235001239,1,32,-31
235001244,1,3,-2
235016267,0,19,-19
277101746,0,4,-4
277102712,0,0,0
277103813,0,0,0
277103814,0,0,0
277103898,0,0,0
277104249,0,4,-4
277104250,0,9,-9
277104251,0,7,-7
277104252,0,2,-2
990011530,0,213,-213
990014944,1,353,-352
990015176,13,1,12
990015618,0,66,-66
990016032,1,255,-254
990032570,0,22,-22
990070001,34,1,33
990070103,0,4,-4
990070601,0,32,-32
990070751,138,0,138
990070766,2,669,-667
990071180,236,159,77
990071343,1,2,-1
990071387,0,0,0
990071823,96,1,95
990072600,4,444,-440
990072964,1,404,-403
990073285,0,3,-3
990074393,2,861,-859
990074870,271,4,267
990075106,196,2,194
990075746,47,4,43
990076437,222,7,215
990076458,5,989,-984
997000007,114,3,111
997000041,0,95,-95
997000058,14,0,14
997000062,7,0,7
997000069,0,7,-7
997000070,0,40,-40
997000100,1,0,1
997000141,0,89,-89
997000198,652,216,436
998000475,0,17,-17
998000736,0,259,-259
998000965,0,3,-3
998001031,0,41,-41
998001700,0,19,-19
998001899,0,2,-2
998001900,5,0,5
998003073,224,0,224
998101900,0,0,0
998102850,0,56,-56
998501927,319,245,74
998501929,79,8,71
998501930,58,0,58
998501931,36,3,33
998501932,0,1,-1
998501933,24,0,24
998501937,5,1,4
998501944,0,0,0
998501950,1,8,-7
998501970,7,0,7
998501971,0,47,-47
998501973,0,62,-62
998501974,2,240,-238
998501975,84,4,80
998501976,57,0,57
998501977,0,10,-10
998501978,14,0,14
998501979,0,8,-8
998501980,145,3,142
998501981,15,5,10
998501982,0,46,-46
998501983,0,2,-2
998502024,0,1,-1
998502032,0,3,-3
998502062,2,0,2
998502063,0,0,0
998502173,15,0,15
998502269,0,2,-2
998502546,0,79,-79
998502578,0,1,-1
998502599,72,154,-82
998601159,0,210,-210
998601292,0,7,-7
999033574,0,497,-497
999800001,11,3,8
999800002,0,2,-2
999800003,2,2,0
999800004,0,4,-4
999800005,0,4,-4
