ID,insum,outsum,diff
100000001,0,0,0
100000002,1424,2237,-813
100000003,1933,2785,-852
100000004,121,807,-686
100000005,1157,1659,-502
100000006,82,65,17
100000007,337,311,26
100000008,5,58,-53
100000009,43,175,-132
100000010,0,60,-60
100000011,57,60,-3
100000012,64,25,39
100000013,2,3,-1
100000014,5,13,-8
100000015,396,648,-252
100000016,70,194,-124
100000017,40,118,-78
100000018,171,181,-10
100000019,374,834,-460
100000020,159,1078,-919
100000021,255,180,75
100000022,233,864,-631
100000023,570,495,75
100000025,185,721,-536
100000028,276,413,-137
100000029,3,53,-50
100000030,33,1,32
100000031,355,1132,-777
100000032,183,1138,-955
100000033,135,920,-785
100000034,5,80,-75
100000035,127,563,-436
100000036,187,272,-85
100000037,326,117,209
100000038,859,240,619
100000039,62,21,41
100000040,6,77,-71
100000041,302,116,186
100000042,225,52,173
100000043,143,82,61
100000044,5,9,-4
100000045,27,40,-13
100000046,125,53,72
100000047,13,26,-13
100000048,51,119,-68
100000049,165,156,9
100000051,152,82,70
100000053,16,0,16
100000054,50,8,42
100000055,73,24,49
100000056,98,105,-7
100000057,310,135,175
100000058,108,86,22
100000059,5,79,-74
100000060,153,116,37
100000061,466,160,306
100000062,223,179,44
100000063,161,111,50
100000064,187,115,72
100000065,107,67,40
100000066,64,25,39
100000067,66,90,-24
100000068,88,79,9
100000069,25,141,-116
100000072,65,55,10
100000073,171,191,-20
100000075,176,32,144
100000076,623,1815,-1192
100000077,24,263,-239
100000078,0,75,-75
100000079,0,42,-42
100000080,0,23,-23
100000081,0,47,-47
100000102,718,1406,-688
100000103,288,253,35
100000104,277,232,45
100000105,174,370,-196
100000106,391,1632,-1241
100000107,45,575,-530
100000108,21,85,-64
100000109,399,287,112
100000116,236,359,-123
100000117,0,37,-37
100000118,1215,444,771
100000119,386,414,-28
100000121,65,227,-162
100000122,119,403,-284
100000123,1573,1956,-383
100000124,568,933,-365
100000125,579,1683,-1104
100000126,85,265,-180
100000127,249,236,13
100000128,10,313,-303
100000129,27,108,-81
100000130,342,273,69
100000131,67,242,-175
100000132,92,1169,-1077
100000133,479,256,223
100000135,147,242,-95
100000139,116,251,-135
100000140,0,0,0
100000142,158,102,56
100000143,34,14,20
100000144,327,19,308
100000147,847,3340,-2493
100000150,13,70,-57
100000151,56,913,-857
100000153,1,96,-95
100000154,0,67,-67
100000155,0,16,-16
100000156,20,91,-71
100000157,283,107,176
100000158,34,135,-101
100000159,27,338,-311
100000165,513,192,321
100000169,10,134,-124
100000174,116,53,63
100000179,5,408,-403
100000180,8,37,-29
100000181,25,43,-18
100000188,11,31,-20
100000189,246,58,188
100000190,100,420,-320
100000191,49,237,-188
100000192,6,79,-73
100000193,32,103,-71
100000330,227,357,-130
100000355,26,75,-49
100000362,828,334,494
100000363,2530,3113,-583
100000364,122,131,-9
100000365,3738,4186,-448
100000366,688,549,139
100000367,2743,3571,-828
100000368,54,69,-15
100000369,124,1257,-1133
100000370,15,403,-388
100000376,24,202,-178
100000379,321,1721,-1400
100000380,1561,2455,-894
100000384,1440,2698,-1258
100000385,526,2700,-2174
100000386,991,2045,-1054
100000387,542,3796,-3254
100000388,853,1244,-391
100000389,1126,3163,-2037
100000390,373,649,-276
100000391,1293,3741,-2448
100000392,175,563,-388
100000393,121,1604,-1483
100000394,510,1025,-515
100000395,371,1124,-753
100000396,602,541,61
100000397,351,1488,-1137
100000398,5519,1413,4106
100000413,0,0,0
100000414,11,181,-170
100900002,0,0,0
100900003,17,44,-27
100900004,0,0,0
100900005,0,0,0
100900006,0,0,0
100900007,0,0,0
100900008,0,0,0
100900009,0,0,0
100900010,0,0,0
100900011,0,0,0
100900012,0,0,0
100900013,0,0,0
100900014,0,0,0
100900015,0,0,0
100900016,0,0,0
100900017,34,2,32
100900018,0,0,0
100900019,0,0,0
100900020,0,0,0
100900021,32,0,32
100900022,0,0,0
100900023,0,0,0
100900024,0,0,0
100900025,0,0,0
100900026,0,0,0
100900027,1,183,-182
100900028,2,1,1
100900029,0,0,0
100900030,0,0,0
100900031,98,13,85
100900032,40,0,40
100900033,0,0,0
100900034,0,0,0
100900035,0,0,0
100900036,0,0,0
100900037,0,0,0
100900038,0,0,0
100900039,14,0,14
100900040,128,5,123
100900041,97,1,96
100900042,7,184,-177
100900043,0,0,0
100900044,47,0,47
100900045,0,0,0
100900046,75,1,74
100900047,53,0,53
100900048,0,0,0
100900049,0,0,0
100900050,0,0,0
100900051,0,1,-1
100900052,0,0,0
100900053,0,0,0
100900054,0,0,0
100900055,0,0,0
100900056,0,0,0
100900057,45,10,35
100900058,0,0,0
100900059,1,0,1
100900060,0,0,0
100900061,0,0,0
100900062,0,0,0
100900063,9,150,-141
100900064,22,0,22
100900065,0,0,0
100900066,6,0,6
100900067,0,0,0
100900068,0,0,0
100900069,0,0,0
100900070,0,0,0
100900071,0,0,0
100900072,0,0,0
100900073,0,0,0
100900074,0,0,0
100900075,3,0,3
100900076,0,0,0
100900077,1,0,1
100900078,1,0,1
100900079,0,0,0
100900080,3,7,-4
100900081,0,0,0
100900082,0,0,0
100900083,0,0,0
100900085,0,0,0
100900086,0,0,0
100900088,0,0,0
100900089,0,0,0
100900090,3,10,-7
100900091,0,0,0
100900092,25,0,25
100900093,0,0,0
100900094,0,0,0
100900095,0,0,0
100900096,0,0,0
100900097,0,0,0
100900098,0,0,0
100900099,0,0,0
100900100,0,0,0
100900101,2,0,2
100900102,0,0,0
100900103,0,0,0
100900104,0,0,0
100900105,0,0,0
100900106,0,0,0
100900107,0,0,0
100900108,0,0,0
100900109,0,0,0
100900110,1,9,-8
100900111,0,0,0
100900112,0,0,0
100900113,0,0,0
100900114,0,0,0
100900115,0,0,0
100900116,54,0,54
100900117,0,0,0
100900118,0,0,0
100900119,0,0,0
100900120,2,0,2
100900121,13,0,13
100900122,0,0,0
100900123,0,0,0
100900124,0,0,0
100900125,0,0,0
100900126,0,0,0
100900127,0,0,0
100900128,0,0,0
100900129,0,0,0
100900131,1,0,1
100900133,0,0,0
100900134,0,0,0
100900135,0,0,0
100900137,0,0,0
100900138,0,0,0
100900139,0,0,0
100900140,0,0,0
100900141,0,0,0
100900142,0,0,0
100900143,0,0,0
100900144,0,0,0
100900145,0,0,0
100900146,0,0,0
100900147,0,0,0
100900148,0,0,0
100900149,0,0,0
100900150,0,0,0
100900151,0,0,0
100900152,0,0,0
100900153,0,0,0
100900154,4,0,4
100900155,0,0,0
100900156,0,0,0
100900157,0,0,0
100900159,0,0,0
100900160,0,0,0
100900161,0,0,0
100900162,0,0,0
100900163,0,0,0
100900164,0,0,0
100900165,0,0,0
100900166,0,0,0
100900167,0,0,0
100900168,0,0,0
100900169,2,1,1
100900170,0,0,0
100900171,0,0,0
100900172,0,0,0
100900173,0,0,0
100900174,0,0,0
100900176,0,0,0
100900177,0,0,0
100900178,35,1,34
100900179,0,0,0
100900180,0,0,0
100900181,0,0,0
100900182,0,0,0
100900184,0,13,-13
100900186,0,0,0
100900187,0,0,0
100900188,0,0,0
100900189,0,0,0
100900191,0,0,0
100900192,0,0,0
100900195,5,2,3
100900197,143,84,59
100900198,0,1,-1
100900199,6,2,4
100900200,3,2,1
100900201,0,0,0
100900202,0,0,0
100900203,0,0,0
100900204,5,0,5
100900205,0,0,0
100900206,0,0,0
100900207,0,0,0
100900210,0,0,0
100900211,0,0,0
100900213,0,0,0
100900214,0,0,0
100900215,0,0,0
100900217,0,0,0
101000001,432,763,-331
101000002,147,407,-260
101000003,24,368,-344
101000004,2622,4903,-2281
101000005,1518,2557,-1039
101000006,2490,3239,-749
101000007,424,1910,-1486
101000009,825,190,635
101000010,100,222,-122
101000011,35,125,-90
101000012,21,7,14
101000013,124,258,-134
101000014,109,294,-185
101000015,535,415,120
101000016,30,309,-279
101000017,65,179,-114
101000018,579,633,-54
101000020,734,167,567
101000021,81,407,-326
101000022,0,0,0
101000023,117,314,-197
101000025,46,144,-98
101000026,98,6,92
101000027,561,1090,-529
101000028,247,138,109
101000029,11,345,-334
101000030,66,37,29
101000031,75,605,-530
101000032,1200,2250,-1050
101000033,200,1292,-1092
101000034,206,592,-386
101000035,25,36,-11
101000036,306,690,-384
101000037,323,1594,-1271
101000039,259,704,-445
101000040,300,867,-567
101000041,1663,3860,-2197
101000042,5,372,-367
101000043,1216,2112,-896
101000045,75,294,-219
101000046,376,1147,-771
101000047,643,1485,-842
101000048,103,182,-79
101000049,29,363,-334
101000050,115,891,-776
101000051,52,1330,-1278
101000052,355,977,-622
101000053,104,466,-362
101000054,232,112,120
101000055,242,1128,-886
101000056,12,88,-76
101000057,70,267,-197
101000058,340,1338,-998
101000059,675,1902,-1227
101000060,97,121,-24
101000061,91,1775,-1684
101000062,68,172,-104
101000063,114,985,-871
101000064,151,381,-230
101000065,45,729,-684
101000066,98,802,-704
101000067,44,77,-33
101000068,97,209,-112
101000069,68,17,51
101000070,201,106,95
101000071,374,533,-159
101000072,1625,722,903
101000073,715,674,41
101000074,2261,1723,538
101000075,3624,1003,2621
101000077,1483,417,1066
101000078,783,516,267
101000079,838,544,294
101000080,445,64,381
101000081,759,413,346
101000082,741,572,169
101000083,943,559,384
101000084,103,184,-81
101000085,999,617,382
101000086,58,107,-49
101000087,116,71,45
101000088,593,586,7
101000089,336,572,-236
101000090,169,127,42
101000091,185,124,61
101000092,642,247,395
101000093,516,261,255
101000094,33,68,-35
101000095,31,81,-50
101000096,325,281,44
101000097,65,59,6
101000098,99,217,-118
101000099,223,427,-204
101000100,143,519,-376
101000101,152,175,-23
101000102,36,267,-231
101000103,133,193,-60
101000104,19,233,-214
101000105,4,63,-59
101000106,1,59,-58
101000107,10,22,-12
101000108,128,26,102
101000109,47,12,35
101000110,1,62,-61
101000111,40,24,16
101000113,7,180,-173
101000114,646,1077,-431
101000115,0,0,0
101000116,0,0,0
101000117,0,0,0
101000119,1,15,-14
101000120,2,13,-11
101000121,1,18,-17
101000122,0,11,-11
101000123,0,9,-9
101000124,388,112,276
101000125,67,54,13
101000128,15,120,-105
101000130,527,62,465
101000131,353,320,33
101000132,38,79,-41
101000135,0,2,-2
101000136,19,20,-1
101000137,8,219,-211
101000141,170,2692,-2522
101000147,234,49,185
101000148,67,3,64
101000149,0,0,0
101000150,27,85,-58
101000151,10,5,5
101000152,53,9,44
101000153,129,28,101
101000154,73,89,-16
101000155,0,0,0
101000156,0,0,0
101000157,2,2,0
101000160,0,0,0
101000163,70,304,-234
101000164,47,21,26
101000165,149,137,12
101000166,135,181,-46
101000168,1,1,0
101000252,776,190,586
101000254,0,0,0
101000258,389,2,387
101000261,360,46,314
101000262,180,1718,-1538
101000263,35,651,-616
101000265,6,198,-192
101000266,46,60,-14
101000269,0,0,0
101000290,34,551,-517
101000293,0,0,0
101000294,169,117,52
101000295,31,39,-8
101000301,29,337,-308
101000304,527,1271,-744
101000305,857,713,144
101000328,20,386,-366
101900001,0,0,0
101900002,0,0,0
101900003,0,0,0
101900004,0,0,0
101900005,0,0,0
101900006,4,110,-106
101900007,0,0,0
101900008,0,0,0
101900009,0,0,0
101900010,0,0,0
101900011,0,0,0
101900012,0,0,0
101900013,0,0,0
101900017,0,0,0
101900018,3,0,3
101900019,0,0,0
101900020,1,0,1
101900021,0,0,0
101900022,16,1,15
101900023,0,0,0
101900026,0,0,0
101900027,0,0,0
102000001,470,1593,-1123
102000002,646,174,472
102000003,275,1476,-1201
102000004,412,971,-559
102000005,138,1196,-1058
102000006,135,825,-690
102000007,194,1631,-1437
102000008,868,1005,-137
102000009,1642,2253,-611
102000010,801,848,-47
102000011,1257,1904,-647
102000012,1165,1124,41
102000018,158,239,-81
102000019,20,324,-304
102000026,1,54,-53
102000029,118,8,110
102000030,7,42,-35
102000031,3,33,-30
102000032,56,89,-33
102000033,168,72,96
102000034,24,39,-15
102000035,20,85,-65
102000036,1,79,-78
102000037,28,0,28
102000038,19,41,-22
102000039,14,14,0
102000040,41,40,1
102000041,8,74,-66
102000042,23,92,-69
102000043,1,16,-15
102000044,167,234,-67
102000045,45,216,-171
102000046,190,108,82
102000047,177,166,11
102000048,61,128,-67
102000049,252,117,135
102000050,149,305,-156
102000051,22,128,-106
102000052,329,218,111
102000053,340,194,146
102000054,181,112,69
102000055,145,42,103
102000056,398,63,335
102000057,132,65,67
102000058,63,44,19
102000059,151,73,78
102000060,406,530,-124
102000061,131,158,-27
102000062,504,403,101
102000063,89,331,-242
102000064,457,525,-68
102000065,12,59,-47
102000066,217,219,-2
102000067,291,1231,-940
102000068,973,579,394
102000069,6,334,-328
102000070,491,8,483
102000071,2131,3337,-1206
102000072,422,380,42
102000073,73,31,42
102000074,231,38,193
102000075,55,44,11
102000076,73,39,34
102000077,265,40,225
102000078,371,51,320
102000079,56,12,44
102000080,92,12,80
102000081,98,107,-9
102000082,38,93,-55
102000083,79,29,50
102000084,292,18,274
102000085,252,67,185
102000086,408,79,329
102000087,88,223,-135
102000088,88,49,39
102000089,304,79,225
102000090,117,318,-201
102000091,664,141,523
102000092,124,103,21
102000093,92,227,-135
102000094,125,64,61
102000095,102,169,-67
102000096,93,90,3
102000097,87,92,-5
102000098,67,78,-11
102000099,217,188,29
102000100,29,152,-123
102000101,44,202,-158
102000102,90,238,-148
102000103,37,207,-170
102000104,20,83,-63
102000105,128,46,82
102000106,184,59,125
102000107,431,50,381
102000108,174,24,150
102000109,109,72,37
102000110,493,146,347
102000111,2,22,-20
102000112,13,31,-18
102000113,0,4,-4
102000114,86,77,9
102000115,13,64,-51
102000116,12,185,-173
102000117,2,83,-81
102000118,177,705,-528
102000119,80,123,-43
102000120,72,143,-71
102000121,93,100,-7
102000122,60,245,-185
102000123,42,49,-7
102000124,104,253,-149
102000125,46,62,-16
102000126,58,108,-50
102000127,132,43,89
102000128,28,235,-207
102000129,99,81,18
102000130,145,360,-215
102000131,112,179,-67
102000132,34,320,-286
102000133,1114,176,938
102000134,171,97,74
102000135,45,199,-154
102000136,67,65,2
102000137,41,25,16
102000138,44,18,26
102000139,35,41,-6
102000140,11,28,-17
102000141,0,66,-66
102000142,57,33,24
102000143,37,13,24
102000144,81,22,59
102000145,40,22,18
102000146,118,17,101
102000147,30,19,11
102000148,9,76,-67
102000149,32,33,-1
102000150,168,17,151
102000151,7,69,-62
102000152,73,38,35
102000153,105,62,43
102000154,40,11,29
102000155,21,25,-4
102000156,11,4,7
102000157,4,53,-49
102000158,2,115,-113
102000159,9,11,-2
102000161,50,291,-241
102000162,11,13,-2
102000163,11,176,-165
102000164,111,246,-135
102000165,0,0,0
102000166,3,53,-50
102000167,0,0,0
102000168,7,9,-2
102000169,8,109,-101
102000170,0,0,0
102000171,0,0,0
102000172,1,26,-25
102000173,51,85,-34
102000174,10,5,5
102000175,97,6,91
102000176,5,12,-7
102000178,21,34,-13
102000179,71,33,38
102000180,166,22,144
102000181,273,65,208
102000182,196,111,85
102000183,495,101,394
102000184,178,41,137
102000185,1008,100,908
102000186,254,79,175
102000187,111,66,45
102000188,335,230,105
102000189,150,23,127
102000190,73,463,-390
102000191,171,22,149
102000192,63,199,-136
102000193,20,13,7
102000194,5,31,-26
102000195,58,23,35
102000196,56,44,12
102000197,175,5,170
102000198,51,58,-7
102000199,257,6,251
102000200,45,184,-139
102000201,217,20,197
102000202,0,6,-6
102000203,22,12,10
102000204,73,107,-34
102000205,224,130,94
102000206,63,23,40
102000207,141,118,23
102000208,10,101,-91
102000209,17,3,14
102000210,58,5,53
102000211,7,0,7
102000212,171,7,164
102000213,0,0,0
102000214,100,4,96
102000215,0,0,0
102000216,36,33,3
102000217,0,1,-1
102000218,25,63,-38
102000219,0,2,-2
102000225,152,130,22
102000226,0,0,0
102000227,47,1,46
102000228,0,0,0
102000229,1,4,-3
102000230,62,85,-23
102000231,63,159,-96
102000232,2,109,-107
102000233,60,162,-102
102000234,6,235,-229
102000236,39,8,31
102000237,76,28,48
102000238,3,21,-18
102000240,0,0,0
102000241,4,5,-1
102000243,0,30,-30
102000245,0,0,0
102000246,1,30,-29
102000247,8,181,-173
102000248,76,343,-267
102000249,48,11,37
102000250,23,41,-18
102000254,9,27,-18
102000266,0,18,-18
102000271,25,0,25
102000286,26,111,-85
102000297,118,123,-5
102000305,0,0,0
102000307,0,0,0
102000316,0,0,0
102900001,84,2,82
102900002,18,2,16
102900003,0,0,0
102900005,84,4,80
102900006,18,1,17
102900007,70,0,70
102900008,42,0,42
102900009,28,0,28
102900010,31,3,28
102900011,0,0,0
102900012,0,0,0
102900013,0,0,0
102900015,0,0,0
102900016,0,0,0
102900017,0,0,0
102900018,0,0,0
102900019,0,0,0
102900020,0,0,0
102900021,0,0,0
102900022,0,0,0
102900023,0,0,0
102900024,0,0,0
102900025,0,0,0
102900026,2,143,-141
102900027,0,0,0
102900028,0,46,-46
102900029,0,0,0
102900030,3,4,-1
102900031,37,8,29
102900032,0,0,0
102900033,0,0,0
102900034,82,1,81
102900035,0,0,0
102900036,109,35,74
102900037,41,9,32
102900038,32,10,22
102900039,0,0,0
102900040,0,0,0
102900041,0,0,0
102900042,0,0,0
102900043,0,0,0
102900044,0,0,0
102900045,0,0,0
102900046,0,0,0
102900047,0,0,0
102900048,0,0,0
102900049,0,0,0
102900050,0,0,0
102900051,0,0,0
102900053,0,0,0
102900054,0,0,0
102900055,0,0,0
102900056,0,0,0
102900057,0,0,0
102900058,0,0,0
102900059,0,0,0
102900060,2,23,-21
102900061,0,8,-8
102900062,24,2,22
102900063,79,4,75
102900064,0,32,-32
102900065,16,0,16
102900066,6,0,6
102900068,0,0,0
102900070,0,0,0
102900072,0,0,0
102900073,0,0,0
102900075,0,0,0
102900076,0,0,0
102900077,0,0,0
102900078,0,0,0
102900079,39,0,39
102900080,26,0,26
102900081,0,0,0
102900082,0,0,0
102900083,0,0,0
102900084,0,0,0
102900085,0,0,0
102900086,0,0,0
102900087,0,0,0
102900088,0,0,0
102900089,0,0,0
102900090,0,0,0
102900091,0,0,0
102900092,0,0,0
102900094,0,0,0
102900095,5,0,5
102900096,0,0,0
102900097,0,0,0
103000001,1819,1035,784
103000002,1048,981,67
103000003,906,908,-2
103000004,113,265,-152
103000005,1029,1074,-45
103000006,344,444,-100
103000007,122,125,-3
103000008,145,36,109
103000009,412,265,147
103000010,67,23,44
103000011,337,513,-176
103000012,210,789,-579
103000013,245,288,-43
103000014,596,1480,-884
103000015,103,7,96
103000016,185,422,-237
103000017,100,229,-129
103000018,138,94,44
103000019,159,163,-4
103000020,240,345,-105
103000021,1973,1907,66
103000022,163,242,-79
103000023,518,1379,-861
103000024,14,72,-58
103000025,13,297,-284
103000026,27,39,-12
103000027,33,187,-154
103000028,153,254,-101
103000029,30,47,-17
103000030,205,394,-189
103000031,310,730,-420
103000032,479,341,138
103000033,2171,1972,199
103000034,536,456,80
103000035,108,440,-332
103000036,59,185,-126
103000037,151,94,57
103000038,196,530,-334
103000039,101,107,-6
103000040,106,281,-175
103000041,707,433,274
103000042,600,54,546
103000043,378,268,110
103000044,48,18,30
103000046,13,38,-25
103000047,88,94,-6
103000048,51,24,27
103000049,7,52,-45
103000050,38,7,31
103000051,22,29,-7
103000052,27,13,14
103000053,3,15,-12
103000054,594,79,515
103000055,916,373,543
103000056,216,219,-3
103000057,604,144,460
103000058,374,53,321
103000059,307,258,49
103000060,246,46,200
103000061,179,323,-144
103000062,94,45,49
103000063,265,352,-87
103000064,9,3,6
103000065,4,9,-5
103000066,70,3,67
103000069,99,43,56
103000070,148,22,126
103000071,203,269,-66
103000072,47,83,-36
103000073,353,39,314
103000074,203,12,191
103000075,5,102,-97
103000076,68,281,-213
103000077,2,68,-66
103000078,172,261,-89
103000079,84,186,-102
103000080,315,131,184
103000081,80,368,-288
103000082,269,26,243
103000083,6,30,-24
103000084,22,1,21
103000085,0,34,-34
103000086,274,209,65
103000087,16,361,-345
103000088,185,154,31
103000089,68,253,-185
103000090,3141,2340,801
103000091,670,722,-52
103000092,224,171,53
103000093,43,96,-53
103000094,154,74,80
103000095,3,63,-60
103000096,383,10,373
103000097,1,80,-79
103000098,383,38,345
103000099,29,45,-16
103000100,84,69,15
103000101,445,14,431
103000102,9,54,-45
103000103,258,5,253
103000104,36,22,14
103000105,103,6,97
103000106,6,38,-32
103000107,85,12,73
103000108,514,733,-219
103000109,153,625,-472
103000110,391,562,-171
103000111,104,158,-54
103000112,60,142,-82
103000113,41,305,-264
103000114,437,237,200
103000115,608,451,157
103000116,480,169,311
103000117,469,112,357
103000118,21,48,-27
103000119,38,53,-15
103000120,1,1,0
103000121,26,52,-26
103000122,687,902,-215
103000125,1,32,-31
103000126,270,1,269
103000127,0,30,-30
103000128,41,0,41
103000129,0,21,-21
103000130,10,7,3
103000131,14,44,-30
103000132,1,21,-20
103000133,0,49,-49
103000134,45,87,-42
103000135,69,70,-1
103000136,63,57,6
103000137,32,224,-192
103000138,89,297,-208
103000139,0,15,-15
103000140,22,3,19
103000141,4,22,-18
103000142,35,6,29
103000143,17,7,10
103000144,78,22,56
103000145,0,13,-13
103000150,29,4,25
103000152,52,124,-72
103000153,74,201,-127
103000156,0,46,-46
103000157,65,1,64
103000159,143,46,97
103000162,28,5,23
103000163,0,19,-19
103000164,4,0,4
103000165,58,71,-13
103000166,77,170,-93
103000167,67,70,-3
103000168,63,39,24
103000169,81,85,-4
103000170,743,181,562
103000171,0,24,-24
103000172,401,95,306
103000173,20,5,15
103000174,569,135,434
103000175,77,36,41
103000176,158,244,-86
103000177,52,27,25
103000178,25,21,4
103000179,48,4,44
103000183,127,1,126
103000185,24,3,21
103000186,122,42,80
103000187,1,3,-2
103000188,4,51,-47
103000189,233,278,-45
103000191,189,129,60
103000292,15,181,-166
103000293,18,623,-605
103000295,56,40,16
103000296,3,0,3
103000297,0,0,0
103000504,0,2,-2
103000505,0,0,0
103000506,0,10,-10
103000507,107,1,106
103000508,5,50,-45
103000509,85,90,-5
103900001,0,0,0
103900002,0,0,0
103900003,39,0,39
103900004,0,0,0
103900005,0,0,0
103900006,0,0,0
103900007,0,0,0
103900008,0,0,0
103900009,61,1,60
103900010,65,0,65
103900011,0,0,0
103900012,0,38,-38
103900013,0,0,0
103900014,1,0,1
103900015,31,0,31
103900016,0,0,0
103900017,0,0,0
103900018,0,0,0
103900019,0,32,-32
103900020,0,0,0
103900021,22,1,21
103900022,84,0,84
103900023,40,0,40
103900024,0,3,-3
103900025,0,1,-1
103900026,0,0,0
103900027,25,0,25
103900028,5,26,-21
103900029,159,2,157
103900030,85,8,77
103900031,1,0,1
103900032,3,8,-5
103900033,1,0,1
103900034,0,0,0
103900035,0,0,0
103900036,3,4,-1
103900037,0,3,-3
103900038,1,33,-32
103900039,0,0,0
103900040,0,0,0
103900041,4,0,4
103900042,0,0,0
103900043,0,0,0
103900044,0,48,-48
103900045,15,1,14
103900047,0,0,0
103900048,0,0,0
103900049,0,0,0
103900050,3,0,3
103900051,0,0,0
103900052,0,0,0
103900053,0,0,0
103900054,0,0,0
103900055,0,0,0
103900056,0,0,0
103900057,12,0,12
103900058,0,0,0
103900059,0,0,0
103900060,28,0,28
103900061,42,0,42
103900062,0,0,0
103900063,0,0,0
103900064,5,0,5
103900065,9,21,-12
103900066,36,1,35
103900067,3,0,3
103900068,0,0,0
103900069,0,0,0
103900070,0,0,0
103900071,0,0,0
103900072,0,0,0
103900073,4,0,4
103900074,22,0,22
103900075,14,0,14
103900076,0,0,0
103900077,1,4,-3
103900078,11,2,9
103900079,0,0,0
103900080,0,0,0
103900081,0,0,0
103900082,0,0,0
103900083,55,89,-34
103900084,0,0,0
103900085,0,0,0
103900086,12,18,-6
103900088,3,10,-7
103900089,0,2,-2
103900090,0,0,0
103900091,0,0,0
103900092,0,0,0
103900093,0,0,0
103900094,0,0,0
103900095,0,0,0
103900096,25,0,25
103900097,0,0,0
103900098,0,0,0
103900099,8,0,8
103900100,0,0,0
103900101,0,0,0
103900102,0,0,0
103900104,0,0,0
103900105,0,0,0
103900106,0,0,0
103900107,45,0,45
103900108,1,13,-12
103900109,9,0,9
103900110,0,0,0
103900111,0,0,0
103900112,0,0,0
103900113,0,0,0
103900114,0,0,0
103900115,0,0,0
103900116,0,40,-40
103900117,4,0,4
103900119,0,65,-65
103900120,4,0,4
103900122,0,0,0
103900123,0,0,0
103900124,0,0,0
103900125,0,0,0
103900126,33,0,33
103900127,0,5,-5
103900128,0,0,0
103900131,0,0,0
103900133,105,0,105
103900134,0,0,0
103900135,0,0,0
103900137,0,0,0
103900138,0,0,0
103900139,4,93,-89
103900140,0,0,0
103900141,2,0,2
103900142,16,0,16
103900143,0,0,0
103900144,0,0,0
103900145,1,9,-8
103900146,18,0,18
103900147,0,0,0
103900148,0,0,0
103900149,5,0,5
103900150,113,25,88
103900151,0,0,0
103900152,59,0,59
103900153,0,0,0
103900154,9,5,4
103900155,1,0,1
103900156,0,0,0
103900157,0,0,0
103900158,38,0,38
103900159,0,0,0
103900160,0,0,0
103900161,1,1,0
103900162,0,0,0
103900163,0,0,0
103900167,0,3,-3
103900168,1,0,1
103900169,0,8,-8
103900170,0,0,0
103900171,0,0,0
103900172,0,0,0
103900173,0,9,-9
103900174,44,0,44
103900175,0,2,-2
103900176,0,0,0
103900177,0,0,0
103900178,0,0,0
103900179,0,0,0
103900180,0,0,0
103900181,0,0,0
103900182,0,0,0
103900184,0,0,0
103900185,0,0,0
103900187,0,1,-1
103900188,2,1,1
103900189,5,0,5
103900190,0,3,-3
103900191,0,0,0
103900192,0,0,0
103900193,0,0,0
103900194,0,0,0
103900195,0,0,0
103900196,0,0,0
103900197,0,0,0
103900198,0,0,0
103900199,0,0,0
103900200,0,0,0
103900201,0,0,0
103900202,0,0,0
103900203,20,0,20
103900204,0,0,0
103900207,0,0,0
103900208,0,0,0
103900209,0,0,0
103900210,0,0,0
103900211,75,1,74
103900212,0,0,0
103900213,0,0,0
103900214,64,197,-133
103900215,0,0,0
103900216,0,0,0
103900217,22,0,22
103900218,0,0,0
103900219,0,0,0
103900233,0,0,0
103900235,0,0,0
103900236,0,0,0
103900242,0,0,0
103900243,0,0,0
103900244,2,0,2
103900245,0,0,0
103900246,4,0,4
103900247,0,0,0
103900248,0,0,0
103900249,0,0,0
103900250,0,0,0
103900251,0,0,0
103900253,0,0,0
103900254,0,0,0
103900255,0,0,0
103900256,0,0,0
103900257,0,0,0
103900258,0,0,0
103900259,0,0,0
103900261,0,0,0
103900262,0,0,0
103900263,0,0,0
103900264,0,0,0
103900265,0,0,0
103900266,0,1,-1
103900267,0,0,0
103900268,0,4,-4
103900269,3,0,3
103900270,0,1,-1
103900271,1,0,1
103900272,0,0,0
103900273,0,0,0
103900274,0,0,0
103900275,0,0,0
103900277,0,0,0
103900278,0,0,0
103900279,0,0,0
103900280,0,0,0
103900281,0,0,0
103900282,11,0,11
103900283,1,0,1
103900284,0,0,0
103900285,0,0,0
103900286,0,0,0
103900287,0,0,0
103900288,0,0,0
103900289,0,0,0
103900290,0,0,0
103900291,0,0,0
103900292,0,0,0
103900293,0,0,0
103900294,0,0,0
104000001,913,534,379
104000002,944,1098,-154
104000003,988,925,63
104000004,1120,1167,-47
104000005,707,1195,-488
104000006,1185,628,557
104000007,1930,1137,793
104000008,15,9,6
104000009,474,158,316
104000010,55,255,-200
104000011,24,9,15
104000012,4,38,-34
104000013,183,222,-39
104000014,7,19,-12
104000015,242,34,208
104000016,9,23,-14
104000018,379,77,302
104000019,651,232,419
104000020,25,61,-36
104000021,121,104,17
104000022,54,98,-44
104000023,447,69,378
104000024,42,12,30
104000026,20,1,19
104000027,12,17,-5
104000028,448,105,343
104000029,54,9,45
104000030,459,327,132
104000031,662,41,621
104000032,22,17,5
104000033,340,27,313
104000034,94,4,90
104000035,758,50,708
104000036,578,164,414
104000037,6,4,2
104000038,219,152,67
104000039,212,96,116
104000040,36,146,-110
104000041,330,83,247
104000042,136,112,24
104000043,34,51,-17
104000044,116,52,64
104000045,295,133,162
104000046,307,102,205
104000047,103,312,-209
104000048,252,421,-169
104000049,236,66,170
104000050,59,167,-108
104000051,0,3,-3
104000052,509,479,30
104000053,531,94,437
104000054,68,20,48
104000055,849,155,694
104000056,132,8,124
104000057,7,2,5
104000058,562,210,352
104000059,271,347,-76
104000060,253,231,22
104000061,296,78,218
104000062,215,16,199
104000064,203,48,155
104000065,0,40,-40
104000069,261,497,-236
104000070,21,132,-111
104000071,3,0,3
104000072,53,32,21
104000075,0,0,0
104000076,0,0,0
104000082,366,700,-334
104000083,252,41,211
104000084,13,137,-124
104000085,172,33,139
104000086,99,96,3
104000087,58,163,-105
104000090,81,59,22
104000092,120,151,-31
104000094,136,103,33
104000095,310,456,-146
104000096,557,1,556
104000097,732,65,667
104000098,1202,58,1144
104000100,966,94,872
104000101,481,328,153
104000106,39,160,-121
104000107,554,112,442
104000108,72,7,65
104000109,49,7,42
104000110,55,218,-163
104000111,130,331,-201
104000112,59,26,33
104000116,0,19,-19
104000117,58,40,18
104000118,289,7,282
104000119,51,47,4
104000120,80,23,57
104000121,44,125,-81
104000122,400,244,156
104000123,150,202,-52
104000124,94,473,-379
104000125,185,354,-169
104000126,169,343,-174
104000127,312,403,-91
104000128,285,114,171
104000129,60,1,59
104000130,1,60,-59
104000131,1,1,0
104000132,3,0,3
104000133,200,170,30
104000134,354,729,-375
104000135,113,919,-806
104000136,281,1595,-1314
104000137,365,259,106
104000138,6,17,-11
104000139,394,1140,-746
104000141,308,206,102
104000142,152,16,136
104000143,122,25,97
104000144,40,80,-40
104000145,183,88,95
104000146,20,93,-73
104000147,23,38,-15
104000148,83,72,11
104000149,17,32,-15
104000150,441,173,268
104000151,32,66,-34
104000152,133,103,30
104000153,495,207,288
104000154,144,203,-59
104000155,276,248,28
104000157,359,278,81
104000158,34,98,-64
104000159,257,150,107
104000160,755,1178,-423
104000161,98,31,67
104000162,23,77,-54
104000165,184,142,42
104000167,229,469,-240
104000168,324,0,324
104000169,121,13,108
104000170,1,5,-4
104000248,0,40,-40
104000251,0,0,0
104000272,0,0,0
104000273,0,0,0
104000274,0,0,0
104000275,0,0,0
104000279,167,365,-198
104000290,0,6,-6
104000291,248,287,-39
104000293,304,296,8
104000294,0,0,0
104000295,260,761,-501
104000296,138,132,6
104000297,322,1125,-803
104000298,341,208,133
104000299,377,404,-27
104000302,33,29,4
104000303,0,1,-1
104900001,0,0,0
104900002,0,0,0
104900003,0,0,0
104900004,0,0,0
104900005,0,0,0
104900006,0,0,0
104900007,0,0,0
104900009,0,0,0
104900010,0,0,0
104900011,0,0,0
104900012,0,0,0
104900013,0,0,0
104900014,0,0,0
104900015,0,0,0
104900016,0,0,0
104900017,7,0,7
104900018,0,0,0
104900019,0,0,0
104900020,0,0,0
104900021,0,0,0
104900022,0,0,0
104900023,0,0,0
104900024,0,0,0
104900025,0,0,0
104900026,0,0,0
104900027,0,0,0
104900028,0,0,0
104900029,0,0,0
104900030,0,0,0
104900031,0,0,0
104900032,0,0,0
104900033,1,0,1
104900034,0,0,0
104900035,0,0,0
104900036,0,0,0
104900037,0,0,0
104900038,0,0,0
104900039,0,0,0
104900040,1,0,1
104900041,0,0,0
104900042,0,0,0
104900043,0,0,0
104900044,39,0,39
104900045,0,0,0
104900046,0,0,0
104900047,29,1,28
104900048,42,2,40
104900049,0,0,0
104900050,0,0,0
104900051,14,0,14
104900052,0,0,0
104900053,33,0,33
104900054,22,0,22
104900055,0,0,0
104900056,97,0,97
104900057,0,0,0
104900058,18,1,17
104900059,34,6,28
104900061,0,0,0
104900063,0,0,0
104900064,0,0,0
104900065,4,1,3
104900066,0,0,0
104900067,0,0,0
104900068,0,0,0
104900070,0,0,0
104900071,0,0,0
104900072,0,0,0
104900073,0,0,0
104900074,0,0,0
104900075,0,0,0
104900076,0,0,0
104900077,0,0,0
104900078,0,0,0
104900079,0,0,0
104900080,0,0,0
104900082,0,0,0
104900085,0,0,0
104900089,0,0,0
104900091,0,0,0
104900093,0,0,0
104900097,0,0,0
104900098,0,0,0
104900099,0,0,0
104900100,0,0,0
104900102,0,0,0
104900103,0,0,0
104900106,0,0,0
104900107,0,0,0
104900108,0,0,0
104900109,0,0,0
104900110,0,0,0
104900111,0,0,0
104900112,0,0,0
104900113,0,0,0
104900114,0,0,0
104900115,0,0,0
104900116,0,0,0
104900118,0,0,0
104900119,0,0,0
104900120,0,0,0
104900121,0,0,0
104900122,0,0,0
104900123,0,0,0
104900124,0,0,0
104900125,26,0,26
104900126,0,0,0
104900127,0,0,0
104900128,10,2,8
104900129,0,0,0
105000001,756,410,346
105000002,489,569,-80
105000003,724,926,-202
105000004,325,528,-203
105000005,286,435,-149
105000006,447,868,-421
105000007,239,638,-399
105000008,460,1436,-976
105000009,1494,1241,253
105000010,768,442,326
105000011,1137,1490,-353
105000012,407,522,-115
105000013,242,409,-167
105000014,1742,1169,573
105000015,2926,4554,-1628
105000016,763,624,139
105000017,1072,478,594
105000018,1129,430,699
105000019,807,895,-88
105000020,39,166,-127
105000021,49,31,18
105000022,25,39,-14
105000023,169,171,-2
105000028,20,104,-84
105000029,44,295,-251
105000030,1135,827,308
105000031,0,0,0
105000033,359,330,29
105000034,36,284,-248
105000037,113,48,65
105000038,510,550,-40
105000039,140,297,-157
105000040,180,566,-386
105000041,79,221,-142
105000042,686,550,136
105000043,152,147,5
105000044,209,156,53
105000045,97,71,26
105000046,260,55,205
105000047,61,96,-35
105000048,596,221,375
105000049,159,73,86
105000050,402,191,211
105000051,24,55,-31
105000052,80,169,-89
105000053,104,8,96
105000054,166,146,20
105000055,229,32,197
105000056,571,208,363
105000057,853,62,791
105000058,376,259,117
105000059,573,181,392
105000060,185,60,125
105000061,454,139,315
105000062,264,63,201
105000063,32,58,-26
105000064,684,145,539
105000065,40,21,19
105000066,229,79,150
105000067,656,257,399
105000068,37,130,-93
105000069,351,410,-59
105000070,288,426,-138
105000071,252,858,-606
105000072,672,1366,-694
105000073,323,308,15
105000074,25,72,-47
105000075,94,157,-63
105000076,399,242,157
105000077,589,189,400
105000078,318,461,-143
105000079,61,185,-124
105000080,924,883,41
105000081,127,141,-14
105000082,316,495,-179
105000083,1148,928,220
105000084,111,96,15
105000085,1587,965,622
105000086,131,115,16
105000087,266,196,70
105000088,760,843,-83
105000089,364,322,42
105000090,88,110,-22
105000091,139,126,13
105000092,122,75,47
105000093,42,122,-80
105000094,148,91,57
105000095,18,155,-137
105000096,350,453,-103
105000097,190,40,150
105000098,540,227,313
105000099,55,42,13
105000100,391,209,182
105000101,788,316,472
105000102,381,177,204
105000103,489,191,298
105000104,494,123,371
105000105,338,199,139
105000106,560,174,386
105000107,451,126,325
105000108,452,150,302
105000109,569,203,366
105000110,284,104,180
105000111,434,143,291
105000112,373,147,226
105000113,182,338,-156
105000114,608,691,-83
105000115,154,797,-643
105000116,405,150,255
105000117,141,86,55
105000118,117,160,-43
105000119,47,48,-1
105000120,586,173,413
105000121,138,80,58
105000122,242,178,64
105000123,127,95,32
105000124,787,141,646
105000125,403,236,167
105000126,619,201,418
105000127,765,235,530
105000128,129,185,-56
105000129,258,67,191
105000130,49,1841,-1792
105000131,11,17,-6
105000132,462,558,-96
105000133,52,93,-41
105000134,443,119,324
105000135,33,30,3
105000136,0,0,0
105000137,291,33,258
105000138,0,0,0
105000139,120,90,30
105000140,332,43,289
105000141,77,61,16
105000142,337,87,250
105000143,89,142,-53
105000144,26,111,-85
105000145,335,123,212
105000146,0,0,0
105000147,333,84,249
105000148,348,116,232
105000149,805,396,409
105000150,21,28,-7
105000151,159,17,142
105000152,178,110,68
105000153,292,76,216
105000154,194,43,151
105000155,92,59,33
105000156,44,52,-8
105000157,152,117,35
105000158,462,81,381
105000159,62,71,-9
105000160,737,134,603
105000161,173,60,113
105000162,195,603,-408
105000163,191,143,48
105000164,10,53,-43
105000165,104,1658,-1554
105000166,113,249,-136
105000167,220,867,-647
105000168,64,115,-51
105000169,185,36,149
105000170,68,372,-304
105000171,324,28,296
105000172,41,0,41
105000173,120,3,117
105000174,9,4,5
105000175,0,0,0
105000176,75,15,60
105000177,113,36,77
105000178,88,23,65
105000179,158,1,157
105000180,0,0,0
105000181,33,25,8
105000182,0,0,0
105000183,488,1147,-659
105000184,4,40,-36
105000185,132,403,-271
105000186,10,24,-14
105000187,167,127,40
105000188,28,102,-74
105000189,36,112,-76
105000190,53,89,-36
105000191,84,50,34
105000192,107,15,92
105000193,27,13,14
105000194,224,13,211
105000195,9,113,-104
105000196,44,77,-33
105000197,3,61,-58
105000198,3,14,-11
105000199,21,173,-152
105000200,42,161,-119
105000201,29,4,25
105000203,54,138,-84
105000204,17,54,-37
105000205,17,147,-130
105000207,0,0,0
105000208,82,111,-29
105000209,0,0,0
105000211,59,0,59
105000212,276,64,212
105000213,21,11,10
105000214,35,6,29
105000215,113,63,50
105000216,9,3,6
105000217,0,0,0
105000218,682,185,497
105000221,27,36,-9
105000222,103,28,75
105000223,67,19,48
105000226,33,20,13
105000227,19,43,-24
105000228,4,483,-479
105000229,150,355,-205
105000231,113,28,85
105000233,128,273,-145
105000234,178,316,-138
105000235,154,164,-10
105000237,210,21,189
105000243,18,1,17
105000248,6,6,0
105000262,136,3,133
105000269,18,21,-3
105000270,183,4,179
105000271,1,19,-18
105000282,7,8,-1
105000287,80,31,49
105000288,211,151,60
105000289,458,734,-276
105000290,25,53,-28
105000402,183,817,-634
105000426,38,159,-121
105000438,427,403,24
105000440,4,1,3
105000446,1296,2516,-1220
105000447,1359,316,1043
105000454,1,0,1
105000455,128,37,91
105000474,37,0,37
105000477,102,110,-8
105000478,734,2259,-1525
105000479,55,22,33
105000480,1831,2580,-749
105000481,1398,906,492
105000482,589,1195,-606
105000483,413,937,-524
105000484,403,827,-424
105000485,690,1233,-543
105000486,900,1369,-469
105000488,501,1157,-656
105000489,541,195,346
105000549,14,9,5
105000550,0,0,0
105000551,4,13,-9
105000552,476,272,204
105000555,797,575,222
105000556,7,7,0
105000557,0,42,-42
105900001,0,122,-122
105900002,103,26,77
105900003,0,0,0
105900004,0,0,0
105900005,0,0,0
105900006,0,0,0
105900007,0,2,-2
105900008,0,0,0
105900009,3,6,-3
105900011,2,0,2
105900012,27,0,27
105900013,0,0,0
105900014,4,3,1
105900015,0,0,0
105900016,29,0,29
105900017,0,0,0
105900018,0,0,0
105900019,3,0,3
105900020,0,0,0
105900021,0,7,-7
105900022,0,0,0
105900023,0,3,-3
105900024,0,2,-2
105900025,2,0,2
105900026,0,0,0
105900027,598,112,486
105900028,0,0,0
105900029,199,30,169
105900030,26,35,-9
105900031,0,0,0
105900032,0,0,0
105900033,0,0,0
105900034,0,0,0
105900035,0,0,0
105900036,0,0,0
105900037,0,0,0
105900038,0,0,0
105900039,0,0,0
105900040,0,0,0
105900041,0,0,0
105900042,0,0,0
105900043,91,0,91
105900044,0,0,0
105900045,0,0,0
105900046,0,0,0
105900047,0,0,0
105900048,42,3,39
105900050,11,67,-56
105900051,0,21,-21
105900052,11,1,10
105900053,0,0,0
105900054,0,0,0
105900056,11,31,-20
105900057,0,5,-5
105900058,0,0,0
105900059,0,0,0
106000001,751,593,158
106000002,59,412,-353
106000003,1139,1560,-421
106000004,198,1479,-1281
106000005,1457,1912,-455
106000006,792,686,106
106000007,396,92,304
106000008,17,61,-44
106000009,271,111,160
106000010,33,90,-57
106000011,694,348,346
106000012,58,130,-72
106000013,1026,567,459
106000014,179,197,-18
106000015,1203,408,795
106000016,168,215,-47
106000017,571,177,394
106000018,70,116,-46
106000019,268,165,103
106000020,36,13,23
106000021,386,153,233
106000022,49,12,37
106000023,524,59,465
106000024,73,32,41
106000025,294,170,124
106000026,3,2,1
106000027,1424,541,883
106000028,12,2,10
106000029,14,7,7
106000030,0,0,0
106000034,0,0,0
106000035,415,599,-184
106000036,0,0,0
106000037,124,49,75
106000038,16,3,13
106000039,3,7,-4
106000040,3,63,-60
106000041,331,78,253
106000043,118,23,95
106000046,55,9,46
106000047,0,0,0
106000049,429,6,423
106000050,14,75,-61
106000051,430,180,250
106000052,0,0,0
106000053,233,19,214
106000054,0,0,0
106000055,293,19,274
106000056,0,0,0
106000057,182,35,147
106000058,0,0,0
106000059,242,59,183
106000060,0,0,0
106000061,55,404,-349
106000062,0,0,0
106000063,382,447,-65
106000064,0,0,0
106000065,335,67,268
106000066,37,4,33
106000067,269,44,225
106000068,48,6,42
106000069,107,13,94
106000070,58,3,55
106000071,397,128,269
106000072,343,404,-61
106000073,420,1284,-864
106000074,228,293,-65
106000075,142,265,-123
106000076,441,202,239
106000077,612,227,385
106000078,498,107,391
106000079,514,48,466
106000080,519,107,412
106000081,327,114,213
106000082,569,56,513
106000083,262,225,37
106000084,406,82,324
106000085,310,278,32
106000086,267,93,174
106000087,334,78,256
106000088,292,175,117
106000089,386,33,353
106000090,281,194,87
106000091,76,40,36
106000092,308,120,188
106000093,363,40,323
106000094,0,0,0
106000095,451,54,397
106000096,673,58,615
106000097,373,50,323
106000098,519,67,452
106000099,73,60,13
106000100,858,53,805
106000101,345,11,334
106000102,13,67,-54
106000103,55,120,-65
106000104,444,61,383
106000105,77,105,-28
106000106,422,45,377
106000107,47,58,-11
106000108,294,38,256
106000109,6,62,-56
106000110,193,35,158
106000111,41,56,-15
106000112,135,210,-75
106000113,51,203,-152
106000114,219,139,80
106000115,52,130,-78
106000116,269,116,153
106000117,14,40,-26
106000118,550,394,156
106000119,11,60,-49
106000120,336,358,-22
106000121,138,56,82
106000122,88,46,42
106000123,207,11,196
106000124,151,38,113
106000125,71,50,21
106000126,262,18,244
106000127,211,112,99
106000128,233,31,202
106000129,136,99,37
106000130,620,47,573
106000131,14,226,-212
106000132,212,30,182
106000133,151,496,-345
106000134,244,1010,-766
106000135,1,139,-138
106000136,381,482,-101
106000137,1,89,-88
106000138,835,35,800
106000139,69,37,32
106000140,0,0,0
106000141,0,0,0
106000142,33,7,26
106000143,0,0,0
106000144,138,16,122
106000145,0,0,0
106000146,296,75,221
106000147,343,124,219
106000148,226,179,47
106000149,409,100,309
106000150,165,591,-426
106000151,630,195,435
106000152,401,669,-268
106000153,78,400,-322
106000154,351,29,322
106000155,41,81,-40
106000156,592,27,565
106000157,84,525,-441
106000158,422,451,-29
106000159,185,507,-322
106000160,206,852,-646
106000161,115,17,98
106000162,135,337,-202
106000163,83,13,70
106000164,201,39,162
106000165,38,48,-10
106000166,337,14,323
106000167,175,157,18
106000168,285,52,233
106000169,157,102,55
106000170,215,42,173
106000171,101,297,-196
106000172,588,125,463
106000173,441,485,-44
106000174,639,8,631
106000175,49,7,42
106000176,659,146,513
106000177,87,69,18
106000178,703,114,589
106000179,63,32,31
106000180,220,227,-7
106000181,293,283,10
106000182,858,88,770
106000183,743,55,688
106000184,512,79,433
106000185,309,158,151
106000186,121,12,109
106000187,3,209,-206
106000188,0,0,0
106000189,5,24,-19
106000190,1,8,-7
106000191,175,4,171
106000192,0,0,0
106000193,3,20,-17
106000194,2,51,-49
106000195,37,14,23
106000196,5,100,-95
106000197,108,19,89
106000198,50,7,43
106000199,104,101,3
106000200,53,86,-33
106000201,62,851,-789
106000202,100,82,18
106000203,0,0,0
106000204,17,0,17
106000205,0,0,0
106000206,8,0,8
106000207,0,5,-5
106000208,684,35,649
106000209,1021,126,895
106000210,32,6,26
106000211,3,10,-7
106000212,653,99,554
106000213,42,63,-21
106000214,465,39,426
106000215,107,97,10
106000216,421,56,365
106000217,12,116,-104
106000218,326,31,295
106000219,27,133,-106
106000220,309,14,295
106000221,50,43,7
106000222,33,9,24
106000223,178,47,131
106000224,63,42,21
106000225,33,63,-30
106000226,26,55,-29
106000228,0,0,0
106000229,0,0,0
106000231,290,1,289
106000232,0,0,0
106000233,83,2,81
106000234,0,0,0
106000235,54,4,50
106000236,0,0,0
106000237,0,0,0
106000238,1,9,-8
106000239,0,0,0
106000240,0,0,0
106000241,0,104,-104
106000242,57,11,46
106000249,129,7,122
106000250,17,127,-110
106000251,13,0,13
106000252,0,0,0
106000253,26,0,26
106000254,0,0,0
106000255,22,1,21
106000256,0,0,0
106000257,5,25,-20
106000258,7,1,6
106000259,0,0,0
106000260,3,0,3
106000261,0,0,0
106000262,1,3,-2
106000263,0,0,0
106000264,72,0,72
106000265,0,0,0
106000266,37,0,37
106000267,0,0,0
106000268,123,2,121
106000269,0,0,0
106000270,11,18,-7
106000271,0,12,-12
106000272,0,0,0
106000273,0,8,-8
106000274,0,0,0
106000275,3,7,-4
106000276,0,0,0
106000277,25,17,8
106000278,0,0,0
106000279,0,0,0
106000280,0,0,0
106000281,0,0,0
106000282,0,0,0
106000283,0,0,0
106000284,0,0,0
106000285,0,0,0
106000286,0,0,0
106000287,0,0,0
106000288,0,0,0
106000289,0,0,0
106000290,0,0,0
106000291,0,0,0
106000292,0,0,0
106000293,0,0,0
106000294,0,0,0
106000295,0,0,0
106000296,0,0,0
106000297,0,0,0
106000298,0,0,0
106000299,0,0,0
106000300,0,0,0
106000301,0,0,0
106000303,2,0,2
106000304,0,0,0
106000305,14,0,14
106000306,0,0,0
106000307,25,0,25
106000308,0,0,0
106000309,0,0,0
106000310,85,60,25
106000311,102,8,94
106000312,26,31,-5
106000313,47,6,41
106000318,0,0,0
106000319,295,61,234
106000320,0,41,-41
106000321,6,108,-102
106000322,137,16,121
106000324,40,7,33
106000325,1253,283,970
106000326,91,192,-101
106000327,151,4,147
106000328,2,0,2
106000329,24,14,10
106000330,0,19,-19
106000428,56,137,-81
106000429,5,64,-59
106000430,38,201,-163
106000431,795,139,656
106000432,27,277,-250
106000433,1098,472,626
106000434,1456,452,1004
106000435,58,440,-382
106000436,0,24,-24
106000437,99,33,66
106000438,10,108,-98
106000439,0,19,-19
106000440,58,120,-62
106000441,4,0,4
106000442,9,0,9
106000443,225,156,69
106000450,0,0,0
106000451,22,28,-6
106000454,0,0,0
106000455,0,5,-5
106000456,21,1,20
106000457,0,0,0
106000458,530,22,508
106000459,0,0,0
106000460,351,15,336
106000461,0,0,0
106000462,0,0,0
106000463,0,37,-37
106000464,0,0,0
106000465,189,1,188
106000466,0,0,0
106000467,0,23,-23
106000468,25,34,-9
106000469,97,1,96
106000470,2,34,-32
106000471,0,0,0
106000472,9,2,7
106000473,0,0,0
106000474,69,99,-30
106000475,280,53,227
106000476,97,138,-41
106000477,0,0,0
106000480,0,0,0
106900001,0,0,0
106900002,0,0,0
106900003,0,0,0
106900004,0,0,0
106900006,0,0,0
106900007,0,0,0
106900008,0,0,0
106900009,0,0,0
106900010,0,0,0
106900012,0,0,0
106900013,0,0,0
106900014,0,0,0
106900015,0,0,0
106900016,0,0,0
106900017,0,0,0
106900018,0,0,0
106900019,9,0,9
106900020,0,0,0
106900021,3,0,3
106900022,0,0,0
106900023,0,0,0
106900024,0,0,0
106900025,0,0,0
106900026,0,0,0
106900027,145,0,145
106900028,0,0,0
106900029,0,0,0
106900030,0,0,0
107000001,1602,2313,-711
107000002,398,590,-192
107000003,3639,3443,196
107000004,824,570,254
107000005,3183,2583,600
107000006,1033,506,527
107000007,2116,2553,-437
107000008,734,619,115
107000009,5583,5383,200
107000010,1599,753,846
107000011,71,94,-23
107000012,477,101,376
107000013,0,0,0
107000014,0,0,0
107000015,0,0,0
107000016,0,0,0
107000017,121,80,41
107000018,1,57,-56
107000020,135,352,-217
107000021,121,57,64
107000022,229,305,-76
107000023,354,69,285
107000024,165,531,-366
107000025,95,57,38
107000026,75,103,-28
107000027,429,116,313
107000028,367,274,93
107000029,1490,701,789
107000030,488,476,12
107000031,1238,649,589
107000032,91,306,-215
107000033,726,738,-12
107000034,314,129,185
107000035,155,67,88
107000036,78,268,-190
107000037,31,384,-353
107000038,27,101,-74
107000039,324,478,-154
107000040,85,17,68
107000041,277,203,74
107000042,125,604,-479
107000043,368,135,233
107000044,79,160,-81
107000045,28,121,-93
107000046,351,127,224
107000047,135,185,-50
107000048,170,157,13
107000049,146,259,-113
107000050,299,181,118
107000051,190,231,-41
107000052,272,336,-64
107000053,225,183,42
107000054,20,154,-134
107000055,126,65,61
107000056,328,438,-110
107000057,548,183,365
107000058,1352,1472,-120
107000059,101,277,-176
107000060,3132,2703,429
107000061,650,541,109
107000062,2651,1354,1297
107000063,631,500,131
107000064,2111,1552,559
107000065,421,552,-131
107000066,1161,1417,-256
107000067,304,298,6
107000068,277,518,-241
107000069,439,679,-240
107000070,288,4,284
107000071,1052,22,1030
107000072,1,91,-90
107000073,217,57,160
107000074,63,16,47
107000075,1023,42,981
107000076,8,68,-60
107000077,1268,98,1170
107000078,23,140,-117
107000079,1309,217,1092
107000080,69,98,-29
107000081,1101,176,925
107000082,240,177,63
107000083,587,240,347
107000084,54,229,-175
107000085,1027,833,194
107000086,495,638,-143
107000087,837,806,31
107000088,333,523,-190
107000089,624,619,5
107000090,117,180,-63
107000091,568,246,322
107000092,121,242,-121
107000093,471,670,-199
107000094,197,160,37
107000095,683,293,390
107000096,89,84,5
107000097,417,134,283
107000098,42,90,-48
107000099,200,264,-64
107000100,18,169,-151
107000101,73,209,-136
107000102,99,141,-42
107000103,296,76,220
107000104,68,112,-44
107000105,358,107,251
107000106,30,35,-5
107000107,333,125,208
107000108,57,59,-2
107000109,372,37,335
107000110,0,0,0
107000111,295,18,277
107000112,0,0,0
107000113,448,38,410
107000114,0,0,0
107000115,409,99,310
107000116,0,0,0
107000117,37,353,-316
107000118,0,0,0
107000119,232,643,-411
107000120,0,0,0
107000121,538,182,356
107000122,208,98,110
107000123,393,142,251
107000124,201,99,102
107000125,549,70,479
107000126,244,84,160
107000129,21,38,-17
107000130,314,88,226
107000131,89,72,17
107000132,141,87,54
107000133,90,1,89
107000134,89,0,89
107000135,0,87,-87
107000136,265,1,264
107000137,4,78,-74
107000138,15,4,11
107000139,3,102,-99
107000140,369,3,366
107000141,5,46,-41
107000142,40,8,32
107000143,1,69,-68
107000144,123,157,-34
107000145,2,35,-33
107000146,3,45,-42
107000147,312,149,163
107000150,232,944,-712
107000151,9,2,7
107000152,105,557,-452
107000153,1,28,-27
107000154,0,46,-46
107000155,361,7,354
107000156,325,7,318
107000157,1,110,-109
107000158,230,3,227
107000159,0,58,-58
107000160,759,22,737
107000161,17,109,-92
107000162,73,174,-101
107000163,65,1,64
107000164,358,0,358
107000165,406,14,392
107000166,1,74,-73
107000167,209,66,143
107000168,463,36,427
107000169,26,121,-95
107000170,873,138,735
107000171,42,111,-69
107000172,413,463,-50
107000173,55,31,24
107000174,306,1154,-848
107000175,287,108,179
107000176,0,0,0
107000177,0,0,0
107000178,2,8,-6
107000179,81,145,-64
107000180,1011,76,935
107000181,146,33,113
107000182,918,44,874
107000183,76,11,65
107000184,585,62,523
107000185,112,66,46
107000186,318,59,259
107000187,356,266,90
107000188,43,59,-16
107000189,151,115,36
107000190,112,37,75
107000191,368,167,201
107000192,257,35,222
107000193,174,133,41
107000194,99,107,-8
107000197,417,42,375
107000198,123,54,69
107000199,186,168,18
107000200,94,187,-93
107000201,83,72,11
107000202,49,186,-137
107000203,66,342,-276
107000204,94,1159,-1065
107000205,54,68,-14
107000206,31,718,-687
107000207,73,137,-64
107000208,32,125,-93
107000209,74,182,-108
107000210,15,41,-26
107000211,1,20,-19
107000212,2,9,-7
107000213,0,2,-2
107000214,1,4,-3
107000215,83,57,26
107000216,57,68,-11
107000217,26,4,22
107000219,4,30,-26
107000220,1,1,0
107000222,19,35,-16
107000224,103,7,96
107000225,13,89,-76
107000226,234,11,223
107000227,15,55,-40
107000228,4,23,-19
107000229,46,27,19
107000230,44,49,-5
107000231,156,322,-166
107000232,48,10,38
107000233,49,226,-177
107000234,1,43,-42
107000235,220,6,214
107000236,0,0,0
107000237,22,0,22
107000238,41,1,40
107000239,363,146,217
107000240,21,35,-14
107000243,0,52,-52
107000244,11,0,11
107000246,0,46,-46
107000249,1,39,-38
107000251,0,0,0
107000252,0,61,-61
107000255,33,1,32
107000257,0,42,-42
107000258,0,14,-14
107000259,0,3,-3
107000260,761,2,759
107000262,0,19,-19
107000263,214,3,211
107000266,15,8,7
107000267,9,5,4
107000268,5,14,-9
107000269,6,1,5
107000270,51,21,30
107000271,0,0,0
107000272,53,0,53
107000273,1,12,-11
107000274,85,0,85
107000275,12,54,-42
107000280,383,17,366
107000281,4,39,-35
107000282,1,98,-97
107000290,0,0,0
107000291,3,1,2
107000292,0,2,-2
107000293,2,0,2
107000294,0,5,-5
107000295,6,0,6
107000296,0,3,-3
107000444,120,3,117
107000496,0,0,0
107000497,133,177,-44
107000500,125,56,69
107000501,7,43,-36
107000502,93,61,32
107000505,63,250,-187
107000506,0,0,0
107000508,0,21,-21
107000509,74,223,-149
107000510,1,2,-1
107000514,25,120,-95
107000515,5,17,-12
107000516,331,58,273
107000518,429,305,124
107000519,37,12,25
107000520,21,6,15
107000521,115,25,90
107000522,328,120,208
107900001,2,0,2
107900002,3,1,2
107900003,27,6,21
107900004,0,0,0
107900005,530,0,530
107900006,40,0,40
107900007,120,2,118
107900008,17,1,16
107900009,15,0,15
107900010,0,0,0
107900012,32,0,32
107900013,9,0,9
107900014,2,0,2
107900015,252,1,251
107900016,38,8,30
107900017,8,0,8
107900018,13,59,-46
107900019,59,2,57
107900020,0,0,0
107900021,4,1,3
107900023,4,0,4
107900024,0,0,0
107900025,31,38,-7
107900026,0,0,0
107900027,0,0,0
107900028,4,0,4
107900030,66,6,60
107900031,1,1,0
107900032,5,0,5
107900033,0,1,-1
107900034,39,1,38
107900035,264,12,252
107900036,22,16,6
107900037,0,0,0
107900038,0,24,-24
107900039,3,0,3
107900040,0,0,0
107900041,0,0,0
107900043,20,11,9
107900044,0,0,0
107900045,13,23,-10
107900046,54,27,27
107900047,0,0,0
107900048,32,0,32
107900049,4,59,-55
107900050,0,6,-6
107900051,5,2,3
107900052,0,0,0
107900053,2,0,2
107900055,36,12,24
107900056,8,10,-2
107900057,0,0,0
107900058,1,34,-33
107900060,0,0,0
107900061,0,0,0
107900063,13,27,-14
107900064,29,26,3
107900065,81,0,81
107900066,2,1,1
107900067,0,0,0
107900068,4,103,-99
107900069,1,442,-441
107900070,24,15,9
107900071,1,29,-28
107900072,43,1,42
107900073,0,0,0
107900074,0,0,0
107900076,3,0,3
107900077,0,0,0
107900079,2,0,2
107900080,1,102,-101
107900081,0,0,0
107900082,0,0,0
107900083,72,32,40
107900084,1,7,-6
107900086,3,36,-33
107900087,2,4,-2
107900088,1,0,1
107900089,1,19,-18
107900090,1,153,-152
107900091,53,50,3
107900093,0,0,0
107900095,153,227,-74
107900097,0,3,-3
107900098,17,8,9
107900100,15,281,-266
107900101,9,4,5
107900102,1,0,1
107900103,0,4,-4
107900104,0,0,0
107900105,0,48,-48
107900106,0,69,-69
107900107,1,0,1
107900108,9,0,9
107900109,373,0,373
107900110,31,0,31
107900111,0,63,-63
107900112,0,53,-53
107900113,0,0,0
107900114,53,20,33
107900115,0,0,0
107900116,57,36,21
107900117,25,60,-35
107900118,0,6,-6
107900119,32,23,9
107900120,0,2,-2
107900121,0,0,0
107900122,0,0,0
107900123,0,0,0
107900124,0,0,0
107900125,0,1,-1
107900126,0,0,0
107900127,0,0,0
107900128,2,2,0
107900129,6,0,6
107900130,0,0,0
107900131,4,16,-12
107900132,1,31,-30
107900133,0,0,0
107900134,0,3,-3
107900135,0,0,0
107900136,0,0,0
107900137,19,15,4
107900138,12,9,3
107900139,0,0,0
107900141,9,2,7
107900142,0,15,-15
107900143,13,1,12
107900144,0,6,-6
107900145,0,0,0
107900146,9,8,1
107900147,3,0,3
107900148,0,0,0
107900149,34,3,31
107900150,0,16,-16
107900151,0,1,-1
107900152,0,0,0
107900153,0,37,-37
107900154,9,2,7
107900155,1,0,1
107900156,0,0,0
107900157,3,1,2
107900158,101,4,97
107900159,0,14,-14
107900160,69,1,68
107900161,1,10,-9
107900162,0,0,0
107900163,0,0,0
107900164,1,0,1
107900165,0,91,-91
107900166,13,7,6
107900167,0,0,0
107900168,1,1,0
107900169,0,1,-1
107900171,0,12,-12
107900172,2,0,2
107900173,1,4,-3
107900174,1,0,1
107900175,0,0,0
107900176,0,0,0
107900177,0,0,0
107900178,0,11,-11
107900179,0,0,0
107900180,9,161,-152
107900181,0,0,0
107900182,4,23,-19
107900183,3,14,-11
107900184,0,0,0
107900185,0,0,0
107900186,0,0,0
107900187,0,10,-10
107900188,231,54,177
107900189,0,0,0
107900190,0,16,-16
107900191,0,0,0
107900193,0,0,0
107900194,0,0,0
107900195,69,3,66
107900196,0,0,0
107900197,1,15,-14
107900199,2,0,2
107900201,0,0,0
107900203,1,0,1
107900204,0,0,0
107900206,5,93,-88
107900207,0,29,-29
107900208,0,39,-39
107900209,0,0,0
107900210,0,0,0
107900213,0,0,0
107900214,0,18,-18
107900215,2,18,-16
107900216,0,0,0
107900217,0,0,0
107900218,1,0,1
107900219,0,0,0
107900220,0,0,0
107900221,3,5,-2
107900223,0,0,0
107900224,18,31,-13
107900225,0,0,0
107900226,0,0,0
107900227,2,9,-7
107900228,0,0,0
107900229,0,0,0
107900230,0,0,0
107900231,0,0,0
107900232,9,0,9
107900233,0,0,0
107900234,0,0,0
107900235,1,14,-13
107900236,0,0,0
107900237,0,0,0
107900238,0,0,0
107900239,33,27,6
107900240,7,1,6
107900241,0,0,0
107900242,1,4,-3
107900243,0,0,0
107900244,0,0,0
107900245,163,16,147
107900246,54,0,54
107900248,70,12,58
107900249,109,6,103
107900250,0,12,-12
107900251,0,60,-60
107900252,76,3,73
107900253,29,0,29
107900254,0,11,-11
107900255,4,0,4
107900256,13,3,10
107900257,58,6,52
107900258,17,5,12
107900259,2,436,-434
107900261,0,16,-16
107900262,0,0,0
107900264,87,1,86
107900265,7,35,-28
107900267,77,0,77
107900268,0,0,0
107900269,0,0,0
107900270,0,0,0
107900271,0,0,0
107900272,0,0,0
107900273,14,0,14
107900274,67,0,67
107900275,0,5,-5
107900276,0,0,0
107900277,0,0,0
107900278,74,0,74
107900279,0,0,0
107900280,363,41,322
107900281,107,724,-617
107900282,4,180,-176
107900283,198,79,119
107900284,193,48,145
107900285,12,3,9
107900286,1,1,0
107900287,71,15,56
107900290,0,0,0
107900291,41,0,41
107900292,93,11,82
107900293,53,67,-14
107900295,1,0,1
107900297,0,1,-1
107900298,102,125,-23
107900299,77,217,-140
107900301,29,114,-85
107900302,8,13,-5
107900303,52,3,49
107900304,82,0,82
107900305,28,0,28
107900306,0,0,0
107900307,0,0,0
107900308,44,4,40
107900309,0,0,0
107900310,0,0,0
107900311,0,0,0
107900312,0,0,0
107900313,0,0,0
107900314,0,0,0
107900315,0,0,0
107900316,0,0,0
107900317,0,0,0
107900318,0,0,0
107900319,0,0,0
107900320,0,0,0
107900321,13,0,13
107900322,0,1,-1
107900323,0,1,-1
107900324,31,0,31
107900325,11,0,11
107900326,104,4,100
107900327,0,0,0
107900328,0,0,0
107900329,0,0,0
107900330,0,8,-8
107900331,144,15,129
107900332,125,0,125
107900333,21,0,21
107900334,0,6,-6
107900335,2,0,2
107900336,5,2,3
107900337,97,159,-62
107900338,0,2,-2
107900339,0,0,0
107900340,0,0,0
107900341,0,0,0
107900342,36,2,34
107900343,6,0,6
107900344,0,2,-2
107900345,18,3,15
107900346,0,0,0
107900347,10,0,10
107900348,0,0,0
107900349,1,0,1
107900350,0,32,-32
107900351,0,2,-2
107900352,0,1,-1
107900353,0,2,-2
107900354,0,2,-2
108000001,1901,1029,872
108000002,59,134,-75
108000003,1876,966,910
108000004,833,1951,-1118
108000005,4804,2057,2747
108000006,703,780,-77
108000007,3557,1161,2396
108000008,620,655,-35
108000009,2608,1306,1302
108000010,336,520,-184
108000011,7235,3660,3575
108000012,1867,1262,605
108000014,151,244,-93
108000015,457,70,387
108000016,71,36,35
108000017,690,48,642
108000018,1310,89,1221
108000019,212,75,137
108000020,558,105,453
108000021,22,38,-16
108000022,108,170,-62
108000023,678,30,648
108000024,69,75,-6
108000025,117,12,105
108000026,287,41,246
108000027,168,3,165
108000028,522,58,464
108000029,212,5,207
108000030,197,24,173
108000031,39,19,20
108000032,1023,107,916
108000033,66,115,-49
108000034,1182,94,1088
108000035,73,334,-261
108000036,25,43,-18
108000037,1045,71,974
108000038,1732,144,1588
108000039,47,70,-23
108000040,788,230,558
108000041,54,135,-81
108000042,217,12,205
108000043,10,1,9
108000044,584,14,570
108000045,49,0,49
108000046,1016,109,907
108000047,48,149,-101
108000048,0,1,-1
108000049,510,40,470
108000050,3,13,-10
108000051,154,56,98
108000052,22,17,5
108000053,211,66,145
108000054,49,216,-167
108000055,418,145,273
108000056,108,152,-44
108000057,172,463,-291
108000058,671,1476,-805
108000059,181,571,-390
108000060,138,281,-143
108000061,122,111,11
108000062,441,84,357
108000063,201,68,133
108000064,166,83,83
108000065,227,140,87
108000066,482,53,429
108000067,825,100,725
108000068,484,125,359
108000069,39,256,-217
108000070,1390,105,1285
108000071,84,365,-281
108000072,1218,150,1068
108000073,220,236,-16
108000074,555,121,434
108000075,67,124,-57
108000076,886,77,809
108000077,144,92,52
108000078,1135,165,970
108000079,114,206,-92
108000080,906,201,705
108000081,77,237,-160
108000082,132,147,-15
108000083,682,248,434
108000084,60,59,1
108000085,328,186,142
108000086,45,24,21
108000087,129,978,-849
108000088,360,34,326
108000089,45,49,-4
108000091,3,111,-108
108000092,279,6,273
108000093,22,82,-60
108000094,573,4,569
108000095,11,37,-26
108000096,443,108,335
108000097,39,51,-12
108000098,900,328,572
108000099,214,87,127
108000100,232,189,43
108000101,626,399,227
108000102,482,1081,-599
108000106,450,0,450
108000107,0,49,-49
108000108,274,11,263
108000109,0,95,-95
108000110,265,14,251
108000111,11,131,-120
108000112,5,182,-177
108000113,183,127,56
108000115,93,32,61
108000117,150,19,131
108000118,67,493,-426
108000119,161,41,120
108000120,48,211,-163
108000121,127,30,97
108000122,428,70,358
108000123,284,35,249
108000124,78,10,68
108000125,358,26,332
108000126,63,6,57
108000127,317,25,292
108000128,221,20,201
108000129,38,14,24
108000130,233,67,166
108000131,320,69,251
108000132,38,41,-3
108000133,1026,80,946
108000134,87,24,63
108000135,842,101,741
108000136,19,39,-20
108000137,254,107,147
108000138,46,204,-158
108000139,303,119,184
108000140,309,1,308
108000141,3,23,-20
108000142,7,24,-17
108000143,21,16,5
108000144,582,3,579
108000145,54,25,29
108000146,625,7,618
108000147,2,6,-4
108000148,275,9,266
108000149,4,1,3
108000150,56,26,30
108000151,10,39,-29
108000152,49,7,42
108000153,321,28,293
108000154,35,0,35
108000155,64,23,41
108000156,267,66,201
108000157,8,683,-675
108000158,39,241,-202
108000159,59,31,28
108000160,695,455,240
108000161,465,682,-217
108000165,19,61,-42
108000172,1,45,-44
108000173,497,580,-83
108000175,207,22,185
108000178,183,198,-15
108000179,119,541,-422
108000181,19,5,14
108000182,72,4,68
108000183,0,14,-14
108000184,37,1087,-1050
108000185,0,3,-3
108000186,99,1,98
108000187,1,24,-23
108000188,225,0,225
108000189,150,3182,-3032
108000190,0,0,0
108000192,81,20,61
108000193,6,75,-69
108000194,14,0,14
108000195,0,3,-3
108000196,76,1,75
108000198,262,19,243
108000199,0,0,0
108000200,157,1,156
108000203,1,5,-4
108000204,9,18,-9
108000205,31,1,30
108000339,273,268,5
108000364,57,147,-90
108000365,27,23,4
108000367,45,2,43
108000368,0,0,0
108000369,47,17,30
108000371,0,88,-88
108000372,180,1,179
108000373,50,24,26
108000376,23,19,4
108000377,383,100,283
108000378,5091,4848,243
108000379,0,0,0
108000381,115,3,112
108000382,48,0,48
108000383,0,28,-28
108900001,0,13,-13
108900002,99,4,95
108900003,0,15,-15
108900004,60,83,-23
108900007,142,79,63
108900008,23,11,12
108900009,41,33,8
108900010,63,12,51
108900011,351,6,345
108900012,231,27,204
108900013,77,32,45
108900014,0,7,-7
108900015,0,0,0
108900016,0,0,0
108900017,47,36,11
108900018,40,36,4
108900019,0,23,-23
108900020,14,5,9
108900021,9,14,-5
108900022,15,0,15
108900023,4,5,-1
108900024,2,2,0
108900025,52,4,48
108900026,0,0,0
108900027,0,8,-8
108900028,15,3,12
108900029,9,11,-2
108900030,0,0,0
108900031,38,4,34
108900032,0,0,0
108900033,0,16,-16
108900034,0,0,0
108900035,50,45,5
108900038,0,16,-16
108900039,0,13,-13
108900040,1,3,-2
108900041,469,693,-224
108900042,0,10,-10
108900043,0,0,0
108900044,0,11,-11
108900045,26,45,-19
108900046,0,48,-48
108900047,5,14,-9
108900048,1,21,-20
108900049,39,290,-251
108900050,2,32,-30
108900051,0,9,-9
108900052,1,5,-4
108900053,1,79,-78
108900054,0,0,0
108900055,0,16,-16
108900056,0,11,-11
108900057,0,21,-21
108900058,1,21,-20
108900059,127,15,112
108900060,12,70,-58
108900061,0,0,0
108900062,1,37,-36
108900063,0,3,-3
108900064,33,0,33
108900065,2,17,-15
108900066,149,9,140
108900067,0,4,-4
108900068,0,6,-6
108900069,105,0,105
108900070,4,1,3
108900071,70,3,67
108900072,101,62,39
108900073,14,4,10
108900074,62,3,59
108900075,30,3,27
108900076,215,20,195
108900077,3,11,-8
108900078,57,2,55
108900079,35,5,30
108900080,1,95,-94
108900081,0,28,-28
108900082,3,2,1
108900083,0,31,-31
108900085,54,8,46
108900086,4,7,-3
108900087,22,40,-18
108900088,122,56,66
108900089,0,17,-17
108900090,34,2,32
108900091,9,10,-1
108900092,115,29,86
108900093,5,8,-3
108900094,46,9,37
108900095,2,4,-2
108900096,12,0,12
108900097,42,24,18
108900098,236,222,14
108900099,76,10,66
108900100,8,5,3
108900101,28,25,3
108900102,0,223,-223
108900103,24,9,15
108900105,2,393,-391
108900106,107,28,79
108900108,23,12,11
108900109,79,1,78
108900110,7,14,-7
108900111,87,29,58
108900113,32,22,10
108900114,17,0,17
108900115,42,17,25
108900116,0,0,0
108900117,47,2,45
108900118,159,2,157
108900119,211,4,207
108900120,76,68,8
108900121,63,3,60
108900122,59,6,53
108900123,25,20,5
108900124,23,2,21
108900125,127,1,126
108900126,28,20,8
108900127,66,18,48
108900128,151,9,142
108900129,55,1,54
108900130,100,0,100
108900131,187,5,182
108900132,98,5,93
108900133,91,0,91
108900134,315,3,312
108900135,84,0,84
108900136,10,4,6
108900137,57,2,55
108900138,260,3,257
108900140,252,3,249
108900141,136,0,136
108900142,28,0,28
108900143,36,0,36
108900144,57,1,56
108900145,56,6,50
108900146,5,0,5
108900147,213,0,213
108900148,6,0,6
108900150,34,5,29
108900151,2,0,2
108900152,90,2,88
108900153,121,14,107
108900154,1648,71,1577
108900156,36,0,36
108900157,0,8,-8
108900158,79,6,73
108900159,2,19,-17
108900160,9,25,-16
108900161,0,42,-42
108900162,29,0,29
108900163,4,174,-170
108900164,23,15,8
108900168,369,432,-63
108900169,2,9,-7
108900171,228,890,-662
108900172,41,4,37
108900173,20,25,-5
108900174,337,48,289
108900176,1,5,-4
108900177,141,678,-537
108900178,237,801,-564
108900180,11,72,-61
108900183,17,14,3
108900184,168,16,152
108900185,4,51,-47
108900186,36,20,16
108900189,106,3,103
108900190,1,40,-39
108900192,1,45,-44
108900195,0,4,-4
108900196,3,2,1
108900199,63,23,40
108900200,129,64,65
108900201,25,85,-60
108900203,136,36,100
108900204,101,1,100
108900205,62,0,62
108900206,33,4,29
108900207,19,15,4
108900208,30,37,-7
108900209,29,28,1
108900210,0,4,-4
108900211,1,40,-39
108900212,2,120,-118
108900215,0,3,-3
108900216,35,11,24
108900217,0,0,0
108900218,6,0,6
108900221,0,0,0
108900224,0,0,0
108900225,0,0,0
108900227,14,56,-42
108900230,14,10,4
108900232,0,13,-13
108900233,152,5,147
108900234,62,6,56
108900235,0,0,0
108900236,0,0,0
108900240,0,6,-6
108900241,2,6,-4
108900245,1,61,-60
108900250,29,0,29
108900258,0,1,-1
108900259,0,3,-3
108900260,1,1,0
108900261,1,1,0
108900262,8,2,6
108900263,7,3,4
108900264,3,25,-22
108900265,14,148,-134
108900266,8,205,-197
108900267,0,62,-62
108900268,2,1,1
108900269,8,1,7
108900270,33,2,31
108900271,28,5,23
108900272,57,0,57
108900273,18,142,-124
108900274,8,0,8
109000001,613,1827,-1214
109000002,0,147,-147
109000003,1032,167,865
109000004,0,79,-79
109000005,865,217,648
109000006,1,90,-89
109000007,900,331,569
109000008,1,80,-79
109000009,1240,371,869
109000010,5,104,-99
109000011,1853,704,1149
109000012,12,112,-100
109000013,2451,1578,873
109000014,45,134,-89
109000015,2249,4957,-2708
109000016,32,128,-96
109000017,1620,390,1230
109000018,31,117,-86
109000019,1334,550,784
109000020,10,50,-40
109000023,38,3,35
109000024,0,31,-31
109000025,52,118,-66
109000026,188,150,38
109000027,19,119,-100
109000028,26,5,21
109000029,59,79,-20
109000030,0,0,0
109000031,229,32,197
109000032,0,5,-5
109000033,193,26,167
109000034,3,0,3
109000035,1,2,-1
109000036,5,49,-44
109000037,74,951,-877
109000038,94,29,65
109000039,203,207,-4
109000040,103,1848,-1745
109000041,124,621,-497
109000042,130,348,-218
109000044,133,6,127
109000045,31,3,28
109000046,165,9,156
109000047,0,0,0
109000048,204,58,146
109000049,13,14,-1
109000050,125,45,80
109000051,18,43,-25
109000052,47,55,-8
109000053,493,37,456
109000054,1,64,-63
109000055,1,57,-56
109000056,30,15,15
109000057,44,135,-91
109000058,139,2,137
109000059,0,238,-238
109000060,111,105,6
109000061,28,1028,-1000
109000062,14,87,-73
109000063,0,5,-5
109000064,136,29,107
109000065,0,25,-25
109000066,107,7,100
109000067,0,37,-37
109000068,113,67,46
109000069,158,4,154
109000070,0,16,-16
109000071,74,20,54
109000072,72,250,-178
109000073,12,49,-37
109000074,10,70,-60
109000075,60,4,56
109000076,62,139,-77
109000077,76,37,39
109000078,31,31,0
109000079,15,9,6
109000080,90,19,71
109000081,72,46,26
109000082,225,3,222
109000083,103,50,53
109000088,71,17,54
109000089,204,9,195
109000090,120,53,67
109000091,168,19,149
109000092,92,182,-90
109000093,137,26,111
109000094,320,0,320
109000095,14,20,-6
109000096,523,24,499
109000097,4,23,-19
109000098,53,30,23
109000099,312,18,294
109000100,22,79,-57
109000101,727,206,521
109000102,115,76,39
109000103,319,57,262
109000104,970,80,890
109000105,52,100,-48
109000106,952,148,804
109000107,63,80,-17
109000108,906,176,730
109000109,86,64,22
109000110,419,290,129
109000111,125,142,-17
109000112,5,24,-19
109000113,133,27,106
109000114,140,79,61
109000115,360,16,344
109000116,24,102,-78
109000117,119,4,115
109000118,1,94,-93
109000119,653,19,634
109000120,12,37,-25
109000121,343,9,334
109000122,30,52,-22
109000123,8,14,-6
109000124,288,50,238
109000125,597,82,515
109000126,23,49,-26
109000127,1343,58,1285
109000128,33,23,10
109000129,988,79,909
109000130,37,49,-12
109000131,627,379,248
109000132,89,193,-104
109000133,11,33,-22
109000134,13,50,-37
109000135,15,27,-12
109000136,136,140,-4
109000137,305,30,275
109000138,172,32,140
109000139,215,24,191
109000140,100,96,4
109000141,306,36,270
109000142,28,58,-30
109000143,4,15,-11
109000145,33,63,-30
109000146,42,202,-160
109000148,0,0,0
109000149,2,117,-115
109000150,101,68,33
109000155,160,225,-65
109000156,185,18,167
109000158,1,170,-169
109000159,13,58,-45
109000160,380,42,338
109000161,342,133,209
109000162,528,79,449
109000163,526,80,446
109000164,662,505,157
109000165,552,222,330
109000166,389,15,374
109000167,182,46,136
109000170,3,6,-3
109000171,21,2,19
109000172,2,7,-5
109000173,1,6,-5
109000174,7,0,7
109000175,50,5,45
109000176,149,98,51
109000177,16,10,6
109000178,213,74,139
109000179,357,719,-362
109000180,649,233,416
109000181,16,0,16
109000182,18,17,1
109000183,3,8,-5
109000184,51,61,-10
109000185,1,23,-22
109000188,131,135,-4
109000189,389,31,358
109000190,88,142,-54
109000191,227,33,194
109000192,250,4,246
109000193,102,17,85
109000194,80,0,80
109000195,31,3,28
109000196,78,0,78
109000197,82,7,75
109000198,92,1,91
109000199,29,2,27
109000206,159,27,132
109000207,70,13,57
109000208,32,52,-20
109000209,36,33,3
109000210,0,11,-11
109000211,226,208,18
109000214,208,140,68
109000215,103,21,82
109000216,172,199,-27
109000217,0,0,0
109000218,8,4,4
109000221,5,49,-44
109000222,326,35,291
109000223,74,99,-25
109000224,73,29,44
109000225,36,7,29
109000226,84,21,63
109000227,528,140,388
109000228,0,0,0
109000231,0,25,-25
109000232,281,15,266
109000236,9,25,-16
109000241,515,164,351
109000242,403,110,293
109000293,2,25,-23
109000361,129,17,112
109000364,4,10,-6
109000396,0,47,-47
109000397,562,3,559
109000399,107,105,2
109000400,15,65,-50
109000403,2,599,-597
109000406,45,2,43
109000407,31,63,-32
109000408,0,42,-42
109000410,0,0,0
109000411,185,15,170
109000412,0,0,0
109900001,0,0,0
109900002,111,1,110
109900003,170,1,169
109900005,16,0,16
109900006,181,16,165
109900007,295,1,294
109900008,0,0,0
109900009,0,0,0
109900010,0,0,0
109900011,1,19,-18
109900012,27,18,9
109900013,48,28,20
109900014,31,3,28
109900015,32,4,28
109900016,33,1,32
109900017,43,24,19
109900018,23,1,22
109900019,34,0,34
109900020,3,1,2
109900021,2,0,2
109900022,150,20,130
109900023,9,0,9
109900024,6,0,6
109900025,0,0,0
109900027,0,1,-1
109900028,5,112,-107
109900029,0,9,-9
109900030,2,0,2
109900031,0,6,-6
109900032,0,0,0
109900033,0,9,-9
109900034,21,0,21
109900035,1,7,-6
109900036,0,0,0
109900037,0,0,0
109900038,0,2,-2
109900039,24,0,24
109900040,0,1,-1
109900041,3,1,2
109900042,0,0,0
109900044,19,5,14
109900045,5,0,5
109900046,121,5,116
109900047,25,24,1
109900048,0,1,-1
109900049,0,2,-2
109900050,0,0,0
109900051,0,0,0
109900052,0,7,-7
109900053,0,10,-10
109900054,262,7,255
109900055,18,7,11
109900056,0,0,0
109900057,0,4,-4
109900058,0,0,0
109900060,192,4,188
109900061,0,2,-2
109900062,0,0,0
109900064,45,18,27
109900065,1,1,0
109900066,0,8,-8
109900067,0,0,0
109900068,34,0,34
109900069,0,2,-2
109900071,0,0,0
109900072,0,2,-2
109900073,107,1,106
109900074,0,0,0
109900075,0,0,0
109900076,0,2,-2
109900077,2,40,-38
109900078,0,14,-14
109900080,10,5,5
109900081,0,4,-4
109900082,1,3,-2
109900083,0,0,0
109900084,0,0,0
109900085,2,7,-5
109900086,2,179,-177
109900087,9,25,-16
109900089,32,0,32
109900092,0,0,0
109900093,55,7,48
109900094,0,0,0
109900095,1,14,-13
109900096,85,0,85
109900097,38,0,38
109900098,46,1,45
109900099,243,3,240
109900100,0,0,0
109900101,270,0,270
109900102,0,0,0
109900103,0,4,-4
109900104,335,10,325
109900105,0,0,0
109900106,0,0,0
109900107,0,0,0
109900108,1,0,1
109900109,0,0,0
109900111,0,6,-6
109900114,76,24,52
109900115,5,28,-23
109900117,385,18,367
109900121,5,4,1
109900123,0,2,-2
109900125,0,26,-26
109900126,145,0,145
109900130,128,336,-208
109900131,1,2,-1
109900132,0,0,0
109900134,0,0,0
109900135,0,0,0
109900137,23,12,11
109900140,31,6,25
109900149,0,0,0
109900150,0,0,0
109900151,0,0,0
109900152,0,2,-2
109900153,0,22,-22
109900154,0,0,0
109900155,23,4,19
109900157,3,2,1
109900159,35,4,31
109900161,26,4,22
109900162,24,30,-6
109900163,112,36,76
109900164,59,59,0
109900165,57,0,57
109900166,0,26,-26
109900167,10,48,-38
109900168,35,23,12
109900169,0,0,0
109900170,4,228,-224
109900171,13,20,-7
109900172,18,40,-22
109900173,60,174,-114
109900174,0,2,-2
109900175,0,0,0
109900176,0,0,0
109900177,0,0,0
109900178,0,0,0
109900179,0,0,0
109900180,2,1,1
110000001,80,32,48
110000002,281,630,-349
110000003,86,152,-66
110000004,268,656,-388
110000005,137,855,-718
110000006,102,376,-274
110000007,22,7,15
110000008,8,6,2
110000009,0,7,-7
110000010,58,14,44
110000011,2,7,-5
110000012,49,64,-15
110000013,19,198,-179
110000014,151,38,113
110000015,16,220,-204
110000016,174,581,-407
110000017,893,204,689
110000018,139,70,69
110000019,3,19,-16
110000020,149,14,135
110000021,22,50,-28
110000022,95,2,93
110000023,3,31,-28
110000024,66,32,34
110000025,342,1,341
110000026,1,61,-60
110000027,113,235,-122
110000028,512,180,332
110000029,22,117,-95
110000030,91,257,-166
110000031,60,39,21
110000032,250,96,154
110000033,33,29,4
110000034,106,180,-74
110000035,156,169,-13
110000036,243,148,95
110000037,21,163,-142
110000038,56,109,-53
110000039,294,977,-683
110000040,110,52,58
110000041,199,873,-674
110000042,17,83,-66
110000043,239,153,86
110000044,1,28,-27
110000045,11,40,-29
110000046,16,5,11
110000047,3,9,-6
110000048,1,10,-9
110000049,1,28,-27
110000050,0,31,-31
110000051,3,7,-4
110000052,28,35,-7
110000053,1,5,-4
110000054,7,73,-66
110000055,32,43,-11
110000056,42,51,-9
110000057,52,58,-6
110000058,267,207,60
110000059,119,94,25
110000060,658,234,424
110000061,42,51,-9
110000062,453,195,258
110000063,27,73,-46
110000064,25,25,0
110000065,31,62,-31
110000066,32,7,25
110000067,2,26,-24
110000068,31,25,6
110000069,199,0,199
110000071,105,3,102
110000073,10,0,10
110000075,2,1,1
110000076,64,80,-16
110000077,36,178,-142
110000078,10,5,5
110000080,60,107,-47
110000081,9,70,-61
110000082,1,117,-116
110000083,64,84,-20
110000084,367,552,-185
110000085,333,234,99
110000086,342,682,-340
110000087,16,5,11
110000088,28,17,11
110000089,120,15,105
110000090,4,14,-10
110000091,66,11,55
110000092,1,0,1
110000093,48,11,37
110000094,163,16,147
110000095,61,190,-129
110000096,202,286,-84
110000097,245,560,-315
110000098,549,93,456
110000099,165,154,11
110000100,274,1,273
110000101,0,23,-23
110000102,38,13,25
110000104,137,69,68
110000105,34,30,4
110000106,59,237,-178
110000107,29,55,-26
110000108,67,102,-35
110000109,0,17,-17
110000110,433,1147,-714
110000111,609,816,-207
110000112,111,158,-47
110000113,17,490,-473
110000114,38,191,-153
110000115,121,35,86
110000116,21,21,0
110000117,108,19,89
110000118,217,19,198
110000119,69,29,40
110000120,83,11,72
110000121,3,118,-115
110000122,130,125,5
110000123,320,36,284
110000124,0,142,-142
110000125,257,0,257
110000126,95,1,94
110000127,437,5,432
110000128,0,49,-49
110000129,0,20,-20
110000130,144,28,116
110000131,3,43,-40
110000132,0,31,-31
110000133,0,82,-82
110000134,6,39,-33
110000135,112,26,86
110000136,23,29,-6
110000137,225,25,200
110000138,124,48,76
110000139,441,53,388
110000140,436,153,283
110000143,181,54,127
110000144,789,346,443
110000145,316,208,108
110000146,336,99,237
110000147,15,267,-252
110000148,190,25,165
110000151,56,192,-136
110000152,130,557,-427
110000153,0,0,0
110000154,0,0,0
110000155,221,265,-44
110000156,92,281,-189
110000157,168,519,-351
110000160,119,65,54
110000161,29,69,-40
110000166,230,0,230
110000167,500,214,286
110000168,301,197,104
110000169,279,75,204
110000170,48,36,12
110000171,205,18,187
110000172,50,96,-46
110000173,191,224,-33
110000174,41,70,-29
110000175,276,16,260
110000176,44,266,-222
110000177,35,348,-313
110000178,129,756,-627
110000179,201,189,12
110000180,9,118,-109
110000181,110,34,76
110000182,72,1,71
110000183,1929,2121,-192
110000184,54,1083,-1029
110000185,108,191,-83
110000186,37,97,-60
110000191,501,60,441
110000192,242,3,239
110000193,555,1,554
110000194,0,75,-75
110000195,223,8,215
110000196,135,4,131
110000197,20,22,-2
110000198,31,2,29
110000199,17,23,-6
110000200,152,51,101
110000201,267,280,-13
110000202,325,125,200
110000203,36,30,6
110000204,2,16,-14
110000205,104,14,90
110000206,47,22,25
110000207,790,9,781
110000208,17,32,-15
110000209,2,19,-17
110000210,835,93,742
110000211,364,140,224
110000212,86,414,-328
110000213,50,2,48
110000214,35,13,22
110000215,5,41,-36
110000216,13,44,-31
110000217,207,18,189
110000218,25,28,-3
110000219,155,29,126
110000220,3,12,-9
110000221,156,0,156
110000222,1,55,-54
110000223,3,14,-11
110000224,0,1,-1
110000225,33,72,-39
110000226,76,26,50
110000227,19,113,-94
110000228,33,2,31
110000229,0,13,-13
110000230,215,223,-8
110000231,91,61,30
110000232,18,54,-36
110000233,62,70,-8
110000234,83,86,-3
110000235,158,213,-55
110000236,0,0,0
110000237,328,93,235
110000238,383,184,199
110000239,469,192,277
110000240,0,1,-1
110000242,0,1,-1
110000243,19,7,12
110000244,2,11,-9
110000245,1,40,-39
110000246,237,69,168
110000247,163,216,-53
110000248,210,90,120
110000249,39,3,36
110000250,0,21,-21
110000251,53,66,-13
110000252,89,7,82
110000253,445,121,324
110000254,182,63,119
110000255,24,37,-13
110000256,90,49,41
110000257,55,2,53
110000258,0,39,-39
110000259,22,0,22
110000260,9,53,-44
110000263,115,16,99
110000264,192,91,101
110000265,549,214,335
110000266,560,455,105
110000267,0,0,0
110000268,39,0,39
110000269,0,0,0
110000270,16,0,16
110000271,329,4,325
110000272,191,124,67
110000273,95,141,-46
110000274,68,647,-579
110000275,213,86,127
110000276,45,240,-195
110000277,148,34,114
110000278,94,86,8
110000279,537,72,465
110000280,217,85,132
110000281,43,23,20
110000282,61,0,61
110000283,12,41,-29
110000284,0,2,-2
110000285,0,9,-9
110000286,0,0,0
110000287,36,0,36
110000288,0,0,0
110000289,95,857,-762
110000290,59,76,-17
110000291,201,231,-30
110000292,292,1243,-951
110000293,307,101,206
110000294,576,213,363
110000295,23,69,-46
110000296,221,22,199
110000297,481,17,464
110000298,0,21,-21
110000299,28,11,17
110000301,243,25,218
110000302,49,35,14
110000303,281,0,281
110000304,44,19,25
110000305,560,1,559
110000306,3,46,-43
110000307,568,0,568
110000308,148,2,146
110000309,1,104,-103
110000310,346,8,338
110000311,1,76,-75
110000312,140,13,127
110000313,298,140,158
110000314,0,43,-43
110000315,359,468,-109
110000316,2,220,-218
110000317,6,9,-3
110000318,0,11,-11
110000319,1,1,0
110000320,3,2,1
110000321,6,3,3
110000322,18,46,-28
110000323,133,56,77
110000324,91,58,33
110000325,722,1007,-285
110000327,80,17,63
110000328,1,12,-11
110000333,245,346,-101
110000334,26,69,-43
110000335,47,48,-1
110000336,41,69,-28
110000337,719,57,662
110000338,135,60,75
110000339,228,13,215
110000340,1,6,-5
110000341,207,2,205
110000342,19,0,19
110000343,0,0,0
110000344,0,6,-6
110000345,8,54,-46
110000346,696,300,396
110000347,798,155,643
110000348,0,1,-1
110000349,2,1,1
110000350,22,0,22
110000351,512,111,401
110000352,218,428,-210
110000353,796,93,703
110000354,121,902,-781
110000355,2,0,2
110000356,145,1,144
110000357,247,2,245
110000361,0,0,0
110000362,0,0,0
110000363,214,1,213
110000364,168,60,108
110000365,24,0,24
110000366,0,9,-9
110000367,37,24,13
110000368,0,2,-2
110000369,25,0,25
110000373,0,14,-14
110000374,2,19,-17
110000375,33,95,-62
110000376,26,32,-6
110000377,30,129,-99
110000378,0,44,-44
110000379,745,1130,-385
110000380,240,7,233
110000383,0,35,-35
110000384,260,4,256
110000385,0,17,-17
110000387,21,6,15
110000388,2,26,-24
110000389,467,1,466
110000391,255,4,251
110000396,23,6,17
110000397,67,7,60
110000398,0,18,-18
110000399,24,0,24
110000587,35,6,29
110000589,118,46,72
110000640,83,2,81
110000652,0,24,-24
110000653,41,31,10
110000654,1,0,1
110000656,0,0,0
110000674,0,0,0
110000675,0,0,0
110000676,0,0,0
110000679,10,14,-4
110000682,36,89,-53
110000683,178,139,39
110000684,0,0,0
110000685,0,5,-5
110000686,0,0,0
110000687,0,0,0
110000688,2,112,-110
110000689,41,1,40
110000692,3,27,-24
110000693,4,116,-112
110000694,0,0,0
110000695,6,25,-19
110000696,37,17,20
110000698,37,372,-335
110000699,26,56,-30
110900001,35,1,34
110900002,47,0,47
110900003,182,1,181
110900004,130,0,130
110900005,0,0,0
110900006,35,1,34
110900007,21,3,18
110900008,0,0,0
110900009,6,44,-38
110900010,0,0,0
110900011,8,1,7
110900012,0,0,0
110900013,189,2,187
110900014,66,0,66
110900015,6,167,-161
110900016,0,0,0
110900017,94,0,94
110900018,34,21,13
110900019,18,0,18
110900020,0,0,0
110900021,0,0,0
110900022,0,1,-1
110900023,1,46,-45
110900024,0,0,0
110900025,0,0,0
110900027,0,0,0
110900028,0,0,0
110900029,0,0,0
110900030,0,0,0
110900031,0,0,0
110900032,0,0,0
110900033,1,0,1
110900035,0,0,0
110900036,5,0,5
110900037,22,0,22
110900038,0,0,0
110900039,0,0,0
110900040,27,3,24
110900041,0,0,0
110900042,0,0,0
110900043,0,0,0
110900044,0,0,0
110900045,0,1,-1
110900046,0,0,0
110900047,0,0,0
110900049,4,5,-1
110900050,25,0,25
110900052,0,0,0
110900053,0,0,0
110900054,0,0,0
110900055,1,0,1
110900056,0,0,0
110900057,0,0,0
110900058,0,0,0
110900059,5,0,5
110900060,28,3,25
110900061,0,0,0
110900062,0,0,0
110900063,0,3,-3
110900064,1,0,1
110900065,5,35,-30
110900066,0,6,-6
110900067,0,0,0
110900068,0,0,0
110900069,0,0,0
110900070,0,0,0
110900071,1,5,-4
110900073,0,1,-1
110900074,106,0,106
110900075,35,16,19
110900077,178,33,145
110900078,0,0,0
110900079,174,223,-49
110900080,44,7,37
110900081,0,0,0
110900082,26,0,26
110900083,0,0,0
110900084,0,0,0
110900085,0,47,-47
110900086,11,21,-10
110900087,27,3,24
110900088,1,0,1
110900090,0,0,0
110900091,0,0,0
110900093,7,3,4
110900095,5,4,1
110900097,0,0,0
110900098,1,10,-9
110900099,0,34,-34
110900100,0,4,-4
110900102,23,34,-11
110900105,38,7,31
110900108,7,2,5
110900111,8,0,8
110900112,106,0,106
110900113,1,3,-2
110900115,0,0,0
110900116,152,51,101
110900118,3,388,-385
110900119,19,0,19
110900120,0,0,0
110900121,16,0,16
110900122,30,0,30
110900125,15,98,-83
110900127,0,0,0
110900128,40,57,-17
110900129,1,87,-86
110900130,8,159,-151
110900131,27,1,26
110900132,69,0,69
110900133,0,0,0
110900135,1,1,0
110900136,11,0,11
110900139,0,0,0
110900140,0,0,0
110900141,13,3,10
110900142,0,0,0
110900143,6,1,5
110900144,0,0,0
110900145,5,29,-24
110900146,19,6,13
110900147,0,0,0
110900148,0,0,0
110900149,0,0,0
110900150,1,6,-5
110900151,0,5,-5
110900152,2,5,-3
110900153,47,6,41
111000001,355,260,95
111000002,70,4,66
111000003,733,288,445
111000004,8,18,-10
111000005,397,690,-293
111000006,63,25,38
111000007,1054,1068,-14
111000008,91,95,-4
111000009,38,85,-47
111000010,422,276,146
111000011,4,318,-314
111000012,56,197,-141
111000013,34,354,-320
111000014,490,115,375
111000017,2,73,-71
111000018,10,14,-4
111000020,18,108,-90
111000021,11,47,-36
111000023,25,79,-54
111000025,171,271,-100
111000029,0,1,-1
111000030,0,0,0
111000031,596,298,298
111000032,323,95,228
111000033,79,17,62
111000034,10,52,-42
111000037,200,239,-39
111000038,486,198,288
111000039,322,317,5
111000040,368,289,79
111000041,56,124,-68
111000042,221,556,-335
111000043,901,908,-7
111000044,774,113,661
111000045,1110,426,684
111000046,536,358,178
111000047,1087,1942,-855
111000049,33,27,6
111000050,120,49,71
111000051,19,34,-15
111000052,27,31,-4
111000053,51,59,-8
111000054,44,47,-3
111000055,100,101,-1
111000056,4,26,-22
111000057,12,22,-10
111000058,202,9,193
111000059,194,54,140
111000060,2523,198,2325
111000061,193,62,131
111000062,562,69,493
111000063,682,239,443
111000064,610,105,505
111000065,787,208,579
111000066,287,67,220
111000067,184,29,155
111000068,47,17,30
111000069,98,96,2
111000070,83,74,9
111000071,16,11,5
111000072,674,238,436
111000073,108,509,-401
111000074,717,348,369
111000075,222,64,158
111000076,407,136,271
111000077,531,249,282
111000078,324,65,259
111000079,254,42,212
111000080,72,65,7
111000081,220,732,-512
111000082,282,66,216
111000084,158,166,-8
111000085,375,447,-72
111000086,458,212,246
111000087,325,150,175
111000088,445,413,32
111000089,341,210,131
111000090,189,222,-33
111000091,205,126,79
111000092,535,191,344
111000093,279,185,94
111000094,482,147,335
111000095,225,785,-560
111000096,258,2353,-2095
111000097,69,105,-36
111000098,86,66,20
111000099,61,101,-40
111000100,71,61,10
111000101,31,87,-56
111000102,2,17,-15
111000104,193,12,181
111000107,0,49,-49
111000109,146,19,127
111000110,304,92,212
111000111,1280,58,1222
111000112,714,39,675
111000113,272,661,-389
111000114,310,895,-585
111000115,845,211,634
111000116,119,37,82
111000117,67,41,26
111000118,215,55,160
111000119,548,54,494
111000120,158,113,45
111000121,116,107,9
111000122,129,125,4
111000123,246,273,-27
111000124,66,278,-212
111000125,6,81,-75
111000126,2,74,-72
111000127,389,6,383
111000128,1006,53,953
111000129,1451,71,1380
111000130,1393,100,1293
111000131,1083,65,1018
111000132,801,393,408
111000133,56,22,34
111000134,37,18,19
111000135,1,83,-82
111000136,406,35,371
111000138,0,2,-2
111000140,0,0,0
111000141,22,12,10
111000142,0,2,-2
111000143,0,2,-2
111000144,0,5,-5
111000145,30,0,30
111000146,46,0,46
111000147,31,1,30
111000148,24,2,22
111000149,0,30,-30
111000150,3,0,3
111000151,0,6,-6
111000153,77,21,56
111000154,32,25,7
111000155,63,17,46
111000156,281,93,188
111000157,92,166,-74
111000158,343,253,90
111000159,595,305,290
111000160,169,13,156
111000161,0,93,-93
111000162,3,1,2
111000163,64,65,-1
111000164,16,292,-276
111000165,159,29,130
111000166,35,21,14
111000167,0,38,-38
111000168,42,40,2
111000169,93,18,75
111000170,81,18,63
111000171,30,26,4
111000172,53,75,-22
111000173,63,74,-11
111000174,24,16,8
111000175,37,53,-16
111000176,146,16,130
111000177,262,26,236
111000178,761,32,729
111000179,235,16,219
111000180,64,116,-52
111000181,212,46,166
111000182,80,6,74
111000183,85,38,47
111000184,132,30,102
111000185,86,27,59
111000186,40,1,39
111000187,63,21,42
111000188,164,58,106
111000189,6,28,-22
111000190,2,17,-15
111000191,14,8,6
111000192,81,5,76
111000193,18,12,6
111000194,1,5,-4
111000195,1,38,-37
111000196,0,21,-21
111000197,292,16,276
111000198,262,2,260
111000199,187,37,150
111000200,329,49,280
111000201,205,27,178
111000202,205,11,194
111000203,222,33,189
111000204,143,479,-336
111000213,89,89,0
111000214,289,82,207
111000215,275,161,114
111000217,463,40,423
111000218,409,139,270
111000219,64,9,55
111000220,143,88,55
111000221,57,22,35
111000224,0,15,-15
111000225,399,314,85
111000226,7,2,5
111000227,0,0,0
111000228,0,366,-366
111000229,1,376,-375
111000230,70,34,36
111000231,339,39,300
111000232,292,155,137
111000233,269,90,179
111000234,13,134,-121
111000239,0,0,0
111000240,4,78,-74
111000241,0,0,0
111000242,14,32,-18
111000243,0,0,0
111000244,367,27,340
111000245,239,29,210
111000246,309,43,266
111000247,162,61,101
111000248,367,59,308
111000249,168,19,149
111000250,85,5,80
111000251,78,5,73
111000253,5,2,3
111000255,16,0,16
111000257,22,6,16
111000260,1,45,-44
111000261,366,8,358
111000271,2,36,-34
111000273,432,174,258
111000274,323,285,38
111000275,33,2,31
111000276,39,153,-114
111000277,84,25,59
111000278,214,18,196
111000291,544,3253,-2709
111000298,130,53,77
111000299,49,21,28
111000300,13,7,6
111000302,106,37,69
111000303,108,20,88
111000312,41,2,39
111000315,0,26,-26
111000320,47,47,0
111000321,160,19,141
111000322,162,42,120
111000323,127,6,121
111000324,130,37,93
111000325,1,26,-25
111000326,38,55,-17
111000327,148,97,51
111000328,53,104,-51
111000329,0,12,-12
111000330,15,1,14
111000331,2,2,0
111000332,118,109,9
111000334,33,74,-41
111000335,302,28,274
111000337,422,18,404
111000338,1,1,0
111000339,145,10,135
111000340,5,50,-45
111000341,467,147,320
111000342,1,23,-22
111000344,433,63,370
111000345,14,4,10
111000346,0,3,-3
111000347,66,1,65
111000350,45,81,-36
111000351,13,120,-107
111000352,12,17,-5
111000353,3,50,-47
111000354,62,25,37
111000355,10,93,-83
111000358,45,50,-5
111000360,66,22,44
111000361,15,3,12
111000546,88,1,87
111000547,111,65,46
111000548,5,14,-9
111000549,69,5,64
111000550,0,78,-78
111000551,12,30,-18
111000552,54,1,53
111000907,505,22,483
111000908,13,0,13
111000916,497,18,479
111000917,0,1,-1
111000918,21,35,-14
111000920,139,1,138
111000921,0,8,-8
111000922,62,2,60
111000924,0,64,-64
111000925,1892,506,1386
111000926,359,269,90
111000927,1049,986,63
111000928,565,441,124
111000929,1096,246,850
111000930,254,376,-122
111000931,1173,410,763
111000932,500,383,117
111000933,1599,973,626
111000934,166,344,-178
111000935,961,168,793
111000936,162,254,-92
111000937,511,343,168
111000938,316,213,103
111000939,284,0,284
111000940,265,9,256
111000941,87,26,61
111000943,259,87,172
111000944,39,45,-6
111000945,189,2,187
111001109,183,114,69
111001110,37,1,36
111001111,11,6,5
111001112,163,42,121
111001113,0,18,-18
111001114,80,42,38
111001115,0,0,0
111001116,320,1811,-1491
111001117,10,77,-67
111001120,54,4,50
111001121,2,22,-20
111001122,58,37,21
111001123,128,46,82
111001124,19,7,12
111001125,7,311,-304
111001126,4,1,3
111001127,0,0,0
111001128,335,59,276
111900001,0,0,0
111900002,0,20,-20
111900003,0,18,-18
111900004,0,23,-23
111900006,0,0,0
111900007,0,0,0
111900008,0,0,0
111900009,20,1,19
111900010,2,4,-2
111900012,0,0,0
111900013,5,4,1
111900014,164,1248,-1084
111900015,0,2,-2
111900016,0,0,0
111900017,0,0,0
111900018,38,2,36
111900019,1,25,-24
111900020,0,0,0
111900021,0,1,-1
111900022,0,0,0
111900023,43,17,26
111900024,93,8,85
111900025,0,5,-5
111900026,0,1,-1
111900027,0,0,0
111900028,0,0,0
111900029,0,2,-2
111900030,0,0,0
111900032,0,0,0
111900033,0,1,-1
111900034,0,0,0
111900035,0,0,0
111900036,0,0,0
111900038,0,0,0
111900039,0,0,0
111900040,0,0,0
111900042,0,0,0
111900043,0,0,0
111900044,0,0,0
111900046,0,0,0
111900048,104,18,86
111900049,0,0,0
111900050,0,0,0
111900051,0,2,-2
111900052,0,1,-1
111900053,39,461,-422
111900054,0,0,0
111900055,24,22,2
111900056,3,60,-57
111900057,23,12,11
111900058,205,6,199
111900059,97,34,63
111900060,0,0,0
111900061,0,3,-3
111900062,21,12,9
111900063,60,0,60
111900064,0,0,0
111900065,34,15,19
111900066,11,0,11
111900067,0,0,0
111900068,11,14,-3
111900069,34,0,34
111900070,15,1,14
111900071,0,0,0
111900072,22,7,15
111900073,35,1,34
111900074,0,0,0
111900075,109,0,109
111900076,27,1,26
111900077,25,0,25
111900078,8,0,8
111900079,27,16,11
111900080,0,0,0
111900082,217,8,209
111900083,13,0,13
111900084,96,1,95
111900085,0,0,0
111900086,148,1,147
111900087,9,0,9
111900088,90,1,89
111900089,38,0,38
111900090,0,0,0
111900091,415,2,413
111900092,65,0,65
111900093,93,1,92
111900094,46,0,46
111900095,0,0,0
111900096,181,2,179
111900097,61,0,61
111900098,73,1,72
111900099,18,0,18
111900100,0,0,0
111900101,1,0,1
111900102,75,0,75
111900103,0,0,0
111900104,1,1,0
111900105,4,2,2
111900106,78,16,62
111900110,0,0,0
111900111,38,16,22
111900112,0,0,0
111900113,28,4,24
111900118,34,1,33
111900119,0,4,-4
111900122,25,15,10
111900123,0,1,-1
111900124,5,3,2
111900125,26,0,26
111900126,21,0,21
111900127,0,0,0
111900128,0,0,0
111900129,54,1,53
111900130,0,0,0
111900131,13,0,13
111900132,0,0,0
111900133,0,0,0
111900134,0,0,0
111900135,0,0,0
111900136,0,0,0
111900137,7,1,6
111900138,0,24,-24
111900139,0,2,-2
111900140,25,4,21
111900141,5,3,2
111900142,20,1,19
111900143,4,0,4
111900144,0,0,0
111900145,0,0,0
111900146,0,0,0
111900147,0,0,0
111900148,0,0,0
111900149,0,0,0
111900150,0,0,0
111900151,0,0,0
111900152,0,0,0
111900153,0,0,0
111900154,0,0,0
111900155,0,0,0
111900156,0,0,0
111900157,0,0,0
111900158,0,0,0
111900159,0,0,0
111900160,0,0,0
111900161,2,0,2
111900162,0,0,0
111900163,0,0,0
111900164,0,0,0
111901113,63,1,62
111901114,6,0,6
111901115,0,0,0
111901116,0,0,0
111901117,0,0,0
111901118,0,0,0
111901119,0,0,0
111901121,0,0,0
111901122,27,0,27
111901123,133,0,133
111901124,0,0,0
111901125,280,97,183
111901127,0,0,0
111901128,0,0,0
111901129,0,0,0
111901130,0,0,0
111901131,0,69,-69
111901132,8,5,3
111901133,0,0,0
111901134,0,0,0
111901135,0,0,0
111901138,0,0,0
111901139,0,0,0
111901140,0,0,0
111901141,0,0,0
111901142,0,0,0
111901143,0,0,0
111901144,0,0,0
111901145,0,0,0
111901146,0,0,0
111901147,3,9,-6
111901148,1,3,-2
111901149,0,0,0
111901150,0,0,0
111901151,0,0,0
111901152,0,0,0
112000001,1330,558,772
112000002,155,204,-49
112000003,618,265,353
112000004,26,75,-49
112000005,2286,1590,696
112000006,137,53,84
112000007,1563,1039,524
112000008,1303,2040,-737
112000009,1411,406,1005
112000010,951,2479,-1528
112000011,649,256,393
112000012,1792,3987,-2195
112000013,545,335,210
112000014,139,2618,-2479
112000015,304,742,-438
112000016,383,1277,-894
112000017,139,483,-344
112000024,32,137,-105
112000026,287,389,-102
112000027,263,504,-241
112000028,276,71,205
112000029,86,415,-329
112000030,1,0,1
112000031,251,1554,-1303
112000032,5,1,4
112000033,277,1251,-974
112000034,1,1,0
112000035,1,22,-21
112000036,35,652,-617
112000037,32,88,-56
112000038,85,544,-459
112000039,88,29,59
112000040,5,5,0
112000041,51,182,-131
112000042,301,34,267
112000050,495,536,-41
112000051,728,758,-30
112000054,338,495,-157
112000057,41,18,23
112000058,15,170,-155
112000059,113,150,-37
112000061,275,174,101
112000062,72,400,-328
112000063,180,325,-145
112000064,518,396,122
112000065,263,67,196
112000066,628,684,-56
112000067,19,55,-36
112000068,977,786,191
112000069,11,118,-107
112000070,160,224,-64
112000071,196,87,109
112000072,742,190,552
112000073,117,145,-28
112000074,418,201,217
112000075,691,388,303
112000076,677,203,474
112000077,576,105,471
112000078,576,159,417
112000079,918,332,586
112000080,215,208,7
112000081,227,347,-120
112000082,455,495,-40
112000083,177,243,-66
112000084,415,303,112
112000085,585,106,479
112000086,1306,304,1002
112000087,163,64,99
112000088,311,105,206
112000089,64,44,20
112000090,49,65,-16
112000091,109,47,62
112000092,881,134,747
112000093,254,66,188
112000094,496,76,420
112000095,334,55,279
112000096,504,98,406
112000097,718,196,522
112000098,29,26,3
112000099,145,857,-712
112000100,965,100,865
112000101,20,40,-20
112000102,465,62,403
112000103,50,57,-7
112000105,64,39,25
112000106,1038,45,993
112000107,66,5,61
112000108,199,126,73
112000109,83,42,41
112000110,535,148,387
112000111,79,76,3
112000112,659,65,594
112000113,80,43,37
112000114,793,190,603
112000115,149,0,149
112000116,48,20,28
112000117,47,53,-6
112000118,134,40,94
112000119,44,106,-62
112000120,0,7,-7
112000121,31,46,-15
112000122,163,7,156
112000123,326,20,306
112000124,174,12,162
112000125,128,49,79
112000126,211,61,150
112000127,435,639,-204
112000128,29,343,-314
112000129,43,6,37
112000130,27,12,15
112000131,48,27,21
112000132,8,0,8
112000133,149,22,127
112000134,112,19,93
112000135,370,72,298
112000136,134,214,-80
112000137,553,199,354
112000138,149,162,-13
112000139,48,190,-142
112000140,19,86,-67
112000141,252,32,220
112000142,30,39,-9
112000143,565,10,555
112000144,32,42,-10
112000145,1276,93,1183
112000146,83,48,35
112000147,1158,328,830
112000148,130,69,61
112000149,211,61,150
112000150,3,23,-20
112000151,133,30,103
112000152,36,3,33
112000153,11,16,-5
112000154,76,1,75
112000155,11,18,-7
112000157,68,196,-128
112000158,89,21,68
112000159,99,36,63
112000167,2,2,0
112000169,134,507,-373
112000173,180,9,171
112000175,119,79,40
112000176,197,140,57
112000177,124,25,99
112000178,20,19,1
112000179,106,3,103
112000180,20,9,11
112000181,304,61,243
112000182,655,56,599
112000183,62,44,18
112000184,175,43,132
112000185,53,5,48
112000187,847,247,600
112000195,37,0,37
112000196,7,0,7
112000197,0,3,-3
112000198,0,4,-4
112000199,0,29,-29
112000202,154,0,154
112000216,5,30,-25
112000230,6,0,6
112000231,0,0,0
112000256,44,49,-5
112000313,15,3,12
112000314,0,1,-1
112000337,27,93,-66
112000352,3,13,-10
112000392,531,566,-35
112000398,502,236,266
112000399,339,2516,-2177
112000400,297,462,-165
112000401,343,460,-117
112000402,1168,2551,-1383
112000403,329,2024,-1695
112000404,342,630,-288
112000405,1546,1424,122
112000406,688,556,132
112000407,2716,1885,831
112000408,909,686,223
112000409,220,599,-379
112000410,0,0,0
112000411,163,22,141
112000412,0,0,0
112000413,41,306,-265
112000414,36,3,33
112000415,27,6,21
112000416,1075,363,712
112000417,116,98,18
112000421,37,2,35
112000422,21,27,-6
112000424,121,542,-421
112000425,14,16,-2
112000426,5,50,-45
112000427,0,0,0
112000428,32,35,-3
112000429,525,753,-228
112000430,705,1362,-657
112000431,55,59,-4
112000432,51,15,36
112000433,85,198,-113
112000437,58,52,6
112900001,50,0,50
112900002,115,3,112
112900003,42,1,41
112900004,21,0,21
112900005,31,0,31
112900007,42,2,40
112900008,0,0,0
112900009,22,0,22
112900010,7,0,7
112900011,0,0,0
112900012,0,0,0
112900013,0,0,0
112900014,0,0,0
112900015,1,15,-14
112900016,0,0,0
112900017,0,1,-1
112900018,0,1,-1
112900019,0,0,0
112900020,20,18,2
112900021,0,0,0
112900022,0,0,0
112900023,0,0,0
112900024,0,0,0
112900025,0,4,-4
112900026,1,0,1
112900027,0,0,0
112900028,0,0,0
112900029,39,1,38
112900030,3,0,3
112900031,0,0,0
112900032,0,0,0
112900034,0,0,0
112900035,0,0,0
112900036,0,0,0
112900037,0,0,0
112900038,67,0,67
112900039,0,0,0
112900040,0,0,0
112900041,4,37,-33
112900042,0,0,0
112900043,0,0,0
112900044,1,1,0
112900045,0,0,0
112900046,0,0,0
112900047,0,0,0
112900049,0,0,0
112900050,0,0,0
112900051,0,0,0
112900052,0,0,0
112900053,0,0,0
112900054,6,0,6
112900055,0,0,0
112900056,0,0,0
112900057,0,0,0
112900058,3,9,-6
112900059,0,0,0
112900060,0,0,0
112900061,0,0,0
112900062,0,0,0
112900063,0,0,0
112900064,0,0,0
112900065,0,0,0
112900066,2,40,-38
112900067,0,0,0
112900068,0,0,0
112900069,0,0,0
112900071,0,0,0
112900072,0,14,-14
112900073,51,16,35
112900074,0,0,0
112900075,26,1,25
112900076,0,0,0
112900078,0,0,0
112900079,0,0,0
112900080,0,0,0
112900081,0,3,-3
112900082,32,5,27
112900083,3,7,-4
112900084,0,0,0
112900086,0,0,0
112900087,17,0,17
112900088,30,0,30
112900089,86,0,86
112900090,0,2,-2
112900091,0,0,0
112900092,0,0,0
112900093,0,0,0
112900095,0,0,0
112900096,57,4,53
112900097,0,2,-2
112900098,3,0,3
112900099,199,3,196
112900100,5,0,5
112900101,0,0,0
112900102,0,0,0
112900103,0,0,0
112900104,0,0,0
112900105,0,0,0
112900106,5,0,5
112900107,0,0,0
112900108,0,0,0
112900109,10,1,9
112900110,0,0,0
112900111,0,0,0
112900112,0,0,0
112900113,0,0,0
112900114,0,0,0
112900115,400,2,398
112900116,7,0,7
112900117,0,0,0
112900118,0,0,0
112900119,0,0,0
112900120,0,0,0
112900121,0,0,0
112900122,0,0,0
112900123,0,0,0
112900124,0,0,0
112900125,0,1,-1
112900126,1,2,-1
112900127,0,0,0
112900128,0,0,0
112900129,0,6,-6
112900130,0,0,0
112900131,0,0,0
112900132,0,0,0
112900133,0,1,-1
112900134,0,6,-6
112900135,0,0,0
112900137,4,6,-2
112900138,0,0,0
112900139,0,0,0
112900141,133,0,133
112900142,0,0,0
112900143,0,0,0
112900144,0,0,0
112900145,0,0,0
112900146,0,0,0
112900147,0,0,0
112900148,0,0,0
112900149,0,0,0
112900151,0,0,0
112900152,88,6,82
112900153,2,44,-42
112900154,0,0,0
112900155,8,0,8
112900156,13,0,13
112900157,156,2,154
112900158,0,0,0
112900159,0,0,0
112900160,0,0,0
112900161,0,0,0
112900162,0,0,0
112900163,0,0,0
112900164,0,0,0
112900165,0,0,0
112900166,0,0,0
112900167,0,0,0
112900168,0,0,0
112900169,0,0,0
112900170,0,0,0
112900172,0,0,0
112900173,0,0,0
112900174,0,0,0
112900175,0,0,0
112900176,0,0,0
112900177,0,0,0
112900178,0,0,0
112900179,0,24,-24
112900180,169,8,161
112900181,0,0,0
112900182,0,0,0
112900183,0,0,0
112900184,18,10,8
112900185,0,4,-4
112900186,32,39,-7
112900187,0,0,0
112900188,20,41,-21
112900189,0,0,0
112900190,0,0,0
112900192,85,31,54
112900193,27,5,22
112900194,0,0,0
112900195,43,2,41
112900196,28,4,24
112900197,0,12,-12
112900199,50,0,50
112900200,2,0,2
112900201,9,1,8
112900202,0,13,-13
112900203,0,0,0
112900204,13,10,3
112900205,1,0,1
112900206,2,0,2
112900207,5,0,5
112900208,0,3,-3
112900209,0,0,0
112900210,0,0,0
112900211,0,0,0
112900212,0,0,0
112900213,0,0,0
112900214,0,0,0
112900215,0,0,0
112900216,0,0,0
112900217,0,0,0
112900218,53,0,53
112900219,0,0,0
112900220,1,0,1
112900221,0,0,0
112900222,0,0,0
112900223,132,0,132
112900224,51,0,51
112900225,0,0,0
112900226,0,0,0
112900227,155,4,151
112900228,14,0,14
112900229,0,0,0
112900230,141,75,66
112900232,0,1,-1
112900233,0,0,0
112900234,0,0,0
112900235,0,0,0
112900236,0,0,0
112900237,48,0,48
112900238,0,0,0
112900239,0,0,0
112900240,0,0,0
112900241,0,0,0
112900242,0,0,0
112900243,0,0,0
112900244,0,0,0
112900245,0,0,0
112900246,0,0,0
112900247,1,0,1
112900248,0,0,0
112900249,5,0,5
112900250,0,0,0
112900251,3,0,3
112900252,5,0,5
112900253,1,0,1
112900254,0,0,0
112900255,1,0,1
112900256,0,0,0
112900257,0,0,0
112900258,0,0,0
113000001,867,1032,-165
113000002,1179,1295,-116
113000003,281,468,-187
113000004,285,497,-212
113000005,250,206,44
113000006,137,689,-552
113000007,309,185,124
113000008,144,563,-419
113000009,234,202,32
113000010,336,157,179
113000011,194,86,108
113000012,498,99,399
113000013,34,105,-71
113000014,178,214,-36
113000015,23,74,-51
113000016,0,23,-23
113000017,1,11,-10
113000018,27,0,27
113000019,0,0,0
113000020,245,28,217
113000021,380,66,314
113000022,140,226,-86
113000025,15,26,-11
113000026,134,157,-23
113000027,76,163,-87
113000028,7,62,-55
113000029,154,261,-107
113000030,1,0,1
113000031,0,0,0
113000032,37,58,-21
113000033,61,50,11
113000034,0,2,-2
113000035,0,0,0
113000036,3,18,-15
113000037,0,0,0
113000038,20,8,12
113000039,0,13,-13
113000040,0,1,-1
113000042,99,192,-93
113000051,269,692,-423
113000052,204,95,109
113000053,104,33,71
113000054,38,373,-335
113000055,439,102,337
113000056,452,131,321
113000058,112,204,-92
113000059,240,117,123
113000060,79,128,-49
113000061,103,160,-57
113000062,76,33,43
113000063,92,22,70
113000064,65,34,31
113000065,94,64,30
113000066,327,72,255
113000067,579,103,476
113000068,190,130,60
113000069,121,134,-13
113000070,584,112,472
113000071,79,43,36
113000072,195,39,156
113000073,52,211,-159
113000074,186,78,108
113000075,476,101,375
113000076,71,589,-518
113000077,120,190,-70
113000078,96,198,-102
113000079,13,85,-72
113000080,74,98,-24
113000081,150,190,-40
113000082,134,28,106
113000083,145,354,-209
113000084,306,161,145
113000085,343,197,146
113000086,180,168,12
113000087,221,534,-313
113000088,174,160,14
113000089,291,738,-447
113000090,25,207,-182
113000091,17,1,16
113000094,381,126,255
113000095,97,3,94
113000096,46,5,41
113000097,171,62,109
113000098,4,5,-1
113000099,284,55,229
113000100,35,9,26
113000101,4,7,-3
113000102,64,57,7
113000103,432,104,328
113000104,310,658,-348
113000105,334,79,255
113000106,117,54,63
113000107,495,361,134
113000108,422,224,198
113000109,55,453,-398
113000110,389,171,218
113000111,33,81,-48
113000112,70,189,-119
113000113,314,237,77
113000114,2,162,-160
113000116,33,55,-22
113000117,71,13,58
113000118,8,130,-122
113000119,85,24,61
113000120,40,169,-129
113000121,76,47,29
113000124,89,30,59
113000125,1,358,-357
113000127,104,19,85
113000128,91,115,-24
113000129,0,0,0
113000133,162,1,161
113000134,9,424,-415
113000135,1207,1342,-135
113000137,229,785,-556
113000139,14,28,-14
113000140,3,2,1
113000141,11,36,-25
113000142,35,77,-42
113000143,102,103,-1
113000144,8,29,-21
113000145,59,8,51
113000146,0,0,0
113000147,1,0,1
113000148,100,21,79
113000149,91,66,25
113000150,5,0,5
113000151,0,0,0
113000152,3,67,-64
113000153,79,96,-17
113000154,44,326,-282
113000155,94,234,-140
113000156,44,30,14
113000157,27,56,-29
113000158,81,10,71
113000159,171,17,154
113000160,76,59,17
113000161,122,42,80
113000162,0,0,0
113000163,15,10,5
113000164,0,0,0
113000166,130,2,128
113000167,0,0,0
113000168,0,0,0
113000169,91,10,81
113000170,62,36,26
113000171,0,0,0
113000172,114,5,109
113000173,60,4,56
113000174,0,0,0
113000175,192,15,177
113000176,188,2,186
113000177,0,0,0
113000178,0,0,0
113000179,166,6,160
113000180,268,624,-356
113000181,450,439,11
113000182,3,20,-17
113000183,70,199,-129
113000184,0,0,0
113000189,16,94,-78
113000190,15,47,-32
113000192,205,812,-607
113000193,484,780,-296
113000194,134,575,-441
113000195,146,541,-395
113000196,104,124,-20
113000197,303,708,-405
113000198,18,92,-74
113000199,199,44,155
113000201,9,47,-38
113000202,742,112,630
113000203,21,8,13
113000204,82,786,-704
113000205,0,0,0
113000206,0,5,-5
113000207,0,0,0
113000208,6,11,-5
113000209,0,0,0
113000210,0,2,-2
113000211,8,67,-59
113000212,1,1,0
113000213,17,7,10
113000214,1,9,-8
113000234,3,46,-43
113000410,1,18,-17
113000411,375,657,-282
113000412,638,354,284
113000413,200,446,-246
113000414,513,2718,-2205
113000415,196,279,-83
113000416,297,350,-53
113000417,111,248,-137
113000418,1074,1173,-99
113000419,347,586,-239
113000420,775,1387,-612
113000421,1584,2360,-776
113000422,918,1869,-951
113000423,164,1028,-864
113000424,540,2300,-1760
113000425,1,46,-45
113000428,0,1,-1
113000430,0,0,0
113000432,682,36,646
113000433,7,120,-113
113000434,0,0,0
113000435,0,3,-3
113000436,0,11,-11
113000437,390,3,387
113000438,8,0,8
113000439,0,0,0
113000440,28,6,22
113000441,119,38,81
113000442,0,0,0
113000443,39,8,31
113000444,0,0,0
113000445,21,24,-3
113000446,0,0,0
113000448,0,0,0
113000449,1,361,-360
113000450,14,555,-541
113000451,0,0,0
113000452,38,135,-97
113000453,0,0,0
113000454,44,56,-12
113000455,0,0,0
113000456,55,37,18
113000468,151,5,146
113000469,3,18,-15
113000470,61,13,48
113000471,2,65,-63
113000472,2,9,-7
113000474,651,467,184
113000475,320,532,-212
113000476,558,925,-367
113000477,1515,641,874
113000478,1147,1089,58
113000479,2,7,-5
113000485,0,0,0
113000486,0,0,0
113000487,0,0,0
113000488,0,0,0
113000489,0,0,0
113000490,0,0,0
113000491,0,0,0
113000492,0,0,0
113000493,0,0,0
113000495,0,0,0
113000496,31,45,-14
113900001,0,0,0
113900002,0,0,0
113900003,0,0,0
113900004,0,0,0
113900005,0,0,0
113900006,0,0,0
113900007,0,0,0
113900008,0,0,0
113900009,0,0,0
113900010,0,0,0
113900011,0,0,0
113900012,0,0,0
113900013,0,0,0
113900014,101,0,101
113900015,0,0,0
113900016,0,0,0
113900017,0,0,0
113900018,0,0,0
113900019,0,0,0
113900020,61,0,61
113900022,12,0,12
113900023,0,0,0
113900024,0,0,0
113900025,36,0,36
113900026,0,0,0
113900027,0,0,0
113900028,0,0,0
113900029,0,0,0
113900030,36,1,35
113900031,1,0,1
113900032,0,0,0
113900033,0,0,0
113900035,0,0,0
113900036,0,0,0
113900037,0,0,0
113900038,0,0,0
113900039,64,0,64
113900040,0,0,0
113900041,0,0,0
113900042,0,0,0
113900043,0,0,0
113900044,7,19,-12
113900045,0,0,0
113900046,0,0,0
113900047,0,0,0
113900048,0,0,0
113900049,0,0,0
113900050,2,0,2
113900051,0,0,0
113900052,1,1,0
113900053,51,93,-42
113900054,0,0,0
113900055,0,0,0
113900056,0,0,0
113900057,0,0,0
113900058,0,0,0
113900059,0,0,0
113900060,0,1,-1
113900061,25,19,6
113900062,0,0,0
113900063,0,0,0
113900064,0,0,0
113900065,144,3,141
113900066,0,0,0
113900067,11,2,9
113900068,47,117,-70
113900069,0,0,0
113900070,0,0,0
113900071,0,0,0
113900072,0,0,0
113900073,64,76,-12
113900074,37,12,25
113900075,52,217,-165
113900076,0,0,0
113900077,0,0,0
113900078,0,0,0
113900079,0,0,0
113900080,2,1,1
113900081,0,0,0
113900082,0,0,0
113900083,32,9,23
113900084,3,0,3
113900085,0,0,0
113900086,0,0,0
113900087,0,0,0
113900088,0,0,0
113900089,117,6,111
113900090,14,7,7
113900091,0,0,0
113900092,0,0,0
113900093,0,0,0
113900094,5,5,0
113900095,4,4,0
113900096,0,0,0
113900097,0,0,0
113900098,208,9,199
113900099,0,0,0
113900100,0,0,0
113900101,0,0,0
113900102,0,0,0
113900103,2,19,-17
113900104,29,28,1
113900105,3,0,3
113900106,0,0,0
113900107,0,0,0
113900108,0,0,0
113900109,0,0,0
113900110,0,0,0
113900111,0,0,0
113900112,11,0,11
113900113,9,7,2
113900114,0,0,0
113900115,0,0,0
113900116,0,0,0
113900117,0,0,0
113900118,1,11,-10
113900119,0,28,-28
113900120,0,0,0
113900121,0,0,0
113900122,3,738,-735
113900123,1,0,1
113900124,0,0,0
113900125,30,0,30
113900126,0,0,0
113900127,0,0,0
113900128,0,0,0
113900129,0,24,-24
113900130,0,0,0
113900131,0,0,0
113900132,0,0,0
113900133,0,0,0
113900135,2,0,2
113900136,0,0,0
113900137,0,1,-1
113900138,0,0,0
113900139,0,0,0
113900140,5,43,-38
113900141,0,0,0
113900142,0,0,0
113900143,0,0,0
113900144,15,10,5
113900145,0,0,0
113900146,0,0,0
113900148,0,0,0
113900149,0,0,0
113900150,17,4,13
113900151,0,0,0
113900152,0,4,-4
113900153,0,0,0
113900154,0,0,0
113900155,0,0,0
113900156,0,0,0
113900157,0,7,-7
113900158,0,0,0
113900159,0,0,0
113900160,0,0,0
113900161,0,0,0
113900162,0,10,-10
113900163,0,0,0
113900164,4,0,4
113900165,0,0,0
113900166,0,0,0
113900167,0,0,0
113900168,0,0,0
113900169,0,0,0
113900171,0,0,0
113900172,0,0,0
113900173,1,4,-3
113900174,0,0,0
113900175,49,4,45
113900176,0,0,0
113900177,3,1,2
113900178,0,0,0
113900179,0,34,-34
113900180,8,2,6
113900181,89,0,89
113900182,0,0,0
113900183,0,4,-4
113900184,0,44,-44
113900185,1,3,-2
113900186,0,0,0
113900187,0,3,-3
113900188,0,0,0
113900189,0,0,0
113900190,0,0,0
113900191,0,0,0
113900192,0,0,0
113900193,0,0,0
113900194,13,13,0
113900195,0,0,0
113900196,0,0,0
113900197,1,0,1
113900198,0,0,0
113900199,0,1,-1
113900200,0,0,0
113900201,0,2,-2
113900202,0,0,0
113900203,0,4,-4
113900204,0,0,0
113900205,0,0,0
113900206,0,0,0
113900207,0,0,0
113900208,0,0,0
113900209,0,0,0
113900210,0,0,0
113900211,0,0,0
113900212,71,1,70
113900214,16,2,14
113900215,100,1,99
113900216,0,0,0
113900217,0,0,0
113900218,0,0,0
113900219,0,0,0
113900220,0,0,0
113900221,3,22,-19
113900222,0,0,0
113900223,0,0,0
113900224,0,0,0
113900225,5,3,2
113900226,2,11,-9
113900227,12,1,11
113900228,0,0,0
113900229,0,19,-19
113900230,101,0,101
113900231,0,0,0
113900232,0,0,0
113900233,0,0,0
113900234,0,0,0
113900235,0,0,0
113900236,66,3,63
113900237,0,0,0
113900238,1,26,-25
113900239,0,0,0
113900240,0,0,0
113900241,0,0,0
113900242,0,0,0
113900243,0,17,-17
113900244,5,0,5
113900245,3,0,3
113900246,0,8,-8
113900247,10,82,-72
113900248,0,0,0
113900249,2,44,-42
113900250,1,18,-17
113900251,170,0,170
113900252,139,1,138
113900253,97,4,93
113900254,81,7,74
113900255,216,1,215
113900256,141,3,138
113900257,0,36,-36
113900258,0,33,-33
113900259,100,4,96
113900260,146,2,144
113900261,1,4,-3
113900262,63,3,60
113900263,0,1,-1
113900264,0,0,0
113900265,0,0,0
113900266,9,0,9
113900267,0,0,0
113900268,1,55,-54
113900269,0,0,0
113900270,0,0,0
113900271,0,0,0
113900273,0,0,0
113900274,3,0,3
113900275,0,0,0
113900276,3,1,2
113900277,39,0,39
113900278,0,0,0
113900279,0,0,0
113900280,6,2,4
113900281,1,72,-71
113900282,0,0,0
113900283,0,0,0
113900284,216,89,127
113900285,0,0,0
113900286,0,0,0
113900287,0,0,0
113900288,0,0,0
113900289,0,0,0
113900290,0,0,0
113900291,0,0,0
113900292,0,0,0
113900293,0,0,0
113900294,137,2,135
113900295,6,60,-54
113900296,60,10,50
113900297,181,1,180
113900298,0,0,0
113900299,0,0,0
113900300,260,22,238
113900301,32,0,32
113900302,13,1,12
113900303,0,0,0
113900304,0,0,0
113900305,31,0,31
113900306,0,0,0
113900307,0,0,0
113900308,0,0,0
113900309,0,4,-4
113900310,0,0,0
113900311,5,1,4
113900312,0,0,0
113900313,0,0,0
113900314,0,0,0
113900315,0,0,0
114000001,266,233,33
114000002,34,74,-40
114000003,12,54,-42
114000004,51,33,18
114000005,43,13,30
114000006,295,257,38
114000007,156,105,51
114000008,102,253,-151
114000009,160,131,29
114000011,1032,236,796
114000012,1465,139,1326
114000013,772,238,534
114000014,86,40,46
114000015,233,26,207
114000016,4,31,-27
114000017,6,120,-114
114000018,2,20,-18
114000026,828,279,549
114000027,1088,644,444
114000028,504,1078,-574
114000038,22,5,17
114000039,0,0,0
114000040,68,58,10
114000042,35,48,-13
114000043,123,22,101
114000044,75,27,48
114000045,28,2,26
114000046,323,513,-190
114000047,15,41,-26
114000048,23,40,-17
114000049,388,265,123
114000050,291,187,104
114000051,544,637,-93
114000052,503,854,-351
114000053,95,155,-60
114000054,32,261,-229
114000055,1,1,0
114000056,3,59,-56
114000057,380,427,-47
114000058,1,32,-31
114000059,0,15,-15
114000060,27,130,-103
114000061,444,1059,-615
114000062,56,377,-321
114000063,111,120,-9
114000064,213,228,-15
114000065,130,263,-133
114000066,238,351,-113
114000067,23,152,-129
114000068,39,94,-55
114000069,93,23,70
114000070,698,495,203
114000071,64,16,48
114000072,68,5,63
114000073,27,21,6
114000074,3,6,-3
114000075,16,0,16
114000076,8,3,5
114000077,1,1,0
114000078,12,27,-15
114000079,6,2,4
114000080,11,28,-17
114000081,11,61,-50
114000082,6,53,-47
114000083,0,0,0
114000084,70,30,40
114000085,17,12,5
114000086,3,12,-9
114000087,0,0,0
114000088,46,8,38
114000089,38,16,22
114000090,187,292,-105
114000091,238,246,-8
114000092,96,62,34
114000093,245,95,150
114000094,194,100,94
114000095,23,144,-121
114000096,21,32,-11
114000097,8,15,-7
114000098,250,47,203
114000099,254,19,235
114000100,1073,49,1024
114000101,140,26,114
114000102,130,72,58
114000103,69,47,22
114000104,0,16,-16
114000105,2,8,-6
114000106,94,224,-130
114000107,99,10,89
114000108,25,22,3
114000109,379,610,-231
114000110,7,21,-14
114000111,870,297,573
114000112,0,23,-23
114000113,820,67,753
114000114,19,16,3
114000115,896,206,690
114000116,533,1501,-968
114000117,1562,125,1437
114000118,1390,104,1286
114000119,1445,180,1265
114000120,157,121,36
114000121,0,0,0
114000122,98,51,47
114000123,713,95,618
114000124,388,48,340
114000125,239,313,-74
114000126,589,40,549
114000127,31,22,9
114000128,230,51,179
114000130,145,142,3
114000131,55,12,43
114000132,84,48,36
114000133,52,60,-8
114000134,0,0,0
114000138,0,0,0
114000139,85,125,-40
114000144,145,182,-37
114000145,0,0,0
114000146,0,0,0
114000147,582,1005,-423
114000148,208,367,-159
114000149,24,66,-42
114000150,17,65,-48
114000151,123,814,-691
114000152,1,1,0
114000153,58,296,-238
114000154,95,62,33
114000155,380,706,-326
114000156,259,321,-62
114000157,65,330,-265
114000158,31,28,3
114000159,35,8,27
114000160,4,21,-17
114000161,238,530,-292
114000162,655,1020,-365
114000163,0,0,0
114000165,67,229,-162
114000166,86,58,28
114000167,742,335,407
114000168,39,2,37
114000169,279,461,-182
114000170,536,166,370
114000171,587,2540,-1953
114000174,9,0,9
114000176,6,2,4
114000177,11,6,5
114000178,61,30,31
114000179,414,320,94
114000180,13,6,7
114000181,319,1469,-1150
114000182,161,378,-217
114000183,73,64,9
114000184,154,47,107
114000185,467,433,34
114000189,647,19,628
114000190,1720,334,1386
114000191,40,113,-73
114000192,0,0,0
114000193,0,0,0
114000194,572,285,287
114000195,188,40,148
114000196,0,0,0
114000197,1018,1,1017
114000198,0,0,0
114000199,2,25,-23
114000200,122,28,94
114000201,18,42,-24
114000202,317,190,127
114000203,192,206,-14
114000204,0,0,0
114000205,8,77,-69
114000206,8,90,-82
114000207,61,80,-19
114000208,57,13,44
114000209,31,84,-53
114000210,8,137,-129
114000211,1083,410,673
114000212,315,375,-60
114000213,1011,327,684
114000214,6,0,6
114000215,28,0,28
114000216,339,93,246
114000217,267,85,182
114000218,54,7,47
114000219,334,21,313
114000220,0,4,-4
114000221,502,29,473
114000222,28,67,-39
114000223,380,40,340
114000224,8,80,-72
114000225,83,40,43
114000226,139,19,120
114000227,659,206,453
114000228,481,104,377
114000229,402,267,135
114000230,1008,218,790
114000231,495,240,255
114000232,549,91,458
114000233,1100,17,1083
114000234,776,347,429
114000235,510,234,276
114000236,0,0,0
114000237,87,87,0
114000238,94,257,-163
114000239,47,102,-55
114000240,389,328,61
114000241,114,92,22
114000242,163,104,59
114000243,1025,467,558
114000244,276,94,182
114000245,98,77,21
114000246,0,0,0
114000247,368,199,169
114000248,648,330,318
114000249,638,153,485
114000250,328,22,306
114000251,189,9,180
114000252,0,2,-2
114000253,11,16,-5
114000254,0,0,0
114000255,4,110,-106
114000256,45,187,-142
114000257,77,164,-87
114000258,68,14,54
114000259,0,2,-2
114000260,0,0,0
114000261,20,8,12
114000262,0,0,0
114000263,3,0,3
114000264,126,37,89
114000265,0,0,0
114000267,0,306,-306
114000268,0,0,0
114000270,109,7,102
114000271,52,43,9
114000283,436,29,407
114000285,0,0,0
114000288,1,0,1
114000289,175,23,152
114000293,57,14,43
114000294,79,184,-105
114000395,444,20,424
114000396,148,54,94
114000402,255,93,162
114000403,173,42,131
114000405,137,47,90
114000423,165,25,140
114000424,177,128,49
114000425,402,84,318
114000426,165,376,-211
114000427,50,5,45
114000428,25,29,-4
114000429,24,4,20
114000432,38,5,33
114000434,4,4,0
114000435,0,0,0
114900001,193,55,138
114900002,37,3,34
114900003,128,39,89
114900004,12,58,-46
114900005,60,27,33
114900006,0,8,-8
114900007,25,1,24
114900008,29,12,17
114900010,33,36,-3
114900011,75,4,71
114900013,15,14,1
114900018,25,1,24
114900020,4,1,3
114900022,12,35,-23
114900025,125,10,115
114900026,40,3,37
114900029,10,1,9
114900030,76,5,71
114900031,65,0,65
114900032,76,0,76
114900034,0,0,0
114900035,1,9,-8
114900036,107,29,78
114900039,0,0,0
114900040,0,0,0
114900041,0,0,0
114900042,0,0,0
114900044,4,2,2
114900047,0,0,0
114900048,0,0,0
114900049,0,0,0
114900050,0,0,0
114900051,0,0,0
114900052,0,0,0
114900053,0,0,0
114900054,0,0,0
114900057,32,1,31
114900058,0,0,0
114900059,8,0,8
114900063,0,0,0
114900064,0,0,0
114900065,0,0,0
114900067,0,0,0
114900068,0,0,0
114900069,0,0,0
114900070,108,19,89
114900072,0,0,0
114900073,0,0,0
114900074,105,0,105
114900075,45,2,43
114900076,0,0,0
114900080,71,38,33
114900082,355,7,348
114900083,0,0,0
114900090,28,34,-6
114900091,0,0,0
114900097,11,0,11
114900098,0,1,-1
114900099,4,0,4
115000001,522,450,72
115000002,1521,2487,-966
115000003,448,167,281
115000004,1881,2850,-969
115000005,89,92,-3
115000006,423,566,-143
115000007,128,140,-12
115000008,145,92,53
115000009,199,241,-42
115000010,64,93,-29
115000013,0,0,0
115000015,0,0,0
115000016,3,246,-243
115000019,61,101,-40
115000020,19,69,-50
115000021,0,22,-22
115000022,3,7,-4
115000023,148,276,-128
115000024,1,1,0
115000025,301,127,174
115000026,0,0,0
115000027,176,54,122
115000028,0,0,0
115000029,454,17,437
115000030,0,15,-15
115000031,247,25,222
115000032,0,0,0
115000033,65,0,65
115000034,0,0,0
115000035,316,3,313
115000036,0,0,0
115000037,187,5,182
115000038,30,327,-297
115000039,800,909,-109
115000040,710,434,276
115000041,359,1276,-917
115000042,204,70,134
115000043,978,634,344
115000044,491,227,264
115000045,554,143,411
115000046,1424,545,879
115000047,1516,342,1174
115000048,381,297,84
115000049,176,571,-395
115000050,1583,463,1120
115000051,667,1899,-1232
115000052,260,351,-91
115000053,885,1773,-888
115000054,124,104,20
115000055,10,104,-94
115000056,29,72,-43
115000057,64,249,-185
115000058,19,92,-73
115000059,4,150,-146
115000061,52,54,-2
115000062,15,8,7
115000063,10,4,6
115000064,119,27,92
115000065,0,2,-2
115000067,74,10,64
115000069,0,1,-1
115000070,1,52,-51
115000071,55,7,48
115000072,0,0,0
115000073,380,73,307
115000075,29,19,10
115000076,455,328,127
115000077,513,286,227
115000078,495,201,294
115000079,328,214,114
115000080,1041,256,785
115000081,28,15,13
115000082,1657,1334,323
115000083,639,200,439
115000084,1803,148,1655
115000085,201,117,84
115000086,644,75,569
115000087,108,319,-211
115000088,683,219,464
115000089,66,70,-4
115000090,122,113,9
115000091,205,165,40
115000092,374,166,208
115000093,317,0,317
115000094,1526,2728,-1202
115000095,705,2166,-1461
115000096,357,205,152
115000097,594,501,93
115000098,737,53,684
115000099,1183,265,918
115000100,951,150,801
115000101,22,54,-32
115000102,271,146,125
115000103,125,78,47
115000105,31,4,27
115000106,251,189,62
115000107,15,17,-2
115000108,270,263,7
115000109,915,1797,-882
115000110,588,402,186
115000111,58,353,-295
115000112,134,75,59
115000113,123,215,-92
115000114,140,87,53
115000116,241,279,-38
115000117,306,176,130
115000118,425,621,-196
115000119,398,244,154
115000120,73,891,-818
115000121,127,172,-45
115000122,191,158,33
115000123,121,1233,-1112
115000124,89,217,-128
115000125,99,437,-338
115000126,25,243,-218
115000127,51,20,31
115000128,30,189,-159
115000129,31,64,-33
115000130,123,20,103
115000131,192,52,140
115000132,127,22,105
115000133,196,12,184
115000134,128,20,108
115000135,33,12,21
115000136,61,62,-1
115000137,1,12,-11
115000138,205,59,146
115000139,16,42,-26
115000140,256,37,219
115000141,35,3,32
115000142,24,6,18
115000143,547,241,306
115000144,160,17,143
115000145,25,14,11
115000146,178,114,64
115000147,50,47,3
115000148,70,101,-31
115000149,85,132,-47
115000150,137,36,101
115000151,427,105,322
115000152,123,87,36
115000153,365,112,253
115000154,236,93,143
115000155,48,80,-32
115000156,155,445,-290
115000157,37,60,-23
115000158,18,110,-92
115000159,37,63,-26
115000160,92,68,24
115000161,85,161,-76
115000162,534,484,50
115000163,117,61,56
115000164,15,105,-90
115000165,147,294,-147
115000167,141,17,124
115000168,115,117,-2
115000169,3,25,-22
115000170,0,1,-1
115000171,140,220,-80
115000172,16,31,-15
115000173,52,82,-30
115000174,5,154,-149
115000175,0,2,-2
115000176,7,37,-30
115000177,0,1,-1
115000178,0,2,-2
115000179,3,12,-9
115000180,0,22,-22
115000181,338,11,327
115000182,526,54,472
115000183,0,9,-9
115000186,139,9,130
115000187,34,23,11
115000188,150,86,64
115000189,37,17,20
115000190,186,20,166
115000191,10,21,-11
115000194,0,0,0
115000195,60,44,16
115000196,72,21,51
115000197,58,51,7
115000198,272,14,258
115000199,61,50,11
115000200,121,24,97
115000201,42,10,32
115000206,267,0,267
115000207,0,0,0
115000208,20,11,9
115000209,324,74,250
115000210,65,10,55
115000211,38,17,21
115000212,129,8,121
115000224,15,3,12
115000225,15,9,6
115000229,27,5,22
115000230,6,9,-3
115000231,234,113,121
115000232,1223,109,1114
115000233,6,11,-5
115000234,0,5,-5
115000241,7,3,4
115000242,30,2,28
115000243,5,3,2
115000244,19,3,16
115000246,1,0,1
115000247,0,0,0
115000248,0,0,0
115000249,0,0,0
115000250,86,1,85
115000251,56,10,46
115000252,4,33,-29
115000253,1,82,-81
115000258,143,24,119
115000259,23,2,21
115000261,21,2,19
115000262,0,5,-5
115000263,0,7,-7
115000264,0,0,0
115000267,4,9,-5
115000268,0,0,0
115000269,22,0,22
115000270,3,23,-20
115000272,47,8,39
115000273,66,1,65
115000280,110,436,-326
115000281,0,0,0
115000282,84,297,-213
115000284,4,10,-6
115000296,117,2,115
115000297,9,322,-313
115000298,0,1,-1
115000300,90,3,87
115000302,361,35,326
115000303,356,25,331
115000304,237,11,226
115000305,4,43,-39
115000306,10,5,5
115000307,10,2,8
115000308,0,0,0
115000310,387,81,306
115000311,532,196,336
115000313,0,13,-13
115000314,132,34,98
115000315,5,58,-53
115000316,8,16,-8
115000317,32,3,29
115000318,367,27,340
115000319,0,6,-6
115000320,1,29,-28
115000321,84,11,73
115000322,0,4,-4
115000449,2,18,-16
115000557,0,0,0
115000558,64,26,38
115000587,189,126,63
115000588,65,73,-8
115000589,1163,945,218
115000590,23,25,-2
115000591,311,142,169
115000592,32,30,2
115000593,510,235,275
115000594,26,29,-3
115000609,67,56,11
115000617,8,371,-363
115000624,49,0,49
115000633,152,136,16
115000634,1071,217,854
115000635,234,73,161
115000638,1,35,-34
115000641,1,6,-5
115000642,69,6,63
115000643,0,0,0
115000644,0,0,0
115000646,149,236,-87
115000647,21,41,-20
115000648,817,52,765
115000893,523,436,87
115000894,0,3,-3
115000895,2,3,-1
115000896,219,253,-34
115000897,101,22,79
115000898,89,119,-30
115000899,2,42,-40
115000900,0,106,-106
115000901,0,0,0
115000912,107,57,50
115000913,0,2,-2
115000915,0,0,0
115000916,9,7,2
115000917,0,14,-14
115000918,2,276,-274
115000919,0,8,-8
115000920,0,0,0
115000921,0,0,0
115000922,112,386,-274
115000923,1,10,-9
115000925,6,8,-2
115000927,0,25,-25
115000933,1,42,-41
115000934,5,10,-5
115000935,16,10,6
115000936,0,277,-277
115000937,32,80,-48
115000938,11,20,-9
115000939,9,16,-7
115000940,0,1,-1
115000941,0,15,-15
115000942,0,70,-70
115000943,0,0,0
115000944,0,0,0
115900001,73,0,73
115900002,0,0,0
115900003,11,4,7
115900004,0,0,0
115900005,11,1,10
115900006,0,1,-1
115900008,12,0,12
115900009,0,0,0
115900010,165,17,148
115900011,69,1,68
115900012,17,0,17
115900013,64,4,60
115900014,5,0,5
115900015,21,0,21
115900016,18,2,16
115900017,0,8,-8
115900018,14,1,13
115900019,0,0,0
115900020,40,20,20
115900021,40,0,40
115900022,23,1,22
115900023,0,0,0
115900025,0,1,-1
115900026,51,8,43
115900027,0,0,0
115900028,25,19,6
115900029,30,13,17
115900030,0,2,-2
115900031,0,11,-11
115900032,20,12,8
115900033,0,0,0
115900034,0,22,-22
115900035,0,0,0
115900036,3,134,-131
115900037,0,1,-1
115900038,0,0,0
115900039,23,0,23
115900041,19,47,-28
115900042,2,0,2
115900043,8,2,6
115900044,39,44,-5
115900046,113,9,104
115900047,0,22,-22
115900049,18,17,1
115900051,0,0,0
115900052,0,0,0
115900053,46,1,45
115900054,44,0,44
115900055,0,0,0
115900056,33,5,28
115900057,0,0,0
115900058,0,0,0
115900060,0,12,-12
115900061,41,0,41
115900062,6,28,-22
115900063,0,0,0
115900064,1,3,-2
115900065,11,2,9
115900066,2,0,2
115900067,0,1,-1
115900068,1,0,1
115900069,0,1,-1
115900070,5,0,5
115900071,0,0,0
115900072,0,34,-34
115900073,6,28,-22
115900074,0,0,0
115900075,5,4,1
115900076,0,0,0
115900077,0,0,0
115900078,1,4,-3
115900079,90,0,90
115900080,2,1,1
115900081,27,18,9
115900082,25,2,23
115900084,48,0,48
115900085,0,0,0
115900086,111,5,106
115900088,0,0,0
115900089,170,3,167
115900090,158,0,158
115900091,0,0,0
115900092,0,0,0
115900093,0,0,0
115900094,0,0,0
115900096,0,0,0
115900097,0,0,0
115900098,2,0,2
115900099,1,0,1
115900100,0,22,-22
115900101,0,0,0
115900102,7,0,7
115900103,3,0,3
115900104,15,0,15
115900105,44,1,43
115900106,0,0,0
115900107,31,0,31
115900108,0,0,0
115900109,0,63,-63
115900110,0,0,0
115900111,0,0,0
115900112,0,116,-116
115900113,0,0,0
115900114,0,0,0
115900115,0,0,0
115900116,12,94,-82
115900117,0,0,0
115900118,0,0,0
115900119,0,0,0
115900120,0,1,-1
115900121,9,1,8
115900124,51,183,-132
115900125,66,2,64
115900126,103,0,103
115900127,283,0,283
115900128,0,0,0
115900129,33,0,33
115900130,0,21,-21
115900131,87,2,85
115900132,175,0,175
115900134,46,0,46
115900135,75,47,28
115900137,4,0,4
115900139,0,0,0
115900140,59,0,59
115900141,0,0,0
115900142,0,0,0
115900143,0,0,0
115900144,0,0,0
115900146,23,2,21
115900147,43,50,-7
115900148,3,0,3
115900149,9,3,6
115900150,12,0,12
115900151,1,0,1
115900152,0,12,-12
115900153,19,2,17
115900154,5,48,-43
115900155,0,0,0
115900156,19,23,-4
115900157,44,35,9
115900158,0,0,0
115900159,19,5,14
115900160,0,0,0
115900161,0,4,-4
115900163,74,2,72
115900164,188,3,185
115900166,6,3,3
115900168,0,0,0
115900171,20,32,-12
115900172,1,1,0
115900173,49,7,42
115900174,0,9,-9
115900175,36,7,29
115900178,3,14,-11
115900179,24,0,24
115900180,0,4,-4
115900181,66,3,63
115900182,172,1,171
115900183,0,0,0
115900184,39,0,39
115900187,0,9,-9
115900189,0,5,-5
115900190,0,32,-32
115900191,0,2,-2
115900192,1,11,-10
115900193,12,20,-8
115900194,107,1,106
115900195,18,466,-448
115900198,5,31,-26
115900199,36,14,22
115900200,23,3,20
115900201,51,10,41
115900202,0,4,-4
115900203,11,0,11
115900204,0,0,0
115900205,1,0,1
115900206,0,0,0
115900207,0,0,0
115900208,10,10,0
115900209,2,15,-13
115900210,0,11,-11
115900211,0,8,-8
115900212,0,0,0
115900213,4,45,-41
115900214,100,16,84
115900215,0,9,-9
115900216,0,0,0
115900217,0,0,0
115900218,0,0,0
115900219,17,0,17
115900220,7,0,7
115900221,18,0,18
115900222,49,10,39
115900223,0,67,-67
115900224,43,132,-89
115900225,5,6,-1
115900226,0,2,-2
115900227,0,0,0
115900228,0,0,0
115900229,0,13,-13
115900230,0,25,-25
115900231,0,0,0
115900232,0,0,0
115900233,0,0,0
115900234,0,0,0
115900235,0,0,0
115900236,0,0,0
115900237,0,0,0
115900238,0,0,0
115900239,0,0,0
115900240,0,0,0
115900241,0,0,0
115900242,80,108,-28
115900243,0,0,0
115900244,2,0,2
115900245,28,0,28
115900246,0,0,0
115900247,0,0,0
115900248,0,0,0
115900249,0,0,0
115900250,1,11,-10
115900251,0,5,-5
115900252,0,0,0
115900253,0,1,-1
115900254,0,3,-3
115900255,0,0,0
115900256,9,3,6
115900257,0,0,0
115900258,0,0,0
115900259,0,0,0
115900260,0,0,0
115900261,0,0,0
115900262,0,0,0
115900263,0,0,0
115900264,0,0,0
115900265,0,0,0
115900266,0,0,0
115900267,0,0,0
115900268,0,0,0
115900269,0,0,0
115900270,17,0,17
115900271,62,0,62
115900272,6,0,6
115900273,0,7,-7
115900274,0,0,0
115900275,0,0,0
115900276,0,0,0
115900277,0,2,-2
115900278,0,0,0
115900279,0,0,0
115900280,27,2,25
115900281,0,0,0
115900282,0,0,0
115900283,2,0,2
115900284,0,0,0
116000001,619,445,174
116000002,2415,8626,-6211
116000003,127,165,-38
116000004,792,3241,-2449
116000005,73,504,-431
116000006,251,664,-413
116000007,330,743,-413
116000008,993,725,268
116000009,155,854,-699
116000010,1017,663,354
116000011,310,387,-77
116000012,606,296,310
116000013,581,642,-61
116000014,1304,6833,-5529
116000015,42,260,-218
116000016,456,2941,-2485
116000017,4,258,-254
116000018,49,60,-11
116000019,601,58,543
116000020,236,61,175
116000021,246,83,163
116000022,87,103,-16
116000023,141,273,-132
116000024,241,32,209
116000025,231,235,-4
116000026,411,254,157
116000027,284,476,-192
116000028,470,1788,-1318
116000029,137,115,22
116000030,279,906,-627
116000031,0,0,0
116000032,149,3,146
116000033,575,257,318
116000034,1665,1116,549
116000035,399,101,298
116000036,39,115,-76
116000037,17,158,-141
116000038,102,232,-130
116000039,47,49,-2
116000040,134,341,-207
116000041,3,49,-46
116000042,437,397,40
116000043,80,97,-17
116000044,0,2,-2
116000045,2117,2306,-189
116000046,440,499,-59
116000047,661,902,-241
116000048,3323,1204,2119
116000049,1779,1211,568
116000050,640,328,312
116000051,2670,1047,1623
116000052,1109,422,687
116000053,2817,587,2230
116000054,288,442,-154
116000055,330,136,194
116000056,1237,1495,-258
116000057,480,118,362
116000058,380,603,-223
116000059,695,4805,-4110
116000060,145,313,-168
116000061,74,729,-655
116000062,97,120,-23
116000063,174,847,-673
116000066,100,807,-707
116000067,14,43,-29
116000068,87,182,-95
116000069,45,19,26
116000078,252,552,-300
116000080,374,129,245
116000082,5,23,-18
116000083,507,161,346
116000084,242,493,-251
116000085,506,245,261
116000086,146,231,-85
116000087,985,478,507
116000088,142,107,35
116000089,24,3,21
116000090,20,25,-5
116000091,8,24,-16
116000093,202,71,131
116000094,137,41,96
116000095,218,13,205
116000096,410,610,-200
116000097,182,31,151
116000098,114,2189,-2075
116000099,496,35,461
116000100,84,3,81
116000101,276,4,272
116000102,87,132,-45
116000103,206,65,141
116000104,89,85,4
116000105,624,14,610
116000106,223,50,173
116000107,818,14,804
116000108,0,17,-17
116000111,23,14,9
116000113,26,1,25
116000114,0,19,-19
116000115,187,3,184
116000116,17,24,-7
116000117,951,427,524
116000118,247,93,154
116000119,1593,497,1096
116000120,440,273,167
116000121,347,141,206
116000122,60,38,22
116000123,1073,80,993
116000124,89,44,45
116000125,1351,67,1284
116000126,37,39,-2
116000127,123,46,77
116000128,1069,90,979
116000129,218,8,210
116000130,98,116,-18
116000133,320,19,301
116000134,519,147,372
116000135,1093,278,815
116000136,370,384,-14
116000137,479,178,301
116000138,151,148,3
116000139,1115,1846,-731
116000140,42,113,-71
116000141,119,48,71
116000142,1054,1215,-161
116000143,1054,993,61
116000144,769,537,232
116000145,1839,388,1451
116000146,178,15,163
116000147,107,112,-5
116000148,122,216,-94
116000149,209,33,176
116000151,269,203,66
116000153,196,675,-479
116000155,197,506,-309
116000156,98,73,25
116000157,81,1,80
116000158,278,48,230
116000159,4,1,3
116000160,0,8,-8
116000161,0,75,-75
116000162,12,75,-63
116000163,0,9,-9
116000164,4,1,3
116000177,31,5,26
116000194,30,32,-2
116000195,330,105,225
116000196,0,0,0
116000197,0,0,0
116000198,1530,972,558
116000200,30,447,-417
116000201,217,146,71
116000202,2,7,-5
116000203,0,0,0
116000204,0,3,-3
116000205,0,5,-5
116000206,0,1,-1
116000207,3,1,2
116000233,0,0,0
116000287,16,14,2
116000288,78,74,4
116000292,0,0,0
116000296,5,30,-25
116000297,14,1,13
116000304,31,0,31
116000305,0,11,-11
116000346,0,0,0
116000352,0,0,0
116000354,0,0,0
116000357,0,0,0
116000358,7,8,-1
116000361,0,0,0
116000372,1823,3382,-1559
116000381,52,0,52
116000388,0,2,-2
116000389,72,1,71
116000445,61,18,43
116000446,489,57,432
116000447,2,46,-44
116000448,194,47,147
116000563,235,1308,-1073
116000565,6,55,-49
116000568,5,49,-44
116000579,0,16,-16
116000583,0,6,-6
116000584,10,2,8
116000585,22,36,-14
116000586,6,21,-15
116000587,546,170,376
116000589,3,1,2
116000590,36,1,35
116000591,191,56,135
116000592,5,4,1
116000593,0,0,0
116000594,222,32,190
116000595,84,3,81
116000596,104,0,104
116000597,214,62,152
116000598,10,10,0
116000605,10,4,6
116000606,39,156,-117
116000607,0,0,0
116000609,11,214,-203
116000611,11,12,-1
116000612,1294,1404,-110
116000613,375,121,254
116000614,48,8,40
116000615,0,0,0
116000616,65,11,54
116000617,53,0,53
116000618,5,0,5
116000619,7,32,-25
116000620,166,32,134
116000621,63,56,7
116000622,92,59,33
116000624,90,3,87
116000627,72,41,31
116000628,20,8,12
116000629,6,27,-21
116000630,331,1,330
116000631,144,0,144
116000632,269,1,268
116000633,52,21,31
116000634,107,0,107
116000635,1421,1783,-362
116000636,326,531,-205
116000637,57,0,57
116000638,15,61,-46
116000639,35,0,35
116000640,25,4,21
116000641,0,0,0
116000643,0,0,0
116000644,0,0,0
116000645,1,30,-29
116900001,4,6,-2
116900002,30,0,30
116900003,0,0,0
116900004,122,20,102
116900005,22,5,17
116900006,22,17,5
116900007,2,3,-1
116900008,69,11,58
116900009,5,3,2
116900010,85,54,31
116900011,0,0,0
116900012,1,8,-7
116900013,0,5,-5
116900014,0,0,0
116900015,122,2,120
116900016,64,3,61
116900017,11,69,-58
116900018,0,0,0
116900019,0,0,0
116900020,11,105,-94
116900023,0,0,0
116900024,132,1,131
116900025,344,23,321
116900026,4,76,-72
116900027,0,0,0
116900028,0,0,0
116900029,0,4,-4
116900031,0,0,0
116900032,0,0,0
116900033,0,0,0
116900034,0,0,0
116900035,6,18,-12
116900036,0,7,-7
116900038,0,0,0
116900041,1,0,1
116900042,0,0,0
116900043,1,15,-14
116900047,0,28,-28
116900049,0,0,0
116900050,41,0,41
116900051,46,0,46
116900052,15,7,8
116900055,0,2,-2
116900057,0,0,0
116900058,2,0,2
116900059,0,0,0
116900060,12,30,-18
116900062,0,0,0
116900064,0,0,0
116900065,0,0,0
116900067,2,0,2
116900068,88,49,39
116900070,0,0,0
116900072,0,0,0
116900073,1,16,-15
116900074,0,0,0
116900076,4,1,3
116900077,0,10,-10
116900078,0,0,0
116900079,1,9,-8
116900080,0,0,0
116900081,31,20,11
116900082,4,116,-112
116900083,17,7,10
116900084,0,0,0
116900085,1,0,1
116900086,15,62,-47
116900088,9,0,9
116900090,0,0,0
116900091,14,0,14
116900092,6,8,-2
116900093,39,68,-29
116900094,417,743,-326
116900095,26,0,26
116900096,32,0,32
116900097,145,421,-276
116900098,6,20,-14
116900099,21,66,-45
116900100,268,3,265
116900101,27,4,23
116900103,8,0,8
116900104,5,115,-110
116900105,49,9,40
116900106,620,1,619
116900107,207,550,-343
116900110,2,0,2
116900111,387,60,327
116900112,122,57,65
116900113,127,540,-413
116900116,0,11,-11
116900117,2,14,-12
116900118,63,12,51
116900120,80,1,79
116900121,41,0,41
116900122,159,42,117
116900123,24,16,8
116900124,1,13,-12
116900125,52,1,51
116900126,2,120,-118
116900128,0,0,0
116900129,0,1,-1
116900130,19,282,-263
116900131,0,0,0
116900132,2,0,2
116900133,0,0,0
116900134,0,0,0
116900136,0,0,0
116900137,0,0,0
116900138,0,0,0
116900139,0,0,0
116900140,0,0,0
116900141,0,0,0
116900142,0,0,0
116900143,0,0,0
116900144,0,0,0
116900145,0,0,0
116900147,0,0,0
116900148,0,0,0
116900149,1,12,-11
116900150,0,0,0
116900151,0,0,0
116900153,3,1,2
116900154,3,23,-20
116900155,0,0,0
116900157,51,1,50
116900158,15,20,-5
116900159,0,8,-8
116900160,109,135,-26
116900161,154,17,137
116900162,0,0,0
116900163,52,0,52
116900164,1,0,1
116900165,172,38,134
116900166,0,5,-5
116900167,35,0,35
116900168,74,10,64
116900169,0,18,-18
116900170,225,69,156
116900171,1,0,1
116900172,1,55,-54
116900173,55,4,51
116900174,1,7,-6
116900175,1,12,-11
116900178,0,1,-1
116900179,12,18,-6
116900180,1,0,1
116900182,44,4,40
116900183,45,18,27
116900185,7,13,-6
116900186,2,2,0
116900187,16,4,12
116900188,30,1,29
116900189,0,0,0
116900191,11,1,10
116900192,118,3,115
116900194,6,166,-160
116900195,21,0,21
116900196,1,2,-1
116900197,11,0,11
116900198,2,10,-8
116900200,0,0,0
116900201,25,1,24
116900202,0,1,-1
116900203,7,0,7
116900204,0,3,-3
116900206,0,0,0
116900207,0,0,0
116900208,1,7,-6
116900209,18,1,17
116900210,3,0,3
116900211,23,0,23
116900212,0,0,0
116900213,9,3,6
116900214,0,0,0
116900215,0,5,-5
116900216,2,1,1
116900218,0,0,0
116900219,116,30,86
116900220,5,2,3
116900221,0,0,0
116900222,178,96,82
116900223,1,1,0
116900226,27,0,27
116900227,31,2,29
116900228,73,7,66
116900230,0,2,-2
116900231,0,23,-23
116900232,0,6,-6
116900233,97,3,94
116900234,5,1,4
116900235,139,8,131
116900238,43,1,42
116900239,0,42,-42
116900240,985,288,697
116900241,0,0,0
116900242,160,260,-100
116900243,0,0,0
116900245,11,7,4
116900246,1,0,1
116900247,179,7,172
116900248,1,1,0
116900249,73,0,73
116900250,71,13,58
116900251,10,80,-70
116900252,46,24,22
116900254,0,2,-2
116900255,0,0,0
116900256,0,0,0
116900257,0,0,0
116900258,0,0,0
116900259,27,0,27
116900260,0,0,0
116900261,50,18,32
116900262,27,0,27
116900263,0,0,0
116900264,108,12,96
116900265,0,0,0
116900266,0,0,0
116900267,0,0,0
116900268,0,0,0
116900269,251,111,140
116900271,0,0,0
116900272,52,10,42
116900273,1,5,-4
116900274,40,1,39
116900275,7,0,7
116900276,104,113,-9
116900277,4,0,4
116900278,0,0,0
116900279,1,0,1
116900280,0,0,0
116900281,431,712,-281
116900282,0,3,-3
116900283,1,4,-3
116900284,2,1,1
116900285,0,36,-36
116900286,7,1,6
116900287,0,10,-10
116900288,13,5,8
116900289,1,0,1
116900290,0,0,0
116900291,0,0,0
116900292,0,0,0
116900293,0,0,0
116900294,0,0,0
116900295,0,0,0
116900296,0,0,0
116900297,0,0,0
116900298,0,0,0
116900299,0,0,0
116900300,0,0,0
116900301,0,0,0
116900302,0,0,0
116900303,8,0,8
116900304,0,0,0
116900305,0,2,-2
116900306,236,65,171
116900307,0,0,0
116900308,0,0,0
116900309,0,0,0
116900310,0,0,0
117000001,2203,1702,501
117000002,1182,464,718
117000003,3544,1340,2204
117000004,1176,792,384
117000005,2518,736,1782
117000006,549,690,-141
117000007,3147,641,2506
117000008,280,677,-397
117000009,1934,504,1430
117000010,531,573,-42
117000011,1141,397,744
117000012,760,188,572
117000013,1409,333,1076
117000014,453,1015,-562
117000015,517,892,-375
117000016,73,145,-72
117000017,62,72,-10
117000018,14,340,-326
117000019,4,71,-67
117000020,118,963,-845
117000021,772,490,282
117000022,122,214,-92
117000023,61,347,-286
117000024,30,158,-128
117000025,5,248,-243
117000026,994,1181,-187
117000027,97,192,-95
117000028,329,272,57
117000030,102,237,-135
117000031,505,261,244
117000032,650,524,126
117000033,438,249,189
117000034,310,183,127
117000035,481,134,347
117000036,219,206,13
117000037,228,120,108
117000038,133,302,-169
117000039,228,169,59
117000040,2,98,-96
117000041,662,8,654
117000044,0,99,-99
117000045,208,133,75
117000046,198,210,-12
117000047,844,259,585
117000048,236,201,35
117000049,11,142,-131
117000050,68,103,-35
117000051,1332,11,1321
117000052,2,57,-55
117000053,189,2,187
117000054,1050,5,1045
117000055,0,134,-134
117000056,297,33,264
117000057,54,189,-135
117000060,168,57,111
117000061,1521,581,940
117000062,129,34,95
117000063,1317,370,947
117000064,367,105,262
117000066,16,43,-27
117000067,152,296,-144
117000074,0,62,-62
117000076,16,1,15
117000077,28,7,21
117000078,134,22,112
117000079,30,13,17
117000080,0,0,0
117000081,199,14,185
117000082,1,35,-34
117000083,136,107,29
117000084,13,0,13
117000085,195,81,114
117000086,117,51,66
117000087,26,28,-2
117000088,215,47,168
117000089,1328,91,1237
117000090,92,55,37
117000091,810,57,753
117000092,111,204,-93
117000093,1511,64,1447
117000094,153,185,-32
117000095,2733,96,2637
117000096,175,139,36
117000097,2215,282,1933
117000098,314,291,23
117000099,3229,294,2935
117000100,26,79,-53
117000101,106,79,27
117000102,1663,212,1451
117000103,54,139,-85
117000104,1560,171,1389
117000105,114,220,-106
117000106,1808,123,1685
117000107,79,112,-33
117000108,1627,800,827
117000109,149,116,33
117000110,1791,1423,368
117000111,2102,1890,212
117000112,1294,572,722
117000113,25,28,-3
117000114,115,14,101
117000115,11,15,-4
117000116,82,23,59
117000117,145,102,43
117000118,93,72,21
117000119,17,191,-174
117000120,2,225,-223
117000121,0,276,-276
117000122,23,365,-342
117000123,88,57,31
117000124,0,3,-3
117000125,12,57,-45
117000126,2,14,-12
117000127,22,8,14
117000128,18,2,16
117000129,313,845,-532
117000130,59,8,51
117000131,0,0,0
117000132,1813,15,1798
117000133,1726,3,1723
117000134,0,0,0
117000135,0,0,0
117000136,0,0,0
117000137,191,98,93
117000138,1,0,1
117000140,73,124,-51
117000141,1786,162,1624
117000181,14,10,4
117000182,292,420,-128
117000195,3,12,-9
117000196,121,128,-7
117000225,4,7,-3
117000226,0,17,-17
117000276,165,5,160
117000277,0,19,-19
117000310,281,1747,-1466
117000315,18,210,-192
117000320,55,1,54
117000906,211,22,189
117000907,0,34,-34
117000909,64,80,-16
117000910,240,32,208
117000911,38,37,1
117000915,1,68,-67
117000916,10,0,10
117000917,879,18,861
117000918,72,103,-31
117000919,0,6,-6
117000920,0,76,-76
117000921,0,15,-15
117000922,3,7,-4
117000924,144,353,-209
117000926,143,34,109
117000927,104,357,-253
117000928,0,0,0
117000929,53,10,43
117000930,13,0,13
117000931,74,45,29
117900002,15,511,-496
117900003,0,0,0
117900005,0,13,-13
117900006,0,0,0
117900007,84,11,73
117900008,0,0,0
117900010,91,19,72
117900011,2,27,-25
117900012,10,1,9
117900013,0,5,-5
117900014,160,48,112
117900015,4,11,-7
117900016,91,428,-337
117900017,375,37,338
117900018,26,37,-11
117900019,248,21,227
117900020,1,73,-72
117900021,9,1,8
117900023,181,3,178
117900024,46,1,45
117900025,0,0,0
117900026,116,5,111
117900028,0,0,0
117900029,67,12,55
117900031,47,24,23
117900032,230,76,154
117900033,375,21,354
117900034,3,0,3
117900035,66,15,51
117900036,122,30,92
117900037,44,3,41
117900038,0,0,0
117900039,0,0,0
117900040,0,0,0
117900041,0,0,0
117900042,188,83,105
117900043,0,0,0
117900044,4,1390,-1386
117900045,49,34,15
117900048,197,18,179
117900049,88,35,53
117900050,2,108,-106
117900051,1,0,1
117900052,0,0,0
117900053,420,41,379
117900054,0,13,-13
117900055,97,59,38
117900056,14,0,14
117900057,88,197,-109
117900058,0,0,0
117900059,0,0,0
117900060,720,257,463
117900061,1,88,-87
117900063,85,24,61
117900065,18,58,-40
117900066,1,44,-43
117900067,336,49,287
117900069,310,14,296
117900070,25,43,-18
117900071,150,12,138
117900073,286,14,272
117900074,0,33,-33
117900075,69,10,59
117900076,0,0,0
117900077,49,1,48
117900078,130,185,-55
117900080,51,44,7
117900081,21,23,-2
117900082,133,83,50
117900083,202,62,140
117900086,56,12,44
117900087,12,13,-1
117900088,152,31,121
117900089,708,81,627
117900090,189,17,172
117900091,167,19,148
117900092,5,1,4
117900093,29,0,29
117900094,54,17,37
117900095,114,93,21
117900096,70,34,36
117900097,22,2,20
117900098,25,0,25
117900099,41,135,-94
117900100,159,0,159
117900101,425,657,-232
117900102,22,16,6
117900103,18,0,18
117900104,0,109,-109
117900105,67,2,65
117900106,17,23,-6
117900107,81,0,81
117900109,232,174,58
117900110,50,2,48
117900111,280,7,273
117900112,9,1,8
117900113,121,4,117
117900114,15,0,15
117900115,2,27,-25
117900116,194,44,150
117900117,153,47,106
117900118,43,1,42
117900119,196,0,196
117900120,298,3,295
117900121,64,0,64
117900122,57,1015,-958
117900123,253,23,230
117900124,109,39,70
117900125,344,220,124
117900126,49,40,9
117900127,181,10,171
117900128,171,34,137
117900129,33,1,32
117900130,191,0,191
117900131,0,0,0
117900132,0,0,0
117900133,0,0,0
117900134,0,0,0
117900135,0,0,0
117900136,0,0,0
117900137,0,0,0
117900138,0,0,0
117900139,23,0,23
117900140,732,39,693
117900141,1,23,-22
117900142,4,24,-20
117900144,3,34,-31
117900145,0,22,-22
117900146,11,53,-42
117900147,40,7,33
117900148,93,714,-621
117900149,23,7,16
117900150,11,7,4
117900151,44,4,40
117900152,0,0,0
117900153,2,65,-63
117900154,263,105,158
117900156,121,16,105
117900157,56,50,6
117900158,92,6,86
117900160,270,101,169
117900161,102,62,40
117900162,333,62,271
117900163,7,67,-60
117900165,0,0,0
117900166,0,36,-36
117900168,63,0,63
117900169,0,0,0
117900170,0,1,-1
117900171,6,0,6
117900172,0,0,0
117900173,5,0,5
117900174,0,4,-4
117900175,0,1,-1
117900176,1,4,-3
117900177,0,0,0
117900178,0,0,0
117900180,9,0,9
117900181,0,379,-379
117900182,1,46,-45
117900183,22,63,-41
117900184,26,1,25
117900185,93,13,80
117900186,35,0,35
117900187,47,0,47
117900188,26,0,26
117900189,11,0,11
117900190,4,0,4
117900191,18,0,18
117900192,106,6,100
117900193,3,3,0
117900194,0,0,0
117900195,29,9,20
117900196,19,1,18
117900207,35,1,34
117900208,17,3,14
117900209,90,8,82
117900210,0,0,0
117900211,0,0,0
117900212,112,11,101
117900213,22,0,22
117900214,0,1,-1
117900215,0,0,0
117900216,0,0,0
117900217,0,0,0
117900218,0,0,0
117900219,0,0,0
117900220,0,34,-34
117900222,15,17,-2
117900223,12,112,-100
118000001,184,952,-768
118000002,88,332,-244
118000003,1561,2453,-892
118000004,472,384,88
118000005,800,1317,-517
118000006,843,1354,-511
118000007,2446,4590,-2144
118000008,1962,1679,283
118000009,460,1107,-647
118000010,776,950,-174
118000011,338,126,212
118000012,232,201,31
118000013,331,229,102
118000014,277,277,0
118000016,62,16,46
118000017,787,392,395
118000018,104,31,73
118000019,441,632,-191
118000020,50,616,-566
118000021,33,617,-584
118000022,338,385,-47
118000023,228,244,-16
118000024,257,368,-111
118000027,2229,3294,-1065
118000029,111,647,-536
118000032,187,964,-777
118000033,1199,1615,-416
118000034,999,1306,-307
118000035,253,575,-322
118000036,86,398,-312
118000037,202,232,-30
118000038,123,224,-101
118000039,34,28,6
118000040,382,326,56
118000041,231,360,-129
118000045,75,168,-93
118000046,28,878,-850
118000047,45,364,-319
118000048,454,1297,-843
118000051,314,670,-356
118000052,194,800,-606
118000053,233,405,-172
118000054,619,468,151
118000055,225,523,-298
118000056,29,216,-187
118000057,38,147,-109
118000058,420,363,57
118000059,151,892,-741
118000060,218,156,62
118000061,263,196,67
118000062,92,51,41
118000063,64,598,-534
118000064,122,766,-644
118000065,576,194,382
118000066,212,1546,-1334
118000067,52,668,-616
118000068,164,2276,-2112
118000069,228,488,-260
118000070,398,1069,-671
118000071,225,1718,-1493
118000072,351,3042,-2691
118000073,134,745,-611
118000074,53,368,-315
118000075,135,294,-159
118000076,2424,5327,-2903
118000077,585,683,-98
118000078,714,1083,-369
118000079,2,69,-67
118000080,39,232,-193
118000081,615,631,-16
118000082,118,581,-463
118000083,241,771,-530
118000084,86,259,-173
118000086,7,88,-81
118000087,758,857,-99
118000088,161,841,-680
118000089,513,693,-180
118000090,81,1155,-1074
118000091,170,1469,-1299
118000092,122,58,64
118000093,22,478,-456
118000096,81,372,-291
118000097,142,181,-39
118000098,158,218,-60
118000099,0,0,0
118000101,552,110,442
118000102,344,83,261
118000107,21,2,19
118000108,89,384,-295
118000110,0,0,0
118000111,0,0,0
118000112,305,3,302
118000113,0,0,0
118000114,313,14,299
118000115,1,5,-4
118000116,1,2,-1
118000117,156,227,-71
118000118,343,474,-131
118000119,359,513,-154
118000120,321,137,184
118000121,8,117,-109
118000122,35,35,0
118000123,52,106,-54
118000125,33,132,-99
118000126,167,313,-146
118000127,443,538,-95
118000128,24,456,-432
118000129,184,223,-39
118000130,423,756,-333
118000131,62,98,-36
118000132,1249,1215,34
118000133,357,110,247
118000135,157,381,-224
118000136,7,200,-193
118000137,64,55,9
118000138,16,35,-19
118000139,85,1,84
118000140,864,4305,-3441
118000141,2276,1158,1118
118000142,608,560,48
118000143,2366,1501,865
118000144,254,161,93
118000145,596,155,441
118000146,864,48,816
118000147,681,158,523
118000148,176,574,-398
118000149,336,79,257
118000150,526,423,103
118000151,317,30,287
118000153,1821,996,825
118000154,1021,668,353
118000155,2376,1077,1299
118000156,331,871,-540
118000157,317,110,207
118000158,52,98,-46
118000159,50,114,-64
118000160,535,154,381
118000161,204,115,89
118000162,435,243,192
118000163,379,616,-237
118000164,882,635,247
118000168,48,2,46
118000169,143,312,-169
118000170,692,805,-113
118000171,45,108,-63
118000172,46,60,-14
118000173,577,272,305
118000175,154,240,-86
118000176,298,294,4
118000177,225,323,-98
118000178,0,8,-8
118000179,634,607,27
118000180,508,264,244
118000181,150,14,136
118000182,122,78,44
118000183,193,110,83
118000184,819,231,588
118000185,112,515,-403
118000186,83,477,-394
118000187,818,142,676
118000188,95,7,88
118000189,18,11,7
118000190,1,1,0
118000191,15,10,5
118000192,1,74,-73
118000193,2,142,-140
118000194,484,894,-410
118000195,53,863,-810
118000196,6,109,-103
118000197,116,382,-266
118000198,247,685,-438
118000199,452,621,-169
118000200,0,0,0
118000201,59,132,-73
118000202,0,0,0
118000203,20,89,-69
118000204,1,23,-22
118000205,88,44,44
118000206,173,77,96
118000207,1,44,-43
118000208,609,735,-126
118000209,1025,114,911
118000210,54,5,49
118000211,52,18,34
118000213,88,638,-550
118000214,100,39,61
118000215,28,3,25
118000216,308,78,230
118000217,8,8,0
118000218,8,1,7
118000219,13,56,-43
118000220,5,29,-24
118000221,11,248,-237
118000222,10,0,10
118000223,30,8,22
118000224,31,10,21
118000225,0,0,0
118000226,135,11,124
118000227,33,177,-144
118000228,0,0,0
118000229,0,0,0
118000230,0,0,0
118000231,0,0,0
118000232,0,0,0
118000233,456,61,395
118000234,0,0,0
118000236,66,4,62
118000237,0,0,0
118000238,183,0,183
118000239,170,137,33
118000240,35,23,12
118000241,9,0,9
118000242,0,0,0
118000243,0,0,0
118000244,10,7,3
118000246,0,0,0
118000255,24,83,-59
118000256,107,49,58
118000259,0,1,-1
118000260,10,1,9
118000261,1,1,0
118000263,4,20,-16
118000266,66,25,41
118000267,0,0,0
118000268,13,0,13
118000270,0,0,0
118000271,118,64,54
118000272,27,0,27
118000273,0,0,0
118000274,0,0,0
118000276,56,11,45
118000295,0,0,0
118000298,0,1,-1
118000299,0,0,0
118000301,0,0,0
118000302,24,3,21
118000311,176,14,162
118000312,0,0,0
118000313,30,3,27
118000314,3,2,1
118000315,1,0,1
118000316,24,7,17
118000325,25,0,25
118000326,8,0,8
118000331,127,0,127
118000332,61,1,60
118000333,107,4,103
118000335,70,2,68
118000336,0,0,0
118000407,141,9,132
118000457,1,0,1
118000465,131,262,-131
118000480,16,2,14
118000489,1,186,-185
118000490,0,6,-6
118000492,274,52,222
118000510,0,0,0
118000514,15,16,-1
118000515,57,134,-77
118000517,84,57,27
118000524,2,12,-10
118000525,4,5,-1
118000530,12,60,-48
118000531,219,102,117
118000532,0,0,0
118000533,0,0,0
118000534,0,0,0
118000535,107,9,98
118000536,0,4,-4
118000537,1,7,-6
118000538,1,17,-16
118000539,21,87,-66
118000540,18,2,16
118000541,2,5,-3
118000542,27,66,-39
118000543,58,32,26
118000546,3,1,2
118000553,0,0,0
118000560,0,0,0
118000562,0,0,0
118000563,459,649,-190
118000576,68,14,54
118000577,184,144,40
118000578,42,9,33
118000579,134,239,-105
118000583,0,0,0
118000595,175,72,103
118000596,0,0,0
118000597,69,138,-69
118000598,3,0,3
118000599,387,4,383
118000600,2,0,2
118000601,0,0,0
118000602,0,0,0
118000603,0,2,-2
118000605,7,0,7
118000606,1,1,0
118900001,0,0,0
118900002,57,0,57
118900003,30,0,30
118900004,5,0,5
118900005,0,0,0
118900006,0,0,0
118900007,0,0,0
118900008,242,0,242
118900009,0,0,0
118900010,0,0,0
118900011,0,0,0
118900012,43,19,24
118900013,0,0,0
118900015,0,0,0
118900016,0,0,0
118900017,0,0,0
118900018,0,0,0
118900019,0,0,0
118900020,0,0,0
118900021,15,4,11
118900022,17,1,16
118900023,0,0,0
118900024,0,0,0
118900025,0,0,0
118900026,6,1,5
118900027,0,0,0
118900028,76,21,55
118900029,0,0,0
118900030,0,0,0
118900031,7,0,7
118900032,0,0,0
118900033,0,0,0
118900034,0,0,0
118900035,28,1,27
118900036,116,14,102
118900037,0,0,0
118900038,50,0,50
118900039,0,0,0
118900040,18,16,2
118900041,0,0,0
118900042,0,0,0
118900045,22,17,5
118900046,1,9,-8
118900047,6,16,-10
118900048,0,0,0
118900049,0,0,0
118900050,0,0,0
118900051,0,23,-23
118900052,0,0,0
118900053,0,0,0
118900054,5,1,4
118900055,0,0,0
118900056,86,3,83
118900057,82,50,32
118900058,0,0,0
118900059,0,0,0
118900060,33,5,28
118900062,0,0,0
118900064,0,0,0
118900065,0,0,0
118900066,0,0,0
118900067,155,357,-202
118900068,0,0,0
118900069,4,1,3
118900071,0,0,0
118900072,0,0,0
118900073,0,0,0
118900074,0,0,0
118900075,0,0,0
118900076,0,0,0
118900077,0,0,0
118900078,0,0,0
118900079,0,0,0
118900080,0,0,0
118900081,0,0,0
118900082,0,0,0
118900083,0,0,0
118900084,0,0,0
118900085,0,0,0
118900086,0,0,0
118900087,1,1,0
118900088,0,0,0
118900089,0,0,0
118900090,0,0,0
118900091,0,0,0
118900092,0,0,0
118900093,0,0,0
118900096,19,13,6
118900097,2,48,-46
118900099,8,15,-7
118900100,0,0,0
118900101,0,0,0
118900102,0,0,0
118900103,0,0,0
118900104,39,0,39
118900105,0,0,0
118900107,0,0,0
118900108,0,0,0
118900110,26,0,26
118900111,0,0,0
118900112,0,0,0
118900113,0,0,0
118900114,0,0,0
118900115,0,13,-13
118900116,17,6,11
118900117,2,1,1
118900118,17,0,17
118900119,9,3,6
118900120,0,4,-4
118900121,0,0,0
118900122,0,0,0
118900123,11,13,-2
118900124,0,0,0
118900126,0,0,0
118900129,0,0,0
118900130,0,0,0
118900131,24,3,21
118900132,0,0,0
118900133,0,0,0
118900135,0,0,0
118900136,24,8,16
118900137,0,0,0
118900139,0,0,0
118900140,91,6,85
118900141,0,0,0
118900144,1,7,-6
118900145,0,0,0
118900146,1,6,-5
118900147,0,0,0
118900148,0,0,0
118900150,1,0,1
118900152,0,0,0
118900157,0,0,0
118900158,0,0,0
118900159,0,0,0
118900161,0,0,0
118900163,0,0,0
118900164,0,0,0
118900165,0,0,0
118900166,0,0,0
118900167,0,0,0
118900168,0,0,0
118900169,0,0,0
118900170,0,0,0
118900171,0,0,0
118900174,0,0,0
118900175,107,18,89
118900176,11,29,-18
118900177,0,0,0
118900178,0,0,0
118900179,0,0,0
118900181,29,7,22
118900182,0,0,0
118900183,0,0,0
118900184,0,0,0
118900185,59,0,59
118900186,0,8,-8
118900187,24,21,3
118900188,29,14,15
118900189,0,0,0
118900190,0,0,0
118900191,0,0,0
118900192,0,0,0
118900193,0,0,0
118900195,18,0,18
118900196,0,0,0
118900197,0,0,0
118900198,0,0,0
118900199,0,0,0
118900200,0,0,0
118900201,0,0,0
118900202,0,0,0
118900203,0,0,0
118900204,0,0,0
118900205,0,0,0
118900206,0,0,0
119000001,684,653,31
119000002,1483,718,765
119000003,828,206,622
119000004,502,897,-395
119000005,834,1088,-254
119000006,923,491,432
119000007,1623,1604,19
119000008,326,294,32
119000009,683,1986,-1303
119000010,668,915,-247
119000011,899,755,144
119000012,377,750,-373
119000013,2357,1194,1163
119000014,554,783,-229
119000019,17,8,9
119000020,450,769,-319
119000021,715,1095,-380
119000022,73,335,-262
119000023,32,146,-114
119000024,326,6694,-6368
119000025,495,292,203
119000026,6,141,-135
119000027,24,158,-134
119000028,823,232,591
119000029,13,84,-71
119000030,271,672,-401
119000031,168,253,-85
119000032,118,528,-410
119000033,980,1072,-92
119000034,385,119,266
119000035,1,100,-99
119000036,989,220,769
119000037,415,342,73
119000038,5,153,-148
119000039,328,167,161
119000040,95,309,-214
119000041,161,591,-430
119000048,963,365,598
119000049,473,183,290
119000050,258,350,-92
119000051,212,153,59
119000052,374,395,-21
119000053,413,238,175
119000054,1170,315,855
119000055,2460,284,2176
119000056,1600,348,1252
119000057,720,338,382
119000058,477,247,230
119000059,619,313,306
119000060,370,82,288
119000061,167,232,-65
119000062,186,185,1
119000063,382,203,179
119000064,129,109,20
119000065,104,253,-149
119000066,532,530,2
119000067,506,401,105
119000068,532,200,332
119000069,481,290,191
119000070,602,140,462
119000071,65,105,-40
119000072,467,301,166
119000073,909,2133,-1224
119000074,1072,204,868
119000075,1096,801,295
119000076,16,208,-192
119000077,172,171,1
119000078,44,10,34
119000079,10,106,-96
119000080,69,23,46
119000081,137,5,132
119000082,40,5,35
119000083,32,16,16
119000084,155,39,116
119000085,97,33,64
119000086,66,26,40
119000087,262,81,181
119000088,74,6,68
119000089,3,38,-35
119000090,35,78,-43
119000091,26,36,-10
119000092,43,56,-13
119000093,712,517,195
119000094,1328,928,400
119000095,673,378,295
119000097,432,224,208
119000098,378,1873,-1495
119000099,818,259,559
119000100,1360,622,738
119000101,570,566,4
119000102,24,128,-104
119000103,329,140,189
119000104,126,38,88
119000105,98,554,-456
119000106,73,59,14
119000107,534,297,237
119000108,169,95,74
119000109,3,58,-55
119000110,0,0,0
119000111,2,13,-11
119000112,0,0,0
119000113,44,10,34
119000114,27,147,-120
119000115,74,32,42
119000116,7,85,-78
119000117,32,29,3
119000118,0,0,0
119000123,280,605,-325
119000124,281,31,250
119000125,1716,64,1652
119000126,684,126,558
119000127,127,22,105
119000128,0,0,0
119000131,213,33,180
119000132,0,0,0
119000133,3,2,1
119000134,127,364,-237
119000135,26,28,-2
119000136,0,0,0
119000137,30,5,25
119000138,0,0,0
119000139,2,9,-7
119000140,0,0,0
119000284,131,367,-236
119000285,276,139,137
119000286,675,534,141
119000287,479,300,179
119000288,292,114,178
119000289,223,413,-190
119000290,122,104,18
119000291,1,36,-35
119000293,159,195,-36
119000294,47,56,-9
119000295,130,68,62
119000296,70,4,66
119000302,1066,728,338
119000303,11,46,-35
119000314,264,2375,-2111
119000315,0,3,-3
119000316,0,0,0
119000317,15,22,-7
119000319,115,5,110
119900001,0,0,0
119900002,63,28,35
119900003,0,0,0
119900004,0,0,0
119900005,0,0,0
119900006,0,0,0
119900007,1,0,1
119900008,0,0,0
119900009,45,24,21
119900010,171,116,55
119900011,0,0,0
119900012,0,0,0
119900013,235,133,102
119900014,48,60,-12
119900015,0,0,0
119900016,0,0,0
119900017,0,0,0
119900018,85,121,-36
119900019,0,0,0
119900020,0,0,0
119900021,3,0,3
119900022,3,153,-150
119900023,45,669,-624
119900025,0,0,0
119900026,0,0,0
119900027,0,0,0
119900028,39,12,27
119900029,0,0,0
119900030,0,0,0
119900031,3,183,-180
119900033,139,85,54
119900034,0,0,0
119900037,0,0,0
119900038,22,6,16
119900039,0,0,0
119900040,86,0,86
119900041,0,0,0
119900042,0,0,0
119900043,1,8,-7
119900044,0,40,-40
119900046,0,0,0
119900047,0,0,0
119900049,0,0,0
119900050,0,1,-1
119900051,239,17,222
119900052,0,0,0
119900053,0,0,0
119900054,119,2,117
119900055,0,0,0
119900057,0,0,0
119900058,0,0,0
119900059,4,1,3
119900060,29,0,29
119900061,45,1,44
119900062,1,0,1
119900063,0,0,0
119900065,0,0,0
119900067,0,0,0
119900068,13,0,13
119900069,33,0,33
119900070,76,0,76
119900071,124,1,123
119900073,85,0,85
119900074,0,0,0
119900075,66,1,65
119900076,0,0,0
119900077,15,0,15
119900078,133,0,133
119900079,74,0,74
119900080,36,5,31
119900081,102,3,99
119900082,899,133,766
119900083,52,32,20
119900084,0,0,0
119900085,0,0,0
119900086,46,29,17
119900087,0,0,0
119900088,0,0,0
119900089,1,5,-4
119900090,0,0,0
119900091,1,21,-20
119900092,0,3,-3
119900093,0,0,0
119900094,0,0,0
119900095,0,0,0
119900096,0,0,0
119900097,1,2,-1
119900098,0,0,0
119900099,0,0,0
119900100,56,109,-53
119900101,2,87,-85
119900102,0,0,0
119900103,0,0,0
119900104,0,0,0
119900105,25,9,16
119900106,0,0,0
119900107,0,0,0
119900108,422,113,309
119900109,0,0,0
119900110,25,6,19
119900111,5,4,1
119900112,0,0,0
119900113,0,0,0
119900114,52,43,9
119900115,32,2,30
119900116,0,5,-5
119900117,30,3,27
119900118,51,2,49
119900119,0,18,-18
119900120,28,12,16
119900121,1,0,1
119900122,2,0,2
119900123,0,1,-1
119900124,0,9,-9
119900125,0,0,0
119900126,158,17,141
119900127,16,0,16
119900128,18,0,18
119900129,8,1,7
119900130,0,0,0
119900131,0,1,-1
119900132,0,0,0
119900133,0,0,0
119900134,17,0,17
119900135,0,0,0
119900136,0,0,0
119900138,0,0,0
119900139,0,0,0
119900140,0,0,0
119900141,0,0,0
119900142,0,0,0
119900143,0,1,-1
119900144,0,0,0
119900145,0,0,0
119900146,0,0,0
119900147,0,0,0
119900148,0,0,0
119900149,3,436,-433
119900150,0,0,0
119900151,117,79,38
119900152,0,0,0
119900153,0,0,0
119900154,0,0,0
119900155,0,0,0
119900156,23,1,22
119900157,0,0,0
119900158,0,0,0
119900159,0,0,0
119900160,0,0,0
119900161,25,8,17
119900162,96,15,81
119900163,0,0,0
119900164,0,0,0
119900165,0,0,0
119900166,0,0,0
119900167,0,0,0
119900168,108,4,104
119900169,0,0,0
119900170,0,0,0
119900171,9,2,7
119900172,0,0,0
119900173,0,0,0
119900174,0,0,0
119900175,189,18,171
119900177,0,0,0
119900178,0,0,0
119900179,16,240,-224
119900180,119,14,105
119900181,0,0,0
119900182,0,0,0
119900183,0,0,0
119900184,3,0,3
119900185,0,44,-44
119900186,0,0,0
119900187,0,0,0
119900188,57,20,37
119900189,0,0,0
119900190,0,0,0
119900191,0,1,-1
119900192,0,1,-1
119900193,61,11,50
119900194,0,0,0
119900195,0,0,0
119900196,0,0,0
119900197,0,0,0
119900198,1,0,1
119900199,1,0,1
119900200,0,0,0
119900201,0,0,0
119900202,0,1,-1
119900203,0,0,0
119900204,1,1,0
119900205,241,33,208
119900206,0,0,0
119900208,0,0,0
119900209,63,74,-11
119900210,0,0,0
119900211,0,0,0
119900212,367,12,355
119900213,0,0,0
119900214,0,0,0
119900215,0,0,0
119900216,0,0,0
119900217,0,0,0
119900218,0,0,0
119900219,0,0,0
119900220,0,0,0
119900221,0,0,0
119900222,0,0,0
119900223,0,0,0
119900224,0,0,0
119900225,0,0,0
119900226,3,74,-71
119900227,2,9,-7
119900228,0,1,-1
119900229,0,0,0
119900230,6,0,6
119900231,8,2,6
119900232,0,0,0
119900233,0,0,0
119900234,0,0,0
119900235,0,0,0
119900236,0,0,0
119900237,5,9,-4
119900238,0,0,0
119900240,0,0,0
119900241,0,0,0
119900242,109,1,108
119900244,32,114,-82
119900245,0,0,0
119900246,0,0,0
119900247,0,0,0
119900248,0,0,0
119900249,2,0,2
119900253,128,159,-31
119900254,4,242,-238
119900255,23,4,19
119900256,130,34,96
119900257,0,0,0
119900258,0,0,0
119900259,1,0,1
119900260,0,0,0
119900261,85,15,70
119900262,0,0,0
119900263,133,7,126
119900264,0,0,0
119900265,0,0,0
119900266,0,0,0
119900267,0,3,-3
119900268,1,0,1
119900269,75,20,55
119900271,2,0,2
119900272,0,2,-2
119900275,0,0,0
119900276,0,0,0
119900277,0,0,0
119900278,0,0,0
119900279,0,0,0
119900280,1,0,1
119900281,0,0,0
119900282,0,0,0
119900283,0,5,-5
119900284,219,146,73
119900285,0,0,0
119900286,0,0,0
119900288,5,16,-11
119900289,0,0,0
119900290,0,0,0
119900291,0,0,0
119900292,10,13,-3
119900293,0,3,-3
119900294,2,18,-16
119900295,69,2,67
119900296,56,12,44
119900297,0,5,-5
119900298,1,0,1
119900299,0,0,0
119900300,0,0,0
119900301,0,0,0
119900302,0,0,0
119900303,0,0,0
119900304,0,0,0
119900305,0,0,0
119900306,0,0,0
119900307,0,0,0
119900308,0,0,0
119900309,0,0,0
119900310,0,0,0
119900311,0,0,0
119900312,22,0,22
119900313,1,0,1
119900314,0,0,0
119900315,2,0,2
119900318,0,0,0
119900319,0,0,0
119900320,62,5,57
119900321,53,9,44
120000001,3566,12311,-8745
120000002,622,468,154
120000003,457,403,54
120000004,712,502,210
120000005,692,401,291
120000006,300,177,123
120000007,371,382,-11
120000008,227,266,-39
120000009,233,187,46
120000010,431,355,76
120000011,220,208,12
120000012,210,293,-83
120000013,903,482,421
120000014,339,368,-29
120000015,1186,528,658
120000016,2718,1407,1311
120000017,1464,1658,-194
120000018,1601,5527,-3926
120000019,349,645,-296
120000020,1563,1316,247
120000021,735,1402,-667
120000022,3099,3332,-233
120000023,613,703,-90
120000024,586,688,-102
120000025,1864,439,1425
120000026,1135,1306,-171
120000027,1719,1704,15
120000028,505,207,298
120000029,120,449,-329
120000030,18,279,-261
120000031,495,1304,-809
120000032,1113,990,123
120000033,1022,263,759
120000034,1438,278,1160
120000035,1149,204,945
120000036,1342,1707,-365
120000037,503,1349,-846
120000038,778,1859,-1081
120000039,27,109,-82
120000040,8,99,-91
120000041,32,91,-59
120000042,324,309,15
120000043,1607,381,1226
120000044,3449,446,3003
120000045,2709,242,2467
120000046,1947,1435,512
120000047,248,2181,-1933
120000048,1985,1391,594
120000049,1607,495,1112
120000050,899,1052,-153
120000051,654,1199,-545
120000052,825,542,283
120000053,632,459,173
120000054,425,533,-108
120000055,870,539,331
120000056,1900,851,1049
120000057,1037,216,821
120000058,200,242,-42
120000059,77,942,-865
120000061,12,154,-142
120000062,69,54,15
120000063,101,246,-145
120000064,131,226,-95
120000065,150,116,34
120000066,62,39,23
120000067,2,35,-33
120000068,31,107,-76
120000069,214,55,159
120000070,48,75,-27
120000071,245,10,235
120000072,492,61,431
120000073,406,4,402
120000074,25,5,20
120000075,567,40,527
120000076,1234,65,1169
120000077,1044,137,907
120000078,463,177,286
120000079,508,61,447
120000080,156,54,102
120000081,168,80,88
120000082,189,190,-1
120000083,17,1045,-1028
120000084,83,36,47
120000085,52,12,40
120000086,61,53,8
120000087,86,60,26
120000088,380,310,70
120000089,985,148,837
120000090,322,160,162
120000091,508,209,299
120000092,514,131,383
120000093,333,113,220
120000094,121,351,-230
120000095,259,60,199
120000096,109,73,36
120000098,181,98,83
120000099,34,83,-49
120000100,250,104,146
120000101,289,118,171
120000102,394,813,-419
120000103,763,449,314
120000104,1759,120,1639
120000105,2003,104,1899
120000106,1894,69,1825
120000107,3296,88,3208
120000108,1108,34,1074
120000109,687,14,673
120000110,4,119,-115
120000111,1,72,-71
120000112,13,198,-185
120000113,45,172,-127
120000114,67,165,-98
120000115,9,112,-103
120000116,58,88,-30
120000117,307,110,197
120000118,9,34,-25
120000119,41,32,9
120000120,27,78,-51
120000121,114,39,75
120000122,85,204,-119
120000123,304,3591,-3287
120000124,216,143,73
120000125,152,93,59
120000126,119,193,-74
120000127,154,155,-1
120000128,553,949,-396
120000129,74,102,-28
120000130,353,215,138
120000131,180,188,-8
120000134,24,9,15
120000135,52,256,-204
120000137,3,12,-9
120000138,277,23,254
120000139,47,25,22
120000140,132,4,128
120000141,133,30,103
120000142,433,60,373
120000143,0,5,-5
120000144,33,1,32
120000145,57,0,57
120000146,371,549,-178
120000149,222,72,150
120000150,243,3547,-3304
120000151,220,67,153
120000152,299,20,279
120000153,25,44,-19
120000154,58,53,5
120000155,85,124,-39
120000156,185,183,2
120000157,333,83,250
120000158,86,40,46
120000159,427,496,-69
120000160,917,668,249
120000161,724,833,-109
120000162,22,215,-193
120000163,207,108,99
120000164,169,29,140
120000165,178,28,150
120000166,829,20,809
120000167,0,0,0
120000168,0,0,0
120000169,0,0,0
120000170,0,0,0
120000171,0,0,0
120000172,0,0,0
120000173,47,3,44
120000174,2,0,2
120000175,2,0,2
120000176,1,0,1
120000177,78,11,67
120000178,0,0,0
120000179,3,0,3
120000180,10,1,9
120000181,5,81,-76
120000182,4,113,-109
120000183,1,121,-120
120000184,16,367,-351
120000186,1,68,-67
120000187,8,53,-45
120000188,4,58,-54
120000190,41,77,-36
120000191,54,84,-30
120000192,34,29,5
120000193,40,14,26
120000195,0,0,0
120000196,5,5,0
120000197,5,0,5
120000198,16,0,16
120000199,0,0,0
120000200,0,0,0
120000201,0,0,0
120000202,0,0,0
120000203,0,0,0
120000207,0,0,0
120000208,0,0,0
120000209,0,0,0
120000210,0,0,0
120000211,0,0,0
120000212,0,0,0
120000213,0,0,0
120000214,0,0,0
120000215,0,0,0
120000216,0,0,0
120000217,0,0,0
120000218,0,0,0
120000219,0,0,0
120000220,0,0,0
120000225,652,2,650
120000226,152,0,152
120000227,249,9,240
120000228,7,3,4
120000230,41,3,38
120000231,125,32,93
120000233,429,106,323
120000235,2,33,-31
120000236,738,0,738
120000237,0,9,-9
120000238,0,0,0
120000241,591,1425,-834
120000412,25,241,-216
120000413,64,2,62
120000414,172,0,172
120000415,0,2,-2
120000416,30,0,30
120000417,0,1,-1
120000418,136,0,136
120000419,0,3,-3
120000420,81,41,40
120000421,1240,906,334
120000422,9,200,-191
120000423,0,0,0
120000424,0,0,0
120000436,63,696,-633
120000437,18,12,6
120000438,139,106,33
120000439,169,169,0
120000443,138,18,120
120000444,1041,70,971
120000445,874,494,380
120000446,65,98,-33
120000447,122,0,122
120000449,48,0,48
120000450,0,8,-8
120000451,36,98,-62
120000452,234,19,215
120000453,0,0,0
120000454,72,22,50
120000455,9,37,-28
120000456,55,536,-481
120000457,97,139,-42
120000458,171,70,101
120000459,18,15,3
120000665,19,83,-64
120000668,8,225,-217
120000669,50,77,-27
120000670,4,135,-131
120000671,455,262,193
120000672,2,96,-94
120900001,85,15,70
120900002,0,5,-5
120900003,0,0,0
120900004,0,5,-5
120900005,5,83,-78
120900006,163,34,129
120900007,0,0,0
120900008,155,51,104
120900009,0,0,0
120900010,149,38,111
120900011,0,0,0
120900012,3,231,-228
120900013,52,12,40
120900014,0,13,-13
120900015,504,5,499
120900016,624,0,624
120900017,31,0,31
120900018,42,11,31
120900019,72,121,-49
120900020,20,182,-162
120900021,236,5,231
120900022,1,1,0
120900023,391,10,381
120900024,185,19,166
120900025,12,24,-12
120900026,20,20,0
120900027,0,0,0
120900028,298,55,243
120900029,0,0,0
120900030,424,79,345
120900031,216,10,206
120900032,727,33,694
120900033,371,1,370
120900034,1,299,-298
120900035,30,6,24
120900037,158,0,158
120900038,0,0,0
120900039,0,0,0
120900040,153,0,153
120900041,1,4,-3
120900042,177,46,131
120900043,36,1,35
120900044,0,50,-50
120900045,14,1,13
120900046,324,1,323
120900047,0,0,0
120900048,0,0,0
120900049,205,0,205
120900050,155,491,-336
120900051,120,75,45
120900052,230,0,230
120900053,0,0,0
120900054,63,0,63
120900055,267,1,266
120900056,0,0,0
120900057,0,0,0
120900058,448,0,448
120900059,66,0,66
120900060,0,0,0
120900061,41,8,33
120900062,121,27,94
120900063,0,0,0
120900064,366,0,366
120900065,227,0,227
120900066,248,11,237
120900067,54,48,6
120900068,82,0,82
120900069,0,0,0
120900071,34,0,34
120900072,0,0,0
120900073,0,0,0
120900074,98,7,91
120900076,131,0,131
120900077,442,153,289
120900078,640,64,576
120900079,114,15,99
120900080,90,1,89
120900081,527,44,483
120900082,100,6,94
120900083,137,0,137
120900084,85,134,-49
120900085,0,0,0
120900086,3,136,-133
120900087,149,60,89
120900088,3,176,-173
120900089,218,1342,-1124
120900090,28,0,28
120900091,15,237,-222
120900092,17,10,7
120900093,0,0,0
120900094,4,10,-6
120900095,0,0,0
120900096,0,3,-3
120900097,30,15,15
120900098,0,0,0
120900099,5,1,4
120900100,0,0,0
120900101,0,0,0
120900102,0,0,0
120900103,49,20,29
120900104,1,1,0
120900105,0,0,0
120900106,37,21,16
120900107,26,5,21
120900108,0,0,0
120900109,1,15,-14
120900110,0,0,0
120900111,1,0,1
120900112,0,0,0
120900113,0,30,-30
120900114,2,2,0
120900115,24,65,-41
120900116,53,20,33
120900117,0,0,0
120900118,5,13,-8
120900119,593,336,257
120900120,1,17,-16
120900121,0,12,-12
120900122,100,14,86
120900123,0,0,0
120900124,0,12,-12
120900125,0,25,-25
120900126,28,9,19
120900127,0,0,0
120900128,11,11,0
120900129,108,26,82
120900130,1,19,-18
120900131,0,0,0
120900132,789,34,755
120900133,1,28,-27
120900134,3,7,-4
120900135,17,23,-6
120900136,0,0,0
120900137,142,0,142
120900138,0,12,-12
120900139,0,15,-15
120900140,0,0,0
120900141,54,19,35
120900142,0,15,-15
120900143,0,7,-7
120900144,0,30,-30
120900145,7,18,-11
120900146,0,21,-21
120900147,10,1,9
120900148,7,6,1
120900149,0,18,-18
120900150,0,18,-18
120900151,23,8,15
120900152,20,1,19
120900153,0,0,0
120900154,0,3,-3
120900155,23,5,18
120900156,127,18,109
120900157,0,0,0
120900158,0,18,-18
120900159,0,0,0
120900160,0,12,-12
120900161,0,0,0
120900162,0,0,0
120900163,0,0,0
120900164,0,0,0
120900165,0,0,0
120900166,0,0,0
120900167,0,0,0
120900169,0,0,0
120900170,12,724,-712
120900171,38,1,37
120900172,0,0,0
120900173,0,0,0
120900174,0,0,0
120900175,37,1,36
120900176,0,120,-120
120900177,0,661,-661
120900178,0,145,-145
120900179,12,16,-4
120900180,5,0,5
120900181,0,0,0
120900182,0,0,0
120900183,24,12,12
120900184,0,0,0
120900185,0,0,0
120900186,0,10,-10
120900187,81,111,-30
120900188,4,0,4
120900189,0,0,0
120900190,87,12,75
120900191,0,0,0
120900192,556,2054,-1498
120900194,0,2,-2
120900195,22,13,9
120900196,0,0,0
120900197,246,21,225
120900198,21,44,-23
120900199,41,64,-23
120900200,1,0,1
120900201,51,5,46
120900202,0,5,-5
120900203,2,6,-4
120900204,10,7,3
120900205,1,0,1
120900206,3,0,3
120900207,0,30,-30
121000001,135,415,-280
121000002,218,687,-469
121000003,346,787,-441
121000004,216,1066,-850
121000005,1166,2622,-1456
121000006,496,984,-488
121000007,223,901,-678
121000008,523,1197,-674
121000009,593,2396,-1803
121000010,520,990,-470
121000011,769,2768,-1999
121000012,893,964,-71
121000013,1175,2720,-1545
121000014,901,1076,-175
121000015,1908,3419,-1511
121000016,357,286,71
121000017,266,1311,-1045
121000018,601,980,-379
121000019,1408,2394,-986
121000020,3330,5884,-2554
121000021,189,388,-199
121000022,306,2210,-1904
121000023,474,241,233
121000024,1305,1924,-619
121000025,37,244,-207
121000026,39,137,-98
121000027,121,520,-399
121000028,46,177,-131
121000029,73,136,-63
121000030,0,0,0
121000031,43,177,-134
121000032,0,0,0
121000034,12,52,-40
121000035,0,14,-14
121000036,98,195,-97
121000037,91,437,-346
121000038,610,604,6
121000039,104,91,13
121000041,44,140,-96
121000042,10,172,-162
121000043,265,249,16
121000044,36,219,-183
121000045,70,124,-54
121000046,0,0,0
121000047,2,17,-15
121000049,226,158,68
121000050,53,1476,-1423
121000051,184,72,112
121000052,32,741,-709
121000053,11,55,-44
121000054,0,22,-22
121000055,159,433,-274
121000056,650,392,258
121000057,2,22,-20
121000058,46,96,-50
121000059,228,895,-667
121000060,421,531,-110
121000061,2,481,-479
121000062,152,265,-113
121000063,102,565,-463
121000064,146,502,-356
121000065,73,127,-54
121000066,34,16,18
121000067,73,11,62
121000068,96,485,-389
121000069,16,701,-685
121000070,104,185,-81
121000071,293,837,-544
121000072,50,34,16
121000073,90,358,-268
121000074,18,28,-10
121000075,0,12,-12
121000076,32,53,-21
121000077,2,54,-52
121000078,0,64,-64
121000080,122,122,0
121000081,301,1313,-1012
121000082,1,5,-4
121000083,17,55,-38
121000084,0,2,-2
121000085,0,27,-27
121000086,6,183,-177
121000087,1,177,-176
121000088,133,149,-16
121000089,5,290,-285
121000090,80,86,-6
121000091,303,780,-477
121000092,35,21,14
121000093,20,61,-41
121000094,32,90,-58
121000095,13,95,-82
121000096,580,286,294
121000097,73,488,-415
121000098,77,138,-61
121000099,114,116,-2
121000100,265,106,159
121000101,86,128,-42
121000102,5,6,-1
121000103,19,91,-72
121000104,13,1,12
121000105,5,3,2
121000106,22,104,-82
121000107,438,1100,-662
121000109,284,939,-655
121000110,10,464,-454
121000114,610,1450,-840
121000115,49,61,-12
121000116,41,70,-29
121000117,44,30,14
121000118,93,34,59
121000119,10,28,-18
121000120,21,336,-315
121000121,53,74,-21
121000123,50,61,-11
121000127,23,22,1
121000128,132,51,81
121000129,87,42,45
121000130,87,151,-64
121000131,25,138,-113
121000132,78,173,-95
121000135,105,136,-31
121000136,312,657,-345
121000137,75,125,-50
121000138,120,1131,-1011
121000139,0,0,0
121000141,26,0,26
121000142,21,75,-54
121000143,1,3,-2
121000144,447,711,-264
121000145,62,142,-80
121000146,194,104,90
121000147,120,22,98
121000148,59,107,-48
121000149,384,619,-235
121000152,82,98,-16
121000153,130,57,73
121000154,298,43,255
121000155,197,317,-120
121000156,101,138,-37
121000157,105,168,-63
121000158,409,170,239
121000159,201,95,106
121000160,143,51,92
121000161,118,125,-7
121000162,93,48,45
121000165,440,1441,-1001
121000166,2,265,-263
121000168,29,72,-43
121000169,0,17,-17
121000170,65,3,62
121000171,7,36,-29
121000172,119,312,-193
121000173,396,559,-163
121000174,174,422,-248
121000175,345,121,224
121000176,130,158,-28
121000177,145,46,99
121000178,100,22,78
121000179,6,9,-3
121000181,85,34,51
121000182,246,310,-64
121000183,20,180,-160
121000184,17,264,-247
121000185,2,623,-621
121000186,104,620,-516
121000187,68,95,-27
121000188,63,48,15
121000192,100,79,21
121000193,41,24,17
121000194,386,682,-296
121000195,148,502,-354
121000196,34,124,-90
121000197,8,89,-81
121000198,15,193,-178
121000199,20,39,-19
121000200,102,106,-4
121000201,0,85,-85
121000202,55,4,51
121000203,2,80,-78
121000204,606,41,565
121000205,84,95,-11
121000206,180,147,33
121000207,626,322,304
121000208,1,89,-88
121000209,333,4,329
121000210,248,79,169
121000211,9,0,9
121000212,62,68,-6
121000213,347,341,6
121000214,196,938,-742
121000215,317,96,221
121000216,124,387,-263
121000217,905,1487,-582
121000218,52,321,-269
121000219,239,293,-54
121000220,28,1,27
121000221,4,51,-47
121000222,459,679,-220
121000223,0,0,0
121000224,183,153,30
121000225,41,722,-681
121000226,221,884,-663
121000227,6,146,-140
121000228,5,44,-39
121000229,1,13,-12
121000230,17,127,-110
121000231,457,20,437
121000232,25,24,1
121000233,110,46,64
121000234,0,66,-66
121000235,8,58,-50
121000236,0,38,-38
121000237,1,7,-6
121000238,0,5,-5
121000239,10,0,10
121000240,1,14,-13
121000241,47,0,47
121000242,1,11,-10
121000243,48,7,41
121000244,0,0,0
121000245,8,0,8
121000246,0,15,-15
121000247,7,0,7
121000248,45,33,12
121000249,2,11,-9
121000250,92,316,-224
121000251,1,41,-40
121000252,2,16,-14
121000253,36,106,-70
121000254,206,77,129
121000255,0,59,-59
121000256,57,202,-145
121000257,0,53,-53
121000258,74,85,-11
121000259,16,14,2
121000260,0,12,-12
121000261,4,134,-130
121000262,80,81,-1
121000263,278,29,249
121000271,42,875,-833
121000273,5,1,4
121000274,0,38,-38
121000275,0,1,-1
121000276,0,29,-29
121000278,11,26,-15
121000279,1,1,0
121000280,1,16,-15
121000289,93,8,85
121000290,50,395,-345
121000294,86,4,82
121000297,138,283,-145
121000299,47,166,-119
121000300,76,97,-21
121000302,0,228,-228
121000303,41,19,22
121000304,323,40,283
121000305,82,62,20
121000306,85,183,-98
121000308,0,0,0
121000309,0,0,0
121000310,0,1,-1
121000311,0,1,-1
121000312,81,108,-27
121000313,0,2,-2
121000314,1,5,-4
121000315,0,10,-10
121000530,458,388,70
121000531,697,314,383
121000532,1221,1292,-71
121000533,1898,1249,649
121000918,0,0,0
121000919,22,132,-110
121000938,4,0,4
121000939,17,115,-98
121000956,448,196,252
121000957,0,0,0
121000958,15,6,9
121000959,197,31,166
121000960,237,214,23
121000961,126,0,126
121000962,20,28,-8
121000973,0,0,0
121000976,0,0,0
121000979,0,0,0
121000981,67,1,66
121000982,295,90,205
121000983,54,2,52
121000984,0,6,-6
121000985,187,88,99
121000986,93,61,32
121000987,37,142,-105
121000988,331,30,301
121001302,7,9,-2
121001308,1,35,-34
121001309,5,187,-182
121001313,0,0,0
121001314,375,215,160
121001315,1444,375,1069
121001326,21,135,-114
121900001,59,352,-293
121900002,1,0,1
121900003,0,0,0
121900004,0,0,0
121900005,3,0,3
121900006,0,0,0
121900007,88,31,57
121900008,0,0,0
121900009,5,4,1
121900010,0,0,0
121900011,4,0,4
121900012,1,0,1
121900013,1,0,1
121900014,0,0,0
121900015,0,0,0
121900016,0,0,0
121900017,0,0,0
121900018,0,0,0
121900019,0,0,0
121900020,1,0,1
121900021,92,0,92
121900022,0,0,0
121900023,0,0,0
121900024,0,0,0
121900025,0,0,0
121900026,4,0,4
121900027,0,0,0
121900028,0,0,0
121900029,0,0,0
121900030,0,0,0
121900031,3,73,-70
121900032,0,0,0
121900033,0,0,0
121900034,0,0,0
121900035,0,0,0
121900036,0,0,0
121900037,0,0,0
121900038,0,0,0
121900039,0,0,0
121900040,0,0,0
121900041,0,0,0
121900042,0,0,0
121900043,0,0,0
121900044,0,0,0
121900046,0,0,0
121900047,0,0,0
121900048,0,0,0
121900050,0,0,0
121900051,0,0,0
121900052,0,0,0
121900053,16,4,12
121900054,0,0,0
121900055,0,0,0
121900058,0,0,0
121900059,0,0,0
121900060,0,0,0
121900062,0,0,0
121900063,13,11,2
121900064,0,0,0
121900066,0,0,0
121900067,0,0,0
121900069,0,0,0
121900070,3,2,1
121900071,0,0,0
121900072,0,0,0
121900073,0,0,0
121900074,15,0,15
121900075,4,2,2
121900076,0,0,0
121900078,0,0,0
121900079,0,0,0
121900080,0,0,0
121900082,0,0,0
121900084,0,0,0
121900086,0,0,0
121900087,0,0,0
121900088,0,0,0
121900089,0,0,0
121900090,0,0,0
121900091,0,0,0
121900092,0,0,0
121900093,0,0,0
121900094,0,0,0
121900095,0,0,0
121900096,0,0,0
121900097,0,0,0
121900098,0,0,0
121900099,0,0,0
121900100,0,0,0
121900101,0,0,0
121900102,0,0,0
121900103,0,0,0
121900104,79,45,34
121900105,0,0,0
121900106,0,0,0
121900107,0,0,0
121900108,0,0,0
121900109,0,0,0
121900110,0,0,0
121900111,0,0,0
121900112,0,0,0
121900113,0,0,0
121900114,5,0,5
121900117,0,0,0
121900118,1,0,1
121900119,0,0,0
121900120,0,0,0
121900121,0,0,0
121900122,0,0,0
121900123,0,0,0
121900124,0,0,0
121900125,1,0,1
121900127,0,0,0
121900128,0,0,0
121900129,0,0,0
121900130,0,0,0
121900131,0,0,0
121900132,0,0,0
121900133,0,0,0
121900134,0,0,0
121900135,70,21,49
121900136,0,0,0
121900137,0,0,0
121900138,0,0,0
121900139,0,0,0
121900140,0,0,0
121900141,17,0,17
121900142,0,0,0
121900143,0,0,0
121900144,0,0,0
121900145,0,0,0
121900146,0,0,0
121900147,0,0,0
121900148,0,0,0
121900149,0,0,0
121900150,0,0,0
121900151,0,0,0
121900152,0,0,0
121900153,0,0,0
121900154,0,0,0
121900155,0,0,0
121900156,0,0,0
121900157,0,0,0
121900158,0,0,0
121900159,0,0,0
121900160,0,0,0
121900161,0,0,0
121900162,0,0,0
121900163,0,0,0
121900164,0,0,0
121900165,0,0,0
121900166,0,0,0
121900167,0,0,0
121900168,0,0,0
121900169,0,0,0
121900170,0,0,0
121900171,0,0,0
121900172,0,0,0
121900173,0,0,0
121900174,0,0,0
121900175,0,0,0
121900176,0,0,0
121900177,0,0,0
121900178,0,0,0
121900179,0,0,0
121900180,53,251,-198
121900182,0,0,0
121900183,0,0,0
121900184,0,0,0
121900186,0,0,0
121900187,0,0,0
121900188,0,0,0
121900189,0,0,0
121900190,5,0,5
121900191,0,0,0
121900192,0,0,0
121900193,0,0,0
121900194,0,0,0
121900195,0,0,0
121900196,0,0,0
121900197,0,0,0
121900198,186,0,186
121900199,0,0,0
121900200,0,0,0
121900201,0,0,0
121900202,0,0,0
121900203,0,0,0
121900204,0,0,0
121900205,0,0,0
121900206,0,0,0
121900207,0,0,0
121900208,0,0,0
121900209,0,0,0
121900210,0,0,0
121900211,4,0,4
121900212,0,0,0
121900213,0,0,0
121900214,0,0,0
121900215,0,0,0
121900216,0,0,0
121900217,0,0,0
121900218,0,0,0
121900220,0,0,0
121900221,0,0,0
121900222,0,0,0
121900223,0,0,0
121900224,0,1,-1
121900225,0,0,0
121900226,0,0,0
121900227,0,0,0
121900228,0,0,0
121900230,0,0,0
121900231,0,0,0
121900232,0,0,0
121900233,0,0,0
121900234,0,0,0
121900235,0,0,0
121900236,0,0,0
121900237,0,0,0
121900238,0,0,0
121900239,0,0,0
121900240,0,0,0
121900241,0,0,0
121900242,0,0,0
121900243,0,0,0
121900244,0,0,0
121900245,0,0,0
121900246,4,0,4
121900248,0,0,0
121900250,0,0,0
121900251,0,0,0
121900252,0,0,0
121900253,0,84,-84
121900254,0,0,0
121900255,0,0,0
121900258,480,305,175
121900259,0,0,0
121900260,0,0,0
121900261,0,1,-1
121900262,0,0,0
121900263,0,0,0
121900264,0,0,0
121900265,0,0,0
121900266,0,0,0
121900267,0,0,0
121900269,0,0,0
121900270,0,0,0
121900271,0,0,0
121900273,6,19,-13
121900274,44,8,36
121900277,0,0,0
121900278,0,0,0
121900279,0,0,0
121900280,0,0,0
121900281,0,0,0
121900284,0,0,0
121900286,51,1,50
121900287,6,6,0
121900288,0,0,0
121900290,0,0,0
121900291,5,3,2
121900292,17,13,4
121900293,0,2,-2
121900294,0,0,0
121900295,0,0,0
121900296,0,0,0
121900298,0,7,-7
121900299,0,0,0
121900300,21,0,21
121900301,0,0,0
121900302,0,0,0
121900303,0,0,0
121900304,0,0,0
121900305,0,0,0
121900306,0,0,0
121900307,14,0,14
121900308,0,0,0
121900309,0,0,0
121900310,0,0,0
121900311,54,1,53
121900312,13,0,13
121900313,47,1,46
121900314,0,0,0
121900315,0,0,0
121900316,0,0,0
121900317,0,0,0
121900318,0,0,0
121900319,0,0,0
121900320,0,0,0
121900321,0,0,0
121900322,0,0,0
121900323,0,0,0
121900324,0,0,0
121900325,0,0,0
121900326,0,0,0
121900327,0,0,0
121900328,0,0,0
121900329,0,0,0
121900330,0,0,0
121900331,0,0,0
121900332,0,0,0
121900333,1,0,1
121900334,0,0,0
122000001,265,670,-405
122000002,301,324,-23
122000003,239,483,-244
122000004,179,355,-176
122000005,903,2134,-1231
122000006,154,756,-602
122000007,164,617,-453
122000008,379,905,-526
122000009,76,142,-66
122000010,861,759,102
122000011,158,362,-204
122000012,140,337,-197
122000013,222,919,-697
122000014,518,783,-265
122000015,281,450,-169
122000016,103,373,-270
122000017,302,758,-456
122000018,376,803,-427
122000019,149,683,-534
122000020,25,51,-26
122000021,4,120,-116
122000022,98,57,41
122000023,48,94,-46
122000024,204,353,-149
122000025,94,433,-339
122000026,188,306,-118
122000027,51,219,-168
122000028,123,360,-237
122000029,17,133,-116
122000030,15,3,12
122000031,7,627,-620
122000032,178,241,-63
122000033,51,173,-122
122000034,3,80,-77
122000035,3,71,-68
122000036,64,81,-17
122000037,20,71,-51
122000038,42,171,-129
122000039,35,43,-8
122000040,11,15,-4
122000041,261,1032,-771
122000042,266,637,-371
122000043,28,47,-19
122000044,29,122,-93
122000045,164,116,48
122000046,176,254,-78
122000047,4,21,-17
122000048,833,1754,-921
122000049,1840,1236,604
122000050,97,256,-159
122000051,156,719,-563
122000052,127,532,-405
122000053,72,1399,-1327
122000054,356,658,-302
122000055,2081,2331,-250
122000056,590,1040,-450
122000057,905,1376,-471
122000058,308,691,-383
122000059,213,866,-653
122000060,45,35,10
122000061,6,36,-30
122000062,262,10,252
122000063,77,459,-382
122000064,1053,2226,-1173
122000065,764,820,-56
122000066,31,41,-10
122000067,751,1789,-1038
122000068,66,1546,-1480
122000069,20,147,-127
122000070,554,347,207
122000071,162,401,-239
122000072,6,85,-79
122000073,41,162,-121
122000074,413,653,-240
122000075,187,549,-362
122000076,217,297,-80
122000077,136,331,-195
122000078,154,251,-97
122000079,101,475,-374
122000080,79,270,-191
122000081,6,182,-176
122000082,38,198,-160
122000083,133,216,-83
122000084,45,46,-1
122000085,10,156,-146
122000086,773,2465,-1692
122000087,162,93,69
122000088,22,15,7
122000089,700,572,128
122000090,60,128,-68
122000091,62,38,24
122000092,0,29,-29
122000093,1056,2191,-1135
122000094,1371,1222,149
122000095,517,1789,-1272
122000096,129,761,-632
122000098,1087,3315,-2228
122000099,80,438,-358
122000100,81,75,6
122000101,44,74,-30
122000102,23,130,-107
122000103,62,129,-67
122000104,31,72,-41
122000105,25,99,-74
122000106,101,152,-51
122000107,100,204,-104
122000108,5,23,-18
122000109,76,130,-54
122000110,30,51,-21
122000111,198,139,59
122000112,98,123,-25
122000113,88,122,-34
122000114,294,2170,-1876
122000115,373,1527,-1154
122000116,15,152,-137
122000117,203,40,163
122000118,152,53,99
122000119,86,101,-15
122000120,30,118,-88
122000121,219,354,-135
122000122,70,314,-244
122000123,100,377,-277
122000124,36,202,-166
122000125,31,181,-150
122000126,41,152,-111
122000127,52,191,-139
122000128,177,111,66
122000129,26,144,-118
122000130,362,242,120
122000131,90,82,8
122000132,10,8,2
122000133,82,29,53
122000134,56,204,-148
122000135,73,93,-20
122000136,58,190,-132
122000137,124,269,-145
122000139,103,391,-288
122000140,69,295,-226
122000141,359,368,-9
122000142,31,316,-285
122000143,16,74,-58
122000144,101,41,60
122000145,70,66,4
122000146,63,285,-222
122000147,130,173,-43
122000148,100,93,7
122000149,226,65,161
122000150,120,81,39
122000151,1,3,-2
122000152,11,1,10
122000153,106,162,-56
122000154,40,46,-6
122000155,152,127,25
122000156,742,1168,-426
122000157,138,658,-520
122000158,74,68,6
122000159,105,214,-109
122000160,227,239,-12
122000161,222,132,90
122000162,69,251,-182
122000163,9,2,7
122000164,0,4,-4
122000165,28,677,-649
122000166,93,144,-51
122000167,1,1,0
122000168,11,856,-845
122000169,26,11,15
122000170,14,279,-265
122000171,0,0,0
122000172,198,656,-458
122000173,158,470,-312
122000174,225,1134,-909
122000175,101,48,53
122000176,150,952,-802
122000177,629,1801,-1172
122000178,369,334,35
122000179,268,1286,-1018
122000180,362,1197,-835
122000181,206,1391,-1185
122000182,152,191,-39
122000183,55,83,-28
122000184,589,972,-383
122000185,232,548,-316
122000186,136,341,-205
122000187,347,198,149
122000188,0,0,0
122000189,64,79,-15
122000190,297,467,-170
122000191,35,106,-71
122000192,78,41,37
122000193,64,306,-242
122000194,38,39,-1
122000195,74,259,-185
122000196,51,100,-49
122000197,15,34,-19
122000198,54,273,-219
122000199,120,86,34
122000200,65,105,-40
122000201,330,511,-181
122000202,108,436,-328
122000203,130,151,-21
122000204,270,288,-18
122000205,58,137,-79
122000206,441,609,-168
122000207,299,633,-334
122000208,437,298,139
122000209,355,73,282
122000210,178,248,-70
122000211,116,243,-127
122000212,79,75,4
122000213,50,225,-175
122000214,268,555,-287
122000215,1288,563,725
122000217,323,395,-72
122000218,184,68,116
122000219,89,121,-32
122000220,25,243,-218
122000221,13,235,-222
122000222,36,39,-3
122000223,35,133,-98
122000225,50,78,-28
122000226,36,376,-340
122000227,20,150,-130
122000228,30,72,-42
122000229,3,103,-100
122000230,1,99,-98
122000231,6,103,-97
122000232,91,72,19
122000233,0,27,-27
122000234,70,21,49
122000235,224,19,205
122000236,130,17,113
122000237,2,2,0
122000238,47,98,-51
122000239,41,21,20
122000240,211,74,137
122000241,194,58,136
122000242,44,4,40
122000243,19,24,-5
122000244,16,53,-37
122000245,29,13,16
122000246,41,82,-41
122000247,61,104,-43
122000248,68,145,-77
122000249,138,172,-34
122000250,117,196,-79
122000251,0,0,0
122000252,12,22,-10
122000253,0,0,0
122000254,20,5,15
122000255,50,128,-78
122000256,0,30,-30
122000257,1,31,-30
122000258,60,90,-30
122000259,2,143,-141
122000260,9,55,-46
122000261,9,57,-48
122000262,0,0,0
122000263,43,0,43
122000264,554,95,459
122000265,387,147,240
122000266,456,81,375
122000267,6,2,4
122000268,27,38,-11
122000269,35,41,-6
122000270,19,10,9
122000271,0,1,-1
122000272,0,0,0
122000273,18,1,17
122000274,3,4,-1
122000275,4,20,-16
122000276,102,189,-87
122000277,228,405,-177
122000278,242,98,144
122000279,22,13,9
122000280,82,14,68
122000281,61,79,-18
122000282,13,317,-304
122000283,8,26,-18
122000284,1,6,-5
122000285,0,0,0
122000286,0,2,-2
122000287,899,377,522
122000288,44,95,-51
122000291,825,302,523
122000293,11,33,-22
122000294,28,125,-97
122000295,310,23,287
122000296,51,442,-391
122000297,677,1764,-1087
122000299,189,41,148
122000300,31,51,-20
122000301,236,952,-716
122000302,127,526,-399
122000303,263,72,191
122000304,1,26,-25
122000305,470,124,346
122000306,4,86,-82
122000307,5,34,-29
122000309,0,2,-2
122000310,0,20,-20
122000311,0,14,-14
122000312,14,62,-48
122000313,6,47,-41
122000314,112,148,-36
122000315,105,7,98
122000316,370,96,274
122000317,502,100,402
122000318,69,215,-146
122000319,11,140,-129
122000320,6,50,-44
122000321,5,59,-54
122000322,451,353,98
122000323,172,283,-111
122000324,175,633,-458
122000325,173,278,-105
122000326,10,0,10
122000327,57,172,-115
122000328,70,109,-39
122000330,173,442,-269
122000333,2,8,-6
122000337,83,80,3
122000338,38,22,16
122000340,12,55,-43
122000342,111,126,-15
122000343,13,45,-32
122000344,42,0,42
122000345,52,7,45
122000346,26,0,26
122000348,101,69,32
122000349,1,35,-34
122000351,35,32,3
122000352,18,12,6
122000353,24,0,24
122000355,30,618,-588
122000356,42,70,-28
122000357,21,0,21
122000358,0,0,0
122000359,0,0,0
122000360,0,0,0
122000362,0,3,-3
122000364,53,27,26
122000365,0,5,-5
122000366,18,0,18
122000368,33,99,-66
122000370,2,1,1
122000371,0,0,0
122000372,0,0,0
122000381,8,20,-12
122000382,2,5,-3
122000384,159,429,-270
122000385,30,0,30
122000386,8,415,-407
122000387,52,121,-69
122000388,69,444,-375
122000389,31,64,-33
122000390,34,215,-181
122000391,4,140,-136
122000392,14,3,11
122000393,14,18,-4
122000394,59,26,33
122000395,80,34,46
122000396,11,1,10
122000397,0,0,0
122000398,25,128,-103
122000399,18,25,-7
122000400,8,120,-112
122000401,22,4,18
122000402,86,30,56
122000403,6,1,5
122000404,50,16,34
122000408,104,147,-43
122000503,0,8,-8
122000524,0,0,0
122000544,13,16,-3
122000614,30,60,-30
122000616,0,0,0
122000640,39,24,15
122000641,2,18,-16
122000642,156,99,57
122000643,15,139,-124
122000644,0,0,0
122000645,1,18,-17
122000651,65,515,-450
122000664,48,26,22
122000665,44,148,-104
122000666,23,101,-78
122000673,0,13,-13
122000674,89,113,-24
122000675,755,284,471
122000686,110,77,33
122000687,321,36,285
122000688,139,54,85
122000689,221,24,197
122000690,903,12,891
122000691,344,55,289
122000692,117,15,102
122000693,63,96,-33
122000695,0,0,0
122000696,97,18,79
122000698,2,1,1
122000699,52,18,34
122000701,187,37,150
122000702,50,209,-159
122000703,15,43,-28
122000717,0,49,-49
122000718,99,793,-694
122000719,0,55,-55
122000720,187,22,165
122000724,53,4,49
122900001,0,0,0
122900002,33,351,-318
122900003,18,0,18
122900004,0,0,0
122900005,0,0,0
122900006,0,0,0
122900007,0,0,0
122900008,0,0,0
122900009,0,0,0
122900010,25,2,23
122900012,8,20,-12
122900014,0,0,0
122900015,141,33,108
122900016,0,0,0
122900017,1,2,-1
122900018,0,0,0
122900020,0,0,0
122900021,0,0,0
122900022,0,0,0
122900023,0,0,0
122900024,0,0,0
122900025,0,0,0
122900026,0,0,0
122900027,0,88,-88
122900028,0,0,0
122900029,14,6,8
122900030,0,0,0
122900031,0,44,-44
122900032,0,0,0
122900033,7,55,-48
122900034,8,48,-40
122900035,2,1,1
122900036,0,0,0
122900037,0,0,0
122900038,1,103,-102
122900039,0,7,-7
122900040,4,3,1
122900041,4,13,-9
122900042,7,18,-11
122900043,3,31,-28
122900044,0,14,-14
122900045,9,45,-36
122900046,2,21,-19
122900047,3,1,2
122900048,0,2,-2
122900049,0,0,0
122900051,1,0,1
122900052,74,4,70
122900053,0,0,0
122900055,8,0,8
122900057,4,0,4
122900061,0,0,0
122900062,0,0,0
122900063,0,0,0
122900064,0,0,0
122900065,0,0,0
122900066,0,0,0
122900067,4,0,4
122900069,0,0,0
122900070,113,2,111
122900071,0,0,0
122900073,0,0,0
122900074,201,0,201
122900075,0,0,0
122900076,0,0,0
122900077,0,0,0
122900078,76,0,76
122900080,0,0,0
122900081,20,0,20
122900082,317,0,317
122900083,0,0,0
122900084,0,0,0
122900086,0,0,0
122900087,60,0,60
122900088,0,1,-1
122900089,0,0,0
122900090,0,0,0
122900091,0,0,0
122900092,0,0,0
122900093,0,0,0
122900094,0,0,0
122900095,0,0,0
122900096,42,0,42
122900097,0,0,0
122900098,0,0,0
122900099,0,0,0
122900100,0,0,0
122900101,11,0,11
122900102,0,0,0
122900103,0,0,0
122900104,0,0,0
122900105,0,0,0
122900106,0,0,0
122900107,0,0,0
122900108,0,0,0
122900109,0,0,0
123000001,418,100,318
123000002,345,2136,-1791
123000003,724,935,-211
123000004,1045,1290,-245
123000005,1162,636,526
123000006,765,1035,-270
123000007,773,571,202
123000008,376,334,42
123000009,1197,1151,46
123000010,482,309,173
123000011,610,707,-97
123000012,14,102,-88
123000013,478,284,194
123000014,29,232,-203
123000015,781,458,323
123000016,67,152,-85
123000017,3336,1756,1580
123000018,95,30,65
123000019,157,1,156
123000020,84,1,83
123000021,92,75,17
123000022,377,226,151
123000023,1113,911,202
123000024,403,244,159
123000025,50,47,3
123000026,1,72,-71
123000027,9,184,-175
123000028,543,1837,-1294
123000029,8,363,-355
123000030,22,50,-28
123000031,194,53,141
123000032,325,47,278
123000033,51,58,-7
123000034,365,342,23
123000035,45,214,-169
123000036,34,536,-502
123000037,4,3,1
123000038,31,115,-84
123000039,256,909,-653
123000040,19,11,8
123000041,141,702,-561
123000042,47,24,23
123000043,558,1875,-1317
123000044,850,272,578
123000045,90,66,24
123000046,65,291,-226
123000047,65,60,5
123000048,11,660,-649
123000049,2702,2429,273
123000050,242,328,-86
123000051,30,27,3
123000052,150,512,-362
123000053,747,818,-71
123000054,232,949,-717
123000055,995,1664,-669
123000056,104,240,-136
123000057,344,440,-96
123000058,94,204,-110
123000059,70,167,-97
123000060,122,97,25
123000061,57,43,14
123000063,207,162,45
123000064,169,32,137
123000065,294,377,-83
123000066,66,189,-123
123000067,214,177,37
123000068,280,224,56
123000069,405,166,239
123000070,70,14,56
123000071,354,169,185
123000072,109,36,73
123000073,431,208,223
123000074,213,46,167
123000075,76,367,-291
123000076,37,101,-64
123000077,485,124,361
123000078,714,413,301
123000079,899,567,332
123000080,336,53,283
123000081,2,4,-2
123000082,67,70,-3
123000083,124,75,49
123000084,141,38,103
123000085,112,65,47
123000086,153,56,97
123000087,119,75,44
123000088,400,65,335
123000089,299,258,41
123000090,0,0,0
123000091,368,210,158
123000092,0,0,0
123000094,96,12,84
123000095,184,168,16
123000096,271,50,221
123000097,251,20,231
123000098,122,46,76
123000099,140,109,31
123000100,74,491,-417
123000101,75,76,-1
123000102,391,520,-129
123000104,109,72,37
123000105,6,6,0
123000106,88,49,39
123000107,0,6,-6
123000108,125,49,76
123000111,150,60,90
123000112,196,71,125
123000113,60,18,42
123000114,77,173,-96
123000115,28,75,-47
123000116,1,8,-7
123000117,391,295,96
123000118,130,135,-5
123000119,45,116,-71
123000120,90,86,4
123000121,158,138,20
123000122,0,0,0
123000123,223,116,107
123000124,0,0,0
123000125,284,191,93
123000126,318,1951,-1633
123000127,49,100,-51
123000128,0,0,0
123000129,391,17,374
123000130,373,3,370
123000131,327,233,94
123000132,0,0,0
123000133,0,0,0
123000134,39,5,34
123000135,226,97,129
123000136,2,0,2
123000137,2,1,1
123000138,0,0,0
123000139,263,5,258
123000140,0,0,0
123000141,75,28,47
123000142,127,59,68
123000143,95,167,-72
123000144,0,0,0
123000145,43,232,-189
123000146,1,69,-68
123000147,1,55,-54
123000149,69,74,-5
123000150,41,17,24
123000151,82,145,-63
123000152,2,19,-17
123000153,6,315,-309
123000154,114,467,-353
123000155,173,346,-173
123000156,14,12,2
123000157,57,145,-88
123000158,186,227,-41
123000159,394,856,-462
123000160,241,748,-507
123000161,193,237,-44
123000162,353,293,60
123000163,242,236,6
123000164,831,42,789
123000165,32,252,-220
123000166,0,10,-10
123000167,43,24,19
123000168,77,29,48
123000169,262,32,230
123000170,10,0,10
123000171,217,1,216
123000172,1,22,-21
123000173,200,13,187
123000174,202,61,141
123000175,1,30,-29
123000176,176,45,131
123000177,81,67,14
123000178,247,32,215
123000179,1,86,-85
123000180,505,127,378
123000181,113,141,-28
123000182,130,14,116
123000183,32,71,-39
123000185,369,154,215
123000186,0,0,0
123000187,312,5,307
123000188,164,0,164
123000189,1,50,-49
123000190,9,48,-39
123000192,0,10,-10
123000193,0,137,-137
123000194,11,48,-37
123000195,109,8,101
123000196,174,23,151
123000197,20,17,3
123000198,10,26,-16
123000199,0,55,-55
123000200,216,3,213
123000201,641,11,630
123000202,0,46,-46
123000203,565,34,531
123000204,4,50,-46
123000205,34,132,-98
123000206,1290,83,1207
123000207,16,110,-94
123000208,441,31,410
123000209,730,108,622
123000210,25,183,-158
123000211,77,205,-128
123000212,1479,127,1352
123000213,219,31,188
123000215,65,121,-56
123000216,34,373,-339
123000217,93,4,89
123000218,2,6,-4
123000219,123,29,94
123000220,139,6,133
123000221,31,9,22
123000222,100,72,28
123000223,146,63,83
123000224,135,61,74
123000225,129,11,118
123000226,67,1,66
123000227,18,0,18
123000228,139,1,138
123000229,125,87,38
123000232,4,27,-23
123000233,304,15,289
123000234,11,6,5
123000235,167,18,149
123000236,12,41,-29
123000237,211,15,196
123000238,0,12,-12
123000239,70,74,-4
123000240,9,236,-227
123000241,43,25,18
123000242,19,62,-43
123000243,92,86,6
123000244,53,58,-5
123000245,0,0,0
123000249,0,0,0
123000252,269,76,193
123000253,365,207,158
123000254,85,98,-13
123000255,124,201,-77
123000256,0,0,0
123000257,226,155,71
123000258,314,67,247
123000259,252,217,35
123000260,224,63,161
123000261,83,29,54
123000262,3,9,-6
123000263,143,18,125
123000264,112,54,58
123000265,9,21,-12
123000266,102,96,6
123000267,52,115,-63
123000268,6,15,-9
123000269,33,64,-31
123000270,2,58,-56
123000271,3,10,-7
123000272,319,74,245
123000273,98,506,-408
123000274,447,214,233
123000275,13,26,-13
123000278,348,523,-175
123000279,44,27,17
123000280,58,20,38
123000281,73,53,20
123000282,8,205,-197
123000283,102,59,43
123000284,10,29,-19
123000286,47,221,-174
123000287,76,67,9
123000288,329,372,-43
123000289,69,336,-267
123000291,23,8,15
123000294,69,388,-319
123000295,388,913,-525
123000296,557,751,-194
123000297,141,57,84
123000298,127,57,70
123000299,20,156,-136
123000300,461,199,262
123000301,19,54,-35
123000302,152,27,125
123000303,3,388,-385
123000305,63,234,-171
123000306,67,2,65
123000309,11,5,6
123000310,34,3,31
123000311,22,8,14
123000312,126,49,77
123000313,164,92,72
123000315,297,54,243
123000316,554,48,506
123000317,52,40,12
123000318,2,64,-62
123000329,1,2,-1
123000337,334,136,198
123000338,40,135,-95
123000339,54,11,43
123000340,18,48,-30
123000342,0,18,-18
123000343,6,0,6
123000344,115,54,61
123000345,116,65,51
123000346,368,31,337
123000352,69,100,-31
123000353,11,10,1
123000354,376,5,371
123000355,0,132,-132
123000356,111,1,110
123000357,0,2,-2
123000359,0,1,-1
123000360,65,42,23
123000361,106,22,84
123000362,67,4,63
123000363,63,0,63
123000364,108,104,4
123000365,0,2,-2
123000366,42,336,-294
123000367,81,142,-61
123000370,14,0,14
123000371,76,9,67
123000372,46,0,46
123000373,0,2,-2
123000374,0,0,0
123000375,222,27,195
123000376,313,268,45
123000377,89,5,84
123000378,0,1,-1
123000379,0,33,-33
123000380,0,0,0
123000381,1,23,-22
123000382,102,54,48
123000383,0,0,0
123000384,84,26,58
123000385,0,0,0
123000436,6,520,-514
123000507,27,53,-26
123000508,131,950,-819
123000517,6,0,6
123000518,27,17,10
123000519,20,3,17
123000520,1,68,-67
123000521,15,13,2
123000522,24,77,-53
123000541,2,1,1
123000542,0,0,0
123000565,271,1,270
123000566,76,71,5
123000567,45,62,-17
123000573,0,6,-6
123000574,192,14,178
123000575,418,2,416
123000576,59,1,58
123000577,0,0,0
123000578,109,51,58
123000579,278,1548,-1270
123000580,35,16,19
123000582,114,0,114
123000583,26,5,21
123000584,45,59,-14
123000585,0,0,0
123000586,40,0,40
123000596,35,27,8
123000597,87,83,4
123000602,3,2,1
123000603,354,30,324
123000604,128,80,48
123000605,186,5,181
123000606,0,0,0
123000609,25,39,-14
123000610,20,31,-11
123000613,21,13,8
123000614,112,23,89
123000615,3,41,-38
123000616,129,31,98
123000617,0,0,0
123000618,0,0,0
123000619,35,0,35
123000620,0,0,0
123000622,103,1,102
123000624,60,60,0
123000630,796,220,576
123000631,58,59,-1
123000632,187,29,158
123000633,0,82,-82
123000634,0,55,-55
123000635,0,0,0
123000636,22,131,-109
123000637,35,0,35
123000638,99,118,-19
123000639,372,1045,-673
123000640,4,0,4
123000648,535,49,486
123000649,24,44,-20
123000650,36,71,-35
123000651,0,53,-53
123000652,82,1,81
123000653,0,0,0
123000654,0,55,-55
123900001,0,0,0
123900002,0,0,0
123900003,0,0,0
123900005,0,0,0
123900006,0,0,0
124000001,534,75,459
124000002,0,107,-107
124000003,460,33,427
124000004,0,28,-28
124000005,430,198,232
124000006,3,26,-23
124000007,81,30,51
124000008,0,20,-20
124000009,444,63,381
124000010,38,26,12
124000011,415,67,348
124000012,1,1,0
124000017,95,25,70
124000018,0,0,0
124000019,82,14,68
124000020,0,0,0
124000021,39,20,19
124000022,0,0,0
124000023,105,32,73
124000024,299,85,214
124000025,88,86,2
124000026,336,19,317
124000027,166,40,126
124000028,535,48,487
124000031,375,1697,-1322
124000032,0,10,-10
124000033,310,307,3
124000034,10,62,-52
124000035,104,18,86
124000036,0,15,-15
124000037,39,124,-85
124000038,1,0,1
124000039,41,10,31
124000040,19,56,-37
124000041,232,13,219
124000042,0,13,-13
124000043,33,15,18
124000044,1,10,-9
124000045,436,69,367
124000046,0,0,0
124000047,418,34,384
124000048,0,0,0
124000049,735,65,670
124000050,0,0,0
124000051,503,51,452
124000052,0,0,0
124000053,285,668,-383
124000054,0,0,0
124000055,661,855,-194
124000056,0,0,0
124000057,614,225,389
124000058,3,2,1
124000059,459,565,-106
124000060,54,25,29
124000061,608,1187,-579
124000062,110,79,31
124000063,252,67,185
124000064,161,89,72
124000065,0,0,0
124000066,17,9,8
124000067,11,18,-7
124000068,0,0,0
124000069,189,21,168
124000070,0,0,0
124000071,22,10,12
124000072,0,0,0
124000073,236,23,213
124000074,0,0,0
124000075,171,29,142
124000076,0,0,0
124000077,26,42,-16
124000078,230,261,-31
124000079,0,96,-96
124000080,140,25,115
124000081,0,0,0
124000082,22,93,-71
124000083,0,1,-1
124000084,1,158,-157
124000085,0,0,0
124000086,2,103,-101
124000087,36,101,-65
124000088,29,56,-27
124000089,206,20,186
124000090,5,19,-14
124000091,177,31,146
124000092,52,178,-126
124000093,50,19,31
124000094,20,64,-44
124000095,34,9,25
124000096,48,35,13
124000097,192,7,185
124000098,11,8,3
124000099,15,27,-12
124000100,0,45,-45
124000101,92,25,67
124000102,31,21,10
124000103,184,45,139
124000104,46,17,29
124000105,156,41,115
124000106,22,11,11
124000107,13,261,-248
124000108,13,3,10
124000109,72,21,51
124000110,35,4,31
124000111,117,30,87
124000112,241,108,133
124000113,67,55,12
124000114,109,105,4
124000115,126,135,-9
124000116,32,61,-29
124000117,6,7,-1
124000118,0,47,-47
124000119,174,97,77
124000120,83,34,49
124000121,445,189,256
124000122,45,152,-107
124000123,384,110,274
124000124,152,131,21
124000125,227,85,142
124000126,70,107,-37
124000127,682,44,638
124000128,219,82,137
124000129,611,347,264
124000130,109,15,94
124000131,241,199,42
124000132,162,56,106
124000133,415,225,190
124000134,157,195,-38
124000135,350,650,-300
124000136,29,112,-83
124000137,171,226,-55
124000138,41,160,-119
124000139,142,5,137
124000140,45,115,-70
124000141,188,1,187
124000142,12,98,-86
124000143,16,0,16
124000144,1,5,-4
124000145,28,1,27
124000146,2,4,-2
124000148,3,9,-6
124000149,254,89,165
124000150,21,57,-36
124000151,212,50,162
124000152,48,71,-23
124000153,199,239,-40
124000154,17,24,-7
124000155,330,143,187
124000156,32,21,11
124000169,31,50,-19
124000170,88,85,3
124000171,68,66,2
124000172,110,39,71
124000173,76,44,32
124000174,119,79,40
124000175,0,0,0
124000176,7,34,-27
124000177,0,0,0
124000178,3,64,-61
124000185,0,0,0
124000186,9,1,8
124000187,0,1,-1
124000188,7,0,7
124000190,9,22,-13
124000191,6,86,-80
124000192,240,176,64
124000193,1,0,1
124000194,79,15,64
124000195,233,185,48
124000196,158,50,108
124000197,61,19,42
124000198,41,30,11
124000201,12,0,12
124000202,201,10,191
124000203,50,1,49
124000204,479,12,467
124000205,46,5,41
124000206,454,115,339
124000207,0,0,0
124000209,51,0,51
124000210,340,68,272
124000211,365,1,364
124000212,0,0,0
124000213,40,0,40
124000214,159,12,147
124000215,296,9,287
124000216,0,0,0
124000329,0,12,-12
124000338,0,67,-67
124000339,411,1,410
124000341,465,2,463
124000344,48,20,28
124000357,1056,1531,-475
124000358,837,1495,-658
124000359,749,223,526
124000360,329,224,105
124000361,765,430,335
124000362,0,0,0
124000363,0,0,0
124000364,0,1,-1
124000365,3,95,-92
124000366,55,1155,-1100
124000367,0,7,-7
124000368,141,183,-42
124000369,23,68,-45
124000370,0,0,0
124000402,5,4,1
124000403,58,14,44
124000404,6,6,0
124000405,605,67,538
124000406,112,107,5
124000407,0,4,-4
124000411,0,49,-49
124000412,110,0,110
124000413,0,8,-8
124000414,178,33,145
124000415,30,8,22
124000416,43,43,0
124000417,50,53,-3
124000418,175,25,150
124000419,74,28,46
124000420,92,13,79
124000421,48,6,42
124000422,1,11,-10
124000423,47,21,26
124000424,0,4,-4
124000425,5,6,-1
124000426,0,4,-4
124000427,73,0,73
124000428,0,24,-24
124000429,21,6,15
124000430,132,90,42
124000431,42,19,23
124000432,73,274,-201
124000439,17,1,16
124000443,0,0,0
124000445,6,422,-416
124000446,11,17,-6
124000447,2,44,-42
124000448,39,1,38
124000449,32,0,32
124000450,0,2,-2
124000451,0,3,-3
124000452,39,9,30
124000453,1731,1013,718
124000454,42,2634,-2592
124000455,0,0,0
124000456,286,1,285
124000457,0,0,0
124000458,0,0,0
124000459,64,0,64
124000460,0,0,0
124900001,0,0,0
124900002,0,0,0
124900003,0,0,0
124900004,0,0,0
124900005,0,0,0
124900006,0,0,0
124900008,0,0,0
124900009,0,0,0
124900010,0,0,0
124900011,0,0,0
124900012,0,0,0
124900013,0,0,0
124900014,0,0,0
124900015,0,38,-38
124900016,12,7,5
124900017,0,15,-15
124900018,0,0,0
124900020,9,0,9
124900021,19,26,-7
124900022,29,0,29
124900024,62,0,62
124900026,3,0,3
124900027,0,0,0
124900028,0,0,0
124900029,0,0,0
124900030,0,0,0
124900031,0,0,0
124900032,0,0,0
124900033,0,0,0
124900034,0,0,0
124900035,0,0,0
124900036,0,0,0
124900037,0,0,0
124900038,0,0,0
124900039,0,0,0
124900040,0,0,0
124900041,0,0,0
124900042,0,0,0
124900043,0,0,0
124900044,0,0,0
124900045,0,0,0
124900047,0,0,0
124900048,0,0,0
124900050,0,0,0
124900052,0,0,0
124900053,0,0,0
124900054,0,0,0
124900055,0,0,0
124900057,0,0,0
124900060,0,0,0
124900061,23,1,22
124900062,5,0,5
124900066,0,0,0
124900067,0,0,0
124900068,0,0,0
124900070,0,0,0
124900072,0,0,0
124900075,0,0,0
124900076,0,0,0
124900077,0,0,0
124900078,0,0,0
124900079,0,0,0
124900080,0,0,0
124900081,0,0,0
124900082,0,0,0
124900083,0,0,0
124900085,0,0,0
124900086,0,0,0
124900087,0,0,0
124900088,0,0,0
124900089,0,0,0
124900090,31,9,22
124900091,0,0,0
124900092,0,0,0
124900093,60,1,59
124900094,60,3,57
124900095,3,14,-11
124900096,6,2,4
124900097,51,0,51
124900098,0,0,0
124900099,0,0,0
124900100,45,0,45
124900101,64,2,62
124900102,55,0,55
124900103,0,0,0
124900104,0,0,0
124900105,0,0,0
124900106,15,0,15
124900107,2,1,1
124900108,0,0,0
124900111,0,0,0
124900112,0,0,0
124900113,0,0,0
124900114,0,0,0
124900115,0,0,0
124900116,36,48,-12
124900117,0,0,0
124900118,0,79,-79
124900119,0,0,0
124900120,0,0,0
124900121,0,0,0
124900122,0,0,0
124900123,0,0,0
124900124,0,0,0
124900125,74,0,74
124900126,0,0,0
204000001,78,0,78
204000002,25,0,25
204000003,14,0,14
204000004,4,11,-7
204000005,280,525,-245
204000006,863,1320,-457
204000011,0,0,0
204000012,0,0,0
204000019,811,272,539
204000020,367,185,182
204000021,385,377,8
204000022,577,258,319
204000023,0,0,0
204000031,20,2,18
204000032,160,6,154
204000034,1,1,0
204000035,0,0,0
204000036,0,0,0
204000037,0,0,0
204000038,0,0,0
204000039,0,0,0
204000040,0,0,0
204000041,0,0,0
204000042,10,4,6
204000043,2,9,-7
204000044,18,0,18
204000045,6,3,3
204000046,0,2,-2
204000057,0,0,0
204000062,0,0,0
204000068,0,0,0
204000069,0,0,0
204000070,29,37,-8
204000080,0,0,0
204000085,0,0,0
204000086,0,0,0
204000087,6,18,-12
204000088,0,0,0
204000090,22,11,11
204000093,566,25,541
204000096,627,226,401
204000097,134,8,126
204000099,965,1359,-394
204000100,1130,669,461
204000105,0,0,0
204000110,0,0,0
204000111,0,0,0
204000112,0,0,0
204000113,0,0,0
204000114,308,573,-265
204000115,341,136,205
204000116,174,117,57
204000119,1523,673,850
204000132,593,281,312
204000133,742,26,716
204000134,164,26,138
204000135,673,64,609
204000136,192,51,141
204000138,183,575,-392
204000140,171,160,11
204000141,159,52,107
204000144,0,19,-19
204000145,76,2,74
204000146,0,0,0
204000147,9,1,8
204000148,97,4,93
204000154,2,0,2
204000155,0,0,0
204000177,80,3,77
204000179,5,2,3
204000180,0,0,0
204000222,0,0,0
204000235,0,0,0
204000236,1,18,-17
204000238,7,0,7
204000240,71,0,71
204000263,0,0,0
204000268,560,206,354
204000308,1,2,-1
204000317,0,0,0
204000322,0,0,0
204000323,0,0,0
204000328,250,8,242
204000329,5,7,-2
204000330,38,9,29
204000331,3,20,-17
205000001,0,0,0
205000013,0,0,0
205000014,0,0,0
205000015,0,0,0
205000016,0,0,0
205000017,0,0,0
205000022,0,0,0
205000025,0,0,0
205000029,76,30,46
205000045,0,0,0
205000046,0,0,0
205000047,0,0,0
205000048,0,0,0
205000049,0,0,0
205000050,0,0,0
205000059,0,0,0
205000060,0,0,0
205000061,0,0,0
205000062,0,0,0
205000063,0,0,0
205000064,0,0,0
205000065,0,0,0
205000066,0,0,0
205000067,0,0,0
205000069,73,25,48
205000082,87,49,38
205000110,0,0,0
205000111,0,0,0
205000112,130,143,-13
205000113,0,0,0
205000121,120,25,95
205000123,0,0,0
205000126,612,98,514
205000127,757,26,731
205000128,370,10,360
205000129,424,28,396
205000130,87,12,75
205000131,48,9,39
205000132,27,3,24
205000133,42,0,42
205000134,201,0,201
205000137,0,0,0
205000138,0,0,0
205000139,0,0,0
205000144,36,53,-17
205000145,173,70,103
205000151,25,30,-5
205000152,45,28,17
205000153,125,28,97
205000154,54,18,36
205000155,70,9,61
205000207,0,0,0
205000233,15,0,15
205000234,0,0,0
205000243,0,2,-2
205000244,0,0,0
205000245,0,0,0
205000249,0,0,0
205000250,1,1,0
205000264,0,0,0
206000027,0,11,-11
206000028,0,8,-8
206000043,1,21,-20
206000053,0,0,0
206000054,0,0,0
206000055,0,0,0
206000075,0,7,-7
206000076,1,5,-4
206000077,2,1,1
206000078,1,2,-1
206000079,1,6,-5
206000082,30,5,25
206000100,5,123,-118
206000103,0,0,0
206000104,0,0,0
206000105,0,0,0
206000106,0,0,0
206000125,80,0,80
206000157,0,0,0
206000170,0,0,0
206000171,0,4,-4
206000172,0,12,-12
206000173,0,0,0
206000174,0,0,0
206000175,0,3,-3
206000176,0,2,-2
206000177,0,4,-4
206000178,1,6,-5
206000179,0,10,-10
206000180,1,3,-2
206000181,0,13,-13
206000182,3,4,-1
206000183,14,11,3
206000184,0,0,0
206000185,0,1,-1
206000186,0,13,-13
206000223,0,1,-1
206000226,10,0,10
206000227,2,3,-1
206000237,2,9,-7
206000238,2,8,-6
206000239,1,96,-95
206000240,0,0,0
206000241,0,8,-8
206000242,0,2,-2
206000243,0,1,-1
206000244,0,2,-2
206000245,487,14,473
206000246,177,26,151
206000247,146,0,146
206000248,198,3,195
206000252,2,23,-21
206000258,0,0,0
206000315,3,8,-5
206000317,248,72,176
206000318,205,3,202
206000319,532,14,518
206000320,198,13,185
206000321,134,9,125
206000322,76,1,75
206000323,94,13,81
206000324,70,2,68
206000325,64,2,62
206000326,63,6,57
206000327,3,26,-23
206000328,38,3,35
206000329,243,4,239
206000330,11,1,10
206000331,171,0,171
206000332,2,0,2
206000333,480,0,480
206000334,148,0,148
206000335,0,0,0
206000361,0,0,0
206000392,0,0,0
206000405,65,0,65
206000441,12,51,-39
206000498,30,5,25
206000515,25,10,15
206000530,96,30,66
206000531,91,126,-35
206000532,211,49,162
206000535,0,216,-216
206000536,1,14,-13
206000537,0,10,-10
206000613,265,60,205
206000784,165,49,116
207000001,0,0,0
207000002,0,0,0
207000003,0,0,0
207000007,1078,96,982
207000008,62,1,61
207000009,11,0,11
207000010,15,128,-113
207000012,278,42,236
207000015,47,130,-83
207000019,130,34,96
207000021,117,145,-28
207000022,142,79,63
207000023,114,37,77
207000024,1,9,-8
207000025,6,40,-34
207000026,0,0,0
207000027,0,0,0
207000028,0,0,0
207000029,0,0,0
207000033,101,120,-19
207000034,41,29,12
207000039,334,27,307
207000040,287,16,271
207000041,35,6,29
207000042,157,12,145
207000043,87,65,22
207000051,0,0,0
207000052,0,0,0
207000053,0,0,0
207000054,0,0,0
207000055,0,0,0
207000056,0,0,0
207000057,0,0,0
207000058,0,0,0
207000059,0,0,0
207000060,0,0,0
207000061,36,964,-928
207000062,420,25,395
207000063,292,6,286
207000064,194,7,187
207000065,172,42,130
207000066,326,78,248
207000067,75,35,40
207000068,98,13,85
207000069,366,132,234
207000082,1,92,-91
207000083,22,62,-40
207000084,330,75,255
207000085,218,35,183
207000086,476,0,476
207000106,49,12,37
207000107,87,1,86
207000108,45,0,45
207000109,42,1,41
207000110,24,8,16
207000111,54,1,53
207000112,67,112,-45
207000114,0,0,0
207000115,0,0,0
207000116,0,0,0
207000117,0,0,0
207000118,0,0,0
207000119,0,0,0
207000123,77,2,75
207000124,58,23,35
207000125,68,0,68
207000126,68,0,68
207000134,118,16,102
207000135,17,164,-147
207000148,121,128,-7
207000149,0,0,0
207000152,0,0,0
207000153,0,0,0
207000154,119,30,89
207000159,0,0,0
207000160,0,0,0
207000238,0,0,0
207000242,0,0,0
207000248,0,0,0
207000249,0,0,0
207000250,0,0,0
207000251,0,0,0
207000252,0,0,0
207000278,145,40,105
207000279,0,0,0
207000280,584,23,561
207000281,39,112,-73
207000282,2,175,-173
207000283,0,7,-7
207000284,4,466,-462
207000285,0,27,-27
207000291,0,0,0
207000304,31,16,15
207000306,0,0,0
207000310,101,30,71
207000353,19,0,19
207000356,0,0,0
207000357,0,48,-48
207000358,0,33,-33
207000415,0,0,0
207000417,4,2,2
207000418,66,20,46
207000438,0,0,0
207000439,138,38,100
207000446,17,1,16
207000460,75,1,74
207000466,0,0,0
207000467,199,10,189
207000468,0,0,0
207000476,25,1,24
207000477,190,3,187
207000478,0,0,0
207000523,0,0,0
207000524,19,0,19
207000527,125,23,102
207000530,168,0,168
207000531,57,0,57
207000532,3,1,2
207000534,27,47,-20
207000535,0,0,0
207000537,0,0,0
207000540,0,0,0
207000541,0,0,0
207000548,0,0,0
207000549,37,2,35
207000561,106,13,93
207000562,0,0,0
207000567,0,0,0
207000568,62,2,60
207000569,246,1,245
207000584,0,0,0
207000585,1,9,-8
207000587,204,2,202
207000616,0,0,0
207000617,106,0,106
207000624,9,3,6
207000631,0,12,-12
207900008,343,30,313
208000001,218,461,-243
208000002,488,427,61
208000003,459,290,169
208000004,405,294,111
208000005,0,0,0
208000019,525,258,267
208000020,119,106,13
208000021,40,72,-32
208000022,87,172,-85
208000028,41,445,-404
208000033,42,97,-55
208000034,58,171,-113
208000037,99,1,98
208000040,61,20,41
208000041,88,236,-148
208000042,247,229,18
208000047,0,0,0
208000064,834,823,11
208000066,485,843,-358
208000070,193,225,-32
208000071,337,57,280
208000072,299,183,116
208000080,128,171,-43
208000081,256,20,236
208000082,4,2,2
208000083,1,0,1
208000084,15,36,-21
208000085,14,5,9
208000086,11,9,2
208000087,51,12,39
208000089,3,1,2
208000090,1,0,1
208000093,0,0,0
208000094,23,73,-50
208000095,171,21,150
208000104,939,226,713
208000105,540,358,182
208000114,22,391,-369
208000115,168,217,-49
208000116,279,713,-434
208000117,1,85,-84
208000118,64,99,-35
208000155,45,53,-8
208000158,58,118,-60
208000186,315,856,-541
208000204,26,49,-23
208000205,102,48,54
208000282,65,80,-15
209000004,155,45,110
209000005,24,3,21
209000006,274,103,171
209000007,266,126,140
209000010,0,0,0
209000011,0,0,0
209000012,0,0,0
209000013,0,0,0
209000014,0,0,0
209000025,202,37,165
209000026,510,37,473
209000027,0,0,0
209000028,0,0,0
209000029,0,0,0
209000030,0,0,0
209000031,0,0,0
209000034,86,143,-57
209000035,125,211,-86
209000036,400,22,378
209000037,475,134,341
209000038,259,86,173
209000039,106,94,12
209000040,140,22,118
209000041,88,24,64
209000042,54,46,8
209000043,125,51,74
209000044,164,157,7
209000045,284,46,238
209000046,216,55,161
209000047,230,7,223
209000048,739,168,571
209000049,0,0,0
209000050,0,0,0
209000051,0,0,0
209000052,0,0,0
209000062,0,0,0
209000063,0,0,0
209000064,0,0,0
209000065,189,43,146
209000066,111,42,69
209000067,163,51,112
209000080,0,0,0
209000082,8,9,-1
209000091,0,0,0
209000093,0,0,0
209000094,0,0,0
209000110,16,49,-33
209000111,286,588,-302
209000112,463,133,330
209000113,497,130,367
209000114,359,267,92
209000115,0,0,0
209000116,0,0,0
209000118,1,89,-88
209000119,0,0,0
209000121,0,0,0
209000135,12,14,-2
209000142,344,421,-77
209000143,0,0,0
209000144,32,115,-83
209000229,190,9,181
209000240,0,0,0
209000259,0,0,0
209000260,0,0,0
209000261,0,0,0
209000262,0,0,0
209000263,0,0,0
209000264,0,0,0
209000265,63,0,63
209000266,22,0,22
209000267,661,2,659
209000268,414,72,342
210000037,118,8,110
210000047,21,41,-20
210000048,12,6,6
210000049,58,0,58
210000052,0,0,0
210000053,0,0,0
210000054,0,0,0
210000070,159,19,140
210000071,102,3,99
210000072,29,0,29
210000073,0,0,0
210000074,0,0,0
210000075,0,0,0
210000076,0,0,0
210000077,0,0,0
210000078,0,0,0
210000079,19,2,17
210000080,14,42,-28
210000081,18,1,17
210000082,1,0,1
210000083,20,0,20
210000084,89,0,89
210000085,0,0,0
210000086,0,0,0
210000099,0,0,0
210000100,0,0,0
210000101,0,0,0
210000105,0,0,0
210000159,0,0,0
210000163,0,0,0
210000164,137,100,37
210000168,54,15,39
210000187,0,0,0
210000188,0,0,0
210000214,30,0,30
210000219,10,23,-13
210000220,97,37,60
210000232,0,0,0
210000233,0,0,0
210000234,0,0,0
210000235,0,0,0
210000245,0,0,0
210000246,13,1,12
210000258,0,0,0
210000259,62,3,59
210000282,0,0,0
210000285,0,0,0
210000286,0,0,0
210000290,0,2,-2
210000295,0,0,0
210000296,0,0,0
210000320,154,23,131
210000321,102,5,97
210000338,0,0,0
210000339,0,0,0
210000340,0,0,0
210000341,0,0,0
210000342,0,0,0
210000343,0,0,0
210000344,0,0,0
210000345,0,0,0
210000346,0,0,0
210000347,0,0,0
210000348,0,0,0
210000349,0,0,0
210000350,0,0,0
210000351,0,0,0
210000352,39,3,36
210000353,47,8,39
210000354,28,3,25
210000355,14,30,-16
210000356,3,40,-37
210000357,34,98,-64
210000358,30,82,-52
210000359,25,85,-60
210000360,98,81,17
210000361,86,48,38
210000362,149,47,102
210000363,308,120,188
210000364,191,23,168
210000365,92,14,78
210000366,109,30,79
210000367,19,1,18
210000368,53,8,45
210000369,25,25,0
210000370,50,6,44
210000372,1,4,-3
210000373,1,51,-50
210000374,57,25,32
210000375,15,6,9
210000376,5,50,-45
210000404,0,0,0
210000439,85,11,74
210000472,12,13,-1
210000482,36,32,4
210000564,79,43,36
210000567,1,21,-20
210000568,114,0,114
211000092,16,5,11
211000094,5,0,5
211000169,46,0,46
211000172,2,45,-43
211000209,0,1,-1
211000226,14,2,12
211000270,25,14,11
211000275,4,8,-4
211000276,52,1,51
211000279,5,10,-5
211000281,11,1,10
211000302,0,0,0
211507980,0,14,-14
211977296,0,5,-5
212000003,149,7,142
212000004,0,0,0
212000005,0,0,0
212000006,0,0,0
212000008,0,0,0
212000009,0,0,0
212000012,0,0,0
212000013,0,0,0
212000014,0,0,0
212000015,0,0,0
212000016,0,0,0
212000027,588,57,531
212000028,298,127,171
212000029,144,236,-92
212000030,62,22,40
212000031,70,28,42
212000048,0,0,0
212000049,0,0,0
212000050,0,0,0
212000051,0,0,0
212000052,0,0,0
212000053,0,0,0
212000054,338,11,327
212000055,309,31,278
212000056,2,11,-9
212000057,1,22,-21
212000058,16,2,14
212000070,0,0,0
212000077,0,0,0
212000099,356,45,311
212000108,260,120,140
212000111,449,22,427
212000120,0,0,0
212000138,0,0,0
212000156,0,0,0
212000158,0,47,-47
212000159,599,35,564
212000160,786,57,729
212000161,133,47,86
212000310,0,0,0
212000311,3,55,-52
212000374,0,0,0
213000001,1,167,-166
213000005,251,13,238
213000006,224,59,165
213000007,44,1,43
213000009,147,147,0
213000010,265,41,224
213000011,181,8,173
213000012,0,1,-1
213000014,21,2,19
213000015,136,0,136
213000016,187,0,187
213000017,47,0,47
213000018,0,1,-1
213000019,0,2,-2
213000020,6,1,5
213000021,0,3,-3
213000023,536,88,448
213000033,38,115,-77
213000034,312,72,240
213000035,196,212,-16
213000045,36,80,-44
213000046,4,23,-19
213000047,38,570,-532
213000056,73,1,72
213000069,4,0,4
213000073,0,1,-1
213000074,0,54,-54
213000075,298,0,298
213000076,3,0,3
213000085,0,0,0
213000086,0,0,0
213000091,112,1,111
213000092,38,8,30
213000099,4,289,-285
213000100,548,168,380
213000101,241,36,205
213000102,246,53,193
213000103,247,100,147
213000104,11,37,-26
213000105,0,41,-41
213000106,5,9,-4
213000107,61,34,27
213000108,4,43,-39
213000109,1,39,-38
213000110,1,25,-24
213000111,0,22,-22
213000112,0,74,-74
213000115,24,3,21
213000116,1,50,-49
213000117,0,72,-72
213000118,317,151,166
213000119,0,9,-9
213000120,0,8,-8
213000122,2,21,-19
213000123,4,35,-31
213000124,5,33,-28
213000125,132,49,83
213000126,0,8,-8
213000127,8,34,-26
213000128,4,98,-94
213000129,53,754,-701
213000130,530,342,188
213000132,271,114,157
213000133,545,63,482
213000134,800,6,794
213000136,413,10,403
213000137,330,14,316
213000139,79,1,78
213000147,1,1,0
213000148,0,0,0
213000149,1,0,1
213000150,0,0,0
213000151,0,0,0
213000152,0,0,0
213000153,0,0,0
213000154,0,0,0
213000155,0,0,0
213000156,0,0,0
213000157,0,0,0
213000158,13,116,-103
213000159,380,52,328
213000163,488,110,378
213000165,294,106,188
213000171,23,2,21
213000172,8,0,8
213000173,1,0,1
213000174,0,1,-1
213000175,14,1,13
213000176,2,29,-27
213000177,5,8,-3
213000178,49,7,42
213000179,67,4,63
213000180,64,0,64
213000184,5,45,-40
213000188,247,19,228
213000189,305,29,276
213000190,123,19,104
213000191,356,10,346
213000192,202,0,202
213000193,0,0,0
213000194,0,0,0
213000195,0,0,0
213000196,0,0,0
213000197,507,183,324
213000198,3,0,3
213000200,67,71,-4
213000201,2,24,-22
213000202,3,9,-6
213000203,838,212,626
213000204,668,5,663
213000205,239,9,230
213000206,512,10,502
213000207,7,0,7
213000208,1,1,0
213000209,13,0,13
213000210,53,0,53
213000211,0,0,0
213000212,0,0,0
213000213,0,0,0
213000218,137,220,-83
213000219,260,8,252
213000220,286,2,284
213000223,58,79,-21
213000224,0,34,-34
213000225,51,13,38
213000226,58,1,57
213000227,542,62,480
213000228,273,9,264
213000229,4,4,0
213000230,180,4,176
213000232,7,223,-216
213000233,0,0,0
213000234,0,0,0
213000293,0,0,0
213000294,83,0,83
213000295,0,4,-4
213000296,17,21,-4
213000297,0,0,0
213000298,0,0,0
213000299,6,8,-2
213000300,0,21,-21
213000303,0,0,0
213000304,0,0,0
213000305,4,16,-12
213000306,0,0,0
213000307,16,17,-1
213000308,0,0,0
213000309,68,17,51
213000310,65,35,30
213000311,8,165,-157
213000315,0,0,0
213000316,179,16,163
213000322,0,0,0
213000323,5,8,-3
213000340,0,11,-11
213000341,418,41,377
213000346,53,119,-66
213000347,38,157,-119
213000348,0,2,-2
213000349,0,0,0
213000350,27,172,-145
213000366,0,41,-41
213000367,254,8,246
213000379,0,0,0
213000386,2,11,-9
213000406,22,22,0
213000417,699,145,554
213000425,50,4,46
213000426,35,0,35
213000427,16,4,12
213000428,7,21,-14
213000429,1,1,0
213000430,33,16,17
213000431,0,0,0
213000432,0,246,-246
213000433,0,3,-3
213000434,11,2,9
213000435,39,12,27
213000439,4,13,-9
213000441,0,0,0
213000443,262,169,93
213000445,0,18,-18
213000446,0,84,-84
213000447,1,15,-14
213000448,0,0,0
213000449,406,1,405
213000450,2,1,1
213000451,20,0,20
213000452,0,0,0
213000453,0,0,0
213000455,17,10,7
213000456,0,2,-2
213000481,9,0,9
213000482,3,1,2
213000489,6,5,1
213000491,0,0,0
213000492,24,0,24
213000493,0,0,0
213000494,106,43,63
213000495,0,1,-1
213000496,291,88,203
213000497,0,8,-8
213000498,11,5,6
213000499,4,37,-33
213000500,259,5,254
213000501,96,16,80
213000502,15,8,7
213000503,0,4,-4
213000504,0,6,-6
213000505,35,16,19
213000506,0,0,0
213000507,0,6,-6
213900244,10,0,10
213900245,0,0,0
218000003,0,0,0
218000004,0,0,0
218000005,0,4,-4
218000006,20,13,7
218000007,1,5,-4
218000012,11,58,-47
218000013,0,83,-83
218000014,15,46,-31
218000019,117,22,95
218000020,114,42,72
218000040,1,0,1
218000046,10,7,3
218000047,6,15,-9
218000048,31,18,13
218000049,29,28,1
218000050,109,27,82
218000051,13,75,-62
218000052,0,20,-20
218000053,0,0,0
218000054,7,5,2
218000055,0,5,-5
218000056,0,1,-1
218000057,0,6,-6
218000064,0,20,-20
218000065,57,1,56
218000066,4,12,-8
218000067,10,43,-33
218000068,14,7,7
218000069,32,3,29
218000070,16,8,8
218000071,58,15,43
218000072,30,18,12
218000078,47,13,34
218000079,168,30,138
218000080,83,37,46
218000081,321,27,294
218000082,68,21,47
218000083,0,0,0
218000084,0,0,0
218000085,0,0,0
218000086,0,0,0
218000087,0,0,0
218000090,0,19,-19
218000091,552,140,412
218000092,102,32,70
218000093,26,20,6
218000094,0,0,0
218000099,68,109,-41
218000100,35,39,-4
218000101,52,59,-7
218000102,91,16,75
218000103,3,5,-2
218000104,33,0,33
218000105,0,0,0
218000106,0,0,0
218000107,0,0,0
218000108,0,0,0
218000112,0,0,0
218000117,7,35,-28
218000134,25,18,7
218000135,0,6,-6
218000136,16,13,3
218000137,34,8,26
218000138,0,0,0
218000139,55,0,55
218000140,208,134,74
218000141,17,3,14
218000142,130,22,108
218000143,26,134,-108
218000144,27,61,-34
218000145,146,36,110
218000146,36,52,-16
218000151,0,1,-1
218000152,65,6,59
218000170,1,14,-13
218000171,28,0,28
218000172,0,10,-10
218000173,1,4,-3
218000174,4,0,4
218000176,187,3,184
218000177,345,35,310
218000178,147,19,128
218000179,290,0,290
218000180,11,0,11
218000181,229,1,228
218000187,0,0,0
218000188,0,0,0
218000189,0,0,0
218000190,0,0,0
218000191,0,0,0
218000192,0,0,0
218000193,0,0,0
218000194,0,0,0
218000195,101,24,77
218000196,173,23,150
218000197,344,10,334
218000198,81,33,48
218000199,11,27,-16
218000200,12,4,8
218000201,1,1,0
218000202,0,0,0
218000207,0,0,0
218000208,0,0,0
218000211,3,1,2
218000213,23,57,-34
218000214,0,23,-23
218000215,24,11,13
218000217,0,7,-7
218000218,137,144,-7
218000219,0,71,-71
218000220,19,163,-144
218000221,122,157,-35
218000222,0,27,-27
218000223,22,217,-195
218000224,0,214,-214
218000225,162,27,135
218000226,95,18,77
218000232,0,4,-4
218000239,45,0,45
218000240,0,0,0
218000241,0,0,0
218000242,0,0,0
218000243,2,0,2
218000244,1,0,1
218000245,1,0,1
218000246,0,0,0
218000247,0,0,0
218000248,0,0,0
218000249,0,0,0
218000250,0,0,0
218000251,0,0,0
218000252,0,0,0
218000253,0,0,0
218000254,0,0,0
218000255,1,0,1
218000256,0,0,0
218000267,0,0,0
218000268,0,0,0
218000269,0,0,0
218000270,0,0,0
218000271,0,0,0
218000273,16,6,10
218000274,26,0,26
218000275,14,19,-5
218000276,9,3,6
218000278,0,2,-2
218000279,25,7,18
218000280,0,3,-3
218000281,0,4,-4
218000282,47,351,-304
218000284,12,10,2
218000301,0,0,0
218000302,44,2,42
218000303,0,0,0
218000316,729,327,402
218000317,1031,177,854
218000318,657,76,581
218000319,9,6,3
218000320,0,0,0
218000338,3,3,0
218000345,0,0,0
218000346,30,69,-39
218000459,19,12,7
218000490,0,0,0
218000501,67,19,48
218000502,0,0,0
218000503,39,5,34
218000504,75,9,66
218000505,0,0,0
218000506,0,0,0
218000508,0,0,0
218000510,44,20,24
218000520,119,71,48
218000521,7,24,-17
218000522,0,52,-52
218000523,28,26,2
218000524,0,34,-34
218000525,10,2,8
218000526,0,28,-28
218000529,1,8,-7
218000531,21,3,18
218000532,0,0,0
218000534,109,3,106
218000537,1,57,-56
218000538,22,61,-39
218000540,0,0,0
218000543,21,6,15
218000544,0,0,0
218000545,26,1,25
218000546,0,0,0
218000547,10,10,0
218000548,0,0,0
218000549,298,29,269
218000550,10,27,-17
218000551,0,64,-64
218000552,122,46,76
218000553,0,0,0
218000554,0,0,0
218000555,38,11,27
218000556,0,0,0
218000557,128,56,72
218000558,9,0,9
218000559,0,4,-4
218000560,0,3,-3
218000561,3,0,3
218000562,0,16,-16
218000563,54,5,49
218000564,0,6,-6
218000565,32,0,32
218000566,5,2,3
218000567,0,31,-31
218000568,0,0,0
218000569,0,0,0
218000570,13,4,9
218000571,0,25,-25
218000572,32,0,32
218000573,0,24,-24
218000574,3,4,-1
218000575,49,0,49
218000576,0,40,-40
218000577,6,0,6
218000578,0,20,-20
218000579,0,1,-1
218000581,0,0,0
218000582,4,1,3
218000583,0,0,0
218000584,0,0,0
218000585,25,0,25
218000586,20,0,20
218000587,0,0,0
218000588,0,0,0
218000589,0,0,0
218000590,4,0,4
218000591,0,0,0
218000592,0,0,0
218000593,0,0,0
218000594,0,8,-8
218000597,0,14,-14
218000598,0,0,0
218000599,1,3,-2
218000600,0,0,0
218000601,0,12,-12
218000602,0,0,0
218000603,0,1,-1
218000604,25,12,13
218000605,0,62,-62
218000606,51,1,50
218000607,0,13,-13
218000608,13,0,13
218000609,1,0,1
218000610,38,0,38
218000611,8,0,8
218000612,0,0,0
218000613,10,0,10
218000614,0,3,-3
218000615,31,0,31
218000616,7,25,-18
218000617,10,0,10
218000618,0,0,0
218000619,22,0,22
218000620,0,3,-3
218000621,0,0,0
218000622,0,15,-15
218000623,20,0,20
218000624,0,4,-4
218000625,0,0,0
218000626,0,0,0
218000628,94,22,72
218000631,18,0,18
218000632,0,35,-35
218000633,29,0,29
218000634,0,0,0
218000635,12,0,12
218000636,26,42,-16
218000637,483,24,459
218000638,313,20,293
218000639,5,13,-8
218000640,229,9,220
218000641,15,65,-50
218000652,3,10,-7
218000653,196,12,184
218000663,1,1,0
218000675,1,31,-30
218000680,14,4,10
218000681,234,13,221
218000691,41,22,19
218000693,286,7,279
218000718,0,14,-14
218000719,6,74,-68
218000720,0,2,-2
218000721,0,0,0
218001147,0,0,0
218001214,0,0,0
218001258,444,0,444
218001329,57,97,-40
218001330,1,7,-6
218001351,2,5,-3
218001352,0,6,-6
218001353,9,16,-7
218001354,0,2,-2
218001355,0,0,0
218001356,201,35,166
218001357,0,0,0
218001358,94,2,92
218001361,973,47,926
218001362,0,0,0
219000001,0,0,0
219000002,0,0,0
219000003,18,3,15
219000004,10,40,-30
219000017,11,56,-45
219000020,116,7,109
219000022,89,0,89
219000023,59,0,59
219000029,0,0,0
219000034,60,45,15
219000039,0,0,0
219000040,6,42,-36
219000041,87,30,57
219000051,0,0,0
219000052,0,0,0
219000053,0,0,0
219000055,147,0,147
219000056,0,0,0
219000057,25,0,25
219000062,0,0,0
219000063,36,2,34
219000064,0,0,0
219000110,132,131,1
219000111,34,59,-25
219000112,119,12,107
219000113,128,10,118
219000114,92,26,66
219000116,64,9,55
219000117,145,7,138
219000118,16,25,-9
219000123,85,0,85
219000124,1,0,1
219000125,0,0,0
219000126,0,0,0
219000127,0,0,0
219000128,0,0,0
219000129,0,0,0
219000130,0,0,0
219000131,245,737,-492
219000133,3,52,-49
219000134,18,30,-12
219000135,14,7,7
219000136,40,58,-18
219000138,68,3,65
219000139,15,0,15
219000140,35,0,35
219000141,11,0,11
219000142,2,0,2
219000143,0,0,0
219000145,14,6,8
219000146,0,0,0
219000147,0,0,0
219000148,0,0,0
219000149,0,0,0
219000150,0,0,0
219000151,0,0,0
219000157,158,44,114
219000158,48,41,7
219000161,69,2,67
219000163,143,155,-12
219000166,40,8,32
219000167,7,9,-2
219000168,102,53,49
219000174,266,46,220
219000175,137,0,137
219000176,104,6,98
219000177,46,0,46
219000178,89,0,89
219000179,4,15,-11
219000180,8,0,8
219000182,70,4,66
219000183,53,3,50
219000184,36,1,35
219000185,0,0,0
219000186,100,6,94
219000187,16,1,15
219000189,0,0,0
219000190,0,0,0
219000191,0,0,0
219000192,166,173,-7
219000193,6,1,5
219000195,0,0,0
219000196,0,0,0
219000198,0,0,0
219000199,0,0,0
219000200,0,0,0
219000201,0,0,0
219000203,0,0,0
219000204,0,0,0
219000205,0,0,0
219000207,0,0,0
219000209,0,0,0
219000210,0,0,0
219000213,0,0,0
219000239,0,0,0
219000240,0,0,0
219000241,0,0,0
219000242,0,0,0
219000243,0,0,0
219000244,0,0,0
219000245,0,0,0
219000246,6,2,4
219000247,194,62,132
219000248,236,237,-1
219000249,77,108,-31
219000250,64,44,20
219000251,163,38,125
219000252,220,91,129
219000253,129,11,118
219000255,62,92,-30
219000256,132,63,69
219000257,173,0,173
219000262,0,0,0
219000263,0,0,0
219000267,0,0,0
219000268,0,0,0
219000269,0,0,0
219000270,34,0,34
219000271,93,0,93
219000278,0,0,0
219000279,0,0,0
219000283,0,0,0
219000295,0,0,0
219000296,0,0,0
219000297,0,0,0
219000298,0,0,0
219000299,179,22,157
219000300,0,0,0
219000301,0,0,0
219000302,0,0,0
219000307,0,0,0
219000308,4,11,-7
219000311,159,9,150
219000312,308,40,268
219000313,200,29,171
219000314,0,0,0
219000315,194,0,194
219000316,310,26,284
219000317,43,18,25
219000320,0,0,0
219000321,0,0,0
219000323,0,0,0
219000325,0,0,0
219000326,0,0,0
219000327,0,0,0
219000328,0,0,0
219000329,38,46,-8
219000330,2,31,-29
219000331,19,3,16
219000332,152,43,109
219000333,26,2,24
219000335,22,1,21
219000337,3,0,3
219000338,37,1,36
219000344,0,0,0
219000345,0,0,0
219000346,0,0,0
219000348,0,0,0
219000349,0,0,0
219000350,0,0,0
219000351,0,0,0
219000352,14,39,-25
219000353,67,38,29
219000354,193,44,149
219000355,108,49,59
219000356,160,754,-594
219000363,88,24,64
219000364,131,7,124
219000365,85,2,83
219000366,103,194,-91
219000368,50,395,-345
219000370,130,557,-427
219000371,0,0,0
219000382,2,0,2
219000383,0,0,0
219000385,0,0,0
219000386,0,0,0
219000387,0,0,0
219000390,0,2,-2
219000391,0,0,0
219000397,0,0,0
219000398,33,1,32
219000401,0,0,0
219000402,0,0,0
219000403,0,0,0
219000404,0,0,0
219000407,0,0,0
219000409,60,5,55
219000410,42,28,14
219000411,11,0,11
219000446,0,0,0
219000447,0,0,0
219000448,22,3,19
219000452,41,19,22
219000453,0,0,0
219000454,106,254,-148
219000556,152,12,140
219000558,0,0,0
219000590,0,0,0
219000591,54,15,39
219000592,0,0,0
219000595,0,0,0
219000635,81,15,66
219000636,0,0,0
219000657,0,0,0
219000658,0,0,0
219000673,0,0,0
219000676,1,0,1
219000679,31,2,29
219000684,126,0,126
219000685,0,0,0
219000686,0,0,0
219000688,0,0,0
219000689,0,0,0
219000690,65,1,64
219000691,2,0,2
219000692,73,0,73
219000693,0,0,0
219000694,2,0,2
219000695,15,3,12
219000698,4,0,4
219000699,0,0,0
219000727,1,0,1
219000728,29,1,28
219000770,1,5,-4
219000771,0,0,0
219000788,0,0,0
219001150,1,24,-23
219001151,0,0,0
219001166,3,17,-14
219001167,0,0,0
219001178,48,1,47
220000001,1,11,-10
220000002,2,14,-12
220000003,0,0,0
220000004,0,0,0
220000005,0,0,0
220000006,0,0,0
220000007,0,0,0
220000008,0,0,0
220000009,16,103,-87
220000010,4,6,-2
220000011,21,252,-231
220000012,3,62,-59
220000014,0,0,0
220000015,7,244,-237
220000017,40,41,-1
220000018,732,89,643
220000019,232,362,-130
220000020,100,43,57
220000021,197,69,128
220000022,406,106,300
220000023,73,86,-13
220000024,260,257,3
220000025,201,729,-528
220000026,35,473,-438
220000027,26,42,-16
220000028,30,74,-44
220000029,0,0,0
220000030,0,0,0
220000031,115,153,-38
220000064,0,0,0
221000046,1,1,0
221000047,0,0,0
221000048,0,0,0
221000049,0,0,0
221000050,1,0,1
221000055,9,0,9
221000068,148,95,53
221000069,239,78,161
221000070,226,12,214
221000071,96,2,94
221000072,177,9,168
221000073,132,6,126
221000074,0,0,0
221000075,0,0,0
221000076,0,0,0
221000077,0,0,0
221000081,72,5,67
221000082,29,0,29
221000083,1,5,-4
221000084,14,3,11
221000085,8,0,8
221000086,0,0,0
221000087,0,0,0
221000088,0,0,0
221000089,0,0,0
221000090,0,0,0
221000098,61,6,55
221000099,159,3,156
221000100,129,0,129
221000101,163,2,161
221000107,18,0,18
221000108,61,0,61
221000109,0,0,0
221000110,0,0,0
221000111,0,0,0
221000112,0,0,0
221000113,0,0,0
221000114,0,0,0
221000120,24,0,24
221000121,1,2,-1
221000122,8,21,-13
221000123,1,35,-34
221000124,30,46,-16
221000155,71,1,70
221000156,22,8,14
221000175,9,4,5
221000176,0,11,-11
221000182,12,6,6
221000241,269,296,-27
221000242,0,0,0
221000243,293,135,158
221000244,0,0,0
221000245,68,52,16
221000246,0,0,0
221000247,235,34,201
221000248,0,0,0
221000267,15,127,-112
221000325,40,20,20
221000331,0,14,-14
221000338,4,3,1
221000378,189,21,168
221000381,7,40,-33
222000282,1,0,1
222000296,0,25,-25
222000568,284,14,270
222000569,79,21,58
222000570,133,10,123
222000571,258,8,250
222000577,0,4,-4
222000578,1,43,-42
222000579,0,27,-27
222000580,1,202,-201
222000599,0,6,-6
222000600,1,3,-2
222000601,0,107,-107
222000603,7,0,7
222000604,1,12,-11
222000605,0,21,-21
222000606,0,3,-3
222000607,0,3,-3
222000608,0,0,0
222000609,2,0,2
222000616,150,9,141
222000617,0,0,0
222000618,1,0,1
222000620,17,1,16
222000621,2,1,1
222000623,198,2,196
222000624,277,0,277
222000625,427,103,324
222000636,33,0,33
222000686,8,2,6
222000687,6,0,6
222001066,98,2,96
222001067,19,0,19
222001068,30,0,30
222001069,19,19,0
222001082,11,0,11
222001083,2,0,2
222001084,0,2,-2
222001085,0,45,-45
222001111,34,29,5
222001112,141,10,131
222001313,0,2,-2
222001314,0,27,-27
222001464,127,7,120
222001465,0,4,-4
222001484,89,18,71
222001485,1,0,1
222001494,370,26,344
222001495,17,20,-3
222001496,331,7,324
222001497,40,32,8
222001502,0,0,0
222001503,13,1,12
222001504,0,0,0
222001505,259,14,245
222001506,0,0,0
222001507,27,5,22
222001510,352,1,351
222001511,0,0,0
222001514,159,33,126
222001515,0,0,0
222001518,224,4,220
222001519,0,0,0
222001527,50,15,35
222001528,0,0,0
222001529,174,14,160
222001530,0,0,0
222001533,0,0,0
222001534,250,1,249
222001535,176,43,133
222001536,1,52,-51
222001537,70,2,68
222001538,0,0,0
222001563,605,3,602
222001564,0,0,0
222001568,39,2,37
222001576,0,22,-22
222001579,1,1,0
222001583,1,1,0
222001584,32,1,31
222001596,32,69,-37
222001597,443,92,351
222001626,0,1,-1
222001650,0,5,-5
222001651,49,70,-21
222001914,79,34,45
222001915,0,0,0
222001968,200,45,155
222001969,26,35,-9
222001970,25,33,-8
222001971,70,2,68
222001972,0,0,0
225000001,273,74,199
225000002,362,74,288
225000003,436,25,411
225000004,176,51,125
225000005,21,31,-10
225000006,0,0,0
225000007,0,0,0
225000010,69,2,67
225000011,79,942,-863
225000012,82,646,-564
225000013,44,57,-13
225000014,355,66,289
225000015,1,2,-1
225000021,143,27,116
225000027,3,1,2
225000032,139,31,108
225000042,2,5,-3
225000049,0,0,0
225000050,82,4,78
225000053,0,0,0
225000058,499,64,435
225000067,0,0,0
225000068,0,0,0
225000069,0,0,0
225000070,0,0,0
225000071,0,0,0
225000075,0,2,-2
225000076,0,0,0
225000078,14,18,-4
225000085,65,18,47
225000086,202,3,199
225000087,79,1,78
225000088,0,0,0
225000089,0,0,0
225000090,0,0,0
225000091,0,0,0
225000092,0,0,0
225000093,0,0,0
225000094,0,0,0
225000095,0,0,0
225000096,0,0,0
225000098,295,76,219
225000099,368,38,330
225000100,425,81,344
225000104,7,4,3
225000110,0,1,-1
225000111,0,10,-10
225000112,22,16,6
225000113,8,12,-4
225000114,0,10,-10
225000115,24,32,-8
225000116,133,40,93
225000117,379,298,81
225000118,782,176,606
225000119,61,15,46
225000120,217,21,196
225000121,95,6,89
225000123,711,29,682
225000125,319,64,255
225000126,499,145,354
225000127,433,1051,-618
225000128,361,793,-432
225000132,275,49,226
225000133,155,12,143
225000134,268,135,133
225000135,79,1,78
225000136,252,2,250
225000137,281,22,259
225000138,414,15,399
225000143,0,0,0
225000144,0,0,0
225000145,17,37,-20
225000146,0,0,0
225000147,0,0,0
225000148,0,0,0
225000149,0,0,0
225000151,0,0,0
225000155,0,0,0
225000156,5,17,-12
225000157,2,4,-2
225000158,0,0,0
225000171,0,0,0
225000180,26,0,26
225000181,0,0,0
225000182,22,7,15
225000185,0,2,-2
225000187,1,0,1
225000191,11,0,11
225000194,0,0,0
225000208,0,0,0
225000209,42,1,41
225000210,0,0,0
225000217,0,0,0
225000218,14,0,14
225000223,0,0,0
225000224,5,0,5
225000225,0,0,0
225000226,203,1,202
225000227,0,0,0
225000228,5,31,-26
225000229,0,0,0
225000230,1,0,1
225000231,0,0,0
225000232,51,0,51
225000241,40,0,40
225000242,0,0,0
225000249,48,22,26
225000250,0,0,0
225000251,267,16,251
226000042,0,0,0
226000043,0,0,0
226000044,0,0,0
226000045,0,0,0
226000046,410,27,383
226000047,166,28,138
226000048,209,47,162
226000049,180,81,99
226000070,0,0,0
226000071,0,0,0
226000072,0,0,0
226000073,0,0,0
226000074,0,0,0
226000084,0,0,0
226000085,0,0,0
226000086,0,0,0
226000087,0,0,0
226000088,0,0,0
226000090,100,30,70
226000091,1,36,-35
226000092,0,46,-46
226000093,1,1,0
226000094,11,0,11
226000095,16,21,-5
226000105,0,0,0
226000106,1,0,1
226000107,5,0,5
226000108,4,0,4
226000109,37,0,37
226000124,61,15,46
226000134,229,248,-19
226000135,657,219,438
226000136,189,83,106
226000137,0,0,0
226000138,0,0,0
226000139,0,0,0
226000156,98,11,87
226000157,112,0,112
226000163,0,0,0
226000202,0,0,0
226000231,282,13,269
226000232,13,0,13
227000033,35,0,35
227000037,335,8,327
227000038,61,1,60
227000049,0,0,0
227000050,0,0,0
227000055,18,0,18
227000056,0,0,0
227000084,0,0,0
227000085,0,0,0
227000088,23,1,22
227000089,6,0,6
227000090,34,0,34
227000091,33,0,33
227000093,30,1,29
227000094,0,0,0
227000130,0,0,0
227000131,0,0,0
227000132,0,0,0
227000133,0,0,0
227000134,0,0,0
227000152,0,0,0
227000153,0,0,0
227000155,0,0,0
227000156,0,0,0
227000165,0,0,0
227000196,0,0,0
227000199,450,4,446
227000230,0,0,0
227000232,209,2,207
227000241,477,3,474
227000242,0,0,0
227000243,233,15,218
227000244,264,17,247
227000245,0,0,0
227000246,0,0,0
227000247,299,25,274
227000248,82,24,58
227000249,0,0,0
227000250,16,23,-7
227000251,0,0,0
227000252,0,0,0
227000253,228,35,193
227000262,503,5,498
227000266,481,5,476
227000267,0,0,0
227000486,102,94,8
227000655,211,1,210
227000661,62,28,34
227000680,16,86,-70
229000265,3,2,1
229000296,0,3,-3
229000297,0,32,-32
229000298,2,10,-8
229000320,16,0,16
229000321,1,0,1
229000412,1,8,-7
229000414,0,2,-2
229000415,1,0,1
229000416,1,0,1
229000417,0,0,0
229000419,12,30,-18
229000440,65,21,44
229000442,4,0,4
229000443,5,0,5
229000444,0,4,-4
229000445,45,2,43
229000446,22,14,8
229000847,30,0,30
229000848,28,0,28
229000849,45,0,45
229000851,111,0,111
229000854,0,0,0
229000856,0,0,0
229000857,0,0,0
229000858,0,0,0
229000919,0,0,0
229000930,0,0,0
229000937,117,2,115
229000966,24,0,24
229000981,0,0,0
229000985,1,1,0
229000986,0,0,0
229000987,0,0,0
229000988,0,0,0
229000989,0,2,-2
229000990,0,0,0
229000991,0,0,0
229000992,2,0,2
229000993,50,2,48
229000998,0,11,-11
229000999,11,1,10
229001034,0,4,-4
229001035,0,0,0
229001037,5,0,5
229001042,7,1,6
229001047,11,8,3
229001050,19,13,6
229001200,1,0,1
229001338,0,4,-4
229001394,112,0,112
229001422,114,28,86
229001423,0,0,0
229001431,6,21,-15
229001432,0,0,0
229001444,68,5,63
229001445,27,4,23
229001503,100,19,81
229001504,0,0,0
229001505,51,4,47
229001506,0,0,0
229001509,5,0,5
229001545,15,2,13
229001546,0,0,0
229001553,34,2,32
229001554,0,0,0
229001559,0,0,0
229001560,0,9,-9
229001630,36,0,36
229001631,3,1,2
229001635,0,23,-23
229001636,0,0,0
229001658,0,0,0
229001659,13,6,7
229001660,0,0,0
229001661,0,1,-1
229001662,0,0,0
229001663,0,0,0
229002584,2,16,-14
229002831,32,39,-7
229002841,0,3,-3
229002842,4,0,4
229002843,1,1,0
229002844,1,17,-16
229002845,0,11,-11
229002846,0,3,-3
229002847,0,0,0
229002848,0,0,0
229002849,0,0,0
229002850,0,0,0
229002851,0,31,-31
229002852,50,0,50
229002853,29,2,27
229002854,6,3,3
229002855,0,0,0
229002856,11,1,10
229002857,1,2,-1
229002858,0,0,0
229002859,1,0,1
229002860,1,0,1
229002861,6,0,6
229002862,0,1,-1
229002863,0,0,0
229002864,2,11,-9
229002865,0,0,0
229002866,6,13,-7
229002867,0,1,-1
229002868,4,0,4
229002869,0,0,0
229002870,2,1,1
235000066,293,6,287
235000067,26,24,2
235000072,0,0,0
235000073,0,0,0
235000074,0,0,0
235000080,0,0,0
235000081,0,0,0
235000082,117,1,116
235000083,47,6,41
235000084,9,7,2
235000085,85,6,79
235000089,8,0,8
235000092,0,0,0
235000093,0,0,0
235000097,0,0,0
235000098,30,1,29
235000099,9,1,8
235000116,0,3,-3
235000117,164,10,154
235000133,0,0,0
235000134,0,0,0
235000206,2,0,2
235000207,0,1,-1
235000208,0,0,0
235000209,1,1,0
235000210,3,0,3
235000212,0,0,0
235000213,0,0,0
235000220,0,0,0
235000221,0,0,0
235000238,19,160,-141
235000239,0,11,-11
235000242,98,542,-444
235000245,0,0,0
235000246,0,0,0
235000284,0,0,0
235000295,34,1,33
235000305,106,1,105
235000306,75,29,46
235000307,1,4,-3
235000308,12,0,12
235000309,35,0,35
235000310,67,0,67
235000311,4,0,4
235000322,0,0,0
235000323,0,0,0
235000324,0,0,0
235000325,0,0,0
235000326,0,0,0
235000351,0,0,0
235000352,0,0,0
235000353,0,0,0
235000354,0,0,0
235000355,2,0,2
235000356,14,0,14
235000357,9,0,9
235000358,3,0,3
235000359,3,4,-1
235000360,2,0,2
235000361,42,7,35
235000381,0,0,0
235000382,45,15,30
235000390,2,0,2
235000391,95,0,95
235000392,138,39,99
235000393,82,57,25
235000395,88,2,86
235000396,159,33,126
235000400,2,11,-9
235000401,0,0,0
235000405,0,0,0
235000406,0,0,0
235000407,0,0,0
235000409,0,0,0
235000410,0,0,0
235000411,0,0,0
235000485,0,0,0
235000486,1,0,1
235000549,22,8,14
235000550,0,0,0
235000599,0,0,0
235000600,0,0,0
235000601,2,3,-1
235000602,51,26,25
235000614,0,0,0
235000648,0,0,0
235000649,21,1,20
235000685,0,0,0
235000815,0,0,0
235000834,0,0,0
235000855,7,11,-4
235000862,0,0,0
235000891,0,0,0
235000892,17,0,17
235000901,0,0,0
235000907,0,0,0
235001010,8,69,-61
235001029,0,0,0
235001030,108,2,106
235001078,79,16,63
235001079,0,0,0
235001147,1,6,-5
235001166,0,58,-58
235001167,0,0,0
235001169,0,0,0
235001188,0,0,0
235001189,1,1,0
235001197,0,0,0
235001200,0,0,0
235001207,182,0,182
235001210,0,0,0
235001215,0,0,0
235001239,0,0,0
235001244,0,1,-1
235016267,0,0,0
277102712,0,0,0
277103813,4,0,4
277104249,0,0,0
277104250,0,41,-41
277104251,0,0,0
277104252,0,3,-3
990011530,0,0,0
990014944,0,17,-17
990015176,34,12,22
990016032,0,0,0
990032570,0,2,-2
990070001,29,2,27
990070103,0,0,0
990070601,0,0,0
990070751,906,1,905
990070766,0,0,0
990071180,478,1,477
990071343,100,54,46
990071387,0,0,0
990071823,6,0,6
990072600,0,10,-10
990072964,0,0,0
990073285,0,0,0
990074393,0,59,-59
990074870,714,6,708
990075106,165,0,165
990075746,402,8,394
990076437,957,2,955
990076458,0,0,0
997000007,85,2,83
997000041,0,32,-32
997000058,20,0,20
997000062,7,0,7
997000069,0,0,0
997000070,0,0,0
997000100,57,0,57
997000141,0,0,0
997000198,0,0,0
998000475,0,0,0
998000736,0,5,-5
998000965,0,5,-5
998001031,0,1,-1
998001700,0,0,0
998001899,0,0,0
998001900,17,18,-1
998003073,280,27,253
998101900,0,6,-6
998102850,0,0,0
998501927,203,23,180
998501929,88,7,81
998501930,44,0,44
998501931,54,2,52
998501932,5,1,4
998501933,84,0,84
998501937,48,39,9
998501944,0,0,0
998501950,0,0,0
998501970,26,1,25
998501971,2,20,-18
998501973,0,1,-1
998501974,0,27,-27
998501975,190,3,187
998501976,37,1,36
998501977,0,0,0
998501978,0,0,0
998501979,0,0,0
998501980,22,6,16
998501981,48,0,48
998501982,0,0,0
998501983,0,0,0
998502006,0,0,0
998502024,0,1,-1
998502032,0,0,0
998502062,2,0,2
998502063,0,0,0
998502173,13,0,13
998502269,0,0,0
998502546,0,45,-45
998502578,0,0,0
998502599,0,0,0
998502621,0,1,-1
998601159,0,2,-2
998601292,0,0,0
999033574,0,0,0
999800001,38,18,20
999800002,0,0,0
999800003,0,0,0
999800004,0,0,0
999800005,0,0,0
