ID,insum,outsum,diff
100000001,505,379,126
100000002,1125,582,543
100000003,8700,1589,7111
100000004,1738,543,1195
100000005,2098,1658,440
100000006,121,50,71
100000007,516,271,245
100000008,74,582,-508
100000009,123,121,2
100000010,5,41,-36
100000011,202,55,147
100000012,33,655,-622
100000013,11,156,-145
100000014,124,356,-232
100000015,618,496,122
100000016,697,1284,-587
100000017,327,1110,-783
100000018,878,512,366
100000019,4625,1438,3187
100000020,1401,1559,-158
100000021,7073,1527,5546
100000022,849,523,326
100000023,5841,597,5244
100000025,2486,319,2167
100000028,1436,644,792
100000029,207,140,67
100000030,575,32,543
100000031,4075,2378,1697
100000032,2399,1985,414
100000033,500,1299,-799
100000034,780,222,558
100000035,1230,594,636
100000036,1974,791,1183
100000037,214,300,-86
100000038,580,612,-32
100000039,337,151,186
100000040,61,38,23
100000041,211,258,-47
100000042,313,229,84
100000043,402,156,246
100000044,368,639,-271
100000045,441,1352,-911
100000046,403,1218,-815
100000047,148,774,-626
100000048,292,649,-357
100000049,1428,2659,-1231
100000051,204,1158,-954
100000053,11,7,4
100000054,49,8,41
100000055,258,288,-30
100000056,127,502,-375
100000057,1122,547,575
100000058,494,1411,-917
100000059,0,93,-93
100000060,134,221,-87
100000061,906,378,528
100000062,806,362,444
100000063,229,203,26
100000064,371,312,59
100000065,320,1150,-830
100000066,162,870,-708
100000067,308,757,-449
100000068,302,1480,-1178
100000069,124,1627,-1503
100000072,358,1206,-848
100000073,905,1202,-297
100000075,310,405,-95
100000076,1301,1269,32
100000077,686,46,640
100000078,146,36,110
100000079,79,48,31
100000080,13,17,-4
100000081,24,9,15
100000102,1491,853,638
100000103,2617,641,1976
100000104,3961,804,3157
100000105,3723,470,3253
100000106,1913,837,1076
100000107,357,194,163
100000108,792,1158,-366
100000109,3297,1202,2095
100000116,1069,339,730
100000117,19,12,7
100000118,885,425,460
100000119,310,357,-47
100000121,88,519,-431
100000122,603,626,-23
100000123,4277,3633,644
100000124,9525,4201,5324
100000125,3895,624,3271
100000126,669,207,462
100000127,1898,317,1581
100000128,740,739,1
100000129,531,255,276
100000130,295,477,-182
100000131,5659,2235,3424
100000132,3018,1092,1926
100000133,11782,2797,8985
100000135,233,342,-109
100000139,111,167,-56
100000140,135,287,-152
100000142,133,539,-406
100000143,1434,982,452
100000144,3805,1041,2764
100000147,707,1299,-592
100000150,19,464,-445
100000151,538,223,315
100000153,448,210,238
100000154,90,48,42
100000155,21,17,4
100000156,57,60,-3
100000157,72,104,-32
100000158,50,59,-9
100000159,290,319,-29
100000165,836,706,130
100000169,455,181,274
100000174,1454,263,1191
100000179,88,515,-427
100000180,646,1062,-416
100000181,63,271,-208
100000188,52,320,-268
100000189,257,207,50
100000190,289,184,105
100000191,362,296,66
100000192,113,55,58
100000193,89,107,-18
100000330,2013,287,1726
100000355,261,461,-200
100000362,4502,3565,937
100000363,1368,2416,-1048
100000364,302,161,141
100000365,2342,3609,-1267
100000366,3436,2570,866
100000367,1698,2303,-605
100000368,1659,1789,-130
100000369,539,969,-430
100000370,86,242,-156
100000376,82,52,30
100000379,1648,812,836
100000380,2496,955,1541
100000384,5197,1520,3677
100000385,4732,2503,2229
100000386,9207,1768,7439
100000387,7673,2214,5459
100000388,15950,2452,13498
100000389,12384,2361,10023
100000390,13541,1937,11604
100000391,7944,2577,5367
100000392,2445,904,1541
100000393,1031,707,324
100000394,6098,2188,3910
100000395,2829,593,2236
100000396,3334,1233,2101
100000397,1764,760,1004
100000398,10425,7376,3049
100000413,0,0,0
100900002,3,48,-45
100900003,99,116,-17
100900004,18,918,-900
100900005,48,2,46
100900006,0,193,-193
100900007,130,0,130
100900008,3,539,-536
100900009,12,28,-16
100900010,1,95,-94
100900011,24,333,-309
100900012,2,314,-312
100900013,209,4,205
100900014,1,3,-2
100900015,135,85,50
100900016,0,53,-53
100900017,578,27,551
100900018,0,8,-8
100900019,5,49,-44
100900020,149,1,148
100900021,654,0,654
100900022,2,9,-7
100900023,0,8,-8
100900024,341,1,340
100900025,3,6,-3
100900026,26,133,-107
100900027,652,1632,-980
100900028,53,133,-80
100900029,65,9,56
100900030,4,13,-9
100900031,147,32,115
100900032,48,1,47
100900033,191,47,144
100900034,154,1,153
100900035,189,0,189
100900036,6,2,4
100900037,16,321,-305
100900038,26,10,16
100900039,280,628,-348
100900040,114,1090,-976
100900041,136,1193,-1057
100900042,237,127,110
100900043,0,0,0
100900044,2659,191,2468
100900045,42,0,42
100900046,600,4,596
100900047,724,25,699
100900048,12,1,11
100900049,10,223,-213
100900050,0,25,-25
100900051,24,19,5
100900052,63,17,46
100900053,65,26,39
100900054,1,145,-144
100900055,83,145,-62
100900056,7,49,-42
100900057,380,282,98
100900058,73,29,44
100900059,14,0,14
100900060,32,4,28
100900061,206,239,-33
100900062,0,63,-63
100900063,81,335,-254
100900064,418,7,411
100900065,23,43,-20
100900066,13,35,-22
100900067,2,22,-20
100900068,14,167,-153
100900069,112,0,112
100900070,45,0,45
100900071,689,207,482
100900072,0,56,-56
100900073,21,584,-563
100900074,0,2,-2
100900075,2843,265,2578
100900076,26,27,-1
100900077,2,125,-123
100900078,61,87,-26
100900079,2,16,-14
100900080,6,74,-68
100900081,4,39,-35
100900082,28,839,-811
100900083,0,39,-39
100900085,1,71,-70
100900086,36,264,-228
100900088,15,796,-781
100900089,0,34,-34
100900090,276,548,-272
100900091,1,9,-8
100900092,55,67,-12
100900093,34,119,-85
100900094,39,747,-708
100900095,3,30,-27
100900096,7,84,-77
100900097,1,2,-1
100900098,4,74,-70
100900099,12,565,-553
100900100,2,177,-175
100900101,255,20,235
100900102,76,21,55
100900103,0,27,-27
100900104,12,171,-159
100900105,0,56,-56
100900106,51,2,49
100900107,1498,415,1083
100900108,0,4,-4
100900109,1,21,-20
100900110,4,10,-6
100900111,70,121,-51
100900112,0,0,0
100900113,4,13,-9
100900114,1,10,-9
100900115,0,20,-20
100900116,633,173,460
100900117,111,220,-109
100900118,27,31,-4
100900119,1,12,-11
100900120,0,7,-7
100900121,215,144,71
100900122,110,212,-102
100900123,24,74,-50
100900124,0,0,0
100900125,5,87,-82
100900126,21,131,-110
100900127,0,5,-5
100900128,76,105,-29
100900129,2,77,-75
100900131,39,82,-43
100900133,40,44,-4
100900134,2,2,0
100900135,0,89,-89
100900137,232,108,124
100900138,272,125,147
100900139,2,8,-6
100900140,6,997,-991
100900141,1,210,-209
100900142,0,0,0
100900143,1123,161,962
100900144,3,3,0
100900145,6,85,-79
100900146,17,5,12
100900147,2,248,-246
100900148,32,1082,-1050
100900149,3,30,-27
100900150,4,8,-4
100900151,60,540,-480
100900152,63,7,56
100900153,3,195,-192
100900154,7,9,-2
100900155,2,4,-2
100900156,20,1,19
100900157,0,88,-88
100900159,0,18,-18
100900160,0,12,-12
100900161,133,0,133
100900162,2,137,-135
100900163,112,194,-82
100900164,5,25,-20
100900165,23,32,-9
100900166,35,5,30
100900167,15,71,-56
100900168,8,90,-82
100900169,189,1365,-1176
100900170,1,1,0
100900171,13,892,-879
100900172,0,3,-3
100900173,2,675,-673
100900174,74,20,54
100900176,1079,38,1041
100900177,1031,111,920
100900178,124,168,-44
100900179,65,26,39
100900180,3,0,3
100900181,36,16,20
100900182,11,13,-2
100900184,0,72,-72
100900186,1036,526,510
100900187,2,257,-255
100900188,30,9,21
100900189,735,114,621
100900191,1041,623,418
100900192,130,72,58
100900195,58,156,-98
100900197,0,43,-43
100900198,16,212,-196
100900199,5,5,0
100900200,493,371,122
100900201,61,820,-759
100900202,17,0,17
100900203,0,53,-53
100900204,218,73,145
100900205,55,136,-81
100900206,29,16,13
100900207,64,30,34
100900210,39,718,-679
100900211,193,39,154
100900213,17,7,10
100900214,877,40,837
100900215,1,26,-25
100900217,80,43,37
101000001,4443,1959,2484
101000002,2929,2016,913
101000003,753,1031,-278
101000004,10183,4846,5337
101000005,5083,3639,1444
101000006,8338,4474,3864
101000007,2140,2319,-179
101000008,2821,2142,679
101000009,880,2230,-1350
101000010,551,1494,-943
101000011,2131,668,1463
101000012,1784,299,1485
101000013,423,558,-135
101000014,362,475,-113
101000015,609,729,-120
101000016,264,332,-68
101000017,343,410,-67
101000018,3057,2265,792
101000020,3685,907,2778
101000021,817,217,600
101000022,415,75,340
101000023,1458,666,792
101000025,61,228,-167
101000026,334,15,319
101000027,917,1051,-134
101000028,610,129,481
101000029,21,571,-550
101000030,445,34,411
101000031,170,261,-91
101000032,3847,1752,2095
101000033,2377,1225,1152
101000034,2038,765,1273
101000035,1109,206,903
101000036,1029,182,847
101000037,3949,770,3179
101000039,3265,517,2748
101000040,4132,1613,2519
101000041,10082,1879,8203
101000042,685,303,382
101000043,8928,1433,7495
101000045,970,221,749
101000046,1519,630,889
101000047,826,933,-107
101000048,606,732,-126
101000049,677,466,211
101000050,2692,1194,1498
101000051,4573,845,3728
101000052,1258,369,889
101000053,823,1074,-251
101000054,1517,1385,132
101000055,1504,646,858
101000056,48,39,9
101000057,3087,508,2579
101000058,1942,409,1533
101000059,3257,1138,2119
101000060,1947,165,1782
101000061,1382,505,877
101000062,1387,235,1152
101000063,362,221,141
101000064,893,342,551
101000065,128,233,-105
101000066,189,124,65
101000067,533,299,234
101000068,178,93,85
101000069,234,87,147
101000070,1714,614,1100
101000071,1550,542,1008
101000072,998,2166,-1168
101000073,708,277,431
101000074,4233,1659,2574
101000075,7347,2068,5279
101000077,1432,699,733
101000078,919,1370,-451
101000079,350,730,-380
101000080,518,544,-26
101000081,776,665,111
101000082,2799,2313,486
101000083,1212,966,246
101000084,988,1341,-353
101000085,1454,775,679
101000086,1066,920,146
101000087,699,1220,-521
101000088,539,692,-153
101000089,657,1043,-386
101000090,2436,1381,1055
101000091,237,1449,-1212
101000092,621,1041,-420
101000093,1268,632,636
101000094,435,1152,-717
101000095,154,701,-547
101000096,229,636,-407
101000097,213,292,-79
101000098,368,438,-70
101000099,1100,1025,75
101000100,675,489,186
101000101,217,378,-161
101000102,662,253,409
101000103,747,441,306
101000104,231,242,-11
101000105,859,109,750
101000106,362,162,200
101000107,83,204,-121
101000108,1406,369,1037
101000109,102,81,21
101000110,27,860,-833
101000111,91,145,-54
101000113,106,418,-312
101000114,1723,957,766
101000115,70,79,-9
101000116,20,118,-98
101000117,79,164,-85
101000119,134,27,107
101000120,260,11,249
101000121,46,5,41
101000122,47,6,41
101000123,29,31,-2
101000124,258,229,29
101000125,90,344,-254
101000128,700,257,443
101000130,313,211,102
101000131,351,655,-304
101000132,219,1666,-1447
101000135,64,18,46
101000136,230,71,159
101000137,37,187,-150
101000141,2512,995,1517
101000147,768,574,194
101000148,2795,20,2775
101000149,19,8,11
101000150,39,1289,-1250
101000151,40,107,-67
101000152,236,283,-47
101000153,584,480,104
101000154,71,1914,-1843
101000155,60,118,-58
101000156,17,204,-187
101000157,48,29,19
101000160,14,54,-40
101000163,112,42,70
101000164,396,295,101
101000165,151,320,-169
101000166,176,505,-329
101000168,445,230,215
101000252,627,467,160
101000254,277,16,261
101000258,58,13,45
101000261,123,75,48
101000262,402,750,-348
101000263,200,975,-775
101000265,25,397,-372
101000266,202,255,-53
101000269,117,5,112
101000290,1313,992,321
101000293,8,94,-86
101000294,411,534,-123
101000295,121,437,-316
101000301,743,115,628
101000304,1473,2170,-697
101000305,2101,1574,527
101000328,26,405,-379
101900001,24,102,-78
101900002,0,34,-34
101900003,41,85,-44
101900004,2,24,-22
101900005,5595,621,4974
101900006,734,10,724
101900007,391,26,365
101900008,126,108,18
101900009,23,183,-160
101900010,864,336,528
101900011,319,468,-149
101900012,97,81,16
101900013,1233,52,1181
101900017,22,73,-51
101900018,2037,93,1944
101900019,53,32,21
101900020,49,84,-35
101900021,1,19,-18
101900022,18,1584,-1566
101900023,30,253,-223
101900026,72,39,33
101900027,6,117,-111
102000001,1521,3299,-1778
102000002,2410,1218,1192
102000003,3377,2804,573
102000004,9404,1892,7512
102000005,1226,1717,-491
102000006,1817,987,830
102000007,1269,3419,-2150
102000008,7243,1397,5846
102000009,5114,5784,-670
102000010,6659,2667,3992
102000011,1742,1913,-171
102000012,2848,2800,48
102000018,3743,1860,1883
102000019,2513,916,1597
102000026,265,328,-63
102000029,513,178,335
102000030,71,177,-106
102000031,16,238,-222
102000032,154,382,-228
102000033,108,376,-268
102000034,412,304,108
102000035,1058,457,601
102000036,5,140,-135
102000037,110,71,39
102000038,67,75,-8
102000039,33,33,0
102000040,380,63,317
102000041,139,129,10
102000042,91,55,36
102000043,137,148,-11
102000044,194,459,-265
102000045,585,985,-400
102000046,794,336,458
102000047,549,1083,-534
102000048,128,596,-468
102000049,424,450,-26
102000050,743,997,-254
102000051,232,433,-201
102000052,805,808,-3
102000053,354,669,-315
102000054,248,602,-354
102000055,499,1074,-575
102000056,383,1034,-651
102000057,977,451,526
102000058,980,1614,-634
102000059,647,1110,-463
102000060,621,816,-195
102000061,697,2872,-2175
102000062,601,1302,-701
102000063,918,1348,-430
102000064,415,534,-119
102000065,29,85,-56
102000066,852,913,-61
102000067,2494,2231,263
102000068,6980,2264,4716
102000069,26,1380,-1354
102000070,2499,59,2440
102000071,5761,8863,-3102
102000072,3198,4328,-1130
102000073,644,932,-288
102000074,455,781,-326
102000075,82,280,-198
102000076,106,422,-316
102000077,170,1351,-1181
102000078,422,1034,-612
102000079,65,278,-213
102000080,81,252,-171
102000081,359,855,-496
102000082,782,256,526
102000083,145,649,-504
102000084,71,511,-440
102000085,1362,1243,119
102000086,901,1326,-425
102000087,434,2124,-1690
102000088,176,335,-159
102000089,576,626,-50
102000090,322,1061,-739
102000091,1087,480,607
102000092,441,569,-128
102000093,507,364,143
102000094,991,338,653
102000095,756,884,-128
102000096,1668,652,1016
102000097,2026,1222,804
102000098,559,1025,-466
102000099,957,411,546
102000100,892,571,321
102000101,1335,250,1085
102000102,449,1155,-706
102000103,1677,271,1406
102000104,1136,349,787
102000105,141,880,-739
102000106,403,1060,-657
102000107,446,570,-124
102000108,338,290,48
102000109,208,537,-329
102000110,230,1607,-1377
102000111,7,256,-249
102000112,100,94,6
102000113,6,30,-24
102000114,960,261,699
102000115,202,162,40
102000116,175,180,-5
102000117,152,413,-261
102000118,1531,763,768
102000119,2374,358,2016
102000120,107,474,-367
102000121,566,500,66
102000122,191,652,-461
102000123,1126,773,353
102000124,828,807,21
102000125,778,671,107
102000126,437,563,-126
102000127,785,654,131
102000128,338,1046,-708
102000129,497,960,-463
102000130,266,575,-309
102000131,1228,530,698
102000132,485,417,68
102000133,672,2921,-2249
102000134,249,709,-460
102000135,1226,498,728
102000136,1074,250,824
102000137,988,752,236
102000138,230,507,-277
102000139,37,352,-315
102000140,161,209,-48
102000141,158,576,-418
102000142,132,353,-221
102000143,50,480,-430
102000144,43,453,-410
102000145,151,383,-232
102000146,145,306,-161
102000147,235,248,-13
102000148,148,203,-55
102000149,66,710,-644
102000150,118,206,-88
102000151,80,394,-314
102000152,76,162,-86
102000153,654,198,456
102000154,353,520,-167
102000155,77,237,-160
102000156,245,31,214
102000157,101,96,5
102000158,291,195,96
102000159,1668,135,1533
102000161,4471,903,3568
102000162,248,75,173
102000163,92,298,-206
102000164,1174,532,642
102000165,193,95,98
102000166,12,42,-30
102000167,125,162,-37
102000168,141,123,18
102000169,43,289,-246
102000170,663,116,547
102000171,104,34,70
102000172,7,154,-147
102000173,200,189,11
102000174,8,48,-40
102000175,54,212,-158
102000176,20,50,-30
102000178,89,550,-461
102000179,148,208,-60
102000180,228,575,-347
102000181,179,771,-592
102000182,272,708,-436
102000183,778,1993,-1215
102000184,656,972,-316
102000185,1094,1672,-578
102000186,456,2049,-1593
102000187,287,2024,-1737
102000188,313,1570,-1257
102000189,3267,1019,2248
102000190,772,2000,-1228
102000191,1211,562,649
102000192,510,836,-326
102000193,14,208,-194
102000194,42,137,-95
102000195,231,589,-358
102000196,55,646,-591
102000197,181,559,-378
102000198,53,1138,-1085
102000199,260,431,-171
102000200,135,1332,-1197
102000201,229,633,-404
102000202,0,150,-150
102000203,96,359,-263
102000204,169,1229,-1060
102000205,315,966,-651
102000206,286,815,-529
102000207,383,544,-161
102000208,106,701,-595
102000209,11,55,-44
102000210,121,525,-404
102000211,170,641,-471
102000212,37,26,11
102000213,4,427,-423
102000214,68,12,56
102000215,2,665,-663
102000216,13,17,-4
102000217,8,233,-225
102000218,83,41,42
102000219,242,352,-110
102000225,848,706,142
102000226,3598,150,3448
102000227,39,0,39
102000228,0,108,-108
102000229,31,33,-2
102000230,167,722,-555
102000231,163,365,-202
102000232,3,124,-121
102000233,381,446,-65
102000234,87,1767,-1680
102000236,301,77,224
102000237,267,167,100
102000238,119,285,-166
102000240,727,450,277
102000241,198,81,117
102000243,8,57,-49
102000245,4,100,-96
102000246,28,43,-15
102000247,644,828,-184
102000248,384,462,-78
102000249,84,178,-94
102000250,30,436,-406
102000254,35,646,-611
102000266,53,143,-90
102000271,13,0,13
102000286,362,255,107
102000297,1205,764,441
102000299,0,0,0
102000301,0,0,0
102000305,0,0,0
102000307,0,2,-2
102900001,801,755,46
102900002,236,53,183
102900003,13,300,-287
102900005,168,265,-97
102900006,267,155,112
102900007,310,45,265
102900008,101,75,26
102900009,299,79,220
102900010,997,356,641
102900011,2412,259,2153
102900012,261,44,217
102900013,11,66,-55
102900015,682,189,493
102900016,25,103,-78
102900017,47,552,-505
102900018,9,119,-110
102900019,169,438,-269
102900020,27,29,-2
102900021,3,122,-119
102900022,265,33,232
102900023,14,45,-31
102900024,17,47,-30
102900025,187,70,117
102900026,548,873,-325
102900027,41,80,-39
102900028,76,266,-190
102900029,65,82,-17
102900030,131,121,10
102900031,99,166,-67
102900032,14,151,-137
102900033,38,165,-127
102900034,134,121,13
102900035,29,492,-463
102900036,90,763,-673
102900037,89,811,-722
102900038,300,556,-256
102900039,11,247,-236
102900040,99,184,-85
102900041,62,167,-105
102900042,107,295,-188
102900043,122,282,-160
102900044,388,1815,-1427
102900045,64,503,-439
102900046,67,358,-291
102900047,58,792,-734
102900048,326,785,-459
102900049,29,339,-310
102900050,184,392,-208
102900051,105,189,-84
102900052,9,4,5
102900053,226,779,-553
102900054,968,671,297
102900055,40,94,-54
102900056,126,496,-370
102900057,1,16,-15
102900058,250,39,211
102900059,8,44,-36
102900060,37,436,-399
102900061,42,497,-455
102900062,39,1586,-1547
102900063,347,397,-50
102900064,139,313,-174
102900065,1402,871,531
102900066,273,26,247
102900068,50,65,-15
102900070,94,820,-726
102900072,11,28,-17
102900073,81,7,74
102900075,4,5,-1
102900076,141,18,123
102900077,30,45,-15
102900078,20,35,-15
102900079,134,24,110
102900080,228,44,184
102900081,59,218,-159
102900082,11,289,-278
102900083,260,8,252
102900084,5,8,-3
102900085,47,58,-11
102900086,0,12,-12
102900087,47,143,-96
102900088,17,49,-32
102900089,239,97,142
102900090,1,488,-487
102900091,60,0,60
102900092,69,1118,-1049
102900093,192,171,21
102900094,0,44,-44
102900095,54,7,47
102900096,17,12,5
102900097,0,139,-139
102900098,35,2,33
103000001,1692,2404,-712
103000002,1323,1592,-269
103000003,2460,2241,219
103000004,863,628,235
103000005,1617,1728,-111
103000006,420,1067,-647
103000007,384,841,-457
103000008,652,1113,-461
103000009,504,664,-160
103000010,136,105,31
103000011,1556,819,737
103000012,736,891,-155
103000013,7127,1646,5481
103000014,1079,1073,6
103000015,2388,904,1484
103000016,446,588,-142
103000017,131,210,-79
103000018,1042,350,692
103000019,96,99,-3
103000020,1408,1362,46
103000021,879,964,-85
103000022,834,1085,-251
103000023,324,862,-538
103000024,122,117,5
103000025,68,199,-131
103000026,2078,111,1967
103000027,294,266,28
103000028,797,251,546
103000029,649,128,521
103000030,2184,415,1769
103000031,1319,826,493
103000032,1809,1622,187
103000033,2558,2162,396
103000034,1738,662,1076
103000035,525,622,-97
103000036,453,399,54
103000037,714,356,358
103000038,531,627,-96
103000039,105,460,-355
103000040,153,1332,-1179
103000041,1317,3222,-1905
103000042,453,671,-218
103000043,215,1438,-1223
103000044,69,322,-253
103000046,229,306,-77
103000047,340,685,-345
103000048,50,131,-81
103000049,80,175,-95
103000050,299,655,-356
103000051,198,427,-229
103000052,808,473,335
103000053,155,385,-230
103000054,1249,922,327
103000055,1016,1346,-330
103000056,390,2357,-1967
103000057,370,286,84
103000058,250,1003,-753
103000059,233,764,-531
103000060,698,817,-119
103000061,397,666,-269
103000062,558,805,-247
103000063,514,708,-194
103000064,77,302,-225
103000065,2,282,-280
103000066,64,6,58
103000069,61,301,-240
103000070,388,1236,-848
103000071,414,322,92
103000072,84,1219,-1135
103000073,206,89,117
103000074,211,75,136
103000075,107,1053,-946
103000076,104,105,-1
103000077,35,399,-364
103000078,997,176,821
103000079,1657,382,1275
103000080,734,97,637
103000081,448,539,-91
103000082,285,149,136
103000083,51,425,-374
103000084,131,3,128
103000085,1,84,-83
103000086,420,225,195
103000087,66,287,-221
103000088,200,275,-75
103000089,96,212,-116
103000090,933,884,49
103000091,424,381,43
103000092,132,269,-137
103000093,266,559,-293
103000094,67,111,-44
103000095,17,506,-489
103000096,500,74,426
103000097,31,645,-614
103000098,812,114,698
103000099,259,592,-333
103000100,29,978,-949
103000101,275,146,129
103000102,68,682,-614
103000103,330,195,135
103000104,35,185,-150
103000105,49,159,-110
103000106,6,94,-88
103000107,257,65,192
103000108,443,486,-43
103000109,276,269,7
103000110,223,294,-71
103000111,355,351,4
103000112,241,230,11
103000113,383,615,-232
103000114,479,361,118
103000115,261,373,-112
103000116,237,430,-193
103000117,139,419,-280
103000118,1182,1136,46
103000119,2067,647,1420
103000120,41,89,-48
103000121,120,528,-408
103000122,155,156,-1
103000125,5,612,-607
103000126,161,4,157
103000127,0,340,-340
103000128,40,1,39
103000129,2,180,-178
103000130,11,12,-1
103000131,247,87,160
103000132,74,60,14
103000133,4,290,-286
103000134,500,382,118
103000135,947,162,785
103000136,675,262,413
103000137,570,459,111
103000138,701,554,147
103000139,0,31,-31
103000140,79,15,64
103000141,20,86,-66
103000142,123,69,54
103000143,31,196,-165
103000144,125,111,14
103000145,13,27,-14
103000150,66,41,25
103000152,124,200,-76
103000153,44,140,-96
103000156,3,605,-602
103000157,147,2,145
103000159,105,162,-57
103000162,36,6,30
103000163,1,6,-5
103000164,4,7,-3
103000165,123,456,-333
103000166,82,111,-29
103000167,80,133,-53
103000168,55,182,-127
103000169,124,175,-51
103000170,449,598,-149
103000171,33,55,-22
103000172,112,313,-201
103000173,177,904,-727
103000174,131,243,-112
103000175,88,496,-408
103000176,668,186,482
103000177,725,365,360
103000178,401,225,176
103000179,54,21,33
103000183,32,35,-3
103000185,41,86,-45
103000186,52,161,-109
103000187,128,762,-634
103000188,10,97,-87
103000189,548,1019,-471
103000191,569,698,-129
103000292,3019,533,2486
103000293,1589,709,880
103000295,40,48,-8
103000296,78,3,75
103000297,111,8,103
103000504,61,9,52
103000505,7,6,1
103000506,2,266,-264
103000507,59,4,55
103000508,54,30,24
103000509,176,482,-306
103900001,1,489,-488
103900002,1886,146,1740
103900003,1827,75,1752
103900004,10,0,10
103900005,1,319,-318
103900006,0,0,0
103900007,11,2,9
103900008,0,1,-1
103900009,103,261,-158
103900010,102,261,-159
103900011,45,291,-246
103900012,5,8,-3
103900013,4,74,-70
103900014,14,29,-15
103900015,40,20,20
103900016,156,417,-261
103900017,14,76,-62
103900018,750,157,593
103900019,71,111,-40
103900020,110,184,-74
103900021,886,38,848
103900022,601,605,-4
103900023,29,3,26
103900024,50,749,-699
103900025,1,25,-24
103900026,22,0,22
103900027,171,235,-64
103900028,5,219,-214
103900029,583,102,481
103900030,65,18,47
103900031,1,1,0
103900032,29,21,8
103900033,39,4,35
103900034,6,269,-263
103900035,28,73,-45
103900036,37,9,28
103900037,11,27,-16
103900038,53,51,2
103900039,11,566,-555
103900040,2,235,-233
103900041,4,16,-12
103900042,6,571,-565
103900043,66,115,-49
103900044,201,73,128
103900045,101,161,-60
103900047,26,64,-38
103900048,29,9,20
103900049,163,1109,-946
103900050,11,78,-67
103900051,0,25,-25
103900052,54,810,-756
103900053,50,1336,-1286
103900054,19,707,-688
103900055,170,212,-42
103900056,11,57,-46
103900057,1,285,-284
103900058,54,798,-744
103900059,0,2,-2
103900060,2,204,-202
103900061,22,46,-24
103900062,36,45,-9
103900063,1,0,1
103900064,20,0,20
103900065,850,256,594
103900066,35,3,32
103900067,33,5,28
103900068,0,0,0
103900069,5,2,3
103900070,100,261,-161
103900071,21,178,-157
103900072,2,398,-396
103900073,10,9,1
103900074,14,139,-125
103900075,126,109,17
103900076,161,769,-608
103900077,60,46,14
103900078,44,122,-78
103900079,39,236,-197
103900080,3,15,-12
103900081,66,4,62
103900082,3,83,-80
103900083,2259,213,2046
103900084,4,97,-93
103900085,74,75,-1
103900086,194,212,-18
103900088,449,117,332
103900089,90,240,-150
103900090,0,219,-219
103900091,743,211,532
103900092,166,482,-316
103900093,90,490,-400
103900094,2,180,-178
103900095,172,167,5
103900096,8,391,-383
103900097,2,553,-551
103900098,108,43,65
103900099,13,252,-239
103900100,60,317,-257
103900101,49,740,-691
103900102,1,40,-39
103900104,1,25,-24
103900105,88,205,-117
103900106,0,14,-14
103900107,31,222,-191
103900108,14,586,-572
103900109,27,88,-61
103900110,162,35,127
103900111,24,805,-781
103900112,7,44,-37
103900113,99,153,-54
103900114,489,352,137
103900115,197,53,144
103900116,7630,690,6940
103900117,200,122,78
103900119,32,21,11
103900120,11,110,-99
103900122,31,418,-387
103900123,1482,533,949
103900124,30,796,-766
103900125,55,101,-46
103900126,114,497,-383
103900127,99,1114,-1015
103900128,16,276,-260
103900131,11,153,-142
103900133,562,15,547
103900134,0,1,-1
103900135,21,9,12
103900137,1,24,-23
103900138,29,392,-363
103900139,227,813,-586
103900140,2,28,-26
103900141,162,105,57
103900142,39,170,-131
103900143,8,5,3
103900144,0,84,-84
103900145,115,333,-218
103900146,222,310,-88
103900147,165,109,56
103900148,106,237,-131
103900149,35,834,-799
103900150,7666,1230,6436
103900151,32,119,-87
103900152,101,836,-735
103900153,3,1,2
103900154,1468,604,864
103900155,16,226,-210
103900156,10,147,-137
103900157,8,308,-300
103900158,19,193,-174
103900159,20,78,-58
103900160,15,12,3
103900161,48,184,-136
103900162,43,288,-245
103900163,1,278,-277
103900167,6,38,-32
103900168,20,101,-81
103900169,2,24,-22
103900170,0,100,-100
103900171,2,91,-89
103900172,10,40,-30
103900173,3,6,-3
103900174,28,50,-22
103900175,31,21,10
103900176,3,4,-1
103900177,4,27,-23
103900178,13,93,-80
103900179,5,205,-200
103900180,9,107,-98
103900181,41,21,20
103900182,22,5,17
103900184,491,20,471
103900185,227,53,174
103900187,88,21,67
103900188,13,8,5
103900189,22,5,17
103900190,19,46,-27
103900191,10,33,-23
103900192,12,67,-55
103900193,121,115,6
103900194,27,365,-338
103900195,4,20,-16
103900196,6,13,-7
103900197,9,42,-33
103900198,10,62,-52
103900199,33,86,-53
103900200,100,156,-56
103900201,19,237,-218
103900202,3,34,-31
103900203,14,14,0
103900204,0,147,-147
103900207,2,181,-179
103900208,21,2,19
103900209,5,120,-115
103900210,5,29,-24
103900211,233,641,-408
103900212,35,541,-506
103900213,51,140,-89
103900214,136,74,62
103900215,622,256,366
103900216,7,487,-480
103900217,195,35,160
103900218,4,155,-151
103900219,35,296,-261
103900233,39,3,36
103900235,10,25,-15
103900236,12,0,12
103900242,0,0,0
103900243,7,6,1
103900244,29,355,-326
103900245,33,263,-230
103900246,28,33,-5
103900247,19,84,-65
103900248,1,5,-4
103900249,4,10,-6
103900250,20,8,12
103900251,0,13,-13
103900253,39,23,16
103900254,5,7,-2
103900255,5,2,3
103900256,5,5,0
103900257,71,45,26
103900258,12,1,11
103900259,72,1,71
103900261,3,2,1
103900262,4,2,2
103900263,26,18,8
103900264,23,12,11
103900265,31,4,27
103900266,0,26,-26
103900267,6,50,-44
103900268,7,147,-140
103900269,75,30,45
103900270,5,137,-132
103900271,15,199,-184
103900272,1,19,-18
103900273,1,25,-24
103900274,2,3,-1
103900275,7,1,6
103900276,0,27,-27
103900277,1,37,-36
103900278,1,15,-14
103900279,0,0,0
103900280,1,39,-38
104000001,1533,2250,-717
104000002,1280,2299,-1019
104000003,1826,2152,-326
104000004,3135,2187,948
104000005,628,1728,-1100
104000006,1954,2669,-715
104000007,3007,2964,43
104000008,223,505,-282
104000009,78,114,-36
104000010,79,174,-95
104000011,764,525,239
104000012,103,499,-396
104000013,68,128,-60
104000014,130,734,-604
104000015,145,157,-12
104000016,275,376,-101
104000018,380,119,261
104000019,235,73,162
104000020,166,998,-832
104000021,223,814,-591
104000022,106,338,-232
104000023,317,240,77
104000024,122,429,-307
104000026,30,292,-262
104000027,156,412,-256
104000028,203,203,0
104000029,343,644,-301
104000030,89,214,-125
104000031,397,223,174
104000032,149,378,-229
104000033,269,363,-94
104000034,203,458,-255
104000035,301,470,-169
104000036,287,716,-429
104000037,191,351,-160
104000038,228,215,13
104000039,150,558,-408
104000040,453,543,-90
104000041,313,259,54
104000042,205,522,-317
104000043,188,403,-215
104000044,183,954,-771
104000045,504,1327,-823
104000046,1381,1620,-239
104000047,461,1461,-1000
104000048,1175,2406,-1231
104000049,218,319,-101
104000050,135,604,-469
104000051,83,750,-667
104000052,601,1362,-761
104000053,528,672,-144
104000054,391,673,-282
104000055,3752,3064,688
104000056,1885,231,1654
104000057,48,554,-506
104000058,458,713,-255
104000059,256,1073,-817
104000060,442,920,-478
104000061,1007,1405,-398
104000062,132,139,-7
104000064,690,316,374
104000065,136,315,-179
104000069,1481,476,1005
104000070,63,293,-230
104000071,161,416,-255
104000072,843,185,658
104000075,34,290,-256
104000076,372,83,289
104000082,1801,2055,-254
104000083,583,208,375
104000084,78,396,-318
104000085,137,199,-62
104000086,134,368,-234
104000087,426,801,-375
104000090,460,1756,-1296
104000092,493,2838,-2345
104000094,612,2297,-1685
104000095,1070,1264,-194
104000096,570,467,103
104000097,843,1266,-423
104000098,793,1573,-780
104000100,716,702,14
104000101,809,2696,-1887
104000106,70,501,-431
104000107,369,545,-176
104000108,267,667,-400
104000109,188,53,135
104000110,663,715,-52
104000111,6161,1146,5015
104000112,2396,502,1894
104000116,5,1594,-1589
104000117,64,1136,-1072
104000118,205,264,-59
104000119,385,247,138
104000120,169,1171,-1002
104000121,139,687,-548
104000122,380,654,-274
104000123,770,1522,-752
104000124,1777,2603,-826
104000125,5726,2355,3371
104000126,148,472,-324
104000127,1619,4285,-2666
104000128,739,531,208
104000129,335,23,312
104000130,4,139,-135
104000131,967,646,321
104000132,542,1039,-497
104000133,832,709,123
104000134,647,1062,-415
104000135,345,636,-291
104000136,998,1600,-602
104000137,1899,181,1718
104000138,1345,245,1100
104000139,11075,2932,8143
104000141,1283,1972,-689
104000142,590,1205,-615
104000143,299,956,-657
104000144,41,199,-158
104000145,249,125,124
104000146,485,564,-79
104000147,81,368,-287
104000148,123,103,20
104000149,183,492,-309
104000150,440,380,60
104000151,274,817,-543
104000152,346,1047,-701
104000153,128,341,-213
104000154,1104,869,235
104000155,194,334,-140
104000157,1123,1976,-853
104000158,174,206,-32
104000159,335,289,46
104000160,1515,1112,403
104000161,210,144,66
104000162,13,114,-101
104000165,1233,942,291
104000167,417,364,53
104000168,325,3,322
104000169,16,38,-22
104000170,1107,226,881
104000248,103,900,-797
104000251,31,452,-421
104000272,0,0,0
104000273,0,0,0
104000274,0,0,0
104000275,0,0,0
104000279,610,401,209
104000290,34,424,-390
104000291,682,922,-240
104000293,466,726,-260
104000294,0,0,0
104000295,293,717,-424
104000296,235,831,-596
104000297,814,1315,-501
104000298,1939,1006,933
104000299,377,1216,-839
104900001,88,449,-361
104900002,15,70,-55
104900003,32,470,-438
104900004,45,377,-332
104900005,142,183,-41
104900006,69,30,39
104900007,106,259,-153
104900009,66,605,-539
104900010,9,11,-2
104900011,0,1,-1
104900012,51,2,49
104900013,31,0,31
104900014,4913,270,4643
104900015,48,3,45
104900016,51,403,-352
104900017,13,180,-167
104900018,1,343,-342
104900019,297,791,-494
104900020,26,362,-336
104900021,1,292,-291
104900022,5,121,-116
104900023,2,103,-101
104900024,8,109,-101
104900025,40,521,-481
104900026,1,119,-118
104900027,120,169,-49
104900028,34,107,-73
104900029,27,59,-32
104900030,241,142,99
104900031,128,170,-42
104900032,28,186,-158
104900033,32,125,-93
104900034,203,68,135
104900035,87,75,12
104900036,61,48,13
104900037,74,334,-260
104900038,648,326,322
104900039,672,44,628
104900040,67,107,-40
104900041,68,87,-19
104900042,80,460,-380
104900043,9,12,-3
104900044,166,160,6
104900045,134,31,103
104900046,37,141,-104
104900047,122,136,-14
104900048,99,75,24
104900049,7,1,6
104900050,51,112,-61
104900051,41,36,5
104900052,6,1,5
104900053,179,31,148
104900054,73,32,41
104900055,7,0,7
104900056,59,12,47
104900057,3,2,1
104900058,711,70,641
104900059,1,18,-17
104900060,1,410,-409
104900061,273,753,-480
104900063,0,105,-105
104900064,0,118,-118
104900065,0,106,-106
104900066,3,196,-193
104900067,2,234,-232
104900068,5,278,-273
104900070,40,344,-304
104900071,3,950,-947
104900072,12,226,-214
104900073,19,346,-327
104900074,37,286,-249
104900075,17,127,-110
104900076,53,526,-473
104900077,1371,46,1325
104900078,136,1040,-904
104900079,89,134,-45
104900080,19,694,-675
104900082,8,323,-315
104900085,2,369,-367
104900087,281,0,281
104900089,25,0,25
104900090,223,292,-69
104900091,420,1059,-639
104900093,158,575,-417
104900097,3340,1005,2335
104900098,39,28,11
104900099,77,318,-241
104900100,949,167,782
104900102,18,323,-305
104900103,521,108,413
104900104,3374,839,2535
104900106,35,162,-127
104900107,23,418,-395
104900108,12,360,-348
104900109,33,146,-113
104900110,8,46,-38
104900111,78,153,-75
104900112,105,1234,-1129
104900113,319,469,-150
104900114,168,884,-716
104900115,253,642,-389
104900116,59,383,-324
104900118,17,94,-77
104900119,0,27,-27
104900120,103,37,66
104900121,0,86,-86
104900122,0,74,-74
104900123,8,1,7
104900124,5,0,5
104900125,367,3,364
104900126,96,73,23
104900127,27,16,11
104900128,53,93,-40
104900129,2689,637,2052
105000001,1568,1724,-156
105000002,1379,1690,-311
105000003,1891,3708,-1817
105000004,439,1088,-649
105000005,509,1042,-533
105000006,720,1224,-504
105000007,544,995,-451
105000008,464,1114,-650
105000009,733,2210,-1477
105000010,2602,2525,77
105000011,1369,1486,-117
105000012,3715,3138,577
105000013,491,738,-247
105000014,822,1583,-761
105000015,5816,3831,1985
105000016,3197,1663,1534
105000017,1172,1110,62
105000018,1101,733,368
105000019,1211,896,315
105000020,116,289,-173
105000021,258,128,130
105000022,84,28,56
105000023,293,182,111
105000028,46,142,-96
105000029,227,603,-376
105000030,3465,3300,165
105000033,974,2174,-1200
105000034,126,438,-312
105000037,471,634,-163
105000038,1311,863,448
105000039,3646,1817,1829
105000040,452,426,26
105000041,493,1438,-945
105000042,1704,878,826
105000043,2161,2322,-161
105000044,193,309,-116
105000045,210,899,-689
105000046,401,301,100
105000047,341,1666,-1325
105000048,260,146,114
105000049,223,877,-654
105000050,254,224,30
105000051,183,634,-451
105000052,247,977,-730
105000053,58,209,-151
105000054,119,967,-848
105000055,204,414,-210
105000056,620,2772,-2152
105000057,867,1226,-359
105000058,1413,1530,-117
105000059,398,401,-3
105000060,371,720,-349
105000061,211,316,-105
105000062,800,1112,-312
105000063,175,755,-580
105000064,408,583,-175
105000065,311,1140,-829
105000066,589,2387,-1798
105000067,415,460,-45
105000068,373,1059,-686
105000069,2514,524,1990
105000070,723,781,-58
105000071,153,330,-177
105000072,613,597,16
105000073,499,428,71
105000074,775,1089,-314
105000075,441,856,-415
105000076,988,1258,-270
105000077,1552,851,701
105000078,1243,957,286
105000079,1499,1405,94
105000080,1191,741,450
105000081,686,543,143
105000082,392,407,-15
105000083,708,481,227
105000084,318,1162,-844
105000085,648,745,-97
105000086,389,786,-397
105000087,2153,1612,541
105000088,1199,972,227
105000089,2891,2522,369
105000090,1003,1002,1
105000091,1881,2154,-273
105000092,442,1394,-952
105000093,377,226,151
105000094,240,166,74
105000095,71,368,-297
105000096,720,531,189
105000097,890,532,358
105000098,335,466,-131
105000099,470,918,-448
105000100,619,1111,-492
105000101,1455,2016,-561
105000102,979,1461,-482
105000103,1135,2211,-1076
105000104,927,993,-66
105000105,581,1679,-1098
105000106,633,1325,-692
105000107,543,859,-316
105000108,639,1655,-1016
105000109,806,1502,-696
105000110,395,781,-386
105000111,280,603,-323
105000112,592,847,-255
105000113,145,441,-296
105000114,3610,805,2805
105000115,201,587,-386
105000116,363,422,-59
105000117,564,1687,-1123
105000118,135,395,-260
105000119,307,1289,-982
105000120,346,634,-288
105000121,530,1225,-695
105000122,168,441,-273
105000123,909,1569,-660
105000124,1020,990,30
105000125,481,1715,-1234
105000126,1236,2289,-1053
105000127,1575,1905,-330
105000128,197,1351,-1154
105000129,429,343,86
105000130,35,712,-677
105000131,327,417,-90
105000132,447,386,61
105000133,258,1115,-857
105000134,332,566,-234
105000135,277,658,-381
105000136,45,351,-306
105000137,198,268,-70
105000138,239,376,-137
105000139,772,1226,-454
105000140,137,415,-278
105000141,97,695,-598
105000142,61,507,-446
105000143,203,609,-406
105000144,213,700,-487
105000145,385,496,-111
105000146,453,637,-184
105000147,474,335,139
105000148,834,551,283
105000149,1255,1087,168
105000150,2032,1372,660
105000151,192,294,-102
105000152,105,666,-561
105000153,364,394,-30
105000154,688,883,-195
105000155,280,450,-170
105000156,973,889,84
105000157,1213,1819,-606
105000158,1694,762,932
105000159,327,1233,-906
105000160,1013,580,433
105000161,586,2093,-1507
105000162,230,1083,-853
105000163,1189,1206,-17
105000164,189,290,-101
105000165,1722,2792,-1070
105000166,7918,277,7641
105000167,2804,1045,1759
105000168,82,980,-898
105000169,183,512,-329
105000170,51,1035,-984
105000171,905,346,559
105000172,23,55,-32
105000173,30,33,-3
105000174,46,18,28
105000175,49,131,-82
105000176,55,83,-28
105000177,45,123,-78
105000178,108,751,-643
105000179,74,147,-73
105000180,55,112,-57
105000181,41,483,-442
105000182,13,82,-69
105000183,3270,1183,2087
105000184,1211,595,616
105000185,1048,465,583
105000186,305,946,-641
105000187,473,297,176
105000188,246,88,158
105000189,120,537,-417
105000190,81,309,-228
105000191,154,481,-327
105000192,59,73,-14
105000193,35,151,-116
105000194,83,58,25
105000195,150,1442,-1292
105000196,8,41,-33
105000197,165,892,-727
105000198,359,253,106
105000199,111,162,-51
105000200,62,235,-173
105000201,51,6,45
105000203,3,281,-278
105000204,53,74,-21
105000205,49,205,-156
105000207,598,278,320
105000208,200,239,-39
105000209,115,435,-320
105000212,611,1466,-855
105000213,173,89,84
105000214,55,205,-150
105000215,62,257,-195
105000216,65,418,-353
105000217,104,468,-364
105000218,395,935,-540
105000221,76,288,-212
105000222,39,35,4
105000223,61,201,-140
105000226,15,443,-428
105000227,12,245,-233
105000228,131,567,-436
105000229,53,160,-107
105000231,97,178,-81
105000233,472,466,6
105000234,463,1118,-655
105000235,133,412,-279
105000237,334,46,288
105000243,14,283,-269
105000248,38,27,11
105000262,127,1999,-1872
105000269,76,136,-60
105000270,146,130,16
105000271,0,306,-306
105000282,88,30,58
105000287,276,163,113
105000288,187,310,-123
105000289,705,681,24
105000290,5,6,-1
105000402,5004,1245,3759
105000426,269,557,-288
105000438,419,415,4
105000446,11773,4214,7559
105000447,6879,2416,4463
105000454,75,1036,-961
105000455,271,215,56
105000474,5,5,0
105000477,67,299,-232
105000478,778,1276,-498
105000479,55,103,-48
105000480,1147,1403,-256
105000481,1372,1729,-357
105000482,3820,2533,1287
105000483,722,857,-135
105000484,1872,2555,-683
105000485,678,1014,-336
105000486,2603,2107,496
105000488,2469,2423,46
105000489,404,724,-320
105000549,11,69,-58
105000550,402,1008,-606
105000551,25,92,-67
105000552,3204,2039,1165
105000555,435,409,26
105900001,7,791,-784
105900002,1588,259,1329
105900003,13,61,-48
105900004,363,86,277
105900005,2,238,-236
105900006,0,28,-28
105900007,32,10,22
105900008,27,737,-710
105900009,6,16,-10
105900011,46,86,-40
105900012,347,228,119
105900013,2,11,-9
105900014,1,75,-74
105900015,108,308,-200
105900016,66,850,-784
105900017,414,45,369
105900018,186,244,-58
105900019,101,599,-498
105900020,15,41,-26
105900021,9,407,-398
105900022,142,318,-176
105900023,0,137,-137
105900024,3,173,-170
105900025,16,54,-38
105900026,132,38,94
105900027,4903,2772,2131
105900028,35,129,-94
105900029,2000,289,1711
105900030,134,326,-192
105900031,302,180,122
105900032,38,147,-109
105900033,28,111,-83
105900034,65,277,-212
105900035,148,174,-26
105900036,20,119,-99
105900037,58,61,-3
105900038,50,201,-151
105900039,26,134,-108
105900040,36,119,-83
105900041,144,389,-245
105900042,16,82,-66
105900043,1634,44,1590
105900044,2,103,-101
105900045,3,478,-475
105900046,3,140,-137
105900047,2,25,-23
105900048,41,417,-376
105900050,2024,657,1367
105900051,8,1319,-1311
105900052,230,54,176
105900053,3747,800,2947
105900054,210,258,-48
105900056,1256,217,1039
105900057,8,243,-235
105900058,4,24,-20
105900059,0,21,-21
106000001,2611,951,1660
106000002,2403,3129,-726
106000003,2497,1814,683
106000004,2339,2085,254
106000005,1664,3757,-2093
106000006,5344,4121,1223
106000007,432,491,-59
106000008,300,254,46
106000009,391,296,95
106000010,349,451,-102
106000011,346,955,-609
106000012,521,1476,-955
106000013,1164,1776,-612
106000014,1840,1706,134
106000015,627,932,-305
106000016,805,2097,-1292
106000017,517,592,-75
106000018,368,642,-274
106000019,130,424,-294
106000020,120,424,-304
106000021,185,471,-286
106000022,195,361,-166
106000023,303,340,-37
106000024,312,894,-582
106000025,80,165,-85
106000026,101,335,-234
106000027,463,875,-412
106000028,344,872,-528
106000029,667,1689,-1022
106000030,756,190,566
106000034,111,525,-414
106000035,556,676,-120
106000036,333,262,71
106000037,1187,1413,-226
106000038,328,53,275
106000039,101,32,69
106000040,207,510,-303
106000041,634,203,431
106000043,367,56,311
106000046,281,26,255
106000047,29,314,-285
106000049,245,79,166
106000050,215,909,-694
106000051,196,292,-96
106000052,52,685,-633
106000053,91,74,17
106000054,235,469,-234
106000055,434,587,-153
106000056,235,574,-339
106000057,111,103,8
106000058,88,227,-139
106000059,81,171,-90
106000060,562,637,-75
106000061,155,230,-75
106000062,169,610,-441
106000063,319,305,14
106000064,23,371,-348
106000065,123,103,20
106000066,44,379,-335
106000067,115,52,63
106000068,44,659,-615
106000069,60,70,-10
106000070,247,806,-559
106000071,439,227,212
106000072,4116,1111,3005
106000073,1484,1546,-62
106000074,153,504,-351
106000075,192,807,-615
106000076,886,1324,-438
106000077,1964,1057,907
106000078,472,815,-343
106000079,301,888,-587
106000080,615,885,-270
106000081,323,949,-626
106000082,1707,971,736
106000083,268,1003,-735
106000084,470,540,-70
106000085,1109,860,249
106000086,431,468,-37
106000087,340,517,-177
106000088,289,724,-435
106000089,461,415,46
106000090,152,595,-443
106000091,204,638,-434
106000092,352,215,137
106000093,125,63,62
106000094,62,328,-266
106000095,240,1247,-1007
106000096,420,738,-318
106000097,492,1529,-1037
106000098,265,1094,-829
106000099,89,927,-838
106000100,344,252,92
106000101,318,259,59
106000102,45,521,-476
106000103,154,785,-631
106000104,312,382,-70
106000105,254,967,-713
106000106,255,423,-168
106000107,66,509,-443
106000108,93,271,-178
106000109,45,440,-395
106000110,83,254,-171
106000111,72,632,-560
106000112,63,282,-219
106000113,1259,634,625
106000114,334,277,57
106000115,126,588,-462
106000116,104,203,-99
106000117,692,862,-170
106000118,751,972,-221
106000119,2385,1148,1237
106000120,674,608,66
106000121,117,191,-74
106000122,42,330,-288
106000123,115,341,-226
106000124,19,332,-313
106000125,7,393,-386
106000126,59,229,-170
106000127,264,1024,-760
106000128,253,310,-57
106000129,245,711,-466
106000130,272,332,-60
106000131,63,510,-447
106000132,870,161,709
106000133,4204,755,3449
106000134,626,484,142
106000135,164,853,-689
106000136,320,260,60
106000137,55,1539,-1484
106000138,361,53,308
106000139,10,97,-87
106000140,16,92,-76
106000141,23,148,-125
106000142,18,46,-28
106000143,23,158,-135
106000144,7,37,-30
106000145,96,432,-336
106000146,83,158,-75
106000147,316,461,-145
106000148,588,684,-96
106000149,307,380,-73
106000150,288,1395,-1107
106000151,4341,660,3681
106000152,1365,903,462
106000153,61,1009,-948
106000154,1304,209,1095
106000155,29,122,-93
106000156,378,301,77
106000157,322,1640,-1318
106000158,3025,668,2357
106000159,4815,1083,3732
106000160,110,1238,-1128
106000161,1147,575,572
106000162,110,509,-399
106000163,170,616,-446
106000164,112,313,-201
106000165,98,794,-696
106000166,197,299,-102
106000167,122,1539,-1417
106000168,104,258,-154
106000169,68,933,-865
106000170,198,262,-64
106000171,66,860,-794
106000172,1835,690,1145
106000173,638,2358,-1720
106000174,681,216,465
106000175,259,1044,-785
106000176,644,521,123
106000177,429,2003,-1574
106000178,2587,1238,1349
106000179,974,1848,-874
106000180,943,1797,-854
106000181,275,2069,-1794
106000182,287,642,-355
106000183,411,1104,-693
106000184,812,1062,-250
106000185,525,892,-367
106000186,813,189,624
106000187,161,800,-639
106000188,0,1,-1
106000189,1,44,-43
106000190,2,1,1
106000191,506,162,344
106000192,0,32,-32
106000193,248,106,142
106000194,108,457,-349
106000195,307,62,245
106000196,72,281,-209
106000197,164,314,-150
106000198,61,290,-229
106000199,839,502,337
106000200,410,118,292
106000201,469,949,-480
106000202,6842,528,6314
106000203,195,130,65
106000204,18,5,13
106000205,10,138,-128
106000206,47,9,38
106000207,53,956,-903
106000208,339,44,295
106000209,578,257,321
106000210,186,1215,-1029
106000211,260,1595,-1335
106000212,238,145,93
106000213,683,876,-193
106000214,2235,442,1793
106000215,109,425,-316
106000216,176,340,-164
106000217,141,486,-345
106000218,211,316,-105
106000219,43,280,-237
106000220,235,223,12
106000221,35,265,-230
106000222,18,180,-162
106000223,30,190,-160
106000224,67,364,-297
106000225,35,46,-11
106000226,97,377,-280
106000228,6,83,-77
106000229,29,853,-824
106000231,277,92,185
106000232,38,408,-370
106000233,248,91,157
106000234,69,251,-182
106000235,139,45,94
106000236,50,43,7
106000237,1,6,-5
106000238,0,5,-5
106000239,10,57,-47
106000240,23,1,22
106000241,10,657,-647
106000242,129,15,114
106000249,12,44,-32
106000250,29,411,-382
106000251,23,26,-3
106000252,17,140,-123
106000253,10,54,-44
106000254,19,69,-50
106000255,11,58,-47
106000256,64,112,-48
106000257,120,298,-178
106000258,44,10,34
106000259,1,35,-34
106000260,7,0,7
106000261,0,40,-40
106000262,7,10,-3
106000263,1,112,-111
106000264,52,2,50
106000265,6,117,-111
106000266,51,11,40
106000267,3,95,-92
106000268,294,7,287
106000269,54,56,-2
106000270,121,464,-343
106000271,58,206,-148
106000272,77,47,30
106000273,5,120,-115
106000274,167,40,127
106000275,60,166,-106
106000276,87,58,29
106000277,62,143,-81
106000278,126,26,100
106000279,11,59,-48
106000280,12,166,-154
106000281,62,79,-17
106000282,56,37,19
106000283,49,140,-91
106000284,40,108,-68
106000285,70,153,-83
106000286,29,121,-92
106000287,55,92,-37
106000288,54,128,-74
106000289,42,71,-29
106000290,46,114,-68
106000291,46,86,-40
106000292,43,162,-119
106000293,56,75,-19
106000294,82,118,-36
106000295,19,51,-32
106000296,60,102,-42
106000297,66,158,-92
106000298,106,90,16
106000299,54,128,-74
106000300,27,86,-59
106000301,36,93,-57
106000303,3,42,-39
106000304,55,35,20
106000305,18,30,-12
106000306,101,92,9
106000307,15,8,7
106000308,57,226,-169
106000309,9,98,-89
106000310,113,541,-428
106000311,129,100,29
106000312,49,166,-117
106000313,57,177,-120
106000318,164,130,34
106000319,254,13,241
106000320,0,35,-35
106000321,277,38,239
106000322,48,215,-167
106000324,3,142,-139
106000325,682,834,-152
106000326,598,1761,-1163
106000327,51,219,-168
106000328,7,106,-99
106000329,23,282,-259
106000330,25,67,-42
106000428,37,212,-175
106000429,53,560,-507
106000430,239,1530,-1291
106000431,511,281,230
106000432,981,2530,-1549
106000433,748,614,134
106000434,1711,623,1088
106000435,1917,2302,-385
106000436,17,352,-335
106000437,83,20,63
106000438,398,73,325
106000439,81,485,-404
106000440,172,537,-365
106000441,1,0,1
106000442,88,9,79
106000443,56,797,-741
106000450,5,188,-183
106000451,19,10,9
106000454,1,65,-64
106000455,20,140,-120
106000456,61,23,38
106000457,4,1177,-1173
106000458,126,217,-91
106000459,27,505,-478
106000460,263,29,234
106000461,13,2122,-2109
106000462,0,10,-10
106000463,2,20,-18
106000464,5,665,-660
106000465,110,2,108
106000466,2,731,-729
106000467,595,549,46
106000468,27,198,-171
106000469,300,3,297
106000470,196,1019,-823
106000471,12,568,-556
106000472,62,8,54
106000473,12,38,-26
106000474,164,739,-575
106000475,125,114,11
106000476,179,111,68
106000477,11,142,-131
106000480,0,57,-57
106900001,0,10,-10
106900002,3,585,-582
106900003,253,708,-455
106900004,0,41,-41
106900006,0,9,-9
106900007,0,9,-9
106900008,63,283,-220
106900009,74,425,-351
106900010,75,244,-169
106900012,1712,880,832
106900013,191,25,166
106900014,17,1,16
106900015,1,1,0
106900016,48,0,48
106900017,1,0,1
106900018,0,0,0
106900019,12,0,12
106900020,2635,401,2234
106900021,1,26,-25
106900022,106,1,105
106900023,4,289,-285
106900024,144,9,135
106900025,48,565,-517
106900026,4,981,-977
106900027,128,4,124
107000001,1643,1086,557
107000002,2718,3660,-942
107000003,3161,3912,-751
107000004,5081,6565,-1484
107000005,1185,2573,-1388
107000006,2569,7788,-5219
107000007,4330,3785,545
107000008,21264,12399,8865
107000009,3232,3488,-256
107000010,10232,12969,-2737
107000011,826,1529,-703
107000012,4081,4075,6
107000013,34,201,-167
107000014,8,334,-326
107000015,333,969,-636
107000016,263,1343,-1080
107000017,1886,737,1149
107000018,3,170,-167
107000020,1086,295,791
107000021,574,1008,-434
107000022,530,1495,-965
107000023,883,386,497
107000024,255,2232,-1977
107000025,93,345,-252
107000026,113,799,-686
107000027,852,601,251
107000028,937,1793,-856
107000029,945,1085,-140
107000030,2914,3462,-548
107000031,1444,1155,289
107000032,188,877,-689
107000033,4725,3605,1120
107000034,5816,2398,3418
107000035,285,122,163
107000036,240,756,-516
107000037,39,550,-511
107000038,273,243,30
107000039,384,460,-76
107000040,87,320,-233
107000041,1261,518,743
107000042,560,1535,-975
107000043,2640,715,1925
107000044,537,358,179
107000045,147,281,-134
107000046,249,272,-23
107000047,259,830,-571
107000048,339,360,-21
107000049,323,678,-355
107000050,597,465,132
107000051,467,330,137
107000052,833,585,248
107000053,223,120,103
107000054,53,296,-243
107000055,195,146,49
107000056,398,740,-342
107000057,1310,155,1155
107000058,1142,1473,-331
107000059,1523,2609,-1086
107000060,2388,4017,-1629
107000061,4816,3716,1100
107000062,1584,2674,-1090
107000063,2795,5715,-2920
107000064,1785,1674,111
107000065,2802,6046,-3244
107000066,1287,1557,-270
107000067,456,806,-350
107000068,1067,467,600
107000069,302,318,-16
107000070,142,1,141
107000071,630,9,621
107000072,19,3660,-3641
107000073,109,86,23
107000074,111,865,-754
107000075,478,135,343
107000076,648,1859,-1211
107000077,1204,255,949
107000078,1267,3401,-2134
107000079,838,260,578
107000080,746,3454,-2708
107000081,576,308,268
107000082,354,3286,-2932
107000083,497,221,276
107000084,319,2862,-2543
107000085,2047,2810,-763
107000086,3347,2441,906
107000087,1649,1823,-174
107000088,2156,2888,-732
107000089,997,1650,-653
107000090,801,1051,-250
107000091,599,963,-364
107000092,402,1233,-831
107000093,490,821,-331
107000094,623,1525,-902
107000095,311,627,-316
107000096,471,874,-403
107000097,289,332,-43
107000098,263,837,-574
107000099,221,189,32
107000100,229,403,-174
107000101,37,133,-96
107000102,346,428,-82
107000103,217,113,104
107000104,192,279,-87
107000105,136,119,17
107000106,79,372,-293
107000107,181,166,15
107000108,72,1076,-1004
107000109,161,68,93
107000110,21,574,-553
107000111,51,23,28
107000112,20,382,-362
107000113,242,45,197
107000114,25,715,-690
107000115,106,40,66
107000116,38,1014,-976
107000117,38,117,-79
107000118,74,324,-250
107000119,1593,591,1002
107000120,2845,338,2507
107000121,239,512,-273
107000122,577,744,-167
107000123,147,840,-693
107000124,250,772,-522
107000125,261,842,-581
107000126,381,1244,-863
107000129,90,1212,-1122
107000130,123,173,-50
107000131,246,802,-556
107000132,247,267,-20
107000133,429,96,333
107000134,91,0,91
107000135,4,204,-200
107000136,243,1,242
107000137,16,350,-334
107000138,174,10,164
107000139,20,329,-309
107000140,358,21,337
107000141,84,871,-787
107000142,227,25,202
107000143,31,970,-939
107000144,282,141,141
107000145,92,617,-525
107000146,140,95,45
107000147,2677,596,2081
107000150,1019,1117,-98
107000151,31,43,-12
107000152,529,297,232
107000153,314,248,66
107000154,164,39,125
107000155,280,22,258
107000156,503,19,484
107000157,19,3155,-3136
107000158,285,18,267
107000159,15,1799,-1784
107000160,270,51,219
107000161,80,2332,-2252
107000162,93,163,-70
107000163,18,0,18
107000164,79,0,79
107000165,187,1,186
107000166,42,1539,-1497
107000167,183,285,-102
107000168,342,189,153
107000169,871,1268,-397
107000170,560,356,204
107000171,443,3317,-2874
107000172,499,459,40
107000173,774,1457,-683
107000174,886,1362,-476
107000175,12975,1697,11278
107000176,0,0,0
107000177,0,0,0
107000178,1,47,-46
107000179,151,3612,-3461
107000180,419,328,91
107000181,125,1408,-1283
107000182,409,656,-247
107000183,49,1094,-1045
107000184,284,646,-362
107000185,136,1495,-1359
107000186,255,265,-10
107000187,898,1037,-139
107000188,318,373,-55
107000189,220,880,-660
107000190,289,635,-346
107000191,328,955,-627
107000192,835,1034,-199
107000193,260,313,-53
107000194,725,777,-52
107000197,301,226,75
107000198,127,770,-643
107000199,574,895,-321
107000200,985,454,531
107000201,233,237,-4
107000202,140,461,-321
107000203,559,504,55
107000204,636,659,-23
107000205,2520,1074,1446
107000206,676,676,0
107000207,574,865,-291
107000208,1199,244,955
107000209,2028,317,1711
107000210,1707,187,1520
107000211,8,16,-8
107000212,5,148,-143
107000213,17,19,-2
107000214,15,99,-84
107000215,150,638,-488
107000216,82,509,-427
107000217,31,149,-118
107000219,57,120,-63
107000220,48,406,-358
107000222,236,812,-576
107000224,178,23,155
107000225,101,799,-698
107000226,135,45,90
107000227,70,646,-576
107000228,60,128,-68
107000229,215,75,140
107000230,914,479,435
107000231,755,264,491
107000232,30,55,-25
107000233,418,183,235
107000234,0,12,-12
107000235,25,1,24
107000236,15,370,-355
107000237,2,0,2
107000238,4,0,4
107000239,7002,398,6604
107000240,35,1374,-1339
107000241,88,22,66
107000242,562,54,508
107000243,0,31,-31
107000244,6,55,-49
107000246,4,1257,-1253
107000249,4,928,-924
107000251,1,390,-389
107000252,2,1708,-1706
107000255,756,60,696
107000257,2,730,-728
107000258,1,147,-146
107000259,3,275,-272
107000260,113,4,109
107000262,7,973,-966
107000263,52,6,46
107000266,4,0,4
107000267,47,208,-161
107000268,108,213,-105
107000269,141,47,94
107000270,0,8,-8
107000271,8,1162,-1154
107000272,2,302,-300
107000273,0,279,-279
107000274,544,317,227
107000275,4,780,-776
107000280,187,16,171
107000281,42,1372,-1330
107000282,11,1644,-1633
107000290,3,69,-66
107000291,16,18,-2
107000292,2,32,-30
107000293,29,7,22
107000294,0,30,-30
107000295,27,1,26
107000296,0,9,-9
107000444,102,1,101
107000496,0,25,-25
107000497,987,3801,-2814
107000500,239,425,-186
107000501,54,191,-137
107000502,108,458,-350
107000505,601,797,-196
107000506,0,18,-18
107000508,3,757,-754
107000509,145,407,-262
107000510,23,15,8
107000514,7,241,-234
107000515,9,340,-331
107000516,101,145,-44
107000518,284,223,61
107000519,3896,1299,2597
107000520,34,6,28
107000521,230,576,-346
107000522,209,812,-603
107900001,10,255,-245
107900002,30,0,30
107900003,144,5,139
107900004,16,0,16
107900005,263,3,260
107900006,18,0,18
107900007,97,23,74
107900008,16,37,-21
107900009,43,0,43
107900010,5,0,5
107900012,160,8,152
107900013,128,61,67
107900014,4,3,1
107900015,244,1,243
107900016,427,124,303
107900017,8,0,8
107900018,22,31,-9
107900019,5,94,-89
107900020,57,7,50
107900021,14,145,-131
107900023,0,1,-1
107900024,0,33,-33
107900025,179,433,-254
107900026,23,145,-122
107900027,2,96,-94
107900028,12,85,-73
107900030,98,14,84
107900031,26,235,-209
107900032,1,0,1
107900033,6,2,4
107900034,67,8,59
107900035,271,5,266
107900036,8,0,8
107900037,1,60,-59
107900038,124,72,52
107900039,3,64,-61
107900040,53,35,18
107900041,0,0,0
107900043,22,145,-123
107900044,1,0,1
107900045,19,19,0
107900046,54,26,28
107900047,24,117,-93
107900048,40,2,38
107900049,217,283,-66
107900050,90,321,-231
107900051,32,80,-48
107900052,12,5,7
107900053,3,90,-87
107900055,161,101,60
107900056,35,6,29
107900057,0,0,0
107900058,8,763,-755
107900060,1,25,-24
107900061,17,1,16
107900063,38,103,-65
107900064,252,25,227
107900065,38,7,31
107900066,1,3,-2
107900067,0,0,0
107900068,65,209,-144
107900069,30,359,-329
107900070,18,11,7
107900071,8,857,-849
107900072,15,224,-209
107900073,19,106,-87
107900074,846,77,769
107900076,63,64,-1
107900077,20,0,20
107900078,137,13,124
107900079,7,14,-7
107900080,88,140,-52
107900081,5,68,-63
107900082,16,15,1
107900083,118,87,31
107900084,43,66,-23
107900086,36,64,-28
107900087,245,41,204
107900088,5,5,0
107900089,269,926,-657
107900090,438,416,22
107900091,94,535,-441
107900092,2178,422,1756
107900093,60,57,3
107900095,2755,723,2032
107900097,10,46,-36
107900098,44,107,-63
107900100,920,279,641
107900101,995,107,888
107900102,6,0,6
107900103,20,179,-159
107900104,66,1,65
107900105,1,619,-618
107900106,2,1858,-1856
107900107,1422,104,1318
107900108,325,43,282
107900109,243,3,240
107900110,4,95,-91
107900111,12,1683,-1671
107900112,64,182,-118
107900113,47,104,-57
107900114,59,201,-142
107900115,3,41,-38
107900116,16,234,-218
107900117,175,376,-201
107900118,54,132,-78
107900119,25,68,-43
107900120,11,2,9
107900121,1,137,-136
107900122,0,43,-43
107900123,1,31,-30
107900124,8,101,-93
107900125,26,199,-173
107900126,0,30,-30
107900127,655,62,593
107900128,49,34,15
107900129,12,56,-44
107900130,13,26,-13
107900131,132,23,109
107900132,52,435,-383
107900133,1,64,-63
107900134,8,29,-21
107900135,4,190,-186
107900136,48,26,22
107900137,60,76,-16
107900138,7,24,-17
107900139,4,25,-21
107900140,7,2,5
107900141,139,6,133
107900142,52,1130,-1078
107900143,38,34,4
107900144,0,168,-168
107900145,10,124,-114
107900146,29,137,-108
107900147,12,15,-3
107900148,96,147,-51
107900149,2334,127,2207
107900150,37,835,-798
107900151,6,83,-77
107900152,8,410,-402
107900153,91,132,-41
107900154,13,12,1
107900155,16,27,-11
107900156,0,336,-336
107900157,29,59,-30
107900158,181,8,173
107900159,35,1324,-1289
107900160,23,208,-185
107900161,11,204,-193
107900162,0,163,-163
107900163,24,28,-4
107900164,0,14,-14
107900165,24,23,1
107900166,13,277,-264
107900167,31,11,20
107900168,3,84,-81
107900169,2,217,-215
107900171,8,2085,-2077
107900172,0,423,-423
107900173,4,224,-220
107900174,36,8,28
107900175,2,4,-2
107900176,2,65,-63
107900177,0,150,-150
107900178,1,334,-333
107900179,4,159,-155
107900180,1260,111,1149
107900181,246,483,-237
107900182,6,1795,-1789
107900183,9,404,-395
107900184,21,238,-217
107900185,13,4,9
107900186,1,36,-35
107900187,0,151,-151
107900188,751,53,698
107900189,0,126,-126
107900190,161,35,126
107900191,19,164,-145
107900193,0,17,-17
107900194,43,2,41
107900195,4980,419,4561
107900196,38,50,-12
107900197,626,62,564
107900199,3,1173,-1170
107900201,42,130,-88
107900203,10,72,-62
107900204,169,169,0
107900205,152,519,-367
107900206,205,144,61
107900207,0,712,-712
107900208,10,957,-947
107900209,415,96,319
107900210,53,138,-85
107900213,174,304,-130
107900214,3,195,-192
107900215,108,360,-252
107900216,30,33,-3
107900217,23,48,-25
107900218,3,1731,-1728
107900219,8,175,-167
107900220,129,61,68
107900221,147,196,-49
107900223,28,629,-601
107900224,124,351,-227
107900225,5,846,-841
107900226,13,103,-90
107900227,70,565,-495
107900228,4,110,-106
107900229,5,311,-306
107900230,0,199,-199
107900231,6,183,-177
107900232,5,285,-280
107900233,1,131,-130
107900234,25,206,-181
107900235,33,91,-58
107900236,34,91,-57
107900237,123,481,-358
107900238,9,114,-105
107900239,1174,380,794
107900240,7,185,-178
107900241,4,115,-111
107900242,14,417,-403
107900243,1,30,-29
107900244,107,3,104
107900245,111,17,94
107900246,36,3,33
107900248,53,657,-604
107900249,152,5,147
107900250,1,641,-640
107900251,20,1325,-1305
107900252,172,4,168
107900253,21,0,21
107900254,34,101,-67
107900255,368,46,322
107900256,293,718,-425
107900257,49,35,14
107900258,28,199,-171
107900259,77,376,-299
107900261,0,494,-494
107900262,37,141,-104
107900264,37,2,35
107900265,34,224,-190
107900267,34,14,20
107900268,63,7,56
107900269,0,9,-9
107900270,0,0,0
107900271,1,3,-2
107900272,140,22,118
107900273,18,72,-54
107900274,11,1,10
107900275,5,0,5
107900276,0,35,-35
107900277,2,244,-242
107900278,71,329,-258
107900279,145,45,100
107900280,2123,750,1373
107900281,3791,634,3157
107900282,34,145,-111
107900283,1527,270,1257
107900284,49,836,-787
107900285,32,151,-119
107900286,103,48,55
107900287,69,81,-12
107900290,0,53,-53
107900291,122,2,120
107900292,76,263,-187
107900293,29,548,-519
107900295,11,146,-135
107900297,0,212,-212
107900298,544,895,-351
107900299,3976,972,3004
107900300,18,143,-125
107900301,339,156,183
107900302,46,20,26
107900303,38,236,-198
107900304,79,511,-432
107900305,110,2,108
107900306,9,1,8
107900307,18,328,-310
107900308,165,16,149
107900309,0,2,-2
107900310,0,0,0
107900311,76,31,45
107900312,0,0,0
107900313,2,65,-63
107900314,1,41,-40
107900315,1,49,-48
107900316,16,0,16
107900317,20,0,20
107900318,3,146,-143
107900319,1,242,-241
107900320,2,193,-191
107900321,35,3,32
107900322,0,279,-279
107900323,1,177,-176
107900324,68,2,66
107900325,15,0,15
107900326,55,406,-351
107900327,0,0,0
107900328,0,0,0
107900329,0,0,0
107900330,2,453,-451
107900331,51,24,27
107900332,42,18,24
107900333,23,4,19
107900334,2,233,-231
107900335,26,50,-24
107900336,9,17,-8
107900337,1243,303,940
107900338,0,125,-125
107900339,0,35,-35
107900340,2,33,-31
107900341,12,0,12
107900342,69,101,-32
107900343,7,1,6
107900344,0,103,-103
107900345,39,22,17
107900346,6,0,6
107900347,7,1,6
107900348,0,0,0
107900349,9,2,7
107900350,41,284,-243
107900351,3,247,-244
107900352,0,24,-24
107900353,1,2,-1
107900354,0,51,-51
108000001,2048,2065,-17
108000002,2502,3267,-765
108000003,2103,1215,888
108000004,16691,14629,2062
108000005,2685,2074,611
108000006,3965,5464,-1499
108000007,2895,2495,400
108000008,4468,5682,-1214
108000009,1496,2191,-695
108000010,1805,4932,-3127
108000011,7407,5566,1841
108000012,16834,15245,1589
108000014,259,337,-78
108000015,247,300,-53
108000016,135,582,-447
108000017,373,301,72
108000018,701,384,317
108000019,973,424,549
108000020,489,322,167
108000021,349,1589,-1240
108000022,382,1405,-1023
108000023,624,102,522
108000024,76,764,-688
108000025,69,194,-125
108000026,158,678,-520
108000027,181,487,-306
108000028,97,307,-210
108000029,139,588,-449
108000030,223,220,3
108000031,61,601,-540
108000032,557,389,168
108000033,347,1213,-866
108000034,673,289,384
108000035,626,2634,-2008
108000036,240,1428,-1188
108000037,716,243,473
108000038,951,178,773
108000039,351,2384,-2033
108000040,760,326,434
108000041,552,2846,-2294
108000042,71,286,-215
108000043,142,316,-174
108000044,143,207,-64
108000045,113,882,-769
108000046,638,202,436
108000047,263,1169,-906
108000048,59,457,-398
108000049,233,154,79
108000050,68,457,-389
108000051,74,46,28
108000052,234,695,-461
108000053,104,64,40
108000054,409,874,-465
108000055,527,233,294
108000056,822,924,-102
108000057,423,438,-15
108000058,1417,1319,98
108000059,3280,1562,1718
108000060,67,241,-174
108000061,86,325,-239
108000062,237,341,-104
108000063,237,736,-499
108000064,67,293,-226
108000065,288,546,-258
108000066,1177,603,574
108000067,676,255,421
108000068,273,194,79
108000069,104,1133,-1029
108000070,649,457,192
108000071,340,1788,-1448
108000072,693,631,62
108000073,985,1845,-860
108000074,200,248,-48
108000075,199,691,-492
108000076,334,271,63
108000077,545,919,-374
108000078,1042,936,106
108000079,971,1944,-973
108000080,442,407,35
108000081,415,3303,-2888
108000082,872,1553,-681
108000083,1082,529,553
108000084,197,1209,-1012
108000085,186,170,16
108000086,656,842,-186
108000087,93,773,-680
108000088,46,5,41
108000089,136,166,-30
108000090,138,103,35
108000091,99,538,-439
108000092,36,64,-28
108000093,54,873,-819
108000094,206,119,87
108000095,72,646,-574
108000096,131,135,-4
108000097,82,541,-459
108000098,409,1204,-795
108000099,81,92,-11
108000100,16,177,-161
108000101,555,621,-66
108000102,704,1100,-396
108000106,369,0,369
108000107,7,642,-635
108000108,193,20,173
108000109,5,739,-734
108000110,71,185,-114
108000111,63,587,-524
108000112,39,65,-26
108000113,378,286,92
108000115,404,335,69
108000117,727,213,514
108000118,81,88,-7
108000119,724,431,293
108000120,81,406,-325
108000121,103,623,-520
108000122,106,197,-91
108000123,283,312,-29
108000124,141,556,-415
108000125,75,395,-320
108000126,51,709,-658
108000127,100,414,-314
108000128,173,991,-818
108000129,70,1636,-1566
108000130,70,307,-237
108000131,384,89,295
108000132,1145,1257,-112
108000133,288,271,17
108000134,635,930,-295
108000135,309,199,110
108000136,753,1249,-496
108000137,99,404,-305
108000138,169,1137,-968
108000139,60,343,-283
108000140,13,28,-15
108000141,6,148,-142
108000142,25,104,-79
108000143,19,22,-3
108000144,11,15,-4
108000145,13,29,-16
108000146,16,10,6
108000147,9,43,-34
108000148,20,3,17
108000149,8,28,-20
108000150,10,3,7
108000151,4,5,-1
108000152,50,758,-708
108000153,84,102,-18
108000154,33,12,21
108000155,7,4,3
108000156,278,59,219
108000157,84,247,-163
108000158,58,261,-203
108000159,608,77,531
108000160,5420,443,4977
108000161,4920,748,4172
108000165,3,91,-88
108000172,1,104,-103
108000173,2997,791,2206
108000175,47,66,-19
108000178,489,391,98
108000179,182,465,-283
108000181,28,33,-5
108000182,104,17,87
108000183,2,9,-7
108000184,1175,915,260
108000185,58,837,-779
108000186,62,48,14
108000187,24,1089,-1065
108000188,113,183,-70
108000189,353,474,-121
108000190,27,72,-45
108000192,46,683,-637
108000193,467,36,431
108000194,5,3,2
108000195,0,1187,-1187
108000196,73,75,-2
108000198,180,325,-145
108000199,0,87,-87
108000200,112,623,-511
108000202,0,62,-62
108000203,48,1387,-1339
108000204,39,18,21
108000205,533,592,-59
108000339,1664,188,1476
108000364,160,128,32
108000365,28,459,-431
108000367,71,293,-222
108000368,10,47,-37
108000369,2091,87,2004
108000371,3,597,-594
108000372,106,3,103
108000373,75,163,-88
108000376,47,8,39
108000377,185,365,-180
108000378,7705,5376,2329
108000379,49,130,-81
108000381,15,5,10
108000382,46,3,43
108000383,0,81,-81
108900001,171,1090,-919
108900002,171,42,129
108900003,312,1086,-774
108900004,21,89,-68
108900005,12,65,-53
108900006,269,121,148
108900007,47,121,-74
108900008,26,142,-116
108900009,11,105,-94
108900010,36,150,-114
108900011,148,335,-187
108900012,95,551,-456
108900013,37,216,-179
108900014,0,43,-43
108900015,0,20,-20
108900016,0,168,-168
108900017,107,158,-51
108900018,49,616,-567
108900019,7,1364,-1357
108900020,24,339,-315
108900021,54,376,-322
108900022,14,3,11
108900023,1,34,-33
108900024,1,157,-156
108900025,20,111,-91
108900026,5,66,-61
108900027,0,134,-134
108900028,29,560,-531
108900029,16,373,-357
108900030,0,174,-174
108900031,23,726,-703
108900032,5,347,-342
108900033,1,64,-63
108900034,1,299,-298
108900035,142,2164,-2022
108900036,181,417,-236
108900037,17,520,-503
108900038,4,468,-464
108900039,1,686,-685
108900040,1,109,-108
108900041,6053,1377,4676
108900042,0,171,-171
108900043,16,477,-461
108900044,5,932,-927
108900045,15,702,-687
108900046,68,1259,-1191
108900047,0,96,-96
108900048,33,989,-956
108900049,5693,498,5195
108900050,1,337,-336
108900051,3,243,-240
108900052,1,293,-292
108900053,62,78,-16
108900054,25,236,-211
108900055,64,536,-472
108900056,1,185,-184
108900057,1,240,-239
108900058,11,528,-517
108900059,125,8,117
108900060,30,62,-32
108900061,34,10,24
108900062,5,429,-424
108900063,3,391,-388
108900064,28,65,-37
108900065,1,350,-349
108900066,93,77,16
108900067,7,279,-272
108900068,1,280,-279
108900069,13,142,-129
108900070,11,159,-148
108900071,17,28,-11
108900072,2487,111,2376
108900073,14,634,-620
108900074,15,525,-510
108900075,47,66,-19
108900076,96,80,16
108900077,128,710,-582
108900078,5,220,-215
108900079,752,251,501
108900080,7,186,-179
108900081,32,269,-237
108900082,12,104,-92
108900083,9,103,-94
108900084,386,112,274
108900085,2464,94,2370
108900086,19,396,-377
108900087,92,142,-50
108900088,270,198,72
108900089,1,53,-52
108900090,5,537,-532
108900091,160,118,42
108900092,133,174,-41
108900093,32,28,4
108900094,120,50,70
108900095,66,829,-763
108900096,603,38,565
108900097,96,190,-94
108900098,3198,193,3005
108900099,195,379,-184
108900100,19,125,-106
108900101,89,42,47
108900102,148,251,-103
108900103,25,44,-19
108900104,201,316,-115
108900105,1,316,-315
108900106,158,620,-462
108900108,77,20,57
108900109,105,31,74
108900110,46,481,-435
108900111,140,723,-583
108900112,40,7,33
108900113,19,7,12
108900114,11,12,-1
108900115,43,32,11
108900116,25,2,23
108900117,44,13,31
108900118,119,6,113
108900119,37,15,22
108900120,100,82,18
108900121,86,10,76
108900122,30,19,11
108900123,53,23,30
108900124,141,48,93
108900125,67,1,66
108900126,21,1,20
108900127,40,12,28
108900128,15,12,3
108900129,250,48,202
108900130,50,0,50
108900131,67,2,65
108900132,92,24,68
108900133,64,33,31
108900134,70,194,-124
108900135,21,4,17
108900136,4,0,4
108900137,18,0,18
108900138,126,7,119
108900139,100,56,44
108900140,59,215,-156
108900141,87,9,78
108900142,18,0,18
108900143,6,0,6
108900144,9,0,9
108900145,36,1,35
108900146,6,0,6
108900147,32,0,32
108900148,39,22,17
108900149,312,403,-91
108900150,120,3,117
108900151,9,2,7
108900152,11,3,8
108900153,24,476,-452
108900154,1801,215,1586
108900155,83,109,-26
108900156,82,75,7
108900157,7,752,-745
108900158,54,17,37
108900159,9,388,-379
108900160,5,255,-250
108900161,5,530,-525
108900162,28,0,28
108900163,0,79,-79
108900164,22,127,-105
108900165,106,58,48
108900167,1552,1284,268
108900168,11919,1299,10620
108900169,9,109,-100
108900171,8699,1009,7690
108900172,99,15,84
108900173,162,270,-108
108900174,160,303,-143
108900176,82,850,-768
108900177,9627,1176,8451
108900178,5791,821,4970
108900179,265,492,-227
108900180,28,81,-53
108900182,15,109,-94
108900183,172,195,-23
108900184,214,130,84
108900185,21,270,-249
108900186,43,301,-258
108900187,66,54,12
108900188,128,34,94
108900189,160,114,46
108900190,6,3197,-3191
108900191,85,3,82
108900192,41,318,-277
108900193,35,33,2
108900194,8,329,-321
108900195,24,403,-379
108900196,15,643,-628
108900198,5,584,-579
108900199,56,298,-242
108900200,154,267,-113
108900201,155,1110,-955
108900203,132,9,123
108900204,96,6,90
108900205,112,7,105
108900206,89,9,80
108900207,64,11,53
108900208,17,395,-378
108900209,192,646,-454
108900210,117,182,-65
108900211,84,146,-62
108900212,570,434,136
108900215,73,770,-697
108900216,258,54,204
108900217,19,0,19
108900218,32,1,31
108900219,16,0,16
108900220,14,1,13
108900221,20,30,-10
108900222,55,5,50
108900223,11,34,-23
108900224,22,60,-38
108900225,0,146,-146
108900226,84,3,81
108900227,42,43,-1
108900230,417,330,87
108900231,45,345,-300
108900232,1,419,-418
108900233,83,10,73
108900234,97,24,73
108900235,191,633,-442
108900236,24,335,-311
108900237,19,280,-261
108900240,23,57,-34
108900241,3,6,-3
108900245,3,272,-269
108900249,36,5,31
108900250,146,218,-72
108900257,25,508,-483
108900258,7,297,-290
108900259,19,59,-40
108900260,4,113,-109
108900261,105,101,4
108900262,294,63,231
108900263,31,339,-308
108900264,254,198,56
108900265,1503,138,1365
108900266,1105,140,965
108900267,0,37,-37
108900268,3,3,0
108900269,9,1,8
108900270,21,4,17
108900271,3,3,0
108900272,52,3,49
108900273,884,243,641
108900274,13,24,-11
109000001,2200,748,1452
109000002,3389,1155,2234
109000003,1201,456,745
109000004,387,2799,-2412
109000005,1015,590,425
109000006,507,2179,-1672
109000007,569,450,119
109000008,291,2076,-1785
109000009,2283,667,1616
109000010,1318,3889,-2571
109000011,1350,1137,213
109000012,1296,4082,-2786
109000013,1749,1203,546
109000014,1183,3964,-2781
109000015,2194,2482,-288
109000016,9834,4234,5600
109000017,1147,800,347
109000018,507,3364,-2857
109000019,1304,756,548
109000020,1019,2153,-1134
109000023,110,4,106
109000024,4,135,-131
109000025,274,209,65
109000026,550,262,288
109000027,61,173,-112
109000028,52,111,-59
109000029,141,61,80
109000030,78,567,-489
109000031,62,55,7
109000032,46,462,-416
109000033,121,64,57
109000034,37,18,19
109000035,5,29,-24
109000036,91,361,-270
109000037,123,433,-310
109000038,628,337,291
109000039,348,216,132
109000040,5124,2181,2943
109000041,5944,736,5208
109000042,899,807,92
109000044,113,48,65
109000045,49,520,-471
109000046,127,84,43
109000047,50,468,-418
109000048,531,81,450
109000049,138,506,-368
109000050,221,135,86
109000051,257,331,-74
109000052,354,1969,-1615
109000053,63,88,-25
109000054,212,838,-626
109000055,84,157,-73
109000056,132,754,-622
109000057,189,176,13
109000058,882,256,626
109000059,449,1062,-613
109000060,347,168,179
109000061,1766,368,1398
109000062,75,133,-58
109000063,126,220,-94
109000064,56,149,-93
109000065,101,481,-380
109000066,106,114,-8
109000067,51,450,-399
109000068,91,0,91
109000069,219,5,214
109000070,4,675,-671
109000071,185,78,107
109000072,68,419,-351
109000073,28,50,-22
109000074,21,303,-282
109000075,50,434,-384
109000076,77,87,-10
109000077,277,267,10
109000078,23,117,-94
109000079,94,296,-202
109000080,59,141,-82
109000081,29,550,-521
109000082,159,311,-152
109000083,121,940,-819
109000088,88,497,-409
109000089,66,11,55
109000090,199,540,-341
109000091,153,56,97
109000092,334,748,-414
109000093,122,44,78
109000094,95,2,93
109000095,60,852,-792
109000096,175,82,93
109000097,64,87,-23
109000098,28,25,3
109000099,352,313,39
109000100,97,587,-490
109000101,456,786,-330
109000102,250,921,-671
109000103,178,606,-428
109000104,614,491,123
109000105,302,1862,-1560
109000106,817,399,418
109000107,299,2083,-1784
109000108,649,293,356
109000109,317,1971,-1654
109000110,750,266,484
109000111,869,2570,-1701
109000112,293,130,163
109000113,119,201,-82
109000114,69,648,-579
109000115,671,32,639
109000116,3,208,-205
109000117,43,62,-19
109000118,5,348,-343
109000119,269,307,-38
109000120,67,1436,-1369
109000121,119,56,63
109000122,42,1358,-1316
109000123,16,70,-54
109000124,228,406,-178
109000125,299,312,-13
109000126,203,1150,-947
109000127,287,167,120
109000128,272,2681,-2409
109000129,809,230,579
109000130,520,3005,-2485
109000131,374,150,224
109000132,494,1655,-1161
109000133,295,893,-598
109000134,394,1526,-1132
109000135,519,1099,-580
109000136,123,483,-360
109000137,72,290,-218
109000138,193,466,-273
109000139,148,347,-199
109000140,44,508,-464
109000141,149,511,-362
109000142,56,596,-540
109000143,55,39,16
109000145,57,62,-5
109000146,21,76,-55
109000148,4840,793,4047
109000149,17,13,4
109000150,40,161,-121
109000155,170,423,-253
109000156,835,1107,-272
109000158,49,220,-171
109000159,77,649,-572
109000160,262,266,-4
109000161,242,1589,-1347
109000162,955,941,14
109000163,460,1796,-1336
109000164,565,2392,-1827
109000165,567,670,-103
109000166,220,119,101
109000167,76,941,-865
109000170,19,36,-17
109000171,48,40,8
109000172,38,33,5
109000173,6,32,-26
109000174,21,70,-49
109000175,20,113,-93
109000176,91,372,-281
109000177,9,123,-114
109000178,236,428,-192
109000179,8585,1982,6603
109000180,5502,3303,2199
109000181,3,43,-40
109000182,2,73,-71
109000183,7,61,-54
109000184,12,27,-15
109000185,13,94,-81
109000188,270,2897,-2627
109000189,1147,879,268
109000190,215,533,-318
109000191,231,761,-530
109000192,95,256,-161
109000193,77,475,-398
109000194,60,131,-71
109000195,33,484,-451
109000196,104,88,16
109000197,82,615,-533
109000198,89,41,48
109000199,70,557,-487
109000206,54,43,11
109000207,21,54,-33
109000208,94,41,53
109000209,134,63,71
109000210,155,548,-393
109000211,157,330,-173
109000214,159,711,-552
109000215,55,47,8
109000216,90,81,9
109000217,119,65,54
109000218,160,70,90
109000221,159,1113,-954
109000222,303,36,267
109000223,137,148,-11
109000224,27,368,-341
109000225,34,49,-15
109000226,24,276,-252
109000227,433,1604,-1171
109000228,1,311,-310
109000231,2,540,-538
109000232,87,536,-449
109000236,109,811,-702
109000241,770,1657,-887
109000242,607,1301,-694
109000293,10,27,-17
109000361,47,255,-208
109000364,201,766,-565
109000396,6,1060,-1054
109000397,130,2,128
109000399,113,517,-404
109000400,26,365,-339
109000403,24,162,-138
109000406,51,2,49
109000407,114,305,-191
109000408,3,562,-559
109000410,516,128,388
109000411,29,46,-17
109900001,48,0,48
109900002,180,8,172
109900003,31,0,31
109900004,525,259,266
109900005,9,3,6
109900006,143,267,-124
109900007,224,959,-735
109900008,0,39,-39
109900009,58,1152,-1094
109900010,163,9,154
109900011,28,23,5
109900012,149,146,3
109900013,180,82,98
109900014,80,32,48
109900015,257,37,220
109900016,40,46,-6
109900017,27,43,-16
109900018,114,150,-36
109900019,43,70,-27
109900020,2,16,-14
109900021,3,6,-3
109900022,72,339,-267
109900023,8,4,4
109900024,5,0,5
109900025,4,85,-81
109900026,3,147,-144
109900027,10,1,9
109900028,2676,330,2346
109900029,4,644,-640
109900030,5,1,4
109900031,0,45,-45
109900032,4,272,-268
109900033,1,419,-418
109900034,2,0,2
109900035,2,20,-18
109900036,4,98,-94
109900037,9,534,-525
109900038,17,252,-235
109900039,3,0,3
109900040,21,816,-795
109900041,33,467,-434
109900042,1,551,-550
109900044,76,347,-271
109900045,11,39,-28
109900046,27,42,-15
109900047,260,383,-123
109900048,1,72,-71
109900049,1,17,-16
109900050,0,308,-308
109900051,0,48,-48
109900052,22,274,-252
109900053,6,544,-538
109900054,227,92,135
109900055,24,281,-257
109900056,16,40,-24
109900057,2,254,-252
109900058,1,135,-134
109900059,205,50,155
109900060,124,130,-6
109900061,94,350,-256
109900062,0,270,-270
109900063,0,308,-308
109900064,99,221,-122
109900065,77,122,-45
109900066,161,1082,-921
109900067,1,469,-468
109900068,11,2,9
109900069,2,48,-46
109900070,42,350,-308
109900071,2,36,-34
109900072,11,148,-137
109900073,59,809,-750
109900074,3,61,-58
109900075,2,14,-12
109900076,7,271,-264
109900077,9,75,-66
109900078,74,233,-159
109900080,90,306,-216
109900081,7,79,-72
109900082,32,475,-443
109900083,15,32,-17
109900084,3,123,-120
109900085,145,1330,-1185
109900086,99,101,-2
109900087,142,319,-177
109900089,146,57,89
109900090,344,1042,-698
109900091,74,65,9
109900092,137,3,134
109900093,208,83,125
109900094,19,64,-45
109900095,83,210,-127
109900096,9,1,8
109900097,25,1,24
109900098,133,14,119
109900099,24,1,23
109900100,11,0,11
109900101,92,3,89
109900102,199,15,184
109900103,5,30,-25
109900104,81,1254,-1173
109900105,181,15,166
109900106,55,76,-21
109900107,112,77,35
109900108,39,816,-777
109900109,4,243,-239
109900110,25,560,-535
109900111,149,1212,-1063
109900112,326,1081,-755
109900113,170,224,-54
109900114,755,116,639
109900115,40,71,-31
109900117,329,97,232
109900118,181,445,-264
109900119,408,270,138
109900120,13,2,11
109900121,172,69,103
109900122,165,3,162
109900123,4,153,-149
109900124,21,839,-818
109900125,1,244,-243
109900126,42,232,-190
109900128,43,43,0
109900130,12120,932,11188
109900131,52,110,-58
109900132,17,178,-161
109900133,18,505,-487
109900134,24,22,2
109900135,346,60,286
109900136,23,155,-132
109900137,19,461,-442
109900140,79,444,-365
109900142,278,229,49
109900145,0,91,-91
109900146,245,19,226
109900148,18,51,-33
109900149,47,38,9
109900150,2,60,-58
109900151,3,53,-50
109900152,1,60,-59
109900153,0,46,-46
109900154,0,0,0
109900155,9,2,7
109900157,27,253,-226
109900158,46,101,-55
109900159,49,7,42
109900160,41,37,4
109900161,106,49,57
109900162,54,42,12
109900163,669,246,423
109900164,35,186,-151
109900165,53,2,51
109900166,3,256,-253
109900167,56,734,-678
109900168,72,685,-613
109900169,47,151,-104
109900170,165,263,-98
109900171,56,54,2
109900172,53,140,-87
109900173,4524,666,3858
109900174,21,166,-145
109900175,21,69,-48
109900176,40,212,-172
109900177,12,355,-343
109900178,3,81,-78
109900179,7,15,-8
109900180,1,1,0
110000001,532,445,87
110000002,304,492,-188
110000003,819,613,206
110000004,459,518,-59
110000005,694,950,-256
110000006,559,282,277
110000007,64,218,-154
110000008,6,82,-76
110000009,11,42,-31
110000010,15,75,-60
110000011,15,75,-60
110000012,533,386,147
110000013,27,322,-295
110000014,553,314,239
110000015,534,466,68
110000016,303,737,-434
110000017,4554,295,4259
110000018,3569,460,3109
110000019,30,296,-266
110000020,493,275,218
110000021,300,392,-92
110000022,580,97,483
110000023,8,227,-219
110000024,665,394,271
110000025,67,0,67
110000026,5,746,-741
110000027,387,263,124
110000028,578,847,-269
110000029,308,842,-534
110000030,151,366,-215
110000031,124,553,-429
110000032,443,487,-44
110000033,94,106,-12
110000034,182,1355,-1173
110000035,250,1208,-958
110000036,243,1262,-1019
110000037,73,882,-809
110000038,124,972,-848
110000039,338,1157,-819
110000040,308,590,-282
110000041,72,397,-325
110000042,79,405,-326
110000043,233,72,161
110000044,29,68,-39
110000045,165,48,117
110000046,3,1,2
110000047,0,2,-2
110000048,2,6,-4
110000049,2,0,2
110000050,1,6,-5
110000051,3,1,2
110000052,6,49,-43
110000053,17,0,17
110000054,97,183,-86
110000055,133,5,128
110000056,40,50,-10
110000057,242,781,-539
110000058,395,670,-275
110000059,469,511,-42
110000060,356,966,-610
110000061,897,782,115
110000062,584,779,-195
110000063,24,99,-75
110000064,49,114,-65
110000065,24,150,-126
110000066,25,58,-33
110000067,69,329,-260
110000068,62,521,-459
110000069,63,210,-147
110000071,26,272,-246
110000073,0,28,-28
110000075,1,137,-136
110000076,197,141,56
110000077,361,321,40
110000078,23,104,-81
110000080,194,713,-519
110000081,11,256,-245
110000082,16,159,-143
110000083,143,641,-498
110000084,477,385,92
110000085,3926,1523,2403
110000086,1815,706,1109
110000087,5,48,-43
110000088,31,230,-199
110000089,130,161,-31
110000090,24,319,-295
110000091,1739,345,1394
110000092,17,85,-68
110000093,17,11,6
110000094,422,276,146
110000095,97,362,-265
110000096,4015,1835,2180
110000097,677,635,42
110000098,1074,401,673
110000099,901,1614,-713
110000100,152,995,-843
110000101,8,837,-829
110000102,15,30,-15
110000104,43,50,-7
110000105,35,318,-283
110000106,203,121,82
110000107,337,566,-229
110000108,87,24,63
110000109,253,316,-63
110000110,6236,2980,3256
110000111,10464,1511,8953
110000112,1470,321,1149
110000113,994,640,354
110000114,41,295,-254
110000115,113,275,-162
110000116,22,37,-15
110000117,82,703,-621
110000118,205,289,-84
110000119,119,527,-408
110000120,204,200,4
110000121,55,280,-225
110000122,211,676,-465
110000123,188,397,-209
110000124,4,979,-975
110000125,527,4,523
110000126,121,4,117
110000127,346,15,331
110000128,25,2137,-2112
110000129,4,715,-711
110000130,66,68,-2
110000131,92,453,-361
110000132,3,811,-808
110000133,46,216,-170
110000134,38,286,-248
110000135,173,33,140
110000136,21,352,-331
110000137,242,733,-491
110000138,391,1109,-718
110000139,522,1789,-1267
110000140,484,228,256
110000143,675,336,339
110000144,4015,753,3262
110000145,1268,679,589
110000146,3123,918,2205
110000147,134,561,-427
110000148,222,450,-228
110000151,737,599,138
110000152,609,238,371
110000153,21,53,-32
110000154,53,13,40
110000155,1975,1529,446
110000156,699,912,-213
110000157,1845,1248,597
110000160,254,400,-146
110000161,93,541,-448
110000166,138,79,59
110000167,481,407,74
110000168,460,249,211
110000169,190,269,-79
110000170,68,155,-87
110000171,326,301,25
110000172,111,1088,-977
110000173,1169,1531,-362
110000174,65,1530,-1465
110000175,260,157,103
110000176,22,312,-290
110000177,121,854,-733
110000178,386,515,-129
110000179,1373,316,1057
110000180,55,354,-299
110000181,154,348,-194
110000182,309,285,24
110000183,12376,3356,9020
110000184,646,1283,-637
110000185,628,560,68
110000186,539,439,100
110000191,153,323,-170
110000192,190,10,180
110000193,203,0,203
110000194,12,1384,-1372
110000195,94,514,-420
110000196,122,757,-635
110000197,33,277,-244
110000198,55,79,-24
110000199,40,94,-54
110000200,1363,709,654
110000201,390,419,-29
110000202,547,331,216
110000203,609,816,-207
110000204,0,350,-350
110000205,56,85,-29
110000206,507,1722,-1215
110000207,225,309,-84
110000208,54,109,-55
110000209,78,865,-787
110000210,221,605,-384
110000211,235,663,-428
110000212,136,730,-594
110000213,39,96,-57
110000214,58,120,-62
110000215,45,730,-685
110000216,30,753,-723
110000217,100,229,-129
110000218,54,580,-526
110000219,95,93,2
110000220,21,588,-567
110000221,134,119,15
110000222,36,416,-380
110000223,3,89,-86
110000224,62,7,55
110000225,89,488,-399
110000226,87,36,51
110000227,406,342,64
110000228,119,164,-45
110000229,1,285,-284
110000230,292,681,-389
110000231,102,175,-73
110000232,50,190,-140
110000233,52,238,-186
110000234,350,324,26
110000235,837,858,-21
110000236,151,916,-765
110000237,852,1033,-181
110000238,574,1313,-739
110000239,650,1125,-475
110000240,1,104,-103
110000242,1,12,-11
110000243,41,267,-226
110000244,71,320,-249
110000245,23,416,-393
110000246,370,793,-423
110000247,3757,3953,-196
110000248,4726,1383,3343
110000249,64,5,59
110000250,2,204,-202
110000251,86,512,-426
110000252,180,313,-133
110000253,860,354,506
110000254,1498,1488,10
110000255,352,1324,-972
110000256,468,159,309
110000257,903,327,576
110000258,8,515,-507
110000259,48,24,24
110000260,10,564,-554
110000263,1223,92,1131
110000264,138,646,-508
110000265,831,1588,-757
110000266,1883,2467,-584
110000267,13,216,-203
110000268,292,523,-231
110000269,1,106,-105
110000270,13,5,8
110000271,2218,264,1954
110000272,503,758,-255
110000273,2421,1081,1340
110000274,155,1115,-960
110000275,3425,442,2983
110000276,95,272,-177
110000277,112,386,-274
110000278,227,850,-623
110000279,604,675,-71
110000280,107,450,-343
110000281,3,191,-188
110000282,131,54,77
110000283,25,124,-99
110000284,15,15,0
110000285,0,180,-180
110000286,8,0,8
110000287,31,3,28
110000288,1,113,-112
110000289,340,920,-580
110000290,1462,649,813
110000291,6411,1261,5150
110000292,1147,5586,-4439
110000293,272,1109,-837
110000294,407,1295,-888
110000295,59,915,-856
110000296,161,366,-205
110000297,4431,264,4167
110000298,780,484,296
110000299,1596,20,1576
110000301,286,2,284
110000302,132,1419,-1287
110000303,224,2,222
110000304,105,313,-208
110000305,453,15,438
110000306,69,2603,-2534
110000307,530,2,528
110000308,182,3,179
110000309,8,1824,-1816
110000310,329,74,255
110000311,30,1015,-985
110000312,780,36,744
110000313,6596,1551,5045
110000314,0,217,-217
110000315,2826,1299,1527
110000316,459,988,-529
110000317,413,294,119
110000318,1,87,-86
110000319,12,29,-17
110000320,27,65,-38
110000321,21,79,-58
110000322,79,621,-542
110000323,206,398,-192
110000324,5220,1012,4208
110000325,1984,2848,-864
110000327,469,176,293
110000328,107,507,-400
110000333,514,653,-139
110000334,596,1367,-771
110000335,1142,791,351
110000336,313,1286,-973
110000337,466,637,-171
110000338,93,239,-146
110000339,71,255,-184
110000340,17,230,-213
110000341,184,640,-456
110000342,416,8,408
110000343,0,13,-13
110000344,20,176,-156
110000345,46,78,-32
110000346,2292,1493,799
110000347,1110,1008,102
110000348,3,31,-28
110000349,6,66,-60
110000350,26,1,25
110000351,344,949,-605
110000352,246,1264,-1018
110000353,3277,1084,2193
110000354,483,1312,-829
110000355,56,74,-18
110000356,236,4,232
110000357,192,13,179
110000361,22,85,-63
110000362,31,164,-133
110000363,103,106,-3
110000364,38,346,-308
110000365,85,0,85
110000366,0,102,-102
110000367,200,211,-11
110000368,0,58,-58
110000369,15,1,14
110000373,2,297,-295
110000374,22,6,16
110000375,103,601,-498
110000376,34,174,-140
110000377,32,118,-86
110000378,17,284,-267
110000379,3725,707,3018
110000380,47,39,8
110000383,1,446,-445
110000384,1269,266,1003
110000385,2,186,-184
110000387,25,11,14
110000388,14,253,-239
110000389,175,1,174
110000391,177,508,-331
110000396,25,151,-126
110000397,26,249,-223
110000398,6,45,-39
110000399,84,1,83
110000587,33,58,-25
110000589,68,285,-217
110000640,127,209,-82
110000652,5,92,-87
110000653,63,445,-382
110000654,0,8,-8
110000656,3,590,-587
110000674,13,14,-1
110000675,51,22,29
110000676,4,35,-31
110000679,650,295,355
110000682,88,82,6
110000683,312,704,-392
110000684,0,64,-64
110000685,9,10,-1
110000686,3,25,-22
110000687,3,1,2
110000688,26,306,-280
110000689,9,145,-136
110000692,60,312,-252
110000693,69,345,-276
110000694,0,109,-109
110000695,99,817,-718
110000696,127,173,-46
110900001,49,17,32
110900002,28,234,-206
110900003,144,1284,-1140
110900004,117,368,-251
110900005,4817,890,3927
110900006,30,4,26
110900007,38,11,27
110900008,1,27,-26
110900009,194,45,149
110900010,0,92,-92
110900011,6,106,-100
110900012,1,140,-139
110900013,427,174,253
110900014,71,2,69
110900015,780,203,577
110900016,9,185,-176
110900017,100,46,54
110900018,349,33,316
110900019,58,17,41
110900020,12,550,-538
110900021,50,863,-813
110900022,89,486,-397
110900023,62,443,-381
110900024,22,649,-627
110900025,2,48,-46
110900027,17,287,-270
110900028,22,184,-162
110900029,53,544,-491
110900030,14,439,-425
110900031,0,210,-210
110900032,0,135,-135
110900033,27,320,-293
110900035,30,463,-433
110900036,31,25,6
110900037,18,15,3
110900038,1386,175,1211
110900039,5,231,-226
110900040,104,19,85
110900041,0,181,-181
110900042,31,38,-7
110900043,1,207,-206
110900044,206,13,193
110900045,18,812,-794
110900046,149,389,-240
110900047,853,55,798
110900049,55,19,36
110900050,6,1,5
110900051,61,201,-140
110900052,2,253,-251
110900053,29,68,-39
110900054,18,376,-358
110900055,5,2,3
110900056,60,101,-41
110900057,2,278,-276
110900058,51,319,-268
110900059,419,986,-567
110900060,222,53,169
110900061,44,32,12
110900062,18,448,-430
110900063,8,90,-82
110900064,5,0,5
110900065,466,87,379
110900066,0,59,-59
110900067,623,364,259
110900068,188,246,-58
110900069,0,20,-20
110900070,78,57,21
110900071,276,227,49
110900073,0,20,-20
110900074,128,60,68
110900075,102,56,46
110900077,190,337,-147
110900078,2,172,-170
110900079,1698,362,1336
110900080,40,32,8
110900081,0,163,-163
110900082,21,187,-166
110900083,37,40,-3
110900084,14,263,-249
110900085,31,317,-286
110900086,58,88,-30
110900087,149,67,82
110900088,3,0,3
110900090,25,17,8
110900091,0,96,-96
110900093,175,74,101
110900095,24,56,-32
110900097,1,32,-31
110900098,13,87,-74
110900099,50,568,-518
110900100,0,17,-17
110900102,14,16,-2
110900105,657,358,299
110900108,6,87,-81
110900111,201,42,159
110900112,226,3,223
110900113,581,19,562
110900115,2,79,-77
110900116,237,2775,-2538
110900118,134,837,-703
110900119,7040,254,6786
110900120,1,183,-182
110900121,70,0,70
110900122,159,112,47
110900125,106,209,-103
110900127,434,421,13
110900128,134,121,13
110900129,244,149,95
110900130,1015,226,789
110900131,48,53,-5
110900132,122,25,97
110900133,33,375,-342
110900135,87,530,-443
110900136,109,2,107
110900137,140,0,140
110900138,144,386,-242
110900139,0,19,-19
110900140,22,7,15
110900141,3,51,-48
110900142,38,248,-210
110900143,57,49,8
110900144,0,705,-705
110900145,51,9,42
110900146,283,41,242
110900147,188,142,46
110900148,1,315,-314
110900149,2,58,-56
110900150,22,13,9
110900151,2,85,-83
110900152,5,312,-307
110900153,32,32,0
111000001,182,345,-163
111000002,351,637,-286
111000003,276,317,-41
111000004,307,1185,-878
111000005,538,455,83
111000006,624,1018,-394
111000007,3604,1104,2500
111000008,3558,3579,-21
111000009,198,837,-639
111000010,337,194,143
111000011,373,790,-417
111000012,723,274,449
111000013,217,1138,-921
111000014,955,462,493
111000017,105,298,-193
111000018,149,302,-153
111000020,2704,1772,932
111000021,61,123,-62
111000023,75,162,-87
111000025,7613,1593,6020
111000029,50,111,-61
111000030,24,67,-43
111000031,2097,541,1556
111000032,408,225,183
111000033,221,97,124
111000034,232,151,81
111000037,2838,1114,1724
111000038,2556,2255,301
111000039,1263,2184,-921
111000040,1250,2208,-958
111000041,1516,1250,266
111000042,6952,2655,4297
111000043,1475,1058,417
111000044,672,303,369
111000045,850,1269,-419
111000046,752,919,-167
111000047,1124,1511,-387
111000049,228,510,-282
111000050,1714,1774,-60
111000051,288,1099,-811
111000052,497,1186,-689
111000053,364,905,-541
111000054,312,879,-567
111000055,976,2054,-1078
111000056,52,711,-659
111000057,39,942,-903
111000058,70,91,-21
111000059,162,221,-59
111000060,1560,471,1089
111000061,368,282,86
111000062,338,223,115
111000063,1741,659,1082
111000064,227,537,-310
111000065,489,643,-154
111000066,151,226,-75
111000067,301,673,-372
111000068,163,503,-340
111000069,1429,1776,-347
111000070,2629,1334,1295
111000071,208,913,-705
111000072,321,166,155
111000073,41,308,-267
111000074,1114,1030,84
111000075,375,644,-269
111000076,176,816,-640
111000077,739,1055,-316
111000078,1510,1030,480
111000079,1164,682,482
111000080,265,692,-427
111000081,2203,2790,-587
111000082,438,731,-293
111000084,459,565,-106
111000085,676,1860,-1184
111000086,3242,1466,1776
111000087,739,974,-235
111000088,6357,1611,4746
111000089,309,889,-580
111000090,1138,1236,-98
111000091,420,898,-478
111000092,611,1318,-707
111000093,387,616,-229
111000094,1519,709,810
111000095,897,1336,-439
111000096,3295,4684,-1389
111000097,6847,1057,5790
111000098,293,1682,-1389
111000099,204,2567,-2363
111000100,180,2608,-2428
111000101,368,1023,-655
111000102,44,1049,-1005
111000104,160,175,-15
111000107,46,846,-800
111000109,120,189,-69
111000110,383,449,-66
111000111,526,405,121
111000112,590,235,355
111000113,335,259,76
111000114,936,723,213
111000115,8325,692,7633
111000116,854,624,230
111000117,566,677,-111
111000118,1809,1034,775
111000119,591,1830,-1239
111000120,201,544,-343
111000121,171,470,-299
111000122,282,1114,-832
111000123,492,3652,-3160
111000124,306,4164,-3858
111000125,90,2265,-2175
111000126,51,1133,-1082
111000127,362,100,262
111000128,418,222,196
111000129,885,237,648
111000130,540,726,-186
111000131,469,649,-180
111000132,405,341,64
111000133,64,134,-70
111000134,79,133,-54
111000135,36,100,-64
111000136,108,218,-110
111000138,4,8,-4
111000140,1,1,0
111000141,61,260,-199
111000142,5,113,-108
111000143,0,109,-109
111000144,1,130,-129
111000145,24,0,24
111000146,8,1,7
111000147,26,1,25
111000148,89,106,-17
111000149,2,36,-34
111000150,7,13,-6
111000151,0,14,-14
111000153,485,395,90
111000154,696,192,504
111000155,48,156,-108
111000156,359,201,158
111000157,86,288,-202
111000158,588,409,179
111000159,2301,533,1768
111000160,140,389,-249
111000161,5,219,-214
111000162,5,151,-146
111000163,189,656,-467
111000164,788,1526,-738
111000165,1301,406,895
111000166,919,271,648
111000167,118,515,-397
111000168,175,403,-228
111000169,189,376,-187
111000170,407,267,140
111000171,322,949,-627
111000172,48,674,-626
111000173,126,1273,-1147
111000174,68,622,-554
111000175,13,265,-252
111000176,80,161,-81
111000177,62,339,-277
111000178,380,366,14
111000179,38,205,-167
111000180,80,210,-130
111000181,292,233,59
111000182,62,145,-83
111000183,120,202,-82
111000184,196,188,8
111000185,262,497,-235
111000186,123,322,-199
111000187,45,310,-265
111000188,69,454,-385
111000189,1634,553,1081
111000190,139,635,-496
111000191,73,547,-474
111000192,138,669,-531
111000193,330,440,-110
111000194,17,441,-424
111000195,61,531,-470
111000196,13,442,-429
111000197,100,218,-118
111000198,137,150,-13
111000199,47,182,-135
111000200,63,383,-320
111000201,169,253,-84
111000202,68,218,-150
111000203,139,209,-70
111000204,195,271,-76
111000213,47,401,-354
111000214,974,1601,-627
111000215,597,1299,-702
111000217,609,969,-360
111000218,694,929,-235
111000219,259,226,33
111000220,3033,478,2555
111000221,630,195,435
111000224,71,252,-181
111000225,139,148,-9
111000226,153,0,153
111000227,34,12,22
111000228,24,116,-92
111000229,23,262,-239
111000230,157,565,-408
111000231,196,1469,-1273
111000232,139,941,-802
111000233,203,941,-738
111000234,31,155,-124
111000239,130,226,-96
111000240,11,46,-35
111000241,36,519,-483
111000242,16,41,-25
111000243,50,1037,-987
111000244,78,107,-29
111000245,205,686,-481
111000246,82,700,-618
111000247,106,1398,-1292
111000248,174,343,-169
111000249,353,1064,-711
111000250,24,167,-143
111000251,9,154,-145
111000253,0,0,0
111000255,0,0,0
111000257,0,0,0
111000260,38,1486,-1448
111000261,327,80,247
111000271,17,343,-326
111000273,6222,1105,5117
111000274,920,1556,-636
111000275,53,81,-28
111000276,217,2935,-2718
111000277,127,674,-547
111000278,362,251,111
111000291,293,2022,-1729
111000298,248,270,-22
111000299,346,34,312
111000300,55,610,-555
111000302,115,79,36
111000303,56,299,-243
111000312,24,57,-33
111000315,15,199,-184
111000320,261,623,-362
111000321,158,24,134
111000322,83,561,-478
111000323,59,10,49
111000324,202,312,-110
111000325,19,61,-42
111000326,56,400,-344
111000327,394,567,-173
111000328,153,354,-201
111000329,0,24,-24
111000330,23,15,8
111000331,7,6,1
111000332,260,1060,-800
111000334,315,1822,-1507
111000335,173,74,99
111000337,181,416,-235
111000338,8,161,-153
111000339,84,908,-824
111000340,44,995,-951
111000341,348,112,236
111000342,45,237,-192
111000344,421,702,-281
111000345,18,23,-5
111000346,2,66,-64
111000347,25,3,22
111000350,141,154,-13
111000351,61,219,-158
111000352,83,150,-67
111000353,73,208,-135
111000354,266,154,112
111000355,101,698,-597
111000358,77,2143,-2066
111000360,74,1198,-1124
111000361,42,463,-421
111000546,133,905,-772
111000547,106,722,-616
111000548,49,158,-109
111000549,104,439,-335
111000550,63,195,-132
111000551,572,109,463
111000552,160,46,114
111000907,75,16,59
111000908,9,0,9
111000916,410,236,174
111000917,31,277,-246
111000918,105,1360,-1255
111000920,125,6,119
111000921,3,519,-516
111000922,94,382,-288
111000924,20,1253,-1233
111000925,1035,1279,-244
111000926,760,2921,-2161
111000927,2964,2707,257
111000928,6616,3732,2884
111000929,451,744,-293
111000930,467,2351,-1884
111000931,938,1210,-272
111000932,3152,2150,1002
111000933,2315,1275,1040
111000934,2309,2457,-148
111000935,577,932,-355
111000936,513,2188,-1675
111000937,413,852,-439
111000938,1403,2536,-1133
111000939,132,37,95
111000940,122,206,-84
111000941,100,616,-516
111000943,96,208,-112
111000944,54,494,-440
111000945,12,2551,-2539
111001109,111,87,24
111001110,91,704,-613
111001111,11,1,10
111001112,41,2,39
111001113,50,81,-31
111001114,811,63,748
111001115,127,300,-173
111001116,5412,872,4540
111001117,569,434,135
111001120,70,284,-214
111001121,76,371,-295
111001122,139,892,-753
111001123,61,120,-59
111001124,27,527,-500
111001125,1,9,-8
111900001,3,140,-137
111900002,7,874,-867
111900003,2,553,-551
111900004,15,200,-185
111900006,4,4,0
111900007,18,8,10
111900008,22,0,22
111900009,25,182,-157
111900010,117,570,-453
111900012,94,118,-24
111900013,7,86,-79
111900014,8848,1263,7585
111900015,0,60,-60
111900016,3,203,-200
111900017,1,172,-171
111900018,41,2,39
111900019,15,65,-50
111900020,8,24,-16
111900021,25,77,-52
111900022,4,53,-49
111900023,143,51,92
111900024,2,95,-93
111900025,0,26,-26
111900026,0,100,-100
111900027,9,174,-165
111900028,1,512,-511
111900029,0,66,-66
111900030,80,466,-386
111900031,7,103,-96
111900032,2,526,-524
111900033,6,101,-95
111900034,109,663,-554
111900035,9,284,-275
111900036,4,455,-451
111900038,218,621,-403
111900039,54,437,-383
111900040,9,921,-912
111900042,30,41,-11
111900043,5,553,-548
111900044,172,237,-65
111900046,35,223,-188
111900048,44,869,-825
111900049,12,395,-383
111900050,28,5,23
111900051,2,277,-275
111900052,345,801,-456
111900053,1338,228,1110
111900054,19,1,18
111900055,11,920,-909
111900056,153,66,87
111900057,21,27,-6
111900058,110,923,-813
111900059,2125,182,1943
111900060,105,0,105
111900061,5,363,-358
111900062,6,7,-1
111900063,68,166,-98
111900064,79,301,-222
111900065,13,11,2
111900066,16,74,-58
111900067,3,350,-347
111900068,17,19,-2
111900069,37,7,30
111900070,46,122,-76
111900071,0,348,-348
111900072,10,4,6
111900073,198,43,155
111900074,7,255,-248
111900075,8,1,7
111900076,48,10,38
111900077,3,1,2
111900078,93,1,92
111900079,2,2,0
111900080,182,46,136
111900082,21,3,18
111900083,30,2,28
111900084,21,0,21
111900085,23,17,6
111900086,8,1,7
111900087,12,1,11
111900088,106,0,106
111900089,5,4,1
111900090,45,14,31
111900091,33,1,32
111900092,18,0,18
111900093,83,0,83
111900094,17,0,17
111900095,61,9,52
111900096,28,0,28
111900097,8,0,8
111900098,41,0,41
111900099,5,0,5
111900100,31,1,30
111900101,38,5,33
111900102,110,891,-781
111900103,47,19,28
111900104,62,72,-10
111900105,105,108,-3
111900106,1943,45,1898
111900110,3953,130,3823
111900111,20,260,-240
111900112,879,615,264
111900113,254,61,193
111900118,62,22,40
111900119,100,29,71
111900122,51,8,43
111900123,5,32,-27
111900124,19,127,-108
111900125,90,4,86
111900126,37,0,37
111900127,3,763,-760
111900128,4,612,-608
111900129,60,3,57
111900130,71,4,67
111900131,66,1,65
111900132,18,1334,-1316
111900133,3,370,-367
111900134,22,334,-312
111900135,0,8,-8
111900136,51,62,-11
111900137,31,47,-16
111900138,9,45,-36
111900139,17,146,-129
111900140,28,13,15
111900141,4,8,-4
111900142,55,12,43
111900143,15,427,-412
111900144,1,167,-166
111900145,4,825,-821
111900146,3,445,-442
111900147,147,590,-443
111900148,26,1033,-1007
111900149,29,536,-507
111900150,15,243,-228
111900151,0,39,-39
111900152,94,24,70
111900153,1423,118,1305
111900154,12,69,-57
111900155,37,23,14
111900156,17,20,-3
111900157,10,3,7
111900158,51,12,39
111900159,64,12,52
111900160,48,1,47
111900161,29,2,27
111900162,121,75,46
111900163,25,265,-240
111900164,41,12,29
111901113,61,229,-168
111901114,22,461,-439
111901115,12,0,12
111901116,19,1,18
111901117,9,7,2
111901118,93,21,72
111901119,1625,99,1526
111901121,120,379,-259
111901122,6,640,-634
111901123,32,455,-423
111901124,51,0,51
111901125,100,145,-45
111901127,1051,181,870
111901128,11,149,-138
111901129,2,130,-128
111901130,5,295,-290
111901131,1,301,-300
111901132,23,3,20
111901133,13,3,10
111901134,9,2,7
111901135,3,3,0
111901136,4,4,0
111901137,0,6,-6
111901138,36,20,16
111901139,12,50,-38
111901140,5,189,-184
111901141,5,324,-319
111901142,2,152,-150
111901143,1,86,-85
111901144,41,17,24
111901145,189,129,60
111901146,185,1,184
112000001,1005,653,352
112000002,672,2587,-1915
112000003,400,720,-320
112000004,465,1940,-1475
112000005,938,1004,-66
112000006,1151,1971,-820
112000007,1003,885,118
112000008,1597,2320,-723
112000009,3829,3692,137
112000010,1371,1738,-367
112000011,1500,2474,-974
112000012,6271,1175,5096
112000013,7639,3435,4204
112000014,2630,420,2210
112000015,3547,1957,1590
112000016,2758,892,1866
112000017,1342,1021,321
112000024,1730,636,1094
112000026,4831,5721,-890
112000027,448,272,176
112000028,1511,1880,-369
112000029,142,356,-214
112000030,218,150,68
112000031,1497,1529,-32
112000032,784,59,725
112000033,2273,499,1774
112000034,382,41,341
112000035,63,280,-217
112000036,599,443,156
112000037,506,1074,-568
112000038,623,838,-215
112000039,6,95,-89
112000040,110,384,-274
112000041,336,633,-297
112000042,671,303,368
112000050,326,1322,-996
112000051,355,516,-161
112000054,1419,2397,-978
112000057,626,312,314
112000058,353,505,-152
112000059,992,373,619
112000061,7697,1412,6285
112000062,4424,495,3929
112000063,2925,560,2365
112000064,6086,6296,-210
112000065,2707,3275,-568
112000066,2341,645,1696
112000067,558,719,-161
112000068,1226,713,513
112000069,493,2981,-2488
112000070,937,386,551
112000071,586,3928,-3342
112000072,508,773,-265
112000073,941,2053,-1112
112000074,504,625,-121
112000075,590,714,-124
112000076,2858,2721,137
112000077,273,798,-525
112000078,731,720,11
112000079,1065,1422,-357
112000080,413,1027,-614
112000081,772,1955,-1183
112000082,704,526,178
112000083,481,1963,-1482
112000084,580,503,77
112000085,639,1397,-758
112000086,906,1424,-518
112000087,126,603,-477
112000088,148,677,-529
112000089,130,320,-190
112000090,157,398,-241
112000091,525,1374,-849
112000092,733,637,96
112000093,1147,1322,-175
112000094,224,730,-506
112000095,355,867,-512
112000096,159,678,-519
112000097,298,487,-189
112000098,630,1995,-1365
112000099,371,336,35
112000100,658,776,-118
112000101,190,1194,-1004
112000102,379,506,-127
112000103,145,1648,-1503
112000105,301,2278,-1977
112000106,407,352,55
112000107,5,78,-73
112000108,84,1889,-1805
112000109,40,45,-5
112000110,655,349,306
112000111,1129,5553,-4424
112000112,1873,442,1431
112000113,862,2725,-1863
112000114,1139,810,329
112000115,108,639,-531
112000116,367,1108,-741
112000117,334,590,-256
112000118,478,953,-475
112000119,302,1058,-756
112000120,31,395,-364
112000121,32,790,-758
112000122,98,146,-48
112000123,191,110,81
112000124,67,55,12
112000125,54,90,-36
112000126,57,805,-748
112000127,2572,790,1782
112000128,1418,367,1051
112000129,35,104,-69
112000130,28,56,-28
112000131,5,393,-388
112000132,29,346,-317
112000133,103,229,-126
112000134,298,422,-124
112000135,326,500,-174
112000136,667,1267,-600
112000137,760,1086,-326
112000138,994,1449,-455
112000139,506,176,330
112000140,695,1168,-473
112000141,255,196,59
112000142,115,1148,-1033
112000143,364,157,207
112000144,168,1956,-1788
112000145,892,650,242
112000146,443,2563,-2120
112000147,834,1180,-346
112000148,1085,2311,-1226
112000149,105,655,-550
112000150,78,704,-626
112000151,196,721,-525
112000152,123,297,-174
112000153,134,324,-190
112000154,64,92,-28
112000155,95,68,27
112000157,317,346,-29
112000158,113,777,-664
112000159,151,360,-209
112000167,99,6,93
112000169,218,280,-62
112000173,241,286,-45
112000175,114,392,-278
112000176,5906,1543,4363
112000177,124,67,57
112000178,57,666,-609
112000179,61,198,-137
112000180,161,241,-80
112000181,780,1952,-1172
112000182,341,2197,-1856
112000183,36,48,-12
112000184,138,681,-543
112000185,108,576,-468
112000187,1665,1963,-298
112000195,38,22,16
112000196,176,3,173
112000197,138,85,53
112000198,33,544,-511
112000199,580,1190,-610
112000202,69,2,67
112000216,64,115,-51
112000230,19,11,8
112000231,1,487,-486
112000256,27,71,-44
112000313,145,280,-135
112000314,9,7,2
112000337,140,519,-379
112000352,98,112,-14
112000392,2773,1016,1757
112000398,566,640,-74
112000399,1404,922,482
112000400,1609,4509,-2900
112000401,2447,3104,-657
112000402,1028,1381,-353
112000403,1390,1236,154
112000404,169,415,-246
112000405,1002,1904,-902
112000406,2924,3225,-301
112000407,2285,4228,-1943
112000408,7781,6844,937
112000409,1310,5096,-3786
112000410,101,63,38
112000411,5321,395,4926
112000412,930,201,729
112000413,10469,1253,9216
112000414,25,83,-58
112000415,64,74,-10
112000416,857,951,-94
112000417,97,59,38
112000421,33,138,-105
112000422,195,598,-403
112000424,2206,1031,1175
112000425,264,1354,-1090
112000426,80,228,-148
112000427,0,2,-2
112000428,22,449,-427
112000429,1267,2920,-1653
112000430,1232,3089,-1857
112000431,15,70,-55
112000432,376,2548,-2172
112000433,633,438,195
112000437,14,351,-337
112900001,15,2,13
112900002,70,1535,-1465
112900003,20,247,-227
112900004,8,411,-403
112900005,40,301,-261
112900006,5,493,-488
112900007,6,174,-168
112900008,0,5,-5
112900009,273,54,219
112900010,37,830,-793
112900011,348,272,76
112900012,1,53,-52
112900013,0,102,-102
112900014,1,345,-344
112900015,246,1119,-873
112900016,3,280,-277
112900017,14,182,-168
112900018,1,439,-438
112900019,47,165,-118
112900020,619,2037,-1418
112900021,0,283,-283
112900022,4,53,-49
112900023,1,352,-351
112900024,11,186,-175
112900025,42,147,-105
112900026,1,336,-335
112900027,11,1518,-1507
112900028,8,96,-88
112900029,7,717,-710
112900030,272,194,78
112900031,1,665,-664
112900032,48,251,-203
112900034,0,58,-58
112900035,4,614,-610
112900036,22,124,-102
112900037,106,41,65
112900038,141,159,-18
112900039,15,394,-379
112900040,6,354,-348
112900041,1608,450,1158
112900042,28,415,-387
112900043,2,52,-50
112900044,447,343,104
112900045,607,259,348
112900046,246,88,158
112900047,9,11,-2
112900049,13,73,-60
112900050,47,654,-607
112900051,250,878,-628
112900052,9,1377,-1368
112900053,267,114,153
112900054,231,14,217
112900055,124,6,118
112900056,187,56,131
112900057,7,948,-941
112900058,170,40,130
112900059,53,184,-131
112900060,9,244,-235
112900061,26,153,-127
112900062,22,180,-158
112900063,23,2,21
112900064,112,113,-1
112900065,3,8,-5
112900066,60,41,19
112900067,721,112,609
112900068,9,10,-1
112900069,3227,232,2995
112900071,7,0,7
112900072,220,244,-24
112900073,149,15,134
112900074,22,25,-3
112900075,2487,286,2201
112900076,39,2,37
112900078,70,143,-73
112900079,55,8,47
112900080,8,1,7
112900081,41,46,-5
112900082,117,6,111
112900083,10,20,-10
112900084,81,20,61
112900086,7,1,6
112900087,156,21,135
112900088,11,1,10
112900089,300,5,295
112900090,0,2,-2
112900091,44,0,44
112900092,85,46,39
112900093,321,7,314
112900095,5,0,5
112900096,135,29,106
112900097,14,415,-401
112900098,27,0,27
112900099,143,5,138
112900100,14,0,14
112900101,52,0,52
112900102,28,1,27
112900103,52,1,51
112900104,7,1,6
112900105,2,0,2
112900106,196,63,133
112900107,0,0,0
112900108,0,0,0
112900109,27,0,27
112900110,167,3,164
112900111,139,0,139
112900112,47,0,47
112900113,0,13,-13
112900114,17,19,-2
112900115,228,1,227
112900116,21,29,-8
112900117,87,104,-17
112900118,5,69,-64
112900119,16,1,15
112900120,641,132,509
112900121,207,139,68
112900122,13,188,-175
112900123,168,7,161
112900124,0,148,-148
112900125,61,302,-241
112900126,97,276,-179
112900127,126,23,103
112900128,474,705,-231
112900129,3,1321,-1318
112900130,81,51,30
112900131,42,237,-195
112900132,38,519,-481
112900133,27,1512,-1485
112900134,0,296,-296
112900135,26,22,4
112900137,1,937,-936
112900138,5,521,-516
112900139,136,1174,-1038
112900141,254,89,165
112900142,50,32,18
112900143,20,731,-711
112900144,2,402,-400
112900145,21,476,-455
112900146,8,1651,-1643
112900147,11,2619,-2608
112900148,3,0,3
112900149,140,441,-301
112900151,37,26,11
112900152,5804,1107,4697
112900153,1134,557,577
112900154,3,62,-59
112900155,27,4,23
112900156,33,2190,-2157
112900157,42,121,-79
112900158,3,5,-2
112900159,121,34,87
112900160,10,285,-275
112900161,13,20,-7
112900162,18,5,13
112900163,81,12,69
112900164,25,52,-27
112900165,40,26,14
112900166,4,17,-13
112900167,4,15,-11
112900168,2,3,-1
112900169,1,1,0
112900170,21,67,-46
112900172,87,5,82
112900173,189,118,71
112900174,90,12,78
112900175,120,39,81
112900176,5,4,1
112900177,84,8,76
112900178,297,433,-136
112900179,36,645,-609
112900180,496,3278,-2782
112900181,149,4,145
112900182,13,1676,-1663
112900183,74,144,-70
112900184,313,220,93
112900185,200,404,-204
112900186,1573,456,1117
112900187,21,105,-84
112900188,908,317,591
112900189,18,23,-5
112900190,0,52,-52
112900192,216,119,97
112900193,644,168,476
112900194,13,92,-79
112900195,203,14,189
112900196,207,730,-523
112900197,114,479,-365
112900199,154,566,-412
112900200,157,276,-119
112900201,36,102,-66
112900202,68,1206,-1138
112900203,12,291,-279
112900204,556,251,305
112900205,0,13,-13
112900206,3,39,-36
112900207,0,0,0
112900208,56,47,9
112900209,239,435,-196
112900210,0,36,-36
112900211,27,30,-3
112900212,1,49,-48
112900213,3,20,-17
112900214,7,1,6
112900215,1,233,-232
112900216,23,41,-18
112900217,0,85,-85
112900218,3,5,-2
112900219,5,0,5
112900220,0,0,0
112900221,5,100,-95
112900222,0,13,-13
112900223,246,1,245
112900224,62,953,-891
112900225,126,629,-503
112900226,245,136,109
112900227,112,1672,-1560
112900228,21,34,-13
112900229,34,59,-25
112900230,9122,1714,7408
112900232,93,91,2
112900233,18,188,-170
112900234,4,168,-164
112900235,27,3,24
112900236,43,18,25
112900237,23,422,-399
112900238,1,49,-48
112900239,438,237,201
113000001,4129,4102,27
113000002,3166,3247,-81
113000003,1809,1525,284
113000004,1931,1832,99
113000005,975,953,22
113000006,687,1331,-644
113000007,1005,1202,-197
113000008,940,1777,-837
113000009,499,897,-398
113000010,535,1735,-1200
113000011,554,1860,-1306
113000012,608,585,23
113000013,950,341,609
113000014,1927,1497,430
113000015,641,259,382
113000016,241,259,-18
113000017,39,247,-208
113000018,86,26,60
113000019,47,190,-143
113000020,28,25,3
113000021,440,562,-122
113000022,288,1270,-982
113000025,31,230,-199
113000026,103,341,-238
113000027,453,303,150
113000028,968,369,599
113000029,764,442,322
113000030,504,505,-1
113000031,324,217,107
113000032,238,124,114
113000033,356,277,79
113000034,472,297,175
113000035,20,28,-8
113000036,15,62,-47
113000037,52,27,25
113000038,16,39,-23
113000039,116,534,-418
113000040,54,92,-38
113000042,779,832,-53
113000051,479,1439,-960
113000052,2332,1134,1198
113000053,208,755,-547
113000054,156,659,-503
113000055,486,988,-502
113000056,464,1890,-1426
113000058,600,881,-281
113000059,1178,939,239
113000060,78,516,-438
113000061,560,1019,-459
113000062,1439,124,1315
113000063,49,239,-190
113000064,19,434,-415
113000065,150,1305,-1155
113000066,210,86,124
113000067,858,1010,-152
113000068,386,2326,-1940
113000069,316,1564,-1248
113000070,627,678,-51
113000071,164,839,-675
113000072,233,452,-219
113000073,476,1539,-1063
113000074,879,219,660
113000075,1731,362,1369
113000076,1341,1416,-75
113000077,1954,358,1596
113000078,1325,1208,117
113000079,812,563,249
113000080,909,566,343
113000081,1053,783,270
113000082,1284,795,489
113000083,499,712,-213
113000084,1800,997,803
113000085,1052,536,516
113000086,911,913,-2
113000087,1249,907,342
113000088,1931,1141,790
113000089,745,1525,-780
113000090,242,243,-1
113000091,872,208,664
113000094,436,125,311
113000095,190,1238,-1048
113000096,178,893,-715
113000097,364,276,88
113000098,48,26,22
113000099,936,192,744
113000100,141,441,-300
113000101,316,552,-236
113000102,413,160,253
113000103,1936,623,1313
113000104,241,1839,-1598
113000105,292,377,-85
113000106,257,579,-322
113000107,420,753,-333
113000108,691,1699,-1008
113000109,458,2256,-1798
113000110,1303,330,973
113000111,90,416,-326
113000112,343,321,22
113000113,2294,240,2054
113000114,460,794,-334
113000116,676,228,448
113000117,727,184,543
113000118,82,262,-180
113000119,87,454,-367
113000120,19,176,-157
113000121,367,939,-572
113000124,79,187,-108
113000125,18,359,-341
113000127,3768,597,3171
113000128,426,423,3
113000129,598,842,-244
113000133,4150,613,3537
113000134,12,437,-425
113000135,2504,1543,961
113000137,3173,1192,1981
113000139,450,141,309
113000140,223,232,-9
113000141,507,84,423
113000142,704,693,11
113000143,476,109,367
113000144,358,576,-218
113000145,41,176,-135
113000146,64,54,10
113000147,72,124,-52
113000148,58,180,-122
113000149,106,120,-14
113000150,416,384,32
113000151,170,59,111
113000152,25,130,-105
113000153,1842,473,1369
113000154,577,783,-206
113000155,236,212,24
113000156,151,382,-231
113000157,272,861,-589
113000158,391,182,209
113000159,639,449,190
113000160,522,1231,-709
113000161,140,843,-703
113000162,358,266,92
113000163,54,39,15
113000164,24,105,-81
113000166,42,35,7
113000167,17,215,-198
113000168,36,239,-203
113000169,67,33,34
113000170,73,38,35
113000171,38,87,-49
113000172,162,50,112
113000173,27,3,24
113000174,87,601,-514
113000175,208,80,128
113000176,234,91,143
113000177,91,400,-309
113000178,87,420,-333
113000179,125,69,56
113000180,396,1311,-915
113000181,467,1093,-626
113000182,213,187,26
113000183,150,473,-323
113000184,28,97,-69
113000189,916,570,346
113000190,1971,375,1596
113000192,2285,1127,1158
113000193,3994,674,3320
113000194,1408,984,424
113000195,1909,396,1513
113000196,75,54,21
113000197,969,674,295
113000198,17,322,-305
113000199,625,426,199
113000201,179,123,56
113000202,3308,1190,2118
113000203,364,116,248
113000204,1148,1064,84
113000205,7,24,-17
113000206,3,16,-13
113000207,29,15,14
113000208,12,42,-30
113000209,22,6,16
113000210,11,25,-14
113000211,272,100,172
113000212,310,13,297
113000213,12,101,-89
113000214,66,146,-80
113000234,119,1711,-1592
113000410,24,73,-49
113000411,2199,3516,-1317
113000412,11709,1518,10191
113000413,5152,1842,3310
113000414,14795,6330,8465
113000415,3061,1973,1088
113000416,11209,2922,8287
113000417,4508,2451,2057
113000418,2978,2110,868
113000419,2108,1468,640
113000420,4313,2863,1450
113000421,4395,3497,898
113000422,21730,5300,16430
113000423,3339,2663,676
113000424,4883,5464,-581
113000425,11,54,-43
113000428,12,3,9
113000430,2,7,-5
113000432,658,44,614
113000433,155,1076,-921
113000434,19,514,-495
113000435,13,1256,-1243
113000436,47,1690,-1643
113000437,204,6,198
113000438,85,12,73
113000439,14,229,-215
113000440,25,30,-5
113000441,47,219,-172
113000442,85,400,-315
113000443,57,282,-225
113000444,55,423,-368
113000445,49,120,-71
113000446,16,114,-98
113000448,146,120,26
113000449,257,548,-291
113000450,653,1374,-721
113000451,1607,130,1477
113000452,412,265,147
113000453,230,240,-10
113000454,495,29,466
113000455,121,109,12
113000456,3710,1829,1881
113000468,2906,358,2548
113000469,360,76,284
113000470,538,112,426
113000471,7,298,-291
113000472,46,242,-196
113000474,171,801,-630
113000475,1024,1607,-583
113000476,625,2050,-1425
113000477,1306,2420,-1114
113000478,2622,5957,-3335
113000479,32,308,-276
113000480,76,44,32
113000484,0,0,0
113000485,0,0,0
113000486,0,0,0
113000487,0,0,0
113000488,0,0,0
113000489,0,0,0
113000490,0,0,0
113000491,0,0,0
113000492,0,0,0
113000493,0,0,0
113000495,129,273,-144
113000496,53,99,-46
113000499,0,0,0
113900001,0,28,-28
113900002,0,136,-136
113900003,0,64,-64
113900004,0,20,-20
113900005,0,13,-13
113900006,1,14,-13
113900007,33,11,22
113900008,26,0,26
113900009,123,0,123
113900010,91,1,90
113900011,6,0,6
113900012,7,0,7
113900013,341,3,338
113900014,351,2,349
113900015,1,44,-43
113900016,8,0,8
113900017,2,70,-68
113900018,441,47,394
113900019,27,45,-18
113900020,22,0,22
113900022,2,0,2
113900023,1,0,1
113900024,31,117,-86
113900025,342,27,315
113900026,28,0,28
113900027,4,86,-82
113900028,11,468,-457
113900029,13,351,-338
113900030,61,1,60
113900031,1,0,1
113900032,3,0,3
113900033,76,86,-10
113900035,14,0,14
113900036,21,92,-71
113900037,16,621,-605
113900038,88,50,38
113900039,24,1,23
113900040,2,2,0
113900041,0,0,0
113900042,29,43,-14
113900043,196,100,96
113900044,111,31,80
113900045,32,1,31
113900046,273,761,-488
113900047,13,140,-127
113900048,343,34,309
113900049,966,101,865
113900050,108,394,-286
113900051,150,548,-398
113900052,188,151,37
113900053,338,134,204
113900054,8,2,6
113900055,74,646,-572
113900056,29,131,-102
113900057,10,136,-126
113900058,26,208,-182
113900059,78,408,-330
113900060,137,306,-169
113900061,1047,38,1009
113900062,47,7,40
113900063,65,163,-98
113900064,7,166,-159
113900065,211,27,184
113900066,161,641,-480
113900067,29,544,-515
113900068,301,269,32
113900069,138,15,123
113900070,197,562,-365
113900071,26,75,-49
113900072,37,210,-173
113900073,84,445,-361
113900074,19,551,-532
113900075,601,630,-29
113900076,91,6,85
113900077,34,326,-292
113900078,45,51,-6
113900079,3,70,-67
113900080,319,136,183
113900081,32,282,-250
113900082,92,213,-121
113900083,69,812,-743
113900084,141,53,88
113900085,25,380,-355
113900086,6,25,-19
113900087,11,246,-235
113900088,12,39,-27
113900089,174,18,156
113900090,292,340,-48
113900091,15,27,-12
113900092,35,68,-33
113900093,49,397,-348
113900094,103,654,-551
113900095,91,74,17
113900096,65,28,37
113900097,2,156,-154
113900098,276,33,243
113900099,0,62,-62
113900100,1,2,-1
113900101,14,49,-35
113900102,67,71,-4
113900103,134,272,-138
113900104,49,104,-55
113900105,12,387,-375
113900106,0,114,-114
113900107,0,26,-26
113900108,172,141,31
113900109,247,97,150
113900110,25,9,16
113900111,33,101,-68
113900112,30,68,-38
113900113,346,379,-33
113900114,1,154,-153
113900115,1,110,-109
113900116,51,90,-39
113900117,32,9,23
113900118,100,125,-25
113900119,356,125,231
113900120,18,34,-16
113900121,17,68,-51
113900122,181,795,-614
113900123,199,168,31
113900124,0,58,-58
113900125,1451,156,1295
113900126,65,30,35
113900127,161,304,-143
113900128,57,25,32
113900129,2,53,-51
113900130,0,4,-4
113900131,61,49,12
113900132,19,42,-23
113900133,12,51,-39
113900135,123,476,-353
113900136,93,63,30
113900137,175,118,57
113900138,68,70,-2
113900139,614,67,547
113900140,586,113,473
113900141,127,577,-450
113900142,43,49,-6
113900143,3,7,-4
113900144,400,90,310
113900145,144,210,-66
113900146,26,28,-2
113900148,111,143,-32
113900149,123,29,94
113900150,1661,560,1101
113900151,102,189,-87
113900152,8,71,-63
113900153,571,354,217
113900154,3,85,-82
113900155,270,49,221
113900156,186,699,-513
113900157,17,190,-173
113900158,461,88,373
113900159,12,154,-142
113900160,311,889,-578
113900161,27,162,-135
113900162,627,419,208
113900163,324,198,126
113900164,82,28,54
113900165,435,740,-305
113900166,291,84,207
113900167,195,33,162
113900168,95,144,-49
113900169,157,450,-293
113900171,40,32,8
113900172,5,267,-262
113900173,30,730,-700
113900174,250,885,-635
113900175,130,55,75
113900176,149,913,-764
113900177,202,220,-18
113900178,154,120,34
113900179,15,811,-796
113900180,102,152,-50
113900181,239,57,182
113900182,340,1103,-763
113900183,32,70,-38
113900184,11,523,-512
113900185,107,101,6
113900186,24,46,-22
113900187,33,206,-173
113900188,17,132,-115
113900189,135,73,62
113900190,344,109,235
113900191,58,290,-232
113900192,4,205,-201
113900193,32,280,-248
113900194,2015,989,1026
113900195,287,476,-189
113900196,2,126,-124
113900197,2,443,-441
113900198,6,133,-127
113900199,207,741,-534
113900200,9,280,-271
113900201,2,357,-355
113900202,18,223,-205
113900203,1,272,-271
113900204,24,779,-755
113900205,6,100,-94
113900206,3,113,-110
113900207,0,56,-56
113900208,0,43,-43
113900209,1,91,-90
113900210,510,366,144
113900211,67,25,42
113900212,79,709,-630
113900214,640,315,325
113900215,17,146,-129
113900216,19,1551,-1532
113900217,18,404,-386
113900218,46,7,39
113900219,68,550,-482
113900220,91,40,51
113900221,277,125,152
113900222,299,183,116
113900223,30,1357,-1327
113900224,134,73,61
113900225,864,214,650
113900226,221,143,78
113900227,277,122,155
113900228,333,266,67
113900229,23,445,-422
113900230,5354,1025,4329
113900231,112,261,-149
113900232,43,104,-61
113900233,21,31,-10
113900234,124,290,-166
113900235,18,20,-2
113900236,16,384,-368
113900237,44,6,38
113900238,137,218,-81
113900239,41,36,5
113900240,2,65,-63
113900241,100,62,38
113900242,34,150,-116
113900243,104,417,-313
113900244,514,144,370
113900245,1587,182,1405
113900246,21,11,10
113900247,131,94,37
113900248,4657,728,3929
113900249,1114,141,973
113900250,28,45,-17
113900251,172,219,-47
113900252,237,5,232
113900253,294,10,284
113900254,195,29,166
113900255,164,13,151
113900256,133,19,114
113900257,25,967,-942
113900258,3,626,-623
113900259,158,273,-115
113900260,91,36,55
113900261,12,186,-174
113900262,83,969,-886
113900263,27,529,-502
113900264,5,694,-689
113900265,101,318,-217
113900266,18,317,-299
113900267,110,501,-391
113900268,162,303,-141
113900269,55,114,-59
113900270,192,274,-82
113900271,470,1689,-1219
113900273,4,3,1
113900274,9,2,7
113900275,13,66,-53
113900276,5,331,-326
113900277,24,0,24
113900278,267,203,64
113900279,91,78,13
113900280,982,440,542
113900281,180,810,-630
113900282,850,354,496
113900283,207,317,-110
113900284,356,84,272
113900285,37,17,20
113900286,2,158,-156
113900287,5,42,-37
113900288,0,72,-72
113900289,1783,57,1726
113900290,505,50,455
113900291,158,242,-84
113900292,4,4,0
113900293,2,249,-247
113900294,176,10,166
113900295,753,228,525
113900296,2778,294,2484
113900297,405,22,383
113900298,4,1680,-1676
113900299,3,152,-149
113900300,7317,1715,5602
113900301,828,228,600
113900302,2653,483,2170
113900303,696,100,596
113900304,0,169,-169
113900305,25,0,25
113900306,1,0,1
113900307,43,1,42
113900308,78,93,-15
113900309,2,832,-830
113900310,0,17,-17
113900311,0,0,0
113900312,37,65,-28
113900313,19,7,12
114000001,1024,3540,-2516
114000002,109,542,-433
114000003,49,345,-296
114000004,260,526,-266
114000005,146,317,-171
114000006,6543,2375,4168
114000007,657,1636,-979
114000008,2211,946,1265
114000009,165,183,-18
114000011,1806,3369,-1563
114000012,1080,2994,-1914
114000013,722,2369,-1647
114000014,405,564,-159
114000015,696,738,-42
114000016,216,524,-308
114000017,89,287,-198
114000018,421,75,346
114000026,544,1971,-1427
114000027,1147,2101,-954
114000028,1294,1768,-474
114000038,80,197,-117
114000039,52,118,-66
114000040,67,168,-101
114000042,66,220,-154
114000043,40,235,-195
114000044,66,94,-28
114000045,42,148,-106
114000046,3506,5005,-1499
114000047,6,61,-55
114000048,26,43,-17
114000049,1924,1172,752
114000050,2408,1216,1192
114000051,6366,1580,4786
114000052,3280,1105,2175
114000053,65,470,-405
114000054,39,1692,-1653
114000055,201,15,186
114000056,1106,628,478
114000057,9025,2394,6631
114000058,484,500,-16
114000059,308,198,110
114000060,492,1185,-693
114000061,4171,1247,2924
114000062,1941,658,1283
114000063,4111,1653,2458
114000064,10120,2132,7988
114000065,2252,2141,111
114000066,180,512,-332
114000067,28,347,-319
114000068,521,313,208
114000069,841,409,432
114000070,2760,1221,1539
114000071,309,794,-485
114000072,94,467,-373
114000073,11,182,-171
114000074,8,17,-9
114000075,14,262,-248
114000076,6,222,-216
114000077,3,74,-71
114000078,79,1636,-1557
114000079,34,49,-15
114000080,62,77,-15
114000081,23,86,-63
114000082,76,737,-661
114000083,22,393,-371
114000084,68,82,-14
114000085,97,1134,-1037
114000086,93,1103,-1010
114000087,20,444,-424
114000088,22,73,-51
114000089,1800,573,1227
114000090,559,353,206
114000091,1712,322,1390
114000092,967,237,730
114000093,865,664,201
114000094,225,440,-215
114000095,47,69,-22
114000096,55,636,-581
114000097,85,1298,-1213
114000098,144,51,93
114000099,97,1292,-1195
114000100,393,957,-564
114000101,179,1788,-1609
114000102,127,269,-142
114000103,113,661,-548
114000104,7,408,-401
114000105,29,87,-58
114000106,884,298,586
114000107,67,107,-40
114000108,2271,1431,840
114000109,154,303,-149
114000110,429,1956,-1527
114000111,463,323,140
114000112,206,2003,-1797
114000113,335,287,48
114000114,1048,1695,-647
114000115,707,435,272
114000116,255,494,-239
114000117,783,263,520
114000118,787,259,528
114000119,474,198,276
114000120,458,967,-509
114000121,345,527,-182
114000122,252,218,34
114000123,392,183,209
114000124,179,215,-36
114000125,581,1699,-1118
114000126,534,157,377
114000127,54,133,-79
114000128,386,529,-143
114000130,258,276,-18
114000131,70,28,42
114000132,656,1136,-480
114000133,1488,1754,-266
114000134,38,344,-306
114000138,73,219,-146
114000139,1228,86,1142
114000144,498,269,229
114000145,110,213,-103
114000146,70,479,-409
114000147,638,563,75
114000148,1944,893,1051
114000149,346,106,240
114000150,1208,767,441
114000151,607,688,-81
114000152,190,21,169
114000153,1208,1188,20
114000154,887,724,163
114000155,1496,1310,186
114000156,1064,396,668
114000157,313,574,-261
114000158,3153,763,2390
114000159,287,467,-180
114000160,201,270,-69
114000161,1491,797,694
114000162,779,551,228
114000163,6,223,-217
114000165,195,139,56
114000166,672,148,524
114000167,5151,1200,3951
114000168,1086,848,238
114000169,1798,437,1361
114000170,892,348,544
114000171,508,763,-255
114000174,224,440,-216
114000176,630,365,265
114000177,1954,875,1079
114000178,19,78,-59
114000179,996,462,534
114000180,264,615,-351
114000181,1252,1592,-340
114000182,5701,1916,3785
114000183,1011,1073,-62
114000184,7131,1925,5206
114000185,669,762,-93
114000189,233,44,189
114000190,915,103,812
114000191,10,42,-32
114000192,326,1694,-1368
114000193,1017,3706,-2689
114000194,943,1192,-249
114000195,18,7,11
114000196,6,401,-395
114000197,443,10,433
114000198,1074,376,698
114000199,1482,866,616
114000200,484,3115,-2631
114000201,83,1260,-1177
114000202,718,730,-12
114000203,299,814,-515
114000204,106,397,-291
114000205,233,2016,-1783
114000206,299,1311,-1012
114000207,570,2692,-2122
114000208,415,3565,-3150
114000209,654,3746,-3092
114000210,326,2090,-1764
114000211,620,1613,-993
114000212,624,686,-62
114000213,715,624,91
114000214,58,350,-292
114000215,62,65,-3
114000216,412,142,270
114000217,53,317,-264
114000218,52,330,-278
114000219,329,322,7
114000220,8,1573,-1565
114000221,225,64,161
114000222,139,1336,-1197
114000223,202,39,163
114000224,116,746,-630
114000225,108,526,-418
114000226,53,241,-188
114000227,515,481,34
114000228,302,1132,-830
114000229,356,1279,-923
114000230,878,1746,-868
114000231,390,1247,-857
114000232,232,129,103
114000233,857,126,731
114000234,654,1307,-653
114000235,473,1402,-929
114000236,0,533,-533
114000237,58,1322,-1264
114000238,11,131,-120
114000239,131,1630,-1499
114000240,416,608,-192
114000241,263,1309,-1046
114000242,882,1005,-123
114000243,598,627,-29
114000244,325,267,58
114000245,201,653,-452
114000246,105,42,63
114000247,365,718,-353
114000248,552,438,114
114000249,319,456,-137
114000250,175,481,-306
114000251,97,353,-256
114000252,38,128,-90
114000253,25,324,-299
114000254,4,151,-147
114000255,444,162,282
114000256,1656,423,1233
114000257,493,2515,-2022
114000258,73,621,-548
114000259,23,355,-332
114000260,0,15,-15
114000261,13,11,2
114000262,24,268,-244
114000263,1,1,0
114000264,255,854,-599
114000265,0,4,-4
114000267,2,956,-954
114000268,1,2248,-2247
114000270,132,3,129
114000271,210,98,112
114000283,427,505,-78
114000285,66,376,-310
114000288,33,485,-452
114000289,939,63,876
114000293,32,350,-318
114000294,151,516,-365
114000395,535,65,470
114000396,125,238,-113
114000402,148,415,-267
114000403,156,648,-492
114000405,141,821,-680
114000423,47,626,-579
114000424,225,239,-14
114000425,100,829,-729
114000426,234,353,-119
114000427,37,151,-114
114000428,328,41,287
114000429,10,272,-262
114000432,27,135,-108
114000434,18,156,-138
114000435,8,208,-200
114900001,228,1756,-1528
114900002,316,36,280
114900003,178,2721,-2543
114900004,58,136,-78
114900005,154,1162,-1008
114900006,17,14,3
114900007,63,9,54
114900008,63,35,28
114900010,3659,2087,1572
114900011,41,69,-28
114900013,59,48,11
114900015,20,140,-120
114900018,692,47,645
114900020,47,36,11
114900022,4,524,-520
114900024,59,139,-80
114900025,196,271,-75
114900026,27,39,-12
114900027,190,221,-31
114900029,14,16,-2
114900030,128,177,-49
114900031,53,44,9
114900032,74,34,40
114900033,1378,207,1171
114900034,33,437,-404
114900035,139,260,-121
114900036,193,1371,-1178
114900037,67,324,-257
114900038,120,1439,-1319
114900039,504,1030,-526
114900040,50,323,-273
114900041,241,916,-675
114900042,269,1153,-884
114900043,787,339,448
114900044,30,18,12
114900046,56,244,-188
114900047,106,1137,-1031
114900048,33,256,-223
114900049,5,273,-268
114900050,9,796,-787
114900051,15,625,-610
114900052,72,216,-144
114900053,78,230,-152
114900054,33,149,-116
114900057,122,1,121
114900058,0,94,-94
114900059,20,21,-1
114900060,1916,337,1579
114900061,87,343,-256
114900062,363,267,96
114900063,51,317,-266
114900064,427,982,-555
114900065,96,684,-588
114900067,15,435,-420
114900068,55,164,-109
114900069,244,244,0
114900070,148,743,-595
114900072,9,296,-287
114900073,3,216,-213
114900074,104,1244,-1140
114900075,56,0,56
114900076,5,508,-503
114900080,3323,419,2904
114900082,4287,1513,2774
114900083,358,821,-463
114900090,113,83,30
114900091,111,227,-116
114900095,477,117,360
114900096,903,614,289
114900097,49,0,49
114900098,4,262,-258
114900099,51,0,51
115000001,9075,7212,1863
115000002,2232,2517,-285
115000003,3684,5173,-1489
115000004,1531,3755,-2224
115000005,953,3106,-2153
115000006,269,1185,-916
115000007,32,128,-96
115000008,341,440,-99
115000009,104,365,-261
115000010,229,144,85
115000013,89,80,9
115000015,60,101,-41
115000016,231,182,49
115000019,8,328,-320
115000020,195,151,44
115000021,245,335,-90
115000022,373,350,23
115000023,206,257,-51
115000024,992,617,375
115000025,529,315,214
115000026,114,403,-289
115000027,118,184,-66
115000028,106,630,-524
115000029,143,112,31
115000030,210,759,-549
115000031,398,216,182
115000032,4,272,-268
115000033,60,11,49
115000034,104,845,-741
115000035,560,19,541
115000036,1,398,-397
115000037,104,1,103
115000038,35,173,-138
115000039,2584,1585,999
115000040,6945,2486,4459
115000041,813,1643,-830
115000042,751,607,144
115000043,2881,2282,599
115000044,3498,4607,-1109
115000045,1551,2835,-1284
115000046,1019,2260,-1241
115000047,913,1860,-947
115000048,1051,3442,-2391
115000049,1148,2845,-1697
115000050,1881,1508,373
115000051,2200,985,1215
115000052,3724,1916,1808
115000053,1073,939,134
115000054,900,1611,-711
115000055,23,382,-359
115000056,106,250,-144
115000057,222,502,-280
115000058,225,90,135
115000059,141,209,-68
115000061,119,89,30
115000062,68,303,-235
115000063,84,391,-307
115000064,105,184,-79
115000065,7,144,-137
115000067,122,13,109
115000069,37,191,-154
115000070,18,653,-635
115000071,56,4,52
115000072,37,56,-19
115000073,916,36,880
115000075,17,73,-56
115000076,3113,3890,-777
115000077,978,4733,-3755
115000078,354,2281,-1927
115000079,776,2867,-2091
115000080,1013,3108,-2095
115000081,302,1015,-713
115000082,2107,2517,-410
115000083,1327,4011,-2684
115000084,643,979,-336
115000085,312,1347,-1035
115000086,355,1039,-684
115000087,493,1632,-1139
115000088,1237,534,703
115000089,1543,1581,-38
115000090,919,495,424
115000091,288,1463,-1175
115000092,210,257,-47
115000093,347,0,347
115000094,7935,4125,3810
115000095,6635,3486,3149
115000096,420,2566,-2146
115000097,255,692,-437
115000098,377,868,-491
115000099,878,3417,-2539
115000100,384,459,-75
115000101,268,1658,-1390
115000102,198,182,16
115000103,420,1001,-581
115000105,36,229,-193
115000106,159,161,-2
115000107,121,756,-635
115000108,4097,3108,989
115000109,5251,1605,3646
115000110,1023,587,436
115000111,829,1323,-494
115000112,546,360,186
115000113,893,729,164
115000114,1243,869,374
115000116,2934,1154,1780
115000117,3712,1488,2224
115000118,1998,1126,872
115000119,2124,1372,752
115000120,837,524,313
115000121,1749,647,1102
115000122,3903,580,3323
115000123,2360,1022,1338
115000124,541,539,2
115000125,274,590,-316
115000126,106,243,-137
115000127,269,163,106
115000128,1226,624,602
115000129,128,152,-24
115000130,180,1474,-1294
115000131,189,328,-139
115000132,90,621,-531
115000133,135,433,-298
115000134,98,234,-136
115000135,40,222,-182
115000136,53,201,-148
115000137,56,202,-146
115000138,98,234,-136
115000139,124,330,-206
115000140,62,173,-111
115000141,84,413,-329
115000142,58,372,-314
115000143,174,457,-283
115000144,185,78,107
115000145,98,625,-527
115000146,142,175,-33
115000147,200,561,-361
115000148,221,1971,-1750
115000149,276,158,118
115000150,440,1979,-1539
115000151,302,426,-124
115000152,326,2369,-2043
115000153,260,486,-226
115000154,313,333,-20
115000155,380,1591,-1211
115000156,575,496,79
115000157,865,967,-102
115000158,670,283,387
115000159,596,332,264
115000160,581,403,178
115000161,363,617,-254
115000162,527,418,109
115000163,585,543,42
115000164,485,449,36
115000165,263,277,-14
115000167,55,48,7
115000168,450,317,133
115000169,446,405,41
115000170,42,116,-74
115000171,150,174,-24
115000172,2050,532,1518
115000173,207,219,-12
115000174,27,154,-127
115000175,25,104,-79
115000176,200,30,170
115000177,148,101,47
115000178,10,349,-339
115000179,18,16,2
115000180,54,772,-718
115000181,206,136,70
115000182,330,410,-80
115000183,115,1160,-1045
115000186,408,296,112
115000187,89,774,-685
115000188,385,332,53
115000189,233,411,-178
115000190,596,214,382
115000191,296,366,-70
115000194,146,124,22
115000195,354,184,170
115000196,78,131,-53
115000197,91,472,-381
115000198,111,244,-133
115000199,90,363,-273
115000200,215,100,115
115000201,59,457,-398
115000206,83,42,41
115000207,19,366,-347
115000208,572,714,-142
115000209,220,116,104
115000210,66,112,-46
115000211,168,210,-42
115000212,1227,300,927
115000224,112,36,76
115000225,98,44,54
115000229,273,133,140
115000230,52,462,-410
115000231,253,2763,-2510
115000232,655,375,280
115000233,39,280,-241
115000234,8,265,-257
115000241,36,308,-272
115000242,47,280,-233
115000243,13,281,-268
115000244,2,86,-84
115000246,17,7,10
115000247,7,6,1
115000248,12,6,6
115000249,52,2,50
115000250,70,35,35
115000251,65,146,-81
115000252,39,149,-110
115000253,8,180,-172
115000258,46,164,-118
115000259,235,133,102
115000261,5,45,-40
115000262,0,14,-14
115000263,7,33,-26
115000264,3,25,-22
115000267,16,49,-33
115000268,35,89,-54
115000269,42,48,-6
115000270,5,29,-24
115000272,40,152,-112
115000273,111,20,91
115000280,2807,65,2742
115000281,812,98,714
115000282,1498,336,1162
115000284,375,60,315
115000296,331,2,329
115000297,162,27,135
115000298,140,79,61
115000300,61,231,-170
115000302,123,191,-68
115000303,209,146,63
115000304,257,87,170
115000305,39,1389,-1350
115000306,72,800,-728
115000307,16,401,-385
115000308,68,18,50
115000309,21,5,16
115000310,396,1520,-1124
115000311,238,1544,-1306
115000313,93,954,-861
115000314,138,48,90
115000315,1549,193,1356
115000316,32,35,-3
115000317,137,674,-537
115000318,303,224,79
115000319,32,322,-290
115000320,5,150,-145
115000321,145,4,141
115000322,30,277,-247
115000449,357,80,277
115000557,1,245,-244
115000558,140,79,61
115000587,211,291,-80
115000588,1943,4416,-2473
115000589,2194,2480,-286
115000590,715,1488,-773
115000591,1153,625,528
115000592,618,1334,-716
115000593,1243,490,753
115000594,798,1038,-240
115000609,125,162,-37
115000617,1756,834,922
115000624,56,84,-28
115000633,329,1797,-1468
115000634,1976,538,1438
115000635,134,123,11
115000638,1559,784,775
115000641,77,106,-29
115000642,345,216,129
115000643,99,530,-431
115000644,116,620,-504
115000646,562,782,-220
115000647,107,459,-352
115000648,599,1673,-1074
115000893,3314,655,2659
115000894,58,1180,-1122
115000895,237,816,-579
115000896,656,259,397
115000897,350,35,315
115000898,906,179,727
115000899,1063,831,232
115000900,100,365,-265
115000901,56,63,-7
115000912,166,66,100
115000913,5,63,-58
115000915,17,0,17
115000916,0,0,0
115000917,0,2,-2
115000918,83,122,-39
115000919,36,12,24
115000920,4,26,-22
115000921,1530,54,1476
115000922,815,327,488
115000923,399,677,-278
115000925,11,50,-39
115000927,16,20,-4
115000933,322,123,199
115000934,50,317,-267
115000935,27,109,-82
115000936,40,165,-125
115000937,1255,153,1102
115000938,100,106,-6
115000939,98,73,25
115900001,21,118,-97
115900002,137,237,-100
115900003,54,141,-87
115900004,0,38,-38
115900005,37,3,34
115900006,33,495,-462
115900008,12,16,-4
115900009,38,362,-324
115900010,66,251,-185
115900011,136,341,-205
115900012,10,138,-128
115900013,472,147,325
115900014,70,167,-97
115900015,13,165,-152
115900016,47,26,21
115900017,0,1,-1
115900018,193,93,100
115900019,253,31,222
115900020,8,0,8
115900021,1966,69,1897
115900022,2749,12,2737
115900023,3,0,3
115900025,53,132,-79
115900026,1119,412,707
115900027,0,617,-617
115900028,623,44,579
115900029,5,667,-662
115900030,19,4,15
115900031,345,90,255
115900032,262,796,-534
115900033,0,43,-43
115900034,12,613,-601
115900035,27,84,-57
115900036,251,152,99
115900037,8,595,-587
115900038,9,1,8
115900039,68,359,-291
115900041,207,219,-12
115900042,9,2,7
115900043,24,153,-129
115900044,142,191,-49
115900046,102,305,-203
115900047,37,16,21
115900049,92,241,-149
115900051,1,78,-77
115900052,5,427,-422
115900053,55,283,-228
115900054,33,60,-27
115900055,17,224,-207
115900056,71,427,-356
115900057,6,2,4
115900058,35,114,-79
115900060,37,150,-113
115900061,29,2,27
115900062,7,422,-415
115900063,29,22,7
115900064,148,222,-74
115900065,17,161,-144
115900066,168,242,-74
115900067,3,864,-861
115900068,4466,89,4377
115900069,67,186,-119
115900070,72,309,-237
115900071,0,836,-836
115900072,66,294,-228
115900073,14,14,0
115900074,4,391,-387
115900075,24,412,-388
115900076,2,124,-122
115900077,9,376,-367
115900078,27,163,-136
115900079,44,4,40
115900080,412,145,267
115900081,10,99,-89
115900082,194,150,44
115900084,73,18,55
115900085,41,20,21
115900086,1740,401,1339
115900088,11,8,3
115900089,93,861,-768
115900090,69,22,47
115900091,0,20,-20
115900092,3,270,-267
115900093,0,57,-57
115900094,4,524,-520
115900096,0,24,-24
115900097,15,800,-785
115900098,57,562,-505
115900099,12,114,-102
115900100,9,684,-675
115900101,65,439,-374
115900102,7,116,-109
115900103,91,214,-123
115900104,20,215,-195
115900105,39,898,-859
115900106,12,18,-6
115900107,8,233,-225
115900108,34,33,1
115900109,32,491,-459
115900110,3,15,-12
115900111,0,96,-96
115900112,19,1061,-1042
115900113,14,13,1
115900114,1,157,-156
115900115,25,162,-137
115900116,51,1261,-1210
115900117,15,18,-3
115900118,7,398,-391
115900119,28,116,-88
115900120,10,572,-562
115900121,57,299,-242
115900124,96,223,-127
115900125,88,20,68
115900126,232,34,198
115900127,282,20,262
115900128,8,64,-56
115900129,403,9,394
115900130,37,233,-196
115900131,81,24,57
115900132,112,5,107
115900134,67,12,55
115900135,688,420,268
115900137,5,1,4
115900139,36,31,5
115900140,38,6,32
115900141,7,38,-31
115900142,2,4,-2
115900143,56,172,-116
115900144,10,170,-160
115900146,1,207,-206
115900147,164,174,-10
115900148,1,19,-18
115900149,11,22,-11
115900150,14,97,-83
115900151,3,67,-64
115900152,20,450,-430
115900153,12,239,-227
115900154,493,246,247
115900155,0,94,-94
115900156,323,698,-375
115900157,98,446,-348
115900158,21,8,13
115900159,13,310,-297
115900160,8,2,6
115900161,31,160,-129
115900163,69,112,-43
115900164,106,115,-9
115900166,184,280,-96
115900168,8,166,-158
115900171,74,350,-276
115900172,16,176,-160
115900173,85,173,-88
115900174,258,215,43
115900175,49,130,-81
115900178,0,852,-852
115900179,39,3,36
115900180,21,435,-414
115900181,44,353,-309
115900182,132,352,-220
115900183,80,2,78
115900184,1293,16,1277
115900187,10,130,-120
115900189,1,58,-57
115900190,566,362,204
115900191,43,647,-604
115900192,6,50,-44
115900193,60,19,41
115900194,189,22,167
115900195,377,488,-111
115900198,198,269,-71
115900199,154,320,-166
115900200,377,351,26
115900201,167,206,-39
115900202,0,3,-3
115900203,0,4,-4
115900204,0,0,0
115900205,23,5,18
115900206,39,130,-91
115900207,13,16,-3
115900208,21,428,-407
115900209,0,137,-137
115900210,2,216,-214
115900211,3,268,-265
115900212,42,294,-252
115900213,18,8,10
115900214,106,389,-283
115900215,25,13,12
115900216,8,76,-68
115900217,1,92,-91
115900218,0,80,-80
115900219,8,4,4
115900220,21,5,16
115900221,13,6,7
115900222,8,2,6
115900223,11,31,-20
115900224,1780,181,1599
115900225,94,9,85
115900226,15,38,-23
115900227,9,33,-24
115900228,3,44,-41
115900229,4,39,-35
115900230,54,75,-21
115900231,36,5,31
115900232,9,0,9
115900233,27,9,18
115900234,14,12,2
115900235,3,19,-16
115900236,3,21,-18
115900237,5,31,-26
115900238,1,16,-15
115900239,1,33,-32
115900240,12,80,-68
115900241,37,91,-54
115900242,100,127,-27
115900243,3,6,-3
115900244,2,20,-18
115900245,10,34,-24
115900246,7,3,4
115900247,23,4,19
115900248,7,2,5
115900249,4,5,-1
115900250,3,6,-3
115900251,1,3,-2
115900252,0,3,-3
115900253,3,5,-2
115900254,11,19,-8
115900255,4,10,-6
115900256,25,11,14
115900257,0,11,-11
115900258,0,4,-4
115900259,0,3,-3
115900260,20,1,19
115900261,7,1,6
115900262,1,0,1
115900263,16,1,15
115900264,1,6,-5
115900265,2,5,-3
115900266,4,3,1
115900267,1,11,-10
115900268,2,13,-11
115900269,91,474,-383
115900270,95,893,-798
115900271,13,0,13
115900272,6,1,5
115900273,4,2,2
115900274,0,19,-19
115900275,1,42,-41
115900276,0,98,-98
115900277,0,183,-183
115900278,9,98,-89
115900279,11,90,-79
115900280,26,123,-97
115900281,531,116,415
115900282,15,5,10
115900283,3,6,-3
115900284,1,6,-5
116000001,21937,5163,16774
116000002,3233,3448,-215
116000003,1481,2211,-730
116000004,1101,1312,-211
116000005,2216,3139,-923
116000006,1382,883,499
116000007,3505,4202,-697
116000008,3070,1194,1876
116000009,1649,2965,-1316
116000010,862,625,237
116000011,653,1792,-1139
116000012,396,463,-67
116000013,19179,4790,14389
116000014,23307,4297,19010
116000015,431,514,-83
116000016,9144,1146,7998
116000017,25,272,-247
116000018,720,392,328
116000019,368,207,161
116000020,358,1395,-1037
116000021,142,255,-113
116000022,138,442,-304
116000023,408,401,7
116000024,509,1594,-1085
116000025,385,372,13
116000026,1178,2382,-1204
116000027,385,394,-9
116000028,263,417,-154
116000029,1060,504,556
116000030,227,237,-10
116000031,128,217,-89
116000032,93,320,-227
116000033,122,479,-357
116000034,301,830,-529
116000035,102,548,-446
116000036,1681,322,1359
116000037,414,246,168
116000038,414,189,225
116000039,546,322,224
116000040,817,301,516
116000041,188,612,-424
116000042,243,240,3
116000043,52,490,-438
116000044,3,84,-81
116000045,1017,633,384
116000046,810,728,82
116000047,1484,1527,-43
116000048,1463,1156,307
116000049,501,1470,-969
116000050,910,1491,-581
116000051,1349,1206,143
116000052,1971,3278,-1307
116000053,925,995,-70
116000054,456,2477,-2021
116000055,294,1793,-1499
116000056,286,897,-611
116000057,2905,2281,624
116000058,2667,1636,1031
116000059,1981,2605,-624
116000060,2749,721,2028
116000061,475,740,-265
116000062,366,201,165
116000063,307,1117,-810
116000066,100,173,-73
116000067,226,672,-446
116000068,104,121,-17
116000069,182,607,-425
116000078,141,797,-656
116000080,832,1152,-320
116000082,7,98,-91
116000083,731,313,418
116000084,2206,3774,-1568
116000085,1427,800,627
116000086,1981,1546,435
116000087,791,668,123
116000088,745,1450,-705
116000089,109,91,18
116000090,141,178,-37
116000091,77,63,14
116000093,1325,492,833
116000094,227,723,-496
116000095,368,526,-158
116000096,427,1123,-696
116000097,258,771,-513
116000098,315,2935,-2620
116000099,8290,333,7957
116000100,51,14,37
116000101,239,1684,-1445
116000102,136,1242,-1106
116000103,224,223,1
116000104,77,1729,-1652
116000105,428,210,218
116000106,99,1306,-1207
116000107,584,477,107
116000108,19,127,-108
116000111,24,10,14
116000113,99,28,71
116000114,39,177,-138
116000115,200,39,161
116000116,182,686,-504
116000117,733,1549,-816
116000118,724,1584,-860
116000119,1121,1214,-93
116000120,1923,5005,-3082
116000121,414,264,150
116000122,1288,2809,-1521
116000123,313,269,44
116000124,261,1411,-1150
116000125,948,451,497
116000126,184,1556,-1372
116000127,833,1930,-1097
116000128,820,612,208
116000129,322,251,71
116000130,98,170,-72
116000133,237,842,-605
116000134,862,3391,-2529
116000135,791,1144,-353
116000136,764,2499,-1735
116000137,329,588,-259
116000138,1619,451,1168
116000139,1249,2130,-881
116000140,41,207,-166
116000141,241,1090,-849
116000142,3443,3680,-237
116000143,1617,1198,419
116000144,939,3029,-2090
116000145,1051,1474,-423
116000146,162,422,-260
116000147,89,96,-7
116000148,207,420,-213
116000149,257,537,-280
116000151,342,1020,-678
116000153,41,343,-302
116000155,97,254,-157
116000156,1419,1115,304
116000157,23,22,1
116000158,67,454,-387
116000159,5,8,-3
116000160,27,157,-130
116000161,9,101,-92
116000162,48,43,5
116000163,6,9,-3
116000164,1,7,-6
116000177,11,96,-85
116000194,60,384,-324
116000195,960,520,440
116000196,8,3,5
116000197,7,7,0
116000198,1559,869,690
116000200,710,141,569
116000201,481,670,-189
116000202,1,308,-307
116000203,3,100,-97
116000204,11,43,-32
116000205,1,197,-196
116000206,0,109,-109
116000207,2,43,-41
116000233,83,1013,-930
116000287,39,663,-624
116000288,41,296,-255
116000292,22,294,-272
116000296,9,241,-232
116000297,55,6,49
116000304,25,93,-68
116000305,8,166,-158
116000346,42,279,-237
116000352,21,81,-60
116000354,19,6,13
116000357,1,4,-3
116000358,81,13,68
116000361,117,1,116
116000372,10904,1650,9254
116000381,33,0,33
116000388,1,58,-57
116000389,439,560,-121
116000445,93,958,-865
116000446,112,1107,-995
116000447,7,433,-426
116000448,458,223,235
116000563,720,350,370
116000565,80,523,-443
116000568,26,90,-64
116000579,21,160,-139
116000584,1,23,-22
116000585,5,14,-9
116000586,220,68,152
116000587,66,404,-338
116000589,10,87,-77
116000590,60,28,32
116000591,34,286,-252
116000592,6,192,-186
116000593,0,41,-41
116000594,144,682,-538
116000595,225,230,-5
116000596,33,8,25
116000597,89,39,50
116000598,22,327,-305
116000602,97,105,-8
116000605,105,144,-39
116000606,12,134,-122
116000607,7,63,-56
116000609,176,451,-275
116000611,28,630,-602
116000612,392,1671,-1279
116000613,153,270,-117
116000614,393,1046,-653
116000615,1,89,-88
116000616,19,201,-182
116000617,25,182,-157
116000618,8,217,-209
116000619,4,31,-27
116000620,10,25,-15
116000621,23,64,-41
116000622,13,132,-119
116000624,24,65,-41
116000627,7,34,-27
116000628,28,1184,-1156
116000629,34,630,-596
116000630,87,188,-101
116000631,54,124,-70
116000632,129,709,-580
116000633,9,957,-948
116000634,105,59,46
116000635,1982,996,986
116000636,685,609,76
116000637,54,14,40
116000638,20,788,-768
116900001,92,98,-6
116900002,294,8,286
116900003,9,71,-62
116900004,19,24,-5
116900005,81,55,26
116900006,183,141,42
116900007,49,181,-132
116900008,166,556,-390
116900009,8,8,0
116900010,1,2380,-2379
116900011,15,34,-19
116900012,145,228,-83
116900013,9,174,-165
116900014,19,424,-405
116900015,89,92,-3
116900016,18,1,17
116900017,3,832,-829
116900018,13,17,-4
116900019,5,455,-450
116900020,2032,213,1819
116900023,11,7,4
116900024,89,109,-20
116900025,298,1333,-1035
116900026,183,702,-519
116900027,7,49,-42
116900028,3,119,-116
116900029,2,8,-6
116900031,0,5,-5
116900032,7,446,-439
116900033,4,2,2
116900034,4,67,-63
116900035,72,207,-135
116900036,1,119,-118
116900038,10,6,4
116900041,14,8,6
116900042,975,164,811
116900043,2,89,-87
116900047,84,28,56
116900049,33,188,-155
116900050,47,410,-363
116900051,22,321,-299
116900052,90,91,-1
116900055,0,5,-5
116900057,13,330,-317
116900058,17,468,-451
116900059,1,172,-171
116900060,79,232,-153
116900062,0,2,-2
116900064,22,1164,-1142
116900065,4,81,-77
116900067,35,138,-103
116900068,40,613,-573
116900070,0,0,0
116900072,14,558,-544
116900073,8,203,-195
116900074,2,47,-45
116900076,4,17,-13
116900077,7,208,-201
116900078,181,154,27
116900079,11,367,-356
116900080,17,25,-8
116900081,213,1458,-1245
116900082,138,1199,-1061
116900083,29,64,-35
116900084,76,36,40
116900085,39,159,-120
116900086,16,240,-224
116900088,458,57,401
116900090,149,55,94
116900091,68,235,-167
116900092,51,926,-875
116900093,2178,1265,913
116900094,7890,1502,6388
116900095,100,244,-144
116900096,78,75,3
116900097,3419,881,2538
116900098,1035,126,909
116900099,380,209,171
116900100,253,13,240
116900101,190,874,-684
116900103,1,0,1
116900104,13,63,-50
116900105,137,16,121
116900106,399,213,186
116900107,4647,825,3822
116900110,5,0,5
116900111,102,1449,-1347
116900112,79,821,-742
116900113,3093,669,2424
116900116,61,169,-108
116900117,21,55,-34
116900118,1233,410,823
116900120,78,122,-44
116900121,37,56,-19
116900122,187,1154,-967
116900123,42,1063,-1021
116900124,85,844,-759
116900125,109,193,-84
116900126,242,384,-142
116900128,0,57,-57
116900129,4,447,-443
116900130,1418,1827,-409
116900131,49,108,-59
116900132,8,56,-48
116900133,24,112,-88
116900134,90,199,-109
116900136,84,161,-77
116900137,185,170,15
116900138,101,197,-96
116900139,42,454,-412
116900140,122,257,-135
116900141,268,365,-97
116900142,0,6,-6
116900143,103,581,-478
116900144,8,23,-15
116900145,66,431,-365
116900147,531,291,240
116900148,1,19,-18
116900149,18,94,-76
116900150,5,6,-1
116900151,60,23,37
116900153,31,55,-24
116900154,208,96,112
116900155,30,27,3
116900157,131,335,-204
116900158,18,71,-53
116900159,32,189,-157
116900160,400,240,160
116900161,10482,2620,7862
116900162,0,191,-191
116900163,51,158,-107
116900164,13,21,-8
116900165,67,59,8
116900166,1,119,-118
116900167,141,51,90
116900168,53,113,-60
116900169,500,166,334
116900170,110,194,-84
116900171,10,269,-259
116900172,166,42,124
116900173,29,93,-64
116900174,4,8,-4
116900175,101,53,48
116900178,12,224,-212
116900179,56,48,8
116900180,24,33,-9
116900182,175,194,-19
116900183,56,78,-22
116900185,6,15,-9
116900186,64,367,-303
116900187,8,7,1
116900188,56,15,41
116900189,9,1,8
116900191,152,340,-188
116900192,131,174,-43
116900194,25,302,-277
116900195,11,6,5
116900196,12,179,-167
116900197,25,2,23
116900198,456,116,340
116900200,4,56,-52
116900201,17,7,10
116900202,105,90,15
116900203,42,0,42
116900204,16,40,-24
116900205,0,0,0
116900206,1,25,-24
116900207,4,21,-17
116900208,9,174,-165
116900209,14,166,-152
116900210,242,195,47
116900211,200,18,182
116900212,12,53,-41
116900213,122,252,-130
116900214,31,162,-131
116900215,23,95,-72
116900216,107,472,-365
116900218,8,478,-470
116900219,655,445,210
116900220,61,208,-147
116900221,41,265,-224
116900222,281,253,28
116900223,53,132,-79
116900226,17,59,-42
116900227,52,67,-15
116900228,120,298,-178
116900230,9,370,-361
116900231,11,649,-638
116900232,2,581,-579
116900233,55,70,-15
116900234,4,0,4
116900235,87,278,-191
116900238,1413,301,1112
116900239,112,580,-468
116900240,6080,1362,4718
116900241,26,339,-313
116900242,401,121,280
116900243,6,32,-26
116900245,13,9,4
116900246,5,12,-7
116900247,137,16,121
116900248,18,14,4
116900249,77,168,-91
116900250,77,40,37
116900251,488,83,405
116900252,19,1080,-1061
116900253,44,106,-62
116900254,1,74,-73
116900255,72,27,45
116900256,112,71,41
116900257,1,713,-712
116900258,3,441,-438
116900259,46,1,45
116900260,0,174,-174
116900261,6,0,6
116900262,37,112,-75
116900263,0,3,-3
116900264,0,3,-3
116900265,0,0,0
116900266,0,53,-53
116900267,14,0,14
116900268,5,9,-4
116900269,217,497,-280
116900271,3059,51,3008
116900272,455,664,-209
116900273,237,13,224
116900274,42,83,-41
116900275,35,133,-98
116900276,1450,35,1415
116900277,690,13,677
116900278,1,15,-14
116900279,0,45,-45
116900280,5,37,-32
116900281,8197,1260,6937
116900282,2,154,-152
116900283,16,164,-148
116900284,16,262,-246
116900285,377,93,284
116900286,222,8,214
116900287,1,126,-125
116900288,23,123,-100
116900289,7,43,-36
116900290,0,50,-50
116900291,3,11,-8
116900292,0,1,-1
116900293,2,83,-81
116900294,19,88,-69
116900295,147,45,102
116900296,18,30,-12
116900297,3,15,-12
116900298,96,54,42
116900299,21,81,-60
116900300,143,346,-203
116900301,34,91,-57
116900302,28,39,-11
116900303,482,25,457
116900304,0,85,-85
116900305,14,9,5
116900306,10,98,-88
117000001,757,998,-241
117000002,1154,4485,-3331
117000003,4753,2047,2706
117000004,4502,5114,-612
117000005,862,1355,-493
117000006,761,4301,-3540
117000007,1752,1092,660
117000008,1041,4589,-3548
117000009,3909,1010,2899
117000010,2597,4312,-1715
117000011,726,1311,-585
117000012,753,2181,-1428
117000013,536,1024,-488
117000014,486,2623,-2137
117000015,2176,1043,1133
117000016,233,62,171
117000017,215,129,86
117000018,119,244,-125
117000019,117,1,116
117000020,701,741,-40
117000021,3166,315,2851
117000022,319,58,261
117000023,353,89,264
117000024,445,89,356
117000025,619,587,32
117000026,1779,549,1230
117000027,1779,969,810
117000028,842,353,489
117000030,485,452,33
117000031,363,158,205
117000032,1544,1247,297
117000033,762,627,135
117000034,181,245,-64
117000035,189,183,6
117000036,188,221,-33
117000037,101,192,-91
117000038,138,309,-171
117000039,177,254,-77
117000040,144,1646,-1502
117000041,400,140,260
117000044,21,1361,-1340
117000045,171,32,139
117000046,365,874,-509
117000047,254,504,-250
117000048,2063,1500,563
117000049,136,372,-236
117000050,51,2925,-2874
117000051,1011,151,860
117000052,11,833,-822
117000053,106,77,29
117000054,901,5,896
117000055,15,3939,-3924
117000056,363,10,353
117000057,638,2041,-1403
117000060,318,2549,-2231
117000061,705,537,168
117000062,140,518,-378
117000063,811,499,312
117000064,908,702,206
117000066,1148,565,583
117000067,112,273,-161
117000074,160,102,58
117000076,86,57,29
117000077,146,52,94
117000078,62,541,-479
117000079,108,127,-19
117000080,1,409,-408
117000081,391,104,287
117000082,13,68,-55
117000083,47,10,37
117000084,200,1,199
117000085,106,399,-293
117000086,809,726,83
117000087,66,445,-379
117000088,209,164,45
117000089,853,255,598
117000090,113,1816,-1703
117000091,296,330,-34
117000092,233,2152,-1919
117000093,429,574,-145
117000094,449,2891,-2442
117000095,1035,705,330
117000096,402,3102,-2700
117000097,490,987,-497
117000098,2749,6800,-4051
117000099,1174,671,503
117000100,94,143,-49
117000101,220,1586,-1366
117000102,582,415,167
117000103,771,2302,-1531
117000104,649,406,243
117000105,488,2400,-1912
117000106,432,533,-101
117000107,283,3001,-2718
117000108,527,611,-84
117000109,1660,3657,-1997
117000110,699,461,238
117000111,2364,4203,-1839
117000112,1455,1837,-382
117000113,73,420,-347
117000114,56,70,-14
117000115,24,205,-181
117000116,41,197,-156
117000117,1209,268,941
117000118,148,140,8
117000119,254,25,229
117000120,143,44,99
117000121,31,204,-173
117000122,378,544,-166
117000123,1281,17,1264
117000124,139,23,116
117000125,213,29,184
117000126,47,42,5
117000127,120,276,-156
117000128,374,410,-36
117000129,384,252,132
117000130,54,1,53
117000131,0,239,-239
117000132,838,87,751
117000133,524,156,368
117000134,0,75,-75
117000135,2,39,-37
117000136,1,59,-58
117000137,43,56,-13
117000138,1,440,-439
117000140,285,2188,-1903
117000141,689,429,260
117000181,1229,339,890
117000182,218,113,105
117000195,121,1549,-1428
117000196,49,28,21
117000225,120,4,116
117000226,6,79,-73
117000276,60,13,47
117000277,3,728,-725
117000310,1996,2458,-462
117000315,13,349,-336
117000320,79,0,79
117000906,59,11,48
117000907,4,622,-618
117000908,59,13,46
117000909,43,18,25
117000910,130,104,26
117000911,100,301,-201
117000915,9,743,-734
117000916,7,0,7
117000917,334,15,319
117000918,15,29,-14
117000919,5,179,-174
117000920,3,1855,-1852
117000921,11,2815,-2804
117000922,15,67,-52
117000924,185,517,-332
117000926,1303,58,1245
117000927,706,193,513
117000928,1,301,-300
117000929,130,674,-544
117000930,45,21,24
117000931,328,19,309
117900002,103,343,-240
117900003,953,221,732
117900005,1,7,-6
117900006,1,34,-33
117900007,60,192,-132
117900008,0,60,-60
117900010,104,223,-119
117900011,13,24,-11
117900012,16,229,-213
117900013,2,388,-386
117900014,187,340,-153
117900015,11,297,-286
117900016,1206,258,948
117900017,145,580,-435
117900018,175,28,147
117900019,139,694,-555
117900020,35,145,-110
117900021,12,124,-112
117900022,14,29,-15
117900023,811,38,773
117900024,60,187,-127
117900025,32,22,10
117900026,149,467,-318
117900028,13,6,7
117900029,95,1222,-1127
117900030,92,127,-35
117900031,36,43,-7
117900032,349,135,214
117900033,58,1157,-1099
117900034,27,41,-14
117900035,60,36,24
117900036,101,916,-815
117900037,28,91,-63
117900038,15,434,-419
117900039,4,97,-93
117900040,89,699,-610
117900041,3,69,-66
117900042,4792,402,4390
117900043,7,74,-67
117900044,14,1260,-1246
117900045,69,81,-12
117900048,100,351,-251
117900049,39,775,-736
117900050,9,26,-17
117900051,8,2,6
117900052,25,205,-180
117900053,486,742,-256
117900054,0,23,-23
117900055,125,66,59
117900056,135,24,111
117900057,567,1369,-802
117900058,38,3,35
117900059,546,69,477
117900060,512,5964,-5452
117900061,3,111,-108
117900063,85,223,-138
117900065,576,1150,-574
117900066,0,21,-21
117900067,153,342,-189
117900069,260,589,-329
117900070,140,3,137
117900071,50,118,-68
117900073,113,427,-314
117900074,99,4,95
117900075,15,87,-72
117900076,10,49,-39
117900077,161,102,59
117900078,140,307,-167
117900080,53,62,-9
117900081,634,389,245
117900082,149,167,-18
117900083,129,778,-649
117900086,23,78,-55
117900087,19,41,-22
117900088,2856,1496,1360
117900089,866,232,634
117900090,95,903,-808
117900091,116,106,10
117900092,7,70,-63
117900093,34,81,-47
117900094,6,4,2
117900095,106,704,-598
117900096,31,227,-196
117900097,150,76,74
117900098,6,1,5
117900099,53,492,-439
117900100,36,0,36
117900101,335,738,-403
117900102,13,38,-25
117900103,17,1,16
117900104,6,104,-98
117900105,92,193,-101
117900106,18,45,-27
117900107,14,0,14
117900109,219,275,-56
117900110,19,0,19
117900111,174,3,171
117900112,15,25,-10
117900113,3719,1457,2262
117900114,3,0,3
117900115,54,25,29
117900116,939,695,244
117900117,250,338,-88
117900118,26,0,26
117900119,34,388,-354
117900120,113,120,-7
117900121,14,23,-9
117900122,890,934,-44
117900123,344,970,-626
117900124,376,537,-161
117900125,916,613,303
117900126,322,625,-303
117900127,195,721,-526
117900128,120,1032,-912
117900129,24,0,24
117900130,499,299,200
117900131,1,119,-118
117900132,4,108,-104
117900133,0,181,-181
117900134,47,172,-125
117900135,20,306,-286
117900136,1,58,-57
117900137,8,381,-373
117900138,1,57,-56
117900139,26,160,-134
117900140,5154,128,5026
117900141,136,308,-172
117900142,13,8,5
117900144,45,96,-51
117900145,37,0,37
117900146,75,51,24
117900147,26,70,-44
117900148,2673,961,1712
117900149,12,169,-157
117900150,19,147,-128
117900151,5,162,-157
117900152,44,130,-86
117900153,4,106,-102
117900154,140,609,-469
117900156,534,606,-72
117900157,44,296,-252
117900158,56,46,10
117900160,211,244,-33
117900161,2574,2496,78
117900162,83,299,-216
117900163,57,19,38
117900165,0,11,-11
117900166,81,106,-25
117900168,54,144,-90
117900169,0,149,-149
117900170,0,36,-36
117900171,0,13,-13
117900172,14,41,-27
117900173,115,30,85
117900174,18,34,-16
117900175,3,19,-16
117900176,5,76,-71
117900177,5,46,-41
117900178,84,47,37
117900180,254,24,230
117900181,98,96,2
117900182,3,16,-13
117900183,19,117,-98
117900184,0,36,-36
117900185,8,22,-14
117900186,15,21,-6
117900187,5,1,4
117900188,159,16,143
117900189,35,13,22
117900190,1,0,1
117900191,26,0,26
117900192,43,0,43
117900193,9,47,-38
117900194,5,4,1
117900195,2,16,-14
117900196,2,14,-12
117900207,111,36,75
117900208,16,35,-19
117900209,83,137,-54
117900210,116,167,-51
117900211,11,232,-221
117900212,73,164,-91
117900213,6,11,-5
117900214,5,45,-40
117900215,6,34,-28
117900216,25,16,9
117900217,85,23,62
117900218,307,129,178
117900219,1,22,-21
117900220,36,86,-50
117900222,105,260,-155
117900223,77,107,-30
118000001,527,320,207
118000002,1180,1740,-560
118000003,1212,843,369
118000004,2543,1910,633
118000005,5655,1303,4352
118000006,9450,5754,3696
118000007,5770,1602,4168
118000008,4934,2361,2573
118000009,2000,4160,-2160
118000010,6144,4308,1836
118000011,594,3642,-3048
118000012,878,3501,-2623
118000013,3511,3214,297
118000014,2036,3931,-1895
118000016,233,691,-458
118000017,111,394,-283
118000018,167,710,-543
118000019,1425,1240,185
118000020,1230,979,251
118000021,739,1384,-645
118000022,2057,535,1522
118000023,1098,213,885
118000024,1624,521,1103
118000027,19108,3959,15149
118000029,1365,474,891
118000032,1487,1062,425
118000033,2427,1677,750
118000034,4777,1656,3121
118000035,1446,1212,234
118000036,900,951,-51
118000037,388,895,-507
118000038,87,136,-49
118000039,76,370,-294
118000040,1169,2417,-1248
118000041,1435,1585,-150
118000045,808,95,713
118000046,1415,497,918
118000047,1505,303,1202
118000048,3404,959,2445
118000051,2262,542,1720
118000052,1401,406,995
118000053,281,347,-66
118000054,1064,984,80
118000055,730,1124,-394
118000056,129,229,-100
118000057,162,273,-111
118000058,2658,986,1672
118000059,1628,651,977
118000060,379,1038,-659
118000061,388,1111,-723
118000062,372,186,186
118000063,256,413,-157
118000064,732,1132,-400
118000065,5402,1215,4187
118000066,706,856,-150
118000067,1342,866,476
118000068,1657,2269,-612
118000069,3017,1276,1741
118000070,8969,1336,7633
118000071,3888,3615,273
118000072,1778,822,956
118000073,2776,349,2427
118000074,188,301,-113
118000075,475,309,166
118000076,919,865,54
118000077,1106,987,119
118000078,1426,1820,-394
118000079,291,370,-79
118000080,924,761,163
118000081,1091,1037,54
118000082,262,607,-345
118000083,2540,938,1602
118000084,2491,1545,946
118000086,111,865,-754
118000087,6786,2324,4462
118000088,1975,1716,259
118000089,4336,2191,2145
118000090,2151,1886,265
118000091,1621,1314,307
118000092,1368,334,1034
118000093,128,495,-367
118000096,457,421,36
118000097,492,445,47
118000098,167,188,-21
118000099,212,1132,-920
118000101,411,383,28
118000102,207,1809,-1602
118000107,3645,321,3324
118000108,409,510,-101
118000110,1,26,-25
118000111,3,734,-731
118000112,78,1,77
118000113,8,1282,-1274
118000114,47,0,47
118000115,6,2,4
118000116,26,0,26
118000117,1169,854,315
118000118,567,799,-232
118000119,496,1431,-935
118000120,1240,1595,-355
118000121,50,395,-345
118000122,641,110,531
118000123,38,274,-236
118000125,1377,1339,38
118000126,367,1925,-1558
118000127,1199,648,551
118000128,595,1050,-455
118000129,463,181,282
118000130,3310,4809,-1499
118000131,401,1258,-857
118000132,1925,1457,468
118000133,319,427,-108
118000135,229,247,-18
118000136,76,642,-566
118000137,446,76,370
118000138,183,1146,-963
118000139,100,132,-32
118000140,1832,2231,-399
118000141,1336,2169,-833
118000142,920,2297,-1377
118000143,745,773,-28
118000144,1516,1084,432
118000145,1093,3707,-2614
118000146,730,2150,-1420
118000147,572,1972,-1400
118000148,240,1261,-1021
118000149,459,1172,-713
118000150,164,187,-23
118000151,174,501,-327
118000153,455,1226,-771
118000154,392,1486,-1094
118000155,441,1296,-855
118000156,2065,2095,-30
118000157,315,346,-31
118000158,76,523,-447
118000159,6,44,-38
118000160,169,431,-262
118000161,214,1167,-953
118000162,1022,731,291
118000163,192,640,-448
118000164,1941,1531,410
118000168,2045,192,1853
118000169,1034,2208,-1174
118000170,3868,8171,-4303
118000171,180,694,-514
118000172,59,295,-236
118000173,478,1200,-722
118000175,188,318,-130
118000176,126,365,-239
118000177,131,485,-354
118000178,40,27,13
118000179,1965,588,1377
118000180,634,853,-219
118000181,641,347,294
118000182,206,327,-121
118000183,118,201,-83
118000184,250,1352,-1102
118000185,919,601,318
118000186,558,828,-270
118000187,486,1275,-789
118000188,158,274,-116
118000189,186,990,-804
118000190,3,16,-13
118000191,8,29,-21
118000192,30,84,-54
118000193,25,220,-195
118000194,1678,856,822
118000195,841,424,417
118000196,265,73,192
118000197,112,65,47
118000198,634,207,427
118000199,385,196,189
118000200,91,198,-107
118000201,307,282,25
118000202,31,41,-10
118000203,1411,241,1170
118000204,193,116,77
118000205,366,251,115
118000206,79,144,-65
118000207,0,96,-96
118000208,984,1514,-530
118000209,961,1987,-1026
118000210,17,23,-6
118000211,8,18,-10
118000213,733,556,177
118000214,621,189,432
118000215,143,299,-156
118000216,951,3142,-2191
118000217,9,141,-132
118000218,33,103,-70
118000219,358,340,18
118000220,2,10,-8
118000221,38,194,-156
118000222,67,24,43
118000223,10,24,-14
118000224,209,116,93
118000225,62,934,-872
118000226,320,101,219
118000227,1075,367,708
118000228,170,97,73
118000229,135,26,109
118000230,37,311,-274
118000231,19,219,-200
118000232,473,1126,-653
118000233,416,901,-485
118000234,123,350,-227
118000236,144,457,-313
118000237,45,874,-829
118000238,63,362,-299
118000239,150,250,-100
118000240,546,58,488
118000241,68,300,-232
118000242,289,781,-492
118000243,72,176,-104
118000244,10,204,-194
118000246,0,9,-9
118000255,17,179,-162
118000256,50,221,-171
118000259,4,45,-41
118000260,81,94,-13
118000261,10,107,-97
118000263,37,232,-195
118000266,68,603,-535
118000267,0,97,-97
118000268,125,1,124
118000270,29,33,-4
118000271,68,250,-182
118000272,28,41,-13
118000273,34,103,-69
118000274,85,434,-349
118000276,142,264,-122
118000295,6,69,-63
118000298,144,601,-457
118000299,32,272,-240
118000301,0,57,-57
118000302,47,118,-71
118000311,67,163,-96
118000312,87,258,-171
118000313,28,225,-197
118000314,36,110,-74
118000315,14,71,-57
118000316,245,550,-305
118000325,19,62,-43
118000326,7,55,-48
118000331,14,50,-36
118000332,1,62,-61
118000333,11,59,-48
118000335,47,0,47
118000336,1,492,-491
118000407,33,96,-63
118000457,4,36,-32
118000465,3894,2102,1792
118000480,7,192,-185
118000489,60,82,-22
118000490,34,491,-457
118000492,105,158,-53
118000510,60,26,34
118000514,108,349,-241
118000515,416,263,153
118000517,378,134,244
118000524,736,115,621
118000525,819,964,-145
118000530,5,133,-128
118000531,79,238,-159
118000532,107,378,-271
118000533,210,164,46
118000534,263,453,-190
118000535,77,106,-29
118000536,769,308,461
118000537,15,57,-42
118000538,21,139,-118
118000539,22,120,-98
118000540,206,318,-112
118000541,159,172,-13
118000542,53,143,-90
118000543,121,238,-117
118000546,22,37,-15
118000553,0,2,-2
118000557,0,0,0
118000560,4217,505,3712
118000562,10,421,-411
118000563,1891,1571,320
118000576,68,299,-231
118000577,142,102,40
118000578,120,114,6
118000579,781,821,-40
118000583,0,0,0
118000595,106,55,51
118000596,0,63,-63
118000597,45,169,-124
118000598,1,0,1
118000599,8,27,-19
118000600,2,13,-11
118000601,1,0,1
118000602,1,8,-7
118000603,1,35,-34
118900001,1398,611,787
118900002,1330,374,956
118900003,52,12,40
118900004,9,69,-60
118900005,44,0,44
118900006,15,1,14
118900007,6,9,-3
118900008,801,54,747
118900009,11,7,4
118900010,9,5,4
118900011,76,22,54
118900012,172,265,-93
118900013,676,27,649
118900015,74,33,41
118900016,7,35,-28
118900017,64,71,-7
118900018,1362,10,1352
118900019,35,7,28
118900020,98,113,-15
118900021,83,314,-231
118900022,103,114,-11
118900023,49,103,-54
118900024,22,173,-151
118900025,11,13,-2
118900026,21,96,-75
118900027,318,197,121
118900028,46,204,-158
118900029,60,519,-459
118900030,47,44,3
118900031,57,138,-81
118900032,37,216,-179
118900033,202,762,-560
118900034,19,3,16
118900035,94,318,-224
118900036,396,582,-186
118900037,121,304,-183
118900038,134,421,-287
118900039,83,284,-201
118900040,132,184,-52
118900041,98,239,-141
118900042,63,89,-26
118900045,135,119,16
118900046,814,128,686
118900047,806,153,653
118900048,42,145,-103
118900049,45,27,18
118900050,7,180,-173
118900051,25,65,-40
118900052,121,235,-114
118900053,23,65,-42
118900054,26,94,-68
118900055,17,109,-92
118900056,12,66,-54
118900057,109,225,-116
118900058,240,509,-269
118900059,7,57,-50
118900060,10,105,-95
118900062,48,214,-166
118900064,595,205,390
118900065,22,132,-110
118900066,27,100,-73
118900067,8412,2468,5944
118900068,1,75,-74
118900069,137,242,-105
118900071,6,42,-36
118900072,212,398,-186
118900073,50,80,-30
118900074,26,135,-109
118900075,12,81,-69
118900076,102,36,66
118900077,126,169,-43
118900078,4,4,0
118900079,34,142,-108
118900080,8,73,-65
118900081,42,18,24
118900082,223,129,94
118900083,14,25,-11
118900084,2,13,-11
118900085,352,914,-562
118900086,3,26,-23
118900087,24,119,-95
118900088,0,28,-28
118900089,18,7,11
118900090,334,483,-149
118900091,148,67,81
118900092,75,101,-26
118900093,53,7,46
118900096,13,6,7
118900097,146,987,-841
118900099,36,269,-233
118900100,99,187,-88
118900101,24,908,-884
118900102,5,56,-51
118900103,38,46,-8
118900104,41,220,-179
118900105,138,113,25
118900107,207,117,90
118900108,75,120,-45
118900110,1895,253,1642
118900111,136,674,-538
118900112,24,91,-67
118900113,72,803,-731
118900114,3,108,-105
118900115,76,324,-248
118900116,47,174,-127
118900117,26,219,-193
118900118,101,550,-449
118900119,30,330,-300
118900120,60,315,-255
118900121,4,274,-270
118900122,2,364,-362
118900123,103,304,-201
118900124,49,192,-143
118900126,16,196,-180
118900129,93,147,-54
118900130,39,41,-2
118900131,78,285,-207
118900132,131,144,-13
118900133,11,70,-59
118900135,60,243,-183
118900136,185,911,-726
118900137,3,22,-19
118900139,45,662,-617
118900140,290,1248,-958
118900141,33,329,-296
118900144,95,804,-709
118900145,32,205,-173
118900146,153,791,-638
118900147,36,99,-63
118900148,12,54,-42
118900150,92,176,-84
118900152,234,1069,-835
118900157,77,111,-34
118900158,12,129,-117
118900159,0,298,-298
118900161,37,1,36
118900163,187,67,120
118900164,6,129,-123
118900165,16,428,-412
118900166,32,4,28
118900167,22,254,-232
118900168,5,68,-63
118900169,39,529,-490
118900170,22,132,-110
118900171,4,33,-29
118900174,26,48,-22
118900175,88,316,-228
118900176,29,151,-122
118900177,3,44,-41
118900178,9,92,-83
118900179,0,57,-57
118900181,40,119,-79
118900182,64,26,38
118900183,5,46,-41
118900184,154,56,98
118900185,34,111,-77
118900186,39,118,-79
118900187,88,309,-221
118900188,93,303,-210
118900189,13,324,-311
118900190,8,634,-626
118900191,57,38,19
118900192,51,35,16
118900193,57,12,45
118900195,291,1031,-740
118900196,16,204,-188
118900197,25,120,-95
118900198,3,49,-46
118900199,11,64,-53
118900200,13,2,11
118900201,15,9,6
118900202,11,76,-65
118900203,2,35,-33
118900204,6,66,-60
118900205,2,31,-29
118900206,0,52,-52
119000001,611,903,-292
119000002,4156,2355,1801
119000003,1267,1843,-576
119000004,1320,1332,-12
119000005,1077,1517,-440
119000006,1075,1365,-290
119000007,2143,2655,-512
119000008,1287,2546,-1259
119000009,4945,2387,2558
119000010,12324,3685,8639
119000011,8310,1685,6625
119000012,8425,2829,5596
119000013,2420,1146,1274
119000014,2275,3413,-1138
119000019,165,186,-21
119000020,784,1331,-547
119000021,2070,1966,104
119000022,3757,1247,2510
119000023,380,179,201
119000024,3008,4454,-1446
119000025,16427,1490,14937
119000026,558,254,304
119000027,1244,347,897
119000028,1630,1186,444
119000029,123,233,-110
119000030,323,1280,-957
119000031,422,750,-328
119000032,2561,2185,376
119000033,1465,1810,-345
119000034,755,1072,-317
119000035,21,441,-420
119000036,631,1404,-773
119000037,620,2939,-2319
119000038,64,1343,-1279
119000039,78,350,-272
119000040,1057,452,605
119000041,878,838,40
119000048,3937,4609,-672
119000049,1147,4435,-3288
119000050,1416,2439,-1023
119000051,1464,920,544
119000052,2409,3018,-609
119000053,1537,1222,315
119000054,1955,4261,-2306
119000055,1635,3641,-2006
119000056,1292,2281,-989
119000057,1040,2893,-1853
119000058,1255,2627,-1372
119000059,795,1696,-901
119000060,850,701,149
119000061,655,863,-208
119000062,759,1281,-522
119000063,159,168,-9
119000064,954,1594,-640
119000065,1686,3583,-1897
119000066,989,955,34
119000067,1424,3032,-1608
119000068,798,1022,-224
119000069,743,3066,-2323
119000070,988,1295,-307
119000071,418,1023,-605
119000072,5936,4083,1853
119000073,3981,5026,-1045
119000074,493,4358,-3865
119000075,476,2629,-2153
119000076,310,1053,-743
119000077,462,508,-46
119000078,170,361,-191
119000079,56,858,-802
119000080,73,347,-274
119000081,121,543,-422
119000082,220,260,-40
119000083,196,346,-150
119000084,190,774,-584
119000085,647,398,249
119000086,135,415,-280
119000087,1382,1087,295
119000088,204,258,-54
119000089,38,104,-66
119000090,195,139,56
119000091,101,210,-109
119000092,790,190,600
119000093,3738,4256,-518
119000094,1430,4684,-3254
119000095,866,3278,-2412
119000097,3635,1737,1898
119000098,472,1203,-731
119000099,1784,1956,-172
119000100,1871,1928,-57
119000101,2285,2903,-618
119000102,656,446,210
119000103,1298,528,770
119000104,3347,1748,1599
119000105,420,702,-282
119000106,172,2770,-2598
119000107,257,498,-241
119000108,131,1637,-1506
119000109,83,426,-343
119000110,430,576,-146
119000111,44,497,-453
119000112,195,179,16
119000113,2419,292,2127
119000114,806,459,347
119000115,189,112,77
119000116,104,90,14
119000117,131,375,-244
119000118,4,2,2
119000123,1843,522,1321
119000124,207,292,-85
119000125,1066,1276,-210
119000126,265,1162,-897
119000127,135,1238,-1103
119000128,47,13,34
119000131,368,1318,-950
119000132,3,7,-4
119000133,0,5,-5
119000134,3564,577,2987
119000135,30,236,-206
119000136,29,417,-388
119000137,43,670,-627
119000138,82,563,-481
119000139,76,410,-334
119000140,111,202,-91
119000284,1685,2580,-895
119000285,3012,2230,782
119000286,7007,5005,2002
119000287,1480,2614,-1134
119000288,1227,2335,-1108
119000289,2280,5023,-2743
119000290,191,574,-383
119000291,4,403,-399
119000293,37,183,-146
119000294,28,21,7
119000295,2277,817,1460
119000296,80,129,-49
119000299,0,0,0
119000302,5487,1431,4056
119000303,10,136,-126
119000314,1504,4803,-3299
119000315,2,891,-889
119000316,27,128,-101
119000317,17,693,-676
119900001,101,509,-408
119900002,28,285,-257
119900003,26,1618,-1592
119900004,374,197,177
119900005,38,167,-129
119900006,67,317,-250
119900007,382,55,327
119900008,14,36,-22
119900009,294,547,-253
119900010,952,1208,-256
119900011,17,17,0
119900012,3,48,-45
119900013,1242,593,649
119900014,571,277,294
119900015,27,15,12
119900016,21,108,-87
119900017,8,26,-18
119900018,966,131,835
119900019,9,7,2
119900020,99,217,-118
119900021,41,64,-23
119900022,52,179,-127
119900023,839,282,557
119900025,39,39,0
119900026,1092,26,1066
119900027,6,13,-7
119900028,74,28,46
119900029,2,8,-6
119900030,545,546,-1
119900031,18,119,-101
119900033,2509,124,2385
119900034,79,180,-101
119900037,26,15,11
119900038,13,104,-91
119900039,41,1,40
119900040,18,5,13
119900041,66,60,6
119900042,28,161,-133
119900043,15,208,-193
119900044,110,241,-131
119900046,36,109,-73
119900047,75,50,25
119900048,8,37,-29
119900049,10,7,3
119900050,31,26,5
119900051,87,6,81
119900052,13,97,-84
119900053,50,229,-179
119900054,28,1,27
119900055,391,200,191
119900057,39,92,-53
119900058,56,0,56
119900059,60,25,35
119900060,130,3,127
119900062,17,41,-24
119900063,5,31,-26
119900065,77,4,73
119900066,1,2,-1
119900067,20,33,-13
119900068,101,4,97
119900069,28,28,0
119900070,141,4,137
119900071,101,5,96
119900073,1919,450,1469
119900074,24,22,2
119900075,6621,1543,5078
119900076,80,495,-415
119900077,170,1968,-1798
119900078,141,932,-791
119900079,50,480,-430
119900080,522,1556,-1034
119900081,57,36,21
119900082,214,142,72
119900083,305,89,216
119900084,388,111,277
119900085,148,42,106
119900087,234,160,74
119900088,45,102,-57
119900089,8,631,-623
119900090,213,105,108
119900091,12,1454,-1442
119900092,131,576,-445
119900093,638,82,556
119900094,10,265,-255
119900095,152,69,83
119900096,29,100,-71
119900097,245,132,113
119900098,18,34,-16
119900099,19,404,-385
119900100,3243,1184,2059
119900101,208,693,-485
119900102,29,496,-467
119900103,24,662,-638
119900104,32,334,-302
119900105,419,1808,-1389
119900106,9,280,-271
119900107,284,4185,-3901
119900108,1780,794,986
119900109,10,293,-283
119900110,298,921,-623
119900111,29,448,-419
119900112,3269,489,2780
119900113,46,660,-614
119900114,119,2340,-2221
119900115,45,1526,-1481
119900116,276,230,46
119900117,88,1477,-1389
119900118,30,1411,-1381
119900119,35,386,-351
119900120,828,1067,-239
119900121,92,1805,-1713
119900122,240,527,-287
119900123,178,225,-47
119900124,37,1373,-1336
119900125,29,521,-492
119900126,7444,278,7166
119900127,2918,971,1947
119900128,161,1322,-1161
119900129,48,1229,-1181
119900130,47,329,-282
119900131,13,536,-523
119900132,2,483,-481
119900133,12,23,-11
119900134,2543,273,2270
119900135,3,707,-704
119900136,160,826,-666
119900138,412,927,-515
119900139,8,80,-72
119900140,4,194,-190
119900141,122,270,-148
119900142,1,33,-32
119900143,6,267,-261
119900144,3214,304,2910
119900145,61,353,-292
119900146,155,137,18
119900147,0,124,-124
119900148,36,41,-5
119900149,2202,1568,634
119900150,160,254,-94
119900151,1723,880,843
119900152,38,604,-566
119900153,55,59,-4
119900154,6,489,-483
119900155,20,35,-15
119900156,4,3,1
119900157,10,402,-392
119900158,51,89,-38
119900159,20,2115,-2095
119900160,7,450,-443
119900161,120,425,-305
119900162,465,529,-64
119900163,147,92,55
119900164,0,0,0
119900165,49,396,-347
119900166,43,37,6
119900167,48,177,-129
119900168,218,414,-196
119900169,127,116,11
119900170,154,169,-15
119900171,416,727,-311
119900172,79,14,65
119900173,4,780,-776
119900174,4,472,-468
119900175,354,618,-264
119900177,13,305,-292
119900178,21,282,-261
119900179,27,160,-133
119900180,449,578,-129
119900181,22,17,5
119900182,3,719,-716
119900183,75,1160,-1085
119900184,3430,520,2910
119900185,8,60,-52
119900186,32,231,-199
119900187,9,864,-855
119900188,13,307,-294
119900189,244,191,53
119900190,48,136,-88
119900191,201,130,71
119900192,11,247,-236
119900193,56,210,-154
119900194,8,43,-35
119900195,16,327,-311
119900196,2712,489,2223
119900197,78,141,-63
119900198,32,549,-517
119900199,140,6,134
119900200,115,683,-568
119900201,359,213,146
119900202,279,52,227
119900203,61,241,-180
119900204,122,332,-210
119900205,120,761,-641
119900206,25,164,-139
119900208,81,111,-30
119900209,180,320,-140
119900210,6,29,-23
119900211,85,14,71
119900212,51,381,-330
119900213,0,32,-32
119900214,10,101,-91
119900215,13,146,-133
119900216,1,111,-110
119900217,6,62,-56
119900218,14,86,-72
119900219,5,163,-158
119900220,4,184,-180
119900221,10,698,-688
119900222,16,495,-479
119900223,8,187,-179
119900224,24,58,-34
119900225,1842,55,1787
119900226,1375,833,542
119900227,2080,485,1595
119900228,20,318,-298
119900229,228,554,-326
119900230,1397,575,822
119900231,39,228,-189
119900232,128,42,86
119900233,10,2,8
119900234,10,30,-20
119900235,13,20,-7
119900236,12,279,-267
119900237,29,623,-594
119900238,0,92,-92
119900240,16,185,-169
119900241,72,325,-253
119900242,2150,820,1330
119900244,686,1065,-379
119900245,40,161,-121
119900246,151,176,-25
119900247,11,47,-36
119900248,25,33,-8
119900249,111,24,87
119900253,4609,292,4317
119900254,12,129,-117
119900255,66,650,-584
119900256,105,2018,-1913
119900257,13,0,13
119900258,33,47,-14
119900259,5,358,-353
119900260,14,0,14
119900261,78,216,-138
119900262,2,406,-404
119900263,877,446,431
119900264,31,358,-327
119900265,93,468,-375
119900266,105,359,-254
119900267,74,651,-577
119900268,52,361,-309
119900269,139,1540,-1401
119900271,36,87,-51
119900272,53,24,29
119900275,48,3,45
119900276,10,1,9
119900277,0,4,-4
119900278,222,30,192
119900279,104,128,-24
119900280,1081,211,870
119900281,0,45,-45
119900282,21,11,10
119900283,6,453,-447
119900284,30,253,-223
119900285,5,30,-25
119900286,2,15,-13
119900288,1,35,-34
119900289,0,22,-22
119900290,2,31,-29
119900291,0,35,-35
119900292,11,6,5
119900293,2,1,1
119900294,4,0,4
119900295,0,0,0
119900296,1,0,1
119900299,25,388,-363
119900300,79,335,-256
119900301,91,18,73
119900302,89,44,45
119900303,152,382,-230
119900304,27,21,6
119900305,29,91,-62
119900306,18,0,18
119900307,11,205,-194
119900308,3,7,-4
119900309,11,24,-13
119900310,205,311,-106
119900311,12,201,-189
119900312,38,82,-44
119900313,109,559,-450
119900314,52,253,-201
119900315,350,3747,-3397
119900318,7,14,-7
119900319,5,497,-492
119900320,146,890,-744
119900321,19,1,18
119900322,60,69,-9
119900323,15,130,-115
119900324,1,61,-60
119900325,32,529,-497
119900326,270,41,229
120000001,8734,6119,2615
120000002,2054,3745,-1691
120000003,3579,2241,1338
120000004,2858,2819,39
120000005,6213,2296,3917
120000006,1483,1473,10
120000007,3392,2352,1040
120000008,1081,1555,-474
120000009,6488,1051,5437
120000010,1083,4086,-3003
120000011,854,2531,-1677
120000012,1489,3746,-2257
120000013,1716,3559,-1843
120000014,339,1967,-1628
120000015,1944,1894,50
120000016,2468,1961,507
120000017,1263,1402,-139
120000018,6063,5760,303
120000019,701,896,-195
120000020,2436,2118,318
120000021,2278,1633,645
120000022,2953,2768,185
120000023,645,1671,-1026
120000024,1294,2309,-1015
120000025,1374,2347,-973
120000026,686,2158,-1472
120000027,1033,1653,-620
120000028,494,307,187
120000029,2911,467,2444
120000030,61,687,-626
120000031,1995,4537,-2542
120000032,12429,3378,9051
120000033,1794,1830,-36
120000034,768,2853,-2085
120000035,963,2771,-1808
120000036,1883,3726,-1843
120000037,399,670,-271
120000038,13656,3451,10205
120000039,378,1081,-703
120000040,26,110,-84
120000041,240,2495,-2255
120000042,1563,6055,-4492
120000043,4151,3168,983
120000044,2263,1171,1092
120000045,2190,970,1220
120000046,1174,1712,-538
120000047,2290,2964,-674
120000048,10192,3078,7114
120000049,1889,2943,-1054
120000050,2014,4654,-2640
120000051,4152,4117,35
120000052,18754,2680,16074
120000053,740,5199,-4459
120000054,1326,8169,-6843
120000055,747,5102,-4355
120000056,3686,5918,-2232
120000057,1864,1147,717
120000058,254,240,14
120000059,90,1205,-1115
120000061,76,796,-720
120000062,208,232,-24
120000063,2220,3986,-1766
120000064,265,2173,-1908
120000065,261,2295,-2034
120000066,88,575,-487
120000067,37,622,-585
120000068,80,1390,-1310
120000069,405,2144,-1739
120000070,21,1435,-1414
120000071,73,204,-131
120000072,165,447,-282
120000073,168,93,75
120000074,129,90,39
120000075,141,184,-43
120000076,457,280,177
120000077,648,324,324
120000078,5015,411,4604
120000079,71,135,-64
120000080,29,93,-64
120000081,155,90,65
120000082,117,129,-12
120000083,26,157,-131
120000084,418,775,-357
120000085,387,624,-237
120000086,154,1001,-847
120000087,114,1681,-1567
120000088,534,1447,-913
120000089,716,454,262
120000090,267,452,-185
120000091,344,885,-541
120000092,629,521,108
120000093,148,462,-314
120000094,65,339,-274
120000095,444,872,-428
120000096,183,1579,-1396
120000098,568,1276,-708
120000099,170,850,-680
120000100,454,1149,-695
120000101,290,592,-302
120000102,309,299,10
120000103,427,249,178
120000104,704,200,504
120000105,806,248,558
120000106,777,278,499
120000107,1030,389,641
120000108,292,104,188
120000109,498,49,449
120000110,80,1057,-977
120000111,101,1645,-1544
120000112,490,5667,-5177
120000113,413,3702,-3289
120000114,293,2867,-2574
120000115,234,2672,-2438
120000116,415,2317,-1902
120000117,1266,1948,-682
120000118,14,11,3
120000119,35,31,4
120000120,26,21,5
120000121,20,32,-12
120000122,154,248,-94
120000123,8044,1793,6251
120000124,204,512,-308
120000125,193,817,-624
120000126,147,537,-390
120000127,1055,423,632
120000128,2291,1514,777
120000129,163,227,-64
120000130,504,688,-184
120000131,161,410,-249
120000134,298,1771,-1473
120000135,79,372,-293
120000137,85,3000,-2915
120000138,175,726,-551
120000139,65,1555,-1490
120000140,145,871,-726
120000141,71,677,-606
120000142,103,687,-584
120000143,0,174,-174
120000144,20,3,17
120000145,87,2,85
120000146,2006,540,1466
120000149,434,1064,-630
120000150,7082,6737,345
120000151,386,393,-7
120000152,156,373,-217
120000153,78,879,-801
120000154,324,438,-114
120000155,87,153,-66
120000156,1803,339,1464
120000157,778,649,129
120000158,533,1093,-560
120000159,1954,2647,-693
120000160,1805,1225,580
120000161,748,2932,-2184
120000162,26,222,-196
120000163,175,1749,-1574
120000164,170,604,-434
120000165,170,1175,-1005
120000166,333,661,-328
120000167,11,21,-10
120000168,5,78,-73
120000169,105,146,-41
120000170,142,77,65
120000171,16,24,-8
120000172,15,14,1
120000173,1745,64,1681
120000174,378,5,373
120000175,440,9,431
120000176,152,79,73
120000177,1222,474,748
120000178,65,4,61
120000179,274,11,263
120000180,448,28,420
120000181,133,62,71
120000182,86,49,37
120000183,2,128,-126
120000184,88,1849,-1761
120000186,32,55,-23
120000187,49,25,24
120000188,147,20,127
120000190,733,5,728
120000191,1362,4,1358
120000192,2026,4,2022
120000193,853,5,848
120000195,72,4,68
120000196,337,40,297
120000197,92,107,-15
120000198,52,253,-201
120000199,30,0,30
120000200,27,1,26
120000201,13,7,6
120000202,5,75,-70
120000203,9,550,-541
120000207,3,149,-146
120000208,11,437,-426
120000209,4,204,-200
120000210,225,97,128
120000211,24,1,23
120000212,19,0,19
120000213,38,482,-444
120000214,0,600,-600
120000215,4,179,-175
120000216,33,4,29
120000217,992,1799,-807
120000218,306,1811,-1505
120000219,10,1123,-1113
120000220,17,3994,-3977
120000225,484,1,483
120000226,152,0,152
120000227,670,13,657
120000228,10025,1510,8515
120000230,87,3,84
120000231,321,3294,-2973
120000233,59,9,50
120000235,79,791,-712
120000236,409,19,390
120000237,4,3018,-3014
120000238,1,61,-60
120000241,963,2232,-1269
120000412,2153,17,2136
120000413,94,592,-498
120000414,22,3,19
120000415,0,248,-248
120000416,21,25,-4
120000417,4,100,-96
120000418,30,12,18
120000419,10,649,-639
120000420,50,41,9
120000421,20010,6940,13070
120000422,352,352,0
120000423,4,64,-60
120000424,40,294,-254
120000436,59,254,-195
120000437,185,202,-17
120000438,5967,404,5563
120000439,95,240,-145
120000443,98,0,98
120000444,332,578,-246
120000445,1238,1031,207
120000446,991,279,712
120000447,116,20,96
120000449,22,10,12
120000450,6,556,-550
120000451,44,216,-172
120000452,56,1,55
120000453,0,409,-409
120000454,52,20,32
120000455,27,52,-25
120000456,3909,2116,1793
120000457,1543,1140,403
120000458,444,784,-340
120000459,46,60,-14
120000665,1272,153,1119
120000668,62,83,-21
120000669,37,502,-465
120000670,278,450,-172
120000671,276,209,67
120000672,76,541,-465
120900001,47,21,26
120900002,89,247,-158
120900003,139,32,107
120900004,6,30,-24
120900005,16,2116,-2100
120900006,68,164,-96
120900007,39,211,-172
120900008,108,1223,-1115
120900009,173,72,101
120900010,154,51,103
120900011,300,66,234
120900012,1345,459,886
120900013,86,22,64
120900014,7,1137,-1130
120900015,125,57,68
120900016,230,60,170
120900017,4202,117,4085
120900018,34,568,-534
120900019,315,75,240
120900020,463,313,150
120900021,206,26,180
120900022,18,544,-526
120900023,48,32,16
120900024,1478,480,998
120900025,2433,697,1736
120900026,19,137,-118
120900027,431,105,326
120900028,76,27,49
120900029,34,170,-136
120900030,456,324,132
120900031,61,22,39
120900032,239,209,30
120900033,256,33,223
120900034,41,1393,-1352
120900035,27,80,-53
120900037,24,2,22
120900038,21,80,-59
120900039,27,14,13
120900040,82,0,82
120900041,137,41,96
120900042,83,68,15
120900043,15,6,9
120900044,8,448,-440
120900045,90,194,-104
120900046,117,16,101
120900047,72,20,52
120900048,40,10,30
120900049,77,1,76
120900050,5150,573,4577
120900051,102,135,-33
120900052,114,4,110
120900053,90,121,-31
120900054,1097,977,120
120900055,80,7,73
120900056,129,6,123
120900057,40,6,34
120900058,112,0,112
120900059,28,0,28
120900060,17,61,-44
120900061,180,390,-210
120900062,63,0,63
120900063,150,0,150
120900064,113,0,113
120900065,76,0,76
120900066,41,429,-388
120900067,102,22,80
120900068,80,0,80
120900069,69,105,-36
120900071,1,3,-2
120900072,160,0,160
120900073,113,373,-260
120900074,176,1,175
120900076,92,0,92
120900077,4492,187,4305
120900078,257,978,-721
120900079,174,99,75
120900080,152,3281,-3129
120900081,220,1750,-1530
120900082,610,215,395
120900083,26,7,19
120900084,90,141,-51
120900085,112,66,46
120900086,196,132,64
120900087,174,42,132
120900088,155,167,-12
120900089,6272,931,5341
120900090,30,225,-195
120900091,281,162,119
120900092,494,1060,-566
120900093,6121,339,5782
120900094,471,253,218
120900095,104,12,92
120900096,31,128,-97
120900097,562,1907,-1345
120900098,236,250,-14
120900099,32,91,-59
120900100,46,578,-532
120900101,264,498,-234
120900102,8,90,-82
120900103,15,165,-150
120900104,46,54,-8
120900105,27,1294,-1267
120900106,1330,763,567
120900107,546,293,253
120900108,5,1419,-1414
120900109,26,1032,-1006
120900110,3,536,-533
120900111,130,462,-332
120900112,2,1918,-1916
120900113,11,1238,-1227
120900114,33,397,-364
120900115,128,87,41
120900116,66,843,-777
120900117,0,766,-766
120900118,3,1303,-1300
120900119,5351,2942,2409
120900120,23,1066,-1043
120900121,64,495,-431
120900122,66,916,-850
120900123,2,755,-753
120900124,1,964,-963
120900125,1,1394,-1393
120900126,904,902,2
120900127,7,826,-819
120900128,926,1024,-98
120900129,40,667,-627
120900130,1,390,-389
120900131,11,91,-80
120900132,198,408,-210
120900133,176,1799,-1623
120900134,289,655,-366
120900135,8,970,-962
120900136,26,17,9
120900137,75,98,-23
120900138,17,355,-338
120900139,11,1266,-1255
120900140,2,72,-70
120900141,29,102,-73
120900142,8,1181,-1173
120900143,3,1530,-1527
120900144,0,327,-327
120900145,27,1195,-1168
120900146,4,1486,-1482
120900147,1,327,-326
120900148,46,70,-24
120900149,1,561,-560
120900150,32,635,-603
120900151,1,914,-913
120900152,0,74,-74
120900153,6,89,-83
120900154,1,384,-383
120900155,63,1468,-1405
120900156,8,504,-496
120900157,10,345,-335
120900158,8,730,-722
120900159,26,763,-737
120900160,21,420,-399
120900161,8,1636,-1628
120900162,10,1828,-1818
120900163,7,95,-88
120900164,10,1,9
120900165,11,2,9
120900166,40,88,-48
120900167,93,75,18
120900169,29,700,-671
120900170,3180,1026,2154
120900171,1459,371,1088
120900172,1643,78,1565
120900173,0,60,-60
120900174,4,115,-111
120900175,441,272,169
120900176,6,133,-127
120900177,0,270,-270
120900178,1,162,-161
120900179,561,466,95
120900180,83,49,34
120900181,26,74,-48
120900182,23,319,-296
120900183,504,96,408
120900184,146,87,59
120900185,3,542,-539
120900186,1,596,-595
120900187,134,467,-333
120900188,39,8,31
120900189,85,233,-148
120900190,12,19,-7
120900191,0,18,-18
120900192,19266,1664,17602
120900194,13,114,-101
120900195,88,435,-347
120900196,351,62,289
120900197,218,42,176
120900198,169,893,-724
120900199,184,143,41
120900200,93,78,15
120900201,719,274,445
120900202,2,311,-309
120900203,8,29,-21
120900204,300,507,-207
120900205,55,107,-52
120900206,20,8,12
120900207,62,1637,-1575
121000001,964,1265,-301
121000002,1484,935,549
121000003,5106,2192,2914
121000004,2503,2242,261
121000005,2131,2833,-702
121000006,2735,1118,1617
121000007,3256,3172,84
121000008,4474,2725,1749
121000009,12307,4936,7371
121000010,13512,3340,10172
121000011,18471,8814,9657
121000012,25298,6610,18688
121000013,6215,5770,445
121000014,7953,5964,1989
121000015,4522,5612,-1090
121000016,4731,3516,1215
121000017,1541,4379,-2838
121000018,1803,1859,-56
121000019,20130,8181,11949
121000020,12411,6423,5988
121000021,2680,4004,-1324
121000022,1287,1378,-91
121000023,5008,4447,561
121000024,2466,3058,-592
121000025,861,732,129
121000026,183,115,68
121000027,1597,888,709
121000028,673,512,161
121000029,726,862,-136
121000030,358,344,14
121000031,355,789,-434
121000032,127,81,46
121000034,186,92,94
121000035,52,53,-1
121000036,717,883,-166
121000037,344,604,-260
121000038,668,526,142
121000039,302,706,-404
121000041,321,873,-552
121000042,156,292,-136
121000043,1167,703,464
121000044,2581,651,1930
121000045,286,390,-104
121000046,186,740,-554
121000047,18,161,-143
121000049,2223,1016,1207
121000050,281,965,-684
121000051,516,553,-37
121000052,201,575,-374
121000053,319,47,272
121000054,29,166,-137
121000055,2049,967,1082
121000056,805,1059,-254
121000057,105,359,-254
121000058,473,105,368
121000059,1906,906,1000
121000060,432,559,-127
121000061,45,104,-59
121000062,86,165,-79
121000063,573,485,88
121000064,295,547,-252
121000065,370,412,-42
121000066,523,550,-27
121000067,947,249,698
121000068,455,465,-10
121000069,1202,140,1062
121000070,1525,1721,-196
121000071,727,707,20
121000072,1180,1177,3
121000073,606,685,-79
121000074,92,99,-7
121000075,76,32,44
121000076,1780,275,1505
121000077,125,61,64
121000078,128,84,44
121000080,2966,744,2222
121000081,2690,1305,1385
121000082,129,276,-147
121000083,335,117,218
121000084,182,79,103
121000085,586,583,3
121000086,169,927,-758
121000087,119,318,-199
121000088,336,701,-365
121000089,594,242,352
121000090,422,354,68
121000091,2691,526,2165
121000092,109,92,17
121000093,167,265,-98
121000094,431,362,69
121000095,272,623,-351
121000096,2995,2031,964
121000097,2164,1468,696
121000098,237,1620,-1383
121000099,245,1014,-769
121000100,228,972,-744
121000101,88,330,-242
121000102,44,710,-666
121000103,61,332,-271
121000104,53,286,-233
121000105,184,487,-303
121000106,106,393,-287
121000107,2369,4578,-2209
121000109,1739,1093,646
121000110,299,309,-10
121000114,2367,2134,233
121000115,911,721,190
121000116,590,632,-42
121000117,1296,250,1046
121000118,992,379,613
121000119,134,497,-363
121000120,168,594,-426
121000121,560,1074,-514
121000123,2146,961,1185
121000126,103,294,-191
121000127,151,112,39
121000128,310,746,-436
121000129,200,521,-321
121000130,267,1290,-1023
121000131,2149,871,1278
121000132,994,968,26
121000135,663,479,184
121000136,1136,516,620
121000137,505,114,391
121000138,688,431,257
121000139,508,66,442
121000141,167,101,66
121000142,1224,521,703
121000143,168,11,157
121000144,993,988,5
121000145,233,1489,-1256
121000146,604,704,-100
121000147,452,438,14
121000148,547,1144,-597
121000149,1319,1106,213
121000152,273,797,-524
121000153,1983,595,1388
121000154,606,536,70
121000155,852,855,-3
121000156,398,691,-293
121000157,1692,2007,-315
121000158,304,621,-317
121000159,130,767,-637
121000160,281,886,-605
121000161,65,409,-344
121000162,30,366,-336
121000165,2079,1403,676
121000166,53,269,-216
121000168,115,235,-120
121000169,24,217,-193
121000170,127,68,59
121000171,26,162,-136
121000172,312,383,-71
121000173,1217,649,568
121000174,140,349,-209
121000175,405,491,-86
121000176,332,250,82
121000177,504,636,-132
121000178,74,80,-6
121000179,96,72,24
121000181,363,339,24
121000182,49,155,-106
121000183,29,65,-36
121000184,49,41,8
121000185,12,121,-109
121000186,105,257,-152
121000187,107,348,-241
121000188,53,360,-307
121000192,417,400,17
121000193,428,356,72
121000194,2557,2238,319
121000195,458,1000,-542
121000196,547,211,336
121000197,110,869,-759
121000198,88,49,39
121000199,54,644,-590
121000200,126,65,61
121000201,3,222,-219
121000202,153,71,82
121000203,367,3116,-2749
121000204,711,592,119
121000205,104,355,-251
121000206,123,59,64
121000207,602,483,119
121000208,9,626,-617
121000209,104,665,-561
121000210,116,600,-484
121000211,58,144,-86
121000212,194,908,-714
121000213,9880,2402,7478
121000214,777,970,-193
121000215,1563,780,783
121000216,396,422,-26
121000217,3652,1780,1872
121000218,430,1950,-1520
121000219,880,300,580
121000220,295,71,224
121000221,99,248,-149
121000222,2296,2473,-177
121000223,404,263,141
121000224,343,96,247
121000225,981,693,288
121000226,1350,399,951
121000227,17,251,-234
121000228,6,941,-935
121000229,62,600,-538
121000230,61,2171,-2110
121000231,165,6,159
121000232,392,128,264
121000233,285,343,-58
121000234,2,14,-12
121000235,10,15,-5
121000236,0,45,-45
121000237,3,6,-3
121000238,2,88,-86
121000239,5,4,1
121000240,3,182,-179
121000241,57,11,46
121000242,11,109,-98
121000243,62,19,43
121000244,4,89,-85
121000245,4,23,-19
121000246,3,73,-70
121000247,11,3,8
121000248,239,355,-116
121000249,37,235,-198
121000250,113,82,31
121000251,7,678,-671
121000252,23,16,7
121000253,142,766,-624
121000254,233,243,-10
121000255,165,108,57
121000256,162,145,17
121000257,16,78,-62
121000258,23,37,-14
121000259,10,23,-13
121000260,22,158,-136
121000261,3,39,-36
121000262,1647,533,1114
121000263,256,499,-243
121000271,235,1757,-1522
121000273,42,4,38
121000274,0,40,-40
121000275,2,24,-22
121000276,1,8,-7
121000278,22,81,-59
121000279,28,21,7
121000280,15,41,-26
121000289,45,21,24
121000290,979,675,304
121000294,37,317,-280
121000297,792,668,124
121000299,122,182,-60
121000300,779,404,375
121000302,74,477,-403
121000303,441,337,104
121000304,329,50,279
121000305,82,43,39
121000306,32,116,-84
121000308,115,270,-155
121000309,342,597,-255
121000310,25,495,-470
121000311,79,733,-654
121000312,364,186,178
121000313,605,584,21
121000314,93,72,21
121000315,35,74,-39
121000530,635,1441,-806
121000531,823,1372,-549
121000532,5219,3548,1671
121000533,2170,2209,-39
121000918,12,261,-249
121000919,9,57,-48
121000938,257,140,117
121000939,323,75,248
121000956,310,1364,-1054
121000957,1,10,-9
121000958,14,41,-27
121000959,175,1434,-1259
121000960,611,2861,-2250
121000961,171,32,139
121000962,204,671,-467
121000973,3,228,-225
121000976,10,164,-154
121000979,147,54,93
121000981,202,31,171
121000982,138,258,-120
121000983,141,536,-395
121000984,25,43,-18
121000985,166,810,-644
121000986,28,642,-614
121000987,96,1723,-1627
121000988,304,138,166
121001302,361,89,272
121001308,3,5,-2
121001309,49,41,8
121001311,0,0,0
121001313,89,522,-433
121001314,5021,4236,785
121001315,4056,1703,2353
121001318,0,0,0
121900001,72,188,-116
121900002,23,31,-8
121900003,238,11,227
121900004,59,423,-364
121900005,38,35,3
121900006,60,29,31
121900007,1836,1900,-64
121900008,2863,102,2761
121900009,391,9,382
121900010,274,3,271
121900011,342,552,-210
121900012,1,0,1
121900013,572,10,562
121900014,917,359,558
121900015,75,168,-93
121900016,9,36,-27
121900017,216,471,-255
121900018,239,6,233
121900019,111,228,-117
121900020,31,0,31
121900021,517,5,512
121900022,214,144,70
121900023,23,359,-336
121900024,360,46,314
121900025,303,222,81
121900026,145,23,122
121900027,154,100,54
121900028,107,2,105
121900029,67,148,-81
121900030,436,367,69
121900031,795,1895,-1100
121900032,62,52,10
121900033,90,93,-3
121900034,163,62,101
121900035,2568,1215,1353
121900036,51,318,-267
121900037,100,682,-582
121900038,14,126,-112
121900039,202,19,183
121900040,17,68,-51
121900041,43,105,-62
121900042,168,110,58
121900043,1,2,-1
121900044,363,26,337
121900046,194,77,117
121900047,148,21,127
121900048,16,141,-125
121900050,7,27,-20
121900051,49,133,-84
121900052,53,35,18
121900053,162,144,18
121900054,453,717,-264
121900055,0,10,-10
121900058,47,253,-206
121900059,171,96,75
121900060,42,238,-196
121900061,114,121,-7
121900062,60,36,24
121900063,288,214,74
121900064,52,805,-753
121900066,12,14,-2
121900067,0,5,-5
121900069,233,164,69
121900070,125,85,40
121900071,48,219,-171
121900072,33,136,-103
121900073,204,156,48
121900074,468,325,143
121900075,225,133,92
121900076,137,775,-638
121900077,0,20,-20
121900078,13,30,-17
121900079,0,0,0
121900080,442,472,-30
121900082,24,98,-74
121900084,6,297,-291
121900085,0,24,-24
121900086,5,45,-40
121900087,127,78,49
121900088,3356,1600,1756
121900089,43,483,-440
121900090,2,122,-120
121900091,7,122,-115
121900092,46,67,-21
121900093,24,86,-62
121900094,16,10,6
121900095,124,92,32
121900096,1572,375,1197
121900097,88,126,-38
121900098,0,0,0
121900099,35,60,-25
121900100,54,112,-58
121900101,59,77,-18
121900102,3,98,-95
121900103,443,154,289
121900104,543,189,354
121900105,38,55,-17
121900106,1,3,-2
121900107,5,38,-33
121900108,0,0,0
121900109,238,93,145
121900110,118,1330,-1212
121900111,733,76,657
121900112,90,90,0
121900113,19,127,-108
121900114,1,0,1
121900117,30,20,10
121900118,2509,255,2254
121900119,49,146,-97
121900120,17,1234,-1217
121900121,511,69,442
121900122,3,20,-17
121900123,168,297,-129
121900124,102,243,-141
121900125,877,918,-41
121900127,8,58,-50
121900128,27,167,-140
121900129,1654,90,1564
121900130,61,275,-214
121900131,89,114,-25
121900132,14,153,-139
121900133,45,55,-10
121900134,6,134,-128
121900135,2390,310,2080
121900136,50,492,-442
121900137,35,268,-233
121900138,45,189,-144
121900139,349,405,-56
121900140,25,175,-150
121900141,14,14,0
121900142,17,110,-93
121900143,6,149,-143
121900144,256,351,-95
121900145,100,122,-22
121900146,382,721,-339
121900147,60,223,-163
121900148,73,237,-164
121900149,134,790,-656
121900150,34,210,-176
121900151,28,208,-180
121900152,50,150,-100
121900153,53,458,-405
121900154,10,110,-100
121900155,0,81,-81
121900156,104,120,-16
121900157,3,431,-428
121900158,38,100,-62
121900159,2,202,-200
121900160,20,216,-196
121900161,469,234,235
121900162,85,82,3
121900163,46,853,-807
121900164,227,207,20
121900165,59,222,-163
121900166,54,187,-133
121900167,57,51,6
121900168,179,112,67
121900169,7,346,-339
121900170,1,143,-142
121900171,378,374,4
121900172,180,271,-91
121900173,658,154,504
121900174,9,33,-24
121900175,40,191,-151
121900176,338,1736,-1398
121900177,128,39,89
121900178,11,100,-89
121900179,197,67,130
121900180,6831,2278,4553
121900182,250,268,-18
121900183,307,262,45
121900184,35,651,-616
121900186,5,351,-346
121900187,9,99,-90
121900188,574,203,371
121900189,28,151,-123
121900190,143,397,-254
121900191,39,105,-66
121900192,560,482,78
121900193,25,261,-236
121900194,2,141,-139
121900195,126,92,34
121900196,490,692,-202
121900197,307,2244,-1937
121900198,1054,909,145
121900199,0,35,-35
121900200,62,169,-107
121900201,993,531,462
121900202,72,256,-184
121900203,311,541,-230
121900204,1004,557,447
121900205,3,131,-128
121900206,4,6,-2
121900207,152,19,133
121900208,99,209,-110
121900209,45,23,22
121900210,757,834,-77
121900211,115,242,-127
121900212,84,104,-20
121900213,23,121,-98
121900214,2,335,-333
121900215,38,105,-67
121900216,11,34,-23
121900217,164,43,121
121900218,181,301,-120
121900220,173,2,171
121900221,159,485,-326
121900222,17,173,-156
121900223,50,58,-8
121900224,20,56,-36
121900225,31,39,-8
121900226,159,1585,-1426
121900227,71,266,-195
121900228,204,196,8
121900230,66,61,5
121900231,569,188,381
121900232,221,288,-67
121900233,280,268,12
121900234,95,413,-318
121900235,103,306,-203
121900236,116,107,9
121900237,112,207,-95
121900238,116,135,-19
121900239,94,37,57
121900240,125,167,-42
121900241,3,67,-64
121900242,0,1,-1
121900243,3,1,2
121900244,0,0,0
121900245,108,139,-31
121900246,924,430,494
121900247,214,302,-88
121900248,1079,448,631
121900250,161,148,13
121900251,200,12,188
121900252,844,126,718
121900253,77,871,-794
121900254,513,286,227
121900255,56,53,3
121900258,1808,990,818
121900259,368,341,27
121900260,36,164,-128
121900261,100,356,-256
121900262,358,459,-101
121900263,65,230,-165
121900264,2498,1048,1450
121900265,172,359,-187
121900266,97,227,-130
121900267,22,11,11
121900269,122,218,-96
121900270,13,122,-109
121900271,11,180,-169
121900273,401,800,-399
121900274,83,210,-127
121900277,183,1602,-1419
121900278,25,774,-749
121900279,112,316,-204
121900280,81,218,-137
121900281,737,58,679
121900284,58,2,56
121900286,46,239,-193
121900287,8,11,-3
121900288,2,0,2
121900290,123,183,-60
121900291,363,437,-74
121900292,118,75,43
121900293,812,3219,-2407
121900294,208,1,207
121900295,40,288,-248
121900296,17,19,-2
121900298,123,247,-124
121900299,0,0,0
121900300,5,0,5
121900301,64,0,64
121900302,0,38,-38
121900303,102,407,-305
121900304,1,2,-1
121900305,0,2,-2
121900306,23,0,23
121900307,10,39,-29
121900308,13,431,-418
121900309,5,275,-270
121900310,23,624,-601
121900311,76,9,67
121900312,59,9,50
121900313,148,14,134
121900314,3,65,-62
121900315,0,0,0
121900316,0,6,-6
121900317,0,0,0
121900318,1,14,-13
121900319,3,20,-17
121900320,39,94,-55
121900321,2,1,1
121900322,0,35,-35
121900323,8,8,0
121900324,4,37,-33
121900325,1,0,1
121900326,0,21,-21
121900327,5,33,-28
121900328,0,24,-24
121900329,1,224,-223
121900330,0,35,-35
121900331,59,9,50
121900332,34,15,19
121900333,10,2,8
121900334,34,32,2
122000001,2272,2625,-353
122000002,4821,1352,3469
122000003,2128,1234,894
122000004,2930,1002,1928
122000005,2424,694,1730
122000006,2227,328,1899
122000007,1107,742,365
122000008,6185,2827,3358
122000009,744,185,559
122000010,2222,2379,-157
122000011,3490,709,2781
122000012,1010,880,130
122000013,1626,921,705
122000014,1121,1410,-289
122000015,1080,838,242
122000016,302,710,-408
122000017,970,934,36
122000018,958,940,18
122000019,580,1460,-880
122000020,139,148,-9
122000021,761,348,413
122000022,1175,1508,-333
122000023,425,2863,-2438
122000024,1037,823,214
122000025,1320,870,450
122000026,1991,621,1370
122000027,572,3746,-3174
122000028,656,279,377
122000029,320,209,111
122000030,288,86,202
122000031,105,151,-46
122000032,990,2099,-1109
122000033,744,533,211
122000034,557,419,138
122000035,332,518,-186
122000036,317,607,-290
122000037,226,251,-25
122000038,171,341,-170
122000039,468,423,45
122000040,380,190,190
122000041,348,447,-99
122000042,140,306,-166
122000043,82,93,-11
122000044,102,120,-18
122000045,1019,493,526
122000046,477,851,-374
122000047,256,180,76
122000048,2647,2866,-219
122000049,4502,2167,2335
122000050,1303,474,829
122000051,305,219,86
122000052,399,140,259
122000053,104,309,-205
122000054,1715,1698,17
122000055,2060,1774,286
122000056,3898,2560,1338
122000057,3087,1873,1214
122000058,3827,1041,2786
122000059,3376,1175,2201
122000060,1094,497,597
122000061,762,171,591
122000062,1197,239,958
122000063,708,353,355
122000064,3063,2563,500
122000065,5705,2703,3002
122000066,1160,1126,34
122000067,1169,1064,105
122000068,653,1183,-530
122000069,540,914,-374
122000070,401,2481,-2080
122000071,788,1487,-699
122000072,228,304,-76
122000073,249,292,-43
122000074,1252,1361,-109
122000075,343,1062,-719
122000076,1151,1036,115
122000077,1024,508,516
122000078,2521,1536,985
122000079,889,606,283
122000080,488,271,217
122000081,124,139,-15
122000082,1258,696,562
122000083,798,3101,-2303
122000084,589,654,-65
122000085,200,2067,-1867
122000086,2055,2848,-793
122000087,422,124,298
122000088,377,142,235
122000089,6034,3422,2612
122000090,253,334,-81
122000091,249,76,173
122000092,74,7,67
122000093,1370,975,395
122000094,7330,1496,5834
122000095,3466,1058,2408
122000096,2824,962,1862
122000098,2919,1250,1669
122000099,1787,691,1096
122000100,1309,635,674
122000101,200,1320,-1120
122000102,1419,1218,201
122000103,866,1372,-506
122000104,191,164,27
122000105,158,256,-98
122000106,578,361,217
122000107,599,431,168
122000108,304,867,-563
122000109,159,203,-44
122000110,249,435,-186
122000111,2800,1248,1552
122000112,479,1375,-896
122000113,346,760,-414
122000114,2435,1353,1082
122000115,1795,904,891
122000116,457,788,-331
122000117,910,396,514
122000118,361,659,-298
122000119,3340,1713,1627
122000120,7090,2669,4421
122000121,9158,2432,6726
122000122,1125,1731,-606
122000123,5320,1363,3957
122000124,1513,541,972
122000125,499,630,-131
122000126,982,699,283
122000127,3205,989,2216
122000128,1040,1475,-435
122000129,256,390,-134
122000130,3612,380,3232
122000131,4320,425,3895
122000132,1715,563,1152
122000133,1166,2580,-1414
122000134,401,508,-107
122000135,795,1399,-604
122000136,311,176,135
122000137,756,538,218
122000139,1290,3200,-1910
122000140,1031,368,663
122000141,6492,860,5632
122000142,409,577,-168
122000143,1197,226,971
122000144,4074,911,3163
122000145,1727,886,841
122000146,883,801,82
122000147,1146,473,673
122000148,2296,1398,898
122000149,2673,1199,1474
122000150,1801,1062,739
122000151,489,303,186
122000152,662,277,385
122000153,824,277,547
122000154,544,216,328
122000155,2530,2154,376
122000156,2448,1779,669
122000157,1664,1235,429
122000158,289,543,-254
122000159,2821,1813,1008
122000160,12333,666,11667
122000161,2346,803,1543
122000162,2305,1961,344
122000163,371,55,316
122000164,27,63,-36
122000165,888,762,126
122000166,826,707,119
122000167,127,247,-120
122000168,157,397,-240
122000169,331,173,158
122000170,147,253,-106
122000171,27,69,-42
122000172,1420,1502,-82
122000173,1422,1851,-429
122000174,1406,817,589
122000175,1058,397,661
122000176,255,529,-274
122000177,1538,1332,206
122000178,2940,1717,1223
122000179,2010,2163,-153
122000180,1769,851,918
122000181,3017,1829,1188
122000182,3843,700,3143
122000183,2122,894,1228
122000184,4834,1406,3428
122000185,1470,1110,360
122000186,553,625,-72
122000187,1083,2088,-1005
122000188,662,216,446
122000189,277,269,8
122000190,907,1380,-473
122000191,1042,417,625
122000192,786,340,446
122000193,266,609,-343
122000194,458,196,262
122000195,100,364,-264
122000196,761,523,238
122000197,412,706,-294
122000198,437,1038,-601
122000199,314,297,17
122000200,964,370,594
122000201,1373,1750,-377
122000202,744,1188,-444
122000203,3707,1473,2234
122000204,1906,1750,156
122000205,1468,898,570
122000206,2375,1143,1232
122000207,1238,1906,-668
122000208,1457,1990,-533
122000209,1726,332,1394
122000210,1015,2349,-1334
122000211,877,1502,-625
122000212,435,548,-113
122000213,779,1162,-383
122000214,1487,2058,-571
122000215,1450,1370,80
122000217,1692,1446,246
122000218,360,51,309
122000219,1581,1370,211
122000220,293,1081,-788
122000221,94,390,-296
122000222,522,60,462
122000223,712,645,67
122000225,527,565,-38
122000226,953,2085,-1132
122000227,296,1661,-1365
122000228,357,569,-212
122000229,23,425,-402
122000230,63,1208,-1145
122000231,177,835,-658
122000232,468,1055,-587
122000233,0,154,-154
122000234,55,240,-185
122000235,200,298,-98
122000236,330,283,47
122000237,27,74,-47
122000238,66,119,-53
122000239,286,92,194
122000240,679,313,366
122000241,486,348,138
122000242,304,129,175
122000243,125,68,57
122000244,41,734,-693
122000245,58,595,-537
122000246,131,139,-8
122000247,715,1763,-1048
122000248,1717,3469,-1752
122000249,258,521,-263
122000250,1508,442,1066
122000251,236,310,-74
122000252,538,72,466
122000253,20,411,-391
122000254,87,65,22
122000255,534,2879,-2345
122000256,367,1806,-1439
122000257,66,528,-462
122000258,46,243,-197
122000259,19,870,-851
122000260,3,146,-143
122000261,6,180,-174
122000262,1,75,-74
122000263,59,144,-85
122000264,355,493,-138
122000265,1361,677,684
122000266,3290,551,2739
122000267,47,167,-120
122000268,37,540,-503
122000269,310,243,67
122000270,354,106,248
122000271,306,1173,-867
122000272,239,1343,-1104
122000273,216,545,-329
122000274,56,213,-157
122000275,29,177,-148
122000276,194,600,-406
122000277,517,1111,-594
122000278,468,1260,-792
122000279,89,1006,-917
122000280,567,1179,-612
122000281,469,956,-487
122000282,62,242,-180
122000283,250,56,194
122000284,92,123,-31
122000285,212,133,79
122000286,83,220,-137
122000287,512,1197,-685
122000288,180,225,-45
122000291,490,347,143
122000293,339,705,-366
122000294,51,113,-62
122000295,900,178,722
122000296,51,473,-422
122000297,3407,1625,1782
122000299,236,455,-219
122000300,320,473,-153
122000301,16000,2103,13897
122000302,1209,479,730
122000303,4464,1151,3313
122000304,9,146,-137
122000305,688,323,365
122000306,24,959,-935
122000307,59,136,-77
122000309,19,43,-24
122000310,3,12,-9
122000311,30,46,-16
122000312,42,25,17
122000313,4,24,-20
122000314,49,166,-117
122000315,68,16,52
122000316,166,162,4
122000317,486,151,335
122000318,94,291,-197
122000319,255,598,-343
122000320,206,2454,-2248
122000321,32,352,-320
122000322,2795,1679,1116
122000323,1688,999,689
122000324,1296,1100,196
122000325,823,858,-35
122000326,6,155,-149
122000327,177,405,-228
122000328,2677,1496,1181
122000330,2070,597,1473
122000332,145,324,-179
122000333,12,190,-178
122000337,373,3771,-3398
122000338,131,696,-565
122000340,296,206,90
122000342,3004,1427,1577
122000343,340,2253,-1913
122000344,18,21,-3
122000345,12,54,-42
122000346,297,785,-488
122000348,367,843,-476
122000349,197,979,-782
122000351,67,239,-172
122000352,417,71,346
122000353,34,131,-97
122000355,143,93,50
122000356,1301,724,577
122000357,29,11,18
122000358,0,134,-134
122000359,0,67,-67
122000360,0,87,-87
122000362,9,142,-133
122000364,82,618,-536
122000365,0,15,-15
122000366,3,8,-5
122000368,411,947,-536
122000370,8,122,-114
122000371,2,0,2
122000372,6,0,6
122000381,33,401,-368
122000382,46,341,-295
122000384,4038,1834,2204
122000385,14,1,13
122000386,309,650,-341
122000387,359,588,-229
122000388,1624,329,1295
122000389,186,825,-639
122000390,312,289,23
122000391,156,73,83
122000392,157,343,-186
122000393,12,257,-245
122000394,185,324,-139
122000395,62,204,-142
122000396,148,134,14
122000397,25,181,-156
122000398,11,37,-26
122000399,27,122,-95
122000400,176,346,-170
122000401,96,161,-65
122000402,76,70,6
122000403,190,1442,-1252
122000404,79,224,-145
122000408,645,1037,-392
122000503,2,63,-61
122000524,181,96,85
122000544,10,870,-860
122000616,933,5,928
122000640,36,247,-211
122000641,22,622,-600
122000642,828,1570,-742
122000643,9,77,-68
122000644,153,30,123
122000645,89,119,-30
122000651,1341,513,828
122000664,122,41,81
122000665,872,597,275
122000666,441,1433,-992
122000673,9,437,-428
122000674,44,48,-4
122000675,908,1395,-487
122000686,162,1439,-1277
122000687,305,429,-124
122000688,133,1072,-939
122000689,256,650,-394
122000690,291,790,-499
122000691,243,3066,-2823
122000692,621,440,181
122000693,463,2172,-1709
122000695,101,655,-554
122000696,131,403,-272
122000698,64,1437,-1373
122000699,109,132,-23
122000701,625,344,281
122000702,416,2297,-1881
122000703,100,36,64
122000712,0,0,0
122000717,291,64,227
122000718,540,270,270
122000719,30,34,-4
122000720,70,348,-278
122000724,158,25,133
122900001,8,2,6
122900002,1163,1162,1
122900003,140,28,112
122900004,525,4,521
122900005,50,51,-1
122900006,544,332,212
122900007,69,4,65
122900008,421,82,339
122900009,793,224,569
122900010,176,108,68
122900012,535,372,163
122900014,111,335,-224
122900015,2486,232,2254
122900016,25,351,-326
122900017,486,909,-423
122900018,140,9,131
122900019,3,144,-141
122900020,261,426,-165
122900021,42,467,-425
122900022,255,1102,-847
122900023,143,371,-228
122900024,86,75,11
122900025,8,180,-172
122900026,197,441,-244
122900027,28,698,-670
122900028,106,152,-46
122900029,4378,1186,3192
122900030,1444,401,1043
122900031,78,127,-49
122900032,127,234,-107
122900033,173,140,33
122900034,3825,3052,773
122900035,15,4,11
122900036,5,84,-79
122900037,260,179,81
122900038,157,1363,-1206
122900039,95,400,-305
122900040,150,394,-244
122900041,228,187,41
122900042,87,267,-180
122900043,165,180,-15
122900044,64,334,-270
122900045,55,88,-33
122900046,130,58,72
122900047,115,94,21
122900048,26,109,-83
122900049,1738,101,1637
122900051,74,64,10
122900052,21,85,-64
122900053,14,11,3
122900055,90,70,20
122900057,145,13,132
122900061,482,79,403
122900062,238,335,-97
122900063,60,574,-514
122900064,795,735,60
122900065,201,122,79
122900066,233,245,-12
122900067,2242,876,1366
122900068,250,543,-293
122900069,117,760,-643
122900070,81,50,31
122900071,64,670,-606
122900072,29,627,-598
122900073,73,287,-214
122900074,139,958,-819
122900075,0,66,-66
122900076,2,167,-165
122900077,1,215,-214
122900078,25,168,-143
122900080,59,4,55
122900081,120,127,-7
122900082,368,183,185
122900083,175,72,103
122900084,4,169,-165
122900086,2,13,-11
122900087,97,684,-587
122900088,29,61,-32
122900089,5,129,-124
122900090,9,675,-666
122900091,27,2,25
122900092,0,306,-306
122900093,2,499,-497
122900094,9,312,-303
122900095,77,0,77
122900096,39,408,-369
122900097,7,1,6
122900098,85,133,-48
122900099,4,5,-1
122900100,164,118,46
122900101,1048,183,865
122900102,18,16,2
122900103,29,9,20
122900104,30,11,19
122900105,3,3,0
122900106,2,96,-94
122900107,2,259,-257
122900108,4,247,-243
123000001,1844,339,1505
123000002,6121,1868,4253
123000003,3905,2183,1722
123000004,3656,4451,-795
123000005,2209,2010,199
123000006,3356,3218,138
123000007,2259,2086,173
123000008,2288,4334,-2046
123000009,4234,3144,1090
123000010,4265,3915,350
123000011,2381,960,1421
123000012,957,2346,-1389
123000013,3388,1000,2388
123000014,1522,4147,-2625
123000015,3953,581,3372
123000016,7462,2362,5100
123000017,3037,1401,1636
123000018,40,83,-43
123000019,79,370,-291
123000020,41,174,-133
123000021,42,143,-101
123000022,342,654,-312
123000023,1083,1197,-114
123000024,759,529,230
123000025,26,73,-47
123000026,6,90,-84
123000027,149,343,-194
123000028,264,226,38
123000029,622,395,227
123000030,88,1071,-983
123000031,81,479,-398
123000032,103,375,-272
123000033,83,53,30
123000034,460,455,5
123000035,144,239,-95
123000036,127,386,-259
123000037,119,442,-323
123000038,56,174,-118
123000039,782,874,-92
123000040,1120,457,663
123000041,705,388,317
123000042,640,603,37
123000043,3776,3756,20
123000044,6549,1774,4775
123000045,13116,1217,11899
123000046,1161,668,493
123000047,3533,1001,2532
123000048,43,199,-156
123000049,7409,3286,4123
123000050,597,985,-388
123000051,99,123,-24
123000052,540,1571,-1031
123000053,2721,2311,410
123000054,1131,958,173
123000055,794,981,-187
123000056,974,1988,-1014
123000057,19648,4388,15260
123000058,368,622,-254
123000059,282,426,-144
123000060,665,497,168
123000061,117,589,-472
123000063,793,496,297
123000064,973,202,771
123000065,8437,3543,4894
123000066,1329,927,402
123000067,322,647,-325
123000068,3041,4119,-1078
123000069,11374,5005,6369
123000070,277,865,-588
123000071,441,1322,-881
123000072,803,1988,-1185
123000073,583,953,-370
123000074,1021,2744,-1723
123000075,321,714,-393
123000076,555,1933,-1378
123000077,2158,4129,-1971
123000078,711,1790,-1079
123000079,684,2182,-1498
123000080,1524,3147,-1623
123000081,144,697,-553
123000082,409,1293,-884
123000083,570,120,450
123000084,325,860,-535
123000085,52,164,-112
123000086,134,620,-486
123000087,104,700,-596
123000088,744,1589,-845
123000089,369,1334,-965
123000090,1073,1444,-371
123000091,1510,1312,198
123000092,1339,1259,80
123000094,299,300,-1
123000095,223,602,-379
123000096,290,556,-266
123000097,174,1563,-1389
123000098,352,651,-299
123000099,392,1073,-681
123000100,395,499,-104
123000101,525,363,162
123000102,595,503,92
123000104,308,248,60
123000105,530,437,93
123000106,542,250,292
123000107,501,524,-23
123000108,1267,1194,73
123000111,392,185,207
123000112,458,555,-97
123000113,596,2223,-1627
123000114,345,397,-52
123000115,165,337,-172
123000116,24,277,-253
123000117,1649,3027,-1378
123000118,398,1234,-836
123000119,141,1307,-1166
123000120,370,1142,-772
123000121,360,607,-247
123000122,334,289,45
123000123,418,480,-62
123000124,737,477,260
123000125,1035,575,460
123000126,2493,1581,912
123000127,2303,800,1503
123000128,393,476,-83
123000129,250,160,90
123000130,209,62,147
123000131,354,382,-28
123000132,420,600,-180
123000133,665,491,174
123000134,785,224,561
123000135,1031,1246,-215
123000136,158,1550,-1392
123000137,79,529,-450
123000138,65,583,-518
123000139,339,121,218
123000140,212,938,-726
123000141,1040,68,972
123000142,903,1202,-299
123000143,1049,3002,-1953
123000144,16,11,5
123000145,207,143,64
123000146,35,88,-53
123000147,43,111,-68
123000149,333,280,53
123000150,228,262,-34
123000151,263,493,-230
123000152,40,396,-356
123000153,161,414,-253
123000154,2244,1443,801
123000155,2638,896,1742
123000156,46,71,-25
123000157,614,967,-353
123000158,978,359,619
123000159,2868,1507,1361
123000160,442,318,124
123000161,962,666,296
123000162,266,1053,-787
123000163,157,35,122
123000164,450,181,269
123000165,221,2646,-2425
123000166,15,213,-198
123000167,74,348,-274
123000168,147,409,-262
123000169,250,68,182
123000170,28,479,-451
123000171,79,100,-21
123000172,241,825,-584
123000173,695,82,613
123000174,635,155,480
123000175,1210,1928,-718
123000176,668,65,603
123000177,402,1336,-934
123000178,312,52,260
123000179,15,1005,-990
123000180,841,281,560
123000181,422,1726,-1304
123000182,107,568,-461
123000183,119,118,1
123000184,39,1085,-1046
123000185,201,395,-194
123000186,5,748,-743
123000187,250,2,248
123000188,63,3,60
123000189,99,278,-179
123000190,10,65,-55
123000192,12,451,-439
123000193,25,622,-597
123000194,510,265,245
123000195,228,11,217
123000196,96,1,95
123000197,30,118,-88
123000198,9,230,-221
123000199,6,585,-579
123000200,167,6,161
123000201,352,11,341
123000202,25,1499,-1474
123000203,364,19,345
123000204,31,1565,-1534
123000205,218,2547,-2329
123000206,708,90,618
123000207,53,1197,-1144
123000208,127,56,71
123000209,658,208,450
123000210,337,1762,-1425
123000211,616,3598,-2982
123000212,1076,217,859
123000213,232,44,188
123000215,112,74,38
123000216,197,301,-104
123000217,112,20,92
123000218,106,289,-183
123000219,883,8,875
123000220,315,51,264
123000221,129,185,-56
123000222,201,767,-566
123000223,57,737,-680
123000224,336,790,-454
123000225,106,78,28
123000226,63,441,-378
123000227,69,499,-430
123000228,150,47,103
123000229,1262,2161,-899
123000232,69,796,-727
123000233,361,70,291
123000234,110,785,-675
123000235,147,281,-134
123000236,101,1111,-1010
123000237,158,39,119
123000238,49,810,-761
123000239,422,2836,-2414
123000240,20,166,-146
123000241,1107,124,983
123000242,58,288,-230
123000243,317,1099,-782
123000244,674,452,222
123000245,53,145,-92
123000249,388,602,-214
123000252,500,120,380
123000253,375,243,132
123000254,443,1375,-932
123000255,595,737,-142
123000256,46,351,-305
123000257,3758,2756,1002
123000258,903,1595,-692
123000259,143,428,-285
123000260,218,662,-444
123000261,49,237,-188
123000262,78,351,-273
123000263,182,139,43
123000264,151,43,108
123000265,35,192,-157
123000266,345,718,-373
123000267,193,236,-43
123000268,6,80,-74
123000269,24,33,-9
123000270,22,22,0
123000271,43,74,-31
123000272,694,168,526
123000273,121,409,-288
123000274,906,298,608
123000275,237,1249,-1012
123000278,3548,2796,752
123000279,19,85,-66
123000280,171,371,-200
123000281,209,68,141
123000282,45,278,-233
123000283,54,21,33
123000284,44,130,-86
123000286,377,198,179
123000287,725,241,484
123000288,622,359,263
123000289,382,406,-24
123000291,409,861,-452
123000294,114,223,-109
123000295,634,857,-223
123000296,165,439,-274
123000297,178,1273,-1095
123000298,196,1086,-890
123000299,29,303,-274
123000300,586,553,33
123000301,35,140,-105
123000302,57,170,-113
123000303,23,107,-84
123000305,902,884,18
123000306,49,365,-316
123000309,33,85,-52
123000310,77,36,41
123000311,0,203,-203
123000312,788,1236,-448
123000313,153,266,-113
123000315,66,350,-284
123000316,1763,54,1709
123000317,166,30,136
123000318,42,445,-403
123000329,6,23,-17
123000337,103,270,-167
123000338,366,47,319
123000339,48,479,-431
123000340,131,481,-350
123000342,8,147,-139
123000343,23,0,23
123000344,767,479,288
123000345,310,757,-447
123000346,151,83,68
123000352,2625,811,1814
123000353,17,160,-143
123000354,79,2,77
123000355,0,420,-420
123000356,73,4,69
123000357,1,380,-379
123000359,0,260,-260
123000360,75,4,71
123000361,613,290,323
123000362,84,95,-11
123000363,39,246,-207
123000364,393,268,125
123000365,22,191,-169
123000366,185,1001,-816
123000367,249,1430,-1181
123000370,18,342,-324
123000371,55,8,47
123000372,116,12,104
123000373,3,493,-490
123000374,9,195,-186
123000375,188,11,177
123000376,536,577,-41
123000377,116,13,103
123000378,4,519,-515
123000379,1,225,-224
123000380,73,192,-119
123000381,100,36,64
123000382,802,30,772
123000383,201,736,-535
123000384,387,71,316
123000385,489,549,-60
123000436,34,768,-734
123000507,146,320,-174
123000508,82,341,-259
123000517,300,17,283
123000518,38,230,-192
123000519,126,53,73
123000520,39,185,-146
123000521,155,105,50
123000522,193,529,-336
123000541,1,0,1
123000542,1,52,-51
123000565,158,11,147
123000566,58,998,-940
123000567,73,344,-271
123000573,37,1157,-1120
123000574,351,97,254
123000575,1167,1293,-126
123000576,460,2102,-1642
123000577,101,415,-314
123000578,721,140,581
123000579,6183,2101,4082
123000580,73,16,57
123000582,170,52,118
123000583,22,585,-563
123000584,111,260,-149
123000585,0,102,-102
123000586,12,0,12
123000596,91,145,-54
123000597,39,65,-26
123000602,8,2,6
123000603,172,928,-756
123000604,279,1341,-1062
123000605,673,108,565
123000606,1,227,-226
123000609,20,402,-382
123000610,30,119,-89
123000613,36,100,-64
123000614,172,55,117
123000615,32,143,-111
123000616,269,50,219
123000617,28,631,-603
123000618,36,774,-738
123000619,510,19,491
123000620,7,607,-600
123000622,211,16,195
123000624,128,46,82
123000630,419,406,13
123000631,198,2596,-2398
123000632,1161,1519,-358
123000633,0,156,-156
123000634,62,17,45
123000635,309,149,160
123000636,17,802,-785
123000637,89,135,-46
123000638,333,94,239
123000639,909,2317,-1408
123000640,31,1387,-1356
123000648,114,42,72
123000649,22,745,-723
123900001,1674,80,1594
123900002,14,815,-801
123900003,295,714,-419
123900005,118,74,44
123900006,71,36,35
124000001,1132,110,1022
124000002,99,1838,-1739
124000003,234,194,40
124000004,26,933,-907
124000005,461,173,288
124000006,183,1885,-1702
124000007,471,80,391
124000008,7,435,-428
124000009,171,311,-140
124000010,114,579,-465
124000011,343,254,89
124000012,170,1093,-923
124000017,29,133,-104
124000018,64,124,-60
124000019,48,115,-67
124000020,37,285,-248
124000021,82,85,-3
124000022,86,269,-183
124000023,996,1157,-161
124000024,997,694,303
124000025,887,1176,-289
124000026,1107,1013,94
124000027,5662,2942,2720
124000028,3728,3148,580
124000030,4229,1243,2986
124000031,507,730,-223
124000032,4973,984,3989
124000033,332,219,113
124000034,2179,930,1249
124000035,96,50,46
124000036,161,662,-501
124000037,473,252,221
124000038,53,110,-57
124000039,1502,184,1318
124000040,826,419,407
124000041,160,71,89
124000042,58,305,-247
124000043,31,114,-83
124000044,29,356,-327
124000045,316,615,-299
124000046,152,859,-707
124000047,516,975,-459
124000048,292,2287,-1995
124000049,692,794,-102
124000050,309,3061,-2752
124000051,278,503,-225
124000052,313,1843,-1530
124000053,376,686,-310
124000054,553,928,-375
124000055,848,1011,-163
124000056,4669,1390,3279
124000057,501,440,61
124000058,304,1549,-1245
124000059,301,464,-163
124000060,881,1050,-169
124000061,991,2088,-1097
124000062,9576,1838,7738
124000063,1297,1696,-399
124000064,2841,2125,716
124000065,84,154,-70
124000066,303,72,231
124000067,59,228,-169
124000068,22,91,-69
124000069,227,230,-3
124000070,126,744,-618
124000071,60,80,-20
124000072,130,633,-503
124000073,399,70,329
124000074,142,1179,-1037
124000075,119,19,100
124000076,9,308,-299
124000077,2093,711,1382
124000078,3306,367,2939
124000079,893,868,25
124000080,152,119,33
124000081,109,1057,-948
124000082,9,108,-99
124000083,19,227,-208
124000084,70,144,-74
124000085,24,52,-28
124000086,83,73,10
124000087,54,46,8
124000088,174,350,-176
124000089,331,308,23
124000090,87,610,-523
124000091,221,158,63
124000092,60,926,-866
124000093,79,39,40
124000094,127,376,-249
124000095,51,52,-1
124000096,59,338,-279
124000097,34,61,-27
124000098,31,194,-163
124000099,124,96,28
124000100,29,136,-107
124000101,18,97,-79
124000102,51,115,-64
124000103,22,93,-71
124000104,27,125,-98
124000105,14,48,-34
124000106,76,115,-39
124000107,4,60,-56
124000108,56,45,11
124000109,79,37,42
124000110,70,122,-52
124000111,124,151,-27
124000112,388,779,-391
124000113,48,46,2
124000114,180,645,-465
124000115,371,849,-478
124000116,61,61,0
124000117,65,57,8
124000118,28,36,-8
124000119,786,619,167
124000120,360,663,-303
124000121,1483,445,1038
124000122,600,859,-259
124000123,610,307,303
124000124,446,1021,-575
124000125,413,377,36
124000126,414,582,-168
124000127,713,277,436
124000128,684,1177,-493
124000129,1569,1133,436
124000130,879,591,288
124000131,927,534,393
124000132,880,749,131
124000133,416,887,-471
124000134,584,943,-359
124000135,1359,1364,-5
124000136,1007,1146,-139
124000137,1321,497,824
124000138,1987,1015,972
124000139,215,13,202
124000140,21,430,-409
124000141,85,11,74
124000142,20,164,-144
124000143,20,17,3
124000144,12,70,-58
124000145,34,20,14
124000146,8,162,-154
124000148,10,19,-9
124000149,433,271,162
124000150,331,533,-202
124000151,386,177,209
124000152,646,1264,-618
124000153,472,342,130
124000154,586,1002,-416
124000155,932,552,380
124000156,1260,1063,197
124000169,154,276,-122
124000170,798,397,401
124000171,171,193,-22
124000172,329,648,-319
124000173,200,356,-156
124000174,157,851,-694
124000175,8,148,-140
124000176,9,10,-1
124000177,30,61,-31
124000178,16,9,7
124000190,236,26,210
124000191,448,64,384
124000192,1495,243,1252
124000193,410,1342,-932
124000194,314,672,-358
124000195,156,535,-379
124000196,758,1297,-539
124000197,29,65,-36
124000198,15,24,-9
124000201,185,1213,-1028
124000202,353,93,260
124000203,127,1125,-998
124000204,212,566,-354
124000205,22,756,-734
124000206,96,364,-268
124000207,0,40,-40
124000209,202,696,-494
124000210,89,202,-113
124000211,168,1,167
124000212,2,722,-720
124000213,109,424,-315
124000214,109,902,-793
124000215,68,1,67
124000216,1,698,-697
124000329,42,3026,-2984
124000338,24,1589,-1565
124000339,201,61,140
124000341,252,65,187
124000344,6,2,4
124000357,724,1133,-409
124000358,750,936,-186
124000359,566,411,155
124000360,395,260,135
124000361,820,653,167
124000362,1499,2361,-862
124000363,237,546,-309
124000364,428,1160,-732
124000365,745,1309,-564
124000366,2288,915,1373
124000367,101,724,-623
124000368,170,115,55
124000369,93,70,23
124000370,97,803,-706
124000402,10,4,6
124000403,19,6,13
124000404,4,133,-129
124000405,1077,642,435
124000406,1002,887,115
124000407,7,28,-21
124000411,6,575,-569
124000412,106,8,98
124000413,150,39,111
124000414,33,145,-112
124000415,34,275,-241
124000416,84,431,-347
124000417,89,141,-52
124000418,25,141,-116
124000419,83,237,-154
124000420,15,83,-68
124000421,17,390,-373
124000422,36,12,24
124000423,86,32,54
124000424,2,129,-127
124000425,21,10,11
124000426,5,146,-141
124000427,12,12,0
124000428,5,30,-25
124000429,20,108,-88
124000430,399,870,-471
124000431,168,786,-618
124000432,97,838,-741
124000439,3,7,-4
124000443,0,4,-4
124000445,292,276,16
124000446,3239,128,3111
124900001,207,169,38
124900002,92,541,-449
124900003,322,485,-163
124900004,168,264,-96
124900005,177,214,-37
124900006,201,350,-149
124900008,960,452,508
124900009,62,62,0
124900010,52,24,28
124900011,134,95,39
124900012,163,48,115
124900013,148,123,25
124900014,100,75,25
124900015,80,112,-32
124900016,26,28,-2
124900017,400,164,236
124900018,9,1,8
124900020,18,49,-31
124900021,76,30,46
124900022,12,1,11
124900024,107,4,103
124900026,20,9,11
124900027,41,134,-93
124900028,750,159,591
124900029,9,323,-314
124900030,5,155,-150
124900031,17,430,-413
124900032,194,202,-8
124900033,68,462,-394
124900034,6,109,-103
124900035,78,498,-420
124900036,1,50,-49
124900037,92,392,-300
124900038,357,481,-124
124900039,0,23,-23
124900040,34,106,-72
124900041,166,1511,-1345
124900042,13,1,12
124900043,316,1271,-955
124900044,12,0,12
124900045,590,754,-164
124900046,1660,264,1396
124900047,118,216,-98
124900048,72,152,-80
124900050,79,259,-180
124900052,64,401,-337
124900053,31,408,-377
124900054,3142,302,2840
124900055,0,91,-91
124900057,0,95,-95
124900060,66,262,-196
124900061,29,5,24
124900062,11,5,6
124900066,0,25,-25
124900067,4,157,-153
124900068,219,168,51
124900070,32,39,-7
124900072,19,10,9
124900075,69,229,-160
124900076,55,350,-295
124900077,36,84,-48
124900078,14,8,6
124900079,636,18,618
124900080,108,875,-767
124900081,368,192,176
124900082,261,1187,-926
124900083,108,658,-550
124900085,1587,203,1384
124900086,65,393,-328
124900087,379,57,322
124900088,847,98,749
124900089,1369,27,1342
124900090,81,173,-92
124900091,154,664,-510
124900092,122,539,-417
124900093,107,169,-62
124900094,114,199,-85
124900095,37,270,-233
124900096,475,122,353
124900097,114,52,62
124900098,87,417,-330
124900099,509,236,273
124900100,146,22,124
124900101,6,705,-699
124900102,79,15,64
124900103,62,326,-264
124900104,39,262,-223
124900105,33,243,-210
124900106,197,30,167
124900107,37,9,28
124900108,115,22,93
124900111,1,33,-32
124900112,58,910,-852
124900113,145,122,23
124900114,428,41,387
124900115,40,39,1
124900116,68,69,-1
124900117,785,102,683
124900118,110,58,52
124900119,172,50,122
124900120,28,471,-443
124900121,83,111,-28
124900122,712,230,482
124900123,620,38,582
124900124,177,188,-11
204000001,26,23,3
204000002,6,15,-9
204000003,9,1,8
204000004,3,2,1
204000005,306,233,73
204000006,515,503,12
204000011,5,43,-38
204000012,12,106,-94
204000019,328,515,-187
204000020,282,673,-391
204000021,1692,741,951
204000022,301,391,-90
204000023,215,1391,-1176
204000031,77,29,48
204000032,562,38,524
204000034,10,395,-385
204000035,1,6,-5
204000036,3,22,-19
204000037,1,13,-12
204000038,0,43,-43
204000039,5,105,-100
204000040,1,39,-38
204000041,3,64,-61
204000042,14,7,7
204000043,7,2,5
204000044,11,1,10
204000045,24,13,11
204000046,3,2,1
204000057,1,98,-97
204000062,3,260,-257
204000068,39,98,-59
204000069,15,115,-100
204000070,42,137,-95
204000080,13,56,-43
204000085,832,1716,-884
204000086,3134,2009,1125
204000087,25,17,8
204000088,3,91,-88
204000090,11,538,-527
204000093,153,30,123
204000096,354,512,-158
204000097,166,18,148
204000099,670,984,-314
204000100,409,671,-262
204000105,1824,1286,538
204000110,554,1326,-772
204000111,231,833,-602
204000112,402,990,-588
204000113,595,883,-288
204000114,765,316,449
204000115,180,375,-195
204000116,392,493,-101
204000119,1128,1102,26
204000132,244,177,67
204000133,414,287,127
204000134,121,122,-1
204000135,172,140,32
204000136,132,183,-51
204000138,145,178,-33
204000140,104,102,2
204000141,57,66,-9
204000144,10,13,-3
204000145,594,29,565
204000146,28,362,-334
204000147,55,102,-47
204000148,431,22,409
204000154,2,0,2
204000155,2,12,-10
204000177,31,84,-53
204000179,7,6,1
204000180,0,41,-41
204000222,0,27,-27
204000235,9,8,1
204000236,86,382,-296
204000238,48,30,18
204000240,401,55,346
204000263,394,1395,-1001
204000268,650,268,382
204000308,160,13,147
204000317,14,54,-40
204000322,3,14,-11
204000323,15,5,10
204000328,201,33,168
204000329,61,101,-40
204000330,171,12,159
204000331,15,151,-136
204010341,23,334,-311
205000001,1091,1281,-190
205000013,4,104,-100
205000014,11,143,-132
205000015,38,293,-255
205000016,17,268,-251
205000017,44,150,-106
205000022,172,489,-317
205000025,1659,927,732
205000029,113,5,108
205000045,25,214,-189
205000046,18,561,-543
205000047,48,633,-585
205000048,83,1214,-1131
205000049,85,804,-719
205000050,1315,265,1050
205000059,0,268,-268
205000060,2,40,-38
205000061,4,45,-41
205000062,0,36,-36
205000063,8,43,-35
205000064,36,112,-76
205000065,53,787,-734
205000066,69,859,-790
205000067,41,1116,-1075
205000069,161,39,122
205000082,142,104,38
205000110,75,226,-151
205000111,146,251,-105
205000112,38,90,-52
205000113,236,230,6
205000121,88,33,55
205000123,68,213,-145
205000126,206,55,151
205000127,214,51,163
205000128,210,18,192
205000129,195,47,148
205000130,86,4,82
205000131,57,0,57
205000132,182,1,181
205000133,37,0,37
205000134,56,0,56
205000137,154,163,-9
205000138,317,307,10
205000139,21,94,-73
205000144,49,37,12
205000145,317,67,250
205000151,64,12,52
205000152,71,11,60
205000153,105,22,83
205000154,15,19,-4
205000155,28,7,21
205000207,43,143,-100
205000233,4,0,4
205000234,0,0,0
205000243,0,0,0
205000244,1,10,-9
205000245,13,399,-386
205000249,0,44,-44
205000250,0,0,0
205000264,8,136,-128
206000027,4,4,0
206000028,1,1,0
206000043,12,145,-133
206000053,4,14,-10
206000054,7,43,-36
206000055,10,65,-55
206000075,6,11,-5
206000076,21,8,13
206000077,16,2,14
206000078,4,6,-2
206000079,19,6,13
206000082,419,22,397
206000100,75,819,-744
206000103,5,17,-12
206000104,15,25,-10
206000105,3,26,-23
206000106,20,43,-23
206000108,599,26,573
206000125,25,0,25
206000157,159,977,-818
206000170,3,278,-275
206000171,2,273,-271
206000172,6,1447,-1441
206000173,4,422,-418
206000174,11,226,-215
206000175,5,316,-311
206000176,19,575,-556
206000177,4,384,-380
206000178,3,244,-241
206000179,7,126,-119
206000180,36,277,-241
206000181,9,538,-529
206000182,31,422,-391
206000183,48,1750,-1702
206000184,6,657,-651
206000185,7,542,-535
206000186,193,2395,-2202
206000223,13,367,-354
206000226,10,1,9
206000227,11,1,10
206000237,51,608,-557
206000238,53,1001,-948
206000239,780,3016,-2236
206000240,0,63,-63
206000241,0,198,-198
206000242,5,630,-625
206000243,4,614,-610
206000244,65,1497,-1432
206000245,274,36,238
206000246,59,9,50
206000247,83,9,74
206000248,154,10,144
206000252,105,19,86
206000258,29,31,-2
206000315,22,7,15
206000317,204,66,138
206000318,84,55,29
206000319,452,78,374
206000320,37,37,0
206000321,40,11,29
206000322,160,7,153
206000323,78,4,74
206000324,63,9,54
206000325,90,6,84
206000326,56,6,50
206000327,99,10,89
206000328,50,9,41
206000329,59,2,57
206000330,18,4,14
206000331,36,9,27
206000332,13,2,11
206000333,167,4,163
206000334,121,0,121
206000335,0,24,-24
206000361,13,272,-259
206000392,3,79,-76
206000405,84,0,84
206000441,14,11,3
206000498,14,1,13
206000515,193,21,172
206000530,64,45,19
206000531,47,75,-28
206000532,1525,117,1408
206000535,352,2485,-2133
206000536,23,366,-343
206000537,8,232,-224
206000613,1288,106,1182
207000001,125,380,-255
207000002,57,367,-310
207000003,94,294,-200
207000007,411,357,54
207000008,42,11,31
207000009,66,51,15
207000010,552,763,-211
207000012,247,261,-14
207000015,359,2176,-1817
207000019,166,91,75
207000021,470,144,326
207000022,45,77,-32
207000023,68,46,22
207000024,2,12,-10
207000025,5,71,-66
207000026,103,75,28
207000027,24,85,-61
207000028,32,286,-254
207000029,239,410,-171
207000033,188,204,-16
207000034,148,33,115
207000039,175,152,23
207000040,103,222,-119
207000041,33,83,-50
207000042,152,87,65
207000043,150,220,-70
207000051,85,410,-325
207000052,3,212,-209
207000053,410,810,-400
207000054,34,166,-132
207000055,60,240,-180
207000056,263,498,-235
207000057,89,359,-270
207000058,70,585,-515
207000059,25,1036,-1011
207000060,44,328,-284
207000061,56,131,-75
207000062,87,47,40
207000063,104,194,-90
207000064,226,235,-9
207000065,227,270,-43
207000066,60,178,-118
207000067,34,132,-98
207000068,71,82,-11
207000069,635,473,162
207000082,67,453,-386
207000083,79,481,-402
207000084,93,176,-83
207000085,103,3,100
207000086,83,10,73
207000106,12,49,-37
207000107,21,36,-15
207000108,25,17,8
207000109,57,8,49
207000110,34,25,9
207000111,51,46,5
207000112,122,218,-96
207000114,39,41,-2
207000115,13,81,-68
207000116,18,174,-156
207000117,4,138,-134
207000118,3,84,-81
207000119,12,108,-96
207000123,229,24,205
207000124,42,12,30
207000125,29,20,9
207000126,63,23,40
207000134,19,282,-263
207000135,32,361,-329
207000148,30,92,-62
207000149,74,49,25
207000152,137,411,-274
207000153,1404,1046,358
207000154,295,136,159
207000159,42,312,-270
207000160,59,829,-770
207000238,0,54,-54
207000242,2,207,-205
207000248,28,17,11
207000249,159,55,104
207000250,617,54,563
207000251,98,69,29
207000252,28,85,-57
207000278,21,57,-36
207000279,8,326,-318
207000280,145,82,63
207000281,68,1440,-1372
207000282,99,25,74
207000283,154,200,-46
207000284,26,62,-36
207000285,170,32,138
207000291,13,93,-80
207000304,68,68,0
207000306,40,483,-443
207000310,35,100,-65
207000353,165,0,165
207000356,3,19,-16
207000357,4,5,-1
207000358,20,5,15
207000415,5,222,-217
207000417,4,1,3
207000418,93,190,-97
207000438,0,3,-3
207000439,1569,294,1275
207000446,67,3,64
207000460,4,10,-6
207000466,170,202,-32
207000467,118,105,13
207000468,14,648,-634
207000476,0,94,-94
207000477,162,241,-79
207000478,4,7,-3
207000523,0,11,-11
207000524,16,1,15
207000527,68,137,-69
207000530,79,7,72
207000531,74,11,63
207000532,55,6,49
207000534,801,28,773
207000535,69,143,-74
207000537,18,136,-118
207000540,4,252,-248
207000541,1,325,-324
207000548,7,363,-356
207000549,57,11,46
207000561,84,51,33
207000562,34,239,-205
207000567,215,253,-38
207000568,29,120,-91
207000569,131,1579,-1448
207000584,544,124,420
207000585,56,125,-69
207000587,7,26,-19
207000616,1,326,-325
207000617,47,0,47
207000624,17,6,11
207000631,0,13,-13
207900008,75,312,-237
208000001,252,508,-256
208000002,271,391,-120
208000003,630,453,177
208000004,614,569,45
208000005,2,10,-8
208000019,277,814,-537
208000020,61,409,-348
208000021,30,518,-488
208000022,379,697,-318
208000028,899,708,191
208000033,233,602,-369
208000034,836,1296,-460
208000037,293,50,243
208000040,57,189,-132
208000041,429,503,-74
208000042,394,500,-106
208000047,88,409,-321
208000064,2415,1044,1371
208000066,1062,618,444
208000070,132,528,-396
208000071,162,796,-634
208000072,176,1213,-1037
208000080,95,238,-143
208000081,106,175,-69
208000082,190,331,-141
208000083,63,340,-277
208000084,8,13,-5
208000085,577,603,-26
208000086,328,817,-489
208000087,230,717,-487
208000089,417,691,-274
208000090,382,1077,-695
208000093,42,121,-79
208000094,236,568,-332
208000095,430,349,81
208000104,621,827,-206
208000105,449,989,-540
208000114,25,103,-78
208000115,292,319,-27
208000116,139,1068,-929
208000117,18,91,-73
208000118,33,103,-70
208000155,425,830,-405
208000158,1547,1947,-400
208000186,3220,1196,2024
208000204,296,748,-452
208000205,549,1280,-731
208000282,3384,885,2499
209000004,57,164,-107
209000005,15,14,1
209000006,228,57,171
209000007,183,171,12
209000010,362,144,218
209000011,100,165,-65
209000012,238,313,-75
209000013,136,709,-573
209000014,694,1879,-1185
209000025,121,30,91
209000026,423,83,340
209000027,329,1188,-859
209000028,339,1357,-1018
209000029,419,1227,-808
209000030,320,1955,-1635
209000031,4703,2936,1767
209000034,134,168,-34
209000035,76,108,-32
209000036,73,127,-54
209000037,70,181,-111
209000038,45,144,-99
209000039,47,154,-107
209000040,233,542,-309
209000041,134,392,-258
209000042,204,428,-224
209000043,720,550,170
209000044,146,461,-315
209000045,797,301,496
209000046,174,397,-223
209000047,159,144,15
209000048,141,145,-4
209000049,78,173,-95
209000050,210,269,-59
209000051,180,424,-244
209000052,85,481,-396
209000062,20,207,-187
209000063,9,153,-144
209000064,15,170,-155
209000065,28,28,0
209000066,30,32,-2
209000067,24,71,-47
209000080,10,141,-131
209000082,30,43,-13
209000091,22,84,-62
209000093,120,32,88
209000094,115,102,13
209000110,29,47,-18
209000111,484,666,-182
209000112,338,310,28
209000113,771,320,451
209000114,205,228,-23
209000115,76,212,-136
209000116,909,664,245
209000118,8,46,-38
209000119,10,4,6
209000121,120,825,-705
209000135,58,66,-8
209000142,754,513,241
209000143,40,88,-48
209000144,37,60,-23
209000229,73,169,-96
209000240,22,524,-502
209000259,97,174,-77
209000260,29,1071,-1042
209000261,3,604,-601
209000262,2,527,-525
209000263,0,112,-112
209000264,0,29,-29
209000265,152,1,151
209000266,22,0,22
209000267,131,1,130
209000268,340,12,328
210000037,63,25,38
210000047,25,28,-3
210000048,42,32,10
210000049,53,35,18
210000052,20,135,-115
210000053,19,55,-36
210000054,59,63,-4
210000070,40,1,39
210000071,11,0,11
210000072,2,0,2
210000073,0,37,-37
210000074,0,91,-91
210000075,0,42,-42
210000076,1,163,-162
210000077,24,38,-14
210000078,27,19,8
210000079,14,19,-5
210000080,61,29,32
210000081,72,4,68
210000082,39,0,39
210000083,44,0,44
210000084,8,0,8
210000085,0,85,-85
210000086,1,134,-133
210000099,36,251,-215
210000100,20,264,-244
210000101,63,198,-135
210000105,37,145,-108
210000159,0,116,-116
210000163,194,182,12
210000164,277,96,181
210000168,144,28,116
210000187,0,9,-9
210000188,0,24,-24
210000214,19,0,19
210000219,13,40,-27
210000220,50,109,-59
210000232,4,30,-26
210000233,10,41,-31
210000234,17,128,-111
210000235,19,138,-119
210000245,0,15,-15
210000246,23,0,23
210000258,13,133,-120
210000259,139,8,131
210000282,33,178,-145
210000285,0,86,-86
210000286,3,193,-190
210000290,1,2,-1
210000295,15,79,-64
210000296,14,38,-24
210000320,79,140,-61
210000321,51,82,-31
210000338,45,84,-39
210000339,805,606,199
210000340,99,160,-61
210000341,127,153,-26
210000342,110,173,-63
210000343,96,156,-60
210000344,122,103,19
210000345,116,78,38
210000346,29,36,-7
210000347,66,11,55
210000348,56,12,44
210000349,28,7,21
210000350,31,55,-24
210000351,42,90,-48
210000352,46,86,-40
210000353,15,115,-100
210000354,33,114,-81
210000355,24,104,-80
210000356,31,54,-23
210000357,12,17,-5
210000358,299,91,208
210000359,54,46,8
210000360,93,90,3
210000361,99,121,-22
210000362,169,144,25
210000363,866,102,764
210000364,86,55,31
210000365,72,30,42
210000366,61,39,22
210000367,32,22,10
210000368,70,22,48
210000369,11,30,-19
210000370,40,63,-23
210000372,31,13,18
210000373,31,9,22
210000374,53,5,48
210000375,23,99,-76
210000376,34,124,-90
210000404,115,120,-5
210000439,13,54,-41
210000472,93,2,91
210000482,76,52,24
210000564,864,134,730
210000567,2,22,-20
210000568,489,0,489
211000092,23,73,-50
211000094,72,29,43
211000169,245,7,238
211000172,12,132,-120
211000209,4,18,-14
211000226,29,28,1
211000270,7,12,-5
211000275,9,36,-27
211000276,99,31,68
211000279,1,79,-78
211000281,8,86,-78
211507980,0,18,-18
211977296,8,1,7
212000003,55,58,-3
212000004,16,19,-3
212000005,4,24,-20
212000006,14,78,-64
212000008,70,269,-199
212000009,12,148,-136
212000012,27,74,-47
212000013,5,50,-45
212000014,188,170,18
212000015,122,270,-148
212000016,308,558,-250
212000027,332,369,-37
212000028,165,293,-128
212000029,84,217,-133
212000030,16,31,-15
212000031,29,80,-51
212000048,16,95,-79
212000049,20,54,-34
212000050,15,13,2
212000051,124,235,-111
212000052,102,513,-411
212000053,244,611,-367
212000054,54,126,-72
212000055,105,217,-112
212000056,4,32,-28
212000057,3,32,-29
212000058,271,32,239
212000070,55,413,-358
212000077,65,790,-725
212000099,110,179,-69
212000108,96,159,-63
212000111,140,136,4
212000120,64,110,-46
212000138,37,29,8
212000156,3,111,-108
212000158,6,16,-10
212000159,146,70,76
212000160,248,200,48
212000161,5,13,-8
212000310,7,27,-20
212000311,12,78,-66
212000374,14,22,-8
213000001,18,714,-696
213000005,401,73,328
213000006,1229,93,1136
213000007,48,0,48
213000009,367,167,200
213000010,100,122,-22
213000011,164,116,48
213000012,79,353,-274
213000014,27,3,24
213000015,88,3,85
213000016,96,0,96
213000017,12,0,12
213000018,0,285,-285
213000019,1,205,-204
213000020,61,281,-220
213000021,12,105,-93
213000023,128,172,-44
213000033,218,630,-412
213000034,258,312,-54
213000035,95,97,-2
213000045,78,263,-185
213000046,73,198,-125
213000047,335,595,-260
213000056,19,16,3
213000069,21,2,19
213000073,0,6,-6
213000074,121,573,-452
213000075,246,3,243
213000076,17,1,16
213000085,3,61,-58
213000086,9,324,-315
213000091,11,1,10
213000092,12,6,6
213000099,158,788,-630
213000100,1038,144,894
213000101,61,194,-133
213000102,119,505,-386
213000103,460,814,-354
213000104,28,567,-539
213000105,1,43,-42
213000106,6,245,-239
213000107,84,887,-803
213000108,8,587,-579
213000109,2,282,-280
213000110,1,61,-60
213000111,4,57,-53
213000112,246,138,108
213000115,9,2,7
213000116,81,658,-577
213000117,7,867,-860
213000118,189,274,-85
213000119,47,887,-840
213000120,45,985,-940
213000122,209,896,-687
213000123,824,1371,-547
213000124,54,1792,-1738
213000125,119,9,110
213000126,102,68,34
213000127,264,115,149
213000128,878,460,418
213000129,528,195,333
213000130,217,94,123
213000132,108,62,46
213000133,102,70,32
213000134,400,21,379
213000136,128,16,112
213000137,299,53,246
213000139,206,4,202
213000147,8,0,8
213000148,2,6,-4
213000149,6,6,0
213000150,0,51,-51
213000151,0,62,-62
213000152,0,79,-79
213000153,0,36,-36
213000154,7,298,-291
213000155,30,386,-356
213000156,36,700,-664
213000157,756,668,88
213000158,227,686,-459
213000159,330,591,-261
213000163,291,75,216
213000165,556,101,455
213000171,1,235,-234
213000172,2,382,-380
213000173,3,349,-346
213000174,2,319,-317
213000175,3,185,-182
213000176,9,9,0
213000177,5,0,5
213000178,17,2,15
213000179,75,1,74
213000180,35,0,35
213000184,88,470,-382
213000188,267,79,188
213000189,149,28,121
213000190,861,713,148
213000191,124,577,-453
213000192,75,635,-560
213000193,1694,161,1533
213000194,0,27,-27
213000195,11,593,-582
213000196,119,857,-738
213000197,172,133,39
213000198,5,0,5
213000200,82,1158,-1076
213000201,177,95,82
213000202,8,739,-731
213000203,2594,243,2351
213000204,354,13,341
213000205,120,14,106
213000206,109,17,92
213000207,37,13,24
213000208,6,3,3
213000209,25,0,25
213000210,126,3,123
213000211,1,5,-4
213000212,3,35,-32
213000213,3,20,-17
213000218,104,998,-894
213000219,485,7,478
213000220,363,2,361
213000223,198,76,122
213000224,10,16,-6
213000225,23,1,22
213000226,18,2,16
213000227,378,123,255
213000228,84,62,22
213000229,456,24,432
213000230,134,10,124
213000232,54,250,-196
213000233,4,28,-24
213000234,3,25,-22
213000293,4,33,-29
213000294,12,4,8
213000295,1,82,-81
213000296,80,26,54
213000297,14,62,-48
213000298,20,100,-80
213000299,49,28,21
213000300,13,2,11
213000303,2,29,-27
213000304,0,6,-6
213000305,5,15,-10
213000306,22,24,-2
213000307,89,96,-7
213000308,71,328,-257
213000309,68,69,-1
213000310,169,83,86
213000311,351,607,-256
213000315,48,160,-112
213000316,33,69,-36
213000322,30,150,-120
213000323,12,110,-98
213000324,15,98,-83
213000325,17,127,-110
213000326,3,26,-23
213000327,5,99,-94
213000328,4,62,-58
213000329,14,51,-37
213000340,111,1060,-949
213000341,141,87,54
213000346,131,62,69
213000347,1030,73,957
213000348,4,154,-150
213000349,18,9,9
213000350,181,1644,-1463
213000366,28,295,-267
213000367,105,32,73
213000379,95,146,-51
213000386,2,176,-174
213000406,114,441,-327
213000417,575,273,302
213000425,46,48,-2
213000426,65,79,-14
213000427,15,467,-452
213000428,8,302,-294
213000429,7,0,7
213000430,75,1227,-1152
213000431,46,0,46
213000432,1,8,-7
213000433,3,118,-115
213000434,15,151,-136
213000435,54,65,-11
213000436,12,105,-93
213000437,0,36,-36
213000438,74,66,8
213000439,17,5,12
213000440,0,171,-171
213000441,0,0,0
213000442,0,24,-24
213000443,351,234,117
213000444,14,91,-77
213000445,0,140,-140
213000446,0,3,-3
213000447,1,14,-13
213000448,0,55,-55
213000449,51,1,50
213000450,5,55,-50
213000451,33,80,-47
213000452,6,16,-10
213000453,32,280,-248
213000455,150,0,150
213000456,1,144,-143
213000481,15,4,11
213000482,84,1,83
213000489,425,17,408
213000491,0,69,-69
213000492,43,1,42
213000493,0,19,-19
213000494,54,149,-95
213000495,1,177,-176
213000496,169,202,-33
213000497,14,390,-376
213000498,38,282,-244
213000499,74,830,-756
213000500,135,101,34
213000501,26,11,15
213000502,145,28,117
213000503,1,76,-75
213000504,0,215,-215
213000505,2,11,-9
213000506,0,10,-10
213000507,3,221,-218
213900244,0,0,0
213900245,1,55,-54
218000003,14,8,6
218000004,9,11,-2
218000005,9,22,-13
218000006,38,25,13
218000007,4,17,-13
218000012,231,140,91
218000013,70,113,-43
218000014,542,396,146
218000019,1076,397,679
218000020,329,428,-99
218000021,28,112,-84
218000022,5,64,-59
218000023,6,52,-46
218000024,1,28,-27
218000025,13,37,-24
218000026,11,53,-42
218000027,0,16,-16
218000028,1,6,-5
218000029,2,2,0
218000030,11,48,-37
218000031,1,63,-62
218000032,1,47,-46
218000040,2,2,0
218000046,18,223,-205
218000047,4,204,-200
218000048,38,232,-194
218000049,78,156,-78
218000050,289,271,18
218000051,54,324,-270
218000052,5,58,-53
218000053,1,12,-11
218000054,34,30,4
218000055,2,15,-13
218000056,4,25,-21
218000057,1,29,-28
218000064,0,8,-8
218000065,14,64,-50
218000066,7,77,-70
218000067,31,82,-51
218000068,53,123,-70
218000069,71,247,-176
218000070,119,338,-219
218000071,129,300,-171
218000072,407,286,121
218000078,463,1210,-747
218000079,34,72,-38
218000080,61,99,-38
218000081,206,323,-117
218000082,16,128,-112
218000083,7,61,-54
218000084,71,261,-190
218000085,130,600,-470
218000086,13,197,-184
218000087,130,283,-153
218000090,9,72,-63
218000091,568,400,168
218000092,42,148,-106
218000093,62,144,-82
218000094,345,887,-542
218000099,314,394,-80
218000100,147,332,-185
218000101,171,178,-7
218000102,130,388,-258
218000103,52,219,-167
218000104,52,69,-17
218000105,34,7,27
218000106,23,7,16
218000107,27,162,-135
218000108,0,85,-85
218000112,60,14,46
218000117,27,58,-31
218000134,362,867,-505
218000135,13,106,-93
218000136,79,29,50
218000137,69,138,-69
218000138,22,125,-103
218000139,56,392,-336
218000140,140,227,-87
218000141,13,58,-45
218000142,69,165,-96
218000143,21,164,-143
218000144,4,52,-48
218000145,139,474,-335
218000146,27,115,-88
218000151,3,13,-10
218000152,28,59,-31
218000153,2,2,0
218000154,4,0,4
218000155,3,3,0
218000156,22,12,10
218000157,2,4,-2
218000158,2,4,-2
218000159,2,4,-2
218000160,0,3,-3
218000161,5,8,-3
218000162,11,5,6
218000163,1,2,-1
218000164,8,28,-20
218000165,14,25,-11
218000170,0,24,-24
218000171,16,5,11
218000172,6,12,-6
218000173,43,6,37
218000174,4,3,1
218000176,91,10,81
218000177,177,54,123
218000178,46,69,-23
218000179,38,31,7
218000180,28,7,21
218000181,76,21,55
218000187,8,11,-3
218000188,26,29,-3
218000189,11,44,-33
218000190,2,24,-22
218000191,45,113,-68
218000192,62,533,-471
218000193,237,510,-273
218000194,18,481,-463
218000195,64,132,-68
218000196,209,290,-81
218000197,96,357,-261
218000198,5,106,-101
218000199,12,33,-21
218000200,53,34,19
218000201,11,14,-3
218000202,111,129,-18
218000207,14,45,-31
218000208,19,43,-24
218000211,8,16,-8
218000212,4,10,-6
218000213,68,50,18
218000214,2,6,-4
218000215,41,120,-79
218000217,6,85,-79
218000218,246,58,188
218000219,7,10,-3
218000220,40,276,-236
218000221,390,162,228
218000222,27,13,14
218000223,16,58,-42
218000224,2,65,-63
218000225,100,23,77
218000226,39,41,-2
218000230,0,3,-3
218000232,45,70,-25
218000239,16,1,15
218000240,0,0,0
218000241,2,0,2
218000242,0,0,0
218000243,16,0,16
218000244,1,1,0
218000245,1,2,-1
218000246,0,0,0
218000247,0,0,0
218000248,1,36,-35
218000249,0,7,-7
218000250,1,3,-2
218000251,0,12,-12
218000252,0,33,-33
218000253,0,13,-13
218000254,0,19,-19
218000255,0,15,-15
218000256,3,51,-48
218000267,781,1292,-511
218000268,4,68,-64
218000269,0,13,-13
218000270,46,93,-47
218000271,16,95,-79
218000273,13,12,1
218000274,5,10,-5
218000275,23,38,-15
218000276,4,58,-54
218000278,21,23,-2
218000279,19,84,-65
218000280,1,40,-39
218000281,26,8,18
218000282,372,129,243
218000284,108,13,95
218000301,19,115,-96
218000302,66,36,30
218000303,10,60,-50
218000316,700,1341,-641
218000317,431,1263,-832
218000318,201,1310,-1109
218000319,596,1638,-1042
218000320,473,720,-247
218000338,11,27,-16
218000345,114,81,33
218000346,37,146,-109
218000459,70,255,-185
218000490,13,29,-16
218000501,16,16,0
218000502,12,148,-136
218000503,20,21,-1
218000504,83,10,73
218000505,24,221,-197
218000506,29,173,-144
218000508,1,1,0
218000510,178,8,170
218000520,76,108,-32
218000521,4,60,-56
218000522,2,106,-104
218000523,23,0,23
218000524,41,95,-54
218000525,27,15,12
218000526,54,90,-36
218000529,16,227,-211
218000530,3,1,2
218000531,0,17,-17
218000532,19,38,-19
218000534,39,19,20
218000537,4,51,-47
218000538,57,137,-80
218000540,211,69,142
218000543,59,40,19
218000544,63,155,-92
218000545,22,47,-25
218000546,30,148,-118
218000547,56,92,-36
218000548,81,206,-125
218000549,496,89,407
218000550,484,625,-141
218000551,305,181,124
218000552,819,31,788
218000553,13,59,-46
218000554,22,18,4
218000555,16,55,-39
218000556,100,427,-327
218000557,156,160,-4
218000558,49,0,49
218000559,1,12,-11
218000560,0,5,-5
218000561,13,0,13
218000562,25,156,-131
218000563,86,16,70
218000564,11,133,-122
218000565,231,21,210
218000566,214,13,201
218000567,5,53,-48
218000568,6,2,4
218000569,1,29,-28
218000570,79,1,78
218000571,0,86,-86
218000572,27,1,26
218000573,14,31,-17
218000574,163,63,100
218000575,37,2,35
218000576,0,75,-75
218000577,12,1,11
218000578,0,110,-110
218000579,20,0,20
218000581,5,83,-78
218000582,3,2,1
218000583,2,0,2
218000584,1,16,-15
218000585,4,1,3
218000586,2,44,-42
218000587,1,0,1
218000588,0,1,-1
218000589,0,1,-1
218000590,0,1,-1
218000591,0,8,-8
218000592,0,0,0
218000593,1,0,1
218000594,0,0,0
218000597,0,0,0
218000598,0,0,0
218000599,0,0,0
218000600,0,0,0
218000601,0,0,0
218000602,0,0,0
218000603,0,3,-3
218000604,3,0,3
218000605,0,15,-15
218000606,12,1,11
218000607,11,21,-10
218000608,7,3,4
218000609,3,37,-34
218000610,18,1,17
218000611,4,0,4
218000612,2,55,-53
218000613,7,0,7
218000614,0,62,-62
218000615,18,2,16
218000616,3,153,-150
218000617,5,1,4
218000618,1,19,-18
218000619,15,4,11
218000620,1,21,-20
218000621,0,1,-1
218000622,0,4,-4
218000623,4,3,1
218000624,0,4,-4
218000625,0,0,0
218000626,0,7,-7
218000628,23,31,-8
218000631,11,16,-5
218000632,0,68,-68
218000633,37,1,36
218000634,5,6,-1
218000635,3,5,-2
218000636,518,1494,-976
218000637,454,753,-299
218000638,19,59,-40
218000639,21,287,-266
218000640,86,25,61
218000641,40,393,-353
218000652,91,131,-40
218000653,72,52,20
218000663,4,105,-101
218000675,20,49,-29
218000676,2,31,-29
218000677,7,15,-8
218000680,168,510,-342
218000681,241,132,109
218000691,81,496,-415
218000693,94,113,-19
218000703,9,84,-75
218000718,976,218,758
218000719,1386,52,1334
218000720,1,19,-18
218000721,7,5,2
218000725,0,6,-6
218001147,2,189,-187
218001214,10,16,-6
218001258,16,0,16
218001329,135,124,11
218001330,141,81,60
218001351,15,5,10
218001352,3,11,-8
218001353,5,4,1
218001354,0,9,-9
218001355,18,555,-537
218001356,149,3,146
218001357,2,319,-317
218001358,115,2,113
218001361,73,6,67
218001362,1,346,-345
219000001,19,77,-58
219000002,15,84,-69
219000003,32,23,9
219000004,44,63,-19
219000017,60,22,38
219000020,41,11,30
219000022,105,4,101
219000023,67,2,65
219000029,0,115,-115
219000034,7,21,-14
219000039,25,52,-27
219000040,45,10,35
219000041,137,41,96
219000051,0,64,-64
219000052,0,34,-34
219000053,1,334,-333
219000054,30,163,-133
219000055,38,1,37
219000056,2,1,1
219000057,21,0,21
219000062,6,253,-247
219000063,27,10,17
219000064,5,51,-46
219000110,209,41,168
219000111,89,29,60
219000112,169,70,99
219000113,93,44,49
219000114,522,22,500
219000116,48,43,5
219000117,160,145,15
219000118,45,62,-17
219000123,230,111,119
219000124,51,44,7
219000125,5,20,-15
219000126,55,95,-40
219000127,0,5,-5
219000128,33,97,-64
219000129,29,103,-74
219000130,1272,664,608
219000131,1096,805,291
219000133,41,23,18
219000134,3,19,-16
219000135,34,27,7
219000136,130,153,-23
219000138,63,12,51
219000139,22,67,-45
219000140,7,0,7
219000141,10,137,-127
219000142,12,115,-103
219000143,7,135,-128
219000145,13,46,-33
219000146,15,69,-54
219000147,2,54,-52
219000148,1,98,-97
219000149,35,280,-245
219000150,2,151,-149
219000151,3,109,-106
219000157,223,178,45
219000158,83,254,-171
219000161,102,10,92
219000163,1674,418,1256
219000166,46,179,-133
219000167,49,274,-225
219000168,555,80,475
219000174,180,103,77
219000175,34,2,32
219000176,23,2,21
219000177,11,1,10
219000178,14,4,10
219000179,5,6,-1
219000180,29,30,-1
219000182,76,14,62
219000183,14,38,-24
219000184,27,2,25
219000185,0,146,-146
219000186,12,61,-49
219000187,25,188,-163
219000189,142,127,15
219000190,116,136,-20
219000191,1747,657,1090
219000192,110,111,-1
219000193,574,171,403
219000195,0,80,-80
219000196,3,118,-115
219000198,30,251,-221
219000199,93,230,-137
219000200,42,264,-222
219000201,84,294,-210
219000203,15,127,-112
219000204,99,156,-57
219000205,72,217,-145
219000207,341,228,113
219000209,22,80,-58
219000210,14,107,-93
219000213,5,289,-284
219000239,176,284,-108
219000240,152,385,-233
219000241,70,244,-174
219000242,173,228,-55
219000243,60,293,-233
219000244,3,108,-105
219000245,8,41,-33
219000246,14,14,0
219000247,40,34,6
219000248,329,178,151
219000249,216,52,164
219000250,62,56,6
219000251,356,106,250
219000252,99,85,14
219000253,72,21,51
219000255,43,64,-21
219000256,64,47,17
219000257,28,0,28
219000262,101,279,-178
219000263,34,256,-222
219000267,2,156,-154
219000268,4,7,-3
219000269,4,1,3
219000270,3,0,3
219000271,31,0,31
219000278,0,14,-14
219000279,0,2,-2
219000283,0,10,-10
219000295,14,133,-119
219000296,60,654,-594
219000297,17,234,-217
219000298,16,298,-282
219000299,417,52,365
219000300,21,442,-421
219000301,171,341,-170
219000302,35,176,-141
219000307,8,86,-78
219000308,39,23,16
219000311,75,39,36
219000312,223,51,172
219000313,97,26,71
219000314,99,685,-586
219000315,86,36,50
219000316,203,12,191
219000317,61,9,52
219000320,2,52,-50
219000321,0,13,-13
219000323,4,103,-99
219000325,3,45,-42
219000326,48,117,-69
219000327,57,43,14
219000328,21,80,-59
219000329,289,93,196
219000330,37,23,14
219000331,19,44,-25
219000332,33,54,-21
219000333,3,4,-1
219000335,59,1,58
219000337,2,0,2
219000338,37,1,36
219000344,14,113,-99
219000345,123,156,-33
219000346,31,234,-203
219000348,72,184,-112
219000349,24,285,-261
219000350,42,65,-23
219000351,2,2,0
219000352,195,67,128
219000353,77,54,23
219000354,90,120,-30
219000355,94,49,45
219000356,1746,267,1479
219000363,241,28,213
219000364,44,24,20
219000365,61,6,55
219000366,237,94,143
219000368,426,384,42
219000370,946,149,797
219000371,10,12,-2
219000382,5,13,-8
219000383,791,504,287
219000385,630,355,275
219000386,1176,1057,119
219000387,0,9,-9
219000390,2,0,2
219000391,3,0,3
219000397,84,130,-46
219000398,78,40,38
219000401,3,116,-113
219000402,7,95,-88
219000403,37,154,-117
219000404,17,91,-74
219000407,0,19,-19
219000409,18,31,-13
219000410,12,13,-1
219000411,14,14,0
219000446,291,388,-97
219000447,0,13,-13
219000448,9,1,8
219000452,76,30,46
219000453,54,116,-62
219000454,200,177,23
219000556,79,67,12
219000558,57,336,-279
219000590,14,203,-189
219000591,19,63,-44
219000592,97,413,-316
219000595,2,37,-35
219000635,40,28,12
219000636,17,173,-156
219000657,13,24,-11
219000658,9,27,-18
219000673,0,14,-14
219000676,2,3,-1
219000679,4,6,-2
219000684,38,1,37
219000685,0,102,-102
219000686,6,1,5
219000688,1,157,-156
219000689,87,198,-111
219000690,171,16,155
219000691,65,108,-43
219000692,77,35,42
219000693,0,31,-31
219000694,3,0,3
219000695,4,2,2
219000698,1,0,1
219000699,0,7,-7
219000727,0,184,-184
219000728,27,1,26
219000770,14,1,13
219000771,0,45,-45
219000788,266,145,121
219001150,0,5,-5
219001151,1,3,-2
219001166,16,1,15
219001167,1,56,-55
219001178,13,0,13
220000001,7,48,-41
220000002,14,200,-186
220000003,297,367,-70
220000004,608,744,-136
220000005,1806,1548,258
220000006,109,905,-796
220000007,240,969,-729
220000008,180,1343,-1163
220000009,98,633,-535
220000010,59,111,-52
220000011,535,1432,-897
220000012,38,122,-84
220000014,14,47,-33
220000015,7,189,-182
220000017,14,345,-331
220000018,4977,649,4328
220000019,29,260,-231
220000020,79,249,-170
220000021,343,221,122
220000022,341,550,-209
220000023,114,145,-31
220000024,1592,235,1357
220000025,1317,369,948
220000026,204,125,79
220000027,7,66,-59
220000028,18,32,-14
220000029,49,154,-105
220000030,75,89,-14
220000031,156,322,-166
220000064,13,1127,-1114
221000046,4,0,4
221000047,0,0,0
221000048,0,14,-14
221000049,0,15,-15
221000050,8,0,8
221000055,37,55,-18
221000057,58,8,50
221000068,300,78,222
221000069,211,35,176
221000070,112,24,88
221000071,37,6,31
221000072,114,11,103
221000073,119,53,66
221000074,1,16,-15
221000075,21,7,14
221000076,10,53,-43
221000077,44,97,-53
221000081,10,5,5
221000082,27,1,26
221000083,19,2,17
221000084,1,1,0
221000085,13,73,-60
221000086,8,205,-197
221000087,4,211,-207
221000088,25,198,-173
221000089,38,228,-190
221000090,145,450,-305
221000098,102,9,93
221000099,93,11,82
221000100,48,3,45
221000101,330,9,321
221000102,120,14,106
221000109,2,116,-114
221000110,9,186,-177
221000111,17,183,-166
221000112,7,121,-114
221000113,19,209,-190
221000114,12,170,-158
221000120,3,25,-22
221000121,2,14,-12
221000122,5,12,-7
221000123,9,27,-18
221000124,22,339,-317
221000155,71,5,66
221000156,33,20,13
221000175,1,3,-2
221000176,0,1,-1
221000182,23,0,23
221000241,577,183,394
221000242,313,258,55
221000243,379,93,286
221000244,221,327,-106
221000245,48,109,-61
221000246,14,217,-203
221000247,30,182,-152
221000248,33,207,-174
221000267,40,650,-610
221000325,66,34,32
221000331,3,85,-82
221000338,4,15,-11
221000378,87,24,63
221000381,104,102,2
222000282,1,0,1
222000296,0,8,-8
222000568,176,14,162
222000569,67,18,49
222000570,75,3,72
222000571,53,1,52
222000577,6,223,-217
222000578,12,188,-176
222000579,26,115,-89
222000580,105,802,-697
222000599,0,154,-154
222000600,2,286,-284
222000601,8,887,-879
222000603,3,10,-7
222000604,8,21,-13
222000605,9,12,-3
222000606,1,12,-11
222000607,0,4,-4
222000608,4,18,-14
222000609,40,381,-341
222000616,53,50,3
222000617,2,10,-8
222000618,0,2,-2
222000620,16,4,12
222000621,22,7,15
222000623,373,5,368
222000624,158,4,154
222000625,244,46,198
222000636,25,1,24
222000686,1,5,-4
222000687,11,26,-15
222001066,183,1,182
222001067,5,5,0
222001068,9,36,-27
222001069,12,40,-28
222001082,2,73,-71
222001083,7,79,-72
222001084,0,61,-61
222001085,1,154,-153
222001111,4,278,-274
222001112,19,27,-8
222001313,4,3,1
222001314,5,64,-59
222001464,17,45,-28
222001465,6,124,-118
222001484,43,71,-28
222001485,10,91,-81
222001494,109,124,-15
222001495,91,515,-424
222001496,105,50,55
222001497,115,675,-560
222001502,24,137,-113
222001503,10,5,5
222001504,14,282,-268
222001505,20,3,17
222001506,23,245,-222
222001507,52,7,45
222001510,54,7,47
222001511,42,410,-368
222001514,235,31,204
222001515,216,698,-482
222001518,15,6,9
222001519,47,431,-384
222001527,23,5,18
222001528,78,160,-82
222001529,20,13,7
222001530,23,272,-249
222001533,140,460,-320
222001534,14,7,7
222001535,60,73,-13
222001536,71,447,-376
222001537,130,6,124
222001538,53,476,-423
222001563,70,21,49
222001564,29,873,-844
222001568,108,75,33
222001576,0,0,0
222001579,0,5,-5
222001583,11,329,-318
222001584,35,25,10
222001596,370,1431,-1061
222001597,564,149,415
222001626,2,200,-198
222001650,62,41,21
222001651,66,134,-68
222001914,69,13,56
222001915,83,238,-155
222001968,417,148,269
222001969,452,802,-350
222001970,53,157,-104
222001971,4,23,-19
222001972,0,29,-29
225000001,280,61,219
225000002,205,43,162
225000003,208,53,155
225000004,152,167,-15
225000005,12,49,-37
225000006,0,124,-124
225000007,3111,901,2210
225000010,38,4,34
225000011,389,478,-89
225000012,67,250,-183
225000013,19,126,-107
225000014,370,19,351
225000015,81,240,-159
225000021,346,95,251
225000027,225,496,-271
225000032,498,47,451
225000042,65,709,-644
225000049,22,56,-34
225000050,25,8,17
225000053,2,140,-138
225000058,250,78,172
225000067,84,209,-125
225000068,68,528,-460
225000069,217,471,-254
225000070,46,478,-432
225000071,19,297,-278
225000075,24,772,-748
225000076,92,95,-3
225000078,28,14,14
225000085,14,77,-63
225000086,38,29,9
225000087,107,15,92
225000088,4,131,-127
225000089,377,442,-65
225000090,25,348,-323
225000091,38,250,-212
225000092,6,59,-53
225000093,98,403,-305
225000094,12,452,-440
225000095,259,593,-334
225000096,59,380,-321
225000098,216,104,112
225000099,150,68,82
225000100,79,73,6
225000104,27,387,-360
225000110,10,473,-463
225000111,158,1091,-933
225000112,192,915,-723
225000113,81,586,-505
225000114,29,282,-253
225000115,2683,445,2238
225000116,1008,68,940
225000117,432,214,218
225000118,354,102,252
225000119,67,31,36
225000120,247,29,218
225000121,165,11,154
225000123,508,5,503
225000125,105,211,-106
225000126,726,183,543
225000127,941,397,544
225000128,260,302,-42
225000132,104,23,81
225000133,152,11,141
225000134,387,57,330
225000135,18,4,14
225000136,46,5,41
225000137,32,38,-6
225000138,201,6,195
225000143,85,158,-73
225000144,1,300,-299
225000145,12,25,-13
225000146,15,108,-93
225000147,5,339,-334
225000148,0,204,-204
225000149,44,414,-370
225000151,18,286,-268
225000155,129,271,-142
225000156,95,528,-433
225000157,78,349,-271
225000158,33,327,-294
225000171,1,181,-180
225000180,2,1,1
225000181,0,54,-54
225000182,15,4,11
225000185,16,207,-191
225000187,68,386,-318
225000191,6,0,6
225000194,0,5,-5
225000208,1,62,-61
225000209,15,25,-10
225000210,0,163,-163
225000217,0,13,-13
225000218,3,1,2
225000223,0,50,-50
225000224,26,0,26
225000225,0,10,-10
225000226,10,1,9
225000227,24,69,-45
225000228,9,1,8
225000229,0,71,-71
225000230,0,0,0
225000231,1,95,-94
225000232,49,0,49
225000241,28,0,28
225000242,0,45,-45
225000249,1,0,1
225000250,27,820,-793
225000251,147,17,130
225000254,0,0,0
225000256,3,1,2
225000257,0,4,-4
226000042,307,392,-85
226000043,83,253,-170
226000044,64,696,-632
226000045,45,409,-364
226000046,145,29,116
226000047,209,46,163
226000048,198,29,169
226000049,110,59,51
226000070,0,74,-74
226000071,0,72,-72
226000072,0,6,-6
226000073,0,5,-5
226000074,0,7,-7
226000084,3,39,-36
226000085,1,6,-5
226000086,1,6,-5
226000087,0,3,-3
226000088,64,4,60
226000090,106,8,98
226000091,12,4,8
226000092,0,1,-1
226000093,3,0,3
226000094,5,1,4
226000095,7,0,7
226000105,0,0,0
226000106,1,0,1
226000107,2,0,2
226000108,9,0,9
226000109,18,0,18
226000124,90,44,46
226000134,256,297,-41
226000135,536,392,144
226000136,119,210,-91
226000137,6,436,-430
226000138,13,262,-249
226000139,0,15,-15
226000156,30,2,28
226000157,83,8,75
226000163,27,20,7
226000202,3,442,-439
226000231,92,4,88
226000232,13,2,11
227000033,216,55,161
227000036,126,16,110
227000037,104,17,87
227000038,76,12,64
227000084,1,39,-38
227000085,0,27,-27
227000088,30,2,28
227000089,55,0,55
227000090,21,1,20
227000091,7,1,6
227000092,14,0,14
227000093,16,0,16
227000094,3,0,3
227000130,12,62,-50
227000131,12,298,-286
227000132,26,287,-261
227000133,9,328,-319
227000134,8,557,-549
227000152,0,2,-2
227000153,0,51,-51
227000154,0,18,-18
227000155,1,21,-20
227000156,0,21,-21
227000165,0,26,-26
227000196,93,399,-306
227000199,80,605,-525
227000230,23,502,-479
227000232,178,14,164
227000242,83,482,-399
227000243,470,32,438
227000245,16,433,-417
227000246,82,509,-427
227000247,162,67,95
227000248,75,25,50
227000249,22,297,-275
227000250,284,168,116
227000251,168,283,-115
227000252,18,461,-443
227000253,52,21,31
227000262,225,12,213
227000266,324,15,309
227000267,48,2607,-2559
227000282,3,304,-301
227000284,104,13,91
227000286,3,135,-132
227000287,12,259,-247
227000291,38,670,-632
227000296,573,226,347
227000484,485,10,475
227000485,33,566,-533
227000655,37,28,9
227000656,565,24,541
227000657,35,20,15
227000661,147,11,136
227000680,28,15,13
229000265,15,11,4
229000296,1,14,-13
229000297,0,26,-26
229000298,8,64,-56
229000320,2,1,1
229000321,2,0,2
229000412,14,29,-15
229000414,2,46,-44
229000415,0,0,0
229000416,0,0,0
229000417,0,10,-10
229000419,38,200,-162
229000440,101,29,72
229000442,7,0,7
229000443,0,2,-2
229000444,0,14,-14
229000445,14,8,6
229000446,26,5,21
229000491,1,32,-31
229000492,8,198,-190
229000493,3,119,-116
229000494,18,3,15
229000495,100,17,83
229000496,16,8,8
229000507,0,16,-16
229000508,1,22,-21
229000509,0,67,-67
229000510,1,20,-19
229000511,1,51,-50
229000512,0,37,-37
229000513,0,9,-9
229000514,0,5,-5
229000517,1,9,-8
229000518,4,28,-24
229000519,1,15,-14
229000520,4,39,-35
229000521,14,24,-10
229000522,0,9,-9
229000523,4,10,-6
229000524,1,13,-12
229000527,0,0,0
229000528,0,0,0
229000529,1,1,0
229000530,46,5,41
229000531,9,3,6
229000532,15,5,10
229000533,66,3,63
229000534,32,1,31
229000564,19,0,19
229000565,2,0,2
229000566,0,27,-27
229000567,0,69,-69
229000582,111,2,109
229000583,4,1,3
229000584,1,33,-32
229000585,7,37,-30
229000718,0,3,-3
229000719,0,1,-1
229000720,0,11,-11
229000721,0,15,-15
229000722,0,29,-29
229000723,0,13,-13
229000724,0,1,-1
229000725,0,3,-3
229000738,1,0,1
229000739,0,0,0
229000740,1,0,1
229000741,6,1,5
229000742,1,0,1
229000743,9,0,9
229000744,4,0,4
229000745,0,0,0
229000746,14,2,12
229000847,4,0,4
229000848,6,0,6
229000849,27,0,27
229000851,11,0,11
229000854,0,61,-61
229000856,2,128,-126
229000857,0,51,-51
229000858,0,113,-113
229000919,13,133,-120
229000930,3,124,-121
229000937,67,16,51
229000966,46,32,14
229000981,9,73,-64
229000985,3,25,-22
229000986,0,2,-2
229000987,0,0,0
229000988,0,1,-1
229000989,1,2,-1
229000990,0,0,0
229000991,0,0,0
229000992,0,2,-2
229000993,83,5,78
229000998,15,26,-11
229000999,45,4,41
229001034,1,8,-7
229001035,1,2,-1
229001037,9,8,1
229001042,2,4,-2
229001047,0,19,-19
229001050,13,19,-6
229001168,0,8,-8
229001200,0,1,-1
229001338,0,10,-10
229001394,271,1,270
229001422,75,32,43
229001423,25,188,-163
229001431,48,43,5
229001432,53,64,-11
229001444,66,25,41
229001445,21,114,-93
229001479,0,8,-8
229001503,99,100,-1
229001504,68,200,-132
229001505,63,52,11
229001506,24,179,-155
229001509,23,18,5
229001545,25,3,22
229001546,13,140,-127
229001553,31,11,20
229001554,10,106,-96
229001559,0,18,-18
229001560,2,13,-11
229001630,31,1,30
229001631,2,19,-17
229001635,0,4,-4
229001636,0,0,0
229001658,3,93,-90
229001659,164,6,158
229001660,0,1,-1
229001661,0,31,-31
229001662,10,1,9
229001663,0,16,-16
229002584,102,70,32
229002831,67,65,2
229002841,1,39,-38
229002842,3,7,-4
229002843,8,20,-12
229002844,8,61,-53
229002845,0,73,-73
229002846,1,3,-2
229002847,0,16,-16
229002848,1,1,0
229002849,0,52,-52
229002850,2,3,-1
229002851,15,67,-52
229002852,12,19,-7
229002853,20,15,5
229002854,3,54,-51
229002855,3,62,-59
229002856,17,6,11
229002857,2,48,-46
229002858,0,5,-5
229002859,7,29,-22
229002860,10,0,10
229002861,8,13,-5
229002862,3,48,-45
229002863,4,16,-12
229002864,8,21,-13
229002865,0,8,-8
229002866,0,12,-12
229002867,2,7,-5
229002868,0,2,-2
229002869,4,89,-85
229002870,2,10,-8
235000066,188,79,109
235000067,86,144,-58
235000072,21,46,-25
235000073,92,209,-117
235000074,14,99,-85
235000080,4,65,-61
235000081,49,213,-164
235000082,31,53,-22
235000083,63,65,-2
235000084,5,50,-45
235000085,27,47,-20
235000089,3,52,-49
235000092,6,98,-92
235000093,3,3,0
235000097,1,8,-7
235000098,34,27,7
235000099,9,25,-16
235000116,37,33,4
235000117,649,6,643
235000133,16,243,-227
235000134,11,50,-39
235000206,3,1,2
235000207,5,3,2
235000208,0,0,0
235000209,0,2,-2
235000210,3,2,1
235000212,0,15,-15
235000213,0,1,-1
235000220,0,4,-4
235000221,9,11,-2
235000238,0,9,-9
235000239,0,3,-3
235000242,116,178,-62
235000245,1356,215,1141
235000246,2,54,-52
235000284,1,68,-67
235000295,21,0,21
235000305,24,1,23
235000306,8,0,8
235000307,2,0,2
235000308,1,0,1
235000309,10,0,10
235000310,3,0,3
235000311,16,3,13
235000322,0,34,-34
235000323,0,45,-45
235000324,0,20,-20
235000325,2,13,-11
235000326,8,329,-321
235000351,7,69,-62
235000352,30,41,-11
235000353,0,32,-32
235000354,3,46,-43
235000355,1,74,-73
235000356,7,2,5
235000357,3,5,-2
235000358,5,1,4
235000359,1,0,1
235000360,22,3,19
235000361,10,1,9
235000381,31,375,-344
235000382,58,35,23
235000390,2,3,-1
235000391,66,29,37
235000392,45,119,-74
235000393,80,64,16
235000395,51,26,25
235000396,194,36,158
235000400,42,22,20
235000401,17,193,-176
235000405,56,559,-503
235000406,18,426,-408
235000407,53,189,-136
235000409,191,193,-2
235000410,33,200,-167
235000411,0,88,-88
235000485,0,18,-18
235000486,3,0,3
235000549,31,43,-12
235000550,25,209,-184
235000599,53,121,-68
235000600,4,2,2
235000601,12,26,-14
235000602,36,120,-84
235000614,0,1,-1
235000648,0,21,-21
235000649,18,2,16
235000685,0,1,-1
235000815,1,18,-17
235000834,0,4,-4
235000855,20,31,-11
235000862,21,208,-187
235000891,0,6,-6
235000892,4,3,1
235000901,71,122,-51
235000907,2,7,-5
235001010,32,57,-25
235001029,740,370,370
235001030,402,128,274
235001078,97,67,30
235001079,63,172,-109
235001147,18,38,-20
235001166,4,61,-57
235001167,1,85,-84
235001169,14,268,-254
235001188,1,6,-5
235001189,0,2,-2
235001197,2,13,-11
235001200,40,25,15
235001207,86,18,68
235001210,39,140,-101
235001215,48,114,-66
235001239,0,33,-33
235001244,0,3,-3
235016267,0,18,-18
277101746,0,4,-4
277102712,2,0,2
277103813,0,0,0
277103814,0,0,0
277103898,0,5,-5
277104249,0,16,-16
277104250,0,0,0
277104251,0,10,-10
277104252,0,1,-1
990011530,1,254,-253
990014944,4,597,-593
990015176,8,6,2
990015618,1,103,-102
990016032,1,351,-350
990032570,1,46,-45
990070001,23,1,22
990070103,0,3,-3
990070601,0,51,-51
990070751,194,58,136
990070766,2,1054,-1052
990071180,188,140,48
990071343,13,0,13
990071387,0,6,-6
990071823,141,0,141
990072600,1,508,-507
990072964,1,566,-565
990073285,0,8,-8
990074393,3,1148,-1145
990074870,248,45,203
990075106,150,2,148
990075746,77,1,76
990076437,193,2,191
990076458,1,1470,-1469
997000007,54,3,51
997000041,0,151,-151
997000058,4,0,4
997000062,8,0,8
997000069,0,4,-4
997000070,0,45,-45
997000100,3,1,2
997000141,2,236,-234
997000198,443,113,330
998000475,0,20,-20
998000736,1,302,-301
998000965,0,4,-4
998001031,0,54,-54
998001700,0,25,-25
998001899,0,0,0
998001900,8,22,-14
998003073,257,2,255
998101900,0,0,0
998102850,1,97,-96
998501927,137,209,-72
998501929,92,17,75
998501930,54,0,54
998501931,27,4,23
998501932,18,13,5
998501933,15,2,13
998501937,2,2,0
998501944,0,0,0
998501950,0,39,-39
998501970,7,1,6
998501971,0,55,-55
998501973,1,87,-86
998501974,0,260,-260
998501975,63,1,62
998501976,26,0,26
998501977,0,19,-19
998501978,23,1,22
998501979,0,11,-11
998501980,125,2,123
998501981,15,4,11
998501982,1,70,-69
998501983,0,29,-29
998502006,0,0,0
998502024,0,2,-2
998502032,0,4,-4
998502062,10,1,9
998502063,0,0,0
998502173,10,0,10
998502269,0,0,0
998502546,0,84,-84
998502578,0,0,0
998601159,2,435,-433
998601292,0,9,-9
999033574,1,693,-692
999800001,10,0,10
999800002,0,2,-2
999800003,1,1,0
999800004,0,12,-12
999800005,0,1,-1
